,0,1,2,3,4,5,6,7,8,9,10,11,12,13,14,15,16,17,18,19,20,21,22,23,24,25,26,27,28,29,30,31,32,33,34,35,36,37,38,39,40,41,42,43,44,45,46,47,48,49,50,51,52,53,54,55,56,57,58,59,60,61,62,63,64,65,66,67,68,69,70,71,72,73,74,75,76,77,78,79,80,81,82,83,84,85,86,87,88,89,90,91,92,93,94,95,96,97,98,99,100,101,102,103,104,105,106,107,108,109,110,111,112,113,114,115,116,117,118,119,120,121,122,123,124,125,126,127,128,129,130,131,132,133,134,135,136,137,138,139,140,141,142,143,144,145,146,147,148,149,150,151,152,153,154,155,156,157,158,159,160,161,162,163,164,165,166,167,168,169,170,171,172,173,174,175,176,177,178,179,180,181,182,183,184,185,186,187,188,189,190,191,192,193,194,195,196,197,198,199,200,201,202,203,204,205,206,207,208,209,210,211,212,213,214,215,216,217,218,219,220,221,222,223,224,225,226,227,228,229,230,231,232,233,234,235,236,237,238,239,240,241,242,243,244,245,246,247,248,249,250,251,252,253,254,255,256,257,258,259,260,261,262,263,264,265,266,267,268,269,270,271,272,273,274,275,276,277,278,279,280,281,282,283,284,285,286,287,288,289,290,291,292,293,294,295,296,297,298,299,300,301,302,303,304,305,306,307,308,309,310,311,312,313,314,315,316,317,318,319,320,321,322,323,324,325,326,327,328,329,330,331,332,333,334,335,336,337,338,339,340,341,342,343,344,345,346,347,348,349,350,351,352,353,354,355,356,357,358,359,360,361,362,363,364,365,366,367,368,369,370,371,372,373,374,375,376,377,378,379,380,381,382,383,384,385,386,387,388,389,390,391,392,393,394,395,396,397,398,399,400,401,402,403,404,405,406,407,408,409,410,411,412,413,414,415,416,417,418,419,420,421,422,423,424,425,426,427,428,429,430,431,432,433,434,435,436,437,438,439,440,441,442,443,444,445,446,447,448,449,450,451,452,453,454,455,456,457,458,459,460,461,462,463,464,465,466,467,468,469,470,471,472,473,474,475,476,477,478,479,480,481,482,483,484,485,486,487,488,489,490,491,492,493,494,495,496,497,498,499,500,501,502,503,504,505,506,507,508,509,510,511,512,513,514,515,516,517,518,519,520,521,522,523,524,525,526,527,528,529,530,531,532,533,534,535,536,537,538,539,540,541,542,543,544,545,546,547,548,549,550,551,552,553,554,555,556,557,558,559,560,561,562,563,564,565,566,567,568,569,570,571,572,573,574,575,576,577,578,579,580,581,582,583,584,585,586,587,588,589,590,591,592,593,594,595,596,597,598,599,600,601,602,603,604,605,606,607,608,609,610,611,612,613,614,615,616,617,618,619,620,621,622,623,624,625,626,627,628,629,630,631,632,633,634,635,636,637,638,639,640,641,642,643,644,645,646,647,648,649,650,651,652,653,654,655,656,657,658,659,660,661,662,663,664,665,666,667,668,669,670,671,672,673,674,675,676,677,678,679,680,681,682,683,684,685,686,687,688,689,690,691,692,693,694,695,696,697,698,699,700,701,702,703,704,705,706,707,708,709,710,711,712,713,714,715,716,717,718,719,720,721,722,723,724,725,726,727,728,729,730,731,732,733,734,735,736,737,738,739,740,741,742,743,744,745,746,747,748,749,750,751,752,753,754,755,756,757,758,759,760,761,762,763,764,765,766,767,768,769,770,771,772,773,774,775,776,777,778,779,780,781,782,783,784,785,786,787,788,789,790,791,792,793,794,795,796,797,798,799,800,801,802,803,804,805,806,807,808,809,810,811,812,813,814,815,816,817,818,819,820,821,822,823,824,825,826,827,828,829,830,831,832,833,834,835,836,837,838,839,840,841,842,843,844,845,846,847,848,849,850,851,852,853,854,855,856,857,858,859,860,861,862,863,864,865,866,867,868,869,870,871,872,873,874,875,876,877,878,879,880,881,882,883,884,885,886,887,888,889,890,891,892,893,894,895,896,897,898,899,900,901,902,903,904,905,906,907,908,909,910,911,912,913,914,915,916,917,918,919,920,921,922,923,924,925,926,927,928,929,930,931,932,933,934,935,936,937,938,939,940,941,942,943,944,945,946,947,948,949,950,951,952,953,954,955,956,957,958,959,960,961,962,963,964,965,966,967,968,969,970,971,972,973,974,975,976,977,978,979,980,981,982,983,984,985,986,987,988,989,990,991,992,993,994,995,996,997,998,999,1000,1001,1002,1003,1004,1005,1006,1007,1008,1009,1010,1011,1012,1013,1014,1015,1016,1017,1018,1019,1020,1021,1022,1023,1024,1025,1026,1027,1028,1029,1030,1031,1032,1033,1034,1035,1036,1037,1038,1039,1040,1041,1042,1043,1044,1045,1046,1047,1048,1049,1050,1051,1052,1053,1054,1055,1056,1057,1058,1059,1060,1061,1062,1063,1064,1065,1066,1067,1068,1069,1070,1071,1072,1073,1074,1075,1076,1077,1078,1079,1080,1081,1082,1083,1084,1085,1086,1087,1088,1089,1090,1091,1092,1093,1094,1095,1096,1097,1098,1099,1100,1101,1102,1103,1104,1105,1106,1107,1108,1109,1110,1111,1112,1113,1114,1115,1116,1117,1118,1119,1120,1121,1122,1123,1124,1125,1126,1127,1128,1129,1130,1131,1132,1133,1134,1135,1136,1137,1138,1139,1140,1141,1142,1143,1144,1145,1146,1147,1148,1149,1150,1151,1152,1153,1154,1155,1156,1157,1158,1159,1160,1161,1162,1163,1164,1165,1166,1167,1168,1169,1170,1171,1172,1173,1174,1175,1176,1177,1178,1179,1180,1181,1182,1183,1184,1185,1186,1187,1188,1189,1190,1191,1192,1193,1194,1195,1196,1197,1198,1199,1200,1201,1202,1203,1204,1205,1206,1207,1208,1209,1210,1211,1212,1213,1214,1215,1216,1217,1218,1219,1220,1221,1222,1223,1224,1225,1226,1227,1228,1229,1230,1231,1232,1233,1234,1235,1236,1237,1238,1239,1240,1241,1242,1243,1244,1245,1246,1247,1248,1249,1250,1251,1252,1253,1254,1255,1256,1257,1258,1259,1260,1261,1262,1263,1264,1265,1266,1267,1268,1269,1270,1271,1272,1273,1274,1275,1276,1277,1278,1279,1280,1281,1282,1283,1284,1285,1286,1287,1288,1289,1290,1291,1292,1293,1294,1295,1296,1297,1298,1299,1300,1301,1302,1303,1304,1305,1306,1307,1308,1309,1310,1311,1312,1313,1314,1315,1316,1317,1318,1319,1320,1321,1322,1323,1324,1325,1326,1327,1328,1329,1330,1331,1332,1333,1334,1335,1336,1337,1338,1339,1340,1341,1342,1343,1344,1345,1346,1347,1348,1349,1350,1351,1352,1353,1354,1355,1356,1357,1358,1359,1360,1361,1362,1363,1364,1365,1366,1367,1368,1369,1370,1371,1372,1373,1374,1375,1376,1377,1378,1379,1380,1381,1382,1383,1384,1385,1386,1387,1388,1389,1390,1391,1392,1393,1394,1395,1396,1397,1398,1399,1400,1401,1402,1403,1404,1405,1406,1407,1408,1409,1410,1411,1412,1413,1414,1415,1416,1417,1418,1419,1420,1421,1422,1423,1424,1425,1426,1427,1428,1429,1430,1431,1432,1433,1434,1435,1436,1437,1438,1439,1440,1441,1442,1443,1444,1445,1446,1447,1448,1449,1450,1451,1452,1453,1454,1455,1456,1457,1458,1459,1460,1461,1462,1463,1464,1465,1466,1467,1468,1469,1470,1471,1472,1473,1474,1475,1476,1477,1478,1479,1480,1481,1482,1483,1484,1485,1486,1487,1488,1489,1490,1491,1492,1493,1494,1495,1496,1497,1498,1499,1500,1501,1502,1503,1504,1505,1506,1507,1508,1509,1510,1511,1512,1513,1514,1515,1516,1517,1518,1519,1520,1521,1522,1523,1524,1525,1526,1527,1528,1529,1530,1531,1532,1533,1534,1535,1536,1537,1538,1539,1540,1541,1542,1543,1544,1545,1546,1547,1548,1549,1550,1551,1552,1553,1554,1555,1556,1557,1558,1559,1560,1561,1562,1563,1564,1565,1566,1567,1568,1569,1570,1571,1572,1573,1574,1575,1576,1577,1578,1579,1580,1581,1582,1583,1584,1585,1586,1587,1588,1589,1590,1591,1592,1593,1594,1595,1596,1597,1598,1599,1600,1601,1602,1603,1604,1605,1606,1607,1608,1609,1610,1611,1612,1613,1614,1615,1616,1617,1618,1619,1620,1621,1622,1623,1624,1625,1626,1627,1628,1629,1630,1631,1632,1633,1634,1635,1636,1637,1638,1639,1640,1641,1642,1643,1644,1645,1646,1647,1648,1649,1650,1651,1652,1653,1654,1655,1656,1657,1658,1659,1660,1661,1662,1663,1664,1665,1666,1667,1668,1669,1670,1671,1672,1673,1674,1675,1676,1677,1678,1679,1680,1681,1682,1683,1684,1685,1686,1687,1688,1689,1690,1691,1692,1693,1694,1695,1696,1697,1698,1699,1700,1701,1702,1703,1704,1705,1706,1707,1708,1709,1710,1711,1712,1713,1714,1715,1716,1717,1718,1719,1720,1721,1722,1723,1724,1725,1726,1727,1728,1729,1730,1731,1732,1733,1734,1735,1736,1737,1738,1739,1740,1741,1742,1743,1744,1745,1746,1747,1748,1749,1750,1751,1752,1753,1754,1755,1756,1757,1758,1759,1760,1761,1762,1763,1764,1765,1766,1767,1768,1769,1770,1771,1772,1773,1774,1775,1776,1777,1778,1779,1780,1781,1782,1783,1784,1785,1786,1787,1788,1789,1790,1791,1792,1793,1794,1795,1796,1797,1798,1799,1800,1801,1802,1803,1804,1805,1806,1807,1808,1809,1810,1811,1812,1813,1814,1815,1816,1817,1818,1819,1820,1821,1822,1823,1824,1825,1826,1827,1828,1829,1830,1831,1832,1833,1834,1835,1836,1837,1838,1839,1840,1841,1842,1843,1844,1845,1846,1847,1848,1849,1850,1851,1852,1853,1854,1855,1856,1857,1858,1859,1860,1861,1862,1863,1864,1865,1866,1867,1868,1869,1870,1871,1872,1873,1874,1875,1876,1877,1878,1879,1880,1881,1882,1883,1884,1885,1886,1887,1888,1889,1890,1891,1892,1893,1894,1895,1896,1897,1898,1899,1900,1901,1902,1903,1904,1905,1906,1907,1908,1909,1910,1911,1912,1913,1914,1915,1916,1917,1918,1919,1920,1921,1922,1923,1924,1925,1926,1927,1928,1929,1930,1931,1932,1933,1934,1935,1936,1937,1938,1939,1940,1941,1942,1943,1944,1945,1946,1947,1948,1949,1950,1951,1952,1953,1954,1955,1956,1957,1958,1959,1960,1961,1962,1963,1964,1965,1966,1967,1968,1969,1970,1971,1972,1973,1974,1975,1976,1977,1978,1979,1980,1981,1982,1983,1984,1985,1986,1987,1988,1989,1990,1991,1992,1993,1994,1995,1996,1997,1998,1999,2000,2001,2002,2003,2004,2005,2006,2007,2008,2009,2010,2011,2012,2013,2014,2015,2016,2017,2018,2019,2020,2021,2022,2023,2024,2025,2026,2027,2028,2029,2030,2031,2032,2033,2034,2035,2036,2037,2038,2039,2040,2041,2042,2043,2044,2045,2046,2047,2048,2049,2050,2051,2052,2053,2054,2055,2056,2057,2058,2059,2060,2061,2062,2063,2064,2065,2066,2067,2068,2069,2070,2071,2072,2073,2074,2075,2076,2077,2078,2079,2080,2081,2082,2083,2084,2085,2086,2087,2088,2089,2090,2091,2092,2093,2094,2095,2096,2097,2098,2099,2100,2101,2102,2103,2104,2105,2106,2107,2108,2109,2110,2111,2112,2113,2114,2115,2116,2117,2118,2119,2120,2121,2122,2123,2124,2125,2126,2127,2128,2129,2130,2131,2132,2133,2134,2135,2136,2137,2138,2139,2140,2141,2142,2143,2144,2145,2146,2147,2148,2149,2150,2151,2152,2153,2154,2155,2156,2157,2158,2159,2160,2161,2162,2163,2164,2165,2166,2167,2168,2169,2170,2171,2172,2173,2174,2175,2176,2177,2178,2179,2180,2181,2182,2183,2184,2185,2186,2187,2188,2189,2190,2191,2192,2193,2194,2195,2196,2197,2198,2199,2200,2201,2202,2203,2204,2205,2206,2207,2208,2209,2210,2211,2212,2213,2214,2215,2216,2217,2218,2219,2220,2221,2222,2223,2224,2225,2226,2227,2228,2229,2230,2231,2232,2233,2234,2235,2236,2237,2238,2239,2240,2241,2242,2243,2244,2245,2246,2247,2248,2249,2250,2251,2252,2253,2254,2255,2256,2257,2258,2259,2260,2261,2262,2263,2264,2265,2266,2267,2268,2269,2270,2271,2272,2273,2274,2275,2276,2277,2278,2279,2280,2281,2282,2283,2284,2285,2286,2287,2288,2289,2290,2291,2292,2293,2294,2295,2296,2297,2298,2299,2300,2301,2302,2303,2304,2305,2306,2307,2308,2309,2310,2311,2312,2313,2314,2315,2316,2317,2318,2319,2320,2321,2322,2323,2324,2325,2326,2327,2328,2329,2330,2331,2332,2333,2334,2335,2336,2337,2338,2339,2340,2341,2342,2343,2344,2345,2346,2347,2348,2349,2350,2351,2352,2353,2354,2355,2356,2357,2358,2359,2360,2361,2362,2363,2364,2365,2366,2367,2368,2369,2370,2371,2372,2373,2374,2375,2376,2377,2378,2379,2380,2381,2382,2383,2384,2385,2386,2387,2388,2389,2390,2391,2392,2393,2394,2395,2396,2397,2398,2399,2400,2401,2402,2403,2404,2405,2406,2407,2408,2409,2410,2411,2412,2413,2414,2415,2416,2417,2418,2419,2420,2421,2422,2423,2424,2425,2426,2427,2428,2429,2430,2431,2432,2433,2434,2435,2436,2437,2438,2439,2440,2441,2442,2443,2444,2445,2446,2447,2448,2449,2450,2451,2452,2453,2454,2455,2456,2457,2458,2459,2460,2461,2462,2463,2464,2465,2466,2467,2468,2469,2470,2471,2472,2473,2474,2475,2476,2477,2478,2479,2480,2481,2482,2483,2484,2485,2486,2487,2488,2489,2490,2491,2492,2493,2494,2495,2496,2497,2498,2499,2500,2501,2502,2503,2504,2505,2506,2507,2508,2509,2510,2511,2512,2513,2514,2515,2516,2517,2518,2519,2520,2521,2522,2523,2524,2525,2526,2527,2528,2529,2530,2531,2532,2533,2534,2535,2536,2537,2538,2539,2540,2541,2542,2543,2544,2545,2546,2547,2548,2549,2550,2551,2552,2553,2554,2555,2556,2557,2558,2559,2560,2561,2562,2563,2564,2565,2566,2567,2568,2569,2570,2571,2572,2573,2574,2575,2576,2577,2578,2579,2580,2581,2582,2583,2584,2585,2586,2587,2588,2589,2590,2591,2592,2593,2594,2595,2596,2597,2598,2599,2600,2601,2602,2603,2604,2605,2606,2607,2608,2609,2610,2611,2612,2613,2614,2615,2616,2617,2618,2619,2620,2621,2622,2623,2624,2625,2626,2627,2628,2629,2630,2631,2632,2633,2634,2635,2636,2637,2638,2639,2640,2641,2642,2643,2644,2645,2646,2647,2648,2649,2650,2651,2652,2653,2654,2655,2656,2657,2658,2659,2660,2661,2662,2663,2664,2665,2666,2667,2668,2669,2670,2671,2672,2673,2674,2675,2676,2677,2678,2679,2680,2681,2682,2683,2684,2685,2686,2687,2688,2689,2690,2691,2692,2693,2694,2695,2696,2697,2698,2699,2700,2701,2702,2703,2704,2705,2706,2707,2708,2709,2710,2711,2712,2713,2714,2715,2716,2717,2718,2719,2720,2721,2722,2723,2724,2725,2726,2727,2728,2729,2730,2731,2732,2733,2734,2735,2736,2737,2738,2739,2740,2741,2742,2743,2744,2745,2746,2747,2748,2749,2750,2751,2752,2753,2754,2755,2756,2757,2758,2759,2760,2761,2762,2763,2764,2765,2766,2767,2768,2769,2770,2771,2772,2773,2774,2775,2776,2777,2778,2779,2780,2781,2782,2783,2784,2785,2786,2787,2788,2789,2790,2791,2792,2793,2794,2795,2796,2797,2798,2799,2800,2801,2802,2803,2804,2805,2806,2807,2808,2809,2810,2811,2812,2813,2814,2815,2816,2817,2818,2819,2820,2821,2822,2823,2824,2825,2826,2827,2828,2829,2830,2831,2832,2833,2834,2835,2836,2837,2838,2839,2840,2841,2842,2843,2844,2845,2846,2847,2848,2849,2850,2851,2852,2853,2854,2855,2856,2857,2858,2859,2860,2861,2862,2863,2864,2865,2866,2867,2868,2869,2870,2871,2872,2873,2874,2875,2876,2877,2878,2879,2880,2881,2882,2883,2884,2885,2886,2887,2888,2889,2890,2891,2892,2893,2894,2895,2896,2897,2898,2899,2900,2901,2902,2903,2904,2905,2906,2907,2908,2909,2910,2911,2912,2913,2914,2915,2916,2917,2918,2919,2920,2921,2922,2923,2924,2925,2926,2927,2928,2929,2930,2931,2932,2933,2934,2935,2936,2937,2938,2939,2940,2941,2942,2943,2944,2945,2946,2947,2948,2949,2950,2951,2952,2953,2954,2955,2956,2957,2958,2959,2960,2961,2962,2963,2964,2965,2966,2967,2968,2969,2970,2971,2972,2973,2974,2975,2976,2977,2978,2979,2980,2981,2982,2983,2984,2985,2986,2987,2988,2989,2990,2991,2992,2993,2994,2995,2996,2997,2998,2999,3000,3001,3002,3003,3004,3005,3006,3007,3008,3009,3010,3011,3012,3013,3014,3015,3016,3017,3018,3019,3020,3021,3022,3023,3024,3025,3026,3027,3028,3029,3030,3031,3032,3033,3034,3035,3036,3037,3038,3039,3040,3041,3042,3043,3044,3045,3046,3047,3048,3049,3050,3051,3052,3053,3054,3055,3056,3057,3058,3059,3060,3061,3062,3063,3064,3065,3066,3067,3068,3069,3070,3071,3072,3073,3074,3075,3076,3077,3078,3079,3080,3081,3082,3083,3084,3085,3086,3087,3088,3089,3090,3091,3092,3093,3094,3095,3096,3097,3098,3099,3100,3101,3102,3103,3104,3105,3106,3107,3108,3109,3110,3111,3112,3113,3114,3115,3116,3117,3118,3119,3120,3121,3122,3123,3124,3125,3126,3127,3128,3129,3130,3131,3132,3133,3134,3135,3136,3137,3138,3139,3140,3141,3142,3143,3144,3145,3146,3147,3148,3149,3150,3151,3152,3153,3154,3155,3156,3157,3158,3159,3160,3161,3162,3163,3164,3165,3166,3167,3168,3169,3170,3171,3172,3173,3174,3175,3176,3177,3178,3179,3180,3181,3182,3183,3184,3185,3186,3187,3188,3189,3190,3191,3192,3193,3194,3195,3196,3197,3198,3199,3200,3201,3202,3203,3204,3205,3206,3207,3208,3209,3210,3211,3212,3213,3214,3215,3216,3217,3218,3219,3220,3221,3222,3223,3224,3225,3226,3227,3228,3229,3230,3231,3232,3233,3234,3235,3236,3237,3238,3239,3240,3241,3242,3243,3244,3245,3246,3247,3248,3249,3250,3251,3252,3253,3254,3255,3256,3257,3258,3259,3260,3261,3262,3263,3264,3265,3266,3267,3268,3269,3270,3271,3272,3273,3274,3275,3276,3277,3278,3279,3280,3281,3282,3283,3284,3285,3286,3287,3288,3289,3290,3291,3292,3293,3294,3295,3296,3297,3298,3299,3300,3301,3302,3303,3304,3305,3306,3307,3308,3309,3310,3311,3312,3313,3314,3315,3316,3317,3318,3319,3320,3321,3322,3323,3324,3325,3326,3327,3328,3329,3330,3331,3332,3333,3334,3335,3336,3337,3338,3339,3340,3341,3342,3343,3344,3345,3346,3347,3348,3349,3350,3351,3352,3353,3354,3355,3356,3357,3358,3359,3360,3361,3362,3363,3364,3365,3366,3367,3368,3369,3370,3371,3372,3373,3374,3375,3376,3377,3378,3379,3380,3381,3382,3383,3384,3385,3386,3387,3388,3389,3390,3391,3392,3393,3394,3395,3396,3397,3398,3399,3400,3401,3402,3403,3404,3405,3406,3407,3408,3409,3410,3411,3412,3413,3414,3415,3416,3417,3418,3419,3420,3421,3422,3423,3424,3425,3426,3427,3428,3429,3430,3431,3432,3433,3434,3435,3436,3437,3438,3439,3440,3441,3442,3443,3444,3445,3446,3447,3448,3449,3450,3451,3452,3453,3454,3455,3456,3457,3458,3459,3460,3461,3462,3463,3464,3465,3466,3467,3468,3469,3470,3471,3472,3473,3474,3475,3476,3477,3478,3479,3480,3481,3482,3483,3484,3485,3486,3487,3488,3489,3490,3491,3492,3493,3494,3495,3496,3497,3498,3499,3500,3501,3502,3503,3504,3505,3506,3507,3508,3509,3510,3511,3512,3513,3514,3515,3516,3517,3518,3519,3520,3521,3522,3523,3524,3525,3526,3527,3528,3529,3530,3531,3532,3533,3534,3535,3536,3537,3538,3539,3540,3541,3542,3543,3544,3545,3546,3547,3548,3549,3550,3551,3552,3553,3554,3555,3556,3557,3558,3559,3560,3561,3562,3563,3564,3565,3566,3567,3568,3569,3570,3571,3572,3573,3574,3575,3576,3577,3578,3579,3580,3581,3582,3583,3584,3585,3586,3587,3588,3589,3590,3591,3592,3593,3594,3595,3596,3597,3598,3599,3600,3601,3602,3603,3604,3605,3606,3607,3608,3609,3610,3611,3612,3613,3614,3615,3616,3617,3618,3619,3620,3621,3622,3623,3624,3625,3626,3627,3628,3629,3630,3631,3632,3633,3634,3635,3636,3637,3638,3639,3640,3641,3642,3643,3644,3645,3646,3647,3648,3649,3650,3651,3652,3653,3654,3655,3656,3657,3658,3659,3660,3661,3662,3663,3664,3665,3666,3667,3668,3669,3670,3671,3672,3673,3674,3675,3676,3677,3678,3679,3680,3681,3682,3683,3684,3685,3686,3687,3688,3689,3690,3691,3692,3693,3694,3695,3696,3697,3698,3699,3700,3701,3702,3703,3704,3705,3706,3707,3708,3709,3710,3711,3712,3713,3714,3715,3716,3717,3718,3719,3720,3721,3722,3723,3724,3725,3726,3727,3728,3729,3730,3731,3732,3733,3734,3735,3736,3737,3738,3739,3740,3741,3742,3743,3744,3745,3746,3747,3748,3749,3750,3751,3752,3753,3754,3755,3756,3757,3758,3759,3760,3761,3762,3763,3764,3765,3766,3767,3768,3769,3770,3771,3772,3773,3774,3775,3776,3777,3778,3779,3780,3781,3782,3783,3784,3785,3786,3787,3788,3789,3790,3791,3792,3793,3794,3795,3796,3797,3798,3799,3800,3801,3802,3803,3804,3805,3806,3807,3808,3809,3810,3811,3812,3813,3814,3815,3816,3817,3818,3819,3820,3821,3822,3823,3824,3825,3826,3827,3828,3829,3830,3831,3832,3833,3834,3835,3836,3837,3838,3839,3840,3841,3842,3843,3844,3845,3846,3847,3848,3849,3850,3851,3852,3853,3854,3855,3856,3857,3858,3859,3860,3861,3862,3863,3864,3865,3866,3867,3868,3869,3870,3871,3872,3873,3874,3875,3876,3877,3878,3879,3880,3881,3882,3883,3884,3885,3886,3887,3888,3889,3890,3891,3892,3893,3894,3895,3896,3897,3898,3899,3900,3901,3902,3903,3904,3905,3906,3907,3908,3909,3910,3911,3912,3913,3914,3915,3916,3917,3918,3919,3920,3921,3922,3923,3924,3925,3926,3927,3928,3929,3930,3931,3932,3933,3934,3935,3936,3937,3938,3939,3940,3941,3942,3943,3944,3945,3946,3947,3948,3949,3950,3951,3952,3953,3954,3955,3956,3957,3958,3959,3960,3961,3962,3963,3964,3965,3966,3967,3968,3969,3970,3971,3972,3973,3974,3975,3976,3977,3978,3979,3980,3981,3982,3983,3984,3985,3986,3987,3988,3989,3990,3991,3992,3993,3994,3995,3996,3997,3998,3999,4000,4001,4002,4003,4004,4005,4006,4007,4008,4009,4010,4011,4012,4013,4014,4015,4016,4017,4018,4019,4020,4021,4022,4023,4024,4025,4026,4027,4028,4029,4030,4031,4032,4033,4034,4035,4036,4037,4038,4039,4040,4041,4042,4043,4044,4045,4046,4047,4048,4049,4050,4051,4052,4053,4054,4055,4056,4057,4058,4059,4060,4061,4062,4063,4064,4065,4066,4067,4068,4069,4070,4071,4072,4073,4074,4075,4076,4077,4078,4079,4080,4081,4082,4083,4084,4085,4086,4087,4088,4089,4090,4091,4092,4093,4094,4095,4096,4097,4098,4099,4100,4101,4102,4103,4104,4105,4106,4107,4108,4109,4110,4111,4112,4113,4114,4115,4116,4117,4118,4119,4120,4121,4122,4123,4124,4125,4126,4127,4128,4129,4130,4131,4132,4133,4134,4135,4136,4137,4138,4139,4140,4141,4142,4143,4144,4145,4146,4147,4148,4149,4150,4151,4152,4153,4154,4155,4156,4157,4158,4159,4160,4161,4162,4163,4164,4165,4166,4167,4168,4169,4170,4171,4172,4173,4174,4175,4176,4177,4178,4179,4180,4181,4182,4183,4184,4185,4186,4187,4188,4189,4190,4191,4192,4193,4194,4195,4196,4197,4198,4199,4200,4201,4202,4203,4204,4205,4206,4207,4208,4209,4210,4211,4212,4213,4214,4215,4216,4217,4218,4219,4220,4221,4222,4223,4224,4225,4226,4227,4228,4229,4230,4231,4232,4233,4234,4235,4236,4237,4238,4239,4240,4241,4242,4243,4244,4245,4246,4247,4248,4249,4250,4251,4252,4253,4254,4255,4256,4257,4258,4259,4260,4261,4262,4263,4264,4265,4266,4267,4268,4269,4270,4271,4272,4273,4274,4275,4276,4277,4278,4279,4280,4281,4282,4283,4284,4285,4286,4287,4288,4289,4290,4291,4292,4293,4294,4295,4296,4297,4298,4299,4300,4301,4302,4303,4304,4305,4306,4307,4308,4309,4310,4311,4312,4313,4314,4315,4316,4317,4318,4319,4320,4321,4322,4323,4324,4325,4326,4327,4328,4329,4330,4331,4332,4333,4334,4335,4336,4337,4338,4339,4340,4341,4342,4343,4344,4345,4346,4347,4348,4349,4350,4351,4352,4353,4354,4355,4356,4357,4358,4359,4360,4361,4362,4363,4364,4365,4366,4367,4368,4369,4370,4371,4372,4373,4374,4375,4376,4377,4378,4379,4380,4381,4382,4383,4384,4385,4386,4387,4388,4389,4390,4391,4392,4393,4394,4395,4396,4397,4398,4399,4400,4401,4402,4403,4404,4405,4406,4407,4408,4409,4410,4411,4412,4413,4414,4415,4416,4417,4418,4419,4420,4421,4422,4423,4424,4425,4426,4427,4428,4429,4430,4431,4432,4433,4434,4435,4436,4437,4438,4439,4440,4441,4442,4443,4444,4445,4446,4447,4448,4449,4450,4451,4452,4453,4454,4455,4456,4457,4458,4459,4460,4461,4462,4463,4464,4465,4466,4467,4468,4469,4470,4471,4472,4473,4474,4475,4476,4477,4478,4479,4480,4481,4482,4483,4484,4485,4486,4487,4488,4489,4490,4491,4492,4493,4494,4495,4496,4497,4498,4499,4500,4501,4502,4503,4504,4505,4506,4507,4508,4509,4510,4511,4512,4513,4514,4515,4516,4517,4518,4519,4520,4521,4522,4523,4524,4525,4526,4527,4528,4529,4530,4531,4532,4533,4534,4535,4536,4537,4538,4539,4540,4541,4542,4543,4544,4545,4546,4547,4548,4549,4550,4551,4552,4553,4554,4555,4556,4557,4558,4559,4560,4561,4562,4563,4564,4565,4566,4567,4568,4569,4570,4571,4572,4573,4574,4575,4576,4577,4578,4579,4580,4581,4582,4583,4584,4585,4586,4587,4588,4589,4590,4591,4592,4593,4594,4595,4596,4597,4598,4599,4600,4601,4602,4603,4604,4605,4606,4607,4608,4609,4610,4611,4612,4613,4614,4615,4616,4617,4618,4619,4620,4621,4622,4623,4624,4625,4626,4627,4628,4629,4630,4631,4632,4633,4634,4635,4636,4637,4638,4639,4640,4641,4642,4643,4644,4645,4646,4647,4648,4649,4650,4651,4652,4653,4654,4655,4656,4657,4658,4659,4660,4661,4662,4663,4664,4665,4666,4667,4668,4669,4670,4671,4672,4673,4674,4675,4676,4677,4678,4679,4680,4681,4682,4683,4684,4685,4686,4687,4688,4689,4690,4691,4692,4693,4694,4695,4696,4697,4698,4699,4700,4701,4702,4703,4704,4705,4706,4707,4708,4709,4710,4711,4712,4713,4714,4715,4716,4717,4718,4719,4720,4721,4722,4723,4724,4725,4726,4727,4728,4729,4730,4731,4732,4733,4734,4735,4736,4737,4738,4739,4740,4741,4742,4743,4744,4745,4746,4747,4748,4749,4750,4751,4752,4753,4754,4755,4756,4757,4758,4759,4760,4761,4762,4763,4764,4765,4766,4767,4768,4769,4770,4771,4772,4773,4774,4775,4776,4777,4778,4779,4780,4781,4782,4783,4784,4785,4786,4787,4788,4789,4790,4791,4792,4793,4794,4795,4796,4797,4798,4799,4800,4801,4802,4803,4804,4805,4806,4807,4808,4809,4810,4811,4812,4813,4814,4815,4816,4817,4818,4819,4820,4821,4822,4823,4824,4825,4826,4827,4828,4829,4830,4831,4832,4833,4834,4835,4836,4837,4838,4839,4840,4841,4842,4843,4844,4845,4846,4847,4848,4849,4850,4851,4852,4853,4854,4855,4856,4857,4858,4859,4860,4861,4862,4863,4864,4865,4866,4867,4868,4869,4870,4871,4872,4873,4874,4875,4876,4877,4878,4879,4880,4881,4882,4883,4884,4885,4886,4887,4888,4889,4890,4891,4892,4893,4894,4895,4896,4897,4898,4899,4900,4901,4902,4903,4904,4905,4906,4907,4908,4909,4910,4911,4912,4913,4914,4915,4916,4917,4918,4919,4920,4921,4922,4923,4924,4925,4926,4927,4928,4929,4930,4931,4932,4933,4934,4935,4936,4937,4938,4939,4940,4941,4942,4943,4944,4945,4946,4947,4948,4949,4950,4951,4952,4953,4954,4955,4956,4957,4958,4959,4960,4961,4962,4963,4964,4965,4966,4967,4968,4969,4970,4971,4972,4973,4974,4975,4976,4977,4978,4979,4980,4981,4982,4983,4984,4985,4986,4987,4988,4989,4990,4991,4992,4993,4994,4995,4996,4997,4998,4999,5000,5001,5002,5003,5004,5005,5006,5007,5008,5009,5010,5011,5012,5013,5014,5015,5016,5017,5018,5019,5020,5021,5022,5023,5024,5025,5026,5027,5028,5029,5030,5031,5032,5033,5034,5035,5036,5037,5038,5039,5040,5041,5042,5043,5044,5045,5046,5047,5048,5049,5050,5051,5052,5053,5054,5055,5056,5057,5058,5059,5060,5061,5062,5063,5064,5065,5066,5067,5068,5069,5070,5071,5072,5073,5074,5075,5076,5077,5078,5079,5080,5081,5082,5083,5084,5085,5086,5087,5088,5089,5090,5091,5092,5093,5094,5095,5096,5097,5098,5099,5100,5101,5102,5103,5104,5105,5106,5107,5108,5109,5110,5111,5112,5113,5114,5115,5116,5117,5118,5119,5120,5121,5122,5123,5124,5125,5126,5127,5128,5129,5130,5131,5132,5133,5134,5135,5136,5137,5138,5139,5140,5141,5142,5143,5144,5145,5146,5147,5148,5149,5150,5151,5152,5153,5154,5155,5156,5157,5158,5159,5160,5161,5162,5163,5164,5165,5166,5167,5168,5169,5170,5171,5172,5173,5174,5175,5176,5177,5178,5179,5180,5181,5182,5183,5184,5185,5186,5187,5188,5189,5190,5191,5192,5193,5194,5195,5196,5197,5198,5199,5200,5201,5202,5203,5204,5205,5206,5207,5208,5209,5210,5211,5212,5213,5214,5215,5216,5217,5218,5219,5220,5221,5222,5223,5224,5225,5226,5227,5228,5229,5230,5231,5232,5233,5234,5235,5236,5237,5238,5239,5240,5241,5242,5243,5244,5245,5246,5247,5248,5249,5250,5251,5252,5253,5254,5255,5256,5257,5258,5259,5260,5261,5262,5263,5264,5265,5266,5267,5268,5269,5270,5271,5272,5273,5274,5275,5276,5277,5278,5279,5280,5281,5282,5283,5284,5285,5286,5287,5288,5289,5290,5291,5292,5293,5294,5295,5296,5297,5298,5299,5300,5301,5302,5303,5304,5305,5306,5307,5308,5309,5310,5311,5312,5313,5314,5315,5316,5317,5318,5319,5320,5321,5322,5323,5324,5325,5326,5327,5328,5329,5330,5331,5332,5333,5334,5335,5336,5337,5338,5339,5340,5341,5342,5343,5344,5345,5346,5347,5348,5349,5350,5351,5352,5353,5354,5355,5356,5357,5358,5359,5360,5361,5362,5363,5364,5365,5366,5367,5368,5369,5370,5371,5372,5373,5374,5375,5376,5377,5378,5379,5380,5381,5382,5383,5384,5385,5386,5387,5388,5389,5390,5391,5392,5393,5394,5395,5396,5397,5398,5399,5400,5401,5402,5403,5404,5405,5406,5407,5408,5409,5410,5411,5412,5413,5414,5415,5416,5417,5418,5419,5420,5421,5422,5423,5424,5425,5426,5427,5428,5429,5430,5431,5432,5433,5434,5435,5436,5437,5438,5439,5440,5441,5442,5443,5444,5445,5446,5447,5448,5449,5450,5451,5452,5453,5454,5455,5456,5457,5458,5459,5460,5461,5462,5463,5464,5465,5466,5467,5468,5469,5470,5471,5472,5473,5474,5475,5476,5477,5478,5479,5480,5481,5482,5483,5484,5485,5486,5487,5488,5489,5490,5491,5492,5493,5494,5495,5496,5497,5498,5499,5500,5501,5502,5503,5504,5505,5506,5507,5508,5509,5510,5511,5512,5513,5514,5515,5516,5517,5518,5519,5520,5521,5522,5523,5524,5525,5526,5527,5528,5529,5530,5531,5532,5533,5534,5535,5536,5537,5538,5539,5540,5541,5542,5543,5544,5545,5546,5547,5548,5549,5550,5551,5552,5553,5554,5555,5556,5557,5558,5559,5560,5561,5562,5563,5564,5565,5566,5567,5568,5569,5570,5571,5572,5573,5574,5575,5576,5577,5578,5579,5580,5581,5582,5583,5584,5585,5586,5587,5588,5589,5590,5591,5592,5593,5594,5595,5596,5597,5598,5599,5600,5601,5602,5603,5604,5605,5606,5607,5608,5609,5610,5611,5612,5613,5614,5615,5616,5617,5618,5619,5620,5621,5622,5623,5624,5625,5626,5627,5628,5629,5630,5631,5632,5633,5634,5635,5636,5637,5638,5639,5640,5641,5642,5643,5644,5645,5646,5647,5648,5649,5650,5651,5652,5653,5654,5655,5656,5657,5658,5659,5660,5661,5662,5663,5664,5665,5666,5667,5668,5669,5670,5671,5672,5673,5674,5675,5676,5677,5678,5679,5680,5681,5682,5683,5684,5685,5686,5687,5688,5689,5690,5691,5692,5693,5694,5695,5696,5697,5698,5699,5700,5701,5702,5703,5704,5705,5706,5707,5708,5709,5710,5711,5712,5713,5714,5715,5716,5717,5718,5719,5720,5721,5722,5723,5724,5725,5726,5727,5728,5729,5730,5731,5732,5733,5734,5735,5736,5737,5738,5739,5740,5741,5742,5743,5744,5745,5746,5747,5748,5749,5750,5751,5752,5753,5754,5755,5756,5757,5758,5759,5760,5761,5762,5763,5764,5765,5766,5767,5768,5769,5770,5771,5772,5773,5774,5775,5776,5777,5778,5779,5780,5781,5782,5783,5784,5785,5786,5787,5788,5789,5790,5791,5792,5793,5794,5795,5796,5797,5798,5799,5800,5801,5802,5803,5804,5805,5806,5807,5808,5809,5810,5811,5812,5813,5814,5815,5816,5817,5818,5819,5820,5821,5822,5823,5824,5825,5826,5827,5828,5829,5830,5831,5832,5833,5834,5835,5836,5837,5838,5839,5840,5841,5842,5843,5844,5845,5846,5847,5848,5849,5850,5851,5852,5853,5854,5855,5856,5857,5858,5859,5860,5861,5862,5863,5864,5865,5866,5867,5868,5869,5870,5871,5872,5873,5874,5875,5876,5877,5878,5879,5880,5881,5882,5883,5884,5885,5886,5887,5888,5889,5890,5891,5892,5893,5894,5895,5896,5897,5898,5899,5900,5901,5902,5903,5904,5905,5906,5907,5908,5909,5910,5911,5912,5913,5914,5915,5916,5917,5918,5919,5920,5921,5922,5923,5924,5925,5926,5927,5928,5929,5930,5931,5932,5933,5934,5935,5936,5937,5938,5939,5940,5941,5942,5943,5944,5945,5946,5947,5948,5949,5950,5951,5952,5953,5954,5955,5956,5957,5958,5959,5960,5961,5962,5963,5964,5965,5966,5967,5968,5969,5970,5971,5972,5973,5974,5975,5976,5977,5978,5979,5980,5981,5982,5983,5984,5985,5986,5987,5988,5989,5990,5991,5992,5993,5994,5995,5996,5997,5998,5999,6000,6001,6002,6003,6004,6005,6006,6007,6008,6009,6010,6011,6012,6013,6014,6015,6016,6017,6018,6019,6020,6021,6022,6023,6024,6025,6026,6027,6028,6029,6030,6031,6032,6033,6034,6035,6036,6037,6038,6039,6040,6041,6042,6043,6044,6045,6046,6047,6048,6049,6050,6051,6052,6053,6054,6055,6056,6057,6058,6059,6060,6061,6062,6063,6064,6065,6066,6067,6068,6069,6070,6071,6072,6073,6074,6075,6076,6077,6078,6079,6080,6081,6082,6083,6084,6085,6086,6087,6088,6089,6090,6091,6092,6093,6094,6095,6096,6097,6098,6099,6100,6101,6102,6103,6104,6105,6106,6107,6108,6109,6110,6111,6112,6113,6114,6115,6116,6117,6118,6119,6120,6121,6122,6123,6124,6125,6126,6127,6128,6129,6130,6131,6132,6133,6134,6135,6136,6137,6138,6139,6140,6141,6142,6143,6144,6145,6146,6147,6148,6149,6150,6151,6152,6153,6154,6155,6156,6157,6158,6159,6160,6161,6162,6163,6164,6165,6166,6167,6168,6169,6170,6171,6172,6173,6174,6175,6176,6177,6178,6179,6180,6181,6182,6183,6184,6185,6186,6187,6188,6189,6190,6191,6192,6193,6194,6195,6196,6197,6198,6199,6200,6201,6202,6203,6204,6205,6206,6207,6208,6209,6210,6211,6212,6213,6214,6215,6216,6217,6218,6219,6220,6221,6222,6223,6224,6225,6226,6227,6228,6229,6230,6231,6232,6233,6234,6235,6236,6237,6238,6239,6240,6241,6242,6243,6244,6245,6246,6247,6248,6249,6250,6251,6252,6253,6254,6255,6256,6257,6258,6259,6260,6261,6262,6263,6264,6265,6266,6267,6268,6269,6270,6271,6272,6273,6274,6275,6276,6277,6278,6279,6280,6281,6282,6283,6284,6285,6286,6287,6288,6289,6290,6291,6292,6293,6294,6295,6296,6297,6298,6299,6300,6301,6302,6303,6304,6305,6306,6307,6308,6309,6310,6311,6312,6313,6314,6315,6316,6317,6318,6319,6320,6321,6322,6323,6324,6325,6326,6327,6328,6329,6330,6331,6332,6333,6334,6335,6336,6337,6338,6339,6340,6341,6342,6343,6344,6345,6346,6347,6348,6349,6350,6351,6352,6353,6354,6355,6356,6357,6358,6359,6360,6361,6362,6363,6364,6365,6366,6367,6368,6369,6370,6371,6372,6373,6374,6375,6376,6377,6378,6379,6380,6381,6382,6383,6384,6385,6386,6387,6388,6389,6390,6391,6392,6393,6394,6395,6396,6397,6398,6399,6400,6401,6402,6403,6404,6405,6406,6407,6408,6409,6410,6411,6412,6413,6414,6415,6416,6417,6418,6419,6420,6421,6422,6423,6424,6425,6426,6427,6428,6429,6430,6431,6432,6433,6434,6435,6436,6437,6438,6439,6440,6441,6442,6443,6444,6445,6446,6447,6448,6449,6450,6451,6452,6453,6454,6455,6456,6457,6458,6459,6460,6461,6462,6463,6464,6465,6466,6467,6468,6469,6470,6471,6472,6473,6474,6475,6476,6477,6478,6479,6480,6481,6482,6483,6484,6485,6486,6487,6488,6489,6490,6491,6492,6493,6494,6495,6496,6497,6498,6499,6500,6501,6502,6503,6504,6505,6506,6507,6508,6509,6510,6511,6512,6513,6514,6515,6516,6517,6518,6519,6520,6521,6522,6523,6524,6525,6526,6527,6528,6529,6530,6531,6532,6533,6534,6535,6536,6537,6538,6539,6540,6541,6542,6543,6544,6545,6546,6547,6548,6549,6550,6551,6552,6553,6554,6555,6556,6557,6558,6559,6560,6561,6562,6563,6564,6565,6566,6567,6568,6569,6570,6571,6572,6573,6574,6575,6576,6577,6578,6579,6580,6581,6582,6583,6584,6585,6586,6587,6588,6589,6590,6591,6592,6593,6594,6595,6596,6597,6598,6599,6600,6601,6602,6603,6604,6605,6606,6607,6608,6609,6610,6611,6612,6613,6614,6615,6616,6617,6618,6619,6620,6621,6622,6623,6624,6625,6626,6627,6628,6629,6630,6631,6632,6633,6634,6635,6636,6637,6638,6639,6640,6641,6642,6643,6644,6645,6646,6647,6648,6649,6650,6651,6652,6653,6654,6655,6656,6657,6658,6659,6660,6661,6662,6663,6664,6665,6666,6667,6668,6669,6670,6671,6672,6673,6674,6675,6676,6677,6678,6679,6680,6681,6682,6683,6684,6685,6686,6687,6688,6689,6690,6691,6692,6693,6694,6695,6696,6697,6698,6699,6700,6701,6702,6703,6704,6705,6706,6707,6708,6709,6710,6711,6712,6713,6714,6715,6716,6717,6718,6719,6720,6721,6722,6723,6724,6725,6726,6727,6728,6729,6730,6731,6732,6733,6734,6735,6736,6737,6738,6739,6740,6741,6742,6743,6744,6745,6746,6747,6748,6749,6750,6751,6752,6753,6754,6755,6756,6757,6758,6759,6760,6761,6762,6763,6764,6765,6766,6767,6768,6769,6770,6771,6772,6773,6774,6775,6776,6777,6778,6779,6780,6781,6782,6783,6784,6785,6786,6787,6788,6789,6790,6791,6792,6793,6794,6795,6796,6797,6798,6799,6800,6801,6802,6803,6804,6805,6806,6807,6808,6809,6810,6811,6812,6813,6814,6815,6816,6817,6818,6819,6820,6821,6822,6823,6824,6825,6826,6827,6828,6829,6830,6831,6832,6833,6834,6835,6836,6837,6838,6839,6840,6841,6842,6843,6844,6845,6846,6847,6848,6849,6850,6851,6852,6853,6854,6855,6856,6857,6858,6859,6860,6861,6862,6863,6864,6865,6866,6867,6868,6869,6870,6871,6872,6873,6874,6875,6876,6877,6878,6879,6880,6881,6882,6883,6884,6885,6886,6887,6888,6889,6890,6891,6892,6893,6894,6895,6896,6897,6898,6899,6900,6901,6902,6903,6904,6905,6906,6907,6908,6909,6910,6911,6912,6913,6914,6915,6916,6917,6918,6919,6920,6921,6922,6923,6924,6925,6926,6927,6928,6929,6930,6931,6932,6933,6934,6935,6936,6937,6938,6939,6940,6941,6942,6943,6944,6945,6946,6947,6948,6949,6950,6951,6952,6953,6954,6955,6956,6957,6958,6959,6960,6961,6962,6963,6964,6965,6966,6967,6968,6969,6970,6971,6972,6973,6974,6975,6976,6977,6978,6979,6980,6981,6982,6983,6984,6985,6986,6987,6988,6989,6990,6991,6992,6993,6994,6995,6996,6997,6998,6999,7000
0,0.08249782338550249,0.08249782338550249,0.08249782338550249,0.08249782338550249,0.08249782338550249,0.08249782338550249,0.08249782338550249,0.08249782338550249,0.08249782338550249,0.08249782338550249,0.08249782338550249,0.08249782338550249,0.08249782338550249,0.08249782338550249,0.08249782338550249,0.08249782338550249,0.08249782338550249,0.08249782338550249,0.08249782338550249,0.08249782338550249,0.08249782338550249,0.08249782338550249,0.08249782338550249,0.08249782338550249,0.08249782338550249,0.08249782338550249,0.08249782338550249,0.08249782338550249,0.08249782338550249,0.08249782338550249,0.08249782338550249,0.08249782338550249,0.08249782338550249,0.08249782338550249,0.08249782338550249,0.08249782338550249,0.08249782338550249,0.08249782338550249,0.08249782338550249,0.08249782338550249,0.08249782338550249,0.08249782338550249,0.08249782338550249,0.08249782338550249,0.08249782338550249,0.08249782338550249,0.08249782338550249,0.08249782338550249,0.08249782338550249,0.08249782338550249,0.08249782338550249,0.08249782338550249,0.08249782338550249,0.08249782338550249,0.08249782338550249,0.08249782338550249,0.08249782338550249,0.08249782338550249,0.08249782338550249,0.08249782338550249,0.08249782338550249,0.08249782338550249,0.08249782338550249,0.08249782338550249,0.08249782338550249,0.08249782338550249,0.08249782338550249,0.08249782338550249,0.08249782338550249,0.08249782338550249,0.08249782338550249,0.08249782338550249,0.08249782338550249,0.08249782338550249,0.08249782338550249,0.08249782338550249,0.08249782338550249,0.08249782338550249,0.08249782338550249,0.08249782338550249,0.08249782338550249,0.08249782338550249,0.08249782338550249,0.08249782338550249,0.08249782338550249,0.08249782338550249,0.08249782338550249,0.08249782338550249,0.08249782338550249,0.08249782338550249,0.08249782338550249,0.08249782338550249,0.08249782338550249,0.08249782338550249,0.08249782338550249,0.08249782338550249,0.08249782338550249,0.08249782338550249,0.08249782338550249,0.08249782338550249,0.08249782338550249,0.08249782338550249,0.08249782338550249,0.08249782338550249,0.08249782338550249,0.08249782338550249,0.08249782338550249,0.08249782338550249,0.08249782338550249,0.08249782338550249,0.08249782338550249,0.08249782338550249,0.08249782338550249,0.08249782338550249,0.08249782338550249,0.08249782338550249,0.08249782338550249,0.08249782338550249,0.08249782338550249,0.08249782338550249,0.08249782338550249,0.08249782338550249,0.08249782338550249,0.08249782338550249,0.08249782338550249,0.08249782338550249,0.08249782338550249,0.08249782338550249,0.08249782338550249,0.08249782338550249,0.08249782338550249,0.08249782338550249,0.08249782338550249,0.08249782338550249,0.08249782338550249,0.08249782338550249,0.08249782338550249,0.08249782338550249,0.08249782338550249,0.08249782338550249,0.08249782338550249,0.08249782338550249,0.08249782338550249,0.08249782338550249,0.08249782338550249,0.08249782338550249,0.08249782338550249,0.08249782338550249,0.08249782338550249,0.08249782338550249,0.08249782338550249,0.08249782338550249,0.08249782338550249,0.08249782338550249,0.08249782338550249,0.08249782338550249,0.08249782338550249,0.08249782338550249,0.08249782338550249,0.08249782338550249,0.08249782338550249,0.08249782338550249,0.08249782338550249,0.08249782338550249,0.08249782338550249,0.08249782338550249,0.08249782338550249,0.08249782338550249,0.08249782338550249,0.08249782338550249,0.08249782338550249,0.08249782338550249,0.08249782338550249,0.08249782338550249,0.08249782338550249,0.08249782338550249,0.08249782338550249,0.08249782338550249,0.08249782338550249,0.08249782338550249,0.08249782338550249,0.08249782338550249,0.08249782338550249,0.08249782338550249,0.08249782338550249,0.08249782338550249,0.08249782338550249,0.08249782338550249,0.08249782338550249,0.08249782338550249,0.08249782338550249,0.08249782338550249,0.08249782338550249,0.08249782338550249,0.08249782338550249,0.08249782338550249,0.08249782338550249,0.08249782338550249,0.08249782338550249,0.08249782338550249,0.08249782338550249,0.08249782338550249,0.08249782338550249,0.08249782338550249,0.08249782338550249,0.08249782338550249,0.08249782338550249,0.08249782338550249,0.08249782338550249,0.08249782338550249,0.08249782338550249,0.08249782338550249,0.08249782338550249,0.08249782338550249,0.08249782338550249,0.08249782338550249,0.08249782338550249,0.08249782338550249,0.08249782338550249,0.08249782338550249,0.08249782338550249,0.08249782338550249,0.08249782338550249,0.08249782338550249,0.08249782338550249,0.08249782338550249,0.08249782338550249,0.08249782338550249,0.08249782338550249,0.08249782338550249,0.08249782338550249,0.08249782338550249,0.08249782338550249,0.08249782338550249,0.08249782338550249,0.08249782338550249,0.08249782338550249,0.08249782338550249,0.08249782338550249,0.08249782338550249,0.08249782338550249,0.08249782338550249,0.08249782338550249,0.08249782338550249,0.08249782338550249,0.08249782338550249,0.08249782338550249,0.08249782338550249,0.08249782338550249,0.08249782338550249,0.08249782338550249,0.08249782338550249,0.08249782338550249,0.08249782338550249,0.08249782338550249,0.08249782338550249,0.08249782338550249,0.08249782338550249,0.08249782338550249,0.08249782338550249,0.08249782338550249,0.08249782338550249,0.08249782338550249,0.08249782338550249,0.08249782338550249,0.08249782338550249,0.08249782338550249,0.08249782338550249,0.08249782338550249,0.08249782338550249,0.08249782338550249,0.08249782338550249,0.08249782338550249,0.08249782338550249,0.08249782338550249,0.08249782338550249,0.08249782338550249,0.08249782338550249,0.08249782338550249,0.08249782338550249,0.08249782338550249,0.08249782338550249,0.08249782338550249,0.08249782338550249,0.08249782338550249,0.08249782338550249,0.08249782338550249,0.08249782338550249,0.08249782338550249,0.08249782338550249,0.08249782338550249,0.08249782338550249,0.08249782338550249,0.08249782338550249,0.08249782338550249,0.08249782338550249,0.08249782338550249,0.08249782338550249,0.08249782338550249,0.08249782338550249,0.08249782338550249,0.08249782338550249,0.08249782338550249,0.08249782338550249,0.08249782338550249,0.08249782338550249,0.08249782338550249,0.08249782338550249,0.08249782338550249,0.08249782338550249,0.08249782338550249,0.08249782338550249,0.08249782338550249,0.08249782338550249,0.08249782338550249,0.08249782338550249,0.08249782338550249,0.08249782338550249,0.08249782338550249,0.08249782338550249,0.08249782338550249,0.08249782338550249,0.08249782338550249,0.08249782338550249,0.08249782338550249,0.08249782338550249,0.08249782338550249,0.08249782338550249,0.08249782338550249,0.08249782338550249,0.08249782338550249,0.08249782338550249,0.08249782338550249,0.08249782338550249,0.08249782338550249,0.08249782338550249,0.08249782338550249,0.08249782338550249,0.08249782338550249,0.08249782338550249,0.08249782338550249,0.08249782338550249,0.08249782338550249,0.08249782338550249,0.08249782338550249,0.08249782338550249,0.08249782338550249,0.08249782338550249,0.08249782338550249,0.08249782338550249,0.08249782338550249,0.08249782338550249,0.08249782338550249,0.08249782338550249,0.08249782338550249,0.08249782338550249,0.08249782338550249,0.08249782338550249,0.08249782338550249,0.08249782338550249,0.08249782338550249,0.08249782338550249,0.08249782338550249,0.08249782338550249,0.08249782338550249,0.08249782338550249,0.08249782338550249,0.08249782338550249,0.08249782338550249,0.08249782338550249,0.08249782338550249,0.08249782338550249,0.08249782338550249,0.08249782338550249,0.08249782338550249,0.08249782338550249,0.08249782338550249,0.08249782338550249,0.08249782338550249,0.08249782338550249,0.08249782338550249,0.08249782338550249,0.08249782338550249,0.08249782338550249,0.08249782338550249,0.08249782338550249,0.08249782338550249,0.08249782338550249,0.08249782338550249,0.08249782338550249,0.08249782338550249,0.08249782338550249,0.08249782338550249,0.08249782338550249,0.08249782338550249,0.08249782338550249,0.08249782338550249,0.08249782338550249,0.08249782338550249,0.08249782338550249,0.08249782338550249,0.08249782338550249,0.08249782338550249,0.08249782338550249,0.08249782338550249,0.08249782338550249,0.08249782338550249,0.08249782338550249,0.08249782338550249,0.08249782338550249,0.08249782338550249,0.08249782338550249,0.08249782338550249,0.08249782338550249,0.08249782338550249,0.08249782338550249,0.08249782338550249,0.08249782338550249,0.08249782338550249,0.08249782338550249,0.08249782338550249,0.08249782338550249,0.08249782338550249,0.08249782338550249,0.08249782338550249,0.08249782338550249,0.08249782338550249,0.08249782338550249,0.08249782338550249,0.08249782338550249,0.08249782338550249,0.08249782338550249,0.08249782338550249,0.08249782338550249,0.08249782338550249,0.08249782338550249,0.08249782338550249,0.08249782338550249,0.08249782338550249,0.08249782338550249,0.08249782338550249,0.08249782338550249,0.08249782338550249,0.08249782338550249,0.08249782338550249,0.08249782338550249,0.08249782338550249,0.08249782338550249,0.08249782338550249,0.08249782338550249,0.08249782338550249,0.08249782338550249,0.08249782338550249,0.08249782338550249,0.08249782338550249,0.08249782338550249,0.08249782338550249,0.08249782338550249,0.08249782338550249,0.08249782338550249,0.08249782338550249,0.08249782338550249,0.08249782338550249,0.08249782338550249,0.08249782338550249,0.08249782338550249,0.08249782338550249,0.08249782338550249,0.08249782338550249,0.08249782338550249,0.08249782338550249,0.08249782338550249,0.08249782338550249,0.08249782338550249,0.08249782338550249,0.08249782338550249,0.08249782338550249,0.08249782338550249,0.08249782338550249,0.08249782338550249,0.08249782338550249,0.08249782338550249,0.08249782338550249,0.08249782338550249,0.08249782338550249,0.08249782338550249,0.08249782338550249,0.08249782338550249,0.08249782338550249,0.08249782338550249,0.08249782338550249,0.08249782338550249,0.08249782338550249,0.08249782338550249,0.08249782338550249,0.08249782338550249,0.08249782338550249,0.08249782338550249,0.08249782338550249,0.08249782338550249,0.08249782338550249,0.08249782338550249,0.08249782338550249,0.08249782338550249,0.08249782338550249,0.08249782338550249,0.08249782338550249,0.08249782338550249,0.08249782338550249,0.08249782338550249,0.08249782338550249,0.08249782338550249,0.08249782338550249,0.08249782338550249,0.08249782338550249,0.08249782338550249,0.08249782338550249,0.08249782338550249,0.08249782338550249,0.08249782338550249,0.08249782338550249,0.08249782338550249,0.08249782338550249,0.08249782338550249,0.08249782338550249,0.08249782338550249,0.08249782338550249,0.08249782338550249,0.08249782338550249,0.08249782338550249,0.08249782338550249,0.08249782338550249,0.08249782338550249,0.08249782338550249,0.08249782338550249,0.08249782338550249,0.08249782338550249,0.08249782338550249,0.08249782338550249,0.08249782338550249,0.08249782338550249,0.08249782338550249,0.08249782338550249,0.08249782338550249,0.08249782338550249,0.08249782338550249,0.08249782338550249,0.08249782338550249,0.08249782338550249,0.08249782338550249,0.08249782338550249,0.08249782338550249,0.08249782338550249,0.08249782338550249,0.08249782338550249,0.08249782338550249,0.08249782338550249,0.08249782338550249,0.08249782338550249,0.08249782338550249,0.08249782338550249,0.08249782338550249,0.08249782338550249,0.08249782338550249,0.08249782338550249,0.08249782338550249,0.08249782338550249,0.08249782338550249,0.08249782338550249,0.08249782338550249,0.08249782338550249,0.08249782338550249,0.08249782338550249,0.08249782338550249,0.08249782338550249,0.08249782338550249,0.08249782338550249,0.08249782338550249,0.08249782338550249,0.08249782338550249,0.08249782338550249,0.08249782338550249,0.08249782338550249,0.08249782338550249,0.08249782338550249,0.08249782338550249,0.08249782338550249,0.08249782338550249,0.08249782338550249,0.08249782338550249,0.08249782338550249,0.08249782338550249,0.08249782338550249,0.08249782338550249,0.08249782338550249,0.08249782338550249,0.08249782338550249,0.08249782338550249,0.08249782338550249,0.08249782338550249,0.08249782338550249,0.08249782338550249,0.08249782338550249,0.08249782338550249,0.08249782338550249,0.08249782338550249,0.08249782338550249,0.08249782338550249,0.08249782338550249,0.08249782338550249,0.08249782338550249,0.08249782338550249,0.08249782338550249,0.08249782338550249,0.08249782338550249,0.08249782338550249,0.08249782338550249,0.08249782338550249,0.08249782338550249,0.08249782338550249,0.08249782338550249,0.08249782338550249,0.08249782338550249,0.08249782338550249,0.08249782338550249,0.08249782338550249,0.08249782338550249,0.08249782338550249,0.08249782338550249,0.08249782338550249,0.08249782338550249,0.08249782338550249,0.08249782338550249,0.08249782338550249,0.08249782338550249,0.08249782338550249,0.08249782338550249,0.08249782338550249,0.08249782338550249,0.08249782338550249,0.08249782338550249,0.08249782338550249,0.08249782338550249,0.08249782338550249,0.08249782338550249,0.08249782338550249,0.08249782338550249,0.08249782338550249,0.08249782338550249,0.08249782338550249,0.08249782338550249,0.08249782338550249,0.08249782338550249,0.08249782338550249,0.08249782338550249,0.08249782338550249,0.08249782338550249,0.08249782338550249,0.08249782338550249,0.08249782338550249,0.08249782338550249,0.08249782338550249,0.08249782338550249,0.08249782338550249,0.08249782338550249,0.08249782338550249,0.08249782338550249,0.08249782338550249,0.08249782338550249,0.08249782338550249,0.08249782338550249,0.08249782338550249,0.08249782338550249,0.08249782338550249,0.08249782338550249,0.08249782338550249,0.08249782338550249,0.08249782338550249,0.08249782338550249,0.08249782338550249,0.08249782338550249,0.08249782338550249,0.08249782338550249,0.08249782338550249,0.08249782338550249,0.08249782338550249,0.08249782338550249,0.08249782338550249,0.08249782338550249,0.08249782338550249,0.08249782338550249,0.08249782338550249,0.08249782338550249,0.08249782338550249,0.08249782338550249,0.08249782338550249,0.08249782338550249,0.08249782338550249,0.08249782338550249,0.08249782338550249,0.08249782338550249,0.08249782338550249,0.08249782338550249,0.08249782338550249,0.08249782338550249,0.08249782338550249,0.08249782338550249,0.08249782338550249,0.08249782338550249,0.08249782338550249,0.08249782338550249,0.08249782338550249,0.08249782338550249,0.08249782338550249,0.08249782338550249,0.08249782338550249,0.08249782338550249,0.08249782338550249,0.08249782338550249,0.08249782338550249,0.08249782338550249,0.08249782338550249,0.08249782338550249,0.08249782338550249,0.08249782338550249,0.08249782338550249,0.08249782338550249,0.08249782338550249,0.08249782338550249,0.08249782338550249,0.08249782338550249,0.08249782338550249,0.08249782338550249,0.08249782338550249,0.08249782338550249,0.08249782338550249,0.08249782338550249,0.08249782338550249,0.08249782338550249,0.08249782338550249,0.08249782338550249,0.08249782338550249,0.08249782338550249,0.08249782338550249,0.08249782338550249,0.08249782338550249,0.08249782338550249,0.08249782338550249,0.08249782338550249,0.08249782338550249,0.08249782338550249,0.08249782338550249,0.08249782338550249,0.08249782338550249,0.08249782338550249,0.08249782338550249,0.08249782338550249,0.08249782338550249,0.08249782338550249,0.08249782338550249,0.08249782338550249,0.08249782338550249,0.08249782338550249,0.08249782338550249,0.08249782338550249,0.08249782338550249,0.08249782338550249,0.08249782338550249,0.08249782338550249,0.08249782338550249,0.08249782338550249,0.08249782338550249,0.08249782338550249,0.08249782338550249,0.08249782338550249,0.08249782338550249,0.08249782338550249,0.08249782338550249,0.08249782338550249,0.08249782338550249,0.08249782338550249,0.08249782338550249,0.08249782338550249,0.08249782338550249,0.08249782338550249,0.08249782338550249,0.08249782338550249,0.08249782338550249,0.08249782338550249,0.08249782338550249,0.08249782338550249,0.08249782338550249,0.08249782338550249,0.08249782338550249,0.08249782338550249,0.08249782338550249,0.08249782338550249,0.08249782338550249,0.08249782338550249,0.08249782338550249,0.08249782338550249,0.08249782338550249,0.08249782338550249,0.08249782338550249,0.08249782338550249,0.08249782338550249,0.08249782338550249,0.08249782338550249,0.08249782338550249,0.08249782338550249,0.08249782338550249,0.08249782338550249,0.08249782338550249,0.08249782338550249,0.08249782338550249,0.08249782338550249,0.08249782338550249,0.08249782338550249,0.08249782338550249,0.08249782338550249,0.08249782338550249,0.08249782338550249,0.08249782338550249,0.08249782338550249,0.08249782338550249,0.08249782338550249,0.08249782338550249,0.08249782338550249,0.08249782338550249,0.08249782338550249,0.08249782338550249,0.08249782338550249,0.08249782338550249,0.08249782338550249,0.08249782338550249,0.08249782338550249,0.08249782338550249,0.08249782338550249,0.08249782338550249,0.08249782338550249,0.08249782338550249,0.08249782338550249,0.08249782338550249,0.08249782338550249,0.08249782338550249,0.08249782338550249,0.08249782338550249,0.08249782338550249,0.08249782338550249,0.08249782338550249,0.08249782338550249,0.08249782338550249,0.08249782338550249,0.08249782338550249,0.08249782338550249,0.08249782338550249,0.08249782338550249,0.08249782338550249,0.08249782338550249,0.08249782338550249,0.08249782338550249,0.08249782338550249,0.08249782338550249,0.08249782338550249,0.08249782338550249,0.08249782338550249,0.08249782338550249,0.08249782338550249,0.08249782338550249,0.08249782338550249,0.08249782338550249,0.08249782338550249,0.08249782338550249,0.08249782338550249,0.08249782338550249,0.08249782338550249,0.08249782338550249,0.08249782338550249,0.08249782338550249,0.08249782338550249,0.08249782338550249,0.08249782338550249,0.08249782338550249,0.08249782338550249,0.08249782338550249,0.08249782338550249,0.08249782338550249,0.08249782338550249,0.08249782338550249,0.08249782338550249,0.08249782338550249,0.08249782338550249,0.08249782338550249,0.08249782338550249,0.08249782338550249,0.08249782338550249,0.08249782338550249,0.08249782338550249,0.08249782338550249,0.08249782338550249,0.08249782338550249,0.08249782338550249,0.08249782338550249,0.08249782338550249,0.08249782338550249,0.08249782338550249,0.08249782338550249,0.08249782338550249,0.08249782338550249,0.08249782338550249,0.08249782338550249,0.08249782338550249,0.08249782338550249,0.08249782338550249,0.08249782338550249,0.08249782338550249,0.08249782338550249,0.08249782338550249,0.08249782338550249,0.08249782338550249,0.08249782338550249,0.08249782338550249,0.08249782338550249,0.08249782338550249,0.08249782338550249,0.08249782338550249,0.08249782338550249,0.08249782338550249,0.08249782338550249,0.08249782338550249,0.08249782338550249,0.08249782338550249,0.08249782338550249,0.08249782338550249,0.08249782338550249,0.08249782338550249,0.08249782338550249,0.08249782338550249,0.08249782338550249,0.08249782338550249,0.08249782338550249,0.08249782338550249,0.08249782338550249,0.08249782338550249,0.08249782338550249,0.08249782338550249,0.08249782338550249,0.08249782338550249,0.08249782338550249,0.08249782338550249,0.08249782338550249,0.08249782338550249,0.08249782338550249,0.08249782338550249,0.08249782338550249,0.08249782338550249,0.08249782338550249,0.08249782338550249,0.08249782338550249,0.08249782338550249,0.08249782338550249,0.08249782338550249,0.08249782338550249,0.08249782338550249,0.08249782338550249,0.08249782338550249,0.08249782338550249,0.08249782338550249,0.08249782338550249,0.08249782338550249,0.08249782338550249,0.08249782338550249,0.08249782338550249,0.08249782338550249,0.08249782338550249,0.08249782338550249,0.08249782338550249,0.08249782338550249,0.08249782338550249,0.08249782338550249,0.08249782338550249,0.08249782338550249,0.08249782338550249,0.08249782338550249,0.08249782338550249,0.08249782338550249,0.08249782338550249,0.08249782338550249,0.08249782338550249,0.08249782338550249,0.08249782338550249,0.08249782338550249,0.08249782338550249,0.08249782338550249,0.08249782338550249,0.08249782338550249,0.08249782338550249,0.08249782338550249,0.08249782338550249,0.08249782338550249,0.08249782338550248,0.08249782338550248,0.08249782338550252,0.08249782338550249,0.08249782338550249,0.0824978233855025,0.0824978233855025,0.08249782338550248,0.08249782338550249,0.08249782338550261,0.08249782338550261,0.0824978233855025,0.0824978233855025,0.08249782338550254,0.08249782338550252,0.08249782338550235,0.08249782338550235,0.08249782338550232,0.08249782338550234,0.08249782338550227,0.08249782338550224,0.08249782338550225,0.0824978233855019,0.08249782338550193,0.08249782338550193,0.08249782338550178,0.08249782338550175,0.08249782338550181,0.08249782338550136,0.08249782338550157,0.08249782338550193,0.08249782338550038,0.08249782338550096,0.08249782338550359,0.08249782338550282,0.08249782338550526,0.08249782338550515,0.08249782338550508,0.08249782338550567,0.08249782338550554,0.08249782338550561,0.08249782338550576,0.08249782338550575,0.08249782338550576,0.0824978233855008,0.08249782338550218,0.08249782338550218,0.08249782338550259,0.08249782338550261,0.08249782338550359,0.08249782338550397,0.08249782338550395,0.08249782338550388,0.08249782338550399,0.08249782338550338,0.08249782338550346,0.08249782338550347,0.08249782338550346,0.08249782338550328,0.0824978233855033,0.08249782338550382,0.08249782338550381,0.08249782338550381,0.08249782338550381,0.08249782338550381,0.0824978233855038,0.08249782338550378,0.08249782338550381,0.08249782338550381,0.0824978233855038,0.08249782338550382,0.08249782338550382,0.08249782338550413,0.08249782338550414,0.08249782338550414,0.08249782338550418,0.08249782338550422,0.08249782338550421,0.08249782338550421,0.08249782338550422,0.08249782338550425,0.08249782338550421,0.08249782338550422,0.0824978233855042,0.08249782338550436,0.08249782338550436,0.08249782338550433,0.08249782338550432,0.08249782338550432,0.08249782338550435,0.08249782338550435,0.08249782338550435,0.08249782338550436,0.08249782338550436,0.08249782338550436,0.08249782338550438,0.08249782338550436,0.08249782338550439,0.08249782338550438,0.08249782338550436,0.08249782338550442,0.08249782338550443,0.0824978233855044,0.08249782338550442,0.08249782338550443,0.08249782338550443,0.08249782338550445,0.08249782338550443,0.08249782338550446,0.08249782338550445,0.08249782338550446,0.08249782338550445,0.08249782338550446,0.08249782338550446,0.08249782338550446,0.08249782338550445,0.08249782338550446,0.08249782338550449,0.08249782338550446,0.08249782338550447,0.08249782338550447,0.08249782338550449,0.08249782338550447,0.0824978233855045,0.0824978233855045,0.08249782338550453,0.0824978233855045,0.0824978233855045,0.0824978233855045,0.08249782338550453,0.08249782338550447,0.08249782338550447,0.08249782338550453,0.08249782338550453,0.08249782338550454,0.0824978233855045,0.0824978233855045,0.0824978233855045,0.0824978233855043,0.08249782338550428,0.08249782338550435,0.08249782338550435,0.08249782338550435,0.08249782338550421,0.08249782338550415,0.08249782338550415,0.08249782338550395,0.08249782338550396,0.08249782338550392,0.08249782338550399,0.08249782338550397,0.08249782338550386,0.08249782338550429,0.08249782338550422,0.08249782338550428,0.08249782338550427,0.08249782338550429,0.08249782338550432,0.08249782338550427,0.08249782338550427,0.08249782338550425,0.08249782338550425,0.08249782338550429,0.08249782338550433,0.08249782338550438,0.08249782338550439,0.0824978233855044,0.08249782338550438,0.08249782338550474,0.08249782338550485,0.08249782338550485,0.08249782338550521,0.08249782338550532,0.08249782338550533,0.08249782338550482,0.08249782338550482,0.08249782338550485,0.08249782338550482,0.08249782338550479,0.08249782338550488,0.08249782338550485,0.08249782338550488,0.08249782338550472,0.08249782338550467,0.08249782338550468,0.08249782338550468,0.08249782338550468,0.0824978233855047,0.0824978233855045,0.08249782338550452,0.08249782338550452,0.0824978233855046,0.08249782338550461,0.0824978233855044,0.08249782338550433,0.08249782338550436,0.08249782338550436,0.08249782338550435,0.08249782338550443,0.08249782338550435,0.08249782338550485,0.08249782338550474,0.08249782338550467,0.08249782338550467,0.08249782338550467,0.08249782338550468,0.0824978233855047,0.08249782338550493,0.08249782338550493,0.08249782338550493,0.08249782338550514,0.08249782338550513,0.08249782338550513,0.08249782338550513,0.08249782338550513,0.0824978233855051,0.08249782338550521,0.08249782338550514,0.08249782338550518,0.08249782338550517,0.08249782338550518,0.08249782338550521,0.08249782338550524,0.08249782338550521,0.08249782338550521,0.08249782338550518,0.08249782338550492,0.08249782338550492,0.08249782338550492,0.08249782338550493,0.08249782338550492,0.08249782338550493,0.0824978233855049,0.08249782338550492,0.08249782338550495,0.08249782338550492,0.08249782338550493,0.08249782338550492,0.0824978233855049,0.08249782338550493,0.08249782338550489,0.08249782338550485,0.08249782338550483,0.08249782338550488,0.08249782338550485,0.08249782338550488,0.08249782338550496,0.08249782338550493,0.08249782338550513,0.08249782338550496,0.08249782338550493,0.08249782338550492,0.08249782338550478,0.08249782338550479,0.08249782338550478,0.0824978233855048,0.0824978233855048,0.08249782338550482,0.08249782338550475,0.08249782338550476,0.08249782338550474,0.08249782338550474,0.08249782338550478,0.08249782338550482,0.08249782338550485,0.0824978233855049,0.08249782338550493,0.08249782338550492,0.08249782338550482,0.08249782338550476,0.08249782338550478,0.08249782338550478,0.08249782338550478,0.08249782338550479,0.08249782338550478,0.08249782338550479,0.08249782338550478,0.08249782338550479,0.08249782338550479,0.08249782338550482,0.08249782338550479,0.08249782338550479,0.08249782338550476,0.0824978233855048,0.08249782338550485,0.08249782338550475,0.08249782338550476,0.08249782338550475,0.08249782338550478,0.08249782338550482,0.08249782338550482,0.08249782338550488,0.08249782338550486,0.08249782338550488,0.08249782338550489,0.08249782338550485,0.08249782338550485,0.0824978233855049,0.08249782338550501,0.0824978233855049,0.08249782338550496,0.08249782338550499,0.08249782338550485,0.08249782338550485,0.08249782338550496,0.08249782338550493,0.08249782338550492,0.0824978233855049,0.08249782338550492,0.0824978233855049,0.08249782338550492,0.0824978233855049,0.08249782338550493,0.08249782338550489,0.0824978233855049,0.08249782338550493,0.08249782338550496,0.08249782338550496,0.08249782338550488,0.08249782338550493,0.0824978233855049,0.08249782338550492,0.08249782338550493,0.08249782338550492,0.08249782338550492,0.08249782338550493,0.08249782338550488,0.08249782338550489,0.08249782338550489,0.0824978233855049,0.0824978233855049,0.08249782338550489,0.08249782338550493,0.08249782338550493,0.08249782338550492,0.08249782338550482,0.08249782338550489,0.0824978233855048,0.08249782338550482,0.08249782338550482,0.08249782338550485,0.08249782338550485,0.08249782338550482,0.08249782338550482,0.08249782338550482,0.08249782338550486,0.08249782338550485,0.08249782338550485,0.08249782338550485,0.08249782338550478,0.08249782338550478,0.08249782338550479,0.08249782338550474,0.08249782338550476,0.08249782338550474,0.08249782338550475,0.08249782338550475,0.08249782338550478,0.08249782338550471,0.08249782338550472,0.08249782338550474,0.08249782338550468,0.0824978233855047,0.0824978233855047,0.0824978233855047,0.08249782338550474,0.0824978233855047,0.08249782338550471,0.08249782338550465,0.08249782338550474,0.08249782338550474,0.08249782338550474,0.08249782338550474,0.08249782338550475,0.08249782338550475,0.08249782338550471,0.08249782338550475,0.0824978233855047,0.0824978233855046,0.08249782338550461,0.08249782338550464,0.08249782338550465,0.08249782338550463,0.08249782338550464,0.08249782338550464,0.08249782338550468,0.0824978233855047,0.0824978233855047,0.08249782338550471,0.08249782338550464,0.08249782338550468,0.08249782338550468,0.08249782338550465,0.08249782338550463,0.08249782338550465,0.08249782338550465,0.08249782338550463,0.08249782338550463,0.08249782338550463,0.08249782338550463,0.08249782338550465,0.08249782338550467,0.08249782338550467,0.08249782338550464,0.08249782338550465,0.0824978233855047,0.0824978233855047,0.08249782338550465,0.08249782338550468,0.08249782338550468,0.08249782338550465,0.08249782338550465,0.08249782338550465,0.08249782338550465,0.08249782338550464,0.08249782338550467,0.08249782338550465,0.08249782338550465,0.08249782338550465,0.08249782338550468,0.08249782338550465,0.08249782338550465,0.08249782338550467,0.0824978233855047,0.08249782338550468,0.08249782338550471,0.0824978233855047,0.08249782338550463,0.08249782338550467,0.08249782338550468,0.08249782338550465,0.08249782338550465,0.08249782338550467,0.08249782338550465,0.08249782338550467,0.08249782338550467,0.08249782338550465,0.08249782338550465,0.08249782338550465,0.08249782338550467,0.08249782338550467,0.08249782338550468,0.08249782338550468,0.08249782338550467,0.0824978233855047,0.08249782338550471,0.08249782338550475,0.08249782338550471,0.08249782338550472,0.08249782338550471,0.08249782338550468,0.08249782338550474,0.08249782338550468,0.0824978233855047,0.08249782338550468,0.0824978233855047,0.08249782338550468,0.08249782338550464,0.08249782338550464,0.08249782338550464,0.08249782338550453,0.08249782338550457,0.08249782338550456,0.08249782338550458,0.08249782338550458,0.08249782338550456,0.08249782338550457,0.08249782338550454,0.08249782338550456,0.08249782338550454,0.08249782338550454,0.0824978233855046,0.08249782338550457,0.08249782338550453,0.08249782338550453,0.08249782338550454,0.08249782338550454,0.0824978233855045,0.08249782338550449,0.08249782338550453,0.08249782338550452,0.08249782338550453,0.0824978233855045,0.0824978233855045,0.0824978233855045,0.08249782338550449,0.08249782338550449,0.0824978233855045,0.08249782338550447,0.08249782338550445,0.08249782338550442,0.08249782338550443,0.08249782338550443,0.08249782338550442,0.08249782338550442,0.08249782338550443,0.08249782338550447,0.08249782338550446,0.08249782338550445,0.08249782338550439,0.08249782338550457,0.08249782338550443,0.08249782338550446,0.08249782338550445,0.08249782338550445,0.08249782338550446,0.08249782338550442,0.08249782338550439,0.08249782338550442,0.08249782338550442,0.0824978233855044,0.08249782338550443,0.0824978233855044,0.08249782338550435,0.08249782338550438,0.08249782338550435,0.08249782338550429,0.08249782338550435,0.08249782338550436,0.08249782338550429,0.08249782338550435,0.08249782338550435,0.08249782338550428,0.08249782338550435,0.0824978233855043,0.08249782338550433,0.08249782338550429,0.0824978233855043,0.08249782338550432,0.08249782338550432,0.08249782338550435,0.08249782338550435,0.08249782338550433,0.08249782338550436,0.08249782338550439,0.08249782338550439,0.08249782338550438,0.08249782338550438,0.08249782338550438,0.08249782338550436,0.08249782338550435,0.08249782338550435,0.08249782338550433,0.08249782338550435,0.08249782338550435,0.08249782338550432,0.08249782338550433,0.0824978233855043,0.08249782338550429,0.08249782338550429,0.0824978233855043,0.0824978233855043,0.08249782338550427,0.08249782338550427,0.08249782338550429,0.08249782338550427,0.08249782338550428,0.08249782338550429,0.08249782338550446,0.08249782338550435,0.08249782338550435,0.08249782338550436,0.08249782338550424,0.0824978233855041,0.08249782338550414,0.08249782338550418,0.08249782338550418,0.08249782338550418,0.0824978233855042,0.08249782338550422,0.08249782338550421,0.08249782338550413,0.0824978233855041,0.08249782338550411,0.08249782338550411,0.08249782338550414,0.08249782338550415,0.08249782338550413,0.08249782338550411,0.0824978233855041,0.08249782338550408,0.08249782338550411,0.08249782338550411,0.08249782338550413,0.08249782338550413,0.08249782338550411,0.08249782338550411,0.08249782338550411,0.08249782338550411,0.08249782338550411,0.08249782338550413,0.0824978233855041,0.08249782338550411,0.08249782338550411,0.08249782338550414,0.08249782338550418,0.08249782338550417,0.08249782338550418,0.08249782338550415,0.08249782338550424,0.08249782338550421,0.08249782338550421,0.0824978233855042,0.08249782338550421,0.08249782338550422,0.08249782338550424,0.08249782338550421,0.08249782338550421,0.08249782338550427,0.08249782338550427,0.08249782338550424,0.08249782338550422,0.08249782338550425,0.08249782338550427,0.08249782338550424,0.08249782338550424,0.08249782338550425,0.08249782338550425,0.08249782338550422,0.08249782338550421,0.08249782338550424,0.08249782338550421,0.0824978233855042,0.08249782338550421,0.08249782338550422,0.08249782338550421,0.08249782338550422,0.08249782338550424,0.08249782338550425,0.08249782338550424,0.08249782338550427,0.08249782338550422,0.08249782338550425,0.08249782338550427,0.08249782338550424,0.08249782338550425,0.08249782338550427,0.08249782338550422,0.08249782338550421,0.08249782338550413,0.0824978233855042,0.08249782338550414,0.08249782338550414,0.08249782338550413,0.08249782338550411,0.08249782338550411,0.08249782338550411,0.08249782338550407,0.08249782338550408,0.08249782338550407,0.08249782338550406,0.08249782338550406,0.08249782338550406,0.08249782338550404,0.08249782338550406,0.08249782338550403,0.08249782338550403,0.08249782338550406,0.08249782338550406,0.08249782338550403,0.08249782338550404,0.08249782338550407,0.08249782338550408,0.08249782338550406,0.08249782338550404,0.08249782338550406,0.08249782338550403,0.08249782338550404,0.08249782338550406,0.08249782338550403,0.08249782338550404,0.08249782338550406,0.08249782338550403,0.08249782338550404,0.08249782338550402,0.08249782338550404,0.08249782338550407,0.08249782338550407,0.08249782338550406,0.08249782338550404,0.08249782338550402,0.08249782338550403,0.08249782338550404,0.08249782338550404,0.08249782338550407,0.08249782338550408,0.08249782338550411,0.08249782338550406,0.08249782338550408,0.08249782338550406,0.08249782338550406,0.08249782338550406,0.08249782338550408,0.08249782338550408,0.08249782338550407,0.08249782338550407,0.08249782338550404,0.08249782338550408,0.08249782338550411,0.08249782338550411,0.08249782338550411,0.0824978233855041,0.08249782338550411,0.08249782338550414,0.08249782338550411,0.08249782338550411,0.08249782338550411,0.0824978233855041,0.08249782338550413,0.08249782338550414,0.08249782338550414,0.08249782338550411,0.08249782338550411,0.08249782338550414,0.08249782338550411,0.08249782338550411,0.08249782338550411,0.08249782338550408,0.08249782338550413,0.08249782338550411,0.0824978233855041,0.08249782338550411,0.08249782338550411,0.08249782338550411,0.08249782338550408,0.08249782338550408,0.08249782338550408,0.08249782338550411,0.08249782338550411,0.08249782338550411,0.08249782338550408,0.08249782338550414,0.08249782338550407,0.08249782338550406,0.08249782338550406,0.08249782338550406,0.08249782338550406,0.08249782338550403,0.08249782338550407,0.08249782338550404,0.08249782338550406,0.08249782338550403,0.08249782338550406,0.08249782338550407,0.08249782338550406,0.08249782338550404,0.08249782338550406,0.08249782338550407,0.08249782338550407,0.08249782338550406,0.08249782338550404,0.08249782338550404,0.08249782338550406,0.08249782338550407,0.08249782338550406,0.08249782338550406,0.08249782338550406,0.08249782338550406,0.08249782338550404,0.08249782338550403,0.08249782338550404,0.08249782338550406,0.08249782338550408,0.08249782338550406,0.08249782338550406,0.08249782338550404,0.08249782338550406,0.08249782338550408,0.08249782338550407,0.0824978233855041,0.08249782338550406,0.0824978233855041,0.082497823385504,0.08249782338550407,0.08249782338550407,0.08249782338550408,0.08249782338550404,0.0824978233855041,0.08249782338550407,0.08249782338550406,0.08249782338550404,0.082497823385504,0.08249782338550403,0.08249782338550406,0.08249782338550403,0.08249782338550404,0.08249782338550403,0.08249782338550403,0.08249782338550403,0.08249782338550404,0.08249782338550406,0.08249782338550404,0.08249782338550404,0.08249782338550404,0.08249782338550404,0.08249782338550403,0.08249782338550406,0.08249782338550403,0.08249782338550406,0.08249782338550404,0.08249782338550406,0.08249782338550403,0.08249782338550404,0.08249782338550403,0.08249782338550403,0.082497823385504,0.08249782338550399,0.082497823385504,0.082497823385504,0.082497823385504,0.08249782338550395,0.08249782338550393,0.08249782338550396,0.08249782338550396,0.08249782338550396,0.08249782338550395,0.08249782338550395,0.08249782338550396,0.08249782338550397,0.08249782338550393,0.08249782338550396,0.08249782338550395,0.08249782338550395,0.08249782338550395,0.08249782338550395,0.08249782338550393,0.08249782338550392,0.08249782338550392,0.08249782338550393,0.08249782338550392,0.08249782338550395,0.08249782338550393,0.08249782338550396,0.08249782338550395,0.08249782338550393,0.08249782338550393,0.08249782338550395,0.08249782338550393,0.08249782338550393,0.08249782338550397,0.08249782338550393,0.08249782338550397,0.08249782338550396,0.08249782338550395,0.08249782338550395,0.08249782338550393,0.082497823385504,0.08249782338550396,0.08249782338550399,0.08249782338550397,0.08249782338550399,0.08249782338550403,0.082497823385504,0.082497823385504,0.08249782338550399,0.082497823385504,0.08249782338550399,0.08249782338550396,0.082497823385504,0.082497823385504,0.08249782338550397,0.082497823385504,0.082497823385504,0.08249782338550399,0.082497823385504,0.08249782338550396,0.08249782338550399,0.08249782338550397,0.08249782338550396,0.08249782338550395,0.08249782338550396,0.08249782338550395,0.08249782338550395,0.08249782338550395,0.08249782338550397,0.08249782338550396,0.08249782338550397,0.08249782338550397,0.08249782338550399,0.08249782338550396,0.08249782338550395,0.08249782338550397,0.08249782338550395,0.08249782338550397,0.08249782338550395,0.08249782338550382,0.08249782338550386,0.08249782338550386,0.08249782338550388,0.08249782338550388,0.08249782338550386,0.08249782338550388,0.08249782338550389,0.08249782338550389,0.08249782338550388,0.08249782338550388,0.08249782338550388,0.08249782338550388,0.08249782338550386,0.08249782338550386,0.08249782338550388,0.08249782338550388,0.08249782338550389,0.08249782338550386,0.08249782338550386,0.08249782338550386,0.08249782338550388,0.08249782338550386,0.08249782338550386,0.08249782338550385,0.08249782338550386,0.08249782338550388,0.08249782338550388,0.08249782338550388,0.08249782338550388,0.08249782338550388,0.08249782338550384,0.08249782338550386,0.08249782338550388,0.08249782338550388,0.08249782338550389,0.08249782338550388,0.08249782338550388,0.08249782338550388,0.08249782338550385,0.08249782338550385,0.08249782338550386,0.08249782338550388,0.08249782338550385,0.08249782338550386,0.08249782338550382,0.08249782338550382,0.08249782338550384,0.08249782338550384,0.08249782338550384,0.08249782338550381,0.08249782338550381,0.08249782338550381,0.08249782338550381,0.08249782338550378,0.0824978233855038,0.08249782338550378,0.0824978233855038,0.08249782338550377,0.0824978233855038,0.0824978233855038,0.08249782338550381,0.08249782338550381,0.0824978233855038,0.08249782338550384,0.0824978233855038,0.08249782338550381,0.0824978233855038,0.08249782338550377,0.08249782338550378,0.0824978233855038,0.08249782338550375,0.08249782338550374,0.08249782338550377,0.08249782338550375,0.08249782338550375,0.08249782338550374,0.08249782338550374,0.08249782338550377,0.08249782338550375,0.08249782338550375,0.08249782338550374,0.08249782338550375,0.08249782338550374,0.08249782338550372,0.08249782338550374,0.08249782338550372,0.08249782338550375,0.08249782338550371,0.08249782338550372,0.08249782338550374,0.08249782338550371,0.08249782338550374,0.08249782338550372,0.08249782338550371,0.08249782338550372,0.08249782338550372,0.08249782338550374,0.08249782338550371,0.08249782338550374,0.08249782338550371,0.08249782338550374,0.08249782338550374,0.08249782338550374,0.08249782338550371,0.08249782338550371,0.08249782338550372,0.08249782338550371,0.08249782338550371,0.08249782338550372,0.08249782338550374,0.08249782338550371,0.08249782338550371,0.08249782338550371,0.08249782338550374,0.08249782338550371,0.08249782338550371,0.08249782338550371,0.08249782338550372,0.0824978233855037,0.08249782338550371,0.0824978233855037,0.08249782338550371,0.08249782338550371,0.08249782338550371,0.0824978233855037,0.08249782338550371,0.08249782338550371,0.08249782338550371,0.08249782338550371,0.08249782338550372,0.08249782338550371,0.0824978233855037,0.08249782338550371,0.08249782338550371,0.0824978233855037,0.08249782338550364,0.08249782338550367,0.08249782338550374,0.0824978233855037,0.08249782338550367,0.08249782338550367,0.08249782338550371,0.08249782338550371,0.08249782338550371,0.08249782338550367,0.08249782338550368,0.08249782338550367,0.08249782338550371,0.0824978233855037,0.08249782338550365,0.08249782338550367,0.0824978233855037,0.08249782338550367,0.08249782338550368,0.0824978233855037,0.0824978233855037,0.0824978233855037,0.08249782338550371,0.08249782338550371,0.08249782338550371,0.08249782338550372,0.0824978233855037,0.08249782338550371,0.08249782338550367,0.08249782338550368,0.0824978233855037,0.0824978233855037,0.0824978233855037,0.08249782338550371,0.0824978233855037,0.0824978233855037,0.08249782338550371,0.08249782338550372,0.0824978233855037,0.08249782338550371,0.08249782338550371,0.08249782338550371,0.08249782338550365,0.08249782338550371,0.08249782338550371,0.08249782338550371,0.08249782338550371,0.08249782338550372,0.08249782338550372,0.08249782338550372,0.08249782338550371,0.08249782338550371,0.08249782338550372,0.08249782338550371,0.08249782338550371,0.0824978233855037,0.08249782338550368,0.08249782338550372,0.08249782338550371,0.0824978233855037,0.08249782338550371,0.08249782338550372,0.08249782338550371,0.08249782338550371,0.08249782338550371,0.0824978233855037,0.08249782338550371,0.08249782338550371,0.08249782338550371,0.0824978233855037,0.08249782338550372,0.0824978233855037,0.08249782338550372,0.08249782338550371,0.08249782338550371,0.0824978233855037,0.08249782338550372,0.08249782338550371,0.08249782338550371,0.08249782338550371,0.08249782338550371,0.0824978233855037,0.08249782338550371,0.08249782338550367,0.08249782338550371,0.08249782338550368,0.08249782338550368,0.08249782338550368,0.08249782338550371,0.08249782338550367,0.08249782338550368,0.08249782338550367,0.0824978233855037,0.0824978233855037,0.08249782338550367,0.0824978233855037,0.08249782338550367,0.0824978233855037,0.08249782338550368,0.08249782338550368,0.08249782338550367,0.08249782338550367,0.0824978233855037,0.0824978233855037,0.0824978233855037,0.0824978233855037,0.0824978233855037,0.08249782338550367,0.08249782338550365,0.08249782338550368,0.08249782338550368,0.08249782338550365,0.08249782338550365,0.08249782338550367,0.0824978233855037,0.08249782338550368,0.0824978233855037,0.0824978233855037,0.0824978233855037,0.08249782338550368,0.08249782338550367,0.08249782338550368,0.08249782338550367,0.08249782338550367,0.08249782338550367,0.08249782338550367,0.08249782338550364,0.08249782338550365,0.08249782338550368,0.08249782338550365,0.08249782338550363,0.08249782338550367,0.08249782338550367,0.0824978233855037,0.08249782338550372,0.08249782338550374,0.08249782338550377,0.08249782338550374,0.08249782338550374,0.08249782338550375,0.08249782338550374,0.08249782338550375,0.08249782338550374,0.08249782338550374,0.08249782338550375,0.08249782338550374,0.08249782338550374,0.08249782338550375,0.08249782338550374,0.08249782338550377,0.08249782338550374,0.08249782338550374,0.08249782338550371,0.08249782338550375,0.08249782338550375,0.08249782338550375,0.08249782338550374,0.08249782338550372,0.08249782338550374,0.08249782338550372,0.08249782338550372,0.08249782338550372,0.08249782338550374,0.08249782338550374,0.08249782338550374,0.08249782338550374,0.08249782338550374,0.08249782338550377,0.08249782338550375,0.08249782338550374,0.08249782338550374,0.08249782338550375,0.08249782338550374,0.08249782338550375,0.08249782338550375,0.08249782338550377,0.08249782338550375,0.08249782338550377,0.08249782338550374,0.08249782338550375,0.08249782338550375,0.08249782338550377,0.08249782338550377,0.08249782338550374,0.08249782338550374,0.08249782338550375,0.08249782338550375,0.08249782338550374,0.08249782338550378,0.08249782338550374,0.08249782338550374,0.08249782338550374,0.08249782338550375,0.08249782338550375,0.08249782338550375,0.08249782338550375,0.08249782338550375,0.08249782338550372,0.08249782338550375,0.08249782338550372,0.08249782338550374,0.08249782338550375,0.08249782338550374,0.08249782338550374,0.08249782338550378,0.08249782338550374,0.08249782338550375,0.08249782338550372,0.08249782338550372,0.08249782338550375,0.08249782338550375,0.08249782338550374,0.08249782338550375,0.08249782338550374,0.08249782338550374,0.08249782338550377,0.08249782338550378,0.08249782338550375,0.08249782338550375,0.08249782338550375,0.08249782338550374,0.08249782338550377,0.08249782338550377,0.08249782338550374,0.08249782338550377,0.08249782338550377,0.08249782338550375,0.08249782338550374,0.08249782338550375,0.08249782338550372,0.08249782338550374,0.08249782338550375,0.08249782338550375,0.08249782338550375,0.08249782338550372,0.08249782338550374,0.08249782338550374,0.08249782338550375,0.08249782338550374,0.08249782338550372,0.08249782338550375,0.08249782338550375,0.08249782338550375,0.08249782338550377,0.08249782338550375,0.08249782338550375,0.08249782338550377,0.08249782338550377,0.08249782338550372,0.08249782338550375,0.08249782338550375,0.08249782338550375,0.08249782338550375,0.08249782338550375,0.08249782338550377,0.08249782338550377,0.08249782338550374,0.08249782338550375,0.08249782338550378,0.08249782338550374,0.08249782338550375,0.0824978233855038,0.08249782338550378,0.08249782338550377,0.08249782338550377,0.08249782338550377,0.08249782338550378,0.0824978233855038,0.08249782338550377,0.08249782338550374,0.08249782338550377,0.08249782338550377,0.08249782338550375,0.0824978233855038,0.08249782338550375,0.08249782338550377,0.08249782338550377,0.08249782338550375,0.08249782338550377,0.08249782338550375,0.08249782338550374,0.08249782338550377,0.08249782338550375,0.08249782338550374,0.08249782338550377,0.08249782338550378,0.08249782338550375,0.08249782338550375,0.0824978233855038,0.08249782338550378,0.08249782338550378,0.08249782338550378,0.08249782338550377,0.08249782338550377,0.08249782338550375,0.08249782338550377,0.08249782338550375,0.0824978233855038,0.0824978233855038,0.0824978233855038,0.08249782338550378,0.08249782338550377,0.08249782338550378,0.08249782338550378,0.08249782338550378,0.08249782338550377,0.08249782338550377,0.08249782338550377,0.0824978233855038,0.08249782338550378,0.08249782338550377,0.0824978233855038,0.08249782338550377,0.0824978233855038,0.08249782338550374,0.08249782338550377,0.08249782338550375,0.08249782338550377,0.08249782338550375,0.0824978233855038,0.08249782338550375,0.08249782338550375,0.08249782338550374,0.08249782338550374,0.08249782338550374,0.08249782338550374,0.08249782338550374,0.08249782338550374,0.08249782338550375,0.08249782338550372,0.08249782338550374,0.08249782338550374,0.08249782338550375,0.08249782338550374,0.08249782338550375,0.08249782338550372,0.08249782338550375,0.08249782338550374,0.08249782338550371,0.08249782338550374,0.08249782338550371,0.08249782338550371,0.08249782338550371,0.08249782338550371,0.08249782338550372,0.08249782338550374,0.08249782338550371,0.08249782338550371,0.0824978233855037,0.08249782338550371,0.08249782338550372,0.08249782338550372,0.08249782338550372,0.08249782338550371,0.08249782338550372,0.08249782338550372,0.08249782338550371,0.08249782338550371,0.08249782338550372,0.08249782338550371,0.08249782338550371,0.08249782338550372,0.08249782338550371,0.08249782338550374,0.08249782338550372,0.08249782338550371,0.08249782338550371,0.08249782338550371,0.08249782338550371,0.08249782338550374,0.08249782338550371,0.08249782338550374,0.08249782338550372,0.08249782338550375,0.08249782338550374,0.08249782338550371,0.08249782338550371,0.08249782338550371,0.08249782338550372,0.08249782338550371,0.08249782338550368,0.0824978233855037,0.08249782338550371,0.0824978233855037,0.08249782338550368,0.08249782338550368,0.08249782338550368,0.08249782338550368,0.0824978233855037,0.08249782338550368,0.0824978233855037,0.0824978233855037,0.08249782338550367,0.08249782338550368,0.08249782338550367,0.08249782338550367,0.08249782338550371,0.08249782338550367,0.08249782338550367,0.0824978233855037,0.08249782338550371,0.08249782338550368,0.0824978233855037,0.0824978233855037,0.08249782338550372,0.08249782338550372,0.08249782338550372,0.08249782338550374,0.08249782338550375,0.08249782338550374,0.08249782338550372,0.08249782338550371,0.08249782338550372,0.08249782338550374,0.08249782338550372,0.08249782338550374,0.08249782338550374,0.08249782338550371,0.08249782338550372,0.08249782338550372,0.08249782338550372,0.08249782338550372,0.08249782338550374,0.0824978233855037,0.08249782338550374,0.08249782338550374,0.08249782338550374,0.08249782338550374,0.08249782338550374,0.08249782338550372,0.08249782338550374,0.08249782338550374,0.08249782338550372,0.08249782338550375,0.08249782338550375,0.08249782338550372,0.08249782338550375,0.08249782338550375,0.08249782338550374,0.08249782338550374,0.08249782338550374,0.08249782338550374,0.08249782338550375,0.08249782338550375,0.08249782338550375,0.08249782338550374,0.08249782338550374,0.08249782338550377,0.08249782338550374,0.08249782338550375,0.08249782338550374,0.08249782338550374,0.08249782338550374,0.08249782338550375,0.08249782338550374,0.08249782338550372,0.08249782338550374,0.08249782338550374,0.08249782338550374,0.08249782338550371,0.08249782338550374,0.08249782338550375,0.08249782338550374,0.08249782338550375,0.08249782338550372,0.08249782338550377,0.08249782338550375,0.08249782338550375,0.08249782338550374,0.08249782338550374,0.08249782338550374,0.08249782338550374,0.08249782338550372,0.08249782338550372,0.08249782338550377,0.08249782338550375,0.08249782338550374,0.08249782338550374,0.08249782338550377,0.08249782338550375,0.08249782338550374,0.08249782338550374,0.08249782338550374,0.08249782338550374,0.08249782338550374,0.08249782338550374,0.08249782338550374,0.08249782338550371,0.08249782338550375,0.08249782338550375,0.08249782338550372,0.08249782338550372,0.08249782338550374,0.08249782338550374,0.08249782338550372,0.08249782338550374,0.08249782338550375,0.08249782338550372,0.08249782338550374,0.08249782338550374,0.08249782338550375,0.08249782338550374,0.08249782338550374,0.08249782338550375,0.08249782338550374,0.08249782338550374,0.08249782338550374,0.08249782338550374,0.08249782338550375,0.08249782338550372,0.08249782338550375,0.08249782338550372,0.08249782338550371,0.08249782338550374,0.08249782338550372,0.08249782338550374,0.0824978233855037,0.08249782338550374,0.08249782338550374,0.08249782338550374,0.08249782338550375,0.08249782338550375,0.08249782338550371,0.08249782338550375,0.08249782338550374,0.08249782338550377,0.08249782338550375,0.08249782338550372,0.08249782338550371,0.08249782338550372,0.08249782338550371,0.08249782338550374,0.08249782338550374,0.08249782338550371,0.08249782338550374,0.08249782338550372,0.08249782338550375,0.08249782338550374,0.08249782338550375,0.08249782338550371,0.08249782338550375,0.08249782338550371,0.08249782338550374,0.08249782338550375,0.08249782338550372,0.08249782338550371,0.08249782338550374,0.08249782338550371,0.08249782338550372,0.08249782338550372,0.08249782338550372,0.08249782338550374,0.08249782338550374,0.08249782338550372,0.08249782338550372,0.08249782338550372,0.08249782338550372,0.08249782338550371,0.08249782338550372,0.08249782338550374,0.08249782338550371,0.08249782338550372,0.08249782338550372,0.08249782338550372,0.0824978233855037,0.08249782338550371,0.08249782338550372,0.08249782338550374,0.08249782338550374,0.08249782338550372,0.08249782338550371,0.08249782338550372,0.0824978233855037,0.08249782338550368,0.08249782338550371,0.08249782338550368,0.0824978233855037,0.08249782338550371,0.08249782338550371,0.08249782338550371,0.0824978233855037,0.08249782338550371,0.08249782338550368,0.08249782338550371,0.08249782338550374,0.08249782338550371,0.08249782338550371,0.08249782338550372,0.0824978233855037,0.08249782338550371,0.08249782338550372,0.08249782338550371,0.08249782338550372,0.08249782338550371,0.0824978233855037,0.08249782338550371,0.08249782338550371,0.08249782338550371,0.08249782338550372,0.08249782338550371,0.08249782338550371,0.08249782338550372,0.08249782338550371,0.08249782338550374,0.08249782338550371,0.08249782338550372,0.08249782338550372,0.08249782338550371,0.08249782338550371,0.08249782338550375,0.08249782338550375,0.08249782338550374,0.08249782338550375,0.08249782338550374,0.08249782338550374,0.08249782338550372,0.08249782338550375,0.08249782338550372,0.08249782338550375,0.08249782338550374,0.08249782338550371,0.08249782338550374,0.08249782338550371,0.08249782338550371,0.08249782338550372,0.08249782338550374,0.08249782338550372,0.08249782338550375,0.08249782338550372,0.08249782338550368,0.08249782338550367,0.08249782338550367,0.08249782338550368,0.08249782338550371,0.0824978233855037,0.0824978233855037,0.08249782338550371,0.08249782338550371,0.08249782338550371,0.08249782338550371,0.08249782338550368,0.08249782338550371,0.08249782338550368,0.08249782338550368,0.08249782338550371,0.08249782338550371,0.08249782338550368,0.0824978233855037,0.0824978233855037,0.08249782338550368,0.08249782338550368,0.08249782338550372,0.0824978233855037,0.08249782338550372,0.08249782338550372,0.08249782338550372,0.08249782338550372,0.08249782338550371,0.08249782338550367,0.08249782338550367,0.08249782338550367,0.08249782338550367,0.08249782338550367,0.08249782338550368,0.0824978233855037,0.08249782338550371,0.08249782338550368,0.08249782338550367,0.08249782338550365,0.08249782338550368,0.0824978233855037,0.08249782338550367,0.08249782338550367,0.08249782338550371,0.08249782338550368,0.08249782338550367,0.08249782338550371,0.0824978233855037,0.08249782338550371,0.0824978233855037,0.08249782338550371,0.08249782338550371,0.08249782338550367,0.08249782338550367,0.08249782338550371,0.0824978233855037,0.0824978233855037,0.08249782338550367,0.08249782338550367,0.08249782338550364,0.08249782338550367,0.08249782338550367,0.08249782338550367,0.08249782338550368,0.08249782338550367,0.08249782338550367,0.08249782338550367,0.08249782338550367,0.08249782338550367,0.08249782338550368,0.08249782338550367,0.08249782338550367,0.08249782338550367,0.0824978233855037,0.08249782338550382,0.08249782338550371,0.08249782338550372,0.08249782338550374,0.08249782338550372,0.08249782338550374,0.08249782338550375,0.08249782338550374,0.08249782338550375,0.08249782338550374,0.08249782338550374,0.08249782338550374,0.08249782338550374,0.08249782338550374,0.08249782338550375,0.08249782338550372,0.08249782338550374,0.08249782338550374,0.08249782338550374,0.08249782338550372,0.08249782338550372,0.08249782338550372,0.08249782338550374,0.08249782338550375,0.08249782338550372,0.08249782338550374,0.08249782338550374,0.08249782338550372,0.08249782338550372,0.08249782338550372,0.08249782338550372,0.08249782338550372,0.08249782338550372,0.08249782338550372,0.08249782338550371,0.08249782338550374,0.08249782338550374,0.08249782338550372,0.08249782338550375,0.08249782338550374,0.08249782338550372,0.08249782338550374,0.08249782338550371,0.08249782338550374,0.08249782338550372,0.08249782338550375,0.08249782338550372,0.08249782338550375,0.08249782338550374,0.08249782338550374,0.08249782338550374,0.08249782338550375,0.08249782338550375,0.08249782338550375,0.08249782338550374,0.08249782338550372,0.08249782338550374,0.08249782338550371,0.08249782338550371,0.08249782338550372,0.08249782338550374,0.08249782338550375,0.08249782338550372,0.08249782338550371,0.08249782338550374,0.08249782338550371,0.08249782338550371,0.08249782338550374,0.0824978233855037,0.08249782338550374,0.08249782338550372,0.08249782338550374,0.08249782338550374,0.08249782338550371,0.08249782338550371,0.08249782338550371,0.08249782338550374,0.08249782338550374,0.08249782338550371,0.08249782338550374,0.08249782338550371,0.08249782338550375,0.08249782338550371,0.08249782338550372,0.08249782338550375,0.08249782338550372,0.08249782338550368,0.08249782338550371,0.0824978233855037,0.0824978233855037,0.08249782338550374,0.08249782338550371,0.08249782338550374,0.08249782338550374,0.08249782338550368,0.08249782338550375,0.08249782338550375,0.0824978233855037,0.08249782338550374,0.08249782338550371,0.08249782338550372,0.08249782338550372,0.08249782338550371,0.08249782338550372,0.08249782338550371,0.0824978233855037,0.08249782338550377,0.08249782338550372,0.08249782338550371,0.08249782338550372,0.08249782338550371,0.08249782338550372,0.08249782338550371,0.0824978233855037,0.08249782338550372,0.08249782338550371,0.08249782338550372,0.08249782338550371,0.08249782338550371,0.0824978233855037,0.08249782338550372,0.08249782338550371,0.08249782338550371,0.08249782338550372,0.08249782338550372,0.08249782338550372,0.08249782338550374,0.08249782338550371,0.08249782338550374,0.08249782338550371,0.08249782338550375,0.08249782338550374,0.0824978233855035,0.08249782338550389,0.08249782338550378,0.0824978233855038,0.0824978233855038,0.08249782338550378,0.0824978233855038,0.08249782338550378,0.0824978233855038,0.08249782338550378,0.0824978233855038,0.08249782338550378,0.08249782338550377,0.08249782338550377,0.08249782338550375,0.08249782338550375,0.08249782338550372,0.08249782338550375,0.08249782338550374,0.08249782338550374,0.08249782338550374,0.08249782338550374,0.08249782338550374,0.08249782338550377,0.08249782338550375,0.08249782338550377,0.0824978233855038,0.08249782338550374,0.08249782338550377,0.08249782338550377,0.08249782338550377,0.08249782338550374,0.08249782338550371,0.08249782338550375,0.08249782338550375,0.08249782338550375,0.08249782338550374,0.0824978233855038,0.08249782338550378,0.0824978233855038,0.08249782338550385,0.08249782338550381,0.08249782338550381,0.08249782338550382,0.0824978233855038,0.0824978233855038,0.0824978233855038,0.08249782338550381,0.08249782338550381,0.0824978233855038,0.08249782338550377,0.0824978233855038,0.08249782338550378,0.0824978233855038,0.08249782338550378,0.08249782338550378,0.08249782338550378,0.08249782338550375,0.0824978233855038,0.0824978233855038,0.08249782338550377,0.08249782338550375,0.08249782338550375,0.08249782338550374,0.08249782338550377,0.08249782338550378,0.08249782338550378,0.08249782338550377,0.08249782338550377,0.08249782338550378,0.08249782338550377,0.08249782338550377,0.0824978233855038,0.0824978233855038,0.08249782338550378,0.0824978233855038,0.08249782338550378,0.08249782338550378,0.0824978233855038,0.08249782338550378,0.08249782338550377,0.08249782338550377,0.08249782338550378,0.08249782338550377,0.08249782338550375,0.08249782338550375,0.08249782338550375,0.08249782338550372,0.08249782338550375,0.08249782338550375,0.08249782338550375,0.08249782338550375,0.08249782338550378,0.08249782338550375,0.08249782338550375,0.08249782338550375,0.08249782338550374,0.08249782338550375,0.08249782338550372,0.08249782338550378,0.08249782338550374,0.08249782338550375,0.08249782338550374,0.08249782338550375,0.08249782338550374,0.08249782338550374,0.08249782338550377,0.08249782338550375,0.08249782338550374,0.08249782338550374,0.08249782338550377,0.08249782338550377,0.08249782338550375,0.08249782338550374,0.08249782338550374,0.08249782338550375,0.08249782338550372,0.08249782338550374,0.08249782338550375,0.08249782338550374,0.08249782338550374,0.08249782338550377,0.08249782338550374,0.08249782338550371,0.08249782338550374,0.08249782338550372,0.08249782338550371,0.08249782338550374,0.08249782338550374,0.08249782338550375,0.08249782338550374,0.08249782338550374,0.08249782338550375,0.08249782338550374,0.08249782338550375,0.08249782338550375,0.08249782338550375,0.08249782338550374,0.08249782338550374,0.08249782338550374,0.08249782338550374,0.08249782338550375,0.08249782338550378,0.08249782338550375,0.08249782338550375,0.08249782338550374,0.08249782338550374,0.08249782338550372,0.08249782338550375,0.08249782338550375,0.08249782338550375,0.08249782338550375,0.08249782338550374,0.08249782338550375,0.08249782338550374,0.08249782338550374,0.08249782338550375,0.08249782338550374,0.08249782338550375,0.08249782338550372,0.08249782338550374,0.08249782338550374,0.08249782338550372,0.08249782338550374,0.08249782338550375,0.08249782338550372,0.08249782338550377,0.08249782338550374,0.08249782338550374,0.08249782338550374,0.08249782338550374,0.08249782338550375,0.08249782338550372,0.08249782338550375,0.08249782338550375,0.08249782338550374,0.08249782338550374,0.08249782338550372,0.08249782338550374,0.08249782338550371,0.08249782338550375,0.08249782338550371,0.08249782338550371,0.08249782338550374,0.08249782338550372,0.08249782338550375,0.08249782338550374,0.08249782338550374,0.08249782338550375,0.08249782338550371,0.08249782338550375,0.08249782338550374,0.08249782338550372,0.08249782338550371,0.08249782338550371,0.08249782338550371,0.08249782338550372,0.08249782338550372,0.08249782338550372,0.08249782338550374,0.08249782338550372,0.08249782338550371,0.0824978233855037,0.08249782338550371,0.08249782338550372,0.08249782338550372,0.08249782338550372,0.08249782338550371,0.08249782338550371,0.08249782338550371,0.08249782338550374,0.08249782338550371,0.08249782338550371,0.08249782338550374,0.08249782338550371,0.08249782338550374,0.08249782338550372,0.0824978233855037,0.08249782338550371,0.08249782338550372,0.08249782338550371,0.08249782338550375,0.08249782338550374,0.08249782338550374,0.08249782338550372,0.08249782338550372,0.08249782338550371,0.08249782338550374,0.08249782338550374,0.08249782338550377,0.08249782338550372,0.08249782338550361,0.08249782338550368,0.08249782338550367,0.08249782338550367,0.08249782338550371,0.0824978233855037,0.08249782338550368,0.0824978233855037,0.08249782338550368,0.08249782338550367,0.08249782338550371,0.08249782338550371,0.08249782338550372,0.08249782338550368,0.08249782338550372,0.08249782338550368,0.08249782338550371,0.08249782338550371,0.08249782338550371,0.08249782338550371,0.08249782338550371,0.08249782338550371,0.08249782338550371,0.08249782338550371,0.08249782338550371,0.08249782338550375,0.08249782338550371,0.0824978233855037,0.08249782338550371,0.08249782338550371,0.08249782338550368,0.08249782338550371,0.0824978233855037,0.08249782338550371,0.08249782338550372,0.08249782338550368,0.08249782338550371,0.08249782338550371,0.08249782338550372,0.08249782338550372,0.08249782338550377,0.08249782338550374,0.08249782338550372,0.08249782338550374,0.08249782338550374,0.08249782338550374,0.08249782338550374,0.08249782338550374,0.08249782338550375,0.0824978233855038,0.08249782338550375,0.08249782338550375,0.08249782338550377,0.0824978233855038,0.08249782338550377,0.0824978233855038,0.08249782338550377,0.08249782338550375,0.08249782338550377,0.08249782338550377,0.08249782338550374,0.08249782338550375,0.08249782338550378,0.08249782338550377,0.08249782338550378,0.08249782338550377,0.08249782338550377,0.0824978233855038,0.08249782338550377,0.08249782338550375,0.08249782338550374,0.08249782338550375,0.08249782338550375,0.08249782338550374,0.08249782338550374,0.08249782338550378,0.08249782338550377,0.08249782338550375,0.08249782338550375,0.08249782338550374,0.08249782338550374,0.08249782338550377,0.08249782338550377,0.08249782338550378,0.08249782338550378,0.08249782338550377,0.08249782338550377,0.08249782338550375,0.08249782338550377,0.08249782338550378,0.08249782338550377,0.08249782338550374,0.08249782338550374,0.08249782338550377,0.08249782338550375,0.08249782338550374,0.08249782338550375,0.08249782338550378,0.08249782338550377,0.08249782338550377,0.08249782338550378,0.08249782338550377,0.08249782338550377,0.08249782338550377,0.08249782338550377,0.08249782338550378,0.08249782338550378,0.08249782338550377,0.08249782338550375,0.08249782338550375,0.08249782338550375,0.08249782338550375,0.08249782338550374,0.08249782338550375,0.08249782338550374,0.08249782338550377,0.08249782338550377,0.0824978233855038,0.08249782338550374,0.08249782338550374,0.08249782338550374,0.08249782338550375,0.08249782338550368,0.08249782338550371,0.08249782338550374,0.08249782338550375,0.08249782338550372,0.08249782338550371,0.08249782338550372,0.08249782338550371,0.08249782338550372,0.08249782338550371,0.08249782338550372,0.08249782338550372,0.08249782338550371,0.08249782338550374,0.08249782338550371,0.08249782338550375,0.08249782338550374,0.08249782338550374,0.08249782338550374,0.08249782338550374,0.08249782338550377,0.08249782338550377,0.08249782338550372,0.08249782338550374,0.08249782338550371,0.08249782338550372,0.08249782338550374,0.08249782338550374,0.08249782338550374,0.08249782338550372,0.08249782338550372,0.08249782338550372,0.08249782338550371,0.08249782338550371,0.08249782338550374,0.08249782338550372,0.08249782338550372,0.08249782338550374,0.08249782338550371,0.08249782338550374,0.08249782338550372,0.08249782338550372,0.08249782338550375,0.08249782338550372,0.08249782338550374,0.08249782338550374,0.08249782338550374,0.08249782338550374,0.08249782338550374,0.08249782338550371,0.08249782338550371,0.08249782338550374,0.08249782338550374,0.08249782338550371,0.08249782338550372,0.08249782338550371,0.08249782338550374,0.08249782338550372,0.08249782338550371,0.08249782338550374,0.08249782338550374,0.08249782338550375,0.08249782338550374,0.08249782338550374,0.08249782338550371,0.08249782338550374,0.0824978233855038,0.08249782338550374,0.08249782338550374,0.08249782338550375,0.08249782338550375,0.08249782338550377,0.08249782338550375,0.08249782338550374,0.08249782338550374,0.08249782338550375,0.08249782338550377,0.08249782338550371,0.08249782338550372,0.08249782338550372,0.08249782338550374,0.08249782338550374,0.08249782338550372,0.08249782338550374,0.08249782338550374,0.08249782338550372,0.08249782338550371,0.08249782338550372,0.08249782338550374,0.08249782338550374,0.08249782338550375,0.08249782338550374,0.08249782338550371,0.08249782338550371,0.08249782338550372,0.08249782338550372,0.08249782338550367,0.0824978233855037,0.08249782338550372,0.08249782338550371,0.0824978233855037,0.08249782338550372,0.08249782338550367,0.08249782338550372,0.08249782338550371,0.08249782338550372,0.08249782338550371,0.08249782338550371,0.08249782338550371,0.0824978233855037,0.08249782338550372,0.08249782338550372,0.0824978233855037,0.08249782338550372,0.08249782338550372,0.08249782338550371,0.08249782338550371,0.08249782338550372,0.08249782338550371,0.08249782338550372,0.0824978233855037,0.08249782338550371,0.08249782338550374,0.08249782338550371,0.08249782338550372,0.08249782338550368,0.0824978233855037,0.08249782338550371,0.08249782338550371,0.08249782338550371,0.0824978233855037,0.08249782338550372,0.08249782338550371,0.08249782338550368,0.08249782338550371,0.08249782338550368,0.08249782338550371,0.0824978233855037,0.08249782338550371,0.08249782338550372,0.08249782338550374,0.08249782338550367,0.08249782338550371,0.08249782338550371,0.08249782338550371,0.08249782338550371,0.08249782338550371,0.08249782338550372,0.08249782338550374,0.08249782338550374,0.08249782338550371,0.08249782338550372,0.08249782338550375,0.08249782338550372,0.08249782338550375,0.08249782338550374,0.08249782338550371,0.08249782338550374,0.08249782338550371,0.08249782338550374,0.08249782338550371,0.08249782338550371,0.08249782338550372,0.08249782338550374,0.08249782338550372,0.08249782338550371,0.08249782338550371,0.08249782338550372,0.08249782338550372,0.08249782338550371,0.08249782338550371,0.08249782338550372,0.08249782338550372,0.08249782338550371,0.0824978233855037,0.08249782338550374,0.08249782338550372,0.08249782338550371,0.08249782338550372,0.0824978233855037,0.0824978233855037,0.08249782338550367,0.08249782338550368,0.08249782338550371,0.08249782338550371,0.08249782338550371,0.0824978233855037,0.08249782338550371,0.08249782338550368,0.08249782338550368,0.08249782338550367,0.0824978233855037,0.08249782338550368,0.08249782338550371,0.08249782338550367,0.08249782338550367,0.08249782338550367,0.08249782338550368,0.08249782338550367,0.0824978233855037,0.08249782338550367,0.08249782338550368,0.08249782338550367,0.08249782338550367,0.08249782338550367,0.08249782338550368,0.08249782338550367,0.0824978233855037,0.0824978233855037,0.08249782338550367,0.08249782338550368,0.08249782338550367,0.08249782338550368,0.08249782338550367,0.08249782338550365,0.08249782338550368,0.0824978233855037,0.08249782338550371,0.08249782338550368,0.0824978233855037,0.0824978233855037,0.0824978233855037,0.0824978233855037,0.08249782338550368,0.08249782338550368,0.08249782338550372,0.08249782338550372,0.08249782338550374,0.08249782338550371,0.08249782338550372,0.08249782338550372,0.08249782338550375,0.08249782338550371,0.08249782338550374,0.08249782338550374,0.08249782338550372,0.08249782338550374,0.08249782338550371,0.08249782338550374,0.08249782338550374,0.08249782338550371,0.08249782338550374,0.08249782338550371,0.08249782338550375,0.08249782338550372,0.08249782338550374,0.08249782338550375,0.08249782338550374,0.08249782338550372,0.08249782338550374,0.08249782338550372,0.08249782338550374,0.08249782338550375,0.08249782338550371,0.08249782338550374,0.08249782338550372,0.08249782338550372,0.08249782338550372,0.08249782338550375,0.08249782338550371,0.08249782338550374,0.08249782338550372,0.08249782338550371,0.08249782338550374,0.08249782338550372,0.08249782338550372,0.08249782338550372,0.08249782338550374,0.08249782338550374,0.08249782338550372,0.08249782338550372,0.08249782338550374,0.0824978233855037,0.08249782338550375,0.08249782338550371,0.08249782338550372,0.08249782338550371,0.08249782338550375,0.08249782338550372,0.08249782338550371,0.08249782338550372,0.08249782338550371,0.08249782338550372,0.08249782338550371,0.08249782338550371,0.08249782338550372,0.08249782338550372,0.08249782338550374,0.08249782338550372,0.08249782338550372,0.08249782338550374,0.08249782338550372,0.08249782338550374,0.08249782338550375,0.08249782338550375,0.08249782338550372,0.08249782338550372,0.08249782338550375,0.08249782338550372,0.08249782338550374,0.08249782338550371,0.08249782338550372,0.08249782338550371,0.08249782338550371,0.08249782338550375,0.08249782338550372,0.08249782338550375,0.08249782338550374,0.08249782338550372,0.08249782338550374,0.08249782338550374,0.08249782338550374,0.08249782338550377,0.08249782338550371,0.08249782338550375,0.08249782338550375,0.08249782338550375,0.08249782338550375,0.0824978233855038,0.08249782338550375,0.0824978233855038,0.08249782338550375,0.08249782338550377,0.08249782338550378,0.08249782338550377,0.08249782338550377,0.0824978233855038,0.08249782338550374,0.08249782338550375,0.08249782338550375,0.08249782338550378,0.08249782338550377,0.08249782338550375,0.08249782338550377,0.08249782338550375,0.08249782338550375,0.0824978233855038,0.08249782338550377,0.08249782338550377,0.08249782338550375,0.08249782338550375,0.08249782338550377,0.08249782338550377,0.08249782338550377,0.08249782338550377,0.08249782338550374,0.08249782338550378,0.08249782338550375,0.08249782338550375,0.08249782338550377,0.08249782338550378,0.08249782338550377,0.08249782338550375,0.08249782338550377,0.0824978233855038,0.0824978233855038,0.08249782338550375,0.0824978233855038,0.08249782338550378,0.08249782338550375,0.08249782338550378,0.08249782338550377,0.08249782338550378,0.0824978233855038,0.08249782338550377,0.0824978233855038,0.0824978233855038,0.08249782338550377,0.08249782338550377,0.08249782338550372,0.08249782338550375,0.08249782338550375,0.08249782338550377,0.08249782338550375,0.08249782338550377,0.08249782338550374,0.08249782338550377,0.08249782338550374,0.08249782338550377,0.08249782338550377,0.08249782338550377,0.08249782338550375,0.08249782338550375,0.08249782338550377,0.08249782338550372,0.08249782338550377,0.08249782338550375,0.08249782338550374,0.08249782338550377,0.08249782338550375,0.08249782338550375,0.08249782338550374,0.08249782338550375,0.08249782338550375,0.08249782338550375,0.08249782338550375,0.08249782338550375,0.08249782338550374,0.0824978233855038,0.08249782338550375,0.08249782338550378,0.08249782338550375,0.08249782338550375,0.08249782338550377,0.08249782338550375,0.08249782338550377,0.08249782338550375,0.08249782338550377,0.08249782338550375,0.08249782338550377,0.08249782338550374,0.0824978233855038,0.08249782338550375,0.08249782338550377,0.08249782338550377,0.0824978233855038,0.08249782338550377,0.08249782338550377,0.08249782338550378,0.0824978233855038,0.08249782338550374,0.08249782338550378,0.08249782338550374,0.0824978233855038,0.08249782338550377,0.08249782338550378,0.08249782338550377,0.08249782338550378,0.08249782338550375,0.08249782338550378,0.08249782338550372,0.08249782338550375,0.08249782338550374,0.08249782338550374,0.08249782338550375,0.08249782338550377,0.08249782338550375,0.08249782338550375,0.0824978233855038,0.08249782338550377,0.08249782338550374,0.08249782338550375,0.08249782338550374,0.08249782338550374,0.08249782338550372,0.08249782338550375,0.08249782338550375,0.08249782338550375,0.08249782338550375,0.08249782338550378,0.08249782338550377,0.08249782338550375,0.08249782338550374,0.08249782338550374,0.08249782338550377,0.08249782338550374,0.08249782338550377,0.08249782338550374,0.08249782338550374,0.08249782338550374,0.08249782338550375,0.08249782338550375,0.08249782338550374,0.08249782338550374,0.08249782338550374,0.08249782338550375,0.08249782338550374,0.08249782338550374,0.08249782338550375,0.08249782338550374,0.08249782338550377,0.08249782338550378,0.08249782338550372,0.08249782338550372,0.08249782338550378,0.08249782338550375,0.08249782338550371,0.08249782338550375,0.08249782338550375,0.08249782338550374,0.08249782338550374,0.08249782338550374,0.08249782338550371,0.08249782338550372,0.08249782338550374,0.08249782338550371,0.08249782338550372,0.08249782338550375,0.08249782338550372,0.08249782338550372,0.08249782338550375,0.08249782338550374,0.08249782338550377,0.08249782338550374,0.08249782338550374,0.08249782338550375,0.08249782338550377,0.08249782338550374,0.08249782338550374,0.08249782338550372,0.08249782338550374,0.08249782338550374,0.08249782338550374,0.08249782338550375,0.08249782338550372,0.08249782338550374,0.08249782338550374,0.08249782338550375,0.08249782338550374,0.08249782338550374,0.08249782338550374,0.08249782338550375,0.08249782338550377,0.08249782338550377,0.08249782338550374,0.08249782338550375,0.08249782338550374,0.08249782338550375,0.08249782338550374,0.08249782338550371,0.08249782338550374,0.08249782338550374,0.08249782338550374,0.08249782338550374,0.08249782338550374,0.08249782338550375,0.08249782338550375,0.08249782338550372,0.08249782338550375,0.08249782338550372,0.08249782338550374,0.08249782338550375,0.08249782338550372,0.08249782338550377,0.08249782338550374,0.08249782338550374,0.08249782338550377,0.08249782338550374,0.08249782338550374,0.08249782338550374,0.08249782338550371,0.08249782338550374,0.08249782338550374,0.08249782338550371,0.08249782338550375,0.08249782338550374,0.08249782338550375,0.08249782338550378,0.08249782338550374,0.08249782338550374,0.08249782338550374,0.08249782338550375,0.08249782338550375,0.08249782338550375,0.08249782338550377,0.08249782338550374,0.08249782338550374,0.08249782338550371,0.08249782338550374,0.08249782338550374,0.08249782338550377,0.08249782338550372,0.08249782338550374,0.08249782338550374,0.08249782338550375,0.08249782338550374,0.08249782338550374,0.08249782338550377,0.08249782338550375,0.08249782338550375,0.08249782338550375,0.08249782338550375,0.08249782338550374,0.08249782338550374,0.08249782338550371,0.08249782338550375,0.08249782338550375,0.08249782338550375,0.08249782338550377,0.08249782338550372,0.08249782338550375,0.08249782338550375,0.08249782338550374,0.08249782338550374,0.08249782338550374,0.08249782338550374,0.08249782338550374,0.08249782338550374,0.08249782338550375,0.08249782338550374,0.08249782338550374,0.08249782338550374,0.08249782338550375,0.08249782338550371,0.08249782338550375,0.08249782338550375,0.08249782338550374,0.08249782338550374,0.08249782338550377,0.08249782338550372,0.08249782338550374,0.08249782338550374,0.08249782338550375,0.08249782338550375,0.08249782338550374,0.08249782338550375,0.08249782338550375,0.08249782338550368,0.08249782338550371,0.08249782338550372,0.08249782338550374,0.0824978233855037,0.08249782338550371,0.08249782338550372,0.08249782338550372,0.08249782338550371,0.08249782338550374,0.08249782338550374,0.08249782338550374,0.08249782338550371,0.08249782338550374,0.08249782338550374,0.08249782338550371,0.08249782338550371,0.08249782338550371,0.08249782338550371,0.08249782338550372,0.08249782338550372,0.08249782338550371,0.08249782338550371,0.08249782338550371,0.08249782338550371,0.08249782338550372,0.0824978233855037,0.0824978233855037,0.08249782338550371,0.08249782338550371,0.08249782338550371,0.0824978233855037,0.08249782338550371,0.08249782338550372,0.08249782338550368,0.08249782338550371,0.08249782338550371,0.0824978233855037,0.08249782338550371,0.08249782338550371,0.08249782338550371,0.08249782338550371,0.0824978233855037,0.0824978233855037,0.08249782338550371,0.0824978233855037,0.08249782338550368,0.08249782338550371,0.0824978233855037,0.0824978233855037,0.08249782338550371,0.08249782338550372,0.08249782338550372,0.08249782338550393,0.08249782338550372,0.0824978233855037,0.08249782338550389,0.08249782338550388,0.0824978233855039,0.08249782338550386,0.0824978233855039,0.08249782338550371,0.08249782338550378,0.0824978233855039,0.08249782338550389,0.08249782338550386,0.0824978233855038,0.08249782338550378,0.0824978233855038,0.08249782338550378,0.08249782338550377,0.0824978233855038,0.08249782338550363,0.08249782338550377,0.0824978233855038,0.08249782338550382,0.08249782338550386,0.08249782338550365,0.08249782338550371,0.08249782338550372,0.08249782338550372,0.08249782338550377,0.08249782338550375,0.08249782338550375,0.08249782338550374,0.08249782338550374,0.08249782338550374,0.08249782338550374,0.08249782338550375,0.08249782338550375,0.08249782338550374,0.08249782338550377,0.08249782338550374,0.08249782338550377,0.08249782338550374,0.08249782338550374,0.08249782338550375,0.08249782338550378,0.08249782338550375,0.08249782338550374,0.08249782338550374,0.08249782338550375,0.08249782338550374,0.08249782338550374,0.08249782338550372,0.08249782338550374,0.08249782338550375,0.08249782338550374,0.08249782338550375,0.08249782338550374,0.08249782338550374,0.08249782338550374,0.08249782338550375,0.08249782338550372,0.08249782338550372,0.08249782338550372,0.08249782338550375,0.08249782338550374,0.08249782338550374,0.08249782338550377,0.08249782338550374,0.08249782338550374,0.08249782338550375,0.08249782338550377,0.08249782338550377,0.08249782338550374,0.08249782338550375,0.08249782338550377,0.08249782338550378,0.08249782338550377,0.08249782338550381,0.08249782338550381,0.08249782338550367,0.08249782338550382,0.08249782338550384,0.08249782338550381,0.08249782338550371,0.08249782338550374,0.08249782338550375,0.08249782338550375,0.08249782338550374,0.08249782338550374,0.08249782338550375,0.08249782338550374,0.08249782338550375,0.08249782338550375,0.08249782338550385,0.0824978233855038,0.08249782338550381,0.08249782338550368,0.08249782338550388,0.08249782338550375,0.08249782338550377,0.08249782338550378,0.0824978233855038,0.0824978233855038,0.08249782338550374,0.08249782338550378,0.08249782338550374,0.08249782338550375,0.08249782338550374,0.08249782338550375,0.08249782338550375,0.08249782338550375,0.0824978233855038,0.08249782338550377,0.08249782338550377,0.08249782338550377,0.08249782338550377,0.08249782338550375,0.08249782338550377,0.08249782338550374,0.08249782338550377,0.08249782338550374,0.08249782338550374,0.08249782338550374,0.08249782338550375,0.08249782338550371,0.08249782338550372,0.08249782338550371,0.08249782338550372,0.08249782338550374,0.08249782338550375,0.08249782338550374,0.08249782338550371,0.08249782338550371,0.08249782338550372,0.08249782338550374,0.08249782338550374,0.08249782338550372,0.08249782338550371,0.08249782338550374,0.08249782338550375,0.08249782338550371,0.08249782338550374,0.08249782338550374,0.08249782338550374,0.08249782338550374,0.08249782338550374,0.08249782338550375,0.08249782338550374,0.08249782338550374,0.08249782338550375,0.08249782338550374,0.08249782338550374,0.08249782338550374,0.08249782338550371,0.08249782338550375,0.08249782338550374,0.08249782338550371,0.08249782338550374,0.08249782338550372,0.08249782338550374,0.08249782338550374,0.08249782338550374,0.08249782338550374,0.08249782338550372,0.08249782338550371,0.08249782338550374,0.08249782338550374,0.08249782338550372,0.08249782338550375,0.08249782338550374,0.08249782338550375,0.08249782338550374,0.08249782338550372,0.08249782338550372,0.08249782338550374,0.08249782338550374,0.08249782338550374,0.08249782338550374,0.08249782338550372,0.08249782338550374,0.08249782338550372,0.08249782338550371,0.08249782338550372,0.08249782338550372,0.08249782338550374,0.08249782338550372,0.08249782338550375,0.08249782338550374,0.08249782338550374,0.08249782338550374,0.08249782338550372,0.08249782338550374,0.08249782338550375,0.08249782338550374,0.08249782338550372,0.08249782338550372,0.08249782338550374,0.08249782338550374,0.08249782338550374,0.08249782338550372,0.08249782338550375,0.08249782338550372,0.08249782338550374,0.08249782338550374,0.08249782338550372,0.08249782338550375,0.08249782338550374,0.08249782338550375,0.08249782338550371,0.08249782338550374,0.08249782338550375,0.08249782338550375,0.08249782338550374,0.08249782338550372,0.08249782338550375,0.08249782338550374,0.08249782338550374,0.08249782338550374,0.08249782338550375,0.08249782338550372,0.08249782338550375,0.08249782338550374,0.08249782338550374,0.08249782338550375,0.08249782338550374,0.08249782338550374,0.08249782338550375,0.08249782338550374,0.08249782338550374,0.08249782338550372,0.08249782338550371,0.08249782338550374,0.08249782338550374,0.08249782338550375,0.08249782338550374,0.08249782338550374,0.08249782338550374,0.08249782338550374,0.08249782338550375,0.08249782338550374,0.08249782338550372,0.08249782338550375,0.08249782338550374,0.0824978233855037,0.08249782338550374,0.0824978233855037,0.08249782338550371,0.08249782338550371,0.08249782338550371,0.08249782338550371,0.08249782338550371,0.08249782338550372,0.08249782338550371,0.08249782338550371,0.08249782338550368,0.0824978233855037,0.08249782338550371,0.0824978233855037,0.08249782338550371,0.08249782338550371,0.08249782338550368,0.0824978233855037,0.08249782338550371,0.08249782338550371,0.08249782338550367,0.0824978233855037,0.08249782338550367,0.08249782338550368,0.0824978233855037,0.08249782338550367,0.08249782338550365,0.08249782338550367,0.08249782338550365,0.08249782338550365,0.08249782338550367,0.08249782338550367,0.08249782338550365,0.08249782338550367,0.08249782338550365,0.08249782338550365,0.08249782338550365,0.08249782338550367,0.08249782338550365,0.08249782338550364,0.08249782338550364,0.08249782338550365,0.08249782338550364,0.08249782338550367,0.08249782338550363,0.08249782338550363,0.0824978233855036,0.08249782338550363,0.08249782338550365,0.08249782338550365,0.08249782338550363,0.08249782338550367,0.08249782338550367,0.08249782338550363,0.08249782338550364,0.08249782338550364,0.08249782338550365,0.08249782338550364,0.08249782338550364,0.08249782338550364,0.08249782338550364,0.08249782338550364,0.08249782338550365,0.08249782338550365,0.08249782338550367,0.08249782338550367,0.08249782338550365,0.08249782338550367,0.08249782338550365,0.08249782338550367,0.08249782338550367,0.08249782338550368,0.08249782338550367,0.0824978233855037,0.08249782338550365,0.08249782338550367,0.08249782338550367,0.08249782338550365,0.08249782338550367,0.08249782338550367,0.08249782338550367,0.08249782338550367,0.08249782338550365,0.08249782338550364,0.08249782338550365,0.08249782338550367,0.08249782338550367,0.08249782338550367,0.08249782338550367,0.08249782338550365,0.08249782338550365,0.08249782338550367,0.08249782338550367,0.08249782338550367,0.08249782338550367,0.08249782338550361,0.08249782338550357,0.08249782338550367,0.08249782338550368,0.08249782338550359,0.08249782338550361,0.0824978233855036,0.0824978233855036,0.08249782338550363,0.08249782338550365,0.08249782338550365,0.08249782338550365,0.08249782338550367,0.08249782338550364,0.08249782338550365,0.08249782338550367,0.08249782338550365,0.08249782338550364,0.08249782338550367,0.08249782338550361,0.08249782338550359,0.08249782338550357,0.08249782338550359,0.08249782338550356,0.08249782338550347,0.08249782338550349,0.08249782338550349,0.08249782338550347,0.08249782338550349,0.08249782338550349,0.08249782338550342,0.08249782338550342,0.08249782338550345,0.08249782338550338,0.08249782338550352,0.08249782338550343,0.08249782338550347,0.08249782338550342,0.08249782338550346,0.08249782338550345,0.08249782338550346,0.0824978233855035,0.08249782338550352,0.0824978233855035,0.08249782338550352,0.0824978233855035,0.0824978233855035,0.0824978233855035,0.0824978233855035,0.0824978233855035,0.0824978233855035,0.08249782338550349,0.08249782338550347,0.0824978233855035,0.0824978233855035,0.0824978233855035,0.0824978233855035,0.0824978233855035,0.08249782338550346,0.08249782338550347,0.08249782338550352,0.0824978233855035,0.08249782338550345,0.08249782338550349,0.08249782338550347,0.08249782338550349,0.08249782338550352,0.0824978233855035,0.0824978233855035,0.0824978233855035,0.0824978233855035,0.08249782338550347,0.08249782338550354,0.08249782338550352,0.08249782338550352,0.0824978233855035,0.08249782338550352,0.08249782338550352,0.08249782338550353,0.0824978233855035,0.08249782338550352,0.0824978233855035,0.08249782338550352,0.08249782338550352,0.0824978233855035,0.0824978233855035,0.08249782338550352,0.08249782338550352,0.0824978233855035,0.0824978233855035,0.08249782338550352,0.0824978233855035,0.08249782338550352,0.08249782338550347,0.08249782338550352,0.08249782338550352,0.0824978233855035,0.0824978233855035,0.0824978233855035,0.0824978233855035,0.08249782338550352,0.0824978233855035,0.0824978233855035,0.0824978233855035,0.0824978233855035,0.0824978233855035,0.0824978233855035,0.0824978233855035,0.0824978233855035,0.08249782338550352,0.08249782338550352,0.0824978233855035,0.08249782338550352,0.0824978233855035,0.08249782338550347,0.0824978233855035,0.0824978233855035,0.0824978233855035,0.0824978233855035,0.0824978233855035,0.0824978233855035,0.0824978233855035,0.0824978233855035,0.08249782338550352,0.0824978233855035,0.0824978233855035,0.08249782338550352,0.08249782338550352,0.0824978233855035,0.08249782338550352,0.0824978233855035,0.08249782338550352,0.0824978233855035,0.0824978233855035,0.08249782338550347,0.0824978233855035,0.08249782338550352,0.0824978233855035,0.08249782338550352,0.08249782338550349,0.0824978233855035,0.08249782338550349,0.0824978233855035,0.08249782338550352,0.0824978233855035,0.0824978233855035,0.0824978233855035,0.08249782338550352,0.0824978233855035,0.08249782338550352,0.08249782338550354,0.08249782338550352,0.0824978233855035,0.08249782338550354,0.08249782338550352,0.08249782338550353,0.08249782338550352,0.08249782338550353,0.08249782338550352,0.08249782338550352,0.08249782338550353,0.08249782338550353,0.08249782338550352,0.08249782338550353,0.08249782338550352,0.0824978233855035,0.08249782338550352,0.08249782338550349,0.0824978233855035,0.08249782338550352,0.0824978233855035,0.08249782338550352,0.08249782338550353,0.0824978233855035,0.08249782338550352,0.0824978233855035,0.08249782338550349,0.08249782338550352,0.08249782338550352,0.0824978233855035,0.0824978233855035,0.08249782338550352,0.08249782338550352,0.0824978233855035,0.0824978233855035,0.0824978233855035,0.0824978233855035,0.08249782338550352,0.0824978233855035,0.0824978233855035,0.08249782338550352,0.08249782338550353,0.0824978233855035,0.0824978233855035,0.08249782338550353,0.0824978233855035,0.0824978233855035,0.08249782338550352,0.0824978233855035,0.08249782338550352,0.0824978233855035,0.0824978233855035,0.08249782338550352,0.0824978233855035,0.0824978233855035,0.0824978233855035,0.0824978233855035,0.0824978233855035,0.08249782338550353,0.0824978233855035,0.0824978233855035,0.08249782338550352,0.0824978233855035,0.08249782338550353,0.0824978233855035,0.0824978233855035,0.0824978233855035,0.0824978233855035,0.08249782338550353,0.0824978233855035,0.08249782338550353,0.0824978233855035,0.08249782338550352,0.0824978233855035,0.08249782338550353,0.0824978233855035,0.08249782338550352,0.08249782338550352,0.08249782338550352,0.08249782338550352,0.0824978233855035,0.08249782338550352,0.08249782338550349,0.0824978233855035,0.08249782338550352,0.08249782338550349,0.0824978233855035,0.08249782338550352,0.08249782338550352,0.08249782338550352,0.08249782338550353,0.08249782338550352,0.0824978233855035,0.0824978233855035,0.08249782338550352,0.0824978233855035,0.08249782338550352,0.08249782338550352,0.08249782338550352,0.08249782338550352,0.08249782338550352,0.0824978233855035,0.0824978233855035,0.0824978233855035,0.08249782338550352,0.08249782338550352,0.0824978233855035,0.08249782338550346,0.08249782338550346,0.08249782338550347,0.08249782338550346,0.08249782338550349,0.08249782338550349,0.08249782338550353,0.0824978233855035,0.0824978233855035,0.08249782338550349,0.08249782338550352,0.08249782338550352,0.08249782338550352,0.0824978233855035,0.08249782338550352,0.0824978233855035,0.08249782338550352,0.08249782338550352,0.08249782338550354,0.08249782338550353,0.08249782338550353,0.08249782338550353,0.08249782338550353,0.08249782338550354,0.08249782338550353,0.08249782338550354,0.08249782338550353,0.08249782338550353,0.08249782338550353,0.08249782338550354,0.08249782338550353,0.08249782338550354,0.08249782338550356,0.08249782338550354,0.08249782338550356,0.08249782338550357,0.08249782338550361,0.0824978233855036,0.0824978233855036,0.0824978233855036,0.0824978233855036,0.0824978233855036,0.0824978233855036,0.08249782338550359,0.0824978233855036,0.08249782338550357,0.08249782338550357,0.08249782338550359,0.08249782338550363,0.08249782338550363,0.08249782338550363,0.0824978233855036,0.08249782338550361,0.0824978233855036,0.08249782338550361,0.08249782338550363,0.08249782338550367,0.08249782338550364,0.08249782338550363,0.08249782338550363,0.08249782338550364,0.08249782338550364,0.08249782338550363,0.08249782338550364,0.08249782338550363,0.08249782338550363,0.08249782338550363,0.08249782338550363,0.08249782338550363,0.08249782338550363,0.08249782338550363,0.08249782338550364,0.08249782338550363,0.08249782338550363,0.08249782338550363,0.08249782338550363,0.08249782338550364,0.08249782338550364,0.08249782338550363,0.08249782338550364,0.08249782338550364,0.08249782338550363,0.08249782338550363,0.08249782338550363,0.08249782338550365,0.08249782338550365,0.08249782338550365,0.08249782338550365,0.08249782338550364,0.08249782338550364,0.08249782338550363,0.08249782338550364,0.08249782338550364,0.08249782338550365,0.08249782338550367,0.08249782338550367,0.08249782338550367,0.08249782338550365,0.08249782338550365,0.08249782338550365,0.08249782338550365,0.08249782338550367,0.08249782338550365,0.08249782338550365,0.08249782338550365,0.08249782338550367,0.08249782338550364,0.08249782338550367,0.08249782338550365,0.08249782338550367,0.08249782338550365,0.0824978233855037,0.08249782338550367,0.08249782338550368,0.08249782338550365,0.08249782338550368,0.08249782338550367,0.08249782338550365,0.08249782338550367,0.08249782338550367,0.08249782338550367,0.08249782338550365,0.08249782338550367,0.08249782338550364,0.08249782338550367,0.08249782338550365,0.08249782338550367,0.08249782338550367,0.08249782338550367,0.08249782338550368,0.08249782338550368,0.08249782338550365,0.08249782338550368,0.0824978233855037,0.08249782338550367,0.08249782338550368,0.0824978233855037,0.0824978233855037,0.08249782338550368,0.08249782338550367,0.08249782338550365,0.08249782338550368,0.08249782338550368,0.08249782338550371,0.0824978233855037,0.0824978233855037,0.0824978233855037,0.0824978233855037,0.08249782338550371,0.08249782338550368,0.08249782338550367,0.08249782338550371,0.0824978233855037,0.08249782338550368,0.08249782338550368,0.08249782338550365,0.08249782338550368,0.08249782338550367,0.0824978233855037,0.08249782338550367,0.08249782338550365,0.0824978233855037,0.08249782338550368,0.08249782338550367,0.0824978233855037,0.0824978233855037,0.08249782338550365,0.08249782338550371,0.08249782338550368,0.08249782338550367,0.08249782338550368,0.0824978233855037,0.08249782338550371,0.08249782338550368,0.0824978233855037,0.08249782338550371,0.08249782338550372,0.0824978233855037,0.08249782338550361,0.08249782338550364,0.08249782338550364,0.08249782338550367,0.08249782338550365,0.08249782338550365,0.08249782338550365,0.08249782338550363,0.08249782338550364,0.08249782338550364,0.08249782338550364,0.08249782338550365,0.08249782338550367,0.08249782338550365,0.08249782338550367,0.08249782338550367,0.08249782338550363,0.08249782338550364,0.08249782338550364,0.08249782338550363,0.08249782338550365,0.08249782338550364,0.08249782338550364,0.08249782338550364,0.08249782338550367,0.08249782338550363,0.08249782338550364,0.08249782338550365,0.08249782338550364,0.08249782338550365,0.08249782338550365,0.08249782338550365,0.08249782338550367,0.08249782338550367,0.08249782338550365,0.08249782338550365,0.08249782338550365,0.08249782338550368,0.08249782338550365,0.08249782338550367,0.08249782338550364,0.08249782338550364,0.08249782338550367,0.08249782338550365,0.08249782338550364,0.08249782338550367,0.08249782338550367,0.08249782338550367,0.08249782338550363,0.08249782338550363,0.08249782338550365,0.08249782338550364,0.08249782338550365,0.08249782338550367,0.08249782338550364,0.08249782338550367,0.08249782338550365,0.08249782338550367,0.08249782338550364,0.08249782338550364,0.08249782338550367,0.08249782338550364,0.08249782338550364,0.08249782338550367,0.08249782338550364,0.08249782338550364,0.08249782338550364,0.08249782338550364,0.08249782338550361,0.08249782338550367,0.08249782338550364,0.08249782338550364,0.08249782338550365,0.08249782338550365,0.08249782338550365,0.08249782338550367,0.08249782338550365,0.08249782338550364,0.08249782338550367,0.08249782338550365,0.08249782338550364,0.08249782338550367,0.08249782338550367,0.08249782338550365,0.08249782338550367,0.08249782338550364,0.08249782338550365,0.08249782338550367,0.08249782338550365,0.08249782338550365,0.08249782338550365,0.08249782338550367,0.08249782338550363,0.08249782338550365,0.08249782338550365,0.08249782338550365,0.08249782338550364,0.08249782338550364,0.08249782338550365,0.08249782338550363,0.08249782338550364,0.08249782338550364,0.08249782338550364,0.08249782338550367,0.08249782338550363,0.08249782338550364,0.08249782338550364,0.08249782338550367,0.08249782338550364,0.08249782338550364,0.08249782338550364,0.08249782338550365,0.08249782338550364,0.08249782338550364,0.08249782338550363,0.08249782338550365,0.08249782338550367,0.08249782338550364,0.08249782338550368,0.08249782338550364,0.08249782338550365,0.08249782338550364,0.08249782338550365,0.08249782338550365,0.08249782338550365,0.08249782338550367,0.08249782338550363,0.08249782338550367,0.08249782338550363,0.08249782338550364,0.08249782338550365,0.08249782338550365,0.08249782338550365,0.08249782338550363,0.08249782338550364,0.08249782338550364,0.08249782338550365,0.08249782338550363,0.08249782338550365,0.08249782338550365,0.08249782338550365,0.08249782338550371,0.08249782338550365,0.08249782338550368,0.08249782338550365,0.08249782338550368,0.08249782338550364,0.08249782338550365,0.08249782338550364,0.08249782338550367,0.08249782338550364,0.0824978233855037,0.08249782338550364,0.08249782338550364,0.08249782338550364,0.08249782338550364,0.08249782338550368,0.08249782338550367,0.08249782338550368,0.08249782338550365,0.0824978233855037,0.08249782338550372,0.08249782338550367,0.08249782338550367,0.08249782338550367,0.08249782338550367,0.08249782338550367,0.08249782338550367,0.08249782338550368,0.08249782338550365,0.08249782338550368,0.0824978233855037,0.08249782338550368,0.08249782338550367,0.08249782338550368,0.08249782338550368,0.0824978233855037,0.08249782338550368,0.0824978233855037,0.08249782338550365,0.08249782338550367,0.08249782338550365,0.08249782338550368,0.08249782338550368,0.0824978233855037,0.08249782338550368,0.08249782338550368,0.08249782338550364,0.08249782338550367,0.08249782338550367,0.08249782338550365,0.08249782338550367,0.08249782338550363,0.08249782338550367,0.08249782338550367,0.08249782338550367,0.08249782338550367,0.08249782338550365,0.08249782338550365,0.08249782338550365,0.08249782338550364,0.08249782338550367,0.08249782338550365,0.08249782338550365,0.08249782338550364,0.08249782338550364,0.08249782338550367,0.08249782338550367,0.08249782338550367,0.08249782338550367,0.08249782338550367,0.08249782338550367,0.08249782338550364,0.08249782338550363,0.08249782338550365,0.08249782338550364,0.08249782338550363,0.08249782338550365,0.08249782338550364,0.08249782338550365,0.08249782338550367,0.08249782338550364,0.08249782338550363,0.08249782338550365,0.08249782338550364,0.08249782338550364,0.08249782338550363,0.08249782338550365,0.08249782338550371,0.08249782338550365,0.08249782338550368,0.08249782338550365,0.08249782338550368,0.0824978233855037,0.08249782338550367,0.08249782338550367,0.08249782338550365,0.08249782338550365,0.08249782338550367,0.0824978233855037,0.08249782338550368,0.08249782338550365,0.08249782338550368,0.08249782338550368,0.08249782338550367,0.08249782338550365,0.08249782338550364,0.08249782338550364,0.08249782338550359,0.08249782338550359,0.08249782338550357,0.08249782338550357,0.08249782338550356,0.08249782338550359,0.08249782338550356,0.08249782338550356,0.08249782338550354,0.08249782338550357,0.08249782338550359,0.08249782338550359,0.08249782338550359,0.08249782338550359,0.08249782338550359,0.08249782338550359,0.08249782338550359,0.0824978233855035,0.08249782338550356,0.08249782338550354,0.08249782338550353,0.08249782338550354,0.08249782338550354,0.08249782338550354,0.08249782338550353,0.08249782338550354,0.08249782338550356,0.08249782338550356,0.08249782338550356,0.08249782338550353,0.08249782338550353,0.08249782338550354,0.08249782338550356,0.08249782338550353,0.08249782338550352,0.08249782338550353,0.08249782338550353,0.08249782338550352,0.08249782338550353,0.08249782338550353,0.0824978233855035,0.08249782338550352,0.08249782338550353,0.08249782338550354,0.08249782338550353,0.08249782338550353,0.08249782338550352,0.08249782338550354,0.08249782338550353,0.08249782338550354,0.08249782338550353,0.08249782338550354,0.08249782338550354,0.08249782338550353,0.08249782338550353,0.08249782338550354,0.08249782338550354,0.08249782338550353,0.08249782338550353,0.08249782338550354,0.08249782338550352,0.08249782338550352,0.08249782338550353,0.08249782338550353,0.08249782338550356,0.08249782338550356,0.08249782338550353,0.0824978233855035,0.08249782338550352,0.08249782338550353,0.08249782338550353,0.08249782338550356,0.08249782338550356,0.08249782338550353,0.08249782338550356,0.08249782338550354,0.08249782338550353,0.08249782338550353,0.08249782338550353,0.08249782338550353,0.08249782338550357,0.08249782338550356,0.08249782338550356,0.08249782338550356,0.08249782338550356,0.08249782338550356,0.08249782338550356,0.08249782338550352,0.08249782338550353,0.08249782338550353,0.08249782338550353,0.08249782338550356,0.08249782338550354,0.08249782338550352,0.0824978233855035,0.0824978233855035,0.0824978233855035,0.0824978233855035,0.08249782338550342,0.08249782338550349,0.08249782338550353,0.08249782338550353,0.08249782338550353,0.08249782338550352,0.08249782338550352,0.08249782338550353,0.08249782338550349,0.0824978233855035,0.0824978233855035,0.0824978233855035,0.0824978233855035,0.08249782338550336,0.08249782338550352,0.08249782338550352,0.0824978233855035,0.08249782338550352,0.0824978233855035,0.08249782338550347,0.08249782338550352,0.08249782338550352,0.08249782338550349,0.08249782338550353,0.08249782338550353,0.08249782338550352,0.08249782338550356,0.08249782338550354,0.08249782338550353,0.08249782338550352,0.08249782338550354,0.0824978233855035,0.08249782338550352,0.08249782338550352,0.08249782338550352,0.08249782338550353,0.08249782338550356,0.08249782338550354,0.08249782338550353,0.08249782338550352,0.0824978233855035,0.08249782338550354,0.08249782338550354,0.08249782338550353,0.08249782338550354,0.08249782338550354,0.08249782338550354,0.08249782338550356,0.08249782338550357,0.08249782338550353,0.08249782338550354,0.08249782338550354,0.08249782338550354,0.08249782338550356,0.08249782338550354,0.08249782338550356,0.08249782338550356,0.0824978233855035,0.08249782338550353,0.08249782338550354,0.08249782338550356,0.08249782338550354,0.08249782338550356,0.08249782338550357,0.08249782338550356,0.08249782338550356,0.08249782338550354,0.08249782338550356,0.08249782338550354,0.08249782338550356,0.08249782338550356,0.08249782338550356,0.08249782338550356,0.08249782338550356,0.08249782338550356,0.08249782338550356,0.08249782338550359,0.08249782338550357,0.0824978233855036,0.08249782338550359,0.08249782338550354,0.08249782338550359,0.08249782338550357,0.08249782338550359,0.08249782338550359,0.08249782338550354,0.08249782338550359,0.08249782338550359,0.08249782338550353,0.08249782338550354,0.08249782338550359,0.08249782338550356,0.08249782338550357,0.08249782338550356,0.08249782338550364,0.08249782338550357,0.08249782338550357,0.0824978233855036,0.08249782338550359,0.08249782338550359,0.08249782338550357,0.08249782338550357,0.08249782338550359,0.08249782338550359,0.08249782338550361,0.08249782338550359,0.08249782338550357,0.08249782338550359,0.08249782338550361,0.0824978233855036,0.08249782338550357,0.08249782338550359,0.0824978233855036,0.08249782338550359,0.08249782338550356,0.08249782338550357,0.08249782338550357,0.0824978233855036,0.0824978233855036,0.08249782338550356,0.08249782338550357,0.08249782338550356,0.08249782338550357,0.08249782338550357,0.08249782338550356,0.08249782338550359,0.08249782338550356,0.08249782338550359,0.08249782338550359,0.08249782338550357,0.08249782338550357,0.0824978233855036,0.08249782338550359,0.08249782338550359,0.08249782338550359,0.08249782338550359,0.08249782338550361,0.08249782338550359,0.08249782338550359,0.08249782338550359,0.08249782338550359,0.08249782338550359,0.0824978233855036,0.08249782338550359,0.08249782338550357,0.08249782338550361,0.0824978233855036,0.0824978233855036,0.08249782338550361,0.08249782338550356,0.08249782338550356,0.0824978233855036,0.0824978233855036,0.08249782338550359,0.0824978233855036,0.0824978233855036,0.08249782338550357,0.08249782338550361,0.08249782338550356,0.08249782338550356,0.08249782338550357,0.08249782338550357,0.08249782338550359,0.08249782338550356,0.08249782338550359,0.08249782338550359,0.08249782338550356,0.08249782338550356,0.08249782338550354,0.08249782338550359,0.0824978233855036,0.08249782338550357,0.08249782338550356,0.08249782338550356,0.08249782338550359,0.08249782338550356,0.08249782338550356,0.0824978233855036,0.08249782338550356,0.08249782338550357,0.08249782338550359,0.08249782338550359,0.08249782338550357,0.08249782338550359,0.08249782338550356,0.08249782338550357,0.08249782338550356,0.08249782338550356,0.08249782338550357,0.08249782338550356,0.08249782338550359,0.08249782338550356,0.08249782338550359,0.08249782338550353,0.08249782338550359,0.08249782338550357,0.08249782338550357,0.08249782338550359,0.08249782338550357,0.08249782338550356,0.08249782338550357,0.08249782338550356,0.08249782338550359,0.08249782338550359,0.08249782338550359,0.08249782338550359,0.08249782338550359,0.08249782338550356,0.08249782338550354,0.08249782338550357,0.08249782338550356,0.08249782338550356,0.08249782338550357,0.08249782338550357,0.08249782338550357,0.08249782338550359,0.08249782338550359,0.08249782338550359,0.08249782338550357,0.08249782338550359,0.08249782338550354,0.08249782338550356,0.08249782338550357,0.08249782338550359,0.08249782338550357,0.08249782338550359,0.0824978233855036,0.08249782338550356,0.08249782338550356,0.08249782338550356,0.08249782338550359,0.08249782338550354,0.08249782338550359,0.08249782338550357,0.08249782338550356,0.08249782338550356,0.08249782338550356,0.08249782338550359,0.08249782338550357,0.08249782338550354,0.08249782338550356,0.08249782338550356,0.08249782338550359,0.08249782338550363,0.08249782338550365,0.08249782338550364,0.08249782338550363,0.08249782338550363,0.08249782338550365,0.08249782338550367,0.08249782338550363,0.08249782338550365,0.08249782338550367,0.08249782338550365,0.08249782338550364,0.08249782338550367,0.08249782338550364,0.08249782338550367,0.08249782338550365,0.08249782338550363,0.08249782338550365,0.08249782338550365,0.08249782338550364,0.08249782338550363,0.08249782338550363,0.08249782338550363,0.08249782338550365,0.08249782338550365,0.08249782338550364,0.08249782338550364,0.08249782338550364,0.08249782338550365,0.08249782338550372,0.08249782338550367,0.0824978233855037,0.08249782338550367,0.08249782338550367,0.08249782338550368,0.0824978233855037,0.08249782338550364,0.08249782338550365,0.08249782338550364,0.08249782338550367,0.08249782338550365,0.08249782338550365,0.08249782338550364,0.08249782338550364,0.08249782338550365,0.08249782338550365,0.08249782338550365,0.08249782338550365,0.08249782338550365,0.08249782338550364,0.08249782338550365,0.08249782338550367,0.08249782338550365,0.08249782338550375,0.08249782338550365,0.08249782338550365,0.08249782338550365,0.0824978233855037,0.08249782338550375,0.08249782338550371,0.08249782338550367,0.0824978233855037,0.0824978233855037,0.08249782338550368,0.08249782338550371,0.08249782338550371,0.0824978233855037,0.08249782338550368,0.0824978233855037,0.08249782338550371,0.08249782338550368,0.08249782338550372,0.08249782338550368,0.08249782338550368,0.08249782338550368,0.0824978233855037,0.0824978233855037,0.08249782338550368,0.08249782338550371,0.08249782338550367,0.0824978233855037,0.08249782338550371,0.08249782338550371,0.0824978233855037,0.0824978233855037,0.0824978233855037,0.08249782338550372,0.08249782338550368,0.08249782338550367,0.0824978233855037,0.08249782338550368,0.08249782338550368,0.08249782338550368,0.08249782338550368,0.0824978233855037,0.08249782338550368,0.08249782338550371,0.08249782338550371,0.08249782338550371,0.0824978233855037,0.08249782338550368,0.08249782338550368,0.08249782338550371,0.08249782338550368,0.08249782338550368,0.0824978233855037,0.08249782338550368,0.08249782338550368,0.08249782338550367,0.08249782338550367,0.08249782338550367,0.0824978233855037,0.08249782338550365,0.08249782338550367,0.08249782338550368,0.08249782338550365,0.08249782338550367,0.08249782338550359,0.0824978233855036,0.0824978233855036,0.08249782338550363,0.0824978233855036,0.08249782338550363,0.08249782338550361,0.08249782338550361,0.0824978233855036,0.08249782338550361,0.08249782338550359,0.0824978233855036,0.08249782338550361,0.08249782338550359,0.0824978233855036,0.08249782338550361,0.08249782338550359,0.08249782338550361,0.08249782338550359,0.08249782338550359,0.0824978233855036,0.08249782338550361,0.08249782338550359,0.08249782338550359,0.08249782338550363,0.08249782338550361,0.08249782338550363,0.08249782338550367,0.08249782338550363,0.08249782338550367,0.08249782338550365,0.08249782338550363,0.08249782338550363,0.08249782338550363,0.08249782338550364,0.08249782338550364,0.08249782338550363,0.08249782338550364,0.08249782338550363,0.08249782338550364,0.08249782338550363,0.08249782338550364,0.08249782338550361,0.08249782338550364,0.0824978233855036,0.08249782338550364,0.08249782338550364,0.08249782338550363,0.08249782338550364,0.08249782338550363,0.08249782338550363,0.08249782338550363,0.08249782338550364,0.08249782338550364,0.08249782338550364,0.08249782338550361,0.08249782338550365,0.08249782338550365,0.0824978233855037,0.08249782338550365,0.08249782338550367,0.08249782338550367,0.08249782338550365,0.08249782338550365,0.08249782338550365,0.08249782338550367,0.08249782338550365,0.08249782338550364,0.08249782338550364,0.08249782338550364,0.08249782338550364,0.08249782338550374,0.08249782338550372,0.08249782338550374,0.08249782338550375,0.08249782338550374,0.08249782338550374,0.08249782338550374,0.08249782338550374,0.08249782338550374,0.08249782338550374,0.08249782338550374,0.08249782338550375,0.08249782338550371,0.08249782338550371,0.08249782338550372,0.08249782338550372,0.08249782338550372,0.08249782338550372,0.08249782338550375,0.08249782338550371,0.08249782338550377,0.08249782338550371,0.08249782338550374,0.08249782338550372,0.08249782338550374,0.08249782338550375,0.08249782338550374,0.08249782338550375,0.08249782338550372,0.08249782338550374,0.08249782338550374,0.08249782338550374,0.08249782338550374,0.08249782338550375,0.08249782338550374,0.08249782338550375,0.08249782338550374,0.08249782338550374,0.08249782338550374,0.08249782338550375,0.08249782338550378,0.08249782338550375,0.08249782338550377,0.08249782338550374,0.08249782338550377,0.08249782338550377,0.08249782338550377,0.08249782338550377,0.0824978233855038,0.08249782338550377,0.08249782338550377,0.08249782338550375,0.08249782338550377,0.08249782338550377,0.0824978233855038,0.08249782338550377,0.08249782338550378,0.08249782338550378,0.08249782338550377,0.08249782338550378,0.08249782338550377,0.08249782338550375,0.08249782338550375,0.08249782338550374,0.08249782338550375,0.08249782338550377,0.08249782338550372,0.08249782338550374,0.0824978233855038,0.08249782338550375,0.0824978233855038,0.0824978233855038,0.08249782338550377,0.0824978233855038,0.08249782338550374,0.08249782338550375,0.08249782338550378,0.0824978233855038,0.08249782338550374,0.08249782338550377,0.0824978233855038,0.08249782338550378,0.08249782338550377,0.08249782338550377,0.08249782338550375,0.08249782338550377,0.08249782338550377,0.0824978233855038,0.0824978233855038,0.0824978233855038,0.08249782338550377,0.08249782338550372,0.08249782338550375,0.08249782338550377,0.08249782338550374,0.08249782338550378,0.08249782338550375,0.08249782338550377,0.08249782338550377,0.08249782338550377,0.08249782338550375,0.0824978233855038,0.08249782338550375,0.0824978233855038,0.0824978233855038,0.08249782338550378,0.0824978233855038,0.0824978233855038,0.08249782338550375,0.0824978233855038,0.08249782338550378,0.0824978233855038,0.08249782338550377,0.08249782338550375,0.08249782338550377,0.08249782338550378,0.08249782338550377,0.0824978233855038,0.08249782338550377,0.08249782338550378,0.0824978233855038,0.08249782338550378,0.08249782338550374,0.08249782338550375,0.08249782338550377,0.08249782338550375,0.0824978233855038,0.08249782338550377,0.08249782338550374,0.08249782338550374,0.08249782338550375,0.08249782338550375,0.08249782338550377,0.08249782338550377,0.08249782338550375,0.08249782338550375,0.08249782338550378,0.08249782338550372,0.08249782338550377,0.08249782338550377,0.08249782338550375,0.08249782338550377,0.08249782338550377,0.08249782338550378,0.08249782338550377,0.08249782338550377,0.08249782338550375,0.0824978233855038,0.08249782338550378,0.08249782338550377,0.08249782338550377,0.08249782338550377,0.08249782338550375,0.08249782338550374,0.08249782338550375,0.08249782338550377,0.08249782338550375,0.08249782338550377,0.08249782338550378,0.08249782338550375,0.08249782338550377,0.0824978233855038,0.08249782338550375,0.08249782338550378,0.08249782338550375,0.08249782338550377,0.08249782338550375,0.08249782338550378,0.08249782338550375,0.08249782338550374,0.08249782338550378,0.08249782338550377,0.0824978233855038,0.0824978233855038,0.08249782338550375,0.08249782338550377,0.08249782338550377,0.08249782338550378,0.08249782338550377,0.08249782338550378,0.08249782338550377,0.08249782338550377,0.08249782338550378,0.08249782338550377,0.08249782338550377,0.08249782338550374,0.08249782338550377,0.08249782338550377,0.08249782338550377,0.08249782338550378,0.08249782338550375,0.08249782338550377,0.0824978233855038,0.08249782338550377,0.08249782338550375,0.08249782338550377,0.08249782338550377,0.08249782338550377,0.08249782338550375,0.08249782338550375,0.08249782338550374,0.0824978233855038,0.08249782338550374,0.08249782338550377,0.08249782338550374,0.08249782338550378,0.08249782338550378,0.08249782338550375,0.08249782338550378,0.08249782338550375,0.08249782338550375,0.08249782338550377,0.08249782338550378,0.08249782338550375,0.08249782338550378,0.08249782338550375,0.08249782338550374,0.08249782338550377,0.08249782338550374,0.08249782338550377,0.08249782338550374,0.08249782338550378,0.08249782338550375,0.0824978233855038,0.08249782338550377,0.08249782338550377,0.08249782338550378,0.0824978233855038,0.08249782338550377,0.0824978233855038,0.08249782338550378,0.08249782338550377,0.08249782338550378,0.08249782338550377,0.08249782338550377,0.08249782338550378,0.08249782338550377,0.08249782338550378,0.08249782338550378,0.0824978233855038,0.08249782338550377,0.08249782338550382,0.0824978233855038,0.08249782338550378,0.0824978233855038,0.0824978233855038,0.08249782338550381,0.0824978233855038,0.08249782338550388,0.08249782338550385,0.08249782338550386,0.08249782338550382,0.08249782338550384,0.08249782338550386,0.08249782338550382,0.08249782338550382,0.08249782338550385,0.08249782338550385,0.08249782338550385,0.08249782338550382,0.08249782338550386,0.08249782338550382,0.08249782338550385,0.08249782338550382,0.08249782338550385,0.08249782338550384,0.08249782338550385,0.08249782338550385,0.08249782338550382,0.08249782338550384,0.08249782338550384,0.08249782338550382,0.08249782338550384,0.08249782338550385,0.08249782338550382,0.08249782338550386,0.08249782338550385,0.08249782338550386,0.08249782338550385,0.08249782338550385,0.08249782338550382,0.08249782338550384,0.08249782338550386,0.08249782338550385,0.08249782338550384,0.08249782338550386,0.08249782338550382,0.08249782338550384,0.08249782338550384,0.08249782338550385,0.08249782338550384,0.08249782338550385,0.08249782338550384,0.08249782338550384,0.08249782338550385,0.08249782338550386,0.08249782338550385,0.08249782338550386,0.08249782338550385,0.08249782338550385,0.08249782338550386,0.08249782338550385,0.08249782338550384,0.08249782338550382,0.08249782338550386,0.08249782338550384,0.08249782338550386,0.08249782338550388,0.08249782338550388,0.08249782338550388,0.08249782338550386,0.08249782338550388,0.08249782338550388,0.08249782338550388,0.08249782338550388,0.08249782338550382,0.08249782338550382,0.08249782338550385,0.0824978233855038,0.08249782338550381,0.08249782338550381,0.0824978233855038,0.08249782338550384,0.08249782338550382,0.08249782338550384,0.08249782338550384,0.08249782338550384,0.08249782338550382,0.08249782338550385,0.08249782338550382,0.08249782338550382,0.08249782338550385,0.08249782338550384,0.08249782338550384,0.08249782338550384,0.08249782338550382,0.08249782338550382,0.08249782338550385,0.08249782338550382,0.08249782338550384,0.08249782338550382,0.08249782338550386,0.08249782338550385,0.08249782338550386,0.08249782338550384,0.08249782338550385,0.08249782338550385,0.08249782338550382,0.08249782338550385,0.08249782338550386,0.08249782338550385,0.08249782338550382,0.08249782338550382,0.08249782338550385,0.08249782338550386,0.08249782338550386,0.08249782338550382,0.08249782338550385,0.08249782338550384,0.08249782338550388,0.08249782338550386,0.08249782338550389,0.08249782338550386,0.0824978233855039,0.08249782338550388,0.08249782338550389,0.08249782338550388,0.08249782338550388,0.08249782338550389,0.08249782338550386,0.08249782338550386,0.08249782338550386,0.08249782338550388,0.0824978233855039,0.08249782338550392,0.08249782338550386,0.08249782338550388,0.08249782338550389,0.0824978233855039,0.08249782338550388,0.08249782338550388,0.08249782338550389,0.0824978233855039,0.08249782338550389,0.08249782338550389,0.08249782338550389,0.08249782338550386,0.0824978233855039,0.08249782338550389,0.08249782338550389,0.08249782338550389,0.08249782338550389,0.08249782338550392,0.0824978233855039,0.08249782338550389,0.0824978233855039,0.08249782338550388,0.08249782338550392,0.08249782338550388,0.08249782338550388,0.0824978233855039,0.08249782338550389,0.0824978233855039,0.0824978233855039,0.08249782338550386,0.0824978233855039,0.0824978233855039,0.08249782338550389,0.0824978233855039,0.08249782338550388,0.0824978233855039,0.08249782338550389,0.08249782338550389,0.08249782338550389,0.0824978233855039,0.0824978233855039,0.0824978233855039,0.08249782338550386,0.08249782338550388,0.08249782338550388,0.08249782338550388,0.08249782338550389,0.08249782338550388,0.08249782338550388,0.08249782338550388,0.08249782338550388,0.08249782338550388,0.08249782338550388,0.08249782338550388,0.08249782338550386,0.08249782338550386,0.08249782338550388,0.08249782338550386,0.08249782338550386,0.08249782338550386,0.08249782338550388,0.08249782338550386,0.08249782338550384,0.08249782338550386,0.08249782338550388,0.08249782338550386,0.08249782338550388,0.08249782338550388,0.08249782338550386,0.08249782338550386,0.08249782338550388,0.08249782338550386,0.08249782338550389,0.08249782338550388,0.08249782338550385,0.08249782338550388,0.08249782338550388,0.08249782338550388,0.08249782338550386,0.08249782338550382,0.08249782338550385,0.08249782338550385,0.08249782338550388,0.08249782338550388,0.08249782338550386,0.08249782338550389,0.08249782338550386,0.08249782338550388,0.0824978233855039,0.08249782338550386,0.0824978233855039,0.08249782338550386,0.08249782338550388,0.0824978233855039,0.08249782338550389,0.08249782338550388,0.08249782338550388,0.08249782338550388,0.08249782338550388,0.08249782338550388,0.0824978233855039,0.08249782338550386,0.08249782338550386,0.08249782338550388,0.0824978233855039,0.08249782338550386,0.08249782338550386,0.08249782338550388,0.08249782338550389,0.08249782338550386,0.0824978233855039,0.08249782338550388,0.08249782338550386,0.08249782338550386,0.08249782338550386,0.08249782338550388,0.08249782338550385,0.08249782338550388,0.08249782338550384,0.08249782338550386,0.08249782338550388,0.08249782338550388,0.08249782338550388,0.08249782338550385,0.08249782338550389,0.0824978233855039,0.08249782338550388,0.08249782338550388,0.08249782338550389,0.08249782338550388,0.08249782338550389,0.08249782338550388,0.08249782338550388,0.08249782338550388,0.08249782338550388,0.08249782338550388,0.08249782338550389,0.08249782338550385,0.08249782338550386,0.08249782338550386,0.08249782338550386,0.0824978233855039,0.08249782338550388,0.08249782338550384,0.08249782338550388,0.08249782338550389,0.08249782338550386,0.08249782338550386,0.08249782338550386,0.0824978233855039,0.08249782338550386,0.08249782338550388,0.08249782338550388,0.08249782338550386,0.08249782338550388,0.08249782338550388,0.08249782338550386,0.08249782338550386,0.08249782338550388,0.08249782338550384,0.08249782338550388,0.08249782338550386,0.08249782338550386,0.082497823385504,0.08249782338550399,0.08249782338550392,0.08249782338550395,0.08249782338550396,0.08249782338550395,0.08249782338550396,0.08249782338550395,0.08249782338550396,0.08249782338550396,0.08249782338550396,0.08249782338550395,0.08249782338550395,0.08249782338550395,0.08249782338550397,0.08249782338550396,0.08249782338550395,0.08249782338550396,0.08249782338550395,0.08249782338550396,0.08249782338550395,0.08249782338550392,0.08249782338550393,0.08249782338550395,0.08249782338550396,0.08249782338550396,0.08249782338550395,0.08249782338550399,0.08249782338550396,0.08249782338550396,0.08249782338550396,0.08249782338550395,0.08249782338550396,0.08249782338550396,0.08249782338550397,0.08249782338550395,0.08249782338550396,0.08249782338550397,0.08249782338550395,0.08249782338550397,0.08249782338550396,0.08249782338550396,0.08249782338550395,0.08249782338550397,0.0824978233855039,0.08249782338550399,0.08249782338550397,0.08249782338550399,0.08249782338550399,0.08249782338550396,0.08249782338550397,0.08249782338550397,0.08249782338550397,0.08249782338550399,0.08249782338550397,0.08249782338550399,0.08249782338550399,0.08249782338550397,0.08249782338550399,0.08249782338550397,0.08249782338550396,0.08249782338550397,0.08249782338550397,0.08249782338550396,0.08249782338550397,0.08249782338550395,0.08249782338550399,0.08249782338550397,0.08249782338550397,0.08249782338550399,0.08249782338550399,0.08249782338550399,0.08249782338550396,0.08249782338550399,0.08249782338550396,0.08249782338550395,0.08249782338550397,0.08249782338550395,0.08249782338550396,0.08249782338550397,0.08249782338550397,0.08249782338550397,0.08249782338550397,0.08249782338550397,0.08249782338550396,0.08249782338550397,0.08249782338550396,0.08249782338550397,0.08249782338550397,0.08249782338550396,0.08249782338550399,0.08249782338550397,0.082497823385504,0.08249782338550399,0.08249782338550399,0.08249782338550399,0.082497823385504,0.08249782338550397,0.08249782338550397,0.08249782338550396,0.08249782338550396,0.08249782338550396,0.08249782338550396,0.08249782338550396,0.08249782338550397,0.08249782338550395,0.08249782338550397,0.08249782338550396,0.08249782338550397,0.08249782338550396,0.08249782338550397,0.08249782338550396,0.08249782338550397,0.08249782338550396,0.08249782338550397,0.08249782338550397,0.08249782338550399,0.08249782338550397,0.08249782338550396,0.08249782338550395,0.08249782338550396,0.082497823385504,0.08249782338550399,0.08249782338550397,0.08249782338550397,0.08249782338550397,0.08249782338550399,0.08249782338550397,0.08249782338550397,0.08249782338550399,0.08249782338550397,0.08249782338550397,0.08249782338550397,0.08249782338550396,0.08249782338550399,0.08249782338550397,0.08249782338550396,0.08249782338550397,0.08249782338550396,0.08249782338550396,0.08249782338550397,0.08249782338550399,0.08249782338550395,0.08249782338550397,0.08249782338550396,0.08249782338550396,0.08249782338550397,0.08249782338550396,0.08249782338550396,0.08249782338550396,0.08249782338550395,0.08249782338550396,0.08249782338550396,0.08249782338550397,0.08249782338550395,0.08249782338550395,0.08249782338550392,0.08249782338550396,0.08249782338550392,0.08249782338550395,0.0824978233855039,0.08249782338550395,0.08249782338550395,0.08249782338550392,0.0824978233855039,0.08249782338550389,0.0824978233855039,0.08249782338550389,0.0824978233855039,0.08249782338550393,0.0824978233855039,0.0824978233855039,0.0824978233855039,0.08249782338550389,0.0824978233855039,0.0824978233855039,0.0824978233855039,0.08249782338550389,0.08249782338550389,0.08249782338550392,0.08249782338550388,0.0824978233855039,0.0824978233855039,0.08249782338550389,0.08249782338550389,0.0824978233855039,0.0824978233855039,0.08249782338550389,0.0824978233855039,0.0824978233855039,0.0824978233855039,0.08249782338550389,0.0824978233855039,0.08249782338550389,0.08249782338550389,0.08249782338550389,0.0824978233855039,0.08249782338550389,0.08249782338550389,0.0824978233855039,0.08249782338550389,0.08249782338550389,0.08249782338550388,0.08249782338550388,0.08249782338550388,0.08249782338550386,0.0824978233855039,0.08249782338550386,0.08249782338550386,0.08249782338550389,0.08249782338550388,0.08249782338550386,0.08249782338550389,0.08249782338550386,0.08249782338550386,0.08249782338550385,0.08249782338550388,0.08249782338550389,0.0824978233855039,0.08249782338550388,0.08249782338550385,0.08249782338550385,0.08249782338550386,0.08249782338550386,0.08249782338550384,0.08249782338550386,0.08249782338550386,0.08249782338550384,0.08249782338550384,0.08249782338550388,0.08249782338550384,0.08249782338550384,0.08249782338550385,0.08249782338550386,0.08249782338550385,0.08249782338550386,0.08249782338550385,0.08249782338550384,0.08249782338550384,0.08249782338550382,0.08249782338550388,0.08249782338550386,0.08249782338550385,0.08249782338550385,0.08249782338550388,0.08249782338550388,0.08249782338550386,0.08249782338550386,0.08249782338550388,0.08249782338550385,0.08249782338550386,0.08249782338550388,0.08249782338550386,0.08249782338550388,0.08249782338550388,0.08249782338550386,0.08249782338550386,0.08249782338550388,0.08249782338550386,0.08249782338550386,0.08249782338550388,0.08249782338550386,0.08249782338550389,0.08249782338550386,0.08249782338550386,0.08249782338550386,0.08249782338550388,0.08249782338550388,0.08249782338550385,0.08249782338550386,0.08249782338550386,0.08249782338550388,0.08249782338550386,0.08249782338550385,0.08249782338550389,0.08249782338550386,0.08249782338550386,0.08249782338550386,0.08249782338550386,0.0824978233855039,0.08249782338550388,0.0824978233855039,0.08249782338550388,0.08249782338550388,0.08249782338550388,0.08249782338550389,0.08249782338550386,0.08249782338550388,0.08249782338550389,0.0824978233855039,0.08249782338550382,0.08249782338550382,0.08249782338550384,0.08249782338550384,0.08249782338550384,0.08249782338550381,0.08249782338550385,0.08249782338550382,0.08249782338550386,0.08249782338550382,0.08249782338550385,0.08249782338550385,0.08249782338550382,0.08249782338550386,0.08249782338550382,0.08249782338550386,0.08249782338550384,0.0824978233855039,0.08249782338550385,0.08249782338550385,0.08249782338550385,0.08249782338550388,0.08249782338550386,0.08249782338550382,0.08249782338550385,0.08249782338550382,0.08249782338550386,0.08249782338550381,0.08249782338550384,0.08249782338550382,0.08249782338550382,0.08249782338550385,0.08249782338550381,0.08249782338550381,0.08249782338550382,0.08249782338550382,0.08249782338550381,0.08249782338550382,0.08249782338550385,0.08249782338550382,0.08249782338550382,0.08249782338550384,0.08249782338550382,0.08249782338550382,0.08249782338550382,0.08249782338550382,0.08249782338550382,0.08249782338550382,0.08249782338550382,0.08249782338550381,0.08249782338550382,0.08249782338550382,0.08249782338550384,0.08249782338550382,0.08249782338550382,0.08249782338550384,0.08249782338550382,0.08249782338550382,0.08249782338550384,0.08249782338550386,0.08249782338550382,0.08249782338550382,0.08249782338550386,0.08249782338550386,0.08249782338550386,0.08249782338550385,0.08249782338550385,0.08249782338550384,0.08249782338550385,0.08249782338550384,0.08249782338550381,0.08249782338550381,0.0824978233855038,0.08249782338550384,0.08249782338550382,0.08249782338550382,0.08249782338550384,0.08249782338550384,0.08249782338550384,0.08249782338550385,0.08249782338550384,0.08249782338550382,0.08249782338550384,0.08249782338550384,0.08249782338550382,0.08249782338550384,0.08249782338550382,0.08249782338550384,0.08249782338550385,0.08249782338550382,0.08249782338550385,0.08249782338550384,0.08249782338550382,0.08249782338550382,0.08249782338550382,0.08249782338550381,0.08249782338550384,0.08249782338550382,0.08249782338550384,0.08249782338550384,0.08249782338550384,0.08249782338550382,0.08249782338550382,0.08249782338550382,0.08249782338550382,0.08249782338550382,0.0824978233855038,0.08249782338550382,0.08249782338550382,0.08249782338550384,0.08249782338550382,0.08249782338550382,0.08249782338550382,0.08249782338550385,0.08249782338550382,0.08249782338550382,0.08249782338550384,0.08249782338550385,0.08249782338550384,0.0824978233855038,0.08249782338550384,0.08249782338550384,0.08249782338550385,0.0824978233855038,0.08249782338550382,0.08249782338550382,0.0824978233855038,0.08249782338550381,0.08249782338550382,0.08249782338550382,0.08249782338550381,0.08249782338550382,0.08249782338550382,0.08249782338550384,0.0824978233855038,0.08249782338550381,0.08249782338550382,0.08249782338550381,0.08249782338550382,0.08249782338550384,0.08249782338550381,0.08249782338550381,0.08249782338550382,0.08249782338550382,0.08249782338550384,0.08249782338550381,0.08249782338550385,0.08249782338550388,0.08249782338550382,0.08249782338550381,0.08249782338550382,0.08249782338550386,0.0824978233855038,0.08249782338550385,0.08249782338550385,0.08249782338550386,0.08249782338550385,0.08249782338550384,0.08249782338550385,0.08249782338550386,0.08249782338550385,0.08249782338550386,0.08249782338550385,0.08249782338550386,0.08249782338550382,0.08249782338550385,0.08249782338550386,0.08249782338550385,0.08249782338550385,0.08249782338550386,0.08249782338550384,0.08249782338550386,0.08249782338550384,0.08249782338550386,0.08249782338550385,0.08249782338550385,0.08249782338550385,0.08249782338550386,0.08249782338550384,0.08249782338550385,0.08249782338550382,0.08249782338550384,0.08249782338550381,0.08249782338550385,0.08249782338550384,0.08249782338550385,0.08249782338550384,0.08249782338550384,0.08249782338550385,0.08249782338550386,0.08249782338550385,0.08249782338550382,0.08249782338550385,0.08249782338550385,0.08249782338550385,0.08249782338550384,0.08249782338550385,0.08249782338550385,0.08249782338550385,0.08249782338550384,0.08249782338550386,0.08249782338550385,0.08249782338550385,0.08249782338550386,0.08249782338550388,0.08249782338550386,0.08249782338550385,0.08249782338550386,0.08249782338550388,0.08249782338550386,0.08249782338550386,0.08249782338550388,0.08249782338550388,0.08249782338550388,0.08249782338550388,0.08249782338550386,0.08249782338550386,0.08249782338550386,0.08249782338550388,0.08249782338550385,0.08249782338550386,0.08249782338550388,0.08249782338550386,0.08249782338550388,0.08249782338550385,0.08249782338550388,0.08249782338550386,0.08249782338550388,0.08249782338550386,0.08249782338550386,0.08249782338550388,0.08249782338550386,0.08249782338550385,0.08249782338550386,0.08249782338550388,0.08249782338550388,0.08249782338550385,0.08249782338550385,0.08249782338550388,0.08249782338550386,0.08249782338550389,0.08249782338550388,0.08249782338550388,0.08249782338550388,0.08249782338550385,0.08249782338550389,0.08249782338550389,0.0824978233855039,0.0824978233855039,0.0824978233855039,0.08249782338550388,0.08249782338550388,0.08249782338550388,0.08249782338550388,0.0824978233855039,0.08249782338550389,0.0824978233855039,0.08249782338550388,0.08249782338550388,0.08249782338550388,0.08249782338550389,0.0824978233855039,0.08249782338550388,0.08249782338550389,0.0824978233855039,0.0824978233855039,0.0824978233855039,0.08249782338550389,0.08249782338550388,0.08249782338550386,0.08249782338550388,0.08249782338550389,0.0824978233855039,0.08249782338550389,0.08249782338550386,0.08249782338550393,0.08249782338550392,0.08249782338550392,0.08249782338550392,0.0824978233855039,0.0824978233855039,0.08249782338550395,0.08249782338550392,0.08249782338550392,0.08249782338550388,0.0824978233855039,0.0824978233855039,0.0824978233855039,0.0824978233855039,0.0824978233855039,0.0824978233855039,0.08249782338550389,0.0824978233855039,0.0824978233855039,0.08249782338550392,0.0824978233855039,0.0824978233855039,0.08249782338550389,0.08249782338550389,0.08249782338550389,0.08249782338550392,0.08249782338550389,0.0824978233855039,0.0824978233855039,0.0824978233855039,0.08249782338550388,0.08249782338550392,0.0824978233855039,0.0824978233855039,0.08249782338550392,0.08249782338550389,0.08249782338550392,0.08249782338550389,0.0824978233855039,0.0824978233855039,0.0824978233855039,0.08249782338550392,0.0824978233855039,0.08249782338550389,0.08249782338550388,0.08249782338550389,0.0824978233855039,0.08249782338550388,0.08249782338550388,0.08249782338550389,0.08249782338550386,0.0824978233855039,0.0824978233855039,0.08249782338550389,0.0824978233855039,0.08249782338550389,0.08249782338550388,0.08249782338550388,0.08249782338550389,0.08249782338550389,0.08249782338550393,0.08249782338550392,0.0824978233855039,0.0824978233855039,0.08249782338550389,0.08249782338550392,0.0824978233855039,0.08249782338550392,0.08249782338550393,0.08249782338550393,0.08249782338550392,0.08249782338550392,0.08249782338550392,0.0824978233855039,0.08249782338550396,0.0824978233855039,0.0824978233855039,0.0824978233855039,0.08249782338550393,0.08249782338550393,0.08249782338550393,0.08249782338550395,0.08249782338550393,0.08249782338550393,0.0824978233855039,0.08249782338550395,0.08249782338550393,0.0824978233855039,0.08249782338550392,0.08249782338550395,0.08249782338550392,0.08249782338550393,0.08249782338550393,0.08249782338550395,0.08249782338550395,0.08249782338550392,0.08249782338550389,0.08249782338550395,0.08249782338550392,0.08249782338550386,0.08249782338550392,0.08249782338550385,0.08249782338550389,0.08249782338550389,0.08249782338550386,0.0824978233855039,0.08249782338550388,0.08249782338550388,0.0824978233855039,0.08249782338550388,0.08249782338550388,0.08249782338550392,0.08249782338550386,0.08249782338550388,0.08249782338550388,0.08249782338550388,0.08249782338550385,0.08249782338550388,0.08249782338550388,0.08249782338550386,0.0824978233855039,0.08249782338550388,0.08249782338550386,0.08249782338550386,0.08249782338550388,0.08249782338550389,0.08249782338550388,0.08249782338550388,0.08249782338550386,0.08249782338550388,0.08249782338550386,0.08249782338550386,0.08249782338550388,0.08249782338550388,0.08249782338550386,0.08249782338550386,0.08249782338550388,0.08249782338550386,0.08249782338550388,0.08249782338550386,0.0824978233855039,0.08249782338550389,0.08249782338550389,0.08249782338550389,0.08249782338550389,0.0824978233855039,0.08249782338550393,0.08249782338550389,0.08249782338550389,0.08249782338550388,0.08249782338550388,0.0824978233855039,0.08249782338550386,0.08249782338550388,0.08249782338550389,0.0824978233855039,0.08249782338550388,0.08249782338550388,0.0824978233855039,0.08249782338550389,0.08249782338550386,0.08249782338550389,0.08249782338550388,0.08249782338550386,0.0824978233855039,0.08249782338550389,0.0824978233855039,0.08249782338550389,0.08249782338550388,0.08249782338550389,0.08249782338550388,0.08249782338550389,0.08249782338550386,0.08249782338550386,0.08249782338550388,0.08249782338550388,0.08249782338550386,0.0824978233855039,0.08249782338550388,0.08249782338550386,0.08249782338550388,0.08249782338550385,0.08249782338550388,0.08249782338550385,0.08249782338550386,0.08249782338550386,0.08249782338550384,0.08249782338550386,0.08249782338550389,0.08249782338550389,0.08249782338550388,0.08249782338550385,0.08249782338550388,0.08249782338550388,0.08249782338550385,0.08249782338550388,0.08249782338550389,0.08249782338550384,0.08249782338550385,0.08249782338550388,0.08249782338550385,0.08249782338550385,0.08249782338550385,0.08249782338550382,0.08249782338550384,0.08249782338550385,0.08249782338550385,0.08249782338550382,0.08249782338550384,0.08249782338550386,0.08249782338550384,0.08249782338550382,0.08249782338550388,0.08249782338550382,0.08249782338550386,0.08249782338550385,0.08249782338550388,0.08249782338550388,0.08249782338550386,0.08249782338550385,0.08249782338550388,0.08249782338550386,0.08249782338550386,0.08249782338550386,0.08249782338550389,0.08249782338550386,0.08249782338550386,0.08249782338550386,0.08249782338550388,0.08249782338550388,0.08249782338550386,0.08249782338550389,0.08249782338550386,0.08249782338550386,0.08249782338550388,0.08249782338550385,0.08249782338550389,0.08249782338550388,0.08249782338550388,0.08249782338550386,0.08249782338550386,0.08249782338550389,0.0824978233855039,0.08249782338550386,0.08249782338550389,0.08249782338550388,0.08249782338550386,0.0824978233855039,0.08249782338550388,0.08249782338550388,0.08249782338550386,0.08249782338550389,0.08249782338550386,0.08249782338550388,0.08249782338550388,0.08249782338550385,0.08249782338550386,0.08249782338550389,0.08249782338550386,0.08249782338550389,0.08249782338550389,0.08249782338550389,0.08249782338550388,0.08249782338550388,0.0824978233855039,0.08249782338550388,0.08249782338550389,0.08249782338550388,0.08249782338550384,0.08249782338550386,0.08249782338550386,0.08249782338550388,0.08249782338550386,0.08249782338550388,0.08249782338550386,0.08249782338550388,0.08249782338550388,0.08249782338550388,0.08249782338550385,0.08249782338550384,0.08249782338550384,0.08249782338550385,0.08249782338550386,0.08249782338550388,0.08249782338550385,0.08249782338550386,0.08249782338550386,0.08249782338550388,0.08249782338550388,0.08249782338550386,0.08249782338550386,0.08249782338550388,0.08249782338550389,0.08249782338550385,0.08249782338550386,0.08249782338550389,0.08249782338550386,0.0824978233855039,0.08249782338550386,0.08249782338550385,0.08249782338550385,0.08249782338550385,0.08249782338550385,0.08249782338550385,0.08249782338550386,0.08249782338550385,0.08249782338550388,0.08249782338550385,0.08249782338550384,0.08249782338550382,0.08249782338550382,0.08249782338550382,0.08249782338550385,0.08249782338550385,0.08249782338550384,0.08249782338550385,0.08249782338550384,0.08249782338550386,0.08249782338550388,0.08249782338550385,0.08249782338550385,0.08249782338550382,0.08249782338550382,0.08249782338550386,0.08249782338550386,0.08249782338550386,0.08249782338550388,0.08249782338550388,0.08249782338550384,0.08249782338550388,0.08249782338550388,0.08249782338550384,0.08249782338550388,0.08249782338550386,0.08249782338550388,0.08249782338550388,0.08249782338550385,0.08249782338550388,0.08249782338550386,0.08249782338550388,0.08249782338550384,0.08249782338550388,0.08249782338550384,0.08249782338550386,0.08249782338550385,0.08249782338550388,0.08249782338550393,0.08249782338550386,0.08249782338550386,0.08249782338550386,0.08249782338550388,0.08249782338550386,0.08249782338550388,0.08249782338550386,0.08249782338550385,0.08249782338550388,0.08249782338550388,0.08249782338550386,0.08249782338550386,0.08249782338550385,0.08249782338550388,0.08249782338550386,0.08249782338550386,0.08249782338550386,0.08249782338550388,0.08249782338550388,0.08249782338550388,0.08249782338550386,0.08249782338550386,0.08249782338550386,0.08249782338550385,0.08249782338550384,0.08249782338550382,0.08249782338550382,0.08249782338550384,0.08249782338550385,0.08249782338550386,0.08249782338550388,0.08249782338550382,0.08249782338550384,0.08249782338550384,0.08249782338550382,0.08249782338550385,0.08249782338550384,0.08249782338550385,0.08249782338550385,0.08249782338550385,0.08249782338550384,0.08249782338550384,0.08249782338550384,0.08249782338550385,0.08249782338550382,0.08249782338550385,0.08249782338550382,0.08249782338550385,0.08249782338550384,0.08249782338550385,0.08249782338550382,0.08249782338550384,0.08249782338550386,0.08249782338550385,0.08249782338550389,0.08249782338550389,0.08249782338550388,0.0824978233855039,0.08249782338550388,0.08249782338550386,0.08249782338550385,0.08249782338550388,0.08249782338550386,0.08249782338550386,0.08249782338550386,0.08249782338550386,0.08249782338550388,0.08249782338550384,0.08249782338550388,0.08249782338550386,0.08249782338550385,0.08249782338550388,0.08249782338550385,0.08249782338550388,0.0824978233855039,0.08249782338550384,0.08249782338550388,0.0824978233855039,0.0824978233855039,0.08249782338550386,0.08249782338550388,0.08249782338550388,0.08249782338550384,0.08249782338550386,0.08249782338550382,0.08249782338550386,0.08249782338550386,0.08249782338550385,0.08249782338550385,0.08249782338550386,0.08249782338550386,0.08249782338550386,0.08249782338550388,0.08249782338550388,0.08249782338550388,0.0824978233855039,0.08249782338550389,0.08249782338550385,0.08249782338550389,0.08249782338550388,0.08249782338550388,0.08249782338550386,0.08249782338550388,0.08249782338550388,0.08249782338550388,0.08249782338550386,0.08249782338550388,0.08249782338550388,0.08249782338550385,0.08249782338550386,0.08249782338550385,0.08249782338550388,0.08249782338550388,0.08249782338550386,0.08249782338550385,0.08249782338550386,0.08249782338550386,0.08249782338550386,0.08249782338550386,0.08249782338550386,0.08249782338550386,0.08249782338550386,0.08249782338550386,0.08249782338550386,0.08249782338550389,0.08249782338550386,0.08249782338550386,0.0824978233855039,0.08249782338550388,0.08249782338550389
1,0.0,0.0,0.0,0.0,0.0,0.0,0.0,0.0,0.0,0.0,0.0,0.0,0.0,0.0,0.0,0.0,0.0,0.0,0.0,0.0,0.0,0.0,0.0,0.0,0.0,0.0,0.0,0.0,0.0,0.0,0.0,0.0,0.0,0.0,0.0,0.0,0.0,0.0,0.0,0.0,0.0,0.0,0.0,0.0,0.0,0.0,0.0,0.0,0.0,0.0,0.0,0.0,0.0,0.0,0.0,0.0,0.0,0.0,0.0,0.0,0.0,0.0,0.0,0.0,0.0,0.0,0.0,0.0,0.0,0.0,0.0,0.0,0.0,0.0,0.0,0.0,0.0,0.0,0.0,0.0,0.0,0.0,0.0,0.0,0.0,0.0,0.0,0.0,0.0,0.0,0.0,0.0,0.0,0.0,0.0,0.0,0.0,0.0,0.0,0.0,0.0,0.0,0.0,0.0,0.0,0.0,0.0,0.0,0.0,0.0,0.0,0.0,0.0,0.0,0.0,0.0,0.0,0.0,0.0,0.0,0.0,0.0,0.0,0.0,0.0,0.0,0.0,0.0,0.0,0.0,0.0,0.0,0.0,0.0,0.0,0.0,0.0,0.0,0.0,0.0,0.0,0.0,0.0,0.0,0.0,0.0,0.0,0.0,0.0,0.0,0.0,0.0,0.0,0.0,0.0,0.0,0.0,0.0,0.0,0.0,0.0,0.0,0.0,0.0,0.0,0.0,0.0,0.0,0.0,0.0,0.0,0.0,0.0,0.0,0.0,0.0,0.0,0.0,0.0,0.0,0.0,0.0,0.0,0.0,0.0,0.0,0.0,0.0,0.0,0.0,0.0,0.0,0.0,0.0,0.0,0.0,0.0,0.0,0.0,0.0,0.0,0.0,0.0,0.0,0.0,0.0,0.0,0.0,0.0,0.0,0.0,0.0,0.0,0.0,0.0,0.0,0.0,0.0,0.0,0.0,0.0,0.0,0.0,0.0,0.0,0.0,0.0,0.0,0.0,0.0,0.0,0.0,0.0,0.0,0.0,0.0,0.0,0.0,0.0,0.0,0.0,0.0,0.0,0.0,0.0,0.0,0.0,0.0,0.0,0.0,0.0,0.0,0.0,0.0,0.0,0.0,0.0,0.0,0.0,0.0,0.0,0.0,0.0,0.0,0.0,0.0,0.0,0.0,0.0,0.0,0.0,0.0,0.0,0.0,0.0,0.0,0.0,0.0,0.0,0.0,0.0,0.0,0.0,0.0,0.0,0.0,0.0,0.0,0.0,0.0,0.0,0.0,0.0,0.0,0.0,0.0,0.0,0.0,0.0,0.0,0.0,0.0,0.0,0.0,0.0,0.0,0.0,0.0,0.0,0.0,0.0,0.0,0.0,0.0,0.0,0.0,0.0,0.0,0.0,0.0,0.0,0.0,0.0,0.0,0.0,0.0,0.0,0.0,0.0,0.0,0.0,0.0,0.0,0.0,0.0,0.0,0.0,0.0,0.0,0.0,0.0,0.0,0.0,0.0,0.0,0.0,0.0,0.0,0.0,0.0,0.0,0.0,0.0,0.0,0.0,0.0,0.0,0.0,0.0,0.0,0.0,0.0,0.0,0.0,0.0,0.0,0.0,0.0,0.0,0.0,0.0,0.0,0.0,0.0,0.0,0.0,0.0,0.0,0.0,0.0,0.0,0.0,0.0,0.0,0.0,0.0,0.0,0.0,0.0,0.0,0.0,0.0,0.0,0.0,0.0,0.0,0.0,0.0,0.0,0.0,0.0,0.0,0.0,0.0,0.0,0.0,0.0,0.0,0.0,0.0,0.0,0.0,0.0,0.0,0.0,0.0,0.0,0.0,0.0,0.0,0.0,0.0,0.0,0.0,0.0,0.0,0.0,0.0,0.0,0.0,0.0,0.0,0.0,0.0,0.0,0.0,0.0,0.0,0.0,0.0,0.0,0.0,0.0,0.0,0.0,0.0,0.0,0.0,0.0,0.0,0.0,0.0,0.0,0.0,0.0,0.0,0.0,0.0,0.0,0.0,0.0,0.0,0.0,0.0,0.0,0.0,0.0,0.0,0.0,0.0,0.0,0.0,0.0,0.0,0.0,0.0,0.0,0.0,0.0,0.0,0.0,0.0,0.0,0.0,0.0,0.0,0.0,0.0,0.0,0.0,0.0,0.0,0.0,0.0,0.0,0.0,0.0,0.0,0.0,0.0,0.0,0.0,0.0,0.0,0.0,0.0,0.0,0.0,0.0,0.0,0.0,0.0,0.0,0.0,0.0,0.0,0.0,0.0,0.0,0.0,0.0,0.0,0.0,0.0,0.0,0.0,0.0,0.0,0.0,0.0,0.0,0.0,0.0,0.0,0.0,0.0,0.0,0.0,0.0,0.0,0.0,0.0,0.0,0.0,0.0,0.0,0.0,0.0,0.0,0.0,0.0,0.0,0.0,0.0,0.0,0.0,0.0,0.0,0.0,0.0,0.0,0.0,0.0,0.0,0.0,0.0,0.0,0.0,0.0,0.0,0.0,0.0,0.0,0.0,0.0,0.0,0.0,0.0,0.0,0.0,0.0,0.0,0.0,0.0,0.0,0.0,0.0,0.0,0.0,0.0,0.0,0.0,0.0,0.0,0.0,0.0,0.0,0.0,0.0,0.0,0.0,0.0,0.0,0.0,0.0,0.0,0.0,0.0,0.0,0.0,0.0,0.0,0.0,0.0,0.0,0.0,0.0,0.0,0.0,0.0,0.0,0.0,0.0,0.0,0.0,0.0,0.0,0.0,0.0,0.0,0.0,0.0,0.0,0.0,0.0,0.0,0.0,0.0,0.0,0.0,0.0,0.0,0.0,0.0,0.0,0.0,0.0,0.0,0.0,0.0,0.0,0.0,0.0,0.0,0.0,0.0,0.0,0.0,0.0,0.0,0.0,0.0,0.0,0.0,0.0,0.0,0.0,0.0,0.0,0.0,0.0,0.0,0.0,0.0,0.0,0.0,0.0,0.0,0.0,0.0,0.0,0.0,0.0,0.0,0.0,0.0,0.0,0.0,0.0,0.0,0.0,0.0,0.0,0.0,0.0,0.0,0.0,0.0,0.0,0.0,0.0,0.0,0.0,0.0,0.0,0.0,0.0,0.0,0.0,0.0,0.0,0.0,0.0,0.0,0.0,0.0,0.0,0.0,0.0,0.0,0.0,0.0,0.0,0.0,0.0,0.0,0.0,0.0,0.0,0.0,0.0,0.0,0.0,0.0,0.0,0.0,0.0,0.0,0.0,0.0,0.0,0.0,0.0,0.0,0.0,0.0,0.0,0.0,0.0,0.0,0.0,0.0,0.0,0.0,0.0,0.0,0.0,0.0,0.0,0.0,0.0,0.0,0.0,0.0,0.0,0.0,0.0,0.0,0.0,0.0,0.0,0.0,0.0,0.0,0.0,0.0,0.0,0.0,0.0,0.0,0.0,0.0,0.0,0.0,0.0,0.0,0.0,0.0,0.0,0.0,0.0,0.0,0.0,0.0,0.0,0.0,0.0,0.0,0.0,0.0,0.0,0.0,0.0,0.0,0.0,0.0,0.0,0.0,0.0,0.0,0.0,0.0,0.0,0.0,0.0,0.0,0.0,0.0,0.0,0.0,0.0,0.0,0.0,0.0,0.0,0.0,0.0,0.0,0.0,0.0,0.0,0.0,0.0,0.0,0.0,0.0,0.0,0.0,0.0,0.0,0.0,0.0,0.0,0.0,0.0,0.0,0.0,0.0,0.0,0.0,0.0,0.0,0.0,0.0,0.0,0.0,0.0,0.0,0.0,0.0,0.0,0.0,0.0,0.0,0.0,0.0,0.0,0.0,0.0,0.0,0.0,0.0,0.0,0.0,0.0,0.0,0.0,0.0,0.0,0.0,0.0,0.0,0.0,0.0,0.0,0.0,0.0,0.0,0.0,0.0,0.0,0.0,0.0,0.0,0.0,0.0,0.0,0.0,0.0,0.0,0.0,0.0,0.0,0.0,0.0,0.0,0.0,0.0,0.0,0.0,0.0,0.0,0.0,0.0,0.0,0.0,0.0,0.0,0.0,0.0,0.0,0.0,0.0,0.0,0.0,0.0,0.0,0.0,0.0,0.0,0.0,0.0,0.0,0.0,0.0,0.0,0.0,0.0,0.0,0.0,0.0,0.0,0.0,0.0,0.0,0.0,0.0,0.0,0.0,0.0,0.0,0.0,0.0,0.0,0.0,0.0,0.0,0.0,0.0,0.0,0.0,0.0,0.0,0.0,0.0,0.0,0.0,0.0,0.0,0.0,0.0,0.0,0.0,0.0,0.0,0.0,0.0,0.0,0.0,0.0,0.0,0.0,0.0,0.0,0.0,0.0,0.0,0.0,0.0,0.0,0.0,0.0,0.0,0.0,0.0,0.0,0.0,0.0,0.0,0.0,0.0,0.0,0.0,0.0,0.0,0.0,0.0,0.0,0.0,0.0,0.0,0.0,0.0,0.0,0.0,0.0,0.0,0.0,0.0,0.0,0.0,0.0,0.0,0.0,0.0,0.0,0.0,0.0,0.0,0.0,0.0,-3.3651965556090445e-28,-5.128795054384729e-44,6.333931686498933e-28,6.593373093702452e-28,8.555293408887505e-28,8.547168200568842e-28,8.546631046670513e-28,8.55480430571707e-28,8.563066563289147e-28,8.55554466147809e-28,8.555619862190406e-28,8.555532153835465e-28,8.55560158466458e-28,8.537463991894592e-28,8.53924487964432e-28,8.539244894360237e-28,8.542511589645851e-28,8.542511590011084e-28,8.537486941496473e-28,8.527428377512685e-28,8.526148920944477e-28,8.525919516434765e-28,8.525721561493975e-28,8.490102869345234e-28,8.48970716613264e-28,8.48970643013252e-28,8.489707182495572e-28,7.814442331206857e-28,7.814426811529427e-28,7.830634998981195e-28,7.815812639731257e-28,7.8168450036763135e-28,7.819360932088386e-28,7.883593418349195e-28,7.887532072704727e-28,9.668874917239647e-28,1.0055454385861318e-27,1.005889875494069e-27,1.016658448792331e-27,1.006425949675001e-27,1.0064495268535449e-27,9.647843403778788e-28,9.5162774085253e-28,8.239924608102888e-28,6.6871892891614555e-28,6.901426336989028e-28,6.9111730903285195e-28,6.928628972161729e-28,6.88030287658423e-28,6.885554832371694e-28,6.8885242752698e-28,6.892845777300512e-28,6.893562893637676e-28,1.533249215263793e-29,-1.925392565733508e-29,-2.75240034899196e-33,1.325444801917025e-29,1.2071042806445588e-29,2.87028929110737e-29,3.502320941205935e-29,3.4859638957986125e-29,1.4875311796225865e-28,6.4856873103690505e-31,1.169102811780031e-29,-8.384817787790311e-30,8.360850497246978e-28,9.074036228769452e-28,9.059727704803891e-28,9.123786570249452e-28,-8.114469453217385e-28,9.356440562623872e-30,9.356440562638025e-30,2.2788703855915644e-28,2.218511235639773e-28,2.7931496119917163e-28,2.570171034103754e-28,2.4150160946627146e-28,2.5157042867101785e-28,1.1554745221964247e-28,1.1554745221964142e-28,1.3560768663129418e-28,2.739527005591723e-28,5.872984071948951e-28,5.867022669346017e-28,1.8421121099337278e-27,1.818161688111313e-27,1.7814447842944002e-27,1.71357522821719e-27,1.713568505956082e-27,1.7584535320313518e-27,1.845691224624531e-27,1.8458683373242984e-27,1.8492018513054467e-27,1.877883590997384e-27,1.8778834795269897e-27,1.8859408317260023e-27,1.898900810863782e-27,1.901899862468568e-27,1.9245598609732037e-27,2.0672655985494856e-27,2.106453477875177e-27,2.105235957412738e-27,9.957344876565214e-28,1.0140068007460731e-27,1.1294647636893966e-27,1.0067664966126436e-27,1.0075385740433948e-27,1.8502529712835163e-28,1.8502529712721483e-28,1.9432461333362813e-28,1.2350904890164981e-26,1.2741425552837785e-26,1.2740472301948076e-26,1.2523836658709017e-26,1.2615637825126039e-26,1.192002770073728e-26,1.1907643544140912e-26,1.1894251544453295e-26,1.19089213682765e-26,1.1944861385334679e-26,1.2684945365045901e-26,1.287969880070523e-26,1.664178926104288e-26,1.825235188475636e-26,1.8389529861418064e-26,1.8379622444941588e-26,1.7085491019669277e-26,1.7113025362550807e-26,1.7015848342401e-26,1.7271682027026654e-26,1.7147687258352917e-26,1.7161518049487474e-26,1.580214628707529e-26,1.4533093720899854e-26,1.453109334374243e-26,1.453072904722554e-26,1.458315972456529e-26,1.4667125968864094e-26,1.4573572058305033e-26,1.867040620398163e-26,1.863095098841464e-26,1.9164253374759608e-26,1.9045271411364172e-26,1.9274512082663973e-26,1.9301177190281212e-26,1.9432211755271158e-26,1.9380863327946934e-26,2.0072646748151916e-26,1.988162199694161e-26,1.9704647977122272e-26,1.9465011365741792e-26,1.8467147698549804e-26,1.8465073878369385e-26,1.9372293796464144e-26,1.936899583385725e-26,1.937281190721814e-26,1.9225660193580872e-26,4.3106665965707045e-26,4.2348305683687264e-26,4.234829237109572e-26,4.2322310315438353e-26,4.520264166139759e-26,4.520257809367505e-26,-2.3157324012987648e-25,-2.623642084798015e-26,1.036432740260678e-28,4.769006109321994e-29,5.77032573022521e-29,-1.50233937493277e-28,6.01004712376593e-28,-5.493776203980665e-29,-5.829079592991497e-29,-5.620308081849153e-29,1.42681389471997e-29,3.0850803325616014e-30,-1.993344663796272e-28,-9.026347795182326e-29,1.199358520911316e-28,1.287121470727571e-28,-1.2620007332996152e-28,-1.997766598098348e-28,-2.2226193131282294e-29,1.011284859367211e-31,-1.5249164695723412e-29,-2.608936944847719e-39,1.1193757979803114e-28,-7.113227319990533e-28,-2.4529218356904695e-28,2.1251412927012055e-28,1.8067931682143323e-27,-2.4490805949337735e-27,3.852857983248361e-28,-8.025015350254623e-29,7.177890635061841e-28,7.483596493633984e-28,7.385561098981256e-28,7.4784421168711165e-28,7.458484970517995e-28,1.2811033354919424e-27,1.2733284548450524e-27,1.2605173689191414e-27,1.1048382788031535e-27,1.1050153379825419e-27,-4.216421275914697e-28,1.9092796854155305e-28,1.1067705921433008e-28,5.112050830771578e-27,5.360676558204841e-27,5.361842764904552e-27,5.314508499932756e-27,6.176596665771933e-27,6.1810862914954304e-27,6.553699327698933e-27,1.1400434913136552e-26,1.2284306461625629e-26,1.3061734312801325e-26,1.3028259710100852e-26,1.298599363274074e-26,1.297749136256849e-26,1.6552758101396913e-26,1.6552782249695261e-26,1.6552708296110086e-26,1.6456748471752216e-26,1.6465899406467848e-26,1.6479786560547063e-26,1.6480477377488693e-26,1.6500982696142123e-26,1.6210669594851272e-26,1.6233528685818674e-26,1.62316909792608e-26,1.6438142019915463e-26,1.6199296982809515e-26,1.6882990274826315e-26,1.6883924588452966e-26,2.1818181565608683e-26,2.089642574592515e-26,2.2413848621376364e-26,2.2413848621368615e-26,2.2733204025321092e-26,2.249707956403791e-26,2.2319303554570187e-26,2.2307468471507588e-26,2.66632678533309e-26,3.1922250399210853e-26,3.190902019215299e-26,3.190869989376248e-26,3.1921659566069167e-26,3.194871900891999e-26,3.289479429093462e-26,3.7046539379384593e-26,3.704413937567337e-26,3.704413937569243e-26,3.7422916127132045e-26,3.7798400969496485e-26,3.7987539056415456e-26,3.8179594715569554e-26,3.819366617765313e-26,3.8451890780047295e-26,3.758067870718326e-26,3.756190166671409e-26,3.756193586137192e-26,3.7561937644449284e-26,3.7603654397293157e-26,3.8738304385664834e-26,4.682805161381042e-26,4.679353263815861e-26,4.6812309146055867e-26,4.616409569886596e-26,4.603169316624864e-26,3.9231923213079453e-26,4.028860225294781e-26,4.0288602252922875e-26,4.028857062831823e-26,4.034520969368694e-26,4.034389256612373e-26,4.0348533701580297e-26,4.042946986859686e-26,4.040869932856748e-26,4.083527399822549e-26,4.083696026741139e-26,4.0668576081251307e-26,3.7529620861254256e-26,3.7905136911086207e-26,3.9895380792677516e-26,3.912290581556539e-26,3.913075334614708e-26,3.8860898159773193e-26,1.2754548836396337e-26,2.1402378266905225e-26,2.1270566740587521e-26,2.384416122125761e-26,2.2422229525514133e-26,2.242902859516037e-26,2.2431102029764813e-26,2.2431185325512808e-26,2.260093063557492e-26,2.2812810247698847e-26,2.4578201155318736e-26,2.4587993849345222e-26,2.432922812223441e-26,1.870526898789458e-26,1.8735816102092642e-26,1.873500587451784e-26,2.3246045852841727e-26,2.3409237863866095e-26,1.7181320433803867e-26,1.7182727728274466e-26,1.7052332729687945e-26,1.7113906933345645e-26,1.6968187567755697e-26,1.6968164691953669e-26,1.695068043205459e-26,1.6950698829049372e-26,1.69506781701881e-26,1.6895606694988768e-26,1.6919644056327736e-26,1.689319552338171e-26,1.5142119872942836e-26,1.5060694138183095e-26,1.5058408947272074e-26,1.4909127837709817e-26,1.446929669227332e-26,1.4426960251855513e-26,1.442671534212927e-26,1.442790996962823e-26,1.440709428855766e-26,-2.5718432277290984e-27,-2.79711899646099e-30,-6.175439486208779e-29,3.827952697003666e-29,5.892106956145037e-29,5.201549352553455e-28,-1.0454098899962886e-27,-6.471344186888192e-35,7.351622641191934e-29,-6.034931027031355e-28,6.009776664177993e-30,-1.2012877105433485e-27,1.7396458495476427e-27,1.7368446632127353e-27,1.5663208151541142e-27,1.5663184873578583e-27,1.6229895181590663e-27,1.622097301984091e-27,1.889804965138982e-27,1.9942833457991706e-27,1.9986308061432066e-27,1.998630806171815e-27,1.7085939074552806e-27,1.754160469696912e-27,1.6137322111999474e-27,1.6134575707982008e-27,5.6295617090901755e-28,6.511417495732526e-28,-1.437878113509985e-27,1.3357516015091237e-28,1.2964050716883579e-28,1.2101000658002387e-28,1.388006170007621e-26,1.403085241950831e-26,1.403081616392748e-26,-1.8573570929720354e-26,3.722966099449222e-33,2.3906852263068772e-29,9.467393610813182e-28,9.487387902827909e-28,9.153635937487557e-28,1.2675494604670244e-27,8.598795316920571e-27,8.494789682796359e-27,8.497683204570219e-27,8.750821896495175e-27,8.739692045005085e-27,8.96461605666755e-27,8.673968190022607e-27,8.70756368477053e-27,8.68539339884518e-27,9.221142947623064e-27,1.7809351601913432e-27,8.098440641016756e-28,8.098440641047645e-28,2.586695123000885e-27,2.5742430464483128e-27,2.576449617050047e-27,3.510353107021838e-27,4.220654057310772e-27,4.151431719746676e-27,-2.942095568044599e-27,-1.6046674308347906e-27,-7.356789618545252e-27,-3.137432608471908e-29,4.6398900624198663e-29,6.606143722168655e-29,8.050742569831599e-29,7.931386886454768e-29,3.7408971549803053e-29,-1.2271176665215829e-26,2.685120384214843e-29,2.6860886798884786e-29,-1.539910992269281e-27,3.1546709983531767e-29,-1.1157698648388642e-27,-1.2690387126678568e-28,2.594216196271448e-28,1.999208315146598e-28,1.9992997692916748e-28,4.785917289202816e-28,4.760155788183201e-28,4.760155799092615e-28,4.760247635500229e-28,4.6014805879089775e-28,4.497827110815519e-28,4.500449346823004e-28,4.39192400965169e-28,5.047888345033078e-28,5.039745832137068e-28,5.457217485176037e-28,-5.411275013164711e-27,2.5226504972825165e-30,-1.9706944651929515e-29,1.3373368530284527e-28,1.3373368530284522e-28,1.337336853027928e-28,1.3373364773287227e-28,1.3120753140527935e-28,-1.243377766814915e-27,5.221493597625086e-29,1.798575000230159e-26,1.6952931584050778e-26,1.674219957202415e-26,3.0090628254239213e-26,3.0090628254210055e-26,3.008613626407251e-26,3.009036280176915e-26,3.008460120993755e-26,2.982303365921991e-26,2.9823013455000355e-26,2.7791743790322157e-26,1.918401593216171e-26,1.9084323431310743e-26,1.9734419756804137e-26,1.9618333078846318e-26,1.9638860593226178e-26,1.9985337558659653e-26,1.998533796762948e-26,2.0022508541488646e-26,1.994711017109068e-26,1.927275637871198e-26,1.921359786214638e-26,1.921344832561827e-26,1.9480586660667672e-26,1.9299781877106174e-26,1.9299495413466374e-26,2.346075372095197e-26,2.5472811838529483e-26,2.5357697707379988e-26,2.5344205125337175e-26,2.5462069164995728e-26,2.5462159976721476e-26,2.5462163710659083e-26,2.546215194362145e-26,3.73649522537319e-26,6.148225638359256e-26,6.241436852649367e-26,6.220556129162084e-26,5.964230989391891e-26,5.981426186210692e-26,5.983888097992908e-26,5.969045951483178e-26,5.436082791259816e-26,5.437387179295011e-26,5.447409802997641e-26,5.438011731006735e-26,4.995803139965397e-26,4.995803130870971e-26,5.0284479673525024e-26,5.0281917543632733e-26,4.8758230930681215e-26,4.846209412096236e-26,4.8350052230206835e-26,4.838378643211225e-26,4.8363160445519696e-26,4.839786368200912e-26,4.8511275470963343e-26,4.099005817298805e-26,4.121303325086605e-26,4.08587637999604e-26,4.1094145930384594e-26,4.109399418928434e-26,4.1032350660648815e-26,4.139726406283859e-26,3.7615733437348245e-26,3.761549753502158e-26,3.7612395559709914e-26,3.7505461053124503e-26,3.7868884467060104e-26,3.786927046453059e-26,4.39622156201753e-26,4.396304374091996e-26,4.32659126380465e-26,4.326407736105989e-26,4.3482933839294714e-26,3.393760992829586e-26,3.3938377185827244e-26,3.472667850906034e-26,3.472668813035809e-26,3.472676454266982e-26,3.4732892669537866e-26,1.050879892950066e-25,1.051353903711695e-25,1.051521011571397e-25,1.0585621258998833e-25,1.0590135385706161e-25,1.0590135420849094e-25,1.0612676216923386e-25,1.061349063451924e-25,1.0613491266181538e-25,1.0613494936263474e-25,1.340176823090374e-25,1.3236051025133069e-25,1.3237846592662027e-25,1.3661920123188654e-25,1.36584460115503e-25,1.3658127715821184e-25,1.3658061415633176e-25,1.356366840859478e-25,1.3563637928461794e-25,1.3562551472564012e-25,1.3634446290120607e-25,1.364029676374732e-25,1.381068922986942e-25,1.4778329007312139e-25,2.388830320350431e-25,2.33857890679073e-25,2.3378200710994895e-25,2.3378200710994914e-25,2.3378200848530508e-25,2.3392547359247476e-25,2.3393580873593507e-25,2.338554121189567e-25,2.3388945590235576e-25,2.338894559023557e-25,2.3388945590233955e-25,2.338744694792554e-25,2.3387449990245365e-25,2.370854078340721e-25,2.3262901081019536e-25,2.3262873074194884e-25,2.3262795984206235e-25,2.3262226373112713e-25,2.331488147959453e-25,2.331488047925171e-25,2.330132538152915e-25,2.330134671007362e-25,2.33019480620157e-25,2.3316606479991902e-25,2.332207166381423e-25,2.332534537974851e-25,2.3305936134168277e-25,2.3305861511308325e-25,2.3305862740008934e-25,2.3308184795152e-25,2.3187234338487964e-25,2.3187234360520586e-25,2.2979887164377363e-25,2.297988716437736e-25,2.2979652942384626e-25,2.2975904158433207e-25,2.297512369798774e-25,2.2974771614874397e-25,2.2966116280929995e-25,2.2944037102600015e-25,2.2950109870943e-25,2.339370722807258e-25,2.3295338525939344e-25,2.3297805336018376e-25,2.3297788518442537e-25,2.321873497946289e-25,2.3229012618216485e-25,2.3566961316477766e-25,2.357718106773641e-25,2.3569854032055224e-25,2.3569854358856167e-25,2.381714880105404e-25,2.378347056687337e-25,2.3781044216821593e-25,2.3866101764572654e-25,2.3866478064813376e-25,2.6306975958110326e-25,2.630697595811033e-25,2.557199941594684e-25,2.55712161672474e-25,2.638460037231451e-25,2.6384595344943976e-25,2.6384182560222053e-25,2.578101181206306e-25,2.578148068765148e-25,2.6026563861833366e-25,2.6040222015244894e-25,2.602516675522598e-25,2.6025166754427183e-25,2.6025136225633625e-25,2.601654768813945e-25,2.6021153508386676e-25,2.5702424703999644e-25,2.568882692854064e-25,2.598389472501867e-25,2.618449800119607e-25,2.6200992668405433e-25,2.620024032533142e-25,2.6328130345903336e-25,2.63285527297799e-25,2.6353786747216285e-25,2.6354062553466035e-25,2.635246281221778e-25,2.635039154565814e-25,2.639096699485179e-25,2.6390959270972567e-25,2.6389866000088625e-25,2.638133406689866e-25,2.6381334067839443e-25,2.6381334073283763e-25,2.656060150893235e-25,2.6560603268932607e-25,2.656060124003473e-25,2.6560601247487107e-25,2.6584825567244565e-25,2.658482534779723e-25,2.658483268533358e-25,2.660691796069631e-25,2.661649820085606e-25,2.344675670703954e-25,2.3443890072967045e-25,2.3460686709465035e-25,2.339882085020184e-25,2.3456516432679603e-25,2.3152820753967866e-25,2.315545954407324e-25,2.3155561259065733e-25,2.345379797893882e-25,2.3453797927032917e-25,2.0039688995170587e-25,2.0039559926107011e-25,2.003955992716494e-25,2.0039559927164945e-25,2.0039559927164727e-25,2.0039559440243304e-25,2.002707574282682e-25,1.9965173052963745e-25,1.9965847013486985e-25,1.9965526293550813e-25,1.924276535839656e-25,1.9242886904759646e-25,1.9385801877007396e-25,1.9385802198130477e-25,1.9387641388799725e-25,1.9387641388803768e-25,1.9387873962046308e-25,1.9387827711399274e-25,1.9688385844119046e-25,1.970105159360761e-25,1.9701053634286565e-25,1.970105363824328e-25,1.9702930237392483e-25,1.9683608492445116e-25,1.9683633278527018e-25,1.971487661474851e-25,1.9690075658002614e-25,1.9690062234276196e-25,1.969006223402615e-25,1.9690354625433142e-25,1.969042943422887e-25,1.969042943435451e-25,1.9686341219882227e-25,1.9857004020722127e-25,1.9856954235279318e-25,1.9856954232326878e-25,1.9852826036925475e-25,1.9842908189006434e-25,1.9847553043355652e-25,1.9865868018658483e-25,1.9861897059645212e-25,1.9911141408590225e-25,1.9913353583097313e-25,1.9914478297746027e-25,2.0137894240925271e-25,2.124562731341545e-25,2.124562648984738e-25,2.1245626489847353e-25,2.1245421173993895e-25,2.12420111103915e-25,2.1242011110390133e-25,2.1271590209244387e-25,2.1262232788435206e-25,2.126180379487959e-25,2.126180354453683e-25,2.0987410492310067e-25,2.0989161985905984e-25,2.310121177000973e-25,2.310016662833453e-25,2.3085877167624486e-25,2.604069121965489e-25,2.603974706836102e-25,2.5691487374723776e-25,2.585959818692571e-25,2.585711723336325e-25,2.5857586707942893e-25,2.585975348198296e-25,2.5859115595535625e-25,2.5860968294723825e-25,2.5858995371693057e-25,2.585881631957979e-25,2.5940235116846715e-25,2.5940240766933877e-25,2.594024056923329e-25,2.5940100383708723e-25,2.583294070476734e-25,2.5832968562680803e-25,2.5833062575784493e-25,2.583306681252866e-25,2.583831446440969e-25,2.5824959439060516e-25,2.5501521657695673e-25,2.5186776090289976e-25,2.51867760859337e-25,2.5237152878489694e-25,2.5240536889281996e-25,2.6308052266137892e-25,2.630815339662807e-25,2.634570264781948e-25,2.6323039311797325e-25,2.632427936080245e-25,2.635465250523963e-25,2.6312008580434266e-25,2.631198506716908e-25,2.6303132151791503e-25,2.6303130614605613e-25,2.6307264361844225e-25,2.630725912635662e-25,2.630725912635652e-25,2.6285866951817307e-25,2.6285957548503664e-25,2.6975403221992655e-25,2.6975855411963205e-25,2.700632444424361e-25,2.7768733282262067e-25,2.7433339094767407e-25,2.7291181692095715e-25,2.729115217024711e-25,2.5806877600500455e-25,2.5788803799345943e-25,2.5788803790247015e-25,2.0718262108592934e-25,2.1630719012194897e-25,2.1604881072729187e-25,2.1604765826966487e-25,2.160476582523698e-25,1.9146346400001962e-25,1.9146345200345332e-25,1.914742502579199e-25,1.914713155527705e-25,1.914712972106706e-25,1.9147319757805084e-25,1.905657657823278e-25,2.1034613221647863e-25,2.092886638009102e-25,2.0932270908735314e-25,2.093863198588903e-25,2.0905228467558783e-25,2.0905251613251536e-25,2.069616085602658e-25,2.048016299796241e-25,2.0159450178178345e-25,2.0159450178178351e-25,2.011923857480623e-25,2.006042784016777e-25,2.0060427952658084e-25,2.0042954046013684e-25,2.0016580129827865e-25,1.999894057717798e-25,2.0023247188069408e-25,2.0029367945283088e-25,2.002846985006136e-25,2.0028468579783053e-25,2.0028428454422163e-25,1.9430797735195144e-25,1.9408547081407e-25,1.9481633818592148e-25,2.4495037511323683e-25,2.437954308691426e-25,2.4376394029033116e-25,2.4491348070055027e-25,2.4479991541733387e-25,2.4480012110165273e-25,3.010519651988329e-26,3.017089601839944e-26,2.9631120435857215e-26,-1.6066370143729762e-25,1.5942362714105703e-27,1.59411122087125e-27,1.652672599504974e-27,1.6602942930101083e-27,1.6603093836229934e-27,1.737830282262595e-27,1.737802292683878e-27,1.730701050532539e-27,1.689856644341928e-27,1.6998435580694094e-27,1.8902064596059483e-27,1.8908035621217586e-27,2.149554833388268e-27,3.1425522829067227e-27,3.0610087465852544e-27,3.061840412959559e-27,3.0648303461486716e-27,9.673682155161741e-26,9.299978882657388e-26,9.313915194134642e-26,9.529071984242167e-26,9.525793433444575e-26,8.660406999592035e-26,8.66297606397021e-26,8.662965741589597e-26,8.65858021763787e-26,8.839995294869212e-26,8.888842896864753e-26,8.890323287230836e-26,8.889928415397219e-26,9.057758111630138e-26,8.920745158031458e-26,8.923706022184012e-26,8.945514520517557e-26,8.944766767012469e-26,8.944870133784205e-26,8.944870133779313e-26,8.944873722261558e-26,8.94486860317104e-26,9.147446603126823e-26,8.340007366321985e-26,8.30801657771563e-26,8.308032648847296e-26,8.30803265679186e-26,8.308032649503926e-26,8.307996759695365e-26,8.307698501670342e-26,8.295309006388862e-26,8.295309004310086e-26,8.296341683730669e-26,8.286273954188478e-26,8.039197885110323e-26,7.994845113333352e-26,7.994865352369617e-26,7.994912201935269e-26,7.993894364106381e-26,1.0900354792751697e-25,1.1775010728956288e-25,1.1774995589968538e-25,1.1785574994339723e-25,1.1804615788426196e-25,1.1804618873432127e-25,1.3166117926689547e-25,1.316621947715848e-25,1.3164892179555366e-25,1.3170359367868448e-25,1.3170381963652438e-25,1.317038195423145e-25,1.3172607274629589e-25,1.3172607274591895e-25,1.3172607274601813e-25,1.3258471268776106e-25,1.3258852735374985e-25,1.3258852484622353e-25,1.3258337688780344e-25,1.3258856759534671e-25,1.3258852831386772e-25,1.325885260151065e-25,1.3258852569316087e-25,1.325880239615937e-25,1.1090448858432999e-25,1.1090448858396255e-25,1.1090448850538415e-25,1.10904487533235e-25,1.1090448753601e-25,1.1068512761216954e-25,1.1068526287167416e-25,1.1068418708222934e-25,1.1068418708367977e-25,1.1068001466509301e-25,1.1069986267854375e-25,1.1069986289625993e-25,1.1089651691454022e-25,1.1089651691454022e-25,1.1096984012106047e-25,1.109388991844801e-25,1.109388991844792e-25,1.1093879707945768e-25,1.1093878908872718e-25,1.1093878713967818e-25,1.1534527799007108e-25,1.153452011780856e-25,1.1534639419796298e-25,1.1534636474353077e-25,1.1534328161506848e-25,1.153432807550186e-25,1.1534314666176693e-25,1.153428176927159e-25,1.1543794276790258e-25,1.1543796023328425e-25,1.154379090079299e-25,1.1630024246483601e-25,1.1630003748411483e-25,1.0859062525456379e-25,1.0859053313028958e-25,1.0859053313028965e-25,1.085903279420458e-25,1.0859032809106136e-25,1.1045152141393138e-25,1.1054068432568934e-25,1.1054252616095306e-25,1.1058753427505636e-25,1.1058507672275805e-25,1.1058145253143348e-25,1.105814781928519e-25,1.105814801816303e-25,1.1057717771732857e-25,1.105771777173284e-25,1.10576216376679e-25,1.105762783831993e-25,1.1139762299591978e-25,1.1139769173810825e-25,1.1139769173810825e-25,1.1166946248892473e-25,1.116705597500921e-25,1.10506262043274e-25,1.1052158803577498e-25,1.1089042737256696e-25,1.1131170664982693e-25,1.1130262856119204e-25,1.114039398024374e-25,1.1140296740766666e-25,1.1136285259702715e-25,1.1108167026813843e-25,1.1108330616558552e-25,1.1108163852209469e-25,1.11080398141866e-25,1.1072484601381358e-25,1.1072429915158708e-25,1.1058532929784898e-25,1.1083881503388584e-25,1.1083988660027547e-25,1.108399111804752e-25,1.1084019061306989e-25,1.108384751091345e-25,1.1083846379730976e-25,1.1083856912930657e-25,1.1084241900245062e-25,1.108584911708456e-25,1.1092524365509767e-25,1.109883568458855e-25,1.1098339150834838e-25,1.109832965386723e-25,1.1098515554205543e-25,1.109851555422146e-25,1.1098967027219288e-25,1.102742766327724e-25,1.1027406642590405e-25,8.684717307174392e-26,8.683199457197178e-26,8.683314928431382e-26,8.683314937520383e-26,8.683314937520645e-26,8.683314946469499e-26,8.683314946142218e-26,8.68331494614412e-26,8.683314897043812e-26,8.683314909050066e-26,8.683314751830701e-26,8.683315133073153e-26,8.683315132315553e-26,8.683315123749162e-26,8.683315128330147e-26,8.683315187754122e-26,8.683315187755216e-26,8.683315188977834e-26,8.683315391839711e-26,8.683315391839842e-26,8.68331539183465e-26,8.683315390983778e-26,8.6833154053351e-26,8.683315510330751e-26,8.683315708871962e-26,8.683315652685753e-26,8.683315702772662e-26,8.683315684577519e-26,8.68331568582798e-26,8.68331572497023e-26,8.683316479959575e-26,8.683316478414206e-26,8.683316608595673e-26,8.68331659145776e-26,8.683316658223361e-26,8.683316670282138e-26,8.683316670126396e-26,8.683316679996339e-26,8.683316680601279e-26,8.68331668060128e-26,8.683316683120143e-26,8.683316675927573e-26,8.683316646633143e-26,8.683316664928175e-26,8.683316655504908e-26,8.68331667926856e-26,8.683316693128913e-26,8.683316668592724e-26,8.683316668618866e-26,8.683316671892704e-26,8.683316887714674e-26,8.683316887341986e-26,8.683316896840789e-26,8.683316897162631e-26,8.683316933099451e-26,8.683316933694298e-26,8.683316932031604e-26,8.683316932031579e-26,8.683317435761755e-26,8.683317435774541e-26,8.683317437203656e-26,8.683317395527446e-26,8.683317399553675e-26,8.683317337683839e-26,8.683317402124323e-26,8.68331743892466e-26,8.683317453864833e-26,8.683317453863918e-26,8.683317454563235e-26,8.683317103284369e-26,8.683317111957532e-26,8.683317111956717e-26,8.683317111487591e-26,8.683317036317983e-26,8.683317036260745e-26,8.683317036624253e-26,8.683317053148468e-26,8.683317052724775e-26,8.683322920542937e-26,8.683322891827806e-26,8.683322894290684e-26,8.683322874051915e-26,8.683322870556598e-26,8.68332250525109e-26,8.68332250628213e-26,8.683322523476283e-26,8.683322523308523e-26,8.683322338649795e-26,8.683322072462182e-26,8.68332209454821e-26,8.683322093422677e-26,8.683322093422784e-26,8.683322094068076e-26,8.683322135901848e-26,8.68332213542796e-26,8.683322140664533e-26,8.683322139815129e-26,8.683322139929746e-26,8.683321923908371e-26,8.683310306623442e-26,8.683383351213003e-26,8.683383351693943e-26,8.683383338167641e-26,8.683383249805884e-26,8.683340526167581e-26,8.683339333959456e-26,8.683339334280168e-26,8.683339333789629e-26,8.683339387180023e-26,8.683339063785672e-26,8.683339063889726e-26,8.683339000049094e-26,8.68333897509868e-26,8.683339831575742e-26,8.683340109957059e-26,8.683340089442049e-26,8.68334008763072e-26,8.683340104670914e-26,8.683340104670819e-26,8.683292012142375e-26,8.683291987912961e-26,8.683291987944467e-26,8.683291956283425e-26,8.683291956283575e-26,8.68328835464026e-26,8.683288351016672e-26,8.683288330789946e-26,8.683288499091813e-26,8.68328848217218e-26,8.68328848222282e-26,8.683288346697991e-26,8.683288340693124e-26,8.683278149382968e-26,8.683278144148491e-26,8.683278350424569e-26,8.683278342216278e-26,8.683278343390208e-26,8.683278344967436e-26,8.683278346499296e-26,8.683278344549685e-26,8.683278344456725e-26,8.683278335034312e-26,8.683278325824825e-26,8.683278338716983e-26,8.683278351437151e-26,8.683278352044399e-26,8.683278356742415e-26,8.683277856198314e-26,8.683277857565075e-26,8.683277857367321e-26,8.683277835123226e-26,8.68327782781793e-26,8.683277827696954e-26,8.683277828973287e-26,8.683277829520848e-26,8.683277824208338e-26,8.683277853954697e-26,8.683277857861691e-26,8.683277765988758e-26,8.68327783822744e-26,8.683277839392546e-26,8.683277870128519e-26,8.68327787313106e-26,8.683215220742189e-26,8.683215241019117e-26,8.683215237623984e-26,8.68321523756436e-26,8.683215235904447e-26,8.683215242205453e-26,8.68321513980234e-26,8.683215138202734e-26,8.683215155412675e-26,8.683214489772959e-26,8.683214489817208e-26,8.683214491935015e-26,8.683214419786253e-26,8.683214423676294e-26,8.683214423676298e-26,8.683214227631004e-26,8.683214240670861e-26,8.683214240529079e-26,8.68321424052934e-26,8.683214237842261e-26,8.683214326334072e-26,8.683214328231081e-26,8.683217788464699e-26,8.68321778791351e-26,8.683217160850534e-26,8.683217158669852e-26,8.683217001380058e-26,8.683217002656773e-26,8.683216997469056e-26,8.68321699745233e-26,8.6832169959291e-26,8.683216987989451e-26,8.683217194895286e-26,8.683216482045669e-26,8.683216487901738e-26,8.683216488551665e-26,8.683216484523282e-26,8.683216481078749e-26,8.683216484023657e-26,8.683216484042945e-26,8.683216751026975e-26,8.683216751302943e-26,8.683216751302801e-26,8.683216745079492e-26,8.683226791985945e-26,8.683226791985946e-26,8.683226777374543e-26,8.683226777363828e-26,8.683226705564364e-26,8.683226780495863e-26,8.68322678049473e-26,8.683226790575794e-26,8.683226859513803e-26,8.683226868899851e-26,8.683226868899846e-26,8.683226871246782e-26,8.683225657501637e-26,8.683225952710119e-26,8.683225953555513e-26,8.683225837200345e-26,8.683225860091689e-26,8.683225854166968e-26,8.683225843013409e-26,8.683225818662464e-26,8.683225818703012e-26,8.68322573044558e-26,8.683225732987349e-26,8.683225742257103e-26,8.683225742666139e-26,8.683446538193309e-26,8.683446690514623e-26,8.683446707276407e-26,8.683446703303216e-26,8.683446713922652e-26,8.683446768663748e-26,8.683461832427256e-26,8.683461832427258e-26,8.683461827251116e-26,8.683461830536645e-26,8.68346179075142e-26,8.68346179075142e-26,8.683461811340342e-26,8.683461804741603e-26,8.683461804741599e-26,8.683462570475378e-26,8.683462572167637e-26,8.683462562398036e-26,8.683462562153098e-26,8.683462562312465e-26,8.683462562660507e-26,8.683462648792453e-26,8.683462648943675e-26,8.683462649628425e-26,8.683462651673096e-26,8.683462622459513e-26,8.683462676179626e-26,8.683462676566997e-26,8.683462677167283e-26,8.68346267556114e-26,8.683462600165435e-26,8.683462600165279e-26,8.683462602030534e-26,8.683462571132286e-26,8.683462568926076e-26,8.68346260029462e-26,8.683462596505296e-26,8.683462579234314e-26,8.683460358870342e-26,8.683460357736298e-26,8.683462127014264e-26,8.683462703347595e-26,8.683462703204647e-26,8.683462690139343e-26,8.68346254751902e-26,8.683451753729751e-26,8.683451874876242e-26,8.6834518713832e-26,8.683452087692608e-26,8.683452097168044e-26,8.683452375712119e-26,8.683452381178207e-26,8.683452381017027e-26,8.683452413356311e-26,8.68345241240312e-26,8.683452411609993e-26,8.68345241216006e-26,8.68344486339158e-26,8.683444874786715e-26,8.683444860698517e-26,8.683444890657477e-26,8.68344879758114e-26,8.683449258156768e-26,8.683449268290093e-26,8.683449223801828e-26,8.683449420976853e-26,8.683449435559664e-26,8.683450526320653e-26,8.683450549513239e-26,8.683450365429198e-26,8.68345036542886e-26,8.683450365591152e-26,8.683450369995252e-26,8.683450482558947e-26,8.683450322852026e-26,8.683450293688433e-26,8.683450307366281e-26,8.683450306046267e-26,8.683450306046263e-26,8.683450305854388e-26,8.683450306485739e-26,8.683450306000964e-26,8.683450306114772e-26,8.683450309280868e-26,8.683450274303299e-26,8.683450297834855e-26,8.683451483238804e-26,8.683451475777158e-26,8.683451475733702e-26,8.683451475898346e-26,8.683451473648592e-26,8.683451437334405e-26,8.683441302276311e-26,8.683441301009527e-26,8.683441296550345e-26,8.683441205889632e-26,8.683441208252426e-26,8.683441174917459e-26,8.683441228301295e-26,8.683441182445455e-26,8.683441239800394e-26,8.683441232329699e-26,8.682343769347861e-26,8.682343838984429e-26,8.682343915607777e-26,8.682343915709974e-26,8.682343915667943e-26,8.682343848106335e-26,8.682343863764429e-26,8.682343844257137e-26,8.68234382047784e-26,8.682343817107342e-26,8.682350358867237e-26,8.68235039642828e-26,8.682336165681943e-26,8.682336189082874e-26,8.682334205512417e-26,8.68233420458404e-26,8.682334203239821e-26,8.682334236106361e-26,8.682334863452801e-26,8.682334856893716e-26,8.682334862494311e-26,8.682334979122771e-26,8.68233498322639e-26,8.682334981475595e-26,8.682335009355478e-26,8.682339866656203e-26,8.682340190525754e-26,8.682340167548002e-26,8.682340162614004e-26,8.682340162614551e-26,8.68234016583241e-26,8.682340166369122e-26,8.682340166331456e-26,8.682340166187548e-26,8.682340152568628e-26,8.682340153143196e-26,8.682340066358059e-26,8.682340066269962e-26,8.682340066279581e-26,8.682340063820305e-26,8.682340063813168e-26,8.68234006195604e-26,8.682340061829594e-26,8.682340061595102e-26,8.682339863567669e-26,8.682339259344391e-26,8.682339258369196e-26,8.682339070194275e-26,8.68233982556814e-26,8.682339825231826e-26,8.682339825913834e-26,8.682339835147082e-26,8.682339872171405e-26,8.682339778663871e-26,8.682339776097486e-26,8.682339797489302e-26,8.682330315974535e-26,8.682330855087859e-26,8.682330945197047e-26,8.68233094647718e-26,8.682330946532997e-26,8.682330946492571e-26,8.682330946492349e-26,8.682330946492587e-26,8.682330988819466e-26,8.68233000383529e-26,8.682329859007158e-26,8.68232986983375e-26,8.682325285957242e-26,8.682324982665957e-26,8.682324670309353e-26,8.682324670553988e-26,8.682324669689715e-26,8.682324669886679e-26,8.682324675931493e-26,8.682324676323358e-26,8.682324676320827e-26,8.682324621827869e-26,8.68232449141241e-26,8.682319879249731e-26,8.682319832747496e-26,8.68231982764655e-26,8.682319828044906e-26,8.682319828019038e-26,8.682319833732208e-26,8.682319833616225e-26,8.682320789547895e-26,8.682320720777377e-26,8.682320722561891e-26,8.68232072586147e-26,8.682320421414854e-26,8.682320418417972e-26,8.682318023406348e-26,8.682317929520515e-26,8.682317930381435e-26,8.682317930553458e-26,8.682317930553554e-26,8.682317931139664e-26,8.682318122777729e-26,8.682318131515777e-26,8.682318121403898e-26,8.68231812138812e-26,8.682318121576983e-26,8.682318121706801e-26,8.682318118896776e-26,8.682318119763219e-26,8.682318132553644e-26,8.682318132697116e-26,8.682318132697099e-26,8.682318131054731e-26,8.682318032259968e-26,8.682317994168599e-26,8.682318020314227e-26,8.682318025602496e-26,8.682318031429147e-26,8.682317569173075e-26,8.682317570118322e-26,8.682317568904568e-26,8.682317568214704e-26,8.682317575585938e-26,8.682317583608e-26,8.682317583607997e-26,8.682317583607991e-26,8.682317587334796e-26,8.68231758998794e-26,8.682317589981139e-26,8.682317589981129e-26,8.682317702259865e-26,8.682317610312115e-26,8.68231760966272e-26,8.682317487665024e-26,8.682317487706968e-26,8.682317491797056e-26,8.682317492514204e-26,8.682317492758429e-26,8.682317493968881e-26,8.682317494029313e-26,8.682317493397952e-26,8.682317492957888e-26,8.682317493058348e-26,8.6823174930761e-26,8.682317464544078e-26,8.682317466887507e-26,8.682317468649899e-26,8.682317468651794e-26,8.682317468651604e-26,8.682317465190219e-26,8.682317465537673e-26,8.682317374342946e-26,8.682317382520967e-26,8.682317374731887e-26,8.682317375460385e-26,8.682317371573555e-26,8.682317373500418e-26,8.682317373265491e-26,8.682317143619077e-26,8.682317466070237e-26,8.682317464306142e-26,8.682317466715481e-26,8.682317477593801e-26,8.682317477256157e-26,8.682315533865799e-26,8.682315539479228e-26,8.682315539860989e-26,8.682352269907153e-26,8.682352264154275e-26,8.682352266901235e-26,8.682352266429262e-26,8.682352270928649e-26,8.682352306249964e-26,8.682352074425588e-26,8.682352074193683e-26,8.682352077291608e-26,8.682352094702883e-26,8.682352098390367e-26,8.682352097535367e-26,8.682352095182639e-26,8.682352096079982e-26,8.682352096859733e-26,8.682351566432697e-26,8.682351550024999e-26,8.682351602120999e-26,8.68235161010465e-26,8.682351538676534e-26,8.682351535672445e-26,8.682351522470125e-26,8.682352160440069e-26,8.682352168108898e-26,8.68235215790943e-26,8.682353023888763e-26,8.682353025567271e-26,8.682353029751207e-26,8.682329180833497e-26,8.682329660158618e-26,8.68232965525303e-26,8.682289643825661e-26,8.68228963950548e-26,8.682290322869477e-26,8.682290318714973e-26,8.68229033266331e-26,8.682290328765942e-26,8.682290328962185e-26,8.68229032781154e-26,8.682290327811621e-26,8.682290332776529e-26,8.682290335782303e-26,8.682290280755983e-26,8.682290283175823e-26,8.68228854159681e-26,8.682287634074447e-26,8.682287632928674e-26,8.682281434890244e-26,8.682281434100584e-26,8.682281600316535e-26,8.682269688680643e-26,8.682269067619703e-26,8.68226906792627e-26,8.682166462011356e-26,8.682166445802819e-26,8.682166450802627e-26,8.682166521648609e-26,8.682166622396847e-26,8.682166616614632e-26,8.682166613460461e-26,8.682166511953188e-26,8.682166512879552e-26,8.682166514075778e-26,8.682166536222711e-26,8.682166532303271e-26,8.682166510203053e-26,8.682166510203066e-26,8.682166510203116e-26,8.682166510556099e-26,8.682166510556044e-26,8.68216650858146e-26,8.682166506175392e-26,8.682166506423697e-26,8.68216650916439e-26,8.682166487974423e-26,8.682166484800029e-26,8.682166484800091e-26,8.682166481650556e-26,8.682166415930138e-26,8.682166423522179e-26,8.682166429541057e-26,8.682166653508819e-26,8.68216665340658e-26,8.682166653459765e-26,8.68216664931964e-26,8.682166649484806e-26,8.68216664943282e-26,8.68216664918369e-26,8.682168373848996e-26,8.682168378014785e-26,8.682166307346166e-26,8.68216630537873e-26,8.682166818557877e-26,8.682166818557876e-26,8.682166818557876e-26,8.682166818557877e-26,8.682166813833195e-26,8.682166901600463e-26,8.682166792704107e-26,8.682166792704106e-26,8.682166787277442e-26,8.682166784401143e-26,8.682166785123327e-26,8.682166783764076e-26,8.682166783570204e-26,8.68216678042569e-26,8.682152068670775e-26,8.682152068457172e-26,8.68215229585759e-26,8.682152278069291e-26,8.682152276571513e-26,8.682152001875939e-26,8.682152001868497e-26,8.682151890159899e-26,8.682151906240902e-26,8.682151908653228e-26,8.682151907529773e-26,8.682151914238899e-26,8.682151714288051e-26,8.682151719972886e-26,8.682151699109736e-26,8.682151702077124e-26,8.682151361567595e-26,8.682151361649323e-26,8.68215136027937e-26,8.682151360280335e-26,8.682151360198777e-26,8.682151360149364e-26,8.682151439712007e-26,8.682151547605303e-26,8.682151556756212e-26,8.682151594868487e-26,8.682151593994073e-26,8.682151587861926e-26,8.682150570808994e-26,8.682150853207471e-26,8.682150738823066e-26,8.682150730786055e-26,8.682150722509993e-26,8.682150542792509e-26,8.682150543660234e-26,8.682150768784992e-26,8.682150777670551e-26,8.682150783873872e-26,8.68215089191208e-26,8.682150890343528e-26,8.682155456087191e-26,8.682155413570517e-26,8.682155416131568e-26,8.682155216403325e-26,8.68215518034329e-26,8.682155179973185e-26,8.682155178566281e-26,8.682155282333435e-26,8.682155286504639e-26,8.682155290065587e-26,8.682164097396372e-26,8.682164100868148e-26,8.68216405137611e-26,8.682164051376113e-26,8.68216405137611e-26,8.682164051376113e-26,8.682164051376133e-26,8.68216405137613e-26,8.682164051376132e-26,8.682164051376112e-26,8.682164051430246e-26,8.68216404477473e-26,8.682164056384334e-26,8.682164272184194e-26,8.682164388881575e-26,8.682164387748049e-26,8.682164381316165e-26,8.682164384602983e-26,8.682164390472064e-26,8.682164347228069e-26,8.682164278122115e-26,8.682164339426462e-26,8.682164305031801e-26,8.682164296087675e-26,8.682164295807491e-26,8.682164348337442e-26,8.682163678387516e-26,8.682163672164498e-26,8.682163697560906e-26,8.682163711401705e-26,8.682163732119669e-26,8.682163727435944e-26,8.682163721675449e-26,8.682168167855058e-26,8.682168166602679e-26,8.68216813142351e-26,8.682168235064381e-26,8.682167543773039e-26,8.682167516471476e-26,8.682167514148347e-26,8.682164820739162e-26,8.68216480772496e-26,8.682164906554011e-26,8.682164913218044e-26,8.68216496028218e-26,8.68216495862363e-26,8.68216495862363e-26,8.68216491803737e-26,8.682167264552687e-26,8.682167265976104e-26,8.682167265682937e-26,8.682167273682706e-26,8.682167264047157e-26,8.682164909372687e-26,8.682164810095874e-26,8.682164851837963e-26,8.682164359158503e-26,8.68216436589132e-26,8.682165005072441e-26,8.682165004127101e-26,8.682165040947822e-26,8.682165029581367e-26,8.682165059010665e-26,8.682165631637965e-26,8.682165600706881e-26,8.682165608435373e-26,8.682165610601424e-26,8.682165625569309e-26,8.682165625171624e-26,8.682165625557011e-26,8.682165619016268e-26,8.682165628914109e-26,8.682165642213134e-26,8.682165646277198e-26,8.682165521409002e-26,8.682165521439215e-26,8.682165517447764e-26,8.682165563039154e-26,8.682160034832164e-26,8.68216003161698e-26,8.682160029844212e-26,8.682160063274764e-26,8.682160108914915e-26,8.682160887447348e-26,8.682160897099537e-26,8.682160710389671e-26,8.682160705739988e-26,8.682160720696691e-26,8.68216072462463e-26,8.682154861186268e-26,8.682154836544672e-26,8.682154835457008e-26,8.682154835448769e-26,8.682154867262513e-26,8.682154893069712e-26,8.682154891605059e-26,8.682154908327739e-26,8.682154942617667e-26,8.682154944703e-26,8.682155309031512e-26,8.682155310020208e-26,8.682154831471226e-26,8.682154833735013e-26,8.682154833849639e-26,8.682154835208744e-26,8.682154839027464e-26,8.682154826335544e-26,8.682154831188198e-26,8.682154831188054e-26,8.682154831183352e-26,8.682154811880852e-26,8.682154816769011e-26,8.682154817844065e-26,8.682154816948875e-26,8.68215481712664e-26,8.682155044877278e-26,8.682155038519382e-26,8.682154984009441e-26,8.682154984766248e-26,8.682152914382173e-26,8.682152915327784e-26,8.682152915258078e-26,8.682152912844074e-26,8.682152912780188e-26,8.682152650050138e-26,8.682152651946273e-26,8.682152649083162e-26,8.682152656451561e-26,8.682152655138381e-26,8.682152657981748e-26,8.682152618343669e-26,8.682152620026213e-26,8.682152796682419e-26,8.682152795872638e-26,8.682152795154076e-26,8.682152801664833e-26,8.682152803108163e-26,8.682152809281551e-26,8.682152805464602e-26,8.682152807495464e-26,8.682152849346245e-26,8.682152826989596e-26,8.682152819427054e-26,8.682153030935152e-26,8.682153015742601e-26,8.682153019046802e-26,8.682153018557522e-26,8.682152835279038e-26,8.682152835527772e-26,8.682152833520297e-26,8.682152830526774e-26,8.682152837749433e-26,8.682152837989416e-26,8.682152966192809e-26,8.682152978800776e-26,8.682152973263818e-26,8.682152976759691e-26,8.682152982842523e-26,8.68215301560733e-26,8.682153008925904e-26,8.68215296488399e-26,8.682152956724057e-26,8.682152964619377e-26,8.682152978473549e-26,8.682152978803312e-26,8.68215300403372e-26,8.682153599161429e-26,8.682153588781164e-26,8.682107876326187e-26,8.682107886593187e-26,8.682107851317705e-26,8.68210780781554e-26,8.682107686104284e-26,8.682107689095934e-26,8.68210774426557e-26,8.68210773939414e-26,8.682107739371265e-26,8.682107739371241e-26,8.682108539350324e-26,8.682108541358276e-26,8.682108897041718e-26,8.682108946413618e-26,8.682108716464084e-26,8.682109200750873e-26,8.68210781908837e-26,8.682107819088368e-26,8.682107944618789e-26,8.682106316328857e-26,8.68210753195717e-26,8.682107540448508e-26,8.682107555319362e-26,8.68210753072728e-26,8.682108824864544e-26,8.682108823591745e-26,8.682108720126831e-26,8.682108722025503e-26,8.68210867798669e-26,8.68210856236384e-26,8.682108555701016e-26,8.682107616877784e-26,8.68210759435304e-26,8.68210758897169e-26,8.68210758876742e-26,8.682107588764164e-26,8.68210735683735e-26,8.682107356496264e-26,8.682108672810526e-26,8.682109079433622e-26,8.682109094367141e-26,8.682109090925464e-26,8.682109084226037e-26,8.682108923742141e-26,8.682108867081435e-26,8.682106863639456e-26,8.68210685535239e-26,8.682106819976809e-26,8.682106684978011e-26,8.682110391639626e-26,8.682110578229025e-26,8.682110170754024e-26,8.682110174393566e-26,8.682110160371248e-26,8.682110166493497e-26,8.682110135864662e-26,8.682110138887341e-26,8.682108543802854e-26,8.682108543640968e-26,8.682108540585042e-26,8.682108540906587e-26,8.682108541850917e-26,8.682108541939816e-26,8.682108405098474e-26,8.682108403352346e-26,8.682108401373407e-26,8.682108400877476e-26,8.682108401524519e-26,8.682108394514621e-26,8.682108408439775e-26,8.682103053585262e-26,8.682103131587622e-26,8.682103009033206e-26,8.682103000486362e-26,8.682102981871599e-26,8.682102986302936e-26,8.682105500208035e-26,8.682105494864881e-26,8.682105558922022e-26,8.68210556735701e-26,8.682106188783844e-26,8.682105912496845e-26,8.682105902207221e-26,8.682105932800503e-26,8.682105939544415e-26,8.6821059211976e-26,8.682106387044545e-26,8.682106053077786e-26,8.6821075409182e-26,8.682107394486247e-26,8.682107337253423e-26,8.682107461078299e-26,8.682107474841888e-26,8.682107485505732e-26,8.682102457195761e-26,8.682106092199533e-26,8.682106184954467e-26,8.682106197061867e-26,8.682106979039524e-26,8.682103803911657e-26,8.682103835062813e-26,8.682113524937411e-26,8.68211332664042e-26,8.682113326547768e-26,8.682113326460303e-26,8.682114706845991e-26,8.682114728709835e-26,8.68211473854802e-26,8.682114739098555e-26,8.68211473828863e-26,8.682110697485381e-26,8.682110698686593e-26,8.682110545930032e-26,8.682111194404791e-26,8.682111194438863e-26,8.682111197774877e-26,8.682113820849128e-26,8.68211381881127e-26,8.682113837664245e-26,8.68211382643005e-26,8.682113838033197e-26,8.682113827071642e-26,8.682113987941694e-26,8.682113881397896e-26,8.682116856167764e-26,8.68211690977296e-26,8.682116725839324e-26,8.682113768827046e-26,8.682124488372465e-26,8.682172045717812e-26,8.682172050751594e-26,8.682173063485315e-26,8.682173101907133e-26,8.682172247146386e-26,8.682166785013547e-26,8.682168874317909e-26,8.682168876181876e-26,8.682170317259194e-26,8.682170323814584e-26,8.682170242411146e-26,8.682170233968869e-26,8.682174109204233e-26,8.682173934917091e-26,8.682173953663161e-26,8.682169066540328e-26,8.68216904843097e-26,8.682169045284868e-26,8.682169050510497e-26,8.682169055789464e-26,8.682169011943496e-26,8.682169164193201e-26,8.682169166120434e-26,8.682169163541155e-26,8.682168346557642e-26,8.682168346727525e-26,8.682168495193665e-26,8.682168495256869e-26,8.682168661680327e-26,8.682168662004174e-26,8.682168519413636e-26,8.68216852027106e-26,8.682168598246277e-26,8.682168599833201e-26,8.68216858926572e-26,8.682168441991169e-26,8.68216818821359e-26,8.682168186680482e-26,8.68216829655619e-26,8.682167968995665e-26,8.682168030169549e-26,8.682168085236682e-26,8.682168065249856e-26,8.682167486851195e-26,8.682167508414054e-26,8.682167508517663e-26,8.682167654894717e-26,8.682167648774006e-26,8.682183771638797e-26,8.682183933101203e-26,8.68218383918081e-26,8.682183846184592e-26,8.68218382230886e-26,8.682183822933308e-26,8.682183825098293e-26,8.682183825614124e-26,8.682183824417646e-26,8.682183824845014e-26,8.682183824757543e-26,8.68218566154054e-26,8.682185703401205e-26,8.68218571508192e-26,8.682185611673449e-26,8.682184897034538e-26,8.682186340987045e-26,8.682186341670132e-26,8.68218634225445e-26,8.682186342414592e-26,8.682184077909986e-26,8.68218348982095e-26,8.682182617852074e-26,8.682182621987202e-26,8.682182562012966e-26,8.682182547826575e-26,8.682182547826204e-26,8.682182543789924e-26,8.682182406512723e-26,8.682182406666943e-26,8.682182406841282e-26,8.682182405346287e-26,8.682182405072242e-26,8.682182405203515e-26,8.682182392243336e-26,8.682182392310261e-26,8.682182392655808e-26,8.682182392910077e-26,8.682182393775638e-26,8.682182393782651e-26,8.682182393813954e-26,8.682182392912939e-26,8.682182662542407e-26,8.68218264363561e-26,8.68218264136315e-26,8.682183929341257e-26,8.68218401344991e-26,8.682184153437785e-26,8.682184108656501e-26,8.682184119060479e-26,8.682184681842497e-26,8.682184683476243e-26,8.682184704281362e-26,8.682184707059e-26,8.682184727637637e-26,8.682184905302395e-26,8.682184905873734e-26,8.682184607009994e-26,8.682184645684773e-26,8.682185034070037e-26,8.68218484355774e-26,8.68218543082811e-26,8.682185430922839e-26,8.682184842469511e-26,8.682184831168605e-26,8.682184314925034e-26,8.682184307916097e-26,8.682184321059856e-26,8.68218432025125e-26,8.682184005227868e-26,8.682184011738388e-26,8.682184009887073e-26,8.682183989510082e-26,8.682183992350271e-26,8.68218399373181e-26,8.682183994408346e-26,8.682184011958317e-26,8.68218392235055e-26,8.68218396367805e-26,8.68218395754225e-26,8.682183949124825e-26,8.68218384957307e-26,8.682183676128439e-26,8.682183613934602e-26,8.682183613838221e-26,8.68218364361512e-26,8.682183550294584e-26,8.682183550963093e-26,8.682183551409811e-26,8.682183550748842e-26,8.68218363104268e-26,8.682183734778507e-26,8.682183740480005e-26,8.682183621646713e-26,8.682180322669018e-26,8.682180303859168e-26,8.682180282382061e-26,8.682180295362479e-26,8.682179984296554e-26,8.682178847730893e-26,8.682178851122647e-26,8.682178853954249e-26,8.682178856556573e-26,8.682178889024301e-26,8.682178881074204e-26,8.682178877254354e-26,8.682178907109846e-26,8.682178909024627e-26,8.682178910492724e-26,8.682177762422426e-26,8.682177897861454e-26,8.682177902989544e-26,8.682179825062752e-26,8.682179577397787e-26,8.68217958510817e-26,8.682178355978051e-26,8.682178316569277e-26,8.682179983657659e-26,8.682177776865071e-26,8.682171126046019e-26,8.682171131407027e-26,8.682171131407025e-26,8.68217112447841e-26,8.682171114446725e-26,8.682171089128978e-26,8.682171095660299e-26,8.682170681065093e-26,8.682170666706897e-26,8.682170698666817e-26,8.682170690559311e-26,8.682170696119657e-26,8.682170697907358e-26,8.682170692352918e-26,8.682170687310977e-26,8.682170689021845e-26,8.682170709246987e-26,8.682170697666858e-26,8.682170696565526e-26,8.6821723735656e-26,8.682181739906445e-26,8.682183520643488e-26,8.682184068649963e-26,8.682184104053278e-26,8.682184150674315e-26,8.682183752167156e-26,8.682183750467962e-26,8.682183740705013e-26,8.682183741577579e-26,8.682183737017248e-26,8.682183737866109e-26,8.682183737303116e-26,8.682183738723914e-26,8.682183799427477e-26,8.682183751866088e-26,8.682183202960271e-26,8.682183196418074e-26,8.682183199969022e-26,8.682183195936181e-26,8.682183207840395e-26,8.682183205926993e-26,8.682183189437055e-26,8.682183199067656e-26,8.682183228233368e-26,8.682183275463018e-26,8.682183275537773e-26,8.682182871856533e-26,8.682182871174093e-26,8.682183961000363e-26,8.682183960808883e-26,8.682183959540708e-26,8.682183959847281e-26,8.682183959781774e-26,8.682185484220552e-26,8.682185486928243e-26,8.682185427092097e-26,8.682185423783045e-26,8.682185495275491e-26,8.682185492505613e-26,8.682184500964568e-26,8.68218450112318e-26,8.682184502761786e-26,8.682184850254305e-26,8.682185408037104e-26,8.682185542583319e-26,8.682185543364606e-26,8.682185543948415e-26,8.682185543336096e-26,8.682185543267866e-26,8.682185543381288e-26,8.682185545258838e-26,8.68218559191839e-26,8.682185591688403e-26,8.682185591731304e-26,8.682183961568547e-26,8.682184310354084e-26,8.682184310285342e-26,8.682184310474664e-26,8.682184312103283e-26,8.682184312796348e-26,8.682183362511061e-26,8.68218344131921e-26,8.682183422729097e-26,8.682183418285432e-26,8.682183434755815e-26,8.682183408754248e-26,8.68218341036996e-26,8.682183402668303e-26,8.682183406455604e-26,8.682178507528156e-26,8.68217932915029e-26,8.68217933244408e-26,8.682179315509564e-26,8.682179308619782e-26,8.682163361045423e-26,8.68216337850556e-26,8.682164131172942e-26,8.682164130028103e-26,8.682169874271295e-26,8.682171189082981e-26,8.682178059269954e-26,8.682178060547541e-26,8.682178175037939e-26,8.6821846279123e-26,8.682184628532826e-26,8.682182862644566e-26,8.682182986839151e-26,8.682183069229901e-26,8.682183090171496e-26,8.682183084098144e-26,8.6821830640108e-26,8.682183086316526e-26,8.682182976804744e-26,8.682179550945714e-26,8.682179571123469e-26,8.68217552007746e-26,8.682175670999442e-26,8.682176007555037e-26,8.682171648970214e-26,8.6821714034006e-26,8.68217173006874e-26,8.682171729699126e-26,8.682171729420785e-26,8.682171729409269e-26,8.682171355471906e-26,8.682170654966322e-26,8.682170641992137e-26,8.682170642438727e-26,8.68217063776554e-26,8.682170638642283e-26,8.682170638213729e-26,8.68217063841342e-26,8.68217064156996e-26,8.682170671688903e-26,8.682170672089971e-26,8.682170674489309e-26,8.682170974147121e-26,8.68217097806962e-26,8.682170978636421e-26,8.682170762841873e-26,8.682170763172408e-26,8.682170766520071e-26,8.682170766598745e-26,8.682170766317352e-26,8.682170254125349e-26,8.682170253701694e-26,8.682170392680497e-26,8.682170392583895e-26,8.682170392464042e-26,8.682170392557641e-26,8.682170384991501e-26,8.682170409129441e-26,8.682170409710747e-26,8.682170419344676e-26,8.682170376281822e-26,8.682170376218629e-26,8.682170293695614e-26,8.68217029203144e-26,8.682170313661692e-26,8.682170317583485e-26,8.682170302491626e-26,8.682171581937483e-26,8.682171578270012e-26,8.682165040681387e-26,8.682159030069616e-26,8.682159065072315e-26,8.682159066930813e-26,8.682159049514245e-26,8.682159055937142e-26,8.682159055362795e-26,8.68215818588098e-26,8.682158184193523e-26,8.682158277159734e-26,8.682158443122198e-26,8.682250124522282e-26,8.68225012069549e-26,8.682250133279178e-26,8.682250488641325e-26,8.682250483296098e-26,8.682250486401656e-26,8.682250484612092e-26,8.682231410393765e-26,8.682231376794618e-26,8.682229295900917e-26,8.68222929649919e-26,8.682229309901073e-26,8.682229320041087e-26,8.682229320890414e-26,8.68222930405807e-26,8.682229297879952e-26,8.682229682048679e-26,8.682229681844737e-26,8.682229686921047e-26,8.682229984137202e-26,8.682229910553051e-26,8.682229907876746e-26,8.682229908580285e-26,8.682229908428466e-26,8.682229915038644e-26,8.682229937821267e-26,8.682229768105451e-26,8.682229769376408e-26,8.682229859931264e-26,8.682229886654655e-26,8.682229889436335e-26,8.682229889354151e-26,8.682229834721628e-26,8.682229836277301e-26,8.6822298305177e-26,8.682229830039408e-26,8.682229830039358e-26,8.682229830600639e-26,8.682229837875305e-26,8.682229729854502e-26,8.682229720075863e-26,8.682229718460916e-26,8.682229718691562e-26,8.682229719807421e-26,8.682229717338266e-26,8.682229717620796e-26,8.682229714902821e-26,8.682229715905606e-26,8.682229717608741e-26,8.682229275584633e-26,8.682229275181998e-26,8.68223015417283e-26,8.682229296978265e-26,8.682229311449893e-26,8.682229316041605e-26,8.68222931606671e-26,8.682229320294348e-26,8.682229377755932e-26,8.682229191228624e-26,8.682230462126813e-26,8.682230456296436e-26,8.682230416851818e-26,8.682228621582173e-26,8.682225878405717e-26,8.682223549288934e-26,8.682223536425804e-26,8.682220027452157e-26,8.682219886918424e-26,8.68221989959323e-26,8.682220059253294e-26,8.682213739531356e-26,8.682212928508325e-26,8.682212445335841e-26,8.682212389649126e-26,8.682212300835873e-26,8.682214479144115e-26,8.682224797897412e-26,8.682224814993372e-26,8.682223900524555e-26,8.682225499989598e-26,8.682225500791075e-26,8.682225499563153e-26,8.682226233338706e-26,8.682226232729622e-26,8.682226228174637e-26,8.682227135175414e-26,8.682227133701011e-26,8.682227137133323e-26,8.682227025705317e-26,8.682228636271733e-26,8.682228639485937e-26,8.682229345426605e-26,8.682230844187839e-26,8.682230811568578e-26,8.682230033643091e-26,8.682230033640716e-26,8.682234286830184e-26,8.68223416773111e-26,8.682231535150754e-26,8.682231305018517e-26,8.682223969681036e-26,8.682224258131679e-26,8.682222940243624e-26,8.682222907149902e-26,8.682223040831202e-26,8.682219512171946e-26,8.682219499848728e-26,8.682217993649762e-26,8.682217989239426e-26,8.682218021426627e-26,8.682218014231437e-26,8.682218006806158e-26,8.682224417385202e-26,8.682223875199463e-26,8.682212629171699e-26,8.682204796072858e-26,8.682204357711366e-26,8.682204341286388e-26,8.682205486077449e-26,8.682205529311501e-26,8.682197691121525e-26,8.682197576285256e-26,8.682199278546897e-26,8.68219927603078e-26,8.682200837850167e-26,8.682196570114511e-26,8.682194534624211e-26,8.682193548570423e-26,8.682195465660356e-26,8.682194976046089e-26,8.682195084617619e-26,8.682193818962836e-26,8.682193818616037e-26,8.682190782719987e-26,8.682190778089596e-26,8.682190922972608e-26,8.682190926334664e-26,8.682198618578878e-26,8.682198724818832e-26,8.682198724816662e-26,8.682198513400208e-26,8.682198513400208e-26,8.68219852960111e-26,8.682198529601124e-26,8.682198529443633e-26,8.68219857894351e-26,8.682195061420408e-26,8.682195109717246e-26,8.682195109936497e-26,8.682195157226028e-26,8.682193356507704e-26,8.682193331447166e-26,8.682192981930161e-26,8.682193021491832e-26,8.682191931973954e-26,8.682193422072466e-26,8.68219471241565e-26,8.682194713385811e-26,8.68219489952813e-26,8.68219492781076e-26,8.68219493460989e-26,8.682195480498922e-26,8.682194933122024e-26,8.682194933531166e-26,8.682195181710812e-26,8.682195762766143e-26,8.682195223729335e-26,8.682195519908044e-26,8.682195519590131e-26,8.682195518349989e-26,8.68219551775547e-26,8.682195707553031e-26,8.682194808020356e-26,8.682194805140283e-26,8.682194856942361e-26,8.68219485359833e-26,8.682194861170869e-26,8.68219486072163e-26,8.682194859334715e-26,8.682195301814415e-26,8.682195237385676e-26,8.682195666566353e-26,8.682195881529987e-26,8.682195893441554e-26,8.682195854905273e-26,8.682195849033065e-26,8.682195847475764e-26,8.682195845892059e-26,8.682195845989204e-26,8.682196126422175e-26,8.682196126140863e-26,8.68219612527959e-26,8.682196108816845e-26,8.682196023982089e-26,8.682196110817447e-26,8.68219611165485e-26,8.682196112635605e-26,8.68219608090476e-26,8.682196081747e-26,8.682196073596208e-26,8.682197445642094e-26,8.682197448882694e-26,8.682197449078352e-26,8.682197407860111e-26,8.682197406876525e-26,8.682197124452723e-26,8.682197127447785e-26,8.682204246014851e-26,8.682204249334609e-26,8.68221242815279e-26,8.682212440028686e-26,8.682249674697145e-26,8.682249674134587e-26,8.682249672197526e-26,8.682249672118313e-26,8.682249784815561e-26,8.682249651675969e-26,8.682249592277825e-26,8.682249668888758e-26,8.682250011483314e-26,8.682250067710252e-26,8.682250070262965e-26,8.682250057591921e-26,8.68224998816117e-26,8.682249988155751e-26,8.682248842637615e-26,8.6822472572286e-26,8.682247257813151e-26,8.682247239845889e-26,8.682246953849939e-26,8.682246953957022e-26,8.682246791491208e-26,8.682246715185154e-26,8.682247639877356e-26,8.682247441742325e-26,8.682245404106532e-26,8.682245405760637e-26,8.682245405798289e-26,8.682245252045405e-26,8.682245437608058e-26,8.682245332922325e-26,8.682245096180164e-26,8.682245823642669e-26,8.682248473269536e-26,8.682248465962637e-26,8.682248508185196e-26,8.68224860352403e-26,8.682247850379634e-26,8.682247848840546e-26,8.682247848844012e-26,8.682247845915204e-26,8.682247704405223e-26,8.682248807167184e-26,8.682248238410921e-26,8.682248238460934e-26,8.682248242456921e-26,8.682248242747207e-26,8.682248240717931e-26,8.682248241528743e-26,8.682248242215392e-26,8.682248241718256e-26,8.682248241716188e-26,8.682248402671939e-26,8.68224839519255e-26,8.682248425036309e-26,8.682248435699402e-26,8.682248422037325e-26,8.682249783484895e-26,8.682249954590398e-26,8.682249956533171e-26,8.682249956533136e-26,8.682249956603288e-26,8.68224995258234e-26,8.682249933514362e-26,8.6822497781239e-26,8.682249777477118e-26,8.682249772658373e-26,8.682249769937464e-26,8.682249649570385e-26,8.682249493215539e-26,8.682249504451042e-26,8.682250766606911e-26,8.682251018678429e-26,8.682251022765397e-26,8.68225102275227e-26,8.682251059742779e-26,8.68225134983832e-26,8.682251388128576e-26,8.682251441771179e-26,8.682251443654949e-26,8.682251456366567e-26,8.682251520972948e-26,8.682251551239714e-26,8.682251594423236e-26,8.682251466771415e-26,8.682251344341046e-26,8.682251355760061e-26,8.682251384559634e-26,8.682251551515697e-26,8.682251543374131e-26,8.682251477994928e-26,8.682251500714461e-26,8.682251500882995e-26,8.682251457771963e-26,8.682251470758956e-26,8.682251466553005e-26,8.682251495237845e-26,8.682251502186004e-26,8.682251492644825e-26,8.682251467395765e-26,8.682251466939973e-26,8.682251417737186e-26,8.682251411910515e-26,8.682251342274868e-26,8.682251208853412e-26,8.682251210162836e-26,8.682251164225061e-26,8.682251164263882e-26,8.68225109568495e-26,8.682256910066155e-26,8.682257271007816e-26,8.682257245437998e-26,8.682257240588815e-26,8.682257250351726e-26,8.682257170907726e-26,8.682257170833802e-26,8.682257066766743e-26,8.682257066642905e-26,8.682257066642836e-26,8.682257066642857e-26,8.682257066648422e-26,8.682257066648135e-26,8.682257070963207e-26,8.682257046426357e-26,8.682256715023613e-26,8.682257297601649e-26,8.682257196771583e-26,8.682256929603706e-26,8.682256927846964e-26,8.682246378081252e-26,8.68224639063958e-26,8.68224529585843e-26,8.682245217736385e-26,8.682247239922749e-26,8.682244723061152e-26,8.682244791773422e-26,8.682244795217592e-26,8.682244778684212e-26,8.682244786840704e-26,8.682244807606148e-26,8.68224476940371e-26,8.68224443202787e-26,8.68224425994456e-26,8.682244261522952e-26,8.682243911775847e-26,8.682241406253469e-26,8.682241428568575e-26,8.682241428074312e-26,8.682241443587006e-26,8.682241443604258e-26,8.68224144050431e-26,8.68224139366393e-26,8.682241393526329e-26,8.682240219687953e-26,8.682240217169228e-26,8.682240210066757e-26,8.682240228169251e-26,8.682240164455786e-26,8.682226901204286e-26,8.682226905545366e-26,8.68222695029532e-26,8.682226950321613e-26,8.682226961724304e-26,8.68222696094171e-26,8.682223858182204e-26,8.682223869115136e-26,8.682223897496421e-26,8.682223251978303e-26,8.682223252462558e-26,8.68222323223528e-26,8.682223253181855e-26,8.682223898688245e-26,8.682223899371332e-26,8.682223846514276e-26,8.682223837781396e-26,8.682212267118328e-26,8.68221229591506e-26,8.68221229595399e-26,8.682212307888613e-26,8.682212537557342e-26,8.682209998620303e-26,8.682209681357409e-26,8.682209681539292e-26,8.682204458038771e-26,8.682204736889248e-26,8.682205694298888e-26,8.682205712592018e-26,8.6822057322822e-26,8.682207841285393e-26,8.68220791287628e-26,8.682207909382739e-26,8.682207921924392e-26,8.682207762285386e-26,8.682207741618137e-26,8.682206705455804e-26,8.682206824486152e-26,8.682206841449565e-26,8.68220682625434e-26,8.682211651562088e-26,8.682212309000164e-26,8.682212189002931e-26,8.68221222796244e-26,8.682212227935083e-26,8.682212228494208e-26,8.682211910077596e-26,8.682210576267155e-26,8.682215978239316e-26,8.682215960562568e-26,8.682215963316134e-26,8.682216002928691e-26,8.682216002946978e-26,8.68221598972258e-26,8.682214735793926e-26,8.682214823214604e-26,8.682215035935886e-26,8.682215026130989e-26,8.682214773750156e-26,8.682214651224973e-26,8.682214849129017e-26,8.682214854438905e-26,8.682214763065544e-26,8.682214924157324e-26,8.682214966959765e-26,8.682214966964174e-26,8.68221493002781e-26,8.682214764819921e-26,8.682214764817491e-26,8.682214846096897e-26,8.682214846599602e-26,8.682214847209645e-26,8.682214795035081e-26,8.682214795037057e-26,8.682214355339237e-26,8.682205856750859e-26,8.682205786528591e-26,8.682208338553163e-26,8.682208496673296e-26,8.682208497575478e-26,8.682212390100582e-26,8.682212389141857e-26,8.682212389237274e-26,8.682212185161202e-26,8.682211544770378e-26,8.682211442458869e-26,8.68221231161059e-26,8.682212521546772e-26,8.682212487987833e-26,8.682212714576476e-26,8.682212714551406e-26,8.682212362093052e-26,8.682212220409444e-26,8.682210041844195e-26,8.682210921092634e-26,8.682210921095492e-26,8.68220982223311e-26,8.682207325493802e-26,8.682207325535731e-26,8.682207358430136e-26,8.68220865348471e-26,8.68219056345238e-26,8.682189285604674e-26,8.682267727374134e-26,8.682267727364719e-26,8.682267742826664e-26,8.682267791443719e-26,8.682271404206687e-26,8.682266160410222e-26,8.682265934263231e-26,8.682265459891905e-26,8.682265445772317e-26,8.682265442161687e-26,8.682265417507732e-26,8.682265414321628e-26,8.682265440174736e-26,8.682265522619709e-26,8.682265351962976e-26,8.682265384266406e-26,8.682267977584309e-26,8.682267508291314e-26,8.682267311336897e-26,8.682267196963386e-26,8.682267203198412e-26,8.682268183375026e-26,8.682268350700906e-26,8.682268341589072e-26,8.682271611392068e-26,8.68226567911339e-26,8.682265661407084e-26,8.682265680714486e-26,8.682264930044809e-26,8.682264467713207e-26,8.682264599043238e-26,8.682264591677446e-26,8.682263700742586e-26,8.682263495087639e-26,8.682263444990072e-26,8.682263058268401e-26,8.682263570969153e-26,8.682263562202279e-26,8.682263213300716e-26,8.682262785636586e-26,8.682262349886059e-26,8.682262348905107e-26,8.68225562959077e-26,8.682255619919358e-26,8.682255523025724e-26,8.682260180886381e-26,8.68226510922137e-26,8.682263828599283e-26,8.682263660311641e-26,8.682259970966615e-26,8.682259994838094e-26,8.68226142326098e-26,8.68226179561485e-26,8.682261943385813e-26,8.682261890441369e-26,8.682261750465364e-26,8.682261826803007e-26,8.682253964930604e-26,8.682253771946852e-26,8.68225377664657e-26,8.682253915366047e-26,8.682254017537863e-26,8.682252975315919e-26,8.682253039437813e-26,8.682253039142297e-26,8.682253040319084e-26,8.682253855757965e-26,8.682253917969574e-26,8.682253901667076e-26,8.682253893120066e-26,8.682253893516815e-26,8.682253893541883e-26,8.68225381337321e-26,8.682253805701552e-26,8.682253805686732e-26,8.682256084374498e-26,8.68225608427727e-26,8.682256064654905e-26,8.682255655869618e-26,8.682255654586461e-26,8.682255661509743e-26,8.682255659845066e-26,8.682255696667258e-26,8.682257316643695e-26,8.682257135778148e-26,8.682257131079545e-26,8.682257133314263e-26,8.682257113940022e-26,8.682257114078907e-26,8.682257114283247e-26,8.682257114298504e-26,8.682257114050506e-26,8.682257113855987e-26,8.682257114138204e-26,8.682257122724835e-26,8.682257117607702e-26,8.68225704113524e-26,8.68225703949477e-26,8.682256936749621e-26,8.682256938394836e-26,8.682256934295875e-26,8.682257537742626e-26,8.682257559748038e-26,8.682256617259937e-26,8.682256597749287e-26,8.682258083785214e-26,8.682257995078526e-26,8.682263995682895e-26,8.682238495840014e-26,8.682263473517935e-26,8.682283257554593e-26,8.682310187228563e-26,8.682306660923686e-26,8.682303280550995e-26,8.682319647832225e-26,8.682320523807638e-26,8.682298997040548e-26,8.682220094272237e-26,8.682216930743229e-26,8.68223710059492e-26,8.68225370580552e-26,8.682300230990497e-26,8.682300628301995e-26,8.682319402657608e-26,8.682319225818916e-26,8.68234936590499e-26,8.682349286832539e-26,8.682349276891744e-26,8.682349296816285e-26,8.682348560290274e-26,8.682348552473015e-26,8.682331469989688e-26,8.682331502125724e-26,8.682338358697291e-26,8.68233629879433e-26,8.682322611999435e-26,8.682322465144338e-26,8.682322534690376e-26,8.682323429146839e-26,8.68232336816731e-26,8.682323363392783e-26,8.682323369987378e-26,8.682321862131859e-26,8.682322807586734e-26,8.68232355833305e-26,8.682325244373252e-26,8.682324160493305e-26,8.682324322186812e-26,8.682324084616188e-26,8.682324093357354e-26,8.682323343888003e-26,8.682323316179127e-26,8.682319148108545e-26,8.682318552114607e-26,8.682318540576184e-26,8.682318356506272e-26,8.682318351253319e-26,8.682318256704017e-26,8.682317587644812e-26,8.682317590380549e-26,8.682318441857498e-26,8.682318053483369e-26,8.682318056565995e-26,8.682317707701111e-26,8.682318433854588e-26,8.682318436795932e-26,8.682318992422512e-26,8.682316810198564e-26,8.682317332712344e-26,8.682317309874042e-26,8.682318452525975e-26,8.682318453269253e-26,8.682319158725425e-26,8.68231915862995e-26,8.682319162939348e-26,8.682319160829791e-26,8.682319175249315e-26,8.682319175698201e-26,8.682318870140882e-26,8.682318869391667e-26,8.682318873106115e-26,8.682318588187077e-26,8.682318369464476e-26,8.682318510730155e-26,8.68231850001329e-26,8.68231850528091e-26,8.682318499928593e-26,8.682325904949863e-26,8.68233977565887e-26,8.682339805811815e-26,8.682319697077134e-26,8.682319602130121e-26,8.682365178249258e-26,8.682365539384521e-26,8.682350956195323e-26,8.682351053698611e-26,8.682351236571875e-26,8.682350737187999e-26,8.682355226531862e-26,8.682354939635509e-26,8.682361978684292e-26,8.682392544599203e-26,8.682436385665826e-26,8.682459776843233e-26,8.682487829264127e-26,8.682488800664229e-26,8.682486521109874e-26,8.682488563637807e-26,8.682489745622925e-26,8.682520733764584e-26,8.68250430369022e-26,8.682503887670831e-26,8.682508629589298e-26,8.682508426477898e-26,8.682507316713673e-26,8.682580918625549e-26,8.682580898141386e-26,8.682581225939796e-26,8.682581229921498e-26,8.682581077713273e-26,8.682581080985175e-26,8.682580779574256e-26,8.68257815864287e-26,8.682576304300228e-26,8.682580935107831e-26,8.68258120342511e-26,8.68258160384587e-26,8.682583608520308e-26,8.682585834082638e-26,8.682585830967368e-26,8.68258596405804e-26,8.682588101849723e-26,8.682587538076038e-26,8.682587534965439e-26,8.68258753659617e-26,8.682583724241498e-26,8.682584536041982e-26,8.682585462834307e-26,8.682585840495371e-26,8.682586492583884e-26,8.682588549277503e-26,8.682586627413157e-26,8.682586722885283e-26,8.682587009283243e-26,8.682585504840254e-26,8.682588770095706e-26,8.682586209486496e-26,8.6825889362179e-26,8.682588928672135e-26,8.682588905491211e-26,8.682587157315137e-26,8.682587173102322e-26,8.682587139782566e-26,8.682587142617271e-26,8.682586611525253e-26,8.682586616566727e-26,8.682586615239921e-26,8.682584564821169e-26,8.682582869737012e-26,8.682584002515755e-26,8.682584247708556e-26,8.682584246092619e-26,8.682584364864447e-26,8.682585161256641e-26,8.682585158849521e-26,8.682585162761598e-26,8.682586090746609e-26,8.682586090428512e-26,8.682586092559678e-26,8.682586095782485e-26,8.682586369244234e-26,8.682586017069291e-26,8.682586017501364e-26,8.682586016416806e-26,8.682586215181749e-26,8.682585866508352e-26,8.682585894099968e-26,8.682585896754001e-26,8.682586028468599e-26,8.682586204923485e-26,8.682586189494908e-26,8.682585431420109e-26,8.682584758367738e-26,8.682584090676882e-26,8.682584957087557e-26,8.682585830142487e-26,8.682585823391334e-26,8.682585056173374e-26,8.682585636485695e-26,8.682585636260799e-26,8.682585091640177e-26,8.682585105963514e-26,8.682585693254234e-26,8.682585785460572e-26,8.682586167585133e-26,8.682586499071165e-26,8.682586060157775e-26,8.682586060671446e-26,8.68258606092435e-26,8.682586065860164e-26,8.682586389776077e-26,8.682586395921603e-26,8.68258669623305e-26,8.682586698210257e-26,8.682586697162822e-26,8.682586697376353e-26,8.682586374965113e-26,8.682587448537382e-26,8.682587448175937e-26,8.682587590708194e-26,8.6825871382371e-26,8.682586944455789e-26,8.682587255389146e-26,8.682587371489488e-26,8.682586967960906e-26,8.68258803611532e-26,8.682588041607987e-26,8.682588040710163e-26,8.682588040253609e-26,8.682588419361497e-26,8.682588371818659e-26,8.682588211166754e-26,8.682588350055923e-26,8.682588522639447e-26,8.682588252260279e-26,8.682588095205295e-26,8.682588428024172e-26,8.682588528059686e-26,8.682588745530703e-26,8.682588746694585e-26,8.682588714393381e-26,8.682588712580573e-26,8.682592167308289e-26,8.682592157285127e-26,8.682592382425877e-26,8.682592383259989e-26,8.682592443600187e-26,8.682592439875957e-26,8.682591939902755e-26,8.682594319737784e-26,8.682594046126366e-26,8.682594077432927e-26,8.682594107962881e-26,8.682594108219829e-26,8.682594110946397e-26,8.682594134903696e-26,8.682594112556396e-26,8.68259410361595e-26,8.682594203491481e-26,8.682593691163326e-26,8.682596485797512e-26,8.682596491242088e-26,8.682596493603317e-26,8.682594432274481e-26,8.682594434491577e-26,8.68259316000127e-26,8.682589239149853e-26,8.682591051400693e-26,8.682590968294771e-26,8.682590969232568e-26,8.682590970690593e-26,8.682591117815217e-26,8.682588207831361e-26,8.682589040131732e-26,8.682593199967756e-26,8.682589398570641e-26,8.682589439238412e-26,8.682589161119377e-26,8.682589284303739e-26,8.682589308092488e-26,8.682589306909137e-26,8.68259001235497e-26,8.682590013311575e-26,8.682589943365257e-26,8.682589707250454e-26,8.682589708888411e-26,8.682591891565833e-26,8.682593158413873e-26,8.682594936003009e-26,8.6825978059701e-26,8.682597319362369e-26,8.682597739409143e-26,8.682597405164391e-26,8.682597392599846e-26,8.682597974880987e-26,8.682597979868628e-26,8.682597980850327e-26,8.682597977168167e-26,8.682596289224174e-26,8.682598410691722e-26,8.682599221073309e-26,8.682594624492592e-26,8.682595356521878e-26,8.682595359340409e-26,8.682595927569898e-26,8.682595920562892e-26,8.6825959177641e-26,8.682599414724788e-26,8.682599450996323e-26,8.682599450993015e-26,8.682599444691374e-26,8.682599451446544e-26,8.682599314966119e-26,8.682597061844757e-26,8.682596060997057e-26,8.682595810226378e-26,8.682598657430757e-26,8.682599364872612e-26,8.682599371195104e-26,8.682599556913273e-26,8.682598818057793e-26,8.682598063776305e-26,8.682598042092255e-26,8.682598649100089e-26,8.682598646966887e-26,8.682600318332003e-26,8.682600430387715e-26,8.6826016584671e-26,8.682601066826457e-26,8.682601079592278e-26,8.682601017750055e-26,8.682601345021167e-26,8.68260136048132e-26,8.682601361062277e-26,8.682601357056046e-26,8.682601358884014e-26,8.682601360218405e-26,8.682601294029197e-26,8.682599956377513e-26,8.682602108516685e-26,8.682602862135489e-26,8.682602761331141e-26,8.682601505347636e-26,8.682601510313024e-26,8.682601508910417e-26,8.682601513898359e-26,8.68260149494152e-26,8.682601494007145e-26,8.682601316767517e-26,8.682600563794765e-26,8.68260049222787e-26,8.682602089289067e-26,8.682601867078428e-26,8.682601794032777e-26,8.682601793147184e-26,8.682601806297795e-26,8.682601807806451e-26,8.682601775758081e-26,8.682600920047096e-26,8.682600305578955e-26,8.682609746411876e-26,8.682609670711042e-26,8.682625091407898e-26,8.68263697260765e-26,8.682636953378685e-26,8.682636846162693e-26,8.682633191134268e-26,8.682633637402741e-26,8.68262937362559e-26,8.682629770980188e-26,8.682697724025014e-26,8.68269751604062e-26,8.682695355808414e-26,8.682695289058808e-26,8.682695344462512e-26,8.682726590699538e-26,8.682726499162454e-26,8.682726455978086e-26,8.682738709454999e-26,8.682760335861844e-26,8.682797723749906e-26,8.682797751670344e-26,8.682801944316704e-26,8.682801962180062e-26,8.682786107821098e-26,8.682786157346937e-26,8.68279503913834e-26,8.682816864660313e-26,8.68281032390974e-26,8.682810363896575e-26,8.682803743792945e-26,8.682771297417679e-26,8.682775608464096e-26,8.682778260077991e-26,8.68277990920841e-26,8.682760158789764e-26,8.68277035569058e-26,8.682779471734254e-26,8.68281013545231e-26,8.68278826545855e-26,8.682755858795049e-26,8.682749973017949e-26,8.68274993926441e-26,8.682748519609131e-26,8.68274851079888e-26,8.682748526358063e-26,8.682728859660259e-26,8.6827050994131e-26,8.682711119365957e-26,8.682705326239386e-26,8.682704007225992e-26,8.682674601157044e-26,8.682667200555337e-26,8.682667191656058e-26,8.682667173252801e-26,8.6826819537173e-26,8.682676633565346e-26,8.68267662038089e-26,8.682691851681592e-26,8.682692657206434e-26,8.682685461484435e-26,8.682686838383393e-26,8.68268675506784e-26,8.682681839403833e-26,8.682679340085636e-26,8.682686556824513e-26,8.682686548591288e-26,8.682686553177095e-26,8.682686577149818e-26,8.682685848438501e-26,8.682685890290397e-26,8.682690939603822e-26,8.682681710098954e-26,8.68267647618308e-26,8.68267648239e-26,8.682676480018395e-26,8.682676480068679e-26,8.682669196867753e-26,8.682669186005717e-26,8.68266920257649e-26,8.682674289524869e-26,8.682673868971192e-26,8.682683945819837e-26,8.68268394495615e-26,8.682684279477907e-26,8.682684285471781e-26,8.682686910447272e-26,8.682687118235743e-26,8.682687115737761e-26,8.682685732219534e-26,8.682685659767975e-26,8.682685837465379e-26,8.682685844846091e-26,8.682686443548385e-26,8.682686551556429e-26,8.68268650304075e-26,8.682686503347295e-26,8.682686503444671e-26,8.682686504077208e-26,8.682686735216107e-26,8.682686739928476e-26,8.682686849241733e-26,8.682688892998387e-26,8.682688890051135e-26,8.682689274475847e-26,8.682689331593789e-26,8.68268945466331e-26,8.682689450084763e-26,8.682689378007546e-26,8.68268958099059e-26,8.682689890308651e-26,8.682689349697317e-26,8.682689001143187e-26,8.682689110819496e-26,8.682688607206514e-26,8.68268802955988e-26,8.682688780666402e-26,8.6826887865328e-26,8.682688738353815e-26,8.682688592031356e-26,8.682688461627747e-26,8.68268857836758e-26,8.682688575665004e-26,8.682688568128423e-26,8.682688315257016e-26,8.682687268182572e-26,8.68268718693786e-26,8.682687189361298e-26,8.682688104422499e-26,8.682688257376974e-26,8.682688158971394e-26,8.682689296706501e-26,8.682690021474915e-26,8.682690363333652e-26,8.682690165605325e-26,8.682690007118039e-26,8.682690136736312e-26,8.682690137002676e-26,8.68269013700269e-26,8.682690136972473e-26,8.682690431848785e-26,8.682690601691978e-26,8.68269072848378e-26,8.682690467571128e-26,8.682690458998331e-26,8.682690460280135e-26,8.682690451356297e-26,8.682690450738694e-26,8.682689951758062e-26,8.68268994946369e-26,8.682690544118186e-26,8.6826905383072e-26,8.682691545444482e-26,8.682694580903668e-26,8.682694575394363e-26,8.682693937429762e-26,8.682693937339223e-26,8.682693927135681e-26,8.682696710772029e-26,8.682696366970774e-26,8.682697140823389e-26,8.682697495367244e-26,8.682697440375864e-26,8.682696944331325e-26,8.682696950254732e-26,8.682696928682024e-26,8.682694145354762e-26,8.682685930542843e-26,8.682685221954308e-26,8.682685223494375e-26,8.682684506561527e-26,8.682685038126054e-26,8.682683130193021e-26,8.682656073360915e-26,8.682656072565025e-26,8.682655868854281e-26,8.682656708480783e-26,8.682656632579635e-26,8.682666706736931e-26,8.682666962746754e-26,8.682667227819268e-26,8.682680266903777e-26,8.682680340046362e-26,8.682680394613224e-26,8.682680410328416e-26,8.682680778258407e-26,8.682680801759443e-26,8.682680349438744e-26,8.682680650800639e-26,8.682680676390045e-26,8.682680723372725e-26,8.682680788295533e-26,8.682680783411362e-26,8.682685174454538e-26,8.682684989733898e-26,8.682684953382131e-26,8.682688989101633e-26,8.682691451839817e-26,8.682691447358783e-26,8.682691450462587e-26,8.682691469625547e-26,8.682691504989202e-26,8.682690731729198e-26,8.682690731887891e-26,8.68269071160002e-26,8.682691151645298e-26,8.682691151427912e-26,8.682691149523825e-26,8.682685538513577e-26,8.682685432255069e-26,8.68268549012908e-26,8.682684771556129e-26,8.682684775374498e-26,8.68268495197714e-26,8.682684156768288e-26,8.682684139645022e-26,8.682684184151734e-26,8.682684156002834e-26,8.682684155687036e-26,8.682684155476918e-26,8.682684152465416e-26,8.68268418200652e-26,8.682684184532835e-26,8.682684181525788e-26,8.682684183024241e-26,8.682684182769322e-26,8.682684182373885e-26,8.682684182434538e-26,8.682684180245407e-26,8.682684248648773e-26,8.682684248678668e-26,8.682684269278446e-26,8.682684263703554e-26,8.682684214711247e-26,8.682684219547738e-26,8.682684217553165e-26,8.682684248007207e-26,8.682684262233975e-26,8.682684272730078e-26,8.682684269815751e-26,8.682684862982532e-26,8.6826849166769e-26,8.68268340017167e-26,8.682683268740546e-26,8.682683347117042e-26,8.682691271657104e-26,8.682692118098587e-26,8.682697632281259e-26,8.682697636228565e-26,8.682697498198738e-26,8.682697859752153e-26,8.682698325002316e-26,8.682702463803878e-26,8.682702527750524e-26,8.682684097790877e-26,8.682683971051833e-26,8.682683985360997e-26,8.682684058673163e-26,8.682684304838704e-26,8.682685467298956e-26,8.682685699807789e-26,8.682686193858573e-26,8.682686221864068e-26,8.682687898092811e-26,8.682687985032777e-26,8.682687988658435e-26,8.682689009632536e-26,8.682689134491435e-26,8.682689537690717e-26,8.68268981498448e-26,8.682688955126327e-26,8.68268612205096e-26,8.682685979377286e-26,8.68268596340441e-26,8.682686121677139e-26,8.682686177452449e-26,8.68268617504529e-26,8.682686323795783e-26,8.682686263733858e-26,8.682687678470012e-26,8.682687686722884e-26,8.682687683334768e-26,8.682689936275105e-26,8.682690234989513e-26,8.68269020859349e-26,8.682691488816887e-26,8.682691492350503e-26,8.682692204387216e-26,8.682692399119019e-26,8.682691472617263e-26,8.68269238121877e-26,8.682692831918691e-26,8.682695193531235e-26,8.682695685694981e-26,8.682695415168128e-26,8.682695478959738e-26,8.682695632233847e-26,8.682695043534449e-26,8.682637457732192e-26,8.6826389732726e-26,8.682644792909911e-26,8.682644618035585e-26,8.682644924907428e-26,8.68264928987305e-26,8.682627117691028e-26,8.682626089028734e-26,8.682632102747075e-26,8.68263208132445e-26,8.682625052732481e-26,8.682621218463714e-26,8.682623611857516e-26,8.682623647570316e-26,8.682625097704255e-26,8.682686223560735e-26,8.682872921648251e-26,8.682872921611208e-26,8.682874592251406e-26,8.682870862136334e-26,8.682870647784055e-26,8.682870107967662e-26,8.682868784871585e-26,8.682868839162989e-26,8.682868906753116e-26,8.682868971976031e-26,8.682869037847098e-26,8.682858592688328e-26,8.682858592609197e-26,8.682858165995638e-26,8.68285910135657e-26,8.682859100780973e-26,8.682859098447027e-26,8.682859135719805e-26,8.682852534136721e-26,8.682854160299218e-26,8.68285407709453e-26,8.682854220601845e-26,8.682847694084657e-26,8.682847700501517e-26,8.682848129702636e-26,8.6828471609237e-26,8.682844093539084e-26,8.682844246853459e-26,8.682843726037672e-26,8.682844491099439e-26,8.682844864205473e-26,8.682844828473127e-26,8.68284433860891e-26,8.682844362816126e-26,8.682844362816149e-26,8.682844218029195e-26,8.682844798035294e-26,8.682854026875557e-26,8.682854484058618e-26,8.682854654578752e-26,8.682854899962953e-26,8.682854952623074e-26,8.682854359296358e-26,8.682854180569096e-26,8.682853187311059e-26,8.682849899006397e-26,8.682850741308912e-26,8.682851199253348e-26,8.682852028747169e-26,8.682851655782773e-26,8.682851814572488e-26,8.68285239095164e-26,8.682852344454297e-26,8.682851956061544e-26,8.682851928586593e-26,8.682851653918071e-26,8.682851636805535e-26,8.682851640055471e-26,8.682851685821445e-26,8.68285084541944e-26,8.682849068961515e-26,8.68284845838786e-26,8.682847789196143e-26,8.682847962807354e-26,8.682848091393509e-26,8.682848152178344e-26,8.682848355392285e-26,8.682846885696506e-26,8.682846979833212e-26,8.682847098077423e-26,8.682847987760917e-26,8.682848947590981e-26,8.682843240024929e-26,8.682843725457999e-26,8.682843725332132e-26,8.68284336182341e-26,8.682843614172367e-26,8.68284584105134e-26,8.682845913603859e-26,8.682845874562957e-26,8.682881234360288e-26,8.682881174924924e-26,8.682880682675887e-26,8.682881758866763e-26,8.682881832011765e-26,8.682881817895199e-26,8.682881977309977e-26,8.682882937064673e-26,8.682892961812048e-26,8.68289253001412e-26,8.68289244607584e-26,8.682892437238152e-26,8.682892436513166e-26,8.68289238869742e-26,8.682890172395899e-26,8.682896324068581e-26,8.682896229941849e-26,8.682896563487435e-26,8.682896566888577e-26,8.682896829374943e-26,8.682896827913463e-26,8.682896793335718e-26,8.682897330895668e-26,8.682897213259855e-26,8.68289716047538e-26,8.682897160461757e-26,8.682897160462387e-26,8.68289716046842e-26,8.682897160474449e-26,8.682897160461442e-26,8.682897160387034e-26,8.682897160396783e-26,8.682897160403651e-26,8.682897121380337e-26,8.682897262435219e-26,8.682900223145884e-26,8.682900224704104e-26,8.682900206498159e-26,8.682900253674031e-26,8.682900244616816e-26,8.682900288808802e-26,8.68290008864194e-26,8.682900088412364e-26,8.682900051629605e-26,8.682900138888492e-26,8.6829006781654e-26,8.682902733008995e-26,8.682902423929764e-26,8.682902634079002e-26,8.682902719059835e-26,8.682899997957614e-26,8.682899488358521e-26,8.682897525693427e-26,8.68289757828855e-26,8.682897601289135e-26,8.682897592005611e-26,8.682897656342973e-26,8.682897667182317e-26,8.682897531224492e-26,8.682897517943797e-26,8.682897533272742e-26,8.682897551699865e-26,8.682897576878048e-26,8.682897476315461e-26,8.682897762104211e-26,8.682897342235721e-26,8.682897029146905e-26,8.682897019630609e-26,8.68289702578718e-26,8.682894808263796e-26,8.682895916775596e-26,8.682889723609538e-26,8.682889794273469e-26,8.682889723576398e-26,8.682889723942557e-26,8.6828899110775e-26,8.682891065939737e-26,8.682890920995988e-26,8.682891196726808e-26,8.68288843833426e-26,8.682888490104991e-26,8.682885764444616e-26,8.682879805737264e-26,8.682879735006523e-26,8.682880028573949e-26,8.682880028573859e-26,8.68288002997101e-26,8.682880104010966e-26,8.682880104121274e-26,8.682880998275393e-26,8.682880998133649e-26,8.682880998132706e-26,8.682881084159932e-26,8.682881195789e-26,8.682880856155659e-26,8.682880763437689e-26,8.682880889832777e-26,8.682880919984204e-26,8.68288050261252e-26,8.682880718333059e-26,8.6828793984338e-26,8.682879364000402e-26,8.682879356319744e-26,8.682879026006679e-26,8.682879270319973e-26,8.682879725827211e-26,8.682880091956901e-26,8.682880306995848e-26,8.682881384229577e-26,8.682881160237771e-26,8.682881154601958e-26,8.68288115475372e-26,8.682881068201082e-26,8.682881068083809e-26,8.682885659873527e-26,8.682885659398418e-26,8.682885659396488e-26,8.682885648470075e-26,8.682886186189899e-26,8.682886160696636e-26,8.682886248063791e-26,8.682886192889965e-26,8.682886171193795e-26,8.682886286463597e-26,8.682886286800456e-26,8.682886521250776e-26,8.682886877844198e-26,8.682886871157037e-26,8.682887157315437e-26,8.682887989379564e-26,8.682888389273305e-26,8.682888181983273e-26,8.682888790602468e-26,8.682888790209134e-26,8.682888773660391e-26,8.682889267336153e-26,8.682889279750095e-26,8.682889209212452e-26,8.68288920666369e-26,8.682890437501796e-26,8.682890437466949e-26,8.682890469007686e-26,8.682890363112297e-26,8.68289104381298e-26,8.682891064338223e-26,8.682888237305318e-26,8.682886524203014e-26,8.682886472665329e-26,8.682886497343267e-26,8.682887116316855e-26,8.68288723026129e-26,8.682887284809273e-26,8.682888634156843e-26,8.682888634061901e-26,8.682890244521378e-26,8.682890263257374e-26,8.682890042645632e-26,8.682890007680473e-26,8.682890129056328e-26,8.682890126065653e-26,8.682890139233094e-26,8.682890142010988e-26,8.682890150744126e-26,8.682890038211335e-26,8.682897877059398e-26,8.682897771812028e-26,8.682898549278315e-26,8.682898548191865e-26,8.682898501433988e-26,8.682898527877397e-26,8.682898522497591e-26,8.682899385633091e-26,8.682899530577586e-26,8.682917540242611e-26,8.682917565063022e-26,8.68291754934085e-26,8.682917439411144e-26,8.682885088394924e-26,8.682884952122714e-26,8.682997144542376e-26,8.682996893293391e-26,8.682996894195993e-26,8.68299976164777e-26,8.682999684945316e-26,8.683000474708829e-26,8.682994877856399e-26,8.682994809726879e-26,8.682994937412964e-26,8.682994953443377e-26,8.682997044936156e-26,8.682997055832245e-26,8.682996067677965e-26,8.682974401054186e-26,8.682978350944247e-26,8.683025148771986e-26,8.683024819266709e-26,8.683026323374109e-26,8.683026068266255e-26,8.683026418609924e-26,8.683026398819559e-26,8.683048654854812e-26,8.683048655287178e-26,8.683048967821141e-26,8.683036989236778e-26,8.68304988716283e-26,8.683049681440957e-26,8.683049074203692e-26,8.683049059255795e-26,8.683049336849464e-26,8.683049096507245e-26,8.683049087145343e-26,8.683049335270849e-26,8.68304934495969e-26,8.68304902792839e-26,8.683048796442059e-26,8.68304878818089e-26,8.683048583814014e-26,8.683047275220773e-26,8.683047375213967e-26,8.683048642653785e-26,8.683047672965304e-26,8.683047912041222e-26,8.683047925591045e-26,8.683047933413915e-26,8.683047922447195e-26,8.683049155456497e-26,8.683048893473383e-26,8.68304885143674e-26,8.683047255774544e-26,8.683047902432153e-26,8.683047929498749e-26,8.683046800363361e-26,8.683046517499548e-26,8.683046613942944e-26,8.683046571989411e-26,8.683046018759122e-26,8.683045960764522e-26,8.683045866750633e-26,8.683045923003521e-26,8.68304737212461e-26,8.683047386599992e-26,8.683045679195804e-26,8.683045297721803e-26,8.683045316147566e-26,8.683016174405386e-26,8.68301617272914e-26,8.683016197417326e-26,8.683016746894632e-26,8.683016937773412e-26,8.683016937183203e-26,8.683017670508937e-26,8.683017678505781e-26,8.683017706932706e-26,8.683017293560459e-26,8.683017298278997e-26,8.683017316327947e-26,8.683023937673407e-26,8.683024539001532e-26,8.683024531336281e-26,8.683024647800196e-26,8.683024456983254e-26,8.683024929280498e-26,8.683024928393706e-26,8.683024935205658e-26,8.68302487068759e-26,8.683026327881202e-26,8.68302631737769e-26,8.683026315574233e-26,8.683026631841218e-26,8.68302567456327e-26,8.683026393049144e-26,8.683026468005532e-26,8.683026454973413e-26,8.683026453199198e-26,8.683026613742605e-26,8.683025853983229e-26,8.683025859770703e-26,8.683025859995408e-26,8.683025860393468e-26,8.683026084475091e-26,8.683026082870641e-26,8.683026137987705e-26,8.683026206062689e-26,8.683025436160348e-26,8.683020484696375e-26,8.683020460312755e-26,8.683020596462725e-26,8.683020653252842e-26,8.683020653815245e-26,8.683020653815275e-26,8.68302036212361e-26,8.683020117818867e-26,8.683020231845139e-26,8.683020249613714e-26,8.683020248822797e-26,8.683020234007668e-26,8.683027765481925e-26,8.683027765645704e-26,8.683025607382174e-26,8.683025555092967e-26,8.683025556220959e-26,8.68302545490732e-26,8.683025445365918e-26,8.683025699781526e-26,8.683025702653551e-26,8.683024218186053e-26,8.683024218339045e-26,8.683024291583952e-26,8.683024273062047e-26,8.683024277931493e-26,8.683024265242977e-26,8.683024265259419e-26,8.683024266995303e-26,8.68302427000839e-26,8.68297087553184e-26,8.682970797513806e-26,8.682970795034832e-26,8.682970861443271e-26,8.682970847318134e-26,8.682969942738874e-26,8.682969638768969e-26,8.682969638768983e-26,8.682969638768925e-26,8.682966589999182e-26,8.682966479315257e-26,8.68296646797585e-26,8.682966467978332e-26,8.682967208869385e-26,8.682967305810413e-26,8.68296729761923e-26,8.682967289395987e-26,8.68296752860508e-26,8.682967545377219e-26,8.682967110824048e-26,8.682967075787032e-26,8.682967077757607e-26,8.682967153163313e-26,8.682967155833179e-26,8.682966286738435e-26,8.682966323976583e-26,8.682957157641742e-26,8.682956347883502e-26,8.682966551735675e-26,8.682966529120768e-26,8.682966543699093e-26,8.682966543618139e-26,8.682966543517204e-26,8.682966543523133e-26,8.682966543523129e-26,8.682966450164903e-26,8.682964194112173e-26,8.682964199762324e-26,8.682964199762321e-26,8.6829665096224e-26,8.682968464713746e-26,8.6829678673677e-26,8.682967863864741e-26,8.682967577557783e-26,8.68298020492463e-26,8.682980203182146e-26,8.682980137596647e-26,8.682980139708568e-26,8.682980096151537e-26,8.682980085281997e-26,8.682980087507897e-26,8.682980065589552e-26,8.682980061471074e-26,8.6829800613007e-26,8.682979961764905e-26,8.682979958775505e-26,8.68298569099502e-26,8.682985639084031e-26,8.682985458799138e-26,8.682985454986663e-26,8.682985453751988e-26,8.682985468128851e-26,8.68298375643647e-26,8.68298375643615e-26,8.682985410007965e-26,8.682985392868294e-26,8.682985392464919e-26,8.682985864127229e-26,8.68298709209726e-26,8.68298754250037e-26,8.682987541789633e-26,8.682987530742805e-26,8.682963170612966e-26,8.682963940470583e-26,8.682964055105519e-26,8.682963965254343e-26,8.682964477338874e-26,8.682964759736571e-26,8.682964677367089e-26,8.682964679953102e-26,8.68296447061554e-26,8.682972818686941e-26,8.682973040359303e-26,8.682973040588863e-26,8.682973029085688e-26,8.682971797595886e-26,8.682971797595784e-26,8.682971950616435e-26,8.682971953213167e-26,8.682972097123515e-26,8.682972130382573e-26,8.682979608041731e-26,8.682979614924819e-26,8.682982935733444e-26,8.682983007245008e-26,8.682982362039101e-26,8.682981653480532e-26,8.68298166069375e-26,8.6829816959596e-26,8.682981494091322e-26,8.682981314667817e-26,8.682981376940132e-26,8.682981305365985e-26,8.682981342996104e-26,8.682981403455693e-26,8.68298151620276e-26,8.682980912186933e-26,8.682980847230899e-26,8.682992001126464e-26,8.682991970706813e-26,8.68299200711132e-26,8.682991976206214e-26,8.682992748041049e-26,8.682992784106065e-26,8.682992553830759e-26,8.682992553949433e-26,8.682992821173064e-26,8.682992821173063e-26,8.682992820343896e-26,8.682992820948635e-26,8.682992826426129e-26,8.682992867887791e-26,8.682992869114078e-26,8.682992769160924e-26,8.682992774311856e-26,8.682992778177292e-26,8.682992683143371e-26,8.682993313588977e-26,8.682993313664176e-26,8.682993313017992e-26,8.682993313025129e-26,8.682993312997756e-26,8.682993312411044e-26,8.682993334197679e-26,8.682993062057507e-26,8.682992991249947e-26,8.68299298308004e-26,8.682992982149435e-26,8.682992982084248e-26,8.682992982074346e-26,8.682992233775502e-26,8.682992233766751e-26,8.68299197906464e-26,8.682991709869981e-26,8.682991713130976e-26,8.682991718956766e-26,8.682991726815609e-26,8.682991652078939e-26,8.682991653078045e-26,8.682991658649937e-26,8.68299167203106e-26,8.68299167440111e-26,8.682980575463418e-26,8.682980182403113e-26,8.682979815183684e-26,8.682979783117594e-26,8.68297956025879e-26,8.68297922182996e-26,8.68297922700917e-26,8.682979227009169e-26,8.682979249341241e-26,8.682979225461895e-26,8.682979272263883e-26,8.682979305496185e-26,8.682979350926983e-26,8.682979292897254e-26,8.682979312326073e-26,8.682979315958941e-26,8.682978937399135e-26,8.682974755487542e-26,8.682974972212142e-26,8.682975298056273e-26,8.682976587252239e-26,8.682976403701886e-26,8.682976453048264e-26,8.682976459609068e-26,8.682976929096099e-26,8.682976844803649e-26,8.68297684801094e-26,8.682976864215327e-26,8.682979117779194e-26,8.682979119333114e-26,8.682961639908269e-26,8.682961333489746e-26,8.682961323058513e-26,8.682961263423683e-26,8.682994922595509e-26,8.682994917585033e-26,8.682994917383687e-26,8.682994917008631e-26,8.682995123869549e-26,8.682995115049708e-26,8.682993873049979e-26,8.682993873034331e-26,8.682993629176652e-26,8.682993287244447e-26,8.682993288441943e-26,8.682993369474716e-26,8.683009427527736e-26,8.68300942949363e-26,8.68300942017035e-26,8.683009422244624e-26,8.683009399968204e-26,8.683009403273091e-26,8.68300941087619e-26,8.683009120372459e-26,8.683009124502884e-26,8.68300908239418e-26,8.683009230997217e-26,8.683009211270549e-26,8.68301078715444e-26,8.683010788218119e-26,8.683011043942102e-26,8.68300956140848e-26,8.683009620643323e-26,8.683009616947093e-26,8.683009622932044e-26,8.683004534401666e-26,8.683004534387198e-26,8.683004507472708e-26,8.683004516221071e-26,8.683004506068978e-26,8.683004506464106e-26,8.683004741654149e-26,8.683004712742747e-26,8.683004697346297e-26,8.68300469274802e-26,8.683004691632234e-26,8.683004690408042e-26,8.683004149716435e-26,8.683004536734855e-26,8.68300450217197e-26,8.683004477659345e-26,8.683003399247137e-26,8.683003122217697e-26,8.683003122437199e-26,8.683003152643221e-26,8.683006625838213e-26,8.683006593335521e-26,8.683008537970396e-26,8.683008511307313e-26,8.683008143633498e-26,8.683008118909234e-26,8.683008332348492e-26,8.68300817247985e-26,8.683008172480557e-26,8.683008172323367e-26,8.683008157707523e-26,8.683008157714636e-26,8.683008158811685e-26,8.683008411491811e-26,8.683007247455908e-26,8.683007247468144e-26,8.683007250498382e-26,8.683007178298528e-26,8.683007476911282e-26,8.683007500048767e-26,8.683007529618668e-26,8.683007610354818e-26,8.683007624926545e-26,8.68295082544377e-26,8.682950825443683e-26,8.682950823108346e-26,8.682950712207302e-26,8.682950707831884e-26,8.682950694112281e-26,8.682950637372199e-26,8.682950232342341e-26,8.682950349165909e-26,8.682950247617819e-26,8.682950154956181e-26,8.682950158011412e-26,8.682950156177003e-26,8.682946988755434e-26,8.682946993753246e-26,8.682946993753322e-26,8.682946885189861e-26,8.682946889544304e-26,8.682946878225337e-26,8.682946876591152e-26,8.682946875045335e-26,8.682946864394052e-26,8.68294686697196e-26,8.682946557154209e-26,8.68294689802509e-26,8.682947143362914e-26,8.682947125993035e-26,8.682947139939017e-26,8.682947141036129e-26,8.68294817618427e-26,8.682948176191905e-26,8.682948176191916e-26,8.682947592006821e-26,8.682947623528935e-26,8.68294763457656e-26,8.682948149913967e-26,8.68294831469141e-26,8.682948286086888e-26,8.682948178299739e-26,8.682947481333836e-26,8.682947184183157e-26,8.68294715776417e-26,8.682947152400837e-26,8.682946428964058e-26,8.682946577573982e-26,8.682946170172098e-26,8.682946185442362e-26,8.68294614001164e-26,8.682946203461733e-26,8.682946560005775e-26,8.682946516021032e-26,8.682946516020596e-26,8.682947276124859e-26,8.682949753553685e-26,8.682950830701303e-26,8.6829508301911e-26,8.682947973876586e-26,8.682948417666316e-26,8.682948417666263e-26,8.68295136282314e-26,8.682951365108887e-26,8.682951371038923e-26,8.682951477481066e-26,8.682951890544862e-26,8.682951888022941e-26,8.68295190029652e-26,8.682951933848801e-26,8.682952210745072e-26,8.682952269736622e-26,8.682952099487095e-26,8.682952096662528e-26,8.68295219378354e-26,8.68295213336413e-26,8.682951107808936e-26,8.682951638022729e-26,8.682951570106756e-26,8.682951553114293e-26,8.682951553116285e-26,8.682951553115889e-26,8.682951207673436e-26,8.682951214128211e-26,8.68295121406889e-26,8.682951051865019e-26,8.682950999062014e-26,8.682950483834123e-26,8.682950486933874e-26,8.682950732353325e-26,8.682950730178756e-26,8.683012301844469e-26,8.683012337604508e-26,8.683020182066954e-26,8.683014049071686e-26,8.683014048404858e-26,8.683014032617585e-26,8.683037426872156e-26,8.683045023284068e-26,8.683045021718697e-26,8.683045024266511e-26,8.683044288986495e-26,8.683044243787426e-26,8.683043428287602e-26,8.683041481750874e-26,8.683082368586719e-26,8.683082362067237e-26,8.683081832794886e-26,8.683081815828154e-26,8.683081833859887e-26,8.683081825555352e-26,8.683082358600742e-26,8.683082368481243e-26,8.683082371088022e-26,8.683082371107764e-26,8.683082372209585e-26,8.683091685852475e-26,8.683091685770601e-26,8.683091682602969e-26,8.683091684448765e-26,8.683096320624527e-26,8.683096320879438e-26,8.683096379294814e-26,8.683096379256511e-26,8.683096379302294e-26,8.683096553799713e-26,8.683096531303497e-26,8.683088207874888e-26,8.683088206693254e-26,8.683079859462162e-26,8.683079848596926e-26,8.683080268107001e-26,8.683080276027813e-26,8.683082672595451e-26,8.683082371621959e-26,8.683082377926077e-26,8.683081951869706e-26,8.683082525369946e-26,8.683082033542315e-26,8.683082034774849e-26,8.683082044277593e-26,8.683083296658107e-26,8.68308328615106e-26,8.683083294066735e-26,8.683083314651588e-26,8.683083314628882e-26,8.683083314677715e-26,8.683083345093339e-26,8.683083336860905e-26,8.683082684742472e-26,8.683082683158752e-26,8.683082775378166e-26,8.683083255931418e-26,8.683085364377656e-26,8.683084964849329e-26,8.683084964850309e-26,8.683084816971311e-26,8.683084816982664e-26,8.68308495278989e-26,8.683084952808567e-26,8.683084928865121e-26,8.68306463427384e-26,8.683064634232053e-26,8.683064634236909e-26,8.68306466519683e-26,8.683064669577059e-26,8.683064675958319e-26,8.682524318667796e-26,8.682524319760861e-26,8.682524307070253e-26,8.682524312985209e-26,8.682524023630939e-26,8.682524025919017e-26,8.68252350565804e-26,8.682523510895533e-26,8.682549734239909e-26,8.682548959454499e-26,8.682548976920019e-26,8.682548910935759e-26,8.682548910941035e-26,8.682548046824044e-26,8.682547848898746e-26,8.68255646646625e-26,8.682556510205632e-26,8.682556586307304e-26,8.682557086887055e-26,8.682557215555321e-26,8.682557172959885e-26,8.682557172164509e-26,8.682557239172545e-26,8.682551367717345e-26,8.682550851482568e-26,8.682550782539439e-26,8.682551559539273e-26,8.682581185757435e-26,8.682581170310639e-26,8.682581446152993e-26,8.682561374327101e-26,8.682561415279968e-26,8.682556388110761e-26,8.682556016824625e-26,8.682556298839805e-26,8.682556015925346e-26,8.682556499735908e-26,8.682556299886351e-26,8.682556048907111e-26,8.682555935539734e-26,8.682569736056185e-26,8.682569557134707e-26,8.682569740351354e-26,8.682569640863637e-26,8.682569612544414e-26,8.683166619875013e-26,8.683166722919418e-26,8.68314974920108e-26,8.683149814666596e-26,8.683149923695041e-26,8.683149926766762e-26,8.683149927732684e-26,8.683149926499355e-26,8.683151408469432e-26,8.683151429299475e-26,8.68315141727062e-26,8.683150704841228e-26,8.68315080412617e-26,8.683150942055515e-26,8.683150889685269e-26,8.68315088968527e-26,8.683150883018074e-26,8.683150815277904e-26,8.683150703425493e-26,8.683150700104954e-26,8.683150654420027e-26,8.683171537781758e-26,8.683171906389074e-26,8.683171908962362e-26,8.68317188601092e-26,8.683171888080152e-26,8.683172521524173e-26,8.683172493416075e-26,8.683172492026176e-26,8.683172315316817e-26,8.683172314928184e-26,8.683154749140528e-26,8.683154764598266e-26,8.683155572864096e-26,8.683137097100241e-26,8.683137811401045e-26,8.683137656676288e-26,8.683137683432583e-26,8.68313767240633e-26,8.683137778947003e-26,8.683137871829067e-26,8.683137870658885e-26,8.683137864128505e-26,8.683137851503269e-26,8.683137852430496e-26,8.683137865602877e-26,8.683141717562847e-26,8.683141706170503e-26,8.683141673960388e-26,8.683141689843566e-26,8.683141696968203e-26,8.683141705373427e-26,8.683141713991645e-26,8.683141776731332e-26,8.683141853318168e-26,8.683141841917919e-26,8.683141840271817e-26,8.68314185551437e-26,8.683146497587434e-26,8.683146492523908e-26,8.683146773093641e-26,8.6831467732618e-26,8.683146775300657e-26,8.683146771041435e-26,8.683144250028434e-26,8.683144247535905e-26,8.683143309666528e-26,8.683143369458015e-26,8.683143366743801e-26,8.683143366715856e-26,8.683143387120594e-26,8.683143363431833e-26,8.683143160283033e-26,8.683143165898168e-26,8.683143173996007e-26,8.683136206778351e-26,8.683136191576407e-26,8.683136137679527e-26,8.683136177520134e-26,8.683136935218947e-26,8.683136923317115e-26,8.683136926403566e-26,8.683136807152563e-26,8.683136831088941e-26,8.683136830963526e-26,8.683136814821261e-26,8.683136814999569e-26,8.683136803855772e-26,8.683136805472493e-26,8.683136805066722e-26,8.683136585242412e-26,8.683136606525161e-26,8.683136593338065e-26,8.683136526987368e-26,8.683137879970257e-26,8.683144001495993e-26,8.683155735157716e-26,8.68315618066929e-26,8.683156190133788e-26,8.683156368252566e-26,8.683156873767537e-26,8.683150799371669e-26,8.683150736470799e-26,8.683150788524706e-26,8.683148662680222e-26,8.683148682145265e-26,8.68314895019092e-26,8.683148996953912e-26,8.683148979250985e-26,8.683141236392597e-26,8.683141101279213e-26,8.68314110369719e-26,8.683141104253013e-26,8.683140977039961e-26,8.683140966998331e-26,8.683145647768992e-26,8.683145647818093e-26,8.683145649514607e-26,8.683145643109803e-26,8.683145634752259e-26,8.683145911894714e-26,8.683145911897261e-26,8.683145579350143e-26,8.683145628997493e-26,8.683145662170288e-26,8.683145651273302e-26,8.683145651279316e-26,8.68314557410766e-26,8.683145578744703e-26,8.683145591186132e-26,8.683145567054497e-26,8.683144694474012e-26,8.683144688949523e-26,8.683158424484252e-26,8.683158418996014e-26,8.683158419027175e-26,8.683158516868759e-26,8.683158516812599e-26,8.683158557329517e-26,8.683159333974847e-26,8.683159344865449e-26,8.68316223105278e-26,8.683162307767004e-26,8.683130676868466e-26,8.683130666687041e-26,8.683130666633601e-26,8.683130608020645e-26,8.683130627713839e-26,8.683130632859392e-26,8.683130636291022e-26,8.683130665967589e-26,8.683133908953298e-26,8.683133908784491e-26,8.683133922715695e-26,8.683133803872821e-26,8.683133807914578e-26,8.683133770488538e-26,8.68313386130342e-26,8.683133872692842e-26,8.683133889862065e-26,8.683133795755873e-26,8.683133795356493e-26,8.683133733192292e-26,8.683133688562588e-26,8.683133718707971e-26,8.683133727468646e-26,8.683136819116932e-26,8.683136776587165e-26,8.683136864683319e-26,8.683136881256777e-26,8.683136891808002e-26,8.683136894551234e-26,8.68313689038667e-26,8.683136885038418e-26,8.683136881343258e-26,8.683136869094414e-26,8.683136865244208e-26,8.683136865315502e-26,8.683136859024699e-26,8.683136883687506e-26,8.683131776739289e-26,8.683131764698001e-26,8.683131778020341e-26,8.683131794376913e-26,8.683129952541548e-26,8.683130238711755e-26,8.683130236399876e-26,8.683130077284227e-26,8.683130115014824e-26,8.683130115034046e-26,8.683130115034029e-26,8.683130115053124e-26,8.683130115058081e-26,8.68313011506072e-26,8.68313011506064e-26,8.683130115062425e-26,8.683130115062425e-26,8.683130144863853e-26,8.683130144195733e-26,8.683130144195729e-26,8.68313014638427e-26,8.683130146377986e-26,8.683130147038527e-26,8.683130144279995e-26,8.683130144279568e-26,8.683130144279573e-26,8.683130144278584e-26,8.683130144278633e-26,8.683130144278909e-26,8.683130149830344e-26,8.683130307454956e-26,8.683130307454887e-26,8.683130306793475e-26,8.683130308314515e-26,8.683130308314511e-26,8.683130308314674e-26,8.683130308392252e-26,8.683130308050833e-26,8.683130308051003e-26,8.683130308138919e-26,8.683130308139072e-26,8.683130308154138e-26,8.683130308131476e-26,8.68313030814033e-26,8.683130308095723e-26,8.68313030804125e-26,8.683130308027145e-26,8.683130308031678e-26,8.683130307919466e-26,8.683130307733662e-26,8.683130307733594e-26,8.683130307733621e-26,8.683130307730323e-26,8.683130307728892e-26,8.683130307726608e-26,8.683130307721691e-26,8.683130305975204e-26,8.683130305508851e-26,8.683130305504635e-26,8.683130305504911e-26,8.683130305547425e-26,8.68313030554628e-26,8.683130305546526e-26,8.683130305638439e-26,8.683130305638587e-26,8.683130305638732e-26,8.683130305639319e-26,8.68313030470704e-26,8.683130305446282e-26,8.683130301539799e-26,8.683128183718171e-26,8.683128203849686e-26,8.683128251637153e-26,8.6831283014667e-26,8.683128300823802e-26,8.68312828310663e-26,8.683128293170195e-26,8.683128226751228e-26,8.68312778055468e-26,8.683127779192495e-26,8.683127780308387e-26,8.683127848925142e-26,8.68314387411449e-26,8.68314391828072e-26,8.68314104306165e-26,8.683141110272125e-26,8.683141172657089e-26,8.683141195338454e-26,8.683141193019461e-26,8.683141214093599e-26,8.683141204223104e-26,8.683141215141326e-26,8.683141221171664e-26,8.683141338222724e-26,8.683141334929392e-26,8.68314133140006e-26,8.683141356033382e-26,8.683141355661717e-26,8.683141355661437e-26,8.683141357592356e-26,8.683143293484902e-26,8.683146474802053e-26,8.68314686478105e-26,8.683146864780924e-26,8.683146864239862e-26,8.683146858314868e-26,8.683146858314888e-26,8.683146857435185e-26,8.683146321159708e-26,8.683156803887507e-26,8.683153487747165e-26,8.68315348510177e-26,8.683153485101769e-26,8.683153485101768e-26,8.683153485101774e-26,8.683153485345869e-26,8.683153485461036e-26,8.683153485377722e-26,8.683153485378195e-26,8.6831534827369e-26,8.683153483071255e-26,8.683153482851483e-26,8.683153482928246e-26,8.683152880754757e-26,8.683152880447307e-26,8.683152881615887e-26,8.683151439144029e-26,8.683151437838717e-26,8.683151425091733e-26,8.683151428305957e-26,8.683151467420947e-26,8.683151465728547e-26,8.68315016037857e-26,8.683150148145522e-26,8.683150141116848e-26,8.683150405524325e-26,8.68315040313047e-26,8.683150405669195e-26,8.683150381374515e-26,8.6831503848689e-26,8.683150338893616e-26,8.683150438750706e-26,8.683152917856019e-26,8.68315298120183e-26,8.683152964934949e-26,8.683150726242382e-26,8.683148851027426e-26,8.683148865169659e-26,8.683148850500415e-26,8.683155618209329e-26,8.683155618618165e-26,8.683155524040783e-26,8.683155524061669e-26,8.683155565853486e-26,8.683155591177857e-26,8.683156217878069e-26,8.68315621286336e-26,8.683156239804778e-26,8.683155711478074e-26,8.683155707650442e-26,8.683155672703663e-26,8.683131684520454e-26,8.683131684528151e-26,8.683131669324773e-26,8.683131677817355e-26,8.683129899991924e-26,8.683129675970499e-26,8.683129681745638e-26,8.683086011380877e-26,8.683085911088083e-26,8.683086280698662e-26,8.68308627921183e-26,8.683086250613697e-26,8.683086175890102e-26,8.683086175890102e-26,8.683086175890101e-26,8.683088182612131e-26,8.683088182612139e-26,8.683088188707891e-26,8.683088186202254e-26,8.683088184284887e-26,8.683088189049077e-26,8.683088189777743e-26,8.68308817314424e-26,8.683088171362035e-26,8.683088168457297e-26,8.683088168354846e-26,8.683088150317884e-26,8.683088150642475e-26,8.683088149856274e-26,8.683088133436164e-26,8.683088032410722e-26,8.683088032347241e-26,8.683088032243434e-26,8.683088033016785e-26,8.683087756128123e-26,8.683087750359704e-26,8.683087750141096e-26,8.683087750324756e-26,8.683087749859216e-26,8.683088468194792e-26,8.683088005945037e-26,8.683086826989439e-26,8.683086827378493e-26,8.683082779045855e-26,8.683082776482375e-26,8.683082777085538e-26,8.683082781067225e-26,8.683082809843453e-26,8.683082857490017e-26,8.683082771657242e-26,8.683082776714056e-26,8.68308277863075e-26,8.68308279591977e-26,8.683082879964176e-26,8.68308288075148e-26,8.683082837233039e-26,8.68307436609426e-26,8.683157909001646e-26,8.683157917028147e-26,8.683157917164165e-26,8.683157914555207e-26,8.683158793080802e-26,8.683160259398232e-26,8.683160479470513e-26,8.683160731633763e-26,8.683160751680679e-26,8.683160753051422e-26,8.683157248607348e-26,8.683157238641324e-26,8.683157226081818e-26,8.683157219085872e-26,8.683157203105128e-26,8.683157203155632e-26,8.683157198686596e-26,8.683157197677875e-26,8.683157186322927e-26,8.683157187851242e-26,8.683157181700359e-26,8.683155762063141e-26,8.68315576417709e-26,8.68315498874807e-26,8.683148579231236e-26,8.683148579259672e-26,8.683148587482146e-26,8.683148577552202e-26,8.683148577577728e-26,8.683148577579332e-26,8.683159752087762e-26,8.68315975753468e-26,8.683159758140361e-26,8.683159738619637e-26,8.683162090503567e-26,8.683162064305333e-26,8.683162072486382e-26,8.683162106814774e-26,8.683162129373279e-26,8.683162129340705e-26,8.683162740061582e-26,8.683162743888529e-26,8.683162729516112e-26,8.683162727853461e-26,8.683162710705012e-26,8.683167973112046e-26,8.683167972481815e-26,8.683167967408025e-26,8.683167916709656e-26,8.68316285768138e-26,8.683148316718162e-26,8.683148317684955e-26,8.683148319484883e-26,8.683148365570235e-26,8.683147979967016e-26,8.683147926663832e-26,8.683147898979753e-26,8.68314804050118e-26,8.683157993311562e-26,8.683141158723298e-26,8.683141165262867e-26,8.683141165861841e-26,8.68314251728628e-26,8.68314252387018e-26,8.683142527544558e-26,8.683142552144064e-26,8.683142559859863e-26,8.683142559859864e-26,8.683142559859864e-26,8.683142559859872e-26,8.683142559859873e-26,8.683133968811117e-26,8.683133808847919e-26,8.683133797522011e-26,8.683133780535058e-26,8.683133769302433e-26,8.68313177271921e-26,8.683132162959394e-26,8.683132231509977e-26,8.683132231509956e-26,8.683143148289042e-26,8.683143272445324e-26,8.683143401810746e-26,8.683143445898078e-26,8.683143445897993e-26,8.683144763512426e-26,8.68314531345802e-26,8.683145312706256e-26,8.683145361573533e-26,8.683113320246971e-26,8.683113327006921e-26,8.683119333172989e-26,8.683123047294858e-26,8.683060215106643e-26,8.683061901876477e-26,8.683061897843078e-26,8.683061907666424e-26,8.683061902999764e-26,8.683048616101964e-26,8.68304860542263e-26,8.683048605423548e-26,8.6830501265626e-26,8.6830507884571e-26,8.683050747673344e-26,8.683050745859469e-26,8.683050770777865e-26,8.683046889156652e-26,8.683046746413881e-26,8.683046753339969e-26,8.683046752823046e-26,8.683046715870311e-26,8.683046682347239e-26,8.683046894639866e-26,8.683047328141148e-26,8.683047464101938e-26,8.683047640114952e-26,8.683047518567564e-26,8.68304771435408e-26,8.683047706427578e-26,8.683046885215265e-26,8.683046885212264e-26,8.683046888963431e-26,8.683046888963427e-26,8.683035505604362e-26,8.683049997450135e-26,8.683050114910124e-26,8.683050056462014e-26,8.683050215937569e-26,8.683050233145211e-26,8.683050250570389e-26,8.683050286268004e-26,8.683050290454193e-26,8.68305029032304e-26,8.683050245684867e-26,8.683049073084063e-26,8.68304979142704e-26,8.683049748340553e-26,8.68305005353181e-26,8.683049946499297e-26,8.683049952044266e-26,8.683049955276011e-26,8.683049788857274e-26,8.683049901999083e-26,8.68304993494895e-26,8.683049943055636e-26,8.683049964617712e-26,8.683076609860129e-26,8.683076515488975e-26,8.683076533551523e-26,8.683076533921285e-26,8.68307636350108e-26,8.683076363500949e-26,8.683076363500953e-26,8.683076363535366e-26,8.683076363529167e-26,8.683076368039661e-26,8.68307574455464e-26,8.683075753993956e-26,8.683075698742225e-26,8.683076016018649e-26,8.683075971359382e-26,8.6830687846546e-26,8.683068780945288e-26,8.683068760884412e-26,8.683068752069844e-26,8.683068246532134e-26,8.683070573048582e-26,8.68307057169557e-26,8.683070579588569e-26,8.683070643030569e-26,8.683070651013943e-26,8.683070584488994e-26,8.683070566493321e-26,8.683070557178583e-26,8.68307023890835e-26,8.683070238152291e-26,8.683070490012256e-26,8.683070485086934e-26,8.683070408853249e-26,8.68307043006612e-26,8.683070430066142e-26,8.683070438555766e-26,8.683070394569528e-26,8.68307039456952e-26,8.683066084558528e-26,8.683066935086469e-26,8.683066948536264e-26,8.68309973294031e-26,8.683099752505052e-26,8.683099752504916e-26,8.683099752504225e-26,8.683099752504277e-26,8.683098699814852e-26,8.683098626032995e-26,8.683098624871043e-26,8.683098651749366e-26,8.683098654463949e-26,8.683098653440912e-26,8.683098653280117e-26,8.683099300300319e-26,8.683099241233668e-26,8.683099229893919e-26,8.683099206691836e-26,8.683098929219183e-26,8.683098921859508e-26,8.68309895247e-26,8.683098952470117e-26,8.683098889417619e-26,8.683098889900575e-26,8.683098963038954e-26,8.683098962517817e-26,8.683098762224927e-26,8.683098770241387e-26,8.683098906285419e-26,8.68309890652651e-26,8.683098902032406e-26,8.683100689708611e-26,8.683100681330266e-26,8.68310069613921e-26,8.683100742009225e-26,8.683100740141778e-26,8.683100794355192e-26,8.683100797291632e-26,8.683100800615685e-26,8.683100747442666e-26,8.68310074352741e-26,8.683100834907117e-26,8.683100640323143e-26,8.683100862884614e-26,8.683099992707226e-26,8.683100142098363e-26,8.683100136624253e-26,8.68310276306978e-26,8.68310275868958e-26,8.68310313793124e-26,8.683103057345733e-26,8.683103066995777e-26,8.683103059136912e-26,8.683103058210523e-26,8.683103058291297e-26,8.683103044073552e-26,8.683102512566371e-26,8.683102509614397e-26,8.683103216258641e-26,8.683125472326269e-26,8.683125487347895e-26,8.683125484883572e-26,8.683126832692082e-26,8.683126846346838e-26,8.683126847898456e-26,8.683127147034453e-26,8.68312394813824e-26,8.683111372426471e-26,8.683111498870096e-26,8.683111462534775e-26,8.68311148804461e-26,8.683111491685662e-26,8.683111397311272e-26,8.683113710436427e-26,8.683113714801077e-26,8.683113711904503e-26,8.683113699563658e-26,8.683114211179285e-26,8.683113986346125e-26,8.683114118694918e-26,8.683114167233274e-26,8.683114155606314e-26,8.683113868166951e-26,8.683113868328556e-26,8.683113867009422e-26,8.683113867009551e-26,8.683113866082909e-26,8.683113996728179e-26,8.683111732814119e-26,8.68311179352368e-26,8.683111660387765e-26,8.683112763367552e-26,8.683104833734327e-26,8.683104834628542e-26,8.683104832758688e-26,8.683104842499855e-26,8.683104836135684e-26,8.683044929556071e-26,8.683044925044674e-26,8.683044929424379e-26,8.683011291632762e-26,8.683011273344961e-26,8.683011249566521e-26,8.683011279702535e-26,8.683011349560132e-26,8.683011357898892e-26,8.683011378261636e-26,8.683011359166765e-26,8.683011359171623e-26,8.683009484123604e-26,8.683109330677881e-26,8.683109364148105e-26,8.683109361503886e-26,8.683109306725656e-26,8.683109306722571e-26,8.683109306722571e-26,8.683109297193754e-26,8.68310930271058e-26,8.6831093025942e-26,8.683109304302574e-26,8.683109391587038e-26,8.683130746241728e-26,8.683130683946147e-26,8.683130683945979e-26,8.683161573392017e-26,8.683162326860151e-26,8.68316234645602e-26,8.683162437586847e-26,8.683162438877347e-26,8.68316246644267e-26,8.683162491695918e-26,8.683162496505839e-26,8.683162497800059e-26,8.683162469785317e-26,8.683162471850866e-26,8.683162471847493e-26,8.683162471778853e-26,8.683163734887308e-26,8.683163711374193e-26,8.683163715457968e-26,8.68316371927587e-26,8.683163807800349e-26,8.683163809324991e-26,8.683163793856259e-26,8.684109899236565e-26,8.684109899697498e-26,8.684109900161749e-26,8.684109900026177e-26,8.684109806257252e-26,8.684109824136738e-26,8.684110050721612e-26,8.684110050923457e-26,8.684109980479933e-26,8.684109992937064e-26,8.684110077724786e-26,8.684110083785406e-26,8.684106160638338e-26,8.684106238549866e-26,8.684103158425153e-26,8.684103222225774e-26,8.684103228198361e-26,8.684102096223373e-26,8.684102092434174e-26,8.684102140103831e-26,8.684102140095495e-26,8.684102146949624e-26,8.684102858274756e-26,8.684102856414432e-26,8.684102861441401e-26,8.684102856306205e-26,8.684105920135726e-26,8.684105731296778e-26,8.6841059210381e-26,8.684105918031746e-26,8.684105920066539e-26,8.684105895132608e-26,8.684105894960532e-26,8.684105893319951e-26,8.684104970507906e-26,8.684104975621436e-26,8.684104973342999e-26,8.684105048529355e-26,8.684105047882648e-26,8.684105006847191e-26,8.684105555091028e-26,8.684105500058515e-26,8.68410577032458e-26,8.684105770307215e-26,8.684105769444004e-26,8.684105766329269e-26,8.684105276223715e-26,8.684105265364907e-26,8.684105155349244e-26,8.684105140458249e-26,8.684106469791486e-26,8.684106633623287e-26,8.684106998421005e-26,8.684107002989325e-26,8.684106778287463e-26,8.684105241467324e-26,8.684105213609814e-26,8.684123412111301e-26,8.684123412117501e-26,8.684123401324145e-26,8.684109620515634e-26,8.684109633692265e-26,8.684109628744114e-26,8.684106790582193e-26,8.684106545764047e-26,8.68410653992756e-26,8.684106721696446e-26,8.684106723732759e-26,8.684106699046496e-26,8.684507696179072e-26,8.68450781946982e-26,8.684507819515142e-26,8.684526657000679e-26,8.68452682913162e-26,8.684526827638955e-26,8.684526835230857e-26,8.684526819290637e-26,8.684526832350785e-26,8.684520991506216e-26,8.684520992047568e-26,8.684520770612007e-26,8.684520773469319e-26,8.684520780382607e-26,8.68452087716169e-26,8.684520874568913e-26,8.684520895220372e-26,8.684520737911598e-26,8.684521087813518e-26,8.684521087310019e-26,8.684521080702236e-26,8.684521118291794e-26,8.684520716095068e-26,8.684509887333387e-26,8.684509925923304e-26,8.684507886011921e-26,8.684508048544198e-26,8.684508075341397e-26,8.684508124822806e-26,8.684508116435654e-26,8.684508135590091e-26,8.684508131127446e-26,8.684508167580485e-26,8.684508145551851e-26,8.684522672878379e-26,8.684522683133835e-26,8.684522683357276e-26,8.68452269237231e-26,8.684526152649668e-26,8.684526173106223e-26,8.684526158516775e-26,8.68452609528118e-26,8.684526087833987e-26,8.684526087876357e-26,8.684526087010129e-26,8.684526082063689e-26,8.684526072814836e-26,8.68452523823317e-26,8.68452523794642e-26,8.684525253864536e-26,8.684525253585974e-26,8.68452525352512e-26,8.684525253499738e-26,8.684525275402463e-26,8.684525191766224e-26,8.684525189414032e-26,8.684525191791281e-26,8.684525191115337e-26,8.684525191197656e-26,8.684525199204016e-26,8.684525291247364e-26,8.684525308528811e-26,8.684525270684028e-26,8.684525081579566e-26,8.6845241904046e-26,8.684524465796025e-26,8.681993018191652e-26,8.681867294944002e-26,8.681869513016086e-26,8.68186951674789e-26,8.681869545799002e-26,8.681869525776932e-26,8.681869511954623e-26,8.681869539370819e-26,8.681869541748073e-26,8.681869539488275e-26,8.68187066637684e-26,8.681870653944557e-26,8.6818706206468e-26,8.681870478700215e-26,8.681870683946878e-26,8.681871205931086e-26,8.681870879898861e-26,8.681864933029891e-26,8.681864927408159e-26,8.681867298801143e-26,8.681866959537124e-26,8.681866298300527e-26,8.681866436477036e-26,8.681866568334771e-26,8.681866561931856e-26,8.681866574190686e-26,8.681866590985705e-26,8.681866877134892e-26,8.681866871665834e-26,8.681866872300936e-26,8.681866873868268e-26,8.681866853382998e-26,8.681866866036325e-26,8.681866868827623e-26,8.681879021648455e-26,8.681879056584554e-26,8.681875271093997e-26,8.68189900694749e-26,8.681898925358717e-26,8.681898919712894e-26,8.681898920044311e-26,8.681898918131844e-26,8.681898881658929e-26,8.681898909903227e-26,8.681898820579755e-26,8.681898821142717e-26,8.68189881658066e-26,8.681898792194704e-26,8.681907948883519e-26,8.681907951860979e-26,8.68190806818013e-26,8.681908256337784e-26,8.681908238005452e-26,8.681908233647815e-26,8.681908293025969e-26,8.681907716524247e-26,8.681907723496012e-26,8.681900893247703e-26,8.681900871646513e-26,8.681900858349719e-26,8.681852545205686e-26,8.68185245437819e-26,8.681852473222383e-26,8.681852475161134e-26,8.681852413609897e-26,8.681852157367202e-26,8.681845971628115e-26,8.681848542485597e-26,8.681848541190321e-26,8.681854701979187e-26,8.681853350446125e-26,8.681853356351912e-26,8.681853223875603e-26,8.681853193857026e-26,8.681850045518494e-26,8.681850049206693e-26,8.681850068932701e-26,8.681850064278863e-26,8.681850090800025e-26,8.681850101773994e-26,8.681846084500615e-26,8.681846092331359e-26,8.681846092405608e-26,8.681846092329297e-26,8.681846092311162e-26,8.68184609231512e-26,8.681846092612193e-26,8.681846200433211e-26,8.681851770660153e-26,8.681851788366881e-26,8.681851793894333e-26,8.681851433157005e-26,8.681851521783803e-26,8.681852585609164e-26,8.681852529940277e-26,8.681852411399123e-26,8.681853128814488e-26,8.681853132727038e-26,8.681853133054132e-26,8.68185313332411e-26,8.681853625721989e-26,8.681853642894806e-26,8.68185315778718e-26,8.681853157788616e-26,8.681853020073295e-26,8.681852958429656e-26,8.681852904064334e-26,8.681836661778818e-26,8.681834002254382e-26,8.681834006095837e-26,8.681921743795621e-26,8.68192168398187e-26,8.681922846315316e-26,8.681922387293561e-26,8.681922387786897e-26,8.681922453996913e-26,8.681922432514376e-26,8.68192224222947e-26,8.681922223844487e-26,8.681922178229736e-26,8.681922177235334e-26,8.681922187423164e-26,8.681922184752359e-26,8.681937551828713e-26,8.681937541887095e-26,8.681938406561337e-26,8.681936515043081e-26,8.681935180158671e-26,8.681895236690634e-26,8.681895243583492e-26,8.681894974166149e-26,8.681894920543874e-26,8.681894903284043e-26,8.681894903284065e-26,8.681894903282964e-26,8.681894903284339e-26,8.681894903280553e-26,8.681894903263331e-26,8.6818949033904e-26,8.681911121583999e-26,8.681911111848661e-26,8.681950155302215e-26,8.68194927916292e-26,8.681949741612324e-26,8.681950626554355e-26,8.681925330788469e-26,8.681925452136586e-26,8.682706388410514e-26,8.682706381778469e-26,8.682706383516043e-26,8.682706378541522e-26,8.682706310434813e-26,8.682706335263863e-26,8.682706317853192e-26,8.682706313402128e-26,8.682706314760686e-26,8.682706268343928e-26,8.682705894634669e-26,8.682705894604117e-26,8.682729993984085e-26,8.682724874380879e-26,8.682724873660971e-26,8.682724970312278e-26,8.682725129191884e-26,8.682725128961343e-26,8.682725147865557e-26,8.682725243290474e-26,8.682729727295885e-26,8.68272973359743e-26,8.682730132456037e-26,8.682730160236001e-26,8.682761176731265e-26,8.682762317361694e-26,8.682764201313514e-26,8.68276425415402e-26,8.682752118529566e-26,8.682754911373811e-26,8.682752424049776e-26,8.682752370615959e-26,8.682752306741854e-26,8.682752307691138e-26,8.682752304610517e-26,8.682752192885435e-26,8.682752201595494e-26,8.682752201449942e-26,8.682752203359289e-26,8.68275219987874e-26,8.682752204380137e-26,8.682752029922438e-26,8.682752029187196e-26,8.682752029758668e-26,8.682751924536585e-26,8.682751929732432e-26,8.68275192101806e-26,8.682751921018264e-26,8.68275192132339e-26,8.682751921922696e-26,8.682753824550369e-26,8.682753823641937e-26,8.682753823594464e-26,8.682753881186741e-26,8.682753881104856e-26,8.682753891708658e-26,8.682753889565946e-26,8.682753887346616e-26,8.68275346783646e-26,8.682753274661456e-26,8.682753313995111e-26,8.682749900252408e-26,8.68275007977187e-26,8.682750108317526e-26,8.682750146628975e-26,8.682750133395685e-26,8.682750134821307e-26,8.682750134832109e-26,8.682750141377493e-26,8.682749114711403e-26,8.682749096276643e-26,8.682749120504855e-26,8.682749524324476e-26,8.682749519079747e-26,8.682749519150794e-26,8.682748779668709e-26,8.682748780417906e-26,8.682748778774489e-26,8.682751979103104e-26,8.682752328712534e-26,8.682752334892168e-26,8.682753093975975e-26,8.68275309611465e-26,8.682751391707889e-26,8.682751403955337e-26,8.682751399990082e-26,8.682751401887153e-26,8.682751402766091e-26,8.682751406623616e-26,8.682751406637711e-26,8.682751274147447e-26,8.682751274110607e-26,8.682751286690804e-26,8.682751292563211e-26,8.682745170746195e-26,8.682745175404573e-26,8.682745179985588e-26,8.682748450101904e-26,8.682748171495577e-26,8.682753634804544e-26,8.68275363509111e-26,8.682753520977526e-26,8.682753521257863e-26,8.682753747863224e-26,8.682753747862796e-26,8.682753740381637e-26,8.68275374009096e-26,8.682753743063491e-26,8.682753744315326e-26,8.682751148074695e-26,8.682751148075329e-26,8.682751148075335e-26,8.682751148075333e-26,8.682751124213992e-26,8.68275121712413e-26,8.682751279076396e-26,8.682752955557028e-26,8.682741787509852e-26,8.682741816658222e-26,8.682741842174454e-26,8.682741785789165e-26,8.682741771504894e-26,8.682741638335575e-26,8.682741617411934e-26,8.682741611462566e-26,8.682741768580506e-26,8.682741731599344e-26,8.682741761164787e-26,8.682741654949453e-26,8.682736923235618e-26,8.682736754747677e-26,8.682736745027133e-26,8.682736835804306e-26,8.682736800220697e-26,8.682736794913293e-26,8.682734337953499e-26,8.682775032318828e-26,8.682775032357014e-26,8.682776053357769e-26,8.682776253351961e-26,8.68277625165323e-26,8.682773823457315e-26,8.682771430838899e-26,8.682771466900682e-26,8.682767861975063e-26,8.682767870535723e-26,8.682767194880535e-26,8.682767141742821e-26,8.682758529481882e-26,8.682758546755727e-26,8.682757227098263e-26,8.682757217418199e-26,8.68275722262166e-26,8.682757218675162e-26,8.68275722811658e-26,8.68275723162507e-26,8.682757268712593e-26,8.682757263636816e-26,8.682757256442048e-26,8.682757225735038e-26,8.682757210930905e-26,8.682664942734861e-26,8.682664936717199e-26,8.682664923834652e-26,8.68266492700768e-26,8.682664907190396e-26,8.682664844796487e-26,8.682664935116256e-26,8.68261413260448e-26,8.68260478123108e-26,8.684719583910659e-26,8.684719551461877e-26,8.684719658827833e-26,8.684654376257938e-26,8.684654399232788e-26,8.684823405364695e-26,8.684850551597582e-26,8.68485056808306e-26,8.684850585558358e-26,8.684850585891579e-26,8.684850585683947e-26,8.684850571254153e-26,8.684850573523376e-26,8.684850573485446e-26,8.68485058053255e-26,8.684850600055414e-26,8.684850547040319e-26,8.684850562277994e-26,8.684850892558417e-26,8.684851693479665e-26,8.684851695223577e-26,8.684851697422757e-26,8.684851708854546e-26,8.684851699226168e-26,8.684853026458628e-26,8.684853029900708e-26,8.684853025768577e-26,8.684852876086175e-26,8.68485286655702e-26,8.684852908765423e-26,8.684845910229989e-26,8.684846829394516e-26,8.684846829555753e-26,8.68484682902606e-26,8.684846825930031e-26,8.684846831146259e-26,8.684849646082643e-26,8.684850110301528e-26,8.684850144196181e-26,8.684850133751444e-26,8.68485017169169e-26,8.684848972782904e-26,8.684848974765507e-26,8.684848981757918e-26,8.684848996888675e-26,8.684848999542646e-26,8.684848735572378e-26,8.684848735434057e-26,8.684848550142235e-26,8.684848548387548e-26,8.684848548961212e-26,8.684848549132174e-26,8.684848570505183e-26,8.684848567736914e-26,8.684848571058374e-26,8.684848568982092e-26,8.684848569168586e-26,8.684848373574263e-26,8.684848380774192e-26,8.684848334636533e-26,8.684848335443328e-26,8.684848324643912e-26,8.684848324544392e-26,8.684848322644319e-26,8.684848325148689e-26,8.684848321742314e-26,8.684848338382914e-26,8.684848336697509e-26,8.684848343583187e-26,8.684848344716942e-26,8.684848344501942e-26,8.684848346629224e-26,8.684848362267409e-26,8.684850983963917e-26,8.684851422551792e-26,8.684851553734618e-26,8.68482946269615e-26,8.684829587818095e-26,8.684829600305793e-26,8.684830294237121e-26,8.684830311604762e-26,8.684830336358912e-26,8.684830279893607e-26,8.684830315826022e-26,8.684830309051041e-26,8.684831275308062e-26,8.684804465186084e-26,8.684804380047283e-26,8.684804339593533e-26,8.684804338895488e-26,8.684802760498714e-26,8.684802760810023e-26,8.684802760363987e-26,8.684802754103855e-26,8.684802753115618e-26,8.684802753067131e-26,8.684802790622387e-26,8.684803195309428e-26,8.684803198217181e-26,8.684803192954874e-26,8.684803193178926e-26,8.684803212601906e-26,8.684803197823761e-26,8.68480319843182e-26,8.684803217137817e-26,8.684803217134912e-26,8.684803217116471e-26,8.684803216717624e-26,8.68480322042615e-26,8.684803220426151e-26,8.684803220426143e-26,8.684803220426139e-26,8.684803220426126e-26,8.684803220426158e-26,8.684803220426155e-26,8.68480322042615e-26,8.68480322042615e-26,8.684803220426229e-26,8.684803220426232e-26,8.684803220426236e-26,8.684803220425557e-26,8.684803220425534e-26,8.684803220425561e-26,8.684803220425584e-26,8.684803220425583e-26,8.684803220425582e-26,8.684803220425581e-26,8.684803220425582e-26,8.684803220425576e-26,8.684803220425559e-26,8.684803220425968e-26,8.684803220425962e-26,8.684803220425957e-26,8.684803162924346e-26,8.684803248517817e-26,8.684802379997603e-26,8.68480245051944e-26,8.68480270163804e-26,8.684810083146897e-26,8.684810151182523e-26,8.684810151925482e-26,8.684810151649104e-26,8.684810157395026e-26,8.684816869735886e-26,8.684816857797973e-26,8.684816860312376e-26,8.684815741371296e-26,8.684816867010372e-26,8.684817031568255e-26,8.684816919877259e-26,8.684816927091341e-26,8.68481691972867e-26,8.684816963129167e-26,8.684816965474255e-26,8.684816166227731e-26,8.684816183527782e-26,8.684816162377019e-26,8.684816155928811e-26,8.68481615525645e-26,8.684816219182476e-26,8.684816213004488e-26,8.684816214013072e-26,8.684816218030719e-26,8.684816216347396e-26,8.684816160199132e-26,8.684816103357737e-26,8.684816103823081e-26,8.68481590444149e-26,8.684815935799265e-26,8.684815813508553e-26,8.684815525620024e-26,8.684815643140112e-26,8.684815246595547e-26,8.684815245981322e-26,8.684815340611046e-26,8.684815337870022e-26,8.684815338351917e-26,8.68481533224261e-26,8.684813451094911e-26,8.684813387253984e-26,8.684813390613811e-26,8.684813141795943e-26,8.6848131425784e-26,8.684811382627e-26,8.68481136812817e-26,8.684964289785678e-26,8.684964289697127e-26,8.684963669043082e-26,8.684963671837136e-26,8.684956667468635e-26,8.684956639928263e-26,8.684956492743721e-26,8.684956541935337e-26,8.684956547835899e-26,8.684956285552658e-26,8.684946217328944e-26,8.684962222467879e-26,8.68496221592422e-26,8.684962294970642e-26,8.684962094329247e-26,8.684962054912034e-26,8.686142678718542e-26,8.686159646192629e-26,8.686159645215098e-26,8.686159644966626e-26,8.686159620545046e-26,8.686159621370111e-26,8.686139293059249e-26,8.686139262831156e-26,8.686139271821732e-26,8.686128532825211e-26,8.68613317038937e-26,8.686097377154144e-26,8.686097347626839e-26,8.686097297408625e-26,8.686097367780026e-26,8.686097367734769e-26,8.686097489909569e-26,8.686097054938766e-26,8.686096943348183e-26,8.68609863634051e-26,8.686098640330442e-26,8.686098717768101e-26,8.686098716194096e-26,8.686098711661817e-26,8.686098726464769e-26,8.686096202430653e-26,8.68609620234099e-26,8.686096236310142e-26,8.686096235627887e-26,8.686096291330404e-26,8.686097900007103e-26,8.686097558824248e-26,8.686097584031078e-26,8.686097520551101e-26,8.686098064217555e-26,8.686098329609596e-26,8.686098331419236e-26,8.68609229849711e-26,8.686170078508199e-26,8.686170013993923e-26,8.686169917097972e-26,8.686212860116507e-26,8.686197120664229e-26,8.686143240462603e-26,8.686143218234832e-26,8.686143427905487e-26,8.686148611780897e-26,8.686078458146592e-26,8.6860784594774e-26,8.68607844960248e-26,8.686078612966997e-26,8.686078621518619e-26,8.686078973233914e-26,8.686079080687827e-26,8.686076698392985e-26,8.686076753600977e-26,8.686077856036074e-26,8.686082300171584e-26,8.686084058094518e-26,8.686105203890761e-26,8.686105218099581e-26,8.686104974389753e-26,8.686104967294978e-26,8.686103879864646e-26,8.686103799285594e-26,8.68610379148596e-26,8.68610567048682e-26,8.686093458892675e-26,8.686093466979193e-26,8.686090545897378e-26,8.686090586524867e-26,8.686090552830043e-26,8.686090551987638e-26,8.686090556355833e-26,8.686090554417272e-26,8.686081787455589e-26,8.686075131073374e-26,8.686076277508082e-26,8.686075857078309e-26,8.686075768923224e-26,8.685992381666614e-26,8.685992351438536e-26,8.685943791186619e-26,8.685943788707379e-26,8.685943626161121e-26,8.685943713704267e-26,8.685941151216045e-26,8.685943038296934e-26,8.685943028010711e-26,8.685943140746398e-26,8.685943149267791e-26,8.685943201899397e-26,8.685943238258562e-26,8.685943238122401e-26,8.685943290969562e-26,8.685943213538451e-26,8.685942884691522e-26,8.685943270168455e-26,8.685943116538662e-26,8.685894216180513e-26,8.685887049430667e-26,8.685885621269008e-26,8.685885615577384e-26,8.685885378238626e-26,8.685885373003476e-26,8.685885370635722e-26,8.685885343742368e-26,8.685885343478947e-26,8.685884441484243e-26,8.685884483590438e-26,8.685884519282931e-26,8.685867024527131e-26,8.685866988728859e-26,8.685867028944959e-26,8.68586699379934e-26,8.68586699379934e-26,8.685875525542221e-26,8.685875525542219e-26,8.685875492710632e-26,8.685875559192033e-26,8.685875570257354e-26,8.685875561087713e-26,8.68587638558184e-26,8.685867635571189e-26,8.685868153422657e-26,8.685856589122056e-26,8.685857245224154e-26,8.685858730602938e-26,8.68585903698044e-26,8.685859841351129e-26,8.685858814289786e-26,8.685858188775686e-26,8.685858189718099e-26,8.685858189370021e-26,8.685858205905562e-26,8.685858214205962e-26,8.68585821117258e-26,8.685858156215095e-26,8.685858156782334e-26,8.685858160963078e-26,8.685858069056898e-26,8.685858074307967e-26,8.685856096899315e-26,8.685856088105027e-26,8.685856080516995e-26,8.685857724490462e-26,8.685857724013044e-26,8.685857702859057e-26,8.685857687748952e-26,8.685858072879434e-26,8.685858072739012e-26,8.685858078465999e-26,8.685858073324027e-26,8.68585807184118e-26,8.685858080295173e-26,8.685858068924635e-26,8.685858258612602e-26,8.68585825854409e-26,8.68585827321769e-26,8.685859434111206e-26,8.685859920090201e-26,8.685859954451918e-26,8.685860876346859e-26,8.685860876247121e-26,8.685859875724236e-26,8.685859887462276e-26,8.685859065544979e-26,8.685859071041554e-26,8.685860358379682e-26,8.68586065522141e-26,8.685864408499333e-26,8.685864359963356e-26,8.685864322048819e-26,8.685864309901809e-26,8.685864174764901e-26,8.685864122048664e-26,8.685824853498733e-26,8.685824849613011e-26,8.685832972188481e-26,8.685830483713709e-26,8.68583049050257e-26,8.685830492674747e-26,8.685825179909264e-26,8.685825198071417e-26,8.685825203048223e-26,8.685822760377812e-26,8.68582275736107e-26,8.685822374601485e-26,8.685801392924551e-26,8.685800379523293e-26,8.685800379143068e-26,8.685799849311606e-26,8.685799850326825e-26,8.685799849697677e-26,8.685798867914358e-26,8.68579886920769e-26,8.685819163847021e-26,8.685818939890692e-26,8.685818896212718e-26,8.685819438563072e-26,8.68581946619633e-26,8.685819480823138e-26,8.685822397146887e-26,8.685824459901226e-26,8.685824465642239e-26,8.685824467000011e-26,8.685824472679644e-26,8.685826020123295e-26,8.685826039008015e-26,8.685826024408631e-26,8.685846991112273e-26,8.685847007327131e-26,8.685847010257692e-26,8.68574099263358e-26,8.68574099547422e-26,8.685741007576612e-26,8.685730764098835e-26,8.68573076434505e-26,8.685730763807163e-26,8.685730763712177e-26,8.685730759152071e-26,8.685730765199913e-26,8.685732110660089e-26,8.685732116040412e-26,8.685732122336275e-26,8.685732131336666e-26,8.685732128407292e-26,8.685732121889334e-26,8.685732280632678e-26,8.685723906089215e-26,8.685723909551442e-26,8.685723909793317e-26,8.685728068088114e-26,8.685727277550133e-26
2,0.0,0.0,0.0,0.0,0.0,0.0,0.0,0.0,0.0,0.0,0.0,0.0,0.0,0.0,0.0,0.0,0.0,0.0,0.0,0.0,0.0,0.0,0.0,0.0,0.0,0.0,0.0,0.0,0.0,0.0,0.0,0.0,0.0,0.0,0.0,0.0,0.0,0.0,0.0,0.0,0.0,0.0,0.0,0.0,0.0,0.0,0.0,0.0,0.0,0.0,0.0,0.0,0.0,0.0,0.0,0.0,0.0,0.0,0.0,0.0,0.0,0.0,0.0,0.0,0.0,0.0,0.0,0.0,0.0,0.0,0.0,0.0,0.0,0.0,0.0,0.0,0.0,0.0,0.0,0.0,0.0,0.0,0.0,0.0,0.0,0.0,0.0,0.0,0.0,0.0,0.0,0.0,0.0,0.0,0.0,0.0,0.0,0.0,0.0,0.0,0.0,0.0,0.0,0.0,0.0,0.0,0.0,0.0,0.0,0.0,0.0,0.0,0.0,0.0,0.0,0.0,0.0,0.0,0.0,0.0,0.0,0.0,0.0,0.0,0.0,0.0,0.0,0.0,0.0,0.0,0.0,0.0,0.0,0.0,0.0,0.0,0.0,0.0,0.0,0.0,0.0,0.0,0.0,0.0,0.0,0.0,0.0,0.0,0.0,0.0,0.0,0.0,0.0,0.0,0.0,0.0,0.0,0.0,0.0,0.0,0.0,0.0,0.0,0.0,0.0,0.0,0.0,0.0,0.0,0.0,0.0,0.0,0.0,0.0,0.0,0.0,0.0,0.0,0.0,0.0,0.0,0.0,0.0,0.0,0.0,0.0,0.0,0.0,0.0,0.0,0.0,0.0,0.0,0.0,0.0,0.0,0.0,0.0,0.0,0.0,0.0,0.0,0.0,0.0,0.0,0.0,0.0,0.0,0.0,0.0,0.0,0.0,0.0,0.0,0.0,0.0,0.0,0.0,0.0,0.0,0.0,0.0,0.0,0.0,0.0,0.0,0.0,0.0,0.0,0.0,0.0,0.0,0.0,0.0,0.0,0.0,0.0,0.0,0.0,0.0,0.0,0.0,0.0,0.0,0.0,0.0,0.0,0.0,0.0,0.0,0.0,0.0,0.0,0.0,0.0,0.0,0.0,0.0,0.0,0.0,0.0,0.0,0.0,0.0,0.0,0.0,0.0,0.0,0.0,0.0,0.0,0.0,0.0,0.0,0.0,0.0,0.0,0.0,0.0,0.0,0.0,0.0,0.0,0.0,0.0,0.0,0.0,0.0,0.0,0.0,0.0,0.0,0.0,0.0,0.0,0.0,0.0,0.0,0.0,0.0,0.0,0.0,0.0,0.0,0.0,0.0,0.0,0.0,0.0,0.0,0.0,0.0,0.0,0.0,0.0,0.0,0.0,0.0,0.0,0.0,0.0,0.0,0.0,0.0,0.0,0.0,0.0,0.0,0.0,0.0,0.0,0.0,0.0,0.0,0.0,0.0,0.0,0.0,0.0,0.0,0.0,0.0,0.0,0.0,0.0,0.0,0.0,0.0,0.0,0.0,0.0,0.0,0.0,0.0,0.0,0.0,0.0,0.0,0.0,0.0,0.0,0.0,0.0,0.0,0.0,0.0,0.0,0.0,0.0,0.0,0.0,0.0,0.0,0.0,0.0,0.0,0.0,0.0,0.0,0.0,0.0,0.0,0.0,0.0,0.0,0.0,0.0,0.0,0.0,0.0,0.0,0.0,0.0,0.0,0.0,0.0,0.0,0.0,0.0,0.0,0.0,0.0,0.0,0.0,0.0,0.0,0.0,0.0,0.0,0.0,0.0,0.0,0.0,0.0,0.0,0.0,0.0,0.0,0.0,0.0,0.0,0.0,0.0,0.0,0.0,0.0,0.0,0.0,0.0,0.0,0.0,0.0,0.0,0.0,0.0,0.0,0.0,0.0,0.0,0.0,0.0,0.0,0.0,0.0,0.0,0.0,0.0,0.0,0.0,0.0,0.0,0.0,0.0,0.0,0.0,0.0,0.0,0.0,0.0,0.0,0.0,0.0,0.0,0.0,0.0,0.0,0.0,0.0,0.0,0.0,0.0,0.0,0.0,0.0,0.0,0.0,0.0,0.0,0.0,0.0,0.0,0.0,0.0,0.0,0.0,0.0,0.0,0.0,0.0,0.0,0.0,0.0,0.0,0.0,0.0,0.0,0.0,0.0,0.0,0.0,0.0,0.0,0.0,0.0,0.0,0.0,0.0,0.0,0.0,0.0,0.0,0.0,0.0,0.0,0.0,0.0,0.0,0.0,0.0,0.0,0.0,0.0,0.0,0.0,0.0,0.0,0.0,0.0,0.0,0.0,0.0,0.0,0.0,0.0,0.0,0.0,0.0,0.0,0.0,0.0,0.0,0.0,0.0,0.0,0.0,0.0,0.0,0.0,0.0,0.0,0.0,0.0,0.0,0.0,0.0,0.0,0.0,0.0,0.0,0.0,0.0,0.0,0.0,0.0,0.0,0.0,0.0,0.0,0.0,0.0,0.0,0.0,0.0,0.0,0.0,0.0,0.0,0.0,0.0,0.0,0.0,0.0,0.0,0.0,0.0,0.0,0.0,0.0,0.0,0.0,0.0,0.0,0.0,0.0,0.0,0.0,0.0,0.0,0.0,0.0,0.0,0.0,0.0,0.0,0.0,0.0,0.0,0.0,0.0,0.0,0.0,0.0,0.0,0.0,0.0,0.0,0.0,0.0,0.0,0.0,0.0,0.0,0.0,0.0,0.0,0.0,0.0,0.0,0.0,0.0,0.0,0.0,0.0,0.0,0.0,0.0,0.0,0.0,0.0,0.0,0.0,0.0,0.0,0.0,0.0,0.0,0.0,0.0,0.0,0.0,0.0,0.0,0.0,0.0,0.0,0.0,0.0,0.0,0.0,0.0,0.0,0.0,0.0,0.0,0.0,0.0,0.0,0.0,0.0,0.0,0.0,0.0,0.0,0.0,0.0,0.0,0.0,0.0,0.0,0.0,0.0,0.0,0.0,0.0,0.0,0.0,0.0,0.0,0.0,0.0,0.0,0.0,0.0,0.0,0.0,0.0,0.0,0.0,0.0,0.0,0.0,0.0,0.0,0.0,0.0,0.0,0.0,0.0,0.0,0.0,0.0,0.0,0.0,0.0,0.0,0.0,0.0,0.0,0.0,0.0,0.0,0.0,0.0,0.0,0.0,0.0,0.0,0.0,0.0,0.0,0.0,0.0,0.0,0.0,0.0,0.0,0.0,0.0,0.0,0.0,0.0,0.0,0.0,0.0,0.0,0.0,0.0,0.0,0.0,0.0,0.0,0.0,0.0,0.0,0.0,0.0,0.0,0.0,0.0,0.0,0.0,0.0,0.0,0.0,0.0,0.0,0.0,0.0,0.0,0.0,0.0,0.0,0.0,0.0,0.0,0.0,0.0,0.0,0.0,0.0,0.0,0.0,0.0,0.0,0.0,0.0,0.0,0.0,0.0,0.0,0.0,0.0,0.0,0.0,0.0,0.0,0.0,0.0,0.0,0.0,0.0,0.0,0.0,0.0,0.0,0.0,0.0,0.0,0.0,0.0,0.0,0.0,0.0,0.0,0.0,0.0,0.0,0.0,0.0,0.0,0.0,0.0,0.0,0.0,0.0,0.0,0.0,0.0,0.0,0.0,0.0,0.0,0.0,0.0,0.0,0.0,0.0,0.0,0.0,0.0,0.0,0.0,0.0,0.0,0.0,0.0,0.0,0.0,0.0,0.0,0.0,0.0,0.0,0.0,0.0,0.0,0.0,0.0,0.0,0.0,0.0,0.0,0.0,0.0,0.0,0.0,0.0,0.0,0.0,0.0,0.0,0.0,0.0,0.0,0.0,0.0,0.0,0.0,0.0,0.0,0.0,0.0,0.0,0.0,0.0,0.0,0.0,0.0,0.0,0.0,0.0,0.0,0.0,0.0,0.0,0.0,0.0,0.0,0.0,0.0,0.0,0.0,0.0,0.0,0.0,0.0,0.0,0.0,0.0,0.0,0.0,0.0,0.0,0.0,0.0,0.0,0.0,0.0,0.0,0.0,0.0,0.0,0.0,0.0,0.0,0.0,0.0,0.0,0.0,0.0,0.0,0.0,0.0,0.0,0.0,0.0,0.0,0.0,0.0,0.0,0.0,0.0,0.0,0.0,0.0,0.0,0.0,0.0,0.0,0.0,0.0,0.0,0.0,0.0,0.0,0.0,0.0,0.0,0.0,0.0,0.0,0.0,0.0,0.0,0.0,0.0,0.0,0.0,0.0,0.0,0.0,0.0,0.0,0.0,0.0,0.0,0.0,0.0,0.0,0.0,0.0,0.0,0.0,0.0,0.0,0.0,0.0,0.0,0.0,0.0,0.0,0.0,0.0,0.0,0.0,0.0,0.0,0.0,0.0,0.0,0.0,0.0,0.0,0.0,0.0,0.0,0.0,0.0,0.0,0.0,0.0,0.0,0.0,0.0,0.0,0.0,0.0,0.0,0.0,0.0,0.0,0.0,0.0,0.0,0.0,0.0,0.0,0.0,0.0,0.0,0.0,-1.7913941088440563e-30,-2.730209987461382e-46,-1.4006914257615239e-27,4.0022288511280206e-30,4.002228851128138e-30,4.002911515711288e-30,4.002911515711284e-30,3.045722115811706e-30,3.0457221158117006e-30,2.925436816882456e-30,2.9241153562603217e-30,2.9241115668839432e-30,2.923006285570683e-30,2.923006285570506e-30,2.9326232749029635e-30,2.9316797571598488e-30,2.9145440501620922e-30,2.9145666213167076e-30,3.256331557860843e-30,3.256331557860857e-30,3.256355611909472e-30,3.248875412761396e-30,3.851451785661988e-30,3.836659771383906e-30,4.452888807269626e-30,4.448130907203534e-30,4.448146382948075e-30,1.4533594563489412e-30,1.4535078268864207e-30,3.403549446152588e-31,3.4036050114653353e-31,3.4036050114653344e-31,3.4061661843658162e-31,3.4074861069962836e-31,7.868674279295275e-31,-6.014045798352273e-31,-6.858437336420243e-32,1.1372059164365711e-32,-4.6299190429055425e-29,3.788231094260248e-30,3.788231217762762e-30,3.788231217762775e-30,3.78573913227776e-30,2.611898024086964e-30,-4.0231177570364936e-30,3.000237860230057e-40,3.490352041715821e-30,3.490244687613732e-30,1.7390398361408436e-29,1.738300730256916e-29,1.7383995603153727e-29,1.7383995603153735e-29,1.7314633352928018e-29,-1.62322707192245e-27,8.377072500290895e-29,8.37707250029089e-29,8.418126871363317e-29,5.14399518836122e-29,1.0082720038937371e-28,1.0054717925277148e-28,1.0033392926767321e-28,9.913786537475957e-29,9.913764954087556e-29,9.913782060255328e-29,9.918637142057313e-29,9.918637142057312e-29,9.918637142057315e-29,9.928655846198123e-29,9.928655846198172e-29,9.928655846198169e-29,9.927279846625652e-29,9.927279846625647e-29,7.218021205530404e-29,1.0370663086003833e-28,1.496559478863075e-28,1.496559478863075e-28,1.5048334109542843e-28,1.583353600649433e-28,1.592830884933817e-28,1.5928308849337873e-28,1.641458294977039e-28,2.0778889200745243e-28,3.2171455104300003e-28,3.2060881433389074e-28,3.273243004064982e-28,3.2732430040649824e-28,3.9457334487653735e-28,3.6379257000616847e-28,3.6380185242706535e-28,4.004293496190359e-28,4.0042934961903585e-28,4.003904346312633e-28,4.031508816960884e-28,4.0059817165049914e-28,4.005981716504992e-28,4.0059819726485654e-28,4.005981972648563e-28,4.00597320544623e-28,3.160384701640165e-28,3.362936366713525e-28,3.4252651184911482e-28,3.4252651184911505e-28,3.5420182159304914e-28,3.476843941820334e-28,3.649959011503907e-28,4.311651665655677e-28,4.167084763414328e-28,5.822194769054774e-28,5.822194769054773e-28,5.822194769054778e-28,5.822194769054779e-28,5.822323487986905e-28,5.822424628617677e-28,6.073466103695635e-28,5.693583695035886e-28,7.2001029353162685e-28,7.192375986165233e-28,7.720982950531351e-28,7.720982950531357e-28,7.737547662262e-28,1.0198303436885615e-27,1.0193658133153463e-27,1.0193658133153452e-27,1.4513128548770866e-27,1.4513128548770862e-27,1.4514136548570082e-27,1.4878810363814532e-27,1.490381824454746e-27,1.4903655226736813e-27,1.2726944922809105e-27,1.8008867852038145e-27,1.7943765564850538e-27,1.7943765564818133e-27,1.79424385268643e-27,1.794228697261146e-27,1.7942220805683837e-27,1.7370297602615758e-27,1.7370297602615837e-27,1.737029760261586e-27,1.4995133779890664e-27,1.4995139410725571e-27,1.4667282139289114e-27,1.1861785588039225e-27,9.970895745614024e-28,1.1334177908031876e-27,1.1334177908031831e-27,6.710210511390648e-28,6.71666833398289e-28,6.756332655281128e-28,6.75632979579761e-28,2.3786727903987416e-27,2.3786727903987373e-27,2.3783250203909297e-27,2.378325020390931e-27,2.3584261103393496e-27,2.3584261103393492e-27,2.35842611033935e-27,2.4319730707821486e-27,2.853264903897981e-27,2.8532649038979828e-27,2.8388780449818187e-27,1.62275401420602e-26,1.62275800162983e-26,1.6424626850691922e-26,1.642462685070384e-26,1.6427620176169926e-26,1.642903370420754e-26,1.6428224027109806e-26,1.6555920286358826e-26,1.6547411312321442e-26,1.6547421455321043e-26,1.620310118232337e-26,1.626045176029354e-26,1.6331815059981927e-26,1.6360167387487694e-26,1.6355999805556984e-26,1.6173161664921666e-26,1.617316247318884e-26,1.6170825821720683e-26,1.6171294162019817e-26,1.6252906399454384e-26,1.62551299853261e-26,1.6255113325784326e-26,1.6234888373738496e-26,1.623488837373863e-26,1.6234888373738657e-26,1.6921742711141383e-26,1.6988418613682053e-26,1.698841861368205e-26,1.9179749922620767e-26,1.9246699481450034e-26,1.9246699110082113e-26,1.9246699110082104e-26,2.080167755322811e-26,2.0802500586032167e-26,2.0824829136291323e-26,2.0824829131738825e-26,2.0857139354074752e-26,2.08571393382044e-26,2.0857139338204399e-26,2.0860312139137355e-26,2.0858335264717116e-26,2.0856059555713443e-26,2.0856138702723305e-26,2.1042126748565154e-26,2.1042740535588538e-26,2.1064972738943584e-26,2.1064972738943578e-26,2.1064573646187819e-26,2.1271513601046405e-26,2.1567678354239608e-26,2.156735927672867e-26,1.9992605774077723e-26,1.9590136081060736e-26,1.9574732542680233e-26,1.957472112867154e-26,1.9574720855986406e-26,1.9696407454896112e-26,1.9096224463693628e-26,1.9160230393884973e-26,1.916023039388497e-26,1.9160230390779897e-26,1.9160230380195586e-26,1.8052461831861975e-26,1.8050756201588974e-26,1.8050756201588972e-26,1.8051681535847404e-26,1.805168153584739e-26,1.793440688028091e-26,1.793471477331511e-26,1.8076875076541462e-26,1.807663976597835e-26,1.807663976597816e-26,1.7993206944325632e-26,1.7993198268040376e-26,1.666637075404556e-26,-8.06568993626952e-27,-7.427697761676233e-38,-3.256418427744775e-29,6.07372362871565e-29,-4.643463882022799e-28,-3.5926438151551904e-31,6.595645057510232e-32,1.5317035832578367e-30,-1.0857401075914441e-30,-1.7219693037527388e-39,1.0891132205913598e-48,2.7478979374279152e-31,9.899216271980998e-29,9.899216271980993e-29,9.314358122267976e-29,9.314358122267973e-29,1.0202403148393157e-29,1.020240314839316e-29,9.379742740849593e-30,5.645214932339801e-30,5.6452149323397874e-30,-1.6980531277073878e-31,-4.081674177590072e-29,-1.1765649286363633e-41,2.474768740858781e-48,-2.278674943974739e-32,-3.158891384374583e-29,5.2318624905004635e-28,5.23186249049719e-28,6.7504407125211565e-28,5.012905652914721e-28,5.013035238500548e-28,5.013035238500543e-28,4.998718745912079e-28,4.998718745912057e-28,4.99871874591205e-28,4.998718745912051e-28,5.005768145134152e-28,5.005768145135197e-28,4.972337647490911e-28,4.574004044134139e-28,4.503175517492225e-28,1.6584410339268685e-28,1.6537557784640298e-28,1.6537558105331388e-28,1.652278449963386e-28,-1.5396591605840348e-27,-8.990153123027206e-40,7.591408422708285e-29,6.404045774925168e-29,9.517657111921577e-30,2.2027535295557702e-29,-2.8022646128431098e-27,1.9196968125996262e-29,1.9196959606244226e-29,2.9330275023982066e-27,2.933027502371621e-27,2.9742169642184053e-27,2.974546845378091e-27,2.974546845378092e-27,2.7697678940209518e-27,2.556833128082485e-27,2.5560121861319415e-27,2.55601218613038e-27,2.556012186130391e-27,2.556012186166587e-27,2.55512106460106e-27,2.55512106460106e-27,2.3264154030403388e-27,2.3264154030300403e-27,2.326415403030047e-27,2.326405744183176e-27,3.0060833305985795e-27,3.006083330598622e-27,3.006083357084518e-27,3.0060833570845113e-27,3.0060886971538697e-27,3.006103047913402e-27,3.0068163446024153e-27,3.017345279448778e-27,3.01442207684562e-27,3.027843368078986e-27,3.0442329864326746e-27,3.0442310760683546e-27,3.018270622291309e-27,2.460435717725131e-27,2.459134893462334e-27,2.4591348934623327e-27,2.4591304443357438e-27,2.480941427478949e-27,4.0413390909257584e-27,4.04133910103905e-27,4.1034348757453205e-27,4.097847548903731e-27,4.118884025771631e-27,4.1188840257703604e-27,4.143973965499241e-27,4.143973965499242e-27,4.118029364628862e-27,4.080765616591012e-27,4.080765614731771e-27,6.922417404742321e-27,6.92261558300391e-27,6.92261558300391e-27,6.922535303176247e-27,6.922534559002845e-27,6.923197674176513e-27,7.080187582721512e-27,7.06083535904393e-27,7.102223370094034e-27,7.102265694011939e-27,7.10226569401193e-27,7.103350905307925e-27,7.103350905307927e-27,7.173457127295957e-27,7.174112927713109e-27,7.17411292771312e-27,7.246877718312936e-27,7.451152299638685e-27,7.523400258645742e-27,7.523400737111748e-27,7.523400489690319e-27,7.473181883307886e-27,7.454219652539118e-27,7.454219885333227e-27,-4.08642230124219e-27,1.7065682299871154e-29,1.1230364311363628e-28,4.3598080231913624e-29,4.6219089942904913e-29,1.8645926041656276e-28,4.037400713236693e-28,4.037400713236694e-28,3.256440619367051e-28,3.2564406193670514e-28,3.256440619367051e-28,3.256436666337262e-28,2.369528063995528e-28,2.8194805980078495e-28,2.819480598007849e-28,2.819480598007848e-28,2.8121146868355196e-28,8.21291954348246e-28,7.713622610691024e-28,7.713622610690547e-28,-5.472148468493052e-27,-2.2967302470863924e-37,-6.635743234544156e-30,2.486764122676653e-27,2.4090253258246232e-27,1.849745673034792e-27,1.8497456730345494e-27,1.8497456730345505e-27,1.1303218412275791e-27,2.515662944919368e-28,2.970516595185708e-28,2.9719356635556023e-28,2.9719357665723127e-28,2.971935766572313e-28,3.068746148137556e-28,3.0687461481375553e-28,3.0687461481375566e-28,3.068746148137557e-28,3.537641845401269e-28,3.423811896237294e-28,3.423811896237295e-28,3.423811896237295e-28,-7.678912140511372e-28,-2.895980801889044e-28,5.389491521723918e-42,3.200561792993914e-29,8.808871289283942e-29,8.808871289283945e-29,8.808871289283944e-29,8.808843393022653e-29,7.79408779641384e-29,-9.549054148405658e-29,-1.2631816238527935e-28,-6.31351880008385e-31,7.111458614154893e-30,3.7523454918945134e-28,1.2704577830362713e-27,1.268336881509519e-27,1.2596543045966194e-27,1.2515568963326103e-27,1.2515568963326092e-27,1.2515568963326089e-27,1.251556873236972e-27,1.2520029804249772e-27,1.2521265385881708e-27,1.2494425077430821e-27,1.2494425077430821e-27,1.2494425077430823e-27,1.3395556654113946e-27,1.3539475180558841e-27,1.3539475180558841e-27,1.3527973333938728e-27,1.0331539222945992e-27,2.0239812845419214e-27,1.8934946891434333e-27,1.8934946891434326e-27,1.8934946891434333e-27,2.38095420595726e-27,2.1738892095032845e-27,2.1729228272963504e-27,2.173663171808662e-27,2.173663174856871e-27,5.158285172414397e-28,5.158287088181463e-28,5.1582870881814625e-28,5.346118461872453e-28,2.7613310626809635e-28,2.8976567984441847e-28,2.8982889777111067e-28,3.0866165571117073e-28,1.3485728266977519e-27,1.3260989147804646e-27,2.4717046749619697e-27,2.929874285023024e-27,2.9893010715415305e-27,2.9923473497669252e-27,2.9593530002631717e-27,2.957194935870566e-27,2.9571949358705657e-27,2.9568224621770633e-27,2.011878520617078e-27,2.0118875922820788e-27,2.0201422474991255e-27,2.0224420116617374e-27,2.0535947704147896e-27,2.00668956263015e-27,1.977917459778479e-27,1.9771199154467702e-27,2.9163612218296115e-28,2.9085680050278424e-28,2.9085680050278433e-28,3.5411622898832982e-28,3.462563167154662e-28,3.4625631671546617e-28,3.5659682769314835e-28,1.1208565933379547e-28,2.2582878549557074e-29,6.462054180867415e-29,6.462054180867414e-29,6.462083036819338e-29,6.8238419371894575e-28,6.823843815474024e-28,6.8238438154740245e-28,4.045446656402641e-27,4.0532304066389564e-27,4.053352017686889e-27,4.0533520176868894e-27,4.052667666391999e-27,4.1386743382619616e-27,4.1439202721980604e-27,4.143966749712618e-27,4.1439667497125795e-27,4.164592400579447e-27,4.18228099821975e-27,4.189433803049134e-27,4.189433803049134e-27,4.189433803049134e-27,4.0163631730761334e-27,3.836920778345029e-27,3.7653211496398886e-27,3.765228836214874e-27,3.716808430190018e-27,3.716808430190019e-27,3.7133485087909584e-27,3.7177984376440744e-27,3.7168108568421724e-27,3.715837801987552e-27,3.715837801987551e-27,3.848674075577015e-27,3.849946673702619e-27,3.849919089965904e-27,3.8216917645344114e-27,3.821697277078779e-27,1.9710040955366903e-27,2.055995248753361e-27,2.0559952487774828e-27,2.0559952487774825e-27,4.446600612115152e-26,4.446600612115153e-26,4.445331745776517e-26,4.4453317457765176e-26,4.4455250629668194e-26,4.445478057909043e-26,4.4453607570454037e-26,4.444638177145066e-26,4.405176357911214e-26,4.405188093096716e-26,4.371046623489538e-26,4.371046623489538e-26,3.375799357933993e-26,3.3761432213389645e-26,3.3761432214766225e-26,3.3763404078362125e-26,3.3155356796883667e-26,3.3155356796883667e-26,3.3162590984628764e-26,3.31643952042649e-26,3.316097485843013e-26,3.316097485843012e-26,3.3141655861003113e-26,3.3141655861003096e-26,3.3141655861003113e-26,3.31416484180752e-26,3.314168802426909e-26,3.3138881660414836e-26,3.313888166041483e-26,3.3138881662871803e-26,3.3138897882366595e-26,3.3138897806695254e-26,3.3138897806695266e-26,3.314631547805768e-26,3.3099483602811664e-26,3.3099476816415805e-26,3.309788518219229e-26,3.3097885094500166e-26,3.309788610023095e-26,3.3097886100230955e-26,3.3097886100230955e-26,3.309788610023096e-26,3.3097886100302965e-26,3.310358477562157e-26,3.354307228686944e-26,3.354307228687912e-26,3.3657755837433803e-26,3.365775583743379e-26,3.365692148455069e-26,3.3655818857847977e-26,3.365581885784801e-26,3.3655819129037324e-26,3.3655334971911215e-26,3.3655580299596035e-26,3.3655584037019385e-26,3.366998934345907e-26,3.3670038826707626e-26,3.3637188450159567e-26,3.363307066880546e-26,3.2811435456959054e-26,3.2811435456959054e-26,3.2811590230149067e-26,3.280463024211645e-26,3.285719096190966e-26,3.2859324817556363e-26,3.285932481755636e-26,3.2859349542842377e-26,3.2859385231446794e-26,3.285938523144681e-26,3.284544627679298e-26,3.284544627679289e-26,3.2845446276792893e-26,3.247692191453984e-26,3.2435670548101937e-26,3.2320721022219306e-26,3.232072102221932e-26,3.2320622644916703e-26,3.232063050623581e-26,3.232063050623582e-26,3.232534283251573e-26,3.232543373783469e-26,3.2325433734378944e-26,3.232543373437893e-26,3.2325433734378904e-26,3.22486798748836e-26,3.231714050324396e-26,3.231714050324397e-26,3.234145057388741e-26,3.184659620943091e-26,3.18465962094309e-26,3.181935178577825e-26,3.181936682604827e-26,3.181936682600886e-26,3.181936682601724e-26,3.193661829848261e-26,3.1936625320976675e-26,3.1936625320976687e-26,3.1938942554851156e-26,3.1004644782202843e-26,3.1004644750153306e-26,2.9644746683419715e-26,2.9597703386652297e-26,2.9597704800896157e-26,2.9597704836100433e-26,3.2692819680225387e-26,3.269281968022511e-26,3.269415061570816e-26,3.269415061572937e-26,3.168787532528482e-26,3.1687875325284815e-26,3.1687875130292216e-26,3.197825633284072e-26,3.1976959500664956e-26,3.197695950066497e-26,3.197755750272951e-26,3.19775575027295e-26,3.197755750434184e-26,3.1977557504341823e-26,3.1977551052470385e-26,3.203429335576116e-26,3.2034083035224525e-26,3.267876565117826e-26,3.2678765650698134e-26,3.267876663016667e-26,3.267825837079484e-26,3.267825625040486e-26,3.267825625040487e-26,3.267825625040489e-26,3.267825625040489e-26,3.2678806270486326e-26,3.265716252178454e-26,3.2657164086310906e-26,3.265716408631092e-26,3.475847280067688e-26,3.473204084381446e-26,3.473204084381447e-26,3.4732048976574647e-26,3.857721684677142e-26,3.8577216846771376e-26,3.857890455719191e-26,3.857890464517517e-26,3.819325776041715e-26,3.8232546269584683e-26,3.823182185092215e-26,3.8231821850921345e-26,3.8231856439946984e-26,3.82521645890648e-26,3.824972324104836e-26,3.823105090562381e-26,3.825138233502134e-26,3.825480754555402e-26,3.8254807545554024e-26,3.825481396769426e-26,3.825379730903238e-26,3.8253797309030614e-26,3.8253797309030614e-26,3.825379726674895e-26,3.8253797421497034e-26,3.825379742149704e-26,3.8230635686806746e-26,3.8230635686806746e-26,3.823063568680674e-26,3.827181129709431e-26,3.827089031711001e-26,3.827089137705362e-26,3.8391862465940456e-26,3.8388871650621344e-26,4.195776143866636e-26,4.8945846220706135e-26,4.8937349829183454e-26,4.893734982918344e-26,4.8937349971225255e-26,4.8957724592187755e-26,4.8957724592187996e-26,4.895772459218191e-26,4.895772459218192e-26,4.8957724592181923e-26,4.895772459217977e-26,4.8957724603198366e-26,4.895772344774953e-26,4.7394352744542147e-26,4.739435274454213e-26,4.742548273425468e-26,4.7425482734254623e-26,4.7419665600082826e-26,4.7419770282028156e-26,4.7419770282031727e-26,4.7421806969357777e-26,4.742180696935775e-26,4.7421719501977906e-26,4.742170490585058e-26,4.742170380065641e-26,4.7422768453734666e-26,4.7408873853061896e-26,4.7408873853061896e-26,4.740878393370662e-26,4.7408783933675776e-26,4.740878388999708e-26,4.740878388999708e-26,4.740878389170789e-26,4.7408268156969925e-26,4.7408268149917137e-26,4.7424384557349296e-26,4.742319602558444e-26,4.742319604098937e-26,4.742318212776384e-26,4.742318165369199e-26,4.742318165368436e-26,4.7425139267275454e-26,4.742513926727544e-26,4.7424402936125136e-26,4.871956482431256e-26,4.895735746104853e-26,4.8867067383100997e-26,4.7936305033255936e-26,4.794748357695633e-26,4.794748357695633e-26,4.771134362296711e-26,4.7711351681362183e-26,4.7296873089810276e-26,3.9852994014305577e-26,3.9852994014305565e-26,3.985299401430558e-26,3.9852994014305525e-26,3.985760851035283e-26,3.985749196126764e-26,3.985749196126764e-26,3.968055708138787e-26,3.96806938260374e-26,3.9688751087082304e-26,3.969160780966231e-26,3.96916078096623e-26,3.973211271845122e-26,3.973211271845124e-26,3.80942993755455e-26,3.8094299375855865e-26,3.8107707516269296e-26,3.813417116203673e-26,3.813417119570516e-26,3.777562932370257e-26,3.7804841296894746e-26,3.7787255876745945e-26,3.778725587674595e-26,3.778725587674595e-26,3.778725596759684e-26,3.778542798714014e-26,3.780530526302158e-26,3.7804554261507974e-26,3.780532090030263e-26,3.824027986290586e-26,3.7708676009110027e-26,3.770849125739003e-26,3.770849125575435e-26,3.770849125575436e-26,3.769857901515122e-26,3.769857901515121e-26,4.239159740946055e-26,4.2391597409460534e-26,4.2391597409460534e-26,4.239110208828844e-26,4.2391059872064825e-26,4.2400131876945424e-26,4.2400128903526643e-26,4.2399227028144363e-26,4.2399226708558076e-26,4.239923007767703e-26,4.23992396724385e-26,4.239923967243851e-26,4.2394711176795465e-26,4.239471203303217e-26,4.2394712033032145e-26,4.232319549598417e-26,4.1953209423000054e-26,4.1953209423000054e-26,4.195211044575452e-26,4.193226839719645e-26,4.3361093444495824e-26,4.0413383825002874e-26,4.0114017826002554e-26,3.966732234711809e-26,4.0645829773690165e-26,4.06458385773249e-26,4.065066659930805e-26,4.065066659930807e-26,4.0650666599308064e-26,4.065066659930779e-26,4.06506665993078e-26,3.579291019064766e-26,3.5768406845006854e-26,3.577447793563361e-26,3.577447793563356e-26,3.577743392022114e-26,3.577743392022116e-26,3.5777433921055834e-26,3.548751547944255e-26,3.548751547944254e-26,3.5487515479442536e-26,3.5487515479440154e-26,3.548751547944014e-26,3.5487544759290243e-26,3.527566842180786e-26,3.575094417573206e-26,3.6347245899022304e-26,3.634724589902229e-26,3.6347390352131804e-26,3.636916492919739e-26,3.6354968878787834e-26,3.63546543134748e-26,3.6378173985240883e-26,3.637098490371314e-26,3.6370984903713135e-26,3.62478471172324e-26,3.6272238479454926e-26,3.626917618102181e-26,3.6269292419941954e-26,3.626952033619696e-26,3.6269520336196953e-26,3.626952033619696e-26,3.6269505163175905e-26,3.62695051631759e-26,3.6269505163175905e-26,3.642714921392793e-26,3.6426219631286805e-26,3.6426219631286805e-26,3.6426219631286817e-26,3.6426202327001625e-26,3.642622714522305e-26,3.666037045649958e-26,3.6660370456499576e-26,3.6658934341461985e-26,3.6652520587937917e-26,4.2819513492864583e-26,4.2819513487166455e-26,4.281951381570104e-26,4.2812125657404776e-26,4.28131901636559e-26,4.2813190163655877e-26,4.281319016365591e-26,4.281769061369672e-26,4.3284182949767734e-26,4.3284197182472136e-26,4.3284261279015004e-26,4.3284261279015015e-26,4.328429417214712e-26,4.328429376155175e-26,4.3284206492518163e-26,4.328339818358674e-26,4.328339818358674e-26,4.328339818259483e-26,4.328339818259483e-26,4.328339818259483e-26,4.3229814007595196e-26,4.322924684436589e-26,4.322914578546751e-26,4.3229145785467526e-26,4.322236037921459e-26,4.322236043415681e-26,4.3222360434156626e-26,4.3222360434156615e-26,4.322191006639333e-26,4.3222084000022986e-26,4.322208399587806e-26,4.322208399587807e-26,4.3221591372829663e-26,4.322159136958895e-26,4.325461722191197e-26,4.3254845506475613e-26,4.325456350315467e-26,4.325456350525504e-26,4.325456350525504e-26,4.325485128028481e-26,4.6306836812108456e-26,4.6306836836546106e-26,4.6306836836546066e-26,4.630682263227859e-26,4.13471373060944e-26,4.134713730609439e-26,4.134713730624398e-26,4.134714214945109e-26,4.1347142149451356e-26,3.0930807202367013e-26,3.093080631430752e-26,3.093045054795228e-26,3.0930451926193447e-26,3.093013758009174e-26,3.0930138949544345e-26,3.0930138949544345e-26,3.0930080465915193e-26,3.09300804659152e-26,3.093006145297034e-26,3.0930061452958355e-26,3.092948746539846e-26,3.092948753190272e-26,3.0830154419394563e-26,3.083043483957993e-26,3.083043483957994e-26,3.083013234573385e-26,3.0830132362731964e-26,3.0830128363191185e-26,3.0830128385181814e-26,3.083012838518182e-26,3.08301283851818e-26,3.08301283851818e-26,3.083049203376282e-26,2.8653386441339055e-26,2.865336183797177e-26,2.865467062594788e-26,2.865467062594786e-26,2.865510562106608e-26,2.865510855040433e-26,2.865277993583911e-26,2.865274167730762e-26,2.865274167730762e-26,5.0144986098455337e-26,5.0145088124793596e-26,5.013872858184284e-26,5.0138731357297094e-26,5.0134796917766837e-26,5.0134814274613484e-26,5.0341879855939006e-26,5.0338656616985146e-26,5.040097053532394e-26,5.040066494651768e-26,5.039732462512205e-26,5.039712183617246e-26,5.039712183617247e-26,5.0379360344888695e-26,5.037936034246501e-26,5.0379359854122157e-26,5.037935985412214e-26,5.063015502956033e-26,5.063015502956033e-26,5.063015505274654e-26,5.063041344317705e-26,5.063041447668133e-26,5.063037696696283e-26,5.0630376966962817e-26,5.0630376966962834e-26,5.062857670580316e-26,5.0628591092037627e-26,5.0628591096563636e-26,5.062849024540855e-26,5.0628512107273246e-26,5.0628512101058474e-26,5.0628512101058457e-26,5.062851210105846e-26,5.062851261296231e-26,5.0628500932182487e-26,8.896605834203843e-26,8.892942407907051e-26,8.892938030551066e-26,8.892938022436292e-26,8.892938022364768e-26,8.89293803739586e-26,8.892938037323095e-26,8.892938037322433e-26,8.892938105393736e-26,8.892938112820401e-26,8.892938095925202e-26,8.892938200279826e-26,8.89293820035217e-26,8.892938200479769e-26,8.892938200479772e-26,8.892938137664823e-26,8.892938137664634e-26,8.892938137668056e-26,8.892938792602966e-26,8.892938792602965e-26,8.892938792602962e-26,8.892938796293549e-26,8.892938789948656e-26,8.892938789811973e-26,8.892938879108988e-26,8.89293887910899e-26,8.892938879121159e-26,8.892938864801137e-26,8.892938864802033e-26,8.892938864749079e-26,8.892938832504332e-26,8.892938832313545e-26,8.892938846373624e-26,8.892938846375366e-26,8.892938775636558e-26,8.892938776910592e-26,8.892938776926072e-26,8.892938774787082e-26,8.892938774815964e-26,8.892938774815964e-26,8.892938778116195e-26,8.892938777050339e-26,8.892938776692884e-26,8.892938769233079e-26,8.892938769528922e-26,8.892938769528921e-26,8.892938750819061e-26,8.892938750819064e-26,8.892938750949987e-26,8.892938750949992e-26,8.892938750949992e-26,8.892938751119419e-26,8.892938751119419e-26,8.892938751297793e-26,8.892938743039173e-26,8.892938743039174e-26,8.892938743054877e-26,8.892938743054832e-26,8.892938584139195e-26,8.892938589267743e-26,8.89293857722226e-26,8.892938643470421e-26,8.892938643447855e-26,8.892938643516738e-26,8.892938643516738e-26,8.892938635955407e-26,8.892938635955402e-26,8.892938635955738e-26,8.892938635882124e-26,8.892938597848882e-26,8.892938598302727e-26,8.892938598302727e-26,8.892938598089939e-26,8.892938605971221e-26,8.892938605971221e-26,8.892938605608369e-26,8.892938630175161e-26,8.89293863017516e-26,8.892938630175161e-26,8.892938630175157e-26,8.892938623085014e-26,8.892938622097219e-26,8.892938621112948e-26,8.892938621112945e-26,8.892938621113093e-26,8.892938621113095e-26,8.892938622130005e-26,8.892938622509319e-26,8.892938622509318e-26,8.892938622509316e-26,8.892938622509319e-26,8.892938622703635e-26,8.892938619083547e-26,8.892938617796403e-26,8.892938617814586e-26,8.892938620588799e-26,8.892938620588803e-26,8.8929386205888e-26,8.8929386205888e-26,8.892938620572189e-26,8.89293862057219e-26,8.892938620592526e-26,8.892938616744712e-26,8.892938616744712e-26,8.89293861674462e-26,8.89293812112247e-26,8.892938120120673e-26,8.892938120104067e-26,8.892938120104069e-26,8.892938186977222e-26,8.892938187034308e-26,8.892938153060113e-26,8.89293816713764e-26,8.892938072147832e-26,8.892938072147836e-26,8.89293806775109e-26,8.892938066298156e-26,8.892938066298175e-26,8.892938066531104e-26,8.892938071254278e-26,8.892938043529482e-26,8.892938043529484e-26,8.892938043539892e-26,8.892938043539892e-26,8.892938043536048e-26,8.892938041127169e-26,8.89293804112717e-26,8.892938041177758e-26,8.892938041177753e-26,8.892938041177752e-26,8.892938034469351e-26,8.89293808458453e-26,8.892938084584528e-26,8.892938084584532e-26,8.892938084584525e-26,8.892938084344112e-26,8.89293808392567e-26,8.892938017451577e-26,8.892938011978021e-26,8.892938011965e-26,8.89293801243279e-26,8.892938012417684e-26,8.892938003939812e-26,8.8929380116104e-26,8.89293801161202e-26,8.892938011604346e-26,8.892938012071201e-26,8.892937301018706e-26,8.892937300809557e-26,8.892937300809557e-26,8.892937310204117e-26,8.89293731530326e-26,8.892937315303267e-26,8.892937314847933e-26,8.892937315406983e-26,8.892937315406988e-26,8.892937315406987e-26,8.892937315407093e-26,8.892937318596197e-26,8.892937329722731e-26,8.89293732956056e-26,8.892937334112073e-26,8.892937334112071e-26,8.892937334160227e-26,8.89293730813202e-26,8.892937307632817e-26,8.892937308147192e-26,8.892937308147192e-26,8.892937305779746e-26,8.892937307395203e-26,8.892937307378232e-26,8.892937307377155e-26,8.892935174465668e-26,8.892935174623979e-26,8.892935174297811e-26,8.892935175121928e-26,8.892935175217162e-26,8.892935175217166e-26,8.892935175217166e-26,8.892935174248422e-26,8.892935177606997e-26,8.89293517745073e-26,8.892935178006118e-26,8.892935178006116e-26,8.892935183231069e-26,8.892935170437967e-26,8.892935170577081e-26,8.892935175029065e-26,8.892935175758506e-26,8.892935000188118e-26,8.892935000213915e-26,8.892935000213911e-26,8.892935000213919e-26,8.892935000213919e-26,8.892935028701368e-26,8.892935028701366e-26,8.892935028701052e-26,8.892935039012386e-26,8.89293503906279e-26,8.892935039370308e-26,8.892935039370306e-26,8.892935039335914e-26,8.892935039334589e-26,8.892935039067033e-26,8.892935039185496e-26,8.892935039185499e-26,8.892935038766821e-26,8.89293495688526e-26,8.892934956885266e-26,8.89293495688525e-26,8.892934956888052e-26,8.892934957587097e-26,8.892934957587102e-26,8.892934957586933e-26,8.892934951536859e-26,8.892934947510814e-26,8.892934947510814e-26,8.892934947510814e-26,8.892934947503609e-26,8.892934947503608e-26,8.892934947503681e-26,8.892934945917369e-26,8.89293497309296e-26,8.892934978387119e-26,8.89293497838712e-26,8.892934977539245e-26,8.892934977824367e-26,8.892934977824367e-26,8.892934918193512e-26,8.89293492100841e-26,8.892934921008411e-26,8.892934921008408e-26,8.892934920123233e-26,8.892934977187337e-26,8.892934987996854e-26,8.892934974482077e-26,8.892934970067723e-26,8.892934970067716e-26,8.892933038520125e-26,8.892933038520131e-26,8.892933038517354e-26,8.892933038517105e-26,8.892932835158533e-26,8.89293283515853e-26,8.892932835394848e-26,8.892932835394853e-26,8.892932835394852e-26,8.892931875686959e-26,8.892931875693694e-26,8.892931850348316e-26,8.892931850348315e-26,8.892931850348301e-26,8.892931850358272e-26,8.892931834556829e-26,8.89293183475167e-26,8.892931834632918e-26,8.892931834175814e-26,8.892931834119995e-26,8.892931832999577e-26,8.892931832999578e-26,8.892931832999579e-26,8.892931832008198e-26,8.892931832008213e-26,8.892931832008213e-26,8.892931832008215e-26,8.892932015074631e-26,8.892932018441478e-26,8.892932019705109e-26,8.892932019930314e-26,8.892932020289835e-26,8.892932020289835e-26,8.892932020307166e-26,8.892932246313373e-26,8.892937503536102e-26,8.892937503536091e-26,8.892937503535694e-26,8.892937518461606e-26,8.892941672830796e-26,8.892941631093656e-26,8.892941638715102e-26,8.892941638715097e-26,8.892941638715099e-26,8.892941813171142e-26,8.892941813171142e-26,8.892941813171142e-26,8.892941819585029e-26,8.892941819585028e-26,8.892941819652913e-26,8.892941819780264e-26,8.892941819784999e-26,8.89294181972326e-26,8.892941823836917e-26,8.892941866091424e-26,8.892941866091436e-26,8.892941940249662e-26,8.892941940634912e-26,8.892941939150396e-26,8.892942008433732e-26,8.892942006572781e-26,8.892944040982525e-26,8.892944040560665e-26,8.892944027148311e-26,8.892944027147912e-26,8.892944027147918e-26,8.892944031950499e-26,8.892944031867697e-26,8.892944028035206e-26,8.892944027750327e-26,8.892944027805347e-26,8.89294402757231e-26,8.892944027572307e-26,8.8929440277332e-26,8.892944026026255e-26,8.892944026026509e-26,8.892944013127357e-26,8.89294401312736e-26,8.89294401312736e-26,8.892944000472755e-26,8.89294400056708e-26,8.892944000570209e-26,8.892944000540411e-26,8.892944000234012e-26,8.89294400023603e-26,8.892943882691766e-26,8.892943178609606e-26,8.892943166230648e-26,8.892943166983934e-26,8.892943163379365e-26,8.89294316337936e-26,8.892943188589755e-26,8.892943188568689e-26,8.892943146245974e-26,8.892943156744161e-26,8.89294315673697e-26,8.892943200711021e-26,8.89294318009281e-26,8.892943176698931e-26,8.892943176702908e-26,8.89294317670928e-26,8.892942872101126e-26,8.892942870316744e-26,8.892942874123432e-26,8.892942874123148e-26,8.892942874058071e-26,8.8929452472744e-26,8.892945273199403e-26,8.892960390891726e-26,8.892960411407702e-26,8.892961549551966e-26,8.892961551724944e-26,8.892961551724928e-26,8.892961552163606e-26,8.892961549848916e-26,8.89296154918159e-26,8.892961549181591e-26,8.892961562730619e-26,8.892961562731575e-26,8.892961562264132e-26,8.892961562264129e-26,8.892961562265668e-26,8.892961584457021e-26,8.892961584457715e-26,8.892961589667284e-26,8.892961589667289e-26,8.89296158949541e-26,8.892961586864032e-26,8.892961586825279e-26,8.892961586889225e-26,8.89296158687814e-26,8.892961586863487e-26,8.892961586863571e-26,8.892961586863571e-26,8.892961586872833e-26,8.892961586701607e-26,8.892961586691844e-26,8.892961585390912e-26,8.892961585548733e-26,8.89296158549975e-26,8.89296158548976e-26,8.89296086705165e-26,8.892960867051647e-26,8.892960867051647e-26,8.892960867051661e-26,8.892960867051661e-26,8.89296086703421e-26,8.89296086488464e-26,8.89296086489271e-26,8.892960864892714e-26,8.892960864892681e-26,8.892960859503411e-26,8.892963164561377e-26,8.892964149684096e-26,8.892964218324678e-26,8.892964218324681e-26,8.892964218323817e-26,8.892964218452625e-26,8.892964218452624e-26,8.892964218451708e-26,8.892964221739965e-26,8.892964594175178e-26,8.892964594175177e-26,8.892964593229721e-26,8.892964593230857e-26,8.892964592827031e-26,8.892964565279923e-26,8.892964565740433e-26,8.892964566565363e-26,8.8929645397353e-26,8.89296455385546e-26,8.892964999531701e-26,8.89296499953396e-26,8.892964999533978e-26,8.892964999534116e-26,8.892964999534102e-26,8.892964999533893e-26,8.892964999533932e-26,8.892964999267617e-26,8.892964999235666e-26,8.892965010167789e-26,8.89296501930329e-26,8.892964931223914e-26,8.892964663887386e-26,8.892964665042249e-26,8.892964665041163e-26,8.8929647330871e-26,8.892964733799316e-26,8.892964733799336e-26,8.892964733799044e-26,8.89296473119624e-26,8.892964731191933e-26,8.892964731191985e-26,8.892964731144143e-26,8.892964673418442e-26,8.892964673418413e-26,8.892964688260692e-26,8.892964688256732e-26,8.892964688348749e-26,8.892964688325963e-26,8.892964688699304e-26,8.892964687450117e-26,8.892964688307592e-26,8.892964688308354e-26,8.892964688308359e-26,8.892964688111808e-26,8.89296468669084e-26,8.89296468669084e-26,8.892964685538558e-26,8.892964685538554e-26,8.892964677282899e-26,8.892964043726208e-26,8.892964044409063e-26,8.892964041849792e-26,8.892964041849791e-26,8.892964041897657e-26,8.892964041633688e-26,8.892964041633687e-26,8.892964041633693e-26,8.892964041595913e-26,8.89296404159831e-26,8.892964041598308e-26,8.89296404159831e-26,8.89296404723785e-26,8.892964051550905e-26,8.89296405147526e-26,8.892964075432557e-26,8.892964075438152e-26,8.892964075438154e-26,8.892964075438875e-26,8.892964075609424e-26,8.892964075786222e-26,8.892964075855773e-26,8.892964074654438e-26,8.892964074856021e-26,8.892964074894547e-26,8.892964074887023e-26,8.892964285187877e-26,8.892964285187879e-26,8.892964284640611e-26,8.89296428464061e-26,8.892964284640717e-26,8.892964284067354e-26,8.892964284126686e-26,8.892964284126686e-26,8.892964284830361e-26,8.89296427454671e-26,8.892964274546711e-26,8.892964274546708e-26,8.89296427718676e-26,8.892964277414862e-26,8.892964722124145e-26,8.892964722124121e-26,8.892964723858521e-26,8.89296472385852e-26,8.892964723848937e-26,8.892964723848937e-26,8.892964723815571e-26,8.892964723815572e-26,8.892964723662224e-26,8.892960571461134e-26,8.892960574736761e-26,8.892960574860792e-26,8.892960574538145e-26,8.892960574357375e-26,8.892960566900885e-26,8.892960561294637e-26,8.892960561502621e-26,8.892960559651369e-26,8.892960560332017e-26,8.892960564846764e-26,8.892960556648563e-26,8.892960554576913e-26,8.892960554551123e-26,8.89296055882571e-26,8.892960558830342e-26,8.89296054973966e-26,8.892960549739666e-26,8.89296055596312e-26,8.892960562999686e-26,8.89296056330155e-26,8.89296056916839e-26,8.892963035422087e-26,8.892963034236893e-26,8.892963035288492e-26,8.892963135196538e-26,8.892963119642799e-26,8.892963119661213e-26,8.892963119661358e-26,8.892963121665448e-26,8.892963121326592e-26,8.892963191523291e-26,8.892963191513475e-26,8.892963293224375e-26,8.892963296037032e-26,8.89296329603703e-26,8.892963295879072e-26,8.892963296118526e-26,8.892963295576189e-26,8.892963295576038e-26,8.892963297138375e-26,8.892963297138535e-26,8.8929632971554e-26,8.892963297155551e-26,8.892963290034639e-26,8.892963290033773e-26,8.892963318655101e-26,8.892963287042828e-26,8.892963284445139e-26,8.892963283390353e-26,8.892963283920414e-26,8.892963286884403e-26,8.892963287349585e-26,8.892963287349593e-26,8.892963276600512e-26,8.892963276600513e-26,8.892963382531083e-26,8.892963272286483e-26,8.892963274199409e-26,8.892963274317369e-26,8.892963348586683e-26,8.892963348582797e-26,8.892963348582449e-26,8.892963339629275e-26,8.892963340143295e-26,8.892963341747065e-26,8.892963341747069e-26,8.892963341747067e-26,8.89296334177902e-26,8.89296334177902e-26,8.892963341684073e-26,8.892963342238822e-26,8.892963344087165e-26,8.892963349008017e-26,8.892963343405339e-26,8.892963343431252e-26,8.892963343431356e-26,8.892963341830067e-26,8.892963313513138e-26,8.892963308458036e-26,8.892963306632502e-26,8.892963225078868e-26,8.892963225078805e-26,8.892963224705541e-26,8.89296322229943e-26,8.892963222058292e-26,8.8929632231907e-26,8.89296322336043e-26,8.892963223288408e-26,8.892963220165353e-26,8.892963219768375e-26,8.892963219530289e-26,8.892963169442328e-26,8.892963169442328e-26,8.892963169442328e-26,8.892963169442327e-26,8.892963169397472e-26,8.892963168861398e-26,8.892963159359878e-26,8.892963159359878e-26,8.892963150953891e-26,8.892963150969614e-26,8.892963150969615e-26,8.892963150064094e-26,8.892963153380918e-26,8.892963153380917e-26,8.892963156786471e-26,8.89296315677412e-26,8.892963153035019e-26,8.892963232670227e-26,8.89296323353781e-26,8.892963050530249e-26,8.892963050284681e-26,8.892963972081454e-26,8.892963973114514e-26,8.89296397233597e-26,8.892963970008524e-26,8.89296418839883e-26,8.892964165261356e-26,8.892964165261351e-26,8.892964165261388e-26,8.892964163757034e-26,8.892964149668893e-26,8.892964149235762e-26,8.892964149752562e-26,8.89296414975256e-26,8.892964149752549e-26,8.892964149756158e-26,8.892964149017734e-26,8.892964093413256e-26,8.892964094522729e-26,8.892964250506167e-26,8.892964250506168e-26,8.89296425050616e-26,8.89296425050616e-26,8.892960866556718e-26,8.89296086655661e-26,8.892960866151414e-26,8.892960866151416e-26,8.892960863044163e-26,8.892960863046458e-26,8.892960927113558e-26,8.892960911138706e-26,8.892960911023132e-26,8.892960911023135e-26,8.892960911023134e-26,8.892961116086126e-26,8.892961111006115e-26,8.892961111006084e-26,8.892961089810711e-26,8.892961273086693e-26,8.892961273086766e-26,8.892961273086765e-26,8.892961273579763e-26,8.892961273849762e-26,8.892961274432938e-26,8.892961294929841e-26,8.892961297009783e-26,8.892961333712553e-26,8.892961333712552e-26,8.892961333712551e-26,8.892961333712554e-26,8.892961333712556e-26,8.892961333712556e-26,8.892961333712557e-26,8.892961333712829e-26,8.8929613337964e-26,8.892961337176038e-26,8.892961383042663e-26,8.892961383042664e-26,8.892962035387375e-26,8.892962035387376e-26,8.892962036250282e-26,8.892962035852509e-26,8.892962024478891e-26,8.892962065914275e-26,8.892962011503044e-26,8.892962024926014e-26,8.89296202054346e-26,8.892962020542416e-26,8.892962020542415e-26,8.89296200345782e-26,8.892962013083246e-26,8.892962013083231e-26,8.892962015518632e-26,8.89296201471418e-26,8.892962014715932e-26,8.892962013780147e-26,8.892962013814106e-26,8.89296201146602e-26,8.892961993877795e-26,8.892961998883429e-26,8.892962063345911e-26,8.892962305170726e-26,8.892962303669434e-26,8.892962303669438e-26,8.892964086865425e-26,8.892964086865424e-26,8.892964085863051e-26,8.89296408375788e-26,8.892964037554138e-26,8.892964037554135e-26,8.892964037554138e-26,8.892964036922707e-26,8.892964036922707e-26,8.892964037377971e-26,8.892964037780483e-26,8.892964037780481e-26,8.892963994356256e-26,8.89296399435626e-26,8.892964450149002e-26,8.892964450167441e-26,8.892964530879696e-26,8.892964530879758e-26,8.892964078760592e-26,8.892964078760535e-26,8.892963901087552e-26,8.892963901088139e-26,8.892963901088137e-26,8.89296285577796e-26,8.892962855777921e-26,8.892962856638042e-26,8.892962855352623e-26,8.892962855353381e-26,8.892962855415308e-26,8.892962855398017e-26,8.892962855396905e-26,8.892962853428414e-26,8.892962854629361e-26,8.892962854629365e-26,8.892962857743561e-26,8.892962857743553e-26,8.892962860485692e-26,8.892962769536724e-26,8.892962769536724e-26,8.89296276953657e-26,8.892962769736599e-26,8.892962769736598e-26,8.892962902799956e-26,8.892962902799954e-26,8.892962889429139e-26,8.892962359477521e-26,8.892962359477523e-26,8.892962353197082e-26,8.8929623465822e-26,8.892962108155558e-26,8.892962112127243e-26,8.892962112127245e-26,8.89296211217147e-26,8.892962112020277e-26,8.892962112020285e-26,8.892962111981742e-26,8.892962112785483e-26,8.892962112785485e-26,8.892962108803305e-26,8.892962166950008e-26,8.892962168784066e-26,8.892962168784063e-26,8.892962168784062e-26,8.892962168811106e-26,8.892962168812105e-26,8.89296216537464e-26,8.892962168100174e-26,8.892962312688633e-26,8.892962312687726e-26,8.892962312634891e-26,8.892962311974394e-26,8.892962312101694e-26,8.8929623121017e-26,8.892962312302024e-26,8.892962312183753e-26,8.892962305588887e-26,8.892962305588885e-26,8.892962305588886e-26,8.892962303564994e-26,8.892962426254466e-26,8.892962426860474e-26,8.892962426878627e-26,8.892962426878214e-26,8.892962423815994e-26,8.89296235769092e-26,8.892962356807667e-26,8.892962357001383e-26,8.892962357001214e-26,8.892962357001417e-26,8.892962357001417e-26,8.892962330446478e-26,8.892962329295942e-26,8.892962457543412e-26,8.892962457543412e-26,8.892962460275098e-26,8.892962460395505e-26,8.892962460387495e-26,8.892962451022935e-26,8.89296245102292e-26,8.892962449270252e-26,8.892962278248028e-26,8.892962283704601e-26,8.892962283704597e-26,8.892954804591664e-26,8.892954817101527e-26,8.892954817101532e-26,8.892954817101533e-26,8.892954817101531e-26,8.892954816675302e-26,8.892954820858214e-26,8.892954820858217e-26,8.892954819859847e-26,8.892954819360739e-26,8.892954829657753e-26,8.892954831014947e-26,8.892954831348647e-26,8.892954831348646e-26,8.892954827005198e-26,8.89295484004399e-26,8.892954837912772e-26,8.892954837919331e-26,8.892954850743782e-26,8.89295485074161e-26,8.892954843548757e-26,8.892954836297047e-26,8.892954836425652e-26,8.892954840959844e-26,8.892954834227047e-26,8.892960577003842e-26,8.892960577003855e-26,8.892960582405643e-26,8.892960599372196e-26,8.892960634863334e-26,8.892960635070445e-26,8.892960637886077e-26,8.892960647793546e-26,8.892960647899058e-26,8.89296064789776e-26,8.892961253288173e-26,8.89296125519955e-26,8.892961655511403e-26,8.892961657401995e-26,8.89296181826767e-26,8.892961779617867e-26,8.892961779617868e-26,8.89296177961787e-26,8.892961650895829e-26,8.892961650895832e-26,8.892962651386735e-26,8.892963532417792e-26,8.892963535046339e-26,8.892963533404176e-26,8.892963551266854e-26,8.892963551524962e-26,8.892962891642881e-26,8.892962891642897e-26,8.892962899400398e-26,8.892962899400399e-26,8.892962899400398e-26,8.892964649905772e-26,8.892964649848578e-26,8.892964649848568e-26,8.89296463462918e-26,8.892964634719913e-26,8.89296469676307e-26,8.892964697129856e-26,8.892964681117652e-26,8.892963884538767e-26,8.89296388453872e-26,8.892963908734331e-26,8.89296390873438e-26,8.892963720475073e-26,8.892963720475073e-26,8.892963757510237e-26,8.892963758165441e-26,8.892963761966577e-26,8.892963761965056e-26,8.892963761965053e-26,8.892963761749178e-26,8.892963796778196e-26,8.892963796771748e-26,8.892963796922257e-26,8.892963793451006e-26,8.892963764615254e-26,8.892963764374672e-26,8.892963764318015e-26,8.892963764358593e-26,8.892963747457795e-26,8.892963749392617e-26,8.892963748043008e-26,8.892963748041901e-26,8.8929637481982e-26,8.892963747805774e-26,8.892963747377034e-26,8.892963747377043e-26,8.892963746990104e-26,8.892963746990101e-26,8.892963739808577e-26,8.89296371704951e-26,8.892963735735083e-26,8.892963735735076e-26,8.892963728225901e-26,8.892963728225896e-26,8.892963729536214e-26,8.892963120404078e-26,8.892963120404078e-26,8.892963120404082e-26,8.892963115623897e-26,8.892963115623895e-26,8.892963114388344e-26,8.892963121217349e-26,8.892963121217349e-26,8.892963119819201e-26,8.892963118247946e-26,8.892963203421631e-26,8.892963303931278e-26,8.892963303931278e-26,8.892963242344744e-26,8.892963243486817e-26,8.89296325868861e-26,8.892963261440808e-26,8.892963259145766e-26,8.892963259145799e-26,8.892963258399641e-26,8.892963258399645e-26,8.892963259985375e-26,8.892963262098553e-26,8.892963262093757e-26,8.892963297855722e-26,8.89296235507335e-26,8.892962134225991e-26,8.892962136046503e-26,8.892962135730318e-26,8.892962118868854e-26,8.892962117134375e-26,8.892962117134379e-26,8.892962117256332e-26,8.892962117334282e-26,8.892962117334252e-26,8.892962057795213e-26,8.892962048349392e-26,8.892961551411481e-26,8.892961551411477e-26,8.892961551662257e-26,8.892961420720049e-26,8.892961420815374e-26,8.892961293002008e-26,8.892961292681374e-26,8.892961293246687e-26,8.892961298514864e-26,8.892961298873706e-26,8.89296130199694e-26,8.892961301996932e-26,8.892961301996803e-26,8.892961301996802e-26,8.892961408948419e-26,8.892961361936174e-26,8.892963617391198e-26,8.892963616001767e-26,8.892968140901728e-26,8.89296811358089e-26,8.892972406324354e-26,8.892971885886219e-26,8.892971756804026e-26,8.892971759297978e-26,8.892971759297982e-26,8.892971759297977e-26,8.892971752403079e-26,8.892971742689978e-26,8.892971742689984e-26,8.892971944355143e-26,8.892971936752372e-26,8.892971904301024e-26,8.892971908032018e-26,8.892971908032015e-26,8.892971907973834e-26,8.892971908016409e-26,8.892971888351837e-26,8.892971888351836e-26,8.89297188835186e-26,8.892971888774522e-26,8.892973545426908e-26,8.892973545426905e-26,8.892973502714512e-26,8.892973502413798e-26,8.892973502928096e-26,8.892973502928095e-26,8.892973573450971e-26,8.892973573416621e-26,8.892973573416619e-26,8.892973573552111e-26,8.89297357355785e-26,8.892973594377012e-26,8.892973592021091e-26,8.89297359202109e-26,8.892973581504088e-26,8.89297376230846e-26,8.892973639988325e-26,8.892973677401271e-26,8.892973676474325e-26,8.892973651064228e-26,8.892973651093253e-26,8.892973651093258e-26,8.89297365520582e-26,8.892973655581743e-26,8.892976248615139e-26,8.892976248827424e-26,8.892976248827427e-26,8.892976248827478e-26,8.892976249166491e-26,8.892976252443169e-26,8.89297625241283e-26,8.892976252415649e-26,8.89297625241558e-26,8.892976252537077e-26,8.892976252537078e-26,8.892976674586779e-26,8.892976676166574e-26,8.892976676166588e-26,8.892976638601833e-26,8.892976521787055e-26,8.892976399895769e-26,8.892976399124485e-26,8.892976399124524e-26,8.892976399132877e-26,8.892976399132873e-26,8.892976399132895e-26,8.892976399132895e-26,8.892976395215499e-26,8.892976395209736e-26,8.89297637737181e-26,8.892976377372029e-26,8.892976375349077e-26,8.892976375349072e-26,8.892976375373567e-26,8.892976375982209e-26,8.892976376560203e-26,8.892976376246637e-26,8.892976376246632e-26,8.892976364341231e-26,8.892976364246797e-26,8.892976364246794e-26,8.892976363450175e-26,8.892976362894965e-26,8.892976362897175e-26,8.892976362843088e-26,8.89297636284309e-26,8.892974508096885e-26,8.89297463667207e-26,8.892974642941045e-26,8.892974643018428e-26,8.892974202252205e-26,8.892974474084817e-26,8.892974406979519e-26,8.892974415795948e-26,8.892974485427735e-26,8.892974743581911e-26,8.892974738685884e-26,8.892974738684797e-26,8.892974736918096e-26,8.89297504685163e-26,8.892975046939668e-26,8.89297504210494e-26,8.892975019985994e-26,8.892975019985993e-26,8.892975112697427e-26,8.892975113494824e-26,8.892975113672269e-26,8.892975113672267e-26,8.89297510309104e-26,8.89297526118638e-26,8.89297526202884e-26,8.892975230936963e-26,8.892975231022512e-26,8.892975041927602e-26,8.892975041612535e-26,8.892975041612539e-26,8.892975038528052e-26,8.892975034936515e-26,8.892975034932175e-26,8.892975035283004e-26,8.892975084818267e-26,8.892975084818277e-26,8.892975084818275e-26,8.892975057321887e-26,8.892975058696757e-26,8.892975062324803e-26,8.892975023476558e-26,8.892975043312033e-26,8.892975043306993e-26,8.892974889753784e-26,8.892974819516906e-26,8.892974819502389e-26,8.892974819460587e-26,8.892974823027375e-26,8.892974830587416e-26,8.892974836061366e-26,8.892974836061429e-26,8.892974685098567e-26,8.892974697856905e-26,8.892974697866074e-26,8.892974697866062e-26,8.892974697860947e-26,8.892974647203034e-26,8.892974647202468e-26,8.892974647163703e-26,8.892974648122685e-26,8.892974646784048e-26,8.892974660823407e-26,8.892974664527573e-26,8.89297466388202e-26,8.892974689357122e-26,8.892974686925976e-26,8.89297468967014e-26,8.892973261414196e-26,8.892973199479318e-26,8.892973205189075e-26,8.89295733537673e-26,8.892957335376729e-26,8.892957335376776e-26,8.892957958766315e-26,8.892957959770768e-26,8.892957959770656e-26,8.89295704998685e-26,8.892954655325472e-26,8.892954652878889e-26,8.892954652878887e-26,8.892954652878885e-26,8.892954652091346e-26,8.892954667548514e-26,8.892954668590664e-26,8.892954556849416e-26,8.892954561150672e-26,8.892954561148582e-26,8.892954561148584e-26,8.892954561148955e-26,8.892954560788047e-26,8.89295456530621e-26,8.892954562834522e-26,8.89295456283452e-26,8.892954562834522e-26,8.892954566260532e-26,8.892954566260563e-26,8.892953005367003e-26,8.892953005366987e-26,8.892952825630828e-26,8.892952720770104e-26,8.892952720770098e-26,8.892952720770147e-26,8.892952720756391e-26,8.892952724355918e-26,8.892952711738054e-26,8.892952711737347e-26,8.892952711737344e-26,8.892952711737342e-26,8.892952711739691e-26,8.892952711708121e-26,8.892952718710197e-26,8.892952718712626e-26,8.892952718716949e-26,8.892952718848588e-26,8.892952715226648e-26,8.892952715554227e-26,8.892952716443358e-26,8.89295271223502e-26,8.892952707739203e-26,8.892952707467932e-26,8.8929527033148e-26,8.89295270331504e-26,8.892952703591515e-26,8.892952712936295e-26,8.892952703885292e-26,8.892952775102016e-26,8.892952775096283e-26,8.892952775271428e-26,8.8929527751696e-26,8.892952775089995e-26,8.892952717962206e-26,8.892952719566598e-26,8.892952719566598e-26,8.892952719229425e-26,8.892952719229426e-26,8.892952719473035e-26,8.892952719473035e-26,8.892952722707823e-26,8.892952722707824e-26,8.892952907534812e-26,8.892952904731894e-26,8.892952904731907e-26,8.892952904731909e-26,8.892952904617787e-26,8.892952904648727e-26,8.892952905365023e-26,8.892952906646662e-26,8.892952906638522e-26,8.892952905791772e-26,8.892952906042994e-26,8.892952905989138e-26,8.892952897627004e-26,8.892952815620463e-26,8.892952815641546e-26,8.892952815830715e-26,8.892952816007157e-26,8.892952815995623e-26,8.892952815955958e-26,8.892952870005804e-26,8.892952877350671e-26,8.892952877647915e-26,8.892952873716842e-26,8.89295283634555e-26,8.892952836151439e-26,8.892952820000211e-26,8.892952819932226e-26,8.892951722563862e-26,8.892951722563865e-26,8.892951730048572e-26,8.892951730135158e-26,8.892951776455082e-26,8.892953953910704e-26,8.892953950417137e-26,8.89295386012263e-26,8.892953860505673e-26,8.89297093435672e-26,8.892970937396654e-26,8.892968164181191e-26,8.892968164675614e-26,8.892968164641157e-26,8.892968164523907e-26,8.8929681643491e-26,8.892968293007144e-26,8.892968172353719e-26,8.892967883891749e-26,8.892967882595405e-26,8.892967882599364e-26,8.892967882458927e-26,8.892967882470258e-26,8.89296789766484e-26,8.892969355148355e-26,8.892969355148356e-26,8.892970381746219e-26,8.892970381746214e-26,8.892970381747057e-26,8.892973623045293e-26,8.892973623241402e-26,8.892973660589587e-26,8.892973656763353e-26,8.892973656788465e-26,8.892973656403547e-26,8.892972719449307e-26,8.892972706786752e-26,8.892972708170911e-26,8.892972708242056e-26,8.892972708242055e-26,8.892972708617654e-26,8.892972708665599e-26,8.892972708683529e-26,8.892972710456458e-26,8.89297272082751e-26,8.892972720369266e-26,8.892972724329501e-26,8.892972753169096e-26,8.89297275774472e-26,8.892972757735158e-26,8.892972757741432e-26,8.892972757741448e-26,8.892972757863416e-26,8.892972757865091e-26,8.892972757366871e-26,8.892969591241857e-26,8.892969591590984e-26,8.892969591366209e-26,8.892969591881599e-26,8.892969591770437e-26,8.892969591796557e-26,8.892969592180291e-26,8.892969591964322e-26,8.892969591268611e-26,8.892969602287826e-26,8.892969634378309e-26,8.892969634127144e-26,8.892969632393086e-26,8.89296963232093e-26,8.892969632855457e-26,8.892969632855455e-26,8.892969632853999e-26,8.892970566414161e-26,8.892970566414154e-26,8.892970501804177e-26,8.892971763025639e-26,8.892971761871393e-26,8.892971761693183e-26,8.892971771491551e-26,8.892971771963297e-26,8.892971773873543e-26,8.892972131606944e-26,8.89297213150771e-26,8.892972131507572e-26,8.892972514333764e-26,8.892993597170874e-26,8.892993603587523e-26,8.89299360358723e-26,8.892993560102543e-26,8.892993562585031e-26,8.892993564967154e-26,8.892993567343427e-26,8.892993567132552e-26,8.892992900149688e-26,8.892994473404302e-26,8.892994473120192e-26,8.892994468360214e-26,8.892994468360227e-26,8.892994462274193e-26,8.892994457959388e-26,8.892994451082625e-26,8.892994451074402e-26,8.892994451573726e-26,8.892994451581138e-26,8.892994523912469e-26,8.892994523915574e-26,8.892994523915576e-26,8.892994524007108e-26,8.892994524322243e-26,8.892994525764764e-26,8.89299452410134e-26,8.892994524101341e-26,8.892994524079122e-26,8.892994524079121e-26,8.892994524082435e-26,8.892994524072168e-26,8.892994523960864e-26,8.892994583071738e-26,8.892994583160612e-26,8.892994583160615e-26,8.892994583160617e-26,8.892994583160608e-26,8.892994583067531e-26,8.89299458306524e-26,8.89299458306524e-26,8.892994593090875e-26,8.892994593090874e-26,8.892994407346003e-26,8.892994406521007e-26,8.892994406362278e-26,8.892994406495788e-26,8.892994406495778e-26,8.89299441520057e-26,8.892994414256308e-26,8.892993878924803e-26,8.892993879954169e-26,8.89299387995417e-26,8.89299387995416e-26,8.892993861599094e-26,8.8929938615178e-26,8.892993861517803e-26,8.892993868993498e-26,8.892993868993502e-26,8.892993677421273e-26,8.892991645441816e-26,8.89299164952439e-26,8.892991659315211e-26,8.892993378204223e-26,8.892993378202873e-26,8.892993378193696e-26,8.892993378577166e-26,8.892993955750907e-26,8.892993950722072e-26,8.89299395173005e-26,8.89299393720797e-26,8.892991491796678e-26,8.89299420829999e-26,8.892994205028751e-26,8.892994276179991e-26,8.892994372205623e-26,8.892994372205624e-26,8.892994372206605e-26,8.892994372206605e-26,8.892994406330123e-26,8.892994408165691e-26,8.892994407383266e-26,8.892994407383262e-26,8.892994407383263e-26,8.892994407383263e-26,8.892994407783881e-26,8.89299440778388e-26,8.892994407783987e-26,8.89299440575481e-26,8.892994408039857e-26,8.892994385686652e-26,8.892994385440564e-26,8.892994385265439e-26,8.892994346474246e-26,8.892994818244164e-26,8.892994818187641e-26,8.892994818187639e-26,8.892994117268067e-26,8.892994131795606e-26,8.892994131795708e-26,8.892993917260451e-26,8.892993917260448e-26,8.892993917260451e-26,8.892993919756164e-26,8.892993894957717e-26,8.8929938948762e-26,8.892994187011024e-26,8.892994187572392e-26,8.892992606954561e-26,8.892992605941352e-26,8.892992602931652e-26,8.892992602636496e-26,8.892992599176648e-26,8.892992340915037e-26,8.892989885785834e-26,8.892987007395536e-26,8.892987007396817e-26,8.892987007390226e-26,8.892987011260743e-26,8.89298859542316e-26,8.892988595423159e-26,8.892988598389829e-26,8.892988616652e-26,8.892989504301808e-26,8.892989504301765e-26,8.892989133924461e-26,8.892988602408054e-26,8.892988856016335e-26,8.892988856016433e-26,8.89298951189145e-26,8.892989511890866e-26,8.892989735860529e-26,8.892989160939707e-26,8.892989160905347e-26,8.89298354503185e-26,8.892983073614465e-26,8.892983231233404e-26,8.892983232626025e-26,8.892983231503555e-26,8.892983231503512e-26,8.892983231503512e-26,8.892983285415598e-26,8.892983285415594e-26,8.892983294650545e-26,8.892983294650543e-26,8.892983294624962e-26,8.892983100062239e-26,8.892982492923096e-26,8.892982411098592e-26,8.892982411322127e-26,8.892982429086453e-26,8.892982429086453e-26,8.892982429086453e-26,8.892982429086472e-26,8.892982429086405e-26,8.892982428470006e-26,8.892982663532976e-26,8.892982673297493e-26,8.892982673560186e-26,8.892982673782218e-26,8.892982673782221e-26,8.89298267037712e-26,8.892982670514611e-26,8.892982734303659e-26,8.892982734369396e-26,8.892982607758105e-26,8.892982607734689e-26,8.892982709619077e-26,8.892982603891982e-26,8.892982603891939e-26,8.89298260385149e-26,8.892982603864761e-26,8.892983320158086e-26,8.892983663362919e-26,8.892983663135525e-26,8.892983387520521e-26,8.892983384608129e-26,8.892983387616287e-26,8.892983387616282e-26,8.892983388309643e-26,8.892982684695808e-26,8.892980468538792e-26,8.892979240244166e-26,8.892979238188253e-26,8.892979238188251e-26,8.892978180930417e-26,8.89297818108036e-26,8.892978170354608e-26,8.892978167796161e-26,8.892978168665572e-26,8.8929780458195e-26,8.892978045901612e-26,8.892978046569265e-26,8.89297802144387e-26,8.892978031560008e-26,8.892978028517826e-26,8.892978027756007e-26,8.892978027832981e-26,8.892977825985873e-26,8.892977826996464e-26,8.892977828001847e-26,8.892977893049745e-26,8.892977895209848e-26,8.892977895489793e-26,8.892977915479493e-26,8.892977915479491e-26,8.892977915491331e-26,8.892977914663505e-26,8.892977914663501e-26,8.892977914652848e-26,8.892974163081634e-26,8.892974164144139e-26,8.892974164151682e-26,8.892974163813739e-26,8.89297416357429e-26,8.892974165202458e-26,8.892974165202457e-26,8.892974165693304e-26,8.89297416188197e-26,8.892974175802512e-26,8.892974103413393e-26,8.892974105142489e-26,8.892974105142488e-26,8.892974094374865e-26,8.892974076781702e-26,8.892974076763721e-26,8.892973497277559e-26,8.892973533283979e-26,8.892973535821711e-26,8.892973535821709e-26,8.892973535821707e-26,8.892973546471815e-26,8.892973561179452e-26,8.892973558611971e-26,8.892972805987672e-26,8.892972805986782e-26,8.892972805986768e-26,8.892972833534608e-26,8.892972833534613e-26,8.892972868178543e-26,8.892972880504045e-26,8.89297284789388e-26,8.892972847893881e-26,8.892972847893869e-26,8.892972847893811e-26,8.892971660211782e-26,8.89297217335795e-26,8.892972302187665e-26,8.892973187610852e-26,8.89297318825566e-26,8.892973188254092e-26,8.892973193930737e-26,8.892973193930745e-26,8.892972621283485e-26,8.892971780913095e-26,8.89297178124119e-26,8.89297177618868e-26,8.892971776137208e-26,8.892971779113782e-26,8.892971779113782e-26,8.89297177857469e-26,8.892971779384666e-26,8.89297177938467e-26,8.892971738353406e-26,8.89297173980745e-26,8.892971752553019e-26,8.892971752553019e-26,8.892971744132e-26,8.892971744132006e-26,8.892971720679675e-26,8.892971720679675e-26,8.892971720679675e-26,8.892971720680748e-26,8.89297172230513e-26,8.892971722305129e-26,8.89297173896216e-26,8.892971748504004e-26,8.892971754495376e-26,8.892971754495373e-26,8.892971746922675e-26,8.892971792585939e-26,8.892971773110049e-26,8.892971773110288e-26,8.892971773676928e-26,8.892971773676929e-26,8.892971773677193e-26,8.892971773677191e-26,8.892971776668652e-26,8.892971799751763e-26,8.892971799751762e-26,8.892971799979882e-26,8.892971795462818e-26,8.892971755376798e-26,8.892971741264838e-26,8.892971726363847e-26,8.892971668021174e-26,8.89297166802116e-26,8.892971625679743e-26,8.89297163910471e-26,8.892971638983903e-26,8.892971638983888e-26,8.892971655002002e-26,8.892971632255204e-26,8.892971631663404e-26,8.892971636256567e-26,8.892971636256571e-26,8.892971611470147e-26,8.892971611470151e-26,8.892971612724221e-26,8.892971614165033e-26,8.892971662037509e-26,8.892971667355489e-26,8.892971667353216e-26,8.892971657413659e-26,8.892971657550535e-26,8.892971661897635e-26,8.892971663297954e-26,8.892971663297776e-26,8.892971663297775e-26,8.892971663297774e-26,8.89297271464265e-26,8.892972661364638e-26,8.892972681483569e-26,8.892972629177924e-26,8.892972547235291e-26,8.892972434852868e-26,8.892972420174004e-26,8.892972420174006e-26,8.892972415773521e-26,8.892972415773655e-26,8.892972415773653e-26,8.892972415773655e-26,8.892972415773786e-26,8.892972387119644e-26,8.892972385867715e-26,8.892972393174758e-26,8.892972393174806e-26,8.892972306561651e-26,8.892972306561649e-26,8.892972121690969e-26,8.89297977021283e-26,8.892981388370902e-26,8.892981388370896e-26,8.892981388353561e-26,8.892981388353152e-26,8.892981388353156e-26,8.89298130584236e-26,8.89298130584236e-26,8.892981282061262e-26,8.892981276707559e-26,8.892981276707551e-26,8.892982061877767e-26,8.892982061877765e-26,8.892981976216768e-26,8.892981968704657e-26,8.892981968704654e-26,8.892981968915521e-26,8.892981968915522e-26,8.892982007331154e-26,8.892982007331153e-26,8.892982007495361e-26,8.892982007510982e-26,8.892982006626077e-26,8.892981774857301e-26,8.8929817748573e-26,8.8929817748573e-26,8.892981774913728e-26,8.89298177849655e-26,8.892981777907836e-26,8.892981763111674e-26,8.892981763111673e-26,8.892981763111676e-26,8.892981763111675e-26,8.892981893237384e-26,8.892981893772976e-26,8.892981893772976e-26,8.892981897995252e-26,8.892981897995248e-26,8.892980774850874e-26,8.892980775007965e-26,8.892980775007967e-26,8.892980713928972e-26,8.892980717183898e-26,8.892980717183899e-26,8.892980717183887e-26,8.892980717196104e-26,8.892980663104163e-26,8.892980663104164e-26,8.892980663104164e-26,8.892980661390241e-26,8.89298037657734e-26,8.892981665641613e-26,8.8929815707017e-26,8.892981570669496e-26,8.892982683696126e-26,8.892982737831301e-26,8.89298273783131e-26,8.892982746297186e-26,8.892982732371098e-26,8.892982732371104e-26,8.892982737299792e-26,8.892982738787409e-26,8.892982747619238e-26,8.892982566800155e-26,8.892982579267591e-26,8.892982370310944e-26,8.892982595595301e-26,8.892982595653316e-26,8.89298259399618e-26,8.892982594114462e-26,8.892982597392604e-26,8.89298273084903e-26,8.892982740508682e-26,8.892982740491242e-26,8.892982740490607e-26,8.892982740490593e-26,8.892982934017112e-26,8.892981705491407e-26,8.892981704967911e-26,8.892981704967907e-26,8.892981608192401e-26,8.892981608129961e-26,8.892981269620455e-26,8.89298135216163e-26,8.892982324552154e-26,8.892982337975397e-26,8.892982022680387e-26,8.892982707586961e-26,8.892982773950214e-26,8.892982403846343e-26,8.892982403846354e-26,8.892982112565806e-26,8.892982269301144e-26,8.892982244186385e-26,8.892982244208205e-26,8.892982373723003e-26,8.892982377625735e-26,8.892982377647102e-26,8.892982377647149e-26,8.892982377482764e-26,8.892982377482762e-26,8.892982125101307e-26,8.8929821261998e-26,8.892981880957787e-26,8.892981880973914e-26,8.89298187998792e-26,8.892975822106931e-26,8.892975747304123e-26,8.892975742094222e-26,8.892975742094286e-26,8.89297574209429e-26,8.892975742094286e-26,8.892975742728958e-26,8.892975742728659e-26,8.892975706646776e-26,8.892975906905783e-26,8.892975906905782e-26,8.892975896460242e-26,8.892975610775367e-26,8.892977742581644e-26,8.892977742581642e-26,8.892977742581601e-26,8.892977743023577e-26,8.892977289078323e-26,8.892977435530523e-26,8.892977435530521e-26,8.892977381258666e-26,8.892978312083738e-26,8.892978312083739e-26,8.892978312083745e-26,8.892978352291833e-26,8.892984901608496e-26,8.892996826939115e-26,8.892996620730226e-26,8.892999683974911e-26,8.892999683974913e-26,8.892999684019577e-26,8.893002256291924e-26,8.893002256291924e-26,8.893002312502577e-26,8.893002297204399e-26,8.893002462608149e-26,8.893002433400958e-26,8.893002496818388e-26,8.893002496383479e-26,8.893002486300721e-26,8.893002441429666e-26,8.893002436388224e-26,8.893002549787932e-26,8.893002575142437e-26,8.89300257778268e-26,8.893002577782677e-26,8.893002558673866e-26,8.893002538696994e-26,8.893002538366603e-26,8.893002568206027e-26,8.893002557895541e-26,8.893002557895543e-26,8.893002539748078e-26,8.89300255721038e-26,8.893002557210382e-26,8.893002640745929e-26,8.893002247080197e-26,8.893002240183132e-26,8.893002379310165e-26,8.893002379310162e-26,8.893001815024448e-26,8.89300063848191e-26,8.893000638481911e-26,8.893000638490017e-26,8.893000720645658e-26,8.893000720645658e-26,8.893000720647198e-26,8.893000742190013e-26,8.893000742190644e-26,8.89300089514992e-26,8.893000824931229e-26,8.893000824993505e-26,8.893000825037587e-26,8.893000976812087e-26,8.893001168709021e-26,8.893001168709025e-26,8.89300121517451e-26,8.893001215174508e-26,8.893001233946291e-26,8.893001234368311e-26,8.893001219952399e-26,8.893001219952363e-26,8.893001197879184e-26,8.893003663728553e-26,8.893003663714813e-26,8.893003665195615e-26,8.893003705471973e-26,8.893003784161774e-26,8.893003897849521e-26,8.893003896656193e-26,8.893003884059694e-26,8.893003900033076e-26,8.893004037179656e-26,8.893004155014193e-26,8.89300415774664e-26,8.893004157744718e-26,8.893004157043748e-26,8.893004165972194e-26,8.893004134912847e-26,8.893004135644852e-26,8.893004124794578e-26,8.893006534927717e-26,8.893006985543185e-26,8.893006983945937e-26,8.893006984388648e-26,8.893006987281219e-26,8.893006988206583e-26,8.893006988234569e-26,8.893006995059008e-26,8.893006988444863e-26,8.893007122574232e-26,8.893007122574236e-26,8.893007122850133e-26,8.893007122763915e-26,8.893007122405529e-26,8.893007121949936e-26,8.893007121818632e-26,8.893007121755115e-26,8.893007121623662e-26,8.893007120922751e-26,8.89300712135232e-26,8.893007121352363e-26,8.893007124336785e-26,8.893007124337909e-26,8.893007124337909e-26,8.89300712448704e-26,8.89300712575211e-26,8.893007092764836e-26,8.893007091583998e-26,8.893007091601839e-26,8.893007091601013e-26,8.893007147440106e-26,8.893007121995116e-26,8.892993770023681e-26,8.892961136710187e-26,8.892956752753342e-26,8.892956752753344e-26,8.892952166153758e-26,8.892952166153765e-26,8.892949458050513e-26,8.892949458045771e-26,8.89294898233171e-26,8.892948982331703e-26,8.892948982331714e-26,8.892922561188064e-26,8.892965993993456e-26,8.892973729932335e-26,8.892973729932274e-26,8.89297372993225e-26,8.892980785875235e-26,8.892980799977487e-26,8.892981534431903e-26,8.892981534397448e-26,8.892981651682759e-26,8.892981650879895e-26,8.89298199858037e-26,8.892981998580383e-26,8.892980896064296e-26,8.892980895309158e-26,8.892980895309167e-26,8.892980816839993e-26,8.892972288133628e-26,8.892972388618376e-26,8.892972388618359e-26,8.892972117464786e-26,8.89297211535668e-26,8.892972116609152e-26,8.89297211604336e-26,8.892971618564487e-26,8.892971618564487e-26,8.892971618564486e-26,8.892971555218015e-26,8.892971572605983e-26,8.892971818103202e-26,8.892972368461334e-26,8.892972358630456e-26,8.89297235863046e-26,8.892972357050847e-26,8.892972357050959e-26,8.892972302484201e-26,8.892972303968359e-26,8.892972345243404e-26,8.892972343391742e-26,8.892972467845045e-26,8.892972527649182e-26,8.892972525987971e-26,8.892971882596729e-26,8.892970445989904e-26,8.892970448158022e-26,8.892970529987275e-26,8.892973123438347e-26,8.892973123438349e-26,8.892973198857364e-26,8.892973189897357e-26,8.892973189895296e-26,8.892973269786759e-26,8.892973269786753e-26,8.892973269063868e-26,8.892973376821241e-26,8.892973376910923e-26,8.892973376910122e-26,8.892973372766024e-26,8.892973372281679e-26,8.892973372281676e-26,8.892973372281675e-26,8.892973372117823e-26,8.892973371271837e-26,8.892973368404111e-26,8.892973368403955e-26,8.892972942782765e-26,8.892972942910105e-26,8.892972942008113e-26,8.892972941926232e-26,8.892972941932554e-26,8.892972941939206e-26,8.892972919400354e-26,8.892972919185134e-26,8.892972773431954e-26,8.892972773443874e-26,8.892972740081334e-26,8.892971792745976e-26,8.89297187137879e-26,8.892971871378802e-26,8.892971871382145e-26,8.892971871382142e-26,8.892971872457123e-26,8.892971872457119e-26,8.89297187246186e-26,8.892971872673439e-26,8.89297187267344e-26,8.89297187268197e-26,8.892990580819989e-26,8.892990580820152e-26,8.892975781559663e-26,8.892975781965748e-26,8.892977898160003e-26,8.892979272281724e-26,8.892979245230271e-26,8.892981415580843e-26,8.892981420406025e-26,8.892981420420151e-26,8.892981420420149e-26,8.892981422539946e-26,8.892981430847185e-26,8.892981430847219e-26,8.892980602366269e-26,8.892980602306431e-26,8.892980887633107e-26,8.892980870366799e-26,8.892980817383562e-26,8.89298198074415e-26,8.892980335970192e-26,8.89298038751472e-26,8.892980937025491e-26,8.892980937025496e-26,8.892980937043875e-26,8.892980110704352e-26,8.89297980988989e-26,8.892978675551486e-26,8.892978673329732e-26,8.89297867332973e-26,8.892978828811932e-26,8.892976229514062e-26,8.892976229596871e-26,8.892976229596871e-26,8.892976229596638e-26,8.892975678942763e-26,8.892975678942759e-26,8.892975593542141e-26,8.892974739988846e-26,8.892975065032716e-26,8.892975065137275e-26,8.892975040975872e-26,8.892975040129084e-26,8.892975039372868e-26,8.892975039372895e-26,8.892975082663301e-26,8.892975083473519e-26,8.892975083348017e-26,8.892975083348015e-26,8.892975170819599e-26,8.892975170965156e-26,8.892975171409526e-26,8.89297551102394e-26,8.892974853635716e-26,8.892974534187233e-26,8.892974403968663e-26,8.89297440395684e-26,8.892974407952228e-26,8.892974384798234e-26,8.892974383900868e-26,8.892974384168107e-26,8.892974384168131e-26,8.892974384166308e-26,8.892974384279314e-26,8.892974382952527e-26,8.892974382847874e-26,8.892974614837763e-26,8.892974614953343e-26,8.892974614953343e-26,8.892974642349304e-26,8.892974685494591e-26,8.892974687709371e-26,8.892974687716678e-26,8.892974629842926e-26,8.892974560269448e-26,8.892974558317064e-26,8.892975057946336e-26,8.892974993981365e-26,8.892975243263426e-26,8.892975243263428e-26,8.892975232742413e-26,8.892975232030591e-26,8.89297523203059e-26,8.892975100116302e-26,8.892975097450587e-26,8.892973453689042e-26,8.892973456265727e-26,8.892973509450199e-26,8.892973151980652e-26,8.892973133137304e-26,8.892973496148618e-26,8.892973777231201e-26,8.892973777275972e-26,8.892973776960494e-26,8.892973776960287e-26,8.892973674346434e-26,8.892973673012218e-26,8.892973741386432e-26,8.892973741169456e-26,8.892973739389335e-26,8.892973739351732e-26,8.892973669994891e-26,8.892973631501323e-26,8.892973631501324e-26,8.892973691131263e-26,8.892973693535102e-26,8.892973915934901e-26,8.892973912510082e-26,8.892973067286435e-26,8.892973382639879e-26,8.892973356882009e-26,8.892973357049611e-26,8.892973360134393e-26,8.892973360308204e-26,8.892973360308206e-26,8.892973485440667e-26,8.892973485440667e-26,8.892973962527957e-26,8.892973962527952e-26,8.892974009684512e-26,8.892973925806696e-26,8.892973933502392e-26,8.892973419952562e-26,8.892973419952565e-26,8.89297341995288e-26,8.892973424966866e-26,8.892973426188979e-26,8.892973509138868e-26,8.89297350913887e-26,8.892973562380214e-26,8.89297356238016e-26,8.89297356238016e-26,8.892973562380159e-26,8.89297356238016e-26,8.892973562392291e-26,8.892974064894157e-26,8.892974066831482e-26,8.892974066831484e-26,8.892974064541161e-26,8.89297406528856e-26,8.892974065288505e-26,8.892974065520539e-26,8.892974044232197e-26,8.892973885794946e-26,8.892973885794946e-26,8.892973805087216e-26,8.892973805679423e-26,8.892973808354738e-26,8.892973222507787e-26,8.892973208500856e-26,8.892973009061148e-26,8.892973122463642e-26,8.892974233632021e-26,8.892974162852917e-26,8.892974162086405e-26,8.892974160854743e-26,8.892972921651638e-26,8.892973782151892e-26,8.892974386973387e-26,8.89297438697336e-26,8.892974385716489e-26,8.892974523073675e-26,8.892977115001809e-26,8.892977086096226e-26,8.89298206746018e-26,8.892982067460178e-26,8.892981929024706e-26,8.892981927014451e-26,8.892981926587744e-26,8.892983280898497e-26,8.892983280898497e-26,8.892983280898494e-26,8.892984658682426e-26,8.892984658682426e-26,8.892984682030451e-26,8.89298297755964e-26,8.892983005500158e-26,8.892983558006919e-26,8.892983562884923e-26,8.892984586555831e-26,8.892984587043219e-26,8.892984586890583e-26,8.892984586890584e-26,8.892984475231123e-26,8.892984475231343e-26,8.892984478250277e-26,8.892984479179382e-26,8.892983732401181e-26,8.892982631359985e-26,8.892982658408532e-26,8.892982658551126e-26,8.89298261460299e-26,8.892982614161094e-26,8.892982326565487e-26,8.892982326565531e-26,8.892982324708825e-26,8.892982394961822e-26,8.892982328517586e-26,8.892982252633801e-26,8.892982251107031e-26,8.89298065625258e-26,8.892980717778842e-26,8.892981734374797e-26,8.892981734252229e-26,8.892981094884295e-26,8.892980954099527e-26,8.892980895256946e-26,8.892980894514145e-26,8.892981054210842e-26,8.892981056483925e-26,8.892981056483928e-26,8.892983318981012e-26,8.892984693607789e-26,8.892983127198409e-26,8.892982927094783e-26,8.892982942240197e-26,8.892983483470786e-26,8.892983483970829e-26,8.892983484246855e-26,8.892983484246855e-26,8.892984875298322e-26,8.89298487529245e-26,8.892983275554206e-26,8.892982533590515e-26,8.892982647565094e-26,8.892986195499946e-26,8.892985957410877e-26,8.892985983920023e-26,8.892985987876945e-26,8.892985989054499e-26,8.892985983481027e-26,8.892985982148898e-26,8.892985982148909e-26,8.89298533899779e-26,8.892985338997778e-26,8.892985346656047e-26,8.892985298657302e-26,8.892985407584922e-26,8.892985381904707e-26,8.892985381904754e-26,8.892985379447059e-26,8.892985379770496e-26,8.892985357690573e-26,8.89298641366597e-26,8.892986535712602e-26,8.892989248867255e-26,8.892989260990074e-26,8.892983181101721e-26,8.892983705692078e-26,8.892983697485552e-26,8.892983697480521e-26,8.892986613089017e-26,8.892985164793634e-26,8.892985164793638e-26,8.892985164793641e-26,8.89298784122043e-26,8.892987863112874e-26,8.89295069258912e-26,8.892950682588353e-26,8.892950388897149e-26,8.892950388896659e-26,8.892952529016729e-26,8.892961620927984e-26,8.892961620929149e-26,8.892962368509183e-26,8.892962970711302e-26,8.892963004263496e-26,8.89298871728948e-26,8.892988717261313e-26,8.89298921683636e-26,8.892989216658128e-26,8.892989213627776e-26,8.892989161392277e-26,8.89298916219868e-26,8.892989162198667e-26,8.892989162198547e-26,8.892989162148705e-26,8.892972195366381e-26,8.892972196653151e-26,8.892973872334964e-26,8.892957689868023e-26,8.892989249846469e-26,8.892989244429673e-26,8.892989264509767e-26,8.892989264601429e-26,8.89298926732277e-26,8.892978207270884e-26,8.892978207202314e-26,8.892963613300248e-26,8.892963613300247e-26,8.892963613389137e-26,8.892963653245663e-26,8.892963705580061e-26,8.892962135082618e-26,8.892962046952653e-26,8.89296070756315e-26,8.892962296189315e-26,8.892963703487421e-26,8.892963704644696e-26,8.892963718807484e-26,8.892963718807473e-26,8.89296294489928e-26,8.892962943425187e-26,8.892962943426471e-26,8.892955666548084e-26,8.892956560447711e-26,8.892956560447512e-26,8.892956560434124e-26,8.892957067150535e-26,8.892957067150536e-26,8.892957067150538e-26,8.892957057385639e-26,8.892957057415274e-26,8.892957057386695e-26,8.892955732157799e-26,8.89295572606699e-26,8.892955726066307e-26,8.892955726075354e-26,8.89295611804226e-26,8.892956118003015e-26,8.892956118003013e-26,8.892956118003012e-26,8.892956118003014e-26,8.89295611800299e-26,8.892956117847035e-26,8.89295611784713e-26,8.892956040542493e-26,8.892955774407558e-26,8.892955774885713e-26,8.892955776550821e-26,8.892955776550822e-26,8.89295612107912e-26,8.892956121079118e-26,8.892956221706654e-26,8.89295622170153e-26,8.892956498853236e-26,8.892956406775454e-26,8.89295640700957e-26,8.892956407009595e-26,8.892956183036135e-26,8.892956108025848e-26,8.892956108025848e-26,8.892956108025849e-26,8.892956108490823e-26,8.892955873091958e-26,8.892955873089616e-26,8.892955873089616e-26,8.8929558730863e-26,8.892955873213444e-26,8.892955864772724e-26,8.892955864772725e-26,8.892955482090485e-26,8.892955483211967e-26,8.89295537513255e-26,8.892955375131835e-26,8.892955375131833e-26,8.892955344969225e-26,8.892955705279996e-26,8.892955533384996e-26,8.892955536766149e-26,8.892955536766149e-26,8.892955442760419e-26,8.892955442769013e-26,8.89295544133288e-26,8.892955441332878e-26,8.892955441337273e-26,8.892955441336961e-26,8.892955615497695e-26,8.892955615485573e-26,8.892955222963268e-26,8.892955222962766e-26,8.892955292453678e-26,8.892955292298932e-26,8.892955292310192e-26,8.89295510778726e-26,8.892955107787265e-26,8.89295510771792e-26,8.892955193443208e-26,8.892955152212406e-26,8.892955308710018e-26,8.892955317120573e-26,8.892955317120603e-26,8.892955317146783e-26,8.892955317146779e-26,8.892955317146393e-26,8.892955885256982e-26,8.89295587206081e-26,8.892955871407695e-26,8.892956098158763e-26,8.892956098158903e-26,8.892955441757378e-26,8.892955444998321e-26,8.892955444998316e-26,8.892955305133785e-26,8.892955305133788e-26,8.892955357736208e-26,8.892955357736204e-26,8.892955872059447e-26,8.892955872059403e-26,8.892955872060171e-26,8.89295587271308e-26,8.892955876464328e-26,8.892955878030304e-26,8.892955878863505e-26,8.892955878863505e-26,8.892955878863785e-26,8.892955878865119e-26,8.892955979998128e-26,8.892955979998127e-26,8.89295573702391e-26,8.892959278673159e-26,8.892959278673157e-26,8.892959278673158e-26,8.892959255694907e-26,8.892959928091616e-26,8.892959611702131e-26,8.892959611702131e-26,8.892959285047718e-26,8.892960112003557e-26,8.892960112002552e-26,8.892960112002552e-26,8.892960112002554e-26,8.892960261811064e-26,8.892958844881773e-26,8.892958853117088e-26,8.892958691089606e-26,8.892971937533558e-26,8.892971917317298e-26,8.892972291001239e-26,8.892972291001239e-26,8.892976470013806e-26,8.892975893627936e-26,8.892975897046647e-26,8.892975897001109e-26,8.892975828384514e-26,8.892975825009195e-26,8.89297582500928e-26,8.892975824628777e-26,8.892975824628529e-26,8.892975824628522e-26,8.892975170705067e-26,8.892975170705067e-26,8.892975170705099e-26,8.892975149900249e-26,8.892975142242018e-26,8.892975140223477e-26,8.892975129511373e-26,8.892975059233265e-26,8.892975059220118e-26,8.892975059220116e-26,8.892975767344472e-26,8.892975767344389e-26,8.89297578862593e-26,8.892974798221143e-26,8.892974795250587e-26,8.892974796905865e-26,8.89297465963497e-26,8.892974659634972e-26,8.892974659681725e-26,8.892974654527455e-26,8.892974651149392e-26,8.892974650160704e-26,8.892974628858763e-26,8.892974625588909e-26,8.892974682049898e-26,8.892974681996855e-26,8.892974681997734e-26,8.89297468838355e-26,8.892974694262479e-26,8.892974694662623e-26,8.892974689918336e-26,8.892974648391826e-26,8.892974639016168e-26,8.892974639049366e-26,8.89297463665462e-26,8.892974653028411e-26,8.892974653413192e-26,8.892974653551313e-26,8.892974653701008e-26,8.892974661832178e-26,8.892973228497058e-26,8.892973228497057e-26,8.892973233276166e-26,8.892973259058656e-26,8.892973259978421e-26,8.892973259980412e-26,8.892973259980411e-26,8.892972890242754e-26,8.892972918435078e-26,8.892973169731042e-26,8.892972727029909e-26,8.892968926250589e-26,8.892965638648446e-26,8.892965639480581e-26,8.892965672391861e-26,8.892965683456887e-26,8.892965683456882e-26,8.892965683456883e-26,8.892965680056983e-26,8.89296567975458e-26,8.892969416992679e-26,8.892969416988722e-26,8.892969416988722e-26,8.892969563926198e-26,8.892971374312329e-26,8.892971374311855e-26,8.892971629187675e-26,8.892971317172729e-26,8.892971317172942e-26,8.892971317172925e-26,8.892971316448894e-26,8.892973459441365e-26,8.892973459440828e-26,8.892973459440817e-26,8.89297221933592e-26,8.89297216268489e-26,8.892972162685112e-26,8.892972181058454e-26,8.892967140595988e-26,8.892967099286484e-26,8.892970775127434e-26,8.892970957961444e-26,8.892970957961378e-26,8.892971228770789e-26,8.892971242468071e-26,8.892971242467567e-26,8.892971242504422e-26,8.892971242496014e-26,8.892971225532071e-26,8.892971277159647e-26,8.892972282929349e-26,8.8929725728274e-26,8.892972804194906e-26,8.892972804194909e-26,8.892972793145324e-26,8.892972793976756e-26,8.892972793976757e-26,8.892972793976764e-26,8.892972793976762e-26,8.892972239411104e-26,8.892972510232594e-26,8.892972510232833e-26,8.892972545572128e-26,8.892972545574726e-26,8.892972546886567e-26,8.892972546886568e-26,8.892972449829641e-26,8.892972367050543e-26,8.892972367011649e-26,8.892972366987037e-26,8.892972386676935e-26,8.892972386676934e-26,8.892972386699507e-26,8.893046987860901e-26,8.893046987860903e-26,8.893046978986301e-26,8.89304648708191e-26,8.893046487071627e-26,8.893046487071618e-26,8.893027198691633e-26,8.893028644726975e-26,8.893028644889163e-26,8.893026213255628e-26,8.89302621629493e-26,8.89302620892784e-26,8.893026208875174e-26,8.893026176532741e-26,8.893025588669782e-26,8.89302558866978e-26,8.893038574433738e-26,8.893038574433738e-26,8.893038723489108e-26,8.893038723489108e-26,8.893038799058246e-26,8.893038799093686e-26,8.893034739210656e-26,8.893034437387283e-26,8.893034434383628e-26,8.893034422097147e-26,8.893034422097147e-26,8.893032915733578e-26,8.893032671392873e-26,8.89303336211661e-26,8.893033018258805e-26,8.893033018352994e-26,8.893033084863163e-26,8.893032981617241e-26,8.893032981617044e-26,8.893032983083765e-26,8.893033002553125e-26,8.893033891390414e-26,8.893033923225992e-26,8.893033923130892e-26,8.893033923130892e-26,8.893033204230393e-26,8.893033204230393e-26,8.893033204235249e-26,8.893033120421195e-26,8.893033120421194e-26,8.893033120422174e-26,8.89303312042212e-26,8.893033144408097e-26,8.893033158874226e-26,8.893033158870916e-26,8.893033827967749e-26,8.893033827967748e-26,8.893033827967737e-26,8.893026530764412e-26,8.893026582122395e-26,8.893026582637353e-26,8.893026582583853e-26,8.893026582146926e-26,8.893026580557254e-26,8.893026580560924e-26,8.893026532690668e-26,8.893026532701647e-26,8.893026532701649e-26,8.893026535435639e-26,8.893026535435638e-26,8.893026535435639e-26,8.893026535435638e-26,8.893026535435637e-26,8.893026109724184e-26,8.893026100642147e-26,8.893025910459763e-26,8.893025842737948e-26,8.893025877371874e-26,8.893025879931754e-26,8.893025879928345e-26,8.893025879928344e-26,8.893025857429673e-26,8.893025857429571e-26,8.893025858282427e-26,8.893025858282429e-26,8.89302505713989e-26,8.89302505714035e-26,8.893025057140351e-26,8.893025055801894e-26,8.893025066245511e-26,8.893018197967656e-26,8.893018197967655e-26,8.893018197967654e-26,8.89301700097795e-26,8.89301700097795e-26,8.893016998923658e-26,8.893016998923657e-26,8.893004685662352e-26,8.893004685662351e-26,8.893004685662352e-26,8.893004863978671e-26,8.893004874877004e-26,8.893004850336468e-26,8.893004853693104e-26,8.893004853693104e-26,8.893004711329383e-26,8.893004728838817e-26,8.893004909502883e-26,8.893004851066712e-26,8.893004890464961e-26,8.893004866890866e-26,8.893004866904266e-26,8.893004914962251e-26,8.893003712971107e-26,8.893003701777138e-26,8.893003701777137e-26,8.893003701725466e-26,8.893003701717877e-26,8.893003701717876e-26,8.89300370170876e-26,8.893003701708756e-26,8.893003701697747e-26,8.893003701696072e-26,8.893003733522755e-26,8.893003942769733e-26,8.893004235340707e-26,8.893004235454112e-26,8.893004235453951e-26,8.893004313102912e-26,8.893004315820421e-26,8.893004248075183e-26,8.893004245897044e-26,8.893004444385211e-26,8.893004569855897e-26,8.893004569730391e-26,8.893004583519866e-26,8.893004583519866e-26,8.893004598770007e-26,8.893004598818466e-26,8.893002535051316e-26,8.893003520212944e-26,8.893003519722993e-26,8.89300351972916e-26,8.893003509248134e-26,8.893001429946651e-26,8.893001429946592e-26,8.893001429946589e-26,8.893001429946315e-26,8.893001938099311e-26,8.893001951471244e-26,8.89300198468771e-26,8.893001984687709e-26,8.89300199802878e-26,8.893002037932446e-26,8.893002367732084e-26,8.893002367730685e-26,8.893002233736934e-26,8.893002233736934e-26,8.893002234184177e-26,8.89300223418418e-26,8.89300190499418e-26,8.892997815856017e-26,8.892997655229609e-26,8.892996781839084e-26,8.892996781918681e-26,8.892996812712937e-26,8.892996486444013e-26,8.892996486433872e-26,8.892996486438332e-26,8.892995953509961e-26,8.8929959391318e-26,8.892995938424841e-26,8.89299593843684e-26,8.892995981970692e-26,8.892995898008501e-26,8.89299589800851e-26,8.892995898008509e-26,8.892995926570775e-26,8.892995926547698e-26,8.892995926547853e-26,8.892995926546039e-26,8.89299591942606e-26,8.892995876814909e-26,8.89299587681491e-26,8.892996246708124e-26,8.892996246706558e-26,8.892996369642516e-26,8.892996372274726e-26,8.892996434345362e-26,8.892996448037644e-26,8.892994300298242e-26,8.892994312792419e-26,8.892994309791967e-26,8.892994317092248e-26,8.892994317092245e-26,8.892995033319864e-26,8.892994964058364e-26,8.892995781401791e-26,8.892995112278511e-26,8.892995189586837e-26,8.892995191638807e-26,8.892995189787956e-26,8.892995189489942e-26,8.892995189512902e-26,8.892995178424257e-26,8.892995180241608e-26,8.892995180455523e-26,8.892995180455521e-26,8.892995180455524e-26,8.892995193113098e-26,8.892995184659892e-26,8.892995184659893e-26,8.892995191290198e-26,8.892995191290385e-26,8.892995194770967e-26,8.892995232261134e-26,8.892995295005082e-26,8.892995295005026e-26,8.89299528648782e-26,8.89299521438997e-26,8.892995703819334e-26,8.892995703819336e-26,8.892995703819333e-26,8.8929957038167e-26,8.892995703816699e-26,8.892995702609661e-26,8.89299384515697e-26,8.892993845665758e-26,8.892994022304624e-26,8.892993413800606e-26,8.892993221384321e-26,8.892993281136747e-26,8.89299328114319e-26,8.892992648060065e-26,8.892992639576637e-26,8.89299487164369e-26,8.892994871643693e-26,8.892994861598019e-26,8.892994841076024e-26,8.892994841077827e-26,8.892994841077827e-26,8.892994841077829e-26,8.892994841077827e-26,8.892994898383856e-26,8.892994898383193e-26,8.892994360735439e-26,8.892994360234728e-26,8.892994360234724e-26,8.892994360182023e-26,8.892992705134814e-26,8.892992705134816e-26,8.892992668022317e-26,8.892992668022312e-26,8.892992663890232e-26,8.892992663506423e-26,8.89299266331661e-26,8.892992663316606e-26,8.892993731074159e-26,8.892993492894565e-26,8.892993494274999e-26,8.892993633920041e-26,8.892993833527099e-26,8.892993833549354e-26,8.892993833549352e-26,8.89299383354935e-26,8.892993833549352e-26,8.892994863818824e-26,8.892994863818223e-26,8.892996718084681e-26,8.892996718164859e-26,8.89299671816486e-26,8.892996634313792e-26,8.892996633593547e-26,8.892997169578909e-26,8.892997100492506e-26,8.892994692422956e-26,8.892994692407448e-26,8.892994692407447e-26,8.892994645045865e-26,8.892994744622895e-26,8.892994813962223e-26,8.892994815803299e-26,8.892994815839039e-26,8.89299414902913e-26,8.893002300349334e-26,8.893002300349333e-26,8.893002300349334e-26,8.892998547599462e-26,8.89299860615243e-26,8.892998606152428e-26,8.892998674353698e-26,8.892998696184611e-26,8.892998093913553e-26,8.892998093907103e-26,8.892998093907137e-26,8.892998093907202e-26,8.89299725344367e-26,8.892997226214106e-26,8.892997226868541e-26,8.892997226910249e-26,8.892997031345959e-26,8.892997031343436e-26,8.892997020884201e-26,8.892997011125399e-26,8.8929970111254e-26,8.892997011394089e-26,8.892997011392427e-26,8.892997011392425e-26,8.892997028062255e-26,8.892997028062251e-26,8.892997559441748e-26,8.892997559442461e-26,8.892997362345607e-26,8.892997362358345e-26,8.892997370251852e-26,8.892997370251216e-26,8.892997370251217e-26,8.892997143280096e-26,8.892997697203637e-26,8.892997697215771e-26,8.892997690067835e-26,8.892997690028849e-26,8.892997693024455e-26,8.892997711196059e-26,8.892997712026534e-26,8.892997711337702e-26,8.8929975450648e-26,8.892997568204075e-26,8.892997519859406e-26,8.892997480508369e-26,8.892997483964072e-26,8.892997572113203e-26,8.89299757205024e-26,8.892997572049817e-26,8.892997572055282e-26,8.892998459957716e-26,8.893001391933501e-26,8.893001322066766e-26,8.893001326224977e-26,8.893001341224825e-26,8.893000178278384e-26,8.893000178276997e-26,8.893000178276996e-26,8.893000178276992e-26,8.893000096130232e-26,8.893000015993649e-26,8.893001005954323e-26,8.893001005881197e-26,8.89300100589094e-26,8.8930000568897e-26,8.89300009569671e-26,8.892996539522758e-26,8.892986069535299e-26,8.892986069550986e-26,8.892984492186383e-26,8.892984492171858e-26,8.892982986436358e-26,8.892982974216911e-26,8.892982909902571e-26,8.892982908117323e-26,8.89298472945675e-26,8.892984659894224e-26,8.892984682469157e-26,8.892984675663969e-26,8.892984617903795e-26,8.892984617960936e-26,8.892984672482896e-26,8.892984671614082e-26,8.892984671614083e-26,8.892984682810948e-26,8.892984702046616e-26,8.892984702047339e-26,8.89298470546227e-26,8.892984705462265e-26,8.892984705461687e-26,8.892984705461685e-26,8.892984731523795e-26,8.892984770286598e-26,8.892985712741222e-26,8.892985712741169e-26,8.892985712741089e-26,8.892985818468429e-26,8.892985818468428e-26,8.892985783484512e-26,8.892985805805479e-26,8.892985807971512e-26,8.89298548067053e-26,8.89298548072135e-26,8.892985480721171e-26,8.892985480721173e-26,8.892985480721189e-26,8.8929854807185e-26,8.892985213375472e-26,8.892985213376321e-26,8.892985049811686e-26,8.89298504981035e-26,8.892985049680864e-26,8.89298491418198e-26,8.892984914181979e-26,8.892982867036764e-26,8.892982847228301e-26,8.892982821826938e-26,8.892982819567037e-26,8.89298276912352e-26,8.892982769219596e-26,8.892982673299141e-26,8.892982674474454e-26,8.892982674741001e-26,8.89298290645258e-26,8.892982901919824e-26,8.892982901919832e-26,8.892982901919826e-26,8.892982901920069e-26,8.892982910461076e-26,8.892982910461076e-26,8.892982907996958e-26,8.892982908002912e-26,8.892982882100658e-26,8.892982918920501e-26,8.892982952728608e-26,8.892982752208087e-26,8.89298272197654e-26,8.89298272212359e-26,8.892982722096275e-26,8.892982722096369e-26,8.892982722101532e-26,8.892982724533378e-26,8.892982721193149e-26,8.892982520510299e-26,8.892982520510297e-26,8.892980344788611e-26,8.892980273946585e-26,8.892980273946586e-26,8.892980273946003e-26,8.892980274175816e-26,8.892980274192362e-26,8.892980274192386e-26,8.892980274192388e-26,8.892980274192383e-26,8.892979749256996e-26,8.892979639277863e-26,8.892979667880683e-26,8.892979667880687e-26,8.89297986966454e-26,8.892979869664538e-26,8.89297998461221e-26,8.892980079066102e-26,8.892980191452001e-26,8.89295829896209e-26,8.892958300572916e-26,8.892958270630955e-26,8.892958281207692e-26,8.892958293159379e-26,8.892958293159271e-26,8.89295829293853e-26,8.892958332954308e-26,8.892958333048963e-26,8.892958651384691e-26,8.892958581529686e-26,8.89295860417478e-26,8.892958596977574e-26,8.892958596977573e-26,8.892952002100351e-26,8.892953252965729e-26,8.892953252759868e-26,8.892953248321577e-26,8.892953273200428e-26,8.892953273200391e-26,8.892952973057824e-26,8.892952968399603e-26,8.892952968530045e-26,8.892951485342416e-26,8.892958028301392e-26,8.892958028301397e-26,8.892958026524876e-26,8.892958026524849e-26,8.892949520913666e-26,8.892949521130165e-26,8.892949384494139e-26,8.892949399826543e-26,8.892949399826542e-26,8.892949399826651e-26,8.892949370991049e-26,8.892949374336328e-26,8.892949374336317e-26,8.892949374750148e-26,8.892949374750148e-26,8.892949375607653e-26,8.892949375607654e-26,8.892949649370029e-26,8.892949649369949e-26,8.892949649370636e-26,8.8929496510835e-26,8.892949761568554e-26,8.892949761730273e-26,8.892949767169808e-26,8.892949767213576e-26,8.892949767241841e-26,8.892949767358322e-26,8.892950032228626e-26,8.892950032305994e-26,8.892950006976591e-26,8.892949982306286e-26,8.892948123122532e-26,8.892948079223306e-26,8.892948079223304e-26,8.892948079184633e-26,8.892948268612416e-26,8.89294830593035e-26,8.892948408915419e-26,8.892933666407575e-26,8.892933666407575e-26,8.892933633194878e-26,8.892933631150617e-26,8.89293363114948e-26,8.892933631159523e-26,8.892933631159523e-26,8.89293365036346e-26,8.892933650363462e-26,8.892933650936411e-26,8.89293365143796e-26,8.892933651438103e-26,8.892933652126283e-26,8.892933658986286e-26,8.892933659025338e-26,8.89293365760655e-26,8.892933668096213e-26,8.892932809104592e-26,8.892932809106701e-26,8.892932809106701e-26,8.892932795268587e-26,8.892932790527262e-26,8.892932790855964e-26,8.89293279085596e-26,8.892932790855962e-26,8.892932823519248e-26,8.892932835987405e-26,8.892932835301402e-26,8.892932835302888e-26,8.89293285169474e-26,8.892932851694738e-26,8.892932851662137e-26,8.892932851852748e-26,8.892932851886018e-26,8.892933037448533e-26,8.892933037448846e-26,8.892933037448847e-26,8.892933037448809e-26,8.892932912861775e-26,8.892932912656576e-26,8.892932914848596e-26,8.892932914848596e-26,8.892932915086757e-26,8.892932915086738e-26,8.892932913295572e-26,8.892932913295568e-26,8.892974208875781e-26,8.892974530729408e-26,8.892974530729405e-26,8.892974523414176e-26,8.892974540450916e-26,8.89297454041902e-26,8.892974537863941e-26,8.892974537864088e-26,8.89297453786408e-26,8.892974537861973e-26,8.892974689736169e-26,8.892974757257553e-26,8.892974751399759e-26,8.892974751399766e-26,8.892974752080214e-26,8.892974752514857e-26,8.892974752514877e-26,8.89297483668623e-26,8.892974836686603e-26,8.892974836686603e-26,8.892974937442659e-26,8.892976556457042e-26,8.892976556457044e-26,8.892976557884545e-26,8.892976892466084e-26,8.892976757378713e-26,8.892976756669521e-26,8.892976756640051e-26,8.892976756650205e-26,8.892976756650481e-26,8.892976764309385e-26,8.892976764309385e-26,8.89297676760077e-26,8.892976767600772e-26,8.892976767304348e-26,8.892976765558838e-26,8.892976757675891e-26,8.892976757769709e-26,8.892976757760994e-26,8.892976729280845e-26,8.892992970340704e-26,8.892992970340703e-26,8.892992966395175e-26,8.892992684368032e-26,8.892992684368032e-26,8.892992684368031e-26,8.892994184876728e-26,8.892994163916117e-26,8.892994163916115e-26,8.892994166567859e-26,8.892994166569808e-26,8.89299416613627e-26,8.892994168399043e-26,8.892995777090788e-26,8.89299577714373e-26,8.892995776372388e-26,8.892995728978139e-26,8.892995728973423e-26,8.892995728973423e-26,8.89299572894562e-26,8.892995651569532e-26,8.892996475155697e-26,8.892992591065567e-26,8.892992591065565e-26,8.892992591111375e-26,8.892992580348292e-26,8.892992580348219e-26,8.892990017655601e-26,8.892990090608546e-26,8.89299008957952e-26,8.892990087404735e-26,8.892989886913411e-26,8.892989885325473e-26,8.892989885325725e-26,8.892989885325725e-26,8.892989885662608e-26,8.892989885662605e-26,8.89298988649499e-26,8.892989886494986e-26,8.892989885597663e-26,8.892989895334305e-26,8.892989895334304e-26,8.89298989552968e-26,8.89298996753398e-26,8.892989820996227e-26,8.892989071141506e-26,8.892988886700287e-26,8.892988886700288e-26,8.892988884176942e-26,8.892988786983918e-26,8.892988797298648e-26,8.892988797297064e-26,8.892985493251677e-26,8.892985488029793e-26,8.892985487711851e-26,8.892985487711697e-26,8.892985487705262e-26,8.892985487370952e-26,8.892985487370947e-26,8.892985499416198e-26,8.892985482469543e-26,8.892985482467454e-26,8.892985482471705e-26,8.892985482471705e-26,8.89298548248429e-26,8.892985482484293e-26,8.892985482487473e-26,8.892985606658467e-26,8.892996012036654e-26,8.892996012036655e-26,8.892996009182653e-26,8.892996009182651e-26,8.892996007517269e-26,8.892996007517279e-26,8.892995510958247e-26,8.892995940681137e-26,8.892995981092865e-26,8.892996000728304e-26,8.892995995743022e-26,8.892995979493273e-26,8.892997478963713e-26,8.892997478963711e-26,8.892997480804154e-26,8.892997480804541e-26,8.892997524259699e-26,8.892997529126559e-26,8.892997529115087e-26,8.892997529115083e-26,8.892997528267867e-26,8.892997529929494e-26,8.892997533593337e-26,8.892997533593338e-26,8.892997533576751e-26,8.892997527901085e-26,8.892997527901083e-26,8.892997526433279e-26,8.892997526474636e-26,8.892997526474619e-26,8.892997859842367e-26,8.892997859842369e-26,8.892997857496529e-26,8.892997884829051e-26,8.892997886714627e-26,8.892997886714626e-26,8.892990022190844e-26,8.892990294486951e-26,8.89299029749041e-26,8.892990413063644e-26,8.892990413063583e-26,8.892990437811262e-26,8.892990439716557e-26,8.89299040007896e-26,8.892990443786036e-26,8.892990635946447e-26,8.892990635947477e-26,8.892990642431377e-26,8.892990642431597e-26,8.892990642415556e-26,8.892990845197064e-26,8.892990845197048e-26,8.892990845197054e-26,8.892990970147301e-26,8.892990970146956e-26,8.892990973755132e-26,8.892990427639277e-26,8.892988674236977e-26,8.892988674034467e-26,8.89298943492705e-26,8.89298755149351e-26,8.892992305685544e-26,8.892992063516237e-26,8.892992137248207e-26,8.892992137248208e-26,8.892992134494998e-26,8.892992134495085e-26,8.892992144644265e-26,8.892992126879873e-26,8.892991834412014e-26,8.892991834412511e-26,8.892991982212668e-26,8.892991992894249e-26,8.892991991087957e-26,8.892991991087951e-26,8.892991997854367e-26,8.892991998622518e-26,8.892991998622194e-26,8.892991998623616e-26,8.892991277511848e-26,8.892991277511842e-26,8.892991277483095e-26,8.892989835824373e-26,8.892989827105179e-26,8.892989127210217e-26,8.892989127103262e-26,8.892989102521095e-26,8.892989102407305e-26,8.893002266326135e-26,8.893002226608249e-26,8.892999993877757e-26,8.89299807429677e-26,8.892998080827921e-26,8.892998070304469e-26,8.892998070304471e-26,8.892997968675694e-26,8.892997974759312e-26,8.892997974044676e-26,8.892997963760443e-26,8.892997966450802e-26,8.892997902379238e-26,8.892997902379237e-26,8.89299790237924e-26,8.89299787708236e-26,8.892997877082358e-26,8.892997986813933e-26,8.892997984987006e-26,8.892997886782368e-26,8.892997871096618e-26,8.892997871160043e-26,8.892997871159339e-26,8.892997871144304e-26,8.892997871151828e-26,8.892997871183771e-26,8.892997871183766e-26,8.892997888020703e-26,8.89299789168732e-26,8.892998154890493e-26,8.892998155579113e-26,8.892998148784323e-26,8.892998148784454e-26,8.892998151413988e-26,8.892998151413987e-26,8.892998151093567e-26,8.89299625520836e-26,8.892996250522095e-26,8.892996250546821e-26,8.892996250546817e-26,8.892996250546817e-26,8.89299625049045e-26,8.89299625048977e-26,8.892996213748096e-26,8.892996213748095e-26,8.892996213613954e-26,8.892996089231152e-26,8.892996732424355e-26,8.89299672772411e-26,8.892996682426401e-26,8.892996678240931e-26,8.892996678981221e-26,8.892995552270367e-26,8.892995529631997e-26,8.892995538250948e-26,8.892995527653874e-26,8.892995527673728e-26,8.892995527673974e-26,8.892995546438437e-26,8.892995546623563e-26,8.892995546623561e-26,8.892995546623563e-26,8.892995587023585e-26,8.892995623736106e-26,8.892995623736534e-26,8.892995525856572e-26,8.892995525731957e-26,8.892995525731954e-26,8.89299552573213e-26,8.892995528686389e-26,8.89295749418147e-26,8.892957496348107e-26,8.892957554490747e-26,8.892957554433541e-26,8.892955087228871e-26,8.892955083712251e-26,8.892955064788678e-26,8.892955064535832e-26,8.892955064580538e-26,8.892955065304702e-26,8.892955178821615e-26,8.892955211610961e-26,8.892955234629519e-26,8.89295523462952e-26,8.892957278295081e-26,8.892957277473586e-26,8.892957535351478e-26,8.8929575685702e-26,8.892957592393138e-26,8.892957587743586e-26,8.892957574222677e-26,8.892957574222557e-26,8.892957574222556e-26,8.892957574222557e-26,8.892957574222529e-26,8.892957523839061e-26,8.892957523964833e-26,8.892957523964831e-26,8.892962125750361e-26,8.89296212597037e-26,8.892962125970274e-26,8.892962092165319e-26,8.892962092222468e-26,8.8929614687329e-26,8.892961475775566e-26,8.892961478737503e-26,8.892961628549223e-26,8.892961628481791e-26,8.892961557750637e-26,8.892961405250035e-26,8.892961545244784e-26,8.892961595584546e-26,8.892961595584543e-26,8.892961448608513e-26,8.892961120334829e-26,8.89295348579244e-26,8.892953483901957e-26,8.892953483557599e-26,8.89295348355626e-26,8.892953522716521e-26,8.892953522304727e-26,8.892953522296148e-26,8.892952002283339e-26,8.892952003266648e-26,8.892951988295272e-26,8.892951988293956e-26,8.892951954023921e-26,8.892951954023922e-26,8.892951954024206e-26,8.892951968626923e-26,8.892951968626922e-26,8.892951493280131e-26,8.892951612755969e-26,8.892951613517317e-26,8.892951566335088e-26,8.89295155944287e-26,8.892951559442865e-26,8.892951564133783e-26,8.892951564185018e-26,8.892951446787473e-26,8.89295131185971e-26,8.892951311974665e-26,8.892951311974684e-26,8.892951312324248e-26,8.892949397476245e-26,8.892949397476244e-26,8.892949363602866e-26,8.892949366004546e-26,8.892949366004548e-26,8.892950310780504e-26,8.892950265925183e-26,8.892950265928295e-26,8.892954006792996e-26,8.89295401839164e-26,8.892954046084782e-26,8.892958702881707e-26,8.892958172262249e-26,8.892958215134028e-26,8.892958225803797e-26,8.892958374253323e-26,8.892958374253322e-26,8.892958374299565e-26,8.892958374702092e-26,8.892958361658017e-26,8.892958360966127e-26,8.892959099223466e-26,8.892959116518374e-26,8.89295351769684e-26,8.89295392265665e-26,8.892953921039407e-26,8.892953921039406e-26,8.892953904654333e-26,8.892953869109807e-26,8.892953853011124e-26,8.892953853009571e-26,8.892953818133898e-26,8.892953816173376e-26,8.89295381854074e-26,8.892953818544246e-26,8.892953802482756e-26,8.892953831668145e-26,8.892953832627552e-26,8.892953804237395e-26,8.892953803813063e-26,8.892953867279263e-26,8.892953844783955e-26,8.892953843887694e-26,8.892953843887695e-26,8.892953843887107e-26,8.892953843887105e-26,8.892953843887049e-26,8.892953843289938e-26,8.892953833208139e-26,8.89295383346473e-26,8.892953836159721e-26,8.892954392697137e-26,8.892954392697131e-26,8.892954461798493e-26,8.892954461687527e-26,8.892954461686926e-26,8.892954461686839e-26,8.892954502631646e-26,8.892954502631647e-26,8.892954502643076e-26,8.892954403512365e-26,8.892954405607623e-26,8.892954405607623e-26,8.892954405610817e-26,8.892954405631154e-26,8.89295442117578e-26,8.892954424284347e-26,8.892954581124789e-26,8.892954604822014e-26,8.892954600477062e-26,8.892954631010385e-26,8.892954631010385e-26,8.892954631046129e-26,8.892954591416494e-26,8.892954458977418e-26,8.892954446183635e-26,8.892954579036289e-26,8.892954579036288e-26,8.89295457902965e-26,8.892954579029654e-26,8.892954579037343e-26,8.892954581344635e-26,8.892951166981167e-26,8.892951166981164e-26,8.892951225347563e-26,8.892954524022251e-26,8.892954521929497e-26,8.892954521684852e-26,8.892954521592679e-26,8.892954521592677e-26,8.892954521587045e-26,8.892954521586358e-26,8.892951080190869e-26,8.892951079569677e-26,8.892951054279386e-26,8.89295108829623e-26,8.892950414175837e-26,8.892950414175847e-26,8.892950432320811e-26,8.892950432318615e-26,8.892950433693786e-26,8.892950425060136e-26,8.892950424130667e-26,8.892950390657742e-26,8.892950390638269e-26,8.892950392121386e-26,8.892950110447535e-26,8.892950110447531e-26,8.892950110447532e-26,8.892950110447535e-26,8.892949907211311e-26,8.892949800622722e-26,8.892949387981165e-26,8.892949359296795e-26,8.892949415374533e-26,8.892949392216743e-26,8.892949392238702e-26,8.892948040334424e-26,8.892948037953042e-26,8.892948051087042e-26,8.892947685102297e-26,8.892947701321984e-26,8.892947466490693e-26,8.892947466490692e-26,8.892947780108319e-26,8.892947780183097e-26,8.892947784841781e-26,8.892947784843325e-26,8.89294778498629e-26,8.892947741747935e-26,8.892947822443246e-26,8.89294781440089e-26,8.892947814401034e-26,8.892947855450046e-26,8.892947909894247e-26,8.892947909064656e-26,8.892947907544744e-26,8.892947884642857e-26,8.892947884642854e-26,8.892947903422058e-26,8.892947877926128e-26,8.892947877927324e-26,8.892947895656537e-26,8.892947996973012e-26,8.892948006346801e-26,8.892948006346961e-26,8.89294800635722e-26,8.892947989731981e-26,8.892947995642104e-26,8.892948038020082e-26,8.892948040046987e-26,8.892948040047044e-26,8.892948056165859e-26,8.892948050846205e-26,8.892948060462989e-26,8.892948062317304e-26,8.892948060720001e-26,8.892948718271477e-26,8.892948718271482e-26,8.892948718241322e-26,8.892948718241322e-26,8.892948764630095e-26,8.892948765007771e-26,8.89294876500242e-26,8.892948755886543e-26,8.892948755852354e-26,8.892948755852747e-26,8.892948755916662e-26,8.892948755912818e-26,8.89294875592568e-26,8.892948755923392e-26,8.892948755923392e-26,8.892948755924421e-26,8.892948755924377e-26,8.892948756010651e-26,8.892948755919712e-26,8.892948755919658e-26,8.892948755912941e-26,8.892948755912942e-26,8.89294875591295e-26,8.89294875545899e-26,8.8929487554573e-26,8.892948755457286e-26,8.892948755456878e-26,8.892948755456878e-26,8.89294875545613e-26,8.892948748702803e-26,8.892948748702803e-26,8.892948748702803e-26,8.89294875213155e-26,8.892948752943266e-26,8.892948752943264e-26,8.892948752943691e-26,8.892948752944253e-26,8.892948752944184e-26,8.892948752946564e-26,8.892948752946562e-26,8.892948752939176e-26,8.892948749529697e-26,8.892948749530846e-26,8.892948749520976e-26,8.892948749520889e-26,8.892948749517849e-26,8.892948749519449e-26,8.892948749604971e-26,8.892948749639438e-26,8.892948749668139e-26,8.892948749667784e-26,8.892948749668703e-26,8.892948749666483e-26,8.892948749717747e-26,8.892948749635469e-26,8.892948749635563e-26,8.892948749506107e-26,8.892948749506114e-26,8.892948749506573e-26,8.892948749490231e-26,8.892948749490231e-26,8.892948749489285e-26,8.892948749489292e-26,8.89294874938794e-26,8.892948749384716e-26,8.892948749384716e-26,8.892948749297622e-26,8.892948729013925e-26,8.892948733339865e-26,8.892948733339901e-26,8.892948733339899e-26,8.892948723016854e-26,8.892948723029015e-26,8.892948722954226e-26,8.892948722954224e-26,8.892948733095667e-26,8.892948733095665e-26,8.892948732870907e-26,8.892948897649012e-26,8.892949886107416e-26,8.892949895389237e-26,8.892949871525468e-26,8.892949871605809e-26,8.892949840988547e-26,8.892949839802122e-26,8.892949839802122e-26,8.892949843581133e-26,8.892949843580949e-26,8.892949843641193e-26,8.892949871362096e-26,8.892949871362555e-26,8.892949871363872e-26,8.892949871363871e-26,8.892949871217548e-26,8.892949871215149e-26,8.89294987377075e-26,8.892949873770748e-26,8.892949875985195e-26,8.89295137250609e-26,8.89295099272712e-26,8.892950992736447e-26,8.892951357416515e-26,8.892951357905888e-26,8.892951357905885e-26,8.892951357902172e-26,8.892951360164474e-26,8.89295136016447e-26,8.892951363399733e-26,8.892951404998445e-26,8.892948622223333e-26,8.892948622225633e-26,8.892948656337085e-26,8.892948656337083e-26,8.892948656337077e-26,8.892948656337081e-26,8.892948656336843e-26,8.892948656342495e-26,8.892948656345119e-26,8.89294865649589e-26,8.892948656495889e-26,8.892948656499975e-26,8.892948656608829e-26,8.89294865641657e-26,8.892948649955733e-26,8.892948649947861e-26,8.892948649937179e-26,8.892947093924712e-26,8.892947094460709e-26,8.892947239089004e-26,8.892947263072535e-26,8.892947266397775e-26,8.89294723005156e-26,8.892947245865441e-26,8.892947246944601e-26,8.892947246944646e-26,8.892947246945523e-26,8.892947246945471e-26,8.892947246945469e-26,8.892947246945143e-26,8.892947246944676e-26,8.892947217084558e-26,8.892947217084559e-26,8.892947005157033e-26,8.892947005157034e-26,8.892947005060541e-26,8.892947005060535e-26,8.892947005058638e-26,8.892946995833445e-26,8.892946995833448e-26,8.892942129174516e-26,8.89294208180266e-26,8.892942081802663e-26,8.892942076830264e-26,8.892942094814243e-26,8.892942099170238e-26,8.892942098926556e-26,8.892943081737591e-26,8.892943081750543e-26,8.892942977906461e-26,8.892942977906458e-26,8.892942978209539e-26,8.892939957261167e-26,8.892940047663709e-26,8.89294010438937e-26,8.892940578265646e-26,8.892940583414045e-26,8.892940578936417e-26,8.89294052254994e-26,8.893058817816064e-26,8.893058813622834e-26,8.893058809965681e-26,8.893058812852426e-26,8.893058809857873e-26,8.893058815838949e-26,8.893058815838949e-26,8.893058815838947e-26,8.893059338981518e-26,8.893059338981517e-26,8.8930593608243e-26,8.89305936462622e-26,8.893059364625671e-26,8.893059365747579e-26,8.89305936696097e-26,8.893059367331371e-26,8.893059365601008e-26,8.893059405485557e-26,8.893059405486709e-26,8.893059407748708e-26,8.893059409061669e-26,8.893059407810352e-26,8.893059407810381e-26,8.893059316667138e-26,8.893059317086784e-26,8.893059317085993e-26,8.893059295560051e-26,8.89305929705452e-26,8.893059297055255e-26,8.893059297054655e-26,8.893059297023895e-26,8.89305929702402e-26,8.89305834257825e-26,8.89305847597563e-26,8.893058447652014e-26,8.893058431353631e-26,8.893058454795043e-26,8.893058454795041e-26,8.893058456353222e-26,8.893058454486936e-26,8.893058490559357e-26,8.893058467328976e-26,8.893058491964703e-26,8.893058486757686e-26,8.893058454438832e-26,8.893058454438654e-26,8.893058672168202e-26,8.893058669511077e-26,8.893058711615122e-26,8.893068234284082e-26,8.89306824483681e-26,8.893068244836877e-26,8.893068250213207e-26,8.893068272234024e-26,8.893068193453665e-26,8.893068165393404e-26,8.893076193934973e-26,8.893076378060566e-26,8.893076379442373e-26,8.893076379488794e-26,8.893078095373493e-26,8.89307809537349e-26,8.893078095376568e-26,8.893078095429584e-26,8.893078095138226e-26,8.893078093772721e-26,8.893078089094286e-26,8.893078088965676e-26,8.893078152483948e-26,8.893078152483948e-26,8.893078155396372e-26,8.893078440479103e-26,8.893078443330837e-26,8.893078443306882e-26,8.893078443306883e-26,8.893078446174594e-26,8.89307844617464e-26,8.893078446176993e-26,8.893078446183237e-26,8.893078446101971e-26,8.89307844610197e-26,8.893078440058866e-26,8.893078370901297e-26,8.893078370898051e-26,8.893076352014671e-26,8.893076243286795e-26,8.893076243643588e-26,8.893076244514687e-26,8.89307624371526e-26,8.893076244796085e-26,8.893076555389081e-26,8.893076555435201e-26,8.893076521623589e-26,8.893076515568738e-26,8.893076509347266e-26,8.893076509342671e-26,8.893076506988547e-26,8.893076679754835e-26,8.893076679754835e-26,8.893081010676279e-26,8.893081011865909e-26,8.893081011902314e-26,8.893081011902329e-26,8.893081016844999e-26,8.893081016637596e-26,8.893081044102769e-26,8.893081048523823e-26,8.893081048533353e-26,8.893081797004759e-26,8.893081797041649e-26,8.893081797001887e-26,8.893081796996471e-26,8.893081796651547e-26,8.893081796651548e-26,8.893081790320784e-26,8.893081789927985e-26,8.893081704905312e-26,8.893081704905313e-26,8.893081704905313e-26,8.893081704905312e-26,8.893081704905313e-26,8.893081704905314e-26,8.893081693864533e-26,8.893081694851879e-26,8.893081694133538e-26,8.89308171315896e-26,8.893085927608186e-26,8.893085927607866e-26,8.893085927607866e-26,8.893085927607845e-26,8.893085927604037e-26,8.893085914306296e-26,8.893085856463266e-26,8.893085857462374e-26,8.893085857462372e-26,8.893085857404141e-26,8.893085857387729e-26,8.893085860689833e-26,8.893085906788273e-26,8.893141692130751e-26,8.893141882359788e-26,8.893141882387768e-26,8.893141882387768e-26,8.893328568697192e-26,8.893330626521114e-26,8.893330632743611e-26,8.8933306209884e-26,8.893330622241493e-26,8.893330019646757e-26,8.89333002312041e-26,8.893330015821657e-26,8.89333014199393e-26,8.893330142028253e-26,8.893330142028253e-26,8.893330142898568e-26,8.893330142898567e-26,8.893330155294493e-26,8.893330155859838e-26,8.89333024991988e-26,8.89333025030522e-26,8.893330250304488e-26,8.893330266871665e-26,8.893329880147174e-26,8.893329879917761e-26,8.893326946583129e-26,8.893326917036936e-26,8.893326882274972e-26,8.893326882275047e-26,8.893325697713844e-26,8.893325697713845e-26,8.893325697696318e-26,8.893325616080758e-26,8.893325616080788e-26,8.893325453595644e-26,8.893325375220455e-26,8.893325375160773e-26,8.893325351334902e-26,8.893325341157266e-26,8.8933252831974e-26,8.893325427039668e-26,8.893325426371968e-26,8.893325434355438e-26,8.89332543444596e-26,8.89332539176145e-26,8.893325388009192e-26,8.893325459554843e-26,8.893325459554844e-26,8.893325483535845e-26,8.893325507257507e-26,8.893325502438326e-26,8.89332546186599e-26,8.893325461860585e-26,8.893325501333208e-26,8.893325501553477e-26,8.89332550257365e-26,8.893325504624944e-26,8.893325504625831e-26,8.893325470194554e-26,8.893325465010555e-26,8.893325464370802e-26,8.893325466967614e-26,8.893325466967615e-26,8.893325466967619e-26,8.893325466967641e-26,8.893325466967653e-26,8.893325466967656e-26,8.893325466734897e-26,8.89332546674847e-26,8.893325466748672e-26,8.89332546674868e-26,8.893325444798848e-26,8.893325444798844e-26,8.893325444833753e-26,8.893325446681885e-26,8.893325446745653e-26,8.893325445496158e-26,8.893325445303849e-26,8.893325441584375e-26,8.893325440950751e-26,8.893325440827535e-26,8.893325440827534e-26,8.89332544080981e-26,8.893325370078492e-26,8.893325370573956e-26,8.893325370426367e-26,8.893325326281666e-26,8.893325415141168e-26,8.89332541462321e-26,8.893325414623206e-26,8.893326671596647e-26,8.893326671596648e-26,8.89332667205919e-26,8.89332667787394e-26,8.893326677873938e-26,8.893326551579241e-26,8.893339991943195e-26,8.893339992701242e-26,8.893339992897101e-26,8.893339833230467e-26,8.893339833230466e-26,8.893339833230467e-26,8.893339833230484e-26,8.893339833232856e-26,8.89334387910672e-26,8.893343879077968e-26,8.893343886032713e-26,8.893343886031834e-26,8.893343886049825e-26,8.893343886036047e-26,8.893343896979976e-26,8.893343896980014e-26,8.893343892893536e-26,8.89334389397449e-26,8.893343896912972e-26,8.89334393352319e-26,8.893343932144529e-26,8.893343932144532e-26,8.893343932144534e-26,8.893343932188341e-26,8.89334394611868e-26,8.893343948644542e-26,8.893343949694632e-26,8.893343949687276e-26,8.893343949682434e-26,8.893343947113164e-26,8.893343947113164e-26,8.893343944710208e-26,8.893343946187366e-26,8.89334394551094e-26,8.893343943523043e-26,8.893343947532855e-26,8.893343947186735e-26,8.893343947186732e-26,8.89334394720403e-26,8.89334393035996e-26,8.893343930671401e-26,8.893343930671857e-26,8.893344096182318e-26,8.893344245131675e-26,8.893344264830956e-26,8.893344260175217e-26,8.893344260204586e-26,8.893343149665212e-26,8.893343149856132e-26,8.89334314986374e-26,8.893343398486958e-26,8.893343463028497e-26,8.89334346435399e-26,8.893343464353991e-26,8.893343319073813e-26,8.893343323675203e-26,8.893343290996341e-26,8.893343289895177e-26,8.893343289999951e-26,8.893345176870684e-26,8.893345180573652e-26,8.893345184189662e-26,8.893345184188982e-26,8.893345193233878e-26,8.893345182556014e-26,8.893345182507678e-26,8.893345021997579e-26,8.893345021997578e-26,8.893345022055111e-26,8.893345022055111e-26,8.89334502205511e-26,8.893345214804755e-26,8.89334552954243e-26,8.89334697400124e-26,8.893346968206878e-26,8.893346953177477e-26,8.893346622039621e-26,8.89334662716255e-26,8.893346627162548e-26,8.8933466075716e-26,8.893346607420015e-26,8.893346606863429e-26,8.893346606863425e-26,8.893346606863424e-26,8.893346606862856e-26,8.893346606862857e-26,8.893346603038259e-26,8.893346562408958e-26,8.893347061665521e-26,8.893347056686496e-26,8.893347059490452e-26,8.893347058839029e-26,8.89334276340981e-26,8.893342760175279e-26,8.893342760416258e-26,8.893342760442628e-26,8.893342760197776e-26,8.893351064533322e-26,8.89335106454271e-26,8.893351064542712e-26,8.893351708276779e-26,8.893351699972699e-26,8.893351699972941e-26,8.893351699972941e-26,8.893351660047848e-26,8.893351727358495e-26,8.893351730576281e-26,8.893351757163668e-26,8.893351756540988e-26,8.893351756538621e-26,8.893286846524139e-26,8.893286850657461e-26,8.893286944812304e-26,8.89328709710071e-26,8.893287097100712e-26,8.893287097100707e-26,8.893287097100708e-26,8.89328714920651e-26,8.893287149124787e-26,8.893287173833239e-26,8.893288082624227e-26,8.893305986527771e-26,8.893305986549381e-26,8.893305986549382e-26,8.893322274446241e-26,8.893322274916411e-26,8.893322265357895e-26,8.893322262816254e-26,8.89332225382109e-26,8.893322404562994e-26,8.893322404609287e-26,8.893322405319586e-26,8.893322492691322e-26,8.893322492691318e-26,8.893322312910984e-26,8.893322310598257e-26,8.893322313976918e-26,8.89332231397692e-26,8.893322409715446e-26,8.893322399701528e-26,8.893322400462187e-26,8.893322400397961e-26,8.893322400643105e-26,8.893322459666484e-26,8.893322459666318e-26,8.893322534882291e-26,8.893322534875586e-26,8.893322557593813e-26,8.893322557675105e-26,8.893322557675102e-26,8.893322558706286e-26,8.893322558706284e-26,8.893302503248414e-26,8.893302499764754e-26,8.893302500159293e-26,8.893302500206826e-26,8.893303694345474e-26,8.893303692164323e-26,8.893303692108533e-26,8.893303692398204e-26,8.893303691460952e-26,8.893305139297516e-26,8.8933051392957e-26,8.893305139295687e-26,8.89330511253525e-26,8.893305112535186e-26,8.893305138250767e-26,8.893305138297673e-26,8.893305136225753e-26,8.893305136072428e-26,8.893305273522898e-26,8.893305229375126e-26,8.893305229688054e-26,8.893305229931806e-26,8.893305231528815e-26,8.893305210932088e-26,8.89330521093258e-26,8.893305210204358e-26,8.893305389702185e-26,8.893305389702157e-26,8.893305392572899e-26,8.893305392576388e-26,8.893305407011231e-26,8.893305429006732e-26,8.893306267853878e-26,8.893306273886435e-26,8.893307785008777e-26,8.893307649998405e-26,8.893307648408943e-26,8.893307648380612e-26,8.893307647625321e-26,8.893307649656386e-26,8.893307649752086e-26,8.893307649550627e-26,8.893304516674669e-26,8.893304516680513e-26,8.893304527468136e-26,8.893304527468541e-26,8.893304563154312e-26,8.893304313200052e-26,8.893304309302473e-26,8.893303426721755e-26,8.893303426720086e-26,8.893303473809686e-26,8.893303473809686e-26,8.893303473809424e-26,8.893303473828824e-26,8.893303500381669e-26,8.893303488625305e-26,8.893303488661198e-26,8.89330348781822e-26,8.893303487256806e-26,8.893303486403791e-26,8.893302882293037e-26,8.893301938547377e-26,8.893301946274556e-26,8.893298949391851e-26,8.893298949365977e-26,8.893298986714797e-26,8.893298895380201e-26,8.893298894079337e-26,8.893298871928488e-26,8.893295140953138e-26,8.893295225878643e-26,8.893295239904209e-26,8.893295239904218e-26,8.893295240306078e-26,8.89329525358308e-26,8.893295252058446e-26,8.893295236001434e-26,8.893295498337269e-26,8.893295498306304e-26,8.893295276644473e-26,8.893295472118168e-26,8.89329547214609e-26,8.89329560788398e-26,8.893295607883963e-26,8.893295609571829e-26,8.893295609572107e-26,8.893295609568828e-26,8.893295609629351e-26,8.89329560963761e-26,8.893295609617733e-26,8.893295608514267e-26,8.893295608611987e-26,8.893295608611253e-26,8.893295608546559e-26,8.893266807884102e-26,8.893266798781177e-26,8.893268203535884e-26,8.893268188233424e-26,8.893268188325194e-26,8.893268188345551e-26,8.89326818835604e-26,8.893268185283594e-26,8.893268185223019e-26,8.893268176165458e-26,8.893268174861908e-26,8.89326817652646e-26,8.893268146410096e-26,8.893268366701467e-26,8.893268366497802e-26,8.893268366071829e-26,8.893268366075684e-26,8.89326836608189e-26,8.89326836608189e-26,8.893268366071252e-26,8.89326838653258e-26,8.893268386532584e-26,8.893268386532582e-26,8.893268386528506e-26,8.893268380139236e-26,8.893268380099154e-26,8.893268380098672e-26,8.893268347826863e-26,8.893268200571293e-26,8.893268226476206e-26,8.893268163228883e-26,8.893268163043096e-26,8.893564356970354e-26,8.893500849652442e-26,8.893500977043462e-26,8.893500977037915e-26,8.893500977031505e-26,8.893500976932517e-26,8.893500976932533e-26,8.893500944313138e-26,8.893500944230566e-26,8.893500948580595e-26,8.893500956485863e-26,8.893500973135187e-26,8.893500973124317e-26,8.893500973763246e-26,8.893500903904484e-26,8.893500903238542e-26,8.893500903196225e-26,8.893501213692674e-26,8.893497771915591e-26,8.89349777192515e-26,8.893497656060011e-26,8.893496662051235e-26,8.893496729890814e-26,8.893494968047431e-26,8.893493466336116e-26,8.893493467732204e-26,8.893494102127493e-26,8.893494102128723e-26,8.893494110023933e-26,8.893494091660926e-26,8.893494091680614e-26,8.893494095237601e-26,8.893494096448752e-26,8.893493972373258e-26,8.893493979205625e-26,8.893493979264916e-26,8.893493073743916e-26,8.893489340295684e-26,8.893489337822551e-26,8.893489335036445e-26,8.893489331981293e-26,8.893489314627058e-26,8.893489314638721e-26,8.893489314273925e-26,8.893489313760968e-26,8.893489310872006e-26,8.893489306299523e-26,8.89348929783946e-26,8.893477948625841e-26,8.893477191413161e-26,8.89347720627302e-26,8.893477214000919e-26,8.893477214371563e-26,8.893477203212246e-26,8.893477203213145e-26,8.893477203213698e-26,8.893477199179971e-26,8.893477204429096e-26,8.893477208046371e-26,8.893474001300287e-26,8.893504417724984e-26,8.893504430322845e-26,8.893504427518792e-26,8.893504435459276e-26,8.893504435454307e-26,8.8935045397389e-26,8.893504820899711e-26,8.893505210806338e-26,8.893505209687774e-26,8.893506477256304e-26,8.893506929057245e-26,8.893506961280445e-26,8.89350696176154e-26,8.893506944833656e-26,8.893506927196034e-26,8.893506933589395e-26,8.89350693358939e-26,8.893506933703573e-26,8.893506933695553e-26,8.893506895838114e-26,8.893506895838125e-26,8.893506892497824e-26,8.893506892497828e-26,8.893506892497827e-26,8.893506892494829e-26,8.893506892480679e-26,8.893506893323819e-26,8.893506894959717e-26,8.893506900196782e-26,8.8935069003206e-26,8.893507045148131e-26,8.893506925959015e-26,8.893506925959014e-26,8.89350692452466e-26,8.893506923447084e-26,8.893507355395365e-26,8.893507308570231e-26,8.893507309422771e-26,8.893506962530257e-26,8.89350696123733e-26,8.89350702523134e-26,8.893507025231989e-26,8.893506981874644e-26,8.893506981979403e-26,8.89350698198433e-26,8.893507072278441e-26,8.893507071808622e-26,8.893507058608586e-26,8.893507082900632e-26,8.893507147763091e-26,8.893504292601993e-26,8.893504305228472e-26,8.893504306229915e-26,8.893504306552905e-26,8.893504306552904e-26,8.893504305975959e-26,8.893504307274105e-26,8.893504307275242e-26,8.893504311601744e-26,8.893504443113879e-26,8.893504449341847e-26,8.893504449341844e-26,8.893504673537535e-26,8.893495543995892e-26,8.893495540469022e-26,8.893495540469618e-26,8.893495540469618e-26,8.893495472944398e-26,8.893480603493271e-26,8.893480594853125e-26,8.893480666427598e-26,8.893480672217e-26,8.893480671762851e-26,8.893480671762854e-26,8.893480671762328e-26,8.893480671762329e-26,8.893480671758343e-26,8.893480671750332e-26,8.893480671750346e-26,8.893480090498834e-26,8.893480090498929e-26,8.893480090498903e-26,8.893480090498908e-26,8.893480090875432e-26,8.893480002503012e-26,8.893480006302024e-26,8.893480439855397e-26,8.893480812628134e-26,8.893480811163252e-26,8.893480734981565e-26,8.893480725790881e-26,8.893479861167387e-26,8.893481091821562e-26,8.893481095610277e-26,8.893481095621649e-26,8.893481068924099e-26,8.893481068920122e-26,8.893481066368498e-26,8.893481066368644e-26,8.893481066370075e-26,8.893481061175014e-26,8.893481053982538e-26,8.89348105401999e-26,8.893481063237657e-26,8.893481056331977e-26,8.893481056331979e-26,8.89348105633198e-26,8.893479906113501e-26,8.893479906113502e-26,8.893479905309741e-26,8.893479905309738e-26,8.893478602839215e-26,8.893478520492522e-26,8.893478520608167e-26,8.893478520711764e-26,8.893478520700857e-26,8.893478518132878e-26,8.893478512673456e-26,8.893478512673464e-26,8.893478512673224e-26,8.893478512840849e-26,8.893478511826461e-26,8.893478511826458e-26,8.893478513139158e-26,8.893478522948934e-26,8.893478522777322e-26,8.893478524928117e-26,8.893478524928116e-26,8.893478525479283e-26,8.893478525479283e-26,8.893478524993483e-26,8.893478551579848e-26,8.893478550494694e-26,8.893478550492056e-26,8.893478550270629e-26,8.893478554178864e-26,8.893478552400176e-26,8.893478552400176e-26,8.893478551835787e-26,8.893478549117457e-26,8.893478546478113e-26,8.89347853615738e-26,8.893478550238322e-26,8.893478550242789e-26,8.893478550242788e-26,8.893478550241847e-26,8.893477915811234e-26,8.893477915811235e-26,8.893477915811236e-26,8.893477908306614e-26,8.893477908267662e-26,8.893477900933485e-26,8.893477927997103e-26,8.893477926937241e-26,8.893477952262972e-26,8.893477947712238e-26,8.893477945219557e-26,8.89347794769149e-26,8.89347794769207e-26,8.893477947691884e-26,8.893477948197794e-26,8.89347795014221e-26,8.89347966561213e-26,8.893479644190537e-26,8.893479647612364e-26,8.893479873419102e-26,8.893479901302424e-26,8.893479929085849e-26,8.893479732216476e-26,8.893479732216545e-26,8.893479320212878e-26,8.893479324271154e-26,8.89347936275908e-26,8.89347936043019e-26,8.893479360430193e-26,8.893479358326549e-26,8.893479365836512e-26,8.893479326293207e-26,8.893479324345888e-26,8.893479324345884e-26,8.893479314542519e-26,8.893479493138325e-26,8.893479493138325e-26,8.893479493138325e-26,8.893479493138409e-26,8.893479493138396e-26,8.893479493912057e-26,8.893479493912036e-26,8.893479446461315e-26,8.893479463781774e-26,8.893479463781805e-26,8.893479473381621e-26,8.893479473589081e-26,8.893479474171641e-26,8.893479467068212e-26,8.893479468627068e-26,8.893479468263531e-26,8.893479468263529e-26,8.893479468263528e-26,8.893479468263507e-26,8.893479469128813e-26,8.893479468677384e-26,8.893479468948338e-26,8.893479479625687e-26,8.893479495569625e-26,8.89347950203654e-26,8.89347950203654e-26,8.893479510603504e-26,8.893479601656241e-26,8.893479600503786e-26,8.893479608325626e-26,8.893479559635146e-26,8.893479559637183e-26,8.893479559637183e-26,8.89347955964482e-26,8.893479559647474e-26,8.89347955962193e-26,8.89347759186607e-26,8.893477591866596e-26,8.893477591866593e-26,8.893477591866593e-26,8.893476734347336e-26,8.893476734347337e-26,8.893414276229685e-26,8.893414276046751e-26,8.89341428121424e-26,8.893413379401154e-26,8.893413404322987e-26,8.893417770117495e-26,8.893420071807678e-26,8.893420002941839e-26,8.893420851388627e-26,8.893420877134793e-26,8.89342090019552e-26,8.893420908798068e-26,8.893421439766076e-26,8.893421439967324e-26,8.893421439969078e-26,8.893421439820626e-26,8.893421438609508e-26,8.893421442970084e-26,8.893421435441319e-26,8.893421443657277e-26,8.893421443659559e-26,8.8934214436593e-26,8.89342144335545e-26,8.893421451419787e-26,8.893421538813667e-26,8.893421523401221e-26,8.893421545478553e-26,8.893421545480078e-26,8.893421509252585e-26,8.893421545209117e-26,8.893421545306864e-26,8.893421513473269e-26,8.89342231364841e-26,8.893420592853972e-26,8.893420690676794e-26,8.89342071632083e-26,8.893420759733094e-26,8.893420759733095e-26,8.893420759733097e-26,8.89342076882293e-26,8.893420768815491e-26,8.893420768800717e-26,8.89342080977341e-26,8.893420809706513e-26,8.893420808021934e-26,8.893420795508356e-26,8.893420795508357e-26,8.893420795432699e-26,8.893420795430379e-26,8.893420789720277e-26,8.893420780382103e-26,8.893420779497278e-26,8.893420779497768e-26,8.893419959236807e-26,8.893419961906107e-26,8.893419617747799e-26,8.893419617745273e-26,8.893419620934842e-26,8.893419335909607e-26,8.893419335909607e-26,8.893419335909609e-26,8.893419332088141e-26,8.893419332089557e-26,8.893417100708612e-26,8.893417097228175e-26,8.893417050730314e-26,8.893417066021681e-26,8.893417066604084e-26,8.893417071977601e-26,8.89341707027376e-26,8.893419399060634e-26,8.893421699551307e-26,8.893421346842659e-26,8.89342134684266e-26,8.893421346842659e-26,8.893421346841997e-26,8.893421351777787e-26,8.89342135178378e-26,8.893421351765086e-26,8.893421351775746e-26,8.893421351775748e-26,8.893421387465032e-26,8.893421385875838e-26,8.893421385968018e-26,8.893421385002286e-26,8.893421385675539e-26,8.893421385675539e-26,8.893421386314447e-26,8.893421386314438e-26,8.89342138592011e-26,8.893423135628775e-26,8.893423158396803e-26,8.893423158393201e-26,8.893423154723109e-26,8.89342315888868e-26,8.893423157257589e-26,8.893423158071067e-26,8.893423158098154e-26,8.893423155110154e-26,8.893423082021547e-26,8.893423082021547e-26,8.893423082762593e-26,8.893423082764327e-26,8.893423052366404e-26,8.893423053255925e-26,8.893423052232949e-26,8.893423091051841e-26,8.893423091056037e-26,8.893423204091355e-26,8.893423155850266e-26,8.893433277121893e-26,8.893433472699821e-26,8.893433491061183e-26,8.893373581721182e-26,8.893373585841148e-26,8.893373590346075e-26,8.893373590346981e-26,8.893373592537005e-26,8.893373597138708e-26,8.89337359735591e-26,8.893388992482442e-26,8.893388992586406e-26,8.893388993243627e-26,8.893388994366678e-26,8.893388085856771e-26,8.893388182221415e-26,8.893388182221012e-26,8.893388182256661e-26,8.893388191659588e-26,8.893388179732559e-26,8.89338817779936e-26,8.893387948517295e-26,8.893387948407851e-26,8.893387948407849e-26,8.893388135950028e-26,8.893388136710732e-26,8.89338813430175e-26,8.893388136468761e-26,8.893388136475026e-26,8.893388136475188e-26,8.89338813644213e-26,8.893388136443552e-26,8.893388135046345e-26,8.893388135046347e-26,8.893388135046344e-26,8.893388135046345e-26,8.893388135046347e-26,8.893388135046346e-26,8.893388135046345e-26,8.893388135046345e-26,8.893388135046348e-26,8.893388135046347e-26,8.893388135046345e-26,8.893388135046347e-26,8.893388135046694e-26,8.893388135046743e-26,8.893388135046749e-26,8.893388135046748e-26,8.893388135046748e-26,8.893388135046748e-26,8.893388135046468e-26,8.893388135046471e-26,8.893388135046478e-26,8.893388135046479e-26,8.893388135046479e-26,8.893388135046478e-26,8.893388135046479e-26,8.89338815075641e-26,8.893388154152566e-26,8.893388154490749e-26,8.8933875834224e-26,8.893387546073024e-26,8.893387546212225e-26,8.893387546508644e-26,8.893387482107654e-26,8.893387481365959e-26,8.893387480290635e-26,8.893387489775701e-26,8.893387507018013e-26,8.893387506328761e-26,8.893388014120253e-26,8.893388009187627e-26,8.893387912387917e-26,8.89338791239908e-26,8.893387911172693e-26,8.893387911045482e-26,8.89338791055926e-26,8.893387910495991e-26,8.893388812423601e-26,8.893388812423597e-26,8.893388820186276e-26,8.893388818724302e-26,8.893388812224233e-26,8.893388812501959e-26,8.893388810561642e-26,8.893388858787171e-26,8.893388858588193e-26,8.893388863583451e-26,8.89338886383166e-26,8.893388864657053e-26,8.893388743295598e-26,8.893388742586587e-26,8.893388743984966e-26,8.893389009196515e-26,8.893388915286514e-26,8.893389695704727e-26,8.893389597430342e-26,8.893389597344054e-26,8.893388669106967e-26,8.893384752773832e-26,8.893384752727033e-26,8.893384752727033e-26,8.893385248367943e-26,8.893385248141568e-26,8.893385247795357e-26,8.893385247888088e-26,8.893385247362949e-26,8.8933852370215e-26,8.893385237021499e-26,8.893401097817603e-26,8.893401097817232e-26,8.893401239495072e-26,8.893401253800617e-26,8.893403271139054e-26,8.893403271139076e-26,8.893403270930122e-26,8.893403281203774e-26,8.893403281659371e-26,8.893403265056134e-26,8.893414800995021e-26,8.89341401959409e-26,8.893414071969918e-26,8.89341407027642e-26,8.893414118533419e-26,8.893413178186862e-26,8.892994632174768e-26,8.893069815609199e-26,8.893069814890929e-26,8.893069814890935e-26,8.893069814733833e-26,8.89306981371439e-26,8.893064255491028e-26,8.893064255357932e-26,8.893065668969198e-26,8.893066929112587e-26,8.893066925685419e-26,8.893064142638588e-26,8.8930641426394e-26,8.893064142639401e-26,8.893064093958387e-26,8.893064096232751e-26,8.893064097353205e-26,8.893063905055092e-26,8.893063882392193e-26,8.893063905946401e-26,8.893063903615778e-26,8.893063910505225e-26,8.893063876207763e-26,8.893063876207669e-26,8.893063858499256e-26,8.893063858496913e-26,8.893063813877731e-26,8.89306381389603e-26,8.893063814209705e-26,8.893063814209698e-26,8.893063916970775e-26,8.893063916970773e-26,8.893063884023252e-26,8.893063909403755e-26,8.893063911617901e-26,8.89306391161879e-26,8.893063914396155e-26,8.893063914392397e-26,8.893063991756551e-26,8.893063991757284e-26,8.893063981647265e-26,8.893063981587164e-26,8.89305834514669e-26,8.893061896552074e-26,8.893062984967494e-26,8.893064292787662e-26,8.893059884581561e-26,8.893049302047856e-26,8.893049297700463e-26,8.89304933281041e-26,8.893048972271226e-26,8.893048968804631e-26,8.893049001525984e-26,8.893049041174689e-26,8.893044282832726e-26,8.893044301564e-26,8.893044301705592e-26,8.893044301478308e-26,8.893044318177192e-26,8.893044318770912e-26,8.893051149127732e-26,8.893051149126413e-26,8.89305114872852e-26,8.893051149897252e-26,8.893051149897692e-26,8.893052188289786e-26,8.893052209141716e-26,8.893031386373671e-26,8.89303137196525e-26,8.893031374423682e-26,8.893028136439272e-26,8.893028554637542e-26,8.893028570124426e-26,8.893028575699918e-26,8.893028572961524e-26,8.893028380031642e-26,8.893028658538278e-26,8.893028912064839e-26,8.893029261608732e-26,8.893029262427403e-26,8.893029499320364e-26,8.893029538115037e-26,8.892967746281738e-26,8.892967691618677e-26,8.892967690568889e-26,8.892967086200928e-26,8.892970183264467e-26,8.892969865708827e-26,8.892969867880587e-26,8.89296965784268e-26,8.89296965784268e-26,8.892969657842387e-26,8.892969692669581e-26,8.892969692364521e-26,8.892969692364556e-26,8.892969674905174e-26,8.892969674900084e-26,8.892969672634577e-26,8.89296986324781e-26,8.892994173141269e-26,8.892994195542495e-26,8.892994195542494e-26,8.892994195623773e-26,8.892994354187914e-26,8.892994461377638e-26,8.892994533050065e-26,8.892994533058581e-26,8.892994662430332e-26,8.892995671795221e-26,8.892995673405454e-26,8.89299566295874e-26,8.893004042038917e-26,8.893004055101193e-26,8.893004094102715e-26,8.89300404152239e-26,8.893004041522389e-26,8.892992645064872e-26,8.892992645064877e-26,8.892992628282934e-26,8.892992524964855e-26,8.892992524988634e-26,8.892992496082466e-26,8.892992372660047e-26,8.892992392110569e-26,8.892992391991152e-26,8.892992391991158e-26,8.892994804065096e-26,8.892994804057176e-26,8.892994804056271e-26,8.892994804579747e-26,8.892994806039205e-26,8.892994806039205e-26,8.892994806039201e-26,8.89299480612012e-26,8.892994806120073e-26,8.892994806120326e-26,8.892994806125091e-26,8.892994800004942e-26,8.892994799924548e-26,8.892994798300599e-26,8.892994686914503e-26,8.892994686865098e-26,8.892994690006017e-26,8.892994693808243e-26,8.892994693808383e-26,8.892995250995687e-26,8.892995251031702e-26,8.892995261126265e-26,8.892995265886698e-26,8.892995518575665e-26,8.892995518772302e-26,8.892995518772169e-26,8.89299551522353e-26,8.892995531425592e-26,8.892995528645379e-26,8.892995533311313e-26,8.892995181743638e-26,8.892995232476157e-26,8.892995231151323e-26,8.89299881038906e-26,8.892998810446807e-26,8.892998810447081e-26,8.892998790053255e-26,8.892998790834206e-26,8.892999708389794e-26,8.892999707728906e-26,8.89299944158839e-26,8.892999438451102e-26,8.89299943843803e-26,8.89299943843803e-26,8.892999438418687e-26,8.892999438464625e-26,8.89299944198227e-26,8.892999441982416e-26,8.892999436428733e-26,8.892999436408327e-26,8.893020544400104e-26,8.893020543084287e-26,8.893026949392632e-26,8.893026419793819e-26,8.893026419793821e-26,8.893026421794383e-26,8.893024490071345e-26,8.893024490071341e-26,8.893024486598524e-26,8.893024106018603e-26,8.893024111072093e-26,8.893024062238021e-26,8.892969409339095e-26,8.892969586410578e-26,8.892969584368417e-26,8.892969570761422e-26,8.89296957076171e-26,8.892969570044584e-26,8.892969789539413e-26,8.89296979067313e-26,8.892970222967927e-26,8.892970222967927e-26,8.89297022297716e-26,8.892979768385192e-26,8.892979768919332e-26,8.892979773901751e-26,8.892969739932779e-26,8.892968948390297e-26,8.892968963314246e-26,8.892968963292099e-26,8.892968964364989e-26,8.892971779325807e-26,8.892971779948415e-26,8.892971795326348e-26,8.892971075933161e-26,8.892971074130463e-26,8.89297107670968e-26,8.893031251467492e-26,8.893031248186676e-26,8.893031247386987e-26,8.893031247374741e-26,8.89303124737474e-26,8.89303125027278e-26,8.893031250272648e-26,8.893031250229073e-26,8.893031248509464e-26,8.893031358865632e-26,8.893031358865631e-26,8.893031351944787e-26,8.89303135194295e-26,8.893031344675324e-26,8.893031343820634e-26,8.893031342978354e-26,8.893031367645612e-26,8.893031361589093e-26,8.893031361589099e-26,8.893028191611487e-26,8.893028191611489e-26
3,0.10526304553491962,0.10526304553491962,0.10526304553491962,0.10526304553491961,0.10526304553491961,0.10526304553491961,0.10526304553491961,0.10526304553491961,0.10526304553491961,0.10526304553491961,0.10526304553491961,0.10526304553491961,0.10526304553491961,0.10526304553491961,0.10526304553491961,0.10526304553491961,0.10526304553491961,0.10526304553491961,0.10526304553491961,0.10526304553491961,0.10526304553491961,0.10526304553491961,0.10526304553491961,0.10526304553491961,0.10526304553491961,0.10526304553491961,0.10526304553491961,0.10526304553491961,0.10526304553491961,0.10526304553491961,0.10526304553491961,0.10526304553491961,0.10526304553491961,0.10526304553491961,0.10526304553491961,0.10526304553491961,0.10526304553491961,0.10526304553491961,0.10526304553491961,0.10526304553491961,0.10526304553491961,0.10526304553491961,0.10526304553491961,0.10526304553491961,0.10526304553491961,0.10526304553491961,0.10526304553491961,0.10526304553491961,0.10526304553491961,0.10526304553491961,0.10526304553491961,0.10526304553491961,0.10526304553491961,0.10526304553491961,0.10526304553491961,0.10526304553491961,0.10526304553491961,0.10526304553491961,0.10526304553491961,0.10526304553491961,0.10526304553491961,0.10526304553491961,0.10526304553491961,0.10526304553491961,0.10526304553491961,0.10526304553491961,0.10526304553491961,0.10526304553491961,0.10526304553491961,0.10526304553491961,0.10526304553491961,0.10526304553491961,0.10526304553491961,0.10526304553491961,0.10526304553491961,0.10526304553491961,0.10526304553491961,0.10526304553491961,0.10526304553491961,0.10526304553491961,0.10526304553491961,0.10526304553491961,0.10526304553491961,0.10526304553491961,0.10526304553491961,0.10526304553491961,0.10526304553491961,0.10526304553491961,0.10526304553491961,0.10526304553491961,0.10526304553491961,0.10526304553491961,0.10526304553491961,0.10526304553491961,0.10526304553491961,0.10526304553491961,0.10526304553491961,0.10526304553491961,0.10526304553491961,0.10526304553491961,0.10526304553491961,0.10526304553491961,0.10526304553491961,0.10526304553491961,0.10526304553491961,0.10526304553491961,0.10526304553491961,0.10526304553491961,0.10526304553491961,0.10526304553491961,0.10526304553491961,0.10526304553491961,0.10526304553491961,0.10526304553491961,0.10526304553491961,0.10526304553491961,0.10526304553491961,0.10526304553491961,0.10526304553491961,0.10526304553491961,0.10526304553491961,0.10526304553491961,0.10526304553491961,0.10526304553491961,0.10526304553491961,0.10526304553491961,0.10526304553491961,0.10526304553491961,0.10526304553491961,0.10526304553491961,0.10526304553491961,0.10526304553491961,0.10526304553491961,0.10526304553491961,0.10526304553491961,0.10526304553491961,0.10526304553491961,0.10526304553491961,0.10526304553491961,0.10526304553491961,0.10526304553491961,0.10526304553491961,0.10526304553491961,0.10526304553491961,0.10526304553491961,0.10526304553491961,0.10526304553491961,0.10526304553491961,0.10526304553491961,0.10526304553491961,0.10526304553491961,0.10526304553491961,0.10526304553491961,0.10526304553491961,0.10526304553491961,0.10526304553491961,0.10526304553491961,0.10526304553491961,0.10526304553491961,0.10526304553491961,0.10526304553491961,0.10526304553491961,0.10526304553491961,0.10526304553491961,0.10526304553491961,0.10526304553491961,0.10526304553491961,0.10526304553491961,0.10526304553491961,0.10526304553491961,0.10526304553491961,0.10526304553491961,0.10526304553491961,0.10526304553491961,0.10526304553491961,0.10526304553491961,0.10526304553491961,0.10526304553491961,0.10526304553491961,0.10526304553491961,0.10526304553491961,0.10526304553491961,0.10526304553491961,0.10526304553491961,0.10526304553491961,0.10526304553491961,0.10526304553491961,0.10526304553491961,0.10526304553491961,0.10526304553491961,0.10526304553491961,0.10526304553491961,0.10526304553491961,0.10526304553491961,0.10526304553491961,0.10526304553491961,0.10526304553491961,0.10526304553491961,0.10526304553491961,0.10526304553491961,0.10526304553491961,0.10526304553491961,0.10526304553491961,0.10526304553491961,0.10526304553491961,0.10526304553491961,0.10526304553491961,0.10526304553491961,0.10526304553491961,0.10526304553491961,0.10526304553491961,0.10526304553491961,0.10526304553491961,0.10526304553491961,0.10526304553491961,0.10526304553491961,0.10526304553491961,0.10526304553491961,0.10526304553491961,0.10526304553491961,0.10526304553491961,0.10526304553491961,0.10526304553491961,0.10526304553491961,0.10526304553491961,0.10526304553491961,0.10526304553491961,0.10526304553491961,0.10526304553491961,0.10526304553491961,0.10526304553491961,0.10526304553491961,0.10526304553491961,0.10526304553491961,0.10526304553491961,0.10526304553491961,0.10526304553491961,0.10526304553491961,0.10526304553491961,0.10526304553491961,0.10526304553491961,0.10526304553491961,0.10526304553491961,0.10526304553491961,0.10526304553491961,0.10526304553491961,0.10526304553491961,0.10526304553491961,0.10526304553491961,0.10526304553491961,0.10526304553491961,0.10526304553491961,0.10526304553491961,0.10526304553491961,0.10526304553491961,0.10526304553491961,0.10526304553491961,0.10526304553491961,0.10526304553491961,0.10526304553491961,0.10526304553491961,0.10526304553491961,0.10526304553491961,0.10526304553491961,0.10526304553491961,0.10526304553491961,0.10526304553491961,0.10526304553491961,0.10526304553491961,0.10526304553491961,0.10526304553491961,0.10526304553491961,0.10526304553491961,0.10526304553491961,0.10526304553491961,0.10526304553491961,0.10526304553491961,0.10526304553491961,0.10526304553491961,0.10526304553491961,0.10526304553491961,0.10526304553491961,0.10526304553491961,0.10526304553491961,0.10526304553491961,0.10526304553491961,0.10526304553491961,0.10526304553491961,0.10526304553491961,0.10526304553491961,0.10526304553491961,0.10526304553491961,0.10526304553491961,0.10526304553491961,0.10526304553491961,0.10526304553491961,0.10526304553491961,0.10526304553491961,0.10526304553491961,0.10526304553491961,0.10526304553491961,0.10526304553491961,0.10526304553491961,0.10526304553491961,0.10526304553491961,0.10526304553491961,0.10526304553491961,0.10526304553491961,0.10526304553491961,0.10526304553491961,0.10526304553491961,0.10526304553491961,0.10526304553491961,0.10526304553491961,0.10526304553491961,0.10526304553491961,0.10526304553491961,0.10526304553491961,0.10526304553491961,0.10526304553491961,0.10526304553491961,0.10526304553491961,0.10526304553491961,0.10526304553491961,0.10526304553491961,0.10526304553491961,0.10526304553491961,0.10526304553491961,0.10526304553491961,0.10526304553491961,0.10526304553491961,0.10526304553491961,0.10526304553491961,0.10526304553491961,0.10526304553491961,0.10526304553491961,0.10526304553491961,0.10526304553491961,0.10526304553491961,0.10526304553491961,0.10526304553491961,0.10526304553491961,0.10526304553491961,0.10526304553491961,0.10526304553491961,0.10526304553491961,0.10526304553491961,0.10526304553491961,0.10526304553491961,0.10526304553491961,0.10526304553491961,0.10526304553491961,0.10526304553491961,0.10526304553491961,0.10526304553491961,0.10526304553491961,0.10526304553491961,0.10526304553491961,0.10526304553491961,0.10526304553491961,0.10526304553491961,0.10526304553491961,0.10526304553491961,0.10526304553491961,0.10526304553491961,0.10526304553491961,0.10526304553491961,0.10526304553491961,0.10526304553491961,0.10526304553491961,0.10526304553491961,0.10526304553491961,0.10526304553491961,0.10526304553491961,0.10526304553491961,0.10526304553491961,0.10526304553491961,0.10526304553491961,0.10526304553491961,0.10526304553491961,0.10526304553491961,0.10526304553491961,0.10526304553491961,0.10526304553491961,0.10526304553491961,0.10526304553491961,0.10526304553491961,0.10526304553491961,0.10526304553491961,0.10526304553491961,0.10526304553491961,0.10526304553491961,0.10526304553491961,0.10526304553491961,0.10526304553491961,0.10526304553491961,0.10526304553491961,0.10526304553491961,0.10526304553491961,0.10526304553491961,0.10526304553491961,0.10526304553491961,0.10526304553491961,0.10526304553491961,0.10526304553491961,0.10526304553491961,0.10526304553491961,0.10526304553491961,0.10526304553491961,0.10526304553491961,0.10526304553491961,0.10526304553491961,0.10526304553491961,0.10526304553491961,0.10526304553491961,0.10526304553491961,0.10526304553491961,0.10526304553491961,0.10526304553491961,0.10526304553491961,0.10526304553491961,0.10526304553491961,0.10526304553491961,0.10526304553491961,0.10526304553491961,0.10526304553491961,0.10526304553491961,0.10526304553491961,0.10526304553491961,0.10526304553491961,0.10526304553491961,0.10526304553491961,0.10526304553491961,0.10526304553491961,0.10526304553491961,0.10526304553491961,0.10526304553491961,0.10526304553491961,0.10526304553491961,0.10526304553491961,0.10526304553491961,0.10526304553491961,0.10526304553491961,0.10526304553491961,0.10526304553491961,0.10526304553491961,0.10526304553491961,0.10526304553491961,0.10526304553491961,0.10526304553491961,0.10526304553491961,0.10526304553491961,0.10526304553491961,0.10526304553491961,0.10526304553491961,0.10526304553491961,0.10526304553491961,0.10526304553491961,0.10526304553491961,0.10526304553491961,0.10526304553491961,0.10526304553491961,0.10526304553491961,0.10526304553491961,0.10526304553491961,0.10526304553491961,0.10526304553491961,0.10526304553491961,0.10526304553491961,0.10526304553491961,0.10526304553491961,0.10526304553491961,0.10526304553491961,0.10526304553491961,0.10526304553491961,0.10526304553491961,0.10526304553491961,0.10526304553491961,0.10526304553491961,0.10526304553491961,0.10526304553491961,0.10526304553491961,0.10526304553491961,0.10526304553491961,0.10526304553491961,0.10526304553491961,0.10526304553491961,0.10526304553491961,0.10526304553491961,0.10526304553491961,0.10526304553491961,0.10526304553491961,0.10526304553491961,0.10526304553491961,0.10526304553491961,0.10526304553491961,0.10526304553491961,0.10526304553491961,0.10526304553491961,0.10526304553491961,0.10526304553491961,0.10526304553491961,0.10526304553491961,0.10526304553491961,0.10526304553491961,0.10526304553491961,0.10526304553491961,0.10526304553491961,0.10526304553491961,0.10526304553491961,0.10526304553491961,0.10526304553491961,0.10526304553491961,0.10526304553491961,0.10526304553491961,0.10526304553491961,0.10526304553491961,0.10526304553491961,0.10526304553491961,0.10526304553491961,0.10526304553491961,0.10526304553491961,0.10526304553491961,0.10526304553491961,0.10526304553491961,0.10526304553491961,0.10526304553491961,0.10526304553491961,0.10526304553491961,0.10526304553491961,0.10526304553491961,0.10526304553491961,0.10526304553491961,0.10526304553491961,0.10526304553491961,0.10526304553491961,0.10526304553491961,0.10526304553491961,0.10526304553491961,0.10526304553491961,0.10526304553491961,0.10526304553491961,0.10526304553491961,0.10526304553491961,0.10526304553491961,0.10526304553491961,0.10526304553491961,0.10526304553491961,0.10526304553491961,0.10526304553491961,0.10526304553491961,0.10526304553491961,0.10526304553491961,0.10526304553491961,0.10526304553491961,0.10526304553491961,0.10526304553491961,0.10526304553491961,0.10526304553491961,0.10526304553491961,0.10526304553491961,0.10526304553491961,0.10526304553491961,0.10526304553491961,0.10526304553491961,0.10526304553491961,0.10526304553491961,0.10526304553491961,0.10526304553491961,0.10526304553491961,0.10526304553491961,0.10526304553491961,0.10526304553491961,0.10526304553491961,0.10526304553491961,0.10526304553491961,0.10526304553491961,0.10526304553491961,0.10526304553491961,0.10526304553491961,0.10526304553491961,0.10526304553491961,0.10526304553491961,0.10526304553491961,0.10526304553491961,0.10526304553491961,0.10526304553491961,0.10526304553491961,0.10526304553491961,0.10526304553491961,0.10526304553491961,0.10526304553491961,0.10526304553491961,0.10526304553491961,0.10526304553491961,0.10526304553491961,0.10526304553491961,0.10526304553491961,0.10526304553491961,0.10526304553491961,0.10526304553491961,0.10526304553491961,0.10526304553491961,0.10526304553491961,0.10526304553491961,0.10526304553491961,0.10526304553491961,0.10526304553491961,0.10526304553491961,0.10526304553491961,0.10526304553491961,0.10526304553491961,0.10526304553491961,0.10526304553491961,0.10526304553491961,0.10526304553491961,0.10526304553491961,0.10526304553491961,0.10526304553491961,0.10526304553491961,0.10526304553491961,0.10526304553491961,0.10526304553491961,0.10526304553491961,0.10526304553491961,0.10526304553491961,0.10526304553491961,0.10526304553491961,0.10526304553491961,0.10526304553491961,0.10526304553491961,0.10526304553491961,0.10526304553491961,0.10526304553491961,0.10526304553491961,0.10526304553491961,0.10526304553491961,0.10526304553491961,0.10526304553491961,0.10526304553491961,0.10526304553491961,0.10526304553491961,0.10526304553491961,0.10526304553491961,0.10526304553491961,0.10526304553491961,0.10526304553491961,0.10526304553491961,0.10526304553491961,0.10526304553491961,0.10526304553491961,0.10526304553491961,0.10526304553491961,0.10526304553491961,0.10526304553491961,0.10526304553491961,0.10526304553491961,0.10526304553491961,0.10526304553491961,0.10526304553491961,0.10526304553491961,0.10526304553491961,0.10526304553491961,0.10526304553491961,0.10526304553491961,0.10526304553491961,0.10526304553491961,0.10526304553491961,0.10526304553491961,0.10526304553491961,0.10526304553491961,0.10526304553491961,0.10526304553491961,0.10526304553491961,0.10526304553491961,0.10526304553491961,0.10526304553491961,0.10526304553491961,0.10526304553491961,0.10526304553491961,0.10526304553491961,0.10526304553491961,0.10526304553491961,0.10526304553491961,0.10526304553491961,0.10526304553491961,0.10526304553491961,0.10526304553491961,0.10526304553491961,0.10526304553491961,0.10526304553491961,0.10526304553491961,0.10526304553491961,0.10526304553491961,0.10526304553491961,0.10526304553491961,0.10526304553491961,0.10526304553491961,0.10526304553491961,0.10526304553491961,0.10526304553491961,0.10526304553491961,0.10526304553491961,0.10526304553491961,0.10526304553491961,0.10526304553491961,0.10526304553491961,0.10526304553491961,0.10526304553491961,0.10526304553491961,0.10526304553491961,0.10526304553491961,0.10526304553491961,0.10526304553491961,0.10526304553491961,0.10526304553491961,0.10526304553491961,0.10526304553491961,0.10526304553491961,0.10526304553491961,0.10526304553491961,0.10526304553491961,0.10526304553491961,0.10526304553491961,0.10526304553491961,0.10526304553491961,0.10526304553491961,0.10526304553491961,0.10526304553491961,0.10526304553491961,0.10526304553491961,0.10526304553491961,0.10526304553491961,0.10526304553491961,0.10526304553491961,0.10526304553491961,0.10526304553491961,0.10526304553491961,0.10526304553491961,0.10526304553491961,0.10526304553491961,0.10526304553491961,0.10526304553491961,0.10526304553491961,0.10526304553491961,0.10526304553491961,0.10526304553491961,0.10526304553491961,0.10526304553491961,0.10526304553491961,0.10526304553491961,0.10526304553491961,0.10526304553491961,0.10526304553491961,0.10526304553491961,0.10526304553491961,0.10526304553491961,0.10526304553491961,0.10526304553491961,0.10526304553491961,0.10526304553491961,0.10526304553491961,0.10526304553491961,0.10526304553491961,0.10526304553491961,0.10526304553491961,0.10526304553491961,0.10526304553491961,0.10526304553491961,0.10526304553491961,0.10526304553491961,0.10526304553491961,0.10526304553491961,0.10526304553491961,0.10526304553491961,0.10526304553491961,0.10526304553491961,0.10526304553491961,0.10526304553491961,0.10526304553491961,0.10526304553491961,0.10526304553491961,0.10526304553491961,0.10526304553491961,0.10526304553491961,0.10526304553491961,0.10526304553491961,0.10526304553491961,0.10526304553491961,0.10526304553491961,0.10526304553491961,0.10526304553491961,0.10526304553491961,0.10526304553491961,0.10526304553491961,0.10526304553491961,0.10526304553491961,0.10526304553491961,0.10526304553491961,0.10526304553491961,0.10526304553491961,0.10526304553491961,0.10526304553491961,0.10526304553491961,0.10526304553491961,0.10526304553491961,0.10526304553491961,0.10526304553491961,0.10526304553491961,0.10526304553491961,0.10526304553491961,0.10526304553491961,0.10526304553491961,0.10526304553491961,0.10526304553491961,0.10526304553491961,0.10526304553491961,0.10526304553491961,0.10526304553491961,0.10526304553491961,0.10526304553491961,0.10526304553491961,0.10526304553491961,0.10526304553491961,0.10526304553491961,0.10526304553491961,0.10526304553491961,0.10526304553491961,0.10526304553491961,0.10526304553491961,0.10526304553491961,0.10526304553491961,0.10526304553491961,0.10526304553491961,0.10526304553491961,0.10526304553491961,0.10526304553491961,0.10526304553491961,0.10526304553491961,0.10526304553491961,0.10526304553491961,0.10526304553491961,0.10526304553491961,0.10526304553491961,0.10526304553491961,0.10526304553491961,0.10526304553491961,0.10526304553491961,0.10526304553491961,0.10526304553491961,0.10526304553491961,0.10526304553491961,0.10526304553491961,0.10526304553491961,0.10526304553491961,0.10526304553491961,0.10526304553491961,0.10526304553491961,0.10526304553491961,0.10526304553491961,0.10526304553491961,0.10526304553491961,0.10526304553491961,0.10526304553491961,0.10526304553491961,0.10526304553491961,0.10526304553491961,0.10526304553491961,0.10526304553491961,0.10526304553491961,0.10526304553491961,0.10526304553491961,0.10526304553491961,0.10526304553491961,0.10526304553491961,0.10526304553491961,0.10526304553491961,0.10526304553491961,0.10526304553491961,0.10526304553491961,0.10526304553491961,0.10526304553491961,0.10526304553491961,0.10526304553491961,0.10526304553491961,0.10526304553491961,0.10526304553491961,0.10526304553491961,0.10526304553491961,0.10526304553491961,0.10526304553491961,0.10526304553491961,0.10526304553491961,0.10526304553491961,0.10526304553491961,0.10526304553491961,0.10526304553491961,0.10526304553491961,0.10526304553491961,0.10526304553491961,0.10526304553491961,0.10526304553491961,0.10526304553491961,0.10526304553491961,0.10526304553491961,0.10526304553491961,0.10526304553491961,0.10526304553491961,0.10526304553491961,0.10526304553491961,0.10526304553491961,0.10526304553491961,0.10526304553491961,0.10526304553491961,0.10526304553491961,0.10526304553491961,0.10526304553491961,0.10526304553491961,0.10526304553491961,0.10526304553491961,0.10526304553491961,0.10526304553491961,0.10526304553491961,0.10526304553491961,0.10526304553491961,0.10526304553491961,0.10526304553491961,0.10526304553491961,0.10526304553491961,0.10526304553491961,0.10526304553491961,0.10526304553491961,0.10526304553491961,0.10526304553491961,0.10526304553491961,0.10526304553491961,0.10526304553491961,0.10526304553491961,0.10526304553491961,0.10526304553491961,0.10526304553491961,0.10526304553491961,0.10526304553491961,0.10526304553491961,0.10526304553491961,0.10526304553491961,0.10526304553491961,0.10526304553491961,0.10526304553491961,0.10526304553491961,0.10526304553491961,0.10526304553491961,0.10526304553491961,0.10526304553491961,0.10526304553491961,0.10526304553491961,0.10526304553491961,0.10526304553491961,0.10526304553491961,0.10526304553491961,0.10526304553491961,0.10526304553491961,0.10526304553491961,0.10526304553491961,0.10526304553491961,0.10526304553491961,0.10526304553491961,0.10526304553491961,0.10526304553491961,0.10526304553491961,0.10526304553491961,0.10526304553491961,0.10526304553491961,0.10526304553491961,0.10526304553491961,0.10526304553491961,0.10526304553491961,0.10526304553491961,0.10526304553491961,0.10526304553491961,0.10526304553491961,0.10526304553491961,0.10526304553491961,0.10526304553491961,0.10526304553491961,0.10526304553491961,0.10526304553491961,0.10526304553491961,0.10526304553491961,0.10526304553491961,0.10526304553491961,0.10526304553491961,0.10526304553491961,0.10526304553491961,0.10526304553491961,0.10526304553491961,0.10526304553491961,0.10526304553491961,0.10526304553491961,0.10526304553491961,0.10524635608164755,0.10522906824545143,0.10521114262133861,0.10519253549684267,0.10517319846021153,0.10515307784925046,0.10513211405276372,0.10511024065755159,0.10508738341990452,0.10506345902817116,0.105038373610005,0.1050120209224741,0.10498428014356811,0.1049550131575198,0.10492406119087196,0.10489124060715538,0.10485633759914993,0.10481910141956394,0.1047792356489427,0.10473638679067981,0.10469012917001495,0.10463994463579103,0.10458519481763898,0.10452508249943893,0.10445859671692571,0.1043844328967525,0.10430087364041173,0.10420560550992308,0.10409542817755472,0.10396577596655455,0.10380990074265668,0.10361742729614266,0.10337175493628457,0.10304561181866369,0.10259572655654507,0.10196902731638523,0.1011520085850643,0.10022503405472419,0.0993069015205276,0.09847448564374123,0.0977545151071411,0.09714579045003587,0.09663626553824453,0.096211355786715,0.09585722199906495,0.09556180169753345,0.09531494391137797,0.09510822945342219,0.09493470980099093,0.09478865108189116,0.09466531044761432,0.09456074937254647,0.0944716806991434,0.09439534467793796,0.09432941012303285,0.09427189832249606,0.09422112812944215,0.09417567954029107,0.09413437017700346,0.09409623677453109,0.09406051473577925,0.09402661286633851,0.09399408458434104,0.0939625988391199,0.09393191364945812,0.09390185386024669,0.09387229347977838,0.09384314219861505,0.09381433537223634,0.0937858267081063,0.09375758298729926,0.09372958028136105,0.09370180125208184,0.09367423322880165,0.09364686684096897,0.09361969504648339,0.09359271244163736,0.09356591477145228,0.09353929858266848,0.0935128609783228,0.09348659944466627,0.09346051172961632,0.09343459575787631,0.09340884957214232,0.09338327129278018,0.09335785909071674,0.09333261116927029,0.09330752575272803,0.09328260107922172,0.09325783539670943,0.09323322696106011,0.09320877403543988,0.09318447489062934,0.09316032780583408,0.09313633106979209,0.09311248298202826,0.09308878185409589,0.09306522601080942,0.09304181379136672,0.09301854355037663,0.09299541365875588,0.09297242250456181,0.09294956849357774,0.0929268500499218,0.09290426561648395,0.0928818136552923,0.0928594926477839,0.0928373010949884,0.09281523751768513,0.09279330045645792,0.092771488471748,0.09274980014379547,0.09272823407258102,0.09270678887778276,0.09268546319860706,0.09266425569366171,0.0926431650407851,0.09262218993688082,0.0926013290977145,0.09258058125765323,0.09255994516954906,0.09253941960443052,0.09251900335127558,0.09249869521682445,0.09247849402529491,0.09245839861812949,0.09243840785377731,0.092418520607425,0.09239873577076664,0.09237905225171086,0.09235946897417514,0.09233998487782588,0.09232059891782593,0.09230131006458225,0.09228211730351613,0.09226301963481087,0.09224401607318831,0.09222510564764864,0.09220628740121592,0.09218756039084257,0.09216892368698283,0.09215037637346928,0.09213191754731381,0.09211354631841703,0.09209526180945846,0.09207706315556212,0.09205894950414403,0.0920409200147347,0.09202297385871645,0.09200511021916306,0.09198732829062012,0.09196962727892607,0.09195200640106857,0.09193446488481839,0.09191700196880853,0.0918996169021491,0.09188230894433963,0.09186507736506853,0.09184792144404691,0.09183084047083967,0.09181383374470073,0.09179690057440996,0.09178004027811656,0.09176325218317018,0.09174653562597875,0.09172988995185519,0.0917133145148701,0.091696808677701,0.09168037181151524,0.09166400329574617,0.09164770251806398,0.0916314688742024,0.09161530176776582,0.0915992006101844,0.09158316482052052,0.09156719382543747,0.09155128705894876,0.09153544396237655,0.09151966398421878,0.091503946580028,0.09148829121230101,0.09147269735036175,0.09145716447024917,0.09144169205463161,0.09142627959266621,0.09141092657991239,0.09139563251823384,0.09138039691569069,0.0913652192864172,0.09135009915062536,0.09133503603436344,0.09132002946952007,0.09130507899370396,0.09129018415015332,0.09127534448766898,0.09126055956050455,0.09124582892827937,0.09123115215591021,0.09121652881352553,0.0912019584763731,0.09118744072477551,0.09117297514398756,0.0911585613241952,0.09114419886039657,0.0911298873523361,0.09111562640443745,0.09110141562572863,0.09108725462977883,0.09107314303461536,0.09105908046267751,0.09104506654074,0.09103110089984,0.09101718317523139,0.09100331300631051,0.09098949003655797,0.09097571391347918,0.09096198428854552,0.09094830081713205,0.09093466315846821,0.09092107097557521,0.09090752393521417,0.09089402170783109,0.09088056396750405,0.09086715039189075,0.09085378066217756,0.0908404544630288,0.09082717148253268,0.09081393141217158,0.09080073394674552,0.09078757878434399,0.09077446562629547,0.09076139417712169,0.09074836414449296,0.09073537523918453,0.09072242717503251,0.09070951966889265,0.09069665244059798,0.09068382521291769,0.09067103771151697,0.09065828966491732,0.09064558080445748,0.09063291086425404,0.09062027958116793,0.09060768669476117,0.09059513194726387,0.09058261508353799,0.09057013585104319,0.0905576939997987,0.09054528928235353,0.09053292145374627,0.09052059027148189,0.09050829549548879,0.09049603688809402,0.0904838142139909,0.0904716272402036,0.09045947573606089,0.09044735947316451,0.09043527822536031,0.09042323176870823,0.09041121988145513,0.0903992423440052,0.09038729893889334,0.09037538945075727,0.09036351366631046,0.09035167137431656,0.09033986236556298,0.09032808643283502,0.09031634337089099,0.09030463297643733,0.09029295504810411,0.0902813093864212,0.09026969579379408,0.09025811407448091,0.09024656403456954,0.09023504548195477,0.09022355822631621,0.09021210207909607,0.09020067685347789,0.09018928236436509,0.09017791842835998,0.09016658486374297,0.09015528149045271,0.0901440081300656,0.09013276460577622,0.09012155074237778,0.09011036636624294,0.09009921130530552,0.09008808538904076,0.0900769884484481,0.09006592031603249,0.09005488082578668,0.09004386981317405,0.09003288711511072,0.09002193256994909,0.09001100601746062,0.09000010729881965,0.08998923625658688,0.0899783927346934,0.08996757657842486,0.08995678763440511,0.08994602575058253,0.08993529077621304,0.089924582561846,0.08991390095930994,0.08990324582169691,0.08989261700334855,0.08988201435984237,0.08987143774797751,0.08986088702576098,0.08985036205239394,0.08983986268825878,0.08982938879490546,0.08981894023503886,0.08980851687250578,0.08979811857228244,0.08978774520046177,0.08977739662424124,0.08976707271191074,0.08975677333284059,0.08974649835747012,0.089736247657295,0.08972602110485692,0.08971581857373148,0.08970563993851725,0.08969548507482493,0.08968535385926608,0.08967524616944259,0.08966516188393625,0.08965510088229796,0.08964506304503761,0.08963504825361379,0.08962505639042374,0.08961508733879367,0.08960514098296858,0.08959521720810297,0.08958531590025098,0.08957543694635746,0.08956558023424768,0.08955574565261977,0.08954593309103404,0.08953614243990499,0.08952637359049219,0.08951662643489165,0.08950690086602729,0.08949719677764227,0.08948751406429074,0.08947785262132944,0.08946821234490986,0.08945859313196974,0.08944899488022535,0.08943941748816381,0.08942986085503482,0.08942032488084328,0.08941080946634215,0.08940131451302401,0.08939183992311459,0.08938238559956484,0.08937295144604418,0.089363537366933,0.08935414326731617,0.08934476905297543,0.0893354146303829,0.08932607990669451,0.0893167647897427,0.08930746918803066,0.08929819301072504,0.08928893616764964,0.08927969856927953,0.08927048012673419,0.08926128075177178,0.0892521003567824,0.08924293885478256,0.08923379615940893,0.0892246721849125,0.0892155668461527,0.08920648005859147,0.08919741173828796,0.08918836180189223,0.08917933016664019,0.0891703167503482,0.089161321471407,0.08915234424877669,0.08914338500198145,0.08913444365110428,0.08912552011678154,0.08911661432019818,0.08910772618308227,0.08909885562770022,0.08909000257685186,0.0890811669538653,0.08907234868259238,0.0890635476874034,0.08905476389318286,0.08904599722532473,0.0890372476097275,0.0890285149727897,0.08901979924140545,0.0890111003429601,0.08900241820532558,0.08899375275685605,0.08898510392638367,0.08897647164321426,0.08896785583712308,0.08895925643835054,0.08895067337759836,0.08894210658602514,0.08893355599524232,0.08892502153731043,0.08891650314473508,0.08890800075046272,0.08889951428787712,0.08889104369079551,0.08888258889346451,0.08887414983055666,0.08886572643716667,0.08885731864880757,0.08884892640140736,0.08884054963130521,0.08883218827524782,0.08882384227038641,0.08881551155427253,0.08880719606485525,0.08879889574047738,0.08879061051987228,0.08878234034216036,0.0887740851468461,0.08876584487381439,0.0887576194633277,0.08874940885602269,0.0887412129929069,0.08873303181535591,0.08872486526511025,0.08871671328427203,0.08870857581530223,0.0887004528010176,0.0886923441845876,0.08868424990953164,0.08867616991971608,0.08866810415935149,0.08866005257298948,0.08865201510552025,0.08864399170216965,0.08863598230849637,0.0886279868703893,0.08862000533406493,0.08861203764606439,0.0886040837532511,0.0885961436028079,0.0885882171422348,0.08858030431934602,0.08857240508226766,0.08856451937943535,0.08855664715959125,0.08854878837178219,0.08854094296535694,0.08853311088996374,0.08852529209554791,0.08851748653234966,0.0885096941509017,0.08850191490202682,0.08849414873683545,0.08848639560672411,0.08847865546337208,0.08847092825874002,0.08846321394506736,0.08845551247487021,0.08844782380093937,0.08844014787633774,0.08843248465439887,0.08842483408872413,0.08841719613318122,0.08840957074190176,0.08840195786927925,0.08839435746996738,0.08838676949887772,0.08837919391117786,0.08837163066228923,0.08836407970788553,0.08835654100389059,0.08834901450647653,0.08834150017206159,0.0883339979573088,0.0883265078191236,0.08831902971465244,0.08831156360128063,0.0883041094366306,0.08829666717856031,0.08828923678516135,0.08828181821475706,0.08827441142590105,0.08826701637737534,0.08825963302818873,0.08825226133757487,0.08824490126499104,0.08823755277011609,0.08823021581284901,0.08822289035330724,0.0882155763518249,0.08820827376895166,0.08820098256545067,0.08819370270229737,0.0881864341406773,0.08817917684198578,0.08817193076782498,0.0881646958800034,0.08815747214053381,0.08815025951163215,0.08814305795571592,0.08813586743540275,0.08812868791350877,0.0881215193530474,0.08811436171722802,0.08810721496945409,0.08810007907332236,0.0880929539926213,0.08808583969132938,0.0880787361336141,0.0880716432838307,0.08806456110652042,0.08805748956640948,0.08805042862840798,0.08804337825760811,0.08803633841928309,0.08802930907888623,0.08802229020204891,0.08801528175458019,0.08800828370246488,0.08800129601186284,0.08799431864910733,0.08798735158070406,0.08798039477332999,0.08797344819383192,0.08796651180922567,0.08795958558669471,0.08795266949358888,0.08794576349742347,0.08793886756587802,0.08793198166679514,0.0879251057681795,0.08791823983819654,0.08791138384517165,0.0879045377575888,0.08789770154408962,0.08789087517347234,0.0878840586146906,0.08787725183685258,0.08787045480921987,0.0878636675012063,0.08785688988237723,0.08785012192244829,0.0878433635912844,0.08783661485889883,0.08782987569545217,0.08782314607125151,0.08781642595674917,0.08780971532254189,0.08780301413937001,0.08779632237811626,0.08778964000980498,0.0877829670056011,0.08777630333680954,0.08776964897487369,0.08776300389137483,0.08775636805803137,0.08774974144669807,0.08774312402936435,0.08773651577815421,0.08772991666532508,0.08772332666326699,0.08771674574450165,0.08771017388168166,0.08770361104758956,0.08769705721513728,0.08769051235736498,0.08768397644744026,0.08767744945865756,0.08767093136443707,0.08766442213832419,0.0876579217539886,0.08765143018522346,0.08764494740594464,0.08763847339018994,0.08763200811211828,0.08762555154600904,0.08761910366626115,0.08761266444739248,0.08760623386403904,0.08759981189095416,0.08759339850300783,0.08758699367518599,0.08758059738258972,0.08757420960043452,0.08756783030404984,0.08756145946887793,0.08755509707047354,0.087548743084503,0.08754239748674353,0.08753606025308273,0.08752973135951768,0.08752341078215456,0.08751709849720736,0.0875107944809981,0.08750449870995544,0.08749821116061442,0.08749193180961556,0.08748566063370446,0.08747939760973082,0.08747314271464832,0.0874668959255135,0.08746065721948527,0.08745442657382445,0.087448203965893,0.08744198937315353,0.08743578277316848,0.08742958414359965,0.08742339346220775,0.08741721070685154,0.08741103585548742,0.08740486888616869,0.0873987097770452,0.0873925585063626,0.08738641505246168,0.0873802793937781,0.08737415150884156,0.08736803137627541,0.08736191897479587,0.08735581428321189,0.08734971728042414,0.08734362794542473,0.08733754625729663,0.08733147219521314,0.08732540573843728,0.08731934686632145,0.08731329555830664,0.0873072517939221,0.08730121555278489,0.0872951868145991,0.0872891655591555,0.08728315176633124,0.08727714541608897,0.08727114648847668,0.08726515496362672,0.0872591708217561,0.08725319404316517,0.08724722460823767,0.0872412624974401,0.08723530769132122,0.08722936017051157,0.08722341991572313,0.0872174869077486,0.08721156112746123,0.08720564255581413,0.08719973117383996,0.08719382696265046,0.08718792990343589,0.08718203997746475,0.08717615716608319,0.08717028145071473,0.0871644128128596,0.08715855123409445,0.08715269669607205,0.08714684918052058,0.08714100866924344,0.08713517514411856,0.08712934858709839,0.08712352898020918,0.08711771630555055,0.08711191054529531,0.08710611168168883,0.08710031969704869,0.08709453457376443,0.08708875629429698,0.08708298484117825,0.08707722019701102,0.08707146234446804,0.08706571126629226,0.08705996694529594,0.08705422936436043,0.08704849850643595,0.087042774354541,0.08703705689176211,0.08703134610125346,0.0870256419662364,0.08701994446999926,0.08701425359589683,0.08700856932735004,0.08700289164784572,0.086997220540936,0.08699155599023839,0.08698589797943476,0.08698024649227167,0.08697460151255966,0.08696896302417291,0.08696333101104899,0.08695770545718853,0.08695208634665483,0.08694647366357358,0.08694086739213247,0.0869352675165808,0.08692967402122931,0.08692408689044981,0.0869185061086747,0.08691293166039699,0.0869073635301695,0.08690180170260497,0.08689624616237558,0.08689069689421264,0.0868851538829062,0.0868796171133049,0.08687408657031546,0.08686856223890263,0.08686304410408867,0.08685753215095322,0.08685202636463289,0.08684652673032082,0.0868410332332668,0.0868355458587766,0.08683006459221186,0.08682458941898977,0.08681912032458258,0.08681365729451769,0.08680820031437718,0.08680274936979744,0.08679730444646896,0.08679186553013611,0.0867864326065968,0.08678100566170224,0.08677558468135671,0.08677016965151706,0.08676476055819277,0.08675935738744542,0.0867539601253887,0.08674856875818765,0.08674318327205911,0.08673780365327087,0.08673242988814153,0.08672706196304056,0.08672169986438755,0.0867163435786525,0.08671099309235496,0.08670564839206436,0.08670030946439936,0.08669497629602792,0.08668964887366663,0.0866843271840809,0.08667901121408444,0.08667370095053924,0.08666839638035506,0.08666309749048937,0.08665780426794707,0.08665251669978037,0.0866472347730883,0.08664195847501675,0.086636687792758,0.08663142271355057,0.08662616322467921,0.08662090931347441,0.08661566096731219,0.08661041817361394,0.08660518091984629,0.0865999491935208,0.08659472298219362,0.08658950227346546,0.0865842870549812,0.08657907731442999,0.08657387303954468,0.08656867421810176,0.08656348083792113,0.0865582928868659,0.08655311035284223,0.08654793322379896,0.08654276148772767,0.08653759513266203,0.08653243414667837,0.08652727851789446,0.08652212823447016,0.08651698328460675,0.08651184365654709,0.08650670933857485,0.08650158031901503,0.08649645658623321,0.08649133812863559,0.08648622493466888,0.08648111699281981,0.08647601429161515,0.08647091681962157,0.08646582456544531,0.08646073751773213,0.08645565566516691,0.08645057899647368,0.08644550750041541,0.08644044116579366,0.08643537998144858,0.0864303239362586,0.0864252730191404,0.08642022721904852,0.08641518652497548,0.08641015092595125,0.08640512041104334,0.08640009496935648,0.08639507459003262,0.08639005926225043,0.08638504897522563,0.0863800437182102,0.08637504348049282,0.08637004825139827,0.0863650580202874,0.08636007277655706,0.08635509250963985,0.08635011720900389,0.08634514686415269,0.08634018146462519,0.08633522099999524,0.08633026545987173,0.08632531483389826,0.08632036911175309,0.08631542828314898,0.08631049233783288,0.08630556126558606,0.0863006350562235,0.08629571369959438,0.08629079718558127,0.0862858855041004,0.08628097864510136,0.08627607659856691,0.08627117935451298,0.08626628690298836,0.08626139923407469,0.08625651633788615,0.08625163820456948,0.08624676482430374,0.08624189618730009,0.08623703228380193,0.08623217310408442,0.0862273186384545,0.08622246887725078,0.0862176238108434,0.08621278342963368,0.08620794772405424,0.08620311668456887,0.08619829030167199,0.08619346856588919,0.08618865146777634,0.08618383899792015,0.08617903114693744,0.08617422790547546,0.08616942926421162,0.08616463521385298,0.08615984574513688,0.08615506084883007,0.08615028051572908,0.08614550473665974,0.08614073350247732,0.08613596680406631,0.08613120463234014,0.08612644697824137,0.08612169383274121,0.08611694518683967,0.08611220103156536,0.0861074613579752,0.08610272615715457,0.08609799542021701,0.08609326913830409,0.08608854730258542,0.08608382990425842,0.08607911693454813,0.08607440838470744,0.0860697042460164,0.08606500450978266,0.08606030916734106,0.0860556182100535,0.08605093162930895,0.08604624941652325,0.08604157156313906,0.08603689806062573,0.086032228900479,0.08602756407422127,0.0860229035734011,0.0860182473895934,0.08601359551439909,0.08600894793944512,0.08600430465638435,0.08599966565689532,0.08599503093268239,0.0859904004754753,0.08598577427702948,0.08598115232912547,0.08597653462356905,0.08597192115219134,0.08596731190684828,0.08596270687942086,0.0859581060618149,0.08595350944596078,0.08594891702381362,0.08594432878735299,0.08593974472858296,0.08593516483953179,0.08593058911225193,0.08592601753882007,0.0859214501113368,0.0859168868219266,0.08591232766273786,0.08590777262594254,0.08590322170373624,0.08589867488833819,0.08589413217199089,0.08588959354696026,0.0858850590055353,0.08588052854002831,0.08587600214277452,0.08587147980613215,0.08586696152248217,0.08586244728422837,0.08585793708379723,0.08585343091363773,0.08584892876622131,0.08584443063404185,0.08583993650961552,0.08583544638548066,0.08583096025419766,0.08582647810834906,0.0858219999405392,0.08581752574339438,0.0858130555095626,0.08580858923171347,0.08580412690253827,0.0857996685147498,0.08579521406108208,0.08579076353429059,0.08578631692715212,0.08578187423246439,0.08577743544304636,0.08577300055173796,0.08576856955139986,0.08576414243491376,0.0857597191951819,0.08575529982512728,0.08575088431769347,0.08574647266584444,0.08574206486256454,0.08573766090085866,0.08573326077375168,0.08572886447428875,0.0857244719955351,0.08572008333057597,0.08571569847251641,0.08571131741448149,0.08570694014961594,0.08570256667108415,0.08569819697207026,0.08569383104577771,0.08568946888542969,0.08568511048426851,0.08568075583555593,0.08567640493257293,0.08567205776861958,0.085667714337015,0.0856633746310975,0.08565903864422417,0.08565470636977093,0.08565037780113258,0.08564605293172257,0.08564173175497306,0.08563741426433469,0.08563310045327664,0.08562879031528654,0.08562448384387027,0.08562018103255216,0.08561588187487452,0.08561158636439804,0.08560729449470138,0.08560300625938111,0.08559872165205187,0.08559444066634608,0.08559016329591407,0.08558588953442378,0.08558161937556077,0.08557735281302839,0.08557308984054729,0.08556883045185575,0.08556457464070935,0.08556032240088106,0.08555607372616102,0.08555182861035665,0.08554758704729247,0.08554334903081001,0.08553911455476795,0.08553488361304173,0.08553065619952376,0.08552643230812323,0.08552221193276612,0.08551799506739506,0.08551378170596925,0.08550957184246452,0.08550536547087319,0.08550116258520399,0.08549696317948197,0.08549276724774862,0.08548857478406155,0.0854843857824947,0.08548403984214628,0.08548375853218211,0.08548348117365706,0.0854832046804769,0.08548292894765777,0.08548265401725882,0.08548237993125417,0.0854821067239159,0.08548183442157348,0.08548156304288089,0.08548129259921475,0.08548102309516303,0.08548075452907919,0.08548048689368316,0.0854802201766861,0.08547995436142364,0.08547968942748188,0.08547942535130285,0.08547916210676115,0.08547889966570296,0.08547863799844299,0.08547837707421538,0.08547811686157905,0.08547785732877465,0.08547759844403473,0.08547734017585373,0.08547708249321227,0.08547682536576558,0.08547656876399651,0.08547631265933685,0.08547605702425876,0.08547580183234547,0.0854755470583358,0.08547529267815286,0.08547503866891529,0.08547478500893614,0.08547453167771019,0.08547427865589191,0.0854740259252667,0.0854737734687161,0.08547352127017878,0.08547326931460819,0.08547301758792822,0.08547276607698755,0.08547251476951345,0.08547226365406509,0.08547201271998828,0.08547176195737001,0.08547151135699498,0.0854712609103026,0.085471010609347,0.08547076044675683,0.08547051041569782,0.085470260509838,0.08547001072331316,0.08546976105069494,0.08546951148696066,0.08546926202746499,0.08546901266791278,0.08546876340433437,0.08546851423306244,0.08546826515070831,0.08546801615414366,0.08546776724047954,0.08546751840705065,0.085467269651396,0.08546702097124534,0.08546677236450417,0.08546652382924064,0.08546627536367277,0.08546602696615727,0.085465778635179,0.08546553036934075,0.08546528216735444,0.08546503402803318,0.08546478595028005,0.08546453793308759,0.08546428997552447,0.08546404207673307,0.08546379423592257,0.08546354645236401,0.08546329872538412,0.08546305105436346,0.08546280343873021,0.08546255587795674,0.08546230837155723,0.08546206091908277,0.08546181352011949,0.08546156617428373,0.08546131888122344,0.08546107164061305,0.08546082445215082,0.08546057731555885,0.08546033023058024,0.08546008319697701,0.08545983621452942,0.0854595892830338,0.08545934240230049,0.08545909557215689,0.08545884879244008,0.08545860206299985,0.08545835538369609,0.08545810875440077,0.08545786217499232,0.08545761564535884,0.08545736916539572,0.08545712273500614,0.08545687635409888,0.08545663002258855,0.08545638374039702,0.08545613750744976,0.0854558913236746,0.08545564518900944,0.08545539910339138,0.0854551530667621,0.08545490707906754,0.0854546611402551,0.08545441525027712,0.08545416940908672,0.0854539236166399,0.08545367787289503,0.08545343217781212,0.08545318653135324,0.08545294093348245,0.08545269538416454,0.0854524498833659,0.08545220443105483,0.08545195902719782,0.08545171367176897,0.08545146836473703,0.08545122310607785,0.08545097789576218,0.08545073273376311,0.08545048762005528,0.08545024255461381,0.08544999753741436,0.0854497525684335,0.08544950764764787,0.08544926277503463,0.08544901795057114,0.08544877317423603,0.08544852844600748,0.08544828376586422,0.08544803913378535,0.08544779454975009,0.08544755001373804,0.08544730552572916,0.0854470610857033,0.08544681669364122,0.08544657234952262,0.08544632805332807,0.08544608380503875,0.08544583960463542,0.08544559545209927,0.08544535134741106,0.08544510729055176,0.08544486328150372,0.08544461932024766,0.08544437540676585,0.08544413154103879,0.08544388772304835,0.08544364395277756,0.08544340023020684,0.0854431565553185,0.0854429129280945,0.08544266934851676,0.08544242581656868,0.08544218233222975,0.08544193889548404,0.08544169550631223,0.08544145216469738,0.08544120887062152,0.08544096562406898,0.08544072242501792,0.08544047927345277,0.08544023616935574,0.0854399931127093,0.08543975010349557,0.08543950714169685,0.08543926422729606,0.08543902136027527,0.08543877854061688,0.0854385357683033,0.08543829304331721,0.08543805036564098,0.08543780773525698,0.08543756515214784,0.08543732261629608,0.08543708012768417,0.08543683768629465,0.08543659529211012,0.0854363529451129,0.08543611064528651,0.08543586839261239,0.08543562618707284,0.08543538402865138,0.08543514191733023,0.08543489985309292,0.08543465783592055,0.08543441586579635,0.08543417394270274,0.08543393206662331,0.08543369023753972,0.08543344845543491,0.0854332067202916,0.08543296503209241,0.08543272339082023,0.08543248179645735,0.08543224024898657,0.08543199874839075,0.08543175729465247,0.08543151588775455,0.08543127452767978,0.08543103321441058,0.08543079194792975,0.08543055072822013,0.08543030955526436,0.0854300684290494,0.08542982734954944,0.0854295863167516,0.08542934533063865,0.08542910439119338,0.08542886349839876,0.08542862265223711,0.08542838185269168,0.08542814109974622,0.08542790039338172,0.0854276597335811,0.08542741912032756,0.08542717855360508,0.08542693803339503,0.08542669755967981,0.085426457132443,0.08542621675166748,0.08542597641733601,0.08542573612943119,0.08542549588793667,0.08542525569283542,0.08542501554410903,0.0854247754417426,0.08542453538571583,0.08542429537601305,0.0854240554126176,0.0854238154955117,0.08542357562467867,0.08542333580010139,0.08542309602176376,0.0854228562896464,0.08542261660373351,0.08542237696400794,0.0854221373704537,0.0854218978230515,0.08542165832178526,0.08542141886663811,0.08542117945759299,0.08542094009463057,0.08542070077773845,0.08542046150689694,0.08542022228208858,0.0854199831032972,0.08541974397050592,0.08541950488369783,0.08541926584285506,0.08541902684796102,0.08541878789899868,0.08541854899595096,0.08541831013880086,0.08541807132753157,0.08541783256212582,0.08541759384256496,0.08541735516883325,0.08541711654091674,0.08541687795879489,0.08541663942245249,0.0854164009318703,0.08541616248703537,0.08541592408792845,0.08541568573453279,0.08541544742683062,0.08541520916480555,0.08541497094844143,0.08541473277772059,0.08541449465262534,0.08541425657314042,0.08541401853924821,0.08541378055093173,0.08541354260817512,0.08541330471095943,0.08541306685926796,0.0854128290530856,0.08541259129239674,0.0854123535771806,0.08541211590741901,0.08541187828310073,0.08541164070420648,0.0854114031707179,0.08541116568261956,0.08541092823989568,0.08541069084252853,0.08541045349050096,0.08541021618379599,0.08540997892239693,0.0854097417062875,0.0854095045354504,0.08540926740986894,0.08540903032952651,0.08540879329440537,0.08540855630449007,0.08540831935976322,0.08540808246020785,0.08540784560580746,0.08540760879654534,0.08540737203240442,0.08540713531336819,0.08540689863941998,0.08540666201054428,0.08540642542672222,0.08540618888793701,0.08540595239417273,0.08540571594541256,0.08540547954163978,0.08540524318283775,0.08540500686898934,0.08540477060007849,0.08540453437608818,0.08540429819700147,0.08540406206280311,0.08540382597347522,0.0854035899290012,0.08540335392936427,0.08540311797454779,0.08540288206453517,0.08540264619930973,0.08540241037885381,0.08540217460315178,0.08540193887218682,0.08540170318594259,0.0854014675444017,0.08540123194754776,0.08540099639536511,0.08540076088783592,0.08540052542494198,0.08540029000667476,0.08540005463301334,0.08539981930393757,0.08539958401943032,0.08539934877947775,0.0853991135840612,0.08539887843316576,0.08539864332677478,0.08539840826487168,0.08539817324744191,0.08539793827446493,0.08539770334592614,0.08539746846180979,0.08539723362209833,0.08539699882677801,0.08539676407582658,0.08539652936923402,0.08539629470697825,0.08539606008904449,0.08539582551541572,0.0853955909860764,0.08539535650101039,0.08539512206020065,0.08539488766363078,0.08539465331128422,0.08539441900314414,0.08539418473919472,0.08539395051941912,0.08539371634380087,0.08539348221232354,0.08539324812497061,0.08539301408172593,0.08539278008257237,0.08539254612749357,0.08539231221647488,0.08539207834949654,0.08539184452654416,0.08539161074760093,0.08539137701265061,0.08539114332167669,0.08539090967466262,0.08539067607159194,0.08539044251244834,0.0853902089972153,0.0853899755258755,0.08538974209841452,0.08538950871481482,0.08538927537506046,0.08538904207913485,0.08538880882702146,0.08538857561870401,0.08538834245416606,0.08538810933339129,0.08538787625636304,0.08538764322306577,0.08538741023348255,0.08538717728759705,0.0853869443853929,0.0853867115268537,0.08538647871196316,0.08538624594070499,0.0853860132130628,0.08538578052901849,0.08538554788855762,0.08538531529166375,0.08538508273832063,0.08538485022851193,0.08538461776222338,0.08538438533943664,0.08538415296013543,0.0853839206243035,0.08538368833192418,0.08538345608298098,0.08538322387745949,0.08538299171534143,0.08538275959661143,0.08538252752125294,0.08538229548925055,0.08538206350058727,0.08538183155524526,0.08538159965321084,0.08538136779446673,0.08538113597899649,0.08538090420678482,0.08538067247781475,0.08538044079207023,0.0853802091495351,0.08537997755019311,0.08537974599402795,0.08537951448102349,0.08537928301116347,0.08537905158443179,0.08537882020081224,0.08537858886028869,0.08537835756284501,0.0853781263084648,0.08537789509713199,0.0853776639288305,0.0853774328035441,0.08537720172125622,0.08537697068195114,0.08537673968561277,0.08537650873222485,0.08537627782177133,0.08537604695423658,0.08537581612960483,0.08537558534785833,0.08537535460898177,0.08537512391295898,0.08537489325977396,0.08537466264941047,0.08537443208185251,0.08537420155708397,0.08537397107508875,0.08537374063585074,0.08537351023935397,0.0853732798855822,0.08537304957451944,0.08537281930614966,0.08537258908045665,0.08537235889742467,0.08537212875703748,0.08537189865927902,0.08537166860413328,0.08537143859158418,0.0853712086216157,0.08537097869421184,0.08537074880935654,0.08537051896703385,0.08537028916722765,0.08537005940992219,0.085369829695101,0.08536960002274835,0.0853693703928483,0.08536914080538482,0.0853689112603417,0.0853686817577034,0.0853684522974543,0.08536822287957721,0.08536799350405631,0.08536776417087662,0.08536753488002173,0.08536730563147556,0.0853670764252221,0.08536684726124666,0.08536661813953195,0.0853663890600614,0.08536616002282012,0.08536593102779208,0.08536570207496107,0.08536547316431167,0.08536524429582738,0.08536501546949259,0.08536478668528764,0.08536455794320358,0.08536432924322128,0.08536410058532477,0.08536387196949899,0.0853636433957273,0.08536341486399386,0.08536318637428282,0.08536295792657832,0.08536272952086445,0.08536250115712539,0.08536227283534528,0.0853620445555082,0.0853618163175984,0.0853615881216002,0.08536135996749807,0.08536113185527565,0.0853609037849173,0.08536067575640673,0.085360447769728,0.08536021982486576,0.08535999192180416,0.08535976406052725,0.08535953624101933,0.08535930846326457,0.08535908072724992,0.0853588530329559,0.08535862538036659,0.08535839776946781,0.08535817020024247,0.08535794267267596,0.08535771518675193,0.08535748774245565,0.08535726033976868,0.08535703297867925,0.08535680565916995,0.08535657838122455,0.08535635114482729,0.08535612394996264,0.08535589679661494,0.08535566968476833,0.08535544261440639,0.08535521558551394,0.08535498859807786,0.08535476165207924,0.08535453474750533,0.08535430788433528,0.08535408106255744,0.08535385428215488,0.085353627543112,0.08535340084541594,0.0853531741890437,0.08535294757398658,0.08535272100022048,0.08535249446774539,0.0853522679765327,0.08535204152657058,0.08535181511784325,0.08535158875033437,0.08535136242402938,0.08535113613890782,0.0853509098949623,0.08535068369217323,0.0853504575305245,0.08535023141000107,0.08535000533058726,0.08534977929226797,0.08534955329502701,0.08534932733884892,0.08534910142371809,0.0853488755496188,0.08534864971653575,0.08534842392445299,0.08534819817335498,0.08534797246322948,0.08534774679405494,0.08534752116581858,0.08534729557850447,0.08534707003209788,0.08534684452658281,0.08534661906194382,0.08534639363816528,0.08534616825523185,0.08534594291312786,0.08534571761183789,0.08534549235134635,0.08534526713163768,0.08534504195269642,0.08534481681450762,0.08534459171705518,0.08534436666032315,0.08534414164429652,0.0853439166689586,0.08534369173429632,0.08534346684029302,0.0853432419869332,0.08534301717420037,0.08534279240207913,0.08534256767055831,0.08534234297961789,0.08534211832924286,0.08534189371941792,0.08534166915012963,0.08534144462136121,0.08534122013309758,0.085340995685323,0.08534077127802175,0.08534054691117897,0.08534032258477878,0.08534009829880493,0.0853398740532459,0.08533964984808218,0.08533942568329927,0.08533920155888303,0.0853389774748162,0.0853387534310848,0.08533852942767294,0.0853383054645649,0.08533808154174692,0.08533785765920121,0.08533763381691369,0.08533741001486962,0.08533718625305159,0.08533696253144689,0.08533673885003903,0.08533651520881273,0.08533629160775233,0.08533606804684303,0.08533584452606938,0.08533562104541556,0.08533539760486694,0.08533517420440775,0.08533495084402283,0.08533472752369889,0.08533450424341667,0.08533428100316291,0.08533405780292229,0.08533383464267914,0.0853336115224176,0.08533338844212446,0.08533316540178344,0.08533294240137898,0.08533271944089604,0.08533249652031932,0.08533227363963365,0.08533205079882376,0.08533182799787506,0.08533160523677143,0.08533138251549736,0.08533115983403784,0.08533093719237804,0.08533071459050261,0.08533049202839635,0.08533026950604267,0.08533004702342901,0.08532982458053817,0.0853296021773578,0.08532937981386957,0.08532915749005897,0.08532893520591123,0.0853287129614111,0.08532849075654343,0.08532826859129305,0.08532804646564479,0.08532782437958351,0.08532760233309404,0.08532738032616129,0.08532715835877043,0.08532693643090662,0.0853267145425523,0.08532649269369508,0.08532627088431881,0.08532604911440782,0.08532582738394909,0.08532560569292792,0.08532538404133129,0.08532516242914123,0.08532494085632839,0.08532471932289817,0.08532449782882577,0.08532427637410517,0.08532405495871016,0.0853238335826273,0.08532361224584481,0.08532339094834655,0.08532316969011776,0.08532294847114343,0.08532272729140873,0.08532250615089829,0.08532228504959799,0.08532206398749187,0.08532184296456495,0.08532162198080327,0.08532140103619014,0.08532118013071169,0.08532095926435296,0.08532073843709992,0.08532051764893477,0.08532029689984659,0.08532007618981602,0.08531985551882895,0.08531963488687117,0.08531941429392777,0.0853191937399837,0.08531897322502346,0.08531875274903317,0.08531853231199722,0.08531831191390092,0.08531809155472898,0.08531787123446741,0.08531765095310033,0.08531743071061258,0.0853172105069894,0.08531699034221585,0.08531677021627529,0.08531655012915697,0.08531633008084341,0.0853161100713217,0.08531589010057859,0.08531567016859337,0.08531545027535085,0.08531523042083938,0.08531501060504428,0.085314790827948,0.08531457108953905,0.08531435138980097,0.08531413172871742,0.08531391210627558,0.08531369252246153,0.08531347297725801,0.0853132534706448,0.08531303400261994,0.08531281457316207,0.08531259518225615,0.08531237582988759,0.08531215651604146,0.08531193724070256,0.08531171800385504,0.0853114988054864,0.08531127964558094,0.08531106052412403,0.08531084144110064,0.08531062239649598,0.08531040339029519,0.08531018442248428,0.08530996549304481,0.08530974660196716,0.08530952774923416,0.08530930893483127,0.08530909015874426,0.08530887142095875,0.08530865272145727,0.08530843406022635,0.08530821543725296,0.08530799685251893,0.08530777830601277,0.0853075597977186,0.08530734132762192,0.08530712289570784,0.08530690450196092,0.08530668614636729,0.08530646782891123,0.08530624954957904,0.08530603130835623,0.08530581310522742,0.08530559494017816,0.0853053768131936,0.0853051587242601,0.08530494067336114,0.08530472266048318,0.08530450468561111,0.0853042867487302,0.0853040688498269,0.08530385098888574,0.085303633165892,0.08530341538083111,0.08530319763368831,0.08530297992444907,0.08530276225309866,0.0853025446196225,0.08530232702400596,0.0853021094662344,0.08530189194629317,0.0853016744641677,0.08530145701984336,0.08530123961330552,0.08530102224453964,0.08530080491353108,0.08530058762026525,0.08530037036472758,0.08530015314690352,0.08529993596677839,0.08529971882433766,0.0852995017195668,0.08529928465245123,0.08529906762297636,0.08529885063112766,0.08529863367689054,0.08529841676025046,0.08529819988119296,0.08529798303970339,0.0852977662357673,0.08529754946937014,0.08529733274049735,0.08529711604913445,0.08529689939526693,0.08529668277888026,0.08529646619995994,0.08529624965849146,0.08529603315446038,0.08529581668785212,0.08529560025865232,0.08529538386684536,0.08529516751241793,0.08529495119536015,0.0852947349156492,0.08529451867327435,0.08529430246822123,0.08529408630047533,0.08529387017002257,0.08529365407684825,0.08529343802093695,0.08529322200227477,0.08529300602084734,0.08529279007663637,0.08529257416963729,0.08529235829982935,0.08529214246719835,0.08529192667173001,0.0852917109134082,0.08529149519222046,0.08529127950815231,0.08529106386118906,0.08529084825131693,0.08529063267852123,0.08529041714278761,0.08529020164409853,0.0852899861824457,0.08528977075781428,0.08528955537018505,0.08528934001954623,0.0852891247058833,0.08528890942918184,0.08528869418942762,0.08528847898660626,0.08528826382070336,0.08528804869170466,0.08528783359959559,0.08528761854436229,0.08528740352599058,0.08528718854446986,0.0852869735997756,0.08528675869189886,0.08528654382083069,0.08528632898655242,0.08528611418905344,0.08528589942830947,0.08528568470431325,0.08528547001704694,0.08528525536650178,0.08528504075265862,0.08528482617550748,0.08528461163502345,0.08528439713120095,0.08528418266403343,0.085283968233499,0.08528375383958317,0.0852835394822718,0.08528332516155729,0.08528311087741963,0.08528289662984125,0.08528268241880346,0.08528246824429751,0.08528225410631353,0.08528204000483379,0.08528182593984646,0.08528161191133639,0.08528139791928824,0.08528118396368604,0.08528097004452061,0.08528075616177501,0.08528054231543511,0.08528032850548667,0.08528011473191566,0.08527990099470786,0.08527968729384856,0.08527947362932417,0.08527926000112021,0.08527904640922328,0.08527883285361879,0.08527861933429279,0.0852784058512303,0.08527819240441795,0.08527797899384162,0.08527776561948726,0.08527755228134076,0.08527733897938795,0.08527712571361479,0.08527691248400716,0.08527669929055103,0.08527648613323226,0.08527627301203683,0.08527605992695068,0.08527584687795962,0.08527563386504976,0.08527542088820697,0.0852752079474172,0.08527499504266638,0.08527478217394051,0.08527456934122554,0.08527435654450745,0.08527414378377211,0.08527393105900723,0.08527371837019629,0.08527350571732628,0.08527329310038345,0.0852730805193534,0.08527286797422189,0.08527265546497133,0.0852724429915948,0.08527223055407636,0.08527201815240025,0.08527180578655381,0.08527159345652019,0.08527138116228733,0.08527116890383481,0.08527095668116323,0.08527074449425073,0.08527053234308346,0.0852703202276459,0.08527010814792617,0.08526989610391014,0.0852696840955838,0.0852694721229328,0.08526926018594741,0.08526904828460469,0.08526883641890196,0.08526862458881217,0.08526841279432952,0.08526820103543858,0.08526798931212647,0.085267777624378,0.08526756597217984,0.08526735435551804,0.08526714277437872,0.0852669312287481,0.08526671971861217,0.0852665082439573,0.08526629680477062,0.08526608540103632,0.08526587403274184,0.08526566269987244,0.08526545140241229,0.08526524014035036,0.08526502891367281,0.08526481772236558,0.08526460656641491,0.08526439544580698,0.08526418436052784,0.0852639733105637,0.08526376229590077,0.0852635513165253,0.08526334037242331,0.08526312946358122,0.0852629185899851,0.08526270775162118,0.08526249694847571,0.0852622861805349,0.08526207544778505,0.08526186475021232,0.08526165408780316,0.08526144346054365,0.08526123286842005,0.08526102231141854,0.08526081178952538,0.08526060130272686,0.08526039085100931,0.08526018043435896,0.08525997005276201,0.08525975970620489,0.08525954939467384,0.08525933911815509,0.08525912887663499,0.0852589186700999,0.08525870849853599,0.08525849836192967,0.08525828826026731,0.08525807819353509,0.0852578681617194,0.08525765816480663,0.08525744820278301,0.08525723827563497,0.08525702838334877,0.08525681852591085,0.0852566087033075,0.08525639891552504,0.08525618916254997,0.08525597944436866,0.08525576976096744,0.08525556011233262,0.08525535049845043,0.0852551409193074,0.08525493137488993,0.08525472186518442,0.08525451239017723,0.08525430294985469,0.08525409354420391,0.08525388417321068,0.08525367483686153,0.08525346553514279,0.08525325626804099,0.0852530470355426,0.08525283783763711,0.08525262867430818,0.08525241954553836,0.08525221045131746,0.08525200139163246,0.08525179236647026,0.08525158337581618,0.085251374419656,0.08525116549797782,0.08525095661076668,0.08525074775801,0.08525053893969499,0.08525033015580888,0.08525012140633782,0.08524991269126464,0.08524970401057812,0.0852494953642654,0.08524928675231228,0.08524907817470558,0.08524886963143175,0.08524866112247743,0.085248452647829,0.08524824420747322,0.08524803580139663,0.08524782742958563,0.0852476190920268,0.08524741078870679,0.08524720251961204,0.08524699428472923,0.08524678608404483,0.08524657791754553,0.08524636978521621,0.08524616168704592,0.08524595362302073,0.08524574559312702,0.08524553759735139,0.08524532963568032,0.08524512170810052,0.08524491381459852,0.08524470595516091,0.08524449812977442,0.08524429033842557,0.085244082581101,0.08524387485778799,0.08524366716847258,0.08524345951314137,0.08524325189178104,0.08524304430437826,0.08524283675091969,0.08524262923139196,0.08524242174578171,0.08524221429407543,0.08524200687626,0.08524179949232219,0.08524159214224862,0.08524138482602596,0.08524117754364094,0.08524097029508024,0.08524076308033061,0.08524055589937875,0.08524034875221138,0.08524014163881517,0.08523993455917693,0.08523972751328343,0.0852395205011213,0.08523931352267833,0.08523910657793907,0.08523889966689074,0.08523869278952091,0.08523848594581653,0.08523827913576547,0.08523807235935164,0.08523786561656321,0.08523765890738687,0.08523745223180941,0.08523724558981738,0.08523703898139783,0.08523683240653761,0.08523662586522333,0.08523641935744171,0.0852362128831799,0.08523600644242414,0.08523580003516211,0.08523559366137948,0.08523538732106375,0.08523518101419991,0.08523497474077893,0.08523476850078321,0.08523456229420372,0.0852343561210256,0.08523414998123792,0.08523394387482434,0.08523373780177318,0.08523353176206973,0.08523332575570172,0.08523311978265614,0.08523291384291976,0.08523270793647957,0.08523250206332239,0.08523229622343449,0.0852320904168034,0.08523188464341593,0.08523167890325901,0.08523147319631952,0.08523126752258434,0.0852310618820403,0.08523085627467272,0.08523065070047177,0.08523044515942323,0.08523023965151394,0.08523003417673138,0.08522982873506346,0.08522962332649636,0.0852294179510154,0.08522921260860566,0.08522900729925786,0.08522880202295782,0.08522859677969008,0.08522839156944817,0.08522818639221359,0.08522798124797454,0.08522777613672101,0.08522757105843344,0.08522736601310356,0.0852271610007216,0.08522695602126809,0.08522675107473221,0.08522654616110094,0.08522634128035818,0.08522613643249542,0.0852259316174948,0.08522572683535129,0.08522552208604788,0.08522531736957151,0.08522511268590924,0.08522490803504808,0.08522470341697515,0.08522449883167749,0.08522429427914217,0.08522408975935632,0.08522388527230695,0.08522368081797983,0.08522347639636213,0.08522327200744359,0.08522306765121061,0.08522286332764817,0.08522265903674732,0.08522245477849354,0.08522225055287098,0.08522204635986855,0.08522184219947497,0.08522163807167603,0.08522143397645837,0.0852212299138103,0.08522102588371808,0.08522082188616943,0.08522061792115136,0.08522041398865081,0.0852202100886553,0.0852200062211518,0.0852198023861274,0.08521959858356938,0.08521939481346484,0.08521919107580098,0.085218987370565,0.08521878369774413,0.08521858005732552,0.08521837644929642,0.085218172873644,0.08521796933035554,0.08521776581941821,0.08521756234081922,0.0852173588945458,0.08521715548058528,0.08521695209892469,0.0852167487495513,0.08521654543245255,0.08521634214761561,0.08521613889502766,0.08521593567467611,0.08521573248654822,0.0852155293306312,0.08521532620691273,0.08521512311537927,0.08521492005601854,0.08521471702881782,0.08521451403376437,0.08521431107084543,0.08521410814004836,0.08521390524136173,0.08521370237477102,0.08521349954026147,0.08521329673782858,0.0852130939674525,0.0852128912291208,0.08521268852282304,0.08521248584854954,0.08521228320628194,0.08521208059600731,0.08521187801771503,0.08521167547139226,0.08521147295702662,0.08521127047460535,0.0852110680241146,0.08521086560554403,0.08521066321888078,0.08521046086411752,0.08521025854123036,0.08521005625021212,0.08520985399105187,0.08520965176373348,0.08520944956825227,0.0852092474045843,0.08520904527272088,0.08520884317265372,0.08520864110436824,0.08520843906784803,0.0852082370630836,0.0852080350900613,0.08520783314876769,0.0852076312391954,0.08520742936132451,0.08520722751514608,0.08520702570064725,0.08520682391781495,0.08520662216663388,0.08520642044709945,0.0852062187591945,0.08520601710291546,0.08520581547824206,0.08520561388516118,0.08520541232366005,0.08520521079372798,0.08520500929535081,0.08520480782851582,0.08520460639321116,0.08520440498942439,0.08520420361714302,0.08520400227635457,0.08520380096704659,0.08520359968920664,0.08520339844282222,0.08520319722788093,0.08520299604437026,0.08520279489227783,0.08520259377159126,0.08520239268229798,0.08520219162438566,0.08520199059784184,0.08520178960265411,0.08520158863881007,0.08520138770629727,0.08520118680510334,0.08520098593521593,0.0852007850966226,0.08520058428931092,0.08520038351326863,0.08520018276848328,0.08519998205494246,0.08519978137263387,0.08519958072154499,0.0851993801016634,0.0851991795129771,0.08519897895547351,0.08519877842914038,0.0851985779339652,0.08519837746993571,0.08519817703703966,0.08519797663526477,0.08519777626459941,0.0851975759250304,0.08519737561654679,0.0851971753391312,0.0851969750927758,0.08519677487746775,0.0851965746931995,0.08519637453995445,0.08519617441771458,0.08519597432647427,0.0851957742662183,0.0851955742369342,0.08519537423861251,0.08519517427123888,0.08519497433480284,0.08519477442929047,0.08519457455468527,0.08519437471098473,0.08519417489817473,0.08519397511624004,0.08519377536515539,0.08519357564493428,0.08519337595555043,0.08519317629699323,0.08519297666924042,0.08519277707229801,0.08519257750614717,0.08519237797077654,0.08519217846616954,0.08519197899230367,0.0851917795491835,0.0851915801367896,0.08519138075511092,0.08519118140414086,0.08519098208387027,0.08519078279427961,0.08519058353535706,0.0851903843070905,0.0851901851094756,0.0851899859424843,0.08518978680611244,0.08518958770034789,0.08518938862517855,0.08518918958059223,0.08518899056657687,0.08518879158312029,0.08518859263021036,0.08518839370783508,0.08518819481598223,0.08518799595463974,0.08518779712379555,0.08518759832343753,0.08518739955355359,0.08518720081413167,0.08518700210515964,0.0851868034266257,0.08518660477851753,0.0851864061608229,0.08518620757352996,0.08518600901662658,0.08518581049010078,0.08518561199394052,0.08518541352813368,0.08518521509266826,0.08518501668753221,0.08518481831271359,0.0851846199682002,0.08518442165398016,0.08518422337004142,0.08518402511637195,0.08518382689295978,0.08518362869979192,0.0851834305368573,0.08518323240414392,0.08518303430163979,0.0851828362293328,0.08518263818721117,0.08518244017526279,0.08518224219347569,0.08518204424183796,0.08518184632033754,0.08518164842896254,0.08518145056770098,0.0851812527365408,0.08518105493547014,0.0851808571644771,0.0851806594235496,0.08518046171267567,0.08518026403184348,0.08518006638104095,0.0851798687602561,0.0851796711694814,0.08517947360870091,0.08517927607790288,0.08517907857707528,0.08517888110620632,0.08517868366528406,0.08517848625429664,0.08517828887323214,0.08517809152207872,0.08517789420082206,0.08517769690945226,0.08517749964795998,0.0851773024163313,0.0851771052145544,0.08517690804261817,0.08517671090050921,0.08517651378821728,0.08517631670572931,0.08517611965303121,0.08517592263011602,0.08517572563696987,0.08517552867358089,0.08517533173993716,0.08517513483602697,0.08517493796183839,0.08517474111736059,0.08517454430258085,0.08517434751748654,0.08517415076206765,0.0851739540363136,0.08517375734021077,0.08517356067374728,0.08517336403691152,0.08517316742969182,0.0851729708520765,0.08517277430405132,0.08517257778560706,0.08517238129673185,0.0851721848374128,0.08517198840764341,0.08517179200740452,0.0851715956366869,0.08517139929547898,0.08517120298376907,0.08517100670154554,0.0851708104487967,0.08517061422551087,0.08517041803167638,0.08517022186728151,0.08517002573231464,0.08516982962676409,0.08516963355061824,0.08516943750386526,0.08516924148649357,0.08516904549849148,0.08516884953984206,0.08516865361053928,0.08516845771057142,0.08516826183992691,0.08516806599859397,0.08516787018656105,0.0851676744038164,0.08516747865034847,0.08516728292614555,0.08516708723119605,0.0851668915654883,0.08516669592901073,0.0851665003217517,0.08516630474369964,0.08516610919484287,0.08516591367516982,0.08516571818466888,0.08516552272332849,0.08516532729113707,0.08516513188808404,0.08516493651415666,0.08516474116934486,0.0851645458536356,0.0851643505670173,0.08516415530947849,0.08516396008100757,0.08516376488159304,0.08516356971122331,0.08516337456988687,0.08516317945757224,0.08516298437426757,0.08516278931996173,0.08516259429464301,0.08516239929830005,0.08516220433092125,0.0851620093924951,0.08516181448301013,0.08516161960245487,0.08516142475081878,0.08516122992808935,0.08516103513425513,0.08516084036930452,0.08516064563322574,0.08516045092600773,0.08516025624763905,0.08516006159810849,0.08515986697740459,0.08515967238551893,0.08515947782243352,0.08515928328813965,0.08515908878262665,0.08515889430588246,0.085158699857896,0.0851585054386559,0.08515831104815014,0.08515811668636823,0.08515792235329792,0.08515772804892907,0.08515753377324983,0.0851573395262482,0.085157145307913,0.08515695111823299,0.08515675695719657,0.08515656282479277,0.0851563687210099,0.08515617464583768,0.08515598059926217,0.08515578658127307,0.08515559259185962,0.08515539863101083,0.08515520469871599,0.08515501079496038,0.0851548169197354,0.08515462307302954,0.08515442925483313,0.08515423546513302,0.08515404170391787,0.08515384797117642,0.08515365426689417,0.08515346059106318,0.08515326694367169,0.08515307332470888,0.08515287973416302,0.0851526861720228,0.08515249263827698,0.08515229913291444,0.08515210565592332,0.0851519122072919,0.0851517187870108,0.08515152539506742,0.08515133203144999,0.08515113869614914,0.08515094538914506,0.08515075211044493,0.08515055886002318,0.08515036563787182,0.08515017244398182,0.08514997927833791,0.08514978614093109,0.08514959303175218,0.08514939995078599,0.08514920689802072,0.08514901387344789,0.08514882087705815,0.08514862790883664,0.08514843496877265,0.08514824205685506,0.08514804917307527,0.08514785631742088,0.08514766348988319,0.0851474706904434,0.08514727791909525,0.08514708517582673,0.08514689246062891,0.0851466997734869,0.08514650711439292,0.08514631448333457,0.08514612188029937,0.08514592930527866,0.08514573675825901,0.0851455442392306,0.085145351748183,0.08514515928510517,0.08514496684998396,0.08514477444280938,0.08514458206356984,0.08514438971225496,0.08514419738885336,0.08514400509335396,0.08514381282574664,0.08514362058601822,0.08514342837415972,0.08514323619016241,0.08514304403400764,0.0851428519056879,0.08514265980519337,0.08514246773251243,0.08514227568763413,0.08514208367054721,0.0851418916812408,0.08514169971970366,0.08514150778592161,0.08514131587989034,0.08514112400159539,0.08514093215102568,0.08514074032816886,0.08514054853301603,0.08514035676555613,0.08514016502577859,0.08513997331367117,0.08513978162922228,0.08513958997242148,0.08513939834325755,0.08513920674172133,0.08513901516779884,0.08513882362148019,0.08513863210275617,0.08513844061161378,0.08513824914804295,0.08513805771203313,0.08513786630357285,0.08513767492265116,0.08513748356925721,0.0851372922433799,0.08513710094500847,0.08513690967413183,0.0851367184307392,0.08513652721481964,0.08513633602636222,0.085136144865356,0.0851359537317901,0.08513576262565359,0.08513557154693556,0.08513538049562518,0.08513518947171142,0.08513499847518352,0.08513480750603063,0.08513461656424172,0.08513442564980604,0.08513423476271267,0.0851340439029508,0.08513385307050955,0.08513366226537804,0.08513347148754542,0.08513328073700085,0.08513309001373351,0.08513289931773386,0.08513270864898807,0.08513251800748925,0.08513232739322227,0.0851321368061761,0.08513194624634314,0.0851317557137132,0.08513156520827395,0.08513137473001449,0.08513118427892413,0.08513099385499201,0.08513080345820738,0.0851306130885594,0.085130422746038,0.08513023243063159,0.0851300421423295,0.08512985188112092,0.08512966164699516,0.08512947143994133,0.08512928125994883,0.08512909110700737,0.08512890098110572,0.08512871088223312,0.08512852081038745,0.0851283307655489,0.0851281407476994,0.08512795075683555,0.0851277607929463,0.0851275708560224,0.08512738094605238,0.08512719106302574,0.08512700120693222,0.08512681137775857,0.08512662157549754,0.08512643180013703,0.0851262420516664,0.08512605233007137,0.08512586263534852,0.08512567296748291,0.08512548332646457,0.08512529371228307,0.08512510412492752,0.08512491456438763,0.08512472503065178,0.08512453552370616,0.08512434604354696,0.08512415659016095,0.0851239671635369,0.08512377776366399,0.0851235883905248,0.08512339904412519,0.08512320972444298,0.08512302043146946,0.08512283116519416,0.08512264192560702,0.08512245271269696,0.08512226352645688,0.08512207436686871,0.08512188523392855,0.08512169612761862,0.08512150704793446,0.08512131799486662,0.08512112896840558,0.08512093996853073,0.08512075099523804,0.08512056204851919,0.08512037312835478,0.08512018423474392,0.08511999536767313,0.0851198065271312,0.08511961771310851,0.08511942892558857,0.0851192401645712,0.0851190514300408,0.08511886272198986,0.08511867404040208,0.08511848538527016,0.08511829675658246,0.08511810815433102,0.08511791957850195,0.08511773102908674,0.08511754250607499,0.08511735400945658,0.08511716553921814,0.08511697709535317,0.08511678867784835,0.08511660028669493,0.08511641192188159,0.08511622358339807,0.0851160352712334,0.08511584698537716,0.08511565872582004,0.0851154704925511,0.08511528228555985,0.08511509410483588,0.0851149059503676,0.08511471782214691,0.08511452972016212,0.08511434164440249,0.08511415359485781,0.085113965571518,0.08511377757437238,0.0851135896034108,0.08511340165862329,0.0851132137399977,0.08511302584752423,0.08511283798119443,0.08511265014099559,0.08511246232691917,0.08511227453895426,0.0851120867770896,0.08511189904131553,0.0851117113316212,0.08511152364799698,0.08511133599043262,0.08511114835891709,0.08511096075343998,0.08511077317399206,0.08511058562056208,0.08511039809313992,0.0851102105917152,0.08511002311627762,0.08510983566681696,0.08510964824332563,0.08510946084579103,0.08510927347420189,0.0851090861285488,0.08510889880881747,0.08510871151500192,0.08510852424710164,0.08510833700508631,0.08510814978895472,0.0851079625986971,0.0851077754343029,0.0851075882957649,0.08510740118306812,0.08510721409620396,0.08510702703516246,0.08510683999993386,0.0851066529905077,0.08510646600687223,0.0851062790490192,0.08510609211693662,0.08510590521061587,0.08510571833004743,0.08510553147521893,0.0851053446461208,0.08510515784274289,0.08510497106507522,0.0851047843131015,0.08510459758683274,0.08510441088624507,0.08510422421132932,0.08510403756206211,0.08510385093844411,0.08510366434046521,0.08510347776811521,0.08510329122138403,0.08510310470026151,0.08510291820473741,0.08510273173480165,0.085102545290444,0.0851023588716544,0.08510217247842262,0.08510198611073862,0.08510179976859227,0.08510161345197323,0.0851014271608717,0.08510124089527746,0.08510105465518038,0.08510086844057035,0.08510068225143698,0.08510049608777047,0.08510030994956068,0.08510012383679723,0.0850999377494704,0.08509975168757003,0.08509956565108615,0.08509937964000858,0.0850991936543273,0.08509900769403228,0.08509882175911333,0.0850986358495606,0.08509844996536385,0.08509826410651315,0.08509807827299841,0.08509789246480964,0.08509770668193674,0.08509752092436974,0.08509733519209857,0.08509714948511327,0.08509696380340376,0.08509677814696004,0.0850965925157721,0.08509640690983002,0.08509622132912363,0.08509603577365096,0.08509585024339436,0.08509566473834398,0.08509547925849002,0.08509529380382291,0.08509510837433326,0.08509492296999824,0.0850947375908191,0.08509455223678596,0.08509436690788882,0.08509418160411612,0.08509399632545954,0.08509381107191079,0.08509362584346057,0.08509344064009527,0.08509325546180581,0.08509307030858249,0.08509288518041563,0.0850927000772954,0.08509251499921185,0.08509232994615502,0.08509214491811505,0.08509195991508205,0.08509177493704606,0.08509158998399725,0.08509140505592565,0.08509122015282149,0.08509103527467476,0.08509085042147566,0.08509066559321428,0.08509048078988016,0.0850902960114641,0.0850901112579563,0.0850899265293468,0.08508974182562577,0.08508955714678357,0.08508937249281014,0.08508918786369556,0.08508900325943008,0.08508881867999997,0.08508863412540175,0.08508844959562466,0.0850882650906571,0.08508808061048967,0.0850878961551122,0.0850877117245151,0.08508752731868852,0.0850873429376226,0.08508715858130765,0.08508697424973381,0.08508678994289116,0.08508660566077013,0.0850864214033609,0.08508623717065386,0.08508605296264028,0.08508586877930777,0.085085684620648,0.0850855004866519,0.0850853163773082,0.08508513229260803,0.08508494823254294,0.08508476419710019,0.08508458018625716,0.08508439620001895,0.08508421223837542,0.08508402830131681,0.08508384438883357,0.08508366050091566,0.08508347663755386,0.08508329279873807,0.08508310898445862,0.08508292519470623,0.08508274142947068,0.08508255768874262,0.08508237397251223,0.08508219028076985,0.08508200661350579,0.08508182297071024,0.0850816393523735,0.08508145575848655,0.08508127218903913,0.08508108864402168,0.08508090512342428,0.08508072162723768,0.08508053815545213,0.08508035470805794,0.08508017128504565,0.08507998788640533,0.08507980451212746,0.08507962116220252,0.08507943783662075,0.08507925453537267,0.08507907125846408,0.08507888800586987,0.08507870477758048,0.08507852157358624,0.08507833839387761,0.08507815523844497,0.08507797210727876,0.08507778900036936,0.0850776059177072,0.08507742285928274,0.08507723982508637,0.08507705681510855,0.08507687382933969,0.0850766908677702,0.08507650793039061,0.08507632501719126,0.08507614212816268,0.08507595926329534,0.08507577642257966,0.08507559360600607,0.08507541081356508,0.08507522804524718,0.08507504530104283,0.08507486258094249,0.08507467988493668,0.08507449721301581,0.08507431456517052,0.08507413194139117,0.08507394934166831,0.08507376676599247,0.0850735842143541,0.08507340168674378,0.08507321918315199,0.08507303670356924,0.08507285424798602,0.08507267181639297,0.08507248940878055,0.08507230702513935,0.08507212466545983,0.08507194232973259,0.0850717600179482,0.0850715777300971,0.08507139546616999,0.08507121322615736,0.08507103101004983,0.0850708488178379,0.08507066664951211,0.08507048450506316,0.08507030238448159,0.08507012028775793,0.0850699382148828,0.08506975616583917,0.08506957414062526,0.08506939213923158,0.08506921016164908,0.08506902820786794,0.0850688462778794,0.08506866437167346,0.08506848248924116,0.08506830063057273,0.08506811879565906,0.08506793698449067,0.08506775519705816,0.08506757343335226,0.08506739169336357,0.08506720997708271,0.08506702828450043,0.08506684661560737,0.08506666497039406,0.0850664833488514,0.08506630175096982,0.08506612017674023,0.085065938626153,0.08506575709919918,0.08506557559586922,0.08506539411616257,0.08506521266006115,0.08506503122755561,0.08506484981863675,0.08506466843329369,0.08506448707151881,0.08506430573330272,0.08506412441863624,0.08506394312751002,0.0850637618599148,0.08506358061584134,0.08506339939528033,0.08506321819822256,0.08506303702465876,0.08506285587457967,0.08506267474797602,0.08506249364483862,0.08506231256515813,0.08506213150892548,0.08506195047613127,0.08506176946676637,0.08506158848082152,0.08506140751828753,0.08506122657915509,0.0850610456634151,0.08506086477105829,0.08506068390207545,0.08506050305645746,0.08506032223419505,0.085060141435279,0.08505996065970015,0.08505977990744938,0.08505959917851746,0.08505941847289522,0.08505923779057348,0.08505905713154305,0.08505887649579477,0.08505869588331957,0.08505851529410817,0.08505833472815268,0.08505815418544259,0.08505797366596882,0.08505779316972222,0.08505761269669371,0.08505743224687409,0.08505725182025406,0.08505707141682468,0.085056891036577,0.08505671067950178,0.08505653034558999,0.08505635003483247,0.08505616974722012,0.08505598948274384,0.08505580924139457,0.08505562902316315,0.08505544882804054,0.08505526865601769,0.08505508850708542,0.08505490838123472,0.0850547282784565,0.0850545481987417,0.08505436814208123,0.08505418810846606,0.08505400809788709,0.08505382811033534,0.08505364814580171,0.08505346820427713,0.08505328828575266,0.08505310839021911,0.08505292851766758,0.08505274866808896,0.08505256884147425,0.08505238903781445,0.08505220925710053,0.08505202949932343,0.0850518497644742,0.08505167005254383,0.08505149036352327,0.08505131069740361,0.08505113105417575,0.08505095143383072,0.08505077183635965,0.08505059226175342,0.08505041271000313,0.08505023318109974,0.08505005367503435,0.08504987419179794,0.08504969473138156,0.08504951529377629,0.08504933587897312,0.08504915648696314,0.08504897711773739,0.08504879777128689,0.08504861844760275,0.08504843914667604,0.08504825986849779,0.0850480806130591,0.08504790138035102,0.08504772217036465,0.08504754298309108,0.08504736381852138,0.08504718467664668,0.08504700555745802,0.08504682646094654,0.08504664738710334,0.08504646833591949,0.08504628930738584,0.08504611030149373,0.08504593131823442,0.08504575235759892,0.08504557341957841,0.08504539450416401,0.08504521561134681,0.08504503674111806,0.08504485789346877,0.0850446790683902,0.0850445002658734,0.08504432148590964,0.08504414272848992,0.08504396399360555,0.08504378528124758,0.08504360659140671,0.08504342792407574,0.08504324927924463,0.08504307065690435,0.0850428920570464,0.08504271347966198,0.0850425349247423,0.08504235639227851,0.08504217788226312,0.08504199939468433,0.08504182092953506,0.08504164248680662,0.08504146406649013,0.08504128566857683,0.08504110729305799,0.08504092893992478,0.08504075060916852,0.08504057230078035,0.08504039401475152,0.08504021575107336,0.08504003750973702,0.08503985929073378,0.08503968109405502,0.08503950291969178,0.08503932476763548,0.08503914663787734,0.0850389685304086,0.08503879044522057,0.08503861238230453,0.08503843434165179,0.08503825632325351,0.08503807832710114,0.08503790035318588,0.08503772240149905,0.08503754447203199,0.08503736656477595,0.08503718867972225,0.0850370108168622,0.08503683297618714,0.08503665515768839,0.08503647736135728,0.08503629958718513,0.08503612183516322,0.08503594410528298,0.08503576639753564,0.08503558871191268,0.08503541104840534,0.08503523340700497,0.085035055787703,0.08503487819049078,0.08503470061535963,0.08503452306230097,0.08503434553130607,0.08503416802236638,0.0850339905354733,0.08503381307061815,0.08503363562779231,0.08503345820698727,0.08503328080819429,0.08503310343140487,0.08503292607661035,0.08503274874380219,0.08503257143297177,0.0850323941441105,0.08503221687720977,0.08503203963226112,0.08503186240925577,0.0850316852081853,0.08503150802904115,0.08503133087181469,0.08503115373649739,0.08503097662308066,0.08503079953155594,0.08503062246191478,0.08503044541414857,0.08503026838824869,0.08503009138420672,0.08502991440201409,0.08502973744166227,0.08502956050314271,0.08502938358644693,0.08502920669156633,0.08502902981849246,0.08502885296721684,0.0850286761377309,0.08502849933002615,0.08502832254409413,0.0850281457799263,0.08502796903751422,0.08502779231684934,0.08502761561792316,0.0850274389407273,0.08502726228525319,0.08502708565149238,0.0850269090394364,0.08502673244907684,0.0850265558804051,0.0850263793334129,0.08502620280809164,0.08502602630443294,0.0850258498224284,0.08502567336206948,0.08502549692334778,0.08502532050625487,0.08502514411078228,0.0850249677369216,0.08502479138466451,0.08502461505400247,0.08502443874492702,0.08502426245742993,0.08502408619150258,0.08502390994713671,0.08502373372432386,0.0850235575230557,0.08502338134332374,0.08502320518511963,0.08502302904843498,0.08502285293326771,0.08502267683960325,0.08502250076743362,0.08502232471674995,0.08502214868754465,0.08502197267980956,0.0850217966935364,0.0850216207287066,0.085021444785321,0.08502126886338017,0.08502109296286585,0.08502091708376956,0.08502074122608351,0.08502056538979973,0.0850203895749099,0.08502021378140528,0.08502003800927821,0.08501986225852008,0.08501968652912405,0.08501951082108054,0.08501933513438133,0.08501915946901806,0.08501898382498257,0.08501880820226632,0.08501863260086097,0.08501845702075866,0.08501828146195065,0.0850181059244288,0.08501793040818491,0.08501775491321065,0.0850175794394977,0.08501740398703798,0.08501722855582303,0.08501705314584457,0.08501687775709463,0.08501670238956453,0.08501652704324636,0.08501635171813171,0.08501617641421254,0.08501600113148039,0.08501582586992716,0.0850156506295445,0.08501547541032425,0.08501530021225819,0.08501512503533809,0.08501494987954686,0.08501477474488496,0.0850145996313444,0.08501442453891649,0.08501424946759373,0.08501407441736784,0.08501389938823055,0.08501372438017364,0.08501354939318886,0.08501337442726807,0.08501319948240307,0.08501302455858561,0.08501284965580765,0.08501267477406088,0.08501249991333726,0.08501232507362856,0.08501215025492657,0.08501197545722321,0.08501180068051034,0.08501162592477984,0.08501145119002347,0.08501127647623337,0.08501110178340111,0.08501092711151867,0.08501075246057786,0.08501057783057046,0.0850104032214882,0.08501022863332355,0.08501005406606808,0.08500987951971377,0.08500970499425244,0.08500953048967598,0.08500935600597631,0.08500918154314534,0.0850090071011749,0.08500883268005703,0.08500865827978354,0.08500848390034624,0.08500830954173716,0.08500813520394832,0.08500796088697303,0.08500778659080183,0.08500761231542661,0.08500743806083931,0.08500726382703191,0.0850070896139964,0.08500691542172459,0.0850067412502086,0.08500656709944023,0.08500639296941163,0.0850062188601146,0.08500604477154117,0.08500587070368334,0.0850056966565331,0.08500552263008238,0.0850053486243232,0.08500517463924753,0.08500500067484736,0.08500482673111473,0.08500465280804159,0.08500447890561999,0.0850043050238419,0.08500413116269935,0.08500395732218437,0.08500378350228896,0.08500360970300512,0.0850034359243249,0.08500326216624035,0.08500308842874343,0.08500291471182626,0.08500274101548089,0.0850025673396993,0.08500239368447354,0.08500222004979346,0.08500204643565132,0.08500187284204282,0.08500169926895859,0.0850015257163906,0.0850013521843309,0.08500117867277146,0.0850010051817044,0.08500083171112183,0.08500065826101579,0.08500048483137833,0.08500031142220162,0.08500013803347764,0.08499996466519864,0.08499979131735658,0.08499961798994363,0.08499944468295184,0.08499927139637342,0.08499909813020044,0.08499892488442497,0.08499875165903996,0.08499857845403593,0.08499840526940575,0.08499823210514142,0.08499805896123508,0.08499788583767749,0.08499771273446247,0.08499753965158216,0.08499736658902872,0.08499719354679433,0.08499702052487104,0.08499684752325114,0.08499667454192679,0.08499650158089003,0.08499632864013311,0.08499615571964829,0.08499598281942759,0.08499580993946332,0.0849956370797476,0.08499546424027263,0.0849952914210306,0.08499511862201371,0.0849949458432142,0.08499477308462774,0.084994600346243,0.0849944276280522,0.08499425493004754,0.0849940822522212,0.08499390959456551,0.08499373695707257,0.08499356433973472,0.08499339174254415,0.08499321916549303,0.08499304660857372,0.08499287407177841,0.08499270155509932,0.08499252905852875,0.0849923565820589,0.08499218412568207,0.08499201168939055,0.08499183927317655,0.08499166687703232,0.08499149450095021,0.08499132214492244,0.0849911498089413,0.08499097749299905,0.08499080519708808,0.08499063292120053,0.08499046066532878,0.08499028842946516,0.08499011621360186,0.08498994401773127,0.0849897718418457,0.08498959968593466,0.0849894275499935,0.0849892554340145,0.08498908333799236,0.08498891126191653,0.08498873920577953,0.08498856716957359,0.08498839515329112,0.0849882231569245,0.08498805118046605,0.08498787922390809,0.08498770728724249,0.08498753537046216,0.08498736347355951,0.08498719159652687,0.08498701973935664,0.08498684790204117,0.08498667608457283,0.08498650428694392,0.08498633250914692,0.08498616075117417,0.084985989013018,0.08498581729467135,0.08498564559612612,0.08498547391737472,0.08498530225840958,0.08498513061922308,0.08498495899980764,0.08498478740015561,0.08498461582025948,0.08498444426011159,0.08498427271970446,0.08498410119903044,0.08498392969808198,0.08498375821685145,0.08498358675533141,0.08498341531351417,0.08498324389139222,0.08498307248895803,0.084982901106204,0.08498272974312265,0.08498255839970635,0.08498238707594762,0.0849822157718389,0.08498204448737197,0.08498187322254,0.08498170197733543,0.08498153075175074,0.08498135954577843,0.08498118835941147,0.08498101719264176,0.08498084604546184,0.08498067491786418,0.08498050380984072,0.0849803327213847,0.0849801616524885,0.08497999060314465,0.08497981957334566,0.08497964856308404,0.08497947757235234,0.08497930660114299,0.08497913564944856,0.0849789647172616,0.08497879380457468,0.08497862291138036,0.08497845203767104,0.08497828118343925,0.0849781103486777,0.08497793953337879,0.08497776873753511,0.08497759796113932,0.08497742720418373,0.08497725646666121,0.0849770857485641,0.08497691504988505,0.08497674437061664,0.0849765737107515,0.08497640307028202,0.08497623244920091,0.08497606184750078,0.08497589126517419,0.08497572070221371,0.08497555015861195,0.0849753796343615,0.084975209129455,0.08497503864388496,0.08497486817764412,0.08497469773072501,0.08497452730312027,0.08497435689482255,0.0849741865058244,0.08497401613611855,0.08497384578569747,0.08497367545455393,0.08497350514268047,0.08497333485006987,0.08497316457671457,0.08497299432260742,0.08497282408774097,0.0849726538721079,0.08497248367570087,0.08497231349851231,0.08497214334053531,0.08497197320176234,0.08497180308218602,0.08497163298179904,0.08497146290059422,0.08497129283856425,0.08497112279570186,0.08497095277199929,0.08497078276744979,0.08497061278204562,0.08497044281577973,0.08497027286864808,0.0849701029406404,0.08496993303174995,0.0849697631419706,0.08496959327128553,0.08496942341970201,0.08496925358720392,0.08496908377378483,0.08496891397943768,0.08496874420415526,0.08496857444793063,0.08496840471075655,0.08496823499262578,0.08496806529353106,0.0849678956134654,0.08496772595242133,0.08496755631039164,0.08496738668736914,0.08496721708334663,0.08496704749831681,0.08496687793227253,0.08496670838520652,0.0849665388571116,0.08496636934798055,0.08496619985780607,0.084966030386581,0.08496586093429821,0.08496569150095044,0.0849655220865305,0.08496535269103117,0.08496518331444522,0.08496501395676552,0.08496484461798487,0.08496467529809605,0.0849645059970919,0.08496433671496524,0.08496416745170891,0.08496399820731572,0.08496382898177847,0.08496365977509006,0.08496349058724327,0.0849633214182309,0.08496315226804595,0.08496298313668116,0.08496281402412939,0.08496264493038351,0.08496247585543636,0.08496230679928077,0.08496213776190963,0.0849619687433158,0.08496179974349216,0.08496163076243157,0.08496146180012695,0.08496129285657117,0.0849611239317571,0.08496095502567758,0.08496078613832554,0.08496061726969384,0.08496044841977546,0.08496027958856317,0.08496011077605001,0.0849599419822288,0.0849597732070925,0.08495960445063397,0.08495943571284516,0.08495926699371974,0.08495909829324744,0.08495892961142558,0.0849587609482467,0.08495859230370341,0.08495842367778862,0.08495825507049524,0.08495808648181484,0.08495791791174202,0.08495774936026906,0.08495758082738894,0.08495741231309449,0.08495724381737874,0.08495707534023436,0.08495690688165426,0.0849567384416308,0.08495657002015974,0.08495640161724065,0.08495623323285174,0.0849560648669926,0.08495589651965674,0.0849557281908442,0.08495555988053209,0.08495539158872131,0.08495522331540577,0.08495505506057731,0.0849548868242381,0.08495471860636507,0.0849545504069532,0.08495438222600463,0.08495421406350948,0.08495404591946132,0.08495387779384932,0.08495370968667544,0.08495354159793433,0.08495337352760243,0.08495320547567586,0.08495303744215503,0.08495286942703031,0.0849527014302976,0.08495253345194528,0.084952365491978,0.08495219755037074,0.08495202962713602,0.08495186172224828,0.08495169383570925,0.08495152596751089,0.08495135811764638,0.0849511902861066,0.0849510224728889,0.08495085467798505,0.08495068690138845,0.08495051914309171,0.08495035140308788,0.08495018368137004,0.0849500159779314,0.08494984829276492,0.08494968062586376,0.08494951297722103,0.08494934534683028,0.08494917773468406,0.0849490101407675,0.08494884256508957,0.08494867500763584,0.08494850746839919,0.08494833994737272,0.08494817244454864,0.0849480049599204,0.0849478374934866,0.08494767004523486,0.08494750261515771,0.08494733520324863,0.08494716780950136,0.08494700043390642,0.08494683307646385,0.0849466657371593,0.08494649841598957,0.08494633111294846,0.08494616382803959,0.08494599656124055,0.08494582931254545,0.08494566208195144,0.08494549486945133,0.08494532767503835,0.08494516049870202,0.08494499334044225,0.08494482620024824,0.08494465907811581,0.08494449197403725,0.08494432488800363,0.08494415782001394,0.08494399077005446,0.0849438237381225,0.08494365672421482,0.08494348972831381,0.08494332275041738,0.0849431557905197,0.0849429888486138,0.08494282192469627,0.08494265501876319,0.08494248813079229,0.08494232126078695,0.08494215440874038,0.08494198757464345,0.08494182075849518,0.08494165396028756,0.08494148718000587,0.08494132041764307,0.08494115367320568,0.08494098694667643,0.08494082023805305,0.0849406535473269,0.08494048687449161,0.08494032021954237,0.08494015358246877,0.08493998696326506,0.08493982036192646,0.08493965377844506,0.0849394872128138,0.08493932066502725,0.08493915413507756,0.08493898762295797,0.08493882112866322,0.08493865465218563,0.08493848819351812,0.08493832175265417,0.0849381553295822,0.08493798892430689,0.08493782253681528,0.08493765616710171,0.08493748981515739,0.08493732348097419,0.08493715716454803,0.0849369908658719,0.08493682458493762,0.08493665832175078,0.08493649207628709,0.08493632584855139,0.08493615963853202,0.0849359934462233,0.08493582727161571,0.08493566111470842,0.0849354949754919,0.08493532885395952,0.08493516275010612,0.0849349966639228,0.08493483059540355,0.08493466454454192,0.08493449851133042,0.08493433249576549,0.08493416649783701,0.08493400051754044,0.08493383455486948,0.08493366860981548,0.08493350268237387,0.08493333677251307,0.08493317088027594,0.08493300500562727,0.08493283914855655,0.08493267330907277,0.08493250748716201,0.08493234168280689,0.08493217589601976,0.08493201012678406,0.08493184437509461,0.08493167864094563,0.08493151292432712,0.08493134722522852,0.08493118154365001,0.08493101587957647,0.08493085023301153,0.08493068460394819,0.08493051899238821,0.08493035339831514,0.08493018782172243,0.08493002226260447,0.08492985672095386,0.08492969119676409,0.08492952569002857,0.08492936020074084,0.08492919472889436,0.0849290292744827,0.08492886383749927,0.08492869841793758,0.08492853301579124,0.08492836763105356,0.08492820226371824,0.08492803691377868,0.08492787158122846,0.08492770626606105,0.08492754096827,0.08492737568784887,0.08492721042479107,0.08492704517909028,0.0849268799507399,0.08492671473973358,0.08492654954606482,0.08492638436972715,0.08492621921071412,0.08492605406901926,0.0849258889446362,0.08492572383755845,0.08492555874776372,0.08492539367526135,0.08492522862004497,0.08492506358210815,0.08492489856144433,0.08492473355804729,0.0849245685719104,0.08492440360302737,0.08492423865139175,0.08492407371699719,0.0849239087998371,0.08492374389990526,0.08492357901719513,0.0849234141517004,0.08492324930341459,0.0849230844723314,0.08492291965844434,0.08492275486174711,0.08492259008223324,0.08492242531989633,0.08492226057473014,0.08492209584672818,0.08492193113588405,0.0849217664421914,0.08492160176564392,0.0849214371062353,0.084921272463959,0.08492110783880877,0.08492094323079592,0.0849207786398965,0.08492061406610409,0.08492044950941245,0.08492028496981521,0.08492012044730603,0.08491995594187869,0.08491979145352688,0.08491962698224162,0.08491946252801816,0.08491929809085082,0.08491913367073335,0.08491896926765966,0.08491880488162336,0.08491864051261838,0.08491847616063694,0.08491831182567526,0.08491814750772517,0.08491798320678069,0.08491781892283545,0.08491765465588341,0.08491749040592164,0.08491732617294,0.08491716195693326,0.08491699775788204,0.0849168335757975,0.08491666941066901,0.0849165052624963,0.08491634113126527,0.08491617701697014,0.08491601291960472,0.08491584883916355,0.08491568477564038,0.08491552072902898,0.08491535669932318,0.08491519268651683,0.08491502869060373,0.08491486471156244,0.08491470074940158,0.08491453680411598,0.08491437287570804,0.08491420896416185,0.08491404506946931,0.0849138811916084,0.08491371733060862,0.08491355348644788,0.08491338965910235,0.084913225848597,0.0849130620549096,0.08491289827803392,0.08491273451796412,0.08491257077469375,0.08491240704821663,0.08491224333852668,0.08491207964561752,0.08491191596948315,0.08491175231010742,0.0849115886675043,0.08491142504164564,0.08491126143254757,0.08491109784019302,0.084910934264575,0.08491077070569102,0.08491060716353066,0.08491044363807729,0.08491028012934758,0.08491011663731324,0.08490995316198449,0.08490978970335752,0.08490962626141949,0.08490946283616385,0.08490929942758549,0.08490913603567327,0.08490897266042612,0.08490880930183572,0.08490864595989607,0.08490848263460155,0.08490831932594767,0.08490815603392408,0.08490799275851264,0.0849078294997369,0.08490766625757738,0.08490750303202164,0.08490733982307647,0.08490717663073555,0.08490701345497427,0.08490685029579698,0.08490668715319759,0.0849065240271687,0.0849063609177043,0.08490619782480265,0.08490603474845433,0.0849058716886555,0.08490570864539645,0.08490554561867103,0.08490538260847637,0.08490521961480525,0.0849050566376516,0.08490489367700897,0.08490473073287211,0.08490456780523208,0.0849044048940751,0.08490424199941693,0.08490407912124029,0.0849039162595383,0.0849037534143051,0.08490359058553056,0.08490342777321241,0.08490326497734721,0.08490310219792695,0.08490293943494855,0.0849027766884009,0.08490261395827466,0.08490245124457599,0.08490228854728847,0.0849021258664099,0.08490196320192357,0.08490180055384215,0.08490163792215108,0.08490147530684487,0.08490131270791794,0.0849011501253618,0.08490098755917205,0.08490082500934196,0.08490066247586674,0.08490049995874002,0.08490033745795567,0.08490017497350762,0.08490001250538975,0.08489985005359889,0.08489968761812412,0.08489952519896181,0.08489936279611664,0.08489920040956066,0.08489903803930872,0.08489887568533602,0.0848987133476459,0.08489855102624765,0.08489838872110828,0.08489822643223159,0.08489806415961235,0.08489790190324664,0.08489773966312786,0.08489757743925011,0.08489741523160735,0.08489725304018896,0.0848970908649982,0.08489692870602504,0.08489676656326331,0.08489660443670442,0.08489644232634806,0.0848962802321829,0.08489611815420738,0.08489595609241214,0.08489579404679444,0.08489563201734553,0.08489547000405955,0.08489530800693515,0.0848951460259628,0.08489498406113552,0.0848948221124487,0.08489466017989987,0.08489449826347656,0.08489433636318114,0.08489417447899,0.08489401261091707,0.08489385075894944,0.08489368892308116,0.08489352710330388,0.08489336529961569,0.08489320351201018,0.08489304174047702,0.0848928799850242,0.08489271824562868,0.0848925565222851,0.08489239481500968,0.08489223312377196,0.08489207144857645,0.08489190978939166,0.08489174814625591,0.08489158651914563,0.08489142490805382,0.08489126331294998,0.08489110173387675,0.08489094017080223,0.08489077862372003,0.08489061709262703,0.0848904555775155,0.08489029407837298,0.08489013259520914,0.08488997112801064,0.08488980967677198,0.08488964824148616,0.08488948682214945,0.08488932541875378,0.08488916403128396,0.0848890026597542,0.0848888413041568,0.08488867996447,0.08488851864069825,0.08488835733283333,0.08488819604086681,0.084888034764797,0.08488787350461555,0.08488771226031992,0.08488755103190267,0.08488738981935394,0.08488722862267513,0.08488706744185003,0.08488690627688986,0.08488674512777736,0.08488658399451063,0.08488642287707848,0.08488626177546922,0.08488610068969488,0.0848859396197454,0.08488577856562321,0.08488561752729538,0.08488545650477311,0.08488529549804548,0.08488513450711278,0.08488497353196314,0.08488481257259618,0.08488465162900168,0.08488449070118137,0.0848843297891224,0.08488416889282101,0.08488400801227171,0.08488384714747053,0.0848836862984084,0.08488352546507927,0.08488336464748047,0.08488320384560794,0.0848830430594499,0.0848828822890052,0.08488272153426785,0.0848825607952301,0.08488240007188835,0.08488223936423651,0.08488207867226863,0.08488191799597888,0.08488175733536168,0.0848815966904113,0.08488143606112207,0.08488127544749836,0.08488111484951455,0.08488095426717233,0.08488079370047134,0.08488063314940329,0.08488047261396252,0.08488031209414286,0.08488015158993974,0.08487999110134699,0.08487983062835894,0.08487967017097,0.08487950972917456,0.08487934930296698,0.08487918889234045,0.08487902849729129,0.08487886811781217,0.08487870775389594,0.08487854740554353,0.08487838707274488,0.08487822675549547,0.0848780664537994,0.08487790616762805,0.08487774589698974,0.0848775856418852,0.08487742540229487,0.08487726517821842,0.08487710496965176,0.0848769447765885,0.08487678459902566,0.08487662443695379,0.08487646429037041,0.0848763041592618,0.08487614404363952,0.08487598394348131,0.08487582385879022,0.08487566378955838,0.08487550373577872,0.08487534369745253,0.08487518367456325,0.08487502366712768,0.08487486367510544,0.08487470369851013,0.08487454373732854,0.08487438379156667,0.08487422386121522,0.08487406394627257,0.08487390404672525,0.08487374416256838,0.08487358429379718,0.08487342444041002,0.08487326460239947,0.08487310477976932,0.08487294497251545,0.08487278518059725,0.08487262540403376,0.08487246564281893,0.08487230589694124,0.08487214616640651,0.0848719864512063,0.08487182675133025,0.08487166706677418,0.08487150739754594,0.08487134774361607,0.0848711881049946,0.08487102848167162,0.08487086887363939,0.08487070928089453,0.08487054970343234,0.0848703901412464,0.0848702305943327,0.08487007106268751,0.08486991154629984,0.08486975204516803,0.0848695925592876,0.08486943308865078,0.08486927363325011,0.08486911419307383,0.08486895476812809,0.08486879535840398,0.0848686359639012,0.08486847658462163,0.08486831722054057,0.0848681578716601,0.08486799853797437,0.08486783921947905,0.08486767991616959,0.08486752062803724,0.08486736135507969,0.08486720209729055,0.08486704285466383,0.08486688362719419,0.08486672441487542,0.08486656521770299,0.08486640603567154,0.08486624686877578,0.08486608771701153,0.08486592858038175,0.08486576945886079,0.08486561035245356,0.08486545126115991,0.08486529218496394,0.08486513312386505,0.0848649740778591,0.08486481504694014,0.08486465603109287,0.08486449703033408,0.08486433804464277,0.08486417907399921,0.0848640201184297,0.08486386117791637,0.08486370225243497,0.08486354334201822,0.0848633844466406,0.08486322556629647,0.08486306670098001,0.08486290785068609,0.08486274901541081,0.08486259019515907,0.08486243138990099,0.0848622725996437,0.08486211382438198,0.08486195506412321,0.0848617963188375,0.08486163758852919,0.08486147887319825,0.08486132017283471,0.08486116148743214,0.08486100281699255,0.08486084416150613,0.08486068552096973,0.08486052689537381,0.0848603682847149,0.08486020968898539,0.08486005110818527,0.08485989254231743,0.08485973399135704,0.08485957545530615,0.0848594169341608,0.08485925842791342,0.08485909993656279,0.08485894146010008,0.08485878299852244,0.08485862455182401,0.08485846611999891,0.08485830770304238,0.08485814930094587,0.08485799091371023,0.08485783254132756,0.08485767418379192,0.08485751584111008,0.08485735751327549,0.08485719920025432,0.08485704090205505,0.08485688261867746,0.08485672435011545,0.0848565660963647,0.08485640785741982,0.08485624963327354,0.0848560914239259,0.08485593322936265,0.08485577504958486,0.08485561688458561,0.08485545873436155,0.08485530059890248,0.08485514247820754,0.08485498437226817,0.08485482628108713,0.08485466820465727,0.08485451014296545,0.08485435209601122,0.08485419406378895,0.08485403604629346,0.08485387804351945,0.08485372005546202,0.08485356208211589,0.08485340412347672,0.08485324617952701,0.08485308825028313,0.0848529303357271,0.08485277243585883,0.08485261455067086,0.084852456680157,0.08485229882431353,0.08485214098313691,0.08485198315661706,0.08485182534475148,0.0848516675475345,0.08485150976496106,0.08485135199702615,0.08485119424372468,0.08485103650505209,0.08485087878100259,0.08485072107157157,0.08485056337675345,0.0848504056965427,0.08485024803093524,0.0848500903799241,0.0848499327435129,0.08484977512168144,0.08484961751442191,0.08484945992175048,0.08484930234364615,0.08484914478011116,0.08484898723113753,0.08484882969672022,0.08484867217685396,0.0848485146715344,0.08484835718075574,0.08484819970450744,0.08484804224279506,0.08484788479560659,0.0848477273629398,0.08484756994478819,0.08484741254114274,0.08484725515201177,0.08484709777737581,0.08484694041722549,0.08484678307157253,0.08484662574040538,0.08484646842371407,0.08484631112150172,0.08484615383376057,0.08484599656048279,0.08484583930166734,0.08484568205730408,0.08484552482738739,0.08484536761192064,0.08484521041088748,0.08484505322429159,0.08484489605212132,0.08484473889437479,0.08484458175104713,0.08484442462213268,0.08484426750762875,0.08484411040751626,0.08484395332181249,0.08484379625050215,0.08484363919358015,0.08484348215104144,0.08484332512289312,0.08484316810910593,0.08484301110968719,0.08484285412463219,0.0848426971539367,0.08484254019759231,0.08484238325559658,0.08484222632794326,0.08484206941462798,0.08484191251564487,0.08484175563098925,0.08484159876065692,0.08484144190464313,0.08484128506295309,0.08484112823556093,0.08484097142247164,0.0848408146236802,0.08484065783918397,0.08484050106897358,0.08484034431304596,0.0848401875713956,0.08484003084401595,0.08483987413090704,0.08483971743206119,0.08483956074747276,0.08483940407713748,0.08483924742104937,0.08483909077919048,0.08483893415158412,0.08483877753821165,0.08483862093906731,0.08483846435414219,0.08483830778343951,0.08483815122695151,0.08483799468467036,0.08483783815659184,0.08483768164271302,0.08483752514302738,0.08483736865752932,0.08483721218621508,0.08483705572907857,0.08483689928611653,0.08483674285732316,0.0848365864426936,0.08483643004222213,0.08483627365590281,0.08483611728373489,0.08483596092571158,0.08483580458181472,0.0848356482520515,0.08483549193643043,0.08483533563490785,0.08483517934753104,0.08483502307426796,0.0848348668151118,0.08483471057006386,0.0848345543391152,0.08483439812226079,0.08483424191949232,0.08483408573079095,0.08483392955616961,0.08483377339564523,0.08483361724919225,0.08483346111680465,0.08483330499847559,0.08483314889420267,0.08483299280398153,0.08483283672780592,0.08483268066567101,0.08483252461758688,0.08483236858352133,0.08483221256348376,0.08483205655746483,0.08483190056546366,0.08483174458747013,0.0848315886234835,0.08483143267350311,0.08483127673752182,0.08483112081553214,0.08483096490752855,0.08483080901350745,0.08483065313347345,0.08483049726740435,0.08483034141530378,0.08483018557716564,0.084830029752986,0.08482987394275761,0.08482971814648085,0.08482956236414803,0.0848294065957554,0.08482925084129503,0.08482909510076411,0.08482893937415784,0.08482878366147176,0.08482862796269557,0.08482847227783459,0.08482831660688354,0.08482816094982733,0.08482800530667287,0.0848278496774028,0.08482769406202004,0.08482753846051869,0.0848273828728937,0.08482722729914742,0.08482707173926546,0.08482691619324585,0.08482676066108631,0.08482660514277716,0.08482644963831147,0.08482629414768722,0.0848261386709035,0.08482598320795261,0.0848258277588305,0.08482567232353244,0.08482551690205486,0.08482536149438899,0.08482520610052881,0.08482505072047493,0.08482489535423703,0.0848247400017807,0.08482458466311583,0.08482442933824459,0.08482427402714797,0.08482411872982595,0.08482396344627173,0.08482380817647782,0.0848236529204571,0.0848234976781799,0.08482334244965996,0.08482318723488735,0.08482303203385225,0.08482287684655895,0.0848227216730011,0.08482256651318192,0.08482241136708683,0.08482225623471122,0.08482210111605028,0.08482194601109928,0.08482179091985356,0.08482163584230833,0.08482148077845889,0.08482132572830052,0.08482117069182844,0.08482101566903795,0.08482086065992431,0.08482070566448266,0.08482055068270823,0.08482039571459606,0.08482024076014102,0.08482008581934228,0.08481993089218845,0.08481977597868291,0.08481962107881913,0.08481946619259015,0.08481931131999139,0.0848191564610181,0.08481900161566562,0.08481884678392933,0.08481869196580445,0.08481853716128643,0.08481838237037057,0.08481822759305216,0.084818072829326,0.08481791807918146,0.08481776334262692,0.08481760861965132,0.08481745391025011,0.08481729921442047,0.08481714453215328,0.0848169898634472,0.0848168352082932,0.08481668056669046,0.08481652593863397,0.08481637132412195,0.08481621672314688,0.08481606213570408,0.08481590756178901,0.084815753001397,0.08481559845452352,0.08481544392116387,0.08481528940131351,0.0848151348949678,0.08481498040212214,0.08481482592277188,0.0848146714569125,0.08481451700453925,0.08481436256565177,0.0848142081402414,0.0848140537283035,0.0848138993298335,0.0848137449448268,0.08481359057327878,0.08481343621518486,0.08481328187054046,0.08481312753934105,0.08481297322158196,0.08481281891725861,0.08481266462636647,0.08481251034890097,0.08481235608484734,0.0848122018342111,0.08481204759698756,0.08481189337317219,0.08481173916276048,0.0848115849657477,0.08481143078212944,0.08481127661190749,0.08481112245507087,0.084810968311615,0.08481081418153544,0.08481066006482854,0.0848105059615067,0.08481035187152618,0.08481019779490367,0.08481004373163457,0.08480988968171443,0.08480973564513865,0.08480958162190269,0.08480942761200197,0.08480927361543197,0.0848091196321881,0.08480896566226584,0.08480881170566072,0.0848086577623681,0.08480850383238339,0.08480834991570645,0.08480819601232552,0.0848080421222411,0.08480788824544701,0.08480773438194933,0.08480758053172019,0.08480742669476687,0.08480727287108598,0.08480711906067324,0.08480696526353518,0.08480681147964567,0.08480665770901011,0.08480650395162405,0.08480635020747992,0.08480619647657672,0.08480604275890985,0.08480588905447475,0.08480573536326695,0.08480558168528192,0.08480542802051524,0.08480527436896237,0.08480512073061881,0.08480496710548012,0.08480481349354166,0.08480465989479889,0.08480450630924952,0.08480435273688704,0.08480419917770698,0.08480404563170493,0.0848038920988764,0.08480373857921687,0.08480358507272102,0.08480343157938486,0.08480327809920372,0.08480312463217217,0.08480297117829191,0.08480281773755399,0.08480266430995406,0.08480251089548764,0.08480235749415024,0.08480220410593747,0.08480205073084494,0.08480189736886808,0.08480174402000268,0.08480159068424414,0.0848014373615881,0.08480128405203015,0.08480113075556583,0.08480097747219079,0.08480082420190053,0.08480067094469071,0.08480051770055685,0.08480036446949467,0.08480021125149961,0.08480005804656734,0.08479990485469349,0.08479975167587363,0.08479959851010332,0.08479944535737824,0.08479929221769397,0.0847991390910453,0.08479898597742862,0.08479883287683959,0.08479867978927383,0.08479852671472686,0.0847983736531944,0.08479822060467206,0.0847980675691554,0.08479791454664015,0.08479776153712185,0.08479760854059619,0.08479745555705873,0.08479730258650515,0.08479714962893109,0.08479699668433227,0.0847968437527042,0.08479669083404252,0.08479653792834298,0.08479638503560114,0.08479623215581261,0.08479607928897327,0.08479592643507855,0.08479577359412416,0.08479562076610583,0.08479546795101911,0.0847953151488597,0.08479516235962327,0.08479500958330553,0.08479485681990208,0.08479470406940866,0.08479455133182087,0.08479439860713445,0.08479424589534507,0.08479409319644837,0.08479394051044006,0.08479378783731578,0.0847936351770713,0.08479348252970224,0.0847933298952043,0.08479317727357316,0.08479302466480458,0.08479287206889419,0.08479271948583772,0.08479256691563083,0.08479241435826927,0.08479226181374871,0.08479210928206495,0.08479195676321351,0.08479180425719028,0.08479165176399087,0.08479149928361109,0.08479134681604657,0.08479119436129302,0.08479104191934624,0.08479088949020183,0.08479073707385569,0.08479058467030344,0.0847904322795408,0.08479027990156371,0.08479012753636776,0.08478997518394858,0.08478982284430199,0.08478967051742377,0.08478951820330952,0.08478936590195511,0.08478921361335619,0.08478906133750862,0.08478890907440804,0.08478875682405027,0.08478860458643102,0.08478845236154636,0.08478830014939176,0.084788147949963,0.08478799576325578,0.08478784358926596,0.08478769142798921,0.08478753927942134,0.08478738714354285,0.08478723502038037,0.08478708290991407,0.08478693081212253,0.08478677872703531,0.08478662665463182,0.0847864745949077,0.0847863225478588,0.08478617051348182,0.08478601849176409,0.08478586648271529,0.0847857144863246,0.0847855625025878,0.08478541053149954,0.08478525857307143,0.08478510662727101,0.08478495469410705,0.08478480277357762,0.08478465086567712,0.08478449897040131,0.08478434708774603,0.08478419521770736,0.08478404336027953,0.08478389151545694,0.08478373968324124,0.08478358786362616,0.08478343605660611,0.08478328426217727,0.08478313248033559,0.08478298071107662,0.08478282895439657,0.08478267721029106,0.084782525478756,0.08478237375978714,0.08478222205338043,0.08478207035953163,0.08478191867823658,0.08478176700949139,0.08478161535329153,0.08478146370963288,0.08478131207851905,0.08478116045992867,0.08478100885387078,0.08478085726033768,0.08478070567932514,0.08478055411082654,0.08478040255483818,0.08478025101136172,0.08478009948038859,0.08477994796191539,0.084779796455938,0.0847796449624521,0.08477949348145378,0.08477934201293975,0.08477919055690496,0.0847790391133454,0.08477888768225694,0.08477873626363547,0.08477858485747683,0.08477843346377736,0.08477828208253252,0.08477813071373817,0.08477797935739029,0.0847778280134847,0.08477767668201636,0.08477752536298237,0.08477737405637845,0.0847772227622005,0.08477707148043932,0.08477692021108243,0.08477676895415537,0.08477661770963792,0.08477646647751969,0.08477631525780921,0.08477616405049956,0.08477601285558481,0.08477586167305479,0.08477571050291718,0.08477555934515205,0.08477540819976541,0.08477525706674682,0.08477510594609675,0.084774954837811,0.0847748037418856,0.08477465265831635,0.08477450158709914,0.0847743505282298,0.08477419948170431,0.08477404844752957,0.08477389742569125,0.08477374641618605,0.08477359541900838,0.08477344443415433,0.08477329346162192,0.08477314250140475,0.08477299155349959,0.08477284061790234,0.08477268969460879,0.08477253878361467,0.08477238788492043,0.08477223699851927,0.08477208612440018,0.08477193526257094,0.0847717844130166,0.0847716335757397,0.08477148275073967,0.0847713319380029,0.08477118113752997,0.08477103034931664,0.08477087957335877,0.08477072880965311,0.08477057805819538,0.08477042731898152,0.08477027659200737,0.08477012587726962,0.08476997517476333,0.08476982448448293,0.08476967380642651,0.08476952314058997,0.08476937248697122,0.08476922184556401,0.08476907121636446,0.08476892059937392,0.084768769994575,0.0847686194019739,0.08476846882156397,0.08476831825334731,0.08476816769731073,0.08476801715345404,0.08476786662176784,0.08476771610225667,0.08476756559490954,0.08476741509970839,0.08476726461669226,0.08476711414583257,0.0847669636871219,0.08476681324056402,0.08476666280615429,0.08476651238388526,0.08476636197374862,0.08476621157574217,0.08476606118986636,0.08476591081611515,0.08476576045448059,0.08476561010496117,0.08476545976755635,0.08476530944226096,0.08476515912907323,0.08476500882798692,0.08476485853899683,0.08476470826209688,0.08476455799728949,0.08476440774456769,0.08476425750392637,0.0847641072753615,0.08476395705886819,0.08476380685444904,0.08476365666209557,0.08476350648180393,0.08476335631356957,0.08476320615738818,0.08476305601325672,0.08476290588117177,0.08476275576112656,0.08476260565312212,0.08476245555714429,0.08476230547320085,0.0847621554013111,0.08476200534142254,0.08476185529353963,0.08476170525766741,0.08476155523382123,0.08476140522198132,0.08476125522214602,0.084761105234333,0.08476095525849388,0.08476080529464636,0.0847606553427865,0.0847605054029105,0.08476035547501441,0.0847602055590928,0.08476005565514354,0.08475990576316271,0.08475975588314562,0.08475960601508915,0.08475945615898467,0.08475930631487279,0.08475915648268166,0.08475900666242536,0.08475885685411372,0.08475870705774712,0.08475855727330299,0.08475840750078857,0.08475825774020325,0.08475810799154032,0.08475795825479518,0.08475780852996564,0.08475765881704829,0.08475750911603137,0.08475735942692103,0.08475720974970967,0.08475706008439346,0.08475691043096854,0.08475676078943319,0.08475661115978134,0.08475646154200935,0.08475631193611345,0.08475616234208969,0.08475601275993437,0.08475586318964366,0.08475571363121179,0.08475556408463658,0.08475541454991578,0.0847552650270425,0.08475511551601461,0.0847549660168247,0.08475481652947688,0.0847546670539527,0.08475451759026997,0.08475436813841361,0.08475421869838286,0.08475406927017597,0.08475391985378423,0.08475377044920382,0.08475362105643088,0.08475347167546168,0.08475332230629239,0.08475317294889385,0.08475302360330564,0.08475287426950469,0.0847527249474885,0.08475257563725314,0.08475242633879534,0.0847522770521115,0.08475212777719654,0.08475197851405973,0.0847518292626727,0.08475168002304384,0.08475153079517084,0.08475138157903887,0.0847512323746626,0.0847510831820293,0.0847509340011358,0.08475078483197822,0.08475063567455259,0.08475048652885525,0.08475033739488283,0.08475018827264659,0.0847500391621115,0.08474989006328985,0.08474974097617287,0.08474959190076731,0.08474944283706305,0.08474929378505698,0.08474914474474568,0.08474899571613653,0.08474884669920468,0.08474869769395474,0.08474854870038445,0.08474839971848803,0.08474825074826578,0.08474810178971255,0.08474795284282279,0.08474780390759028,0.08474765498401962,0.0847475060721101,0.08474735717184026,0.08474720828321827,0.08474705940624098,0.08474691054089872,0.0847467616871942,0.08474661284511865,0.08474646401467396,0.08474631519585063,0.08474616638864911,0.0847460175930637,0.0847458688090924,0.08474572003673027,0.08474557127597361,0.0847454225268205,0.08474527378926443,0.08474512506330137,0.0847449763489287,0.08474482764614337,0.08474467895494144,0.08474453027531907,0.08474438160727268,0.08474423295079862,0.08474408430589049,0.08474393567254916,0.08474378705079029,0.08474363844057495,0.0847434898419111,0.08474334125478991,0.08474319267921877,0.08474304411519606,0.08474289556270628,0.08474274702175362,0.08474259849232622,0.08474244997443368,0.08474230146806558,0.0847421529732205,0.08474200448988974,0.084741856018072,0.08474170755776345,0.08474155910896386,0.08474141067165102,0.08474126224585028,0.08474111383154377,0.08474096542873207,0.08474081703740984,0.08474066865757146,0.08474052028921535,0.0847403719323357,0.08474022358693103,0.08474007525299601,0.08473992693053004,0.08473977861952499,0.08473963031997943,0.0847394820318861,0.08473933375524875,0.08473918549005817,0.08473903723631232,0.08473888899400764,0.08473874076313986,0.08473859254370023,0.08473844433569666,0.0847382961391122,0.08473814795395929,0.08473799978022765,0.08473785161791195,0.0847377034669885,0.08473755532749443,0.08473740719940179,0.08473725908271368,0.08473711097742113,0.08473696288352343,0.08473681480101676,0.08473666672989667,0.08473651867015962,0.08473637062180313,0.08473622258482455,0.0847360745592189,0.08473592654498258,0.0847357785421119,0.08473563055060346,0.08473548257045352,0.08473533460165833,0.08473518664421482,0.0847350386981197,0.08473489076337123,0.08473474283996062,0.08473459492789011,0.08473444702715868,0.08473429913774881,0.08473415125966503,0.08473400339290413,0.08473385553746247,0.08473370769333377,0.0847335598605318,0.08473341203903689,0.08473326422883985,0.08473311642994233,0.0847329686423414,0.08473282086603505,0.08473267310101933,0.08473252534728948,0.0847323776048435,0.0847322298736779,0.08473208215378948,0.0847319344451743,0.08473178674782875,0.0847316390617494,0.0847314913869328,0.0847313437233754,0.08473119607107368,0.08473104843002412,0.08473090080022311,0.08473075318166717,0.08473060557435297,0.08473045797827675,0.08473031039343511,0.08473016281982457,0.08473001525744149,0.08472986770628245,0.08472972016634396,0.08472957263762246,0.08472942512011594,0.08472927761381946,0.08472913011873304,0.084728982634846,0.08472883516215848,0.08472868770066685,0.08472854025036773,0.08472839281125757,0.08472824538333287,0.08472809796659032,0.08472795056102636,0.08472780316663765,0.08472765578342058,0.0847275084113714,0.0847273610504869,0.08472721370076361,0.08472706636219816,0.08472691903479103,0.08472677171852756,0.0847266244134192,0.08472647711946847,0.08472632983663479,0.08472618256494817,0.08472603530438069,0.08472588805495085,0.08472574081664876,0.08472559358946853,0.0847254463734075,0.08472529916846636,0.08472515197463801,0.08472500479191734,0.08472485762029992,0.08472471045978631,0.0847245633103722,0.0847244161720497,0.08472426904482395,0.08472412192868688,0.08472397482363536,0.08472382772966419,0.08472368064675673,0.0847235335749402,0.08472338651420014,0.08472323946452201,0.08472309242590406,0.0847229453983511,0.08472279838185583,0.08472265137641569,0.08472250438202213,0.0847223573986794,0.08472221042638031,0.08472206346510004,0.08472191651487017,0.08472176957568385,0.08472162264752703,0.08472147573039672,0.08472132882429173,0.08472118192920262,0.0847210350451308,0.0847208881720778,0.08472074131001649,0.08472059445897645,0.08472044761894121,0.0847203007899045,0.084720153971864,0.0847200071648171,0.08471986036875885,0.08471971358368725,0.08471956680959998,0.08471942004649903,0.08471927329436546,0.08471912655320614,0.084718979823016,0.08471883310379168,0.08471868639552597,0.08471853969819411,0.0847183930118435,0.08471824633644649,0.08471809967199599,0.08471795301849314,0.08471780637592634,0.08471765974430429,0.08471751312361929,0.08471736651386252,0.08471721991503015,0.08471707332710893,0.08471692675013794,0.08471678018407514,0.08471663362893314,0.08471648708469831,0.08471634055137583,0.08471619402895726,0.08471604751744104,0.08471590101682366,0.08471575452710137,0.08471560804827112,0.08471546158032915,0.08471531512327235,0.08471516867709679,0.0847150222418003,0.08471487581737826,0.08471472940382817,0.08471458300114687,0.08471443660933066,0.08471429022837632,0.08471414385828042,0.0847139974990397,0.0847138511506508,0.08471370481311044,0.08471355848641572,0.08471341217056323,0.084713265865548,0.08471311957136925,0.08471297328802123,0.08471282701550327,0.08471268075381039,0.08471253450293936,0.0847123882628869,0.08471224203364976,0.08471209581522461,0.08471194960760817,0.08471180341079712,0.08471165722478821,0.08471151104957811,0.08471136488516354,0.08471121873154117,0.0847110725887078,0.08471092645666001,0.08471078033539457,0.08471063422490822,0.08471048812519488,0.08471034203625406,0.08471019595808627,0.08471004989068286,0.08470990383404557,0.08470975778816925,0.08470961175303972,0.08470946572866979,0.08470931971504712,0.08470917371214218,0.08470902772000621,0.08470888173861092,0.08470873576795243,0.08470858980802812,0.08470844385885026,0.08470829792037927,0.08470815199263737,0.08470800607561818,0.08470786016928812,0.08470771427369468,0.08470756838881476,0.08470742251463813,0.0847072766511657,0.08470713079839062,0.08470698495631554,0.08470683912493443,0.08470669330424496,0.08470654749424249,0.08470640169491869,0.08470625590628204,0.08470611012832796,0.08470596436104146,0.08470581860442913,0.08470567285848579,0.08470552712320434,0.08470538139858488,0.08470523568464543,0.08470508998133951,0.08470494428869602,0.08470479860669262,0.08470465293533759,0.08470450727462481,0.08470436162455107,0.08470421598511316,0.08470407035630786,0.08470392473813199,0.08470377913058232,0.08470363353365566,0.08470348794734871,0.08470334237165839,0.08470319680658144,0.0847030512521146,0.0847029057082548,0.08470276017499867,0.08470261465234312,0.0847024691402849,0.08470232363881723,0.08470217814794048,0.08470203266765106,0.08470188719794602,0.08470174173882264,0.08470159629027767,0.08470145085230762,0.08470130542490932,0.08470116000807959,0.08470101460181517,0.08470086920611299,0.08470072382096981,0.08470057844638237,0.08470043308234544,0.0847002877288601,0.08470014238592125,0.08469999705352546,0.08469985173166864,0.08469970642034137,0.08469956111954723,0.08469941582928471,0.08469927054954923,0.08469912528033867,0.08469898002164933,0.08469883477346447,0.08469868953580569,0.08469854430865827,0.08469839909202757,0.08469825388590202,0.08469810869027833,0.0846979635051537,0.08469781833052412,0.08469767316638876,0.08469752801275512,0.08469738286959493,0.08469723773691792,0.0846970926147201,0.08469694750300089,0.08469680240175412,0.08469665731097731,0.08469651223066824,0.08469636716082317,0.084696222101461,0.08469607705254142,0.08469593201409013,0.08469578698605686,0.08469564196850113,0.0846954969613992,0.08469535196472176,0.08469520697847822,0.08469506200265813,0.08469491703728328,0.08469477208233694,0.08469462713781549,0.08469448220372014,0.08469433728004493,0.08469419236678725,0.08469404746394234,0.08469390257149577,0.08469375768946912,0.08469361281784672,0.08469346795664373,0.08469332310582225,0.08469317826539892,0.08469303343536802,0.08469288861572656,0.08469274380647135,0.08469259900759864,0.08469245421910619,0.08469230944099042,0.08469216467324853,0.08469201991587744,0.08469187516887404,0.08469173043223524,0.08469158570595801,0.08469144099003921,0.08469129628447576,0.08469115158926457,0.08469100690440261,0.08469086222988673,0.08469071756571385,0.08469057291188092,0.08469042826838488,0.08469028363522267,0.08469013901239114,0.0846899943998873,0.08468984979770809,0.08468970520585034,0.08468956062431104,0.08468941605308711,0.08468927149217557,0.08468912694157324,0.08468898240127713,0.08468883787128412,0.08468869335159121,0.08468854884219532,0.08468840434309337,0.08468825985428241,0.08468811537575921,0.08468797090752084,0.08468782644956421,0.08468768200188632,0.08468753756448402,0.08468739313735442,0.08468724872049535,0.08468710431390276,0.08468695991757384,0.08468681553150535,0.08468667115569427,0.08468652679013762,0.08468638243483229,0.08468623808977763,0.08468609375496583,0.08468594943039782,0.08468580511606788,0.08468566081197372,0.08468551651811228,0.0846853722344718,0.08468522796106852,0.08468508369788846,0.08468493944493077,0.0846847952021918,0.08468465096966656,0.08468450674735335,0.08468436253524321,0.08468421833334493,0.08468407414165226,0.08468392996015713,0.08468378578885882,0.08468364162775054,0.08468349747683149,0.08468335333610723,0.08468320920557953,0.08468306508522175,0.08468292097501966,0.0846827768750194,0.08468263278519207,0.08468248870553469,0.08468234463604009,0.08468220057670954,0.0846820565275389,0.08468191248852708,0.08468176845966996,0.08468162444097964,0.08468148043242624,0.084681336434016,0.08468119244574672,0.08468104846761514,0.08468090449962563,0.08468076054177338,0.08468061659405053,0.08468047265645423,0.08468032872899295,0.08468018481165569,0.08468004090443589,0.08467989700732248,0.08467975312032443,0.08467960924343682,0.0846794653766566,0.08467932151998085,0.08467917767340657,0.08467903383693086,0.08467889001055068,0.08467874619426226,0.0846786023880635,0.08467845859195688,0.0846783148059349,0.08467817103000169,0.08467802726414783,0.08467788350832672,0.08467773976257777,0.08467759602689777,0.08467745230131095,0.08467730858578668,0.08467716488032102,0.08467702118490646,0.08467687749954796,0.08467673382424525,0.08467659015898955,0.08467644650378368,0.08467630285861655,0.08467615922349098,0.08467601559840296,0.08467587198334792,0.08467572837832374,0.08467558478332796,0.08467544119835711,0.08467529762340836,0.08467515405847868,0.0846750105035653,0.08467486695866518,0.08467472342377542,0.08467457989889315,0.08467443638401541,0.08467429287912902,0.0846741493842426,0.08467400589935302,0.08467386242445728,0.0846737189595523,0.08467357550463508,0.08467343205970904,0.08467328862476321,0.08467314519979591,0.08467300178480365,0.08467285837978426,0.08467271498473465,0.08467257159965137,0.08467242822453207,0.08467228485937393,0.08467214150417399,0.08467199815892915,0.08467185482363648,0.08467171149829328,0.0846715681828966,0.08467142487744357,0.08467128158193125,0.08467113829635693,0.08467099502071757,0.0846708517550103,0.08467070849923228,0.08467056525338065,0.0846704220174525,0.08467027879144498,0.08467013557535517,0.08466999236918028,0.08466984917291741,0.08466970598656377,0.0846695628101161,0.0846694196435718,0.08466927648692807,0.08466913334018109,0.0846689902033299,0.08466884707637119,0.08466870395930134,0.0846685608521211,0.08466841775483146,0.08466827466741582,0.08466813158987348,0.08466798852220589,0.08466784546441049,0.08466770241648455,0.0846675593784248,0.08466741635022838,0.08466727333189247,0.0846671303234159,0.08466698732479425,0.08466684433602462,0.08466670135710211,0.08466655838802588,0.08466641542879326,0.0846662724794013,0.0846661295398472,0.08466598661012809,0.08466584369024115,0.0846657007801836,0.08466555787995254,0.08466541498954519,0.08466527210895872,0.0846651292381903,0.08466498637723709,0.08466484352609624,0.08466470068476499,0.08466455785324054,0.08466441503151996,0.08466427221960056,0.08466412941747943,0.08466398662515381,0.08466384384262088,0.08466370106987778,0.08466355830692178,0.08466341555375002,0.08466327281035972,0.08466313007674801,0.08466298735291215,0.08466284463884931,0.08466270193455672,0.08466255924003152,0.08466241655527108,0.0846622738802725,0.08466213121503283,0.08466198855954947,0.08466184591381949,0.08466170327784017,0.08466156065160872,0.08466141803512599,0.08466127542838588,0.08466113283138567,0.08466099024412271,0.08466084766659428,0.08466070509879774,0.08466056254073052,0.08466041999239024,0.08466027745377457,0.08466013492488168,0.08465999240569924,0.08465984989623233,0.08465970739647595,0.08465956490642988,0.08465942242608868,0.08465927995545838,0.08465913749452536,0.08465899504328822,0.08465885260174479,0.0846587101698926,0.0846585677477292,0.08465842533525197,0.08465828293245825,0.08465814053934531,0.08465799815591052,0.08465785578215124,0.08465771341806462,0.08465757106364803,0.08465742871889873,0.08465728638381396,0.08465714405839103,0.08465700174262714,0.08465685943651967,0.08465671714006581,0.08465657485326283,0.08465643257610797,0.0846562903085986,0.08465614805073185,0.08465600580250511,0.08465586356391555,0.08465572133496055,0.08465557911563724,0.08465543690594297,0.08465529470587504,0.08465515251543064,0.0846550103346071,0.0846548681634017,0.08465472600181162,0.0846545838498343,0.08465444170746816,0.08465429957470927,0.08465415745155497,0.08465401533800242,0.08465387323404903,0.08465373113969205,0.08465358905492873,0.08465344697977804,0.08465330491422354,0.08465316285824119,0.08465302081184206,0.08465287877500668,0.08465273674774884,0.08465259473006581,0.08465245272195518,0.08465231072340969,0.08465216873443093,0.08465202675501785,0.08465188478516562,0.08465174282487174,0.08465160087413344,0.08465145893294808,0.08465131700131294,0.08465117507922604,0.08465103316668433,0.08465089126368569,0.08465074937024068,0.08465060748631639,0.08465046561192686,0.08465032374706889,0.08465018189173977,0.08465004004593688,0.0846498982096574,0.08464975638289882,0.0846496145656584,0.08464947275793346,0.0846493309597214,0.08464918917100475,0.08464904739180915,0.08464890562212062,0.08464876386193287,0.08464862211124499,0.08464848037005201,0.08464833863835432,0.0846481969161503,0.08464805520343292,0.08464791350020424,0.08464777180645597,0.08464763012218833,0.0846474884473996,0.08464734678208603,0.08464720512624482,0.08464706347987365,0.08464692184296886,0.08464678021553029,0.08464663859755354,0.08464649698903397,0.0846463553899733,0.08464621380036452,0.0846460722202096,0.08464593064950343,0.08464578908824344,0.08464564753642698,0.0846455059940515,0.08464536446111422,0.08464522293760622,0.08464508142353731,0.08464493991890114,0.08464479842369141,0.08464465693790603,0.08464451546154324,0.08464437399460059,0.08464423253707534,0.08464409108896306,0.08464394965026031,0.08464380822097031,0.08464366680108598,0.08464352539060684,0.08464338398953007,0.08464324259784986,0.08464310121556601,0.08464295984265634,0.08464281847913778,0.08464267712500788,0.08464253578026386,0.0846423944449229,0.08464225311895954,0.08464211180237402,0.08464197049516382,0.08464182919732632,0.0846416879088589,0.08464154662975895,0.0846414053600238,0.08464126409965088,0.08464112284863765,0.08464098160698144,0.08464084037467963,0.08464069915172967,0.08464055793812897,0.08464041673387486,0.08464027553896478,0.08464013435339612,0.0846399931771663,0.08463985201027274,0.08463971085271282,0.08463956970448394,0.0846394285655836,0.08463928743600904,0.08463914631575778,0.08463900520482723,0.08463886410321479,0.08463872301091793,0.084638581927936,0.08463844085426431,0.08463829978990041,0.08463815873484172,0.08463801768908563,0.0846378766526296,0.08463773562547097,0.08463759460760728,0.08463745359903592,0.08463731259975427,0.08463717160975977,0.08463703062904987,0.08463688965762206,0.08463674869547368,0.08463660774260219,0.08463646679900508,0.08463632586467972,0.08463618493962355,0.08463604402383414,0.08463590311730873,0.08463576222004487,0.08463562133204,0.08463548045329156,0.084635339583797,0.08463519872355374,0.08463505787255927,0.08463491703081098,0.08463477619830638,0.08463463537504293,0.08463449456101721,0.08463435375622748,0.08463421296067128,0.08463407217434595,0.08463393139724903,0.08463379062937802,0.08463364987073031,0.0846335091213034,0.0846333683810947,0.08463322765010173,0.08463308692832192,0.08463294621575271,0.08463280551239166,0.0846326648182362,0.08463252413328373,0.08463238345753178,0.08463224279097782,0.08463210213361937,0.08463196148545385,0.0846318208464787,0.0846316802166915,0.08463153959608964,0.08463139898467062,0.08463125838243192,0.0846311177893711,0.08463097720548551,0.08463083663077271,0.08463069606523019,0.08463055550885541,0.08463041496164592,0.08463027442359915,0.08463013389471258,0.08462999337498371,0.08462985286441009,0.08462971236298916,0.0846295718707204,0.08462943138759806,0.0846292909136219,0.08462915044877378,0.08462900999306316,0.08462886954650645,0.08462872910908562,0.08462858868078947,0.08462844826163106,0.08462830785159917,0.08462816745069351,0.08462802705891063,0.08462788667624799,0.08462774630270355,0.08462760593827443,0.08462746558295801,0.08462732523674239,0.08462718489963453,0.08462704457164152,0.08462690425275132,0.08462676394296136,0.08462662364226733,0.08462648335066919,0.08462634306816404,0.08462620279475198,0.08462606253042781,0.08462592227518914,0.08462578202903329,0.08462564179195792,0.08462550156396068,0.0846253613450386,0.08462522113519584,0.08462508093442497,0.08462494074272443,0.08462480056008051,0.08462466038649898,0.08462452022197806,0.08462438006651567,0.08462423992010912,0.08462409978275483,0.08462395965445742,0.0846238195352067,0.08462367942499856,0.08462353932383361,0.08462339923170856,0.08462325914862286,0.08462311907457515,0.08462297900956128,0.08462283895357786,0.08462269890662362,0.08462255886869674,0.08462241883978883,0.08462227881990718,0.08462213880904491,0.08462199880718749,0.08462185881435788,0.08462171883053797,0.08462157885572365,0.08462143888991767,0.08462129893312084,0.08462115898532346,0.08462101904652572,0.08462087911673205,0.08462073919593338,0.08462059928412723,0.08462045938131127,0.08462031948748305,0.0846201796026403,0.08462003972678063,0.08461989985989897,0.08461976000199523,0.08461962015306698,0.08461948031311187,0.08461934048212741,0.0846192006601112,0.08461906084706089,0.08461892104297403,0.08461878124784039,0.08461864146166562,0.08461850168444686,0.08461836191618176,0.08461822215686864,0.08461808240650202,0.08461794266508178,0.0846178029326069,0.08461766320907484,0.08461752349447929,0.08461738378881999,0.08461724409209812,0.08461710440430827,0.08461696472544825,0.08461682505551595,0.084616685394509,0.08461654574242411,0.08461640609925808,0.0846162664650097,0.08461612683967706,0.08461598722325707,0.08461584761574655,0.08461570801714519,0.0846155684274495,0.08461542884665672,0.08461528927476439,0.08461514971176302,0.08461501015766577,0.08461487061246215,0.08461473107614999,0.08461459154872684,0.08461445203019032,0.08461431252053356,0.08461417301976017,0.08461403352786617,0.0846138940448522,0.084613754570713,0.08461361510544595,0.08461347564904668,0.08461333620151719,0.084613196762853,0.0846130573330658,0.0846129179121254,0.0846127785000431,0.08461263909681654,0.08461249970244346,0.08461236031692136,0.08461222094024795,0.08461208157242084,0.08461194221343768,0.08461180286329475,0.08461166352199236,0.08461152418952698,0.08461138486589609,0.0846112455510973,0.084611106245124,0.08461096694798292,0.08461082765966092,0.08461068838016743,0.0846105491094871,0.08461040984763152,0.08461027059459239,0.08461013135037307,0.08460999211495883,0.08460985288835336,0.08460971367055638,0.08460957446156449,0.0846094352613679,0.08460929606997354,0.08460915688737725,0.08460901771356494,0.08460887854855476,0.08460873939235186,0.08460860024491944,0.08460846110627349,0.08460832197640861,0.08460818285532636,0.08460804374302429,0.08460790463949855,0.08460776554474896,0.08460762645876617,0.08460748738158612,0.08460734831316759,0.08460720925348092,0.08460707020255093,0.08460693116038145,0.08460679212697726,0.0846066531023285,0.08460651408643247,0.08460637507928694,0.08460623608088956,0.084606097091238,0.08460595811033007,0.08460581913817268,0.08460568017474462,0.08460554122005352,0.0846054022740982,0.08460526333687066,0.08460512440837663,0.08460498548861174,0.08460484657756671,0.08460470767524467,0.08460456878164593,0.0846044298967811,0.08460429102061635,0.0846041521531652,0.0846040132944253,0.0846038744443973,0.08460373560307821,0.08460359677047345,0.0846034579465665,0.08460331913135327,0.08460318032483466,0.08460304152701048,0.0846029027378755,0.0846027639574352,0.08460262518568278,0.08460248642259845,0.08460234766820839,0.08460220892250712,0.0846020701854831,0.08460193145713653,0.08460179273746496,0.08460165402646613,0.08460151532411658,0.08460137663043633,0.08460123794542287,0.08460109926907376,0.08460096060138679,0.08460082194235943,0.08460068329198937,0.08460054465027438,0.08460040601721196,0.08460026739279992,0.08460012877703586,0.08459999016991744,0.08459985157144254,0.08459971298160872,0.08459957440041373,0.08459943582785527,0.08459929726393109,0.08459915870863885,0.08459902016197633,0.08459888162394127,0.08459874309453135,0.0845986045737548,0.08459846606159863,0.08459832755806058,0.08459818906313846,0.08459805057683001,0.08459791209911965,0.08459777362999742,0.0845976351694854,0.08459749671758056,0.08459735827428018,0.0845972198395817,0.08459708141351524,0.08459694299604552,0.08459680458715388,0.08459666618685312,0.08459652779514112,0.08459638941201554,0.0845962510374742,0.08459611267151478,0.08459597431413497,0.08459583596533254,0.08459569762510527,0.08459555929345075,0.08459542097036664,0.08459528265584834,0.08459514434991232,0.0845950060525419,0.08459486776373534,0.08459472948349159,0.0845945912117905,0.08459445294865096,0.08459431469406485,0.08459417644802464,0.0845940382105381,0.08459389998159461,0.0845937617611895,0.08459362354933007,0.08459348534601424,0.08459334715123609,0.08459320896497431,0.08459307078728445,0.08459293261810497,0.08459279445745374,0.08459265630532786,0.08459251816173367
4,0.021929801153108254,0.021929801153108254,0.021929801153108254,0.021929801153108257,0.021929801153108254,0.021929801153108254,0.021929801153108254,0.021929801153108257,0.021929801153108254,0.021929801153108257,0.021929801153108257,0.021929801153108254,0.021929801153108254,0.021929801153108257,0.021929801153108257,0.021929801153108257,0.021929801153108254,0.021929801153108257,0.021929801153108257,0.021929801153108254,0.021929801153108257,0.021929801153108254,0.021929801153108257,0.021929801153108254,0.021929801153108257,0.021929801153108254,0.021929801153108254,0.021929801153108254,0.021929801153108254,0.021929801153108254,0.021929801153108254,0.021929801153108254,0.021929801153108254,0.021929801153108254,0.021929801153108254,0.021929801153108257,0.021929801153108254,0.021929801153108254,0.021929801153108254,0.021929801153108257,0.021929801153108254,0.021929801153108254,0.021929801153108257,0.021929801153108257,0.021929801153108254,0.021929801153108254,0.021929801153108254,0.021929801153108257,0.021929801153108257,0.021929801153108257,0.021929801153108257,0.021929801153108254,0.021929801153108254,0.021929801153108257,0.021929801153108257,0.021929801153108254,0.021929801153108254,0.021929801153108257,0.021929801153108257,0.021929801153108254,0.021929801153108254,0.021929801153108257,0.021929801153108254,0.021929801153108254,0.021929801153108254,0.021929801153108257,0.021929801153108254,0.021929801153108257,0.021929801153108257,0.021929801153108257,0.021929801153108257,0.021929801153108257,0.021929801153108257,0.021929801153108257,0.021929801153108257,0.021929801153108254,0.021929801153108254,0.021929801153108257,0.021929801153108257,0.021929801153108257,0.021929801153108257,0.021929801153108257,0.021929801153108257,0.021929801153108254,0.021929801153108254,0.021929801153108257,0.021929801153108257,0.021929801153108254,0.021929801153108254,0.021929801153108254,0.021929801153108257,0.021929801153108254,0.021929801153108257,0.021929801153108254,0.021929801153108254,0.021929801153108254,0.021929801153108257,0.021929801153108254,0.021929801153108257,0.021929801153108254,0.021929801153108257,0.021929801153108257,0.021929801153108254,0.021929801153108257,0.021929801153108254,0.021929801153108254,0.021929801153108257,0.021929801153108257,0.021929801153108257,0.021929801153108257,0.021929801153108254,0.021929801153108254,0.021929801153108254,0.021929801153108254,0.021929801153108254,0.021929801153108257,0.021929801153108257,0.021929801153108254,0.021929801153108257,0.021929801153108257,0.021929801153108254,0.021929801153108257,0.021929801153108257,0.021929801153108257,0.021929801153108257,0.021929801153108257,0.021929801153108254,0.021929801153108257,0.021929801153108257,0.021929801153108254,0.021929801153108257,0.021929801153108257,0.021929801153108254,0.021929801153108257,0.021929801153108254,0.021929801153108254,0.021929801153108254,0.021929801153108257,0.021929801153108257,0.021929801153108254,0.021929801153108257,0.021929801153108257,0.021929801153108257,0.021929801153108257,0.021929801153108254,0.021929801153108257,0.021929801153108257,0.021929801153108257,0.021929801153108257,0.021929801153108254,0.021929801153108254,0.021929801153108254,0.021929801153108254,0.021929801153108257,0.021929801153108257,0.021929801153108254,0.021929801153108257,0.021929801153108257,0.021929801153108257,0.021929801153108254,0.021929801153108257,0.021929801153108257,0.021929801153108257,0.021929801153108257,0.021929801153108257,0.021929801153108257,0.021929801153108257,0.021929801153108257,0.021929801153108257,0.021929801153108257,0.021929801153108257,0.021929801153108257,0.021929801153108254,0.021929801153108257,0.021929801153108254,0.021929801153108254,0.021929801153108257,0.021929801153108257,0.021929801153108257,0.021929801153108254,0.021929801153108254,0.021929801153108257,0.021929801153108257,0.021929801153108257,0.021929801153108254,0.021929801153108257,0.021929801153108254,0.021929801153108254,0.021929801153108257,0.021929801153108254,0.021929801153108257,0.021929801153108257,0.021929801153108254,0.021929801153108257,0.021929801153108257,0.021929801153108254,0.021929801153108254,0.021929801153108257,0.021929801153108257,0.021929801153108254,0.021929801153108257,0.021929801153108257,0.021929801153108257,0.021929801153108257,0.021929801153108257,0.021929801153108257,0.021929801153108257,0.021929801153108257,0.021929801153108257,0.021929801153108257,0.021929801153108257,0.021929801153108257,0.021929801153108254,0.021929801153108257,0.021929801153108257,0.021929801153108254,0.021929801153108254,0.021929801153108254,0.021929801153108257,0.021929801153108257,0.021929801153108254,0.021929801153108257,0.021929801153108254,0.021929801153108254,0.021929801153108254,0.021929801153108254,0.021929801153108257,0.021929801153108257,0.021929801153108257,0.021929801153108257,0.021929801153108254,0.021929801153108257,0.021929801153108257,0.021929801153108254,0.021929801153108254,0.021929801153108254,0.021929801153108257,0.021929801153108257,0.021929801153108257,0.021929801153108254,0.021929801153108254,0.021929801153108254,0.021929801153108254,0.021929801153108254,0.021929801153108254,0.021929801153108254,0.021929801153108254,0.021929801153108257,0.021929801153108254,0.021929801153108257,0.021929801153108254,0.021929801153108254,0.021929801153108254,0.021929801153108257,0.021929801153108254,0.021929801153108257,0.021929801153108254,0.021929801153108257,0.021929801153108257,0.021929801153108257,0.021929801153108257,0.021929801153108257,0.021929801153108254,0.021929801153108254,0.021929801153108254,0.021929801153108254,0.021929801153108257,0.021929801153108254,0.021929801153108254,0.021929801153108257,0.021929801153108254,0.021929801153108254,0.021929801153108257,0.021929801153108254,0.021929801153108254,0.021929801153108257,0.021929801153108254,0.021929801153108254,0.021929801153108254,0.021929801153108254,0.021929801153108254,0.021929801153108257,0.021929801153108257,0.021929801153108254,0.021929801153108257,0.021929801153108254,0.021929801153108254,0.021929801153108257,0.021929801153108257,0.021929801153108257,0.021929801153108254,0.021929801153108254,0.021929801153108257,0.021929801153108257,0.021929801153108257,0.021929801153108257,0.021929801153108254,0.021929801153108257,0.021929801153108257,0.021929801153108254,0.021929801153108254,0.021929801153108257,0.021929801153108257,0.021929801153108257,0.021929801153108257,0.021929801153108257,0.021929801153108257,0.021929801153108254,0.021929801153108257,0.021929801153108257,0.021929801153108254,0.021929801153108254,0.021929801153108257,0.021929801153108254,0.021929801153108257,0.021929801153108257,0.021929801153108254,0.021929801153108254,0.021929801153108254,0.021929801153108254,0.021929801153108257,0.021929801153108257,0.021929801153108257,0.021929801153108254,0.021929801153108257,0.021929801153108257,0.021929801153108254,0.021929801153108254,0.021929801153108254,0.021929801153108254,0.021929801153108254,0.021929801153108257,0.021929801153108254,0.021929801153108257,0.021929801153108257,0.021929801153108257,0.021929801153108254,0.021929801153108257,0.021929801153108254,0.021929801153108254,0.021929801153108254,0.021929801153108254,0.021929801153108257,0.021929801153108254,0.021929801153108254,0.021929801153108254,0.021929801153108254,0.021929801153108257,0.021929801153108257,0.021929801153108254,0.021929801153108254,0.021929801153108257,0.021929801153108254,0.021929801153108254,0.021929801153108254,0.021929801153108257,0.021929801153108257,0.021929801153108254,0.021929801153108254,0.021929801153108257,0.021929801153108257,0.021929801153108257,0.021929801153108254,0.021929801153108257,0.021929801153108257,0.021929801153108257,0.021929801153108254,0.021929801153108257,0.021929801153108257,0.021929801153108257,0.021929801153108257,0.021929801153108257,0.021929801153108254,0.021929801153108257,0.021929801153108257,0.021929801153108257,0.021929801153108257,0.021929801153108257,0.021929801153108257,0.021929801153108257,0.021929801153108257,0.021929801153108257,0.021929801153108257,0.021929801153108254,0.021929801153108254,0.021929801153108254,0.021929801153108254,0.021929801153108257,0.021929801153108257,0.021929801153108254,0.021929801153108254,0.021929801153108257,0.021929801153108254,0.021929801153108257,0.021929801153108254,0.021929801153108254,0.021929801153108257,0.021929801153108254,0.021929801153108254,0.021929801153108257,0.021929801153108254,0.021929801153108257,0.021929801153108254,0.021929801153108257,0.021929801153108257,0.021929801153108257,0.021929801153108254,0.021929801153108257,0.021929801153108254,0.021929801153108254,0.021929801153108254,0.021929801153108257,0.021929801153108257,0.021929801153108254,0.021929801153108254,0.021929801153108254,0.021929801153108254,0.021929801153108254,0.021929801153108257,0.021929801153108257,0.021929801153108257,0.021929801153108257,0.021929801153108257,0.021929801153108257,0.021929801153108257,0.021929801153108257,0.021929801153108257,0.021929801153108257,0.021929801153108257,0.021929801153108257,0.021929801153108257,0.021929801153108257,0.021929801153108254,0.021929801153108254,0.021929801153108254,0.021929801153108257,0.021929801153108257,0.021929801153108257,0.021929801153108254,0.021929801153108257,0.021929801153108257,0.021929801153108257,0.021929801153108257,0.021929801153108257,0.021929801153108257,0.021929801153108254,0.021929801153108254,0.021929801153108254,0.021929801153108257,0.021929801153108254,0.021929801153108254,0.021929801153108254,0.021929801153108254,0.021929801153108254,0.021929801153108254,0.021929801153108257,0.021929801153108254,0.021929801153108257,0.021929801153108257,0.021929801153108257,0.021929801153108257,0.021929801153108254,0.021929801153108257,0.021929801153108254,0.021929801153108257,0.021929801153108257,0.021929801153108257,0.021929801153108257,0.021929801153108257,0.021929801153108254,0.021929801153108257,0.021929801153108257,0.021929801153108257,0.021929801153108257,0.021929801153108257,0.021929801153108254,0.021929801153108257,0.021929801153108257,0.021929801153108257,0.021929801153108257,0.021929801153108254,0.021929801153108257,0.021929801153108257,0.021929801153108254,0.021929801153108257,0.021929801153108257,0.021929801153108254,0.021929801153108257,0.021929801153108257,0.021929801153108257,0.021929801153108257,0.021929801153108257,0.021929801153108254,0.021929801153108257,0.021929801153108257,0.021929801153108257,0.021929801153108257,0.021929801153108254,0.021929801153108257,0.021929801153108254,0.021929801153108257,0.021929801153108257,0.021929801153108257,0.021929801153108257,0.021929801153108254,0.021929801153108257,0.021929801153108257,0.021929801153108254,0.021929801153108257,0.021929801153108257,0.021929801153108254,0.021929801153108257,0.021929801153108257,0.021929801153108254,0.021929801153108257,0.021929801153108254,0.021929801153108257,0.021929801153108254,0.021929801153108257,0.021929801153108257,0.021929801153108257,0.021929801153108257,0.021929801153108257,0.021929801153108257,0.021929801153108257,0.021929801153108254,0.021929801153108254,0.021929801153108257,0.021929801153108257,0.021929801153108257,0.021929801153108254,0.021929801153108254,0.021929801153108257,0.021929801153108257,0.021929801153108254,0.021929801153108254,0.021929801153108257,0.021929801153108257,0.021929801153108257,0.021929801153108254,0.021929801153108257,0.021929801153108257,0.021929801153108254,0.021929801153108257,0.021929801153108257,0.021929801153108254,0.021929801153108254,0.021929801153108257,0.021929801153108254,0.021929801153108257,0.021929801153108257,0.021929801153108257,0.021929801153108254,0.021929801153108257,0.021929801153108254,0.021929801153108257,0.021929801153108254,0.021929801153108257,0.021929801153108254,0.021929801153108257,0.021929801153108254,0.021929801153108254,0.021929801153108254,0.021929801153108254,0.021929801153108254,0.021929801153108257,0.021929801153108254,0.021929801153108257,0.021929801153108254,0.021929801153108257,0.021929801153108254,0.021929801153108254,0.021929801153108257,0.021929801153108257,0.021929801153108254,0.021929801153108257,0.021929801153108254,0.021929801153108254,0.021929801153108254,0.021929801153108257,0.021929801153108254,0.021929801153108257,0.021929801153108257,0.021929801153108257,0.021929801153108257,0.021929801153108254,0.021929801153108254,0.021929801153108254,0.021929801153108257,0.021929801153108254,0.021929801153108257,0.021929801153108254,0.021929801153108257,0.021929801153108257,0.021929801153108257,0.021929801153108257,0.021929801153108257,0.021929801153108257,0.021929801153108254,0.021929801153108257,0.021929801153108257,0.021929801153108254,0.021929801153108257,0.021929801153108257,0.021929801153108257,0.021929801153108254,0.021929801153108257,0.021929801153108254,0.021929801153108254,0.021929801153108257,0.021929801153108257,0.021929801153108257,0.021929801153108257,0.021929801153108257,0.021929801153108257,0.021929801153108257,0.021929801153108257,0.021929801153108257,0.021929801153108254,0.021929801153108257,0.021929801153108254,0.021929801153108254,0.021929801153108257,0.021929801153108254,0.021929801153108257,0.021929801153108257,0.021929801153108257,0.021929801153108254,0.021929801153108254,0.021929801153108254,0.021929801153108254,0.021929801153108254,0.021929801153108257,0.021929801153108257,0.021929801153108257,0.021929801153108257,0.021929801153108254,0.021929801153108257,0.021929801153108254,0.021929801153108257,0.021929801153108257,0.021929801153108257,0.021929801153108257,0.021929801153108257,0.021929801153108254,0.021929801153108257,0.021929801153108257,0.021929801153108257,0.021929801153108257,0.021929801153108257,0.021929801153108257,0.021929801153108257,0.021929801153108257,0.021929801153108254,0.021929801153108254,0.021929801153108254,0.021929801153108257,0.021929801153108254,0.021929801153108254,0.021929801153108257,0.021929801153108254,0.021929801153108257,0.021929801153108254,0.021929801153108254,0.021929801153108257,0.021929801153108257,0.021929801153108257,0.021929801153108254,0.021929801153108257,0.021929801153108257,0.021929801153108254,0.021929801153108257,0.021929801153108254,0.021929801153108257,0.021929801153108254,0.021929801153108254,0.021929801153108257,0.021929801153108257,0.021929801153108257,0.021929801153108254,0.021929801153108254,0.021929801153108254,0.021929801153108254,0.021929801153108254,0.021929801153108257,0.021929801153108257,0.021929801153108257,0.021929801153108254,0.021929801153108254,0.021929801153108257,0.021929801153108257,0.021929801153108254,0.021929801153108254,0.021929801153108254,0.021929801153108257,0.021929801153108254,0.021929801153108257,0.021929801153108254,0.021929801153108257,0.021929801153108254,0.021929801153108254,0.021929801153108257,0.021929801153108257,0.021929801153108254,0.021929801153108254,0.021929801153108254,0.021929801153108254,0.021929801153108254,0.021929801153108254,0.021929801153108254,0.021929801153108254,0.021929801153108257,0.021929801153108257,0.021929801153108257,0.021929801153108254,0.021929801153108254,0.021929801153108257,0.021929801153108254,0.021929801153108254,0.021929801153108254,0.021929801153108254,0.021929801153108257,0.021929801153108254,0.021929801153108257,0.021929801153108254,0.021929801153108257,0.021929801153108254,0.021929801153108257,0.021929801153108257,0.021929801153108257,0.021929801153108257,0.021929801153108254,0.021929801153108257,0.021929801153108254,0.021929801153108254,0.021929801153108257,0.021929801153108257,0.021929801153108257,0.021929801153108257,0.021929801153108257,0.021929801153108257,0.021929801153108254,0.021929801153108257,0.021929801153108254,0.021929801153108257,0.021929801153108257,0.021929801153108254,0.021929801153108254,0.021929801153108257,0.021929801153108257,0.021929801153108257,0.021929801153108257,0.021929801153108257,0.021929801153108254,0.021929801153108257,0.021929801153108254,0.021929801153108257,0.021929801153108257,0.021929801153108257,0.021929801153108257,0.021929801153108254,0.021929801153108254,0.021929801153108257,0.021929801153108254,0.021929801153108257,0.021929801153108257,0.021929801153108254,0.021929801153108254,0.021929801153108254,0.021929801153108257,0.021929801153108257,0.021929801153108257,0.021929801153108254,0.021929801153108254,0.021929801153108257,0.021929801153108257,0.021929801153108254,0.021929801153108257,0.021929801153108257,0.021929801153108257,0.021929801153108257,0.021929801153108254,0.021929801153108257,0.021929801153108257,0.021929801153108254,0.021929801153108257,0.021929801153108257,0.021929801153108254,0.021929801153108254,0.021929801153108257,0.021929801153108257,0.021929801153108254,0.021929801153108257,0.021929801153108254,0.021929801153108257,0.021929801153108254,0.021929801153108257,0.021929801153108257,0.021929801153108257,0.021929801153108257,0.021929801153108254,0.021929801153108254,0.021929801153108254,0.021929801153108254,0.021929801153108257,0.021929801153108257,0.021929801153108254,0.021929801153108254,0.021929801153108257,0.021929801153108254,0.021929801153108257,0.021929801153108257,0.021929801153108254,0.021929801153108254,0.021929801153108257,0.021929801153108254,0.021929801153108254,0.021929801153108257,0.021929801153108257,0.021929801153108257,0.021929801153108257,0.021929801153108254,0.021929801153108257,0.021929801153108254,0.021929801153108257,0.021929801153108254,0.021929801153108257,0.021929801153108254,0.021929801153108257,0.021929801153108257,0.021929801153108254,0.021929801153108254,0.021929801153108254,0.021929801153108254,0.021929801153108257,0.021929801153108257,0.021929801153108257,0.021929801153108257,0.021929801153108257,0.021929801153108257,0.021929801153108257,0.021929801153108254,0.021929801153108257,0.021929801153108254,0.021929801153108254,0.021929801153108257,0.021929801153108257,0.021929801153108254,0.021929801153108257,0.021929801153108257,0.021929801153108257,0.021929801153108254,0.021929801153108254,0.021929801153108257,0.021929801153108254,0.021929801153108254,0.021929801153108254,0.021929801153108257,0.021929801153108257,0.021929801153108257,0.021929801153108257,0.021929801153108257,0.021929801153108254,0.021929801153108257,0.021929801153108257,0.021929801153108257,0.021929801153108254,0.021929801153108254,0.021929801153108257,0.021929801153108254,0.021929801153108257,0.021929801153108254,0.021929801153108254,0.021929801153108254,0.021929801153108257,0.021929801153108254,0.021929801153108254,0.021929801153108254,0.021929801153108254,0.021929801153108257,0.021929801153108254,0.021929801153108257,0.021929801153108257,0.021929801153108257,0.021929801153108254,0.021929801153108257,0.021929801153108254,0.021929801153108254,0.021929801153108254,0.021929801153108257,0.021929801153108254,0.021929801153108257,0.021929801153108257,0.021929801153108254,0.021929801153108257,0.021929801153108257,0.021929801153108257,0.021929801153108257,0.021929801153108257,0.021929801153108257,0.021929801153108257,0.021929801153108254,0.021929801153108254,0.021929801153108257,0.021929801153108254,0.021929801153108257,0.021929801153108257,0.021929801153108257,0.021929801153108254,0.021929801153108254,0.021929801153108254,0.021929801153108254,0.021929801153108254,0.021929801153108254,0.021929801153108254,0.021929801153108257,0.021929801153108254,0.021929801153108257,0.021929801153108257,0.021929801153108254,0.021929801153108257,0.021929801153108254,0.021929801153108254,0.021929801153108257,0.021929801153108257,0.021929801153108254,0.021929801153108254,0.021929801153108254,0.021929801153108254,0.021929801153108254,0.021929801153108257,0.021929801153108254,0.021929801153108254,0.021929801153108257,0.021929801153108257,0.021929801153108254,0.021929801153108254,0.021929801153108257,0.021929801153108257,0.021929801153108257,0.021929801153108257,0.021929801153108257,0.021929801153108254,0.021929801153108257,0.021929801153108257,0.021929801153108257,0.021929801153108257,0.021929801153108257,0.021929801153108257,0.021929801153108257,0.021929801153108257,0.021929801153108254,0.021929801153108257,0.021929801153108257,0.021929801153108257,0.021929801153108257,0.021929801153108254,0.021929801153108257,0.021929801153108254,0.021929801153108254,0.021929801153108254,0.021929801153108257,0.021929801153108254,0.021929801153108257,0.021929801153108257,0.021929801153108257,0.021929801153108257,0.021929801153108257,0.021929801153108254,0.021929801153108257,0.021929801153108257,0.021929801153108254,0.021929801153108254,0.021929801153108254,0.021929801153108254,0.021929801153108257,0.021929801153108257,0.021929801153108257,0.021929801153108254,0.021929801153108257,0.021929801153108254,0.021929801153108257,0.021929801153108254,0.021929801153108257,0.021929801153108257,0.021929801153108254,0.021929801153108257,0.021929801153108257,0.021929801153108254,0.021929801153108254,0.021929801153108254,0.021929801153108254,0.021929801153108257,0.021929801153108257,0.021929801153108257,0.021929801153108257,0.021929801153108257,0.021929801153108257,0.021929801153108254,0.021929801153108257,0.021896432315451533,0.0218618622941511,0.02182601443902731,0.02178880246259121,0.02175013013779644,0.021709890453404032,0.021667964353677672,0.0216242191044844,0.02157850627408558,0.021530659278083158,0.021480490404441156,0.021427787199520678,0.021372308054677883,0.02131377677956069,0.02125187587669384,0.02118623813359406,0.02111643601073964,0.021041968107532165,0.020962241704402473,0.020876549961677517,0.020784041730239393,0.020683680973581208,0.020574191309929876,0.02045397880179531,0.02032102221860634,0.020172713424963865,0.020005619135321735,0.01981511481641962,0.019594803603787275,0.019335560603884798,0.019023901267682965,0.01863909812670977,0.018147999124952578,0.01749617872699561,0.01659740902462838,0.01534641808075103,0.013718243459649983,0.011876653631740392,0.010061168240432964,0.008424700851358477,0.007018034641569543,0.005835964879355339,0.0048523261004185195,0.00403670752663762,0.0033608296920096224,0.002800385494914777,0.0023351385119605842,0.0019484506084318947,0.0016266925277861515,0.0013586960072223173,0.0011352906943998934,0.0009489271549579033,0.0007933741991332924,0.0006634765604495342,0.0005549604206152435,0.00046427661396906494,0.00038847357165471404,0.00032509388718453394,0.00027208976689146243,0.0002277536419160392,0.00019066098169615885,0.0001596229663634143,0.00013364718772499725,0.00011190495222996501,9.370405608499976e-05,7.846611529749068e-05,6.570769114119129e-05,5.5024576178200935e-05,4.607870939482543e-05,3.8587276625652094e-05,3.231362676952305e-05,2.7059696960477923e-05,2.2659692277812343e-05,1.8974809171389868e-05,1.5888827876952407e-05,1.3304428930097835e-05,1.1140113513547628e-05,9.327627712972976e-06,7.809807563347615e-06,6.538775677433153e-06,5.474431772424751e-06,4.583188975589096e-06,3.836915738174036e-06,3.212049801219221e-06,2.6888561670563143e-06,2.2508056256754085e-06,1.8840542189728254e-06,1.5770072306231506e-06,1.3199539636555561e-06,1.1047618066956473e-06,9.246199607731546e-07,7.738247643067455e-07,6.475998642567478e-07,5.419455781457463e-07,4.535127099428166e-07,3.7949685172815213e-07,3.175498469755556e-07,2.6570563067590237e-07,2.2231811327083516e-07,1.8600915384805045e-07,1.556249850903429e-07,1.3019971811951047e-07,1.0892477784012679e-07,9.112330598186201e-08,7.622872510806646e-08,6.376678783689394e-08,5.334054514931809e-08,4.4617759543185006e-08,3.732036576997424e-08,3.1215646380724044e-08,2.6108843343063357e-08,2.1836972252558394e-08,1.8263643588129776e-08,1.527472722465346e-08,1.2774723030309308e-08,1.0683722667180381e-08,8.93486638731208e-09,7.472214256766553e-09,6.2489643403447405e-09,5.225961352372175e-09,4.370448470049519e-09,3.655022698555022e-09,3.0567606266542176e-09,2.556486807074325e-09,2.1381615154647537e-09,1.788368428148268e-09,1.4958859270765979e-09,1.2513283943258274e-09,1.0468460803619077e-09,8.758739903643612e-10,7.32921790496171e-10,6.133980395631528e-10,5.134631431730827e-10,4.299063411550492e-10,3.6004280382713416e-10,3.0162755290672003e-10,2.5278345877568174e-10,2.1194101426856828e-10,1.7778796060404825e-10,1.4922715524377292e-10,1.2534133431179427e-10,1.0536364241707821e-10,8.86529866897068e-11,7.467342601459754e-11,6.297693537816303e-11,5.318899308713829e-11,4.4996528948164765e-11,3.8137846964175345e-11,3.2394199335107214e-11,2.7582741392477593e-11,2.3550641337036305e-11,2.017015564216582e-11,1.733451193670051e-11,1.4954467069543143e-11,1.2955429725122393e-11,1.1275055053278394e-11,9.86123395121159e-12,8.67041229109042e-12,7.666185993296706e-12,6.818126706655146e-12,6.100800270862889e-12,5.492946335170816e-12,4.976792691534238e-12,4.53748221555413e-12,4.162593933560199e-12,3.841742764860143e-12,3.566245022820736e-12,3.328838877235087e-12,3.123450752347735e-12,2.9450001151283326e-12,2.7892363490298434e-12,2.6526024402482793e-12,2.532121071499147e-12,2.425299441822097e-12,2.3300497333641818e-12,2.2446226546240217e-12,2.1675519087927904e-12,2.097607792912925e-12,2.0337584251893314e-12,1.9751373465184478e-12,1.921016447929988e-12,1.8707833479604183e-12,1.8239224880282215e-12,1.7799993343502339e-12,1.7386471750388632e-12,1.6995560858977457e-12,1.6624637078878959e-12,1.6271475382313369e-12,1.5934184861678184e-12,1.5611154856847052e-12,1.5301009903996448e-12,1.5002572067555739e-12,1.4714829431558698e-12,1.4436909741935185e-12,1.4168058352497e-12,1.3907619765331992e-12,1.3655022176857817e-12,1.3409764536301378e-12,1.317140570222787e-12,1.2939555353572625e-12,1.2713866369276122e-12,1.2494028430013884e-12,1.2279762652050147e-12,1.2070817072893796e-12,1.1866962857149498e-12,1.1667991102585699e-12,1.1473710148164904e-12,1.1283943303325819e-12,1.1098526928435174e-12,1.0917308812268415e-12,1.0740146795253143e-12,1.0566907600293279e-12,1.039746583912964e-12,1.0231703163236441e-12,1.0069507538423063e-12,9.910772622482749e-13,9.75539723002666e-13,9.603284870109e-13,9.454343346471545e-13,9.308484409205376e-13,9.165623451130347e-13,9.025679241445245e-13,8.888573691204433e-13,8.754231645889799e-13,8.622580701016916e-13,8.493551037511679e-13,8.367075273811946e-13,8.243088333330939e-13,8.121527322761949e-13,8.002331423032219e-13,7.885441788684589e-13,7.7708014557555e-13,7.658355256792694e-13,7.548049742236072e-13,7.439833107319983e-13,7.333655124003779e-13,7.22946707725876e-13,7.127221705328024e-13,7.026873143531018e-13,6.928376871276326e-13,6.831689661978115e-13,6.736769535616904e-13,6.643575713845376e-13,6.552068577028427e-13,6.462209623645223e-13,6.373961431476144e-13,6.28728762055222e-13,6.202152817653297e-13,6.118522622717594e-13,6.036363575846597e-13,5.955643127113846e-13,5.876329605983528e-13,5.798392193050081e-13,5.721800892737519e-13,5.646526506532149e-13,5.572540607941609e-13,5.499815517985119e-13,5.428324281820172e-13,5.358040646009703e-13,5.28893903697854e-13,5.22099453987273e-13,5.154182878529046e-13,5.088480395909853e-13,5.023864035387858e-13,4.960311322653423e-13,4.897800348334111e-13,4.836309750987592e-13,4.775818701024009e-13,4.716306884887418e-13,4.657754490088069e-13,4.600142190312309e-13,4.5434511314631743e-13,4.4876629179688465e-13,4.4327595995768724e-13,4.37872365860494e-13,4.325537997607079e-13,4.27318592745172e-13,4.221651155793587e-13,4.1709177759105e-13,4.120970255944147e-13,4.071793428406323e-13,4.023372480150947e-13,3.9756929425272456e-13,3.928740681956902e-13,3.882501890769499e-13,3.836963078255763e-13,3.792111062242721e-13,3.7479329605819847e-13,3.7044161831982747e-13,3.661548424224208e-13,3.619317654464828e-13,3.577712114063199e-13,3.536720305298816e-13,3.496330985851138e-13,3.4565331619845017e-13,3.4173160820885867e-13,3.37866923044417e-13,3.340582321074874e-13,3.303045291861953e-13,3.266048298658774e-13,3.229581710054066e-13,3.1936361016303345e-13,3.158202250818663e-13,3.123271131962432e-13,3.088833911142504e-13,3.0548819414555567e-13,3.02140675843618e-13,2.988400075429409e-13,2.9558537792340806e-13,2.923759925832285e-13,2.892110736212146e-13,2.860898592355058e-13,2.8301160332925605e-13,2.7997557513766984e-13,2.7698105884512887e-13,2.7402735323302147e-13,2.711137713285578e-13,2.682396400654359e-13,2.6540429994884397e-13,2.626071047431972e-13,2.598474211445887e-13,2.5712462848853317e-13,2.5443811844821266e-13,2.517872947477315e-13,2.4917157288117523e-13,2.4659037984018776e-13,2.440431538458769e-13,2.415293440984354e-13,2.390484105125889e-13,2.365998234824572e-13,2.3418306363989943e-13,2.3179762162126474e-13,2.2944299784305874e-13,2.2711870228036376e-13,2.248242542522941e-13,2.225591822129501e-13,2.2032302354867995e-13,2.181153243791959e-13,2.159356393619885e-13,2.1378353150724988e-13,2.1165857199190912e-13,2.0956033998176212e-13,2.0748842245647718e-13,2.054424140410527e-13,2.0342191683691585e-13,2.0142654026272653e-13,1.9945590089564599e-13,1.975096223183237e-13,1.9558733496736376e-13,1.93688675990487e-13,1.9181328909972992e-13,1.8996082443443015e-13,1.88130938424464e-13,1.8632329366092704e-13,1.8453755876184252e-13,1.8277340824942697e-13,1.81030522426065e-13,1.793085872547646e-13,1.7760729423785235e-13,1.7592634031400735e-13,1.7426542772950186e-13,1.7262426394164587e-13,1.7100256151013831e-13,1.6940003798893098e-13,1.6781641582832945e-13,1.6625142227422702e-13,1.6470478927063062e-13,1.63176253368848e-13,1.6166555562877387e-13,1.601724415339651e-13,1.5869666089893458e-13,1.5723796778746631e-13,1.557961204253916e-13,1.5437088111883695e-13,1.5296201617392922e-13,1.5156929581792523e-13,1.5019249412308483e-13,1.4883138893002264e-13,1.4748576177434252e-13,1.4615539782001338e-13,1.448400857802025e-13,1.4353961785457754e-13,1.4225378966110042e-13,1.4098240017002562e-13,1.397252516394906e-13,1.3848214955443648e-13,1.3725290256036836e-13,1.3603732241020975e-13,1.348352239010138e-13,1.336464248164281e-13,1.3247074587328753e-13,1.3130801066379552e-13,1.3015804560195733e-13,1.2902067987377778e-13,1.2789574538187133e-13,1.26783076697306e-13,1.256825110094652e-13,1.2459388807846017e-13,1.2351705018664414e-13,1.2245184209304124e-13,1.2139811098840588e-13,1.2035570644938708e-13,1.1932448039695535e-13,1.1830428705236242e-13,1.1729498289637457e-13,1.1629642662794903e-13,1.153084791243983e-13,1.1433100340253745e-13,1.1336386458007712e-13,1.124069298379586e-13,1.1146006838430337e-13,1.1052315141730356e-13,1.0959605209103554e-13,1.086786454800453e-13,1.077708085458783e-13,1.0687242010379159e-13,1.0598336079051537e-13,1.051035130319528e-13,1.0423276101200091e-13,1.0337099064267572e-13,1.0251808953288352e-13,1.016739469604163e-13,1.0083845384138423e-13,1.0001150270428615e-13,9.919298765998692e-14,9.838280437623491e-14,9.758085005049193e-14,9.678702338344027e-14,9.60012245543082e-14,9.522335519469493e-14,9.445331836504132e-14,9.36910185297231e-14,9.293636153375029e-14,9.218925457989816e-14,9.144960620502518e-14,9.071732625835087e-14,8.99923258799032e-14,8.92745174785472e-14,8.856381471124455e-14,8.786013246198688e-14,8.716338682173718e-14,8.647349506867463e-14,8.579037564865541e-14,8.511394815567878e-14,8.444413331384168e-14,8.378085295810879e-14,8.312403001651493e-14,8.247358849287335e-14,8.182945344874387e-14,8.119155098654938e-14,8.055980823279983e-14,7.993415332178985e-14,7.931451537892424e-14,7.870082450506702e-14,7.809301176182135e-14,7.749100915461009e-14,7.68947496186912e-14,7.630416700444317e-14,7.571919606244478e-14,7.513977243000842e-14,7.456583261499752e-14,7.399731398682431e-14,7.343415475710887e-14,7.287629397039415e-14,7.232367148993427e-14,7.177622798509039e-14,7.123390491883674e-14,7.069664453528895e-14,7.016438984773325e-14,6.963708462682115e-14,6.911467338865923e-14,6.859710138384508e-14,6.808431458515627e-14,6.757625967731906e-14,6.70728840474556e-14,6.657413577132803e-14,6.607996360457937e-14,6.559031697292992e-14,6.510514596116086e-14,6.462440130358238e-14,6.414803437383964e-14,6.367599717581587e-14,6.320824233315387e-14,6.274472308217728e-14,6.228539326008956e-14,6.183020729738686e-14,6.137912020919173e-14,6.093208758594606e-14,6.04890655852536e-14,6.005001092318023e-14,5.9614880867024e-14,5.918363322564841e-14,5.875622634232335e-14,5.833261908735358e-14,5.7912770849545e-14,5.749664152889054e-14,5.708419152956754e-14,5.66753817516151e-14,5.627017358496247e-14,5.586852890151207e-14,5.547041004853604e-14,5.5075779841523524e-14,5.4684601557805937e-14,5.4296838929566586e-14,5.391245613715092e-14,5.353141780360029e-14,5.315368898709574e-14,5.2779235176297547e-14,5.240802228236265e-14,5.204001663455938e-14,5.167518497306007e-14,5.1313494444262354e-14,5.095491259432053e-14,5.059940736348152e-14,5.02469470820782e-14,4.9897500462388834e-14,4.955103659506228e-14,4.9207524943860464e-14,4.88669353396646e-14,4.852923797618341e-14,4.819440340425408e-14,4.7862402527035314e-14,4.75332065955826e-14,4.7206787203588155e-14,4.688311628275967e-14,4.656216609822781e-14,4.6243909243820356e-14,4.5928318638035395e-14,4.5615367519063054e-14,4.5305029440465936e-14,4.49972782672446e-14,4.469208817138224e-14,4.4389433627545346e-14,4.408928940945715e-14,4.379163058542756e-14,4.3496432514024955e-14,4.3203670841199255e-14,4.291332149570766e-14,4.262536068551159e-14,4.2339764893871656e-14,4.205651087579232e-14,4.177557565474447e-14,4.1496936518255635e-14,4.1220571015203746e-14,4.094645695195862e-14,4.0674572389055744e-14,4.0404895637843903e-14,4.0137405257202816e-14,3.9872080050190426e-14,3.96088990608645e-14,3.934784157153437e-14,3.908888709879021e-14,3.883201539101051e-14,3.85772064254965e-14,3.832444040498437e-14,3.807369775503472e-14,3.7824959121092055e-14,3.7578205365666594e-14,3.7333417565452575e-14,3.709057700852531e-14,3.6849665191752073e-14,3.661066381804488e-14,3.6373554793383916e-14,3.6138320225168434e-14,3.590494241882087e-14,3.567340387544456e-14,3.544368728901135e-14,3.521577554442488e-14,3.498965171495847e-14,3.476529905980101e-14,3.4542701021716505e-14,3.4321841224469597e-14,3.410270347149292e-14,3.3885271742417585e-14,3.366953019128499e-14,3.345546314464457e-14,3.324305509917666e-14,3.3032290719521234e-14,3.2823154836266926e-14,3.261563244396965e-14,3.2409708698861613e-14,3.220536891704044e-14,3.2002598572415625e-14,3.18013832947885e-14,3.1601708867910834e-14,3.1403561227570865e-14,3.120692645971159e-14,3.1011790798715474e-14,3.081814062534966e-14,3.0625962465168146e-14,3.043524298665405e-14,3.024596899947353e-14,3.0058127452887806e-14,2.987170543367692e-14,2.968669016504725e-14,2.95030690045708e-14,2.932082944228981e-14,2.913995910001518e-14,2.896044572891817e-14,2.8782277208435875e-14,2.8605441544117874e-14,2.842992686695296e-14,2.825572143133899e-14,2.8082813613727635e-14,2.7911191911060658e-14,2.7740844939508397e-14,2.7571761432955356e-14,2.7403930241542275e-14,2.7237340330586613e-14,2.7071980778488143e-14,2.690784077634817e-14,2.6744909626118892e-14,2.658317673923152e-14,2.6422631635433072e-14,2.6263263941571524e-14,2.610506339024162e-14,2.594801981860958e-14,2.5792123167137995e-14,2.563736347839296e-14,2.5483730895914552e-14,2.5331215662877534e-14,2.5179808121050538e-14,2.5029498709874822e-14,2.4880277964845115e-14,2.4732136516711592e-14,2.458506509034669e-14,2.4439054503622204e-14,2.42940956664066e-14,2.4150179579351388e-14,2.4007297332939898e-14,2.3865440106564333e-14,2.3724599167354882e-14,2.3584765869228605e-14,2.344593165189858e-14,2.330808803989865e-14,2.3171226641611912e-14,2.3035339148318777e-14,2.290041733318461e-14,2.2766453050547148e-14,2.2633438234916366e-14,2.2501364899806817e-14,2.2370225137119384e-14,2.2240011116232198e-14,2.2110715083104395e-14,2.1982329359312888e-14,2.1854846341274785e-14,2.1728258499665915e-14,2.160255837800905e-14,2.1477738592557233e-14,2.1353791830868686e-14,2.1230710851345804e-14,2.110848848243005e-14,2.0987117621722975e-14,2.0866591235301272e-14,2.0746902356915332e-14,2.0628044087262618e-14,2.0510009593247878e-14,2.0392792107186287e-14,2.0276384926338176e-14,2.0160781411795655e-14,2.0045974988164413e-14,1.99319591424436e-14,1.9818727423868435e-14,1.9706273442822302e-14,1.959459087034075e-14,1.9483673437467173e-14,1.9373514934489326e-14,1.9264109210387828e-14,1.9155450172192337e-14,1.9047531784274936e-14,1.8940348067778304e-14,1.8833893100190352e-14,1.872816101433692e-14,1.8623145998194397e-14,1.8518842293992953e-14,1.8415244197792767e-14,1.8312346058945028e-14,1.821014227927093e-14,1.81086273128272e-14,1.8007795665168424e-14,1.7907641892887767e-14,1.7808160602907317e-14,1.7709346452139836e-14,1.7611194146811325e-14,1.7513698442067105e-14,1.7416854141305102e-14,1.7320656095845304e-14,1.7225099204235128e-14,1.7130178411916285e-14,1.70358887106434e-14,1.6942225138008642e-14,1.6849182776962912e-14,1.675675675535594e-14,1.6664942245452545e-14,1.6573734463480942e-14,1.648312866914273e-14,1.6393120165208375e-14,1.6303704297054863e-14,1.6214876452265333e-14,1.612663205991857e-14,1.6038966590567508e-14,1.5951875555618065e-14,1.5865354506886793e-14,1.577939903615621e-14,1.5694004774985198e-14,1.5609167393910815e-14,1.5524882602400647e-14,1.5441146148280247e-14,1.5357953817387532e-14,1.5275301433179315e-14,1.5193184856319068e-14,1.511159998439811e-14,1.503054275141578e-14,1.4950009127486186e-14,1.4869995118474988e-14,1.4790496765624554e-14,1.47115101451865e-14,1.4633031368081265e-14,1.455505657952912e-14,1.4477581958763775e-14,1.440060371857728e-14,1.4324118105104387e-14,1.4248121397393354e-14,1.4172609907130419e-14,1.4097579978252383e-14,1.402302798676048e-14,1.3948950340219555e-14,1.3875343477584676e-14,1.3802203868759202e-14,1.3729528014351993e-14,1.3657312445569445e-14,1.3585553723528382e-14,1.3514248439094824e-14,1.3443393212928549e-14,1.3372984694607414e-14,1.3303019562832294e-14,1.3233494524890073e-14,1.3164406316384888e-14,1.3095751701037119e-14,1.3027527470373594e-14,1.2959730443456098e-14,1.2892357466591918e-14,1.2825405413111303e-14,1.2758871183064916e-14,1.2692751702963301e-14,1.2627043925520529e-14,1.2561744829447121e-14,1.2496851419143213e-14,1.2432360724410499e-14,1.2368269800321937e-14,1.2304575726888928e-14,1.2241275608862235e-14,1.2178366575412815e-14,1.2115845780033738e-14,1.205371040015224e-14,1.199195763704717e-14,1.1930584715517047e-14,1.1869588883697985e-14,1.1808967412781566e-14,1.1748717596875877e-14,1.168883675276242e-14,1.1629322219627123e-14,1.1570171358892964e-14,1.1511381553996041e-14,1.1452950210230138e-14,1.1394874754423181e-14,1.1337152634843884e-14,1.1279781320890257e-14,1.1222758303012597e-14,1.1166081092487583e-14,1.1109747220981156e-14,1.105375424078769e-14,1.0998099724286967e-14,1.0942781264015474e-14,1.0887796472158976e-14,1.0833142980602396e-14,1.077881844073429e-14,1.0724820523189405e-14,1.0671146917684814e-14,1.0617795332839689e-14,1.0564763496098427e-14,1.0512049153334759e-14,1.0459650068999777e-14,1.0407564025613397e-14,1.0355788823681493e-14,1.0304322281776091e-14,1.0253162236074099e-14,1.0202306540356898e-14,1.0151753065763523e-14,1.0101499700658209e-14,1.0051544350493557e-14,1.0001884937634067e-14,9.952519401180043e-15,9.90344569686016e-15,9.854661796830039e-15,9.806165689572504e-15,9.757955379697584e-15,9.710028887810957e-15,9.66238425039181e-15,9.615019519627404e-15,9.567932763269226e-15,9.521122064463339e-15,9.474585521680263e-15,9.428321248525398e-15,9.382327373618372e-15,9.336602040439855e-15,9.291143407181809e-15,9.245949646702312e-15,9.201018946323155e-15,9.156349507644035e-15,9.111939546479575e-15,9.067787292831138e-15,9.023890990541072e-15,8.98024889734567e-15,8.936859284654103e-15,8.893720437491955e-15,8.850830654336832e-15,8.808188246973624e-15,8.765791540464769e-15,8.72363887293691e-15,8.681728595538973e-15,8.640059072262903e-15,8.598628679866123e-15,8.55743580777286e-15,8.516478857876237e-15,8.475756244539567e-15,8.435266394456004e-15,8.395007746505326e-15,8.354978751603658e-15,8.315177872770481e-15,8.275603584768336e-15,8.236254374239438e-15,8.197128739453219e-15,8.158225190275064e-15,8.119542248021212e-15,8.081078445379443e-15,8.042832326312521e-15,8.004802445948837e-15,7.966987370495726e-15,7.929385677131515e-15,7.891995953915985e-15,7.854816799698223e-15,7.817846824007639e-15,7.781084646986622e-15,7.744528899275856e-15,7.708178221935711e-15,7.672031266389129e-15,7.636086694175258e-15,7.60034317710575e-15,7.564799397011085e-15,7.529454045693818e-15,7.49430582486318e-15,7.459353445969008e-15,7.424595630243543e-15,7.390031108533982e-15,7.355658621235368e-15,7.321476918215969e-15,7.287484758731445e-15,7.253680911347533e-15,7.220064153860071e-15,7.18663327321164e-15,7.153387065422334e-15,7.120324335503995e-15,7.087443897389658e-15,7.054744573855677e-15,7.022225196437631e-15,6.989884605387657e-15,6.957721649562061e-15,6.92573518634386e-15,6.893924081640216e-15,6.862287209705996e-15,6.830823453188572e-15,6.799531702962716e-15,6.7684108580887254e-15,6.737459825762181e-15,6.7066775212295486e-15,6.676062867735088e-15,6.6456147964510065e-15,6.615332246378592e-15,6.585214164330107e-15,6.55525950482979e-15,6.525467230087772e-15,6.495836309872886e-15,6.466365721505479e-15,6.437054449790552e-15,6.407901486875428e-15,6.3789058323797316e-15,6.350066493103409e-15,6.3213824830898164e-15,6.292852823565855e-15,6.264476542858993e-15,6.2362526763667794e-15,6.208180266407816e-15,6.180258362302459e-15,6.152486020228181e-15,6.124862303172315e-15,6.097386280889213e-15,6.070057029836541e-15,6.0428736331293675e-15,6.015835180475497e-15,5.988940768128841e-15,5.962189498831687e-15,5.9355804817636256e-15,5.9091128324904045e-15,5.882785672903961e-15,5.856598131193529e-15,5.83054934176199e-15,5.8046384451972806e-15,5.778864588217626e-15,5.753226923613257e-15,5.727724610221053e-15,5.702356812844613e-15,5.6771227022250845e-15,5.652021454990276e-15,5.62705225360614e-15,5.60221428633336e-15,5.577506747156697e-15,5.552928835784541e-15,5.528479757574931e-15,5.50415872346341e-15,5.479964949983046e-15,5.455897659168874e-15,5.431956078530467e-15,5.408139441009008e-15,5.384446984910099e-15,5.3608779539380055e-15,5.337431597040647e-15,5.3141071684542046e-15,5.290903927615633e-15,5.2678211391332054e-15,5.244858072787491e-15,5.222014003413746e-15,5.199288210903431e-15,5.1766799801806755e-15,5.154188601117675e-15,5.131813368549413e-15,5.109553582191449e-15,5.087408546611794e-15,5.065377571185601e-15,5.0434599701130715e-15,5.0216550622852485e-15,4.999962171343614e-15,4.9783806255574266e-15,4.956909757850632e-15,4.935548905743931e-15,4.914297411298539e-15,4.8931546211436355e-15,4.872119886346277e-15,4.851192562445262e-15,4.830372009426015e-15,4.809657591623624e-15,4.789048677734618e-15,4.768544640775252e-15,4.748144858036771e-15,4.727848711086459e-15,4.7076555856708746e-15,4.687564871761622e-15,4.667575963450371e-15,4.647688258963054e-15,4.627901160608079e-15,4.60821407475521e-15,4.588626411798105e-15,4.5691375861216415e-15,4.549747016090128e-15,4.530454123993053e-15,4.511258335978851e-15,4.492159082161158e-15,4.4731557964430974e-15,4.45424791652269e-15,4.435434883916879e-15,4.416716143882715e-15,4.3980911454157386e-15,4.37955934118921e-15,4.361120187602477e-15,4.342773144637079e-15,4.324517675913807e-15,4.306353248630447e-15,4.288279333567884e-15,4.27029540501359e-15,4.252400940798498e-15,4.234595422192456e-15,4.2168783339459125e-15,4.199249164228332e-15,4.181707404610798e-15,4.164252550053609e-15,4.146884098844424e-15,4.129601552615226e-15,4.1124044162946e-15,4.095292198086479e-15,4.078264409445899e-15,4.0613205650572754e-15,4.04446018280185e-15,4.0276827837475716e-15,4.010987892111261e-15,3.994375035246908e-15,3.977843743611276e-15,3.9613935507531764e-15,3.945023993275375e-15,3.9287346108301035e-15,3.91252494607269e-15,3.912524824176482e-15,3.91252471393461e-15,3.912524605382926e-15,3.912524498151864e-15,3.912524392354059e-15,3.912524288110291e-15,3.912524185524488e-15,3.912524084682386e-15,3.91252398565171e-15,3.912523888482771e-15,3.9125237932092795e-15,3.912523699849415e-15,3.912523608407014e-15,3.912523518872907e-15,3.912523431226297e-15,3.912523345436172e-15,3.912523261462702e-15,3.912523179258611e-15,3.9125230987704776e-15,3.912523019939943e-15,3.9125229427048575e-15,3.912522867000301e-15,3.9125227927595185e-15,3.9125227199147275e-15,3.912522648397842e-15,3.912522578141104e-15,3.912522509077595e-15,3.912522441141685e-15,3.912522374269384e-15,3.912522308398641e-15,3.912522243469566e-15,3.912522179424598e-15,3.9125221162086165e-15,3.9125220537690294e-15,3.9125219920557916e-15,3.912521931021439e-15,3.91252187062105e-15,3.912521810812213e-15,3.912521751554964e-15,3.912521692811733e-15,3.912521634547237e-15,3.9125215767284136e-15,3.912521519324323e-15,3.912521462306043e-15,3.912521405646572e-15,3.912521349320734e-15,3.912521293305081e-15,3.912521237577785e-15,3.912521182118557e-15,3.9125211269085414e-15,3.912521071930239e-15,3.912521017167409e-15,3.912520962604997e-15,3.912520908229053e-15,3.91252085402666e-15,3.912520799985852e-15,3.912520746095573e-15,3.9125206923455854e-15,3.912520638726432e-15,3.912520585229365e-15,3.9125205318463114e-15,3.912520478569815e-15,3.912520425392988e-15,3.912520372309472e-15,3.9125203193134085e-15,3.9125202663993815e-15,3.912520213562403e-15,3.9125201607978664e-15,3.9125201081015336e-15,3.912520055469494e-15,3.912520002898137e-15,3.912519950384145e-15,3.9125198979244564e-15,3.912519845516253e-15,3.912519793156932e-15,3.912519740844105e-15,3.912519688575566e-15,3.9125196363492874e-15,3.9125195841634035e-15,3.912519532016187e-15,3.912519479906061e-15,3.912519427831562e-15,3.91251937579135e-15,3.912519323784186e-15,3.9125192718089354e-15,3.912519219864553e-15,3.9125191679500724e-15,3.912519116064609e-15,3.912519064207343e-15,3.912519012377526e-15,3.912518960574463e-15,3.912518908797521e-15,3.9125188570461105e-15,3.9125188053196955e-15,3.912518753617775e-15,3.912518701939894e-15,3.912518650285632e-15,3.912518598654603e-15,3.9125185470464434e-15,3.912518495460829e-15,3.912518443897458e-15,3.912518392356047e-15,3.912518340836344e-15,3.912518289338109e-15,3.9125182378611214e-15,3.9125181864051856e-15,3.9125181349701095e-15,3.912518083555724e-15,3.912518032161871e-15,3.912517980788407e-15,3.912517929435191e-15,3.912517878102102e-15,3.9125178267890225e-15,3.91251777549585e-15,3.912517724222482e-15,3.912517672968825e-15,3.9125176217348e-15,3.9125175705203235e-15,3.912517519325327e-15,3.912517468149739e-15,3.912517416993498e-15,3.912517365856544e-15,3.912517314738824e-15,3.912517263640288e-15,3.912517212560886e-15,3.912517161500574e-15,3.912517110459312e-15,3.912517059437058e-15,3.912517008433779e-15,3.912516957449437e-15,3.912516906484007e-15,3.9125168555374514e-15,3.912516804609745e-15,3.9125167537008594e-15,3.912516702810768e-15,3.91251665193945e-15,3.912516601086877e-15,3.912516550253033e-15,3.912516499437892e-15,3.912516448641436e-15,3.912516397863645e-15,3.9125163471045024e-15,3.912516296363991e-15,3.912516245642089e-15,3.912516194938784e-15,3.912516144254059e-15,3.9125160935879e-15,3.91251604294029e-15,3.912515992311218e-15,3.912515941700668e-15,3.912515891108623e-15,3.912515840535073e-15,3.912515789980008e-15,3.9125157394434104e-15,3.91251568892527e-15,3.912515638425563e-15,3.912515587944299e-15,3.912515537481457e-15,3.91251548703702e-15,3.912515436610982e-15,3.912515386203332e-15,3.912515335814057e-15,3.912515285443145e-15,3.912515235090585e-15,3.912515184756368e-15,3.912515134440482e-15,3.9125150841429184e-15,3.912515033863664e-15,3.912514983602712e-15,3.912514933360048e-15,3.9125148831356646e-15,3.912514832929548e-15,3.912514782741692e-15,3.912514732572084e-15,3.912514682420718e-15,3.912514632287579e-15,3.912514582172661e-15,3.912514532075949e-15,3.912514481997437e-15,3.912514431937116e-15,3.9125143818949734e-15,3.912514331871e-15,3.912514281865188e-15,3.912514231877527e-15,3.9125141819080054e-15,3.912514131956614e-15,3.912514082023345e-15,3.9125140321081876e-15,3.912513982211132e-15,3.912513932332168e-15,3.912513882471286e-15,3.912513832628478e-15,3.912513782803731e-15,3.912513732997039e-15,3.9125136832083946e-15,3.912513633437783e-15,3.912513583685197e-15,3.912513533950624e-15,3.912513484234062e-15,3.912513434535494e-15,3.912513384854914e-15,3.9125133351923104e-15,3.912513285547677e-15,3.912513235921002e-15,3.912513186312277e-15,3.912513136721491e-15,3.912513087148634e-15,3.912513037593701e-15,3.912512988056678e-15,3.9125129385375596e-15,3.912512889036331e-15,3.9125128395529884e-15,3.91251279008752e-15,3.912512740639915e-15,3.912512691210166e-15,3.912512641798262e-15,3.9125125924041945e-15,3.9125125430279555e-15,3.912512493669532e-15,3.91251244432892e-15,3.9125123950061055e-15,3.912512345701082e-15,3.912512296413839e-15,3.912512247144365e-15,3.912512197892653e-15,3.912512148658698e-15,3.9125120994424826e-15,3.912512050244001e-15,3.912512001063244e-15,3.9125119519002024e-15,3.912511902754867e-15,3.912511853627227e-15,3.912511804517277e-15,3.912511755425005e-15,3.9125117063504e-15,3.912511657293455e-15,3.912511608254163e-15,3.9125115592325084e-15,3.912511510228486e-15,3.912511461242088e-15,3.912511412273304e-15,3.912511363322123e-15,3.912511314388539e-15,3.912511265472538e-15,3.912511216574112e-15,3.912511167693256e-15,3.912511118829959e-15,3.9125110699842085e-15,3.9125110211559975e-15,3.912510972345318e-15,3.912510923552158e-15,3.912510874776512e-15,3.912510826018369e-15,3.912510777277718e-15,3.912510728554553e-15,3.9125106798488606e-15,3.912510631160636e-15,3.912510582489869e-15,3.9125105338365485e-15,3.912510485200665e-15,3.912510436582213e-15,3.912510387981183e-15,3.912510339397561e-15,3.9125102908313435e-15,3.912510242282519e-15,3.9125101937510755e-15,3.912510145237008e-15,3.912510096740307e-15,3.912510048260962e-15,3.912509999798962e-15,3.912509951354303e-15,3.9125099029269715e-15,3.912509854516961e-15,3.91250980612426e-15,3.9125097577488625e-15,3.9125097093907574e-15,3.9125096610499354e-15,3.912509612726388e-15,3.912509564420107e-15,3.9125095161310824e-15,3.912509467859302e-15,3.912509419604762e-15,3.912509371367448e-15,3.912509323147356e-15,3.912509274944475e-15,3.912509226758798e-15,3.912509178590313e-15,3.912509130439013e-15,3.912509082304886e-15,3.912509034187925e-15,3.912508986088122e-15,3.912508938005469e-15,3.9125088899399515e-15,3.912508841891564e-15,3.9125087938603e-15,3.912508745846143e-15,3.912508697849092e-15,3.912508649869135e-15,3.9125086019062615e-15,3.912508553960466e-15,3.9125085060317334e-15,3.9125084581200605e-15,3.912508410225439e-15,3.9125083623478556e-15,3.912508314487303e-15,3.9125082666437736e-15,3.912508218817256e-15,3.912508171007742e-15,3.912508123215223e-15,3.912508075439691e-15,3.912508027681135e-15,3.9125079799395485e-15,3.912507932214921e-15,3.912507884507242e-15,3.9125078368165105e-15,3.912507789142709e-15,3.91250774148583e-15,3.912507693845866e-15,3.912507646222808e-15,3.912507598616647e-15,3.912507551027374e-15,3.912507503454981e-15,3.912507455899454e-15,3.912507408360793e-15,3.912507360838982e-15,3.9125073133340155e-15,3.9125072658458836e-15,3.9125072183745764e-15,3.912507170920089e-15,3.912507123482409e-15,3.912507076061525e-15,3.912507028657432e-15,3.912506981270123e-15,3.912506933899583e-15,3.91250688654581e-15,3.9125068392087874e-15,3.9125067918885156e-15,3.912506744584978e-15,3.912506697298171e-15,3.9125066500280834e-15,3.912506602774706e-15,3.9125065555380276e-15,3.912506508318047e-15,3.912506461114748e-15,3.912506413928126e-15,3.912506366758169e-15,3.912506319604871e-15,3.912506272468221e-15,3.912506225348212e-15,3.912506178244834e-15,3.912506131158078e-15,3.912506084087938e-15,3.9125060370344006e-15,3.9125059899974615e-15,3.912505942977108e-15,3.912505895973334e-15,3.9125058489861285e-15,3.912505802015487e-15,3.912505755061399e-15,3.912505708123851e-15,3.912505661202841e-15,3.912505614298354e-15,3.912505567410387e-15,3.912505520538929e-15,3.912505473683969e-15,3.912505426845502e-15,3.912505380023516e-15,3.912505333218004e-15,3.9125052864289555e-15,3.9125052396563645e-15,3.912505192900223e-15,3.9125051461605195e-15,3.912505099437246e-15,3.9125050527303946e-15,3.912505006039953e-15,3.912504959365918e-15,3.912504912708279e-15,3.912504866067024e-15,3.912504819442148e-15,3.9125047728336415e-15,3.912504726241496e-15,3.912504679665701e-15,3.912504633106252e-15,3.912504586563135e-15,3.912504540036347e-15,3.9125044935258725e-15,3.912504447031708e-15,3.912504400553842e-15,3.912504354092271e-15,3.912504307646978e-15,3.912504261217963e-15,3.912504214805212e-15,3.912504168408718e-15,3.912504122028472e-15,3.912504075664466e-15,3.91250402931669e-15,3.912503982985134e-15,3.9125039366697926e-15,3.9125038903706586e-15,3.912503844087721e-15,3.912503797820967e-15,3.9125037515703946e-15,3.912503705335993e-15,3.9125036591177534e-15,3.912503612915666e-15,3.9125035667297224e-15,3.912503520559914e-15,3.912503474406236e-15,3.912503428268675e-15,3.912503382147225e-15,3.912503336041878e-15,3.912503289952624e-15,3.912503243879456e-15,3.91250319782236e-15,3.912503151781336e-15,3.912503105756369e-15,3.912503059747454e-15,3.912503013754582e-15,3.912502967777739e-15,3.9125029218169224e-15,3.9125028758721234e-15,3.9125028299433305e-15,3.912502784030535e-15,3.912502738133725e-15,3.912502692252889e-15,3.912502646388042e-15,3.9125026005391595e-15,3.912502554706232e-15,3.912502508889255e-15,3.912502463088217e-15,3.912502417303108e-15,3.912502371533919e-15,3.912502325780647e-15,3.9125022800432816e-15,3.912502234321812e-15,3.912502188616231e-15,3.912502142926532e-15,3.912502097252702e-15,3.912502051594733e-15,3.912502005952621e-15,3.912501960326354e-15,3.912501914715925e-15,3.912501869121326e-15,3.912501823542547e-15,3.912501777979577e-15,3.912501732432413e-15,3.912501686901045e-15,3.912501641385464e-15,3.91250159588566e-15,3.9125015504016265e-15,3.912501504933354e-15,3.912501459480836e-15,3.91250141404406e-15,3.91250136862302e-15,3.91250132321771e-15,3.912501277828118e-15,3.912501232454235e-15,3.912501187096059e-15,3.912501141753575e-15,3.912501096426774e-15,3.9125010511156514e-15,3.912501005820198e-15,3.9125009605404054e-15,3.9125009152762656e-15,3.912500870027768e-15,3.912500824794905e-15,3.912500779577669e-15,3.912500734376051e-15,3.912500689190044e-15,3.912500644019636e-15,3.912500598864825e-15,3.912500553725595e-15,3.912500508601943e-15,3.91250046349386e-15,3.912500418401337e-15,3.912500373324362e-15,3.912500328262932e-15,3.912500283217037e-15,3.912500238186667e-15,3.9125001931718176e-15,3.912500148172474e-15,3.912500103188635e-15,3.91250005822029e-15,3.912500013267426e-15,3.91249996833004e-15,3.91249992340812e-15,3.912499878501664e-15,3.912499833610655e-15,3.9124997887350896e-15,3.912499743874957e-15,3.912499699030252e-15,3.9124996542009656e-15,3.912499609387089e-15,3.912499564588611e-15,3.912499519805529e-15,3.912499475037833e-15,3.91249943028551e-15,3.912499385548554e-15,3.912499340826961e-15,3.91249929612072e-15,3.91249925142982e-15,3.912499206754255e-15,3.912499162094019e-15,3.9124991174491e-15,3.91249907281949e-15,3.9124990282051834e-15,3.912498983606171e-15,3.912498939022442e-15,3.912498894453989e-15,3.9124988499008084e-15,3.912498805362887e-15,3.9124987608402156e-15,3.9124987163327906e-15,3.912498671840602e-15,3.912498627363639e-15,3.912498582901895e-15,3.912498538455363e-15,3.912498494024036e-15,3.9124984496079005e-15,3.912498405206953e-15,3.9124983608211836e-15,3.912498316450585e-15,3.9124982720951474e-15,3.912498227754862e-15,3.912498183429722e-15,3.912498139119718e-15,3.9124980948248444e-15,3.912498050545092e-15,3.91249800628045e-15,3.912497962030916e-15,3.912497917796474e-15,3.912497873577124e-15,3.912497829372851e-15,3.91249778518365e-15,3.912497741009515e-15,3.912497696850433e-15,3.912497652706397e-15,3.912497608577399e-15,3.912497564463437e-15,3.9124975203644956e-15,3.912497476280566e-15,3.912497432211644e-15,3.91249738815772e-15,3.912497344118784e-15,3.9124973000948314e-15,3.912497256085853e-15,3.9124972120918415e-15,3.9124971681127845e-15,3.912497124148675e-15,3.912497080199509e-15,3.912497036265278e-15,3.912496992345969e-15,3.9124969484415786e-15,3.912496904552096e-15,3.912496860677512e-15,3.912496816817823e-15,3.912496772973014e-15,3.912496729143085e-15,3.912496685328023e-15,3.9124966415278194e-15,3.912496597742467e-15,3.912496553971962e-15,3.912496510216289e-15,3.912496466475446e-15,3.912496422749423e-15,3.9124963790382076e-15,3.912496335341797e-15,3.912496291660183e-15,3.9124962479933535e-15,3.912496204341306e-15,3.912496160704028e-15,3.9124961170815115e-15,3.912496073473752e-15,3.912496029880738e-15,3.912495986302461e-15,3.912495942738917e-15,3.912495899190095e-15,3.912495855655987e-15,3.912495812136585e-15,3.912495768631882e-15,3.912495725141868e-15,3.912495681666537e-15,3.912495638205882e-15,3.912495594759891e-15,3.912495551328561e-15,3.912495507911878e-15,3.912495464509841e-15,3.912495421122434e-15,3.912495377749656e-15,3.912495334391495e-15,3.912495291047944e-15,3.912495247718994e-15,3.912495204404636e-15,3.9124951611048664e-15,3.912495117819676e-15,3.912495074549057e-15,3.912495031292997e-15,3.912494988051491e-15,3.912494944824534e-15,3.912494901612114e-15,3.912494858414224e-15,3.912494815230854e-15,3.912494772062e-15,3.912494728907651e-15,3.912494685767802e-15,3.912494642642444e-15,3.912494599531566e-15,3.912494556435163e-15,3.912494513353228e-15,3.912494470285749e-15,3.912494427232723e-15,3.912494384194138e-15,3.912494341169988e-15,3.912494298160265e-15,3.912494255164958e-15,3.912494212184063e-15,3.912494169217573e-15,3.9124941262654755e-15,3.9124940833277654e-15,3.912494040404436e-15,3.912493997495475e-15,3.912493954600878e-15,3.9124939117206365e-15,3.912493868854743e-15,3.9124938260031896e-15,3.912493783165964e-15,3.912493740343066e-15,3.912493697534482e-15,3.912493654740205e-15,3.912493611960228e-15,3.912493569194546e-15,3.912493526443145e-15,3.912493483706021e-15,3.912493440983166e-15,3.91249339827457e-15,3.912493355580229e-15,3.91249331290013e-15,3.91249327023427e-15,3.9124932275826375e-15,3.912493184945229e-15,3.912493142322029e-15,3.9124930997130345e-15,3.9124930571182415e-15,3.912493014537634e-15,3.912492971971212e-15,3.912492929418963e-15,3.912492886880882e-15,3.9124928443569546e-15,3.912492801847181e-15,3.912492759351547e-15,3.912492716870051e-15,3.912492674402682e-15,3.912492631949431e-15,3.912492589510292e-15,3.912492547085255e-15,3.912492504674313e-15,3.91249246227746e-15,3.912492419894689e-15,3.9124923775259864e-15,3.91249233517135e-15,3.91249229283077e-15,3.912492250504237e-15,3.9124922081917464e-15,3.912492165893288e-15,3.912492123608855e-15,3.9124920813384416e-15,3.912492039082036e-15,3.912491996839631e-15,3.912491954611223e-15,3.9124919123968e-15,3.9124918701963564e-15,3.912491828009885e-15,3.912491785837374e-15,3.9124917436788184e-15,3.912491701534211e-15,3.912491659403544e-15,3.912491617286809e-15,3.912491575183996e-15,3.912491533095101e-15,3.912491491020112e-15,3.912491448959028e-15,3.912491406911833e-15,3.912491364878527e-15,3.912491322859098e-15,3.912491280853538e-15,3.912491238861841e-15,3.912491196883999e-15,3.912491154920001e-15,3.912491112969843e-15,3.912491071033517e-15,3.9124910291110165e-15,3.912490987202331e-15,3.912490945307452e-15,3.912490903426374e-15,3.912490861559093e-15,3.912490819705592e-15,3.912490777865868e-15,3.912490736039917e-15,3.912490694227725e-15,3.912490652429289e-15,3.912490610644598e-15,3.9124905688736475e-15,3.912490527116426e-15,3.9124904853729274e-15,3.912490443643148e-15,3.912490401927077e-15,3.9124903602247044e-15,3.912490318536026e-15,3.9124902768610315e-15,3.912490235199714e-15,3.912490193552067e-15,3.9124901519180835e-15,3.912490110297753e-15,3.9124900686910705e-15,3.9124900270980274e-15,3.9124899855186135e-15,3.912489943952825e-15,3.912489902400652e-15,3.9124898608620875e-15,3.912489819337124e-15,3.9124897778257525e-15,3.912489736327965e-15,3.9124896948437604e-15,3.912489653373125e-15,3.912489611916053e-15,3.91248957047253e-15,3.9124895290425555e-15,3.912489487626125e-15,3.9124894462232266e-15,3.912489404833853e-15,3.9124893634579985e-15,3.9124893220956515e-15,3.912489280746804e-15,3.9124892394114545e-15,3.912489198089589e-15,3.912489156781204e-15,3.91248911548629e-15,3.91248907420484e-15,3.912489032936846e-15,3.912488991682303e-15,3.9124889504411965e-15,3.912488909213526e-15,3.912488867999284e-15,3.912488826798457e-15,3.9124887856110414e-15,3.912488744437031e-15,3.912488703276415e-15,3.9124886621291885e-15,3.912488620995343e-15,3.9124885798748654e-15,3.9124885387677575e-15,3.9124884976740074e-15,3.9124884565936056e-15,3.9124884155265466e-15,3.912488374472826e-15,3.91248833343243e-15,3.912488292405356e-15,3.912488251391594e-15,3.912488210391138e-15,3.9124881694039794e-15,3.9124881284301125e-15,3.912488087469525e-15,3.912488046522215e-15,3.912488005588174e-15,3.9124879646673896e-15,3.912487923759859e-15,3.9124878828655745e-15,3.912487841984526e-15,3.9124878011167085e-15,3.912487760262114e-15,3.912487719420735e-15,3.912487678592562e-15,3.912487637777591e-15,3.9124875969758104e-15,3.912487556187214e-15,3.912487515411798e-15,3.912487474649553e-15,3.912487433900467e-15,3.912487393164538e-15,3.912487352441756e-15,3.912487311732114e-15,3.912487271035606e-15,3.912487230352223e-15,3.912487189681958e-15,3.912487149024803e-15,3.912487108380754e-15,3.912487067749798e-15,3.912487027131929e-15,3.912486986527142e-15,3.9124869459354285e-15,3.9124869053567785e-15,3.912486864791188e-15,3.912486824238652e-15,3.9124867836991545e-15,3.912486743172696e-15,3.912486702659264e-15,3.912486662158855e-15,3.9124866216714594e-15,3.912486581197069e-15,3.912486540735678e-15,3.9124865002872775e-15,3.9124864598518634e-15,3.912486419429425e-15,3.912486379019955e-15,3.912486338623448e-15,3.912486298239893e-15,3.912486257869291e-15,3.912486217511622e-15,3.912486177166888e-15,3.912486136835081e-15,3.912486096516189e-15,3.912486056210207e-15,3.91248601591713e-15,3.912485975636946e-15,3.912485935369651e-15,3.912485895115241e-15,3.9124858548736984e-15,3.912485814645025e-15,3.912485774429208e-15,3.912485734226246e-15,3.912485694036128e-15,3.912485653858842e-15,3.912485613694384e-15,3.912485573542753e-15,3.9124855334039315e-15,3.9124854932779204e-15,3.912485453164709e-15,3.912485413064287e-15,3.912485372976651e-15,3.912485332901792e-15,3.912485292839705e-15,3.912485252790383e-15,3.912485212753813e-15,3.9124851727299935e-15,3.912485132718919e-15,3.912485092720574e-15,3.912485052734956e-15,3.912485012762056e-15,3.9124849728018674e-15,3.912484932854389e-15,3.9124848929196025e-15,3.912484852997507e-15,3.9124848130880946e-15,3.912484773191358e-15,3.912484733307288e-15,3.912484693435884e-15,3.9124846535771284e-15,3.912484613731019e-15,3.912484573897551e-15,3.912484534076715e-15,3.912484494268502e-15,3.912484454472908e-15,3.91248441468992e-15,3.91248437491954e-15,3.912484335161751e-15,3.912484295416554e-15,3.912484255683933e-15,3.912484215963882e-15,3.912484176256401e-15,3.912484136561476e-15,3.912484096879109e-15,3.912484057209286e-15,3.912484017552002e-15,3.912483977907247e-15,3.9124839382750145e-15,3.912483898655299e-15,3.9124838590480896e-15,3.9124838194533834e-15,3.91248377987117e-15,3.912483740301446e-15,3.9124837007442005e-15,3.912483661199425e-15,3.912483621667117e-15,3.912483582147265e-15,3.912483542639867e-15,3.912483503144912e-15,3.912483463662394e-15,3.912483424192302e-15,3.912483384734635e-15,3.912483345289382e-15,3.912483305856536e-15,3.91248326643609e-15,3.912483227028038e-15,3.912483187632373e-15,3.912483148249084e-15,3.912483108878169e-15,3.912483069519619e-15,3.912483030173424e-15,3.912482990839579e-15,3.91248295151808e-15,3.9124829122089165e-15,3.912482872912079e-15,3.912482833627564e-15,3.912482794355362e-15,3.91248275509547e-15,3.912482715847877e-15,3.9124826766125756e-15,3.9124826373895626e-15,3.9124825981788234e-15,3.912482558980359e-15,3.912482519794157e-15,3.912482480620218e-15,3.9124824414585245e-15,3.912482402309077e-15,3.912482363171865e-15,3.9124823240468805e-15,3.9124822849341155e-15,3.912482245833566e-15,3.912482206745226e-15,3.912482167669084e-15,3.9124821286051366e-15,3.912482089553374e-15,3.912482050513793e-15,3.9124820114863785e-15,3.912481972471135e-15,3.912481933468048e-15,3.912481894477111e-15,3.912481855498316e-15,3.912481816531658e-15,3.9124817775771294e-15,3.912481738634718e-15,3.912481699704429e-15,3.912481660786247e-15,3.912481621880166e-15,3.9124815829861775e-15,3.912481544104277e-15,3.912481505234457e-15,3.912481466376708e-15,3.912481427531025e-15,3.912481388697406e-15,3.912481349875832e-15,3.912481311066306e-15,3.9124812722688174e-15,3.912481233483358e-15,3.912481194709923e-15,3.9124811559485025e-15,3.912481117199091e-15,3.912481078461684e-15,3.912481039736273e-15,3.912481001022848e-15,3.912480962321405e-15,3.9124809236319344e-15,3.912480884954431e-15,3.912480846288888e-15,3.9124808076352986e-15,3.912480768993659e-15,3.912480730363956e-15,3.912480691746185e-15,3.912480653140339e-15,3.9124806145464136e-15,3.9124805759643934e-15,3.91248053739428e-15,3.9124804988360664e-15,3.912480460289744e-15,3.912480421755303e-15,3.912480383232736e-15,3.912480344722043e-15,3.912480306223208e-15,3.91248026773623e-15,3.912480229261101e-15,3.912480190797813e-15,3.912480152346359e-15,3.912480113906732e-15,3.912480075478928e-15,3.912480037062935e-15,3.912479998658747e-15,3.912479960266361e-15,3.91247992188577e-15,3.9124798835169605e-15,3.912479845159931e-15,3.912479806814673e-15,3.912479768481182e-15,3.912479730159448e-15,3.9124796918494616e-15,3.912479653551224e-15,3.912479615264721e-15,3.912479576989948e-15,3.912479538726899e-15,3.91247950047557e-15,3.912479462235944e-15,3.912479424008024e-15,3.912479385791801e-15,3.9124793475872635e-15,3.91247930939441e-15,3.912479271213232e-15,3.91247923304372e-15,3.912479194885871e-15,3.912479156739674e-15,3.912479118605128e-15,3.912479080482218e-15,3.912479042370943e-15,3.912479004271296e-15,3.912478966183266e-15,3.912478928106852e-15,3.912478890042042e-15,3.912478851988831e-15,3.912478813947213e-15,3.9124787759171804e-15,3.912478737898728e-15,3.912478699891846e-15,3.9124786618965276e-15,3.9124786239127685e-15,3.912478585940558e-15,3.9124785479798955e-15,3.912478510030768e-15,3.9124784720931725e-15,3.9124784341671005e-15,3.912478396252545e-15,3.912478358349501e-15,3.912478320457958e-15,3.9124782825779126e-15,3.9124782447093556e-15,3.912478206852282e-15,3.912478169006685e-15,3.912478131172555e-15,3.91247809334989e-15,3.912478055538677e-15,3.912478017738915e-15,3.912477979950595e-15,3.912477942173709e-15,3.912477904408254e-15,3.912477866654218e-15,3.912477828911595e-15,3.912477791180383e-15,3.9124777534605676e-15,3.91247771575215e-15,3.912477678055119e-15,3.9124776403694674e-15,3.912477602695192e-15,3.912477565032281e-15,3.912477527380733e-15,3.912477489740538e-15,3.912477452111687e-15,3.912477414494177e-15,3.912477376888e-15,3.912477339293152e-15,3.912477301709621e-15,3.912477264137404e-15,3.91247722657649e-15,3.912477189026877e-15,3.912477151488558e-15,3.9124771139615235e-15,3.912477076445772e-15,3.912477038941288e-15,3.912477001448073e-15,3.912476963966116e-15,3.91247692649541e-15,3.912476889035952e-15,3.9124768515877315e-15,3.912476814150741e-15,3.912476776724978e-15,3.912476739310434e-15,3.912476701907102e-15,3.9124766645149734e-15,3.912476627134044e-15,3.912476589764306e-15,3.912476552405754e-15,3.912476515058379e-15,3.912476477722176e-15,3.912476440397135e-15,3.9124764030832564e-15,3.91247636578053e-15,3.9124763284889455e-15,3.9124762912085e-15,3.912476253939185e-15,3.9124762166809955e-15,3.912476179433924e-15,3.912476142197966e-15,3.9124761049731085e-15,3.912476067759351e-15,3.9124760305566865e-15,3.912475993365105e-15,3.912475956184602e-15,3.912475919015169e-15,3.9124758818568e-15,3.912475844709491e-15,3.9124758075732335e-15,3.912475770448021e-15,3.912475733333847e-15,3.912475696230702e-15,3.912475659138583e-15,3.912475622057481e-15,3.912475584987393e-15,3.912475547928308e-15,3.912475510880223e-15,3.91247547384313e-15,3.912475436817018e-15,3.912475399801885e-15,3.912475362797724e-15,3.9124753258045325e-15,3.9124752888222954e-15,3.912475251851012e-15,3.912475214890674e-15,3.912475177941274e-15,3.912475141002803e-15,3.912475104075261e-15,3.912475067158636e-15,3.912475030252924e-15,3.9124749933581195e-15,3.912474956474213e-15,3.9124749196011994e-15,3.9124748827390696e-15,3.912474845887823e-15,3.912474809047444e-15,3.912474772217935e-15,3.912474735399286e-15,3.912474698591488e-15,3.912474661794538e-15,3.912474625008426e-15,3.912474588233148e-15,3.912474551468696e-15,3.9124745147150645e-15,3.912474477972247e-15,3.912474441240238e-15,3.9124744045190254e-15,3.9124743678086086e-15,3.912474331108981e-15,3.912474294420132e-15,3.912474257742059e-15,3.9124742210747554e-15,3.9124741844182114e-15,3.912474147772423e-15,3.912474111137383e-15,3.912474074513082e-15,3.9124740378995185e-15,3.912474001296683e-15,3.9124739647045695e-15,3.912473928123169e-15,3.912473891552483e-15,3.912473854992495e-15,3.912473818443204e-15,3.912473781904605e-15,3.9124737453766885e-15,3.912473708859446e-15,3.912473672352876e-15,3.91247363585697e-15,3.912473599371721e-15,3.91247356289712e-15,3.912473526433162e-15,3.912473489979845e-15,3.912473453537157e-15,3.912473417105096e-15,3.912473380683651e-15,3.912473344272818e-15,3.912473307872589e-15,3.91247327148296e-15,3.912473235103925e-15,3.912473198735475e-15,3.912473162377602e-15,3.912473126030304e-15,3.912473089693574e-15,3.912473053367401e-15,3.91247301705178e-15,3.9124729807467094e-15,3.912472944452179e-15,3.912472908168184e-15,3.912472871894714e-15,3.912472835631767e-15,3.912472799379332e-15,3.9124727631374084e-15,3.912472726905987e-15,3.91247269068506e-15,3.9124726544746216e-15,3.912472618274668e-15,3.91247258208519e-15,3.91247254590618e-15,3.912472509737637e-15,3.912472473579549e-15,3.9124724374319144e-15,3.912472401294723e-15,3.912472365167967e-15,3.912472329051645e-15,3.912472292945748e-15,3.912472256850268e-15,3.912472220765202e-15,3.91247218469054e-15,3.91247214862628e-15,3.912472112572414e-15,3.912472076528931e-15,3.912472040495828e-15,3.912472004473102e-15,3.9124719684607445e-15,3.912471932458746e-15,3.912471896467102e-15,3.912471860485809e-15,3.912471824514859e-15,3.912471788554242e-15,3.912471752603956e-15,3.912471716663994e-15,3.912471680734345e-15,3.912471644815007e-15,3.912471608905976e-15,3.912471573007241e-15,3.912471537118799e-15,3.912471501240642e-15,3.912471465372762e-15,3.912471429515154e-15,3.912471393667815e-15,3.912471357830736e-15,3.9124713220039094e-15,3.9124712861873296e-15,3.912471250380991e-15,3.912471214584886e-15,3.912471178799009e-15,3.9124711430233544e-15,3.9124711072579156e-15,3.9124710715026886e-15,3.912471035757658e-15,3.912471000022828e-15,3.91247096429819e-15,3.912470928583731e-15,3.9124708928794544e-15,3.912470857185348e-15,3.912470821501409e-15,3.912470785827624e-15,3.912470750163992e-15,3.912470714510509e-15,3.9124706788671635e-15,3.912470643233954e-15,3.912470607610872e-15,3.91247057199791e-15,3.9124705363950636e-15,3.912470500802325e-15,3.912470465219691e-15,3.9124704296471506e-15,3.912470394084702e-15,3.912470358532336e-15,3.912470322990047e-15,3.912470287457829e-15,3.9124702519356755e-15,3.9124702164235825e-15,3.912470180921539e-15,3.912470145429543e-15,3.912470109947589e-15,3.912470074475666e-15,3.912470039013771e-15,3.9124700035619005e-15,3.9124699681200445e-15,3.912469932688196e-15,3.912469897266351e-15,3.912469861854501e-15,3.912469826452642e-15,3.912469791060768e-15,3.91246975567887e-15,3.912469720306947e-15,3.912469684944986e-15,3.912469649592986e-15,3.9124696142509374e-15,3.912469578918834e-15,3.912469543596675e-15,3.912469508284447e-15,3.912469472982149e-15,3.9124694376897754e-15,3.912469402407314e-15,3.9124693671347645e-15,3.912469331872118e-15,3.912469296619368e-15,3.91246926137651e-15,3.912469226143536e-15,3.912469190920441e-15,3.912469155707218e-15,3.912469120503864e-15,3.91246908531037e-15,3.912469050126728e-15,3.912469014952936e-15,3.912468979788985e-15,3.9124689446348714e-15,3.912468909490585e-15,3.9124688743561235e-15,3.912468839231481e-15,3.9124688041166474e-15,3.912468769011621e-15,3.91246873391639e-15,3.9124686988309536e-15,3.912468663755302e-15,3.912468628689434e-15,3.912468593633343e-15,3.912468558587013e-15,3.912468523550449e-15,3.912468488523642e-15,3.912468453506583e-15,3.91246841849927e-15,3.9124683835016926e-15,3.912468348513847e-15,3.912468313535728e-15,3.912468278567332e-15,3.912468243608648e-15,3.912468208659667e-15,3.912468173720389e-15,3.912468138790806e-15,3.912468103870913e-15,3.912468068960703e-15,3.9124680340601675e-15,3.912467999169306e-15,3.912467964288106e-15,3.912467929416566e-15,3.912467894554678e-15,3.912467859702439e-15,3.9124678248598406e-15,3.912467790026874e-15,3.9124677552035354e-15,3.912467720389819e-15,3.912467685585719e-15,3.912467650791232e-15,3.912467616006348e-15,3.912467581231059e-15,3.912467546465363e-15,3.912467511709256e-15,3.912467476962725e-15,3.912467442225769e-15,3.912467407498383e-15,3.91246737278056e-15,3.91246733807229e-15,3.912467303373575e-15,3.912467268684402e-15,3.912467234004764e-15,3.91246719933466e-15,3.91246716467408e-15,3.91246713002302e-15,3.912467095381473e-15,3.912467060749437e-15,3.912467026126901e-15,3.9124669915138596e-15,3.91246695691031e-15,3.912466922316242e-15,3.9124668877316526e-15,3.912466853156536e-15,3.9124668185908854e-15,3.912466784034693e-15,3.912466749487957e-15,3.912466714950666e-15,3.912466680422819e-15,3.912466645904409e-15,3.912466611395426e-15,3.91246657689587e-15,3.9124665424057284e-15,3.912466507925002e-15,3.9124664734536805e-15,3.9124664389917586e-15,3.912466404539231e-15,3.912466370096092e-15,3.9124663356623364e-15,3.912466301237955e-15,3.9124662668229425e-15,3.912466232417299e-15,3.912466198021011e-15,3.912466163634077e-15,3.9124661292564885e-15,3.91246609488824e-15,3.91246606052933e-15,3.912466026179747e-15,3.912465991839483e-15,3.9124659575085416e-15,3.912465923186908e-15,3.912465888874579e-15,3.912465854571552e-15,3.9124658202778165e-15,3.91246578599337e-15,3.912465751718204e-15,3.9124657174523124e-15,3.912465683195691e-15,3.912465648948335e-15,3.912465614710238e-15,3.912465580481389e-15,3.91246554626179e-15,3.91246551205143e-15,3.912465477850303e-15,3.912465443658409e-15,3.9124654094757336e-15,3.912465375302278e-15,3.912465341138031e-15,3.912465306982988e-15,3.912465272837147e-15,3.912465238700498e-15,3.912465204573036e-15,3.912465170454755e-15,3.912465136345649e-15,3.912465102245715e-15,3.912465068154945e-15,3.912465034073332e-15,3.9124650000008705e-15,3.912464965937558e-15,3.9124649318833845e-15,3.9124648978383456e-15,3.912464863802437e-15,3.912464829775654e-15,3.9124647957579845e-15,3.9124647617494265e-15,3.912464727749974e-15,3.9124646937596216e-15,3.912464659778364e-15,3.912464625806192e-15,3.912464591843105e-15,3.9124645578890954e-15,3.912464523944154e-15,3.912464490008279e-15,3.9124644560814625e-15,3.9124644221637016e-15,3.912464388254984e-15,3.91246435435531e-15,3.912464320464673e-15,3.912464286583067e-15,3.912464252710483e-15,3.912464218846919e-15,3.912464184992366e-15,3.912464151146819e-15,3.912464117310276e-15,3.912464083482728e-15,3.912464049664169e-15,3.912464015854596e-15,3.912463982053997e-15,3.912463948262373e-15,3.912463914479714e-15,3.912463880706016e-15,3.9124638469412744e-15,3.91246381318548e-15,3.91246377943863e-15,3.912463745700719e-15,3.91246371197174e-15,3.912463678251685e-15,3.912463644540552e-15,3.912463610838333e-15,3.9124635771450215e-15,3.912463543460617e-15,3.912463509785106e-15,3.912463476118489e-15,3.912463442460757e-15,3.9124634088119075e-15,3.9124633751719305e-15,3.912463341540823e-15,3.912463307918578e-15,3.912463274305192e-15,3.912463240700655e-15,3.912463207104966e-15,3.912463173518117e-15,3.912463139940105e-15,3.912463106370919e-15,3.912463072810558e-15,3.912463039259013e-15,3.912463005716279e-15,3.912462972182353e-15,3.9124629386572285e-15,3.912462905140897e-15,3.912462871633356e-15,3.912462838134599e-15,3.912462804644617e-15,3.91246277116341e-15,3.912462737690967e-15,3.912462704227289e-15,3.912462670772362e-15,3.912462637326184e-15,3.912462603888753e-15,3.9124625704600566e-15,3.912462537040096e-15,3.912462503628859e-15,3.912462470226345e-15,3.912462436832548e-15,3.912462403447457e-15,3.912462370071072e-15,3.912462336703385e-15,3.912462303344391e-15,3.9124622699940836e-15,3.91246223665246e-15,3.9124622033195094e-15,3.912462169995232e-15,3.912462136679617e-15,3.912462103372661e-15,3.912462070074358e-15,3.9124620367847056e-15,3.9124620035036935e-15,3.91246197023132e-15,3.9124619369675754e-15,3.912461903712455e-15,3.9124618704659566e-15,3.91246183722807e-15,3.912461803998794e-15,3.912461770778119e-15,3.912461737566044e-15,3.9124617043625595e-15,3.912461671167661e-15,3.912461637981342e-15,3.912461604803601e-15,3.912461571634425e-15,3.912461538473818e-15,3.912461505321764e-15,3.912461472178267e-15,3.912461439043315e-15,3.912461405916907e-15,3.912461372799031e-15,3.912461339689686e-15,3.912461306588868e-15,3.912461273496567e-15,3.912461240412781e-15,3.9124612073375024e-15,3.912461174270727e-15,3.912461141212449e-15,3.91246110816266e-15,3.91246107512136e-15,3.9124610420885395e-15,3.9124610090641935e-15,3.9124609760483176e-15,3.912460943040904e-15,3.9124609100419496e-15,3.912460877051448e-15,3.912460844069392e-15,3.912460811095777e-15,3.912460778130602e-15,3.912460745173855e-15,3.9124607122255316e-15,3.91246067928563e-15,3.91246064635414e-15,3.912460613431062e-15,3.9124605805163824e-15,3.912460547610103e-15,3.912460514712218e-15,3.9124604818227156e-15,3.9124604489415975e-15,3.9124604160688525e-15,3.9124603832044765e-15,3.9124603503484695e-15,3.912460317500817e-15,3.912460284661519e-15,3.912460251830572e-15,3.912460219007963e-15,3.9124601861936945e-15,3.9124601533877565e-15,3.912460120590146e-15,3.912460087800854e-15,3.912460055019877e-15,3.9124600222472096e-15,3.9124599894828485e-15,3.912459956726784e-15,3.912459923979014e-15,3.912459891239533e-15,3.912459858508333e-15,3.91245982578541e-15,3.91245979307076e-15,3.912459760364373e-15,3.912459727666249e-15,3.912459694976378e-15,3.91245966229476e-15,3.912459629621384e-15,3.912459596956247e-15,3.9124595642993445e-15,3.91245953165067e-15,3.9124594990102176e-15,3.912459466377985e-15,3.912459433753959e-15,3.912459401138142e-15,3.912459368530525e-15,3.912459335931104e-15,3.912459303339876e-15,3.91245927075683e-15,3.912459238181966e-15,3.91245920561527e-15,3.912459173056745e-15,3.9124591405063854e-15,3.912459107964181e-15,3.91245907543013e-15,3.912459042904227e-15,3.912459010386466e-15,3.912458977876838e-15,3.912458945375342e-15,3.9124589128819715e-15,3.912458880396723e-15,3.9124588479195875e-15,3.91245881545056e-15,3.9124587829896376e-15,3.912458750536812e-15,3.912458718092081e-15,3.9124586856554384e-15,3.912458653226877e-15,3.912458620806394e-15,3.912458588393983e-15,3.912458555989636e-15,3.912458523593354e-15,3.912458491205126e-15,3.912458458824947e-15,3.9124584264528135e-15,3.9124583940887165e-15,3.912458361732658e-15,3.9124583293846285e-15,3.912458297044622e-15,3.912458264712631e-15,3.912458232388657e-15,3.912458200072687e-15,3.912458167764722e-15,3.912458135464752e-15,3.912458103172776e-15,3.912458070888785e-15,3.9124580386127755e-15,3.9124580063447405e-15,3.912457974084676e-15,3.912457941832578e-15,3.912457909588439e-15,3.912457877352256e-15,3.9124578451240185e-15,3.912457812903727e-15,3.912457780691376e-15,3.9124577484869554e-15,3.912457716290465e-15,3.912457684101895e-15,3.912457651921244e-15,3.9124576197485065e-15,3.912457587583674e-15,3.912457555426745e-15,3.912457523277709e-15,3.9124574911365665e-15,3.9124574590033115e-15,3.9124574268779324e-15,3.912457394760433e-15,3.9124573626508e-15,3.912457330549032e-15,3.912457298455127e-15,3.912457266369074e-15,3.91245723429087e-15,3.91245720222051e-15,3.912457170157989e-15,3.9124571381033e-15,3.912457106056441e-15,3.912457074017403e-15,3.912457041986185e-15,3.912457009962776e-15,3.912456977947178e-15,3.91245694593938e-15,3.91245691393938e-15,3.9124568819471685e-15,3.912456849962745e-15,3.912456817986103e-15,3.9124567860172364e-15,3.9124567540561384e-15,3.9124567221028084e-15,3.91245669015724e-15,3.912456658219427e-15,3.912456626289358e-15,3.912456594367037e-15,3.9124565624524545e-15,3.912456530545607e-15,3.912456498646486e-15,3.912456466755089e-15,3.91245643487141e-15,3.912456402995446e-15,3.912456371127191e-15,3.912456339266636e-15,3.9124563074137814e-15,3.912456275568619e-15,3.912456243731144e-15,3.91245621190135e-15,3.912456180079235e-15,3.9124561482647896e-15,3.9124561164580125e-15,3.9124560846588985e-15,3.912456052867439e-15,3.912456021083632e-15,3.912455989307468e-15,3.912455957538949e-15,3.912455925778066e-15,3.912455894024809e-15,3.912455862279182e-15,3.9124558305411756e-15,3.9124557988107816e-15,3.9124557670879985e-15,3.912455735372821e-15,3.912455703665242e-15,3.912455671965262e-15,3.9124556402728675e-15,3.912455608588059e-15,3.912455576910828e-15,3.912455545241174e-15,3.912455513579089e-15,3.912455481924568e-15,3.912455450277605e-15,3.912455418638195e-15,3.912455387006334e-15,3.912455355382017e-15,3.912455323765239e-15,3.912455292155994e-15,3.912455260554276e-15,3.912455228960083e-15,3.912455197373405e-15,3.912455165794243e-15,3.912455134222588e-15,3.912455102658434e-15,3.912455071101778e-15,3.9124550395526194e-15,3.912455008010943e-15,3.91245497647675e-15,3.912454944950039e-15,3.912454913430796e-15,3.91245488191902e-15,3.912454850414708e-15,3.9124548189178515e-15,3.912454787428447e-15,3.912454755946491e-15,3.912454724471978e-15,3.912454693004899e-15,3.912454661545253e-15,3.9124546300930365e-15,3.912454598648238e-15,3.9124545672108575e-15,3.91245453578089e-15,3.912454504358327e-15,3.912454472943168e-15,3.9124544415354025e-15,3.912454410135031e-15,3.912454378742047e-15,3.912454347356443e-15,3.9124543159782135e-15,3.912454284607356e-15,3.9124542532438646e-15,3.912454221887736e-15,3.912454190538963e-15,3.912454159197543e-15,3.912454127863468e-15,3.912454096536733e-15,3.9124540652173375e-15,3.912454033905271e-15,3.912454002600533e-15,3.912453971303114e-15,3.912453940013011e-15,3.91245390873022e-15,3.912453877454738e-15,3.912453846186556e-15,3.9124538149256696e-15,3.9124537836720726e-15,3.912453752425765e-15,3.9124537211867355e-15,3.9124536899549845e-15,3.9124536587305035e-15,3.912453627513289e-15,3.912453596303339e-15,3.9124535651006445e-15,3.912453533905201e-15,3.912453502717004e-15,3.91245347153605e-15,3.912453440362332e-15,3.9124534091958455e-15,3.912453378036587e-15,3.912453346884552e-15,3.912453315739728e-15,3.91245328460212e-15,3.912453253471717e-15,3.912453222348519e-15,3.912453191232517e-15,3.9124531601237046e-15,3.912453129022079e-15,3.91245309792764e-15,3.912453066840374e-15,3.912453035760282e-15,3.912453004687358e-15,3.912452973621595e-15,3.912452942562993e-15,3.912452911511541e-15,3.912452880467237e-15,3.912452849430077e-15,3.912452818400053e-15,3.9124527873771655e-15,3.912452756361404e-15,3.9124527253527646e-15,3.912452694351247e-15,3.912452663356844e-15,3.9124526323695475e-15,3.912452601389355e-15,3.91245257041626e-15,3.912452539450261e-15,3.912452508491349e-15,3.912452477539521e-15,3.912452446594772e-15,3.9124524156571e-15,3.912452384726497e-15,3.912452353802958e-15,3.912452322886478e-15,3.912452291977054e-15,3.912452261074681e-15,3.9124522301793526e-15,3.912452199291063e-15,3.9124521684098105e-15,3.912452137535588e-15,3.912452106668391e-15,3.912452075808215e-15,3.912452044955054e-15,3.912452014108906e-15,3.912451983269763e-15,3.912451952437622e-15,3.912451921612477e-15,3.9124518907943265e-15,3.912451859983161e-15,3.912451829178979e-15,3.9124517983817745e-15,3.912451767591539e-15,3.9124517368082755e-15,3.912451706031971e-15,3.912451675262627e-15,3.912451644500235e-15,3.912451613744794e-15,3.912451582996293e-15,3.912451552254733e-15,3.912451521520106e-15,3.912451490792409e-15,3.912451460071637e-15,3.912451429357782e-15,3.9124513986508424e-15,3.912451367950816e-15,3.9124513372576896e-15,3.912451306571469e-15,3.912451275892144e-15,3.912451245219708e-15,3.912451214554158e-15,3.912451183895493e-15,3.9124511532437e-15,3.9124511225987805e-15,3.9124510919607245e-15,3.912451061329533e-15,3.912451030705198e-15,3.912451000087715e-15,3.91245096947708e-15,3.912450938873287e-15,3.912450908276335e-15,3.912450877686221e-15,3.91245084710293e-15,3.9124508165264645e-15,3.912450785956816e-15,3.912450755393982e-15,3.912450724837959e-15,3.91245069428874e-15,3.912450663746321e-15,3.912450633210699e-15,3.9124506026818665e-15,3.912450572159821e-15,3.912450541644555e-15,3.912450511136067e-15,3.912450480634349e-15,3.9124504501393994e-15,3.9124504196512105e-15,3.912450389169782e-15,3.912450358695107e-15,3.912450328227181e-15,3.9124502977659955e-15,3.9124502673115485e-15,3.9124502368638344e-15,3.912450206422854e-15,3.912450175988594e-15,3.912450145561058e-15,3.912450115140233e-15,3.912450084726122e-15,3.912450054318716e-15,3.912450023918011e-15,3.912449993524004e-15,3.912449963136686e-15,3.9124499327560575e-15,3.9124499023821106e-15,3.912449872014841e-15,3.912449841654245e-15,3.912449811300317e-15,3.912449780953051e-15,3.912449750612446e-15,3.9124497202784955e-15,3.9124496899511955e-15,3.9124496596305385e-15,3.9124496293165214e-15,3.9124495990091426e-15,3.912449568708395e-15,3.9124495384142704e-15,3.912449508126769e-15,3.912449477845887e-15,3.912449447571613e-15,3.912449417303948e-15,3.912449387042889e-15,3.912449356788426e-15,3.912449326540549e-15,3.912449296299272e-15,3.9124492660645694e-15,3.9124492358364584e-15,3.9124492056149155e-15,3.912449175399944e-15,3.9124491451915394e-15,3.9124491149897e-15,3.912449084794404e-15,3.912449054605669e-15,3.9124490244234784e-15,3.91244899424784e-15,3.912448964078722e-15,3.912448933916159e-15,3.912448903760121e-15,3.912448873610608e-15,3.912448843467602e-15,3.912448813331118e-15,3.912448783201153e-15,3.912448753077687e-15,3.91244872296071e-15,3.912448692850242e-15,3.912448662746266e-15,3.912448632648776e-15,3.912448602557768e-15,3.9124485724732345e-15,3.912448542395186e-15,3.912448512323607e-15,3.9124484822584916e-15,3.912448452199837e-15,3.912448422147637e-15,3.9124483921018885e-15,3.912448362062586e-15,3.912448332029725e-15,3.9124483020033014e-15,3.9124482719833085e-15,3.912448241969749e-15,3.912448211962611e-15,3.912448181961891e-15,3.912448151967588e-15,3.912448121979694e-15,3.912448091998205e-15,3.912448062023117e-15,3.912448032054424e-15,3.912448002092125e-15,3.912447972136215e-15,3.912447942186685e-15,3.9124479122435325e-15,3.912447882306756e-15,3.912447852376348e-15,3.912447822452305e-15,3.912447792534622e-15,3.9124477626232926e-15,3.912447732718318e-15,3.912447702819688e-15,3.912447672927399e-15,3.91244764304145e-15,3.912447613161833e-15,3.912447583288545e-15,3.91244755342158e-15,3.912447523560937e-15,3.912447493706605e-15,3.912447463858585e-15,3.912447434016872e-15,3.9124474041814625e-15,3.912447374352347e-15,3.912447344529526e-15,3.912447314712995e-15,3.9124472849027425e-15,3.912447255098772e-15,3.912447225301076e-15,3.912447195509651e-15,3.91244716572449e-15,3.912447135945591e-15,3.912447106172949e-15,3.912447076406561e-15,3.912447046646417e-15,3.912447016892517e-15,3.912446987144859e-15,3.91244695740343e-15,3.912446927668233e-15,3.91244689793927e-15,3.912446868216515e-15,3.912446838499979e-15,3.912446808789651e-15,3.912446779085538e-15,3.9124467493876275e-15,3.912446719695914e-15,3.912446690010391e-15,3.9124466603310665e-15,3.912446630657919e-15,3.91244660099096e-15,3.9124465713301754e-15,3.912446541675564e-15,3.91244651202712e-15,3.9124464823848336e-15,3.9124464527487114e-15,3.9124464231187456e-15,3.912446393494934e-15,3.912446363877259e-15,3.912446334265732e-15,3.912446304660335e-15,3.9124462750610766e-15,3.912446245467946e-15,3.912446215880937e-15,3.912446186300052e-15,3.9124461567252765e-15,3.912446127156615e-15,3.912446097594057e-15,3.9124460680376034e-15,3.912446038487245e-15,3.912446008942981e-15,3.9124459794048035e-15,3.912445949872711e-15,3.912445920346698e-15,3.912445890826761e-15,3.912445861312895e-15,3.912445831805093e-15,3.912445802303357e-15,3.912445772807676e-15,3.912445743318052e-15,3.912445713834474e-15,3.912445684356943e-15,3.912445654885452e-15,3.912445625419997e-15,3.912445595960571e-15,3.9124455665071755e-15,3.912445537059801e-15,3.912445507618447e-15,3.9124454781831065e-15,3.912445448753777e-15,3.912445419330451e-15,3.912445389913127e-15,3.912445360501799e-15,3.912445331096466e-15,3.912445301697121e-15,3.912445272303759e-15,3.912445242916376e-15,3.912445213534969e-15,3.912445184159534e-15,3.912445154790063e-15,3.912445125426556e-15,3.912445096069008e-15,3.912445066717413e-15,3.912445037371768e-15,3.912445008032068e-15,3.912444978698307e-15,3.9124449493704835e-15,3.912444920048591e-15,3.912444890732627e-15,3.912444861422585e-15,3.912444832118465e-15,3.9124448028202575e-15,3.912444773527961e-15,3.91244474424157e-15,3.912444714961085e-15,3.9124446856864944e-15,3.912444656417798e-15,3.912444627154992e-15,3.91244459789807e-15,3.91244456864703e-15,3.912444539401866e-15,3.9124445101625725e-15,3.9124444809291465e-15,3.912444451701586e-15,3.912444422479882e-15,3.912444393264036e-15,3.912444364054041e-15,3.9124443348498886e-15,3.912444305651582e-15,3.9124442764591104e-15,3.912444247272476e-15,3.9124442180916675e-15,3.912444188916685e-15,3.9124441597475244e-15,3.912444130584182e-15,3.91244410142665e-15,3.9124440722749275e-15,3.9124440431290075e-15,3.912444013988888e-15,3.912443984854565e-15,3.9124439557260315e-15,3.912443926603284e-15,3.9124438974863225e-15,3.912443868375137e-15,3.912443839269728e-15,3.912443810170087e-15,3.912443781076215e-15,3.9124437519881025e-15,3.912443722905747e-15,3.912443693829146e-15,3.912443664758293e-15,3.9124436356931865e-15,3.91244360663382e-15,3.912443577580188e-15,3.91244354853229e-15,3.91244351949012e-15,3.912443490453674e-15,3.9124434614229476e-15,3.912443432397936e-15,3.9124434033786356e-15,3.9124433743650446e-15,3.912443345357155e-15,3.9124433163549636e-15,3.912443287358466e-15,3.91244325836766e-15,3.9124432293825415e-15,3.912443200403103e-15,3.912443171429343e-15,3.912443142461254e-15,3.912443113498838e-15,3.912443084542089e-15,3.9124430555909976e-15,3.912443026645563e-15,3.912442997705781e-15,3.91244296877165e-15,3.912442939843161e-15,3.912442910920315e-15,3.912442882003102e-15,3.912442853091525e-15,3.9124428241855725e-15,3.912442795285246e-15,3.912442766390537e-15,3.912442737501445e-15,3.912442708617965e-15,3.9124426797400905e-15,3.912442650867821e-15,3.912442622001148e-15,3.91244259314007e-15,3.912442564284585e-15,3.912442535434684e-15,3.912442506590366e-15,3.912442477751628e-15,3.912442448918463e-15,3.9124424200908686e-15,3.912442391268839e-15,3.912442362452372e-15,3.912442333641464e-15,3.912442304836106e-15,3.912442276036301e-15,3.91244224724204e-15,3.912442218453319e-15,3.9124421896701375e-15,3.912442160892486e-15,3.912442132120365e-15,3.912442103353773e-15,3.9124420745926975e-15,3.91244204583714e-15,3.9124420170870946e-15,3.912441988342557e-15,3.9124419596035246e-15,3.9124419308699935e-15,3.912441902141959e-15,3.9124418734194144e-15,3.912441844702359e-15,3.912441815990786e-15,3.9124417872846924e-15,3.912441758584078e-15,3.912441729888936e-15,3.91244170119926e-15,3.9124416725150485e-15,3.912441643836295e-15,3.912441615163e-15,3.9124415864951555e-15,3.9124415578327575e-15,3.912441529175802e-15,3.9124415005242894e-15,3.9124414718782075e-15,3.912441443237561e-15,3.912441414602341e-15,3.912441385972541e-15,3.912441357348162e-15,3.9124413287291994e-15,3.912441300115647e-15,3.912441271507504e-15,3.912441242904759e-15,3.912441214307418e-15,3.9124411857154715e-15,3.912441157128918e-15,3.9124411285477464e-15,3.91244109997196e-15,3.912441071401551e-15,3.912441042836519e-15,3.912441014276856e-15,3.912440985722563e-15,3.9124409571736304e-15,3.912440928630058e-15,3.912440900091839e-15,3.912440871558974e-15,3.912440843031453e-15,3.912440814509273e-15,3.912440785992437e-15,3.912440757480933e-15,3.912440728974763e-15,3.912440700473918e-15,3.9124406719783945e-15,3.912440643488191e-15,3.912440615003302e-15,3.912440586523723e-15,3.912440558049453e-15,3.9124405295804846e-15,3.9124405011168165e-15,3.912440472658442e-15,3.912440444205361e-15,3.912440415757564e-15,3.9124403873150504e-15,3.912440358877819e-15,3.912440330445861e-15,3.912440302019174e-15,3.9124402735977564e-15,3.9124402451816006e-15,3.9124402167707025e-15,3.912440188365063e-15,3.9124401599646725e-15,3.912440131569532e-15,3.912440103179633e-15,3.912440074794976e-15,3.912440046415552e-15,3.912440018041363e-15,3.9124399896723996e-15,3.9124399613086604e-15,3.912439932950141e-15,3.912439904596836e-15,3.9124398762487465e-15,3.912439847905865e-15,3.912439819568184e-15,3.9124397912357066e-15,3.912439762908425e-15,3.912439734586335e-15,3.912439706269436e-15,3.912439677957721e-15,3.912439649651184e-15,3.912439621349829e-15,3.912439593053642e-15,3.9124395647626264e-15,3.912439536476776e-15,3.9124395081960875e-15,3.912439479920554e-15,3.912439451650175e-15,3.912439423384946e-15,3.912439395124862e-15,3.912439366869922e-15,3.912439338620124e-15,3.912439310375456e-15,3.912439282135913e-15,3.9124392539015036e-15,3.912439225672215e-15,3.91243919744804e-15,3.912439169228984e-15,3.9124391410150355e-15,3.9124391128061955e-15,3.912439084602457e-15,3.912439056403819e-15,3.9124390282102784e-15,3.912439000021827e-15,3.912438971838462e-15,3.912438943660184e-15,3.91243891548698e-15,3.912438887318859e-15,3.912438859155807e-15,3.912438830997826e-15,3.9124388028449065e-15,3.91243877469705e-15,3.9124387465542504e-15,3.9124387184164986e-15,3.912438690283802e-15,3.912438662156148e-15,3.912438634033534e-15,3.9124386059159594e-15,3.9124385778034164e-15,3.912438549695901e-15,3.912438521593416e-15,3.912438493495953e-15,3.9124384654034996e-15,3.912438437316076e-15,3.912438409233652e-15,3.912438381156241e-15,3.912438353083834e-15,3.912438325016421e-15,3.912438296954004e-15,3.912438268896578e-15,3.912438240844137e-15,3.9124382127966835e-15,3.91243818475421e-15,3.912438156716714e-15,3.912438128684191e-15,3.912438100656636e-15,3.912438072634044e-15,3.912438044616412e-15,3.91243801660374e-15,3.912437988596018e-15,3.912437960593251e-15,3.9124379325954255e-15,3.912437904602547e-15,3.912437876614605e-15,3.9124378486315974e-15,3.912437820653524e-15,3.912437792680375e-15,3.912437764712146e-15,3.9124377367488405e-15,3.912437708790452e-15,3.912437680836972e-15,3.912437652888401e-15,3.9124376249447385e-15,3.912437597005974e-15,3.9124375690721045e-15,3.912437541143132e-15,3.9124375132190445e-15,3.912437485299846e-15,3.912437457385529e-15,3.912437429476089e-15,3.912437401571525e-15,3.912437373671833e-15,3.912437345777005e-15,3.9124373178870414e-15,3.912437290001937e-15,3.9124372621216886e-15,3.912437234246293e-15,3.912437206375746e-15,3.91243717851004e-15,3.9124371506491795e-15,3.912437122793154e-15,3.912437094941963e-15,3.9124370670956e-15,3.912437039254063e-15,3.9124370114173494e-15,3.912436983585452e-15,3.912436955758373e-15,3.9124369279361015e-15,3.912436900118641e-15,3.912436872305983e-15,3.9124368444981234e-15,3.912436816695062e-15,3.912436788896791e-15,3.912436761103313e-15,3.9124367333146175e-15,3.912436705530701e-15,3.9124366777515665e-15,3.912436649977204e-15,3.912436622207612e-15,3.912436594442787e-15,3.912436566682724e-15,3.9124365389274205e-15,3.912436511176874e-15,3.912436483431078e-15,3.91243645569003e-15,3.912436427953728e-15,3.912436400222165e-15,3.912436372495342e-15,3.9124363447732514e-15,3.9124363170558914e-15,3.912436289343255e-15,3.912436261635343e-15,3.912436233932148e-15,3.9124362062336704e-15,3.912436178539905e-15,3.9124361508508465e-15,3.9124361231664924e-15,3.91243609548684e-15,3.912436067811884e-15,3.912436040141618e-15,3.9124360124760435e-15,3.912435984815156e-15,3.91243595715895e-15,3.912435929507423e-15,3.91243590186057e-15,3.912435874218392e-15,3.91243584658088e-15,3.9124358189480304e-15,3.912435791319844e-15,3.912435763696312e-15,3.912435736077436e-15,3.912435708463207e-15,3.912435680853625e-15,3.912435653248683e-15,3.912435625648384e-15,3.912435598052719e-15,3.912435570461685e-15,3.9124355428752806e-15,3.9124355152934974e-15,3.912435487716336e-15,3.912435460143793e-15,3.912435432575862e-15,3.912435405012542e-15,3.912435377453828e-15,3.912435349899717e-15,3.912435322350204e-15,3.912435294805287e-15,3.91243526726496e-15,3.912435239729225e-15,3.912435212198074e-15,3.912435184671502e-15,3.912435157149507e-15,3.91243512963209e-15,3.91243510211924e-15,3.912435074610959e-15,3.91243504710724e-15,3.9124350196080815e-15,3.9124349921134785e-15,3.912434964623427e-15,3.912434937137926e-15,3.9124349096569704e-15,3.912434882180556e-15,3.912434854708682e-15,3.91243482724134e-15,3.912434799778529e-15,3.9124347723202485e-15,3.912434744866488e-15,3.912434717417251e-15,3.912434689972531e-15,3.912434662532322e-15,3.912434635096626e-15,3.912434607665435e-15,3.912434580238745e-15,3.912434552816558e-15,3.912434525398864e-15,3.9124344979856606e-15,3.912434470576949e-15,3.912434443172722e-15,3.9124344157729736e-15,3.9124343883777055e-15,3.912434360986912e-15,3.912434333600589e-15,3.912434306218731e-15,3.9124342788413404e-15,3.912434251468406e-15,3.9124342240999306e-15,3.912434196735909e-15,3.912434169376336e-15,3.912434142021209e-15,3.912434114670527e-15,3.912434087324283e-15,3.9124340599824735e-15,3.912434032645097e-15,3.91243400531215e-15,3.912433977983627e-15,3.912433950659527e-15,3.9124339233398434e-15,3.912433896024574e-15,3.912433868713719e-15,3.91243384140727e-15,3.912433814105224e-15,3.9124337868075806e-15,3.912433759514333e-15,3.912433732225477e-15,3.912433704941014e-15,3.912433677660939e-15,3.9124336503852454e-15,3.9124336231139335e-15,3.912433595846996e-15,3.9124335685844314e-15,3.912433541326238e-15,3.912433514072408e-15,3.912433486822944e-15,3.912433459577835e-15,3.912433432337083e-15,3.9124334051006844e-15,3.912433377868633e-15,3.912433350640928e-15,3.912433323417563e-15,3.912433296198538e-15,3.912433268983845e-15,3.912433241773486e-15,3.912433214567455e-15,3.912433187365748e-15,3.91243316016836e-15,3.912433132975292e-15,3.912433105786537e-15,3.912433078602092e-15,3.9124330514219555e-15,3.912433024246121e-15,3.912432997074589e-15,3.9124329699073505e-15,3.912432942744409e-15,3.9124329155857574e-15,3.912432888431391e-15,3.912432861281309e-15,3.912432834135507e-15,3.912432806993981e-15,3.9124327798567285e-15,3.912432752723745e-15,3.912432725595026e-15,3.912432698470569e-15,3.912432671350374e-15,3.912432644234433e-15,3.9124326171227465e-15,3.91243259001531e-15,3.912432562912116e-15,3.912432535813165e-15,3.912432508718453e-15,3.912432481627976e-15,3.91243245454173e-15,3.912432427459714e-15,3.912432400381923e-15,3.912432373308355e-15,3.9124323462390046e-15,3.912432319173868e-15,3.912432292112946e-15,3.912432265056229e-15,3.91243223800372e-15,3.91243221095541e-15,3.9124321839113025e-15,3.912432156871386e-15,3.912432129835665e-15,3.9124321028041275e-15,3.912432075776776e-15,3.912432048753606e-15,3.912432021734617e-15,3.9124319947198005e-15,3.9124319677091534e-15,3.912431940702673e-15,3.9124319137003596e-15,3.9124318867022064e-15,3.912431859708212e-15,3.912431832718373e-15,3.912431805732683e-15,3.912431778751142e-15,3.912431751773747e-15,3.91243172480049e-15,3.912431697831375e-15,3.912431670866391e-15,3.912431643905537e-15,3.912431616948816e-15,3.912431589996217e-15,3.912431563047739e-15,3.9124315361033775e-15,3.9124315091631315e-15,3.912431482226995e-15,3.912431455294967e-15,3.912431428367044e-15,3.9124314014432195e-15,3.912431374523497e-15,3.9124313476078686e-15,3.91243132069633e-15,3.912431293788879e-15,3.912431266885508e-15,3.912431239986218e-15,3.9124312130910096e-15,3.912431186199876e-15,3.912431159312814e-15,3.9124311324298195e-15,3.912431105550893e-15,3.9124310786760265e-15,3.91243105180522e-15,3.912431024938467e-15,3.912430998075764e-15,3.912430971217109e-15,3.9124309443625e-15,3.91243091751193e-15,3.9124308906654036e-15,3.912430863822909e-15,3.912430836984447e-15,3.912430810150013e-15,3.9124307833196066e-15,3.912430756493218e-15,3.912430729670847e-15,3.9124307028524905e-15,3.91243067603815e-15,3.912430649227818e-15,3.912430622421489e-15,3.9124305956191645e-15,3.912430568820837e-15,3.912430542026507e-15,3.912430515236167e-15,3.912430488449818e-15,3.912430461667454e-15,3.9124304348890746e-15,3.912430408114674e-15,3.912430381344249e-15,3.9124303545777964e-15,3.912430327815313e-15,3.912430301056796e-15,3.912430274302243e-15,3.912430247551652e-15,3.9124302208050155e-15,3.912430194062332e-15,3.9124301673235996e-15,3.912430140588813e-15,3.91243011385797e-15,3.912430087131069e-15,3.912430060408105e-15,3.912430033689075e-15,3.912430006973976e-15,3.912429980262804e-15,3.912429953555554e-15,3.912429926852227e-15,3.912429900152819e-15,3.9124298734573245e-15,3.912429846765743e-15,3.912429820078071e-15,3.912429793394302e-15,3.912429766714434e-15,3.912429740038464e-15,3.912429713366389e-15,3.912429686698208e-15,3.912429660033915e-15,3.912429633373509e-15,3.912429606716987e-15,3.912429580064342e-15,3.912429553415575e-15,3.912429526770681e-15,3.912429500129655e-15,3.9124294734924975e-15,3.912429446859202e-15,3.912429420229768e-15,3.912429393604189e-15,3.912429366982466e-15,3.912429340364591e-15,3.912429313750568e-15,3.912429287140386e-15,3.912429260534046e-15,3.912429233931542e-15,3.912429207332876e-15,3.912429180738039e-15,3.9124291541470304e-15,3.91242912755985e-15,3.91242910097649e-15,3.912429074396949e-15,3.912429047821223e-15,3.912429021249312e-15,3.912428994681208e-15,3.9124289681169115e-15,3.912428941556416e-15,3.912428914999724e-15,3.912428888446827e-15,3.912428861897722e-15,3.9124288353524115e-15,3.912428808810886e-15,3.912428782273145e-15,3.912428755739185e-15,3.912428729209007e-15,3.9124287026825994e-15,3.9124286761599645e-15,3.9124286496411e-15,3.9124286231259984e-15,3.912428596614662e-15,3.912428570107081e-15,3.912428543603256e-15,3.9124285171031874e-15,3.9124284906068666e-15,3.912428464114294e-15,3.912428437625462e-15,3.912428411140373e-15,3.912428384659021e-15,3.912428358181404e-15,3.9124283317075185e-15,3.912428305237358e-15,3.912428278770923e-15,3.9124282523082124e-15,3.912428225849217e-15,3.91242819939394e-15,3.9124281729423745e-15,3.912428146494517e-15,3.912428120050369e-15,3.9124280936099205e-15,3.912428067173175e-15,3.9124280407401234e-15,3.912428014310766e-15,3.912427987885102e-15,3.912427961463122e-15,3.912427935044828e-15,3.912427908630216e-15,3.912427882219283e-15,3.912427855812023e-15,3.91242782940844e-15,3.912427803008521e-15,3.91242777661227e-15,3.9124277502196835e-15,3.912427723830757e-15,3.912427697445486e-15,3.912427671063866e-15,3.912427644685899e-15,3.912427618311581e-15,3.912427591940908e-15,3.912427565573874e-15,3.912427539210481e-15,3.912427512850723e-15,3.912427486494597e-15,3.9124274601421015e-15,3.91242743379323e-15,3.912427407447981e-15,3.912427381106354e-15,3.912427354768339e-15,3.912427328433942e-15,3.912427302103157e-15,3.912427275775977e-15,3.912427249452405e-15,3.912427223132435e-15,3.912427196816063e-15,3.912427170503286e-15,3.912427144194104e-15,3.912427117888508e-15,3.9124270915865e-15,3.912427065288077e-15,3.912427038993234e-15,3.9124270127019694e-15,3.912426986414277e-15,3.9124269601301574e-15,3.912426933849606e-15,3.912426907572623e-15,3.912426881299198e-15,3.912426855029337e-15,3.912426828763032e-15,3.912426802500278e-15,3.912426776241076e-15,3.91242674998542e-15,3.912426723733307e-15,3.9124266974847385e-15,3.912426671239708e-15,3.9124266449982095e-15,3.912426618760245e-15,3.9124265925258105e-15,3.912426566294904e-15,3.912426540067519e-15,3.912426513843656e-15,3.912426487623307e-15,3.912426461406473e-15,3.9124264351931536e-15,3.912426408983339e-15,3.9124263827770304e-15,3.912426356574227e-15,3.91242633037492e-15,3.91242630417911e-15,3.9124262779867925e-15,3.912426251797968e-15,3.9124262256126304e-15,3.912426199430776e-15,3.912426173252404e-15,3.9124261470775136e-15,3.9124261209060946e-15,3.912426094738152e-15,3.912426068573674e-15,3.912426042412668e-15,3.912426016255121e-15,3.912425990101038e-15,3.912425963950413e-15,3.9124259378032404e-15,3.912425911659523e-15,3.9124258855192546e-15,3.9124258593824295e-15,3.912425833249049e-15,3.912425807119109e-15,3.912425780992604e-15,3.912425754869534e-15,3.912425728749899e-15,3.9124257026336874e-15,3.912425676520904e-15,3.912425650411544e-15,3.912425624305602e-15,3.912425598203078e-15,3.912425572103967e-15,3.912425546008266e-15,3.912425519915974e-15,3.912425493827087e-15,3.912425467741601e-15,3.912425441659514e-15,3.9124254155808245e-15,3.912425389505527e-15,3.91242536343362e-15,3.912425337365102e-15,3.912425311299965e-15,3.9124252852382135e-15,3.912425259179838e-15,3.9124252331248386e-15,3.912425207073209e-15,3.912425181024952e-15,3.9124251549800636e-15,3.9124251289385344e-15,3.9124251029003714e-15,3.912425076865566e-15,3.912425050834115e-15,3.9124250248060164e-15,3.912424998781268e-15,3.912424972759867e-15,3.912424946741808e-15,3.912424920727093e-15,3.91242489471571e-15,3.912424868707665e-15,3.91242484270295e-15,3.912424816701564e-15,3.9124247907035074e-15,3.912424764708776e-15,3.9124247387173655e-15,3.9124247127292715e-15,3.9124246867444915e-15,3.912424660763025e-15,3.912424634784869e-15,3.9124246088100165e-15,3.9124245828384696e-15,3.912424556870222e-15,3.912424530905273e-15,3.912424504943619e-15,3.912424478985255e-15,3.912424453030183e-15,3.912424427078394e-15,3.912424401129892e-15,3.912424375184669e-15,3.912424349242724e-15,3.912424323304054e-15,3.9124242973686564e-15,3.912424271436529e-15,3.912424245507665e-15,3.912424219582067e-15,3.912424193659727e-15,3.912424167740648e-15,3.912424141824823e-15,3.912424115912248e-15,3.912424090002925e-15,3.912424064096846e-15,3.912424038194012e-15,3.912424012294418e-15,3.912423986398061e-15,3.912423960504936e-15,3.9124239346150476e-15,3.912423908728386e-15,3.912423882844953e-15,3.912423856964743e-15,3.912423831087753e-15,3.91242380521398e-15,3.912423779343423e-15,3.912423753476078e-15,3.9124237276119436e-15,3.912423701751016e-15,3.912423675893291e-15,3.912423650038771e-15,3.912423624187446e-15,3.912423598339321e-15,3.912423572494384e-15,3.91242354665264e-15,3.912423520814084e-15,3.912423494978709e-15,3.912423469146519e-15,3.912423443317506e-15,3.9124234174916684e-15,3.912423391669005e-15,3.912423365849513e-15,3.912423340033188e-15,3.912423314220026e-15,3.91242328841003e-15,3.912423262603193e-15,3.912423236799514e-15,3.912423210998987e-15,3.912423185201612e-15,3.912423159407386e-15,3.912423133616303e-15,3.912423107828365e-15,3.9124230820435655e-15,3.912423056261901e-15,3.912423030483371e-15,3.9124230047079756e-15,3.912422978935707e-15,3.912422953166566e-15,3.9124229274005456e-15,3.912422901637648e-15,3.9124228758778634e-15,3.9124228501212e-15,3.912422824367646e-15,3.9124227986172034e-15,3.912422772869865e-15,3.9124227471256315e-15,3.9124227213844975e-15,3.912422695646464e-15,3.912422669911525e-15,3.9124226441796794e-15,3.9124226184509234e-15,3.912422592725254e-15,3.912422567002672e-15,3.912422541283169e-15,3.9124225155667486e-15,3.912422489853403e-15,3.912422464143132e-15,3.912422438435931e-15,3.912422412731797e-15,3.912422387030731e-15,3.912422361332727e-15,3.9124223356377816e-15,3.9124223099458946e-15,3.91242228425706e-15,3.9124222585712784e-15,3.912422232888546e-15,3.9124222072088604e-15,3.912422181532221e-15,3.9124221558586185e-15,3.912422130188057e-15,3.912422104520531e-15,3.912422078856033e-15,3.912422053194571e-15,3.912422027536134e-15,3.912422001880723e-15,3.9124219762283355e-15,3.912421950578965e-15,3.91242192493261e-15,3.912421899289273e-15,3.912421873648944e-15,3.912421848011626e-15,3.91242182237731e-15,3.912421796746e-15,3.9124217711176876e-15,3.9124217454923765e-15,3.91242171987006e-15,3.9124216942507354e-15,3.912421668634401e-15,3.912421643021053e-15,3.912421617410689e-15,3.912421591803304e-15,3.9124215661989e-15,3.912421540597473e-15,3.9124215149990205e-15,3.91242148940354e-15,3.9124214638110244e-15,3.912421438221476e-15,3.912421412634891e-15,3.912421387051267e-15,3.912421361470599e-15,3.9124213358928875e-15,3.912421310318127e-15,3.912421284746313e-15,3.9124212591774496e-15,3.912421233611527e-15,3.912421208048549e-15,3.912421182488508e-15,3.9124211569314056e-15,3.912421131377243e-15,3.912421105826003e-15,3.912421080277691e-15,3.912421054732308e-15,3.912421029189846e-15,3.912421003650304e-15,3.912420978113683e-15,3.912420952579973e-15,3.912420927049178e-15,3.912420901521292e-15,3.912420875996314e-15,3.912420850474241e-15,3.912420824955067e-15,3.912420799438795e-15,3.91242077392542e-15,3.9124207484149375e-15,3.912420722907347e-15,3.912420697402645e-15,3.91242067190083e-15,3.912420646401901e-15,3.9124206209058494e-15,3.912420595412676e-15,3.91242056992238e-15,3.912420544434955e-15,3.9124205189504e-15,3.912420493468712e-15,3.912420467989892e-15,3.912420442513934e-15,3.912420417040835e-15,3.912420391570596e-15,3.912420366103208e-15,3.912420340638675e-15,3.912420315176991e-15,3.912420289718152e-15,3.912420264262158e-15,3.912420238809005e-15,3.912420213358693e-15,3.912420187911217e-15,3.912420162466573e-15,3.9124201370247635e-15,3.912420111585781e-15,3.912420086149624e-15,3.912420060716292e-15,3.9124200352857804e-15,3.9124200098580884e-15,3.9124199844332095e-15,3.912419959011145e-15,3.912419933591891e-15,3.9124199081754466e-15,3.912419882761809e-15,3.912419857350972e-15,3.912419831942936e-15,3.912419806537698e-15,3.9124197811352535e-15,3.9124197557356055e-15,3.912419730338747e-15,3.912419704944675e-15,3.912419679553384e-15,3.912419654164877e-15,3.91241962877915e-15,3.9124196033962015e-15,3.912419578016025e-15,3.912419552638624e-15,3.9124195272639904e-15,3.912419501892124e-15,3.9124194765230244e-15,3.912419451156682e-15,3.912419425793099e-15,3.912419400432274e-15,3.912419375074206e-15,3.9124193497188885e-15,3.912419324366319e-15,3.912419299016492e-15,3.912419273669414e-15,3.912419248325076e-15,3.9124192229834805e-15,3.912419197644621e-15,3.912419172308492e-15,3.912419146975096e-15,3.91241912164443e-15,3.912419096316491e-15,3.912419070991276e-15,3.91241904566878e-15,3.912419020349005e-15,3.912418995031943e-15,3.9124189697175964e-15,3.912418944405961e-15,3.912418919097035e-15,3.912418893790813e-15,3.912418868487297e-15,3.912418843186482e-15,3.912418817888364e-15,3.912418792592945e-15,3.912418767300216e-15,3.912418742010178e-15,3.912418716722831e-15,3.912418691438168e-15,3.912418666156189e-15,3.9124186408768915e-15,3.912418615600269e-15,3.91241859032633e-15,3.9124185650550625e-15,3.912418539786464e-15,3.912418514520533e-15,3.912418489257266e-15,3.912418463996665e-15,3.912418438738725e-15,3.912418413483442e-15,3.9124183882308186e-15,3.912418362980847e-15,3.9124183377335246e-15,3.912418312488853e-15,3.9124182872468195e-15,3.912418262007444e-15,3.912418236770703e-15,3.9124182115366e-15,3.912418186305134e-15,3.912418161076301e-15,3.912418135850099e-15,3.912418110626527e-15,3.912418085405581e-15,3.912418060187257e-15,3.912418034971557e-15,3.9124180097584746e-15,3.9124179845480065e-15,3.912417959340155e-15,3.912417934134915e-15,3.912417908932282e-15,3.912417883732256e-15,3.9124178585348354e-15,3.912417833340013e-15,3.912417808147791e-15,3.9124177829581694e-15,3.912417757771143e-15,3.912417732586707e-15,3.91241770740486e-15,3.912417682225598e-15,3.912417657048922e-15,3.912417631874826e-15,3.91241760670331e-15,3.912417581534374e-15,3.912417556368011e-15,3.91241753120422e-15,3.912417506042999e-15,3.912417480884345e-15,3.912417455728258e-15,3.912417430574731e-15,3.912417405423766e-15,3.912417380275355e-15,3.912417355129504e-15,3.912417329986202e-15,3.912417304845453e-15,3.912417279707252e-15,3.912417254571594e-15,3.912417229438481e-15,3.912417204307908e-15,3.912417179179872e-15,3.9124171540543746e-15,3.912417128931409e-15,3.912417103810976e-15,3.912417078693069e-15,3.9124170535776936e-15,3.912417028464838e-15,3.912417003354503e-15,3.912416978246688e-15,3.9124169531413904e-15,3.912416928038606e-15,3.912416902938333e-15,3.912416877840571e-15,3.912416852745314e-15,3.912416827652561e-15,3.912416802562312e-15,3.912416777474562e-15,3.912416752389309e-15,3.91241672730655e-15,3.9124167022262865e-15,3.912416677148511e-15,3.9124166520732255e-15,3.9124166270004215e-15,3.912416601930102e-15,3.912416576862266e-15,3.9124165517969064e-15,3.912416526734023e-15,3.912416501673612e-15,3.9124164766156735e-15,3.912416451560205e-15,3.9124164265072004e-15,3.912416401456659e-15,3.912416376408583e-15,3.912416351362967e-15,3.912416326319803e-15,3.912416301279096e-15,3.9124162762408384e-15,3.9124162512050344e-15,3.912416226171673e-15,3.9124162011407596e-15,3.912416176112291e-15,3.912416151086261e-15,3.9124161260626695e-15,3.912416101041512e-15,3.9124160760227926e-15,3.9124160510065e-15,3.9124160259926376e-15,3.9124160009812e-15,3.912415975972184e-15,3.91241595096559e-15,3.91241592596142e-15,3.912415900959664e-15,3.912415875960321e-15,3.9124158509633906e-15,3.912415825968871e-15,3.912415800976759e-15,3.912415775987051e-15,3.912415750999749e-15,3.912415726014845e-15,3.912415701032339e-15,3.91241567605223e-15,3.912415651074512e-15,3.9124156260991836e-15,3.912415601126246e-15,3.9124155761556944e-15,3.912415551187528e-15,3.912415526221744e-15,3.912415501258338e-15,3.9124154762973115e-15,3.9124154513386565e-15,3.912415426382377e-15,3.912415401428465e-15,3.912415376476922e-15,3.912415351527745e-15,3.9124153265809315e-15,3.912415301636479e-15,3.912415276694385e-15,3.9124152517546466e-15,3.912415226817261e-15,3.9124152018822314e-15,3.912415176949547e-15,3.912415152019209e-15,3.912415127091217e-15,3.912415102165567e-15,3.912415077242258e-15,3.912415052321289e-15,3.912415027402654e-15,3.912415002486351e-15,3.9124149775723814e-15,3.9124149526607386e-15,3.912414927751424e-15,3.912414902844432e-15,3.91241487793976e-15,3.912414853037413e-15,3.912414828137382e-15,3.912414803239663e-15,3.912414778344259e-15,3.912414753451164e-15,3.912414728560377e-15,3.912414703671895e-15,3.91241467878572e-15,3.912414653901843e-15,3.912414629020269e-15,3.912414604140989e-15,3.912414579264003e-15,3.912414554389311e-15,3.912414529516906e-15,3.912414504646791e-15,3.9124144797789596e-15,3.91241445491341e-15,3.912414430050145e-15,3.912414405189157e-15,3.9124143803304436e-15,3.912414355474006e-15,3.912414330619839e-15,3.9124143057679395e-15,3.912414280918311e-15,3.912414256070947e-15,3.912414231225846e-15,3.912414206383004e-15,3.912414181542425e-15,3.912414156704096e-15,3.912414131868029e-15,3.9124141070342065e-15,3.912414082202635e-15,3.91241405737331e-15,3.912414032546235e-15,3.9124140077213974e-15,3.912413982898801e-15,3.9124139580784414e-15,3.912413933260318e-15,3.9124139084444295e-15,3.912413883630773e-15,3.912413858819345e-15,3.912413834010143e-15,3.9124138092031686e-15,3.9124137843984124e-15,3.912413759595879e-15,3.912413734795563e-15,3.912413709997464e-15,3.912413685201579e-15,3.9124136604079035e-15,3.912413635616437e-15,3.912413610827178e-15,3.9124135860401235e-15,3.9124135612552735e-15,3.912413536472622e-15,3.912413511692168e-15,3.912413486913912e-15,3.912413462137848e-15,3.912413437363974e-15,3.91241341259229e-15,3.912413387822795e-15,3.9124133630554825e-15,3.9124133382903556e-15,3.912413313527412e-15,3.912413288766643e-15,3.912413264008048e-15,3.912413239251628e-15,3.912413214497381e-15,3.912413189745301e-15,3.912413164995389e-15,3.912413140247643e-15,3.912413115502057e-15,3.912413090758636e-15,3.912413066017372e-15,3.912413041278263e-15,3.912413016541309e-15,3.912412991806505e-15,3.912412967073853e-15,3.912412942343349e-15,3.912412917614988e-15,3.912412892888772e-15,3.912412868164697e-15,3.912412843442758e-15,3.912412818722959e-15,3.912412794005293e-15,3.912412769289758e-15,3.912412744576354e-15,3.912412719865079e-15,3.9124126951559305e-15,3.912412670448902e-15,3.912412645743995e-15,3.91241262104121e-15,3.912412596340538e-15,3.912412571641987e-15,3.912412546945548e-15,3.912412522251218e-15,3.912412497558998e-15,3.91241247286888e-15,3.91241244818087e-15,3.912412423494963e-15,3.912412398811153e-15,3.91241237412944e-15,3.912412349449826e-15,3.9124123247723036e-15,3.9124123000968725e-15,3.912412275423529e-15,3.9124122507522755e-15,3.912412226083104e-15,3.912412201416018e-15,3.912412176751011e-15,3.912412152088081e-15,3.91241212742723e-15,3.912412102768451e-15,3.912412078111744e-15,3.912412053457106e-15,3.912412028804539e-15,3.9124120041540355e-15,3.912411979505596e-15,3.912411954859218e-15,3.9124119302148964e-15,3.912411905572635e-15,3.912411880932428e-15,3.912411856294274e-15,3.912411831658171e-15,3.912411807024114e-15,3.912411782392106e-15,3.912411757762139e-15,3.9124117331342174e-15,3.912411708508336e-15,3.91241168388449e-15,3.912411659262679e-15,3.9124116346429045e-15,3.912411610025161e-15,3.9124115854094485e-15,3.912411560795764e-15,3.912411536184103e-15,3.912411511574466e-15,3.912411486966851e-15,3.912411462361255e-15,3.912411437757676e-15,3.912411413156109e-15,3.912411388556557e-15,3.912411363959014e-15,3.912411339363479e-15,3.912411314769953e-15,3.912411290178431e-15,3.91241126558891e-15,3.912411241001391e-15,3.912411216415864e-15,3.912411191832337e-15,3.912411167250806e-15,3.912411142671267e-15,3.912411118093719e-15,3.912411093518153e-15,3.912411068944574e-15,3.912411044372979e-15,3.912411019803367e-15,3.912410995235733e-15,3.912410970670078e-15,3.912410946106397e-15,3.9124109215446865e-15,3.912410896984948e-15,3.912410872427179e-15,3.912410847871378e-15,3.9124108233175394e-15,3.912410798765669e-15,3.912410774215754e-15,3.912410749667799e-15,3.912410725121799e-15,3.912410700577757e-15,3.912410676035664e-15,3.912410651495521e-15,3.9124106269573295e-15,3.91241060242108e-15,3.912410577886778e-15,3.912410553354418e-15,3.912410528823997e-15,3.912410504295513e-15,3.9124104797689654e-15,3.912410455244351e-15,3.9124104307216704e-15,3.912410406200917e-15,3.912410381682092e-15,3.912410357165194e-15,3.91241033265022e-15,3.912410308137167e-15,3.912410283626034e-15,3.912410259116817e-15,3.912410234609517e-15,3.91241021010413e-15,3.9124101856006544e-15,3.912410161099088e-15,3.91241013659943e-15,3.9124101121016745e-15,3.912410087605822e-15,3.912410063111874e-15,3.9124100386198255e-15,3.9124100141296695e-15,3.9124099896414115e-15,3.912409965155047e-15,3.912409940670573e-15,3.912409916187985e-15,3.912409891707286e-15,3.912409867228472e-15,3.912409842751543e-15,3.912409818276495e-15,3.912409793803324e-15,3.912409769332032e-15,3.912409744862616e-15,3.912409720395068e-15,3.912409695929395e-15,3.9124096714655845e-15,3.912409647003651e-15,3.9124096225435795e-15,3.91240959808537e-15,3.91240957362902e-15,3.912409549174529e-15,3.912409524721895e-15,3.9124095002711166e-15,3.9124094758221896e-15,3.912409451375115e-15,3.912409426929888e-15,3.9124094024865094e-15,3.912409378044976e-15,3.912409353605283e-15,3.912409329167432e-15,3.9124093047314206e-15,3.912409280297244e-15,3.912409255864905e-15,3.9124092314343954e-15,3.9124092070057184e-15,3.912409182578872e-15,3.912409158153851e-15,3.912409133730655e-15,3.912409109309282e-15,3.912409084889731e-15,3.912409060471997e-15,3.912409036056083e-15,3.912409011641983e-15,3.912408987229695e-15,3.91240896281922e-15,3.912408938410553e-15,3.912408914003691e-15,3.9124088895986365e-15,3.912408865195385e-15,3.912408840793935e-15,3.912408816394283e-15,3.912408791996427e-15,3.9124087676003706e-15,3.912408743206105e-15,3.912408718813632e-15,3.912408694422948e-15,3.912408670034052e-15,3.912408645646939e-15,3.912408621261613e-15,3.912408596878065e-15,3.912408572496302e-15,3.912408548116313e-15,3.9124085237381005e-15,3.912408499361663e-15,3.912408474986996e-15,3.9124084506140985e-15,3.91240842624297e-15,3.912408401873607e-15,3.912408377506009e-15,3.9124083531401716e-15,3.912408328776094e-15,3.912408304413777e-15,3.9124082800532145e-15,3.9124082556944014e-15,3.912408231337347e-15,3.9124082069820425e-15,3.912408182628484e-15,3.912408158276675e-15,3.9124081339266115e-15,3.912408109578289e-15,3.9124080852317085e-15,3.912408060886863e-15,3.912408036543757e-15,3.912408012202381e-15,3.912407987862745e-15,3.912407963524837e-15,3.912407939188657e-15,3.912407914854203e-15,3.912407890521477e-15,3.912407866190477e-15,3.912407841861196e-15,3.912407817533638e-15,3.912407793207797e-15,3.912407768883671e-15,3.912407744561259e-15,3.912407720240558e-15,3.912407695921568e-15,3.912407671604289e-15,3.912407647288712e-15,3.912407622974841e-15,3.9124075986626745e-15,3.912407574352205e-15,3.912407550043437e-15,3.912407525736363e-15,3.9124075014309855e-15,3.912407477127298e-15,3.912407452825304e-15,3.912407428524998e-15,3.912407404226381e-15,3.912407379929448e-15,3.912407355634201e-15,3.912407331340635e-15,3.9124073070487464e-15,3.912407282758539e-15,3.912407258470003e-15,3.912407234183144e-15,3.912407209897959e-15,3.912407185614441e-15,3.9124071613325925e-15,3.91240713705241e-15,3.91240711277389e-15,3.912407088497037e-15,3.912407064221842e-15,3.912407039948306e-15,3.9124070156764275e-15,3.912406991406204e-15,3.9124069671376345e-15,3.912406942870714e-15,3.912406918605446e-15,3.912406894341823e-15,3.9124068700798475e-15,3.912406845819517e-15,3.912406821560826e-15,3.912406797303776e-15,3.9124067730483666e-15,3.912406748794591e-15,3.912406724542452e-15,3.912406700291943e-15,3.912406676043067e-15,3.9124066517958196e-15,3.912406627550201e-15,3.9124066033062034e-15,3.912406579063832e-15,3.912406554823082e-15,3.9124065305839525e-15,3.91240650634644e-15,3.912406482110544e-15,3.912406457876262e-15,3.912406433643592e-15,3.912406409412534e-15,3.912406385183084e-15,3.912406360955241e-15,3.9124063367290015e-15,3.912406312504367e-15,3.912406288281334e-15,3.912406264059897e-15,3.912406239840058e-15,3.9124062156218124e-15,3.912406191405164e-15,3.91240616719011e-15,3.91240614297664e-15,3.912406118764764e-15,3.912406094554475e-15,3.9124060703457695e-15,3.912406046138644e-15,3.912406021933103e-15,3.912405997729141e-15,3.912405973526756e-15,3.9124059493259435e-15,3.912405925126706e-15,3.91240590092904e-15,3.912405876732945e-15,3.912405852538418e-15,3.91240582834546e-15,3.9124058041540634e-15,3.912405779964229e-15,3.912405755775955e-15,3.9124057315892415e-15,3.912405707404086e-15,3.912405683220487e-15,3.9124056590384385e-15,3.912405634857946e-15,3.9124056106789994e-15,3.912405586501604e-15,3.912405562325755e-15,3.91240553815145e-15,3.912405513978687e-15,3.9124054898074675e-15,3.912405465637783e-15,3.912405441469639e-15,3.912405417303031e-15,3.912405393137954e-15,3.912405368974412e-15,3.912405344812399e-15,3.912405320651912e-15,3.9124052964929564e-15,3.912405272335523e-15,3.912405248179613e-15,3.912405224025223e-15,3.912405199872352e-15,3.9124051757210016e-15,3.912405151571166e-15,3.9124051274228436e-15,3.912405103276036e-15,3.9124050791307345e-15,3.912405054986944e-15,3.912405030844661e-15,3.912405006703883e-15,3.912404982564606e-15,3.912404958426834e-15,3.912404934290561e-15,3.912404910155784e-15,3.9124048860225074e-15,3.912404861890721e-15,3.912404837760427e-15,3.912404813631626e-15,3.912404789504314e-15,3.9124047653784885e-15,3.912404741254151e-15,3.912404717131297e-15,3.912404693009924e-15,3.912404668890031e-15,3.912404644771619e-15,3.91240462065468e-15,3.912404596539219e-15,3.912404572425231e-15,3.912404548312713e-15,3.912404524201665e-15,3.912404500092086e-15,3.912404475983974e-15,3.9124044518773235e-15,3.912404427772137e-15,3.912404403668411e-15,3.9124043795661465e-15,3.9124043554653374e-15,3.912404331365985e-15,3.912404307268086e-15,3.91240428317164e-15,3.9124042590766425e-15,3.912404234983096e-15,3.912404210890996e-15,3.91240418680034e-15,3.912404162711128e-15,3.912404138623358e-15,3.912404114537029e-15,3.912404090452134e-15,3.9124040663686795e-15,3.91240404228666e-15,3.91240401820607e-15,3.912403994126915e-15,3.912403970049186e-15,3.912403945972888e-15,3.912403921898014e-15,3.912403897824566e-15,3.912403873752538e-15,3.9124038496819324e-15,3.912403825612748e-15,3.912403801544978e-15,3.9124037774786265e-15,3.912403753413687e-15,3.912403729350159e-15,3.912403705288044e-15,3.912403681227336e-15,3.912403657168037e-15,3.912403633110142e-15,3.9124036090536505e-15,3.9124035849985615e-15,3.912403560944873e-15,3.912403536892583e-15,3.912403512841688e-15,3.91240348879219e-15,3.912403464744083e-15,3.91240344069737e-15,3.912403416652047e-15,3.912403392608112e-15,3.9124033685655626e-15,3.912403344524397e-15,3.912403320484617e-15,3.912403296446218e-15,3.912403272409197e-15,3.912403248373553e-15,3.9124032243392884e-15,3.912403200306397e-15,3.912403176274879e-15,3.912403152244732e-15,3.9124031282159544e-15,3.9124031041885434e-15,3.912403080162503e-15,3.912403056137821e-15,3.912403032114506e-15,3.91240300809255e-15,3.9124029840719545e-15,3.912402960052717e-15,3.912402936034832e-15,3.912402912018307e-15,3.912402888003129e-15,3.9124028639893056e-15,3.912402839976832e-15,3.912402815965704e-15,3.912402791955921e-15,3.9124027679474854e-15,3.912402743940388e-15,3.912402719934633e-15,3.912402695930221e-15,3.912402671927141e-15,3.912402647925401e-15,3.912402623924992e-15,3.9124025999259194e-15,3.9124025759281735e-15,3.912402551931759e-15,3.912402527936671e-15,3.912402503942909e-15,3.912402479950471e-15,3.9124024559593564e-15,3.9124024319695614e-15,3.912402407981087e-15,3.912402383993928e-15,3.912402360008085e-15,3.912402336023555e-15,3.912402312040337e-15,3.9124022880584325e-15,3.912402264077837e-15,3.912402240098547e-15,3.9124022161205665e-15,3.912402192143887e-15,3.912402168168512e-15,3.912402144194436e-15,3.912402120221661e-15,3.912402096250182e-15,3.912402072279998e-15,3.912402048311111e-15,3.912402024343516e-15,3.912402000377213e-15,3.9124019764121784e-15,3.9124019524484585e-15,3.912401928486015e-15,3.9124019045248595e-15,3.912401880564985e-15,3.912401856606391e-15,3.91240183264908e-15,3.912401808693043e-15,3.912401784738282e-15,3.912401760784798e-15,3.912401736832586e-15,3.912401712881646e-15,3.912401688931973e-15,3.912401664983572e-15,3.912401641036433e-15,3.912401617090563e-15,3.9124015931459536e-15,3.9124015692026075e-15,3.91240154526052e-15,3.912401521319692e-15,3.912401497380119e-15,3.912401473441801e-15,3.9124014495047365e-15,3.912401425568924e-15,3.9124014016343636e-15,3.9124013777010534e-15,3.912401353768987e-15,3.912401329838165e-15,3.9124013059085895e-15,3.912401281980252e-15,3.912401258053158e-15,3.9124012341273e-15,3.912401210202683e-15,3.912401186279298e-15,3.91240116235715e-15,3.912401138436235e-15,3.9124011145165474e-15,3.912401090598089e-15,3.9124010666808615e-15,3.912401042764857e-15,3.912401018850078e-15,3.912400994936523e-15,3.912400971024188e-15,3.912400947113071e-15,3.9124009232031745e-15,3.912400899294493e-15,3.912400875387026e-15,3.912400851480775e-15,3.9124008275757335e-15,3.912400803671901e-15,3.912400779769278e-15,3.9124007558678615e-15,3.9124007319676495e-15,3.912400708068642e-15,3.912400684170834e-15,3.912400660274227e-15,3.912400636378819e-15,3.9124006124846114e-15,3.9124005885915955e-15,3.912400564699778e-15,3.912400540809153e-15,3.912400516919716e-15,3.912400493031468e-15,3.912400469144409e-15,3.912400445258537e-15,3.9124004213738456e-15,3.912400397490339e-15,3.9124003736080164e-15,3.912400349726873e-15,3.9124003258469055e-15,3.912400301968116e-15,3.912400278090498e-15,3.912400254214055e-15,3.912400230338786e-15,3.9124002064646885e-15,3.912400182591762e-15,3.912400158719999e-15,3.912400134849406e-15,3.912400110979973e-15,3.9124000871117035e-15,3.912400063244596e-15,3.9124000393786484e-15,3.912400015513858e-15,3.912399991650223e-15,3.9123999677877455e-15,3.912399943926419e-15,3.912399920066245e-15,3.912399896207222e-15,3.9123998723493456e-15,3.912399848492618e-15,3.912399824637038e-15,3.912399800782598e-15,3.9123997769293024e-15,3.912399753077148e-15,3.912399729226133e-15,3.912399705376254e-15,3.9123996815275135e-15,3.9123996576799036e-15,3.9123996338334304e-15,3.912399609988088e-15,3.912399586143872e-15,3.912399562300789e-15,3.912399538458833e-15,3.912399514617999e-15,3.91239949077829e-15,3.9123994669397036e-15,3.91239944310224e-15,3.912399419265895e-15,3.912399395430666e-15,3.912399371596553e-15,3.9123993477635576e-15,3.912399323931673e-15,3.9123993001009004e-15,3.912399276271238e-15,3.912399252442682e-15,3.912399228615233e-15,3.912399204788892e-15,3.9123991809636484e-15,3.9123991571395134e-15,3.9123991333164805e-15,3.912399109494545e-15,3.912399085673709e-15,3.912399061853968e-15,3.912399038035321e-15,3.912399014217768e-15,3.912398990401309e-15,3.912398966585938e-15,3.9123989427716585e-15,3.912398918958461e-15,3.9123988951463515e-15,3.9123988713353266e-15,3.912398847525384e-15,3.9123988237165206e-15,3.91239879990874e-15,3.912398776102038e-15,3.912398752296412e-15,3.91239872849186e-15,3.91239870468838e-15,3.912398680885975e-15,3.912398657084639e-15,3.912398633284374e-15,3.912398609485176e-15,3.912398585687044e-15,3.912398561889976e-15,3.912398538093972e-15,3.912398514299031e-15,3.912398490505147e-15,3.9123984667123225e-15,3.912398442920557e-15,3.9123984191298435e-15,3.9123983953401865e-15,3.912398371551579e-15,3.9123983477640295e-15,3.912398323977527e-15,3.912398300192069e-15,3.912398276407659e-15,3.912398252624296e-15,3.912398228841975e-15,3.912398205060699e-15,3.912398181280464e-15,3.912398157501265e-15,3.912398133723105e-15,3.912398109945981e-15,3.912398086169894e-15,3.912398062394839e-15,3.9123980386208146e-15,3.9123980148478214e-15,3.912397991075858e-15,3.91239796730492e-15,3.91239794353501e-15,3.912397919766122e-15,3.912397895998264e-15,3.912397872231424e-15,3.9123978484656015e-15,3.912397824700797e-15,3.9123978009370104e-15,3.9123977771742385e-15,3.912397753412481e-15,3.9123977296517375e-15,3.912397705892005e-15,3.9123976821332825e-15,3.912397658375567e-15,3.91239763461886e-15,3.912397610863157e-15,3.91239758710846e-15,3.912397563354764e-15,3.9123975396020685e-15,3.912397515850374e-15,3.912397492099677e-15,3.912397468349977e-15,3.91239744460127e-15,3.912397420853561e-15,3.912397397106843e-15,3.912397373361116e-15,3.912397349616378e-15,3.912397325872626e-15,3.912397302129861e-15,3.912397278388082e-15,3.912397254647286e-15,3.91239723090747e-15,3.9123972071686385e-15,3.912397183430783e-15,3.912397159693904e-15,3.912397135958006e-15,3.912397112223082e-15,3.912397088489133e-15,3.9123970647561536e-15,3.912397041024144e-15,3.912397017293107e-15,3.912396993563034e-15,3.9123969698339306e-15,3.912396946105788e-15,3.912396922378608e-15,3.9123968986523944e-15,3.9123968749271384e-15,3.912396851202843e-15,3.912396827479506e-15,3.912396803757122e-15,3.912396780035698e-15,3.912396756315222e-15,3.912396732595703e-15,3.912396708877132e-15,3.912396685159509e-15,3.912396661442835e-15,3.912396637727103e-15,3.912396614012321e-15,3.912396590298481e-15,3.912396566585584e-15,3.912396542873629e-15,3.9123965191626084e-15,3.912396495452528e-15,3.9123964717433835e-15,3.912396448035179e-15,3.912396424327901e-15,3.912396400621559e-15,3.912396376916146e-15,3.912396353211664e-15,3.9123963295081075e-15,3.91239630580548e-15,3.9123962821037746e-15,3.912396258402998e-15,3.9123962347031415e-15,3.9123962110042035e-15,3.912396187306188e-15,3.912396163609087e-15,3.912396139912905e-15,3.912396116217635e-15,3.9123960925232846e-15,3.91239606882984e-15,3.912396045137309e-15,3.912396021445691e-15,3.912395997754976e-15,3.912395974065172e-15,3.912395950376272e-15,3.912395926688274e-15,3.9123959030011805e-15,3.9123958793149865e-15,3.912395855629694e-15,3.9123958319453004e-15,3.912395808261803e-15,3.912395784579203e-15,3.912395760897495e-15,3.912395737216681e-15,3.912395713536757e-15,3.912395689857726e-15,3.912395666179579e-15,3.912395642502322e-15,3.912395618825952e-15,3.912395595150465e-15,3.9123955714758635e-15,3.9123955478021415e-15,3.912395524129297e-15,3.912395500457338e-15,3.912395476786254e-15,3.912395453116045e-15,3.9123954294467145e-15,3.9123954057782565e-15,3.912395382110672e-15,3.912395358443954e-15,3.912395334778107e-15,3.912395311113129e-15,3.912395287449017e-15,3.91239526378577e-15,3.9123952401233845e-15,3.912395216461865e-15,3.912395192801206e-15,3.912395169141408e-15,3.912395145482467e-15,3.9123951218243855e-15,3.912395098167156e-15,3.912395074510783e-15,3.912395050855256e-15,3.912395027200585e-15,3.9123950035467655e-15,3.912394979893796e-15,3.9123949562416745e-15,3.912394932590398e-15,3.912394908939968e-15,3.912394885290379e-15,3.912394861641636e-15,3.912394837993731e-15,3.912394814346667e-15,3.9123947907004394e-15,3.912394767055051e-15,3.9123947434104946e-15,3.912394719766776e-15,3.912394696123887e-15,3.912394672481832e-15,3.912394648840606e-15,3.912394625200207e-15,3.912394601560635e-15,3.91239457792189e-15,3.912394554283966e-15,3.912394530646873e-15,3.912394507010599e-15,3.912394483375147e-15,3.91239445974051e-15,3.912394436106693e-15,3.9123944124736955e-15,3.91239438884151e-15,3.9123943652101364e-15,3.912394341579579e-15,3.912394317949832e-15,3.912394294320897e-15,3.912394270692769e-15,3.912394247065449e-15,3.912394223438934e-15,3.912394199813224e-15,3.912394176188318e-15,3.912394152564212e-15,3.91239412894091e-15,3.912394105318404e-15,3.912394081696697e-15,3.912394058075786e-15,3.9123940344556715e-15,3.9123940108363485e-15,3.9123939872178214e-15,3.912393963600085e-15,3.9123939399831394e-15,3.912393916366982e-15,3.91239389275161e-15,3.912393869137027e-15,3.9123938455232275e-15,3.91239382191021e-15,3.91239379829798e-15,3.912393774686528e-15,3.912393751075856e-15,3.91239372746596e-15,3.91239370385684e-15,3.912393680248498e-15,3.9123936566409275e-15,3.912393633034131e-15,3.912393609428106e-15,3.912393585822851e-15,3.912393562218367e-15,3.91239353861465e-15,3.912393515011697e-15,3.912393491409514e-15,3.91239346780809e-15,3.91239344420743e-15,3.912393420607532e-15,3.9123933970083955e-15,3.9123933734100144e-15,3.912393349812391e-15,3.912393326215526e-15,3.912393302619413e-15,3.912393279024055e-15,3.91239325542945e-15,3.912393231835593e-15,3.912393208242487e-15,3.912393184650131e-15,3.912393161058522e-15,3.912393137467657e-15,3.912393113877537e-15,3.912393090288159e-15,3.912393066699522e-15,3.912393043111629e-15,3.912393019524472e-15,3.9123929959380565e-15,3.912392972352376e-15,3.91239294876743e-15,3.9123929251832215e-15,3.912392901599742e-15,3.912392878016996e-15,3.912392854434977e-15,3.91239283085369e-15,3.91239280727313e-15,3.9123927836932984e-15,3.912392760114187e-15,3.912392736535804e-15,3.91239271295814e-15,3.9123926893812e-15,3.912392665804982e-15,3.91239264222948e-15,3.912392618654696e-15,3.912392595080628e-15,3.912392571507273e-15,3.912392547934636e-15,3.912392524362708e-15,3.912392500791493e-15,3.912392477220986e-15,3.912392453651189e-15,3.912392430082099e-15,3.912392406513716e-15,3.912392382946037e-15,3.912392359379059e-15,3.912392335812788e-15,3.912392312247216e-15,3.912392288682343e-15,3.912392265118169e-15,3.912392241554693e-15,3.91239221799191e-15,3.9123921944298256e-15,3.9123921708684326e-15,3.912392147307734e-15,3.9123921237477244e-15,3.912392100188405e-15,3.912392076629775e-15,3.91239205307183e-15,3.912392029514573e-15,3.9123920059580015e-15,3.91239198240211e-15,3.9123919588469016e-15,3.91239193529237e-15,3.912391911738523e-15,3.9123918881853565e-15,3.912391864632865e-15,3.91239184108105e-15,3.91239181752991e-15,3.912391793979442e-15,3.91239177042965e-15,3.912391746880527e-15,3.9123917233320745e-15,3.912391699784289e-15,3.912391676237175e-15,3.912391652690723e-15,3.912391629144938e-15,3.912391605599816e-15,3.912391582055355e-15,3.9123915585115585e-15,3.912391534968421e-15,3.912391511425941e-15,3.912391487884119e-15,3.912391464342955e-15,3.912391440802444e-15,3.912391417262585e-15,3.912391393723376e-15,3.912391370184822e-15,3.91239134664692e-15,3.912391323109663e-15,3.912391299573056e-15,3.9123912760370936e-15,3.91239125250178e-15,3.9123912289671076e-15,3.9123912054330786e-15,3.912391181899691e-15,3.912391158366943e-15,3.912391134834836e-15,3.912391111303364e-15,3.912391087772532e-15,3.912391064242334e-15,3.91239104071277e-15,3.912391017183839e-15,3.912390993655539e-15,3.91239097012787e-15,3.912390946600832e-15,3.9123909230744216e-15,3.912390899548638e-15,3.912390876023479e-15,3.912390852498945e-15,3.912390828975037e-15,3.9123908054517486e-15,3.912390781929082e-15,3.9123907584070346e-15,3.9123907348856044e-15,3.9123907113647936e-15,3.912390687844599e-15,3.9123906643250186e-15,3.9123906408060505e-15,3.912390617287696e-15,3.9123905937699524e-15,3.91239057025282e-15,3.912390546736294e-15,3.9123905232203775e-15,3.912390499705068e-15,3.912390476190363e-15,3.9123904526762615e-15,3.912390429162764e-15,3.912390405649869e-15,3.912390382137573e-15,3.9123903586258765e-15,3.912390335114779e-15,3.912390311604276e-15,3.9123902880943704e-15,3.912390264585058e-15,3.91239024107634e-15,3.9123902175682144e-15,3.912390194060682e-15,3.912390170553736e-15,3.912390147047379e-15,3.912390123541613e-15,3.912390100036429e-15,3.912390076531831e-15,3.912390053027818e-15,3.912390029524385e-15,3.912390006021537e-15,3.912389982519268e-15,3.912389959017579e-15,3.912389935516469e-15,3.912389912015933e-15,3.912389888515968e-15,3.9123898650165815e-15,3.9123898415177704e-15,3.912389818019531e-15,3.912389794521863e-15,3.912389771024765e-15,3.912389747528236e-15,3.912389724032274e-15,3.912389700536877e-15,3.91238967704204e-15,3.912389653547776e-15,3.912389630054071e-15,3.912389606560926e-15,3.9123895830683444e-15,3.9123895595763215e-15,3.9123895360848555e-15,3.912389512593948e-15,3.912389489103595e-15,3.912389465613796e-15,3.9123894421245505e-15,3.912389418635857e-15,3.912389395147718e-15,3.912389371660127e-15,3.912389348173084e-15,3.9123893246865885e-15,3.912389301200641e-15,3.912389277715238e-15,3.9123892542303816e-15,3.912389230746065e-15,3.912389207262291e-15,3.912389183779057e-15,3.9123891602963646e-15,3.912389136814212e-15,3.912389113332593e-15,3.9123890898515125e-15,3.912389066370965e-15,3.912389042890952e-15,3.9123890194114725e-15,3.912388995932525e-15,3.912388972454105e-15,3.912388948976217e-15,3.912388925498857e-15,3.912388902022022e-15,3.912388878545716e-15,3.9123888550699316e-15,3.912388831594671e-15,3.912388808119934e-15,3.9123887846457185e-15,3.912388761172022e-15,3.9123887376988445e-15,3.912388714226184e-15,3.9123886907540405e-15,3.912388667282414e-15,3.9123886438113e-15,3.9123886203406995e-15,3.912388596870614e-15,3.9123885734010365e-15,3.9123885499319686e-15,3.91238852646341e-15,3.91238850299536e-15,3.912388479527818e-15,3.912388456060778e-15,3.912388432594245e-15,3.912388409128213e-15,3.9123883856626826e-15,3.912388362197652e-15,3.9123883387331185e-15,3.9123883152690875e-15,3.912388291805555e-15,3.912388268342518e-15,3.91238824487997e-15,3.912388221417918e-15,3.912388197956363e-15,3.912388174495297e-15,3.912388151034725e-15,3.912388127574644e-15,3.912388104115049e-15,3.912388080655945e-15,3.912388057197323e-15,3.912388033739191e-15,3.912388010281543e-15,3.9123879868243766e-15,3.912387963367691e-15,3.912387939911485e-15,3.9123879164557616e-15,3.912387893000513e-15,3.912387869545745e-15,3.9123878460914514e-15,3.912387822637636e-15,3.9123877991842934e-15,3.912387775731425e-15,3.912387752279028e-15,3.9123877288271e-15,3.912387705375643e-15,3.912387681924654e-15,3.912387658474135e-15,3.912387635024077e-15,3.912387611574487e-15,3.912387588125357e-15,3.912387564676695e-15,3.912387541228493e-15,3.912387517780751e-15,3.912387494333471e-15,3.9123874708866474e-15,3.9123874474402845e-15,3.9123874239943744e-15,3.91238740054892e-15,3.9123873771039206e-15,3.9123873536593776e-15,3.912387330215285e-15,3.912387306771641e-15,3.912387283328449e-15,3.912387259885705e-15,3.912387236443409e-15,3.912387213001558e-15,3.9123871895601534e-15,3.9123871661191934e-15,3.912387142678677e-15,3.912387119238602e-15,3.91238709579897e-15,3.912387072359777e-15,3.912387048921024e-15,3.9123870254827105e-15,3.912387002044831e-15,3.912386978607387e-15,3.91238695517038e-15,3.912386931733805e-15,3.912386908297662e-15,3.9123868848619496e-15,3.912386861426669e-15,3.91238683799182e-15,3.912386814557394e-15,3.912386791123399e-15,3.912386767689831e-15,3.9123867442566866e-15,3.9123867208239655e-15,3.912386697391667e-15,3.9123866739597925e-15,3.912386650528336e-15,3.912386627097301e-15,3.912386603666684e-15,3.912386580236484e-15,3.912386556806701e-15,3.912386533377332e-15,3.912386509948381e-15,3.9123864865198394e-15,3.91238646309171e-15,3.912386439663993e-15,3.912386416236686e-15,3.912386392809787e-15,3.912386369383297e-15,3.9123863459572144e-15,3.9123863225315354e-15,3.912386299106264e-15,3.912386275681396e-15,3.912386252256929e-15,3.912386228832866e-15,3.9123862054092e-15,3.912386181985937e-15,3.912386158563072e-15,3.9123861351406014e-15,3.912386111718531e-15,3.9123860882968544e-15,3.91238606487557e-15,3.912386041454678e-15,3.912386018034178e-15,3.912385994614071e-15,3.912385971194356e-15,3.912385947775027e-15,3.912385924356089e-15,3.9123859009375356e-15,3.912385877519366e-15,3.912385854101582e-15,3.912385830684184e-15,3.912385807267166e-15,3.912385783850532e-15,3.912385760434277e-15,3.9123857370184005e-15,3.912385713602905e-15,3.912385690187788e-15,3.912385666773047e-15,3.912385643358675e-15,3.912385619944683e-15,3.912385596531064e-15,3.912385573117819e-15,3.912385549704942e-15,3.912385526292437e-15,3.9123855028803e-15,3.912385479468532e-15,3.91238545605713e-15,3.9123854326461e-15,3.9123854092354326e-15,3.912385385825125e-15,3.912385362415182e-15,3.912385339005599e-15,3.912385315596379e-15,3.912385292187518e-15,3.912385268779015e-15,3.912385245370872e-15,3.912385221963086e-15,3.912385198555656e-15,3.912385175148579e-15,3.912385151741856e-15,3.912385128335485e-15,3.912385104929467e-15,3.912385081523797e-15,3.912385058118478e-15,3.912385034713508e-15,3.912385011308886e-15,3.912384987904609e-15,3.912384964500681e-15,3.912384941097094e-15,3.912384917693851e-15,3.9123848942909535e-15,3.912384870888396e-15,3.912384847486181e-15,3.912384824084292e-15,3.912384800682764e-15,3.912384777281563e-15,3.912384753880693e-15,3.912384730480161e-15,3.912384707079964e-15,3.912384683680096e-15,3.9123846602805606e-15,3.912384636881364e-15,3.912384613482493e-15,3.912384590083954e-15,3.912384566685741e-15,3.9123845432878546e-15,3.912384519890298e-15,3.912384496493064e-15,3.912384473096155e-15,3.912384449699571e-15,3.912384426303306e-15,3.912384402907364e-15,3.912384379511742e-15,3.912384356116439e-15,3.9123843327214564e-15,3.912384309326789e-15,3.912384285932438e-15,3.912384262538404e-15,3.912384239144681e-15,3.91238421575127e-15,3.9123841923581726e-15,3.912384168965389e-15,3.9123841455729125e-15,3.9123841221807475e-15,3.912384098788891e-15,3.912384075397342e-15,3.9123840520060985e-15,3.912384028615162e-15,3.912384005224526e-15,3.912383981834196e-15,3.912383958444167e-15,3.9123839350544424e-15,3.912383911665016e-15,3.912383888275891e-15,3.9123838648870635e-15,3.9123838414985304e-15,3.912383818110298e-15,3.9123837947223604e-15,3.912383771334715e-15,3.912383747947363e-15,3.912383724560306e-15,3.9123837011735395e-15,3.912383677787063e-15,3.912383654400875e-15,3.9123836310149784e-15,3.912383607629368e-15,3.912383584244044e-15,3.912383560859006e-15,3.9123835374742536e-15,3.912383514089782e-15,3.912383490705595e-15,3.91238346732169e-15,3.9123834439380655e-15,3.91238342055472e-15,3.912383397171651e-15,3.9123833737888635e-15,3.912383350406354e-15,3.912383327024116e-15,3.912383303642155e-15,3.9123832802604685e-15,3.912383256879056e-15,3.912383233497914e-15,3.912383210117043e-15,3.9123831867364415e-15,3.91238316335611e-15,3.912383139976047e-15,3.9123831165962515e-15,3.912383093216721e-15,3.912383069837458e-15,3.912383046458459e-15,3.91238302307972e-15,3.912382999701246e-15,3.912382976323032e-15,3.9123829529450806e-15,3.912382929567387e-15,3.912382906189952e-15,3.912382882812774e-15,3.912382859435852e-15,3.912382836059188e-15,3.912382812682777e-15,3.91238278930662e-15,3.912382765930716e-15,3.9123827425550654e-15,3.912382719179664e-15,3.912382695804511e-15,3.912382672429609e-15,3.912382649054956e-15,3.912382625680548e-15,3.912382602306389e-15,3.912382578932472e-15,3.9123825555588e-15,3.912382532185372e-15,3.9123825088121855e-15,3.912382485439242e-15,3.912382462066537e-15,3.912382438694074e-15,3.912382415321848e-15,3.91238239194986e-15,3.912382368578106e-15,3.91238234520659e-15,3.91238232183531e-15,3.9123822984642624e-15,3.912382275093449e-15,3.912382251722866e-15,3.9123822283525155e-15,3.912382204982393e-15,3.9123821816125006e-15,3.912382158242836e-15,3.912382134873401e-15,3.9123821115041916e-15,3.912382088135206e-15,3.912382064766447e-15,3.912382041397912e-15,3.912382018029599e-15,3.912381994661507e-15,3.912381971293636e-15,3.912381947925985e-15,3.912381924558553e-15,3.912381901191338e-15,3.912381877824342e-15,3.91238185445756e-15,3.912381831090995e-15,3.912381807724642e-15,3.912381784358508e-15,3.9123817609925814e-15,3.912381737626865e-15,3.912381714261363e-15,3.912381690896067e-15,3.912381667530981e-15,3.912381644166104e-15,3.912381620801432e-15,3.9123815974369645e-15,3.9123815740727015e-15,3.912381550708647e-15,3.9123815273447924e-15,3.91238150398114e-15,3.912381480617689e-15,3.9123814572544395e-15,3.912381433891388e-15,3.912381410528534e-15,3.912381387165881e-15,3.912381363803423e-15,3.9123813404411614e-15,3.912381317079093e-15,3.91238129371722e-15,3.91238127035554e-15,3.912381246994052e-15,3.912381223632754e-15,3.9123812002716494e-15,3.912381176910731e-15,3.912381153550002e-15,3.912381130189462e-15,3.912381106829107e-15,3.9123810834689374e-15,3.912381060108954e-15,3.912381036749152e-15,3.912381013389538e-15,3.912380990030104e-15,3.912380966670849e-15,3.912380943311778e-15,3.9123809199528834e-15,3.912380896594169e-15,3.912380873235632e-15,3.912380849877272e-15,3.912380826519092e-15,3.9123808031610885e-15,3.912380779803256e-15,3.912380756445598e-15,3.912380733088108e-15,3.912380709730791e-15,3.9123806863736425e-15,3.912380663016665e-15,3.912380639659855e-15,3.91238061630321e-15,3.912380592946737e-15,3.912380569590425e-15,3.91238054623428e-15,3.912380522878299e-15,3.912380499522482e-15,3.912380476166826e-15,3.912380452811332e-15,3.912380429456e-15,3.912380406100827e-15,3.91238038274581e-15,3.912380359390953e-15,3.9123803360362515e-15,3.912380312681708e-15,3.912380289327319e-15,3.912380265973087e-15,3.9123802426190054e-15,3.912380219265079e-15,3.912380195911304e-15,3.9123801725576786e-15,3.912380149204204e-15,3.912380125850875e-15,3.912380102497696e-15,3.9123800791446656e-15,3.912380055791785e-15,3.912380032439044e-15,3.912380009086451e-15,3.912379985734001e-15,3.9123799623816956e-15,3.912379939029531e-15,3.912379915677508e-15,3.9123798923256265e-15,3.912379868973881e-15,3.912379845622277e-15,3.912379822270808e-15,3.91237979891948e-15,3.912379775568284e-15,3.912379752217224e-15,3.9123797288662995e-15,3.912379705515508e-15,3.912379682164848e-15,3.912379658814321e-15,3.9123796354639235e-15,3.912379612113657e-15,3.912379588763519e-15,3.9123795654135074e-15,3.912379542063623e-15,3.91237951871387e-15,3.9123794953642376e-15,3.912379472014726e-15,3.9123794486653475e-15,3.912379425316085e-15,3.9123794019669505e-15,3.912379378617935e-15,3.912379355269037e-15,3.912379331920263e-15,3.912379308571603e-15,3.912379285223064e-15,3.912379261874641e-15,3.912379238526332e-15,3.912379215178141e-15,3.912379191830065e-15,3.912379168482099e-15,3.912379145134248e-15,3.912379121786507e-15,3.912379098438877e-15,3.9123790750913525e-15,3.912379051743942e-15,3.912379028396637e-15,3.9123790050494435e-15,3.912378981702356e-15,3.912378958355374e-15,3.912378935008497e-15,3.912378911661723e-15,3.912378888315055e-15,3.91237886496849e-15,3.912378841622024e-15,3.9123788182756574e-15,3.912378794929393e-15,3.9123787715832266e-15,3.9123787482371595e-15,3.912378724891187e-15,3.912378701545313e-15,3.912378678199535e-15,3.91237865485385e-15,3.9123786315082596e-15,3.912378608162763e-15,3.91237858481736e-15,3.912378561472047e-15,3.912378538126823e-15,3.912378514781693e-15,3.9123784914366476e-15,3.912378468091691e-15,3.9123784447468216e-15,3.912378421402039e-15,3.912378398057343e-15,3.912378374712733e-15,3.912378351368204e-15,3.912378328023758e-15,3.912378304679395e-15,3.912378281335115e-15,3.912378257990915e-15,3.912378234646793e-15,3.912378211302751e-15,3.912378187958789e-15,3.912378164614902e-15,3.91237814127109e-15,3.912378117927355e-15,3.912378094583697e-15,3.91237807124011e-15,3.912378047896596e-15,3.912378024553156e-15,3.9123780012097855e-15,3.912377977866486e-15,3.91237795452326e-15,3.912377931180098e-15,3.912377907837006e-15,3.9123778844939815e-15,3.912377861151022e-15,3.91237783780813e-15,3.912377814465301e-15,3.9123777911225375e-15,3.912377767779836e-15,3.912377744437195e-15,3.912377721094619e-15,3.912377697752103e-15,3.912377674409647e-15,3.912377651067251e-15,3.9123776277249105e-15,3.912377604382629e-15,3.912377581040406e-15,3.912377557698235e-15,3.9123775343561226e-15,3.912377511014062e-15,3.912377487672057e-15,3.912377464330101e-15,3.9123774409881985e-15,3.912377417646348e-15,3.912377394304548e-15,3.9123773709627964e-15,3.912377347621092e-15,3.912377324279436e-15,3.9123773009378274e-15,3.912377277596265e-15,3.912377254254746e-15,3.912377230913274e-15,3.9123772075718455e-15,3.912377184230457e-15,3.912377160889114e-15,3.912377137547811e-15,3.912377114206547e-15,3.912377090865324e-15,3.91237706752414e-15,3.912377044182992e-15,3.912377020841885e-15,3.9123769975008126e-15,3.912376974159776e-15,3.9123769508187726e-15,3.912376927477806e-15,3.912376904136872e-15,3.9123768807959674e-15,3.9123768574550965e-15,3.912376834114258e-15,3.912376810773444e-15,3.912376787432661e-15,3.912376764091908e-15,3.912376740751184e-15,3.912376717410485e-15,3.912376694069812e-15,3.912376670729164e-15,3.9123766473885435e-15,3.912376624047945e-15,3.912376600707369e-15,3.9123765773668136e-15,3.912376554026282e-15,3.912376530685769e-15,3.9123765073452745e-15,3.9123764840048004e-15,3.912376460664347e-15,3.912376437323909e-15,3.9123764139834854e-15,3.912376390643081e-15,3.912376367302689e-15,3.912376343962312e-15,3.912376320621951e-15,3.9123762972816e-15,3.9123762739412656e-15,3.912376250600936e-15,3.91237622726062e-15,3.912376203920312e-15,3.912376180580012e-15,3.9123761572397234e-15,3.912376133899441e-15,3.912376110559163e-15,3.912376087218894e-15,3.912376063878626e-15,3.912376040538363e-15,3.912376017198105e-15,3.9123759938578476e-15,3.912375970517592e-15,3.912375947177337e-15,3.912375923837085e-15,3.912375900496827e-15,3.912375877156572e-15,3.9123758538163125e-15,3.912375830476049e-15,3.912375807135785e-15,3.9123757837955165e-15,3.91237576045524e-15,3.9123757371149604e-15,3.912375713774673e-15,3.9123756904343775e-15,3.912375667094072e-15,3.91237564375376e-15,3.912375620413438e-15,3.912375597073103e-15,3.912375573732759e-15,3.9123755503924e-15,3.9123755270520275e-15,3.912375503711646e-15,3.912375480371248e-15,3.912375457030836e-15,3.9123754336904064e-15,3.912375410349963e-15,3.912375387009501e-15,3.912375363669021e-15,3.912375340328522e-15,3.912375316988005e-15,3.912375293647465e-15,3.912375270306905e-15,3.912375246966321e-15,3.912375223625716e-15,3.9123752002850864e-15,3.9123751769444324e-15,3.912375153603751e-15,3.9123751302630464e-15,3.9123751069223136e-15,3.912375083581552e-15,3.912375060240765e-15,3.9123750368999454e-15,3.912375013559098e-15,3.912374990218221e-15,3.912374966877313e-15,3.9123749435363696e-15,3.912374920195398e-15,3.912374896854392e-15,3.912374873513349e-15,3.912374850172274e-15,3.9123748268311615e-15,3.912374803490012e-15,3.912374780148827e-15,3.9123747568076046e-15,3.912374733466343e-15,3.9123747101250416e-15,3.9123746867837005e-15,3.912374663442317e-15,3.912374640100895e-15,3.912374616759429e-15,3.912374593417918e-15,3.912374570076364e-15,3.9123745467347675e-15,3.912374523393124e-15,3.912374500051436e-15,3.912374476709696e-15,3.9123744533679116e-15,3.91237443002608e-15,3.9123744066841984e-15,3.912374383342269e-15,3.912374360000288e-15,3.912374336658253e-15,3.9123743133161694e-15,3.91237428997403e-15,3.9123742666318386e-15,3.912374243289596e-15,3.912374219947295e-15,3.91237419660494e-15,3.912374173262526e-15,3.9123741499200554e-15,3.912374126577529e-15,3.912374103234943e-15,3.912374079892297e-15,3.9123740565495904e-15,3.9123740332068255e-15,3.9123740098639974e-15,3.912373986521108e-15,3.9123739631781535e-15,3.912373939835135e-15,3.912373916492056e-15,3.912373893148907e-15,3.9123738698056935e-15,3.912373846462413e-15,3.912373823119067e-15,3.91237379977565e-15,3.912373776432167e-15,3.9123737530886115e-15,3.912373729744989e-15,3.912373706401294e-15,3.912373683057524e-15,3.9123736597136855e-15,3.912373636369775e-15,3.91237361302579e-15,3.9123735896817296e-15,3.9123735663375936e-15,3.912373542993383e-15,3.912373519649091e-15,3.9123734963047265e-15,3.912373472960283e-15,3.9123734496157556e-15,3.912373426271152e-15,3.912373402926471e-15,3.9123733795817076e-15,3.912373356236861e-15,3.912373332891931e-15,3.912373309546919e-15,3.912373286201824e-15,3.912373262856644e-15,3.9123732395113775e-15,3.912373216166025e-15,3.912373192820591e-15,3.912373169475068e-15,3.912373146129452e-15,3.912373122783747e-15,3.91237309943795e-15,3.912373076092069e-15,3.9123730527460946e-15,3.9123730294000275e-15,3.912373006053869e-15,3.912372982707616e-15,3.912372959361269e-15,3.91237293601483e-15,3.912372912668294e-15,3.912372889321661e-15,3.912372865974934e-15,3.912372842628107e-15,3.912372819281182e-15,3.912372795934158e-15,3.912372772587036e-15,3.9123727492398114e-15,3.912372725892487e-15,3.912372702545062e-15,3.912372679197535e-15,3.912372655849902e-15,3.912372632502168e-15,3.912372609154327e-15,3.912372585806385e-15,3.912372562458335e-15,3.91237253911018e-15,3.9123725157619154e-15,3.912372492413545e-15,3.912372469065065e-15,3.912372445716474e-15,3.912372422367776e-15,3.912372399018966e-15,3.912372375670043e-15,3.912372352321007e-15,3.912372328971856e-15,3.912372305622595e-15,3.912372282273219e-15,3.912372258923731e-15,3.9123722355741256e-15,3.912372212224404e-15,3.91237218887456e-15,3.9123721655246025e-15,3.912372142174525e-15,3.912372118824326e-15,3.912372095474013e-15,3.912372072123577e-15,3.912372048773017e-15,3.9123720254223385e-15,3.912372002071537e-15,3.9123719787206125e-15,3.912371955369567e-15,3.912371932018392e-15,3.912371908667097e-15,3.912371885315676e-15,3.912371861964125e-15,3.912371838612446e-15,3.912371815260642e-15,3.9123717919087095e-15,3.912371768556646e-15,3.912371745204455e-15,3.9123717218521324e-15,3.912371698499682e-15,3.912371675147097e-15,3.912371651794378e-15,3.912371628441527e-15,3.912371605088545e-15,3.912371581735424e-15,3.912371558382165e-15,3.9123715350287696e-15,3.912371511675238e-15,3.912371488321567e-15,3.9123714649677615e-15,3.912371441613822e-15,3.912371418259741e-15,3.912371394905521e-15,3.9123713715511576e-15,3.9123713481966536e-15,3.912371324842006e-15,3.912371301487219e-15,3.9123712781322865e-15,3.912371254777208e-15,3.9123712314219856e-15,3.9123712080666186e-15,3.912371184711105e-15,3.912371161355443e-15,3.912371137999635e-15,3.912371114643679e-15,3.912371091287576e-15,3.912371067931326e-15,3.912371044574924e-15,3.912371021218368e-15,3.912370997861664e-15,3.912370974504807e-15,3.912370951147795e-15,3.91237092779063e-15,3.9123709044333115e-15,3.9123708810758374e-15,3.912370857718208e-15,3.912370834360423e-15,3.912370811002481e-15,3.912370787644382e-15,3.9123707642861266e-15,3.91237074092771e-15,3.912370717569136e-15,3.912370694210401e-15,3.912370670851506e-15
5,0.0,0.0,0.0,0.0,0.0,0.0,0.0,0.0,0.0,0.0,0.0,0.0,0.0,0.0,0.0,0.0,0.0,0.0,0.0,0.0,0.0,0.0,0.0,0.0,0.0,0.0,0.0,0.0,0.0,0.0,0.0,0.0,0.0,0.0,0.0,0.0,0.0,0.0,0.0,0.0,0.0,0.0,0.0,0.0,0.0,0.0,0.0,0.0,0.0,0.0,0.0,0.0,0.0,0.0,0.0,0.0,0.0,0.0,0.0,0.0,0.0,0.0,0.0,0.0,0.0,0.0,0.0,0.0,0.0,0.0,0.0,0.0,0.0,0.0,0.0,0.0,0.0,0.0,0.0,0.0,0.0,0.0,0.0,0.0,0.0,0.0,0.0,0.0,0.0,0.0,0.0,0.0,0.0,0.0,0.0,0.0,0.0,0.0,0.0,0.0,0.0,0.0,0.0,0.0,0.0,0.0,0.0,0.0,0.0,0.0,0.0,0.0,0.0,0.0,0.0,0.0,0.0,0.0,0.0,0.0,0.0,0.0,0.0,0.0,0.0,0.0,0.0,0.0,0.0,0.0,0.0,0.0,0.0,0.0,0.0,0.0,0.0,0.0,0.0,0.0,0.0,0.0,0.0,0.0,0.0,0.0,0.0,0.0,0.0,0.0,0.0,0.0,0.0,0.0,0.0,0.0,0.0,0.0,0.0,0.0,0.0,0.0,0.0,0.0,0.0,0.0,0.0,0.0,0.0,0.0,0.0,0.0,0.0,0.0,0.0,0.0,0.0,0.0,0.0,0.0,0.0,0.0,0.0,0.0,0.0,0.0,0.0,0.0,0.0,0.0,0.0,0.0,0.0,0.0,0.0,0.0,0.0,0.0,0.0,0.0,0.0,0.0,0.0,0.0,0.0,0.0,0.0,0.0,0.0,0.0,0.0,0.0,0.0,0.0,0.0,0.0,0.0,0.0,0.0,0.0,0.0,0.0,0.0,0.0,0.0,0.0,0.0,0.0,0.0,0.0,0.0,0.0,0.0,0.0,0.0,0.0,0.0,0.0,0.0,0.0,0.0,0.0,0.0,0.0,0.0,0.0,0.0,0.0,0.0,0.0,0.0,0.0,0.0,0.0,0.0,0.0,0.0,0.0,0.0,0.0,0.0,0.0,0.0,0.0,0.0,0.0,0.0,0.0,0.0,0.0,0.0,0.0,0.0,0.0,0.0,0.0,0.0,0.0,0.0,0.0,0.0,0.0,0.0,0.0,0.0,0.0,0.0,0.0,0.0,0.0,0.0,0.0,0.0,0.0,0.0,0.0,0.0,0.0,0.0,0.0,0.0,0.0,0.0,0.0,0.0,0.0,0.0,0.0,0.0,0.0,0.0,0.0,0.0,0.0,0.0,0.0,0.0,0.0,0.0,0.0,0.0,0.0,0.0,0.0,0.0,0.0,0.0,0.0,0.0,0.0,0.0,0.0,0.0,0.0,0.0,0.0,0.0,0.0,0.0,0.0,0.0,0.0,0.0,0.0,0.0,0.0,0.0,0.0,0.0,0.0,0.0,0.0,0.0,0.0,0.0,0.0,0.0,0.0,0.0,0.0,0.0,0.0,0.0,0.0,0.0,0.0,0.0,0.0,0.0,0.0,0.0,0.0,0.0,0.0,0.0,0.0,0.0,0.0,0.0,0.0,0.0,0.0,0.0,0.0,0.0,0.0,0.0,0.0,0.0,0.0,0.0,0.0,0.0,0.0,0.0,0.0,0.0,0.0,0.0,0.0,0.0,0.0,0.0,0.0,0.0,0.0,0.0,0.0,0.0,0.0,0.0,0.0,0.0,0.0,0.0,0.0,0.0,0.0,0.0,0.0,0.0,0.0,0.0,0.0,0.0,0.0,0.0,0.0,0.0,0.0,0.0,0.0,0.0,0.0,0.0,0.0,0.0,0.0,0.0,0.0,0.0,0.0,0.0,0.0,0.0,0.0,0.0,0.0,0.0,0.0,0.0,0.0,0.0,0.0,0.0,0.0,0.0,0.0,0.0,0.0,0.0,0.0,0.0,0.0,0.0,0.0,0.0,0.0,0.0,0.0,0.0,0.0,0.0,0.0,0.0,0.0,0.0,0.0,0.0,0.0,0.0,0.0,0.0,0.0,0.0,0.0,0.0,0.0,0.0,0.0,0.0,0.0,0.0,0.0,0.0,0.0,0.0,0.0,0.0,0.0,0.0,0.0,0.0,0.0,0.0,0.0,0.0,0.0,0.0,0.0,0.0,0.0,0.0,0.0,0.0,0.0,0.0,0.0,0.0,0.0,0.0,0.0,0.0,0.0,0.0,0.0,0.0,0.0,0.0,0.0,0.0,0.0,0.0,0.0,0.0,0.0,0.0,0.0,0.0,0.0,0.0,0.0,0.0,0.0,0.0,0.0,0.0,0.0,0.0,0.0,0.0,0.0,0.0,0.0,0.0,0.0,0.0,0.0,0.0,0.0,0.0,0.0,0.0,0.0,0.0,0.0,0.0,0.0,0.0,0.0,0.0,0.0,0.0,0.0,0.0,0.0,0.0,0.0,0.0,0.0,0.0,0.0,0.0,0.0,0.0,0.0,0.0,0.0,0.0,0.0,0.0,0.0,0.0,0.0,0.0,0.0,0.0,0.0,0.0,0.0,0.0,0.0,0.0,0.0,0.0,0.0,0.0,0.0,0.0,0.0,0.0,0.0,0.0,0.0,0.0,0.0,0.0,0.0,0.0,0.0,0.0,0.0,0.0,0.0,0.0,0.0,0.0,0.0,0.0,0.0,0.0,0.0,0.0,0.0,0.0,0.0,0.0,0.0,0.0,0.0,0.0,0.0,0.0,0.0,0.0,0.0,0.0,0.0,0.0,0.0,0.0,0.0,0.0,0.0,0.0,0.0,0.0,0.0,0.0,0.0,0.0,0.0,0.0,0.0,0.0,0.0,0.0,0.0,0.0,0.0,0.0,0.0,0.0,0.0,0.0,0.0,0.0,0.0,0.0,0.0,0.0,0.0,0.0,0.0,0.0,0.0,0.0,0.0,0.0,0.0,0.0,0.0,0.0,0.0,0.0,0.0,0.0,0.0,0.0,0.0,0.0,0.0,0.0,0.0,0.0,0.0,0.0,0.0,0.0,0.0,0.0,0.0,0.0,0.0,0.0,0.0,0.0,0.0,0.0,0.0,0.0,0.0,0.0,0.0,0.0,0.0,0.0,0.0,0.0,0.0,0.0,0.0,0.0,0.0,0.0,0.0,0.0,0.0,0.0,0.0,0.0,0.0,0.0,0.0,0.0,0.0,0.0,0.0,0.0,0.0,0.0,0.0,0.0,0.0,0.0,0.0,0.0,0.0,0.0,0.0,0.0,0.0,0.0,0.0,0.0,0.0,0.0,0.0,0.0,0.0,0.0,0.0,0.0,0.0,0.0,0.0,0.0,0.0,0.0,0.0,0.0,0.0,0.0,0.0,0.0,0.0,0.0,0.0,0.0,0.0,0.0,0.0,0.0,0.0,0.0,0.0,0.0,0.0,0.0,0.0,0.0,0.0,0.0,0.0,0.0,0.0,0.0,0.0,0.0,0.0,0.0,0.0,0.0,0.0,0.0,0.0,0.0,0.0,0.0,0.0,0.0,0.0,0.0,0.0,0.0,0.0,0.0,0.0,0.0,0.0,0.0,0.0,0.0,0.0,0.0,0.0,0.0,0.0,0.0,0.0,0.0,0.0,0.0,0.0,0.0,0.0,0.0,0.0,0.0,0.0,0.0,0.0,0.0,0.0,0.0,0.0,0.0,0.0,0.0,0.0,0.0,0.0,0.0,0.0,0.0,0.0,0.0,0.0,0.0,0.0,0.0,0.0,0.0,0.0,0.0,0.0,0.0,0.0,0.0,0.0,0.0,0.0,0.0,0.0,0.0,0.0,0.0,0.0,0.0,0.0,0.0,0.0,0.0,0.0,0.0,0.0,0.0,0.0,0.0,0.0,0.0,0.0,0.0,0.0,0.0,0.0,0.0,0.0,0.0,0.0,0.0,0.0,0.0,0.0,0.0,0.0,0.0,0.0,0.0,0.0,0.0,0.0,0.0,0.0,0.0,0.0,0.0,0.0,0.0,0.0,0.0,0.0,0.0,0.0,0.0,0.0,0.0,0.0,0.0,0.0,0.0,0.0,0.0,0.0,0.0,0.0,0.0,0.0,0.0,0.0,0.0,0.0,0.0,0.0,0.0,0.0,0.0,0.0,0.0,0.0,0.0,0.0,0.0,0.0,0.0,0.0,0.0,0.0,0.0,0.0,0.0,0.0,0.0,0.0,0.0,0.0,0.0,0.0,0.0,0.0,0.0,0.0,0.0,0.0,0.0,0.0,0.0,0.0,0.0,0.0,0.0,0.0,0.0,0.0,0.0,0.0,0.0,0.0,0.0,0.0,1.6669316156262607e-05,3.3945850865041985e-05,5.186468951172105e-05,7.046726967927719e-05,8.980081020851568e-05,0.00010991834699821387,0.0001308791579398692,0.0001527494717064472,0.00017560342065448472,0.0001995242386313784,0.0002246057326870506,0.00025095408131436855,0.00027869003577935545,0.0003079516295041801,0.00033889753708861095,0.0003717112741195516,0.00040660649800435764,0.0004438337681063336,0.0004836892652472352,0.0005265261790163467,0.0005727697834453246,0.0006229376981835175,0.0006776675758156749,0.0007377556431524019,0.0008042114688293945,0.0008783376040295935,0.0009618484249793975,0.0010570526853435583,0.001167143132771312,0.0012966725276636018,0.0014523655727285486,0.0016445515930682186,0.0018897326748876185,0.0022149445057288446,0.0026628293504466403,0.0032847186212170898,0.004090036256030374,0.004992397906496219,0.005869309870876897,0.006645794722934414,0.007300679284819033,0.00784089400191577,0.008282667064866973,0.008643057477023828,0.008937085111186308,0.00917715728614506,0.00937328236188328,0.009533480809114231,0.009664189236840669,0.009770600032775906,0.009856931216397902,0.009926636762640464,0.009982570087993694,0.010027111363294875,0.01006226608893745,0.010089739310935162,0.01011098801859211,0.010127254625980695,0.010139586857980602,0.010148851604065878,0.0101557496570153,0.010160834640718656,0.010164535486260158,0.010167179814489924,0.010169015663994316,0.01017023006084078,0.010170963987737652,0.010171323987439545,0.01017139093536997,0.010171226574674275,0.010170878347564694,0.010170382957911134,0.010169769000547557,0.010169058908010365,0.010168270398732302,0.010167417560526403,0.010166511666289768,0.010165561792131657,0.01016457528888791,0.01016355814416032,0.010162515262082679,0.010161450680853478,0.010160367742887888,0.01015926922866964,0.010158157462618986,0.010157034397268009,0.010155901680503348,0.010154760709555946,0.010153612674528462,0.010152458593645173,0.010151299341916326,0.010150135674535831,0.010148968246057473,0.010147797626166279,0.01014662431269761,0.010145448742422725,0.010144271300012584,0.01014309232551577,0.010141912120615422,0.010140730953883485,0.010139549065206485,0.010138366669528973,0.010137183960022007,0.010136001110784826,0.010134818279148026,0.010133635607647042,0.010132453225717406,0.010131271251155613,0.010130089791384522,0.010128908944549535,0.010127728800475274,0.010126549441498205,0.010125370943198004,0.010124193375042802,0.010123016800954034,0.010121841279809021,0.010120666865886014,0.010119493609261473,0.0101183215561637,0.010117150749287122,0.010115981228082046,0.010114813029006747,0.01011364618575897,0.010112480729487906,0.010111316688981836,0.010110154090840418,0.010108992959633396,0.010107833318043262,0.010106675186997661,0.010105518585787603,0.010104363532180404,0.010103210042520887,0.010102058131824888,0.0101009078138655,0.01009975910125388,0.010098612005512694,0.010097466537145728,0.0100963227057003,0.010095180519825423,0.010094039987334177,0.010092901115244387,0.010091763909831917,0.010090628376676554,0.010089494520699856,0.010088362346209924,0.010087231856931136,0.01008610305604159,0.010084975946206387,0.010083850529604702,0.01008272680795991,0.010081604782564778,0.010080484454307152,0.010079365823695795,0.01007824889087252,0.010077133655647436,0.01007602011750703,0.010074908275637515,0.010073798128940683,0.010072689676050498,0.010071582915348463,0.010070477844978146,0.010069374462858898,0.010068272766698938,0.010067172754006919,0.010066074422104153,0.010064977768135426,0.010063882789079423,0.010062789481758209,0.010061697842848024,0.010060607868883163,0.010059519556270654,0.01005843290129591,0.010057347900126645,0.010056264548824993,0.010055182843350304,0.010054102779571146,0.010053024353263716,0.010051947560122301,0.010050872395763855,0.010049798855732872,0.010048726935506536,0.010047656630499035,0.010046587936065865,0.010045520847509383,0.010044455360080683,0.01004339146898444,0.010042329169382753,0.010041268456398097,0.010040209325115027,0.010039151770589684,0.010038095787843305,0.01003704137187125,0.010035988517643781,0.01003493722010853,0.010033887474194201,0.010032839274811401,0.010031792616854617,0.010030747495205217,0.01002970390473318,0.01002866184029813,0.010027621296753329,0.010026582268943143,0.010025544751709458,0.010024508739890324,0.010023474228321871,0.010022441211839985,0.010021409685281318,0.010020379643484937,0.010019351081292491,0.010018323993550706,0.010017298375111701,0.010016274220833435,0.010015251525581833,0.010014230284230864,0.010013210491663609,0.010012192142773092,0.010011175232463077,0.010010159755648477,0.010009145707256572,0.010008133082227193,0.01000712187551357,0.010006112082082814,0.010005103696916503,0.01000409671501117,0.010003091131378818,0.010002086941047341,0.01000108413906067,0.010000082720480459,0.009999082680384496,0.00999808401386837,0.009997086716045513,0.00999609078204748,0.009995096207024259,0.009994102986144561,0.009993111114596016,0.009992120587585489,0.009991131400339269,0.009990143548103262,0.009989157026143208,0.009988171829744845,0.009987187954214063,0.009986205394877018,0.009985224147080484,0.009984244206191649,0.009983265567598406,0.009982288226709454,0.009981312178954467,0.009980337419783922,0.009979363944669525,0.009978391749103728,0.009977420828600581,0.009976451178694966,0.009975482794943164,0.009974515672922847,0.009973549808232743,0.009972585196492986,0.009971621833344997,0.009970659714451546,0.009969698835496659,0.009968739192185739,0.009967780780245418,0.009966823595423648,0.009965867633489597,0.00996491289023363,0.00996395936146732,0.009963007043023405,0.009962055930755687,0.009961106020539049,0.009960157308269373,0.00995920978986352,0.009958263461259246,0.009957318318415129,0.009956374357310534,0.009955431573945548,0.009954489964340896,0.009953549524537888,0.009952610250598333,0.009951672138604479,0.009950735184658919,0.009949799384884528,0.00994886473542436,0.009947931232441606,0.009946998872119467,0.009946067650661096,0.009945137564289492,0.009944208609247402,0.00994328078179731,0.009942354078221225,0.009941428494820687,0.009940504027916616,0.009939580673849244,0.009938658428978028,0.009937737289681507,0.009936817252357283,0.009935898313421844,0.009934980469310519,0.009934063716477369,0.00993314805139508,0.009932233470554875,0.00993131997046632,0.009930407547657439,0.009929496198674401,0.009928585920081489,0.009927676708461099,0.009926768560413477,0.009925861472556672,0.009924955441526499,0.009924050463976384,0.009923146536577259,0.009922243656017474,0.009921341819002696,0.009920441022255791,0.00991954126251673,0.009918642536542533,0.009917744841107091,0.009916848173001102,0.009915952529031961,0.009915057906023678,0.009914164300816748,0.009913271710268118,0.009912380131250965,0.00991148956065472,0.009910599995384883,0.00990971143236297,0.009908823868526406,0.009907937300828404,0.009907051726237874,0.009906167141739376,0.00990528354433294,0.009904400931034018,0.009903519298873382,0.009902638644897002,0.009901758966165998,0.009900880259756497,0.009900002522759568,0.009899125752281098,0.009898249945441766,0.009897375099376807,0.009896501211236109,0.009895628278183964,0.009894756297399042,0.00989388526607429,0.009893015181416836,0.009892146040647923,0.009891277841002777,0.009890410579730542,0.009889544254094173,0.009888678861370383,0.009887814398849514,0.009886950863835467,0.009886088253645627,0.009885226565610746,0.009884365797074864,0.009883505945395268,0.00988264700794232,0.009881788982099472,0.009880931865263086,0.009880075654842434,0.009879220348259528,0.009878365942949162,0.00987751243635868,0.009876659825947987,0.009875808109189472,0.009874957283567867,0.009874107346580242,0.009873258295735862,0.009872410128556115,0.009871562842574498,0.009870716435336461,0.00986987090439935,0.009869026247332352,0.009868182461716418,0.009867339545144157,0.009866497495219787,0.009865656309559054,0.009864815985789137,0.009863976521548632,0.009863137914487393,0.009862300162266515,0.009861463262558302,0.009860627213046085,0.009859792011424224,0.009858957655398029,0.00985812414268369,0.009857291471008193,0.009856459638109272,0.009855628641735293,0.009854798479645249,0.009853969149608665,0.009853140649405496,0.00985231297682615,0.0098514861296713,0.009850660105751917,0.009849834902889156,0.009849010518914325,0.009848186951668768,0.009847364199003847,0.00984654225878088,0.009845721128871037,0.009844900807155317,0.00984408129152446,0.009843262579878906,0.00984244467012871,0.00984162756019351,0.009840811248002446,0.009839995731494104,0.009839181008616445,0.009838367077326783,0.00983755393559169,0.009836741581386945,0.00983593001269748,0.009835119227517335,0.009834309223849586,0.009833499999706282,0.009832691553108402,0.009831883882085803,0.009831076984677159,0.009830270858929898,0.009829465502900146,0.009828660914652707,0.00982785709226095,0.00982705403380682,0.009826251737380732,0.009825450201081557,0.00982464942301654,0.009823849401301269,0.009823050134059616,0.009822251619423687,0.009821453855533775,0.009820656840538296,0.00981986057259375,0.009819065049864689,0.00981827027052362,0.009817476232751008,0.009816682934735196,0.009815890374672367,0.009815098550766494,0.009814307461229299,0.009813517104280202,0.00981272747814627,0.00981193858106217,0.009811150411270135,0.009810362967019908,0.009809576246568696,0.009808790248181144,0.009808004970129246,0.009807220410692359,0.009806436568157105,0.009805653440817378,0.009804871026974254,0.009804089324935978,0.009803308333017917,0.009802528049542493,0.00980174847283918,0.009800969601244443,0.009800191433101691,0.009799413966761232,0.009798637200580253,0.009797861132922775,0.009797085762159596,0.009796311086668239,0.009795537104833002,0.00979476381504478,0.009793991215701129,0.009793219305206189,0.009792448081970643,0.009791677544411717,0.009790907690953072,0.009790138520024846,0.009789370030063546,0.00978860221951206,0.009787835086819605,0.009787068630441662,0.00978630284883999,0.009785537740482577,0.009784773303843572,0.00978400953740326,0.009783246439648055,0.009782484009070449,0.00978172224416897,0.009780961143448142,0.009780200705418476,0.009779440928596407,0.009778681811504299,0.009777923352670366,0.00977716555062866,0.009776408403919048,0.00977565191108716,0.009774896070684368,0.009774140881267745,0.009773386341400061,0.009772632449649704,0.009771879204590678,0.009771126604802574,0.009770374648870527,0.009769623335385192,0.00976887266294271,0.009768122630144664,0.009767373235598073,0.009766624477915365,0.009765876355714301,0.009765128867618017,0.009764382012254953,0.009763635788258788,0.009762890194268476,0.009762145228928175,0.00976140089088724,0.009760657178800206,0.009759914091326718,0.009759171627131535,0.009758429784884485,0.009757688563260465,0.009756947960939365,0.009756207976606089,0.00975546860895053,0.009754729856667477,0.009753991718456662,0.009753254193022701,0.009752517279075057,0.009751780975328033,0.009751045280500765,0.009750310193317138,0.009749575712505811,0.009748841836800184,0.009748108564938329,0.009747375895663043,0.00974664382772174,0.0097459123598665,0.009745181490853985,0.009744451219445449,0.00974372154440671,0.009742992464508101,0.009742263978524481,0.009741536085235201,0.009740808783424058,0.00974008207187929,0.009739355949393552,0.009738630414763898,0.009737905466791753,0.009737181104282878,0.009736457326047368,0.009735734130899612,0.009735011517658276,0.009734289485146297,0.009733568032190824,0.009732847157623238,0.00973212686027911,0.009731407138998163,0.009730687992624278,0.009729969420005464,0.009729251419993843,0.009728533991445602,0.009727817133220996,0.009727100844184338,0.009726385123203942,0.009725669969152128,0.009724955380905204,0.009724241357343434,0.009723527897351009,0.009722814999816058,0.009722102663630619,0.009721390887690588,0.0097206796708957,0.009719969012149585,0.009719258910359692,0.009718549364437225,0.009717840373297197,0.009717131935858384,0.009716424051043311,0.00971571671777823,0.00971500993499309,0.00971430370162153,0.009713598016600891,0.00971289287887214,0.009712188287379872,0.009711484241072318,0.009710780738901295,0.009710077779822203,0.00970937536279401,0.00970867348677923,0.009707972150743906,0.009707271353657584,0.00970657109449331,0.009705871372227603,0.009705172185840445,0.009704473534315259,0.009703775416638893,0.00970307783180161,0.009702380778797058,0.009701684256622265,0.009700988264277618,0.009700292800766841,0.009699597865097003,0.00969890345627846,0.009698209573324885,0.009697516215253218,0.009696823381083653,0.009696131069839657,0.00969543928054791,0.009694748012238328,0.009694057263943987,0.009693367034701198,0.009692677323549415,0.009691988129531258,0.00969129945169248,0.009690611289081968,0.009689923640751708,0.009689236505756796,0.009688549883155411,0.009687863772008776,0.009687178171381181,0.009686493080339965,0.009685808497955478,0.009685124423301082,0.009684440855453127,0.009683757793490962,0.009683075236496893,0.009682393183556176,0.009681711633757013,0.009681030586190534,0.009680350039950778,0.009679669994134676,0.009678990447842059,0.009678311400175622,0.00967763285024092,0.009676954797146347,0.009676277240003148,0.009675600177925374,0.00967492361002988,0.009674247535436315,0.009673571953267124,0.009672896862647499,0.009672222262705409,0.009671548152571553,0.009670874531379351,0.009670201398264973,0.009669528752367257,0.009668856592827752,0.009668184918790691,0.009667513729402987,0.009666843023814186,0.009666172801176473,0.009665503060644703,0.009664833801376326,0.0096641650225314,0.009663496723272588,0.009662828902765144,0.009662161560176885,0.009661494694678202,0.009660828305442022,0.009660162391643832,0.00965949695246163,0.009658831987075941,0.009658167494669795,0.009657503474428718,0.009656839925540714,0.009656176847196269,0.009655514238588325,0.009654852098912274,0.00965419042736596,0.009653529223149649,0.00965286848546602,0.00965220821352017,0.00965154840651958,0.00965088906367414,0.009650230184196104,0.009649571767300092,0.009648913812203086,0.009648256318124411,0.009647599284285727,0.009646942709911017,0.009646286594226592,0.009645630936461048,0.009644975735845305,0.009644320991612535,0.009643666702998219,0.009643012869240086,0.009642359489578112,0.009641706563254538,0.009641054089513837,0.009640402067602707,0.009639750496770069,0.009639099376267045,0.009638448705346959,0.00963779848326533,0.009637148709279845,0.009636499382650376,0.009635850502638939,0.009635202068509732,0.009634554079529062,0.009633906534965401,0.009633259434089329,0.009632612776173543,0.00963196656049285,0.009631320786324163,0.009630675452946467,0.00963003055964085,0.00962938610569047,0.009628742090380534,0.009628098512998305,0.009627455372833105,0.00962681266917628,0.00962617040132123,0.009625528568563345,0.009624887170200052,0.009624246205530769,0.009623605673856917,0.009622965574481902,0.009622325906711112,0.009621686669851899,0.009621047863213586,0.009620409486107448,0.009619771537846714,0.009619134017746547,0.009618496925124027,0.009617860259298186,0.00961722401958995,0.009616588205322166,0.009615952815819579,0.009615317850408811,0.009614683308418385,0.009614049189178698,0.009613415492022012,0.009612782216282457,0.009612149361296009,0.009611516926400495,0.009610884910935577,0.009610253314242765,0.00960962213566537,0.00960899137454853,0.009608361030239201,0.009607731102086143,0.009607101589439873,0.009606472491652763,0.009605843808078914,0.009605215538074216,0.009604587680996328,0.009603960236204663,0.009603333203060406,0.009602706580926454,0.009602080369167466,0.009601454567149833,0.009600829174241673,0.009600204189812807,0.009599579613234778,0.009598955443880836,0.009598331681125926,0.009597708324346687,0.009597085372921437,0.009596462826230175,0.009595840683654577,0.009595218944577981,0.009594597608385378,0.009593976674463416,0.009593356142200384,0.009592736010986223,0.009592116280212499,0.0095914969492724,0.009590878017560735,0.009590259484473935,0.009589641349410039,0.009589023611768678,0.009588406270951085,0.00958778932636007,0.009587172777400049,0.009586556623477,0.009585940863998475,0.009585325498373593,0.009584710526013021,0.009584095946329,0.009583481758735291,0.009582867962647226,0.009582254557481632,0.009581641542656937,0.009581028917593005,0.009580416681711272,0.009579804834434671,0.009579193375187655,0.009578582303396147,0.009577971618487596,0.009577361319890926,0.009576751407036543,0.009576141879356351,0.0095755327362837,0.009574923977253413,0.009574315601701784,0.00957370760906656,0.009573099998786933,0.00957249277030355,0.009571885923058486,0.009571279456495262,0.00957067337005882,0.009570067663195528,0.00956946233535317,0.009568857385980949,0.00956825281452947,0.009567648620450748,0.009567044803198184,0.009566441362226586,0.009565838296992136,0.009565235606952407,0.009564633291566338,0.009564031350294256,0.009563429782597837,0.00956282858794014,0.009562227765785561,0.009561627315599858,0.009561027236850135,0.009560427529004836,0.009559828191533741,0.009559229223907971,0.009558630625599961,0.00955803239608348,0.009557434534833608,0.00955683704132674,0.009556239915040576,0.00955564315545413,0.009555046762047702,0.0095544507343029,0.009553855071702599,0.009553259773730987,0.00955266483987351,0.0095520702696169,0.009551476062449162,0.009550882217859559,0.009550288735338617,0.009549695614378127,0.00954910285447113,0.009548510455111911,0.009547918415796,0.009547326736020175,0.009546735415282432,0.009546144453082018,0.009545553848919388,0.009544963602296229,0.00954437371271545,0.00954378417968116,0.009543195002698688,0.009542606181274563,0.009542017714916522,0.009541429603133478,0.009540841845435567,0.00954025444133408,0.009539667390341523,0.009539080691971555,0.009538494345739027,0.009537908351159972,0.009537322707751539,0.0095367374150321,0.009536152472521152,0.009535567879739361,0.009534983636208546,0.009534399741451653,0.009533816194992795,0.00953323299635721,0.00953265014507128,0.009532067640662509,0.009531485482659535,0.009530903670592119,0.009530322203991136,0.00952974108238858,0.009529160305317561,0.00952857987231229,0.009527999782908086,0.009527420036641372,0.009526840633049658,0.00952626157167156,0.009525682852046767,0.009525104473716068,0.009524526436221328,0.009523948739105484,0.009523371381912558,0.009522794364187641,0.009522217685476885,0.009521641345327512,0.009521065343287793,0.00952048967890707,0.009519914351735723,0.009519339361325197,0.009518764707227968,0.009518190388997563,0.009517616406188548,0.009517042758356515,0.009516469445058101,0.009515896465850953,0.009515323820293763,0.009514751507946237,0.009514179528369082,0.009513607881124049,0.009513036565773875,0.009512465581882314,0.00951189492901414,0.009511324606735098,0.009510754614611946,0.009510184952212437,0.009509615619105322,0.009509046614860319,0.009508477939048153,0.009507909591240515,0.009507341571010085,0.009506773877930502,0.009506206511576397,0.009505639471523355,0.009505072757347922,0.009504506368627624,0.009503940304940933,0.00950337456586728,0.009502809150987042,0.009502244059881558,0.009501679292133107,0.009501114847324904,0.009500550725041114,0.009499986924866838,0.009499423446388105,0.00949886028919188,0.00949829745286606,0.00949773493699945,0.0094971727411818,0.009496610865003766,0.009496049308056913,0.00949548806993374,0.00949492715022763,0.009494366548532895,0.009493806264444743,0.009493246297559274,0.009492686647473507,0.009492127313785343,0.009491568296093576,0.009491009593997886,0.009490451207098856,0.00948989313499793,0.009489335377297455,0.009488777933600645,0.009488220803511591,0.009487663986635256,0.009487107482577474,0.00948655129094495,0.009485995411345252,0.009485439843386798,0.009484884586678883,0.009484329640831651,0.009483775005456095,0.009483220680164073,0.009482666664568267,0.009482112958282229,0.009481559560920333,0.009481006472097814,0.00948045369143073,0.009479901218535978,0.009479349053031293,0.009478797194535224,0.009478245642667167,0.009477694397047327,0.009477143457296739,0.009476592823037259,0.009476042493891548,0.009475492469483095,0.0094749427494362,0.009474393333375962,0.009473844220928292,0.009473295411719903,0.009472746905378311,0.009472198701531839,0.009471650799809602,0.009471103199841497,0.009470555901258226,0.009470008903691278,0.009469462206772932,0.009468915810136242,0.009468369713415052,0.009467823916243987,0.009467278418258441,0.009466733219094586,0.009466188318389373,0.009465643715780521,0.009465099410906511,0.009464555403406582,0.009464011692920767,0.009463468279089823,0.009462925161555292,0.009462382339959458,0.009461839813945362,0.009461297583156801,0.009460755647238313,0.009460214005835195,0.00945967265859347,0.009459131605159928,0.00945859084518208,0.009458050378308179,0.009457510204187222,0.009456970322468925,0.009456430732803753,0.00945589143484289,0.009455352428238238,0.009454813712642446,0.009454275287708869,0.009453737153091581,0.009453199308445388,0.009452661753425804,0.009452124487689053,0.009452124487689052,0.009452124487689053,0.009452124487689055,0.009452124487689055,0.009452124487689052,0.009452124487689052,0.009452124487689052,0.009452124487689053,0.009452124487689053,0.009452124487689053,0.009452124487689052,0.009452124487689053,0.009452124487689053,0.009452124487689053,0.009452124487689053,0.009452124487689055,0.009452124487689053,0.009452124487689052,0.009452124487689053,0.009452124487689052,0.009452124487689053,0.009452124487689048,0.009452124487689053,0.009452124487689053,0.009452124487689048,0.009452124487689045,0.009452124487689045,0.009452124487689048,0.009452124487689048,0.009452124487689046,0.009452124487689045,0.009452124487689045,0.009452124487689043,0.009452124487689048,0.009452124487689045,0.009452124487689043,0.009452124487689043,0.009452124487689045,0.009452124487689043,0.009452124487689045,0.009452124487689045,0.009452124487689045,0.009452124487689046,0.009452124487689046,0.009452124487689048,0.009452124487689048,0.009452124487689048,0.009452124487689046,0.009452124487689048,0.009452124487689045,0.009452124487689045,0.009452124487689046,0.009452124487689046,0.009452124487689045,0.009452124487689046,0.009452124487689045,0.009452124487689046,0.009452124487689046,0.00945212448768905,0.009452124487689048,0.009452124487689048,0.009452124487689046,0.009452124487689048,0.009452124487689045,0.009452124487689048,0.009452124487689048,0.00945212448768905,0.00945212448768905,0.00945212448768905,0.00945212448768905,0.009452124487689048,0.009452124487689048,0.009452124487689046,0.009452124487689048,0.009452124487689048,0.009452124487689046,0.009452124487689045,0.009452124487689045,0.00945212448768905,0.009452124487689048,0.009452124487689046,0.009452124487689046,0.009452124487689048,0.009452124487689046,0.009452124487689048,0.009452124487689046,0.009452124487689045,0.009452124487689046,0.009452124487689045,0.009452124487689046,0.009452124487689045,0.009452124487689046,0.009452124487689045,0.009452124487689048,0.009452124487689046,0.009452124487689045,0.009452124487689045,0.00945212448768905,0.009452124487689048,0.00945212448768905,0.009452124487689048,0.009452124487689048,0.009452124487689048,0.009452124487689048,0.009452124487689048,0.009452124487689052,0.00945212448768905,0.009452124487689048,0.009452124487689048,0.00945212448768905,0.009452124487689048,0.009452124487689057,0.009452124487689053,0.009452124487689057,0.009452124487689057,0.009452124487689053,0.009452124487689057,0.009452124487689055,0.009452124487689059,0.009452124487689057,0.009452124487689057,0.009452124487689057,0.009452124487689057,0.009452124487689059,0.009452124487689059,0.009452124487689059,0.009452124487689057,0.009452124487689059,0.009452124487689055,0.009452124487689053,0.009452124487689057,0.009452124487689057,0.009452124487689055,0.009452124487689055,0.009452124487689053,0.009452124487689057,0.009452124487689057,0.009452124487689059,0.009452124487689057,0.009452124487689057,0.009452124487689057,0.009452124487689057,0.00945212448768906,0.009452124487689059,0.009452124487689059,0.009452124487689059,0.009452124487689057,0.009452124487689057,0.009452124487689057,0.00945212448768906,0.009452124487689059,0.009452124487689055,0.00945212448768906,0.009452124487689059,0.009452124487689062,0.009452124487689065,0.009452124487689067,0.00945212448768907,0.009452124487689067,0.009452124487689067,0.009452124487689069,0.00945212448768907,0.009452124487689072,0.00945212448768907,0.00945212448768907,0.00945212448768907,0.00945212448768907,0.00945212448768907,0.009452124487689072,0.009452124487689072,0.009452124487689076,0.009452124487689072,0.009452124487689072,0.009452124487689069,0.009452124487689074,0.009452124487689074,0.009452124487689078,0.009452124487689076,0.009452124487689072,0.009452124487689078,0.009452124487689074,0.009452124487689074,0.009452124487689074,0.009452124487689076,0.009452124487689078,0.009452124487689076,0.009452124487689076,0.009452124487689076,0.009452124487689078,0.009452124487689078,0.009452124487689076,0.009452124487689078,0.009452124487689076,0.009452124487689072,0.009452124487689074,0.009452124487689074,0.009452124487689076,0.009452124487689074,0.009452124487689078,0.009452124487689076,0.009452124487689076,0.009452124487689076,0.009452124487689078,0.009452124487689076,0.009452124487689078,0.009452124487689076,0.009452124487689078,0.009452124487689078,0.009452124487689078,0.009452124487689081,0.009452124487689078,0.009452124487689076,0.009452124487689078,0.009452124487689076,0.009452124487689078,0.009452124487689078,0.009452124487689076,0.009452124487689078,0.009452124487689074,0.009452124487689076,0.009452124487689074,0.009452124487689076,0.009452124487689076,0.009452124487689076,0.009452124487689076,0.009452124487689081,0.009452124487689076,0.009452124487689076,0.009452124487689074,0.009452124487689076,0.009452124487689076,0.009452124487689076,0.009452124487689076,0.009452124487689078,0.009452124487689076,0.009452124487689076,0.00945212448768908,0.009452124487689078,0.009452124487689076,0.009452124487689076,0.009452124487689076,0.009452124487689072,0.009452124487689078,0.009452124487689076,0.009452124487689072,0.009452124487689076,0.009452124487689076,0.009452124487689074,0.009452124487689072,0.009452124487689074,0.00945212448768907,0.00945212448768907,0.009452124487689074,0.009452124487689072,0.009452124487689074,0.00945212448768907,0.009452124487689072,0.009452124487689072,0.009452124487689072,0.009452124487689072,0.009452124487689072,0.009452124487689072,0.009452124487689074,0.009452124487689074,0.009452124487689078,0.009452124487689076,0.009452124487689078,0.009452124487689078,0.009452124487689076,0.009452124487689078,0.009452124487689078,0.009452124487689078,0.009452124487689078,0.009452124487689078,0.009452124487689076,0.009452124487689078,0.00945212448768908,0.009452124487689078,0.00945212448768908,0.009452124487689078,0.009452124487689076,0.009452124487689076,0.009452124487689076,0.009452124487689074,0.009452124487689072,0.009452124487689074,0.009452124487689074,0.009452124487689076,0.009452124487689076,0.009452124487689072,0.009452124487689072,0.009452124487689076,0.009452124487689076,0.009452124487689076,0.00945212448768908,0.00945212448768908,0.00945212448768908,0.00945212448768908,0.009452124487689078,0.00945212448768908,0.009452124487689078,0.009452124487689076,0.009452124487689081,0.009452124487689078,0.009452124487689078,0.009452124487689081,0.00945212448768908,0.009452124487689078,0.009452124487689078,0.009452124487689081,0.00945212448768908,0.009452124487689078,0.00945212448768908,0.009452124487689074,0.009452124487689085,0.009452124487689081,0.009452124487689083,0.009452124487689083,0.009452124487689086,0.009452124487689085,0.009452124487689086,0.009452124487689085,0.009452124487689085,0.009452124487689085,0.009452124487689083,0.009452124487689085,0.009452124487689083,0.009452124487689085,0.009452124487689083,0.009452124487689085,0.009452124487689083,0.009452124487689085,0.009452124487689085,0.009452124487689083,0.009452124487689086,0.00945212448768908,0.009452124487689083,0.009452124487689081,0.009452124487689085,0.009452124487689083,0.009452124487689085,0.009452124487689081,0.009452124487689081,0.00945212448768908,0.009452124487689081,0.00945212448768908,0.00945212448768908,0.00945212448768908,0.00945212448768908,0.009452124487689081,0.009452124487689078,0.00945212448768908,0.00945212448768908,0.009452124487689081,0.00945212448768908,0.009452124487689081,0.00945212448768908,0.009452124487689081,0.009452124487689081,0.009452124487689078,0.00945212448768908,0.009452124487689076,0.009452124487689076,0.009452124487689078,0.009452124487689076,0.009452124487689078,0.009452124487689078,0.009452124487689076,0.009452124487689076,0.009452124487689074,0.009452124487689076,0.009452124487689078,0.009452124487689078,0.00945212448768908,0.009452124487689076,0.00945212448768908,0.009452124487689078,0.009452124487689076,0.009452124487689078,0.009452124487689078,0.009452124487689078,0.009452124487689074,0.009452124487689078,0.009452124487689078,0.009452124487689081,0.009452124487689076,0.009452124487689078,0.009452124487689076,0.009452124487689076,0.009452124487689076,0.00945212448768908,0.009452124487689076,0.00945212448768908,0.009452124487689078,0.00945212448768908,0.009452124487689081,0.009452124487689078,0.009452124487689076,0.009452124487689076,0.009452124487689078,0.009452124487689076,0.009452124487689072,0.009452124487689074,0.009452124487689076,0.009452124487689072,0.009452124487689074,0.009452124487689074,0.009452124487689074,0.009452124487689074,0.009452124487689074,0.009452124487689074,0.009452124487689074,0.009452124487689074,0.009452124487689072,0.009452124487689074,0.009452124487689072,0.009452124487689072,0.009452124487689076,0.009452124487689072,0.009452124487689072,0.009452124487689074,0.009452124487689076,0.009452124487689072,0.009452124487689074,0.009452124487689074,0.009452124487689078,0.009452124487689078,0.009452124487689078,0.00945212448768908,0.009452124487689081,0.009452124487689081,0.009452124487689078,0.009452124487689078,0.009452124487689078,0.00945212448768908,0.009452124487689076,0.00945212448768908,0.00945212448768908,0.009452124487689076,0.009452124487689078,0.009452124487689076,0.009452124487689078,0.009452124487689078,0.009452124487689081,0.009452124487689072,0.00945212448768908,0.00945212448768908,0.009452124487689081,0.00945212448768908,0.00945212448768908,0.009452124487689078,0.00945212448768908,0.00945212448768908,0.009452124487689076,0.009452124487689081,0.009452124487689081,0.009452124487689076,0.009452124487689081,0.009452124487689081,0.00945212448768908,0.00945212448768908,0.00945212448768908,0.009452124487689081,0.009452124487689081,0.009452124487689081,0.009452124487689081,0.009452124487689081,0.009452124487689081,0.009452124487689083,0.00945212448768908,0.009452124487689081,0.00945212448768908,0.00945212448768908,0.009452124487689081,0.009452124487689081,0.00945212448768908,0.00945212448768908,0.00945212448768908,0.009452124487689081,0.00945212448768908,0.009452124487689076,0.00945212448768908,0.009452124487689081,0.00945212448768908,0.009452124487689083,0.009452124487689078,0.009452124487689083,0.009452124487689081,0.009452124487689081,0.009452124487689081,0.00945212448768908,0.00945212448768908,0.00945212448768908,0.009452124487689078,0.009452124487689076,0.009452124487689083,0.009452124487689081,0.009452124487689078,0.00945212448768908,0.009452124487689083,0.009452124487689081,0.00945212448768908,0.00945212448768908,0.00945212448768908,0.009452124487689081,0.00945212448768908,0.009452124487689081,0.00945212448768908,0.009452124487689078,0.009452124487689081,0.009452124487689081,0.009452124487689078,0.009452124487689078,0.009452124487689081,0.009452124487689081,0.00945212448768908,0.00945212448768908,0.009452124487689081,0.00945212448768908,0.00945212448768908,0.009452124487689078,0.00945212448768908,0.00945212448768908,0.00945212448768908,0.00945212448768908,0.00945212448768908,0.00945212448768908,0.00945212448768908,0.00945212448768908,0.009452124487689081,0.009452124487689078,0.009452124487689081,0.009452124487689078,0.009452124487689076,0.00945212448768908,0.00945212448768908,0.00945212448768908,0.009452124487689076,0.00945212448768908,0.009452124487689081,0.00945212448768908,0.00945212448768908,0.00945212448768908,0.009452124487689076,0.00945212448768908,0.00945212448768908,0.009452124487689085,0.009452124487689081,0.009452124487689078,0.009452124487689076,0.009452124487689078,0.009452124487689078,0.00945212448768908,0.009452124487689081,0.009452124487689078,0.00945212448768908,0.009452124487689078,0.00945212448768908,0.00945212448768908,0.009452124487689081,0.009452124487689076,0.00945212448768908,0.009452124487689076,0.00945212448768908,0.009452124487689081,0.009452124487689078,0.009452124487689076,0.00945212448768908,0.009452124487689076,0.00945212448768908,0.009452124487689078,0.009452124487689078,0.009452124487689081,0.00945212448768908,0.009452124487689076,0.009452124487689078,0.009452124487689078,0.009452124487689078,0.009452124487689076,0.00945212448768908,0.00945212448768908,0.009452124487689078,0.00945212448768908,0.009452124487689076,0.009452124487689076,0.009452124487689072,0.009452124487689078,0.009452124487689078,0.00945212448768908,0.00945212448768908,0.009452124487689078,0.009452124487689078,0.009452124487689078,0.009452124487689072,0.009452124487689072,0.009452124487689076,0.009452124487689074,0.009452124487689074,0.009452124487689074,0.009452124487689076,0.009452124487689076,0.009452124487689074,0.009452124487689076,0.009452124487689074,0.009452124487689078,0.00945212448768908,0.009452124487689076,0.009452124487689076,0.009452124487689078,0.009452124487689074,0.009452124487689078,0.009452124487689078,0.009452124487689078,0.009452124487689078,0.009452124487689076,0.009452124487689076,0.009452124487689076,0.009452124487689076,0.009452124487689076,0.009452124487689078,0.009452124487689076,0.009452124487689076,0.009452124487689076,0.009452124487689078,0.009452124487689081,0.009452124487689076,0.009452124487689078,0.009452124487689078,0.009452124487689076,0.009452124487689076,0.009452124487689081,0.00945212448768908,0.00945212448768908,0.00945212448768908,0.00945212448768908,0.00945212448768908,0.009452124487689078,0.009452124487689081,0.009452124487689078,0.009452124487689081,0.00945212448768908,0.009452124487689078,0.00945212448768908,0.009452124487689076,0.009452124487689078,0.009452124487689078,0.009452124487689081,0.009452124487689078,0.009452124487689081,0.009452124487689076,0.009452124487689072,0.009452124487689072,0.009452124487689072,0.009452124487689072,0.009452124487689076,0.009452124487689074,0.009452124487689074,0.009452124487689076,0.009452124487689074,0.009452124487689076,0.009452124487689076,0.009452124487689072,0.009452124487689076,0.009452124487689072,0.009452124487689074,0.009452124487689076,0.009452124487689076,0.009452124487689072,0.009452124487689074,0.009452124487689074,0.009452124487689072,0.009452124487689072,0.00945212448768908,0.009452124487689076,0.009452124487689078,0.009452124487689078,0.009452124487689078,0.009452124487689078,0.009452124487689078,0.00945212448768907,0.009452124487689072,0.009452124487689072,0.009452124487689072,0.009452124487689072,0.009452124487689074,0.009452124487689074,0.009452124487689076,0.009452124487689072,0.009452124487689072,0.009452124487689072,0.009452124487689072,0.009452124487689074,0.009452124487689072,0.00945212448768907,0.009452124487689078,0.009452124487689072,0.009452124487689072,0.009452124487689076,0.009452124487689076,0.009452124487689076,0.009452124487689074,0.009452124487689078,0.009452124487689076,0.009452124487689072,0.009452124487689072,0.009452124487689076,0.009452124487689074,0.009452124487689074,0.009452124487689072,0.009452124487689072,0.009452124487689069,0.009452124487689072,0.009452124487689072,0.009452124487689072,0.009452124487689072,0.009452124487689072,0.009452124487689072,0.009452124487689072,0.009452124487689072,0.009452124487689074,0.009452124487689072,0.009452124487689072,0.009452124487689072,0.009452124487689072,0.009452124487689074,0.009452124487689088,0.009452124487689078,0.009452124487689078,0.00945212448768908,0.00945212448768908,0.009452124487689081,0.009452124487689081,0.00945212448768908,0.009452124487689081,0.00945212448768908,0.00945212448768908,0.009452124487689078,0.00945212448768908,0.00945212448768908,0.009452124487689081,0.009452124487689076,0.00945212448768908,0.00945212448768908,0.00945212448768908,0.009452124487689078,0.00945212448768908,0.009452124487689078,0.00945212448768908,0.009452124487689081,0.009452124487689078,0.00945212448768908,0.009452124487689081,0.00945212448768908,0.009452124487689078,0.009452124487689078,0.009452124487689078,0.009452124487689078,0.009452124487689076,0.009452124487689078,0.009452124487689076,0.00945212448768908,0.009452124487689078,0.00945212448768908,0.00945212448768908,0.00945212448768908,0.009452124487689078,0.00945212448768908,0.009452124487689078,0.009452124487689078,0.009452124487689078,0.009452124487689081,0.009452124487689078,0.009452124487689081,0.00945212448768908,0.00945212448768908,0.009452124487689081,0.009452124487689081,0.009452124487689081,0.00945212448768908,0.00945212448768908,0.009452124487689078,0.00945212448768908,0.009452124487689078,0.009452124487689078,0.009452124487689078,0.009452124487689081,0.009452124487689081,0.00945212448768908,0.009452124487689076,0.009452124487689078,0.009452124487689076,0.009452124487689076,0.00945212448768908,0.009452124487689074,0.00945212448768908,0.009452124487689078,0.00945212448768908,0.00945212448768908,0.009452124487689078,0.009452124487689078,0.009452124487689076,0.009452124487689081,0.00945212448768908,0.009452124487689078,0.009452124487689081,0.009452124487689078,0.009452124487689085,0.00945212448768908,0.00945212448768908,0.009452124487689085,0.009452124487689081,0.009452124487689076,0.009452124487689081,0.009452124487689078,0.009452124487689078,0.009452124487689085,0.009452124487689081,0.009452124487689083,0.009452124487689083,0.009452124487689076,0.009452124487689085,0.009452124487689074,0.009452124487689069,0.009452124487689074,0.00945212448768907,0.009452124487689072,0.009452124487689072,0.009452124487689072,0.00945212448768907,0.00945212448768907,0.009452124487689069,0.009452124487689078,0.009452124487689072,0.00945212448768907,0.009452124487689081,0.00945212448768908,0.009452124487689081,0.00945212448768908,0.009452124487689078,0.00945212448768908,0.00945212448768908,0.00945212448768908,0.009452124487689076,0.009452124487689078,0.009452124487689072,0.009452124487689078,0.009452124487689078,0.009452124487689076,0.009452124487689078,0.009452124487689078,0.009452124487689078,0.009452124487689078,0.009452124487689078,0.00945212448768908,0.009452124487689078,0.009452124487689081,0.009452124487689078,0.009452124487689053,0.009452124487689078,0.00945212448768906,0.009452124487689064,0.009452124487689064,0.009452124487689064,0.009452124487689064,0.00945212448768906,0.009452124487689062,0.00945212448768906,0.009452124487689062,0.00945212448768906,0.00945212448768906,0.00945212448768906,0.009452124487689059,0.009452124487689059,0.009452124487689055,0.009452124487689059,0.00945212448768906,0.00945212448768906,0.009452124487689055,0.009452124487689057,0.009452124487689057,0.00945212448768906,0.009452124487689057,0.00945212448768906,0.009452124487689062,0.009452124487689059,0.00945212448768906,0.00945212448768906,0.00945212448768906,0.009452124487689057,0.009452124487689053,0.009452124487689057,0.009452124487689057,0.009452124487689057,0.009452124487689059,0.009452124487689062,0.00945212448768906,0.009452124487689064,0.009452124487689064,0.009452124487689057,0.009452124487689053,0.009452124487689053,0.009452124487689053,0.009452124487689055,0.009452124487689053,0.009452124487689055,0.009452124487689053,0.009452124487689055,0.009452124487689055,0.009452124487689057,0.009452124487689057,0.009452124487689059,0.009452124487689053,0.009452124487689055,0.00945212448768905,0.00945212448768905,0.009452124487689052,0.009452124487689053,0.009452124487689053,0.009452124487689052,0.00945212448768905,0.00945212448768905,0.009452124487689052,0.009452124487689053,0.009452124487689053,0.009452124487689053,0.009452124487689053,0.009452124487689053,0.009452124487689052,0.009452124487689052,0.009452124487689055,0.009452124487689055,0.009452124487689053,0.009452124487689053,0.009452124487689053,0.009452124487689053,0.009452124487689053,0.009452124487689052,0.009452124487689053,0.009452124487689057,0.009452124487689057,0.009452124487689057,0.009452124487689057,0.009452124487689057,0.009452124487689053,0.00945212448768905,0.009452124487689055,0.009452124487689053,0.009452124487689055,0.009452124487689055,0.009452124487689057,0.00945212448768905,0.009452124487689045,0.009452124487689045,0.009452124487689045,0.009452124487689046,0.009452124487689041,0.009452124487689045,0.00945212448768904,0.009452124487689045,0.009452124487689045,0.009452124487689045,0.009452124487689045,0.009452124487689045,0.009452124487689048,0.009452124487689048,0.009452124487689046,0.009452124487689046,0.00945212448768905,0.009452124487689048,0.009452124487689048,0.009452124487689046,0.009452124487689045,0.009452124487689048,0.009452124487689045,0.009452124487689045,0.009452124487689048,0.009452124487689045,0.009452124487689045,0.009452124487689048,0.009452124487689045,0.009452124487689045,0.00945212448768905,0.009452124487689048,0.009452124487689046,0.009452124487689048,0.009452124487689048,0.00945212448768905,0.009452124487689048,0.00945212448768905,0.00945212448768905,0.009452124487689046,0.00945212448768905,0.009452124487689046,0.009452124487689048,0.009452124487689048,0.009452124487689048,0.009452124487689046,0.009452124487689048,0.009452124487689048,0.00945212448768905,0.00945212448768905,0.009452124487689048,0.009452124487689048,0.009452124487689048,0.009452124487689046,0.009452124487689046,0.00945212448768905,0.00945212448768905,0.009452124487689052,0.00945212448768905,0.009452124487689055,0.009452124487689053,0.009452124487689053,0.009452124487689053,0.009452124487689052,0.009452124487689053,0.009452124487689052,0.009452124487689053,0.009452124487689053,0.009452124487689052,0.009452124487689053,0.009452124487689053,0.009452124487689052,0.009452124487689057,0.009452124487689053,0.009452124487689053,0.009452124487689053,0.009452124487689052,0.009452124487689053,0.00945212448768905,0.009452124487689053,0.009452124487689053,0.009452124487689055,0.009452124487689053,0.009452124487689053,0.009452124487689055,0.009452124487689052,0.009452124487689055,0.009452124487689059,0.009452124487689057,0.00945212448768906,0.009452124487689057,0.00945212448768906,0.00945212448768906,0.009452124487689062,0.009452124487689062,0.00945212448768906,0.009452124487689064,0.009452124487689064,0.00945212448768906,0.00945212448768906,0.00945212448768906,0.009452124487689062,0.009452124487689062,0.009452124487689062,0.00945212448768906,0.009452124487689064,0.00945212448768906,0.00945212448768906,0.009452124487689059,0.009452124487689059,0.009452124487689062,0.00945212448768906,0.00945212448768906,0.00945212448768906,0.00945212448768906,0.00945212448768906,0.009452124487689064,0.009452124487689059,0.00945212448768906,0.009452124487689064,0.00945212448768906,0.009452124487689064,0.009452124487689062,0.00945212448768906,0.00945212448768906,0.009452124487689062,0.00945212448768906,0.009452124487689064,0.009452124487689064,0.009452124487689064,0.009452124487689062,0.009452124487689062,0.00945212448768906,0.009452124487689062,0.009452124487689065,0.009452124487689065,0.009452124487689059,0.009452124487689045,0.00945212448768906,0.009452124487689057,0.009452124487689059,0.009452124487689059,0.009452124487689057,0.009452124487689057,0.009452124487689057,0.009452124487689057,0.009452124487689053,0.009452124487689057,0.009452124487689057,0.009452124487689059,0.009452124487689057,0.009452124487689059,0.009452124487689053,0.009452124487689055,0.009452124487689057,0.009452124487689055,0.009452124487689057,0.009452124487689057,0.009452124487689059,0.009452124487689055,0.009452124487689057,0.009452124487689055,0.009452124487689062,0.009452124487689057,0.009452124487689053,0.009452124487689057,0.009452124487689057,0.009452124487689053,0.009452124487689057,0.009452124487689055,0.009452124487689057,0.009452124487689059,0.009452124487689053,0.009452124487689057,0.009452124487689059,0.009452124487689059,0.009452124487689057,0.009452124487689062,0.00945212448768906,0.009452124487689059,0.009452124487689059,0.00945212448768906,0.009452124487689059,0.00945212448768906,0.009452124487689059,0.009452124487689062,0.009452124487689067,0.00945212448768906,0.00945212448768906,0.009452124487689062,0.009452124487689062,0.009452124487689062,0.009452124487689064,0.00945212448768906,0.00945212448768906,0.00945212448768906,0.009452124487689062,0.00945212448768906,0.00945212448768906,0.009452124487689064,0.009452124487689064,0.009452124487689065,0.009452124487689064,0.009452124487689064,0.009452124487689065,0.009452124487689064,0.00945212448768906,0.00945212448768906,0.009452124487689062,0.00945212448768906,0.009452124487689062,0.00945212448768906,0.009452124487689064,0.009452124487689064,0.00945212448768906,0.009452124487689064,0.009452124487689059,0.009452124487689062,0.009452124487689064,0.009452124487689064,0.009452124487689064,0.009452124487689064,0.009452124487689064,0.009452124487689064,0.009452124487689062,0.009452124487689062,0.009452124487689064,0.009452124487689062,0.00945212448768906,0.009452124487689062,0.009452124487689065,0.009452124487689064,0.00945212448768906,0.009452124487689064,0.009452124487689065,0.009452124487689064,0.009452124487689064,0.009452124487689065,0.009452124487689064,0.009452124487689064,0.009452124487689064,0.009452124487689064,0.009452124487689064,0.009452124487689064,0.009452124487689064,0.00945212448768906,0.009452124487689062,0.009452124487689062,0.00945212448768906,0.009452124487689062,0.009452124487689062,0.009452124487689062,0.009452124487689064,0.009452124487689062,0.009452124487689065,0.00945212448768906,0.009452124487689059,0.009452124487689059,0.00945212448768906,0.009452124487689053,0.00945212448768906,0.009452124487689062,0.00945212448768906,0.009452124487689057,0.009452124487689057,0.009452124487689059,0.009452124487689057,0.009452124487689057,0.009452124487689057,0.009452124487689059,0.009452124487689059,0.009452124487689057,0.00945212448768906,0.009452124487689057,0.00945212448768906,0.00945212448768906,0.009452124487689062,0.009452124487689059,0.00945212448768906,0.009452124487689064,0.009452124487689062,0.009452124487689057,0.00945212448768906,0.009452124487689059,0.009452124487689059,0.00945212448768906,0.00945212448768906,0.00945212448768906,0.00945212448768906,0.009452124487689057,0.009452124487689057,0.009452124487689057,0.009452124487689057,0.009452124487689064,0.00945212448768906,0.00945212448768906,0.00945212448768906,0.00945212448768906,0.009452124487689062,0.009452124487689059,0.009452124487689059,0.009452124487689062,0.00945212448768906,0.009452124487689062,0.00945212448768906,0.00945212448768906,0.00945212448768906,0.009452124487689062,0.00945212448768906,0.009452124487689059,0.009452124487689062,0.009452124487689062,0.009452124487689059,0.00945212448768906,0.00945212448768906,0.009452124487689062,0.00945212448768906,0.00945212448768906,0.009452124487689062,0.009452124487689062,0.009452124487689065,0.009452124487689062,0.009452124487689065,0.009452124487689062,0.009452124487689065,0.009452124487689069,0.00945212448768906,0.00945212448768906,0.009452124487689062,0.00945212448768906,0.009452124487689064,0.009452124487689062,0.009452124487689062,0.00945212448768906,0.009452124487689062,0.009452124487689064,0.009452124487689059,0.009452124487689057,0.009452124487689059,0.00945212448768906,0.00945212448768906,0.00945212448768906,0.00945212448768906,0.009452124487689059,0.009452124487689057,0.009452124487689059,0.009452124487689059,0.00945212448768906,0.00945212448768906,0.00945212448768906,0.009452124487689059,0.009452124487689057,0.009452124487689057,0.009452124487689059,0.009452124487689059,0.009452124487689052,0.009452124487689053,0.009452124487689057,0.009452124487689053,0.009452124487689053,0.009452124487689057,0.009452124487689048,0.009452124487689055,0.009452124487689057,0.009452124487689053,0.009452124487689053,0.009452124487689052,0.009452124487689052,0.009452124487689052,0.009452124487689053,0.009452124487689053,0.009452124487689052,0.009452124487689053,0.009452124487689053,0.009452124487689052,0.009452124487689053,0.009452124487689053,0.009452124487689053,0.009452124487689053,0.009452124487689052,0.009452124487689053,0.009452124487689057,0.009452124487689053,0.009452124487689053,0.00945212448768905,0.00945212448768905,0.009452124487689053,0.009452124487689053,0.009452124487689053,0.009452124487689052,0.009452124487689053,0.009452124487689052,0.00945212448768905,0.009452124487689052,0.009452124487689048,0.009452124487689052,0.00945212448768905,0.00945212448768905,0.009452124487689055,0.009452124487689059,0.009452124487689052,0.009452124487689055,0.009452124487689055,0.009452124487689052,0.009452124487689055,0.009452124487689052,0.009452124487689055,0.009452124487689057,0.009452124487689057,0.009452124487689052,0.009452124487689055,0.00945212448768906,0.009452124487689057,0.009452124487689057,0.009452124487689057,0.009452124487689053,0.009452124487689057,0.009452124487689055,0.009452124487689057,0.009452124487689057,0.009452124487689057,0.009452124487689057,0.009452124487689057,0.009452124487689055,0.009452124487689057,0.009452124487689053,0.009452124487689057,0.009452124487689055,0.009452124487689055,0.009452124487689053,0.009452124487689057,0.009452124487689059,0.009452124487689057,0.009452124487689055,0.009452124487689057,0.009452124487689057,0.009452124487689057,0.009452124487689057,0.009452124487689055,0.009452124487689059,0.009452124487689053,0.009452124487689059,0.00945212448768906,0.009452124487689062,0.00945212448768906,0.009452124487689059,0.00945212448768906,0.009452124487689057,0.009452124487689055,0.009452124487689059,0.00945212448768906,0.00945212448768906,0.009452124487689064,0.00945212448768906,0.009452124487689059,0.009452124487689062,0.009452124487689064,0.009452124487689062,0.009452124487689065,0.00945212448768906,0.009452124487689062,0.00945212448768906,0.009452124487689062,0.009452124487689064,0.009452124487689064,0.009452124487689064,0.009452124487689065,0.009452124487689069,0.009452124487689065,0.009452124487689065,0.009452124487689064,0.009452124487689065,0.009452124487689064,0.009452124487689062,0.009452124487689064,0.009452124487689059,0.00945212448768906,0.009452124487689057,0.009452124487689059,0.009452124487689059,0.009452124487689059,0.009452124487689057,0.009452124487689059,0.009452124487689057,0.009452124487689062,0.00945212448768906,0.009452124487689062,0.00945212448768906,0.009452124487689062,0.00945212448768906,0.009452124487689064,0.00945212448768906,0.009452124487689064,0.009452124487689064,0.009452124487689062,0.009452124487689062,0.009452124487689062,0.009452124487689065,0.009452124487689062,0.009452124487689062,0.009452124487689064,0.009452124487689059,0.009452124487689064,0.00945212448768906,0.009452124487689062,0.009452124487689065,0.009452124487689064,0.009452124487689062,0.009452124487689065,0.009452124487689064,0.009452124487689064,0.009452124487689065,0.00945212448768906,0.009452124487689064,0.009452124487689062,0.009452124487689062,0.009452124487689062,0.009452124487689065,0.00945212448768906,0.009452124487689065,0.009452124487689064,0.009452124487689062,0.009452124487689064,0.00945212448768906,0.009452124487689064,0.00945212448768906,0.009452124487689062,0.009452124487689064,0.009452124487689062,0.009452124487689062,0.009452124487689062,0.00945212448768906,0.009452124487689064,0.00945212448768906,0.00945212448768906,0.00945212448768906,0.009452124487689064,0.009452124487689062,0.00945212448768906,0.00945212448768906,0.00945212448768906,0.00945212448768906,0.00945212448768906,0.009452124487689062,0.009452124487689062,0.009452124487689062,0.009452124487689064,0.009452124487689062,0.00945212448768906,0.009452124487689064,0.00945212448768906,0.009452124487689062,0.009452124487689062,0.009452124487689062,0.00945212448768906,0.009452124487689064,0.009452124487689064,0.00945212448768906,0.009452124487689062,0.00945212448768906,0.009452124487689062,0.009452124487689057,0.009452124487689055,0.00945212448768906,0.00945212448768906,0.009452124487689064,0.00945212448768906,0.00945212448768906,0.009452124487689064,0.009452124487689064,0.009452124487689062,0.009452124487689067,0.009452124487689064,0.00945212448768906,0.00945212448768906,0.009452124487689064,0.009452124487689064,0.009452124487689062,0.009452124487689059,0.00945212448768906,0.00945212448768906,0.00945212448768906,0.00945212448768906,0.009452124487689059,0.00945212448768906,0.009452124487689062,0.009452124487689059,0.009452124487689059,0.009452124487689057,0.00945212448768906,0.00945212448768906,0.009452124487689059,0.00945212448768906,0.009452124487689057,0.009452124487689057,0.00945212448768906,0.00945212448768906,0.00945212448768906,0.00945212448768906,0.00945212448768906,0.00945212448768906,0.00945212448768906,0.009452124487689065,0.009452124487689064,0.009452124487689062,0.009452124487689064,0.009452124487689062,0.00945212448768906,0.009452124487689064,0.009452124487689064,0.009452124487689064,0.009452124487689062,0.009452124487689064,0.009452124487689065,0.009452124487689065,0.009452124487689062,0.009452124487689065,0.009452124487689065,0.009452124487689062,0.009452124487689065,0.009452124487689064,0.009452124487689062,0.009452124487689064,0.00945212448768906,0.009452124487689064,0.009452124487689065,0.009452124487689064,0.009452124487689064,0.009452124487689064,0.009452124487689065,0.009452124487689067,0.009452124487689067,0.009452124487689065,0.009452124487689069,0.009452124487689067,0.009452124487689069,0.009452124487689067,0.009452124487689069,0.009452124487689067,0.009452124487689069,0.009452124487689067,0.009452124487689067,0.009452124487689069,0.009452124487689069,0.009452124487689072,0.009452124487689069,0.009452124487689067,0.009452124487689072,0.00945212448768907,0.00945212448768907,0.009452124487689069,0.009452124487689069,0.00945212448768907,0.009452124487689069,0.009452124487689069,0.00945212448768907,0.009452124487689069,0.009452124487689072,0.009452124487689064,0.009452124487689069,0.009452124487689069,0.009452124487689069,0.00945212448768907,0.009452124487689069,0.009452124487689069,0.009452124487689067,0.009452124487689067,0.009452124487689067,0.00945212448768907,0.009452124487689069,0.00945212448768907,0.009452124487689069,0.00945212448768907,0.009452124487689069,0.009452124487689074,0.009452124487689072,0.00945212448768907,0.009452124487689072,0.009452124487689074,0.009452124487689069,0.00945212448768907,0.009452124487689072,0.009452124487689076,0.009452124487689074,0.009452124487689074,0.009452124487689074,0.009452124487689076,0.009452124487689072,0.009452124487689074,0.009452124487689072,0.009452124487689076,0.009452124487689076,0.009452124487689072,0.009452124487689078,0.00945212448768908,0.009452124487689078,0.009452124487689078,0.009452124487689081,0.009452124487689078,0.009452124487689076,0.009452124487689078,0.009452124487689076,0.009452124487689078,0.009452124487689074,0.009452124487689078,0.009452124487689078,0.009452124487689076,0.009452124487689076,0.00945212448768908,0.00945212448768908,0.009452124487689076,0.009452124487689078,0.009452124487689078,0.009452124487689078,0.009452124487689076,0.009452124487689078,0.009452124487689072,0.009452124487689076,0.009452124487689076,0.009452124487689078,0.00945212448768908,0.009452124487689076,0.009452124487689078,0.009452124487689076,0.009452124487689076,0.009452124487689076,0.009452124487689076,0.009452124487689078,0.009452124487689078,0.00945212448768908,0.009452124487689081,0.009452124487689076,0.009452124487689074,0.009452124487689081,0.00945212448768908,0.009452124487689076,0.00945212448768908,0.009452124487689081,0.009452124487689078,0.00945212448768908,0.009452124487689078,0.009452124487689074,0.009452124487689076,0.009452124487689078,0.009452124487689074,0.009452124487689076,0.009452124487689078,0.009452124487689078,0.009452124487689078,0.009452124487689081,0.00945212448768908,0.009452124487689083,0.00945212448768908,0.00945212448768908,0.009452124487689081,0.009452124487689083,0.00945212448768908,0.00945212448768908,0.00945212448768908,0.009452124487689081,0.00945212448768908,0.00945212448768908,0.009452124487689081,0.009452124487689078,0.009452124487689081,0.00945212448768908,0.00945212448768908,0.009452124487689081,0.009452124487689081,0.00945212448768908,0.009452124487689081,0.009452124487689083,0.009452124487689083,0.00945212448768908,0.009452124487689081,0.00945212448768908,0.009452124487689081,0.00945212448768908,0.009452124487689076,0.009452124487689081,0.009452124487689081,0.00945212448768908,0.00945212448768908,0.009452124487689081,0.009452124487689081,0.00945212448768908,0.009452124487689076,0.009452124487689081,0.009452124487689078,0.00945212448768908,0.00945212448768908,0.00945212448768908,0.009452124487689083,0.00945212448768908,0.009452124487689081,0.009452124487689083,0.00945212448768908,0.00945212448768908,0.00945212448768908,0.009452124487689078,0.00945212448768908,0.00945212448768908,0.009452124487689076,0.009452124487689081,0.00945212448768908,0.00945212448768908,0.009452124487689085,0.009452124487689076,0.009452124487689076,0.009452124487689076,0.009452124487689078,0.009452124487689078,0.009452124487689078,0.00945212448768908,0.009452124487689076,0.009452124487689078,0.009452124487689074,0.009452124487689078,0.009452124487689076,0.009452124487689078,0.009452124487689074,0.009452124487689076,0.009452124487689076,0.009452124487689078,0.009452124487689076,0.009452124487689076,0.009452124487689078,0.009452124487689078,0.009452124487689076,0.009452124487689078,0.009452124487689078,0.009452124487689076,0.009452124487689078,0.009452124487689074,0.009452124487689078,0.009452124487689078,0.009452124487689078,0.00945212448768908,0.009452124487689076,0.009452124487689076,0.009452124487689076,0.009452124487689076,0.009452124487689076,0.009452124487689076,0.009452124487689076,0.009452124487689076,0.009452124487689076,0.009452124487689076,0.009452124487689078,0.009452124487689076,0.009452124487689076,0.009452124487689078,0.009452124487689072,0.009452124487689076,0.009452124487689076,0.009452124487689076,0.009452124487689076,0.00945212448768908,0.009452124487689074,0.009452124487689076,0.009452124487689074,0.009452124487689076,0.009452124487689076,0.009452124487689076,0.009452124487689078,0.009452124487689076,0.009452124487689069,0.009452124487689074,0.009452124487689074,0.009452124487689076,0.009452124487689074,0.009452124487689072,0.009452124487689078,0.009452124487689076,0.009452124487689076,0.009452124487689076,0.009452124487689078,0.009452124487689078,0.009452124487689076,0.009452124487689078,0.009452124487689078,0.009452124487689076,0.009452124487689074,0.009452124487689078,0.009452124487689076,0.009452124487689078,0.009452124487689076,0.009452124487689076,0.009452124487689076,0.009452124487689076,0.009452124487689076,0.009452124487689076,0.009452124487689076,0.009452124487689076,0.009452124487689076,0.009452124487689078,0.009452124487689076,0.009452124487689074,0.009452124487689076,0.009452124487689076,0.009452124487689074,0.009452124487689076,0.009452124487689076,0.009452124487689076,0.009452124487689076,0.009452124487689076,0.009452124487689076,0.009452124487689076,0.009452124487689074,0.009452124487689076,0.009452124487689078,0.009452124487689074,0.009452124487689074,0.009452124487689076,0.009452124487689072,0.009452124487689074,0.009452124487689069,0.009452124487689069,0.00945212448768907,0.00945212448768907,0.009452124487689048,0.00945212448768904,0.009452124487689045,0.009452124487689041,0.009452124487689065,0.009452124487689041,0.00945212448768904,0.009452124487689019,0.009452124487689046,0.009452124487689043,0.00945212448768905,0.009452124487689027,0.009452124487689041,0.009452124487689041,0.009452124487689041,0.009452124487689041,0.009452124487689065,0.009452124487689064,0.009452124487689067,0.009452124487689085,0.009452124487689086,0.009452124487689088,0.009452124487689093,0.009452124487689069,0.009452124487689076,0.00945212448768908,0.00945212448768908,0.009452124487689081,0.009452124487689081,0.009452124487689081,0.00945212448768908,0.009452124487689081,0.00945212448768908,0.00945212448768908,0.009452124487689081,0.009452124487689081,0.009452124487689081,0.009452124487689081,0.00945212448768908,0.009452124487689081,0.00945212448768908,0.00945212448768908,0.009452124487689081,0.009452124487689085,0.009452124487689081,0.00945212448768908,0.00945212448768908,0.009452124487689081,0.00945212448768908,0.00945212448768908,0.009452124487689078,0.00945212448768908,0.009452124487689081,0.00945212448768908,0.009452124487689081,0.00945212448768908,0.00945212448768908,0.009452124487689081,0.009452124487689081,0.00945212448768908,0.009452124487689076,0.009452124487689078,0.009452124487689083,0.00945212448768908,0.009452124487689081,0.009452124487689083,0.00945212448768908,0.00945212448768908,0.009452124487689081,0.009452124487689083,0.009452124487689085,0.00945212448768908,0.009452124487689081,0.009452124487689085,0.009452124487689085,0.009452124487689083,0.009452124487689086,0.009452124487689088,0.00945212448768907,0.009452124487689088,0.009452124487689085,0.009452124487689076,0.009452124487689072,0.009452124487689074,0.009452124487689074,0.009452124487689074,0.00945212448768907,0.009452124487689072,0.009452124487689072,0.009452124487689072,0.009452124487689072,0.009452124487689072,0.009452124487689088,0.009452124487689067,0.009452124487689067,0.009452124487689053,0.009452124487689072,0.00945212448768906,0.009452124487689064,0.009452124487689064,0.009452124487689064,0.009452124487689065,0.00945212448768906,0.009452124487689064,0.00945212448768906,0.009452124487689062,0.00945212448768906,0.00945212448768906,0.00945212448768906,0.00945212448768906,0.009452124487689065,0.009452124487689064,0.009452124487689064,0.009452124487689064,0.009452124487689064,0.009452124487689062,0.009452124487689064,0.00945212448768906,0.009452124487689062,0.00945212448768906,0.00945212448768906,0.00945212448768906,0.00945212448768906,0.009452124487689057,0.009452124487689057,0.009452124487689057,0.009452124487689059,0.00945212448768906,0.00945212448768906,0.00945212448768906,0.009452124487689057,0.009452124487689057,0.009452124487689059,0.00945212448768906,0.00945212448768906,0.00945212448768906,0.009452124487689057,0.00945212448768906,0.009452124487689062,0.009452124487689057,0.009452124487689059,0.00945212448768906,0.00945212448768906,0.009452124487689062,0.009452124487689059,0.009452124487689062,0.009452124487689059,0.00945212448768906,0.00945212448768906,0.00945212448768906,0.00945212448768906,0.009452124487689059,0.009452124487689059,0.00945212448768906,0.009452124487689059,0.009452124487689059,0.00945212448768906,0.009452124487689057,0.00945212448768906,0.009452124487689059,0.00945212448768906,0.009452124487689059,0.00945212448768906,0.009452124487689057,0.00945212448768906,0.00945212448768906,0.009452124487689057,0.009452124487689062,0.009452124487689059,0.00945212448768906,0.00945212448768906,0.009452124487689059,0.009452124487689057,0.00945212448768906,0.00945212448768906,0.00945212448768906,0.009452124487689059,0.009452124487689057,0.00945212448768906,0.009452124487689059,0.009452124487689057,0.009452124487689059,0.009452124487689059,0.00945212448768906,0.009452124487689057,0.00945212448768906,0.009452124487689059,0.009452124487689059,0.00945212448768906,0.009452124487689059,0.00945212448768906,0.00945212448768906,0.009452124487689059,0.009452124487689059,0.009452124487689059,0.009452124487689059,0.00945212448768906,0.00945212448768906,0.009452124487689057,0.00945212448768906,0.009452124487689059,0.00945212448768906,0.009452124487689059,0.00945212448768906,0.009452124487689062,0.00945212448768906,0.00945212448768906,0.009452124487689057,0.00945212448768906,0.009452124487689062,0.009452124487689062,0.00945212448768906,0.009452124487689059,0.009452124487689062,0.00945212448768906,0.00945212448768906,0.009452124487689059,0.00945212448768906,0.009452124487689059,0.00945212448768906,0.00945212448768906,0.00945212448768906,0.009452124487689062,0.009452124487689059,0.00945212448768906,0.00945212448768906,0.009452124487689059,0.009452124487689059,0.009452124487689059,0.009452124487689057,0.00945212448768906,0.00945212448768906,0.00945212448768906,0.00945212448768906,0.00945212448768906,0.00945212448768906,0.00945212448768906,0.00945212448768906,0.00945212448768906,0.00945212448768906,0.00945212448768906,0.00945212448768906,0.009452124487689053,0.00945212448768906,0.00945212448768906,0.00945212448768906,0.009452124487689064,0.009452124487689064,0.009452124487689064,0.009452124487689064,0.009452124487689064,0.00945212448768906,0.00945212448768906,0.009452124487689059,0.009452124487689057,0.00945212448768906,0.00945212448768906,0.00945212448768906,0.00945212448768906,0.009452124487689057,0.009452124487689059,0.009452124487689059,0.00945212448768906,0.009452124487689055,0.009452124487689059,0.009452124487689055,0.009452124487689057,0.009452124487689059,0.009452124487689057,0.009452124487689055,0.009452124487689055,0.009452124487689053,0.009452124487689057,0.009452124487689053,0.009452124487689053,0.009452124487689053,0.009452124487689053,0.009452124487689053,0.009452124487689053,0.009452124487689053,0.009452124487689057,0.009452124487689053,0.009452124487689052,0.009452124487689052,0.009452124487689053,0.009452124487689052,0.009452124487689057,0.009452124487689052,0.00945212448768905,0.009452124487689048,0.00945212448768905,0.009452124487689053,0.009452124487689053,0.009452124487689053,0.009452124487689053,0.009452124487689057,0.009452124487689053,0.009452124487689052,0.00945212448768905,0.009452124487689053,0.009452124487689052,0.009452124487689052,0.009452124487689052,0.009452124487689052,0.009452124487689053,0.009452124487689053,0.009452124487689053,0.009452124487689057,0.009452124487689053,0.009452124487689053,0.009452124487689057,0.009452124487689053,0.009452124487689057,0.009452124487689055,0.009452124487689059,0.009452124487689057,0.009452124487689057,0.009452124487689053,0.009452124487689055,0.009452124487689057,0.009452124487689053,0.009452124487689057,0.009452124487689055,0.009452124487689055,0.009452124487689057,0.009452124487689055,0.009452124487689053,0.009452124487689055,0.009452124487689057,0.009452124487689053,0.009452124487689057,0.009452124487689053,0.009452124487689053,0.009452124487689053,0.009452124487689055,0.009452124487689057,0.009452124487689055,0.009452124487689057,0.00945212448768905,0.009452124487689045,0.009452124487689055,0.009452124487689057,0.009452124487689048,0.009452124487689045,0.009452124487689041,0.009452124487689041,0.009452124487689045,0.009452124487689045,0.009452124487689045,0.009452124487689046,0.009452124487689046,0.009452124487689043,0.009452124487689045,0.009452124487689045,0.009452124487689043,0.009452124487689048,0.009452124487689059,0.009452124487689052,0.009452124487689059,0.009452124487689067,0.009452124487689059,0.009452124487689057,0.009452124487689048,0.009452124487689052,0.009452124487689053,0.009452124487689052,0.009452124487689053,0.009452124487689052,0.009452124487689055,0.009452124487689057,0.009452124487689059,0.009452124487689052,0.009452124487689057,0.009452124487689053,0.009452124487689072,0.009452124487689065,0.009452124487689064,0.009452124487689069,0.009452124487689069,0.009452124487689067,0.009452124487689069,0.00945212448768907,0.009452124487689069,0.009452124487689069,0.009452124487689069,0.009452124487689069,0.009452124487689069,0.009452124487689069,0.009452124487689069,0.009452124487689067,0.009452124487689067,0.009452124487689069,0.009452124487689069,0.009452124487689069,0.009452124487689069,0.009452124487689069,0.009452124487689064,0.009452124487689067,0.009452124487689069,0.009452124487689069,0.009452124487689064,0.009452124487689069,0.009452124487689067,0.009452124487689067,0.009452124487689069,0.009452124487689069,0.009452124487689069,0.009452124487689069,0.009452124487689069,0.009452124487689065,0.00945212448768907,0.009452124487689067,0.009452124487689067,0.009452124487689067,0.009452124487689067,0.009452124487689067,0.009452124487689069,0.009452124487689067,0.00945212448768907,0.009452124487689069,0.00945212448768907,0.00945212448768907,0.00945212448768907,0.009452124487689069,0.009452124487689069,0.00945212448768907,0.009452124487689069,0.009452124487689069,0.00945212448768907,0.009452124487689069,0.009452124487689069,0.009452124487689067,0.009452124487689072,0.009452124487689072,0.00945212448768907,0.009452124487689069,0.009452124487689069,0.009452124487689069,0.009452124487689072,0.00945212448768907,0.00945212448768907,0.009452124487689072,0.009452124487689069,0.009452124487689069,0.009452124487689072,0.00945212448768907,0.00945212448768907,0.009452124487689072,0.009452124487689072,0.00945212448768907,0.009452124487689072,0.009452124487689069,0.009452124487689069,0.009452124487689069,0.00945212448768907,0.00945212448768907,0.009452124487689072,0.009452124487689072,0.00945212448768907,0.00945212448768907,0.009452124487689069,0.009452124487689072,0.009452124487689069,0.009452124487689069,0.009452124487689072,0.009452124487689072,0.00945212448768907,0.009452124487689072,0.00945212448768907,0.009452124487689072,0.00945212448768907,0.00945212448768907,0.009452124487689069,0.009452124487689072,0.009452124487689074,0.009452124487689072,0.009452124487689072,0.00945212448768907,0.009452124487689072,0.00945212448768907,0.00945212448768907,0.009452124487689074,0.009452124487689072,0.009452124487689072,0.009452124487689072,0.009452124487689074,0.00945212448768907,0.009452124487689072,0.009452124487689074,0.009452124487689072,0.00945212448768907,0.009452124487689072,0.00945212448768907,0.00945212448768907,0.00945212448768907,0.009452124487689072,0.00945212448768907,0.009452124487689069,0.009452124487689072,0.00945212448768907,0.00945212448768907,0.009452124487689072,0.00945212448768907,0.009452124487689069,0.00945212448768907,0.009452124487689069,0.009452124487689069,0.00945212448768907,0.009452124487689067,0.00945212448768907,0.00945212448768907,0.009452124487689069,0.00945212448768907,0.009452124487689069,0.009452124487689069,0.00945212448768907,0.00945212448768907,0.009452124487689069,0.00945212448768907,0.009452124487689069,0.009452124487689069,0.009452124487689069,0.00945212448768907,0.009452124487689069,0.009452124487689069,0.009452124487689069,0.009452124487689069,0.009452124487689069,0.009452124487689069,0.00945212448768907,0.009452124487689069,0.009452124487689069,0.009452124487689074,0.009452124487689069,0.009452124487689069,0.009452124487689069,0.009452124487689069,0.00945212448768907,0.009452124487689069,0.009452124487689069,0.00945212448768907,0.009452124487689067,0.009452124487689067,0.009452124487689067,0.009452124487689069,0.009452124487689069,0.009452124487689072,0.009452124487689069,0.009452124487689069,0.00945212448768907,0.009452124487689069,0.00945212448768907,0.009452124487689069,0.009452124487689069,0.009452124487689069,0.009452124487689069,0.00945212448768907,0.009452124487689069,0.009452124487689074,0.009452124487689069,0.00945212448768907,0.00945212448768907,0.009452124487689072,0.009452124487689069,0.009452124487689069,0.009452124487689069,0.009452124487689069,0.00945212448768907,0.009452124487689069,0.009452124487689069,0.009452124487689069,0.009452124487689067,0.00945212448768907,0.009452124487689067,0.00945212448768907,0.009452124487689069,0.009452124487689069,0.00945212448768907,0.009452124487689072,0.009452124487689069,0.00945212448768907,0.009452124487689072,0.009452124487689069,0.009452124487689069,0.00945212448768907,0.00945212448768907,0.00945212448768907,0.009452124487689069,0.009452124487689069,0.009452124487689069,0.009452124487689069,0.00945212448768907,0.00945212448768907,0.009452124487689069,0.009452124487689067,0.009452124487689064,0.009452124487689064,0.009452124487689067,0.009452124487689065,0.00945212448768907,0.009452124487689064,0.009452124487689074,0.009452124487689067,0.009452124487689069,0.009452124487689067,0.00945212448768907,0.00945212448768907,0.009452124487689069,0.009452124487689069,0.00945212448768907,0.009452124487689069,0.00945212448768907,0.00945212448768907,0.009452124487689072,0.009452124487689072,0.009452124487689072,0.009452124487689072,0.009452124487689072,0.009452124487689072,0.009452124487689072,0.009452124487689074,0.009452124487689072,0.009452124487689072,0.009452124487689072,0.009452124487689074,0.009452124487689072,0.009452124487689074,0.009452124487689074,0.009452124487689072,0.009452124487689076,0.009452124487689078,0.00945212448768908,0.009452124487689081,0.00945212448768908,0.00945212448768908,0.009452124487689081,0.009452124487689081,0.00945212448768908,0.009452124487689078,0.00945212448768908,0.009452124487689078,0.009452124487689078,0.009452124487689078,0.009452124487689083,0.009452124487689085,0.009452124487689083,0.009452124487689081,0.009452124487689081,0.009452124487689083,0.009452124487689083,0.009452124487689085,0.009452124487689085,0.00945212448768908,0.00945212448768908,0.00945212448768908,0.009452124487689081,0.00945212448768908,0.00945212448768908,0.009452124487689083,0.009452124487689081,0.009452124487689081,0.009452124487689081,0.00945212448768908,0.009452124487689081,0.009452124487689081,0.009452124487689081,0.009452124487689081,0.009452124487689081,0.009452124487689081,0.00945212448768908,0.009452124487689081,0.009452124487689081,0.009452124487689081,0.009452124487689081,0.009452124487689081,0.009452124487689081,0.009452124487689083,0.00945212448768908,0.009452124487689081,0.009452124487689083,0.009452124487689083,0.009452124487689083,0.009452124487689081,0.009452124487689078,0.009452124487689074,0.009452124487689072,0.009452124487689076,0.009452124487689078,0.009452124487689076,0.009452124487689074,0.009452124487689072,0.009452124487689074,0.009452124487689074,0.009452124487689072,0.009452124487689072,0.009452124487689072,0.009452124487689074,0.009452124487689074,0.009452124487689074,0.009452124487689072,0.009452124487689076,0.00945212448768907,0.009452124487689072,0.009452124487689072,0.009452124487689072,0.00945212448768907,0.009452124487689074,0.009452124487689072,0.009452124487689072,0.009452124487689069,0.009452124487689072,0.009452124487689072,0.00945212448768907,0.009452124487689072,0.00945212448768907,0.009452124487689072,0.00945212448768907,0.009452124487689072,0.009452124487689069,0.009452124487689072,0.009452124487689069,0.00945212448768907,0.009452124487689072,0.00945212448768907,0.009452124487689072,0.009452124487689072,0.00945212448768907,0.009452124487689072,0.009452124487689074,0.009452124487689072,0.009452124487689072,0.009452124487689074,0.009452124487689074,0.009452124487689072,0.009452124487689072,0.00945212448768907,0.009452124487689074,0.009452124487689072,0.009452124487689076,0.009452124487689074,0.009452124487689076,0.009452124487689074,0.009452124487689072,0.009452124487689076,0.009452124487689072,0.009452124487689072,0.009452124487689076,0.009452124487689074,0.009452124487689074,0.009452124487689072,0.00945212448768907,0.009452124487689072,0.009452124487689072,0.009452124487689074,0.009452124487689072,0.009452124487689072,0.009452124487689074,0.009452124487689074,0.009452124487689072,0.009452124487689074,0.009452124487689072,0.00945212448768907,0.009452124487689076,0.009452124487689072,0.009452124487689072,0.009452124487689074,0.009452124487689076,0.009452124487689076,0.009452124487689072,0.009452124487689072,0.009452124487689076,0.009452124487689078,0.009452124487689074,0.009452124487689064,0.009452124487689069,0.009452124487689067,0.009452124487689072,0.009452124487689069,0.009452124487689069,0.009452124487689069,0.009452124487689067,0.009452124487689069,0.009452124487689069,0.009452124487689069,0.00945212448768907,0.00945212448768907,0.009452124487689069,0.00945212448768907,0.00945212448768907,0.009452124487689069,0.009452124487689067,0.009452124487689067,0.009452124487689067,0.009452124487689069,0.009452124487689067,0.009452124487689069,0.009452124487689067,0.00945212448768907,0.009452124487689069,0.009452124487689069,0.009452124487689069,0.009452124487689067,0.009452124487689069,0.00945212448768907,0.009452124487689069,0.00945212448768907,0.00945212448768907,0.009452124487689069,0.009452124487689069,0.00945212448768907,0.009452124487689072,0.00945212448768907,0.00945212448768907,0.009452124487689067,0.009452124487689069,0.009452124487689072,0.00945212448768907,0.009452124487689069,0.009452124487689072,0.00945212448768907,0.009452124487689069,0.009452124487689067,0.009452124487689069,0.00945212448768907,0.009452124487689069,0.009452124487689069,0.009452124487689072,0.009452124487689069,0.009452124487689072,0.009452124487689069,0.009452124487689072,0.009452124487689065,0.009452124487689067,0.009452124487689072,0.00945212448768907,0.009452124487689072,0.009452124487689074,0.009452124487689072,0.009452124487689072,0.009452124487689072,0.009452124487689072,0.009452124487689069,0.009452124487689072,0.00945212448768907,0.009452124487689069,0.009452124487689072,0.009452124487689069,0.00945212448768907,0.009452124487689072,0.009452124487689069,0.009452124487689069,0.009452124487689069,0.009452124487689069,0.009452124487689069,0.00945212448768907,0.00945212448768907,0.009452124487689069,0.009452124487689072,0.009452124487689069,0.009452124487689072,0.009452124487689072,0.009452124487689069,0.009452124487689069,0.009452124487689069,0.009452124487689072,0.009452124487689067,0.00945212448768907,0.009452124487689069,0.00945212448768907,0.009452124487689069,0.009452124487689069,0.009452124487689069,0.009452124487689067,0.009452124487689069,0.009452124487689069,0.009452124487689069,0.009452124487689069,0.009452124487689067,0.009452124487689067,0.009452124487689067,0.00945212448768907,0.009452124487689069,0.009452124487689069,0.009452124487689069,0.00945212448768907,0.009452124487689069,0.009452124487689069,0.009452124487689067,0.009452124487689069,0.00945212448768907,0.009452124487689067,0.009452124487689074,0.009452124487689069,0.009452124487689069,0.009452124487689069,0.009452124487689069,0.009452124487689069,0.00945212448768907,0.009452124487689072,0.009452124487689067,0.00945212448768907,0.009452124487689067,0.009452124487689069,0.009452124487689069,0.009452124487689069,0.00945212448768907,0.009452124487689069,0.009452124487689067,0.00945212448768907,0.009452124487689069,0.009452124487689067,0.00945212448768907,0.009452124487689069,0.009452124487689069,0.009452124487689076,0.009452124487689069,0.009452124487689074,0.00945212448768907,0.009452124487689072,0.009452124487689069,0.00945212448768907,0.009452124487689069,0.00945212448768907,0.009452124487689069,0.009452124487689074,0.009452124487689067,0.009452124487689069,0.00945212448768907,0.009452124487689069,0.009452124487689072,0.009452124487689072,0.009452124487689072,0.009452124487689069,0.009452124487689074,0.009452124487689078,0.009452124487689072,0.009452124487689076,0.009452124487689076,0.009452124487689076,0.009452124487689072,0.009452124487689074,0.009452124487689076,0.009452124487689072,0.009452124487689078,0.009452124487689078,0.009452124487689078,0.009452124487689076,0.009452124487689076,0.009452124487689076,0.00945212448768908,0.009452124487689076,0.009452124487689078,0.009452124487689072,0.009452124487689076,0.009452124487689074,0.009452124487689078,0.009452124487689076,0.009452124487689078,0.009452124487689076,0.009452124487689078,0.00945212448768907,0.009452124487689072,0.009452124487689074,0.009452124487689072,0.009452124487689074,0.009452124487689072,0.009452124487689076,0.009452124487689078,0.009452124487689074,0.009452124487689076,0.009452124487689072,0.009452124487689072,0.009452124487689074,0.009452124487689072,0.009452124487689074,0.009452124487689072,0.009452124487689072,0.009452124487689072,0.009452124487689072,0.009452124487689072,0.009452124487689074,0.009452124487689074,0.009452124487689078,0.009452124487689074,0.009452124487689076,0.009452124487689072,0.009452124487689072,0.009452124487689078,0.009452124487689076,0.009452124487689072,0.009452124487689076,0.009452124487689072,0.009452124487689078,0.009452124487689076,0.009452124487689076,0.009452124487689076,0.00945212448768908,0.009452124487689078,0.009452124487689078,0.009452124487689078,0.00945212448768908,0.00945212448768908,0.00945212448768907,0.009452124487689074,0.009452124487689074,0.009452124487689076,0.009452124487689078,0.009452124487689074,0.009452124487689074,0.009452124487689072,0.009452124487689074,0.009452124487689074,0.009452124487689078,0.009452124487689078,0.009452124487689074,0.009452124487689076,0.009452124487689072,0.009452124487689072,0.009452124487689069,0.009452124487689069,0.009452124487689081,0.009452124487689072,0.00945212448768907,0.009452124487689069,0.009452124487689069,0.009452124487689069,0.009452124487689072,0.009452124487689067,0.009452124487689069,0.009452124487689067,0.009452124487689069,0.00945212448768907,0.009452124487689069,0.00945212448768907,0.009452124487689067,0.009452124487689069,0.009452124487689069,0.009452124487689069,0.009452124487689081,0.009452124487689088,0.009452124487689088,0.009452124487689086,0.009452124487689088,0.009452124487689086,0.009452124487689086,0.009452124487689085,0.009452124487689085,0.009452124487689085,0.009452124487689086,0.00945212448768909,0.009452124487689088,0.009452124487689088,0.00945212448768909,0.009452124487689091,0.009452124487689086,0.009452124487689086,0.009452124487689088,0.00945212448768909,0.009452124487689086,0.009452124487689088,0.009452124487689088,0.009452124487689088,0.009452124487689086,0.00945212448768909,0.00945212448768909,0.009452124487689088,0.009452124487689086,0.009452124487689088,0.009452124487689088,0.009452124487689086,0.00945212448768909,0.009452124487689088,0.00945212448768909,0.009452124487689088,0.009452124487689088,0.00945212448768909,0.00945212448768909,0.00945212448768909,0.009452124487689088,0.009452124487689088,0.00945212448768909,0.009452124487689088,0.009452124487689085,0.009452124487689086,0.009452124487689088,0.00945212448768909,0.00945212448768909,0.009452124487689088,0.009452124487689085,0.009452124487689085,0.009452124487689086,0.009452124487689086,0.009452124487689085,0.009452124487689085,0.009452124487689083,0.009452124487689085,0.009452124487689085,0.009452124487689083,0.009452124487689083,0.009452124487689085,0.009452124487689085,0.009452124487689093,0.009452124487689091,0.009452124487689091,0.009452124487689088,0.009452124487689091,0.009452124487689091,0.009452124487689093,0.009452124487689095,0.009452124487689102,0.0094521244876891,0.009452124487689102,0.009452124487689104,0.009452124487689104,0.009452124487689098,0.009452124487689105,0.009452124487689104,0.009452124487689105,0.009452124487689104,0.009452124487689097,0.009452124487689104,0.009452124487689109,0.009452124487689109,0.009452124487689109,0.009452124487689105,0.009452124487689107,0.009452124487689107,0.009452124487689104,0.009452124487689104,0.009452124487689104,0.009452124487689104,0.009452124487689104,0.009452124487689091,0.009452124487689107,0.009452124487689105,0.009452124487689104,0.009452124487689107,0.009452124487689104,0.009452124487689102,0.009452124487689105,0.009452124487689105,0.009452124487689104,0.009452124487689107,0.009452124487689109,0.009452124487689107,0.009452124487689109,0.009452124487689109,0.009452124487689109,0.009452124487689107,0.009452124487689109,0.009452124487689107,0.009452124487689107,0.009452124487689107,0.009452124487689107,0.009452124487689107,0.00945212448768911,0.009452124487689109,0.009452124487689109,0.009452124487689107,0.009452124487689107,0.009452124487689109,0.009452124487689109,0.009452124487689109,0.009452124487689109,0.009452124487689109,0.009452124487689109,0.009452124487689109,0.009452124487689112,0.009452124487689109,0.009452124487689109,0.009452124487689107,0.009452124487689109,0.00945212448768911,0.009452124487689109,0.00945212448768911,0.009452124487689109,0.009452124487689105,0.009452124487689107,0.009452124487689107,0.00945212448768911,0.009452124487689109,0.009452124487689112,0.009452124487689112,0.009452124487689109,0.009452124487689112,0.009452124487689109,0.009452124487689109,0.009452124487689109,0.00945212448768911,0.009452124487689112,0.009452124487689109,0.009452124487689112,0.009452124487689112,0.009452124487689112,0.00945212448768911,0.009452124487689114,0.009452124487689112,0.009452124487689116,0.009452124487689112,0.00945212448768911,0.009452124487689114,0.009452124487689112,0.009452124487689112,0.009452124487689114,0.00945212448768911,0.009452124487689114,0.009452124487689112,0.009452124487689107,0.00945212448768911,0.009452124487689112,0.009452124487689112,0.00945212448768911,0.009452124487689112,0.00945212448768912,0.009452124487689112,0.00945212448768911,0.009452124487689114,0.00945212448768911,0.00945212448768911,0.009452124487689109,0.009452124487689109,0.009452124487689109,0.009452124487689112,0.009452124487689114,0.00945212448768911,0.009452124487689109,0.009452124487689112,0.009452124487689114,0.00945212448768911,0.009452124487689109,0.00945212448768911,0.00945212448768911,0.00945212448768911,0.009452124487689109,0.009452124487689109,0.009452124487689109,0.009452124487689112,0.009452124487689112,0.009452124487689107,0.009452124487689109,0.009452124487689109,0.009452124487689109,0.009452124487689109,0.009452124487689109,0.009452124487689109,0.009452124487689107,0.00945212448768911,0.009452124487689109,0.009452124487689107,0.009452124487689109,0.00945212448768911,0.00945212448768911,0.009452124487689109,0.009452124487689109,0.009452124487689109,0.009452124487689107,0.009452124487689107,0.009452124487689107,0.009452124487689105,0.009452124487689107,0.009452124487689107,0.009452124487689107,0.009452124487689104,0.009452124487689105,0.009452124487689107,0.009452124487689104,0.009452124487689104,0.009452124487689107,0.009452124487689104,0.009452124487689104,0.009452124487689107,0.009452124487689109,0.009452124487689109,0.009452124487689109,0.009452124487689109,0.009452124487689107,0.009452124487689109,0.009452124487689102,0.009452124487689107,0.009452124487689107,0.009452124487689107,0.00945212448768911,0.009452124487689107,0.009452124487689109,0.009452124487689109,0.009452124487689107,0.009452124487689107,0.009452124487689107,0.00945212448768911,0.009452124487689112,0.009452124487689107,0.009452124487689109,0.009452124487689107,0.009452124487689109,0.009452124487689107,0.009452124487689109,0.009452124487689112,0.009452124487689107,0.009452124487689109,0.009452124487689109,0.009452124487689109,0.009452124487689109,0.00945212448768911,0.009452124487689107,0.009452124487689109,0.009452124487689109,0.009452124487689107,0.009452124487689109,0.009452124487689109,0.009452124487689109,0.009452124487689107,0.009452124487689109,0.009452124487689104,0.00945212448768911,0.009452124487689109,0.009452124487689109,0.00945212448768911,0.009452124487689109,0.009452124487689109,0.009452124487689109,0.009452124487689109,0.009452124487689112,0.009452124487689112,0.009452124487689112,0.009452124487689112,0.009452124487689112,0.009452124487689107,0.009452124487689107,0.00945212448768911,0.009452124487689109,0.009452124487689109,0.009452124487689112,0.009452124487689112,0.009452124487689109,0.00945212448768911,0.009452124487689112,0.009452124487689112,0.00945212448768911,0.009452124487689112,0.009452124487689107,0.009452124487689107,0.009452124487689109,0.009452124487689109,0.009452124487689109,0.00945212448768911,0.00945212448768911,0.009452124487689107,0.009452124487689109,0.009452124487689107,0.009452124487689109,0.009452124487689107,0.009452124487689112,0.00945212448768911,0.009452124487689109,0.009452124487689107,0.009452124487689109,0.00945212448768911,0.009452124487689109,0.009452124487689107,0.009452124487689109,0.009452124487689107,0.009452124487689118,0.00945212448768912,0.009452124487689123,0.009452124487689121,0.00945212448768912,0.009452124487689118,0.009452124487689123,0.009452124487689123,0.009452124487689121,0.00945212448768912,0.009452124487689121,0.009452124487689121,0.009452124487689118,0.009452124487689121,0.00945212448768912,0.00945212448768912,0.009452124487689121,0.009452124487689114,0.009452124487689118,0.009452124487689118,0.009452124487689114,0.009452124487689112,0.009452124487689114,0.009452124487689112,0.009452124487689116,0.009452124487689116,0.009452124487689116,0.009452124487689118,0.009452124487689116,0.00945212448768912,0.009452124487689126,0.009452124487689123,0.009452124487689124,0.009452124487689124,0.009452124487689123,0.009452124487689123,0.009452124487689124,0.009452124487689114,0.009452124487689118,0.009452124487689116,0.009452124487689118,0.009452124487689118,0.009452124487689116,0.009452124487689116,0.009452124487689116,0.00945212448768912,0.00945212448768912,0.00945212448768912,0.00945212448768912,0.00945212448768912,0.009452124487689114,0.009452124487689116,0.00945212448768912,0.009452124487689118,0.00945212448768912,0.009452124487689109,0.009452124487689107,0.009452124487689109,0.00945212448768911,0.009452124487689112,0.009452124487689104,0.009452124487689102,0.009452124487689104,0.009452124487689105,0.009452124487689104,0.009452124487689105,0.009452124487689104,0.009452124487689104,0.009452124487689104,0.0094521244876891,0.009452124487689102,0.0094521244876891,0.009452124487689105,0.0094521244876891,0.0094521244876891,0.0094521244876891,0.0094521244876891,0.0094521244876891,0.0094521244876891,0.009452124487689104,0.0094521244876891,0.0094521244876891,0.009452124487689102,0.009452124487689102,0.009452124487689102,0.0094521244876891,0.009452124487689104,0.009452124487689109,0.009452124487689104,0.009452124487689104,0.009452124487689105,0.009452124487689104,0.009452124487689104,0.009452124487689104,0.009452124487689104,0.009452124487689104,0.009452124487689104,0.009452124487689107,0.009452124487689105,0.009452124487689107,0.009452124487689105,0.009452124487689104,0.009452124487689104,0.009452124487689107,0.009452124487689105,0.009452124487689105,0.009452124487689104,0.009452124487689104,0.009452124487689104,0.009452124487689102,0.0094521244876891,0.009452124487689098,0.0094521244876891,0.009452124487689097,0.009452124487689098,0.0094521244876891,0.009452124487689098,0.0094521244876891,0.0094521244876891,0.009452124487689098,0.0094521244876891,0.009452124487689102,0.0094521244876891,0.0094521244876891,0.0094521244876891,0.009452124487689102,0.0094521244876891,0.0094521244876891,0.009452124487689098,0.0094521244876891,0.0094521244876891,0.009452124487689098,0.0094521244876891,0.0094521244876891,0.009452124487689098,0.0094521244876891,0.009452124487689098,0.009452124487689098,0.0094521244876891,0.009452124487689102,0.0094521244876891,0.009452124487689097,0.0094521244876891,0.009452124487689097,0.0094521244876891,0.009452124487689097,0.009452124487689093,0.009452124487689098,0.009452124487689095,0.009452124487689093,0.009452124487689093,0.009452124487689097,0.009452124487689097,0.009452124487689097,0.009452124487689097,0.009452124487689098,0.009452124487689097,0.009452124487689097,0.009452124487689097,0.0094521244876891,0.009452124487689097,0.009452124487689098,0.009452124487689097,0.0094521244876891,0.0094521244876891,0.009452124487689098,0.009452124487689098,0.009452124487689098,0.009452124487689097,0.009452124487689097,0.009452124487689097,0.0094521244876891,0.009452124487689098,0.009452124487689095,0.009452124487689104,0.009452124487689104,0.0094521244876891,0.009452124487689097,0.009452124487689097,0.009452124487689097,0.009452124487689095,0.009452124487689097,0.009452124487689097,0.0094521244876891,0.0094521244876891,0.009452124487689097,0.009452124487689097,0.009452124487689098,0.009452124487689097,0.009452124487689109,0.009452124487689091,0.009452124487689085,0.009452124487689085,0.009452124487689083,0.009452124487689083,0.009452124487689085,0.009452124487689083,0.009452124487689085,0.009452124487689083,0.009452124487689085,0.009452124487689085,0.009452124487689085,0.009452124487689083,0.009452124487689085,0.009452124487689085,0.009452124487689086,0.009452124487689081,0.00945212448768909,0.009452124487689085,0.009452124487689086,0.00945212448768908,0.009452124487689081,0.00945212448768908,0.009452124487689081,0.009452124487689085,0.009452124487689081,0.009452124487689085,0.00945212448768908,0.00945212448768908,0.009452124487689083,0.00945212448768908,0.009452124487689081,0.00945212448768908,0.00945212448768908,0.009452124487689081,0.009452124487689081,0.009452124487689081,0.009452124487689081,0.009452124487689081,0.009452124487689085,0.00945212448768908,0.009452124487689081,0.009452124487689081,0.009452124487689083,0.009452124487689085,0.009452124487689083,0.009452124487689085,0.009452124487689085,0.009452124487689083,0.009452124487689085,0.009452124487689081,0.009452124487689083,0.009452124487689083,0.009452124487689088,0.009452124487689085,0.009452124487689083,0.009452124487689083,0.009452124487689083,0.009452124487689085,0.009452124487689083,0.009452124487689081,0.009452124487689081,0.009452124487689081,0.009452124487689081,0.009452124487689083,0.00945212448768908,0.00945212448768908,0.009452124487689085,0.009452124487689083,0.009452124487689088,0.009452124487689085,0.009452124487689083,0.009452124487689085,0.009452124487689081,0.00945212448768908,0.009452124487689085,0.009452124487689085,0.009452124487689081,0.009452124487689083,0.009452124487689085,0.009452124487689085,0.009452124487689083,0.009452124487689083,0.009452124487689081,0.009452124487689083,0.009452124487689083,0.009452124487689086,0.009452124487689086,0.009452124487689086,0.009452124487689083,0.00945212448768908,0.009452124487689081,0.009452124487689083,0.00945212448768908,0.009452124487689083,0.009452124487689081,0.009452124487689083,0.009452124487689081,0.009452124487689083,0.009452124487689081,0.009452124487689086,0.009452124487689081,0.009452124487689085,0.009452124487689085,0.009452124487689083,0.009452124487689085,0.009452124487689085,0.009452124487689083,0.009452124487689085,0.009452124487689085,0.009452124487689085,0.009452124487689083,0.009452124487689081,0.009452124487689083,0.009452124487689085,0.009452124487689083,0.009452124487689086,0.009452124487689083,0.009452124487689085,0.009452124487689085,0.009452124487689085,0.009452124487689081,0.009452124487689083,0.009452124487689083,0.00945212448768908,0.009452124487689085,0.009452124487689083,0.009452124487689081,0.009452124487689081,0.009452124487689081,0.00945212448768908,0.009452124487689083,0.009452124487689083,0.009452124487689083,0.009452124487689081,0.009452124487689085,0.009452124487689078,0.009452124487689083,0.009452124487689083,0.00945212448768908,0.009452124487689085,0.009452124487689085,0.009452124487689085,0.009452124487689083,0.009452124487689083,0.009452124487689081,0.009452124487689085,0.009452124487689083,0.009452124487689083,0.009452124487689083,0.009452124487689085,0.009452124487689081,0.009452124487689081,0.009452124487689083,0.009452124487689083,0.009452124487689081,0.009452124487689085,0.009452124487689085,0.009452124487689081,0.009452124487689083,0.009452124487689085,0.009452124487689081,0.009452124487689085,0.009452124487689081,0.009452124487689083,0.009452124487689081,0.009452124487689085,0.009452124487689081,0.009452124487689081,0.009452124487689085,0.009452124487689083,0.009452124487689085,0.009452124487689085,0.009452124487689081,0.009452124487689085,0.009452124487689085,0.009452124487689085,0.009452124487689083,0.009452124487689083,0.009452124487689085,0.009452124487689085,0.009452124487689085,0.009452124487689083,0.009452124487689085,0.00945212448768908,0.009452124487689083,0.009452124487689083,0.009452124487689083,0.009452124487689083,0.009452124487689081,0.009452124487689083,0.009452124487689086,0.009452124487689083,0.009452124487689081,0.009452124487689083,0.009452124487689083,0.009452124487689083,0.009452124487689081,0.009452124487689081,0.009452124487689081,0.009452124487689086,0.00945212448768908,0.009452124487689083,0.00945212448768908,0.009452124487689083,0.009452124487689085,0.00945212448768908,0.009452124487689085,0.009452124487689078,0.009452124487689081,0.009452124487689081,0.009452124487689081,0.00945212448768908,0.009452124487689081,0.00945212448768908,0.009452124487689078,0.00945212448768908,0.00945212448768908,0.009452124487689081,0.00945212448768908,0.009452124487689083,0.00945212448768908,0.009452124487689081,0.00945212448768908,0.00945212448768908,0.00945212448768908,0.009452124487689081,0.009452124487689081,0.009452124487689081,0.00945212448768908,0.00945212448768908,0.009452124487689081,0.00945212448768908,0.00945212448768908,0.009452124487689081,0.00945212448768908,0.009452124487689081,0.00945212448768908,0.009452124487689081,0.00945212448768908,0.009452124487689083,0.009452124487689081,0.00945212448768908,0.00945212448768908,0.00945212448768908,0.00945212448768908,0.00945212448768908,0.00945212448768909,0.009452124487689086,0.009452124487689088,0.009452124487689086,0.009452124487689086,0.009452124487689088,0.009452124487689085,0.009452124487689085,0.009452124487689086,0.009452124487689088,0.009452124487689088,0.009452124487689083,0.009452124487689088,0.009452124487689083,0.009452124487689083,0.009452124487689081,0.009452124487689085,0.009452124487689081,0.009452124487689085,0.009452124487689083,0.009452124487689081,0.009452124487689081,0.009452124487689081,0.009452124487689081,0.009452124487689085,0.009452124487689085,0.009452124487689085,0.009452124487689083,0.009452124487689085,0.009452124487689085,0.009452124487689083,0.009452124487689085,0.009452124487689085,0.009452124487689085,0.009452124487689088,0.009452124487689085,0.009452124487689083,0.009452124487689086,0.009452124487689083,0.009452124487689085,0.009452124487689083,0.009452124487689085,0.009452124487689083,0.009452124487689083,0.009452124487689083,0.009452124487689081,0.009452124487689083,0.009452124487689085,0.009452124487689083,0.009452124487689085,0.009452124487689083,0.009452124487689085,0.009452124487689085,0.009452124487689083,0.009452124487689083,0.009452124487689081,0.009452124487689085,0.00945212448768908,0.009452124487689083,0.009452124487689085,0.009452124487689083,0.00945212448768908,0.00945212448768908,0.009452124487689081,0.009452124487689078,0.009452124487689078,0.009452124487689076,0.009452124487689078,0.009452124487689078,0.009452124487689078,0.009452124487689074,0.009452124487689081,0.009452124487689081,0.00945212448768908,0.009452124487689083,0.009452124487689081,0.009452124487689083,0.00945212448768908,0.009452124487689081,0.009452124487689081,0.009452124487689085,0.009452124487689081,0.00945212448768908,0.009452124487689085,0.00945212448768908,0.009452124487689081,0.00945212448768908,0.00945212448768908,0.00945212448768908,0.009452124487689081,0.00945212448768908,0.00945212448768908,0.00945212448768908,0.009452124487689081,0.00945212448768908,0.009452124487689083,0.009452124487689078,0.00945212448768908,0.009452124487689081,0.009452124487689078,0.009452124487689078,0.009452124487689081,0.00945212448768908,0.009452124487689076,0.009452124487689076,0.009452124487689081,0.009452124487689081,0.009452124487689081,0.009452124487689076,0.009452124487689081,0.00945212448768908,0.009452124487689081,0.00945212448768908,0.009452124487689081,0.009452124487689078,0.009452124487689081,0.00945212448768908,0.00945212448768908,0.00945212448768908,0.009452124487689081,0.009452124487689081,0.00945212448768908,0.009452124487689076,0.009452124487689078,0.00945212448768908,0.009452124487689081,0.009452124487689085,0.009452124487689081,0.009452124487689081,0.00945212448768908,0.009452124487689081,0.009452124487689078,0.00945212448768908,0.00945212448768908,0.009452124487689083,0.009452124487689081,0.009452124487689081,0.009452124487689081,0.009452124487689076,0.009452124487689081,0.009452124487689081,0.00945212448768908,0.00945212448768908,0.009452124487689081,0.009452124487689083,0.009452124487689083,0.009452124487689081,0.009452124487689085,0.009452124487689081,0.009452124487689085,0.009452124487689078,0.009452124487689078,0.009452124487689081,0.00945212448768908,0.00945212448768908,0.009452124487689081,0.00945212448768908,0.009452124487689083,0.009452124487689083,0.009452124487689081,0.009452124487689081,0.009452124487689078,0.009452124487689081,0.009452124487689081,0.009452124487689081,0.009452124487689081,0.009452124487689083,0.009452124487689081,0.009452124487689085,0.00945212448768908,0.009452124487689081,0.00945212448768908,0.009452124487689081,0.00945212448768908,0.009452124487689081,0.00945212448768908,0.00945212448768908,0.009452124487689081,0.00945212448768908,0.009452124487689081,0.00945212448768908,0.009452124487689076,0.009452124487689078,0.009452124487689076,0.009452124487689078,0.009452124487689076,0.009452124487689076,0.009452124487689078,0.009452124487689074,0.009452124487689072,0.009452124487689078,0.009452124487689078,0.00945212448768908,0.00945212448768908,0.009452124487689078,0.009452124487689076,0.009452124487689078,0.00945212448768908,0.009452124487689076,0.009452124487689081,0.00945212448768908,0.009452124487689076,0.009452124487689078,0.00945212448768908,0.00945212448768908,0.009452124487689076,0.009452124487689074,0.009452124487689081,0.00945212448768908,0.009452124487689083,0.00945212448768908,0.009452124487689081,0.009452124487689085,0.009452124487689081,0.009452124487689083,0.009452124487689085,0.009452124487689081,0.009452124487689086,0.009452124487689085,0.009452124487689085,0.009452124487689086,0.009452124487689085,0.009452124487689085,0.009452124487689083,0.009452124487689085,0.009452124487689083,0.009452124487689085,0.009452124487689086,0.009452124487689083,0.00945212448768908,0.009452124487689081,0.009452124487689088,0.009452124487689083,0.009452124487689086,0.009452124487689088,0.009452124487689088,0.009452124487689085,0.009452124487689088,0.009452124487689086,0.009452124487689088,0.00945212448768909,0.009452124487689088,0.009452124487689093,0.00945212448768909,0.00945212448768909,0.009452124487689086,0.00945212448768909,0.009452124487689091,0.009452124487689091,0.009452124487689093,0.009452124487689088,0.009452124487689095,0.009452124487689097,0.009452124487689095,0.009452124487689091,0.009452124487689095,0.009452124487689093,0.009452124487689097,0.009452124487689095,0.009452124487689097,0.009452124487689097,0.009452124487689095,0.009452124487689095,0.009452124487689097,0.009452124487689093,0.009452124487689093,0.009452124487689093,0.009452124487689091,0.009452124487689097,0.009452124487689097,0.009452124487689091,0.009452124487689093,0.009452124487689097,0.009452124487689093,0.009452124487689095,0.009452124487689095,0.0094521244876891,0.009452124487689102,0.009452124487689104,0.009452124487689104,0.009452124487689102,0.009452124487689104,0.0094521244876891,0.009452124487689102,0.0094521244876891,0.009452124487689102,0.0094521244876891,0.009452124487689107,0.009452124487689104,0.009452124487689104,0.009452124487689112,0.009452124487689104,0.0094521244876891,0.009452124487689098,0.0094521244876891,0.009452124487689097,0.0094521244876891,0.009452124487689097,0.0094521244876891,0.009452124487689098,0.009452124487689102,0.009452124487689098,0.009452124487689098,0.009452124487689097,0.009452124487689098,0.009452124487689098,0.009452124487689097,0.009452124487689097,0.009452124487689095,0.009452124487689097,0.009452124487689097,0.009452124487689095,0.009452124487689098,0.0094521244876891,0.0094521244876891,0.009452124487689097,0.009452124487689095,0.0094521244876891,0.009452124487689095,0.009452124487689095,0.009452124487689095,0.009452124487689095,0.009452124487689097,0.009452124487689097,0.0094521244876891,0.009452124487689097,0.009452124487689097,0.009452124487689098,0.009452124487689097,0.0094521244876891,0.0094521244876891,0.009452124487689098,0.009452124487689097,0.009452124487689098,0.009452124487689093,0.009452124487689097,0.009452124487689093,0.009452124487689093,0.009452124487689093,0.009452124487689091,0.009452124487689093,0.009452124487689093,0.009452124487689093,0.009452124487689093,0.009452124487689093,0.009452124487689097,0.009452124487689095,0.009452124487689093,0.009452124487689097,0.009452124487689093,0.009452124487689091,0.009452124487689093,0.009452124487689093,0.009452124487689091,0.009452124487689093,0.009452124487689093,0.009452124487689097,0.009452124487689091,0.009452124487689091,0.009452124487689091,0.009452124487689093,0.009452124487689091,0.00945212448768909,0.009452124487689093,0.009452124487689091,0.009452124487689091,0.009452124487689093,0.009452124487689093,0.009452124487689093,0.009452124487689093,0.009452124487689093,0.009452124487689093,0.009452124487689093,0.009452124487689093,0.009452124487689093,0.009452124487689093,0.009452124487689093,0.009452124487689093,0.009452124487689093,0.009452124487689093,0.009452124487689097,0.009452124487689095,0.0094521244876891,0.009452124487689095,0.009452124487689097,0.009452124487689095,0.0094521244876891,0.009452124487689097,0.0094521244876891,0.009452124487689097,0.009452124487689095,0.009452124487689095,0.009452124487689097,0.009452124487689097,0.009452124487689097,0.009452124487689097,0.009452124487689097,0.009452124487689097,0.009452124487689097,0.009452124487689095,0.009452124487689097,0.009452124487689097,0.0094521244876891,0.009452124487689098,0.009452124487689097,0.009452124487689098,0.0094521244876891,0.009452124487689097,0.009452124487689093,0.009452124487689091,0.009452124487689095,0.009452124487689095,0.00945212448768909,0.00945212448768909,0.009452124487689091,0.009452124487689091,0.009452124487689093,0.00945212448768909,0.009452124487689091,0.009452124487689091,0.009452124487689088,0.00945212448768909,0.00945212448768909,0.00945212448768909,0.00945212448768909,0.00945212448768909,0.009452124487689088,0.009452124487689088,0.009452124487689088,0.009452124487689088,0.00945212448768909,0.009452124487689091,0.009452124487689088,0.00945212448768909,0.009452124487689088,0.009452124487689088,0.00945212448768909,0.009452124487689088,0.009452124487689088,0.009452124487689088,0.009452124487689088,0.009452124487689088,0.00945212448768909,0.00945212448768909,0.009452124487689088,0.009452124487689088,0.009452124487689085,0.009452124487689088,0.009452124487689085,0.009452124487689086,0.009452124487689083,0.009452124487689086,0.009452124487689086,0.009452124487689083,0.009452124487689081,0.009452124487689083,0.009452124487689083,0.009452124487689081,0.009452124487689083,0.009452124487689085,0.009452124487689083,0.009452124487689083,0.009452124487689083,0.00945212448768908,0.009452124487689081,0.009452124487689083,0.009452124487689083,0.009452124487689081,0.009452124487689081,0.009452124487689083,0.009452124487689081,0.009452124487689083,0.009452124487689083,0.00945212448768908,0.00945212448768908,0.009452124487689083,0.009452124487689083,0.009452124487689081,0.009452124487689085,0.009452124487689083,0.009452124487689085,0.009452124487689081,0.009452124487689081,0.009452124487689081,0.009452124487689081,0.009452124487689083,0.009452124487689081,0.00945212448768908,0.009452124487689081,0.009452124487689081,0.009452124487689081,0.00945212448768908,0.00945212448768908,0.00945212448768908,0.00945212448768908,0.00945212448768908,0.009452124487689083,0.00945212448768908,0.009452124487689078,0.009452124487689081,0.00945212448768908,0.00945212448768908,0.009452124487689081,0.009452124487689078,0.009452124487689076,0.009452124487689076,0.009452124487689081,0.00945212448768908,0.009452124487689081,0.009452124487689078,0.009452124487689078,0.009452124487689076,0.009452124487689076,0.009452124487689078,0.009452124487689076,0.00945212448768908,0.00945212448768908,0.009452124487689078,0.009452124487689076,0.009452124487689076,0.009452124487689072,0.009452124487689074,0.009452124487689074,0.009452124487689074,0.009452124487689074,0.009452124487689076,0.009452124487689074,0.009452124487689072,0.009452124487689072,0.00945212448768907,0.009452124487689074,0.009452124487689072,0.009452124487689072,0.009452124487689072,0.009452124487689074,0.009452124487689074,0.009452124487689072,0.009452124487689074,0.009452124487689076,0.009452124487689072,0.009452124487689074,0.009452124487689076,0.009452124487689074,0.009452124487689076,0.009452124487689074,0.009452124487689074,0.009452124487689074,0.009452124487689076,0.009452124487689074,0.009452124487689074,0.009452124487689076,0.009452124487689072,0.009452124487689076,0.009452124487689074,0.009452124487689074,0.009452124487689072,0.009452124487689074,0.009452124487689076,0.009452124487689072,0.009452124487689074,0.009452124487689076,0.009452124487689076,0.009452124487689076,0.009452124487689072,0.009452124487689078,0.009452124487689076,0.009452124487689076,0.009452124487689076,0.009452124487689076,0.009452124487689081,0.00945212448768908,0.009452124487689081,0.00945212448768908,0.00945212448768908,0.00945212448768908,0.009452124487689081,0.009452124487689076,0.00945212448768908,0.00945212448768908,0.009452124487689081,0.009452124487689086,0.009452124487689085,0.009452124487689085,0.009452124487689085,0.009452124487689086,0.009452124487689083,0.009452124487689088,0.009452124487689083,0.009452124487689088,0.009452124487689085,0.009452124487689088,0.009452124487689086,0.009452124487689083,0.009452124487689086,0.009452124487689083,0.009452124487689088,0.009452124487689083,0.00945212448768909,0.009452124487689083,0.009452124487689085,0.009452124487689083,0.009452124487689085,0.009452124487689083,0.009452124487689086,0.009452124487689088,0.009452124487689088,0.009452124487689091,0.009452124487689085,0.009452124487689086,0.009452124487689088,0.009452124487689083,0.009452124487689083,0.009452124487689083,0.009452124487689085,0.009452124487689083,0.009452124487689081,0.009452124487689081,0.009452124487689081,0.009452124487689083,0.009452124487689081,0.009452124487689081,0.009452124487689081,0.009452124487689083,0.00945212448768908,0.00945212448768908,0.00945212448768908,0.009452124487689081,0.00945212448768908,0.00945212448768908,0.00945212448768908,0.009452124487689081,0.009452124487689081,0.009452124487689083,0.00945212448768908,0.00945212448768908,0.00945212448768908,0.009452124487689078,0.009452124487689076,0.009452124487689078,0.00945212448768908,0.009452124487689076,0.009452124487689076,0.009452124487689078,0.009452124487689076,0.009452124487689076,0.009452124487689076,0.009452124487689076,0.009452124487689076,0.009452124487689076,0.009452124487689074,0.009452124487689072,0.009452124487689072,0.00945212448768907,0.009452124487689074,0.009452124487689072,0.009452124487689074,0.009452124487689074,0.009452124487689076,0.009452124487689074,0.009452124487689076,0.009452124487689072,0.009452124487689072,0.009452124487689074,0.009452124487689074,0.009452124487689072,0.009452124487689074,0.009452124487689072,0.009452124487689074,0.009452124487689078,0.009452124487689072,0.009452124487689076,0.009452124487689076,0.009452124487689074,0.009452124487689074,0.009452124487689072,0.009452124487689072,0.009452124487689074,0.00945212448768907,0.009452124487689074,0.009452124487689074,0.009452124487689074,0.009452124487689072,0.009452124487689072,0.009452124487689072,0.009452124487689072,0.009452124487689072,0.009452124487689069,0.009452124487689072,0.009452124487689072,0.009452124487689074,0.009452124487689072,0.009452124487689072,0.009452124487689072,0.009452124487689076,0.009452124487689074,0.009452124487689074,0.009452124487689074,0.009452124487689076,0.009452124487689076,0.00945212448768907,0.009452124487689076,0.009452124487689076,0.009452124487689076,0.009452124487689074,0.009452124487689078,0.009452124487689078,0.009452124487689074,0.009452124487689076,0.009452124487689076,0.009452124487689078,0.009452124487689076,0.009452124487689076,0.009452124487689076,0.009452124487689078,0.009452124487689074,0.009452124487689074,0.009452124487689076,0.009452124487689076,0.009452124487689076,0.009452124487689078,0.009452124487689076,0.009452124487689076,0.009452124487689078,0.009452124487689076,0.009452124487689076,0.009452124487689076,0.009452124487689081,0.009452124487689081,0.009452124487689074,0.009452124487689074,0.009452124487689076,0.00945212448768908,0.009452124487689074,0.00945212448768908,0.009452124487689081,0.009452124487689083,0.009452124487689081,0.00945212448768908,0.009452124487689081,0.009452124487689083,0.009452124487689081,0.009452124487689083,0.009452124487689081,0.009452124487689083,0.009452124487689081,0.00945212448768908,0.009452124487689083,0.009452124487689081,0.009452124487689081,0.009452124487689083,0.00945212448768908,0.00945212448768908,0.00945212448768908,0.009452124487689081,0.009452124487689081,0.009452124487689081,0.00945212448768908,0.009452124487689081,0.00945212448768908,0.00945212448768908,0.009452124487689076,0.009452124487689078,0.009452124487689074,0.00945212448768908,0.00945212448768908,0.00945212448768908,0.00945212448768908,0.009452124487689078,0.00945212448768908,0.009452124487689081,0.00945212448768908,0.009452124487689076,0.009452124487689081,0.00945212448768908,0.009452124487689081,0.009452124487689078,0.009452124487689081,0.009452124487689081,0.00945212448768908,0.00945212448768908,0.009452124487689081,0.00945212448768908,0.00945212448768908,0.009452124487689081,0.009452124487689081,0.009452124487689081,0.00945212448768908,0.00945212448768908,0.009452124487689081,0.00945212448768908,0.00945212448768908,0.009452124487689076,0.009452124487689081,0.00945212448768908,0.00945212448768908,0.009452124487689078,0.009452124487689076,0.009452124487689078,0.00945212448768908,0.009452124487689076,0.009452124487689078,0.009452124487689081,0.009452124487689076,0.00945212448768908,0.009452124487689074,0.009452124487689076,0.009452124487689078,0.009452124487689078,0.009452124487689078,0.009452124487689076,0.009452124487689078,0.009452124487689076,0.009452124487689076,0.009452124487689074,0.009452124487689078,0.009452124487689078,0.009452124487689074,0.009452124487689074,0.009452124487689078,0.009452124487689076,0.009452124487689078,0.009452124487689076,0.009452124487689074,0.009452124487689076,0.009452124487689072,0.009452124487689076,0.009452124487689076,0.009452124487689078,0.009452124487689078,0.009452124487689078,0.009452124487689076,0.009452124487689076,0.009452124487689076,0.009452124487689076,0.009452124487689078,0.009452124487689078,0.009452124487689081,0.009452124487689076,0.009452124487689076,0.009452124487689076,0.009452124487689078,0.009452124487689078,0.009452124487689076,0.009452124487689078,0.009452124487689078,0.009452124487689078,0.009452124487689078,0.009452124487689078,0.009452124487689076,0.009452124487689076,0.009452124487689074,0.009452124487689078,0.009452124487689078,0.009452124487689076,0.009452124487689076,0.009452124487689083,0.009452124487689081,0.00945212448768908,0.009452124487689081,0.00945212448768908,0.00945212448768908,0.009452124487689083,0.009452124487689083,0.009452124487689083,0.00945212448768908,0.009452124487689083,0.009452124487689083,0.009452124487689083,0.009452124487689083,0.009452124487689085,0.009452124487689083,0.00945212448768908,0.009452124487689083,0.009452124487689083,0.009452124487689085,0.009452124487689081,0.009452124487689083,0.009452124487689081,0.009452124487689083,0.00945212448768908,0.009452124487689085,0.009452124487689083,0.00945212448768908,0.009452124487689083,0.009452124487689081,0.009452124487689078,0.009452124487689081,0.009452124487689076,0.009452124487689081,0.009452124487689081,0.00945212448768908,0.009452124487689081,0.009452124487689081,0.009452124487689081,0.009452124487689081,0.00945212448768908,0.009452124487689083,0.009452124487689081,0.00945212448768908,0.00945212448768908,0.009452124487689081,0.009452124487689081,0.00945212448768908,0.00945212448768908,0.009452124487689081,0.009452124487689078,0.009452124487689085,0.009452124487689081,0.009452124487689081,0.009452124487689081,0.009452124487689081,0.00945212448768908,0.00945212448768908,0.00945212448768908,0.00945212448768908,0.009452124487689088,0.009452124487689085,0.009452124487689083,0.009452124487689085,0.009452124487689081,0.009452124487689085,0.009452124487689085,0.009452124487689083,0.009452124487689085,0.009452124487689085,0.009452124487689085,0.009452124487689085,0.009452124487689083,0.009452124487689083,0.009452124487689088,0.009452124487689083,0.009452124487689085,0.009452124487689083,0.009452124487689085,0.009452124487689085,0.009452124487689086,0.009452124487689088,0.009452124487689085,0.009452124487689085,0.009452124487689083,0.009452124487689086,0.009452124487689085,0.009452124487689083,0.009452124487689083,0.009452124487689086,0.009452124487689085,0.009452124487689085,0.009452124487689085,0.009452124487689086,0.009452124487689088,0.009452124487689085,0.009452124487689081,0.009452124487689088,0.009452124487689086,0.009452124487689086,0.009452124487689091,0.009452124487689088,0.009452124487689091,0.009452124487689093,0.00945212448768909,0.009452124487689095,0.009452124487689091,0.009452124487689093,0.009452124487689091,0.00945212448768909,0.00945212448768909,0.009452124487689093,0.00945212448768909,0.00945212448768909,0.00945212448768909,0.009452124487689091,0.009452124487689091,0.009452124487689097,0.009452124487689097,0.009452124487689093,0.009452124487689097,0.009452124487689093,0.009452124487689093,0.009452124487689093,0.009452124487689095,0.009452124487689097,0.009452124487689095,0.009452124487689093,0.009452124487689093,0.009452124487689095,0.009452124487689093,0.009452124487689093,0.009452124487689095,0.009452124487689095,0.009452124487689093,0.009452124487689093,0.009452124487689095,0.009452124487689095,0.009452124487689097,0.009452124487689093,0.009452124487689097,0.009452124487689098,0.009452124487689097,0.009452124487689097,0.009452124487689097,0.009452124487689097,0.009452124487689102,0.009452124487689097,0.009452124487689097,0.009452124487689095,0.009452124487689095,0.009452124487689098,0.009452124487689095,0.009452124487689095,0.009452124487689098,0.009452124487689098,0.009452124487689097,0.009452124487689097,0.009452124487689098,0.009452124487689097,0.009452124487689093,0.009452124487689097,0.009452124487689095,0.009452124487689093,0.009452124487689102,0.0094521244876891,0.009452124487689098,0.0094521244876891,0.009452124487689097,0.0094521244876891,0.009452124487689097,0.009452124487689098,0.009452124487689095,0.009452124487689095,0.009452124487689097,0.009452124487689098,0.009452124487689097,0.009452124487689098,0.009452124487689097,0.009452124487689095,0.009452124487689095,0.009452124487689093,0.009452124487689095,0.009452124487689091,0.009452124487689093,0.009452124487689093,0.009452124487689091,0.009452124487689091,0.009452124487689097,0.009452124487689097,0.009452124487689097,0.009452124487689091,0.009452124487689097,0.009452124487689097,0.009452124487689091,0.009452124487689095,0.009452124487689097,0.009452124487689091,0.009452124487689091,0.009452124487689093,0.009452124487689091,0.009452124487689093,0.009452124487689091,0.00945212448768909,0.009452124487689091,0.009452124487689091,0.009452124487689091,0.009452124487689088,0.009452124487689091,0.009452124487689093,0.00945212448768909,0.00945212448768909,0.009452124487689095,0.00945212448768909,0.009452124487689093,0.009452124487689091,0.009452124487689095,0.009452124487689093,0.009452124487689093,0.009452124487689091,0.009452124487689093,0.009452124487689093,0.009452124487689095,0.009452124487689093,0.009452124487689097,0.009452124487689095,0.009452124487689091,0.009452124487689093,0.009452124487689095,0.009452124487689095,0.009452124487689093,0.009452124487689098,0.009452124487689095,0.009452124487689093,0.009452124487689097,0.009452124487689091,0.009452124487689098,0.009452124487689097,0.009452124487689097,0.009452124487689097,0.009452124487689097,0.009452124487689097,0.009452124487689098,0.009452124487689095,0.009452124487689097,0.009452124487689095,0.009452124487689095,0.009452124487689097,0.009452124487689097,0.009452124487689097,0.009452124487689093,0.009452124487689097,0.009452124487689093,0.009452124487689095,0.009452124487689095,0.009452124487689091,0.009452124487689093,0.009452124487689095,0.009452124487689093,0.009452124487689097,0.009452124487689097,0.009452124487689097,0.009452124487689097,0.009452124487689097,0.009452124487689098,0.009452124487689097,0.009452124487689097,0.009452124487689095,0.009452124487689091,0.009452124487689091,0.009452124487689093,0.009452124487689095,0.009452124487689093,0.009452124487689097,0.009452124487689093,0.009452124487689097,0.009452124487689095,0.009452124487689095,0.009452124487689093,0.009452124487689091,0.009452124487689091,0.009452124487689093,0.009452124487689091,0.009452124487689093,0.009452124487689093,0.009452124487689093,0.009452124487689093,0.009452124487689095,0.009452124487689095,0.009452124487689093,0.009452124487689091,0.009452124487689095,0.009452124487689097,0.009452124487689091,0.009452124487689095,0.009452124487689097,0.009452124487689093,0.009452124487689097,0.009452124487689095,0.009452124487689091,0.009452124487689091,0.009452124487689091,0.009452124487689091,0.009452124487689091,0.009452124487689091,0.009452124487689091,0.009452124487689095,0.009452124487689093,0.00945212448768909,0.009452124487689088,0.00945212448768909,0.00945212448768909,0.009452124487689093,0.009452124487689091,0.009452124487689091,0.009452124487689093,0.009452124487689091,0.009452124487689093,0.009452124487689093,0.009452124487689093,0.009452124487689091,0.00945212448768909,0.009452124487689088,0.009452124487689093,0.009452124487689093,0.009452124487689093,0.009452124487689095,0.009452124487689093,0.009452124487689091,0.009452124487689093,0.009452124487689093,0.009452124487689091,0.009452124487689093,0.009452124487689093,0.009452124487689093,0.009452124487689093,0.009452124487689091,0.009452124487689097,0.009452124487689093,0.009452124487689093,0.009452124487689091,0.009452124487689093,0.00945212448768909,0.009452124487689093,0.009452124487689091,0.009452124487689095,0.009452124487689104,0.009452124487689091,0.009452124487689093,0.009452124487689093,0.009452124487689097,0.009452124487689095,0.009452124487689093,0.009452124487689093,0.009452124487689091,0.009452124487689093,0.009452124487689097,0.009452124487689093,0.009452124487689093,0.009452124487689091,0.009452124487689093,0.009452124487689093,0.009452124487689093,0.009452124487689091,0.009452124487689097,0.009452124487689095,0.009452124487689093,0.009452124487689093,0.009452124487689093,0.009452124487689093,0.009452124487689091,0.009452124487689091,0.009452124487689088,0.00945212448768909,0.009452124487689091,0.009452124487689091,0.009452124487689091,0.009452124487689093,0.009452124487689088,0.009452124487689091,0.009452124487689091,0.009452124487689088,0.009452124487689091,0.009452124487689091,0.009452124487689091,0.009452124487689091,0.009452124487689093,0.00945212448768909,0.00945212448768909,0.009452124487689093,0.009452124487689091,0.00945212448768909,0.009452124487689091,0.00945212448768909,0.009452124487689091,0.009452124487689091,0.009452124487689093,0.00945212448768909,0.009452124487689091,0.009452124487689093,0.009452124487689091,0.009452124487689097,0.009452124487689097,0.009452124487689093,0.0094521244876891,0.009452124487689095,0.009452124487689091,0.009452124487689093,0.009452124487689095,0.009452124487689093,0.009452124487689095,0.009452124487689093,0.009452124487689093,0.009452124487689095,0.009452124487689091,0.009452124487689093,0.009452124487689093,0.009452124487689091,0.009452124487689097,0.009452124487689091,0.009452124487689095,0.009452124487689098,0.009452124487689091,0.009452124487689095,0.009452124487689097,0.009452124487689098,0.009452124487689093,0.009452124487689095,0.009452124487689095,0.009452124487689093,0.009452124487689093,0.00945212448768909,0.009452124487689093,0.009452124487689093,0.009452124487689093,0.009452124487689091,0.009452124487689095,0.009452124487689095,0.009452124487689093,0.009452124487689093,0.009452124487689093,0.009452124487689095,0.009452124487689097,0.009452124487689097,0.009452124487689091,0.009452124487689098,0.009452124487689097,0.009452124487689097,0.009452124487689097,0.009452124487689097,0.009452124487689097,0.009452124487689097,0.009452124487689095,0.009452124487689097,0.009452124487689098,0.009452124487689095,0.009452124487689097,0.009452124487689097,0.009452124487689097,0.009452124487689097,0.009452124487689097,0.009452124487689095,0.009452124487689097,0.009452124487689097,0.009452124487689097,0.009452124487689097,0.009452124487689095,0.009452124487689097,0.009452124487689097,0.009452124487689097,0.009452124487689097,0.0094521244876891,0.009452124487689097,0.009452124487689097,0.0094521244876891,0.009452124487689098,0.0094521244876891
6,3.016933749576946e-41,1.1147320586651526e-40,2.575544483712394e-40,4.772500580223399e-40,7.762821636611333e-40,1.1583558660846994e-39,1.6258702282066166e-39,2.1803786496282693e-39,2.8228869607031177e-39,3.5540464392468717e-39,4.374278789368303e-39,5.283857065594115e-39,6.282958071452836e-39,7.371696287697078e-39,8.550145840917094e-39,9.818354728276232e-39,1.1176354028064956e-38,1.2624163863558134e-38,1.4161797264629924e-38,1.578926266815814e-38,1.7506565537038906e-38,1.9313709408541142e-38,2.1210696573000933e-38,2.3197528513456836e-38,2.527420619017125e-38,2.744073022491601e-38,2.9697101020290016e-38,3.2043318836977203e-38,3.4479383843770997e-38,3.7005296149965663e-38,3.9621055826329456e-38,4.232666291868519e-38,4.512211745670302e-38,4.800741945959458e-38,5.098256893979943e-38,5.404756590537225e-38,5.720241036152834e-38,6.044710231164477e-38,6.378164175790811e-38,6.720602870173428e-38,7.072026314403983e-38,7.432434508541858e-38,7.801827452625483e-38,8.180205146679739e-38,8.567567590720743e-38,8.963914784758964e-38,9.369246728801103e-38,9.78356342285155e-38,1.0206864866913146e-37,1.0639151060987723e-37,1.1080422005076466e-37,1.153067769918015e-37,1.1989918143299274e-37,1.2458143337434143e-37,1.2935353281584977e-37,1.342154797575191e-37,1.3916727419935024e-37,1.442089161413439e-37,1.4934040558350022e-37,1.5456174252581966e-37,1.5987292696830222e-37,1.652739589109478e-37,1.7076483835375688e-37,1.7634556529672937e-37,1.8201613973986522e-37,1.8777656168316472e-37,1.936268311266278e-37,1.9956694807025404e-37,2.055969125140439e-37,2.1171672445799734e-37,2.1792638390211446e-37,2.2422589084639493e-37,2.3061524529083866e-37,2.370944472354461e-37,2.4366349668021707e-37,2.5032239362515154e-37,2.5707113807024936e-37,2.6390973001551077e-37,2.7083816946093552e-37,2.7785645640652383e-37,2.8496459085227557e-37,2.9216257279819077e-37,2.9945040224426944e-37,3.068280791905116e-37,3.1429560363691716e-37,3.2185297558348645e-37,3.2950019503021875e-37,3.3723726197711448e-37,3.4506417642417363e-37,3.5298093837139634e-37,3.6098754781878214e-37,3.690840047663317e-37,3.7727030921404445e-37,3.8554646116192095e-37,3.939124606099612e-37,4.023683075581646e-37,4.109140020065316e-37,4.195495439550623e-37,4.282749334037564e-37,4.370901703526138e-37,4.459952548016349e-37,4.549901867508193e-37,4.640749662001673e-37,4.732495931496786e-37,4.825140675993535e-37,4.91868389549192e-37,5.013125589991937e-37,5.10846575949359e-37,5.204704403996878e-37,5.301841523501801e-37,5.399877118008347e-37,5.498811187516534e-37,5.59864373202636e-37,5.699374751537818e-37,5.801004246050911e-37,5.90353221556564e-37,6.006958660082008e-37,6.111283579600006e-37,6.216506974119638e-37,6.322628843640905e-37,6.429649188163802e-37,6.537568007688334e-37,6.6463853022145035e-37,6.756101071742305e-37,6.8667153162717365e-37,6.978228035802806e-37,7.090639230335505e-37,7.203948899869842e-37,7.318157044405809e-37,7.433263663943409e-37,7.549268758482646e-37,7.666172328023515e-37,7.78397437256602e-37,7.90267489211016e-37,8.022273886655931e-37,8.14277135620334e-37,8.264167300752381e-37,8.386461720303058e-37,8.50965461485537e-37,8.633745984409315e-37,8.758735828964895e-37,8.884624148522109e-37,9.011410943080958e-37,9.139096212641441e-37,9.267679957203556e-37,9.397162176767308e-37,9.527542871332696e-37,9.658822040899715e-37,9.790999685468367e-37,9.924075805038645e-37,1.0058050399610563e-36,1.019292346918412e-36,1.032869501375931e-36,1.0465365033336131e-36,1.0602933527914585e-36,1.0741400497494674e-36,1.0880765942076398e-36,1.1021029861659753e-36,1.1162192256244744e-36,1.1304253125831367e-36,1.1447212470419627e-36,1.1591070290009516e-36,1.173582658460104e-36,1.1881481354194198e-36,1.2028034598788993e-36,1.2175486318385421e-36,1.2323836512983486e-36,1.2473085182583187e-36,1.2623232327184516e-36,1.2774277946787485e-36,1.2926222041392082e-36,1.3079064610998313e-36,1.3232805655606184e-36,1.3387445175215688e-36,1.3542983169826824e-36,1.3699419639439594e-36,1.3856754584053993e-36,1.4014988003670032e-36,1.4174119898287701e-36,1.4334150267907003e-36,1.4495079112527937e-36,1.4656906432150507e-36,1.4819632226774709e-36,1.4983256496400543e-36,1.5147779241028012e-36,1.5313200460657114e-36,1.5479520155287845e-36,1.564673832492021e-36,1.581485496955421e-36,1.5983870089189843e-36,1.6153783683827112e-36,1.6324595753466014e-36,1.6496306298106547e-36,1.666891531774871e-36,1.6842422812392505e-36,1.701682878203793e-36,1.719213322668499e-36,1.7368336146333695e-36,1.7545437540984022e-36,1.7723437410635988e-36,1.7902335755289592e-36,1.8082132574944826e-36,1.8262827869601688e-36,1.844442163926019e-36,1.862691388392032e-36,1.8810304603582085e-36,1.8994593798245486e-36,1.917978146791053e-36,1.93658676125772e-36,1.9552852232245502e-36,1.9740735326915438e-36,1.992951689658701e-36,2.011919694126021e-36,2.030977546093505e-36,2.0501252455611526e-36,2.0693627925289633e-36,2.0886901869969373e-36,2.1081074289650765e-36,2.127614518433377e-36,2.147211455401842e-36,2.1668982398704694e-36,2.1866748718392604e-36,2.2065413513082144e-36,2.2264976782773322e-36,2.2465438527466126e-36,2.2666798747160568e-36,2.286905744185663e-36,2.3072214611554343e-36,2.327627025625369e-36,2.348122437595466e-36,2.3687076970657264e-36,2.3893828040361504e-36,2.4101477585067378e-36,2.4310025604774875e-36,2.4519472099484034e-36,2.47298170691948e-36,2.4941060513907195e-36,2.5153202433621228e-36,2.5366242828336902e-36,2.5580181698054192e-36,2.5795019042773124e-36,2.601075486249369e-36,2.6227389157215895e-36,2.6444921926939727e-36,2.66633531716652e-36,2.6882682891392305e-36,2.7102911086121037e-36,2.73240377558514e-36,2.754606290058341e-36,2.776898652031705e-36,2.7992808615052306e-36,2.8217529184789206e-36,2.8443148229527745e-36,2.8669665749267912e-36,2.889708174400971e-36,2.9125396213753146e-36,2.935460915849821e-36,2.9584720578244906e-36,2.981573047299324e-36,3.0047638842743205e-36,3.02804456874948e-36,3.0514151007248026e-36,3.074875480200288e-36,3.098425707175935e-36,3.122065781651748e-36,3.1457957036277214e-36,3.16961547310386e-36,3.193525090080162e-36,3.217524554556627e-36,3.2416138665332556e-36,3.2657930260100474e-36,3.2900620329870004e-36,3.31442088746412e-36,3.338869589441403e-36,3.363408138918848e-36,3.3880365358964566e-36,3.412754780374229e-36,3.437562872352165e-36,3.4624608118302636e-36,3.487448598808526e-36,3.5125262332869496e-36,3.5376937152655375e-36,3.562951044744288e-36,3.5882982217232015e-36,3.6137352462022784e-36,3.639262118181517e-36,3.66487883766092e-36,3.6905854046404856e-36,3.716381819120213e-36,3.742268081100105e-36,3.76824419058016e-36,3.7943101475603784e-36,3.82046595204076e-36,3.8467116040213035e-36,3.873047103502012e-36,3.899472450482883e-36,3.925987644963917e-36,3.952592686945113e-36,3.979287576426474e-36,4.006072313407998e-36,4.032946897889685e-36,4.0599113298715345e-36,4.086965609353548e-36,4.1141097363357227e-36,4.141343710818062e-36,4.168667532800563e-36,4.1960812022832266e-36,4.2235847192660535e-36,4.251178083749043e-36,4.278861295732196e-36,4.3066343552155114e-36,4.334497262198989e-36,4.362450016682631e-36,4.3904926186664356e-36,4.4186250681504044e-36,4.446847365134534e-36,4.4751595096188275e-36,4.5035615016032845e-36,4.532053341087904e-36,4.5606350280726856e-36,4.58930656255763e-36,4.618067944542738e-36,4.6469191740280094e-36,4.6758602510134444e-36,4.704891175499041e-36,4.734011947484801e-36,4.763222566970725e-36,4.792523033956812e-36,4.821913348443062e-36,4.851393510429475e-36,4.880963519916051e-36,4.910623376902794e-36,4.940373081389697e-36,4.9702126333767644e-36,5.0001420328639935e-36,5.0301612798513885e-36,5.0602703743389434e-36,5.090469316326662e-36,5.120758105814544e-36,5.15113674280259e-36,5.181605227290797e-36,5.2121635592791713e-36,5.242811738767707e-36,5.273549765756406e-36,5.30437764024527e-36,5.335295362234297e-36,5.366302931723484e-36,5.397400348712836e-36,5.42858761320235e-36,5.4598647251920276e-36,5.49123168468187e-36,5.522688491671874e-36,5.55423514616204e-36,5.585871648152372e-36,5.617597997642865e-36,5.649414194633523e-36,5.681320239124344e-36,5.7133161311153266e-36,5.745401870606474e-36,5.777577457597785e-36,5.8098428920892606e-36,5.842198174080896e-36,5.874643303572694e-36,5.907178280564657e-36,5.9398031050567806e-36,5.9725177770490695e-36,6.00532229654152e-36,6.038216663534134e-36,6.07120087802691e-36,6.10427494001985e-36,6.137438849512953e-36,6.17069260650622e-36,6.204036210999647e-36,6.237469662993238e-36,6.270992962486994e-36,6.30460610948091e-36,6.338309103974989e-36,6.37210194596923e-36,6.405984635463637e-36,6.439957172458206e-36,6.474019556952936e-36,6.508171788947831e-36,6.54241386844289e-36,6.576745795438109e-36,6.611167569933492e-36,6.64567919192904e-36,6.680280661424751e-36,6.714971978420624e-36,6.749753142916659e-36,6.78462415491286e-36,6.819585014409222e-36,6.854635721405746e-36,6.889776275902432e-36,6.925006677899281e-36,6.960326927396294e-36,6.99573702439347e-36,7.031236968890809e-36,7.066826760888311e-36,7.102506400385979e-36,7.138275887383809e-36,7.174135221881801e-36,7.21008440387995e-36,7.246123433378269e-36,7.282252310376752e-36,7.318471034875397e-36,7.354779606874206e-36,7.391178026373177e-36,7.427666293372314e-36,7.464244407871612e-36,7.500912369871074e-36,7.5376701793707e-36,7.574517836370489e-36,7.611455340870438e-36,7.648482692870553e-36,7.68559989237083e-36,7.72280693937127e-36,7.760103833871872e-36,7.797490575872639e-36,7.834967165373571e-36,7.872533602374664e-36,7.910189886875917e-36,7.947936018877337e-36,7.98577199837892e-36,8.023697825380662e-36,8.061713499882571e-36,8.09981902188464e-36,8.138014391386876e-36,8.176299608389272e-36,8.21467467289183e-36,8.253139584894553e-36,8.29169434439744e-36,8.330338951400489e-36,8.369073405903704e-36,8.407897707907079e-36,8.446811857410618e-36,8.48581585441432e-36,8.524909698918185e-36,8.564093390922213e-36,8.603366930426402e-36,8.642730317430756e-36,8.68218355193527e-36,8.721726633939953e-36,8.761359563444796e-36,8.801082340449802e-36,8.840894964954968e-36,8.880797436960297e-36,8.920789756465791e-36,8.960871923471446e-36,9.001043937977264e-36,9.041305799983247e-36,9.08165750948939e-36,9.122099066495698e-36,9.16263047100217e-36,9.203251723008803e-36,9.243962822515598e-36,9.284763769522558e-36,9.325654564029681e-36,9.366635206036967e-36,9.407705695544419e-36,9.448866032552033e-36,9.490116217059807e-36,9.531456249067749e-36,9.572886128575851e-36,9.614405855584116e-36,9.656015430092543e-36,9.697714852101137e-36,9.739504121609891e-36,9.781383238618808e-36,9.823352203127888e-36,9.865411015137131e-36,9.907559674646543e-36,9.949798181656111e-36,9.992126536165849e-36,1.0034544738175743e-35,1.0077052787685801e-35,1.0119650684696026e-35,1.016233842920641e-35,1.020511602121696e-35,1.024798346072767e-35,1.0290940747738547e-35,1.0333987882249585e-35,1.0377124864260787e-35,1.0420351693772152e-35,1.0463668370783676e-35,1.0507074895295368e-35,1.0550571267307222e-35,1.0594157486819237e-35,1.0637833553831415e-35,1.0681599468343761e-35,1.0725455230356267e-35,1.0769400839868935e-35,1.0813436296881768e-35,1.0857561601394765e-35,1.0901776753407926e-35,1.0946081752921248e-35,1.0990476599934734e-35,1.103496129444838e-35,1.1079535836462192e-35,1.1124200225976167e-35,1.1168954462990304e-35,1.1213798547504607e-35,1.1258732479519071e-35,1.1303756259033695e-35,1.1348869886048484e-35,1.1394073360563434e-35,1.1439366682578552e-35,1.1484749852093833e-35,1.1530222869109273e-35,1.1575785733624884e-35,1.1621438445640653e-35,1.1667181005156585e-35,1.1713013412172682e-35,1.1758935666688939e-35,1.1804947768705363e-35,1.1851049718221947e-35,1.1897241515238698e-35,1.194352315975561e-35,1.1989894651772683e-35,1.2036355991289919e-35,1.208290717830732e-35,1.2129548212824881e-35,1.2176279094842608e-35,1.22230998243605e-35,1.227001040137855e-35,1.2317010825896764e-35,1.2364101097915144e-35,1.2411281217433685e-35,1.2458551184452392e-35,1.2505910998971262e-35,1.255336066099029e-35,1.2600900170509488e-35,1.2648529527528846e-35,1.2696248732048365e-35,1.274405778406805e-35,1.27919566835879e-35,1.2839945430607908e-35,1.2888024025128083e-35,1.293619246714842e-35,1.2984450756668918e-35,1.3032798893689584e-35,1.3081236878210412e-35,1.3129764710231397e-35,1.3178382389752553e-35,1.3227089916773872e-35,1.327588729129535e-35,1.3324774513316994e-35,1.3373751582838797e-35,1.3422818499860766e-35,1.3471975264382897e-35,1.352122187640519e-35,1.357055833592765e-35,1.3619984642950268e-35,1.366950079747305e-35,1.3719106799495996e-35,1.3768802649019105e-35,1.381858834604238e-35,1.3868463890565814e-35,1.3918429282589416e-35,1.396848452211318e-35,1.4018629609137106e-35,1.4068864543661195e-35,1.4119189325685448e-35,1.4169603955209865e-35,1.4220108432234446e-35,1.4270702756759188e-35,1.4321386928784093e-35,1.4372160948309164e-35,1.4423024815334397e-35,1.447397852985979e-35,1.4525022091885348e-35,1.4576155501411069e-35,1.4627378758436955e-35,1.4678691862963e-35,1.4730094814989209e-35,1.4781587614515582e-35,1.4833170261542116e-35,1.4884842756068814e-35,1.4936605098095678e-35,1.49884572876227e-35,1.5040399324649885e-35,1.509243120917724e-35,1.5144552941204754e-35,1.5196764520732433e-35,1.5249065947760272e-35,1.5301457222288277e-35,1.5353938344316446e-35,1.5406509313844773e-35,1.545917013087327e-35,1.5511920795401928e-35,1.5564761307430747e-35,1.561769166695973e-35,1.5670711873988875e-35,1.5723821928518188e-35,1.5777021830547663e-35,1.58303115800773e-35,1.58836911771071e-35,1.5937160621637064e-35,1.599071991366719e-35,1.604436905319748e-35,1.6098108040227934e-35,1.615193687475855e-35,1.6205855556789326e-35,1.6259864086320267e-35,1.6313962463351373e-35,1.636815068788264e-35,1.6422428759914073e-35,1.6476796679445664e-35,1.653125444647742e-35,1.658580206100934e-35,1.6640439523041424e-35,1.669516683257367e-35,1.674998398960608e-35,1.680489099413865e-35,1.6859887846171386e-35,1.6914974545704283e-35,1.697015109273735e-35,1.7025417487270573e-35,1.7080773729303965e-35,1.7136219818837518e-35,1.719175575587123e-35,1.724738154040511e-35,1.730309717243915e-35,1.7358902651973353e-35,1.7414797979007718e-35,1.7470783153542254e-35,1.7526858175576945e-35,1.7583023045111806e-35,1.7639277762146824e-35,1.7695622326682012e-35,1.7752056738717356e-35,1.7808580998252861e-35,1.7865195105288535e-35,1.7921899059824369e-35,1.7978692861860373e-35,1.8035576511396534e-35,1.8092550008432858e-35,1.8149613352969347e-35,1.8206766545006001e-35,1.8264009584542816e-35,1.832134247157979e-35,1.8378765206116932e-35,1.8436277788154233e-35,1.8493880217691703e-35,1.8551572494729333e-35,1.860935461926712e-35,1.866722659130508e-35,1.87251884108432e-35,1.8783240077881482e-35,1.8841381592419927e-35,1.8899612954458535e-35,1.8957934163997305e-35,1.901634522103624e-35,1.9074846125575338e-35,1.9133436877614596e-35,1.9192117477154024e-35,1.9250887924193615e-35,1.9309748218733364e-35,1.9368698360773272e-35,1.9427738350313353e-35,1.9486868187353594e-35,1.9546087871894e-35,1.9605397403934564e-35,1.9664796783475293e-35,1.9724286010516187e-35,1.978386508505724e-35,1.9843534007098462e-35,1.990329277663984e-35,1.9963141393681385e-35,2.0023079858223095e-35,2.0083108170264961e-35,2.0143226329806993e-35,2.0203434336849196e-35,2.026373219139156e-35,2.0324119893434088e-35,2.038459744297678e-35,2.0445164840019634e-35,2.0505822084562643e-35,2.056656917660582e-35,2.062740611614916e-35,2.0688332903192664e-35,2.0749349537736335e-35,2.0810456019780168e-35,2.0871652349324156e-35,2.0932938526368314e-35,2.099431455091263e-35,2.105578042295711e-35,2.1117336142501754e-35,2.117898170954656e-35,2.124071712409154e-35,2.1302542386136676e-35,2.1364457495681964e-35,2.1426462452727433e-35,2.1488557257273057e-35,2.1550741909318847e-35,2.1613016408864796e-35,2.1675380755910905e-35,2.1737834950457181e-35,2.1800378992503624e-35,2.1863012882050226e-35,2.1925736619096993e-35,2.198855020364392e-35,2.205145363569101e-35,2.2114446915238267e-35,2.2177530042285684e-35,2.2240703016833264e-35,2.2303965838881012e-35,2.236731850842892e-35,2.2430761025476988e-35,2.2494293390025226e-35,2.2557915602073624e-35,2.2621627661622184e-35,2.2685429568670902e-35,2.274932132321979e-35,2.281330292526884e-35,2.2877374374818058e-35,2.2941535671867434e-35,2.3005786816416972e-35,2.3070127808466673e-35,2.3134558648016537e-35,2.3199079335066563e-35,2.3263689869616752e-35,2.332839025166711e-35,2.339318048121763e-35,2.345806055826831e-35,2.3523030482819157e-35,2.358809025487016e-35,2.365323987442133e-35,2.371847934147266e-35,2.3783808656024152e-35,2.3849227818075811e-35,2.3914736827627634e-35,2.3980335684679608e-35,2.4046024389231763e-35,2.411180294128407e-35,2.417767134083655e-35,2.424362958788918e-35,2.4309677682441984e-35,2.4375815624494947e-35,2.4442043414048075e-35,2.450836105110137e-35,2.457476853565482e-35,2.4641265867708434e-35,2.470785304726222e-35,2.477453007431616e-35,2.484129694887027e-35,2.4908153670924533e-35,2.4975100240478967e-35,2.504213665753356e-35,2.5109262922088325e-35,2.5176479034143244e-35,2.524378499369833e-35,2.531118080075357e-35,2.5378666455308986e-35,2.544624195736456e-35,2.55139073069203e-35,2.5581662503976205e-35,2.5649507548532264e-35,2.57174424405885e-35,2.5785467180144884e-35,2.5853581767201444e-35,2.592178620175816e-35,2.599008048381504e-35,2.605846461337209e-35,2.612693859042929e-35,2.619550241498666e-35,2.626415608704419e-35,2.633289960660189e-35,2.6401732973659746e-35,2.647065618821777e-35,2.653966925027596e-35,2.6608772159834304e-35,2.6677964916892815e-35,2.674724752145149e-35,2.6816619973510327e-35,2.688608227306933e-35,2.695563442012849e-35,2.7025276414687816e-35,2.709500825674731e-35,2.716482994630696e-35,2.7234741483366776e-35,2.730474286792676e-35,2.73748340999869e-35,2.744501517954719e-35,2.7515286106607657e-35,2.758564688116829e-35,2.765609750322908e-35,2.772663797279004e-35,2.779726828985115e-35,2.7867988454412443e-35,2.7938798466473885e-35,2.80096983260355e-35,2.808068803309727e-35,2.81517675876592e-35,2.8222936989721296e-35,2.8294196239283553e-35,2.8365545336345976e-35,2.843698428090856e-35,2.8508513072971307e-35,2.8580131712534225e-35,2.8651840199597304e-35,2.872363853416055e-35,2.8795526716223956e-35,2.8867504745787525e-35,2.8939572622851254e-35,2.901173034741515e-35,2.908397791947921e-35,2.915631533904343e-35,2.922874260610782e-35,2.930125972067237e-35,2.937386668273708e-35,2.944656349230196e-35,2.9519350149366993e-35,2.9592226653932187e-35,2.9665193005997557e-35,2.973824920556308e-35,2.981139525262877e-35,2.988463114719462e-35,2.995795688926064e-35,3.0031372478826817e-35,3.010487791589316e-35,3.017847320045966e-35,3.0252158332526333e-35,3.0325933312093163e-35,3.039979813916016e-35,3.047375281372732e-35,3.0547797335794646e-35,3.0621931705362126e-35,3.0696155922429767e-35,3.077046998699758e-35,3.0844873899065544e-35,3.0919367658633685e-35,3.099395126570198e-35,3.106862472027045e-35,3.114338802233907e-35,3.121824117190786e-35,3.129318416897681e-35,3.136821701354593e-35,3.14433397056152e-35,3.151855224518465e-35,3.1593854632254255e-35,3.1669246866824016e-35,3.174472894889395e-35,3.1820300878464046e-35,3.1895962655534303e-35,3.1971714280104726e-35,3.204755575217531e-35,3.212348707174605e-35,3.2199508238816964e-35,3.2275619253388036e-35,3.235182011545928e-35,3.242811082503068e-35,3.2504491382102235e-35,3.258096178667396e-35,3.2657522038745847e-35,3.27341721383179e-35,3.2810912085390113e-35,3.2887741879962486e-35,3.296466152203503e-35,3.3041671011607734e-35,3.3118770348680603e-35,3.319595953325363e-35,3.327323856532683e-35,3.3350607444900185e-35,3.3428066171973704e-35,3.350561474654738e-35,3.3583253168621227e-35,3.366098143819524e-35,3.3738799555269405e-35,3.3816707519843745e-35,3.3894705331918245e-35,3.39727929914929e-35,3.405097049856773e-35,3.412923785314272e-35,3.420759505521787e-35,3.428604210479319e-35,3.4364579001868665e-35,3.444320574644431e-35,3.452192233852011e-35,3.460072877809607e-35,3.4679625065172206e-35,3.475861119974849e-35,3.4837687181824947e-35,3.491685301140155e-35,3.499610868847834e-35,3.507545421305529e-35,3.5154889585132395e-35,3.523441480470967e-35,3.53140298717871e-35,3.539373478636471e-35,3.5473529548442465e-35,3.555341415802039e-35,3.5633388615098484e-35,3.5713452919676725e-35,3.5793607071755136e-35,3.587385107133372e-35,3.5954184918412455e-35,3.6034608612991357e-35,3.6115122155070435e-35,3.6195725544649657e-35,3.627641878172905e-35,3.63572018663086e-35,3.6438074798388324e-35,3.6519037577968206e-35,3.6600090205048254e-35,3.668123267962846e-35,3.6762465001708835e-35,3.684378717128938e-35,3.692519918837006e-35,3.700670105295093e-35,3.7088292765031946e-35,3.716997432461313e-35,3.725174573169448e-35,3.733360698627599e-35,3.7415558088357675e-35,3.749759903793951e-35,3.7579729835021517e-35,3.7661950479603676e-35,3.774426097168601e-35,3.78266613112685e-35,3.7909151498351163e-35,3.7991731532933977e-35,3.807440141501696e-35,3.815716114460011e-35,3.824001072168342e-35,3.8322950146266885e-35,3.8405979418350524e-35,3.8489098537934324e-35,3.857230750501828e-35,3.8655606319602404e-35,3.873899498168669e-35,3.8822473491271144e-35,3.8906041848355754e-35,3.8989700052940534e-35,3.907344810502547e-35,3.9157286004610575e-35,3.9241213751695835e-35,3.9325231346281276e-35,3.9409338788366867e-35,3.949353607795262e-35,3.957782321503855e-35,3.9662200199624635e-35,3.974666703171087e-35,3.983122371129727e-35,3.991587023838385e-35,4.0000606612970584e-35,4.008543283505749e-35,4.0170348904644547e-35,4.0255354821731763e-35,4.034045058631915e-35,4.0425636198406707e-35,4.0510911657994424e-35,4.0596276965082296e-35,4.0681732119670343e-35,4.076727712175855e-35,4.0852911971346923e-35,4.093863666843545e-35,4.102445121302415e-35,4.1110355605112995e-35,4.1196349844702013e-35,4.1282433931791195e-35,4.136860786638055e-35,4.145487164847006e-35,4.1541225278059735e-35,4.162766875514956e-35,4.171420207973956e-35,4.1800825251829724e-35,4.188753827142004e-35,4.197434113851053e-35,4.2061233853101173e-35,4.214821641519198e-35,4.2235288824782966e-35,4.2322451081874104e-35,4.240970318646541e-35,4.249704513855687e-35,4.258447693814849e-35,4.267199858524028e-35,4.2759610079832233e-35,4.284731142192435e-35,4.293510261151663e-35,4.3022983648609065e-35,4.311095453320168e-35,4.319901526529445e-35,4.3287165844887384e-35,4.3375406271980484e-35,4.3463736546573744e-35,4.3552156668667153e-35,4.3640666638260744e-35,4.372926645535449e-35,4.381795611994841e-35,4.390673563204248e-35,4.399560499163673e-35,4.4084564198731136e-35,4.4173613253325696e-35,4.4262752155420416e-35,4.435198090501531e-35,4.4441299502110363e-35,4.4530707946705584e-35,4.4620206238800954e-35,4.4709794378396495e-35,4.47994723654922e-35,3.3378905862511336e-05,6.795457753151127e-05,0.00010380582498961892,0.0001410200731651009,0.00017969414555730058,0.00021993536655013867,0.00026186295852845964,0.0003056097478844358,0.00035132422202860484,0.00039917300425423055,0.0004493438392412788,0.0005020492128399785,0.0005575307690556815,0.0006160647394027437,0.0006779686707716003,0.0007436098360710742,0.0008134158497073282,0.0008878882062184182,0.000967619744457933,0.0010533174575664593,0.0011458326949723434,0.0012462017588661142,0.0013557013898186402,0.0014759260198426464,0.0016088975771420728,0.0017572252079352656,0.0019243437085198812,0.0021148799537214283,0.0023352345971149324,0.002594538988864451,0.0029062893910599473,0.003291236209269488,0.003782580790203403,0.004434866715775525,0.005334636338768587,0.006588031260767912,0.00822205193894018,0.010075929020665203,0.011911961137675836,0.013576235915565293,0.015015133100497745,0.016230936107910147,0.017247672161158793,0.018094476170271177,0.018799005850153563,0.019385370050456138,0.01987385364022397,0.02028127028722696,0.02062147520548168,0.020905864889005112,0.02114380965707185,0.021343010407925266,0.02150978712799399,0.021649311700255462,0.02176579879184196,0.021862668476635864,0.021942692361572896,0.022008129833098574,0.022060853018731157,0.02210245257272686,0.022134316511211848,0.022157680659965005,0.022173656238156814,0.022183243153482402,0.022187336603990533,0.022186731853277603,0.022182129492429748,0.022174141846336162,0.022163300364168036,0.02215006355414117,0.022134825014721665,0.022117921211286962,0.0220996387638334,0.022080221112782187,0.022059874505973742,0.02203877330253924,0.022017064622109218,0.021994872386877185,0.021972300813260244,0.02194943741274847,0.0219263555603911,0.021903116685964813,0.021879772138203614,0.021856364767369983,0.021832930266218537,0.021809498304619323,0.021786093488036055,0.021762736166733566,0.02173944311798958,0.02171622812091086,0.02169310244042243,0.02167007523445546,0.02164715389641966,0.021624344343042036,0.021601651256202985,0.021579078286051507,0.02155662822149312,0.02153430313329188,0.021512104494103547,0.021490033279150902,0.02146809005061784,0.021446275028430058,0.0214245881494478,0.021403029117149964,0.021381597443177365,0.021360292482117186,0.021339113460592855,0.021318059501576343,0.021297129644735912,0.021276322863396684,0.02125563807873343,0.02123507417155388,0.02121462999214291,0.021194304368493243,0.02117409611307422,0.021154004028495415,0.021134026912181206,0.02111416356025349,0.021094412770715033,0.02107477334602549,0.0210552440953348,0.021035823836161715,0.021016511395814924,0.020997305612576424,0.02097820533657271,0.020959209430483666,0.020940316770119725,0.020921526244824518,0.020902836757798728,0.020884247226277915,0.020865756581707202,0.02084736376980497,0.020829067750579286,0.02081086749829991,0.020792762001451425,0.020774750262636487,0.02075683129847819,0.02073900413946902,0.020721267829807245,0.020703621427353453,0.020686064003293883,0.020668594642051154,0.02065121244112194,0.020633916510830706,0.020616705974231566,0.020599579966813122,0.020582537636357614,0.020565578142770536,0.020548700657841996,0.02053190436508747,0.020515188459539813,0.020498552147573703,0.020481994646758726,0.020465515185524738,0.020449113003202707,0.02043278734967241,0.020416537485261902,0.020400362680551617,0.020384262216207413,0.02036823538281132,0.020352281480696233,0.020336399819782358,0.02032058971941898,0.02030485050821643,0.02028918152390106,0.02027358211316105,0.020258051631497687,0.020242589443074017,0.020227194920592585,0.020211867445082233,0.02019660640585209,0.02018141120032252,0.02016628123383876,0.02015121591961316,0.02013621467853923,0.020121276939146428,0.020106402137364976,0.020091589716472527,0.020076839126961826,0.020062149826418945,0.020047521279411416,0.02003295295736999,0.020018444338476125,0.0200039949075722,0.019989604156023976,0.019975271581630795,0.019960996688526318,0.019946778987070105,0.019932617993727683,0.019918513231059736,0.019904464227499176,0.019890470517341687,0.019876531640627443,0.019862647143050687,0.01984881657588858,0.019835039495894286,0.019821315465207906,0.01980764405128681,0.019794024826819037,0.01978045736963137,0.019766941262641502,0.01975347609371816,0.019740061455676108,0.019726696946158293,0.01971338216756868,0.019700116727004693,0.019686900236181398,0.01967373231136805,0.01966061257330405,0.019647540647152358,0.019634516162422427,0.019621538752896333,0.019608608056582787,0.019595723715642176,0.019582885376327994,0.019570092688926274,0.019557345307697125,0.019544642890811193,0.019531985100300242,0.01951937160199411,0.019506802065468107,0.01949427616398783,0.019481793574455595,0.019469353977357964,0.019456957056713887,0.019444602500024027,0.019432289998216234,0.01942001924561493,0.01940778993986489,0.019395601781902527,0.019383454475904803,0.019371347729243253,0.01935928125243914,0.01934725475911927,0.01933526796597191,0.019323320592704925,0.01931141236200318,0.01929954299948736,0.019287712233673326,0.01927591979593221,0.019264165420451028,0.019252448844193304,0.01924076980686478,0.019229128050870393,0.019217523321280943,0.019205955365796553,0.019194423934712213,0.019182928780879342,0.019171469659677007,0.019160046328968134,0.01914865854908131,0.019137306082763598,0.01912598869515629,0.01911470615376401,0.019103458228416883,0.019092244691245625,0.019081065316649194,0.019069919881266374,0.019058808163944323,0.019047729945713004,0.019036685009753744,0.019025673141373968,0.019014694127977974,0.019003747759040325,0.018992833826079844,0.01898195212263414,0.01897110244423155,0.01896028458836828,0.018949498354481734,0.01893874354392832,0.01892801995995628,0.018917327407683548,0.018906665694074273,0.018896034627915594,0.018885434019794933,0.01887486368207769,0.018864323428885114,0.018853813076072753,0.01884333244120892,0.018832881343554077,0.018822459604039256,0.01881206704524689,0.018801703491389557,0.018791368768290854,0.01878106270336589,0.01877078512560083,0.018760535865536856,0.018750314755248285,0.018740121628326223,0.018729956319859374,0.01871981866641696,0.01870970850603124,0.018699625678178487,0.01868957002376482,0.01867954138510704,0.01866953960591664,0.01865956453128424,0.01864961600766272,0.018639693882851967,0.01862979800598017,0.01861992822749505,0.018610084399142305,0.018600266373952345,0.01859047400622881,0.018580707151529426,0.018570965666653103,0.01856124940962752,0.018551558239693393,0.018541892017291263,0.01853225060404816,0.018522633862763704,0.01851304165739726,0.018503473853054477,0.018493930315976164,0.018484410913523087,0.018474915514164948,0.018465443987467887,0.01845599620408259,0.018446572035731454,0.018437171355198873,0.018427794036316347,0.018418439953953758,0.018409108984006724,0.018399801003385837,0.018390515890005496,0.018381253522773124,0.018372013781577844,0.018362796547281898,0.01835360170170711,0.01834442912762691,0.018335278708755436,0.01832615032973715,0.018317043876137643,0.018307959234433374,0.018298896292002095,0.018289854937113336,0.018280835058919264,0.018271836547445176,0.01826285929358016,0.01825390318906839,0.01824496812649995,0.018236053999302226,0.018227160701731096,0.01821828812886279,0.018209436176584593,0.018200604741587145,0.018191793721355817,0.018183003014162945,0.018174232519059197,0.01816548213586664,0.018156751765169805,0.018148041308308414,0.01813935066736951,0.018130679745180893,0.018122028445302113,0.01811339667201819,0.018104784330331962,0.01809619132595721,0.018087617565310188,0.018079062955506382,0.018070527404348263,0.018062010820322147,0.0180535131125911,0.01804503419098681,0.018036573966004263,0.01802813234879469,0.01801970925115891,0.0180113045855424,0.018002918265026865,0.01799455020332596,0.01798620031477744,0.017977868514338847,0.017969554717580476,0.01796125884067973,0.017952980800415297,0.01794472051416129,0.01793647789988192,0.01792825287612523,0.017920045362017578,0.01791185527726008,0.01790368254211999,0.017895527077427337,0.01788738880456932,0.017879267645484975,0.017871163522659824,0.017863076359121474,0.017855006078432725,0.01784695260468909,0.017838915862512305,0.01783089577704528,0.017822892273948523,0.01781490527939409,0.017806934720061108,0.01779898052313216,0.017791042616287278,0.01778312092770016,0.017775215386033428,0.017767325920434496,0.017759452460530654,0.017751594936425016,0.01774375327869238,0.017735927418374372,0.017728117286976028,0.01772032281646099,0.017712543939247812,0.017704780588205623,0.017697032696650135,0.01768930019833985,0.01768158302747198,0.017673881118678444,0.017666194407022398,0.017658522827993937,0.0176508663175068,0.017643224811894277,0.017635598247905705,0.017627986562702775,0.017620389693856056,0.01761280757934125,0.017605240157535642,0.01759768736721501,0.01759014914754954,0.01758262543810114,0.017575116178819163,0.017567621310038174,0.017560140772473563,0.017552674507219073,0.017545222455743276,0.01753778455988619,0.017530360761856576,0.0175229510042282,0.01751555522993733,0.01750817338227929,0.0175008054049055,0.01749345124182077,0.017486110837379762,0.0174787841362844,0.017471471083581085,0.01746417162465762,0.017456885705240514,0.017449613271391936,0.01744235426950704,0.017435108646311287,0.01742787634885768,0.01742065732452388,0.01741345152100991,0.017406258886335083,0.017399079368835526,0.017391912917161842,0.017384759480276277,0.017377619007450176,0.017370491448261582,0.017363376752592825,0.01735627487062769,0.01734918575284922,0.01734210935003774,0.017335045613267555,0.017327994493905124,0.017320955943606813,0.017313929914316312,0.017306916358262748,0.017299915227957048,0.0172929264761927,0.017285950056039796,0.017278985920845286,0.01727203402423,0.017265094320086615,0.017258166762577576,0.017251251306132784,0.017244347905447672,0.017237456515481066,0.017230577091453075,0.01722370958884333,0.017216853963388214,0.01721001017107949,0.017203178168163184,0.01719635791113565,0.017189549356742596,0.01718275246197765,0.017175967184079825,0.01716919348053193,0.017162431309058396,0.017155680627623838,0.017148941394430434,0.01714221356791773,0.017135497106758983,0.017128791969860255,0.017122098116358873,0.017115415505621175,0.017108744097241033,0.017102083851037956,0.0170954347270561,0.01708879668556149,0.01708216968704087,0.017075553692200422,0.017068948661963592,0.017062354557469538,0.01705577134007196,0.017049198971336676,0.017042637413041035,0.01703608662717173,0.01702954657592356,0.01702301722169746,0.017016498527099643,0.017009990454939485,0.017003492968228045,0.016997006030177262,0.016990529604197568,0.016984063653897673,0.01697760814308164,0.016971163035748693,0.01696472829609082,0.016958303888492263,0.01695188977752753,0.016945485927959997,0.016939092304741877,0.016932708873010578,0.01692633559808885,0.016919972445483482,0.01691361938088333,0.01690727637015871,0.0169009433793596,0.016894620374714356,0.016888307322628904,0.016882004189685173,0.01687571094263974,0.01686942754842286,0.016863153974136912,0.016856890187055787,0.01685063615462309,0.016844391844451027,0.016838157224319552,0.01683193226217496,0.016825716926128657,0.016819511184456445,0.01681331500559693,0.016807128358150115,0.016800951210877192,0.016794783532698827,0.016788625292694193,0.01678247646009975,0.016776337004308268,0.016770206894868096,0.016764086101481272,0.016757974594003286,0.016751872342441597,0.016745779316954732,0.016739695487851248,0.016733620825588706,0.016727555300772624,0.01672149888415547,0.016715451546636107,0.01670941325925793,0.016703383993208476,0.01669736371981864,0.016691352410561147,0.016685350037049962,0.016679356571039316,0.01667337198442275,0.0166673962492322,0.01666142933763682,0.016655471221942542,0.016649521874590848,0.01664358126815756,0.016637649375353034,0.016631726169020422,0.01662581162213497,0.01661990570780274,0.016614008399260374,0.016608119669874043,0.016602239493138587,0.016596367842676638,0.0165905046922375,0.016584650015697484,0.016578803787057672,0.016572965980443517,0.01656713657010446,0.01656131553041281,0.016555502835862955,0.01654969846107064,0.016543902380772323,0.016538114569824087,0.016532335003201094,0.01652656365599674,0.016520800503421963,0.01651504552080445,0.016509298683587893,0.016503559967331233,0.016497829347708076,0.016492106800505713,0.016486392301624606,0.016480685827077585,0.016474987352989134,0.016469296855594874,0.016463614311240337,0.016457939696381076,0.01645227298758143,0.016446614161513422,0.0164409631949574,0.016435320064800158,0.016429684748035033,0.016424057221760248,0.016418437463179527,0.01641282544960067,0.01640722115843513,0.016401624567197164,0.016396035653503484,0.016390454395072456,0.016384880769723466,0.016379314755376677,0.016373756330051323,0.016368205471866543,0.01636266215904002,0.016357126369887304,0.016351598082821335,0.01634607727635197,0.016340563929085283,0.01633505801972304,0.016329559527062047,0.016324068429993614,0.01631858470750307,0.016313108338668954,0.0163076393026626,0.016302177578747957,0.016296723146280306,0.016291275984706168,0.01628583607356268,0.016280403392477057,0.016274977921166126,0.016269559639435553,0.016264148527179452,0.01625874456438007,0.016253347731106954,0.016247958007516605,0.016242575373851886,0.01623719981044155,0.016231831297699742,0.016226469816125463,0.01622111534630195,0.016215767868896575,0.01621042736466021,0.016205093814426315,0.01619976719911082,0.016194447499711738,0.016189134697308535,0.01618382877306155,0.01617852970821158,0.016173237484079894,0.0161679520820668,0.016162673483652322,0.016157401670394724,0.016152136623930616,0.016146878325974463,0.01614162675831798,0.016136381902829827,0.016131143741455085,0.016125912256214858,0.016120687429205843,0.016115469242599753,0.016110257678643384,0.016105052719657453,0.01609985434803688,0.016094662546249545,0.016089477296836862,0.016084298582412632,0.016079126385662938,0.016073960689345777,0.016068801476290414,0.01606364872939721,0.01605850243163714,0.016053362566051315,0.016048229115750615,0.016043102063915706,0.016037981393795874,0.016032867088709424,0.016027759132042695,0.01602265750725003,0.016017562197853413,0.016012473187441638,0.01600739045967057,0.01600231399826242,0.015997243787005583,0.015992179809753922,0.015987122050426777,0.015982070493008343,0.015977025121547576,0.015971985920157486,0.015966952873015215,0.015961925964361242,0.015956905178499455,0.015951890499796523,0.01594688191268167,0.015941879401646285,0.01593688295124362,0.015931892546088445,0.01592690817085673,0.01592192981028525,0.01591695744917139,0.015911991072372716,0.015907030664806816,0.01590207621145036,0.01589712769733962,0.015892185107569817,0.01588724842729472,0.015882317641726266,0.015877392736134765,0.015872473695847725,0.015867560506250315,0.015862653152784675,0.015857751620949722,0.015852855896300845,0.015847965964449526,0.01584308181106331,0.01583820342186516,0.015833330782633347,0.01582846387920108,0.01582360269745641,0.015818747223341728,0.015813897442853563,0.015809053342042273,0.01580421490701187,0.015799382123919528,0.015794554978975583,0.015789733458442985,0.015784917548637218,0.015780107235925826,0.015775302506728543,0.01577050334751652,0.01576570974481246,0.015760921685189985,0.015756139155273564,0.015751362141738723,0.015746590631310904,0.015741824610765412,0.015737064066928142,0.01573230898667379,0.015727559356926834,0.015722815164660724,0.01571807639689757,0.015713343040708178,0.015708615083211603,0.015703892511575043,0.01569917531301345,0.015694463474789477,0.015689756984213047,0.01568505582864119,0.0156803599954778,0.015675669472173494,0.01567098424622527,0.015666304305176147,0.01566162963661525,0.01565696022817737,0.01565229606754281,0.01564763714243698,0.015642983440630507,0.015638334949938604,0.01563369165822128,0.01562905355338283,0.015624420623371703,0.01561979285618015,0.01561517023984424,0.015610552762443572,0.015605940412100887,0.015601333176982028,0.01559673104529564,0.0155921340052932,0.015587542045268406,0.01558295515355731,0.015578373318537809,0.015573796528629754,0.015569224772294618,0.015564658038035063,0.015560096314395198,0.015555539589959871,0.015550987853355238,0.01554644109324745,0.015541899298343284,0.015537362457389807,0.01553283055917407,0.015528303592522849,0.015523781546302566,0.015519264409419288,0.01551475217081795,0.015510244819483146,0.015505742344437854,0.01550124473474355,0.015496751979500721,0.015492264067847882,0.015487780988961823,0.015483302732057204,0.015478829286386416,0.015474360641239525,0.015469896785943986,0.015465437709864435,0.015460983402402631,0.015456533852997174,0.015452089051123429,0.015447648986293265,0.015443213648054845,0.015438783025992628,0.01543435710972705,0.015429935888914434,0.01542551935324664,0.015421107492451208,0.015416700296290959,0.015412297754563964,0.01540789985710324,0.015403506593776586,0.01539911795448672,0.015394733929170868,0.015390354507800415,0.015385979680380947,0.015381609436952477,0.015377243767588523,0.015372882662396547,0.015368526111517471,0.015364174105125777,0.01535982663342917,0.015355483686668378,0.015351145255117271,0.015346811329082376,0.015342481898903066,0.01533815695495108,0.015333836487630577,0.015329520487378026,0.01532520894466172,0.01532090184998207,0.015316599193871332,0.015312300966893363,0.015308007159643302,0.015303717762748052,0.015299432766865243,0.01529515216268391,0.015290875940923892,0.015286604092335865,0.015282336607701116,0.015278073477831456,0.015273814693569079,0.015269560245786393,0.015265310125385952,0.01526106432330026,0.01525682283049162,0.01525258563795211,0.015248352736703271,0.015244124117796173,0.01523989977231113,0.01523567969135767,0.015231463866074546,0.015227252287628813,0.015223044947216947,0.015218841836063843,0.015214642945422973,0.015210448266576259,0.01520625779083366,0.015202071509533562,0.015197889414042284,0.015193711495754058,0.015189537746090897,0.01518536815650249,0.015181202718466059,0.01517704142348625,0.015172884263094993,0.015168731228851448,0.015164582312341785,0.015160437505179147,0.015156296799003526,0.015152160185481543,0.015148027656306566,0.015143899203198327,0.015139774817902865,0.015135654492192674,0.015131538217866137,0.015127425986747923,0.015123317790688482,0.015119213621564022,0.015115113471276496,0.015111017331753384,0.015106925194947706,0.015102837052837857,0.015098752897427377,0.015094672720745043,0.015090596514844613,0.015086524271804892,0.015082455983729329,0.0150783916427462,0.015074331241008423,0.015070274770693129,0.015066222224002486,0.0150621735931624,0.015058128870423114,0.015054088048059,0.015050051118368424,0.015046018073673763,0.015041988906320818,0.015037963608679419,0.015033942173142915,0.015029924592128116,0.015025910858075217,0.015021900963447713,0.015017894900732309,0.015013892662438806,0.015009894241099987,0.01500589962927157,0.015001908819532056,0.014997921804482681,0.014993938576747272,0.01498995912897227,0.014985983453826459,0.01498201154400098,0.014978043392209263,0.014974078991186829,0.014970118333691348,0.014966161412502395,0.014962208220421441,0.014958258750271762,0.014954312994898345,0.014950370947167804,0.014946432599968166,0.014942497946209039,0.014938566978821361,0.014934639690757166,0.014930716074989867,0.014926796124513862,0.014922879832344573,0.014918967191518355,0.014915058195092246,0.014911152836144357,0.014907251107773157,0.01490335300309783,0.014899458515257974,0.01489556763741359,0.014891680362745196,0.014887796684453367,0.014883916595758858,0.014880040089902577,0.014876167160145342,0.014872297799768024,0.014868432002071255,0.014864569760375427,0.014860711068020525,0.014856855918366383,0.01485300430479211,0.014849156220696469,0.014845311659497396,0.014841470614632209,0.014837633079557485,0.014833799047748779,0.014829968512701004,0.01482614146792775,0.014822317906961612,0.014818497823354192,0.014814681210675628,0.014810868062514847,0.014807058372479358,0.014803252134195186,0.014799449341306978,0.01479564998747753,0.014791854066388206,0.014788061571738455,0.014784272497245952,0.01478048683664646,0.014776704583693786,0.014772925732159716,0.014769150275833875,0.01476537820852384,0.01476160952405487,0.01475784421626964,0.014754082279028996,0.01475032370621103,0.014746568491711168,0.014742816629442467,0.014739068113335214,0.014735322937337035,0.014731581095412638,0.014727842581544229,0.014724107389730724,0.014720375513988167,0.0147166469483495,0.014712921686864668,0.01470919972360026,0.01470548105263986,0.014701765668083473,0.014698053564047887,0.014694344734666388,0.01469063917408876,0.0146869368764813,0.014683237836026517,0.014679542046923353,0.014675849503386944,0.014672160199648628,0.014668474129955847,0.014664791288572131,0.014661111669776948,0.014657435267865771,0.014653762077149898,0.014650092091956486,0.014646425306628406,0.014642761715524276,0.014639101313018304,0.014635444093500332,0.014631790051375644,0.014631790296494689,0.014631790268239644,0.014631790223797396,0.014631790178026186,0.014631790131677975,0.014631790084749338,0.014631790037203178,0.01463178998900681,0.014631789940133826,0.014631789890564035,0.014631789840283198,0.01463178978928267,0.014631789737558947,0.014631789685113259,0.014631789631951053,0.014631789578081509,0.014631789523517022,0.014631789468272753,0.014631789412366154,0.014631789355816514,0.014631789298644584,0.014631789240872184,0.01463178918252189,0.014631789123616703,0.014631789064179834,0.014631789004234464,0.014631788943803542,0.014631788882909618,0.014631788821574726,0.014631788759820272,0.014631788697666945,0.014631788635134675,0.014631788572242553,0.014631788509008837,0.014631788445450883,0.014631788381585199,0.014631788317427417,0.014631788252992304,0.014631788188293783,0.014631788123344966,0.014631788058158166,0.014631787992744921,0.01463178792711606,0.014631787861281697,0.014631787795251285,0.014631787729033636,0.014631787662636975,0.014631787596068957,0.014631787529336712,0.014631787462446855,0.014631787395405547,0.014631787328218505,0.014631787260891023,0.014631787193428027,0.014631787125834074,0.014631787058113391,0.014631786990269888,0.014631786922307193,0.01463178685422866,0.01463178678603739,0.014631786717736255,0.014631786649327919,0.014631786580814836,0.014631786512199273,0.014631786443483346,0.014631786374668975,0.014631786305757974,0.014631786236751992,0.014631786167652564,0.014631786098461117,0.014631786029178959,0.014631785959807301,0.014631785890347266,0.01463178582079989,0.014631785751166144,0.014631785681446907,0.014631785611643001,0.014631785541755201,0.014631785471784203,0.014631785401730659,0.014631785331595171,0.01463178526137831,0.014631785191080602,0.014631785120702519,0.01463178505024453,0.014631784979707033,0.014631784909090425,0.014631784838395072,0.01463178476762131,0.01463178469676946,0.014631784625839805,0.014631784554832631,0.014631784483748186,0.014631784412586729,0.014631784341348458,0.014631784270033614,0.014631784198642377,0.014631784127174951,0.014631784055631503,0.0146317839840122,0.014631783912317203,0.01463178384054667,0.014631783768700734,0.014631783696779537,0.014631783624783202,0.014631783552711858,0.014631783480565616,0.014631783408344586,0.014631783336048889,0.014631783263678626,0.014631783191233887,0.014631783118714783,0.014631783046121387,0.014631782973453803,0.014631782900712117,0.014631782827896405,0.014631782755006767,0.01463178268204326,0.01463178260900598,0.014631782535894988,0.014631782462710375,0.014631782389452204,0.014631782316120551,0.01463178224271549,0.014631782169237077,0.014631782095685386,0.014631782022060487,0.014631781948362467,0.014631781874591344,0.014631781800747212,0.014631781726830134,0.014631781652840164,0.014631781578777363,0.0146317815046418,0.014631781430433541,0.014631781356152642,0.014631781281799157,0.014631781207373157,0.014631781132874694,0.014631781058303829,0.01463178098366062,0.01463178090894513,0.014631780834157414,0.014631780759297528,0.014631780684365532,0.014631780609361489,0.014631780534285448,0.014631780459137472,0.014631780383917615,0.014631780308625945,0.014631780233262495,0.014631780157827342,0.014631780082320545,0.014631780006742142,0.014631779931092204,0.014631779855370723,0.014631779779577879,0.014631779703713666,0.014631779627778134,0.014631779551771348,0.014631779475693357,0.014631779399544223,0.014631779323323999,0.014631779247032737,0.014631779170670496,0.01463177909423733,0.014631779017733298,0.014631778941158455,0.01463177886451286,0.01463177878779656,0.01463177871100962,0.014631778634152081,0.014631778557224018,0.014631778480225467,0.014631778403156505,0.014631778326017168,0.014631778248807523,0.014631778171527611,0.014631778094177495,0.014631778016757241,0.014631777939266885,0.0146317778617065,0.014631777784076134,0.014631777706375838,0.014631777628605671,0.014631777550765687,0.01463177747285594,0.014631777394876491,0.014631777316827393,0.014631777238708694,0.01463177716052045,0.01463177708226272,0.014631777003935552,0.014631776925539014,0.014631776847073164,0.01463177676853804,0.014631776689933708,0.01463177661126021,0.014631776532517618,0.014631776453705975,0.014631776374825343,0.01463177629587577,0.014631776216857321,0.014631776137770034,0.014631776058613976,0.014631775979389201,0.014631775900095763,0.014631775820733713,0.014631775741303117,0.01463177566180402,0.014631775582236464,0.014631775502600529,0.014631775422896252,0.014631775343123694,0.014631775263282909,0.014631775183373956,0.014631775103396881,0.014631775023351737,0.014631774943238581,0.014631774863057483,0.014631774782808478,0.014631774702491633,0.014631774622106998,0.014631774541654617,0.014631774461134556,0.014631774380546875,0.014631774299891605,0.014631774219168826,0.01463177413837858,0.01463177405752093,0.014631773976595921,0.014631773895603611,0.014631773814544053,0.014631773733417298,0.0146317736522234,0.014631773570962424,0.01463177348963442,0.014631773408239433,0.01463177332677752,0.014631773245248747,0.01463177316365316,0.014631773081990802,0.014631773000261753,0.014631772918466047,0.014631772836603735,0.014631772754674892,0.014631772672679554,0.014631772590617775,0.01463177250848962,0.014631772426295134,0.014631772344034379,0.014631772261707402,0.014631772179314264,0.014631772096855013,0.0146317720143297,0.014631771931738381,0.014631771849081113,0.014631771766357951,0.014631771683568951,0.01463177160071415,0.01463177151779362,0.014631771434807416,0.014631771351755578,0.014631771268638169,0.014631771185455241,0.014631771102206847,0.014631771018893038,0.014631770935513872,0.014631770852069403,0.014631770768559683,0.01463177068498476,0.014631770601344695,0.014631770517639541,0.014631770433869352,0.014631770350034181,0.01463177026613408,0.0146317701821691,0.014631770098139298,0.014631770014044728,0.01463176992988544,0.014631769845661483,0.01463176976137293,0.014631769677019825,0.01463176959260221,0.014631769508120144,0.014631769423573686,0.014631769338962887,0.014631769254287802,0.014631769169548479,0.01463176908474497,0.014631768999877332,0.014631768914945631,0.014631768829949899,0.014631768744890198,0.014631768659766587,0.014631768574579108,0.014631768489327825,0.014631768404012787,0.014631768318634037,0.014631768233191648,0.014631768147685652,0.014631768062116116,0.014631767976483098,0.014631767890786632,0.014631767805026787,0.014631767719203617,0.014631767633317158,0.014631767547367478,0.014631767461354627,0.014631767375278663,0.014631767289139624,0.014631767202937572,0.014631767116672556,0.014631767030344637,0.01463176694395386,0.014631766857500294,0.014631766770983979,0.014631766684404962,0.014631766597763307,0.014631766511059054,0.014631766424292276,0.014631766337463003,0.014631766250571294,0.014631766163617202,0.0146317660766008,0.014631765989522117,0.014631765902381215,0.01463176581517814,0.014631765727912954,0.0146317656405857,0.014631765553196438,0.01463176546574522,0.014631765378232091,0.01463176529065711,0.014631765203020333,0.014631765115321792,0.014631765027561573,0.014631764939739703,0.014631764851856256,0.014631764763911257,0.014631764675904779,0.014631764587836864,0.01463176449970757,0.014631764411516953,0.014631764323265052,0.01463176423495193,0.014631764146577636,0.014631764058142222,0.014631763969645743,0.014631763881088248,0.014631763792469785,0.01463176370379042,0.014631763615050197,0.014631763526249165,0.014631763437387372,0.014631763348464886,0.014631763259481746,0.014631763170438013,0.014631763081333739,0.014631762992168963,0.014631762902943749,0.014631762813658146,0.014631762724312202,0.014631762634905978,0.014631762545439518,0.014631762455912883,0.014631762366326115,0.014631762276679266,0.014631762186972392,0.014631762097205549,0.014631762007378783,0.014631761917492154,0.0146317618275457,0.014631761737539483,0.014631761647473552,0.01463176155734796,0.014631761467162762,0.014631761376917995,0.01463176128661373,0.01463176119625,0.014631761105826873,0.014631761015344389,0.01463176092480261,0.01463176083420158,0.014631760743541356,0.014631760652821981,0.01463176056204352,0.014631760471206009,0.01463176038030951,0.01463176028935407,0.014631760198339748,0.014631760107266585,0.014631760016134641,0.014631759924943961,0.0146317598336946,0.014631759742386606,0.014631759651020034,0.014631759559594932,0.014631759468111365,0.014631759376569367,0.014631759284968996,0.014631759193310294,0.014631759101593329,0.014631759009818146,0.01463175891798479,0.014631758826093313,0.014631758734143772,0.014631758642136219,0.014631758550070713,0.014631758457947288,0.014631758365766,0.014631758273526902,0.014631758181230048,0.01463175808887548,0.014631757996463263,0.01463175790399343,0.014631757811466056,0.014631757718881172,0.014631757626238829,0.014631757533539085,0.014631757440781995,0.014631757347967603,0.014631757255095959,0.014631757162167138,0.01463175706918114,0.014631756976138069,0.01463175688303794,0.014631756789880813,0.01463175669666675,0.014631756603395793,0.01463175651006799,0.014631756416683392,0.014631756323242059,0.014631756229744037,0.014631756136189375,0.014631756042578117,0.014631755948910332,0.014631755855186055,0.01463175576140534,0.01463175566756824,0.014631755573674805,0.014631755479725082,0.014631755385719121,0.014631755291656983,0.014631755197538695,0.014631755103364341,0.014631755009133954,0.014631754914847587,0.014631754820505282,0.014631754726107097,0.014631754631653084,0.014631754537143294,0.014631754442577765,0.014631754347956556,0.014631754253279729,0.014631754158547316,0.01463175406375937,0.014631753968915952,0.014631753874017103,0.014631753779062869,0.014631753684053313,0.014631753588988477,0.014631753493868417,0.01463175339869318,0.014631753303462808,0.014631753208177367,0.014631753112836893,0.014631753017441443,0.01463175292199107,0.014631752826485812,0.014631752730925733,0.01463175263531087,0.014631752539641288,0.01463175244391703,0.014631752348138146,0.014631752252304677,0.01463175215641668,0.014631752060474203,0.014631751964477305,0.014631751868426031,0.014631751772320418,0.014631751676160534,0.014631751579946424,0.01463175148367813,0.01463175138735571,0.014631751290979203,0.01463175119454868,0.014631751098064165,0.014631751001525728,0.014631750904933401,0.014631750808287249,0.014631750711587312,0.014631750614833652,0.014631750518026301,0.014631750421165322,0.01463175032425076,0.014631750227282662,0.014631750130261075,0.014631750033186062,0.014631749936057665,0.014631749838875923,0.014631749741640897,0.014631749644352637,0.014631749547011186,0.014631749449616593,0.014631749352168918,0.014631749254668204,0.014631749157114496,0.014631749059507844,0.014631748961848306,0.014631748864135924,0.014631748766370741,0.014631748668552831,0.014631748570682213,0.014631748472758952,0.014631748374783092,0.014631748276754687,0.014631748178673782,0.014631748080540423,0.014631747982354669,0.014631747884116563,0.01463174778582616,0.014631747687483496,0.014631747589088627,0.0146317474906416,0.01463174739214247,0.014631747293591282,0.014631747194988087,0.014631747096332927,0.014631746997625863,0.014631746898866923,0.01463174680005618,0.01463174670119367,0.014631746602279443,0.014631746503313553,0.014631746404296044,0.014631746305226954,0.014631746206106354,0.014631746106934285,0.014631746007710795,0.014631745908435922,0.014631745809109723,0.014631745709732245,0.014631745610303535,0.014631745510823654,0.014631745411292639,0.014631745311710541,0.014631745212077406,0.014631745112393275,0.01463174501265822,0.014631744912872276,0.014631744813035483,0.014631744713147902,0.014631744613209572,0.014631744513220543,0.014631744413180868,0.014631744313090597,0.01463174421294978,0.014631744112758452,0.014631744012516672,0.014631743912224477,0.014631743811881943,0.014631743711489087,0.014631743611045972,0.014631743510552643,0.014631743410009142,0.014631743309415529,0.014631743208771857,0.014631743108078151,0.014631743007334481,0.014631742906540885,0.014631742805697408,0.014631742704804102,0.014631742603861015,0.014631742502868191,0.01463174240182569,0.014631742300733547,0.014631742199591813,0.014631742098400543,0.014631741997159779,0.014631741895869566,0.014631741794529956,0.014631741693140996,0.014631741591702736,0.014631741490215228,0.014631741388678501,0.014631741287092626,0.014631741185457637,0.014631741083773579,0.014631740982040505,0.014631740880258468,0.014631740778427507,0.014631740676547675,0.014631740574619011,0.014631740472641572,0.014631740370615405,0.014631740268540552,0.01463174016641707,0.014631740064244995,0.014631739962024385,0.01463173985975528,0.014631739757437727,0.014631739655071783,0.014631739552657477,0.014631739450194876,0.014631739347684018,0.014631739245124944,0.014631739142517716,0.014631739039862373,0.014631738937158958,0.014631738834407534,0.014631738731608132,0.014631738628760806,0.014631738525865603,0.014631738422922565,0.014631738319931743,0.01463173821689319,0.01463173811380695,0.014631738010673068,0.014631737907491586,0.014631737804262551,0.014631737700986015,0.014631737597662032,0.014631737494290635,0.01463173739087189,0.014631737287405813,0.01463173718389249,0.014631737080331938,0.014631736976724211,0.014631736873069357,0.014631736769367432,0.014631736665618468,0.014631736561822518,0.014631736457979633,0.014631736354089852,0.014631736250153233,0.01463173614616981,0.01463173604213964,0.014631735938062763,0.014631735833939235,0.014631735729769089,0.014631735625552368,0.014631735521289147,0.014631735416979439,0.014631735312623316,0.014631735208220812,0.014631735103771979,0.014631734999276853,0.014631734894735493,0.014631734790147927,0.014631734685514241,0.014631734580834452,0.014631734476108597,0.014631734371336736,0.014631734266518917,0.014631734161655177,0.014631734056745576,0.014631733951790153,0.014631733846788947,0.01463173374174202,0.014631733636649406,0.014631733531511145,0.014631733426327306,0.01463173332109792,0.014631733215823034,0.014631733110502695,0.01463173300513695,0.014631732899725846,0.014631732794269431,0.014631732688767747,0.014631732583220841,0.014631732477628764,0.014631732371991554,0.014631732266309249,0.014631732160581917,0.014631732054809598,0.01463173194899232,0.014631731843130146,0.014631731737223116,0.014631731631271275,0.014631731525274676,0.01463173141923336,0.01463173131314737,0.01463173120701676,0.014631731100841565,0.014631730994621834,0.014631730888357621,0.014631730782048954,0.014631730675695894,0.01463173056929849,0.01463173046285678,0.014631730356370814,0.014631730249840628,0.014631730143266268,0.014631730036647798,0.014631729929985234,0.014631729823278641,0.01463172971652807,0.014631729609733548,0.014631729502895131,0.014631729396012864,0.014631729289086794,0.014631729182116963,0.014631729075103411,0.0146317289680462,0.01463172886094537,0.014631728753800954,0.014631728646613006,0.014631728539381567,0.014631728432106684,0.014631728324788405,0.01463172821742678,0.01463172811002184,0.014631728002573641,0.014631727895082231,0.014631727787547642,0.014631727679969925,0.014631727572349129,0.014631727464685298,0.014631727356978473,0.0146317272492287,0.014631727141436022,0.014631727033600491,0.01463172692572215,0.014631726817801049,0.014631726709837194,0.014631726601830672,0.01463172649378153,0.014631726385689804,0.014631726277555534,0.014631726169378767,0.014631726061159546,0.014631725952897912,0.014631725844593919,0.014631725736247606,0.014631725627859016,0.014631725519428202,0.014631725410955206,0.014631725302440064,0.01463172519388283,0.01463172508528353,0.014631724976642243,0.014631724867958992,0.014631724759233822,0.014631724650466773,0.014631724541657905,0.014631724432807249,0.014631724323914854,0.014631724214980763,0.014631724106005013,0.014631723996987669,0.01463172388792876,0.014631723778828331,0.014631723669686427,0.0146317235605031,0.014631723451278384,0.014631723342012331,0.014631723232704981,0.014631723123356382,0.01463172301396657,0.014631722904535599,0.014631722795063506,0.014631722685550339,0.014631722575996148,0.014631722466400958,0.014631722356764826,0.014631722247087807,0.014631722137369919,0.01463172202761123,0.014631721917811771,0.014631721807971593,0.014631721698090728,0.014631721588169236,0.014631721478207144,0.014631721368204514,0.014631721258161375,0.01463172114807778,0.014631721037953767,0.014631720927789383,0.014631720817584667,0.014631720707339669,0.014631720597054433,0.014631720486729002,0.01463172037636341,0.014631720265957715,0.014631720155511957,0.014631720045026171,0.014631719934500409,0.014631719823934708,0.014631719713329128,0.01463171960268369,0.014631719491998449,0.014631719381273453,0.01463171927050873,0.014631719159704343,0.01463171904886032,0.014631718937976712,0.014631718827053561,0.014631718716090905,0.014631718605088795,0.014631718494047272,0.014631718382966383,0.01463171827184616,0.014631718160686657,0.014631718049487917,0.014631717938249978,0.014631717826972892,0.01463171771565668,0.01463171760430141,0.014631717492907126,0.01463171738147385,0.014631717270001631,0.014631717158490527,0.014631717046940561,0.014631716935351792,0.014631716823724253,0.014631716712057994,0.014631716600353062,0.014631716488609482,0.014631716376827319,0.014631716265006608,0.014631716153147376,0.014631716041249675,0.014631715929313553,0.014631715817339058,0.014631715705326235,0.014631715593275118,0.014631715481185742,0.014631715369058166,0.01463171525689242,0.014631715144688555,0.014631715032446613,0.014631714920166622,0.014631714807848629,0.014631714695492707,0.014631714583098875,0.014631714470667172,0.01463171435819764,0.014631714245690323,0.014631714133145277,0.014631714020562517,0.01463171390794212,0.014631713795284112,0.014631713682588534,0.014631713569855428,0.014631713457084848,0.014631713344276816,0.014631713231431384,0.014631713118548599,0.014631713005628494,0.01463171289267112,0.014631712779676521,0.014631712666644724,0.014631712553575787,0.014631712440469749,0.014631712327326653,0.014631712214146528,0.01463171210092944,0.014631711987675424,0.014631711874384477,0.01463171176105671,0.014631711647692128,0.014631711534290784,0.014631711420852716,0.014631711307377965,0.014631711193866578,0.01463171108031858,0.014631710966734036,0.014631710853112972,0.014631710739455434,0.014631710625761473,0.014631710512031125,0.014631710398264428,0.014631710284461422,0.014631710170622161,0.014631710056746678,0.014631709942835013,0.014631709828887205,0.014631709714903306,0.014631709600883358,0.014631709486827398,0.01463170937273546,0.014631709258607593,0.014631709144443845,0.01463170903024424,0.014631708916008835,0.014631708801737668,0.01463170868743078,0.014631708573088207,0.014631708458709997,0.014631708344296203,0.014631708229846847,0.014631708115361977,0.01463170800084163,0.014631707886285861,0.014631707771694697,0.014631707657068187,0.014631707542406367,0.014631707427709275,0.014631707312976966,0.014631707198209474,0.014631707083406846,0.01463170696856912,0.014631706853696328,0.014631706738788523,0.014631706623845738,0.014631706508868018,0.014631706393855403,0.014631706278807936,0.01463170616372565,0.014631706048608605,0.01463170593345681,0.014631705818270339,0.014631705703049216,0.014631705587793486,0.014631705472503196,0.014631705357178379,0.014631705241819075,0.014631705126425325,0.014631705010997174,0.014631704895534656,0.01463170478003782,0.014631704664506714,0.014631704548941356,0.01463170443334181,0.014631704317708098,0.014631704202040274,0.014631704086338371,0.014631703970602431,0.014631703854832503,0.014631703739028614,0.014631703623190816,0.014631703507319143,0.014631703391413634,0.014631703275474337,0.014631703159501293,0.014631703043494532,0.014631702927454101,0.014631702811380041,0.014631702695272395,0.0146317025791312,0.014631702462956484,0.014631702346748304,0.014631702230506699,0.014631702114231706,0.014631701997923375,0.014631701881581726,0.014631701765206806,0.014631701648798673,0.014631701532357341,0.01463170141588287,0.014631701299375292,0.014631701182834656,0.014631701066260992,0.014631700949654347,0.014631700833014755,0.01463170071634227,0.014631700599636897,0.014631700482898722,0.014631700366127749,0.014631700249324035,0.014631700132487619,0.014631700015618535,0.014631699898716835,0.014631699781782545,0.014631699664815707,0.01463169954781637,0.014631699430784571,0.01463169931372034,0.014631699196623726,0.014631699079494766,0.0146316989623335,0.01463169884513997,0.01463169872791421,0.014631698610656274,0.01463169849336619,0.014631698376043995,0.014631698258689733,0.014631698141303448,0.014631698023885174,0.014631697906434945,0.014631697788952824,0.01463169767143882,0.014631697553892991,0.014631697436315375,0.014631697318706007,0.014631697201064931,0.014631697083392174,0.014631696965687797,0.01463169684795182,0.014631696730184291,0.014631696612385248,0.014631696494554735,0.014631696376692788,0.014631696258799438,0.014631696140874737,0.014631696022918717,0.014631695904931422,0.014631695786912886,0.014631695668863156,0.014631695550782253,0.014631695432670244,0.014631695314527144,0.014631695196353007,0.01463169507814786,0.014631694959911755,0.01463169484164473,0.014631694723346814,0.014631694605018057,0.014631694486658485,0.014631694368268144,0.01463169424984707,0.01463169413139531,0.014631694012912899,0.014631693894399868,0.014631693775856271,0.014631693657282133,0.014631693538677503,0.014631693420042412,0.014631693301376914,0.014631693182681042,0.014631693063954813,0.014631692945198274,0.014631692826411486,0.014631692707594455,0.014631692588747247,0.014631692469869895,0.014631692350962426,0.01463169223202489,0.014631692113057317,0.014631691994059769,0.014631691875032252,0.014631691755974814,0.014631691636887508,0.014631691517770355,0.014631691398623409,0.014631691279446694,0.014631691160240263,0.014631691041004126,0.014631690921738355,0.014631690802442986,0.014631690683118037,0.014631690563763563,0.014631690444379588,0.014631690324966163,0.014631690205523322,0.014631690086051093,0.014631689966549535,0.01463168984701867,0.014631689727458543,0.01463168960786918,0.014631689488250643,0.014631689368602947,0.014631689248926143,0.014631689129220268,0.014631689009485353,0.014631688889721451,0.014631688769928576,0.01463168865010679,0.01463168853025611,0.014631688410376596,0.014631688290468277,0.014631688170531183,0.01463168805056536,0.014631687930570838,0.014631687810547663,0.014631687690495871,0.0146316875704155,0.014631687450306583,0.014631687330169162,0.014631687210003285,0.014631687089808968,0.01463168696958627,0.01463168684933521,0.014631686729055828,0.014631686608748175,0.014631686488412288,0.014631686368048192,0.014631686247655934,0.014631686127235543,0.014631686006787065,0.014631685886310529,0.014631685765805987,0.014631685645273456,0.014631685524712995,0.014631685404124632,0.014631685283508397,0.01463168516286433,0.01463168504219247,0.01463168492149289,0.014631684800765566,0.014631684680010564,0.01463168455922793,0.014631684438417687,0.014631684317579875,0.014631684196714538,0.014631684075821704,0.014631683954901421,0.014631683833953723,0.014631683712978646,0.014631683591976226,0.014631683470946493,0.014631683349889497,0.014631683228805262,0.014631683107693841,0.01463168298655526,0.014631682865389555,0.014631682744196767,0.014631682622976936,0.014631682501730093,0.014631682380456272,0.014631682259155522,0.01463168213782787,0.014631682016473357,0.014631681895092011,0.014631681773683883,0.01463168165224901,0.014631681530787418,0.014631681409299145,0.014631681287784241,0.014631681166242727,0.014631681044674645,0.014631680923080032,0.014631680801458921,0.01463168067981136,0.014631680558137376,0.014631680436437006,0.014631680314710285,0.01463168019295726,0.014631680071177955,0.01463167994937241,0.014631679827540678,0.01463167970568277,0.014631679583798733,0.014631679461888609,0.014631679339952417,0.014631679217990218,0.014631679096002026,0.014631678973987887,0.014631678851947846,0.014631678729881928,0.014631678607790178,0.01463167848567262,0.014631678363529304,0.014631678241360255,0.014631678119165515,0.014631677996945125,0.014631677874699106,0.014631677752427501,0.01463167763013035,0.014631677507807693,0.014631677385459561,0.014631677263085988,0.014631677140687013,0.01463167701826267,0.014631676895813002,0.014631676773338029,0.014631676650837805,0.014631676528312359,0.014631676405761723,0.014631676283185933,0.014631676160585031,0.014631676037959047,0.014631675915308024,0.014631675792631988,0.014631675669930982,0.014631675547205042,0.0146316754244542,0.01463167530167849,0.014631675178877958,0.014631675056052626,0.014631674933202542,0.014631674810327738,0.014631674687428245,0.014631674564504106,0.014631674441555343,0.014631674318582014,0.014631674195584138,0.014631674072561749,0.014631673949514886,0.01463167382644359,0.014631673703347899,0.01463167358022784,0.014631673457083444,0.014631673333914762,0.014631673210721818,0.01463167308750464,0.014631672964263284,0.014631672840997772,0.014631672717708138,0.014631672594394424,0.014631672471056666,0.014631672347694894,0.014631672224309146,0.014631672100899457,0.014631671977465868,0.014631671854008403,0.014631671730527105,0.014631671607022001,0.014631671483493137,0.014631671359940538,0.014631671236364248,0.014631671112764293,0.014631670989140725,0.014631670865493562,0.01463167074182284,0.014631670618128598,0.01463167049441087,0.01463167037066969,0.014631670246905098,0.014631670123117127,0.01463166999930582,0.014631669875471195,0.01463166975161329,0.014631669627732147,0.014631669503827794,0.01463166937990028,0.01463166925594962,0.014631669131975864,0.014631669007979036,0.014631668883959184,0.014631668759916326,0.014631668635850515,0.014631668511761772,0.014631668387650131,0.014631668263515642,0.014631668139358314,0.014631668015178205,0.014631667890975334,0.014631667766749751,0.01463166764250148,0.014631667518230545,0.014631667393936997,0.014631667269620877,0.014631667145282204,0.014631667020921025,0.014631666896537367,0.014631666772131263,0.014631666647702752,0.014631666523251863,0.014631666398778631,0.01463166627428309,0.01463166614976528,0.014631666025225228,0.014631665900662984,0.014631665776078554,0.014631665651471996,0.014631665526843333,0.014631665402192599,0.014631665277519836,0.014631665152825072,0.014631665028108344,0.014631664903369684,0.014631664778609124,0.01463166465382671,0.014631664529022464,0.01463166440419642,0.014631664279348615,0.014631664154479081,0.014631664029587859,0.014631663904674972,0.01463166377974047,0.01463166365478437,0.01463166352980671,0.014631663404807529,0.014631663279786862,0.014631663154744736,0.014631663029681184,0.014631662904596247,0.014631662779489957,0.014631662654362344,0.01463166252921345,0.014631662404043295,0.014631662278851926,0.014631662153639364,0.014631662028405662,0.014631661903150838,0.014631661777874913,0.014631661652577952,0.014631661527259972,0.014631661401921002,0.014631661276561085,0.01463166115118025,0.014631661025778536,0.014631660900355963,0.014631660774912581,0.014631660649448411,0.014631660523963485,0.014631660398457839,0.014631660272931524,0.01463166014738455,0.014631660021816961,0.014631659896228779,0.014631659770620059,0.014631659644990814,0.01463165951934109,0.014631659393670907,0.014631659267980317,0.014631659142269335,0.014631659016538007,0.014631658890786357,0.014631658765014422,0.014631658639222236,0.014631658513409829,0.014631658387577249,0.014631658261724492,0.014631658135851612,0.014631658009958665,0.01463165788404566,0.014631657758112626,0.014631657632159617,0.014631657506186653,0.014631657380193758,0.01463165725418099,0.014631657128148364,0.014631657002095908,0.01463165687602366,0.014631656749931657,0.014631656623819931,0.014631656497688513,0.01463165637153744,0.014631656245366732,0.014631656119176427,0.01463165599296657,0.014631655866737182,0.014631655740488298,0.014631655614219951,0.014631655487932172,0.014631655361624996,0.014631655235298453,0.014631655108952576,0.014631654982587405,0.014631654856202967,0.014631654729799286,0.014631654603376407,0.01463165447693435,0.014631654350473165,0.014631654223992872,0.014631654097493504,0.014631653970975097,0.014631653844437681,0.014631653717881296,0.014631653591305957,0.014631653464711708,0.014631653338098584,0.014631653211466606,0.014631653084815822,0.014631652958146248,0.014631652831457927,0.01463165270475089,0.01463165257802517,0.014631652451280779,0.014631652324517786,0.014631652197736196,0.014631652070936045,0.014631651944117372,0.014631651817280206,0.014631651690424583,0.014631651563550526,0.014631651436658066,0.01463165130974724,0.014631651182818093,0.014631651055870649,0.014631650928904918,0.014631650801920958,0.014631650674918792,0.014631650547898441,0.014631650420859966,0.014631650293803374,0.01463165016672871,0.014631650039635997,0.014631649912525269,0.014631649785396552,0.014631649658249894,0.014631649531085308,0.014631649403902835,0.014631649276702506,0.014631649149484357,0.014631649022248411,0.014631648894994702,0.014631648767723264,0.01463164864043413,0.014631648513127324,0.014631648385802885,0.014631648258460844,0.014631648131101235,0.014631648003724074,0.014631647876329408,0.01463164774891727,0.01463164762148768,0.014631647494040674,0.014631647366576286,0.014631647239094556,0.0146316471115955,0.014631646984079144,0.014631646856545538,0.014631646728994705,0.014631646601426677,0.014631646473841482,0.014631646346239154,0.014631646218619725,0.014631646090983224,0.014631645963329686,0.014631645835659141,0.014631645707971609,0.014631645580267132,0.014631645452545758,0.014631645324807489,0.014631645197052361,0.014631645069280417,0.014631644941491672,0.014631644813686178,0.014631644685863946,0.014631644558025025,0.014631644430169432,0.0146316443022972,0.014631644174408362,0.014631644046502955,0.014631643918580997,0.014631643790642529,0.014631643662687582,0.014631643534716174,0.014631643406728347,0.014631643278724134,0.014631643150703552,0.014631643022666653,0.01463164289461345,0.014631642766543983,0.014631642638458278,0.01463164251035637,0.014631642382238286,0.014631642254104061,0.014631642125953722,0.014631641997787296,0.014631641869604816,0.01463164174140632,0.014631641613191826,0.014631641484961376,0.014631641356714993,0.014631641228452707,0.014631641100174555,0.014631640971880563,0.01463164084357076,0.014631640715245186,0.01463164058690386,0.014631640458546811,0.014631640330174082,0.01463164020178569,0.014631640073381679,0.014631639944962065,0.014631639816526884,0.014631639688076173,0.014631639559609945,0.014631639431128256,0.014631639302631111,0.014631639174118553,0.014631639045590615,0.014631638917047315,0.014631638788488695,0.014631638659914778,0.014631638531325594,0.014631638402721175,0.014631638274101556,0.014631638145466754,0.014631638016816816,0.014631637888151762,0.014631637759471615,0.01463163763077642,0.0146316375020662,0.01463163737334098,0.014631637244600808,0.014631637115845688,0.01463163698707566,0.014631636858290761,0.014631636729491016,0.014631636600676453,0.014631636471847106,0.014631636343003001,0.014631636214144171,0.014631636085270638,0.014631635956382439,0.01463163582747961,0.014631635698562162,0.014631635569630146,0.01463163544068357,0.014631635311722482,0.0146316351827469,0.014631635053756866,0.014631634924752392,0.014631634795733515,0.014631634666700272,0.014631634537652684,0.014631634408590782,0.0146316342795146,0.014631634150424164,0.014631634021319504,0.01463163389220064,0.014631633763067623,0.014631633633920461,0.014631633504759196,0.014631633375583852,0.014631633246394458,0.014631633117191054,0.014631632987973653,0.014631632858742295,0.014631632729496994,0.014631632600237802,0.014631632470964736,0.01463163234167782,0.014631632212377095,0.014631632083062578,0.014631631953734299,0.014631631824392293,0.014631631695036593,0.014631631565667236,0.014631631436284218,0.014631631306887608,0.014631631177477402,0.014631631048053644,0.01463163091861637,0.014631630789165594,0.01463163065970135,0.014631630530223684,0.01463163040073259,0.014631630271228125,0.01463163014171031,0.014631630012179174,0.01463162988263474,0.014631629753077049,0.014631629623506105,0.014631629493921966,0.014631629364324654,0.014631629234714187,0.014631629105090596,0.014631628975453911,0.014631628845804165,0.01463162871614139,0.014631628586465599,0.014631628456776836,0.014631628327075118,0.014631628197360491,0.01463162806763296,0.014631627937892565,0.014631627808139341,0.014631627678373312,0.014631627548594506,0.014631627418802955,0.014631627288998673,0.014631627159181704,0.014631627029352064,0.014631626899509798,0.01463162676965492,0.014631626639787457,0.014631626509907457,0.014631626380014926,0.0146316262501099,0.014631626120192417,0.014631625990262484,0.014631625860320146,0.01463162573036543,0.014631625600398357,0.014631625470418956,0.014631625340427267,0.014631625210423303,0.014631625080407107,0.014631624950378693,0.014631624820338087,0.014631624690285346,0.014631624560220465,0.014631624430143481,0.014631624300054432,0.014631624169953334,0.014631624039840222,0.014631623909715124,0.014631623779578063,0.014631623649429075,0.014631623519268177,0.014631623389095403,0.014631623258910785,0.014631623128714343,0.01463162299850611,0.01463162286828611,0.014631622738054377,0.014631622607810929,0.014631622477555804,0.014631622347289019,0.014631622217010616,0.014631622086720614,0.014631621956419037,0.014631621826105919,0.014631621695781286,0.014631621565445162,0.014631621435097582,0.014631621304738569,0.01463162117436815,0.014631621043986362,0.01463162091359321,0.014631620783188744,0.014631620652772992,0.014631620522345961,0.014631620391907693,0.014631620261458214,0.01463162013099755,0.014631620000525732,0.014631619870042781,0.014631619739548728,0.014631619609043599,0.014631619478527423,0.01463161934800023,0.014631619217462033,0.014631619086912883,0.014631618956352791,0.014631618825781786,0.014631618695199898,0.01463161856460715,0.014631618434003579,0.014631618303389195,0.014631618172764045,0.014631618042128145,0.014631617911481527,0.01463161778082421,0.014631617650156237,0.014631617519477612,0.014631617388788383,0.014631617258088566,0.014631617127378191,0.014631616996657276,0.014631616865925855,0.01463161673518397,0.014631616604431628,0.014631616473668856,0.014631616342895705,0.014631616212112172,0.014631616081318305,0.014631615950514112,0.014631615819699637,0.014631615688874897,0.01463161555803992,0.014631615427194733,0.014631615296339363,0.014631615165473837,0.014631615034598191,0.014631614903712441,0.014631614772816614,0.014631614641910744,0.014631614510994852,0.014631614380068962,0.0146316142491331,0.014631614118187303,0.014631613987231585,0.014631613856265983,0.01463161372529052,0.014631613594305218,0.014631613463310109,0.014631613332305216,0.014631613201290571,0.014631613070266199,0.014631612939232113,0.014631612808188364,0.014631612677134963,0.014631612546071935,0.014631612414999308,0.014631612283917116,0.014631612152825381,0.014631612021724132,0.014631611890613381,0.01463161175949317,0.014631611628363511,0.014631611497224447,0.014631611366075999,0.014631611234918192,0.014631611103751047,0.014631610972574588,0.014631610841388858,0.014631610710193864,0.014631610578989644,0.014631610447776222,0.014631610316553616,0.014631610185321864,0.014631610054080984,0.014631609922831012,0.01463160979157196,0.014631609660303864,0.014631609529026748,0.014631609397740645,0.014631609266445559,0.01463160913514153,0.014631609003828596,0.014631608872506764,0.014631608741176064,0.014631608609836533,0.014631608478488182,0.014631608347131045,0.014631608215765146,0.014631608084390511,0.014631607953007164,0.014631607821615135,0.014631607690214451,0.014631607558805123,0.014631607427387196,0.014631607295960688,0.01463160716452562,0.014631607033082035,0.014631606901629927,0.014631606770169352,0.01463160663870032,0.014631606507222866,0.014631606375736992,0.014631606244242756,0.014631606112740166,0.014631605981229256,0.01463160584971004,0.014631605718182556,0.01463160558664682,0.014631605455102857,0.014631605323550704,0.014631605191990374,0.014631605060421899,0.014631604928845302,0.014631604797260604,0.01463160466566784,0.014631604534067033,0.014631604402458202,0.014631604270841377,0.01463160413921658,0.014631604007583844,0.014631603875943188,0.014631603744294635,0.014631603612638214,0.014631603480973945,0.014631603349301872,0.014631603217621997,0.014631603085934357,0.014631602954238978,0.01463160282253588,0.014631602690825087,0.01463160255910662,0.014631602427380522,0.014631602295646813,0.01463160216390549,0.014631602032156611,0.014631601900400191,0.01463160176863625,0.014631601636864826,0.014631601505085927,0.014631601373299582,0.014631601241505827,0.014631601109704675,0.014631600977896153,0.014631600846080287,0.014631600714257106,0.014631600582426633,0.014631600450588889,0.0146316003187439,0.014631600186891698,0.014631600055032298,0.014631599923165733,0.014631599791292015,0.014631599659411187,0.014631599527523263,0.014631599395628277,0.014631599263726236,0.014631599131817174,0.014631598999901116,0.014631598867978083,0.014631598736048098,0.014631598604111198,0.014631598472167395,0.014631598340216727,0.01463159820825921,0.014631598076294865,0.014631597944323714,0.014631597812345794,0.014631597680361123,0.014631597548369724,0.01463159741637162,0.01463159728436684,0.01463159715235541,0.014631597020337348,0.014631596888312675,0.014631596756281425,0.014631596624243622,0.014631596492199282,0.014631596360148444,0.01463159622809111,0.014631596096027332,0.014631595963957113,0.014631595831880484,0.014631595699797469,0.014631595567708086,0.01463159543561237,0.014631595303510334,0.014631595171402017,0.014631595039287432,0.014631594907166605,0.014631594775039558,0.014631594642906323,0.014631594510766916,0.014631594378621365,0.014631594246469691,0.014631594114311922,0.01463159398214808,0.01463159384997819,0.014631593717802267,0.01463159358562036,0.014631593453432467,0.014631593321238619,0.014631593189038847,0.014631593056833175,0.014631592924621609,0.014631592792404188,0.014631592660180926,0.01463159252795186,0.014631592395717005,0.014631592263476387,0.014631592131230027,0.014631591998977954,0.01463159186672017,0.014631591734456738,0.014631591602187665,0.014631591469912972,0.014631591337632676,0.014631591205346812,0.014631591073055398,0.014631590940758457,0.01463159080845601,0.014631590676148089,0.014631590543834712,0.014631590411515901,0.01463159027919168,0.01463159014686208,0.014631590014527114,0.01463158988218681,0.014631589749841193,0.014631589617490288,0.014631589485134114,0.014631589352772702,0.01463158922040606,0.014631589088034221,0.01463158895565721,0.014631588823275053,0.014631588690887761,0.014631588558495372,0.014631588426097887,0.014631588293695359,0.014631588161287797,0.014631588028875219,0.014631587896457658,0.014631587764035123,0.014631587631607655,0.014631587499175274,0.014631587366737983,0.014631587234295834,0.014631587101848828,0.014631586969396997,0.014631586836940373,0.014631586704478962,0.014631586572012795,0.01463158643954189,0.014631586307066279,0.014631586174585983,0.014631586042101026,0.01463158590961142,0.014631585777117198,0.014631585644618387,0.014631585512114995,0.014631585379607046,0.014631585247094545,0.014631585114577544,0.01463158498205609,0.014631584849530173,0.014631584716999822,0.014631584584465084,0.01463158445192592,0.014631584319382374,0.014631584186834544,0.014631584054282344,0.014631583921725876,0.014631583789165124,0.01463158365660013,0.014631583524030909,0.01463158339145743,0.014631583258879814,0.014631583126298003,0.01463158299371206,0.014631582861121982,0.014631582728527836,0.014631582595929634,0.014631582463327361,0.01463158233072107,0.014631582198110785,0.014631582065496465,0.014631581932878232,0.014631581800256045,0.014631581667629944,0.014631581534999955,0.014631581402366112,0.014631581269728414,0.014631581137086899,0.014631581004441577,0.014631580871792471,0.01463158073913961,0.014631580606483015,0.014631580473822701,0.014631580341158698,0.01463158020849103,0.014631580075819715,0.014631579943144778,0.014631579810466233,0.014631579677784107,0.014631579545098436,0.014631579412409222,0.014631579279716492,0.014631579147020275,0.01463157901432059,0.014631578881617452,0.01463157874891089,0.01463157861620093,0.014631578483487595,0.014631578350770887,0.014631578218050853,0.014631578085327498,0.01463157795260086,0.01463157781987095,0.014631577687137787,0.014631577554401405,0.014631577421661811,0.014631577288919041,0.014631577156173102,0.014631577023424033,0.014631576890671842,0.014631576757916556,0.014631576625158196,0.014631576492396799,0.014631576359632357,0.01463157622686491,0.014631576094094488,0.014631575961321084,0.01463157582854475,0.014631575695765498,0.014631575562983343,0.014631575430198308,0.014631575297410415,0.014631575164619695,0.014631575031826162,0.01463157489902984,0.014631574766230749,0.0146315746334289,0.014631574500624325,0.014631574367817035,0.014631574235007098,0.014631574102194476,0.014631573969379209,0.014631573836561319,0.014631573703740864,0.01463157357091783,0.014631573438092236,0.014631573305264104,0.01463157317243345,0.01463157303960032,0.01463157290676471,0.014631572773926656,0.014631572641086188,0.014631572508243314,0.014631572375398064,0.014631572242550456,0.0146315721097005,0.014631571976848253,0.014631571843993668,0.014631571711136836,0.014631571578277726,0.0146315714454164,0.014631571312552868,0.014631571179687138,0.014631571046819248,0.0146315709139492,0.014631570781077028,0.014631570648202747,0.014631570515326391,0.014631570382447966,0.014631570249567493,0.014631570116685007,0.014631569983800514,0.01463156985091404,0.014631569718025613,0.014631569585135246,0.014631569452242959,0.014631569319348784,0.01463156918645273,0.014631569053554831,0.014631568920655095,0.01463156878775355,0.014631568654850212,0.014631568521945108,0.014631568389038249,0.014631568256129665,0.014631568123219373,0.014631567990307398,0.014631567857393757,0.014631567724478474,0.014631567591561558,0.01463156745864304,0.014631567325722943,0.014631567192801289,0.014631567059878085,0.014631566926953365,0.014631566794027145,0.01463156666109945,0.0146315665281703,0.014631566395239704,0.014631566262307692,0.014631566129374282,0.014631565996439498,0.014631565863503365,0.014631565730565904,0.014631565597627117,0.014631565464687041,0.014631565331745686,0.014631565198803086,0.014631565065859248,0.014631564932914206,0.01463156479996797,0.014631564667020562,0.014631564534072002,0.014631564401122323,0.014631564268171528,0.014631564135219639,0.014631564002266693,0.014631563869312693,0.014631563736357664,0.014631563603401631,0.014631563470444607,0.014631563337486617,0.014631563204527683,0.01463156307156782,0.014631562938607059,0.014631562805645404,0.014631562672682886,0.014631562539719534,0.014631562406755342,0.014631562273790352,0.014631562140824573,0.014631562007858034,0.014631561874890751,0.014631561741922747,0.01463156160895403,0.014631561475984635,0.014631561343014571,0.014631561210043869,0.014631561077072542,0.014631560944100609,0.01463156081112809,0.014631560678155017,0.014631560545181395,0.01463156041220725,0.014631560279232597,0.014631560146257465,0.01463156001328186,0.014631559880305822,0.014631559747329355,0.014631559614352481,0.014631559481375227,0.014631559348397608,0.01463155921541964,0.014631559082441346,0.014631558949462753,0.014631558816483873,0.014631558683504731,0.014631558550525336,0.01463155841754572,0.014631558284565901,0.014631558151585887,0.014631558018605712,0.014631557885625387,0.014631557752644934,0.014631557619664377,0.014631557486683726,0.014631557353703008,0.014631557220722237,0.014631557087741446,0.01463155695476064,0.014631556821779851,0.014631556688799082,0.014631556555818362,0.01463155642283772,0.014631556289857158,0.014631556156876706,0.014631556023896375,0.014631555890916196,0.014631555757936178,0.014631555624956353,0.014631555491976726,0.014631555358997322,0.01463155522601817,0.014631555093039273,0.014631554960060666,0.014631554827082352,0.01463155469410436,0.01463155456112671,0.014631554428149418,0.014631554295172503,0.014631554162195989,0.01463155402921989,0.01463155389624423,0.014631553763269028,0.014631553630294301,0.014631553497320064,0.01463155336434633,0.014631553231373147,0.014631553098400508,0.014631552965428432,0.014631552832456962,0.014631552699486095,0.01463155256651585,0.014631552433546273,0.014631552300577343,0.014631552167609104,0.014631552034641572,0.014631551901674755,0.014631551768708683,0.014631551635743369,0.014631551502778836,0.014631551369815103,0.014631551236852192,0.014631551103890115,0.0146315509709289,0.014631550837968558,0.014631550705009107,0.014631550572050572,0.01463155043909297,0.014631550306136307,0.014631550173180623,0.014631550040225925,0.014631549907272235,0.014631549774319562,0.014631549641367944,0.014631549508417383,0.014631549375467911,0.014631549242519538,0.014631549109572279,0.014631548976626163,0.01463154884368121,0.014631548710737427,0.014631548577794846,0.014631548444853468,0.014631548311913323,0.014631548178974435,0.014631548046036814,0.014631547913100472,0.014631547780165432,0.014631547647231721,0.014631547514299357,0.014631547381368354,0.014631547248438728,0.014631547115510497,0.01463154698258369,0.014631546849658313,0.014631546716734405,0.014631546583811945,0.014631546450890988,0.014631546317971542,0.014631546185053619,0.01463154605213725,0.014631545919222439,0.014631545786309211,0.014631545653397592,0.014631545520487585,0.014631545387579211,0.014631545254672508,0.014631545121767465,0.014631544988864128,0.014631544855962485,0.014631544723062585,0.014631544590164424,0.014631544457268029,0.014631544324373424,0.014631544191480618,0.01463154405858963,0.014631543925700485,0.014631543792813189,0.014631543659927772,0.014631543527044252,0.014631543394162633,0.01463154326128295,0.014631543128405214,0.014631542995529441,0.014631542862655646,0.014631542729783857,0.01463154259691408,0.01463154246404635,0.014631542331180677,0.014631542198317072,0.014631542065455558,0.014631541932596154,0.014631541799738875,0.014631541666883744,0.014631541534030765,0.014631541401179976,0.01463154126833139,0.014631541135485019,0.014631541002640873,0.014631540869798988,0.014631540736959369,0.014631540604122039,0.014631540471287013,0.014631540338454315,0.014631540205623956,0.014631540072795952,0.014631539939970328,0.0146315398071471,0.014631539674326278,0.014631539541507897,0.014631539408691966,0.0146315392758785,0.01463153914306753,0.014631539010259055,0.014631538877453075,0.014631538744649642,0.014631538611848743,0.014631538479050422,0.014631538346254691,0.014631538213461588,0.014631538080671089,0.014631537947883239,0.014631537815098048,0.014631537682315527,0.014631537549535702,0.014631537416758607,0.014631537283984208,0.014631537151212586,0.014631537018443708,0.014631536885677629,0.014631536752914334,0.014631536620153844,0.014631536487396218,0.014631536354641431,0.014631536221889499,0.014631536089140458,0.01463153595639432,0.014631535823651082,0.014631535690910798,0.014631535558173467,0.014631535425439091,0.014631535292707727,0.01463153515997936,0.014631535027254035,0.014631534894531733,0.0146315347618125,0.014631534629096327,0.014631534496383257,0.014631534363673293,0.014631534230966445,0.014631534098262742,0.014631533965562203,0.014631533832864838,0.014631533700170667,0.014631533567479711,0.014631533434791984,0.014631533302107482,0.014631533169426258,0.014631533036748315,0.014631532904073655,0.014631532771402321,0.01463153263873431,0.01463153250606965,0.014631532373408359,0.014631532240750453,0.01463153210809594,0.014631531975444862,0.014631531842797202,0.014631531710152981,0.014631531577512218,0.014631531444874956,0.014631531312241194,0.014631531179610953,0.014631531046984239,0.01463153091436107,0.014631530781741474,0.014631530649125464,0.014631530516513048,0.014631530383904254,0.014631530251299105,0.014631530118697587,0.014631529986099746,0.014631529853505586,0.01463152972091513,0.014631529588328394,0.014631529455745385,0.014631529323166128,0.014631529190590646,0.014631529058018946,0.014631528925451045,0.014631528792886959,0.014631528660326711,0.014631528527770313,0.01463152839521778,0.014631528262669138,0.014631528130124388,0.014631527997583558,0.014631527865046668,0.014631527732513722,0.01463152759998474,0.01463152746745974,0.014631527334938745,0.01463152720242176,0.0146315270699088,0.014631526937399898,0.014631526804895064,0.014631526672394302,0.014631526539897643,0.014631526407405091,0.014631526274916673,0.014631526142432407,0.014631526009952295,0.01463152587747637,0.014631525745004637,0.014631525612537114,0.014631525480073824,0.014631525347614777,0.01463152521515999,0.014631525082709472,0.014631524950263253,0.014631524817821344,0.014631524685383755,0.014631524552950515,0.014631524420521628,0.014631524288097114,0.014631524155676989,0.014631524023261282,0.014631523890849981,0.014631523758443123,0.014631523626040715,0.01463152349364278,0.01463152336124933,0.014631523228860382,0.014631523096475958,0.014631522964096063,0.014631522831720712,0.014631522699349937,0.014631522566983742,0.014631522434622145,0.01463152230226516,0.014631522169912805,0.01463152203756509,0.014631521905222046,0.01463152177288368,0.014631521640549998,0.014631521508221036,0.014631521375896793,0.014631521243577292,0.01463152111126255,0.014631520978952577,0.014631520846647395,0.014631520714347012,0.01463152058205146,0.014631520449760729,0.014631520317474861,0.01463152018519385,0.014631520052917733,0.014631519920646511,0.014631519788380206,0.014631519656118825,0.014631519523862397,0.014631519391610922,0.014631519259364432,0.01463151912712293,0.01463151899488644,0.014631518862654973,0.014631518730428542,0.014631518598207173,0.014631518465990872,0.014631518333779658,0.014631518201573546,0.01463151806937255,0.014631517937176687,0.014631517804985976,0.014631517672800423,0.014631517540620056,0.01463151740844488,0.014631517276274918,0.01463151714411018,0.014631517011950684,0.014631516879796441,0.014631516747647472,0.014631516615503786,0.014631516483365406,0.014631516351232353,0.014631516219104626,0.014631516086982243,0.014631515954865228,0.014631515822753592,0.014631515690647355,0.014631515558546521,0.014631515426451119,0.01463151529436115,0.01463151516227664,0.014631515030197603,0.014631514898124049,0.014631514766055995,0.014631514633993464,0.014631514501936463,0.014631514369885003,0.01463151423783911,0.014631514105798797,0.014631513973764063,0.014631513841734946,0.014631513709711452,0.014631513577693597,0.014631513445681392,0.014631513313674857,0.014631513181674004,0.014631513049678848,0.014631512917689401,0.014631512785705684,0.014631512653727714,0.014631512521755497,0.01463151238978906,0.014631512257828409,0.014631512125873552,0.01463151199392452,0.014631511861981321,0.014631511730043968,0.014631511598112478,0.014631511466186863,0.01463151133426714,0.01463151120235333,0.014631511070445434,0.014631510938543488,0.014631510806647489,0.014631510674757453,0.014631510542873398,0.01463151041099534,0.014631510279123294,0.014631510147257278,0.01463151001539729,0.014631509883543366,0.014631509751695509,0.014631509619853737,0.014631509488018066,0.014631509356188508,0.01463150922436508,0.014631509092547788,0.01463150896073666,0.014631508828931706,0.014631508697132936,0.01463150856534037,0.014631508433554024,0.014631508301773906,0.014631508170000033,0.014631508038232424,0.014631507906471086,0.014631507774716031,0.014631507642967292,0.014631507511224861,0.014631507379488774,0.014631507247759036,0.014631507116035654,0.014631506984318641,0.014631506852608014,0.014631506720903803,0.014631506589206018,0.014631506457514657,0.014631506325829744,0.014631506194151303,0.014631506062479338,0.014631505930813858,0.014631505799154888,0.014631505667502433,0.01463150553585652,0.014631505404217164,0.014631505272584375,0.014631505140958146,0.014631505009338524,0.014631504877725495,0.014631504746119087,0.014631504614519312,0.014631504482926196,0.014631504351339732,0.014631504219759948,0.01463150408818686,0.014631503956620473,0.014631503825060805,0.014631503693507882,0.014631503561961695,0.014631503430422289,0.014631503298889629,0.014631503167363787,0.01463150303584474,0.014631502904332513,0.014631502772827112,0.014631502641328564,0.014631502509836887,0.014631502378352076,0.014631502246874158,0.014631502115403145,0.014631501983939046,0.014631501852481871,0.014631501721031654,0.014631501589588397,0.014631501458152101,0.01463150132672281,0.014631501195300512,0.014631501063885234,0.01463150093247698,0.014631500801075786,0.014631500669681644,0.014631500538294562,0.01463150040691456,0.014631500275541656,0.014631500144175889,0.01463150001281721,0.014631499881465697,0.01463149975012133,0.014631499618784133,0.014631499487454114,0.01463149935613128,0.014631499224815651,0.014631499093507251,0.0146314989622061,0.014631498830912202,0.014631498699625552,0.014631498568346179,0.014631498437074104,0.014631498305809324,0.014631498174551867,0.014631498043301747,0.014631497912058972,0.014631497780823559,0.014631497649595517,0.014631497518374859,0.0146314973871616,0.014631497255955757,0.014631497124757344,0.014631496993566367,0.014631496862382838,0.014631496731206792,0.014631496600038218,0.014631496468877146,0.014631496337723574,0.014631496206577525,0.014631496075439013,0.014631495944308053,0.014631495813184653,0.014631495682068825,0.014631495550960587,0.014631495419859955,0.014631495288766935,0.014631495157681548,0.0146314950266038,0.014631494895533715,0.014631494764471295,0.014631494633416555,0.014631494502369516,0.014631494371330182,0.01463149424029857,0.014631494109274695,0.014631493978258574,0.014631493847250213,0.014631493716249631,0.01463149358525684,0.014631493454271846,0.014631493323294668,0.014631493192325314,0.01463149306136381,0.014631492930410156,0.014631492799464376,0.014631492668526471,0.01463149253759647,0.014631492406674372,0.014631492275760199,0.014631492144853951,0.014631492013955657,0.014631491883065322,0.01463149175218296,0.014631491621308581,0.014631491490442211,0.014631491359583844,0.014631491228733516,0.01463149109789121,0.014631490967056964,0.014631490836230776,0.014631490705412677,0.014631490574602663,0.01463149044380075,0.014631490313006954,0.014631490182221287,0.01463149005144377,0.014631489920674402,0.014631489789913207,0.014631489659160184,0.014631489528415366,0.014631489397678747,0.014631489266950348,0.014631489136230188,0.014631489005518267,0.01463148887481462,0.01463148874411923,0.014631488613432126,0.014631488482753323,0.01463148835208284,0.014631488221420666,0.01463148809076683,0.014631487960121342,0.014631487829484213,0.014631487698855472,0.0146314875682351,0.014631487437623126,0.014631487307019577,0.014631487176424443,0.014631487045837754,0.014631486915259504,0.014631486784689727,0.014631486654128424,0.014631486523575609,0.014631486393031296,0.014631486262495488,0.014631486131968205,0.014631486001449468,0.014631485870939277,0.01463148574043765,0.0146314856099446,0.014631485479460138,0.014631485348984282,0.014631485218517029,0.014631485088058414,0.014631484957608423,0.014631484827167083,0.014631484696734413,0.014631484566310414,0.014631484435895101,0.014631484305488498,0.014631484175090605,0.014631484044701434,0.014631483914321012,0.01463148378394933,0.01463148365358641,0.01463148352323227,0.01463148339288692,0.014631483262550371,0.014631483132222622,0.014631483001903705,0.014631482871593628,0.0146314827412924,0.014631482611000028,0.014631482480716534,0.01463148235044193,0.014631482220176219,0.014631482089919429,0.014631481959671549,0.014631481829432608,0.014631481699202612,0.01463148156898158,0.014631481438769516,0.014631481308566435,0.01463148117837235,0.014631481048187274,0.014631480918011223,0.014631480787844202,0.014631480657686229,0.014631480527537311,0.014631480397397452,0.014631480267266678,0.014631480137145002,0.01463148000703243,0.014631479876928982,0.014631479746834654,0.01463147961674947,0.01463147948667344,0.014631479356606582,0.014631479226548887,0.014631479096500394,0.0146314789664611,0.014631478836431013,0.01463147870641016,0.014631478576398536,0.014631478446396163,0.014631478316403053,0.01463147818641922,0.014631478056444663,0.014631477926479406,0.014631477796523464,0.014631477666576843,0.01463147753663955,0.014631477406711607,0.014631477276793009,0.014631477146883782,0.014631477016983944,0.014631476887093486,0.014631476757212434,0.014631476627340807,0.014631476497478596,0.014631476367625827,0.014631476237782505,0.014631476107948647,0.014631475978124272,0.014631475848309376,0.01463147571850398,0.014631475588708094,0.014631475458921721,0.014631475329144892,0.014631475199377597,0.014631475069619865,0.014631474939871693,0.014631474810133103,0.014631474680404107,0.014631474550684706,0.01463147442097493,0.014631474291274775,0.014631474161584255,0.014631474031903388,0.014631473902232177,0.01463147377257064,0.014631473642918787,0.014631473513276642,0.014631473383644192,0.01463147325402146,0.014631473124408463,0.014631472994805201,0.014631472865211699,0.014631472735627959,0.014631472606053991,0.014631472476489812,0.014631472346935437,0.014631472217390867,0.01463147208785612,0.014631471958331204,0.014631471828816136,0.014631471699310915,0.014631471569815566,0.01463147144033009,0.014631471310854518,0.014631471181388835,0.01463147105193307,0.014631470922487204,0.0146314707930513,0.014631470663625343,0.014631470534209323,0.014631470404803296,0.01463147027540724,0.014631470146021166,0.014631470016645103,0.014631469887279053,0.014631469757923033,0.014631469628577046,0.014631469499241106,0.014631469369915218,0.0146314692405994,0.014631469111293661,0.014631468981998014,0.014631468852712479,0.014631468723437064,0.014631468594171772,0.014631468464916616,0.014631468335671607,0.01463146820643676,0.014631468077212084,0.014631467947997585,0.014631467818793284,0.01463146768959918,0.014631467560415303,0.014631467431241645,0.014631467302078217,0.014631467172925046,0.014631467043782124,0.014631466914649479,0.014631466785527113,0.014631466656415036,0.014631466527313269,0.014631466398221807,0.014631466269140681,0.014631466140069872,0.014631466011009432,0.014631465881959332,0.014631465752919607,0.014631465623890262,0.014631465494871303,0.014631465365862748,0.014631465236864599,0.01463146510787688,0.014631464978899594,0.014631464849932734,0.014631464720976326,0.014631464592030387,0.014631464463094926,0.014631464334169945,0.014631464205255483,0.014631464076351514,0.014631463947458068,0.014631463818575151,0.014631463689702778,0.014631463560840963,0.0146314634319897,0.014631463303149024,0.014631463174318923,0.014631463045499416,0.01463146291669052,0.014631462787892228,0.014631462659104585,0.014631462530327563,0.014631462401561194,0.014631462272805491,0.014631462144060454,0.014631462015326087,0.01463146188660241,0.014631461757889442,0.014631461629187187,0.014631461500495638,0.014631461371814846,0.0146314612431448,0.01463146111448551,0.014631460985836986,0.01463146085719924,0.01463146072857228,0.014631460599956111,0.014631460471350754,0.014631460342756208,0.014631460214172488,0.014631460085599606,0.014631459957037575,0.0146314598284864,0.0146314596999461,0.014631459571416674,0.014631459442898143,0.014631459314390504,0.014631459185893788,0.014631459057407986,0.01463145892893312,0.014631458800469194,0.014631458672016219,0.014631458543574205,0.014631458415143173,0.014631458286723114,0.014631458158314053,0.014631458029915995,0.01463145790152895,0.014631457773152935,0.014631457644787954,0.014631457516434023,0.014631457388091147,0.01463145725975933,0.014631457131438593,0.014631457003128939,0.014631456874830381,0.014631456746542936,0.014631456618266604,0.014631456490001391,0.014631456361747315,0.014631456233504382,0.014631456105272616,0.014631455977052019,0.0146314558488426,0.014631455720644353,0.014631455592457316,0.014631455464281495,0.014631455336116869,0.014631455207963497,0.014631455079821354,0.014631454951690454,0.014631454823570832,0.014631454695462462,0.014631454567365376,0.014631454439279587,0.014631454311205083,0.014631454183141905,0.014631454055090027,0.014631453927049485,0.014631453799020264,0.014631453671002412,0.014631453542995915,0.014631453415000786,0.014631453287017038,0.01463145315904468,0.014631453031083713,0.014631452903134142,0.014631452775196004,0.014631452647269281,0.01463145251935401,0.014631452391450193,0.01463145226355782,0.014631452135676922,0.014631452007807503,0.01463145187994957,0.014631451752103135,0.01463145162426821,0.014631451496444787,0.014631451368632899,0.014631451240832547,0.014631451113043729,0.014631450985266478,0.01463145085750079,0.014631450729746667,0.014631450602004142,0.014631450474273215,0.014631450346553885,0.014631450218846173,0.014631450091150083,0.014631449963465626,0.014631449835792813,0.014631449708131647,0.014631449580482153,0.014631449452844331,0.01463144932521819,0.014631449197603735,0.014631449070000987,0.014631448942409947,0.014631448814830627,0.014631448687263038,0.014631448559707196,0.014631448432163092,0.014631448304630748,0.01463144817711018,0.014631448049601386,0.014631447922104376,0.014631447794619168,0.01463144766714576,0.014631447539684168,0.014631447412234403,0.01463144728479647,0.014631447157370386,0.014631447029956156,0.014631446902553788,0.014631446775163292,0.014631446647784678,0.014631446520417955,0.014631446393063113,0.014631446265720193,0.014631446138389199,0.01463144601107014,0.014631445883763016,0.014631445756467833,0.014631445629184616,0.01463144550191336,0.014631445374654082,0.01463144524740679,0.014631445120171496,0.014631444992948201,0.014631444865736918,0.01463144473853766,0.014631444611350434,0.014631444484175254,0.014631444357012127,0.014631444229861056,0.014631444102722053,0.014631443975595125,0.014631443848480283,0.014631443721377547,0.014631443594286914,0.014631443467208391,0.014631443340141994,0.014631443213087724,0.014631443086045604,0.014631442959015636,0.014631442831997818,0.01463144270499218,0.01463144257799872,0.014631442451017449,0.014631442324048376,0.014631442197091511,0.014631442070146852,0.014631441943214422,0.01463144181629423,0.014631441689386277,0.014631441562490575,0.014631441435607129,0.014631441308735962,0.01463144118187707,0.014631441055030475,0.01463144092819617,0.014631440801374171,0.01463144067456449,0.014631440547767134,0.01463144042098212,0.014631440294209423,0.014631440167449092,0.014631440040701122,0.014631439913965517,0.014631439787242297,0.014631439660531457,0.014631439533833019,0.014631439407146979,0.014631439280473361,0.014631439153812162,0.01463143902716339,0.014631438900527068,0.01463143877390319,0.014631438647291765,0.014631438520692817,0.014631438394106334,0.014631438267532349,0.014631438140970848,0.014631438014421846,0.014631437887885375,0.014631437761361417,0.014631437634849977,0.014631437508351079,0.01463143738186472,0.014631437255390912,0.014631437128929687,0.01463143700248102,0.014631436876044946,0.014631436749621451,0.014631436623210557,0.014631436496812271,0.014631436370426585,0.014631436244053567,0.014631436117693167,0.014631435991345396,0.014631435865010282,0.014631435738687823,0.014631435612378027,0.014631435486080912,0.01463143535979649,0.014631435233524752,0.014631435107265719,0.014631434981019393,0.014631434854785788,0.014631434728564907,0.014631434602356776,0.014631434476161383,0.014631434349978744,0.014631434223808871,0.014631434097651757,0.014631433971507433,0.014631433845375895,0.01463143371925717,0.01463143359315124,0.014631433467058124,0.014631433340977822,0.014631433214910354,0.014631433088855722,0.014631432962813946,0.014631432836785023,0.01463143271076897,0.014631432584765782,0.014631432458775477,0.014631432332798063,0.014631432206833548,0.014631432080881938,0.014631431954943243,0.014631431829017461,0.014631431703104623,0.014631431577204722,0.014631431451317772,0.014631431325443776,0.01463143119958274,0.01463143107373468,0.014631430947899605,0.014631430822077518,0.014631430696268436,0.014631430570472354,0.014631430444689291,0.014631430318919243,0.014631430193162244,0.014631430067418271,0.014631429941687344,0.014631429815969477,0.014631429690264673,0.014631429564572944,0.014631429438894292,0.014631429313228732,0.014631429187576272,0.014631429061936912,0.014631428936310665,0.014631428810697547,0.014631428685097553,0.0146314285595107,0.014631428433936994,0.014631428308376439,0.01463142818282905,0.014631428057294827,0.014631427931773782,0.014631427806265933,0.014631427680771277,0.014631427555289822,0.014631427429821573,0.014631427304366548,0.014631427178924749,0.014631427053496182,0.014631426928080858,0.014631426802678794,0.014631426677289987,0.014631426551914446,0.01463142642655218,0.014631426301203187,0.0146314261758675,0.014631426050545095,0.014631425925236006,0.01463142579994024,0.014631425674657791,0.014631425549388679,0.014631425424132895,0.014631425298890477,0.014631425173661403,0.014631425048445692,0.014631424923243349,0.014631424798054384,0.0146314246728788,0.014631424547716633,0.014631424422567856,0.014631424297432484,0.014631424172310533,0.014631424047202008,0.014631423922106914,0.014631423797025271,0.01463142367195709,0.014631423546902346,0.014631423421861064,0.014631423296833264,0.014631423171818933,0.014631423046818087,0.014631422921830756,0.014631422796856915,0.014631422671896594,0.014631422546949798,0.014631422422016522,0.01463142229709678,0.014631422172190581,0.014631422047297936,0.014631421922418838,0.014631421797553312,0.014631421672701355,0.014631421547862981,0.0146314214230382,0.014631421298227013,0.014631421173429431,0.014631421048645458,0.014631420923875111,0.014631420799118382,0.014631420674375284,0.01463142054964583,0.014631420424930023,0.014631420300227885,0.014631420175539412,0.014631420050864609,0.014631419926203487,0.014631419801556057,0.014631419676922315,0.014631419552302287,0.014631419427695967,0.014631419303103353,0.014631419178524476,0.014631419053959335,0.01463141892940793,0.014631418804870266,0.014631418680346361,0.01463141855583622,0.01463141843133984,0.014631418306857259,0.014631418182388443,0.014631418057933436,0.01463141793349222,0.014631417809064816,0.014631417684651227,0.014631417560251448,0.01463141743586551,0.014631417311493405,0.014631417187135136,0.014631417062790735,0.014631416938460188,0.014631416814143502,0.014631416689840696,0.014631416565551765,0.014631416441276713,0.014631416317015571,0.014631416192768339,0.014631416068535012,0.014631415944315605,0.014631415820110131,0.014631415695918573,0.014631415571740983,0.014631415447577317,0.01463141532342761,0.014631415199291863,0.014631415075170092,0.01463141495106229,0.014631414826968473,0.014631414702888647,0.014631414578822818,0.014631414454771003,0.01463141433073319,0.014631414206709405,0.014631414082699643,0.014631413958703918,0.014631413834722228,0.01463141371075459,0.014631413586801008,0.014631413462861497,0.014631413338936049,0.014631413215024675,0.014631413091127385,0.01463141296724419,0.014631412843375092,0.014631412719520098,0.014631412595679214,0.014631412471852455,0.014631412348039817,0.014631412224241315,0.014631412100456952,0.014631411976686739,0.014631411852930685,0.014631411729188784,0.01463141160546107,0.014631411481747542,0.014631411358048178,0.014631411234362996,0.014631411110692018,0.01463141098703524,0.014631410863392674,0.014631410739764329,0.01463141061615021,0.014631410492550314,0.01463141036896467,0.014631410245393262,0.014631410121836108,0.014631409998293215,0.014631409874764585,0.014631409751250234,0.014631409627750152,0.014631409504264368,0.014631409380792881,0.014631409257335694,0.014631409133892803,0.014631409010464244,0.014631408887050001,0.014631408763650083,0.014631408640264496,0.01463140851689326,0.014631408393536374,0.014631408270193822,0.014631408146865648,0.01463140802355185,0.014631407900252469,0.014631407776967434,0.014631407653696785,0.014631407530440533,0.014631407407198677,0.014631407283971234,0.014631407160758208,0.01463140703755961,0.014631406914375443,0.014631406791205703,0.014631406668050415,0.014631406544909577,0.014631406421783195,0.014631406298671273,0.01463140617557383,0.014631406052490855,0.014631405929422367,0.014631405806368377,0.014631405683328876,0.014631405560303885,0.014631405437293394,0.014631405314297423,0.014631405191315977,0.01463140506834907,0.014631404945396692,0.014631404822458857,0.014631404699535578,0.014631404576626855,0.014631404453732698,0.014631404330853104,0.014631404207988094,0.01463140408513767,0.014631403962301821,0.014631403839480582,0.014631403716673937,0.014631403593881907,0.014631403471104492,0.014631403348341702,0.014631403225593526,0.01463140310286,0.014631402980141107,0.014631402857436868,0.014631402734747282,0.014631402612072358,0.014631402489412106,0.014631402366766527,0.014631402244135627,0.01463140212151942,0.014631401998917895,0.014631401876331081,0.014631401753758965,0.01463140163120156,0.014631401508658883,0.014631401386130926,0.014631401263617703,0.014631401141119214,0.014631401018635455,0.014631400896166463,0.01463140077371223,0.01463140065127276,0.01463140052884808,0.014631400406438146,0.014631400284043005,0.014631400161662656,0.014631400039297103,0.014631399916946347,0.014631399794610405,0.014631399672289274,0.014631399549982962,0.014631399427691472,0.014631399305414818,0.014631399183153008,0.014631399060906042,0.014631398938673936,0.014631398816456675,0.014631398694254283,0.014631398572066762,0.014631398449894126,0.014631398327736364,0.014631398205593492,0.014631398083465516,0.014631397961352438,0.014631397839254271,0.01463139771717102,0.014631397595102685,0.014631397473049276,0.0146313973510108,0.014631397228987259,0.01463139710697867,0.014631396984985025,0.01463139686300634,0.01463139674104262,0.014631396619093868,0.014631396497160096,0.014631396375241303,0.014631396253337493,0.014631396131448681,0.01463139600957487,0.014631395887716062,0.01463139576587227,0.014631395644043489,0.014631395522229732,0.014631395400431001,0.014631395278647312,0.014631395156878666,0.01463139503512506,0.014631394913386513,0.014631394791663024,0.014631394669954594,0.014631394548261232,0.014631394426582962,0.01463139430491976,0.014631394183271666,0.014631394061638667,0.014631393940020759,0.01463139381841797,0.014631393696830294,0.014631393575257728,0.014631393453700292,0.014631393332157974,0.01463139321063081,0.014631393089118792,0.014631392967621918,0.0146313928461402,0.01463139272467364,0.014631392603222246,0.014631392481786026,0.014631392360364984,0.014631392238959127,0.014631392117568469,0.014631391996192998,0.014631391874832735,0.014631391753487663,0.01463139163215782,0.014631391510843191,0.014631391389543781,0.014631391268259613,0.014631391146990674,0.014631391025736977,0.014631390904498533,0.014631390783275338,0.014631390662067407,0.014631390540874735,0.01463139041969734,0.014631390298535222,0.014631390177388385,0.014631390056256835,0.01463138993514057,0.014631389814039619,0.014631389692953963,0.014631389571883617,0.014631389450828593,0.014631389329788889,0.01463138920876452,0.01463138908775547,0.014631388966761763,0.01463138884578341,0.014631388724820392,0.014631388603872742,0.014631388482940452,0.014631388362023533,0.014631388241121973,0.014631388120235811,0.014631387999365024,0.014631387878509634,0.014631387757669636,0.014631387636845043,0.014631387516035856,0.014631387395242076,0.014631387274463711,0.014631387153700775,0.014631387032953268,0.014631386912221192,0.014631386791504553,0.014631386670803362,0.014631386550117628,0.014631386429447349,0.014631386308792519,0.014631386188153168,0.014631386067529291,0.014631385946920887,0.014631385826327973,0.014631385705750543,0.014631385585188611,0.014631385464642172,0.014631385344111233,0.014631385223595814,0.014631385103095893,0.01463138498261151,0.014631384862142646,0.01463138474168932,0.014631384621251523,0.014631384500829282,0.014631384380422595,0.01463138426003146,0.014631384139655888,0.014631384019295882,0.01463138389895144,0.014631383778622581,0.0146313836583093,0.014631383538011607,0.01463138341772951,0.014631383297463005,0.014631383177212104,0.014631383056976815,0.014631382936757129,0.014631382816553073,0.014631382696364636,0.01463138257619183,0.01463138245603465,0.014631382335893119,0.01463138221576722,0.014631382095656982,0.014631381975562397,0.014631381855483482,0.014631381735420229,0.014631381615372646,0.014631381495340738,0.014631381375324506,0.014631381255323967,0.014631381135339124,0.014631381015369973,0.01463138089541653,0.014631380775478785,0.014631380655556756,0.014631380535650449,0.014631380415759863,0.014631380295885007,0.01463138017602588,0.014631380056182499,0.014631379936354853,0.014631379816542958,0.014631379696746818,0.014631379576966436,0.01463137945720183,0.014631379337452986,0.014631379217719917,0.014631379098002628,0.014631378978301128,0.01463137885861541,0.01463137873894549,0.014631378619291369,0.014631378499653054,0.014631378380030547,0.014631378260423865,0.01463137814083299,0.01463137802125795,0.014631377901698737,0.014631377782155364,0.014631377662627834,0.014631377543116142,0.014631377423620301,0.01463137730414032,0.014631377184676197,0.01463137706522794,0.014631376945795554,0.014631376826379045,0.01463137670697841,0.014631376587593673,0.014631376468224806,0.014631376348871844,0.014631376229534771,0.014631376110213604,0.014631375990908356,0.014631375871619005,0.01463137575234558,0.0146313756330881,0.014631375513846542,0.014631375394620911,0.014631375275411224,0.014631375156217489,0.014631375037039708,0.01463137491787787,0.014631374798731984,0.014631374679602068,0.01463137456048812,0.014631374441390147,0.014631374322308157,0.014631374203242143,0.014631374084192114,0.014631373965158078,0.014631373846140041,0.014631373727138014,0.014631373608151994,0.014631373489181974,0.014631373370227983,0.014631373251290006,0.014631373132368062,0.014631373013462144,0.014631372894572274,0.014631372775698431,0.014631372656840636,0.014631372537998887,0.014631372419173196,0.014631372300363576,0.014631372181570004,0.01463137206279251,0.01463137194403109,0.014631371825285735,0.014631371706556475,0.014631371587843297,0.014631371469146214,0.014631371350465229,0.01463137123180034,0.014631371113151565,0.0146313709945189,0.014631370875902345,0.014631370757301919,0.014631370638717613,0.014631370520149437,0.014631370401597392,0.014631370283061494,0.014631370164541732,0.014631370046038126,0.014631369927550672,0.014631369809079371,0.01463136969062424,0.01463136957218527,0.014631369453762467,0.014631369335355837,0.014631369216965397,0.014631369098591137,0.014631368980233069,0.014631368861891203,0.014631368743565526,0.014631368625256052,0.01463136850696279,0.014631368388685728,0.0146313682704249,0.014631368152180281,0.014631368033951894,0.014631367915739735,0.01463136779754381,0.014631367679364123,0.014631367561200682,0.014631367443053486,0.014631367324922546,0.014631367206807867,0.01463136708870944,0.01463136697062728,0.014631366852561391,0.014631366734511781,0.014631366616478448,0.0146313664984614,0.01463136638046064,0.014631366262476166,0.01463136614450799,0.014631366026556122,0.014631365908620558,0.014631365790701296,0.014631365672798356,0.014631365554911737,0.014631365437041431,0.014631365319187458,0.014631365201349817,0.014631365083528518,0.014631364965723547,0.014631364847934931,0.014631364730162659,0.014631364612406739,0.014631364494667188,0.014631364376943993,0.014631364259237159,0.014631364141546699,0.014631364023872608,0.014631363906214903,0.014631363788573583,0.01463136367094865,0.014631363553340108,0.014631363435747963,0.014631363318172217,0.014631363200612875,0.014631363083069952,0.014631362965543432,0.014631362848033335,0.014631362730539652,0.014631362613062403,0.014631362495601583,0.014631362378157197,0.014631362260729247,0.01463136214331774,0.014631362025922686,0.014631361908544083,0.01463136179118193,0.014631361673836234,0.014631361556507004,0.014631361439194242,0.01463136132189796,0.014631361204618148,0.014631361087354815,0.014631360970107967,0.014631360852877617,0.014631360735663746,0.014631360618466382,0.014631360501285514,0.014631360384121153,0.014631360266973302,0.01463136014984196,0.014631360032727147,0.01463135991562884,0.014631359798547065,0.014631359681481826,0.014631359564433117,0.014631359447400943,0.014631359330385315,0.014631359213386224,0.014631359096403689,0.014631358979437714,0.014631358862488286,0.014631358745555429,0.014631358628639131,0.014631358511739414,0.014631358394856263,0.014631358277989694,0.014631358161139701,0.014631358044306299,0.014631357927489479,0.014631357810689263,0.014631357693905632,0.01463135757713862,0.014631357460388201,0.014631357343654396,0.014631357226937192,0.01463135711023662,0.01463135699355267,0.01463135687688533,0.014631356760234636,0.014631356643600577,0.014631356526983148,0.014631356410382369,0.01463135629379823,0.01463135617723074,0.014631356060679907,0.014631355944145727,0.014631355827628211,0.014631355711127359,0.014631355594643182,0.014631355478175618,0.014631355361724807,0.014631355245290648,0.014631355128873175,0.01463135501247239,0.014631354896088298,0.014631354779720909,0.014631354663370203,0.014631354547036207,0.014631354430718923,0.014631354314418355,0.014631354198134492,0.014631354081867347,0.014631353965616933,0.014631353849383232,0.014631353733166274,0.01463135361696604,0.014631353500782549,0.014631353384615796,0.014631353268465788,0.014631353152332532,0.014631353036216023,0.014631352920116275,0.014631352804033281,0.014631352687967057,0.014631352571917607,0.01463135245588492,0.014631352339869003,0.014631352223869869,0.014631352107887519,0.014631351991921952,0.014631351875973172,0.014631351760041185,0.014631351644125996,0.014631351528227608,0.01463135141234603,0.014631351296481247,0.014631351180633283,0.014631351064802138,0.014631350948987803,0.014631350833190296,0.014631350717409612,0.01463135060164576,0.014631350485898741,0.014631350370168562,0.014631350254455217,0.014631350138758718,0.014631350023079075,0.01463134990741628,0.014631349791770337,0.014631349676141252,0.01463134956052903,0.014631349444933672,0.014631349329355177,0.014631349213793549,0.014631349098248802,0.01463134898272094,0.014631348867209957,0.014631348751715859,0.014631348636238667,0.014631348520778364,0.014631348405334955,0.014631348289908443,0.01463134817449884,0.014631348059106142,0.014631347943730347,0.014631347828371465,0.014631347713029522,0.01463134759770449,0.01463134748239638,0.014631347367105222,0.014631347251830967,0.01463134713657366,0.014631347021333294,0.014631346906109868,0.0146313467909034,0.014631346675713867,0.014631346560541294,0.014631346445385676,0.01463134633024702,0.014631346215125327,0.014631346100020605,0.01463134598493284,0.014631345869862053,0.014631345754808256,0.014631345639771424,0.014631345524751583,0.01463134540974873,0.01463134529476286,0.014631345179793993,0.014631345064842123,0.014631344949907248,0.014631344834989379,0.01463134472008852,0.014631344605204669,0.014631344490337827,0.014631344375488005,0.0146313442606552,0.014631344145839425,0.014631344031040678,0.01463134391625896,0.014631343801494274,0.014631343686746626,0.014631343572016018,0.014631343457302454,0.014631343342605936,0.014631343227926473,0.014631343113264068,0.014631342998618709,0.01463134288399041,0.014631342769379179,0.014631342654785015,0.014631342540207924,0.014631342425647903,0.014631342311104955,0.01463134219657908,0.014631342082070292,0.014631341967578548,0.01463134185310394,0.014631341738646421,0.014631341624205998,0.014631341509782679,0.014631341395376456,0.014631341280987342,0.014631341166615337,0.014631341052260447,0.014631340937922668,0.014631340823602007,0.01463134070929846,0.01463134059501204,0.014631340480742746,0.014631340366490588,0.014631340252255558,0.014631340138037671,0.014631340023836923,0.01463133990965332,0.014631339795486859,0.014631339681337547,0.01463133956720539,0.014631339453090381,0.014631339338992544,0.014631339224911862,0.014631339110848338,0.01463133899680199,0.014631338882772814,0.014631338768760818,0.014631338654765983,0.014631338540788335,0.01463133842682787,0.014631338312884592,0.014631338198958507,0.014631338085049597,0.014631337971157909,0.01463133785728341,0.0146313377434261,0.01463133762958599,0.014631337515763098,0.014631337401957413,0.014631337288168952,0.014631337174397723,0.014631337060643693,0.01463133694690689,0.014631336833187304,0.014631336719484954,0.014631336605799834,0.014631336492131957,0.014631336378481307,0.014631336264847904,0.014631336151231734,0.014631336037632814,0.014631335924051145,0.014631335810486758,0.014631335696939599,0.014631335583409691,0.014631335469897045,0.01463133535640167,0.014631335242923557,0.01463133512946271,0.014631335016019138,0.014631334902592838,0.014631334789183825,0.014631334675792087,0.014631334562417631,0.014631334449060463,0.01463133433572059,0.014631334222398004,0.014631334109092715,0.014631333995804723,0.014631333882534037,0.014631333769280653,0.014631333656044573,0.014631333542825815,0.01463133342962436,0.014631333316440225,0.014631333203273407,0.014631333090123905,0.014631332976991726,0.01463133286387688,0.014631332750779361,0.014631332637699173,0.01463133252463632,0.014631332411590798,0.014631332298562616,0.014631332185551793,0.014631332072558305,0.014631331959582175,0.014631331846623387,0.014631331733681967,0.014631331620757906,0.0146313315078512,0.014631331394961858,0.01463133128208988,0.01463133116923525,0.014631331056398005,0.01463133094357813,0.014631330830775635,0.014631330717990521,0.01463133060522278,0.014631330492472443,0.014631330379739476,0.014631330267023915,0.014631330154325738,0.014631330041644953,0.014631329928981567,0.01463132981633557,0.014631329703706992,0.014631329591095813,0.014631329478502047,0.014631329365925696,0.01463132925336675,0.014631329140825225,0.01463132902830112,0.01463132891579445,0.014631328803305178,0.014631328690833353,0.01463132857837895,0.014631328465941982,0.014631328353522441,0.014631328241120354,0.014631328128735693,0.014631328016368487,0.014631327904018726,0.014631327791686402,0.014631327679371534,0.01463132756707411,0.01463132745479415,0.01463132734253164,0.014631327230286598,0.014631327118059013,0.014631327005848899,0.014631326893656257,0.014631326781481078,0.014631326669323387,0.014631326557183163,0.014631326445060412,0.01463132633295515,0.014631326220867368,0.014631326108797072,0.014631325996744264,0.014631325884708949,0.014631325772691146,0.014631325660690826,0.014631325548707998,0.014631325436742676,0.014631325324794857,0.014631325212864537,0.01463132510095173,0.014631324989056433,0.014631324877178654,0.014631324765318397,0.01463132465347565,0.014631324541650413,0.014631324429842715,0.014631324318052533,0.014631324206279881,0.014631324094524776,0.014631323982787199,0.014631323871067161,0.014631323759364647,0.01463132364767968,0.01463132353601226,0.01463132342436238,0.014631323312730043,0.014631323201115251,0.014631323089518016,0.01463132297793834,0.014631322866376221,0.014631322754831658,0.014631322643304665,0.014631322531795225,0.014631322420303359,0.014631322308829011,0.01463132219737227,0.014631322085933107,0.014631321974511528,0.014631321863107529,0.014631321751721106,0.014631321640352274,0.014631321529001021,0.014631321417667362,0.014631321306351284,0.014631321195052806,0.014631321083771917,0.01463132097250863,0.014631320861262936,0.014631320750034846,0.014631320638824365,0.014631320527631485,0.014631320416456213,0.014631320305298548,0.014631320194158502,0.014631320083036069,0.014631319971931242,0.014631319860844058,0.014631319749774488,0.014631319638722544,0.014631319527688202,0.014631319416671508,0.014631319305672446,0.014631319194691014,0.01463131908372721,0.014631318972781056,0.014631318861852535,0.014631318750941659,0.014631318640048432,0.01463131852917285,0.014631318418314906,0.014631318307474625,0.014631318196652,0.014631318085847014,0.014631317975059703,0.01463131786429004,0.014631317753538042,0.014631317642803711,0.014631317532087051,0.014631317421388049,0.014631317310706727,0.01463131720004307,0.014631317089397097,0.014631316978768788,0.014631316868158158,0.014631316757565212,0.014631316646989948,0.014631316536432367,0.014631316425892481,0.01463131631537028,0.01463131620486578,0.014631316094378967,0.01463131598390984,0.014631315873458416,0.014631315763024687,0.014631315652608666,0.014631315542210343,0.01463131543182973,0.014631315321466823,0.014631315211121628,0.014631315100794145,0.014631314990484383,0.014631314880192328,0.014631314769917993,0.01463131465966138,0.014631314549422491,0.014631314439201324,0.014631314328997884,0.01463131421881218,0.014631314108644196,0.014631313998493949,0.01463131388836144,0.014631313778246658,0.014631313668149619,0.014631313558070324,0.01463131344800877,0.01463131333796496,0.014631313227938899,0.014631313117930592,0.014631313007940024,0.014631312897967217,0.014631312788012156,0.014631312678074857,0.014631312568155318,0.014631312458253536,0.01463131234836952,0.014631312238503263,0.01463131212865478,0.014631312018824056,0.014631311909011104,0.01463131179921593,0.01463131168943853,0.014631311579678894,0.014631311469937049,0.014631311360212977,0.014631311250506696,0.014631311140818204,0.014631311031147485,0.01463131092149456,0.014631310811859408,0.014631310702242056,0.0146313105926425,0.014631310483060734,0.014631310373496766,0.014631310263950596,0.01463131015442223,0.014631310044911664,0.014631309935418908,0.01463130982594395,0.014631309716486797,0.01463130960704746,0.014631309497625936,0.014631309388222224,0.01463130927883632,0.014631309169468244,0.014631309060117973,0.01463130895078554,0.014631308841470923,0.014631308732174131,0.01463130862289516,0.01463130851363402,0.014631308404390711,0.014631308295165232,0.014631308185957585,0.014631308076767777,0.014631307967595802,0.014631307858441668,0.014631307749305366,0.014631307640186915,0.014631307531086307,0.014631307422003546,0.014631307312938633,0.014631307203891566,0.014631307094862352,0.014631306985850993,0.014631306876857477,0.01463130676788183,0.014631306658924034,0.014631306549984104,0.014631306441062034,0.014631306332157827,0.014631306223271487,0.014631306114403005,0.0146313060055524,0.01463130589671967,0.014631305787904801,0.01463130567910781,0.014631305570328693,0.014631305461567457,0.014631305352824085,0.014631305244098605,0.014631305135391001,0.014631305026701288,0.014631304918029452,0.014631304809375505,0.014631304700739436,0.014631304592121279,0.014631304483521004,0.01463130437493862,0.014631304266374134,0.014631304157827525,0.01463130404929884,0.014631303940788043,0.014631303832295158,0.01463130372382017,0.014631303615363089,0.01463130350692391,0.014631303398502644,0.014631303290099281,0.014631303181713835,0.014631303073346301,0.014631302964996684,0.014631302856664976,0.014631302748351187,0.014631302640055327,0.014631302531777373,0.014631302423517354,0.014631302315275253,0.014631302207051075,0.014631302098844825,0.014631301990656508,0.014631301882486118,0.014631301774333654,0.014631301666199137,0.014631301558082545,0.014631301449983893,0.014631301341903174,0.0146313012338404,0.014631301125795559,0.014631301017768668,0.014631300909759722,0.014631300801768717,0.014631300693795661,0.014631300585840555,0.014631300477903394,0.014631300369984186,0.014631300262082925,0.01463130015419962,0.014631300046334277,0.014631299938486888,0.014631299830657456,0.014631299722845992,0.014631299615052476,0.01463129950727693,0.01463129939951935,0.014631299291779731,0.014631299184058076,0.014631299076354402,0.01463129896866869,0.014631298861000955,0.014631298753351191,0.01463129864571941,0.014631298538105601,0.01463129843050977,0.014631298322931889,0.014631298215372004,0.01463129810783011,0.014631298000306199,0.014631297892800274,0.014631297785312344,0.01463129767784239,0.014631297570390429,0.014631297462956456,0.014631297355540456,0.01463129724814247,0.014631297140762476,0.014631297033400477,0.014631296926056477,0.014631296818730469,0.014631296711422466,0.014631296604132465,0.014631296496860464,0.014631296389606472,0.014631296282370478,0.014631296175152492,0.01463129606795252,0.014631295960770554,0.014631295853606596,0.014631295746460651,0.014631295639332723,0.014631295532222805,0.014631295425130919,0.014631295318057031,0.014631295211001177,0.01463129510396333,0.014631294996943506,0.014631294889941707,0.014631294782957925,0.014631294675992175,0.01463129456904445,0.014631294462114745,0.014631294355203075,0.014631294248309439,0.014631294141433819,0.014631294034576244,0.014631293927736702,0.014631293820915199,0.014631293714111726,0.014631293607326292,0.014631293500558896,0.014631293393809539,0.014631293287078222,0.01463129318036495,0.014631293073669716,0.014631292966992534,0.014631292860333394,0.014631292753692302,0.014631292647069256,0.01463129254046426,0.014631292433877324,0.014631292327308431,0.014631292220757595,0.014631292114224814,0.014631292007710088,0.014631291901213423,0.014631291794734809,0.014631291688274258,0.014631291581831761,0.014631291475407333,0.014631291369000958,0.014631291262612648,0.0146312911562424,0.01463129104989022,0.014631290943556119,0.01463129083724007,0.014631290730942091,0.0146312906246622,0.014631290518400371,0.014631290412156621,0.014631290305930945,0.014631290199723338,0.014631290093533826,0.014631289987362373,0.014631289881209016,0.014631289775073731,0.014631289668956531,0.014631289562857405,0.01463128945677636,0.014631289350713415,0.01463128924466854,0.01463128913864176,0.01463128903263306,0.014631288926642463,0.014631288820669955,0.014631288714715538,0.014631288608779214,0.014631288502860969,0.014631288396960825,0.014631288291078789,0.014631288185214844,0.01463128807936899,0.014631287973541227,0.014631287867731555,0.014631287761939997,0.014631287656166536,0.01463128755041118,0.014631287444673933,0.014631287338954782,0.014631287233253742,0.014631287127570794,0.014631287021905961,0.014631286916259242,0.014631286810630641,0.014631286705020148,0.014631286599427758,0.014631286493853481,0.01463128638829732,0.014631286282759276,0.014631286177239343,0.014631286071737531,0.014631285966253835,0.014631285860788257,0.014631285755340798,0.014631285649911459,0.014631285544500237,0.014631285439107147,0.014631285333732173,0.01463128522837533,0.014631285123036606,0.014631285017716017,0.014631284912413547,0.014631284807129209,0.014631284701862996,0.014631284596614919,0.01463128449138497,0.014631284386173145,0.014631284280979463,0.014631284175803918,0.014631284070646502,0.014631283965507225,0.014631283860386082,0.014631283755283078,0.01463128365019821,0.014631283545131478,0.014631283440082892,0.014631283335052446,0.01463128323004014,0.014631283125045974,0.014631283020069965,0.01463128291511209,0.014631282810172359,0.01463128270525078,0.014631282600347347,0.014631282495462061,0.014631282390594925,0.014631282285745938,0.014631282180915096,0.014631282076102417,0.014631281971307883,0.0146312818665315,0.014631281761773281,0.01463128165703321,0.0146312815523113,0.014631281447607546,0.014631281342921937,0.014631281238254504,0.014631281133605225,0.014631281028974102,0.014631280924361138,0.014631280819766335,0.014631280715189696,0.014631280610631223,0.01463128050609091,0.014631280401568768,0.014631280297064786,0.014631280192578967,0.014631280088111313,0.01463127998366184,0.014631279879230526,0.014631279774817388,0.014631279670422418,0.014631279566045612,0.014631279461686986,0.014631279357346538,0.014631279253024264,0.014631279148720134,0.014631279044434207,0.014631278940166444,0.01463127883591687,0.01463127873168546,0.014631278627472228,0.014631278523277176,0.014631278419100306,0.014631278314941612,0.01463127821080111,0.014631278106678788,0.014631278002574641,0.014631277898488674,0.014631277794420888,0.014631277690371295,0.014631277586339886,0.014631277482326665,0.014631277378331625,0.014631277274354778,0.014631277170396122,0.014631277066455652,0.014631276962533366,0.014631276858629267,0.014631276754743364,0.014631276650875647,0.014631276547026121,0.014631276443194792,0.014631276339381659,0.014631276235586715,0.014631276131809973,0.014631276028051416,0.014631275924311057,0.014631275820588908,0.01463127571688494,0.014631275613199185,0.014631275509531586,0.014631275405882207,0.01463127530225103,0.014631275198638053,0.014631275095043287,0.014631274991466717,0.014631274887908342,0.014631274784368173,0.014631274680846225,0.01463127457734246,0.014631274473856913,0.014631274370389566,0.014631274266940428,0.014631274163509492,0.014631274060096773,0.014631273956702249,0.01463127385332594,0.014631273749967838,0.01463127364662795,0.014631273543306261,0.01463127344000279,0.014631273336717533,0.014631273233450478,0.014631273130201645,0.014631273026971018,0.014631272923758596,0.014631272820564393,0.014631272717388405,0.014631272614230638,0.014631272511091076,0.014631272407969732,0.014631272304866612,0.014631272201781712,0.014631272098715021,0.014631271995666554,0.014631271892636301,0.014631271789624275,0.01463127168663046,0.014631271583654877,0.014631271480697506,0.014631271377758364,0.014631271274837435,0.014631271171934726,0.014631271069050248,0.014631270966183994,0.014631270863335958,0.01463127076050614,0.014631270657694566,0.014631270554901207,0.014631270452126071,0.014631270349369162,0.014631270246630487,0.014631270143910035,0.014631270041207812,0.014631269938523811,0.014631269835858047,0.014631269733210503,0.014631269630581197,0.014631269527970114,0.014631269425377267,0.014631269322802645,0.014631269220246256,0.014631269117708099,0.014631269015188174,0.014631268912686481,0.014631268810203026,0.01463126870773781,0.01463126860529082,0.01463126850286206,0.014631268400451538,0.014631268298059249,0.014631268195685193,0.014631268093329377,0.0146312679909918,0.014631267888672451,0.014631267786371345,0.014631267684088478,0.014631267581823842,0.014631267479577452,0.014631267377349292,0.014631267275139376,0.014631267172947701,0.014631267070774268,0.014631266968619073,0.014631266866482114,0.014631266764363401,0.014631266662262922,0.014631266560180689,0.014631266458116698,0.014631266356070953,0.014631266254043448,0.014631266152034186,0.014631266050043164,0.014631265948070396,0.014631265846115857,0.014631265744179575,0.014631265642261528,0.014631265540361732,0.014631265438480182,0.014631265336616872,0.014631265234771812,0.014631265132945001,0.01463126503113644,0.014631264929346117,0.014631264827574047,0.014631264725820223,0.014631264624084645,0.014631264522367318,0.014631264420668234,0.014631264318987409,0.014631264217324826,0.014631264115680493,0.014631264014054405,0.014631263912446572,0.014631263810856991,0.014631263709285663,0.014631263607732587,0.014631263506197749,0.014631263404681181,0.01463126330318286,0.01463126320170279,0.014631263100240969,0.014631262998797405,0.014631262897372096,0.014631262795965036,0.014631262694576225,0.014631262593205676,0.014631262491853375,0.014631262390519323,0.014631262289203523,0.014631262187905994,0.014631262086626705,0.014631261985365678,0.014631261884122906,0.014631261782898386,0.01463126168169212,0.014631261580504118,0.014631261479334362,0.014631261378182856,0.014631261277049609,0.01463126117593463,0.014631261074837898,0.01463126097375942,0.014631260872699203,0.014631260771657247,0.01463126067063354,0.014631260569628095,0.014631260468640911,0.01463126036767198,0.01463126026672131,0.014631260165788893,0.014631260064874743,0.014631259963978844,0.014631259863101207,0.01463125976224183,0.014631259661400716,0.014631259560577852,0.014631259459773253,0.014631259358986912,0.01463125925821883,0.014631259157469007,0.014631259056737447,0.014631258956024141,0.014631258855329106,0.014631258754652328,0.014631258653993806,0.014631258553353552,0.014631258452731551,0.014631258352127816,0.014631258251542337,0.01463125815097512,0.014631258050426189,0.014631257949895511,0.014631257849383085,0.014631257748888923,0.014631257648413016,0.014631257547955374,0.014631257447515988,0.014631257347094867,0.01463125724669201,0.014631257146307405,0.014631257045941079,0.014631256945593004,0.014631256845263192,0.014631256744951644,0.014631256644658358,0.014631256544383337,0.014631256444126573,0.014631256343888076,0.01463125624366784,0.014631256143465922,0.014631256043282206,0.01463125594311676,0.014631255842969572,0.01463125574284065,0.014631255642729999,0.014631255542637599,0.01463125544256347,0.014631255342507605,0.01463125524247,0.014631255142450656,0.014631255042449576,0.01463125494246676,0.014631254842502208,0.014631254742555926,0.014631254642627895,0.01463125454271813,0.014631254442826633,0.0146312543429534,0.01463125424309843,0.014631254143261717,0.014631254043443273,0.014631253943643088,0.014631253843861172,0.01463125374409752,0.01463125364435213,0.014631253544625,0.014631253444916134,0.014631253345225538,0.014631253245553198,0.014631253145899121,0.014631253046263311,0.01463125294664576,0.014631252847046477,0.014631252747465457,0.0146312526479027,0.014631252548358198,0.014631252448831976,0.014631252349324003,0.014631252249834286,0.01463125215036285,0.01463125205090967,0.014631251951474758,0.014631251852058103,0.014631251752659702,0.014631251653279583,0.014631251553917712,0.014631251454574109,0.014631251355248766,0.014631251255941684,0.014631251156652864,0.014631251057382316,0.014631250958130016,0.01463125085889599,0.014631250759680213,0.014631250660482688,0.014631250561303426,0.014631250462142434,0.014631250362999693,0.01463125026387523,0.014631250164769037,0.014631250065681093,0.014631249966611404,0.014631249867559985,0.014631249768526831,0.014631249669511938,0.014631249570515295,0.014631249471536913,0.014631249372576798,0.014631249273634944,0.014631249174711342,0.014631249075806008,0.014631248976918929,0.014631248878050111,0.014631248779199552,0.014631248680367252,0.014631248581553213,0.014631248482757436,0.014631248383979915,0.014631248285220652,0.014631248186479656,0.014631248087756914,0.014631247989052423,0.014631247890366192,0.014631247791698224,0.014631247693048514,0.014631247594417068,0.014631247495803867,0.014631247397208924,0.014631247298632242,0.014631247200073819,0.014631247101533651,0.014631247003011733,0.014631246904508077,0.014631246806022683,0.014631246707555542,0.014631246609106655,0.014631246510676023,0.014631246412263647,0.014631246313869521,0.014631246215493653,0.014631246117136044,0.014631246018796683,0.014631245920475579,0.014631245822172737,0.014631245723888135,0.01463124562562179,0.014631245527373701,0.014631245429143864,0.014631245330932281,0.014631245232738947,0.014631245134563868,0.014631245036407038,0.014631244938268461,0.01463124484014814,0.014631244742046069,0.014631244643962246,0.014631244545896675,0.014631244447849346,0.014631244349820278,0.014631244251809462,0.014631244153816891,0.01463124405584257,0.0146312439578865,0.01463124385994868,0.014631243762029107,0.01463124366412778,0.014631243566244706,0.014631243468379879,0.014631243370533295,0.014631243272704958,0.01463124317489487,0.014631243077103034,0.014631242979329443,0.014631242881574092,0.014631242783837,0.014631242686118146,0.014631242588417526,0.01463124249073516,0.014631242393071042,0.014631242295425163,0.01463124219779753,0.01463124210018814,0.014631242002596991,0.014631241905024083,0.014631241807469424,0.014631241709933001,0.01463124161241482,0.014631241514914892,0.014631241417433202,0.014631241319969748,0.014631241222524535,0.014631241125097571,0.014631241027688818,0.014631240930298314,0.014631240832926065,0.014631240735572057,0.014631240638236277,0.014631240540918739,0.014631240443619435,0.014631240346338378,0.014631240249075552,0.014631240151830965,0.014631240054604611,0.014631239957396501,0.014631239860206615,0.014631239763034962,0.014631239665881545,0.01463123956874637,0.014631239471629429,0.01463123937453072,0.014631239277450248,0.014631239180388004,0.014631239083343992,0.014631238986318214,0.01463123888931067,0.014631238792321364,0.01463123869535028,0.01463123859839743,0.014631238501462803,0.014631238404546412,0.01463123830764825,0.014631238210768317,0.014631238113906616,0.014631238017063144,0.014631237920237896,0.014631237823430869,0.014631237726642073,0.0146312376298715,0.014631237533119151,0.014631237436385032,0.014631237339669145,0.014631237242971466,0.014631237146292022,0.0146312370496308,0.014631236952987793,0.014631236856363021,0.014631236759756472,0.014631236663168132,0.01463123656659803,0.014631236470046141,0.014631236373512468,0.014631236276997016,0.014631236180499791,0.014631236084020772,0.014631235987559981,0.014631235891117408,0.014631235794693045,0.014631235698286895,0.014631235601898976,0.014631235505529269,0.014631235409177783,0.014631235312844508,0.014631235216529455,0.014631235120232611,0.014631235023953986,0.014631234927693575,0.014631234831451378,0.014631234735227382,0.014631234639021605,0.014631234542834035,0.014631234446664679,0.014631234350513537,0.0146312342543806,0.014631234158265873,0.014631234062169358,0.014631233966091044,0.014631233870030942,0.014631233773989042,0.014631233677965344,0.01463123358195986,0.01463123348597258,0.014631233390003502,0.014631233294052621,0.014631233198119955,0.014631233102205495,0.014631233006309228,0.014631232910431176,0.014631232814571312,0.014631232718729657,0.014631232622906193,0.01463123252710094,0.014631232431313888,0.014631232335545037,0.014631232239794378,0.014631232144061913,0.014631232048347655,0.014631231952651586,0.014631231856973709,0.01463123176131403,0.01463123166567255,0.014631231570049263,0.014631231474444173,0.014631231378857265,0.014631231283288557,0.014631231187738038,0.014631231092205713,0.014631230996691585,0.014631230901195644,0.014631230805717883,0.01463123071025832,0.01463123061481694,0.014631230519393754,0.014631230423988761,0.014631230328601946,0.014631230233233306,0.014631230137882858,0.0146312300425506,0.014631229947236507,0.01463122985194062,0.014631229756662914,0.014631229661403388,0.01463122956616205,0.014631229470938895,0.014631229375733917,0.014631229280547114,0.014631229185378493,0.014631229090228055,0.01463122899509579,0.014631228899981702,0.014631228804885786,0.014631228709808052,0.01463122861474849,0.014631228519707103,0.014631228424683887,0.014631228329678853,0.014631228234691982,0.014631228139723274,0.014631228044772756,0.014631227949840411,0.014631227854926232,0.01463122776003022,0.01463122766515238,0.014631227570292707,0.014631227475451198,0.014631227380627861,0.01463122728582269,0.014631227191035672,0.01463122709626683,0.014631227001516155,0.014631226906783645,0.014631226812069287,0.014631226717373097,0.014631226622695072,0.014631226528035203,0.014631226433393497,0.014631226338769949,0.014631226244164557,0.014631226149577344,0.014631226055008282,0.014631225960457357,0.014631225865924583,0.014631225771409965,0.01463122567691351,0.014631225582435207,0.01463122548797506,0.014631225393533063,0.01463122529910922,0.014631225204703514,0.014631225110315968,0.014631225015946572,0.014631224921595323,0.01463122482726223,0.014631224732947272,0.014631224638650466,0.014631224544371801,0.014631224450111294,0.01463122435586891,0.014631224261644675,0.014631224167438594,0.014631224073250657,0.01463122397908085,0.014631223884929188,0.014631223790795662,0.01463122369668028,0.014631223602583034,0.014631223508503937,0.01463122341444296,0.014631223320400125,0.014631223226375426,0.01463122313236885,0.014631223038380416,0.014631222944410117,0.01463122285045794,0.014631222756523884,0.014631222662607963,0.014631222568710179,0.01463122247483052,0.014631222380968997,0.014631222287125597,0.014631222193300321,0.014631222099493153,0.014631222005704114,0.014631221911933202,0.014631221818180416,0.014631221724445753,0.014631221630729208,0.014631221537030783,0.014631221443350486,0.014631221349688297,0.01463122125604424,0.014631221162418297,0.014631221068810462,0.014631220975220755,0.01463122088164916,0.014631220788095678,0.014631220694560305,0.014631220601043049,0.014631220507543907,0.014631220414062871,0.014631220320599955,0.014631220227155135,0.014631220133728447,0.014631220040319855,0.01463121994692937,0.014631219853556988,0.014631219760202718,0.014631219666866533,0.014631219573548444,0.014631219480248453,0.014631219386966569,0.014631219293702783,0.014631219200457107,0.014631219107229558,0.01463121901402009,0.014631218920828727,0.01463121882765545,0.014631218734500271,0.014631218641363183,0.01463121854824419,0.014631218455143293,0.014631218362060487,0.014631218268995768,0.01463121817594914,0.014631218082920604,0.014631217989910154,0.01463121789691779,0.01463121780394352,0.014631217710987349,0.014631217618049256,0.014631217525129248,0.014631217432227311,0.014631217339343463,0.014631217246477694,0.014631217153630006,0.0146312170608004,0.014631216967988872,0.014631216875195413,0.014631216782420034,0.014631216689662736,0.01463121659692351,0.014631216504202349,0.014631216411499276,0.014631216318814269,0.014631216226147341,0.014631216133498473,0.014631216040867688
7,7.869943305421732e-24,2.0835695727216536e-23,3.710099803682707e-23,5.550276763034746e-23,7.52879054439007e-23,9.596877784071275e-23,1.1722964075055355e-22,1.3886604905240115e-22,1.6074562398937317e-22,1.827826499660766e-22,2.0492162590766606e-22,2.2712661472130795e-22,2.493743470442922e-22,2.7164975590268737e-22,2.9394308539100084e-22,3.162480185346097e-22,3.385604650757287e-22,3.6087777656161833e-22,3.831982381121224e-22,4.0552073933779845e-22,4.278445612585432e-22,4.50169238332785e-22,4.724944691212769e-22,4.948200584411714e-22,5.171458799110979e-22,5.394718516987842e-22,5.617979208176179e-22,5.84124052958627e-22,6.064502259066615e-22,6.287764252773531e-22,6.511026417567842e-22,6.734288693141697e-22,6.9575510404456105e-22,7.180813434194921e-22,7.404075858017749e-22,7.627338301313261e-22,7.850600757217386e-22,8.073863221285621e-22,8.297125690640139e-22,8.520388163417539e-22,8.743650638411262e-22,8.966913114840056e-22,9.190175592198072e-22,9.413438070157756e-22,9.63670054850702e-22,9.85996302710856e-22,1.008322550587342e-21,1.0306487984744042e-21,1.0529750463683143e-21,1.0753012942666583e-21,1.0976275421678737e-21,1.1199537900709475e-21,1.1422800379752252e-21,1.1646062858802822e-21,1.1869325337858433e-21,1.209258781691731e-21,1.2315850295978301e-21,1.2539112775040652e-21,1.2762375254103896e-21,1.298563773316771e-21,1.320890021223189e-21,1.34321626912963e-21,1.3655425170360872e-21,1.3878687649425541e-21,1.4101950128490275e-21,1.4325212607555052e-21,1.4548475086619857e-21,1.4771737565684671e-21,1.49950000447495e-21,1.521826252381434e-21,1.544152500287919e-21,1.5664787481944044e-21,1.5888049961008894e-21,1.6111312440073746e-21,1.63345749191386e-21,1.655783739820346e-21,1.6781099877268317e-21,1.7004362356333174e-21,1.7227624835398027e-21,1.745088731446288e-21,1.767414979352773e-21,1.7897412272592583e-21,1.812067475165743e-21,1.8343937230722283e-21,1.8567199709787127e-21,1.8790462188851983e-21,1.9013724667916824e-21,1.923698714698166e-21,1.9460249626046494e-21,1.9683512105111327e-21,1.9906774584176157e-21,2.013003706324099e-21,2.0353299542305823e-21,2.057656202137066e-21,2.0799824500435493e-21,2.102308697950033e-21,2.124634945856516e-21,2.1469611937629993e-21,2.1692874416694826e-21,2.191613689575966e-21,2.2139399374824493e-21,2.2362661853889322e-21,2.2585924332954155e-21,2.280918681201899e-21,2.303244929108382e-21,2.325571177014866e-21,2.3478974249213492e-21,2.370223672827832e-21,2.3925499207343155e-21,2.414876168640798e-21,2.4372024165472795e-21,2.4595286644537613e-21,2.4818549123602435e-21,2.5041811602667253e-21,2.5265074081732075e-21,2.54883365607969e-21,2.5711599039861723e-21,2.5934861518926545e-21,2.6158123997991363e-21,2.6381386477056185e-21,2.6604648956120995e-21,2.6827911435185802e-21,2.705117391425062e-21,2.727443639331543e-21,2.749769887238023e-21,2.7720961351445034e-21,2.794422383050984e-21,2.816748630957464e-21,2.8390748788639436e-21,2.8614011267704227e-21,2.883727374676902e-21,2.9060536225833807e-21,2.9283798704898595e-21,2.9507061183963383e-21,2.9730323663028168e-21,2.9953586142092952e-21,3.0176848621157733e-21,3.0400111100222517e-21,3.0623373579287298e-21,3.084663605835208e-21,3.106989853741687e-21,3.1293161016481654e-21,3.1516423495546442e-21,3.173968597461123e-21,3.1962948453676015e-21,3.2186210932740803e-21,3.2409473411805587e-21,3.2632735890870368e-21,3.2855998369935152e-21,3.3079260848999902e-21,3.330252332806467e-21,3.352578580712946e-21,3.3749048286194237e-21,3.397231076525901e-21,3.419557324432379e-21,3.4418835723388544e-21,3.464209820245332e-21,3.486536068151808e-21,3.508862316058285e-21,3.531188563964761e-21,3.5535148118712364e-21,3.575841059777712e-21,3.598167307684187e-21,3.620493555590663e-21,3.642819803497139e-21,3.6651460514036154e-21,3.6874722993100905e-21,3.7097985472165655e-21,3.732124795123041e-21,3.754451043029517e-21,3.776777290935993e-21,3.799103538842469e-21,3.821429786748944e-21,3.843756034655419e-21,3.866082282561894e-21,3.88840853046837e-21,3.9107347783748455e-21,3.9330610262813205e-21,3.9553872741877956e-21,3.97771352209427e-21,4.000039770000745e-21,4.02236601790722e-21,4.044692265813693e-21,4.067018513720167e-21,4.0893447616266406e-21,4.111671009533114e-21,4.133997257439587e-21,4.1563235053460604e-21,4.1786497532525325e-21,4.200976001159005e-21,4.223302249065479e-21,4.2456284969719516e-21,4.267954744878423e-21,4.290280992784896e-21,4.312607240691366e-21,4.3349334885978375e-21,4.357259736504309e-21,4.37958598441078e-21,4.4019122323172506e-21,4.424238480223722e-21,4.446564728130193e-21,4.468890976036663e-21,4.491217223943134e-21,4.513543471849605e-21,4.535869719756074e-21,4.558195967662545e-21,4.5805222155690156e-21,4.602848463475486e-21,4.6251747113819574e-21,4.647500959288427e-21,4.669827207194898e-21,4.6921534551013675e-21,4.714479703007838e-21,4.7368059509143086e-21,4.759132198820779e-21,4.781458446727251e-21,4.803784694633721e-21,4.826110942540194e-21,4.848437190446664e-21,4.870763438353135e-21,4.8930896862596046e-21,4.915415934166074e-21,4.937742182072544e-21,4.960068429979015e-21,4.982394677885485e-21,5.004720925791954e-21,5.0270471736984225e-21,5.049373421604892e-21,5.071699669511362e-21,5.094025917417831e-21,5.116352165324301e-21,5.138678413230769e-21,5.1610046611372374e-21,5.183330909043706e-21,5.2056571569501755e-21,5.227983404856644e-21,5.2503096527631105e-21,5.272635900669578e-21,5.294962148576045e-21,5.3172883964825116e-21,5.339614644388979e-21,5.361940892295445e-21,5.384267140201913e-21,5.4065933881083794e-21,5.428919636014846e-21,5.451245883921314e-21,5.473572131827781e-21,5.4958983797342465e-21,5.518224627640714e-21,5.540550875547181e-21,5.5628771234536476e-21,5.585203371360115e-21,5.607529619266583e-21,5.629855867173049e-21,5.652182115079514e-21,5.674508362985981e-21,5.696834610892446e-21,5.7191608587989135e-21,5.741487106705377e-21,5.763813354611843e-21,5.7861396025183085e-21,5.8084658504247745e-21,5.83079209833124e-21,5.853118346237702e-21,5.8754445941441666e-21,5.897770842050628e-21,5.9200970899570926e-21,5.9424233378635556e-21,5.96474958577002e-21,5.987075833676483e-21,6.009402081582949e-21,6.031728329489411e-21,6.054054577395874e-21,6.076380825302338e-21,6.098707073208803e-21,6.121033321115266e-21,6.14335956902173e-21,6.165685816928195e-21,6.188012064834659e-21,6.210338312741122e-21,6.232664560647585e-21,6.254990808554047e-21,6.277317056460509e-21,6.2996433043669705e-21,6.321969552273431e-21,6.344295800179892e-21,6.366622048086353e-21,6.388948295992812e-21,6.41127454389927e-21,6.433600791805729e-21,6.4559270397121875e-21,6.4782532876186445e-21,6.500579535525102e-21,6.5229057834315615e-21,6.545232031338021e-21,6.567558279244476e-21,6.589884527150935e-21,6.61221077505739e-21,6.634537022963848e-21,6.656863270870305e-21,6.679189518776762e-21,6.70151576668322e-21,6.723842014589675e-21,6.74616826249613e-21,6.768494510402584e-21,6.79082075830904e-21,6.813147006215495e-21,6.835473254121948e-21,6.857799502028403e-21,6.880125749934856e-21,6.902451997841308e-21,6.92477824574776e-21,6.947104493654211e-21,6.969430741560663e-21,6.991756989467112e-21,7.014083237373562e-21,7.036409485280012e-21,7.058735733186461e-21,7.081061981092908e-21,7.103388228999355e-21,7.125714476905805e-21,7.148040724812253e-21,7.1703669727187e-21,7.192693220625147e-21,7.215019468531596e-21,7.237345716438042e-21,7.259671964344487e-21,7.281998212250933e-21,7.30432446015738e-21,7.326650708063826e-21,7.348976955970272e-21,7.37130320387672e-21,7.393629451783166e-21,7.415955699689615e-21,7.438281947596062e-21,7.460608195502509e-21,7.482934443408956e-21,7.505260691315402e-21,7.527586939221848e-21,7.549913187128293e-21,7.57223943503474e-21,7.594565682941186e-21,7.61689193084763e-21,7.639218178754076e-21,7.661544426660523e-21,7.68387067456697e-21,7.706196922473415e-21,7.728523170379864e-21,7.750849418286308e-21,7.773175666192754e-21,7.795501914099199e-21,7.817828162005645e-21,7.84015440991209e-21,7.86248065781854e-21,7.884806905724984e-21,7.90713315363143e-21,7.929459401537876e-21,7.951785649444324e-21,7.97411189735077e-21,7.996438145257217e-21,8.018764393163664e-21,8.041090641070108e-21,8.063416888976554e-21,8.085743136882998e-21,8.108069384789442e-21,8.130395632695885e-21,8.152721880602332e-21,8.175048128508775e-21,8.197374376415219e-21,8.219700624321663e-21,8.242026872228107e-21,8.26435312013455e-21,8.286679368040993e-21,8.309005615947435e-21,8.331331863853877e-21,8.35365811176032e-21,8.375984359666759e-21,8.3983106075732e-21,8.420636855479641e-21,8.442963103386081e-21,8.465289351292524e-21,8.48761559919896e-21,8.509941847105402e-21,8.53226809501184e-21,8.554594342918281e-21,8.57692059082472e-21,8.599246838731157e-21,8.6215730866376e-21,8.643899334544038e-21,8.666225582450476e-21,8.688551830356915e-21,8.710878078263353e-21,8.73320432616979e-21,8.755530574076225e-21,8.777856821982661e-21,8.800183069889098e-21,8.822509317795532e-21,8.84483556570197e-21,8.867161813608407e-21,8.889488061514843e-21,8.91181430942128e-21,8.934140557327714e-21,8.956466805234152e-21,8.978793053140588e-21,9.001119301047025e-21,9.023445548953463e-21,9.0457717968599e-21,9.068098044766338e-21,9.090424292672773e-21,9.11275054057921e-21,9.135076788485648e-21,9.157403036392086e-21,9.179729284298522e-21,9.202055532204961e-21,9.224381780111398e-21,9.246708028017835e-21,9.269034275924271e-21,9.291360523830708e-21,9.313686771737146e-21,9.336013019643584e-21,9.35833926755002e-21,9.380665515456458e-21,9.402991763362893e-21,9.425318011269331e-21,9.447644259175768e-21,9.469970507082203e-21,9.49229675498864e-21,9.514623002895076e-21,9.536949250801511e-21,9.559275498707948e-21,9.581601746614385e-21,9.60392799452082e-21,9.62625424242726e-21,9.648580490333695e-21,9.67090673824013e-21,9.693232986146565e-21,9.715559234052997e-21,9.737885481959434e-21,9.760211729865868e-21,9.782537977772303e-21,9.804864225678738e-21,9.827190473585172e-21,9.849516721491607e-21,9.87184296939804e-21,9.894169217304476e-21,9.916495465210906e-21,9.938821713117339e-21,9.961147961023772e-21,9.983474208930203e-21,1.0005800456836637e-20,1.0028126704743069e-20,1.00504529526495e-20,1.0072779200555928e-20,1.0095105448462359e-20,1.0117431696368791e-20,1.013975794427522e-20,1.0162084192181651e-20,1.0184410440088082e-20,1.0206736687994512e-20,1.0229062935900946e-20,1.0251389183807378e-20,1.0273715431713809e-20,1.0296041679620241e-20,1.031836792752667e-20,1.0340694175433101e-20,1.0363020423339533e-20,1.0385346671245962e-20,1.0407672919152394e-20,1.0429999167058827e-20,1.045232541496526e-20,1.0474651662871691e-20,1.0496977910778123e-20,1.0519304158684557e-20,1.0541630406590986e-20,1.0563956654497415e-20,1.0586282902403846e-20,1.0608609150310275e-20,1.0630935398216706e-20,1.0653261646123136e-20,1.0675587894029564e-20,1.0697914141935998e-20,1.072024038984243e-20,1.0742566637748859e-20,1.0764892885655291e-20,1.0787219133561722e-20,1.0809545381468154e-20,1.0831871629374583e-20,1.0854197877281015e-20,1.0876524125187449e-20,1.0898850373093876e-20,1.0921176621000309e-20,1.0943502868906738e-20,1.0965829116813167e-20,1.0988155364719598e-20,1.1010481612626031e-20,1.103280786053246e-20,1.1055134108438894e-20,1.1077460356345325e-20,1.1099786604251752e-20,1.1122112852158185e-20,1.1144439100064615e-20,1.1166765347971044e-20,1.1189091595877475e-20,1.1211417843783904e-20,1.1233744091690333e-20,1.1256070339596764e-20,1.1278396587503196e-20,1.1300722835409624e-20,1.1323049083316054e-20,1.1345375331222488e-20,1.1367701579128919e-20,1.1390027827035346e-20,1.1412354074941779e-20,1.1434680322848212e-20,1.1457006570754641e-20,1.147933281866107e-20,1.1501659066567503e-20,1.1523985314473932e-20,1.1546311562380363e-20,1.1568637810286792e-20,1.1590964058193221e-20,1.1613290306099653e-20,1.1635616554006084e-20,1.1657942801912516e-20,1.1680269049818948e-20,1.1702595297725377e-20,1.1724921545631805e-20,1.174724779353824e-20,1.1769574041444669e-20,1.1791900289351098e-20,1.1814226537257529e-20,1.1836552785163961e-20,1.1858879033070392e-20,1.1881205280976824e-20,1.1903531528883256e-20,1.1925857776789685e-20,1.1948184024696119e-20,1.197051027260255e-20,1.1992836520508982e-20,1.2015162768415414e-20,1.2037489016321845e-20,1.2059815264228277e-20,1.2082141512134706e-20,1.2104467760041137e-20,1.2126794007947569e-20,1.2149120255853998e-20,1.217144650376043e-20,1.219377275166686e-20,1.221609899957329e-20,1.2238425247479724e-20,1.2260751495386156e-20,1.2283077743292582e-20,1.2305403991199014e-20,1.2327730239105445e-20,1.2350056487011872e-20,1.2372382734918303e-20,1.2394708982824735e-20,1.2417035230731164e-20,1.2439361478637595e-20,1.2461687726544024e-20,1.2484013974450453e-20,1.2506340222356888e-20,1.2528666470263319e-20,1.2550992718169751e-20,1.2573318966076182e-20,1.2595645213982614e-20,1.2617971461889046e-20,1.2640297709795472e-20,1.2662623957701906e-20,1.2684950205608338e-20,1.2707276453514767e-20,1.2729602701421198e-20,1.275192894932763e-20,1.277425519723406e-20,1.2796581445140493e-20,1.2818907693046925e-20,1.2841233940953354e-20,1.2863560188859785e-20,1.2885886436766214e-20,1.2908212684672643e-20,1.2930538932579073e-20,1.2952865180485506e-20,1.2975191428391935e-20,1.2997517676298368e-20,1.3019843924204801e-20,1.304217017211123e-20,1.3064496420017662e-20,1.3086822667924093e-20,1.3109148915830521e-20,1.3131475163736954e-20,1.3153801411643388e-20,1.3176127659549817e-20,1.3198453907456251e-20,1.322078015536268e-20,1.324310640326911e-20,1.3265432651175544e-20,1.3287758899081975e-20,1.3310085146988409e-20,1.3332411394894838e-20,1.3354737642801267e-20,1.33770638907077e-20,1.3399390138614128e-20,1.3421716386520558e-20,1.3444042634426988e-20,1.3466368882333417e-20,1.348869513023985e-20,1.3511021378146276e-20,1.3533347626052708e-20,1.3555673873959142e-20,1.357800012186557e-20,1.3600326369772003e-20,1.3622652617678435e-20,1.3644978865584864e-20,1.3667305113491293e-20,1.3689631361397722e-20,1.3711957609304155e-20,1.373428385721058e-20,1.3756610105117013e-20,1.3778936353023445e-20,1.3801262600929874e-20,1.3823588848836306e-20,1.384591509674274e-20,1.3868241344649168e-20,1.38905675925556e-20,1.3912893840462032e-20,1.3935220088368464e-20,1.3957546336274893e-20,1.3979872584181323e-20,1.4002198832087752e-20,1.4024525079994184e-20,1.4046851327900616e-20,1.4069177575807048e-20,1.4091503823713477e-20,1.411383007161991e-20,1.4136156319526345e-20,1.4158482567432777e-20,1.4180808815339206e-20,1.420313506324564e-20,1.422546131115207e-20,1.4247787559058503e-20,1.4270113806964935e-20,1.4292440054871364e-20,1.4314766302777796e-20,1.4337092550684225e-20,1.4359418798590654e-20,1.4381745046497083e-20,1.440407129440352e-20,1.4426397542309948e-20,1.444872379021638e-20,1.4471050038122812e-20,1.4493376286029244e-20,1.451570253393568e-20,1.4538028781842112e-20,1.456035502974854e-20,1.458268127765497e-20,1.4605007525561405e-20,1.4627333773467837e-20,1.464966002137427e-20,1.4671986269280702e-20,1.4694312517187134e-20,1.4716638765093563e-20,1.4738965012999995e-20,1.4761291260906424e-20,1.4783617508812853e-20,1.4805943756719286e-20,1.4828270004625715e-20,1.4850596252532144e-20,1.4872922500438573e-20,1.4895248748345002e-20,1.4917574996251434e-20,1.4939901244157867e-20,1.4962227492064302e-20,1.498455373997073e-20,1.5006879987877166e-20,1.5029206235783595e-20,1.5051532483690024e-20,1.5073858731596453e-20,1.509618497950289e-20,1.5118511227409312e-20,1.5140837475315744e-20,1.5163163723222176e-20,1.5185489971128605e-20,1.5207816219035037e-20,1.523014246694147e-20,1.52524687148479e-20,1.527479496275433e-20,1.5297121210660763e-20,1.5319447458567192e-20,1.5341773706473624e-20,1.5364099954380057e-20,1.538642620228649e-20,1.5408752450192918e-20,1.5431078698099347e-20,1.5453404946005782e-20,1.5475731193912214e-20,1.5498057441818647e-20,1.5520383689725082e-20,1.5542709937631508e-20,1.556503618553794e-20,1.5587362433444372e-20,1.56096886813508e-20,1.5632014929257234e-20,1.5654341177163663e-20,1.5676667425070092e-20,1.569899367297652e-20,1.5721319920882953e-20,1.5743646168789385e-20,1.5765972416695814e-20,1.578829866460225e-20,1.581062491250868e-20,1.583295116041511e-20,1.5855277408321543e-20,1.5877603656227972e-20,1.58999299041344e-20,1.5922256152040834e-20,1.5944582399947263e-20,1.5966908647853692e-20,1.598923489576012e-20,1.6011561143666553e-20,1.6033887391572982e-20,1.6056213639479412e-20,1.6078539887385844e-20,1.6100866135292273e-20,1.6123192383198705e-20,1.6145518631105137e-20,1.6167844879011566e-20,1.6190171126918e-20,1.621249737482443e-20,1.623482362273086e-20,1.6257149870637292e-20,1.627947611854372e-20,1.6301802366450153e-20,1.6324128614356582e-20,1.6346454862263012e-20,1.636878111016944e-20,1.6391107358075873e-20,1.6413433605982305e-20,1.6435759853888734e-20,1.6458086101795166e-20,1.6480412349701596e-20,1.6502738597608028e-20,1.652506484551446e-20,1.6547391093420895e-20,1.6569717341327324e-20,1.6592043589233753e-20,1.6614369837140183e-20,1.6636696085046615e-20,1.665902233295304e-20,1.6681348580859473e-20,1.6703674828765905e-20,1.6726001076672334e-20,1.6748327324578764e-20,1.6770653572485196e-20,1.6792979820391625e-20,1.6815306068298054e-20,1.683763231620449e-20,1.6859958564110918e-20,1.688228481201735e-20,1.6904611059923783e-20,1.6926937307830212e-20,1.6949263555736644e-20,1.6971589803643076e-20,1.6993916051549505e-20,1.7016242299455937e-20,1.703856854736237e-20,1.7060894795268796e-20,1.7083221043175225e-20,1.7105547291081654e-20,1.7127873538988086e-20,1.7150199786894515e-20,1.7172526034800948e-20,1.7194852282707377e-20,1.721717853061381e-20,1.7239504778520238e-20,1.726183102642667e-20,1.72841572743331e-20,1.730648352223953e-20,1.7328809770145958e-20,1.7351136018052387e-20,1.737346226595882e-20,1.7395788513865248e-20,1.7418114761771677e-20,1.744044100967811e-20,1.746276725758454e-20,1.7485093505490965e-20,1.75074197533974e-20,1.752974600130383e-20,1.7552072249210258e-20,1.7574398497116687e-20,1.759672474502312e-20,1.761905099292955e-20,1.7641377240835978e-20,1.7663703488742407e-20,1.768602973664884e-20,1.7708355984555268e-20,1.77306822324617e-20,1.7753008480368133e-20,1.7775334728274562e-20,1.779766097618099e-20,1.7819987224087423e-20,1.7842313471993852e-20,1.786463971990028e-20,1.7886965967806714e-20,1.7909292215713143e-20,1.7931618463619575e-20,1.7953944711526007e-20,1.797627095943244e-20,1.799859720733887e-20,1.8020923455245304e-20,1.8043249703151733e-20,1.8065575951058162e-20,1.8087902198964597e-20,1.8110228446871023e-20,1.8132554694777458e-20,1.815488094268389e-20,1.817720719059032e-20,1.8199533438496752e-20,1.8221859686403184e-20,1.824418593430961e-20,1.8266512182216042e-20,1.8288838430122475e-20,1.83111646780289e-20,1.8333490925935333e-20,1.8355817173841762e-20,1.8378143421748194e-20,1.8400469669654626e-20,1.842279591756106e-20,1.844512216546749e-20,1.8467448413373923e-20,1.8489774661280355e-20,1.8512100909186787e-20,1.8534427157093216e-20,1.8556753404999648e-20,1.8579079652906078e-20,1.8601405900812507e-20,1.8623732148718936e-20,1.8646058396625365e-20,1.8668384644531794e-20,1.8690710892438226e-20,1.871303714034466e-20,1.8735363388251088e-20,1.8757689636157523e-20,1.8780015884063952e-20,1.8802342131970384e-20,1.8824668379876816e-20,1.8846994627783246e-20,1.8869320875689675e-20,1.8891647123596104e-20,1.8913973371502536e-20,1.8936299619408965e-20,1.8958625867315394e-20,1.898095211522183e-20,1.900327836312826e-20,1.9025604611034688e-20,1.9047930858941123e-20,1.9070257106847552e-20,1.909258335475398e-20,1.9114909602660413e-20,1.913723585056685e-20,1.915956209847328e-20,1.918188834637971e-20,1.9204214594286145e-20,1.9226540842192574e-20,1.924886709009901e-20,1.9271193338005436e-20,1.9293519585911868e-20,1.93158458338183e-20,1.9338172081724732e-20,1.9360498329631167e-20,1.93828245775376e-20,1.9405150825444026e-20,1.9427477073350464e-20,1.9449803321256893e-20,1.9472129569163325e-20,1.9494455817069757e-20,1.951678206497619e-20,1.9539108312882622e-20,1.9561434560789057e-20,1.9583760808695486e-20,1.9606087056601915e-20,1.9628413304508347e-20,1.965073955241478e-20,1.9673065800321206e-20,1.969539204822764e-20,1.9717718296134073e-20,1.9740044544040502e-20,1.9762370791946937e-20,1.978469703985337e-20,1.98070232877598e-20,1.9829349535666234e-20,1.9851675783572663e-20,1.9874002031479095e-20,1.989632827938553e-20,1.9918654527291956e-20,1.994098077519839e-20,1.9963307023104818e-20,1.9985633271011247e-20,2.000795951891768e-20,2.0030285766824114e-20,2.0052612014730546e-20,2.0074938262636972e-20,2.0097264510543405e-20,2.0119590758449834e-20,2.0141917006356263e-20,2.0164243254262698e-20,2.018656950216913e-20,2.0208895750075562e-20,2.0231221997981992e-20,2.0253548245888418e-20,2.0275874493794853e-20,2.029820074170128e-20,2.0320526989607708e-20,2.0342853237514146e-20,2.0365179485420573e-20,2.0387505733327002e-20,2.0409831981233434e-20,2.0432158229139863e-20,2.0454484477046292e-20,2.047681072495273e-20,2.049913697285916e-20,2.0521463220765592e-20,2.0543789468672027e-20,2.0566115716578456e-20,2.0588441964484888e-20,2.0610768212391323e-20,2.0633094460297752e-20,2.065542070820418e-20,2.0677746956110614e-20,2.0700073204017046e-20,2.0722399451923472e-20,2.0744725699829904e-20,2.0767051947736333e-20,2.078937819564276e-20,2.0811704443549195e-20,2.0834030691455624e-20,2.0856356939362053e-20,2.0878683187268488e-20,2.0901009435174917e-20,2.092333568308135e-20,2.0945661930987782e-20,2.0967988178894214e-20,2.0990314426800646e-20,2.1012640674707075e-20,2.1034966922613507e-20,2.105729317051994e-20,2.1079619418426372e-20,2.1101945666332804e-20,2.1124271914239233e-20,2.1146598162145668e-20,2.11689244100521e-20,2.119125065795853e-20,2.1213576905864968e-20,2.1235903153771397e-20,2.1258229401677826e-20,2.128055564958426e-20,2.1302881897490693e-20,2.1325208145397126e-20,2.1347534393303555e-20,2.1369860641209987e-20,2.1392186889116413e-20,2.1414513137022845e-20,2.1436839384929277e-20,2.145916563283571e-20,2.1481491880742145e-20,2.1503818128648574e-20,2.1526144376555003e-20,2.154847062446144e-20,2.157079687236787e-20,2.1593123120274302e-20,2.1615449368180735e-20,2.1637775616087167e-20,2.1660101863993593e-20,2.1682428111900028e-20,2.170475435980646e-20,2.1727080607712895e-20,2.1749406855619325e-20,2.1771733103525757e-20,2.179405935143219e-20,2.181638559933862e-20,2.1838711847245047e-20,2.186103809515148e-20,2.188336434305791e-20,2.190569059096434e-20,2.1928016838870776e-20,2.1950343086777205e-20,2.1972669334683637e-20,2.1994995582590072e-20,2.2017321830496505e-20,2.2039648078402934e-20,2.206197432630937e-20,2.2084300574215804e-20,2.2106626822122236e-20,2.2128953070028668e-20,2.21512793179351e-20,2.2173605565841533e-20,2.2195931813747965e-20,2.2218258061654397e-20,2.2240584309560826e-20,2.2262910557467258e-20,2.228523680537369e-20,1.502483617973515e-13,3.0900039634673615e-13,4.770485045278654e-13,6.552866898361476e-13,8.447281430299617e-13,1.0465262610031652e-12,1.2620000845528315e-12,1.4926653676365061e-12,1.7402728432004167e-12,2.0068557409313485e-12,2.294789294245823e-12,2.606865928757287e-12,2.946391175662309e-12,3.3173072896763386e-12,3.7243543660915105e-12,4.173282909999035e-12,4.6711380627372e-12,5.226645273402065e-12,5.850742205969108e-12,6.5573257178626804e-12,7.364322298453468e-12,8.295257331241512e-12,9.381615702895707e-12,1.0666498893656081e-11,1.221048596015921e-11,1.4101404245012997e-11,1.64713903528527e-11,1.952836840326295e-11,2.3618114240865432e-11,2.935695547709986e-11,3.79454504981108e-11,5.200924749622704e-11,7.824005935503518e-11,1.3748778977924096e-10,3.1292300517534925e-10,1.0246026634396248e-09,4.5507608833789814e-09,2.098863732671014e-08,8.105578626170483e-08,2.4798338966506866e-07,6.165410405367379e-07,1.2998391322474078e-06,2.413186651394986e-06,4.061714423882797e-06,6.334209410883762e-06,9.303247326107593e-06,1.3030478916220199e-05,1.7575506340191306e-05,2.3007139086143483e-05,2.9416549727835628e-05,3.69324010820021e-05,4.573794537435612e-05,5.608911298353744e-05,6.833052425860685e-05,8.290328724345041e-05,0.00010033556476444068,0.00012120729716055659,0.0001460878987059153,0.00017545946086683882,0.00020964895141994833,0.000248790802528414,0.0002928269899254186,0.0003415366090691033,0.0003945801506177417,0.0004515452735424683,0.0005119861204785818,0.0005754531513530543,0.0006415135998581224,0.0007097641009505273,0.0007798374081761432,0.0008514049616574762,0.0009241767212071978,0.0009978993164350017,0.0010723532551843375,0.0011473496918253162,0.0012227270798930389,0.0012983479104625942,0.0013740956525901758,0.0014498719558017192,0.0015255941381402982,0.001601192960558357,0.001676610674770058,0.0017517993242999485,0.0018267192748847815,0.0019013379495825117,0.0019756287439837983,0.002049570099863176,0.0021231447149467437,0.002196338871326556,0.002269141865358211,0.002341545524469106,0.002413543798415597,0.0024851324136609993,0.0025563085816204087,0.0026270707525316555,0.0026974184079484667,0.002767351886052956,0.002836872234539066,0.002905981086921098,0.002974680558522859,0.003042973159121903,0.003110861719445998,0.0031783493298290443,0.003245439288430535,0.0033121350580047207,0.0033784402296435723,0.0034443584924630658,0.0035098936082931195,0.00357504939044736,0.0036398296861168133,0.0037042383615907316,0.003768279290128477,0.003831956341813432,0.003895273375039875,0.003958234229706668,0.004020842721482193,0.00408310263716272,0.004145017730837249,0.004206591720843169,0.004267828287453221,0.004328731070666227,0.004389303668912273,0.004449549637888531,0.004509472489573629,0.004569075691742894,0.004628362667597831,0.004687336795483598,0.004746001408875196,0.004804359796385727,0.004862415202039055,0.004920170825400168,0.004977629821920015,0.005034795303319828,0.005091670338025443,0.005148257951588067,0.005204561127198962,0.005260582806157003,0.0053163258884612475,0.005371793233408021,0.005426987659795404,0.005481911946999661,0.005536568835279329,0.005590961026289493,0.005645091183837922,0.0056989619341821125,0.005752575866920766,0.005805935535403176,0.005859043457236713,0.005911902114981667,0.005964513956616888,0.006016881396143991,0.006069006814093834,0.006120892557949051,0.006172540943122978,0.006223954252818626,0.006275134739063313,0.006326084622989894,0.006376806095403146,0.006427301317260295,0.006477572420159593,0.006527621506816667,0.00657745065153668,0.006627061900671538,0.0066764572731064205,0.006725638760678214,0.006774608328622994,0.006823367916006329,0.006871919436163125,0.0069202647770513675,0.006968405801875055,0.007016344349213876,0.00706408223351783,0.007111621245649876,0.007158963153053934,0.0072061097002982626,0.0072530626092084955,0.007299823579552403,0.0073463942891982565,0.007392776394501586,0.007438971530662558,0.0074849813120522425,0.007530807332561849,0.007576451165931444,0.007621914366015196,0.007667198467184009,0.007712304984590459,0.0077572354144613675,0.007801991234416698,0.007846573903825845,0.007890984863827045,0.007935225538003712,0.007979297332401136,0.008023201635875795,0.008066939820365285,0.008110513241098554,0.008153923236911135,0.00819717113050617,0.0082402582286648,0.008283185822500332,0.008325955187729816,0.008368567584822285,0.008411024259394665,0.008453326442251968,0.008495475349720753,0.00853747218385102,0.008579318132618795,0.008621014370149383,0.00866256205690883,0.008703962339946119,0.008745216353041685,0.008786325216931793,0.008827290039522933,0.008868111916038503,0.008908791929235221,0.008949331149579477,0.008989730635426013,0.009029991433195217,0.009070114577557086,0.009110101091584758,0.009149951986937414,0.009189668264019292,0.00922925091214355,0.009268700909691847,0.009308019224271151,0.009347206812868113,0.00938626462200044,0.00942519358787798,0.009463994636500548,0.009502668683875138,0.009541216636109323,0.009579639389560843,0.009617937830975847,0.009656112837622223,0.009694165277422449,0.009732096009084307,0.009769905882226657,0.009807595737506556,0.009845166406742375,0.00988261871303529,0.009919953470888743,0.00995717148632588,0.009994273557007822,0.010031260472336646,0.01006813301358286,0.010104891953985555,0.010141538058862806,0.010178072085713951,0.010214494784333195,0.010250806896901788,0.01028700915810571,0.010323102295210088,0.010359087028183726,0.01039496406977718,0.01043073412562045,0.010466397894326901,0.01050195606757489,0.010537409330201771,0.010572758360291446,0.010608003829264686,0.010643146401961092,0.010678186736728313,0.010713125485501719,0.010747963293889398,0.01078270080125289,0.010817338640784916,0.010851877439588181,0.010886317818754687,0.010920660393439155,0.010954905772935439,0.01098905456074886,0.011023107354669725,0.011057064746844949,0.011090927323847706,0.011124695666746691,0.011158370351174543,0.011191951947394918,0.011225441020368723,0.01125883812981913,0.01129214383029577,0.011325358671237731,0.011358483197036489,0.011391517947096218,0.011424463455895012,0.011457320253044042,0.011490088863345972,0.01152276980685399,0.011555363598925974,0.011587870750283676,0.011620291767065801,0.011652627150883827,0.011684877398874657,0.011717043003753442,0.011749124453867388,0.011781122233244177,0.011813036821645261,0.011844868694614262,0.011876618323526185,0.011908286175636315,0.011939872714127251,0.011971378398159246,0.012002803682910042,0.01203414901962657,0.012065414855668559,0.012096601634549724,0.012127709795986204,0.012158739775938189,0.012189692006651,0.012220566916698476,0.012251364931024387,0.012282086470982676,0.012312731954378387,0.012343301795507054,0.012373796405194202,0.012404216190832564,0.012434561556422455,0.012464832902608011,0.012495030626714428,0.012525155122784317,0.012555206781614543,0.01258518599078996,0.012615093134721306,0.012644928594677559,0.012674692748821005,0.012704385972240748,0.012734008636986012,0.012763561112098823,0.012793043763646946,0.012822456954753973,0.012851801045633679,0.012881076393618802,0.012910283353192544,0.01293942227601948,0.012968493510974042,0.012997497404170947,0.013026434298994147,0.013055304536125476,0.013084108453572916,0.013112846386698676,0.013141518668246671,0.013170125628370081,0.013198667594658112,0.013227144892162436,0.013255557843423544,0.013283906768496204,0.013312191984975807,0.013340413808022955,0.01336857255038874,0.013396668522438954,0.013424702032178923,0.013452673385276538,0.013480582885086979,0.013508430832675599,0.01353621752684123,0.013563943264138095,0.013591608338899674,0.013619213043260065,0.013646757667176117,0.013674242498448981,0.01370166782274677,0.013729033923621977,0.013756341082537765,0.013783589578884826,0.013810779690002165,0.013837911691198648,0.013864985855771622,0.013892002455027187,0.013918961758299686,0.013945864032969676,0.013972709544484981,0.013999498556376992,0.014026231330281698,0.014052908125955756,0.014079529201295604,0.014106094812355157,0.014132605213363335,0.014159060656741574,0.01418546139312075,0.014211807671358677,0.014238099738556968,0.014264337840075794,0.014290522219553214,0.014316653118919585,0.014342730778413845,0.014368755436599505,0.014394727330380332,0.014420646695015216,0.014446513764135267,0.014472328769756399,0.01449809194229585,0.014523803510587088,0.014549463701893148,0.01457507274192233,0.014600630854842325,0.014626138263293136,0.014651595188402531,0.014677001849798935,0.014702358465625382,0.014727665252552683,0.014752922425793165,0.014778130199113629,0.014803288784848146,0.014828398393911573,0.014853459235811486,0.014878471518661392,0.014903435449192837,0.014928351232767879,0.014953219073391243,0.014978039173722266,0.015002811735086911,0.015027536957489575,0.015052215039624452,0.015076846178887545,0.01510143057138752,0.015125968411957375,0.01515045989416544,0.015174905210326424,0.015199304551512166,0.01522365810756267,0.01524796606709672,0.015272228617522128,0.015296445945046705,0.015320618234687977,0.015344745670284227,0.015368828434503498,0.015392866708854706,0.015416860673696764,0.015440810508248595,0.015464716390599039,0.015488578497716014,0.015512397005456474,0.015536172088575323,0.015559903920735092,0.01558359267451491,0.015607238521419422,0.015630841631888305,0.015654402175304814,0.015677920320004486,0.01570139623328404,0.015724830081409878,0.015748222029626776,0.015771572242166302,0.01579488088225505,0.015818148112122933,0.01584137409301161,0.015864558985182155,0.015887702947923535,0.015910806139560387,0.015933868717460598,0.015956890838043476,0.015979872656787242,0.016002814328236727,0.016025716006010764,0.016048577842809934,0.016071399990423937,0.016094182599738265,0.016116925820742475,0.016139629802536717,0.01616229469333886,0.016184920640491755,0.0162075077904697,0.01623005628888675,0.016252566280500653,0.016275037909223085,0.016297471318124084,0.016319866649439345,0.016342224044576702,0.016364543644122636,0.016386825587848677,0.016409070014717867,0.016431277062890864,0.01645344686973244,0.016475579571817313,0.01649767530493691,0.01651973420410503,0.016541756403562802,0.01656374203678671,0.01658569123649337,0.016607604134645064,0.016629480862456046,0.016651321550397963,0.016673126328205796,0.016694895324883184,0.01671662866870862,0.01673832648723949,0.016759988907319254,0.016781616055082,0.01680320805595767,0.01682476503467774,0.016846287115280256,0.016867774421115308,0.016889227074849328,0.016910645198471415,0.016932028913297783,0.016953378339976434,0.016974693598492727,0.0169959748081741,0.017017222087694617,0.0170384355550805,0.017059615327714103,0.01708076152233913,0.01710187425506503,0.01712295364137221,0.0171439997961159,0.017165012833531192,0.017185992867237796,0.01720694001024367,0.017227854374950485,0.01724873607315677,0.017269585216063758,0.017290401914278435,0.017311186277818844,0.017331938416117486,0.01735265843802599,0.01737334645181949,0.01739400256519933,0.01741462688529939,0.017435219518688788,0.017455780571375795,0.01747631014881247,0.017496808355897953,0.017517275296982972,0.01753771107587353,0.01755811579583441,0.01757848955959341,0.017598832469344915,0.017619144626753753,0.01763942613295893,0.017659677088576946,0.01767989759370585,0.017700087747928885,0.01772024765031775,0.017740377399436288,0.017760477093344204,0.017780546829600088,0.01780058670526521,0.017820596816907397,0.017840577260603434,0.017860528131943065,0.017880449526032148,0.01790034153749617,0.017920204260483425,0.01794003778866786,0.01795984221525318,0.01797961763297527,0.01799936413410569,0.01801908181045482,0.01803877075337495,0.01805843105376328,0.018078062802065198,0.018097666088277217,0.018117241001949558,0.018136787632190014,0.01815630606766639,0.018175796396609267,0.018195258706815362,0.018214693085650158,0.018234099620050837,0.01825347839652902,0.018272829501173694,0.01829215301965415,0.01831144903722248,0.01833071763871642,0.018349958908562457,0.01836917293077763,0.018388359788972745,0.018407519566355165,0.018426652345731657,0.018445758209510523,0.018464837239704286,0.01848388951793235,0.018502915125423527,0.018521914143018913,0.018540886651173247,0.018559832729958772,0.01857875245906727,0.018597645917812197,0.018616513185131307,0.018635354339589155,0.0186541694593794,0.01867295862232703,0.018691721905891027,0.0187104593871665,0.018729171142887028,0.018747857249427007,0.01876651778280385,0.018785152818680328,0.01880376243236682,0.01882234669882336,0.018840905692662138,0.018859439488149436,0.01887794815920794,0.018896431779418875,0.018914890422023975,0.018933324159928096,0.018951733065700603,0.018970117211577892,0.01898847666946591,0.01900681151094105,0.019025121807253135,0.019043407629326974,0.019061669047765042,0.01907990613284853,0.01909811895453985,0.019116307582484532,0.01913447208601327,0.019152612534143645,0.019170728995582142,0.01918882153872618,0.019206890231665538,0.019224935142185227,0.019242956337766105,0.01926095388558735,0.019278927852528424,0.019296878305170694,0.019314805309799156,0.019332708932404397,0.019350589238684227,0.01936844629404554,0.019386280163606027,0.019404090912195852,0.019421878604359597,0.0194396433043578,0.019457385076168298,0.019475103983488666,0.019492800089737406,0.01951047345805563,0.01952812415130886,0.019545752232088404,0.01956335776271335,0.019580940805231956,0.019598501421423144,0.01961603967279825,0.019633555620602584,0.019651049325816947,0.01966852084915919,0.019685970251085795,0.01970339759179336,0.019720802931220242,0.019738186329047776,0.019755547844701796,0.019772887537354598,0.01979020546592595,0.019807501689084694,0.019824776265250078,0.019842029252593513,0.019859260709039817,0.019876470692268198,0.019893659259714695,0.01991082646857234,0.019927972375793617,0.019945097038091306,0.019962200511939834,0.019979282853576853,0.019996344119004417,0.020013384363990427,0.020030403644069897,0.020047402014546318,0.020064379530493053,0.02008133624675419,0.020098272217946567,0.020115187498460363,0.020132082142461153,0.020148956203890223,0.020165809736466526,0.020182642793687717,0.020199455428831257,0.020216247694955877,0.0202330196449027,0.02024977133129636,0.020266502806546433,0.020283214122848538,0.02029990533218515,0.02031657648632751,0.020333227636836104,0.020349858835062285,0.02036647013214929,0.020383061579033152,0.020399633226444405,0.02041618512490862,0.020432717324747798,0.020449229876081353,0.020465722828827543,0.020482196232704173,0.02049865013722999,0.020515084591725533,0.02053149964531445,0.020547895346924278,0.020564271745287837,0.020580628888944026,0.02059696682623893,0.02061328560532694,0.020629585274171764,0.02064586588054738,0.020662127472039136,0.020678370096044705,0.0206945937997752,0.020710798630256027,0.02072698463432793,0.020743151858647852,0.020759300349690545,0.0207754301537487,0.020791541316934236,0.02080763388517938,0.02082370790423761,0.020839763419684174,0.02085580047691785,0.020871819121161157,0.020887819397461593,0.020903801350692513,0.020919765025554017,0.020935710466573946,0.020951637718108547,0.020967546824343705,0.020983437829295657,0.02099931077681196,0.0210151657105721,0.021031002674088698,0.021046821710708246,0.021062622863612022,0.021078406175816754,0.02109417169017582,0.021109919449379757,0.021125649495957306,0.021141361872276145,0.021157056620543888,0.021172733782808532,0.021188393400959717,0.02120403551672923,0.021219660171692082,0.021235267407267226,0.02125085726471777,0.021266429785152793,0.021281985009527715,0.0212975229786444,0.021313043733153184,0.021328547313552517,0.021344033760190357,0.021359503113264875,0.0213749554128251,0.02139039069877159,0.02140580901085736,0.02142121038868856,0.021436594871725147,0.021451962499281677,0.021467313310528063,0.02148264734449032,0.021497964640051107,0.021513265235950603,0.021528549170787337,0.021543816483018556,0.02155906721096121,0.021574301392792476,0.021589519066550707,0.021604720270135734,0.021619905041309954,0.021635073417698675,0.021650225436790984,0.021665361135940323,0.021680480552365336,0.021695583723150332,0.021710670685245962,0.021725741475470014,0.021740796130507965,0.02175583468691366,0.021770857181109826,0.02178586364938895,0.0218008541279137,0.0218158286527178,0.021830787259706323,0.021845729984656555,0.02186065686321868,0.021875567930916117,0.021890463223146417,0.02190534277518145,0.02192020662216866,0.02193505479913127,0.02194988734096874,0.021964704282457656,0.02197950565825218,0.0219942915028848,0.02200906185076644,0.022023816736187807,0.022038556193319007,0.022053280256211005,0.022067988958796112,0.022082682334887752,0.022097360418181826,0.022112023242256872,0.022126670840574823,0.022141303246481503,0.022155920493207103,0.02217052261386677,0.022185109641461247,0.022199681608877215,0.022214238548888033,0.022228780494154075,0.022243307477223456,0.02225781953053244,0.022272316686405988,0.022286798977058236,0.022301266434593098,0.022315719091004806,0.02233015697817829,0.022344580127889722,0.022358988571807056,0.02237338234149056,0.022387761468393375,0.022402125983861695,0.02241647591913552,0.0224308113053493,0.022445132173532254,0.02245943855460846,0.02247373047939812,0.022488007978617414,0.02250227108287931,0.022516519822693818,0.02253075422846862,0.022544974330509546,0.02255918015902085,0.022573371744105904,0.022587549115767484,0.022601712303908342,0.02261586133833162,0.022629996248741218,0.022644117064742543,0.02265822381584261,0.022672316531450513,0.022686395240878007,0.022700459973340158,0.02271451075795508,0.022728547623745373,0.02274257059963758,0.022756579714463276,0.022770574996959104,0.022784556475767475,0.022798524179436855,0.022812478136422166,0.02282641837508528,0.022840344923695362,0.022854257810429362,0.02286815706337231,0.02288204271051789,0.02289591477976869,0.022909773298936696,0.02292361829574365,0.02293744979782148,0.0229512678327125,0.022965072427870492,0.022978863610660122,0.022992641408357932,0.023006405848152608,0.023020156957145266,0.02303389476235021,0.023047619290694786,0.023061330569020027,0.023075028624081072,0.023088713482547454,0.023102385171003496,0.023116043715948723,0.02312968914379812,0.02314332148088266,0.023156940753449547,0.023170546987662594,0.02318414020960264,0.023197720445267855,0.023211287720574146,0.023224842061355444,0.02323838349336407,0.02325191204227128,0.02326542773366723,0.023278930593061756,0.02329242064588426,0.02330589791748444,0.023319362433132557,0.023332814218019644,0.023346253297257914,0.023359679695881104,0.023373093438844715,0.023386494551026604,0.023399883057226983,0.023413258982169022,0.023426622350498912,0.023439973186786495,0.023453311515525387,0.023466637361133243,0.023479950747952574,0.023493251700249945,0.023506540242217582,0.023519816397973084,0.023533080191559627,0.02354633164694651,0.02355957078802926,0.023572797638630367,0.02358601222249899,0.02359921456331165,0.023612404684672468,0.023625582610113424,0.023638748363094705,0.023651901967004944,0.023665043445161578,0.023678172820811107,0.023691290117129414,0.02370439535722203,0.02371748856412443,0.023730569760802397,0.023743638970152112,0.023756696215000695,0.02376974151810632,0.023782774902158566,0.023795796389778686,0.02380880600351985,0.023821803765867483,0.023834789699239512,0.023847763825986665,0.023860726168392705,0.023873676748674716,0.023886615588983483,0.02389954271140356,0.02391245813795365,0.023925361890587,0.023938253991191392,0.023951134461589595,0.02396400332353963,0.023976860598734943,0.023989706308804832,0.024002540475314332,0.024015363119764998,0.02402817426359473,0.024040973928178288,0.02405376213482751,0.024066538904791254,0.02407930425925614,0.02409205821934656,0.024104800806124784,0.02411753204059154,0.024130251943685895,0.02414296053628577,0.024155657839208127,0.024168343873209253,0.02418101865898466,0.024193682217169936,0.024206334568340333,0.024218975733011596,0.024231605731639787,0.02424422458462165,0.024256832312294977,0.02426942893493845,0.024282014472772437,0.024294588945958855,0.02430715237460129,0.024319704778745593,0.02433224617837993,0.024344776593434918,0.02435729604378402,0.02436980454924355,0.024382302129573225,0.024394788804475938,0.024407264593598488,0.024419729516531416,0.02443218359280939,0.0244446268419114,0.024457059283260942,0.02446948093622629,0.02448189182012059,0.024494291954202184,0.0245066813576751,0.024519060049688388,0.024531428049337223,0.024543785375662902,0.024556132047652803,0.02456846808424079,0.02458079350430729,0.024593108326679738,0.02460541257013226,0.02461770625338661,0.024629989395111834,0.02464226201392472,0.024654524128389775,0.02466677575701971,0.024679016918275305,0.024691247630565998,0.024703467912249748,0.0247156777816334,0.024727877256972824,0.02474006635647308,0.024752245098288776,0.024764413500524034,0.024776571581232806,0.02478871935841904,0.02480085685003689,0.02481298407399086,0.024825101048136063,0.024837207790278298,0.024849304318174358,0.02486139064953212,0.02487346680201079,0.024885532793221008,0.02489758864072517,0.024909634362037407,0.024921669974624024,0.024921874929246593,0.024922015729416103,0.024922152936613155,0.02492228966606852,0.02492242605578285,0.024922562092662318,0.024922697759178866,0.02492283304096906,0.024922967927157588,0.024923102410248216,0.02492323648594584,0.02492337015293823,0.024923503412648592,0.024923636268967916,0.024923768727976754,0.024923900797663802,0.024924032487647522,0.02492416380890768,0.0249242947735295,0.024924425394464957,0.024924555685312898,0.02492468566011985,0.024924815333201122,0.0249249447189836,0.024925073831869347,0.024925202686117375,0.02492533129574534,0.02492545967444751,0.024925587835528368,0.024925715791850277,0.024925843555794514,0.02492597113923126,0.02492609855350126,0.024926225809404633,0.024926352917196908,0.024926479886591125,0.024926606726764486,0.024926733446369195,0.024926860053546347,0.024926986555942447,0.024927112960727336,0.02492723927461414,0.024927365503879566,0.024927491654384813,0.024927617731596848,0.02492774374060957,0.024927869686164558,0.024927995572671613,0.024928121404228586,0.024928247184640713,0.024928372917438855,0.024928498605897517,0.024928624253051777,0.024928749861713003,0.024928875434484365,0.024929000973775095,0.024929126481814206,0.024929251960663076,0.024929377412227643,0.024929502838269443,0.024929628240416103,0.02492975362017179,0.024929878978925433,0.024930004317960067,0.024930129638459895,0.02493025494151879,0.02493038022814652,0.024930505499275227,0.024930630755765456,0.02493075599841162,0.0249308812279471,0.024931006445048906,0.024931131650342157,0.024931256844404046,0.024931382027767204,0.024931507200924997,0.024931632364331265,0.02493175751840671,0.02493188266353959,0.0249320078000889,0.024932132928386627,0.024932258048740424,0.02493238316143432,0.024932508266731525,0.024932633364876028,0.024932758456093506,0.0249328835405935,0.024933008618570344,0.024933133690205177,0.02493325875566537,0.02493338381510664,0.024933508868674514,0.024933633916503984,0.024933758958720978,0.024933883995443107,0.024934009026780175,0.024934134052834896,0.024934259073704022,0.024934384089476586,0.024934509100237735,0.02493463410606693,0.024934759107039312,0.024934884103224607,0.024935009094689955,0.02493513408149813,0.02493525906370884,0.02493538404137822,0.024935509014560157,0.024935633983305956,0.024935758947663648,0.02493588390767968,0.024936008863399844,0.024936133814864838,0.024936258762116303,0.024936383705193608,0.02493650864413429,0.02493663357897533,0.02493675850975129,0.024936883436496655,0.02493700835924446,0.024937133278026775,0.024937258192874876,0.02493738310381916,0.02493750801088908,0.024937632914113786,0.024937757813521713,0.024937882709140404,0.024938007600998385,0.024938132489120263,0.02493825737353362,0.024938382254262256,0.02493850713133265,0.02493863200477016,0.024938756874599365,0.024938881740844587,0.024939006603529906,0.024939131462678923,0.024939256318315246,0.02493938117046217,0.024939506019142906,0.024939630864379985,0.024939755706196266,0.024939880544614157,0.024940005379655936,0.024940130211343843,0.024940255039699873,0.024940379864745805,0.024940504686503426,0.024940629504994146,0.02494075432023979,0.024940879132261694,0.024941003941080935,0.024941128746718808,0.0249412535491962,0.024941378348534354,0.024941503144754087,0.024941627937876087,0.0249417527279213,0.024941877514909935,0.024942002298863182,0.024942127079801504,0.024942251857744638,0.024942376632713703,0.02494250140472875,0.024942626173810066,0.02494275093997785,0.024942875703251523,0.02494300046365251,0.024943125221199843,0.02494324997591416,0.024943374727815014,0.02494349947692227,0.02494362422325473,0.02494374896683423,0.024943873707679424,0.024943998445809988,0.02494412318124548,0.024944247914005555,0.024944372644109807,0.02494449737157749,0.024944622096428108,0.02494474681868113,0.024944871538355885,0.024944996255471603,0.024945120970047537,0.024945245682102945,0.024945370391656962,0.0249454950987287,0.024945619803337274,0.024945744505501702,0.024945869205240934,0.024945993902574074,0.024946118597519523,0.024946243290096752,0.02494636798032476,0.02494649266822182,0.024946617353806905,0.02494674203709819,0.024946866718115225,0.024946991396876228,0.024947116073399972,0.024947240747704467,0.024947365419808777,0.02494749008973117,0.024947614757490074,0.024947739423103917,0.024947864086590908,0.024947988747969604,0.024948113407258204,0.02494823806447488,0.02494836271963782,0.024948487372765216,0.024948612023875105,0.024948736672985708,0.024948861320115062,0.024948985965281095,0.024949110608501815,0.02494923524979303,0.024949359889176976,0.024949484526669327,0.02494960916228785,0.02494973379605034,0.024949858427974436,0.024949983058078027,0.02495010768637861,0.024950232312893315,0.024950356937640594,0.024950481560638033,0.024950606181902875,0.024950730801452065,0.024950855419303742,0.024950980035475575,0.02495110464998452,0.02495122926284791,0.024951353874083062,0.024951478483707382,0.024951603091737714,0.02495172769819111,0.02495185230308543,0.024951976906436652,0.02495210150826349,0.024952226108582203,0.024952350707409674,0.024952475304763088,0.024952599900659216,0.024952724495115028,0.024952849088146815,0.02495297367977258,0.024953098270008488,0.024953222858871367,0.024953347446377307,0.024953472032544236,0.02495359661738826,0.024953721200925875,0.024953845783173716,0.02495397036414948,0.02495409494386731,0.02495421952234505,0.02495434409959937,0.024954468675646237,0.024954593250501953,0.02495471782418283,0.024954842396705586,0.02495496696808631,0.02495509153834126,0.02495521610748665,0.024955340675538687,0.024955465242513426,0.024955589808427103,0.02495571437329665,0.024955838937137518,0.02495596349996407,0.0249560880617942,0.024956212622642897,0.02495633718252727,0.024956461741461107,0.02495658629946145,0.024956710856543978,0.02495683541272495,0.02495695996801978,0.024957084522443756,0.024957209076013006,0.024957333628743476,0.02495745818064999,0.024957582731748505,0.024957707282054566,0.024957831831583156,0.024957956380350817,0.02495808092837291,0.024958205475663877,0.02495833002223843,0.02495845456811407,0.024958579113306668,0.024958703657828613,0.024958828201696447,0.02495895274492611,0.024959077287532112,0.024959201829528998,0.02495932637093237,0.02495945091175751,0.024959575452019486,0.024959699991733336,0.024959824530913756,0.02495994906957591,0.024960073607734695,0.02496019814540494,0.024960322682601958,0.024960447219339904,0.0249605717556339,0.02496069629149882,0.02496082082694921,0.02496094536199981,0.024961069896665408,0.02496119443096053,0.02496131896489979,0.024961443498497122,0.02496156803176813,0.02496169256472738,0.024961817097388976,0.024961941629767347,0.024962066161876965,0.024962190693732223,0.02496231522534763,0.02496243975673725,0.02496256428791553,0.02496268881889687,0.024962813349694708,0.02496293788032397,0.024963062410798795,0.024963186941133322,0.02496331147134167,0.024963436001437907,0.024963560531436123,0.024963685061350847,0.02496380959119558,0.024963934120984306,0.02496405865073092,0.024964183180449642,0.024964307710154312,0.024964432239858194,0.024964556769575784,0.02496468129932171,0.02496480582910546,0.024964930358943035,0.024965054888850053,0.024965179418840418,0.024965303948926397,0.024965428479122653,0.024965553009441886,0.024965677539897712,0.024965802070503643,0.024965926601272156,0.024966051132218784,0.024966175663355968,0.02496630019469663,0.02496642472625475,0.02496654925804217,0.02496667379007528,0.02496679832236393,0.024966922854924228,0.02496704738776865,0.02496717192091054,0.024967296454362634,0.02496742098813791,0.024967545522249703,0.02496767005671114,0.024967794591535284,0.02496791912673535,0.024968043662324024,0.024968168198314468,0.024968292734719653,0.0249684172715525,0.0249685418088259,0.024968666346552582,0.024968790884745747,0.024968915423418187,0.024969039962581697,0.024969164502250802,0.02496928904243723,0.02496941358315382,0.02496953812441317,0.024969662666227972,0.024969787208610955,0.0249699117515747,0.02497003629513177,0.024970160839294684,0.02497028538407655,0.02497040992948875,0.0249705344755444,0.02497065902225564,0.024970783569635058,0.024970908117695034,0.024971032666447953,0.024971157215906137,0.024971281766081908,0.024971406316987646,0.02497153086863517,0.024971655421037044,0.024971779974205466,0.0249719045281526,0.024972029082890587,0.024972153638431555,0.024972278194787596,0.024972402751970775,0.024972527309994108,0.024972651868868614,0.024972776428606278,0.02497290098921906,0.02497302555071892,0.02497315011311671,0.02497327467642534,0.02497339924065671,0.024973523805822625,0.024973648371935074,0.024973772939006014,0.024973897507046112,0.024974022076068247,0.024974146646083616,0.02497427121710399,0.02497439578914065,0.024974520362205585,0.02497464493631127,0.02497476951146787,0.02497489408768749,0.024975018664981675,0.024975143243361708,0.024975267822839247,0.024975392403425705,0.02497551698513246,0.024975641567970948,0.02497576615195256,0.024975890737088613,0.02497601532339049,0.024976139910869433,0.024976264499536736,0.024976389089403566,0.024976513680481174,0.024976638272780863,0.024976762866313715,0.024976887461090894,0.024977012057123528,0.02497713665442293,0.02497726125299995,0.024977385852865644,0.024977510454031022,0.024977635056507137,0.024977759660304633,0.024977884265434246,0.024978008871907802,0.0249781334797358,0.02497825808892909,0.024978382699498536,0.024978507311454963,0.024978631924809164,0.024978756539571993,0.024978881155754088,0.024979005773366227,0.024979130392419144,0.024979255012923533,0.024979379634889998,0.024979504258329205,0.02497962888325182,0.024979753509668287,0.024979878137589263,0.024980002767025264,0.02498012739798682,0.024980252030484436,0.024980376664528556,0.024980501300129666,0.024980625937298113,0.02498075057604437,0.02498087521637878,0.02498099985831161,0.024981124501853438,0.024981249147014405,0.024981373793804718,0.024981498442234726,0.024981623092314772,0.0249817477440548,0.024981872397464848,0.024981997052555646,0.024982121709337394,0.024982246367819608,0.02498237102801259,0.024982495689926564,0.024982620353571506,0.024982745018956913,0.024982869686093357,0.024982994354991274,0.024983119025660028,0.0249832436981096,0.024983368372350077,0.02498349304839107,0.02498361772624277,0.02498374240591487,0.024983867087419263,0.024983991770761892,0.02498411645595431,0.024984241143006385,0.02498436583192739,0.024984490522727384,0.024984615215416055,0.0249847399100031,0.024984864606498153,0.024984989304910825,0.024985114005250716,0.024985238707527422,0.024985363411750474,0.024985488117929423,0.02498561282607372,0.02498573753619262,0.02498586224829586,0.02498598696239288,0.024986111678493305,0.024986236396606572,0.02498636111674186,0.02498648583890855,0.024986610563116053,0.024986735289373587,0.024986860017690522,0.024986984748074623,0.02498710948053715,0.02498723421508739,0.024987358951733703,0.02498748369048598,0.024987608431352757,0.024987733174343527,0.024987857919466828,0.02498798266673325,0.02498810741614967,0.024988232167726023,0.024988356921471694,0.02498848167739565,0.024988606435506808,0.024988731195814125,0.024988855958326592,0.024988980723053507,0.024989105490003532,0.024989230259184165,0.02498935503060599,0.02498947980427618,0.024989604580206496,0.02498972935840348,0.024989854138876576,0.02498997892163458,0.024990103706684613,0.02499022849403949,0.024990353283704005,0.02499047807569153,0.024990602870002127,0.024990727666651565,0.02499085246564633,0.024990977266995142,0.02499110207070692,0.024991226876789632,0.024991351685254532,0.024991476496105534,0.024991601309353403,0.024991726125006813,0.024991850943073927,0.024991975763563195,0.024992100586482862,0.024992225411841516,0.024992350239647555,0.024992475069909332,0.024992599902635183,0.024992724737833334,0.02499284957551232,0.02499297441568033,0.024993099258343844,0.024993224103514355,0.02499334895119857,0.02499347380140491,0.024993598654141073,0.024993723509415457,0.024993848367236185,0.024993973227611405,0.024994098090549113,0.02499422295605746,0.02499434782414448,0.02499447269481823,0.02499459756808673,0.024994722443958024,0.024994847322439707,0.024994972203540116,0.02499509708726743,0.024995221973629363,0.02499534686263442,0.024995471754289178,0.02499559664860215,0.024995721545581183,0.02499584644523469,0.024995971347570478,0.02499609625259387,0.02499622116031524,0.02499634607074208,0.024996470983882028,0.02499659589974169,0.024996720818329536,0.024996845739652992,0.02499697066371992,0.0249970955905381,0.024997220520114896,0.024997345452458082,0.0249974703875758,0.024997595325473375,0.02499772026616063,0.024997845209644654,0.024997970155932248,0.024998095105031877,0.02499822005695032,0.024998345011695247,0.024998469969274285,0.024998594929693977,0.024998719892963032,0.024998844859088164,0.024998969828076367,0.024999094799936124,0.024999219774673277,0.02499934475229578,0.024999469732810867,0.024999594716225985,0.02499971970254813,0.024999844691784564,0.02499996968394282,0.025000094679029607,0.025000219677052477,0.025000344678018458,0.025000469681933514,0.025000594688807058,0.025000719698645056,0.025000844711454542,0.025000969727242844,0.02500109474601736,0.02500121976778391,0.0250013447925501,0.025001469820323082,0.025001594851109737,0.02500171988491699,0.025001844921751837,0.02500196996162112,0.025002095004531374,0.02500222005049007,0.025002345099504122,0.025002470151580383,0.025002595206725393,0.02500272026494607,0.025002845326249155,0.02500297039064229,0.025003095458130647,0.02500322052872222,0.02500334560242205,0.025003470679238655,0.02500359575917835,0.025003720842247546,0.025003845928452943,0.025003971017801208,0.02500409611029896,0.02500422120595279,0.02500434630476931,0.02500447140675508,0.02500459651191659,0.02500472162026028,0.025004846731792436,0.025004971846520983,0.025005096964450847,0.02500522208558905,0.025005347209942356,0.025005472337516047,0.025005597468316307,0.02500572260234831,0.02500584773962012,0.02500597288014617,0.025006098023921126,0.025006223170956965,0.02500634832125477,0.025006473474827175,0.02500659863167954,0.025006723791816253,0.025006848955244163,0.025006974121969425,0.025007099291998135,0.02500722446533638,0.025007349641990553,0.025007474821966306,0.025007600005270275,0.025007725191908612,0.025007850381886767,0.02500797557521182,0.02500810077188924,0.02500822597192504,0.025008351175324718,0.025008476382095846,0.025008601592242174,0.02500872680577225,0.025008852022691402,0.02500897724300529,0.025009102466719807,0.025009227693840876,0.0250093529243748,0.02500947815832678,0.025009603395703135,0.025009728636509552,0.025009853880752095,0.025009979128436097,0.025010104379567875,0.025010229634153325,0.025010354892198217,0.025010480153708266,0.025010605418690258,0.025010730687147546,0.02501085595908736,0.02501098123451421,0.025011106513432847,0.025011231795852327,0.025011357081778412,0.025011482371214967,0.02501160766416748,0.02501173296064306,0.025011858260645444,0.025011983564181058,0.025012108871256336,0.02501223418187572,0.02501235949604414,0.02501248481376855,0.02501261013505746,0.02501273545990896,0.025012860788332415,0.025012986120333355,0.025013111455917024,0.02501323679508895,0.02501336213785476,0.025013487484220432,0.025013612834190048,0.025013738187769485,0.025013863544964,0.025013988905779064,0.02501411427022,0.025014239638292135,0.02501436501000035,0.025014490385351956,0.02501461576434935,0.0250147411469991,0.025014866533306306,0.025014991923275883,0.025015117316912836,0.025015242714223892,0.025015368115213533,0.025015493519885905,0.02501561892824807,0.025015744340303386,0.02501586975605759,0.02501599517551562,0.025016120598682693,0.025016246025564296,0.02501637145616498,0.02501649689049038,0.025016622328544933,0.02501674777033356,0.025016873215861615,0.025016998665133988,0.025017124118155678,0.025017249574931073,0.025017375035466204,0.025017500499765248,0.02501762596783346,0.02501775143967575,0.025017876915296323,0.025018002394700575,0.025018127877893336,0.025018253364879475,0.02501837885566379,0.025018504350251124,0.02501862984864624,0.025018755350853954,0.025018880856879026,0.025019006366726205,0.025019131880400225,0.025019257397905826,0.025019382919247702,0.025019508444430575,0.025019633973459122,0.025019759506338,0.025019885043071878,0.0250200105836654,0.025020136128123177,0.025020261676449836,0.02502038722864997,0.025020512784728152,0.025020638344688987,0.025020763908537004,0.02502088947627675,0.025021015047912792,0.025021140623449588,0.025021266202891676,0.025021391786243515,0.02502151737350961,0.025021642964694394,0.025021768559802315,0.025021894158837824,0.025022019761805337,0.025022145368709253,0.025022270979553944,0.025022396594343816,0.025022522213083227,0.02502264783577651,0.02502277346242803,0.02502289909304261,0.025023024727624042,0.02502315036617389,0.025023276008701252,0.025023401655208267,0.025023527305699157,0.025023652960178125,0.025023778618649243,0.02502390428111691,0.025024029947585784,0.025024155618059846,0.025024281292543176,0.025024406971042242,0.02502453265355545,0.025024658340090475,0.02502478403065142,0.025024909725242395,0.025025035423868375,0.02502516112653241,0.02502528683323856,0.025025412543991054,0.025025538258793605,0.025025663977650405,0.025025789700565446,0.02502591542754466,0.025026041158588343,0.025026166893700855,0.025026292632889045,0.02502641837615527,0.025026544123503573,0.025026669874937898,0.025026795630462142,0.025026921390080226,0.02502704715379602,0.025027172921613446,0.02502729869353646,0.025027424469568703,0.025027550249713804,0.025027676033973562,0.025027801822357636,0.025027927614866753,0.02502805341150161,0.025028179212268478,0.02502830501716894,0.02502843082621268,0.02502855663939925,0.025028682456734546,0.025028808278218937,0.02502893410385908,0.025029059933656058,0.025029185767619835,0.02502931160574914,0.025029437448042736,0.025029563294509078,0.025029689145151787,0.025029814999974476,0.025029940858976803,0.02503006672216573,0.025030192589546883,0.025030318461126414,0.02503044433690463,0.02503057021688252,0.025030696101065716,0.02503082198945632,0.025030947882058372,0.02503107377887605,0.025031199679913893,0.02503132558517244,0.025031451494656715,0.02503157740837016,0.02503170332631618,0.025031829248498224,0.025031955174919664,0.025032081105584244,0.02503220704049497,0.025032332979655448,0.025032458923068594,0.025032584870737937,0.025032710822666834,0.02503283677885902,0.025032962739317367,0.025033088704045154,0.025033214673045687,0.025033340646322216,0.025033466623877985,0.025033592605716245,0.025033718591840226,0.025033844582253172,0.02503397057695824,0.025034096575958665,0.025034222579257612,0.02503434858685825,0.025034474598763748,0.025034600614977254,0.025034726635501908,0.025034852660340817,0.0250349786894971,0.02503510472297388,0.02503523076077422,0.025035356802901206,0.025035482849356926,0.02503560890014596,0.02503573495527067,0.02503586101473401,0.025035987078539147,0.02503611314668933,0.02503623921918962,0.025036365296038858,0.02503649137724115,0.025036617462800493,0.02503674355271905,0.025036869647001542,0.025036995745649666,0.02503712184867025,0.025037247956057527,0.025037374067819092,0.02503750018395775,0.025037626304477298,0.025037752429379438,0.02503787855866708,0.0250380046923431,0.02503813083041061,0.02503825697286993,0.025038383119729207,0.025038509270984534,0.025038635426646583,0.025038761586713237,0.025038887751188205,0.02503901392007361,0.02503914009337296,0.025039266271088684,0.025039392453223546,0.025039518639780184,0.02503964483076131,0.025039771026169586,0.025039897226007746,0.025040023430277617,0.025040149638983145,0.02504027585212621,0.02504040206970993,0.02504052829173814,0.025040654518211726,0.025040780749133386,0.025040906984505718,0.025041033224331353,0.025041159468612868,0.025041285717352816,0.02504141197055376,0.02504153822821823,0.02504166449034878,0.02504179075694787,0.025041917028018064,0.0250420433035618,0.025042169583581596,0.02504229586807989,0.025042422157059152,0.025042548450521843,0.02504267474847038,0.02504280105090704,0.0250429273578344,0.025043053669254883,0.025043179985170853,0.025043306305584694,0.025043432630498783,0.025043558959915488,0.02504368529383715,0.025043811632266093,0.025043937975204683,0.02504406432265522,0.025044190674620007,0.025044317031101344,0.025044443392101535,0.025044569757622825,0.025044696127667507,0.025044822502237843,0.025044948881336047,0.02504507526496439,0.02504520165312509,0.025045328045820346,0.025045454443052388,0.025045580844823376,0.02504570725113554,0.025045833661991024,0.025045960077392,0.02504608649734065,0.02504621292183898,0.025046339350889252,0.02504646578449356,0.025046592222654172,0.02504671866537307,0.025046845112652344,0.025046971564494105,0.025047098020900428,0.025047224481873378,0.02504735094741463,0.025047477417526606,0.025047603892211303,0.02504773037147072,0.025047856855306912,0.025047983343721797,0.025048109836715522,0.02504823633429178,0.02504836283645485,0.025048489343204732,0.025048615854543016,0.025048742370471392,0.025048868890992542,0.025048995416108704,0.025049121945820912,0.025049248480131903,0.02504937501904298,0.02504950156255562,0.025049628110671206,0.02504975466339192,0.025049881220721774,0.025050007782661216,0.025050134349211793,0.025050260920375628,0.025050387496154493,0.025050514076550158,0.025050640661564393,0.02505076725119909,0.025050893845455852,0.02505102044433653,0.02505114704784289,0.02505127365597669,0.02505140026873966,0.025051526886133543,0.025051653508160066,0.02505178013482092,0.025051906766117845,0.025052033402053454,0.02505216004262801,0.02505228668784352,0.025052413337701723,0.025052539992204335,0.025052666651353,0.025052793315149383,0.02505291998359512,0.02505304665669182,0.025053173334441108,0.02505330001684458,0.025053426703903824,0.025053553395620078,0.025053680091995274,0.02505380679303097,0.02505393349872872,0.02505406020909009,0.0250541869241166,0.025054313643809785,0.025054440368171147,0.025054567097202385,0.025054693830904813,0.025054820569279948,0.02505494731232926,0.0250550740600542,0.025055200812456276,0.025055327569536896,0.025055454331297546,0.02505558109773965,0.025055707868864626,0.02505583464467388,0.02505596142516884,0.0250560882103509,0.025056215000221416,0.0250563417947812,0.025056468594032915,0.025056595397977697,0.025056722206616405,0.025056849019950235,0.025056975837979858,0.025057102660708347,0.02505722948813616,0.025057356320264686,0.025057483157095203,0.02505760999862918,0.025057736844867708,0.02505786369581208,0.02505799055146364,0.025058117411823694,0.025058244276893245,0.025058371146674013,0.025058498021166727,0.025058624900373087,0.02505875178429404,0.025058878672931995,0.025059005566285465,0.025059132464358463,0.0250592593671496,0.025059386274661102,0.02505951318689278,0.02505964010384782,0.025059767025526376,0.025059893951930617,0.025060020883061074,0.025060147818918913,0.025060274759505213,0.02506040170482112,0.025060528654867714,0.025060655609646446,0.025060782569158075,0.02506090953340368,0.025061036502384334,0.025061163476101093,0.025061290454555053,0.02506141743774732,0.025061544425679934,0.025061671418351816,0.025061798415764766,0.0250619254179199,0.025062052424817793,0.025062179436458883,0.02506230645284467,0.025062433473977068,0.025062560499858257,0.02506268753048689,0.025062814565864514,0.02506294160599376,0.025063068650871333,0.025063195700501664,0.025063322754884876,0.025063449814020075,0.025063576877912143,0.025063703946559084,0.025063831019959817,0.025063958098119232,0.025064085181036797,0.025064212268713443,0.025064339361151988,0.02506446645835048,0.02506459356031272,0.0250647206670347,0.025064847778519795,0.025064974894768846,0.025065102015782652,0.025065229141562007,0.025065356272107712,0.025065483407420527,0.025065610547501244,0.02506573769235063,0.025065864841969432,0.02506599199635922,0.025066119155520754,0.025066246319453082,0.025066373488157344,0.025066500661635623,0.025066627839886127,0.0250667550229106,0.025066882210711617,0.025067009403288664,0.025067136600641513,0.02506726380277168,0.025067391009680074,0.02506751822136666,0.02506764543783264,0.025067772659078277,0.025067899885104352,0.025068027115911565,0.025068154351500307,0.02506828159187138,0.025068408837025373,0.025068536086962887,0.02506866334168451,0.025068790601190806,0.025068917865482373,0.025069045134559757,0.02506917240842352,0.02506929968707421,0.025069426970512374,0.02506955425873855,0.025069681551753254,0.025069808849556993,0.025069936152150307,0.025070063459533692,0.02507019077170773,0.02507031808867287,0.025070445410429503,0.02507057273697816,0.025070700068319362,0.025070827404453433,0.02507095474538089,0.025071082091102183,0.02507120944161749,0.025071336796927763,0.025071464157033166,0.02507159152193412,0.025071718891631053,0.025071846266124385,0.02507197364541449,0.02507210102950095,0.025072228418385342,0.02507235581206931,0.025072483210548075,0.025072610613826502,0.025072738021904805,0.02507286543478193,0.02507299285245634,0.025073120274931932,0.02507324770220926,0.02507337513428731,0.025073502571166507,0.025073630012847025,0.025073757459329247,0.025073884910614196,0.02507401236670078,0.025074139827589326,0.025074267293276796,0.025074394763770574,0.025074522239067504,0.025074649719166817,0.02507477720407091,0.025074904693775053,0.025075032188286613,0.025075159687603387,0.025075287191722827,0.02507541470064645,0.025075542214376884,0.025075669732912313,0.025075797256253727,0.025075924784401727,0.025076052317353277,0.025076179855113175,0.02507630739767935,0.025076434945052115,0.025076562497231957,0.025076690054220814,0.02507681761601373,0.02507694518261373,0.025077072754015352,0.0250772003302236,0.025077327911238935,0.025077455497061616,0.025077583087690605,0.02507771068312703,0.025077838283371134,0.025077965888422562,0.025078093498281377,0.025078221112947646,0.02507834873242138,0.025078476356702652,0.025078603985791478,0.02507873161968789,0.02507885925839191,0.02507898690190354,0.025079114550222797,0.025079242203349675,0.02507936986128418,0.025079497524026294,0.025079625191576,0.02507975286393327,0.025079880541098068,0.025080008223070355,0.025080135909850084,0.025080263601437214,0.025080391297831687,0.025080518999033425,0.025080646705042297,0.025080774415858313,0.025080902131481345,0.02508102985191133,0.02508115757714819,0.025081285307191913,0.02508141304204217,0.025081540781698948,0.025081668526162098,0.025081796275431525,0.025081924029507142,0.025082051788388657,0.02508217955207604,0.025082307320568556,0.025082435093866557,0.025082562871969086,0.025082690654879277,0.025082818442593958,0.025082946235113385,0.025083074032434247,0.02508320183455913,0.025083329641491518,0.02508345745322701,0.025083585269767117,0.025083713091111768,0.025083840917259015,0.025083968748209905,0.02508409658396305,0.02508422442451929,0.025084352269881052,0.025084480120041896,0.0250846079750027,0.025084735834765125,0.025084863699337292,0.025084991568702388,0.025085119442869137,0.025085247321836195,0.02508537520560972,0.02508550309417769,0.025085630987544058,0.025085758885707975,0.025085886788671928,0.025086014696442165,0.02508614260900761,0.02508627052637265,0.02508639844853608,0.02508652637549395,0.02508665430724406,0.025086782243790778,0.02508691018513336,0.02508703813127162,0.025087166082200005,0.025087294037928358,0.02508742199845117,0.025087549963768035,0.025087677933878543,0.02508780590878227,0.025087933888478804,0.025088061872967707,0.02508818986224854,0.025088317856320895,0.025088445855184292,0.02508857385883829,0.025088701867282456,0.02508882988051629,0.025088957898539342,0.025089085921351152,0.025089213948951205,0.025089341981338952,0.025089470018513988,0.02508959806047586,0.02508972610722404,0.02508985415875798,0.0250899822150772,0.02509011027618117,0.02509023834206935,0.02509036641274123,0.025090494488196252,0.0250906225684339,0.02509075065345358,0.025090878743254778,0.025091006837836945,0.025091134937199472,0.02509126304134182,0.025091391150264018,0.025091519263964912,0.025091647382443922,0.02509177550570045,0.025091903633733873,0.02509203176654365,0.025092159904129132,0.02509228804648972,0.025092416193624806,0.02509254434553376,0.025092672502215963,0.0250928006636708,0.025092928829897613,0.02509305700089577,0.025093185176664656,0.025093313357203616,0.025093441542511977,0.02509356973258915,0.025093697927434433,0.025093826127047223,0.025093954331424077,0.025094082540566776,0.02509421075447466,0.025094338973146987,0.02509446719658308,0.025094595424782217,0.02509472365774369,0.025094851895466754,0.025094980137950695,0.025095108385196376,0.025095236637201798,0.025095364893964505,0.025095493155485166,0.025095621421762943,0.025095749692796685,0.02509587796858654,0.02509600624913075,0.02509613453442931,0.02509626282448302,0.025096391119287773,0.025096519418844186,0.025096647723151493,0.02509677603220893,0.0250969043460157,0.02509703266457099,0.02509716098787346,0.025097289315922786,0.025097417648718732,0.025097545986259292,0.025097674328542832,0.025097802675569804,0.025097931027339294,0.025098059383850447,0.02509818774510234,0.025098316111094015,0.02509844448182626,0.02509857285729655,0.02509870123750403,0.025098829622448648,0.02509895801212609,0.025099086406540284,0.025099214805688674,0.025099343209570326,0.02509947161818425,0.02509960003152954,0.02509972844960523,0.025099856872410398,0.025099985299944085,0.025100113732205366,0.025100242169193283,0.025100370610906895,0.02510049905734519,0.025100627508507282,0.02510075596439222,0.025100884424999026,0.02510101289033021,0.025101141360381093,0.025101269835150715,0.025101398314638108,0.025101526798842293,0.025101655287762308,0.025101783781397137,0.025101912279745803,0.02510204078280731,0.02510216929058065,0.025102297803064808,0.025102426320258775,0.025102554842161534,0.025102683368772066,0.02510281190008931,0.025102940436112272,0.025103068976839883,0.025103197522271102,0.02510332607240488,0.02510345462723951,0.025103583186774657,0.025103711751008312,0.025103840319940344,0.025103968893569674,0.025104097471895213,0.02510422605491587,0.02510435464263056,0.02510448323503817,0.025104611832137597,0.02510474043392776,0.025104869040407648,0.025104997651576054,0.025105126267431804,0.02510525488797381,0.025105383513200942,0.025105512143112043,0.02510564077770601,0.025105769416981685,0.02510589806093726,0.025106026709572276,0.02510615536288559,0.025106284020876012,0.025106412683542724,0.025106541350884196,0.02510667002289926,0.025106798699586572,0.025106927380944985,0.025107056066971237,0.025107184757668568,0.02510731345303385,0.025107442153065436,0.025107570857762582,0.025107699567123786,0.025107828281147826,0.02510795699983388,0.02510808572318012,0.025108214451185853,0.02510834318384899,0.025108471921168635,0.025108600663143944,0.025108729409773482,0.025108858161056038,0.025108986916990303,0.02510911567757492,0.02510924444280874,0.02510937321268985,0.025109501987218574,0.025109630766393026,0.025109759550211535,0.02510988833867253,0.025110017131774322,0.025110145929517838,0.02511027473190001,0.025110403538919635,0.02511053235057425,0.02511066116686385,0.025110789987787072,0.02511091881334257,0.02511104764353121,0.02511117647834932,0.025111305317795967,0.025111434161869443,0.025111563010568688,0.0251116918638924,0.025111820721839238,0.025111949584407697,0.025112078451596784,0.02511220732340553,0.02511233619983122,0.025112465080873468,0.02511259396653113,0.025112722856801658,0.025112851751689452,0.025112980651180596,0.025113109555283546,0.025113238463994544,0.0251133673773108,0.02511349629523366,0.025113625217760133,0.02511375414488748,0.02511388307661705,0.025114012012947638,0.025114140953876193,0.025114269899399907,0.025114398849519905,0.025114527804234333,0.025114656763541788,0.025114785727439037,0.02511491469592552,0.025115043668998104,0.025115172646660473,0.02511530162890785,0.025115430615739336,0.025115559607152005,0.025115688603146898,0.025115817603720218,0.025115946608871457,0.02511607561859993,0.025116204632902546,0.025116333651779323,0.02511646267522793,0.02511659170324641,0.025116720735833153,0.025116849772988097,0.025116978814709,0.025117107860994563,0.02511723691184289,0.025117365967252607,0.025117495027222228,0.025117624091749554,0.025117753160834474,0.025117882234474056,0.02511801131266513,0.025118140395411284,0.02511826948270865,0.02511839857455477,0.02511852767094849,0.02511865677188822,0.025118785877372506,0.025118914987399644,0.025119044101968274,0.025119173221078872,0.02511930234472545,0.02511943147290862,0.02511956060562687,0.02511968974287961,0.025119818884663723,0.02511994803097764,0.025120077181819574,0.02512020633718869,0.025120335497083833,0.025120464661502973,0.025120593830444665,0.02512072300390615,0.02512085218188773,0.025120981364387077,0.02512111055140141,0.02512123974293046,0.02512136893897203,0.025121498139524176,0.025121627344585604,0.02512175655415465,0.025121885768229716,0.025122014986809108,0.025122144209891197,0.025122273437474314,0.025122402669556815,0.025122531906136995,0.02512266114721317,0.025122790392783714,0.025122919642846957,0.025123048897401225,0.02512317815644483,0.0251233074199761,0.025123436687993318,0.025123565960494823,0.025123695237478923,0.025123824518943887,0.02512395380488804,0.025124083095309658,0.02512421239020705,0.0251243416895785,0.025124470993422285,0.025124600301736685,0.02512472961451998,0.025124858931770442,0.025124988253485515,0.02512511757966535,0.02512524691030572,0.02512537624540766,0.025125505584969676,0.025125634928987787,0.025125764277459814,0.02512589363038508,0.025126022987761818,0.025126152349588298,0.025126281715862727,0.02512641108658337,0.025126540461748427,0.025126669841355743,0.02512679922540398,0.02512692861389137,0.02512705800681612,0.025127187404176448,0.025127316805970523,0.0251274462121966,0.02512757562285252,0.025127705037936793,0.025127834457447602,0.02512796388137738,0.025128093309730416,0.02512822274250993,0.025128352179709056,0.025128481621326287,0.025128611067358766,0.0251287405178052,0.02512886997266358,0.025128999431931857,0.025129128895609844,0.025129258363693438,0.0251293878361817,0.02512951731307276,0.025129646794367258,0.0251297762800584,0.025129905770147194,0.025130035264631357,0.025130164763508864,0.025130294266777962,0.02513042377443659,0.02513055328648355,0.025130682802919097,0.025130812323736717,0.025130941848936248,0.025131071378516327,0.02513120091247513,0.025131330450815385,0.025131459993523987,0.02513158954060696,0.025131719092061057,0.025131848647884304,0.02513197820807445,0.02513210777262991,0.025132237341546404,0.025132366914827058,0.025132496492465482,0.025132626074464627,0.02513275566081844,0.025132885251524194,0.02513301484657922,0.025133144445988527,0.02513327404974567,0.025133403657847195,0.0251335332702972,0.025133662887087207,0.025133792508217217,0.025133922133685753,0.025134051763490296,0.02513418139763288,0.025134311036104563,0.025134440678906796,0.025134570326035544,0.02513469997749287,0.025134829633274652,0.02513495929337955,0.025135088957803916,0.02513521862654821,0.02513534829960897,0.025135477976984174,0.025135607658671625,0.02513573734467129,0.02513586703497845,0.02513599672959312,0.025136126428512096,0.025136256131733932,0.025136385839256564,0.025136515551078323,0.025136645267197125,0.02513677498761026,0.02513690471231605,0.025137034441312444,0.025137164174597517,0.025137293912169945,0.025137423654026186,0.02513755340016508,0.025137683150584792,0.025137812905283115,0.025137942664257902,0.025138072427507208,0.025138202195028922,0.025138331966820606,0.025138461742881518,0.02513859152320915,0.02513872130780012,0.025138851096654074,0.0251389808897676,0.025139110687139036,0.025139240488766954,0.025139370294648782,0.025139500104782816,0.02513962991916653,0.02513975973779773,0.025139889560674828,0.0251400193877958,0.025140149219157838,0.02514027905475943,0.025140408894598423,0.025140538738672703,0.02514066858698021,0.02514079843951884,0.025140928296284518,0.02514105815727679,0.02514118802249422,0.0251413178919341,0.025141447765597093,0.02514157764347808,0.025141707525568165,0.025141837411879267,0.0251419673024028,0.02514209719713644,0.025142227096078208,0.02514235699922385,0.025142486906574602,0.025142616818127073,0.025142746733878986,0.02514287665382793,0.025143006577971833,0.02514313650630964,0.025143266438837866,0.02514339637555552,0.025143526316459462,0.025143656261546948,0.025143786210817354,0.02514391616426816,0.02514404612189705,0.025144176083701834,0.025144306049684543,0.025144436019828135,0.025144565994140153,0.02514469597261762,0.02514482595526762,0.02514495594208037,0.025145085933053694,0.02514521592818542,0.025145345927473247,0.025145475930915113,0.025145605938508814,0.025145735950252192,0.02514586596614302,0.025145995986179136,0.02514612601035831,0.02514625603867837,0.02514638607113711,0.025146516107732445,0.025146646148461935,0.025146776193323495,0.025146906242314904,0.025147036295433953,0.025147166352678628,0.025147296414046522,0.025147426479535422,0.02514755654914329,0.025147686622867732,0.02514781670070649,0.025147946782657353,0.025148076868718075,0.02514820695888643,0.02514833705316019,0.025148467151537103,0.02514859725401495,0.025148727360591462,0.02514885747126442,0.025148987586031547,0.02514911770489063,0.025149247827839387,0.025149377954875592,0.025149508085996957,0.02514963822120125,0.025149768360486196,0.02514989850384952,0.025150028651288993,0.02515015880280233,0.025150288958387234,0.025150419118035994,0.025150549281751575,0.025150679449531657,0.025150809621373796,0.025150939797275503,0.02515106997723397,0.025151200161256083,0.025151330349331556,0.025151460541458122,0.025151590737633477,0.025151720937856482,0.025151851142123698,0.025151981350431653,0.025152111562777676,0.025152241779161852,0.025152371999581445,0.02515250222403394,0.02515263245251681,0.025152762685027773,0.02515289292156451,0.025153023162124696,0.025153153406706024,0.025153283655306176,0.025153413907922834,0.025153544164553673,0.025153674425196358,0.025153804689848586,0.02515393495850801,0.025154065231172307,0.02515419550783914,0.025154325788506675,0.02515445607317199,0.025154586361832793,0.025154716654486722,0.02515484695113147,0.025154977251764556,0.0251551075563838,0.025155237864986843,0.025155368177571365,0.02515549849413765,0.02515562881467896,0.02515575913919357,0.025155889467680357,0.025156019800136712,0.02515615013656044,0.025156280476949136,0.025156410821300396,0.025156541169611867,0.025156671521881193,0.025156801878105997,0.025156932238283997,0.02515706260241267,0.025157192970489673,0.025157323342512514,0.02515745371847805,0.025157584098385793,0.025157714482232335,0.025157844870014816,0.025157975261731816,0.025158105657380456,0.02515823605695739,0.02515836646046228,0.02515849686790174,0.025158627279263348,0.025158757694544634,0.02515888811374317,0.025159018536856623,0.02515914896388248,0.02515927939481841,0.025159409829661968,0.025159540268410805,0.02515967071106243,0.025159801157614438,0.025159931608064543,0.02516006206241016,0.02516019252064895,0.025160322982778434,0.025160453448796232,0.025160583918699887,0.025160714392487023,0.025160844870155203,0.02516097535170194,0.025161105837124827,0.025161236326421456,0.02516136681958931,0.02516149731662606,0.025161627817529217,0.025161758322296276,0.02516188883092486,0.025162019343412514,0.02516214985975679,0.025162280379955274,0.025162410903994435,0.025162541431882852,0.02516267196361809,0.02516280249919766,0.025162933038619138,0.02516306358188004,0.025163194128977925,0.02516332467991032,0.02516345523467475,0.025163585793268783,0.025163716355689914,0.025163846921935688,0.025163977492003633,0.025164108065891273,0.02516423864359614,0.025164369225115748,0.02516449981044763,0.025164630399589303,0.02516476099253829,0.025164891589292093,0.02516502218984823,0.02516515279420424,0.025165283402357602,0.025165414014305842,0.02516554463004647,0.025165675249576993,0.025165805872894926,0.02516593649999775,0.02516606713088298,0.025166197765548123,0.02516632840399066,0.02516645904620811,0.025166589692197948,0.025166720341957695,0.025166850995484814,0.025166981652776817,0.025167112313831185,0.02516724297864542,0.02516737364721698,0.025167504319543378,0.025167634995622093,0.025167765675450593,0.025167896359026363,0.025168027046346894,0.02516815773740966,0.02516828843221213,0.025168419130751768,0.025168549833026074,0.025168680539032498,0.025168811248768515,0.025168941962231597,0.025169072679424694,0.02516920340033981,0.02516933412497435,0.025169464853325905,0.02516959558539178,0.02516972632116924,0.025169857060656057,0.02516998780384962,0.02517011855074739,0.02517024930134683,0.025170380055645376,0.025170510813640502,0.02517064157532962,0.02517077234071023,0.025170903109779725,0.02517103388253558,0.02517116465897524,0.025171295439096124,0.025171426222895713,0.025171557010371378,0.025171687801520695,0.02517181859634096,0.02517194939482966,0.0251720801969842,0.02517221100279577,0.025172341812268132,0.02517247262539869,0.02517260344218488,0.025172734262625212,0.02517286508671598,0.025172995914454595,0.025173126745838496,0.02517325758086509,0.0251733884195318,0.02517351926183605,0.02517365010777524,0.025173780957346802,0.025173911810548146,0.025174042667376682,0.025174173527829823,0.025174304391904986,0.02517443525959957,0.025174566130910986,0.02517469700583664,0.025174827884373946,0.02517495876652029,0.02517508965227309,0.025175220541629722,0.025175351434587614,0.025175482331144142,0.025175613231296724,0.025175744135042748,0.025175875042379604,0.025176005953304683,0.02517613686781537,0.025176267785909083,0.025176398707583193,0.025176529632835093,0.025176660561662154,0.025176791494061778,0.025176922430031345,0.025177053369568242,0.02517718431266984,0.025177315259332672,0.025177446209555077,0.025177577163334373,0.02517770812066795,0.025177839081553174,0.0251779700459874,0.025178101013968245,0.025178231985492797,0.025178362960558445,0.025178493939162543,0.02517862492130247,0.025178755906975585,0.02517888689617926,0.02517901788891086,0.025179148885167753,0.02517927988494729,0.025179410888246836,0.025179541895063762,0.025179672905395405,0.025179803919239144,0.025179934936592326,0.025180065957452303,0.02518019698181644,0.025180328009682073,0.025180459041046564,0.02518059007590728,0.02518072111426154,0.025180852156106708,0.025180983201440143,0.025181114250259165,0.025181245302561144,0.0251813763583434,0.02518150741760329,0.025181638480338154,0.025181769546545347,0.025181900616222185,0.025182031689366013,0.02518216276597417,0.025182293846043986,0.025182424929572813,0.025182556016557976,0.025182687106996796,0.025182818200886633,0.025182949298224785,0.0251830803990086,0.0251832115032354,0.025183342610902524,0.02518347372200729,0.02518360483654702,0.02518373595451905,0.025183867075920695,0.02518399820074928,0.025184129329002124,0.02518426046067653,0.025184391595769857,0.02518452273427939,0.025184653876202463,0.02518478502153638,0.02518491617027847,0.02518504732242603,0.025185178477976397,0.02518530963692686,0.025185440799274737,0.02518557196501734,0.025185703134151975,0.025185834306675967,0.02518596548258659,0.025186096661881426,0.025186227844557513,0.025186359030612178,0.02518649022004271,0.02518662141284641,0.025186752609020577,0.02518688380856252,0.025187015011469548,0.025187146217738928,0.025187277427367986,0.025187408640354004,0.025187539856694304,0.025187671076386142,0.025187802299426857,0.02518793352581371,0.025188064755544404,0.025188195988615058,0.025188327225023763,0.025188458464768044,0.025188589707844922,0.025188720954251682,0.025188852203985625,0.025188983457044026,0.025189114713423208,0.02518924597312273,0.02518937723613853,0.025189508502467924,0.02518963977210816,0.02518977104505653,0.025189902321310305,0.02519003360086678,0.02519016488372322,0.025190296169876916,0.0251904274593251,0.0251905587520651,0.025190690048094162,0.02519082134740957,0.02519095265000859,0.025191083955888486,0.025191215265046547,0.025191346577480025,0.025191477893186185,0.025191609212162312,0.025191740534405677,0.025191871859913527,0.02519200318868312,0.02519213452071174,0.02519226585599665,0.02519239719453511,0.025192528536324383,0.025192659881361726,0.02519279122964441,0.025192922581169685,0.025193053935934788,0.025193185293937007,0.0251933166551736,0.02519344801964182,0.025193579387338894,0.025193710758262117,0.025193842132408717,0.025193973509775952,0.02519410489036109,0.025194236274161348,0.025194367661174017,0.025194499051396337,0.02519463044482554,0.0251947618414589,0.02519489324129362,0.025195024644326987,0.02519515605055624,0.025195287459978625,0.025195418872591375,0.02519555028839174,0.025195681707376967,0.025195813129544307,0.02519594455489098,0.025196075983414237,0.025196207415111322,0.025196338849979478,0.02519647028801593,0.025196601729217925,0.025196733173582696,0.0251968646211075,0.02519699607178955,0.025197127525626094,0.025197258982614358,0.025197390442751565,0.02519752190603497,0.025197653372461798,0.025197784842029284,0.02519791631473464,0.025198047790575124,0.025198179269547948,0.025198310751650365,0.025198442236879573,0.025198573725232817,0.02519870521670731,0.025198836711300292,0.025198968209008993,0.02519909970983063,0.02519923121376242,0.02519936272080159,0.02519949423094537,0.02519962574419098,0.02519975726053564,0.025199888779976577,0.025200020302511027,0.025200151828136168,0.025200283356849245,0.02520041488864748,0.025200546423528085,0.02520067796148827,0.02520080950252527,0.025200941046636293,0.025201072593818548,0.025201204144069265,0.025201335697385644,0.025201467253764893,0.025201598813204246,0.025201730375700906,0.025201861941252075,0.025201993509854987,0.025202125081506835,0.025202256656204822,0.025202388233946174,0.025202519814728097,0.025202651398547795,0.02520278298540248,0.025202914575289365,0.025203046168205658,0.025203177764148543,0.025203309363115246,0.02520344096509824,0.025203572570099458,0.025203704178115703,0.0252038357891445,0.025203967403182495,0.02520409902022687,0.025204230640274716,0.0252043622633308,0.025204493889385542,0.025204625518429363,0.02520475715046691,0.025204888785495483,0.025205020423511908,0.025205152064513216,0.02520528370849642,0.025205415355458997,0.025205547005397826,0.025205678658310162,0.025205810314192268,0.02520594197304211,0.025206073634856968,0.025206205299633976,0.025206336967370336,0.025206468638063244,0.025206600311709914,0.02520673198830756,0.025206863667853352,0.02520699535034447,0.025207127035778154,0.025207258724151527,0.025207390415461762,0.025207522109706105,0.025207653806881742,0.025207785506985804,0.025207917210015533,0.025208048915968066,0.025208180624840686,0.025208312336630467,0.025208444051334666,0.02520857576895042,0.025208707489474978,0.025208839212905496,0.025208970939239184,0.02520910266847317,0.025209234400604637,0.025209366135637557,0.025209497873562546,0.02520962961437655,0.02520976135807717,0.02520989310466103,0.025210024854125383,0.02521015660646747,0.025210288361684527,0.025210420119773723,0.025210551880732256,0.0252106836445573,0.025210815411246052,0.02521094718079569,0.02521107895320336,0.02521121072846631,0.025211342506581653,0.025211474287546592,0.025211606071358295,0.025211737858013977,0.02521186964751078,0.02521200143984587,0.02521213323501628,0.025212265033019335,0.025212396833852253,0.025212528637512194,0.025212660443996393,0.025212792253302075,0.025212924065426117,0.02521305588036574,0.02521318769811823,0.025213319518680728,0.02521345134205042,0.025213583168224477,0.02521371499720007,0.025213846828974363,0.025213978663544547,0.025214110500907775,0.025214242341061354,0.02521437418400232,0.025214506029727843,0.025214637878233966,0.025214769729518995,0.02521490158358008,0.02521503344041439,0.025215165300019108,0.025215297162391372,0.025215429027528366,0.02521556089542726,0.0252156927660852,0.025215824639499385,0.025215956515666948,0.025216088394585053,0.02521622027625089,0.025216352160661617,0.025216484047814382,0.025216615937706355,0.025216747830334698,0.025216879725696573,0.025217011623789164,0.0252171435246096,0.025217275428155068,0.025217407334422723,0.025217539243409717,0.025217671155113235,0.02521780306953042,0.025217934986658426,0.025218066906494422,0.02521819882903557,0.025218330754279032,0.02521846268222197,0.025218594612861543,0.025218726546194902,0.02521885848221921,0.025218990420933337,0.025219122362334236,0.025219254306416347,0.025219386253177878,0.025219518202616083,0.02521965015472817,0.025219782109511285,0.0252199140669626,0.025220046027079297,0.025220177989858508,0.025220309955297397,0.02522044192339314,0.025220573894142874,0.025220705867543783,0.025220837843592987,0.02522096982228767,0.025221101803624964,0.02522123378760206,0.025221365774216093,0.0252214977634642,0.025221629755343016,0.025221761749850805,0.025221893746984254,0.025222025746740543,0.025222157749116875,0.025222289754111452,0.025222421761720133,0.02522255377194008,0.02522268578476845,0.025222817800202395,0.025222949818239054,0.02522308183887561,0.0252232138621092,0.025223345887936975,0.025223477916356086,0.02522360994736371,0.025223741980956962,0.02522387401713304,0.02522400605588905,0.02522413809722218,0.025224270141129563,0.025224402187608345,0.02522453423665571,0.025224666288266084,0.025224798342439344,0.025224930399172667,0.025225062458463184,0.02522519452030805,0.025225326584704423,0.02522545865164943,0.02522559072114025,0.025225722793174025,0.025225854867747883,0.02522598694485901,0.02522611902450452,0.02522625110668159,0.025226383191387355,0.025226515278618966,0.02522664736837357,0.02522677946064833,0.02522691155544038,0.02522704365274686,0.02522717575256495,0.025227307854891766,0.02522743995972448,0.025227572067060226,0.025227704176896164,0.025227836289229425,0.02522796840405718,0.02522810052137657,0.02522823264118472,0.0252283647634788,0.02522849688825597,0.025228629015515484,0.025228761145252143,0.025228893277463166,0.025229025412143898,0.02522915754929358,0.025229289688909366,0.025229421830988367,0.025229553975527712,0.02522968612252455,0.025229818271976016,0.025229950423879228,0.025230082578231793,0.02523021473503035,0.02523034689427205,0.025230479055954047,0.02523061122007348,0.025230743386627515,0.02523087555561329,0.02523100772702794,0.025231139900868647,0.025231272077132546,0.02523140425581678,0.02523153643691815,0.025231668620434106,0.025231800806361823,0.025231932994698437,0.02523206518544109,0.025232197378586944,0.02523232957413313,0.0252324617720768,0.025232593972415094,0.025232726175145166,0.025232858380264164,0.025232990587769233,0.025233122797657506,0.025233255009926157,0.025233387224572315,0.025233519441593126,0.02523365166098575,0.025233783882747312,0.025233916106874983,0.02523404833336589,0.025234180562217188,0.02523431279342604,0.025234445026990075,0.02523457726290596,0.025234709501170818,0.025234841741781814,0.025234973984736078,0.025235106230030394,0.025235238477662295,0.025235370727628943,0.025235502979927518,0.025235635234555524,0.025235767491509655,0.025235899750787067,0.0252360320123849,0.025236164276300294,0.025236296542530432,0.025236428811072433,0.025236561081923473,0.025236693355080643,0.025236825630541134,0.02523695790830208,0.025237090188360643,0.025237222470713947,0.02523735475535914,0.025237487042293404,0.025237619331513857,0.025237751623017658,0.02523788391680198,0.02523801621286391,0.025238148511200657,0.025238280811809316,0.025238413114687067,0.025238545419831063,0.02523867772723845,0.025238810036906357,0.025238942348831932,0.025239074663012354,0.02523920697944476,0.025239339298126277,0.025239471619054092,0.025239603942225308,0.025239736267637102,0.02523986859528662,0.025240000925171018,0.025240133257287432,0.02524026559163303,0.02524039792820496,0.02524053026700036,0.02524066260801638,0.025240794951250162,0.025240927296698877,0.025241059644359663,0.025241191994229677,0.02524132434630606,0.02524145670058598,0.02524158905706658,0.025241721415744996,0.02524185377661841,0.025241986139683953,0.025242118504938734,0.025242250872379975,0.025242383242004722,0.025242515613810232,0.025242647987793573,0.02524278036395192,0.02524291274228239,0.02524304512278219,0.025243177505448453,0.025243309890278277,0.02524344227726887,0.025243574666414834,0.025243707057715656,0.025243839451167937,0.02524397184676797,0.025244104244520383,0.025244236644410962,0.025244369046443792,0.025244501450615294,0.025244633856922546,0.025244766265362623,0.025244898675932312,0.02524503108862885,0.02524516350344939,0.025245295920391094,0.025245428339450916,0.025245560760626132,0.025245693183913908,0.025245825609311313,0.025245958036815553,0.02524609046642375,0.025246222898133067,0.025246355331940643,0.025246487767843655,0.025246620205839215,0.025246752645924537,0.02524688508809675,0.025247017532352964,0.02524714997869036,0.025247282427106086,0.02524741487759733,0.02524754733016125,0.02524767978479494,0.025247812241495624,0.02524794470026042,0.02524807716108652,0.025248209623971028,0.025248342088911132,0.025248474555904017,0.025248607024946794,0.025248739496036666,0.025248871969170753,0.025249004444346242,0.02524913692156028,0.02524926940081002,0.02524940188209264,0.025249534365405297,0.02524966685074514,0.025249799338109325,0.025249931827495027,0.02525006431889943,0.025250196812319662,0.025250329307752895,0.0252504618051963,0.025250594304647003,0.025250726806102193,0.025250859309559042,0.025250991815014702,0.025251124322466345,0.025251256831911123,0.025251389343346194,0.02525152185676876,0.025251654372175913,0.02525178688956487,0.0252519194089328,0.02525205193027769,0.02525218445359598,0.025252316978887464,0.0252524495061458,0.02525258203536854,0.025252714566552974,0.025252847099696364,0.02525297963479592,0.02525311217184982,0.02525324471085402,0.02525337725180612,0.025253509794703352,0.02525364233954288,0.02525377488632196,0.025253907435037817,0.025254039985687822,0.02525417253826954,0.025254305092777936,0.02525443764920507,0.02525457020755962,0.025254702767833623,0.025254835330023866,0.025254967894121946,0.025255100460137462,0.025255233028061482,0.025255365597890402,0.0252554981696223,0.025255630743247125,0.025255763318774726,0.025255895896200732,0.025256028475515155,0.02525616105671743,0.02525629363980427,0.02525642622477589,0.02525655881162244,0.0252566914003398,0.025256823990938277,0.025256956583412624,0.025257089177754134,0.025257221773962106,0.025257354372031547,0.02525748697196321,0.025257619573745185,0.02525775217738887,0.025257884782876102,0.02525801739021884,0.025258149999407318,0.025258282610439664,0.025258415223312892,0.02525854783802597,0.025258680454572757,0.025258813072951324,0.02525894569315871,0.025259078315192484,0.02525921093904982,0.025259343564727896,0.02525947619222392,0.02525960882153503,0.025259741452658444,0.02525987408559135,0.025260006720330585,0.025260139356873747,0.025260271995224355,0.025260404635367075,0.025260537277305057,0.025260669921035688,0.025260802566556103,0.025260935213864372,0.025261067862957325,0.02526120051382782,0.02526133316647748,0.025261465820903904,0.025261598477104078,0.025261731135074683,0.02526186379481501,0.02526199645631687,0.02526212911958334,0.025262261784608702,0.02526239445138974,0.02526252711991527,0.02526265979019484,0.025262792462224983,0.025262925135999682,0.025263057811516408,0.025263190488772375,0.025263323167767717,0.025263455848494175,0.025263588530952275,0.025263721215136998,0.025263853901046324,0.025263986588679125,0.025264119278028064,0.0252642519690957,0.025264384661876183,0.025264517356363723,0.02526465005256419,0.025264782750471095,0.025264915450080836,0.025265048151390766,0.025265180854395487,0.025265313559089873,0.02526544626548345,0.025265578973565416,0.02526571168333299,0.025265844394785273,0.02526597710791481,0.02526610982271992,0.025266242539204023,0.025266375257364675,0.02526650797718856,0.025266640698681116,0.02526677342183611,0.025266906146652304,0.02526703887312651,0.02526717160125452,0.025267304331036376,0.025267437062468666,0.025267569795546965,0.02526770253026943,0.02526783526663359,0.02526796800463565,0.02526810074427366,0.025268233485545015,0.025268366228445683,0.02526849897297373,0.025268631719126546,0.025268764466901406,0.025268897216299397,0.025269029967308516,0.025269162719931165,0.025269295474163688,0.025269428230004956,0.025269560987453418,0.025269693746504205,0.02526982650715481,0.025269959269403678,0.0252700920332383,0.025270224798669878,0.02527035756568652,0.02527049033428947,0.02527062310447514,0.025270755876243046,0.025270888649585866,0.025271021424502996,0.025271154200991762,0.025271286979048214,0.02527141975867136,0.025271552539857935,0.02527168532260509,0.025271818106910683,0.025271950892769485,0.025272083680181648,0.0252722164691426,0.02527234925964948,0.025272482051701062,0.025272614845292928,0.025272747640442444,0.025272880437107122,0.025273013235307156,0.025273146035042902,0.025273278836299203,0.025273411639079046,0.025273544443388418,0.025273677249209318,0.02527381005654706,0.02527394286539774,0.025274075675757922,0.02527420848762776,0.02527434130100748,0.025274474115889022,0.0252746069322765,0.025274739750158988,0.025274872569534156,0.025275005390392475,0.025275138212739197,0.02527527103657153,0.025275403861885974,0.025275536688680534,0.025275669516952426,0.02527580234669888,0.02527593517791715,0.02527606801060446,0.02527620084475807,0.02527633368037519,0.025276466517453057,0.025276599355988943,0.025276732195980048,0.02527686503742364,0.025276997880316957,0.025277130724657232,0.025277263570441702,0.02527739641766762,0.025277529266332224,0.025277662116432745,0.025277794967966456,0.025277927820930572,0.025278060675322348,0.02527819353113903,0.025278326388377858,0.025278459247036082,0.025278592107110937,0.025278724968599692,0.02527885783149958,0.025278990695820593,0.025279123561547264,0.02527925642867685,0.025279389297206595,0.025279522167133736,0.025279655038455577,0.025279787911169308,0.025279920785272237,0.025280053660761585,0.025280186537634607,0.025280319415888555,0.025280452295520693,0.025280585176528293,0.02528071805890859,0.02528085094265883,0.02528098382777629,0.025281116714258204,0.025281249602101877,0.025281382491304544,0.025281515381863427,0.025281648273775843,0.02528178116703904,0.025281914061650226,0.025282046957606715,0.02528217985490577,0.025282312753544624,0.025282445653520554,0.025282578554830848,0.025282711457458414,0.025282844361414807,0.025282977266697277,0.025283110173303085,0.025283243081229465,0.025283375990473658,0.0252835089010329,0.025283641812904354,0.025283774726087487,0.025283907640578283,0.02528404055637354,0.025284173473470395,0.02528430639186598,0.02528443931155755,0.025284572232542265,0.02528470515481847,0.025284838078381573,0.025284971003230232,0.025285103929361504,0.025285236856772662,0.02528536978546083,0.025285502715420533,0.0252856356466522,0.025285768579152147,0.02528590151292843,0.025286034447964057,0.025286167384259876,0.02528630032180837,0.02528643326061301,0.025286566200670848,0.02528669914197899,0.02528683208453411,0.025286965028333462,0.025287097973374306,0.02528723091965386,0.025287363867169354,0.025287496815917975,0.025287629765909415,0.025287762717128823,0.025287895669572666,0.025288028623231203,0.025288161578109578,0.025288294534206626,0.025288427491532425,0.02528856045005525,0.025288693409785314,0.025288826370734145,0.02528895933287377,0.025289092296214455,0.02528922526075349,0.025289358226487965,0.025289491193415253,0.025289624161532673,0.02528975713083752,0.02528989010132705,0.02529002307299859,0.025290156045857413,0.025290289019884442,0.02529042199509488,0.025290554971467902,0.025290687949009568,0.025290820927717925,0.025290953907587253,0.025291086888618322,0.02529121987081698,0.025291352854161783,0.025291485838668287,0.025291618824320294,0.025291751811113296,0.02529188479905,0.02529201778812797,0.025292150778343805,0.025292283769698776,0.025292416762186114,0.025292549755804895,0.025292682750552322,0.025292815746425258,0.025292948743419662,0.025293081741536393,0.025293214740782458,0.02529334774113106,0.025293480742590302,0.02529361374516278,0.02529374674883539,0.02529387975360519,0.025294012759484927,0.02529414576646332,0.02529427877453766,0.025294411783706356,0.025294544793966693,0.025294677805312304,0.025294810817743353,0.025294943831255298,0.02529507684584843,0.025295209861520073,0.025295342878264977,0.025295475896081412,0.02529560891496665,0.025295741934918375,0.02529587495593325,0.02529600797801092,0.025296141001155008,0.025296274025345143,0.025296407050587617,0.02529654007688055,0.025296673104221165,0.025296806132610046,0.025296939162041465,0.0252970721925106,0.025297205224016486,0.025297338256553916,0.025297471290124496,0.025297604324728253,0.02529773736035243,0.025297870397003003,0.025298003434674126,0.0252981364733719,0.02529826951307832,0.025298402553797804,0.02529853559552727,0.025298668638263643,0.025298801682006305,0.025298934726751345,0.02529906777249665,0.025299200819238598,0.025299333866974832,0.025299466915702885,0.025299599965420066,0.02529973301612384,0.025299866067809294,0.02529999912047779,0.025300132174124853,0.025300265228738978,0.025300398284335616,0.025300531340894952,0.025300664398429908,0.02530079745693009,0.025300930516380434,0.025301063576800432,0.02530119663817944,0.025301329700514193,0.025301462763800422,0.025301595828036007,0.02530172889321831,0.025301861959344658,0.025301995026416387,0.025302128094423254,0.025302261163365976,0.025302394233242157,0.0253025273040513,0.0253026603757861,0.025302793448448452,0.025302926522032147,0.025303059596537367,0.025303192671958834,0.025303325748296256,0.025303458825546993,0.02530359190370465,0.02530372498276962,0.025303858062740082,0.025303991143612398,0.025304124225381117,0.025304257308049055,0.025304390391606767,0.025304523476066175,0.025304656561408366,0.02530478964763655,0.02530492273474809,0.025305055822742506,0.025305188911613808,0.02530532200135988,0.025305455091981746,0.025305588183465386,0.025305721275822337,0.02530585436904956,0.025305987463126286,0.025306120558070112,0.025306253653869862,0.02530638675054426,0.025306519848054033,0.025306652946411323,0.025306786045614402,0.02530691914568086,0.025307052246568595,0.025307185348296124,0.02530731845086131,0.02530745155425938,0.02530758465848924,0.025307717763553814,0.02530785086943775,0.025307983976144578,0.025308117083671516,0.02530825019201685,0.0253083833011763,0.02530851641114915,0.025308649521940348,0.02530878263353131,0.025308915745920535,0.025309048859118707,0.02530918197311482,0.02530931508790825,0.025309448203498577,0.025309581319879898,0.025309714437051694,0.025309847555008626,0.025309980673749642,0.025310113793275357,0.025310246913577316,0.025310380034661656,0.025310513156511585,0.025310646279134104,0.02531077940252341,0.02531091252668147,0.02531104565161052,0.02531117877729335,0.025311311903730892,0.02531144503091381,0.025311578158862022,0.025311711287558915,0.025311844417006166,0.025311977547196256,0.025312110678131643,0.025312243809805377,0.025312376942218592,0.025312510075362494,0.02531264320924039,0.025312776343848164,0.02531290947918296,0.025313042615240852,0.025313175752022014,0.025313308889524135,0.02531344202774209,0.025313575166672066,0.025313708306316445,0.02531384144666888,0.025313974587727113,0.025314107729490224,0.025314240871953924,0.025314374015115982,0.025314507158974018,0.02531464030352571,0.025314773448768247,0.025314906594699257,0.025315039741316065,0.02531517288860785,0.025315306036588582,0.025315439185249585,0.025315572334583925,0.025315705484591215,0.025315838635268897,0.025315971786614842,0.025316104938625607,0.025316238091299053,0.025316371244632607,0.025316504398623742,0.025316637553269863,0.02531677070856838,0.025316903864517702,0.025317037021113778,0.025317170178355327,0.025317303336241177,0.02531743649476323,0.025317569653922678,0.025317702813716116,0.025317835974132796,0.025317969135189394,0.025318102296871765,0.02531823545917203,0.025318368622099362,0.025318501785646742,0.025318634949810365,0.025318768114588452,0.025318901279976245,0.025319034445974296,0.02531916761257763,0.025319300779790416,0.025319433947595872,0.025319567116005224,0.025319700285008916,0.025319833454606314,0.025319966624796023,0.02532009979556987,0.02532023296693444,0.025320366138868587,0.025320499311398813,0.025320632484506587,0.025320765658195785,0.02532089883245417,0.025321032007282408,0.025321165182674722,0.02532129835863519,0.025321431535160626,0.025321564712247936,0.02532169788989142,0.025321831068089995,0.025321964246833417,0.02532209742611803,0.025322230605970542,0.025322363786367923,0.025322496967308133,0.025322630148793636,0.025322763330812383,0.02532289651336442,0.025323029696451234,0.02532316288006918,0.025323296064204644,0.025323429248875033,0.025323562434064934,0.025323695619775453,0.025323828806006046,0.02532396199275232,0.02532409518001119,0.025324228367780897,0.02532436155605772,0.02532449474483766,0.025324627934122827,0.025324761123907535,0.0253248943141884,0.02532502750496493,0.02532516069623615,0.02532529388800496,0.025325427080259054,0.025325560272998843,0.025325693466217554,0.025325826659906507,0.025325959854079275,0.025326093048727103,0.025326226243847852,0.025326359439438003,0.02532649263549438,0.025326625832017294,0.025326759029001483,0.02532689222644544,0.025327025424347074,0.025327158622703714,0.025327291821513668,0.02532742502077358,0.025327558220480984,0.025327691420633233,0.025327824621226912,0.025327957822252334,0.025328091023724165,0.025328224225631142,0.025328357427966398,0.02532849063073631,0.025328623833934243,0.025328757037556812,0.025328890241601898,0.025329023446075315,0.025329156650956083,0.025329289856254746,0.025329423061980886,0.02532955626810543,0.025329689474636322,0.02532982268158703,0.025329955888923048,0.02533008909665887,0.02533022230479216,0.025330355513320874,0.025330488722242403,0.025330621931552878,0.02533075514124142,0.025330888351325985,0.0253310215617937,0.025331154772641962,0.025331287983857656,0.025331421195458864,0.025331554407435064,0.025331687619779227,0.025331820832492875,0.025331954045574454,0.02533208725901528,0.025332220472816698,0.025332353686974368,0.025332486901489454,0.02533262011635783,0.025332753331579094,0.025332886547146227,0.025333019763049875,0.02533315297930408,0.02533328619590009,0.02533341941283437,0.02533355263010638,0.025333685847710206,0.0253338190656464,0.025333952283910444,0.025334085502500325,0.02533421872141414,0.02533435194064895,0.02533448516020506,0.0253346183800749,0.02533475160025824,0.02533488482075309,0.025335018041546954,0.02533515126263842,0.025335284484049102,0.02533541770576499,0.025335550927779425,0.025335684150090652,0.025335817372695364,0.025335950595591312,0.02533608381877776,0.02533621704224771,0.02533635026600648,0.025336483490046177,0.025336616714365816,0.02533674993896135,0.02533688316383449,0.025337016388979252,0.025337149614395905,0.02533728284007528,0.02533741606601657,0.02533754929222406,0.02533768251869119,0.025337815745416048,0.025337948972396006,0.02533808219962879,0.02533821542711167,0.02533834865484235,0.025338481882817624,0.025338615111045397,0.02533874833950507,0.0253388815682051,0.025339014797138428,0.025339148026305054,0.02533928125570314,0.02533941448532898,0.025339547715178802,0.025339680945254323,0.025339814175550868,0.025339947406066484,0.025340080636798577,0.02534021386774459,0.025340347098902122,0.02534048033026822,0.025340613561840936,0.02534074679361739,0.025340880025595616,0.025341013257773437,0.025341146490147595,0.025341279722717165,0.025341412955472282,0.02534154618842342,0.02534167942157028,0.025341812654892472,0.025341945888401003,0.025342079122087302,0.025342212355951247,0.02534234558999048,0.025342478824202624,0.025342612058584655,0.02534274529313476,0.025342878527855047,0.02534301176273416,0.025343144997775537,0.02534327823297427,0.025343411468329212,0.02534354470384123,0.025343677939496566,0.025343811175305028,0.02534394441126791,0.025344077647368294,0.025344210883609535,0.025344344119993235,0.025344477356510114,0.02534461059315999,0.025344743829942798,0.025344877066852747,0.025345010303891774,0.025345143541057928,0.025345276778341634,0.02534541001575007,0.025345543253273487,0.02534567649091498,0.025345809728669517,0.02534594296653463,0.02534607620450836,0.025346209442586306,0.025346342680778074,0.02534647591906211,0.025346609157445018,0.025346742395924347,0.025346875634497692,0.025347008873152412,0.025347142111906553,0.02534727535074742,0.02534740858967233,0.025347541828678172,0.025347675067765484,0.02534780830692971,0.025347941546169483,0.025348074785481896,0.02534820802486529,0.025348341264317023,0.02534847450383406,0.025348607743413767,0.025348740983045126,0.025348874222743453,0.025349007462497946,0.025349140702306233,0.025349273942163936,0.025349407182072414,0.02534954042202768,0.025349673662027863,0.025349806902071795,0.02534994014215301,0.02535007338227137,0.02535020662242503,0.025350339862611065,0.025350473102827977,0.02535060634308454,0.025350739583354227,0.02535087282364628,0.02535100606395908,0.025351139304293707,0.025351272544640722,0.02535140578500024,0.025351539025372325,0.025351672265754,0.025351805506141207,0.025351938746532937,0.025352071986927426,0.02535220522732125,0.02535233846771309,0.02535247170809915,0.025352604948477835,0.025352738188846778,0.025352871429204275,0.025353004669548807,0.025353137909874535,0.025353271150180677,0.0253534043904762,0.025353537630748425,0.025353670870983586,0.02535380411121248,0.02535393735138804,0.025354070591531216,0.02535420383164121,0.025354337071710514,0.0253544703117402,0.025354603551727948,0.025354736791674465,0.025354870031589434,0.025355003271454915,0.025355136511250338,0.02535526975099089,0.025355402990675152,0.025355536230302574,0.025355669469868662,0.02535580270937065,0.025355935948807376,0.025356069188176535,0.025356202427462966,0.02535633566668776,0.025356468905836392,0.025356602144910326,0.025356735383903893,0.02535686862281928,0.025357001861650578,0.025357135100392007,0.02535726833904306,0.025357401577603796,0.025357534816072485,0.02535766805444566,0.025357801292712964,0.025357934530886965,0.025358067768958145,0.025358201006925176,0.025358334244785084,0.02535846748253755,0.02535860072017578,0.025358733957700073,0.025358867195107063,0.025359000432397142,0.025359133669566356,0.025359266906612346,0.025359400143532523,0.02535953338032925,0.025359666616991558,0.025359799853517582,0.02535993308991387,0.025360066326168034,0.02536019956228853,0.025360332798266525,0.02536046603410053,0.025360599269788685,0.02536073250532237,0.025360865740707682,0.025360998975939814,0.025361132211014378,0.025361265445933298,0.0253613986806961,0.02536153191529813,0.025361665149733835,0.025361798384003386,0.02536193161810395,0.025362064852033153,0.025362198085787668,0.02536233131936881,0.025362464552775195,0.025362597785999974,0.025362731019028507,0.025362864251884037,0.025362997484551605,0.025363130717023105,0.02536326394930844,0.02536339718140131,0.025363530413301208,0.025363663645008173,0.02536379687650484,0.025363930107810424,0.02536406333890667,0.025364196569795813,0.02536432980047999,0.02536446303094922,0.02536459626120254,0.025364729491231006,0.02536486272104067,0.0253649959506293,0.025365129179994648,0.025365262409134455,0.025365395638046496,0.025365528866728507,0.025365662095178258,0.025365795323393524,0.025365928551372055,0.025366061779111635,0.025366195006610113,0.02536632823386526,0.02536646146087497,0.025366594687637172,0.02536672791415009,0.025366861140407985,0.025366994366414614,0.025367127592160522,0.02536726081764532,0.02536739404286855,0.025367527267827993,0.025367660492521392,0.025367793716946505,0.025367926941101116,0.02536806016498296,0.025368193388589835,0.025368326611919487,0.025368459834969687,0.02536859305773873,0.025368726280229462,0.025368859502428422,0.025368992724338988,0.025369125945958745,0.0253692591672839,0.02536939238831614,0.025369525609050352,0.025369658829488093,0.025369792049623783,0.025369925269455643,0.025370058488978886,0.02537019170819387,0.025370324927098318,0.025370458145689993,0.025370591363966664,0.025370724581926102,0.025370857799566066,0.02537099101688435,0.02537112423387871,0.02537125745054696,0.025371390666886852,0.02537152388289619,0.025371657098572736,0.025371790313910726,0.025371923528911457,0.025372056743572693,0.02537218995789224,0.025372323171867876,0.0253724563854974,0.025372589598778597,0.025372722811709263,0.02537285602428721,0.025372989236510206,0.025373122448376046,0.02537325565988256,0.025373388871027518,0.02537352208181741,0.025373655292241483,0.02537378850229752,0.02537392171198332,0.025374054921296737,0.025374188130235523,0.02537432133879751,0.025374454546974998,0.025374587754771277,0.02537472096218414,0.025374854169211432,0.025374987375850117,0.025375120582083254,0.025375253787942666,0.02537538699340778,0.0253755201984764,0.025375653403146358,0.02537578660741547,0.025375919811281573,0.025376053014742467,0.025376186217796002,0.025376319420439997,0.025376452622672296,0.025376585824490757,0.025376719025893214,0.025376852226877508,0.025376985427437788,0.025377118627578025,0.025377251827291777,0.025377385026578336,0.025377518225426245,0.025377651423853655,0.025377784621848216,0.025377917819406653,0.025378051016526754,0.025378184213196715,0.025378317409433127,0.02537845060522527,0.025378583800570922,0.025378716995470535,0.025378850189919047,0.025378983383914318,0.025379116577454217,0.025379249770536606,0.025379382963159346,0.025379516155320303,0.02537964934701731,0.025379782538248227,0.025379915729010927,0.02538004891930327,0.02538018210912332,0.025380315298466946,0.025380448487333788,0.025380581675721693,0.02538071486362853,0.025380848051052125,0.02538098123799034,0.02538111442444193,0.02538124761040415,0.02538138079587516,0.025381513980853674,0.02538164716533219,0.025381780349312436,0.025381913532792302,0.025382046715769623,0.025382179898242263,0.025382313080208076,0.02538244626166494,0.02538257944261069,0.02538271262304323,0.02538284580296038,0.025382978982360027,0.02538311216124004,0.02538324533959828,0.02538337851743262,0.025383511694740908,0.02538364487152103,0.025383778047770846,0.025383911223488254,0.025384044398671094,0.025384177573317245,0.025384310747424598,0.02538444392099102,0.02538457709401437,0.025384710266492548,0.025384843438423416,0.02538497660980557,0.02538510978063618,0.025385242950913153,0.025385376120634347,0.025385509289797638,0.025385642458400928,0.025385775626442102,0.025385908793919033,0.02538604196082961,0.025386175127171708,0.02538630829294325,0.025386441458142086,0.025386574622766143,0.02538670778681327,0.02538684095028133,0.025386974113168332,0.02538710727547209,0.025387240437190515,0.025387373598321494,0.025387506758862918,0.025387639918812648,0.02538777307816868,0.025387906236928853,0.02538803939509102,0.025388172552653184,0.0253883057096132,0.025388438865968973,0.025388572021718403,0.025388705176859372,0.02538883833138982,0.02538897148530762,0.025389104638610716,0.025389237791296964,0.025389370943364332,0.025389504094810694,0.025389637245633957,0.02538977039583206,0.025389903545402902,0.02539003669434438,0.025390169842654416,0.025390302990330946,0.025390436137371866,0.025390569283775102,0.02539070242953855,0.025390835574660153,0.025390968719137826,0.0253911018629695,0.02539123500615306,0.025391368148686467,0.02539150129056762,0.02539163443179446,0.025391767572364908,0.025391900712276868,0.025392033851528304,0.025392166990117104,0.025392300128041233,0.025392433265298612,0.025392566401887154,0.02539269953780462,0.02539283267304914,0.025392965807618628,0.025393098941511025,0.025393232074724284,0.025393365207256307,0.02539349833910506,0.025393631470268463,0.02539376460074447,0.025393897730531002,0.025394030859626014,0.025394163988027442,0.025394297115732965,0.025394430242740802,0.025394563369048884,0.025394696494655155,0.02539482961955758,0.025394962743754083,0.025395095867242628,0.02539522899003458,0.02539536211210074,0.02539549523345284,0.025395628354103878,0.025395761474022154,0.025395894593220038,0.025396027711695534,0.02539616082944663,0.02539629394647036,0.02539642706277226,0.02539656017833795,0.025396693293171246,0.0253968264072702,0.02539695952063371,0.025397092633245834,0.025397225745129186,0.02539735885627091,0.02539749196666638,0.02539762507631507,0.02539775818521493,0.025397891293363943,0.025398024400759854,0.025398157507401868,0.02539829061328939,0.025398423718415237,0.025398556822779136,0.025398689926380367,0.025398823029216522,0.025398956131285615,0.02539908923258566,0.025399222333114486,0.025399355432870155,0.02539948853185064,0.025399621630053923,0.025399754727477988,0.025399887824120806,0.025400020919980348,0.025400154015054445,0.02540028710934137,0.025400420202839093,0.0254005532955388,0.025400686387453558,0.02540081947856978,0.02540095256888865,0.025401085658408137,0.025401218747128494,0.025401351835047263,0.025401484922157415,0.025401618008460785,0.02540175109395477,0.025401884178637358,0.025402017262506627,0.025402150345560478,0.025402283427796213,0.025402416509212496,0.025402549589807356,0.025402682669578784,0.025402815748524786,0.025402948826643342,0.025403081903932142,0.025403214980389523,0.025403348056013495,0.02540348113080208,0.02540361420475328,0.025403747277865926,0.025403880350137006,0.02540401342156469,0.02540414649214698,0.02540427956188638,0.02540441263078827,0.025404545698824645,0.025404678766007677,0.025404811832340956,0.02540494489781133,0.02540507796241943,0.02540521102616484,0.025405344089050923,0.02540547715106534,0.02540561021222012,0.025405743272504427,0.02540587633192187,0.02540600939046647,0.025406142448136323,0.02540627550492946,0.02540640856084397,0.025406541615877937,0.025406674670029418,0.02540680772329665,0.025406940775667783,0.025407073827149962,0.025407206877740635,0.025407339927439036,0.02540747297624326,0.02540760602414938,0.02540773907115758,0.025407872117265178,0.025408005162470288,0.025408138206771052,0.025408271250165714,0.025408404292648467,0.025408537334219612,0.025408670374883546,0.025408803414627784,0.02540893645346,0.025409069491372515,0.02540920252836033,0.025409335564429873,0.025409468599575193,0.025409601633794573,0.025409734667086143,0.025409867699447225,0.025410000730876226,0.02541013376137111,0.025410266790930187,0.02541039981955086,0.025410532847231975,0.025410665873973007,0.025410798899770225,0.02541093192462168,0.02541106494852375,0.025411197971476583,0.025411330993478136,0.02541146401452169,0.025411597034617178,0.025411730053753613,0.025411863071931544,0.025411996089143546,0.0254121291053959,0.025412262120683267,0.025412395135008557,0.025412528148362253,0.02541266116074876,0.02541279417217844,0.02541292718261148,0.025413060192067703,0.02541319320054818,0.025413326208044165,0.025413459214554335,0.025413592220079828,0.02541372522462265,0.025413858228179327,0.025413991230744004,0.025414124232316603,0.025414257232898706,0.02541439023248631,0.0254145232310745,0.025414656228662423,0.02541478922524621,0.025414922220826044,0.025415055215401116,0.02541518820897138,0.025415321201529305,0.02541545419307566,0.02541558718360964,0.02541572017312935,0.025415853161633875,0.025415986149115395,0.025416119135576065,0.02541625212101398,0.025416385105427746,0.02541651808881585,0.02541665107117554,0.025416784052504544,0.025416917032803542,0.025417050012066116,0.025417182990299606,0.025417315967491614,0.025417448943619796,0.02541758191872533,0.025417714892798846,0.0254178478658306,0.02541798083780155,0.025418113808723924,0.025418246778593934,0.025418379747390404,0.025418512715151012,0.02541864568185475,0.0254187786474997,0.025418911612083997,0.02541904457560573,0.025419177538064424,0.025419310499456674,0.025419443459780616,0.025419576419035077,0.025419709377217565,0.025419842334330315,0.02541997529033211,0.02542010824528131,0.025420241199160174,0.02542037415195466,0.02542050710365909,0.025420640054288277,0.025420773003830423,0.02542090595228083,0.02542103889964012,0.025421171845907142,0.02542130479107848,0.025421437735151913,0.02542157067813264,0.025421703620009905,0.025421836560785154,0.02542196950045653,0.025422102439022154,0.025422235376478385,0.025422368312825197,0.025422501248060645,0.025422634182182893,0.025422767115190047,0.02542290004708023,0.025423032977851548,0.025423165907503868,0.025423298836033874,0.025423431763438337,0.025423564689718174,0.02542369761486997,0.025423830538895128,0.02542396346178468,0.02542409638354985,0.025424229304169592,0.025424362223652013,0.025424495141992604,0.025424628059187597,0.02542476097523964,0.025424893890146898,0.025425026803907503,0.025425159716519596,0.025425292627981343,0.025425425538313513,0.02542555844747574,0.025425691355483192,0.025425824262333,0.02542595716802344,0.025426090072552133,0.025426222975917255,0.02542635587811794,0.025426488779140843,0.025426621679006042,0.02542675457770079,0.02542688747522203,0.02542702037157771,0.02542715326674971,0.025427286160744075,0.02542741905355848,0.02542755194519125,0.02542768483564063,0.025427817724904784,0.025427950612981552,0.025428083499855744,0.0254282163855533,0.025428349270058288,0.025428482153373237,0.025428615035486997,0.025428747916403344,0.025428880796120108,0.025429013674634977,0.025429146551936323,0.0254292794280412,0.025429412302940203,0.025429545176630344,0.025429678049111504,0.02542981092037842,0.025429943790430422,0.02543007665926746,0.025430209526889798,0.025430342393288303,0.02543047525845847,0.02543060812241428,0.025430740985143432,0.025430873846643495,0.025431006706918002,0.025431139565959437,0.02543127242377052,0.02543140528034445,0.025431538135684606,0.02543167098978547,0.025431803842647,0.02543193669426591,0.025432069544641507,0.025432202393771988,0.02543233524165402,0.025432468088288175,0.025432600933673145,0.02543273377780611,0.025432866620684683,0.025432999462307388,0.025433132302672398,0.025433265141777923,0.025433397979622234,0.025433530816205932,0.025433663651523053,0.025433796485554595,0.025433929318330335,0.02543406214983815,0.025434194980080652,0.025434327809046357,0.025434460636731604,0.0254345934631452,0.025434726288278316,0.02543485911213651,0.025434991934706146,0.025435124755991533,0.025435257575988857,0.025435390394700844,0.025435523212123726,0.02543565602825572,0.025435788843092118,0.025435921656647643,0.025436054468894645,0.025436187279844126,0.02543632008949057,0.025436452897833653,0.025436585704873355,0.025436718510606148,0.025436851315032146,0.02543698411814773,0.02543711691995255,0.025437249720442243,0.02543738251961898,0.025437515317479138,0.025437648114024124,0.025437780909245634,0.02543791370314687,0.02543804649572467,0.025438179286977284,0.025438312076903467,0.025438444865506143,0.025438577652773114,0.02543871043871464,0.025438843223314717,0.02543897600657738,0.02543910878850257,0.025439241569106402,0.025439374348350682,0.025439507126255607,0.02543963990281319,0.0254397726780267,0.025439905451891717,0.025440038224406717,0.02544017099557077,0.025440303765382033,0.02544043653383779,0.025440569300935408,0.025440702066674516,0.025440834831053354,0.02544096759407016,0.02544110035572325,0.025441233116010847,0.025441365874931444,0.025441498632482833,0.02544163138866313,0.025441764143468746,0.025441896896902884,0.025442029648958406,0.025442162399631426,0.02544229514893268,0.025442427896853144,0.02544256064339091,0.025442693388544185,0.02544282613231376,0.025442958874682366,0.025443091615662643,0.02544322435525809,0.025443357093462182,0.025443489830272715,0.025443622565686587,0.025443755299702397,0.025443888032319575,0.025444020763534986,0.02544415349334692,0.02544428622175329,0.025444418948752778,0.025444551674343695,0.02544468439852433,0.025444817121292797,0.025444949842647446,0.025445082562586593,0.025445215281108515,0.025445347998211517,0.02544548071389388,0.025445613428153827,0.025445746140989683,0.025445878852399767,0.02544601156238238,0.02544614427093578,0.025446276978058287,0.025446409683748204,0.02544654238800382,0.025446675090822046,0.025446807792202576,0.025446940492140514,0.025447073190640546,0.025447205887697825,0.02544733858331065,0.025447471277477325,0.025447603970196155,0.02544773666146543,0.02544786935128338,0.025448002039648254,0.025448134726558394,0.02544826741201201,0.02544840009600783,0.02544853277854385,0.025448665459618387,0.02544879813922957,0.0254489308173723,0.02544906349405489,0.0254491961692622,0.025449328842987146,0.025449461515261552,0.02544959418605347,0.02544972685538332,0.025449859523229604,0.025449992189596468,0.025450124854484356,0.025450257517890953,0.025450390179810732,0.025450522840245432,0.02545065549919479,0.02545078815665804,0.025450920812629847,0.02545105346710936,0.02545118612009892,0.025451318771589095,0.025451451421582363,0.025451584070076787,0.025451716717072317,0.025451849362579198,0.02545198200656808,0.025452114649047203,0.025452247290024956,0.025452379929498198,0.0254525125674578,0.025452645203905583,0.025452777838839064,0.0254529104722613,0.02545304310416364,0.02545317573454778,0.025453308363431567,0.02545344099078155,0.025453573616599237,0.025453706240892614,0.025453838863659563,0.025453971484896473,0.025454104104607158,0.025454236722785555,0.025454369339425607,0.025454501954547102,0.025454634568118552,0.02545476718015008,0.025454899790642728,0.02545503239959379,0.025455165007000954,0.025455297612863945,0.025455430217179848,0.02545556281994615,0.02545569542115623,0.025455828020822555,0.025455960618934233,0.025456093215491103,0.02545622581049152,0.025456358403937254,0.025456490995846164,0.02545662358617048,0.02545675617493067,0.025456888762128357,0.025457021347757902,0.025457153931825034,0.025457286514317324,0.025457419095236956,0.02545755167458722,0.02545768425236701,0.02545781682858359,0.02545794940319688,0.02545808197624025,0.0254582145476977,0.025458347117576878,0.025458479685868365,0.025458612252575202,0.025458744817694133,0.025458877381223644,0.025459009943162553,0.025459142503508912,0.025459275062261484,0.025459407619418433,0.025459540174978684,0.025459672728939606,0.02545980528130062,0.025459937832059472,0.025460070381214322,0.02546020292876386,0.02546033547470648,0.025460468019040564,0.02546060056176447,0.025460733102876592,0.025460865642375333,0.025460998180258612,0.025461130716525008,0.02546126325117427,0.02546139578420263,0.02546152831561061,0.02546166084539421,0.025461793373553348,0.025461925900086353,0.025462058424991572,0.025462190948267373,0.02546232346991216,0.025462455989924304,0.02546258850830221,0.025462721025044262,0.02546285354014887,0.02546298605361443,0.02546311856543933,0.025463251075621994,0.025463383584160795,0.025463516091054163,0.02546364859630049,0.02546378109990067,0.02546391360185063,0.02546404610214531,0.025464178600787913,0.02546431109777239,0.025464443593098785,0.025464576086775517,0.02546470857878623,0.025464841069137652,0.025464973557852103,0.025465106044878356,0.025465238530237626,0.025465371013928904,0.025465503495949973,0.02546563597628515,0.02546576845496587,0.025465900931967374,0.02546603340729088,0.025466165880962396,0.025466298352934322,0.025466430823222964,0.025466563291833142,0.02546669575875955,0.025466828224003816,0.02546696068755899,0.0254670931494261,0.02546722560960268,0.025467358068088457,0.02546749052488645,0.025467622979984464,0.025467755433382186,0.02546788788508866,0.0254680203350934,0.025468152783396623,0.025468285230000307,0.02546841767489979,0.025468550118074237,0.02546868255956138,0.025468814999330496,0.025468947437397298,0.0254690798737499,0.025469212308389295,0.025469344741313904,0.02546947717252218,0.025469609602012562,0.025469742029783474,0.025469874455833375,0.02547000688016071,0.025470139302763897,0.02547027172364141,0.025470404142791676,0.02547053656021314,0.02547066897590428,0.025470801389863507,0.0254709338020893,0.025471066212580093,0.025471198621337652,0.025471331028357146,0.025471463433637355,0.02547159583717658,0.025471728238972823,0.025471860639024593,0.025471993037330574,0.025472125433889232,0.02547225782869913,0.025472390221758602,0.02547252261306615,0.025472655002620227,0.02547278739041937,0.025472919776463945,0.025473052160748504,0.025473184543273318,0.02547331692403698,0.02547344930303889,0.0254735816802832,0.0254737140557622,0.02547384642947286,0.025473978801414877,0.025474111171585892,0.025474243539984752,0.02547437590662226,0.025474508271474555,0.02547464063455042,0.025474772995840674,0.025474905355351442,0.02547503771308124,0.025475170069028406,0.025475302423192007,0.02547543477556858,0.025475567126146716,0.025475699474947967,0.025475831821958984,0.025475964167178997,0.025476096510604288,0.02547622885223591,0.02547636119207194,0.025476493530109872,0.025476625866348895,0.025476758200767165,0.025476890533397294,0.025477022864211423,0.02547715519325107,0.02547728752045743,0.025477419845847924,0.02547755216944497,0.025477684491235483,0.025477816811224827,0.025477949129388517,0.025478081445737707,0.025478213760271252,0.02547834607298364,0.025478478383876096,0.025478610692946536,0.02547874300019508,0.0254788753056305,0.025479007609228756,0.025479139910999784,0.025479272210925514,0.025479404509036168,0.025479536805312154,0.02547966909975444,0.02547980139236144,0.025479933683131707,0.02548006597206435,0.025480198259157077,0.02548033054440891,0.02548046282781806,0.02548059510938303,0.02548072738910232,0.025480859666974456,0.025480991942997962,0.025481124217171337,0.025481256489493107,0.025481388759961778,0.025481521028575885,0.025481653295333938,0.025481785560234442,0.025481917823275947,0.02548205008445696,0.025482182343776007,0.02548231460123159,0.025482446856822275,0.02548257911054656,0.02548271136240297,0.025482843612390036,0.025482975860506275,0.025483108106750245,0.02548324035112044,0.025483372593615418,0.02548350483423369,0.025483637072973797,0.025483769309834276,0.025483901544813645,0.025484033777910465,0.025484166009123236,0.025484298238450515,0.025484430465890835,0.025484562691442742,0.02548469491510476,0.02548482713687544,0.025484959356752383,0.025485091574735105,0.025485223790821996,0.02548535600501168,0.025485488217302715,0.02548562042769364,0.025485752636182996,0.025485884842767235,0.025486017047449197,0.02548614925022377,0.025486281451092156,0.025486413650051984,0.02548654584710199,0.025486678042248707,0.025486810235472963,0.02548694242678342,0.025487074616176667,0.02548720680365175,0.025487338989209133,0.02548747117284608,0.02548760335456663,0.02548773553435848,0.02548786771222322,0.025487999888164012,0.025488132062177326,0.025488264234265225,0.025488396404424175,0.02548852857264495,0.025488660738921646,0.025488792903274618,0.02548892506571259,0.025489057226189205,0.025489189384726718,0.02548932154132371,0.025489453695982524,0.02548958584869785,0.025489717999469315,0.025489850148293785,0.025489982295170795,0.025490114440085067,0.02549024658305998,0.025490378724085473,0.025490510863159527,0.02549064300028087,0.025490775135441457,0.025490907268641415,0.02549103939988384,0.025491171529167286,0.025491303656479704,0.025491435781827117,0.02549156790521133,0.02549170002663846,0.025491832146096065,0.025491964263584535,0.025492096379102495,0.025492228492648553,0.025492360604221276,0.025492492713819252,0.025492624821441073,0.02549275692708615,0.025492889030752156,0.02549302113243278,0.025493153232130843,0.025493285329838272,0.025493417425559748,0.025493549519333702,0.025493681611120343,0.02549381370091813,0.025493945788700574,0.02549407787449193,0.02549420995829169,0.02549434204010256,0.025494474119915882,0.025494606197728018,0.025494738273542667,0.025494870347353274,0.025495002419165868,0.025495134488973798,0.02549526655677669,0.025495398622574637,0.025495530686365467,0.025495662748147404,0.02549579480791946,0.025495926865680273,0.025496058921428415,0.025496190975162522,0.025496323026881207,0.025496455076583047,0.025496587124266678,0.025496719169930702,0.025496851213583173,0.025496983255212134,0.025497115294816342,0.025497247332394588,0.025497379367945536,0.025497511401467953,0.025497643432954617,0.025497775462411568,0.025497907489836272,0.025498039515227954,0.02549817153858445,0.02549830355990472,0.02549843557918771,0.025498567596431737,0.025498699611635183,0.025498831624796832,0.02549896363591544,0.025499095644989683,0.025499227652018057,0.02549935965699923,0.02549949165993175,0.0254996236608143,0.025499755659645514,0.025499887656424,0.025500019651148394,0.02550015164381733,0.025500283634429455,0.025500415622983375,0.02550054760947774,0.025500679593911172,0.025500811576282326,0.025500943556589748,0.025501075534832062,0.02550120751100832,0.02550133948511682,0.025501471457156186,0.0255016034271259,0.025501735395022925,0.025501867360846253,0.025501999324595223,0.02550213128626521,0.0255022632458512,0.025502395203364704,0.02550252715880223,0.025502659112158457,0.025502791063431778,0.025502923012620762,0.025503054959724443,0.025503186904741453,0.025503318847670424,0.02550345078850852,0.025503582727255808,0.025503714663910944,0.025503846598474555,0.025503978530943338,0.025504110461315968,0.02550424238959109,0.025504374315767353,0.025504506239843416,0.025504638161817934,0.025504770081689578,0.025504901999457,0.025505033915118845,0.0255051658286738,0.025505297740120524,0.02550542964945766,0.02550556155668387,0.025505693461797832,0.025505825364798215,0.025505957265683655,0.025506089164452857,0.025506221061104454,0.025506352955637128,0.025506484848049554,0.02550661673834038,0.025506748626508306,0.025506880512551983,0.025507012396470078,0.025507144278261267,0.025507276157924235,0.025507408035457636,0.025507539910860157,0.02550767178413047,0.02550780365526714,0.025507935524268967,0.02550806739113469,0.025508199255862864,0.025508331118452222,0.025508462978901445,0.025508594837209207,0.025508726693370842,0.02550885854738804,0.025508990399259416,0.025509122248983607,0.02550925409655917,0.02550938594198465,0.02550951778525854,0.025509649626379235,0.025509781465344904,0.025509913302153416,0.025510045136812314,0.02551017696931298,0.025510308799656142,0.02551044062783818,0.025510572453860222,0.025510704277712903,0.025510836099404823,0.02551096791893351,0.025511099736297074,0.025511231551493898,0.025511363364522484,0.025511495175381347,0.025511626984069065,0.025511758790584302,0.025511890594925674,0.025512022397091858,0.025512154197081482,0.025512285994893226,0.02551241779052576,0.02551254958397779,0.025512681375247974,0.025512813164335027,0.025512944951237626,0.025513076735954474,0.02551320851848427,0.02551334029882569,0.02551347207697747,0.025513603852938282,0.02551373562670685,0.025513867398281865,0.02551399916766206,0.025514130934846106,0.02551426269983274,0.025514394462620667,0.025514526223208583,0.025514657981595214,0.02551478973777929,0.025514921491759476,0.025515053243534553,0.025515184993102027,0.025515316740461744,0.025515448485612456,0.025515580228552836,0.025515711969281627,0.025515843707797536,0.025515975444099285,0.02551610717816551,0.0255162389100077,0.025516370639644334,0.025516502367061357,0.025516634092273012,0.02551676581526276,0.02551689753602924,0.025517029254571125,0.025517160970891205,0.025517292684984243,0.02551742439684754,0.025517556106481615,0.025517687813885193,0.02551781951905697,0.025517951221995686,0.025518082922700053,0.025518214621168166,0.025518346317399104,0.025518478011391052,0.025518609703130295,0.025518741392643905,0.025518873079914982,0.025519004764942756,0.025519136447725944,0.025519268128263304,0.025519399806553558,0.025519531482595448,0.025519663156387706,0.025519794827929054,0.02551992649721821,0.025520058164267615,0.025520189829049737,0.025520321491573822,0.025520453151842055,0.02552058480985136,0.025520716465602788,0.025520848119092204,0.025520979770317382,0.025521111419281126,0.02552124306597775,0.025521374710411354,0.025521506352577893,0.02552163799247531,0.025521769630103313,0.02552190126546095,0.025522032898546484,0.025522164529359653,0.02552229615789696,0.02552242778415875,0.025522559408145577,0.025522691029852215,0.02552282264928144,0.025522954266427766,0.025523085881292165,0.025523217493873377,0.025523349104170152,0.025523480712181267,0.025523612317905453,0.025523743921347465,0.025523875522494455,0.02552400712134844,0.025524138717911916,0.025524270312182976,0.025524401904159503,0.025524533493840297,0.025524665081224054,0.025524796666311314,0.025524928249101603,0.025525059829588196,0.02552519140777403,0.025525322983656007,0.025525454557232846,0.025525586128506497,0.025525717697473384,0.02552584926415053,0.025525980828518455,0.02552611239057593,0.025526243950321752,0.02552637550773626,0.025526507062839626,0.025526638615627817,0.02552677016609964,0.025526901714253893,0.025527033260089354,0.025527164803604806,0.02552729634479903,0.02552742788367081,0.02552755942021897,0.02552769095444228,0.025527822486339516,0.025527954015909488,0.025528085543150985,0.025528217068062797,0.02552834859064371,0.025528480110892527,0.025528611628808054,0.02552874314438906,0.025528874657634357,0.025529006168542746,0.02552913767711303,0.02552926918334398,0.025529400687234402,0.025529532188783108,0.025529663687988903,0.025529795184850584,0.025529926679365135,0.02553005817153317,0.02553018966135352,0.025530321148824982,0.025530452633946363,0.02553058411671646,0.025530715597134074,0.02553084707519803,0.02553097855090712,0.02553111002426016,0.025531241495255937,0.02553137296389329,0.025531504430171017,0.025531635894087922,0.02553176735564281,0.025531898814834527,0.025532030271661846,0.025532161726123593,0.025532293178218615,0.02553242462794567,0.025532556075303605,0.025532687520291242,0.025532818962907378,0.025532950403150848,0.02553308184102046,0.025533213276515043,0.025533344709633404,0.025533476140374368,0.025533607568736773,0.025533738994720206,0.0255338704183227,0.0255340018395431,0.025534133258380203,0.02553426467483286,0.02553439608889989,0.025534527500580106,0.025534658909872346,0.02553479031677543,0.025534921721288205,0.025535053123409472,0.025535184523138084,0.025535315920472867,0.025535447315412647,0.025535578707956245,0.025535710098102515,0.025535841485850273,0.025535972871198378,0.025536104254145642,0.025536235634690905,0.025536367012833013,0.025536498388570795,0.025536629761903074,0.02553676113282872,0.025536892501346553,0.02553702386745541,0.025537155231154133,0.025537286592441578,0.025537417951316567,0.025537549307777956,0.02553768066182459,0.025537812013455292,0.025537943362668934,0.025538074709464356,0.025538206053840388,0.025538337395793996,0.025538468735327155,0.02553860007243654,0.02553873140713556,0.02553886273941208,0.025538994069247093,0.02553912539665406,0.025539256721639914,0.025539388044188985,0.025539519364308268,0.02553965068199461,0.02553978199724772,0.02553991331006653,0.025540044620449377,0.025540175928395654,0.02554030723390419,0.025540438536982703,0.025540569837621274,0.025540701135809776,0.02554083243155596,0.025540963724858777,0.025541095015718874,0.02554122630413276,0.025541357590099702,0.025541488873616205,0.025541620154683625,0.02554175143330085,0.025541882709466786,0.025542013983180286,0.02554214525444005,0.02554227652324543,0.025542407789589137,0.025542539053474603,0.02554267031489989,0.025542801573874473,0.02554293283038937,0.02554306408444291,0.02554319533603362,0.025543326585160505,0.025543457831823577,0.025543589076015012,0.02554372031774103,0.025543851557001902,0.025543982793793815,0.02554411402811631,0.025544245259966458,0.025544376489342234,0.02554450771624407,0.02554463894067165,0.02554477016262289,0.025544901382095957,0.025545032599095397,0.02554516381361088,0.025545295025645513,0.025545426235209546,0.025545557442277947,0.025545688646864396,0.02554581984896932,0.025545951048586625,0.02554608224571237,0.025546213440352124,0.02554634463250234,0.025546475822155447,0.02554660700931664,0.025546738193984758,0.025546869376158694,0.025547000555837265,0.025547131733019323,0.025547262907703653,0.025547394079891657,0.025547525249580056,0.02554765641676773,0.02554778758145357,0.025547918743636478,0.025548049903315318,0.025548181060489002,0.025548312215156393,0.025548443367323755,0.025548574516982454,0.025548705664131716,0.025548836808770476,0.025548967950896954,0.025549099090512898,0.025549230227615013,0.025549361362201057,0.025549492494269962,0.025549623623824253,0.02554975475086097,0.025549885875375468,0.025550016997369612,0.025550148116842107,0.02555027923379161,0.025550410348216934,0.025550541460117874,0.025550672569494098,0.025550803676343353,0.025550934780664225,0.025551065882456137,0.02555119698171879,0.02555132807844919,0.02555145917264729,0.025551590264312304,0.025551721353443285,0.025551852440045736,0.02555198352410404,0.025552114605624753,0.025552245684606546,0.025552376761048455,0.025552507834949376,0.025552638906312385,0.02555276997513087,0.02555290104140523,0.025553032105131553,0.02555316316631158,0.025553294224944262,0.025553425281030613,0.025553556334565287,0.025553687385549227,0.025553818433968138,0.025553949479847272,0.025554080523172554,0.025554211563942917,0.0255543426021573,0.025554473637814632,0.025554604670913847,0.02555473570145389,0.025554866729433686,0.02555499775485349,0.025555128777709657,0.025555259798002286,0.025555390815730415,0.025555521830893112,0.025555652843493162,0.025555783853521134,0.02555591486098601,0.02555604586587572,0.0255561768682014,0.02555630786794876,0.02555643886512252,0.025556569859716202,0.025556700851740437,0.025556831841188416,0.025556962828057195,0.025557093812346682,0.025557224794062836,0.025557355773195956,0.025557486749746672,0.025557617723724897,0.0255577486951104,0.025557879663895045,0.025558010630110303,0.02555814159373777,0.02555827255477934,0.0255584035132303,0.025558534469089764,0.025558665422358025,0.025558796373032044,0.025558927321117437,0.025559058266577138,0.025559189209446675,0.02555932014975075,0.02555945108746281,0.025559582022575942,0.025559712955082515,0.025559843884988567,0.025559974812293374,0.025560105736995856,0.025560236659094977,0.025560367578589666,0.025560498495478933,0.025560629409752945,0.02556076032142846,0.02556089123049519,0.025561022136950908,0.025561153040800023,0.02556128394203387,0.02556141484065341,0.025561545736664137,0.025561676630059982,0.025561807520837403,0.02556193840898316,0.025562069294526008,0.025562200177450034,0.02556233105775417,0.025562461935434717,0.025562592810491218,0.02556272368291541,0.025562854552719633,0.025562985419904646,0.0255631162844664,0.02556324714640181,0.02556337800571269,0.02556350886239072,0.025563639716439063,0.025563770567873307,0.02556390141666547,0.0255640322628176,0.02556416310633745,0.025564293947221692,0.025564424785469355,0.025564555621079482,0.025564686454071017,0.02556481728442191,0.02556494811213139,0.025565078937198487,0.025565209759622363,0.025565340579402004,0.025565471396536543,0.02556560221102499,0.025565733022866424,0.02556586383205988,0.025565994638604407,0.025566125442498987,0.025566256243742713,0.025566387042334555,0.025566517838273527,0.02556664863155866,0.025566779422189007,0.02556691021016352,0.025567040995481235,0.025567171778141173,0.02556730255814234,0.02556743333547389,0.0255675641101449,0.025567694882154355,0.025567825651501272,0.025567956418184653,0.025568087182216023,0.02556821794360174,0.0255683487023178,0.02556847945836392,0.02556861021173955,0.025568740962444058,0.02556887171044584,0.02556900245577505,0.025569133198446368,0.025569263938444383,0.02556939467576815,0.025569525410416672,0.025569656142389,0.025569786871684166,0.025569917598301253,0.025570048322239223,0.025570179043497208,0.02557030976207427,0.025570440477969532,0.025570571191184305,0.02557070190169988,0.025570832609529,0.025570963314670167,0.02557109401712126,0.025571224716898253,0.025571355413980278,0.025571486108371864,0.02557161680007706,0.02557174748908543,0.025571878175403916,0.025572008859033945,0.02557213953996547,0.025572270218197385,0.025572400893732215,0.025572531566587058,0.02557266223670625,0.025572792904145027,0.025572923568883455,0.025573054230921047,0.02557318489024885
8,0.0,0.0,0.0,0.0,0.0,0.0,0.0,0.0,0.0,0.0,0.0,0.0,0.0,0.0,0.0,0.0,0.0,0.0,0.0,0.0,0.0,0.0,0.0,0.0,0.0,0.0,0.0,0.0,0.0,0.0,0.0,0.0,0.0,0.0,0.0,0.0,0.0,0.0,0.0,0.0,0.0,0.0,0.0,0.0,0.0,0.0,0.0,0.0,0.0,0.0,0.0,0.0,0.0,0.0,0.0,0.0,0.0,0.0,0.0,0.0,0.0,0.0,0.0,0.0,0.0,0.0,0.0,0.0,0.0,0.0,0.0,0.0,0.0,0.0,0.0,0.0,0.0,0.0,0.0,0.0,0.0,0.0,0.0,0.0,0.0,0.0,0.0,0.0,0.0,0.0,0.0,0.0,0.0,0.0,0.0,0.0,0.0,0.0,0.0,0.0,0.0,0.0,0.0,0.0,0.0,0.0,0.0,0.0,0.0,0.0,0.0,0.0,0.0,0.0,0.0,0.0,0.0,0.0,0.0,0.0,0.0,0.0,0.0,0.0,0.0,0.0,0.0,0.0,0.0,0.0,0.0,0.0,0.0,0.0,0.0,0.0,0.0,0.0,0.0,0.0,0.0,0.0,0.0,0.0,0.0,0.0,0.0,0.0,0.0,0.0,0.0,0.0,0.0,0.0,0.0,0.0,0.0,0.0,0.0,0.0,0.0,0.0,0.0,0.0,0.0,0.0,0.0,0.0,0.0,0.0,0.0,0.0,0.0,0.0,0.0,0.0,0.0,0.0,0.0,0.0,0.0,0.0,0.0,0.0,0.0,0.0,0.0,0.0,0.0,0.0,0.0,0.0,0.0,0.0,0.0,0.0,0.0,0.0,0.0,0.0,0.0,0.0,0.0,0.0,0.0,0.0,0.0,0.0,0.0,0.0,0.0,0.0,0.0,0.0,0.0,0.0,0.0,0.0,0.0,0.0,0.0,0.0,0.0,0.0,0.0,0.0,0.0,0.0,0.0,0.0,0.0,0.0,0.0,0.0,0.0,0.0,0.0,0.0,0.0,0.0,0.0,0.0,0.0,0.0,0.0,0.0,0.0,0.0,0.0,0.0,0.0,0.0,0.0,0.0,0.0,0.0,0.0,0.0,0.0,0.0,0.0,0.0,0.0,0.0,0.0,0.0,0.0,0.0,0.0,0.0,0.0,0.0,0.0,0.0,0.0,0.0,0.0,0.0,0.0,0.0,0.0,0.0,0.0,0.0,0.0,0.0,0.0,0.0,0.0,0.0,0.0,0.0,0.0,0.0,0.0,0.0,0.0,0.0,0.0,0.0,0.0,0.0,0.0,0.0,0.0,0.0,0.0,0.0,0.0,0.0,0.0,0.0,0.0,0.0,0.0,0.0,0.0,0.0,0.0,0.0,0.0,0.0,0.0,0.0,0.0,0.0,0.0,0.0,0.0,0.0,0.0,0.0,0.0,0.0,0.0,0.0,0.0,0.0,0.0,0.0,0.0,0.0,0.0,0.0,0.0,0.0,0.0,0.0,0.0,0.0,0.0,0.0,0.0,0.0,0.0,0.0,0.0,0.0,0.0,0.0,0.0,0.0,0.0,0.0,0.0,0.0,0.0,0.0,0.0,0.0,0.0,0.0,0.0,0.0,0.0,0.0,0.0,0.0,0.0,0.0,0.0,0.0,0.0,0.0,0.0,0.0,0.0,0.0,0.0,0.0,0.0,0.0,0.0,0.0,0.0,0.0,0.0,0.0,0.0,0.0,0.0,0.0,0.0,0.0,0.0,0.0,0.0,0.0,0.0,0.0,0.0,0.0,0.0,0.0,0.0,0.0,0.0,0.0,0.0,0.0,0.0,0.0,0.0,0.0,0.0,0.0,0.0,0.0,0.0,0.0,0.0,0.0,0.0,0.0,0.0,0.0,0.0,0.0,0.0,0.0,0.0,0.0,0.0,0.0,0.0,0.0,0.0,0.0,0.0,0.0,0.0,0.0,0.0,0.0,0.0,0.0,0.0,0.0,0.0,0.0,0.0,0.0,0.0,0.0,0.0,0.0,0.0,0.0,0.0,0.0,0.0,0.0,0.0,0.0,0.0,0.0,0.0,0.0,0.0,0.0,0.0,0.0,0.0,0.0,0.0,0.0,0.0,0.0,0.0,0.0,0.0,0.0,0.0,0.0,0.0,0.0,0.0,0.0,0.0,0.0,0.0,0.0,0.0,0.0,0.0,0.0,0.0,0.0,0.0,0.0,0.0,0.0,0.0,0.0,0.0,0.0,0.0,0.0,0.0,0.0,0.0,0.0,0.0,0.0,0.0,0.0,0.0,0.0,0.0,0.0,0.0,0.0,0.0,0.0,0.0,0.0,0.0,0.0,0.0,0.0,0.0,0.0,0.0,0.0,0.0,0.0,0.0,0.0,0.0,0.0,0.0,0.0,0.0,0.0,0.0,0.0,0.0,0.0,0.0,0.0,0.0,0.0,0.0,0.0,0.0,0.0,0.0,0.0,0.0,0.0,0.0,0.0,0.0,0.0,0.0,0.0,0.0,0.0,0.0,0.0,0.0,0.0,0.0,0.0,0.0,0.0,0.0,0.0,0.0,0.0,0.0,0.0,0.0,0.0,0.0,0.0,0.0,0.0,0.0,0.0,0.0,0.0,0.0,0.0,0.0,0.0,0.0,0.0,0.0,0.0,0.0,0.0,0.0,0.0,0.0,0.0,0.0,0.0,0.0,0.0,0.0,0.0,0.0,0.0,0.0,0.0,0.0,0.0,0.0,0.0,0.0,0.0,0.0,0.0,0.0,0.0,0.0,0.0,0.0,0.0,0.0,0.0,0.0,0.0,0.0,0.0,0.0,0.0,0.0,0.0,0.0,0.0,0.0,0.0,0.0,0.0,0.0,0.0,0.0,0.0,0.0,0.0,0.0,0.0,0.0,0.0,0.0,0.0,0.0,0.0,0.0,0.0,0.0,0.0,0.0,0.0,0.0,0.0,0.0,0.0,0.0,0.0,0.0,0.0,0.0,0.0,0.0,0.0,0.0,0.0,0.0,0.0,0.0,0.0,0.0,0.0,0.0,0.0,0.0,0.0,0.0,0.0,0.0,0.0,0.0,0.0,0.0,0.0,0.0,0.0,0.0,0.0,0.0,0.0,0.0,0.0,0.0,0.0,0.0,0.0,0.0,0.0,0.0,0.0,0.0,0.0,0.0,0.0,0.0,0.0,0.0,0.0,0.0,0.0,0.0,0.0,0.0,0.0,0.0,0.0,0.0,0.0,0.0,0.0,0.0,0.0,0.0,0.0,0.0,0.0,0.0,0.0,0.0,0.0,0.0,0.0,0.0,0.0,0.0,0.0,0.0,0.0,0.0,0.0,0.0,0.0,0.0,0.0,0.0,0.0,0.0,0.0,0.0,0.0,0.0,0.0,0.0,0.0,0.0,0.0,0.0,0.0,0.0,0.0,0.0,0.0,0.0,0.0,0.0,0.0,0.0,0.0,0.0,0.0,0.0,0.0,0.0,0.0,0.0,0.0,0.0,0.0,0.0,0.0,0.0,0.0,0.0,0.0,0.0,0.0,0.0,0.0,0.0,0.0,0.0,0.0,0.0,0.0,0.0,0.0,0.0,0.0,0.0,0.0,0.0,0.0,0.0,0.0,0.0,0.0,0.0,0.0,0.0,0.0,0.0,0.0,0.0,0.0,0.0,0.0,0.0,0.0,0.0,0.0,0.0,0.0,0.0,0.0,0.0,0.0,0.0,0.0,0.0,0.0,0.0,0.0,0.0,0.0,0.0,0.0,0.0,0.0,0.0,0.0,0.0,0.0,0.0,0.0,0.0,0.0,0.0,0.0,0.0,0.0,0.0,0.0,0.0,0.0,0.0,0.0,0.0,0.0,0.0,0.0,0.0,0.0,0.0,0.0,0.0,0.0,0.0,0.0,0.0,0.0,0.0,0.0,0.0,0.0,0.0,0.0,0.0,0.0,0.0,0.0,0.0,0.0,0.0,0.0,0.0,0.0,0.0,0.0,0.0,0.0,0.0,0.0,0.0,0.0,0.0,0.0,0.0,0.0,0.0,0.0,0.0,0.0,0.0,0.0,0.0,0.0,0.0,0.0,0.0,0.0,0.0,0.0,0.0,0.0,0.0,0.0,0.0,0.0,0.0,0.0,0.0,0.0,0.0,0.0,0.0,0.0,0.0,0.0,0.0,0.0,0.0,0.0,0.0,0.0,0.0,0.0,0.0,0.0,0.0,0.0,0.0,0.0,0.0,0.0,0.0,0.0,0.0,0.0,0.0,0.0,0.0,0.0,0.0,0.0,0.0,0.0,0.0,0.0,0.0,0.0,0.0,0.0,0.0,0.0,0.0,0.0,0.0,0.0,0.0,0.0,0.0,0.0,0.0,0.0,0.0,0.0,2.013684434991474e-08,3.143804250616615e-08,3.822320114093614e-08,4.276720183273896e-08,4.626295383347625e-08,4.933675071854196e-08,5.232189388012571e-08,5.540290706460016e-08,5.8691139513702924e-08,6.226439228625775e-08,6.618795406455012e-08,7.052625847905116e-08,7.535004457117702e-08,8.074164783871069e-08,8.679991514173983e-08,9.364571499108654e-08,1.0142884636628505e-07,1.103372165643051e-07,1.2060943332083255e-07,1.3255248069195758e-07,1.4656704531634107e-07,1.6318457737083758e-07,1.8312278255696524e-07,2.073708639436068e-07,2.3732429485485143e-07,2.750050101546063e-07,3.2343494216841774e-07,3.872978486051537e-07,4.7417287496502947e-07,5.969747016165206e-07,7.791316380012113e-07,1.0665212562997058e-06,1.557730296860801e-06,2.4888604623497513e-06,4.488815267834351e-06,9.29694538314617e-06,2.098941787801178e-05,4.5566073982988684e-05,8.66737063292529e-05,0.00014234954535467494,0.0002069930643701622,0.00027487128981594185,0.0003418348555658612,0.00040545571956008083,0.0004645978730115255,0.0005189535556739233,0.000568694687344644,0.000614242968443155,0.0006561281273400545,0.0006949048516338242,0.000731106825835239,0.0007652233937701883,0.0007976894704963139,0.0008288827748870126,0.0008591247502149947,0.0008886831002286421,0.0009177749776477919,0.0009465706471558016,0.0009751978604195464,0.001003747148123363,0.0010322778806218854,0.001060824607416927,0.001089403098488298,0.0011180156560797222,0.001146655488807564,0.0011753101249844416,0.0012039639548822624,0.0012326000428284228,0.0012612013607693348,0.001289751583296174,0.0013182355625445538,0.0013466395773357857,0.0013749514286720845,0.0014031604346710176,0.0014312573632432955,0.0014592343289440892,0.0014870846722359738,0.0015148028331119499,0.00154238422666995,0.0015698251252070008,0.0015971225493666777,0.001624274169465365,0.0016512782172655354,0.001678133407874301,0.0017048388711854352,0.001731394091913008,0.0017577988577593521,0.001784053214283177,0.0018101574261125475,0.0018361119435228168,0.0018619173736841507,0.0018875744560473192,0.0019130840411881909,0.0019384470727137003,0.0019636645717645068,0.001988737623731434,0.002013667366920182,0.0020384549828170893,0.002063101687778455,0.0020876087259032424,0.002111977362940011,0.0021362088810104964,0.0021603045742130886,0.002184265744729264,0.0022080936995474603,0.002231789747633665,0.0022553551975154082,0.0022787913552230247,0.0023020995224886675,0.0023252809952437883,0.0023483370622884615,0.002371269004216908,0.0023940780924689292,0.0024167655884752954,0.002439332743022963,0.00246178079566101,0.0024841109742230003,0.002506324494406252,0.0025284225594454867,0.0025504063598939543,0.002572277073300947,0.0025940358641236383,0.002615683883590341,0.002637222269554025,0.0026586521464724002,0.002679974625380453,0.002701190803850191,0.00272230176602226,0.002743308582615924,0.00276421231102009,0.0027850139953098756,0.0028057146663330946,0.002826315341800881,0.0028468170263899763,0.00286722071183297,0.0028875273770404553,0.0029077379882033183,0.002927853498940206,0.0029478748504475375,0.0029678029714925425,0.002987638778753308,0.003007383176853314,0.0030270370584791024,0.0030466013045978443,0.0030660767844925027,0.0030854643560343834,0.0031047648657710697,0.003123979149044988,0.003143108030202753,0.003162152322703298,0.00318111282928921,0.0031999903421202273,0.0032187856428715538,0.0032374995030675785,0.0032561326839536655,0.0032746859368540443,0.0032931600032221828,0.003311555614810634,0.0033298734938071776,0.003348114352975798,0.0033662788957945886,0.0033843678165938287,0.0034023818006889586,0.003420321524527805,0.003438187655811146,0.00345598085362604,0.003473701768574501,0.0034913510429067695,0.003508929310620312,0.003526437197672765,0.0035438753219895727,0.0035612442936252126,0.0035785447149473035,0.003595777180662983,0.003612942278004833,0.0036300405867442055,0.0036470726794407904,0.003664039121468234,0.003680940471138644,0.0036977772798148976,0.0037145500920122932,0.003731259445508299,0.0037479058714467257,0.0037644898944145843,0.0037810120325789186,0.0037974727977653465,0.0038138726955491927,0.0038302122253589138,0.0038464918805939234,0.0038627121486102633,0.003878873510965485,0.0038949764434040345,0.003911021415976051,0.003927008893122728,0.003942939333738485,0.003958813191277894,0.003974630913841439,0.003990392944237506,0.004006099720066069,0.004021751673809532,0.0040373492328694355,0.004052892819717705,0.00406838285188145,0.004083819742067861,0.004099203898226902,0.004114535723614937,0.004129815616869102,0.004145043972066667,0.004160221178810309,0.004175347622267725,0.004190423683248979,0.004205449738280473,0.0042204261596448635,0.004235353315457019,0.004250231569720201,0.004265061282384939,0.00427984280940587,0.004294576502804738,0.00430926271071694,0.004323901777454466,0.004338494043556862,0.0043530398458452736,0.004367539517474997,0.004381993387986866,0.0043964017833582145,0.004410765026052557,0.004425083435074377,0.004439357325994627,0.00445358701103266,0.004467772799079925,0.004481914995751423,0.00449601390343114,0.004510069821316171,0.0045240830454604895,0.004538053868818514,0.004551982581286369,0.004565869469744163,0.00457971481809671,0.004593518907313789,0.004607282015469738,0.00462100441778244,0.004634686386652792,0.004648328191697498,0.004661930099793612,0.004675492375110459,0.004689015279146369,0.004702499070762516,0.004715944006221947,0.00472935033921742,0.00474271832091631,0.004756048199976714,0.004769340222596675,0.0047825946325368495,0.004795811671151599,0.004808991577427634,0.004822134588008077,0.004835240937225042,0.004848310857127978,0.004861344577515296,0.004874342325959713,0.004887304327839967,0.004900230806365875,0.0049131219826078435,0.004925978075523505,0.004938799301983609,0.004951585876797679,0.004964338012742248,0.004977055920583664,0.00498973980910495,0.0050023898851281065,0.005015006353541306,0.005027589417321255,0.005040139277556782,0.005052656133472139,0.005065140182449863,0.0050775916200532815,0.005090010640048707,0.005102397434427196,0.0051147521934262075,0.005127075105550371,0.005139366357593248,0.005151626134656709,0.00516385462017225,0.005176051995920409,0.005188218442050328,0.005200354137100513,0.00521245925801497,0.005224533980165297,0.005236578477367213,0.005248592921899929,0.0052605774845234255,0.00527253233449612,0.005284457639594118,0.005296353566125484,0.005308220278949758,0.005320057941493937,0.005331866715768408,0.005343646762383947,0.0053553982405671425,0.005367121308179384,0.005378816121725786,0.00539048283637691,0.005402121605982303,0.005413732583082116,0.005425315918926503,0.005436871763488708,0.005448400265477689,0.005459901572354037,0.0054713758303434265,0.005482823184450099,0.005494243778471038,0.005505637755008969,0.005517005255486015,0.0055283464201551025,0.005539661388115294,0.005550950297323026,0.005562213284604807,0.005573450485669314,0.005584662035120474,0.005595848066467348,0.0056070087121391455,0.005618144103494339,0.005629254370833295,0.005640339643409382,0.005651400049440302,0.0056624357161190264,0.0056734467696253725,0.005684433335134763,0.0056953955368319615,0.00570633349791921,0.005717247340627354,0.005728137186226497,0.005739003155035231,0.00574984536643117,0.005760663938860729,0.005771458989848807,0.005782230636008177,0.005792978993049057,0.005803704175788748,0.005814406298160474,0.005825085473222768,0.00583574181316825,0.005846375429332627,0.005856986432203008,0.0058675749314274,0.005878141035822579,0.005888684853382853,0.00589920649128809,0.005909706055912471,0.005920183652831607,0.0059306393868316905,0.005941073361916861,0.0059514856813173075,0.005961876447496026,0.0059722457621579055,0.005982593726256321,0.005992920440000798,0.006003226002864176,0.006013510513591186,0.006023774070201843,0.00603401677000396,0.006044238709596303,0.006054439984875976,0.006064620691046628,0.0060747809226239955,0.006084920773443095,0.0060950403366649775,0.00610513970478193,0.006115218969626034,0.006125278222373449,0.006135317553552628,0.006145337053048702,0.006155336810110608,0.006165316913356983,0.00617527745078207,0.006185218509761719,0.00619514017705895,0.006205042538830245,0.0062149256806313105,0.006224789687420751,0.006234634643568797,0.0062444606328608335,0.006254267738503157,0.006264056043128492,0.006273825628801382,0.006283576577022776,0.006293308968737122,0.006303022884334867,0.006312718403659178,0.006322395606011074,0.00633205457015319,0.006341695374315853,0.006351318096201843,0.006360922812989993,0.006370509601341452,0.0063800785374034845,0.006389629696814411,0.0063991631547078666,0.00640867898571782,0.006418177263982761,0.006427658063149943,0.006437121456380398,0.00644656751635247,0.006455996315266713,0.0064654079248497665,0.0064748024163587435,0.006484179860585346,0.006493540327859842,0.006502883888055233,0.006512210610591327,0.0065215205644383635,0.006530813818121456,0.00654009043972395,0.006549350496891644,0.006558594056836421,0.006567821186340049,0.006577031951757733,0.0065862264190220355,0.006595404653646472,0.006604566720728753,0.006613712684954932,0.006622842610602276,0.006631956561543579,0.006641054601249488,0.00665013679279305,0.006659203198852286,0.006668253881713765,0.006677288903276129,0.00668630832505292,0.006695312208176328,0.006704300613399882,0.00671327360110201,0.006722231231288981,0.00673117356359783,0.006740100657299913,0.006749012571303659,0.0067579093641573895,0.006766791094052529,0.006775657818826384,0.006784509595965269,0.006793346482607284,0.006802168535545103,0.006810975811228787,0.00681976836576881,0.006828546254938412,0.0068373095341767625,0.0068460582585915366,0.00685479248296131,0.006863512261738575,0.006872217649052212,0.006880908698710122,0.006889585464201675,0.006898247998700543,0.006906896355067152,0.006915530585850594,0.006924150743292087,0.006932756879326821,0.006941349045586362,0.00694992729340131,0.0069584916738031615,0.006967042237528139,0.006975579035016511,0.006984102116418522,0.006992611531594343,0.007001107330117031,0.007009589561274681,0.007018058274072605,0.007026513517235646,0.007034955339210286,0.007043383788166727,0.007051798912001207,0.007060200758337761,0.00706858937453102,0.007076964807667804,0.007085327104568146,0.007093676311789433,0.00710201247562733,0.007110335642117393,0.007118645857037616,0.007126943165910101,0.007135227614003274,0.007143499246333452,0.007151758107667481,0.007160004242523043,0.007168237695172332,0.007176458509643031,0.0071846667297199756,0.007192862398947411,0.007201045560630545,0.0072092162578375665,0.0072173745334006036,0.007225520429918656,0.007233653989758756,0.0072417752550573014,0.007249884267722374,0.007257981069435246,0.00726606570165169,0.007274138205604411,0.007282198622303744,0.007290246992539876,0.007298283356884205,0.007306307755691084,0.007314320229099259,0.007322320817033559,0.007330309559206712,0.007338286495120054,0.007346251664066077,0.007354205105128632,0.007362146857185994,0.007370076958910986,0.007377995448773548,0.0073859023650412435,0.007393797745781289,0.007401681628862085,0.007409554051953215,0.0074174150525291626,0.007425264667869275,0.007433102935059053,0.007440929890992182,0.007448745572371199,0.007456550015709427,0.00746434325733216,0.007472125333377591,0.0074798962797985365,0.007487656132363594,0.00749540492665845,0.0075031426980872425,0.007510869481873401,0.007518585313061365,0.007526290226517825,0.007533984256932607,0.007541667438820076,0.007549339806520497,0.007557001394200769,0.007564652235855993,0.007572292365311051,0.007579921816220761,0.007587540622071694,0.007595148816183136,0.007602746431708404,0.007610333501635868,0.007617910058789676,0.0076254761358317226,0.007633031765261965,0.007640576979419861,0.007648111810485408,0.007655636290480185,0.00766315045126838,0.0076706543245579585,0.0076781479419016875,0.0076856313346976846,0.007693104534191359,0.007700567571475871,0.007708020477492941,0.007715463283034371,0.007722896018742721,0.007730318715112361,0.007737731402490369,0.0077451341110776045,0.007752526870929716,0.007759909711957963,0.007767282663930182,0.007774645756472154,0.007781999019067422,0.00778934248105912,0.007796676171650629,0.007804000119906965,0.007811314354755048,0.007818618904984743,0.007825913799249802,0.007833199066068742,0.007840474733826033,0.00784774083077181,0.007854997385024107,0.007862244424569294,0.00786948197726255,0.007876710070828939,0.007883928732864304,0.007891137990835996,0.007898337872083555,0.007905528403819834,0.007912709613131577,0.007919881526980286,0.007927044172202987,0.007934197575513008,0.007941341763500798,0.007948476762634703,0.007955602599261558,0.007962719299607743,0.007969826889779699,0.007976925395764773,0.007984014843431964,0.007991095258532492,0.007998166666701017,0.008005229093455605,0.008012282564198952,0.008019327104219511,0.008026362738690987,0.008033389492674084,0.0080404073911166,0.008047416458854963,0.008054416720613793,0.008061408201007238,0.008068390924539513,0.008075364915605713,0.008082330198492239,0.008089286797377575,0.008096234736333054,0.00810317403932303,0.008110104730206616,0.008117026832736948,0.008123940370562525,0.008130845367227947,0.008137741846174369,0.008144629830740031,0.00815150934416102,0.008158380409571776,0.008165243050005771,0.00817209728839611,0.00817894314757601,0.008185780650279665,0.008192609819142655,0.008199430676702158,0.008206243245398292,0.008213047547574218,0.008219843605476751,0.008226631441257007,0.008233411076970808,0.008240182534579527,0.008246945835950488,0.008253701002857362,0.00826044805698091,0.008267187019909495,0.008273917913139578,0.008280640758076266,0.008287355576033868,0.008294062388236394,0.00830076121581822,0.008307452079824251,0.008314135001210532,0.008320810000845226,0.008327477099508651,0.00833413631789388,0.008340787676607215,0.008347431196168901,0.008354066897013505,0.00836069479948993,0.008367314923862938,0.008373927290312408,0.00838053191893487,0.008387128829743445,0.008393718042668313,0.008400299577557386,0.008406873454176608,0.00841343969221051,0.008419998311262618,0.008426549330855933,0.008433092770433494,0.008439628649358356,0.008446156986914772,0.008452677802307946,0.008459191114665246,0.008465696943035698,0.008472195306391135,0.008478686223626354,0.008485169713559473,0.008491645794932577,0.008498114486411983,0.008504575806588652,0.00851102977397877,0.00851747640702409,0.008523915724091932,0.00853034774347639,0.008536772483397955,0.008543189962004472,0.008549600197371297,0.008556003207501542,0.008562399010327005,0.008568787623707944,0.00857516906543377,0.008581543353223262,0.008587910504725307,0.008594270537518859,0.008600623469113642,0.008606969316950246,0.008613308098400807,0.008619639830769013,0.008625964531290853,0.008632282217134671,0.008638592905401659,0.008644896613126236,0.008651193357276385,0.008657483154753983,0.008663766022395167,0.008670041976970687,0.008676311035186294,0.008682573213683004,0.008688828529037448,0.008695076997762115,0.008701318636306328,0.008707553461055683,0.00871378148833277,0.008720002734397565,0.00872621721544782,0.008732424947618878,0.0087386259469849,0.008744820229558378,0.008751007811290854,0.008757188708073132,0.008763362935735592,0.008769530510048588,0.00877569144672251,0.008781845761408438,0.008787993469698262,0.008794134587125043,0.008800269129163178,0.008806397111228879,0.008812518548680403,0.008818633456818395,0.008824741850886,0.008830843746069485,0.008836939157498206,0.008843028100245115,0.008849110589326947,0.008855186639704636,0.00886125626628326,0.008867319483912771,0.008873376307387926,0.008879426751448885,0.008885470830781356,0.00889150856001634,0.008897539953731347,0.008903565026450377,0.008909583792643335,0.008915596266727712,0.008921602463067653,0.008927602395974843,0.00893359607970874,0.008939583528476664,0.008945564756434085,0.008951539777684946,0.008957508606281915,0.008963471256226567,0.00896942774146969,0.008975378075911578,0.00898132227340227,0.008987260347741655,0.008993192312679865,0.008999118181917625,0.009005037969106214,0.009010951687847907,0.009016859351696105,0.009022760974155821,0.009028656568683504,0.009034546148687735,0.009040429727529034,0.009046307318520378,0.009052178934927293,0.009058044589968277,0.009063904296814805,0.00906975806859159,0.009075605918376986,0.009081447859203057,0.009087283904055868,0.009093114065875535,0.009098938357556752,0.009104756791948734,0.009110569381855725,0.009116376140036856,0.009122177079206583,0.009127972212035023,0.009133761551147833,0.009139545109126755,0.009145322898509297,0.00915109493178978,0.009156861221418974,0.00916262177980426,0.00916837661931009,0.009174125752258091,0.00917986919092737,0.009185606947554303,0.009191339034333487,0.00919706546341691,0.009202786246915173,0.009208501396897504,0.009214210925391162,0.009219914844382473,0.00922561316581658,0.009231305901597878,0.009236993063590127,0.009242674663616572,0.009248350713460182,0.00925402122486391,0.00925968620953073,0.00926534567912399,0.009270999645267394,0.009276648119545403,0.009282291113503316,0.009287928638647414,0.009293560706445176,0.009299187328325464,0.009304808515678822,0.009310424279857394,0.009316034632175278,0.009321639583908631,0.009327239146295907,0.009332833330538104,0.009338422147798607,0.009344005609203593,0.009349583725842403,0.009355156508767523,0.009360723968994348,0.00936628611750213,0.009371842965233522,0.0093773945230951,0.009382940801957269,0.009388481812654604,0.009394017565986035,0.009399548072714798,0.009405073343568831,0.009410593389240744,0.00941610822038813,0.009421617847633667,0.009427122281565158,0.009432621532736045,0.009438115611665148,0.0094436045288369,0.009449088294701636,0.009454566919675925,0.00946004041414205,0.00946550878844913,0.009470972052912361,0.009476430217813725,0.009481883293401853,0.009487331289892363,0.009492774217467912,0.009498212086278318,0.009503644906440779,0.009509072688039948,0.009514495441128127,0.009519913175725377,0.009525325901819684,0.009530733629367108,0.009536136368291877,0.009541534128486564,0.009546926919812217,0.00955231475209833,0.00955769763514364,0.009563075578715293,0.00956844859254959,0.009573816686352009,0.009579179869797217,0.009584538152529585,0.009589891544162777,0.009595240054280208,0.009600583692435155,0.0096059224681508,0.009611256390920432,0.00961658547020756,0.00962190971544599,0.009627229136040034,0.009632543741364581,0.009637853540765236,0.009643158543558449,0.009648458759031647,0.009653754196443367,0.009659044865023295,0.009664330773972484,0.009669611932463578,0.009674888349640583,0.009680160034619443,0.009685426996487665,0.009690689244304856,0.009695946787102712,0.00970119963388508,0.009706447793628113,0.009711691275280366,0.009716930087762855,0.009722164239969399,0.009727393740766468,0.009732618598993473,0.00973783882346269,0.00974305442295967,0.009748265406243121,0.009753471782044982,0.009758673559070966,0.00976387074599977,0.00976906335148418,0.009774251384150725,0.009779434852599717,0.009784613765405493,0.009789788131116382,0.00979495795825524,0.009800123255318923,0.009805284030778781,0.009810440293080737,0.009815592050645305,0.009820739311867771,0.00982588208511823,0.009831020378741739,0.00983615420105839,0.009841283560363448,0.009846408464927403,0.0098515289229961,0.009856644942790892,0.009861756532508573,0.00986686370032169,0.0098719664543785,0.009877064802803127,0.009882158753695676,0.009887248315132215,0.009892333495165025,0.009897414301822623,0.009902490743109848,0.00990756282700798,0.009912630561474796,0.00991769395444481,0.009922753013829139,0.009927807747515697,0.009932858163369477,0.00993790426923228,0.009942946072923077,0.009947983582238027,0.00995301680495054,0.009958045748811522,0.009963070421549028,0.009968090830868971,0.009973106984454728,0.009978118889967495,0.009983126555046323,0.009988129987307928,0.009993129194347247,0.009998124183737266,0.010003114963029032,0.010008101539752,0.010013083921413783,0.0100180621155005,0.01002303612947681,0.010028005970786036,0.010032971646849907,0.01003793316506923,0.010042890532823376,0.010047843757470901,0.010052792846349232,0.010057737806774901,0.010062678646043707,0.010067615371430463,0.010072547990189615,0.010077476509554935,0.01008240093673952,0.010087321278936237,0.010092237543317584,0.010097149737035757,0.010102057867222826,0.010106961940990613,0.01011186196543112,0.010116757947616153,0.010121649894597849,0.010126537813408469,0.010131421711060575,0.010136301594547073,0.010141177470841308,0.010146049346897156,0.01015091722964898,0.010155781126011827,0.010160641042881799,0.010165496987135198,0.010170348965629543,0.010175196985203411,0.010180041052676227,0.010184881174848608,0.010189717358502248,0.010194549610400241,0.01019937793728664,0.010204202345887245,0.010209022842909168,0.010213839435041111,0.010218652128953258,0.010223460931297597,0.01022826584870761,0.010233066887798865,0.010237864055168628,0.010242657357396158,0.01024744680104271,0.010252232392651566,0.010257014138748266,0.010261792045840467,0.010266566120418109,0.010271336368953487,0.010276102797901301,0.010280865413698716,0.010285624222765478,0.010290379231503877,0.010295130446298912,0.010299877873518298,0.010304621519512567,0.010309361390615057,0.010314097493142117,0.010318829833392985,0.01032355841765006,0.010323558421874147,0.010323558421831122,0.010323558421565418,0.010323558421290681,0.010323558421018283,0.010323558420749071,0.010323558420483296,0.010323558420221146,0.01032355841996277,0.010323558419708286,0.010323558419457769,0.010323558419211272,0.010323558418968804,0.010323558418730361,0.010323558418495903,0.010323558418265379,0.010323558418038706,0.010323558417815805,0.010323558417596567,0.01032355841738088,0.010323558417168623,0.010323558416959666,0.010323558416753883,0.010323558416551139,0.010323558416351285,0.010323558416154207,0.010323558415959765,0.01032355841576783,0.010323558415578271,0.010323558415390968,0.010323558415205795,0.01032355841502265,0.01032355841484141,0.010323558414661982,0.010323558414484253,0.010323558414308135,0.010323558414133543,0.01032355841396039,0.010323558413788585,0.010323558413618067,0.010323558413448753,0.010323558413280582,0.0103235584131135,0.010323558412947442,0.01032355841278235,0.010323558412618174,0.010323558412454872,0.01032355841229239,0.0103235584121307,0.010323558411969753,0.010323558411809526,0.010323558411649976,0.010323558411491072,0.010323558411332784,0.010323558411175096,0.01032355841101797,0.010323558410861392,0.010323558410705341,0.010323558410549799,0.010323558410394736,0.010323558410240144,0.010323558410086009,0.010323558409932316,0.010323558409779044,0.010323558409626194,0.010323558409473743,0.010323558409321688,0.010323558409170009,0.010323558409018704,0.010323558408867771,0.010323558408717187,0.010323558408566953,0.010323558408417059,0.010323558408267508,0.010323558408118282,0.010323558407969382,0.0103235584078208,0.010323558407672538,0.010323558407524585,0.01032355840737694,0.010323558407229596,0.01032355840708255,0.010323558406935801,0.01032355840678934,0.01032355840664317,0.010323558406497289,0.010323558406351685,0.010323558406206374,0.010323558406061334,0.01032355840591657,0.01032355840577208,0.010323558405627868,0.010323558405483923,0.010323558405340253,0.010323558405196841,0.0103235584050537,0.010323558404910825,0.010323558404768212,0.010323558404625855,0.010323558404483762,0.010323558404341928,0.010323558404200352,0.01032355840405903,0.010323558403917965,0.010323558403777152,0.010323558403636595,0.010323558403496287,0.010323558403356229,0.010323558403216419,0.010323558403076867,0.010323558402937555,0.0103235584027985,0.01032355840265968,0.010323558402521108,0.010323558402382785,0.0103235584022447,0.01032355840210686,0.01032355840196926,0.010323558401831905,0.010323558401694789,0.010323558401557912,0.010323558401421271,0.010323558401284872,0.010323558401148713,0.010323558401012789,0.010323558400877099,0.010323558400741645,0.010323558400606421,0.01032355840047143,0.010323558400336687,0.01032355840020217,0.010323558400067882,0.010323558399933824,0.010323558399799995,0.010323558399666399,0.010323558399533032,0.010323558399399888,0.010323558399266979,0.010323558399134292,0.01032355839900183,0.010323558398869597,0.010323558398737592,0.01032355839860581,0.010323558398474248,0.010323558398342914,0.0103235583982118,0.010323558398080909,0.010323558397950237,0.010323558397819791,0.010323558397689565,0.010323558397559553,0.01032355839742976,0.010323558397300191,0.010323558397170838,0.010323558397041702,0.0103235583969128,0.010323558396784099,0.010323558396655613,0.010323558396527334,0.01032355839639927,0.010323558396271427,0.010323558396143795,0.010323558396016374,0.010323558395889165,0.010323558395762166,0.010323558395635375,0.010323558395508798,0.010323558395382426,0.01032355839525627,0.010323558395130317,0.010323558395004576,0.010323558394879034,0.010323558394753704,0.010323558394628575,0.010323558394503664,0.010323558394378951,0.010323558394254443,0.010323558394130135,0.010323558394006026,0.01032355839388213,0.010323558393758429,0.01032355839363493,0.010323558393511638,0.010323558393388546,0.010323558393265651,0.010323558393142952,0.010323558393020456,0.010323558392898157,0.01032355839277606,0.010323558392654154,0.010323558392532446,0.010323558392410935,0.010323558392289614,0.010323558392168492,0.010323558392047568,0.010323558391926835,0.010323558391806301,0.010323558391685948,0.010323558391565795,0.010323558391445832,0.010323558391326064,0.010323558391206484,0.010323558391087097,0.010323558390967895,0.010323558390848885,0.010323558390730065,0.01032355839061143,0.010323558390492983,0.010323558390374726,0.010323558390256657,0.010323558390138767,0.01032355839002107,0.01032355838990356,0.010323558389786231,0.010323558389669082,0.010323558389552122,0.010323558389435342,0.010323558389318747,0.01032355838920233,0.010323558389086102,0.010323558388970049,0.01032355838885418,0.010323558388738495,0.010323558388622983,0.01032355838850765,0.0103235583883925,0.010323558388277523,0.01032355838816273,0.010323558388048106,0.010323558387933668,0.010323558387819402,0.010323558387705312,0.0103235583875914,0.01032355838747766,0.010323558387364092,0.010323558387250702,0.01032355838713749,0.010323558387024446,0.01032355838691157,0.010323558386798874,0.010323558386686348,0.010323558386573985,0.010323558386461805,0.01032355838634979,0.01032355838623794,0.010323558386126268,0.010323558386014765,0.010323558385903427,0.010323558385792254,0.010323558385681254,0.010323558385570416,0.010323558385459747,0.01032355838534925,0.010323558385238915,0.010323558385128747,0.010323558385018729,0.01032355838490889,0.010323558384799215,0.010323558384689702,0.010323558384580354,0.010323558384471167,0.010323558384362145,0.010323558384253279,0.01032355838414458,0.01032355838403604,0.010323558383927662,0.01032355838381944,0.010323558383711386,0.010323558383603484,0.010323558383495744,0.010323558383388162,0.010323558383280735,0.01032355838317347,0.01032355838306636,0.010323558382959407,0.010323558382852614,0.010323558382745974,0.010323558382639488,0.010323558382533163,0.010323558382426991,0.010323558382320968,0.010323558382215102,0.010323558382109388,0.010323558382003826,0.010323558381898417,0.010323558381793165,0.010323558381688063,0.010323558381583114,0.010323558381478313,0.010323558381373662,0.01032355838126916,0.010323558381164817,0.010323558381060619,0.010323558380956565,0.01032355838085267,0.01032355838074892,0.010323558380645314,0.01032355838054186,0.010323558380438547,0.010323558380335385,0.010323558380232365,0.010323558380129496,0.010323558380026774,0.01032355837992419,0.010323558379821756,0.010323558379719468,0.010323558379617324,0.01032355837951532,0.010323558379413459,0.010323558379311747,0.01032355837921017,0.010323558379108737,0.01032355837900745,0.0103235583789063,0.010323558378805282,0.010323558378704425,0.010323558378603702,0.010323558378503118,0.010323558378402677,0.01032355837830237,0.010323558378202216,0.010323558378102192,0.010323558378002298,0.01032355837790255,0.010323558377802935,0.010323558377703459,0.010323558377604118,0.010323558377504916,0.010323558377405853,0.010323558377306922,0.01032355837720812,0.010323558377109457,0.010323558377010933,0.010323558376912538,0.01032355837681428,0.01032355837671615,0.01032355837661816,0.010323558376520301,0.010323558376422577,0.010323558376324985,0.010323558376227527,0.010323558376130198,0.010323558376033005,0.010323558375935939,0.010323558375839002,0.010323558375742196,0.01032355837564552,0.010323558375548972,0.010323558375452556,0.010323558375356269,0.010323558375260106,0.010323558375164077,0.010323558375068174,0.0103235583749724,0.010323558374876748,0.010323558374781225,0.01032355837468583,0.010323558374590562,0.010323558374495424,0.0103235583744004,0.010323558374305512,0.010323558374210742,0.010323558374116101,0.010323558374021586,0.01032355837392719,0.010323558373832923,0.010323558373738778,0.010323558373644754,0.010323558373550853,0.010323558373457073,0.01032355837336342,0.010323558373269889,0.010323558373176478,0.010323558373083188,0.010323558372990012,0.010323558372896967,0.010323558372804036,0.010323558372711223,0.010323558372618532,0.010323558372525963,0.010323558372433513,0.010323558372341177,0.010323558372248968,0.01032355837215687,0.010323558372064898,0.010323558371973034,0.010323558371881293,0.010323558371789663,0.010323558371698158,0.010323558371606764,0.010323558371515492,0.010323558371424327,0.010323558371333287,0.010323558371242358,0.010323558371151545,0.010323558371060849,0.01032355837097026,0.010323558370879789,0.010323558370789434,0.010323558370699194,0.010323558370609059,0.01032355837051904,0.010323558370429134,0.010323558370339344,0.01032355837024967,0.010323558370160102,0.01032355837007065,0.010323558369981299,0.010323558369892063,0.010323558369802942,0.010323558369713928,0.010323558369625027,0.010323558369536235,0.010323558369447549,0.010323558369358977,0.010323558369270512,0.010323558369182159,0.010323558369093917,0.010323558369005772,0.01032355836891774,0.010323558368829817,0.010323558368742006,0.010323558368654293,0.010323558368566691,0.010323558368479188,0.010323558368391805,0.010323558368304522,0.010323558368217346,0.010323558368130278,0.010323558368043316,0.010323558367956455,0.010323558367869695,0.010323558367783044,0.010323558367696498,0.010323558367610057,0.010323558367523715,0.010323558367437482,0.01032355836735135,0.010323558367265322,0.010323558367179398,0.010323558367093573,0.010323558367007851,0.010323558366922232,0.010323558366836716,0.010323558366751298,0.010323558366665986,0.010323558366580773,0.010323558366495662,0.010323558366410648,0.010323558366325739,0.010323558366240927,0.010323558366156222,0.010323558366071605,0.01032355836598709,0.010323558365902678,0.010323558365818362,0.010323558365734143,0.010323558365650028,0.01032355836556601,0.010323558365482084,0.01032355836539826,0.010323558365314537,0.010323558365230905,0.010323558365147378,0.010323558365063941,0.010323558364980603,0.01032355836489736,0.010323558364814208,0.010323558364731162,0.0103235583646482,0.010323558364565343,0.010323558364482573,0.010323558364399901,0.01032355836431733,0.01032355836423485,0.01032355836415246,0.010323558364070166,0.010323558363987967,0.01032355836390586,0.010323558363823851,0.010323558363741927,0.010323558363660107,0.010323558363578376,0.01032355836349673,0.010323558363415183,0.01032355836333372,0.01032355836325236,0.01032355836317108,0.010323558363089898,0.010323558363008804,0.0103235583629278,0.010323558362846888,0.010323558362766069,0.010323558362685338,0.010323558362604696,0.010323558362524146,0.010323558362443683,0.010323558362363308,0.010323558362283027,0.010323558362202837,0.01032355836212273,0.010323558362042712,0.010323558361962786,0.010323558361882947,0.010323558361803199,0.010323558361723531,0.01032355836164396,0.010323558361564468,0.01032355836148506,0.010323558361405747,0.010323558361326519,0.010323558361247372,0.010323558361168318,0.010323558361089348,0.01032355836101046,0.010323558360931661,0.010323558360852945,0.010323558360774324,0.010323558360695779,0.010323558360617317,0.010323558360538944,0.01032355836046066,0.010323558360382457,0.010323558360304333,0.010323558360226297,0.010323558360148338,0.010323558360070468,0.01032355835999268,0.010323558359914978,0.010323558359837361,0.01032355835975982,0.010323558359682364,0.010323558359604985,0.010323558359527696,0.010323558359450487,0.01032355835937336,0.01032355835929631,0.010323558359219342,0.01032355835914246,0.010323558359065661,0.010323558358988934,0.010323558358912292,0.010323558358835734,0.010323558358759248,0.010323558358682849,0.010323558358606526,0.010323558358530298,0.010323558358454131,0.01032355835837805,0.010323558358302048,0.010323558358226126,0.010323558358150279,0.010323558358074513,0.010323558357998827,0.010323558357923212,0.010323558357847684,0.010323558357772223,0.010323558357696851,0.01032355835762155,0.010323558357546326,0.010323558357471174,0.010323558357396111,0.010323558357321114,0.0103235583572462,0.010323558357171364,0.010323558357096595,0.010323558357021905,0.010323558356947298,0.01032355835687276,0.010323558356798303,0.010323558356723918,0.010323558356649607,0.010323558356575375,0.010323558356501214,0.01032355835642713,0.01032355835635312,0.010323558356279185,0.010323558356205326,0.010323558356131537,0.010323558356057826,0.010323558355984187,0.010323558355910617,0.010323558355837125,0.010323558355763703,0.010323558355690361,0.01032355835561708,0.010323558355543883,0.010323558355470754,0.0103235583553977,0.010323558355324714,0.010323558355251802,0.010323558355178961,0.010323558355106191,0.01032355835503349,0.010323558354960863,0.010323558354888311,0.010323558354815828,0.010323558354743415,0.010323558354671076,0.010323558354598805,0.0103235583545266,0.01032355835445447,0.010323558354382412,0.010323558354310418,0.010323558354238501,0.010323558354166656,0.010323558354094868,0.010323558354023156,0.010323558353951517,0.01032355835387994,0.010323558353808437,0.010323558353737003,0.010323558353665635,0.010323558353594338,0.010323558353523103,0.010323558353451941,0.010323558353380849,0.010323558353309824,0.010323558353238865,0.010323558353167978,0.01032355835309715,0.010323558353026393,0.010323558352955706,0.010323558352885084,0.010323558352814535,0.01032355835274404,0.010323558352673621,0.010323558352603266,0.010323558352532973,0.010323558352462748,0.010323558352392596,0.010323558352322501,0.010323558352252477,0.010323558352182518,0.010323558352112622,0.010323558352042793,0.010323558351973024,0.010323558351903326,0.010323558351833689,0.010323558351764125,0.010323558351694616,0.010323558351625173,0.010323558351555798,0.010323558351486484,0.010323558351417239,0.010323558351348055,0.010323558351278937,0.010323558351209874,0.010323558351140884,0.010323558351071948,0.010323558351003076,0.010323558350934276,0.010323558350865538,0.01032355835079686,0.010323558350728249,0.010323558350659692,0.0103235583505912,0.010323558350522776,0.010323558350454409,0.010323558350386104,0.010323558350317865,0.01032355835024968,0.010323558350181566,0.010323558350113504,0.010323558350045507,0.010323558349977575,0.0103235583499097,0.010323558349841885,0.010323558349774133,0.010323558349706444,0.010323558349638813,0.010323558349571244,0.010323558349503735,0.010323558349436282,0.010323558349368893,0.010323558349301558,0.010323558349234289,0.010323558349167079,0.010323558349099926,0.01032355834903283,0.0103235583489658,0.01032355834889883,0.010323558348831917,0.010323558348765064,0.01032355834869827,0.010323558348631528,0.010323558348564852,0.010323558348498225,0.01032355834843166,0.010323558348365156,0.010323558348298715,0.010323558348232328,0.010323558348165993,0.010323558348099717,0.010323558348033508,0.010323558347967344,0.010323558347901243,0.010323558347835205,0.010323558347769213,0.010323558347703283,0.010323558347637408,0.010323558347571595,0.010323558347505835,0.010323558347440129,0.010323558347374485,0.0103235583473089,0.010323558347243363,0.010323558347177887,0.010323558347112464,0.0103235583470471,0.010323558346981787,0.010323558346916535,0.010323558346851336,0.01032355834678619,0.010323558346721103,0.010323558346656068,0.010323558346591091,0.010323558346526167,0.010323558346461302,0.010323558346396486,0.010323558346331724,0.010323558346267017,0.010323558346202369,0.010323558346137775,0.010323558346073238,0.01032355834600874,0.010323558345944294,0.010323558345879915,0.010323558345815591,0.01032355834575132,0.010323558345687106,0.010323558345622942,0.010323558345558825,0.010323558345494767,0.010323558345430757,0.010323558345366806,0.010323558345302906,0.01032355834523906,0.010323558345175267,0.010323558345111526,0.010323558345047832,0.0103235583449842,0.010323558344920616,0.010323558344857086,0.010323558344793603,0.010323558344730177,0.010323558344666799,0.010323558344603476,0.010323558344540207,0.010323558344476982,0.010323558344413812,0.010323558344350696,0.010323558344287623,0.010323558344224604,0.01032355834416164,0.010323558344098724,0.010323558344035859,0.010323558343973046,0.010323558343910284,0.01032355834384757,0.010323558343784916,0.0103235583437223,0.01032355834365974,0.01032355834359723,0.010323558343534768,0.010323558343472355,0.010323558343409995,0.01032355834334768,0.010323558343285421,0.010323558343223209,0.01032355834316105,0.010323558343098933,0.010323558343036873,0.010323558342974853,0.010323558342912887,0.010323558342850972,0.01032355834278911,0.010323558342727288,0.010323558342665518,0.010323558342603794,0.01032355834254212,0.010323558342480497,0.01032355834241892,0.010323558342357392,0.010323558342295914,0.010323558342234484,0.010323558342173102,0.010323558342111763,0.010323558342050471,0.010323558341989234,0.010323558341928038,0.010323558341866898,0.010323558341805802,0.01032355834174475,0.01032355834168375,0.010323558341622793,0.010323558341561886,0.010323558341501029,0.010323558341440211,0.010323558341379442,0.010323558341318718,0.010323558341258048,0.010323558341197418,0.010323558341136834,0.010323558341076303,0.010323558341015808,0.010323558340955372,0.010323558340894972,0.010323558340834623,0.010323558340774324,0.010323558340714063,0.010323558340653847,0.010323558340593682,0.010323558340533558,0.010323558340473483,0.01032355834041345,0.01032355834035346,0.010323558340293517,0.010323558340233626,0.01032355834017378,0.010323558340113986,0.010323558340054226,0.01032355833999451,0.010323558339934844,0.010323558339875213,0.010323558339815634,0.0103235583397561,0.010323558339696606,0.010323558339637159,0.010323558339577753,0.010323558339518393,0.010323558339459086,0.010323558339399809,0.01032355833934057,0.010323558339281391,0.010323558339222254,0.010323558339163161,0.010323558339104102,0.01032355833904509,0.010323558338986126,0.0103235583389272,0.010323558338868326,0.010323558338809487,0.010323558338750698,0.01032355833869195,0.010323558338633246,0.010323558338574582,0.010323558338515957,0.010323558338457382,0.010323558338398847,0.010323558338340352,0.010323558338281908,0.0103235583382235,0.01032355833816514,0.010323558338106813,0.01032355833804854,0.0103235583379903,0.010323558337932099,0.010323558337873977,0.010323558337815852,0.010323558337757784,0.010323558337699755,0.01032355833764177,0.010323558337583827,0.010323558337525919,0.010323558337468062,0.010323558337410247,0.010323558337352465,0.010323558337294729,0.010323558337237033,0.010323558337179378,0.010323558337121763,0.010323558337064189,0.010323558337006655,0.010323558336949167,0.01032355833689172,0.010323558336834312,0.010323558336776938,0.01032355833671961,0.010323558336662321,0.010323558336605077,0.010323558336547868,0.010323558336490703,0.010323558336433579,0.01032355833637649,0.010323558336319446,0.010323558336262445,0.010323558336205478,0.010323558336148553,0.010323558336091668,0.010323558336034825,0.010323558335978016,0.010323558335921251,0.01032355833586452,0.010323558335807835,0.01032355833575119,0.010323558335694578,0.01032355833563801,0.01032355833558147,0.010323558335524981,0.010323558335468531,0.010323558335412118,0.010323558335355747,0.010323558335299413,0.010323558335243116,0.010323558335186863,0.010323558335130644,0.01032355833507446,0.010323558335018324,0.010323558334962221,0.010323558334906158,0.010323558334850127,0.01032355833479414,0.010323558334738187,0.010323558334682275,0.010323558334626408,0.010323558334570573,0.010323558334514772,0.010323558334459016,0.010323558334403293,0.01032355833434761,0.010323558334291966,0.010323558334236356,0.010323558334180786,0.010323558334125245,0.01032355833406975,0.010323558334014295,0.010323558333958873,0.010323558333903488,0.010323558333848145,0.010323558333792834,0.010323558333737558,0.010323558333682327,0.010323558333627126,0.010323558333571967,0.010323558333516846,0.010323558333461753,0.010323558333406703,0.010323558333351694,0.010323558333296715,0.01032355833324178,0.010323558333186867,0.010323558333132001,0.010323558333077163,0.010323558333022367,0.010323558332967612,0.010323558332912888,0.010323558332858201,0.010323558332803549,0.010323558332748938,0.010323558332694353,0.01032355833263981,0.010323558332585307,0.010323558332530836,0.0103235583324764,0.010323558332422001,0.010323558332367644,0.01032355833231331,0.010323558332259022,0.010323558332204764,0.010323558332150545,0.01032355833209636,0.010323558332042205,0.010323558331988095,0.010323558331934013,0.010323558331879966,0.010323558331825954,0.010323558331771985,0.010323558331718044,0.010323558331664139,0.010323558331610265,0.010323558331556432,0.010323558331502634,0.010323558331448865,0.010323558331395137,0.010323558331341444,0.010323558331287779,0.010323558331234153,0.010323558331180562,0.010323558331127,0.010323558331073474,0.010323558331019991,0.010323558330966534,0.010323558330913113,0.01032355833085973,0.010323558330806375,0.01032355833075306,0.010323558330699768,0.01032355833064652,0.010323558330593305,0.010323558330540116,0.010323558330486971,0.010323558330433854,0.010323558330380773,0.010323558330327724,0.010323558330274709,0.010323558330221727,0.010323558330168776,0.010323558330115867,0.010323558330062987,0.010323558330010137,0.010323558329957322,0.010323558329904536,0.01032355832985179,0.010323558329799074,0.01032355832974639,0.010323558329693743,0.010323558329641125,0.010323558329588544,0.010323558329535989,0.010323558329483475,0.010323558329430988,0.010323558329378537,0.01032355832932612,0.01032355832927373,0.010323558329221381,0.010323558329169065,0.010323558329116776,0.010323558329064519,0.010323558329012298,0.010323558328960104,0.010323558328907944,0.010323558328855812,0.010323558328803724,0.010323558328751656,0.010323558328699627,0.010323558328647627,0.01032355832859566,0.010323558328543727,0.010323558328491819,0.010323558328439952,0.010323558328388112,0.0103235583283363,0.010323558328284525,0.010323558328232778,0.01032355832818107,0.010323558328129383,0.010323558328077737,0.010323558328026118,0.01032355832797453,0.010323558327922975,0.010323558327871452,0.010323558327819962,0.010323558327768496,0.010323558327717072,0.010323558327665676,0.010323558327614302,0.01032355832756297,0.010323558327511664,0.010323558327460385,0.01032355832740914,0.010323558327357926,0.010323558327306746,0.010323558327255598,0.010323558327204475,0.010323558327153386,0.010323558327102331,0.0103235583270513,0.0103235583270003,0.01032355832694933,0.010323558326898399,0.010323558326847497,0.01032355832679662,0.010323558326745776,0.010323558326694958,0.010323558326644174,0.01032355832659342,0.010323558326542701,0.010323558326492004,0.010323558326441341,0.010323558326390711,0.010323558326340104,0.010323558326289528,0.010323558326238984,0.010323558326188469,0.010323558326137985,0.010323558326087534,0.01032355832603711,0.01032355832598672,0.010323558325936353,0.010323558325886018,0.010323558325835707,0.010323558325785432,0.010323558325735185,0.01032355832568497,0.010323558325634783,0.010323558325584627,0.010323558325534493,0.010323558325484398,0.010323558325434338,0.010323558325384294,0.010323558325334282,0.010323558325284301,0.010323558325234348,0.010323558325184423,0.010323558325134529,0.010323558325084662,0.010323558325034824,0.01032355832498502,0.010323558324935244,0.010323558324885495,0.010323558324835773,0.010323558324786083,0.010323558324736415,0.010323558324686784,0.01032355832463718,0.010323558324587603,0.010323558324538056,0.010323558324488535,0.010323558324439043,0.01032355832438958,0.010323558324340145,0.010323558324290742,0.010323558324241375,0.01032355832419202,0.0103235583241427,0.010323558324093412,0.010323558324044147,0.010323558323994907,0.010323558323945704,0.010323558323896524,0.010323558323847373,0.010323558323798254,0.010323558323749153,0.010323558323700088,0.010323558323651047,0.010323558323602038,0.01032355832355305,0.010323558323504097,0.010323558323455167,0.010323558323406264,0.010323558323357393,0.010323558323308552,0.010323558323259732,0.010323558323210942,0.010323558323162185,0.010323558323113456,0.010323558323064745,0.01032355832301606,0.010323558322967412,0.010323558322918787,0.010323558322870196,0.010323558322821622,0.010323558322773081,0.010323558322724564,0.010323558322676075,0.010323558322627617,0.010323558322579184,0.010323558322530775,0.0103235583224824,0.01032355832243405,0.010323558322385726,0.010323558322337428,0.010323558322289157,0.010323558322240915,0.010323558322192701,0.010323558322144507,0.010323558322096343,0.01032355832204822,0.010323558322000112,0.010323558321952031,0.010323558321903976,0.010323558321855945,0.010323558321807947,0.01032355832175997,0.010323558321712018,0.010323558321664098,0.010323558321616202,0.010323558321568331,0.010323558321520493,0.010323558321472673,0.010323558321424883,0.010323558321377118,0.010323558321329382,0.010323558321281671,0.010323558321233984,0.01032355832118633,0.010323558321138699,0.010323558321091088,0.010323558321043504,0.01032355832099595,0.010323558320948428,0.010323558320900922,0.010323558320853443,0.010323558320805993,0.010323558320758576,0.010323558320711173,0.010323558320663801,0.010323558320616459,0.010323558320569134,0.01032355832052184,0.010323558320474569,0.010323558320427327,0.010323558320380111,0.010323558320332922,0.010323558320285755,0.01032355832023861,0.010323558320191498,0.010323558320144411,0.010323558320097345,0.010323558320050306,0.010323558320003296,0.010323558319956308,0.010323558319909349,0.01032355831986241,0.010323558319815504,0.01032355831976862,0.010323558319721756,0.010323558319674922,0.010323558319628112,0.010323558319581325,0.010323558319534574,0.010323558319487842,0.010323558319441133,0.010323558319394447,0.010323558319347786,0.010323558319301153,0.010323558319254541,0.010323558319207954,0.010323558319161394,0.010323558319114861,0.010323558319068353,0.010323558319021868,0.010323558318975414,0.010323558318928974,0.010323558318882566,0.010323558318836175,0.010323558318789812,0.010323558318743476,0.010323558318697164,0.010323558318650882,0.010323558318604617,0.01032355831855838,0.010323558318512175,0.010323558318465985,0.010323558318419822,0.010323558318373685,0.010323558318327573,0.010323558318281481,0.010323558318235415,0.01032355831818937,0.010323558318143352,0.01032355831809736,0.01032355831805139,0.010323558318005452,0.010323558317959529,0.010323558317913635,0.010323558317867763,0.010323558317821915,0.010323558317776094,0.01032355831773029,0.010323558317684514,0.010323558317638766,0.010323558317593034,0.010323558317547332,0.010323558317501652,0.010323558317455996,0.010323558317410365,0.010323558317364756,0.010323558317319168,0.010323558317273607,0.010323558317228075,0.010323558317182562,0.01032355831713707,0.010323558317091606,0.010323558317046162,0.010323558317000747,0.01032355831695535,0.01032355831690998,0.010323558316864634,0.010323558316819309,0.010323558316774013,0.010323558316728732,0.01032355831668348,0.010323558316638249,0.010323558316593043,0.010323558316547868,0.010323558316502697,0.010323558316457562,0.010323558316412454,0.010323558316367361,0.010323558316322298,0.010323558316277256,0.010323558316232231,0.010323558316187234,0.010323558316142232,0.010323558316097286,0.010323558316052356,0.010323558316007453,0.010323558315962576,0.01032355831591772,0.010323558315872885,0.010323558315828072,0.010323558315783287,0.010323558315738517,0.010323558315693775,0.01032355831564906,0.010323558315604366,0.010323558315559695,0.010323558315515045,0.010323558315470419,0.01032355831542581,0.010323558315381226,0.010323558315336667,0.010323558315292134,0.010323558315247627,0.010323558315203128,0.01032355831515866,0.010323558315114216,0.010323558315069786,0.010323558315025386,0.010323558314981012,0.010323558314936648,0.010323558314892322,0.010323558314848009,0.010323558314803718,0.010323558314759453,0.010323558314715209,0.010323558314670987,0.010323558314626786,0.010323558314582613,0.010323558314538458,0.010323558314494325,0.01032355831445022,0.010323558314406131,0.010323558314362066,0.010323558314318025,0.010323558314274004,0.010323558314230005,0.010323558314186033,0.010323558314142075,0.010323558314098147,0.010323558314054243,0.010323558314010352,0.010323558313966492,0.010323558313922643,0.010323558313878822,0.010323558313835026,0.010323558313791248,0.010323558313747493,0.01032355831370376,0.010323558313660053,0.01032355831361636,0.010323558313572687,0.010323558313529045,0.010323558313485418,0.01032355831344182,0.010323558313398234,0.010323558313354676,0.010323558313311144,0.01032355831326763,0.01032355831322413,0.010323558313180662,0.010323558313137214,0.010323558313093784,0.01032355831305038,0.010323558313006994,0.010323558312963634,0.010323558312920296,0.010323558312876973,0.01032355831283367,0.0103235583127904,0.01032355831274715,0.01032355831270391,0.010323558312660698,0.010323558312617503,0.010323558312574328,0.010323558312531185,0.010323558312488055,0.010323558312444952,0.010323558312401867,0.010323558312358802,0.01032355831231576,0.01032355831227274,0.010323558312229739,0.01032355831218676,0.010323558312143802,0.01032355831210087,0.010323558312057954,0.010323558312015061,0.010323558311972186,0.010323558311929337,0.010323558311886505,0.010323558311843695,0.010323558311800901,0.01032355831175814,0.01032355831171539,0.010323558311672667,0.010323558311629963,0.010323558311587277,0.010323558311544617,0.010323558311501968,0.010323558311459353,0.010323558311416757,0.010323558311374176,0.010323558311331617,0.010323558311289078,0.010323558311246565,0.010323558311204066,0.01032355831116159,0.010323558311119137,0.010323558311076706,0.010323558311034294,0.010323558310991904,0.010323558310949528,0.010323558310907175,0.010323558310864846,0.01032355831082254,0.010323558310780249,0.010323558310737984,0.010323558310695735,0.01032355831065351,0.0103235583106113,0.010323558310569114,0.01032355831052695,0.010323558310484805,0.01032355831044268,0.010323558310400579,0.010323558310358494,0.010323558310316429,0.010323558310274386,0.01032355831023236,0.01032355831019036,0.010323558310148381,0.010323558310106415,0.010323558310064476,0.010323558310022553,0.010323558309980654,0.010323558309938767,0.010323558309896912,0.01032355830985507,0.010323558309813251,0.010323558309771448,0.010323558309729667,0.010323558309687906,0.010323558309646168,0.010323558309604446,0.010323558309562745,0.01032355830952106,0.010323558309479399,0.010323558309437757,0.01032355830939614,0.010323558309354537,0.010323558309312959,0.010323558309271398,0.010323558309229855,0.01032355830918834,0.010323558309146835,0.010323558309105358,0.010323558309063896,0.010323558309022452,0.010323558308981034,0.010323558308939629,0.010323558308898253,0.010323558308856888,0.01032355830881555,0.010323558308774234,0.010323558308732926,0.010323558308691642,0.010323558308650381,0.010323558308609137,0.010323558308567914,0.010323558308526713,0.010323558308485524,0.010323558308444362,0.010323558308403214,0.010323558308362091,0.010323558308320983,0.0103235583082799,0.010323558308238829,0.010323558308197785,0.010323558308156754,0.010323558308115743,0.010323558308074757,0.010323558308033784,0.010323558307992834,0.010323558307951904,0.010323558307910995,0.010323558307870101,0.010323558307829227,0.010323558307788371,0.01032355830774754,0.010323558307706721,0.010323558307665933,0.010323558307625151,0.010323558307584397,0.01032355830754366,0.010323558307502945,0.010323558307462243,0.010323558307421559,0.010323558307380902,0.010323558307340261,0.010323558307299637,0.010323558307259032,0.01032355830721845,0.010323558307177889,0.010323558307137338,0.010323558307096812,0.010323558307056304,0.01032355830701581,0.010323558306975344,0.010323558306934892,0.010323558306894463,0.010323558306854051,0.010323558306813654,0.010323558306773277,0.010323558306732924,0.010323558306692586,0.010323558306652266,0.010323558306611972,0.010323558306571688,0.01032355830653143,0.010323558306491185,0.010323558306450962,0.010323558306410763,0.010323558306370573,0.01032355830633041,0.010323558306290259,0.010323558306250126,0.010323558306210021,0.010323558306169925,0.010323558306129847,0.010323558306089798,0.010323558306049757,0.01032355830600974,0.010323558305969741,0.010323558305929764,0.0103235583058898,0.010323558305849858,0.010323558305809928,0.010323558305770024,0.010323558305730132,0.010323558305690265,0.010323558305650415,0.01032355830561058,0.010323558305570767,0.010323558305530977,0.010323558305491198,0.010323558305451442,0.010323558305411701,0.010323558305371983,0.01032355830533228,0.0103235583052926,0.010323558305252934,0.010323558305213285,0.010323558305173655,0.010323558305134048,0.010323558305094455,0.010323558305054879,0.01032355830501532,0.010323558304975784,0.010323558304936269,0.010323558304896766,0.010323558304857287,0.010323558304817819,0.01032355830477837,0.010323558304738944,0.010323558304699531,0.01032355830466014,0.010323558304620773,0.01032355830458142,0.010323558304542079,0.01032355830450276,0.010323558304463461,0.010323558304424182,0.010323558304384918,0.010323558304345667,0.01032355830430645,0.010323558304267236,0.010323558304228042,0.010323558304188872,0.010323558304149716,0.010323558304110577,0.010323558304071459,0.010323558304032353,0.01032355830399327,0.010323558303954207,0.010323558303915157,0.010323558303876126,0.010323558303837115,0.010323558303798124,0.01032355830375915,0.010323558303720191,0.010323558303681245,0.010323558303642327,0.010323558303603417,0.010323558303564533,0.010323558303525663,0.010323558303486814,0.010323558303447979,0.01032355830340916,0.010323558303370358,0.01032355830333158,0.01032355830329282,0.010323558303254071,0.01032355830321535,0.010323558303176635,0.010323558303137944,0.010323558303099271,0.010323558303060613,0.010323558303021972,0.010323558302983347,0.010323558302944746,0.01032355830290616,0.010323558302867592,0.01032355830282904,0.010323558302790505,0.010323558302751988,0.010323558302713493,0.010323558302675007,0.01032355830263655,0.0103235583025981,0.01032355830255967,0.01032355830252126,0.010323558302482863,0.010323558302444491,0.010323558302406131,0.010323558302367794,0.010323558302329465,0.010323558302291163,0.010323558302252869,0.0103235583022146,0.01032355830217634,0.010323558302138106,0.010323558302099887,0.010323558302061688,0.010323558302023502,0.010323558301985333,0.010323558301947186,0.010323558301909052,0.010323558301870931,0.010323558301832835,0.010323558301794752,0.01032355830175669,0.010323558301718641,0.010323558301680613,0.0103235583016426,0.010323558301604606,0.010323558301566624,0.01032355830152867,0.010323558301490725,0.0103235583014528,0.010323558301414891,0.010323558301376996,0.010323558301339124,0.010323558301301267,0.010323558301263424,0.0103235583012256,0.010323558301187797,0.010323558301150003,0.010323558301112227,0.010323558301074473,0.010323558301036732,0.010323558300999009,0.010323558300961298,0.010323558300923614,0.010323558300885943,0.010323558300848289,0.01032355830081065,0.010323558300773035,0.010323558300735431,0.010323558300697842,0.010323558300660274,0.010323558300622716,0.010323558300585184,0.010323558300547661,0.010323558300510162,0.01032355830047267,0.010323558300435206,0.010323558300397752,0.010323558300360317,0.0103235583003229,0.010323558300285494,0.010323558300248111,0.01032355830021074,0.01032355830017339,0.010323558300136053,0.010323558300098732,0.010323558300061434,0.010323558300024151,0.010323558299986888,0.010323558299949636,0.0103235582999124,0.01032355829987518,0.010323558299837986,0.010323558299800799,0.010323558299763624,0.010323558299726475,0.010323558299689343,0.010323558299652221,0.010323558299615123,0.010323558299578038,0.010323558299540965,0.010323558299503913,0.01032355829946688,0.010323558299429856,0.010323558299392853,0.010323558299355872,0.010323558299318896,0.010323558299281941,0.010323558299245009,0.010323558299208087,0.010323558299171186,0.010323558299134294,0.010323558299097422,0.010323558299060573,0.010323558299023736,0.010323558298986912,0.010323558298950106,0.010323558298913314,0.010323558298876545,0.010323558298839788,0.010323558298803054,0.01032355829876633,0.010323558298729617,0.01032355829869293,0.010323558298656256,0.0103235582986196,0.010323558298582957,0.010323558298546328,0.010323558298509719,0.01032355829847313,0.010323558298436553,0.010323558298399996,0.010323558298363452,0.010323558298326924,0.01032355829829041,0.010323558298253911,0.010323558298217428,0.01032355829818096,0.010323558298144518,0.010323558298108083,0.010323558298071672,0.010323558298035275,0.010323558297998895,0.01032355829796253,0.010323558297926179,0.01032355829788984,0.010323558297853527,0.01032355829781722,0.010323558297780937,0.010323558297744668,0.010323558297708415,0.01032355829767218,0.010323558297635958,0.010323558297599747,0.01032355829756356,0.010323558297527385,0.010323558297491224,0.010323558297455083,0.010323558297418954,0.010323558297382846,0.010323558297346753,0.010323558297310674,0.010323558297274616,0.010323558297238567,0.01032355829720254,0.010323558297166528,0.010323558297130522,0.010323558297094538,0.010323558297058569,0.010323558297022618,0.010323558296986682,0.010323558296950764,0.010323558296914863,0.010323558296878968,0.010323558296843095,0.010323558296807233,0.010323558296771397,0.010323558296735572,0.010323558296699764,0.010323558296663964,0.010323558296628186,0.010323558296592424,0.010323558296556679,0.010323558296520943,0.01032355829648523,0.01032355829644953,0.010323558296413845,0.010323558296378176,0.010323558296342523,0.010323558296306887,0.010323558296271263,0.010323558296235658,0.010323558296200063,0.010323558296164492,0.010323558296128932,0.010323558296093391,0.010323558296057866,0.010323558296022349,0.010323558295986857,0.010323558295951373,0.010323558295915908,0.010323558295880456,0.010323558295845026,0.010323558295809604,0.010323558295774204,0.010323558295738814,0.010323558295703443,0.010323558295668087,0.01032355829563274,0.010323558295597416,0.01032355829556211,0.010323558295526806,0.01032355829549153,0.010323558295456267,0.010323558295421021,0.010323558295385784,0.010323558295350569,0.01032355829531536,0.010323558295280177,0.010323558295245004,0.010323558295209848,0.010323558295174704,0.010323558295139578,0.010323558295104467,0.01032355829506937,0.010323558295034271,0.010323558294999204,0.010323558294964156,0.010323558294929123,0.0103235582948941,0.010323558294859097,0.010323558294824111,0.010323558294789138,0.010323558294754178,0.010323558294719237,0.010323558294684308,0.010323558294649399,0.010323558294614496,0.010323558294579618,0.010323558294544751,0.010323558294509894,0.010323558294475054,0.010323558294440238,0.010323558294405432,0.010323558294370644,0.010323558294335868,0.010323558294301104,0.010323558294266358,0.01032355829423163,0.010323558294196912,0.010323558294162215,0.010323558294127526,0.010323558294092856,0.0103235582940582,0.01032355829402356,0.010323558293988937,0.010323558293954323,0.01032355829391973,0.010323558293885152,0.010323558293850585,0.010323558293816038,0.010323558293781504,0.010323558293746982,0.01032355829371248,0.01032355829367799,0.010323558293643514,0.010323558293609054,0.010323558293574606,0.010323558293540177,0.010323558293505765,0.01032355829347136,0.010323558293436974,0.010323558293402608,0.010323558293368248,0.010323558293333916,0.010323558293299603,0.01032355829326528,0.01032355829323099,0.010323558293196693,0.01032355829316242,0.010323558293128176,0.010323558293093933,0.0103235582930597,0.010323558293025503,0.010323558292991296,0.01032355829295709,0.010323558292922917,0.010323558292888765,0.010323558292854643,0.010323558292820504,0.010323558292786394,0.010323558292752312,0.010323558292718249,0.010323558292684188,0.010323558292650128,0.010323558292616096,0.010323558292582073,0.010323558292548085,0.010323558292514102,0.010323558292480139,0.010323558292446175,0.010323558292412225,0.01032355829237829,0.010323558292344388,0.010323558292310494,0.01032355829227661,0.010323558292242742,0.010323558292208886,0.010323558292175046,0.010323558292141221,0.01032355829210741,0.01032355829207361,0.010323558292039825,0.010323558292006058,0.010323558291972302,0.010323558291938564,0.010323558291904839,0.010323558291871126,0.010323558291837434,0.010323558291803753,0.010323558291770086,0.010323558291736437,0.010323558291702804,0.01032355829166918,0.010323558291635568,0.010323558291601977,0.0103235582915684,0.010323558291534836,0.010323558291501283,0.010323558291467742,0.010323558291434224,0.010323558291400718,0.010323558291367222,0.010323558291333745,0.010323558291300279,0.010323558291266832,0.010323558291233395,0.010323558291199976,0.010323558291166565,0.01032355829113317,0.010323558291099792,0.010323558291066435,0.010323558291033081,0.010323558290999749,0.010323558290966433,0.010323558290933121,0.010323558290899829,0.010323558290866553,0.01032355829083329,0.010323558290800042,0.010323558290766805,0.010323558290733587,0.010323558290700386,0.010323558290667192,0.010323558290634013,0.01032355829060084,0.01032355829056769,0.010323558290534541,0.010323558290501432,0.01032355829046831,0.010323558290435212,0.010323558290402126,0.01032355829036907,0.010323558290336012,0.010323558290302976,0.010323558290269957,0.010323558290236956,0.01032355829020395,0.01032355829017097,0.010323558290138,0.010323558290105055,0.010323558290072121,0.010323558290039185,0.010323558290006276,0.010323558289973379,0.010323558289940513,0.010323558289907638,0.01032355828987479,0.010323558289841953,0.01032355828980913,0.010323558289776321,0.01032355828974352,0.01032355828971074,0.010323558289677967,0.010323558289645216,0.01032355828961247,0.010323558289579747,0.010323558289547036,0.010323558289514334,0.01032355828948165,0.010323558289448977,0.01032355828941632,0.010323558289383677,0.010323558289351047,0.010323558289318429,0.01032355828928583,0.01032355828925324,0.010323558289220668,0.01032355828918811,0.010323558289155568,0.010323558289123036,0.010323558289090519,0.010323558289058012,0.010323558289025522,0.010323558288993048,0.010323558288960585,0.010323558288928138,0.010323558288895706,0.01032355828886328,0.01032355828883087,0.010323558288798478,0.010323558288766098,0.010323558288733733,0.01032355828870138,0.010323558288669042,0.010323558288636715,0.010323558288604406,0.010323558288572105,0.010323558288539826,0.01032355828850756,0.010323558288475306,0.010323558288443065,0.010323558288410837,0.010323558288378618,0.010323558288346418,0.010323558288314228,0.010323558288282056,0.010323558288249893,0.010323558288217748,0.010323558288185613,0.010323558288153494,0.010323558288121386,0.010323558288089297,0.01032355828805722,0.01032355828802515,0.010323558287993103,0.010323558287961065,0.010323558287929042,0.010323558287897033,0.010323558287865036,0.01032355828783305,0.010323558287801082,0.010323558287769123,0.010323558287737185,0.010323558287705255,0.01032355828767334,0.01032355828764144,0.010323558287609547,0.010323558287577674,0.010323558287545812,0.010323558287513962,0.010323558287482128,0.010323558287450312,0.010323558287418502,0.01032355828738671,0.010323558287354928,0.01032355828732316,0.010323558287291411,0.01032355828725967,0.01032355828722794,0.010323558287196229,0.010323558287164528,0.010323558287132845,0.010323558287101168,0.010323558287069512,0.010323558287037862,0.010323558287006228,0.01032355828697461,0.010323558286943004,0.010323558286911411,0.010323558286879836,0.010323558286848267,0.010323558286816715,0.010323558286785177,0.01032355828675365,0.010323558286722139,0.01032355828669064,0.010323558286659151,0.010323558286627683,0.010323558286596226,0.010323558286564784,0.01032355828653335,0.01032355828650193,0.01032355828647053,0.010323558286439135,0.01032355828640776,0.01032355828637639,0.01032355828634504,0.010323558286313702,0.010323558286282375,0.010323558286251061,0.010323558286219758,0.010323558286188474,0.010323558286157199,0.010323558286125939,0.010323558286094691,0.010323558286063461,0.010323558286032236,0.010323558286001034,0.010323558285969836,0.010323558285938655,0.010323558285907492,0.010323558285876337,0.010323558285845195,0.010323558285814067,0.01032355828578295,0.01032355828575185,0.010323558285720761,0.01032355828568968,0.010323558285658622,0.010323558285627572,0.01032355828559654,0.010323558285565512,0.0103235582855345,0.010323558285503506,0.010323558285472524,0.010323558285441558,0.010323558285410596,0.01032355828537965,0.01032355828534872,0.010323558285317802,0.010323558285286891,0.010323558285256006,0.010323558285225127,0.010323558285194264,0.010323558285163414,0.01032355828513257,0.010323558285101739,0.010323558285070925,0.010323558285040125,0.010323558285009334,0.010323558284978558,0.010323558284947791,0.010323558284917045,0.010323558284886306,0.01032355828485558,0.010323558284824869,0.01032355828479417,0.010323558284763484,0.010323558284732812,0.010323558284702154,0.010323558284671507,0.010323558284640872,0.010323558284610252,0.010323558284579643,0.010323558284549051,0.010323558284518475,0.010323558284487899,0.010323558284457345,0.010323558284426802,0.01032355828439627,0.010323558284365757,0.010323558284335253,0.01032355828430476,0.010323558284274283,0.010323558284243821,0.010323558284213363,0.01032355828418292,0.01032355828415249,0.010323558284122077,0.010323558284091669,0.010323558284061278,0.010323558284030901,0.01032355828400054,0.010323558283970184,0.010323558283939849,0.010323558283909521,0.010323558283879203,0.010323558283848906,0.01032355828381862,0.010323558283788349,0.010323558283758087,0.010323558283727835,0.010323558283697602,0.010323558283667378,0.01032355828363716,0.01032355828360696,0.010323558283576773,0.010323558283546603,0.010323558283516438,0.010323558283486292,0.010323558283456154,0.01032355828342603,0.010323558283395921,0.010323558283365826,0.01032355828333574,0.01032355828330567,0.010323558283275604,0.010323558283245559,0.010323558283215527,0.010323558283185501,0.010323558283155496,0.010323558283125497,0.010323558283095512,0.010323558283065535,0.010323558283035578,0.01032355828300563,0.010323558282975698,0.010323558282945776,0.010323558282915864,0.01032355828288597,0.010323558282856086,0.010323558282826212,0.010323558282796354,0.010323558282766506,0.010323558282736671,0.010323558282706853,0.010323558282677045,0.010323558282647244,0.010323558282617464,0.010323558282587686,0.01032355828255793,0.010323558282528183,0.010323558282498453,0.01032355828246873,0.01032355828243902,0.010323558282409322,0.010323558282379634,0.01032355828234997,0.010323558282320316,0.010323558282290674,0.010323558282261034,0.010323558282231426,0.010323558282201824,0.010323558282172227,0.010323558282142646,0.010323558282113083,0.01032355828208351,0.01032355828205396,0.010323558282024435,0.010323558281994917,0.010323558281965415,0.010323558281935912,0.010323558281906422,0.010323558281876942,0.010323558281847486,0.010323558281818034,0.010323558281788596,0.01032355828175917,0.01032355828172975,0.010323558281700349,0.010323558281670954,0.010323558281641585,0.010323558281612225,0.01032355828158288,0.010323558281553544,0.010323558281524208,0.010323558281494893,0.010323558281465585,0.010323558281436296,0.010323558281407009,0.010323558281377748,0.010323558281348481,0.010323558281319247,0.010323558281290012,0.010323558281260805,0.010323558281231597,0.010323558281202403,0.01032355828117321,0.010323558281144037,0.010323558281114873,0.010323558281085717,0.010323558281056583,0.010323558281027458,0.010323558280998357,0.010323558280969267,0.01032355828094018,0.010323558280911114,0.010323558280882054,0.01032355828085301,0.010323558280823977,0.010323558280794948,0.010323558280765942,0.010323558280736942,0.01032355828070796,0.010323558280678987,0.010323558280650031,0.010323558280621085,0.010323558280592147,0.010323558280563217,0.01032355828053431,0.010323558280505405,0.010323558280476514,0.010323558280447639,0.010323558280418768,0.010323558280389916,0.010323558280361076,0.010323558280332249,0.010323558280303423,0.01032355828027462,0.01032355828024582,0.01032355828021704,0.01032355828018827,0.010323558280159515,0.010323558280130773,0.010323558280102039,0.010323558280073315,0.010323558280044609,0.01032355828001591,0.010323558279987223,0.01032355827995855,0.010323558279929887,0.010323558279901236,0.010323558279872599,0.010323558279843973,0.010323558279815353,0.010323558279786753,0.010323558279758165,0.010323558279729585,0.01032355827970102,0.010323558279672459,0.010323558279643923,0.01032355827961539,0.010323558279586866,0.01032355827955836,0.010323558279529863,0.01032355827950138,0.010323558279472908,0.010323558279444447,0.010323558279415996,0.010323558279387562,0.010323558279359135,0.01032355827933072,0.010323558279302321,0.010323558279273929,0.010323558279245552,0.01032355827921719,0.010323558279188834,0.01032355827916049,0.01032355827913216,0.01032355827910384,0.010323558279075532,0.01032355827904724,0.010323558279018959,0.010323558278990688,0.01032355827896243,0.010323558278934181,0.010323558278905944,0.010323558278877718,0.0103235582788495,0.010323558278821301,0.010323558278793108,0.010323558278764931,0.010323558278736768,0.010323558278708614,0.010323558278680466,0.010323558278652339,0.010323558278624216,0.01032355827859611,0.010323558278568012,0.010323558278539927,0.01032355827851185,0.010323558278483793,0.010323558278455748,0.010323558278427705,0.010323558278399682,0.010323558278371663,0.01032355827834366,0.010323558278315666,0.010323558278287686,0.010323558278259719,0.01032355827823176,0.010323558278203814,0.010323558278175882,0.010323558278147963,0.01032355827812005,0.010323558278092152,0.010323558278064268,0.010323558278036386,0.010323558278008519,0.010323558277980668,0.010323558277952822,0.010323558277924994,0.010323558277897174,0.01032355827786937,0.010323558277841573,0.010323558277813788,0.010323558277786018,0.01032355827775826,0.010323558277730505,0.010323558277702774,0.010323558277675048,0.010323558277647332,0.010323558277619632,0.010323558277591934,0.010323558277564255,0.010323558277536586,0.010323558277508926,0.010323558277481285,0.01032355827745365,0.010323558277426023,0.010323558277398413,0.010323558277370812,0.01032355827734322,0.010323558277315644,0.01032355827728808,0.010323558277260522,0.010323558277232981,0.010323558277205451,0.01032355827717793,0.010323558277150417,0.010323558277122922,0.010323558277095433,0.010323558277067959,0.010323558277040496,0.010323558277013038,0.010323558276985596,0.010323558276958168,0.010323558276930753,0.010323558276903342,0.010323558276875946,0.010323558276848565,0.010323558276821188,0.010323558276793826,0.010323558276766478,0.010323558276739137,0.010323558276711813,0.010323558276684495,0.010323558276657187,0.010323558276629896,0.01032355827660261,0.010323558276575336,0.010323558276548074,0.010323558276520827,0.010323558276493592,0.010323558276466369,0.01032355827643915,0.010323558276411945,0.010323558276384755,0.01032355827635757,0.010323558276330403,0.01032355827630324,0.010323558276276092,0.010323558276248958,0.01032355827622183,0.010323558276194718,0.010323558276167613,0.010323558276140522,0.010323558276113438,0.010323558276086373,0.010323558276059313,0.010323558276032268,0.010323558276005227,0.010323558275978204,0.010323558275951187,0.010323558275924185,0.010323558275897192,0.010323558275870209,0.01032355827584324,0.010323558275816278,0.010323558275789334,0.0103235582757624,0.010323558275735471,0.010323558275708558,0.010323558275681658,0.010323558275654766,0.010323558275627887,0.01032355827560102,0.010323558275574157,0.010323558275547309,0.010323558275520475,0.010323558275493649,0.010323558275466837,0.010323558275440037,0.010323558275413248,0.010323558275386462,0.010323558275359695,0.010323558275332939,0.010323558275306184,0.01032355827527945,0.010323558275252722,0.010323558275226009,0.01032355827519931,0.010323558275172616,0.010323558275145925,0.010323558275119256,0.010323558275092591,0.010323558275065937,0.0103235582750393,0.010323558275012665,0.01032355827498605,0.010323558274959439,0.010323558274932847,0.010323558274906263,0.010323558274879692,0.010323558274853126,0.010323558274826571,0.010323558274800027,0.010323558274773496,0.010323558274746973,0.010323558274720463,0.010323558274693967,0.010323558274667483,0.010323558274641006,0.010323558274614541,0.010323558274588083,0.010323558274561639,0.01032355827453521,0.010323558274508787,0.010323558274482381,0.010323558274455986,0.0103235582744296,0.010323558274403226,0.010323558274376862,0.010323558274350504,0.010323558274324164,0.010323558274297831,0.010323558274271514,0.010323558274245205,0.010323558274218884,0.0103235582741926,0.010323558274166322,0.010323558274140053,0.01032355827411379,0.01032355827408753,0.010323558274061301,0.01032355827403507,0.010323558274008856,0.010323558273982663,0.010323558273956455,0.010323558273930271,0.010323558273904104,0.010323558273877948,0.010323558273851797,0.010323558273825651,0.010323558273799518,0.010323558273773407,0.010323558273747311,0.010323558273721209,0.010323558273695124,0.010323558273669056,0.010323558273642985,0.010323558273616926,0.010323558273590884,0.010323558273564853,0.010323558273538834,0.010323558273512824,0.010323558273486825,0.010323558273460832,0.010323558273434855,0.01032355827340888,0.010323558273382926,0.010323558273356976,0.010323558273331044,0.010323558273305118,0.010323558273279201,0.010323558273253295,0.0103235582732274,0.010323558273201517,0.010323558273175642,0.010323558273149784,0.01032355827312393,0.010323558273098093,0.010323558273072263,0.010323558273046438,0.01032355827302063,0.010323558272994832,0.010323558272969047,0.010323558272943269,0.010323558272917496,0.010323558272891744,0.010323558272865994,0.010323558272840256,0.010323558272814533,0.010323558272788816,0.010323558272763116,0.010323558272737421,0.010323558272711742,0.010323558272686068,0.010323558272660405,0.01032355827263475,0.010323558272609109,0.010323558272583475,0.010323558272557857,0.010323558272532247,0.010323558272506651,0.010323558272481062,0.010323558272455487,0.01032355827242992,0.010323558272404368,0.010323558272378816,0.010323558272353284,0.010323558272327754,0.010323558272302242,0.010323558272276734,0.010323558272251242,0.010323558272225756,0.010323558272200283,0.01032355827217482,0.01032355827214937,0.010323558272123926,0.010323558272098493,0.010323558272073074,0.010323558272047664,0.010323558272022264,0.010323558271996873,0.010323558271971497,0.010323558271946122,0.010323558271920769,0.01032355827189542,0.01032355827187008,0.010323558271844752,0.010323558271819432,0.010323558271794129,0.010323558271768828,0.010323558271743537,0.010323558271718263,0.010323558271693,0.010323558271667742,0.010323558271642497,0.010323558271617267,0.010323558271592042,0.010323558271566828,0.01032355827154162,0.010323558271516427,0.010323558271491248,0.010323558271466075,0.010323558271440913,0.01032355827141576,0.010323558271390615,0.010323558271365482,0.010323558271340362,0.010323558271315253,0.010323558271290148,0.010323558271265056,0.010323558271239978,0.010323558271214905,0.010323558271189843,0.01032355827116479,0.01032355827113975,0.010323558271114724,0.010323558271089701,0.010323558271064697,0.010323558271039692,0.010323558271014704,0.010323558270989727,0.010323558270964754,0.010323558270939791,0.010323558270914848,0.01032355827088991,0.010323558270864978,0.010323558270840066,0.010323558270815153,0.010323558270790253,0.010323558270765368,0.010323558270740493,0.010323558270715625,0.010323558270690768,0.010323558270665922,0.01032355827064109,0.010323558270616266,0.010323558270591445,0.010323558270566646,0.010323558270541855,0.010323558270517069,0.010323558270492295,0.01032355827046753,0.010323558270442774,0.010323558270418028,0.010323558270393291,0.010323558270368568,0.010323558270343855,0.01032355827031915,0.010323558270294455,0.010323558270269772,0.010323558270245095,0.010323558270220433,0.01032355827019578,0.01032355827017113,0.010323558270146494,0.010323558270121871,0.010323558270097257,0.010323558270072654,0.010323558270048059,0.010323558270023472,0.010323558269998898,0.010323558269974335,0.010323558269949778,0.010323558269925235,0.010323558269900704,0.010323558269876175,0.010323558269851667,0.010323558269827159,0.010323558269802661,0.010323558269778177,0.010323558269753704,0.010323558269729236,0.01032355826970478,0.010323558269680337,0.010323558269655905,0.010323558269631475,0.01032355826960706,0.010323558269582651,0.01032355826955826,0.010323558269533878,0.0103235582695095,0.010323558269485132,0.010323558269460778,0.01032355826943643,0.010323558269412095,0.010323558269387762,0.01032355826936345,0.010323558269339147,0.010323558269314848,0.010323558269290564,0.010323558269266292,0.01032355826924202,0.010323558269217768,0.01032355826919352,0.010323558269169286,0.010323558269145052,0.010323558269120835,0.010323558269096632,0.010323558269072431,0.010323558269048246,0.010323558269024072,0.0103235582689999,0.010323558268975743,0.01032355826895159,0.01032355826892745,0.01032355826890332,0.010323558268879204,0.010323558268855093,0.010323558268830994,0.010323558268806906,0.010323558268782822,0.010323558268758751,0.010323558268734694,0.01032355826871064,0.010323558268686597,0.010323558268662568,0.010323558268638545,0.010323558268614532,0.01032355826859053,0.010323558268566539,0.010323558268542551,0.010323558268518582,0.010323558268494615,0.010323558268470664,0.01032355826844672,0.010323558268422782,0.010323558268398862,0.010323558268374946,0.010323558268351045,0.010323558268327147,0.010323558268303265,0.010323558268279388,0.010323558268255525,0.010323558268231666,0.010323558268207819,0.010323558268183982,0.01032355826816015,0.010323558268136338,0.010323558268112529,0.010323558268088727,0.010323558268064935,0.010323558268041152,0.010323558268017386,0.010323558267993627,0.01032355826796988,0.010323558267946138,0.010323558267922405,0.010323558267898684,0.010323558267874974,0.010323558267851269,0.010323558267827576,0.010323558267803888,0.010323558267780218,0.010323558267756555,0.010323558267732897,0.010323558267709258,0.010323558267685619,0.010323558267661997,0.01032355826763838,0.010323558267614774,0.010323558267591175,0.01032355826756759,0.010323558267544015,0.010323558267520442,0.010323558267496886,0.010323558267473333,0.010323558267449797,0.010323558267426267,0.010323558267402746,0.010323558267379235,0.010323558267355731,0.01032355826733224,0.01032355826730876,0.01032355826728529,0.010323558267261824,0.010323558267238372,0.010323558267214933,0.010323558267191495,0.010323558267168074,0.010323558267144648,0.010323558267121245,0.010323558267097846,0.010323558267074468,0.010323558267051084,0.010323558267027721,0.010323558267004356,0.010323558266981012,0.010323558266957668,0.010323558266934344,0.010323558266911016,0.010323558266887706,0.010323558266864407,0.010323558266841108,0.010323558266817832,0.010323558266794559,0.010323558266771289,0.01032355826674803,0.010323558266724785,0.010323558266701552,0.010323558266678324,0.010323558266655106,0.010323558266631899,0.010323558266608697,0.010323558266585504,0.010323558266562326,0.010323558266539157,0.010323558266515992,0.010323558266492843,0.010323558266469699,0.010323558266446561,0.010323558266423434,0.010323558266400322,0.010323558266377214,0.010323558266354121,0.01032355826633103,0.010323558266307955,0.010323558266284883,0.010323558266261823,0.010323558266238772,0.010323558266215735,0.010323558266192702,0.010323558266169682,0.010323558266146666,0.010323558266123663,0.010323558266100662,0.01032355826607768,0.010323558266054706,0.010323558266031735,0.010323558266008781,0.010323558265985829,0.010323558265962892,0.010323558265939963,0.010323558265917045,0.010323558265894133,0.010323558265871228,0.010323558265848336,0.010323558265825452,0.010323558265802576,0.010323558265779713,0.010323558265756856,0.010323558265734011,0.01032355826571117,0.010323558265688341,0.010323558265665524,0.010323558265642718,0.010323558265619915,0.010323558265597126,0.010323558265574339,0.010323558265551565,0.010323558265528797,0.010323558265506039,0.010323558265483299,0.010323558265460558,0.010323558265437826,0.010323558265415114,0.010323558265392399,0.010323558265369704,0.010323558265347017,0.010323558265324334,0.010323558265301657,0.010323558265278997,0.01032355826525634,0.010323558265233694,0.010323558265211058,0.010323558265188432,0.010323558265165818,0.010323558265143199,0.0103235582651206,0.010323558265098003,0.010323558265075423,0.010323558265052856,0.01032355826503029,0.010323558265007735,0.01032355826498519,0.010323558264962653,0.010323558264940125,0.010323558264917609,0.010323558264895097,0.010323558264872593,0.010323558264850105,0.01032355826482762,0.010323558264805147,0.010323558264782678,0.01032355826476023,0.010323558264737779,0.010323558264715333,0.010323558264692901,0.010323558264670483,0.010323558264648073,0.01032355826462567,0.010323558264603284,0.010323558264580895,0.010323558264558523,0.010323558264536159,0.010323558264513805,0.01032355826449146,0.010323558264469119,0.010323558264446791,0.010323558264424468,0.010323558264402158,0.010323558264379858,0.010323558264357565,0.010323558264335276,0.010323558264313007,0.010323558264290739,0.01032355826426848,0.010323558264246234,0.010323558264223993,0.010323558264201766,0.010323558264179541,0.010323558264157333,0.010323558264135127,0.010323558264112933,0.01032355826409075,0.010323558264068567,0.0103235582640464,0.010323558264024242,0.010323558264002098,0.010323558263979953,0.010323558263957817,0.010323558263935695,0.010323558263913579,0.010323558263891471,0.010323558263869376,0.01032355826384729,0.010323558263825207,0.010323558263803136,0.010323558263781075,0.010323558263759025,0.010323558263736977,0.010323558263714942,0.010323558263692911,0.010323558263670898,0.01032355826364889,0.010323558263626893,0.010323558263604898,0.010323558263582918,0.010323558263560942,0.010323558263538979,0.010323558263517026,0.01032355826349508,0.01032355826347314,0.010323558263451207,0.010323558263429285,0.010323558263407376,0.01032355826338547,0.010323558263363578,0.010323558263341694,0.010323558263319816,0.010323558263297951,0.010323558263276095,0.01032355826325424,0.010323558263232394,0.010323558263210561,0.010323558263188736,0.010323558263166924,0.010323558263145112,0.010323558263123315,0.01032355826310152,0.010323558263079742,0.010323558263057968,0.010323558263036202,0.010323558263014445,0.010323558262992704,0.010323558262970968,0.010323558262949239,0.010323558262927515,0.0103235582629058,0.010323558262884096,0.0103235582628624,0.010323558262840715,0.01032355826281904,0.010323558262797364,0.010323558262775706,0.010323558262754055,0.01032355826273241,0.010323558262710782,0.010323558262689157,0.010323558262667535,0.010323558262645924,0.010323558262624323,0.010323558262602735,0.010323558262581153,0.010323558262559583,0.010323558262538028,0.010323558262516477,0.010323558262494929,0.01032355826247339,0.010323558262451855,0.010323558262430333,0.010323558262408822,0.010323558262387313,0.010323558262365824,0.010323558262344337,0.010323558262322858,0.010323558262301386,0.01032355826227994,0.010323558262258505,0.010323558262237064,0.010323558262215628,0.010323558262194204,0.010323558262172782,0.010323558262151372,0.010323558262129972,0.010323558262108583,0.010323558262087196,0.010323558262065822,0.010323558262044454,0.010323558262023092,0.01032355826200175,0.010323558261980406,0.010323558261959069,0.010323558261937739,0.010323558261916424,0.010323558261895113,0.010323558261873814,0.010323558261852522,0.01032355826183124,0.010323558261809971,0.010323558261788709,0.010323558261767448,0.0103235582617462,0.010323558261724956,0.010323558261703725,0.010323558261682506,0.01032355826166129,0.010323558261640081,0.010323558261618885,0.010323558261597693,0.010323558261576514,0.010323558261555343,0.010323558261534182,0.010323558261513023,0.010323558261491879,0.01032355826147074,0.010323558261449607,0.010323558261428487,0.01032355826140737,0.010323558261386265,0.010323558261365167,0.010323558261344075,0.010323558261323,0.010323558261301923,0.010323558261280862,0.010323558261259804,0.01032355826123876,0.01032355826121772,0.010323558261196686,0.010323558261175666,0.010323558261154652,0.010323558261133648,0.010323558261112649,0.010323558261091666,0.01032355826107069,0.010323558261049713,0.010323558261028749,0.010323558261007797,0.01032355826098685,0.010323558260965905,0.010323558260944981,0.010323558260924053,0.010323558260903145,0.010323558260882236,0.010323558260861338,0.010323558260840453,0.01032355826081957,0.0103235582607987,0.010323558260777837,0.010323558260756979,0.010323558260736138,0.0103235582607153,0.010323558260694463,0.010323558260673644,0.010323558260652836,0.010323558260632026,0.010323558260611229,0.010323558260590438,0.010323558260569663,0.010323558260548881,0.010323558260528116,0.010323558260507367,0.01032355826048662,0.01032355826046588,0.010323558260445146,0.010323558260424425,0.01032355826040371,0.010323558260383007,0.01032355826036231,0.010323558260341616,0.010323558260320932,0.01032355826030026,0.010323558260279597,0.010323558260258936,0.010323558260238284,0.010323558260217648,0.010323558260197013,0.010323558260176386,0.010323558260155772,0.010323558260135165,0.010323558260114565,0.010323558260093976,0.010323558260073392,0.010323558260052814,0.010323558260032246,0.010323558260011686,0.010323558259991135,0.010323558259970597,0.010323558259950063,0.010323558259929538,0.010323558259909016,0.01032355825988851,0.010323558259868007,0.010323558259847512,0.010323558259827023,0.010323558259806544,0.010323558259786075,0.010323558259765612,0.010323558259745158,0.010323558259724712,0.010323558259704277,0.010323558259683844,0.010323558259663426,0.01032355825964301,0.010323558259622606,0.010323558259602208,0.010323558259581821,0.010323558259561438,0.010323558259541064,0.0103235582595207,0.010323558259500341,0.01032355825947998,0.01032355825945964,0.010323558259439303,0.010323558259418983,0.01032355825939867,0.010323558259378359,0.01032355825935806,0.010323558259337767,0.010323558259317484,0.010323558259297204,0.010323558259276939,0.01032355825925668,0.010323558259236434,0.01032355825921619,0.010323558259195955,0.010323558259175728,0.010323558259155503,0.010323558259135295,0.010323558259115089,0.01032355825909489,0.010323558259074703,0.010323558259054521,0.010323558259034351,0.010323558259014187,0.010323558258994031,0.010323558258973879,0.010323558258953735,0.010323558258933605,0.010323558258913478,0.01032355825889336,0.010323558258873254,0.01032355825885315,0.010323558258833063,0.010323558258812975,0.010323558258792895,0.010323558258772824,0.01032355825875276,0.010323558258732704,0.01032355825871266,0.010323558258692621,0.010323558258672592,0.01032355825865257,0.010323558258632555,0.010323558258612553,0.01032355825859255,0.010323558258572566,0.010323558258552577,0.010323558258532609,0.010323558258512638,0.010323558258492679,0.010323558258472731,0.010323558258452785,0.010323558258432848,0.010323558258412923,0.010323558258393005,0.010323558258373097,0.010323558258353195,0.010323558258333298,0.010323558258313409,0.01032355825829353,0.010323558258273656,0.010323558258253788,0.010323558258233933,0.01032355825821408,0.010323558258194244,0.010323558258174414,0.010323558258154586,0.010323558258134764,0.010323558258114958,0.010323558258095158,0.01032355825807536,0.010323558258055572,0.010323558258035796,0.010323558258016022,0.01032355825799626,0.010323558257976507,0.01032355825795676,0.01032355825793702,0.010323558257917281,0.010323558257897558,0.01032355825787784,0.010323558257858132,0.010323558257838431,0.010323558257818742,0.01032355825779905,0.010323558257779376,0.010323558257759706,0.010323558257740041,0.010323558257720383,0.01032355825770074,0.010323558257681106,0.01032355825766147,0.010323558257641844,0.01032355825762223,0.010323558257602596,0.010323558257583002,0.010323558257563412,0.010323558257543832,0.010323558257524254,0.010323558257504679,0.01032355825748512,0.010323558257465568,0.010323558257446023,0.01032355825742648,0.01032355825740695,0.010323558257387426,0.010323558257367908,0.010323558257348396,0.010323558257328896,0.010323558257309401,0.010323558257289919,0.010323558257270441,0.010323558257250967,0.010323558257231507,0.01032355825721205,0.0103235582571926,0.010323558257173158,0.010323558257153727,0.0103235582571343,0.010323558257114885,0.010323558257095475,0.010323558257076072,0.01032355825705668,0.010323558257037293,0.010323558257017914,0.01032355825699854,0.010323558256979172,0.010323558256959822,0.010323558256940467,0.010323558256921127,0.010323558256901795,0.010323558256882477,0.01032355825686315,0.01032355825684384,0.010323558256824534,0.010323558256805242,0.010323558256785954,0.01032355825676667,0.0103235582567474,0.010323558256728134,0.01032355825670888,0.010323558256689628,0.010323558256670386,0.010323558256651155,0.010323558256631924,0.0103235582566127,0.01032355825659349,0.010323558256574288,0.010323558256555088,0.010323558256535904,0.010323558256516709,0.010323558256497535,0.010323558256478368,0.01032355825645921,0.010323558256440062,0.010323558256420909,0.010323558256401768,0.010323558256382639,0.010323558256363517,0.0103235582563444,0.010323558256325293,0.010323558256306195,0.010323558256287097,0.010323558256268014,0.010323558256248932,0.010323558256229864,0.010323558256210796,0.010323558256191747,0.010323558256172692,0.010323558256153654,0.010323558256134619,0.010323558256115592,0.010323558256096573,0.010323558256077557,0.010323558256058556,0.010323558256039556,0.010323558256020571,0.01032355825600159,0.010323558255982615,0.010323558255963646,0.010323558255944684,0.010323558255925734,0.01032355825590679,0.01032355825588785,0.010323558255868916,0.01032355825585,0.010323558255831082,0.010323558255812174,0.010323558255793274,0.010323558255774381,0.010323558255755495,0.010323558255736616,0.010323558255717747,0.010323558255698884,0.010323558255680026,0.010323558255661176,0.010323558255642332,0.010323558255623498,0.010323558255604678,0.010323558255585853,0.010323558255567042,0.010323558255548237,0.010323558255529438,0.01032355825551065,0.010323558255491862,0.010323558255473092,0.010323558255454323,0.010323558255435565,0.01032355825541681,0.010323558255398066,0.010323558255379329,0.010323558255360594,0.01032355825534187,0.010323558255323157,0.010323558255304462,0.010323558255285761,0.01032355825526707,0.010323558255248378,0.010323558255229699,0.010323558255211026,0.010323558255192359,0.0103235582551737,0.010323558255155048,0.010323558255136403,0.010323558255117765,0.010323558255099138,0.01032355825508051,0.010323558255061897,0.010323558255043292,0.010323558255024689,0.010323558255006098,0.010323558254987505,0.010323558254968926,0.010323558254950358,0.010323558254931793,0.010323558254913231,0.01032355825489468,0.010323558254876141,0.010323558254857602,0.010323558254839077,0.010323558254820559,0.01032355825480204,0.010323558254783538,0.010323558254765035,0.010323558254746538,0.010323558254728055,0.010323558254709578,0.010323558254691109,0.010323558254672642,0.010323558254654183,0.010323558254635733,0.010323558254617286,0.010323558254598854,0.010323558254580424,0.010323558254562005,0.010323558254543588,0.010323558254525186,0.010323558254506782,0.01032355825448839,0.010323558254470004,0.01032355825445162,0.010323558254433252,0.010323558254414889,0.010323558254396526,0.010323558254378178,0.010323558254359835,0.010323558254341501,0.010323558254323174,0.010323558254304848,0.010323558254286542,0.010323558254268232,0.010323558254249928,0.010323558254231634,0.01032355825421335,0.010323558254195066,0.010323558254176798,0.010323558254158533,0.010323558254140277,0.010323558254122026,0.01032355825410378,0.010323558254085543,0.010323558254067316,0.010323558254049089,0.010323558254030871,0.010323558254012672,0.010323558253994454,0.010323558253976252,0.010323558253958068,0.010323558253939887,0.010323558253921712,0.010323558253903546,0.010323558253885385,0.010323558253867233,0.010323558253849086,0.01032355825383095,0.010323558253812821,0.010323558253794695,0.010323558253776574,0.010323558253758467,0.01032355825374036,0.010323558253722264,0.010323558253704174,0.010323558253686095,0.010323558253668015,0.010323558253649952,0.010323558253631881,0.01032355825361383,0.010323558253595782,0.010323558253577746,0.010323558253559717,0.010323558253541686,0.010323558253523667,0.010323558253505652,0.010323558253487648,0.010323558253469652,0.010323558253451656,0.010323558253433673,0.010323558253415696,0.010323558253397725,0.010323558253379762,0.010323558253361806,0.010323558253343853,0.010323558253325912,0.010323558253307975,0.010323558253290049,0.010323558253272122,0.01032355825325421,0.0103235582532363,0.010323558253218401,0.010323558253200507,0.01032355825318262,0.010323558253164741,0.01032355825314687,0.010323558253129,0.01032355825311114,0.010323558253093284,0.01032355825307544,0.010323558253057601,0.010323558253039771,0.010323558253021942,0.01032355825300412,0.010323558252986307,0.010323558252968504,0.010323558252950702,0.010323558252932914,0.010323558252915126,0.01032355825289735,0.010323558252879578,0.010323558252861818,0.010323558252844063,0.010323558252826307,0.010323558252808566,0.010323558252790832,0.0103235582527731,0.01032355825275538,0.010323558252737657,0.010323558252719946,0.010323558252702246,0.010323558252684549,0.010323558252666863,0.010323558252649186,0.010323558252631513,0.010323558252613841,0.010323558252596182,0.01032355825257853,0.010323558252560875,0.01032355825254323,0.010323558252525596,0.010323558252507964,0.010323558252490348,0.010323558252472732,0.010323558252455128,0.01032355825243753,0.010323558252419936,0.010323558252402344,0.010323558252384762,0.010323558252367193,0.010323558252349627,0.010323558252332067,0.010323558252314515,0.010323558252296968,0.010323558252279428,0.010323558252261895,0.01032355825224437,0.010323558252226847,0.010323558252209335,0.010323558252191823,0.010323558252174328,0.010323558252156832,0.010323558252139344,0.010323558252121869,0.010323558252104396,0.010323558252086928,0.010323558252069471,0.01032355825205202,0.010323558252034574,0.010323558252017131,0.010323558251999694,0.010323558251982268,0.010323558251964854,0.010323558251947439,0.010323558251930038,0.010323558251912637,0.010323558251895244,0.010323558251877859,0.010323558251860477,0.010323558251843098,0.010323558251825737,0.010323558251808378,0.010323558251791024,0.010323558251773684,0.01032355825175634,0.010323558251739003,0.010323558251721677,0.010323558251704359,0.010323558251687043,0.010323558251669737,0.01032355825165244,0.010323558251635147,0.010323558251617857,0.01032355825160058,0.010323558251583301,0.01032355825156604,0.01032355825154878,0.010323558251531523,0.010323558251514278,0.010323558251497037,0.010323558251479808,0.010323558251462578,0.010323558251445354,0.010323558251428137,0.010323558251410936,0.01032355825139373,0.010323558251376534,0.010323558251359347,0.010323558251342166,0.010323558251324989,0.01032355825130782,0.010323558251290662,0.01032355825127351,0.010323558251256358,0.010323558251239219,0.010323558251222087,0.010323558251204953,0.010323558251187831,0.010323558251170718,0.010323558251153605,0.010323558251136506,0.010323558251119405,0.010323558251102321,0.010323558251085233,0.010323558251068158,0.010323558251051088,0.010323558251034022,0.010323558251016971,0.010323558250999917,0.010323558250982877,0.010323558250965838,0.010323558250948803,0.010323558250931782,0.010323558250914765,0.010323558250897754,0.010323558250880745,0.010323558250863748,0.010323558250846757,0.010323558250829772,0.010323558250812794,0.01032355825079582,0.010323558250778854,0.010323558250761892,0.01032355825074494,0.010323558250727994,0.010323558250711053,0.010323558250694122,0.010323558250677187,0.010323558250660269,0.010323558250643355,0.010323558250626447,0.010323558250609542,0.010323558250592647,0.01032355825057576,0.010323558250558876,0.010323558250541999,0.01032355825052513,0.010323558250508265,0.010323558250491414,0.010323558250474561,0.010323558250457717,0.01032355825044088,0.01032355825042405,0.010323558250407228,0.010323558250390406,0.010323558250373597,0.010323558250356787,0.01032355825033999,0.0103235582503232,0.010323558250306413,0.01032355825028963,0.010323558250272858,0.010323558250256087,0.010323558250239324,0.010323558250222574,0.010323558250205825,0.010323558250189083,0.010323558250172346,0.010323558250155618,0.01032355825013889,0.010323558250122178,0.010323558250105466,0.010323558250088759,0.010323558250072064,0.010323558250055377,0.01032355825003869,0.010323558250022012,0.010323558250005338,0.010323558249988669,0.010323558249972012,0.010323558249955355,0.01032355824993871,0.010323558249922073,0.010323558249905437,0.010323558249888811,0.010323558249872187,0.010323558249855574,0.010323558249838962,0.010323558249822364,0.010323558249805765,0.010323558249789172,0.010323558249772588,0.010323558249756013,0.010323558249739436,0.010323558249722873,0.01032355824970633,0.01032355824968977,0.010323558249673227,0.010323558249656684,0.01032355824964015,0.010323558249623627,0.0103235582496071,0.010323558249590584,0.010323558249574078,0.010323558249557576,0.01032355824954108,0.010323558249524585,0.010323558249508105,0.010323558249491624,0.010323558249475154,0.010323558249458688,0.010323558249442227,0.010323558249425773,0.01032355824940933,0.010323558249392888,0.01032355824937645,0.010323558249360024,0.010323558249343601,0.010323558249327186,0.010323558249310782,0.01032355824929438,0.010323558249277979,0.01032355824926159,0.010323558249245203,0.010323558249228825,0.010323558249212453,0.010323558249196087,0.010323558249179726,0.010323558249163376,0.010323558249147031,0.010323558249130687,0.01032355824911435,0.010323558249098023,0.010323558249081696,0.010323558249065381,0.010323558249049071,0.010323558249032767,0.010323558249016465,0.010323558249000176,0.010323558248983889,0.010323558248967609,0.010323558248951337,0.010323558248935072,0.01032355824891881,0.010323558248902555,0.010323558248886302,0.01032355824887006,0.010323558248853823,0.010323558248837591,0.010323558248821366,0.010323558248805147,0.010323558248788936,0.010323558248772726,0.01032355824875653,0.010323558248740336,0.010323558248724147,0.01032355824870796,0.010323558248691784,0.010323558248675617,0.010323558248659446,0.010323558248643292,0.010323558248627143,0.010323558248610995,0.01032355824859485,0.010323558248578718,0.010323558248562589,0.010323558248546472,0.010323558248530356,0.010323558248514244,0.010323558248498144,0.010323558248482044,0.010323558248465958,0.010323558248449868,0.010323558248433791,0.010323558248417717,0.010323558248401653,0.010323558248385588,0.01032355824836953,0.010323558248353487,0.01032355824833744,0.010323558248321403,0.010323558248305371,0.010323558248289346,0.010323558248273329,0.01032355824825732,0.010323558248241308,0.010323558248225308,0.010323558248209314,0.010323558248193329,0.010323558248177345,0.010323558248161372,0.010323558248145397,0.010323558248129432,0.010323558248113476,0.010323558248097518,0.010323558248081574,0.010323558248065638,0.0103235582480497,0.01032355824803377,0.01032355824801785,0.010323558248001933,0.010323558247986026,0.010323558247970118,0.010323558247954214,0.010323558247938326,0.010323558247922438,0.010323558247906551,0.010323558247890677,0.010323558247874813,0.010323558247858943,0.010323558247843088,0.010323558247827234,0.010323558247811388,0.01032355824779555,0.010323558247779717,0.010323558247763891,0.010323558247748069,0.01032355824773225,0.010323558247716441,0.01032355824770064,0.010323558247684845,0.010323558247669055,0.010323558247653268,0.010323558247637483,0.01032355824762171,0.010323558247605941,0.010323558247590176,0.010323558247574421,0.010323558247558672,0.010323558247542925,0.010323558247527186,0.010323558247511449,0.010323558247495724,0.010323558247479997,0.010323558247464285,0.010323558247448576,0.010323558247432871,0.010323558247417174,0.010323558247401483,0.010323558247385801,0.010323558247370117,0.010323558247354443,0.01032355824733878,0.010323558247323113,0.01032355824730746,0.010323558247291803,0.01032355824727616,0.010323558247260521,0.01032355824724489,0.01032355824722926,0.010323558247213638,0.01032355824719802,0.010323558247182413,0.010323558247166806,0.010323558247151206,0.010323558247135616,0.010323558247120024,0.010323558247104446,0.01032355824708887,0.010323558247073301,0.010323558247057739,0.010323558247042184,0.010323558247026628,0.010323558247011087,0.010323558246995544,0.01032355824698001,0.010323558246964482,0.010323558246948958,0.010323558246933442,0.01032355824691793,0.010323558246902427,0.010323558246886924,0.01032355824687143,0.010323558246855937,0.010323558246840456,0.010323558246824975,0.010323558246809502,0.01032355824679404,0.01032355824677858,0.010323558246763129,0.01032355824674768,0.010323558246732235,0.0103235582467168,0.010323558246701366,0.010323558246685936,0.010323558246670519,0.010323558246655108,0.010323558246639698,0.010323558246624297,0.010323558246608898,0.010323558246593506,0.010323558246578123,0.010323558246562742,0.010323558246547366,0.010323558246532001,0.010323558246516635,0.010323558246501273,0.010323558246485927,0.010323558246470582,0.010323558246455243,0.010323558246439905,0.010323558246424575,0.010323558246409256,0.010323558246393938,0.010323558246378631,0.010323558246363322,0.01032355824634802,0.01032355824633273,0.01032355824631744,0.010323558246302158,0.010323558246286883,0.010323558246271609,0.010323558246256347,0.010323558246241083,0.010323558246225826,0.01032355824621058,0.010323558246195332,0.010323558246180094,0.010323558246164854,0.01032355824614963,0.010323558246134408,0.010323558246119195,0.010323558246103988,0.01032355824608878,0.010323558246073578,0.010323558246058387,0.010323558246043203,0.010323558246028016,0.010323558246012844,0.010323558245997677,0.010323558245982516,0.01032355824596735,0.010323558245952201,0.01032355824593705,0.01032355824592191,0.010323558245906776,0.010323558245891642,0.01032355824587652,0.010323558245861394,0.010323558245846281,0.01032355824583117,0.01032355824581607,0.01032355824580097,0.010323558245785878,0.010323558245770793,0.01032355824575571,0.01032355824574064,0.01032355824572557,0.010323558245710504,0.010323558245695441,0.010323558245680391,0.010323558245665344,0.010323558245650304,0.010323558245635269,0.010323558245620243,0.010323558245605217,0.010323558245590196,0.01032355824557518,0.010323558245560175,0.010323558245545164,0.010323558245530167,0.010323558245515178,0.010323558245500188,0.010323558245485212,0.010323558245470234,0.010323558245455259,0.010323558245440298,0.010323558245425343,0.010323558245410388,0.010323558245395438,0.010323558245380495,0.010323558245365565,0.01032355824535063,0.010323558245335705,0.010323558245320785,0.01032355824530587,0.010323558245290958,0.010323558245276053,0.010323558245261152,0.01032355824524626,0.010323558245231372,0.010323558245216484,0.010323558245201614,0.010323558245186739,0.010323558245171872,0.010323558245156987,0.010323558245142124,0.010323558245127271,0.01032355824511243,0.010323558245097593,0.010323558245082756,0.010323558245067931,0.010323558245053108,0.010323558245038292,0.010323558245023477,0.010323558245008677,0.010323558244993872,0.010323558244979082,0.010323558244964287,0.010323558244949507,0.010323558244934727,0.010323558244919952,0.010323558244905183,0.01032355824489042,0.010323558244875661,0.010323558244860906,0.010323558244846159,0.010323558244831426,0.01032355824481669,0.010323558244801965,0.01032355824478724,0.010323558244772518,0.010323558244757808,0.010323558244743094,0.010323558244728392,0.010323558244713696,0.010323558244699,0.010323558244684318,0.010323558244669635,0.01032355824465496,0.010323558244640284,0.010323558244625622,0.010323558244610962,0.010323558244596303,0.010323558244581659,0.01032355824456701,0.010323558244552373,0.010323558244537736,0.010323558244523112,0.010323558244508481,0.010323558244493868,0.010323558244479251,0.010323558244464645,0.010323558244450044,0.010323558244435442,0.010323558244420855,0.01032355824440627,0.01032355824439169,0.010323558244377121,0.010323558244362551,0.010323558244347992,0.010323558244333432,0.010323558244318876,0.010323558244304329,0.010323558244289785,0.010323558244275242,0.010323558244260712,0.010323558244246186,0.010323558244231666,0.01032355824421715,0.010323558244202637,0.010323558244188135,0.01032355824417363,0.010323558244159136,0.010323558244144646,0.010323558244130164,0.01032355824411568,0.010323558244101203,0.01032355824408674,0.010323558244072273,0.010323558244057814,0.010323558244043362,0.010323558244028915,0.01032355824401447,0.010323558244000035,0.0103235582439856,0.010323558243971173,0.01032355824395675,0.010323558243942333,0.01032355824392792,0.010323558243913514,0.010323558243899111,0.010323558243884715,0.010323558243870327,0.01032355824385594,0.010323558243841565,0.010323558243827188,0.010323558243812824,0.010323558243798457,0.010323558243784102,0.010323558243769747,0.010323558243755401,0.010323558243741053,0.010323558243726721,0.010323558243712387,0.010323558243698062,0.01032355824368374,0.010323558243669425,0.01032355824365511,0.010323558243640804,0.010323558243626503,0.01032355824361221,0.010323558243597914,0.010323558243583632,0.010323558243569347,0.010323558243555074,0.010323558243540802,0.01032355824352654,0.010323558243512278,0.010323558243498022,0.010323558243483778,0.010323558243469535,0.01032355824345529,0.010323558243441057,0.010323558243426827,0.010323558243412604,0.01032355824339839,0.010323558243384172,0.010323558243369963,0.010323558243355763,0.010323558243341566,0.010323558243327372,0.01032355824331318,0.010323558243299003,0.010323558243284825,0.010323558243270648,0.010323558243256486,0.010323558243242326,0.010323558243228165,0.010323558243214017,0.010323558243199863,0.010323558243185718,0.010323558243171584,0.010323558243157449,0.010323558243143325,0.010323558243129208,0.010323558243115092,0.010323558243100979,0.010323558243086877,0.010323558243072775,0.010323558243058683,0.010323558243044595,0.010323558243030505,0.010323558243016428,0.010323558243002353,0.01032355824298828,0.010323558242974219,0.010323558242960162,0.010323558242946108,0.010323558242932055,0.010323558242918012,0.010323558242903968,0.010323558242889936,0.0103235582428759,0.01032355824286188,0.010323558242847855,0.010323558242833843,0.010323558242819834,0.010323558242805828,0.010323558242791832,0.01032355824277784,0.01032355824276385,0.010323558242749864,0.010323558242735889,0.01032355824272192,0.010323558242707951,0.010323558242693985,0.010323558242680029,0.010323558242666075,0.010323558242652124,0.010323558242638182,0.010323558242624245,0.010323558242610305,0.010323558242596377,0.010323558242582454,0.010323558242568533,0.010323558242554622,0.010323558242540713,0.010323558242526808,0.010323558242512909,0.010323558242499016,0.01032355824248513,0.01032355824247124,0.010323558242457365,0.010323558242443489,0.010323558242429623,0.010323558242415756,0.010323558242401897,0.010323558242388044,0.010323558242374194,0.010323558242360354,0.010323558242346511,0.01032355824233268,0.01032355824231885,0.010323558242305027,0.010323558242291206,0.010323558242277393,0.01032355824226358,0.010323558242249778,0.010323558242235978,0.010323558242222183,0.0103235582422084,0.01032355824219461,0.010323558242180833,0.01032355824216706,0.010323558242153289,0.010323558242139524,0.010323558242125769,0.010323558242112011,0.010323558242098258,0.010323558242084514,0.010323558242070777,0.010323558242057043,0.01032355824204331,0.010323558242029582,0.010323558242015859,0.010323558242002142,0.010323558241988435,0.01032355824197473,0.01032355824196103,0.010323558241947335,0.010323558241933645,0.010323558241919956,0.010323558241906271,0.010323558241892596,0.010323558241878918,0.01032355824186525,0.010323558241851593,0.010323558241837935,0.010323558241824283,0.01032355824181064,0.010323558241796996,0.010323558241783357,0.010323558241769724,0.010323558241756094,0.010323558241742473,0.010323558241728857,0.010323558241715243,0.010323558241701636,0.010323558241688038,0.010323558241674437,0.010323558241660842,0.010323558241647256,0.010323558241633671,0.010323558241620089,0.010323558241606516,0.010323558241592952,0.010323558241579387,0.010323558241565826,0.010323558241552273,0.01032355824153872,0.010323558241525178,0.01032355824151164,0.010323558241498103,0.010323558241484572,0.010323558241471053,0.010323558241457528,0.010323558241444016,0.0103235582414305,0.010323558241417,0.010323558241403494,0.010323558241390002,0.01032355824137651,0.010323558241363023,0.010323558241349545,0.010323558241336067,0.010323558241322597,0.010323558241309129,0.010323558241295664,0.010323558241282208,0.010323558241268753,0.010323558241255304,0.01032355824124186,0.010323558241228421,0.010323558241214987,0.010323558241201555,0.010323558241188132,0.010323558241174712,0.010323558241161298,0.010323558241147883,0.010323558241134479,0.010323558241121085,0.01032355824110768,0.010323558241094292,0.010323558241080907,0.010323558241067513,0.010323558241054144,0.010323558241040769,0.010323558241027403,0.010323558241014042,0.010323558241000678,0.01032355824098733,0.010323558240973977,0.010323558240960639,0.010323558240947295,0.010323558240933962,0.010323558240920632,0.010323558240907306,0.010323558240893989,0.010323558240880668,0.010323558240867363,0.010323558240854054,0.010323558240840757,0.010323558240827459,0.010323558240814166,0.01032355824080088,0.010323558240787603,0.01032355824077432,0.010323558240761043,0.010323558240747781,0.010323558240734514,0.01032355824072126,0.010323558240707999,0.01032355824069475,0.010323558240681504,0.010323558240668261,0.010323558240655029,0.010323558240641796,0.010323558240628574,0.010323558240615354,0.010323558240602137,0.010323558240588922,0.010323558240575714,0.010323558240562514,0.010323558240549313,0.01032355824053612,0.010323558240522933,0.010323558240509751,0.010323558240496569,0.010323558240483394,0.010323558240470224,0.010323558240457059,0.010323558240443897,0.010323558240430743,0.010323558240417592,0.010323558240404448,0.010323558240391308,0.010323558240378172,0.010323558240365039,0.010323558240351914,0.010323558240338792,0.010323558240325669,0.010323558240312551,0.010323558240299442,0.010323558240286341,0.010323558240273237,0.010323558240260143,0.010323558240247055,0.010323558240233968,0.010323558240220885,0.010323558240207807,0.010323558240194734,0.010323558240181665,0.010323558240168599,0.01032355824015554,0.010323558240142484,0.010323558240129434,0.010323558240116387,0.010323558240103352,0.010323558240090312,0.010323558240077278,0.010323558240064253,0.010323558240051234,0.01032355824003821,0.0103235582400252,0.010323558240012187,0.010323558239999179,0.010323558239986182,0.010323558239973187,0.010323558239960194,0.010323558239947211,0.010323558239934229,0.010323558239921253,0.010323558239908284,0.010323558239895312,0.010323558239882354,0.010323558239869397,0.01032355823985644,0.01032355823984349,0.010323558239830543,0.010323558239817603,0.010323558239804673,0.010323558239791739,0.010323558239778815,0.010323558239765891,0.010323558239752973,0.010323558239740056,0.01032355823972715,0.010323558239714242,0.010323558239701342,0.01032355823968845,0.010323558239675555,0.010323558239662673,0.01032355823964979,0.010323558239636916,0.010323558239624036,0.010323558239611173,0.010323558239598308,0.010323558239585452,0.010323558239572596,0.010323558239559744,0.010323558239546898,0.010323558239534061,0.010323558239521224,0.010323558239508389,0.010323558239495571,0.010323558239482746,0.010323558239469928,0.01032355823945711,0.010323558239444306,0.0103235582394315,0.010323558239418698,0.010323558239405903,0.010323558239393113,0.010323558239380328,0.01032355823936754,0.010323558239354765,0.010323558239341992,0.010323558239329227,0.010323558239316459,0.0103235582393037,0.010323558239290945,0.010323558239278193,0.010323558239265448,0.010323558239252708,0.010323558239239966,0.010323558239227235,0.01032355823921451,0.010323558239201783,0.010323558239189064,0.010323558239176361,0.010323558239163658,0.010323558239150972,0.010323558239138261,0.010323558239125561,0.010323558239112868,0.01032355823910018,0.010323558239087493,0.010323558239074819,0.010323558239062142,0.010323558239049473,0.010323558239036803,0.010323558239024137,0.01032355823901148,0.01032355823899883,0.010323558238986176,0.010323558238973535,0.010323558238960893,0.010323558238948259,0.010323558238935621,0.010323558238922996,0.01032355823891038,0.010323558238897756,0.010323558238885143,0.010323558238872535,0.010323558238859925,0.010323558238847327,0.010323558238834732,0.01032355823882214,0.010323558238809549,0.010323558238796967,0.010323558238784385,0.010323558238771815,0.010323558238759242,0.010323558238746679,0.010323558238734112,0.010323558238721555,0.010323558238708999,0.010323558238696453,0.01032355823868391,0.01032355823867137,0.01032355823865883,0.010323558238646297,0.010323558238633773,0.010323558238621253,0.01032355823860873,0.01032355823859621,0.010323558238583705,0.010323558238571201,0.0103235582385587,0.0103235582385462,0.01032355823853371,0.01032355823852122,0.010323558238508737,0.010323558238496258,0.010323558238483787,0.010323558238471314,0.010323558238458846,0.010323558238446386,0.010323558238433927,0.010323558238421474,0.010323558238409023,0.010323558238396579,0.01032355823838414,0.0103235582383717,0.010323558238359268,0.01032355823834684,0.01032355823833442,0.010323558238322,0.010323558238309587,0.010323558238297174,0.010323558238284769,0.010323558238272365,0.010323558238259969,0.010323558238247571,0.010323558238235185,0.010323558238222804,0.01032355823821042,0.010323558238198046,0.010323558238185673,0.010323558238173308,0.010323558238160944,0.010323558238148584,0.01032355823813623,0.010323558238123875,0.01032355823811153,0.010323558238099188,0.010323558238086849,0.010323558238074515,0.01032355823806219,0.010323558238049866,0.010323558238037541,0.010323558238025223,0.010323558238012913,0.010323558238000602,0.010323558237988303,0.010323558237976,0.010323558237963704,0.010323558237951412,0.010323558237939123,0.010323558237926845,0.010323558237914563,0.010323558237902292,0.010323558237890024,0.01032355823787776,0.010323558237865493,0.010323558237853237,0.010323558237840985,0.010323558237828734,0.010323558237816492,0.010323558237804252,0.010323558237792019,0.010323558237779782,0.010323558237767556,0.010323558237755333,0.010323558237743113,0.0103235582377309,0.010323558237718685,0.010323558237706483,0.010323558237694283,0.010323558237682082,0.010323558237669887,0.010323558237657697,0.010323558237645507,0.010323558237633323,0.010323558237621145,0.010323558237608978,0.010323558237596803,0.010323558237584638,0.010323558237572474,0.010323558237560322,0.010323558237548165,0.010323558237536017,0.010323558237523876,0.010323558237511733,0.010323558237499595,0.010323558237487467,0.010323558237475336,0.010323558237463209,0.010323558237451087,0.010323558237438975,0.010323558237426865,0.010323558237414756,0.010323558237402651,0.010323558237390555,0.010323558237378459,0.010323558237366366,0.010323558237354284,0.010323558237342201,0.010323558237330126,0.010323558237318049,0.01032355823730598,0.01032355823729391,0.010323558237281852,0.01032355823726979,0.010323558237257743,0.010323558237245694,0.010323558237233646,0.010323558237221607,0.010323558237209566,0.010323558237197534,0.010323558237185507,0.010323558237173479,0.010323558237161462,0.010323558237149448,0.010323558237137431,0.010323558237125425,0.01032355823711342,0.01032355823710142,0.010323558237089428,0.010323558237077436,0.010323558237065442,0.01032355823705345,0.010323558237041472,0.010323558237029497,0.010323558237017525,0.010323558237005565,0.010323558236993595,0.010323558236981641,0.010323558236969687,0.010323558236957735,0.010323558236945793,0.010323558236933848,0.01032355823692191,0.010323558236909974,0.010323558236898043,0.010323558236886117,0.010323558236874194,0.010323558236862276,0.010323558236850364,0.010323558236838467,0.010323558236826555,0.010323558236814651,0.010323558236802753,0.010323558236790856,0.010323558236778973,0.010323558236767085,0.010323558236755204,0.010323558236743326,0.010323558236731454,0.010323558236719581,0.010323558236707716,0.010323558236695854,0.010323558236683995,0.010323558236672147,0.010323558236660292,0.010323558236648447,0.010323558236636604,0.010323558236624768,0.010323558236612934,0.010323558236601105,0.01032355823658928,0.010323558236577456,0.010323558236565637,0.01032355823655382,0.010323558236542017,0.010323558236530209,0.010323558236518399,0.010323558236506604,0.010323558236494813,0.010323558236483019,0.010323558236471235,0.010323558236459453,0.010323558236447677,0.010323558236435902,0.010323558236424132,0.010323558236412362,0.010323558236400606,0.010323558236388846,0.010323558236377093,0.010323558236365354,0.010323558236353602,0.010323558236341865,0.010323558236330129,0.01032355823631839,0.010323558236306665,0.010323558236294935,0.010323558236283215,0.010323558236271497,0.010323558236259781,0.010323558236248071,0.01032355823623637,0.010323558236224663,0.010323558236212964,0.010323558236201269,0.010323558236189577,0.010323558236177886,0.010323558236166206,0.010323558236154532,0.010323558236142855,0.010323558236131188,0.010323558236119518,0.010323558236107856,0.010323558236096193,0.010323558236084543,0.010323558236072897,0.01032355823606125,0.0103235582360496,0.010323558236037962,0.010323558236026329,0.010323558236014694,0.010323558236003064,0.010323558235991443,0.010323558235979824,0.010323558235968205,0.010323558235956588,0.010323558235944982,0.010323558235933377,0.010323558235921777,0.010323558235910175,0.010323558235898587,0.010323558235886996,0.010323558235875404,0.010323558235863822,0.010323558235852242,0.01032355823584067,0.010323558235829105,0.010323558235817534,0.01032355823580597,0.01032355823579441,0.010323558235782857,0.010323558235771309,0.01032355823575976,0.01032355823574822,0.010323558235736685,0.01032355823572515,0.010323558235713615,0.010323558235702088,0.01032355823569057,0.01032355823567905,0.01032355823566753,0.010323558235656023,0.010323558235644513,0.010323558235633006,0.010323558235621514,0.010323558235610014,0.01032355823559852,0.010323558235587034,0.010323558235575547,0.010323558235564068,0.01032355823555259,0.010323558235541118,0.010323558235529646,0.010323558235518176,0.010323558235506718,0.010323558235495266,0.01032355823548381,0.010323558235472362,0.010323558235460913,0.010323558235449469,0.010323558235438037,0.0103235582354266,0.01032355823541517,0.01032355823540374,0.010323558235392319,0.010323558235380899,0.01032355823536948,0.010323558235358072,0.010323558235346666,0.010323558235335262,0.01032355823532386,0.01032355823531246,0.010323558235301072,0.010323558235289682,0.010323558235278292,0.010323558235266915,0.010323558235255539,0.010323558235244161,0.010323558235232792,0.01032355823522143,0.010323558235210065,0.010323558235198708,0.01032355823518735,0.010323558235175997,0.010323558235164652,0.010323558235153312,0.010323558235141974,0.010323558235130632,0.010323558235119303,0.010323558235107975,0.010323558235096649,0.010323558235085326,0.010323558235074007,0.010323558235062692,0.010323558235051383,0.010323558235040074,0.010323558235028778,0.010323558235017478,0.010323558235006183,0.01032355823499489,0.010323558234983606,0.010323558234972325,0.010323558234961044,0.010323558234949763,0.010323558234938496,0.010323558234927225,0.01032355823491596,0.0103235582349047,0.010323558234893448,0.010323558234882195,0.010323558234870942,0.0103235582348597,0.010323558234848453,0.01032355823483721,0.010323558234825978,0.010323558234814744,0.010323558234803527,0.0103235582347923,0.01032355823478108,0.010323558234769869,0.010323558234758652,0.010323558234747449,0.010323558234736241,0.010323558234725035,0.010323558234713842,0.010323558234702646,0.010323558234691457,0.010323558234680272,0.010323558234669088,0.010323558234657908,0.01032355823464673,0.010323558234635563,0.01032355823462439,0.010323558234613228,0.010323558234602069,0.01032355823459091,0.010323558234579757,0.010323558234568611,0.01032355823455746,0.010323558234546323,0.010323558234535185,0.01032355823452405,0.010323558234512918,0.010323558234501791,0.010323558234490668,0.010323558234479547,0.01032355823446843,0.010323558234457315,0.0103235582344462,0.010323558234435098,0.010323558234423998,0.010323558234412902,0.010323558234401805,0.010323558234390717,0.010323558234379627,0.010323558234368545,0.010323558234357464,0.01032355823434639,0.010323558234335313,0.010323558234324248,0.010323558234313183,0.010323558234302121,0.010323558234291066,0.010323558234280014,0.010323558234268958,0.010323558234257913,0.010323558234246868,0.01032355823423583,0.010323558234224796,0.010323558234213761,0.010323558234202734,0.01032355823419171,0.01032355823418069,0.010323558234169672,0.010323558234158658,0.010323558234147651,0.010323558234136642,0.010323558234125643,0.01032355823411464,0.010323558234103643,0.010323558234092646,0.010323558234081659,0.01032355823407067,0.010323558234059692,0.010323558234048714,0.010323558234037737,0.01032355823402677,0.010323558234015803,0.010323558234004836,0.010323558233993875,0.01032355823398292,0.010323558233971963,0.010323558233961017,0.010323558233950068,0.010323558233939127,0.010323558233928186,0.01032355823391725,0.010323558233906323,0.010323558233895394,0.010323558233884467,0.01032355823387355,0.010323558233862627,0.010323558233851714,0.01032355823384081,0.010323558233829898,0.010323558233819002,0.010323558233808098,0.010323558233797197,0.010323558233786305,0.01032355823377542,0.010323558233764536,0.010323558233753648,0.010323558233742775,0.0103235582337319,0.01032355823372103,0.010323558233710166,0.010323558233699298,0.01032355823368844,0.01032355823367758,0.01032355823366673,0.010323558233655878,0.010323558233645037,0.01032355823363419,0.010323558233623359,0.010323558233612518,0.010323558233601692,0.01032355823359087,0.010323558233580037,0.010323558233569214,0.010323558233558397,0.010323558233547584,0.010323558233536772,0.010323558233525964,0.01032355823351516,0.010323558233504358,0.010323558233493563,0.010323558233482775,0.010323558233471981,0.010323558233461193,0.010323558233450407,0.010323558233439632,0.010323558233428854,0.010323558233418084,0.010323558233407313,0.010323558233396552,0.010323558233385792,0.010323558233375031,0.010323558233364278,0.01032355823335353,0.010323558233342783,0.010323558233332036,0.010323558233321296,0.010323558233310553,0.010323558233299822,0.010323558233289095,0.010323558233278369,0.010323558233267647,0.010323558233256928,0.010323558233246205,0.010323558233235497,0.010323558233224787,0.010323558233214078,0.010323558233203382,0.01032355823319268,0.010323558233181982,0.010323558233171291,0.010323558233160604,0.010323558233149914,0.010323558233139234,0.010323558233128558,0.01032355823311788,0.010323558233107205,0.01032355823309654,0.010323558233085875,0.010323558233075214,0.010323558233064556,0.010323558233053901,0.010323558233043244,0.0103235582330326,0.010323558233021961,0.010323558233011319,0.010323558233000686,0.010323558232990051,0.010323558232979419,0.010323558232968802,0.010323558232958175,0.010323558232947552,0.010323558232936935,0.010323558232926326,0.010323558232915716,0.01032355823290511,0.010323558232894506,0.010323558232883907,0.010323558232873314,0.010323558232862722,0.010323558232852133,0.010323558232841546,0.010323558232830961,0.010323558232820388,0.010323558232809811,0.010323558232799242,0.010323558232788676,0.010323558232778106,0.010323558232767547,0.010323558232756993,0.01032355823274644,0.010323558232735883,0.010323558232725337,0.010323558232714792,0.01032355823270425,0.010323558232693713,0.010323558232683177,0.010323558232672649,0.010323558232662122,0.010323558232651594,0.010323558232641075,0.01032355823263056,0.010323558232620047,0.01032355823260954,0.010323558232599036,0.010323558232588527,0.010323558232578021,0.010323558232567524,0.010323558232557036,0.010323558232546543,0.010323558232536062,0.010323558232525573,0.010323558232515097,0.010323558232504618,0.010323558232494147,0.010323558232483678,0.010323558232473213,0.010323558232462747,0.010323558232452288,0.010323558232441835,0.010323558232431376,0.01032355823242093,0.01032355823241048,0.01032355823240004,0.0103235582323896,0.010323558232379165,0.010323558232368728,0.010323558232358303,0.010323558232347875,0.010323558232337453,0.010323558232327033,0.010323558232316616,0.010323558232306204,0.010323558232295795,0.010323558232285385,0.010323558232274984,0.010323558232264584,0.010323558232254185,0.010323558232243788,0.010323558232233404,0.010323558232223012,0.010323558232212631
9,5.542229140118229e-44,1.6094543907180192e-43,3.206550161119496e-43,5.404608319349254e-43,8.262548911046126e-43,1.1840317707327701e-42,1.6199725238213686e-42,2.1404528875578516e-42,2.7520195199889704e-42,3.461357453294882e-42,4.275258685717686e-42,5.2005954836393445e-42,6.24429911441911e-42,7.413343556821576e-42,8.714733346775461e-42,1.0155494677349886e-41,1.1742668973246407e-41,1.3483308302940098e-41,1.5384472132106432e-41,1.7453225043106868e-41,1.9696635152261824e-41,2.212177298495089e-41,2.473571069643704e-41,2.754552161493285e-41,3.055827981922315e-41,3.3781059909622374e-41,3.72209368397211e-41,4.088498580194718e-41,4.478028214990987e-41,4.891390134581378e-41,5.3292918924918e-41,5.792441047156005e-41,6.281545160300316e-41,6.797311795857219e-41,7.340448519236044e-41,7.911662896833476e-41,8.511662495705709e-41,9.141154883349067e-41,9.800847627553242e-41,1.0491448296303498e-40,1.1213664457715072e-40,1.1968203679990017e-40,1.2755773531387677e-40,1.3577081580205694e-40,1.4432835394766997e-40,1.5323742543411349e-40,1.6250510594490065e-40,1.7213847116361334e-40,1.8214459677388402e-40,1.925305584593784e-40,2.0330343190378246e-40,2.1447029279079827e-40,2.2603821680413546e-40,2.380142796275103e-40,2.504055569446434e-40,2.632191244392577e-40,2.7646205779507865e-40,2.901414326958321e-40,3.0426432482524527e-40,3.188378098670458e-40,3.3386896350496118e-40,3.4936486142271924e-40,3.65332579304049e-40,3.817791928326782e-40,3.987117776923352e-40,4.161374095667491e-40,4.340631641396482e-40,4.524961170947595e-40,4.714433441158131e-40,4.909119208865375e-40,5.109089230906611e-40,5.314414264119112e-40,5.5251650653401664e-40,5.741412391407067e-40,5.963226999157096e-40,6.190679645427538e-40,6.423841087055673e-40,6.662782080878793e-40,6.907573383734174e-40,7.1582857524591e-40,7.414989943890866e-40,7.67775671486676e-40,7.946656822224057e-40,8.221761022800046e-40,8.503140073431997e-40,8.790864730957235e-40,9.085005752212988e-40,9.385633894036569e-40,9.692819913265263e-40,1.0006634566736352e-39,1.032714861128709e-39,1.065443280375483e-39,1.0988557900976767e-39,1.1329594659790356e-39,1.1677613837032724e-39,1.2032686189541195e-39,1.2394882474153061e-39,1.2764273447705592e-39,1.3140929867036098e-39,1.3524922488981849e-39,1.3916322070380131e-39,1.4315199368068233e-39,1.4721625138883444e-39,1.513567013966303e-39,1.5557405127244293e-39,1.5986900858464215e-39,1.6424228090160676e-39,1.6869457579170667e-39,1.7322660082331458e-39,1.7783906356480338e-39,1.8253267158454317e-39,1.873081324509125e-39,1.921661537322813e-39,1.971074429970225e-39,2.021327078135089e-39,2.072426557501133e-39,2.1243799437520886e-39,2.1771943125716798e-39,2.230876739643636e-39,2.2854343006516863e-39,2.3408740712795583e-39,2.3972031272109817e-39,2.454428544129683e-39,2.5125573977193947e-39,2.5715967636638408e-39,2.631553717646752e-39,2.6924353353518567e-39,2.7542486924628833e-39,2.8170008646635587e-39,2.880698927637614e-39,2.9453499570687764e-39,3.010961028640775e-39,3.077539218037335e-39,3.14509160094219e-39,3.213625253039067e-39,3.283147250011695e-39,3.3536646675438006e-39,3.425184581319113e-39,3.49771406702136e-39,3.571260200334273e-39,3.645830056941577e-39,3.721430712527e-39,3.798069242774274e-39,3.8757527233671263e-39,3.954488229989285e-39,4.034282838324476e-39,4.115143624056433e-39,4.1970776628688774e-39,4.280092030445544e-39,4.364193802470156e-39,4.449390054626448e-39,4.5356878625981485e-39,4.623094302068978e-39,4.711616448722669e-39,4.8012613782429515e-39,4.8920361663135525e-39,4.983947888618202e-39,5.0770036208406284e-39,5.1712104386645585e-39,5.266575417773725e-39,5.3631056338518496e-39,5.4608081625826624e-39,5.559690079649894e-39,5.659758460737276e-39,5.7610203815285307e-39,5.8634829177073915e-39,5.967153144957585e-39,6.072038138962838e-39,6.178144975406882e-39,6.285480729973445e-39,6.39405247834625e-39,6.503867296209035e-39,6.61493225924552e-39,6.727254443139436e-39,6.840840923574513e-39,6.955698776234482e-39,7.071835076803066e-39,7.189256900963995e-39,7.307971324400996e-39,7.427985422797798e-39,7.549306271838134e-39,7.671940947205728e-39,7.795896524584306e-39,7.921180079657604e-39,8.047798688109347e-39,8.17575942562326e-39,8.305069367883072e-39,8.435735590572512e-39,8.567765169375313e-39,8.701165179975203e-39,8.83594269805591e-39,8.972104799301161e-39,9.109658559394683e-39,9.248611054020206e-39,9.38896935886145e-39,9.530740549602157e-39,9.673931701926046e-39,9.818549891516852e-39,9.964602194058302e-39,1.0112095685234123e-38,1.026103744072805e-38,1.0411434536223803e-38,1.0563294047405109e-38,1.0716623049955703e-38,1.087142861955931e-38,1.1027717831899657e-38,1.1185497762660476e-38,1.1344775487525499e-38,1.1505558082178448e-38,1.166785262230306e-38,1.1831666183583052e-38,1.1997005841702157e-38,1.2163878672344102e-38,1.2332291751192614e-38,1.2502252153931436e-38,1.267376695624428e-38,1.2846843233814875e-38,1.3021488062326967e-38,1.3197708517464266e-38,1.3375511674910512e-38,1.355490461034942e-38,1.373589439946473e-38,1.3918488117940162e-38,1.410269284145945e-38,1.4288515645706324e-38,1.4475963606364508e-38,1.4665043799117725e-38,1.485576329964972e-38,1.5048129183644207e-38,1.5242148526784923e-38,1.5437828404755585e-38,1.5635175893239937e-38,1.5834198067921693e-38,1.6034902004484584e-38,1.62372947786127e-38,1.6441383465989058e-38,1.6647175142297735e-38,1.685467688322247e-38,1.706389576444698e-38,1.7274838861655003e-38,1.7487513250530267e-38,1.77019260067565e-38,1.7918084206017429e-38,1.813599492399678e-38,1.835566523637829e-38,1.857710221884567e-38,1.8800312947082674e-38,1.9025304496773004e-38,1.9252083943600407e-38,1.9480658363248602e-38,1.9711034831401317e-38,1.9943220423742276e-38,2.0177222215955226e-38,2.0413047283723875e-38,2.065070270273197e-38,2.0890195548663232e-38,2.1131532897201385e-38,2.137472182403016e-38,2.161976940483329e-38,2.1866682715294497e-38,2.2115468831097512e-38,2.2366134827926057e-38,2.2618687781463856e-38,2.2873134767394645e-38,2.3129482861402161e-38,2.338773913917011e-38,2.364791067638226e-38,2.391000454872232e-38,2.417402783187401e-38,2.443998760152106e-38,2.470789093334722e-38,2.497774490303617e-38,2.5249556586271693e-38,2.5523333058737493e-38,2.57990813961173e-38,2.6076808674094834e-38,2.6356521968353843e-38,2.6638228354578033e-38,2.692193490845115e-38,2.7207648705656903e-38,2.749537682187903e-38,2.778512633280126e-38,2.807690431410732e-38,2.837071784148094e-38,2.866657399060584e-38,2.896447983716577e-38,2.926444245684443e-38,2.956646892532556e-38,2.98705663182929e-38,3.017674171143016e-38,3.0485002180421103e-38,3.079535480094943e-38,3.1107806648698867e-38,3.1422364799353147e-38,3.1739036328596017e-38,3.2057828312111183e-38,3.237874782558236e-38,3.27018019446933e-38,3.302699774512774e-38,3.33543423025694e-38,3.368384269270199e-38,3.401550599120925e-38,3.434933927377492e-38,3.4685349616082703e-38,3.5023544093816343e-38,3.5363929782659574e-38,3.570651375829611e-38,3.605130309640968e-38,3.6398304872684026e-38,3.6747526162802864e-38,3.709897404244992e-38,3.7452655587308953e-38,3.780857787306366e-38,3.8166747975397763e-38,3.852717296999503e-38,3.888985993253915e-38,3.925481593871384e-38,3.9622048064202887e-38,3.999156338468999e-38,4.0363368975858856e-38,4.073747191339322e-38,4.1113879272976843e-38,4.1492598130293436e-38,4.187363556102673e-38,4.2256998640860425e-38,4.26426944454783e-38,4.3030730050564053e-38,4.3421112531801403e-38,4.3813848964874114e-38,4.4208946425465876e-38,4.460641198926045e-38,4.500625273194157e-38,4.540847572919291e-38,4.5813088056698265e-38,4.6220096790141297e-38,4.6629509005205815e-38,4.704133177757547e-38,4.745557218293403e-38,4.78722372969652e-38,4.829133419535274e-38,4.871286995378034e-38,4.913685164793176e-38,4.956328635349073e-38,4.999218114614097e-38,5.04235431015662e-38,5.085737929545017e-38,5.129369680347658e-38,5.173250270132916e-38,5.217380406469164e-38,5.261760796924778e-38,5.306392149068127e-38,5.351275170467588e-38,5.39641056869153e-38,5.441799051308329e-38,5.487441325886353e-38,5.533338099993981e-38,5.579490081199581e-38,5.625897977071528e-38,5.672562495178193e-38,5.719484343087952e-38,5.766664228369174e-38,5.814102858590235e-38,5.861800941319504e-38,5.909759184125359e-38,5.957978294576167e-38,6.006458980240308e-38,6.055201948686147e-38,6.104207907482063e-38,6.153477564196427e-38,6.203011626397611e-38,6.252810801653989e-38,6.302875797533933e-38,6.353207321605813e-38,6.403806081438007e-38,6.454672784598884e-38,6.505808138656819e-38,6.557212851180183e-38,6.608887629737349e-38,6.660833181896695e-38,6.713050215226585e-38,6.765539437295399e-38,6.818301555671507e-38,6.871337277923283e-38,6.924647311619096e-38,6.978232364327327e-38,7.032093143616343e-38,7.086230357054518e-38,7.140644712210224e-38,7.195336916651833e-38,7.250307677947719e-38,7.305557703666257e-38,7.361087701375815e-38,7.41689837864477e-38,7.472990443041491e-38,7.529364602134356e-38,7.586021563491734e-38,7.642962034682e-38,7.700186723273529e-38,7.75769633683469e-38,7.815491582933857e-38,7.873573169139402e-38,7.93194180301969e-38,7.990598192143111e-38,8.049543044078031e-38,8.108777066392819e-38,8.168300966655851e-38,8.228115452435498e-38,8.28822123130014e-38,8.348619010818139e-38,8.409309498557869e-38,8.470293402087712e-38,8.531571428976029e-38,8.593144286791199e-38,8.6550126831016e-38,8.717177325475597e-38,8.779638921481565e-38,8.84239817868788e-38,8.90545580466291e-38,8.968812506975031e-38,9.032468993192612e-38,9.09642597088403e-38,9.160684147617655e-38,9.225244230961864e-38,9.290106928485024e-38,9.35527294775551e-38,9.420742996341693e-38,9.486517781811952e-38,9.552598011734655e-38,9.61898439367818e-38,9.685677635210894e-38,9.752678443901173e-38,9.81998752731739e-38,9.887605593027922e-38,9.955533348601133e-38,1.0023771501605398e-37,1.0092320759609092e-37,1.0161181830180583e-37,1.023035542088825e-37,1.0299842239300462e-37,1.0369642992985592e-37,1.0439758389512015e-37,1.0510189136448107e-37,1.0580935941362233e-37,1.065199951182277e-37,1.0723380555398088e-37,1.0795079779656562e-37,1.0867097892166566e-37,1.0939435600496472e-37,1.1012093612214653e-37,1.1085072634889482e-37,1.1158373376089332e-37,1.1231996543382575e-37,1.1305942844337584e-37,1.1380212986522736e-37,1.1454807677506397e-37,1.1529727624856942e-37,1.1604973536142753e-37,1.1680546118932188e-37,1.175644608079363e-37,1.1832674129295444e-37,1.1909230972006008e-37,1.1986117316493698e-37,1.2063333870326881e-37,1.2140881341073932e-37,1.221876043630322e-37,1.2296971863583125e-37,1.2375516330482015e-37,1.245439454456826e-37,1.2533607213410244e-37,1.2613155044576333e-37,1.2693038745634898e-37,1.2773259024154313e-37,1.2853816587702951e-37,1.2934712143849186e-37,1.301594640016139e-37,1.3097520064207938e-37,1.3179433843557195e-37,1.3261688445777547e-37,1.3344284578437355e-37,1.3427222949105002e-37,1.3510504265348852e-37,1.3594129234737279e-37,1.367809856483866e-37,1.376241296322136e-37,1.3847073137453759e-37,1.3932079795104234e-37,1.4017433643741143e-37,1.4103135390932872e-37,1.4189185744247793e-37,1.4275585411254279e-37,1.4362335099520693e-37,1.4449435516615418e-37,1.4536887370106821e-37,1.462469136756328e-37,1.4712848216553163e-37,1.4801358624644845e-37,1.48902232994067e-37,1.4979442948407098e-37,1.5069018279214412e-37,1.5158949999397016e-37,1.5249238816523284e-37,1.533988543816159e-37,1.5430890571880304e-37,1.55222549252478e-37,1.5613979205832445e-37,1.5706064121202623e-37,1.5798510378926703e-37,1.5891318686573053e-37,1.5984489751710052e-37,1.6078024281906066e-37,1.617192298472947e-37,1.6266186567748646e-37,1.6360815738531955e-37,1.6455811204647776e-37,1.6551173673664476e-37,1.6646903853150434e-37,1.674300245067402e-37,1.683947017380361e-37,1.6936307730107569e-37,1.7033515827154282e-37,1.7131095172512115e-37,1.7229046473749431e-37,1.7327370438434618e-37,1.7426067774136042e-37,1.7525139188422076e-37,1.7624585388861094e-37,1.772440708302147e-37,1.7824604978471582e-37,1.792517978277979e-37,1.8026132203514474e-37,1.8127462948244012e-37,1.822917272453677e-37,1.8331262239961126e-37,1.8433732202085444e-37,1.8536583318478105e-37,1.8639816296707478e-37,1.874343184434193e-37,1.884743066894985e-37,1.895181347809959e-37,1.9056580979359536e-37,1.916173388029805e-37,1.926727288848353e-37,1.9373198711484327e-37,1.9479512056868823e-37,1.9586213632205387e-37,1.9693304145062395e-37,1.980078430300821e-37,1.990865481361121e-37,2.0016916384439777e-37,2.0125569723062274e-37,2.0234615537047075e-37,2.0344054533962556e-37,2.0453887421377083e-37,2.0564114906859036e-37,2.0674737697976787e-37,2.078575650229871e-37,2.0897172027393177e-37,2.100898498082856e-37,2.1121196070173235e-37,2.1233806002995562e-37,2.134681548686392e-37,2.1460225229346694e-37,2.1574035938012236e-37,2.1688248320428943e-37,2.1802863084165172e-37,2.19178809367893e-37,2.2033302585869693e-37,2.214912873897473e-37,2.226536010367279e-37,2.2381997387532232e-37,2.2499041298121433e-37,2.2616492543008777e-37,2.273435182976262e-37,2.2852619865951346e-37,2.297129735914332e-37,2.309038501690693e-37,2.3209883546810535e-37,2.3329793656422516e-37,2.3450116053311236e-37,2.3570851445045076e-37,2.369200053919241e-37,2.381356404332161e-37,2.393554266500104e-37,2.4057937111799084e-37,2.4180748091284115e-37,2.4303976311024494e-37,2.4427622478588598e-37,2.4551687301544803e-37,2.4676171487461487e-37,2.480107574390702e-37,2.4926400778449764e-37,2.5052147298658107e-37,2.5178316012100415e-37,2.5304907626345053e-37,2.543192284896041e-37,2.555936238751485e-37,2.5687226949576735e-37,2.581551724271446e-37,2.5944233974496388e-37,2.6073377852490886e-37,2.6202949584266328e-37,2.633294987739109e-37,2.646337943943355e-37,2.6594238977962074e-37,2.6725529200545036e-37,2.6857250814750813e-37,2.6989404528147764e-37,2.7121991048304282e-37,2.725501108278873e-37,2.738846533916948e-37,2.7522354525014906e-37,2.765667934789338e-37,2.779144051537328e-37,2.792663873502298e-37,2.806227471441083e-37,2.819834916110523e-37,2.8334862782674545e-37,2.8471816286687153e-37,2.8609210380711407e-37,2.8747045772315706e-37,2.88853231690684e-37,2.902404327853787e-37,2.9163206808292494e-37,2.9302814465900634e-37,2.9442866958930673e-37,2.9583364994950976e-37,2.9724309281529933e-37,2.98657005262359e-37,3.000753943663725e-37,3.0149826720302363e-37,3.029256308479961e-37,3.0435749237697354e-37,3.057938588656399e-37,3.0723473738967872e-37,3.086801350247738e-37,3.101300588466089e-37,3.1158451593086764e-37,3.130435133532338e-37,3.145070581893912e-37,3.159751575150234e-37,3.1744781840581423e-37,3.189250479374474e-37,3.204068531856065e-37,3.218932412259755e-37,3.2338421913423798e-37,3.2487979398607773e-37,3.2637997285717855e-37,3.2788476282322404e-37,3.2939417095989785e-37,3.3090820434288386e-37,3.324268700478659e-37,3.339501751505274e-37,3.3547812672655245e-37,3.3701073185162435e-37,3.3854799760142726e-37,3.400899310516447e-37,3.416365392779604e-37,3.431878293560581e-37,3.447438083616214e-37,3.463044833703343e-37,3.4786986145788034e-37,3.4943994969994324e-37,3.5101475517220676e-37,3.525942849503547e-37,3.5417854611007067e-37,3.557675457270386e-37,3.573612908769421e-37,3.5895978863546476e-37,3.6056304607829044e-37,3.6217107028110274e-37,3.6378386831958563e-37,3.6540144726942285e-37,3.670238142062979e-37,3.6865097620589466e-37,3.7028294034389684e-37,3.7191971369598803e-37,3.7356130333785206e-37,3.752077163451726e-37,3.7685895979363336e-37,3.785150407589183e-37,3.80175966316711e-37,3.818417435426951e-37,3.835123795125545e-37,3.851878813019728e-37,3.868682559866338e-37,3.885535106422211e-37,3.902436523444185e-37,3.919386881689096e-37,3.936386251913786e-37,3.953434704875087e-37,3.970532311329839e-37,3.9876791420348785e-37,4.004875267747043e-37,4.022120759223171e-37,4.0394156872200985e-37,4.056760122494662e-37,4.074154135803701e-37,4.091597797904049e-37,4.109091179552546e-37,4.12663435150603e-37,4.144227384521336e-37,4.161870349355303e-37,4.179563316764768e-37,4.197306357506568e-37,4.21509954233754e-37,4.232942942014522e-37,4.2508366272943506e-37,4.268780668933863e-37,4.286775137689896e-37,4.30482010431929e-37,4.322915639578879e-37,4.341061814225501e-37,4.359258699015993e-37,4.3775063647071935e-37,4.3958048820559405e-37,4.4141543218190676e-37,4.432554754753416e-37,4.451006251615821e-37,4.469508883163121e-37,4.488062720152152e-37,4.506667833339752e-37,4.525324293482758e-37,4.5440321713380085e-37,4.562791537662339e-37,4.581602463212587e-37,4.6004650187455904e-37,4.619379275018187e-37,4.638345302787212e-37,4.657363172809505e-37,4.676432955841902e-37,4.695554722641243e-37,4.714728543964361e-37,4.733954490568096e-37,4.753232633209284e-37,4.772563042644763e-37,4.791945789631371e-37,4.811380944925945e-37,4.8308685792853185e-37,4.850408763466335e-37,4.870001568225827e-37,4.889647064320635e-37,4.909345322507594e-37,4.929096413543543e-37,4.948900408185318e-37,4.9687573771897574e-37,4.988667391313698e-37,5.008630521313976e-37,5.028646837947429e-37,5.048716411970896e-37,5.068839314141212e-37,5.089015615215217e-37,5.109245385949745e-37,5.129528697101636e-37,5.1498656194277255e-37,5.170256223684852e-37,5.190700580629854e-37,5.2111987610195655e-37,5.231750835610826e-37,5.25235687516047e-37,5.2730169504253385e-37,5.293731132162268e-37,5.3144994911280935e-37,5.335322098079655e-37,5.35619902377379e-37,5.3771303389673315e-37,5.398116114417121e-37,5.419156420879995e-37,5.440251329112788e-37,5.461400909872342e-37,5.48260523391549e-37,5.5038643719990715e-37,5.525178394879923e-37,5.5465473733148845e-37,5.5679713780607885e-37,5.589450479874477e-37,5.610984749512783e-37,5.632574257732547e-37,5.654219075290603e-37,5.675919272943792e-37,5.69767492144895e-37,5.719486091562913e-37,5.741352854042519e-37,5.763275279644605e-37,5.785253439126012e-37,5.80728740324357e-37,5.829377242754122e-37,5.851523028414505e-37,5.8737248309815535e-37,5.895982721212107e-37,5.9182967698630016e-37,5.940667047691076e-37,5.963093625453165e-37,5.985576573906105e-37,6.00811596380674e-37,6.0307118659119015e-37,6.053364350978428e-37,6.076073489763157e-37,6.098839353022926e-37,6.1216620115145734e-37,6.144541535994933e-37,6.167477997220846e-37,6.190471465949148e-37,6.213522012936677e-37,6.236629708940267e-37,6.259794624716758e-37,6.283016831022989e-37,6.306296398615795e-37,6.329633398252014e-37,6.35302790068848e-37,6.376479976682036e-37,6.399989696989517e-37,6.42355713236776e-37,6.447182353573598e-37,6.470865431363877e-37,6.494606436495428e-37,6.518405439725087e-37,6.542262511809697e-37,6.566177723506093e-37,6.590151145571112e-37,6.614182848761588e-37,6.6382729038343636e-37,6.662421381546272e-37,6.686628352654153e-37,6.710893887914843e-37,6.7352180580851805e-37,6.759600933922002e-37,6.784042586182144e-37,6.808543085622445e-37,6.833102502999742e-37,6.857720909070872e-37,6.882398374592672e-37,6.907134970321977e-37,6.93193076701563e-37,6.9567858354304634e-37,6.9817002463233165e-37,7.0066740704510235e-37,7.031707378570427e-37,7.0568002414383605e-37,7.081952729811663e-37,7.107164914447175e-37,7.132436866101724e-37,7.157768655532157e-37,7.183160353495305e-37,7.208612030748009e-37,7.234123758047106e-37,7.259695606149431e-37,7.285327645811822e-37,7.31101994779112e-37,7.336772582844156e-37,7.362585621727773e-37,7.388459135198807e-37,7.414393194014092e-37,7.440387868930468e-37,7.466443230704771e-37,7.492559350093841e-37,7.51873629785451e-37,7.544974144743621e-37,7.57127296151801e-37,7.597632818934511e-37,7.624053787749966e-37,7.650535938721207e-37,7.677079342605076e-37,7.703684070158404e-37,7.730350192138035e-37,7.757077779300805e-37,7.783866902403548e-37,7.810717632203106e-37,7.837630039456311e-37,7.864604194920004e-37,7.891640169351025e-37,7.918738033506204e-37,7.945897858142382e-37,7.973119714016396e-37,8.000403671885082e-37,8.027749802505282e-37,8.055158176633827e-37,8.08262886502756e-37,8.110161938443313e-37,8.137757467637928e-37,8.165415523368238e-37,8.193136176391082e-37,8.2209194974633e-37,8.248765557341723e-37,8.276674426783195e-37,8.304646176544551e-37,8.332680877382626e-37,8.360778600054262e-37,8.388939415316293e-37,8.417163393925555e-37,8.445450606638888e-37,8.473801124213128e-37,8.502215017405114e-37,8.530692356971682e-37,8.559233213669665e-37,8.587837658255907e-37,8.616505761487244e-37,8.645237594120507e-37,8.674033226912543e-37,8.702892730620182e-37,8.731816176000265e-37,8.760803633809626e-37,8.789855174805104e-37,8.81897086974354e-37,8.848150789381766e-37,8.877395004476622e-37,8.906703585784944e-37,8.936076604063571e-37,8.965514130069336e-37,8.995016234559081e-37,9.024582988289643e-37,9.054214462017855e-37,9.08391072650056e-37,9.113671852494596e-37,9.143497910756792e-37,9.173388972043991e-37,9.203345107113032e-37,9.233366386720748e-37,9.263452881623977e-37,9.29360466257956e-37,9.32382180034433e-37,9.354104365675125e-37,9.384452429328783e-37,9.414866062062139e-37,9.445345334632037e-37,9.475890317795307e-37,9.50650108230879e-37,9.537177698929323e-37,9.567920238413743e-37,9.598728771518887e-37,9.62960336900159e-37,9.660544101618692e-37,9.69155104012703e-37,9.722624255283441e-37,9.753763817844763e-37,9.784969798567836e-37,9.81624226820949e-37,9.84758129752657e-37,9.878986957275907e-37,9.910459318214344e-37,9.941998451098712e-37,9.973604426685852e-37,1.0005277315732602e-36,1.0037017188995797e-36,1.0068824117232273e-36,1.0100698171198871e-36,1.013263942165243e-36,1.0164647939349784e-36,1.019672379504777e-36,1.0228867059503223e-36,1.0261077803472981e-36,1.0293356097713887e-36,1.0325702012982774e-36,1.0358115620036478e-36,1.039059698963184e-36,1.0423146192525694e-36,1.045576329947488e-36,1.0488448381236234e-36,1.0521201508566594e-36,1.0554022752222796e-36,1.0586912182961677e-36,1.0619869871540075e-36,1.0652895888714832e-36,1.0685990305242776e-36,1.0719153191880751e-36,1.075238461938559e-36,1.0785684658514134e-36,1.081905338002322e-36,1.0852490854669683e-36,1.0885997153210362e-36,1.0919572346402092e-36,1.0953216505001714e-36,1.0986929699766062e-36,1.1020712001451974e-36,1.105456348081629e-36,1.1088484208615844e-36,1.1122474255607475e-36,1.1156533692548019e-36,1.1190662590194314e-36,1.1224861019303195e-36,1.1259129050631503e-36,1.1293466754936076e-36,1.1327874202973746e-36,1.1362351465501356e-36,1.1396898613275739e-36,1.1431515717053736e-36,1.146620284759218e-36,1.1500960075647913e-36,1.1535787471977769e-36,1.1570685107338584e-36,1.1605653052487201e-36,1.1640691378180454e-36,1.1675800155175178e-36,1.1710979454228212e-36,1.1746229346096391e-36,1.1781549901536557e-36,1.1816941191305549e-36,1.1852403286160195e-36,1.1887936256857341e-36,1.1923540174153816e-36,1.1959215108806468e-36,1.3506032245160983e-17,2.7689634575929493e-17,4.2605678635585444e-17,5.83151977950522e-17,7.488632419200408e-17,9.239538588844417e-17,1.1092820571048989e-16,1.305816516424033e-16,1.5146550071937618e-16,1.7370469501167431e-16,1.9744209087475282e-16,2.228418332367527e-16,2.5009352836822405e-16,2.794174458635904e-16,3.110710601566611e-16,3.45357353840709e-16,3.8263546465398043e-16,4.2333448883185896e-16,4.679715927835974e-16,5.171760923325866e-16,5.717219318181076e-16,6.325721983102327e-16,7.009412221275256e-16,7.783829473358821e-16,8.669195341230774e-16,9.692333733289376e-16,1.0889625332197283e-15,1.2311723476477126e-15,1.4031452723408098e-15,1.6158010253975742e-15,1.8865778478373678e-15,2.2467564417293867e-15,2.768912143202281e-15,3.739147381171016e-15,7.486331156198084e-15,4.888234038757868e-14,8.106893713324392e-13,1.3111371228019343e-11,1.3653098678057628e-10,8.693829369982168e-10,3.6732090607816964e-09,1.135421154073587e-08,2.781257137933678e-08,5.727019772017027e-08,1.0341196559619766e-07,1.6874911323987077e-07,2.542924040618608e-07,3.595087676644411e-07,4.825015462492663e-07,6.203425882526451e-07,7.694778378325246e-07,9.261322150714288e-07,1.0866570619193229e-06,1.2477886241854773e-06,1.406810091707075e-06,1.561625963626206e-06,1.7107641070447442e-06,1.8533210206157708e-06,1.9888654114675373e-06,2.1173178519055232e-06,2.2388275267857727e-06,2.3536655437602244e-06,2.4621465899258795e-06,2.564580897783177e-06,2.661251274041014e-06,2.7524070968165444e-06,2.838267696123502e-06,2.9190295657365374e-06,2.9948740404319205e-06,3.0659737755756184e-06,3.1324974626329093e-06,3.194612813586827e-06,3.2524881132174628e-06,3.3062927104952915e-06,3.3561967958106873e-06,3.4023707472654264e-06,3.444984258585165e-06,3.4842053973417837e-06,3.5201996907280732e-06,3.5531292972299358e-06,3.583152294823997e-06,3.6104220974173456e-06,3.6350869990287797e-06,3.657289837824734e-06,3.6771677680810997e-06,3.6948521263732567e-06,3.7104683779651947e-06,3.7241361299578597e-06,3.7359691988166276e-06,3.7460757212322026e-06,3.7545582986753543e-06,3.7615141673434644e-06,3.7670353865431247e-06,3.771209039652734e-06,3.7741174428863467e-06,3.7758383579639943e-06,3.7764452055465153e-06,3.7760072769878548e-06,3.774589942463955e-06,3.772254854028241e-06,3.7690601424989927e-06,3.765060607422663e-06,3.7603078995304165e-06,3.754850695444629e-06,3.7487348644116856e-06,3.7420036270546608e-06,3.7346977061960546e-06,3.7268554698890835e-06,3.718513066880986e-06,3.709704554705181e-06,3.7004620207174812e-06,3.690815696304328e-06,3.6807940646161504e-06,3.6704239621410762e-06,3.659730674339866e-06,3.648738025738306e-06,3.6374684647219074e-06,3.625943143348308e-06,3.6141819924293173e-06,3.6022037921367185e-06,3.590026238506679e-06,3.5776660058884028e-06,3.5651388057293047e-06,3.552459441894185e-06,3.5396418626437175e-06,3.5266992095470952e-06,3.5136438635166415e-06,3.500487488088819e-06,3.487241070171079e-06,3.473914958347119e-06,3.460518898980505e-06,3.447062070165465e-06,3.433553113692787e-06,3.4200001651471685e-06,3.4064108822633205e-06,3.392792471619589e-06,3.3791517138019893e-06,3.3654949870892785e-06,3.3518282897751955e-06,3.3381572613074344e-06,3.3244872020089147e-06,3.310823091857057e-06,3.297169608147441e-06,3.283531142097034e-06,3.2699118146188072e-06,3.2563154910636715e-06,3.2427457952481863e-06,3.2292061226719177e-06,3.2156996529519502e-06,3.202229361616428e-06,3.1887980312097724e-06,3.175408261804842e-06,3.162062480953593e-06,3.1487629529553787e-06,3.135511787880874e-06,3.1223109498233876e-06,3.1091622648744964e-06,3.0960674285976676e-06,3.0830280131144886e-06,3.0700454738036207e-06,3.0571211556393406e-06,3.044256299188145e-06,3.031452046284868e-06,3.018709445396216e-06,3.006029456711766e-06,2.993412956955016e-06,2.9808607439411206e-06,2.9683735408885693e-06,2.955952000521158e-06,2.9435967088888514e-06,2.9313081890991373e-06,2.9190869047676177e-06,2.906933263273951e-06,2.8948476189309294e-06,2.8828302759011884e-06,2.8708814910532485e-06,2.859001476542719e-06,2.847190402374951e-06,2.83544839878284e-06,2.8237755584859577e-06,2.8121719388386935e-06,2.800637563859696e-06,2.789172426160378e-06,2.777776488786356e-06,2.766449686932278e-06,2.755191929596943e-06,2.7440031011461433e-06,2.732883062788066e-06,2.7218316539622716e-06,2.710848693734115e-06,2.6999339819655118e-06,2.689087300574125e-06,2.678308414652378e-06,2.6675970735447963e-06,2.6569530118823204e-06,2.646375950539746e-06,2.6358655975546423e-06,2.625421649008069e-06,2.6150437898505188e-06,2.6047316946802316e-06,2.5944850285062053e-06,2.5843034474205797e-06,2.5741865993061707e-06,2.5641341244492102e-06,2.5541456561448175e-06,2.5442208212701956e-06,2.534359240823274e-06,2.5245605304385387e-06,2.5148243008655403e-06,2.5051501584393073e-06,2.4955377055110514e-06,2.485986540857459e-06,2.4764962600799734e-06,2.467066455969654e-06,2.4576967188590946e-06,2.448386636954774e-06,2.4391357966506622e-06,2.4299437828236498e-06,2.4208101791174724e-06,2.4117345682055463e-06,2.402716532042986e-06,2.393755652103343e-06,2.384851509602456e-06,2.3760036857097034e-06,2.367211761747361e-06,2.3584753193786003e-06,2.3497939407824327e-06,2.3411672088299163e-06,2.3325947072275006e-06,2.3240760206739733e-06,2.315610734997809e-06,2.3071984372875095e-06,2.298838716014658e-06,2.290531161148967e-06,2.2822753642661887e-06,2.274070918649643e-06,2.265917419384606e-06,2.2578144634468487e-06,2.249761649785231e-06,2.241758579398707e-06,2.23380485540802e-06,2.2259000831218357e-06,2.218043870100497e-06,2.210235826210524e-06,2.202475563679304e-06,2.194762697143474e-06,2.187096843694689e-06,2.179477622919232e-06,2.171904656937317e-06,2.164377570435406e-06,2.156895990700528e-06,2.1494595476448274e-06,2.1420678738339277e-06,2.134720604508532e-06,2.12741737760329e-06,2.1201578337657346e-06,2.1129416163711253e-06,2.105768371535636e-06,2.098637748127165e-06,2.0915493977747714e-06,2.0845029748754485e-06,2.077498136599951e-06,2.070534542896274e-06,2.063611856491797e-06,2.05672974289435e-06,2.049887870391268e-06,2.0430859100473567e-06,2.0363235357016764e-06,2.029600423963097e-06,2.0229162542044886e-06,2.0162707085565554e-06,2.0096634718997503e-06,2.0030942318559305e-06,1.99656267877895e-06,1.990068505744347e-06,1.9836114085383503e-06,1.977191085646102e-06,1.970807238239265e-06,1.964459570162975e-06,1.95814778792215e-06,1.951871600667299e-06,1.9456307201798053e-06,1.9394248608567395e-06,1.9332537396951733e-06,1.9271170762761482e-06,1.9210145927482146e-06,1.9149460138106643e-06,1.9089110666963354e-06,1.9029094811542968e-06,1.89694098943203e-06,1.8910053262575669e-06,1.8851022288213075e-06,1.8792314367575872e-06,1.8733926921261773e-06,1.8675857393934385e-06,1.8618103254136362e-06,1.8560661994097691e-06,1.8503531129545081e-06,1.844670819951002e-06,1.8390190766134618e-06,1.8333976414479467e-06,1.8278062752328577e-06,1.8222447409994887e-06,1.8167128040125966e-06,1.8112102317507773e-06,1.8057367938870115e-06,1.8002922622691526e-06,1.7948764109004788e-06,1.7894890159201014e-06,1.784129855583602e-06,1.7787987102436113e-06,1.7734953623304303e-06,1.7682195963327535e-06,1.7629711987783894e-06,1.7577499582151213e-06,1.7525556651915715e-06,1.7473881122381906e-06,1.7422470938483165e-06,1.7371324064593367e-06,1.7320438484339125e-06,1.7269812200413295e-06,1.7219443234389394e-06,1.71693296265372e-06,1.7119469435639245e-06,1.7069860738808705e-06,1.7020501631308244e-06,1.6971390226370076e-06,1.6922524655017428e-06,1.6873903065886935e-06,1.6825523625052863e-06,1.6777384515851893e-06,1.6729483938708945e-06,1.6681820110966431e-06,1.6634391266712212e-06,1.6587195656610377e-06,1.6540231547733088e-06,1.6493497223393574e-06,1.6446990982980497e-06,1.640071114179531e-06,1.6354656030887569e-06,1.6308823996894977e-06,1.6263213401883262e-06,1.6217822623187774e-06,1.6172650053256543e-06,1.6127694099494646e-06,1.6082953184110156e-06,1.6038425743961171e-06,1.5994110230404972e-06,1.5950005109147775e-06,1.5906108860096352e-06,1.5862419977211164e-06,1.5818936968360535e-06,1.5775658355176523e-06,1.5732582672912234e-06,1.5689708470300218e-06,1.5647034309412664e-06,1.5604558765522686e-06,1.556228042696715e-06,1.5520197895010672e-06,1.5478309783711795e-06,1.5436614719788989e-06,1.5395111342489375e-06,1.5353798303458516e-06,1.5312674266611014e-06,1.5271737908003135e-06,1.5230987915706171e-06,1.5190422989681511e-06,1.5150041841656945e-06,1.510984319500388e-06,1.5069825784617247e-06,1.5029988356794038e-06,1.4990329669115876e-06,1.495084849033127e-06,1.4911543600239637e-06,1.487241378957643e-06,1.4833457859899477e-06,1.4794674623476739e-06,1.4756062903174983e-06,1.4717621532349888e-06,1.4679349354737283e-06,1.464124522434553e-06,1.4603308005349065e-06,1.4565536571983172e-06,1.4527929808439858e-06,1.4490486608764863e-06,1.4453205876755825e-06,1.4416086525861478e-06,1.4379127479082093e-06,1.434232766887096e-06,1.4305686037036803e-06,1.4269201534647708e-06,1.4232873121935408e-06,1.4196699768201321e-06,1.4160680451723192e-06,1.4124814159663016e-06,1.4089099887975766e-06,1.405353664131931e-06,1.4018123432965253e-06,1.3982859284710757e-06,1.3947743226791364e-06,1.391277429779479e-06,1.387795154457567e-06,1.3843274022171243e-06,1.3808740793717995e-06,1.3774350930369241e-06,1.3740103511213572e-06,1.3705997623194246e-06,1.3672032361029512e-06,1.3638206827133786e-06,1.3604520131539656e-06,1.357097139182084e-06,1.3537559733015996e-06,1.3504284287553328e-06,1.3471144195176088e-06,1.3438138602868859e-06,1.3405266664784682e-06,1.3372527542173061e-06,1.3339920403308635e-06,1.3307444423420737e-06,1.3275098784623814e-06,1.3242882675848382e-06,1.321079529277304e-06,1.3178835837757013e-06,1.3147003519773572e-06,1.3115297554344143e-06,1.3083717163473213e-06,1.305226157558384e-06,1.3020930025454058e-06,1.2989721754153796e-06,1.2958636008982607e-06,1.292767204340811e-06,1.2896829117005065e-06,1.286610649539509e-06,1.283550345018718e-06,1.2805019258918731e-06,1.277465320499732e-06,1.2744404577643066e-06,1.2714272671831717e-06,1.2684256788238263e-06,1.2654356233181233e-06,1.2624570318567595e-06,1.2594898361838288e-06,1.2565339685914284e-06,1.2535893619143352e-06,1.2506559495247322e-06,1.2477336653269928e-06,1.244822443752532e-06,1.2419222197547012e-06,1.2390329288037537e-06,1.236154506881848e-06,1.233286890478123e-06,1.2304300165838185e-06,1.2275838226874442e-06,1.2247482467700177e-06,1.221923227300337e-06,1.2191087032303157e-06,1.2163046139903634e-06,1.2135108994848217e-06,1.2107275000874474e-06,1.2079543566369405e-06,1.205191410432527e-06,1.2024386032295939e-06,1.1996958772353537e-06,1.1969631751045788e-06,1.1942404399353622e-06,1.1915276152649382e-06,1.1888246450655454e-06,1.186131473740323e-06,1.1834480461192711e-06,1.1807743074552347e-06,1.1781102034199482e-06,1.1754556801001106e-06,1.172810683993505e-06,1.1701751620051664e-06,1.1675490614435846e-06,1.1649323300169477e-06,1.1623249158294258e-06,1.1597267673775007e-06,1.157137833546328e-06,1.1545580636061376e-06,1.151987407208678e-06,1.1494258143836966e-06,1.1468732355354531e-06,1.1443296214392776e-06,1.1417949232381568e-06,1.139269092439363e-06,1.1367520809111174e-06,1.134243840879286e-06,1.1317443249241116e-06,1.129253485976984e-06,1.126771277317239e-06,1.1242976525689937e-06,1.121832565698015e-06,1.1193759710086207e-06,1.1169278231406143e-06,1.1144880770662491e-06,1.1120566880872274e-06,1.1096336118317275e-06,1.1072188042514673e-06,1.1048122216187929e-06,1.1024138205238007e-06,1.1000235578714843e-06,1.0976413908789285e-06,1.0952672770725e-06,1.0929011742851036e-06,1.0905430406534392e-06,1.0881928346153024e-06,1.0858505149069088e-06,1.0835160405602446e-06,1.0811893709004442e-06,1.078870465543199e-06,1.076559284392188e-06,1.0742557876365356e-06,1.0719599357483006e-06,1.069671689479986e-06,1.0673910098620716e-06,1.0651178582005803e-06,1.0628521960746635e-06,1.0605939853342097e-06,1.0583431880974813e-06,1.0560997667487788e-06,1.0538636839361165e-06,1.051634902568933e-06,1.0494133858158249e-06,1.047199097102291e-06,1.0449920001085184e-06,1.0427920587671734e-06,1.0405992372612253e-06,1.0384135000217886e-06,1.0362348117259867e-06,1.034063137294838e-06,1.0318984418911614e-06,1.0297406909175076e-06,1.0275898500141047e-06,1.0254458850568267e-06,1.0233087621551868e-06,1.0211784476503438e-06,1.0190549081131323e-06,1.0169381103421119e-06,1.0148280213616347e-06,1.0127246084199348e-06,1.0106278389872329e-06,1.0085376807538623e-06,1.0064541016284125e-06,1.0043770697358912e-06,1.0023065534159045e-06,1.0002425212208564e-06,9.981849419141617e-07,9.961337844684827e-07,9.940890180639793e-07,9.92050612086573e-07,9.90018536126237e-07,9.879927599752964e-07,9.85973253626745e-07,9.83959987272579e-07,9.819529313021512e-07,9.799520563005352e-07,9.779573330469094e-07,9.75968732512955e-07,9.739862258612648e-07,9.720097844437867e-07,9.700393798002528e-07,9.680749836566482e-07,9.661165679236746e-07,9.641641046952546e-07,9.62217566247024e-07,9.602769250348528e-07,9.583421536933783e-07,9.564132250345495e-07,9.544901120461877e-07,9.525727878905606e-07,9.506612259029692e-07,9.487553995903493e-07,9.468552826298857e-07,9.449608488676375e-07,9.430720723171821e-07,9.411889271582634e-07,9.393113877354633e-07,9.374394285568764e-07,9.355730242928026e-07,9.3371214977445e-07,9.318567799926507e-07,9.300068900965879e-07,9.281624553925368e-07,9.263234513426143e-07,9.244898535635437e-07,9.226616378254294e-07,9.208387800505403e-07,9.190212563121119e-07,9.172090428331505e-07,9.154021159852557e-07,9.136004522874506e-07,9.11804028405023e-07,9.100128211483771e-07,9.082268074718983e-07,9.064459644728246e-07,9.04670269390131e-07,9.028996996034259e-07,9.011342326318513e-07,8.993738461330013e-07,8.976185179018437e-07,8.95868225869656e-07,8.941229481029677e-07,8.923826628025151e-07,8.906473483022056e-07,8.889169830680877e-07,8.871915456973347e-07,8.854710149172374e-07,8.837553695842015e-07,8.820445886827598e-07,8.803386513245885e-07,8.78637536747537e-07,8.769412243146634e-07,8.752496935132781e-07,8.735629239539981e-07,8.718808953698106e-07,8.702035876151418e-07,8.685309806649361e-07,8.66863054613744e-07,8.651997896748166e-07,8.635411661792095e-07,8.618871645748942e-07,8.602377654258766e-07,8.585929494113267e-07,8.569526973247106e-07,8.553169900729343e-07,8.536858086754964e-07,8.520591342636419e-07,8.504369480795308e-07,8.488192314754085e-07,8.472059659127877e-07,8.455971329616345e-07,8.439927142995638e-07,8.423926917110393e-07,8.407970470865831e-07,8.392057624219925e-07,8.376188198175589e-07,8.360362014773003e-07,8.34457889708196e-07,8.328838669194289e-07,8.313141156216358e-07,8.2974861842616e-07,8.281873580443197e-07,8.266303172866699e-07,8.250774790622819e-07,8.235288263780231e-07,8.219843423378436e-07,8.204440101420723e-07,8.189078130867137e-07,8.173757345627566e-07,8.158477580554837e-07,8.143238671437908e-07,8.128040454995094e-07,8.112882768867369e-07,8.097765451611713e-07,8.082688342694522e-07,8.067651282485067e-07,8.05265411224903e-07,8.037696674142054e-07,8.022778811203411e-07,8.007900367349655e-07,7.993061187368371e-07,7.978261116911967e-07,7.963500002491511e-07,7.948777691470654e-07,7.934094032059546e-07,7.919448873308843e-07,7.90484206510378e-07,7.890273458158238e-07,7.875742904008912e-07,7.861250255009516e-07,7.846795364325011e-07,7.832378085925908e-07,7.817998274582629e-07,7.803655785859866e-07,7.789350476111057e-07,7.775082202472831e-07,7.760850822859557e-07,7.74665619595793e-07,7.732498181221572e-07,7.718376638865698e-07,7.704291429861855e-07,7.690242415932631e-07,7.676229459546488e-07,7.662252423912584e-07,7.648311172975651e-07,7.63440557141094e-07,7.620535484619158e-07,7.606700778721518e-07,7.592901320554732e-07,7.579136977666152e-07,7.565407618308867e-07,7.551713111436883e-07,7.538053326700331e-07,7.524428134440716e-07,7.510837405686205e-07,7.497281012146943e-07,7.483758826210433e-07,7.470270720936908e-07,7.456816570054805e-07,7.443396247956209e-07,7.430009629692378e-07,7.416656590969297e-07,7.403337008143241e-07,7.390050758216416e-07,7.376797718832604e-07,7.363577768272854e-07,7.350390785451198e-07,7.33723664991043e-07,7.324115241817862e-07,7.311026441961195e-07,7.297970131744338e-07,7.284946193183335e-07,7.271954508902265e-07,7.258994962128815e-07,7.246067436691418e-07,7.233171817014178e-07,7.220307988113254e-07,7.207475835592953e-07,7.194675245641828e-07,7.181906105028862e-07,7.169168301099624e-07,7.156461721772473e-07,7.143786255534801e-07,7.131141791439299e-07,7.118528219100251e-07,7.105945428689858e-07,7.093393310934599e-07,7.080871757111596e-07,7.068380659045056e-07,7.055919909102661e-07,7.043489400192089e-07,7.031089025757455e-07,7.018718679775886e-07,7.006378256754023e-07,6.994067651724614e-07,6.981786760243126e-07,6.969535478384349e-07,6.957313702739089e-07,6.945121330410782e-07,6.932958259012275e-07,6.920824386662504e-07,6.908719611983281e-07,6.896643834096041e-07,6.884596952618685e-07,6.87257886766239e-07,6.860589479828466e-07,6.848628690205238e-07,6.836696400364937e-07,6.824792512360646e-07,6.812916928723241e-07,6.801069552458353e-07,6.789250287043378e-07,6.777459036424492e-07,6.765695705013681e-07,6.753960197685831e-07,6.742252419775792e-07,6.730572277075483e-07,6.718919675831044e-07,6.707294522739972e-07,6.6956967249483e-07,6.68412619004778e-07,6.672582826073115e-07,6.661066541499179e-07,6.649577245238301e-07,6.638114846637508e-07,6.626679255475851e-07,6.615270381961714e-07,6.603888136730136e-07,6.592532430840206e-07,6.581203175772401e-07,6.569900283426023e-07,6.558623666116575e-07,6.547373236573233e-07,6.536148907936271e-07,6.52495059375457e-07,6.513778207983071e-07,6.502631664980323e-07,6.491510879505977e-07,6.480415766718381e-07,6.469346242172083e-07,6.458302221815473e-07,6.447283621988357e-07,6.436290359419572e-07,6.425322351224647e-07,6.41437951490343e-07,6.403461768337769e-07,6.392569029789213e-07,6.381701217896694e-07,6.370858251674269e-07,6.360040050508852e-07,6.349246534157962e-07,6.338477622747506e-07,6.327733236769552e-07,6.317013297080152e-07,6.306317724897138e-07,6.295646441797984e-07,6.284999369717629e-07,6.274376430946372e-07,6.263777548127725e-07,6.253202644256336e-07,6.242651642675878e-07,6.232124467077e-07,6.221621041495245e-07,6.211141290309028e-07,6.200685138237589e-07,6.190252510339001e-07,6.179843332008144e-07,6.169457528974745e-07,6.15909502730139e-07,6.148755753381574e-07,6.138439633937749e-07,6.128146596019412e-07,6.117876567001178e-07,6.107629474580873e-07,6.097405246777652e-07,6.087203811930136e-07,6.077025098694523e-07,6.066869036042764e-07,6.056735553260704e-07,6.046624579946291e-07,6.036536046007731e-07,6.026469881661718e-07,6.016426017431634e-07,6.00640438414578e-07,5.996404912935623e-07,5.986427535234039e-07,5.976472182773585e-07,5.966538787584777e-07,5.95662728199436e-07,5.946737598623648e-07,5.93686967038679e-07,5.927023430489138e-07,5.917198812425544e-07,5.907395749978742e-07,5.897614177217687e-07,5.887854028495929e-07,5.878115238449988e-07,5.868397741997765e-07,5.85870147433694e-07,5.849026370943366e-07,5.839372367569536e-07,5.829739400242972e-07,5.820127405264715e-07,5.810536319207748e-07,5.800966078915495e-07,5.791416621500281e-07,5.781887884341825e-07,5.772379805085751e-07,5.762892321642076e-07,5.753425372183755e-07,5.743978895145188e-07,5.734552829220788e-07,5.725147113363512e-07,5.715761686783415e-07,5.70639648894624e-07,5.697051459571983e-07,5.687726538633491e-07,5.678421666355058e-07,5.669136783211022e-07,5.659871829924403e-07,5.650626747465523e-07,5.641401477050629e-07,5.632195960140551e-07,5.623010138439362e-07,5.613843953893021e-07,5.604697348688073e-07,5.595570265250299e-07,5.586462646243435e-07,5.577374434567854e-07,5.568305573359281e-07,5.559256005987495e-07,5.550225676055081e-07,5.54121452739614e-07,5.532222504075041e-07,5.523249550385162e-07,5.51429561084766e-07,5.505360630210226e-07,5.496444553445878e-07,5.487547325751718e-07,5.478668892547745e-07,5.469809199475644e-07,5.460968192397586e-07,5.452145817395064e-07,5.443342020767688e-07,5.434556749032046e-07,5.425789948920509e-07,5.417041567380093e-07,5.408311551571327e-07,5.399599848867081e-07,5.390906406851457e-07,5.382231173318659e-07,5.373574096271879e-07,5.364935123922171e-07,5.356314204687365e-07,5.347711287190971e-07,5.339126320261078e-07,5.330559252929286e-07,5.322010034429619e-07,5.31347861419747e-07,5.304964941868532e-07,5.296468967277743e-07,5.287990640458248e-07,5.279529911640345e-07,5.27108673125047e-07,5.262661049910152e-07,5.254252818435004e-07,5.2458619878337e-07,5.237488509306978e-07,5.229132334246636e-07,5.220793414234531e-07,5.212471701041598e-07,5.204167146626866e-07,5.195879703136484e-07,5.187609322902748e-07,5.179355958443141e-07,5.171119562459373e-07,5.16290008783644e-07,5.154697487641662e-07,5.146511715123757e-07,5.138342723711908e-07,5.130190467014823e-07,5.122054898819835e-07,5.113935973091969e-07,5.105833643973036e-07,5.097747865780735e-07,5.08967859300775e-07,5.081625780320861e-07,5.073589382560047e-07,5.065569354737627e-07,5.057565652037346e-07,5.049578229813553e-07,5.041607043590298e-07,5.033652049060483e-07,5.025713202085022e-07,5.017790458691968e-07,5.009883775075687e-07,5.00199310759602e-07,4.994118412777438e-07,4.986259647308219e-07,4.978416768039633e-07,4.970589731985114e-07,4.962778496319454e-07,4.954983018377987e-07,4.947203255655803e-07,4.93943916580693e-07,4.931690706643552e-07,4.923957836135222e-07,4.916240512408076e-07,4.908538693744059e-07,4.900852338580138e-07,4.893181405507558e-07,4.885525853271053e-07,4.877885640768099e-07,4.87026072704816e-07,4.862651071311933e-07,4.855056632910598e-07,4.847477371345101e-07,4.83991324626539e-07,4.83236421746969e-07,4.824830244903784e-07,4.817311288660284e-07,4.809807308977914e-07,4.802318266240794e-07,4.794844120977725e-07,4.787384833861504e-07,4.779940365708186e-07,4.772510677476424e-07,4.765095730266758e-07,4.757695485320923e-07,4.750309904021179e-07,4.742938947889606e-07,4.7355825785874576e-07,4.728240757914457e-07,4.720913447808163e-07,4.7136006103432735e-07,4.706302207730984e-07,4.6990182023183274e-07,4.691748556587516e-07,4.6844932331552985e-07,4.677252194772314e-07,4.670025404322448e-07,4.6628128248222e-07,4.655614419420044e-07,4.648430151395803e-07,4.641259984160024e-07,4.6341038812533575e-07,4.6269618063459247e-07,4.6198337232367216e-07,4.612719595852997e-07,4.605619388249648e-07,4.5985330646086153e-07,4.591460589238278e-07,4.584401926572865e-07,4.57735704117186e-07,4.5703258977194033e-07,4.563308461023709e-07,4.556304696016492e-07,4.5493145677523716e-07,4.542338041408312e-07,4.5698631638078604e-07,4.6169469973394515e-07,4.6870352888201217e-07,4.783455169781696e-07,4.90919048543153e-07,5.066850073729313e-07,5.258656694165399e-07,5.486444953497871e-07,5.751666802497128e-07,6.055403649449724e-07,6.398384060926675e-07,6.781005966378737e-07,7.203362285679838e-07,7.665268932196412e-07,8.166294235484854e-07,8.705788916084324e-07,9.28291586766911e-07,9.896679133137255e-07,1.0545951569211276e-06,1.1229500829815622e-06,1.194601339746588e-06,1.2694116495609502e-06,1.347239778811115e-06,1.4279422861184495e-06,1.5113750524557863e-06,1.5973946003643405e-06,1.6858592162118475e-06,1.7766298876972758e-06,1.8695710725403631e-06,1.9645513143459736e-06,2.0614437225678084e-06,2.1601263298567035e-06,2.2604823455077543e-06,2.362400316478887e-06,2.465774210646284e-06,2.5705034339194643e-06,2.6764927922834907e-06,2.783652408753032e-06,2.891897603721564e-06,3.001148746560218e-06,3.1113310847987367e-06,3.2223745572217822e-06,3.3342135951568735e-06,3.446786916283996e-06,3.5600373147406035e-06,3.673911450138895e-06,3.788359637688102e-06,3.90333564186291e-06,4.018796474529287e-06,4.13470219930909e-06,4.251015742286938e-06,4.3677027107519175e-06,4.484731219625965e-06,4.6020717255592766e-06,4.719696870115987e-06,4.837581330787797e-06,4.955701680439022e-06,5.074036254685653e-06,5.192565027446031e-06,5.311269493722152e-06,5.430132559895473e-06,5.549138441799926e-06,5.668272567826113e-06,5.78752149029606e-06,5.906872801081404e-06,6.0263150550832e-06,6.145837697198266e-06,6.265430995332413e-06,6.3850859779926535e-06,6.504794376411644e-06,6.624548570795707e-06,6.744341540462295e-06,6.864166817837994e-06,6.984018445644622e-06,7.103890937051126e-06,7.223779240793521e-06,7.34367870411862e-06,7.463585044756118e-06,7.583494320153404e-06,7.703402901412927e-06,7.82330744855484e-06,7.943204888335146e-06,8.063092392014462e-06,8.182967356962346e-06,8.302827388683148e-06,8.422670283710709e-06,8.54249401521505e-06,8.662296718543264e-06,8.782076679129338e-06,8.901832318931024e-06,9.021562186592635e-06,9.14126494773173e-06,9.260939374569758e-06,9.38058433794849e-06,9.500198799475202e-06,9.619781804062433e-06,9.739332473370877e-06,9.858850000145603e-06,9.978333640407997e-06,1.0097782711360591e-05,1.0217196584516532e-05,1.0336574682152715e-05,1.045591647185285e-05,1.0575221465115421e-05,1.0694489211950067e-05,1.0813719298612773e-05,1.0932911344027456e-05,1.1052064998063837e-05,1.1171179938583272e-05,1.1290255868288381e-05,1.1409292514134026e-05,1.1528289626005396e-05,1.1647246970714411e-05,1.1766164335860342e-05,1.1885041525267532e-05,1.2003878357822027e-05,1.2122674667364363e-05,1.2241430299692369e-05,1.2360145113538987e-05,1.2478818978312132e-05,1.2597451773504504e-05,1.2716043388011327e-05,1.2834593719185582e-05,1.2953102672045683e-05,1.3071570159207046e-05,1.3189996099803266e-05,1.3308380418766104e-05,1.3426723048045407e-05,1.3545023921538282e-05,1.3663282981036583e-05,1.3781500169542405e-05,1.3899675436937702e-05,1.4017808736015642e-05,1.413590002254107e-05,1.4253949255414469e-05,1.4371956396390547e-05,1.448992140966756e-05,1.4607844262062978e-05,1.4725724922537475e-05,1.4843563362175139e-05,1.4961359553497977e-05,1.50791134711912e-05,1.5196825091287617e-05,1.5314494391299356e-05,1.5432121350149222e-05,1.55497059479122e-05,1.5667248165714206e-05,1.5784747985853367e-05,1.590220539131363e-05,1.6019620366494158e-05,1.6136992896241617e-05,1.6254322965980972e-05,1.6371610562116612e-05,1.6488855671443394e-05,1.6606058281710573e-05,1.672321838097176e-05,1.6840335957537182e-05,1.695741100068854e-05,1.7074443499476103e-05,1.7191433444291732e-05,1.7308380825283964e-05,1.7425285632359907e-05,1.7542147857061622e-05,1.765896749030311e-05,1.7775744523520812e-05,1.7892478948410433e-05,1.8009170756202113e-05,1.8125819940304587e-05,1.8242426492104703e-05,1.8358990404780912e-05,1.84755116706733e-05,1.85919902826838e-05,1.8708426232887314e-05,1.8824819516398117e-05,1.8941170125536702e-05,1.905747805377693e-05,1.917374329463039e-05,1.9289965841892627e-05,1.9406145689406723e-05,1.952228283087182e-05,1.963837726038601e-05,1.9754428972118353e-05,1.9870437960257268e-05,1.998640421901108e-05,2.010232774275792e-05,2.0218208525994288e-05,2.033404656320424e-05,2.0449841848980893e-05,2.0565594378017288e-05,2.0681304145036244e-05,2.0796971144811953e-05,2.0912595372341233e-05,2.1028176822077643e-05,2.1143715489588584e-05,2.125921137006293e-05,2.1374664458151233e-05,2.149007474921485e-05,2.160544223800643e-05,2.1720766920597854e-05,2.1836048791968528e-05,2.1951287847650403e-05,2.2066484082598878e-05,2.2181637492804208e-05,2.2296748073633144e-05,2.2411815820654436e-05,2.252684072954675e-05,2.264182279587139e-05,2.2756762015568396e-05,2.2871658384356834e-05,2.29865118979971e-05,2.310132255237352e-05,2.321609034339997e-05,2.3330815266992657e-05,2.3445497319271786e-05,2.356013649628544e-05,2.367473279406253e-05,2.3789286208778586e-05,2.3903796734676855e-05,2.401826437195548e-05,2.4132689114874768e-05,2.4247070959724357e-05,2.436140990284605e-05,2.44757059405623e-05,2.4589959069486878e-05,2.470416928592087e-05,2.4818336585937448e-05,2.493246096690811e-05,2.5046542425432702e-05,2.516058095792097e-05,2.527457656055415e-05,2.538852923070997e-05,2.550243896537828e-05,2.561630576100373e-05,2.573012961441441e-05,2.58439105225147e-05,2.5957648482385567e-05,2.6071343490617634e-05,2.61849955441181e-05,2.6298604640559603e-05,2.641217077600548e-05,2.6525693949046597e-05,2.663917415614278e-05,2.6752611394359765e-05,2.686600566117057e-05,2.6979356953684998e-05,2.709266526926721e-05,2.7205930604772494e-05,2.7319152958663145e-05,2.7432332327790416e-05,2.7545468709687854e-05,2.765856210130005e-05,2.777161250127803e-05,2.788461990672339e-05,2.799758431515818e-05,2.8110505724270855e-05,2.8223384132802333e-05,2.8336219536358383e-05,2.8449011933924553e-05,2.8561761323537456e-05,2.8674467702629372e-05,2.878713106902799e-05,2.8899751420619933e-05,2.901232875574169e-05,2.9124863072222778e-05,2.9237354368106637e-05,2.934980264148307e-05,2.9462207890486737e-05,2.9574570113185436e-05,2.9686889307874232e-05,2.979916547355385e-05,2.991139860793232e-05,3.0023588707849458e-05,3.013573577333575e-05,3.0247839801921804e-05,3.035990079307347e-05,3.0471918743362618e-05,3.058389365234449e-05,3.069582551841e-05,3.080771434052658e-05,3.09195601169908e-05,3.1031362846051295e-05,3.114312252673493e-05,3.1254839158043735e-05,3.136651273795098e-05,3.1478143265562587e-05,3.158973073968181e-05,3.1701275158648416e-05,3.1812776522281954e-05,3.19242348293923e-05,3.2035650078054735e-05,3.214702226664503e-05,3.2258351396030175e-05,3.2369637465789026e-05,3.248088047238617e-05,3.2592080416067945e-05,3.2703237296626815e-05,3.281435111260185e-05,3.29254218626749e-05,3.303644954650306e-05,3.314743416351277e-05,3.3258375713029596e-05,3.336927419438016e-05,3.348012960667927e-05,3.3590941949510594e-05,3.3701711222273005e-05,3.3812437424364506e-05,3.392312055568979e-05,3.403376061517862e-05,3.414435760267144e-05,3.425491151785351e-05,3.4365422360200505e-05,3.447589012938819e-05,3.45863148252106e-05,3.4696696447300154e-05,3.48070349953793e-05,3.49173304686755e-05,3.502758286798491e-05,3.5137792193178866e-05,3.524795844378617e-05,3.535808161972786e-05,3.5468161720955095e-05,3.5578198747484464e-05,3.568819269944372e-05,3.579814357664264e-05,3.590805137926373e-05,3.601791610752727e-05,3.612773776089063e-05,3.623751634011584e-05,3.634725184537595e-05,3.6456944276906374e-05,3.656659363496081e-05,3.667619991981796e-05,3.678576313180635e-05,3.6895283271746404e-05,3.700476033956208e-05,3.7114194335707544e-05,3.722358526056271e-05,3.733293311489153e-05,3.744223789914642e-05,3.755149961337837e-05,3.766071825873543e-05,3.7769893836548306e-05,3.787902634370922e-05,3.798811578286452e-05,3.809716215636833e-05,3.82061654651569e-05,3.831512570875141e-05,3.8424042888861994e-05,3.853291700551532e-05,3.864174805961085e-05,3.875053605200019e-05,3.885928098267894e-05,3.896798285438383e-05,3.907664166719252e-05,3.9185257421679654e-05,3.92938301193669e-05,3.940235975998695e-05,3.951084634727312e-05,3.9619289879325704e-05,3.972769035977486e-05,3.9836047789075875e-05,3.99443621685649e-05,4.005263349905984e-05,4.016086178164224e-05,4.026904701779405e-05,4.037718920882687e-05,4.0485288356072035e-05,4.059334446104508e-05,4.070135752485221e-05,4.080932754906118e-05,4.091725453512151e-05,4.102513848451531e-05,4.113297939872521e-05,4.124077727916587e-05,4.134853212770128e-05,4.145624394589115e-05,4.1563912734505606e-05,4.1671538496694916e-05,4.177912123325297e-05,4.188666094599734e-05,4.1994157636591577e-05,4.2101611306815514e-05,4.2209021958533945e-05,4.231638959355402e-05,4.242371421368976e-05,4.2530995820804595e-05,4.263823441727575e-05,4.274543000408044e-05,4.285258258372128e-05,4.2959692157921215e-05,4.3066758728820654e-05,4.317378229847129e-05,4.328076286893041e-05,4.338770044228192e-05,4.34945950206367e-05,4.3601446606234794e-05,4.370825520087067e-05,4.381502080701176e-05,4.392174342687484e-05,4.40284230627027e-05,4.413505971676481e-05,4.424165339135735e-05,4.434820408880206e-05,4.445471181144739e-05,4.456117656249864e-05,4.4667598343512864e-05,4.47739771569171e-05,4.488031300516467e-05,4.498660589073429e-05,4.5092855815244296e-05,4.519906278212097e-05,4.53052267939199e-05,4.541134785322254e-05,4.5517425962792624e-05,4.56234611253898e-05,4.572945334279236e-05,4.583540261861864e-05,4.594130895517065e-05,4.604717235527146e-05,4.615299282134897e-05,4.625877035650961e-05,4.636450496429338e-05,4.64701966463506e-05,4.6575845406006594e-05,4.668145124622709e-05,4.678701416962037e-05,4.6892534179352835e-05,4.699801127834134e-05,4.710344546952998e-05,4.7208836755972893e-05,4.731418514070337e-05,4.741949062677939e-05,4.75247532173138e-05,4.7629972915379426e-05,4.773514972411106e-05,4.7840283646625755e-05,4.794537468610416e-05,4.805042284585004e-05,4.815542812902064e-05,4.826039053887192e-05,4.836531007869581e-05,4.8470186751964596e-05,4.857502056182235e-05,4.8679811511620305e-05,4.878455960473566e-05,4.88892648445733e-05,4.8993927234306876e-05,4.9098546777189216e-05,4.920312347745877e-05,4.9307657338241314e-05,4.9412148363050477e-05,4.951659655542337e-05,4.96210019189177e-05,4.972536445712023e-05,4.982968417366698e-05,4.993396107213343e-05,5.003819515619501e-05,5.014238642953175e-05,5.0246534895870835e-05,5.035064055890207e-05,5.045470342236912e-05,5.055872349010365e-05,5.0662700765769364e-05,5.076663525325184e-05,5.087052695638631e-05,5.097437587902553e-05,5.107818202507509e-05,5.11819453984222e-05,5.128566600300143e-05,5.1389343842741455e-05,5.1492978921641184e-05,5.159657124368597e-05,5.170012081282237e-05,5.180362763327954e-05,5.190709170900665e-05,5.201051304402722e-05,5.21138916425012e-05,5.221722750865794e-05,5.232052064642499e-05,5.242377105984769e-05,5.252697875360588e-05,5.263014373192705e-05,5.273326599857339e-05,5.283634555797911e-05,5.293938241453568e-05,5.3042376572505435e-05,5.314532803574833e-05,5.324823680910394e-05,5.335110289729371e-05,5.3453926304232237e-05,5.3556707034353855e-05,5.3659445092236284e-05,5.3762140482110575e-05,5.386479320871356e-05,5.396740327641585e-05,5.406997069141305e-05,5.417249545511827e-05,5.42749775735246e-05,5.437741705130094e-05,5.447981389266452e-05,5.458216810254543e-05,5.468447968558776e-05,5.478674864645638e-05,5.488897498983699e-05,5.499115872043607e-05,5.5093299842980776e-05,5.519539836221903e-05,5.5297454282919295e-05,5.539946760987072e-05,5.550143834782113e-05,5.5603366501428886e-05,5.5705252075770545e-05,5.5807095075687845e-05,5.590889550624663e-05,5.6010653372394105e-05,5.611236867888801e-05,5.62140414307009e-05,5.631567163285984e-05,5.6417259290299625e-05,5.651880440806471e-05,5.662030698998149e-05,5.6721767042723786e-05,5.682318457143065e-05,5.6924559580492294e-05,5.702589207559201e-05,5.712718206136255e-05,5.722842954322623e-05,5.7329634525885346e-05,5.7430797015734536e-05,5.753191701620482e-05,5.7632994533253535e-05,5.773402957238582e-05,5.7835022138853696e-05,5.793597223786913e-05,5.8036879874731645e-05,5.8137745054802605e-05,5.8238567783731266e-05,5.8339348066669465e-05,5.844008590788304e-05,5.854078131416443e-05,5.864143428960772e-05,5.874204484199184e-05,5.884261297496053e-05,5.894313869454517e-05,5.904362200624842e-05,5.9144062914304376e-05,5.924446142752862e-05,5.93448175483475e-05,5.944513128609259e-05,5.954540263946385e-05,5.964563161978752e-05,5.9745818230996844e-05,5.984596247882789e-05,5.994606436923653e-05,6.004612390743193e-05,6.014614110127558e-05,6.024611595284215e-05,6.034604846967036e-05,6.0445938657680095e-05,6.054578652242804e-05,6.064559206972214e-05,6.074535530522165e-05,6.0845076234942666e-05,6.094475486473937e-05,6.104439120048427e-05,6.114398524807988e-05,6.124353701335098e-05,6.134304650240865e-05,6.144251372114334e-05,6.154193867409207e-05,6.164132136982943e-05,6.174066181315387e-05,6.183996001025002e-05,6.193921596678236e-05,6.203842968899919e-05,6.213760118294284e-05,6.223673045472552e-05,6.233581751038556e-05,6.243486235609301e-05,6.253386499796421e-05,6.263282544217752e-05,6.273174369491196e-05,6.28306197623758e-05,6.292945365049822e-05,6.302824536578428e-05,6.312699491468192e-05,6.322570230326552e-05,6.332436753830482e-05,6.342299062506111e-05,6.352157157036392e-05,6.362011038054408e-05,6.371860706240944e-05,6.381706162232397e-05,6.391547406473377e-05,6.401384439807338e-05,6.411217262856709e-05,6.421045876256901e-05,6.430870280567034e-05,6.440690476492939e-05,6.450506464666158e-05,6.460318245750976e-05,6.470125820411117e-05,6.479929189279192e-05,6.489728353025678e-05,6.499523312348862e-05,6.509314067734458e-05,6.51910062002096e-05,6.528882969834334e-05,6.538661117783333e-05,6.54843506461081e-05,6.558204810926769e-05,6.567970357419353e-05,6.57773170477281e-05,6.587488853590615e-05,6.597241804649323e-05,6.606990558571035e-05,6.616735116004509e-05,6.626475477716358e-05,6.63621164427161e-05,6.645943616402256e-05,6.655671394786825e-05,6.665394980125113e-05,6.675114373082059e-05,6.684829574349285e-05,6.69454058463937e-05,6.704247404608181e-05,6.713950034974591e-05,6.723648476424093e-05,6.733342729561863e-05,6.743032795261218e-05,6.752718674132967e-05,6.762400366874563e-05,6.772077874207015e-05,6.781751196861066e-05,6.791420335448695e-05,6.80108529072155e-05,6.810746063400124e-05,6.820402654185977e-05,6.830055063788913e-05,6.839703292923962e-05,6.849347342300616e-05,6.858987212606856e-05,6.868622904602199e-05,6.878254419010252e-05,6.887881756550214e-05,6.897504917922158e-05,6.907123903857222e-05,6.916738715075726e-05,6.926349352368403e-05,6.935955816343516e-05,6.94555810782222e-05,6.955156227410785e-05,6.964750175975887e-05,6.974339954222748e-05,6.98392556286738e-05,6.993507002650143e-05,7.00308427430918e-05,7.012657378584093e-05,7.022226316215944e-05,7.03179108794729e-05,7.041351694522128e-05,7.05090813668138e-05,7.060460415162665e-05,7.070008530698679e-05,7.079552484145258e-05,7.089092276134826e-05,7.098627907463957e-05,7.1081593789098e-05,7.117686691139328e-05,7.127209844892335e-05,7.136728840835081e-05,7.146243679852503e-05,7.155754363318826e-05,7.165260891112237e-05,7.174763264421129e-05,7.184261483616993e-05,7.19375554994538e-05,7.203245464104374e-05,7.212731226722393e-05,7.22221283861574e-05,7.231690300548616e-05,7.241163613288208e-05,7.250632777600797e-05,7.260097794278188e-05,7.26955866405961e-05,7.27901538776168e-05,7.28846796616638e-05,7.297916400006812e-05,7.307360690139056e-05,7.3168008373006e-05,7.326236842274552e-05,7.335668705806988e-05,7.345096428803361e-05,7.354520011881808e-05,7.363939456025096e-05,7.373354761979298e-05,7.382765930513235e-05,7.392172962418197e-05,7.401575858491456e-05,7.410974619558113e-05,7.420369246367412e-05,7.429759739750544e-05,7.43914610049769e-05,7.44852832942725e-05,7.457906427305398e-05,7.467280394976153e-05,7.476650233254589e-05,7.486015942946397e-05,7.495377524859514e-05,7.50473497987958e-05,7.514088308641794e-05,7.523437512071602e-05,7.532782590896694e-05,7.54212354586309e-05,7.551460378038694e-05,7.560793088251687e-05,7.57012167718801e-05,7.579446145660035e-05,7.58876649460146e-05,7.598082724698077e-05,7.607394836838366e-05,7.616702831912648e-05,7.626006710666527e-05,7.635306473885128e-05,7.644602122503958e-05,7.653893657576177e-05,7.663181079394127e-05,7.672464389072284e-05,7.681743587453391e-05,7.691018675360801e-05,7.700289653639079e-05,7.709556523143617e-05,7.718819284757765e-05,7.728077939227672e-05,7.737332487432985e-05,7.746582930211795e-05,7.75582926841912e-05,7.765071502902444e-05,7.774309634510383e-05,7.783543664062863e-05,7.792773592559114e-05,7.801999420640274e-05,7.811221149256252e-05,7.820438779251845e-05,7.82965231146114e-05,7.838861746724371e-05,7.848067086013881e-05,7.857268330136218e-05,7.866465479878086e-05,7.875658536243127e-05,7.884847499961511e-05,7.894032371944367e-05,7.903213153045019e-05,7.912389844139018e-05,7.921562446123124e-05,7.930730959830763e-05,7.939895386173932e-05,7.949055725981292e-05,7.958211980117262e-05,7.967364149482553e-05,7.976512234943716e-05,7.985656237379139e-05,7.994796157625367e-05,8.003931996637955e-05,8.013063755243979e-05,8.022191434346496e-05,8.031315034829182e-05,8.04043455752583e-05,8.049550003357246e-05,8.05866137320835e-05,8.067768667965412e-05,8.076871888515814e-05,8.085971035748072e-05,8.095066110551796e-05,8.104157113817741e-05,8.113244046437764e-05,8.12232690930485e-05,8.131405703313084e-05,8.140480429357664e-05,8.149551088334915e-05,8.15861768114225e-05,8.167680208678198e-05,8.176738671842385e-05,8.185793071535537e-05,8.194843408659479e-05,8.203889684117132e-05,8.212931898812506e-05,8.221970053650701e-05,8.231004149537908e-05,8.240034187381409e-05,8.249060168089549e-05,8.258082092571774e-05,8.267099961739936e-05,8.276113776504278e-05,8.285123537777475e-05,8.29412924647324e-05,8.30313090350638e-05,8.312128509792761e-05,8.321122066249296e-05,8.33011157379398e-05,8.339097033345848e-05,8.348078445824999e-05,8.357055812152578e-05,8.366029133250778e-05,8.374998410042852e-05,8.38396364345308e-05,8.392924834406798e-05,8.401881983868896e-05,8.410835092726801e-05,8.419784161717219e-05,8.42872919211066e-05,8.437670184686255e-05,8.446607140374065e-05,8.45554006010349e-05,8.464468944796036e-05,8.47339379540106e-05,8.482314612885257e-05,8.491231398170086e-05,8.500144152188982e-05,8.509052876040554e-05,8.517957570259656e-05,8.526858236039432e-05,8.535754874318876e-05,8.544647486038732e-05,8.553536072206707e-05,8.56242063369364e-05,8.571301171444855e-05,8.580177686420235e-05,8.589050179543344e-05,8.597918651774734e-05,8.606783104062016e-05,8.615643537490063e-05,8.624499952753818e-05,8.633352350830431e-05,8.642200732874427e-05,8.651045099732481e-05,8.659885452366387e-05,8.668721791732725e-05,8.677554118789014e-05,8.686382434493728e-05,8.695206739806311e-05,8.70402703568906e-05,8.712843323110425e-05,8.721655603017407e-05,8.730463876361896e-05,8.739268143963491e-05,8.748068407196915e-05,8.756864666814161e-05,8.765656923565316e-05,8.774445178593874e-05,8.783229432717676e-05,8.792009687317937e-05,8.80078594307655e-05,8.809558201112905e-05,8.818326462171233e-05,8.827090727428606e-05,8.83585099768056e-05,8.844607274337133e-05,8.853359558029911e-05,8.862107849406677e-05,8.870852149771372e-05,8.87959246010624e-05,8.888328781390442e-05,8.8970611143332e-05,8.905789460151065e-05,8.914513819966668e-05,8.923234194942548e-05,8.931950585841134e-05,8.940662993470908e-05,8.94937141896357e-05,8.958075863208371e-05,8.96677632723258e-05,8.97547281207195e-05,8.984165318788897e-05,8.992853848173133e-05,9.001538401325632e-05,9.010218979238668e-05,9.018895582905388e-05,9.027568213319823e-05,9.036236871476858e-05,9.044901558396146e-05,9.053562275050012e-05,9.062219022451824e-05,9.070871801570366e-05,9.079520613419047e-05,9.088165458997878e-05,9.096806339338088e-05,9.10544325541172e-05,9.114076208221389e-05,9.122705198770585e-05,9.131330228063655e-05,9.13995129710578e-05,9.148568406902961e-05,9.157181558462072e-05,9.16579075279084e-05,9.174395990897744e-05,9.182997273792159e-05,9.191594602484322e-05,9.2001879779852e-05,9.208777401306682e-05,9.217362873461401e-05,9.225944395462886e-05,9.234521968325435e-05,9.243095593064141e-05,9.251665270695015e-05,9.26023100223476e-05,9.268792788700951e-05,9.277350631046792e-05,9.285904530392062e-05,9.294454487713367e-05,9.30300050402475e-05,9.311542580358996e-05,9.320080717752785e-05,9.328614917370655e-05,9.337145179955032e-05,9.345671506607765e-05,9.354193898425148e-05,9.362712356380584e-05,9.371226881619067e-05,9.379737475087395e-05,9.388244138075422e-05,9.396746871031443e-05,9.40524567530117e-05,9.4137405519107e-05,9.42223150195446e-05,9.430718526384707e-05,9.439201626241555e-05,9.447680802560826e-05,9.456156056396714e-05,9.464627388617271e-05,9.473094800617162e-05,9.481558292985797e-05,9.490017867287045e-05,9.4984735242342e-05,9.506925264929341e-05,9.515373090371849e-05,9.523817001653478e-05,9.532256999795515e-05,9.540693085843959e-05,9.549125260838511e-05,9.557553525823112e-05,9.565977881842407e-05,9.57439832994276e-05,9.582814871120662e-05,9.591227506504865e-05,9.59963623709326e-05,9.608041063967315e-05,9.616441988257478e-05,9.624839010898658e-05,9.633232132946562e-05,9.641621355456014e-05,9.650006679480809e-05,9.658388106075514e-05,9.666765636294178e-05,9.675139271191488e-05,9.683509011822964e-05,9.691874859244546e-05,9.700236814512788e-05,9.708594878684835e-05,9.716949052818593e-05,9.725299337972548e-05,9.73364573520591e-05,9.741988245578576e-05,9.750326870151119e-05,9.758661609984722e-05,9.766992466131672e-05,9.77531943966496e-05,9.783642531647808e-05,9.791961743144108e-05,9.800277075218449e-05,9.808588528936098e-05,9.816896105363012e-05,9.825199805565828e-05,9.833499630611843e-05,9.841795581569054e-05,9.850087659506128e-05,9.858375865492376e-05,9.866660200597814e-05,9.87494066589312e-05,9.883217262449619e-05,9.891489991339318e-05,9.899758853634898e-05,9.908023850409666e-05,9.916284982738064e-05,9.924542251694393e-05,9.932795658353959e-05,9.941045203792776e-05,9.949290889087459e-05,9.957532715315362e-05,9.965770683554495e-05,9.974004794883586e-05,9.982235050382038e-05,9.990461451123049e-05,9.99868399819385e-05,0.00010006902692674224,0.00010015117535655467,0.00010023328528212143,0.00010031535671427588,0.00010039738966385959,0.0001004793841417251,0.00010056134015873225,0.00010064325772547832,0.00010072513685307318,0.00010080697755235244,0.0001008887798341911,0.00010097054370947492,0.0001010522691890552,0.0001011339562826252,0.00010121560500218115,0.00010129721536012722,0.00010137878736608694,0.00010146032103076434,0.00010154181636490583,0.00010162327337991284,0.00010170469208694407,0.0001017860724963517,0.0001018674146196195,0.00010194871846733946,0.00010202998405019283,0.0001021112113788412,0.00010219240046443464,0.00010227355131934623,0.00010235466395366499,0.0001024357383781791,0.0001025167746040916,0.00010259777264235422,0.00010267873250395922,0.00010275965419989701,0.00010284053774124442,0.00010292138313892037,0.00010300219040399806,0.00010308295954752617,0.00010316369058054232,0.00010324438351408178,0.00010332503835921063,0.00010340565512697787,0.00010348623382844987,0.00010356677447469604,0.00010364727707738257,0.00010372774164669549,0.00010380816819391894,0.00010388855673020106,0.0001039689072666655,0.00010404921981442254,0.00010412949438458628,0.00010420973098827447,0.00010428992963660991,0.0001043700903407155,0.00010445021311172292,0.00010453029796076856,0.00010461034489876594,0.00010469035393708857,0.0001047703250868883,0.00010485025835932225,0.00010493015376555294,0.00010501001131674807,0.00010508983102408042,0.00010516961289872878,0.00010524935695197447,0.00010532906319490736,0.0001054087316387211,0.00010548836229461437,0.000105567955173792,0.00010564751028746342,0.00010572702764684156,0.0001058065072631464,0.00010588594914760306,0.00010596535331143987,0.00010604471976589042,0.00010612404852218923,0.00010620333959157536,0.0001062825929852981,0.00010636180871424642,0.00010644098679047997,0.00010652012722512309,0.0001065992300291263,0.00010667829521368741,0.00010675732278966745,0.0001068363127694264,0.00010691526516373021,0.00010699417998391114,0.00010707305724126094,0.00010715189694718018,0.00010723069911287085,0.00010730946374964726,0.00010738819086888478,0.00010746688048193616,0.00010754553259997592,0.00010762414723461823,0.00010770272439688135,0.00010778126409844766,0.0001078597663504724,0.00010793823116503187,0.00010801665855186275,0.00010809504852405076,0.00010817340109137795,0.00010825171626586448,0.00010832999405806042,0.0001084082344805778,0.0001084864375442155,0.00010856460326097855,0.00010864273164190995,0.00010872082269841326,0.0001087988764418941,0.00010887689288376408,0.00010895487203543811,0.00010903281390856017,0.00010911071851434685,0.0001091885858642323,0.00010926641596964892,0.00010934420884204605,0.00010942196449287848,0.00010949968293363856,0.00010957736417638685,0.00010965500823131376,0.00010973261511034424,0.00010981018482499536,0.00010988771738649941,0.00010996521280598531,0.00011004267109523678,0.00011012009226631691,0.00011019747633143824,0.00011027482330068992,0.0001103521331859463,0.00011042940599969886,0.00011050664175092161,0.00011058384045321933,0.00011066100211763491,0.00011073812675458309,0.00011081521437800377,0.000110892264997667,0.0001109692786239089,0.00011104625527068672,0.00011112319494869941,0.00011120009766952045,0.00011127696344587172,0.0001113537922876296,0.00011143058420812691,0.0001115073392160155,0.00011158405732437601,0.00011166073854479682,0.00011173738288884637,0.00011181399036809668,0.00011189056099412434,0.00011196709477850977,0.00011204359173283717,0.0001121200518686953,0.00011219647519767661,0.00011227286173186766,0.0001123492114828724,0.00011242552446128535,0.00011250180067897395,0.00011257804014835078,0.00011265424287955564,0.000112730408884816,0.00011280653817687773,0.00011288263076666044,0.00011295868666524479,0.00011303470588474713,0.00011311068843699935,0.00011318663433320406,0.00011326254358534406,0.00011333841620483685,0.00011341425220342548,0.00011349005159281859,0.00011356581438453858,0.00011364154059035534,0.00011371723022193658,0.00011379288329095374,0.00011386849980908168,0.00011394407978799902,0.000114019623239388,0.0001140951301749344,0.0001141706006063275,0.00011424603454526032,0.00011432143200342922,0.00011439679299253428,0.00011447211752427956,0.00011454740561037145,0.00011462265726252045,0.00011469787249244068,0.00011477305131189961,0.00011484819373259443,0.00011492329976620418,0.00011499836942447267,0.00011507340271917578,0.0001151483996619667,0.00011522336026461362,0.00011529828453886876,0.00011537317249632173,0.00011544802414902428,0.00011552283950857572,0.00011559761858673434,0.00011567236139526453,0.00011574706794594393,0.00011582173825052874,0.00011589637232031096,0.00011597097016775936,0.00011604553180538442,0.00011612005724197892,0.0001161945464919463,0.00011626899956698754,0.00011634341647807216,0.00011641779723590374,0.0001164921418543558,0.00011656645034534882,0.0001166407227199186,0.00011671495898993702,0.00011678915916712762,0.00011686332326334942,0.00011693745129084677,0.00011701154326063236,0.00011708559918457192,0.00011715961907257526,0.0001172336029405782,0.00011730755079843812,0.00011738146265739581,0.0001174553385305395,0.00011752917842683858,0.0001176029823622602,0.00011767675034723986,0.00011775048239204728,0.00011782417850927603,0.000117897838712176,0.00011797146301145802,0.0001180450514194232,0.00011811860394819625,0.00011819212060779141,0.00011826560141274031,0.0001183390463736252,0.00011841245550241734,0.00011848582881118783,0.00011855916631283114,0.00011863246801633523,0.00011870573393524485,0.00011877896407824899,0.00011885215846003555,0.00011892531709270888,0.00011899843998825299,0.00011907152715792564,0.00011914457861422218,0.00011921759436913709,0.00011929057443433726,0.00011936351882172963,0.00011943642754322391,0.00011950930061073225,0.00011958213803616962,0.00011965493983145358,0.00011972770600850421,0.0001198004365792443,0.00011987313155559913,0.00011994579094949444,0.00012001841477285383,0.0001200910030376276,0.00012016355575574296,0.00012023607293913796,0.00012030855459975322,0.00012038100074953195,0.00012045341140041976,0.0001205257865643648,0.00012059812625331775,0.00012067043047923178,0.00012074269925406244,0.00012081493258973558,0.00012088713049824888,0.00012095929299155207,0.00012103142008161764,0.00012110351178042648,0.00012117556810000534,0.00012124758905219241,0.00012131957464902815,0.00012139152490247536,0.00012146343982453499,0.00012153531942720801,0.00012160716372240345,0.00012167897272215401,0.00012175074643814448,0.00012182248488265776,0.00012189418806722773,0.00012196585600569023,0.0001220374887083934,0.00012210908618756752,0.00012218064845348963,0.00012225217551970968,0.00012232366740028396,0.00012239512410487026,0.00012246654564648118,0.00012253793203719448,0.00012260928328807055,0.00012268059941183916,0.00012275188041988182,0.0001228231263248291,0.0001228943371401845,0.00012296551287454364,0.00012303665354058342,0.00012310775915139944,0.0001231788297236587,0.00012324986526025483,0.00012332086577822006,0.0001233918312890066,0.00012346276180822083,0.00012353365734144985,0.00012360451790307883,0.00012367534350487706,0.00012374613416042316,0.00012381688988541263,0.00012388761068596926,0.00012395829657674647,0.0001240289475693485,0.00012409956367384864,0.00012417014490129566,0.00012424069126634673,0.0001243112027808896,0.0001243816794570655,0.00012445212130412958,0.00012452252833975987,0.0001245929005732181,0.0001246632380165768,0.0001247335406819104,0.00012480380858129496,0.0001248740417268085,0.00012494424013053066,0.00012501440380454295,0.00012508453276092885,0.00012515462701177316,0.0001252246865691627,0.00012529471144518607,0.00012536470165193343,0.00012543465720149676,0.0001255045781059697,0.00012557446437744748,0.0001256443160279721,0.0001257141330697003,0.0001257839155147653,0.00012585366337523407,0.00012592337666321012,0.00012599305539079888,0.00012606269957010703,0.00012613230921324314,0.0001262018843323172,0.0001262714249394408,0.0001263409310467273,0.00012641040266629137,0.0001264798398102494,0.00012654924249071931,0.00012661861071982042,0.00012668794450967382,0.00012675724387273198,0.0001268265088208078,0.00012689573936602825,0.00012696493552052284,0.00012703409729642056,0.00012710322470585396,0.0001271723177609568,0.00012724137647386323,0.0001273104008567112,0.00012737939092164009,0.00012744834668078914,0.00012751726814630202,0.00012758615533032427,0.0001276550082450029,0.00012772382690248789,0.00012779261131493124,0.0001278613614944913,0.00012793007745332387,0.0001279987592035962,0.00012806740675747985,0.00012813602012564783,0.00012820459932159117,0.00012827314435746328,0.00012834165524541836,0.00012841013199761222,0.00012847857462620183,0.00012854698314334532,0.00012861535756120222,0.00012868369789193314,0.00012875200414854676,0.00012882027634253328,0.0001288885144851581,0.0001289567185893355,0.00012902488866718584,0.00012909302473066851,0.00012916112679244325,0.00012922919486415866,0.0001292972289583886,0.0001293652290881267,0.00012943319526382088,0.0001295011274983694,0.00012956902580397834,0.00012963689019283427,0.00012970472067711997,0.00012977251726901745,0.00012984027998043087,0.00012990800882381072,0.00012997570381163948,0.0001300433649554939,0.00013011099226713642,0.00013017858575942209,0.0001302461454445235,0.0001303136713346094,0.00013038116344184203,0.00013044862177836073,0.00013051604635721923,0.0001305834371897479,0.0001306507942881576,0.00013071811766506396,0.00013078540733087347,0.00013085266330030302,0.00013091988558468928,0.00013098707419619576,0.00013105422914699852,0.00013112135044927926,0.00013118843811522652,0.00013125549215703433,0.0001313225125868961,0.00013138949941700828,0.0001314564526595693,0.0001315233723267802,0.00013159025843081525,0.0001316571109839172,0.00013172392999828816,0.00013179071548613202,0.000131857467461457,0.0001319241859345494,0.00013199087091762718,0.00013205752242290795,0.00013212414046260955,0.00013219072504894966,0.00013225727619414526,0.00013232379391041365,0.00013239027820997372,0.00013245672910504273,0.00013252314660783902,0.00013258953073058208,0.00013265588148549082,0.00013272219888478526,0.00013278848294068487,0.0001328547336654106,0.00013292095107118353,0.0001329871351702254,0.0001330532859747583,0.00013311940349666236,0.0001331854877485499,0.0001332515387421459,0.00013331755649016592,0.00013338354100482768,0.00013344949229835196,0.00013351541038296146,0.00013358129527088006,0.00013364714697433264,0.0001337129655055447,0.00013377875087674273,0.0001338445031002214,0.0001339102221881376,0.00013397590815271957,0.00013404156100619647,0.00013410718076079783,0.00013417276742875358,0.00013423832102229426,0.00013430384155365083,0.0001343693290347193,0.0001344347834780834,0.00013450020489597303,0.00013456559330061958,0.00013463094870441486,0.00013469627111942084,0.00013476156055787153,0.00013482681703191361,0.00013489204055380186,0.00013495723113472668,0.00013502238878914592,0.00013508751352834402,0.0001351526053643196,0.00013521766430953273,0.0001352826903760818,0.00013534768357619664,0.00013541264392231183,0.0001354775714263601,0.00013554246610084935,0.0001356073279575951,0.0001356721570089931,0.00013573695326748588,0.00013580171674522264,0.0001358664474544424,0.0001359311454073844,0.0001359958106162133,0.00013606044309323766,0.00013612504285036704,0.00013618960990065507,0.0001362541442560211,0.00013631864592850967,0.00013638311493022876,0.00013644755127320806,0.00013651195497080612,0.00013657632603437085,0.00013664066447619503,0.0001367049703079528,0.00013676924354252295,0.00013683348419213384,0.00013689769226900845,0.00013696186778646343,0.00013702601075559636,0.000137090121188834,0.00013715419909823533,0.00013721824449619032,0.00013728225739495208,0.0001373462378067648,0.0001374101857438017,0.0001374741012184849,0.0001375379842432402,0.00013760183482965574,0.0001376656529904446,0.00013772943873798053,0.00013779319208391866,0.000137856913043342,0.0001379206016223391,0.00013798425783797922,0.0001380478817013584,0.00013811147322403,0.0001381750324195756,0.00013823855929947742,0.00013830205387532023,0.0001383655161606864,0.00013842894616794275,0.00013849234390851103,0.0001385557093939825,0.00013861904263783012,0.00013868234365209728,0.00013874561244903388,0.00013880884904002663,0.00013887205343773423,0.00013893522565358663,0.00013899836570232052,0.0001390614735945592,0.0001391245493428253,0.00013918759295864327,0.00013925060445547344,0.000139313583844441,0.0001393765311382355,0.0001394394463495021,0.00013950232948968912,0.00013956518057177926,0.00013962799960759228,0.00013969078660915394,0.00013975354158865457,0.00013981626455901954,0.00013987895553213274,0.00013994161452035562,0.00014000424153572238,0.00014006683659055147,0.00014012939969709453,0.00014019193086726469,0.00014025443011398772,0.00014031689744882378,0.0001403793328832315,0.0001404417364319194,0.00014050410810598546,0.00014056644791725194,0.00014062875587813296,0.00014069103200085398,0.00014075327629769506,0.00014081548878083885,0.0001408776694626041,0.00014093981835621653,0.00014100193547178237,0.00014106402082260245,0.00014112607442093853,0.00014118809627948123,0.0001412500864097591,0.00014131204482401434,0.00014137397153437352,0.0001414358665534423,0.00014149772989366087,0.00014155956156706366,0.00014162136158596191,0.00014168312996202989,0.00014174486670842523,0.00014180657183703523,0.00014186824535953772,0.00014192988728880678,0.00014199149763680208,0.00014205307641560632,0.00014211462363761344,0.00014217613931504644,0.00014223762346013253,0.00014229907608509767,0.0001423604972021676,0.00014242188682356749,0.0001424832449615219,0.00014254457162823879,0.0001426058668359368,0.00014266713059685882,0.00014272836292322726,0.00014278956382726384,0.00014285073332118953,0.00014291187141722477,0.00014297297812758977,0.000143034053464504,0.00014309509744018636,0.00014315611006685474,0.00014321709135672707,0.00014327804132202015,0.00014333895997495049,0.00014339984732773147,0.00014346070339258025,0.00014352152818171142,0.0001435823217073386,0.0001436430839816753,0.00014370381501653458,0.00014376451482503604,0.00014382518341819403,0.00014388582080954342,0.00014394642701138686,0.00014400700203490217,0.00014406754589209954,0.00014412805859568585,0.00014418854015786587,0.0001442489905908489,0.00014430940990684042,0.0001443697981180455,0.00014443015523666795,0.0001444904812747209,0.00014455077624462258,0.0001446110401585725,0.00014467127302876756,0.00014473147486740703,0.0001447916456866868,0.0001448517854988051,0.00014491189431580515,0.00014497197215002463,0.00014503201901365726,0.00014509203491622777,0.00014515201987275487,0.00014521197389775515,0.0001452718970010911,0.00014533178919509156,0.00014539165049147132,0.00014545148090266963,0.00014551128044079238,0.0001455710491179269,0.0001456307869470218,0.0001456904939392153,0.00014575017010711084,0.00014580981546288634,0.00014586943001985964,0.00014592901378795457,0.00014598856678065932,0.00014604808900996503,0.00014610758048797288,0.00014616704122691964,0.00014622647123888969,0.00014628587053636604,0.00014634523913249634,0.0001464045770373434,0.00014646388426386734,0.0001465231608244699,0.00014658240673135354,0.00014664162199880344,0.00014670080663387305,0.0001467599606523379,0.00014681908406575738,0.00014687817688626648,0.00014693723912587013,0.00014699627079688246,0.00014705527191039646,0.0001471142424808624,0.00014717318251840448,0.00014723209203739763,0.0001472909710481254,0.00014734981956239176,0.00014740863759202182,0.00014746742515230253,0.0001475261822533578,0.00014758490890665155,0.00014764360512707392,0.00014770227092381684,0.0001477609063099154,0.00014781951129773694,0.00014787808589916674,0.0001479366301281618,0.00014799514399371227,0.0001480536275095054,0.00014811208068676258,0.00014817050353943336,0.00014822889607868172,0.00014828725831695586,0.00014834559026564057,0.00014840389193795074,0.0001484621633453763,0.00014852040450003437,0.00014857861541397072,0.0001486367961001881,0.0001486949465696129,0.000148753066835259,0.00014881115690873085,0.00014886921680240718,0.00014892724652838175,0.00014898524609893306,0.00014904321552616721,0.00014910115482188395,0.0001491590639983619,0.00014921694306771493,0.00014927479204210198,0.00014933261093395353,0.00014939039975471943,0.00014944815851689814,0.00014950588723269855,0.00014956358591416172,0.00014962125457334316,0.0001496788932224046,0.00014973650187342436,0.0001497940805383448,0.00014985162922984203,0.00014990914795983025,0.00014996663673982584,0.00015002409558267956,0.00015008152449991262,0.00015013892350379006,0.00015019629260670138,0.0001502536318205215,0.0001503109411575063,0.00015036822062955782,0.0001504254702487168,0.00015048269002729655,0.00015053987997741246,0.00015059704011083697,0.00015065417043991434,0.00015071127097669742,0.0001507683417332791,0.00015082538272174594,0.0001508823939541813,0.00015093937544181175,0.00015099632719743386,0.00015105324923342324,0.00015111014156159614,0.0001511670041952313,0.00015122383714510982,0.00015128064042034824,0.00015133741403910775,0.00015139415801067888,0.0001514508723470262,0.00015150755706028557,0.00015156421216160233,0.00015162083766449982,0.00015167743358049986,0.00015173399992160855,0.00015179053669975575,0.00015184704392704664,0.00015190352161599839,0.00015195996977809324,0.00015201638842589143,0.000152072777571009,0.00015212913722524701,0.00015218546740132502,0.00015224176811112408,0.00015229803936663757,0.00015235428117988558,0.00015241049356472716,0.0001524666765268159,0.00015252283008235413,0.0001525789542430542,0.00015263504902492635,0.00015269111443673992,0.00015274715049053223,0.00015280315719833876,0.00015285913457215023,0.00015291508262404166,0.00015297100136604374,0.00015302689081018607,0.0001530827509684962,0.00015313858185300033,0.00015319438347572296,0.0001532501558486873,0.00015330589898391458,0.00015336161289347688,0.00015341729758929203,0.00015347295308342442,0.0001535285793878889,0.0001535841765146986,0.00015363974447594995,0.0001536952832835723,0.0001537507929495743,0.00015380627348604933,0.00015386172490491407,0.00015391714721817195,0.00015397254043782445,0.00015402790457587115,0.00015408323964431105,0.00015413854565514033,0.0001541938226203535,0.00015424907055194405,0.00015430428946190293,0.00015435947936222013,0.0001544146402648834,0.0001544697721818791,0.00015452487512519146,0.00015457994910680352,0.00015463499413869585,0.00015469001023284785,0.00015474499740123686,0.00015479995565583938,0.00015485488500862897,0.00015490978547157776,0.00015496465705665637,0.00015501949977353357,0.0001550743136363868,0.00015512909865715962,0.0001551838548477515,0.00015523858222002965,0.0001552932807857418,0.0001553479505606747,0.00015540259155344383,0.0001554572037760043,0.00015551178724030902,0.0001555663419587902,0.00015562086794291644,0.00015567536520414885,0.00015572983375429186,0.00015578427360625447,0.00015583868477181764,0.00015589306726282773,0.00015594742109114186,0.00015600174626869694,0.00015605604280742786,0.0001561103107192676,0.00015616455001614746,0.00015621876070999677,0.00015627294281274305,0.00015632709633631194,0.00015638122129262716,0.00015643531769361083,0.00015648938555118272,0.00015654342487726107,0.00015659743568376217,0.00015665141798279736,0.00015670537178604947,0.0001567592971054366,0.0001568131939528738,0.00015686706234027147,0.00015692090227948006,0.00015697471378247108,0.00015702849686114554,0.0001570822515274028,0.0001571359777942425,0.00015718967567174123,0.00015724334517206245,0.0001572969863075991,0.0001573505990901379,0.00015740418353164153,0.00015745773964396956,0.0001575112674389986,0.00015756476692861454,0.0001576182381246978,0.0001576716810391261,0.00015772509568381563,0.0001577784820705797,0.0001578318402113017,0.000157885170117805,0.00015793847180165427,0.00015799174527547757,0.00015804499055072717,0.00015809820763906885,0.00015815139655276636,0.00015820455730346494,0.00015825768990264237,0.00015831079436298562,0.0001583638707000319,0.00015841691892150205,0.00015846993903924242,0.00015852293106509877,0.0001585758950109133,0.0001586288308885248,0.000158681738709781,0.00015873461848651404,0.00015878747023055555,0.00015884029395374594,0.00015889308966791088,0.0001589458573848857,0.00015899859711648992,0.0001590513088745478,0.0001591039926708896,0.00015915664851733392,0.00015920927642569524,0.00015926187640779188,0.00015931444847543805,0.00015936699264044522,0.000159419508914626,0.0001594719973097847,0.0001595244578377384,0.00015957689051027886,0.00015962929533920982,0.0001596816723363348,0.00015973402151344432,0.00015978634288233852,0.00015983863645480863,0.00015989090224265376,0.00015994314025324593,0.00015999535050278428,0.0001600475330030536,0.00016009968776583606,0.00016015181480291213,0.00016020391412606,0.00016025598574705545,0.00016030802967767244,0.00016036004592968246,0.00016041203451485492,0.00016046399544495694,0.00016051592873175382,0.0001605678343870083,0.00016061971242248104,0.00016067156284993057,0.00016072338568111295,0.00016077518092778213,0.0001608269486016904,0.00016087868871458706,0.00016093040127821936,0.00016098208630433276,0.00016103374380467016,0.00016108537379097234,0.00016113697627497762,0.00016118855126842226,0.0001612400987830401,0.00016129161883056325,0.00016134311142272092,0.0001613945765712405,0.00016144601428784704,0.00016149742458426301,0.00016154880747220923,0.00016160016296340365,0.0001616514910695623,0.00016170279180239877,0.00016175406517362462,0.00016180531119494888,0.00016185652987807836,0.0001619077212347174,0.00016195888527656836,0.00016201002201533116,0.00016206113146270337,0.00016211221363038043,0.00016216326853005526,0.00016221429617341862,0.00016226529657215904,0.00016231626973796235,0.00016236721568251263,0.00016241813441749106,0.00016246902595457678,0.00016251989030544644,0.00016257072748391134,0.0001626215374995061,0.00016267232036390136,0.0001627230760887635,0.0001627738046857574,0.0001628245061664531,0.00016287518054260413,0.00016292582782586712,0.0001629764480278993,0.00016302704116035298,0.0001630776072348789,0.00016312814626312652,0.00016317865825674188,0.0001632291432273677,0.00016327960118664613,0.0001633300321462163,0.00016338043611771464,0.0001634308131127748,0.00016348116314302856,0.00016353148622010632,0.0001635817823556347,0.00016363205156123812,0.00016368229384853826,0.0001637325092291556,0.0001637826977123057,0.00016383285931203086,0.00016388299403994054,0.00016393310190764276,0.0001639831829271569,0.00016403323710965687,0.00016408326446674555,0.00016413326501002316,0.00016418323875108732,0.00016423318570153378,0.00016428310587295562,0.00016433299927694304,0.0001643828659250843,0.00016443270582896494,0.0001644825190001682,0.00016453230545027472,0.0001645820651908626,0.00016463179823350777,0.00016468150458978336,0.00016473118427126005,0.00016478083728950642,0.00016483046365608803,0.00016488006338256838,0.00016492963648050813,0.00016497918296146577,0.0001650287028369969,0.00016507819611865496,0.00016512766281799094,0.00016517710294655302,0.00016522651651588706,0.00016527590353753629,0.00016532526402304165,0.0001653745979839412,0.00016542390543177078,0.00016547318637806342,0.00016552244083435007,0.00016557166881215867,0.00016562087032301508,0.00016567004537844208,0.00016571919398963877,0.00016576831616848544,0.00016581741192647645,0.0001658664812751297,0.00016591552422594413,0.00016596454079043278,0.00016601353098017542,0.00016606249480658183,0.00016611143228115205,0.00016616034341538353,0.00016620922822077134,0.00016625808670880766,0.00016630691889098236,0.00016635572477878267,0.00016640450438369338,0.00016645325771719622,0.00016650198479077074,0.00016655068561589385,0.0001665993602040396,0.00016664800856667995,0.00016669663071528372,0.00016674522666131742,0.00016679379641624476,0.00016684233999152704,0.00016689085739862296,0.0001669393486489885,0.0001669878137540769,0.00016703625272533886,0.00016708466557422297,0.0001671330523121742,0.00016718141295063554,0.00016722974750104727,0.00016727805597484694,0.00016732633838346963,0.00016737459473834765,0.00016742282505091043,0.00016747102933258512,0.00016751920759479607,0.00016756735984896508,0.00016761548610651108,0.00016766358637885037,0.00016771166067739685,0.00016775970901356164,0.00016780773139875296,0.00016785572784437669,0.0001679036983618356,0.00016795164296253034,0.0001679995616578585,0.0001680474544592151,0.00016809532137799244,0.0001681431624255802,0.00016819097761336537,0.00016823876695273214,0.0001682865304550619,0.00016833426813173377,0.0001683819799941239,0.00016842966605360563,0.00016847732632154974,0.00016852496080932422,0.00016857256952829445,0.00016862015248982315,0.00016866770970527,0.00016871524118599232,0.00016876274694334448,0.0001688102269886783,0.0001688576813333428,0.00016890510998868408,0.00016895251296613402,0.000168999890276945,0.0001690472419324554,0.0001690945679440005,0.0001691418683229129,0.00016918914308052267,0.000169236392228157,0.00016928361577714021,0.00016933081373879413,0.00016937798612443806,0.00016942513294538797,0.00016947225421295805,0.00016951934993845937,0.00016956642013320073,0.00016961346480848802,0.00016966048397576498,0.00016970747764591043,0.00016975444583051355,0.00016980138854094805,0.00016984830578841003,0.00016989519758418863,0.00016994206393957127,0.00016998890486584326,0.00017003572037393937,0.0001700825104759426,0.00017012927518265654,0.00017017601450535283,0.00017022272845529975,0.00017026941704376459,0.00017031608028200885,0.0001703627181812935,0.00017040933075287634,0.00017045591800801235,0.0001705024799579528,0.00017054901661394734,0.00017059552798724174,0.00017064201408907912,0.00017068847493070102,0.00017073491052334468,0.00017078132087824547,0.00017082770600663485,0.0001708740659197425,0.00017092040062879432,0.00017096671014501475,0.0001710129944796237,0.0001710592536438402,0.0001711054876488783,0.0001711516965059504,0.00017119788022626597,0.0001712440388210318,0.00017129017230145142,0.00017133628067872526,0.0001713823639640512,0.00017142842216862433,0.0001714744553036372,0.00017152046338027928,0.00017156644640973636,0.00017161240440319235,0.00017165833737182778,0.00017170424532682063,0.00017175012827934589,0.00017179598624057521,0.00017184181922167815,0.00017188762723382083,0.00017193341028816665,0.00017197916839587589,0.00017202490156810704,0.0001720706098160137,0.00017211629315074827,0.00017216195158345897,0.0001722075851252925,0.00017225319378739152,0.00017229877758089636,0.00017234433651694398,0.00017238987060666942,0.0001724353798612034,0.0001724808642916748,0.00017252632390920937,0.00017257175872493,0.0001726171687499556,0.0001726625539954035,0.0001727079144723877,0.00017275325019201908,0.00017279856116540562,0.0001728438474036521,0.0001728891089178612,0.0001729343457191319,0.0001729795578185604,0.00017302474522724033,0.00017306990795626188,0.00017311504601671274,0.00017316015941967752,0.00017320524817623676,0.00017325031229746993,0.00017329535179445277,0.00017334036667825736,0.0001733853569599537,0.00017343032265060873,0.00017347526376128598,0.00017352018030304686,0.00017356507228694817,0.00017360993972404567,0.00017365478262539076,0.00017369960100203257,0.0001737443948650172,0.00017378916422538742,0.0001738339090941835,0.00017387862948244228,0.00017392332540119767,0.00017396799686148103,0.00017401264387432,0.0001740572664507397,0.0001741018646017628,0.00017414643833840753,0.00017419098767169062,0.00017423551261262527,0.00017428001317222112,0.0001743244893614853,0.00017436894119142162,0.00017441336867303153,0.00017445777181731317,0.0001745021506352613,0.00017454650513786798,0.00017459083533612242,0.00017463514124101045,0.00017467942286351497,0.00017472368021461638,0.00017476791330529108,0.00017481212214651338,0.00017485630674925402,0.0001749004671244809,0.0001749446032831587,0.0001749887152346677,0.00017503280299153805,0.00017507686656461483,0.00017512090596494685,0.0001751649212033016,0.0001752089122906129,0.0001752528792377901,0.00017529682205829936,0.00017534074076080828,0.00017538463535400218,0.00017542850585128871,0.0001754723522636365,0.00017551617460183862,0.00017555997287675576,0.00017560374709926598,0.0001756474972803638,0.00017569122343085838,0.00017573492556168072,0.0001757786036834221,0.00017582225780725318,0.00017586588794408876,0.0001759094941048215,0.0001759530763003506,0.00017599663454155806,0.00017604016883934645,0.00017608367920459258,0.0001761271656481898,0.00017617062818100544,0.00017621406681392798,0.00017625748155781695,0.00017630087242352934,0.00017634423942196266,0.000176387582563963,0.00017643090186039175,0.0001764741973220995,0.00017651746895996285,0.00017656071678482556,0.00017660394080752442,0.0001766471410389106,0.00017669031748982508,0.00017673347017110503,0.00017677659909359316,0.00017681970426813292,0.00017686278570552935,0.0001769058434166101,0.000176948877414417,0.00017699188770761874,0.00017703487430696815,0.00017707783722340425,0.00017712077646754877,0.00017716369205025256,0.00017720658398233852,0.00017724945227461295,0.0001772922969378801,0.00017733511798293753,0.00017737791542058075,0.00017742068926159904,0.00017746343951677906,0.00017750616619690448,0.00017754886931275533,0.00017759154887510853,0.00017763420489473798,0.00017767683738241434,0.00017771944634890525,0.0001777620318049746,0.00017780459376138378,0.00017784713222883622,0.0001778896472181439,0.00017793213874005935,0.00017797460680533597,0.00017801705142473615,0.00017805947260902293,0.00017810187036883097,0.00017814424471492796,0.00017818659565806215,0.00017822892320896663,0.00017827122737836776,0.0001783135081769897,0.0001783557656155524,0.00017839799970477302,0.00017844021045536568,0.0001784823978780405,0.00017852456198354892,0.0001785667027825501,0.00017860882028574528,0.00017865091450347772,0.00017869298544679742,0.00017873503312639563,0.00017877705755296034,0.00017881905873717643,0.00017886103668972571,0.00017890299142128653,0.0001789449229425343,0.000178986831264141,0.00017902871639677588,0.00017907057835110434,0.00017911241713778903,0.0001791542327674894,0.0001791960252508615,0.0001792377945985584,0.0001792795408212298,0.00017932126392952223,0.00017936296393407904,0.00017940464084554046,0.0001794462946745434,0.0001794879254317217,0.00017952953312770582,0.00017957111777312305,0.00017961267937859754,0.0001796542179547503,0.00017969573351219885,0.00017973722606155776,0.0001797786956134384,0.00017982014217844862,0.0001798615657671933,0.0001799029663902743,0.0001799443440582897,0.00017998569878183482,0.0001800270305720344,0.00018006833943941383,0.00018010962539370817,0.00018015088844583222,0.00018019212860639265,0.00018023334588597505,0.0001802745402951566,0.00018031571184450927,0.0001803568605446007,0.00018039798640599478,0.00018043908943925186,0.000180480169654929,0.0001805212270635796,0.0001805622616757541,0.00018060327350199917,0.0001806442625528585,0.00018068522883887245,0.0001807261723705781,0.00018076709315850925,0.00018080799121319624,0.00018084886654499532,0.00018088971916478065,0.00018093054908292444,0.00018097135630995383,0.0001810121408563987,0.00018105290273309014,0.00018109364195014014,0.000181134358518054,0.00018117505244733277,0.00018121572374847573,0.000181256372431977,0.0001812969985083291,0.00018133760198802044,0.000181378182881536,0.00018141874119935794,0.0001814592769519648,0.00018149979014983194,0.00018154028080343132,0.00018158074892323187,0.00018162119451969926,0.00018166161760329547,0.00018170201818447948,0.00018174239627370692,0.0001817827518806072,0.00018182308501646396,0.00018186339569172162,0.00018190368391682332,0.00018194394970220734,0.0001819841930583097,0.00018202441399556318,0.00018206461252439742,0.00018210478865523708,0.00018214494239850442,0.0001821850737646196,0.00018222518276399805,0.00018226526940705345,0.0001823053337041939,0.00018234537566582643,0.00018238539530235373,0.00018242539262417496,0.0001824653676416858,0.00018250532036528046,0.00018254525080534787,0.00018258515897227447,0.0001826250448764428,0.00018266490852823352,0.00018270474993802236,0.00018274456911618252,0.00018278436607308365,0.00018282414081909277,0.0001828638933645722,0.0001829036237198824,0.0001829433318953804,0.00018298301790205834,0.0001830226817495606,0.00018306232344825278,0.00018310194300793798,0.00018314154043959022,0.00018318111575353738,0.00018322066896010785,0.00018326020006962656,0.00018329970909241645,0.00018333919603879834,0.00018337866091908987,0.0001834181037437372,0.00018345752452290614,0.0001834969232669071,0.00018353629998604735,0.0001835756546906307,0.000183614987390958,0.00018365429809732674,0.00018369358682003117,0.00018373285356936299,0.00018377209835561067,0.0001838113211890596,0.00018385052207987816,0.00018388970103844356,0.0001839288580750295,0.000183967993199906,0.00018400710642333968,0.00018404619775559417,0.00018408526720692928,0.000184124314787602,0.00018416334050786547,0.00018420234437796997,0.00018424132640816214,0.0001842802866086853,0.00018431922498977937,0.00018435814156168135,0.00018439703633462432,0.00018443590931883834,0.0001844747605245501,0.00018451358996198283,0.00018455239764135665,0.000184591183572888,0.00018462994776679033,0.00018466869023327348,0.00018470741098269554,0.00018474611002510804,0.0001847847873707111,0.0001848234430297017,0.00018486207701227386,0.0001849006893285068,0.00018493927998870284,0.00018497784900304846,0.00018501639638172937,0.00018505492213502901,0.00018509342627298972,0.0001851319088057809,0.00018517036974356863,0.00018520880909651588,0.00018524722687478205,0.00018528562308852363,0.00018532399774789292,0.0001853623508630395,0.00018540068244410926,0.00018543899250124523,0.00018547728104458615,0.0001855155480842682,0.00018555379363042383,0.00018559201769318217,0.00018563022028266916,0.00018566840140900697,0.0001857065610823146,0.0001857446993127077,0.00018578281611029878,0.00018582091148519635,0.00018585898544750618,0.0001858970380073302,0.0001859350691747674,0.00018597307895991278,0.00018601106737285844,0.000186049034423693,0.0001860869801225016,0.00018612490447936597,0.0001861628075043647,0.00018620068920757282,0.0001862385495990619,0.0001862763886889002,0.0001863142064871525,0.00018635200300388022,0.00018638977824914172,0.00018642753223299164,0.00018646526496548109,0.00018650297645665805,0.00018654066671656706,0.00018657833575524906,0.0001866159835827421,0.00018665361020908018,0.00018669121564429434,0.00018672879989841217,0.0001867663629814578,0.00018680390490345182,0.00018684142567441174,0.00018687892530436088,0.00018691640380329207,0.00018695386118121226,0.00018699129744812455,0.00018702871261402958,0.0001870661066889233,0.0001871034796827985,0.00018714083160564494,0.0001871781624674492,0.00018721547227819373,0.00018725276104785736,0.00018729002878641642,0.0001873272755031212,0.00018736450120860782,0.00018740170591269258,0.00018743888962509682,0.00018747605235786466,0.0001875131941177639,0.00018755031491669944,0.00018758741476441397,0.00018762449367083116,0.00018766155164587283,0.0001876985886993733,0.00018773560484129355,0.00018777260008155937,0.00018780957443010745,0.00018784652789679648,0.00018788346049159285,0.00018792037222441275,0.00018795726310515064,0.00018799413314372446,0.00018803098235003915,0.00018806781073400046,0.00018810461830550583,0.0001881414050744534,0.00018817817105072952,0.00018821491624424093,0.0001882516406648663,0.0001882883443224798,0.00018832502722696445,0.00018836168938819625,0.00018839833081605673,0.0001884349515204155,0.0001884715515111264,0.00018850813079806538,0.00018854468939108707,0.00018858122730005356,0.0001886177445348036,0.00018865424110519534,0.0001886907170210796,0.00018872717229229368,0.0001887636069286786,0.00018880002094006666,0.0001888364143362967,0.00018887278712718846,0.00018890913932257235,0.0001889454709322734,0.00018898178196610841,0.00018901807243389327,0.000189054342345434,0.0001890905917105456,0.00018912682053903512,0.0001891630288406993,0.00018919921662533952,0.00018923538390274927,0.00018927153068271026,0.00018930765697501998,0.0001893437627894668,0.00018937984813582447,0.00018941591302387503,0.00018945195746338547,0.0001894879814641335,0.00018952398503588417,0.00018955996818839456,0.00018959593093143134,0.0001896318732747528,0.00018966779522833582,0.00018970369680173645,0.000189739578005405,0.00018977543884814016,0.00018981127933978396,0.00018984709949011202,0.00018988289930887704,0.00018991867880582174,0.0001899544379909436,0.00018999017687363706,0.0001900258954637437,0.00019006159377098653,0.00019009727180508565,0.00019013292957576356,0.0001901685670927509,0.00019020418436579373,0.00019023978140470297,0.00019027535821858007,0.00019031091481574896,0.0001903464512089797,0.00019038196740658306,0.00019041746341813152,0.00019045293925182025,0.00019048839492064124,0.00019052383043263038,0.0001905592457972519,0.0001905946410244081,0.00019063001612184318,0.00019066537110258068,0.00019070070597586203,0.0001907360207494336,0.00019077131543354274,0.00019080659003771247,0.00019084184457238845,0.00019087707904534774,0.0001909122934658797,0.00019094748784708541,0.00019098266219794637,0.0001910178165265396,0.00019105295084303797,0.00019108806515647834,0.0001911231594774265,0.00019115823381308923,0.00019119328817682166,0.0001912283225741871,0.00019126333701866477,0.00019129833151802948,0.00019133330608211757,0.00019136826072047884,0.00019140319544315836,0.00019143811025886738,0.0001914730051774221,0.0001915078802083556,0.00019154273536133764,0.00019157757064593522,0.00019161238607171197,0.00019164718164822823,0.00019168195738504046,0.0001917167132917021,0.0001917514493777629,0.00019178616565268148,0.00019182086212610896,0.00019185553880923223,0.00019189019570832857,0.00019192483283448099,0.0001919594501972734,0.00019199404780621815,0.0001920286256710658,0.00019206318380123407,0.00019209772220512704,0.00019213224089339976,0.00019216673987566796,0.00019220121916138676,0.00019223567875992133,0.0001922701186813133,0.00019230453893366584,0.0001923389395279919,0.00019237332047302574,0.00019240768177814516,0.00019244202345067727,0.0001924763455032827,0.00019251064794526007,0.00019254493078525592,0.0001925791940328095,0.0001926134376973867,0.000192647661789199,0.00019268186631630818,0.00019271605128901636,0.00019275021671620818,0.00019278436260753036,0.00019281848897285348,0.00019285259582045653,0.0001928866831611507,0.00019292075100357757,0.00019295479935641478,0.00019298882823129835,0.00019302283763670354,0.00019305682758185045,0.00019309079807618788,0.00019312474912846353,0.00019315868074749797,0.00019319259294583394,0.00019322648573082599,0.00019326035911188132,0.00019329421309887283,0.0001933280477000148,0.00019336186292497065,0.00019339565878470744,0.0001934294352886842,0.00019346319244361492,0.00019349693026096267,0.00019353064874922364,0.0001935643479181547,0.00019359802777702158,0.0001936316883348236,0.0001936653296016385,0.00019369895158665205,0.00019373255429880516,0.0001937661377476827,0.00019379970194270666,0.0001938332468929631,0.00019386677260799847,0.00019390027909718316,0.0001939337663695412,0.00019396723443460782,0.0001940006833017536,0.0001940341129803024,0.0001940675234805461,0.0001941009148094845,0.00019413428697772017,0.00019416763999433934,0.00019420097386906314,0.00019423428861148814,0.0001942675842303892,0.0001943008607351251,0.00019433411813528928,0.0001943673564377351,0.0001944005756552342,0.00019443377579478953,0.0001944669568666765,0.00019450011887996044,0.00019453326184447952,0.00019456638576836183,0.00019459949066141812,0.00019463257653291738,0.0001946656433918228,0.00019469869124783074,0.0001947317201100595,0.0001947647299877313,0.00019479772089024496,0.00019483069282622627,0.00019486364580562567,0.00019489657983723214,0.00019492949493024212,0.0001949623910942609,0.00019499526833810144,0.00019502812667592624,0.0001950609661071754,0.00019509378664670505,0.00019512658830449076,0.00019515937108667864,0.00019519213500388823,0.00019522488006745657,0.00019525760628283723,0.000195290313661196,0.00019532300221143724,0.00019535567194257914,0.0001953883228645073,0.00019542095498712434,0.000195453568318304,0.00019548616286889042,0.00019551873864604854,0.00019555129565904285,0.00019558383391538145,0.00019561635342616802,0.00019564885420054752,0.00019568133624748164,0.00019571379957629276,0.00019574624419611657,0.0001957786701160855,0.0001958110773453284,0.00019584346589297076,0.00019587583576813466,0.0001959081869799384,0.00019594051953749695,0.0001959728334499218,0.00019600512872632093,0.00019603740537579896,0.0001960696634074567,0.00019610190283039178,0.00019613412365369833,0.0001961663258864668,0.00019619850953778406,0.00019623067461673336,0.0001962628211323958,0.0001962949490938469,0.00019632705851016017,0.00019635914939040468,0.00019639122174364682,0.0001964232755789493,0.00019645531090537087,0.00019648732773196696,0.00019651932606778945,0.00019655130592493872,0.00019658326730941295,0.0001966152102302538,0.00019664713469650023,0.0001966790407171867,0.00019671092830134503,0.00019674279745800354,0.00019677464819618654,0.0001968064805249148,0.00019683829445320587,0.00019687008999007483,0.00019690186714453153,0.00019693362592558309,0.00019696536634223368,0.00019699708840348305,0.00019702879211832747,0.00019706047749576077,0.0001970921445447731,0.00019712379327434988,0.00019715542369347467,0.00019718703581112626,0.00019721862963628087,0.00019725020517791028,0.00019728176244498396,0.00019731330144646763,0.00019734482219132196,0.00019737632468850615,0.00019740780894697524,0.00019743927497230742,0.00019747072277681558,0.00019750215236944156,0.00019753356375912427,0.00019756495695479623,0.00019759633196538603,0.00019762768879981322,0.0001976590274669831,0.00019769034797633138,0.00019772165033648105,0.0001977529345562314,0.00019778420064447022,0.0001978154486100697,0.000197846678461938,0.00019787789020894763,0.0001979090838602525,0.0001979402594243032,0.00019797141691032573,0.00019800255632715033,0.00019803367768366734,0.00019806478098872187,0.00019809586625055167,0.00019812693347876303,0.00019815798268201288,0.0001981890138716597,0.00019822002705325927,0.0001982510222365021,0.00019828199942912786,0.00019831295864143505,0.0001983438998822127,0.00019837482316027404,0.00019840572848431882,0.00019843661586318174,0.00019846748530569228,0.0001984983368206711,0.0001985291704169342,0.00019855998610328568,0.00019859078389140291,0.00019862156378731103,0.00019865232579963356,0.0001986830699355696,0.00019871379620573488,0.00019874450461928827,0.00019877519518797163,0.00019880586791391614,0.00019883652280888758,0.000198867159884944,0.00019889777914507793,0.00019892838060104977,0.00019895896426164067,0.00019898953013557636,0.00019902007823165854,0.00019905060855865704,0.0001990811211253379,0.00019911161594046318,0.00019914209301279137,0.0001991725523529025,0.00019920299396581525,0.00019923341786435864,0.0001992638240531506,0.00019929421254293243,0.00019932458334261254,0.00019935493646023816,0.0001993852719053292,0.00019941558968855085,0.0001994458898143866,0.00019947617229568637,0.00019950643713811462,0.00019953668434996647,0.00019956691394118711,0.00019959712592054304,0.000199627320296578,0.00019965749707888462,0.0001996876562752428,0.00019971779789474783,0.00019974792194606326,0.0001997780284377786,0.00019980811737827336,0.0001998381887770225,0.00019986824264488904,0.00019989827898511848,0.00019992829780881148,0.00019995829912581832,0.0001999882829424889,0.00020001824926738125,0.00020004819811263394,0.0002000781294849707,0.00020010804339303654,0.00020013793984572154,0.00020016781885165574,0.00020019768041866487,0.0002002275245560099,0.00020025735127191316,0.00020028716057566073,0.00020031695247588248,0.00020034672698062659,0.00020037648409872077,0.00020040622383876982,0.00020043594620946473,0.0002004656512192647,0.00020049533887729227,0.00020052500919355112,0.00020055466217269,0.00020058429782530938,0.0002006139161601738,0.0002006435171858428,0.0002006731009116245,0.0002007026673454181,0.0002007322164953292,0.0002007617483703024,0.0002007912629783516,0.0002008207603289828,0.00020085024043135444,0.00020087970329180533,0.00020090914892078947,0.00020093857732615927,0.00020096798851840488,0.00020099738250267855,0.00020102675928908252,0.00020105611888606684,0.00020108546130208073,0.0002011147865461014,0.00020114409462637973,0.00020117338555156197,0.00020120265932995914,0.00020123191597015605,0.00020126115548070283,0.00020129037787011068,0.00020131958314691128,0.00020134877131911715,0.00020137794239610352,0.0002014070963859682,0.00020143623329527789,0.00020146535313647073,0.00020149445591429422,0.00020152354164062146,0.00020155261032224727,0.00020158166196494596,0.00020161069658200845,0.0002016397141801672,0.00020166871476774988,0.00020169769835286965,0.0002017266649440989,0.00020175561454989277,0.00020178454717870387,0.00020181346283983844,0.00020184236154009534,0.00020187124328864637,0.00020190010809398307,0.00020192895596499912,0.00020195778690913248,0.00020198660093578193,0.00020201539805259975,0.00020204417826861888,0.00020207294159168852,0.0002021016880307282,0.0002021304175941479,0.0002021591302895479,0.00020218782612598099,0.00020221650511202658,0.00020224516725586472,0.00020227381256528615,0.00020230244104984794,0.00020233105271647798,0.00020235964757666993,0.00020238822563533053,0.00020241678690207705,0.0002024453313852878,0.00020247385909377813,0.00020250237003521305,0.00020253086421806013,0.000202559341651453,0.00020258780234132568,0.0002026162462990435,0.0002026446735328643,0.00020267308404727823,0.00020270147785492908,0.00020272985496233649,0.00020275821538236663,0.00020278655911556563,0.00020281488617339804,0.00020284319656438496,0.0002028714903011297,0.0002028997673835662,0.0002029280278245062,0.0002029562716323584,0.00020298449881497722,0.00020301270938098532,0.00020304090333985329,0.0002030690806971885,0.00020309724146258673,0.0002031253856442982,0.00020315351325080096,0.00020318162429002986,0.00020320971877066323,0.00020323779670256267,0.00020326585809064119,0.00020329390294342005,0.00020332193127194643,0.00020334994308272164,0.00020337793838441987,0.00020340591718575696,0.00020343387949429314,0.00020346182531871687,0.0002034897546667033,0.00020351766754681536,0.00020354556396796843,0.0002035734439371759,0.00020360130746448885,0.00020362915455518192,0.00020365698521948163,0.00020368479946494285,0.0002037125973007317,0.0002037403787360687,0.0002037681437761312,0.0002037958924298595,0.0002038236247040596,0.00020385134061160848,0.00020387904015779508,0.00020390672335169618,0.00020393439020048723,0.00020396204071339638,0.00020398967489771165,0.0002040172927623778,0.0002040448943142972,0.00020407247956286394,0.00020410004851592535,0.0002041276011815995,0.0002041551375677718,0.00020418265768317175,0.0002042101615360128,0.00020423764913393082,0.0002042651204848175,0.00020429257559784384,0.00020432001448037935,0.00020434743714063092,0.0002043748435870763,0.00020440223382749836,0.000204429607870099,0.0002044569657230484,0.00020448430739451536,0.00020451163289257872,0.00020453894222539323,0.00020456623540105446,0.0002045935124259912,0.00020462077331167856,0.00020464801806497764,0.00020467524669309794,0.00020470245920458296,0.0002047296556075261,0.00020475683591010592,0.00020478400012023207,0.00020481114824607546,0.00020483828029571507,0.00020486539627723047,0.00020489249619869325,0.00020491958006816415,0.0002049466478939085,0.000204973699683682,0.00020500073544581037,0.0002050277551886256,0.00020505475891906312,0.0002050817466459285,0.000205108718377093,0.00020513567411895698,0.00020516261388342768,0.00020518953767621019,0.00020521644550426538,0.00020524333737797728,0.00020527021330447745,0.0002052970732915357,0.00020532391734731992,0.00020535074547941017,0.00020537755769643902,0.0002054043540059261,0.00020543113441722066,0.00020545789893547983,0.00020548464757145767,0.00020551138033174311,0.00020553809722470863,0.00020556479825857812,0.00020559148344020896,0.00020561815277940764,0.00020564480628043887,0.00020567144395706964,0.00020569806581408423,0.00020572467186072283,0.00020575126210302695,0.00020577783654959186,0.00020580439520773237,0.0002058309380867178,0.00020585746519437013,0.00020588397653852517,0.00020591047212649855,0.00020593695196652117,0.0002059634160650042,0.00020598986442965935,0.00020601629707420438,0.00020604271400251212,0.0002060691152225994,0.00020609550074337255,0.0002061218705708741,0.0002061482247135222,0.00020617456318002044,0.00020620088597805586,0.00020622719311335166,0.00020625348459772682,0.00020627976043654514,0.00020630602063841447,0.00020633226521161112,0.00020635849416365687,0.00020638470750232392,0.00020641090523564076,0.00020643708737124857,0.00020646325391673225,0.00020648940488086914,0.00020651554027090256,0.00020654166009453264,0.00020656776436000989,0.00020659385307549244,0.00020661992624988645,0.00020664598388913367,0.00020667202600164986,0.00020669805259445026,0.00020672406367417526,0.00020675005925179215,0.00020677603933391556,0.00020680200392844876,0.00020682795304302525,0.00020685388668533443,0.00020687980486374305,0.00020690570758553884,0.00020693159485871777,0.00020695746669117712,0.000206983323090691,0.00020700916406521491,0.0002070349896223887,0.00020706079977000916,0.00020708659451584784,0.0002071123738675111,0.00020713813783141145,0.00020716388641862395,0.00020718961963524672,0.00020721533748821507,0.0002072410399870066,0.00020726672713859855,0.00020729239895058197,0.00020731805543079289,0.00020734369658858577,0.0002073693224281667,0.00020739493295978965,0.00020742052819351306,0.0002074461081319955,0.0002074716727849794,0.00020749722216324392,0.00020752275626842055,0.00020754827511147781,0.000207573778700177,0.0002075992670423302,0.00020762474014563004,0.00020765019801754217,0.00020767564066418112,0.0002077010680971429,0.00020772648032216435,0.00020775187734692633,0.00020777725917711304,0.00020780262582432844,0.00020782797729473621,0.00020785331359517208,0.00020787863473407863,0.00020790394071931379,0.00020792923155739412,0.00020795450725671512,0.0002079797678246067,0.00020800501326942054,0.00020803024359851972,0.00020805545881995256,0.00020808065894053045,0.00020810584396661864,0.000208131013908978,0.00020815616877407992,0.00020818130856937233,0.00020820643330285993,0.00020823154298154294,0.0002082566376136242,0.00020828171720635466,0.00020830678176745376,0.00020833183130465144,0.00020835686582548936,0.00020838188533810586,0.00020840688984916181,0.00020843187936669353,0.00020845685389840238,0.0002084818134500229,0.0002085067580293607,0.00020853168764850774,0.00020855660231290337,0.0002085815020293619,0.00020860638680560595,0.0002086312566490687,0.0002086561115673727,0.00020868095156841875,0.00020870577665894774,0.00020873058684796957,0.00020875538214205132,0.00020878016254903602,0.0002088049280761905,0.00020882967873185016,0.0002088544145229179,0.0002088791354574501,0.00020890384154176382,0.00020892853278371143,0.000208953209192075,0.0002089778707736469,0.00020900251753605466,0.0002090271494868092,0.00020905176663346887,0.00020907636898351395,0.00020910095654449375,0.00020912552932379194,0.0002091500873308301,0.0002091746305697908,0.00020919915905017952,0.00020922367277866508,0.00020924817176319794,0.0002092726560113941,0.00020929712553052204,0.00020932158032783266,0.00020934602041157595,0.00020937044578883405,0.0002093948564671781,0.00020941925245406267,0.00020944363375694763,0.00020946800038331082,0.0002094923523405342,0.000209516689636175,0.00020954101227761848,0.00020956532027240798,0.00020958961362805276,0.00020961389235185838,0.00020963815645155018,0.00020966240593323047,0.00020968664080668115,0.0002097108610797352,0.0002097350667565771,0.00020975925784707234,0.00020978343435754216,0.0002098075962958365,0.00020983174366939067,0.00020985587648563855,0.00020987999475189173,0.00020990409847567614,0.00020992818766521487,0.0002099522623263187,0.00020997632246744547,0.00021000036809555063,0.00021002439921826091,0.00021004841584356637,0.0002100724179768224,0.00021009640562761505,0.00021012037880398403,0.00021014433751073477,0.0002101682817562679,0.00021019221154868113,0.00021021612689412153,0.00021024002780035934,0.00021026391427518177,0.000210287786325351,0.00021031164395899678,0.00021033548718356115,0.00021035931600512414,0.00021038313043274227,0.0002104069304724555,0.00021043071613259005,0.00021045448742001714,0.00021047824434206102,0.0002105019869061395,0.00021052571511922944,0.00021054942899078816,0.00021057312852474632,0.00021059681373001437,0.00021062048461390493,0.00021064414118373594,0.00021066778344500754,0.00021069141140864372,0.00021071502508012536,0.00021073862446670626,0.00021076220957555862,0.0002107857804144955,0.00021080933699042662,0.00021083287931082366,0.00021085640738288075,0.00021087992121401054,0.00021090342081144705,0.00021092690618235147,0.00021095037733395724,0.0002109738342720207,0.00021099727700691053,0.00021102070554441518,0.0002110441198917969,0.00021106752005596745,0.00021109090604482937,0.00021111427786535378,0.00021113763552487575,0.00021116097903085663,0.00021118430838981607,0.00021120762360938636,0.0002112309246968973,0.00021125421165948223,0.000211277484504522,0.00021130074324117622,0.00021132398787247062,0.00021134721840764664,0.00021137043485404508,0.00021139363721947653,0.0002114168255099263,0.00021143999973302806,0.00021146315989640935,0.00021148630600716193,0.00021150943807218874,0.00021153255609891744,0.0002115556600946398,0.00021157875006636153,0.00021160182602144426,0.00021162488796682346,0.0002116479359098035,0.00021167096985755818,0.00021169398981737088,0.00021171699579655335,0.00021173998780167147,0.00021176296584015568,0.00021178592992110467,0.00021180888004990292,0.00021183181623174482,0.00021185473847947062,0.00021187764679254044,0.00021190054118209995,0.00021192342165555307,0.00021194628821915356,0.00021196914088061797,0.00021199197964708185,0.00021201480452618746,0.00021203761552711863,0.00021206041265432718,0.00021208319591180927,0.00021210596530967706,0.00021212872085520144,0.00021215146255578897,0.00021217419041818036,0.00021219690444940125,0.0002122196046567509,0.00021224229104732436,0.0002122649636260443,0.00021228762240396457,0.00021231026738610377,0.0002123328985801882,0.00021235551599272856,0.000212378119631563,0.00021240070950316023,0.00021242328561400437,0.00021244584797147352,0.0002124683965830283,0.00021249093145582707,0.00021251345259673556,0.00021253596001145656,0.00021255845370954328,0.00021258093369682984,0.00021260339998052877,0.00021262585256756622,0.00021264829146531641,0.0002126707166800696,0.00021269312821928647,0.00021271552608982498,0.0002127379102991603,0.00021276028085403563,0.00021278263776146412,0.000212804981028414,0.00021282731066267404,0.00021284962666981528,0.000212871929056916,0.00021289421783245413,0.00021291649300174802,0.00021293875457358618,0.0002129610025538734,0.00021298323694973965,0.00021300545776823838,0.0002130276650153141,0.00021304985869933412,0.00021307203882686191,0.00021309420540452568,0.00021311635843999438,0.00021313849794053874,0.00021316062391273276,0.00021318273636299775,0.00021320483529870178,0.00021322692072670927,0.00021324899265396058,0.0002132710510872347,0.0002132930960340663,0.0002133151275015534,0.0002133371454958795,0.00021335915002195727,0.000213381141090912,0.0002134031187075942,0.00021342508287797182,0.000213447033610972,0.0002134689709128533,0.00021349089479082487,0.00021351280525218287,0.00021353470230136662,0.00021355658594879613,0.00021357845619877076,0.00021360031305893025,0.00021362215653688833,0.00021364398663828782,0.00021366580337024046,0.0002136876067385384,0.00021370939675143354,0.0002137311734158113,0.00021375293673855713,0.00021377468672655108,0.00021379642338667163,0.00021381814672579282,0.0002138398567507873,0.0002138615534685256,0.00021388323688587393,0.00021390490700969717,0.00021392656384686506,0.0002139482074042429,0.0002139698376886966,0.00021399145470711012,0.0002140130584663965,0.00021403464897284258,0.00021405622623424484,0.00021407779025628708,0.00021409934104609288,0.00021412087861078343,0.00021414240295718534,0.0002141639140921219,0.00021418541202241316,0.00021420689675487648,0.00021422836829632558,0.00021424982665357162,0.0002142712718334223,0.00021429270384268215,0.0002143141226882388,0.00021433552837770047,0.00021435692091606768,0.00021437830031102823,0.00021439966656934333,0.00021442101969755065,0.00021444235970305287,0.0002144636865921724,0.0002144850003722899,0.00021450630104964297,0.00021452758863107138,0.00021454886312293684,0.00021457012453241238,0.00021459137286625245,0.0002146126081312118,0.00021463383033404316,0.0002146550394814962,0.0002146762355803183,0.0002146974186372542,0.0002147185886590456,0.0002147397456524317,0.00021476088962414823,0.00021478202058092824,0.0002148031385295016,0.00021482424347603232,0.00021484533542779702,0.00021486641439151635,0.000214887480373908,0.0002149085333816864,0.00021492957342156293,0.00021495060050024593,0.0002149716146244411,0.0002149926158008503,0.00021501360403617273,0.00021503457933710454,0.00021505554171033912,0.00021507649116256626,0.000215097427701835,0.00021511835133348507,0.0002151392620641976,0.00021516015990065082,0.00021518104484951988,0.00021520191691747653,0.00021522277611118998,0.0002152436224364661,0.00021526445590082548,0.00021528527651092777,0.00021530608427342978,0.00021532687919485454,0.00021534766127956993,0.00021536843053949586,0.00021538918697842167,0.00021540993060298948,0.00021543066141983797,0.00021545137943560367,0.00021547208465691958,0.00021549277709041636,0.0002155134567427214,0.00021553412362045952,0.0002155547777302533,0.00021557541907872232,0.00021559604767248486,0.00021561666351815653,0.00021563726662177302,0.00021565785699089216,0.00021567843463145473,0.00021569899955028535,0.00021571955175255615,0.00021574009124797783,0.00021576061804157458,0.00021578113213976803,0.00021580163354913018,0.00021582212227476828,0.00021584259832613243,0.00021586306170848294,0.00021588351242838574,0.00021590395049280963,0.00021592437590787277,0.0002159447886801422,0.00021596518881618224,0.00021598557632255245,0.0002160059512058081,0.0002160263134725018,0.00021604666312918187,0.00021606700018239356,0.00021608732463867906,0.00021610763650458363,0.0002161279357866705,0.00021614822249117343,0.00021616849662489367,0.00021618875819435699,0.000216209007206086,0.00021622924366660034,0.00021624946758241645,0.0002162696789601801,0.00021628987780631967,0.00021631006412738344,0.00021633023793000581,0.0002163503992198816,0.00021637054800409476,0.0002163906842891409,0.00021641080808151235,0.00021643091938769845,0.0002164510182141856,0.00021647110456745724,0.00021649117845399355,0.00021651123988027218,0.00021653128885276723,0.00021655132537795,0.00021657134946228898,0.00021659136111224932,0.00021661136033429343,0.00021663134713488044,0.00021665132152046688,0.0002166712834975058,0.0002166912330724477,0.00021671117025173954,0.00021673109504182576,0.00021675100744914772,0.0002167709074801435,0.0002167907951412484,0.0002168106704388948,0.00021683053337951186,0.00021685038396963111,0.00021687022221557247,0.0002168900481237563,0.00021690986170060003,0.00021692966295251784,0.00021694945188592137,0.00021696922850721886,0.00021698899282281565,0.00021700874483911335,0.00021702848456251218,0.00021704821199940996,0.0002170679271561985,0.00021708763003926908,0.00021710732065500818,0.00021712699900979288,0.0002171466651100216,0.000217166318962064,0.00021718596057229586,0.00021720558994708968,0.000217225207092815,0.0002172448120158306,0.00021726440472251575,0.00021728398521922402,0.00021730355351230448,0.00021732310960812748,0.00021734265351303826,0.00021736218523338475,0.00021738170477551288,0.0002174012121457654,0.00021742070735048238,0.00021744019039600062,0.00021745966128865432,0.00021747912003477156,0.00021749856664068595,0.00021751800111271985,0.00021753742345719527,0.00021755683368043162,0.000217576231788745,0.00021759561778844855,0.00021761499168585264,0.00021763435348726474,0.00021765370319898903,0.00021767304082732708,0.00021769236637857729,0.0002177116798590352,0.0002177309812749934,0.00021775027063274162,0.0002177695479385662,0.00021778881319875113,0.00021780806641957706,0.0002178273076073219,0.00021784653676826056,0.0002178657539086648,0.00021788495903480383,0.00021790415215294337,0.00021792333326934682,0.00021794250239027431,0.00021796165952198297,0.00021798080467070184,0.00021799993784270847,0.00021801905904425106,0.00021803816828157516,0.0002180572655609233,0.00021807635088853504,0.00021809542427064703,0.0002181144857134929,0.00021813353522330369,0.00021815257280630686,0.00021817159846872772,0.00021819061221678798,0.00021820961405667047,0.0002182286039946281,0.00021824758203687424,0.00021826654818961902,0.00021828550245907007,0.0002183044448514317,0.00021832337537290553,0.0002183422940315875,0.00021836120082983527,0.00021838009577578927,0.00021839897887776397,0.0002184178501377604,0.00021843670956399807,0.00021845555716266482,0.00021847439293994265,0.00021849321690188054,0.0002185120290557103,0.00021853082940587358,0.00021854961795935712,0.0002185683947223365,0.00021858715970110554,0.0002186059128998722,0.0002186246543282384,0.00021864338399085252,0.00021866210189350384,0.00021868080804254145,0.00021869950244410766,0.0002187181851043444,0.00021873685602935797,0.0002187555152254585,0.00021877416269897412,0.00021879279845531612,0.0002188114225008536,0.00021883003484189442,0.00021884863548450644,0.00021886722443480722,0.00021888580169892376,0.00021890436728294157,0.00021892292119298209,0.00021894146343515112,0.00021895999401555117,0.00021897851294028236,0.00021899702021544148,0.00021901551584712267,0.00021903399984139228,0.0002190524722043799,0.00021907093294217049,0.00021908938205990794,0.00021910781956575328,0.00021912624546418545,0.0002191446597617183,0.00021916306246442277,0.000219181453578676,0.00021919983311048191,0.00021921820106521239,0.00021923655744945673,0.00021925490226918745,0.0002192732355304582,0.00021929155723933398,0.00021930986740184642,0.00021932816602394483,0.00021934645311176722,0.00021936472867135318,0.00021938299270873903,0.0002194012452299586,0.00021941948624104262,0.00021943771574797267,0.00021945593375682205,0.00021947414027361314,0.00021949233530436585,0.00021951051885509804,0.00021952869093193583,0.00021954685154075004,0.0002195650006875706,0.0002195831383784024,0.0002196012646198559,0.0002196193794189283,0.00021963748277808952,0.0002196555747052539,0.00021967365520716528,0.00021969172428830077,0.0002197097819550006,0.00021972782821346048,0.00021974586307037936,0.00021976388653033833,0.00021978189860119777,0.00021979989928773357,0.00021981788859667145,0.0002198358665334344,0.00021985383310399467,0.00021987178831431103,0.00021988973217034965,0.0002199076646780716,0.00021992558584343422,0.00021994349567240875,0.00021996139416961586,0.00021997928134222643,0.00021999715719609738,0.00022001502173733128,0.00022003287497186593,0.00022005071690537372,0.00022006854754406873,0.00022008636689378226,0.00022010417496044462,0.00022012197174999171,0.0002201397572683679,0.00022015753152097333,0.0002201752945140257,0.00022019304625427185,0.0002202107867462238,0.00022022851599706194,0.00022024623401192586,0.00022026394079631016,0.0002202816363572214,0.0002202993207000206,0.000220316993830627,0.00022033465575493764,0.0002203523064787408,0.00022036994600796325,0.00022038757434847273,0.00022040519150617584,0.00022042279748685914,0.0002204403922964979,0.0002204579759411438,0.0002204755484264246,0.00022049310975820127,0.0002205106599421138,0.00022052819898428773,0.0002205457268905622,0.00022056324366616364,0.00022058074931849322,0.00022059824385220938,0.0002206157272734765,0.00022063319958741772,0.00022065066080094022,0.00022066811091943657,0.0002206855499493663,0.00022070297789556458,0.00022072039476468146,0.00022073780056414315,0.00022075519529483062,0.00022077257896539447,0.0002207899515820384,0.0002208073131496873,0.0002208246636742272,0.00022084200316186222,0.00022085933161890235,0.00022087664905094464,0.000220893955463278,0.00022091125086193416,0.00022092853525315957,0.0002209458086424707,0.00022096307103526314,0.00022098032243745978,0.0002209975628545888,0.00022101479229269684,0.0002210320107577008,0.00022104921825561398,0.00022106641479148218,0.00022108360037141758,0.00022110077500132254,0.00022111793868696218,0.00022113509143421834,0.0002211522332480918,0.00022116936413485468,0.0002211864841002549,0.0002212035931501054,0.00022122069129020062,0.00022123777852617384,0.00022125485486371516,0.0002212719203088887,0.00022128897486685487,0.0002213060185445173,0.00022132305134626887,0.00022134007327522507,0.0002213570843426003,0.00022137408455315862,0.00022139107391161252,0.00022140805242150093,0.00022142502009032836,0.00022144197692356015,0.00022145892292446182,0.00022147585810375133,0.00022149278246470216,0.00022150969601301084,0.00022152659875437162,0.0002215434906944754,0.00022156037183918784,0.00022157724219400512,0.0002215941017646084,0.00022161095055677307,0.00022162778857609693,0.00022164461582877657,0.00022166143231552241,0.000221678238049605,0.00022169503303468553,0.00022171181727489577,0.0002217285907754218,0.00022174535354401814,0.00022176210558509586,0.00022177884690395216,0.00022179557750655102,0.00022181229739863076,0.00022182900658564245,0.00022184570507318606,0.00022186239286778753,0.00022187906997396745,0.00022189573639777796,0.00022191239214485044,0.0002219290372208134,0.00022194567163106915,0.00022196229538147292,0.0002219789084776351,0.00022199551092517348,0.00022201210272970246,0.00022202868389683102,0.0002220452544321663,0.00022206181434152904,0.00022207836363034248,0.00022209490230403752,0.0002221114303685559,0.0002221279478293023,0.00022214445469227108,0.00022216095096217497,0.00022217743664621628,0.00022219391174760938,0.00022221037627316936,0.0002222268302281463,0.0002222432736178863,0.00022225970644851418,0.00022227612872560137,0.0002222925404547178,0.00022230894164142719,0.00022232533229129457,0.00022234171241265134,0.00022235808200633288,0.0002223744410799816,0.00022239078963902373,0.00022240712768902286,0.00022242345523546225,0.00022243977228388607,0.00022245607883995862,0.00022247237490781197,0.00022248866049565853,0.00022250493560770226,0.00022252120024932336,0.000222537454427243,0.00022255369814500067,0.00022256993140908123,0.00022258615422494514,0.000222602366598129,0.00022261856853415734,0.00022263476003854228,0.0002226509411167525,0.00022266711177267566,0.00022268327201518349,0.00022269942184806378,0.00022271556127734517,0.0002227316903073953,0.00022274780894438676,0.00022276391719376493,0.00022278001506096206,0.0002227961025502798,0.00022281217966947607,0.0002228282464231202,0.00022284430281654458,0.00022286034885543246,0.00022287638454483697,0.00022289240989036913,0.00022290842489770392,0.0002229244295725567,0.00022294042391951327,0.00022295640794370864,0.00022297238165248982,0.0002229883450500561,0.00022300429814178484,0.00022302024093376165,0.0002230361734307507,0.0002230520956387339,0.0002230680075625571,0.00022308390920827435,0.00022309980058088112,0.00022311568168601565,0.00022313155252893632,0.00022314741311519923,0.0002231632634502288,0.00022317910353926361,0.00022319493338800842,0.00022321075300193451,0.00022322656238633453,0.0002232423615465512,0.00022325815048802801,0.00022327392921617063,0.00022328969773638253,0.00022330545605406808,0.00022332120417490865,0.00022333694210381036,0.00022335266984413568,0.00022336838740499875,0.00022338409479056226,0.00022339979200673482,0.00022341547905775506,0.00022343115594878162,0.0002234468226864392,0.00022346247927527028,0.0002234781257215102,0.00022349376202913712,0.00022350938820423112,0.00022352500425191967,0.0002235406101780899,0.00022355620598786535,0.00022357179168660583,0.00022358736727931986,0.00022360293277327137,0.0002236184881708131,0.0002236340334787694,0.0002236495687020474,0.00022366509384615777,0.0002236806089166421,0.00022369611391862847,0.00022371160885767063,0.00022372709373888174,0.00022374256856775692,0.00022375803334931762,0.0002237734880893432,0.00022378893279293533,0.00022380436746578117,0.0002238197921124343,0.00022383520673878408,0.00022385061134997658,0.0002238660059513182,0.00022388139054817414,0.00022389676514638114,0.0002239121297500391,0.00022392748436582752,0.00022394282899739667,0.00022395816365070758,0.0002239734883312423,0.00022398880304633966,0.000224004107797096,0.00022401940259131112,0.00022403468743355075,0.0002240499623296674,0.00022406522728461825,0.00022408048230370832,0.00022409572739229513,0.00022411096255563252,0.0002241261877988729,0.00022414140312717625,0.00022415660854595298,0.00022417180406045735,0.0002241869896759416,0.00022420216539765592,0.00022421733123084782,0.00022423248718078708,0.00022424763325266177,0.00022426276945169263,0.00022427789578291125,0.0002242930122521061,0.00022430811886390106,0.00022432321562327766,0.00022433830253687644,0.00022435337960909492,0.0002243684468451334,0.00022438350425020402,0.000224398551829807,0.00022441358958740239,0.0002244286175298246,0.00022444363566286724,0.00022445864399119837,0.00022447364251996577,0.00022448863125421287,0.00022450361019917702,0.00022451857936018062,0.0002245335387422589,0.0002245484883506034,0.00022456342819036112,0.00022457835826676176,0.0002245932785849924,0.0002246081891502321,0.00022462308996764195,0.0002246379810424031,0.0002246528623796901,0.00022466773398467462,0.00022468259586252417,0.00022469744801840484,0.00022471229045746837,0.0002247271231848827,0.00022474194620580564,0.0002247567595253922,0.00022477156314879465,0.0002247863570811628,0.0002248011413276444,0.00022481591589338415,0.000224830680783372,0.00022484543600289966,0.00022486018155675052,0.00022487491745077054,0.00022488964368973932,0.0002249043602787878,0.0002249190672230418,0.00022493376452762623,0.00022494845219766296,0.00022496313023826086,0.00022497779865453428,0.00022499245745159638,0.00022500710663455372,0.00022502174620855586,0.00022503637617867972,0.00022505099655002715,0.0002250656073276839,0.0002250802085163718,0.00022509480012228365,0.00022510938214904163,0.0002251239546011492,0.0002251385174873564,0.0002251530708094445,0.00022516761457490902,0.00022518214878666884,0.00022519667345043972,0.0002252111885715299,0.0002252256941549408,0.0002252401902053301,0.00022525467672813667,0.00022526915372858168,0.00022528362121182545,0.0002252980791825347,0.00022531252764585588,0.0002253269666072818,0.00022534139607102377,0.00022535581604258656,0.00022537022652698846,0.00022538462752944976,0.00022539901905630036,0.00022541340110959505,0.00022542777369544446,0.00022544213681996743,0.0002254564904880366,0.00022547083470388267,0.00022548516947290876,0.00022549949480005435,0.00022551381069084791,0.00022552811714956223,0.0002255424141815779,0.00022555670179399582,0.0002255709799884314,0.00022558524877022937,0.00022559950814543466,0.00022561375811900412,0.0002256279986957334,0.00022564222988120703,0.0002256564516799566,0.00022567066409650468,0.00022568486713813327,0.00022569906080665457,0.00022571324510831296,0.0002257274200483799,0.00022574158563172926,0.0002257557418632709,0.0002257698887481315,0.00022578402629115288,0.00022579815449721635,0.00022581227337076676,0.00022582638291827057,0.00022584048314371286,0.0002258545740522159,0.0002258686556487415,0.00022588272793860873,0.0002258967909288227,0.00022591084461948797,0.00022592488901788103,0.0002259389241292947,0.00022595294995825572,0.0002259669665104835,0.00022598097378978338,0.00022599497180149882,0.00022600896055108513,0.0002260229400435313,0.0002260369102846997,0.0002260508712754902,0.00022606482302450006,0.00022607876553514938,0.00022609269881333104,0.00022610662286315223,0.00022612053769001755,0.0002261344432986715,0.0002261483396940399,0.00022616222688107718,0.00022617610486465816,0.0002261899736497304,0.0002262038332411729,0.00022621768364394405,0.00022623152486283478,0.00022624535690285227,0.00022625917976882044,0.00022627299346560938,0.0002262867979981395,0.00022630059337129676,0.000226314379589964,0.0002263281566590207,0.00022634192458334618,0.0002263556833678169,0.00022636943301726075,0.00022638317353656538,0.0002263969049307438,0.00022641062720443777,0.00022642434036273062,0.00022643804441023873,0.0002264517393519786,0.0002264654251927994,0.00022647910193755085,0.0002264927695910832,0.00022650642815824458,0.0002265200776438816,0.00022653371805283814,0.00022654734938995627,0.00022656097166007567,0.0002265745848680335,0.00022658818901866485,0.00022660178411680252,0.00022661537016727625,0.00022662894717491422,0.00022664251514454173,0.0002266560740812346,0.00022666962398956006,0.0002266831648739839,0.00022669669673981198,0.00022671021959140298,0.0002267237334337358,0.00022673723827262916,0.0002267507341113975,0.00022676422095568478,0.00022677769881272625,0.00022679116768226613,0.00022680462757142462,0.0002268180784850542,0.00022683152042788347,0.00022684495340327825,0.00022685837741935751,0.00022687179247856787,0.00022688519858597467,0.0002268985957491321,0.00022691198396818443,0.00022692536324970899,0.00022693873359912357,0.0002269520950208217,0.00022696544751989276,0.00022697879110056298,0.0002269921257678552,0.0002270054515264425,0.0002270187683812123,0.00022703207633737908,0.00022704537539863418,0.00022705866556985436,0.00022707194685684943,0.000227085219263476,0.00022709848279465545,0.0002271117374554819,0.00022712498325038618,0.0002271382201821861,0.00022715144825953085,0.00022716466748424935,0.00022717787786279026,0.00022719107939885263,0.00022720427209741584,0.00022721745596320208,0.00022723063100093136,0.00022724379721532115,0.00022725695461108664,0.00022727010319294105,0.0002272832429655949,0.00022729637393375631,0.0002273094961021316,0.00022732260947542422,0.00022733571405833541,0.00022734880985556447,0.00022736189687180778,0.00022737497511175986,0.00022738804458011268,0.00022740110528188048,0.00022741415722142753,0.00022742720040347202,0.00022744023483268008,0.00022745326051368776,0.0002274662774511783,0.00022747928564985042,0.00022749228511437757,0.0002275052758494377,0.00022751825785969251,0.00022753123114980847,0.00022754419572444966,0.0002275571515882845,0.00022757009874615672,0.00022758303720234454,0.0002275959669616767,0.00022760888802881863,0.00022762180040850928,0.00022763470410594003,0.00022764759912516673,0.00022766048547068722,0.00022767336314725563,0.00022768623215943193,0.00022769909251189,0.00022771194421045075,0.00022772478725758882,0.00022773762165893065,0.0002277504474183695,0.00022776326454126327,0.0002277760730322382,0.00022778887289589666,0.00022780166413691693,0.00022781444675972336,0.0002278272207679816,0.00022783998616851843,0.0002278527429648036,0.0002278654911615156,0.00022787823076304487,0.0002278909617742412,0.00022790368419966118,0.00022791639804380881,0.00022792910331134286,0.00022794180000491662,0.00022795448813237813,0.00022796716769579704,0.00022797983870386477,0.00022799250115570019,0.00022800515505768754,0.000228017800416684,0.00022803043723616212,0.00022804306552134306,0.00022805568527462053,0.000228068296501761,0.00022808089920736617,0.00022809349339562108,0.0002281060790713442,0.00022811865623904143,0.0002281312249034204,0.00022814378507001094,0.0002281563367412315,0.00022816887992271399,0.00022818141461744302,0.00022819394083295637,0.00022820645857209304,0.00022821896783962306,0.00022823146864007742,0.00022824396097799766,0.00022825644485797384,0.0002282689202844639,0.00022828138726204385,0.0002282938457952125,0.00022830629588849503,0.00022831873754641436,0.0002283311707734912,0.00022834359557424408,0.0002283560119531888,0.0002283684199148394,0.00022838081946370724,0.00022839321060430184,0.00022840559334112996,0.00022841796767869633,0.00022843033362150356,0.00022844269117405178,0.00022845504034083906,0.00022846738112636063,0.00022847971353511022,0.00022849203757157894,0.0002285043532402553,0.00022851666054562618,0.00022852895949217574,0.0002285412500843861,0.00022855353232673694,0.0002285658062237059,0.0002285780717797682,0.00022859032899939677,0.0002286025778870625,0.0002286148184472337,0.000228627050684377,0.00022863927460295587,0.00022865149020743228,0.00022866369750226576,0.00022867589649191352,0.00022868808718083048,0.00022870026957346937,0.00022871244367419631,0.00022872460948754783,0.00022873676701795466,0.00022874891626987036,0.00022876105724773632,0.00022877318995599187,0.00022878531439907363,0.0002287974305812246,0.00022880953850726906,0.000228821638181306,0.00022883372960800174,0.0002288458127917043,0.00022885788773684428,0.00022886995444857427,0.0002288820129297017,0.00022889406318556233,0.00022890610522039215,0.0002289181390386491,0.00022893016464491466,0.0002289421820434811,0.00022895419123924695,0.000228966192235639,0.00022897818503733006,0.00022899016964913495,0.0002290021460752606,0.00022901411432041667,0.00022902607438880844,0.0002290380262841248,0.00022904997001035215,0.00022906190557383602,0.00022907383297987282,0.00022908575222880303,0.00022909766332713803,0.0002291095662792548,0.00022912146108986607,0.00022913334776299658,0.00022914522630311122,0.0002291570967144235,0.0002291689590013876,0.00022918081316712592,0.000229192659218222,0.00022920449715826114,0.00022921632699154427,0.00022922814872244153,0.00022923996235471366,0.0002292517678928525,0.0002292635653416068,0.0002292753547053169,0.00022928713598738756,0.00022929890919281998,0.00022931067432624,0.00022932243139264913,0.00022933418039540563,0.0002293459213390031,0.0002293576542277761,0.00022936937906605306,0.00022938109585815954,0.00022939280460841923,0.0002294045053211537,0.00022941619800075463,0.00022942788265146012,0.00022943955927715273,0.00022945122788251742,0.00022946288847128178,0.00022947454104828784,0.00022948618562135067,0.00022949782219138312,0.00022950945076268694,0.00022952107133734939,0.00022953268392192694,0.00022954428852079207,0.00022955588513859682,0.00022956747377900043,0.00022957905444609742,0.00022959062714461833,0.0002296021918783986,0.00022961374865236865,0.00022962529747034812,0.00022963683833670398,0.0002296483712558432,0.00022965989623197197,0.00022967141326932648,0.0002296829223722138,0.00022969442354490093,0.00022970591679165238,0.00022971740211673091,0.00022972887952439681,0.00022974034901890815,0.00022975181060452102,0.00022976326428548937,0.0002297747100668789,0.00022978614795202736,0.00022979757794519464,0.00022980900005064,0.00022982041427261309,0.00022983182061536508,0.00022984321908263623,0.0002298546096792996,0.00022986599240949255,0.00022987736727749612,0.00022988873428747702,0.00022990009344368877,0.00022991144475038874,0.00022992278821176983,0.00022993412383203693,0.0002299454516154214,0.00022995677156615268,0.00022996808368844947,0.00022997938798651385,0.00022999068446455902,0.00023000197312678903,0.0002300132539774137,0.00023002452702063666,0.00023003579226066006,0.00023004704970168392,0.00023005829934790632,0.00023006954120352303,0.00023008077527272755,0.00023009200155971153,0.0002301032200686641,0.0002301144308037726,0.0002301256337692164,0.00023013682896917603,0.00023014801640786715,0.00023015919608944038,0.00023017036801807077,0.00023018153219800378,0.00023019268863327033,0.0002302038373280701,0.0002302149782866303,0.00023022611151284167,0.00023023723701056447,0.00023024835478503437,0.0002302594648402338,0.0002302705671799879,0.00023028166180843047,0.00023029274872970787,0.00023030382794800297,0.00023031489946746364,0.00023032596329223564,0.00023033701942633847,0.00023034806787403366,0.00023035910863946225,0.00023037014172692623,0.0002303811671403996,0.00023039218488401665,0.0002304031949619092,0.00023041419737820725,0.00023042519213703827,0.00023043617924252803,0.00023044715869880006,0.00023045813050997575,0.0002304690946801742,0.0002304800512135129,0.00023049100011410684,0.00023050194138606888,0.0002305128750335099,0.00023052380106053876,0.00023053471947126223,0.00023054563026978463,0.00023055653346020863,0.00023056742904663445,0.00023057831703316058,0.00023058919742388303,0.0002306000702228959,0.0002306109354342913,0.00023062179306215902,0.0002306326431105869,0.00023064348558366057,0.00023065432048546377,0.00023066514782007794,0.00023067596759158266,0.00023068677980405517,0.0002306975844615614,0.00023070838156818432,0.000230719171128001,0.00023072995314506975,0.00023074072762346309,0.00023075149456724467,0.0002307622539804771,0.00023077300586694992,0.0002307837502309666,0.0002307944870765772,0.00023080521640783178,0.00023081593822877445,0.00023082665254344295,0.00023083735935587187,0.0002308480586700811,0.00023085875049007494,0.00023086943481982893,0.00023088011166409657,0.00023089078102632736,0.00023090144291071973,0.0002309120973211239,0.00023092274426176511,0.000230933383736027,0.0002309440157487326,0.0002309546403038125,0.00023096525740524455,0.00023097586705702353,0.00023098646926315264,0.0002309970640276355,0.00023100765135447755,0.0002310182312476888,0.00023102880371127384,0.00023103936874923803,0.00023104992636558463,0.0002310604765643165,0.0002310710193494334,0.00023108155472493518,0.00023109208269481873,0.00023110260326308018,0.00023111311643371206,0.00023112362221070688,0.00023113412059805395,0.00023114461159974103,0.00023115509521975412,0.00023116557146207655,0.00023117604033069067,0.0002311865018295759,0.0002311969559627103,0.00023120740273406952,0.00023121784214762773,0.00023122827420735644,0.00023123869891722548,0.00023124911628120257,0.00023125952630325384,0.00023126992898734266,0.0002312803243374311,0.00023129071235738824,0.0002313010930512594,0.00023131146642300045,0.00023132183247656456,0.00023133219121590335,0.00023134254264496617,0.00023135288676770017,0.0002313632235864831,0.0002313735531062593,0.00023138387533250927,0.00023139419026817443,0.00023140449791840057,0.00023141479828593355,0.0002314250913747025,0.00023143537718863078,0.00023144565573196159,0.00023145592700831772,0.00023146619102151213,0.0002314764477756088,0.00023148669727452665,0.0002314969395221838,0.00023150717452249622,0.00023151740227937898,0.00023152762279669514,0.0002315378360783832,0.00023154804212831037,0.0002315582409494332,0.00023156843254782097,0.00023157861692618112,0.00023158879408845208,0.00023159896403853266,0.0002316091267803201,0.00023161928231770903,0.0002316294306545922,0.00023163957179485995,0.00023164970574239994,0.00023165983250109703,0.00023166995207588267,0.00023168006446863288,0.00023169016968403006,0.0002317002677262162,0.00023171035859893125,0.0002317204423062239,0.00023173051885174738,0.00023174058823929915,0.00023175065047305684,0.0002317607055565532,0.00023177075349405395,0.00023178079428921275,0.00023179082794582955,0.00023180085446783535,0.000231810873859108,0.00023182088612346775,0.0002318308912648416,0.00023184088928690936,0.00023185088019364055,0.00023186086398901856,0.00023187084067658698,0.00023188081026049266,0.00023189077274425626,0.0002319007281318842,0.00023191067642721228,0.00023192061763407517,0.00023193055175630578,0.00023194047879773486,0.00023195039876264194,0.00023196031165397747,0.0002319702174758195,0.00023198011623226373,0.0002319900079270832,0.0002319998925640339,0.0002320097701469322,0.00023201964067959063,0.00023202950416595329,0.00023203936060988857,0.00023204921001479702,0.00023205905238479605,0.0002320688877235508,0.0002320787160348642,0.00023208853732277165,0.0002320983515908989,0.00023210815884439867,0.00023211795908570915,0.00023212775231862403,0.00023213753854693634,0.0002321473177730732,0.00023215709000240343,0.00023216685523850937,0.0002321766134851755,0.00023218636474618465,0.00023219610902531742,0.00023220584632635224,0.00023221557665306576,0.00023222530000923273,0.0002322350163986261,0.00023224472582501665,0.00023225442829217317,0.00023226412380386257,0.00023227381236384974,0.00023228349397589774,0.00023229316864376769,0.0002323028363712186,0.00023231249716200789,0.00023232215101989044,0.0002323317979486197,0.00023234143795194704,0.0002323510710336219,0.00023236069719739138,0.0002323703164470013,0.0002323799287861952,0.00023238953421871476,0.00023239913274829965,0.00023240872437855687,0.00023241830911335424,0.00023242788695642603,0.00023243745791150401,0.00023244702198231825,0.0002324565791725969,0.00023246612948606585,0.00023247567292644956,0.0002324852094974702,0.00023249473920284802,0.00023250426204630156,0.0002325137780315474,0.00023252328716230012,0.00023253278944227222,0.00023254228487517455,0.0002325517734647161,0.00023256125521460352,0.000232570730128542,0.00023258019821023466,0.0002325896594633824,0.00023259911389168463,0.00023260856149883862,0.00023261800228853972,0.0002326274362644817,0.0002326368634303558,0.00023264628378985195,0.00023265569734665776,0.00023266510410445922,0.00023267450406694033,0.0002326838972378381,0.0002326932836207774,0.00023270266321943659,0.0002327120360374918,0.0002327214020786176,0.00023273076134648662,0.0002327401138447692,0.00023274945957713433,0.00023275879854724855,0.00023276813075877683,0.00023277745621538235,0.00023278677492072605,0.00023279608687846724,0.00023280539209226324,0.00023281469056576944,0.0002328239823026393,0.00023283326730652454,0.00023284254558107503,0.0002328518171299384,0.0002328610819567607,0.0002328703400651861,0.0002328795914588566,0.00023288883614141243,0.00023289807411649234,0.00023290730538773268,0.00023291652995876812,0.0002329257478332313,0.0002329349590147532,0.0002329441635069627,0.0002329533613134871,0.0002329625524379515,0.00023297173688397927,0.00023298091465519176,0.00023299008575520876,0.00023299925018764784,0.0002330084079559944,0.0002330175590640781,0.00023302670351536164,0.00023303584131446244,0.00023304497246422735,0.00023305409696702743,0.00023306321482747844,0.00023307232604974376,0.0002330814306364174,0.00023309052859166315,0.00023309961991893797,0.00023310870462189758,0.00023311778270413954,0.0002331268541692217,0.00023313591902076824,0.0002331449772623664,0.00023315402889821028,0.00023316307393127906,0.00023317211236453982,0.00023318114420218391,0.00023319016944779546,0.00023319918810507236,0.0002332082001774293,0.00023321720566846682,0.000233226204581594,0.00023323519692055198,0.00023324418268890731,0.0002332531618902306,0.00023326213452808304,0.00023327110060601642,0.00023328006012762235,0.00023328901309603955,0.00023329795951513928,0.00023330689938841825,0.00023331583272014533,0.00023332475951334125,0.00023333367977151695,0.00023334259349819624,0.00023335150069693364,0.00023336040137134887,0.00023336929552453234,0.0002333781831605177,0.00023338706428293796,0.00023339593889514656,0.00023340480700072283,0.00023341366860307768,0.00023342252370567952,0.00023343137231216196,0.00023344021442610647,0.00023344905005097201,0.00023345787919023498,0.0002334667018477941,0.00023347551802655456,0.00023348432773031514,0.00023349313096334836,0.00023350192772757627,0.00023351071802749521,0.00023351950186671917,0.0002335282792484238,0.00023353705017592746,0.0002335458146531807,0.00023355457268352345,0.0002335633242700288,0.00023357206941661436,0.00023358080812677494,0.00023358954040400502,0.00023359826625179522,0.00023360698567363378,0.000233615698673005,0.0002336244052535607,0.00023363310541864462,0.00023364179917174076,0.00023365048651633204,0.000233659167455899,0.00023366784199392002,0.00023367651013387196,0.00023368517187922976,0.00023369382723394978,0.00023370247620100822,0.00023371111878389908,0.00023371975498609037,0.0002337283848110055,0.0002337370082622944,0.00023374562534327723,0.00023375423605733923,0.0002337628404079429,0.00023377143839878133,0.0002337800300331877,0.0002337886153143874,0.0002337971942460232,0.00023380576683153234,0.00023381433307434712,0.00023382289297790932,0.00023383144654572053,0.00023383999378127213,0.0002338485346879316,0.00023385706926911583,0.0002338655975282972,0.00023387411946896184,0.00023388263509442056,0.00023389114440817277,0.00023389964741366896,0.00023390814411434563,0.00023391663451405285,0.0002339251186152845,0.00023393359642195235,0.00023394206793746398,0.00023395053316524497,0.0002339589921087132,0.00023396744477155055,0.00023397589115681675,0.00023398433126802016,0.00023399276510839063,0.00023400119268151642,0.00023400961399080842,0.00023401802903980833,0.00023402643783163984,0.00023403484036983773,0.00023404323665696783,0.00023405162669809025,0.0002340600104957812,0.00023406838805343597,0.00023407675937444814,0.00023408512446220918,0.00023409348332010922,0.00023410183595153652,0.00023411018235987814,0.0002341185225485996,0.00023412685652092328,0.00023413518428030242,0.00023414350583012263,0.00023415182117376865,0.00023416013031486084,0.00023416843325624323,0.00023417673000192125,0.00023418502055457273,0.00023419330491833494,0.00023420158309574073,0.00023420985509051836,0.0002342181209056906,0.0002342263805453547,0.00023423463401250926,0.00023424288131039333,0.00023425112244242354,0.00023425935741239401,0.00023426758622311462,0.00023427580887804388,0.0002342840253812163,0.00023429223573477904,0.00023430043994163944,0.0002343086380071674,0.00023431682993362558,0.00023432501572453592,0.00023433319538300983,0.00023434136891239488,0.00023434953631611,0.00023435769759736549,0.0002343658527599041,0.00023437400180482832,0.0002343821447377315,0.0002343902815635301,0.00023439841228396958,0.00023440653690201104,0.00023441465542056977,0.00023442276784340236,0.0002344308741738458,0.00023443897441521446,0.0002344470685708225,0.00023445515664398216,0.00023446323863800464,0.0002344713145556639,0.00023447938440135447,0.00023448744817781598,0.00023449550588828044,0.00023450355753638243,0.00023451160312495812,0.000234519642657425,0.00023452767613748048,0.00023453570356811164,0.00023454372495245964,0.00023455174029307415,0.00023455974959505805,0.00023456775286079357,0.00023457575009356584,0.00023458374129649702,0.0002345917264729058,0.0002345997056256369,0.00023460767875877953,0.0002346156458757181,0.00023462360697954632,0.00023463156207341544,0.0002346395111607695,0.00023464745424443728,0.00023465539132794266,0.00023466332241555405,0.00023467124750891253,0.00023467916661146747,0.00023468707972701055,0.00023469498685866382,0.00023470288800969008,0.00023471078318334932,0.000234718672384097,0.00023472655561392294,0.000234734432876094,0.00023474230417386543,0.0002347501695104945,0.0002347580288892311,0.0002347658823133287,0.00023477372978603333,0.00023478157131059306,0.0002347894068902507,0.00023479723652824834,0.00023480506022782532,0.00023481287799221988,0.00023482068982466647,0.00023482849572839932,0.00023483629570665037,0.0002348440897626508,0.0002348518778996271,0.00023485966012080721,0.00023486743642941514,0.00023487520682867442,0.00023488297132122333,0.00023489072991087718,0.00023489848260085304,0.00023490622939436624,0.00023491397029463035,0.00023492170530559466,0.00023492943443089925,0.00023493715767239888,0.00023494487503334386,0.00023495258651696628,0.00023496029212648933,0.00023496799186332575,0.00023497568573250152,0.00023498337373812944,0.00023499105588256457,0.00023499873216900334,0.00023500640260064028,0.000235014067180668,0.00023502172591227918,0.00023502937879866517,0.00023503702584301198,0.00023504466704850997,0.000235052302418346,0.000235059931955708,0.000235067555663909,0.0002350751735451009,0.0002350827856032561,0.0002350903918415217,0.00023509799226300467,0.00023510558687185696,0.00023511317567009794,0.00023512075866121603,0.0002351283358486674,0.00023513590723507272,0.00023514347282405142,0.00023515103261890268,0.00023515858662226586,0.00023516613483729203,0.00023517367726733933,0.0002351812139165988,0.00023518874478509107,0.000235196269879188,0.00023520378920095225,0.00023521130275356252,0.0002352188105397081
10,0.0,0.0,0.0,0.0,0.0,0.0,0.0,0.0,0.0,0.0,0.0,0.0,0.0,0.0,0.0,0.0,0.0,0.0,0.0,0.0,0.0,0.0,0.0,0.0,0.0,0.0,0.0,0.0,0.0,0.0,0.0,0.0,0.0,0.0,0.0,0.0,0.0,0.0,0.0,0.0,0.0,0.0,0.0,0.0,0.0,0.0,0.0,0.0,0.0,0.0,0.0,0.0,0.0,0.0,0.0,0.0,0.0,0.0,0.0,0.0,0.0,0.0,0.0,0.0,0.0,0.0,0.0,0.0,0.0,0.0,0.0,0.0,0.0,0.0,0.0,0.0,0.0,0.0,0.0,0.0,0.0,0.0,0.0,0.0,0.0,0.0,0.0,0.0,0.0,0.0,0.0,0.0,0.0,0.0,0.0,0.0,0.0,0.0,0.0,0.0,0.0,0.0,0.0,0.0,0.0,0.0,0.0,0.0,0.0,0.0,0.0,0.0,0.0,0.0,0.0,0.0,0.0,0.0,0.0,0.0,0.0,0.0,0.0,0.0,0.0,0.0,0.0,0.0,0.0,0.0,0.0,0.0,0.0,0.0,0.0,0.0,0.0,0.0,0.0,0.0,0.0,0.0,0.0,0.0,0.0,0.0,0.0,0.0,0.0,0.0,0.0,0.0,0.0,0.0,0.0,0.0,0.0,0.0,0.0,0.0,0.0,0.0,0.0,0.0,0.0,0.0,0.0,0.0,0.0,0.0,0.0,0.0,0.0,0.0,0.0,0.0,0.0,0.0,0.0,0.0,0.0,0.0,0.0,0.0,0.0,0.0,0.0,0.0,0.0,0.0,0.0,0.0,0.0,0.0,0.0,0.0,0.0,0.0,0.0,0.0,0.0,0.0,0.0,0.0,0.0,0.0,0.0,0.0,0.0,0.0,0.0,0.0,0.0,0.0,0.0,0.0,0.0,0.0,0.0,0.0,0.0,0.0,0.0,0.0,0.0,0.0,0.0,0.0,0.0,0.0,0.0,0.0,0.0,0.0,0.0,0.0,0.0,0.0,0.0,0.0,0.0,0.0,0.0,0.0,0.0,0.0,0.0,0.0,0.0,0.0,0.0,0.0,0.0,0.0,0.0,0.0,0.0,0.0,0.0,0.0,0.0,0.0,0.0,0.0,0.0,0.0,0.0,0.0,0.0,0.0,0.0,0.0,0.0,0.0,0.0,0.0,0.0,0.0,0.0,0.0,0.0,0.0,0.0,0.0,0.0,0.0,0.0,0.0,0.0,0.0,0.0,0.0,0.0,0.0,0.0,0.0,0.0,0.0,0.0,0.0,0.0,0.0,0.0,0.0,0.0,0.0,0.0,0.0,0.0,0.0,0.0,0.0,0.0,0.0,0.0,0.0,0.0,0.0,0.0,0.0,0.0,0.0,0.0,0.0,0.0,0.0,0.0,0.0,0.0,0.0,0.0,0.0,0.0,0.0,0.0,0.0,0.0,0.0,0.0,0.0,0.0,0.0,0.0,0.0,0.0,0.0,0.0,0.0,0.0,0.0,0.0,0.0,0.0,0.0,0.0,0.0,0.0,0.0,0.0,0.0,0.0,0.0,0.0,0.0,0.0,0.0,0.0,0.0,0.0,0.0,0.0,0.0,0.0,0.0,0.0,0.0,0.0,0.0,0.0,0.0,0.0,0.0,0.0,0.0,0.0,0.0,0.0,0.0,0.0,0.0,0.0,0.0,0.0,0.0,0.0,0.0,0.0,0.0,0.0,0.0,0.0,0.0,0.0,0.0,0.0,0.0,0.0,0.0,0.0,0.0,0.0,0.0,0.0,0.0,0.0,0.0,0.0,0.0,0.0,0.0,0.0,0.0,0.0,0.0,0.0,0.0,0.0,0.0,0.0,0.0,0.0,0.0,0.0,0.0,0.0,0.0,0.0,0.0,0.0,0.0,0.0,0.0,0.0,0.0,0.0,0.0,0.0,0.0,0.0,0.0,0.0,0.0,0.0,0.0,0.0,0.0,0.0,0.0,0.0,0.0,0.0,0.0,0.0,0.0,0.0,0.0,0.0,0.0,0.0,0.0,0.0,0.0,0.0,0.0,0.0,0.0,0.0,0.0,0.0,0.0,0.0,0.0,0.0,0.0,0.0,0.0,0.0,0.0,0.0,0.0,0.0,0.0,0.0,0.0,0.0,0.0,0.0,0.0,0.0,0.0,0.0,0.0,0.0,0.0,0.0,0.0,0.0,0.0,0.0,0.0,0.0,0.0,0.0,0.0,0.0,0.0,0.0,0.0,0.0,0.0,0.0,0.0,0.0,0.0,0.0,0.0,0.0,0.0,0.0,0.0,0.0,0.0,0.0,0.0,0.0,0.0,0.0,0.0,0.0,0.0,0.0,0.0,0.0,0.0,0.0,0.0,0.0,0.0,0.0,0.0,0.0,0.0,0.0,0.0,0.0,0.0,0.0,0.0,0.0,0.0,0.0,0.0,0.0,0.0,0.0,0.0,0.0,0.0,0.0,0.0,0.0,0.0,0.0,0.0,0.0,0.0,0.0,0.0,0.0,0.0,0.0,0.0,0.0,0.0,0.0,0.0,0.0,0.0,0.0,0.0,0.0,0.0,0.0,0.0,0.0,0.0,0.0,0.0,0.0,0.0,0.0,0.0,0.0,0.0,0.0,0.0,0.0,0.0,0.0,0.0,0.0,0.0,0.0,0.0,0.0,0.0,0.0,0.0,0.0,0.0,0.0,0.0,0.0,0.0,0.0,0.0,0.0,0.0,0.0,0.0,0.0,0.0,0.0,0.0,0.0,0.0,0.0,0.0,0.0,0.0,0.0,0.0,0.0,0.0,0.0,0.0,0.0,0.0,0.0,0.0,0.0,0.0,0.0,0.0,0.0,0.0,0.0,0.0,0.0,0.0,0.0,0.0,0.0,0.0,0.0,0.0,0.0,0.0,0.0,0.0,0.0,0.0,0.0,0.0,0.0,0.0,0.0,0.0,0.0,0.0,0.0,0.0,0.0,0.0,0.0,0.0,0.0,0.0,0.0,0.0,0.0,0.0,0.0,0.0,0.0,0.0,0.0,0.0,0.0,0.0,0.0,0.0,0.0,0.0,0.0,0.0,0.0,0.0,0.0,0.0,0.0,0.0,0.0,0.0,0.0,0.0,0.0,0.0,0.0,0.0,0.0,0.0,0.0,0.0,0.0,0.0,0.0,0.0,0.0,0.0,0.0,0.0,0.0,0.0,0.0,0.0,0.0,0.0,0.0,0.0,0.0,0.0,0.0,0.0,0.0,0.0,0.0,0.0,0.0,0.0,0.0,0.0,0.0,0.0,0.0,0.0,0.0,0.0,0.0,0.0,0.0,0.0,0.0,0.0,0.0,0.0,0.0,0.0,0.0,0.0,0.0,0.0,0.0,0.0,0.0,0.0,0.0,0.0,0.0,0.0,0.0,0.0,0.0,0.0,0.0,0.0,0.0,0.0,0.0,0.0,0.0,0.0,0.0,0.0,0.0,0.0,0.0,0.0,0.0,0.0,0.0,0.0,0.0,0.0,0.0,0.0,0.0,0.0,0.0,0.0,0.0,0.0,0.0,0.0,0.0,0.0,0.0,0.0,0.0,0.0,0.0,0.0,0.0,0.0,0.0,0.0,0.0,0.0,0.0,0.0,0.0,0.0,0.0,0.0,0.0,0.0,0.0,0.0,0.0,0.0,0.0,0.0,0.0,0.0,0.0,0.0,0.0,0.0,0.0,0.0,0.0,0.0,0.0,0.0,0.0,0.0,0.0,0.0,0.0,0.0,0.0,0.0,0.0,0.0,0.0,0.0,0.0,0.0,0.0,0.0,0.0,0.0,0.0,0.0,0.0,0.0,0.0,0.0,0.0,0.0,0.0,0.0,0.0,0.0,0.0,0.0,0.0,0.0,0.0,0.0,0.0,0.0,0.0,0.0,0.0,0.0,0.0,0.0,0.0,0.0,0.0,0.0,0.0,0.0,0.0,0.0,0.0,0.0,0.0,0.0,0.0,0.0,0.0,0.0,0.0,0.0,0.0,0.0,0.0,0.0,0.0,0.0,0.0,0.0,0.0,0.0,0.0,0.0,0.0,0.0,0.0,0.0,0.0,0.0,0.0,0.0,0.0,0.0,0.0,0.0,0.0,0.0,0.0,0.0,0.0,0.0,0.0,0.0,0.0,0.0,0.0,0.0,0.0,0.0,0.0,0.0,0.0,0.0,0.0,0.0,0.0,0.0,0.0,0.0,0.0,0.0,0.0,0.0,0.0,0.0,0.0,0.0,0.0,0.0,0.0,0.0,0.0,0.0,0.0,0.0,0.0,0.0,0.0,0.0,0.0,0.0,0.0,0.0,0.0,0.0,0.0,0.0,0.0,0.0,0.0,0.0,0.0,0.0,0.0,0.0,6.606659903046942e-32,1.4349778458009954e-31,2.3465982895445817e-31,3.425292871639879e-31,4.708690894394074e-31,6.2446762264433165e-31,8.094647669676306e-31,1.0338000425179201e-30,1.3078347226943036e-30,1.6452252282216106e-30,2.0641646101579078e-30,2.5891711715550706e-30,3.253703239945998e-30,4.104042623679214e-30,5.205162138340141e-30,6.649758199721075e-30,8.572442797536289e-30,1.1172547385168994e-29,1.4751681011883292e-29,1.977730412472892e-29,2.6993665865351026e-29,3.7622105029051257e-29,5.373686781392889e-29,7.900168535688854e-29,1.201873442106754e-28,1.9048407616985296e-28,3.1723556810902533e-28,5.614947790122297e-28,1.072430351368678e-27,2.2573924264250768e-27,5.3962760860878315e-27,1.530790065800632e-26,5.502321077057847e-26,2.759039756525974e-25,2.1804271372313777e-24,2.906751165922653e-23,5.410853606425406e-22,9.068677548107677e-21,1.0204903087602557e-19,7.525605760303747e-19,3.922140285723908e-18,1.549623641739654e-17,4.888853177447789e-17,1.283401149903894e-16,2.9011214301362044e-16,5.809095726920477e-16,1.0543308587749617e-15,1.7668348735182582e-15,2.774552232477975e-15,4.1317026996657864e-15,5.890840036560727e-15,8.10480877369281e-15,1.0830142374910791e-14,1.4131546723067217e-14,1.8086976448100513e-14,2.2792564231636628e-14,2.8366384434598872e-14,3.494997382962523e-14,4.270695231567487e-14,5.1818920551249866e-14,6.247959798591934e-14,7.48884602036784e-14,8.924490930889541e-14,1.0574355336380404e-13,1.2457075805658957e-13,1.4590237651222348e-13,1.6990244937854382e-13,1.9672264461685603e-13,2.2650222863007784e-13,2.593683985225256e-13,2.954368446913121e-13,3.3481244721593474e-13,3.7759003739887796e-13,4.2385517670455385e-13,4.736849220060829e-13,5.271485565131674e-13,5.843082749373895e-13,6.452198169467936e-13,7.099330468188549e-13,7.784924799212873e-13,8.509377583690007e-13,9.273040790655834e-13,1.0076225779703314e-12,1.0919206744350797e-12,1.1802223797148973e-12,1.2725485726524584e-12,1.3689172479099432e-12,1.4693437373133753e-12,1.5738409094252029e-12,1.682419349000442e-12,1.7950875186485514e-12,1.9118519053457097e-12,2.0327171529145606e-12,2.15768618264326e-12,2.286760303222928e-12,2.419939311170661e-12,2.557221583179827e-12,2.6986041608774846e-12,2.8440828292085566e-12,2.9936521889127077e-12,3.147305723890291e-12,3.305035863521321e-12,3.4668340417403233e-12,3.6326907514086163e-12,3.802595595781106e-12,3.9765373367282466e-12,4.1545039402540784e-12,4.3364826195752995e-12,4.522459875511469e-12,4.712421535111267e-12,4.906352787849747e-12,5.104238220614853e-12,5.306061850658614e-12,5.511807156434189e-12,5.721457107964184e-12,5.934994195134226e-12,6.1524004549335796e-12,6.373657497217422e-12,6.598746529562499e-12,6.8276483815602355e-12,7.0603435263219394e-12,7.296812103088699e-12,7.537033937923523e-12,7.780988562966374e-12,8.028655235949246e-12,8.280012958526053e-12,8.535040493348218e-12,8.79371638104655e-12,9.0560189559922e-12,9.321926362234333e-12,9.591416567632341e-12,9.864467378113585e-12,1.0141056451257572e-11,1.0421161309350633e-11,1.0704759351609104e-11,1.0991827866225564e-11,1.1282344041541643e-11,1.15762849773172e-11,1.1873627695536474e-11,1.2174349148312308e-11,1.2478426230572241e-11,1.2785835787697907e-11,1.3096554623945294e-11,1.3410559512046905e-11,1.3727827199523835e-11,1.404833441844924e-11,1.437205789189188e-11,1.4698974340522665e-11,1.5029060490374376e-11,1.536229307866981e-11,1.569864886040635e-11,1.6038104614030633e-11,1.638063714623865e-11,1.6726223300671536e-11,1.707483995824577e-11,1.7426464045853015e-11,1.778107253940687e-11,1.813864246881674e-11,1.8499150922174652e-11,1.886257504985475e-11,1.9228892068387372e-11,1.9598079264175973e-11,1.9970113996971735e-11,2.0344973703480236e-11,2.0722635900316594e-11,2.1103078187088273e-11,2.1486278249252313e-11,2.187221386096304e-11,2.226086288711134e-11,2.2652203287588626e-11,2.304621311727616e-11,2.344287052905264e-11,2.3842153777218982e-11,2.4244041217580598e-11,2.4648511310768632e-11,2.5055542621852423e-11,2.5465113824872498e-11,2.587720370260214e-11,2.6291791148313836e-11,2.6708855167253285e-11,2.712837487779734e-11,2.7550329512790426e-11,2.7974698420675653e-11,2.8401461065982892e-11,2.8830597031119883e-11,2.926208601682676e-11,2.969590784287251e-11,3.0132042448994935e-11,3.057046989622278e-11,3.1011170364773675e-11,3.145412415858875e-11,3.189931170320293e-11,3.234671354695944e-11,3.279631036143683e-11,3.324808294123385e-11,3.370201220485745e-11,3.415807919505014e-11,3.461626507859249e-11,3.507655114655639e-11,3.5538918814765106e-11,3.600334962292886e-11,3.646982523644138e-11,3.6938327444393524e-11,3.740883816070684e-11,3.788133942388684e-11,3.835581339678812e-11,3.883224236661236e-11,3.93106087445733e-11,3.9790895066127234e-11,4.0273083990191864e-11,4.0757158299208105e-11,4.124310089910822e-11,4.173089481855161e-11,4.2220523208943544e-11,4.2711969344028675e-11,4.320521661951467e-11,4.370024855271687e-11,4.419704878227217e-11,4.469560106754144e-11,4.519588928835134e-11,4.569789744448739e-11,4.6201609655257705e-11,4.670701015902392e-11,4.7214083312721436e-11,4.7722813591365255e-11,4.823318558754347e-11,4.8745184011049904e-11,4.925879368774615e-11,4.9773999559934746e-11,5.0290786685215555e-11,5.0809140236048775e-11,5.13290454992107e-11,5.185048787519909e-11,5.2373452877660936e-11,5.289792613280679e-11,5.342389337878603e-11,5.3951340465100416e-11,5.448025335198665e-11,5.5010618109798495e-11,5.5542420918383444e-11,5.607564806645332e-11,5.6610285950991606e-11,5.714632107646869e-11,5.768374005441516e-11,5.822252960264413e-11,5.876267654463869e-11,5.930416780883857e-11,5.984699042810914e-11,6.039113153896294e-11,6.093657838106542e-11,6.148331829632159e-11,6.20313387285072e-11,6.258062722236635e-11,6.313117142301912e-11,6.368295907540035e-11,6.423597802348193e-11,6.479021620964427e-11,6.534566167400383e-11,6.590230255376397e-11,6.646012708251862e-11,6.701912358962248e-11,6.75792804994928e-11,6.814058633097045e-11,6.870302969666213e-11,6.926659930224516e-11,6.983128394582914e-11,7.03970725172956e-11,7.096395399763366e-11,7.153191745828161e-11,7.210095206049148e-11,7.267104705463322e-11,7.324219177958456e-11,7.381437566206205e-11,7.438758821597119e-11,7.496181904176612e-11,7.553705782580321e-11,7.611329433970223e-11,7.669051843970485e-11,7.726872006603634e-11,7.784788924227541e-11,7.842801607472078e-11,7.900909075176327e-11,7.95911035432569e-11,8.017404479989978e-11,8.075790495261049e-11,8.134267451191202e-11,8.192834406731548e-11,8.251490428671378e-11,8.310234591576378e-11,8.369065977729141e-11,8.427983677068228e-11,8.486986787128343e-11,8.546074412981148e-11,8.605245667175454e-11,8.664499669679525e-11,8.723835547820235e-11,8.783252436226789e-11,8.84274947677206e-11,8.902325818514758e-11,8.961980617643257e-11,9.021713037417586e-11,9.081522248113235e-11,9.141407426965019e-11,9.201367758110747e-11,9.261402432536692e-11,9.32151064802182e-11,9.381691609083169e-11,9.441944526920615e-11,9.50226861936422e-11,9.56266311081949e-11,9.623127232214183e-11,9.683660220945485e-11,9.744261320826989e-11,9.804929782036965e-11,9.865664861065748e-11,9.926465820664587e-11,9.987331929794274e-11,1.0048262463574273e-10,1.010925670323199e-10,1.0170313936053047e-10,1.0231433455331013e-10,1.0292614560318338e-10,1.0353856556176927e-10,1.0415158753929622e-10,1.0476520470411696e-10,1.0537941028222813e-10,1.0599419755679366e-10,1.0660955986767204e-10,1.0722549061094568e-10,1.078419832384513e-10,1.0845903125732087e-10,1.090766282295312e-10,1.0969476777142694e-10,1.1031344355328309e-10,1.109326492988525e-10,1.1155237878491868e-10,1.1217262584085662e-10,1.1279338434819631e-10,1.1341464824016845e-10,1.1403641150129984e-10,1.1465866816696747e-10,1.1528141232297713e-10,1.1590463810514091e-10,1.1652833969885855e-10,1.1715251133870183e-10,1.177771473080016e-10,1.184022419384417e-10,1.1902778960964794e-10,1.1965378474878926e-10,1.2028022183017815e-10,1.209070953748725e-10,1.2153439995028456e-10,1.2216213016978998e-10,1.227902806923409e-10,1.2341884622208266e-10,1.2404782150797327e-10,1.246772013434054e-10,1.2530698056583263e-10,1.259371540563993e-10,1.2656771673956456e-10,1.2719866358274848e-10,1.2782998959596342e-10,1.2846168983145298e-10,1.2909375938333956e-10,1.2972619338726742e-10,1.3035898702005447e-10,1.3099213549934312e-10,1.3162563408325543e-10,1.3225947807005614e-10,1.328936627977944e-10,1.3352818364399564e-10,1.3416303602530888e-10,1.3479821539718057e-10,1.354337172535268e-10,1.360695371264074e-10,1.3670567058570377e-10,1.373421132387981e-10,1.3797886073025662e-10,1.3861590874151507e-10,1.3925325299056716e-10,1.39890889231653e-10,1.4052881325495432e-10,1.411670208862896e-10,1.4180550798681248e-10,1.4244427045271235e-10,1.4308330421491758e-10,1.4372260523880267e-10,1.443621695238949e-10,1.4500199310358612e-10,1.456420720448471e-10,1.4628240244793817e-10,1.4692298044613455e-10,1.4756380220544332e-10,1.4820486392432433e-10,1.4884616183341932e-10,1.4948769219527698e-10,1.5012945130408346e-10,1.5077143548539488e-10,1.5141364109587121e-10,1.5205606452301347e-10,1.5269870218490233e-10,1.5334155052993973e-10,1.5398460603659186e-10,1.5462786521313515e-10,1.5527132459740389e-10,1.5591498075654007e-10,1.5655883028674527e-10,1.572028698130354e-10,1.5784709598899672e-10,1.58491505496544e-10,1.5913609504568131e-10,1.5978086137426455e-10,1.6042580124776583e-10,1.6107091145903965e-10,1.6171618882809243e-10,1.623616302018528e-10,1.630072324539429e-10,1.6365299248445484e-10,1.6429890721972622e-10,1.6494497361211742e-10,1.655911886397938e-10,1.662375493065067e-10,1.6688405264137792e-10,1.6753069569868496e-10,1.681774755576497e-10,1.6882438932222734e-10,1.69471434120898e-10,1.701186071064594e-10,1.7076590545582282e-10,1.7141332636980875e-10,1.7206086707294602e-10,1.7270852481327234e-10,1.7335629686213547e-10,1.7400418051399698e-10,1.746521730862382e-10,1.7530027191896634e-10,1.759484743748243e-10,1.7659677783880029e-10,1.772451797180399e-10,1.778936774416597e-10,1.785422684605626e-10,1.7919095024725483e-10,1.7983972029566373e-10,1.8048857612095833e-10,1.8113751525937075e-10,1.8178653526801897e-10,1.8243563372473178e-10,1.830848082278745e-10,1.8373405639617718e-10,1.8438337586856312e-10,1.8503276430397988e-10,1.856822193812309e-10,1.8633173879880904e-10,1.8698132027473235e-10,1.8763096154637922e-10,1.8828066037032704e-10,1.8893041452219047e-10,1.8958022179646357e-10,1.9023008000636016e-10,1.9087998698365754e-10,1.9152994057854162e-10,1.921799386594528e-10,1.9282997911293255e-10,1.9348005984347328e-10,1.941301787733673e-10,1.9478033384255858e-10,1.9543052300849526e-10,1.9608074424598312e-10,1.9673099554704133e-10,1.9738127492075776e-10,1.9803158039314764e-10,1.9868191000701166e-10,1.9933226182179583e-10,1.9998263391345377e-10,2.0063302437430786e-10,2.0128343131291345e-10,2.019338528539235e-10,2.0258428713795477e-10,2.0323473232145466e-10,2.0388518657656968e-10,2.045356480910144e-10,2.0518611506794253e-10,2.0583658572581785e-10,2.0648705829828833e-10,2.0713753103405774e-10,2.0778800219676244e-10,2.0843847006484684e-10,2.0908893293143998e-10,2.0973938910423413e-10,2.1038983690536414e-10,2.1104027467128676e-10,2.1169070075266287e-10,2.1234111351423896e-10,2.1299151133473126e-10,2.1364189260670902e-10,2.1429225573648045e-10,2.149425991439786e-10,2.155929212626487e-10,2.162432205393365e-10,2.1689349543417756e-10,2.1754374442048656e-10,2.181939659846492e-10,2.188441586260145e-10,2.1949432085678584e-10,2.2014445120191687e-10,2.2079454819900496e-10,2.2144461039818763e-10,2.2209463636203852e-10,2.2274462466546508e-10,2.2339457389560663e-10,2.2404448265173382e-10,2.2469434954514888e-10,2.2534417319908538e-10,2.259939522486114e-10,2.2664368534053152e-10,2.2729337113328936e-10,2.2794300829687323e-10,2.2859259551272068e-10,2.2924213147362358e-10,2.2989161488363575e-10,2.305410444579803e-10,2.3119041892295743e-10,2.3183973701585345e-10,2.3248899748485184e-10,2.331381990889414e-10,2.3378734059783e-10,2.3443642079185534e-10,2.3508543846189825e-10,2.357343924092961e-10,2.363832814457571e-10,2.3703210439327556e-10,2.3768086008404745e-10,2.383295473603868e-10,2.389781650746435e-10,2.396267120891201e-10,2.402751872759916e-10,2.409235895172242e-10,2.415719177044949e-10,2.4222017073911286e-10,2.428683475319401e-10,2.4351644700331423e-10,2.441644680829703e-10,2.4481240970996436e-10,2.45460270832598e-10,2.4610805040834194e-10,2.467557474037621e-10,2.4740336079444537e-10,2.480508895649254e-10,2.4869833270861096e-10,2.4934568922771234e-10,2.499929581331707e-10,2.5064013844458636e-10,2.512872291901488e-10,2.519342294065669e-10,2.5258113813899906e-10,2.53227954440985e-10,2.538746773743778e-10,2.545213060092759e-10,2.551678394239575e-10,2.5581427670480935e-10,2.5646061694626924e-10,2.571068592507537e-10,2.5775300272859576e-10,2.5839904649798324e-10,2.5904498968488804e-10,2.5969083142301017e-10,2.603365708537124e-10,2.6098220712595826e-10,2.616277393962505e-10,2.622731668285702e-10,2.629184885943164e-10,2.6356370387224556e-10,2.6420881184841313e-10,2.648538117161131e-10,2.6549870267582047e-10,2.661434839351335e-10,2.66788154708715e-10,2.674327142182366e-10,2.6807716169232135e-10,2.687214963664882e-10,2.693657174830954e-10,2.700098242912867e-10,2.7065381604693544e-10,2.712976920125909e-10,2.719414514574246e-10,2.7258509365717666e-10,2.73228617894103e-10,2.738720234569229e-10,2.74515309640767e-10,2.751584757471258e-10,2.758015210837982e-10,2.7644444496484103e-10,2.7708724671051883e-10,2.777299256472536e-10,2.7837248110757584e-10,2.7901491243007487e-10,2.796572189593503e-10,2.8029940004596474e-10,2.809414550463943e-10,2.8158338332298303e-10,2.822251842438934e-10,2.828668571830623e-10,2.835084015201532e-10,2.8414981664051024e-10,2.847911019351135e-10,2.8543225680053307e-10,2.8607328063888443e-10,2.867141728577848e-10,2.8735493287030813e-10,2.879955600949416e-10,2.886360539555431e-10,2.8927641388129743e-10,2.8991663930667416e-10,2.9055672967138496e-10,2.9119668442034177e-10,2.918365030036161e-10,2.9247618487639675e-10,2.931157294989492e-10,2.9375513633657556e-10,2.943944048595738e-10,2.9503353454319834e-10,2.9567252486762e-10,2.9631137531788717e-10,2.9695008538388693e-10,2.9758865456030636e-10,2.982270823465937e-10,2.9886536824692224e-10,2.995035117701501e-10,3.00141512429785e-10,3.0077936974394614e-10,3.014170832353283e-10,3.0205465243116436e-10,3.026920768631904e-10,3.0332935606760867e-10,3.039664895850528e-10,3.0460347696055287e-10,3.052403177434994e-10,3.058770114876095e-10,3.0651355775089255e-10,3.0714995609561584e-10,3.077862060882707e-10,3.0842230729953784e-10,3.090582593042572e-10,3.0969406168139156e-10,3.103297140139959e-10,3.1096521588918405e-10,3.1160056689809663e-10,3.122357666358695e-10,3.1287081470160156e-10,3.135057106983233e-10,3.1414045423296645e-10,3.1477504491633215e-10,3.154094823630606e-10,3.1604376619160087e-10,3.166778960241806e-10,3.173118714867756e-10,3.17945692209081e-10,3.1857935782448164e-10,3.1921286797002174e-10,3.198462222863778e-10,3.204794204178286e-10,3.211124620122267e-10,3.2174534672097087e-10,3.223780741989773e-10,3.230106441046528e-10,3.236430560998662e-10,3.242753098499211e-10,3.249074050235295e-10,3.255393412927841e-10,3.261711183331318e-10,3.268027358233475e-10,3.2743419344550755e-10,3.2806549088496337e-10,3.286966278303169e-10,3.293276039733926e-10,3.29958419009215e-10,3.305890726359809e-10,3.3121956455503504e-10,3.3184989447084656e-10,3.3248006209098244e-10,3.331100671260848e-10,3.337399092898453e-10,3.343695882989818e-10,3.3499910387321454e-10,3.3562845573524187e-10,3.362576436107175e-10,3.368866672282269e-10,3.375155263192639e-10,3.3814422061820906e-10,3.387727498623047e-10,3.3940111379163465e-10,3.4002931214910063e-10,3.4065734468039985e-10,3.412852111340039e-10,3.4191291126113626e-10,3.4254044481575106e-10,3.431678115545116e-10,3.437950112367684e-10,3.444220436245384e-10,3.4504890848248414e-10,3.456756055778934e-10,3.4630213468065734e-10,3.469284955632516e-10,3.47554688000714e-10,3.481807117706261e-10,3.4880656665309255e-10,3.4943225243072136e-10,3.5005776888860387e-10,3.506831158142959e-10,3.5130829299779744e-10,3.519333002315345e-10,3.525581373103391e-10,3.531828040314314e-10,3.538073001944e-10,3.544316256011895e-10,3.550557800560643e-10,3.5567976336560836e-10,3.563035753387008e-10,3.569272157864981e-10,3.5755068452241535e-10,3.5817398136210995e-10,3.587971061234632e-10,3.594200586265623e-10,3.6004283869368413e-10,3.606654461492774e-10,3.6128788081994564e-10,3.619101425344305e-10,3.625322311235949e-10,3.6315414642040574e-10,3.637758882599191e-10,3.6439745647926124e-10,3.650188509176153e-10,3.6564007141620196e-10,3.6626111781826694e-10,3.668819899690623e-10,3.675026877158313e-10,3.681232109077941e-10,3.6874355939613044e-10,3.69363733033966e-10,3.699837316763551e-10,3.706035551802675e-10,3.7122320340457234e-10,3.7184267621002374e-10,3.724619734592449e-10,3.7308109501671493e-10,3.737000407487534e-10,3.7431881052350594e-10,3.7493740421093015e-10,3.755558216827811e-10,3.761740628125974e-10,3.7679212747568737e-10,3.7741001554911476e-10,3.7802772691168516e-10,3.78645261443932e-10,3.792626190281036e-10,3.798797995481494e-10,3.8049680288970676e-10,3.8111362894008683e-10,3.8173027758826253e-10,3.8234674872485505e-10,3.8296304224212106e-10,3.8357915803393935e-10,3.841950959957983e-10,3.8481085602478374e-10,3.8542643801956603e-10,3.8604184188038747e-10,3.8665706750904993e-10,3.87272114808903e-10,3.8788698368483106e-10,3.885016740432424e-10,3.8911618579205574e-10,3.8973051884069003e-10,3.903446731000509e-10,3.909586484825207e-10,3.9157244490194483e-10,3.921860622736226e-10,3.9279950051429383e-10,3.9341275954212894e-10,3.940258392767159e-10,3.946387396390517e-10,3.952514605515286e-10,3.9586400193792463e-10,3.9647636372339303e-10,3.9708854583444936e-10,3.9770054819896295e-10,3.9831237074614545e-10,3.989240134065402e-10,3.995354761120115e-10,4.001467587957346e-10,4.0075786139218504e-10,4.013687838371292e-10,4.0197952606761265e-10,4.0259008802195126e-10,4.0320046963972085e-10,4.03810670861747e-10,4.044206916300956e-10,4.0503053188806294e-10,4.056401915801652e-10,4.062496706521305e-10,4.068589690508875e-10,4.074680867245573e-10,4.080770236224429e-10,4.086857796950212e-10,4.092943548939321e-10,4.099027491719707e-10,4.105109624830773e-10,4.1111899478232866e-10,4.1172684602592915e-10,4.123345161712013e-10,4.129420051765776e-10,4.1354931300159087e-10,4.1415643960686707e-10,4.147633849541146e-10,4.153701490061171e-10,4.159767317267246e-10,4.165831330808448e-10,4.171893530344354e-10,4.177953915544945e-10,4.184012486090541e-10,4.190069241671695e-10,4.1961241819891424e-10,4.2021773067536856e-10,4.208228615686146e-10,4.214278108517261e-10,4.2203257849876175e-10,4.2263716448475683e-10,4.232415687857157e-10,4.2384579137860413e-10,4.2444983224134134e-10,4.25053691352792e-10,4.256573686927602e-10,4.2626086424198023e-10,4.268641779821104e-10,4.274673098957247e-10,4.2807025996630653e-10,4.286730281782404e-10,4.2927561451680544e-10,4.2987801896816807e-10,4.304802415193746e-10,4.310822821583447e-10,4.3168414087386337e-10,4.3228581765557623e-10,4.328873124939798e-10,4.3348862538041664e-10,4.3408975630706773e-10,4.346907052669466e-10,4.3529147225389097e-10,4.358920572625581e-10,4.3649246028841705e-10,4.370926813277418e-10,4.3769272037760643e-10,4.382925774358772e-10,4.388922525012055e-10,4.394917455730246e-10,4.4009105665153974e-10,4.406901857377245e-10,4.4128913283331315e-10,4.4188789794079494e-10,4.42486481063409e-10,4.430848822051356e-10,4.4368310137069335e-10,4.4428113856553156e-10,4.4487899379582395e-10,4.4547666706846353e-10,4.460741583910574e-10,4.466714677719189e-10,4.472685952200645e-10,4.478655407452055e-10,4.4846230435774466e-10,4.4905888606876884e-10,4.496552858900446e-10,4.5025150383401175e-10,4.508475399137788e-10,4.5144339414311696e-10,4.5203906653645464e-10,4.526345571088722e-10,4.532298658760971e-10,4.538249928544976e-10,4.5441993806107893e-10,4.550147015134766e-10,4.556092832299525e-10,4.5620368322938863e-10,4.5679790153128287e-10,4.573919381557437e-10,4.579857931234848e-10,4.585794664558211e-10,4.591729581746625e-10,4.597662683025094e-10,4.6035939686244884e-10,4.609523438781482e-10,4.6154510937385153e-10,4.621376933743744e-10,4.627300959050984e-10,4.6332231699196794e-10,4.6391435666148487e-10,4.645062149407035e-10,4.650978918572264e-10,4.656893874391997e-10,4.662807017153092e-10,4.66871834714775e-10,4.674627864673472e-10,4.680535570033028e-10,4.686441463534387e-10,4.692345545490696e-10,4.698247816220238e-10,4.704148276046371e-10,4.710046925297499e-10,4.715943764307022e-10,4.721838793413306e-10,4.727732012959629e-10,4.733623423294145e-10,4.739513024769846e-10,4.745400817744513e-10,4.751286802580684e-10,4.757170979645612e-10,4.76305334931122e-10,4.768933911954068e-10,4.774812667955314e-10,4.780689617700667e-10,4.786564761580356e-10,4.792438099989092e-10,4.798309633326024e-10,4.804179361994708e-10,4.810047286403066e-10,4.815913406963347e-10,4.821777724092093e-10,4.82764023821011e-10,4.833500949742411e-10,4.839359859118193e-10,4.845216966770816e-10,4.851072273137733e-10,4.856925778660488e-10,4.862777483784658e-10,4.868627388959831e-10,4.874475494639568e-10,4.880321801281364e-10,4.886166309346623e-10,4.89200901930062e-10,4.897849931612461e-10,4.90368904675506e-10,4.909526365205106e-10,4.915361887443016e-10,4.921195613952925e-10,4.927027545222629e-10,4.932857681743576e-10,4.93868602401081e-10,4.944512572522969e-10,4.950337327782224e-10,4.956160290294272e-10,4.961981460568292e-10,4.967800839116908e-10,4.973618426456182e-10,4.979434223105558e-10,4.985248229587848e-10,4.991060446429203e-10,4.996870874159063e-10,5.002679513310158e-10,5.008486364418461e-10,5.014291428023155e-10,5.020094704666617e-10,5.025896194894383e-10,5.031695899255116e-10,5.037493818300591e-10,5.043289952585654e-10,5.049084302668199e-10,5.05487686910914e-10,5.060667652472386e-10,5.066456653324813e-10,5.072243872236233e-10,5.078029309779378e-10,5.083812966529861e-10,5.089594843066155e-10,5.095374939969567e-10,5.101153257824223e-10,5.106929797217022e-10,5.112704558737618e-10,5.1184775429784e-10,5.124248750534471e-10,5.130018182003609e-10,5.135785837986249e-10,5.141551719085461e-10,5.147315825906923e-10,5.153078159058902e-10,5.158838719152213e-10,5.164597506800225e-10,5.170354522618805e-10,5.176109767226319e-10,5.181863241243589e-10,5.18761494529389e-10,5.193364880002915e-10,5.199113045998749e-10,5.204859443911856e-10,5.21060407437505e-10,5.216346938023481e-10,5.222088035494595e-10,5.227827367428135e-10,5.2335649344661e-10,5.239300737252738e-10,5.245034776434515e-10,5.250767052660093e-10,5.250829501583713e-10,5.250890785391476e-10,5.250952187550838e-10,5.251013769783215e-10,5.251075530461099e-10,5.251137464306094e-10,5.251199565537575e-10,5.251261828095668e-10,5.251324245711219e-10,5.251386811965534e-10,5.251449520346454e-10,5.251512364300455e-10,5.251575337280508e-10,5.251638432788953e-10,5.251701644415777e-10,5.251764965871904e-10,5.251828391017482e-10,5.25189191388591e-10,5.251955528703079e-10,5.25201922990271e-10,5.252083012137859e-10,5.252146870289142e-10,5.252210799469536e-10,5.252274795026926e-10,5.252338852544381e-10,5.252402967837738e-10,5.252467136952283e-10,5.252531356157601e-10,5.252595621941386e-10,5.252659931002309e-10,5.252724280242663e-10,5.252788666759506e-10,5.252853087836488e-10,5.252917540934908e-10,5.252982023684884e-10,5.253046533876523e-10,5.253111069451104e-10,5.253175628492545e-10,5.25324020921899e-10,5.253304809974754e-10,5.2533694292224e-10,5.253434065535349e-10,5.2534987175907e-10,5.253563384162325e-10,5.253628064114431e-10,5.253692756395456e-10,5.253757460032174e-10,5.253822174124305e-10,5.253886897839303e-10,5.253951630407611e-10,5.25401637111799e-10,5.254081119313421e-10,5.254145874387198e-10,5.254210635778982e-10,5.254275402971558e-10,5.254340175487545e-10,5.254404952886446e-10,5.254469734761806e-10,5.254534520738739e-10,5.254599310471403e-10,5.254664103640765e-10,5.254728899952894e-10,5.254793699136503e-10,5.254858500941647e-10,5.254923305137566e-10,5.254988111511791e-10,5.255052919868342e-10,5.255117730026537e-10,5.25518254181979e-10,5.255247355094527e-10,5.255312169709146e-10,5.255376985533051e-10,5.255441802445833e-10,5.255506620336428e-10,5.255571439102201e-10,5.255636258649183e-10,5.255701078889676e-10,5.255765899743439e-10,5.255830721136124e-10,5.255895542999113e-10,5.25596036526902e-10,5.256025187887575e-10,5.256090010800563e-10,5.256154833957994e-10,5.256219657313729e-10,5.256284480824824e-10,5.256349304451701e-10,5.256414128157642e-10,5.256478951908989e-10,5.256543775674054e-10,5.256608599423496e-10,5.256673423130381e-10,5.256738246769408e-10,5.256803070317094e-10,5.256867893751635e-10,5.25693271705269e-10,5.256997540201308e-10,5.257062363180109e-10,5.257127185972005e-10,5.257192008561814e-10,5.25725683093504e-10,5.257321653078274e-10,5.257386474978367e-10,5.257451296623634e-10,5.257516118002724e-10,5.257580939105069e-10,5.257645759920442e-10,5.257710580439458e-10,5.257775400653247e-10,5.257840220552936e-10,5.257905040130411e-10,5.25796985937864e-10,5.258034678289285e-10,5.258099496855703e-10,5.25816431507121e-10,5.258229132929183e-10,5.258293950423669e-10,5.258358767548345e-10,5.258423584297626e-10,5.258488400665938e-10,5.258553216647874e-10,5.258618032238252e-10,5.258682847432006e-10,5.258747662224111e-10,5.258812476609895e-10,5.258877290584747e-10,5.258942104144019e-10,5.259006917283955e-10,5.259071729999142e-10,5.259136542286013e-10,5.259201354139355e-10,5.259266165555633e-10,5.259330976530975e-10,5.259395787061367e-10,5.259460597142878e-10,5.259525406771642e-10,5.259590215943757e-10,5.2596550246555e-10,5.25971983290315e-10,5.25978464068309e-10,5.259849447991512e-10,5.259914254824893e-10,5.259979061179613e-10,5.260043867052107e-10,5.260108672438887e-10,5.260173477336447e-10,5.260238281741267e-10,5.260303085649926e-10,5.26036788905888e-10,5.260432691964898e-10,5.260497494364567e-10,5.260562296254404e-10,5.260627097631107e-10,5.260691898491245e-10,5.260756698831614e-10,5.260821498648892e-10,5.260886297939639e-10,5.260951096700706e-10,5.261015894928591e-10,5.261080692620333e-10,5.261145489772646e-10,5.261210286381926e-10,5.261275082445312e-10,5.261339877959447e-10,5.261404672921123e-10,5.26146946732714e-10,5.261534261173919e-10,5.261599054458981e-10,5.261663847178614e-10,5.261728639330006e-10,5.261793430909789e-10,5.261858221914811e-10,5.261923012341392e-10,5.261987802187462e-10,5.262052591449331e-10,5.262117380123872e-10,5.262182168207928e-10,5.262246955698438e-10,5.26231174259231e-10,5.262376528886324e-10,5.262441314577426e-10,5.262506099662558e-10,5.262570884138629e-10,5.262635668002513e-10,5.262700451251141e-10,5.262765233881467e-10,5.262830015890402e-10,5.262894797274886e-10,5.262959578031875e-10,5.263024358158309e-10,5.26308913765113e-10,5.263153916507366e-10,5.263218694723712e-10,5.263283472297466e-10,5.263348249225677e-10,5.263413025505066e-10,5.26347780113273e-10,5.263542576105387e-10,5.263607350420489e-10,5.263672124074832e-10,5.263736897065508e-10,5.263801669389255e-10,5.263866441043373e-10,5.263931212024784e-10,5.263995982330504e-10,5.264060751957589e-10,5.264125520903006e-10,5.264190289163911e-10,5.264255056737313e-10,5.264319823620233e-10,5.264384589809724e-10,5.264449355302853e-10,5.264514120096652e-10,5.264578884188257e-10,5.264643647574739e-10,5.264708410253139e-10,5.264773172220558e-10,5.26483793347299e-10,5.264902694009772e-10,5.264967453826868e-10,5.265032212921366e-10,5.265096971290367e-10,5.265161728930938e-10,5.265226485840293e-10,5.265291242015454e-10,5.265355997453289e-10,5.265420752151385e-10,5.265485506106874e-10,5.265550259316759e-10,5.265615011777899e-10,5.265679763487808e-10,5.265744514443767e-10,5.265809264642725e-10,5.265874014081831e-10,5.265938762758257e-10,5.266003510669262e-10,5.266068257811808e-10,5.266133004183007e-10,5.266197749780403e-10,5.266262494600598e-10,5.266327238641623e-10,5.266391981900266e-10,5.266456724373655e-10,5.266521466059118e-10,5.266586206953765e-10,5.266650947054843e-10,5.266715686359271e-10,5.266780424864884e-10,5.266845162568572e-10,5.266909899467602e-10,5.266974635558877e-10,5.267039370840272e-10,5.267104105308749e-10,5.267168838961492e-10,5.26723357179577e-10,5.267298303809431e-10,5.267363034998514e-10,5.267427765360974e-10,5.267492494894208e-10,5.267557223595247e-10,5.26762195146133e-10,5.267686678489719e-10,5.267751404677908e-10,5.267816130023093e-10,5.267880854522568e-10,5.267945578173641e-10,5.268010300973624e-10,5.26807502291978e-10,5.268139744009483e-10,5.268204464240499e-10,5.268269183609826e-10,5.268333902113949e-10,5.268398619751179e-10,5.268463336518361e-10,5.268528052413449e-10,5.268592767432699e-10,5.26865748157408e-10,5.268722194834869e-10,5.26878690721267e-10,5.268851618704669e-10,5.268916329308007e-10,5.268981039020276e-10,5.269045747839022e-10,5.269110455761177e-10,5.269175162784325e-10,5.26923986890585e-10,5.269304574122853e-10,5.269369278433279e-10,5.269433981834468e-10,5.269498684323317e-10,5.269563385896882e-10,5.269628086553657e-10,5.269692786291363e-10,5.269757485105891e-10,5.269822182995327e-10,5.269886879957469e-10,5.269951575989373e-10,5.270016271088161e-10,5.270080965251504e-10,5.270145658476927e-10,5.27021035076188e-10,5.270275042103797e-10,5.270339732499976e-10,5.270404421947964e-10,5.270469110445193e-10,5.270533797989073e-10,5.270598484577301e-10,5.270663170206983e-10,5.270727854875747e-10,5.270792538581109e-10,5.270857221320445e-10,5.270921903091244e-10,5.270986583891038e-10,5.271051263717254e-10,5.271115942567342e-10,5.271180620438487e-10,5.271245297328736e-10,5.271309973235592e-10,5.271374648156349e-10,5.271439322088502e-10,5.271503995029567e-10,5.271568666977062e-10,5.271633337928572e-10,5.271698007881477e-10,5.271762676833349e-10,5.271827344781784e-10,5.271892011723903e-10,5.271956677657586e-10,5.272021342580349e-10,5.272086006489729e-10,5.272150669383258e-10,5.27221533125847e-10,5.272279992112912e-10,5.272344651944409e-10,5.272409310750241e-10,5.272473968527981e-10,5.272538625275155e-10,5.272603280989492e-10,5.272667935668528e-10,5.272732589309537e-10,5.272797241910437e-10,5.272861893469238e-10,5.272926543981299e-10,5.27299119344538e-10,5.27305584186006e-10,5.273120489223052e-10,5.273185135531224e-10,5.273249780782723e-10,5.273314424974683e-10,5.273379068104739e-10,5.273443710170488e-10,5.273508351169006e-10,5.273572991098976e-10,5.273637629957492e-10,5.273702267741927e-10,5.273766904450205e-10,5.273831540079166e-10,5.273896174628029e-10,5.27396080809263e-10,5.274025440472093e-10,5.27409007176364e-10,5.274154701964997e-10,5.274219331073566e-10,5.274283959086903e-10,5.274348586002774e-10,5.27441321181884e-10,5.274477836532757e-10,5.274542460142274e-10,5.274607082644889e-10,5.274671704038353e-10,5.274736324320342e-10,5.274800943488532e-10,5.274865561540585e-10,5.274930178474108e-10,5.274994794286968e-10,5.275059408976838e-10,5.275124022540891e-10,5.275188634977728e-10,5.275253246284518e-10,5.275317856459028e-10,5.275382465498922e-10,5.27544707340192e-10,5.275511680165779e-10,5.275576285788206e-10,5.275640890266905e-10,5.275705493599586e-10,5.275770095784266e-10,5.275834696818101e-10,5.275899296699151e-10,5.275963895424993e-10,5.276028492993447e-10,5.276093089402258e-10,5.276157684649169e-10,5.276222278731923e-10,5.276286871648263e-10,5.276351463396002e-10,5.276416053972666e-10,5.276480643376181e-10,5.276545231604305e-10,5.276609818654795e-10,5.276674404525414e-10,5.276738989213932e-10,5.276803572718117e-10,5.276868155035743e-10,5.276932736165084e-10,5.276997316103411e-10,5.27706189484851e-10,5.277126472398155e-10,5.277191048750141e-10,5.277255623901716e-10,5.277320197851215e-10,5.277384770596441e-10,5.277449342135186e-10,5.277513912465348e-10,5.277578481584813e-10,5.277643049490843e-10,5.277707616181829e-10,5.277772181655335e-10,5.277836745909216e-10,5.277901308941101e-10,5.277965870749007e-10,5.278030431331204e-10,5.278094990684792e-10,5.278159548807885e-10,5.278224105698382e-10,5.278288661353911e-10,5.278353215772459e-10,5.278417768951843e-10,5.278482320889883e-10,5.278546871584453e-10,5.278611421033402e-10,5.27867596923458e-10,5.278740516185865e-10,5.278805061885093e-10,5.278869606330125e-10,5.2789341495188e-10,5.27899869144899e-10,5.279063232118617e-10,5.279127771525515e-10,5.279192309667558e-10,5.279256846542631e-10,5.279321382148722e-10,5.279385916483604e-10,5.279450449545159e-10,5.279514981331277e-10,5.279579511839862e-10,5.279644041068648e-10,5.279708569015416e-10,5.27977309567854e-10,5.279837621055696e-10,5.279902145144787e-10,5.279966667943723e-10,5.280031189450405e-10,5.28009570966275e-10,5.280160228578693e-10,5.280224746196109e-10,5.280289262512936e-10,5.280353777527101e-10,5.280418291236541e-10,5.280482803639159e-10,5.280547314732895e-10,5.28061182451571e-10,5.280676332985465e-10,5.280740840140141e-10,5.280805345977676e-10,5.280869850496011e-10,5.280934353693104e-10,5.28099885556689e-10,5.281063356115328e-10,5.281127855336353e-10,5.281192353227941e-10,5.28125684978804e-10,5.281321345014571e-10,5.281385838905616e-10,5.281450331459066e-10,5.281514822672854e-10,5.281579312544983e-10,5.281643801073492e-10,5.281708288256214e-10,5.281772774091051e-10,5.281837258576284e-10,5.28190174170991e-10,5.281966223489612e-10,5.282030703913486e-10,5.282095182979595e-10,5.282159660685904e-10,5.282224137030123e-10,5.282288612010547e-10,5.282353085625411e-10,5.282417557872416e-10,5.282482028749579e-10,5.282546498255004e-10,5.28261096638656e-10,5.282675433142422e-10,5.282739898520528e-10,5.282804362519956e-10,5.282868825136751e-10,5.282933286369844e-10,5.282997746217312e-10,5.283062204676942e-10,5.283126661746955e-10,5.283191117425383e-10,5.283255571710265e-10,5.283320024599635e-10,5.283384476091532e-10,5.283448926183999e-10,5.28351337487508e-10,5.283577822162819e-10,5.283642268045268e-10,5.283706712520443e-10,5.283771155586281e-10,5.283835597240983e-10,5.28390003748259e-10,5.283964476309274e-10,5.28402891371912e-10,5.284093349710083e-10,5.284157784280244e-10,5.284222217427708e-10,5.284286649150508e-10,5.284351079446741e-10,5.284415508313716e-10,5.284479935750546e-10,5.284544361755352e-10,5.284608786325771e-10,5.284673209460254e-10,5.284737631156569e-10,5.284802051412984e-10,5.284866470227289e-10,5.284930887598353e-10,5.284995303523127e-10,5.285059718000177e-10,5.285124131027775e-10,5.285188542604007e-10,5.285252952726932e-10,5.285317361394658e-10,5.285381768605313e-10,5.285446174357205e-10,5.285510578648309e-10,5.285574981476033e-10,5.285639382839378e-10,5.285703782735614e-10,5.285768181164369e-10,5.285832578122596e-10,5.28589697360878e-10,5.285961367621058e-10,5.286025760156735e-10,5.286090151216051e-10,5.286154540795129e-10,5.286218928894526e-10,5.286283315507957e-10,5.286347700637232e-10,5.286412084279407e-10,5.286476466432687e-10,5.286540847095405e-10,5.286605226265407e-10,5.286669603942238e-10,5.286733980121702e-10,5.286798354803115e-10,5.286862727984739e-10,5.286927099664597e-10,5.286991469840858e-10,5.287055838511594e-10,5.287120205675084e-10,5.287184571329507e-10,5.287248935473038e-10,5.287313298103856e-10,5.287377659220091e-10,5.287442018820048e-10,5.287506376901868e-10,5.287570733462815e-10,5.287635088502763e-10,5.287699442019116e-10,5.287763794010187e-10,5.287828144473918e-10,5.28789249340864e-10,5.287956840812534e-10,5.288021186683814e-10,5.288085531020641e-10,5.288149873821249e-10,5.28821421508383e-10,5.28827855480661e-10,5.288342892987797e-10,5.288407229625617e-10,5.288471564718103e-10,5.288535898263653e-10,5.288600230260617e-10,5.288664560707098e-10,5.288728889601636e-10,5.288793216941782e-10,5.2888575427261e-10,5.288921866952818e-10,5.288986189620471e-10,5.289050510727296e-10,5.289114830270251e-10,5.289179148248915e-10,5.289243464661401e-10,5.289307779505897e-10,5.289372092780087e-10,5.2894364044826e-10,5.289500714611577e-10,5.289565023165365e-10,5.289629330142287e-10,5.28969363554047e-10,5.289757939358262e-10,5.289822241594204e-10,5.289886542245413e-10,5.289950841311325e-10,5.290015138789976e-10,5.290079434679267e-10,5.290143728977981e-10,5.290208021684018e-10,5.290272312795777e-10,5.290336602311628e-10,5.290400890229401e-10,5.290465176548054e-10,5.290529461265519e-10,5.290593744379899e-10,5.290658025890061e-10,5.290722305793533e-10,5.290786584088941e-10,5.290850860774545e-10,5.290915135848735e-10,5.290979409309672e-10,5.291043681155677e-10,5.291107951385203e-10,5.291172219996309e-10,5.291236486987487e-10,5.291300752356977e-10,5.291365016102479e-10,5.29142927822348e-10,5.291493538717705e-10,5.291557797583442e-10,5.291622054819134e-10,5.291686310423282e-10,5.29175056439358e-10,5.291814816728649e-10,5.291879067426895e-10,5.291943316486587e-10,5.292007563906038e-10,5.292071809683597e-10,5.292136053817554e-10,5.292200296306055e-10,5.292264537147724e-10,5.292328776340918e-10,5.29239301388397e-10,5.292457249775073e-10,5.292521484012621e-10,5.292585716594919e-10,5.292649947520751e-10,5.292714176787652e-10,5.292778404394597e-10,5.292842630339094e-10,5.292906854620393e-10,5.292971077236656e-10,5.293035298186111e-10,5.293099517467133e-10,5.29316373507809e-10,5.293227951017335e-10,5.29329216528323e-10,5.29335637787414e-10,5.293420588788429e-10,5.293484798024434e-10,5.293549005580462e-10,5.293613211454774e-10,5.293677415646464e-10,5.293741618153101e-10,5.293805818973356e-10,5.29387001810576e-10,5.293934215548099e-10,5.293998411298638e-10,5.294062605355133e-10,5.294126797716816e-10,5.294190988386215e-10,5.294255177355739e-10,5.294319364626655e-10,5.294383550194675e-10,5.294447734061442e-10,5.294511916224876e-10,5.294576096682414e-10,5.294640275432761e-10,5.294704452474269e-10,5.294768627805287e-10,5.29483280142416e-10,5.294896973329395e-10,5.29496114351914e-10,5.295025311992052e-10,5.295089478746553e-10,5.295153643780718e-10,5.295217807093458e-10,5.295281968682868e-10,5.295346128547344e-10,5.295410286685018e-10,5.295474443095107e-10,5.29553859777486e-10,5.295602750724008e-10,5.295666901940651e-10,5.295731051423046e-10,5.295795199169596e-10,5.295859345178726e-10,5.295923489449059e-10,5.295987631978678e-10,5.296051772766235e-10,5.296115911810075e-10,5.296180049108742e-10,5.296244184660413e-10,5.296308318463791e-10,5.296372450517364e-10,5.296436580819565e-10,5.296500709368821e-10,5.296564836164092e-10,5.296628961202608e-10,5.296693084483591e-10,5.296757206004887e-10,5.296821325764466e-10,5.29688544376251e-10,5.296949559997532e-10,5.297013674467073e-10,5.297077787169531e-10,5.297141898104131e-10,5.297206007268379e-10,5.297270114661177e-10,5.297334220281439e-10,5.297398324127062e-10,5.297462426196207e-10,5.29752652648808e-10,5.29759062500269e-10,5.297654721734751e-10,5.297718816684702e-10,5.297782909851064e-10,5.297847001232225e-10,5.297911090826715e-10,5.297975178633125e-10,5.29803926465024e-10,5.298103348875887e-10,5.29816743130881e-10,5.298231511947454e-10,5.298295590790378e-10,5.298359667836083e-10,5.298423743083067e-10,5.29848781652963e-10,5.298551888175297e-10,5.298615958017118e-10,5.298680026054259e-10,5.298744092285163e-10,5.298808156708191e-10,5.298872219321736e-10,5.298936280125106e-10,5.299000339116447e-10,5.299064396293763e-10,5.299128451656554e-10,5.299192505202418e-10,5.299256556930204e-10,5.299320606838346e-10,5.299384654925433e-10,5.299448701190196e-10,5.299512745630912e-10,5.299576788246407e-10,5.299640829034907e-10,5.299704867994894e-10,5.29976890512509e-10,5.299832940423972e-10,5.29989697389009e-10,5.299961005521705e-10,5.300025035317899e-10,5.300089063276841e-10,5.300153089397234e-10,5.300217113677645e-10,5.300281136116263e-10,5.300345156711905e-10,5.300409175463115e-10,5.300473192368446e-10,5.300537207426446e-10,5.300601220635675e-10,5.300665231994683e-10,5.300729241502031e-10,5.30079324915628e-10,5.300857254955985e-10,5.300921258899712e-10,5.300985260986018e-10,5.301049261213474e-10,5.301113259580642e-10,5.301177256086095e-10,5.301241250728397e-10,5.301305243506122e-10,5.301369234417844e-10,5.301433223462133e-10,5.301497210637568e-10,5.301561195942721e-10,5.301625179376172e-10,5.301689160936505e-10,5.301753140622296e-10,5.301817118432136e-10,5.30188109436461e-10,5.301945068418294e-10,5.302009040591787e-10,5.302073010883664e-10,5.302136979292527e-10,5.302200945816964e-10,5.302264910455562e-10,5.302328873206924e-10,5.302392834069644e-10,5.302456793042323e-10,5.302520750123554e-10,5.302584705311943e-10,5.302648658606093e-10,5.302712610004603e-10,5.302776559506084e-10,5.302840507109412e-10,5.302904452812915e-10,5.302968396613829e-10,5.303032338513203e-10,5.303096278508568e-10,5.303160216598529e-10,5.303224152781677e-10,5.30328808705655e-10,5.30335201942187e-10,5.303415949876467e-10,5.303479878418871e-10,5.303543805047665e-10,5.303607729762636e-10,5.303671652559481e-10,5.303735573438649e-10,5.303799492398756e-10,5.303863409438418e-10,5.303927324556722e-10,5.303991237751775e-10,5.304055149022209e-10,5.30411905836675e-10,5.304182965783868e-10,5.304246871272285e-10,5.304310774830627e-10,5.304374676458515e-10,5.304438576152721e-10,5.304502473912082e-10,5.30456636973669e-10,5.304630263624416e-10,5.304694155573955e-10,5.304758045583953e-10,5.304821933653067e-10,5.304885819779955e-10,5.304949703963266e-10,5.305013586201681e-10,5.3050774664939e-10,5.305141344838481e-10,5.305205221233992e-10,5.305269095678051e-10,5.305332968172296e-10,5.305396838713841e-10,5.305460707299776e-10,5.305524573930039e-10,5.305588438602202e-10,5.30565230131794e-10,5.30571616207381e-10,5.305780020869576e-10,5.305843877702233e-10,5.305907732571956e-10,5.305971585476105e-10,5.306035436416542e-10,5.306099285389456e-10,5.306163132391061e-10,5.306226977422466e-10,5.306290820482366e-10,5.306354661569444e-10,5.306418500680395e-10,5.306482337815627e-10,5.306546172974863e-10,5.306610006158104e-10,5.306673837362423e-10,5.306737666585205e-10,5.306801493826221e-10,5.30686531908345e-10,5.306929142355872e-10,5.306992963642539e-10,5.307056782942683e-10,5.307120600253531e-10,5.307184415574591e-10,5.307248228904566e-10,5.30731204024216e-10,5.307375849586088e-10,5.307439656935053e-10,5.307503462287942e-10,5.307567265643285e-10,5.307631066999916e-10,5.307694866356331e-10,5.307758663711343e-10,5.307822459063674e-10,5.307886252412267e-10,5.30795004375562e-10,5.30801383309245e-10,5.308077620421486e-10,5.308141405741448e-10,5.308205189051056e-10,5.30826897034904e-10,5.308332749634129e-10,5.308396526905053e-10,5.308460302160539e-10,5.308524075399315e-10,5.308587846620122e-10,5.308651615821685e-10,5.308715383002748e-10,5.308779148162043e-10,5.308842911298311e-10,5.308906672410287e-10,5.308970431496713e-10,5.309034188556334e-10,5.309097943587888e-10,5.30916169659012e-10,5.309225447561287e-10,5.309289196500895e-10,5.309352943407359e-10,5.309416688279386e-10,5.309480431115804e-10,5.309544171915478e-10,5.309607910678219e-10,5.309671647400672e-10,5.309735382082169e-10,5.309799114722e-10,5.30986284531852e-10,5.309926573871381e-10,5.309990300378733e-10,5.310054024841303e-10,5.310117747253486e-10,5.310181467616414e-10,5.310245185928818e-10,5.31030890218994e-10,5.310372616397941e-10,5.310436328551641e-10,5.310500038649822e-10,5.310563746691408e-10,5.310627452673907e-10,5.310691156598795e-10,5.310754858461467e-10,5.310818558264678e-10,5.310882256004745e-10,5.310945951680924e-10,5.311009645291685e-10,5.311073336836196e-10,5.311137026313092e-10,5.311200713721179e-10,5.311264399059218e-10,5.311328082325997e-10,5.311391763520306e-10,5.311455442640949e-10,5.311519119686325e-10,5.311582794655858e-10,5.311646467547967e-10,5.311710138361695e-10,5.311773807096457e-10,5.311837473750179e-10,5.311901138321698e-10,5.311964800809839e-10,5.312028461213425e-10,5.312092119531273e-10,5.312155775762188e-10,5.312219429904977e-10,5.312283081958452e-10,5.312346731921433e-10,5.312410379792717e-10,5.312474025571129e-10,5.312537669255473e-10,5.312601310844567e-10,5.312664950337224e-10,5.312728587732259e-10,5.312792223028495e-10,5.312855856224742e-10,5.312919487319749e-10,5.312983116312417e-10,5.313046743201569e-10,5.313110367986019e-10,5.313173990664598e-10,5.313237611236126e-10,5.313301229699433e-10,5.313364846053347e-10,5.313428460296686e-10,5.313492072428292e-10,5.313555682446992e-10,5.313619290351613e-10,5.313682896140993e-10,5.313746499813966e-10,5.313810101369363e-10,5.313873700806023e-10,5.31393729812279e-10,5.314000893318494e-10,5.314064486391983e-10,5.314128077342098e-10,5.314191666167674e-10,5.314255252867563e-10,5.314318837440604e-10,5.31438241988565e-10,5.314446000201545e-10,5.314509578387137e-10,5.314573154441288e-10,5.314636728362783e-10,5.314700300150535e-10,5.314763869803383e-10,5.314827437320258e-10,5.314891002699956e-10,5.314954565941334e-10,5.315018127043255e-10,5.315081686004586e-10,5.315145242824191e-10,5.315208797500736e-10,5.315272350033271e-10,5.315335900420644e-10,5.31539944866171e-10,5.315462994755347e-10,5.315526538700391e-10,5.315590080494776e-10,5.315653620138227e-10,5.315717157630782e-10,5.315780692970313e-10,5.315844226155523e-10,5.315907757185149e-10,5.315971286058441e-10,5.316034812774441e-10,5.316098337331574e-10,5.316161859729134e-10,5.316225379965719e-10,5.316288898039992e-10,5.316352413950602e-10,5.316415927696562e-10,5.316479439277859e-10,5.316542948692671e-10,5.316606455939736e-10,5.316669961018098e-10,5.316733463926614e-10,5.316796964664159e-10,5.316860463229609e-10,5.316923959621904e-10,5.31698745383985e-10,5.317050945882386e-10,5.317114435748407e-10,5.317177923436812e-10,5.317241408946493e-10,5.317304892276355e-10,5.317368373425297e-10,5.317431852392217e-10,5.317495329176023e-10,5.31755880377608e-10,5.317622276190592e-10,5.31768574641862e-10,5.317749214459111e-10,5.317812680311002e-10,5.317876143973198e-10,5.317939605444622e-10,5.318003064724187e-10,5.318066521810804e-10,5.318129976703392e-10,5.318193429400864e-10,5.318256879902133e-10,5.318320328205939e-10,5.31838377431138e-10,5.318447218217376e-10,5.318510659922846e-10,5.318574099426711e-10,5.318637536727895e-10,5.318700971825321e-10,5.31876440471791e-10,5.318827835404672e-10,5.31889126388445e-10,5.318954690156176e-10,5.319018114218777e-10,5.319081536071178e-10,5.319144955712314e-10,5.319208373141115e-10,5.319271788356517e-10,5.31933520135745e-10,5.319398612142849e-10,5.31946202071165e-10,5.319525427062784e-10,5.319588831195187e-10,5.319652233107792e-10,5.31971563279925e-10,5.319779030269141e-10,5.319842425516297e-10,5.319905818539409e-10,5.319969209337352e-10,5.320032597908732e-10,5.320095984253372e-10,5.320159368369785e-10,5.320222750256959e-10,5.320286129913832e-10,5.320349507339437e-10,5.320412882532633e-10,5.320476255492381e-10,5.320539626217675e-10,5.32060299470749e-10,5.320666360960661e-10,5.320729724976372e-10,5.320793086753327e-10,5.32085644629075e-10,5.320919803587452e-10,5.320983158642979e-10,5.321046511454977e-10,5.321109862023818e-10,5.321173210347165e-10,5.321236556424518e-10,5.32129990025417e-10,5.321363241836092e-10,5.321426581168771e-10,5.321489918251679e-10,5.321553253083499e-10,5.321616585663212e-10,5.321679915989781e-10,5.321743244062194e-10,5.321806569879424e-10,5.321869893440627e-10,5.32193321474462e-10,5.321996533790378e-10,5.32205985057689e-10,5.322123165103141e-10,5.32218647736813e-10,5.322249787370875e-10,5.322313095110865e-10,5.322376400586039e-10,5.322439703795772e-10,5.322503004739099e-10,5.322566303414807e-10,5.322629599821607e-10,5.322692893958745e-10,5.322756185825684e-10,5.322819475422017e-10,5.322882762745591e-10,5.322946047795703e-10,5.323009330572182e-10,5.323072611071929e-10,5.323135889295679e-10,5.323199165242036e-10,5.323262438909103e-10,5.323325710297868e-10,5.32338897940589e-10,5.323452246231194e-10,5.323515510774779e-10,5.323578773034957e-10,5.323642033010769e-10,5.32370529070219e-10,5.323768546106851e-10,5.323831799225232e-10,5.323895050053933e-10,5.323958298593232e-10,5.324021544842157e-10,5.32408478879972e-10,5.324148030464935e-10,5.324211269836821e-10,5.324274506914386e-10,5.324337741696655e-10,5.324400974182643e-10,5.324464204371367e-10,5.324527432262257e-10,5.32459065785434e-10,5.324653881145796e-10,5.324717102135862e-10,5.32478032082423e-10,5.324843537208696e-10,5.324906751288791e-10,5.324969963064479e-10,5.325033172534196e-10,5.325096379696515e-10,5.325159584550868e-10,5.325222787096445e-10,5.325285987331912e-10,5.325349185256583e-10,5.325412380869295e-10,5.325475574169166e-10,5.325538765155266e-10,5.325601953826519e-10,5.325665140182054e-10,5.325728324220904e-10,5.325791505942115e-10,5.325854685344724e-10,5.325917862427768e-10,5.325981037190297e-10,5.326044209631348e-10,5.326107379749972e-10,5.326170547545208e-10,5.326233713016105e-10,5.326296876161713e-10,5.326360036981074e-10,5.326423195473241e-10,5.326486351637262e-10,5.326549505472192e-10,5.326612656977124e-10,5.326675806151087e-10,5.326738952993099e-10,5.326802097502232e-10,5.326865239677576e-10,5.326928379518118e-10,5.326991517022943e-10,5.327054652191121e-10,5.327117785021575e-10,5.327180915513628e-10,5.327244043666212e-10,5.327307169478391e-10,5.327370292949236e-10,5.327433414077824e-10,5.327496532863211e-10,5.327559649304062e-10,5.327622763400039e-10,5.327685875150835e-10,5.327748984552977e-10,5.327812091607768e-10,5.32787519631421e-10,5.327938298670677e-10,5.328001398675321e-10,5.328064496328979e-10,5.328127591630841e-10,5.328190684579322e-10,5.328253775173566e-10,5.328316863412578e-10,5.328379949295484e-10,5.328443032821722e-10,5.328506113989702e-10,5.32856919279853e-10,5.328632269245656e-10,5.328695343333686e-10,5.328758415060013e-10,5.328821484423225e-10,5.328884551423478e-10,5.328947616057401e-10,5.329010678327623e-10,5.329073738232027e-10,5.329136795768345e-10,5.329199850936316e-10,5.329262903736231e-10,5.329325954166194e-10,5.329389002225695e-10,5.329452047914036e-10,5.329515091228738e-10,5.329578132171185e-10,5.329641170739372e-10,5.329704206932481e-10,5.32976724074978e-10,5.329830272191254e-10,5.329893301253501e-10,5.329956327937057e-10,5.330019352238271e-10,5.330082374158658e-10,5.33014539369751e-10,5.330208410854008e-10,5.330271425626704e-10,5.330334438015225e-10,5.330397448018759e-10,5.330460455636209e-10,5.330523460866687e-10,5.330586463709305e-10,5.330649464163166e-10,5.330712462227392e-10,5.330775457901092e-10,5.33083845118338e-10,5.330901442073375e-10,5.330964430570188e-10,5.33102741667294e-10,5.331090400380743e-10,5.331153381692724e-10,5.331216360608003e-10,5.331279337125696e-10,5.331342311244928e-10,5.331405282964818e-10,5.331468252284491e-10,5.331531219203069e-10,5.331594183719684e-10,5.331657145833458e-10,5.331720105543517e-10,5.331783062848962e-10,5.331846017748955e-10,5.331908970242611e-10,5.331971920329073e-10,5.332034868007479e-10,5.332097813277012e-10,5.332160756136691e-10,5.332223696585704e-10,5.332286634623177e-10,5.33234957024826e-10,5.332412503460111e-10,5.332475434257798e-10,5.332538362640505e-10,5.3326012886071e-10,5.332664212156977e-10,5.332727133288879e-10,5.332790052003572e-10,5.332852968298739e-10,5.332915882173733e-10,5.332978793626167e-10,5.333041702656552e-10,5.333104609265856e-10,5.333167513451166e-10,5.333230415212467e-10,5.33329331454899e-10,5.333356211459043e-10,5.333419105942404e-10,5.333481997997664e-10,5.333544887624509e-10,5.333607774823408e-10,5.333670659590476e-10,5.33373354192544e-10,5.3337964218284e-10,5.333859299302633e-10,5.333922174339179e-10,5.333985046941635e-10,5.334047917108636e-10,5.334110784842519e-10,5.334173650136696e-10,5.334236512992419e-10,5.334299373408598e-10,5.334362231385763e-10,5.334425086926331e-10,5.334487940024181e-10,5.334550790680804e-10,5.33461363889496e-10,5.33467648466404e-10,5.334739327986312e-10,5.334802168863268e-10,5.33486500729391e-10,5.334927843277494e-10,5.334990676810659e-10,5.335053507897605e-10,5.335116336534994e-10,5.335179162721996e-10,5.335241986457792e-10,5.335304807741555e-10,5.335367626572466e-10,5.3354304429497e-10,5.33549325687243e-10,5.335556068339848e-10,5.335618877351126e-10,5.335681683905445e-10,5.335744488001993e-10,5.335807289639948e-10,5.335870088818495e-10,5.335932885536823e-10,5.33599567979411e-10,5.336058471589501e-10,5.336121260922231e-10,5.336184047791515e-10,5.336246832196516e-10,5.336309614136415e-10,5.336372393610415e-10,5.336435170617701e-10,5.336497945157464e-10,5.336560717228898e-10,5.336623486831198e-10,5.336686253963561e-10,5.336749018625172e-10,5.336811780815236e-10,5.336874540532955e-10,5.336937297777515e-10,5.337000052548125e-10,5.337062804844278e-10,5.337125554664896e-10,5.337188302009182e-10,5.337251046876336e-10,5.337313789265561e-10,5.337376529176073e-10,5.337439266607068e-10,5.337502001557755e-10,5.337564734027351e-10,5.337627464015055e-10,5.337690191520086e-10,5.337752916541655e-10,5.337815639078972e-10,5.337878359131258e-10,5.337941076697732e-10,5.338003791777613e-10,5.338066504370118e-10,5.33812921447448e-10,5.338191922089921e-10,5.338254627215679e-10,5.338317329849623e-10,5.338380029992188e-10,5.338442727642596e-10,5.338505422800063e-10,5.338568115463808e-10,5.338630805633052e-10,5.338693493307017e-10,5.338756178484921e-10,5.338818861165988e-10,5.338881541350222e-10,5.338944219036231e-10,5.339006894222401e-10,5.339069566908656e-10,5.339132237094176e-10,5.339194904777998e-10,5.339257569959801e-10,5.339320232638334e-10,5.339382892813192e-10,5.339445550484378e-10,5.339508205649515e-10,5.339570858308506e-10,5.339633508460615e-10,5.33969615610508e-10,5.339758801241144e-10,5.339821443868042e-10,5.339884083984756e-10,5.339946721590772e-10,5.340009356685602e-10,5.340071989267923e-10,5.340134619336584e-10,5.340197246891446e-10,5.340259871931733e-10,5.340322494456671e-10,5.340385114465482e-10,5.340447731957357e-10,5.340510346932344e-10,5.340572959388888e-10,5.340635569326248e-10,5.340698176744066e-10,5.340760781639925e-10,5.340823384015419e-10,5.340885983868995e-10,5.340948581199875e-10,5.341011176007284e-10,5.341073768290464e-10,5.341136358048646e-10,5.341198945281085e-10,5.341261529987024e-10,5.341324112165711e-10,5.341386691816397e-10,5.341449268938334e-10,5.341511843530751e-10,5.341574415592938e-10,5.341636985124148e-10,5.341699552123637e-10,5.341762116592359e-10,5.341824678527767e-10,5.341887237929126e-10,5.341949794795711e-10,5.342012349126785e-10,5.342074900921622e-10,5.342137450179484e-10,5.342199996899641e-10,5.342262541081362e-10,5.342325082723922e-10,5.342387621826581e-10,5.342450158388617e-10,5.342512692409296e-10,5.342575223887895e-10,5.34263775282368e-10,5.342700279215927e-10,5.342762803063903e-10,5.342825324366888e-10,5.342887843124155e-10,5.342950359334656e-10,5.343012872998026e-10,5.343075384113083e-10,5.343137892679557e-10,5.343200398696725e-10,5.343262902163861e-10,5.343325403080238e-10,5.34338790144514e-10,5.343450397257837e-10,5.343512890517614e-10,5.343575381223752e-10,5.343637869375592e-10,5.343700354972359e-10,5.343762838013324e-10,5.34382531849778e-10,5.343887796425009e-10,5.343950271794294e-10,5.344012744604924e-10,5.344075214856188e-10,5.344137682547049e-10,5.344200147677134e-10,5.344262610245733e-10,5.344325070252127e-10,5.344387527695769e-10,5.344449982575779e-10,5.34451243489145e-10,5.344574884641992e-10,5.344637331826724e-10,5.344699776443924e-10,5.344762218495035e-10,5.344824657978429e-10,5.344887094893177e-10,5.344949529238801e-10,5.345011961014453e-10,5.345074390219434e-10,5.345136816853227e-10,5.345199240914843e-10,5.345261662403841e-10,5.345324081319113e-10,5.345386497660117e-10,5.345448911426351e-10,5.345511322617028e-10,5.345573731231464e-10,5.345636137268949e-10,5.345698540728727e-10,5.345760941610166e-10,5.345823339912256e-10,5.345885735635089e-10,5.345948128777665e-10,5.346010519339107e-10,5.346072907318588e-10,5.346135292715219e-10,5.346197675529394e-10,5.346260055759561e-10,5.346322433405081e-10,5.346384808464711e-10,5.34644718093839e-10,5.346509550825416e-10,5.346571918125086e-10,5.346634282837772e-10,5.346696644961666e-10,5.346759004496271e-10,5.346821361440725e-10,5.346883715794488e-10,5.34694606755689e-10,5.34700841672726e-10,5.347070763304848e-10,5.347133107289146e-10,5.347195448679666e-10,5.347257787475081e-10,5.34732012367518e-10,5.347382457279414e-10,5.347444788286537e-10,5.34750711669866e-10,5.347569442509064e-10,5.347631765721824e-10,5.347694086335133e-10,5.347756404347646e-10,5.347818719760012e-10,5.347881032570808e-10,5.347943342778716e-10,5.348005650384396e-10,5.348067955387296e-10,5.348130257785946e-10,5.348192557579026e-10,5.348254854767096e-10,5.348317149349291e-10,5.348379441324957e-10,5.348441730692577e-10,5.348504017451909e-10,5.348566301601479e-10,5.348628583143104e-10,5.348690862074517e-10,5.348753138395338e-10,5.348815412104196e-10,5.348877683201645e-10,5.348939951685911e-10,5.349002217556793e-10,5.349064480814028e-10,5.34912674145618e-10,5.34918899948333e-10,5.3492512548944e-10,5.34931350768853e-10,5.349375757865012e-10,5.349438005423882e-10,5.349500250364133e-10,5.349562492685232e-10,5.349624732386329e-10,5.349686969466851e-10,5.349749203926168e-10,5.349811435763303e-10,5.349873664978297e-10,5.349935891569827e-10,5.34999811553646e-10,5.350060336880031e-10,5.350122555598761e-10,5.350184771691579e-10,5.350246985158029e-10,5.350309195997458e-10,5.350371404209263e-10,5.350433609792754e-10,5.350495812747371e-10,5.350558013073478e-10,5.350620210768294e-10,5.35068240583225e-10,5.350744598264734e-10,5.350806788065578e-10,5.350868975233432e-10,5.350931159767669e-10,5.350993341667552e-10,5.351055520932819e-10,5.351117697563052e-10,5.351179871557418e-10,5.351242042915362e-10,5.351304211635699e-10,5.351366377718733e-10,5.351428541163486e-10,5.351490701968773e-10,5.351552860134619e-10,5.351615015660127e-10,5.35167716854452e-10,5.351739318787341e-10,5.351801466387959e-10,5.351863611345755e-10,5.351925753660097e-10,5.351987893330371e-10,5.352050030355946e-10,5.352112164736207e-10,5.352174296470514e-10,5.35223642555824e-10,5.352298551998785e-10,5.352360675791533e-10,5.352422796935865e-10,5.352484915431158e-10,5.352547031276801e-10,5.35260914447217e-10,5.352671255016655e-10,5.352733362909642e-10,5.352795468150508e-10,5.352857570738644e-10,5.352919670673437e-10,5.352981767954274e-10,5.35304386258054e-10,5.353105954551626e-10,5.35316804386692e-10,5.353230130525812e-10,5.353292214527693e-10,5.353354295871548e-10,5.35341637455769e-10,5.353478450584296e-10,5.353540523952109e-10,5.353602594660627e-10,5.353664662708177e-10,5.353726728093953e-10,5.353788790817865e-10,5.353850850879303e-10,5.353912908277673e-10,5.353974963012367e-10,5.35403701508279e-10,5.354099064488333e-10,5.354161111228207e-10,5.354223155302026e-10,5.354285196709196e-10,5.35434723544911e-10,5.354409271521173e-10,5.354471304924778e-10,5.354533335659332e-10,5.354595363724081e-10,5.354657389118571e-10,5.354719411842204e-10,5.354781431891621e-10,5.354843449269142e-10,5.354905463976605e-10,5.354967476010992e-10,5.355029485371855e-10,5.355091492058107e-10,5.355153496069419e-10,5.355215497405108e-10,5.355277496064482e-10,5.355339492047742e-10,5.355401485353221e-10,5.355463475980754e-10,5.355525463929749e-10,5.35558744920081e-10,5.355649431790986e-10,5.355711411701057e-10,5.35577338893024e-10,5.355835363477872e-10,5.355897335343421e-10,5.355959304526214e-10,5.35602127102599e-10,5.356083234843182e-10,5.356145195974995e-10,5.356207154421674e-10,5.35626911018288e-10,5.356331063258063e-10,5.356393013648862e-10,5.356454961349331e-10,5.356516906362677e-10,5.356578848687684e-10,5.35664078832374e-10,5.356702725270103e-10,5.356764659526352e-10,5.356826591090787e-10,5.356888519965242e-10,5.356950446146998e-10,5.357012369637811e-10,5.357074290435143e-10,5.357136208538034e-10,5.357198123945569e-10,5.357260036660482e-10,5.357321946680053e-10,5.35738385400299e-10,5.357445758631617e-10,5.357507660562231e-10,5.357569559795205e-10,5.357631456330198e-10,5.357693350166368e-10,5.357755241305068e-10,5.357817129742385e-10,5.357879015479387e-10,5.357940898514524e-10,5.358002778849164e-10,5.358064656481704e-10,5.358126531411901e-10,5.358188403638392e-10,5.35825027316177e-10,5.358312139980777e-10,5.358374004094835e-10,5.358435865503292e-10,5.358497724206513e-10,5.358559580202654e-10,5.358621433492105e-10,5.358683284073742e-10,5.358745131947273e-10,5.358806977112112e-10,5.358868819567868e-10,5.358930659313963e-10,5.358992496349492e-10,5.359054330674074e-10,5.359116162287144e-10,5.359177991188196e-10,5.359239817377007e-10,5.359301640852312e-10,5.359363461613974e-10,5.35942527966154e-10,5.35948709499438e-10,5.359548907611891e-10,5.359610717513574e-10,5.359672524698851e-10,5.35973432916699e-10,5.359796130918064e-10,5.359857929951317e-10,5.359919726265566e-10,5.359981519861083e-10,5.360043310736688e-10,5.360105098892017e-10,5.360166884326841e-10,5.360228667040374e-10,5.36029044703225e-10,5.36035222430172e-10,5.360413998848183e-10,5.360475770671334e-10,5.360537539770666e-10,5.360599306145294e-10,5.360661069794953e-10,5.360722830719076e-10,5.360784588917126e-10,5.360846344388573e-10,5.360908097132884e-10,5.360969847148585e-10,5.361031594435926e-10,5.361093338994695e-10,5.361155080824075e-10,5.361216819924844e-10,5.361278556295057e-10,5.361340289930953e-10,5.361402020838657e-10,5.361463749014596e-10,5.36152547445813e-10,5.361587197168801e-10,5.361648917145075e-10,5.361710634388023e-10,5.361772348896518e-10,5.361834060669975e-10,5.361895769707731e-10,5.3619574760093e-10,5.362019179574672e-10,5.362080880402688e-10,5.362142578493379e-10,5.362204273845745e-10,5.362265966458986e-10,5.362327656333313e-10,5.362389343468025e-10,5.36245102786254e-10,5.362512709516311e-10,5.362574388430819e-10,5.362636064598499e-10,5.362697738023424e-10,5.36275940870471e-10,5.362821076646223e-10,5.362882741843842e-10,5.362944404297055e-10,5.363006064005351e-10,5.363067720968164e-10,5.363129375185037e-10,5.363191026655454e-10,5.363252675378908e-10,5.363314321354884e-10,5.363375964582876e-10,5.36343760506237e-10,5.363499242792865e-10,5.36356087777385e-10,5.363622510004875e-10,5.36368413948532e-10,5.363745766214738e-10,5.363807390192618e-10,5.363869011418459e-10,5.363930629891849e-10,5.363992245612196e-10,5.364053858578995e-10,5.364115468791837e-10,5.364177076250131e-10,5.364238680953365e-10,5.364300282901048e-10,5.364361882092672e-10,5.36442347852774e-10,5.364485072205752e-10,5.364546663126208e-10,5.364608251288613e-10,5.364669836692464e-10,5.364731419337271e-10,5.364792999222532e-10,5.364854576347752e-10,5.364916150712434e-10,5.364977722316088e-10,5.36503929115821e-10,5.365100857238317e-10,5.365162420555907e-10,5.36522398111049e-10,5.365285538901577e-10,5.365347093928672e-10,5.365408646191281e-10,5.365470195686332e-10,5.365531742415816e-10,5.365593286379218e-10,5.365654827575977e-10,5.365716366005503e-10,5.365777901667057e-10,5.365839434564488e-10,5.36590096469353e-10,5.365962492053703e-10,5.36602401664452e-10,5.366085538466041e-10,5.366147057517237e-10,5.366208573797074e-10,5.366270087304909e-10,5.366331598041341e-10,5.366393106005724e-10,5.366454611197461e-10,5.366516113615976e-10,5.366577613260793e-10,5.366639110131436e-10,5.366700604227416e-10,5.366762095548262e-10,5.366823584093494e-10,5.366885069862633e-10,5.366946552855204e-10,5.367008033070726e-10,5.367069510508732e-10,5.36713098516874e-10,5.367192457050274e-10,5.367253926152863e-10,5.367315392476262e-10,5.36737685601973e-10,5.367438316782804e-10,5.367499774765021e-10,5.367561229965909e-10,5.367622682384939e-10,5.36768413202172e-10,5.367745578875776e-10,5.367807022946647e-10,5.367868464235121e-10,5.36792990273865e-10,5.367991338457071e-10,5.368052771390495e-10,5.368114201538336e-10,5.368175628900211e-10,5.368237053475634e-10,5.368298475264125e-10,5.368359894265223e-10,5.368421310478472e-10,5.368482723903403e-10,5.368544134539603e-10,5.36860554238654e-10,5.368666947443763e-10,5.368728349710758e-10,5.368789749186714e-10,5.368851145872052e-10,5.368912539765841e-10,5.368973930867392e-10,5.369035319176708e-10,5.369096704693094e-10,5.369158087415654e-10,5.36921946734489e-10,5.369280844484632e-10,5.369342218829616e-10,5.3694035903794e-10,5.369464959133521e-10,5.369526325091548e-10,5.369587688253006e-10,5.369649048617465e-10,5.369710406184441e-10,5.369771760953505e-10,5.36983311292419e-10,5.369894462096063e-10,5.369955808468678e-10,5.370017152041555e-10,5.370078492814261e-10,5.370139830786361e-10,5.370201165957376e-10,5.370262498326861e-10,5.370323827894401e-10,5.370385154659523e-10,5.370446478621786e-10,5.37050779978074e-10,5.37056911813594e-10,5.370630433686955e-10,5.370691746433341e-10,5.370753056374636e-10,5.370814363510401e-10,5.370875667840184e-10,5.370936969363556e-10,5.370998268080069e-10,5.371059563989303e-10,5.371120857085627e-10,5.371182147373771e-10,5.371243434853301e-10,5.37130471952377e-10,5.371366001384745e-10,5.371427280435786e-10,5.371488556676457e-10,5.371549830106321e-10,5.371611100724938e-10,5.371672368531879e-10,5.3717336335267e-10,5.371794895708972e-10,5.371856155078259e-10,5.371917411634127e-10,5.371978665376143e-10,5.372039916303871e-10,5.372101164416883e-10,5.372162409714747e-10,5.372223652197031e-10,5.372284891863299e-10,5.372346128713125e-10,5.372407362746083e-10,5.372468593961738e-10,5.372529822359661e-10,5.372591047939424e-10,5.372652270700602e-10,5.37271349064277e-10,5.372774707765495e-10,5.372835922068353e-10,5.372897133550921e-10,5.372958342212768e-10,5.373019548053477e-10,5.373080751072617e-10,5.373141951269769e-10,5.373203148644504e-10,5.373264343196404e-10,5.373325534925048e-10,5.373386723830015e-10,5.373447909910874e-10,5.373509093167215e-10,5.373570273598616e-10,5.373631451204653e-10,5.373692625984908e-10,5.373753797938966e-10,5.373814967066407e-10,5.373876133366811e-10,5.373937296839761e-10,5.373998457484845e-10,5.374059615301644e-10,5.37412077028974e-10,5.37418192244872e-10,5.374243071780741e-10,5.374304218282822e-10,5.374365361954541e-10,5.374426502795507e-10,5.374487640805276e-10,5.374548775983333e-10,5.374609908329388e-10,5.374671037843036e-10,5.374732164523848e-10,5.37479328837142e-10,5.37485440938534e-10,5.374915527565212e-10,5.374976642910613e-10,5.375037755421135e-10,5.375098865096377e-10,5.375159971935929e-10,5.37522107593939e-10,5.375282177106339e-10,5.375343275436388e-10,5.375404370929123e-10,5.375465463584145e-10,5.375526553401034e-10,5.375587640379407e-10,5.375648724518843e-10,5.375709805816021e-10,5.375770884273493e-10,5.375831959890852e-10,5.375893032667699e-10,5.375954102604135e-10,5.376015169699235e-10,5.376076233952591e-10,5.376137295363814e-10,5.376198353932496e-10,5.376259409658244e-10,5.37632046254066e-10,5.376381512579341e-10,5.376442559773894e-10,5.376503604123925e-10,5.376564645629035e-10,5.376625684288829e-10,5.376686720102911e-10,5.376747753070888e-10,5.37680878319237e-10,5.376869810466954e-10,5.376930834894258e-10,5.376991856473882e-10,5.377052875205435e-10,5.377113891088523e-10,5.37717490412276e-10,5.377235914307753e-10,5.377296921643112e-10,5.377357926128448e-10,5.377418927763372e-10,5.377479926547494e-10,5.377540922480422e-10,5.377601915561779e-10,5.37766290579117e-10,5.37772389316821e-10,5.37778487769251e-10,5.377845859363687e-10,5.377906838181354e-10,5.377967814145131e-10,5.378028787254625e-10,5.378089757509056e-10,5.378150724908496e-10,5.378211689452527e-10,5.378272651140778e-10,5.378333609972856e-10,5.378394565948378e-10,5.378455519067066e-10,5.378516469328414e-10,5.37857741673205e-10,5.378638361277588e-10,5.378699302964652e-10,5.37876024179286e-10,5.378821177761837e-10,5.378882110871203e-10,5.378943041120587e-10,5.379003968509603e-10,5.37906489303788e-10,5.379125814705043e-10,5.379186733510711e-10,5.379247649454517e-10,5.379308562536079e-10,5.379369472755028e-10,5.379430380110988e-10,5.379491284603587e-10,5.37955218623245e-10,5.379613084997211e-10,5.379673980897493e-10,5.379734873932924e-10,5.37979576410314e-10,5.379856651407761e-10,5.379917535846427e-10,5.379978417418761e-10,5.380039296124396e-10,5.380100171962967e-10,5.380161044934105e-10,5.380221915037439e-10,5.380282782272606e-10,5.380343646639237e-10,5.380404508136968e-10,5.380465366765432e-10,5.380526222524262e-10,5.380587075413095e-10,5.380647925431571e-10,5.380708772579319e-10,5.380769616855981e-10,5.380830458261189e-10,5.380891296794588e-10,5.380952132455809e-10,5.381012965244494e-10,5.381073795160281e-10,5.38113462220281e-10,5.381195446371723e-10,5.381256267666658e-10,5.381317086087253e-10,5.381377901633154e-10,5.381438714304001e-10,5.381499524099436e-10,5.381560331019103e-10,5.381621135062643e-10,5.381681936229698e-10,5.381742734519918e-10,5.381803529932942e-10,5.381864322468417e-10,5.381925112125988e-10,5.381985898905301e-10,5.382046682806006e-10,5.382107463827742e-10,5.382168241970276e-10,5.382229017233139e-10,5.382289789615981e-10,5.382350559118452e-10,5.382411325740197e-10,5.382472089480866e-10,5.38253285034011e-10,5.382593608317584e-10,5.382654363412933e-10,5.382715115625811e-10,5.382775864955868e-10,5.382836611402764e-10,5.382897354966142e-10,5.382958095645665e-10,5.383018833440982e-10,5.383079568351935e-10,5.383140300377631e-10,5.383201029518101e-10,5.38326175577311e-10,5.383322479142186e-10,5.383383199624986e-10,5.383443917221174e-10,5.383504631930404e-10,5.383565343751885e-10,5.383626052686331e-10,5.38368675873278e-10,5.383747461890898e-10,5.383808162160334e-10,5.383868859540756e-10,5.383929554031825e-10,5.383990245633194e-10,5.384050934344531e-10,5.384111620165497e-10,5.38417230309575e-10,5.384232983134956e-10,5.384293660282774e-10,5.384354334538871e-10,5.384415005902913e-10,5.384475674374554e-10,5.384536339953471e-10,5.384597002639322e-10,5.384657662431771e-10,5.384718319330489e-10,5.384778973335141e-10,5.384839624445391e-10,5.384900272660907e-10,5.384960917981359e-10,5.385021560406413e-10,5.38508219993574e-10,5.385142836569008e-10,5.385203470305885e-10,5.385264101146042e-10,5.385324729089146e-10,5.385385354134871e-10,5.38544597628289e-10,5.385506595532874e-10,5.385567211884492e-10,5.385627825337414e-10,5.385688435891322e-10,5.385749043545882e-10,5.38580964830077e-10,5.385870250155662e-10,5.385930849110228e-10,5.385991445164143e-10,5.386052038317089e-10,5.386112628568737e-10,5.38617321591877e-10,5.386233800366852e-10,5.38629438191267e-10,5.386354960555901e-10,5.386415536296222e-10,5.386476109133303e-10,5.386536679066834e-10,5.38659724609649e-10,5.386657810221953e-10,5.386718371442901e-10,5.386778929759017e-10,5.38683948516998e-10,5.386900037675473e-10,5.386960587275173e-10,5.387021133968771e-10,5.38708167775594e-10,5.387142218636373e-10,5.387202756609751e-10,5.38726329167575e-10,5.387323823834066e-10,5.387384353084375e-10,5.387444879426362e-10,5.387505402859721e-10,5.387565923384135e-10,5.387626440999282e-10,5.387686955704859e-10,5.387747467500547e-10,5.387807976386044e-10,5.387868482361028e-10,5.387928985425191e-10,5.387989485578223e-10,5.38804998281981e-10,5.38811047714965e-10,5.388170968567428e-10,5.388231457072834e-10,5.388291942665563e-10,5.3883524253453e-10,5.388412905111741e-10,5.388473381964581e-10,5.388533855903508e-10,5.388594326928222e-10,5.388654795038406e-10,5.388715260233764e-10,5.388775722513982e-10,5.388836181878765e-10,5.388896638327802e-10,5.388957091860791e-10,5.389017542477426e-10,5.389077990177405e-10,5.389138434960428e-10,5.389198876826185e-10,5.389259315774379e-10,5.389319751804709e-10,5.389380184916872e-10,5.389440615110569e-10,5.389501042385499e-10,5.389561466741361e-10,5.389621888177851e-10,5.38968230669468e-10,5.389742722291535e-10,5.389803134968132e-10,5.389863544724165e-10,5.389923951559342e-10,5.389984355473362e-10,5.390044756465924e-10,5.390105154536739e-10,5.390165549683339e-10,5.39022594190758e-10,5.390286331209021e-10,5.390346717587488e-10,5.390407101042434e-10,5.390467481573581e-10,5.390527859180554e-10,5.39058823386654e-10,5.390648605628132e-10,5.390708974461933e-10,5.390769340371065e-10,5.390829703355296e-10,5.39089006341415e-10,5.390950420547246e-10,5.391010774754243e-10,5.391071126034954e-10,5.391131474388955e-10,5.391191819815983e-10,5.391252162315318e-10,5.391312501887019e-10,5.391372838530834e-10,5.391433172246472e-10,5.391493503033644e-10,5.39155383089205e-10,5.39161415582143e-10,5.391674477821482e-10,5.391734796891937e-10,5.391795113032495e-10,5.391855426242889e-10,5.391915736522809e-10,5.391976043871958e-10,5.392036348290098e-10,5.392096649776921e-10,5.392156948332133e-10,5.39221724395546e-10,5.392277536646638e-10,5.392337826405382e-10,5.392398113231388e-10,5.392458397124394e-10,5.392518678084111e-10,5.392578956110258e-10,5.392639231202566e-10,5.392699503360768e-10,5.392759772584556e-10,5.392820038873649e-10,5.392880302230881e-10,5.392940562652969e-10,5.393000820139531e-10,5.393061074690476e-10,5.393121326305254e-10,5.393181574983656e-10,5.393241820725423e-10,5.393302063530299e-10,5.393362303398013e-10,5.393422540328293e-10,5.393482774320874e-10,5.393543005375473e-10,5.393603233491824e-10,5.393663458669652e-10,5.393723680908694e-10,5.393783900208672e-10,5.393844116569312e-10,5.393904329990343e-10,5.393964540471507e-10,5.394024748012525e-10,5.394084952613129e-10,5.394145154272971e-10,5.39420535299186e-10,5.394265548769537e-10,5.394325741605737e-10,5.394385931500213e-10,5.394446118452731e-10,5.394506302462879e-10,5.394566483530429e-10,5.394626661655143e-10,5.394686836836758e-10,5.394747009075009e-10,5.394807178369631e-10,5.394867344720363e-10,5.394927508126934e-10,5.394987668589089e-10,5.395047826106558e-10,5.395107980679143e-10,5.395168132306517e-10,5.395228280988417e-10,5.395288426724077e-10,5.39534856951374e-10,5.395408709357149e-10,5.395468846254035e-10,5.395528980204148e-10,5.395589111207221e-10,5.395649239262993e-10,5.395709364371208e-10,5.395769486531603e-10,5.395829605743929e-10,5.395889722007915e-10,5.395949835323308e-10,5.396009945689853e-10,5.39607005310729e-10,5.396130157575362e-10,5.396190259093816e-10,5.39625035766239e-10,5.396310453280833e-10,5.396370545948889e-10,5.3964306356663e-10,5.396490722432814e-10,5.396550806248181e-10,5.396610887112137e-10,5.396670965024437e-10,5.396731039984826e-10,5.396791111993048e-10,5.396851181048853e-10,5.396911247151991e-10,5.396971310302206e-10,5.39703137049925e-10,5.397091427742876e-10,5.397151482032826e-10,5.397211533368853e-10,5.397271581751488e-10,5.397331627180389e-10,5.397391669654062e-10,5.397451709172743e-10,5.39751174573623e-10,5.397571779344286e-10,5.397631809996669e-10,5.397691837693138e-10,5.397751862433449e-10,5.397811884217356e-10,5.397871903044612e-10,5.397931918914979e-10,5.397991931828203e-10,5.398051941784048e-10,5.398111948782267e-10,5.398171952822614e-10,5.398231953904847e-10,5.398291952028726e-10,5.398351947194007e-10,5.398411939400441e-10,5.398471928647541e-10,5.398531914935575e-10,5.398591898264091e-10,5.398651878632858e-10,5.398711856041657e-10,5.398771830490722e-10,5.398831801979228e-10,5.39889177050694e-10,5.398951736073615e-10,5.39901169867902e-10,5.399071658322908e-10,5.399131615005052e-10,5.399191568725211e-10,5.399251519483142e-10,5.399311467278616e-10,5.399371412111398e-10,5.399431353981245e-10,5.399491292887926e-10,5.399551228831205e-10,5.399611161810849e-10,5.399671091826617e-10,5.399731018878283e-10,5.39979094296561e-10,5.399850864087139e-10,5.399910782243874e-10,5.39997069743559e-10,5.400030609662047e-10,5.400090518923014e-10,5.400150425218264e-10,5.400210328547558e-10,5.400270228910674e-10,5.400330126307374e-10,5.400390020737426e-10,5.400449912200608e-10,5.400509800696682e-10,5.400569686225422e-10,5.400629568786601e-10,5.400689448379985e-10,5.40074932500535e-10,5.400809198662467e-10,5.400869069351109e-10,5.400928937071044e-10,5.400988801822052e-10,5.401048663603903e-10,5.401108522416371e-10,5.401168378259228e-10,5.401228231132255e-10,5.401288081035217e-10,5.401347927967899e-10,5.401407771930075e-10,5.401467612921513e-10,5.401527450941997e-10,5.401587285991304e-10,5.401647118070172e-10,5.401706947177316e-10,5.401766773312543e-10,5.401826596474812e-10,5.401886416664856e-10,5.401946233882452e-10,5.402006048127361e-10,5.40206585939936e-10,5.402125667698224e-10,5.402185473023727e-10,5.402245275375646e-10,5.402305074753962e-10,5.402364871158226e-10,5.402424664588224e-10,5.40248445504374e-10,5.402544242524555e-10,5.402604027030453e-10,5.402663808561219e-10,5.402723587116633e-10,5.402783362696486e-10,5.402843135300564e-10,5.402902904928655e-10,5.402962671580374e-10,5.403022435255652e-10,5.403082195954281e-10,5.403141953676048e-10,5.403201708420736e-10,5.403261460188135e-10,5.403321208978027e-10,5.403380954790202e-10,5.403440697624445e-10,5.40350043748055e-10,5.403560174358299e-10,5.403619908257482e-10,5.403679639177889e-10,5.403739367119308e-10,5.403799092081532e-10,5.403858814064345e-10,5.403918533067544e-10,5.403978249090914e-10,5.404037962134252e-10,5.404097672197343e-10,5.404157379279983e-10,5.404217083381964e-10,5.404276784503311e-10,5.404336482643588e-10,5.404396177802581e-10,5.404455869980089e-10,5.404515559175903e-10,5.404575245389648e-10,5.404634928621297e-10,5.404694608870649e-10,5.404754286137516e-10,5.404813960421852e-10,5.404873631723253e-10,5.404933300041514e-10,5.404992965376433e-10,5.40505262772781e-10,5.405112287095435e-10,5.405171943479111e-10,5.405231596878629e-10,5.405291247293794e-10,5.405350894724406e-10,5.405410539170262e-10,5.405470180631156e-10,5.405529819106892e-10,5.405589454597267e-10,5.405649087102085e-10,5.405708716621149e-10,5.405768343154253e-10,5.405827966701204e-10,5.405887587261799e-10,5.405947204835845e-10,5.406006819423136e-10,5.40606643102348e-10,5.406126039636681e-10,5.406185645262548e-10,5.406245247900871e-10,5.406304847551462e-10,5.406364444214123e-10,5.40642403788866e-10,5.40648362857488e-10,5.406543216272581e-10,5.406602800981576e-10,5.406662382701672e-10,5.40672196143267e-10,5.406781537174376e-10,5.406841109926597e-10,5.406900679689146e-10,5.406960246461827e-10,5.407019810244446e-10,5.407079371036818e-10,5.407138928838744e-10,5.407198483650037e-10,5.407258035470505e-10,5.407317584299959e-10,5.407377130138203e-10,5.407436672985059e-10,5.407496212840323e-10,5.407555749703817e-10,5.407615283575349e-10,5.407674814454743e-10,5.407734342341784e-10,5.407793867236289e-10,5.407853389138065e-10,5.407912908046918e-10,5.407972423962679e-10,5.40803193688515e-10,5.40809144681414e-10,5.408150953749454e-10,5.408210457690927e-10,5.408269958638367e-10,5.408329456591585e-10,5.408388951549241e-10,5.408448443512212e-10,5.408507932480076e-10,5.408567418452263e-10,5.408626901431925e-10,5.408686381413777e-10,5.408745858400766e-10,5.408805332392375e-10,5.408864803388389e-10,5.40892427138859e-10,5.408983736392625e-10,5.409043198400364e-10,5.409102657411614e-10,5.409162113426213e-10,5.409221566443867e-10,5.409281016464465e-10,5.409340463487831e-10,5.409399907513745e-10,5.409459348542047e-10,5.40951878657255e-10,5.409578221605079e-10,5.409637653639447e-10,5.409697082675481e-10,5.409756508712987e-10,5.409815931751815e-10,5.409875351791775e-10,5.409934768832676e-10,5.409994182874341e-10,5.410053593916598e-10,5.410113001959283e-10,5.410172407002215e-10,5.410231809045202e-10,5.41029120808809e-10,5.410350604130692e-10,5.410409997172847e-10,5.410469387214359e-10,5.410528774255067e-10,5.410588158294804e-10,5.410647539333386e-10,5.410706917370652e-10,5.410766292406414e-10,5.410825664440516e-10,5.410885033472772e-10,5.410944399503017e-10,5.411003762531088e-10,5.411063122556806e-10,5.411122479580005e-10,5.411181833600502e-10,5.411241184618139e-10,5.411300532632754e-10,5.411359877644168e-10,5.411419219652216e-10,5.41147855865673e-10,5.411537894657528e-10,5.411597227654453e-10,5.411656557647346e-10,5.411715884636031e-10,5.411775208620345e-10,5.411834529600113e-10,5.411893847575177e-10,5.41195316254537e-10,5.412012474510515e-10,5.412071783470458e-10,5.412131089425033e-10,5.412190392374452e-10,5.412249692318224e-10,5.41230898925736e-10,5.412368283190121e-10,5.41242757411652e-10,5.412486862036455e-10,5.412546146949798e-10,5.412605428856413e-10,5.412664707756582e-10,5.412723983649607e-10,5.41278325653552e-10,5.412842526414182e-10,5.412901793285437e-10,5.412961057149158e-10,5.413020318005219e-10,5.413079575853537e-10,5.413138830694142e-10,5.413198082525881e-10,5.413257331346311e-10,5.41331657716042e-10,5.413375819965757e-10,5.413435059761985e-10,5.413494296546459e-10,5.413553530324577e-10,5.41361276109345e-10,5.41367198885258e-10,5.413731213602207e-10,5.413790435338958e-10,5.41384965406833e-10,5.413908869789484e-10,5.41396808249906e-10,5.414027292197912e-10,5.414086498885685e-10,5.414145702563579e-10,5.414204903228309e-10,5.414264100879137e-10,5.41432329552177e-10,5.414382487154974e-10,5.414441675775977e-10,5.414500861385568e-10,5.414560043982621e-10,5.414619223568589e-10,5.414678400139261e-10,5.41473757370083e-10,5.414796744246308e-10,5.414855911782126e-10,5.414915076305038e-10,5.414974237815321e-10,5.415033396312754e-10,5.415092551797975e-10,5.415151704269359e-10,5.415210853727156e-10,5.415270000171154e-10,5.415329143601373e-10,5.415388284017663e-10,5.415447421419876e-10,5.415506555807872e-10,5.415565687181495e-10,5.415624815540603e-10,5.415683940885052e-10,5.415743063214546e-10,5.41580218252912e-10,5.415861298831448e-10,5.415920412115814e-10,5.415979522384725e-10,5.416038629638128e-10,5.416097733875858e-10,5.416156835098166e-10,5.416215933304737e-10,5.416275028493508e-10,5.416334120666312e-10,5.416393209823181e-10,5.416452295963898e-10,5.416511379088083e-10,5.416570459196531e-10,5.416629536286706e-10,5.416688610361089e-10,5.416747681418241e-10,5.416806749457839e-10,5.416865814476025e-10,5.416924876478152e-10,5.416983935463782e-10,5.417042991431354e-10,5.417102044380849e-10,5.41716109431214e-10,5.417220141226395e-10,5.417279185121049e-10,5.417338225997445e-10,5.417397263854461e-10,5.417456298692309e-10,5.417515330511598e-10,5.417574359310177e-10,5.417633385090294e-10,5.417692407850449e-10,5.417751427589187e-10,5.417810444310227e-10,5.417869458011793e-10,5.417928468693396e-10,5.417987476354964e-10,5.418046480995214e-10,5.418105482612973e-10,5.418164481213594e-10,5.418223476793373e-10,5.418282469352194e-10,5.418341458890765e-10,5.41840044540689e-10,5.418459428900922e-10,5.418518409375503e-10,5.418577386830648e-10,5.418636361261552e-10,5.41869533267175e-10,5.418754301059581e-10,5.418813266425599e-10,5.418872228769504e-10,5.418931188090538e-10,5.418990144389834e-10,5.419049097666981e-10,5.419108047921128e-10,5.419166995152565e-10,5.41922593936131e-10,5.41928488054679e-10,5.419343818709245e-10,5.419402753848627e-10,5.419461685964264e-10,5.419520615056408e-10,5.419579541125015e-10,5.419638464169977e-10,5.419697384192898e-10,5.419756301189555e-10,5.419815215162126e-10,5.419874126110096e-10,5.419933034034085e-10,5.419991938934507e-10,5.420050840810318e-10,5.420109739661516e-10,5.420168635488526e-10,5.420227528286902e-10,5.420286418062732e-10,5.42034530481185e-10,5.42040418853592e-10,5.420463069234456e-10,5.420521946908361e-10,5.420580821555495e-10,5.420639693176714e-10,5.420698561771926e-10,5.420757427340498e-10,5.420816289883109e-10,5.420875149399412e-10,5.420934005889259e-10,5.420992859352815e-10,5.421051709788871e-10,5.421110557198603e-10,5.421169401581101e-10,5.421228242936206e-10,5.421287081264486e-10,5.421345916565099e-10,5.421404748846831e-10,5.421463578091995e-10,5.421522404310638e-10,5.421581227504029e-10,5.42164004766656e-10,5.421698864800677e-10,5.421757678910131e-10,5.421816489988073e-10,5.421875298037957e-10,5.421934103059168e-10,5.421992905051299e-10,5.422051704015513e-10,5.422110499953044e-10,5.422169292861425e-10,5.422228082743589e-10,5.422286869595807e-10,5.422345653418159e-10,5.422404434207547e-10,5.422463211967397e-10,5.422521986697592e-10,5.422580758397691e-10,5.422639527067916e-10,5.422698292708154e-10,5.42275705531829e-10,5.422815814898212e-10,5.422874571447809e-10,5.422933324966975e-10,5.422992075455594e-10,5.423050822913553e-10,5.423109567340748e-10,5.42316830873706e-10,5.423227047102389e-10,5.423285782436618e-10,5.423344514739641e-10,5.423403244011347e-10,5.423461970251628e-10,5.423520693460378e-10,5.423579413637479e-10,5.423638130782835e-10,5.423696844896327e-10,5.423755555977855e-10,5.423814264027309e-10,5.423872969044578e-10,5.423931671029561e-10,5.423990369982145e-10,5.424049065902229e-10,5.424107758789704e-10,5.424166448650091e-10,5.424225135477668e-10,5.424283819272337e-10,5.42434250003399e-10,5.424401177762519e-10,5.424459852457831e-10,5.424518524119809e-10,5.42457719274836e-10,5.424635858343372e-10,5.424694520904747e-10,5.424753180432383e-10,5.424811836926174e-10,5.424870490386018e-10,5.42492914081182e-10,5.424987788203464e-10,5.425046432560865e-10,5.425105073883909e-10,5.425163712172504e-10,5.425222347426543e-10,5.42528097964593e-10,5.425339608830564e-10,5.425398234980344e-10,5.425456858095174e-10,5.425515478174944e-10,5.425574095219568e-10,5.42563270922894e-10,5.425691320202963e-10,5.425749928141544e-10,5.42580853303826e-10,5.425867134899314e-10,5.425925733724601e-10,5.425984329514019e-10,5.426042922267464e-10,5.426101511984823e-10,5.426160098665986e-10,5.42621868231081e-10,5.426277262920165e-10,5.426335840493396e-10,5.426394415030192e-10,5.426452986530403e-10,5.426511554993871e-10,5.426570120420497e-10,5.426628682810134e-10,5.426687242163163e-10,5.426745798478662e-10,5.426804351757155e-10,5.426862901998446e-10,5.426921449202444e-10,5.426979993368995e-10,5.427038534496786e-10,5.427097072587112e-10,5.427155607639469e-10,5.4272141396585e-10,5.427272668637832e-10,5.427331194578951e-10,5.427389717479644e-10,5.427448237342554e-10,5.427506754167483e-10,5.427565267954269e-10,5.427623778702552e-10,5.42768228641223e-10,5.427740791083198e-10,5.427799292715349e-10,5.427857791308564e-10,5.42791628686271e-10,5.427974779383152e-10,5.428033268864464e-10,5.4280917553062e-10,5.428150238705186e-10,5.428208719064784e-10,5.428267196385585e-10,5.428325670673123e-10,5.428384141914561e-10,5.428442610115493e-10,5.428501075282086e-10,5.428559537403156e-10,5.428617996484314e-10,5.428676452525476e-10,5.42873490552646e-10,5.428793355487229e-10,5.428851802407698e-10,5.428910246287785e-10,5.428968687127394e-10,5.429027124926447e-10,5.429085559688364e-10,5.429143991405869e-10,5.429202420086747e-10,5.42926084572295e-10,5.429319268318248e-10,5.429377687872885e-10,5.429436104385447e-10,5.429494517857381e-10,5.429552928292348e-10,5.42961133568205e-10,5.429669740034405e-10,5.429728141343423e-10,5.429786539608204e-10,5.429844934831053e-10,5.429903327012002e-10,5.429961716150659e-10,5.43002010224868e-10,5.430078485304198e-10,5.430136865317913e-10,5.430195242289698e-10,5.430253616219275e-10,5.43031198710598e-10,5.430370354951282e-10,5.43042871975936e-10,5.43048708151956e-10,5.430545440236541e-10,5.430603795912537e-10,5.430662148542919e-10,5.430720498127468e-10,5.430778844672889e-10,5.430837188175335e-10,5.43089552863472e-10,5.430953866051447e-10,5.431012200425422e-10,5.431070531754963e-10,5.43112886004123e-10,5.43118718528334e-10,5.431245507482513e-10,5.431303826638686e-10,5.431362142750651e-10,5.43142045581875e-10,5.431478765842888e-10,5.431537072823149e-10,5.43159537675917e-10,5.431653677651896e-10,5.431711975504023e-10,5.431770270307696e-10,5.431828562066789e-10,5.431886850781578e-10,5.431945136451942e-10,5.432003419079236e-10,5.432061698662046e-10,5.432119975199366e-10,5.432178248691863e-10,5.43223651913836e-10,5.432294786540653e-10,5.432353050899853e-10,5.432411312211484e-10,5.432469570479245e-10,5.43252782570168e-10,5.432586077882566e-10,5.4326443270151e-10,5.432702573102314e-10,5.432760816143964e-10,5.432819056139807e-10,5.432877293090661e-10,5.432935526995909e-10,5.432993757855727e-10,5.433051985669621e-10,5.433110210437664e-10,5.433168432159861e-10,5.433226650836143e-10,5.433284866466489e-10,5.433343079049853e-10,5.433401288587917e-10,5.433459495079822e-10,5.433517698521634e-10,5.433575898921204e-10,5.433634096270964e-10,5.433692290577655e-10,5.433750481837827e-10,5.433808670045993e-10,5.433866855211764e-10,5.433925037331586e-10,5.433983216405119e-10,5.434041392431596e-10,5.434099565411183e-10,5.434157735343819e-10,5.434215902229433e-10,5.434274066069701e-10,5.434332226861237e-10,5.434390384605448e-10,5.434448539302383e-10,5.434506690952913e-10,5.434564839554948e-10,5.434622985110405e-10,5.434681127617658e-10,5.434739267077884e-10,5.434797403489868e-10,5.434855536854577e-10,5.434913667171949e-10,5.43497179444028e-10,5.435029918660836e-10,5.435088039833914e-10,5.435146157959015e-10,5.435204273034856e-10,5.435262385063748e-10,5.435320494042665e-10,5.435378599977896e-10,5.435436702862286e-10,5.435494802698316e-10,5.435552899485934e-10,5.435610993226007e-10,5.435669083917026e-10,5.435727171559158e-10,5.435785256153937e-10,5.435843337696328e-10,5.435901416192457e-10,5.435959491642087e-10,5.436017564037247e-10,5.43607563338671e-10,5.436133699686685e-10,5.436191762946406e-10,5.436249823149871e-10,5.436307880303442e-10,5.436365934407464e-10,5.436423985470666e-10,5.436482033475809e-10,5.436540078432053e-10,5.436598120339544e-10,5.436656159197298e-10,5.436714195005914e-10,5.436772227767761e-10,5.43683025747723e-10,5.436888284136953e-10,5.436946307746798e-10,5.437004328307101e-10,5.437062345817091e-10,5.437120360277542e-10,5.437178371691709e-10,5.437236380052536e-10,5.437294385360497e-10,5.437352387621317e-10,5.437410386831292e-10,5.437468382991226e-10,5.437526376102033e-10,5.437584366162219e-10,5.437642353172644e-10,5.437700337132072e-10,5.437758318041122e-10,5.437816295901155e-10,5.437874270709569e-10,5.437932242470118e-10,5.437990211176577e-10,5.438048176833076e-10,5.438106139438174e-10,5.438164098993808e-10,5.438222055502039e-10,5.438280008956458e-10,5.438337959358549e-10,5.438395906705332e-10,5.438453851006565e-10,5.438511792256095e-10,5.438569730455732e-10,5.438627665603294e-10,5.438685597700926e-10,5.43874352674669e-10,5.438801452742157e-10,5.438859375684581e-10,5.438917295576494e-10,5.438975212417172e-10,5.439033126206462e-10,5.439091036943736e-10,5.439148944630143e-10,5.439206849265766e-10,5.439264750849459e-10,5.439322649380636e-10,5.439380544861417e-10,5.439438437290122e-10,5.43949632666685e-10,5.439554212992278e-10,5.439612096265621e-10,5.439669976486989e-10,5.439727853656428e-10,5.439785727774003e-10,5.439843598839573e-10,5.439901466853188e-10,5.439959331814762e-10,5.440017193720671e-10,5.440075052578061e-10,5.44013290838424e-10,5.440190761137275e-10,5.440248610838075e-10,5.440306457486603e-10,5.440364301083013e-10,5.440422141626884e-10,5.440479979118369e-10,5.440537813557425e-10,5.440595644944025e-10,5.440653473278129e-10,5.440711298559677e-10,5.440769120789061e-10,5.440826939965589e-10,5.440884756089791e-10,5.440942569162229e-10,5.441000379180461e-10,5.44105818614608e-10,5.441115990058678e-10,5.441173790914676e-10,5.441231588722372e-10,5.441289383476714e-10,5.441347175175346e-10,5.441404963823326e-10,5.441462749418686e-10,5.441520531960844e-10,5.441578311450097e-10,5.441636087885463e-10,5.441693861268251e-10,5.441751631597371e-10,5.441809398875703e-10,5.441867163097051e-10,5.441924924267348e-10,5.441982682383518e-10,5.442040437446361e-10,5.442098189456346e-10,5.442155938410997e-10,5.442213684314243e-10,5.442271427157985e-10,5.442329166954783e-10,5.442386903697675e-10,5.442444637389406e-10,5.44250236802575e-10,5.442560095608061e-10,5.442617820134908e-10,5.442675541609124e-10,5.442733260030399e-10,5.442790975398462e-10,5.442848687711911e-10,5.442906396971345e-10,5.442964103173399e-10,5.443021806317554e-10,5.443079506416441e-10,5.443137203461162e-10,5.443194897451898e-10,5.443252588390779e-10,5.443310276273659e-10,5.443367961101624e-10,5.443425642876383e-10,5.443483321597427e-10,5.443540997259933e-10,5.443598669872489e-10,5.443656339429497e-10,5.443714005932503e-10,5.443771669382334e-10,5.443829329778156e-10,5.443886987119699e-10,5.443944641407263e-10,5.444002292640304e-10,5.444059940818156e-10,5.444117585942801e-10,5.444175228012835e-10,5.444232867027867e-10,5.444290502988741e-10,5.4443481358961e-10,5.444405765752263e-10,5.44446339255297e-10,5.444521016299461e-10,5.444578636989869e-10,5.444636254621503e-10,5.444693869201294e-10,5.444751480726519e-10,5.444809089197316e-10,5.444866694613227e-10,5.44492429697393e-10,5.444981896280633e-10,5.445039492532125e-10,5.445097085728799e-10,5.445154675870827e-10,5.445212262958109e-10,5.44526984699097e-10,5.445327427969032e-10,5.445385005892272e-10,5.445442580760623e-10,5.445500152573656e-10,5.445557721328245e-10,5.445615287031792e-10,5.445672849680491e-10,5.445730409272428e-10,5.445787965811419e-10,5.445845519295657e-10,5.445903069724736e-10,5.445960617098797e-10,5.446018161421417e-10,5.446075702684578e-10,5.446133240893901e-10,5.44619077605458e-10,5.446248308155113e-10,5.446305837199992e-10,5.446363363196081e-10,5.44642088612955e-10,5.4464784060077e-10,5.446535922830583e-10,5.446593436598378e-10,5.446650947311001e-10,5.446708454967854e-10,5.446765959565291e-10,5.446823461112105e-10,5.446880959603806e-10,5.44693845504032e-10,5.446995947417042e-10,5.447053436742833e-10,5.4471109230142e-10,5.447168406229169e-10,5.447225886389448e-10,5.447283363495414e-10,5.447340837544383e-10,5.447398308537981e-10,5.447455776475393e-10,5.447513241358171e-10,5.44757070318559e-10,5.44762816195852e-10,5.447685617674991e-10,5.447743070332025e-10,5.447800519936722e-10,5.44785796648636e-10,5.447915409980468e-10,5.447972850419855e-10,5.448030287803032e-10,5.448087722131286e-10,5.448145153403712e-10,5.4482025816205e-10,5.448260006781868e-10,5.448317428887611e-10,5.448374847938903e-10,5.448432263933527e-10,5.448489676872441e-10,5.448547086755827e-10,5.448604493579356e-10,5.448661897343469e-10,5.448719298058513e-10,5.448776695719508e-10,5.448834090324635e-10,5.448891481874177e-10,5.448948870367763e-10,5.44900625580547e-10,5.449063638188022e-10,5.449121017513458e-10,5.449178393785107e-10,5.449235767000617e-10,5.449293137160617e-10,5.449350504264397e-10,5.449407868313754e-10,5.44946522930714e-10,5.449522587245726e-10,5.449579942126604e-10,5.449637293950477e-10,5.449694642720219e-10,5.449751988434067e-10,5.449809331092227e-10,5.449866670694623e-10,5.449924007241308e-10,5.449981340732159e-10,5.450038671167224e-10,5.450095998546168e-10,5.450153322873438e-10,5.450210644141212e-10,5.450267962354161e-10,5.450325277510308e-10,5.450382589610666e-10,5.450439898655505e-10,5.450497204644271e-10,5.45055450757638e-10,5.450611807453604e-10,5.450669104274984e-10,5.450726398040708e-10,5.450783688750703e-10,5.450840976404914e-10,5.45089826100334e-10,5.450955542545757e-10,5.451012821032363e-10,5.451070096462961e-10,5.451127368837738e-10,5.451184638156798e-10,5.451241904419781e-10,5.451299167627325e-10,5.451356427776225e-10,5.451413684872021e-10,5.451470938915624e-10,5.451528189899307e-10,5.451585437828834e-10,5.451642682701555e-10,5.45169992451846e-10,5.451757163279566e-10,5.451814398984889e-10,5.451871631634165e-10,5.451928861227655e-10,5.451986087767293e-10,5.452043311249238e-10,5.452100531675999e-10,5.452157749046502e-10,5.452214963361286e-10,5.452272174621761e-10,5.452329382823048e-10,5.452386587970399e-10,5.452443790065395e-10,5.452500989101804e-10,5.452558185082102e-10,5.452615378008005e-10,5.452672567876565e-10,5.452729754688734e-10,5.452786938445515e-10,5.452844119145456e-10,5.452901296790415e-10,5.452958471380583e-10,5.45301564291289e-10,5.45307281139144e-10,5.453129976813078e-10,5.453187139180168e-10,5.453244298491576e-10,5.453301454747271e-10,5.453358607947445e-10,5.453415758091238e-10,5.453472905183789e-10,5.453530049216902e-10,5.45358719019442e-10,5.45364432811632e-10,5.453701462982608e-10,5.453758594788881e-10,5.453815723543911e-10,5.453872849243275e-10,5.453929971886854e-10,5.453987091474335e-10,5.454044208006977e-10,5.454101321483854e-10,5.454158431905404e-10,5.454215539271403e-10,5.454272643582169e-10,5.454329744837594e-10,5.454386843037399e-10,5.454443938181483e-10,5.454501030266152e-10,5.45455811929898e-10,5.454615205276371e-10,5.454672288198328e-10,5.454729368064007e-10,5.454786444875002e-10,5.45484351863063e-10,5.454900589331111e-10,5.454957656976974e-10,5.455014721566461e-10,5.455071783100537e-10,5.455128841579438e-10,5.455185897002929e-10,5.455242949371389e-10,5.455299998689592e-10,5.455357044947206e-10,5.455414088149208e-10,5.455471128295922e-10,5.455528165388826e-10,5.455585199424904e-10,5.455642230405222e-10,5.455699258330825e-10,5.45575628320146e-10,5.455813305016406e-10,5.455870323776251e-10,5.455927339481253e-10,5.455984352130971e-10,5.456041361725854e-10,5.4560983682653e-10,5.456155371749632e-10,5.45621237217886e-10,5.456269369553273e-10,5.456326363873233e-10,5.456383355137261e-10,5.456440343346039e-10,5.45649732850441e-10,5.456554310607979e-10,5.45661128965186e-10,5.456668265650231e-10,5.456725238584001e-10,5.456782208463137e-10,5.456839175288302e-10,5.456896139057308e-10,5.456953099771621e-10,5.457010057431267e-10,5.457067012037555e-10,5.457123963595606e-10,5.457180912098829e-10,5.457237857539412e-10,5.457294799924852e-10,5.457351739255559e-10,5.457408675532307e-10,5.457465608754192e-10,5.457522538921038e-10,5.45757946603336e-10,5.457636390091179e-10,5.457693311089037e-10,5.457750229036944e-10,5.457807143929707e-10,5.457864055768962e-10,5.457920964553296e-10,5.457977870284651e-10,5.458034772961509e-10,5.458091672582411e-10,5.458148569148156e-10,5.458205462659766e-10,5.458262353117514e-10,5.458319240520924e-10,5.458376124866587e-10,5.458433006160868e-10,5.458489884400711e-10,5.458546759586561e-10,5.458603631718142e-10,5.458660500796333e-10,5.458717366819239e-10,5.45877422978799e-10,5.458831089702156e-10,5.458887946562909e-10,5.458944800369558e-10,5.459001651122105e-10,5.45905849882045e-10,5.459115343466602e-10,5.459172185056885e-10,5.459229023591512e-10,5.459285859074277e-10,5.459342691500889e-10,5.459399520875964e-10,5.459456347196733e-10,5.459513170463568e-10,5.459569990676668e-10,5.459626807833367e-10,5.459683621937263e-10,5.459740432987305e-10,5.459797240982617e-10,5.459854045925026e-10,5.459910847815331e-10,5.459967646652541e-10,5.460024442435292e-10,5.460081235164655e-10,5.460138024840419e-10,5.460194811462572e-10,5.460251595030695e-10,5.460308375546338e-10,5.460365153009916e-10,5.460421927419515e-10,5.460478698769883e-10,5.460535467071922e-10,5.460592232320259e-10,5.460648994512427e-10,5.460705753653652e-10,5.460762509742238e-10,5.46081926277897e-10,5.460876012764854e-10,5.460932759693492e-10,5.460989503574059e-10,5.461046244399778e-10,5.461102982172596e-10,5.461159716894409e-10,5.46121644856197e-10,5.461273177175873e-10,5.461329902733271e-10,5.461386625237755e-10,5.461443344689358e-10,5.46150006108812e-10,5.461556774434073e-10,5.461613484727258e-10,5.461670191967703e-10,5.461726896155455e-10,5.461783597290551e-10,5.461840295373027e-10,5.461896990402933e-10,5.461953682380335e-10,5.462010371305288e-10,5.462067057177868e-10,5.462123739998199e-10,5.462180419766502e-10,5.462237096481335e-10,5.462293770145276e-10,5.462350440755296e-10,5.462407108312215e-10,5.462463772816826e-10,5.462520434269172e-10,5.462577092669282e-10,5.462633748017188e-10,5.462690400312936e-10,5.462747049556549e-10,5.462803695748071e-10,5.462860338887539e-10,5.46291697897498e-10,5.462973616010665e-10,5.463030249996779e-10,5.463086880928592e-10,5.46314350880852e-10,5.46320013363652e-10,5.463256755411969e-10,5.463313374136559e-10,5.463369989809105e-10,5.463426602431255e-10,5.463483212001617e-10,5.463539818520415e-10,5.4635964219866e-10,5.463653022401306e-10,5.463709619764549e-10,5.463766214076358e-10,5.463822805336764e-10,5.463879393545804e-10,5.463935978703504e-10,5.46399256080991e-10,5.464049139865052e-10,5.464105715868973e-10,5.464162288821706e-10,5.46421885872329e-10,5.464275425573763e-10,5.464331989371647e-10,5.464388550118468e-10,5.464445107814268e-10,5.464501662459085e-10,5.464558214052956e-10,5.464614762595921e-10,5.464671308088021e-10,5.464727850529295e-10,5.464784389919783e-10,5.464840926259527e-10,5.464897459548561e-10,5.464953989786934e-10,5.465010516974684e-10,5.465067041115536e-10,5.465123562205905e-10,5.465180080245821e-10,5.465236595235333e-10,5.465293107174489e-10,5.465349616063321e-10,5.465406121901881e-10,5.465462624687869e-10,5.46551912442366e-10,5.465575621109294e-10,5.465632114744819e-10,5.465688605329922e-10,5.465745092858404e-10,5.465801577344715e-10,5.465858058781106e-10,5.465914537167621e-10,5.465971012504307e-10,5.466027484791211e-10,5.466083954028382e-10,5.466140420215864e-10,5.466196883353713e-10,5.466253343441972e-10,5.466309800480697e-10,5.466366254469945e-10,5.46642270540977e-10,5.466479153300231e-10,5.466535598139804e-10,5.466592039931153e-10,5.466648478672505e-10,5.466704914364531e-10,5.466761347003345e-10,5.466817776597599e-10,5.466874203143028e-10,5.466930626639218e-10,5.46698704708619e-10,5.46704346447991e-10,5.467099878828373e-10,5.467156290127999e-10,5.467212698378814e-10,5.467269103581978e-10,5.467325505736306e-10,5.467381904841855e-10,5.467438300898688e-10,5.467494693906865e-10,5.467551083866441e-10,5.467607470777474e-10,5.467663854640014e-10,5.467720235454112e-10,5.467776613219826e-10,5.467832987937221e-10,5.46788935960643e-10,5.467945728226671e-10,5.46800209379875e-10,5.468058456322719e-10,5.468114815798632e-10,5.468171172226536e-10,5.468227525606478e-10,5.468283875938886e-10,5.468340223223573e-10,5.468396567460708e-10,5.468452908650712e-10,5.468509246791363e-10,5.468565581884356e-10,5.468621913929747e-10,5.468678242927586e-10,5.468734568877923e-10,5.468790891780809e-10,5.468847211636301e-10,5.468903528444442e-10,5.468959842205297e-10,5.469016152918905e-10,5.469072460585325e-10,5.469128765204613e-10,5.469185066776815e-10,5.469241365301988e-10,5.46929766078018e-10,5.469353953211449e-10,5.469410242595846e-10,5.469466528933431e-10,5.469522812224247e-10,5.469579092468352e-10,5.469635369665804e-10,5.469691643816651e-10,5.46974791492095e-10,5.469804182978756e-10,5.469860447990123e-10,5.469916709955405e-10,5.46997296887436e-10,5.470029224747047e-10,5.470085477573521e-10,5.470141727353832e-10,5.470197974088042e-10,5.470254217776205e-10,5.470310458418372e-10,5.470366696014604e-10,5.470422930564952e-10,5.470479162069483e-10,5.470535390528243e-10,5.470591615941294e-10,5.470647838308684e-10,5.470704057630457e-10,5.470760273906715e-10,5.470816487137487e-10,5.470872697322834e-10,5.470928904462811e-10,5.470985108557474e-10,5.471041309606863e-10,5.471097507611077e-10,5.471153702570154e-10,5.471209894484127e-10,5.471266083353101e-10,5.471322269177112e-10,5.471378451956218e-10,5.47143463169048e-10,5.47149080837995e-10,5.471546982024695e-10,5.471603152624767e-10,5.471659320180232e-10,5.471715484691137e-10,5.471771646157558e-10,5.471827804579548e-10,5.471883959957165e-10,5.471940112290472e-10,5.471996261579528e-10,5.472052407824388e-10,5.472108551025119e-10,5.47216469118178e-10,5.472220828294431e-10,5.472276962363131e-10,5.472333093387943e-10,5.472389221368928e-10,5.472445346306145e-10,5.472501468199663e-10,5.47255758704953e-10,5.47261370285582e-10,5.472669815618587e-10,5.472725925337899e-10,5.472782032013813e-10,5.472838135646392e-10,5.472894236235702e-10,5.472950333781798e-10,5.473006428284755e-10,5.473062519744625e-10,5.473118608161475e-10,5.473174693535291e-10,5.473230775866218e-10,5.473286855154311e-10,5.473342931399642e-10,5.473399004602271e-10,5.47345507476226e-10,5.473511141879676e-10,5.473567205954579e-10,5.47362326698704e-10,5.473679324977113e-10,5.473735379924873e-10,5.473791431830375e-10,5.473847480693584e-10,5.473903526514669e-10,5.473959569293699e-10,5.474015609030731e-10,5.474071645725842e-10,5.474127679379086e-10,5.474183709990538e-10,5.474239737565909e-10,5.474295762093839e-10,5.474351783580191e-10,5.474407802031365e-10,5.474463817434951e-10,5.474519829797083e-10,5.474575839117843e-10,5.474631845397315e-10,5.474687848635181e-10,5.474743848834682e-10,5.474799845990714e-10,5.474855840105797e-10,5.474911831180039e-10,5.474967819213903e-10,5.475023804201609e-10,5.475079786153585e-10,5.47513576506535e-10,5.4751917409359e-10,5.475247713765927e-10,5.475303683555487e-10,5.475359650304661e-10,5.475415614013417e-10,5.475471574682354e-10,5.475527532312134e-10,5.475583486900668e-10,5.475639438448752e-10,5.475695386957014e-10,5.475751332425364e-10,5.475807274853878e-10,5.475863214242655e-10,5.475919150591697e-10,5.475975083901103e-10,5.476031014170951e-10,5.476086941401306e-10,5.476142865592243e-10,5.476198786743827e-10,5.476254704856129e-10,5.476310619929148e-10,5.476366531963079e-10,5.476422440957991e-10,5.476478346911097e-10,5.476534249828803e-10,5.476590149706317e-10,5.47664604654505e-10,5.476701940345073e-10,5.476757831107403e-10,5.476813718831923e-10,5.4768696035166e-10,5.476925485163118e-10,5.476981363771298e-10,5.47703723934121e-10,5.477093111872965e-10,5.47714898136659e-10,5.477204847821867e-10,5.477260711239155e-10,5.477316571618532e-10,5.47737242896007e-10,5.477428283263842e-10,5.477484134529919e-10,5.477539982758238e-10,5.477595827949015e-10,5.477651670102323e-10,5.477707509218246e-10,5.477763345296857e-10,5.477819178338574e-10,5.477875008343047e-10,5.477930835310411e-10,5.477986659240743e-10,5.478042480136002e-10,5.478098297999352e-10,5.478154112819954e-10,5.478209924603824e-10,5.478265733353373e-10,5.478321539063994e-10,5.478377341736862e-10,5.478433141372709e-10,5.478488937973851e-10,5.47854473153602e-10,5.478600522065165e-10,5.478656309557651e-10,5.478712094015893e-10,5.478767875438302e-10,5.478823653824974e-10,5.478879429175986e-10,5.478935201491451e-10,5.478990970771464e-10,5.479046737016124e-10,5.479102500225573e-10,5.479158260395764e-10,5.479214017530599e-10,5.479269771629902e-10,5.47932552269426e-10,5.479381270723775e-10,5.479437015717703e-10,5.479492757677022e-10,5.479548496601514e-10,5.479604232491288e-10,5.479659965346463e-10,5.47971569516721e-10,5.479771421951989e-10,5.479827145701835e-10,5.479882866419479e-10,5.479938584100603e-10,5.479994298749313e-10,5.480050010363293e-10,5.480105718941347e-10,5.480161424487067e-10,5.480217126998858e-10,5.480272826476897e-10,5.480328522921302e-10,5.480384216331846e-10,5.480439906708758e-10,5.480495594052084e-10,5.480551278362013e-10,5.48060695963835e-10,5.480662637881515e-10,5.480718313092176e-10,5.480773985269669e-10,5.48082965441407e-10,5.480885320524767e-10,5.480940983602708e-10,5.480996643647929e-10,5.481052300658522e-10,5.48110795463953e-10,5.48116360558725e-10,5.481219253502804e-10,5.481274898383984e-10,5.481330540234292e-10,5.481386179052407e-10,5.481441814840432e-10,5.481497447595269e-10,5.481553077319652e-10,5.481608704018815e-10,5.481664327676993e-10,5.481719948303362e-10,5.481775565899263e-10,5.481831180461934e-10,5.481886791991701e-10,5.481942400489936e-10,5.481998005958363e-10,5.482053608396414e-10,5.482109207802536e-10,5.48216480417758e-10,5.482220397523095e-10,5.482275987838301e-10,5.482331575122021e-10,5.482387159374788e-10,5.482442740595874e-10,5.482498318786241e-10,5.48255389394643e-10,5.482609466077317e-10,5.482665035176631e-10,5.482720601245586e-10,5.482776164284723e-10,5.482831724294138e-10,5.482887281274332e-10,5.482942835222924e-10,5.482998386141697e-10,5.483053934030731e-10,5.483109478890331e-10,5.483165020720749e-10,5.483220559521715e-10,5.483276095293167e-10,5.483331628036261e-10,5.483387157749212e-10,5.48344268443595e-10,5.483498208092192e-10,5.483553728709482e-10,5.483609246305891e-10,5.483664760878392e-10,5.483720272423789e-10,5.48377578093502e-10,5.483831286418063e-10,5.483886788872217e-10,5.483942288289534e-10,5.483997784686598e-10,5.48405327805552e-10,5.48410876839639e-10,5.484164255709297e-10,5.484219739994326e-10,5.484275221252149e-10,5.48433069948223e-10,5.484386174684655e-10,5.484441646859818e-10,5.484497116007553e-10,5.484552582129682e-10,5.484608045209858e-10,5.484663505273318e-10,5.484718962313529e-10,5.484774416325508e-10,5.484829867307765e-10,5.484885315267345e-10,5.484940760200208e-10,5.484996202105263e-10,5.485051640983639e-10,5.485107076835733e-10,5.485162509660988e-10,5.485217939459353e-10,5.48527336623387e-10,5.485328789980915e-10,5.48538421070197e-10,5.485439628397127e-10,5.485495043066476e-10,5.485550454709367e-10,5.48560586332666e-10,5.485661268918415e-10,5.485716671484727e-10,5.48577207102568e-10,5.485827467541363e-10,5.485882861031853e-10,5.485938251497961e-10,5.485993638939177e-10,5.486049023355016e-10,5.48610440474673e-10,5.48615978311376e-10,5.486215158457561e-10,5.486270530775261e-10,5.486325900072397e-10,5.486381266341074e-10,5.486436629585536e-10,5.48649198980475e-10,5.48654734699804e-10,5.48660270116736e-10,5.486658052312806e-10,5.486713400434468e-10,5.486768745532435e-10,5.486824087606805e-10,5.486879426667083e-10,5.486934762697335e-10,5.486990095704727e-10,5.487045425688935e-10,5.487100752650099e-10,5.487156076588088e-10,5.487211397503004e-10,5.487266715395353e-10,5.487322030260433e-10,5.487377342107464e-10,5.487432650932006e-10,5.48748795673364e-10,5.487543259516533e-10,5.487598559274003e-10,5.487653856009423e-10,5.487709149722689e-10,5.487764440413961e-10,5.487819728083359e-10,5.487875012730985e-10,5.487930294356797e-10,5.487985572955328e-10,5.488040848538228e-10,5.488096121099723e-10,5.488151390641721e-10,5.488206657160445e-10,5.488261920658319e-10,5.488317181135292e-10,5.488372438591259e-10,5.488427693022241e-10,5.488482944436178e-10,5.488538192830022e-10,5.488593438203375e-10,5.488648680557048e-10,5.488703919889699e-10,5.488759156201908e-10,5.488814389494501e-10,5.488869619768449e-10,5.488924847020795e-10,5.488980071250527e-10,5.489035292464302e-10,5.489090510657861e-10,5.489145725831045e-10,5.489200937986171e-10,5.489256147120968e-10,5.489311353237412e-10,5.48936655633353e-10,5.489421756411573e-10,5.489476953470098e-10,5.489532147509925e-10,5.48958733853056e-10,5.48964252653255e-10,5.489697711515991e-10,5.489752893480353e-10,5.489808072426716e-10,5.489863248355385e-10,5.489918421266029e-10,5.489973591158517e-10,5.490028758033068e-10,5.490083921889776e-10,5.490139082728745e-10,5.490194240550094e-10,5.490249395354921e-10,5.490304547141593e-10,5.490359695903071e-10,5.49041484165256e-10,5.490469984385856e-10,5.490525124104909e-10,5.49058026080578e-10,5.490635394487791e-10,5.49069052515545e-10,5.490745652805925e-10,5.49080077744237e-10,5.490855899059967e-10,5.490911017661342e-10,5.490966133245756e-10,5.491021245815184e-10,5.491076355368892e-10,5.491131461906991e-10,5.491186565428364e-10,5.491241665939945e-10,5.491296763431123e-10,5.491351857907298e-10,5.491406949367015e-10,5.491462037810975e-10,5.491517123240013e-10,5.491572205653498e-10,5.491627285052321e-10,5.49168236143581e-10,5.491737434804668e-10,5.491792505157916e-10,5.49184757249729e-10,5.491902636822121e-10,5.491957698133834e-10,5.492012756429814e-10,5.492067811712231e-10,5.492122863980606e-10,5.492177913235046e-10,5.492232959475872e-10,5.492288002705123e-10,5.492343042918584e-10,5.49239808012134e-10,5.492453114307583e-10,5.492508145479829e-10,5.492563173638882e-10,5.492618198792247e-10,5.492673220924938e-10,5.492728240046146e-10,5.492783256153403e-10,5.492838269248916e-10,5.49289327933162e-10,5.49294828640176e-10,5.49300329045977e-10,5.493058291505716e-10,5.493113289539308e-10,5.493168284560282e-10,5.493223276569308e-10,5.493278265566491e-10,5.493333251551932e-10,5.493388234525748e-10,5.493443214488044e-10,5.493498191439023e-10,5.493553165378591e-10,5.493608136306795e-10,5.493663104222987e-10,5.493718069129308e-10,5.493773031023634e-10,5.49382798990517e-10,5.493882945779201e-10,5.49393789864281e-10,5.493992848496032e-10,5.494047795338951e-10,5.494102739172716e-10,5.494157679991003e-10,5.494212617799872e-10,5.494267552601588e-10,5.494322484394277e-10,5.494377413177855e-10,5.494432338951852e-10,5.494487261716514e-10,5.494542181472424e-10,5.494597098219112e-10,5.494652011956687e-10,5.494706922685107e-10,5.494761830404651e-10,5.494816735115438e-10,5.494871636817578e-10,5.494926535511116e-10,5.494981431196188e-10,5.495036323872911e-10,5.495091213541399e-10,5.495146100201761e-10,5.495200983854112e-10,5.495255864498529e-10,5.495310742135143e-10,5.495365616764074e-10,5.495420488385433e-10,5.495475356999326e-10,5.495530222605869e-10,5.495585085205178e-10,5.495639944797358e-10,5.495694801381953e-10,5.495749654959647e-10,5.495804505529231e-10,5.495859353093464e-10,5.495914197651153e-10,5.495969039202406e-10,5.496023877747341e-10,5.496078713286063e-10,5.49613354581869e-10,5.496188375345297e-10,5.496243201865979e-10,5.496298025380857e-10,5.496352845890009e-10,5.49640766339371e-10,5.496462477891958e-10,5.49651728938486e-10,5.49657209787246e-10,5.496626903353461e-10,5.496681705832098e-10,5.49673650530294e-10,5.496791301763867e-10,5.49684609522883e-10,5.49690088568545e-10,5.496955673142964e-10,5.4970104575933e-10,5.497065239038986e-10,5.49712001748101e-10,5.497174792919221e-10,5.497229565352146e-10,5.497284334781316e-10,5.497339101207424e-10,5.497393864630958e-10,5.497448625050529e-10,5.497503382466586e-10,5.497558136880907e-10,5.497612888290395e-10,5.49766763669689e-10,5.49772238210039e-10,5.497777124501677e-10,5.497831863905786e-10,5.497886600301413e-10,5.497941333692758e-10,5.497996064084089e-10,5.498050791474907e-10,5.498105515862256e-10,5.498160237247686e-10,5.498214955630978e-10,5.498269671014186e-10,5.498324383394554e-10,5.498379092773582e-10,5.498433799159418e-10,5.498488502539086e-10,5.498543202913998e-10,5.49859790028825e-10,5.498652594661766e-10,5.498707286033858e-10,5.498761974406899e-10,5.498816659779192e-10,5.498871342149028e-10,5.498926021525374e-10,5.498980697896045e-10,5.499035371266008e-10,5.49909004163649e-10,5.499144709007177e-10,5.49919937337791e-10,5.499254034749376e-10,5.499308693121168e-10,5.499363348493042e-10,5.499418000863076e-10,5.499472650237194e-10,5.499527296611705e-10,5.499581939987338e-10,5.499636580364213e-10,5.499691217743852e-10,5.499745852134429e-10,5.499800483517007e-10,5.499855111900842e-10,5.499909737287395e-10,5.499964359675132e-10,5.500018979067205e-10,5.50007359545929e-10,5.500128208853077e-10,5.500182819250718e-10,5.500237426652545e-10,5.500292031062337e-10,5.500346632464386e-10,5.500401230873222e-10,5.500455826283045e-10,5.500510418697795e-10,5.500565008114384e-10,5.500619594534859e-10,5.500674177958663e-10,5.500728758385963e-10,5.500783335817058e-10,5.500837910251936e-10,5.500892481690882e-10,5.50094705013392e-10,5.501001615581402e-10,5.501056178033025e-10,5.501110737489344e-10,5.501165293950213e-10,5.501219847415665e-10,5.501274397885945e-10,5.501328945361181e-10,5.501383489841488e-10,5.501438031326979e-10,5.501492569817775e-10,5.501547105314007e-10,5.501601637815604e-10,5.501656167322754e-10,5.501710693836154e-10,5.501765217355031e-10,5.501819737880379e-10,5.50187425541134e-10,5.501928769948664e-10,5.501983281492442e-10,5.50203779004278e-10,5.502092295599788e-10,5.502146798163586e-10,5.502201297734294e-10,5.502255794312027e-10,5.502310287896912e-10,5.502364778489066e-10,5.502419266088613e-10,5.502473750695674e-10,5.502528232310375e-10,5.50258271093283e-10,5.502637186563172e-10,5.502691659201519e-10,5.502746128849015e-10,5.502800595504761e-10,5.50285505916746e-10,5.502909519839205e-10,5.50296397751829e-10,5.503018432205509e-10,5.503072883905086e-10,5.503127332611095e-10,5.503181778327068e-10,5.503236221062948e-10,5.503290660798464e-10,5.503345097543112e-10,5.503399531297251e-10,5.503453962060746e-10,5.503508389827922e-10,5.503562814612478e-10,5.503617236405008e-10,5.503671655206791e-10,5.503726071029282e-10,5.50378048385369e-10,5.503834893687502e-10,5.503889300533462e-10,5.503943704390171e-10,5.503998105259061e-10,5.504052503138054e-10,5.504106898028339e-10,5.504161289929679e-10,5.504215678842729e-10,5.5042700647695e-10,5.504324447705755e-10,5.50437882765214e-10,5.50443320461313e-10,5.504487578585194e-10,5.504541949569191e-10,5.504596317566697e-10,5.504650682576572e-10,5.504705044591029e-10,5.504759403626323e-10,5.504813759670609e-10,5.504868112731112e-10,5.504922462803714e-10,5.504976809889589e-10,5.505031153988861e-10,5.505085495101657e-10,5.5051398332281e-10,5.505194168368316e-10,5.505248500522435e-10,5.50530282969058e-10,5.50535715587287e-10,5.505411479069442e-10,5.505465799280419e-10,5.505520116505926e-10,5.505574430746095e-10,5.505628742001046e-10,5.505683050270911e-10,5.505737355555816e-10,5.505791657857248e-10,5.505845957173985e-10,5.505900253506291e-10,5.505954546854229e-10,5.50600883721774e-10,5.506063124596975e-10,5.506117408992159e-10,5.506171690403419e-10,5.506225968830923e-10,5.506280244274755e-10,5.506334516735058e-10,5.506388786211955e-10,5.506443052705608e-10,5.506497316216923e-10,5.506551576744428e-10,5.506605834288992e-10,5.506660088850797e-10,5.506714340430354e-10,5.506768589030106e-10,5.506822834647683e-10,5.50687707728259e-10,5.506931316935442e-10,5.506985553606034e-10,5.507039787294657e-10,5.507094018006506e-10,5.507148245732515e-10,5.507202470477076e-10,5.507256692237175e-10,5.507310911016081e-10,5.507365126813935e-10,5.507419339630805e-10,5.50747354946707e-10,5.507527756322057e-10,5.507581960191858e-10,5.507636161086046e-10,5.507690358999903e-10,5.507744553933873e-10,5.507798745887178e-10,5.50785293486101e-10,5.507907120855325e-10,5.507961303869852e-10,5.508015483905006e-10,5.508069660952603e-10,5.508123835026739e-10,5.508178006116761e-10,5.508232174240407e-10,5.508286339374368e-10,5.508340501526516e-10,5.508394660706771e-10,5.508448816910536e-10,5.508502970140743e-10,5.508557120388136e-10,5.508611267658014e-10,5.508665411950659e-10,5.508719553264567e-10,5.508773691600984e-10,5.508827826959801e-10,5.508881959341814e-10,5.508936088751359e-10,5.508990215179345e-10,5.509044338630587e-10,5.509098459098435e-10,5.509152576595996e-10,5.509206691116008e-10,5.509260802659602e-10,5.509314911226875e-10,5.509369016817982e-10,5.509423119433301e-10,5.509477219072641e-10,5.509531315736343e-10,5.509585409424411e-10,5.509639500136983e-10,5.509693587874189e-10,5.509747672636164e-10,5.509801754423047e-10,5.509855833234967e-10,5.509909909072059e-10,5.509963981934459e-10,5.510018051822304e-10,5.510072118735726e-10,5.510126182674859e-10,5.510180243639838e-10,5.510234301630805e-10,5.510288356647889e-10,5.510342408691223e-10,5.510396457760949e-10,5.510450503857202e-10,5.51050454698011e-10,5.510558587129814e-10,5.51061262430645e-10,5.510666658510155e-10,5.510720689741061e-10,5.510774717999307e-10,5.510828743285026e-10,5.510882765598359e-10,5.510936784939438e-10,5.510990801308399e-10,5.511044814705386e-10,5.511098825130526e-10,5.51115283258396e-10,5.511206837065826e-10,5.511260838576257e-10,5.511314837115394e-10,5.511368832683373e-10,5.511422825279949e-10,5.511476814905658e-10,5.511530801560571e-10,5.511584785244867e-10,5.51163876595868e-10,5.511692743702153e-10,5.511746718475419e-10,5.511800690277761e-10,5.511854659111067e-10,5.511908624973988e-10,5.511962587867737e-10,5.512016547792086e-10,5.512070504747233e-10,5.512124458736592e-10,5.512178409753054e-10,5.512232357800891e-10,5.512286302879439e-10,5.512340244989034e-10,5.512394184130594e-10,5.512448120303731e-10,5.51250205351083e-10,5.512555983747583e-10,5.512609911015376e-10,5.512663835316223e-10,5.512717756649408e-10,5.512771675016507e-10,5.51282559041679e-10,5.512879502847234e-10,5.512933412306151e-10,5.512987318802569e-10,5.513041222340771e-10,5.513095122902571e-10,5.513149020497776e-10,5.513202915126527e-10,5.513256806790507e-10,5.513310695488275e-10,5.5133645812204e-10,5.513418463986322e-10,5.513472343786579e-10,5.513526220615662e-10,5.51358009448383e-10,5.513633965387705e-10,5.513687833327174e-10,5.513741698302452e-10,5.51379556031097e-10,5.513849419353512e-10,5.513903275432056e-10,5.513957128546726e-10,5.514010978693339e-10,5.514064825875071e-10,5.514118670093376e-10,5.514172511351458e-10,5.51422634964497e-10,5.514280184974795e-10,5.514334017341084e-10,5.514387846743992e-10,5.514441673183651e-10,5.514495496660203e-10,5.514549317173792e-10,5.514603134724895e-10,5.514656949313285e-10,5.514710760937103e-10,5.514764569598212e-10,5.514818375294048e-10,5.514872178027228e-10,5.514925977814136e-10,5.51497977463923e-10,5.515033568502651e-10,5.515087359394307e-10,5.515141147324789e-10,5.515194932294599e-10,5.515248714305567e-10,5.515302493354872e-10,5.515356269441741e-10,5.5154100425684e-10,5.515463812732895e-10,5.515517579938389e-10,5.515571344182884e-10,5.515625105466941e-10,5.515678863791312e-10,5.515732619155825e-10,5.515786371560464e-10,5.515840121005543e-10,5.515893867491211e-10,5.515947611017605e-10,5.516001351584873e-10,5.51605508919316e-10,5.516108823842604e-10,5.516162555533351e-10,5.516216284265545e-10,5.516270010043166e-10,5.516323732862069e-10,5.516377452722448e-10,5.516431169624518e-10,5.516484883568447e-10,5.516538594554433e-10,5.516592302580255e-10,5.516646007649071e-10,5.516699709760562e-10,5.51675340891511e-10,5.516807105112551e-10,5.516860798353157e-10,5.516914488637216e-10,5.516968175964735e-10,5.517021860335771e-10,5.517075541750532e-10,5.517129220209217e-10,5.517182895711989e-10,5.517236568258944e-10,5.517290237850236e-10,5.517343904485987e-10,5.517397568166359e-10,5.517451228891499e-10,5.517504886661548e-10,5.517558541476649e-10,5.517612193336951e-10,5.5176658422426e-10,5.51771948819374e-10,5.517773131190516e-10,5.517826771233075e-10,5.517880408321565e-10,5.517934042456097e-10,5.517987673636813e-10,5.518041301864025e-10,5.518094927137741e-10,5.518148549458105e-10,5.5182021688256e-10,5.518255785239695e-10,5.518309398700678e-10,5.518363009208978e-10,5.518416616763412e-10,5.518470221362646e-10,5.518523823012042e-10,5.518577421710886e-10,5.518631017457717e-10,5.518684610252572e-10,5.518738200095571e-10,5.518791786987013e-10,5.518845370927041e-10,5.518898951915793e-10,5.518952529952812e-10,5.519006105038822e-10,5.519059677173969e-10,5.519113246359206e-10,5.519166812593883e-10,5.519220375878156e-10,5.519273936212165e-10,5.519327493596064e-10,5.519381048029995e-10,5.519434599514107e-10,5.51948814804855e-10,5.519541693633469e-10,5.519595236269012e-10,5.519648775955327e-10,5.519702312692567e-10,5.519755846480874e-10,5.519809377320395e-10,5.519862905211283e-10,5.519916430153688e-10,5.519969952147749e-10,5.520023471193622e-10,5.520076987291453e-10,5.520130500441391e-10,5.520184010643583e-10,5.520237517898178e-10,5.52029102220533e-10,5.520344523565179e-10,5.520398021977881e-10,5.520451517443581e-10,5.520505009962429e-10,5.520558499534571e-10,5.520611986160163e-10,5.52066546983935e-10,5.520718950572233e-10,5.520772428359015e-10,5.520825903199869e-10,5.520879375094896e-10,5.520932844044268e-10,5.520986310048134e-10,5.52103977310664e-10,5.52109323321858e-10,5.521146690385326e-10,5.521200144606994e-10,5.521253595883717e-10,5.521307044215597e-10,5.521360489602723e-10,5.521413932045177e-10,5.521467371542973e-10,5.521520808096064e-10,5.521574241704266e-10,5.521627672371316e-10,5.521681100094408e-10,5.521734524874508e-10,5.521787946710843e-10,5.52184136560454e-10,5.52189478155249e-10,5.521948194558853e-10,5.522001604623312e-10,5.522055011745785e-10,5.522108415926287e-10,5.522161817164888e-10,5.522215215461675e-10,5.522268610816746e-10,5.522322003230237e-10,5.52237539270227e-10,5.522428779232979e-10,5.52248216282249e-10,5.522535543470952e-10,5.522588921178496e-10,5.522642295945272e-10,5.522695667771421e-10,5.522749036657092e-10,5.52280240260243e-10,5.522855765607583e-10,5.522909125672698e-10,5.522962482797919e-10,5.523015836983406e-10,5.523069188229295e-10,5.523122536535746e-10,5.523175881902903e-10,5.52322922433092e-10,5.523282563819944e-10,5.523335900370129e-10,5.523389233981627e-10,5.523442564654583e-10,5.523495892389152e-10,5.523549217185491e-10,5.523602539043741e-10,5.523655857964065e-10,5.523709173946139e-10,5.523762486990568e-10,5.523815797097512e-10,5.523869104267113e-10,5.523922408499528e-10,5.523975709794907e-10,5.5240290081534e-10,5.524082303567035e-10,5.524135596041119e-10,5.524188885583821e-10,5.524242172190101e-10,5.524295455866405e-10,5.5243487366067e-10,5.524402014411113e-10,5.524455289279765e-10,5.524508561214455e-10,5.524561830213738e-10,5.524615096277183e-10,5.524668359405671e-10,5.524721619599347e-10,5.52477487685836e-10,5.524828131182854e-10,5.524881382572983e-10,5.524934631028638e-10,5.524987876550117e-10,5.525041119137349e-10,5.525094358785453e-10,5.525147595506035e-10,5.525200829292931e-10,5.525254060146489e-10,5.525307288066859e-10,5.5253605130542e-10,5.525413735108656e-10,5.525466954230389e-10,5.525520170419544e-10,5.525573383676266e-10,5.5256265940007e-10,5.52567980139853e-10,5.525733005859306e-10,5.525786207387416e-10,5.525839405984402e-10,5.52589260164969e-10,5.525945794384363e-10,5.525998984187403e-10,5.526052171058579e-10,5.526105354999677e-10,5.526158536009065e-10,5.526211714089057e-10,5.526264889238678e-10,5.526318061457755e-10,5.526371230746829e-10,5.526424397106173e-10,5.526477560535742e-10,5.526530721036094e-10,5.526583878606469e-10,5.526637033247664e-10,5.526690184960562e-10,5.526743333743705e-10,5.526796479598874e-10,5.526849622524509e-10,5.526902762521657e-10,5.526955899590469e-10,5.527009033731093e-10,5.52706216494369e-10,5.527115293228403e-10,5.527168418587807e-10,5.52722154101736e-10,5.527274660518552e-10,5.527327777093027e-10,5.527380890740671e-10,5.527434001461293e-10,5.527487109255049e-10,5.527540214122073e-10,5.527593316063232e-10,5.527646415078989e-10,5.527699511167285e-10,5.527752604329953e-10,5.527805694566391e-10,5.527858781876742e-10,5.527911866262438e-10,5.527964947722688e-10,5.528018026265012e-10,5.528071101882197e-10,5.528124174574402e-10,5.528177244341785e-10,5.528230311177076e-10,5.528283375089048e-10,5.528336436076737e-10,5.528389494140304e-10,5.528442549279907e-10,5.528495601495708e-10,5.528548650787864e-10,5.528601697156529e-10,5.528654740601863e-10,5.528707781124032e-10,5.528760818723195e-10,5.528813853399504e-10,5.528866885153123e-10,5.528919913984209e-10,5.528972939892924e-10,5.529025962879422e-10,5.529078982943865e-10,5.529132000086418e-10,5.529185014307233e-10,5.529238025606473e-10,5.529291033984291e-10,5.529344039440859e-10,5.529397041976324e-10,5.52945004159085e-10,5.529503038284598e-10,5.52955603205773e-10,5.529609022910403e-10,5.529662010842046e-10,5.529714995853551e-10,5.529767977945086e-10,5.52982095711681e-10,5.529873933368881e-10,5.529926906701461e-10,5.529979877114705e-10,5.530032844608775e-10,5.530085809183836e-10,5.530138770840042e-10,5.530191729577551e-10,5.530244685396531e-10,5.530297638297141e-10,5.530350588279533e-10,5.530403535343872e-10,5.530456479490324e-10,5.530509420719043e-10,5.530562359030188e-10,5.53061529442393e-10,5.530668226900417e-10,5.530721156459816e-10,5.530774083102286e-10,5.530827006827988e-10,5.530879927637086e-10,5.530932845529736e-10,5.530985760506102e-10,5.531038672566343e-10,5.53109158171062e-10,5.531144487939098e-10,5.531197391252253e-10,5.531250291649924e-10,5.53130318913228e-10,5.531356083699474e-10,5.531408975351676e-10,5.531461864089045e-10,5.531514749911738e-10,5.531567632819924e-10,5.531620512813756e-10,5.531673389893404e-10,5.531726264059024e-10,5.531779135310776e-10,5.531832003648829e-10,5.531884869073342e-10,5.531937731584474e-10,5.531990591182389e-10,5.532043447867249e-10,5.532096301639218e-10,5.532149152498455e-10,5.532202000445122e-10,5.532254845479387e-10,5.532307687601405e-10,5.532360526811339e-10,5.532413363109357e-10,5.53246619649562e-10,5.532519026970286e-10,5.53257185453352e-10,5.532624679185486e-10,5.532677500926344e-10,5.532730319756262e-10,5.5327831356754e-10,5.532835948683919e-10,5.53288875878198e-10,5.532941565969755e-10,5.532994370247397e-10,5.533047171614314e-10,5.533099970071922e-10,5.533152765619524e-10,5.53320555826312e-10,5.533258347998458e-10,5.533311134818534e-10,5.533363918729376e-10,5.533416699734403e-10,5.533469477827934e-10,5.533522253013407e-10,5.53357502529018e-10,5.533627794658761e-10,5.533680561119341e-10,5.533733324671883e-10,5.533786085316753e-10,5.533838843054116e-10,5.533891597887697e-10,5.533944349814118e-10,5.533997098829942e-10,5.534049844938908e-10,5.534102588141211e-10,5.534155328437734e-10,5.534208065827695e-10,5.534260800311423e-10,5.534313531888132e-10,5.534366260558992e-10,5.534418986324169e-10,5.53447170918385e-10,5.534524429138189e-10,5.534577146187293e-10,5.534629860331509e-10,5.534682571568535e-10,5.534735279900372e-10,5.534787985326854e-10,5.534840687852404e-10,5.534893387474034e-10,5.534946084191691e-10,5.534998778005405e-10,5.535051468915388e-10,5.535104156922267e-10,5.535156842023514e-10,5.535209524222242e-10,5.535262203519182e-10,5.535314879913414e-10,5.535367553405371e-10,5.535420223994494e-10,5.535472891680583e-10,5.535525556464428e-10,5.535578218346516e-10,5.535630877326627e-10,5.535683533404639e-10,5.53573618658299e-10,5.535788836858151e-10,5.535841484231981e-10,5.535894128709199e-10,5.53594677028039e-10,5.535999408951644e-10,5.536052044723749e-10,5.536104677594876e-10,5.536157307564046e-10,5.536209934634114e-10,5.536262558804265e-10,5.536315180072072e-10,5.536367798440233e-10,5.536420413908895e-10,5.536473026478217e-10,5.536525636148345e-10,5.536578242919423e-10,5.536630846791584e-10,5.536683447765983e-10,5.536736045841919e-10,5.536788641019559e-10,5.536841233299063e-10,5.5368938226806e-10,5.536946409164323e-10,5.536998992750403e-10,5.537051573438997e-10,5.53710415123322e-10,5.537156726130214e-10,5.53720929813029e-10,5.537261867233611e-10,5.537314433440084e-10,5.53736699675101e-10,5.537419557165677e-10,5.537472114683785e-10,5.53752466930552e-10,5.537577221032498e-10,5.537629769864134e-10,5.537682315799182e-10,5.537734858838984e-10,5.537787398983629e-10,5.537839936233182e-10,5.537892470587775e-10,5.537945002047931e-10,5.537997530614114e-10,5.538050056286031e-10,5.538102579063714e-10,5.53815509894754e-10,5.538207615937987e-10,5.538260130034459e-10,5.538312641237544e-10,5.538365149547525e-10,5.538417654964623e-10,5.538470157491642e-10,5.538522657122939e-10,5.538575153861732e-10,5.538627647708096e-10,5.538680138662235e-10,5.538732626724317e-10,5.538785111896171e-10,5.538837594175748e-10,5.538890073563811e-10,5.538942550059387e-10,5.538995023663777e-10,5.539047494377157e-10,5.539099962200553e-10,5.539152427132383e-10,5.539204889173645e-10,5.539257348319205e-10,5.539309804579786e-10,5.539362257950341e-10,5.53941470843104e-10,5.539467156022062e-10,5.539519600723565e-10,5.539572042535726e-10,5.539624481458712e-10,5.539676917492701e-10,5.539729350638379e-10,5.53978178089489e-10,5.539834208262868e-10,5.53988663274252e-10,5.539939054334068e-10,5.539991473039228e-10,5.540043888854811e-10,5.540096301785013e-10,5.540148711825593e-10,5.540201118981614e-10,5.540253523247936e-10,5.540305924627041e-10,5.540358323116936e-10,5.540410718722463e-10,5.540463111441497e-10,5.54051550127345e-10,5.540567888218878e-10,5.540620272280754e-10,5.540672653455783e-10,5.540725031744822e-10,5.540777407152424e-10,5.54082977967108e-10,5.540882149298136e-10,5.540934516046759e-10,5.540986879910193e-10,5.541039240889774e-10,5.54109159898421e-10,5.541143954193738e-10,5.541196306519066e-10,5.541248655959564e-10,5.541301002518065e-10,5.541353346180349e-10,5.541405686961197e-10,5.541458024871072e-10,5.54151035989995e-10,5.541562692045654e-10,5.541615021305728e-10,5.541667347683165e-10,5.541719671178264e-10,5.541771991791182e-10,5.541824309522091e-10,5.541876624371154e-10,5.541928936338548e-10,5.54198124542094e-10,5.542033551625609e-10,5.542085854949029e-10,5.542138155390898e-10,5.542190452953558e-10,5.542242747634138e-10,5.542295039433598e-10,5.542347328354725e-10,5.542399614395673e-10,5.542451897555612e-10,5.542504177829844e-10,5.542556455230425e-10,5.542608729751588e-10,5.542661001393491e-10,5.542713270155236e-10,5.542765536037222e-10,5.542817799036743e-10,5.542870059159294e-10,5.542922316405763e-10,5.542974570775114e-10,5.543026822266702e-10,5.543079070881825e-10,5.543131316617746e-10,5.543183559476307e-10,5.54323579946431e-10,5.543288036571166e-10,5.543340270798271e-10,5.5433925021493e-10,5.543444730623502e-10,5.543496956221073e-10,5.543549178942201e-10,5.543601398795035e-10,5.543653615771351e-10,5.543705829871413e-10,5.543758041095421e-10,5.543810249443603e-10,5.543862454916147e-10,5.543914657513274e-10,5.543966857235177e-10,5.544019054082057e-10,5.54407124805411e-10,5.544123439151526e-10,5.544175627374484e-10,5.544227812723186e-10,5.544279995197805e-10,5.544332174798522e-10,5.544384351525525e-10,5.544436525379007e-10,5.54448869635913e-10,5.544540864466086e-10,5.54459302970005e-10,5.544645192061206e-10,5.544697351545802e-10,5.544749508158027e-10,5.544801661898057e-10,5.544853812766068e-10,5.544905960762235e-10,5.544958105891728e-10,5.545010248157652e-10,5.545062387550997e-10,5.545114524072239e-10,5.54516665772173e-10,5.54521878849978e-10,5.545270916394366e-10,5.545323041418082e-10,5.545375163577342e-10,5.545427282866584e-10,5.545479399285995e-10,5.545531512835752e-10,5.545583623516042e-10,5.54563573132705e-10,5.545687836268975e-10,5.545739938341986e-10,5.545792037546296e-10,5.545844133882101e-10,5.545896227349618e-10,5.54594831794994e-10,5.546000405676183e-10,5.546052490533985e-10,5.546104572523325e-10,5.546156651643919e-10,5.546208727902701e-10,5.546260801291921e-10,5.546312871813955e-10,5.54636493947098e-10,5.546417004259405e-10,5.546469066182561e-10,5.546521125241576e-10,5.546573181433025e-10,5.546625234757025e-10,5.546677285215147e-10,5.546729332814766e-10,5.546781377534287e-10,5.546833419396261e-10,5.54688545839331e-10,5.546937494525816e-10,5.546989527790772e-10
11,1.749763727492495e-24,2.414410100218619e-24,2.9703159704241676e-24,3.4846307131592026e-24,3.973413554384771e-24,4.4457322841712606e-24,4.9073937513452154e-24,5.362154772578076e-24,5.812447744558395e-24,6.259847643200332e-24,6.70537426921726e-24,7.149687946253897e-24,7.593216235615827e-24,8.036235984380095e-24,8.478926451761497e-24,8.921403708576383e-24,9.363742910985379e-24,9.805992722800301e-24,1.024818465396976e-23,1.0690339107268468e-23,1.1132469293535819e-23,1.1574583766912487e-23,1.2016688065998366e-23,1.2458785777319359e-23,1.2900879223017826e-23,1.334296990671287e-23,1.3785058802003575e-23,1.4227146539297545e-23,1.4669233526785815e-23,1.5111320028772664e-23,1.5553406216396218e-23,1.5995492200468922e-23,1.6437578052741152e-23,1.6879663819672814e-23,1.7321749531346201e-23,1.776383520723958e-23,1.8205920859965415e-23,1.8648006497690287e-23,1.909009212570146e-23,1.9532177747423654e-23,1.9974263365073057e-23,2.0416348980086338e-23,2.0858434593391752e-23,2.1300520205591757e-23,2.1742605817076034e-23,2.2184691428096302e-23,2.2626777038816986e-23,2.3068862649343246e-23,2.3510948259743226e-23,2.3953033870062155e-23,2.4395119480328282e-23,2.4837205090560292e-23,2.5279290700770154e-23,2.5721376310965433e-23,2.616346192115153e-23,2.6605547531331324e-23,2.7047633141507545e-23,2.7489718751681075e-23,2.7931804361853024e-23,2.837388997202407e-23,2.881597558219421e-23,2.9258061192364226e-23,2.970014680253363e-23,3.014223241270273e-23,3.058431802287213e-23,3.102640363304163e-23,3.146848924321085e-23,3.191057485337933e-23,3.2352660463548777e-23,3.279474607371841e-23,3.3236831683887843e-23,3.3678917294056494e-23,3.412100290422516e-23,3.4563088514394685e-23,3.5005174124563924e-23,3.5447259734732875e-23,3.588934534490187e-23,3.633143095507109e-23,3.6773516565239817e-23,3.7215602175408656e-23,3.7657687785577836e-23,3.809977339574752e-23,3.854185900591651e-23,3.8983944616085525e-23,3.9426030226253876e-23,3.9868115836423086e-23,4.0310201446591655e-23,4.075228705676049e-23,4.119437266692966e-23,4.163645827709828e-23,4.2078543887267195e-23,4.252062949743634e-23,4.296271510760528e-23,4.3404800717774e-23,4.384688632794435e-23,4.428897193811295e-23,4.473105754828186e-23,4.517314315845038e-23,4.5615228768620203e-23,4.605731437878902e-23,4.649939998895805e-23,4.69414855991272e-23,4.738357120929654e-23,4.782565681946508e-23,4.8267742429634404e-23,4.870982803980235e-23,4.915191364997228e-23,4.959399926014142e-23,5.003608487030996e-23,5.0478170480478595e-23,5.092025609064728e-23,5.136234170081747e-23,5.18044273109856e-23,5.224651292115491e-23,5.2688598531324215e-23,5.31306841414926e-23,5.357276975166329e-23,5.401485536183123e-23,5.445694097199973e-23,5.489902658216895e-23,5.5341112192337e-23,5.578319780250582e-23,5.622528341267418e-23,5.666736902284403e-23,5.710945463301229e-23,5.755154024318126e-23,5.799362585334967e-23,5.843571146351875e-23,5.887779707368715e-23,5.931988268385554e-23,5.976196829402458e-23,6.020405390419367e-23,6.064613951436137e-23,6.108822512453138e-23,6.15303107347002e-23,6.19723963448695e-23,6.241448195503816e-23,6.285656756520682e-23,6.329865317537611e-23,6.374073878554522e-23,6.4182824395714e-23,6.462491000588188e-23,6.506699561605157e-23,6.550908122622064e-23,6.595116683638995e-23,6.639325244655785e-23,6.683533805672672e-23,6.727742366689516e-23,6.771950927706343e-23,6.816159488723385e-23,6.860368049740228e-23,6.904576610757019e-23,6.948785171773868e-23,6.992993732790811e-23,7.037202293807642e-23,7.081410854824552e-23,7.125619415841434e-23,7.169827976858365e-23,7.214036537875205e-23,7.25824509889211e-23,7.302453659908876e-23,7.346662220925728e-23,7.390870781942741e-23,7.435079342959571e-23,7.479287903976409e-23,7.523496464993368e-23,7.567705026010248e-23,7.611913587027151e-23,7.656122148043982e-23,7.700330709060922e-23,7.744539270077694e-23,7.788747831094664e-23,7.832956392111456e-23,7.877164953128321e-23,7.921373514145263e-23,7.965582075162218e-23,8.009790636178968e-23,8.053999197195828e-23,8.098207758212654e-23,8.142416319229537e-23,8.18662488024636e-23,8.230833441263294e-23,8.275042002280067e-23,8.319250563296965e-23,8.363459124313875e-23,8.407667685330657e-23,8.451876246347403e-23,8.496084807364218e-23,8.540293368381184e-23,8.584501929398118e-23,8.628710490414996e-23,8.67291905143186e-23,8.717127612448719e-23,8.761336173465496e-23,8.805544734482442e-23,8.84975329549913e-23,8.89396185651594e-23,8.938170417532841e-23,8.982378978549716e-23,9.026587539566546e-23,9.070796100583435e-23,9.115004661600362e-23,9.159213222617162e-23,9.203421783634093e-23,9.247630344650902e-23,9.291838905667832e-23,9.336047466684671e-23,9.38025602770148e-23,9.424464588718373e-23,9.468673149735292e-23,9.512881710752175e-23,9.557090271768994e-23,9.601298832785851e-23,9.645507393802654e-23,9.689715954819768e-23,9.733924515836575e-23,9.778133076853293e-23,9.82234163787023e-23,9.86655019888716e-23,9.910758759904081e-23,9.954967320920905e-23,9.999175881937862e-23,1.0043384442954544e-22,1.0087593003971383e-22,1.0131801564988333e-22,1.017601012600517e-22,1.0220218687022076e-22,1.026442724803888e-22,1.0308635809055629e-22,1.0352844370072475e-22,1.0397052931089244e-22,1.0441261492106229e-22,1.0485470053123021e-22,1.0529678614139666e-22,1.0573887175156575e-22,1.0618095736173441e-22,1.066230429719021e-22,1.0706512858207042e-22,1.075072141922388e-22,1.0794929980240888e-22,1.0839138541257604e-22,1.08833471022746e-22,1.092755566329134e-22,1.0971764224308294e-22,1.1015972785325104e-22,1.1060181346342006e-22,1.1104389907358978e-22,1.1148598468375675e-22,1.119280702939257e-22,1.1237015590409316e-22,1.128122415142618e-22,1.1325432712443072e-22,1.1369641273459948e-22,1.1413849834476708e-22,1.145805839549353e-22,1.1502266956510471e-22,1.1546475517527281e-22,1.159068407854406e-22,1.1634892639561019e-22,1.1679101200577843e-22,1.172330976159465e-22,1.1767518322611401e-22,1.1811726883628105e-22,1.1855935444644965e-22,1.1900144005661749e-22,1.1944352566678751e-22,1.1988561127695524e-22,1.2032769688712442e-22,1.2076978249729202e-22,1.2121186810746045e-22,1.2165395371762996e-22,1.220960393277986e-22,1.2253812493796712e-22,1.2298021054813477e-22,1.234222961583047e-22,1.2386438176847102e-22,1.2430646737864145e-22,1.247485529888088e-22,1.2519063859897525e-22,1.2563272420914306e-22,1.26074809819311e-22,1.2651689542947905e-22,1.2695898103964654e-22,1.27401066649814e-22,1.278431522599822e-22,1.282852378701504e-22,1.2872732348031613e-22,1.291694090904834e-22,1.296114947006527e-22,1.3005358031082013e-22,1.3049566592099e-22,1.3093775153115846e-22,1.3137983714132553e-22,1.3182192275149348e-22,1.3226400836166175e-22,1.3270609397183039e-22,1.331481795819959e-22,1.3359026519216332e-22,1.3403235080233342e-22,1.34474436412502e-22,1.3491652202266938e-22,1.3535860763283677e-22,1.3580069324300473e-22,1.3624277885317144e-22,1.3668486446333836e-22,1.3712695007350707e-22,1.3756903568367268e-22,1.380111212938416e-22,1.3845320690400808e-22,1.3889529251417517e-22,1.3933737812434092e-22,1.3977946373451043e-22,1.4022154934467718e-22,1.4066363495484446e-22,1.4110572056501298e-22,1.415478061751789e-22,1.419898917853445e-22,1.4243197739551418e-22,1.428740630056809e-22,1.4331614861584776e-22,1.4375823422601382e-22,1.4420031983618439e-22,1.4464240544635006e-22,1.450844910565193e-22,1.4552657666668487e-22,1.4596866227685391e-22,1.4641074788702227e-22,1.468528334971895e-22,1.4729491910735793e-22,1.4773700471752725e-22,1.4817909032769514e-22,1.4862117593786197e-22,1.4906326154803009e-22,1.4950534715819877e-22,1.4994743276836577e-22,1.5038951837853415e-22,1.508316039887036e-22,1.5127368959887166e-22,1.5171577520903878e-22,1.5215786081920744e-22,1.525999464293764e-22,1.5304203203954194e-22,1.534841176497123e-22,1.5392620325988066e-22,1.5436828887004948e-22,1.5481037448021733e-22,1.5525246009038498e-22,1.5569454570055284e-22,1.5613663131071861e-22,1.565787169208886e-22,1.5702080253105636e-22,1.5746288814122608e-22,1.5790497375139489e-22,1.5834705936156064e-22,1.5878914497172744e-22,1.5923123058189759e-22,1.596733161920652e-22,1.6011540180223197e-22,1.605574874124007e-22,1.6099957302256902e-22,1.6144165863273526e-22,1.6188374424290228e-22,1.6232582985306852e-22,1.6276791546323765e-22,1.6321000107340483e-22,1.6365208668357098e-22,1.6409417229373877e-22,1.64536257903906e-22,1.6497834351407351e-22,1.654204291242432e-22,1.6586251473441032e-22,1.6630460034457685e-22,1.6674668595474311e-22,1.6718877156491e-22,1.6763085717507806e-22,1.6807294278524367e-22,1.6851502839541132e-22,1.6895711400557848e-22,1.6939919961574707e-22,1.698412852259122e-22,1.702833708360809e-22,1.7072545644624702e-22,1.7116754205641547e-22,1.7160962766658343e-22,1.720517132767528e-22,1.7249379888692116e-22,1.7293588449708759e-22,1.7337797010725366e-22,1.7382005571742125e-22,1.742621413275884e-22,1.7470422693775479e-22,1.7514631254792432e-22,1.7558839815808845e-22,1.7603048376825784e-22,1.7647256937842443e-22,1.7691465498859152e-22,1.7735674059875967e-22,1.7779882620893066e-22,1.7824091181909568e-22,1.7868299742926293e-22,1.7912508303943218e-22,1.7956716864959971e-22,1.8000925425976584e-22,1.804513398699358e-22,1.8089342548010366e-22,1.813355110902703e-22,1.8177759670043703e-22,1.822196823106053e-22,1.8266176792077485e-22,1.83103853530943e-22,1.835459391411114e-22,1.8398802475127746e-22,1.8443011036144483e-22,1.8487219597161455e-22,1.8531428158178074e-22,1.8575636719195028e-22,1.861984528021209e-22,1.8664053841228457e-22,1.8708262402245048e-22,1.8752470963261712e-22,1.8796679524278708e-22,1.884088808529556e-22,1.8885096646312358e-22,1.892930520732898e-22,1.8973513768345473e-22,1.9017722329362264e-22,1.9061930890379064e-22,1.9106139451395874e-22,1.9150348012412933e-22,1.9194556573429668e-22,1.9238765134446193e-22,1.9282973695463104e-22,1.932718225648001e-22,1.937139081749685e-22,1.9415599378513464e-22,1.9459807939530233e-22,1.9504016500547008e-22,1.9548225061563522e-22,1.9592433622580216e-22,1.963664218359688e-22,1.9680850744613639e-22,1.9725059305630688e-22,1.976926786664723e-22,1.981347642766384e-22,1.985768498868032e-22,1.990189354969723e-22,1.994610211071358e-22,1.9990310671730506e-22,2.003451923274709e-22,2.0078727793764098e-22,2.0122936354780663e-22,2.0167144915797504e-22,2.021135347681403e-22,2.0255562037831124e-22,2.0299770598847531e-22,2.0343979159864522e-22,2.0388187720881457e-22,2.0432396281898314e-22,2.0476604842914722e-22,2.052081340393152e-22,2.056502196494819e-22,2.0609230525965e-22,2.0653439086981985e-22,2.069764764799871e-22,2.0741856209015494e-22,2.078606477003207e-22,2.0830273331048879e-22,2.087448189206538e-22,2.0918690453082491e-22,2.0962899014099273e-22,2.1007107575116356e-22,2.1051316136132794e-22,2.1095524697149489e-22,2.1139733258166416e-22,2.1183941819183106e-22,2.122815038020008e-22,2.1272358941216434e-22,2.131656750223365e-22,2.1360776063250177e-22,2.1404984624266867e-22,2.144919318528387e-22,2.149340174630034e-22,2.153761030731723e-22,2.1581818868333866e-22,2.1626027429350627e-22,2.1670235990367557e-22,2.171444455138437e-22,2.1758653112400885e-22,2.180286167341788e-22,2.1847070234434857e-22,2.1891278795451204e-22,2.1935487356467918e-22,2.19796959174847e-22,2.2023904478501645e-22,2.206811303951849e-22,2.211232160053534e-22,2.2156530161551833e-22,2.2200738722568617e-22,2.224494728358533e-22,2.228915584460243e-22,2.233336440561896e-22,2.237757296663565e-22,2.242178152765243e-22,2.246599008866923e-22,2.2510198649685767e-22,2.2554407210702523e-22,2.259861577171948e-22,2.264282433273662e-22,2.2687032893753237e-22,2.273124145477012e-22,2.277545001578657e-22,2.281965857680393e-22,2.286386713782033e-22,2.2908075698837035e-22,2.2952284259853847e-22,2.299649282087046e-22,2.30407013818872e-22,2.308490994290421e-22,2.3129118503920894e-22,2.317332706493788e-22,2.321753562595476e-22,2.3261744186971105e-22,2.3305952747987837e-22,2.335016130900437e-22,2.339436987002115e-22,2.3438578431038034e-22,2.348278699205484e-22,2.3526995553071917e-22,2.357120411408841e-22,2.361541267510524e-22,2.365962123612237e-22,2.3703829797139316e-22,2.37480383581557e-22,2.3792246919172367e-22,2.383645548018936e-22,2.3880664041206043e-22,2.3924872602222785e-22,2.3969081163239438e-22,2.4013289724256128e-22,2.4057498285272907e-22,2.41017068462895e-22,2.4145915407306433e-22,2.419012396832323e-22,2.423433252934016e-22,2.4278541090357184e-22,2.4322749651374006e-22,2.436695821239035e-22,2.441116677340724e-22,2.445537533442411e-22,2.4499583895440747e-22,2.4543792456457456e-22,2.4588001017474075e-22,2.4632209578491174e-22,2.4676418139507996e-22,2.4720626700524517e-22,2.476483526154139e-22,2.4809043822558066e-22,2.4853252383574794e-22,2.489746094459166e-22,2.4941669505608357e-22,2.4985878066625287e-22,2.5030086627641803e-22,2.5074295188658756e-22,2.5118503749675893e-22,2.5162712310692677e-22,2.5206920871709437e-22,2.5251129432726123e-22,2.529533799374256e-22,2.5339546554759757e-22,2.5383755115776226e-22,2.5427963676792765e-22,2.547217223780969e-22,2.5516380798826643e-22,2.556058935984316e-22,2.5604797920859746e-22,2.564900648187662e-22,2.569321504289355e-22,2.573742360391024e-22,2.5781632164926614e-22,2.582584072594374e-22,2.587004928696044e-22,2.5914257847977164e-22,2.595846640899389e-22,2.6002674970010826e-22,2.6046883531027506e-22,2.609109209204461e-22,2.6135300653061263e-22,2.617950921407803e-22,2.6223717775094647e-22,2.626792633611158e-22,2.6312134897128747e-22,2.635634345814532e-22,2.6400552019162174e-22,2.644476058017874e-22,2.6488969141195803e-22,2.6533177702212333e-22,2.6577386263229103e-22,2.6621594824245694e-22,2.6665803385262727e-22,2.6710011946279347e-22,2.6754220507295825e-22,2.679842906831256e-22,2.684263762932953e-22,2.6886846190346483e-22,2.69310547513634e-22,2.697526331237983e-22,2.7019471873396765e-22,2.706368043441392e-22,2.7107888995430483e-22,2.7152097556446966e-22,2.719630611746362e-22,2.7240514678480727e-22,2.7284723239497365e-22,2.7328931800513862e-22,2.737314036153046e-22,2.741734892254796e-22,2.746155748356427e-22,2.7505766044581144e-22,2.7549974605598102e-22,2.759418316661486e-22,2.763839172763138e-22,2.7682600288648614e-22,2.772680884966542e-22,2.7771017410682004e-22,2.7815225971698426e-22,2.785943453271504e-22,2.7903643093732276e-22,2.794785165474897e-22,2.7992060215765454e-22,2.803626877678262e-22,2.8080477337799205e-22,2.812468589881609e-22,2.816889445983267e-22,2.821310302084998e-22,2.825731158186625e-22,2.8301520142883464e-22,2.8345728703900003e-22,2.838993726491737e-22,2.843414582593398e-22,2.847835438695083e-22,2.8522562947967083e-22,2.8566771508983764e-22,2.861098007000045e-22,2.8655188631017026e-22,2.8699397192033946e-22,2.8743605753050707e-22,2.878781431406773e-22,2.883202287508427e-22,2.8876231436101247e-22,2.8920439997117815e-22,2.8964648558134425e-22,2.9008857119151073e-22,2.9053065680168e-22,2.9097274241185e-22,2.9141482802201965e-22,2.918569136321841e-22,2.9229899924235383e-22,2.9274108485251843e-22,2.931831704626859e-22,2.936252560728533e-22,2.9406734168302293e-22,2.9450942729318983e-22,2.9495151290335664e-22,2.9539359851352034e-22,2.9583568412369086e-22,2.9627776973386355e-22,2.967198553440285e-22,2.971619409541936e-22,2.976040265643597e-22,2.980461121745284e-22,2.9848819778469917e-22,2.9893028339486617e-22,2.9937236900503923e-22,2.998144546152001e-22,3.002565402253715e-22,3.0069862583553838e-22,3.0114071144570476e-22,3.01582797055871e-22,3.0202488266603964e-22,3.0246696827621007e-22,3.029090538863746e-22,3.033511394965476e-22,3.0379322510671326e-22,3.0423531071688105e-22,3.046773963270495e-22,3.051194819372131e-22,3.055615675473821e-22,3.060036531575536e-22,3.0644573876771654e-22,3.0688782437788316e-22,3.073299099880508e-22,3.077719955982237e-22,3.082140812083912e-22,3.0865616681856176e-22,3.090982524287314e-22,3.0954033803889843e-22,3.0998242364906584e-22,3.104245092592314e-22,3.108665948693965e-22,3.1130868047956443e-22,3.117507660897291e-22,3.1219285169989785e-22,3.1263493731006706e-22,3.1307702292023226e-22,3.1351910853039973e-22,3.139611941405686e-22,3.1440327975073527e-22,3.148453653609044e-22,3.152874509710719e-22,3.1572953658124424e-22,3.161716221914065e-22,3.166137078015756e-22,3.170557934117408e-22,3.1749787902191005e-22,3.179399646320801e-22,3.183820502422465e-22,3.1882413585241503e-22,3.1926622146257953e-22,3.197083070727481e-22,3.201503926829182e-22,3.205924782930861e-22,3.2103456390325344e-22,3.214766495134226e-22,3.219187351235878e-22,3.2236082073375587e-22,3.2280290634392306e-22,3.2324499195409047e-22,3.2368707756425404e-22,3.2412916317442804e-22,3.245712487845917e-22,3.2501333439475925e-22,3.2545542000492652e-22,3.2589750561509286e-22,3.2633959122526545e-22,3.2678167683543235e-22,3.2722376244559925e-22,3.2766584805577015e-22,3.281079336659322e-22,3.285500192761015e-22,3.2899210488626995e-22,3.294341904964408e-22,3.2987627610660916e-22,3.303183617167737e-22,3.307604473269442e-22,3.312025329371117e-22,3.316446185472795e-22,3.320867041574456e-22,3.3252878976761493e-22,3.3297087537778056e-22,3.3341296098794384e-22,3.338550465981142e-22,3.342971322082847e-22,3.347392178184542e-22,3.3518130342861765e-22,3.356233890387842e-22,3.3606547464895606e-22,3.3650756025912385e-22,3.3694964586929047e-22,3.3739173147945497e-22,3.378338170896213e-22,3.3827590269978886e-22,3.387179883099563e-22,3.3916007392012873e-22,3.3960215953029497e-22,3.400442451404638e-22,3.404863307506294e-22,3.409284163607914e-22,3.413705019709621e-22,3.4181258758112806e-22,3.4225467319129905e-22,3.4269675880146534e-22,3.431388444116347e-22,3.4358093002180445e-22,3.4402301563197394e-22,3.444651012421456e-22,3.4490718685230816e-22,3.4534927246247247e-22,3.457913580726386e-22,3.462334436828107e-22,3.466755292929772e-22,3.47117614903143e-22,3.4755970051331153e-22,3.4800178612347947e-22,3.484438717336536e-22,3.488859573438203e-22,3.4932804295398214e-22,3.4977012856415605e-22,3.5021221417432394e-22,3.5065429978448505e-22,3.510963853946535e-22,3.5153847100481664e-22,3.5198055661498655e-22,3.5242264222515204e-22,3.5286472783532383e-22,3.533068134454916e-22,3.5374889905565937e-22,3.5419098466582716e-22,3.546330702759969e-22,3.55075155886163e-22,3.5551724149633426e-22,3.559593271065013e-22,3.56401412716672e-22,3.5684349832683665e-22,3.5728558393700355e-22,3.5772766954716707e-22,3.581697551573418e-22,3.586118407675102e-22,3.5905392637767534e-22,3.5949601198784134e-22,3.5993809759801144e-22,3.603801832081833e-22,3.608222688183458e-22,3.6126435442851336e-22,3.617064400386799e-22,3.621485256488483e-22,3.625906112590174e-22,3.630326968691844e-22,3.6347478247935684e-22,3.639168680895212e-22,3.6435895369968387e-22,3.6480103930985655e-22,3.6524312492001974e-22,3.6568521053018636e-22,3.6612729614035514e-22,3.6656938175052514e-22,3.6701146736069594e-22,3.674535529708646e-22,3.6789563858103186e-22,3.683377241912023e-22,3.6877980980136778e-22,3.6922189541154098e-22,3.6966398102170026e-22,3.701060666318652e-22,3.70548152242034e-22,3.709902378522028e-22,3.7143232346236443e-22,3.7187440907253725e-22,3.723164946827082e-22,3.727585802928724e-22,3.732006659030447e-22,3.7364275151320767e-22,3.7408483712337293e-22,3.745269227335468e-22,3.749690083437144e-22,3.754110939538769e-22,3.758531795640471e-22,3.762952651742107e-22,3.7673735078438387e-22,3.771794363945492e-22,3.776215220047203e-22,3.780636076148823e-22,3.7850569322505058e-22,3.7894777883522105e-22,3.793898644453842e-22,3.79831950055559e-22,3.802740356657216e-22,3.807161212758903e-22,3.811582068860629e-22,3.8160029249622616e-22,3.820423781063985e-22,3.8248446371657144e-22,3.8292654932673965e-22,3.8336863493690176e-22,3.838107205470665e-22,3.842528061572348e-22,3.8469489176739775e-22,3.8513697737757067e-22,3.8557906298774068e-22,3.86021148597903e-22,3.864632342080756e-22,3.8690531981824123e-22,3.8734740542840945e-22,3.877894910385772e-22,3.882315766487422e-22,3.8867366225890724e-22,3.8911574786908095e-22,3.89557833479247e-22,3.899999190894162e-22,3.904420046995781e-22,3.908840903097475e-22,3.9132617591990934e-22,3.917682615300807e-22,3.922103471402482e-22,3.9265243275041643e-22,3.9309451836058475e-22,3.935366039707541e-22,3.9397868958092715e-22,3.9442077519109565e-22,3.9486286080126133e-22,3.953049464114239e-22,3.957470320215945e-22,3.961891176317584e-22,3.9663120324192907e-22,3.9707328885209235e-22,3.9751537446226254e-22,3.979574600724329e-22,3.98399545682595e-22,3.9884163129276817e-22,3.9928371690293437e-22,3.997258025130969e-22,4.001678881232715e-22,4.0060997373343474e-22,4.0105205934360582e-22,4.01494144953771e-22,4.0193623056394066e-22,4.0237831617410765e-22,4.028204017842729e-22,4.0326248739443647e-22,4.0370457300460746e-22,4.041466586147727e-22,4.0458874422494516e-22,4.050308298351109e-22,4.0547291544528094e-22,4.05915001055443e-22,4.063570866656166e-22,4.0679917227579146e-22,4.0724125788595625e-22,4.0768334349612174e-22,4.0812542910628755e-22,4.085675147164634e-22,4.090096003266292e-22,4.094516859367927e-22,4.098937715469624e-22,4.1033585715713245e-22,4.107779427672955e-22,4.1122002837746737e-22,4.1166211398763225e-22,4.1210419959779986e-22,4.1254628520796986e-22,4.12988370818133e-22,4.1343045642830545e-22,4.138725420384729e-22,4.1431462764863896e-22,4.14756713258803e-22,4.1519879886897855e-22,4.156408844791389e-22,4.16082970089314e-22,4.1652505569947445e-22,4.1696714130964713e-22,4.174092269198145e-22,4.1785131252997952e-22,4.1829339814014953e-22,4.187354837503157e-22,4.191775693604779e-22,4.1961965497065427e-22,4.200617405808215e-22,4.205038261909866e-22,4.2094591180115083e-22,4.213879974113214e-22,4.218300830214906e-22,4.2227216863165196e-22,4.227142542418236e-22,4.231563398519872e-22,4.235984254621578e-22,4.24040511072328e-22,4.244825966824955e-22,4.249246822926614e-22,4.253667679028303e-22,4.25808853513001e-22,4.262509391231664e-22,4.266930247333334e-22,4.271351103435012e-22,4.275771959536703e-22,4.280192815638388e-22,4.284613671740012e-22,4.289034527841733e-22,4.293455383943392e-22,4.297876240045084e-22,4.30229709614677e-22,4.306717952248457e-22,4.311138808350072e-22,4.315559664451766e-22,4.319980520553481e-22,4.324401376655123e-22,4.328822232756781e-22,4.333243088858498e-22,4.337663944960191e-22,4.3420848010618035e-22,4.346505657163498e-22,4.350926513265146e-22,4.355347369366902e-22,4.3597682254686065e-22,4.364189081570174e-22,4.368609937671866e-22,4.373030793773544e-22,4.377451649875267e-22,4.381872505976939e-22,4.3862933620785885e-22,4.39071421818024e-22,4.395135074282023e-22,4.399555930383706e-22,4.403976786485353e-22,4.408397642586994e-22,4.412818498688653e-22,4.417239354790331e-22,4.421660210892069e-22,4.42608106699372e-22,4.430501923095406e-22,4.43492277919706e-22,4.439343635298774e-22,1.4213650733329901e-15,1.9785413218515107e-15,2.5346589668623036e-15,3.1958563777479738e-15,3.9938545230898285e-15,4.9612480681398465e-15,6.139058062769989e-15,7.579889011609769e-15,9.351780953887666e-15,1.1543502707015316e-14,1.4271944499375385e-14,1.7692568466563013e-14,2.2014371731280677e-14,2.7521606667983563e-14,3.4605779651088746e-14,4.3813551714404246e-14,5.5919695787809386e-14,7.204032664286938e-14,9.381227050403952e-14,1.2368363676147333e-13,1.653962163946698e-13,2.248082254882008e-13,3.113398617458722e-13,4.405981086000094e-13,6.393202157403294e-13,9.550713773913184e-13,1.4761570148754068e-12,2.3746644499452967e-12,4.00509111318304e-12,7.1460865528931025e-12,1.3642321937768716e-11,2.82877264757415e-11,6.512856705818921e-11,1.7257553965601614e-10,5.556761802596872e-10,2.2613036493740116e-09,1.0674159083256241e-08,4.66032451437817e-08,1.590015401612901e-07,4.1236657554069956e-07,8.485733577724144e-07,1.4635762635578932e-06,2.2163703449277565e-06,3.051690141187968e-06,3.917245068686971e-06,4.770915502155523e-06,5.581567698736171e-06,6.327632034867861e-06,6.995513856075511e-06,7.5783058633265826e-06,8.07466341580665e-06,8.487678579228795e-06,8.823728001022296e-06,9.091369319593423e-06,9.300372733185378e-06,9.460920919880553e-06,9.582940512768614e-06,9.675502144873191e-06,9.746283254359337e-06,9.801188101022315e-06,9.844250851833735e-06,9.877855136012764e-06,9.903168522637958e-06,9.920627814612223e-06,9.930344847485518e-06,9.932377705107717e-06,9.926873581315325e-06,9.914118160465118e-06,9.894529679459443e-06,9.868627271370769e-06,9.836992344116202e-06,9.800232932382805e-06,9.758955139316348e-06,9.713742481022609e-06,9.665142348613137e-06,9.613658213029282e-06,9.55974613326024e-06,9.503814300519225e-06,9.446224599089414e-06,9.387295411150837e-06,9.327305105455864e-06,9.266495819584294e-06,9.20507727446305e-06,9.143230454560336e-06,9.081111054428918e-06,9.018852639501632e-06,8.956569499295495e-06,8.894359194009698e-06,8.832304805937825e-06,8.770476916144445e-06,8.708935330157345e-06,8.64773057758204e-06,8.586905210836632e-06,8.526494926556013e-06,8.466529531789131e-06,8.407033775074545e-06,8.348028060267106e-06,8.289529059237734e-06,8.231550237358614e-06,8.17410230412252e-06,8.11719359950188e-06,8.060830425424405e-06,8.005017329879699e-06,7.949757351096333e-06,7.895052227171779e-06,7.84090257637302e-06,7.78730805231247e-06,7.734267477648352e-06,7.681778959527696e-06,7.629839989251174e-06,7.578447528607095e-06,7.527598084561578e-06,7.4772877741575815e-06,7.427512381025358e-06,7.3782674044165895e-06,7.329548102085272e-06,7.281349527707561e-06,7.233666563668584e-06,7.186493949751269e-06,7.139826308222327e-06,7.0936581661760164e-06,7.047983974853449e-06,7.002798126819272e-06,6.95809497120278e-06,6.913868826978369e-06,6.870113994761829e-06,6.826824767299716e-06,6.783995438661376e-06,6.741620312436419e-06,6.69969370887091e-06,6.658209971328347e-06,6.617163471901836e-06,6.576548616375868e-06,6.536359848596305e-06,6.496591654347758e-06,6.457238564714601e-06,6.418295159069141e-06,6.3797560676055035e-06,6.341615973542913e-06,6.3038696152942155e-06,6.266511787771802e-06,6.229537343975309e-06,6.192941196211033e-06,6.156718316949393e-06,6.120863739805477e-06,6.085372559959002e-06,6.050239934743861e-06,6.0154610840349e-06,5.981031290387081e-06,5.946945899213399e-06,5.913200318768936e-06,5.87979002010583e-06,5.846710536995593e-06,5.813957465423651e-06,5.781526463723969e-06,5.749413251905516e-06,5.717613611399511e-06,5.686123384575117e-06,5.654938474262808e-06,5.624054843231484e-06,5.593468513634828e-06,5.563175566427612e-06,5.533172140760817e-06,5.503454433332244e-06,5.474018697754826e-06,5.444861243886303e-06,5.415978437150554e-06,5.387366697837138e-06,5.359022500437785e-06,5.330942372812856e-06,5.303122895636296e-06,5.275560701618241e-06,5.2482524746926514e-06,5.221194949417551e-06,5.194384910152578e-06,5.167819190469073e-06,5.141494672240718e-06,5.115408285036682e-06,5.089557005380977e-06,5.063937856030055e-06,5.038547905268029e-06,5.0133842661915426e-06,4.988444096007687e-06,4.9637245953704295e-06,4.939223007642533e-06,4.914936618239649e-06,4.890862753961381e-06,4.866998782313047e-06,4.843342110812713e-06,4.819890186480366e-06,4.796640494987263e-06,4.7735905601582e-06,4.750737943302698e-06,4.728080242596494e-06,4.7056150924975976e-06,4.683340163116017e-06,4.661253159614977e-06,4.639351821648632e-06,4.6176339227805464e-06,4.596097269900644e-06,4.574739702713156e-06,4.55355909309923e-06,4.532553344677348e-06,4.511720392211238e-06,4.491058201095842e-06,4.470564766849288e-06,4.45023811460001e-06,4.430076298597324e-06,4.4100774017010316e-06,4.390239534927682e-06,4.3705608369624725e-06,4.351039473682359e-06,4.331673637722133e-06,4.312461548008673e-06,4.293401449323095e-06,4.274491611866943e-06,4.25573033083643e-06,4.237115925997074e-06,4.218646741282014e-06,4.2003211443789124e-06,4.182137526336387e-06,4.164094301172578e-06,4.146189905491734e-06,4.128422798107841e-06,4.110791459674394e-06,4.093294392321416e-06,4.075930119292693e-06,4.05869718461898e-06,4.041594152738173e-06,4.024619608181471e-06,4.007772155235679e-06,3.9910504176170735e-06,3.974453038152023e-06,3.957978678462367e-06,3.941626018656695e-06,3.9253937570282e-06,3.909280609756953e-06,3.893285310617596e-06,3.877406610692908e-06,3.861643278092098e-06,3.845994097674278e-06,3.830457870775832e-06,3.815033414949026e-06,3.7997195636924055e-06,3.7845151661986005e-06,3.7694190871010842e-06,3.754430206227875e-06,3.7395474183540282e-06,3.724769632968498e-06,3.710095774029702e-06,3.6955247797501445e-06,3.681055602354765e-06,3.6666872078679553e-06,3.652418575895583e-06,3.6382486994034735e-06,3.6241765845132636e-06,3.6102012502931516e-06,3.5963217285562946e-06,3.582537063658955e-06,3.568846312308087e-06,3.555248543365448e-06,3.541742837661476e-06,3.528328287807658e-06,3.5150039980146906e-06,3.5017690839140107e-06,3.488622672382208e-06,3.4755639013660894e-06,3.462591919715373e-06,3.449705887014201e-06,3.4369049734187322e-06,3.4241883594948028e-06,3.4115552360600105e-06,3.3990048040288335e-06,3.3865362742595307e-06,3.374148867404337e-06,3.3618418137617826e-06,3.34961435313201e-06,3.3374657346743698e-06,3.3253952167673364e-06,3.3134020668715338e-06,3.301485561393735e-06,3.2896449855551656e-06,3.2778796332600236e-06,3.2661888069677796e-06,3.254571817567056e-06,3.243027984250661e-06,3.231556634396321e-06,3.220157103443951e-06,3.2088287347798945e-06,3.1975708796201586e-06,3.1863828968973453e-06,3.175264153148921e-06,3.1642140224056927e-06,3.153231886086264e-06,3.1423171328887144e-06,3.1314691586865115e-06,3.1206873664266426e-06,3.1099711660274753e-06,3.0993199742803094e-06,3.088733214748986e-06,3.078210317679074e-06,3.0677507198984328e-06,3.057353864725466e-06,3.047019201880406e-06,3.036746187391631e-06,3.0265342835085964e-06,3.0163829586159537e-06,3.0062916871468136e-06,2.996259949498704e-06,2.986287231951186e-06,2.9763730265838795e-06,2.9665168311965244e-06,2.9567181492298476e-06,2.9469764896894413e-06,2.9372913670669808e-06,2.927662301266795e-06,2.918088817531516e-06,2.908570446369655e-06,2.899106723483192e-06,2.889697189698964e-06,2.880341390896795e-06,2.871038877943343e-06,2.8617892066241492e-06,2.85259193757771e-06,2.8434466362304247e-06,2.8343528727326836e-06,2.825310221895391e-06,2.8163182631294316e-06,2.8073765803824466e-06,2.7984847620803707e-06,2.789642401067782e-06,2.7808490945493217e-06,2.7721044440330408e-06,2.7634080552734254e-06,2.7547595382160644e-06,2.7461585069427325e-06,2.737604579617807e-06,2.7290973784350635e-06,2.7206365295651426e-06,2.712221663104506e-06,2.7038524130245095e-06,2.6955284171216436e-06,2.687249316968376e-06,2.679014757864957e-06,2.670824388791196e-06,2.66267786236e-06,2.6545748347709363e-06,2.646514965764773e-06,2.6384979185783622e-06,2.6305233599011717e-06,2.622590959830737e-06,2.6147003918303726e-06,2.606851332686603e-06,2.599043462468243e-06,2.5912764644843553e-06,2.583550025244515e-06,2.5758638344188113e-06,2.5682175847987102e-06,2.5606109722576463e-06,2.5530436957152496e-06,2.545515457096301e-06,2.538025961296376e-06,2.5305749161448473e-06,2.5231620323683456e-06,2.515787023555813e-06,2.5084496061235924e-06,2.5011494992806645e-06,2.493886424995656e-06,2.486660107962097e-06,2.4794702755669704e-06,2.472316657856657e-06,2.4651989875062626e-06,2.4581169997874914e-06,2.451070432537613e-06,2.444059026128731e-06,2.4370825234376583e-06,2.4301406698162156e-06,2.4232332130615654e-06,2.4163599033871353e-06,2.4095204933953565e-06,2.402714738047469e-06,2.395942394637013e-06,2.389203222762259e-06,2.3824969842991192e-06,2.3758234433744845e-06,2.3691823663402704e-06,2.36257352174653e-06,2.3559966803173657e-06,2.349451614924859e-06,2.3429381005640945e-06,2.3364559143292467e-06,2.3300048353890583e-06,2.3235846449628006e-06,2.3171951262972877e-06,2.310836064643264e-06,2.304507247232634e-06,2.298208463255888e-06,2.2919395038400185e-06,2.2857001620261788e-06,2.2794902327482804e-06,2.273309512811651e-06,2.2671578008715803e-06,2.261034897413022e-06,2.2549406047296436e-06,2.2488747269037945e-06,2.2428370697863905e-06,2.236827440977178e-06,2.230845649805397e-06,2.224891507310413e-06,2.21896482622282e-06,2.2130654209458313e-06,2.2071931075365953e-06,2.201347703688222e-06,2.195529028711545e-06,2.1897369035176e-06,2.183971150599942e-06,2.178231594017475e-06,2.1725180593773065e-06,2.1668303738177867e-06,2.1611683659923623e-06,2.1555318660524264e-06,2.1499207056317557e-06,2.1443347178299847e-06,2.1387737371974473e-06,2.133237599718899e-06,2.127726142798643e-06,2.1222392052451555e-06,2.1167766272559766e-06,2.1113382504030997e-06,2.10592391761811e-06,2.100533473178015e-06,2.0951667626907602e-06,2.089823633081289e-06,2.084503932577626e-06,2.0792075106970444e-06,2.0739342182325626e-06,2.0686839072396667e-06,2.063456431022948e-06,2.0582516441231804e-06,2.0530694023042886e-06,2.04790956254068e-06,2.0427719830046712e-06,2.0376565230540906e-06,2.032563043219923e-06,2.0274914051943603e-06,2.0224414718185956e-06,2.0174131070711793e-06,2.012406176056311e-06,2.007420544992309e-06,2.0024560812001447e-06,1.9975126530922694e-06,1.9925901301614985e-06,1.9876883829698837e-06,1.9828072831379793e-06,1.9779467033342916e-06,1.973106517264324e-06,1.96828659966029e-06,1.9634868262708356e-06,1.9587070738507583e-06,1.9539472201510232e-06,1.949207143908239e-06,1.944486724836084e-06,1.939785843613995e-06,1.9351043818785502e-06,1.9304422222136635e-06,1.9257992481412373e-06,1.9211753441118815e-06,1.916570395495636e-06,1.911984288573064e-06,1.907416910526229e-06,1.9028681494297417e-06,1.8983378942422412e-06,1.893826034797337e-06,1.8893324617953557e-06,1.884857066795235e-06,1.8803997422053963e-06,1.875960381275827e-06,1.871538878090146e-06,1.867135127557328e-06,1.8627490254037497e-06,1.8583804681652442e-06,1.8540293531794941e-06,1.8496955785779402e-06,1.845379043278946e-06,1.8410796469793642e-06,1.836797290147567e-06,1.8325318740161047e-06,1.8282833005742681e-06,1.8240514725609852e-06,1.8198362934576364e-06,1.815637667481307e-06,1.8114554995774338e-06,1.8072896954130756e-06,1.8031401613703447e-06,1.7990068045393416e-06,1.7948895327116723e-06,1.7907882543740009e-06,1.78670287870121e-06,1.7826333155504204e-06,1.7785794754543063e-06,1.7745412696149777e-06,1.7705186098975706e-06,1.7665114088244776e-06,1.762519579568866e-06,1.7585430359487454e-06,1.7545816924212962e-06,1.7506354640766346e-06,1.7467042666324494e-06,1.742788016427726e-06,1.7388866304174617e-06,1.7350000261667175e-06,1.7311281218453847e-06,1.7272708362223697e-06,1.7234280886603049e-06,1.7195997991105419e-06,1.7157858881069277e-06,1.7119862767612792e-06,1.708200886757934e-06,1.7044296403484775e-06,1.7006724603469662e-06,1.6969292701245171e-06,1.693199993604485e-06,1.689484555257567e-06,1.6857828800968376e-06,1.6820948936729183e-06,1.6784205220692289e-06,1.6747596918971678e-06,1.6711123302916131e-06,1.667478364906103e-06,1.663857723908294e-06,1.6602503359754874e-06,1.6566561302901023e-06,1.6530750365351952e-06,1.6495069848901732e-06,1.6459519060263745e-06,1.6424097311026292e-06,1.638880391761244e-06,1.6353638201236847e-06,1.631859948786421e-06,1.628368710816726e-06,1.6248900397486474e-06,1.621423869579028e-06,1.6179701347633525e-06,1.614528770211924e-06,1.6110997112858804e-06,1.6076828937933287e-06,1.6042782539855197e-06,1.6008857285530125e-06,1.5975052546219604e-06,1.5941367697503138e-06,1.5907802119243312e-06,1.5874355195546677e-06,1.5841026314729007e-06,1.5807814869279508e-06,1.5774720255825291e-06,1.5741741875096535e-06,1.570887913189178e-06,1.5676131435043594e-06,1.564349819738204e-06,1.5610978835710402e-06,1.5578572770758942e-06,1.5546279427159515e-06,1.5514098233410847e-06,1.5482028621848483e-06,1.5450070028610512e-06,1.5418221893607934e-06,1.5386483660489736e-06,1.5354854776614784e-06,1.532333469302106e-06,1.5291922864393834e-06,1.5260618749036781e-06,1.5229421808840502e-06,1.5198331509256817e-06,1.516734731926501e-06,1.513646871134435e-06,1.5105695161446503e-06,1.5075026148966156e-06,1.5044461156713086e-06,1.5013999670884484e-06,1.498364118103746e-06,1.4953385180061324e-06,1.4923231164150848e-06,1.4893178632779352e-06,1.486322708867221e-06,1.483337603778087e-06,1.4803624989256005e-06,1.4773973455422811e-06,1.4744420951755077e-06,1.471496699684961e-06,1.4685611112401602e-06,1.4656352823179574e-06,1.4627191657000706e-06,1.4598127144707328e-06,1.456915882014157e-06,1.4540286220122858e-06,1.4511508884423466e-06,1.4482826355744088e-06,1.445423817969343e-06,1.4425743904762841e-06,1.4397343082305252e-06,1.4369035266509754e-06,1.4340820014382815e-06,1.4312696885724523e-06,1.428466544310662e-06,1.4256725251850682e-06,1.422887588000722e-06,1.4201116898333586e-06,1.4173447880273412e-06,1.4145868401936725e-06,1.4118378042075763e-06,1.409097638206867e-06,1.40636630058973e-06,1.403643750012648e-06,1.4009299453884628e-06,1.3982248458844403e-06,1.3955284109202424e-06,1.3928406001660525e-06,1.3901613735405828e-06,1.3874906912092227e-06,1.3848285135821326e-06,1.3821748013123396e-06,1.3795295152939222e-06,1.3768926166602243e-06,1.3742640667819279e-06,1.3716438272653049e-06,1.369031859950406e-06,1.3664281269093406e-06,1.363832590444496e-06,1.3612452130867656e-06,1.3586659575938405e-06,1.3560947869485305e-06,1.3535316643570425e-06,1.3509765532473358e-06,1.3484294172674299e-06,1.3458902202837516e-06,1.3433589263795322e-06,1.340835499853144e-06,1.3383199052165195e-06,1.3358121071936037e-06,1.3333120707187862e-06,1.3308197609351796e-06,1.3283351431932791e-06,1.3258581830492864e-06,1.3233888462636857e-06,1.3209270987996325e-06,1.3184729068215291e-06,1.3160262366935996e-06,1.3135870549782494e-06,1.311155328434873e-06,1.3087310240181237e-06,1.3063141088766283e-06,1.3039045503516226e-06,1.301502315975421e-06,1.2991073734701303e-06,1.2967196907462043e-06,1.2943392359010975e-06,1.2919659772179244e-06,1.289599883164095e-06,1.2872409223899798e-06,1.2848890637276036e-06,1.2825442761893708e-06,1.2802065289665904e-06,1.2778757914284268e-06,1.2755520331204996e-06,1.2732352237636308e-06,1.270925333252609e-06,1.2686223316549202e-06,1.2663261892095226e-06,1.2640368763256529e-06,1.2617543635815483e-06,1.259478621723272e-06,1.2572096216636163e-06,1.2549473344807592e-06,1.2526917314172345e-06,1.2504427838786656e-06,1.248200463432648e-06,1.2459647418076554e-06,1.2437355908918098e-06,1.2415129827318508e-06,1.239296889531975e-06,1.2370872836527858e-06,1.2348841376100863e-06,1.2326874240739225e-06,1.2304971158673994e-06,1.2283131859656904e-06,1.226135607494908e-06,1.2239643537311557e-06,1.2217993980993604e-06,1.219640714172336e-06,1.217488275669728e-06,1.2153420564569865e-06,1.2132020305443983e-06,1.2110681720860102e-06,1.2089404553787212e-06,1.206818854861244e-06,1.2047033451131581e-06,1.2025939008539424e-06,1.2004904969420074e-06,1.1983931083737948e-06,1.1963017102826593e-06,1.1942162779381476e-06,1.1921367867449875e-06,1.1900632122421701e-06,1.187995530101969e-06,1.1859337161292247e-06,1.1838777462601826e-06,1.181827596561821e-06,1.1797832432308542e-06,1.1777446625928756e-06,1.1757118311015413e-06,1.173684725337636e-06,1.171663322008256e-06,1.1696475979459782e-06,1.1676375301079707e-06,1.1656330955733822e-06,1.1636342715491987e-06,1.1616410353605052e-06,1.159653364454413e-06,1.157671236398715e-06,1.1556946288809469e-06,1.1537235197075695e-06,1.151757886803184e-06,1.1497977082097183e-06,1.1478429620856543e-06,1.1458936267052744e-06,1.1439496804578772e-06,1.1420111018470272e-06,1.1400778694898226e-06,1.1381499621161074e-06,1.1362273585677195e-06,1.1343100377978857e-06,1.132397978870334e-06,1.1304911609585632e-06,1.128589563345344e-06,1.1266931654217303e-06,1.124801946686528e-06,1.122915886745571e-06,1.1210349653109416e-06,1.1191591622003511e-06,1.1172884573364595e-06,1.1154228307461631e-06,1.1135622625599296e-06,1.1117067330111404e-06,1.1098562224354242e-06,1.1080107112699892e-06,1.1061701800529655e-06,1.1043346094227756e-06,1.102503980117497e-06,1.100678272974151e-06,1.098857468928166e-06,1.097041549012701e-06,1.0952304943580186e-06,1.0934242861908793e-06,1.0916229058339175e-06,1.0898263347050196e-06,1.0880345543167408e-06,1.0862475462757255e-06,1.0844652922820724e-06,1.0826877741287123e-06,1.0809149737008932e-06,1.0791468729755763e-06,1.0773834540208283e-06,1.0756246989952624e-06,1.0738705901474609e-06,1.0721211098154718e-06,1.0703762404261399e-06,1.0686359644946527e-06,1.0669002646239001e-06,1.0651691235039813e-06,1.0634425239116699e-06,1.0617204487097962e-06,1.0600028808468065e-06,1.0582898033561806e-06,1.056581199355916e-06,1.0548770520479874e-06,1.0531773447178159e-06,1.0514820607338136e-06,1.0497911835467987e-06,1.0481046966895306e-06,1.0464225837761798e-06,1.0447448285018582e-06,1.0430714146420693e-06,1.0414023260522995e-06,1.0397375466674455e-06,1.0380770605012888e-06,1.0364208516461668e-06,1.0347689042723659e-06,1.0331212026276854e-06,1.0314777310369696e-06,1.0298384739016234e-06,1.0282034156991513e-06,1.0265725409827011e-06,1.0249458343806076e-06,1.0233232805959133e-06,1.0217048644059263e-06,1.0200905706618003e-06,1.01848038428805e-06,1.016874290282129e-06,1.015272273713974e-06,1.0136743197255793e-06,1.012080413530573e-06,1.0104905404137416e-06,1.008904685730662e-06,1.0073228349072607e-06,1.0057449734393636e-06,1.0041710868923255e-06,1.002601160900524e-06,1.001035181167092e-06,9.994731334633888e-07,9.979150036286326e-07,9.96360777569441e-07,9.94810441259636e-07,9.932639807395448e-07,9.917213821158227e-07,9.90182631560981e-07,9.886477153130245e-07,9.871166196750305e-07,9.85589331014809e-07,9.84065835764477e-07,9.825461204201177e-07,9.810301715413933e-07,9.79517975751152e-07,9.780095197350947e-07,9.76504790241366e-07,9.750037740802082e-07,9.735064581235823e-07,9.720128293048766e-07,9.70522874618471e-07,9.690365811193914e-07,9.675539359229971e-07,9.660749262045822e-07,9.645995391990688e-07,9.63127762200633e-07,9.616595825623818e-07,9.601949876960178e-07,9.58733965071466e-07,9.572765022165588e-07,9.558225867167072e-07,9.54372206214573e-07,9.529253484097337e-07,9.514820010583414e-07,9.500421519728228e-07,9.48605789021524e-07,9.471729001284263e-07,9.457434732728233e-07,9.443174964889785e-07,9.428949578658393e-07,9.414758455467158e-07,9.400601477289244e-07,9.386478526635858e-07,9.372389486552254e-07,9.358334240615402e-07,9.344312672930159e-07,9.330324668127103e-07,9.316370111359011e-07,9.302448888298181e-07,9.288560885133591e-07,9.274705988567587e-07,9.260884085813334e-07,9.247095064591672e-07,9.233338813128752e-07,9.219615220152669e-07,9.205924174890879e-07,9.192265567067545e-07,9.178639286900368e-07,9.16504522509831e-07,9.151483272858458e-07,9.137953321863488e-07,9.124455264278924e-07,9.11098899275068e-07,9.097554400401883e-07,9.084151380830709e-07,9.070779828107657e-07,9.05743963677256e-07,9.044130701832463e-07,9.030852918758817e-07,9.017606183484809e-07,9.004390392403382e-07,8.991205442363828e-07,8.978051230669876e-07,8.964927655077192e-07,8.951834613790802e-07,8.938772005462295e-07,8.925739729187943e-07,8.912737684505971e-07,8.899765771393934e-07,8.886823890266916e-07,8.873911941974604e-07,8.861029827799203e-07,8.84817744945282e-07,8.835354709075426e-07,8.82256150923246e-07,8.809797752912263e-07,8.797063343524035e-07,8.784358184895792e-07,8.771682181271422e-07,8.759035237309244e-07,8.746417258079079e-07,8.733828149060531e-07,8.721267816140456e-07,8.708736165610883e-07,8.696233104167069e-07,8.683758538904769e-07,8.671312377318681e-07,8.658894527300027e-07,8.646504897134551e-07,8.634143395500165e-07,8.621809931465175e-07,8.609504414485981e-07,8.597226754405155e-07,8.584976861449254e-07,8.572754646226866e-07,8.560560019726591e-07,8.548392893314929e-07,8.536253178734465e-07,8.524140788101686e-07,8.512055633905035e-07,8.499997629002986e-07,8.48796668662235e-07,8.475962720355786e-07,8.463985644160134e-07,8.45203537235488e-07,8.440111819619649e-07,8.428214900992676e-07,8.416344531868659e-07,8.404500627997365e-07,8.392683105481391e-07,8.380891880774302e-07,8.369126870678841e-07,8.357387992345115e-07,8.345675163269226e-07,8.333988301290839e-07,8.32232732459148e-07,8.310692151693175e-07,8.299082701456282e-07,8.287498893077961e-07,8.27594064609033e-07,8.264407880358868e-07,8.252900516080348e-07,8.241418473781555e-07,8.229961674317328e-07,8.21853003886903e-07,8.207123488942593e-07,8.195741946367159e-07,8.18438533329324e-07,8.173053572191137e-07,8.161746585849429e-07,8.150464297372967e-07,8.139206630181617e-07,8.127973508008584e-07,8.116764854898689e-07,8.105580595206842e-07,8.094420653596474e-07,8.083284955037901e-07,8.072173424807108e-07,8.061085988483572e-07,8.050022571949265e-07,8.03898310138688e-07,8.027967503278337e-07,8.016975704403299e-07,8.006007631837695e-07,7.995063212952084e-07,7.984142375410234e-07,7.973245047167993e-07,7.962371156471211e-07,7.951520631854574e-07,7.940693402140189e-07,7.929889396436528e-07,7.919108544136125e-07,7.908350774914587e-07,7.897616018729432e-07,7.88690420581827e-07,7.876215266697646e-07,7.865549132161715e-07,7.854905733280749e-07,7.844285001399476e-07,7.833686868136221e-07,7.823111265381089e-07,7.812558125295117e-07,7.802027380308396e-07,7.791518963119277e-07,7.781032806692484e-07,7.77056884425827e-07,7.760127009310801e-07,7.749707235607093e-07,7.739309457165461e-07,7.728933608264391e-07,7.718579623441252e-07,7.708247437491037e-07,7.697936985465132e-07,7.687648202669824e-07,7.677381024665296e-07,7.66713538726427e-07,7.656911226531038e-07,7.646708478779701e-07,7.63652708057342e-07,7.62636696872301e-07,7.616228080285808e-07,7.606110352564312e-07,7.596013723105277e-07,1.0999951572640826e-06,1.371843739900936e-06,1.6351331519839972e-06,1.8922833780157674e-06,2.142802034734558e-06,2.3861246215892268e-06,2.6217638551085302e-06,2.8493177036401726e-06,3.068468534084974e-06,3.2789804295187085e-06,3.4806952597609514e-06,3.6735277619398215e-06,3.857459871169962e-06,4.032534529994451e-06,4.198849189824376e-06,4.356549193252907e-06,4.505821201106186e-06,4.646886801067951e-06,4.779996406018573e-06,4.905423525417662e-06,5.023459468111584e-06,5.1344085139668426e-06,5.23858357247288e-06,5.336302332655067e-06,5.42788389437627e-06,5.513645861930184e-06,5.593901875238302e-06,5.668959546586811e-06,5.7391187697926895e-06,5.8046703660391295e-06,5.865895031142293e-06,5.92306254866501e-06,5.976431236356643e-06,6.026247593631419e-06,6.0727461212906765e-06,6.116149286553361e-06,6.15666760924998e-06,6.1944998475398e-06,6.229833263914792e-06,6.262843954675699e-06,6.293697228179892e-06,6.322548019290702e-06,6.3495413291542034e-06,6.374812681185896e-06,6.398488585632293e-06,6.4206870063316895e-06,6.441517824450702e-06,6.4610832950483765e-06,6.479478493077448e-06,6.496791746291226e-06,6.513105053011541e-06,6.528494483462006e-06,6.543030563590674e-06,6.556778640797253e-06,6.569799231363525e-06,6.582148349460953e-06,6.593877817956565e-06,6.60503556132642e-06,6.615665881161401e-06,6.625809714779587e-06,6.635504877605778e-06,6.644786290019263e-06,6.6536861892544895e-06,6.662234327263379e-06,6.670458155083498e-06,6.678382994642367e-06,6.686032198510462e-06,6.693427298454851e-06,6.700588143414524e-06,6.7075330275682695e-06,6.7142788091247924e-06,6.720841020438474e-06,6.727233970035879e-06,6.73347083708276e-06,6.73956375880737e-06,6.7455239114621014e-06,6.751361584990156e-06,6.757086252309185e-06,6.762706633129824e-06,6.768230753007757e-06,6.773665997848258e-06,6.779019164253947e-06,6.784296505921676e-06,6.789503776541386e-06,6.794646269330511e-06,6.799728853476972e-06,6.8047560077991254e-06,6.809731851731966e-06,6.814660173937955e-06,6.819544458582359e-06,6.824387909648731e-06,6.829193473316043e-06,6.833963858518596e-06,6.838701555943558e-06,6.843408855507558e-06,6.848087862441558e-06,6.852740512112432e-06,6.857368583682269e-06,6.861973712585388e-06,6.866557402202484e-06,6.871121034420577e-06,6.875665879454272e-06,6.8801931048016804e-06,6.8847037836188425e-06,6.889198902271691e-06,6.89367936738337e-06,6.898146012261604e-06,6.90259960286801e-06,6.9070408432577624e-06,6.911470380566258e-06,6.915888809679316e-06,6.920296677498259e-06,6.924694486687079e-06,6.9290826994597715e-06,6.933461740765632e-06,6.9378320013283085e-06,6.942193840473855e-06,6.946547588624906e-06,6.9508935497284035e-06,6.955232003371981e-06,6.959563206782793e-06,6.963887396659043e-06,6.968204790841381e-06,6.9725155898512235e-06,6.976819978327829e-06,6.981118126311827e-06,6.985410190434015e-06,6.98969631507506e-06,6.993976633207932e-06,6.998251267552983e-06,7.002520331202259e-06,7.006783928616717e-06,7.011042156212721e-06,7.01529510303353e-06,7.019542851369729e-06,7.023785477313319e-06,7.028023051261032e-06,7.032255638396055e-06,7.036483299107532e-06,7.040706089390454e-06,7.044924061189087e-06,7.049137262760193e-06,7.053345738953786e-06,7.057549531502073e-06,7.061748679277895e-06,7.065943218524882e-06,7.070133183073502e-06,7.074318604546892e-06,7.078499512528507e-06,7.082675934757499e-06,7.086847897250169e-06,7.091015424447271e-06,7.095178539359169e-06,7.099337263665085e-06,7.103491617843204e-06,7.107641621248869e-06,7.111787292204993e-06,7.115928648113141e-06,7.120065705488466e-06,7.12419848008663e-06,7.12832698691363e-06,7.132451240285915e-06,7.136571253951411e-06,7.14068704106055e-06,7.14479861425294e-06,7.1489059856905735e-06,7.1530091670714e-06,7.157108169757533e-06,7.161203004660928e-06,7.165293682406765e-06,7.1693802132689995e-06,7.173462607244468e-06,7.177540874027521e-06,7.181615023165928e-06,7.185685063876986e-06,7.189751005202853e-06,7.193812855987954e-06,7.197870624902477e-06,7.2019243204478235e-06,7.205973950962537e-06,7.210019524652596e-06,7.2140610495906e-06,7.218098533723618e-06,7.222131984882056e-06,7.226161410792972e-06,7.230186819085722e-06,7.23420821729424e-06,7.238225612867509e-06,7.242239013174945e-06,7.24624842550924e-06,7.250253857091928e-06,7.2542553150836826e-06,7.258252806562049e-06,7.262246338582055e-06,7.266235918128421e-06,7.270221552113094e-06,7.274203247421124e-06,7.27818101086792e-06,7.282154849267879e-06,7.286124769353783e-06,7.290090777835322e-06,7.294052881362244e-06,7.2980110865812925e-06,7.3019654000809564e-06,7.305915828421215e-06,7.3098623781317e-06,7.313805055705176e-06,7.317743867615603e-06,7.3216788202987125e-06,7.325609920161868e-06,7.329537173587861e-06,7.333460586932446e-06,7.33738016652418e-06,7.3412959186719836e-06,7.345207849656373e-06,7.349115965731887e-06,7.353020273133244e-06,7.3569207780053384e-06,7.360817486671308e-06,7.364710405229437e-06,7.36859953982391e-06,7.372484896578125e-06,7.376366481592598e-06,7.380244300955816e-06,7.384118360724105e-06,7.387988666924833e-06,7.39185522560817e-06,7.395718042777491e-06,7.399577124409195e-06,7.40343247645173e-06,7.407284104873742e-06,7.41113201561092e-06,7.4149762145609015e-06,7.4188167076147195e-06,7.422653500646605e-06,7.4264865995175585e-06,7.430316010053068e-06,7.434141738070378e-06,7.4379637893936285e-06,7.44178216977443e-06,7.4455968850305905e-06,7.449407940890149e-06,7.453215343083222e-06,7.457019097335426e-06,7.460819209342208e-06,7.464615684789636e-06,7.468408529328949e-06,7.472197748647368e-06,7.475983348360717e-06,7.4797653340900775e-06,7.483543711419533e-06,7.487318485972603e-06,7.491089663304043e-06,7.494857248965425e-06,7.498621248496824e-06,7.502381667456268e-06,7.506138511280767e-06,7.509891785502772e-06,7.513641495606463e-06,7.517387647039323e-06,7.521130245245357e-06,7.524869295654049e-06,7.528604803693297e-06,7.532336774757886e-06,7.536065214233392e-06,7.539790127490694e-06,7.543511519886008e-06,7.547229396757283e-06,7.550943763433933e-06,7.554654625252704e-06,7.558361987491847e-06,7.562065855385307e-06,7.5657662342562814e-06,7.569463129330041e-06,7.573156545879867e-06,7.57684648906848e-06,7.580532964141059e-06,7.584215976289158e-06,7.587895530707897e-06,7.591571632555098e-06,7.595244286971833e-06,7.598913499109466e-06,7.602579274103425e-06,7.606241617040552e-06,7.609900533029654e-06,7.613556027154758e-06,7.6172081044699155e-06,7.620856770062676e-06,7.624502028972873e-06,7.6281438862017565e-06,7.63178234674577e-06,7.635417415667957e-06,7.639049097974768e-06,7.642677398557009e-06,7.646302322414096e-06,7.649923874516307e-06,7.653542059778927e-06,7.657156883107721e-06,7.660768349425913e-06,7.664376463635135e-06,7.667981230619678e-06,7.671582655249894e-06,7.675180742375344e-06,7.678775496846835e-06,7.682366923495423e-06,7.685955027138318e-06,7.689539812595359e-06,7.693121284641285e-06,7.69669944806658e-06,7.700274307643146e-06,7.703845868122625e-06,7.707414134249655e-06,7.710979110759308e-06,7.714540802367973e-06,7.718099213781779e-06,7.721654349677534e-06,7.725206214769463e-06,7.728754813728757e-06,7.732300151202547e-06,7.735842231837491e-06,7.739381060268195e-06,7.742916641118525e-06,7.74644897900285e-06,7.749978078512568e-06,7.753503944238238e-06,7.757026580758794e-06,7.760545992616118e-06,7.76406218438115e-06,7.767575160593347e-06,7.771084925781628e-06,7.774591484462948e-06,7.778094841142627e-06,7.781595000315094e-06,7.785091966478115e-06,7.788585744088533e-06,7.792076337607806e-06,7.79556375148281e-06,7.799047990160403e-06,7.802529058065423e-06,7.806006959597853e-06,7.80948169918042e-06,7.812953281229629e-06,7.816421710009396e-06,7.819886989954051e-06,7.82334912547669e-06,7.826808120933675e-06,7.830263980624818e-06,7.83371670890739e-06,7.837166310073783e-06,7.840612788432303e-06,7.844056148278121e-06,7.847496393867872e-06,7.850933529533048e-06,7.854367559509824e-06,7.857798488038623e-06,7.861226319378282e-06,7.864651057719976e-06,7.868072707369405e-06,7.871491272443844e-06,7.87490675722314e-06,7.878319165876165e-06,7.881728502588325e-06,7.885134771517614e-06,7.88853797681926e-06,7.891938122649992e-06,7.89533521315021e-06,7.898729252449961e-06,7.902120244674127e-06,7.905508193923959e-06,7.908893104304248e-06,7.912274979905313e-06,7.915653824807715e-06,7.919029643081313e-06,7.92240243878317e-06,7.925772215973703e-06,7.929138978693249e-06,7.932502730946961e-06,7.935863476803604e-06,7.939221220248064e-06,7.942575965286645e-06,7.945927715910438e-06,7.949276476103745e-06,7.952622249843199e-06,7.955965041093311e-06,7.959304853808528e-06,7.962641691934592e-06,7.96597555942298e-06,7.969306460171624e-06,7.97263439811558e-06,7.975959377155663e-06,7.979281401195564e-06,7.982600474126188e-06,7.985916599828643e-06,7.98922978217489e-06,7.992540025027822e-06,7.995847332244432e-06,7.999151707658118e-06,8.002453155113217e-06,8.00575167843658e-06,8.009047281446083e-06,8.012339967950734e-06,8.015629741750668e-06,8.018916606637186e-06,8.02220056639279e-06,8.02548162481671e-06,8.02875978564802e-06,8.032035052643016e-06,8.035307429549286e-06,8.038576920105796e-06,8.041843528015702e-06,8.045107257028225e-06,8.048368110856546e-06,8.051626093205297e-06,8.054881207775418e-06,8.058133458258462e-06,8.061382848306798e-06,8.064629381619774e-06,8.067873061847453e-06,8.07111389264659e-06,8.074351877652878e-06,8.077587020513595e-06,8.080819324880204e-06,8.084048794337561e-06,8.087275432512637e-06,8.090499243012344e-06,8.093720229424115e-06,8.096938395343246e-06,8.100153744348648e-06,8.103366280011255e-06,8.106576005896537e-06,8.109782925560591e-06,8.1129870425515e-06,8.116188360410343e-06,8.119386882668302e-06,8.122582612849784e-06,8.125775554470059e-06,8.128965711037724e-06,8.132153086056555e-06,8.135337683017363e-06,8.138519505405446e-06,8.141698556698713e-06,8.144874840372088e-06,8.148048359882156e-06,8.151219118683388e-06,8.154387120222656e-06,8.157552367939366e-06,8.160714865257638e-06,8.163874615595716e-06,8.167031622393262e-06,8.170185889048208e-06,8.173337418961972e-06,8.176486215528533e-06,8.179632282134321e-06,8.182775622158538e-06,8.185916238973778e-06,8.18905413594276e-06,8.192189316423182e-06,8.19532178376485e-06,8.198451541311e-06,8.201578592395806e-06,8.204702940347157e-06,8.207824588487613e-06,8.210943540126877e-06,8.214059798573412e-06,8.217173367126367e-06,8.220284249077608e-06,8.223392447712808e-06,8.226497966309327e-06,8.229600808138251e-06,8.232700976462743e-06,8.23579847454042e-06,8.238893305620835e-06,8.241985472944763e-06,8.245074979753793e-06,8.248161829273597e-06,8.251246024724508e-06,8.254327569323414e-06,8.257406466281737e-06,8.260482718794472e-06,8.263556330052635e-06,8.266627303258671e-06,8.269695641594184e-06,8.272761348219586e-06,8.275824426307871e-06,8.278884879023423e-06,8.28194270951948e-06,8.284997920930093e-06,8.28805051641106e-06,8.291100499107406e-06,8.294147872133057e-06,8.297192638610137e-06,8.300234801657831e-06,8.30327436437793e-06,8.306311329880036e-06,8.309345701255812e-06,8.312377481643663e-06,8.315406674033945e-06,8.318433281544973e-06,8.321457307249039e-06,8.32447875419812e-06,8.327497625458211e-06,8.330513924079928e-06,8.33352765310759e-06,8.3365388155792e-06,8.339547414526487e-06,8.342553452974946e-06,8.345556933943816e-06,8.348557860446123e-06,8.3515562354887e-06,8.354552062070405e-06,8.357545343180695e-06,8.360536081814549e-06,8.363524280953337e-06,8.36650994357835e-06,8.369493072660688e-06,8.372473671159239e-06,8.375451742032572e-06,8.378427288234222e-06,8.381400312708429e-06,8.384370818396087e-06,8.387338808195988e-06,8.390304285083471e-06,8.393267251982572e-06,8.396227711789028e-06,8.399185667429766e-06,8.402141121794677e-06,8.405094077790202e-06,8.408044538295435e-06,8.41099250623221e-06,8.413937984430032e-06,8.416880975785302e-06,8.419821483175004e-06,8.422759509462431e-06,8.425695057503467e-06,8.428628130150205e-06,8.431558730250318e-06,8.434486860653558e-06,8.437412524189036e-06,8.440335723654083e-06,8.443256461912886e-06,8.446174741745518e-06,8.449090566032365e-06,8.45200393752818e-06,8.454914859050584e-06,8.457823333395875e-06,8.460729363317647e-06,8.463632951695715e-06,8.466534101219344e-06,8.469432814771119e-06,8.472329094921014e-06,8.475222944597041e-06,8.47811436650817e-06,8.48100336340936e-06,8.483889938055977e-06,8.486774093175966e-06,8.489655831567696e-06,8.492535155857248e-06,8.495412068821963e-06,8.498286573186755e-06,8.50115867166036e-06,8.504028366952862e-06,8.506895661764361e-06,8.509760558799362e-06,8.512623060751997e-06,8.515483170311204e-06,8.518340890161021e-06,8.521196222977591e-06,8.524049171439583e-06,8.526899738213642e-06,8.529747925922105e-06,8.532593737297092e-06,8.53543717495716e-06,8.538278241554858e-06,8.541116939722364e-06,8.543953272102888e-06,8.546787241328244e-06,8.549618850026703e-06,8.552448100818914e-06,8.555274996323747e-06,8.558099539153094e-06,8.560921731915114e-06,8.563741577212558e-06,8.566559077643546e-06,8.56937423579287e-06,8.572187054256236e-06,8.57499753562237e-06,8.57780568246402e-06,8.580611497368279e-06,8.583414982874113e-06,8.586216141559649e-06,8.589014975983558e-06,8.591811488712716e-06,8.594605682296155e-06,8.597397559223314e-06,8.60018712209132e-06,8.60297437342949e-06,8.605759315765564e-06,8.608541951600558e-06,8.611322283471748e-06,8.61410031389025e-06,8.616876045371252e-06,8.619649480424633e-06,8.622420621546367e-06,8.62518947123799e-06,8.627956032003755e-06,8.630720306282963e-06,8.633482296609193e-06,8.636242005451116e-06,8.63899943526752e-06,8.64175458854989e-06,8.644507467747327e-06,8.647258075325901e-06,8.650006413745606e-06,8.652752485438754e-06,8.655496292881312e-06,8.658237838500944e-06,8.660977124727884e-06,8.663714154020468e-06,8.666448928775608e-06,8.669181451432155e-06,8.671911724409074e-06,8.674639750126457e-06,8.677365530989764e-06,8.680089069407093e-06,8.68281036778758e-06,8.685529428519709e-06,8.688246254004754e-06,8.69096084662991e-06,8.693673208755202e-06,8.69638334281067e-06,8.699091251148387e-06,8.701796936139896e-06,8.704500400158596e-06,8.707201645575859e-06,8.70990067472532e-06,8.712597489974821e-06,8.715292093678865e-06,8.717984488182053e-06,8.720674675826631e-06,8.723362658951675e-06,8.726048439890116e-06,8.728732020964295e-06,8.731413404511886e-06,8.734092592855927e-06,8.736769588313748e-06,8.739444393192814e-06,8.74211700980466e-06,8.7447874404533e-06,8.747455687457733e-06,8.750121753081966e-06,8.752785639644412e-06,8.755447349399608e-06,8.758106884669638e-06,8.760764247727465e-06,8.763419440844603e-06,8.766072466294886e-06,8.76872332634714e-06,8.77137202326617e-06,8.77401855931281e-06,8.77666293674392e-06,8.779305157812404e-06,8.78194522476595e-06,8.78458313984703e-06,8.7872189052924e-06,8.789852523368452e-06,8.792483996275695e-06,8.795113326255577e-06,8.797740515539925e-06,8.800365566325965e-06,8.80298848082673e-06,8.805609261230808e-06,8.80822790978265e-06,8.81084442885678e-06,8.81345882041263e-06,8.816071086765299e-06,8.818681230001448e-06,8.82128925244338e-06,8.82389515625898e-06,8.826498943592942e-06,8.829100616637282e-06,8.831700177565653e-06,8.834297628548386e-06,8.836892971751454e-06,8.83948620934372e-06,8.842077343475575e-06,8.844666376314482e-06,8.847253310014385e-06,8.849838146711797e-06,8.852420888572781e-06,8.855001537726993e-06,8.857580096312523e-06,8.860156566453351e-06,8.862730950312873e-06,8.865303249972246e-06,8.867873467607964e-06,8.870441605328023e-06,8.873007665242706e-06,8.875571649464463e-06,8.878133560103414e-06,8.880693399273336e-06,8.883251169063461e-06,8.885806871581384e-06,8.88836050891965e-06,8.8909120831746e-06,8.893461596424501e-06,8.896009050764894e-06,8.89855444827958e-06,8.90109779104601e-06,8.903639081138373e-06,8.906178320648077e-06,8.90871551159492e-06,8.911250656073471e-06,8.913783756120985e-06,8.916314813775885e-06,8.918843831159907e-06,8.921370810326104e-06,8.923895753285386e-06,8.926418662079077e-06,8.928939538777507e-06,8.931458385380419e-06,8.933975203938482e-06,8.93648999649912e-06,8.939002765067098e-06,8.941513511654138e-06,8.944022238308787e-06,8.946528947107472e-06,8.94903363991844e-06,8.951536318827329e-06,8.954036985843071e-06,8.956535642965745e-06,8.95903229219752e-06,8.961526935539848e-06,8.9640195749981e-06,8.966510212537206e-06,8.968998850154341e-06,8.971485489831963e-06,8.973970133553503e-06,8.976452783296804e-06,8.978933441036484e-06,8.981412108735918e-06,8.983888788402978e-06,8.986363481946109e-06,8.988836191352933e-06,8.991306918579436e-06,8.993775665575236e-06,8.99624243428811e-06,8.998707226697662e-06,9.001170044735734e-06,9.003630890325403e-06,9.006089765444223e-06,9.008546671993317e-06,9.011001611918661e-06,9.013454587147366e-06,9.015905599609085e-06,9.01835465123571e-06,9.020801743938844e-06,9.023246879647635e-06,9.02569006026567e-06,9.028131287702685e-06,9.030570563874686e-06,9.03300789068525e-06,9.03544327003775e-06,9.037876703821136e-06,9.040308193952614e-06,9.042737742311928e-06,9.045165350795704e-06,9.047591021292116e-06,9.050014755672812e-06,9.052436555829246e-06,9.054856423640032e-06,9.057274360980923e-06,9.059690369724648e-06,9.062104451741021e-06,9.064516608896878e-06,9.066926843056145e-06,9.069335156079756e-06,9.071741549825781e-06,9.07414602614932e-06,9.076548586902585e-06,9.078949233934892e-06,9.081347969092639e-06,9.083744794219324e-06,9.086139711155574e-06,9.088532721739158e-06,9.090923827804941e-06,9.093313031184952e-06,9.095700333708335e-06,9.098085737201408e-06,9.10046924348765e-06,9.102850854387708e-06,9.105230571719358e-06,9.107608397297608e-06,9.109984332934969e-06,9.112358380440455e-06,9.114730541620664e-06,9.117100818279322e-06,9.119469212217418e-06,9.121835725233167e-06,9.124200359122017e-06,9.12656311567662e-06,9.128923996686877e-06,9.131283003939954e-06,9.133640139220249e-06,9.135995404309415e-06,9.138348800986401e-06,9.140700331027408e-06,9.143049996205928e-06,9.145397798302797e-06,9.147743739075627e-06,9.150087820239674e-06,9.152430043646757e-06,9.154770411017288e-06,9.157108924108181e-06,9.159445584673285e-06,9.161780394461376e-06,9.164113355225613e-06,9.166444468720712e-06,9.168773736686778e-06,9.171101160864044e-06,9.173426743032877e-06,9.17575048482387e-06,9.17807238803631e-06,9.18039245440035e-06,9.18271068564375e-06,9.185027083508655e-06,9.187341649698992e-06,9.1896543859351e-06,9.191965293938266e-06,9.194274375417504e-06,9.19658163208863e-06,9.198887065661246e-06,9.201190677877768e-06,9.203492470376593e-06,9.205792444866644e-06,9.208090603099913e-06,9.21038694674578e-06,9.212681477500784e-06,9.214974197057283e-06,9.217265107105158e-06,9.219554209331662e-06,9.221841505421633e-06,9.22412699705787e-06,9.226410685922e-06,9.228692573687407e-06,9.230972662025988e-06,9.23325095257277e-06,9.235527447103384e-06,9.237802147229966e-06,9.240075054561481e-06,9.242346170805729e-06,9.244615497583791e-06,9.246883036659384e-06,9.24914878961315e-06,9.25141275813588e-06,9.253674943819026e-06,9.255935348362892e-06,9.25819397336689e-06,9.26045082058594e-06,9.262705891571963e-06,9.264959187878343e-06,9.267210711224864e-06,9.269460463245804e-06,9.271708445572037e-06,9.273954659762537e-06,9.27619910750395e-06,9.27844179045613e-06,9.280682710286544e-06,9.282921868557543e-06,9.285159266840625e-06,9.287394906787632e-06,9.289628789985683e-06,9.291860918054722e-06,9.294091292614279e-06,9.29631991528816e-06,9.298546787627847e-06,9.300771911261929e-06,9.302995287788641e-06,9.30521691880394e-06,9.307436805901453e-06,9.309654950672538e-06,9.311871354712345e-06,9.314086019601457e-06,9.316298946928419e-06,9.318510138267937e-06,9.320719595203576e-06,9.322927319313036e-06,9.325133312179477e-06,9.327337575368521e-06,9.32954011045112e-06,9.331740918995989e-06,9.333940002569595e-06,9.336137362736198e-06,9.33833300105781e-06,9.340526919094202e-06,9.342719118403015e-06,9.344909600539584e-06,9.347098367057062e-06,9.349285419506458e-06,9.351470759436493e-06,9.353654388393792e-06,9.355836307922698e-06,9.35801651956546e-06,9.360195024862066e-06,9.362371825350406e-06,9.364546922566135e-06,9.366720318042826e-06,9.36889201331186e-06,9.371062009885917e-06,9.373230309317548e-06,9.375396913120712e-06,9.377561822816477e-06,9.379725039928324e-06,9.381886565978417e-06,9.384046402518823e-06,9.386204550992734e-06,9.388361012931808e-06,9.390515789863933e-06,9.392668883283716e-06,9.394820294726725e-06,9.396970025676247e-06,9.399118077699759e-06,9.401264452150384e-06,9.403409150605106e-06,9.405552174558105e-06,9.407693525518448e-06,9.409833204957231e-06,9.411971214365373e-06,9.41410755523043e-06,9.416242229042369e-06,9.418375237242122e-06,9.420506581400691e-06,9.422636262884558e-06,9.424764283302742e-06,9.426890644048392e-06,9.4290153466101e-06,9.431138392448473e-06,9.43325978304505e-06,9.435379519861527e-06,9.437497604363582e-06,9.439614038013096e-06,9.441728822270903e-06,9.443841958595745e-06,9.44595344844471e-06,9.448063293260088e-06,9.45017149451519e-06,9.452278053648432e-06,9.454382972116952e-06,9.456486251387993e-06,9.458587892877724e-06,9.46068789803035e-06,9.462786268287839e-06,9.464883005089655e-06,9.466978109873337e-06,9.469071584074214e-06,9.471163429125625e-06,9.473253646459026e-06,9.475342237503824e-06,9.477429203687481e-06,9.479514546435525e-06,9.481598267171571e-06,9.483680367317275e-06,9.48576084829236e-06,9.487839711514688e-06,9.489916958400201e-06,9.491992590362885e-06,9.494066608812462e-06,9.496139015161738e-06,9.49820981081904e-06,9.500278997190785e-06,9.502346575681514e-06,9.504412547693897e-06,9.506476914628738e-06,9.508539677884944e-06,9.51060083885957e-06,9.512660398947824e-06,9.514718359543046e-06,9.516774722036708e-06,9.518829487818452e-06,9.520882658276071e-06,9.5229342347955e-06,9.52498421876084e-06,9.52703261155439e-06,9.529079414556553e-06,9.531124629146066e-06,9.533168256699641e-06,9.535210298592242e-06,9.537250756197028e-06,9.53928963088536e-06,9.541326924026788e-06,9.543362636989073e-06,9.545396771138176e-06,9.547429327838295e-06,9.549460308450122e-06,9.551489714335883e-06,9.553517546853999e-06,9.555543807363817e-06,9.557568497218598e-06,9.55959161777185e-06,9.561613170375347e-06,9.563633156379243e-06,9.5656515771319e-06,9.567668433973354e-06,9.569683728254308e-06,9.571697461316842e-06,9.573709634502092e-06,9.575720249149532e-06,9.577729306595944e-06,9.57973680814777e-06,9.581742755166109e-06,9.583747149020143e-06,9.585749991008996e-06,9.587751282456358e-06,9.589751024685195e-06,9.59174921903258e-06,9.593745866827791e-06,9.595740969378532e-06,9.597734528018331e-06,9.599726544057006e-06,9.601717018804766e-06,9.603705953569478e-06,9.605693349669134e-06,9.607679208449835e-06,9.609663531199914e-06,9.611646319223034e-06,9.613627573831123e-06,9.615607296328211e-06,9.61758548801748e-06,9.619562150200225e-06,9.621537284178087e-06,9.623510891247048e-06,9.625482972705034e-06,9.627453529847567e-06,9.629422563968143e-06,9.631390076358382e-06,9.633356068308892e-06,9.635320541108076e-06,9.637283496042975e-06,9.639244934398952e-06,9.641204857474088e-06,9.64316326652871e-06,9.645120162848125e-06,9.647075547712532e-06,9.649029422399787e-06,9.650981788185676e-06,9.652932646344346e-06,9.654881998148254e-06,9.65682984486827e-06,9.65877618777352e-06,9.660721028131605e-06,9.662664367208518e-06,9.66460620626315e-06,9.666546546563775e-06,9.668485389371598e-06,9.670422735946233e-06,9.672358587545723e-06,9.674292945426518e-06,9.676225810843508e-06,9.678157185049996e-06,9.680087069300092e-06,9.682015464841576e-06,9.683942372923052e-06,9.685867794791553e-06,9.687791731692577e-06,9.689714184870051e-06,9.691635155566347e-06,9.693554645022293e-06,9.695472654477175e-06,9.697389185168717e-06,9.699304238333079e-06,9.70121781520482e-06,9.703129917016928e-06,9.705040545000985e-06,9.706949700378294e-06,9.708857384396588e-06,9.710763598279553e-06,9.712668343245035e-06,9.71457162051516e-06,9.71647343130239e-06,9.71837377685349e-06,9.72027265837537e-06,9.722170077086906e-06,9.724066034204386e-06,9.725960530945082e-06,9.72785356851989e-06,9.72974514814082e-06,9.731635271019739e-06,9.733523938366328e-06,9.735411151384381e-06,9.737296911286727e-06,9.73918121927033e-06,9.741064076546361e-06,9.742945484311868e-06,9.74482544378432e-06,9.746703956123636e-06,9.74858102256824e-06,9.750456644276149e-06,9.752330822457123e-06,9.754203558284332e-06,9.756074852978577e-06,9.757944707715847e-06,9.75981312369934e-06,9.761680102107738e-06,9.763545644126796e-06,9.765409750940759e-06,9.767272423732481e-06,9.769133663683348e-06,9.770993471978655e-06,9.77285184979201e-06,9.774708798300663e-06,9.776564318680284e-06,9.778418412105405e-06,9.780271079749217e-06,9.782122322784232e-06,9.783972142395036e-06,9.785820539720078e-06,9.787667515937713e-06,9.789513072215036e-06,9.791357209710834e-06,9.79319992957998e-06,9.795041232991387e-06,9.796881121119099e-06,9.798719595139188e-06,9.800556656175904e-06,9.802392305394323e-06,9.804226543972702e-06,9.80605937300442e-06,9.807890793691118e-06,9.809720807172265e-06,9.811549414571031e-06,9.813376617092505e-06,9.815202415841656e-06,9.817026811935416e-06,9.818849806574868e-06,9.820671400882598e-06,9.822491596000413e-06,9.82431039309578e-06,9.82612779326758e-06,9.827943797694776e-06,9.829758407444417e-06,9.8315716236867e-06,9.833383447555114e-06,9.835193880181263e-06,9.837002922695415e-06,9.83881057622651e-06,9.840616841902124e-06,9.842421720848548e-06,9.844225214190744e-06,9.846027323052334e-06,9.847828048567172e-06,9.849627391856315e-06,9.85142535401571e-06,9.8532219361698e-06,9.85501713945449e-06,9.856810964950809e-06,9.8586034137875e-06,9.860394487104079e-06,9.862184185995731e-06,9.863972511560084e-06,9.865759464917736e-06,9.867545047181061e-06,9.86932925944645e-06,9.871112102827173e-06,9.87289357842184e-06,9.87467368733535e-06,9.87645243067041e-06,9.878229809524012e-06,9.88000582499758e-06,9.881780478188779e-06,9.883553770193989e-06,9.885325702108351e-06,9.887096275025709e-06,9.888865490038647e-06,9.890633348238494e-06,9.892399850715309e-06,9.894164998557888e-06,9.895928792853785e-06,9.897691234689293e-06,9.899452325149464e-06,9.90121206531806e-06,9.90297045627763e-06,9.904727499109483e-06,9.906483194894837e-06,9.908237544711927e-06,9.90999054963728e-06,9.911742210747618e-06,9.913492529119052e-06,9.915241505823583e-06,9.916989141934546e-06,9.918735438523608e-06,9.92048039665734e-06,9.922224017411777e-06,9.923966301851121e-06,9.925707251041976e-06,9.927446866049797e-06,9.929185147939067e-06,9.930922097772463e-06,9.932657716600566e-06,9.934392005500087e-06,9.936124965547355e-06,9.937856597731147e-06,9.93958690316916e-06,9.941315882915116e-06,9.943043538004512e-06,9.944769869465441e-06,9.946494878398137e-06,9.948218565856344e-06,9.949940932871997e-06,9.951661980495258e-06,9.95338170977151e-06,9.95510012174804e-06,9.95681721747971e-06,9.958532997991815e-06,9.960247464328053e-06,9.96196061748566e-06,9.963672458599864e-06,9.96538298866423e-06,9.967092208703058e-06,9.968800119782048e-06,9.97050672287062e-06,9.972212019098438e-06,9.973916009466291e-06,9.975618694969924e-06,9.977320076657478e-06,9.979020155590986e-06,9.980718932772746e-06,9.98241640924044e-06,9.984112586026488e-06,9.985807464113625e-06,9.987501044587208e-06,9.989193328440505e-06,9.990884316697619e-06,9.992574010383665e-06,9.994262410541482e-06,9.995949518123133e-06,9.997635334183881e-06,9.99931985966647e-06,1.0001003095650196e-05,1.0002685043153802e-05,1.0004365703192102e-05,1.0006045076762034e-05,1.0007723164887762e-05,1.0009399968580766e-05,1.0011075488843852e-05,1.0012749726684155e-05,1.0014422683107698e-05,1.0016094359119361e-05,1.001776475572296e-05,1.0019433873921162e-05,1.002110171471557e-05,1.0022768279106671e-05,1.0024433568093826e-05,1.0026097582675275e-05,1.002776032384806e-05,1.0029421792608658e-05,1.0031081989951857e-05,1.0032740916871575e-05,1.0034398574360605e-05,1.0036054963410698e-05,1.0037710085012488e-05,1.0039363940155527e-05,1.0041016529828297e-05,1.0042667855018189e-05,1.0044317916711513e-05,1.0045966715892788e-05,1.004761425354703e-05,1.0049260530657022e-05,1.0050905548204944e-05,1.0052549307172063e-05,1.005419180853955e-05,1.0055833053283153e-05,1.0057473042382126e-05,1.0059111776812835e-05,1.0060749257551402e-05,1.0062385485572827e-05,1.0064020461848926e-05,1.0065654187353225e-05,1.0067286663050226e-05,1.006891788991689e-05,1.007054786891215e-05,1.0072176601045961e-05,1.0073804087248113e-05,1.0075430328490018e-05,1.0077055325697682e-05,1.0078679079870245e-05,1.0080301592017205e-05,1.0081922863047255e-05,1.0083542893944103e-05,1.0085161685669083e-05,1.0086779239159582e-05,1.0088395555389498e-05,1.009001063530129e-05,1.0091624479864543e-05,1.0093237090067495e-05,1.009484846678637e-05,1.0096458610988586e-05,1.0098067523649983e-05,1.009967520582592e-05,1.0101281658259641e-05,1.0102886882012677e-05,1.0104490878019444e-05,1.0106093647307051e-05,1.0107695190675496e-05,1.010929550912224e-05,1.0110894603584679e-05,1.0112492475039936e-05,1.0114089124511697e-05,1.01156845528071e-05,1.0117278760924222e-05,1.0118871749791555e-05,1.0120463520302019e-05,1.01220540733695e-05,1.012364340998805e-05,1.0125231531088356e-05,1.0126818437605768e-05,1.012840413040975e-05,1.012998861055804e-05,1.0131571878918171e-05,1.0133153936419846e-05,1.0134734783991794e-05,1.0136314422561727e-05,1.01378928530564e-05,1.0139470076401584e-05,1.0141046093522083e-05,1.0142620905341738e-05,1.0144194512783404e-05,1.0145766916768935e-05,1.0147338118219268e-05,1.0148908118054333e-05,1.0150476917193106e-05,1.0152044516553603e-05,1.0153610917052883e-05,1.0155176119605797e-05,1.015674012512879e-05,1.0158302934536732e-05,1.0159864548742076e-05,1.0161424968657063e-05,1.016298419519301e-05,1.0164542229260272e-05,1.016609907176823e-05,1.016765472362534e-05,1.016920918573911e-05,1.0170762459016097e-05,1.0172314544361893e-05,1.0173865442681185e-05,1.0175415154877698e-05,1.0176963681854204e-05,1.0178511024512569e-05,1.0180057183761042e-05,1.0181602160492667e-05,1.0183145955606525e-05,1.0184688570000784e-05,1.0186230004572614e-05,1.0187770260218339e-05,1.0189309337833308e-05,1.0190847238311947e-05,1.0192383962547847e-05,1.0193919511433578e-05,1.0195453885860835e-05,1.019698708672045e-05,1.0198519114902316e-05,1.0200049971295404e-05,1.0201579656787846e-05,1.0203108172266848e-05,1.0204635518618786e-05,1.0206161696729128e-05,1.0207686707482547e-05,1.0209210551762906e-05,1.0210733230419976e-05,1.0212254744365002e-05,1.0213775094478657e-05,1.0215294281640697e-05,1.021681230672998e-05,1.0218329170624483e-05,1.0219844874201252e-05,1.0221359418336457e-05,1.0222872803905352e-05,1.0224385031801026e-05,1.0225896102882094e-05,1.0227406018001255e-05,1.0228914778046755e-05,1.0230422383888374e-05,1.0231928836391436e-05,1.0233434136435797e-05,1.023493828487811e-05,1.0236441282594504e-05,1.02379431304694e-05,1.0239443829330345e-05,1.0240943380057881e-05,1.0242441783516414e-05,1.0243939040568997e-05,1.0245435152077738e-05,1.0246930118903823e-05,1.0248423941901418e-05,1.0249916621935809e-05,1.0251408159872119e-05,1.0252898556554613e-05,1.0254387812830784e-05,1.0255875929571278e-05,1.0257362907630806e-05,1.0258848747863145e-05,1.0260333451121043e-05,1.0261817018255842e-05,1.0263299450138065e-05,1.0264780747599557e-05,1.0266260911490587e-05,1.0267739942669445e-05,1.026921784194508e-05,1.027069461022014e-05,1.027217024832221e-05,1.0273644757096183e-05,1.0275118137386318e-05,1.0276590390036185e-05,1.0278061515888582e-05,1.0279531515785606e-05,1.028100039056846e-05,1.0282468141077552e-05,1.0283934768152468e-05,1.0285400272632023e-05,1.0286864655353535e-05,1.0288327917155012e-05,1.028979005887272e-05,1.0291251081342082e-05,1.0292710985437075e-05,1.0294169771949615e-05,1.0295627441712817e-05,1.029708399555908e-05,1.029853943431987e-05,1.0299993758825898e-05,1.0301446969906921e-05,1.0302899068391937e-05,1.0304350055109108e-05,1.0305799930885705e-05,1.0307248696548225e-05,1.0308696352922304e-05,1.0310142900832802e-05,1.0311588341103736e-05,1.0313032674558286e-05,1.0314475902018815e-05,1.0315918024306867e-05,1.0317359042243195e-05,1.0318798956647711e-05,1.0320237768332109e-05,1.0321675478123134e-05,1.0323112086827447e-05,1.0324547595272415e-05,1.0325982004273752e-05,1.032741531464645e-05,1.0328847527204703e-05,1.0330278642761938e-05,1.033170866213077e-05,1.033313758612303e-05,1.0334565415549787e-05,1.0335992151222724e-05,1.033741779394978e-05,1.0338842344539601e-05,1.034026580380008e-05,1.0341688172538297e-05,1.0343109451560526e-05,1.0344529641672284e-05,1.034594874367828e-05,1.0347366758375193e-05,1.0348783686573796e-05,1.0350199529076386e-05,1.0351614286684489e-05,1.0353027960202346e-05,1.035444055042625e-05,1.0355852058155428e-05,1.0357262484186441e-05,1.0358671829317421e-05,1.0360080094322715e-05,1.036148728004639e-05,1.0362893387263258e-05,1.0364298416762756e-05,1.0365702369343547e-05,1.0367105245795664e-05,1.0368507046911202e-05,1.03699077734859e-05,1.0371307426303926e-05,1.037270600616104e-05,1.0374103513837334e-05,1.0375499950124622e-05,1.0376895315814944e-05,1.0378289611693273e-05,1.037968283854576e-05,1.0381074997157755e-05,1.0382466088312285e-05,1.0383856112794685e-05,1.0385245071380967e-05,1.038663296487094e-05,1.0388019794039305e-05,1.038940555966271e-05,1.0390790262518373e-05,1.0392173903381121e-05,1.0393556483053494e-05,1.039493800229417e-05,1.039631846188135e-05,1.0397697862579208e-05,1.0399076205177029e-05,1.0400453490449355e-05,1.0401829719169904e-05,1.0403204892135048e-05,1.0404579010092907e-05,1.0405952073819322e-05,1.0407324084081529e-05,1.040869504165307e-05,1.0410064947303864e-05,1.0411433801802874e-05,1.0412801605916819e-05,1.041416836041701e-05,1.0415534066074083e-05,1.0416898723640082e-05,1.0418262333890324e-05,1.0419624897592122e-05,1.0420986415496766e-05,1.0422346888427916e-05,1.0423706317016693e-05,1.0425064702127678e-05,1.042642204449732e-05,1.042777834487113e-05,1.0429133604037084e-05,1.0430487822737737e-05,1.0431841001717122e-05,1.0433193141761062e-05,1.0434544243628722e-05,1.0435894308058607e-05,1.0437243335792016e-05,1.043859132760954e-05,1.0439938284260663e-05,1.0441284206498575e-05,1.0442629095057434e-05,1.04439729506977e-05,1.0445315774153014e-05,1.0446657566226465e-05,1.0447998327633223e-05,1.0449338059127984e-05,1.0450676761443606e-05,1.0452014435353292e-05,1.0453351081580045e-05,1.0454686700879315e-05,1.0456021294004916e-05,1.0457354861684613e-05,1.0458687404677971e-05,1.0460018923719213e-05,1.0461349419546293e-05,1.0462678892899933e-05,1.0464007344535653e-05,1.046533477518631e-05,1.0466661185594168e-05,1.046798657649388e-05,1.0469310948625407e-05,1.0470634302726625e-05,1.04719566395276e-05,1.0473277959779044e-05,1.0474598264202205e-05,1.0475917553515476e-05,1.0477235828505146e-05,1.0478553089880673e-05,1.0479869338366116e-05,1.0481184574697325e-05,1.0482498799605515e-05,1.048381201382234e-05,1.0485124218076746e-05,1.0486435413099897e-05,1.0487745599641335e-05,1.0489054778384357e-05,1.0490362950078727e-05,1.0491670115451723e-05,1.0492976275239008e-05,1.0494281430150971e-05,1.049558558091256e-05,1.049688872824554e-05,1.0498190872881103e-05,1.0499492015546256e-05,1.0500792156958864e-05,1.050209129784192e-05,1.0503389438904414e-05,1.050468658088579e-05,1.0505982724498167e-05,1.0507277870448645e-05,1.0508572019468764e-05,1.0509865172270203e-05,1.0511157329566599e-05,1.0512448492077432e-05,1.0513738660517991e-05,1.051502783560296e-05,1.0516316018046388e-05,1.0517603208561664e-05,1.0518889407861487e-05,1.052017461665795e-05,1.0521458835662125e-05,1.052274206558466e-05,1.0524024307136092e-05,1.0525305561025882e-05,1.0526585827962808e-05,1.0527865108655027e-05,1.0529143403810042e-05,1.0530420714134709e-05,1.0531697040335234e-05,1.0532972383117185e-05,1.0534246743185463e-05,1.0535520121244346e-05,1.0536792517997471e-05,1.0538063934147794e-05,1.0539334370397639e-05,1.0540603827448728e-05,1.0541872306002128e-05,1.0543139806758256e-05,1.0544406330416902e-05,1.0545671877668903e-05,1.0546936449231644e-05,1.0548200045778111e-05,1.0549462668033072e-05,1.055072431669507e-05,1.0551984992438602e-05,1.0553244695954909e-05,1.0554503427949072e-05,1.0555761189115116e-05,1.0557017980146545e-05,1.0558273801736166e-05,1.0559528654576182e-05,1.0560782539358134e-05,1.0562035456769034e-05,1.0563287407503628e-05,1.056453839225157e-05,1.0565788411701826e-05,1.0567037466542808e-05,1.0568285557462234e-05,1.0569532685147306e-05,1.057077885028139e-05,1.0572024053553326e-05,1.0573268295648392e-05,1.0574511577196121e-05,1.057575389893895e-05,1.0576995261608426e-05,1.0578235665839175e-05,1.057947511231629e-05,1.0580713601711532e-05,1.0581951134711072e-05,1.0583187711993573e-05,1.0584423334236773e-05,1.058565800213548e-05,1.0586891716346696e-05,1.0588124477556957e-05,1.0589356286443487e-05,1.0590587143706354e-05,1.0591817049975155e-05,1.0593046005952325e-05,1.0594274012308863e-05,1.0595501069717467e-05,1.0596727178853033e-05,1.0597952340386728e-05,1.0599176554997357e-05,1.0600399823376776e-05,1.0601622146152842e-05,1.0602843524012424e-05,1.0604063957630305e-05,1.0605283447676616e-05,1.0606501994863663e-05,1.0607719599754667e-05,1.0608936263091389e-05,1.0610151985528453e-05,1.06113667677317e-05,1.0612580610363735e-05,1.0613793514092982e-05,1.061500547956217e-05,1.0616216507482344e-05,1.0617426598475297e-05,1.0618635753249388e-05,1.0619843972428513e-05,1.0621051256667197e-05,1.0622257606619866e-05,1.062346302301116e-05,1.0624667506459547e-05,1.0625871057610316e-05,1.0627073677178321e-05,1.062827536576131e-05,1.0629476124035017e-05,1.0630675952660996e-05,1.0631874852290402e-05,1.0633072823616105e-05,1.0634269867229014e-05,1.0635465983815388e-05,1.0636661174010589e-05,1.0637855438505117e-05,1.0639048777932068e-05,1.0640241192950172e-05,1.0641432684195915e-05,1.0642623252342587e-05,1.0643812898027723e-05,1.0645001621901134e-05,1.064618942461058e-05,1.0647376306822823e-05,1.0648562269161698e-05,1.0649747312293097e-05,1.0650931436853646e-05,1.0652114643495164e-05,1.0653296932863137e-05,1.0654478305606273e-05,1.0655658762369214e-05,1.0656838303789876e-05,1.065801693051533e-05,1.0659194643188768e-05,1.0660371442453773e-05,1.0661547328958872e-05,1.0662722303332172e-05,1.0663896366222544e-05,1.0665069518272409e-05,1.0666241760120274e-05,1.066741309240439e-05,1.0668583515764647e-05,1.0669753030838712e-05,1.0670921638260929e-05,1.0672089338680031e-05,1.0673256132728755e-05,1.0674422021031251e-05,1.0675587004238202e-05,1.0676751082972788e-05,1.067791425787276e-05,1.0679076529577831e-05,1.068023789871681e-05,1.0681398365925672e-05,1.0682557931832723e-05,1.0683716597068532e-05,1.068487436226869e-05,1.0686031228064214e-05,1.0687187195078724e-05,1.0688342263946841e-05,1.068949643529681e-05,1.0690649709757141e-05,1.06918020879557e-05,1.0692953570519808e-05,1.0694104158058975e-05,1.0695253851213838e-05,1.0696402650616058e-05,1.0697550556885444e-05,1.0698697570670823e-05,1.0699843692570177e-05,1.0700988923147496e-05,1.0702133263148353e-05,1.0703276713139162e-05,1.0704419273739741e-05,1.0705560945572824e-05,1.070670172924071e-05,1.0707841625392999e-05,1.0708980634638559e-05,1.0710118757595492e-05,1.0711255994879882e-05,1.0712392347110784e-05,1.0713527814915058e-05,1.0714662398898276e-05,1.0715796099687147e-05,1.0716928917888933e-05,1.0718060854114118e-05,1.0719191908991115e-05,1.0720322083130998e-05,1.0721451377146619e-05,1.0722579791650856e-05,1.072370732729296e-05,1.0724833984557274e-05,1.0725959764139028e-05,1.0727084666642916e-05,1.0728208692759262e-05,1.0729331843032899e-05,1.073045411807362e-05,1.0731575518490686e-05,1.073269604489194e-05,1.073381569788646e-05,1.0734934478081947e-05,1.073605238608558e-05,1.0737169422504018e-05,1.0738285587943411e-05,1.0739400883009363e-05,1.0740515308307005e-05,1.0741628864440927e-05,1.0742741552016263e-05,1.0743853371634559e-05,1.0744964323899837e-05,1.0746074409414621e-05,1.0747183628780937e-05,1.0748291982601994e-05,1.0749399471477202e-05,1.0750506096007054e-05,1.0751611856793261e-05,1.0752716754433552e-05,1.0753820789526864e-05,1.0754923962671663e-05,1.0756026274465895e-05,1.075712772550702e-05,1.075822831639196e-05,1.0759328047717146e-05,1.0760426920078523e-05,1.076152493407149e-05,1.0762622090290969e-05,1.0763718389331363e-05,1.0764813831786591e-05,1.0765908418250055e-05,1.0767002149314667e-05,1.0768095025572817e-05,1.0769187047616434e-05,1.0770278216036913e-05,1.077136853142514e-05,1.0772457994371548e-05,1.0773546605466034e-05,1.0774634365298025e-05,1.0775721274410931e-05,1.0776807333436907e-05,1.0777892542963442e-05,1.0778976903576732e-05,1.0780060415861824e-05,1.0781143080400957e-05,1.0782224897855833e-05,1.0783305868745796e-05,1.0784385993655843e-05,1.078546527317045e-05,1.0786543707883088e-05,1.0787621298367788e-05,1.0788698045197954e-05,1.0789773948953382e-05,1.0790849010235071e-05,1.0791923229621335e-05,1.0792996607691447e-05,1.0794069145024394e-05,1.0795140842200269e-05,1.0796211699798679e-05,1.0797281718398726e-05,1.0798350898579054e-05,1.0799419240917813e-05,1.08004867459927e-05,1.0801553414380876e-05,1.0802619246659051e-05,1.0803684243403463e-05,1.0804748405189848e-05,1.080581173259347e-05,1.0806874226189124e-05,1.0807935886554992e-05,1.080899671426038e-05,1.081005670987877e-05,1.081111587398319e-05,1.0812174207146099e-05,1.0813231709938347e-05,1.0814288382932736e-05,1.0815344226700238e-05,1.0816399241811351e-05,1.0817453428857686e-05,1.0818506788373173e-05,1.0819559320932193e-05,1.0820611027113175e-05,1.082166190748223e-05,1.082271196260849e-05,1.082376119305866e-05,1.0824809599399317e-05,1.0825857182196799e-05,1.08269039420169e-05,1.0827949879424942e-05,1.0828994994986563e-05,1.0830039289264983e-05,1.0831082762824324e-05,1.0832125416227134e-05,1.0833167250030509e-05,1.0834208264811789e-05,1.0835248461125049e-05,1.0836287839528047e-05,1.083732640058976e-05,1.0838364144866743e-05,1.0839401072911811e-05,1.0840437185300964e-05,1.0841472482665304e-05,1.0842506965483108e-05,1.0843540634312742e-05,1.0844573489712084e-05,1.0845605532238821e-05,1.0846636762449408e-05,1.0847667180900841e-05,1.0848696788149045e-05,1.0849725584749177e-05,1.08507535712575e-05,1.0851780748227859e-05,1.0852807116214531e-05,1.08538326757712e-05,1.0854857427451446e-05,1.0855881371808348e-05,1.0856904509394187e-05,1.0857926840760915e-05,1.0858948366460009e-05,1.0859969087042328e-05,1.0860989003058722e-05,1.0862008115059257e-05,1.0863026423593639e-05,1.086404392921142e-05,1.0865060632460802e-05,1.0866076533890596e-05,1.0867091634048944e-05,1.086810593348268e-05,1.0869119432739412e-05,1.087013213236548e-05,1.0871144032907147e-05,1.0872155134824722e-05,1.087316543874882e-05,1.0874174945224248e-05,1.087518365479536e-05,1.0876191568006059e-05,1.0877198685399822e-05,1.087820500751968e-05,1.0879210534908218e-05,1.088021526810757e-05,1.0881219207659446e-05,1.08822223541051e-05,1.088322470798536e-05,1.088422626984062e-05,1.0885227040210813e-05,1.0886227019635447e-05,1.0887226208653591e-05,1.088822460780389e-05,1.0889222217624537e-05,1.0890219038653274e-05,1.0891215071427438e-05,1.0892210316483903e-05,1.0893204774359137e-05,1.0894198445589152e-05,1.0895191330709519e-05,1.0896183430255401e-05,1.0897174744761507e-05,1.0898165274762136e-05,1.089915502079113e-05,1.0900143983381916e-05,1.0901132163067487e-05,1.0902119560380391e-05,1.0903106175852773e-05,1.0904092010016323e-05,1.0905077063402329e-05,1.0906061336541603e-05,1.090704482996459e-05,1.0908027544201267e-05,1.0909009479781194e-05,1.0909990637233511e-05,1.0910971017086923e-05,1.0911950619869712e-05,1.0912929446109728e-05,1.09139074963344e-05,1.0914884771070749e-05,1.091586127084536e-05,1.0916836996184386e-05,1.0917811947613569e-05,1.091878612565823e-05,1.0919759530843252e-05,1.0920732163693106e-05,1.0921704024731843e-05,1.0922675114523865e-05,1.092364543355158e-05,1.0924614982337855e-05,1.0925583761405053e-05,1.0926551771274992e-05,1.092751901246754e-05,1.0928485485505468e-05,1.0929451190909532e-05,1.0930416129200002e-05,1.093138030089691e-05,1.0932343706519385e-05,1.0933306346586809e-05,1.0934268221617653e-05,1.093522933213011e-05,1.0936189678641935e-05,1.0937149261670564e-05,1.0938108081732909e-05,1.0939066139345577e-05,1.0940023435024683e-05,1.0940979969286022e-05,1.094193574264506e-05,1.0942890755616407e-05,1.094384500871469e-05,1.0944798502453975e-05,1.0945751237302496e-05,1.0946703213819496e-05,1.094765443251778e-05,1.094860489390977e-05,1.0949554598515263e-05,1.0950503546837763e-05,1.0951451739388493e-05,1.0952399176678306e-05,1.0953345859217591e-05,1.0954291787516374e-05,1.0955236962084272e-05,1.0956181383430472e-05,1.0957125052063785e-05,1.0958067968492606e-05,1.0959010133224907e-05,1.0959951546768302e-05,1.0960892209629984e-05,1.0961832122316723e-05,1.0962771285334924e-05,1.0963709699190547e-05,1.0964647364389192e-05,1.0965584281436041e-05,1.0966520450835884e-05,1.0967455873093088e-05,1.0968390548711673e-05,1.0969324478195206e-05,1.0970257662046872e-05,1.097119010076947e-05,1.097212179486541e-05,1.0973052744836673e-05,1.0973982951184856e-05,1.0974912414411191e-05,1.0975841135016472e-05,1.0976769113501127e-05,1.0977696350365159e-05,1.0978622846108215e-05,1.0979548601229514e-05,1.098047361622793e-05,1.0981397891601898e-05,1.098232142784342e-05,1.0983244225456984e-05,1.0984166284939484e-05,1.0985087606787861e-05,1.098600819149841e-05,1.0986928039567306e-05,1.0987847151491668e-05,1.098876552776509e-05,1.0989683168882489e-05,1.0990600075338418e-05,1.0991516247627028e-05,1.0992431686242087e-05,1.0993346391676989e-05,1.0994260364424716e-05,1.0995173604977886e-05,1.0996086113828693e-05,1.099699789146899e-05,1.0997908938390242e-05,1.0998819255083487e-05,1.0999728842039443e-05,1.1000637699748384e-05,1.1001545828700233e-05,1.100245322938452e-05,1.1003359902290392e-05,1.100426584790661e-05,1.1005171066721564e-05,1.1006075559223238e-05,1.1006979325899287e-05,1.1007882367236946e-05,1.1008784683723042e-05,1.1009686275844093e-05,1.1010587144086186e-05,1.1011487288935036e-05,1.101238671087599e-05,1.1013285410394001e-05,1.1014183387973667e-05,1.1015080644099197e-05,1.101597717925443e-05,1.1016872993922814e-05,1.1017768088587438e-05,1.1018662463730982e-05,1.1019556119835794e-05,1.1020449057383819e-05,1.1021341276856628e-05,1.1022232778735439e-05,1.1023123563501063e-05,1.1024013631633968e-05,1.1024902983614234e-05,1.102579161992158e-05,1.1026679541035332e-05,1.1027566747434459e-05,1.1028453239597571e-05,1.1029339018002873e-05,1.1030224083128219e-05,1.1031108435451095e-05,1.1031992075448613e-05,1.103287500359751e-05,1.1033757220374163e-05,1.1034638726254573e-05,1.1035519521714386e-05,1.1036399607228876e-05,1.1037278983272916e-05,1.1038157650321029e-05,1.1039035608847409e-05,1.103991285932585e-05,1.104078940222979e-05,1.1041665238032278e-05,1.1042540367207657e-05,1.1043414790226635e-05,1.1044288507561198e-05,1.1045161519682947e-05,1.1046033827063128e-05,1.104690543017261e-05,1.104777632948192e-05,1.1048646525461228e-05,1.1049516018580318e-05,1.1050384809308625e-05,1.1051252898115225e-05,1.1052120285468841e-05,1.105298697183782e-05,1.1053852957690177e-05,1.1054718243493558e-05,1.1055582829717817e-05,1.1056446716822161e-05,1.1057309905278495e-05,1.105817239555447e-05,1.1059034188114183e-05,1.1059895283423113e-05,1.1060755681946423e-05,1.1061615384148917e-05,1.1062474390488682e-05,1.1063332701444528e-05,1.1064190317471471e-05,1.106504723903292e-05,1.1065903466591784e-05,1.1066759000610762e-05,1.1067613841552062e-05,1.1068467989877582e-05,1.1069321446048948e-05,1.1070174210527347e-05,1.1071026283773582e-05,1.1071877666248268e-05,1.1072728358411444e-05,1.1073578360722948e-05,1.1074427673642265e-05,1.1075276297628438e-05,1.1076124233140245e-05,1.107697148063604e-05,1.1077818040573939e-05,1.1078663913411582e-05,1.1079509099606313e-05,1.1080353599615151e-05,1.1081197413894721e-05,1.1082040542901332e-05,1.1082882987090907e-05,1.1083724746919058e-05,1.1084565822841105e-05,1.1085406215311922e-05,1.1086245924786049e-05,1.1087084951717699e-05,1.1087923296560737e-05,1.1088760959768738e-05,1.1089597941794824e-05,1.1090434243091869e-05,1.1091269864112345e-05,1.1092104805308368e-05,1.1092939067131778e-05,1.1093772650034013e-05,1.1094605554466201e-05,1.1095437780879112e-05,1.109626932972316e-05,1.109710020144847e-05,1.1097930396504782e-05,1.1098759915341466e-05,1.1099588758407619e-05,1.1100416926151938e-05,1.1101244419022813e-05,1.1102071237468303e-05,1.1102897381936072e-05,1.1103722852873496e-05,1.1104547650727582e-05,1.110537177594506e-05,1.1106195228972254e-05,1.1107018010255192e-05,1.1107840120239535e-05,1.1108661559370615e-05,1.1109482328093447e-05,1.111030242685266e-05,1.1111121856092566e-05,1.111194061625722e-05,1.1112758707790212e-05,1.1113576131134896e-05,1.1114392886734254e-05,1.1115208975030934e-05,1.1116024396467244e-05,1.1116839151485195e-05,1.1117653240526395e-05,1.1118466664032162e-05,1.111927942244352e-05,1.1120091516201046e-05,1.1120902945745087e-05,1.1121713711515644e-05,1.1122523813952343e-05,1.1123333253494506e-05,1.1124142030581133e-05,1.1124950145650892e-05,1.1125757599142116e-05,1.1126564391492775e-05,1.1127370523140576e-05,1.1128175994522835e-05,1.1128980806076592e-05,1.112978495823849e-05,1.1130588451444885e-05,1.1131391286131868e-05,1.1132193462735067e-05,1.113299498168989e-05,1.1133795843431366e-05,1.1134596048394246e-05,1.1135395597012878e-05,1.1136194489721364e-05,1.11369927269534e-05,1.1137790309142472e-05,1.1138587236721673e-05,1.11393835101237e-05,1.1140179129781009e-05,1.1140974096125737e-05,1.1141768409589639e-05,1.1142562070604223e-05,1.1143355079600639e-05,1.1144147437009714e-05,1.1144939143261914e-05,1.1145730198787458e-05,1.1146520604016112e-05,1.114731035937754e-05,1.1148099465300919e-05,1.1148887922215094e-05,1.114967573054865e-05,1.1150462890729883e-05,1.1151249403186704e-05,1.1152035268318565e-05,1.115282048658083e-05,1.1153605058398378e-05,1.1154388984199589e-05,1.1155172264407665e-05,1.1155954899448343e-05,1.1156736889746682e-05,1.1157518235773041e-05,1.1158298937912085e-05,1.1159078996548707e-05,1.1159858412151151e-05,1.1160637185144229e-05,1.1161415315949658e-05,1.1162192804989689e-05,1.1162969652686704e-05,1.1163745859465052e-05,1.1164521425745389e-05,1.1165296351950352e-05,1.1166070638496196e-05,1.1166844285809296e-05,1.116761729431114e-05,1.1168389664422628e-05,1.116916139656448e-05,1.116993249115691e-05,1.1170702948620248e-05,1.1171472769374081e-05,1.1172241953838013e-05,1.1173010502430697e-05,1.117377841557151e-05,1.1174545693678487e-05,1.1175312337169595e-05,1.1176078346463165e-05,1.1176843721976487e-05,1.1177608464126906e-05,1.117837257333113e-05,1.1179136050006245e-05,1.117989889456827e-05,1.1180661107433193e-05,1.1181422689016741e-05,1.1182183639734244e-05,1.118294396000088e-05,1.118370365023145e-05,1.1184462710840602e-05,1.118522114224219e-05,1.1185978944849873e-05,1.1186736119116305e-05,1.1187492665416827e-05,1.118824858416342e-05,1.118900387577071e-05,1.1189758540647831e-05,1.1190512579207562e-05,1.1191265991861875e-05,1.1192018779022315e-05,1.1192770941100112e-05,1.1193522478506077e-05,1.1194273391650788e-05,1.1195023680944447e-05,1.1195773346796978e-05,1.1196522389618e-05,1.1197270809816791e-05,1.11980186078024e-05,1.1198765783983465e-05,1.1199512338768357e-05,1.1200258272565253e-05,1.1201003585781915e-05,1.1201748278825887e-05,1.1202492352103375e-05,1.1203235806022274e-05,1.120397864098922e-05,1.1204720857410567e-05,1.1205462455692671e-05,1.1206203436241622e-05,1.120694379946088e-05,1.1207683545756133e-05,1.1208422675532519e-05,1.1209161189194591e-05,1.1209899087146573e-05,1.1210636369792385e-05,1.1211373037535652e-05,1.1212109090779725e-05,1.1212844529927604e-05,1.1213579355382038e-05,1.1214313567546214e-05,1.1215047166821527e-05,1.1215780153609813e-05,1.1216512528306475e-05,1.121724429131894e-05,1.1217975443048159e-05,1.1218705983894825e-05,1.1219435914259305e-05,1.1220165234541689e-05,1.1220893945141745e-05,1.1221622046458983e-05,1.1222349538892602e-05,1.1223076422841533e-05,1.1223802698704373e-05,1.1224528366879452e-05,1.1225253427764842e-05,1.1225977881758277e-05,1.1226701729257204e-05,1.1227424970658791e-05,1.1228147606359916e-05,1.1228869636757181e-05,1.1229591062246873e-05,1.1230311883225012e-05,1.1231032100087304e-05,1.1231751713229188e-05,1.1232470723045798e-05,1.1233189129931997e-05,1.1233906934282351e-05,1.1234624136491141e-05,1.1235340736952349e-05,1.1236056736059687e-05,1.123677213420657e-05,1.1237486931786136e-05,1.1238201129191238e-05,1.1238914726814425e-05,1.1239627725047967e-05,1.1240340124293e-05,1.124105192494012e-05,1.1241763127366205e-05,1.1242473731968066e-05,1.1243183739137026e-05,1.1243893149263831e-05,1.124460196273882e-05,1.1245310179952039e-05,1.124601780129324e-05,1.1246724827151852e-05,1.1247431257917055e-05,1.124813709397773e-05,1.1248842335722447e-05,1.1249546983539532e-05,1.1250251037816991e-05,1.125095449894258e-05,1.1251657367303756e-05,1.1252359643287702e-05,1.1253061327281317e-05,1.125376241967121e-05,1.1254462920840811e-05,1.1255162831182148e-05,1.1255862151078461e-05,1.1256560880915414e-05,1.1257259021078492e-05,1.1257956571958097e-05,1.1258653533932137e-05,1.1259349907385003e-05,1.1260045692700804e-05,1.12607408902634e-05,1.1261435500456304e-05,1.1262129523662812e-05,1.1262822960265936e-05,1.12635158106484e-05,1.1264208075192651e-05,1.1264899754280854e-05,1.1265590848294903e-05,1.1266281357616413e-05,1.1266971282626734e-05,1.1267660623706935e-05,1.1268349381237796e-05,1.1269037555599857e-05,1.1269725147173335e-05,1.127041215632424e-05,1.1271098583446405e-05,1.1271784428919291e-05,1.1272469693122053e-05,1.1273154376433503e-05,1.127383847923221e-05,1.1274522001896573e-05,1.1275204944804643e-05,1.1275887308334188e-05,1.1276569092862661e-05,1.1277250298767366e-05,1.1277930926425216e-05,1.1278610976212978e-05,1.1279290448506964e-05,1.1279969343683399e-05,1.1280647662118181e-05,1.128132540418686e-05,1.1282002570264773e-05,1.1282679160727072e-05,1.1283355175948472e-05,1.1284030616303576e-05,1.1284705482166567e-05,1.1285379773911481e-05,1.128605349191204e-05,1.1286726636541661e-05,1.1287399208173599e-05,1.1288071207180761e-05,1.1288742633935764e-05,1.1289413488811043e-05,1.1290083772178703e-05,1.1290753484421338e-05,1.1291422625898664e-05,1.1292091196982315e-05,1.1292759198034254e-05,1.1293426629435932e-05,1.129409349155773e-05,1.1294759784769819e-05,1.1295425509442097e-05,1.1296090665944247e-05,1.1296755254645667e-05,1.1297419275915516e-05,1.1298082730124901e-05,1.1298745617640015e-05,1.1299407938829275e-05,1.130006969406081e-05,1.1300730883702525e-05,1.1301391508122035e-05,1.1302051567686703e-05,1.1302711062763623e-05,1.1303369993719666e-05,1.1304028360921417e-05,1.1304686164735205e-05,1.1305343405525217e-05,1.1306000083658911e-05,1.1306656199501802e-05,1.1307311753419158e-05,1.1307966745775979e-05,1.1308621176937003e-05,1.130927504726668e-05,1.1309928357129253e-05,1.1310581106888663e-05,1.131123329690862e-05,1.1311884927552549e-05,1.1312535999183659e-05,1.1313186512164837e-05,1.1313836466858767e-05,1.1314485863627851e-05,1.1315134702834229e-05,1.1315782984839794e-05,1.1316430710006187e-05,1.1317077878694764e-05,1.1317724491266642e-05,1.1318370548082707e-05,1.1319016049503531e-05,1.1319660995891973e-05,1.1320305387605634e-05,1.132094922500433e-05,1.1321592508447663e-05,1.1322235238294953e-05,1.1322877414903448e-05,1.1323519038633872e-05,1.1324160109844838e-05,1.1324800628894766e-05,1.1325440596143497e-05,1.1326080011946595e-05,1.132671887666169e-05,1.1327357190645954e-05,1.1327994954256535e-05,1.1328632167850183e-05,1.1329268831783336e-05,1.1329904946412384e-05,1.1330540512093291e-05,1.1331175529181871e-05,1.1331809998033621e-05,1.1332443919003757e-05,1.1333077292447302e-05,1.1333710118718991e-05,1.1334342398173427e-05,1.1334974131164808e-05,1.1335605318047149e-05,1.1336235959174245e-05,1.1336866054899543e-05,1.1337495605576291e-05,1.133812461155749e-05,1.1338753073195992e-05,1.133938099084423e-05,1.1340008364854516e-05,1.13406351955788e-05,1.1341261483368907e-05,1.1341887228576327e-05,1.1342512431552358e-05,1.1343137092647933e-05,1.1343761212213839e-05,1.1344384790600567e-05,1.1345007828158481e-05,1.1345630325237513e-05,1.1346252282187512e-05,1.1346873699358007e-05,1.1347494577098222e-05,1.1348114915757235e-05,1.1348734715683861e-05,1.1349353977226572e-05,1.134997270073374e-05,1.1350590886553423e-05,1.135120853503339e-05,1.1351825646521176e-05,1.13524422213642e-05,1.1353058259909444e-05,1.1353673762503793e-05,1.1354288729493752e-05,1.1354903161225739e-05,1.135551705804595e-05,1.1356130420300012e-05,1.1356743248333552e-05,1.1357355542491937e-05,1.1357967303120105e-05,1.1358578530563113e-05,1.1359189225165513e-05,1.1359799387271837e-05,1.1360409017226031e-05,1.1361018115372167e-05,1.1361626682053658e-05,1.1362234717613957e-05,1.1362842222384813e-05,1.1363449196719818e-05,1.1364055640959205e-05,1.1364661555441525e-05,1.136526694054289e-05,1.1365871796553454e-05,1.1366476123846701e-05,1.1367079922760834e-05,1.1367683193636622e-05,1.13682859368149e-05,1.1368888152634694e-05,1.1369489841436999e-05,1.1370091003562033e-05,1.137069163934995e-05,1.1371291749139523e-05,1.1371891333271038e-05,1.137249039208384e-05,1.137308892591669e-05,1.1373686935108615e-05,1.1374284419998134e-05,1.1374881380923713e-05,1.1375477818223446e-05,1.1376073732235253e-05,1.1376669123296702e-05,1.1377263991745507e-05,1.1377858337918758e-05,1.1378452162153267e-05,1.137904546478582e-05,1.1379638246152922e-05,1.138023050659096e-05,1.1380822246435943e-05,1.138141346602352e-05,1.13820041656894e-05,1.1382594345768863e-05,1.138318400659711e-05,1.1383773148508771e-05,1.1384361771838623e-05,1.1384949876921129e-05,1.1385537464090374e-05,1.1386124533680327e-05,1.1386711086024589e-05,1.1387297121456764e-05,1.13878826403099e-05,1.1388467642917097e-05,1.1389052129611165e-05,1.1389636100724608e-05,1.1390219556589751e-05,1.1390802497538554e-05,1.1391384923903004e-05,1.1391966836014694e-05,1.139254823420495e-05,1.1393129118804975e-05,1.139370949014564e-05,1.1394289348557482e-05,1.1394868694371138e-05,1.1395447527916911e-05,1.1396025849524656e-05,1.1396603659524198e-05,1.1397180958244997e-05,1.139775774601645e-05,1.1398334023167586e-05,1.139890979002719e-05,1.1399485046923966e-05,1.1400059794186335e-05,1.1400634032146014e-05,1.1401207761127846e-05,1.1401780981470744e-05,1.1402353693487162e-05,1.140292589750596e-05,1.1403497593854808e-05,1.1404068782860817e-05,1.1404639464850781e-05,1.1405209640155358e-05,1.1405779309095447e-05,1.1406348471998882e-05,1.1406917129191456e-05,1.1407485280998745e-05,1.1408052927746163e-05,1.1408620069759114e-05,1.1409186707363053e-05,1.1409752840884336e-05,1.1410318470637807e-05,1.1410883596925903e-05,1.1411448220121366e-05,1.1412012340526037e-05,1.1412575958461619e-05,1.1413139074227829e-05,1.1413701688200199e-05,1.1414263800675543e-05,1.1414825411973195e-05,1.1415386522419201e-05,1.141594713230533e-05,1.1416507242006699e-05,1.1417066851838373e-05,1.1417625962091698e-05,1.141818457309735e-05,1.1418742685174364e-05,1.1419300298656227e-05,1.1419857413834126e-05,1.1420414031022971e-05,1.142097015059755e-05,1.1421525772867566e-05,1.1422080898128266e-05,1.1422635526707793e-05,1.1423189658916245e-05,1.1423743295087581e-05,1.1424296435502765e-05,1.1424849080539333e-05,1.1425401230452085e-05,1.1425952885620113e-05,1.1426504046332683e-05,1.1427054712911293e-05,1.1427604885672764e-05,1.1428154564941558e-05,1.1428703751020998e-05,1.1429252444231607e-05,1.1429800644889317e-05,1.143034835331202e-05,1.1430895569815817e-05,1.1431442294716613e-05,1.1431988528330105e-05,1.1432534270971751e-05,1.1433079522956791e-05,1.1433624284600283e-05,1.1434168556215627e-05,1.1434712338119137e-05,1.1435255630650953e-05,1.143579843407429e-05,1.1436340748727366e-05,1.143688257492474e-05,1.1437423912979739e-05,1.1437964763209286e-05,1.1438505125924739e-05,1.1439045001421738e-05,1.1439584390030777e-05,1.1440123292065951e-05,1.1440661707838695e-05,1.1441199637658912e-05,1.1441737081846838e-05,1.1442274040692448e-05,1.1442810514530766e-05,1.1443346503661217e-05,1.1443882008393092e-05,1.1444417029003658e-05,1.1444951565852909e-05,1.1445485619248406e-05,1.1446019189487485e-05,1.14465522768811e-05,1.144708488173897e-05,1.1447617004382206e-05,1.1448148645098386e-05,1.1448679804209735e-05,1.1449210482016312e-05,1.1449740678829825e-05,1.1450270394965286e-05,1.1450799630712904e-05,1.1451328386401982e-05,1.1451856662328032e-05,1.1452384458786968e-05,1.1452911776120321e-05,1.1453438614620596e-05,1.1453964974591622e-05,1.1454490856340634e-05,1.1455016260163868e-05,1.1455541186358598e-05,1.1456065635279292e-05,1.1456589607200235e-05,1.1457113102427225e-05,1.1457636121273096e-05,1.1458158664024958e-05,1.1458680730992093e-05,1.1459202322503736e-05,1.1459723438865642e-05,1.1460244080341308e-05,1.1460764247267058e-05,1.1461283939933442e-05,1.1461803158650248e-05,1.1462321903719539e-05,1.1462840175439193e-05,1.1463357974123406e-05,1.1463875300072618e-05,1.1464392153583253e-05,1.1464908534961559e-05,1.1465424444511067e-05,1.1465939882530058e-05,1.1466454849323652e-05,1.1466969345194197e-05,1.1467483370438492e-05,1.1467996925361108e-05,1.1468510010263862e-05,1.1469022625447754e-05,1.1469534771228363e-05,1.1470046447870923e-05,1.1470557655695471e-05,1.1471068394998758e-05,1.1471578666087057e-05,1.1472088469264625e-05,1.147259780482298e-05,1.1473106673062419e-05,1.1473615074286686e-05,1.147412300875758e-05,1.1474630476826968e-05,1.1475137478758664e-05,1.1475644014866166e-05,1.1476150085444393e-05,1.1476655690799905e-05,1.1477160831213045e-05,1.1477665506989652e-05,1.1478169718427166e-05,1.1478673465818206e-05,1.1479176749466395e-05,1.1479679569666432e-05,1.148018192671444e-05,1.1480683820909066e-05,1.1481185252537105e-05,1.1481686221905252e-05,1.148218672930246e-05,1.1482686775023738e-05,1.1483186359370105e-05,1.1483685482630461e-05,1.1484184145174536e-05,1.1484682347149007e-05,1.1485180088933811e-05,1.1485677370834776e-05,1.1486174193099821e-05,1.148667055604423e-05,1.1487166459994021e-05,1.148766190518611e-05,1.1488156891943655e-05,1.1488651420555475e-05,1.1489145491311948e-05,1.1489639104516457e-05,1.1490132260472317e-05,1.1490624959452262e-05,1.1491117201773582e-05,1.1491608987698019e-05,1.1492100317518796e-05,1.1492591191502578e-05,1.1493081609970004e-05,1.1493571573212037e-05,1.1494061081516774e-05,1.1494550135177571e-05,1.1495038734484849e-05,1.1495526879728827e-05,1.1496014571199532e-05,1.149650180918678e-05,1.1496988593980217e-05,1.1497474925869263e-05,1.1497960805143154e-05,1.1498446232090953e-05,1.1498931207001468e-05,1.1499415730163378e-05,1.1499899801865134e-05,1.1500383422394983e-05,1.150086659204099e-05,1.1501349311091034e-05,1.1501831579832774e-05,1.1502313398553686e-05,1.1502794767541078e-05,1.1503275687082009e-05,1.150375615746339e-05,1.1504236178971911e-05,1.1504715751894079e-05,1.150519487651623e-05,1.150567355312445e-05,1.1506151782004675e-05,1.1506629563442634e-05,1.150710689776932e-05,1.1507583785224655e-05,1.1508060226093756e-05,1.1508536220661702e-05,1.1509011769213165e-05,1.1509486872032846e-05,1.150996152940496e-05,1.151043574161382e-05,1.1510909508943427e-05,1.1511382831677579e-05,1.15118557100998e-05,1.1512328144493624e-05,1.1512800135142283e-05,1.1513271682328767e-05,1.1513742786335948e-05,1.1514213447446589e-05,1.1514683665943067e-05,1.1515153442107674e-05,1.1515622776222533e-05,1.1516091668569551e-05,1.1516560119430507e-05,1.1517028129086796e-05,1.1517495697819782e-05,1.1517962825910668e-05,1.1518429513640314e-05,1.1518895761289466e-05,1.1519361569138793e-05,1.151982693746865e-05,1.152029186650958e-05,1.1520756356591177e-05,1.1521220407993213e-05,1.1521684020995309e-05,1.15221471958768e-05,1.1522609932916892e-05,1.152307223239449e-05,1.1523534094588151e-05,1.1523995519784077e-05,1.1524456508256415e-05,1.1524917060281758e-05,1.1525377176137857e-05,1.1525836856102118e-05,1.1526296100452325e-05,1.1526754909465607e-05,1.1527213283423051e-05,1.1527671222595385e-05,1.1528128727264456e-05,1.1528585797706262e-05,1.1529042434197496e-05,1.1529498637014094e-05,1.1529954406422941e-05,1.1530409742710828e-05,1.1530864646150524e-05,1.1531319117054074e-05,1.1531773155648665e-05,1.1532226762221782e-05,1.1532679937032268e-05,1.1533132680376166e-05,1.153358499252737e-05,1.1534036873759988e-05,1.1534488324346337e-05,1.1534939344560574e-05,1.1535389934676652e-05,1.1535840094968241e-05,1.1536289825708827e-05,1.1536739127171591e-05,1.1537187999671313e-05,1.1537636443440531e-05,1.1538084458749389e-05,1.1538532045847206e-05,1.1538979205032838e-05,1.1539425936583808e-05,1.1539872240814997e-05,1.1540318117901666e-05,1.1540763568158818e-05,1.1541208591905413e-05,1.1541653189329014e-05,1.1542097360744032e-05,1.1542541106421581e-05,1.1542984426631872e-05,1.1543427321646051e-05,1.1543869791734701e-05,1.1544311837168221e-05,1.1544753458216759e-05,1.1545194655150377e-05,1.1545635428265234e-05,1.1546075777777075e-05,1.1546515704014276e-05,1.154695520718658e-05,1.1547394287591978e-05,1.1547832945501858e-05,1.1548271181175069e-05,1.1548708994891522e-05,1.1549146386947519e-05,1.1549583357550228e-05,1.1550019907027127e-05,1.1550456035602142e-05,1.1550891743536895e-05,1.1551327031116729e-05,1.1551761898609797e-05,1.1552196346280974e-05,1.1552630374409944e-05,1.1553063983250445e-05,1.155349717307483e-05,1.155392994414915e-05,1.155436229673828e-05,1.1554794231103936e-05,1.1555225747523438e-05,1.1555656846293779e-05,1.155608752760286e-05,1.1556517791750844e-05,1.1556947639019848e-05,1.1557377069641444e-05,1.1557806083879668e-05,1.1558234682048803e-05,1.1558662864385745e-05,1.1559090631154764e-05,1.1559517982623477e-05,1.1559944919055703e-05,1.1560371440703625e-05,1.1560797547839773e-05,1.1561223240721773e-05,1.1561648519622242e-05,1.156207338480433e-05,1.1562497836522822e-05,1.1562921875043449e-05,1.156334550062862e-05,1.156376871354187e-05,1.1564191514043305e-05,1.156461390240232e-05,1.1565035878900804e-05,1.1565457443744165e-05,1.1565878597222545e-05,1.1566299339599775e-05,1.156671967113665e-05,1.1567139592104397e-05,1.156755910275419e-05,1.1567978203340039e-05,1.156839689412771e-05,1.1568815175369604e-05,1.1569233047339173e-05,1.1569650510304755e-05,1.1570067564494814e-05,1.157048421019574e-05,1.1570900447657107e-05,1.157131627716554e-05,1.1571731698932223e-05,1.1572146713238165e-05,1.1572561320340876e-05,1.1572975520497713e-05,1.1573389313973348e-05,1.1573802701022127e-05,1.15742156819038e-05,1.1574628256873322e-05,1.157504042618936e-05,1.1575452190109953e-05,1.157586354889249e-05,1.1576274502794517e-05,1.1576685052066219e-05,1.1577095196976668e-05,1.1577504937777e-05,1.1577914274696686e-05,1.1578323208047503e-05,1.1578731738033186e-05,1.157913986495723e-05,1.1579547589051902e-05,1.1579954910535062e-05,1.1580361829729636e-05,1.1580768346866655e-05,1.1581174462199326e-05,1.158158017597778e-05,1.1581985488458436e-05,1.1582390399895935e-05,1.1582794910544776e-05,1.1583199020671295e-05,1.1583602730506561e-05,1.158400604031481e-05,1.1584408950350601e-05,1.158481146087392e-05,1.1585213572124514e-05,1.1585615284369173e-05,1.1586016597850275e-05,1.1586417512829306e-05,1.1586818029551172e-05,1.1587218148275527e-05,1.158761786925486e-05,1.158801719273028e-05,1.1588416118962914e-05,1.1588814648207218e-05,1.1589212780712e-05,1.1589610516720568e-05,1.1590007856500504e-05,1.159040480028298e-05,1.1590801348362088e-05,1.1591197500940857e-05,1.1591593258287225e-05,1.159198862065189e-05,1.1592383588291437e-05,1.15927781614466e-05,1.1593172340368946e-05,1.1593566125319096e-05,1.1593959516513516e-05,1.1594352514243407e-05,1.159474511875694e-05,1.1595137330250384e-05,1.15955291490321e-05,1.159592057532604e-05,1.1596311609443507e-05,1.1596702251525784e-05,1.1597092501864666e-05,1.1597482360711192e-05,1.159787182837246e-05,1.159826090498106e-05,1.15986495908467e-05,1.1599037886218428e-05,1.159942579133755e-05,1.1599813306455764e-05,1.1600200431836283e-05,1.1600587167689282e-05,1.1600973514279438e-05,1.1601359471852961e-05,1.160174504065894e-05,1.160213022093903e-05,1.1602515012944865e-05,1.1602899416944161e-05,1.1603283433136857e-05,1.1603667061772144e-05,1.1604050303133537e-05,1.1604433157442419e-05,1.160481562494964e-05,1.1605197705906583e-05,1.1605579400548695e-05,1.1605960709126723e-05,1.1606341631877485e-05,1.1606722169049748e-05,1.1607102320897016e-05,1.160748208764675e-05,1.160786146956761e-05,1.1608240466863293e-05,1.1608619079804583e-05,1.1608997308625907e-05,1.160937515358341e-05,1.160975261493385e-05,1.1610129692879099e-05,1.1610506387671928e-05,1.1610882699536073e-05,1.1611258628777323e-05,1.161163417559866e-05,1.1612009340254151e-05,1.1612384122972137e-05,1.1612758524008512e-05,1.1613132543592889e-05,1.1613506181977122e-05,1.1613879439385448e-05,1.1614252316075515e-05,1.1614624812284057e-05,1.1614996928251302e-05,1.1615368664214257e-05,1.1615740020421203e-05,1.161611099711332e-05,1.1616481594523919e-05,1.1616851812889659e-05,1.1617221652464267e-05,1.161759111347716e-05,1.1617960196168923e-05,1.1618328900783566e-05,1.1618697227555768e-05,1.1619065176725672e-05,1.161943274853288e-05,1.1619799943216882e-05,1.1620166761015813e-05,1.1620533202168755e-05,1.1620899266913891e-05,1.1621264955467002e-05,1.1621630268111162e-05,1.1621995205067708e-05,1.1622359766562553e-05,1.1622723952839262e-05,1.1623087764135339e-05,1.1623451200689269e-05,1.1623814262735844e-05,1.1624176950513222e-05,1.1624539264258254e-05,1.1624901204207704e-05,1.1625262770598073e-05,1.1625623963665627e-05,1.1625984783649204e-05,1.1626345230780866e-05,1.162670530530003e-05,1.1627065007446153e-05,1.1627424337439973e-05,1.1627783295527018e-05,1.1628141881940275e-05,1.1628500096893114e-05,1.162885794067177e-05,1.1629215413480222e-05,1.1629572515538998e-05,1.162992924711378e-05,1.1630285608427107e-05,1.1630641599709868e-05,1.1630997221198108e-05,1.1631352473119996e-05,1.1631707355717502e-05,1.163206186921779e-05,1.1632416013872012e-05,1.1632769789875955e-05,1.1633123197499167e-05,1.1633476236956089e-05,1.163382890848456e-05,1.1634181212320415e-05,1.163453314868136e-05,1.1634884717823754e-05,1.1635235919931068e-05,1.1635586755311476e-05,1.1635937224155026e-05,1.1636287326710235e-05,1.163663706318347e-05,1.1636986433814536e-05,1.1637335438826367e-05,1.1637684078467352e-05,1.1638032352966842e-05,1.1638380262554202e-05,1.1638727807451972e-05,1.1639074987894507e-05,1.1639421804092298e-05,1.1639768256272685e-05,1.1640114344741453e-05,1.1640460069675555e-05,1.1640805431306045e-05,1.1641150429875409e-05,1.1641495065588736e-05,1.1641839338682022e-05,1.1642183249394782e-05,1.1642526797953217e-05,1.1642869984557916e-05,1.1643212809488632e-05,1.1643555272941024e-05,1.1643897375152826e-05,1.1644239116357381e-05,1.1644580496778131e-05,1.1644921516641646e-05,1.1645262176177728e-05,1.1645602475611068e-05,1.1645942415165486e-05,1.1646281995080193e-05,1.164662121557439e-05,1.1646960076873127e-05,1.1647298579208404e-05,1.1647636722810982e-05,1.1647974507921162e-05,1.1648311934740737e-05,1.1648649003503514e-05,1.1648985714425078e-05,1.1649322067716077e-05,1.1649658063642828e-05,1.1649993702415417e-05,1.1650328984260448e-05,1.1650663909400968e-05,1.165099847806049e-05,1.1651332690471528e-05,1.1651666546852208e-05,1.165200004742984e-05,1.1652333192430313e-05,1.1652665982077835e-05,1.1652998416598848e-05,1.1653330496215673e-05,1.1653662221152479e-05,1.165399359163304e-05,1.1654324607878938e-05,1.1654655270096322e-05,1.165498557855095e-05,1.1655315533444775e-05,1.1655645134990367e-05,1.1655974383432695e-05,1.1656303278984645e-05,1.1656631821866866e-05,1.1656960012303053e-05,1.1657287850536118e-05,1.165761533674327e-05,1.1657942471178656e-05,1.1658269254093828e-05,1.165859568564608e-05,1.1658921766082686e-05,1.1659247495663957e-05,1.165957287453405e-05,1.1659897902955441e-05,1.1660222581149853e-05,1.1660546909339527e-05,1.1660870887745076e-05,1.1661194516584154e-05,1.1661517796057178e-05,1.1661840726433965e-05,1.1662163307909936e-05,1.1662485540705038e-05,1.166280742501389e-05,1.1663128961105937e-05,1.1663450149181609e-05,1.1663770989449797e-05,1.1664091482139567e-05,1.1664411627472532e-05,1.1664731425653313e-05,1.1665050876910069e-05,1.1665369981457442e-05,1.166568873952286e-05,1.1666007151321149e-05,1.166632521707574e-05,1.166664293699433e-05,1.1666960311279005e-05,1.1667277340186883e-05,1.1667594023921125e-05,1.1667910362697085e-05,1.1668226356737e-05,1.1668542006250393e-05,1.1668857311461775e-05,1.1669172272583615e-05,1.1669486889834163e-05,1.1669801163431711e-05,1.1670115093592085e-05,1.1670428680538458e-05,1.1670741924475474e-05,1.1671054825624838e-05,1.1671367384203944e-05,1.1671679600405582e-05,1.167199147444841e-05,1.1672303006604228e-05,1.167261419706179e-05,1.1672925046027016e-05,1.1673235553716994e-05,1.1673545720345127e-05,1.167385554612705e-05,1.167416503128183e-05,1.1674474176013908e-05,1.1674782980555895e-05,1.1675091445109955e-05,1.1675399569893956e-05,1.1675707355118551e-05,1.1676014801007518e-05,1.1676321907766825e-05,1.1676628675616541e-05,1.1676935104755362e-05,1.1677241195400593e-05,1.167754694778103e-05,1.1677852362100845e-05,1.1678157438574299e-05,1.167846217741427e-05,1.1678766578834016e-05,1.167907064304575e-05,1.1679374370262458e-05,1.1679677760694994e-05,1.1679980814579155e-05,1.1680283532086262e-05,1.1680585913452973e-05,1.168088795888098e-05,1.1681189668587506e-05,1.1681491042785738e-05,1.1681792081684502e-05,1.1682092785492157e-05,1.1682393154429342e-05,1.168269318870224e-05,1.1682992888522963e-05,1.1683292254102051e-05,1.1683591285650033e-05,1.1683889983377583e-05,1.16841883474941e-05,1.1684486378211005e-05,1.1684784075737537e-05,1.1685081440284777e-05,1.1685378472063282e-05,1.1685675171281032e-05,1.1685971538151035e-05,1.1686267572866453e-05,1.1686563275665104e-05,1.1686858646761e-05,1.1687153686323708e-05,1.1687448394591697e-05,1.1687742771760397e-05,1.1688036818043605e-05,1.1688330533650086e-05,1.1688623918788378e-05,1.168891697366553e-05,1.1689209698491049e-05,1.1689502093482753e-05,1.1689794158829304e-05,1.1690085894751123e-05,1.169037730145055e-05,1.16906683791378e-05,1.1690959128027422e-05,1.1691249548302087e-05,1.1691539640195375e-05,1.1691829403922037e-05,1.1692118839658055e-05,1.1692407947622375e-05,1.1692696728030198e-05,1.1692985181073266e-05,1.1693273306962707e-05,1.1693561105909753e-05,1.1693848578113255e-05,1.169413572378832e-05,1.1694422543141742e-05,1.1694709036363903e-05,1.1694995203680777e-05,1.169528104528213e-05,1.1695566561384918e-05,1.1695851752188666e-05,1.1696136617898189e-05,1.1696421158719339e-05,1.1696705374852608e-05,1.169698926652801e-05,1.1697272833909502e-05,1.1697556077220386e-05,1.1697838996664798e-05,1.169812159244681e-05,1.169840386474887e-05,1.1698685813817729e-05,1.1698967439835394e-05,1.1699248743004826e-05,1.1699529723527937e-05,1.1699810381614147e-05,1.1700090717462081e-05,1.1700370731276898e-05,1.170065042326044e-05,1.1700929793616974e-05,1.1701208842548603e-05,1.1701487570256454e-05,1.1701765976942434e-05,1.170204406279091e-05,1.1702321828040648e-05,1.1702599272876195e-05,1.1702876397499432e-05,1.170315320210803e-05,1.1703429686911194e-05,1.17037058521071e-05,1.1703981697898124e-05,1.1704257224488029e-05,1.1704532432069379e-05,1.1704807320847782e-05,1.1705081891025174e-05,1.17053561428011e-05,1.1705630076377871e-05,1.1705903691978585e-05,1.1706176989754439e-05,1.1706449969929279e-05,1.1706722632704627e-05,1.1706994978287403e-05,1.1707267006863095e-05,1.1707538718636339e-05,1.1707810113811684e-05,1.1708081192587246e-05,1.170835195515888e-05,1.1708622401728476e-05,1.1708892532496258e-05,1.1709162347658995e-05,1.1709431847417542e-05,1.1709701031967693e-05,1.1709969901509427e-05,1.1710238456241162e-05,1.1710506696362458e-05,1.1710774622073104e-05,1.1711042233564194e-05,1.1711309531036717e-05,1.1711576514710844e-05,1.1711843184763744e-05,1.1712109541370302e-05,1.1712375584793842e-05,1.1712641315142615e-05,1.1712906732659993e-05,1.1713171837546082e-05,1.1713436629987484e-05,1.171370111018778e-05,1.1713965278343613e-05,1.1714229134657418e-05,1.171449267934948e-05,1.1714755912585054e-05,1.1715018834524373e-05,1.171528144539796e-05,1.1715543745403543e-05,1.1715805734740315e-05,1.1716067413599738e-05,1.1716328782176393e-05,1.1716589840667997e-05,1.1716850589269779e-05,1.1717111028152036e-05,1.1717371157555163e-05,1.171763097765036e-05,1.1717890488639729e-05,1.1718149690711407e-05,1.1718408584068607e-05,1.1718667168898773e-05,1.1718925445389498e-05,1.171918341373847e-05,1.171944107414421e-05,1.171969842680171e-05,1.1719955471902541e-05,1.1720212209624965e-05,1.172046864019095e-05,1.172072476378011e-05,1.1720980580587572e-05,1.1721236090805163e-05,1.1721491294629711e-05,1.172174619224568e-05,1.172200078385069e-05,1.1722255069635461e-05,1.1722509049797565e-05,1.1722762724526259e-05,1.1723016094013762e-05,1.1723269158451672e-05,1.172352191804072e-05,1.1723774372956694e-05,1.1724026523392127e-05,1.1724278369555271e-05,1.172452991161884e-05,1.1724781149794304e-05,1.1725032084260718e-05,1.1725282715210814e-05,1.172553304283638e-05,1.172578306731671e-05,1.1726032788858152e-05,1.1726282207646706e-05,1.1726531323869072e-05,1.1726780137723527e-05,1.1727028649403672e-05,1.1727276859095364e-05,1.1727524766982645e-05,1.1727772373260025e-05,1.1728019678116316e-05,1.1728266681741096e-05,1.1728513384322027e-05,1.1728759786055172e-05,1.1729005887131554e-05,1.172925168773195e-05,1.1729497188023017e-05,1.172974238824033e-05,1.172998728854962e-05,1.173023188912904e-05,1.1730476190189344e-05,1.1730720191911691e-05,1.1730963894487676e-05,1.1731207298109823e-05,1.1731450402938866e-05,1.1731693209201699e-05,1.1731935717057316e-05,1.1732177926701774e-05,1.173241983833059e-05,1.1732661452117412e-05,1.173290276825199e-05,1.1733143786909692e-05,1.1733384508292701e-05,1.1733624932588101e-05,1.1733865059982905e-05,1.1734104890663956e-05,1.1734344424818007e-05,1.1734583662631669e-05,1.1734822604291475e-05,1.173506124998385e-05,1.173529959989505e-05,1.1735537654211251e-05,1.173577541311863e-05,1.1736012876803196e-05,1.1736250045450856e-05,1.173648691924763e-05,1.1736723498379846e-05,1.1736959783026861e-05,1.1737195773384413e-05,1.1737431469625129e-05,1.1737666871937305e-05,1.1737901980509059e-05,1.1738136795525203e-05,1.1738371317170486e-05,1.1738605545629472e-05,1.1738839481086659e-05,1.1739073123726403e-05,1.1739306473732948e-05,1.1739539531290435e-05,1.173977229658288e-05,1.1740004769795095e-05,1.1740236951119591e-05,1.1740468840720676e-05,1.1740700438791553e-05,1.1740931745515352e-05,1.1741162761072716e-05,1.1741393485653494e-05,1.1741623919435859e-05,1.1741854062609236e-05,1.1742083915350733e-05,1.17423134778438e-05,1.1742542750266702e-05,1.1742771732806339e-05,1.1743000425644994e-05,1.1743228828964912e-05,1.1743456942948212e-05,1.1743684767776898e-05,1.1743912303632859e-05,1.1744139550697915e-05,1.1744366509153713e-05,1.1744593179181836e-05,1.1744819560963722e-05,1.1745045654680694e-05,1.1745271460513995e-05,1.1745496978638718e-05,1.1745722209241746e-05,1.1745947152503975e-05,1.174617180860615e-05,1.174639617772891e-05,1.174662026005278e-05,1.174684405575818e-05,1.1747067565025421e-05,1.1747290788034696e-05,1.174751372496604e-05,1.1747736375999438e-05,1.1747958741314752e-05,1.1748180821091686e-05,1.1748402615524243e-05,1.1748624124777684e-05,1.174884534903138e-05,1.1749066288464727e-05,1.1749286943256803e-05,1.1749507313586633e-05,1.174972739963319e-05,1.1749947201566314e-05,1.1750166719573694e-05,1.1750385953833913e-05,1.1750604904525468e-05,1.1750823571825372e-05,1.1751041955888e-05,1.1751260056946627e-05,1.1751477875149436e-05,1.1751695410674339e-05,1.1751912663699166e-05,1.1752129634401584e-05,1.1752346322959206e-05,1.1752562729549502e-05,1.1752778854349854e-05,1.1752994697537495e-05,1.17532102592896e-05,1.1753425539783203e-05,1.1753640539195246e-05,1.1753855257702591e-05,1.1754069695475978e-05,1.175428385270185e-05,1.1754497729549836e-05,1.17547113261986e-05,1.1754924642809716e-05,1.1755137679591423e-05,1.1755350436703624e-05,1.1755562914320483e-05,1.1755775112617686e-05,1.1755987031755767e-05,1.1756198671939854e-05,1.175641003333185e-05,1.1756621116107049e-05,1.1756831920444794e-05,1.1757042446515615e-05,1.1757252694494565e-05,1.1757462664556583e-05,1.1757672356876478e-05,1.1757881771628976e-05,1.1758090908988668e-05,1.1758299769130024e-05,1.1758508352227397e-05,1.1758716658455048e-05,1.1758924687987145e-05,1.1759132440997988e-05,1.175933991765847e-05,1.1759547118145148e-05,1.1759754042631712e-05,1.1759960691291728e-05,1.1760167064298652e-05,1.1760373161825827e-05,1.1760578984047849e-05,1.1760784531136989e-05,1.1760989803266699e-05,1.1761194800611188e-05,1.176139952333515e-05,1.176160397161716e-05,1.1761808145629827e-05,1.1762012045545617e-05,1.1762215671536894e-05,1.1762419023775915e-05,1.1762622102434828e-05,1.1762824907685667e-05,1.176302743970038e-05,1.1763229698650756e-05,1.1763431684708529e-05,1.1763633398045324e-05,1.17638348388326e-05,1.1764036007241759e-05,1.1764236903444078e-05,1.176443752761072e-05,1.1764637879912761e-05,1.176483796052116e-05,1.1765037769606736e-05,1.1765237307340248e-05,1.1765436573892331e-05,1.1765635569433486e-05,1.1765834294134147e-05,1.1766032748164602e-05,1.1766230931695069e-05,1.1766428844896679e-05,1.1766626487938364e-05,1.1766823860990033e-05,1.1767020964221439e-05,1.1767217797802252e-05,1.1767414361902018e-05,1.1767610656690207e-05,1.1767806682336124e-05,1.1768002439009013e-05,1.1768197926878017e-05,1.1768393146112157e-05,1.1768588096880318e-05,1.1768782779351338e-05,1.1768977193693901e-05,1.1769171340076515e-05,1.1769365218667854e-05,1.176955882963618e-05,1.1769752173149802e-05,1.1769945249376876e-05,1.177013805848546e-05,1.1770330600643415e-05,1.1770522876018778e-05,1.1770714884779218e-05,1.177090662709227e-05,1.1771098103125608e-05,1.1771289313046638e-05,1.1771480257022645e-05,1.177167093522085e-05,1.177186134780836e-05,1.1772051494952178e-05,1.177224137681921e-05,1.1772430993576255e-05,1.1772620345389957e-05,1.1772809432426952e-05,1.1772998254853713e-05,1.177318681283659e-05,1.177337510654187e-05,1.1773563136135737e-05,1.1773750901784185e-05,1.1773938403653214e-05,1.1774125641908657e-05,1.1774312616716262e-05,1.1774499328241677e-05,1.1774685776650428e-05,1.1774871962107954e-05,1.177505788477957e-05,1.177524354483052e-05,1.1775428942425887e-05,1.1775614077730714e-05,1.1775798950909916e-05,1.1775983562128291e-05,1.1776167911550531e-05,1.1776351999341237e-05,1.1776535825664932e-05,1.1776719390685979e-05,1.1776902694568683e-05,1.177708573747721e-05,1.1777268519575653e-05,1.177745104102774e-05,1.1777633301997633e-05,1.1777815302649048e-05,1.1777997043145673e-05,1.1778178523651076e-05,1.1778359744328702e-05,1.1778540705341927e-05,1.1778721406854011e-05,1.177890184902811e-05,1.1779082032027254e-05,1.1779261956014389e-05,1.1779441621152364e-05,1.1779621027603613e-05,1.1779800175531112e-05,1.177997906509734e-05,1.1780157696464801e-05,1.1780336069795782e-05,1.1780514185252528e-05,1.1780692042997166e-05,1.178086964320948e-05,1.1781046986015493e-05,1.1781224071595239e-05,1.1781400900130213e-05,1.1781577471743065e-05,1.1781753786614266e-05,1.1781929844905294e-05,1.1782105646777518e-05,1.1782281192390956e-05,1.1782456481916543e-05,1.1782631515499293e-05,1.1782806293307711e-05,1.1782980815502716e-05,1.1783155082246255e-05,1.1783329093680921e-05,1.1783502849998354e-05,1.178367635134636e-05,1.1783849597881299e-05,1.1784022589765285e-05,1.1784195327158373e-05,1.1784367810220612e-05,1.1784540039111597e-05,1.178471201399272e-05,1.1784883735025515e-05,1.1785055202362963e-05,1.1785226416166824e-05,1.1785397376598195e-05,1.178556808381585e-05,1.1785738537979031e-05,1.1785908739246926e-05,1.1786078687778309e-05,1.1786248383732185e-05,1.1786417827267384e-05,1.178658701854258e-05,1.1786755957716366e-05,1.1786924644947249e-05,1.1787093080393603e-05,1.178726126421353e-05,1.17874291965656e-05,1.1787596877607914e-05,1.1787764307490011e-05,1.1787931486388535e-05,1.1788098414446897e-05,1.178826509182676e-05,1.1788431518685733e-05,1.1788597695184102e-05,1.1788763621478706e-05,1.1788929297720654e-05,1.1789094724071909e-05,1.1789259900688844e-05,1.1789424827728451e-05,1.1789589505347777e-05,1.1789753933703476e-05,1.1789918112951437e-05,1.1790082043249113e-05,1.1790245724753027e-05,1.1790409157619597e-05,1.1790572342005148e-05,1.1790735278065915e-05,1.1790897965957609e-05,1.1791060405836674e-05,1.1791222597859046e-05,1.1791384542180573e-05,1.1791546238956998e-05,1.1791707688344942e-05,1.179186889049872e-05,1.1792029845573981e-05,1.1792190553726054e-05,1.1792351015115516e-05,1.1792511229906246e-05,1.1792671198222386e-05,1.1792830920235736e-05,1.1792990396107746e-05,1.1793149625979955e-05,1.1793308610010135e-05,1.179346734835474e-05,1.1793625841174505e-05,1.1793784088611612e-05,1.179394209083683e-05,1.1794099847993854e-05,1.1794257360243428e-05,1.179441462773481e-05,1.1794571650621958e-05,1.1794728429058623e-05,1.179488496319858e-05,1.1795041253195473e-05,1.1795197299202905e-05,1.1795353101374616e-05,1.1795508659852196e-05,1.1795663974799622e-05,1.1795819046369333e-05,1.1795973874715744e-05,1.1796128459991854e-05,1.1796282802348253e-05,1.1796436901940142e-05,1.1796590758919336e-05,1.179674437343846e-05,1.1796897745650077e-05,1.179705087570679e-05,1.1797203763756455e-05,1.1797356409953848e-05,1.1797508814458224e-05,1.1797660977409647e-05,1.1797812898970875e-05,1.1797964579287238e-05,1.179811601850698e-05,1.1798267216791135e-05,1.17984181742867e-05,1.1798568891145339e-05,1.1798719367518453e-05,1.179886960355645e-05,1.1799019599410853e-05,1.1799169355232571e-05,1.1799318871172829e-05,1.1799468147381729e-05,1.17996171840109e-05,1.1799765981212559e-05,1.179991453913526e-05,1.180006285792946e-05,1.1800210937743716e-05,1.180035877873058e-05,1.1800506381040087e-05,1.180065374481714e-05,1.180080087022467e-05,1.180094775740269e-05,1.1801094406503686e-05,1.1801240817671398e-05,1.1801386991064436e-05,1.1801532926828582e-05,1.1801678625118495e-05,1.1801824086075239e-05,1.1801969309854944e-05,1.1802114296620039e-05,1.180225904647864e-05,1.1802403559603234e-05,1.1802547836145902e-05,1.1802691876248106e-05,1.1802835680059184e-05,1.1802979247731012e-05,1.1803122579416261e-05,1.1803265675261649e-05,1.1803408535411325e-05,1.1803551160015477e-05,1.1803693549225929e-05,1.1803835703188497e-05,1.1803977622047935e-05,1.1804119305953227e-05,1.1804260755050035e-05,1.18044019694883e-05,1.180454294941669e-05,1.1804683694984644e-05,1.1804824206333709e-05,1.180496448361398e-05,1.1805104526973777e-05,1.1805244336560224e-05,1.1805383912521361e-05,1.1805523254998027e-05,1.1805662364141248e-05,1.1805801240097754e-05,1.1805939883014719e-05,1.180607829303911e-05,1.1806216470316524e-05,1.1806354414992925e-05,1.1806492127217274e-05,1.1806629607131137e-05,1.1806766854890015e-05,1.1806903870629246e-05,1.1807040654473939e-05,1.1807177206613824e-05,1.1807313527186898e-05,1.1807449616330824e-05,1.1807585474173844e-05,1.1807721100875679e-05,1.1807856496579832e-05,1.1807991661412224e-05,1.1808126595557806e-05,1.1808261299142437e-05,1.1808395772311109e-05,1.1808530015208772e-05,1.1808664027980225e-05,1.1808797810771585e-05,1.1808931363726023e-05,1.1809064686988044e-05,1.180919778070292e-05,1.1809330645014376e-05,1.1809463280070727e-05,1.1809595685977402e-05,1.1809727862938073e-05,1.180985981108089e-05,1.1809991530537874e-05,1.1810123021449172e-05,1.1810254283974828e-05,1.181038531824882e-05,1.1810516124411915e-05,1.1810646702610056e-05,1.181077705298733e-05,1.181090717568556e-05,1.1811037070847576e-05,1.1811166738623406e-05,1.181129617914742e-05,1.1811425392565809e-05,1.1811554379021423e-05,1.1811683138657033e-05,1.1811811671613563e-05,1.1811939978035427e-05,1.181206805806503e-05,1.181219591184479e-05,1.1812323539517014e-05,1.181245094122388e-05,1.1812578117107537e-05,1.1812705067311672e-05,1.1812831791976864e-05,1.1812958291243724e-05,1.1813084565256558e-05,1.1813210614155668e-05,1.1813336438085675e-05,1.1813462037181469e-05,1.1813587411596668e-05,1.1813712561454794e-05,1.181383748690634e-05,1.1813962188090058e-05,1.1814086665145247e-05,1.1814210918217103e-05,1.1814334947446499e-05,1.1814458752974233e-05,1.1814582334941015e-05,1.18147056934875e-05,1.18148288287748e-05,1.1814951740908339e-05,1.1815074430043996e-05,1.18151968963211e-05,1.1815319139879987e-05,1.1815441160860285e-05,1.1815562959402022e-05,1.181568453564604e-05,1.181580588972181e-05,1.1815927021788881e-05,1.1816047931977096e-05,1.181616862042493e-05,1.1816289087280698e-05,1.1816409332669126e-05,1.1816529356736693e-05,1.1816649159622189e-05,1.1816768741464936e-05,1.1816888102404045e-05,1.1817007242578535e-05,1.1817126162126989e-05,1.1817244861176474e-05,1.1817363339890158e-05,1.1817481598394279e-05,1.181759963683117e-05,1.1817717455331152e-05,1.1817835054037522e-05,1.1817952433088244e-05,1.1818069592621106e-05,1.181818653276574e-05,1.1818303253676544e-05,1.1818419755484924e-05,1.1818536038327726e-05,1.1818652102344197e-05,1.181876794766903e-05,1.1818883574440828e-05,1.1818998982798618e-05,1.1819114172881595e-05,1.1819229144820943e-05,1.181934389875157e-05,1.181945843482413e-05,1.1819572753166816e-05,1.1819686853916118e-05,1.1819800737213469e-05,1.1819914403190895e-05,1.1820027851988933e-05,1.1820141083740075e-05,1.1820254098585253e-05,1.1820366896657877e-05,1.182047947809583e-05,1.1820591843034219e-05,1.1820703991610186e-05,1.1820815923959908e-05,1.1820927640218162e-05,1.1821039140522979e-05,1.1821150425010634e-05,1.1821261493816115e-05,1.1821372347074647e-05,1.1821482984922143e-05,1.1821593407494176e-05,1.1821703614926206e-05,1.1821813607353709e-05,1.1821923384913895e-05,1.1822032947738672e-05,1.1822142295949192e-05,1.1822251429706233e-05,1.1822360349136282e-05,1.1822469054377809e-05,1.1822577545557841e-05,1.1822685822809592e-05,1.1822793886276221e-05,1.182290173608658e-05,1.1823009372381055e-05,1.1823116795284573e-05,1.1823224004936303e-05,1.1823331001468893e-05,1.1823437785019995e-05,1.1823544355722125e-05,1.1823650713709251e-05,1.1823756859112979e-05,1.1823862792079811e-05,1.1823968512723544e-05,1.18240740211877e-05,1.182417931760302e-05,1.1824284402104068e-05,1.1824389274825596e-05,1.182449393589956e-05,1.1824598385460643e-05,1.1824702623640585e-05,1.1824806650573539e-05,1.1824910466390473e-05,1.182501407122734e-05,1.1825117465215529e-05,1.1825220648490223e-05,1.1825323621178998e-05,1.1825426383418284e-05,1.1825528935339493e-05,1.1825631277075023e-05,1.1825733408757603e-05,1.1825835330522992e-05,1.1825937042495513e-05,1.1826038544816283e-05,1.1826139837606531e-05,1.1826240921002584e-05,1.1826341795137566e-05,1.1826442460156543e-05,1.1826542916163925e-05,1.1826643163307761e-05,1.182674320171491e-05,1.1826843031520453e-05,1.1826942652853675e-05,1.1827042065846224e-05,1.1827141270629811e-05,1.1827240267335455e-05,1.1827339056093476e-05,1.1827437637034183e-05,1.1827536010289406e-05,1.1827634175989934e-05,1.1827732134266431e-05,1.1827829885249544e-05,1.1827927429069786e-05,1.1828024765857758e-05,1.182812189574352e-05,1.182821881885724e-05,1.182831553532781e-05,1.182841204528891e-05,1.1828508348866695e-05,1.1828604446189636e-05,1.1828700337396454e-05,1.1828796022611785e-05,1.1828891501965231e-05,1.1828986775586368e-05,1.1829081843606555e-05,1.1829176706144376e-05,1.1829271363339278e-05,1.1829365815324298e-05,1.1829460062225278e-05,1.1829554104171075e-05,1.1829647941289784e-05,1.1829741573710643e-05,1.1829835001563352e-05,1.1829928224975788e-05,1.1830021244076716e-05,1.183011405899458e-05,1.1830206669858246e-05,1.183029907679628e-05,1.1830391279937113e-05,1.1830483279408996e-05,1.1830575075340269e-05,1.1830666667859142e-05,1.183075805709375e-05,1.1830849243172135e-05,1.1830940226222283e-05,1.1831031006372007e-05,1.183112158374919e-05,1.1831211958481539e-05,1.1831302130696732e-05,1.183139210052233e-05,1.1831481868085815e-05,1.1831571433514664e-05,1.1831660796936149e-05,1.1831749958476626e-05,1.1831838918264193e-05,1.183192767642385e-05,1.1832016233086864e-05,1.1832104588378053e-05,1.1832192742424305e-05,1.1832280695352403e-05,1.1832368447289054e-05,1.183245599836088e-05,1.1832543348694362e-05,1.1832630498415983e-05,1.1832717447652128e-05,1.1832804196529068e-05,1.1832890745173275e-05,1.1832977093710732e-05,1.1833063242267516e-05,1.1833149190969512e-05,1.1833234939940471e-05,1.1833320489312596e-05,1.1833405839203156e-05,1.1833490989734416e-05,1.1833575941053174e-05,1.1833660693265866e-05,1.1833745246511851e-05,1.1833829600904039e-05,1.1833913756571418e-05,1.1833997713640534e-05,1.183408147223607e-05,1.1834165032480832e-05,1.183424839450189e-05,1.1834331558425028e-05,1.1834414524375617e-05,1.1834497292476204e-05,1.1834579862851944e-05,1.1834662235629929e-05,1.1834744410929934e-05,1.1834826388878957e-05,1.1834908169601206e-05,1.183498975322197e-05,1.1835071139872631e-05,1.1835152329660646e-05,1.1835233322716109e-05,1.1835314119169013e-05,1.183539471914238e-05,1.1835475122755603e-05,1.1835555330134507e-05,1.1835635341402328e-05,1.183571515668544e-05,1.1835794776103262e-05,1.1835874199781213e-05,1.1835953427854127e-05,1.1836032460426596e-05,1.1836111297623786e-05,1.1836189939574502e-05,1.1836268386401507e-05,1.18363466382267e-05,1.1836424695176152e-05,1.1836502557370208e-05,1.1836580224929053e-05,1.1836657697987719e-05,1.1836734976651693e-05,1.1836812061050267e-05,1.1836888951307483e-05,1.1836965647545112e-05,1.1837042149885089e-05,1.183711845845047e-05,1.1837194573362661e-05,1.1837270494743297e-05,1.1837346222711559e-05,1.1837421757397341e-05,1.1837497098917326e-05,1.1837572247394119e-05,1.1837647202949421e-05,1.18377219657068e-05,1.1837796535798066e-05,1.1837870913320142e-05,1.1837945098406218e-05,1.1838019091179417e-05,1.1838092891758846e-05,1.183816650026966e-05,1.1838239916827134e-05,1.183831314155437e-05,1.1838386174574998e-05,1.1838459016010203e-05,1.1838531665985523e-05,1.1838604124601065e-05,1.1838676391996289e-05,1.183874846828412e-05,1.1838820353590005e-05,1.1838892048030257e-05,1.1838963551727716e-05,1.1839034864801802e-05,1.1839105987372812e-05,1.18391769195611e-05,1.1839247661486587e-05,1.1839318213269455e-05,1.183938857502955e-05,1.183945874688697e-05,1.1839528728960975e-05,1.183959852137182e-05,1.1839668124238763e-05,1.183973753768128e-05,1.1839806761818996e-05,1.183987579677134e-05,1.1839944642657626e-05,1.1840013299597108e-05,1.184008176770895e-05,1.1840150047112291e-05,1.1840218137925907e-05,1.184028604026889e-05,1.1840353754260799e-05,1.18404212800194e-05,1.1840488617664474e-05,1.1840555767313496e-05,1.184062272908584e-05,1.1840689503099993e-05,1.184075608947439e-05,1.184082248832738e-05,1.1840888699777295e-05,1.184095472394234e-05,1.1841020560940665e-05,1.1841086210890375e-05,1.184115167390948e-05,1.1841216950115915e-05,1.1841282039627544e-05,1.1841346942562182e-05,1.1841411659037537e-05,1.184147618917125e-05,1.1841540533080906e-05,1.184160469088517e-05,1.1841668662700332e-05,1.1841732448642112e-05,1.1841796048830063e-05,1.1841859463379285e-05,1.1841922692407716e-05,1.1841985736037037e-05,1.1842048594377482e-05,1.1842111267549815e-05,1.184217375568235e-05,1.184223605886794e-05,1.1842298177234378e-05,1.1842360110898567e-05,1.1842421859976791e-05,1.1842483424579125e-05,1.1842544804837016e-05,1.184260600085631e-05,1.1842667012754553e-05,1.18427278406603e-05,1.1842788484669063e-05,1.1842848944904917e-05,1.1842909221486774e-05,1.1842969314528846e-05,1.1843029224148402e-05,1.1843088950458862e-05,1.1843148493577045e-05,1.1843207853618233e-05,1.1843267030698556e-05,1.1843326024935498e-05,1.184338483643986e-05,1.1843443465327531e-05,1.1843501911718416e-05,1.1843560175723875e-05,1.184361825745982e-05,1.1843676157042825e-05,1.1843733874586546e-05,1.1843791410197696e-05,1.1843848764007951e-05,1.1843905936119608e-05,1.184396292665479e-05,1.1844019735723706e-05,1.1844076363442032e-05,1.1844132809924274e-05,1.1844189075284838e-05,1.1844245159638093e-05,1.1844301063098353e-05,1.1844356785779811e-05,1.1844412327796622e-05,1.1844467689262866e-05,1.1844522870292572e-05,1.1844577870999682e-05,1.1844632691498058e-05,1.1844687331901476e-05,1.1844741792323686e-05,1.1844796072878353e-05,1.1844850173679033e-05,1.1844904094840612e-05,1.184495783647521e-05,1.1845011398696336e-05,1.1845064781617246e-05,1.1845117985350998e-05,1.1845171010010776e-05,1.1845223855709778e-05,1.1845276522561042e-05,1.1845329010677586e-05,1.184538132017223e-05,1.184543345115785e-05,1.1845485403747149e-05,1.1845537178052864e-05,1.1845588774188337e-05,1.18456401922646e-05,1.1845691432394866e-05,1.1845742494691569e-05,1.1845793379267388e-05,1.18458440862366e-05,1.1845894615709122e-05,1.1845944967796684e-05,1.1845995142611694e-05,1.1846045140265984e-05,1.1846094960871533e-05,1.1846144604544464e-05,1.1846194071388727e-05,1.1846243361519672e-05,1.1846292475046357e-05,1.184634141208302e-05,1.1846390172741173e-05,1.1846438757132243e-05,1.184648716536778e-05,1.1846535397558436e-05,1.1846583453811913e-05,1.18466313342476e-05,1.1846679038972373e-05,1.184672656809753e-05,1.1846773921733292e-05,1.1846821099991403e-05,1.1846868102982578e-05,1.1846914930817247e-05,1.1846961583606324e-05,1.1847008061453477e-05,1.1847054364480997e-05,1.1847100492790296e-05,1.1847146446506489e-05,1.184719222572052e-05,1.1847237830549073e-05,1.1847283261110402e-05,1.1847328517510763e-05,1.1847373599862454e-05,1.1847418508267902e-05,1.1847463242841261e-05,1.184750780369249e-05,1.1847552190930112e-05,1.184759640466477e-05,1.1847640445005926e-05,1.1847684312063751e-05,1.1847728005951062e-05,1.1847771526770069e-05,1.1847814874633852e-05,1.184785804964649e-05,1.1847901051927387e-05,1.184794388157996e-05,1.1847986538714153e-05,1.1848029023438998e-05,1.1848071335863522e-05,1.1848113476096847e-05,1.1848155444247615e-05,1.1848197240424737e-05,1.1848238864736883e-05,1.1848280317292733e-05,1.1848321598200889e-05,1.1848362707569883e-05,1.1848403645508195e-05,1.1848444412124231e-05,1.1848485007526337e-05,1.1848525431822758e-05,1.184856568512172e-05,1.1848605767531357e-05,1.1848645679159762e-05,1.1848685420114935e-05,1.1848724990504812e-05,1.1848764390437253e-05,1.1848803620020048e-05,1.1848842679360982e-05,1.18488815685677e-05,1.1848920287747837e-05,1.1848958837008927e-05,1.1848997216458424e-05,1.184903542620379e-05,1.1849073466352338e-05,1.1849111337011379e-05,1.1849149038288089e-05,1.1849186570289646e-05,1.1849223933123107e-05,1.1849261126895498e-05,1.1849298151713775e-05,1.1849335007684807e-05,1.184937169491542e-05,1.1849408213512378e-05,1.184944456358238e-05,1.184948074523202e-05,1.1849516758567872e-05,1.1849552603696182e-05,1.184958828072364e-05,1.1849623789756576e-05,1.1849659130901302e-05,1.184969430426403e-05,1.1849729309950945e-05,1.1849764148068138e-05,1.1849798818721141e-05,1.1849833322016973e-05,1.184986765806064e-05,1.1849901826958655e-05,1.1849935828816618e-05,1.1849969663740135e-05,1.1850003331836926e-05,1.1850036833208177e-05,1.1850070167961895e-05,1.1850103336203084e-05,1.1850136338037226e-05,1.1850169173570133e-05,1.185020184290673e-05,1.1850234346153443e-05,1.1850266683412958e-05,1.1850298854791017e-05,1.1850330860393663e-05,1.1850362700325372e-05,1.1850394374691761e-05,1.1850425883597257e-05,1.1850457227144785e-05,1.185048840543798e-05,1.1850519418586464e-05,1.1850550266697027e-05,1.1850580949864007e-05,1.1850611468197184e-05,1.1850641821800939e-05,1.1850672010780392e-05,1.1850702035238907e-05,1.1850731895280889e-05,1.1850761591010071e-05,1.1850791122530684e-05,1.185082048994367e-05,1.1850849693358415e-05,1.1850878732876818e-05,1.185090760860255e-05,1.1850936320639347e-05,1.1850964869089513e-05,1.1850993254056951e-05,1.1851021475646147e-05,1.1851049533960545e-05,1.1851077429101414e-05,1.1851105161173581e-05,1.1851132730281017e-05,1.1851160136528382e-05,1.1851187380016623e-05,1.1851214460849194e-05,1.1851241379129133e-05,1.1851268134959437e-05,1.1851294728442964e-05,1.1851321159682582e-05,1.1851347428781029e-05,1.1851373535841163e-05,1.1851399480965487e-05,1.1851425264255673e-05,1.1851450885815042e-05,1.1851476345744767e-05,1.1851501644148517e-05,1.1851526781135677e-05,1.1851551756801859e-05,1.185157657124907e-05,1.1851601224574514e-05,1.1851625716885246e-05,1.1851650048283406e-05,1.1851674218871576e-05,1.1851698228750526e-05,1.1851722078021791e-05,1.185174576678788e-05,1.1851769295149685e-05,1.1851792663210095e-05,1.185181587106977e-05,1.1851838918830446e-05,1.18518618065938e-05,1.1851884534461102e-05,1.1851907102533631e-05,1.185192951091273e-05,1.1851951759699614e-05,1.1851973848995413e-05,1.1851995778901241e-05,1.185201754951811e-05,1.1852039160946983e-05,1.1852060613288771e-05,1.1852081906644305e-05,1.1852103041115758e-05,1.1852124016802332e-05,1.1852144833804591e-05,1.185216549222321e-05,1.1852185992158708e-05,1.1852206333711604e-05,1.1852226516981443e-05,1.1852246542069676e-05,1.185226640907642e-05,1.185228611810197e-05,1.1852305669246377e-05,1.1852325062609807e-05,1.1852344298292322e-05,1.1852363376393899e-05,1.1852382297014369e-05,1.1852401060253648e-05,1.1852419666211539e-05,1.1852438114987798e-05,1.1852456406682075e-05,1.1852474541393966e-05,1.185249251922302e-05,1.1852510340268727e-05,1.1852528004630538e-05,1.1852545512407804e-05,1.185256286369985e-05,1.1852580058605909e-05,1.1852597097225195e-05,1.185261397965683e-05,1.1852630705999874e-05,1.1852647276353285e-05,1.1852663690816068e-05,1.1852679949487068e-05,1.1852696052465112e-05,1.1852711999849017e-05,1.1852727791737437e-05,1.1852743428228997e-05,1.1852758909422383e-05,1.1852774235415953e-05,1.1852789406308206e-05,1.185280442219761e-05,1.18528192831822e-05,1.1852833989359868e-05,1.1852848540830143e-05,1.1852862937690932e-05,1.1852877180039934e-05,1.1852891267975214e-05,1.18529052015947e-05,1.1852918980996385e-05,1.1852932606278124e-05,1.1852946077537686e-05,1.1852959394872707e-05,1.1852972558380993e-05,1.1852985568160154e-05,1.1852998424307949e-05,1.1853011126921695e-05,1.1853023676098825e-05,1.185303607193673e-05,1.1853048314532747e-05,1.1853060403984125e-05,1.1853072340388074e-05,1.1853084123841753e-05,1.1853095754442222e-05,1.185310723228654e-05,1.1853118557471652e-05,1.1853129730094495e-05,1.1853140750251882e-05,1.1853151618040617e-05,1.1853162333557434e-05,1.1853172896899004e-05,1.1853183308161923e-05,1.1853193567442783e-05,1.185320367483804e-05,1.1853213630444154e-05,1.1853223434357474e-05,1.1853233086674346e-05,1.1853242587491032e-05,1.1853251936903742e-05,1.1853261135008594e-05,1.185327018190168e-05,1.185327907767902e-05,1.1853287822436588e-05,1.185329641627026e-05,1.1853304859275924e-05,1.185331315154934e-05,1.1853321293186258e-05,1.1853329284282363e-05,1.1853337124933269e-05,1.1853344815234494e-05,1.1853352355281586e-05,1.1853359745169951e-05,1.1853366984994842e-05,1.1853374074851713e-05,1.1853381014835828e-05,1.1853387805042382e-05,1.1853394445566562e-05,1.185340093650344e-05,1.1853407277948024e-05,1.185341346999529e-05,1.185341951274012e-05,1.1853425406277363e-05,1.1853431150702142e-05,1.1853436746108927e-05,1.1853442192592479e-05,1.1853447490247365e-05,1.185345263916818e-05,1.18534576394493e-05,1.1853462491185357e-05,1.1853467194470766e-05,1.1853471749399852e-05,1.1853476156066847e-05,1.1853480414565983e-05,1.185348452499144e-05,1.1853488487437268e-05,1.1853492301997577e-05,1.1853495968766334e-05,1.1853499487837479e-05,1.185350285930488e-05,1.18535060832624e-05,1.1853509159803749e-05,1.1853512089022665e-05,1.1853514871012776e-05,1.1853517505867696e-05,1.1853519993680947e-05,1.1853522334546025e-05,1.185352452855633e-05,1.1853526575805244e-05,1.185352847638607e-05,1.1853530230392052e-05,1.1853531837916398e-05,1.1853533299052229e-05,1.1853534613892626e-05,1.1853535782530614e-05,1.1853536805059178e-05,1.1853537681571208e-05,1.1853538412159549e-05,1.1853538996917021e-05,1.1853539435936366e-05,1.1853539729310261e-05,1.1853539877131353e-05,1.1853539879492196e-05,1.1853539736485316e-05,1.1853539448203152e-05,1.1853539014738107e-05,1.1853538436182532e-05,1.1853537712628724e-05,1.1853536844168896e-05,1.1853535830895623e-05,1.1853534672900855e-05,1.1853533370276243e-05,1.1853531923114008e-05,1.1853530331505778e-05,1.1853528595543794e-05,1.1853526715319853e-05,1.18535246909258e-05,1.1853522522453157e-05,1.185352020999373e-05,1.1853517753639207e-05,1.1853515153481096e-05,1.1853512409610895e-05,1.185350952212004e-05,1.1853506491099939e-05,1.1853503316641928e-05,1.1853499998837326e-05,1.1853496537777313e-05,1.1853492933553137e-05,1.1853489186256429e-05,1.1853485295977057e-05,1.1853481262806621e-05,1.1853477086836083e-05,1.1853472768156347e-05,1.1853468306858248e-05,1.1853463703032557e-05,1.1853458956770007e-05,1.1853454068161277e-05,1.1853449037296963e-05,1.1853443864267644e-05,1.1853438549163157e-05,1.185343309207523e-05,1.1853427493093753e-05,1.1853421752308905e-05,1.185341586981106e-05,1.1853409845690333e-05,1.1853403680037026e-05,1.1853397372941342e-05,1.1853390924493107e-05,1.185338433478263e-05,1.1853377603899485e-05,1.1853370731933762e-05,1.1853363718975392e-05,1.1853356565114065e-05,1.1853349270439532e-05,1.1853341835041493e-05,1.1853334259009511e-05,1.1853326542433298e-05,1.185331868540227e-05,1.1853310688005765e-05,1.1853302550333489e-05,1.1853294272474493e-05,1.1853285854518397e-05,1.1853277296554284e-05,1.185326859867135e-05,1.1853259760958733e-05,1.1853250783505527e-05,1.185324166640074e-05,1.1853232409732972e-05,1.185322301359193e-05,1.1853213478066267e-05,1.1853203803244466e-05,1.1853193989215392e-05,1.1853184036067784e-05,1.1853173943890331e-05,1.1853163712771627e-05,1.1853153342800034e-05,1.1853142834064007e-05,1.1853132186652435e-05,1.1853121400653371e-05,1.1853110476155259e-05,1.185309941324642e-05,1.1853088212014785e-05,1.1853076872548696e-05,1.1853065394934581e-05,1.1853053779262195e-05,1.1853042025619518e-05,1.1853030134094511e-05,1.1853018104776848e-05,1.1853005937752316e-05,1.1852993633108992e-05,1.185298119093464e-05,1.1852968611316925e-05,1.1852955894343481e-05,1.1852943040101874e-05,1.185293004867963e-05,1.1852916920164224e-05,1.18529036546431e-05,1.1852890252203613e-05,1.1852876712933055e-05,1.1852863036918678e-05,1.1852849224247738e-05,1.1852835275007334e-05,1.1852821189284576e-05,1.1852806967166503e-05,1.185279260874014e-05,1.1852778114092412e-05,1.1852763483310201e-05,1.185274871648033e-05,1.1852733813689603e-05,1.1852718775024749e-05,1.1852703600572427e-05,1.1852688290419286e-05,1.185267284465187e-05,1.185265726335672e-05,1.1852641546620535e-05,1.1852625694529477e-05,1.1852609707169922e-05,1.1852593584628188e-05,1.1852577326990499e-05,1.1852560934343062e-05,1.1852544406772043e-05,1.1852527744363532e-05,1.1852510947203592e-05,1.1852494015378187e-05,1.1852476948973274e-05,1.1852459748074745e-05,1.1852442412768437e-05,1.1852424943140132e-05,1.1852407339275557e-05,1.1852389601260415e-05,1.1852371729180311e-05,1.1852353723120804e-05,1.1852335583167455e-05,1.1852317309405713e-05,1.1852298901920999e-05,1.1852280360798705e-05,1.1852261686124114e-05,1.1852242877982518e-05,1.1852223936459085e-05,1.1852204861639025e-05,1.1852185653607441e-05,1.1852166312449338e-05,1.1852146838249789e-05,1.1852127231093592e-05,1.1852107491065756e-05,1.1852087618251182e-05,1.1852067612734614e-05,1.1852047474600837e-05,1.1852027203934546e-05,1.1852006800820387e-05,1.1851986265342958e-05,1.1851965597586766e-05,1.1851944797636332e-05,1.185192386557608e-05,1.1851902801490372e-05,1.1851881605463591e-05,1.1851860277580005e-05,1.1851838817923826e-05,1.1851817226579267e-05,1.1851795503630451e-05,1.1851773649161473e-05,1.1851751663256337e-05,1.1851729545999027e-05,1.1851707297473461e-05,1.1851684917763529e-05,1.1851662406953046e-05,1.1851639765125788e-05,1.1851616992365502e-05,1.1851594088755831e-05,1.1851571054380407e-05,1.1851547889322809e-05,1.1851524593666533e-05,1.1851501167495064e-05,1.1851477610891846e-05,1.1851453923940205e-05,1.1851430106723488e-05,1.1851406159324957e-05,1.1851382081827827e-05,1.1851357874315616e-05,1.1851333536870866e-05,1.1851309069577095e-05,1.1851284472514376e-05,1.1851259745767874e-05,1.1851234889423931e-05,1.1851209903562616e-05,1.1851184788265145e-05,1.1851159543617123e-05,1.185113416969968e-05,1.1851108666595852e-05,1.1851083034388099e-05,1.1851057273158974e-05,1.185103138299108e-05,1.1851005363966785e-05,1.1850979216168476e-05,1.185095293967673e-05,1.1850926534575613e-05,1.185090000094927e-05,1.1850873338878065e-05,1.1850846548444151e-05,1.185081962972927e-05,1.1850792582815968e-05,1.1850765407786185e-05,1.185073810472237e-05,1.1850710673705938e-05,1.1850683114818743e-05,1.1850655428142558e-05,1.1850627613759169e-05,1.1850599671750292e-05,1.1850571602197546e-05,1.185054340518385e-05,1.1850515080789834e-05,1.1850486629097134e-05,1.1850458050184877e-05,1.1850429344136195e-05,1.1850400511032591e-05,1.1850371550955467e-05,1.1850342463986053e-05,1.1850313250205311e-05,1.1850283909695973e-05,1.185025444253745e-05,1.185022484881049e-05,1.1850195128596742e-05,1.1850165281977022e-05,1.1850135309032653e-05,1.1850105209844737e-05,1.1850074984493766e-05,1.1850044633060275e-05,1.185001415562527e-05,1.184998355226956e-05,1.184995282307243e-05,1.1849921968116663e-05,1.1849890987481785e-05,1.1849859881245519e-05,1.1849828649494115e-05,1.1849797292304353e-05,1.1849765809756219e-05,1.184973420193114e-05,1.1849702468910147e-05,1.1849670610771735e-05,1.1849638627596656e-05,1.1849606519466637e-05,1.184957428646015e-05,1.1849541928657206e-05,1.1849509446137712e-05,1.1849476838981631e-05,1.1849444107268812e-05,1.1849411251079067e-05,1.1849378270491508e-05,1.1849345165586418e-05,1.1849311936443416e-05,1.1849278583142187e-05,1.184924510576225e-05,1.1849211504383107e-05,1.1849177779084254e-05,1.184914392994508e-05,1.1849109957043016e-05,1.1849075860459368e-05,1.1849041640273328e-05,1.184900729656413e-05,1.1848972829411104e-05,1.1848938238892604e-05,1.18489035250883e-05,1.1848868688077572e-05,1.1848833727939382e-05,1.1848798644751634e-05,1.1848763438593771e-05,1.1848728109545579e-05,1.1848692657685068e-05,1.1848657083091026e-05,1.184862138584227e-05,1.1848585566017374e-05,1.1848549623694787e-05,1.18485135589528e-05,1.1848477371870265e-05,1.1848441062525735e-05,1.1848404630997478e-05,1.1848368077363616e-05,1.1848331401703006e-05,1.184829460409364e-05,1.1848257684613641e-05,1.184822064334115e-05,1.18481834803523e-05,1.18481461957295e-05,1.1848108789548537e-05,1.1848071261887458e-05,1.184803361282418e-05,1.1847995842436593e-05,1.1847957950801273e-05,1.1847919937997681e-05,1.1847881804103127e-05,1.184784354919619e-05,1.184780517335367e-05,1.1847766676653128e-05,1.184772805917164e-05,1.1847689320987689e-05,1.184765046217835e-05,1.1847611482825307e-05,1.1847572382997421e-05,1.184753316277622e-05,1.1847493822238975e-05,1.1847454361462922e-05,1.184741478052523e-05,1.1847375079503045e-05,1.1847335258473444e-05,1.1847295317513494e-05,1.184725525669977e-05,1.184721507611001e-05,1.1847174775820785e-05,1.1847134355908901e-05,1.1847093816451112e-05,1.1847053157522985e-05,1.1847012379203913e-05,1.1846971481567312e-05,1.1846930464693395e-05,1.1846889328654703e-05,1.184684807353219e-05,1.1846806699400407e-05,1.1846765206337521e-05,1.18467235944162e-05,1.184668186371462e-05,1.1846640014309709e-05,1.1846598046277383e-05,1.1846555959691595e-05,1.1846513754631332e-05,1.1846471431172135e-05,1.1846428989386476e-05,1.1846386429356682e-05,1.1846343751161118e-05,1.1846300954864946e-05,1.1846258040549773e-05,1.1846215008290482e-05,1.1846171858164076e-05,1.1846128590246275e-05,1.1846085204612335e-05,1.1846041701338581e-05,1.1845998080498326e-05,1.1845954342179436e-05,1.1845910486445037e-05,1.1845866513361722e-05,1.1845822423013607e-05,1.1845778215478083e-05,1.1845733890832795e-05,1.1845689449150595e-05,1.1845644890506608e-05,1.184560021497605e-05,1.1845555422634074e-05,1.1845510513555767e-05,1.184546548781623e-05,1.1845420345493582e-05,1.1845375086656477e-05,1.1845329711383137e-05,1.1845284219748852e-05,1.1845238611826533e-05,1.1845192887693698e-05,1.1845147047424351e-05,1.184510109109087e-05,1.1845055018769733e-05,1.1845008830536435e-05,1.1844962526469913e-05,1.184491610663402e-05,1.184486957110857e-05,1.184482291996799e-05,1.184477615328764e-05,1.184472927114168e-05,1.1844682273607117e-05,1.184463516075318e-05,1.1844587932653477e-05,1.1844540589383246e-05,1.184449313101736e-05,1.1844445557628936e-05,1.1844397869294523e-05,1.1844350066086635e-05,1.1844302148073045e-05,1.1844254115337617e-05,1.1844205967953127e-05,1.184415770599008e-05,1.1844109329523088e-05,1.1844060838625879e-05,1.1844012233372068e-05,1.1843963513827729e-05,1.1843914680074337e-05,1.1843865732185391e-05,1.1843816670234373e-05,1.1843767494294636e-05,1.1843718204439593e-05,1.1843668800742557e-05,1.1843619283276801e-05,1.1843569652115553e-05,1.1843519907332035e-05,1.184347004899945e-05,1.1843420077190896e-05,1.1843369991979432e-05,1.1843319793438107e-05,1.1843269481639875e-05,1.184321905665772e-05,1.1843168518564574e-05,1.1843117867433282e-05,1.1843067103336612e-05,1.1843016226347368e-05,1.1842965236538327e-05,1.1842914133986057e-05,1.1842862918759232e-05,1.1842811590930455e-05,1.1842760150572277e-05,1.1842708597757235e-05,1.1842656932552757e-05,1.1842605155028296e-05,1.1842553265265412e-05,1.184250126333621e-05,1.1842449149312867e-05,1.184239692326739e-05,1.1842344585284564e-05,1.1842292135423851e-05,1.1842239573751014e-05,1.1842186900343957e-05,1.184213411527473e-05,1.1842081218615327e-05,1.1842028210437663e-05,1.1841975090813663e-05,1.1841921859815127e-05,1.1841868517513895e-05,1.1841815063981718e-05,1.1841761499290271e-05,1.184170782351123e-05,1.1841654036715337e-05,1.1841600138981475e-05,1.1841546130375551e-05,1.1841492010969281e-05,1.1841437780834632e-05,1.1841383440035886e-05,1.1841328988652775e-05,1.1841274426754357e-05,1.1841219754409765e-05,1.1841164971694285e-05,1.1841110078675776e-05,1.1841055075424362e-05,1.1840999962015016e-05,1.1840944738518927e-05,1.184088940500561e-05,1.1840833961538272e-05,1.1840778408211466e-05,1.1840722745071848e-05,1.1840666972198486e-05,1.184061108966195e-05,1.1840555097536532e-05
12,1.6009326606170082e-83,1.1047812457089066e-82,4.153161544835517e-82,1.1608847688567059e-81,2.704162377039151e-81,5.559621119573039e-81,1.0433142281581936e-80,1.8259293544474264e-80,3.0242050511319033e-80,4.789901814328805e-80,7.310916123323034e-80,1.0816402293337337e-79,1.5582241493590938e-79,2.1936856093618472e-79,3.0267367413095036e-79,4.102609574645987e-79,5.47374013179054e-79,7.200486534793985e-79,9.351881045196306e-79,1.2006415979087733e-78,1.525286370314059e-78,1.919112925396992e-78,2.393313866323894e-78,2.9603759638665903e-78,3.6341756005050043e-78,4.430077614240182e-78,5.365037492676637e-78,6.457706926486961e-78,7.728542719353555e-78,9.19991905147587e-78,1.0896243093715633e-77,1.2844073969436697e-77,1.5072245061074234e-77,1.7611989658456314e-77,2.0497069945893782e-77,2.3763909325030577e-77,2.7451728070449423e-77,3.1602682315018403e-77,3.6262006361958925e-77,4.147815832061515e-77,4.730296906289941e-77,5.379179449739922e-77,6.100367115810484e-77,6.900147510475826e-77,7.785208413178588e-77,8.762654328280564e-77,9.840023366769736e-77,1.1025304457918286e-76,1.2326954890597005e-76,1.3753918183939765e-76,1.5315642287058885e-76,1.702209810751229e-76,1.888379836821935e-76,2.0911816792528742e-76,2.3117807617136386e-76,2.5514025432554855e-76,2.811334535083516e-76,3.092928350024163e-76,3.397601784658184e-76,3.726840934089284e-76,4.0822023393185645e-76,4.4653151671950413e-76,4.877883422912534e-76,5.321688195022952e-76,5.798589932936668e-76,6.310530756879992e-76,6.859536800280207e-76,7.447720584548577e-76,8.077283426231775e-76,8.75051787650195e-76,9.469810192956182e-76,1.0237642843695607e-75,1.1056597043654857e-75,1.192935532315229e-75,1.2858704128631537e-75,1.3847536455565077e-75,1.4898854513490382e-75,1.6015772423149345e-75,1.720151894570152e-75,1.8459440243982104e-75,1.9793002675775256e-75,2.1205795619073397e-75,2.2701534329293506e-75,2.428406282842114e-75,2.5957356826052843e-75,2.772552667230841e-75,2.9592820342582145e-75,3.1563626454107463e-75,3.364247731430162e-75,3.583405200086454e-75,3.814317947360112e-75,4.0574841717940847e-75,4.313417692011829e-75,4.58264826740004e-75,4.865721921950709e-75,5.163201271262879e-75,5.475665852698204e-75,5.803712458689165e-75,6.147955473196526e-75,6.509027211313185e-75,6.887578262011605e-75,7.284277834031913e-75,7.699814104907781e-75,8.13489457312728e-75,8.590246413425804e-75,9.066616835207544e-75,9.564773444096548e-75,1.0085504606604862e-74,1.062961981792774e-74,1.1197950072853434e-74,1.1791348239787866e-74,1.2410689437894886e-74,1.305687141733885e-74,1.3730814942640539e-74,1.4433464179133234e-74,1.5165787082520139e-74,1.5928775791529835e-74,1.6723447023666663e-74,1.7550842474053526e-74,1.8412029217364004e-74,1.930810011284107e-74,2.0240174212399712e-74,2.1209397171810326e-74,2.2216941664960544e-74,2.3264007801191985e-74,2.4351823545709984e-74,2.548164514306273e-74,2.6654757543687495e-74,2.7872474833520834e-74,2.91361406666703e-74,3.0447128701144367e-74,3.1806843037638474e-74,3.321671866137358e-74,3.467822188698537e-74,3.619285080646016e-74,3.776213574011595e-74,3.9387639690625e-74,4.107095880007544e-74,4.2813722810069156e-74,4.4617595524853094e-74,4.648427527748128e-74,4.8415495399004615e-74,5.04130246906863e-74,5.247866789923873e-74,5.461426619508113e-74,5.682169765361307e-74,5.910287773950297e-74,6.145975979398687e-74,6.389433552517706e-74,6.6408635501375485e-74,6.900472964739098e-74,7.16847277438566e-74,7.445077992954397e-74,7.730507720667409e-74,8.024985194921852e-74,8.3287378414191e-74,8.641997325592572e-74,8.964999604333885e-74,9.297984978017199e-74,9.641198142821396e-74,9.994888243349812e-74,1.0359308925547276e-73,1.0734718389914253e-73,1.1121379445017641e-73,1.1519559561298121e-73,1.1929530925173727e-73,1.2351570493439348e-73,1.2785960047961925e-73,1.3232986250671037e-73,1.3692940698844634e-73,1.4166119980689642e-73,1.4652825731217218e-73,1.5153364688412192e-73,1.5668048749696724e-73,1.619719502868767e-73,1.6741125912247522e-73,1.7300169117828518e-73,1.7874657751109857e-73,1.8464930363927526e-73,1.907133101249669e-73,1.969420931592614e-73,2.0333920515024728e-73,2.0990825531399477e-73,2.1665291026845048e-73,2.235768946302431e-73,2.3068399161439735e-73,2.37978043636955e-73,2.4546295292049806e-73,2.5314268210257227e-73,2.6102125484700962e-73,2.6910275645814487e-73,2.773913344979259e-73,2.85891199405913e-73,2.946066251221659e-73,3.0354194971301585e-73,3.127015759997194e-73,3.2208997218999106e-73,3.317116725124132e-73,3.4157127785372136e-73,3.5167345639895806e-73,3.620229442744993e-73,3.726245461939428e-73,3.834831361068652e-73,3.946036578504355e-73,4.059911258038912e-73,4.176506255458648e-73,4.295873145145704e-73,4.4180642267083384e-73,4.5431325316397637e-73,4.6711318300054103e-73,4.8021166371586186e-73,4.936142220484741e-73,5.0732646061736167e-73,5.2135405860203974e-73,5.3570277242546945e-73,5.503784364398015e-73,5.653869636149501e-73,5.807343462299886e-73,5.964266565673655e-73,6.124700476099477e-73,6.288707537408698e-73,6.456350914462083e-73,6.627694600204593e-73,6.802803422748299e-73,6.981743052483359e-73,7.164580009217e-73,7.351381669340567e-73,7.54221627302454e-73,7.737152931441476e-73,7.936261634016963e-73,8.139613255708409e-73,8.347279564311796e-73,8.55933322779623e-73,8.775847821666354e-73,8.996897836353292e-73,9.222558684629802e-73,9.452906709060312e-73,9.688019189471587e-73,9.927974350454636e-73,1.0172851368893626e-72,1.0422730381522398e-72,1.0677692492508707e-72,1.0937819781065962e-72,1.120319530909264e-72,1.1473903128839201e-72,1.175002829060256e-72,1.2031656850448074e-72,1.2318875877958954e-72,1.2611773464013227e-72,1.2910438728588052e-72,1.3214961828591476e-72,1.352543396572156e-72,1.3841947394352895e-72,1.416459542945037e-72,1.4493472454510345e-72,1.482867392952903e-72,1.517029639899816e-72,1.55184374999279e-72,1.587319596989693e-72,1.6234671655129735e-72,1.6602965518601038e-72,1.69781796481674e-72,1.7360417264725887e-72,1.7749782730399792e-72,1.8146381556751574e-72,1.855032041302254e-72,1.89617071343999e-72,1.9380650730310434e-72,1.98072613927414e-72,2.0241650504588256e-72,2.0683930648029326e-72,2.1134215612927262e-72,2.1592620405257563e-72,2.2059261255563677e-72,2.2534255627439124e-72,2.30177222260363e-72,2.3509781006602074e-72,2.40105531830401e-72,2.4520161236499913e-72,2.503872892399257e-72,2.556638128703316e-72,2.6103244660309747e-72,2.6649446680379057e-72,2.7205116294388765e-72,2.777038376882623e-72,2.8345380698293914e-72,2.8930240014311194e-72,2.952509599414282e-72,3.0130084269653673e-72,3.0745341836190074e-72,3.137100706148752e-72,3.200721969460472e-72,3.265412087488415e-72,3.3311853140938844e-72,3.3980560439665557e-72,3.466038813528417e-72,3.5351483018403476e-72,3.6053993315113187e-72,3.67680686961021e-72,3.749386028580251e-72,3.82315206715608e-72,3.8981203912834315e-72,3.9743065550414047e-72,4.051726261567384e-72,4.130395363984535e-72,4.210329866331924e-72,4.291545924497234e-72,4.374059847152087e-72,4.4578880966899614e-72,4.543047290166709e-72,4.629554200243667e-72,4.717425756133352e-72,4.806679044547756e-72,4.897331310649232e-72,4.989399959003944e-72,5.082902554537917e-72,5.177856823495672e-72,5.274280654401423e-72,5.372192099022849e-72,5.471609373337458e-72,5.572550858501498e-72,5.675035101821464e-72,5.77908081772813e-72,5.884706888753201e-72,5.991932366508461e-72,6.100776472667545e-72,6.211258599950209e-72,6.323398313109203e-72,6.437215349919659e-72,6.552729622171054e-72,6.669961216661704e-72,6.78893039619582e-72,6.909657600583062e-72,7.032163447640722e-72,7.156468734198334e-72,7.282594437104931e-72,7.410561714238703e-72,7.540391905519353e-72,7.672106533922828e-72,7.80572730649866e-72,7.941276115389807e-72,8.07877503885504e-72,8.218246342293789e-72,8.359712479273576e-72,8.503196092559925e-72,8.648720015148796e-72,8.796307271301506e-72,8.945981077582216e-72,9.097764843897846e-72,9.251682174540548e-72,9.407756869232673e-72,9.566012924174226e-72,9.72647453309279e-72,9.889166088296013e-72,1.005411218172653e-71,1.0221337606019403e-71,1.0390867355562012e-71,1.0562726627556483e-71,1.0736940823084572e-71,1.091353554817501e-71,1.1092536614873357e-71,1.1273970042314332e-71,1.145786205779659e-71,1.1644239097859997e-71,1.183312780936536e-71,1.2024555050576623e-71,1.221854789224555e-71,1.2415133618698822e-71,1.2614339728927665e-71,1.2816193937679851e-71,1.3020724176554244e-71,1.3227958595097719e-71,1.3437925561904587e-71,1.3650653665718457e-71,1.3866171716536522e-71,1.4084508746716306e-71,1.4305694012084866e-71,1.4529756993050406e-71,1.4756727395716361e-71,1.4986635152997879e-71,1.5219510425740767e-71,1.5455383603842858e-71,1.5694285307377815e-71,1.5936246387721321e-71,1.6181297928679776e-71,1.6429471247621312e-71,1.6680797896609313e-71,1.693530966353832e-71,1.7193038573272344e-71,1.745401688878562e-71,1.771827711230571e-71,1.7985851986459093e-71,1.8256774495419156e-71,1.853107786605648e-71,1.880879556909171e-71,1.90899613202506e-71,1.9374609081421717e-71,1.9662773061816304e-71,1.9954487719130665e-71,2.0249787760710914e-71,2.0548708144720127e-71,2.0851284081307816e-71,2.1157551033782005e-71,2.146754471978325e-71,2.17813011124615e-71,2.2098856441655105e-71,2.2420247195072233e-71,2.274551011947469e-71,2.307468222186406e-71,2.340780077067026e-71,2.374490329694248e-71,2.408602759554241e-71,2.443121172633988e-71,2.478049401541095e-71,2.513391305623809e-71,2.5491507710913074e-71,2.5853317111341952e-71,2.621938066045245e-71,2.6589738033403854e-71,2.696442917879897e-71,2.7343494319898745e-71,2.7726973955838968e-71,2.811490886284947e-71,2.850734009547559e-71,2.8904308987802002e-71,2.9305857154678904e-71,2.9712026492950473e-71,3.0122859182685735e-71,3.0538397688411664e-71,3.095868476034875e-71,3.138376343564865e-71,3.18136770396345e-71,3.224846918704329e-71,3.2688183783270506e-71,3.3132865025617404e-71,3.358255740454033e-71,3.4037305704902412e-71,3.449715500722756e-71,3.4962150688956837e-71,3.5432338425707085e-71,3.590776419253183e-71,3.638847426518452e-71,3.687451522138408e-71,3.736593394208274e-71,3.786277761273613e-71,3.836509372457575e-71,3.887293007588364e-71,3.938633477326937e-71,3.990535623294937e-71,4.043004318202846e-71,4.096044465978371e-71,4.149661001895056e-71,4.203858892701128e-71,4.258643136748557e-71,4.314018764122361e-71,4.369990836770123e-71,4.426564448631744e-71,4.4837447257694175e-71,4.541536826497834e-71,4.599945941514612e-71,4.658977294030952e-71,4.718636139902526e-71,4.7789277677605686e-71,4.8398574991432265e-71,4.9014306886271085e-71,4.963652723959075e-71,5.026529026188237e-71,5.0900650497981995e-71,5.154266282839519e-71,5.219138247062371e-71,5.284686498049475e-71,5.350916625349214e-71,5.417834252608989e-71,5.4854450377088005e-71,5.553754672895045e-71,5.6227688849145404e-71,5.692493435148767e-71,5.762934119748354e-71,5.83409676976774e-71,5.9059872513001265e-71,5.978611465612569e-71,6.0519753492813735e-71,6.126084874327658e-71,6.200946048353151e-71,6.276564914676219e-71,6.35294755246812e-71,6.430100076889437e-71,6.508028639226797e-71,6.586739427029756e-71,6.666238664247923e-71,6.746532611368315e-71,6.827627565552919e-71,6.909529860776472e-71,6.992245867964474e-71,7.0757819951313995e-71,7.16014468751915e-71,7.245340427735708e-71,7.331375735894025e-71,7.418257169751106e-71,7.505991324847347e-71,7.594584834646046e-71,7.684044370673173e-71,7.77437664265733e-71,7.86558839866994e-71,7.95768642526565e-71,8.050677547622974e-71,8.144568629685087e-71,8.239366574300927e-71,8.335078323366429e-71,8.43171085796604e-71,8.5292711985144e-71,8.627766404898291e-71,8.727203576618741e-71,8.827589852933386e-71,8.928932412999049e-71,9.0312384760145e-71,9.134515301363468e-71,9.238770188757846e-71,9.344010478381106e-71,9.450243551031955e-71,9.55747682826818e-71,9.665717772550708e-71,9.774973887387907e-71,9.885252717480057e-71,9.99656184886407e-71,1.0108908909058416e-70,1.0222301567208233e-70,1.033674753423072e-70,1.0452254562960621e-70,1.0568830448296078e-70,1.0686483027344565e-70,1.0805220179569089e-70,1.0925049826934603e-70,1.1045979934054627e-70,1.1168018508338084e-70,1.1291173600136307e-70,1.1415453302890336e-70,1.154086575327835e-70,1.1667419131363357e-70,1.179512166074107e-70,1.1923981608687989e-70,1.2054007286309732e-70,1.218520704868952e-70,1.2317589295036928e-70,1.2451162468836785e-70,1.2585935057998358e-70,1.2721915595004643e-70,1.2859112657061997e-70,1.2997534866249848e-70,1.3137190889670692e-70,1.32780894396003e-70,1.342023927363806e-70,1.3563649194857626e-70,1.3708328051957714e-70,1.3854284739413104e-70,1.4001528197625872e-70,1.415006741307682e-70,1.4299911418477128e-70,1.4451069292920161e-70,1.460355016203356e-70,1.4757363198131487e-70,1.4912517620367074e-70,1.5069022694885102e-70,1.52268877349749e-70,1.5386122101223377e-70,1.554673520166834e-70,1.5708736491951983e-70,1.587213547547458e-70,1.6036941703548398e-70,1.620316477555177e-70,1.6370814339083443e-70,1.653990009011708e-70,1.6710431773155962e-70,1.6882419181387948e-70,1.7055872156840556e-70,1.7230800590536336e-70,1.7407214422648364e-70,1.758512364265603e-70,1.776453828950091e-70,1.7945468451742978e-70,1.81279242677169e-70,1.8311915925688615e-70,1.8497453664012047e-70,1.8684547771286102e-70,1.8873208586511808e-70,1.9063446499249623e-70,1.9255271949777073e-70,1.9448695429246462e-70,1.964372747984283e-70,1.984037869494213e-70,2.0038659719269584e-70,2.0238581249058236e-70,2.044015403220773e-70,2.064338886844326e-70,2.0848296609474754e-70,2.105488815915619e-70,2.1263174473645202e-70,2.1473166561562853e-70,2.1684875484153545e-70,2.1898312355445198e-70,2.2113488342409626e-70,2.23304146651231e-70,2.2549102596927078e-70,2.2769563464589176e-70,2.299180864846431e-70,2.3215849582656065e-70,2.3441697755178213e-70,2.3669364708116514e-70,2.3898862037790606e-70,2.4130201394916163e-70,2.4363394484767247e-70,2.4598453067338837e-70,2.4835388957509556e-70,2.507421402520459e-70,2.531494019555884e-70,2.5557579449080246e-70,2.580214382181325e-70,2.6048645405502587e-70,2.6297096347757122e-70,2.6547508852214025e-70,2.6799895178703015e-70,2.7054267643410877e-70,2.731063861904615e-70,2.7569020535004024e-70,2.7829425877531393e-70,2.809186718989216e-70,2.835635707253269e-70,2.862290818324747e-70,2.8891533237344952e-70,2.916224500781367e-70,2.943505632548836e-70,2.9709980079216534e-70,2.998702921602504e-70,3.026621674128687e-70,3.054755571888822e-70,3.083105927139568e-70,3.111674058022361e-70,3.140461288580179e-70,3.1694689487743165e-70,3.198698374501181e-70,3.2281509076091156e-70,3.2578278959152306e-70,3.28773069322226e-70,3.317860659335435e-70,3.34821916007938e-70,3.3788075673150236e-70,3.40962725895653e-70,3.44067961898825e-70,3.471966037481689e-70,3.503487910612503e-70,3.535246640677496e-70,3.567243636111654e-70,3.599480311505189e-70,3.631958087620603e-70,3.664678391409774e-70,3.6976426560310545e-70,3.730852320866395e-70,3.764308831538487e-70,3.798013639927918e-70,3.831968204190354e-70,3.866173988773729e-70,3.900632464435471e-70,3.935345108259729e-70,3.970313403674627e-70,4.005538840469539e-70,4.0410229148123836e-70,4.076767129266916e-70,4.11277299281008e-70,4.149042020849339e-70,4.185575735240046e-70,4.22237566430283e-70,4.259443342841e-70,4.2967803121579534e-70,4.3343881200746394e-70,4.372268320946994e-70,4.410422475683432e-70,4.4488521517623426e-70,4.487558923249596e-70,4.526544370816085e-70,4.5658100817552676e-70,4.605357650000745e-70,4.645188676143845e-70,4.6853047674512297e-70,4.7257075378825244e-70,4.7663986081079574e-70,4.807379605526023e-70,4.848652164281164e-70,4.8902179252814686e-70,4.932078536216386e-70,4.9742356515744696e-70,5.016690932661116e-70,5.059446047616363e-70,5.1025026714326484e-70,5.145862485972641e-70,5.189527179987061e-70,5.233498449132526e-70,5.277777995989413e-70,5.322367530079742e-70,5.3672687678850725e-70,5.412483432864428e-70,5.4580132554722295e-70,5.5038599731762434e-70,5.5500253304755654e-70,5.5965110789185986e-70,5.643318977121074e-70,5.6904507907840754e-70,5.737908292712072e-70,5.7856932628309967e-70,5.833807488206319e-70,5.882252763061146e-70,5.931030888794337e-70,5.980143673998639e-70,6.029592934478851e-70,6.079380493269974e-70,6.12950818065541e-70,6.179977834185175e-70,6.230791298694115e-70,6.281950426320148e-70,6.333457076522528e-70,6.38531311610013e-70,6.437520419209725e-70,6.490080867384318e-70,6.54299634955146e-70,6.596268762051611e-70,6.649900008656497e-70,6.703892000587502e-70,6.758246656534073e-70,6.812965902672122e-70,6.868051672682488e-70,6.923505907769381e-70,6.97933055667885e-70,7.035527575717288e-70,7.092098928769921e-70,7.149046587319359e-70,7.206372530464116e-70,7.264078744937186e-70,7.322167225124618e-70,7.380639973084111e-70,7.43949899856363e-70,7.498746319020034e-70,7.55838395963773e-70,7.61841395334734e-70,7.678838340844375e-70,7.73965917060795e-70,7.800878498919496e-70,7.862498389881489e-70,7.924520915436224e-70,7.986948155384565e-70,8.049782197404742e-70,8.11302513707116e-70,8.176679077873223e-70,8.240746131234162e-70,8.305228416529911e-70,8.370128061107959e-70,8.43544720030627e-70,8.501187977472173e-70,8.567352543981297e-70,8.633943059256501e-70,8.70096169078686e-70,8.768410614146632e-70,8.836292013014246e-70,8.904608079191315e-70,8.973361012621698e-70,9.042553021410483e-70,9.112186321843121e-70,9.182263138404466e-70,9.252785703797882e-70,9.323756258964363e-70,9.395177053101672e-70,9.46705034368346e-70,9.539378396478475e-70,9.612163485569715e-70,9.685407893373646e-70,9.759113910659404e-70,9.833283836568053e-70,9.907919978631807e-70,9.98302465279332e-70,1.0058600183424967e-69,1.0134648903348142e-69,1.0211173153852589e-69,1.0288175284715714e-69,1.0365657654221967e-69,1.0443622629182193e-69,1.0522072584953019e-69,1.0601009905456272e-69,1.0680436983198388e-69,1.0760356219289849e-69,1.0840770023464632e-69,1.0921680814099697e-69,1.1003091018234462e-69,1.1085003071590303e-69,1.1167419418590088e-69,1.1250342512377695e-69,1.1333774814837606e-69,1.1417718796614418e-69,1.1502176937132483e-69,1.1587151724615476e-69,1.167264565610605e-69,1.1758661237485442e-69,1.1845200983493138e-69,1.1932267417746557e-69,1.2019863072760717e-69,1.2107990489967947e-69,1.2196652219737617e-69,1.2285850821395853e-69,1.2375588863245307e-69,1.246586892258493e-69,1.255669358572974e-69,1.2648065448030636e-69,1.2739987113894213e-69,1.283246119680261e-69,1.292549031933335e-69,1.3019077113179185e-69,1.3113224219168044e-69,1.3207934287282858e-69,1.330320997668154e-69,1.3399053955716883e-69,1.3495468901956515e-69,1.3592457502202875e-69,1.3690022452513186e-69,1.378816645821946e-69,1.3886892233948506e-69,1.3986202503641978e-69,1.4086100000576391e-69,1.4186587467383222e-69,1.4287667656068955e-69,1.4389343328035199e-69,1.44916172540988e-69,1.4594492214511962e-69,1.4697970998982379e-69,1.480205640669343e-69,1.4906751246324313e-69,1.5012058336070284e-69,1.5117980503662817e-69,1.522452058638988e-69,1.5331681431116123e-69,1.543946589430318e-69,1.5547876842029917e-69,1.565691715001272e-69,1.5766589703625826e-69,1.5876897397921595e-69,1.598784313765091e-69,1.609942983728348e-69,1.621166042102822e-69,1.632453782285366e-69,1.6438064986508306e-69,1.6552244865541082e-69,1.6667080423321773e-69,1.6782574633061435e-69,1.6898730477832905e-69,1.7015550950591237e-69,1.713303905419423e-69,1.7251197801422924e-69,1.7370030215002135e-69,1.748953932762099e-69,1.7609728181953478e-69,1.7730599830679066e-69,1.7852157336503232e-69,1.7974403772178108e-69,1.8097342220523097e-69,1.82209757744455e-69,1.8345307536961183e-69,1.8470340621215204e-69,1.859607815050259e-69,1.8722523258288923e-69,1.8849679088231138e-69,1.8977548794198214e-69,1.9106135540291943e-69,1.9235442500867673e-69,1.9365472860555102e-69,1.949622981427905e-69,1.9627716567280303e-69,1.9759936335136406e-69,1.9892892343782512e-69,2.002658782953224e-69,2.0161026039098559e-69,2.0296210229614623e-69,2.0432143668654764e-69,2.05688296342553e-69,2.0706271414935563e-69,2.0844472309718792e-69,2.098343562815311e-69,2.11231646903325e-69,2.126366282691782e-69,2.1404933379157787e-69,2.154697969891001e-69,2.168980514866202e-69,2.1833413101552348e-69,2.197780694139158e-69,2.2122990062683458e-69,2.2268965870645955e-69,2.2415737781232414e-69,2.2563309221152662e-69,2.2711683627894183e-69,2.2860864449743265e-69,2.301085514580616e-69,2.3161659186030303e-69,2.331328005122551e-69,2.346572123308521e-69,2.361898623420765e-69,2.3773078568117194e-69,2.392800175928555e-69,2.4083759343153113e-69,2.424035486615017e-69,2.439779188571829e-69,2.455607397033164e-69,2.4715204699518295e-69,2.487518766388163e-69,2.5036026465121685e-69,2.5197724716056554e-69,2.5360286040643773e-69,2.5523714074001755e-69,2.568801246243124e-69,2.585318486343667e-69,2.601923494574776e-69,2.6186166389340907e-69,2.635398288546067e-69,2.652268813664134e-69,2.669228585672843e-69,2.686277977090017e-69,2.703417361568915e-69,2.7206471139003794e-69,2.7379676100150026e-69,2.7553792269852807e-69,2.7728823430277767e-69,2.7904773375052845e-69,2.808164590928989e-69,2.8259444849606385e-69,2.8438174024147064e-69,2.8617837272605574e-69,2.879843844624626e-69,2.897998140792581e-69,2.916247003211502e-69,2.9345908204920515e-69,2.953029982410653e-69,2.9715648799116656e-69,2.9901959051095666e-69,3.0089234512911274e-69,3.0277479129176004e-69,3.046669685626897e-69,3.065689166235775e-69,3.0848067527420254e-69,3.1040228443266583e-69,3.1233378413560924e-69,3.1427521453843466e-69,3.1622661591552296e-69,3.1818802866045374e-69,3.2015949328622414e-69,3.2214105042546916e-69,3.241327408306812e-69,3.261346053744297e-69,3.281466850495817e-69,3.301690209695214e-69,3.322016543683715e-69,3.342446266012123e-69,3.362979791443037e-69,3.3836175359530517e-69,3.40435991673497e-69,3.425207352200012e-69,3.446160261980029e-69,3.4672190669297143e-69,3.4883841891288216e-69,3.5096560518843767e-69,3.5310350797329017e-69,3.552521698442629e-69,3.574116335015726e-69,3.5958194176905094e-69,3.617631375943682e-69,3.639552640492545e-69,3.6615836432972306e-69,3.683724817562929e-69,3.705976597742115e-69,3.7283394195367856e-69,3.750813719900682e-69,3.7733999370415337e-69,3.7960985104232807e-69,3.8189098807683245e-69,3.8418344900597555e-69,3.864872781543593e-69,3.888025199731031e-69,3.9112921904006757e-69,3.934674200600788e-69,3.958171678651533e-69,3.981785074147221e-69,4.005514837958558e-69,4.0293614222348957e-69,4.053325280406475e-69,4.0774068671866887e-69,4.1016066385743243e-69,4.125925051855826e-69,4.1503625656075464e-69,4.1749196396980007e-69,4.1995967352901345e-69,4.224394314843577e-69,4.2493128421169054e-69,4.274352782169905e-69,4.2995146013658356e-69,4.324798767373697e-69,4.3502057491704974e-69,4.375736017043515e-69,7.275477182128379e-40,4.1085265195682336e-39,1.3568830895203577e-38,3.5235409493802885e-38,7.956048208417072e-38,1.6389764819540756e-37,3.165954688324223e-37,5.83522699197073e-37,1.038538651316074e-36,1.8004358855871862e-36,3.060631403400613e-36,5.128951551226843e-36,8.510337850049494e-36,1.4035283856781703e-35,2.3085378572977687e-35,3.7990659865341934e-35,6.274441489969011e-35,1.0431932199975197e-34,1.751546375565063e-34,2.979949907654208e-34,5.156159943772386e-34,9.111016220644629e-34,1.6519076129486107e-33,3.090215459194198e-33,6.004064785435211e-33,1.2213510779899255e-32,2.627120331480881e-32,6.050260281817273e-32,1.5157875191046104e-31,4.217719961515895e-31,1.3399635779203089e-30,5.049729013362957e-30,2.389396027159477e-29,1.575168946794178e-28,1.988011186467937e-27,1.0795938259930021e-25,1.5757838299579798e-23,1.5888204692884618e-21,6.738418528492113e-20,1.2235200267649935e-18,1.1383000427746446e-17,6.479144685302452e-17,2.5807127373884904e-16,7.905647365036733e-16,1.9881861876717066e-15,4.295302723115726e-15,8.231275809730453e-15,1.4320577638803442e-14,2.301417336589469e-14,3.4622315905616435e-14,4.9274273494733677e-14,6.691129965561518e-14,8.730966887722131e-14,1.1012432023371468e-13,1.3494166251091781e-13,1.6133132123901141e-13,1.8888917059099697e-13,2.1726666802574048e-13,2.461843144477343e-13,2.7543038473858055e-13,3.0484927207649016e-13,3.343253563821427e-13,3.637675565466558e-13,3.930975361406728e-13,4.2224232681538175e-13,4.511307407535296e-13,4.7969242072649e-13,5.07858411191776e-13,5.35562402718001e-13,5.627421027786505e-13,5.893404308323962e-13,6.153064048451652e-13,6.405956900943299e-13,6.651708371089251e-13,6.890012609124386e-13,7.120630204490513e-13,7.343384542838833e-13,7.558157210949621e-13,7.764882845507662e-13,7.963543733797183e-13,8.154164396675075e-13,8.336806318661114e-13,8.511562937434254e-13,8.678554963888625e-13,8.837926072880796e-13,8.989838981218535e-13,9.134471914515358e-13,9.272015450283259e-13,9.40266972004939e-13,9.526641946661034e-13,9.644144291090783e-13,9.755391982177506e-13,9.860601702514197e-13,9.959990204848175e-13,1.005377313454099e-12,1.0142164035240986e-12,1.0225373516792006e-12,1.0303608566032699e-12,1.0377071983097433e-12,1.0445961927428214e-12,1.0510471559402352e-12,1.057078876484471e-12,1.0627095951523173e-12,1.0679569907228392e-12,1.0728381710990278e-12,1.077369668953478e-12,1.0815674412192649e-12,1.0854468718272894e-12,1.0890227771653443e-12,1.0923094138034097e-12,1.0953204880841833e-12,1.0980691672341371e-12,1.1005680916911098e-12,1.1028293883929085e-12,1.1048646847951409e-12,1.106685123431385e-12,1.1083013768460048e-12,1.1097236627587409e-12,1.1109617593401254e-12,1.1120250204945655e-12,1.1129223910681296e-12,1.1136624219035995e-12,1.114253284687637e-12,1.1147027865398205e-12,1.1150183843009643e-12,1.1152071984903286e-12,1.115276026909676e-12,1.115231357869118e-12,1.1150793830261611e-12,1.1148260098226005e-12,1.1144768735213286e-12,1.1140373488329928e-12,1.1135125611357116e-12,1.1129073972894629e-12,1.1122265160509852e-12,1.1114743580922558e-12,1.1106551556322922e-12,1.109772941686868e-12,1.1088315589470114e-12,1.107834668307384e-12,1.1067857570198926e-12,1.1056881465273226e-12,1.1045449999618468e-12,1.103359329317008e-12,1.102134002324825e-12,1.10087174901829e-12,1.0995751680205924e-12,1.0982467325568432e-12,1.0968887961932568e-12,1.095503598329403e-12,1.0940932694407601e-12,1.0926598360893606e-12,1.0912052257119408e-12,1.089731271173931e-12,1.0882397151526176e-12,1.0867322142844808e-12,1.0852103431469609e-12,1.0836755980496846e-12,1.082129400654931e-12,1.0805731014319933e-12,1.0790079829533514e-12,1.0774352630395223e-12,1.0758560977596774e-12,1.0742715842930997e-12,1.0726827636608987e-12,1.071090623330793e-12,1.0694960997022017e-12,1.0679000804762555e-12,1.0663034069190893e-12,1.064706876011898e-12,1.0631112425173103e-12,1.0615172209388099e-12,1.0599254873879343e-12,1.0583366813770177e-12,1.0567514075173165e-12,1.0551702371515796e-12,1.0535937098939789e-12,1.0520223351152205e-12,1.0504565933521314e-12,1.0488969376530837e-12,1.0473437948624037e-12,1.045797566844753e-12,1.044258631653841e-12,1.0427273446492241e-12,1.0412040395575513e-12,1.039689029489135e-12,1.0381826079069924e-12,1.0366850495505855e-12,1.035196611315902e-12,1.0337175331057362e-12,1.0322480386205202e-12,1.0307883361332528e-12,1.0293386192188183e-12,1.0278990674522374e-12,1.026469847076809e-12,1.0250511116385493e-12,1.0236430025933526e-12,1.0222456498877033e-12,1.0208591725117576e-12,1.0194836790266463e-12,1.0181192680711683e-12,1.0167660288386696e-12,1.0154240415416695e-12,1.0140933778476304e-12,1.0127741012983113e-12,1.0114662677100106e-12,1.010169925555091e-12,1.0088851163269365e-12,1.0076118748870677e-12,1.0063502297987795e-12,1.005100203643746e-12,1.003861813324521e-12,1.0026350703548431e-12,1.0014199811351477e-12,1.000216547216465e-12,9.990247655522971e-13,9.978446287390169e-13,9.966761252452362e-13,9.955192396313901e-13,9.943739527586754e-13,9.932402419890075e-13,9.921180813757491e-13,9.910074418458415e-13,9.899082913736759e-13,9.888205951470808e-13,9.87744315725779e-13,9.866794131923773e-13,9.856258452978427e-13,9.84583567597661e-13,9.835525335844433e-13,9.825326948132385e-13,9.815240010212824e-13,9.805264002423379e-13,9.795398389157572e-13,9.785642619905333e-13,9.775996130246241e-13,9.766458342796341e-13,9.757028668111507e-13,9.747706505549023e-13,9.738491244089153e-13,9.729382263118488e-13,9.720378933176303e-13,9.711480616668426e-13,9.702686668542863e-13,9.693996436938195e-13,9.68540926379919e-13,9.676924485464561e-13,9.668541433224157e-13,9.660259433853104e-13,9.652077810116143e-13,9.643995881253622e-13,9.636012963436505e-13,9.62812837020626e-13,9.62034141288937e-13,9.61265140099087e-13,9.605057642571383e-13,9.597559444603351e-13,9.590156113310221e-13,9.582846954487969e-13,9.57563127381127e-13,9.568508377122906e-13,9.561477570709338e-13,9.554538161561174e-13,9.54768945762035e-13,9.540930768014568e-13,9.534261403278832e-13,9.52768067556506e-13,9.521187898840653e-13,9.514782389075905e-13,9.508463464420947e-13,9.502230445373183e-13,9.49608265493451e-13,9.490019418760027e-13,9.484040065297863e-13,9.478143925920632e-13,9.472330335049054e-13,9.466598630267905e-13,9.460948152434849e-13,9.455378245782219e-13,9.44988825801228e-13,9.44447754038609e-13,9.439145447806472e-13,9.433891338895069e-13,9.428714576064032e-13,9.42361452558236e-13,9.41859055763728e-13,9.41364204639095e-13,9.408768370032325e-13,9.403968910824998e-13,9.3992430551506e-13,9.394590193548495e-13,9.39000972075155e-13,9.385501035718226e-13,9.381063541661534e-13,9.376696646074397e-13,9.372399760752134e-13,9.368172301811813e-13,9.364013689708896e-13,9.35992334925118e-13,9.355900709609903e-13,9.35194520432913e-13,9.348056271331938e-13,9.34423335292494e-13,9.340475895800855e-13,9.336783351038437e-13,9.333155174101073e-13,9.329590824833535e-13,9.326089767456831e-13,9.322651470561557e-13,9.31927540709973e-13,9.315961054375131e-13,9.312707894032321e-13,9.309515412044345e-13,9.30638309869919e-13,9.303310448585138e-13,9.300296960574957e-13,9.297342137809093e-13,9.294445487677946e-13,9.291606521803132e-13,9.28882475601801e-13,9.286099710347155e-13,9.283430908985425e-13,9.280817880276007e-13,9.278260156687967e-13,9.275757274793125e-13,9.27330877524233e-13,9.270914202741205e-13,9.268573106025483e-13,9.266285037835631e-13,9.264049554891326e-13,9.261866217865332e-13,9.25973459135708e-13,9.257654243865943e-13,9.2556247477641e-13,9.253645679269214e-13,9.251716618416793e-13,9.249837149032374e-13,9.248006858703416e-13,9.246225338751102e-13,9.244492184201883e-13,9.242806993758956e-13,9.241169369773597e-13,9.239578918216342e-13,9.238035248648181e-13,9.236537974191557e-13,9.235086711501403e-13,9.233681080736108e-13,9.232320705528487e-13,9.231005212956652e-13,9.229734233515054e-13,9.228507401085355e-13,9.227324352907416e-13,9.226184729550343e-13,9.225088174883622e-13,9.224034336048113e-13,9.22302286342737e-13,9.222053410618863e-13,9.221125634405387e-13,9.220239194726452e-13,9.219393754650058e-13,9.21858898034406e-13,9.217824541048203e-13,9.217100109046e-13,9.216415359636697e-13,9.215769971107624e-13,9.215163624706353e-13,9.214596004613258e-13,9.214066797914174e-13,9.213575694573134e-13,9.213122387405333e-13,9.21270657205018e-13,9.212327946944717e-13,9.211986213296928e-13,9.211681075059436e-13,9.211412238903265e-13,9.211179414191834e-13,9.210982312955145e-13,9.210820649864077e-13,9.210694142204928e-13,9.210602509854236e-13,9.210545475253533e-13,9.210522763384526e-13,9.210534101744408e-13,9.21057922032133e-13,9.210657851570075e-13,9.210769730387964e-13,9.210914594090877e-13,9.211092182389614e-13,9.211302237366303e-13,9.211544503451095e-13,9.21181872739906e-13,9.212124658267192e-13,9.212462047391744e-13,9.212830648365653e-13,9.21323021701625e-13,9.213660511383074e-13,9.214121291695982e-13,9.214612320353412e-13,9.215133361900804e-13,9.2156841830093e-13,9.216264552454588e-13,9.216874241095944e-13,9.2175130218555e-13,9.218180669697683e-13,9.218876961608859e-13,9.219601676577138e-13,9.22035459557242e-13,9.221135501526621e-13,9.221944179314073e-13,9.222780415732097e-13,9.22364399948183e-13,9.224534721149172e-13,9.225452373185962e-13,9.226396749891303e-13,9.227367647393111e-13,9.228364863629832e-13,9.229388198332354e-13,9.230437453006024e-13,9.231512430912961e-13,9.232612937054477e-13,9.23373877815368e-13,9.234889762638287e-13,9.236065700623543e-13,9.237266403895416e-13,9.23849168589385e-13,9.23974136169629e-13,9.241015248001282e-13,9.242313163112342e-13,9.243634926921912e-13,9.244980360895478e-13,9.246349288055941e-13,9.247741532968054e-13,9.249156921723057e-13,9.250595281923483e-13,9.252056442668113e-13,9.253540234537054e-13,9.255046489577039e-13,9.256575041286847e-13,9.258125724602849e-13,9.25969837588474e-13,9.261292832901406e-13,9.262908934816972e-13,9.264546522176926e-13,9.266205436894458e-13,9.267885522236928e-13,9.269586622812428e-13,9.27130858455656e-13,9.27305125471929e-13,9.274814481852003e-13,9.276598115794615e-13,9.278402007662899e-13,9.280226009835917e-13,9.282069975943526e-13,9.283933760854152e-13,9.285817220662562e-13,9.287720212677825e-13,9.289642595411383e-13,9.2915842285653e-13,9.293544973020554e-13,9.295524690825505e-13,9.297523245184455e-13,9.299540500446435e-13,9.301576322093894e-13,9.303630576731742e-13,9.305703132076358e-13,9.307793856944794e-13,9.309902621244043e-13,9.312029295960445e-13,9.314173753149242e-13,9.316335865924136e-13,9.318515508447091e-13,9.320712555918169e-13,9.322926884565433e-13,9.32515837163509e-13,9.327406895381618e-13,9.329672335058048e-13,9.33195457090631e-13,9.334253484147772e-13,9.33656895697379e-13,9.33890087253637e-13,9.341249114938974e-13,9.343613569227412e-13,9.345994121380771e-13,9.348390658302547e-13,9.350803067811748e-13,9.353231238634194e-13,9.355675060393876e-13,9.358134423604367e-13,9.360609219660375e-13,9.36309934082938e-13,9.365604680243335e-13,9.368125131890465e-13,9.37066059060715e-13,9.373210952069937e-13,9.37577611278755e-13,9.378355970093063e-13,9.380950422136116e-13,9.38355936787521e-13,9.386182707070135e-13,9.388820340274412e-13,9.391472168827818e-13,9.394138094849116e-13,9.396818021228642e-13,9.399511851621115e-13,9.402219490438537e-13,9.404940842843084e-13,9.40767581474015e-13,9.410424312771404e-13,9.413186244307964e-13,9.415961517443583e-13,9.418750040987968e-13,9.42155172446018e-13,9.424366478082e-13,9.427194212771484e-13,9.430034840136556e-13,9.432888272468548e-13,9.435754422736043e-13,9.438633204578518e-13,9.441524532300256e-13,9.444428320864226e-13,9.447344485886066e-13,9.450272943628063e-13,9.45321361099327e-13,9.456166405519697e-13,9.45913124537442e-13,9.462108049347953e-13,9.465096736848503e-13,9.468097227896425e-13,9.471109443118611e-13,9.474133303743013e-13,9.47716873159322e-13,9.480215649083038e-13,9.48327397921121e-13,9.48634364555611e-13,9.489424572270497e-13,9.49251668407642e-13,9.495619906260038e-13,9.498734164666604e-13,9.501859385695436e-13,9.504995496294952e-13,9.508142423957784e-13,9.511300096715912e-13,9.51446844313584e-13,9.517647392313873e-13,9.520836873871361e-13,9.524036817950082e-13,9.527247155207603e-13,9.530467816812707e-13,9.533698734440881e-13,9.53693984026987e-13,9.54019106697517e-13,9.543452347725706e-13,9.546723616179471e-13,9.550004806479251e-13,9.55329585324832e-13,9.556596691586258e-13,9.5599072570648e-13,9.563227485723671e-13,9.56655731406658e-13,9.569896679056935e-13,9.573245518114211e-13,9.576603769109714e-13,9.579971370362707e-13,9.58334826063657e-13,9.58673437913504e-13,9.590129665498111e-13,9.593534059798537e-13,9.596947502538003e-13,9.600369934643433e-13,9.603801297463335e-13,9.607241532764155e-13,9.61069058272672e-13,9.614148389942693e-13,9.617614897411013e-13,9.62109004853444e-13,9.624573787116105e-13,9.628066057356094e-13,9.631566803848067e-13,9.635075971575914e-13,9.638593505910443e-13,9.642119352606083e-13,9.645653457797654e-13,9.649195767997126e-13,9.652746230090456e-13,9.65630479133441e-13,9.659871399353463e-13,9.663446002136692e-13,9.667028548034693e-13,9.670618985756582e-13,9.674217264366961e-13,9.677823333282964e-13,9.681437142271282e-13,9.685058641445283e-13,9.688687781262077e-13,9.692324512519699e-13,9.695968786354233e-13,9.69962055423701e-13,9.703279767971872e-13,9.70694637969236e-13,9.71062034185904e-13,9.71430160725672e-13,9.717990128991881e-13,9.72168586048994e-13,9.725388755492677e-13,9.729098768055607e-13,9.732815852545417e-13,9.7365399636374e-13,9.740271056312962e-13,9.744009085857095e-13,9.747754007855883e-13,9.751505778194074e-13,9.75526435305266e-13,9.759029688906435e-13,9.762801742521623e-13,9.7665804709535e-13,9.770365831544092e-13,9.774157781919812e-13,9.77795627998919e-13,9.781761283940571e-13,9.785572752239905e-13,9.789390643628462e-13,9.793214917120646e-13,9.797045532001804e-13,9.800882447826049e-13,9.804725624414108e-13,9.808575021851184e-13,9.812430600484872e-13,9.816292320923036e-13,9.820160144031748e-13,9.824034030933224e-13,9.82791394300383e-13,9.831799841872007e-13,9.835691689416322e-13,9.839589447763467e-13,9.8434930792863e-13,9.847402546601908e-13,9.851317812569691e-13,9.855238840289418e-13,9.859165593099397e-13,9.863098034574546e-13,9.867036128524606e-13,9.87097983899219e-13,9.874929130251096e-13,9.878883966804406e-13,9.882844313382737e-13,9.886810134942468e-13,9.890781396663971e-13,9.89475806394989e-13,9.8987401024234e-13,9.902727477926497e-13,9.90672015651833e-13,9.910718104473497e-13,9.91472128828038e-13,9.918729674639535e-13,9.922743230462015e-13,9.926761922867773e-13,9.930785719184055e-13,9.934814586943813e-13,9.93884849388413e-13,9.942887407944664e-13,9.946931297266084e-13,9.95098013018855e-13,9.955033875250187e-13,9.959092501185574e-13,9.963155976924293e-13,9.967224271589392e-13,9.971297354495938e-13,9.975375195149597e-13,9.979457763245145e-13,9.983545028665058e-13,9.987636961478114e-13,9.991733531937978e-13,9.995834710481798e-13,9.999940467728853e-13,1.0004050774479162e-12,1.000816560171216e-12,1.0012284920585317e-12,1.0016408702432836e-12,1.0020536918764342e-12,1.0024669541263535e-12,1.002880654178694e-12,1.003294789236261e-12,1.0037093565188814e-12,1.0041243532632831e-12,1.004539776722967e-12,1.0049556241680824e-12,1.0053718928853053e-12,1.0057885801777163e-12,1.0062056833646815e-12,1.006623199781728e-12,1.007041126780429e-12,1.0074594617282865e-12,1.007878202008611e-12,1.0082973450204086e-12,1.0087168881782669e-12,1.0091368289122382e-12,1.009557164667729e-12,1.009977892905389e-12,1.0103990111009967e-12,1.0108205167453527e-12,1.0112424073441697e-12,1.0116646804179642e-12,1.0120873335019516e-12,1.0125103641459348e-12,1.0129337699142044e-12,1.0133575483854313e-12,1.0137816971525648e-12,1.0142062138227272e-12,1.0146310960171158e-12,1.0150563413708977e-12,1.0154819475331135e-12,1.0159079121665768e-12,1.0163342329477753e-12,1.0167609075667735e-12,1.0171879337271204e-12,1.017615309145737e-12,1.0180430315528411e-12,1.0184710986918464e-12,1.0188995083192654e-12,1.0193282582046182e-12,1.0197573461303422e-12,1.0201867698917002e-12,1.0206165272966881e-12,1.0210466161659472e-12,1.021477034332674e-12,1.0219077796425334e-12,1.0223388499535686e-12,1.022770243136118e-12,1.0232019570727247e-12,1.023633989658055e-12,1.0240663387988113e-12,1.0244990024136508e-12,1.0249319784330959e-12,1.0253652647994623e-12,1.025798859466766e-12,1.0262327604006489e-12,1.0266669655782963e-12,1.027101472988355e-12,1.0275362806308585e-12,1.0279713865171431e-12,1.028406788669774e-12,1.028842485122466e-12,1.0292784739200082e-12,1.0297147531181853e-12,1.030151320783704e-12,1.030588174994119e-12,1.0310253138377565e-12,1.031462735413642e-12,1.0319004378314255e-12,1.0323384192113114e-12,1.0327766776839859e-12,1.0332152113905444e-12,1.0336540184824217e-12,1.0340930971213213e-12,1.0345324454791452e-12,1.034972061737928e-12,1.035411944089765e-12,1.0358520907367447e-12,1.0362924998908819e-12,1.0367331697740524e-12,1.037174098617924e-12,1.0376152846638916e-12,1.038056726163012e-12,1.0384984213759383e-12,1.0389403685728588e-12,1.0393825660334294e-12,1.0398250120467123e-12,1.0402677049111113e-12,1.0407106429343124e-12,1.04115382443322e-12,1.0415972477338956e-12,1.0420409111714995e-12,1.0424848130902244e-12,1.0429289518432465e-12,1.0433733257926514e-12,1.0438179333093876e-12,1.0442627727732021e-12,1.0447078425725844e-12,1.0451531411047061e-12,1.0455986667753686e-12,1.0460444179989418e-12,1.04649039319831e-12,1.0469365908048184e-12,1.0473830092582108e-12,1.0478296470065818e-12,1.048276502506319e-12,1.0487235742220494e-12,1.0491708606265857e-12,1.049618360200873e-12,1.050066071433936e-12,1.0505139928228279e-12,1.0509621228725747e-12,1.0514104600961278e-12,1.05185900301431e-12,1.052307750155766e-12,1.0527567000569108e-12,1.0532058512618821e-12,1.0536552023224855e-12,1.0541047517981524e-12,1.0545544982558834e-12,1.0550044402702067e-12,1.0554545764231234e-12,1.0559049053040662e-12,1.0563554255098463e-12,1.0568061356446103e-12,1.0572570343197904e-12,1.057708120154059e-12,1.0581593917732864e-12,1.0586108478104882e-12,1.0590624869057848e-12,1.059514307706355e-12,1.0599663088663905e-12,1.060418489047054e-12,1.060870846916432e-12,1.0613233811494948e-12,1.0617760904280484e-12,1.0622289734406975e-12,1.0626820288827961e-12,1.0631352554564106e-12,1.0635886518702743e-12,1.0640422168397484e-12,1.0644959490867773e-12,1.064949847339851e-12,1.0654039103339617e-12,1.0658581368105625e-12,1.066312525517532e-12,1.0667670752091287e-12,1.0672217846459542e-12,1.0676766525949139e-12,1.068131677829177e-12,1.068586859128138e-12,1.0690421952773784e-12,1.0694976850686297e-12,1.0699533272997321e-12,1.0704091207746009e-12,1.0708650643031863e-12,1.071321156701437e-12,1.0717773967912646e-12,1.0722337834005053e-12,1.0726903153628854e-12,1.0731469915179816e-12,1.0736038107111918e-12,1.074060771793692e-12,1.0745178736224076e-12,1.0749751150599729e-12,1.0754324949747017e-12,1.0758900122405458e-12,1.0763476657370728e-12,1.076805454349418e-12,1.0772633769682578e-12,1.0777214324897773e-12,1.078179619815635e-12,1.078637937852927e-12,1.079096385514162e-12,1.0795549617172198e-12,1.0800136653853266e-12,1.0804724954470161e-12,1.0809314508361037e-12,1.0813905304916517e-12,1.0818497333579362e-12,1.082309058384421e-12,1.082768504525723e-12,1.0832280707415808e-12,1.083687755996827e-12,1.0841475592613565e-12,1.0846074795100956e-12,1.085067515722975e-12,1.085527666884895e-12,1.0859879319857011e-12,1.0864483100201534e-12,1.0869087999878958e-12,1.0873694008934287e-12,1.0878301117460807e-12,1.0882909315599788e-12,1.0887518593540211e-12,1.0892128941518482e-12,1.0896740349818173e-12,1.0901352808769706e-12,1.0905966308750122e-12,1.0910580840182784e-12,1.091519639353711e-12,1.0919812959328312e-12,1.0924430528117114e-12,1.0929049090509506e-12,1.0933668637156465e-12,1.093828915875369e-12,1.0942910646041393e-12,1.0947533089803954e-12,1.0952156480869731e-12,1.0956780810110786e-12,1.0961406068442634e-12,1.0966032246824002e-12,1.0970659336256546e-12,1.0975287327784643e-12,1.0979916212495134e-12,1.098454598151707e-12,1.0989176626021477e-12,1.0993808137221119e-12,1.099844050637025e-12,1.1003073724764386e-12,1.1007707783740063e-12,1.1012342674674613e-12,1.1016978388985912e-12,1.1021614918132162e-12,1.1026252253611681e-12,1.1030890386962637e-12,1.1035529309762846e-12,1.1040169013629535e-12,1.1044809490219146e-12,1.1049450731227078e-12,1.1054092728387485e-12,1.1058735473473065e-12,1.106337895829482e-12,1.1068023174701866e-12,1.1072668114581214e-12,1.107731376985753e-12,1.1081960132492964e-12,1.1086607194486912e-12,1.1091254947875817e-12,1.1095903384732962e-12,1.1100552497168267e-12,1.1105202277328074e-12,1.1109852717394964e-12,1.1114503809587534e-12,1.1119155546160202e-12,1.1123807919403031e-12,1.1128460921641496e-12,1.1133114545236307e-12,1.1137768782583211e-12,1.114242362611281e-12,1.1147079068290343e-12,1.1151735101615523e-12,1.1156391718622327e-12,1.1161048911878812e-12,1.1165706673986938e-12,1.1170364997582365e-12,1.1175023875334285e-12,1.1179683299945232e-12,1.1184343264150895e-12,1.1189003760719932e-12,1.1193664782453818e-12,1.1198326322186636e-12,1.1202988372784904e-12,1.1207650927147407e-12,1.1212313978205033e-12,1.1216977518920566e-12,1.1221641542288544e-12,1.1226306041335067e-12,1.1230971009117643e-12,1.1235636438725013e-12,1.1240302323276957e-12,1.124496865592418e-12,1.124963542984809e-12,1.1254302638260662e-12,1.1258970274404284e-12,1.1263638331551555e-12,1.1268306803005164e-12,1.1272975682097705e-12,1.1277644962191533e-12,1.1282314636678578e-12,1.1286984698980218e-12,1.1291655142547103e-12,1.129632596085901e-12,1.1300997147424679e-12,1.1305668695781662e-12,1.1310340599496168e-12,1.131501285216292e-12,1.1319685447405006e-12,1.13243583788737e-12,1.132903164024835e-12,1.1333705225236211e-12,1.1338379127572295e-12,1.1343053341019236e-12,1.1347727859367135e-12,1.1352402676433433e-12,1.1357077786062732e-12,1.1361753182126683e-12,1.136642885852385e-12,1.1371104809179535e-12,1.1375781028045674e-12,1.1380457509100675e-12,1.1385134246349283e-12,1.1389811233822463e-12,1.1394488465577221e-12,1.139916593569653e-12,1.1403843638289126e-12,1.1408521567489438e-12,1.1413199717457408e-12,1.1417878082378377e-12,1.1422556656462963e-12,1.1427235433946912e-12,1.1431914409090986e-12,1.1436593576180816e-12,1.144127292952678e-12,1.1445952463463902e-12,1.145063217235168e-12,1.1455312050573982e-12,1.1459992092538936e-12,1.1464672292678784e-12,1.1469352645449775e-12,1.1449955202070733e-12,1.1434898568342009e-12,1.1427469719314485e-12,1.1428754891912573e-12,1.1439631598944155e-12,1.1460901406476136e-12,1.1493300575067943e-12,1.1537503891813777e-12,1.1594128588102965e-12,1.16637384686156e-12,1.1746848025994092e-12,1.1843926356745712e-12,1.19554007569995e-12,1.2081659929546614e-12,1.2223056784377887e-12,1.2379910845860898e-12,1.2552510305957356e-12,1.2741113780435134e-12,1.294595182563634e-12,1.3167228279569923e-12,1.3405121482616243e-12,1.3659785427788635e-12,1.3931350876987956e-12,1.421992647687648e-12,1.4525599893613182e-12,1.4848438972081463e-12,1.5188492933040716e-12,1.5545793600008574e-12,1.5920356651161201e-12,1.6312182888093728e-12,1.672125951419686e-12,1.7147561397892707e-12,1.7591052327250874e-12,1.8051686230527473e-12,1.8529408359611226e-12,1.9024156425222273e-12,1.9535861676918187e-12,2.0064449923190126e-12,2.0609842486184872e-12,2.1171957089545487e-12,2.1750708675902316e-12,2.2346010157615077e-12,2.295777309749651e-12,2.3585908322130537e-12,2.4230326472157463e-12,2.4890938490465342e-12,2.556765605030276e-12,2.6260391930581972e-12,2.6969060337717946e-12,2.769357718202166e-12,2.84338603071849e-12,2.9189829683366783e-12,2.9961407562781803e-12,3.074851859820722e-12,3.1551089937987127e-12,3.236905129088834e-12,3.3202334968990884e-12,3.4050875908595325e-12,3.4914611675454447e-12,3.5793482450924783e-12,3.668743100581657e-12,3.7596402669383326e-12,3.852034527323655e-12,3.94592091040464e-12,4.041294683303854e-12,4.138151345936807e-12,4.236486623195233e-12,4.336296457657911e-12,4.437577001894433e-12,4.540324610688723e-12,4.644535833075027e-12,4.7502074043232545e-12,4.8573362381760705e-12,4.965919418902407e-12,5.075954193244946e-12,5.1874379646070875e-12,5.300368282244293e-12,5.414742837438205e-12,5.530559454487274e-12,5.647816084550684e-12,5.766510799010538e-12,5.886641783698006e-12,6.0082073314769175e-12,6.131205837445198e-12,6.2556357932126355e-12,6.38149578081661e-12,6.50878446850155e-12,6.637500605304686e-12,6.767643017381914e-12,6.8992106015851826e-12,7.0322023225577836e-12,7.166617209229879e-12,7.302454349714564e-12,7.43971288841591e-12,7.578392022674163e-12,7.71849099929039e-12,7.860009111663728e-12,8.002945697564109e-12,8.147300133556647e-12,8.293071836614861e-12,8.44026025894447e-12,8.588864886889428e-12,8.738885236859098e-12,8.890320856574708e-12,9.04317132045498e-12,9.197436229099582e-12,9.353115206645269e-12,9.510207900590824e-12,9.668713979618685e-12,9.828633130918718e-12,9.989965061029891e-12,1.0152709495664388e-11,1.031686617211102e-11,1.0482434846365004e-11,1.0649415287605203e-11,1.0817807277476517e-11,1.0987610611068355e-11,1.1158825093203261e-11,1.1331450540842288e-11,1.1505486780389094e-11,1.1680933647492348e-11,1.1857790986663347e-11,1.203605865038725e-11,1.221573649842849e-11,1.2396824398251944e-11,1.2579322223765306e-11,1.2763229854565111e-11,1.2948547178435032e-11,1.3135274083121134e-11,1.3323410466796206e-11,1.351295622695066e-11,1.3703911270462934e-11,1.3896275507033238e-11,1.4090048849536949e-11,1.42852312145069e-11,1.448182252186525e-11,1.4679822694378716e-11,1.4879231658159948e-11,1.5080049341967775e-11,1.5282275677354858e-11,1.548591059745027e-11,1.5690954038547668e-11,1.5897405938645494e-11,1.6105266237800458e-11,1.631453487811277e-11,1.6525211803315826e-11,1.6737296958667803e-11,1.6950790291260256e-11,1.716569174913594e-11,1.7382001282826268e-11,1.7599718843441217e-11,1.7818844383024934e-11,1.8039377855382394e-11,1.826131921495595e-11,1.8484668418001412e-11,1.8709425421322823e-11,1.893559018216991e-11,1.9163162659790523e-11,1.9392142812914842e-11,1.9622530603112877e-11,1.985432599146977e-11,2.0087528938632543e-11,2.0322139408756978e-11,2.0558157364765916e-11,2.0795582770796083e-11,2.103441559165986e-11,2.1274655791259697e-11,2.151630333840573e-11,2.1759358197614568e-11,2.2003820337514806e-11,2.224968972502657e-11,2.249696632848418e-11,2.274565011448841e-11,2.299574105677952e-11,2.32472391228856e-11,2.3500144283152262e-11,2.3754456508199576e-11,2.401017576950038e-11,2.4267302038841077e-11,2.4525835287847536e-11,2.4785775489304975e-11,2.504712261635953e-11,2.5309876642412633e-11,2.5574037541115384e-11,2.583960528673335e-11,2.6106579854028207e-11,2.6374961217938355e-11,2.664474935387831e-11,2.6915944237717362e-11,2.7188545845608447e-11,2.7462554154041327e-11,2.7737969140281108e-11,2.8014790780379404e-11,2.829301905349537e-11,2.85726539380117e-11,2.885369541113625e-11,2.9136143452102975e-11,2.94199980387595e-11,2.9705259152615085e-11,2.999192677253712e-11,3.0280000879036854e-11,3.0569481451314856e-11,3.086036847149894e-11,3.115266192027663e-11,3.1446361779067625e-11,3.1741468029794644e-11,3.203798065425682e-11,3.233589963546983e-11,3.26352249560593e-11,3.293595659895293e-11,3.323809454761491e-11,3.354163878578174e-11,3.384658929738068e-11,3.415294606710624e-11,3.446070907964164e-11,3.476987831980184e-11,3.5080453773001904e-11,3.539243541933582e-11,3.5705823256027384e-11,3.602061726361444e-11,3.633681742857342e-11,3.6654423737695365e-11,3.6973436177916535e-11,3.729385473718175e-11,3.761567940270514e-11,3.7938910161195224e-11,3.826354700334949e-11,3.8589589917792705e-11,3.891703889273732e-11,3.9245893915852223e-11,3.9576154978607924e-11,3.990782207145723e-11,4.024089518336889e-11,4.057537430463406e-11,4.0911259425936423e-11,4.124855053866594e-11,4.158724763284685e-11,4.192735069963147e-11,4.2268859732731224e-11,4.261177472095431e-11,4.295609566121688e-11,4.330182254388493e-11,4.364895536136697e-11,4.3997494107518065e-11,4.4347438775177915e-11,4.4698789358144245e-11,4.505154584873592e-11,4.5405708244537704e-11,4.576127653813718e-11,4.6118250724448124e-11,4.6476630796551566e-11,4.683641675335674e-11,4.719760858873931e-11,4.756020629810714e-11,4.7924209877553535e-11,4.8289619326756054e-11,4.865643463522874e-11,4.902465580371523e-11,4.939428282998054e-11,4.97653157098909e-11,5.0137754440763574e-11,5.051159902020111e-11,5.088684944749542e-11,5.1263505720328206e-11,5.1641567837209986e-11,5.2021035796936015e-11,5.2401909598567955e-11,5.278418924104443e-11,5.3167874724212074e-11,5.3552966050538705e-11,5.393946321802525e-11,5.432736622163617e-11,5.471667506783352e-11,5.5107389754253044e-11,5.549951028561162e-11,5.589303665617213e-11,5.628796887118183e-11,5.668430693173269e-11,5.708205084114844e-11,5.7481200600359054e-11,5.788175621016811e-11,5.828371767441635e-11,5.868708499697805e-11,5.909185817777391e-11,5.949803722123899e-11,5.990562213069687e-11,6.031461290779709e-11,6.072500955986373e-11,6.113681209051497e-11,6.155002050058611e-11,6.19646347921298e-11,6.238065497684595e-11,6.279808106165964e-11,6.321691304136333e-11,6.363715092555588e-11,6.405879472216936e-11,6.448184443423497e-11,6.490630006543705e-11,6.533216162336081e-11,6.57594291147361e-11,6.61881025459699e-11,6.661818192352778e-11,6.704966725305653e-11,6.74825585421641e-11,6.791685579776821e-11,6.835255902681518e-11,6.878966823842126e-11,6.922818343767351e-11,6.966810463349958e-11,7.01094318342372e-11,7.055216504736867e-11,7.099630428126317e-11,7.14418495448292e-11,7.188880084633356e-11,7.233715819445546e-11,7.278692159587585e-11,7.323809106376514e-11,7.369066660755468e-11,7.414464823526557e-11,7.460003595657983e-11,7.505682978133632e-11,7.55150297196773e-11,7.59746357822534e-11,7.643564797837056e-11,7.689806631895798e-11,7.736189081514163e-11,7.782712147474353e-11,7.829375831125529e-11,7.876180133564719e-11,7.923125055917475e-11,7.970210599318762e-11,8.017436764915724e-11,8.06480355387842e-11,8.112310967594326e-11,8.159959007058596e-11,8.207747673499426e-11,8.255676968112704e-11,8.303746892267776e-11,8.351957447194388e-11,8.400308633934471e-11,8.448800454036974e-11,8.497432909139576e-11,8.546205998812301e-11,8.595119725294661e-11,8.644174090688524e-11,8.693369096444864e-11,8.742704743355237e-11,8.792181033228194e-11,8.841797967083423e-11,8.891555546346885e-11,8.941453772419983e-11,8.991492646295724e-11,9.041672170265911e-11,9.091992345359494e-11,9.142453172837608e-11,9.193054654408756e-11,9.243796790921076e-11,9.294679585146188e-11,9.345703037136868e-11,9.396867149615463e-11,9.448171923765771e-11,9.499617361193758e-11,9.551203463250955e-11,9.602930231412274e-11,9.654797667343687e-11,9.706805772624964e-11,9.758954548841695e-11,9.811243997667807e-11,9.863674120565456e-11,9.916244919225879e-11,9.96895639527558e-11,1.0021808550352675e-10,1.0074801386090458e-10,1.0127934904082795e-10,1.0181209106145268e-10,1.0234623993934924e-10,1.0288179568698085e-10,1.0341875832896423e-10,1.0395712787775858e-10,1.0449690435102138e-10,1.0503808776555388e-10,1.0558067813869918e-10,1.0612467548816928e-10,1.0667007983131847e-10,1.0721689118548122e-10,1.077651095681654e-10,1.0831473499961491e-10,1.0886576749235787e-10,1.0941820706714166e-10,1.0997205374044298e-10,1.1052730753087444e-10,1.1108396845650704e-10,1.116420365353614e-10,1.1220151178552114e-10,1.1276239422513366e-10,1.1332468387296247e-10,1.1388838074526631e-10,1.1445348486187342e-10,1.1501999624116574e-10,1.1558791490157893e-10,1.1615724086160434e-10,1.1672797413978923e-10,1.1730011475472843e-10,1.178736627250701e-10,1.1844861807409634e-10,1.1902498081592224e-10,1.1960275096934114e-10,1.2018192855319365e-10,1.2076251358636145e-10,1.2134450608280305e-10,1.2192790606647723e-10,1.225127135563873e-10,1.230989285715766e-10,1.23686551132025e-10,1.2427558125761655e-10,1.2486601896234145e-10,1.254578642708737e-10,1.2605111720004532e-10,1.2664577776961966e-10,1.272418459969546e-10,1.2783932190320705e-10,1.2843820551196807e-10,1.2903849683570415e-10,1.2964019589650178e-10,1.3024330271422991e-10,1.308478173065821e-10,1.3145373969435191e-10,1.3206106989675043e-10,1.3266980793302384e-10,1.3327995382294136e-10,1.3389150758601873e-10,1.3450446924178597e-10,1.351188388099689e-10,1.3573461630991755e-10,1.3635180176121727e-10,1.3697039518320468e-10,1.3759039659546073e-10,1.3821180601818996e-10,1.388346234705447e-10,1.394588489721424e-10,1.4008448254267627e-10,1.4071152420284048e-10,1.4133997397109425e-10,1.4196983186705414e-10,1.4260109791034764e-10,1.4323377212062404e-10,1.438678545158796e-10,1.4450334511457212e-10,1.4514024394103455e-10,1.45778551012581e-10,1.4641826634876136e-10,1.470593899691141e-10,1.4770192189314727e-10,1.4834586214039092e-10,1.489912107305348e-10,1.4963796768269106e-10,1.5028613301646972e-10,1.5093570675133517e-10,1.5158668890689608e-10,1.522390795023331e-10,1.528928785570008e-10,1.5354808609067248e-10,1.5420470212184868e-10,1.5486272667029258e-10,1.5552215975526712e-10,1.561830013959707e-10,1.5684525161177382e-10,1.5750891042174285e-10,1.581739778450759e-10,1.5884045390074622e-10,1.5950833860801454e-10,1.6017763198586285e-10,1.608483340528301e-10,1.6152044482914333e-10,1.6219396433298892e-10,1.6286889258285409e-10,1.6354522959794108e-10,1.64222975397738e-10,1.6490212999949694e-10,1.655826934210846e-10,1.662646656844168e-10,1.669480468082279e-10,1.6763283680783077e-10,1.683190357029332e-10,1.6900664351274925e-10,1.69695660255416e-10,1.703860859460954e-10,1.7107792060646262e-10,1.7177116425720263e-10,1.724658169132495e-10,1.7316187859286326e-10,1.7385934931513667e-10,1.7455822909652329e-10,1.7525851795678817e-10,1.7596021591294196e-10,1.7666332299455462e-10,1.7736783919752303e-10,1.7807376454953906e-10,1.7878109906881773e-10,1.7948984277019802e-10,1.8019999567331596e-10,1.8091155779557434e-10,1.8162452915430228e-10,1.8233890976675463e-10,1.8305469965011072e-10,1.837718988214731e-10,1.8449050729786675e-10,1.8521052509623756e-10,1.8593195223345142e-10,1.8665478872584995e-10,1.873790345888833e-10,1.881046898407912e-10,1.8883175449795417e-10,1.895602285780244e-10,1.9029011209762337e-10,1.910214050717804e-10,1.9175410751682416e-10,1.9248821944925468e-10,1.9322374088465467e-10,1.9396067183916788e-10,1.9469901231967114e-10,1.9543876235390214e-10,1.9617992195797122e-10,1.9692249114220447e-10,1.976664699263019e-10,1.9841185832185434e-10,1.9915865634612738e-10,1.999068640107167e-10,2.006564813399397e-10,2.0140750833486873e-10,2.021599450159993e-10,2.0291379139999383e-10,2.0366904750131806e-10,2.044257133338681e-10,2.0518378891199744e-10,2.0594327425023178e-10,2.0670416936506207e-10,2.0746647426891813e-10,2.0823018896702916e-10,2.089953134840154e-10,2.0976184782321298e-10,2.1052979201635383e-10,2.1129914606279192e-10,2.1206990998019462e-10,2.1284208378180573e-10,2.1361566747067838e-10,2.1439066108546335e-10,2.1516706461455536e-10,2.1594487810022143e-10,2.1672410150078138e-10,2.175047348737375e-10,2.1828677821805894e-10,2.190702315466594e-10,2.19855094873922e-10,2.20641368208014e-10,2.214290515780408e-10,2.222181449665219e-10,2.2300864839938457e-10,2.2380056188940998e-10,2.2459388544605628e-10,2.2538861908057783e-10,2.2618476280269944e-10,2.26982316624825e-10,2.2778128055772317e-10,2.2858165461202345e-10,2.2938343879830893e-10,2.3018663312623474e-10,2.3099123760751916e-10,2.3179725225177776e-10,2.3260467705714935e-10,2.334135120547943e-10,2.3422375724443364e-10,2.3503541263698104e-10,2.3584847823860204e-10,2.3666295406013456e-10,2.3747884011036336e-10,2.382961363983621e-10,2.391148429322707e-10,2.3993495972104444e-10,2.4075648677287874e-10,2.415794240961889e-10,2.4240377169909076e-10,2.4322952958964177e-10,2.440566977732371e-10,2.448852762598115e-10,2.457152650585353e-10,2.4654666417509535e-10,2.4737947362083914e-10,2.482136933938138e-10,2.490493235052373e-10,2.4988636396172873e-10,2.5072481477370606e-10,2.5156467594746896e-10,2.524059474723486e-10,2.5324862937195307e-10,2.5409272165039807e-10,2.5493822431262305e-10,2.5578513735652237e-10,2.56633460792525e-10,2.5748319462419746e-10,2.5833433885772155e-10,2.591868934988996e-10,2.6004085855041196e-10,2.6089623401801003e-10,2.617530199095981e-10,2.6261121621378267e-10,2.634708229502872e-10,2.643318401196097e-10,2.651942677203004e-10,2.6605810576264434e-10,2.66923354244634e-10,2.677900131709734e-10,2.6865808254567383e-10,2.695275623651249e-10,2.703984526410403e-10,2.712707533707948e-10,2.721444645538066e-10,2.730195861999578e-10,2.7389611830039224e-10,2.747740608611055e-10,2.756534138828905e-10,2.765341773681598e-10,2.774163513157672e-10,2.782999357266815e-10,2.791849306034645e-10,2.800713359430873e-10,2.809591517480385e-10,2.818483780173221e-10,2.827390147419723e-10,2.836310619380913e-10,2.8452451959655417e-10,2.854193877161029e-10,2.86315666297327e-10,2.8721335534144376e-10,2.881124548379989e-10,2.890129647894424e-10,2.8991488519493305e-10,2.908182160514544e-10,2.9172295735641767e-10,2.926291091074102e-10,2.935366713010814e-10,2.944456439316448e-10,2.953560269998979e-10,2.96267820502813e-10,2.971810244365344e-10,2.9809563879500826e-10,2.990116635748206e-10,2.9992909877117464e-10,3.0084794438575656e-10,3.017682004020326e-10,3.0268986682394895e-10,3.0361294363406584e-10,3.045374308400394e-10,3.0546332843334695e-10,3.0639063640618197e-10,3.0731935475274253e-10,3.0824948346663547e-10,3.0918102254124154e-10,3.1011397196971425e-10,3.1104833174497993e-10,3.1198410185973596e-10,3.1292128230600223e-10,3.138598730750847e-10,3.147998741574151e-10,3.1574128555535254e-10,3.1668410724856866e-10,3.1762833923275665e-10,3.1857398150132275e-10,3.1952103403615473e-10,3.204694968261004e-10,3.214193698521556e-10,3.223706531170205e-10,3.2332334667279597e-10,3.242774504194615e-10,3.2523296438949805e-10,3.26189888531892e-10,3.2714822288437133e-10,3.28107967428548e-10,3.29069122138349e-10,3.300316870067204e-10,3.309956620207352e-10,3.3196104716740176e-10,3.3292784243322787e-10,3.338960478070313e-10,3.348656632716481e-10,3.3583668881774507e-10,3.368091244318493e-10,3.3778297009508306e-10,3.387582258010072e-10,3.3973489153037284e-10,3.4071296726829543e-10,3.4169245299555956e-10,3.4267334870946305e-10,3.4365565437648057e-10,3.44639370001222e-10,3.4562449556295695e-10,3.466110310429217e-10,3.475989764243139e-10,3.485883316905713e-10,3.4957909682771915e-10,3.5057127181324554e-10,3.5156485663301065e-10,3.5255985126807395e-10,3.535562557021262e-10,3.5455406991285106e-10,3.555532938858632e-10,3.5655392760335187e-10,3.575559710460035e-10,3.585594241943598e-10,3.595642870370617e-10,3.605705595349457e-10,3.615782416801813e-10,3.625873334428248e-10,3.6359783479463084e-10,3.6460974574209567e-10,3.656230662651964e-10,3.6663779632773437e-10,3.676539359070986e-10,3.686714849936726e-10,3.6969044354976706e-10,3.707108115599763e-10,3.7173258900875047e-10,3.7275577586375984e-10,3.737803720967501e-10,3.7480637769593315e-10,3.7583379266295895e-10,3.76862616911768e-10,3.778928504500505e-10,3.7892449325389575e-10,3.7995754529684283e-10,3.8099200655438113e-10,3.8202787700281785e-10,3.8306515662121845e-10,3.841038453726664e-10,3.8514394323493706e-10,3.861854501806855e-10,3.8722836618406445e-10,3.8827269121794733e-10,3.893184252549142e-10,3.903655682638016e-10,3.9141412023371404e-10,3.9246408111203523e-10,3.935154508813384e-10,3.9456822951156416e-10,3.9562241697103675e-10,3.9667801322840936e-10,3.9773501826718794e-10,3.987934320512138e-10,3.998532545415559e-10,4.009144857241662e-10,4.0197712555263756e-10,4.0304117400128374e-10,4.041066310371792e-10,4.051734966296121e-10,4.0624177074995173e-10,4.073114533616351e-10,4.0838254443696815e-10,4.0945504393797594e-10,4.1052895183039695e-10,4.116042680839241e-10,4.126809926637355e-10,4.1375912553597577e-10,4.148386666613886e-10,4.159196160144115e-10,4.170019735537626e-10,4.180857392468028e-10,4.1917091305815216e-10,4.2025749494588327e-10,4.213454848782136e-10,4.224348828185644e-10,4.235256887300778e-10,4.2461790257558956e-10,4.257115243176297e-10,4.268065539184208e-10,4.2790299133988e-10,4.290008365436158e-10,4.3010008949093085e-10,4.312007501428178e-10,4.323028184599616e-10,4.3340629440273785e-10,4.345111779312132e-10,4.3561746900514315e-10,4.3672516758397277e-10,4.3783427362683654e-10,4.389447870925566e-10,4.400567079396435e-10,4.411700361262945e-10,4.422847716103936e-10,4.434009143495111e-10,4.445184643009038e-10,4.456374214215124e-10,4.467577856679633e-10,4.478795569967352e-10,4.490027353636535e-10,4.5012732072439585e-10,4.5125331303432087e-10,4.5238071224847047e-10,4.535095183215681e-10,4.546397312080177e-10,4.5577135086190445e-10,4.56904377236993e-10,4.5803881028672807e-10,4.5917464996423355e-10,4.603118962223113e-10,4.614505490134417e-10,4.6259060828978276e-10,4.637320740031697e-10,4.6487494611010763e-10,4.660192245566218e-10,4.671649092686799e-10,4.683120002409636e-10,4.694604974041366e-10,4.706104007078891e-10,4.717617101013592e-10,4.72914425532166e-10,4.740685469511749e-10,4.752240743111211e-10,4.763810075582397e-10,4.775393466398963e-10,4.786990915252397e-10,4.798602421070315e-10,4.81022798366161e-10,4.821867602488807e-10,4.83352127701209e-10,4.845189006777798e-10,4.856870791142255e-10,4.868566629557798e-10,4.880276521491637e-10,4.89200046635763e-10,4.903738463614555e-10,4.915490512699174e-10,4.927256613228532e-10,4.939036764290011e-10,4.950830965346571e-10,4.962639216093246e-10,4.974461515808541e-10,4.98629786392032e-10,4.99814825984474e-10,5.010012702994554e-10,5.021891192779135e-10,5.033783728604491e-10,5.04569030987593e-10,5.057610936002512e-10,5.069545606358795e-10,5.081494320321386e-10,5.093457077080076e-10,5.105433876585228e-10,5.117424717923489e-10,5.129429600174407e-10,5.141448522955326e-10,5.153481485429295e-10,5.165528487534658e-10,5.17758952823633e-10,5.1896646071017e-10,5.20175372317045e-10,5.213856876081811e-10,5.225974064936173e-10,5.23810528968631e-10,5.250250549199206e-10,5.262409842356743e-10,5.274583168948825e-10,5.286770528313991e-10,5.298971919781577e-10,5.311187342294003e-10,5.323416795506011e-10,5.335660278936266e-10,5.347917792156729e-10,5.360189334167246e-10,5.372474904023273e-10,5.384774501238714e-10,5.397088124976694e-10,5.409415774591736e-10,5.421757449446903e-10,5.434113148938948e-10,5.446482872066853e-10,5.458866618273225e-10,5.47126438683936e-10,5.483676177043034e-10,5.496101988158494e-10,5.508541819456446e-10,5.520995670238987e-10,5.533463539734336e-10,5.545945427226056e-10,5.558441331926966e-10,5.570951253111052e-10,5.583475190027653e-10,5.596013141968111e-10,5.608565108130297e-10,5.621131087752947e-10,5.633711080071273e-10,5.646305084316928e-10,5.65891309971799e-10,5.671535125498918e-10,5.684171160880627e-10,5.69682120508049e-10,5.709485257312168e-10,5.722163316785818e-10,5.734855382708043e-10,5.747561454281723e-10,5.760281530706251e-10,5.773015611177319e-10,5.785763694887128e-10,5.798525781024154e-10,5.811301868773283e-10,5.824091957315892e-10,5.836896045829579e-10,5.849714133488406e-10,5.86254621936223e-10,5.87539230277233e-10,5.888252382815354e-10,5.901126458640705e-10,5.914014529421363e-10,5.926916594331475e-10,5.9398326527373e-10,5.952762703351735e-10,5.965706745432489e-10,5.978664778226976e-10,5.991636800787179e-10,6.004622812425778e-10,6.017622812145115e-10,6.0306367994738e-10,6.043664772627657e-10,6.056706731212371e-10,6.069762674332126e-10,6.082832601194704e-10,6.095916510777176e-10,6.109014402190741e-10,6.122126274536282e-10,6.135252126937291e-10,6.14839195822065e-10,6.161545768036586e-10,6.174713554761028e-10,6.187895318302293e-10,6.201091057222656e-10,6.214300770692952e-10,6.227524457715184e-10,6.240762117435313e-10,6.254013748880907e-10,6.267279351114112e-10,6.280558923182429e-10,6.293852464135089e-10,6.307159973017591e-10,6.320481448873258e-10,6.333816890660769e-10,6.3471662975453e-10,6.360529668477928e-10,6.373907002538668e-10,6.387298298881917e-10,6.400703556342437e-10,6.41412277394425e-10,6.427555950705033e-10,6.441003085635946e-10,6.454464177744489e-10,6.467939226032451e-10,6.481428229497751e-10,6.494931187134757e-10,6.50844809793362e-10,6.521978960880594e-10,6.535523774957982e-10,6.549082539144439e-10,6.562655252414655e-10,6.576241913739606e-10,6.589842522086469e-10,6.603457076418643e-10,6.617085575695626e-10,6.630728018857301e-10,6.644384404872782e-10,6.658054732690177e-10,6.671739001253819e-10,6.685437209504271e-10,6.699149356378312e-10,6.71287544080895e-10,6.726615461725405e-10,6.740369418053107e-10,6.754137308713713e-10,6.76791913262509e-10,6.7817148887013e-10,6.79552457585263e-10,6.80934819298558e-10,6.823185739002832e-10,6.837037212803287e-10,6.850902613282062e-10,6.864781939330433e-10,6.87867518983667e-10,6.892582363683885e-10,6.906503459751984e-10,6.920438476917149e-10,6.934387414051694e-10,6.948350270024223e-10,6.962327043699601e-10,6.976317733938964e-10,6.990322339599704e-10,7.004340859523572e-10,7.018373292571584e-10,7.032419637587035e-10,7.046479893428156e-10,7.060554058919393e-10,7.074642132895399e-10,7.088744114187343e-10,7.102860001623368e-10,7.116989794027991e-10,7.131133490175015e-10,7.145291088922658e-10,7.159462589076368e-10,7.17364798944361e-10,7.187847288828813e-10,7.20206048602536e-10,7.21628757961814e-10,7.230528568591362e-10,7.244783451997714e-10,7.259052228395014e-10,7.273334896525783e-10,7.28763145513507e-10,7.301941903079734e-10,7.316266239168627e-10,7.330604462061785e-10,7.344956570616244e-10,7.359322563524685e-10,7.373702439490864e-10,7.388096197209798e-10,7.402503835458892e-10,7.416925353231121e-10,7.4313607491042e-10,7.445810021776005e-10,7.460273170014791e-10,7.47475019253801e-10,7.489241088065885e-10,7.503745855313256e-10,7.518264493005765e-10,7.532796999835403e-10,7.547343374517287e-10,7.561903615757265e-10,7.57647772225418e-10,7.591065692701515e-10,7.60566752579356e-10,7.620283220216492e-10,7.634912774654824e-10,7.649556187788684e-10,7.664213458405348e-10,7.678884585009445e-10,7.693569566306537e-10,7.708268400971831e-10,7.722981087671015e-10,7.7377076250624e-10,7.752448011800054e-10,7.767202246533848e-10,7.781970327909704e-10,7.796752254568625e-10,7.811548025148375e-10,7.826357638282716e-10,7.84118109255805e-10,7.856018386643329e-10,7.870869519160514e-10,7.885734488727658e-10,7.900613293958951e-10,7.915505933464647e-10,7.930412405851099e-10,7.945332709720897e-10,7.960266843691423e-10,7.97521480633842e-10,7.990176596252625e-10,8.005152212020854e-10,8.020141652226207e-10,8.035144915447779e-10,8.05016200026045e-10,8.065192905235568e-10,8.080237628940586e-10,8.095296169938683e-10,8.110368526789194e-10,8.12545469804672e-10,8.140554682261866e-10,8.155668477982343e-10,8.170796083680241e-10,8.185937498052298e-10,8.201092719607348e-10,8.2162617468151e-10,8.231444578188572e-10,8.246641212169495e-10,8.261851647490477e-10,8.277075882564938e-10,8.292313915912985e-10,8.307565746041947e-10,8.322831371475823e-10,8.338110790694467e-10,8.353404002195052e-10,8.36871100448198e-10,8.384031796050335e-10,8.399366375355184e-10,8.414714740933701e-10,8.430076891200115e-10,8.445452824695807e-10,8.460842539852286e-10,8.476246035280097e-10,8.491663309117484e-10,8.50709436016763e-10,8.522539186567216e-10,8.537997786896376e-10,8.553470159435907e-10,8.568956302874891e-10,8.58445621553439e-10,8.599969895972662e-10,8.615497342550088e-10,8.631038553694509e-10,8.646593527829352e-10,8.662162263374437e-10,8.677744758745437e-10,8.693341012399851e-10,8.708951022703434e-10,8.724574788061368e-10,8.740212306873613e-10,8.75586357753882e-10,8.771528598451957e-10,8.787207368010917e-10,8.802899884726218e-10,8.818606146717309e-10,8.834326152456935e-10,8.850059900328828e-10,8.865807388653209e-10,8.881568615724394e-10,8.897343579965967e-10,8.913132279855072e-10,8.928934713895561e-10,8.944750880147583e-10,8.960580777035191e-10,8.976424403106233e-10,8.992281756173517e-10,9.008152835005853e-10,9.024037637836388e-10,9.039936162761465e-10,9.055848408608092e-10,9.071774373328553e-10,9.087714054987627e-10,9.103667452403069e-10,9.119634563706176e-10,9.135615387206599e-10,9.151609921452205e-10,9.167618164384593e-10,9.183640114673246e-10,9.199675769988258e-10,9.21572512893371e-10,9.231788189795198e-10,9.24786495084807e-10,9.263955410363705e-10,9.280059566609712e-10,9.296177417849763e-10,9.312308962343624e-10,9.328454198347295e-10,9.344613124112837e-10,9.360785737993714e-10,9.376972038235325e-10,9.393172022861286e-10,9.409385690163566e-10,9.425613038547701e-10,9.441854065923292e-10,9.458108770646384e-10,9.474377151180637e-10,9.490659205590406e-10,9.50695493196935e-10,9.523264328632931e-10,9.53958739382568e-10,9.555924125654808e-10,9.572274522391426e-10,9.588638582178662e-10,9.605016303226e-10,9.621407683730766e-10,9.637812721844875e-10,9.654231415769635e-10,9.670663763679379e-10,9.68710976374457e-10,9.7035694141318e-10,9.720042713003777e-10,9.736529658519356e-10,9.753030248833502e-10,9.76954448209732e-10,9.78607235645804e-10,9.802613870059034e-10,9.8191690210398e-10,9.835737807536102e-10,9.85232022767956e-10,9.868916279598084e-10,9.885525961415712e-10,9.902149271263802e-10,9.918786207253457e-10,9.935436767486933e-10,9.952100950076399e-10,9.968778753136672e-10,9.9854701747503e-10,1.0002175213021088e-09,1.0018893866044644e-09,1.0035626131874973e-09,1.0052372008666597e-09,1.0069131494466554e-09,1.0085904587353371e-09,1.0102691285402408e-09,1.0119491586687465e-09,1.0136305489272869e-09,1.0153132991111836e-09,1.016997409042262e-09,1.0186828785429884e-09,1.02036970734977e-09,1.022057895327555e-09,1.0237474422787414e-09,1.0254383479885187e-09,1.0271306122353489e-09,1.0288242348702442e-09,1.0305192156989138e-09,1.0322155545063253e-09,1.033913251095798e-09,1.0356123052671553e-09,1.0373127168228323e-09,1.0390144855738242e-09,1.0407176113017904e-09,1.0424220938079419e-09,1.0441279328473743e-09,1.0458351283152877e-09,1.0475436799647368e-09,1.0492535875804855e-09,1.0509648509900551e-09,1.0526774699240202e-09,1.054391444276619e-09,1.0561067738118924e-09,1.0578234582892981e-09,1.0595414975229633e-09,1.0612608913415407e-09,1.0629816395136305e-09,1.0647037418449856e-09,1.0664271981366414e-09,1.0681520081388769e-09,1.0698781717089824e-09,1.0716056886101838e-09,1.0733345586380935e-09,1.0750647815902702e-09,1.0767963572834863e-09,1.0785292854408951e-09,1.0802635658938202e-09,1.0819991983570763e-09,1.0837361826884573e-09,1.085474518683628e-09,1.087214206134977e-09,1.0889552448168923e-09,1.0906976345331637e-09,1.0924413750751047e-09,1.0941864662256403e-09,1.0959329077730506e-09,1.097680699505238e-09,1.099429841209725e-09,1.1011803326736584e-09,1.1029321736838044e-09,1.104685364026552e-09,1.1064399034879116e-09,1.1081957918535166e-09,1.1099530289085682e-09,1.1117116144377746e-09,1.1134715482260621e-09,1.1152328300573469e-09,1.1169954597153754e-09,1.1187594369835173e-09,1.1205247616447668e-09,1.122291433481741e-09,1.1240594522766808e-09,1.1258288178114525e-09,1.1275995298675472e-09,1.129371588226081e-09,1.1311449926669876e-09,1.1329197429715584e-09,1.1346958389194565e-09,1.1364732802904726e-09,1.1382520668641771e-09,1.1400321984208795e-09,1.1418136747356649e-09,1.1435964955883137e-09,1.1453806607562026e-09,1.147166170017245e-09,1.1489530231489013e-09,1.1507412199259206e-09,1.1525307601257062e-09,1.1543216435164023e-09,1.156113869880912e-09,1.1579074389826793e-09,1.1597023506431935e-09,1.1614986045950503e-09,1.1632962006180608e-09,1.165095138441963e-09,1.166895417879217e-09,1.1686970387550015e-09,1.1705000007826146e-09,1.1723043037584656e-09,1.1741099474568274e-09,1.1759169316244001e-09,1.1777252560506382e-09,1.1795349204897269e-09,1.18134592472763e-09,1.1831582685723955e-09,1.1849719517053746e-09,1.1867869739123055e-09,1.1886033349894587e-09,1.1904210348250718e-09,1.192240072951125e-09,1.1940604492643716e-09,1.1958821635169781e-09,1.1977052155684971e-09,1.1995296050180452e-09,1.2013553316925155e-09,1.2031823953503445e-09,1.2050107957973544e-09,1.206840532893411e-09,1.2086716062488946e-09,1.210504015696087e-09,1.2123377609872586e-09,1.2141728418339841e-09,1.216009257972854e-09,1.2178470092348683e-09,1.2196860953779682e-09,1.2215265161663343e-09,1.2233682712874014e-09,1.2252113606509273e-09,1.2270557839437762e-09,1.2289015409266704e-09,1.230748631359968e-09,1.2325970550036612e-09,1.2344468116173774e-09,1.23629790096038e-09,1.2381503227915665e-09,1.2400040768694736e-09,1.2418591629522695e-09,1.2437155807977624e-09,1.2455733301633965e-09,1.2474324108062508e-09,1.2492928224830426e-09,1.2511545649501263e-09,1.253017637963493e-09,1.2548820412772811e-09,1.2567477746483264e-09,1.258614837832402e-09,1.2604832305831283e-09,1.262352952654685e-09,1.2642240038008941e-09,1.2660963837752145e-09,1.2679700923307444e-09,1.2698451292202215e-09,1.2717214941960232e-09,1.2735991870101678e-09,1.275478207414311e-09,1.2773585551597516e-09,1.2792402299974283e-09,1.2811232316779193e-09,1.2830075599514453e-09,1.2848932145769565e-09,1.2867801952954128e-09,1.2886685018560026e-09,1.2905581340075849e-09,1.292449091498611e-09,1.2943413740772216e-09,1.2962349814912053e-09,1.2981299134879578e-09,1.3000261698145873e-09,1.301923750217844e-09,1.3038226544440797e-09,1.3057228822393747e-09,1.307624433349468e-09,1.3095273075197466e-09,1.3114315044952847e-09,1.313337024020824e-09,1.3152438658408928e-09,1.3171520296995524e-09,1.3190615153408028e-09,1.3209723225083735e-09,1.3228844509033363e-09,1.3247979003057516e-09,1.3267126704576498e-09,1.3286287611007012e-09,1.3305461719762276e-09,1.3324649028251951e-09,1.3343849533882172e-09,1.3363063234055593e-09,1.338229012617128e-09,1.3401530207866035e-09,1.342078347634087e-09,1.344004992872798e-09,1.3459329562625648e-09,1.347862237540222e-09,1.3497928364375541e-09,1.351724752706126e-09,1.3536579860680352e-09,1.3555925362716296e-09,1.3575284030770935e-09,1.3594655861705674e-09,1.3614040853086732e-09,1.363343900227646e-09,1.365285030662773e-09,1.3672274763488525e-09,1.3691712370202827e-09,1.3711163124029601e-09,1.3730627022383514e-09,1.375010406268475e-09,1.3769594242085869e-09,1.3789097557790366e-09,1.3808614007314464e-09,1.3828143587972948e-09,1.3847686297075652e-09,1.3867242131926792e-09,1.3886811089820037e-09,1.3906393168313138e-09,1.3925988364455939e-09,1.3945596675551878e-09,1.3965218099019558e-09,1.3984852631624459e-09,1.4004500271395933e-09,1.4024161015365837e-09,1.4043834860805408e-09,1.4063521804985844e-09,1.4083221845176293e-09,1.4102934978644219e-09,1.4122661202655035e-09,1.414240051447027e-09,1.4162152911348682e-09,1.4181918390545968e-09,1.4201696949314899e-09,1.4221488584897152e-09,1.4241293294550094e-09,1.4261111075515846e-09,1.4280941925033486e-09,1.4300785840879323e-09,1.4320642819711474e-09,1.4340512858762244e-09,1.436039595526017e-09,1.4380292106430263e-09,1.4400201309493892e-09,1.442012356166862e-09,1.4440058860168513e-09,1.4460007202204586e-09,1.4479968584983661e-09,1.4499943005709447e-09,1.451993046158233e-09,1.4539930949798988e-09,1.4559944467552877e-09,1.4579971012033743e-09,1.4600010580428207e-09,1.462006316991939e-09,1.464012877768707e-09,1.466020740090761e-09,1.468029903664885e-09,1.4700403682199293e-09,1.4720521334573015e-09,1.4740651991082904e-09,1.476079564888643e-09,1.4780952305138466e-09,1.4801121956990972e-09,1.4821304601592775e-09,1.4841500236089513e-09,1.4861708857623557e-09,1.4881930463334048e-09,1.4902165050377801e-09,1.4922412615865507e-09,1.4942673156926531e-09,1.4962946670686985e-09,1.498323315426966e-09,1.5003532604794045e-09,1.5023845019376345e-09,1.5044170395129483e-09,1.5064508729057863e-09,1.5084860018377972e-09,1.5105224260192147e-09,1.5125601451599775e-09,1.5145991589747312e-09,1.5166394671674087e-09,1.5186810694470064e-09,1.5207239655194203e-09,1.5227681550936202e-09,1.5248136378445217e-09,1.5268604135501725e-09,1.5289084818878556e-09,1.5309578425571337e-09,1.5330084952717237e-09,1.5350604397336395e-09,1.53711367564873e-09,1.5391682027290492e-09,1.5412240206702534e-09,1.5432811291860898e-09,1.5453395279677435e-09,1.5473992167246746e-09,1.5494601951675842e-09,1.5515224629973665e-09,1.5535860199174828e-09,1.5556508656310817e-09,1.5577169998385645e-09,1.5597844222446508e-09,1.5618531325408513e-09,1.563923130455291e-09,1.5659944156791699e-09,1.56806698790736e-09,1.570140846836444e-09,1.5722159921601262e-09,1.5742924236149728e-09,1.5763701408719023e-09,1.5784491436321947e-09,1.5805294315766187e-09,1.582611004424907e-09,1.5846938618752801e-09,1.5867780036254617e-09,1.5888634294087359e-09,1.590950138885316e-09,1.5930381317586729e-09,1.5951274077198281e-09,1.597217966470408e-09,1.5993098077072188e-09,1.6014029311264482e-09,1.603497336421626e-09,1.605593023294198e-09,1.6076899914454303e-09,1.6097882405485032e-09,1.6118877703135828e-09,1.6139885804392189e-09,1.61609067059993e-09,1.6181940405838052e-09,1.6202986898793597e-09,1.622404618340168e-09,1.6245118256207794e-09,1.6266203113904609e-09,1.628730075386126e-09,1.6308411172740726e-09,1.6329534367235401e-09,1.635067033470679e-09,1.6371819072109554e-09,1.6392980576068922e-09,1.6414154843264504e-09,1.6435341871015271e-09,1.6456541656149788e-09,1.6477754195564008e-09,1.6498979485854298e-09,1.6520217524050313e-09,1.654146830675911e-09,1.656273183171041e-09,1.6584008095231391e-09,1.6605297094292156e-09,1.6626598825519566e-09,1.6647913286197647e-09,1.66692404728115e-09,1.6690580382376133e-09,1.67119330118896e-09,1.6733298357936379e-09,1.6754676417626001e-09,1.6776067187662314e-09,1.6797470664817604e-09,1.681888684591996e-09,1.6840315728046671e-09,1.6861757307913282e-09,1.6883211582397243e-09,1.6904678548259624e-09,1.6926158202357184e-09,1.6947650541520397e-09,1.6969155562459002e-09,1.6990673262232545e-09,1.7012203637422706e-09,1.703374668456966e-09,1.7055302401348412e-09,1.7076870784169752e-09,1.7098451829693338e-09,1.7120045534784044e-09,1.7141651896237083e-09,1.7163270910864226e-09,1.7184902575440348e-09,1.7206546886785112e-09,1.7228203842035095e-09,1.7249873437224676e-09,1.7271555669511448e-09,1.7293250535683533e-09,1.731495803267803e-09,1.7336678157019117e-09,1.735841090547897e-09,1.7380156274786492e-09,1.7401914261838299e-09,1.7423684863469584e-09,1.7445468076368424e-09,1.746726389731872e-09,1.7489072322873796e-09,1.751089335011433e-09,1.753272697566468e-09,1.7554573196071468e-09,1.7576432008305738e-09,1.7598303409009014e-09,1.7620187394864117e-09,1.7642083962662506e-09,1.766399310913178e-09,1.7685914830998275e-09,1.770784912498526e-09,1.7729795987813149e-09,1.7751755416199514e-09,1.7773727406858947e-09,1.7795711956497356e-09,1.7817709061821908e-09,1.7839718719545848e-09,1.7861740926372285e-09,1.7883775679001502e-09,1.79058229741308e-09,1.7927882808454652e-09,1.7949955178664845e-09,1.7972040081450196e-09,1.7994137513496734e-09,1.8016247471487507e-09,1.8038369952102908e-09,1.8060504952020335e-09,1.8082652467914464e-09,1.8104812496456233e-09,1.812698503431541e-09,1.814917007815819e-09,1.8171367624647828e-09,1.8193577670444992e-09,1.821580021205974e-09,1.8238035246482186e-09,1.8260282769922103e-09,1.8282542779519052e-09,1.8304815271954583e-09,1.8327100243490033e-09,1.8349397690692066e-09,1.837170761038429e-09,1.8394029999201312e-09,1.841636485377689e-09,1.8438712170740724e-09,1.8461071946719865e-09,1.8483444178338556e-09,1.850582886214633e-09,1.8528225994843263e-09,1.8550635573044427e-09,1.8573057593361567e-09,1.8595492052404688e-09,1.8617938946780267e-09,1.864039827309302e-09,1.8662870027886236e-09,1.8685354207812825e-09,1.87078508094685e-09,1.8730359828434287e-09,1.8752881262370634e-09,1.8775415108748357e-09,1.8797961363272236e-09,1.8820520022575586e-09,1.884309108305753e-09,1.8865674541390443e-09,1.8888270394117315e-09,1.89108786377707e-09,1.8933499269211413e-09,1.89561322846077e-09,1.897877768068157e-09,1.9001435453991647e-09,1.902410560153219e-09,1.9046788118991702e-09,1.9069483003424856e-09,1.909219025130923e-09,1.911490985916223e-09,1.913764182355107e-09,1.9160386140982e-09,1.91831428081131e-09,1.920591182185797e-09,1.922869317793312e-09,1.9251486873174333e-09,1.9274292904199333e-09,1.9297111267546477e-09,1.931994196056096e-09,1.9342784977775713e-09,1.9365640317111217e-09,1.9388507974846157e-09,1.9411387947481408e-09,1.9434280231464607e-09,1.9457184823359155e-09,1.9480101719254667e-09,1.9503030916549838e-09,1.9525972410945003e-09,1.954892619980578e-09,1.957189227889225e-09,1.959487064455495e-09,1.961786129315182e-09,1.9640864222404755e-09,1.9663879427997597e-09,1.968690690613961e-09,1.9709946654392913e-09,1.9732998668060996e-09,1.975606294396865e-09,1.9779139478674265e-09,1.9802228268541275e-09,1.9825329310758954e-09,1.9848442600530693e-09,1.987156813493325e-09,1.9894705910055903e-09,1.991785592307728e-09,1.994101817006004e-09,1.996419264757783e-09,1.9987379351776826e-09,2.001057827953494e-09,2.0033789427035956e-09,2.00570127907131e-09,2.0080248366968303e-09,2.0103496152587473e-09,2.01267561435174e-09,2.0150028336546462e-09,2.0173312727888897e-09,2.019660931407214e-09,2.0219918091505537e-09,2.024323905667205e-09,2.0266572205982473e-09,2.028991753571915e-09,2.031327504235931e-09,2.033664472231051e-09,2.036002657199678e-09,2.0383420587952022e-09,2.0406826766304926e-09,2.043024510361335e-09,2.0453675596313916e-09,2.047711824077255e-09,2.050057303335937e-09,2.0524039970485936e-09,2.0547519048527547e-09,2.0571010263800873e-09,2.0594513612925514e-09,2.0618029092203128e-09,2.0641556697769404e-09,2.0665096426308787e-09,2.068864827395522e-09,2.0712212237147245e-09,2.073578831237534e-09,2.0759376495912597e-09,2.0782976784189147e-09,2.080658917348658e-09,2.0830213660141907e-09,2.0853850240603522e-09,2.0877498911236972e-09,2.0901159668260425e-09,2.0924832508130586e-09,2.094851742718078e-09,2.0972214421758607e-09,2.0995923488207417e-09,2.1019644622867438e-09,2.1043377821716624e-09,2.106712308139078e-09,2.1090880398348114e-09,2.1114649768809004e-09,2.1138431189609657e-09,2.1162224656530708e-09,2.1186030164643876e-09,2.1209847712846154e-09,2.123367729628086e-09,2.125751891122072e-09,2.1281372554009062e-09,2.1305238220565326e-09,2.1329115907820336e-09,2.135300561185109e-09,2.137690732893874e-09,2.140082105532957e-09,2.1424746787343273e-09,2.144868452147742e-09,2.147263425378079e-09,2.149659598076233e-09,2.1520569698526908e-09,2.154455540325619e-09,2.1568553091522705e-09,2.1592562759539265e-09,2.1616584403565064e-09,2.1640618019868918e-09,2.166466360551072e-09,2.168872115401093e-09,2.1712790663434135e-09,2.1736872129908973e-09,2.176096555142204e-09,2.1785070922828516e-09,2.1809188240393265e-09,2.1833317500378856e-09,2.1857458699027288e-09,2.188161183261456e-09,2.190577689739648e-09,2.1929953889626693e-09,2.1954142805556586e-09,2.1978343641435276e-09,2.2002556393509697e-09,2.2026781058024577e-09,2.2051017631222364e-09,2.207526610936583e-09,2.209952648865001e-09,2.212379876533119e-09,2.2148082935643003e-09,2.2172378995816843e-09,2.219668694211979e-09,2.2221006770742904e-09,2.224533847791123e-09,2.226968205988525e-09,2.2294037512846894e-09,2.2318404833014533e-09,2.234278401660411e-09,2.2367175059829417e-09,2.2391577958902496e-09,2.241599271003273e-09,2.244041930942736e-09,2.2464857753291704e-09,2.248930803782865e-09,2.2513770159239134e-09,2.2538244113721843e-09,2.2562729897473348e-09,2.2587227506687928e-09,2.261173693755799e-09,2.263625818627347e-09,2.2660791249022337e-09,2.2685336121990394e-09,2.27098928013617e-09,2.2734461283317626e-09,2.275904156403754e-09,2.2783633639698917e-09,2.280823750543719e-09,2.2832853158422694e-09,2.2857480594816484e-09,2.288211981075836e-09,2.2906770802371936e-09,2.29314335657253e-09,2.295610809872128e-09,2.2980794396004573e-09,2.3005492453733845e-09,2.3030202268065685e-09,2.305492383537528e-09,2.307965715159487e-09,2.3104402212652173e-09,2.3129159014626326e-09,2.31539275541107e-09,2.31787078271757e-09,2.3203499829919152e-09,2.3228303558443764e-09,2.325311900888764e-09,2.327794617738685e-09,2.330278506007541e-09,2.3327635653085328e-09,2.3352497952546564e-09,2.3377371954587062e-09,2.340225765533276e-09,2.3427155050907555e-09,2.3452064137433376e-09,2.3476984911030066e-09,2.350191736781552e-09,2.352686150390563e-09,2.355181731550625e-09,2.357678479862222e-09,2.360176394936686e-09,2.362675476385109e-09,2.365175723818247e-09,2.3676771368439345e-09,2.3701797150755847e-09,2.372683458123201e-09,2.375188365596593e-09,2.3776944371572472e-09,2.3802016723291168e-09,2.382710070733938e-09,2.3852196320044166e-09,2.3877303557445155e-09,2.390242241566427e-09,2.3927552890773493e-09,2.3952694978852027e-09,2.3977848675982384e-09,2.400301397824344e-09,2.4028190881711877e-09,2.4053379382482166e-09,2.407857947659735e-09,2.4103791160134336e-09,2.4129014429139877e-09,2.4154249279535297e-09,2.4179495707751574e-09,2.420475370965457e-09,2.423002328121238e-09,2.425530441867669e-09,2.428059711800372e-09,2.430590137506741e-09,2.433121718632267e-09,2.435654454958001e-09,2.438188345892154e-09,2.440723391039444e-09,2.4432595900045356e-09,2.4457969423917663e-09,2.4483354478052955e-09,2.450875105849575e-09,2.453415916128249e-09,2.455957878244817e-09,2.4585009918031617e-09,2.4610452564063265e-09,2.4635906716577622e-09,2.4661372371600508e-09,2.4686849525159374e-09,2.471233817328379e-09,2.4737838311996977e-09,2.476334993731908e-09,2.478887304527134e-09,2.4814407631872135e-09,2.483995369313799e-09,2.486551122508505e-09,2.489108022372457e-09,2.491666068507327e-09,2.4942252605134967e-09,2.4967855979918295e-09,2.499347080543144e-09,2.5019097077674782e-09,2.5044734792653622e-09,2.50703839463673e-09,2.509604453481835e-09,2.5121716551830154e-09,2.514739999556561e-09,2.5173094862018318e-09,2.519880114717995e-09,2.5224518847040585e-09,2.5250247957588542e-09,2.5275988474810294e-09,2.5301740394690687e-09,2.5327503713212706e-09,2.5353278426357606e-09,2.537906453010493e-09,2.540486202043259e-09,2.5430670893316638e-09,2.5456491144731497e-09,2.548232277064978e-09,2.550816576704235e-09,2.5534020129878384e-09,2.555988585512555e-09,2.5585762938749486e-09,2.561165137671429e-09,2.563755116498246e-09,2.56634622995146e-09,2.568938477626979e-09,2.5715318591205235e-09,2.574126374027656e-09,2.5767220219437666e-09,2.5793188024640926e-09,2.581916715183683e-09,2.5845157596974337e-09,2.5871159356000648e-09,2.5897172424861316e-09,2.5923196799500327e-09,2.5949232475859877e-09,2.5975279449880577e-09,2.6001337717501386e-09,2.602740727465968e-09,2.6053488117291063e-09,2.6079580241329554e-09,2.610568364270751e-09,2.6131798317355686e-09,2.615792426120321e-09,2.61840614701776e-09,2.621020994020473e-09,2.6236369667208792e-09,2.626254064711249e-09,2.6288722875836945e-09,2.6314916349301433e-09,2.6341121063423904e-09,2.636733701412049e-09,2.6393564197305828e-09,2.641980260889293e-09,2.644605224589916e-09,2.6472313103130134e-09,2.6498585176494768e-09,2.6524868461899023e-09,2.6551162955247997e-09,2.6577468652397015e-09,2.6603785549296455e-09,2.6630113641846047e-09,2.6656452925945464e-09,2.6682803397491543e-09,2.6709165052379883e-09,2.673553788650521e-09,2.6761921895759997e-09,2.6788317076035084e-09,2.6814723423220307e-09,2.6841140933203617e-09,2.6867569601871525e-09,2.6894009425108756e-09,2.6920460398798638e-09,2.6946922518823614e-09,2.69733957810639e-09,2.6999880181398356e-09,2.7026375715704063e-09,2.705288237985717e-09,2.7079400168456643e-09,2.7105929078662183e-09,2.713246910634351e-09,2.7159020247369325e-09,2.718558249783007e-09,2.721215585336051e-09,2.7238740309826194e-09,2.7265335863090868e-09,2.729194250901697e-09,2.731856024346554e-09,2.7345189062296195e-09,2.737182896136681e-09,2.7398479936534026e-09,2.7425141983652934e-09,2.7451815098577242e-09,2.747849927715917e-09,2.7505194515249355e-09,2.7531900808697316e-09,2.7558618153350805e-09,2.7585346545056237e-09,2.7612085979658762e-09,2.7638836453001824e-09,2.766559796092766e-09,2.769237049927698e-09,2.77191540638891e-09,2.774594865060184e-09,2.777275425525168e-09,2.7799570873673807e-09,2.7826398501701814e-09,2.785323713516807e-09,2.78800867699033e-09,2.79069474017371e-09,2.7933819026497456e-09,2.7960701640011083e-09,2.7987595238103263e-09,2.801449981659802e-09,2.8041415371317843e-09,2.8068341898083958e-09,2.8095279392716115e-09,2.8122227850852665e-09,2.8149187268513337e-09,2.817615764150212e-09,2.8203138965636127e-09,2.8230131236722075e-09,2.8257134450574577e-09,2.8284148603046207e-09,2.8311173689893496e-09,2.833820970692404e-09,2.8365256649944107e-09,2.8392314514758718e-09,2.8419383297171473e-09,2.8446462992984662e-09,2.8473553597999327e-09,2.850065510801515e-09,2.8527767518830423e-09,2.8554890826242227e-09,2.8582025026046287e-09,2.860917011403699e-09,2.863632608600759e-09,2.8663492937749836e-09,2.8690670665054294e-09,2.8717859263710147e-09,2.8745058729505357e-09,2.877226905822672e-09,2.8799490245659567e-09,2.8826722287587987e-09,2.8853965179794813e-09,2.888121891806184e-09,2.8908483498169144e-09,2.89357589158958e-09,2.8963045167019667e-09,2.8990342247317252e-09,2.9017650152563865e-09,2.904496887853354e-09,2.9072298420999e-09,2.909963877573181e-09,2.9126989938502324e-09,2.915435190507961e-09,2.9181724671231466e-09,2.920910823272447e-09,2.9236502585324086e-09,2.926390772479447e-09,2.929132364689854e-09,2.9318750347398057e-09,2.934618782205345e-09,2.9373636066624127e-09,2.9401095076868186e-09,2.942856484854251e-09,2.9456045377402793e-09,2.9483536659203585e-09,2.9511038689698185e-09,2.9538551464638737e-09,2.956607497977616e-09,2.9593609230860276e-09,2.9621154213639716e-09,2.964870992386181e-09,2.9676276357272865e-09,2.970385350961791e-09,2.9731441376640913e-09,2.975903995408465e-09,2.9786649237690684e-09,2.9814269223199468e-09,2.9841899906350327e-09,2.9869541282881418e-09,2.9897193348529756e-09,2.992485609903118e-09,2.995252953017283e-09,2.9980213637635955e-09,3.000790841715315e-09,3.0035613864455744e-09,3.006332997527402e-09,3.009105674533719e-09,3.011879417037334e-09,3.0146542246109276e-09,3.0174300968270965e-09,3.0202070332583365e-09,3.0229850334770005e-09,3.0257640970553803e-09,3.0285442235656503e-09,3.0313254125798975e-09,3.0341076636700994e-09,3.0368909764165614e-09,3.0396753503656946e-09,3.0424607851066876e-09,3.0452472802158473e-09,3.04803483525882e-09,3.05082344980693e-09,3.0536131234314517e-09,3.056403855703604e-09,3.059195646173407e-09,3.0619884944604856e-09,3.0647824001071453e-09,3.0675773626840225e-09,3.070373381761624e-09,3.073170456910456e-09,3.0759685877007454e-09,3.078767773702754e-09,3.0815680144866096e-09,3.0843693096223468e-09,3.0871716586798464e-09,3.0899750612289414e-09,3.09277951683932e-09,3.0955850250805696e-09,3.098391585522243e-09,3.1011991977337284e-09,3.104007861284344e-09,3.1068175757432585e-09,3.1096283406796023e-09,3.112440155662349e-09,3.1152530202604533e-09,3.118066934042668e-09,3.1208818965777696e-09,3.123697907434315e-09,3.126514966180821e-09,3.1293330723857057e-09,3.132152225617311e-09,3.1349724254438485e-09,3.1377936714334207e-09,3.1406159631540526e-09,3.143439300173682e-09,3.146263682060156e-09,3.1490891083812322e-09,3.151915578704515e-09,3.154743092597584e-09,3.1575716496278717e-09,3.160401249362761e-09,3.1632318913695166e-09,3.1660635752152994e-09,3.1688963004672137e-09,3.1717300666922378e-09,3.1745648734572657e-09,3.177400720329099e-09,3.1802376068744994e-09,3.1830755326600345e-09,3.1859144972522607e-09,3.1887545002175836e-09,3.1915955411223935e-09,3.194437619532927e-09,3.1972807350153637e-09,3.2001248871357676e-09,3.202970075460166e-09,3.2058162995544256e-09,3.2086635589843807e-09,3.2115118533157696e-09,3.2143611821142368e-09,3.217211544945293e-09,3.220062941374421e-09,3.2229153709670198e-09,3.2257688332883607e-09,3.228623327903649e-09,3.2314788543779846e-09,3.2343354122764352e-09,3.2371930011639314e-09,3.240051620605335e-09,3.2429112701654357e-09,3.245771949408921e-09,3.248633657900417e-09,3.251496395204455e-09,3.254360160885417e-09,3.257224954507711e-09,3.260090775635633e-09,3.262957623833335e-09,3.2658254986649577e-09,3.2686943996945333e-09,3.2715643264860006e-09,3.274435278603264e-09,3.277307255610048e-09,3.2801802570701148e-09,3.283054282547069e-09,3.2859293316044634e-09,3.28880540380578e-09,3.291682498714387e-09,3.294560615893621e-09,3.2974397549066994e-09,3.3003199153167756e-09,3.3032010966869376e-09,3.306083298580167e-09,3.3089665205593873e-09,3.311850762187478e-09,3.3147360230271528e-09,3.3176223026411565e-09,3.3205096005920963e-09,3.3233979164424965e-09,3.3262872497548274e-09,3.329177600091454e-09,3.3320689670147182e-09,3.334961350086877e-09,3.3378547488700645e-09,3.3407491629263885e-09,3.343644591817882e-09,3.3465410351064723e-09,3.349438492354034e-09,3.352336963122392e-09,3.3552364469732504e-09,3.358136943468281e-09,3.3610384521690687e-09,3.3639409726371294e-09,3.3668445044338954e-09,3.369749047016485e-09,3.372654600049604e-09,3.375561163087186e-09,3.3784687356967107e-09,3.3813773174272195e-09,3.384286907838864e-09,3.3871975064902862e-09,3.3901091131099046e-09,3.3930217271081906e-09,3.3959353478964267e-09,3.398849975199584e-09,3.401765608581064e-09,3.4046822475926275e-09,3.4075998917906775e-09,3.4105185407329147e-09,3.4134381939849266e-09,3.416358851100083e-09,3.419280511640001e-09,3.422203175143715e-09,3.425126841189169e-09,3.4280515093372867e-09,3.430977179147704e-09,3.433903850180644e-09,3.4368315219952917e-09,3.43976019415236e-09,3.4426898662109837e-09,3.445620537731549e-09,3.4485522082728388e-09,3.4514848773952095e-09,3.4544185446572103e-09,3.4573532096173714e-09,3.460288871837086e-09,3.4632255308744205e-09,3.4661631862886576e-09,3.469101837638457e-09,3.4720414844844475e-09,3.4749821263850976e-09,3.4779237628986457e-09,3.4808663935843957e-09,3.4838100180011324e-09,3.4867546357075528e-09,3.4897002462628507e-09,3.492646849226401e-09,3.495594444155204e-09,3.498543030607874e-09,3.5014926082951943e-09,3.5044431766282146e-09,3.507394735160904e-09,3.510347283460239e-09,3.5133008210714683e-09,3.516255347555778e-09,3.5192108624725963e-09,3.522167365380373e-09,3.5251248558375747e-09,3.5280833334023707e-09,3.5310427976329585e-09,3.5340032480872654e-09,3.536964684323182e-09,3.539927105898588e-09,3.542890512371243e-09,3.5458549032988906e-09,3.5488202782392056e-09,3.551786636749804e-09,3.5547539783882716e-09,3.557722302712098e-09,3.5606916092787642e-09,3.5636618976418783e-09,3.566633167362785e-09,3.5696054179988573e-09,3.572578649107691e-09,3.5755528602476964e-09,3.578528050977516e-09,3.5815042208469385e-09,3.584481369415275e-09,3.5874594962406107e-09,3.590438600880174e-09,3.5934186828908764e-09,3.5963997418296563e-09,3.5993817772533407e-09,3.6023647887187324e-09,3.6053487757825796e-09,3.6083337380015596e-09,3.611319674935424e-09,3.6143065861375955e-09,3.6172944711646367e-09,3.620283329547718e-09,3.6232731608686472e-09,3.6262639646838264e-09,3.629255740549611e-09,3.6322484880223156e-09,3.6352422066582086e-09,3.6382368960135146e-09,3.641232555644421e-09,3.6442291851070656e-09,3.6472267839575527e-09,3.650225351751932e-09,3.653224888046222e-09,3.656225392396398e-09,3.6592268643583903e-09,3.6622293034880935e-09,3.6652327093413575e-09,3.668237081473992e-09,3.67124241944177e-09,3.6742487228004244e-09,3.6772559911056434e-09,3.680264223913083e-09,3.6832734207783598e-09,3.686283581257046e-09,3.6892947049046815e-09,3.6923067912767645e-09,3.6953198399287575e-09,3.6983338504160846e-09,3.701348822294137e-09,3.7043647551182608e-09,3.7073816484437736e-09,3.710399501825955e-09,3.7134183148200438e-09,3.716438086981247e-09,3.719458817904116e-09,3.7224805071393933e-09,3.7255031541788984e-09,3.7285267586024595e-09,3.731551319967163e-09,3.734576837828739e-09,3.737603311742501e-09,3.740630741263564e-09,3.743659125946946e-09,3.746688465347593e-09,3.749718759020392e-09,3.752750006520191e-09,3.755782207401785e-09,3.758815361219936e-09,3.761849467529368e-09,3.7648845258847715e-09,3.7679205358407984e-09,3.770957496952078e-09,3.773995408773198e-09,3.7770342708587156e-09,3.780074082750325e-09,3.783114844028815e-09,3.7861565542375026e-09,3.789199212931558e-09,3.792242819666588e-09,3.79528737402098e-09,3.7983328755194456e-09,3.801379323716368e-09,3.804426718166039e-09,3.8074750584228185e-09,3.810524344040933e-09,3.813574574574649e-09,3.816625749578201e-09,3.819677868605759e-09,3.822730931211497e-09,3.8257849369495424e-09,3.828839885374014e-09,3.831895776038982e-09,3.8349526084985155e-09,3.838010382306664e-09,3.841069097017414e-09,3.8441287521847594e-09,3.847189347362652e-09,3.850250882042361e-09,3.853313355841252e-09,3.856376768313107e-09,3.859441119011842e-09,3.862506407491241e-09,3.865572633305119e-09,3.868639796007301e-09,3.8717078951515845e-09,3.8747769302916245e-09,3.877846900981118e-09,3.880917806773827e-09,3.8839896472234056e-09,3.887062421883583e-09,3.890136130307898e-09,3.89321077205005e-09,3.896286346663629e-09,3.899362853702192e-09,3.902440292719263e-09,3.905518663268493e-09,3.908597964903351e-09,3.911678197177364e-09,3.914759359643981e-09,3.917841451856768e-09,3.920924473369108e-09,3.9240084237344665e-09,3.927093302506249e-09,3.93017910923791e-09,3.933265843482786e-09,3.936353504794285e-09,3.9394420927258134e-09,3.942531606880521e-09,3.945622046756807e-09,3.94871341190945e-09,3.95180570184927e-09,3.954898916179341e-09,3.9579930544522385e-09,3.9610881162208545e-09,3.9641841010380404e-09,3.967281008456725e-09,3.970378838029943e-09,3.97347758931072e-09,3.976577261862489e-09,3.979677855226772e-09,3.982779368956772e-09,3.985881802605688e-09,3.988985155726699e-09,3.992089427873002e-09,3.995194618597781e-09,3.99830072745423e-09,4.001407753995569e-09,4.004515697775037e-09,4.0076245583458815e-09,4.0107343352523e-09,4.01384502805534e-09,4.016956636308065e-09,4.0200691595635226e-09,4.0231825973747555e-09,4.026296949294798e-09,4.029412214876676e-09,4.032528393673411e-09,4.035645485238008e-09,4.038763489123479e-09,4.0418824048828195e-09,4.0450022320690205e-09,4.048122970235066e-09,4.0512446189339404e-09,4.054367177718615e-09,4.05749064614206e-09,4.060615023757243e-09,4.06374031011712e-09,4.0668665047746525e-09,4.069993607282787e-09,4.073121617194476e-09,4.076250534062671e-09,4.079380357452739e-09,4.082511086905184e-09,4.085642721972973e-09,4.088775262209079e-09,4.091908707166487e-09,4.095043056389029e-09,4.098178309439172e-09,4.101314465870113e-09,4.104451525235258e-09,4.1075894870962845e-09,4.110728350995428e-09,4.113868116485607e-09,4.1170087831197195e-09,4.120150350450689e-09,4.1232928180314296e-09,4.126436185414857e-09,4.1295804521538806e-09,4.132725617801406e-09,4.135871681910356e-09,4.139018644033652e-09,4.142166503724205e-09,4.145315260534926e-09,4.1484649140187405e-09,4.151615463728576e-09,4.154766909217358e-09,4.157919250038008e-09,4.161072485743452e-09,4.1642266158866335e-09,4.167381640020481e-09,4.170537557697937e-09,4.173694368471951e-09,4.176852071895459e-09,4.180010667521421e-09,4.183170154902787e-09,4.186330533592515e-09,4.1894918031435816e-09,4.1926539631089545e-09,4.1958170130416045e-09,4.1989809524945275e-09,4.202145781020705e-09,4.205311498173132e-09,4.208478103504806e-09,4.211645596568734e-09,4.2148139769179356e-09,4.217983244105435e-09,4.221153397684261e-09,4.224324437207448e-09,4.227496362228054e-09,4.2306691722991155e-09,4.233842866973697e-09,4.237017445804882e-09,4.2401929083457376e-09,4.243369254149356e-09,4.246546482768838e-09,4.2497245937572885e-09,4.252903586667829e-09,4.256083461053583e-09,4.259264216468521e-09,4.2624458524642805e-09,4.26562836859397e-09,4.268811764410748e-09,4.271996039467772e-09,4.2751811933181815e-09,4.278367225515143e-09,4.281554135611796e-09,4.2847419231613645e-09,4.2879305877170275e-09,4.2911201288319795e-09,4.294310546059442e-09,4.297501838890706e-09,4.300694006936126e-09,4.303887049736127e-09,4.3070809668231905e-09,4.310275757930056e-09,4.313471422335684e-09,4.3166679597614185e-09,4.319865369742971e-09,4.323063651831824e-09,4.326262805579679e-09,4.329462830530948e-09,4.332663726241268e-09,4.3358654922635676e-09,4.33906812815203e-09,4.342271633454383e-09,4.345476007727998e-09,4.348681250526212e-09,4.351887361400804e-09,4.3550943399058755e-09,4.358302185594739e-09,4.361510898021073e-09,4.36472047673816e-09,4.3679309212996585e-09,4.3711422312585066e-09,4.374354406169763e-09,4.3775674455863245e-09,4.380781349061033e-09,4.3839961161478e-09,4.387211746400269e-09,4.390428239372879e-09,4.3936455946193356e-09,4.396863811692288e-09,4.40008289014665e-09,4.4033028295357845e-09,4.406523629414031e-09,4.409745289333993e-09,4.4129678088503115e-09,4.416191187517304e-09,4.419415424888431e-09,4.42264052051779e-09,4.425866473959051e-09,4.429093284766766e-09,4.432320952494131e-09,4.435549476695634e-09,4.438778856925588e-09,4.4420090927379256e-09,4.445240183686815e-09,4.448472129325871e-09,4.451704929209858e-09,4.4549385828931384e-09,4.458173089929506e-09,4.4614084498734965e-09,4.464644662279259e-09,4.467881726700238e-09,4.471119642691614e-09,4.474358409808098e-09,4.477598027603415e-09,4.480838495632372e-09,4.4840798134487446e-09,4.48732198060764e-09,4.490564996663327e-09,4.493808861169729e-09,4.497053573681934e-09,4.5002991337546525e-09,4.503545540962692e-09,4.506792794843178e-09,4.510040895014937e-09,4.513289840946607e-09,4.516539632202187e-09,4.519790268340016e-09,4.52304174891666e-09,4.526294073488112e-09,4.529547241634093e-09,4.532801252879415e-09,4.536056106790207e-09,4.539311802922068e-09,4.54256834083071e-09,4.545825720072362e-09,4.5490839402044165e-09,4.552343000785993e-09,4.555602901382594e-09,4.558863641494597e-09,4.562125220550875e-09,4.565387638390896e-09,4.568650894443098e-09,4.571914988252746e-09,4.575179919237884e-09,4.578445687260788e-09,4.581712291725625e-09,4.584979732168895e-09,4.588248008168161e-09,4.591517119100902e-09,4.594787064835136e-09,4.598057844888632e-09,4.601329458639534e-09,4.604601905699356e-09,4.6078751856124776e-09,4.611149298009834e-09,4.614424242273272e-09,4.617700017925998e-09,4.620976624848902e-09,4.624254062537632e-09,4.6275323304032e-09,4.6308114280534215e-09,4.6340913549899245e-09,4.637372110858254e-09,4.6406536949884316e-09,4.643936107289311e-09,4.647219346936502e-09,4.650503413851979e-09,4.65378830742037e-09,4.657074027220961e-09,4.660360572806473e-09,4.663647943776827e-09,4.666936139605837e-09,4.670225159872504e-09,4.6735150041292495e-09,4.676805671941927e-09,4.680097162866982e-09,4.683389476460904e-09,4.6866826122802256e-09,4.689976569881508e-09,4.693271348821365e-09,4.696566948656449e-09,4.699863368935179e-09,4.703160609224507e-09,4.706458669238902e-09,4.709757548223321e-09,4.713057245882961e-09,4.716357761780044e-09,4.7196590954702266e-09,4.722961246532523e-09,4.726264214514349e-09,4.729567998865596e-09,4.73287259925343e-09,4.736178015245443e-09,4.739484246394178e-09,4.742791292243741e-09,4.7460991524042965e-09,4.749407826298021e-09,4.752717313629939e-09,4.756027613884625e-09,4.7593387266092185e-09,4.762650651152163e-09,4.765963387379842e-09,4.769276934833096e-09,4.772591292989418e-09,4.7759064614137045e-09,4.779222439663952e-09,4.782539227371404e-09,4.785856823957845e-09,4.7891752290639614e-09,4.79249444219247e-09,4.795814462921012e-09,4.799135290849554e-09,4.80245692542243e-09,4.805779366332598e-09,4.8091026130607235e-09,4.812426665091019e-09,4.815751522199252e-09,4.8190771838506905e-09,4.822403649584264e-09,4.825730918961749e-09,4.829058991476215e-09,4.832387866627832e-09,4.835717544285442e-09,4.839048023805493e-09,4.842379304747665e-09,4.845711386718213e-09,4.849044269159178e-09,4.852377951656591e-09,4.855712433926763e-09,4.859047715536769e-09,4.862383795780575e-09,4.865720674425189e-09,4.869058350942715e-09,4.872396824931208e-09,4.875736095940225e-09,4.879076163493203e-09,4.8824170272212286e-09,4.885758686667122e-09,4.889101141349655e-09,4.892444390852202e-09,4.895788434742212e-09,4.899133272553998e-09,4.9024789038684e-09,4.905825328249018e-09,4.909172545224973e-09,4.91252055437721e-09,4.915869355270625e-09,4.919218947465708e-09,4.922569330621456e-09,4.925920504063948e-09,4.929272467484234e-09,4.932625220420488e-09,4.9359787624754455e-09,4.939333093239858e-09,4.942688212221459e-09,4.946044118987593e-09,4.949400813129932e-09,4.952758293961702e-09,4.956116561398582e-09,4.95947561476979e-09,4.962835453738046e-09,4.966196077843346e-09,4.969557486704969e-09,4.972919679767783e-09,4.976282656649079e-09,4.979646416911157e-09,4.983010960085419e-09,4.986376285778799e-09,4.989742393539441e-09,4.9931092829265386e-09,4.9964769535178945e-09,4.999845404812162e-09,5.003214636444678e-09,5.006584647931676e-09,5.0099554388317e-09,5.013327008746069e-09,5.0166993571946404e-09,5.020072484250484e-09,5.023446388465747e-09,5.026821069986037e-09,5.030196528453195e-09,5.033572763112823e-09,5.03694977367416e-09,5.040327559922008e-09,5.043706121030541e-09,5.047085456767297e-09,5.050465566665534e-09,5.053846450270831e-09,5.057228107218585e-09,5.060610537149374e-09,5.063993739489792e-09,5.067377713977863e-09,5.07076245996767e-09,5.0741479770328775e-09,5.077534264563647e-09,5.080921322326924e-09,5.08430914988526e-09,5.087697746782345e-09,5.091087112600197e-09,5.094477246901693e-09,5.097868149249762e-09,5.101259819207404e-09,5.104652256337683e-09,5.108045460203743e-09,5.111439430368763e-09,5.114834166396007e-09,5.118229667848787e-09,5.121625934290498e-09,5.125022965284576e-09,5.128420760394548e-09,5.131819319183976e-09,5.135218641216521e-09,5.1386187260558805e-09,5.142019573265799e-09,5.1454211824101095e-09,5.148823553052787e-09,5.152226684757715e-09,5.15563057708895e-09,5.159035229610555e-09,5.162440641886707e-09,5.165846813481659e-09,5.169253743959663e-09,5.172661432885063e-09,5.176069879822255e-09,5.17947908466342e-09,5.182889046646477e-09,5.18629976533605e-09,5.189711240296914e-09,5.193123471093838e-09,5.196536457291713e-09,5.199950198455481e-09,5.203364694150155e-09,5.20677994394079e-09,5.210195947392474e-09,5.213612704070557e-09,5.217030213540228e-09,5.220448475366824e-09,5.223867489115868e-09,5.227287254352784e-09,5.230707770643067e-09,5.234129037552447e-09,5.237551054646662e-09,5.240973821491403e-09,5.244397337652585e-09,5.247821602696088e-09,5.2512466161879455e-09,5.2546723776941404e-09,5.258098886780882e-09,5.2615261430144115e-09,5.264954145960857e-09,5.268382895186664e-09,5.271812390258249e-09,5.275242630371597e-09,5.278673615462281e-09,5.282105345096644e-09,5.285537818841155e-09,5.2889710362620455e-09,5.292404996925571e-09,5.295839700397418e-09,5.299275146242184e-09,5.302711334083655e-09,5.306148263456099e-09,5.309585933913797e-09,5.3130243450212426e-09,5.316463496341639e-09,5.319903387442665e-09,5.3233440178884396e-09,5.326785387274943e-09,5.330227495120232e-09,5.333670341029267e-09,5.337113924563334e-09,5.340558245290909e-09,5.344003302775844e-09,5.3474490965144e-09,5.350895626156564e-09,5.354342891246427e-09,5.357790891631198e-09,5.3612396265092116e-09,5.364689095541551e-09,5.368139298171327e-09,5.371590234128925e-09,5.375041902976127e-09,5.3784943042778835e-09,5.381947437586878e-09,5.385401302471378e-09,5.388855898499538e-09,5.392311225238958e-09,5.395767282257229e-09,5.399224069121011e-09,5.40268158572228e-09,5.406139831315002e-09,5.409598805446833e-09,5.4130585075045025e-09,5.416518937261941e-09,5.419980094328957e-09,5.423441978609109e-09,5.426904588915709e-09,5.430367925155444e-09,5.4338319872698445e-09,5.43729677416978e-09,5.440762285763808e-09,5.444228521622157e-09,5.447695481309295e-09,5.451163164398696e-09,5.4546315704607135e-09,5.458100699065772e-09,5.461570549784319e-09,5.465041122186849e-09,5.468512416053254e-09,5.471984430526141e-09,5.4754571656447196e-09,5.478930620505811e-09,5.482404794910124e-09,5.485879688448144e-09,5.4893553006116996e-09,5.4928316310633485e-09,5.4963086795980435e-09,5.499786445297508e-09,5.503264928209602e-09,5.506744127554093e-09,5.5102240428538565e-09,5.513704673823026e-09,5.517186020040274e-09,5.5206680810586115e-09,5.5241508565544084e-09,5.527634345992883e-09,5.531118548992851e-09,5.534603465123799e-09,5.538089093946438e-09,5.541575434998041e-09,5.545062487943737e-09,5.54855025261153e-09,5.552038727940709e-09,5.555527913787805e-09,5.559017809864132e-09,5.562508415472157e-09,5.565999730172525e-09,5.569491753946489e-09,5.5729844861414455e-09,5.576477926330382e-09,5.579972074115531e-09,5.5834669290690055e-09,5.586962490668557e-09,5.590458758561634e-09,5.593955732273701e-09,5.597453411456245e-09,5.600951795684253e-09,5.604450884463419e-09,5.6079506773928715e-09,5.611451174045761e-09,5.614952374005761e-09,5.618454276829605e-09,5.621956882153585e-09,5.625460189718553e-09,5.628964198630849e-09,5.632468908703137e-09,5.635974319530939e-09,5.639480430685929e-09,5.6429872418296034e-09,5.6464947524561105e-09,5.6500029620841445e-09,5.6535118703334035e-09,5.6570214767127805e-09,5.660531780909995e-09,5.664042782572122e-09,5.667554481008988e-09,5.671066876023685e-09,5.674579967108193e-09,5.678093754071246e-09,5.681608236081836e-09,5.685123412903179e-09,5.688639284100851e-09,5.6921558492407845e-09,5.695673107952881e-09,5.699191059780274e-09,5.702709704314477e-09,5.706229041106231e-09,5.7097490697406105e-09,5.713269789798722e-09,5.716791200857521e-09,5.720313302496978e-09,5.7238360942343985e-09,5.727359575753296e-09,5.730883746582428e-09,5.734408606064987e-09,5.7379341542581185e-09,5.741460390284675e-09,5.744987314134848e-09,5.748514925181395e-09,5.7520432226724355e-09,5.755572206773561e-09,5.759101876850841e-09,5.762632232465901e-09,5.766163273153912e-09,5.769694998507142e-09,5.773227408103922e-09,5.776760501522762e-09,5.780294278447405e-09,5.783828738254656e-09,5.787363880612663e-09,5.790899705106806e-09,5.794436211373329e-09,5.7979733988673456e-09,5.801511267288337e-09,5.8050498161202354e-09,5.80858904501794e-09,5.812128953490541e-09,5.815669541180114e-09,5.819210807666185e-09,5.822752752428232e-09,5.826295375126479e-09,5.82983867536311e-09,5.83338265269113e-09,5.836927306615515e-09,5.840472636861689e-09,5.8440186428280416e-09,5.847565324483704e-09,5.851112680974623e-09,5.854660712036795e-09,5.858209417251318e-09,5.861758796255392e-09,5.865308848541038e-09,5.868859573702726e-09,5.872410971419436e-09,5.875963040966395e-09,5.879515782304556e-09,5.883069195003884e-09,5.886623278160604e-09,5.890178031897261e-09,5.89373345556671e-09,5.897289549319582e-09,5.90084631176114e-09,5.9044037428660155e-09,5.907961842240685e-09,5.911520610006618e-09,5.9150800446907076e-09,5.9186401464412665e-09,5.9222009148531565e-09,5.925762349451283e-09,5.929324449858773e-09,5.932887215806656e-09,5.9364506465364615e-09,5.9400147417961545e-09,5.943579501163512e-09,5.947144924245992e-09,5.950711010582254e-09,5.954277759806396e-09,5.957845171706572e-09,5.961413245432352e-09,5.96498198060138e-09,5.968551377153066e-09,5.972121434445689e-09,5.975692152116226e-09,5.979263529807937e-09,5.982835567015525e-09,5.98640826337976e-09,5.989981618411602e-09,5.993555631736606e-09,5.997130303026484e-09,6.000705631708112e-09,6.004281617601024e-09,6.007858259908363e-09,6.011435558473429e-09,6.015013512794916e-09,6.018592122580662e-09,6.022171387546491e-09,6.025751306883939e-09,6.029331880273228e-09,6.032913107118223e-09,6.03649498761124e-09,6.04007752096041e-09,6.043660706866438e-09,6.047244544782768e-09,6.050829034431456e-09,6.054414175280898e-09,6.057999967017714e-09,6.061586409060935e-09,6.0651735011566565e-09,6.068761242849163e-09,6.072349633718588e-09,6.075938673315196e-09,6.0795283613002185e-09,6.083118697268166e-09,6.086709680738096e-09,6.090301311262906e-09,6.093893588564713e-09,6.097486512128946e-09,6.101080081551801e-09,6.104674296465856e-09,6.1082691564124586e-09,6.111864660988794e-09,6.1154608097885346e-09,6.119057602405668e-09,6.122655038422892e-09,6.12625311743342e-09,6.129851839023254e-09,6.133451202557115e-09,6.137051208071646e-09,6.140651854990288e-09,6.144253142783567e-09,6.147855071099714e-09,6.1514576395277465e-09,6.155060847668737e-09,6.158664695088086e-09,6.162269181386953e-09,6.165874306154681e-09,6.169480068981242e-09,6.173086469456114e-09,6.176693507167883e-09,6.180301181733128e-09,6.183909492700658e-09,6.1875184396962736e-09,6.1911280223471785e-09,6.194738240093853e-09,6.198349092628141e-09,6.201960579516972e-09,6.2055727001298125e-09,6.209185454578561e-09,6.212798842139935e-09,6.2164128622599575e-09,6.220027514848094e-09,6.22364279937471e-09,6.227258715396959e-09,6.230875262526391e-09,6.234492440294999e-09,6.238110248379398e-09,6.241728686304344e-09,6.245347753844699e-09,6.248967450205152e-09,6.252587775353189e-09,6.25620872868889e-09,6.2598303098570556e-09,6.263452518481548e-09,6.267075354001281e-09,6.270698816257799e-09,6.274322904336444e-09,6.277947618621448e-09,6.281572958270244e-09,6.285198923050421e-09,6.288825512291412e-09,6.292452725673308e-09,6.2960805627010024e-09,6.2997090231484816e-09,6.3033381065917325e-09,6.306967812609107e-09,6.31059814070774e-09,6.314229090521423e-09,6.317860661433822e-09,6.321492853007772e-09,6.3251256656358195e-09,6.328759098353257e-09,6.332393150767343e-09,6.336027822609169e-09,6.33966311321382e-09,6.343299022245602e-09,6.346935549409486e-09,6.350572694269988e-09,6.3542104561187735e-09,6.357848835096126e-09,6.361487830444809e-09,6.365127441859808e-09,6.3687676689904714e-09,6.372408511381638e-09,6.37604996861353e-09,6.3796920403026905e-09,6.3833347260122e-09,6.38697802529767e-09,6.390621937882424e-09,6.3942664632754065e-09,6.397911601049994e-09,6.401557350857315e-09,6.405203712337258e-09,6.4088506852343e-09,6.412498268877175e-09,6.416146462943104e-09,6.419795266912083e-09,6.4234446802122004e-09,6.427094702882084e-09,6.430745334347519e-09,6.4343965742164765e-09,6.438048422059159e-09,6.441700877454177e-09,6.4453539400774965e-09,6.44900760945199e-09,6.452661885201581e-09,6.4563167669369955e-09,6.4599722542520416e-09,6.463628346766874e-09,6.467285044057374e-09,6.470942345722312e-09,6.474600251357494e-09,6.4782587605355694e-09,6.4819178726581884e-09,6.48557758779682e-09,6.489237905309856e-09,6.492898824676229e-09,6.496560345739292e-09,6.500222467985511e-09,6.5038851909893194e-09,6.50754851436114e-09,6.5112124379301695e-09,6.514876960786218e-09,6.518542082889188e-09,6.5222078041721605e-09,6.525874123502682e-09,6.529541040769302e-09,6.533208556011978e-09,6.536876667949339e-09,6.54054537664952e-09,6.544214681718154e-09,6.547884582768767e-09,6.551555079398229e-09,6.555226171171044e-09,6.55889785745579e-09,6.56257013841839e-09,6.566243013373968e-09,6.569916481920687e-09,6.573590543366554e-09,6.577265197882038e-09,6.580940444846501e-09,6.584616283737124e-09,6.588292714266441e-09,6.591969736062212e-09,6.595647348555747e-09,6.599325551454962e-09,6.603004344311798e-09,6.6066837268290425e-09,6.610363698564879e-09,6.614044259178333e-09,6.6177254081481784e-09,6.62140714488712e-09,6.625089469455141e-09,6.628772381282379e-09,6.632455879942978e-09,6.636139965093818e-09,6.639824636244007e-09,6.643509893080953e-09,6.647195735151937e-09,6.6508821620741676e-09,6.654569173466972e-09,6.658256768922529e-09,6.661944948121975e-09,6.665633710528043e-09,6.669323055807888e-09,6.673012983579789e-09,6.676703493170121e-09,6.680394584213207e-09,6.684086256981968e-09,6.687778510762015e-09,6.691471345042099e-09,6.695164759447305e-09,6.69885875356024e-09,6.702553326992057e-09,6.706248479396699e-09,6.709944210254811e-09,6.713640519387367e-09,6.717337406250263e-09,6.721034870491105e-09,6.724732911671539e-09,6.728431529515101e-09,6.732130723528799e-09,6.735830493396776e-09,6.739530838538115e-09,6.74323175860632e-09,6.746933253395087e-09,6.750635322398895e-09,6.754337965238503e-09,6.758041181518001e-09,6.761744970849091e-09,6.7654493328321715e-09,6.769154267078863e-09,6.772859773176297e-09,6.776565851021506e-09,6.7802724997167644e-09,6.783979719173441e-09,6.7876875088719585e-09,6.7913958684887505e-09,6.7951047976500975e-09,6.798814295929582e-09,6.8025243628989125e-09,6.806234998282865e-09,6.809946201628669e-09,6.813657972558515e-09,6.817370310678088e-09,6.8210832155938405e-09,6.824796686915804e-09,6.828510724239829e-09,6.832225327189503e-09,6.835940495362534e-09,6.8396562283815e-09,6.843372525864364e-09,6.847089387398444e-09,6.850806812636331e-09,6.854524800980947e-09,6.858243352403209e-09,6.8619624665745464e-09,6.865682142603526e-09,6.869402380476821e-09,6.873123179633454e-09,6.876844539749889e-09,6.88056646043904e-09,6.884288941314182e-09,6.888011981970297e-09,6.891735582036176e-09,6.8954597412509884e-09,6.899184458976212e-09,6.9029097349882245e-09,6.906635568830119e-09,6.910361960149438e-09,6.914088908651384e-09,6.9178164136305134e-09,6.9215444750425765e-09,6.925273092604801e-09,6.929002265523169e-09,6.93273199357239e-09,6.936462276478868e-09,6.940193113663362e-09,6.9439245048021374e-09,6.947656449574789e-09,6.951388947500156e-09,6.9551219983139454e-09,6.958855601643196e-09,6.962589756901375e-09,6.9663244639714885e-09,6.970059722261638e-09,6.973795531541713e-09,6.97753189135206e-09,6.981268801305356e-09,6.985006261029617e-09,6.988744270083743e-09,6.992482828419762e-09,6.996221935116462e-09,6.999961590040224e-09,7.00370179280572e-09,7.007442543029075e-09,7.011183840037554e-09,7.0149256840226456e-09,7.0186680743100176e-09,7.022411010508091e-09,7.026154492212688e-09,7.02989851912335e-09,7.033643090795211e-09,7.03738820687423e-09,7.041133866962482e-09,7.04488007069758e-09,7.048626817689608e-09,7.052374107537148e-09,7.056121939851171e-09,7.059870314005636e-09,7.063619230116839e-09,7.0673686875653485e-09,7.0711186859693805e-09,7.074869224890823e-09,7.078620304053171e-09,7.082371923029202e-09,7.086124081451427e-09,7.089876778973367e-09,7.093630015097368e-09,7.097383789505693e-09,7.101138101832628e-09,7.104892951681336e-09,7.108648338695728e-09,7.112404262809424e-09,7.1161607229604234e-09,7.119917719096476e-09,7.123675250857665e-09,7.1274333179612185e-09,7.131191919827896e-09,7.1349510561476146e-09,7.138710726609167e-09,7.142470930815682e-09,7.146231668339702e-09,7.1499929388402364e-09,7.153754741954583e-09,7.157517077273973e-09,7.161279944448601e-09,7.1650433430594655e-09,7.168807272748638e-09,7.172571733137484e-09,7.176336723866059e-09,7.180102244579824e-09,7.1838682948018665e-09,7.187634874198428e-09,7.191401982712131e-09,7.195169619673077e-09,7.198937784379923e-09,7.202706477392528e-09,7.206475697069645e-09,7.210245443692444e-09,7.214015716927875e-09,7.217786516252316e-09,7.221557841385814e-09,7.2253296919526545e-09,7.229102067662073e-09,7.232874968477359e-09,7.236648393582036e-09,7.240422342082997e-09,7.244196814100014e-09,7.247971809283788e-09,7.251747327308459e-09,7.255523367737812e-09,7.259299930183454e-09,7.263077014303695e-09,7.266854619723363e-09,7.270632745703964e-09,7.274411392534487e-09,7.2781905594940724e-09,7.281970246316093e-09,7.285750452530537e-09,7.289531177891275e-09,7.293312421922419e-09,7.297094184150913e-09,7.300876464255297e-09,7.304659261928509e-09,7.308442576813553e-09,7.312226408504475e-09,7.316010756399319e-09,7.319795620547459e-09,7.323581000370883e-09,7.327366895525117e-09,7.331153305617478e-09,7.334940230332693e-09,7.338727669170731e-09,7.342515621832437e-09,7.346304087916001e-09,7.350093067126044e-09,7.353882559042757e-09,7.357672563293105e-09,7.3614630794971375e-09,7.365254107416377e-09,7.369045646431785e-09,7.372837696184812e-09,7.376630256556168e-09,7.3804233268866834e-09,7.384216907112516e-09,7.388010996675838e-09,7.391805595229785e-09,7.395600702414941e-09,7.3993963176816295e-09,7.403192440897936e-09,7.406989071622201e-09,7.41078620942434e-09,7.414583854054634e-09,7.418382005195521e-09,7.422180662409636e-09,7.425979825233844e-09,7.429779493369313e-09,7.433579666430779e-09,7.437380344046801e-09,7.44118152581875e-09,7.44498321147944e-09,7.4487854006869186e-09,7.452588092942488e-09,7.456391287523438e-09,7.460194984790673e-09,7.463999184014301e-09,7.467803884658476e-09,7.471609086704645e-09,7.475414789669304e-09,7.479220993235596e-09,7.483027697102251e-09,7.486834900469926e-09,7.490642603585996e-09,7.494450805626204e-09,7.49825950635273e-09,7.502068705524157e-09,7.505878402553391e-09,7.509688597112029e-09,7.513499288639886e-09,7.517310477010679e-09,7.521122161858317e-09,7.524934342817473e-09,7.528747019522526e-09,7.532560191608242e-09,7.536373858709325e-09,7.540188020460905e-09,7.544002676498424e-09,7.54781782645726e-09,7.551633469973226e-09,7.555449606683695e-09,7.559266236225952e-09,7.563083358238107e-09,7.566900972362123e-09,7.570719078245924e-09,7.574537675426414e-09,7.57835676371039e-09,7.582176342528429e-09,7.58599641156858e-09,7.589816970519352e-09,7.593638019017313e-09,7.597459556699136e-09,7.601281583201643e-09,7.605104098161802e-09,7.608927101216699e-09,7.612750592003562e-09,7.616574570159755e-09,7.620399035322764e-09,7.624223987145641e-09,7.628049425411701e-09,7.631875349436478e-09,7.635701759018775e-09,7.639528653791732e-09,7.643356033348745e-09,7.647183897440231e-09,7.651012245622075e-09,7.654841077642132e-09,7.65867039304254e-09,7.662500191474691e-09,7.666330472504409e-09,7.670161235844732e-09,7.673992481133826e-09,7.677824208010613e-09,7.681656416114322e-09,7.685489105084315e-09,7.689322274560261e-09,7.69315592418203e-09,7.696990053589645e-09,7.700824662423326e-09,7.704659750323433e-09,7.708495316930479e-09,7.712331361885137e-09,7.716167884725207e-09,7.720004885192602e-09,7.723842362928416e-09,7.72768031757384e-09,7.731518748770188e-09,7.73535765615896e-09,7.739197039381722e-09,7.743036898080306e-09,7.74687723189652e-09,7.750718040472411e-09,7.754559323450141e-09,7.758401080472037e-09,7.762243311180532e-09,7.766086015469478e-09,7.769929192734003e-09,7.773772842617026e-09,7.777616964761643e-09,7.781461558811043e-09,7.785306624408573e-09,7.78915216119773e-09,7.792998168662845e-09,7.796844646606339e-09,7.800691594672097e-09,7.804539012504118e-09,7.808386899722313e-09,7.812235255545244e-09,7.816084080600036e-09,7.819933373999427e-09,7.823783135388255e-09,7.827633364411469e-09,7.831484060714264e-09,7.83533522394191e-09,7.83918685373999e-09,7.843038949754117e-09,7.846891511630172e-09,7.850744539014288e-09,7.854598031552794e-09,7.858451988892447e-09,7.862306410680286e-09,7.86616129645486e-09,7.870016646041874e-09,7.873872458963245e-09,7.877728734908189e-09,7.881585473254525e-09,7.885442674238091e-09,7.889300337210404e-09,7.893158461787597e-09,7.897017047614718e-09,7.900876094059908e-09,7.904735601315234e-09,7.908595568779431e-09,7.91245599609934e-09,7.916316882999067e-09,7.92017822904192e-09,7.924040033877124e-09,7.927902297154059e-09,7.931765018521931e-09,7.935628197629843e-09,7.939491834127085e-09,7.943355927662891e-09,7.947220477886593e-09,7.95108548444767e-09,7.954950946996884e-09,7.958816865189182e-09,7.962683238617173e-09,7.966550066982732e-09,7.970417349935756e-09,7.974285087126293e-09,7.978153278204512e-09,7.98202192282072e-09,7.985891020650922e-09,7.989760571329868e-09,7.993630574516158e-09,7.997501029885832e-09,8.001371936933784e-09,8.005243295424382e-09,8.009115105008907e-09,8.012987365338766e-09,8.016860076065506e-09,8.020733236840817e-09,8.024606847316524e-09,8.028480907144588e-09,8.032355415977117e-09,8.03623037346634e-09,8.040105779264642e-09,8.043981633024534e-09,8.047857934398663e-09,8.051734683039826e-09,8.055611878600947e-09,8.05948952073509e-09,8.063367609095465e-09,8.067246143335411e-09,8.0711251231084e-09,8.075004548068052e-09,8.078884417868126e-09,8.082764732162506e-09,8.08664549060523e-09,8.090526692850464e-09,8.094408338552507e-09,8.09829042738655e-09,8.102172958986834e-09,8.106055933008103e-09,8.109939349105231e-09,8.113823206933228e-09,8.117707506147254e-09,8.121592246402601e-09,8.125477427354694e-09,8.129363048658899e-09,8.133249109971127e-09,8.137135610947446e-09,8.141022551243571e-09,8.144909930515739e-09,8.148797748420042e-09,8.152686004611374e-09,8.156574698749644e-09,8.160463830489787e-09,8.16435339948863e-09,8.168243405403126e-09,8.17213384789037e-09,8.17602472660598e-09,8.179916041210488e-09,8.183807791359975e-09,8.187699976710343e-09,8.19159259692253e-09,8.195485651653142e-09,8.199379140560083e-09,8.203273063301568e-09,8.20716741953594e-09,8.211062208921699e-09,8.21495743111746e-09,8.218853085782008e-09,8.222749172573685e-09,8.226645691152646e-09,8.23054264117752e-09,8.234440022307636e-09,8.238337834202457e-09,8.242236076521588e-09,8.246134748924768e-09,8.250033851071882e-09,8.253933382622955e-09,8.25783334323814e-09,8.261733732577747e-09,8.265634550302207e-09,8.269535796072105e-09,8.273437469548182e-09,8.277339570391258e-09,8.28124209826234e-09,8.285145052822577e-09,8.28904843373324e-09,8.292952240655753e-09,8.296856473251668e-09,8.300761131182678e-09,8.304666214110631e-09,8.308571721697486e-09,8.312477653605372e-09,8.316384009496541e-09,8.32029078903337e-09,8.324197991873252e-09,8.328105617684188e-09,8.332013666128978e-09,8.33592213687058e-09,8.339831029572082e-09,8.343740343896715e-09,8.34765007950786e-09,8.351560236069012e-09,8.355470813243832e-09,8.359381810696109e-09,8.363293228089774e-09,8.367205065088892e-09,8.371117321350132e-09,8.375029996545474e-09,8.378943090339419e-09,8.3828566023966e-09,8.386770532381804e-09,8.390684879959936e-09,8.394599644796062e-09,8.39851482695058e-09,8.402430425289771e-09,8.406346439884367e-09,8.410262870843472e-09,8.414179716959373e-09,8.418096978322616e-09,8.42201465460065e-09,8.425932745460413e-09,8.4298512505419e-09,8.43377016973337e-09,8.437689502339432e-09,8.44160924819866e-09,8.445529406980439e-09,8.449449978379709e-09,8.453370961654096e-09,8.45729235719503e-09,8.461214164354039e-09,8.465136382723048e-09,8.469059012012453e-09,8.47298205188994e-09,8.476905502023803e-09,8.480829362075557e-09,8.484753631750853e-09,8.488678310759281e-09,8.49260339861785e-09,8.496528895046757e-09,8.500454799753824e-09,8.504381112397032e-09,8.508307832645506e-09,8.512234960171286e-09,8.516162494638207e-09,8.520090435718587e-09,8.524018783082113e-09,8.527947536398599e-09,8.531876695338015e-09,8.535806259570465e-09,8.539736228766181e-09,8.543666602590245e-09,8.547597380721999e-09,8.551528562832015e-09,8.555460148389678e-09,8.559392137512247e-09,8.56332452952835e-09,8.567257324203463e-09,8.57119052120895e-09,8.575124120282828e-09,8.579058121083678e-09,8.582992523134654e-09,8.586927326221617e-09,8.59086252999854e-09,8.594798134137612e-09,8.598734138314251e-09,8.602670542197403e-09,8.606607345438898e-09,8.610544547732286e-09,8.614482148750465e-09,8.618420148166464e-09,8.622358545653505e-09,8.626297340884895e-09,8.630236533524032e-09,8.634176123255011e-09,8.638116109751619e-09,8.642056492687851e-09,8.645997271738073e-09,8.649938446601041e-09,8.653880016920478e-09,8.65782198237569e-09,8.661764342641231e-09,8.665707097524898e-09,8.669650246920477e-09,8.673593789730869e-09,8.677537726051512e-09,8.681482055722559e-09,8.685426778088897e-09,8.689371892903138e-09,8.693317399887876e-09,8.697263298877492e-09,8.70120958924053e-09,8.70515627106897e-09,8.709103343775914e-09,8.713050807204227e-09,8.716998660911591e-09,8.72094690457692e-09,8.724895537876989e-09,8.728844560490863e-09,8.732793972097259e-09,8.736743772375018e-09,8.74069396100653e-09,8.744644537376527e-09,8.748595501434e-09,8.752546852838304e-09,8.756498591304404e-09,8.760450716511394e-09,8.764403228079697e-09,8.768356125751362e-09,8.772309409184036e-09,8.77626307805812e-09,8.780217132056069e-09,8.784171570862961e-09,8.788126394042924e-09,8.792081601343637e-09,8.796037192632153e-09,8.799993167275948e-09,8.803949525240906e-09,8.807906266036396e-09,8.811863389251861e-09,8.815820894817111e-09,8.819778782293297e-09,8.823737051367723e-09,8.827695701723365e-09,8.831654733019354e-09,8.83561414494704e-09,8.839573937185181e-09,8.843534109422032e-09,8.847494661319505e-09,8.851455592582988e-09,8.855416902935955e-09,8.859378592006737e-09,8.863340659477208e-09,8.867303104979875e-09,8.871265928258046e-09,8.875229128990997e-09,8.879192706719252e-09,8.88315666147924e-09,8.887120992683542e-09,8.891085700088726e-09,8.895050783214809e-09,8.899016241988809e-09,8.902982075993752e-09,8.906948285056885e-09,8.910914868635408e-09,8.914881826601372e-09,8.91884915900756e-09,8.922816864404992e-09,8.926784943127558e-09,8.930753394949164e-09,8.934722219350676e-09,8.938691416034477e-09,8.942660984776837e-09,8.946630925379536e-09,8.950601237481007e-09,8.954571920649373e-09,8.958542974624604e-09,8.962514399197309e-09,8.966486193990354e-09,8.970458358599355e-09,8.974430892742352e-09,8.978403796047141e-09,8.982377068261882e-09,8.986350709105885e-09,8.990324718321912e-09,8.994299095427996e-09,8.998273840191368e-09,9.002248952331137e-09,9.006224431535427e-09,9.010200277520288e-09,9.014176489796754e-09,9.01815306817349e-09,9.022130012337604e-09,9.02610732199221e-09,9.030084996836874e-09,9.034063036534335e-09,9.038041440761346e-09,9.04202020928297e-09,9.045999341653477e-09,9.049978837836565e-09,9.053958697207842e-09,9.057938918842535e-09,9.061919503719885e-09,9.065900451305655e-09,9.069881761053523e-09,9.073863432139279e-09,9.077845464675272e-09,9.08182785829397e-09,9.085810612108488e-09,9.089793726993096e-09,9.093777202065037e-09,9.097761037014363e-09,9.10174523153129e-09,9.105729785306158e-09,9.109714698071458e-09,9.113699969472886e-09,9.117685599200821e-09,9.121671586968804e-09,9.125657932448936e-09,9.129644635457928e-09,9.133631694503776e-09,9.137619111087118e-09,9.141606884423882e-09,9.145595013840397e-09,9.14958349891526e-09,9.15357233984097e-09,9.157561536012457e-09,9.16155108703716e-09,9.165540992682434e-09,9.169531252662655e-09,9.173521866624362e-09,9.177512834250121e-09,9.181504155445485e-09,9.185495829636144e-09,9.189487856615765e-09,9.193480236077842e-09,9.197472967716012e-09,9.201466051170308e-09,9.205459486190406e-09,9.209453272467942e-09,9.213447409697144e-09,9.217441897572244e-09,9.221436735786934e-09,9.225431924035276e-09,9.229427462063724e-09,9.233423349523546e-09,9.237419586068351e-09,9.241416171476822e-09,9.245413105397706e-09,9.24941038762417e-09,9.253408017638251e-09,9.257405995529069e-09,9.26140432041443e-09,9.265402992290948e-09,9.269402010773698e-09,9.273401375502974e-09,9.277401086309539e-09,9.281401142889964e-09,9.285401544941243e-09,9.289402292159602e-09,9.293403384242534e-09,9.297404821568583e-09,9.301406602674371e-09,9.305408727769943e-09,9.309411196521846e-09,9.31341400863126e-09,9.317417163780225e-09,9.321420661666541e-09,9.325424502018649e-09,9.329428684186886e-09,9.333433208530986e-09,9.337438074421013e-09,9.341443281518298e-09,9.345448829816846e-09,9.34945471852415e-09,9.353460947577377e-09,9.357467516660798e-09,9.361474425478509e-09,9.365481673732404e-09,9.369489261122129e-09,9.373497187337194e-09,9.377505451674162e-09,9.381514054671885e-09,9.385522995603807e-09,9.38953227430258e-09,9.393541890187003e-09,9.397551843127182e-09,9.401562132812422e-09,9.405572758929903e-09,9.409583720883845e-09,9.4135950189454e-09,9.417606652587781e-09,9.421618621476174e-09,9.425630925364412e-09,9.429643563849259e-09,9.433656536668096e-09,9.437669843575265e-09,9.441683484337354e-09,9.445697458433849e-09,9.449711765486375e-09,9.453726405675406e-09,9.457741378385717e-09,9.461756683302124e-09,9.465772320289141e-09,9.469788288877324e-09,9.473804588906558e-09,9.477821219929557e-09,9.481838181806614e-09,9.485855474129134e-09,9.489873096653626e-09,9.493891049040667e-09,9.497909331027097e-09,9.501927942317225e-09,9.505946882568891e-09,9.509966151559267e-09,9.513985749006978e-09,9.518005674586167e-09,9.522025927984383e-09,9.526046508915613e-09,9.530067417085121e-09,9.534088652198385e-09,9.53811021396184e-09,9.54213210215446e-09,9.546154316355784e-09,9.550176855750178e-09,9.554199721000026e-09,9.558222911497746e-09,9.562246427085196e-09,9.566270267173077e-09,9.570294431411324e-09,9.574318919829054e-09,9.578343731918566e-09,9.582368867610333e-09,9.586394326251785e-09,9.590420107734799e-09,9.594446211705358e-09,9.598472638008325e-09,9.602499386289912e-09,9.606526456259332e-09,9.610553847534856e-09,9.614581560326242e-09,9.618609593555947e-09,9.622637947320425e-09,9.626666621213901e-09,9.630695614989736e-09,9.63472492841039e-09,9.638754561130792e-09,9.642784512918209e-09,9.646814783424914e-09,9.650845372404515e-09,9.65487627948698e-09,9.658907504502079e-09,9.662939047102796e-09,9.666970907096171e-09,9.671003083993002e-09,9.675035577655114e-09,9.679068387750177e-09,9.683101513988813e-09,9.687134956097959e-09,9.691168713930221e-09,9.695202786879718e-09,9.699237175023186e-09,9.703271877637807e-09,9.70730689461198e-09,9.71134222570845e-09,9.715377871182413e-09,9.719413829638079e-09,9.723450101453595e-09,9.72748668615315e-09,9.731523583601668e-09,9.735560793427624e-09,9.73959831535307e-09,9.74363614911467e-09,9.747674294422364e-09,9.751712750959781e-09,9.755751518413345e-09,9.759790596537168e-09,9.7638299850446e-09,9.767869683649223e-09,9.771909692064872e-09,9.775950010005588e-09,9.77999063719231e-09,9.784031573324501e-09,9.78807281811148e-09,9.792114371212703e-09,9.796156232491609e-09,9.80019840149926e-09,9.804240877883621e-09,9.808283661740755e-09,9.812326752563313e-09,9.816370150060776e-09,9.820413853946894e-09,9.824457864014053e-09,9.828502179503632e-09,9.832546800570084e-09,9.836591727087905e-09,9.840636958627725e-09,9.844682494891069e-09,9.848728335551525e-09,9.852774480336244e-09,9.856820928996243e-09,9.860867681205519e-09,9.864914736681288e-09,9.868962095129448e-09,9.873009756279216e-09,9.877057719849104e-09,9.881105985556184e-09,9.885154553113568e-09,9.889203422240609e-09,9.893252592655696e-09,9.89730206407728e-09,9.901351836223556e-09,9.905401908813063e-09,9.909452281561264e-09,9.91350295418904e-09,9.917553926415144e-09,9.921605197958542e-09,9.925656768538161e-09,9.929708637873202e-09,9.933760805683066e-09,9.937813271687159e-09,9.941866035563172e-09,9.945919097072574e-09,9.949972455837506e-09,9.954026111774386e-09,9.958080064506017e-09,9.962134313753089e-09,9.966188859235632e-09,9.970243700674357e-09,9.9742988377899e-09,9.978354270300182e-09,9.982409997925449e-09,9.986466020386404e-09,9.9905223374029e-09,9.994578948707484e-09,9.998635854013341e-09,1.0002693053041425e-08,1.0006750545509043e-08,1.001080833103275e-08,1.0014866409640776e-08,1.0018924780643766e-08,1.0022983443598903e-08,1.0027042399253903e-08,1.0031101646405681e-08,1.0035161185453167e-08,1.0039221015512577e-08,1.0043281136485497e-08,1.0047341548160198e-08,1.0051402250240106e-08,1.0055463242331133e-08,1.0059524524261308e-08,1.006358609579798e-08,1.0067647956692363e-08,1.0071710106556984e-08,1.0075772545140651e-08,1.0079835272290878e-08,1.0083898287493946e-08,1.0087961590602426e-08,1.0092025181332175e-08,1.0096089059457385e-08,1.0100153225068733e-08,1.0104217677042504e-08,1.0108282415407929e-08,1.0112347440198431e-08,1.011641275109392e-08,1.0120478347591804e-08,1.0124544229524414e-08,1.0128610396592802e-08,1.0132676848666973e-08,1.0136743585259613e-08,1.014081060620012e-08,1.0144877911812042e-08,1.01489455008484e-08,1.0153013373132005e-08,1.0157081528685638e-08,1.0161149967222201e-08,1.0165218688409038e-08,1.0169287692141269e-08,1.0173356978011017e-08,1.0177426545609924e-08,1.0181496395325023e-08,1.0185566525967397e-08,1.0189636937626895e-08,1.01937076301135e-08,1.0197778603123811e-08,1.020184985636536e-08,1.0205921389609173e-08,1.0209993202544917e-08,1.0214065294873873e-08,1.0218137666173286e-08,1.022221031660503e-08,1.022628324561408e-08,1.02303564529755e-08,1.0234429938418679e-08,1.023850370177839e-08,1.0242577743386128e-08,1.024665206154801e-08,1.025072665667645e-08,1.0254801528602257e-08,1.0258876676931987e-08,1.0262952101623e-08,1.0267027802073364e-08,1.0271103778131617e-08,1.0275180029680311e-08,1.027925655646607e-08,1.0283333358493462e-08,1.0287410434311673e-08,1.02914877847284e-08,1.0295565409032733e-08,1.0299643307241842e-08,1.0303721478848098e-08,1.030779992372697e-08,1.0311878641560041e-08,1.0315957632083334e-08,1.032003689504209e-08,1.0324116430159005e-08,1.032819623717908e-08,1.0332276315827917e-08,1.0336356665855483e-08,1.0340437286962973e-08,1.0344518178916623e-08,1.0348599341429014e-08,1.0352680774227415e-08,1.0356762477054887e-08,1.0360844449645e-08,1.0364926691731415e-08,1.0369009203047535e-08,1.0373091983327654e-08,1.037717503230598e-08,1.0381258349703197e-08,1.0385341935258544e-08,1.0389425788749847e-08,1.0393509909844466e-08,1.0397594298343051e-08,1.0401678953906985e-08,1.0405763876318638e-08,1.0409849065310972e-08,1.0413934520618018e-08,1.041802024197482e-08,1.0422106229116643e-08,1.0426192481779202e-08,1.0430278999698174e-08,1.0434365782609588e-08,1.0438452830249622e-08,1.0442540142354594e-08,1.0446627718660996e-08,1.0450715558905481e-08,1.0454803662824788e-08,1.0458892030155858e-08,1.046298066063572e-08,1.0467069554078371e-08,1.0471158710144294e-08,1.0475248128463865e-08,1.0479337808923397e-08,1.0483427751122413e-08,1.048751795484946e-08,1.0491608420150924e-08,1.0495699146310036e-08,1.0499790133321335e-08,1.050388138166164e-08,1.0507972889535985e-08,1.0512064657387633e-08,1.0516156684972752e-08,1.0520248972011198e-08,1.0524341517805726e-08,1.0528434323116513e-08,1.0532527386966228e-08,1.0536620709181149e-08,1.0540714290353836e-08,1.0544808128799988e-08,1.0548902224813916e-08,1.0552996578332713e-08,1.0557091188981442e-08,1.0561186056599338e-08,1.0565281180760809e-08,1.0569376561286382e-08,1.0573472197889642e-08,1.0577568090351383e-08,1.0581664238554432e-08,1.0585760641911388e-08,1.0589857300202148e-08,1.0593954213496515e-08,1.0598051381260264e-08,1.0602148803290083e-08,1.0606246479437241e-08,1.0610344409348058e-08,1.0614442592167877e-08,1.0618541028855362e-08,1.0622639718249788e-08,1.0626738660629195e-08,1.0630837855415707e-08,1.063493730243132e-08,1.0639037001418736e-08,1.0643136952120805e-08,1.0647237154280522e-08,1.065133760764104e-08,1.0655438311945659e-08,1.0659539266937814e-08,1.0663640472361092e-08,1.0667741927959241e-08,1.0671843633476124e-08,1.0675945588655759e-08,1.0680047793242335e-08,1.0684150246980136e-08,1.068825294961362e-08,1.0692355900887375e-08,1.0696459100648645e-08,1.0700562548540446e-08,1.0704666244318278e-08,1.0708770187722052e-08,1.0712874378483035e-08,1.0716978816348263e-08,1.0721083501070652e-08,1.0725188432395927e-08,1.0729293610072078e-08,1.0733399033842957e-08,1.0737504703454686e-08,1.0741610618653503e-08,1.0745716779188016e-08,1.074982318486371e-08,1.0753929835306127e-08,1.0758036730317661e-08,1.0762143869649486e-08,1.0766251253077365e-08,1.0770358880524218e-08,1.0774466751547228e-08,1.0778574865846737e-08,1.07826832232072e-08,1.078679182335094e-08,1.0790900666038143e-08,1.0795009751401339e-08,1.0799119078490316e-08,1.0803228647376322e-08,1.0807338457569232e-08,1.081144850905568e-08,1.0815558801585694e-08,1.0819669334902447e-08,1.0823780108774643e-08,1.0827891122889363e-08,1.0832002376690037e-08,1.0836113870641982e-08,1.0840225604126957e-08,1.0844337576918183e-08,1.0848449788696157e-08,1.0852562239291566e-08,1.085667492844059e-08,1.086078785586337e-08,1.0864901021330963e-08,1.0869014423963008e-08,1.0873128064569628e-08,1.0877241942082545e-08,1.0881356057590532e-08,1.0885470409063048e-08,1.0889584996839275e-08,1.0893699821414025e-08,1.0897814882179988e-08,1.0901930179100688e-08,1.0906045711214635e-08,1.0910161478665497e-08,1.091427748121692e-08,1.0918393718496452e-08,1.092251019034033e-08,1.0926626896483109e-08,1.0930743836727118e-08,1.093486101114472e-08,1.0938978418787038e-08,1.094309605976259e-08,1.0947213933307904e-08,1.095133204016371e-08,1.0955450379520413e-08,1.0959568951206948e-08,1.0963687754974038e-08,1.0967806790576944e-08,1.0971926057787751e-08,1.0976045556335746e-08,1.0980165285990467e-08,1.098428524649622e-08,1.0988405437607203e-08,1.0992525859077776e-08,1.0996646510662408e-08,1.1000767392115725e-08,1.1004888503192451e-08,1.1009009843647473e-08,1.1013131413235773e-08,1.1017253211712517e-08,1.1021375238832947e-08,1.1025497494352467e-08,1.102961997802662e-08,1.103374268961108e-08,1.1037865628861635e-08,1.1041988795534206e-08,1.1046112189384868e-08,1.105023581016983e-08,1.1054359657645373e-08,1.105848373156798e-08,1.1062608031694244e-08,1.1066732557780878e-08,1.107085730958474e-08,1.1074982286862814e-08,1.1079107489372217e-08,1.1083232916870204e-08,1.1087358569114148e-08,1.1091484445861564e-08,1.109561054687013e-08,1.1099736871897582e-08,1.1103863420701848e-08,1.1107990193040987e-08,1.1112117188673141e-08,1.111624440735667e-08,1.112037184885e-08,1.1124499512882631e-08,1.1128627399243631e-08,1.1132755507686595e-08,1.1136883837973869e-08,1.1141012389864512e-08,1.1145141163117736e-08,1.1149270157492852e-08,1.1153399372683451e-08,1.1157528808583642e-08,1.116165846483933e-08,1.1165788341292366e-08,1.1169918437674866e-08,1.1174048753752033e-08,1.1178179289534508e-08,1.1182310044227834e-08,1.1186441017909036e-08,1.1190572210276993e-08,1.1194703621108281e-08,1.1198835250222956e-08,1.1202967097342185e-08,1.1207099162399295e-08,1.1211231444814604e-08,1.1215363944444785e-08,1.1219496661195681e-08,1.1223629594763175e-08,1.1227762745019403e-08,1.1231896111659902e-08,1.1236029694203709e-08,1.1240163492273054e-08,1.1244297506312219e-08,1.1248431736402124e-08,1.1252566180898476e-08,1.1256700840306256e-08,1.1260835714388342e-08,1.1264970803026216e-08,1.1269106105861437e-08,1.1273241622690511e-08,1.1277377353222794e-08,1.1281513297252867e-08,1.128564945411064e-08,1.1289785824335736e-08,1.1293922407422889e-08,1.1298059203116603e-08,1.1302196211186803e-08,1.1306333431189177e-08,1.1310470862938025e-08,1.1314608506338927e-08,1.1318746361155222e-08,1.1322884426819392e-08,1.1327022703329429e-08,1.1331161190551797e-08,1.1335299888487133e-08,1.1339438796555591e-08,1.134357791457935e-08,1.134771724232561e-08,1.1351856779560093e-08,1.1355996526048579e-08,1.1360136481557012e-08,1.136427664585146e-08,1.1368417018724006e-08,1.137255759991289e-08,1.1376698389030233e-08,1.138083938597516e-08,1.138498059030631e-08,1.1389122001980609e-08,1.1393263622016019e-08,1.1397405448972521e-08,1.1401547482617324e-08,1.1405689721929365e-08,1.1409832167480199e-08,1.1413974819065741e-08,1.141811767658413e-08,1.1422260739574407e-08,1.1426404007733315e-08,1.143054748099091e-08,1.1434691158952701e-08,1.1438835041620853e-08,1.1442979128598529e-08,1.1447123419686132e-08,1.1451267914700064e-08,1.1455412613384826e-08,1.1459557515496743e-08,1.1463702620818772e-08,1.1467847929120199e-08,1.1471993440170415e-08,1.1476139153738979e-08,1.148028506959555e-08,1.1484431187509916e-08,1.1488577507251997e-08,1.1492724028591849e-08,1.1496870751596246e-08,1.1501017675703691e-08,1.150516480068909e-08,1.1509312126328075e-08,1.1513459652393727e-08,1.1517607378660504e-08,1.1521755304716793e-08,1.1525903430566485e-08,1.1530051755945216e-08,1.1534200280642207e-08,1.1538349004405704e-08,1.154249792701655e-08,1.1546647048258184e-08,1.1550796367891019e-08,1.1554945885681013e-08,1.1559095601404607e-08,1.1563245514838544e-08,1.1567395625756564e-08,1.1571545933927045e-08,1.1575696439123576e-08,1.1579847141117204e-08,1.1583998039682002e-08,1.1588149134590637e-08,1.1592300425616252e-08,1.1596451912532114e-08,1.1600603595111606e-08,1.160475547312822e-08,1.160890754635557e-08,1.161305981456739e-08,1.1617212277537542e-08,1.1621364935040015e-08,1.1625517786846842e-08,1.1629670832731274e-08,1.1633824072480878e-08,1.1637977505859593e-08,1.1642131132641511e-08,1.1646284952627997e-08,1.165043896554095e-08,1.165459317116646e-08,1.1658747569301815e-08,1.1662902159618733e-08,1.166705694177818e-08,1.1671211915959903e-08,1.1675367081873104e-08,1.1679522439168532e-08,1.1683677987613935e-08,1.1687833726982764e-08,1.169198965706315e-08,1.1696145777630971e-08,1.1700302088462299e-08,1.1704458589286273e-08,1.1708615279924453e-08,1.1712772160153878e-08,1.171692922981339e-08,1.1721086488618725e-08,1.1725243936347032e-08,1.1729401572775561e-08,1.17335593976817e-08,1.173771741084295e-08,1.1741875612036955e-08,1.174603400104148e-08,1.1750192577634404e-08,1.175435134159374e-08,1.175851029269763e-08,1.1762669430724338e-08,1.1766828755452241e-08,1.1770988266659851e-08,1.1775147964125814e-08,1.1779307847628899e-08,1.1783467916947972e-08,1.178762817186207e-08,1.1791788612150308e-08,1.1795949237591965e-08,1.1800110047966427e-08,1.1804271043053192e-08,1.180843222263192e-08,1.1812593586482353e-08,1.181675513438439e-08,1.1820916866118032e-08,1.1825078781463424e-08,1.1829240880200814e-08,1.1833403162110602e-08,1.1837565626973291e-08,1.184172827456587e-08,1.1845891104672873e-08,1.1850054117077591e-08,1.1854217311556763e-08,1.185838068789379e-08,1.1862544245869376e-08,1.1866707985264902e-08,1.1870871905755946e-08,1.1875036007219588e-08,1.1879200289435103e-08,1.1883364752182535e-08,1.1887529395240675e-08,1.1891694218386688e-08,1.1895859221397406e-08,1.190002440404488e-08,1.1904189766095875e-08,1.190835530730681e-08,1.1912521027740683e-08,1.1916686926949297e-08,1.1920853004779758e-08,1.1925019260942851e-08,1.192918569529812e-08,1.193335230737408e-08,1.19375190972679e-08,1.1941686064725887e-08,1.1945853209513912e-08,1.1950020531405417e-08,1.1954188030178018e-08,1.1958355705610491e-08,1.1962523557483335e-08,1.196669158557969e-08,1.1970859789681522e-08,1.1975028169571877e-08,1.1979196725034144e-08,1.1983365455852419e-08,1.1987534361810423e-08,1.1991703442692873e-08,1.1995872698284324e-08,1.2000042128369852e-08,1.2004211732734156e-08,1.2008381511162766e-08,1.2012551463440937e-08,1.2016721589354245e-08,1.2020891888688412e-08,1.2025062361229193e-08,1.2029233006762737e-08,1.2033403825075073e-08,1.2037574815952502e-08,1.2041745979181453e-08,1.2045917314548568e-08,1.2050088821840444e-08,1.2054260500843971e-08,1.2058432351346037e-08,1.2062604373133817e-08,1.2066776565994497e-08,1.2070948929715398e-08,1.2075121464047297e-08,1.207929416881334e-08,1.2083467043801233e-08,1.2087640088798747e-08,1.2091813303593819e-08,1.2095986687974429e-08,1.210016024172866e-08,1.2104333964007414e-08,1.210850785500473e-08,1.2112681915135935e-08,1.2116856143783562e-08,1.2121030541228892e-08,1.2125205106776712e-08,1.2129379840214394e-08,1.2133554741327656e-08,1.2137729810035617e-08,1.214190504600221e-08,1.2146080448970855e-08,1.2150256018788916e-08,1.2154431755245197e-08,1.2158607658129137e-08,1.2162783727230347e-08,1.216695996233889e-08,1.2171136363224404e-08,1.2175312929688494e-08,1.2179489661504159e-08,1.2183666558066995e-08,1.2187843620066754e-08,1.2192020846798295e-08,1.2196198238067734e-08,1.220037579366619e-08,1.2204553513384842e-08,1.2208731397014974e-08,1.2212909444347881e-08,1.2217087655174875e-08,1.2221266029287122e-08,1.2225444566475503e-08,1.2229623266966843e-08,1.2233802129719463e-08,1.2237981154858573e-08,1.2242160342285233e-08,1.22463396917352e-08,1.22505192030733e-08,1.2254698876000606e-08,1.2258878710279099e-08,1.2263058705830562e-08,1.2267238862307303e-08,1.2271419179672103e-08,1.2275599657629632e-08,1.2279780295947486e-08,1.2283961094449617e-08,1.2288142052938237e-08,1.2292323171192506e-08,1.2296504449037427e-08,1.2300685886194827e-08,1.2304867482509541e-08,1.2309049237833261e-08,1.2313231151833106e-08,1.2317413224431727e-08,1.2321595455288335e-08,1.232577784426829e-08,1.2329960391165778e-08,1.2334143095775439e-08,1.2338325957892165e-08,1.2342508977311024e-08,1.2346692154017146e-08,1.2350875487435983e-08,1.2355058977468797e-08,1.2359242624027821e-08,1.236342642688796e-08,1.2367610385817985e-08,1.23717945006133e-08,1.2375978771068937e-08,1.2380163197036777e-08,1.238434777833745e-08,1.2388532514592947e-08,1.239271740573205e-08,1.2396902451491363e-08,1.2401087651667454e-08,1.2405273006157251e-08,1.240945851468338e-08,1.2413644177623969e-08,1.2417829994195061e-08,1.24220159641939e-08,1.242620208741864e-08,1.2430388363080705e-08,1.243457479165776e-08,1.2438761372859406e-08,1.2442948106483812e-08,1.244713499232931e-08,1.2451322030194362e-08,1.2455509219877481e-08,1.2459696561177336e-08,1.246388405389269e-08,1.2468071697822451e-08,1.2472259492765683e-08,1.2476447438521468e-08,1.2480635534889064e-08,1.2484823781667771e-08,1.2489012178657115e-08,1.2493200725656702e-08,1.2497389422466225e-08,1.2501578268885531e-08,1.25057672647145e-08,1.2509956409753252e-08,1.2514145703801931e-08,1.2518335146660842e-08,1.252252473813038e-08,1.2526714478011084e-08,1.25309043661036e-08,1.2535094402208703e-08,1.2539284586127248e-08,1.2543474917602287e-08,1.254766539649345e-08,1.2551856022601955e-08,1.2556046795729138e-08,1.256023771567644e-08,1.2564428782245478e-08,1.2568619995237873e-08,1.2572811354455436e-08,1.2577002859700077e-08,1.2581194510773827e-08,1.2585386307478827e-08,1.2589578249617359e-08,1.2593770336991806e-08,1.2597962569404661e-08,1.2602154946658543e-08,1.26063474685562e-08,1.2610540134900469e-08,1.2614732945494325e-08,1.2618925900140869e-08,1.2623118998643273e-08,1.2627312240804884e-08,1.2631505626429127e-08,1.2635699155319555e-08,1.2639892827279844e-08,1.2644086642113773e-08,1.2648280599625254e-08,1.2652474699618293e-08,1.2656668941897035e-08,1.2660863326265743e-08,1.2665057852553744e-08,1.2669252520540533e-08,1.2673447330030715e-08,1.2677642280829007e-08,1.2681837372740246e-08,1.2686032605569376e-08,1.2690227979121451e-08,1.2694423493201671e-08,1.2698619147615331e-08,1.2702814942167843e-08,1.2707010876664738e-08,1.2711206950911662e-08,1.2715403164714374e-08,1.2719599517878748e-08,1.2723796010210782e-08,1.2727992641516581e-08,1.2732189411602375e-08,1.2736386320274514e-08,1.274058336733944e-08,1.2744780552603718e-08,1.2748977875874063e-08,1.275317533695726e-08,1.2757372935660207e-08,1.2761570671789977e-08,1.2765768545153709e-08,1.2769966555558663e-08,1.2774164702812229e-08,1.2778362986721892e-08,1.2782561407095266e-08,1.2786759963740076e-08,1.2790958656464178e-08,1.2795157485075501e-08,1.2799356449382144e-08,1.2803555549192273e-08,1.280775478431421e-08,1.2811954154496005e-08,1.2816153659645805e-08,1.2820353299503396e-08,1.2824553074342921e-08,1.2828752983621403e-08,1.2832953026577493e-08,1.2837153203486883e-08,1.284135351441828e-08,1.284555395871538e-08,1.2849754536448712e-08,1.2853955247363264e-08,1.2858156091296292e-08,1.2862357068059695e-08,1.2866558177447683e-08,1.2870759419286294e-08,1.2874960793385525e-08,1.2879162299839366e-08,1.2883363938176335e-08,1.2887565707919535e-08,1.2891767609164653e-08,1.2895969641724984e-08,1.2900171805468244e-08,1.2904374100130401e-08,1.2908576525535407e-08,1.2912779081418306e-08,1.2916981767671107e-08,1.2921184584104707e-08,1.2925387530533206e-08,1.2929590606766959e-08,1.2933793812613034e-08,1.2937997147897983e-08,1.294220061223674e-08,1.2946404205588165e-08,1.2950607927737899e-08,1.2954811778837577e-08,1.295901575844903e-08,1.2963219866366655e-08,1.2967424102392187e-08,1.2971628466342781e-08,1.2975832958067683e-08,1.2980037577165118e-08,1.298424232368317e-08,1.2988447197480688e-08,1.299265219828395e-08,1.299685732592803e-08,1.3001062580168689e-08,1.3005267960789944e-08,1.3009473467655578e-08,1.301367910060564e-08,1.3017884859422565e-08,1.3022090743898128e-08,1.3026296754027891e-08,1.3030502889331003e-08,1.3034709149756923e-08,1.3038915535484367e-08,1.304312204556229e-08,1.3047328680278664e-08,1.3051535439498548e-08,1.3055742322877252e-08,1.305994933013798e-08,1.3064156461311354e-08,1.3068363716134088e-08,1.3072571094214516e-08,1.3076778595570225e-08,1.3080986220015667e-08,1.308519396736591e-08,1.3089401837435329e-08,1.3093609830038e-08,1.3097817944987228e-08,1.3102026182178733e-08,1.3106234541359382e-08,1.3110443022345332e-08,1.3114651624952969e-08,1.3118860348998757e-08,1.3123069194299063e-08,1.3127278160670353e-08,1.3131487247929275e-08,1.313569645612909e-08,1.3139905784844673e-08,1.3144115233905024e-08,1.3148324803127264e-08,1.3152534492307752e-08,1.31567443013554e-08,1.3160954230017595e-08,1.3165164278074567e-08,1.3169374445345779e-08,1.3173584731765947e-08,1.3177795137092564e-08,1.3182005661030842e-08,1.3186216303493314e-08,1.3190427064292045e-08,1.31946379432376e-08,1.3198848940146353e-08,1.3203060054865198e-08,1.3207271287237095e-08,1.3211482637044457e-08,1.3215694104095035e-08,1.3219905688225458e-08,1.3224117389280136e-08,1.3228329207017087e-08,1.3232541141289295e-08,1.3236753191926402e-08,1.324096535875213e-08,1.3245177641798779e-08,1.3249390040419298e-08,1.3253602554678678e-08,1.3257815184390147e-08,1.326202792937685e-08,1.3266240789459295e-08,1.3270453764591882e-08,1.3274666854416639e-08,1.3278880058802717e-08,1.3283093377479343e-08,1.3287306810357989e-08,1.329152035726159e-08,1.329573401807928e-08,1.3299947792492677e-08,1.3304161680389503e-08,1.3308375681165087e-08,1.33125897954894e-08,1.3316804022765562e-08,1.332101836281558e-08,1.3325232815461645e-08,1.3329447380525993e-08,1.3333662057831066e-08,1.3337876847199457e-08,1.3342091748454142e-08,1.3346306761459112e-08,1.3350521885955244e-08,1.335473712180229e-08,1.335895246882645e-08,1.3363167926854737e-08,1.3367383495835438e-08,1.3371599175320787e-08,1.3375814965458897e-08,1.3380030865717739e-08,1.3384246876314729e-08,1.3388462996647332e-08,1.3392679226724445e-08,1.3396895566196423e-08,1.3401112015262832e-08,1.3405328573563657e-08,1.3409545240861858e-08,1.3413762017013132e-08,1.3417978902067458e-08,1.3422195895570496e-08,1.3426412997402138e-08,1.3430630207740575e-08,1.3434847525792054e-08,1.3439064951153868e-08,1.3443282484698089e-08,1.3447500125692311e-08,1.3451717874055589e-08,1.3455935729495624e-08,1.3460153691843199e-08,1.3464371760967456e-08,1.3468589936629815e-08,1.3472808218870552e-08,1.3477026606355163e-08,1.348124510008828e-08,1.3485463700726e-08,1.3489682407272359e-08,1.3493901219364882e-08,1.3498120136617416e-08,1.3502339159084945e-08,1.3506558286604418e-08,1.3510777519001572e-08,1.3514996856103215e-08,1.3519216297736329e-08,1.3523435843728044e-08,1.3527655493623e-08,1.3531875247822405e-08,1.3536095105855001e-08,1.354031506751048e-08,1.3544535132791875e-08,1.3548755301281257e-08,1.3552975572870393e-08,1.3557195947598455e-08,1.3561416425130508e-08,1.3565637005213933e-08,1.3569857687283962e-08,1.3574078472129004e-08,1.3578299359097726e-08,1.3582520348018036e-08,1.3586741438631875e-08,1.3590962630786806e-08,1.3595183924078779e-08,1.3599405318767975e-08,1.36036268147406e-08,1.3607848411728855e-08,1.3612070109496347e-08,1.3616291907963057e-08,1.3620513806723915e-08,1.3624735805743672e-08,1.3628957905387767e-08,1.3633180104616902e-08,1.3637402403359378e-08,1.3641624801728771e-08,1.3645847299480689e-08,1.3650069896447437e-08,1.3654292592460727e-08,1.3658515387996646e-08,1.3662738282206467e-08,1.3666961274928449e-08,1.3671184365995973e-08,1.3675407555244277e-08,1.3679630842505793e-08,1.3683854227615911e-08,1.3688077710406882e-08,1.3692301290713349e-08,1.3696524968367885e-08,1.3700748743203905e-08,1.3704972615054324e-08,1.3709196583752194e-08,1.3713420649130009e-08,1.3717644811020835e-08,1.3721869069257697e-08,1.3726093423674129e-08,1.3730317874102254e-08,1.3734542420375869e-08,1.3738767062327667e-08,1.374299179979136e-08,1.3747216632281139e-08,1.3751441559955992e-08,1.375566658264896e-08,1.3759891700193207e-08,1.3764116912421987e-08,1.3768342219574026e-08,1.3772567621720517e-08,1.3776793117950743e-08,1.3781018708122216e-08,1.3785244392083232e-08,1.378947016967856e-08,1.3793696039753329e-08,1.3797922003148994e-08,1.3802148060205343e-08,1.3806374210291991e-08,1.3810600453243846e-08,1.3814826788896183e-08,1.3819053217084077e-08,1.3823279737643663e-08,1.3827506350411486e-08,1.383173305522214e-08,1.3835959851913486e-08,1.3840186740322707e-08,1.384441372028859e-08,1.384864079172079e-08,1.3852867953881792e-08,1.3857095207050416e-08,1.3861322551046725e-08,1.386554998566918e-08,1.3869777511302663e-08,1.3874005127139138e-08,1.387823283319379e-08,1.3882460629465342e-08,1.3886688515484236e-08,1.3890916491343198e-08,1.3895144556955962e-08,1.389937271186698e-08,1.3903600955908003e-08,1.3907829289029307e-08,1.3912057711652726e-08,1.3916286221846203e-08,1.3920514821265398e-08,1.3924743509133293e-08,1.3928972285304509e-08,1.3933201149357011e-08
13,1.445630460106856e-23,2.381680008576375e-23,2.98777456826425e-23,3.3802223995611697e-23,3.634333408854765e-23,3.7988709598225305e-23,3.905409459487451e-23,3.9743934199517404e-23,4.019060716903634e-23,4.0479829098823565e-23,4.066710106372424e-23,4.0788360156572316e-23,4.0866875740077e-23,4.091771478817086e-23,4.0950633206346193e-23,4.097194796922652e-23,4.0985749334595995e-23,4.099468575519536e-23,4.100047211118212e-23,4.1004218791996344e-23,4.1006644777738126e-23,4.100821560992578e-23,4.1009232727924356e-23,4.100989131451983e-23,4.1010317751083055e-23,4.1010593869885925e-23,4.101077265754166e-23,4.101088842302175e-23,4.101096338147627e-23,4.101101191727399e-23,4.1011043344331727e-23,4.1011063693434493e-23,4.101107686953257e-23,4.101108540109089e-23,4.1011090925297654e-23,4.101109450223575e-23,4.10110968183131e-23,4.1011098317979193e-23,4.101109928901691e-23,4.1011099917766026e-23,4.10111003248829e-23,4.1011100588492235e-23,4.1011100759180086e-23,4.101110086970086e-23,4.101110094126339e-23,4.101110098760047e-23,4.101110101760368e-23,4.1011101037030904e-23,4.1011101049609863e-23,4.1011101057754605e-23,4.101110106302837e-23,4.101110106644307e-23,4.101110106865414e-23,4.101110107008564e-23,4.1011101071012124e-23,4.101110107161169e-23,4.1011101071999915e-23,4.101110107225117e-23,4.101110107241349e-23,4.101110107251875e-23,4.1011101072586417e-23,4.101110107263011e-23,4.101110107265829e-23,4.101110107267651e-23,4.1011101072688115e-23,4.101110107269592e-23,4.101110107270093e-23,4.101110107270358e-23,4.101110107270541e-23,4.101110107270737e-23,4.1011101072708844e-23,4.101110107270958e-23,4.101110107270935e-23,4.101110107270975e-23,4.101110107271029e-23,4.101110107271034e-23,4.1011101072710026e-23,4.101110107271004e-23,4.101110107270999e-23,4.1011101072709967e-23,4.101110107270965e-23,4.1011101072709673e-23,4.1011101072709485e-23,4.101110107270946e-23,4.1011101072709074e-23,4.101110107270869e-23,4.1011101072707986e-23,4.1011101072707534e-23,4.1011101072707346e-23,4.1011101072706934e-23,4.101110107270664e-23,4.10111010727064e-23,4.101110107270626e-23,4.101110107270643e-23,4.101110107270683e-23,4.101110107270666e-23,4.1011101072706717e-23,4.10111010727066e-23,4.101110107270675e-23,4.1011101072706393e-23,4.101110107270646e-23,4.1011101072706476e-23,4.101110107270662e-23,4.101110107270637e-23,4.101110107270626e-23,4.10111010727064e-23,4.1011101072706247e-23,4.101110107270634e-23,4.101110107270614e-23,4.101110107270603e-23,4.1011101072705876e-23,4.101110107270533e-23,4.1011101072704865e-23,4.101110107270468e-23,4.101110107270478e-23,4.101110107270492e-23,4.101110107270487e-23,4.101110107270491e-23,4.101110107270454e-23,4.101110107270429e-23,4.1011101072703796e-23,4.1011101072703314e-23,4.101110107270315e-23,4.101110107270268e-23,4.101110107270228e-23,4.1011101072701885e-23,4.1011101072701603e-23,4.101110107270117e-23,4.101110107270067e-23,4.101110107270006e-23,4.1011101072699705e-23,4.101110107269946e-23,4.101110107269918e-23,4.1011101072699035e-23,4.101110107269889e-23,4.10111010726986e-23,4.101110107269848e-23,4.1011101072698394e-23,4.1011101072698324e-23,4.1011101072698635e-23,4.101110107269871e-23,4.101110107269835e-23,4.1011101072698353e-23,4.1011101072698335e-23,4.1011101072698324e-23,4.1011101072698265e-23,4.1011101072697965e-23,4.101110107269776e-23,4.101110107269747e-23,4.1011101072697583e-23,4.101110107269739e-23,4.101110107269709e-23,4.101110107269646e-23,4.101110107269609e-23,4.101110107269608e-23,4.101110107269597e-23,4.1011101072695814e-23,4.101110107269576e-23,4.10111010726956e-23,4.101110107269515e-23,4.101110107269463e-23,4.101110107269461e-23,4.101110107269456e-23,4.101110107269438e-23,4.101110107269409e-23,4.101110107269413e-23,4.101110107269423e-23,4.101110107269416e-23,4.101110107269417e-23,4.101110107269419e-23,4.101110107269414e-23,4.101110107269419e-23,4.1011101072694074e-23,4.101110107269383e-23,4.1011101072693886e-23,4.1011101072694174e-23,4.1011101072693633e-23,4.1011101072693375e-23,4.1011101072693e-23,4.101110107269243e-23,4.101110107269208e-23,4.101110107269178e-23,4.101110107269132e-23,4.1011101072690977e-23,4.101110107269102e-23,4.101110107269016e-23,4.101110107268946e-23,4.10111010726891e-23,4.101110107268927e-23,4.1011101072688943e-23,4.1011101072689014e-23,4.1011101072688667e-23,4.101110107268861e-23,4.1011101072688297e-23,4.1011101072688056e-23,4.101110107268753e-23,4.101110107268652e-23,4.1011101072686363e-23,4.1011101072685805e-23,4.101110107268564e-23,4.101110107268545e-23,4.101110107268524e-23,4.10111010726853e-23,4.1011101072685364e-23,4.101110107268525e-23,4.101110107268583e-23,4.101110107268545e-23,4.101110107268548e-23,4.101110107268564e-23,4.1011101072685446e-23,4.101110107268525e-23,4.1011101072685493e-23,4.101110107268571e-23,4.101110107268547e-23,4.101110107268589e-23,4.1011101072686263e-23,4.1011101072685787e-23,4.101110107268577e-23,4.101110107268533e-23,4.101110107268565e-23,4.101110107268535e-23,4.101110107268545e-23,4.101110107268485e-23,4.1011101072684964e-23,4.101110107268436e-23,4.101110107268434e-23,4.10111010726843e-23,4.1011101072684265e-23,4.1011101072683924e-23,4.101110107268338e-23,4.1011101072683224e-23,4.101110107268295e-23,4.101110107268264e-23,4.1011101072682067e-23,4.1011101072681643e-23,4.101110107268108e-23,4.1011101072680256e-23,4.10111010726798e-23,4.1011101072679745e-23,4.101110107267962e-23,4.1011101072679586e-23,4.101110107267953e-23,4.1011101072679616e-23,4.101110107267947e-23,4.101110107267971e-23,4.1011101072679386e-23,4.1011101072679516e-23,4.101110107267938e-23,4.101110107267935e-23,4.1011101072679386e-23,4.1011101072679457e-23,4.1011101072679e-23,4.101110107267882e-23,4.1011101072678605e-23,4.1011101072678276e-23,4.1011101072678146e-23,4.1011101072677894e-23,4.101110107267752e-23,4.101110107267762e-23,4.101110107267744e-23,4.101110107267744e-23,4.1011101072676806e-23,4.101110107267591e-23,4.1011101072675355e-23,4.101110107267495e-23,4.10111010726749e-23,4.1011101072674514e-23,4.1011101072674455e-23,4.1011101072674426e-23,4.1011101072674297e-23,4.101110107267426e-23,4.101110107267441e-23,4.1011101072674344e-23,4.101110107267445e-23,4.101110107267473e-23,4.10111010726745e-23,4.101110107267448e-23,4.1011101072674273e-23,4.1011101072673744e-23,4.101110107267313e-23,4.1011101072672433e-23,4.1011101072671716e-23,4.101110107267104e-23,4.1011101072670294e-23,4.101110107266961e-23,4.1011101072669007e-23,4.10111010726682e-23,4.1011101072667255e-23,4.101110107266657e-23,4.101110107266598e-23,4.101110107266569e-23,4.101110107266551e-23,4.1011101072665145e-23,4.1011101072664534e-23,4.101110107266456e-23,4.101110107266412e-23,4.1011101072663694e-23,4.101110107266285e-23,4.101110107266298e-23,4.101110107266289e-23,4.1011101072662636e-23,4.101110107266225e-23,4.10111010726616e-23,4.101110107266049e-23,4.101110107265986e-23,4.1011101072659403e-23,4.1011101072658616e-23,4.10111010726577e-23,4.1011101072656594e-23,4.1011101072656165e-23,4.101110107265506e-23,4.101110107265458e-23,4.1011101072653796e-23,4.101110107265343e-23,4.101110107265329e-23,4.1011101072652344e-23,4.1011101072651257e-23,4.1011101072650475e-23,4.1011101072649594e-23,4.101110107264892e-23,4.1011101072648107e-23,4.1011101072647625e-23,4.1011101072647096e-23,4.1011101072646567e-23,4.101110107264628e-23,4.101110107264607e-23,4.1011101072646e-23,4.101110107264575e-23,4.101110107264539e-23,4.1011101072645274e-23,4.101110107264528e-23,4.101110107264525e-23,4.1011101072645185e-23,4.101110107264508e-23,4.1011101072645244e-23,4.101110107264523e-23,4.101110107264528e-23,4.1011101072645526e-23,4.1011101072645644e-23,4.101110107264561e-23,4.1011101072645497e-23,4.1011101072644974e-23,4.101110107264522e-23,4.10111010726459e-23,4.1011101072646267e-23,4.1011101072646396e-23,4.1011101072646243e-23,4.101110107264586e-23,4.1011101072645156e-23,4.101110107264504e-23,4.101110107264557e-23,4.1011101072645585e-23,4.1011101072645656e-23,4.1011101072645955e-23,4.101110107264586e-23,4.1011101072645656e-23,4.1011101072645726e-23,4.1011101072645473e-23,4.101110107264587e-23,4.1011101072645626e-23,4.1011101072645185e-23,4.1011101072644604e-23,4.101110107264382e-23,4.1011101072643246e-23,4.1011101072642776e-23,4.101110107264204e-23,4.101110107264138e-23,4.101110107264105e-23,4.101110107264065e-23,4.1011101072640807e-23,4.101110107264087e-23,4.101110107264036e-23,4.1011101072639884e-23,4.1011101072639085e-23,4.10111010726384e-23,4.1011101072637586e-23,4.1011101072636716e-23,4.101110107263615e-23,4.101110107263596e-23,4.101110107263534e-23,4.1011101072635106e-23,4.1011101072634665e-23,4.101110107263441e-23,4.1011101072634324e-23,4.1011101072634406e-23,4.101110107263418e-23,4.101110107263422e-23,4.1011101072633836e-23,4.1011101072633084e-23,4.101110107263261e-23,4.101110107263204e-23,4.101110107263174e-23,4.101110107263094e-23,4.10111010726303e-23,4.101110107262997e-23,4.101110107262997e-23,4.1011101072629986e-23,4.101110107263014e-23,4.1011101072630145e-23,4.1011101072629875e-23,4.1011101072629634e-23,4.101110107262962e-23,4.101110107262949e-23,4.101110107262935e-23,4.101110107262987e-23,4.1011101072629816e-23,4.1011101072629534e-23,4.101110107262945e-23,4.1011101072629375e-23,4.101110107262959e-23,4.101110107262993e-23,4.101110107263008e-23,4.101110107262975e-23,4.10111010726296e-23,4.1011101072629563e-23,4.101110107262997e-23,4.101110107263039e-23,4.101110107263024e-23,4.1011101072629875e-23,4.101110107262931e-23,4.101110107262907e-23,4.101110107262898e-23,4.101110107262915e-23,4.10111010726289e-23,4.1011101072628517e-23,4.1011101072627894e-23,4.101110107262779e-23,4.10111010726277e-23,4.101110107262794e-23,4.1011101072627847e-23,4.101110107262733e-23,4.101110107262745e-23,4.101110107262792e-23,4.101110107262819e-23,4.101110107262799e-23,4.1011101072628164e-23,4.1011101072628123e-23,4.101110107262762e-23,4.1011101072626724e-23,4.1011101072625896e-23,4.101110107262574e-23,4.1011101072625984e-23,4.101110107262549e-23,4.1011101072624914e-23,4.101110107262397e-23,4.101110107262326e-23,4.1011101072622446e-23,4.101110107262193e-23,4.101110107262142e-23,4.101110107262137e-23,4.101110107262116e-23,4.1011101072620994e-23,4.101110107262082e-23,4.1011101072620676e-23,4.1011101072620606e-23,4.1011101072620453e-23,4.1011101072620594e-23,4.101110107262056e-23,4.10111010726207e-23,4.1011101072620606e-23,4.1011101072620776e-23,4.101110107262093e-23,4.1011101072620635e-23,4.1011101072620676e-23,4.1011101072620776e-23,4.1011101072620665e-23,4.1011101072620435e-23,4.10111010726202e-23,4.101110107262047e-23,4.101110107262079e-23,4.101110107262088e-23,4.10111010726208e-23,4.1011101072620847e-23,4.1011101072620835e-23,4.101110107262046e-23,4.10111010726202e-23,4.1011101072620365e-23,4.101110107262085e-23,4.101110107262072e-23,4.1011101072620477e-23,4.101110107262041e-23,4.101110107262018e-23,4.101110107262041e-23,4.1011101072620606e-23,4.101110107262058e-23,4.101110107262085e-23,4.1011101072620635e-23,4.1011101072620776e-23,4.101110107262069e-23,4.1011101072620635e-23,4.101110107262026e-23,4.1011101072620036e-23,4.1011101072620024e-23,4.101110107262006e-23,4.101110107262027e-23,4.101110107262073e-23,4.1011101072620535e-23,4.101110107262036e-23,4.101110107262039e-23,4.101110107262034e-23,4.101110107262011e-23,4.101110107262009e-23,4.101110107261978e-23,4.1011101072619707e-23,4.101110107261955e-23,4.1011101072619307e-23,4.101110107261951e-23,4.10111010726199e-23,4.1011101072620365e-23,4.101110107262073e-23,4.101110107262064e-23,4.1011101072620577e-23,4.101110107262081e-23,4.1011101072620747e-23,4.101110107262093e-23,4.101110107262064e-23,4.1011101072620477e-23,4.101110107262026e-23,4.101110107262039e-23,4.1011101072620365e-23,4.1011101072620606e-23,4.1011101072620377e-23,4.101110107262012e-23,4.101110107261979e-23,4.10111010726195e-23,4.101110107261945e-23,4.101110107261968e-23,4.10111010726204e-23,4.1011101072620253e-23,4.101110107262024e-23,4.101110107262027e-23,4.1011101072620606e-23,4.1011101072620294e-23,4.101110107262034e-23,4.101110107262054e-23,4.101110107262056e-23,4.10111010726208e-23,4.1011101072620894e-23,4.1011101072620553e-23,4.101110107262039e-23,4.101110107262012e-23,4.1011101072619765e-23,4.101110107261966e-23,4.101110107261996e-23,4.101110107261993e-23,4.10111010726205e-23,4.10111010726205e-23,4.1011101072620494e-23,4.1011101072620535e-23,4.1011101072620353e-23,4.101110107262023e-23,4.1011101072619965e-23,4.1011101072620036e-23,4.1011101072620306e-23,4.101110107262008e-23,4.1011101072619736e-23,4.101110107261938e-23,4.10111010726194e-23,4.101110107262024e-23,4.1011101072620477e-23,4.1011101072620577e-23,4.101110107262042e-23,4.101110107262081e-23,4.101110107262095e-23,4.1011101072621135e-23,4.1011101072621646e-23,4.101110107262139e-23,4.101110107262127e-23,4.1011101072621264e-23,4.101110107262081e-23,4.1011101072620676e-23,4.1011101072620424e-23,4.1011101072620253e-23,4.1011101072620294e-23,4.1011101072620036e-23,4.1011101072619836e-23,4.1011101072619566e-23,4.1011101072619354e-23,4.1011101072619354e-23,4.101110107261945e-23,4.101110107261926e-23,4.101110107261955e-23,4.101110107261941e-23,4.1011101072619595e-23,4.1011101072619707e-23,4.101110107262015e-23,4.101110107262008e-23,4.1011101072620177e-23,4.101110107262036e-23,4.1011101072620453e-23,4.101110107262073e-23,4.101110107262094e-23,4.1011101072621323e-23,4.101110107262139e-23,4.101110107262154e-23,4.1011101072621294e-23,4.101110107262113e-23,4.101110107262107e-23,4.101110107262113e-23,4.101110107262116e-23,4.101110107262088e-23,4.1011101072620494e-23,4.101110107262071e-23,4.1011101072621123e-23,4.1011101072621e-23,4.1011101072620747e-23,4.1011101072620747e-23,4.101110107262093e-23,4.1011101072620735e-23,4.10111010726205e-23,4.101110107262039e-23,4.101110107262051e-23,4.1011101072620377e-23,4.101110107262024e-23,4.101110107262015e-23,4.101110107262026e-23,4.101110107262017e-23,4.101110107261987e-23,4.101110107261994e-23,4.101110107262054e-23,4.1011101072620306e-23,4.101110107262033e-23,4.101110107262076e-23,4.1011101072620747e-23,4.101110107262063e-23,4.101110107262028e-23,4.101110107262062e-23,4.101110107262065e-23,4.1011101072620635e-23,4.101110107262069e-23,4.101110107262092e-23,4.101110107262062e-23,4.1011101072620594e-23,4.101110107262088e-23,4.101110107262088e-23,4.101110107262124e-23,4.101110107262153e-23,4.101110107262184e-23,4.101110107262189e-23,4.101110107262228e-23,4.1011101072622134e-23,4.101110107262171e-23,4.101110107262105e-23,4.101110107262075e-23,4.101110107262065e-23,4.1011101072620577e-23,4.101110107262072e-23,4.101110107262064e-23,4.101110107262069e-23,4.1011101072620635e-23,4.101110107262071e-23,4.1011101072620665e-23,4.101110107262085e-23,4.101110107262097e-23,4.101110107262122e-23,4.1011101072620976e-23,4.101110107262064e-23,4.1011101072620553e-23,4.101110107262047e-23,4.101110107262045e-23,4.101110107262048e-23,4.101110107262062e-23,4.1011101072620377e-23,4.1011101072619995e-23,4.101110107261964e-23,4.101110107261949e-23,4.101110107261955e-23,4.1011101072619354e-23,4.10111010726194e-23,4.101110107261963e-23,4.1011101072620136e-23,4.10111010726202e-23,4.101110107262008e-23,4.1011101072620306e-23,4.1011101072620606e-23,4.1011101072620676e-23,4.1011101072620453e-23,4.10111010726202e-23,4.1011101072619824e-23,4.1011101072619895e-23,4.101110107262017e-23,4.1011101072620477e-23,4.1011101072620694e-23,4.1011101072620477e-23,4.1011101072620306e-23,4.101110107262045e-23,4.1011101072620676e-23,4.1011101072620477e-23,4.1011101072620577e-23,4.101110107262004e-23,4.101110107261981e-23,4.1011101072620353e-23,4.101110107262057e-23,4.1011101072620976e-23,4.101110107262118e-23,4.1011101072621305e-23,4.1011101072621294e-23,4.101110107262139e-23,4.101110107262133e-23,4.101110107262111e-23,4.101110107262081e-23,4.1011101072620535e-23,4.101110107262028e-23,4.1011101072619895e-23,4.101110107261976e-23,4.1011101072619583e-23,4.1011101072619624e-23,4.101110107262015e-23,4.101110107262023e-23,4.1011101072620306e-23,4.101110107262042e-23,4.1011101072620477e-23,4.1011101072620336e-23,4.101110107262041e-23,4.101110107262023e-23,4.1011101072620353e-23,4.101110107262053e-23,4.101110107262028e-23,4.101110107262016e-23,4.101110107262027e-23,4.101110107262011e-23,4.101110107262051e-23,4.101110107262028e-23,4.1011101072620606e-23,4.1011101072620365e-23,4.1011101072620635e-23,4.1011101072620377e-23,4.1011101072619977e-23,4.1011101072619977e-23,4.10111010726198e-23,4.101110107261963e-23,4.1011101072619583e-23,4.101110107261957e-23,4.101110107261993e-23,4.101110107262016e-23,4.101110107262051e-23,4.101110107262036e-23,4.101110107262033e-23,4.101110107262026e-23,4.101110107262047e-23,4.1011101072620665e-23,4.101110107262081e-23,4.1011101072620577e-23,4.10111010726204e-23,4.101110107262056e-23,4.101110107262039e-23,4.101110107262048e-23,4.1011101072620665e-23,4.101110107262058e-23,4.10111010726207e-23,4.1011101072620535e-23,4.1011101072620665e-23,4.101110107262088e-23,4.101110107262052e-23,4.101110107262069e-23,4.1011101072620964e-23,4.10111010726211e-23,4.101110107262117e-23,4.1011101072620906e-23,4.101110107262054e-23,4.1011101072620077e-23,4.1011101072619824e-23,4.1011101072619783e-23,4.101110107261974e-23,4.101110107261956e-23,4.101110107261945e-23,4.1011101072619283e-23,4.101110107261913e-23,4.1011101072618984e-23,4.1011101072619383e-23,4.1011101072619566e-23,4.101110107261938e-23,4.1011101072619783e-23,4.101110107262009e-23,4.101110107262042e-23,4.101110107262042e-23,4.1011101072620336e-23,4.1011101072620136e-23,4.1011101072620136e-23,4.1011101072620206e-23,4.1011101072620136e-23,4.101110107261979e-23,4.1011101072619683e-23,4.101110107261984e-23,4.1011101072620177e-23,4.1011101072619995e-23,4.101110107261994e-23,4.10111010726201e-23,4.1011101072619995e-23,4.1011101072619783e-23,4.1011101072619407e-23,4.1011101072619583e-23,4.1011101072619583e-23,4.1011101072619765e-23,4.1011101072619724e-23,4.1011101072619895e-23,4.101110107262004e-23,4.1011101072620635e-23,4.101110107262051e-23,4.1011101072620794e-23,4.10111010726208e-23,4.101110107262057e-23,4.101110107262063e-23,4.101110107262083e-23,4.1011101072620635e-23,4.1011101072621064e-23,4.101110107262129e-23,4.1011101072621205e-23,4.101110107262099e-23,4.1011101072621047e-23,4.101110107262103e-23,4.1011101072620994e-23,4.1011101072621023e-23,4.101110107262082e-23,4.101110107262065e-23,4.101110107262094e-23,4.101110107262124e-23,4.1011101072621376e-23,4.1011101072621546e-23,4.1011101072621147e-23,4.1011101072621094e-23,4.1011101072620665e-23,4.101110107262072e-23,4.1011101072620665e-23,4.1011101072620477e-23,4.1011101072620747e-23,4.101110107262124e-23,4.101110107262121e-23,4.101110107262147e-23,4.101110107262177e-23,4.1011101072621864e-23,4.101110107262162e-23,4.101110107262097e-23,4.101110107262083e-23,4.10111010726205e-23,4.101110107262018e-23,4.1011101072619724e-23,4.101110107261951e-23,4.1011101072619724e-23,4.1011101072620294e-23,4.1011101072620377e-23,4.101110107262027e-23,4.101110107262063e-23,4.101110107262087e-23,4.101110107262054e-23,4.101110107262026e-23,4.101110107262032e-23,4.1011101072620336e-23,4.1011101072620635e-23,4.1011101072620665e-23,4.1011101072620635e-23,4.101110107262046e-23,4.101110107262048e-23,4.101110107262039e-23,4.101110107262033e-23,4.1011101072620477e-23,4.1011101072620577e-23,4.1011101072620747e-23,4.101110107262073e-23,4.1011101072620994e-23,4.10111010726214e-23,4.101110107262154e-23,4.1011101072621593e-23,4.101110107262157e-23,4.101110107262094e-23,4.1011101072620747e-23,4.1011101072620747e-23,4.101110107262086e-23,4.1011101072620747e-23,4.1011101072620665e-23,4.1011101072620553e-23,4.101110107262054e-23,4.1011101072620353e-23,4.1011101072620594e-23,4.101110107262053e-23,4.101110107262094e-23,4.101110107262101e-23,4.101110107262093e-23,4.101110107262058e-23,4.101110107262011e-23,4.1011101072619507e-23,4.101110107261955e-23,4.1011101072619483e-23,4.101110107261955e-23,4.10111010726199e-23,4.1011101072620306e-23,4.101110107262079e-23,4.101110107262082e-23,4.101110107262085e-23,4.101110107262052e-23,4.1011101072620606e-23,4.101110107262056e-23,4.101110107262077e-23,4.1011101072620735e-23,4.101110107262046e-23,4.101110107262058e-23,4.101110107262054e-23,4.101110107262085e-23,4.1011101072620694e-23,4.101110107262034e-23,4.10111010726202e-23,4.1011101072620553e-23,4.1011101072620847e-23,4.1011101072620847e-23,4.101110107262053e-23,4.1011101072620336e-23,4.101110107262002e-23,4.101110107261951e-23,4.1011101072619366e-23,4.10111010726192e-23,4.101110107261925e-23,4.1011101072619366e-23,4.101110107261966e-23,4.101110107261951e-23,4.1011101072619836e-23,4.1011101072620053e-23,4.1011101072620606e-23,4.1011101072620665e-23,4.101110107262069e-23,4.101110107262093e-23,4.1011101072620635e-23,4.101110107262092e-23,4.101110107262107e-23,4.101110107262148e-23,4.101110107262123e-23,4.1011101072621346e-23,4.1011101072621123e-23,4.1011101072621064e-23,4.101110107262105e-23,4.101110107262113e-23,4.101110107262082e-23,4.1011101072621e-23,4.101110107262097e-23,4.1011101072620794e-23,4.101110107262118e-23,4.101110107262101e-23,4.101110107262118e-23,4.101110107262116e-23,4.101110107262111e-23,4.101110107262124e-23,4.10111010726214e-23,4.101110107262172e-23,4.1011101072621264e-23,4.101110107262097e-23,4.101110107262087e-23,4.1011101072621047e-23,4.1011101072621076e-23,4.101110107262077e-23,4.1011101072621123e-23,4.1011101072621305e-23,4.101110107262095e-23,4.101110107262081e-23,4.1011101072620665e-23,4.1011101072620665e-23,4.101110107262058e-23,4.101110107262039e-23,4.101110107262048e-23,4.101110107262075e-23,4.1011101072621035e-23,4.101110107262092e-23,4.1011101072621123e-23,4.101110107262093e-23,4.101110107262083e-23,4.1011101072620535e-23,4.1011101072620424e-23,4.1011101072620453e-23,4.1011101072620577e-23,4.101110107262086e-23,4.101110107262076e-23,4.1011101072620847e-23,4.101110107262077e-23,4.101110107262086e-23,4.101110107262062e-23,4.1011101072620847e-23,4.101110107262057e-23,4.101110107262042e-23,4.101110107262023e-23,4.1011101072620253e-23,4.101110107262041e-23,4.1011101072620236e-23,4.1011101072620206e-23,4.101110107262051e-23,4.101110107262026e-23,4.101110107262006e-23,4.1011101072620077e-23,4.101110107262e-23,4.1011101072620553e-23,4.1011101072620835e-23,4.1011101072620665e-23,4.1011101072620847e-23,4.101110107262094e-23,4.1011101072621147e-23,4.101110107262113e-23,4.101110107262099e-23,4.1011101072620835e-23,4.10111010726211e-23,4.1011101072621205e-23,4.1011101072621023e-23,4.101110107262092e-23,4.101110107262091e-23,2.3915096595041952e-21,3.790944270081421e-21,4.792001196681913e-21,5.667418142775018e-21,6.558348226623469e-21,7.546765654071336e-21,8.691120348916456e-21,1.0044606496122274e-20,1.1665605096279107e-20,1.3625145440949205e-20,1.6013999844371575e-20,1.895113862458006e-20,2.2595101854136193e-20,2.7160164968246456e-20,3.294002115323778e-20,4.034321643941875e-20,4.99473262663528e-20,6.258337848187547e-20,7.947066107896388e-20,1.0243722865290303e-19,1.3429086601105407e-19,1.794627990981276e-19,2.4516434239273176e-19,3.435489245283999e-19,4.959397239905803e-19,7.41536910260785e-19,1.1564677073340538e-18,1.8985370501326744e-18,3.321664508212896e-18,6.3002413388765656e-18,1.327299324587696e-17,3.218503985697296e-17,9.476955584930847e-17,3.672675310046483e-16,2.090879845358994e-15,1.9125721971315957e-14,2.553650166098464e-13,3.4907385288692925e-12,3.475080139565104e-11,2.229502403161299e-10,9.52584924933321e-10,2.9374138744215184e-09,7.0612918552622905e-09,1.406555797312953e-08,2.4295225370299355e-08,3.762397404072465e-08,5.3538022163799866e-08,7.129604567748588e-08,9.009056796324272e-08,1.0917020293038481e-07,1.279121367746794e-07,1.4585138597822387e-07,1.62679488908254e-07,1.7822494195506323e-07,1.9242474622704102e-07,2.052933253126476e-07,2.1689300924082225e-07,2.2730933844690498e-07,2.3663367319528792e-07,2.4495390717608393e-07,2.5235173881359644e-07,2.589034891119899e-07,2.6468173275134633e-07,2.6975631021451513e-07,2.741944621873086e-07,2.7806038822203573e-07,2.814146123630521e-07,2.843134190029264e-07,2.8680848158375505e-07,2.8894670877055315e-07,2.9077028134131374e-07,2.9231683392892696e-07,2.936197344733943e-07,2.947084209360904e-07,2.956087639288956e-07,2.963434326772673e-07,2.9693224911861384e-07,2.973925206634924e-07,2.977393463660657e-07,2.97985894220011e-07,2.981436492995873e-07,2.982226337512966e-07,2.9823160041119423e-07,2.981782022331931e-07,2.980691398791418e-07,2.979102898282287e-07,2.9770681526562183e-07,2.9746326186296033e-07,2.9718364037498375e-07,2.968714977865898e-07,2.965299785522388e-07,2.961618772850696e-07,2.9576968408615667e-07,2.9535562354761905e-07,2.9492168832655516e-07,2.944696680639697e-07,2.9400117431415084e-07,2.935176620577225e-07,2.930204482880562e-07,2.925107280913941e-07,2.9198958857947054e-07,2.9145802098271085e-07,2.9091693116210575e-07,2.9036714876888707e-07,2.898094352385953e-07,2.892444907843921e-07,2.886729605279823e-07,2.880954398868222e-07,2.8751247932022213e-07,2.8692458851931357e-07,2.8633224011705214e-07,2.857358729793291e-07,2.851358951338734e-07,2.845326863839604e-07,2.8392660064387996e-07,2.833179680342051e-07,2.8270709676469136e-07,2.820942748314985e-07,2.814797715498337e-07,2.808638389404945e-07,2.8024671299215587e-07,2.796286148051615e-07,2.790097516362951e-07,2.7839031785449693e-07,2.777704958134681e-07,2.7715045665291087e-07,2.7653036103569703e-07,2.7591035982537015e-07,2.752905947119081e-07,2.7467119878810493e-07,2.740522970850175e-07,2.7343400706666293e-07,2.72816439089123e-07,2.721996968270368e-07,2.715838776707978e-07,2.709690730958477e-07,2.703553690076961e-07,2.697428460628415e-07,2.69131579968655e-07,2.6852164176808127e-07,2.6791309809714503e-07,2.673060114341509e-07,2.667004403312548e-07,2.660964396292275e-07,2.6549406066393183e-07,2.6489335145407167e-07,2.6429435688270057e-07,2.636971188670158e-07,2.631016765161115e-07,2.6250806628199644e-07,2.6191632210035964e-07,2.6132647552429703e-07,2.6073855585134614e-07,2.601525902372871e-07,2.595686038155813e-07,2.5898661979756806e-07,2.5840665957511525e-07,2.5782874281455587e-07,2.5725288754639676e-07,2.5667911025004814e-07,2.5610742593403796e-07,2.555378482120034e-07,2.5497038937470297e-07,2.5440506045787895e-07,2.5384187130722633e-07,2.532808306396078e-07,2.527219461012409e-07,2.521652243226677e-07,2.516106709718644e-07,2.510582908014953e-07,2.505080876992287e-07,2.499600647314304e-07,2.4941422418397506e-07,2.4887056760515207e-07,2.483290958422081e-07,2.477898090805629e-07,2.472527068748725e-07,2.467177881843523e-07,2.4618505140375467e-07,2.456544943931145e-07,2.451261145063123e-07,2.445999086179455e-07,2.440758731490472e-07,2.4355400409224295e-07,2.4303429703404924e-07,2.4251674717762756e-07,2.420013493640661e-07,2.4148809809229065e-07,2.4097698753754723e-07,2.404680115726735e-07,2.399611637811408e-07,2.394564374765686e-07,2.389538257176334e-07,2.384533213231713e-07,2.3795491688709684e-07,2.3745860479147807e-07,2.3696437721943328e-07,2.364722261680808e-07,2.3598214346024302e-07,2.3549412075539067e-07,2.3500814956148096e-07,2.3452422124315415e-07,2.340423270339523e-07,2.3356245804419236e-07,2.3308460527012058e-07,2.326087596025559e-07,2.321349118348383e-07,2.316630526707475e-07,2.3119317273135595e-07,2.3072526256272189e-07,2.3025931264221857e-07,2.2979531338460468e-07,2.2933325514870027e-07,2.2887312824274977e-07,2.2841492293004017e-07,2.2795862943415948e-07,2.2750423794403324e-07,2.270517386185074e-07,2.2660112159117655e-07,2.2615237697445165e-07,2.257054948638015e-07,2.2526046534162545e-07,2.2481727848098943e-07,2.243759243491722e-07,2.2393639301103445e-07,2.2349867453224182e-07,2.2306275898214056e-07,2.2262863643729876e-07,2.2219629698329866e-07,2.2176573071802075e-07,2.2133692775394243e-07,2.2090987822050294e-07,2.204845722663687e-07,2.20061000061525e-07,2.1963915179930417e-07,2.1921901769829683e-07,2.1880058800417472e-07,2.183838529913723e-07,2.1796880296473393e-07,2.175554282610343e-07,2.171437192504212e-07,2.1673366633776073e-07,2.163252599640613e-07,2.159184906074795e-07,2.155133487845887e-07,2.1510982505144799e-07,2.1470791000464527e-07,2.1430759428213206e-07,2.1390886856430165e-07,2.135117235744952e-07,2.1311615008030113e-07,2.12722138893752e-07,2.1232968087232167e-07,2.1193876691957047e-07,2.1154938798549095e-07,2.1116153506727186e-07,2.1077519920970795e-07,2.1039037150571625e-07,2.1000704309667069e-07,2.096252051729342e-07,2.0924484897406345e-07,2.0886596578924917e-07,2.084885469575256e-07,2.081125838680596e-07,2.0773806796039145e-07,2.0736499072466019e-07,2.069933437016975e-07,2.066231184832869e-07,2.0625430671220707e-07,2.0588690008242107e-07,2.055208903390767e-07,2.0515626927860738e-07,2.0479302874878676e-07,2.0443116064873384e-07,2.0407065692893746e-07,2.0371150959122403e-07,2.0335371068875615e-07,2.0299725232597445e-07,2.026421266585332e-07,2.0228832589326282e-07,2.0193584228803331e-07,2.015846681517132e-07,2.0123479584401464e-07,2.0088621777539872e-07,2.005389264069409e-07,2.0019291425014244e-07,1.9984817386689645e-07,1.995046978691828e-07,1.9916247891899346e-07,1.9882150972810804e-07,1.9848178305793266e-07,1.9814329171931253e-07,1.978060285722585e-07,1.9746998652586236e-07,1.9713515853798378e-07,1.9680153761504556e-07,1.9646911681185883e-07,1.9613788923134108e-07,1.958078480243165e-07,1.954789863891531e-07,1.9515129757177868e-07,1.9482477486517203e-07,1.9449941160919338e-07,1.941752011904528e-07,1.9385213704185047e-07,1.935302126424068e-07,1.9320942151704306e-07,1.928897572362451e-07,1.9257121341581397e-07,1.922537837166087e-07,1.9193746184424881e-07,1.9162224154884225e-07,1.9130811662471092e-07,1.909950809101545e-07,1.906831282870781e-07,1.9037225268078353e-07,1.9006244805965387e-07,1.8975370843490305e-07,1.894460278602289e-07,1.8913940043164064e-07,1.8883382028702235e-07,1.8852928160597136e-07,1.8822577860945862e-07,1.8792330555955468e-07,1.8762185675913543e-07,1.8732142655160723e-07,1.8702200932059943e-07,1.867235994897495e-07,1.8642619152229556e-07,1.8612977992090206e-07,1.858343592273254e-07,1.8553992402212714e-07,1.8524646892441972e-07,1.8495398859155697e-07,1.846624777188697e-07,1.8437193103937188e-07,1.8408234332349993e-07,1.8379370937882425e-07,1.8350602404974697e-07,1.8321928221726695e-07,1.8293347879867674e-07,1.8264860874729698e-07,1.8236466705220382e-07,1.8208164873797078e-07,1.8179954886435753e-07,1.815183625260811e-07,1.8123808485252687e-07,1.8095871100749135e-07,1.80680236188899e-07,1.8040265562859021e-07,1.8012596459197964e-07,1.7985015837785372e-07,1.795752323180789e-07,1.7930118177739286e-07,1.790280021530737e-07,1.7875568887474442e-07,1.7848423740409328e-07,1.7821364323463671e-07,1.7794390189141462e-07,1.7767500893089626e-07,1.7740695994049385e-07,1.7713975053851417e-07,1.7687337637385402e-07,1.7660783312572395e-07,1.763431165034449e-07,1.760792222462025e-07,1.7581614612278928e-07,1.755538839314231e-07,1.752924314994269e-07,1.7503178468309693e-07,1.7477193936736728e-07,1.7451289146566682e-07,1.7425463691965458e-07,1.7399717169899356e-07,1.7374049180112808e-07,1.73484593251069e-07,1.7322947210117018e-07,1.7297512443090533e-07,1.7272154634662748e-07,1.7246873398145604e-07,1.722166834948989e-07,1.719653910727668e-07,1.7171485292691643e-07,1.7146506529504689e-07,1.712160244404937e-07,1.7096772665203396e-07,1.7072016824362156e-07,1.7047334555428918e-07,1.702272549478757e-07,1.6998189281281694e-07,1.6973725556201023e-07,1.6949333963256059e-07,1.6925014148559572e-07,1.6900765760611433e-07,1.687658845027416e-07,1.68524818707566e-07,1.6828445677595033e-07,1.6804479528634845e-07,1.678058308400999e-07,1.6756756006126738e-07,1.6732997959645252e-07,1.6709308611459296e-07,1.6685687630681974e-07,1.6662134688624708e-07,1.6638649458781975e-07,1.6615231616812204e-07,1.6591880840520797e-07,1.6568596809844128e-07,1.6545379206830877e-07,1.6522227715626333e-07,1.649914202245537e-07,1.6476121815605078e-07,1.64531667854101e-07,1.6430276624234074e-07,1.6407451026455352e-07,1.6384689688449668e-07,1.6361992308575437e-07,1.6339358587156968e-07,1.6316788226468543e-07,1.6294280930721872e-07,1.6271836406045675e-07,1.6249454360475655e-07,1.6227134503934234e-07,1.6204876548222133e-07,1.6182680206996427e-07,1.6160545195760893e-07,1.6138471231850315e-07,1.6116458034413865e-07,1.6094505324403982e-07,1.6072612824559174e-07,1.6050780259392721e-07,1.602900735517643e-07,1.6007293839928447e-07,1.5985639443398773e-07,1.5964043897055284e-07,1.59425069340706e-07,1.5921028289309979e-07,1.589960769931619e-07,1.5878244902297528e-07,1.5856939638114437e-07,1.5835691648266463e-07,1.5814500675879786e-07,1.5793366465694604e-07,1.577228876405212e-07,1.5751267318883125e-07,1.5730301879693892e-07,1.5709392197555198e-07,1.5688538025090772e-07,1.5667739116464037e-07,1.56469952273663e-07,1.5626306115005984e-07,1.5605671538096279e-07,1.5585091256842283e-07,1.5564565032931692e-07,1.5544092629523478e-07,1.5523673811233796e-07,1.5503308344126718e-07,1.5482995995703934e-07,1.5462736534891998e-07,1.544252973203362e-07,1.542237535887091e-07,1.540227318854775e-07,1.5382222995581762e-07,1.5362224555867253e-07,1.53422776466588e-07,1.5322382046562648e-07,1.5302537535525718e-07,1.5282743894825711e-07,1.526300090706158e-07,1.5243308356142716e-07,1.5223666027279027e-07,1.520407370697262e-07,1.5184531183004569e-07,1.5165038244428466e-07,1.5145594681563705e-07,1.5126200285976939e-07,1.5106854850479396e-07,1.5087558169117674e-07,1.506831003716214e-07,1.5049110251098707e-07,1.502995860861922e-07,1.5010854908613813e-07,1.499179895115843e-07,1.4972790537514115e-07,1.4953829470107255e-07,1.4934915552528595e-07,1.4916048589522984e-07,1.4897228386978882e-07,1.4878454751922065e-07,1.485972749250555e-07,1.4841046418004618e-07,1.4822411338803226e-07,1.4803822066389582e-07,1.4785278413348e-07,1.4766780193349073e-07,1.4748327221142377e-07,1.4729919312550232e-07,1.4711556284456046e-07,1.46932379548012e-07,1.4674964142574206e-07,1.4656734667804186e-07,1.4638549351552682e-07,1.4620408015906983e-07,1.4602310483971955e-07,1.4584256579861808e-07,1.4566246128695992e-07,1.4548278956587445e-07,1.4530354890641334e-07,1.451247375894029e-07,1.449463539054477e-07,1.4476839615480032e-07,1.4459086264733898e-07,1.4441375170245875e-07,1.4423706164902966e-07,1.4406079082535837e-07,1.4388493757902074e-07,1.4370950026689843e-07,1.4353447725506484e-07,1.4335986691871986e-07,1.4318566764215217e-07,1.4301187781863766e-07,1.4283849585039542e-07,1.4266552014853146e-07,1.4249294913296218e-07,1.4232078123235495e-07,1.4214901488406857e-07,1.419776485340874e-07,1.4180668063697915e-07,1.4163610965580746e-07,1.4146593406208373e-07,1.4129615233571629e-07,1.411267629649426e-07,1.4095776444626513e-07,1.407891552844165e-07,1.4062093399227707e-07,1.4045309909081684e-07,1.4028564910906943e-07,1.401185825840499e-07,1.3995189806070686e-07,1.397855940918637e-07,1.3961966923816663e-07,1.3945412206804382e-07,1.3928895115761865e-07,1.3912415509069468e-07,1.3895973245867575e-07,1.3879568186052502e-07,1.3863200190271554e-07,1.384686911991667e-07,1.3830574837120595e-07,1.381431720475093e-07,1.3798096086407116e-07,1.3781911346411528e-07,1.3765762849807864e-07,1.3749650462355554e-07,1.3733574050523923e-07,1.3717533481488246e-07,1.3701528623124904e-07,1.3685559344006535e-07,1.366962551339503e-07,1.365372700124479e-07,1.3637863678186902e-07,1.362203541553204e-07,1.360624208526236e-07,1.3590483560032034e-07,1.3574759713156253e-07,1.355907041861183e-07,1.3543415551028266e-07,1.3527794985687558e-07,1.3512208598518204e-07,1.3496656266090055e-07,1.348113786561163e-07,1.3465653274923392e-07,1.3450202372499218e-07,1.3434785037434448e-07,1.3419401149446285e-07,1.3404050588869866e-07,1.3388733236652823e-07,1.3373448974351377e-07,1.3358197684127286e-07,1.334297924874315e-07,1.3327793551558227e-07,1.331264047652498e-07,1.3297519908185138e-07,1.3282431731665568e-07,1.3267375832675162e-07,1.3252352097499663e-07,1.3237360412999453e-07,1.322240066660528e-07,1.3207472746313778e-07,1.319257654068504e-07,1.3177711938838026e-07,1.3162878830447072e-07,1.3148077105739207e-07,1.3133306655488766e-07,1.3118567371016592e-07,1.3103859144183813e-07,1.308918186738822e-07,1.3074535433565294e-07,1.3059919736178973e-07,1.3045334669222547e-07,1.3030780127210626e-07,1.30162560051822e-07,1.300176219869219e-07,1.2987298603810223e-07,1.2972865117116287e-07,1.295846163569911e-07,1.2944088057151056e-07,1.292974427956608e-07,1.2915430201537995e-07,1.2901145722151596e-07,1.2886890740987762e-07,1.2872665158114847e-07,1.285846887408613e-07,1.2844301789938198e-07,1.2830163807187373e-07,1.2816054827826423e-07,1.2801974754322043e-07,1.2787923489611346e-07,1.2773900937099414e-07,1.2759907000656167e-07,1.2745941584613144e-07,1.2732004593761027e-07,1.2718095933347837e-07,1.2704215509073611e-07,1.2690363227089265e-07,1.2676538993993758e-07,1.2662742716831228e-07,1.264897430308821e-07,1.2635233660690204e-07,1.2621520697999603e-07,1.260783532381371e-07,1.2594177447360765e-07,1.2580546978297903e-07,1.2566943826708824e-07,1.2553367903100502e-07,1.253981911840117e-07,1.252629738395725e-07,1.2512802611531083e-07,1.2499334713298984e-07,1.2485893601848406e-07,1.247247919017381e-07,1.2459091391676508e-07,1.244573012016119e-07,1.2432395289833708e-07,1.2419086815297937e-07,1.2405804611553944e-07,1.2392548593997314e-07,1.2379318678411956e-07,1.2366114780974718e-07,1.2352936818246062e-07,1.2339784707171678e-07,1.2326658365080436e-07,1.2313557709679845e-07,1.230048265905585e-07,1.2287433131669334e-07,1.2274409046354118e-07,1.2261410322315514e-07,1.2248436879126937e-07,1.2235488636729214e-07,1.2222565515426086e-07,1.2209667435885352e-07,1.2196794319131978e-07,1.218394608655197e-07,1.2171122659885287e-07,1.2158323961226281e-07,1.2145549913020925e-07,1.2132800438064488e-07,1.2120075459499992e-07,1.2107374900816085e-07,1.2094698685844273e-07,1.208204673875766e-07,1.2069418984070305e-07,1.205681534663126e-07,1.2044235751627647e-07,1.2031680124578177e-07,1.2019148391334078e-07,1.2006640478076805e-07,1.1994156311314045e-07,1.1981695817881046e-07,1.19692589249363e-07,1.19568455599613e-07,1.1944455650756345e-07,1.1932089125441925e-07,1.1919745912453808e-07,1.190742594054357e-07,1.1895129138774803e-07,1.1882855436523916e-07,1.1870604763474865e-07,1.1858377049620585e-07,1.1846172225259955e-07,1.1833990220995452e-07,1.1821830967732512e-07,1.1809694396677047e-07,1.179758043933406e-07,1.1785489027506055e-07,1.1773420093290967e-07,1.1761373569081117e-07,1.1749349387560753e-07,1.1737347481705882e-07,1.1725367784778885e-07,1.1713410230332402e-07,1.1701474752203868e-07,1.1689561284515154e-07,1.1677669761669698e-07,1.1665800118354491e-07,1.1653952289532722e-07,1.1642126210448035e-07,1.1630321816619186e-07,1.161853904384012e-07,1.1606777828178174e-07,1.1595038105972185e-07,1.1583319813831742e-07,1.1571622888634827e-07,1.1559947267526886e-07,1.1548292887947646e-07,1.1536659687515858e-07,1.1525047604197217e-07,1.1513456576192475e-07,1.1501886541961396e-07,1.1490337440222578e-07,1.1478809209951376e-07,1.1467301790379474e-07,1.145581512099252e-07,1.1444349141528975e-07,1.1432903791979165e-07,1.1421479012583822e-07,1.1410074743831863e-07,1.1398690926460509e-07,1.1387327501452325e-07,1.1375984410034546e-07,1.136466159368033e-07,1.135335899410175e-07,1.134207655325219e-07,1.1330814213327928e-07,1.1319571916758977e-07,1.1308349606215576e-07,1.1297147224602597e-07,1.1285964715058833e-07,1.1274802020956754e-07,1.1263659085901064e-07,1.1252535853726658e-07,1.1241432268498053e-07,1.1230348274508092e-07,1.121928381627673e-07,1.1208238838549413e-07,1.1197213286296232e-07,1.1186207104711238e-07,1.1175220239210408e-07,1.1164252635430003e-07,1.1153304239227346e-07,1.1142374996677803e-07,1.1131464854074703e-07,1.1120573757927108e-07,1.1109701654960284e-07,1.1098848492112534e-07,1.1088014216536214e-07,1.1077198775595255e-07,1.10664021168644e-07,1.1055624188127273e-07,1.1044864937377193e-07,1.1034124312814692e-07,1.1023402262846403e-07,1.1012698736084236e-07,1.1002013681344455e-07,1.0991347047647325e-07,1.0980698784213979e-07,1.097006884046773e-07,1.0959457166030897e-07,1.0948863710725597e-07,1.0938288424572125e-07,1.092773125778645e-07,1.0917192160782074e-07,1.0906671084166202e-07,1.089616797874191e-07,1.0885682795502327e-07,1.0875215485634198e-07,1.0864766000515587e-07,1.0854334291713844e-07,1.0843920310985337e-07,1.0833524010274506e-07,1.0823145341713746e-07,1.081278425761979e-07,1.0802440710497403e-07,1.0792114653032781e-07,1.0781806038095385e-07,1.077151481873982e-07,1.0761240948199704e-07,1.0750984379890252e-07,1.0740745067405935e-07,1.0730522964519876e-07,1.0720318025183288e-07,1.071013020352417e-07,1.0699959453846587e-07,1.0689805730629638e-07,1.0679668988526567e-07,1.0669549182364552e-07,1.0659446267142668e-07,1.0649360198032055e-07,1.0639290930374495e-07,1.0629238419681659e-07,1.0619202621634491e-07,1.060918349208163e-07,1.0599180987039901e-07,1.058919506269242e-07,1.0579225675387989e-07,1.0569272781640669e-07,1.0559336338127386e-07,1.054941630169042e-07,1.0539512629333415e-07,1.0529625278221202e-07,1.0519754205679644e-07,1.050989936919676e-07,1.0500060726416851e-07,1.0490238235144831e-07,1.0480431853342386e-07,1.0470641539128759e-07,1.0460867250779118e-07,1.0451108946723856e-07,1.0441366585548668e-07,1.0431640125992523e-07,1.0421929526948402e-07,1.041223474746075e-07,1.0402555746726479e-07,1.0392892484093265e-07,1.038324491905836e-07,1.0373613011269206e-07,1.0363996720522416e-07,1.0354396006762063e-07,1.034481083007886e-07,1.0335241150712267e-07,1.0325686929044736e-07,1.0316148125606697e-07,1.0306624701071338e-07,1.0297116616256484e-07,1.0287623832122898e-07,1.0278146309773823e-07,1.0268684010454003e-07,1.0259236895549546e-07,1.0249804926587025e-07,1.024038806523271e-07,1.0230986273291725e-07,1.0221599512708029e-07,1.0212227745562742e-07,1.0202870934074669e-07,1.0193529040598804e-07,1.0184202027626042e-07,1.017488985778309e-07,1.0165592493828525e-07,1.0156309898658303e-07,1.0147042035299916e-07,1.0137788866913328e-07,1.0128550356791392e-07,1.011932646835682e-07,1.0110117165164845e-07,1.0100922410899842e-07,1.0091742169375864e-07,1.0082576404536232e-07,1.0073425080452105e-07,1.0064288161322862e-07,1.0055165611474507e-07,1.0046057395359932e-07,1.0036963477558048e-07,1.0027883822772711e-07,1.0018818395833118e-07,1.00097671616922e-07,1.000073008542666e-07,9.991707132236592e-08,9.98269826744398e-08,9.973703456492736e-08,9.964722664949244e-08,9.955755858498901e-08,9.946803002949183e-08,9.937864064226023e-08,9.928939008374642e-08,9.9200278015592e-08,9.911130410061675e-08,9.902246800281436e-08,9.893376938735612e-08,9.884520792056408e-08,9.8756783269929e-08,9.866849510409311e-08,9.858034309285137e-08,9.849232690713e-08,9.840444621900392e-08,9.831670070168092e-08,9.822909002948092e-08,9.81416138778787e-08,9.805427192343172e-08,9.796706384382753e-08,9.787998931785923e-08,9.779304802542106e-08,9.770623964750832e-08,9.761956386619544e-08,9.753302036466197e-08,9.744660882716306e-08,9.736032893902658e-08,9.727418038666217e-08,9.718816285753993e-08,9.710227604019984e-08,9.701651962423474e-08,9.693089330029555e-08,9.684539676008147e-08,9.676002969633263e-08,9.667479180283448e-08,9.658968277440465e-08,9.650470230689362e-08,9.641985009717338e-08,9.633512584314161e-08,9.625052924371162e-08,9.616605999880858e-08,9.608171780936853e-08,9.599750237732618e-08,9.591341340562015e-08,9.582945059818045e-08,9.574561365992933e-08,9.566190229677556e-08,9.557831621560412e-08,9.549485512428524e-08,9.541151873166049e-08,9.532830674753215e-08,9.524521888267694e-08,9.516225484882855e-08,9.507941435867502e-08,9.499669712585957e-08,9.491410286496503e-08,9.483163129153571e-08,9.47492821220368e-08,9.466705507387939e-08,9.458494986539998e-08,9.450296621586253e-08,9.442110384546829e-08,9.433936247532004e-08,9.425774182744124e-08,9.417624162477343e-08,9.409486159115591e-08,9.401360145134127e-08,9.393246093097533e-08,9.385143975660241e-08,9.377053765565319e-08,9.368975435646161e-08,9.36090895882258e-08,9.352854308104282e-08,9.34481145658713e-08,9.336780377455315e-08,9.328761043979709e-08,9.320753429517278e-08,9.31275750751259e-08,9.304773251493901e-08,9.296800635076529e-08,9.288839631960992e-08,9.28089021593138e-08,9.272952360856881e-08,9.265026040690709e-08,9.257111229469453e-08,9.249207901313976e-08,9.24131603042646e-08,9.233435591093379e-08,9.225566557682098e-08,9.217708904642886e-08,9.209862606506923e-08,9.202027637887117e-08,9.194203973476937e-08,9.186391588050327e-08,9.178590456462284e-08,9.170800553646723e-08,9.163021854616382e-08,9.155254334465982e-08,9.147497968366957e-08,9.139752731569017e-08,9.132018599401277e-08,9.124295547270234e-08,9.116583550660166e-08,9.108882585131943e-08,9.101192626325215e-08,9.093513649953885e-08,9.085845631809378e-08,9.07818854775884e-08,9.070542373745618e-08,9.062907085787407e-08,9.055282659978373e-08,9.047669072485715e-08,9.040066299552421e-08,9.032474317495027e-08,9.024893102703829e-08,9.017322631643266e-08,9.00976288084988e-08,9.002213826934194e-08,8.994675446578855e-08,8.987147716538837e-08,8.979630613641389e-08,8.972124114785276e-08,8.964628196940588e-08,8.957142837148829e-08,8.949668012522466e-08,8.942203700244105e-08,8.934749877566961e-08,8.927306521814185e-08,8.919873610378654e-08,8.912451120722657e-08,8.905039030377557e-08,2.4881880387863833e-08,2.46619973612905e-08,2.7698103931416524e-08,3.083174828808356e-08,3.3891617088568826e-08,3.68623807281093e-08,3.9737799509024086e-08,4.251310307544218e-08,4.5184576173378646e-08,4.7749501770148214e-08,5.020610903816819e-08,5.2553510735909766e-08,5.479163196667905e-08,5.692113305005747e-08,5.894332908212164e-08,6.086010845234533e-08,6.267385227075032e-08,6.438735632391419e-08,6.600375682647575e-08,6.752646093289025e-08,6.895908267276989e-08,7.030538472148772e-08,7.156922618811892e-08,7.275451643987551e-08,7.386517481407475e-08,7.490509596210922e-08,7.587812050666979e-08,7.678801060812745e-08,7.763843002699716e-08,7.843292824045699e-08,7.917492817993613e-08,7.986771715479533e-08,8.051444056607455e-08,8.111809801847266e-08,8.168154148219268e-08,8.22074751795485e-08,8.269845690564755e-08,8.315690052314889e-08,8.358507940045889e-08,8.398513059212314e-08,8.435905958585417e-08,8.470874546632087e-08,8.503594636629386e-08,8.534230509688071e-08,8.562935486638776e-08,8.589852501241585e-08,8.615114668559439e-08,8.638845843625748e-08,8.661161166429869e-08,8.68216759027817e-08,8.701964391158914e-08,8.720643656636787e-08,8.738290753054232e-08,8.7549847704035e-08,8.770798944688961e-08,8.785801057678358e-08,8.800053814359724e-08,8.813615198517748e-08,8.826538807050356e-08,8.838874163677339e-08,8.850667012869173e-08,8.861959594862631e-08,8.872790902490489e-08,8.883196920942913e-08,8.893210851129852e-08,8.902863317784361e-08,8.912182562934798e-08,8.921194625785531e-08,8.92992350976664e-08,8.938391337566343e-08,8.946618494917343e-08,8.954623763868162e-08,8.962424446253133e-08,8.970036478002786e-08,8.977474534923324e-08,8.984752130650776e-08,8.991881706980851e-08,8.99887471768414e-08,9.005741705703592e-08,9.012492374583548e-08,9.019135654394501e-08,9.025679762628464e-08,9.03213226031217e-08,9.038500103888814e-08,9.044789693029086e-08,9.051006914702167e-08,9.057157183880523e-08,9.063245481009174e-08,9.069276386603922e-08,9.075254113022246e-08,9.081182533865363e-08,9.08706521103662e-08,9.092905419599891e-08,9.098706170750889e-08,9.104470232947685e-08,9.110200151359382e-08,9.115898265786007e-08,9.12156672717399e-08,9.127207512700677e-08,9.132822439890127e-08,9.138413179380156e-08,9.143981266796148e-08,9.149528113579116e-08,9.155055017111008e-08,9.160563169844574e-08,9.166053667824126e-08,9.171527518455444e-08,9.176985647723824e-08,9.182428906770167e-08,9.187858077918804e-08,9.193273880325341e-08,9.198676975132934e-08,9.204067970000516e-08,9.209447423684542e-08,9.214815849888065e-08,9.220173720935485e-08,9.225521471192162e-08,9.230859500077924e-08,9.236188175004791e-08,9.241507833933712e-08,9.246818787792323e-08,9.25212132268797e-08,9.257415701929706e-08,9.262702167887092e-08,9.2679809437283e-08,9.273252234971864e-08,9.278516230923184e-08,9.283773106077865e-08,9.289023021138118e-08,9.294266124411855e-08,9.299502552564413e-08,9.304732431828259e-08,9.309955878708687e-08,9.315173000796706e-08,9.320383897519467e-08,9.325588660809523e-08,9.330787375713728e-08,9.33598012097593e-08,9.341166969543284e-08,9.346347989050915e-08,9.351523242235985e-08,9.356692787377429e-08,9.361856678635133e-08,9.367014966399973e-08,9.372167697605244e-08,9.377314916005497e-08,9.382456662437617e-08,9.387592975070117e-08,9.392723889604755e-08,9.397849439514151e-08,9.402969656187394e-08,9.408084569108827e-08,9.413194206033453e-08,9.418298593106696e-08,9.423397755022048e-08,9.428491715116007e-08,9.433580495473682e-08,9.438664117071155e-08,9.443742599809333e-08,9.44881596267224e-08,9.45388422373691e-08,9.458947400246415e-08,9.46400550875763e-08,9.469058565103656e-08,9.474106584501056e-08,9.479149581588381e-08,9.484187570442837e-08,9.489220564736897e-08,9.494248577597119e-08,9.499271621804752e-08,9.504289709715392e-08,9.509302853350001e-08,9.514311064363529e-08,9.519314354234628e-08,9.524312734041762e-08,9.529306214651251e-08,9.534294806691026e-08,9.539278520578083e-08,9.544257366525419e-08,9.549231354549073e-08,9.554200494504843e-08,9.55916479608758e-08,9.564124268839894e-08,9.569078922163877e-08,9.574028765336148e-08,9.578973807515675e-08,9.583914057745759e-08,9.588849524967246e-08,9.593780218024836e-08,9.598706145670283e-08,9.603627316569425e-08,9.608543739314703e-08,9.6134554223974e-08,9.618362374282818e-08,9.623264603350507e-08,9.628162117891766e-08,9.63305492616612e-08,9.637943036348224e-08,9.642826456612335e-08,9.647705195033436e-08,9.652579259659032e-08,9.657448658463682e-08,9.66231339941882e-08,9.667173490425325e-08,9.672028939349484e-08,9.676879754021156e-08,9.681725942225688e-08,9.686567511725501e-08,9.691404470236871e-08,9.696236825441986e-08,9.701064584993248e-08,9.705887756510254e-08,9.710706347580142e-08,9.715520365765882e-08,9.720329818596587e-08,9.725134713569495e-08,9.729935058158587e-08,9.734730859727298e-08,9.739522125858678e-08,9.744308863860622e-08,9.74909108109731e-08,9.753868784907645e-08,9.758641982603285e-08,9.763410681481266e-08,9.768174888800041e-08,9.772934611782166e-08,9.777689857679357e-08,9.782440633685377e-08,9.78718694696236e-08,9.791928804637674e-08,9.796666213864295e-08,9.801399181754905e-08,9.806127715376006e-08,9.810851821786105e-08,9.815571508023838e-08,9.820286781111781e-08,9.824997648029259e-08,9.829704115745808e-08,9.834406191239838e-08,9.839103881401033e-08,9.843797193201043e-08,9.848486133501238e-08,9.853170709165986e-08,9.857850927054623e-08,9.862526793989787e-08,9.867198316782677e-08,9.87186550220254e-08,9.876528357062801e-08,9.881186888089613e-08,9.885841102016066e-08,9.890491005529916e-08,9.895136605368304e-08,9.899777908183257e-08,9.904414920624341e-08,9.909047649326474e-08,9.913676100948124e-08,9.918300281996809e-08,9.922920199101066e-08,9.927535858828505e-08,9.932147267702214e-08,9.936754432241645e-08,9.941357358948388e-08,9.945956054322905e-08,9.950550524824897e-08,9.955140776903147e-08,9.95972681698917e-08,9.964308651496229e-08,9.968886286815586e-08,9.973459729328573e-08,9.978028985425876e-08,9.982594061426455e-08,9.987154963595038e-08,9.991711698306722e-08,9.996264271816204e-08,1.0000812690438187e-07,1.0005356960350845e-07,1.0009897087834691e-07,1.0014433079104565e-07,1.0018964940380014e-07,1.002349267783505e-07,1.0028016297623158e-07,1.0032535805911371e-07,1.0037051208846897e-07,1.004156251251772e-07,1.004606972303926e-07,1.0050572846496913e-07,1.0055071888939092e-07,1.0059566856456371e-07,1.0064057755080327e-07,1.0068544590795707e-07,1.0073027369581521e-07,1.0077506097499605e-07,1.0081980780541676e-07,1.0086451424558028e-07,1.0090918035532897e-07,1.0095380619414505e-07,1.0099839182084566e-07,1.0104293729412758e-07,1.010874426729063e-07,1.0113190801583681e-07,1.0117633338136463e-07,1.0122071882776292e-07,1.0126506441305783e-07,1.0130937019529082e-07,1.0135363623226006e-07,1.0139786258160397e-07,1.0144204930099142e-07,1.0148619644754308e-07,1.0153030407857088e-07,1.0157437225116625e-07,1.016184010221746e-07,1.0166239044835378e-07,1.0170634058634949e-07,1.0175025149258586e-07,1.0179412322335628e-07,1.0183795583459236e-07,1.0188174938270442e-07,1.0192550392356541e-07,1.019692195127576e-07,1.0201289620586084e-07,1.0205653405831551e-07,1.0210013312540865e-07,1.0214369346234919e-07,1.0218721512404255e-07,1.0223069816539515e-07,1.0227414264116759e-07,1.0231754860567447e-07,1.0236091611358597e-07,1.0240424521918944e-07,1.0244753597664899e-07,1.0249078843997532e-07,1.0253400266304822e-07,1.0257717869961379e-07,1.0262031660345924e-07,1.0266341642787368e-07,1.0270647822620414e-07,1.0274950205162058e-07,1.0279248795730261e-07,1.028354359961526e-07,1.0287834622077316e-07,1.0292121868405369e-07,1.0296405343880252e-07,1.0300685053595874e-07,1.0304961002855499e-07,1.0309233196937598e-07,1.0313501641050414e-07,1.0317766340332883e-07,1.0322027299995123e-07,1.0326284525167474e-07,1.0330538021000334e-07,1.0334787792627984e-07,1.0339033845137568e-07,1.0343276183709237e-07,1.0347514813405288e-07,1.0351749739293912e-07,1.0355980966466369e-07,1.0360208499930388e-07,1.0364432344835921e-07,1.0368652506100021e-07,1.0372868988840886e-07,1.0377081798040602e-07,1.038129093870122e-07,1.0385496415791611e-07,1.0389698234277623e-07,1.0393896399127003e-07,1.0398090915287862e-07,1.0402281787695633e-07,1.0406469021280168e-07,1.0410652620941503e-07,1.0414832591585426e-07,1.0419008938099177e-07,1.0423181665359154e-07,1.0427350778228262e-07,1.0431516281553961e-07,1.0435678180188381e-07,1.043983647895893e-07,1.044399118264988e-07,1.0448142296124657e-07,1.0452289824142955e-07,1.0456433771491558e-07,1.0460574142938534e-07,1.0464710943244094e-07,1.0468844177159086e-07,1.0472973849419456e-07,1.0477099964749688e-07,1.0481222527863348e-07,1.0485341543481284e-07,1.0489457016258622e-07,1.0493568950896795e-07,1.0497677352055003e-07,1.0501782224396384e-07,1.0505883572568616e-07,1.0509981401207477e-07,1.0514075714938029e-07,1.0518166518373742e-07,1.0522253816121638e-07,1.0526337612759839e-07,1.0530417912880202e-07,1.0534494721053008e-07,1.0538568041838219e-07,1.0542637879784647e-07,1.0546704239430791e-07,1.0550767125304113e-07,1.0554826541922056e-07,1.055888249382266e-07,1.0562934985469764e-07,1.0566984021348943e-07,1.0571029605935345e-07,1.05750717436939e-07,1.057911043904504e-07,1.0583145696466853e-07,1.0587177520392928e-07,1.0591205915247025e-07,1.0595230885447884e-07,1.0599252435403405e-07,1.060327056947308e-07,1.0607285292075222e-07,1.0611296607566854e-07,1.0615304520314053e-07,1.0619309034656741e-07,1.0623310154949741e-07,1.0627307885553178e-07,1.0631302230745177e-07,1.0635293194855997e-07,1.063928078219117e-07,1.0643264997034151e-07,1.064724584367566e-07,1.0651223326388408e-07,1.0655197449434473e-07,1.0659168217070241e-07,1.0663135633539922e-07,1.0667099703079035e-07,1.0671060429913998e-07,1.0675017818259457e-07,1.0678971872322063e-07,1.06829225962971e-07,1.0686869994372396e-07,1.0690814070729586e-07,1.069475482953471e-07,1.0698692274947451e-07,1.0702626411118443e-07,1.0706557242194542e-07,1.071048477230074e-07,1.071440900555979e-07,1.0718329946084395e-07,1.0722247597979097e-07,1.0726161965329881e-07,1.0730073052214796e-07,1.0733980862739634e-07,1.0737885400958224e-07,1.0741786670929609e-07,1.0745684676703003e-07,1.0749579422318911e-07,1.0753470911809675e-07,1.0757359149198929e-07,1.0761244138498941e-07,1.0765125883715346e-07,1.0769004388845014e-07,1.0772879657876698e-07,1.0776751694787814e-07,1.0780620503548545e-07,1.0784486088122897e-07,1.0788348452458993e-07,1.0792207600503884e-07,1.0796063536192911e-07,1.0799916263452954e-07,1.0803765786203704e-07,1.0807612108354528e-07,1.0811455233806978e-07,1.0815295166453551e-07,1.0819131910180104e-07,1.0822965468862659e-07,1.0826795846366276e-07,1.083062304655769e-07,1.0834447073284329e-07,1.083826793038663e-07,1.0842085621701426e-07,1.0845900151059046e-07,1.0849711522269477e-07,1.0853519739138886e-07,1.0857324805486247e-07,1.0861126725106231e-07,1.0864925501767298e-07,1.0868721139253302e-07,1.0872513641338284e-07,1.0876303011782114e-07,1.0880089254321733e-07,1.0883872372720583e-07,1.0887652370729553e-07,1.0891429252061243e-07,1.0895203020438297e-07,1.089897367958008e-07,1.0902741233184815e-07,1.0906505684960403e-07,1.0910267038593296e-07,1.091402529782744e-07,1.0917780466223539e-07,1.0921532547502018e-07,1.0925281545325498e-07,1.0929027463332085e-07,1.0932770305177407e-07,1.0936510074498594e-07,1.094024677492469e-07,1.0943980410077451e-07,1.094771098357127e-07,1.0951438499012335e-07,1.0955162960000286e-07,1.0958884370126698e-07,1.0962602732975572e-07,1.0966318052121798e-07,1.097003033112825e-07,1.097373957356581e-07,1.0977445782987572e-07,1.098114896294729e-07,1.0984849116986663e-07,1.0988546248631862e-07,1.0992240361409111e-07,1.0995931458838806e-07,1.09996195444302e-07,1.1003304621687819e-07,1.1006986694065212e-07,1.1010665765110455e-07,1.101434183830827e-07,1.1018014917109046e-07,1.1021685005001252e-07,1.1025352105428263e-07,1.1029016221854005e-07,1.1032677357708712e-07,1.1036335516476049e-07,1.1039990701524898e-07,1.1043642916308034e-07,1.104729216425367e-07,1.1050938448774016e-07,1.1054581773271324e-07,1.105822214114451e-07,1.1061859555786301e-07,1.1065494020592806e-07,1.106912553893445e-07,1.1072754114142691e-07,1.1076379749631454e-07,1.1080002448711647e-07,1.1083622214818358e-07,1.1087239051230456e-07,1.1090852961306002e-07,1.1094463948376247e-07,1.1098072015719553e-07,1.1101677166771705e-07,1.11052794047313e-07,1.1108878733038564e-07,1.1112475154744256e-07,1.111606867334517e-07,1.1119659292065418e-07,1.1123247014186859e-07,1.112683184299214e-07,1.1130413781730166e-07,1.1133992833736628e-07,1.113756900213505e-07,1.1141142290235819e-07,1.1144712701284468e-07,1.1148280238507305e-07,1.1151844905132108e-07,1.1155406704374557e-07,1.115896563945589e-07,1.1162521713584912e-07,1.1166074929963879e-07,1.1169625291789829e-07,1.1173172802249562e-07,1.1176717464533036e-07,1.1180259281816489e-07,1.118379825722018e-07,1.1187334394001948e-07,1.1190867695278125e-07,1.1194398164207671e-07,1.1197925803924453e-07,1.1201450617576452e-07,1.1204972608297499e-07,1.1208491779216913e-07,1.1212008133455476e-07,1.1215521674131621e-07,1.1219032404355085e-07,1.1222540327231611e-07,1.1226045445859852e-07,1.1229547763333679e-07,1.1233047282729842e-07,1.1236544007139627e-07,1.1240037939645265e-07,1.124352908330974e-07,1.1247017441213335e-07,1.1250503016377697e-07,1.125398581187293e-07,1.125746583074508e-07,1.1260943076050501e-07,1.126441755082394e-07,1.1267889258025965e-07,1.1271358200751521e-07,1.1274824382010961e-07,1.1278287804813333e-07,1.1281748472134671e-07,1.1285206386996054e-07,1.128866155238617e-07,1.1292113971299394e-07,1.1295563646723195e-07,1.1299010581628486e-07,1.1302454778992681e-07,1.1305896241797668e-07,1.130933497294374e-07,1.1312770975449134e-07,1.1316204252251723e-07,1.1319634806277236e-07,1.1323062640491822e-07,1.1326487757809601e-07,1.1329910161165845e-07,1.133332985348861e-07,1.1336746837671354e-07,1.134016111666235e-07,1.1343572693349995e-07,1.1346981570625875e-07,1.1350387751416921e-07,1.135379123857362e-07,1.1357192034999205e-07,1.1360590143572144e-07,1.1363985567172235e-07,1.136737830866175e-07,1.1370768370906166e-07,1.1374155756772657e-07,1.1377540469102479e-07,1.1380922510753751e-07,1.1384301884566309e-07,1.1387678593347078e-07,1.1391052639990205e-07,1.1394424027292655e-07,1.1397792758076255e-07,1.1401158835164925e-07,1.1404522261380696e-07,1.1407883039498425e-07,1.1411241172336192e-07,1.1414596662694867e-07,1.1417949513364195e-07,1.1421299727130455e-07,1.1424647306776521e-07,1.1427992255077806e-07,1.1431334574796493e-07,1.1434674268714006e-07,1.1438011339594091e-07,1.1441345790193548e-07,1.1444677623256765e-07,1.1448006841533466e-07,1.145133344776448e-07,1.1454657444709393e-07,1.1457978835059049e-07,1.1461297621572913e-07,1.1464613806930699e-07,1.1467927393896417e-07,1.1471238385173475e-07,1.1474546783462966e-07,1.1477852591469902e-07,1.1481155811892264e-07,1.1484456447424222e-07,1.1487754500754415e-07,1.149104997456736e-07,1.1494342871542368e-07,1.1497633194352486e-07,1.1500920945664322e-07,1.1504206128138349e-07,1.1507488744471213e-07,1.1510768797277888e-07,1.1514046289225039e-07,1.1517321222966716e-07,1.1520593601114878e-07,1.1523863426300564e-07,1.1527130701125277e-07,1.1530395428259903e-07,1.1533657610537751e-07,1.1536917250274745e-07,1.1540174350230474e-07,1.1543428912880081e-07,1.1546680940992457e-07,1.1549930437144412e-07,1.1553177403883533e-07,1.1556421843817293e-07,1.1559663759529697e-07,1.1562903153601296e-07,1.1566140028607511e-07,1.1569374387126856e-07,1.1572606231715735e-07,1.1575835564951537e-07,1.1579062389395226e-07,1.158228670758606e-07,1.1585508522100792e-07,1.1588727835470002e-07,1.1591944650235879e-07,1.1595158968922581e-07,1.1598370794104327e-07,1.1601580128252005e-07,1.1604786973956246e-07,1.1607991333722465e-07,1.1611193210058713e-07,1.1614392605475964e-07,1.1617589522483011e-07,1.1620783963592354e-07,1.1623975931287253e-07,1.1627165428073201e-07,1.1630352456437445e-07,1.1633537018871884e-07,1.1636719117846572e-07,1.163989875585271e-07,1.1643075935367428e-07,1.1646250658859757e-07,1.1649422928794842e-07,1.1652592747660248e-07,1.1655760117853529e-07,1.1658925041865769e-07,1.1662087522116924e-07,1.1665247561028553e-07,1.1668405161126687e-07,1.1671560324851093e-07,1.1674713054589889e-07,1.1677863352768649e-07,1.1681011221849589e-07,1.1684156664207172e-07,1.1687299682279338e-07,1.1690440278500671e-07,1.1693578455251874e-07,1.1696714214922695e-07,1.1699847559949944e-07,1.170297849280452e-07,1.1706107015696863e-07,1.1709233131110818e-07,1.1712356841433415e-07,1.1715478149041081e-07,1.1718597056313212e-07,1.1721713565628139e-07,1.172482767936944e-07,1.1727939399870163e-07,1.173104872950436e-07,1.173415567062743e-07,1.1737260225595904e-07,1.1740362396760081e-07,1.174346218646576e-07,1.1746559597045605e-07,1.1749654630887642e-07,1.1752747290255786e-07,1.1755837577512874e-07,1.1758925494982815e-07,1.1762011044981886e-07,1.1765094229823564e-07,1.1768175051861633e-07,1.1771253513390043e-07,1.1774329616692706e-07,1.1777403364121174e-07,1.1780474757931632e-07,1.1783543800436567e-07,1.1786610493925482e-07,1.1789674840690589e-07,1.1792736843027437e-07,1.1795796503206073e-07,1.1798853823519101e-07,1.1801908806227055e-07,1.1804961453598306e-07,1.1808011767909293e-07,1.1811059751420955e-07,1.1814105406394402e-07,1.1817148735072453e-07,1.1820189739734086e-07,1.1823228422610819e-07,1.1826264785956036e-07,1.1829298832012372e-07,1.1832330563002292e-07,1.18353599811725e-07,1.1838387088755068e-07,1.1841411887977104e-07,1.1844434381063474e-07,1.184745457023445e-07,1.1850472457707872e-07,1.1853488045696648e-07,1.1856501336411655e-07,1.1859512332059025e-07,1.1862521034842503e-07,1.186552744696167e-07,1.1868531570612426e-07,1.1871533407987703e-07,1.1874532961277156e-07,1.1877530232666153e-07,1.1880525224337342e-07,1.1883517938469926e-07,1.1886508377239331e-07,1.188949654281739e-07,1.1892482437373191e-07,1.1895466063072154e-07,1.1898447422076107e-07,1.1901426516543638e-07,1.1904403348629799e-07,1.1907377920487263e-07,1.1910350234263886e-07,1.1913320292104504e-07,1.1916288096151298e-07,1.1919253648542439e-07,1.192221695141344e-07,1.192517800689581e-07,1.1928136817118468e-07,1.1931093384206123e-07,1.1934047710281113e-07,1.1936999797461676e-07,1.1939949647863666e-07,1.194289726359897e-07,1.1945842646776317e-07,1.1948785799501527e-07,1.1951726723889324e-07,1.195466542202607e-07,1.1957601895944438e-07,1.1960536147848934e-07,1.1963468179779927e-07,1.1966397993822463e-07,1.1969325592058938e-07,1.197225097656526e-07,1.1975174149422963e-07,1.197809511271557e-07,1.1981013868508402e-07,1.1983930418867662e-07,1.1986844765908764e-07,1.198975691156243e-07,1.1992666857966665e-07,1.199557460717603e-07,1.199848016124175e-07,1.2001383522232335e-07,1.2004284692169518e-07,1.2007183673095384e-07,1.2010080467053288e-07,1.2012975076071425e-07,1.2015867502186575e-07,1.201875774742799e-07,1.2021645813866278e-07,1.2024531703441562e-07,1.2027415418182747e-07,1.2030296960172824e-07,1.2033176331391087e-07,1.2036053533851413e-07,1.2038928569563053e-07,1.2041801440530686e-07,1.2044672148757709e-07,1.204754069624294e-07,1.2050407084984162e-07,1.2053271316977577e-07,1.2056133394208405e-07,1.2058993318661104e-07,1.2061851092273172e-07,1.206470671715953e-07,1.2067560195229402e-07,1.2070411528388358e-07,1.207326071866645e-07,1.2076107767984817e-07,1.2078952678443577e-07,1.208179545191359e-07,1.208463609040402e-07,1.208747459579935e-07,1.2090310970120646e-07,1.2093145215263053e-07,1.209597733331702e-07,1.209880732611743e-07,1.2101635195501483e-07,1.2104460943516704e-07,1.2107284572101992e-07,1.2110106083192582e-07,1.211292547863344e-07,1.2115742760430165e-07,1.2118557930554836e-07,1.212137099098926e-07,1.2124181943582775e-07,1.212699079019752e-07,1.2129797532795868e-07,1.213260217325893e-07,1.213540471351009e-07,1.213820515547138e-07,1.2141003501070556e-07,1.214379975214524e-07,1.2146593910629546e-07,1.2149385978419812e-07,1.2152175957409182e-07,1.215496384948867e-07,1.2157749656546205e-07,1.216053338047512e-07,1.2163315023149535e-07,1.216609458645493e-07,1.216887207225866e-07,1.2171647482439697e-07,1.2174420818870067e-07,1.2177192083428247e-07,1.2179961277971113e-07,1.2182728404362505e-07,1.218549346446307e-07,1.2188256460131535e-07,1.2191017393223208e-07,1.2193776265591587e-07,1.2196533079086376e-07,1.2199287835555778e-07,1.2202040536844887e-07,1.2204791184795704e-07,1.220753978124866e-07,1.2210286328040676e-07,1.2213030827006214e-07,1.2215773279977474e-07,1.221851368878362e-07,1.2221252055251516e-07,1.2223988381205264e-07,1.222672266846672e-07,1.2229454918854496e-07,1.223218513418536e-07,1.2234913316252356e-07,1.223763946689887e-07,1.224036358791959e-07,1.2243085681118966e-07,1.2245805748303956e-07,1.2248523791280097e-07,1.2251239811891196e-07,1.2253953811843638e-07,1.2256665792955636e-07,1.2259375757040407e-07,1.2262083705869945e-07,1.2264789641267212e-07,1.2267493564990475e-07,1.2270195478903028e-07,1.227289538459961e-07,1.2275593283956017e-07,1.227828917874413e-07,1.2280983070754898e-07,1.2283674961731628e-07,1.2286364853442453e-07,1.228905274765189e-07,1.2291738646126816e-07,1.2294422550573406e-07,1.2297104462861001e-07,1.2299784384602264e-07,1.2302462317714822e-07,1.230513826384478e-07,1.2307812224758504e-07,1.23104842021876e-07,1.2313154197889795e-07,1.2315822213598032e-07,1.231848825105033e-07,1.2321152311980666e-07,1.2323814398120797e-07,1.232647451120095e-07,1.2329132652948591e-07,1.233178882507318e-07,1.2334443029323317e-07,1.2337095267404008e-07,1.2339745541043298e-07,1.2342393851982753e-07,1.234504020189928e-07,1.234768459250568e-07,1.2350327025511586e-07,1.2352967502624138e-07,1.2355606025547652e-07,1.235824259598406e-07,1.236087721563297e-07,1.236350988619178e-07,1.2366140609355103e-07,1.2368769386815352e-07,1.2371396220263142e-07,1.2374021111386213e-07,1.2376644061869992e-07,1.2379265073398026e-07,1.2381884147651142e-07,1.238450128630846e-07,1.238711649104618e-07,1.2389729763535402e-07,1.2392341105451705e-07,1.2394950518464498e-07,1.2397558004241254e-07,1.240016356444731e-07,1.2402767200745493e-07,1.240536891479638e-07,1.2407968708259028e-07,1.2410566582789002e-07,1.241316254004101e-07,1.241575658166645e-07,1.241834870931503e-07,1.242093892463434e-07,1.2423527229269367e-07,1.2426113624863206e-07,1.2428698113056993e-07,1.243128069548899e-07,1.2433861373796045e-07,1.2436440149612209e-07,1.2439017024569437e-07,1.2441592000298123e-07,1.2444165078425962e-07,1.2446736260578366e-07,1.244930554837908e-07,1.245187294344936e-07,1.2454438447408153e-07,1.245700206187289e-07,1.2459563788456441e-07,1.2462123628773574e-07,1.2464681584434752e-07,1.2467237657050925e-07,1.2469791848226609e-07,1.2472344159565939e-07,1.2474894592671332e-07,1.247744314914288e-07,1.2479989830579388e-07,1.2482534638568162e-07,1.2485077574711227e-07,1.248761864059885e-07,1.249015783782096e-07,1.2492695167965204e-07,1.249523063261592e-07,1.2497764233319385e-07,1.2500295971690733e-07,1.2502825849355946e-07,1.2505353867851838e-07,1.2507880028747953e-07,1.2510404333610922e-07,1.25129267840269e-07,1.2515447381571799e-07,1.2517966127794145e-07,1.2520483024275708e-07,1.2522998072567986e-07,1.2525511274223576e-07,1.25280226307919e-07,1.2530532143835162e-07,1.253303981495149e-07,1.2535545645666128e-07,1.2538049637523546e-07,1.2540551792079602e-07,1.2543052110878803e-07,1.2545550595465967e-07,1.2548047247383486e-07,1.2550542068173727e-07,1.2553035059372246e-07,1.2555526222517724e-07,1.2558015559145468e-07,1.2560503070788105e-07,1.2562988758976673e-07,1.2565472625240267e-07,1.2567954671106025e-07,1.2570434898099014e-07,1.2572913307742628e-07,1.2575389901576167e-07,1.2577864681091418e-07,1.2580337647812058e-07,1.2582808803255035e-07,1.2585278148935064e-07,1.2587745686363712e-07,1.2590211417050887e-07,1.259267534250468e-07,1.2595137464230685e-07,1.2597597783733133e-07,1.2600056302514208e-07,1.260251302207376e-07,1.2604967943903144e-07,1.2607421069505773e-07,1.2609872400376218e-07,1.2612321938006908e-07,1.2614769683888778e-07,1.2617215639510409e-07,1.261965980635859e-07,1.2622102185918946e-07,1.262454277967742e-07,1.2626981589112238e-07,1.2629418615702862e-07,1.2631853860926987e-07,1.2634287326260398e-07,1.2636719013177142e-07,1.2639148923148954e-07,1.2641577057646354e-07,1.2644003418137877e-07,1.2646428006089476e-07,1.2648850822966372e-07,1.2651271870231152e-07,1.2653691149344567e-07,1.2656108661765895e-07,1.2658524408941632e-07,1.2660938392351772e-07,1.266335061344549e-07,1.2665761073665368e-07,1.2668169774459073e-07,1.2670576717262486e-07,1.2672981903554852e-07,1.267538533476488e-07,1.2677787012337075e-07,1.268018693771204e-07,1.2682585112332597e-07,1.2684981537632903e-07,1.2687376215049082e-07,1.2689769146016904e-07,1.2692160331969254e-07,1.2694549774332647e-07,1.269693747454408e-07,1.2699323434021444e-07,1.2701707654199877e-07,1.270409013649711e-07,1.2706470882357112e-07,1.270884989315123e-07,1.2711227170349634e-07,1.2713602715320976e-07,1.2715976529500014e-07,1.2718348614274813e-07,1.2720718971094088e-07,1.2723087601349822e-07,1.2725454506468685e-07,1.2727819687846404e-07,1.2730183146887597e-07,1.2732544884995078e-07,1.2734904903570366e-07,1.2737263204012943e-07,1.273961978772732e-07,1.2741974656103327e-07,1.2744327810535561e-07,1.274667925241693e-07,1.2749028983138804e-07,1.2751377004090994e-07,1.275372331666266e-07,1.2756067922257735e-07,1.275841082222302e-07,1.2760752017955e-07,1.2763091510836214e-07,1.276542930223907e-07,1.2767765393530866e-07,1.2770099786096815e-07,1.2772432481328996e-07,1.27747634806217e-07,1.277709278530402e-07,1.27794203967568e-07,1.2781746316378e-07,1.2784070545457109e-07,1.278639308542222e-07,1.278871393762229e-07,1.279103310338514e-07,1.279335058414313e-07,1.2795666381201563e-07,1.2797980495881444e-07,1.280029292960994e-07,1.2802603683715306e-07,1.2804912759550098e-07,1.2807220158499277e-07,1.2809525881861326e-07,1.2811829931035833e-07,1.2814132307281976e-07,1.2816433011988038e-07,1.2818732046496805e-07,1.282102941214853e-07,1.282332511028213e-07,1.2825619142234533e-07,1.282791150934177e-07,1.2830202212937476e-07,1.2832491254354253e-07,1.2834778634922975e-07,1.283706435598773e-07,1.2839348418876162e-07,1.2841630824884254e-07,1.284391157534472e-07,1.2846190671604206e-07,1.2848468114940008e-07,1.2850743906690735e-07,1.2853018048207895e-07,1.285529054078762e-07,1.285756138572822e-07,1.285983058435859e-07,1.2862098137996154e-07,1.286436404793853e-07,1.2866628315505257e-07,1.2868890941996808e-07,1.2871151928722016e-07,1.2873411276987084e-07,1.2875668988090945e-07,1.287792506333816e-07,1.2880179504028792e-07,1.2882432311461856e-07,1.288468348693371e-07,1.2886933031740047e-07,1.2889180947175085e-07,1.289142723453081e-07,1.289367189509879e-07,1.289591493016824e-07,1.289815634102713e-07,1.2900396128962237e-07,1.2902634295258522e-07,1.290487084119924e-07,1.2907105768066774e-07,1.2909339077141598e-07,1.291157076970414e-07,1.2913800847031658e-07,1.2916029310398915e-07,1.2918256161080723e-07,1.2920481400352163e-07,1.292270502948224e-07,1.2924927049742144e-07,1.2927147462401268e-07,1.2929366268722394e-07,1.293158346998012e-07,1.2933799067434864e-07,1.2936013062349474e-07,1.2938225455986046e-07,1.294043624960488e-07,1.2942645444464694e-07,1.2944853041808567e-07,1.294705904291297e-07,1.294926344905433e-07,1.295146626139697e-07,1.2953667481270226e-07,1.2955867109921874e-07,1.2958065148576276e-07,1.296026159844884e-07,1.2962456460846684e-07,1.2964649737017905e-07,1.2966841428183093e-07,1.2969031535585868e-07,1.2971220060464023e-07,1.2973407004057982e-07,1.297559236761777e-07,1.297777615235596e-07,1.2979958359508295e-07,1.2982138990252148e-07,1.2984318045939965e-07,1.298649552774462e-07,1.2988671436877678e-07,1.2990845774603535e-07,1.2993018542064403e-07,1.2995189740606587e-07,1.299735937141228e-07,1.2999527435657618e-07,1.3001693934584502e-07,1.3003858869454307e-07,1.3006022241450822e-07,1.3008184051804632e-07,1.301034430173792e-07,1.3012502992411224e-07,1.3014660125114986e-07,1.3016815701023263e-07,1.3018969721347564e-07,1.3021122187303808e-07,1.302327310012773e-07,1.3025422460941568e-07,1.3027570270998257e-07,1.3029716531406998e-07,1.3031861243452e-07,1.3034004408339816e-07,1.3036146027272233e-07,1.3038286101428845e-07,1.3040424632023322e-07,1.30425616202537e-07,1.3044697067306802e-07,1.3046830974375103e-07,1.304896334264989e-07,1.3051094173321416e-07,1.3053223467577715e-07,1.305535122660646e-07,1.3057477451593522e-07,1.305960214372363e-07,1.306172530418024e-07,1.3063846934145136e-07,1.30659670347988e-07,1.306808560732122e-07,1.3070202652890756e-07,1.3072318172683642e-07,1.3074432167875982e-07,1.3076544639641703e-07,1.3078655589154018e-07,1.3080765017584443e-07,1.308287292610347e-07,1.3084979315880296e-07,1.3087084188082958e-07,1.3089187543876807e-07,1.3091289384428386e-07,1.309338971090117e-07,1.3095488524458543e-07,1.3097585826261974e-07,1.3099681617473574e-07,1.3101775899248456e-07,1.3103868672745835e-07,1.3105959939122407e-07,1.3108049699533498e-07,1.3110137955133753e-07,1.3112224707073622e-07,1.3114309956506e-07,1.3116393704572176e-07,1.3118475952429398e-07,1.3120556701212616e-07,1.312263595212091e-07,1.3124713706252049e-07,1.31267899647566e-07,1.3128864728727347e-07,1.313093799935064e-07,1.3133009777826076e-07,1.3135080065223968e-07,1.3137148862712627e-07,1.3139216171429983e-07,1.3141281992481857e-07,1.3143346327025179e-07,1.314540917617401e-07,1.314747054107739e-07,1.3149530422908455e-07,1.3151588822697583e-07,1.315364574159157e-07,1.3155701180748011e-07,1.315775514142638e-07,1.3159807624486838e-07,1.316185863119743e-07,1.3163908162663003e-07,1.3165956220107535e-07,1.3168002804463945e-07,1.3170047916918643e-07,1.3172091558580735e-07,1.3174133730610592e-07,1.3176174434228068e-07,1.3178213670375327e-07,1.3180251440240377e-07,1.3182287744921612e-07,1.3184322585471974e-07,1.3186355962971331e-07,1.3188387878601928e-07,1.3190418333465426e-07,1.319244732866961e-07,1.3194474865237482e-07,1.3196500944433735e-07,1.3198525567279337e-07,1.3200548734875313e-07,1.32025704483208e-07,1.3204590708714537e-07,1.3206609517153647e-07,1.3208626874734257e-07,1.3210642782551386e-07,1.321265724169879e-07,1.3214670253268804e-07,1.3216681818353433e-07,1.3218691938042636e-07,1.322070061342551e-07,1.322270784559048e-07,1.3224713635624355e-07,1.3226717984612574e-07,1.3228720893638522e-07,1.3230722363787064e-07,1.3232722396141946e-07,1.323472099178279e-07,1.323671815178991e-07,1.3238713877242433e-07,1.3240708169217733e-07,1.3242701028793192e-07,1.3244692457043747e-07,1.3246682455044146e-07,1.3248671023867702e-07,1.3250658164586543e-07,1.3252643878271681e-07,1.3254628165993283e-07,1.3256611028820066e-07,1.325859246781978e-07,1.3260572484068784e-07,1.3262551078623105e-07,1.3264528252547796e-07,1.3266504006905763e-07,1.3268478342759873e-07,1.3270451261170628e-07,1.3272422763198623e-07,1.327439284990249e-07,1.3276361522340202e-07,1.3278328781568652e-07,1.328029462864366e-07,1.3282259064619788e-07,1.3284222090550577e-07,1.3286183707488725e-07,1.328814391648564e-07,1.3290102718591785e-07,1.3292060114856356e-07,1.3294016106328218e-07,1.329597069405436e-07,1.329792387908168e-07,1.3299875662412773e-07,1.330182604512928e-07,1.3303775028274208e-07,1.330572261288909e-07,1.3307668800014336e-07,1.3309613590689102e-07,1.331155698595247e-07,1.331349898684113e-07,1.3315439594391645e-07,1.331737880966342e-07,1.331931663367106e-07,1.3321253067422502e-07,1.3323188111971162e-07,1.3325121768346337e-07,1.3327054037572142e-07,1.332898492069134e-07,1.3330914418717097e-07,1.3332842532687385e-07,1.33347692636515e-07,1.3336694612585517e-07,1.333861858053306e-07,1.334054116851765e-07,1.3342462377561222e-07,1.3344382208684457e-07,1.3346300662907112e-07,1.33482177412398e-07,1.3350133444707764e-07,1.3352047774335262e-07,1.335396073112114e-07,1.3355872316067528e-07,1.335778253020688e-07,1.3359691374551274e-07,1.3361598850111174e-07,1.3363504957896162e-07,1.3365409698913974e-07,1.336731307419762e-07,1.3369215084729592e-07,1.3371115731517017e-07,1.3373015015576598e-07,1.3374912937862416e-07,1.3376809499448503e-07,1.337870470131308e-07,1.338059854445597e-07,1.3382491029877095e-07,1.3384382158574994e-07,1.3386271931547546e-07,1.3388160349791548e-07,1.339004741430322e-07,1.3391933126077212e-07,1.3393817486107875e-07,1.3395700495388203e-07,1.339758215490947e-07,1.3399462465663764e-07,1.340134142864122e-07,1.3403219044831325e-07,1.340509531527237e-07,1.3406970240897846e-07,1.3408843822694371e-07,1.341071606164679e-07,1.3412586958740514e-07,1.3414456514958422e-07,1.3416324731283354e-07,1.3418191608696378e-07,1.3420057148178075e-07,1.3421921350708244e-07,1.3423784217265011e-07,1.3425645748826515e-07,1.342750594636873e-07,1.342936481086763e-07,1.3431222343297657e-07,1.3433078544632758e-07,1.3434933415845326e-07,1.343678695790719e-07,1.343863917178935e-07,1.344049005845148e-07,1.3442339618873934e-07,1.344418785401043e-07,1.3446034764841557e-07,1.3447880352333147e-07,1.3449724617450153e-07,1.3451567561156493e-07,1.3453409184415422e-07,1.3455249488188885e-07,1.3457088473438328e-07,1.345892614112353e-07,1.3460762492206243e-07,1.3462597527642575e-07,1.3464431248389962e-07,1.3466263655405182e-07,1.3468094749643355e-07,1.3469924532059458e-07,1.3471753003607123e-07,1.347358016523925e-07,1.3475406017898354e-07,1.3477230562544813e-07,1.347905380012883e-07,1.3480875731599437e-07,1.3482696357909087e-07,1.3484515680000321e-07,1.3486333698819523e-07,1.348815041530942e-07,1.3489965830415018e-07,1.3491779945050774e-07,1.3493592760221487e-07,1.3495404276841902e-07,1.3497214495846624e-07,1.3499023418181403e-07,1.350083104478148e-07,1.3502637376584903e-07,1.3504442414534022e-07,1.350624615955649e-07,1.3508048612595423e-07,1.350984977457343e-07,1.3511649646428396e-07,1.3513448229098644e-07,1.3515245523513145e-07,1.3517041530602994e-07,1.351883625129812e-07,1.3520629686525118e-07,1.352242183721419e-07,1.3524212704283578e-07,1.3526002288681886e-07,1.3527790591325893e-07,1.3529577613134657e-07,1.353136335502806e-07,1.3533147817922912e-07,1.3534931002772518e-07,1.3536712910472566e-07,1.3538493541944843e-07,1.3540272898093001e-07,1.3542050979852819e-07,1.3543827788141457e-07,1.3545603323875273e-07,1.354737758799922e-07,1.3549150581396715e-07,1.3550922304986945e-07,1.3552692759677605e-07,1.3554461946385465e-07,1.355622986602145e-07,1.3557996519496846e-07,1.3559761907719156e-07,1.3561526031601616e-07,1.3563288892057634e-07,1.3565050489976035e-07,1.3566810826275718e-07,1.356856990186577e-07,1.357032771763459e-07,1.3572084274563591e-07,1.357383957338667e-07,1.3575593615137548e-07,1.3577346400686205e-07,1.3579097930914104e-07,1.3580848206757038e-07,1.358259722909244e-07,1.3584344998799918e-07,1.3586091516813036e-07,1.3587836784031135e-07,1.3589580801326544e-07,1.359132356957556e-07,1.3593065089705848e-07,1.3594805362603882e-07,1.3596544389161606e-07,1.3598282170246382e-07,1.3600018706760113e-07,1.3601753999568836e-07,1.3603488049630075e-07,1.3605220857786157e-07,1.360695242493191e-07,1.3608682751933488e-07,1.361041183970913e-07,1.3612139689112505e-07,1.3613866301039134e-07,1.3615591676382578e-07,1.3617315816002806e-07,1.361903872080107e-07,1.3620760391645515e-07,1.362248082940987e-07,1.3624200034970783e-07,1.3625918009224628e-07,1.3627634753038658e-07,1.362935026729197e-07,1.3631064552853894e-07,1.3632777610601124e-07,1.3634489441407362e-07,1.3636200046136142e-07,1.363790942567828e-07,1.3639617580886135e-07,1.3641324512608766e-07,1.3643030221782947e-07,1.364473470924633e-07,1.3646437975855048e-07,1.3648140022480973e-07,1.364984084999027e-07,1.3651540459249167e-07,1.36532388511212e-07,1.3654936026471984e-07,1.3656631986191389e-07,1.3658326731083797e-07,1.366002026203962e-07,1.3661712579920035e-07,1.3663403685597584e-07,1.3665093579911706e-07,1.366678226372078e-07,1.3668469737879533e-07,1.3670156003254443e-07,1.3671841060707344e-07,1.367352491108751e-07,1.3675207555251574e-07,1.3676888994038042e-07,1.3678569228324058e-07,1.368024825895297e-07,1.3681926086760515e-07,1.368360271261409e-07,1.3685278137356767e-07,1.3686952361832764e-07,1.3688625386894782e-07,1.3690297213389513e-07,1.369196784216382e-07,1.3693637274063044e-07,1.3695305509932068e-07,1.3696972550615001e-07,1.3698638396955218e-07,1.370030304979464e-07,1.3701966509975157e-07,1.3703628778337947e-07,1.3705289855723212e-07,1.3706949742970688e-07,1.3708608440918955e-07,1.3710265950405722e-07,1.3711922272268214e-07,1.3713577407343036e-07,1.371523135646552e-07,1.3716884120470503e-07,1.3718535700192408e-07,1.3720186096463903e-07,1.3721835310118382e-07,1.3723483341986875e-07,1.3725130192900858e-07,1.3726775863690597e-07,1.3728420355185527e-07,1.37300636682144e-07,1.3731705803595029e-07,1.3733346762178203e-07,1.3734986544758855e-07,1.3736625152198434e-07,1.3738262585324222e-07,1.3739898844932936e-07,1.374153393184263e-07,1.3743167846889556e-07,1.3744800590895655e-07,1.3746432164682606e-07,1.3748062569070526e-07,1.3749691804879735e-07,1.3751319872928952e-07,1.3752946774031343e-07,1.3754572509010566e-07,1.375619707868319e-07,1.3757820483865427e-07,1.375944272537237e-07,1.3761063804018982e-07,1.3762683720618858e-07,1.3764302475981097e-07,1.3765920070922128e-07,1.3767536506253146e-07,1.3769151782714523e-07,1.3770765901190532e-07,1.3772378862554478e-07,1.377399066755225e-07,1.3775601316995271e-07,1.3777210811678752e-07,1.3778819152415693e-07,1.3780426340009462e-07,1.3782032375262864e-07,1.3783637259001183e-07,1.3785240991999076e-07,1.378684357507135e-07,1.378844500901987e-07,1.3790045294676958e-07,1.379164443278259e-07,1.3793242424172075e-07,1.3794839269639762e-07,1.3796434969982402e-07,1.3798029525998933e-07,1.3799622938485026e-07,1.3801215208244886e-07,1.3802806336100244e-07,1.380439632279055e-07,1.3805985169130353e-07,1.3807572875919872e-07,1.3809159443953037e-07,1.3810744874078788e-07,1.3812329166951525e-07,1.3813912323459084e-07,1.381549434437512e-07,1.3817075230488443e-07,1.3818654982583502e-07,1.3820233601452218e-07,1.3821811087853657e-07,1.3823387442635455e-07,1.3824962666529444e-07,1.3826536760379818e-07,1.3828109724921208e-07,1.3829681560928226e-07,1.3831252269174996e-07,1.3832821850527907e-07,1.3834390305714188e-07,1.3835957635497184e-07,1.3837523840729496e-07,1.383908892211254e-07,1.384065288044936e-07,1.3842215716523499e-07,1.3843777431105447e-07,1.384533802502151e-07,1.3846897498963466e-07,1.3848455853747528e-07,1.38500130901248e-07,1.385156920891712e-07,1.3853124210872408e-07,1.38546780967719e-07,1.3856230867367807e-07,1.385778252346002e-07,1.3859333065802324e-07,1.386088249516456e-07,1.3862430812314071e-07,1.3863978018042265e-07,1.3865524113086185e-07,1.386706909823582e-07,1.386861297424476e-07,1.3870155741885795e-07,1.387169740192345e-07,1.3873237955126368e-07,1.3874777402258578e-07,1.3876315744074875e-07,1.3877852981342073e-07,1.3879389114822525e-07,1.3880924145278497e-07,1.388245807347923e-07,1.388399090016712e-07,1.3885522626111877e-07,1.3887053252075021e-07,1.3888582778812636e-07,1.3890111207080493e-07,1.3891638537637395e-07,1.389316477123842e-07,1.3894689908634613e-07,1.389621395059631e-07,1.3897736897872524e-07,1.3899258751201365e-07,1.390077951135531e-07,1.3902299179071416e-07,1.3903817755105508e-07,1.3905335240216807e-07,1.390685163514921e-07,1.3908366940656665e-07,1.3909881157483544e-07,1.3911394286376596e-07,1.3912906328089181e-07,1.391441728336913e-07,1.3915927152954976e-07,1.3917435937598602e-07,1.39189436380448e-07,1.3920450255037734e-07,1.3921955789322142e-07,1.3923460241640492e-07,1.3924963612713275e-07,1.3926465903301444e-07,1.392796711415377e-07,1.3929467246004268e-07,1.3930966299624695e-07,1.393246427572056e-07,1.3933961174952333e-07,1.3935456998218652e-07,1.393695174618409e-07,1.3938445419582616e-07,1.393993801915226e-07,1.3941429545604346e-07,1.3942919999712674e-07,1.3944409382196533e-07,1.3945897693789007e-07,1.3947384935219403e-07,1.394887110722131e-07,1.395035621053868e-07,1.3951840245887972e-07,1.3953323214012972e-07,1.3954805115631892e-07,1.3956285951467713e-07,1.3957765722266663e-07,1.3959244428752538e-07,1.396072207165132e-07,1.3962198651689437e-07,1.3963674169640405e-07,1.396514862606258e-07,1.3966622021789844e-07,1.396809435753867e-07,1.3969565634135807e-07,1.3971035852219772e-07,1.397250501251269e-07,1.3973973115736626e-07,1.397544016261218e-07,1.3976906153860895e-07,1.3978371090202755e-07,1.3979834972357839e-07,1.39812978010447e-07,1.3982759576981455e-07,1.3984220300886416e-07,1.3985679973476147e-07,1.3987138595467637e-07,1.3988596167577668e-07,1.3990052690518936e-07,1.3991508165007843e-07,1.399296259175815e-07,1.3994415971483405e-07,1.399586830489859e-07,1.3997319592713696e-07,1.3998769835640895e-07,1.4000219034393078e-07,1.400166718967842e-07,1.400311430220715e-07,1.4004560372688497e-07,1.4006005401830646e-07,1.4007449390342044e-07,1.4008892338930126e-07,1.4010334248301423e-07,1.401177511916281e-07,1.4013214952219482e-07,1.4014653748176895e-07,1.401609150773925e-07,1.401752823161073e-07,1.4018963920494103e-07,1.4020398575092737e-07,1.4021832196108606e-07,1.4023264784243017e-07,1.402469634019679e-07,1.4026126864670903e-07,1.4027556358364557e-07,1.4028984821977368e-07,1.4030412256207603e-07,1.4031838661693734e-07,1.4033264039190413e-07,1.4034688389394182e-07,1.4036111712999933e-07,1.4037534010700035e-07,1.4038955283184394e-07,1.4040375531247345e-07,1.4041794755495913e-07,1.4043212956623423e-07,1.404463013532279e-07,1.404604629229826e-07,1.4047461428229577e-07,1.4048875543794678e-07,1.4050288639680826e-07,1.40517007166031e-07,1.4053111775245473e-07,1.4054521816295475e-07,1.4055930840438937e-07,1.4057338848363459e-07,1.405874584075579e-07,1.4060151818302868e-07,1.4061556781690275e-07,1.4062960731603407e-07,1.4064363668727007e-07,1.4065765593745377e-07,1.4067166507342228e-07,1.4068566410200386e-07,1.4069965303002377e-07,1.407136318643058e-07,1.4072760061165797e-07,1.407415592789423e-07,1.4075550787290129e-07,1.4076944640033343e-07,1.4078337486802905e-07,1.407972932827789e-07,1.40811201651348e-07,1.4082509998052606e-07,1.4083898827708543e-07,1.408528665477857e-07,1.4086673479967094e-07,1.4088059303902395e-07,1.4089444127266086e-07,1.4090827950745105e-07,1.4092210775010555e-07,1.409359260073706e-07,1.4094973428596504e-07,1.4096353259260637e-07,1.40977320934007e-07,1.4099109931687636e-07,1.4100486774791927e-07,1.4101862623383959e-07,1.410323747813094e-07,1.4104611339702405e-07,1.4105984208764803e-07,1.410735608597778e-07,1.4108726972028433e-07,1.4110096867571675e-07,1.411146577326902e-07,1.4112833689795537e-07,1.4114200617810986e-07,1.4115566557969733e-07,1.4116931510956502e-07,1.4118295477528443e-07,1.411965845824394e-07,1.4121020453765118e-07,1.4122381464751625e-07,1.4123741491863863e-07,1.4125100535766264e-07,1.4126458597112332e-07,1.4127815676564768e-07,1.4129171774784735e-07,1.413052689242691e-07,1.4131881030150508e-07,1.4133234188611664e-07,1.4134586368472193e-07,1.4135937570380664e-07,1.4137287794994285e-07,1.4138637042970684e-07,1.4139985314962634e-07,1.4141332611626042e-07,1.4142678933613961e-07,1.4144024281577733e-07,1.4145368656170388e-07,1.4146712058043578e-07,1.4148054487847387e-07,1.4149395946235497e-07,1.415073643385593e-07,1.4152075951358097e-07,1.4153414499395885e-07,1.415475207861225e-07,1.4156088689655072e-07,1.4157424333176237e-07,1.4158759009709063e-07,1.416009272001162e-07,1.4161425464730272e-07,1.4162757244510807e-07,1.416408805999804e-07,1.4165417911836533e-07,1.416674680067044e-07,1.4168074727142813e-07,1.4169401691897003e-07,1.4170727695574701e-07,1.4172052738818742e-07,1.4173376822269854e-07,1.4174699946568985e-07,1.4176022112356601e-07,1.4177343320272626e-07,1.4178663570955907e-07,1.4179982865045674e-07,1.418130120317993e-07,1.4182618585996465e-07,1.4183935014132803e-07,1.4185250488225424e-07,1.418656500891073e-07,1.418787857682422e-07,1.4189191192600964e-07,1.419050285687594e-07,1.4191813570283133e-07,1.4193123333456759e-07,1.4194432147029267e-07,1.4195740011633706e-07,1.419704692790186e-07,1.4198352896465778e-07,1.419965791795631e-07,1.4200961993004134e-07,1.4202265122239586e-07,1.4203567306292072e-07,1.4204868545790606e-07,1.420616884136405e-07,1.4207468193640425e-07,1.4208766603247212e-07,1.421006407081181e-07,1.4211360596960472e-07,1.4212656182319321e-07,1.4213950827514175e-07,1.4215244533170217e-07,1.4216537299911737e-07,1.4217829128362892e-07,1.4219120019147388e-07,1.4220409972888242e-07,1.422169899020835e-07,1.4222987071729368e-07,1.4224274218073298e-07,1.422556042991439e-07,1.4226845707821058e-07,1.4228130052412046e-07,1.422941346430767e-07,1.423069594412629e-07,1.4231977492485822e-07,1.4233258110002906e-07,1.4234537797299195e-07,1.423581655499143e-07,1.423709438369391e-07,1.4238371284024655e-07,1.423964725659948e-07,1.4240922302034401e-07,1.4242196420941876e-07,1.4243469613937427e-07,1.4244741881634572e-07,1.4246013224646517e-07,1.424728364358586e-07,1.4248553139065354e-07,1.4249821711697618e-07,1.4251089362092614e-07,1.4252356090861767e-07,1.4253621898615527e-07,1.425488678596295e-07,1.4256150753453916e-07,1.4257413801758484e-07,1.42586759314848e-07,1.4259937143240806e-07,1.426119743764436e-07,1.4262456815291329e-07,1.4263715276788693e-07,1.426497282274196e-07,1.4266229453757128e-07,1.4267485170439312e-07,1.4268739973392946e-07,1.426999386322216e-07,1.427124684053057e-07,1.4272498905921416e-07,1.427375005999791e-07,1.4275000303361388e-07,1.4276249636614298e-07,1.4277498060357695e-07,1.4278745575192425e-07,1.42799921817189e-07,1.4281237880536747e-07,1.428248267224572e-07,1.4283726557444632e-07,1.428496953673194e-07,1.4286211610705572e-07,1.4287452779962903e-07,1.428869304510159e-07,1.4289932406717755e-07,1.429117086540755e-07,1.4292408421766667e-07,1.429364507639044e-07,1.429488082987338e-07,1.429611568280989e-07,1.4297349635793875e-07,1.429858268941838e-07,1.4299814844276617e-07,1.4301046100960658e-07,1.4302276460062605e-07,1.4303505922173706e-07,1.4304734487877744e-07,1.4305962157773472e-07,1.4307188932450814e-07,1.430841481249934e-07,1.4309639798508173e-07,1.4310863891066058e-07,1.4312087090763273e-07,1.4313309398184953e-07,1.431453081391874e-07,1.4315751338551106e-07,1.4316970972669072e-07,1.4318189716858318e-07,1.4319407571704278e-07,1.432062453779223e-07,1.4321840615706738e-07,1.4323055806031923e-07,1.4324270109351266e-07,1.4325483526248e-07,1.4326696057305312e-07,1.4327907703105496e-07,1.4329118464230007e-07,1.4330328341260747e-07,1.4331537334778462e-07,1.4332745445363668e-07,1.4333952673596614e-07,1.433515902005669e-07,1.4336364485323518e-07,1.4337569069975487e-07,1.4338772774590775e-07,1.4339975599747623e-07,1.4341177546022994e-07,1.4342378613994426e-07,1.4343578804237715e-07,1.434477811732943e-07,1.4345976553845126e-07,1.4347174114359608e-07,1.4348370799447932e-07,1.434956660968432e-07,1.4350761545642783e-07,1.4351955607896193e-07,1.4353148797018165e-07,1.4354341113580568e-07,1.4355532558155853e-07,1.4356723131315755e-07,1.4357912833631116e-07,1.4359101665672715e-07,1.4360289628011288e-07,1.4361476721216246e-07,1.436266294585714e-07,1.4363848302503063e-07,1.4365032791722552e-07,1.4366216414083624e-07,1.4367399170153933e-07,1.4368581060500996e-07,1.436976208569129e-07,1.4370942246291484e-07,1.4372121542867287e-07,1.4373299975984197e-07,1.4374477546207286e-07,1.4375654254101287e-07,1.437683010023028e-07,1.4378005085158488e-07,1.437917920944883e-07,1.4380352473664113e-07,1.4381524878367017e-07,1.438269642411954e-07,1.438386711148346e-07,1.4385036941021612e-07,1.4386205913293184e-07,1.4387374028858192e-07,1.4388541288276552e-07,1.438970769210787e-07,1.4390873240911115e-07,1.4392037935245147e-07,1.4393201775667494e-07,1.4394364762736204e-07,1.4395526897009285e-07,1.4396688179042896e-07,1.439784860939384e-07,1.4399008188617726e-07,1.4400166917270884e-07,1.440132479590829e-07,1.4402481825088046e-07,1.44036380053545e-07,1.440479333726845e-07,1.440594782138565e-07,1.440710145825633e-07,1.440825424843397e-07,1.4409406192470537e-07,1.4410557290917805e-07,1.4411707544319022e-07,1.4412856953244494e-07,1.4414005518234023e-07,1.4415153239836484e-07,1.441630011860286e-07,1.4417446155081804e-07,1.44185913498228e-07,1.441973570337387e-07,1.4420879216283248e-07,1.4422021889098292e-07,1.442316372236654e-07,1.4424304716634927e-07,1.4425444872449468e-07,1.4426584190357158e-07,1.4427722670902263e-07,1.4428860314630566e-07,1.4429997122087108e-07,1.4431133093815806e-07,1.4432268230360718e-07,1.443340253226537e-07,1.443453600007327e-07,1.4435668634326283e-07,1.4436800435567295e-07,1.4437931404337923e-07,1.443906154118019e-07,1.4440190846634572e-07,1.4441319321242286e-07,1.4442446965542573e-07,1.4443573780076495e-07,1.4444699765382654e-07,1.4445824922000141e-07,1.4446949250467944e-07,1.4448072751324275e-07,1.444919542510668e-07,1.4450317272352905e-07,1.445143829359943e-07,1.4452558489382843e-07,1.4453677860239944e-07,1.445479640670607e-07,1.4455914129316946e-07,1.4457031028606692e-07,1.4458147105111333e-07,1.445926235936382e-07,1.4460376791898315e-07,1.446149040324834e-07,1.4462603193947076e-07,1.4463715164526167e-07,1.4464826315518878e-07,1.4465936647456186e-07,1.4467046160869973e-07,1.4468154856290758e-07,1.4469262734249868e-07,1.447036979527643e-07,1.4471476039900706e-07,1.4472581468652606e-07,1.4473686082060343e-07,1.44747898806533e-07,1.4475892864958505e-07,1.4476995035504828e-07,1.4478096392819544e-07,1.4479196937429161e-07,1.4480296669860253e-07,1.448139559063986e-07,1.4482493700293006e-07,1.4483590999345511e-07,1.4484687488322608e-07,1.448578316774834e-07,1.448687803814725e-07,1.4487972100043096e-07,1.4489065353959705e-07,1.4490157800420304e-07,1.4491249439946922e-07,1.4492340273061868e-07,1.4493430300287484e-07,1.4494519522145613e-07,1.4495607939156474e-07,1.449669555184144e-07,1.4497782360720714e-07,1.4498868366314576e-07,1.4499953569141817e-07,1.4501037969722207e-07,1.4502121568574485e-07,1.4503204366217467e-07,1.4504286363168339e-07,1.4505367559945383e-07,1.4506447957065856e-07,1.4507527555046205e-07,1.4508606354403152e-07,1.4509684355653345e-07,1.4510761559311427e-07,1.4511837965893865e-07,1.4512913575914848e-07,1.4513988389889173e-07,1.4515062408331333e-07,1.4516135631754575e-07,1.4517208060673046e-07,1.4518279695599192e-07,1.4519350537046193e-07,1.4520420585526122e-07,1.4521489841550838e-07,1.4522558305631544e-07,1.4523625978280043e-07,1.452469286000684e-07,1.4525758951322397e-07,1.4526824252736346e-07,1.452788876475912e-07,1.4528952487899684e-07,1.453001542266626e-07,1.45310775695682e-07,1.4532138929074977e-07,1.4533199501733207e-07,1.453425928804583e-07,1.4535318288524376e-07,1.4536376503669574e-07,1.4537433933987263e-07,1.4538490579983537e-07,1.4539546442224757e-07,1.4540601521160233e-07,1.4541655817242364e-07,1.4542709331032703e-07,1.4543762063037836e-07,1.454481401375869e-07,1.4545865183696216e-07,1.4546915573351811e-07,1.454796518323147e-07,1.454901401383369e-07,1.455006206566118e-07,1.4551109339207604e-07,1.4552155834981008e-07,1.4553201553481645e-07,1.4554246495210644e-07,1.4555290660666642e-07,1.455633405035007e-07,1.455737666476158e-07,1.4558418504397252e-07,1.4559459569757813e-07,1.456049986134016e-07,1.4561539379642394e-07,1.4562578125163028e-07,1.4563616098396153e-07,1.456465329984129e-07,1.456568972999357e-07,1.456672538934971e-07,1.45677602784034e-07,1.4568794397652658e-07,1.456982774758986e-07,1.457086032871112e-07,1.457189214150889e-07,1.457292318647874e-07,1.457395346411301e-07,1.4574982974904606e-07,1.4576011719348017e-07,1.4577039697933176e-07,1.4578066911153136e-07,1.4579093359551936e-07,1.4580119043569707e-07,1.458114396369545e-07,1.4582168120423796e-07,1.458319151423838e-07,1.458421414563208e-07,1.4585236015093543e-07,1.4586257123112116e-07,1.45872774701775e-07,1.4588297056777096e-07,1.4589315883399545e-07,1.459033395053256e-07,1.459135125866291e-07,1.4592367808278426e-07,1.4593383599865086e-07,1.4594398633909397e-07,1.4595412910897045e-07,1.4596426431313752e-07,1.459743919564458e-07,1.4598451204374636e-07,1.4599462457988047e-07,1.4600472956967954e-07,1.4601482701799266e-07,1.460249169296587e-07,1.4603499930950244e-07,1.4604507416236384e-07,1.4605514149306122e-07,1.4606520130640053e-07,1.4607525360719928e-07,1.46085298400274e-07,1.460953356904405e-07,1.4610536548249887e-07,1.46115387781258e-07,1.4612540259151275e-07,1.461354099180611e-07,1.4614540976569663e-07,1.4615540213920275e-07,1.4616538704338173e-07,1.461753644830029e-07,1.4618533446284167e-07,1.461952969875914e-07,1.4620525206210747e-07,1.462151996911593e-07,1.4622513987950975e-07,1.4623507263191766e-07,1.4624499795314623e-07,1.4625491584794477e-07,1.4626482632106596e-07,1.4627472937725847e-07,1.4628462502126212e-07,1.4629451325782167e-07,1.4630439409167462e-07,1.4631426752754918e-07,1.463241335701811e-07,1.4633399222429503e-07,1.463438434946106e-07,1.4635368738585346e-07,1.4636352390273732e-07,1.4637335304997663e-07,1.463831748322777e-07,1.4639298925435337e-07,1.4640279632089977e-07,1.4641259603662294e-07,1.464223884062133e-07,1.4643217343436378e-07,1.4644195112576927e-07,1.4645172148510952e-07,1.4646148451707104e-07,1.4647124022633365e-07,1.4648098861756824e-07,1.4649072969545358e-07,1.4650046346465489e-07,1.465101899298413e-07,1.4651990909579281e-07,1.4652962096716107e-07,1.465393255484012e-07,1.4654902284424314e-07,1.4655871285933806e-07,1.4656839559834095e-07,1.4657807106589185e-07,1.4658773926663024e-07,1.4659740020519174e-07,1.4660705388620946e-07,1.4661670031431436e-07,1.4662633949412765e-07,1.466359714302775e-07,1.4664559612737712e-07,1.4665521359004965e-07,1.4666482382290375e-07,1.4667442683054721e-07,1.4668402261758566e-07,1.466936111886245e-07,1.4670319254826253e-07,1.4671276670105462e-07,1.467223336516743e-07,1.4673189340468008e-07,1.4674144596465817e-07,1.4675099133619099e-07,1.4676052952393944e-07,1.4677006053238444e-07,1.4677958436609833e-07,1.4678910102965126e-07,1.4679861052761315e-07,1.4680811286454272e-07,1.468176080450005e-07,1.46827096073545e-07,1.4683657695473134e-07,1.4684605069310526e-07,1.4685551729321612e-07,1.4686497675960965e-07,1.468744290968228e-07,1.4688387430939525e-07,1.4689331240186092e-07,1.4690274337875073e-07,1.4691216724458813e-07,1.46921584003903e-07,1.4693099366102015e-07,1.469403962206565e-07,1.469497916873235e-07,1.4695918006553222e-07,1.4696856135979405e-07,1.4697793557460773e-07,1.4698730271448293e-07,1.4699666278391281e-07,1.4700601578739268e-07,1.470153617294163e-07,1.4702470061447354e-07,1.4703403244704782e-07,1.470433572316232e-07,1.4705267497267824e-07,1.4706198567469202e-07,1.4707128934213235e-07,1.470805859794733e-07,1.4708987559117844e-07,1.4709915818171266e-07,1.471084337555374e-07,1.4711770231711096e-07,1.4712696387088202e-07,1.4713621842130704e-07,1.4714546597282754e-07,1.4715470652989276e-07,1.4716394009694467e-07,1.471731666784186e-07,1.4718238627875118e-07,1.4719159890237378e-07,1.472008045537136e-07,1.4721000323734675e-07,1.4721919495753147e-07,1.4722837971869215e-07,1.472375575251204e-07,1.4724672838137247e-07,1.4725589229186176e-07,1.4726504926098984e-07,1.4727419929316105e-07,1.4728334239277347e-07,1.4729247856422596e-07,1.473016078119101e-07,1.4731073014024974e-07,1.4731984555360048e-07,1.4732895405633987e-07,1.4733805565285735e-07,1.4734715034752948e-07,1.4735623814473242e-07,1.4736531904883856e-07,1.4737439306421664e-07,1.473834601952353e-07,1.4739252044625852e-07,1.4740157382164853e-07,1.474106203257324e-07,1.4741965996289013e-07,1.4742869273747303e-07,1.474377186538294e-07,1.4744673771630057e-07,1.474557499292349e-07,1.474647552969684e-07,1.4747375382383678e-07,1.4748274551417068e-07,1.4749173037230243e-07,1.4750070840255915e-07,1.4750967960926183e-07,1.4751864399673246e-07,1.4752760156929114e-07,1.475365523312457e-07,1.4754549628691615e-07,1.4755443344060407e-07,1.4756336379661755e-07,1.4757228735926071e-07,1.47581204132831e-07,1.475901141216224e-07,1.47599017329933e-07,1.4760791376208614e-07,1.4761680342233046e-07,1.476256863149575e-07,1.476345624442438e-07,1.476434318144665e-07,1.476522944298801e-07,1.4766115029478155e-07,1.476699994134409e-07,1.4767884179012249e-07,1.4768767742911905e-07,1.476965063346619e-07,1.4770532851099852e-07,1.477141439623978e-07,1.4772295269310071e-07,1.4773175470735133e-07,1.4774055000941462e-07,1.4774933860351507e-07,1.4775812049389758e-07,1.4776689568479818e-07,1.4777566418045053e-07,1.4778442598508863e-07,1.4779318110293086e-07,1.4780192953820894e-07,1.4781067129514887e-07,1.478194063779584e-07,1.47828134790861e-07,1.478368565380666e-07,1.4784557162378867e-07,1.4785428005222554e-07,1.4786298182758993e-07,1.4787167695407888e-07,1.4788036543589202e-07,1.478890472772271e-07,1.478977224822662e-07,1.4790639105521113e-07,1.4791505300024198e-07,1.479237083215417e-07,1.4793235702329965e-07,1.4794099910967765e-07,1.479496345848615e-07,1.479582634530198e-07,1.4796688571832205e-07,1.479755013849365e-07,1.4798411045702643e-07,1.4799271293874378e-07,1.4800130883425353e-07,1.4800989814770784e-07,1.4801848088326115e-07,1.4802705704505546e-07,1.480356266372438e-07,1.4804418966396718e-07,1.4805274612936384e-07,1.480612960375685e-07,1.480698393927207e-07,1.4807837619895057e-07,1.480869064603809e-07,1.4809543018114684e-07,1.481039473653581e-07,1.48112458017157e-07,1.4812096214062836e-07,1.4812945973992099e-07,1.4813795081911424e-07,1.481464353823138e-07,1.4815491343367308e-07,1.4816338497723908e-07,1.4817185001713164e-07,1.4818030855746708e-07,1.481887606023164e-07,1.4819720615578354e-07,1.4820564522177181e-07,1.4821407780454167e-07,1.4822250390813254e-07,1.482309235365714e-07,1.4823933669440646e-07,1.4824774338499245e-07,1.482561436128365e-07,1.4826453738196638e-07,1.4827292469643828e-07,1.4828130556031645e-07,1.4828967997763496e-07,1.4829804795245428e-07,1.4830640948883235e-07,1.483147645908197e-07,1.4832311326245134e-07,1.4833145550778565e-07,1.4833979133086123e-07,1.4834812073571478e-07,1.483564437263879e-07,1.4836476030691272e-07,1.483730704813252e-07,1.483813742536479e-07,1.4838967162791356e-07,1.483979626081406e-07,1.4840624719835628e-07,1.4841452540257315e-07,1.484227972248053e-07,1.4843106266907056e-07,1.4843932173937476e-07,1.4844757443972823e-07,1.4845582077413496e-07,1.4846406074659043e-07,1.4847229436110255e-07,1.4848052162165974e-07,1.4848874253226022e-07,1.4849695709689306e-07,1.4850516531954197e-07,1.485133672042006e-07,1.485215627548474e-07,1.4852975197545759e-07,1.4853793487001682e-07,1.485461114424895e-07,1.4855428169685166e-07,1.4856244563707206e-07,1.4857060326711528e-07,1.4857875459094863e-07,1.4858689961252696e-07,1.4859503833581195e-07,1.4860317076475646e-07,1.4861129690331407e-07,1.486194167554332e-07,1.4862753032506228e-07,1.4863563761614597e-07,1.4864373863262296e-07,1.4865183337843296e-07,1.4865992185751187e-07,1.486680040737945e-07,1.486760800312096e-07,1.4868414973368604e-07,1.4869221318515079e-07,1.487002703895212e-07,1.48708321350722e-07,1.4871636607266637e-07,1.4872440455927218e-07,1.4873243681450228e-07,1.487404628422191e-07,1.4874848264648975e-07,1.4875649623100022e-07,1.4876450359968365e-07,1.4877250475644034e-07,1.4878049970517454e-07,1.4878848844977883e-07,1.487964709942054e-07,1.4880444734226917e-07,1.4881241749788414e-07,1.48820381464934e-07,1.4882833924729545e-07,1.4883629084885488e-07,1.488442362734888e-07,1.4885217552507865e-07,1.4886010860752225e-07,1.4886803552454845e-07,1.4887595627972055e-07,1.4888387087758426e-07,1.4889177932169663e-07,1.4889968161588165e-07,1.4890757776366744e-07,1.489154677696416e-07,1.4892335163729054e-07,1.4893122937041421e-07,1.489391009729047e-07,1.489469664481781e-07,1.4895482580082166e-07,1.4896267903457772e-07,1.4897052615285394e-07,1.4897836715961537e-07,1.4898620205866344e-07,1.4899403085399497e-07,1.4900185354902965e-07,1.4900967014750433e-07,1.4901748065400368e-07,1.490252850722026e-07,1.4903308340556935e-07,1.490408756580336e-07,1.4904866183327603e-07,1.490564419353083e-07,1.4906421596740396e-07,1.4907198393418654e-07,1.4907974583856207e-07,1.4908750168517991e-07,1.490952514774285e-07,1.491029952191507e-07,1.49110732914124e-07,1.4911846456623312e-07,1.4912619017906494e-07,1.4913390975645286e-07,1.491416233021603e-07,1.4914933081998135e-07,1.491570323136883e-07,1.4916472778704596e-07,1.4917241724382363e-07,1.4918010068777803e-07,1.4918777812267347e-07,1.491954495522647e-07,1.4920311498029032e-07,1.49210774410523e-07,1.4921842784707585e-07,1.492260752929801e-07,1.492337167523181e-07,1.4924135222884783e-07,1.492489817263025e-07,1.4925660524847335e-07,1.4926422279906943e-07,1.492718343815806e-07,1.4927943999998375e-07,1.4928703965803116e-07,1.4929463335943828e-07,1.4930222110789477e-07,1.4930980290724013e-07,1.4931737876088346e-07,1.493249486728768e-07,1.4933251264676242e-07,1.4934007068622906e-07,1.4934762279450957e-07,1.4935516897600658e-07,1.4936270923438533e-07,1.49370243573159e-07,1.4937777199604594e-07,1.4938529450673727e-07,1.4939281110909035e-07,1.494003218064899e-07,1.4940782660280732e-07,1.4941532550160265e-07,1.4942281850660207e-07,1.4943030562157806e-07,1.4943778684995347e-07,1.4944526219570466e-07,1.4945273166232927e-07,1.4946019525333176e-07,1.4946765297286433e-07,1.4947510482438015e-07,1.4948255081150314e-07,1.49489990937898e-07,1.4949742520707413e-07,1.4950485362256012e-07,1.4951227618869267e-07,1.4951969290867455e-07,1.4952710378615477e-07,1.4953450882488238e-07,1.4954190802823842e-07,1.4954930139993314e-07,1.495566889439374e-07,1.4956407066391135e-07,1.4957144656290243e-07,1.4957881664499858e-07,1.4958618091363292e-07,1.4959353937252012e-07,1.4960089202525897e-07,1.4960823887539168e-07,1.4961557992669114e-07,1.49622915182739e-07,1.4963024464705787e-07,1.4963756832330962e-07,1.4964488621512143e-07,1.4965219832604095e-07,1.4965950465972046e-07,1.4966680521976555e-07,1.4967410000970987e-07,1.4968138903319687e-07,1.4968867229382492e-07,1.496959497951909e-07,1.4970322154109477e-07,1.4971048753462017e-07,1.497177477796345e-07,1.49725002279667e-07,1.497322510383897e-07,1.4973949405944817e-07,1.4974673134629875e-07,1.4975396290252906e-07,1.4976118873177596e-07,1.497684088370785e-07,1.4977562322275975e-07,1.4978283189188692e-07,1.497900348482399e-07,1.4979723209532837e-07,1.4980442363683355e-07,1.4981160947605965e-07,1.4981878961667845e-07,1.498259640622398e-07,1.4983313281622887e-07,1.4984029588228297e-07,1.4984745326391597e-07,1.4985460496466143e-07,1.4986175098809362e-07,1.4986889133760852e-07,1.4987602601689696e-07,1.4988315502939262e-07,1.4989027837861312e-07,1.498973960681666e-07,1.4990450810148909e-07,1.4991161448317002e-07,1.4991871521461028e-07,1.499258103005501e-07,1.4993289974466613e-07,1.4993998354981003e-07,1.499470617197958e-07,1.4995413425859207e-07,1.499612011688924e-07,1.499682624546307e-07,1.499753181192397e-07,1.4998236816618203e-07,1.4998941259910497e-07,1.4999645142165894e-07,1.5000348463704893e-07,1.500105122491264e-07,1.5001753426094466e-07,1.5002455067600898e-07,1.5003156149744373e-07,1.500385667291452e-07,1.5004556637458955e-07,1.500525604372094e-07,1.5005954892051584e-07,1.5006653182797405e-07,1.5007350916305174e-07,1.5008048092920824e-07,1.5008744712990623e-07,1.5009440776860356e-07,1.5010136284875684e-07,1.5010831237381962e-07,1.5011525634724377e-07,1.5012219477247945e-07,1.501291276529714e-07,1.5013605499216227e-07,1.50142976793499e-07,1.5014989306041766e-07,1.5015680379635802e-07,1.5016370900475288e-07,1.5017060868903937e-07,1.50177502852646e-07,1.5018439149899958e-07,1.5019127463152613e-07,1.5019815225365437e-07,1.5020502436880275e-07,1.5021189098038666e-07,1.502187520918274e-07,1.5022560770654066e-07,1.502324578279355e-07,1.502393024600783e-07,1.50246141605721e-07,1.5025297526827381e-07,1.5025980345113467e-07,1.502666261577077e-07,1.5027344339139765e-07,1.5028025515559041e-07,1.5028706145368597e-07,1.5029386228907624e-07,1.5030065766515024e-07,1.5030744758529315e-07,1.503142320528963e-07,1.5032101107134143e-07,1.5032778464400583e-07,1.5033455277426995e-07,1.503413154655046e-07,1.503480727211016e-07,1.5035482454440782e-07,1.5036157093881048e-07,1.503683119076727e-07,1.5037504745435838e-07,1.5038177758223252e-07,1.5038850229465243e-07,1.5039522159498133e-07,1.5040193548657e-07,1.504086439727733e-07,1.50415347056947e-07,1.5042204474243737e-07,1.5042873703187705e-07,1.5043542392932456e-07,1.5044210543812255e-07,1.5044878156161347e-07,1.5045545230313219e-07,1.5046211766601318e-07,1.504687776535886e-07,1.504754322691885e-07,1.504820815162476e-07,1.5048872539803145e-07,1.5049536391784158e-07,1.5050199707899318e-07,1.5050862488480098e-07,1.505152473385816e-07,1.5052186444364723e-07,1.50528476203367e-07,1.5053508262095427e-07,1.505416836997952e-07,1.505482794431792e-07,1.5055486985441724e-07,1.505614549368035e-07,1.5056803469349967e-07,1.5057460912796465e-07,1.5058117824344627e-07,1.505877420437721e-07,1.5059430053152462e-07,1.506008537101741e-07,1.5060740158277637e-07,1.5061394415291513e-07,1.5062048142386543e-07,1.5062701339889964e-07,1.506335400812672e-07,1.506400614742458e-07,1.5064657758110885e-07,1.5065308840512124e-07,1.506595939495575e-07,1.5066609421767514e-07,1.5067258921334503e-07,1.5067907893924377e-07,1.5068556339859e-07,1.5069204259430802e-07,1.5069851653002966e-07,1.5070498520908974e-07,1.507114486353592e-07,1.5071790681068509e-07,1.5072435973894326e-07,1.5073080742406643e-07,1.5073724986807935e-07,1.5074368707485187e-07,1.5075011904762626e-07,1.5075654578962685e-07,1.5076296730409875e-07,1.5076938359427414e-07,1.5077579466338135e-07,1.5078220051465409e-07,1.5078860115132103e-07,1.5079499657698628e-07,1.5080138679409243e-07,1.5080777180671246e-07,1.5081415161720504e-07,1.5082052622920436e-07,1.50826895645959e-07,1.5083325987053827e-07,1.508396189063194e-07,1.5084597275691412e-07,1.5085232142464192e-07,1.5085866491356925e-07,1.508650032262658e-07,1.5087133636583478e-07,1.5087766433573504e-07,1.5088398713917987e-07,1.5089030477932313e-07,1.5089661725954854e-07,1.5090292458284769e-07,1.509092267524976e-07,1.5091552377167427e-07,1.5092181564354e-07,1.5092810237121813e-07,1.5093438395804409e-07,1.509406604076578e-07,1.5094693172210358e-07,1.5095319790505988e-07,1.5095945895993782e-07,1.509657148893801e-07,1.509719656966684e-07,1.5097821138556915e-07,1.5098445195887776e-07,1.5099068741975401e-07,1.5099691777140532e-07,1.5100314301699183e-07,1.5100936315949442e-07,1.5101557820219723e-07,1.5102178814816053e-07,1.510279930006759e-07,1.5103419276288516e-07,1.510403874378146e-07,1.510465770286477e-07,1.5105276153852407e-07,1.5105894097059533e-07,1.510651153279722e-07,1.5107128461388905e-07,1.5107744883177715e-07,1.5108360798393121e-07,1.5108976207390913e-07,1.5109591110486555e-07,1.5110205507992165e-07,1.5110819400234808e-07,1.5111432787512057e-07,1.51120456701263e-07,1.5112658048395827e-07,1.5113269922621426e-07,1.5113881293133527e-07,1.5114492160254925e-07,1.5115102524250462e-07,1.5115712385469942e-07,1.5116321744209554e-07,1.511693060081897e-07,1.5117538955537948e-07,1.5118146808708508e-07,1.5118754160638625e-07,1.5119361011635462e-07,1.511996736201729e-07,1.512057321208758e-07,1.5121178562157062e-07,1.512178341253018e-07,1.5122387763516312e-07,1.5122991615424385e-07,1.512359496856236e-07,1.5124197823238272e-07,1.512480017974957e-07,1.5125402038421344e-07,1.5126003399552535e-07,1.5126604263410294e-07,1.5127204630382494e-07,1.512780450069866e-07,1.512840387473487e-07,1.5129002752762317e-07,1.5129601135031744e-07,1.51301990219471e-07,1.5130796413778872e-07,1.5131393310829062e-07,1.5131989713395647e-07,1.513258562178559e-07,1.5133181036303966e-07,1.5133775957255e-07,1.5134370384960098e-07,1.5134964319690958e-07,1.5135557761764745e-07,1.5136150711487092e-07,1.513674316917049e-07,1.513733513509795e-07,1.5137926609592646e-07,1.513851759294127e-07,1.5139108085459527e-07,1.513969808743779e-07,1.51402875991884e-07,1.5140876621014337e-07,1.5141465153200434e-07,1.5142053196061775e-07,1.514264074990319e-07,1.5143227815021733e-07,1.5143814391706285e-07,1.5144400480281545e-07,1.514498608101825e-07,1.5145571194281174e-07,1.5146155820297897e-07,1.5146739959395746e-07,1.5147323611873978e-07,1.5147906778041302e-07,1.514848945818335e-07,1.5149071652601425e-07,1.5149653361610288e-07,1.515023458545953e-07,1.5150815324509603e-07,1.5151395579056868e-07,1.5151975349321183e-07,1.5152554635688624e-07,1.515313343841994e-07,1.5153711757905326e-07,1.5154289594283392e-07,1.5154866947915912e-07,1.5155443819103611e-07,1.5156020208231673e-07,1.5156596115423968e-07,1.5157171541070987e-07,1.515774648547012e-07,1.515832094890841e-07,1.5158894931688818e-07,1.5159468434130326e-07,1.5160041456474397e-07,1.516061399904266e-07,1.5161186062130024e-07,1.516175764603481e-07,1.5162328751045426e-07,1.516289937746396e-07,1.5163469525617723e-07,1.5164039195732716e-07,1.516460838810809e-07,1.5165177103093696e-07,1.516574534094802e-07,1.5166313101973404e-07,1.5166880386471665e-07,1.516744719472243e-07,1.5168013527027663e-07,1.5168579383668211e-07,1.5169144764943592e-07,1.516970967115934e-07,1.517027410258373e-07,1.5170838059544622e-07,1.5171401542274804e-07,1.5171964551106426e-07,1.5172527086316844e-07,1.5173089148216945e-07,1.5173650737118084e-07,1.5174211853249953e-07,1.5174772496917713e-07,1.517533266838414e-07,1.5175892368033645e-07,1.5176451596097314e-07,1.5177010352883503e-07,1.5177568638661143e-07,1.5178126453740615e-07,1.5178683798393584e-07,1.5179240672924688e-07,1.5179797077596902e-07,1.5180353012724025e-07,1.5180908478587735e-07,1.5181463475475854e-07,1.5182018003670957e-07,1.518257206347241e-07,1.51831256551695e-07,1.518367877903933e-07,1.518423143536421e-07,1.5184783624452413e-07,1.5185335346575175e-07,1.5185886602020467e-07,1.5186437391082815e-07,1.51869877140411e-07,1.5187537571183202e-07,1.5188086962796663e-07,1.5188635889167745e-07,1.5189184350582296e-07,1.5189732347326116e-07,1.5190279879684433e-07,1.519082694790937e-07,1.5191373552352829e-07,1.5191919693275538e-07,1.5192465370943842e-07,1.5193010585651844e-07,1.5193555337683277e-07,1.5194099627324532e-07,1.5194643454855962e-07,1.5195186820563412e-07,1.5195729724730327e-07,1.5196272167640117e-07,1.519681414957639e-07,1.5197355670821824e-07,1.5197896731663209e-07,1.519843733237746e-07,1.5198977473252577e-07,1.5199517154576044e-07,1.5200056376607914e-07,1.5200595139645218e-07,1.520113344396661e-07,1.5201671289820683e-07,1.5202208677566508e-07,1.52027456074385e-07,1.5203282079696364e-07,1.5203818094667911e-07,1.5204353652616352e-07,1.5204888753817244e-07,1.520542339855364e-07,1.5205957587097435e-07,1.520649131974081e-07,1.5207024596753895e-07,1.5207557418443267e-07,1.5208089785031477e-07,1.520862169685278e-07,1.52091531541584e-07,1.5209684157235082e-07,1.5210214706365863e-07,1.5210744801807006e-07,1.5211274443873335e-07,1.521180363276925e-07,1.5212332368887834e-07,1.521286065244372e-07,1.5213388483739817e-07,1.5213915863015162e-07,1.5214442790560147e-07,1.5214969266638985e-07,1.5215495291554586e-07,1.521602086558124e-07,1.521654598899384e-07,1.5217070662055596e-07,1.5217594885048945e-07,1.5218118658219726e-07,1.5218641981839725e-07,1.5219164856298284e-07,1.5219687281791506e-07,1.5220209258596412e-07,1.5220730787007826e-07,1.522125186726347e-07,1.5221772499648095e-07,1.5222292684452265e-07,1.5222812421946264e-07,1.5223331712361172e-07,1.5223850556048175e-07,1.522436895323164e-07,1.522488690419929e-07,1.5225404409232483e-07,1.522592146859713e-07,1.5226438082564562e-07,1.5226954251410795e-07,1.5227469975403881e-07,1.5227985254811317e-07,1.5228500089922936e-07,1.5229014480999129e-07,1.5229528428308778e-07,1.5230041932132115e-07,1.5230554992746073e-07,1.5231067610443544e-07,1.5231579785458811e-07,1.5232091518073604e-07,1.523260280854336e-07,1.5233113657115575e-07,1.5233624064121984e-07,1.523413402981005e-07,1.523464355445112e-07,1.5235152638312027e-07,1.5235661281659954e-07,1.523616948477609e-07,1.5236677247919248e-07,1.5237184571362865e-07,1.523769145537804e-07,1.523819790023372e-07,1.523870390620169e-07,1.5239209473547572e-07,1.5239714602540372e-07,1.5240219293447997e-07,1.5240723546535808e-07,1.524122736204426e-07,1.5241730740306522e-07,1.5242233681557223e-07,1.5242736186047889e-07,1.524323825407915e-07,1.5243739885903063e-07,1.5244241081783513e-07,1.524474184198838e-07,1.5245242166815988e-07,1.5245742056464e-07,1.5246241511247497e-07,1.524674053147755e-07,1.524723911732157e-07,1.5247737269084308e-07,1.5248234987090662e-07,1.5248732271487843e-07,1.524922912260417e-07,1.52497255407051e-07,1.525022152605804e-07,1.525071707892749e-07,1.5251212199572916e-07,1.5251706888228214e-07,1.525220114523263e-07,1.5252694970812722e-07,1.5253188365231972e-07,1.5253681328715298e-07,1.525417386160196e-07,1.5254665964126125e-07,1.5255157636534678e-07,1.5255648879104778e-07,1.5256139692103932e-07,1.525663007577187e-07,1.5257120030385595e-07,1.5257609556200546e-07,1.525809865349252e-07,1.525858732251813e-07,1.5259075563546678e-07,1.5259563376823648e-07,1.5260050762585916e-07,1.5260537721154627e-07,1.5261024252769064e-07,1.526151035768615e-07,1.5261996036174e-07,1.5262481288481357e-07,1.526296611487957e-07,1.5263450515622135e-07,1.5263934490970727e-07,1.5264418041188144e-07,1.526490116653237e-07,1.5265383867273395e-07,1.5265866143652455e-07,1.5266347995937737e-07,1.5266829424389957e-07,1.5267310429232067e-07,1.526779101072774e-07,1.5268271169221918e-07,1.5268750904931732e-07,1.5269230218100907e-07,1.5269709108990105e-07,1.5270187577855098e-07,1.5270665624954087e-07,1.5271143250551448e-07,1.5271620454889202e-07,1.5272097238252083e-07,1.52725736008783e-07,1.5273049543030395e-07,1.527352506496003e-07,1.527400016693867e-07,1.5274474849210364e-07,1.5274949112041904e-07,1.527542295566555e-07,1.527589638034373e-07,1.5276369386356484e-07,1.5276841973944814e-07,1.5277314143366747e-07,1.5277785894877082e-07,1.5278257228732002e-07,1.527872814518584e-07,1.527919864449434e-07,1.527966872690963e-07,1.5280138392723016e-07,1.5280607642125467e-07,1.5281076475409334e-07,1.5281544892813447e-07,1.5282012894599893e-07,1.5282480481025364e-07,1.5282947652339127e-07,1.5283414408789894e-07,1.5283880750645902e-07,1.5284346678152915e-07,1.5284812191565536e-07,1.5285277291136387e-07,1.5285741977117947e-07,1.5286206249763153e-07,1.5286670109322528e-07,1.5287133556050398e-07,1.52875965901971e-07,1.5288059212016786e-07,1.5288521421761663e-07,1.528898321968163e-07,1.5289444606032505e-07,1.5289905581040403e-07,1.5290366145001422e-07,1.5290826298173591e-07,1.5291286040746034e-07,1.5291745373015714e-07,1.5292204295212487e-07,1.5292662807594522e-07,1.5293120910412205e-07,1.5293578603916586e-07,1.529403588835453e-07,1.5294492763978984e-07,1.529494923105425e-07,1.5295405289799597e-07,1.5295860940484959e-07,1.5296316183350477e-07,1.5296771018649945e-07,1.5297225446642713e-07,1.5297679467540086e-07,1.5298133081631015e-07,1.5298586289176356e-07,1.5299039090376674e-07,1.5299491485498458e-07,1.5299943474803604e-07,1.5300395058516532e-07,1.5300846236892694e-07,1.5301297010187246e-07,1.5301747378636222e-07,1.5302197342501176e-07,1.530264690203083e-07,1.5303096057448191e-07,1.53035448090318e-07,1.530399315700339e-07,1.5304441101628012e-07,1.5304888643143408e-07,1.5305335781794982e-07,1.5305782517830133e-07,1.5306228851488206e-07,1.5306674783054978e-07,1.530712031271093e-07,1.530756544073251e-07,1.5308010167364304e-07,1.5308454492851499e-07,1.53088984174046e-07,1.5309341941336207e-07,1.5309785064856672e-07,1.5310227788209523e-07,1.5310670111636485e-07,1.5311112035390917e-07,1.5311553559710194e-07,1.531199468484132e-07,1.5312435411025508e-07,1.5312875738509475e-07,1.53133156675351e-07,1.5313755198343666e-07,1.5314194331177082e-07,1.5314633066250443e-07,1.531507140386337e-07,1.5315509344231705e-07,1.5315946887597406e-07,1.5316384034196645e-07,1.5316820784282986e-07,1.5317257138093546e-07,1.5317693095871483e-07,1.531812865786247e-07,1.5318563824295024e-07,1.5318998595416748e-07,1.5319432971471363e-07,1.531986695269758e-07,1.5320300539339513e-07,1.5320733731673255e-07,1.532116652986165e-07,1.532159893418266e-07,1.532203094487868e-07,1.532246256220133e-07,1.5322893786367157e-07,1.5323324617624294e-07,1.5323755056220366e-07,1.532418510239273e-07,1.532461475637486e-07,1.5325044018410707e-07,1.5325472888740936e-07,1.5325901367601393e-07,1.5326329455233922e-07,1.5326757151872215e-07,1.5327184457757643e-07,1.532761137312768e-07,1.5328037898223288e-07,1.5328464033284785e-07,1.5328889778538897e-07,1.5329315134228365e-07,1.5329740100626354e-07,1.5330164677937822e-07,1.5330588866363626e-07,1.5331012666246833e-07,1.533143607768023e-07,1.533185910097681e-07,1.5332281736374382e-07,1.5332703984100908e-07,1.533312584439628e-07,1.5333547317498736e-07,1.5333968403654072e-07,1.5334389103137768e-07,1.5334809416133045e-07,1.533522934281884e-07,1.5335648883487766e-07,1.5336068038377067e-07,1.533648680772728e-07,1.5336905191766636e-07,1.5337323190728923e-07,1.5337740804851954e-07,1.5338158034370898e-07,1.5338574879480421e-07,1.5338991340486812e-07,1.5339407417586996e-07,1.5339823111026116e-07,1.5340238421028242e-07,1.534065334784058e-07,1.5341067891685575e-07,1.5341482052786348e-07,1.5341895831381135e-07,1.5342309227710672e-07,1.5342722242009626e-07,1.5343134874507462e-07,1.5343547125411998e-07,1.53439589950014e-07,1.534437048348589e-07,1.5344781591101035e-07,1.5345192318076454e-07,1.5345602664649942e-07,1.5346012631040407e-07,1.534642221748697e-07,1.5346831424217716e-07,1.5347240251472505e-07,1.5347648699477427e-07,1.5348056768463168e-07,1.534846445866017e-07,1.534887177031277e-07,1.5349278703625855e-07,1.534968525883118e-07,1.535009143618571e-07,1.535049723588909e-07,1.5350902658203844e-07,1.535130770334007e-07,1.5351712371530334e-07,1.535211666300526e-07,1.5352520577975153e-07,1.53529241166949e-07,1.5353327279385776e-07,1.535373006627066e-07,1.5354132477591397e-07,1.5354534513581614e-07,1.5354936174463257e-07,1.5355337460454711e-07,1.535573837179163e-07,1.5356138908700893e-07,1.535653907140998e-07,1.5356938860143762e-07,1.535733827514058e-07,1.535773731663082e-07,1.5358135984828416e-07,1.535853427992358e-07,1.5358932202219842e-07,1.5359329751906487e-07,1.535972692919267e-07,1.5360123734341697e-07,1.5360520167567913e-07,1.5360916229103122e-07,1.5361311919180777e-07,1.5361707237982142e-07,1.53621021857964e-07,1.5362496762802412e-07,1.5362890969239336e-07,1.536328480534624e-07,1.536367827132511e-07,1.53640713674058e-07,1.5364464093793468e-07,1.536485645073736e-07,1.5365248438463265e-07,1.5365640057195334e-07,1.536603130715847e-07,1.536642218857698e-07,1.5366812701675686e-07,1.5367202846678275e-07,1.5367592623809583e-07,1.5367982033292836e-07,1.5368371075352514e-07,1.5368759750212294e-07,1.5369148058096075e-07,1.536953599922697e-07,1.536992357382918e-07,1.537031078212724e-07,1.5370697624333807e-07,1.5371084100689096e-07,1.5371470211394896e-07,1.5371855956679262e-07,1.5372241336769488e-07,1.537262635188847e-07,1.5373011002257522e-07,1.537339528809906e-07,1.5373779209635048e-07,1.537416276708692e-07,1.5374545960676485e-07,1.537492879062495e-07,1.537531125715376e-07,1.5375693360485451e-07,1.5376075100855548e-07,1.5376456478452968e-07,1.5376837493514413e-07,1.5377218146260114e-07,1.5377598436905856e-07,1.5377978365683284e-07,1.53783579328041e-07,1.537873713849926e-07,1.5379115982979032e-07,1.5379494466464885e-07,1.537987258916869e-07,1.5380250351317395e-07,1.538062775313028e-07,1.5381004794826634e-07,1.5381381476625212e-07,1.5381757798745085e-07,1.5382133761405187e-07,1.5382509364823644e-07,1.5382884609219789e-07,1.5383259494811318e-07,1.5383634021816892e-07,1.5384008190454747e-07,1.5384382000942016e-07,1.5384755453487781e-07,1.5385128548318523e-07,1.5385501285652664e-07,1.5385873665706865e-07,1.5386245688699018e-07,1.5386617354846093e-07,1.5386988664365208e-07,1.5387359617473219e-07,1.5387730214386612e-07,1.5388100455322693e-07,1.5388470340497104e-07,1.538883987012646e-07,1.538920904442755e-07,1.538957786364006e-07,1.5389946327956193e-07,1.5390314437592028e-07,1.5390682192761976e-07,1.5391049593683983e-07,1.5391416640572063e-07,1.5391783333641241e-07,1.5392149673092015e-07,1.5392515659154429e-07,1.5392881292043696e-07,1.5393246571974078e-07,1.5393611499157975e-07,1.53939760737702e-07,1.539434029611719e-07,1.5394704166363185e-07,1.5395067684722455e-07,1.5395430851408723e-07,1.5395793666636097e-07,1.5396156130617815e-07,1.5396518243568091e-07,1.5396880005699974e-07,1.5397241417226624e-07,1.5397602478361465e-07,1.539796318931757e-07,1.5398323550308134e-07,1.5398683561545498e-07,1.5399043223232673e-07,1.5399402535598548e-07,1.5399761498844055e-07,1.540012011318557e-07,1.5400478378809993e-07,1.5400836295983942e-07,1.5401193864891568e-07,1.540155108574216e-07,1.5401907958746713e-07,1.5402264484091674e-07,1.540262066203754e-07,1.54029764927729e-07,1.5403331976508768e-07,1.5403687113462988e-07,1.5404041903838585e-07,1.5404396347846326e-07,1.5404750445696483e-07,1.5405104197600051e-07,1.540545760376681e-07,1.5405810664407382e-07,1.540616337973127e-07,1.5406515749948989e-07,1.5406867775269526e-07,1.5407219455903136e-07,1.5407570792059988e-07,1.5407921783943422e-07,1.5408272431768142e-07,1.5408622735742919e-07,1.5408972696076757e-07,1.540932231297858e-07,1.5409671586656701e-07,1.5410020517322159e-07,1.541036910518231e-07,1.5410717350445453e-07,1.5411065253322646e-07,1.5411412814007422e-07,1.541176003271821e-07,1.5412106909662893e-07,1.541245344504881e-07,1.541279963908354e-07,1.5413145491974416e-07,1.5413491003929035e-07,1.54138361751541e-07,1.541418100585662e-07,1.541452549624416e-07,1.5414869646522614e-07,1.541521345689879e-07,1.54155569275796e-07,1.5415900058771087e-07,1.5416242850679534e-07,1.5416585303511042e-07,1.5416927417471534e-07,1.5417269192766834e-07,1.541761062960263e-07,1.541795172818494e-07,1.5418292488718537e-07,1.541863291140949e-07,1.54189729964626e-07,1.541931274408261e-07,1.5419652154475256e-07,1.5419991227846525e-07,1.5420329964399877e-07,1.5420668364339306e-07,1.542100642786981e-07,1.5421344155195178e-07,1.5421681546520008e-07,1.5422018602048202e-07,1.5422355321983725e-07,1.542269170653054e-07,1.5423027755891958e-07,1.5423363470271786e-07,1.542369884987358e-07,1.5424033894900403e-07,1.54243686055555e-07,1.5424702982041998e-07,1.542503702456253e-07,1.542537073332063e-07,1.5425704108518173e-07,1.5426037150358134e-07,1.5426369859042723e-07,1.5426702234774592e-07,1.5427034277755667e-07,1.542736598818791e-07,1.5427697366273216e-07,1.5428028412213696e-07,1.5428359126210869e-07,1.5428689508466028e-07,1.542901955918117e-07,1.5429349278557097e-07,1.5429678666795228e-07,1.5430007724096503e-07,1.5430336450661657e-07,1.543066484669184e-07,1.543099291238774e-07,1.5431320647949664e-07,1.5431648053577932e-07,1.5431975129473352e-07,1.543230187583559e-07,1.543262829286517e-07,1.5432954380761626e-07,1.543328013972481e-07,1.543360556995459e-07,1.543393067165016e-07,1.543425544501151e-07,1.5434579890237539e-07,1.543490400752759e-07,1.5435227797080612e-07,1.5435551259095775e-07,1.5435874393771874e-07,1.5436197201307016e-07,1.5436519681900848e-07,1.543684183575093e-07,1.5437163663055854e-07,1.543748516401387e-07,1.5437806338822987e-07,1.5438127187681144e-07,1.5438447710786594e-07,1.5438767908336505e-07,1.5439087780528177e-07,1.5439407327559212e-07,1.5439726549627884e-07,1.5440045446930703e-07,1.544036401966469e-07,1.5440682268027313e-07,1.5441000192215306e-07,1.5441317792425077e-07,1.544163506885349e-07,1.5441952021696797e-07,1.54422686511516e-07,1.544258495741422e-07,1.5442900940680302e-07,1.5443216601145724e-07,1.5443531939007237e-07,1.5443846954459955e-07,1.5444161647700092e-07,1.544447601892278e-07,1.5444790068323453e-07,1.5445103796128863e-07,1.54454172024709e-07,1.5445730287576542e-07,1.5446043051675698e-07,1.5446355494894207e-07,1.5446667617460117e-07,1.5446979419568775e-07,1.5447290901413907e-07,1.5447602063188248e-07,1.5447912905103107e-07,1.544822342732434e-07,1.5448533630059275e-07,1.5448843513502255e-07,1.5449153077848818e-07,1.5449462323260834e-07,1.5449771249982787e-07,1.5450079858198363e-07,1.5450388148080622e-07,1.545069611983081e-07,1.545100377364217e-07,1.5451311109706927e-07,1.5451618128217862e-07,1.5451924829369976e-07,1.5452231213359455e-07,1.5452537280366808e-07,1.5452843030588251e-07,1.5453148464219196e-07,1.5453453581450588e-07,1.5453758382474465e-07,1.5454062867482806e-07,1.5454367036667093e-07,1.5454670890218606e-07,1.5454974428329164e-07,1.5455277651190008e-07,1.5455580558992672e-07,1.5455883151928016e-07,1.5456185430186664e-07,1.5456487393959726e-07,1.5456789043438196e-07,1.545709037881278e-07,1.5457391400258744e-07,1.5457692108000607e-07,1.5457992502202176e-07,1.5458292583061157e-07,1.545859235076714e-07,1.5458891805515884e-07,1.5459190947495157e-07,1.5459489776884044e-07,1.5459788293880702e-07,1.5460086498673044e-07,1.5460384391450784e-07,1.5460681972402903e-07,1.5460979241718638e-07,1.5461276199585117e-07,1.546157284619276e-07,1.5461869181730586e-07,1.5462165206387015e-07,1.5462460920350883e-07,1.5462756323810274e-07,1.5463051416952662e-07,1.5463346199967542e-07,1.546364067304238e-07,1.546393483636537e-07,1.5464228690124358e-07,1.5464522234508967e-07,1.546481546970446e-07,1.5465108395898456e-07,1.5465401013278646e-07,1.5465693322041979e-07,1.54659853223914e-07,1.5466277014457643e-07,1.546656839845798e-07,1.546685947459174e-07,1.5467150243021274e-07,1.546744070393883e-07,1.5467730857533705e-07,1.546802070400462e-07,1.5468310243515077e-07,1.546859947628132e-07,1.5468888402470418e-07,1.5469177022280178e-07,1.5469465335887334e-07,1.5469753343478294e-07,1.54700410452383e-07,1.54703284413531e-07,1.5470615532007476e-07,1.547090231738782e-07,1.547118879767936e-07,1.547147497304412e-07,1.5471760843688785e-07,1.5472046409795943e-07,1.5472331671552604e-07,1.5472616629143587e-07,1.5472901282749243e-07,1.5473185632558294e-07,1.5473469678753415e-07,1.5473753421518787e-07,1.547403686103859e-07,1.547431999749677e-07,1.547460283106968e-07,1.5474885361944883e-07,1.5475167590319882e-07,1.5475449516355447e-07,1.547573114025535e-07,1.5476012462190339e-07,1.5476293482337518e-07,1.5476574200897443e-07,1.547685461804395e-07,1.5477134733960663e-07,1.547741454883017e-07,1.547769406283381e-07,1.5477973276154027e-07,1.5478252188973418e-07,1.5478530801474382e-07,1.5478809113837803e-07,1.5479087126246966e-07,1.547936483888685e-07,1.5479642251935516e-07,1.5479919365574e-07,1.5480196179980883e-07,1.548047269534163e-07,1.5480748911837248e-07,1.5481024829638826e-07,1.5481300448952407e-07,1.5481575769939534e-07,1.548185079278666e-07,1.5482125517663025e-07,1.548239994476605e-07,1.5482674074269302e-07,1.5482947906363015e-07,1.548322144121142e-07,1.5483494679008506e-07,1.5483767619958395e-07,1.5484040264164454e-07,1.5484312611850847e-07,1.5484584663202862e-07,1.5484856418386633e-07,1.5485127877582537e-07,1.5485399040976644e-07,1.5485669908755588e-07,1.5485940481095697e-07,1.5486210758168044e-07,1.5486480740154737e-07,1.5486750427242695e-07,1.5487019819605863e-07,1.548728891741644e-07,1.5487557720855607e-07,1.5487826230097449e-07,1.5488094445324252e-07,1.5488362366717004e-07,1.5488629994457292e-07,1.5488897328711554e-07,1.5489164369663103e-07,1.5489431117492024e-07,1.548969757237562e-07,1.5489963734493767e-07,1.5490229604011652e-07,1.549049518111513e-07,1.5490760465980793e-07,1.549102545878742e-07,1.5491290159712058e-07,1.5491554568930154e-07,1.5491818686617856e-07,1.549208251295667e-07,1.5492346048114393e-07,1.5492609292285164e-07,1.549287224562535e-07,1.5493134908270869e-07,1.549339728048171e-07,1.5493659362419646e-07,1.5493921154245364e-07,1.5494182656100526e-07,1.549444386818861e-07,1.5494704790681807e-07,1.5494965423717853e-07,1.5495225767548964e-07,1.5495485822312946e-07,1.5495745588185406e-07,1.549600506534109e-07,1.5496264253954806e-07,1.5496523154204407e-07,1.5496781766261197e-07,1.5497040090299976e-07,1.5497298126496679e-07,1.5497555875024388e-07,1.5497813336065263e-07,1.5498070509717698e-07,1.549832739627217e-07,1.5498583995871758e-07,1.549884030866644e-07,1.5499096334823487e-07,1.549935207454791e-07,1.5499607527994272e-07,1.5499862695330876e-07,1.5500117576735388e-07,1.5500372172383078e-07,1.5500626482443118e-07,1.5500880507088804e-07,1.5501134246505606e-07,1.5501387700849952e-07,1.5501640870300766e-07,1.5501893755030347e-07,1.5502146355211522e-07,1.5502398671012844e-07,1.5502650702610245e-07,1.5502902450175777e-07,1.5503153913881579e-07,1.5503405093899162e-07,1.5503655990400828e-07,1.5503906603557818e-07,1.5504156933545153e-07,1.5504406980531656e-07,1.5504656744685937e-07,1.550490622618477e-07,1.5505155425196244e-07,1.5505404341897585e-07,1.55056529764465e-07,1.5505901329038087e-07,1.5506149399807295e-07,1.5506397188944102e-07,1.5506644696613237e-07,1.5506891922982227e-07,1.5507138868229534e-07,1.550738553252533e-07,1.5507631916039958e-07,1.5507878018943048e-07,1.5508123841405112e-07,1.550836938363672e-07,1.550861464573743e-07,1.5508859627908193e-07,1.550910433031663e-07,1.5509348753131784e-07,1.5509592896522645e-07,1.5509836760658045e-07,1.5510080345709025e-07,1.5510323651823934e-07,1.5510566679211034e-07,1.5510809428019457e-07,1.5511051898415865e-07,1.5511294090586427e-07,1.5511536004670035e-07,1.5511777640849448e-07,1.5512018999291995e-07,1.5512260080166143e-07,1.5512500883640553e-07,1.5512741409882365e-07,1.5512981659059429e-07,1.5513221631315494e-07,1.5513461326868353e-07,1.5513700745859178e-07,1.5513939888464175e-07,1.5514178754833546e-07,1.551441734514481e-07,1.551465565956455e-07,1.5514893698258947e-07,1.5515131461377226e-07,1.551536894912011e-07,1.551560616164071e-07,1.55158430991033e-07,1.551607976167812e-07,1.5516316149524703e-07,1.5516552262812098e-07,1.5516788101709378e-07,1.5517023666386262e-07,1.5517258956995775e-07,1.551749397369942e-07,1.5517728716690802e-07,1.5517963186117115e-07,1.5518197382142765e-07,1.551843130494276e-07,1.5518664954672535e-07,1.5518898331505435e-07,1.551913143559786e-07,1.551936426712373e-07,1.5519596826241681e-07,1.5519829113120435e-07,1.5520061127921677e-07,1.5520292870811697e-07,1.552052434195554e-07,1.5520755541514908e-07,1.552098646965831e-07,1.552121712655128e-07,1.5521447512355689e-07,1.552167762723492e-07,1.552190747135389e-07,1.552213704487586e-07,1.5522366347965087e-07,1.5522595380784982e-07,1.5522824143503476e-07,1.5523052636277256e-07,1.5523280859240025e-07,1.5523508812608874e-07,1.552373649652962e-07,1.5523963911172777e-07,1.5524191056684819e-07,1.5524417933225696e-07,1.5524644540976006e-07,1.5524870880086715e-07,1.5525096950732754e-07,1.552532275305616e-07,1.55255482872302e-07,1.5525773553413722e-07,1.5525998551776588e-07,1.5526223282477268e-07,1.552644774567782e-07,1.5526671941535504e-07,1.5526895870239095e-07,1.5527119531908147e-07,1.5527342926724706e-07,1.552756605484495e-07,1.5527788916431864e-07,1.5528011511650273e-07,1.5528233840658146e-07,1.5528455903620152e-07,1.5528677700693833e-07,1.5528899232042788e-07,1.552912049782361e-07,1.552934149820322e-07,1.552956223333912e-07,1.5529782703397743e-07,1.5530002908528483e-07,1.5530222848899668e-07,1.5530442524669123e-07,1.5530661935997478e-07,1.553088108304539e-07,1.5531099965980447e-07,1.553131858494542e-07,1.5531536940119927e-07,1.5531755031640643e-07,1.5531972859675836e-07,1.5532190424388065e-07,1.5532407725966e-07,1.5532624764509467e-07,1.553284154021342e-07,1.553305805322699e-07,1.553327430371758e-07,1.5533490291837834e-07,1.5533706017749106e-07,1.553392148161087e-07,1.5534136683581142e-07,1.553435162381744e-07,1.553456630247637e-07,1.5534780719718579e-07,1.5534994875702182e-07,1.5535208770585667e-07,1.5535422404526596e-07,1.553563577768302e-07,1.5535848890213475e-07,1.5536061742274538e-07,1.5536274334023803e-07,1.553648666561572e-07,1.5536698737215962e-07,1.5536910548972944e-07,1.553712210104078e-07,1.5537333393596224e-07,1.5537544426784838e-07,1.5537755200763324e-07,1.553796571568847e-07,1.5538175971720806e-07,1.5538385968992967e-07,1.5538595707683903e-07,1.5538805187958573e-07,1.5539014409965659e-07,1.5539223373860446e-07,1.5539432079797298e-07,1.5539640527932953e-07,1.553984871842509e-07,1.5540056651427308e-07,1.5540264327095518e-07,1.5540471745585057e-07,1.554067890705219e-07,1.5540885811652e-07,1.554109245954058e-07,1.5541298850872733e-07,1.5541504985803684e-07,1.5541710864489027e-07,1.5541916487083932e-07,1.5542121853742917e-07,1.5542326964621046e-07,1.5542531819873052e-07,1.5542736419653558e-07,1.554294076411753e-07,1.554314485341937e-07,1.554334868771335e-07,1.5543552267153916e-07,1.554375559189499e-07,1.5543958662091057e-07,1.554416147789413e-07,1.5544364039460149e-07,1.5544566346938232e-07,1.5544768400491276e-07,1.5544970200269045e-07,1.554517174642444e-07,1.5545373039111374e-07,1.554557407848292e-07,1.5545774864692602e-07,1.554597539789347e-07,1.5546175678238497e-07,1.5546375705880697e-07,1.5546575480972854e-07,1.554677500366861e-07,1.5546974274120014e-07,1.5547173292479887e-07,1.5547372058900161e-07,1.5547570573528955e-07,1.5547768836532874e-07,1.5547966848044228e-07,1.5548164608207927e-07,1.5548362117224817e-07,1.5548559375202354e-07,1.5548756382325054e-07,1.5548953138716096e-07,1.5549149644535311e-07,1.554934589993748e-07,1.554954190507313e-07,1.5549737660087918e-07,1.5549933165138747e-07,1.555012842037875e-07,1.5550323425960256e-07,1.5550518182028654e-07,1.5550712688736902e-07,1.5550906946241594e-07,1.5551100954681475e-07,1.5551294714214305e-07,1.5551488224989764e-07,1.555168148716081e-07,1.555187450089517e-07,1.5552067266303278e-07,1.5552259783549268e-07,1.5552452052798493e-07,1.5552644074198167e-07,1.5552835847888068e-07,1.5553027374023104e-07,1.5553218652751582e-07,1.5553409684230214e-07,1.5553600468598542e-07,1.555379100601069e-07,1.5553981296644395e-07,1.555417134060342e-07,1.5554361138040832e-07,1.555455068912058e-07,1.555473999399059e-07,1.5554929052797473e-07,1.5555117865697583e-07,1.5555306432833105e-07,1.555549475434745e-07,1.555568283041873e-07,1.5555870661153687e-07,1.5556058246717434e-07,1.5556245587261708e-07,1.5556432682933826e-07,1.5556619533881109e-07,1.5556806140252532e-07,1.5556992502195727e-07,1.5557178619856268e-07,1.5557364493375784e-07,1.5557550122920934e-07,1.5557735508627127e-07,1.5557920650643719e-07,1.555810554911822e-07,1.5558290204202624e-07,1.5558474616070648e-07,1.5558658784806811e-07,1.5558842710588287e-07,1.5559026393566524e-07,1.5559209833882548e-07,1.5559393031694e-07,1.5559575987132446e-07,1.555975870034997e-07,1.5559941171499774e-07,1.5560123400728464e-07,1.5560305388195606e-07,1.556048713399432e-07,1.556066863831874e-07,1.5560849901295723e-07,1.5561030923083666e-07,1.5561211703817782e-07,1.556139224365037e-07,1.556157254272521e-07,1.556175260118772e-07,1.5561932419184404e-07,1.556211199686007e-07,1.5562291334360902e-07,1.5562470431832118e-07,1.5562649289419352e-07,1.5562827907266354e-07,1.556300628551956e-07,1.5563184424323437e-07,1.556336232382206e-07,1.556353998416129e-07,1.556371740548542e-07,1.5563894587939166e-07,1.5564071531667114e-07,1.556424823681366e-07,1.5564424703522914e-07,1.556460093193908e-07,1.5564776922206043e-07,1.5564952674470096e-07,1.5565128188872225e-07,1.5565303465558983e-07,1.556547850467178e-07,1.55656533063555e-07,1.5565827870754026e-07,1.556600219801097e-07,1.556617628827025e-07,1.5566350141674249e-07,1.5566523758366957e-07,1.5566697138491383e-07,1.5566870282190873e-07,1.556704318960814e-07,1.556721586088649e-07,1.5567388296168713e-07,1.5567560495597427e-07,1.5567732459315519e-07,1.5567904187465481e-07,1.5568075680189736e-07,1.5568246937634413e-07,1.5568417959938248e-07,1.5568588747239125e-07,1.5568759299685557e-07,1.5568929617413952e-07,1.5569099700568486e-07,1.556926954930354e-07,1.5569439163742102e-07,1.5569608544037122e-07,1.556977769036101e-07,1.5569946602790316e-07,1.5570115281496838e-07,1.5570283726622907e-07,1.5570451938308874e-07,1.557061991667785e-07,1.5570787661913173e-07,1.557095517412634e-07,1.5571122453461962e-07,1.5571289500095482e-07,1.557145631411016e-07,1.557162289566914e-07,1.557178924492125e-07,1.5571955362002112e-07,1.5572121247056354e-07,1.5572286900217176e-07,1.5572452321629083e-07,1.5572617511430482e-07,1.5572782469763185e-07,1.557294719677324e-07,1.5573111692587e-07,1.55732759573464e-07,1.5573439991204482e-07,1.5573603794289462e-07,1.5573767366743355e-07,1.557393070870999e-07,1.557409382032533e-07,1.5574256701704904e-07,1.5574419353035987e-07,1.5574581774422538e-07,1.5574743966024471e-07,1.55749059279686e-07,1.5575067660396424e-07,1.5575229163447093e-07,1.5575390437259704e-07,1.5575551481972523e-07,1.557571229772421e-07,1.5575872884653717e-07,1.5576033242899071e-07,1.557619337259893e-07,1.5576353273891198e-07,1.5576512946914575e-07,1.5576672391806793e-07,1.5576831608706358e-07,1.5576990597750643e-07,1.5577149359077752e-07,1.5577307892826044e-07,1.5577466199136002e-07,1.5577624278142292e-07,1.5577782129982557e-07,1.5577939754793806e-07,1.5578097152713405e-07,1.5578254323878285e-07,1.5578411268426156e-07,1.5578567986494292e-07,1.557872447821937e-07,1.5578880743738598e-07,1.5579036783188654e-07,1.5579192596706852e-07,1.5579348184429316e-07,1.557950354649524e-07,1.5579658683036732e-07,1.5579813594191834e-07,1.5579968280097774e-07,1.5580122740891467e-07,1.5580276976716223e-07,1.5580430987700356e-07,1.5580584773977596e-07,1.5580738335686454e-07,1.5580891672962397e-07,1.558104478594075e-07,1.5581197674771443e-07,1.5581350339563675e-07,1.5581502780466686e-07,1.5581654997606876e-07,1.5581806991127268e-07,1.5581958761163933e-07,1.558211030785164e-07,1.5582261631326822e-07,1.558241273172158e-07,1.558256360916022e-07,1.558271426380362e-07,1.558286469577314e-07,1.5583014905204607e-07,1.558316489222978e-07,1.5583314656986793e-07,1.558346419960909e-07,1.5583613520229998e-07,1.5583762618985268e-07,1.5583911495985807e-07,1.5584060151404114e-07,1.558420858534535e-07,1.5584356797990414e-07,1.5584504789410563e-07,1.5584652559760308e-07,1.5584800109199975e-07,1.5584947437850526e-07,1.5585094545852643e-07,1.5585241433314995e-07,1.5585388100384707e-07,1.5585534547195847e-07,1.5585680773877275e-07,1.5585826780564838e-07,1.5585972567391657e-07,1.5586118134491856e-07,1.5586263482009904e-07,1.5586408610054172e-07,1.558655351877021e-07,1.5586698208272345e-07,1.558684267872741e-07,1.5586986930249114e-07,1.558713096297193e-07,1.558727477702865e-07,1.558741837255142e-07,1.5587561749673405e-07,1.5587704908525543e-07,1.558784784924064e-07,1.558799057195034e-07,1.5588133076786737e-07,1.5588275363881242e-07,1.5588417433366218e-07,1.55885592853735e-07,1.558870092003405e-07,1.5588842337479596e-07,1.5588983537841648e-07,1.5589124521251653e-07,1.558926528784127e-07,1.5589405837741062e-07,1.5589546171082355e-07,1.5589686287996536e-07,1.558982618861456e-07,1.5589965873066893e-07,1.5590105341484724e-07,1.559024459399878e-07,1.5590383630739551e-07,1.5590522451837814e-07,1.5590661057424263e-07,1.5590799447628673e-07,1.55909376225822e-07,1.5591075582414446e-07,1.5591213327256454e-07,1.559135085723726e-07,1.559148817248777e-07,1.559162527313769e-07,1.5591762159316651e-07,1.5591898831154895e-07,1.5592035288782046e-07,1.5592171532327363e-07,1.5592307561920959e-07,1.5592443377691934e-07,1.5592578979769975e-07,1.5592714368283625e-07,1.5592849543362617e-07,1.559298450513634e-07,1.5593119253733698e-07,1.5593253789284225e-07,1.5593388111916583e-07,1.5593522221759724e-07,1.5593656118939993e-07,1.5593789803590907e-07,1.5593923275837237e-07,1.5594056535810175e-07,1.559418958363754e-07,1.5594322419447448e-07,1.5594455043376316e-07,1.5594587455535268e-07,1.5594719656062219e-07,1.5594851645082972e-07,1.5594983422726524e-07,1.559511498912235e-07,1.5595246344397275e-07,1.5595377488684802e-07,1.5595508422101285e-07,1.559563914477785e-07,1.5595769656846425e-07,1.5595899958432374e-07,1.559603004966645e-07,1.5596159930674642e-07,1.5596289601575264e-07,1.5596419062492596e-07,1.5596548313574152e-07,1.5596677354957026e-07,1.5596806186724474e-07,1.5596934809026447e-07,1.5597063221989725e-07,1.5597191425744396e-07,1.5597319420413886e-07,1.5597447206125346e-07,1.55975747830038e-07,1.5597702151176785e-07,1.5597829310756905e-07,1.5597956261894907e-07,1.5598083004708266e-07,1.559820953932267e-07,1.5598335865863805e-07,1.5598461984451837e-07,1.5598587895214165e-07,1.5598713598280875e-07,1.5598839093777325e-07,1.5598964381819435e-07,1.5599089462539883e-07,1.5599214336066922e-07,1.5599339002533483e-07,1.5599463462054238e-07,1.5599587714756404e-07,1.5599711760764912e-07,1.5599835600204906e-07,1.5599959233201957e-07,1.5600082659880486e-07,1.5600205880365718e-07,1.5600328894783147e-07,1.5600451703256836e-07,1.5600574305906704e-07,1.5600696702861636e-07,1.5600818894239588e-07,1.5600940880171123e-07,1.560106266081637e-07,1.5601184236265847e-07,1.5601305606642255e-07,1.5601426772046984e-07,1.5601547732628103e-07,1.5601668488510142e-07,1.5601789039820854e-07,1.5601909386677134e-07,1.560202952920175e-07,1.5602149467522376e-07,1.5602269201757844e-07,1.5602388732038842e-07,1.560250805848398e-07,1.5602627181217317e-07,1.560274610036395e-07,1.5602864816046324e-07,1.560298332838707e-07,1.5603101637509857e-07,1.560321974353781e-07,1.5603337646593863e-07,1.5603455346800884e-07,1.5603572844281583e-07,1.5603690139158978e-07,1.5603807231555612e-07,1.5603924121593865e-07,1.560404080940513e-07,1.5604157295101617e-07,1.5604273578806914e-07,1.5604389660642743e-07,1.560450554073188e-07,1.5604621219196318e-07,1.5604736696153303e-07,1.560485197173089e-07,1.5604967046050507e-07,1.560508191923442e-07,1.5605196591403604e-07,1.5605311062680198e-07,1.560542533318609e-07,1.5605539403042514e-07,1.5605653272371014e-07,1.560576694129303e-07,1.5605880409929835e-07,1.5605993678403047e-07,1.560610674683357e-07,1.5606219615342901e-07,1.5606332284051597e-07,1.5606444753081098e-07,1.560655702255209e-07,1.5606669092585448e-07,1.5606780963301878e-07,1.5606892634822566e-07,1.5607004107267377e-07,1.5607115380757468e-07,1.560722645541299e-07,1.5607337331355246e-07,1.5607448008703226e-07,1.5607558487577876e-07,1.5607668768098959e-07,1.5607778850387724e-07,1.56078887345633e-07,1.560799842074589e-07,1.5608107909056204e-07,1.5608217199612374e-07,1.5608326292534663e-07,1.5608435187943126e-07,1.5608543885955264e-07,1.5608652386687615e-07,1.5608760690269295e-07,1.5608868796818615e-07,1.5608976706451825e-07,1.5609084419287537e-07,1.5609191935445178e-07,1.5609299255044123e-07,1.5609406378203327e-07,1.5609513305042162e-07,1.5609620035677627e-07,1.5609726570230287e-07,1.5609832908819005e-07,1.5609939051563338e-07,1.5610044998580788e-07,1.5610150749990245e-07,1.5610256305909596e-07,1.5610361666457391e-07,1.561046683175229e-07,1.561057180191243e-07,1.5610676577055975e-07,1.5610781157301142e-07,1.5610885542765472e-07,1.5610989733567964e-07,1.561109372982548e-07,1.561119753165653e-07,1.5611301139178623e-07,1.5611404552509345e-07,1.5611507771766829e-07,1.5611610797068407e-07,1.5611713628531297e-07,1.5611816266273118e-07,1.56119187104112e-07,1.5612020961062943e-07,1.561212301834557e-07,1.5612224882375963e-07,1.5612326553271436e-07,1.561242803114891e-07,1.5612529316125412e-07,1.5612630408317657e-07,1.5612731307842377e-07,1.5612832014816894e-07,1.5612932529356804e-07,1.5613032851579548e-07,1.5613132981601265e-07,1.5613232919538532e-07,1.5613332665507512e-07,1.561343221962513e-07,1.5613531582006762e-07,1.5613630752769265e-07,1.5613729732026018e-07,1.5613828519895236e-07,1.5613927116492877e-07,1.5614025521934598e-07,1.561412373633644e-07,1.5614221759813686e-07,1.5614319592482614e-07,1.5614417234457434e-07,1.5614514685854495e-07,1.561461194678812e-07,1.5614709017380283e-07,1.5614805897740715e-07,1.5614902587986367e-07,1.561499908823086e-07,1.5615095398590847e-07,1.5615191519175938e-07,1.5615287450107915e-07,1.5615383191500983e-07,1.561547874346971e-07,1.5615574106128394e-07,1.5615669279591685e-07,1.5615764263974084e-07,1.5615859059390203e-07,1.5615953665954453e-07,1.561604808378105e-07,1.56161423129848e-07,1.561623635367964e-07,1.5616330205979698e-07,1.5616423869999198e-07,1.5616517345852185e-07,1.5616610633652962e-07,1.561670373351509e-07,1.5616796645552792e-07,1.5616889369879788e-07,1.5616981906609393e-07,1.561707425585598e-07,1.561716641773291e-07,1.5617258392353585e-07,1.5617350179831463e-07,1.561744178028039e-07,1.5617533193813104e-07,1.5617624420543145e-07,1.5617715460584062e-07,1.5617806314048357e-07,1.5617896981049552e-07,1.5617987461700686e-07,1.561807775611446e-07,1.561816786440375e-07,1.5618257786681465e-07,1.5618347523059706e-07,1.5618437073651787e-07,1.5618526438570264e-07,1.5618615617927585e-07,1.561870461183651e-07,1.5618793420409107e-07,1.5618882043757916e-07,1.5618970481981908e-07,1.561905873520155e-07,1.5619146803542514e-07,1.5619234687108414e-07,1.561932238602093e-07,1.561940990038201e-07,1.5619497230303655e-07,1.5619584375897621e-07,1.5619671337278221e-07,1.561975811455438e-07,1.5619844707837208e-07,1.5619931117239108e-07,1.5620017342871567e-07,1.562010338484622e-07,1.562018924327393e-07,1.562027491826631e-07,1.5620360409933818e-07,1.5620445718388236e-07,1.5620530843740013e-07,1.5620615786093003e-07,1.5620700545574296e-07,1.5620785122286457e-07,1.5620869516340292e-07,1.5620953727846122e-07,1.562103775691502e-07,1.5621121603657574e-07,1.562120526818393e-07,1.56212887506047e-07,1.5621372051030653e-07,1.5621455169571756e-07,1.5621538106346848e-07,1.5621620861449764e-07,1.5621703434997127e-07,1.5621785827101496e-07,1.5621868037871553e-07,1.56219500674185e-07,1.5622031915850792e-07,1.5622113583277057e-07,1.5622195069810148e-07,1.5622276375556845e-07,1.5622357500629851e-07,1.5622438445137332e-07,1.5622519209187962e-07,1.56225997928917e-07,1.562268019635835e-07,1.5622760419696955e-07,1.5622840463017107e-07,1.5622920326426627e-07,1.562300001003587e-07,1.5623079513954544e-07,1.5623158838289405e-07,1.562323798315148e-07,1.5623316948647548e-07,1.5623395734887516e-07,1.5623474341980016e-07,1.562355277003351e-07,1.5623631019156964e-07,1.5623709089458612e-07,1.5623786981050764e-07,1.5623864694034333e-07,1.562394222851986e-07,1.562401958461825e-07,1.56240967624366e-07,1.5624173762082846e-07,1.5624250583664891e-07,1.5624327227291008e-07,1.562440369307e-07,1.562447998110984e-07,1.5624556091515758e-07,1.5624632024397157e-07,1.5624707779861665e-07,1.5624783358015784e-07,1.5624858758969338e-07,1.5624933982828612e-07,1.5625009029711083e-07,1.5625083899713916e-07,1.5625158592944234e-07,1.5625233109509393e-07,1.562530744950607e-07,1.5625381613053925e-07,1.562545560025753e-07,1.562552941122452e-07,1.5625603046061492e-07,1.562567650487555e-07,1.5625749787773326e-07,1.562582289486133e-07,1.5625895826246603e-07,1.5625968582035556e-07,1.5626041162334661e-07,1.5626113567250325e-07,1.5626185796889403e-07,1.5626257851357546e-07,1.562632973076161e-07,1.562640143520722e-07,1.5626472964801054e-07,1.5626544319648755e-07,1.5626615499856805e-07,1.5626686505531037e-07,1.562675733677699e-07,1.5626827993700769e-07,1.562689847640799e-07,1.5626968785004676e-07,1.5627038919596202e-07,1.562710888028833e-07,1.5627178667186008e-07,1.5627248280394696e-07,1.5627317720019906e-07,1.562738698616732e-07,1.5627456078941873e-07,1.562752499844952e-07,1.5627593744794612e-07,1.562766231808257e-07,1.562773071841843e-07,1.5627798945907066e-07,1.5627867000653477e-07,1.562793488276207e-07,1.5628002592338138e-07,1.5628070129486034e-07,1.5628137494310343e-07,1.562820468691623e-07,1.5628271707407306e-07,1.5628338555888583e-07,1.5628405232464775e-07,1.5628471737239444e-07,1.5628538070317282e-07,1.5628604231802182e-07,1.5628670221798563e-07,1.562873604041073e-07,1.5628801687741979e-07,1.5628867163897312e-07,1.5628932468979472e-07,1.5628997603092615e-07,1.5629062566341256e-07,1.562912735882811e-07,1.562919198065774e-07,1.5629256431933242e-07,1.5629320712758025e-07,1.5629384823235963e-07,1.5629448763470098e-07,1.5629512533563293e-07,1.5629576133619812e-07,1.5629639563742222e-07,1.5629702824033806e-07,1.5629765914597824e-07,1.5629828835537034e-07,1.562989158695462e-07,1.5629954168953402e-07,1.5630016581636014e-07,1.563007882510553e-07,1.563014089946461e-07,1.5630202804815794e-07,1.5630264541261694e-07,1.563032610890514e-07,1.5630387507848413e-07,1.563044873819377e-07,1.5630509800043422e-07,1.5630570693500483e-07,1.5630631418666314e-07,1.5630691975643467e-07,1.5630752364533965e-07,1.563081258543959e-07,1.563087263846305e-07,1.5630932523705664e-07,1.5630992241269633e-07,1.5631051791256405e-07,1.5631111173768068e-07,1.563117038890606e-07,1.563122943677228e-07,1.5631288317468004e-07,1.5631347031094176e-07,1.5631405577753317e-07,1.5631463957546311e-07,1.5631522170580835e-07,1.5631580216952245e-07,1.5631638096754796e-07,1.5631695810096235e-07,1.5631753357081048e-07,1.5631810737803745e-07,1.5631867952368917e-07,1.5631925000876355e-07,1.5631981883427545e-07,1.563203860012327e-07,1.563209515106406e-07,1.5632151536350567e-07,1.5632207756083558e-07,1.563226381036754e-07,1.5632319699298746e-07,1.5632375422974318e-07,1.5632430981498217e-07,1.563248637497064e-07,1.563254160349264e-07,1.5632596667163522e-07,1.5632651566083516e-07,1.5632706300351615e-07,1.5632760870068972e-07,1.563281527533558e-07,1.5632869516251352e-07,1.563292359291587e-07,1.5632977505429225e-07,1.5633031253890697e-07,1.5633084838398188e-07,1.5633138259052973e-07,1.5633191515953853e-07,1.5633244609204588e-07,1.5633297538901938e-07,1.5633350305144608e-07,1.5633402908031903e-07,1.5633455347662988e-07,1.563350762413774e-07,1.5633559737552486e-07,1.5633611688009278e-07,1.5633663475607312e-07,1.5633715100444734e-07,1.5633766562620646e-07,1.5633817862233273e-07,1.5633868999380906e-07,1.5633919974162837e-07,1.563397078667809e-07,1.5634021437024707e-07,1.5634071925301414e-07,1.5634122251608325e-07,1.5634172416040638e-07,1.563422241869835e-07,1.5634272259683443e-07,1.5634321939085863e-07,1.563437145700933e-07,1.563442081355222e-07,1.5634470008810647e-07,1.563451904288171e-07,1.5634567915865945e-07,1.5634616627860415e-07,1.5634665178960151e-07,1.5634713569265953e-07,1.5634761798874837e-07,1.5634809867884548e-07,1.5634857776392977e-07,1.563490552449774e-07,1.5634953112295862e-07,1.5635000539885562e-07,1.563504780736378e-07,1.5635094914827743e-07,1.5635141862374657e-07,1.5635188650101896e-07,1.5635235278106248e-07,1.5635281746485226e-07,1.5635328055335207e-07,1.5635374204756205e-07,1.563542019484256e-07,1.5635466025690833e-07,1.56355116973979e-07,1.5635557210060595e-07,1.563560256377639e-07,1.5635647758640815e-07,1.563569279475066e-07,1.563573767220197e-07,1.5635782391092652e-07,1.5635826951518137e-07,1.5635871353573843e-07,1.5635915597357126e-07,1.56359596829639e-07,1.5636003610490403e-07,1.5636047380032437e-07,1.5636090991686517e-07,1.5636134445549092e-07,1.5636177741715316e-07,1.5636220880281462e-07,1.563626386134294e-07,1.563630668499608e-07,1.5636349351335953e-07,1.5636391860458298e-07,1.5636434212458876e-07,1.5636476407433657e-07,1.5636518445479625e-07,1.5636560326687915e-07,1.5636602051156762e-07,1.5636643618980524e-07,1.5636685030254796e-07,1.5636726285075021e-07,1.5636767383537057e-07,1.5636808325734875e-07,1.5636849111763964e-07,1.5636889741717883e-07,1.563693021569298e-07,1.56369705337837e-07,1.5637010696085502e-07,1.5637050702692234e-07,1.5637090553698389e-07,1.5637130249195838e-07,1.563716978928597e-07,1.5637209174059702e-07,1.563724840361158e-07,1.5637287478035905e-07,1.563732639742734e-07,1.563736516187981e-07,1.5637403771487812e-07,1.5637442226345135e-07,1.5637480526546847e-07,1.5637518672185835e-07,1.5637556663356641e-07,1.5637594500153126e-07,1.5637632182669232e-07,1.5637669711000143e-07,1.5637707085237107e-07,1.5637744305476353e-07,1.5637781371809114e-07,1.5637818284332117e-07,1.5637855043134958e-07,1.5637891648313405e-07,1.5637928099958833e-07,1.56379643981681e-07,1.5638000543032923e-07,1.5638036534646268e-07,1.5638072373101334e-07,1.5638108058493345e-07,1.5638143590912977e-07,1.563817897045393e-07,1.5638214197212099e-07,1.563824927127513e-07,1.5638284192734259e-07,1.563831896169112e-07,1.5638353578233547e-07,1.563838804245519e-07,1.56384223544479e-07,1.5638456514304236e-07,1.5638490522116976e-07,1.5638524377978392e-07,1.563855808198273e-07,1.563859163421298e-07,1.563862503477112e-07,1.563865828375517e-07,1.5638691381251703e-07,1.5638724327350844e-07,1.5638757122143817e-07,1.5638789765723728e-07,1.5638822258183217e-07,1.563885459961379e-07,1.5638886790107866e-07,1.5638918829757004e-07,1.5638950718652867e-07,1.5638982456885527e-07,1.5639014044550343e-07,1.5639045481737427e-07,1.5639076768538009e-07,1.563910790504426e-07,1.5639138891346399e-07,1.563916972753615e-07,1.5639200413706727e-07,1.563923094994763e-07,1.5639261336349941e-07,1.563929157300248e-07,1.5639321660002605e-07,1.563935159743795e-07,1.5639381385399982e-07,1.5639411023979153e-07,1.563944051326617e-07,1.5639469853350686e-07,1.5639499044326177e-07,1.5639528086283805e-07,1.5639556979313708e-07,1.563958572350607e-07,1.5639614318952255e-07,1.563964276574145e-07,1.563967106396446e-07,1.563969921371543e-07,1.5639727215079333e-07,1.5639755068146954e-07,1.5639782773010622e-07,1.5639810329760105e-07,1.563983773848525e-07,1.5639864999276602e-07,1.5639892112228366e-07,1.5639919077425495e-07,1.5639945894958907e-07,1.563997256491801e-07,1.563999908739303e-07,1.5640025462473703e-07,1.564005169024985e-07,1.5640077770810703e-07,1.564010370424681e-07,1.5640129490647166e-07,1.564015513010134e-07,1.564018062269913e-07,1.5640205968529974e-07,1.564023116768306e-07,1.5640256220247648e-07,1.5640281126313158e-07,1.564030588596894e-07,1.5640330499304353e-07,1.564035496640787e-07,1.564037928736935e-07,1.564040346227714e-07,1.5640427491219e-07,1.5640451374285248e-07,1.56404751115649e-07,1.5640498703147107e-07,1.5640522149120074e-07,1.5640545449574695e-07,1.5640568604601054e-07,1.5640591614284238e-07,1.5640614478711812e-07,1.5640637197973315e-07,1.5640659772157032e-07,1.5640682201346035e-07,1.5640704485634126e-07,1.5640726625112332e-07,1.5640748619865913e-07,1.564077046998363e-07,1.564079217555331e-07,1.564081373666289e-07,1.5640835153400783e-07,1.564085642585513e-07,1.5640877554113e-07,1.5640898538263001e-07,1.564091937839281e-07,1.5640940074590156e-07,1.564096062694287e-07,1.564098103553646e-07,1.564100130046023e-07,1.5641021421802058e-07,1.5641041399648553e-07,1.56410612340902e-07,1.5641080925211476e-07,1.5641100473100325e-07,1.5641119877844918e-07,1.5641139139531141e-07,1.5641158258247325e-07,1.5641177234080567e-07,1.564119606711761e-07,1.5641214757444476e-07,1.5641233305149127e-07,1.5641251710320809e-07,1.5641269973039308e-07,1.564128809339877e-07,1.564130607148325e-07,1.5641323907380175e-07,1.5641341601174463e-07
14,4.226774114290664e-64,1.7904779115666526e-63,4.696325516271501e-63,9.790873312743707e-63,1.7773460136627173e-62,2.939164244573189e-62,4.544472672968339e-62,6.678832882243544e-62,9.433859029329852e-62,1.2907557141257381e-61,1.720457641547434e-61,2.243638415285077e-61,2.8721380848670157e-61,3.618497133971937e-61,4.495960523358818e-61,5.518479677657703e-61,6.700713154751078e-61,8.058026512581056e-61,9.606491718709812e-61,1.136288632547018e-60,1.3344692550198727e-60,1.5570096333042697e-60,1.8057986426906905e-60,2.0827953536744102e-60,2.3900289505718002e-60,2.729598655620102e-60,3.103673657672974e-60,3.51449304486325e-60,3.9643657405432456e-60,4.4556704418663047e-60,4.990855560457209e-60,5.572439164710947e-60,6.20300892334646e-60,6.885222049920408e-60,7.621805248069884e-60,8.415554657307864e-60,9.269335799237199e-60,1.0186083524082296e-59,1.1168801957463477e-59,1.2220564447358607e-59,1.3344513511211025e-59,1.454386078315489e-59,1.5821886961334466e-59,1.7181941755304191e-59,1.862744383349641e-59,2.01618807707496e-59,2.178880899589089e-59,2.3511853739369177e-59,2.5334708980935544e-59,2.7261137397369457e-59,2.9294970310248234e-59,3.1440107633759826e-59,3.3700517822557874e-59,3.608023781965798e-59,3.8583373004375457e-59,4.121409714030402e-59,4.39766523233352e-59,4.687534892971818e-59,4.991456556416044e-59,5.309874900796887e-59,5.643241416723053e-59,5.9920144021034525e-59,6.356658956973419e-59,6.737646978324799e-59,7.135457154940253e-59,7.550574962231443e-59,7.983492657081257e-59,8.434709272690012e-59,8.90473061342579e-59,9.39406924967859e-59,9.90324451271853e-59,1.0432782489558089e-58,1.0983216017818336e-58,1.1555084680599151e-58,1.2148934801353278e-58,1.2765319438764587e-58,1.3404798381630126e-58,1.4067938143746277e-58,1.4755311958798797e-58,1.5467499775256832e-58,1.6205088251270927e-58,1.6968670749575044e-58,1.7758847332392353e-58,1.857622475634519e-58,1.942141646736884e-58,2.0295042595629386e-58,2.1197729950445205e-58,2.2130112015212893e-58,2.3092828942336728e-58,2.4086527548162142e-58,2.5111861307913208e-58,2.616949035063428e-58,2.726008145413475e-58,2.8384308039938895e-58,2.9542850168238876e-58,3.073639453285134e-58,3.196563445617898e-58,3.323126988417522e-58,3.453400738131309e-58,3.5874560125557805e-58,3.725364790334354e-58,3.867199710455391e-58,4.013034071750631e-58,4.162941832394023e-58,4.316997609400961e-58,4.475276678127847e-58,4.6378549717721926e-58,4.8048090808728696e-58,4.976216252810963e-58,5.152154391310914e-58,5.332702055942033e-58,5.517938461620574e-58,5.707943478111846e-58,5.9027976295330596e-58,6.102582093856382e-58,6.307378702412413e-58,6.517269939394089e-58,6.732338941360826e-58,6.952669496743288e-58,7.178346045348322e-58,7.409453677864378e-58,7.646078135367316e-58,7.888305808826555e-58,8.136223738611614e-58,8.389919613999087e-58,8.649481772679944e-58,8.91499920026721e-58,9.186561529804093e-58,9.46425904127241e-58,9.748182661101456e-58,1.003842396167724e-57,1.0335075160852071e-57,1.0638229121454552e-57,1.0947979350799975e-57,1.126442000020104e-57,1.1587645864479008e-57,1.1917752381475196e-57,1.2254835631562886e-57,1.2598992337159553e-57,1.2950319862239562e-57,1.3308916211847152e-57,1.367488003160986e-57,1.404831060725229e-57,1.442930786411029e-57,1.4817972366645468e-57,1.5214405317960095e-57,1.561870855931242e-57,1.603098456963232e-57,1.645133646503733e-57,1.6879867998349106e-57,1.7316683558610138e-57,1.7761888170600964e-57,1.821558749435774e-57,1.8677887824690086e-57,1.9148896090699443e-57,1.9628719855297678e-57,2.0117467314726174e-57,2.0615247298075197e-57,2.1122169266803686e-57,2.1638343314259455e-57,2.2163880165199673e-57,2.2698891175311775e-57,2.3243488330734752e-57,2.379778424758077e-57,2.4361892171457218e-57,2.4935925976989076e-57,2.5520000167341655e-57,2.6114229873743737e-57,2.671873085501112e-57,2.733361949707041e-57,2.7959012812483295e-57,2.859502843997118e-57,2.9241784643940095e-57,2.9899400314006105e-57,3.0567994964521e-57,3.1247688734098357e-57,3.193860238513998e-57,3.264085730336279e-57,3.3354575497325914e-57,3.407987959795834e-57,3.481689285808673e-57,3.556573915196376e-57,3.632654297479674e-57,3.70994294422767e-57,3.7884524290107703e-57,3.868195387353655e-57,3.949184516688303e-57,4.03143257630703e-57,4.114952387315576e-57,4.19975683258622e-57,4.2858588567109426e-57,4.373271465954619e-57,4.46200772820825e-57,4.552080772942216e-57,4.6435037911595915e-57,4.7362900353494953e-57,4.8304528194404325e-57,4.9260055187537344e-57,5.022961569956981e-57,5.121334471017515e-57,5.221137781155934e-57,5.322385120799652e-57,5.4250901715365e-57,5.529266676068344e-57,5.634928438164754e-57,5.742089322616699e-57,5.850763255190289e-57,5.960964222580542e-57,6.072706272365178e-57,6.186003512958489e-57,6.300870113565196e-57,6.417320304134377e-57,6.535368375313403e-57,6.655028678401938e-57,6.776315625305957e-57,6.899243688491795e-57,7.02382740094025e-57,7.150081356100713e-57,7.278020207845311e-57,7.407658670423154e-57,7.539011518414509e-57,7.672093586685125e-57,7.806919770340498e-57,7.943505024680248e-57,8.081864365152472e-57,8.222012867308168e-57,8.363965666755678e-57,8.507737959115181e-57,8.653344999973193e-57,8.800802104837143e-57,8.950124649089946e-57,9.10132806794464e-57,9.254427856399033e-57,9.409439569190409e-57,9.56637882075028e-57,9.725261285159058e-57,9.886102696100987e-57,1.0048918846818898e-56,1.021372559006909e-56,1.0380538838076246e-56,1.0549374562488383e-56,1.0720248794331799e-56,1.0893177623966099e-56,1.1068177201039248e-56,1.1245263734442647e-56,1.1424453492266237e-56,1.1605762801753676e-56,1.1789208049257482e-56,1.1974805680194292e-56,1.2162572199000106e-56,1.2352524169085557e-56,1.254467821279126e-56,1.2739051011343163e-56,1.293565930480793e-56,1.313451989204838e-56,1.3335649630678946e-56,1.3539065437021173e-56,1.374478428605925e-56,1.3952823211395574e-56,1.4163199305206357e-56,1.4375929718197234e-56,1.4591031659558972e-56,1.4808522396923161e-56,1.5028419256317928e-56,1.525073962212377e-56,1.5475500937029262e-56,1.5702720701987029e-56,1.5932416476169483e-56,1.6164605876924823e-56,1.6399306579732961e-56,1.6636536318161487e-56,1.687631288382168e-56,1.7118654126324595e-56,1.736357795323708e-56,1.7611102330037931e-56,1.7861245280074042e-56,1.8114024884516571e-56,1.8369459282317155e-56,1.8627566670164194e-56,1.8888365302439075e-56,1.915187349117257e-56,1.9418109606001116e-56,1.968709207412325e-56,1.9958839380255995e-56,2.0233370066591363e-56,2.051070273275277e-56,2.079085603575161e-56,2.1073848689943816e-56,2.1359699466986424e-56,2.16484271957942e-56,2.1940050762496297e-56,2.2234589110392966e-56,2.253206123991226e-56,2.2832486208566755e-56,2.313588313091044e-56,2.3442271178495444e-56,2.375166957982893e-56,2.406409762033e-56,2.4379574642286627e-56,2.4698120044812564e-56,2.5019753283804394e-56,2.53444938718985e-56,2.567236137842817e-56,2.600337542938066e-56,2.6337555707354345e-56,2.667492195151586e-56,2.701549395755729e-56,2.735929157765337e-56,2.7706334720418835e-56,2.805664335086561e-56,2.841023749036018e-56,2.8767137216580945e-56,2.912736266347559e-56,2.949093402121856e-56,2.985787153616847e-56,3.0228195510825563e-56,3.060192630378934e-56,3.0979084329716025e-56,3.135969005927618e-56,3.1743764019112327e-56,3.213132679179664e-56,3.2522399015788564e-56,3.2917001385392565e-56,3.331515465071591e-56,3.37168796176264e-56,3.412219714771026e-56,3.453112815822992e-56,3.494369362208192e-56,3.535991456775486e-56,3.57798120792873e-56,3.620340729622578e-56,3.663072141358286e-56,3.7061775681795027e-56,3.7496591406680994e-56,3.7935189949399597e-56,3.837759272640814e-56,3.882382120942033e-56,3.9273896925364776e-56,3.972784145634299e-56,4.018567643958778e-56,4.064742356742153e-56,4.111310458721458e-56,4.158274130134351e-56,4.205635556714962e-56,4.253396929689732e-56,4.301560445773261e-56,4.350128307164159e-56,4.399102721540909e-56,4.448485902057697e-56,4.498280067340303e-56,4.548487441481944e-56,4.5991102540391445e-56,4.650150740027608e-56,4.701611139918092e-56,4.753493699632277e-56,4.805800670538648e-56,4.858534309448381e-56,4.911696878611222e-56,4.9652906457113825e-56,5.019317883863423e-56,5.073780871608157e-56,5.1286818929085375e-56,5.184023237145574e-56,5.2398071991142225e-56,5.296036079019304e-56,5.352712182471404e-56,5.409837820482802e-56,5.467415309463371e-56,5.525446971216513e-56,5.583935132935071e-56,5.642882127197266e-56,5.702290291962617e-56,5.762161970567881e-56,5.822499511722988e-56,5.883305269506978e-56,5.944581603363946e-56,6.006330878098985e-56,6.068555463874138e-56,6.131257736204352e-56,6.1944400759534185e-56,6.258104869329953e-56,6.322254507883344e-56,6.386891388499716e-56,6.452017913397901e-56,6.517636490125412e-56,6.583749531554415e-56,6.650359455877698e-56,6.717468686604661e-56,6.785079652557296e-56,6.853194787866176e-56,6.921816531966438e-56,6.9909473295937855e-56,7.060589630780471e-56,7.130745890851306e-56,7.201418570419668e-56,7.272610135383474e-56,7.344323056921236e-56,7.416559811488032e-56,7.4893228808115415e-56,7.562614751888052e-56,7.636437916978493e-56,7.710794873604432e-56,7.785688124544158e-56,7.861120177828642e-56,7.93709354673761e-56,8.013610749795566e-56,8.090674310767846e-56,8.168286758656647e-56,8.246450627697062e-56,8.32516845735316e-56,8.404442792314006e-56,8.48427618248973e-56,8.56467118300758e-56,8.645630354207999e-56,8.727156261640648e-56,8.809251476060525e-56,8.891918573423992e-56,8.975160134884867e-56,9.058978746790501e-56,9.143377000677843e-56,9.228357493269542e-56,9.313922826470021e-56,9.400075607361562e-56,9.486818448200391e-56,9.574153966412796e-56,9.662084784591201e-56,9.750613530490275e-56,9.839742837023039e-56,9.929475342256963e-56,1.0019813689410082e-55,1.0110760526847095e-55,1.0202318508075504e-55,1.0294490291741721e-55,1.038727854162717e-55,1.0480685926644442e-55,1.0574715120833403e-55,1.0669368803357334e-55,1.0764649658499052e-55,1.0860560375657063e-55,1.0957103649341686e-55,1.1054282179171211e-55,1.1152098669868033e-55,1.1250555831254781e-55,1.1349656378250517e-55,1.1449403030866846e-55,1.15497985142041e-55,1.1650845558447487e-55,1.175254689886326e-55,1.1854905275794863e-55,1.1957923434659136e-55,1.2061604125942452e-55,1.216595010519691e-55,1.2270964133036521e-55,1.2376648975133363e-55,1.2483007402213791e-55,1.2590042190054598e-55,1.2697756119479235e-55,1.2806151976353987e-55,1.291523255158417e-55,1.3025000641110307e-55,1.3135459045904388e-55,1.3246610571966022e-55,1.335845803031865e-55,1.3471004237005788e-55,1.3584252013087212e-55,1.3698204184635183e-55,1.3812863582730653e-55,1.3928233043459519e-55,1.4044315407908816e-55,1.4161113522162964e-55,1.4278630237299988e-55,1.4396868409387759e-55,1.4515830899480232e-55,1.4635520573613672e-55,1.4755940302802927e-55,1.4877092963037633e-55,1.4998981435278496e-55,1.5121608605453526e-55,1.5244977364454292e-55,1.5369090608132204e-55,1.5493951237294726e-55,1.5619562157701677e-55,1.5745926280061492e-55,1.5873046520027486e-55,1.6000925798194103e-55,1.6129567040093246e-55,1.625897317619048e-55,1.6389147141881395e-55,1.6520091877487823e-55,1.6651810328254152e-55,1.6784305444343616e-55,1.691758018083458e-55,1.7051637497716838e-55,1.7186480359887913e-55,1.732211173714936e-55,1.745853460420306e-55,1.7595751940647517e-55,1.7733766730974207e-55,1.7872581964563847e-55,1.801220063568273e-55,1.8152625743479046e-55,1.8293860291979196e-55,1.8435907290084113e-55,1.85787697515656e-55,1.8722450695062625e-55,1.886695314407772e-55,1.9012280126973244e-55,1.915843467696776e-55,1.9305419832132383e-55,1.9453238635387083e-55,1.960189413449707e-55,1.975138938206912e-55,1.9901727435547954e-55,2.0052911357212554e-55,2.020494421417257e-55,2.035782907836461e-55,2.0511569026548693e-55,2.066616714030453e-55,2.0821626506027954e-55,2.097795021492726e-55,2.11351413630196e-55,2.1293203051127314e-55,2.145213838487438e-55,2.161195047468274e-55,2.1772642435768725e-55,2.1934217388139423e-55,2.209667845658906e-55,2.2260028770695426e-55,2.2424271464816234e-55,2.258940967808555e-55,2.2755446554410186e-55,2.2922385242466095e-55,2.30902288956948e-55,2.3258980672299785e-55,2.3428643735242938e-55,2.3599221252240916e-55,2.377071639576161e-55,2.3943132343020554e-55,2.4116472275977344e-55,2.4290739381332078e-55,2.4465936850521776e-55,2.46420678797168e-55,2.4819135669817333e-55,2.499714342644977e-55,2.5176094359963174e-55,2.5355991685425753e-55,2.5536838622621256e-55,2.571863839604545e-55,2.5901394234902587e-55,2.608510937310182e-55,2.626978704925368e-55,2.6455430506666576e-55,2.6642042993343183e-55,2.682962776197697e-55,2.7018188069948626e-55,2.7207727179322577e-55,2.73982483568434e-55,2.75897548739324e-55,2.7782250006683965e-55,2.7975737035862107e-55,2.8170219246896993e-55,2.8365699929881363e-55,2.8562182379567065e-55,2.8759669895361505e-55,2.8958165781324202e-55,2.915767334616323e-55,2.935819590323175e-55,2.955973677052452e-55,2.9762299270674374e-55,2.9965886730948773e-55,3.0170502483246273e-55,3.037614986409307e-55,3.0582832214639513e-55,3.079055288065661e-55,3.0999315212532582e-55,3.1209122565269352e-55,3.1419978298479093e-55,3.1631885776380766e-55,3.184484836779665e-55,3.205886944614886e-55,3.2273952389455915e-55,3.2490100580329275e-55,3.270731740596984e-55,3.292560625816456e-55,3.3144970533283e-55,3.336541363227379e-55,3.358693896066125e-55,3.3809549928542005e-55,3.403324995058142e-55,3.425804244601026e-55,3.448393083862121e-55,3.471091855676548e-55,3.493900903334932e-55,3.5168205705830665e-55,3.539851201621563e-55,3.5629931411055195e-55,3.5862467341441685e-55,3.6096123263005414e-55,3.633090263591126e-55,3.6566808924855235e-55,3.680384559906112e-55,3.704201613227702e-55,3.7281324002771984e-55,3.75217726933326e-55,3.776336569125958e-55,3.8006106488364416e-55,3.8249998580965915e-55,3.8495045469886914e-55,3.874125066045078e-55,3.89886176624781e-55,3.923714999028327e-55,3.948685116267114e-55,3.9737724702933605e-55,3.9989774138846276e-55,4.024300300266506e-55,4.0497414831122846e-55,4.07530131654261e-55,4.10098015512515e-55,4.1267783538742614e-55,4.1526962682506506e-55,4.178734254161041e-55,4.204892667957833e-55,4.231171866438778e-55,4.2575722068466304e-55,4.284094046868829e-55,4.310737744637149e-55,4.337503658727376e-55,4.3643921481589704e-55,4.3914035723947345e-55,4.418538291340477e-55,4.445796665344682e-55,4.473179055198176e-55,4.500685822133798e-55,4.528317327826063e-55,4.556073934390834e-55,4.583956004384987e-55,4.611963900806085e-55,4.640097987092038e-55,4.66835862712078e-55,4.6967461852099385e-55,4.7252610261164986e-55,4.753903515036477e-55,4.782674017604591e-55,4.811572899893934e-55,4.8406005284156326e-55,4.869757270118537e-55,4.899043492388874e-55,4.9284595630499274e-55,4.958005850361712e-55,4.987682723020641e-55,5.017490550159199e-55,5.047429701345615e-55,5.077500546583535e-55,5.1077034563116954e-55,5.138038801403599e-55,5.1685069531671804e-55,5.199108283344489e-55,5.2298431641113576e-55,5.260711968077081e-55,5.291715068284084e-55,5.3228528382076026e-55,5.354125651755355e-55,5.385533883267219e-55,5.417077907514906e-55,5.4487580997016395e-55,5.480574835461828e-55,5.5125284908607426e-55,5.544619442394197e-55,5.576848066988215e-55,5.609214741998717e-55,5.6417198452111964e-55,5.674363754840394e-55,5.707146849529967e-55,5.74006950835219e-55,5.77313211080761e-55,5.806335036824741e-55,5.839678666759734e-55,5.873163381396055e-55,5.906789561944178e-55,5.940557590041244e-55,5.974467847750759e-55,6.008520717562264e-55,6.042716582391013e-55,6.077055825577663e-55,6.111538830887953e-55,6.146165982512376e-55,6.180937665065871e-55,6.215854263587497e-55,6.25091616354012e-55,6.286123750810092e-55,6.321477411706932e-55,6.356977532963016e-55,6.392624501733249e-55,6.428418705594761e-55,6.4643605325465696e-55,6.50045037100929e-55,6.536688609824798e-55,6.573075638255924e-55,6.609611845986133e-55,6.646297623119218e-55,6.683133360178965e-55,6.720119448108861e-55,6.757256278271763e-55,6.794544242449592e-55,6.831983732843017e-55,6.869575142071139e-55,6.907318863171175e-55,6.945215289598154e-55,6.983264815224594e-55,7.021467834340187e-55,7.059824741651503e-55,7.098335932281653e-55,7.137001801770002e-55,7.175822746071832e-55,7.214799161558055e-55,7.253931445014882e-55,7.29321999364352e-55,7.332665205059859e-55,7.372267477294161e-55,7.412027208790753e-55,7.451944798407712e-55,7.492020645416558e-55,7.532255149501936e-55,7.572648710761324e-55,7.613201729704701e-55,7.653914607254258e-55,7.694787744744078e-55,7.735821543919828e-55,7.777016406938452e-55,7.818372736367866e-55,7.859890935186638e-55,7.901571406783708e-55,7.943414554958042e-55,7.985420783918353e-55,8.027590498282785e-55,8.06992410307861e-55,8.112422003741905e-55,8.155084606117275e-55,8.197912316457525e-55,8.24090554142335e-55,8.284064688083054e-55,8.327390163912222e-55,8.370882376793417e-55,8.414541735015894e-55,8.458368647275275e-55,8.502363522673247e-55,8.546526770717273e-55,8.590858801320268e-55,8.635360024800311e-55,8.68003085188033e-55,8.72487169368781e-55,8.769882961754478e-55,8.815065068016011e-55,8.860418424811727e-55,8.905943444884282e-55,8.951640541379376e-55,8.99751012784544e-55,9.043552618233338e-55,9.089768426896073e-55,9.136157968588483e-55,9.18272165846693e-55,9.229459912089008e-55,9.276373145413249e-55,9.323461774798804e-55,9.37072621700516e-55,9.418166889191836e-55,9.465784208918076e-55,9.513578594142564e-55,9.561550463223114e-55,9.609700234916369e-55,9.658028328377512e-55,9.706535163159958e-55,9.755221159215066e-55,9.804086736891836e-55,9.853132316936608e-55,9.90235832049277e-55,9.951765169100455e-55,1.0001353284696252e-54,1.0051123089612902e-54,1.0101075006579008e-54,1.0151209458718734e-54,1.0201526869551507e-54,1.025202766299173e-54,1.0302712263348471e-54,1.035358109532519e-54,1.0404634584019426e-54,1.0455873154922504e-54,1.0507297233919247e-54,1.0558907247287678e-54,1.0610703621698731e-54,1.0662686784215939e-54,1.0714857162295166e-54,1.0767215183784294e-54,1.0819761276922946e-54,1.0872495870342175e-54,1.0925419393064178e-54,1.0978532274502013e-54,1.103183494445929e-54,1.1085327833129895e-54,1.113901137109769e-54,1.1192885989336217e-54,1.1246952119208415e-54,1.130121019246632e-54,1.135566064125079e-54,1.1410303898091194e-54,1.1465140395905139e-54,1.1520170567998162e-54,1.1575394848063456e-54,1.163081367018157e-54,1.1686427468820125e-54,1.1742236678833522e-54,1.1798241735462655e-54,1.1854443074334614e-54,1.1910841131462415e-54,1.1967436343244678e-54,1.2024229146465384e-54,1.2081219978293541e-54,1.2138409276282932e-54,1.219579747837181e-54,1.2253385022882607e-54,1.231117234852166e-54,1.2369159894378913e-54,1.242734809992764e-54,1.2485737405024148e-54,1.2544328249907496e-54,1.2603121075199216e-54,1.2662116321903007e-54,1.2721314431404472e-54,1.278071584547082e-54,1.284032100625058e-54,1.2900130356273327e-54,1.2960144338449385e-54,1.3020363396069538e-54,1.308078797280477e-54,1.3141418512705965e-54,1.3202255460203613e-54,1.3263299260107543e-54,1.3324550357606636e-54,1.338600919826854e-54,1.3447676228039383e-54,1.350955189324349e-54,1.3571636640583113e-54,1.3633930917138134e-54,1.3696435170365798e-54,1.3759149848100406e-54,1.3822075398553056e-54,1.3885212270311366e-54,1.394856091233916e-54,1.401212177397623e-54,1.407589530493802e-54,1.4139881955315363e-54,1.42040821755742e-54,1.4268496416555287e-54,1.433312512947394e-54,1.4397968765919724e-54,1.4463027777856195e-54,1.452830261762062e-54,1.4593793737923688e-54,1.4659501591849233e-54,1.472542663285397e-54,1.4791569314767193e-54,1.4857930091790513e-54,1.4924509418497572e-54,1.4991307749833792e-54,1.505832554111603e-54,1.5125563248032393e-54,1.519302132664188e-54,1.5260700233374155e-54,1.5328600425029246e-54,1.5396722358777276e-54,1.5465066492158186e-54,1.5533633283081478e-54,1.5602423189825888e-54,1.5671436671039172e-54,1.5740674185737786e-54,1.581013619330663e-54,1.5879823153498763e-54,1.5949735526435158e-54,1.6019873772604376e-54,1.6090238352862338e-54,1.6160829728432027e-54,1.6231648360903217e-54,1.6302694712232213e-54,1.6373969244741553e-54,1.6445472421119758e-54,1.6517204704421045e-54,1.658916655806506e-54,1.6661358445836597e-54,1.6733780831885354e-54,1.6806434180725607e-54,1.6879318957235995e-54,1.6952435626659215e-54,1.702578465460176e-54,1.7099366507033645e-54,1.7173181650288132e-54,1.7247230551061478e-54,1.7321513676412636e-54,1.7396031493763015e-54,1.747078447089618e-54,1.7545773075957594e-54,1.7620997777454364e-54,1.7696459044254945e-54,1.7772157345588892e-54,1.7848093151046566e-54,1.7924266930578892e-54,1.800067915449708e-54,1.807733029347235e-54,1.8154220818535659e-54,1.823135120107746e-54,1.830872191284741e-54,1.8386333425954097e-54,1.84641862128648e-54,1.8542280746405195e-54,1.8620617499759099e-54,1.86991969464682e-54,1.8778019560431794e-54,1.8857085815906525e-54,1.8936396187506096e-54,1.9015951150201033e-54,1.9095751179318382e-54,1.9175796750541477e-54,1.925608833990967e-54,1.933662642381804e-54,1.9417411479017163e-54,1.9498443982612805e-54,1.9579724412065705e-54,1.9661253245191278e-54,1.9743030960159357e-54,1.9825058035493953e-54,1.9907334950072925e-54,1.998986218312781e-54,2.0072640214243477e-54,2.0155669523357916e-54,2.0238950590761943e-54,2.0322483897098968e-54,2.040626992336469e-54,2.0490309150906886e-54,2.0574602061425105e-54,2.065914913697042e-54,2.0743950859945186e-54,2.0829007713102747e-54,2.0914320179547195e-54,2.09998887427331e-54,2.108571388646526e-54,2.117179609489842e-54,2.1258135852537025e-54,2.1344733644234976e-54,2.1431589955195317e-54,2.1518705270970043e-54,2.160608007745979e-54,2.1693714860913588e-54,2.1781610107928627e-54,2.1869766305449956e-54,2.1958183940770253e-54,2.2046863501529546e-54,2.213580547571498e-54,2.2225010351660552e-54,2.231447861804682e-54,2.2404210763900688e-54,2.249420727859513e-54,2.2584468651848915e-54,2.2674995373726398e-54,2.2765787934637204e-54,2.285684682533602e-54,2.2948172536922302e-54,2.3039765560840044e-54,2.3131626388877508e-54,2.3223755513166963e-54,2.3316153426184457e-54,2.3408820620749517e-54,2.3501757590024947e-54,2.3594964827516502e-54,2.368844282707272e-54,2.3782192082884577e-54,2.387621308948531e-54,2.3970506341750115e-54,2.4065072334895911e-54,2.4159911564481076e-54,2.42550245264052e-54,2.4350411716908825e-54,2.4446073632573193e-54,2.4542010770320013e-54,2.463822362741117e-54,2.4734712701448485e-54,2.4831478490373505e-54,2.4928521492467178e-54,2.502584220634965e-54,2.512344113098e-54,2.5221318765655984e-54,2.531947561001379e-54,2.5417912164027785e-54,2.5516628928010247e-54,2.5615626402611136e-54,2.5714905088817842e-54,2.581446548795492e-54,2.5914308101683847e-54,2.6014433432002766e-54,2.611484198124625e-54,2.621553425208504e-54,2.6316510747525777e-54,2.3558042310911558e-29,7.911400510708503e-29,1.7386017229262707e-28,3.1780978744635867e-28,5.236827130891555e-28,8.075878577097497e-28,1.1900213904818043e-27,1.6972082072757188e-27,2.362911290532082e-27,3.2308943849172808e-27,4.358307566254958e-27,5.820392029171367e-27,7.717094741974506e-27,1.0182486284613222e-26,1.3398354635626764e-26,1.7614121171923436e-26,2.3176498039987643e-26,3.057444652187087e-26,4.0508681374092954e-26,5.400147791148137e-26,7.257437770075022e-26,9.854360426554341e-26,1.3552617788386608e-25,1.8933700291040001e-25,2.6964163013606175e-25,3.931391213532771e-25,5.900132682470915e-25,9.178119261501623e-25,1.4934811525801559e-24,2.573762501653667e-24,4.778508771513313e-24,9.794437339664177e-24,2.3003887635638522e-23,6.666827652958601e-23,3.1483682942710786e-22,5.1304035680466336e-21,1.8888036378291678e-19,5.145099280475147e-18,7.343866220319521e-17,5.651722893542693e-16,2.67652839130786e-15,8.87172168345156e-15,2.2718392910043508e-14,4.820635543969307e-14,8.895588886423523e-14,1.475690832217002e-13,2.2520022496651566e-13,3.2137858619595454e-13,4.3410357531443045e-13,5.60183567261821e-13,6.95729816810137e-13,8.366869957632063e-13,9.792957833591707e-13,1.1204254530712581e-12,1.257759579159897e-12,1.3898461465641524e-12,1.5160306373810907e-12,1.6362905380402388e-12,1.75100146279924e-12,1.8606893844576296e-12,1.965833674031762e-12,2.0667608812382905e-12,2.1636258222728527e-12,2.2564473300187905e-12,2.34516299382253e-12,2.429679584343354e-12,2.5099096148215057e-12,2.5857932710888218e-12,2.6573086943958588e-12,2.7244743302827753e-12,2.787346500731887e-12,2.8460144844364474e-12,2.900594603658136e-12,2.951224225041483e-12,2.9980561773995008e-12,3.0412538290574683e-12,3.080986908420833e-12,3.117428059461529e-12,3.1507500749988474e-12,3.181123728277256e-12,3.2087161168745397e-12,3.2336894353959763e-12,3.256200100474796e-12,3.2763981606905046e-12,3.29442693355874e-12,3.3104228209139487e-12,3.324515262337412e-12,3.3368267936124206e-12,3.347473183478066e-12,3.3565636272604868e-12,3.3642009803839517e-12,3.3704820183639273e-12,3.375497712900329e-12,3.3793335160254348e-12,3.3820696462232276e-12,3.383781371957485e-12,3.3845392892429576e-12,3.3844095908835644e-12,3.383454325710904e-12,3.3817316467631846e-12,3.3792960477685923e-12,3.376198587660717e-12,3.3724871030423273e-12,3.3682064088157818e-12,3.3633984872144098e-12,3.3581026656419182e-12,3.352355783754076e-12,3.3461923502677158e-12,3.3396446900273607e-12,3.3327430818112834e-12,3.325515887430725e-12,3.3179896725778547e-12,3.3101893199587975e-12,3.30213813519237e-12,3.2938579458571155e-12,3.2853691941951127e-12,3.2766910238387366e-12,3.2678413609662936e-12,3.2588369902297374e-12,3.2496936257839755e-12,3.240425977832784e-12,3.2310478148309558e-12,3.221572021752455e-12,3.212010654666828e-12,3.202374991801089e-12,3.1926755813793206e-12,3.1829222864536113e-12,3.1731243268820946e-12,3.163290318686243e-12,3.1534283109075837e-12,3.1435458202001983e-12,3.133649863239292e-12,3.123746987116179e-12,3.1138432978472716e-12,3.103944487129509e-12,3.0940558574336673e-12,3.0841823455674873e-12,3.0743285447743352e-12,3.0644987254813248e-12,3.0546968548574434e-12,3.0449266150225673e-12,3.0351914202943865e-12,3.0254944333528868e-12,3.015838580387039e-12,3.006226565411785e-12,2.9966608836186795e-12,2.987143834011021e-12,2.977677531268528e-12,2.968263916866911e-12,2.9589047695786572e-12,2.949601715323608e-12,2.940356236452632e-12,2.931169680496414e-12,2.9220432682981154e-12,2.912978101863815e-12,2.9039751715439763e-12,2.895035362924044e-12,2.8861594632603316e-12,2.877348167553671e-12,2.8686020842657514e-12,2.8599217407025384e-12,2.85130758808465e-12,2.84276000632363e-12,2.834279308514865e-12,2.8258657451801397e-12,2.817519508258375e-12,2.8092407348668227e-12,2.801029510841911e-12,2.7928858740889036e-12,2.7848098176918807e-12,2.776801292924383e-12,2.768860212025077e-12,2.7609864508051245e-12,2.7531798511636595e-12,2.745440223397226e-12,2.7377673484404354e-12,2.7301609798879624e-12,2.7226208459830163e-12,2.7151466514529963e-12,2.7077380792426163e-12,2.7003947921512704e-12,2.6931164343702593e-12,2.6859026329333806e-12,2.678752999092298e-12,2.671667129589039e-12,2.6646446078754966e-12,2.657685005255438e-12,2.6507878819561857e-12,2.64395278812917e-12,2.637179264842227e-12,2.6304668449152158e-12,2.6238150538018065e-12,2.6172234103692364e-12,2.610691427643284e-12,2.604218613515446e-12,2.5978044713924297e-12,2.591448500812833e-12,2.5851501980334494e-12,2.5789090565722826e-12,2.572724567715097e-12,2.5665962210083687e-12,2.5605235046832015e-12,2.554505906106565e-12,2.5485429121572835e-12,2.5426340095995283e-12,2.536778685429493e-12,2.530976427197346e-12,2.525226723311108e-12,2.5195290633129062e-12,2.513882938149741e-12,2.508287840413828e-12,2.502743264567946e-12,2.497248707164095e-12,2.4918036670358667e-12,2.4864076454823478e-12,2.4810601464376716e-12,2.4757606766280642e-12,2.4705087457148076e-12,2.4653038664305117e-12,2.4601455546995225e-12,2.4550333297519428e-12,2.4499667142264504e-12,2.444945234264664e-12,2.439968419597356e-12,2.435035803622079e-12,2.4301469234740646e-12,2.425301320087653e-12,2.4204985382601346e-12,2.4157381266915917e-12,2.4110196380372233e-12,2.4063426289440524e-12,2.4017066600851273e-12,2.39711129618854e-12,2.392556106061639e-12,2.388040662611076e-12,2.38356454285894e-12,2.379127327954865e-12,2.37472860318461e-12,2.37036795797498e-12,2.3660449858963205e-12,2.3617592846610683e-12,2.3575104561203323e-12,2.3532981062585105e-12,2.349121845182609e-12,2.344981287112895e-12,2.3408760503691396e-12,2.336805757356376e-12,2.3327700345465896e-12,2.3287685124620627e-12,2.324800825652235e-12,2.3208666126767247e-12,2.316965516077445e-12,2.3130971823573162e-12,2.309261261955063e-12,2.30545740921631e-12,2.3016852823684536e-12,2.2979445434911702e-12,2.2942348584878485e-12,2.2905558970548428e-12,2.286907332652001e-12,2.2832888424701674e-12,2.279700107400511e-12,2.2761408120012235e-12,2.2726106444654685e-12,2.2691092965877328e-12,2.265636463731086e-12,2.2621918447922853e-12,2.258775142168568e-12,2.255386061723094e-12,2.2520243127506147e-12,2.2486896079423822e-12,2.2453816633519266e-12,2.242100198360017e-12,2.2388449356398944e-12,2.235615601122211e-12,2.2324119239604154e-12,2.2292336364956035e-12,2.2260804742218904e-12,2.222952175751508e-12,2.2198484827804928e-12,2.2167691400534132e-12,2.2137138953299815e-12,2.210682499349774e-12,2.2076747057987254e-12,2.2046902712749865e-12,2.201728955254814e-12,2.1987905200600686e-12,2.195874730823346e-12,2.192981355456061e-12,2.1901101646147526e-12,2.187260931668961e-12,2.184433432668352e-12,2.181627446310495e-12,2.1788427539096542e-12,2.1760791393641707e-12,2.1733363891254794e-12,2.170614292167196e-12,2.1679126399539897e-12,2.165231226411118e-12,2.1625698478933956e-12,2.1599283031574323e-12,2.15730639332915e-12,2.1547039218758983e-12,2.152120694577887e-12,2.1495565194978454e-12,2.147011206953295e-12,2.144484569488842e-12,2.1419764218474976e-12,2.1394865809434363e-12,2.1370148658347604e-12,2.1345610976962034e-12,2.1321250997928152e-12,2.1297066974532776e-12,2.1273057180443543e-12,2.1249219909441508e-12,2.122555347517558e-12,2.1202056210905944e-12,2.117872646925687e-12,2.1155562621970643e-12,2.1132563059667447e-12,2.110972619159607e-12,2.1087050445408828e-12,2.1064534266918737e-12,2.1042176119874997e-12,2.10199744857271e-12,2.0997927863406194e-12,2.0976034769096154e-12,2.095429373602401e-12,2.093270331422644e-12,2.091126207035061e-12,2.0889968587435352e-12,2.086882146470225e-12,2.084781931735121e-12,2.0826960776356864e-12,2.0806244488265367e-12,2.0785669114996764e-12,2.0765233333653297e-12,2.0744935836319524e-12,2.072477532987453e-12,2.07047505358047e-12,2.0684860190017546e-12,2.066510304265541e-12,2.064547785791893e-12,2.0625983413887667e-12,2.06066185023386e-12,2.0587381928579517e-12,2.0568272511273024e-12,2.0549289082269265e-12,2.0530430486436516e-12,2.0511695581501615e-12,2.0493083237880327e-12,2.0474592338520917e-12,2.045622177874662e-12,2.0437970466098396e-12,2.0419837320179113e-12,2.040182127250479e-12,2.0383921266351876e-12,2.03661362566121e-12,2.0348465209640783e-12,2.0330907103126135e-12,2.0313460925927442e-12,2.0296125677951427e-12,2.0278900370008314e-12,2.026178402367409e-12,2.0244775671157257e-12,2.022787435516684e-12,2.0211079128779832e-12,2.0194389055315925e-12,2.0177803208203316e-12,2.0161320670860434e-12,2.0144940536565383e-12,2.012866190833956e-12,2.0112483898822614e-12,2.0096405630156213e-12,2.0080426233864157e-12,2.0064544850738728e-12,2.004876063072645e-12,2.0033072732812846e-12,2.001748032491232e-12,2.000198258376506e-12,1.9986578694815044e-12,1.997126785211538e-12,1.995604925821839e-12,1.9940922124071224e-12,1.9925885668915593e-12,1.9910939120185142e-12,1.989608171340262e-12,1.988131269209074e-12,1.986663130766487e-12,1.985203681934181e-12,1.983752849404848e-12,1.982310560632168e-12,1.9808767438219723e-12,1.9794513279235503e-12,1.978034242619864e-12,1.9766254183195327e-12,1.975224786147502e-12,1.9738322779369863e-12,1.9724478262203783e-12,1.9710713642214796e-12,1.9697028258469356e-12,1.9683421456779766e-12,1.966989258962747e-12,1.9656441016079212e-12,1.9643066101713894e-12,1.9629767218541137e-12,1.9616543744926454e-12,1.9603395065517307e-12,1.9590320571166488e-12,1.9577319658861142e-12,1.9564391731650194e-12,1.9551536198571276e-12,1.953875247458325e-12,1.9526039980493452e-12,1.951339814289236e-12,1.9500826394083974e-12,1.9488324172020925e-12,1.94758909202358e-12,1.9463526087778205e-12,1.9451229129151612e-12,1.94389995042479e-12,1.942683667828589e-12,1.9414740121748684e-12,1.940270931032571e-12,1.9390743724849947e-12,1.937884285123854e-12,1.9367006180436493e-12,1.935523320835765e-12,1.934352343582733e-12,1.9331876368526973e-12,1.9320291516938297e-12,1.930876839628721e-12,1.9297306526492903e-12,1.92859054321118e-12,1.9274564642284883e-12,1.9263283690686564e-12,1.9252062115474784e-12,1.9240899459237037e-12,1.9229795268942514e-12,1.921874909589241e-12,1.9207760495670472e-12,1.919682902809631e-12,1.9185954257175542e-12,1.9175135751055253e-12,1.916437308197608e-12,1.9153665826228254e-12,1.914301356410321e-12,1.913241587985237e-12,1.9121872361642368e-12,1.9111382601508992e-12,1.9100946195318646e-12,1.9090562742722194e-12,1.9080231847113843e-12,1.906995311559247e-12,1.9059726158917985e-12,1.904955059147179e-12,1.903942603121639e-12,1.902935209965915e-12,1.9019328421808965e-12,1.9009354626142272e-12,1.899943034455937e-12,1.898955521235827e-12,1.897972886818162e-12,1.896995095399504e-12,1.896022111504279e-12,1.895053899981516e-12,1.8940904260013356e-12,1.893131655051322e-12,1.8921775529332906e-12,1.8912280857598046e-12,1.890283219950795e-12,1.889342922230533e-12,1.8884071596237993e-12,1.8874758994531916e-12,1.886549109336151e-12,1.8856267571809197e-12,1.884708811184048e-12,1.8837952398274833e-12,1.8828860118751838e-12,1.8819810963703467e-12,1.881080462632127e-12,1.8801840802532727e-12,1.879291919096491e-12,1.8784039492927093e-12,1.8775201412369265e-12,1.876640465586365e-12,1.8757648932574776e-12,1.874893395423173e-12,1.8740259435101226e-12,1.873162509196156e-12,1.872303064407852e-12,1.8714475813174125e-12,1.870596032340678e-12,1.869748390134327e-12,1.868904627593337e-12,1.8680647178486746e-12,1.86722863426485e-12,1.866396350437159e-12,1.865567840190005e-12,1.8647430775738663e-12,1.8639220368633455e-12,1.8631046925547415e-12,1.8622910193638307e-12,1.8614809922235608e-12,1.860674586281844e-12,1.8598717768996094e-12,1.8590725396481395e-12,1.858276850307561e-12,1.857484684864112e-12,1.856696019508548e-12,1.855910830633591e-12,1.8551290948325e-12,1.8543507888964623e-12,1.8535758898128757e-12,1.8528043747637632e-12,1.852036221122751e-12,1.851271406454295e-12,1.8505099085111403e-12,1.8497517052325083e-12,1.8489967747424993e-12,1.8482450953480242e-12,1.8474966455368776e-12,1.8467514039763174e-12,1.846009349510973e-12,1.845270461161134e-12,1.844534718121248e-12,1.843802099757727e-12,1.8430725856078955e-12,1.842346155377816e-12,1.8416227889405677e-12,1.8409024663351928e-12,1.840185167764506e-12,1.839470873593588e-12,1.838759564348593e-12,1.8380512207145886e-12,1.8373458235343745e-12,1.8366433538070225e-12,1.835943792686096e-12,1.8352471214783575e-12,1.8345533216421007e-12,1.8338623747858044e-12,1.8331742626668453e-12,1.832488967189563e-12,1.8318064704045024e-12,1.8311267545064843e-12,1.8304498018333925e-12,1.8297755948649684e-12,1.8291041162212585e-12,1.828435348661205e-12,1.8277692750815278e-12,1.8271058785155894e-12,1.8264451421313247e-12,1.8257870492308036e-12,1.8251315832486883e-12,1.8244787277506546e-12,1.8238284664326467e-12,1.8231807831193096e-12,1.822535661762955e-12,1.82189308644215e-12,1.8212530413609248e-12,1.8206155108471084e-12,1.819980479351552e-12,1.8193479314465767e-12,1.8187178518255714e-12,1.8180902253009557e-12,1.8174650368037493e-12,1.8168422713819523e-12,1.8162219141998535e-12,1.8156039505370241e-12,1.8149883657867836e-12,1.814375145455529e-12,1.813764275161412e-12,1.8131557406338823e-12,1.8125495277118518e-12,1.8119456223431729e-12,1.8113440105836424e-12,1.8107446785958693e-12,1.8101476126483601e-12,1.8095527991145075e-12,1.8089602244717593e-12,1.8083698753004645e-12,1.8077817382830739e-12,1.8071958002032607e-12,1.8066120479448658e-12,1.8060304684910478e-12,1.8054510489233551e-12,1.8048737764209476e-12,1.8042986382596159e-12,1.803725621810856e-12,1.803154714541218e-12,1.8025859040111579e-12,1.8020191778743655e-12,1.8014545238771683e-12,1.800891929857041e-12,1.8003313837425945e-12,1.7997728735520922e-12,1.799216387392904e-12,1.7986619134610708e-12,1.7981094400397973e-12,1.797558955499389e-12,1.7970104482956684e-12,1.7964639069703108e-12,1.7959193201490244e-12,1.7953766765414887e-12,1.794835964940246e-12,1.7942971742202164e-12,1.7937602933377747e-12,1.7932253113301505e-12,1.7926922173149074e-12,1.7921610004885803e-12,1.7916316501268079e-12,1.7911041555832406e-12,1.7905785062887428e-12,1.7900546917508478e-12,1.7895327015532896e-12,1.7890125253549801e-12,1.788494152889718e-12,1.7879775739651426e-12,1.7874627784625045e-12,1.7869497563357217e-12,1.7864384976108758e-12,1.785928992385624e-12,1.7854212308286159e-12,1.7849152031786613e-12,1.7844108997442992e-12,1.7839083109032248e-12,1.783407427101715e-12,1.782908238853829e-12,1.7824107367411639e-12,1.7819149114118413e-12,1.7814207535804831e-12,1.780928254027142e-12,1.780437403597042e-12,1.7799481931999835e-12,1.779460613809734e-12,1.778974656463452e-12,1.7784903122612653e-12,1.7780075723656596e-12,1.7775264280010769e-12,1.7770468704532503e-12,1.776568891068612e-12,1.7760924812540787e-12,1.7756176324763097e-12,1.775144336261309e-12,1.7746725841937805e-12,1.7742023679169061e-12,1.7737336791316452e-12,1.7732665095962049e-12,1.7728008511259592e-12,1.7723366955923891e-12,1.7718740349230268e-12,1.7714128611009444e-12,1.7709531661640996e-12,1.770494942205185e-12,1.7700381813708921e-12,1.769582875861581e-12,1.7691290179309276e-12,1.768676599885307e-12,1.7682256140835752e-12,1.7677760529363013e-12,1.7673279089058682e-12,1.7668811745053112e-12,1.7664358422988347e-12,1.7659919049005182e-12,1.7655493549744975e-12,1.7651081852342401e-12,1.7646683884423064e-12,1.7642299574099043e-12,1.7637928849964758e-12,1.7633571641092504e-12,1.762922787703029e-12,1.7624897487797545e-12,1.762058040387836e-12,1.7616276556223568e-12,1.7611985876240401e-12,1.7607708295794246e-12,1.7603443747201828e-12,1.7599192163228146e-12,1.7594953477084373e-12,1.7590727622422216e-12,1.7586514533332953e-12,1.7582314144340261e-12,1.7578126390400098e-12,1.7573951206896141e-12,1.7569788529635902e-12,1.756563829484739e-12,1.756150043917727e-12,1.755737489968591e-12,1.7553261613844413e-12,1.7549160519531902e-12,1.7545071555032321e-12,1.7540994659030736e-12,1.7536929770609975e-12,1.7532876829248371e-12,1.7528835774816426e-12,1.7524806547573338e-12,1.752078908816418e-12,1.751678333761712e-12,1.7512789237340752e-12,1.7508806729117742e-12,1.7504835755108358e-12,1.7500876257842758e-12,1.7496928180219246e-12,1.7492991465500263e-12,1.7489066057313569e-12,1.748515189964338e-12,1.7481248936833627e-12,1.7477357113580801e-12,1.7473476374933937e-12,1.746960666628971e-12,1.7465747933391782e-12,1.7461900122327739e-12,1.74580631795241e-12,1.7454237051748136e-12,1.7450421686142806e-12,1.7446617030059844e-12,1.7442823031304356e-12,1.7439039637970755e-12,1.7435266798477516e-12,1.7431504461567546e-12,1.7427752576302095e-12,1.7424011092062294e-12,1.742027995854493e-12,1.7416559125759125e-12,1.7412848544025733e-12,1.7409148163975244e-12,1.7405457936542059e-12,1.7401777812967235e-12,1.7398107744791616e-12,1.7394447683856276e-12,1.739079758230114e-12,1.7387157392558363e-12,1.7383527067353312e-12,1.7379906559705664e-12,1.7376295822918405e-12,1.737269481058441e-12,1.7369103476579768e-12,1.7365521775061793e-12,1.7361949660468587e-12,1.735838708751652e-12,1.7354834011196943e-12,1.7351290386775703e-12,1.7347756169790518e-12,1.7344231316047825e-12,1.7340715781623337e-12,1.7337209522857298e-12,1.7333712496355216e-12,1.7330224658982803e-12,1.732674596786736e-12,1.7323276380393636e-12,1.7319815854202567e-12,1.731636434719016e-12,1.7312921817503423e-12,1.7309488223541161e-12,1.7306063523950746e-12,1.7302647677626794e-12,1.7299240643709338e-12,1.7295842381581407e-12,1.7292452850866974e-12,1.7289072011431605e-12,1.7285699823377921e-12,1.7282336247045653e-12,1.7278981243008774e-12,1.7275634772074594e-12,1.7272296795281861e-12,1.726896727389938e-12,1.726564616942413e-12,1.72623334435779e-12,1.7259029058309387e-12,1.7255732975789758e-12,1.7252445158411144e-12,1.7249165568787248e-12,1.7245894169748618e-12,1.7242630924345513e-12,1.7239375795838832e-12,1.7236128747707306e-12,1.723288974364096e-12,1.722965874754042e-12,1.722643572351532e-12,1.7223220635883672e-12,1.722001344917051e-12,1.721681412810384e-12,1.7213622637618864e-12,1.721043894284874e-12,1.7207263009127061e-12,1.7204094801991695e-12,1.7200934287173834e-12,1.7197781430602702e-12,1.7194636198402492e-12,1.7191498556890469e-12,1.718836847257764e-12,1.7185245912164474e-12,1.7182130842542347e-12,1.7179023230790426e-12,1.7175923044174893e-12,1.7172830250147984e-12,1.7169744816346346e-12,1.7166666710589457e-12,1.7163595900879767e-12,1.7160532355398857e-12,1.715747604250903e-12,1.7154426930749951e-12,1.715138498883866e-12,1.714835018566816e-12,1.7145322490305664e-12,1.7142301871991807e-12,1.7139288300138665e-12,1.7136281744331507e-12,1.7133282174323234e-12,1.7130289560035204e-12,1.7127303871557046e-12,1.7124325079146796e-12,1.7121353153223852e-12,1.711838806437406e-12,1.7115429783346382e-12,1.7112478281050463e-12,1.7109533528557114e-12,1.7106595497097772e-12,1.710366415806119e-12,1.7100739482994573e-12,1.7097821443601065e-12,1.7094910011739694e-12,1.7092005159423385e-12,1.7089106858818996e-12,1.7086215082244606e-12,1.7083329802170408e-12,1.7080450991217767e-12,1.7077578622155815e-12,1.7074712667901477e-12,1.7071853101521801e-12,1.7068999896226102e-12,1.7066153025373022e-12,1.7063312462462725e-12,1.7060478181140348e-12,1.7057650155192234e-12,1.7054828358547595e-12,1.7052012765274964e-12,1.7049203349583167e-12,1.7046400085819917e-12,1.7043602948469982e-12,1.704081191215522e-12,1.7038026951634408e-12,1.7035248041800311e-12,1.7032475157679727e-12,1.7029708274434013e-12,1.702694736735628e-12,1.7024192411871492e-12,1.7021443383532844e-12,1.7018700258027868e-12,1.7015963011170402e-12,1.701323161890187e-12,1.7010506057293615e-12,1.7007786302539428e-12,1.7005072330963217e-12,1.7002364119011032e-12,1.6999661643253946e-12,1.6996964880385712e-12,1.6994273807222867e-12,1.6991588400703674e-12,1.6988908637887031e-12,1.6986234495952523e-12,1.6983565952197603e-12,1.6980902984040518e-12,1.6978245569014394e-12,1.6975593684772985e-12,1.6972947309082648e-12,1.697030641982869e-12,1.6967670995008e-12,1.696504101273309e-12,1.696241645123086e-12,1.6959797288838762e-12,1.6957183504007608e-12,1.6954575075299062e-12,1.6951971981384125e-12,1.6949374201044854e-12,1.6946781713172513e-12,1.6944194496765395e-12,1.6941612530931119e-12,1.693903579488309e-12,1.6936464267941559e-12,1.6933897929531955e-12,1.6931336759186452e-12,1.6928780736538674e-12,1.6926229841327826e-12,1.6923684053396706e-12,1.6921143352687286e-12,1.6918607719248602e-12,1.6916077133225832e-12,1.6913551574866389e-12,1.6911031024518262e-12,1.690851546262781e-12,1.69060048697408e-12,1.6903499226498637e-12,1.6900998513643288e-12,1.6898502712011994e-12,1.689601180253758e-12,1.6893525766249769e-12,1.6891044584272039e-12,1.688856823782297e-12,1.6886096708214366e-12,1.6883629976852173e-12,1.688116802523408e-12,1.6878710834949888e-12,1.687625838768178e-12,1.6873810665202038e-12,1.687136764937415e-12,1.6868929322149548e-12,1.686649566557163e-12,1.686406666177041e-12,1.6861642292965156e-12,1.6859222541462368e-12,1.6856807389655901e-12,1.6854396820026043e-12,1.685199081513909e-12,1.6849589357647145e-12,1.684719243028716e-12,1.6844800015879559e-12,1.6842412097331152e-12,1.6840028657630005e-12,1.683764967984781e-12,1.6835275147139513e-12,1.6832905042741146e-12,1.6830539349969907e-12,1.6828178052225555e-12,1.682582113298558e-12,1.6823468575811416e-12,1.6821120364340206e-12,1.681877648229038e-12,1.6816436913458474e-12,1.6814101641718058e-12,1.681177065102203e-12,1.6809443925399915e-12,1.6807121448956916e-12,1.6804803205876137e-12,1.6802489180414724e-12,1.6800179356906801e-12,1.6797873719760678e-12,1.679557225345896e-12,1.6793274942557594e-12,1.6790981771688703e-12,1.6788692725554352e-12,1.6786407788932021e-12,1.6784126946668322e-12,1.6781850183685283e-12,1.6779577484973993e-12,1.6777308835597056e-12,1.677504422068854e-12,1.6772783625451183e-12,1.6770527035158744e-12,1.676827443515381e-12,1.6766025810848242e-12,1.676378114772148e-12,1.6761540431322384e-12,1.6759303647266419e-12,1.6757070781237953e-12,1.6754841818986348e-12,1.6752616746329465e-12,1.6750395549149235e-12,1.674817821339558e-12,1.6745964725081717e-12,1.6743755070287904e-12,1.6741549235157826e-12,1.6739347205899225e-12,1.6737148968785598e-12,1.6734954510151308e-12,1.673276381639446e-12,1.6730576873979278e-12,1.6728393669429307e-12,1.6726214189328764e-12,1.6724038420327614e-12,1.6721866349133992e-12,1.6719697962519137e-12,1.671753324731299e-12,1.6715372190409434e-12,1.6713214778757098e-12,1.6711060999367977e-12,1.6708910839312027e-12,1.670676428571968e-12,1.6704621325777171e-12,1.6702481946732677e-12,1.6700346135888536e-12,1.669821388060776e-12,1.6696085168308795e-12,1.669395998646813e-12,1.6691838322618709e-12,1.6689720164348803e-12,1.6687605499304277e-12,1.6685494315185848e-12,1.668338659974967e-12,1.66812823408068e-12,1.6679181526223964e-12,1.6677084143921598e-12,1.6674990181873802e-12,1.6672899628109777e-12,1.6670812470711616e-12,1.666872869781438e-12,1.666664829760657e-12,1.6664571258329476e-12,1.6662497568276655e-12,1.6660427215792665e-12,4.925337282433949e-13,4.885914365240234e-13,5.492061707188257e-13,6.125878036979372e-13,6.755612354259255e-13,7.380334376774719e-13,8.00087826351405e-13,8.618280633820624e-13,9.233650637303063e-13,9.848119188933095e-13,1.0462798162823915e-12,1.1078746580793375e-12,1.1696943863959194e-12,1.2318270016856585e-12,1.2943492334933578e-12,1.3573258000057962e-12,1.420809179143908e-12,1.4848398070983897e-12,1.5494466177576879e-12,1.6146478405828716e-12,1.680451980261894e-12,1.7468589104567143e-12,1.8138610230446358e-12,1.881444385745556e-12,1.949589869792726e-12,2.018274218217021e-12,2.087471035756381e-12,2.1571516859624374e-12,2.227286088777317e-12,2.2978434160653065e-12,2.3687926870348656e-12,2.4401032662643022e-12,2.5117452726871014e-12,2.583689905379063e-12,2.655909695286264e-12,2.7283786911168914e-12,2.8010725879487764e-12,2.8739688068167036e-12,2.9470465328177373e-12,3.0202867189314613e-12,3.0936720617615713e-12,3.167186955257515e-12,3.240817427057032e-12,3.314551061900936e-12,3.3883769160192355e-12,3.4622854254744062e-12,3.536268310975866e-12,3.610318481642761e-12,3.684429939087342e-12,3.7585976835675475e-12,3.832817622789207e-12,3.9070864848116715e-12,3.981401735139566e-12,4.055761498221043e-12,4.13016448437504e-12,4.204609921475415e-12,4.279097491818512e-12,4.35362727388705e-12,4.428199689151831e-12,4.502815453306177e-12,4.577475532069047e-12,4.652181101668353e-12,4.726933512263612e-12,4.801734256241522e-12,4.876584938850022e-12,4.95148725334741e-12,5.026442957915427e-12,5.101453855869397e-12,5.176521778216957e-12,5.2516485684987075e-12,5.326836069627186e-12,5.4020861125512034e-12,5.477400506706543e-12,5.552781031820322e-12,5.628229430915972e-12,5.703747405769633e-12,5.779336610334295e-12,5.8549986491625584e-12,5.930735073447674e-12,6.006547379361721e-12,6.082437006579961e-12,6.158405337775538e-12,6.234453697455553e-12,6.310583352607099e-12,6.386795513014167e-12,6.463091331541772e-12,6.539471905579257e-12,6.615938277895391e-12,6.692491438478195e-12,6.769132324921846e-12,6.84586182470492e-12,6.922680777084999e-12,6.999589974116579e-12,7.076590162770849e-12,7.1536820467280526e-12,7.2308662880288755e-12,7.308143508933865e-12,7.385514294005526e-12,7.46297919045308e-12,7.540538711869197e-12,7.618193338554922e-12,7.69594351971467e-12,7.7737896741282e-12,7.85173219322076e-12,7.929771441261167e-12,8.007907757380363e-12,8.086141456506608e-12,8.164472831317529e-12,8.242902153181597e-12,8.32142967278233e-12,8.400055622262871e-12,8.4787802167298e-12,8.557603652480508e-12,8.636526111645821e-12,8.715547761099832e-12,8.79466875349397e-12,8.873889228885243e-12,8.953209314310465e-12,9.032629125922138e-12,9.112148768853008e-12,9.191768338106538e-12,9.271487919300075e-12,9.351307589147209e-12,9.431227415969715e-12,9.511247460623425e-12,9.591367776678175e-12,9.67158841077148e-12,9.751909404231831e-12,9.832330790350241e-12,9.912852599124559e-12,9.993474853323596e-12,1.0074197572963667e-11,1.0155020773139437e-11,1.0235944464576733e-11,1.0316968654219307e-11,1.0398093345477276e-11,1.0479318538355108e-11,1.0560644229955458e-11,1.0642070414504633e-11,1.072359708366985e-11,1.0805224226384818e-11,1.0886951829643864e-11,1.0968779878194994e-11,1.1050708354876705e-11,1.1132737240797982e-11,1.121486651536761e-11,1.1297096156418597e-11,1.1379426140475324e-11,1.1461856442578089e-11,1.1544387036955682e-11,1.1627017896484193e-11,1.1709748992914385e-11,1.1792580297279334e-11,1.1875511779591185e-11,1.1958543409349415e-11,1.2041675155178169e-11,1.2124906984874327e-11,1.2208238866017269e-11,1.2291670765174196e-11,1.2375202649104276e-11,1.2458834483688826e-11,1.2542566233992896e-11,1.2626397865671842e-11,1.2710329343395662e-11,1.2794360631727479e-11,1.2878491694977253e-11,1.296272249671752e-11,1.3047053001742864e-11,1.313148317305318e-11,1.3216012974660898e-11,1.3300642369704178e-11,1.338537132149594e-11,1.3470199792532396e-11,1.3555127747354369e-11,1.3640155148290127e-11,1.3725281958369004e-11,1.3810508140522465e-11,1.3895833657783594e-11,1.398125847312719e-11,1.4066782549342949e-11,1.4152405849450802e-11,1.423812833647015e-11,1.4323949973392572e-11,1.440987072319313e-11,1.4495890548950414e-11,1.4582009413817577e-11,1.4668227280933358e-11,1.475454411351876e-11,1.4840959874878605e-11,1.4927474528352623e-11,1.5014088037340134e-11,1.510080036543321e-11,1.5187611475839588e-11,1.5274521332646455e-11,1.536152989969165e-11,1.5448637140444305e-11,1.5535843018957354e-11,1.5623147498866088e-11,1.571055054486124e-11,1.5798052120852864e-11,1.5885652191226076e-11,1.597335071998023e-11,1.6061147671964084e-11,1.6149043011607988e-11,1.6237036703557535e-11,1.6325128712603362e-11,1.6413319003509118e-11,1.6501607541392824e-11,1.6589994291266295e-11,1.667847921823832e-11,1.6767062287579377e-11,1.685574346464719e-11,1.6944522714868124e-11,1.7033400003893778e-11,1.712237529738665e-11,1.721144856106111e-11,1.7300619760813185e-11,1.738988886108964e-11,1.7479255831073373e-11,1.7568720635362364e-11,1.765828324020986e-11,1.7747943611976996e-11,1.7837701717076544e-11,1.792755752221793e-11,1.801751099392969e-11,1.8107562098625e-11,1.819771080381216e-11,1.828795707645335e-11,1.8378300883426842e-11,1.8468742191489953e-11,1.8559280968419802e-11,1.86499171817502e-11,1.8740650798641365e-11,1.8831481786623814e-11,1.8922410113352746e-11,1.901343574668688e-11,1.9104558654153407e-11,1.9195778803594024e-11,1.9287096163531177e-11,1.9378510701247516e-11,1.94700223861307e-11,1.956163118590457e-11,1.9653337068842086e-11,1.974514000360594e-11,1.983703995862287e-11,1.992903690258323e-11,2.0021130803821396e-11,2.0113321632039113e-11,2.0205609355681168e-11,2.0297993943806253e-11,2.0390475365041725e-11,2.0483053589478478e-11,2.057572858598391e-11,2.0668500323827763e-11,2.0761368772469355e-11,2.0854333902291748e-11,2.0947395681140885e-11,2.104055407970851e-11,2.1133809067953027e-11,2.12271606153855e-11,2.1320608691894282e-11,2.1414153267466538e-11,2.150779431251695e-11,2.1601531797086192e-11,2.1695365691443553e-11,2.1789295965944532e-11,2.188332259103262e-11,2.1977445537140836e-11,2.2071664774942133e-11,2.2165980275753384e-11,2.226039200984716e-11,2.2354899946804038e-11,2.2449504058950434e-11,2.2544204316541655e-11,2.2639000691522145e-11,2.2733893153415838e-11,2.282888167433006e-11,2.2923966225425237e-11,2.301914677839832e-11,2.3114423304415738e-11,2.320979577463995e-11,2.3305264160947092e-11,2.340082843523475e-11,2.3496488568549238e-11,2.3592244532957602e-11,2.3688096300307424e-11,2.3784043842081727e-11,2.3880087131083264e-11,2.397622613928323e-11,2.4072460838050175e-11,2.4168791199050263e-11,2.426521719615363e-11,2.4361738802154643e-11,2.4458355987160115e-11,2.4555068724616453e-11,2.465187698761027e-11,2.4748780748166704e-11,2.4845779978469054e-11,2.4942874651591583e-11,2.5040064740441125e-11,2.5137350217871284e-11,2.5234731056767315e-11,2.5332207229863274e-11,2.5429778710337365e-11,2.5527445471239415e-11,2.5625207485649314e-11,2.57230647271306e-11,2.5821017168407733e-11,2.591906478304867e-11,2.6017207544514555e-11,2.61154454261072e-11,2.6213778401339105e-11,2.6312206443857664e-11,2.6410729527193766e-11,2.6509347624989138e-11,2.6608060710466925e-11,2.670686875828893e-11,2.6805771742314138e-11,2.6904769636122224e-11,2.7003862413671597e-11,2.710305004897423e-11,2.7202332516124522e-11,2.7301709789351258e-11,2.740118184261519e-11,2.7500748650240073e-11,2.76004101866114e-11,2.7700166425443004e-11,2.7800017341661143e-11,2.7899962909681173e-11,2.8000003103998315e-11,2.8100137899147197e-11,2.8200367269709527e-11,2.8300691190334385e-11,2.840110963614692e-11,2.8501622581468858e-11,2.860223000113178e-11,2.870293186991919e-11,2.8803728162992883e-11,2.890461885524604e-11,2.9005603921217064e-11,2.91066833364875e-11,2.920785707683203e-11,2.93091251138939e-11,2.941048742470768e-11,2.951194398606128e-11,2.961349477343752e-11,2.971513976101088e-11,2.9816878925028015e-11,2.991871224016804e-11,3.002063968195e-11,3.012266122586307e-11,3.022477684660441e-11,3.032698652147876e-11,3.0429290225293777e-11,3.053168793334124e-11,3.0634179621826463e-11,3.07367652652706e-11,3.083944484201285e-11,3.0942218325049055e-11,3.104508569265465e-11,3.114804692009687e-11,3.12511019834945e-11,3.135425085848637e-11,3.145749352097414e-11,3.156082994725733e-11,3.166426011348369e-11,3.1767783995834284e-11,3.187140157068036e-11,3.197511281400669e-11,3.207891770225918e-11,3.21828162117793e-11,3.2286808318953753e-11,3.239089400017711e-11,3.249507323178954e-11,3.259934599057831e-11,3.2703712253048965e-11,3.280817199494025e-11,3.291272519432816e-11,3.3017371826996804e-11,3.312211186973676e-11,3.322694529920045e-11,3.3331872092160616e-11,3.34368922254813e-11,3.354200567597971e-11,3.364721242048854e-11,3.375251243589516e-11,3.3857905699606846e-11,3.3963392187642767e-11,3.4068971877547904e-11,3.4174644746098503e-11,3.428041077049181e-11,3.43862699278431e-11,3.449222219528003e-11,3.459826754996208e-11,3.470440596908101e-11,3.4810637429963416e-11,3.491696190949428e-11,3.502337938523859e-11,3.512988983451272e-11,3.523649323466701e-11,3.534318956308016e-11,3.5449978797162446e-11,3.555686091435368e-11,3.5663835892125044e-11,3.5770903708815695e-11,3.587806434110502e-11,3.598531776655203e-11,3.6092663962745467e-11,3.620010290730219e-11,3.6307634576965656e-11,3.641525895031922e-11,3.652297600506395e-11,3.663078571892824e-11,3.673868806983094e-11,3.684668303568798e-11,3.695477059340303e-11,3.706295072177849e-11,3.7171223398260085e-11,3.727958860083039e-11,3.738804630706414e-11,3.749659649523696e-11,3.760523914407384e-11,3.771397423034374e-11,3.782280173254768e-11,3.793172162881465e-11,3.804073389690504e-11,3.8149838515150575e-11,3.825903546162591e-11,3.8368324714433776e-11,3.8477706251787464e-11,3.858718005187773e-11,3.869674609291932e-11,3.8806404353182216e-11,3.8916154810889946e-11,3.902599744433177e-11,3.913593223177145e-11,3.924595915154022e-11,3.935607818209342e-11,3.946628930172963e-11,3.957659248884637e-11,3.9686987721879454e-11,3.979747497944744e-11,3.9908054239820845e-11,4.0018725481481254e-11,4.0129488682934553e-11,4.024034382271323e-11,4.035129087909581e-11,4.0462329830441955e-11,4.057346065615713e-11,4.068468333445366e-11,4.079599784395681e-11,4.090740416330469e-11,4.101890227115486e-11,4.113049214619137e-11,4.124217376714319e-11,4.135394711266632e-11,4.146581216152256e-11,4.157776889246703e-11,4.1689817284304185e-11,4.180195731578643e-11,4.1914188965717676e-11,4.2026512212993274e-11,4.213892703631648e-11,4.225143341462396e-11,4.236403132679175e-11,4.24767207517039e-11,4.258950166829536e-11,4.2702374055476036e-11,4.2815337892193846e-11,4.29283931573857e-11,4.3041539830054235e-11,4.3154777889180474e-11,4.3268107313692785e-11,4.338152808282048e-11,4.3495040175478455e-11,4.3608643570650356e-11,4.372233824746231e-11,4.383612418510874e-11,4.395000136243724e-11,4.4063969758419955e-11,4.417802935271786e-11,4.4292180124483795e-11,4.440642205234163e-11,4.452075511564974e-11,4.4635179293712374e-11,4.4749694565677865e-11,4.4864300910230174e-11,4.497899830714072e-11,4.509378673603915e-11,4.5208666175638346e-11,4.5323636605221866e-11,4.543869800422325e-11,4.555385035167451e-11,4.566909362716504e-11,4.578442780986034e-11,4.589985288097725e-11,4.601536881631153e-11,4.613097559682557e-11,4.6246673201969905e-11,4.636246161067313e-11,4.6478340802656564e-11,4.6594310757309084e-11,4.671037145402628e-11,4.682652287221587e-11,4.6942764991295935e-11,4.7059097790693055e-11,4.717552124984723e-11,4.7292035348206575e-11,4.740864006522716e-11,4.75253353803092e-11,4.7642121272727205e-11,4.77589977222325e-11,4.7875964708285933e-11,4.7993022210592823e-11,4.81101702087074e-11,4.82274086819539e-11,4.8344737609886184e-11,4.846215697210833e-11,4.8579666748104533e-11,4.8697266917464626e-11,4.8814957458351036e-11,4.89327383522248e-11,4.905060957874303e-11,4.9168571116678736e-11,4.928662294629466e-11,4.940476504661071e-11,4.952299739755338e-11,4.964131997819253e-11,4.975973276957708e-11,4.987823574922656e-11,4.999682889764268e-11,5.011551219477468e-11,5.0234285620251904e-11,5.0353149153642984e-11,5.0472102774604496e-11,5.0591146462844374e-11,5.071028019840203e-11,5.082950396070649e-11,5.0948817728110623e-11,5.106822148196208e-11,5.118771520037476e-11,5.130729886584307e-11,5.142697245590552e-11,5.1546735950939067e-11,5.1666589330665013e-11,5.1786532573269237e-11,5.190656566241576e-11,5.202668857408353e-11,5.214690129253382e-11,5.226720378920842e-11,5.238759605073558e-11,5.250807805482314e-11,5.2628649781331354e-11,5.274931121036773e-11,5.287006232112004e-11,5.299090309597148e-11,5.3111833510269e-11,5.3232853545964445e-11,5.335396318303347e-11,5.347516240098672e-11,5.359645117962256e-11,5.371782949853564e-11,5.383929733774143e-11,5.3960854677038054e-11,5.408250149622524e-11,5.4204237775120715e-11,5.432606349342696e-11,5.444797863117762e-11,5.456998316811785e-11,5.4692077082300274e-11,5.4814260356739e-11,5.493653296977052e-11,5.505889490142552e-11,5.5181346131063135e-11,5.53038866387502e-11,5.5426516404277113e-11,5.554923540749932e-11,5.567204362816123e-11,5.579494104615232e-11,5.591792764127049e-11,5.60410033933728e-11,5.616416828229438e-11,5.628742228789081e-11,5.641076538964138e-11,5.6534197567729627e-11,5.6657718802243775e-11,5.678132907278573e-11,5.690502835980861e-11,5.702881664184601e-11,5.715269389938478e-11,5.7276660112260474e-11,5.740071526089158e-11,5.752485932511834e-11,5.7649092282320054e-11,5.7773414114918294e-11,5.789782480250269e-11,5.8022324324815274e-11,5.814691266059499e-11,5.82715897904319e-11,5.839635569394254e-11,5.852121035114525e-11,5.864615374202819e-11,5.877118584615453e-11,5.889630664355503e-11,5.902151611459459e-11,5.914681423688348e-11,5.927220099254182e-11,5.939767636093921e-11,5.952324032119668e-11,5.964889285414392e-11,5.977463393887155e-11,5.990046355545626e-11,6.002638168390537e-11,6.015238830315137e-11,6.027848339435401e-11,6.040466693664194e-11,6.053093890946316e-11,6.065729929378523e-11,6.078374806792208e-11,6.091028521233807e-11,6.103691070677814e-11,6.11636245312443e-11,6.129042666525624e-11,6.141731708866148e-11,6.154429578155787e-11,6.16713627232751e-11,6.17985178939496e-11,6.192576127325153e-11,6.205309283976148e-11,6.218051257559447e-11,6.230802045935998e-11,6.243561647079122e-11,6.256330058990891e-11,6.269107279684487e-11,6.281893307012011e-11,6.29468813900956e-11,6.307491773668647e-11,6.320304208954089e-11,6.333125442838286e-11,6.345955473298903e-11,6.35879429830345e-11,6.371641915787884e-11,6.384498323782143e-11,6.39736352026553e-11,6.410237503208742e-11,6.423120270554244e-11,6.436011820283856e-11,6.448912150362705e-11,6.461821258848176e-11,6.474739143548498e-11,6.487665802557395e-11,6.50060123367553e-11,6.513545435053284e-11,6.526498404620147e-11,6.539460140317597e-11,6.552430640117681e-11,6.565409901986652e-11,6.578397923890887e-11,6.591394703795684e-11,6.604400239665797e-11,6.617414529465926e-11,6.630437571153522e-11,6.643469362679303e-11,6.656509901984473e-11,6.669559187176683e-11,6.682617216054297e-11,6.695683986638982e-11,6.708759496922884e-11,6.721843744743798e-11,6.734936728036816e-11,6.748038444632983e-11,6.761148892662971e-11,6.774268070933456e-11,6.787395976176678e-11,6.800532606936918e-11,6.813677960622411e-11,6.826832035853216e-11,6.839994830486724e-11,6.853166342279973e-11,6.866346569249395e-11,6.879535509335887e-11,6.89273316048186e-11,6.905939520625892e-11,6.919154587739662e-11,6.932378359717911e-11,6.945610834562813e-11,6.958852010223733e-11,6.97210188457962e-11,6.985360455679966e-11,6.998627721403904e-11,7.011903679692687e-11,7.025188328432117e-11,7.038481665731661e-11,7.051783689290337e-11,7.065094397321676e-11,7.078413787701653e-11,7.09174185833513e-11,7.105078607156201e-11,7.11842403210502e-11,7.131778131158747e-11,7.145140902183705e-11,7.158512343160275e-11,7.171892452007613e-11,7.185281226682774e-11,7.198678665065308e-11,7.2120847651435e-11,7.225499524861811e-11,7.238922942148327e-11,7.25235501493154e-11,7.265795741250316e-11,7.27924511877767e-11,7.292703145604357e-11,7.306169819531669e-11,7.319645138385053e-11,7.333129100453395e-11,7.346621703676389e-11,7.360122945783776e-11,7.37363282468662e-11,7.387151338469865e-11,7.400678484853759e-11,7.414214261851961e-11,7.427758667479045e-11,7.441311699534058e-11,7.454873355870732e-11,7.468443634561957e-11,7.482022533853379e-11,7.495610050860959e-11,7.509206183915218e-11,7.522810930941059e-11,7.536424289832839e-11,7.55004625851288e-11,7.563676834917264e-11,7.577316017020498e-11,7.590963802591289e-11,7.604620189593514e-11,7.618285175926407e-11,7.631958759511522e-11,7.645640938256774e-11,7.659331710068913e-11,7.673031072808754e-11,7.68673902460298e-11,7.700455563040141e-11,7.714180686167214e-11,7.727914391871341e-11,7.741656678021127e-11,7.755407542491308e-11,7.769166983352416e-11,7.782934998422885e-11,7.796711585489375e-11,7.810496742661561e-11,7.824290467634435e-11,7.838092758373022e-11,7.851903612752764e-11,7.865723028679548e-11,7.879551004088522e-11,7.893387536816508e-11,7.907232624816933e-11,7.921086265913186e-11,7.934948457980699e-11,7.948819198947134e-11,7.96269848668542e-11,7.976586319083917e-11,7.99048269396449e-11,8.004387609327364e-11,8.018301062974094e-11,8.032223052819462e-11,8.046153576746716e-11,8.060092632558212e-11,8.074040218187966e-11,8.087996331512745e-11,8.101960970406961e-11,8.11593413274567e-11,8.12991581640194e-11,8.143906019248148e-11,8.157904739154946e-11,8.17191197399317e-11,8.185927721631523e-11,8.199951979937932e-11,8.213984746779833e-11,8.228026020022587e-11,8.242075797531202e-11,8.256134077169682e-11,8.270200856800739e-11,8.284276134285657e-11,8.298359907485356e-11,8.312452174259142e-11,8.32655293246568e-11,8.340662179962051e-11,8.354779914604667e-11,8.368906134248766e-11,8.383040836748104e-11,8.397184019956289e-11,8.411335681726867e-11,8.425495819908725e-11,8.439664432351534e-11,8.453841516904004e-11,8.468027071413384e-11,8.48222109372659e-11,8.496423581688471e-11,8.510634533143746e-11,8.524853945934923e-11,8.539081817904346e-11,8.553318146892659e-11,8.567562930739876e-11,8.581816167284542e-11,8.596077854364036e-11,8.61034798981493e-11,8.62462657153414e-11,8.638913597291914e-11,8.653209064612859e-11,8.66751297187644e-11,8.681825316670707e-11,8.696146096822298e-11,8.710475310154952e-11,8.724812954476481e-11,8.739159027636535e-11,8.753513527510864e-11,8.767876451898892e-11,8.782247798616425e-11,8.796627565746341e-11,8.811015750448536e-11,8.825412350953009e-11,8.839817365074504e-11,8.854230790626882e-11,8.868652625530797e-11,8.883082867480079e-11,8.897521514287474e-11,8.911968563787103e-11,8.926424013750748e-11,8.940887862007769e-11,8.955360106363477e-11,8.969840744846524e-11,8.984329774841565e-11,8.99882719419449e-11,9.013333001038988e-11,9.027847193000879e-11,9.042369767892801e-11,9.05690072351517e-11,9.071440057667749e-11,9.085987768148586e-11,9.100543852755109e-11,9.115108309286564e-11,9.129681135549594e-11,9.144262329311944e-11,9.158851888347256e-11,9.173449810205471e-11,9.188056093359928e-11,9.202670735242008e-11,9.217293733277184e-11,9.231925085544953e-11,9.246564789577417e-11,9.261212843847113e-11,9.275869245653858e-11,9.290533993027078e-11,9.305207083363006e-11,9.319888514783507e-11,9.33457828476471e-11,9.349276391814465e-11,9.363982833129998e-11,9.378697605930418e-11,9.393420708536811e-11,9.408152138726255e-11,9.422891894267811e-11,9.437639972470079e-11,9.45239637149841e-11,9.467161089357772e-11,9.481934124119347e-11,9.49671547317106e-11,9.511505133973834e-11,9.526303104537616e-11,9.54110938245622e-11,9.555923965556052e-11,9.570746851675849e-11,9.585578038696467e-11,9.600417524030118e-11,9.615265305618385e-11,9.630121381214712e-11,9.644985748570503e-11,9.65985840543679e-11,9.674739349562543e-11,9.689628578738059e-11,9.704526090667446e-11,9.719431883124387e-11,9.734345953801953e-11,9.749268300467748e-11,9.764198920863628e-11,9.779137812783707e-11,9.794084973914747e-11,9.80904040199578e-11,9.824004094763146e-11,9.838976049952902e-11,9.85395626529926e-11,9.868944738535555e-11,9.883941467393543e-11,9.898946449604182e-11,9.913959682896817e-11,9.92898116499962e-11,9.944010893639586e-11,9.959048866542551e-11,9.974095081432306e-11,9.989149536032527e-11,1.000421222806492e-10,1.001928315524996e-10,1.0034362315307266e-10,1.00494497059551e-10,1.0064545324909523e-10,1.0079649169886687e-10,1.0094761238484474e-10,1.0109881528595078e-10,1.0125010037852925e-10,1.0140146763956645e-10,1.0155291704635604e-10,1.0170444857622725e-10,1.0185606220878283e-10,1.0200775791603819e-10,1.0215953567641279e-10,1.0231139546819911e-10,1.0246333726746356e-10,1.026153610533248e-10,1.0276746680132541e-10,1.0291965449314338e-10,1.0307192409528043e-10,1.0322427559036463e-10,1.0337670895524472e-10,1.0352922416798602e-10,1.0368182120404625e-10,1.0383450004044389e-10,1.0398726065410585e-10,1.0414010302224929e-10,1.0429302711870336e-10,1.0444603292682338e-10,1.0459912041530364e-10,1.0475228957053729e-10,1.049055403634157e-10,1.0505887277188332e-10,1.0521228677197714e-10,1.0536578234140587e-10,1.0551935945655255e-10,1.0567301809423367e-10,1.0582675823112376e-10,1.0598057984394199e-10,1.061344829093997e-10,1.0628846740421296e-10,1.0644253330415432e-10,1.0659668058739509e-10,1.0675090922968797e-10,1.0690521920828374e-10,1.0705961050132273e-10,1.0721408308330473e-10,1.0736863693093614e-10,1.0752327202087743e-10,1.0767798832974606e-10,1.0783278583414208e-10,1.0798766451063727e-10,1.0814262433578484e-10,1.082976652861322e-10,1.0845278733820383e-10,1.0860799046851049e-10,1.0876327465354976e-10,1.08918639869806e-10,1.0907408609374873e-10,1.0922961330183811e-10,1.0938522147051561e-10,1.0954091057621043e-10,1.0969668059534714e-10,1.0985253150414302e-10,1.100084632791898e-10,1.101644758968614e-10,1.1032056933352262e-10,1.1047674356552936e-10,1.106329985692173e-10,1.1078933432091476e-10,1.1094575079693896e-10,1.111022479735868e-10,1.1125882582714622e-10,1.1141548433389474e-10,1.115722234700955e-10,1.1172904321199849e-10,1.118859435358381e-10,1.1204292441784173e-10,1.1219998583421992e-10,1.1235712776117204e-10,1.1251435017488793e-10,1.126716530515412e-10,1.1282903636729249e-10,1.1298650009828649e-10,1.1314404422066391e-10,1.133016687105453e-10,1.1345937354403759e-10,1.1361715869724559e-10,1.1377502414625542e-10,1.1393296986714038e-10,1.1409099583583419e-10,1.1424910202851283e-10,1.1440728842118117e-10,1.1456555499004288e-10,1.1472390171096083e-10,1.1488232855993334e-10,1.1504083551295075e-10,1.1519942254600092e-10,1.1535808963506698e-10,1.1551683675558586e-10,1.1567566388397338e-10,1.1583457099608626e-10,1.1599355806783155e-10,1.1615262507511497e-10,1.1631177199374472e-10,1.1647099879724632e-10,1.166303054636123e-10,1.1678969197162928e-10,1.1694915829460801e-10,1.171087044079466e-10,1.172683302871021e-10,1.1742803590879373e-10,1.1758782124924328e-10,1.1774768628305793e-10,1.1790763098705082e-10,1.1806765533625195e-10,1.1822775930583547e-10,1.1838794287091766e-10,1.185482060075531e-10,1.1870854869420108e-10,1.188689709047734e-10,1.1902947261453456e-10,1.1919005379955795e-10,1.1935071443537772e-10,1.1951145449759984e-10,1.196722739617983e-10,1.1983317280369213e-10,1.1999415099866076e-10,1.2015520852237283e-10,1.2031634535042073e-10,1.204775614583469e-10,1.2063885682167838e-10,1.208002314159593e-10,1.2096168521669418e-10,1.2112321819938935e-10,1.212848303395374e-10,1.214465216138166e-10,1.2160829199587677e-10,1.217701414615728e-10,1.2193206998645653e-10,1.2209407754601397e-10,1.22256164115674e-10,1.2241832967084964e-10,1.2258057418694648e-10,1.2274289763934223e-10,1.2290530000340503e-10,1.2306778125448496e-10,1.2323034136793266e-10,1.233929803186006e-10,1.2355569808227895e-10,1.2371849463426838e-10,1.238813699498585e-10,1.240443240043301e-10,1.2420735677295135e-10,1.2437046823096865e-10,1.245336583536358e-10,1.2469692711637657e-10,1.2486027449420636e-10,1.2502370046232765e-10,1.2518720499592928e-10,1.25350788070196e-10,1.2551444966029386e-10,1.2567818974137154e-10,1.2584200828857462e-10,1.260059052770318e-10,1.261698806818575e-10,1.2633393447815612e-10,1.2649806664100768e-10,1.2666227714547718e-10,1.268265659666326e-10,1.2699093307876226e-10,1.2715537845858762e-10,1.2731990208084456e-10,1.2748450391987884e-10,1.276491839505399e-10,1.2781394214693665e-10,1.2797877848631278e-10,1.281436929425391e-10,1.28308685490651e-10,1.284737561055805e-10,1.2863890476245641e-10,1.288041314359827e-10,1.289694361010635e-10,1.2913481873271666e-10,1.293002793058876e-10,1.294658177951231e-10,1.2963143417587993e-10,1.297971284223319e-10,1.2996290051002951e-10,1.3012875041339474e-10,1.3029467810878257e-10,1.3046068356753422e-10,1.3062676676811873e-10,1.3079292768193386e-10,1.30959166285122e-10,1.3112548255067182e-10,1.3129187645595045e-10,1.31458347974436e-10,1.3162489708216575e-10,1.317915237530888e-10,1.3195822796190416e-10,1.3212500968330322e-10,1.3229186889195949e-10,1.3245880556253366e-10,1.3262581967016452e-10,1.3279291118903822e-10,1.3296008009379625e-10,1.3312732635905122e-10,1.332946499594337e-10,1.3346205086956204e-10,1.3362952906411515e-10,1.3379708451898828e-10,1.3396471720598506e-10,1.3413242710066056e-10,1.3430021417766348e-10,1.3446807841099672e-10,1.3463601977442626e-10,1.3480403824310632e-10,1.349721337927922e-10,1.3514030639955113e-10,1.3530855603478208e-10,1.3547688267377103e-10,1.3564528629312835e-10,1.3581376686174007e-10,1.3598232435862025e-10,1.3615095875714854e-10,1.3631967002928918e-10,1.3648845815475157e-10,1.366573231040444e-10,1.368262648488991e-10,1.3699528336900257e-10,1.3716437863684568e-10,1.3733355062682573e-10,1.3750279931586562e-10,1.3767212467455903e-10,1.3784152668115198e-10,1.380110053034677e-10,1.3818056051913418e-10,1.383501923024734e-10,1.38519900627717e-10,1.3868968546910127e-10,1.3885954680084076e-10,1.3902948459715099e-10,1.3919949883221628e-10,1.3936958948023593e-10,1.395397565153725e-10,1.397099999128986e-10,1.3988031964697024e-10,1.4005071568945983e-10,1.4022118801508273e-10,1.403917365997562e-10,1.4056236141426034e-10,1.4073306243405764e-10,1.4090383963576244e-10,1.4107469299185545e-10,1.4124562247515017e-10,1.4141662806079796e-10,1.4158770972325766e-10,1.4175886743556918e-10,1.4193010117250714e-10,1.421014109075575e-10,1.42272796614915e-10,1.4244425826867896e-10,1.4261579584250595e-10,1.4278740931059792e-10,1.429590986469045e-10,1.431308638253632e-10,1.4330270481989757e-10,1.434746216044256e-10,1.4364661415285604e-10,1.4381868243907704e-10,1.439908264369752e-10,1.441630461204167e-10,1.443353414632696e-10,1.4450771243937893e-10,1.4468015902258868e-10,1.4485268118671882e-10,1.4502527890559585e-10,1.451979521530192e-10,1.4537070090290099e-10,1.455435251289739e-10,1.457164248049081e-10,1.4588939990449772e-10,1.4606245040160122e-10,1.462355762697724e-10,1.4640877748281095e-10,1.4658205401446148e-10,1.4675540583807334e-10,1.4692883292804782e-10,1.4710233525772272e-10,1.4727591280078647e-10,1.4744956553091064e-10,1.476232934217955e-10,1.4779709644706703e-10,1.479709745792369e-10,1.4814492779356826e-10,1.4831895606541564e-10,1.4849305936134497e-10,1.4866723766112278e-10,1.4884149093813947e-10,1.4901581916403833e-10,1.4919022230981162e-10,1.4936470035391288e-10,1.4953925327018307e-10,1.4971388103035084e-10,1.4988858360808616e-10,1.5006336097670656e-10,1.502382131098309e-10,1.504131399819773e-10,1.5058814156470822e-10,1.507632178315991e-10,1.5093836875155838e-10,1.5111359430781058e-10,1.512888944691086e-10,1.514642692074704e-10,1.5163971849930236e-10,1.5181524231115296e-10,1.5199084062629008e-10,1.5216651341473156e-10,1.5234226064607234e-10,1.5251808229546868e-10,1.5269397833962601e-10,1.528699487491461e-10,1.5304599349843353e-10,1.532221125614517e-10,1.5339830590704635e-10,1.5357457351494536e-10,1.5375091535535848e-10,1.539273314017896e-10,1.5410382162800921e-10,1.542803860097284e-10,1.544570245132171e-10,1.5463373711573236e-10,1.5481052378274972e-10,1.5498738449427372e-10,1.551643192240262e-10,1.5534132794544105e-10,1.555184106301478e-10,1.5569556725277763e-10,1.5587279778673423e-10,1.5605010220460066e-10,1.562274804795242e-10,1.5640493258464798e-10,1.5658245849310803e-10,1.5676005817801744e-10,1.5693773161249273e-10,1.571154787696379e-10,1.5729329962254622e-10,1.5747119414429714e-10,1.5764916230795773e-10,1.5782720408657091e-10,1.5800531945323798e-10,1.581835083809835e-10,1.5836177084283566e-10,1.5854010681182315e-10,1.5871851626095617e-10,1.5889699916324303e-10,1.5907555549167728e-10,1.5925418521924618e-10,1.594328883189252e-10,1.596116647636822e-10,1.597905145263907e-10,1.5996943758009514e-10,1.601484338976988e-10,1.6032750345214653e-10,1.6050664621639726e-10,1.606858621634944e-10,1.6086515126600653e-10,1.6104451349698573e-10,1.6122394882928337e-10,1.6140345723582e-10,1.6158303868950804e-10,1.6176269316300813e-10,1.6194242062928816e-10,1.6212222106040808e-10,1.6230209442993431e-10,1.624820407095158e-10,1.6266205987661498e-10,1.6284215189986767e-10,1.630223167526371e-10,1.6320255440332823e-10,1.6338286482862335e-10,1.6356324800648542e-10,1.637437039037289e-10,1.6392423249558952e-10,1.6410483375500778e-10,1.642855076522352e-10,1.6446625416183734e-10,1.6464707325488659e-10,1.6482796490562815e-10,1.6500892909052582e-10,1.6518996577351272e-10,1.6537107492889811e-10,1.6555225653206542e-10,1.6573351056755768e-10,1.6591483698458362e-10,1.6609623576858428e-10,1.662777068906827e-10,1.664592503326696e-10,1.6664086605054368e-10,1.6682255402292806e-10,1.670043142216783e-10,1.6718614662335088e-10,1.6736805120991213e-10,1.6755002793862658e-10,1.67732076788771e-10,1.6791419773173044e-10,1.680963907348882e-10,1.682786557681465e-10,1.6846099281074454e-10,1.6864340183473773e-10,1.68825882812823e-10,1.6900843571016095e-10,1.691910605138573e-10,1.6937375718906554e-10,1.6955652570825674e-10,1.6973936604388434e-10,1.6992227816839461e-10,1.7010526205423657e-10,1.702883176738375e-10,1.7047144499961935e-10,1.7065464400399985e-10,1.7083791465938028e-10,1.7102125693816521e-10,1.7120467081274081e-10,1.7138815625548643e-10,1.7157171323877996e-10,1.7175534173497908e-10,1.7193904171644397e-10,1.721228131553739e-10,1.7230665602426142e-10,1.7249057029552746e-10,1.7267455594139847e-10,1.7285861293419122e-10,1.730427412462071e-10,1.7322694084974886e-10,1.7341121171710508e-10,1.7359555382055473e-10,1.7377996713236746e-10,1.7396445162482093e-10,1.7414900727015483e-10,1.7433363404062904e-10,1.745183319084805e-10,1.7470310084594167e-10,1.7488794082523416e-10,1.7507285181946604e-10,1.7525783380000838e-10,1.7544288673906346e-10,1.7562801060883178e-10,1.758132053814987e-10,1.7599847102924814e-10,1.7618380752425685e-10,1.7636921483868662e-10,1.7655469294469772e-10,1.7674024181444762e-10,1.7692586142007766e-10,1.7711155173373282e-10,1.7729731272754402e-10,1.774831443736509e-10,1.7766904664416716e-10,1.7785501951121935e-10,1.780410629469236e-10,1.7822717692340277e-10,1.7841336141277168e-10,1.785996163871655e-10,1.7878594181459854e-10,1.7897233767077552e-10,1.7915880392774106e-10,1.793453405575385e-10,1.79531947532186e-10,1.7971862482369933e-10,1.7990537240410137e-10,1.8009219024539055e-10,1.802790783195653e-10,1.8046603660095551e-10,1.8065306505967655e-10,1.8084016366524002e-10,1.8102733239167434e-10,1.8121457121080558e-10,1.8140188009400656e-10,1.8158925901458349e-10,1.817767079430313e-10,1.8196422685239e-10,1.821518157168775e-10,1.8233947450360344e-10,1.825272031864877e-10,1.8271500173751428e-10,1.8290287012860712e-10,1.8309080833165746e-10,1.8327881631855827e-10,1.8346689406041145e-10,1.8365504152983014e-10,1.8384325869950768e-10,1.840315455396064e-10,1.8421990202077616e-10,1.8440832811673607e-10,1.8459682379926543e-10,1.8478538904013549e-10,1.8497402381109276e-10,1.8516272808378945e-10,1.8535150183246665e-10,1.8554034502648893e-10,1.857292576377036e-10,1.8591823963906624e-10,1.8610729099732413e-10,1.8629641169133465e-10,1.864856016904451e-10,1.8667486096631092e-10,1.8686418949061777e-10,1.87053587235055e-10,1.8724305417132356e-10,1.8743259027112287e-10,1.8762219550615903e-10,1.878118698481143e-10,1.8800161326868968e-10,1.8819142573956827e-10,1.8838130723235698e-10,1.8857125771884324e-10,1.8876127717068948e-10,1.889513655595622e-10,1.891415228622717e-10,1.8933174904497903e-10,1.8952204407936757e-10,1.8971240793708757e-10,1.899028405898099e-10,1.9009334200916825e-10,1.9028391216680908e-10,1.9047455103435396e-10,1.9066525858342679e-10,1.908560347856426e-10,1.9104687961260543e-10,1.9123779303591276e-10,1.9142877502716084e-10,1.916198255579288e-10,1.9181094459979899e-10,1.920021321243382e-10,1.9219338810310923e-10,1.923847125076722e-10,1.9257610530957838e-10,1.9276756647936727e-10,1.9295909598970997e-10,1.931506938106988e-10,1.9334235991526614e-10,1.935340942749202e-10,1.9372589686115666e-10,1.939177676454717e-10,1.941097065993619e-10,1.9430171369430851e-10,1.944937889017958e-10,1.946859321932969e-10,1.9487814354047958e-10,1.9507042291460924e-10,1.9526277028713532e-10,1.9545518562951218e-10,1.9564766891319107e-10,1.9584022010961342e-10,1.9603283919021012e-10,1.9622552612641671e-10,1.9641828088865972e-10,1.9661110344939353e-10,1.9680399378002708e-10,1.9699695185195715e-10,1.9718997763706142e-10,1.9738307110622244e-10,1.9757623223082178e-10,1.9776946098199584e-10,1.9796275733116167e-10,1.9815612124657925e-10,1.9834955270624623e-10,1.9854305167868076e-10,1.9873661813453077e-10,1.9893025204580871e-10,1.991239533834388e-10,1.9931772211874266e-10,1.9951155822363735e-10,1.9970546166852984e-10,1.9989943242555383e-10,2.0009347046475422e-10,2.0028757575790066e-10,2.004817482769171e-10,2.0067598799282256e-10,2.0087029487691064e-10,2.0106466890046445e-10,2.012591100345344e-10,2.0145361825060214e-10,2.0164819351893805e-10,2.018428358132585e-10,2.0203754510386344e-10,2.0223232136139658e-10,2.0242716455670616e-10,2.026220746603866e-10,2.0281705164707792e-10,2.0301209548528255e-10,2.0320720614638594e-10,2.0340238359987787e-10,2.0359762781890915e-10,2.037929387746407e-10,2.03988316438229e-10,2.04183760784153e-10,2.0437927178010465e-10,2.0457484939784438e-10,2.047704936079775e-10,2.0496620438214826e-10,2.0516198169154757e-10,2.0535782550735997e-10,2.055537358005239e-10,2.0574971254275368e-10,2.059457557057626e-10,2.0614186525867303e-10,2.0633804117409015e-10,2.0653428342354052e-10,2.06730591976353e-10,2.0692696681243446e-10,2.0712340788386726e-10,2.0731991517669058e-10,2.075164886584696e-10,2.0771312829817803e-10,2.079098340710661e-10,2.0810660594587787e-10,2.0830344389164422e-10,2.0850034788361881e-10,2.0869731789331627e-10,2.0889435388921367e-10,2.0909145584034288e-10,2.0928862372164547e-10,2.09485857503558e-10,2.0968315715716786e-10,2.0988052265082437e-10,2.1007795395689578e-10,2.1027545104386765e-10,2.104730138906366e-10,2.1067064246313946e-10,2.108683367332965e-10,2.110660966698723e-10,2.1126392224773284e-10,2.1146181343438515e-10,2.1165977020224293e-10,2.118577925236059e-10,2.1205588036696073e-10,2.1225403370567327e-10,2.1245225250939318e-10,2.1265053674842817e-10,2.1284888639360793e-10,2.1304730141809647e-10,2.1324578179174146e-10,2.1344432748590588e-10,2.1364293847090563e-10,2.138416147179638e-10,2.1404035619807966e-10,2.142391628811684e-10,2.1443803474038191e-10,2.1463697174450157e-10,2.1483597386196824e-10,2.1503504107164934e-10,2.1523417334083237e-10,2.1543337063911479e-10,2.156326329379942e-10,2.1583196020836702e-10,2.1603135242128956e-10,2.1623080954751034e-10,2.1643033155821075e-10,2.1662991842749617e-10,2.1682957011939593e-10,2.1702928660826105e-10,2.1722906786507186e-10,2.1742891386220326e-10,2.1762882456827305e-10,2.178287999541705e-10,2.1802883999044997e-10,2.182289446491881e-10,2.1842911390194886e-10,2.1862934771895258e-10,2.188296460713336e-10,2.1903000892813984e-10,2.1923043626325237e-10,2.1943092804641055e-10,2.1963148424667123e-10,2.1983210483697257e-10,2.20032789787303e-10,2.202335390680053e-10,2.2043435265047923e-10,2.2063523050552975e-10,2.2083617260399464e-10,2.2103717891670304e-10,2.2123824941447068e-10,2.2143938406812134e-10,2.2164058284846158e-10,2.2184184572626469e-10,2.220431726723117e-10,2.2224456365748043e-10,2.224460186525623e-10,2.2264753762836291e-10,2.2284912055566907e-10,2.2305076740527634e-10,2.2325247814796976e-10,2.234542527545358e-10,2.2365609119574705e-10,2.238579934423831e-10,2.2405995946522262e-10,2.2426198923502467e-10,2.2446408272257257e-10,2.2466623989860574e-10,2.2486846073389492e-10,2.2507074519920372e-10,2.2527309326528063e-10,2.2547550490287032e-10,2.2567798008139756e-10,2.2588051877462986e-10,2.260831209493026e-10,2.262857865805991e-10,2.2648851563956937e-10,2.2669130809348405e-10,2.268941639123878e-10,2.2709708306869673e-10,2.2730006553311233e-10,2.2750311127638121e-10,2.2770622026920598e-10,2.2790939248231126e-10,2.2811262788639266e-10,2.2831592645151778e-10,2.2851928814912358e-10,2.2872271294989446e-10,2.289262008245273e-10,2.291297517436971e-10,2.2933336567810682e-10,2.295370425984267e-10,2.2974078247481997e-10,2.299445852784507e-10,2.30148450979982e-10,2.3035237954097405e-10,2.3055637094172268e-10,2.3076042516087354e-10,2.3096454216113798e-10,2.3116872191363595e-10,2.313729643874072e-10,2.3157726955396455e-10,2.3178163738366475e-10,2.3198606784682634e-10,2.321905609167183e-10,2.323951165603911e-10,2.325997347499268e-10,2.3280441545593108e-10,2.3300915865297673e-10,2.332139643038951e-10,2.3341883238382995e-10,2.33623762862765e-10,2.338287557110524e-10,2.3403381089951707e-10,2.342389283984675e-10,2.3444410817957583e-10,2.3464935021684634e-10,2.348546544735639e-10,2.350600209230572e-10,2.352654495367478e-10,2.3547094028533674e-10,2.35676493146822e-10,2.358821080739481e-10,2.3608778504990646e-10,2.3629352404316917e-10,2.3649932502422554e-10,2.367051879631077e-10,2.3691111283090777e-10,2.3711709959447616e-10,2.373231482324424e-10,2.3752925870822297e-10,2.3773543100018126e-10,2.379416650723127e-10,2.3814796089393286e-10,2.3835431843444863e-10,2.385607376754716e-10,2.3876721858041447e-10,2.3897376111741353e-10,2.3918036526670693e-10,2.3938703098838585e-10,2.395937582561549e-10,2.398005470413389e-10,2.400073973135637e-10,2.402143090498275e-10,2.4042128220945995e-10,2.4062831676849066e-10,2.4083541269418655e-10,2.410425699635362e-10,2.4124978854359686e-10,2.414570684060236e-10,2.4166440951865587e-10,2.4187181185588415e-10,2.420792753859346e-10,2.4228680007928165e-10,2.4249438590614544e-10,2.427020328401614e-10,2.4290974084755564e-10,2.431175099020149e-10,2.4332533997217923e-10,2.435332310294888e-10,2.437411830443374e-10,2.439491959877985e-10,2.441572698303278e-10,2.4436540454128023e-10,2.4457360009172464e-10,2.447818564521666e-10,2.4499017359324775e-10,2.4519855148662626e-10,2.454069901003823e-10,2.4561548940641503e-10,2.458240493755743e-10,2.460326699781137e-10,2.462413511843215e-10,2.464500929648865e-10,2.466588952902033e-10,2.468677581301543e-10,2.470766814573322e-10,2.4728566524153214e-10,2.474947094511019e-10,2.4770381405926524e-10,2.4791297903439843e-10,2.481222043475804e-10,2.483314899703949e-10,2.485408358724958e-10,2.4875024202495637e-10,2.489597083975619e-10,2.491692349605946e-10,2.4937882168536187e-10,2.495884685424335e-10,2.4979817550113387e-10,2.5000794253286273e-10,2.502177696080003e-10,2.504276566970352e-10,2.5063760377046825e-10,2.5084761079876284e-10,2.5105767774923324e-10,2.5126780459500725e-10,2.51477991307664e-10,2.516882378567029e-10,2.518985442170702e-10,2.5210891035443653e-10,2.523193362282481e-10,2.5252982183165506e-10,2.5274036712478e-10,2.529509720777003e-10,2.531616366611371e-10,2.533723608421231e-10,2.53583144596571e-10,2.5379398789292164e-10,2.540048907014317e-10,2.5421585299207807e-10,2.54426874735488e-10,2.546379559038745e-10,2.5484909646552665e-10,2.5506029639281175e-10,2.552715556545378e-10,2.554828742202402e-10,2.556942520628729e-10,2.559056891522845e-10,2.561171854587238e-10,2.5632874095255163e-10,2.5654035561108583e-10,2.567520293806254e-10,2.5696376224734665e-10,2.571755541804517e-10,2.57387405165468e-10,2.5759931516047363e-10,2.5781128413592894e-10,2.580233120622996e-10,2.5823539890987574e-10,2.5844754464929584e-10,2.5865974925099435e-10,2.5887201268544916e-10,2.5908433492311395e-10,2.592967159344495e-10,2.59509155689913e-10,2.597216541599672e-10,2.599342113150609e-10,2.601468271258576e-10,2.6035950156243045e-10,2.605722345954252e-10,2.6078502619529517e-10,2.609978763324898e-10,2.6121078497779956e-10,2.6142375210136494e-10,2.616367776736488e-10,2.618498616654362e-10,2.6206300404683566e-10,2.622762047883171e-10,2.624894638603319e-10,2.6270278123332305e-10,2.6291615687775664e-10,2.6312959076408357e-10,2.6334308286275233e-10,2.6355663314422094e-10,2.637702415789416e-10,2.639839081373683e-10,2.6419763278995403e-10,2.644114155071572e-10,2.6462525625941904e-10,2.6483915501720416e-10,2.6505311175095186e-10,2.6526712643112386e-10,2.6548119902817224e-10,2.6569532951254976e-10,2.659095178547157e-10,2.6612376402510936e-10,2.6633806799419627e-10,2.665524297233876e-10,2.667668491918067e-10,2.669813263698255e-10,2.6719586122764313e-10,2.674104537353301e-10,2.676251038625003e-10,2.678398115947279e-10,2.680545768892962e-10,2.682693997166634e-10,2.6848428004728343e-10,2.6869921785352194e-10,2.6891421310393594e-10,2.6912926576704537e-10,2.693443758127314e-10,2.6955954321530457e-10,2.697747679445776e-10,2.6999004997063155e-10,2.7020538926360916e-10,2.7042078579396504e-10,2.706362395321616e-10,2.7085175044865764e-10,2.7106731851391955e-10,2.712829436984008e-10,2.714986259725687e-10,2.71714365306887e-10,2.7193016167181825e-10,2.721460150378237e-10,2.723619253753657e-10,2.725778926549185e-10,2.7279391684694295e-10,2.730099979226937e-10,2.7322613585172166e-10,2.7344233060452456e-10,2.7365858215158445e-10,2.738748904633911e-10,2.740912555101997e-10,2.743076772627494e-10,2.745241556915155e-10,2.7474069076696967e-10,2.7495728246405067e-10,2.751739307458745e-10,2.7539063558399003e-10,2.7560739695091506e-10,2.7582421481670504e-10,2.7604108915214567e-10,2.762580199276065e-10,2.7647500711353357e-10,2.766920506804266e-10,2.7690915059876685e-10,2.7712630683904526e-10,2.7734351937189933e-10,2.7756078816755917e-10,2.7777811319657377e-10,2.7799549442921877e-10,2.7821293183474e-10,2.7843042538677003e-10,2.7864797505408716e-10,2.7886558080638756e-10,2.790832426158074e-10,2.7930096045197396e-10,2.7951873428382204e-10,2.797365640852712e-10,2.799544498419446e-10,2.801723915074303e-10,2.8039038905222796e-10,2.806084424467992e-10,2.8082655166160933e-10,2.8104471666724607e-10,2.81262937434116e-10,2.81481213932783e-10,2.816995461337458e-10,2.819179340074814e-10,2.821363775245361e-10,2.8235487665538834e-10,2.8257343137059585e-10,2.8279204164056225e-10,2.8301070743584784e-10,2.8322942872699593e-10,2.834482054844903e-10,2.836670376788725e-10,2.838859252806535e-10,2.841048682603166e-10,2.8432386658840676e-10,2.845429202354195e-10,2.8476202917189895e-10,2.8498119336838875e-10,2.85200412795365e-10,2.8541968742336904e-10,2.856390172229757e-10,2.858584021646407e-10,2.860778422188895e-10,2.8629733735632246e-10,2.86516887528912e-10,2.8673649272569517e-10,2.869561529172106e-10,2.8717586807400263e-10,2.8739563816660507e-10,2.876154631655727e-10,2.8783534304143903e-10,2.8805527776474716e-10,2.882752673060435e-10,2.8849531163587594e-10,2.887154107248012e-10,2.889355645433641e-10,2.891557730621175e-10,2.893760362516192e-10,2.8959635408242365e-10,2.8981672652509267e-10,2.9003715355017346e-10,2.9025763512824034e-10,2.9047817122986287e-10,2.906987618255884e-10,2.909194068859976e-10,2.9114010638165223e-10,2.913608602831332e-10,2.9158166856099864e-10,2.918025311858374e-10,2.9202344812821115e-10,2.922444193587136e-10,2.9246544484791855e-10,2.926865245664092e-10,2.9290765848476626e-10,2.9312884657357367e-10,2.9335008880343135e-10,2.9357138514491534e-10,2.937927355686326e-10,2.940141400451705e-10,2.942355985451223e-10,2.944571110390864e-10,2.946786774976701e-10,2.9490029789146707e-10,2.951219721910872e-10,2.953437003671427e-10,2.955654823902266e-10,2.957873182309676e-10,2.960092078599677e-10,2.9623115124784044e-10,2.964531483652111e-10,2.966751991826951e-10,2.9689730367091635e-10,2.971194618004997e-10,2.9734167354206733e-10,2.975639388662488e-10,2.977862577530244e-10,2.9800863016370415e-10,2.982310560689153e-10,2.9845353543929114e-10,2.986760682454585e-10,2.98898654457684e-10,2.9912129404696083e-10,2.9934398698398276e-10,2.995667332394087e-10,2.9978953278384195e-10,3.000123855879726e-10,3.002352916224596e-10,3.0045825085797037e-10,3.006812632651294e-10,3.009043288146299e-10,3.0112744747712156e-10,3.013506192232778e-10,3.0157384402375585e-10,3.017971218492573e-10,3.020204526704514e-10,3.022438364580012e-10,3.0246727318260985e-10,3.0269076281494726e-10,3.02914305325693e-10,3.031379006748163e-10,3.033615488438406e-10,3.035852498034432e-10,3.0380900352431493e-10,3.0403280997901674e-10,3.0425666913629745e-10,3.0448058096687003e-10,3.047045454414305e-10,3.0492856253070335e-10,3.0515263220540274e-10,3.053767544362259e-10,3.0560092919390967e-10,3.0582515644916645e-10,3.0604943617271397e-10,3.062737683352986e-10,3.0649815290762723e-10,3.067225898604465e-10,3.0694707916448935e-10,3.071716207904864e-10,3.073962147091873e-10,3.076208608913266e-10,3.078455593076588e-10,3.0807030992893747e-10,3.082951127259016e-10,3.085199676693066e-10,3.0874487472991944e-10,3.08969833878497e-10,3.091948450858083e-10,3.094199083226106e-10,3.096450235596808e-10,3.098701907677917e-10,3.1009540991771276e-10,3.1032068098022143e-10,3.105460039261143e-10,3.107713787261605e-10,3.1099680535116164e-10,3.1122228377189263e-10,3.1144781395915846e-10,3.116733958837479e-10,3.118990295149815e-10,3.121247148253269e-10,3.123504517855052e-10,3.125762403663381e-10,3.1280208053860264e-10,3.1302797227312304e-10,3.132539155410839e-10,3.1347991031285604e-10,3.1370595655927327e-10,3.1393205425116034e-10,3.1415820335935487e-10,3.1438440385469496e-10,3.146106557079989e-10,3.148369588901368e-10,3.1506331337193064e-10,3.152897191242335e-10,3.155161761179075e-10,3.157426843237931e-10,3.1596924371276344e-10,3.1619585425566473e-10,3.164225159233699e-10,3.1664922868675293e-10,3.1687599251666607e-10,3.1710280738400257e-10,3.1732967325963456e-10,3.1755659011443625e-10,3.1778355791931247e-10,3.1801057664512984e-10,3.1823764626279205e-10,3.1846476674319653e-10,3.1869193805723064e-10,3.189191601758109e-10,3.191464330698327e-10,3.1937375671020877e-10,3.196011310678551e-10,3.1982855611368004e-10,3.200560318186187e-10,3.20283558153574e-10,3.205111350894896e-10,3.207387625972907e-10,3.2096644064791304e-10,3.211941692122901e-10,3.2142194826137256e-10,3.2164977776609295e-10,3.2187765769740235e-10,3.2210558802626024e-10,3.223335687236264e-10,3.2256159976045456e-10,3.227896811077008e-10,3.2301781273633927e-10,3.232459946173415e-10,3.2347422672168217e-10,3.2370250902034264e-10,3.239308414843038e-10,3.2415922408454376e-10,3.2438765679205883e-10,3.246161395778405e-10,3.248446724128848e-10,3.250732552682011e-10,3.253018881147806e-10,3.2553057092364276e-10,3.257593036658009e-10,3.2598808631226634e-10,3.262169188340629e-10,3.2644580120220776e-10,3.2667473338773614e-10,3.269037153616747e-10,3.2713274709549247e-10,3.27361828559806e-10,3.275909597256489e-10,3.2782014056407546e-10,3.2804937104613067e-10,3.2827865114288315e-10,3.285079808253953e-10,3.287373600647072e-10,3.289667888319017e-10,3.2919626709806273e-10,3.294257948342571e-10,3.296553720115696e-10,3.2988499860107157e-10,3.3011467457388024e-10,3.303443999010819e-10,3.3057417455447594e-10,3.3080399850307344e-10,3.3103387171943415e-10,3.3126379417505924e-10,3.3149376584058195e-10,3.317237866871448e-10,3.3195385668585864e-10,3.321839758078678e-10,3.324141440225913e-10,3.3264436130514567e-10,3.3287462762435947e-10,3.3310494295135437e-10,3.333353072572844e-10,3.335657205132979e-10,3.337961826905589e-10,3.34026693760223e-10,3.3425725369344337e-10,3.344878624613821e-10,3.347185200352356e-10,3.349492263861672e-10,3.3517998148534784e-10,3.354107853039848e-10,3.356416378132448e-10,3.358725389843242e-10,3.3610348878843775e-10,3.36334487196773e-10,3.3656553418053695e-10,3.3679662971094623e-10,3.3702777375921635e-10,3.372589662965551e-10,3.374902072942048e-10,3.377214967233836e-10,3.3795283455532814e-10,3.3818422076127934e-10,3.3841565531247465e-10,3.3864713818014485e-10,3.3887866933557285e-10,3.391102487499905e-10,3.3934187639466453e-10,3.3957355224086577e-10,3.3980527625985685e-10,3.400370484229099e-10,3.402688687013167e-10,3.4050073706634456e-10,3.4073265348927234e-10,3.409646179414228e-10,3.411966303940627e-10,3.4142869081851666e-10,3.4166079918607354e-10,3.418929554680516e-10,3.4212515963576677e-10,3.423574116605357e-10,3.4258971151368386e-10,3.4282205916654816e-10,3.430544545904421e-10,3.432868977567294e-10,3.435193886367332e-10,3.4375192720182246e-10,3.4398451342332307e-10,3.442171472726117e-10,3.4444982872104803e-10,3.4468255773998915e-10,3.4491533430082133e-10,3.451481583749085e-10,3.453810299336453e-10,3.456139489484004e-10,3.4584691539058606e-10,3.460799292315829e-10,3.4631299044280136e-10,3.465460989956271e-10,3.467792548614921e-10,3.4701245801180426e-10,3.472457084179882e-10,3.4747900605146183e-10,3.477123508836605e-10,3.479457428860123e-10,3.4817918202996714e-10,3.484126682869616e-10,3.4864620162845937e-10,3.4887978202589337e-10,3.491134094507295e-10,3.493470838744376e-10,3.4958080526849907e-10,3.4981457360436574e-10,3.500483888535298e-10,3.502822509874609e-10,3.5051615997768293e-10,3.5075011579565945e-10,3.509841184128961e-10,3.5121816780090236e-10,3.5145226393118925e-10,3.51686406775265e-10,3.519205963046605e-10,3.521548324908981e-10,3.523891153054979e-10,3.526234447199983e-10,3.528578207059513e-10,3.5309224323488564e-10,3.533267122783663e-10,3.535612278079395e-10,3.5379578979517625e-10,3.540303982116382e-10,3.54265053028891e-10,3.544997542185173e-10,3.547345017520977e-10,3.5496929560123414e-10,3.552041357374941e-10,3.5543902213248624e-10,3.556739547578022e-10,3.559089335850765e-10,3.561439585859035e-10,3.5637902973189777e-10,3.5661414699469004e-10,3.5684931034592046e-10,3.5708451975721473e-10,3.573197752001954e-10,3.5755507664652874e-10,3.577904240594139e-10,3.580258174188954e-10,3.5826125669601186e-10,3.5849674186299495e-10,3.5873227289048715e-10,3.5896784975011136e-10,3.592034724133901e-10,3.594391408655454e-10,3.596748550661002e-10,3.599106149746776e-10,3.60146420576242e-10,3.603822718427626e-10,3.606181687452414e-10,3.6085411125505127e-10,3.610900993436939e-10,3.6132613298334347e-10,3.615622121451702e-10,3.6179833680102904e-10,3.6203450692096014e-10,3.622707224781676e-10,3.6250698344448415e-10,3.627432897916309e-10,3.6297964149143717e-10,3.632160385155788e-10,3.6345248083597453e-10,3.636889684242942e-10,3.639255012524536e-10,3.6416207929214544e-10,3.6439870251526274e-10,3.646353708935351e-10,3.648720843987029e-10,3.6510884300275294e-10,3.653456466774113e-10,3.6558249539454545e-10,3.658193891258896e-10,3.660563278435002e-10,3.662933115190933e-10,3.665303401245207e-10,3.6676741363162906e-10,3.6700453201233097e-10,3.672416952384468e-10,3.6747890328189173e-10,3.6771615611463873e-10,3.6795345370843103e-10,3.681907960351589e-10,3.684281830789713e-10,3.6866561479992407e-10,3.6890309116955403e-10,3.691406121604916e-10,3.693781777435931e-10,3.696157878910501e-10,3.6985344257487753e-10,3.7009114176704145e-10,3.7032888543954656e-10,3.7056667356433475e-10,3.708045061133847e-10,3.710423830586709e-10,3.71280304372159e-10,3.7151827002584146e-10,3.717562799916916e-10,3.7199433424170073e-10,3.7223243274787356e-10,3.7247057548220104e-10,3.7270876241670024e-10,3.7294699352338644e-10,3.7318526877425906e-10,3.734235881410595e-10,3.7366195159613415e-10,3.73900359111522e-10,3.741388106592946e-10,3.7437730621158777e-10,3.7461584574059434e-10,3.748544292177885e-10,3.7509305661538546e-10,3.7533172790556513e-10,3.7557044306043423e-10,3.758092020520691e-10,3.760480048525644e-10,3.7628685143401973e-10,3.7652574176854476e-10,3.767646758282447e-10,3.7700365358522434e-10,3.7724267501187744e-10,3.774817400800592e-10,3.7772084876190866e-10,3.7796000102754165e-10,3.781991968511318e-10,3.7843843620483793e-10,3.786777190607911e-10,3.7891704539117427e-10,3.791564151681565e-10,3.7939582836390177e-10,3.79635284950603e-10,3.798747849004443e-10,3.801143281856128e-10,3.803539147783218e-10,3.805935446507755e-10,3.808332177751735e-10,3.810729341237365e-10,3.813126936687159e-10,3.8155249638229505e-10,3.8179234223676246e-10,3.820322312043268e-10,3.8227216325724857e-10,3.8251213836777896e-10,3.827521565081944e-10,3.8299221765075087e-10,3.8323232176772837e-10,3.8347246883142144e-10,3.8371265881408586e-10,3.839528916880413e-10,3.841931674255787e-10,3.8443348599900117e-10,3.846738473806382e-10,3.849142515427951e-10,3.851546984577994e-10,3.853951880979817e-10,3.8563572043569814e-10,3.858762954463836e-10,3.8611691310206284e-10,3.863575733700768e-10,3.8659827622475697e-10,3.868390216386088e-10,3.8707980958410207e-10,3.8732064003362564e-10,3.875615129595879e-10,3.878024283343936e-10,3.8804338613046036e-10,3.8828438632019744e-10,3.885254288760129e-10,3.887665137703481e-10,3.890076409756232e-10,3.892488104642824e-10,3.8949002220875975e-10,3.8973127618151744e-10,3.899725723549927e-10,3.9021391070165765e-10,3.904552911939871e-10,3.906967138034202e-10,3.9093817850453847e-10,3.9117968526893945e-10,3.9142123406917557e-10,3.916628248778433e-10,3.919044576693453e-10,3.921461324138638e-10,3.9238784908390586e-10,3.92629607652004e-10,3.9287140809070774e-10,3.9311325037254323e-10,3.9335513447006396e-10,3.9359706035583237e-10,3.938390280024099e-10,3.940810373823579e-10,3.9432308846825817e-10,3.9456518123269277e-10,3.9480731564823936e-10,3.9504949168752005e-10,3.952917093231093e-10,3.955339685276265e-10,3.9577626927368117e-10,3.9601861153391567e-10,3.9626099527597353e-10,3.965034204775343e-10,3.967458871112067e-10,3.9698839514966156e-10,3.9723094456555663e-10,3.97473535331521e-10,3.9771616742025745e-10,3.979588408044369e-10,3.982015554567144e-10,3.98444311349803e-10,3.9868710845637664e-10,3.9892994674914956e-10,3.991728262008424e-10,3.9941574678414614e-10,3.9965870847180417e-10,3.9990171123653436e-10,4.001447550510685e-10,4.0038783988815944e-10,4.00630965720541e-10,4.008741325209864e-10,4.0111734026226066e-10,4.0136058891712374e-10,4.0160387845835356e-10,4.0184720885873296e-10,4.02090580091063e-10,4.0233399212812803e-10,4.0257744494273745e-10,4.0282093850770983e-10,4.030644727958554e-10,4.0330804778000174e-10,4.035516634369088e-10,4.037953197350937e-10,4.040390166475102e-10,4.0428275414367564e-10,4.0452653220035926e-10,4.047703507903783e-10,4.0501420988657727e-10,4.0525810946180586e-10,4.0550204948892256e-10,4.057460299408133e-10,4.059900507903702e-10,4.0623411201129613e-10,4.0647821357560443e-10,4.067223554562065e-10,4.069665376260445e-10,4.0721076005805123e-10,4.0745502272518044e-10,4.0769932560040294e-10,4.0794366865664705e-10,4.08188051866912e-10,4.0843247520418175e-10,4.0867693864143706e-10,4.0892144215098286e-10,4.091659857064194e-10,4.094105692807668e-10,4.0965519284702517e-10,4.0989985637819935e-10,4.101445598473327e-10,4.10389303227448e-10,4.1063408649156857e-10,4.108789096127529e-10,4.111237725640399e-10,4.1136867531850113e-10,4.1161361784919075e-10,4.1185860012918403e-10,4.1210362213156374e-10,4.1234868382941377e-10,4.12593785195828e-10,4.128389262039061e-10,4.130841068267613e-10,4.133293270375108e-10,4.1357458680927525e-10,4.138198861151798e-10,4.140652249283687e-10,4.143106032229506e-10,4.1455602097111533e-10,4.148014781460207e-10,4.150469747208395e-10,4.1529251066873963e-10,4.155380859622037e-10,4.157837005751602e-10,4.1602935448083273e-10,4.162750476524453e-10,4.165207800639105e-10,4.167665516876021e-10,4.1701236249674744e-10,4.17258212464577e-10,4.175041015643276e-10,4.1775002976924045e-10,4.179959970526058e-10,4.1824200338764707e-10,4.184880487476471e-10,4.187341331058671e-10,4.1898025643559613e-10,4.1922641871015316e-10,4.194726199027955e-10,4.197188599868445e-10,4.199651389356227e-10,4.2021145672244394e-10,4.204578133206438e-10,4.207042087035243e-10,4.2095064284447094e-10,4.211971157168019e-10,4.214436272938904e-10,4.2169017754910484e-10,4.219367664557931e-10,4.2218339398737083e-10,4.224300601171777e-10,4.226767648186572e-10,4.229235080651855e-10,4.231702898301748e-10,4.2341711008706393e-10,4.236639688092326e-10,4.239108659701512e-10,4.2415780154323306e-10,4.2440477550194335e-10,4.246517878197325e-10,4.2489883847005925e-10,4.2514592742637284e-10,4.2539305466218867e-10,4.25640220150962e-10,4.258874238662125e-10,4.2613466578139844e-10,4.2638194587006466e-10,4.266292641057173e-10,4.268766204618627e-10,4.2712401491203174e-10,4.2737144742978336e-10,4.276189179886519e-10,4.278664265621778e-10,4.2811397312393303e-10,4.283615576475251e-10,4.28609180106448e-10,4.288568404742504e-10,4.2910453872459126e-10,4.293522748309728e-10,4.2960004876699477e-10,4.298478605063677e-10,4.300957100226109e-10,4.30343597289373e-10,4.3059152228032747e-10,4.30839484969093e-10,4.3108748532930057e-10,4.313355233297727e-10,4.315835989486555e-10,4.318317121586107e-10,4.320798629316959e-10,4.323280512555256e-10,4.325762770825185e-10,4.3282454039937425e-10,4.3307284117847085e-10,4.333211793933549e-10,4.3356955501764156e-10,4.338179680243697e-10,4.3406641838742846e-10,4.3431490608054924e-10,4.3456343107753946e-10,4.348119933517168e-10,4.3506059287715176e-10,4.353092296276276e-10,4.3555790357676877e-10,4.358066146984444e-10,4.3605536296642193e-10,4.3630414835453356e-10,4.3655297083654864e-10,4.368018303863294e-10,4.370507269776347e-10,4.372996605844317e-10,4.3754863118049256e-10,4.3779763873961984e-10,4.3804668323570334e-10,4.38295764642595e-10,4.3854488293424765e-10,4.3879403808452463e-10,4.3904323006724894e-10,4.3929245885642026e-10,4.395417244258872e-10,4.397910267496216e-10,4.400403658014735e-10,4.402897415553953e-10,4.405391539854082e-10,4.407886030653967e-10,4.410380887693446e-10,4.412876110711918e-10,4.415371699449422e-10,4.417867653645364e-10,4.420363973039846e-10,4.422860657373143e-10,4.425357706385267e-10,4.427855119816155e-10,4.43035289740591e-10,4.4328510388950603e-10,4.435349544024274e-10,4.4378484125336107e-10,4.440347644163805e-10,4.442847238655527e-10,4.44534719574882e-10,4.447847515184968e-10,4.450348196705194e-10,4.452849240049964e-10,4.455350644960527e-10,4.4578524111776524e-10,4.460354538442929e-10,4.462857026497413e-10,4.465359875082108e-10,4.4678630839386347e-10,4.4703666528088797e-10,4.47287058144984e-10,4.475374869589809e-10,4.4778795170197734e-10,4.4803845234154535e-10,4.4828898885257373e-10,4.4853956120955104e-10,4.487901693868326e-10,4.490408133587088e-10,4.4929149310131805e-10,4.4954220858658093e-10,4.497929597896098e-10,4.500437466846853e-10,4.5029456924613534e-10,4.5054542744831663e-10,4.507963212656744e-10,4.5104725067280406e-10,4.5129821564481954e-10,4.515492161517719e-10,4.5180025215827e-10,4.520513236604844e-10,4.5230243062300126e-10,4.5255357301935925e-10,4.5280475081336054e-10,4.530559640029332e-10,4.533072125508159e-10,4.535584964299307e-10,4.538098156163235e-10,4.540611700707078e-10,4.543125597914952e-10,4.545639847501489e-10,4.548154449074654e-10,4.550669402421407e-10,4.553184707277487e-10,4.5557003634445233e-10,4.558216370533906e-10,4.560732728265039e-10,4.5632494366314563e-10,4.5657664953320534e-10,4.5682839040003295e-10,4.570801662420628e-10,4.573319770296317e-10,4.575838227440949e-10,4.5783570334264463e-10,4.5808761882682097e-10,4.583395691419841e-10,4.5859155429069776e-10,4.588435742343438e-10,4.590956289492434e-10,4.593477184096754e-10,4.595998425935299e-10,4.59852001469073e-10,4.6010419501260987e-10,4.6035642319840843e-10,4.6060868600179194e-10,4.608609833973669e-10,4.611133153597236e-10,4.613656818634895e-10,4.6161808288326586e-10,4.6187051839371003e-10,4.621229883694543e-10,4.6237549278450576e-10,4.6262803161430464e-10,4.6288060484557077e-10,4.6313321242914384e-10,4.6338585435103093e-10,4.636385305863517e-10,4.6389124110968107e-10,4.6414398589741133e-10,4.6439676492353975e-10,4.6464957815459256e-10,4.6490242557369604e-10,4.6515530715639094e-10,4.6540822287708764e-10,4.6566117270951836e-10,4.659141566324798e-10,4.661671746104359e-10,4.664202266294616e-10,4.666733126587415e-10,4.669264326723189e-10,4.671795866290336e-10,4.674327745272653e-10,4.676859963405553e-10,4.679392520376216e-10,4.681925415938603e-10,4.684458649841378e-10,4.68699222188892e-10,4.689526131726387e-10,4.692060379165554e-10,4.69459496391308e-10,4.697129885732949e-10,4.699665144406051e-10,4.702200739594791e-10,4.704736671151142e-10,4.707272938765232e-10,4.709809542130127e-10,4.712346481160782e-10,4.71488375553582e-10,4.717421364990051e-10,4.719959309275766e-10,4.722497588092755e-10,4.725036201146688e-10,4.727575148423435e-10,4.730114429519267e-10,4.732654044185053e-10,4.735193992207004e-10,4.73773427324658e-10,4.740274887075017e-10,4.742815833562341e-10,4.745357112465255e-10,4.747898723332909e-10,4.750440666074172e-10,4.752982940373533e-10,4.755525546011504e-10,4.758068482731947e-10,4.760611750258297e-10,4.763155348396471e-10,4.765699276885185e-10,4.768243535444578e-10,4.770788123844426e-10,4.773333041842174e-10,4.775878289170201e-10,4.778423865596205e-10,4.780969770874863e-10,4.783516004734879e-10,4.786062566944148e-10,4.78860945725841e-10,4.79115667543027e-10,4.793704221287067e-10,4.796252094403392e-10,4.798800294631241e-10,4.801348821706153e-10,4.803897675412849e-10,4.806446855527393e-10,4.808996361762262e-10,4.811546193875606e-10,4.814096351644102e-10,4.816646834633008e-10,4.819197642864892e-10,4.821748775917372e-10,4.824300233621002e-10,4.826852015713295e-10,4.829404121992149e-10,4.831956552123e-10,4.83450930590224e-10,4.837062383084406e-10,4.839615783401057e-10,4.842169506640443e-10,4.844723552546983e-10,4.847277920872954e-10,4.849832611385032e-10,4.85238762378979e-10,4.854942957897727e-10,4.85749861342891e-10,4.860054590135386e-10,4.862610887801934e-10,4.865167506151534e-10,4.867724445325836e-10,4.870281704315705e-10,4.872839283317676e-10,4.875397182147226e-10,4.877955400320187e-10,4.880513937703134e-10,4.883072794219607e-10,4.885631969331554e-10,4.888191462949895e-10,4.89075127480791e-10,4.893311404648706e-10,4.895871852283259e-10,4.89843261752626e-10,4.900993700030651e-10,4.903555099685219e-10,4.906116816088213e-10,4.908678849004097e-10,4.911241198058693e-10,4.913803863162387e-10,4.916366844071604e-10,4.918930140528018e-10,4.92149375230271e-10,4.924057679151925e-10,4.92662192083251e-10,4.92918647710088e-10,4.931751347713939e-10,4.934316532428348e-10,4.936882031001172e-10,4.939447843189423e-10,4.942013968750124e-10,4.944580407440605e-10,4.947147159017821e-10,4.949714223239338e-10,4.95228159986261e-10,4.954849288645082e-10,4.957417289344362e-10,4.959985601718139e-10,4.962554225524221e-10,4.965123160520429e-10,4.967692406464873e-10,4.970261963115395e-10,4.972831830230245e-10,4.975402007567575e-10,4.977972494885639e-10,4.98054329194291e-10,4.98311439849778e-10,4.985685814308844e-10,4.988257539381422e-10,4.990829573228275e-10,4.993401915608258e-10,4.995974566280212e-10,4.998547525003352e-10,5.00112079153679e-10,5.003694365639477e-10,5.006268247070906e-10,5.008842435590304e-10,5.01141693095717e-10,5.013991732931167e-10,5.016566841271797e-10,5.019142255738918e-10,5.021717976092248e-10,5.024294002091795e-10,5.02687033349728e-10,5.029446970069111e-10,5.032023911567014e-10,5.034601157751752e-10,5.037178708383487e-10,5.039756563222633e-10,5.042334722029559e-10,5.04491318456503e-10,5.047491950589776e-10,5.05007101986465e-10,5.052650392150125e-10,5.055230067207519e-10,5.057810044797742e-10,5.060390324403823e-10,5.06297090606405e-10,5.065551789539434e-10,5.068132974591335e-10,5.07071446098084e-10,5.073296248468868e-10,5.075878336816352e-10,5.078460725783169e-10,5.081043415173714e-10,5.083626404725218e-10,5.086209694190033e-10,5.088793283328079e-10,5.091377171898507e-10,5.093961359663678e-10,5.09654584638353e-10,5.09913063184183e-10,5.101715715763693e-10,5.104301097939958e-10,5.106886778128092e-10,5.109472756091809e-10,5.112059031590464e-10,5.114645604333541e-10,5.117232474145396e-10,5.11981964077105e-10,5.122407104182996e-10,5.124994863866999e-10,5.127582919656096e-10,5.130171271219891e-10,5.132759918443159e-10,5.135348861084471e-10,5.13793809890476e-10,5.14052763165587e-10,5.143117459101184e-10,5.145707581004379e-10,5.148297997128275e-10,5.150888707236064e-10,5.153479711090278e-10,5.156071008696538e-10,5.158662599583545e-10,5.161254483499501e-10,5.163846660072405e-10,5.166439129219844e-10,5.1690318907366e-10,5.171624944637577e-10,5.174218290121673e-10,5.17681192720599e-10,5.1794058559338e-10,5.182000075577182e-10,5.184594586154638e-10,5.187189387431878e-10,5.189784479169779e-10,5.192379861136589e-10,5.194975533097866e-10,5.197571494819103e-10,5.200167746066493e-10,5.202764286605703e-10,5.205361116359124e-10,5.207958234772919e-10,5.210555641963134e-10,5.213153337342085e-10,5.215751320847673e-10,5.218349592260731e-10,5.220948151288777e-10,5.223546997766443e-10,5.22614613162733e-10,5.228745552272997e-10,5.231345259825786e-10,5.233945253790155e-10,5.236545533896581e-10,5.239146100018654e-10,5.241746951928965e-10,5.244348089380707e-10,5.246949512218852e-10,5.249551220131456e-10,5.252153212921206e-10,5.25475549035328e-10,5.25735805218719e-10,5.259960898164439e-10,5.262564028122185e-10,5.265167442018775e-10,5.267771139150651e-10,5.270375119497102e-10,5.272979382929754e-10,5.275583929014939e-10,5.278188757514544e-10,5.280793868498446e-10,5.283399261568157e-10,5.286004936492136e-10,5.288610893060824e-10,5.291217131042326e-10,5.293823650134451e-10,5.296430450161269e-10,5.29903753085604e-10,5.301644892046108e-10,5.304252533501635e-10,5.306860454941359e-10,5.309468656153487e-10,5.312077136907125e-10,5.314685896979046e-10,5.317294936126069e-10,5.319904254164155e-10,5.322513850987528e-10,5.325123726017146e-10,5.327733879201013e-10,5.330344310324789e-10,5.332955019156497e-10,5.335566005531073e-10,5.338177269158974e-10,5.340788809768984e-10,5.343400627164745e-10,5.346012721068169e-10,5.348625091333581e-10,5.351237737785251e-10,5.353850659996909e-10,5.356463857908704e-10,5.359077331229831e-10,5.361691079904755e-10,5.364305103402652e-10,5.366919401634062e-10,5.369533974363127e-10,5.372148821353842e-10,5.374763942418199e-10,5.377379337303198e-10,5.379995005792101e-10,5.382610947638094e-10,5.385227162619504e-10,5.387843650511907e-10,5.390460411088117e-10,5.39307744412256e-10,5.395694749343639e-10,5.398312326603269e-10,5.400930175637976e-10,5.403548296047061e-10,5.406166687959524e-10,5.408785350811087e-10,5.41140428468103e-10,5.414023489190525e-10,5.416642963868733e-10,5.419262708924493e-10,5.421882723974677e-10,5.424503008780458e-10,5.427123563083884e-10,5.429744386668848e-10,5.432365479309627e-10,5.434986840779883e-10,5.437608470931883e-10,5.440230369390643e-10,5.442852535996041e-10,5.445474970527557e-10,5.448097672802094e-10,5.450720642502621e-10,5.453343879492654e-10,5.455967383476682e-10,5.45859115428533e-10,5.461215191641413e-10,5.463839495366409e-10,5.466464065235442e-10,5.469088900949294e-10,5.471714002343035e-10,5.474339369208444e-10,5.476965001300934e-10,5.479590898340815e-10,5.482217060210856e-10,5.4848434865525e-10,5.487470177429135e-10,5.490097132295054e-10,5.492724351041511e-10,5.495351833445044e-10,5.497979579323149e-10,5.500607588386941e-10,5.503235860422646e-10,5.505864395278926e-10,5.50849319250665e-10,5.511122252162817e-10,5.51375157401597e-10,5.516381157484251e-10,5.519011002744373e-10,5.521641109404353e-10,5.524271477662128e-10,5.526902106572608e-10,5.529532996203476e-10,5.532164146350266e-10,5.534795557189525e-10,5.537427227717785e-10,5.540059158131929e-10,5.542691348218769e-10,5.545323797713322e-10,5.547956506423793e-10,5.550589474237451e-10,5.553222700680663e-10,5.555856185653216e-10,5.558489928929951e-10,5.561123930306922e-10,5.56375818952996e-10,5.566392706414898e-10,5.569027480891266e-10,5.571662512418532e-10,5.574297800800132e-10,5.57693334607726e-10,5.579569147862791e-10,5.582205205975242e-10,5.584841520237003e-10,5.58747809036176e-10,5.590114916170706e-10,5.592751997389039e-10,5.595389333826843e-10,5.598026925327907e-10,5.600664771555971e-10,5.603302872463656e-10,5.605941227549902e-10,5.60857983678506e-10,5.611218699885721e-10,5.613857816722383e-10,5.616497187171594e-10,5.619136810723823e-10,5.621776687229364e-10,5.624416816335022e-10,5.627057198268234e-10,5.629697832531651e-10,5.632338718990933e-10,5.634979857329136e-10,5.637621247427733e-10,5.640262888981113e-10,5.64290478184437e-10,5.645546925675689e-10,5.648189320374027e-10,5.650831965689675e-10,5.653474861399509e-10,5.656118007258409e-10,5.658761403102744e-10,5.661405048719988e-10,5.664048943842052e-10,5.666693088225901e-10,5.669337481752709e-10,5.671982124129883e-10,5.674627015145723e-10,5.677272154616321e-10,5.679917542289795e-10,5.682563177955597e-10,5.685209061400829e-10,5.687855192412654e-10,5.69050157076991e-10,5.693148196259335e-10,5.695795068661996e-10,5.698442187597087e-10,5.701089553176724e-10,5.703737165063131e-10,5.706385022952614e-10,5.709033126672619e-10,5.711681476006544e-10,5.714330070746948e-10,5.716978910660437e-10,5.719627995539347e-10,5.722277325167631e-10,5.724926899329685e-10,5.727576717809923e-10,5.730226780391396e-10,5.732877086878125e-10,5.735527637024574e-10,5.738178430641511e-10,5.740829467540541e-10,5.743480747396636e-10,5.74613227006905e-10,5.74878403532557e-10,5.751436042788716e-10,5.754088292626185e-10,5.756740784392617e-10,5.759393517767181e-10,5.762046492768512e-10,5.764699709093576e-10,5.767353166503247e-10,5.770006864797669e-10,5.772660803719252e-10,5.7753149831159e-10,5.777969402724693e-10,5.780624062465748e-10,5.783278961841448e-10,5.785934100913017e-10,5.788589479326311e-10,5.791245096906072e-10,5.793900953461793e-10,5.79655704866773e-10,5.799213382492873e-10,5.801869954352461e-10,5.804526764612969e-10,5.807183812742417e-10,5.809841098655772e-10,5.812498621946869e-10,5.815156382466766e-10,5.817814379938014e-10,5.820472614280199e-10,5.823131085267622e-10,5.82578979267727e-10,5.828448736232886e-10,5.831107915751886e-10,5.833767330867856e-10,5.836426981346177e-10,5.839086867558907e-10,5.841746988884927e-10,5.844407345122187e-10,5.847067936158928e-10,5.849728761593407e-10,5.852389821265102e-10,5.855051115043166e-10,5.857712642694005e-10,5.860374403784621e-10,5.863036398502325e-10,5.865698626378301e-10,5.868361087274459e-10,5.87102378101926e-10,5.873686707364625e-10,5.876349866088697e-10,5.879013256996073e-10,5.881676879851841e-10,5.884340734416618e-10,5.887004820572376e-10,5.889669138045303e-10,5.892333686608536e-10,5.894998466091831e-10,5.897663476316785e-10,5.900328717181212e-10,5.90299418827997e-10,5.905659889461507e-10,5.908325820431065e-10,5.910991980855663e-10,5.913658370847925e-10,5.91632499007336e-10,5.918991838330239e-10,5.921658915389443e-10,5.924326221028214e-10,5.926993755094126e-10,5.929661517323694e-10,5.932329507526885e-10,5.934997725504354e-10,5.93766617104414e-10,5.940334843953652e-10,5.943003744007724e-10,5.945672870998328e-10,5.948342224714727e-10,5.95101180493015e-10,5.9536816112924e-10,5.956351643937963e-10,5.959021902483057e-10,5.961692386632577e-10,5.964363096356268e-10,5.967034031364288e-10,5.969705191430826e-10,5.972376576355888e-10,5.975048186099294e-10,5.977720020082378e-10,5.980392078359786e-10,5.983064360966782e-10,5.985736867163049e-10,5.988409596951343e-10,5.991082550444454e-10,5.993755726793932e-10,5.99642912613333e-10,5.999102748259306e-10,6.001776592974677e-10,6.004450660070237e-10,6.007124949312555e-10,6.009799460326413e-10,6.012474193316017e-10,6.015149147867304e-10,6.017824323771612e-10,6.020499720609541e-10,6.02317533858875e-10,6.0258511773417e-10,6.028527236572063e-10,6.031203516154246e-10,6.033880015901568e-10,6.036556735484255e-10,6.039233674773812e-10,6.041910833527814e-10,6.04458821161417e-10,6.047265808795379e-10,6.049943624907334e-10,6.052621659654606e-10,6.055299912694451e-10,6.057978384153683e-10,6.060657073702105e-10,6.063335981113732e-10,6.066015106222904e-10,6.068694448756557e-10,6.071374008571012e-10,6.074053785421204e-10,6.07673377911254e-10,6.079413989451943e-10,6.082094416226799e-10,6.084775059289055e-10,6.087455918331975e-10,6.090136993197554e-10,6.092818283691919e-10,6.095499789409374e-10,6.098181510168047e-10,6.10086344624953e-10,6.103545597218313e-10,6.106227962786975e-10,6.108910542766438e-10,6.111593336937533e-10,6.114276345101165e-10,6.116959567089491e-10,6.119643002609442e-10,6.122326651613843e-10,6.125010513791431e-10,6.12769458896988e-10,6.130378876914583e-10,6.133063377508047e-10,6.135748090475795e-10,6.138433015672206e-10,6.141118152759027e-10,6.143803501568478e-10,6.146489062033804e-10,6.149174833871698e-10,6.151860816890415e-10,6.15454701088587e-10,6.157233415659858e-10,6.159920031005736e-10,6.162606856725068e-10,6.165293892601628e-10,6.167981138643778e-10,6.17066859428416e-10,6.173356259541304e-10,6.176044134122292e-10,6.178732217874906e-10,6.181420510611792e-10,6.184109012106989e-10,6.186797722133044e-10,6.189486640573456e-10,6.192175767183352e-10,6.194865101772013e-10,6.197554644136584e-10,6.200244394075037e-10,6.202934351387832e-10,6.205624515865042e-10,6.20831488731708e-10,6.211005465535266e-10,6.213696250329472e-10,6.216387241505808e-10,6.219078438848298e-10,6.221769842188091e-10,6.224461451175979e-10,6.227153265873532e-10,6.229845286125351e-10,6.232537511369598e-10,6.235229941678969e-10,6.237922576730244e-10,6.240615416372024e-10,6.243308460406852e-10,6.246001708637712e-10,6.248695160853937e-10,6.251388816869971e-10,6.254082676579337e-10,6.25677673960293e-10,6.259471005861645e-10,6.262165475107576e-10,6.264860147168406e-10,6.26755502191313e-10,6.270250098914582e-10,6.272945378223064e-10,6.275640859715828e-10,6.27833654290265e-10,6.281032427702403e-10,6.283728513999842e-10,6.286424801458535e-10,6.289121289927192e-10,6.291817979256311e-10,6.294514869180569e-10,6.297211959591512e-10,6.299909250301493e-10,6.302606740969637e-10,6.305304431593177e-10,6.308002321826928e-10,6.310700411586994e-10,6.313398700623396e-10,6.316097188738698e-10,6.318795875746545e-10,6.321494761410304e-10,6.324193845777635e-10,6.326893128264984e-10,6.329592608858624e-10,6.332292287362444e-10,6.334992163580996e-10,6.337692237111211e-10,6.340392508172604e-10,6.343092976360991e-10,6.345793641475641e-10,6.34849450330681e-10,6.351195561719481e-10,6.353896816474874e-10,6.356598267399296e-10,6.35929991428756e-10,6.36200175696002e-10,6.364703795217408e-10,6.367406028851955e-10,6.370108457664768e-10,6.372811081286635e-10,6.375513899882389e-10,6.378216913087674e-10,6.380920120708568e-10,6.383623522511481e-10,6.386327118378039e-10,6.389030908082364e-10,6.391734891440988e-10,6.39443906828581e-10,6.397143438340169e-10,6.399848001456025e-10,6.40255275745201e-10,6.40525770612317e-10,6.407962847294818e-10,6.410668181000108e-10,6.413373706555986e-10,6.416079424006317e-10,6.41878533317295e-10,6.421491433933866e-10,6.424197725953028e-10,6.426904209088572e-10,6.429610883198205e-10,6.432317748076935e-10,6.435024803498544e-10,6.437732049298549e-10,6.440439485297325e-10,6.443147111282086e-10,6.445854927081871e-10,6.448562932476474e-10,6.4512711272896e-10,6.453979511329463e-10,6.45668808441873e-10,6.459396846383157e-10,6.462105796960784e-10,6.464814935992723e-10,6.467524263517963e-10,6.470233779136366e-10,6.472943482424718e-10,6.475653373865933e-10,6.478363452361086e-10,6.481073718193706e-10,6.483784171203538e-10,6.486494811098218e-10,6.489205637754509e-10,6.491916650984001e-10,6.49462785065822e-10,6.497339236832424e-10,6.500050808999549e-10,6.502762566598585e-10,6.505474509797019e-10,6.508186638424403e-10,6.51089895232711e-10,6.513611451272427e-10,6.516324135062144e-10,6.519037003530936e-10,6.521750056490441e-10,6.524463293491032e-10,6.527176714819985e-10,6.529890320040586e-10,6.532604109041876e-10,6.535318081566922e-10,6.538032237519122e-10,6.540746576637635e-10,6.543461098663309e-10,6.546175803445471e-10,6.548890690844192e-10,6.551605760683675e-10,6.554321012752897e-10,6.557036446700418e-10,6.559752062641417e-10,6.562467860241619e-10,6.565183839334235e-10,6.567899999717853e-10,6.570616341245971e-10,6.573332863640649e-10,6.576049566767209e-10,6.578766450417645e-10,6.581483514460022e-10,6.58420075867366e-10,6.586918182870908e-10,6.58963578685963e-10,6.592353570548176e-10,6.595071533573538e-10,6.59778967575842e-10,6.600507997097009e-10,6.603226497196967e-10,6.605945176092287e-10,6.608664033463124e-10,6.611383069140938e-10,6.61410228294777e-10,6.616821674569716e-10,6.619541243991994e-10,6.622260990977924e-10,6.624980915299171e-10,6.627701016856665e-10,6.630421295502235e-10,6.633141751002505e-10,6.635862383105642e-10,6.63858319167698e-10,6.641304176520607e-10,6.644025337449769e-10,6.646746674258724e-10,6.64946818683584e-10,6.652189875015536e-10,6.654911738520492e-10,6.657633776913045e-10,6.660355990530804e-10,6.66307837893069e-10,6.665800941808773e-10,6.668523679231049e-10,6.671246590930981e-10,6.673969676760965e-10,6.676692936584764e-10,6.679416369910203e-10,6.682139976992954e-10,6.684863757322912e-10,6.687587710808948e-10,6.690311837358012e-10,6.693036136629077e-10,6.695760608467099e-10,6.698485252550081e-10,6.701210068866838e-10,6.703935057234735e-10,6.706660217471737e-10,6.709385549395448e-10,6.712111052823519e-10,6.714836727574181e-10,6.717562573465427e-10,6.720288590315716e-10,6.72301477794336e-10,6.725741136166911e-10,6.728467664806285e-10,6.731194363681073e-10,6.73392123261153e-10,6.736648271420714e-10,6.739375479935664e-10,6.742102857904826e-10,6.744830405268276e-10,6.747558121698646e-10,6.750286007051491e-10,6.753014061183097e-10,6.7557422839126e-10,6.758470675059145e-10,6.761199234441789e-10,6.763927961880321e-10,6.766656857194124e-10,6.769385920202425e-10,6.772115150725139e-10,6.774844548581975e-10,6.777574113603625e-10,6.780303845713768e-10,6.783033744502658e-10,6.785763809905083e-10,6.788494041737342e-10,6.79122443978797e-10,6.793955003957134e-10,6.796685734006063e-10,6.79941662983326e-10,6.802147691190505e-10,6.804878917907131e-10,6.807610309752033e-10,6.810341866598308e-10,6.8130735882662e-10,6.815805474576619e-10,6.818537525350113e-10,6.821269740407637e-10,6.824002119570442e-10,6.826734662659736e-10,6.829467369497121e-10,6.832200239903772e-10,6.834933273701548e-10,6.837666470712237e-10,6.840399830757192e-10,6.843133353585655e-10,6.845867039091069e-10,6.848600887095655e-10,6.851334897421513e-10,6.854069069891043e-10,6.856803404326381e-10,6.859537900550268e-10,6.862272558384947e-10,6.865007377653019e-10,6.867742358177624e-10,6.870477499781008e-10,6.873212802286142e-10,6.875948265516454e-10,6.878683889473439e-10,6.881419673804186e-10,6.884155618331961e-10,6.886891722879621e-10,6.889627987271757e-10,6.892364411331368e-10,6.895100994882037e-10,6.897837737634194e-10,6.90057463952483e-10,6.903311700377752e-10,6.906048920016795e-10,6.908786298248883e-10,6.911523834596018e-10,6.914261529580364e-10,6.916999382648619e-10,6.919737393625192e-10,6.92247556233472e-10,6.925213888602246e-10,6.927952372252122e-10,6.930691013109747e-10,6.933429811000194e-10,6.936168765748625e-10,6.938907877180252e-10,6.941647145120919e-10,6.944386569396392e-10,6.947126149832546e-10,6.949865886178525e-10,6.952605778387183e-10,6.955345826195614e-10,6.958086029459806e-10,6.960826387814723e-10,6.963566901504204e-10,6.966307570144276e-10,6.969048393539316e-10,6.971789371513428e-10,6.974530503695207e-10,6.977271790296741e-10,6.980013230968139e-10,6.9827548255352e-10,6.985496573878137e-10,6.988238475763872e-10,6.990980531019619e-10,6.99372273947278e-10,6.996465100951003e-10,6.99920761528148e-10,7.001950282291807e-10,7.004693101809102e-10,7.007436073661034e-10,7.01017919767503e-10,7.012922473679737e-10,7.015665901506502e-10,7.018409480942146e-10,7.021153211851824e-10,7.023897094063082e-10,7.026641127403831e-10,7.029385311702256e-10,7.032129646786153e-10,7.034874132501955e-10,7.037618768666509e-10,7.040363555113854e-10,7.043108491690139e-10,7.045853578113209e-10,7.048598814292054e-10,7.051344200055373e-10,7.054089735231827e-10,7.056835419650072e-10,7.059581253139523e-10,7.062327235528789e-10,7.06507336664704e-10,7.067819646323601e-10,7.070566074387936e-10,7.073312650668657e-10,7.076059374995938e-10,7.078806247199379e-10,7.08155326710835e-10,7.08430043455239e-10,7.087047749361645e-10,7.08979521136581e-10,7.092542820394909e-10,7.095290576279125e-10,7.098038478848538e-10,7.10078652793332e-10,7.103534723363908e-10,7.106283064970701e-10,7.109031552584054e-10,7.111780186034852e-10,7.11452896516815e-10,7.117277889800483e-10,7.120026959762815e-10,7.122776174885852e-10,7.125525535000592e-10,7.128275039938586e-10,7.1310246895307e-10,7.133774483608334e-10,7.136524422002581e-10,7.139274504545296e-10,7.142024731067938e-10,7.144775101402334e-10,7.147525615380075e-10,7.150276272832653e-10,7.153027073591315e-10,7.155778017490008e-10,7.158529104360106e-10,7.161280334033286e-10,7.164031706342125e-10,7.166783221118727e-10,7.169534878194745e-10,7.172286677404502e-10,7.175038618579744e-10,7.177790701552143e-10,7.180542926156467e-10,7.183295292224457e-10,7.186047799589345e-10,7.188800448084027e-10,7.19155323754157e-10,7.194306167795363e-10,7.197059238678386e-10,7.199812450024341e-10,7.202565801666058e-10,7.205319293438193e-10,7.208072925173618e-10,7.210826696706334e-10,7.213580607870098e-10,7.21633465849878e-10,7.219088848426458e-10,7.221843177487109e-10,7.224597645514951e-10,7.227352252344175e-10,7.230106997809226e-10,7.232861881744472e-10,7.235616903984355e-10,7.238372064363613e-10,7.241127362716838e-10,7.243882798878706e-10,7.246638372684432e-10,7.249394083968445e-10,7.252149932566273e-10,7.254905918312779e-10,7.257662041042935e-10,7.260418300592487e-10,7.263174696796588e-10,7.265931229490565e-10,7.268687898510437e-10,7.27144470369134e-10,7.274201644865547e-10,7.276958721872407e-10,7.279715934548305e-10,7.282473282728705e-10,7.285230766249888e-10,7.287988384948227e-10,7.290746138659585e-10,7.293504027220314e-10,7.296262050467053e-10,7.299020208236145e-10,7.301778500364011e-10,7.304536926687638e-10,7.307295487038462e-10,7.310054181258363e-10,7.312813009184498e-10,7.315571970653689e-10,7.318331065503397e-10,7.321090293570541e-10,7.323849654692249e-10,7.326609148984491e-10,7.329368775721911e-10,7.332128535027372e-10,7.334888427050596e-10,7.337648451014741e-10,7.340408607055933e-10,7.343168895013607e-10,7.345929314725933e-10,7.348689866012591e-10,7.351450548867581e-10,7.354211362874611e-10,7.356972307992685e-10,7.359733384062151e-10,7.362494590941121e-10,7.365255928179918e-10,7.368017396124501e-10,7.370778994397794e-10,7.373540722778714e-10,7.376302581138555e-10,7.379064569316363e-10,7.381826687151082e-10,7.384588934477454e-10,7.387351311160779e-10,7.390113817069374e-10,7.392876451936232e-10,7.395639215636737e-10,7.398402108038306e-10,7.401165128972476e-10,7.403928278279157e-10,7.40669155580021e-10,7.409454961371607e-10,7.41221849483499e-10,7.414982156030832e-10,7.417745944799055e-10,7.420509860980183e-10,7.423273904414421e-10,7.426038074941861e-10,7.428802372400008e-10,7.431566796635073e-10,7.434331347487655e-10,7.437096024657321e-10,7.439860828298407e-10,7.442625758011143e-10,7.44539081370279e-10,7.448155995214298e-10,7.450921302434084e-10,7.4536867351937e-10,7.456452293229997e-10,7.45921797646504e-10,7.461983784727218e-10,7.464749717858315e-10,7.467515775702196e-10,7.470281958097915e-10,7.473048264872751e-10,7.475814695883521e-10,7.47858125097214e-10,7.481347929980661e-10,7.484114732751217e-10,7.486881659126141e-10,7.489648708940789e-10,7.492415882044906e-10,7.495183178281049e-10,7.497950597491903e-10,7.500718139520537e-10,7.5034858042269e-10,7.506253591432379e-10,7.509021500983397e-10,7.511789532722541e-10,7.514557686586968e-10,7.517325962573129e-10,7.520094359982496e-10,7.522862878953418e-10,7.525631519445171e-10,7.528400281069248e-10,7.531169163723462e-10,7.533938167284144e-10,7.536707291706439e-10,7.53947653661871e-10,7.542245902156481e-10,7.545015387979081e-10,7.547784994047471e-10,7.550554720122247e-10,7.553324566049715e-10,7.556094531673899e-10,7.558864616840917e-10,7.561634821396174e-10,7.564405145185622e-10,7.567175588057664e-10,7.569946149650861e-10,7.572716830001361e-10,7.5754876289408e-10,7.578258546340184e-10,7.581029582045199e-10,7.583800735860774e-10,7.586572007676709e-10,7.58934339732384e-10,7.59211490464867e-10,7.594886529499522e-10,7.597658271726004e-10,7.600430131093592e-10,7.603202107495941e-10,7.605974200910361e-10,7.608746410964307e-10,7.61151873770423e-10,7.614291180856821e-10,7.617063740205304e-10,7.619836415770644e-10,7.622609207315687e-10,7.625382114691916e-10,7.628155137747393e-10,7.630928276314064e-10,7.633701530245815e-10,7.636474899388029e-10,7.63924838359234e-10,7.642021982692532e-10,7.644795696552526e-10,7.647569525048554e-10,7.65034346799072e-10,7.65311752522626e-10,7.655891696568094e-10,7.658665981906435e-10,7.661440381086924e-10,7.664214893857987e-10,7.666989520314796e-10,7.669764260116313e-10,7.672539113162242e-10,7.675314079186334e-10,7.678089158207399e-10,7.680864350003558e-10,7.683639654523658e-10,7.686415071457511e-10,7.689190600785542e-10,7.691966242614004e-10,7.694741995999788e-10,7.697517861245633e-10,7.700293838262725e-10,7.703069926758185e-10,7.705846126592995e-10,7.708622437680328e-10,7.71139885995094e-10,7.714175393221634e-10,7.716952037259961e-10,7.719728791953017e-10,7.722505657224577e-10,7.725282632879901e-10,7.728059718705474e-10,7.730836914573747e-10,7.733614220294039e-10,7.736391635758914e-10,7.739169160842106e-10,7.741946795432575e-10,7.744724539262959e-10,7.747502392239597e-10,7.75028035423533e-10,7.753058425101343e-10,7.755836604708367e-10,7.758614892783576e-10,7.761393289262531e-10,7.764171793995625e-10,7.766950406844387e-10,7.769729127667621e-10,7.772507956298893e-10,7.775286892581173e-10,7.778065936419367e-10,7.780845087570843e-10,7.783624346078894e-10,7.786403711576559e-10,7.789183183487139e-10,7.791962762562213e-10,7.794742448497778e-10,7.797522240981156e-10,7.80030213950563e-10,7.803082144217907e-10,7.805862254930525e-10,7.808642471092812e-10,7.811422793383252e-10,7.814203221253912e-10,7.816983754557351e-10,7.819764393145888e-10,7.822545136871487e-10,7.825325985616184e-10,7.828106939200688e-10,7.830887997477502e-10,7.833669160315076e-10,7.836450427552722e-10,7.839231799130778e-10,7.842013274077202e-10,7.844794853506382e-10,7.847576536939674e-10,7.850358323975181e-10,7.853140214387461e-10,7.855922208378053e-10,7.858704305593913e-10,7.861486505828772e-10,7.864268808988325e-10,7.867051214941858e-10,7.869833723510231e-10,7.872616334540468e-10,7.875399048034217e-10,7.878181863659275e-10,7.880964781339326e-10,7.883747800928763e-10,7.886530922281629e-10,7.889314145214634e-10,7.89209746962126e-10,7.894880895354017e-10,7.897664422267692e-10,7.900448050216518e-10,7.903231779055233e-10,7.90601560863767e-10,7.908799538854536e-10,7.91158356953087e-10,7.914367700492521e-10,7.917151931652873e-10,7.919936262834654e-10,7.922720693961048e-10,7.925505224738637e-10,7.928289855296852e-10,7.931074585088436e-10,7.933859414178753e-10,7.936644342366593e-10,7.939429369468956e-10,7.942214495434998e-10,7.944999720120718e-10,7.947785043382147e-10,7.950570465074845e-10,7.953355985055551e-10,7.95614160365414e-10,7.958927319919599e-10,7.961713134064818e-10,7.964499045925232e-10,7.967285055359016e-10,7.970071162212258e-10,7.972857366341278e-10,7.975643667624038e-10,7.978430065675683e-10,7.981216560812462e-10,7.984003152663409e-10,7.986789841059592e-10,7.989576626063423e-10,7.992363507190119e-10,7.995150484462805e-10,7.997937557728342e-10,8.000724726847529e-10,8.003511991679849e-10,8.006299352082601e-10,8.009086807906468e-10,8.011874358728827e-10,8.014662004990942e-10,8.01744974625327e-10,8.020237582466686e-10,8.02302551329291e-10,8.025813538708172e-10,8.028601658562902e-10,8.031389872705786e-10,8.034178180788843e-10,8.036966583066943e-10,8.03975507923995e-10,8.042543669141091e-10,8.04533235266596e-10,8.048121129599866e-10,8.050909999826801e-10,8.053698963241962e-10,8.056488019748828e-10,8.059277169052258e-10,8.062066410955233e-10,8.06485574564858e-10,8.067645172771348e-10,8.070434692170123e-10,8.073224303816643e-10,8.076014007450809e-10,8.078803803027145e-10,8.08159369030075e-10,8.08438366924017e-10,8.087173739627366e-10,8.089963901359163e-10,8.0927541542655e-10,8.095544498228858e-10,8.098334933109848e-10,8.101125458736328e-10,8.103916075019089e-10,8.106706781828515e-10,8.109497579003665e-10,8.112288466392922e-10,8.115079443863665e-10,8.11787051127629e-10,8.120661668491898e-10,8.12345291537193e-10,8.126244251828291e-10,8.129035677634794e-10,8.131827192290586e-10,8.13461879632017e-10,8.137410489367515e-10,8.14020227138758e-10,8.14299414203703e-10,8.145786101138391e-10,8.14857814877629e-10,8.151370284663955e-10,8.154162508817917e-10,8.156954820850774e-10,8.159747220752454e-10,8.162539708342188e-10,8.165332283577507e-10,8.168124946277733e-10,8.170917696305989e-10,8.173710533462583e-10,8.176503457957526e-10,8.179296469108777e-10,8.18208956704766e-10,8.184882751557895e-10,8.187676022532739e-10,8.190469379872632e-10,8.193262823402519e-10,8.196056353026121e-10,8.198849968566596e-10,8.201643669917903e-10,8.204437456888143e-10,8.207231329423675e-10,8.210025287348187e-10,8.21281933059293e-10,8.215613458883196e-10,8.218407672187484e-10,8.221201970339523e-10,8.223996353203676e-10,8.226790820654812e-10,8.229585372654869e-10,8.232380008848641e-10,8.235174729353316e-10,8.237969533732727e-10,8.24076442197324e-10,8.243559393974837e-10,8.246354449978199e-10,8.249149589080889e-10,8.251944811608925e-10,8.254740117296681e-10,8.257535506115141e-10,8.260330977869288e-10,8.26312653243197e-10,8.265922169684585e-10,8.268717889490008e-10,8.271513691693001e-10,8.274309576140462e-10,8.27710554272583e-10,8.279901591314465e-10,8.282697721771918e-10,8.285493933963809e-10,8.288290227755373e-10,8.291086603017991e-10,8.293883059606526e-10,8.296679597383751e-10,8.299476216177444e-10,8.302272915956634e-10,8.305069696474207e-10,8.307866557550184e-10,8.310663499314215e-10,8.313460521478857e-10,8.316257623906298e-10,8.319054806462143e-10,8.32185206906584e-10,8.324649411256363e-10,8.327446833203388e-10,8.330244334883415e-10,8.333041916062693e-10,8.335839576597985e-10,8.3386373163267e-10,8.341435135123492e-10,8.344233032878837e-10,8.347031009430924e-10,8.349829064646879e-10,8.352627198386423e-10,8.355425410525562e-10,8.358223700932228e-10,8.361022069474052e-10,8.363820516015685e-10,8.366619040425642e-10,8.369417642572554e-10,8.372216322324353e-10,8.375015079549064e-10,8.377813914115051e-10,8.380612825888223e-10,8.383411814738517e-10,8.386210880534188e-10,8.389010023143842e-10,8.391809242435579e-10,8.394608538278103e-10,8.397407910540221e-10,8.400207359090475e-10,8.403006883768781e-10,8.40580648447285e-10,8.408606161004027e-10,8.411405913366939e-10,8.414205741363649e-10,8.417005644863344e-10,8.419805623735264e-10,8.422605677848542e-10,8.425405807072676e-10,8.428206011275256e-10,8.431006290324901e-10,8.433806644091449e-10,8.436607072443091e-10,8.439407575257663e-10,8.442208152399299e-10,8.445008803737242e-10,8.447809529138401e-10,8.450610328400204e-10,8.4534112016039e-10,8.456212148335813e-10,8.459013168352556e-10,8.461814262231438e-10,8.464615429204365e-10,8.467416669607904e-10,8.470217982895025e-10,8.473019369059094e-10,8.475820828015598e-10,8.478622359621912e-10,8.481423963667558e-10,8.484225640095897e-10,8.487027388807896e-10,8.48982920969338e-10,8.492631102546692e-10,8.495433067256415e-10,8.498235103778625e-10,8.501037211820253e-10,8.503839391341809e-10,8.506641642208215e-10,8.509443964325176e-10,8.512246357816678e-10,8.515048821969429e-10,8.517851356864503e-10,8.520653962586768e-10,8.523456638976099e-10,8.526259385747851e-10,8.529062202847294e-10,8.53186509012966e-10,8.534668047566282e-10,8.53747107488255e-10,8.540274172022115e-10,8.543077339268451e-10,8.545880575823927e-10,8.548683881626706e-10,8.551487256754141e-10,8.554290701068915e-10,8.557094214402965e-10,8.559897796744761e-10,8.562701447873823e-10,8.565505167570425e-10,8.568308956161149e-10,8.57111281288837e-10,8.573916737874344e-10,8.576720731048818e-10,8.57952479226395e-10,8.582328921378638e-10,8.585133118295656e-10,8.587937382862204e-10,8.590741714932917e-10,8.593546114277431e-10,8.596350581067256e-10,8.599155114981037e-10,8.601959715924419e-10,8.604764383771344e-10,8.607569118468235e-10,8.610373920303311e-10,8.61317878817203e-10,8.615983722417908e-10,8.618788722984925e-10,8.62159378966213e-10,8.624398922480862e-10,8.62720412108671e-10,8.630009385435899e-10,8.632814715507322e-10,8.635620111186918e-10,8.638425572537893e-10,8.641231098621901e-10,8.644036690054693e-10,8.646842346407584e-10,8.649648067751776e-10,8.652453853798376e-10,8.655259704521218e-10,8.658065619761527e-10,8.660871599397138e-10,8.663677643313091e-10,8.666483751377799e-10,8.669289923476415e-10,8.672096159479401e-10,8.674902459274621e-10,8.677708822716545e-10,8.68051524970351e-10,8.683321740097861e-10,8.686128293771476e-10,8.688934910607618e-10,8.691741590482228e-10,8.694548333271763e-10,8.697355138852454e-10,8.70016200710114e-10,8.702968937894644e-10,8.705775931100259e-10,8.708582986597777e-10,8.711390104294047e-10,8.714197284019953e-10,8.717004525697465e-10,8.719811829153422e-10,8.722619194297032e-10,8.725426621004202e-10,8.728234109151396e-10,8.731041658615983e-10,8.733849269274396e-10,8.736656941004705e-10,8.73946467368396e-10,8.742272467190528e-10,8.745080321401246e-10,8.747888236194541e-10,8.750696211448378e-10,8.753504247040104e-10,8.756312342848585e-10,8.759120498751554e-10,8.76192871462714e-10,8.764736990406779e-10,8.76754532591552e-10,8.770353720958558e-10,8.773162175516644e-10,8.775970689373473e-10,8.778779262442556e-10,8.781587894813677e-10,8.784396586054145e-10,8.787205336218437e-10,8.790014145692896e-10,8.79282301330239e-10,8.795631939410993e-10,8.798440923909498e-10,8.801249966664017e-10,8.804059067254293e-10,8.806868226260477e-10,8.809677443070216e-10,8.812486717622304e-10,8.815296050381772e-10,8.818105440251202e-10,8.820914887490912e-10,8.823724392115807e-10,8.826533953926728e-10,8.829343572871339e-10,8.832153248715825e-10,8.834962981395769e-10,8.837772770771992e-10,8.840582616752209e-10,8.843392519314184e-10,8.846202478112937e-10,8.849012493055702e-10,8.85182256424818e-10,8.854632691381513e-10,8.857442874374228e-10,8.86025311318246e-10,8.863063407621115e-10,8.865873757162191e-10,8.868684162520391e-10,8.871494622958059e-10,8.874305138723237e-10,8.877115709477498e-10,8.87992633515607e-10,8.882737015640419e-10,8.885547750812141e-10,8.888358540551956e-10,8.891169384741772e-10,8.893980283263025e-10,8.896791235997346e-10,8.899602242826364e-10,8.902413303631681e-10,8.905224418295257e-10,8.908035586699319e-10,8.910846808725625e-10,8.91365808425595e-10,8.916469413172964e-10,8.919280795358799e-10,8.922092230765629e-10,8.924903719206301e-10,8.927715260570334e-10,8.930526854736786e-10,8.933338501578621e-10,8.936150200979797e-10,8.938961952827661e-10,8.941773757005531e-10,8.94458561339756e-10,8.94739752188506e-10,8.950209482351286e-10,8.953021494679563e-10,8.955833558754233e-10,8.958645674498984e-10,8.961457841714352e-10,8.964270060321672e-10,8.96708233020753e-10,8.969894651274792e-10,8.972707023527803e-10,8.975519446719619e-10,8.978331920701316e-10,8.981144445382794e-10,8.98395702063086e-10,8.986769646337086e-10,8.989582322649115e-10,8.992395048972326e-10,8.995207825412911e-10,8.998020651692189e-10,9.000833527856509e-10,9.003646453791411e-10,9.006459429377548e-10,9.009272454513245e-10,9.012085529040345e-10,9.014898652634391e-10,9.017711825670119e-10,9.020525047780597e-10,9.023338318866866e-10,9.026151638766728e-10,9.028965007420209e-10,9.031778424703075e-10,9.034591890479892e-10,9.037405404650328e-10,9.040218966668262e-10,9.043032577143343e-10,9.045846235401563e-10,9.048659942242602e-10,9.051473696334387e-10,9.05428749796483e-10,9.057101347527907e-10,9.059915244664056e-10,9.062729189404152e-10,9.06554318114649e-10,9.068357220045382e-10,9.071171305994728e-10,9.073985438795694e-10,9.076799618391637e-10,9.07961384465735e-10,9.082428117512695e-10,9.085242437062796e-10,9.088056802715154e-10,9.090871214599056e-10,9.093685672248232e-10,9.096500176224327e-10,9.099314726029601e-10,9.102129321602449e-10,9.104943962828014e-10,9.10775864959428e-10,9.110573381800952e-10,9.113388159318396e-10,9.116202982044308e-10,9.119017849859087e-10,9.121832762650369e-10,9.12464772030513e-10,9.127462722711038e-10,9.130277769755856e-10,9.133092861326764e-10,9.135907997311204e-10,9.138723177597214e-10,9.141538402072666e-10,9.144353670625428e-10,9.147168983142952e-10,9.149984339513342e-10,9.152799739625076e-10,9.155615183365973e-10,9.158430670624256e-10,9.161246201288167e-10,9.164061775245911e-10,9.166877392386223e-10,9.169693052597002e-10,9.172508755767399e-10,9.175324501785581e-10,9.178140290540684e-10,9.180956121920663e-10,9.183771995815046e-10,9.186587912112359e-10,9.189403870701696e-10,9.192219871471949e-10,9.195035914312385e-10,9.197851999112031e-10,9.200668125760272e-10,9.203484294146042e-10,9.206300504158808e-10,9.209116755688164e-10,9.211933048623513e-10,9.214749382834925e-10,9.217565758232099e-10,9.220382174701683e-10,9.22319863213539e-10,9.22601513042322e-10,9.228831669455115e-10,9.231648249121139e-10,9.23446486926582e-10,9.237281529871892e-10,9.240098230750873e-10,9.242914971849663e-10,9.245731753039359e-10,9.248548574213464e-10,9.251365435433187e-10,9.254182336211379e-10,9.256999276653848e-10,9.25981625660906e-10,9.262633275978802e-10,9.265450334693872e-10,9.268267432618144e-10,9.27108456975988e-10,9.273901745777384e-10,9.276718960627169e-10,9.279536214298112e-10,9.282353506636767e-10,9.285170837609372e-10,9.287988207062479e-10,9.290805614721169e-10,9.293623060382161e-10,9.296440544401206e-10,9.299258066886991e-10,9.302075626772411e-10,9.304893224455429e-10,9.30771085982731e-10,9.310528532860625e-10,9.313346243364785e-10,9.316163991254271e-10,9.31898177638439e-10,9.32179959866817e-10,9.324617457702746e-10,9.327435353908773e-10,9.330253286995198e-10,9.33307125684093e-10,9.335889263342065e-10,9.338707306249856e-10,9.341525385490397e-10,9.344343501052434e-10,9.347161652827734e-10,9.349979840482816e-10,9.352798064069498e-10,9.355616323549404e-10,9.358434618975842e-10,9.361252950006805e-10,9.364071316574556e-10,9.366889718572676e-10,9.369708155894712e-10,9.372526628434047e-10,9.375345136083804e-10,9.378163678737988e-10,9.38098225630683e-10,9.383800868665515e-10,9.386619515602402e-10,9.389438197101341e-10,9.392256912914468e-10,9.395075663065518e-10,9.397894448298068e-10,9.400713267686818e-10,9.403532121124667e-10,9.406351007968879e-10,9.409169928661367e-10,9.411988883115122e-10,9.414807871313372e-10,9.417626892994699e-10,9.420445948005774e-10,9.423265036350288e-10,9.426084157812578e-10,9.428903312446225e-10,9.431722500033437e-10,9.434541720490565e-10,9.437360973744651e-10,9.440180259674432e-10,9.442999578165827e-10,9.445818929123363e-10,9.448638312441765e-10,9.45145772801681e-10,9.45427717574357e-10,9.457096655516946e-10,9.459916167232462e-10,9.462735710785702e-10,9.465555286071927e-10,9.468374893188616e-10,9.47119453180516e-10,9.474014201820885e-10,9.476833903134797e-10,9.479653635644495e-10,9.482473399247944e-10,9.485293193717254e-10,9.488113019106592e-10,9.490932875288062e-10,9.493752762169678e-10,9.496572679631894e-10,9.499392627577481e-10,9.50221260591045e-10,9.505032614519547e-10,9.507852653297207e-10,9.510672722142985e-10,9.51349282095608e-10,9.516312949634537e-10,9.519133108072223e-10,9.521953296166735e-10,9.524773513813463e-10,9.527593760910067e-10,9.530414037353906e-10,9.533234343041321e-10,9.536054677869582e-10,9.538875041736208e-10,9.541695434538333e-10,9.544515856173175e-10,9.54733630653798e-10,9.550156785530693e-10,9.55297729304814e-10,9.555797828986658e-10,9.558618393243187e-10,9.561438985724688e-10,9.56425960632138e-10,9.56708025493087e-10,9.569900931469092e-10,9.572721635797627e-10,9.57554236782284e-10,9.578363127456928e-10,9.58118391452844e-10,9.584004728857814e-10,9.586825570617296e-10,9.589646439660272e-10,9.59246733580058e-10,9.595288258930897e-10,9.598109208947834e-10,9.600930185758327e-10,9.603751189260858e-10,9.606572219353891e-10,9.609393275903777e-10,9.612214358840065e-10,9.615035468062026e-10,9.61785660351012e-10,9.62067776504226e-10,9.62349895255742e-10,9.626320165954436e-10,9.629141405132904e-10,9.631962669992171e-10,9.634783960431145e-10,9.63760527634977e-10,9.640426617647036e-10,9.643247984222608e-10,9.646069375976206e-10,9.648890792807195e-10,9.651712234615829e-10,9.654533701301314e-10,9.657355192763887e-10,9.6601767089034e-10,9.6629982496197e-10,9.665819814812875e-10,9.668641404382954e-10,9.671463018230275e-10,9.674284656255007e-10,9.677106318357353e-10,9.679928004437414e-10,9.68274971439632e-10,9.685571448134044e-10,9.68839320555112e-10,9.69121498654833e-10,9.694036791026203e-10,9.696858618885608e-10,9.69968047002715e-10,9.702502344349582e-10,9.7053242417561e-10,9.708146162149148e-10,9.71096810542706e-10,9.713790071492793e-10,9.71661206024655e-10,9.719434071590134e-10,9.722256105352756e-10,9.725078161500746e-10,9.727900239933377e-10,9.73072234055104e-10,9.73354446325344e-10,9.736366607938287e-10,9.7391887745045e-10,9.742010962845697e-10,9.74483317285378e-10,9.747655404412667e-10,9.750477657613986e-10,9.75329993220326e-10,9.756122228125897e-10,9.758944545235364e-10,9.761766883485157e-10,9.76458924260497e-10,9.767411622709957e-10,9.770234023676478e-10,9.773056445395428e-10,9.775878887761915e-10,9.778701350674358e-10,9.781523834031702e-10,9.784346337734053e-10,9.78716886168339e-10,9.78999140578077e-10,9.79281396992798e-10,9.795636554027122e-10,9.798459157980442e-10,9.801281781690617e-10,9.804104425059985e-10,9.806927087991336e-10,9.809749770388126e-10,9.812572472152776e-10,9.815395193188772e-10,9.818217933398819e-10,9.821040692687009e-10,9.823863470956024e-10,9.82668626810947e-10,9.82950908405103e-10,9.832331918684187e-10,9.83515477191276e-10,9.83797764364008e-10,9.840800533770666e-10,9.843623442207703e-10,9.846446368855653e-10,9.849269313618272e-10,9.852092276400045e-10,9.854915257104364e-10,9.857738255636047e-10,9.86056127187458e-10,9.863384305748136e-10,9.86620735716129e-10,9.869030426018303e-10,9.871853512223808e-10,9.874676615682213e-10,9.87749973629804e-10,9.880322873545492e-10,9.883146027603107e-10,9.885969198799662e-10,9.888792386765562e-10,9.891615591738437e-10,9.894438813295946e-10,9.897262051342235e-10,9.90008530578005e-10,9.902908576602237e-10,9.905731863629486e-10,9.908555166735913e-10,9.911378485865641e-10,9.914201820923762e-10,9.91702517181524e-10,9.919848538445575e-10,9.922671920719992e-10,9.925495318530587e-10,9.928318731790696e-10,9.93114216039393e-10,9.933965603980177e-10,9.93678906306103e-10,9.939612537208924e-10,9.94243602633973e-10,9.945259530359053e-10,9.948083049173709e-10,9.95090658268971e-10,9.95373013081289e-10,9.956553693449537e-10,9.959377270506036e-10,9.962200861887739e-10,9.965024467795309e-10,9.967848087571736e-10,9.970671721348863e-10,9.973495369106782e-10,9.976319030714333e-10,9.97914270612672e-10,9.981966395189193e-10,9.984790097787641e-10,9.987613813916643e-10,9.990437543387596e-10,9.993261286222352e-10,9.996085042268532e-10,9.998908811415685e-10,1.0001732593591566e-09,1.0004556388709873e-09,1.0007380196667664e-09,1.0010204017393599e-09,1.0013027850746534e-09,1.0015851696668605e-09,1.0018675555105553e-09,1.0021499425879665e-09,1.0024323308985273e-09,1.0027147204238793e-09,1.0029971111595744e-09,1.0032795030963808e-09,1.0035618962250434e-09,1.0038442905363956e-09,1.0041266860212289e-09,1.0044090826831964e-09,1.004691480488107e-09,1.0049738794339601e-09,1.005256279519474e-09,1.0055386807340326e-09,1.0058210830667163e-09,1.0061034865082693e-09,1.0063858910495536e-09,1.0066682966851435e-09,1.0069507034075291e-09,1.0072331111958679e-09,1.0075155200499174e-09,1.0077979299565683e-09,1.0080803409066178e-09,1.0083627528977726e-09,1.0086451659158909e-09,1.008927579991084e-09,1.0092099950750658e-09,1.0094924111587195e-09,1.0097748282330433e-09,1.0100572462494304e-09,1.010339665244671e-09,1.0106220852037642e-09,1.0109045061176635e-09,1.0111869279773592e-09,1.0114693507738285e-09,1.01175177449805e-09,1.0120341991410124e-09,1.0123166246936924e-09,1.0125990511471164e-09,1.0128814784922841e-09,1.013163906720184e-09,1.0134463358219017e-09,1.0137287657883819e-09,1.014011196610673e-09,1.0142936282798521e-09,1.0145760607869162e-09,1.0148584941229104e-09,1.0151409282789077e-09,1.0154233632459627e-09,1.0157057990151241e-09,1.015988235577473e-09,1.0162706729240826e-09,1.0165531110460369e-09,1.016835549934417e-09,1.0171179895803395e-09,1.0174004299748434e-09,1.0176828711052092e-09,1.0179653129664245e-09,1.0182477555496248e-09,1.0185301988459038e-09,1.01881264284645e-09,1.019095087542358e-09,1.019377532924752e-09,1.0196599789848073e-09,1.0199424257136392e-09,1.0202248731024377e-09,1.020507321142337e-09,1.0207897698245035e-09,1.0210722191401332e-09,1.0213546690803548e-09,1.021637119636418e-09,1.0219195707994683e-09,1.0222020225607083e-09,1.0224844749113402e-09,1.0227669278425801e-09,1.0230493813456399e-09,1.0233318354117157e-09,1.0236142900320562e-09,1.0238967451979017e-09,1.0241792009004296e-09,1.0244616571309844e-09,1.0247441138807046e-09,1.0250265711408621e-09,1.0253090289027861e-09,1.025591487157678e-09,1.0258739458985233e-09,1.026156405114869e-09,1.0264388647980335e-09,1.0267213249393238e-09,1.027003785530004e-09,1.0272862465613458e-09,1.0275687080247012e-09,1.0278511699113678e-09,1.0281336322126418e-09,1.028416094919867e-09,1.0286985580243632e-09,1.028981021517478e-09,1.0292634853905125e-09,1.029545949634829e-09,1.0298284142418013e-09,1.0301108792027663e-09,1.0303933445090682e-09,1.0306758101521052e-09,1.0309582761232288e-09,1.0312407424138365e-09,1.0315232090152748e-09,1.0318056759189685e-09,1.0320881431163255e-09,1.0323706105987066e-09,1.0326530783575454e-09,1.032935546384246e-09,1.0332180146702329e-09,1.0335004832068968e-09,1.0337829519857226e-09,1.0340654209980958e-09,1.0343478902355047e-09,1.0346303596893874e-09,1.0349128293511298e-09,1.035195299212267e-09,1.0354777692642287e-09,1.035760239494437e-09,1.03604270990106e-09,1.0363251804709432e-09,1.0366076512268932e-09,1.0368901221366723e-09,1.0371725931534875e-09,1.0374550643002214e-09,1.037737535585811e-09,1.0380200069704594e-09,1.0383024784632528e-09,1.0385849500513392e-09,1.0388674217281534e-09,1.0391498934853317e-09,1.0394323653134108e-09,1.0397148372049544e-09,1.0399973091515432e-09,1.040279781163792e-09,1.0405622532143648e-09,1.0408447252754527e-09,1.0411271973578437e-09,1.041409669453254e-09,1.0416921415571278e-09,1.041974613655998e-09,1.0422570857423313e-09,1.0425395578026153e-09,1.0428220298339068e-09,1.0431045018277623e-09,1.0433869737759864e-09,1.0436694456701208e-09,1.0439519175014958e-09,1.0442343892626913e-09,1.0445168609321865e-09,1.0447993325114447e-09,1.0450818039903416e-09,1.0453642753833055e-09,1.0456467466652305e-09,1.0459292178265076e-09,1.046211688858111e-09,1.0464941597520256e-09,1.046776630502366e-09,1.0470591010864006e-09,1.0473415715116384e-09,1.047624041772794e-09,1.047906511855778e-09,1.0481889817537181e-09,1.0484714514544849e-09,1.0487539209478158e-09,1.0490363902287866e-09,1.049318859290917e-09,1.0496013281237708e-09,1.0498837967176634e-09,1.0501662650764728e-09,1.050448733172197e-09,1.0507312010055935e-09,1.0510136685929218e-09,1.0512961358745284e-09,1.0515786028740187e-09,1.0518610695864779e-09,1.052143535993012e-09,1.0524260020792107e-09,1.0527084678513946e-09,1.0529909332960681e-09,1.053273398391107e-09,1.0535558631419403e-09,1.053838327540303e-09,1.054120791577934e-09,1.054403255246612e-09,1.0546857185380453e-09,1.0549681814438645e-09,1.0552506439612701e-09,1.0555331060774491e-09,1.0558155677842397e-09,1.0560980290734878e-09,1.0563804899370873e-09,1.0566629503668669e-09,1.0569454103547002e-09,1.0572278698924021e-09,1.0575103289877448e-09,1.0577927876163868e-09,1.0580752457709765e-09,1.0583577034434083e-09,1.058640160624193e-09,1.0589226173113811e-09,1.0592050734921438e-09,1.0594875291559e-09,1.0597699842947173e-09,1.060052438908314e-09,1.0603348929845622e-09,1.0606173465078655e-09,1.0608997994764483e-09,1.0611822518819155e-09,1.0614647037155814e-09,1.0617471549693476e-09,1.0620296056370425e-09,1.0623120557122509e-09,1.0625945051845238e-09,1.0628769540450528e-09,1.0631594022870596e-09,1.0634418499041465e-09,1.0637242968842644e-09,1.0640067432216485e-09,1.0642891889089363e-09,1.0645716339385055e-09,1.0648540783165163e-09,1.0651365220037662e-09,1.0654189650087347e-09,1.0657014073228868e-09,1.0659838489385305e-09,1.0662662898477482e-09,1.0665487300514735e-09,1.0668311695299066e-09,1.0671136082783073e-09,1.0673960462825974e-09,1.0676784835409743e-09,1.0679609200455854e-09,1.0682433557931061e-09,1.0685257907662576e-09,1.068808224961568e-09,1.069090658342646e-09,1.06937309095838e-09,1.0696555227728518e-09,1.0699379537782038e-09,1.0702203839665632e-09,1.0705028133300892e-09,1.0707852418609604e-09,1.0710676695513059e-09,1.0713500963932908e-09,1.0716325223818972e-09,1.0719149475037898e-09,1.0721973717535869e-09,1.0724797951237212e-09,1.0727622176066374e-09,1.07304463920287e-09,1.0733270598864829e-09,1.0736094796713919e-09,1.0738918985260308e-09,1.0741743164689902e-09,1.0744567334638754e-09,1.074739149515364e-09,1.0750215646040302e-09,1.0753039787472517e-09,1.0755863919249143e-09,1.0758688041251768e-09,1.0761512153423752e-09,1.076433625583879e-09,1.0767160348232119e-09,1.0769984430563784e-09,1.077280850299299e-09,1.0775632565028202e-09,1.0778456616439645e-09,1.0781280657851154e-09,1.0784104688812378e-09,1.0786928709308918e-09,1.0789752719184464e-09,1.0792576718366131e-09,1.0795400706805877e-09,1.0798224684383847e-09,1.0801048651166816e-09,1.080387260630109e-09,1.0806696550498992e-09,1.0809520484238852e-09,1.0812344406893969e-09,1.0815168318261134e-09,1.0817992218122232e-09,1.0820816106552782e-09,1.0823639983483714e-09,1.08264638488377e-09,1.082928770253851e-09,1.0832111544510057e-09,1.083493537467557e-09,1.0837759192770086e-09,1.084058299910133e-09,1.084340679339354e-09,1.084623057554546e-09,1.0849054345598075e-09,1.0851878103311314e-09,1.0854701848652118e-09,1.0857525581685933e-09,1.0860349302227776e-09,1.0863173010148e-09,1.0865996705108282e-09,1.0868820387674679e-09,1.0871644057450694e-09,1.0874467714360735e-09,1.087729135827135e-09,1.0880114989119108e-09,1.0882938606673286e-09,1.0885762211146814e-09,1.0888585802502407e-09,1.0891409380600113e-09,1.089423294532084e-09,1.0897056496649941e-09,1.0899880034355686e-09,1.090270355845308e-09,1.090552706922519e-09,1.090835056601661e-09,1.0911174048817464e-09,1.0913997517743147e-09,1.0916820972668517e-09,1.0919644413520418e-09,1.0922467840225272e-09,1.0925291253140158e-09,1.0928114651735585e-09,1.0930938035942565e-09,1.093376140568851e-09,1.0936584760901827e-09,1.093940810150912e-09,1.0942231427438591e-09,1.0945054738616863e-09,1.0947878034972371e-09,1.0950701316431165e-09,1.0953524582920513e-09,1.0956347834367068e-09,1.0959171070698329e-09,1.0961994291840107e-09,1.0964817497719443e-09,1.0967640688263126e-09,1.097046386339807e-09,1.0973287023050845e-09,1.0976110167148058e-09,1.097893329561699e-09,1.0981756408384156e-09,1.098457950516336e-09,1.0987402586099137e-09,1.099022565111796e-09,1.0993048700146821e-09,1.0995871733111994e-09,1.099869475021134e-09,1.100151775153011e-09,1.1004340736498834e-09,1.1007163705059414e-09,1.1009986657149202e-09,1.101280959270206e-09,1.1015632510985323e-09,1.1018455412598274e-09,1.1021278297806276e-09,1.1024101166225728e-09,1.1026924017784606e-09,1.1029746852410407e-09,1.1032569670030968e-09,1.1035392470574901e-09,1.1038215253970652e-09,1.1041038020145549e-09,1.1043860769029e-09,1.1046683500550137e-09,1.1049506214638792e-09,1.105232891127231e-09,1.1055151589996519e-09,1.1057974251034928e-09,1.1060796894304736e-09,1.1063619519709047e-09,1.1066442127542405e-09,1.1069264717303053e-09,1.107208728903856e-09,1.1074909842785498e-09,1.1077732378267862e-09,1.108055489558521e-09,1.1083377394717062e-09,1.1086199875397111e-09,1.1089022337550188e-09,1.1091844781180688e-09,1.109466720660714e-09,1.1097489612577858e-09,1.1100312000234947e-09,1.1103134369096661e-09,1.1105956719103705e-09,1.1108779050011755e-09
15,1.1349466821716032e-61,5.3553361007792255e-61,1.468417044595045e-60,3.114335879672525e-60,5.66887092271273e-60,9.320786508357087e-60,1.4253389243642604e-59,2.0645992744836203e-59,2.8675115321201345e-59,3.8515365824751035e-59,5.034006754331461e-59,6.432168589650197e-59,8.063211702231306e-59,9.944288062807385e-59,1.2092524808879435e-58,1.4525032720733048e-58,1.7258911815825264e-58,2.03112550350464e-58,2.36991506690167e-58,2.7439683953771404e-58,3.1549938153545493e-58,3.6046995178039754e-58,4.09479359817413e-58,4.626984111119483e-58,5.202979067653209e-58,5.8244864543862544e-58,6.493214241926553e-58,7.210870390388836e-58,7.97916285300849e-58,8.799799578511552e-58,9.674488512668427e-58,1.0604937599313242e-57,1.1592854781011198e-57,1.263994799949573e-57,1.3747925195956018e-57,1.491849431122459e-57,1.6153363285900355e-57,1.7454240060429434e-57,1.8822832575157686e-57,2.0260848770365604e-57,2.1769996586290298e-57,2.3351983963141813e-57,2.5008518841111027e-57,2.674130916037686e-57,2.855206286111034e-57,3.044248788347711e-57,3.2414292167641196e-57,3.446918365376224e-57,3.660887028199923e-57,3.8835059992510324e-57,4.1149460725452656e-57,4.3553780420983946e-57,4.60497270192607e-57,4.863900846043939e-57,5.132333268467664e-57,5.410440763212881e-57,5.698394124295235e-57,5.996364145730364e-57,6.30452162153389e-57,6.623037345721464e-57,6.952082112308703e-57,7.291826715311238e-57,7.642441948744706e-57,8.004098606624744e-57,8.376967482966973e-57,8.761219371787048e-57,9.157025067100581e-57,9.564555362923183e-57,9.983981053270512e-57,1.041547293215821e-56,1.08592017936019e-56,1.1315338431617193e-56,1.17840536402197e-56,1.2265518213425105e-56,1.2759902945249015e-56,1.326737862970706e-56,1.3788116060814856e-56,1.4322286032588057e-56,1.4870059339042265e-56,1.5431606774193135e-56,1.6007099132056284e-56,1.6596707206647357e-56,1.7200601791981972e-56,1.7818953682075762e-56,1.8451933670944342e-56,1.909971255260339e-56,1.9762461121068454e-56,2.0440350170355195e-56,2.1133550494479266e-56,2.184223288745629e-56,2.2566568143301667e-56,2.3306727056031494e-56,2.4062880419660946e-56,2.483519902820621e-56,2.562385367568252e-56,2.642901515610553e-56,2.725085426349091e-56,2.8089541791854286e-56,2.8945248535211317e-56,2.9818145287577582e-56,3.070840284296876e-56,3.161619199540044e-56,3.25416835388883e-56,3.348504826744791e-56,3.4446456975094955e-56,3.542608045584407e-56,3.642408950371282e-56,3.744065491271588e-56,3.8475947476868867e-56,3.95301379901874e-56,4.060339724668615e-56,4.169589604038271e-56,4.280780516529171e-56,4.393929541542879e-56,4.50905375848096e-56,4.62617024674497e-56,4.745296085736492e-56,4.866448354857065e-56,4.98964413350826e-56,5.114900501091641e-56,5.242234537008767e-56,5.371663320661207e-56,5.503203931450523e-56,5.6368734487782735e-56,5.772688952046023e-56,5.910667520655339e-56,6.050826234007778e-56,6.193182171504909e-56,6.337752412548287e-56,6.484554036539479e-56,6.633604122880055e-56,6.784919750971572e-56,6.938518000215588e-56,7.094415950013678e-56,7.252630679767399e-56,7.413179268878314e-56,7.576078796747987e-56,7.7413463427779805e-56,7.908998986369857e-56,8.079053806925184e-56,8.251527883845516e-56,8.426438296532423e-56,8.603802124387463e-56,8.783636446812205e-56,8.965958343208206e-56,9.150784892977032e-56,9.338133175520246e-56,9.528020270239408e-56,9.720463256536086e-56,9.915479213811834e-56,1.0113085221468225e-55,1.031329835890682e-55,1.0516135705529174e-55,1.0721614340736856e-55,1.0929751343931426e-55,1.1140563794514452e-55,1.1354068771887494e-55,1.1570283355452118e-55,1.1789224624609888e-55,1.2010909658762356e-55,1.2235355537311096e-55,1.2462579339657666e-55,1.269259814520363e-55,1.2925429033350554e-55,1.31610890835e-55,1.3399595375053538e-55,1.3640964987412718e-55,1.3885214999979116e-55,1.413236249215428e-55,1.438242454333979e-55,1.4635418232937187e-55,1.489136064034805e-55,1.515026884497394e-55,1.5412159926216414e-55,1.5677050963477047e-55,1.5944959036157393e-55,1.621590122365901e-55,1.6489894605383468e-55,1.676695626073232e-55,1.7047103269107136e-55,1.733035270990949e-55,1.7616721662540926e-55,1.7906227206403017e-55,1.8198886420897323e-55,1.8494716385425413e-55,1.879373417938884e-55,1.9095956882189166e-55,1.940140157322796e-55,1.9710085331906795e-55,2.0022025237627222e-55,2.0337238369790806e-55,2.0655741807799118e-55,2.0977552631053714e-55,2.1302687918956152e-55,2.1631164750907985e-55,2.196300020631079e-55,2.2298211364566127e-55,2.2636815305075583e-55,2.2978829107240682e-55,2.3324269850463015e-55,2.3673154614144137e-55,2.4025500477685606e-55,2.4381324520488982e-55,2.474064382195584e-55,2.5103475461487737e-55,2.5469836518486244e-55,2.5839744072352918e-55,2.6213215202489326e-55,2.6590266988297022e-55,2.6970916509177577e-55,2.7355180844532545e-55,2.7743077073763506e-55,2.8134622276272e-55,2.8529833531459615e-55,2.8928727918727907e-55,2.933132251747843e-55,2.9737634407112733e-55,3.014768066703243e-55,3.056147837663902e-55,3.0979044615334117e-55,3.1400396462519243e-55,3.1825550997596003e-55,3.2254525299965916e-55,3.268733644903056e-55,3.31240015241915e-55,3.356453760485032e-55,3.400896177040854e-55,3.4457291100267786e-55,3.490954267382956e-55,3.5365733570495454e-55,3.5825880869667005e-55,3.62900016507458e-55,3.675811299313339e-55,3.723023197623134e-55,3.770637567944247e-55,3.818656118216585e-55,3.867080556380426e-55,3.915912590375928e-55,3.965153928143251e-55,4.0148062776225454e-55,4.064871346753973e-55,4.1153508434776875e-55,4.1662464757338456e-55,4.2175599514626026e-55,4.2692929786041164e-55,4.321447265098542e-55,4.374024518886038e-55,4.427026447906757e-55,4.480454760100857e-55,4.534311163408495e-55,4.5885973657698266e-55,4.643315075125007e-55,4.698465999414195e-55,4.754051846577545e-55,4.810074324555213e-55,4.8665351412873575e-55,4.923436004714132e-55,4.980778622775695e-55,5.0385647034122026e-55,5.096795954563812e-55,5.155474084170674e-55,5.214600800172948e-55,5.2741778105107916e-55,5.334206823124354e-55,5.394689545953804e-55,5.455627686939288e-55,5.5170229540209716e-55,5.578877055139004e-55,5.6411916982335456e-55,5.703968591244749e-55,5.767209442112772e-55,5.830915958777768e-55,5.8950898491799014e-55,5.959732821259321e-55,6.024846582956187e-55,6.090432842210653e-55,6.156493306962878e-55,6.223029685153015e-55,6.2900436847212226e-55,6.357537013607653e-55,6.4255113797524635e-55,6.493968491095814e-55,6.562910055577857e-55,6.632337781138751e-55,6.702253375718652e-55,6.772658547257715e-55,6.843555003696095e-55,6.914944452973952e-55,6.986828603031444e-55,7.059209161808721e-55,7.132087837245946e-55,7.205466337283272e-55,7.279346369860855e-55,7.353729642918849e-55,7.428617864397418e-55,7.504012742236711e-55,7.579915984376884e-55,7.656329298758096e-55,7.733254393320506e-55,7.810692976004269e-55,7.88864675474954e-55,7.967117437496471e-55,8.046106732185224e-55,8.125616346755948e-55,8.205647989148808e-55,8.286203367303957e-55,8.36728418916155e-55,8.448892162661741e-55,8.53102899574469e-55,8.613696396350554e-55,8.696896072419485e-55,8.780629731891642e-55,8.864899082707182e-55,8.949705832806262e-55,9.035051690129037e-55,9.120938362615663e-55,9.207367558206295e-55,9.294340984841092e-55,9.38186035046021e-55,9.469927363003802e-55,9.558543730412025e-55,9.64771116062504e-55,9.737431361583e-55,9.827706041226062e-55,9.918536907494378e-55,1.0009925668328115e-54,1.0101874031667423e-54,1.0194383705452455e-54,1.0287456397623375e-54,1.0381093816120334e-54,1.0475297668883489e-54,1.0570069663853005e-54,1.0665411508969025e-54,1.0761324912171711e-54,1.0857811581401216e-54,1.0954873224597709e-54,1.1052511549701326e-54,1.115072826465224e-54,1.1249525077390596e-54,1.1348903695856558e-54,1.1448865827990276e-54,1.1549413181731913e-54,1.1650547465021622e-54,1.1752270385799564e-54,1.185458365200589e-54,1.1957488971580759e-54,1.2060988052464322e-54,1.2165082602596738e-54,1.2269774329918162e-54,1.2375064942368752e-54,1.2480956147888669e-54,1.2587449654418061e-54,1.2694547169897087e-54,1.2802250402265906e-54,1.2910561059464673e-54,1.301948084943355e-54,1.3129011480112686e-54,1.3239154659442236e-54,1.334991209536236e-54,1.3461285495813215e-54,1.3573276568734953e-54,1.368588702206773e-54,1.3799118563751696e-54,1.3912972901727021e-54,1.402745174393386e-54,1.414255679831236e-54,1.4258289772802684e-54,1.4374652375344986e-54,1.4491646313879422e-54,1.460927329634615e-54,1.4727535030685326e-54,1.4846433224837108e-54,1.496596958674165e-54,1.50861458243391e-54,1.5206963645569626e-54,1.5328424758373376e-54,1.5450530870690513e-54,1.5573283690461192e-54,1.5696684925625569e-54,1.5820736284123795e-54,1.594543947389603e-54,1.6070796202882436e-54,1.6196808179023166e-54,1.6323477110258368e-54,1.6450804704528214e-54,1.6578792669772858e-54,1.6707442713932446e-54,1.6836756544947134e-54,1.6966735870757087e-54,1.7097382399302455e-54,1.7228697838523392e-54,1.7360683896360052e-54,1.7493342280752605e-54,1.762667469964119e-54,1.776068286096598e-54,1.7895368472667128e-54,1.8030733242684783e-54,1.8166778878959117e-54,1.830350708943027e-54,1.84409195820384e-54,1.857901806472367e-54,1.8717804245426214e-54,1.8857279832086222e-54,1.8997446532643848e-54,1.9138306055039228e-54,1.9279860107212523e-54,1.94221103971039e-54,1.9565058632653506e-54,1.97087065218015e-54,1.985305577248804e-54,1.999810809265328e-54,2.0143865190237365e-54,2.0290328773180468e-54,2.0437500549422743e-54,2.0585382226904342e-54,2.0733975513565423e-54,2.0883282117346147e-54,2.1033303746186657e-54,2.118404210802712e-54,2.1335498910807683e-54,2.1487675862468508e-54,2.1640574670949755e-54,2.1794197044191577e-54,2.194854469013413e-54,2.210361931671757e-54,2.2259422631882048e-54,2.241595634356773e-54,2.257322215971477e-54,2.2731221788263315e-54,2.2889956937153548e-54,2.3049429314325594e-54,2.320964062771962e-54,2.3370592585275807e-54,2.3532286894934267e-54,2.369472526463518e-54,2.38579094023187e-54,2.402184101592499e-54,2.4186521813394185e-54,2.4351953502666458e-54,2.4518137791681953e-54,2.468507638838084e-54,2.485277100070328e-54,2.5021223336589413e-54,2.5190435103979397e-54,2.5360408010813392e-54,2.5531143765031553e-54,2.5702644074574044e-54,2.587491064738102e-54,2.6047945191392628e-54,2.622174941454904e-54,2.639632502479039e-54,2.657167373005685e-54,2.674779723828857e-54,2.692469725742571e-54,2.710237549540843e-54,2.728083366017688e-54,2.7460073459671226e-54,2.764009660183162e-54,2.7820904794598216e-54,2.8002499745911154e-54,2.818488316371062e-54,2.836805675593676e-54,2.855202223052972e-54,2.873678129542967e-54,2.892233565857675e-54,2.9108687027911125e-54,2.929583711137295e-54,2.948378761690239e-54,2.967254025243959e-54,2.986209672592471e-54,3.0052458745297907e-54,3.024362801849934e-54,3.0435606253469164e-54,3.062839515814754e-54,3.082199644047461e-54,3.1016411808390535e-54,3.121164296983548e-54,3.1407691632749596e-54,3.160455950507303e-54,3.180224829474597e-54,3.2000759709708543e-54,3.2200095457900905e-54,3.2400257247263223e-54,3.2601246785735645e-54,3.2803065781258326e-54,3.300571594177144e-54,3.320919897521512e-54,3.3413516589529534e-54,3.361867049265486e-54,3.3824662392531214e-54,3.4031493997098776e-54,3.4239167014297693e-54,3.4447683152068126e-54,3.465704411835024e-54,3.4867251621084177e-54,3.507830736821011e-54,3.5290213067668163e-54,3.5502970427398526e-54,3.571658115534133e-54,3.5931046959436747e-54,3.6146369547624935e-54,3.6362550627846045e-54,3.657959190804023e-54,3.679749509614764e-54,3.701626190010844e-54,3.723589402786281e-54,3.7456393187350866e-54,3.7677761086512797e-54,3.7899999433288746e-54,3.812310993561886e-54,3.83470943014433e-54,3.857195423870225e-54,3.879769145533582e-54,3.9024307659284185e-54,3.925180455848751e-54,3.9480183860885947e-54,3.970944727441965e-54,3.993959650702877e-54,4.017063326665347e-54,4.0402559261233916e-54,4.063537619871024e-54,4.086908578702262e-54,4.110368973411119e-54,4.1339189747916125e-54,4.1575587536377566e-54,4.1812884807435705e-54,4.2051083269030655e-54,4.2290184629102617e-54,4.253019059559169e-54,4.2771102876438066e-54,4.3012923179581915e-54,4.325565321296338e-54,4.349929468452259e-54,4.374384930219974e-54,4.398931877393497e-54,4.423570480766841e-54,4.4483009111340265e-54,4.4731233392890673e-54,4.498037936025978e-54,4.5230448721387746e-54,4.548144318421472e-54,4.573336445668088e-54,4.5986214246726367e-54,4.623999426229135e-54,4.6494706211315974e-54,4.675035180174041e-54,4.700693274150477e-54,4.7264450738549254e-54,4.752290750081402e-54,4.7782304736239195e-54,4.804264415276495e-54,4.830392745833144e-54,4.8566156360878806e-54,4.8829332568347237e-54,4.9093457788676873e-54,4.9358533729807875e-54,4.9624562099680396e-54,4.98915446062346e-54,5.0159482957410636e-54,5.042837886114866e-54,5.069823402538881e-54,5.0969050158071276e-54,5.124082896713619e-54,5.1513572160523727e-54,5.1787281446174036e-54,5.206195853202727e-54,5.233760512602358e-54,5.261422293610314e-54,5.289181367020608e-54,5.317037903627257e-54,5.344992074224277e-54,5.373044049605682e-54,5.401194000565488e-54,5.429442097897715e-54,5.457788512396372e-54,5.486233414855476e-54,5.514776976069047e-54,5.543419366831097e-54,5.572160757935642e-54,5.6010013201767e-54,5.629941224348285e-54,5.658980641244412e-54,5.688119741659097e-54,5.717358696386357e-54,5.746697676220208e-54,5.776136851954661e-54,5.805676394383734e-54,5.835316474301446e-54,5.865057262501811e-54,5.894898929778842e-54,5.924841646926556e-54,5.954885584738969e-54,5.985030914010099e-54,6.015277805533958e-54,6.04562643010456e-54,6.076076958515925e-54,6.106629561562068e-54,6.137284410037002e-54,6.168041674734745e-54,6.198901526449313e-54,6.22986413597472e-54,6.260929674104981e-54,6.292098311634112e-54,6.32337021935613e-54,6.354745568065053e-54,6.386224528554891e-54,6.417807271619661e-54,6.449493968053381e-54,6.481284788650067e-54,6.51317990420373e-54,6.54517948550839e-54,6.577283703358062e-54,6.60949272854676e-54,6.641806731868503e-54,6.674225884117303e-54,6.706750356087178e-54,6.739380318572143e-54,6.772115942366213e-54,6.804957398263402e-54,6.837904857057729e-54,6.870958489543206e-54,6.904118466513853e-54,6.937384958763684e-54,6.970758137086713e-54,7.004238172276956e-54,7.03782523512843e-54,7.07151949643515e-54,7.105321126991132e-54,7.139230297590389e-54,7.173247179026942e-54,7.2073719420948e-54,7.241604757587984e-54,7.275945796300507e-54,7.310395229026386e-54,7.344953226559635e-54,7.379619959694271e-54,7.414395599224309e-54,7.449280315943767e-54,7.484274280646657e-54,7.519377664126995e-54,7.554590637178798e-54,7.589913370596082e-54,7.62534603517286e-54,7.66088880170315e-54,7.696541840980965e-54,7.732305323800326e-54,7.768179420955245e-54,7.804164303239736e-54,7.84026014144782e-54,7.876467106373507e-54,7.912785368810817e-54,7.94921509955376e-54,7.985756469396358e-54,8.022409649132624e-54,8.059174809556575e-54,8.096052121462224e-54,8.133041755643586e-54,8.17014388289468e-54,8.207358674009517e-54,8.24468629978212e-54,8.282126931006497e-54,8.31968073847667e-54,8.35734789298665e-54,8.395128565330452e-54,8.433022926302095e-54,8.471031146695595e-54,8.509153397304963e-54,8.547389848924219e-54,8.585740672347376e-54,8.624206038368453e-54,8.662786117781463e-54,8.701481081380427e-54,8.740291099959353e-54,8.77921634431226e-54,8.818256985233163e-54,8.857413193516077e-54,8.896685139955018e-54,8.936072995343999e-54,8.97557693047704e-54,9.015197116148158e-54,9.054933723151364e-54,9.094786922280677e-54,9.13475688433011e-54,9.174843780093681e-54,9.215047780365404e-54,9.255369055939292e-54,9.295807777609365e-54,9.336364116169641e-54,9.377038242414126e-54,9.417830327136846e-54,9.458740541131807e-54,9.499769055193032e-54,9.540916040114537e-54,9.582181666690337e-54,9.623566105714443e-54,9.665069527980875e-54,9.706692104283647e-54,9.748434005416771e-54,9.79029540217427e-54,9.832276465350153e-54,9.874377365738439e-54,9.916598274133143e-54,9.95893936132828e-54,1.0001400798117866e-53,1.0043982755295916e-53,1.0086685403656449e-53,1.0129508913993475e-53,1.0172453457101016e-53,1.0215519203773082e-53,1.0258706324803696e-53,1.0302014990986861e-53,1.0345445373116608e-53,1.0388997641986942e-53,1.0432671968391879e-53,1.047646852312544e-53,1.0520387476981638e-53,1.0564429000754487e-53,1.0608593265238007e-53,1.0652880441226208e-53,1.069729069951311e-53,1.0741824210892723e-53,1.078648114615907e-53,1.0831261676106166e-53,1.0876165971528023e-53,1.0921194203218654e-53,1.0966346541972078e-53,1.1011623158582312e-53,1.105702422384337e-53,1.1102549908549269e-53,1.1148200383494021e-53,1.1193975819471645e-53,1.1239876387276157e-53,1.128590225770157e-53,1.1332053601541902e-53,1.137833058959117e-53,1.1424733392643386e-53,1.147126218149257e-53,1.151791712693273e-53,1.156469839975789e-53,1.1611606170762064e-53,1.1658640610739264e-53,1.170580189048351e-53,1.1753090180788808e-53,1.1800505652449187e-53,1.184804847625865e-53,1.1895718823011226e-53,1.194351686350092e-53,1.1991442768521746e-53,1.203949670886773e-53,1.208767885533288e-53,1.2135989378711216e-53,1.2184428449796752e-53,1.2232996239383502e-53,1.2281692918265483e-53,1.2330518657236708e-53,1.2379473627091202e-53,1.2428557998622972e-53,1.2477771942626034e-53,1.2527115629894397e-53,1.2576589231222095e-53,1.2626192917403127e-53,1.2675926859231514e-53,1.2725791227501276e-53,1.2775786193006423e-53,1.2825911926540973e-53,1.287616859889894e-53,1.292655638087434e-53,1.2977075443261193e-53,1.3027725956853508e-53,1.3078508092445306e-53,1.3129422020830601e-53,1.3180467912803406e-53,1.323164593915774e-53,1.328295627068762e-53,1.3334399078187056e-53,1.338597453245007e-53,1.343768280427067e-53,1.3489524064442876e-53,1.3541498483760706e-53,1.3593606233018172e-53,1.364584748300929e-53,1.3698222404528076e-53,1.3750731168368546e-53,1.3803373945324714e-53,1.38561509061906e-53,1.3909062221760218e-53,1.396210806282758e-53,1.4015288600186704e-53,1.4068604004631608e-53,1.4122054446956305e-53,1.417564009795481e-53,1.422936112842114e-53,1.4283217709149308e-53,1.4337210010933332e-53,1.4391338204567231e-53,1.4445602460845017e-53,1.4500002950560704e-53,1.4554539844508315e-53,1.4609213313481857e-53,1.466402352827535e-53,1.4718970659682808e-53,1.4774054878498248e-53,1.4829276355515683e-53,1.4884635261529129e-53,1.4940131767332603e-53,1.4995766043720123e-53,1.50515382614857e-53,1.5107448591423357e-53,1.51634972043271e-53,1.5219684270990949e-53,1.527600996220892e-53,1.5332474448775031e-53,1.5389077901483293e-53,1.5445820491127724e-53,1.550270238850234e-53,1.5559723764401154e-53,1.5616884789618185e-53,1.5674185634947448e-53,1.5731626471182955e-53,1.5789207469118726e-53,1.584692879954877e-53,1.590479063326711e-53,1.596279314106776e-53,1.6020936493744735e-53,1.6079220862092049e-53,1.6137646416903723e-53,1.619621332897377e-53,1.6254921769096203e-53,1.6313771908065038e-53,1.6372763916674294e-53,1.6431897965717984e-53,1.6491174225990118e-53,1.6550592868284726e-53,1.6610154063395804e-53,1.6669857982117384e-53,1.6729704795243472e-53,1.678969467356809e-53,1.6849827787885255e-53,1.6910104308988978e-53,1.6970524407673277e-53,1.7031088254732162e-53,1.7091796020959655e-53,1.7152647877149777e-53,1.7213643994096525e-53,1.7274784542593935e-53,1.7336069693436008e-53,1.7397499617416764e-53,1.7459074485330225e-53,1.75207944679704e-53,1.7582659736131308e-53,1.7644670460606964e-53,1.770682681219138e-53,1.7769128961678572e-53,1.783157707986256e-53,1.7894171337537356e-53,1.7956911905496977e-53,1.8019798954535442e-53,1.8082832655446762e-53,1.814601317902495e-53,1.820934069606403e-53,1.8272815377358015e-53,1.833643739370092e-53,1.8400206915886747e-53,1.846412411470953e-53,1.8528189160963281e-53,1.8592402225442012e-53,1.8656763478939739e-53,1.872127309225048e-53,1.8785931236168248e-53,1.8850738081487062e-53,1.8915693799000936e-53,1.8980798559503883e-53,1.9046052533789918e-53,1.9111455892653067e-53,1.9177008806887324e-53,1.9242711447286731e-53,1.9308563984645293e-53,1.937456658975702e-53,1.9440719433415924e-53,1.9507022686416034e-53,1.9573476519551358e-53,1.9640081103615917e-53,1.9706836609403719e-53,1.9773743207708783e-53,1.9840801069325125e-53,1.9908010365046766e-53,1.9975371265667716e-53,2.004288394198199e-53,2.0110548564783602e-53,2.0178365304866576e-53,2.024633433302492e-53,2.0314455820052653e-53,2.0382729936743785e-53,2.0451156853892335e-53,2.051973674229232e-53,2.0588469772737758e-53,2.065735611602266e-53,2.0726395942941046e-53,2.0795589424286932e-53,2.0864936730854326e-53,2.0934438033437243e-53,2.1004093502829705e-53,2.1073903309825734e-53,2.114386762521934e-53,2.121398661980453e-53,2.128426046437533e-53,2.1354689329725748e-53,2.14252733866498e-53,2.149601280594151e-53,2.1566907758394887e-53,2.1637958414803954e-53,2.1709164945962715e-53,2.17805275226652e-53,2.185204631570541e-53,2.192372149587737e-53,2.19955532339751e-53,2.20675417007926e-53,2.213968706712389e-53,2.2211989503762994e-53,2.2284449181503923e-53,2.2357066271140693e-53,2.242984094346732e-53,2.250277336927782e-53,2.257586371936621e-53,2.2649112164526505e-53,2.272251887555272e-53,2.2796084023238857e-53,2.286980777837895e-53,2.2943690311767017e-53,2.3017731794197057e-53,2.30919323964631e-53,2.316629228935915e-53,2.324081164367923e-53,2.3315490630217347e-53,2.3390329419767533e-53,2.3465328183123787e-53,2.3540487091080143e-53,2.3615806314430603e-53,2.3691286023969187e-53,2.3766926390489904e-53,2.384272758478678e-53,2.3918689777653823e-53,2.3994813139885047e-53,2.407109784227447e-53,2.4147544055616113e-53,2.4224151950703982e-53,2.4300921698332103e-53,2.4377853469294485e-53,2.4454947434385145e-53,2.45322037643981e-53,2.4609622630127366e-53,2.4687204202366955e-53,2.476494865191088e-53,2.484285614955317e-53,2.492092686608783e-53,2.499916097230888e-53,2.507755863901033e-53,2.5156120036986203e-53,2.523484533703051e-53,2.5313734709937265e-53,2.539278832650049e-53,2.5472006357514186e-53,2.5551388973772393e-53,2.5630936346069106e-53,2.5710648645198346e-53,2.5790526041954134e-53,2.587056870713048e-53,2.5950776811521396e-53,2.6031150525920912e-53,2.6111690021123036e-53,2.6192395467921778e-53,2.6273267037111163e-53,2.63543048994852e-53,2.64355092258379e-53,2.6516880186963284e-53,2.6598417953655376e-53,2.668012269670818e-53,2.6761994586915713e-53,2.6844033795071995e-53,2.692624049197104e-53,2.7008614848406862e-53,2.709115703517348e-53,2.7173867223064916e-53,2.7256745582875166e-53,2.733979228539826e-53,2.7423007501428216e-53,2.750639140175904e-53,2.758994415718476e-53,2.7673665938499374e-53,2.7757556916496912e-53,2.784161726197139e-53,2.7925847145716806e-53,2.8010246738527197e-53,2.8094816211196566e-53,2.8179555734518927e-53,2.8264465479288312e-53,2.834954561629872e-53,2.843479631634418e-53,2.8520217750218694e-53,2.8605810088716285e-53,2.471274954701962e-13,5.083053815901279e-13,7.847738637666411e-13,1.07792652879513e-12,1.3893335477877173e-12,1.7207698847706651e-12,2.074249458894984e-12,2.452066582085417e-12,2.8568464362064715e-12,3.291606914763844e-12,3.75983489359434e-12,4.265580992987015e-12,4.813578261971629e-12,5.409392119078339e-12,6.059611566983802e-12,6.772095533150009e-12,7.556293750891233e-12,8.423669791213853e-12,9.38826614213937e-12,1.0467469995862073e-11,1.1683067651654077e-11,1.306272206142517e-11,1.4642084205914172e-11,1.6467876843118784e-11,1.8602510372027702e-11,2.113118630597608e-11,2.417317882336937e-11,2.7900407768447572e-11,3.256930098864118e-11,3.857809214266286e-11,4.657550866544653e-11,5.767933906398557e-11,7.394176508600916e-11,9.937263304806717e-11,1.420212934157155e-10,2.1626750391691855e-10,3.371207400905487e-10,5.024805643434501e-10,7.049669546420708e-10,1.0067510101778217e-09,1.6339514060945242e-09,2.997351873346089e-09,5.592049170736843e-09,9.837680932246345e-09,1.5953556929966968e-08,2.3912834486580886e-08,3.346699177127229e-08,4.42109696375296e-08,5.566085454124496e-08,6.732482458196935e-08,7.875704502308046e-08,8.959127115316397e-08,9.955575988640937e-08,1.084737681682846e-07,1.1625471035236396e-07,1.2288044060577928e-07,1.283897440158051e-07,1.3286268088606464e-07,1.3640558420794205e-07,1.3913744285110556e-07,1.4117861579076164e-07,1.426426647601644e-07,1.4363147477228694e-07,1.4423317469402207e-07,1.445220319523657e-07,1.4455950374414112e-07,1.443958204538737e-07,1.4407170182718966e-07,1.436199866618935e-07,1.430670763926557e-07,1.4243416269788593e-07,1.4173824544933053e-07,1.409929634394859e-07,1.4020926546520806e-07,1.3939594898215004e-07,1.3856009079166264e-07,1.377073906491254e-07,1.3684244512754908e-07,1.3596896585718688e-07,1.3508995351223011e-07,1.3420783663383792e-07,1.3332458252315002e-07,1.3244178594379034e-07,1.3156074018294644e-07,1.3068249407200434e-07,1.2980789782467683e-07,1.2893763994138135e-07,1.2807227699046258e-07,1.2721225767589091e-07,1.263579423298995e-07,1.2550961873168576e-07,1.2466751496809105e-07,1.2383180991370716e-07,1.2300264178692095e-07,1.2218011515074346e-07,1.2136430665399702e-07,1.2055526974857432e-07,1.1975303857585864e-07,1.1895763117471057e-07,1.1816905213655337e-07,1.1738729480759082e-07,1.1661234312191111e-07,1.1584417312605368e-07,1.1508275425705018e-07,1.1432805041167658e-07,1.1358002084550857e-07,1.1283862093016046e-07,1.1210380279270216e-07,1.1137551585830492e-07,1.1065370731012983e-07,1.0993832248223226e-07,1.0922930519344312e-07,1.0852659803416105e-07,1.0783014261363782e-07,1.0713987977060748e-07,1.0645574975635595e-07,1.0577769239244568e-07,1.0510564720793419e-07,1.0443955355787715e-07,1.0377935072510333e-07,1.0312497801274188e-07,1.0247637482034744e-07,1.0183348071231546e-07,1.0119623547887014e-07,1.0056457918699176e-07,9.993845222575313e-08,9.931779534666427e-08,9.870254969780955e-08,9.809265685445396e-08,9.74880588441483e-08,9.688869817051555e-08,9.629451783254981e-08,9.570546134133327e-08,9.512147273429085e-08,9.454249658774258e-08,9.39684780268992e-08,9.339936273482639e-08,9.283509695881401e-08,9.227562751548915e-08,9.172090179837403e-08,9.11708677763583e-08,9.062547399834887e-08,9.008466959505283e-08,8.954840427779592e-08,8.901662834074974e-08,8.848929265707014e-08,8.796634867888948e-08,8.744774843565165e-08,8.693344453050078e-08,8.642339013803833e-08,8.591753900050916e-08,8.541584542444396e-08,8.491826427760838e-08,8.44247509809127e-08,8.39352615095949e-08,8.344975238402769e-08,8.29681806667544e-08,8.249050395685241e-08,8.201668038482064e-08,8.154666860720167e-08,8.108042780113981e-08,8.061791765882357e-08,8.01590983819016e-08,7.970393067553921e-08,7.925237574292595e-08,7.880439527942812e-08,7.835995146680775e-08,7.79190069672711e-08,7.748152491815124e-08,7.70474689243471e-08,7.661680305470162e-08,7.618949183536388e-08,7.576550024276076e-08,7.534479369951644e-08,7.492733806734393e-08,7.451309964316604e-08,7.410204515088022e-08,7.369414173724151e-08,7.328935696594278e-08,7.288765881191498e-08,7.248901565588876e-08,7.209339627874252e-08,7.170076985604723e-08,7.131110595308714e-08,7.092437451884441e-08,7.054054588104659e-08,7.015959074101478e-08,6.978148016833022e-08,6.940618559521314e-08,6.903367881358448e-08,6.866393196694192e-08,6.829691754748193e-08,6.793260839062614e-08,6.757097767017347e-08,6.721199889393206e-08,6.685564589859513e-08,6.650189284506165e-08,6.615071421412728e-08,6.580208480190552e-08,6.545597971514424e-08,6.511237436744893e-08,6.477124447381765e-08,6.443256604764086e-08,6.409631539574316e-08,6.376246911434814e-08,6.343100408506867e-08,6.310189747079412e-08,6.277512671181762e-08,6.245066952166986e-08,6.212850388359285e-08,6.180860804655108e-08,6.149096052135268e-08,6.117554007722483e-08,6.086232573798551e-08,6.05512967784993e-08,6.024243272115973e-08,5.993571333239598e-08,5.96311186191904e-08,5.9328628825803895e-08,5.9028224430358875e-08,5.872988614159967e-08,5.843359489565477e-08,5.8139331852858335e-08,5.784707839461804e-08,5.7556816120331265e-08,5.726852684434782e-08,5.698219259290342e-08,5.669779560148104e-08,5.641531831144883e-08,5.613474336750382e-08,5.5856053614799186e-08,5.557923209616111e-08,5.530426204937037e-08,5.50311269044713e-08,5.4759810281124095e-08,5.449029598601311e-08,5.422256801027386e-08,5.395661052697087e-08,5.369240788861184e-08,5.3429944624699926e-08,5.3169205439323836e-08,5.2910175208767656e-08,5.265283897923692e-08,5.239718196446531e-08,5.2143189543505927e-08,5.189084725848493e-08,5.1640140812431396e-08,5.1391056067060146e-08,5.1143579040695036e-08,5.0897695906099866e-08,5.065339298852145e-08,5.041065676352975e-08,5.016947385511623e-08,4.992983103368934e-08,4.9691715214089514e-08,4.94551134537217e-08,4.922001295065496e-08,4.8986401041769774e-08,4.875426520092184e-08,4.8523593037155316e-08,4.8294372292913954e-08,4.806659084230841e-08,4.784023668938541e-08,4.7615297966431914e-08,4.7391762932317567e-08,4.716961997084331e-08,4.694885758912026e-08,4.672946441597831e-08,4.651142920039412e-08,4.629474080993757e-08,4.607938822925941e-08,4.586536055857584e-08,4.565264701219511e-08,4.544123691706006e-08,4.523111971130989e-08,4.502228494286615e-08,4.4814722268037493e-08,4.4608421450147166e-08,4.440337235817994e-08,4.419956496544771e-08,4.3996989348275516e-08,4.379563568470784e-08,4.359549425323264e-08,4.339655543152369e-08,4.3198809695202745e-08,4.3002247616617506e-08,4.2806859863641654e-08,4.2612637198484965e-08,4.241957047652981e-08,4.222765064517524e-08,4.203686874270549e-08,4.1847215897171226e-08,4.165868332528475e-08,4.1471262331337305e-08,4.1284944306123065e-08,4.1099720725890084e-08,4.091558315129527e-08,4.0732523226379834e-08,4.0550532677559575e-08,4.0369603312622886e-08,4.0189727019756845e-08,4.001089576657204e-08,3.9833101599149343e-08,3.9656336641102114e-08,3.948059309264193e-08,3.930586322966622e-08,3.9132139402857046e-08,3.895941403679206e-08,3.878767962906402e-08,3.86169287494186e-08,3.84471540389008e-08,3.827834820901353e-08,3.8110504040888964e-08,3.7943614384470506e-08,3.7777672157705925e-08,3.761267034575204e-08,3.744860200019048e-08,3.7285460238254136e-08,3.7123238242064094e-08,3.696192925787758e-08,3.680152659534422e-08,3.6642023626775286e-08,3.648341378642113e-08,3.632569056975873e-08,3.616884753278924e-08,3.601287829134481e-08,3.585777652040439e-08,3.570353595342056e-08,3.555015038165197e-08,3.539761365350922e-08,3.524591967390586e-08,3.509506240361723e-08,3.4945035858655054e-08,3.4795834109641615e-08,3.464745128119706e-08,3.449988155133395e-08,3.43531191508593e-08,3.4207158362784185e-08,3.406199352174586e-08,3.391761901342784e-08,3.377402927399691e-08,3.363121878954305e-08,3.3489182095527755e-08,3.334791377623961e-08,3.320740846425626e-08,3.306766083991455e-08,3.292866563078605e-08,3.279041761116171e-08,3.265291160154057e-08,3.251614246812701e-08,3.238010512233356e-08,3.224479452029013e-08,3.211020566235995e-08,3.1976333592662255e-08,3.184317339859914e-08,3.171072021039072e-08,3.1578969200614805e-08,3.144791558375316e-08,3.131755461574208e-08,3.118788159353346e-08,3.1058891854652686e-08,3.093058077677044e-08,3.080294377727688e-08,3.067597631285936e-08,3.054967387908877e-08,3.042403201000823e-08,3.029904627772856e-08,3.017471229202914e-08,3.005102569996082e-08,2.992798218546052e-08,2.980557746895996e-08,2.968380730700983e-08,2.95626674919026e-08,2.944215385130177e-08,2.93222622478754e-08,2.920298857893418e-08,2.9084328776074366e-08,2.896627880482415e-08,2.8848834664295087e-08,2.873199238683854e-08,2.8615748037703993e-08,2.8500097714703774e-08,2.838503754788095e-08,2.827056369918131e-08,2.815667236212921e-08,2.8043359761507912e-08,2.7930622153042283e-08,2.7818455823087757e-08,2.770685708832091e-08,2.7595822295434108e-08,2.7485347820835647e-08,2.737543007035024e-08,2.7266065478925764e-08,2.7157250510342952e-08,2.7048981656927467e-08,2.6941255439266434e-08,2.6834068405928012e-08,2.6727417133184373e-08,2.6621298224737653e-08,2.6515708311449406e-08,2.6410644051073327e-08,2.6306102127990606e-08,2.620207925294915e-08,2.609857216280509e-08,2.599557762026789e-08,2.5893092413648032e-08,2.579111335660777e-08,2.5689637287914963e-08,2.5588661071199455e-08,2.5488181594712372e-08,2.538819577108839e-08,2.528870053711043e-08,2.5189692853477333e-08,2.509116970457399e-08,2.499312809824423e-08,2.4895565065566266e-08,2.479847766063083e-08,2.4701862960321543e-08,2.4605718064097913e-08,2.451004009378131e-08,2.4414826193342213e-08,2.4320073528691154e-08,2.422577928747093e-08,2.4131940678852145e-08,2.403855493333004e-08,2.394561930252458e-08,2.3853131058982028e-08,2.37610874959792e-08,2.3669485927329676e-08,2.3578323687192147e-08,2.3487598129881183e-08,2.339730662967976e-08,2.330744658065402e-08,2.3218015396470256e-08,2.3129010510213434e-08,2.304042937420829e-08,2.295226945984199e-08,2.2864528257388962e-08,2.2777203275837574e-08,2.2690292042718592e-08,2.2603792103935692e-08,2.251770102359784e-08,2.2432016383853303e-08,2.2346735784725584e-08,2.2261856843951274e-08,2.217737719681933e-08,2.209329449601235e-08,2.200960641144958e-08,2.1926310630131493e-08,2.1843404855985982e-08,2.1760886809716393e-08,2.167875422865117e-08,2.1597004866594785e-08,2.1515636493680718e-08,2.1434646896225897e-08,2.135403387658629e-08,2.127379525301449e-08,2.1193928859518727e-08,2.1114432545723213e-08,2.1035304176730182e-08,2.095654163298276e-08,2.0878142810130917e-08,2.080010561889627e-08,2.0722427984940677e-08,2.0645107848734942e-08,2.0568143165429275e-08,2.0491531904725104e-08,2.0415272050748002e-08,2.033936160192227e-08,2.026379857084654e-08,2.0188580984170842e-08,2.0113706882474926e-08,2.0039174320147598e-08,1.9964981365267696e-08,1.9891126099486365e-08,1.9817606617909697e-08,1.97444210289834e-08,1.9671567454378652e-08,1.959904402887865e-08,1.9526848900266607e-08,1.9454980229214823e-08,1.938343618917498e-08,1.931221496626926e-08,1.9241314759183237e-08,1.9170733779058905e-08,1.910047024938948e-08,1.903052240591521e-08,1.8960888496519892e-08,1.889156678112872e-08,1.8822555531607062e-08,1.8753853031660437e-08,1.868545757673502e-08,1.8617367473919578e-08,1.8549581041848407e-08,1.848209661060489e-08,1.841491252162624e-08,1.8348027127609304e-08,1.828143879241686e-08,1.8215145890985524e-08,1.8149146809233916e-08,1.8083439943972207e-08,1.8018023702811874e-08,1.7952896504077597e-08,1.788805677671857e-08,1.7823502960221597e-08,1.775923350452489e-08,1.769524686993244e-08,1.7631541527029685e-08,1.756811595659935e-08,1.7504968649538765e-08,1.7442098106777473e-08,1.7379502839196087e-08,1.7317181367545496e-08,1.725513222236714e-08,1.719335394391427e-08,1.713184508207307e-08,1.707060419628555e-08,1.7009629855472766e-08,1.6948920637958593e-08,1.6888475131394617e-08,1.6828291932685445e-08,1.676836964791474e-08,1.6708706892272222e-08,1.6649302289981127e-08,1.6590154474226312e-08,1.6531262087083323e-08,1.6472623779447765e-08,1.6414238210965762e-08,1.635610404996467e-08,1.629821997338463e-08,1.6240584666710845e-08,1.6183196823906317e-08,1.6126055147345344e-08,1.606915834774764e-08,1.6012505144112945e-08,1.5956094263656248e-08,1.5899924441743933e-08,1.5843994421830115e-08,1.578830295539377e-08,1.573284880187638e-08,1.5677630728620227e-08,1.5622647510807276e-08,1.556789793139837e-08,1.5513380781073397e-08,1.5459094858171655e-08,1.5405038968632954e-08,1.535121192593921e-08,1.529761255105653e-08,1.524423967237791e-08,1.519109212566637e-08,1.51381687539988e-08,1.508546840770991e-08,1.50329899443371e-08,1.4980732228565783e-08,1.4928694132174885e-08,1.487687453398318e-08,1.4825272319795973e-08,1.4773886382352278e-08,1.472271562127234e-08,1.4671758943006164e-08,1.462101526078156e-08,1.4570483494553528e-08,1.4520162570953582e-08,1.4470051423240043e-08,1.442014899124808e-08,1.4370454221340783e-08,1.4320966066360234e-08,1.4271683485579425e-08,1.4222605444654344e-08,1.4173730915576546e-08,1.4125058876626135e-08,1.4076588312325114e-08,1.4028318213391466e-08,1.3980247576693053e-08,1.3932375405202342e-08,1.3884700707951549e-08,1.3837222499987946e-08,1.3789939802329725e-08,1.3742851641922182e-08,1.3695957051594335e-08,1.3649255070015827e-08,1.3602744741654305e-08,1.3556425116733098e-08,1.3510295251189339e-08,1.3464354206632352e-08,1.3418601050302484e-08,1.3373034855030253e-08,1.3327654699195864e-08,1.328245966668905e-08,1.323744884686927e-08,1.3192621334526288e-08,1.314797622984101e-08,1.310351263834679e-08,1.3059229670890824e-08,1.3015126443596232e-08,1.2971202077824114e-08,1.2927455700136042e-08,1.288388644225714e-08,1.2840493441038996e-08,1.2797275838423326e-08,1.2754232781405519e-08,1.2711363421999021e-08,1.2668666917199542e-08,1.2626142428949823e-08,1.2583789124104568e-08,1.25416061743958e-08,1.2499592756398399e-08,1.2457748051495987e-08,1.2416071245847132e-08,1.2374561530351592e-08,1.2333218100617304e-08,1.2292040156927238e-08,1.225102690420667e-08,1.2210177551990712e-08,1.2169491314392172e-08,1.2128967410069634e-08,1.208860506219577e-08,1.204840349842596e-08,1.2008361950867174e-08,1.196847965604709e-08,1.1928755854883446e-08,1.1889189792653686e-08,1.18497807189649e-08,1.181052788772386e-08,1.1771430557107423e-08,1.1732487989533158e-08,1.1693699451630222e-08,1.1655064214210413e-08,1.1616581552239503e-08,1.1578250744808807e-08,1.1540071075107013e-08,1.1502041830392149e-08,1.1464162301963865e-08,1.1426431785135895e-08,1.1388849579208754e-08,1.1351414987442672e-08,1.13141273170307e-08,1.1276985879072055e-08,1.123998998854576e-08,1.1203138964284388e-08,1.1166432128947982e-08,1.1129868808998295e-08,1.1093448334673262e-08,1.1057170039961523e-08,1.1021033262577253e-08,1.0985037343935171e-08,1.0949181629125824e-08,1.0913465466890856e-08,1.0877888209598767e-08,1.0842449213220563e-08,1.0807147837305839e-08,1.0771983444958927e-08,1.073695540281526e-08,1.0702063081017928e-08,1.0667305853194419e-08,1.0632683096433523e-08,1.0598194191262449e-08,1.0563838521624089e-08,1.0529615474854522e-08,1.0495524441660575e-08,1.0461564816097712e-08,1.0427735995547905e-08,1.0394037380697921e-08,1.0360468375517547e-08,1.0327028387238151e-08,1.0293716826331301e-08,1.0260533106487584e-08,1.0227476644595625e-08,1.0194546860721227e-08,1.0161743178086653e-08,1.0129065023050129e-08,1.0096511825085519e-08,1.006408301676199e-08,1.003177803372409e-08,9.999596314671728e-09,9.967537301340512e-09,9.935600438482105e-09,9.903785173844738e-09,9.872090958153991e-09,9.840517245093592e-09,9.80906349128642e-09,9.777729156275618e-09,9.746513702505887e-09,9.715416595304911e-09,9.684437302864925e-09,9.653575296224377e-09,9.622830049249826e-09,9.59220103861785e-09,9.561687743797248e-09,9.531289647031186e-09,9.501006233319651e-09,9.47083699040194e-09,9.440781408739285e-09,9.410838981497658e-09,9.381009204530648e-09,9.351291576362509e-09,9.321685598171323e-09,9.292190773772261e-09,9.262806609601009e-09,9.233532614697246e-09,9.204368300688377e-09,9.175313181773267e-09,9.146366774706148e-09,9.11752859878059e-09,9.088798175813712e-09,9.06017503013034e-09,9.031658688547438e-09,9.003248680358558e-09,8.974944537318445e-09,8.946745793627735e-09,8.918651985917775e-09,8.890662653235577e-09,8.862777337028831e-09,8.834995581131057e-09,8.80731693174659e-09,8.7797409374368e-09,8.752267149104702e-09,8.724895119980829e-09,8.69762440560891e-09,8.670454563831652e-09,8.643385154776633e-09,8.616415740842317e-09,8.589545886684103e-09,8.562775159200552e-09,8.536103127519661e-09,8.50952936298529e-09,8.483053439143607e-09,8.456674931729712e-09,8.430393418654276e-09,8.40420847999036e-09,8.37811969796031e-09,8.35212665692267e-09,8.326228943359218e-09,8.300426145862258e-09,8.2747178551217e-09,8.249103663912502e-09,8.223583167082062e-09,8.198155961537708e-09,8.17282164623436e-09,8.147579822162147e-09,8.122430092334265e-09,8.097372061774779e-09,8.072405337506615e-09,8.047529528539567e-09,8.02274424585843e-09,7.9980491024112e-09,7.97344371309738e-09,7.948927694756314e-09,7.924500666155648e-09,7.900162247979884e-09,7.875912062818973e-09,7.851749735157013e-09,7.827674891360996e-09,7.803687159669692e-09,7.779786170182535e-09,7.755971554848678e-09,7.732242947456037e-09,7.708599983620445e-09,7.685042300774884e-09,7.661569538158812e-09,7.638181336807522e-09,7.614877339541595e-09,7.591657190956425e-09,7.568520537411817e-09,7.545467027021688e-09,7.522496309643758e-09,7.499608036869386e-09,7.476801862013437e-09,7.454077440104254e-09,7.431434427873667e-09,7.408872483747057e-09,7.386391267833563e-09,7.363990441916228e-09,7.341669669442415e-09,7.319428615513987e-09,7.297266946877861e-09,7.275184331916454e-09,7.253180440638237e-09,7.23125494466832e-09,7.209407517239176e-09,7.1876378331813625e-09,7.165945568914295e-09,7.144330402437201e-09,7.122792013319929e-09,7.101330082693986e-09,7.07994429324364e-09,7.058634329196954e-09,7.037399876317004e-09,7.016240621893074e-09,6.995156254731958e-09,6.974146465149312e-09,6.953210944961041e-09,6.9323493874747635e-09,6.911561487481341e-09,6.890846941246444e-09,6.870205446502172e-09,6.849636702438766e-09,6.829140409696304e-09,6.808716270356554e-09,6.788363987934774e-09,6.768083267371649e-09,6.7478738150252194e-09,6.7277353386629255e-09,6.707667547453642e-09,6.68767015195982e-09,6.667742864129624e-09,6.647885397289169e-09,6.628097466134795e-09,6.608378786725398e-09,6.588729076474754e-09,6.5691480541439755e-09,6.5496354398340036e-09,6.530190954978077e-09,6.510814322334342e-09,6.491505265978446e-09,6.472263511296217e-09,6.453088784976378e-09,6.433980815003281e-09,6.414939330649761e-09,6.395964062469943e-09,6.377054742292191e-09,6.358211103211999e-09,6.339432879585032e-09,6.3207198070201446e-09,6.3020716223724434e-09,6.283488063736448e-09,6.264968870439259e-09,6.246513783033753e-09,6.228122543291842e-09,6.20979489419781e-09,6.191530579941605e-09,6.173329345912271e-09,6.155190938691363e-09,6.137115106046417e-09,6.119101596924464e-09,6.101150161445592e-09,6.083260550896537e-09,6.065432517724316e-09,6.04766581552992e-09,6.0299601990620175e-09,6.01231542421071e-09,5.994731248001353e-09,5.977207428588358e-09,5.959743725249102e-09,5.9423398983778165e-09,5.9249957094795605e-09,5.907710921164212e-09,5.89048529714043e-09,5.873318602209849e-09,5.8562106022610765e-09,5.839161064263882e-09,5.8221697562633656e-09,5.805236447374141e-09,5.788360907774652e-09,5.7715429087014026e-09,5.754782222443308e-09,5.738078622336038e-09,5.721431882756415e-09,5.704841779116855e-09,5.688308087859802e-09,5.671830586452248e-09,5.655409053380271e-09,5.6390432681435704e-09,5.622733011250091e-09,5.606478064210655e-09,5.590278209533607e-09,5.574133230719554e-09,5.558042912256043e-09,5.542007039612367e-09,5.526025399234353e-09,5.510097778539173e-09,5.4942239659102315e-09,5.47840375069204e-09,5.4626369231851404e-09,5.44692327464107e-09,5.431262597257328e-09,5.415654684172426e-09,5.4000993294608976e-09,5.384596328128403e-09,5.369145476106823e-09,5.353746570249394e-09,5.338399408325895e-09,5.32310378901781e-09,5.307859511913589e-09,5.292666377503879e-09,5.277524187176804e-09,5.262432743213329e-09,5.247391848782516e-09,5.232401307936957e-09,5.2174609256081454e-09,5.202570507601911e-09,5.187729860593875e-09,5.1729387921248946e-09,5.158197110596622e-09,5.143504625267014e-09,5.128861146245888e-09,5.114266484490516e-09,5.099720451801235e-09,5.0852228608171e-09,5.070773525011536e-09,5.056372258688032e-09,5.042018876975877e-09,5.0277131958258795e-09,5.013455032006148e-09,4.999244203097896e-09,4.985080527491247e-09,4.970963824381086e-09,4.9568939137629224e-09,4.9428706164288e-09,4.928893753963192e-09,4.914963148738969e-09,4.901078623913347e-09,4.887240003423883e-09,4.873447111984495e-09,4.859699775081497e-09,4.845997818969658e-09,4.832341070668282e-09,4.818729357957334e-09,4.805162509373555e-09,4.791640354206607e-09,4.778162722495279e-09,4.764729445023657e-09,4.751340353317364e-09,4.737995279639791e-09,4.724694056988357e-09,4.711436519090831e-09,4.698222500401594e-09,4.685051836097994e-09,4.671924362076695e-09,4.658839914950052e-09,4.645798332042501e-09,4.632799451386983e-09,4.619843111721362e-09,4.6069291524848945e-09,4.594057413814712e-09,4.581227736542306e-09,4.568439962190057e-09,4.555693932967768e-09,4.542989491769212e-09,4.530326482168737e-09,4.5177047484178406e-09,4.505124135441798e-09,4.492584488836294e-09,4.48008565486408e-09,4.467627480451662e-09,4.455209813185969e-09,4.442832501311109e-09,4.430495393725051e-09,4.4181983399764146e-09,4.405941190261234e-09,4.393723795419726e-09,4.381546006933128e-09,4.3694076769204915e-09,4.357308658135546e-09,4.345248803963574e-09,4.333227968418245e-09,4.321246006138558e-09,4.309302772385735e-09,4.297398123040156e-09,4.285531914598308e-09,4.273704004169755e-09,4.261914249474129e-09,4.250162508838114e-09,4.238448641192485e-09,4.2267725060691266e-09,4.215133963598085e-09,4.203532874504664e-09,4.191969100106481e-09,4.180442502310567e-09,4.16895294361051e-09,4.157500287083571e-09,4.146084396387835e-09,4.1347051357593824e-09,4.123362370009481e-09,4.112055964521766e-09,4.100785785249459e-09,4.089551698712599e-09,4.078353571995301e-09,4.06719127274299e-09,4.056064669159703e-09,4.0449736300053645e-09,4.033918024593096e-09,4.0228977227865366e-09,4.011912594997182e-09,4.0009625121817385e-09,3.990047345839473e-09,3.979166968009619e-09,3.968321251268743e-09,3.957510068728178e-09,3.946733294031434e-09,3.935990801351638e-09,3.925282465388989e-09,3.91460816136822e-09,3.903967765036083e-09,3.893361152658841e-09,3.882788201019775e-09,3.8722487874167074e-09,3.861742789659535e-09,3.851270086067784e-09,3.840830555468162e-09,3.84220441276913e-09,3.844484771135814e-09,3.848017639539772e-09,3.85298751411912e-09,3.85955055465653e-09,3.867842820433757e-09,3.877980323052177e-09,3.890058958788399e-09,3.904154797244951e-09,3.9203247102166606e-09,3.9386072893092e-09,3.959023996239159e-09,3.981580489833659e-09,4.006268075498661e-09,4.033065227731597e-09,4.06193914082422e-09,4.092847269286466e-09,4.125738826344468e-09,4.160556214417886e-09,4.197236368540053e-09,4.235711998773418e-09,4.275912723043705e-09,4.317766085570587e-09,4.361198460712491e-09,4.406135844151119e-09,4.452504535109365e-09,4.500231716875611e-09,4.549245941911575e-09,4.599477529787381e-09,4.650858886212768e-09,4.703324751925934e-09,4.75681238821913e-09,4.81126170887274e-09,4.866615364330222e-09,4.922818785724155e-09,4.979820194735404e-09,5.037570584996488e-09,5.096023680196e-09,5.155135873252236e-09,5.214866150615365e-09,5.2751760049522815e-09,5.336029339505277e-09,5.397392366306315e-09,5.459233500487509e-09,5.521523252648529e-09,5.584234120620296e-09,5.6473404817501675e-09,5.710818486992427e-09,5.774645957249068e-09,5.83880228290743e-09,5.903268326597999e-09,5.9680263300878976e-09,6.033059825104027e-09,6.0983535480577076e-09,6.163893359469876e-09,6.229666167386879e-09,6.295659855131811e-09,6.361863213119102e-09,6.42826587487953e-09,6.494858256775969e-09,6.561631501586083e-09,6.628577426123021e-09,6.6956884713414575e-09,6.762957656802258e-09,6.830378537210909e-09,6.897945163120046e-09,6.965652043312526e-09,7.0334941103469115e-09,7.101466688445419e-09,7.169565463716526e-09,7.237786456490577e-09,7.306125995653427e-09,7.374580694979708e-09,7.443147431088814e-09,7.511823322912294e-09,7.580605713851669e-09,7.649492152484121e-09,7.718480378350105e-09,7.78756830598571e-09,7.856754011543964e-09,7.926035720052646e-09,7.995411794026876e-09,8.064880721935741e-09,8.13444110879534e-09,8.204091666903865e-09,8.273831206984918e-09,8.343658630831467e-09,8.413572923823875e-09,8.483573148764844e-09,8.553658438764207e-09,8.623827992254509e-09,8.694081068018403e-09,8.764416979761535e-09,8.834835092043864e-09,8.905334816235107e-09,8.9759156066537e-09,9.046576957199126e-09,9.11731839847449e-09,9.188139493577344e-09,9.259039837288681e-09,9.330019052353064e-09,9.40107678772602e-09,9.472212715635833e-09,9.54342653107601e-09,9.614717948843485e-09,9.686086702452128e-09,9.757532542224404e-09,9.829055234493239e-09,9.90065456003275e-09,9.972330312349659e-09,1.0044082297516973e-08,1.0115910333559813e-08,1.0187814246940452e-08,1.0259793875078879e-08,1.033184906370718e-08,1.0403979666282588e-08,1.0476185544051992e-08,1.0548466564318007e-08,1.0620822601147959e-08,1.0693253534079447e-08,1.076575924784578e-08,1.0838339632039251e-08,1.0910994580603405e-08,1.0983723991414116e-08,1.1056527766303968e-08,1.1129405810454539e-08,1.1202358032004215e-08,1.1275384342866026e-08,1.134848465560223e-08,1.1421658887194751e-08,1.1494906954896627e-08,1.1568228779830809e-08,1.1641624284534744e-08,1.1715093393031767e-08,1.1788636030962848e-08,1.1862252125438965e-08,1.1935941604807623e-08,1.2009704398788989e-08,1.2083540438196785e-08,1.2157449654948915e-08,1.2231431981644653e-08,1.2305487352052244e-08,1.2379615700601822e-08,1.2453816962484737e-08,1.252809107362498e-08,1.2602437970526248e-08,1.2676857590219338e-08,1.2751349870351081e-08,1.28259147488816e-08,1.2900552164566407e-08,1.2975262056337364e-08,1.3050044363398153e-08,1.312489902548936e-08,1.3199825982515392e-08,1.3274825174915828e-08,1.3349896543251003e-08,1.3425040028173921e-08,1.3500255570903292e-08,1.3575543112441503e-08,1.3650902594608001e-08,1.3726333959006906e-08,1.3801837147033393e-08,1.3877412101101268e-08,1.3953058763168018e-08,1.4028777075489844e-08,1.4104566980452424e-08,1.4180428420094988e-08,1.425636133785579e-08,1.4332365675805615e-08,1.440844137716532e-08,1.4484588384570069e-08,1.4560806640996775e-08,1.463709608884293e-08,1.4713456672502059e-08,1.4789888334482881e-08,1.4866391018036448e-08,1.494296466641525e-08,1.5019609223038773e-08,1.5096324631336982e-08,1.5173110834621186e-08,1.5249967776451045e-08,1.5326895400413698e-08,1.540389365009084e-08,1.5480962469059095e-08,1.5558101800991706e-08,1.563531158962473e-08,1.5712591778669095e-08,1.578994231189327e-08,1.586736313311756e-08,1.5944854186167093e-08,1.6022415414886786e-08,1.6100046763258722e-08,1.6177748174877317e-08,1.625551959408698e-08,1.6333360964958674e-08,1.641127223118171e-08,1.648925333691758e-08,1.6567304225896556e-08,1.6645424842742365e-08,1.672361513131642e-08,1.6801875035846716e-08,1.688020450015255e-08,1.695860346875287e-08,1.7037071885725702e-08,1.7115609695276096e-08,1.7194216841673923e-08,1.7272893269095843e-08,1.7351638921968962e-08,1.7430453744556757e-08,1.7509337681139754e-08,1.7588290676073642e-08,1.7667312673723523e-08,1.7746403618444717e-08,1.78255634547246e-08,1.790479212698954e-08,1.7984089579641695e-08,1.806345575717531e-08,1.814289060271797e-08,1.8222394063564743e-08,1.8301966082836374e-08,1.8381606605065948e-08,1.8461315574812093e-08,1.854109293661119e-08,1.8620938635194102e-08,1.87008526150613e-08,1.878083482054146e-08,1.886088519687207e-08,1.89410036887364e-08,1.9021190240671968e-08,1.9101444797042352e-08,1.9181767303055734e-08,1.9262157703633503e-08,1.9342615943298873e-08,1.9423141966839038e-08,1.9503735719086247e-08,1.9584397144990166e-08,1.9665126189138935e-08,1.9745922796338093e-08,1.9826786911935478e-08,1.9907718480110234e-08,1.9988717446854505e-08,2.0069783756615635e-08,2.0150917354267927e-08,2.0232118184971425e-08,2.0313386193614326e-08,2.039472132526019e-08,2.0476123524595708e-08,2.055759273746142e-08,2.0639128908523726e-08,2.0720731982934736e-08,2.0802401905406053e-08,2.0884138621891343e-08,2.0965942077200345e-08,2.1047812216442313e-08,2.1129748984840027e-08,2.1211752328375488e-08,2.1293822190735906e-08,2.1375958518065734e-08,2.145816125580986e-08,2.154043034896181e-08,2.162276574279744e-08,2.1705167382625632e-08,2.178763521408134e-08,2.18701691824178e-08,2.1952769233037e-08,2.2035435311368032e-08,2.2118167362865265e-08,2.220096533292559e-08,2.2283829167107197e-08,2.236675881148768e-08,2.244975421117329e-08,2.2532815310611073e-08,2.261594205662563e-08,2.2699134394165237e-08,2.2782392269621755e-08,2.2865715627202453e-08,2.2949104413352087e-08,2.3032558573631815e-08,2.31160780540314e-08,2.3199662800026117e-08,2.328331275704527e-08,2.336702787110332e-08,2.3450808088191166e-08,2.3534653353500502e-08,2.361856361308687e-08,2.370253881276534e-08,2.3786578897991284e-08,2.3870683815338547e-08,2.395485351060825e-08,2.4039087929030732e-08,2.4123387016058446e-08,2.420775071904138e-08,2.4292178984344562e-08,2.437667175593095e-08,2.4461228980660444e-08,2.4545850605039984e-08,2.463053657460242e-08,2.471528683498572e-08,2.4800101332572418e-08,2.4884980013560367e-08,2.49699228240642e-08,2.5054929710192722e-08,2.5140000617882674e-08,2.5225135493429335e-08,2.531033428297835e-08,2.5395596932667232e-08,2.548092338902531e-08,2.5566313597809936e-08,2.5651767505486683e-08,2.5737285058393984e-08,2.582286620269815e-08,2.5908510884717132e-08,2.5994219050856012e-08,2.607999064738668e-08,2.6165825620645718e-08,2.6251723916577347e-08,2.6337685482345237e-08,2.642371026438699e-08,2.6509798208864897e-08,2.6595949262242948e-08,2.6682163371003302e-08,2.676844048167393e-08,2.685478054086572e-08,2.6941183494931838e-08,2.7027649290515264e-08,2.7114177874284225e-08,2.7200769192294378e-08,2.728742319163233e-08,2.7374139818912296e-08,2.7460919020792754e-08,2.7547760743941523e-08,2.7634664935041104e-08,2.772163154080862e-08,2.7808660508348784e-08,2.7895751784046274e-08,2.7982905314703547e-08,2.8070121047058664e-08,2.8157398928153855e-08,2.8244738904776052e-08,2.8332140923379895e-08,2.8419604931306004e-08,2.850713087604125e-08,2.8594718701454452e-08,2.8682368356087903e-08,2.8770079788240702e-08,2.8857852945059404e-08,2.8945687772534424e-08,2.9033584218432615e-08,2.912154222914382e-08,2.920956175176453e-08,2.9297642733347445e-08,2.938578512023922e-08,2.947398886102778e-08,2.9562253902118873e-08,2.965058019032016e-08,2.9738967673211045e-08,2.982741629689575e-08,2.9915926010768235e-08,3.0004496759577935e-08,3.0093128492629205e-08,3.018182115660412e-08,3.0270574698906734e-08,3.035938906650945e-08,3.044826420659775e-08,3.053720006668393e-08,3.062619659413595e-08,3.071525373633426e-08,3.0804371440809424e-08,3.089354965474487e-08,3.0982788325707044e-08,3.107208740115932e-08,3.1161446828588587e-08,3.1250866555478374e-08,3.1340346529251576e-08,3.142988669770367e-08,3.151948700837205e-08,3.1609147408125606e-08,3.169886784583383e-08,3.178864826837788e-08,3.187848862349778e-08,3.196838885880018e-08,3.205834892198662e-08,3.214836876082668e-08,3.2238448323038253e-08,3.2328587556342405e-08,3.241878640849785e-08,3.250904482770283e-08,3.2599362760945954e-08,3.2689740156524906e-08,3.278017696206602e-08,3.287067312554819e-08,3.296122859487197e-08,3.305184331793955e-08,3.314251724267289e-08,3.323325031701415e-08,3.3324042489013384e-08,3.341489370633472e-08,3.3505803917217914e-08,3.359677306968458e-08,3.368780111177593e-08,3.377888799155338e-08,3.387003365709874e-08,3.3961238056513177e-08,3.405250113791825e-08,3.4143822850173945e-08,3.423520314071392e-08,3.4326641957720025e-08,3.4418139249394576e-08,3.450969496395937e-08,3.460130904888562e-08,3.46929814532128e-08,3.478471212522249e-08,3.487650101321652e-08,3.496834806565422e-08,3.5060253230991366e-08,3.5152216456811286e-08,3.524423769232374e-08,3.5336316885570936e-08,3.5428453985053466e-08,3.552064893892182e-08,3.56129016959211e-08,3.570521220517855e-08,3.579758041415208e-08,3.589000627177479e-08,3.598248972666057e-08,3.6075030727107826e-08,3.616762922190401e-08,3.626028515961448e-08,3.635299848882711e-08,3.644576915822577e-08,3.6538597116474125e-08,3.663148231225611e-08,3.6724424694302975e-08,3.681742421130858e-08,3.691048081202045e-08,3.700359444516847e-08,3.709676505953785e-08,3.7189992604023584e-08,3.728327702738668e-08,3.737661827847568e-08,3.747001630617008e-08,3.756347105951265e-08,3.765698248724511e-08,3.775055053829633e-08,3.784417516161732e-08,3.793785630618301e-08,3.803159392075417e-08,3.81253879541692e-08,3.8219238356151384e-08,3.831314507541941e-08,3.840710806104076e-08,3.8501127262103155e-08,3.8595202627712044e-08,3.868933410699831e-08,3.878352164913741e-08,3.887776520324693e-08,3.897206471853639e-08,3.9066420144218174e-08,3.916083142954757e-08,3.9255298523743744e-08,3.934982137607434e-08,3.944439993588838e-08,3.953903415237905e-08,3.963372397494284e-08,3.972846935292944e-08,3.982327023570389e-08,3.991812657267975e-08,4.0013038313252757e-08,4.010800540686201e-08,4.020302780294043e-08,4.0298105450985936e-08,4.039323830048319e-08,4.0488426300880464e-08,4.058366940188793e-08,4.06789675529559e-08,4.077432070360317e-08,4.0869728803474954e-08,4.096519180228163e-08,4.1060709649450915e-08,4.115628229452129e-08,4.125190968762186e-08,4.1347591778462804e-08,4.1443328516314665e-08,4.1539119851079224e-08,4.1634965732618087e-08,4.173086611067192e-08,4.1826820934602294e-08,4.1922830154692174e-08,4.201889372111491e-08,4.211501158328454e-08,4.22111836911023e-08,4.2307409994607836e-08,4.240369044351203e-08,4.250002498800473e-08,4.259641357792993e-08,4.269285616486263e-08,4.278935269584374e-08,4.28859031222552e-08,4.298250739422417e-08,4.307916546145011e-08,4.3175877274310455e-08,4.327264278291136e-08,4.3369461937379335e-08,4.346633468786139e-08,4.3563260984525004e-08,4.3660240777558106e-08,4.375727401716914e-08,4.3854360653587026e-08,4.3951500637061184e-08,4.404869391780236e-08,4.414594044593533e-08,4.424324017198745e-08,4.434059304626527e-08,4.443799901928517e-08,4.453545804145394e-08,4.4632970062998046e-08,4.4730535034350435e-08,4.482815290599831e-08,4.492582362834065e-08,4.502354715188344e-08,4.5121323425951334e-08,4.521915240263452e-08,4.531703403253385e-08,4.541496826552505e-08,4.551295505274233e-08,4.5610994344297236e-08,4.5709086091072926e-08,4.580723024325037e-08,4.59054267526783e-08,4.600367556827336e-08,4.610197664145838e-08,4.620032992320611e-08,4.629873536424145e-08,4.639719291525101e-08,4.649570252701147e-08,4.659426415035966e-08,4.66928777364183e-08,4.6791543235822724e-08,4.689026059832954e-08,4.69890297762001e-08,4.7087850719022654e-08,4.7186723380037345e-08,4.7285647708392574e-08,4.738462365560418e-08,4.7483651172663744e-08,4.758273020930511e-08,4.768186071981482e-08,4.778104265213681e-08,4.7880275961080336e-08,4.797956059087277e-08,4.807889649831748e-08,4.817828363285623e-08,4.827772194572925e-08,4.837721138839852e-08,4.847675191158155e-08,4.857634346865673e-08,4.867598600720306e-08,4.8775679480277845e-08,4.887542383932256e-08,4.897521903540955e-08,4.907506501986917e-08,4.917496174388196e-08,4.927490915899461e-08,4.9374907216590974e-08,4.9474955868075794e-08,4.9575055064886456e-08,4.967520475838405e-08,4.977540490022254e-08,4.9875655441834814e-08,4.997595633328069e-08,5.007630752872382e-08,5.017670897849546e-08,5.027716063434031e-08,5.037766244746884e-08,5.0478214369695384e-08,5.0578816352624905e-08,5.0679468347936694e-08,5.078017030723657e-08,5.088092218226848e-08,5.098172392472399e-08,5.108257548636109e-08,5.118347681894135e-08,5.128442787425921e-08,5.138542860382585e-08,5.1486478959745334e-08,5.1587578894067525e-08,5.1688728358461034e-08,5.178992730531612e-08,5.189117568546539e-08,5.199247345136596e-08,5.2093820554962685e-08,5.219521694869732e-08,5.2296662584556495e-08,5.23981574125387e-08,5.249970138678517e-08,5.260129445914618e-08,5.270293658161091e-08,5.280462770537441e-08,5.290636778316451e-08,5.3008156766936364e-08,5.31099946089934e-08,5.3211881261636293e-08,5.331381667684105e-08,5.341580080698605e-08,5.351783360474526e-08,5.361991502056212e-08,5.3722045008589146e-08,5.38242235207526e-08,5.3926450508797134e-08,5.402872592588546e-08,5.413104972378231e-08,5.4233421855080957e-08,5.433584227233677e-08,5.4438310927256034e-08,5.454082777337863e-08,5.4643392762613806e-08,5.474600584715472e-08,5.484866698045168e-08,5.495137611381921e-08,5.5054133200345365e-08,5.515693819255556e-08,5.5259791043205916e-08,5.536269170468467e-08,5.54656401296685e-08,5.556863627106173e-08,5.5671680081167205e-08,5.5774771512966374e-08,5.5877910519085775e-08,5.598109705128851e-08,5.6084331064236435e-08,5.6187612509761986e-08,5.62909413406373e-08,5.639431750989122e-08,5.649774097066487e-08,5.660121167481845e-08,5.6704729575724986e-08,5.680829462642643e-08,5.691190677976326e-08,5.701556598866952e-08,5.711927220614189e-08,5.722302538511886e-08,5.732682547830913e-08,5.743067243920642e-08,5.7534566220918044e-08,5.763850677650584e-08,5.7742494058828444e-08,5.7846528021087266e-08,5.795060861637195e-08,5.8054735798545364e-08,5.8158909519477166e-08,5.826312973337338e-08,5.836739639209213e-08,5.847170945034671e-08,5.8576068861086603e-08,5.86804745773857e-08,5.878492655258885e-08,5.8889424740021175e-08,5.8993969093028694e-08,5.909855956497845e-08,5.920319610925849e-08,5.930787867927787e-08,5.941260722841668e-08,5.951738171002304e-08,5.96222020773952e-08,5.972706828519747e-08,5.983198028563053e-08,5.993693803271428e-08,6.004194148026059e-08,6.014699058086211e-08,6.025208528792481e-08,6.035722555404078e-08,6.046241133423593e-08,6.056764258899386e-08,6.067291926215598e-08,6.077824131214816e-08,6.088360868829864e-08,6.098902134969078e-08,6.109447924931128e-08,6.11999823393651e-08,6.130553057417106e-08,6.14111239074633e-08,6.151676229301575e-08,6.162244568459668e-08,6.172817403626943e-08,6.183394730150482e-08,6.19397654346591e-08,6.204562838969662e-08,6.21515361200409e-08,6.225748858050736e-08,6.236348572457796e-08,6.246952750625459e-08,6.257561387912377e-08,6.26817447985882e-08,6.278792021679523e-08,6.28941400900324e-08,6.30004043719127e-08,6.310671301631094e-08,6.321306597736176e-08,6.33194632092739e-08,6.342590466657978e-08,6.353239030295166e-08,6.36389200730025e-08,6.374549393088305e-08,6.385211183107249e-08,6.39587737274597e-08,6.40654795748275e-08,6.417222932763847e-08,6.427902294024968e-08,6.438586036705082e-08,6.449274156333332e-08,6.459966648150914e-08,6.470663507734007e-08,6.481364730431205e-08,6.492070311613355e-08,6.50278024702245e-08,6.513494532125503e-08,6.52421316222527e-08,6.534936132771634e-08,6.545663439355534e-08,6.556395077280283e-08,6.567131042085915e-08,6.57787132931556e-08,6.588615934343641e-08,6.599364852591576e-08,6.610118079656794e-08,6.62087561127773e-08,6.631637442297047e-08,6.642403568525943e-08,6.653173985456072e-08,6.663948688557362e-08,6.674727673325071e-08,6.685510935267854e-08,6.69629846992782e-08,6.707090272686995e-08,6.717886339084352e-08,6.728686664610912e-08,6.739491244778212e-08,6.750300075089617e-08,6.761113151050512e-08,6.77193046813303e-08,6.782752022021783e-08,6.793577807979233e-08,6.804407821633158e-08,6.815242058487494e-08,6.826080514034457e-08,6.836923183774436e-08,6.847770063364721e-08,6.858621148266979e-08,6.869476433919887e-08,6.880335916020376e-08,6.891199589941318e-08,6.902067451271303e-08,6.9129394955307e-08,6.923815718267225e-08,6.934696115054676e-08,6.945580681391847e-08,6.956469412872168e-08,6.967362304990272e-08,6.978259353283839e-08,6.989160553335101e-08,7.000065900686013e-08,7.01097539089342e-08,7.021889019464814e-08,7.032806782050885e-08,7.043728674149137e-08,7.054654691349041e-08,7.065584829217601e-08,7.076519083261968e-08,7.087457449095387e-08,7.098399922288452e-08,7.10934649841412e-08,7.120297173047427e-08,7.131251941765542e-08,7.142210800147702e-08,7.153173743775288e-08,7.164140768231759e-08,7.175111869102714e-08,7.186087041975834e-08,7.197066282440926e-08,7.208049586089912e-08,7.219036948516824e-08,7.230028365317809e-08,7.241023832091115e-08,7.252023344437115e-08,7.263026897958294e-08,7.274034488259253e-08,7.2850461109467e-08,7.296061761629462e-08,7.307081435918474e-08,7.318105129426802e-08,7.329132837769607e-08,7.340164556564175e-08,7.351200281431557e-08,7.362240007991611e-08,7.373283731867976e-08,7.384331448686383e-08,7.395383154074697e-08,7.406438843662887e-08,7.41749851308304e-08,7.42856215796936e-08,7.439629773958161e-08,7.450701356687876e-08,7.461776901799053e-08,7.472856404934347e-08,7.483939861738545e-08,7.495027267858533e-08,7.506118618943324e-08,7.517213910692118e-08,7.528313138708345e-08,7.539416298407836e-08,7.550523385873439e-08,7.561634396576135e-08,7.57274932617576e-08,7.583868170332125e-08,7.594990924695836e-08,7.606117584953594e-08,7.617248146814931e-08,7.628382605932955e-08,7.639520957976752e-08,7.650663198826305e-08,7.661809323645523e-08,7.672959328435974e-08,7.684113208877163e-08,7.695270960651637e-08,7.706432579528217e-08,7.71759806110207e-08,7.728767401064091e-08,7.739940595124511e-08,7.751117638948343e-08,7.762298528248385e-08,7.773483258721881e-08,7.784671826241507e-08,7.795864226185105e-08,7.80706045429028e-08,7.818260506520054e-08,7.82946437844817e-08,7.840672065795169e-08,7.85188356427585e-08,7.863098869607072e-08,7.874317977507829e-08,7.88554088369923e-08,7.896767583906973e-08,7.907998073865553e-08,7.91923234928266e-08,7.930470405873184e-08,7.941712239182902e-08,7.952957845472363e-08,7.964207220201974e-08,7.975460358830713e-08,7.986717257324438e-08,7.997977911230859e-08,8.009242316824584e-08,8.020510469479741e-08,8.031782365135834e-08,8.043057999248205e-08,8.054337367833178e-08,8.065620466413663e-08,8.07690729130824e-08,8.088197837831768e-08,8.09949210131973e-08,8.110790077955944e-08,8.122091763510084e-08,8.133397153748712e-08,8.144706244087652e-08,8.156019030604068e-08,8.167335509254445e-08,8.178655676048908e-08,8.189979526476886e-08,8.201307056086558e-08,8.212638260850662e-08,8.223973136425799e-08,8.235311678649657e-08,8.246653883372528e-08,8.257999746480711e-08,8.2693492635031e-08,8.280702430378515e-08,8.292059242903944e-08,8.303419696878496e-08,8.314783788103391e-08,8.326151512381959e-08,8.337522865551253e-08,8.348897843386726e-08,8.360276441719176e-08,8.371658656321023e-08,8.383044483025056e-08,8.394433917647202e-08,8.405826956046203e-08,8.417223594002492e-08,8.428623827338395e-08,8.44002765187838e-08,8.451435063449041e-08,8.462846057879076e-08,8.474260630999276e-08,8.485678778642545e-08,8.49710049664397e-08,8.508525780840602e-08,8.519954627071705e-08,8.531387031178683e-08,8.542822989004924e-08,8.554262496396056e-08,8.565705549199698e-08,8.577152143265696e-08,8.588602274445902e-08,8.600055938594302e-08,8.611513131567078e-08,8.62297384922238e-08,8.634438087420546e-08,8.6459058419354e-08,8.657377108767923e-08,8.668851883725967e-08,8.680330162669251e-08,8.691811941483765e-08,8.703297216061845e-08,8.71478598247051e-08,8.726278236205278e-08,8.737773973249085e-08,8.749273189579747e-08,8.760775881008656e-08,8.772282043581835e-08,8.783791673077104e-08,8.795304765740405e-08,8.806821316670722e-08,8.818341322192298e-08,8.829864778194462e-08,8.841391680661821e-08,8.852922025383933e-08,8.86445580827234e-08,8.875993025234351e-08,8.887533672202901e-08,8.899077744857027e-08,8.910625239599449e-08,8.922176151727653e-08,8.933730477879442e-08,8.945288213525007e-08,8.95684935466998e-08,8.968413897179065e-08,8.97998183704637e-08,8.991553170169201e-08,9.003127892480118e-08,9.014705999904199e-08,9.026287488373368e-08,9.037872353821649e-08,9.049460592186503e-08,9.061052199337474e-08,9.072647171328152e-08,9.08424550403218e-08,9.095847193439998e-08,9.107452235611358e-08,9.119060626335613e-08,9.13067236157084e-08,9.142287437274929e-08,9.153905849405503e-08,9.165527593922327e-08,9.177152666785579e-08,9.188781063957424e-08,9.200412781402305e-08,9.212047815086356e-08,9.223686160977684e-08,9.235327815046334e-08,9.246972773264533e-08,9.258621031606438e-08,9.270272586048347e-08,9.28192743256862e-08,9.293585567147708e-08,9.30524698576804e-08,9.316911684400657e-08,9.328579659046817e-08,9.34025090569519e-08,9.351925420336528e-08,9.363603198963696e-08,9.375284237571653e-08,9.386968532157459e-08,9.398656078720273e-08,9.410346873261338e-08,9.422040911784009e-08,9.433738190293744e-08,9.445438704798073e-08,9.457142451306645e-08,9.468849425831204e-08,9.48055962438557e-08,9.492273042985678e-08,9.503989677649573e-08,9.515709524397352e-08,9.527432579251879e-08,9.539158838236984e-08,9.550888297379079e-08,9.562620952706754e-08,9.574356800250637e-08,9.58609583604354e-08,9.597838056120417e-08,9.609583456518401e-08,9.621332033276764e-08,9.63308378242703e-08,9.644838700022059e-08,9.656596782105196e-08,9.668358024737509e-08,9.680122423957199e-08,9.691889975816252e-08,9.70366067636902e-08,9.715434521672617e-08,9.727211507786412e-08,9.738991630733006e-08,9.750774886610255e-08,9.762561271477554e-08,9.774350781401202e-08,9.786143412450268e-08,9.79793916068997e-08,9.80973802201867e-08,9.821539992669895e-08,9.833345068938283e-08,9.845153246715647e-08,9.856964522051689e-08,9.868778891003452e-08,9.880596349724912e-08,9.892416894335864e-08,9.904240520839364e-08,9.916067225405161e-08,9.927897004073675e-08,9.939729852899632e-08,9.951565767935952e-08,9.963404745308274e-08,9.975246781323247e-08,9.987091871953568e-08,9.998940013275527e-08,1.0010791201427851e-07,1.0022645432513281e-07,1.0034502702641919e-07,1.0046363007924766e-07,1.0058226344486808e-07,1.0070092708430946e-07,1.0081962095884078e-07,1.009383450297077e-07,1.0105709925815152e-07,1.0117588360542231e-07,1.0129469803282865e-07,1.0141354250166575e-07,1.0153241697326744e-07,1.0165132140898423e-07,1.0177025577107502e-07,1.0188922001959002e-07,1.0200821411623884e-07,1.0212723802253989e-07,1.0224629169998726e-07,1.0236537511006763e-07,1.0248448821428581e-07,1.0260363097416466e-07,1.0272280335124733e-07,1.028420053070895e-07,1.0296123680327279e-07,1.0308049780139851e-07,1.0319978826274355e-07,1.0331910814929246e-07,1.0343845742270772e-07,1.035578360446724e-07,1.036772439768906e-07,1.0379668118108672e-07,1.0391614761900578e-07,1.0403564325241458e-07,1.0415516804324835e-07,1.0427472195316446e-07,1.0439430494399046e-07,1.0451391697757448e-07,1.0463355801578668e-07,1.0475322802051709e-07,1.0487292695367398e-07,1.0499265477718908e-07,1.0511241145301492e-07,1.0523219694312178e-07,1.0535201120950099e-07,1.0547185421415805e-07,1.0559172591911842e-07,1.0571162628643604e-07,1.0583155527762456e-07,1.0595151285600734e-07,1.0607149898348673e-07,1.0619151362171047e-07,1.0631155673271779e-07,1.0643162827804239e-07,1.0655172822153949e-07,1.0667185652462339e-07,1.0679201314959285e-07,1.0691219805869762e-07,1.0703241121436855e-07,1.0715265257874339e-07,1.0727292211414602e-07,1.0739321978300791e-07,1.0751354554773875e-07,1.0763389937048701e-07,1.0775428121409245e-07,1.0787469104048804e-07,1.0799512881264699e-07,1.0811559449273979e-07,1.0823608804437707e-07,1.0835660942755693e-07,1.084771586074838e-07,1.0859773554424887e-07,1.0871834020142995e-07,1.088389725403368e-07,1.0895963252549264e-07,1.0908032011862056e-07,1.0920103528333053e-07,1.0932177798175154e-07,1.0944254817658603e-07,1.0956334583055296e-07,1.0968417090639423e-07,1.0980502336687044e-07,1.0992590317511422e-07,1.1004681029360325e-07,1.1016774468516908e-07,1.102887063126538e-07,1.1040969513893994e-07,1.1053071112693214e-07,1.1065175423960787e-07,1.1077282444085456e-07,1.1089392169162402e-07,1.1101504595561664e-07,1.1113619719590318e-07,1.1125737537511963e-07,1.1137858045575363e-07,1.1149981240133429e-07,1.1162107117584748e-07,1.1174235674353104e-07,1.1186366906528721e-07,1.1198500810484678e-07,1.1210637382693159e-07,1.1222776619071662e-07,1.1234918516270895e-07,1.1247063070538343e-07,1.1259210278022936e-07,1.1271360135433696e-07,1.1283512638820137e-07,1.1295667784322551e-07,1.1307825568657461e-07,1.1319985988025591e-07,1.1332149038767936e-07,1.1344314717410248e-07,1.1356483020025555e-07,1.1368653943240716e-07,1.1380827482934864e-07,1.1393003635696373e-07,1.1405182397877546e-07,1.1417363765828396e-07,1.1429547735900923e-07,1.1441734304449261e-07,1.1453923467829568e-07,1.1466115222400025e-07,1.1478309564520964e-07,1.1490506490554715e-07,1.1502705996944542e-07,1.15149080800576e-07,1.1527112736099909e-07,1.1539319961483631e-07,1.1551529752710542e-07,1.1563742105916903e-07,1.1575957017577435e-07,1.1588174484252077e-07,1.160039450220742e-07,1.1612617067737145e-07,1.1624842177304674e-07,1.1637069827326956e-07,1.1649300014122224e-07,1.1661532734136043e-07,1.1673767983723723e-07,1.1686005759294837e-07,1.1698246057254826e-07,1.1710488873980325e-07,1.1722734205889591e-07,1.1734982049385754e-07,1.1747232400873977e-07,1.175948525676146e-07,1.1771740613457444e-07,1.1783998467373217e-07,1.1796258814922089e-07,1.1808521652519415e-07,1.1820786976582591e-07,1.1833054783531042e-07,1.1845325069786237e-07,1.1857597831771775e-07,1.1869873065913082e-07,1.1882150768637736e-07,1.1894430936375351e-07,1.1906713565565786e-07,1.1918998652638861e-07,1.1931286194022807e-07,1.1943576186157996e-07,1.1955868625491583e-07,1.196816350845195e-07,1.1980460831487917e-07,1.1992760591047144e-07,1.2005062783551803e-07,1.2017367405502187e-07,1.2029674453325052e-07,1.2041983923474972e-07,1.2054295812409028e-07,1.206661011658801e-07,1.2078926832470603e-07,1.209124595643967e-07,1.210356748507544e-07,1.2115891414967163e-07,1.212821774208503e-07,1.2140546463336474e-07,1.2152877575179882e-07,1.2165211073953384e-07,1.217754695595166e-07,1.2189885218000037e-07,1.2202225856599844e-07,1.2214568868106562e-07,1.2226914249015047e-07,1.2239261995798304e-07,1.2251612104953274e-07,1.2263964573043254e-07,1.227631939642547e-07,1.2288676571602456e-07,1.2301036094749378e-07,1.231339796305561e-07,1.232576217269088e-07,1.2338128720058526e-07,1.235049760187429e-07,1.2362868814161664e-07,1.2375242354125017e-07,1.2387618218037918e-07,1.2399996402146572e-07,1.241237690309274e-07,1.2424759717628718e-07,1.24371448420802e-07,1.2449532273043588e-07,1.2461922007086586e-07,1.247431404041965e-07,1.248670837002185e-07,1.2499104992204447e-07,1.2511503903515266e-07,1.2523905100520735e-07,1.2536308579928885e-07,1.2548714337785026e-07,1.2561122370910606e-07,1.2573532675301967e-07,1.2585945247978388e-07,1.259836008552113e-07,1.2610777184492688e-07,1.262319654133272e-07,1.263561815269411e-07,1.2648042015145811e-07,1.266046812520211e-07,1.267289647941995e-07,1.2685327074358283e-07,1.2697759906578051e-07,1.271019497264223e-07,1.2722632269115777e-07,1.273507179256567e-07,1.2747513539560897e-07,1.2759957506672425e-07,1.2772403690472866e-07,1.2784852087536022e-07,1.279730269444187e-07,1.2809755507767963e-07,1.282221052409529e-07,1.283466774000685e-07,1.2847127152087663e-07,1.285958875692473e-07,1.2872052551107065e-07,1.2884518531225692e-07,1.2896986693873627e-07,1.2909457035645905e-07,1.292192955313393e-07,1.2934404242943198e-07,1.2946881101672452e-07,1.295936012592595e-07,1.297184131231102e-07,1.2984324657444673e-07,1.299681015791232e-07,1.3009297810336504e-07,1.3021787611327717e-07,1.3034279557504722e-07,1.3046773645487818e-07,1.305926987188293e-07,1.3071768233319108e-07,1.3084268726365854e-07,1.309677134769942e-07,1.3109276093865944e-07,1.312178296181794e-07,1.313429194789672e-07,1.3146803048775537e-07,1.3159316260785677e-07,1.3171831580835588e-07,1.3184349005925422e-07,1.3196868532284516e-07,1.3209390156727475e-07,1.3221913875913726e-07,1.323443968632052e-07,1.324696758472318e-07,1.325949756765933e-07,1.32720296318896e-07,1.3284563774330974e-07,1.3297099991033133e-07,1.3309638278769207e-07,1.3322178634388767e-07,1.333472105537715e-07,1.33472655367774e-07,1.3359812076142604e-07,1.3372360670037373e-07,1.3384911315766805e-07,1.3397464008855555e-07,1.34100187463943e-07,1.3422575525009512e-07,1.3435134341654257e-07,1.3447695193657982e-07,1.3460258076646856e-07,1.347282298776934e-07,1.3485389923631478e-07,1.3497958880566645e-07,1.3510529855083772e-07,1.3523102844339583e-07,1.3535677844997032e-07,1.3548254853766062e-07,1.3560833866839694e-07,1.3573414881925916e-07,1.3585997895222533e-07,1.3598582903433768e-07,1.361116990326585e-07,1.3623758891426957e-07,1.3636349864627245e-07,1.3648942819578837e-07,1.3661537752995826e-07,1.3674134661594293e-07,1.368673354209227e-07,1.3699334391209753e-07,1.3711937205668736e-07,1.372454198219315e-07,1.37371487175089e-07,1.3749757408343872e-07,1.37623680514279e-07,1.3774980643482776e-07,1.378759518125283e-07,1.38002116614797e-07,1.3812830080894813e-07,1.382545043623782e-07,1.383807272425037e-07,1.3850696941676046e-07,1.3863323085260397e-07,1.3875951151750948e-07,1.3888581137897175e-07,1.3901213040450527e-07,1.3913846856164385e-07,1.3926482581794117e-07,1.393912021409706e-07,1.395175974983247e-07,1.3964401185761595e-07,1.3977044518708246e-07,1.398968974538053e-07,1.4002336862545844e-07,1.401498586697374e-07,1.4027636755435367e-07,1.404028952470417e-07,1.405294417155556e-07,1.4065600692766684e-07,1.4078259085117085e-07,1.4090919345388268e-07,1.4103581470363396e-07,1.411624545682815e-07,1.4128911301570248e-07,1.4141579001379394e-07,1.4154248553047519e-07,1.4166919953368648e-07,1.417959319913969e-07,1.4192268287158762e-07,1.4204945214227846e-07,1.4217623977151417e-07,1.423030457245689e-07,1.424298699719725e-07,1.4255671248178658e-07,1.4268357322209145e-07,1.4281045216098758e-07,1.4293734926659451e-07,1.430642645070512e-07,1.431911978505163e-07,1.4331814926516753e-07,1.4344511872078595e-07,1.4357210618433208e-07,1.4369911162235984e-07,1.4382613500452503e-07,1.43953176299016e-07,1.4408023547373437e-07,1.4420731249791642e-07,1.4433440733891463e-07,1.444615199658389e-07,1.4458865034861091e-07,1.4471579845236747e-07,1.4484296424688345e-07,1.44970147700646e-07,1.4509734878212273e-07,1.4522456745979158e-07,1.4535180370214602e-07,1.4547905747717013e-07,1.4560632875390065e-07,1.4573361750145217e-07,1.4586092368724195e-07,1.4598824727905828e-07,1.4611558824676894e-07,1.4624294655897113e-07,1.4637032218427184e-07,1.4649771509128336e-07,1.4662512524859137e-07,1.4675255262653522e-07,1.4687999719220177e-07,1.4700745891436503e-07,1.47134937762586e-07,1.4726243370224073e-07,1.4738994670692453e-07,1.47517476743819e-07,1.4764502378169672e-07,1.4777258778937104e-07,1.4790016873568406e-07,1.4802776658950794e-07,1.4815538131974313e-07,1.4828301289530638e-07,1.4841066128513769e-07,1.4853832645819868e-07,1.486660083834733e-07,1.487937070299137e-07,1.489214223666172e-07,1.4904915436262264e-07,1.4917690298699003e-07,1.4930466821226655e-07,1.4943245000386435e-07,1.495602483309233e-07,1.4968806316260023e-07,1.4981589446806978e-07,1.499437422165244e-07,1.5007160637717273e-07,1.5019948691924181e-07,1.503273838119799e-07,1.5045529702464913e-07,1.5058322652653232e-07,1.5071117228693172e-07,1.5083913427516644e-07,1.509671124605757e-07,1.5109510681251525e-07,1.5122311730036173e-07,1.5135114389350973e-07,1.5147918656137298e-07,1.5160724527338394e-07,1.5173531999832658e-07,1.5186341070642709e-07,1.519915173662063e-07,1.5211963994812628e-07,1.5224777842170048e-07,1.5237593275646623e-07,1.5250410292198242e-07,1.5263228888782825e-07,1.5276049062360268e-07,1.5288870809892412e-07,1.5301694128343054e-07,1.531451901469115e-07,1.5327345465890482e-07,1.5340173478910638e-07,1.5353003050723136e-07,1.5365834178301386e-07,1.5378666858620677e-07,1.5391501088658223e-07,1.5404336865393128e-07,1.541717418574027e-07,1.543001304675183e-07,1.5442853445412127e-07,1.545569537870759e-07,1.546853884365813e-07,1.5481383837220371e-07,1.5494230356386684e-07,1.5507078398133953e-07,1.5519927959462276e-07,1.553277903716264e-07,1.5545631628675225e-07,1.5558485730813495e-07,1.557134134053425e-07,1.5584198454887115e-07,1.559705707085215e-07,1.5609917185437332e-07,1.56227787956932e-07,1.5635641898572102e-07,1.5648506491142898e-07,1.5661372570338035e-07,1.5674240133207563e-07,1.5687109176812917e-07,1.569997969815864e-07,1.571285169426906e-07,1.572572516217041e-07,1.57386000988758e-07,1.5751476501428986e-07,1.576435436679566e-07,1.577723369217247e-07,1.5790114474530847e-07,1.5802996710868963e-07,1.5815880398199505e-07,1.5828765533521238e-07,1.5841652114101822e-07,1.5854540136806757e-07,1.5867429598693192e-07,1.5880320496695507e-07,1.589321282799251e-07,1.590610658963393e-07,1.591900177867029e-07,1.5931898392374882e-07,1.5944796427574746e-07,1.595769588136717e-07,1.5970596750776793e-07,1.5983499032897173e-07,1.599640272479605e-07,1.6009307823541173e-07,1.602221432618777e-07,1.6035122229843437e-07,1.6048031531618413e-07,1.6060942228454592e-07,1.6073854317524334e-07,1.608676779593271e-07,1.6099682660641008e-07,1.61125989093097e-07,1.6125516537769936e-07,1.613843554409034e-07,1.6151355925125429e-07,1.6164277677824058e-07,1.6177200799551467e-07,1.6190125287245818e-07,1.6203051137867445e-07,1.6215978348787832e-07,1.622890691713308e-07,1.6241836839834703e-07,1.6254768113860965e-07,1.6267700736570628e-07,1.6280634705029321e-07,1.6293570016347172e-07,1.630650666745729e-07,1.6319444655558056e-07,1.6332383977595948e-07,1.6345324631201114e-07,1.6358266613157735e-07,1.6371209920643262e-07,1.6384154550631072e-07,1.6397100500495961e-07,1.641004776713281e-07,1.6422996347761036e-07,1.6435946239593198e-07,1.6448897439595878e-07,1.6461849945055843e-07,1.647480375301967e-07,1.6487758860578702e-07,1.650071526486107e-07,1.6513672963148948e-07,1.6526631952510266e-07,1.6539592230114064e-07,1.6552553793063117e-07,1.6565516638521328e-07,1.65784807636405e-07,1.6591446165503683e-07,1.6604412841407287e-07,1.6617380788364672e-07,1.663035000336883e-07,1.664332048409519e-07,1.6656292227465908e-07,1.6669265230556087e-07,1.6682239490566992e-07,1.6695215004662023e-07,1.6708191770018023e-07,1.6721169783793363e-07,1.6734149043176816e-07,1.674712954554972e-07,1.6760111287639707e-07,1.677309426684778e-07,1.6786078480358345e-07,1.679906392544806e-07,1.681205059915105e-07,1.6825038498653128e-07,1.683802762111782e-07,1.6851017963811802e-07,1.6864009523968794e-07,1.68770022987387e-07,1.6889996285331857e-07,1.6902991480825568e-07,1.6915987882613235e-07,1.6928985487821266e-07,1.6941984293533558e-07,1.6954984297089213e-07,1.6967985495635573e-07,1.6980987886347983e-07,1.699399146646969e-07,1.7006996233209635e-07,1.7020002183779568e-07,1.7033009315392924e-07,1.7046017625264998e-07,1.7059027110612928e-07,1.707203776865561e-07,1.7085049596610349e-07,1.7098062591698678e-07,1.711107675114924e-07,1.712409207218819e-07,1.713710855204354e-07,1.7150126187945042e-07,1.716314497712428e-07,1.717616491681473e-07,1.7189186004251648e-07,1.7202208236672107e-07,1.7215231611314912e-07,1.7228256125420804e-07,1.7241281776232237e-07,1.7254308560993535e-07,1.7267336476950299e-07,1.7280365521350912e-07,1.7293395691445127e-07,1.7306426984484426e-07,1.7319459397722246e-07,1.7332492928327511e-07,1.7345527573753002e-07,1.7358563330999185e-07,1.7371600197612712e-07,1.7384638170876238e-07,1.739767724783097e-07,1.7410717425699793e-07,1.7423758701858534e-07,1.7436801073576342e-07,1.7449844538125253e-07,1.7462889092778443e-07,1.747593473481092e-07,1.7488981461499464e-07,1.7502029270081062e-07,1.7515078157883183e-07,1.7528128122187486e-07,1.7541179160277098e-07,1.7554231269437534e-07,1.7567284446955645e-07,1.7580338690120645e-07,1.7593393996189759e-07,1.760645036248675e-07,1.7619507786305774e-07,1.763256626435855e-07,1.764562579456118e-07,1.7658686374722771e-07,1.767174800163587e-07,1.7684810672633558e-07,1.7697874384916824e-07,1.7710939135847503e-07,1.7724004922716257e-07,1.7737071742811318e-07,1.7750139593612763e-07,1.7763208472205096e-07,1.777627837599576e-07,1.7789349302301093e-07,1.7802421248690853e-07,1.7815494211988412e-07,1.7828568189804947e-07,1.784164317942355e-07,1.7854719178153546e-07,1.786779618333616e-07,1.788087419228093e-07,1.789395320238764e-07,1.7907033211205421e-07,1.792011421560197e-07,1.793319621308865e-07,1.7946279201055253e-07,1.7959363176849475e-07,1.7972448138283155e-07,1.798553408156512e-07,1.79986210048422e-07,1.801170890532706e-07,1.8024797780362374e-07,1.8037887627263752e-07,1.8050978443416778e-07,1.806407022593895e-07,1.8077162972697037e-07,1.8090256680594785e-07,1.8103351347486444e-07,1.8116446970315863e-07,1.8129543546366922e-07,1.814264107293064e-07,1.8155739548075085e-07,1.8168838968714925e-07,1.818193933206645e-07,1.8195040636115915e-07,1.820814287757346e-07,1.8221246054013723e-07,1.823435016286368e-07,1.8247455201443526e-07,1.8260561167542617e-07,1.8273668057832774e-07,1.8286775870046402e-07,1.8299884601361934e-07,1.831299424957534e-07,1.832610481185628e-07,1.8339216285665994e-07,1.8352328668227787e-07,1.8365441957180422e-07,1.8378556149774872e-07,1.8391671243405825e-07,1.8404787235453649e-07,1.841790412351767e-07,1.843102190472873e-07,1.8444140576693356e-07,1.8457260136699497e-07,1.8470380582213544e-07,1.848350191063897e-07,1.8496624119423478e-07,1.850974720597753e-07,1.8522871167643255e-07,1.8535996001874537e-07,1.8549121706089566e-07,1.8562248277718833e-07,1.8575375714257148e-07,1.8588504012976644e-07,1.860163317139176e-07,1.8614763186952513e-07,1.8627894057072624e-07,1.8641025779171168e-07,1.8654158350693524e-07,1.8667291769067978e-07,1.8680426031693432e-07,1.8693561136139968e-07,1.8706697079804224e-07,1.87198338599936e-07,1.8732971474323874e-07,1.874610992010764e-07,1.875924919483014e-07,1.8772389296008035e-07,1.8785530221040856e-07,1.8798671967418183e-07,1.8811814532550188e-07,1.8824957913880955e-07,1.8838102108919405e-07,1.8851247115131296e-07,1.88643929299044e-07,1.8877539550761218e-07,1.8890686975158984e-07,1.8903835200566023e-07,1.8916984224451316e-07,1.893013404428516e-07,1.8943284657341023e-07,1.8956436061258553e-07,1.8969588253582142e-07,1.898274123172819e-07,1.8995894993455317e-07,1.900904953594353e-07,1.9022204855986377e-07,1.9035360952485663e-07,1.9048517822279998e-07,1.9061675462832676e-07,1.9074833871648888e-07,1.908799304600428e-07,1.9101152983732428e-07,1.9114313682201294e-07,1.9127475138893937e-07,1.914063735127746e-07,1.9153800316862122e-07,1.9166964033257845e-07,1.9180128497832709e-07,1.9193293708209696e-07,1.9206459661793037e-07,1.9219626356032215e-07,1.9232793788593845e-07,1.9245961956950312e-07,1.9259130858602418e-07,1.927230049105921e-07,1.9285470852264557e-07,1.9298641938233245e-07,1.9311813747464043e-07,1.9324986277401528e-07,1.9338159526505886e-07,1.9351333491532796e-07,1.9364508170009808e-07,1.9377683559466174e-07,1.939085965742275e-07,1.9404036461422065e-07,1.9417213968998462e-07,1.9430392177688032e-07,1.9443571085028552e-07,1.945675068855949e-07,1.9469930985822016e-07,1.948311197435904e-07,1.9496293651715126e-07,1.950947601544887e-07,1.9522659063084693e-07,1.95358427921835e-07,1.9549027200296662e-07,1.956221228497722e-07,1.9575398043800307e-07,1.9588584474303038e-07,1.9601771574043663e-07,1.9614959340602596e-07,1.962814777152043e-07,1.964133686436045e-07,1.9654526616687505e-07,1.9667717026068147e-07,1.9680908090070826e-07,1.9694099806265435e-07,1.9707292172223547e-07,1.9720485185518602e-07,1.9733678843725512e-07,1.9746873144421032e-07,1.976006808518354e-07,1.97732636635931e-07,1.9786459877231395e-07,1.9799656723681928e-07,1.9812854200529702e-07,1.9826052305361517e-07,1.9839251035765799e-07,1.985245038933287e-07,1.9865650363654455e-07,1.987885095632399e-07,1.9892052164936703e-07,1.990525398653334e-07,1.9918456419246261e-07,1.9931659460670354e-07,1.9944863108391993e-07,1.9958067359991725e-07,1.9971272213023278e-07,1.9984477666022095e-07,1.9997683715787319e-07,2.0010890359929315e-07,2.0024097596060092e-07,2.003730542191062e-07,2.0050513834979147e-07,2.0063722832764233e-07,2.007693241284879e-07,2.0090142573089855e-07,2.010335331107014e-07,2.0116564624390115e-07,2.0129776510655286e-07,2.014298896749273e-07,2.0156201992531185e-07,2.0169415583401025e-07,2.0182629737734321e-07,2.019584445316481e-07,2.0209059727327872e-07,2.0222275557860562e-07,2.0235491942401594e-07,2.0248708878591365e-07,2.0261926364071893e-07,2.0275144396486884e-07,2.02883629734817e-07,2.0301582092751884e-07,2.0314801751889606e-07,2.0328021948547016e-07,2.034124268037771e-07,2.0354463945036197e-07,2.0367685740164335e-07,2.0380908063436007e-07,2.0394130912509845e-07,2.0407354285046167e-07,2.042057817897963e-07,2.0433802591524295e-07,2.044702752041163e-07,2.0460252963432864e-07,2.0473478918231023e-07,2.048670538249498e-07,2.0499932353890084e-07,2.0513159830088128e-07,2.05263878087653e-07,2.053961628759856e-07,2.0552845264266352e-07,2.0566074736458994e-07,2.0579304701842856e-07,2.059253515810436e-07,2.0605766102916919e-07,2.0618997533891274e-07,2.0632229448906448e-07,2.064546184554945e-07,2.0658694721463088e-07,2.0671928074441146e-07,2.0685161902125515e-07,2.0698396202118037e-07,2.0711630972325702e-07,2.0724866211367214e-07,2.0738101915915224e-07,2.0751338083672327e-07,2.0764574712343283e-07,2.0777811799634e-07,2.079104934325185e-07,2.0804287340908472e-07,2.0817525790313803e-07,2.0830764689179708e-07,2.0844004035222562e-07,2.0857243826156997e-07,2.0870484059702322e-07,2.088372473357604e-07,2.0896965845498894e-07,2.091020739319543e-07,2.092344937438944e-07,2.093669178680565e-07,2.09499346281721e-07,2.0963177896217611e-07,2.0976421588672945e-07,2.098966570327091e-07,2.1002910237744623e-07,2.1016155189832464e-07,2.102940055726859e-07,2.104264633779237e-07,2.10558925291453e-07,2.1069139129067596e-07,2.1082386135304387e-07,2.1095633545600296e-07,2.110888135770427e-07,2.1122129568243837e-07,2.113537817608791e-07,2.1148627178988326e-07,2.1161876574698412e-07,2.1175126360973225e-07,2.118837653556942e-07,2.1201627096245213e-07,2.1214878040760504e-07,2.122812936687673e-07,2.1241381072356957e-07,2.1254633154965872e-07,2.126788561246983e-07,2.1281138442636709e-07,2.1294391643236055e-07,2.1307645212038977e-07,2.1320899146818177e-07,2.1334153445347972e-07,2.1347408105404398e-07,2.1360663124764922e-07,2.13739185012087e-07,2.1387174232516535e-07,2.1400430316470762e-07,2.1413686750855366e-07,2.142694353345587e-07,2.1440200662059424e-07,2.1453458134454783e-07,2.146671594843236e-07,2.1479974101784072e-07,2.1493232592303485e-07,2.1506491417785758e-07,2.1519750576027607e-07,2.1533010064827423e-07,2.1546269881985115e-07,2.155953002530222e-07,2.1572790492581867e-07,2.1586051281628815e-07,2.1599312390249348e-07,2.1612573816251377e-07,2.1625835557444366e-07,2.1639097611639412e-07,2.1652359976649201e-07,2.1665622650287976e-07,2.167888563037162e-07,2.1692148914717527e-07,2.1705412501144755e-07,2.171867638747395e-07,2.1731940571527245e-07,2.1745205051128487e-07,2.1758469824102994e-07,2.1771734888277724e-07,2.1785000241481182e-07,2.1798265882101856e-07,2.181153180741345e-07,2.1824798015249602e-07,2.1838064503444802e-07,2.1851331269835435e-07,2.1864598312235248e-07,2.1877865628508233e-07,2.1891133216495226e-07,2.190440107403931e-07,2.1917669198984704e-07,2.193093758917715e-07,2.1944206242464377e-07,2.1957475156695378e-07,2.1970744329720614e-07,2.1984013759392395e-07,2.1997283443564433e-07,2.2010553380092143e-07,2.20238235668322e-07,2.2037094001643136e-07,2.2050364682385157e-07,2.2063635606919816e-07,2.2076906773110298e-07,2.2090178178821154e-07,2.2103449821918867e-07,2.2116721699634328e-07,2.2129993810480129e-07,2.214326615232645e-07,2.2156538723045274e-07,2.2169811520620953e-07,2.2183084542813856e-07,2.2196357787501313e-07,2.2209631252562037e-07,2.222290493587639e-07,2.2236178835326342e-07,2.2249452948795418e-07,2.2262727274168585e-07,2.2276001809332477e-07,2.2289276552175234e-07,2.2302551500586588e-07,2.2315826652457807e-07,2.2329102005681657e-07,2.2342377558152592e-07,2.2355653307766492e-07,2.2368929252420816e-07,2.2382205390014666e-07,2.2395481718448546e-07,2.2408758235624642e-07,2.2422034939446618e-07,2.2435311827819715e-07,2.244858889865067e-07,2.2461866149847796e-07,2.2475143579321037e-07,2.2488421184981772e-07,2.2501698964743e-07,2.2514976916519182e-07,2.2528255038226412e-07,2.2541533327782255e-07,2.2554811783105847e-07,2.256809040211786e-07,2.258136918274056e-07,2.2594648122897678e-07,2.2607927220514553e-07,2.2621206473517974e-07,2.2634485879748355e-07,2.264776543723468e-07,2.2661045143902653e-07,2.2674324997686625e-07,2.268760499651801e-07,2.2700885138334332e-07,2.271416542109373e-07,2.2727445842709788e-07,2.2740726401123168e-07,2.2754007094276043e-07,2.2767287920112166e-07,2.2780568876576776e-07,2.2793849961616668e-07,2.2807131173180165e-07,2.2820412509217127e-07,2.2833693967678894e-07,2.2846975546518374e-07,2.2860257243690008e-07,2.2873539057149705e-07,2.2886820984855017e-07,2.29001030247649e-07,2.29133851748399e-07,2.2926667433042035e-07,2.293994979733487e-07,2.2953232265683556e-07,2.2966514836054687e-07,2.2979797506416366e-07,2.2993080274738253e-07,2.3006363138991632e-07,2.3019646097149068e-07,2.3032929147184782e-07,2.304621228707454e-07,2.305949551479557e-07,2.3072778828326648e-07,2.3086062225648046e-07,2.3099345704741524e-07,2.3112629263590393e-07,2.312591290017949e-07,2.313919661249513e-07,2.3152480398525144e-07,2.316576425625886e-07,2.3179048183687169e-07,2.3192332178802445e-07,2.320561623959855e-07,2.3218900364070872e-07,2.3232184550216272e-07,2.3245468796033194e-07,2.3258753099521525e-07,2.3272037458682674e-07,2.3285321871519544e-07,2.3298606336036562e-07,2.331189085023965e-07,2.3325175412136236e-07,2.3338460019735217e-07,2.3351744671047042e-07,2.3365029364083663e-07,2.3378314096858464e-07,2.3391598867386397e-07,2.3404883673683843e-07,2.3418168513768764e-07,2.3431453385660576e-07,2.3444738287380172e-07,2.3458023216949978e-07,2.3471308172393888e-07,2.3484593151737315e-07,2.3497878153007145e-07,2.3511163174231758e-07,2.3524448213466001e-07,2.3537733268716262e-07,2.3551018338015476e-07,2.3564303419397976e-07,2.357758851089963e-07,2.3590873610557804e-07,2.3604158716411367e-07,2.3617443826500594e-07,2.363072893886736e-07,2.3644014051555086e-07,2.36572991626085e-07,2.3670584270074084e-07,2.368386937199974e-07,2.3697154466434954e-07,2.371043955143071e-07,2.3723724625079496e-07,2.3737009685315008e-07,2.3750294730275832e-07,2.3763579758041387e-07,2.377686476664264e-07,2.3790149754139396e-07,2.3803434718593224e-07,2.3816719658067405e-07,2.383000457052702e-07,2.384328945426823e-07,2.385657430722339e-07,2.3869859127460926e-07,2.3883143913050645e-07,2.389642866206425e-07,2.3909713372574126e-07,2.3922998042654794e-07,2.393628267038208e-07,2.394956725383335e-07,2.3962851791087165e-07,2.3976136280223823e-07,2.3989420719324906e-07,2.400270510647343e-07,2.4015989439754246e-07,2.4029273717253317e-07,2.4042557937058236e-07,2.405584209725785e-07,2.4069126195942717e-07,2.408241023120461e-07,2.409569420113715e-07,2.4108978103834936e-07,2.412226193739456e-07,2.4135545699913584e-07,2.4148829389491236e-07,2.416211300422821e-07,2.417539654222677e-07,2.418868000159047e-07,2.4201963380424284e-07,2.421524667683468e-07,2.422852988892969e-07,2.424181301481876e-07,2.425509605261287e-07,2.426837900042414e-07,2.428166185636648e-07,2.429494461855504e-07,2.4308227285106574e-07,2.432150985413922e-07,2.433479232377247e-07,2.4348074692127476e-07,2.4361356957326647e-07,2.4374639117493923e-07,2.438792117075464e-07,2.440120311523587e-07,2.441448494906561e-07,2.442776667037368e-07,2.444104827729108e-07,2.4454329767950607e-07,2.4467611140486197e-07,2.4480892393033365e-07,2.4494173523728984e-07,2.4507454530711565e-07,2.452073541212075e-07,2.453401616609789e-07,2.454729679078571e-07,2.4560577284328377e-07,2.4573857644871263e-07,2.4587137870561454e-07,2.4600417959547467e-07,2.46136979099791e-07,2.462697772000766e-07,2.4640257387785806e-07,2.4653536911467854e-07,2.4666816289209317e-07,2.468009551916725e-07,2.4693374599500164e-07,2.470665352836792e-07,2.471993230393193e-07,2.4733210924354967e-07,2.474648938780092e-07,2.4759767692435626e-07,2.477304583642621e-07,2.4786323817940946e-07,2.4799601635149824e-07,2.4812879286224195e-07,2.4826156769336724e-07,2.4839434082661753e-07,2.4852711224374556e-07,2.48659881926524e-07,2.4879264985673605e-07,2.489254160161804e-07,2.490581803866704e-07,2.4919094295003184e-07,2.49323703688107e-07,2.494564625827507e-07,2.495892196158321e-07,2.497219747692354e-07,2.498547280248577e-07,2.499874793646107e-07,2.5012022877042247e-07,2.502529762242304e-07,2.5038572170799127e-07,2.505184652036733e-07,2.506512066932583e-07,2.5078394615874334e-07,2.5091668358213775e-07,2.5104941894546783e-07,2.511821522307733e-07,2.5131488342010576e-07,2.51447612495533e-07,2.5158033943913676e-07,2.517130642330115e-07,2.518457868592667e-07,2.519785073000267e-07,2.5211122553742795e-07,2.5224394155362237e-07,2.523766553307756e-07,2.525093668510671e-07,2.5264207609668995e-07,2.527747830450906e-07,2.5290748768321635e-07,2.530401899929695e-07,2.5317288995688844e-07,2.533055875566873e-07,2.5343828277460373e-07,2.535709755928249e-07,2.5370366600128766e-07,2.538363539754586e-07,2.539690394908681e-07,2.54101722537345e-07,2.54234403097377e-07,2.543670811529388e-07,2.544997566862333e-07,2.546324296795399e-07,2.547651001155127e-07,2.5489776797626846e-07,2.550304332443149e-07,2.551630959011527e-07,2.552957559300644e-07,2.554284133135778e-07,2.5556106803417805e-07,2.5569372007439324e-07,2.5582636941672215e-07,2.559590160437492e-07,2.56091659938004e-07,2.5622430108209e-07,2.56356939458553e-07,2.5648957505002824e-07,2.566222078390856e-07,2.5675483780831014e-07,2.568874649404334e-07,2.570200892180531e-07,2.5715271062383795e-07,2.5728532914044547e-07,2.5741794475063794e-07,2.575505574370976e-07,2.576831671825112e-07,2.57815773969632e-07,2.579483777812049e-07,2.58080978599987e-07,2.5821357640877496e-07,2.583461711903895e-07,2.584787629275605e-07,2.5861135160310714e-07,2.5874393720670133e-07,2.588765197145598e-07,2.5900909910934206e-07,2.5914167537430637e-07,2.5927424849175405e-07,2.5940681844471635e-07,2.595393852161621e-07,2.5967194878903244e-07,2.598045091462853e-07,2.5993706627088107e-07,2.6006962014579795e-07,2.602021707540176e-07,2.6033471807853633e-07,2.6046726210236554e-07,2.605998028085277e-07,2.607323401800603e-07,2.6086487420001367e-07,2.609974048514512e-07,2.611299321174512e-07,2.6126245598110297e-07,2.613949764255118e-07,2.615274934336256e-07,2.616600069887537e-07,2.617925170740436e-07,2.6192502367266864e-07,2.620575267678545e-07,2.6219002634285213e-07,2.6232252238053397e-07,2.624550148642125e-07,2.625875037771617e-07,2.6271998910263215e-07,2.628524708238766e-07,2.6298494892416424e-07,2.631174233867749e-07,2.6324989419500283e-07,2.6338236133215567e-07,2.6351482478155294e-07,2.6364728452666635e-07,2.6377974055070224e-07,2.639121928370215e-07,2.640446413678782e-07,2.6417708612778105e-07,2.6430952710012993e-07,2.6444196426833827e-07,2.645743976158332e-07,2.647068271260549e-07,2.6483925278245676e-07,2.64971674568506e-07,2.65104092467683e-07,2.652365064634817e-07,2.6536891653940883e-07,2.65501322678985e-07,2.6563372486574416e-07,2.6576612308323337e-07,2.658985173150131e-07,2.660309075446574e-07,2.66163293755753e-07,2.6629567593190044e-07,2.664280540567138e-07,2.6656042811381957e-07,2.6669279808685857e-07,2.668251639594842e-07,2.6695752571536334e-07,2.670898833381763e-07,2.6722223681161643e-07,2.6735458611939023e-07,2.6748693124521774e-07,2.676192721728323e-07,2.6775160888598006e-07,2.6788394136842083e-07,2.6801626960392746e-07,2.6814859357628607e-07,2.6828091326929586e-07,2.684132286684866e-07,2.6854553975748766e-07,2.6867784651738526e-07,2.6881014893310837e-07,2.6894244698861144e-07,2.6907474066780475e-07,2.6920702995459494e-07,2.693393148328947e-07,2.6947159528662717e-07,2.696038712997267e-07,2.6973614285613983e-07,2.69868409939826e-07,2.700006725347564e-07,2.7013293062491596e-07,2.702651841943017e-07,2.7039743322692404e-07,2.7052967770680635e-07,2.7066191761798506e-07,2.7079415294450937e-07,2.7092638367044136e-07,2.7105860977930015e-07,2.7119083125631326e-07,2.7132304808509903e-07,2.7145526024980323e-07,2.7158746773460487e-07,2.717196705246853e-07,2.718518686029122e-07,2.719840619534547e-07,2.721162505604922e-07,2.7224843440822097e-07,2.7238061348084563e-07,2.7251278776258725e-07,2.72644957237679e-07,2.727771218903656e-07,2.72909281704906e-07,2.730414366655714e-07,2.731735867566464e-07,2.7330573196242777e-07,2.7343787226722577e-07,2.735700076553645e-07,2.7370213811117884e-07,2.738342636190182e-07,2.7396638416324387e-07,2.7409849972553015e-07,2.7423061029300064e-07,2.7436271585005106e-07,2.7449481638109676e-07,2.7462691187056123e-07,2.7475900230288325e-07,2.748910876625157e-07,2.750231679339241e-07,2.7515524310158174e-07,2.752873131499771e-07,2.754193780636158e-07,2.75551437827012e-07,2.756834924246968e-07,2.758155418412072e-07,2.759475860611002e-07,2.7607962506894227e-07,2.7621165884931193e-07,2.7634368738679964e-07,2.76475710666015e-07,2.7660772867157346e-07,2.767397413881066e-07,2.76871748800256e-07,2.770037508926814e-07,2.771357476500492e-07,2.7726773905704195e-07,2.773997250983534e-07,2.7753170575869267e-07,2.7766368102277727e-07,2.7779565087534143e-07,2.7792761530113247e-07,2.7805957428703456e-07,2.781915278154724e-07,2.783234758712922e-07,2.784554184374831e-07,2.785873555009731e-07,2.7871928704655415e-07,2.7885121305904465e-07,2.7898313352327447e-07,2.791150484240905e-07,2.792469577463567e-07,2.7937886147495006e-07,2.7951075959520263e-07,2.7964265209152924e-07,2.79774538948854e-07,2.799064201521138e-07,2.80038295686258e-07,2.801701655362496e-07,2.803020296870643e-07,2.8043388812369074e-07,2.8056574083113243e-07,2.806975877944061e-07,2.8082942899854215e-07,2.809612644282001e-07,2.810930940687671e-07,2.8122491790530423e-07,2.8135673592288537e-07,2.814885481065964e-07,2.8162035444153643e-07,2.817521549128165e-07,2.818839495055606e-07,2.8201573820490477e-07,2.821475209959981e-07,2.822792978640018e-07,2.824110687940898e-07,2.825428337714481e-07,2.8267459278127604e-07,2.8280634580878454e-07,2.829380928391975e-07,2.8306983385775123e-07,2.8320156884969424e-07,2.833332978002882e-07,2.834650206948063e-07,2.8359673751853504e-07,2.83728448256773e-07,2.838601528953511e-07,2.8399185141907234e-07,2.841235438132737e-07,2.842552300633052e-07,2.843869101545298e-07,2.8451858407194063e-07,2.8465025180132155e-07,2.8478191332808195e-07,2.8491356863765223e-07,2.8504521771582213e-07,2.851768605475783e-07,2.853084971183679e-07,2.8544012741364963e-07,2.8557175141889573e-07,2.857033691195906e-07,2.8583498050123013e-07,2.8596658554932306e-07,2.8609818424939004e-07,2.8622977658696485e-07,2.863613625475931e-07,2.8649294211683247e-07,2.866245152802526e-07,2.867560820234361e-07,2.868876423319778e-07,2.8701919619148475e-07,2.8715074358757577e-07,2.872822845058823e-07,2.874138189320478e-07,2.8754534685172843e-07,2.8767686825059196e-07,2.878083831143191e-07,2.8793989142860216e-07,2.880713931791457e-07,2.882028883516667e-07,2.883343769318942e-07,2.8846585890556965e-07,2.885973342584464e-07,2.887288029762901e-07,2.8886026504487863e-07,2.889917204500019e-07,2.891231691774621e-07,2.8925461121307317e-07,2.893860465426616e-07,2.895174751520657e-07,2.8964889702713674e-07,2.897803121537372e-07,2.8991172051774156e-07,2.9004312210503766e-07,2.9017451690152393e-07,2.903059048931113e-07,2.904372860657237e-07,2.90568660405296e-07,2.9070002789777585e-07,2.908313885291225e-07,2.9096274228530764e-07,2.9109408915231495e-07,2.912254291161398e-07,2.913567621628239e-07,2.9148808827832473e-07,2.9161940744867243e-07,2.9175071965990994e-07,2.9188202489809196e-07,2.9201332314928454e-07,2.921446143995651e-07,2.922758986350231e-07,2.924071758417614e-07,2.925384460058935e-07,2.9266970911354407e-07,2.928009651508515e-07,2.9293221410141896e-07,2.930634559537572e-07,2.9319469069351274e-07,2.9332591830601845e-07,2.9345713878483874e-07,2.9358835210492073e-07,2.937195582593832e-07,2.938507572337361e-07,2.9398194901414685e-07,2.9411313358680427e-07,2.942443109376088e-07,2.9437548105293314e-07,2.9450664391905024e-07,2.946377995222954e-07,2.947689478487509e-07,2.94900088884905e-07,2.9503122261709193e-07,2.951623490315936e-07,2.9529346811479766e-07,2.9542457985307083e-07,2.9555568423280615e-07,2.95686781240391e-07,2.958178708622398e-07,2.95948953084748e-07,2.960800278944091e-07,2.962110952776394e-07,2.963421552208636e-07,2.9647320771056143e-07,2.9660425273321243e-07,2.967352902753396e-07,2.968663203234469e-07,2.9699734286400645e-07,2.9712835788359304e-07,2.972593653687297e-07,2.9739036530598974e-07,2.9752135768188707e-07,2.976523424830289e-07,2.9778331969602045e-07,2.979142893074425e-07,2.980452513039131e-07,2.981762056720433e-07,2.9830715239849075e-07,2.984380914698693e-07,2.9856902287285523e-07,2.986999465941289e-07,2.988308626203659e-07,2.9896177093826193e-07,2.99092671534501e-07,2.992235643958246e-07,2.993544495089682e-07,2.994853268606552e-07,2.996161964376494e-07,2.9974705822670963e-07,2.9987791221457696e-07,3.0000875838807306e-07,3.0013959673401133e-07,3.002704272391755e-07,3.00401249890404e-07,3.0053206467450406e-07,3.0066287157834666e-07,3.007936705887803e-07,3.009244616926491e-07,3.0105524487685515e-07,3.0118602012829556e-07,3.0131678743468687e-07,3.0144754678223846e-07,3.015782981604521e-07,3.017090415528104e-07,3.0183977694663586e-07,3.019705043290334e-07,3.021012236870478e-07,3.022319350077107e-07,3.0236263827901467e-07,3.024933334867621e-07,3.0262402061842137e-07,3.027546996610494e-07,3.0288537060171746e-07,3.03016033427528e-07,3.031466881256399e-07,3.0327733468329144e-07,3.034079730879857e-07,3.035386033246338e-07,3.036692253753013e-07,3.037998392384709e-07,3.0393044489621006e-07,3.0406104233526353e-07,3.041916315373105e-07,3.0432221250177093e-07,3.0445278520978756e-07,3.045833496477983e-07,3.0471390580388706e-07,3.0484445365817353e-07,3.049749932103407e-07,3.051055244461115e-07,3.052360473456711e-07,3.0536656189850476e-07,3.054970680914357e-07,3.056275659147382e-07,3.0575805534879424e-07,3.058885363796203e-07,3.060190090074491e-07,3.0614947321721347e-07,3.0627992899049917e-07,3.064103763167175e-07,3.0654081518107376e-07,3.066712455744945e-07,3.06801667475401e-07,3.0693208088518017e-07,3.070624857761567e-07,3.0719288215024613e-07,3.0732326998807894e-07,3.0745364927800994e-07,3.075840200073498e-07,3.0771438216528716e-07,3.0784473573603363e-07,3.079750807079695e-07,3.081054170684351e-07,3.082357448053098e-07,3.0836606390611107e-07,3.0849637435836817e-07,3.0862667614962153e-07,3.087569692674221e-07,3.088872536993328e-07,3.090175294329273e-07,3.0914779645546294e-07,3.0927805475494046e-07,3.094083043251798e-07,3.095385451415127e-07,3.0966877719741363e-07,3.097990004807324e-07,3.0992921497907017e-07,3.100594206809558e-07,3.101896175736837e-07,3.103198056407294e-07,3.104499848741157e-07,3.105801552619589e-07,3.107103167917929e-07,3.1084046945083133e-07,3.1097061322888555e-07,3.111007481084131e-07,3.112308740829641e-07,3.113609911374539e-07,3.114910992592634e-07,3.1162119842799726e-07,3.1175128864356667e-07,3.118813698931299e-07,3.120114421613789e-07,3.121415054364337e-07,3.122715597061558e-07,3.1240160496127886e-07,3.1253164118435585e-07,3.126616683665102e-07,3.127916864934803e-07,3.1292169555394063e-07,3.130516955374465e-07,3.1318168642748724e-07,3.133116682172661e-07,3.1344164089170864e-07,3.1357160443589334e-07,3.1370155884627204e-07,3.138315041072e-07,3.139614402059135e-07,3.14091367130549e-07,3.1422128486657523e-07,3.1435119339975396e-07,3.1448109273019654e-07,3.1461098283808383e-07,3.14740863711515e-07,3.1487073534040833e-07,3.150005977083107e-07,3.1513045080437556e-07,3.1526029462282024e-07,3.153901291520713e-07,3.1551995436996965e-07,3.1564977027272424e-07,3.157795768451078e-07,3.1590937407678886e-07,3.160391619555628e-07,3.1616894046822025e-07,3.1629870960573943e-07,3.1642846935568045e-07,3.165582197046796e-07,3.1668796064188794e-07,3.1681769215584876e-07,3.169474142338295e-07,3.170771268649074e-07,3.172068300375013e-07,3.173365237387065e-07,3.1746620795763004e-07,3.1759588268276624e-07,3.1772554790244867e-07,3.1785520360881666e-07,3.179848497811826e-07,3.1811448641294175e-07,3.1824411349160057e-07,3.183737310071652e-07,3.1850333894918505e-07,3.1863293730402067e-07,3.1876252606033806e-07,3.1889210520774783e-07,3.190216747251535e-07,3.19151234614655e-07,3.192807848557891e-07,3.194103254409346e-07,3.195398563577555e-07,3.196693775969723e-07,3.1979888914261355e-07,3.199283909853405e-07,3.200578831137101e-07,3.201873655151021e-07,3.203168381798034e-07,3.2044630109585265e-07,3.2057575425172107e-07,3.207051976366012e-07,3.208346312366611e-07,3.2096405504331555e-07,3.2109346904342384e-07,3.21222873225475e-07,3.2135226757960195e-07,3.214816520928291e-07,3.216110267733539e-07,3.217403915711947e-07,3.2186974649734036e-07,3.2199909154351307e-07,3.2212842668629685e-07,3.2225775192000856e-07,3.223870672418499e-07,3.225163726257131e-07,3.2264566806816186e-07,3.227749535568188e-07,3.229042290797846e-07,3.230334946286072e-07,3.231627501949987e-07,3.2329199576256017e-07,3.2342123132675713e-07,3.235504568684351e-07,3.236796723768163e-07,3.238088778341457e-07,3.2393807323702155e-07,3.2406725857426576e-07,3.2419643383399127e-07,3.2432559900577636e-07,3.2445475407847925e-07,3.245838990409682e-07,3.247130338821221e-07,3.2484215859083045e-07,3.2497127315599365e-07,3.2510037756652143e-07,3.2522947181133463e-07,3.25358555879364e-07,3.254876297595509e-07,3.2561669344084703e-07,3.257457469122145e-07,3.258747901626253e-07,3.2600382318106264e-07,3.261328459565193e-07,3.2626185847799755e-07,3.2639086073451065e-07,3.265198527150854e-07,3.266488344087528e-07,3.2677780580455827e-07,3.2690676689155514e-07,3.2703571765880896e-07,3.2716465809539596e-07,3.272935881903997e-07,3.274225079329157e-07,3.275514173120484e-07,3.276803163292703e-07,3.2780920496138387e-07,3.2793808319752527e-07,3.2806695102684454e-07,3.2819580843849935e-07,3.283246554216593e-07,3.284534919655034e-07,3.2858231805922093e-07,3.2871113369201074e-07,3.2883993885308046e-07,3.289687335316552e-07,3.2909751771696166e-07,3.2922629139823925e-07,3.293550545647423e-07,3.294838072057291e-07,3.2961254931046826e-07,3.297412808682441e-07,3.298700018683492e-07,3.2999871230008234e-07,3.3012741215275714e-07,3.302561014156942e-07,3.30384780078227e-07,3.305134481296948e-07,3.306421055594529e-07,3.307707523568649e-07,3.308993885112981e-07,3.310280140121385e-07,3.31156628848779e-07,3.312852329967706e-07,3.314138264593302e-07,3.315424092258697e-07,3.3167098128581366e-07,3.317995426285845e-07,3.3192809324361324e-07,3.320566331203171e-07,3.321851622480798e-07,3.323136806184986e-07,3.3244218821984097e-07,3.325706850411274e-07,3.326991710717669e-07,3.3282764630112803e-07,3.3295611071875294e-07,3.3308456431405907e-07,3.332130070776559e-07,3.333414389972619e-07,3.334698600638347e-07,3.335982702667149e-07,3.3372666959551747e-07,3.3385505803969347e-07,3.339834355861926e-07,3.341118022276777e-07,3.3424015795288866e-07,3.343685027618215e-07,3.344968366303894e-07,3.3462515955169817e-07,3.3475347151077023e-07,3.3488177250329376e-07,3.3501006251870645e-07,3.351383415465712e-07,3.352666095760027e-07,3.3539486659670126e-07,3.3552311259836995e-07,3.356513475706982e-07,3.357795715033823e-07,3.359077843860914e-07,3.360359862205326e-07,3.3616417698481765e-07,3.362923566679339e-07,3.364205252529292e-07,3.365486827371718e-07,3.366768291119654e-07,3.3680496437946717e-07,3.3693308850157873e-07,3.3706120148059383e-07,3.3718930332008303e-07,3.3731739398559433e-07,3.374454734794963e-07,3.3757354179167977e-07,3.377015989118289e-07,3.3782964482996876e-07,3.3795767953601546e-07,3.3808570301989427e-07,3.3821371527153826e-07,3.383417162808888e-07,3.3846970604559724e-07,3.385976845398782e-07,3.387256517709291e-07,3.388536077113049e-07,3.389815523594442e-07,3.3910948570606534e-07,3.3923740773827003e-07,3.393653184494281e-07,3.3949321783777874e-07,3.396211058753966e-07,3.397489825698178e-07,3.3987684789818696e-07,3.4000470184879036e-07,3.4013254441693675e-07,3.402603755929685e-07,3.403881953662991e-07,3.405160037308501e-07,3.406438006728347e-07,3.4077158618409164e-07,3.408993602546552e-07,3.4102712287425433e-07,3.411548740317604e-07,3.4128261372072975e-07,3.4141034194067287e-07,3.4153805865863045e-07,3.4166576387517064e-07,3.4179345758555873e-07,3.4192113977013663e-07,3.420488104186849e-07,3.4217646953633476e-07,3.423041171050913e-07,3.4243175311519784e-07,3.425593775579713e-07,3.4268699042363765e-07,3.428145916989941e-07,3.429421813770232e-07,3.430697594462723e-07,3.431973258998825e-07,3.4332488072821064e-07,3.434524239191139e-07,3.4357995546384335e-07,3.43707475352713e-07,3.438349835764284e-07,3.439624801247222e-07,3.440899649902179e-07,3.4421743816934986e-07,3.44344899635508e-07,3.4447234938774755e-07,3.4459978741724046e-07,3.4472721371429896e-07,3.4485462827249767e-07,3.4498203107934774e-07,3.4510942212326475e-07,3.4523680139632563e-07,3.45364168886601e-07,3.454915245886456e-07,3.4561886849554267e-07,3.4574620058817594e-07,3.4587352086529e-07,3.460008293143757e-07,3.4612812593438964e-07,3.4625541070115344e-07,3.4638268361198956e-07,3.465099446570773e-07,3.466371938266154e-07,3.4676443111312103e-07,3.468916565059806e-07,3.4701886999633105e-07,3.471460715738543e-07,3.472732612294677e-07,3.474004389539548e-07,3.475276047379551e-07,3.476547585722225e-07,3.4778190044526216e-07,3.479090303515675e-07,3.480361482800671e-07,3.481632542130153e-07,3.4829034815837594e-07,3.4841743009048725e-07,3.4854450001490523e-07,3.4867155791497547e-07,3.4879860376957757e-07,3.4892563759057915e-07,3.490526593611115e-07,3.491796690713358e-07,3.493066667104789e-07,3.494336522698186e-07,3.4956062574014004e-07,3.4968758711224027e-07,3.498145363806976e-07,3.499414735290841e-07,3.5006839855143187e-07,3.5019531143880794e-07,3.5032221218409685e-07,3.5044910077373107e-07,3.505759772028717e-07,3.507028414589773e-07,3.5082969353563115e-07,3.509565334212065e-07,3.5108336110883707e-07,3.5121017658942644e-07,3.5133697985031114e-07,3.514637708852902e-07,3.5159054968609316e-07,3.517173162426998e-07,3.518440705433835e-07,3.5197081258428876e-07,3.520975423498999e-07,3.522242598450476e-07,3.5235096504524586e-07,3.5247765794702573e-07,3.5260433854141317e-07,3.5273100682142604e-07,3.5285766277494085e-07,3.529843063934687e-07,3.5311093767152743e-07,3.5323755658931294e-07,3.5336416315137505e-07,3.5349075734837895e-07,3.5361733915416195e-07,3.5374390857904425e-07,3.5387046560599217e-07,3.5399701024634744e-07,3.5412354245647975e-07,3.5425006224149634e-07,3.543765695934037e-07,3.545030645225076e-07,3.546295469824571e-07,3.547560169845289e-07,3.5488247452033344e-07,3.5500891957901065e-07,3.5513535215318317e-07,3.5526177223930474e-07,3.553881798164899e-07,3.555145748818041e-07,3.556409574262879e-07,3.557673274420359e-07,3.558936849187165e-07,3.560200298493769e-07,3.5614636223248456e-07,3.562726820440316e-07,3.563989892764756e-07,3.5652528393366866e-07,3.566515659989424e-07,3.567778354654763e-07,3.5690409232667175e-07,3.5703033657070387e-07,3.5715656819089766e-07,3.5728278717600744e-07,3.5740899351883417e-07,3.5753518721380797e-07,3.576613682467425e-07,3.5778753661728107e-07,3.579136923033759e-07,3.5803983530551703e-07,3.5816596561207137e-07,3.58292083218766e-07,3.5841818812160984e-07,3.5854428029819514e-07,3.586703597432938e-07,3.587964264419719e-07,3.589224804070047e-07,3.590485216165897e-07,3.5917455006623257e-07,3.593005657427689e-07,3.5942656864245684e-07,3.595525587526776e-07,3.5967853606845136e-07,3.598045005754401e-07,3.599304522707636e-07,3.600563911444759e-07,3.601823171878938e-07,3.6030823039129255e-07,3.6043413074884076e-07,3.605600182523709e-07,3.606858928910835e-07,3.6081175465537117e-07,3.609376035415444e-07,3.6106343953764576e-07,3.611892626355953e-07,3.613150728285877e-07,3.61440870106638e-07,3.615666544617159e-07,3.616924258856725e-07,3.6181818437037524e-07,3.619439299073027e-07,3.620696624883056e-07,3.6219538210498765e-07,3.6232108874125384e-07,3.6244678240441074e-07,3.625724630804166e-07,3.626981307568721e-07,3.628237854275749e-07,3.629494270842641e-07,3.6307505571910207e-07,3.6320067132301895e-07,3.633262738881901e-07,3.634518634063859e-07,3.6357743986940357e-07,3.637030032690282e-07,3.638285535970186e-07,3.639540908461107e-07,3.640796150066919e-07,3.642051260718282e-07,3.6433062403463864e-07,3.6445610888176525e-07,3.6458158060858096e-07,3.647070392061291e-07,3.6483248465861256e-07,3.6495791697597245e-07,3.650833361392086e-07,3.6520874213519987e-07,3.6533413496687166e-07,3.6545951462195356e-07,3.6558488109118473e-07,3.657102343671921e-07,3.6583557443986155e-07,3.659609013040686e-07,3.660862149494605e-07,3.6621151537432026e-07,3.6633680255724755e-07,3.664620765031833e-07,3.6658733719749206e-07,3.6671258463397683e-07,3.668378188057382e-07,3.6696303969948855e-07,3.670882473158412e-07,3.6721344162933093e-07,3.6733862265928945e-07,3.674637903827478e-07,3.675889447977735e-07,3.6771408588734965e-07,3.678392136465422e-07,3.679643280643901e-07,3.6808942913919817e-07,3.682145168624586e-07,3.6833959122575014e-07,3.6846465221820987e-07,3.685896998333341e-07,3.687147340560244e-07,3.688397548773536e-07,3.68964762316905e-07,3.6908975634762094e-07,3.692147369621076e-07,3.693397041572244e-07,3.694646579162456e-07,3.6958959823375175e-07,3.697145251057166e-07,3.6983943852330194e-07,3.6996433846832883e-07,3.7008922495169646e-07,3.7021409795356054e-07,3.703389574695702e-07,3.7046380349381627e-07,3.7058863601681574e-07,3.7071345503030245e-07,3.70838260527258e-07,3.709630524988389e-07,3.71087830935953e-07,3.71212595835243e-07,3.713373471860305e-07,3.7146208497984545e-07,3.715868092108781e-07,3.717115198729262e-07,3.7183621696337447e-07,3.719609004654186e-07,3.7208557037415056e-07,3.722102266779478e-07,3.723348693634171e-07,3.724594984379872e-07,3.7258411388819357e-07,3.727087157067886e-07,3.728333038852454e-07,3.7295787841532885e-07,3.7308243929211155e-07,3.7320698650547026e-07,3.733315200487235e-07,3.7345603991474263e-07,3.735805460958288e-07,3.7370503858518253e-07,3.7382951737450424e-07,3.7395398245627635e-07,3.7407843382288494e-07,3.7420287146593614e-07,3.743272953712506e-07,3.744517055473437e-07,3.7457610197857124e-07,3.747004846533792e-07,3.748248535725753e-07,3.749492087248659e-07,3.750735501019492e-07,3.751978776967447e-07,3.753221915095843e-07,3.7544649151576897e-07,3.7557077772006205e-07,3.756950501263137e-07,3.7581930870233263e-07,3.7594355345047376e-07,3.760677843782004e-07,3.761920014483291e-07,3.763162046692883e-07,3.764403940338774e-07,3.7656456953516673e-07,3.7668873116566797e-07,3.768128789168054e-07,3.769370127734018e-07,3.7706113274717257e-07,3.7718523882114316e-07,3.7730933098788975e-07,3.774334092302143e-07,3.775574735599895e-07,3.776815239624262e-07,3.77805560426044e-07,3.779295829472879e-07,3.7805359151975363e-07,3.781775861304414e-07,3.7830156677564767e-07,3.7842553344643414e-07,3.78549486138932e-07,3.7867342484441897e-07,3.787973495575685e-07,3.789212602669942e-07,3.7904515695910674e-07,3.7916903964205376e-07,3.7929290830283224e-07,3.794167629332819e-07,3.7954060352802106e-07,3.7966443007671797e-07,3.7978824257502215e-07,3.799120410138908e-07,3.8003582538662803e-07,3.801595956866133e-07,3.8028335190631916e-07,3.8040709404120206e-07,3.8053082207940955e-07,3.8065453601593846e-07,3.807782358441515e-07,3.8090192154765223e-07,3.810255931203556e-07,3.811492505775323e-07,3.81272893901419e-07,3.8139652308107355e-07,3.8152013811010953e-07,3.816437389807244e-07,3.8176732568607725e-07,3.818908982207519e-07,3.8201445657355786e-07,3.821380007446625e-07,3.8226153072205655e-07,3.8238504650012986e-07,3.825085480704116e-07,3.826320354298212e-07,3.827555085680887e-07,3.828789674808131e-07,3.83002412154816e-07,3.83125842584697e-07,3.832492587697329e-07,3.8337266069924374e-07,3.83496048366759e-07,3.8361942176525383e-07,3.8374278088796247e-07,3.8386612572774814e-07,3.839894562778493e-07,3.841127725306945e-07,3.8423607448900594e-07,3.8435936212912424e-07,3.8448263545425095e-07,3.8460589445329686e-07,3.847291391216674e-07,3.8485236945311395e-07,3.849755854396464e-07,3.850987870732136e-07,3.8522197435084096e-07,3.853451472636732e-07,3.854683058053465e-07,3.8559144996894583e-07,3.8571457974759283e-07,3.8583769513452934e-07,3.8596079612253245e-07,3.860838827052983e-07,3.8620695487567116e-07,3.8633001262732275e-07,3.864530559537751e-07,3.8657608484754074e-07,3.86699099303292e-07,3.8682209930746206e-07,3.8694508486524025e-07,3.870680559719274e-07,3.8719101260425544e-07,3.873139547679331e-07,3.874368824506128e-07,3.875597956477768e-07,3.8768269435281576e-07,3.8780557855913627e-07,3.879284482595452e-07,3.880513034479674e-07,3.8817414412194957e-07,3.8829697026664674e-07,3.884197818808434e-07,3.885425789556525e-07,3.886653614856343e-07,3.8878812946724573e-07,3.889108828834473e-07,3.8903362173893713e-07,3.891563460305495e-07,3.8927905573839744e-07,3.8940175086121337e-07,3.895244313961645e-07,3.8964709733039505e-07,3.8976974865943417e-07,3.8989238537892334e-07,3.900150074792392e-07,3.901376149578588e-07,3.9026020780871245e-07,3.9038278601873295e-07,3.905053495902405e-07,3.9062789851000224e-07,3.907504327766319e-07,3.908729523812362e-07,3.909954573172912e-07,3.9111794757878004e-07,3.9124042315742753e-07,3.91362884057823e-07,3.914853302559843e-07,3.916077617537099e-07,3.9173017854456186e-07,3.918525806221532e-07,3.919749679706726e-07,3.9209734060252144e-07,3.9221969850184036e-07,3.9234204166200503e-07,3.924643700759862e-07,3.925866837401315e-07,3.9270898264609194e-07,3.9283126678847856e-07,3.9295353616047695e-07,3.930757907564352e-07,3.931980305698023e-07,3.933202555936621e-07,3.9344246582150264e-07,3.935646612391078e-07,3.936868418564111e-07,3.9380900765941573e-07,3.9393115864185864e-07,3.9405329479565457e-07,3.941754161179596e-07,3.942975226010486e-07,3.944196142391361e-07,3.94541691027123e-07,3.94663752955e-07,3.947858000186096e-07,3.949078322122365e-07,3.950298495291586e-07,3.9515185196397827e-07,3.952738395206903e-07,3.953958121710216e-07,3.955177699194365e-07,3.956397127604253e-07,3.9576164069097995e-07,3.9588355369849407e-07,3.960054517790793e-07,3.96127334928823e-07,3.9624920314103076e-07,3.9637105640802674e-07,3.9649289472493367e-07,3.966147180861775e-07,3.967365264846968e-07,3.968583199153386e-07,3.9698009837071745e-07,3.971018618454245e-07,3.972236103333849e-07,3.9734534382912947e-07,3.9746706232736633e-07,3.9758876581886087e-07,3.977104542989984e-07,3.9783212777207005e-07,3.979537862226304e-07,3.98075429634233e-07,3.981970580310976e-07,3.983186713664303e-07,3.9844026965547844e-07,3.985618528936662e-07,3.9868342107029377e-07,3.9880497418249996e-07,3.989265122243465e-07,3.9904803519262846e-07,3.991695430923436e-07,3.992910359033535e-07,3.9941251360307926e-07,3.9953397620155525e-07,3.996554236937111e-07,3.9977685607523005e-07,3.998982733382542e-07,4.000196754764682e-07,4.0014106248505524e-07,4.0026243435812685e-07,4.003837910781496e-07,4.005051326605394e-07,4.0062645908833106e-07,4.007477703591272e-07,4.008690664640161e-07,4.0099034740125796e-07,4.0111161316176095e-07,4.012328637365313e-07,4.0135409912142564e-07,4.014753193127658e-07,4.015965243052752e-07,4.017177140921177e-07,4.018388886601963e-07,4.019600480172357e-07,4.0208119215090553e-07,4.02202321056344e-07,4.023234347271555e-07,4.024445331594118e-07,4.025656163433055e-07,4.0268668427542685e-07,4.0280773694910347e-07,4.0292877436105184e-07,4.0304979650402907e-07,4.031708033722855e-07,4.032917949598525e-07,4.0341277126526243e-07,4.035337322749589e-07,4.0365467798365684e-07,4.0377560839369846e-07,4.0389652349024657e-07,4.0401742327740266e-07,4.041383077435643e-07,4.042591768838384e-07,4.043800306929358e-07,4.045008691595292e-07,4.0462169228556083e-07,4.0474250006313776e-07,4.0486329248474e-07,4.049840695485722e-07,4.0510483125068766e-07,4.0522557758334284e-07,4.0534630853798087e-07,4.0546702411125814e-07,4.0558772429709323e-07,4.0570840908984595e-07,4.0582907848301595e-07,4.0594973247427253e-07,4.060703710589163e-07,4.061909942272727e-07,4.063116019626214e-07,4.064321942825071e-07,4.065527711699635e-07,4.066733326141773e-07,4.067938786206852e-07,4.069144091803311e-07,4.070349242892271e-07,4.071554239439844e-07,4.0727590812547624e-07,4.073963768476374e-07,4.075168300905772e-07,4.0763726785291475e-07,4.0775769013315377e-07,4.0787809691890295e-07,4.079984882059326e-07,4.081188639827105e-07,4.082392242513793e-07,4.0835956900652656e-07,4.0847989824276606e-07,4.086002119547051e-07,4.087205101369658e-07,4.088407927841708e-07,4.0896105989095865e-07,4.0908131145198064e-07,4.092015474618884e-07,4.093217679153495e-07,4.094419728070837e-07,4.0956216213180984e-07,4.0968233588427545e-07,4.0980249405935136e-07,4.099226366520978e-07,4.1004276365409536e-07,4.1016287506539297e-07,4.1028297087424247e-07,4.104030510769746e-07,4.1052311566993495e-07,4.1064316464784327e-07,4.1076319800542505e-07,4.1088321573741275e-07,4.110032178385463e-07,4.111232043035714e-07,4.1124317512724097e-07,4.1136313030431456e-07,4.1148306982955807e-07,4.1160299369822706e-07,4.1172290190965433e-07,4.1184279444853945e-07,4.119626713147064e-07,4.120825325027979e-07,4.1220237800621785e-07,4.1232220782327615e-07,4.124420219462109e-07,4.1256182037325605e-07,4.1268160309622337e-07,4.1280137011034095e-07,4.129211214081665e-07,4.130408569868573e-07,4.1316057684123485e-07,4.1328028096614655e-07,4.133999693564519e-07,4.13519642007017e-07,4.136392989127197e-07,4.137589400684468e-07,4.138785654690922e-07,4.1399817510955834e-07,4.1411776898475405e-07,4.1423734708959607e-07,4.1435690941900737e-07,4.1447645596471615e-07,4.145959867248e-07,4.1471550169420256e-07,4.1483500086787324e-07,4.149544842407674e-07,4.150739518078486e-07,4.1519340356408467e-07,4.1531283950445445e-07,4.1543225962393786e-07,4.1555166391752465e-07,4.1567105238021093e-07,4.157904250069999e-07,4.159097817929002e-07,4.160291227407178e-07,4.1614844783779484e-07,4.162677570791623e-07,4.163870504598584e-07,4.1650632797492717e-07,4.16625589619419e-07,4.1674483538839195e-07,4.1686406527197864e-07,4.1698327927016375e-07,4.17102477378024e-07,4.17221659590642e-07,4.173408259023576e-07,4.1745997629511766e-07,4.1757911079438314e-07,4.1769822937883016e-07,4.178173320435781e-07,4.179364187837522e-07,4.180554895944877e-07,4.181745444709243e-07,4.182935834082132e-07,4.184126064015093e-07,4.1853161344597773e-07,4.186506045367935e-07,4.1876957966914003e-07,4.1888853883821603e-07,4.1900748203923093e-07,4.1912640926405576e-07,4.1924532051340606e-07,4.193642157786476e-07,4.194830950562967e-07,4.1960195833329617e-07,4.19720805622975e-07,4.198396369114691e-07,4.199584521930546e-07,4.2007725146290024e-07,4.201960347076724e-07,4.2031480193934507e-07,4.20433553145527e-07,4.205522883214499e-07,4.2067100746471925e-07,4.2078971056800606e-07,4.2090839762662183e-07,4.210270686358851e-07,4.211457235911108e-07,4.2126436248761325e-07,4.2138298532071453e-07,4.215015920857366e-07,4.216201827780069e-07,4.2173875739285966e-07,4.2185731592567037e-07,4.2197585837194454e-07,4.2209438472528124e-07,4.2221289498262766e-07,4.2233138913934095e-07,4.22449867190785e-07,4.225683291323295e-07,4.2268677495935045e-07,4.228052046680097e-07,4.2292361825321237e-07,4.230420157105939e-07,4.231603970363222e-07,4.2327876222104476e-07,4.2339711126362894e-07,4.235154441594949e-07,4.2363376090406857e-07,4.2375206149278236e-07,4.238703459210747e-07,4.239886141843907e-07,4.2410686627818094e-07,4.242251021979035e-07,4.243433219390208e-07,4.244615254970031e-07,4.24579712867326e-07,4.246978840454716e-07,4.248160390269284e-07,4.2493417780719026e-07,4.2505230038175843e-07,4.251704067461392e-07,4.2528849689584604e-07,4.254065708263975e-07,4.25524628533319e-07,4.2564267001214215e-07,4.257606952584043e-07,4.258787042676494e-07,4.259966970354274e-07,4.261146735572937e-07,4.2623263382943975e-07,4.263505778468166e-07,4.264685056049995e-07,4.2658641709956945e-07,4.2670431232611335e-07,4.268221912802251e-07,4.2694005395750374e-07,4.270579003535548e-07,4.2717573046398396e-07,4.27293544284415e-07,4.274113418104786e-07,4.2752912303779626e-07,4.2764688796200785e-07,4.277646365787502e-07,4.2788236888362626e-07,4.280000848723919e-07,4.2811778454065494e-07,4.2823546788408216e-07,4.283531348983462e-07,4.284707855791253e-07,4.2858841992205586e-07,4.2870603792292377e-07,4.288236395773825e-07,4.289412248810826e-07,4.2905879382982724e-07,4.2917634641929197e-07,4.292938826451928e-07,4.294114025032569e-07,4.295289059892171e-07,4.296463930988132e-07,4.2976386382778994e-07,4.298813181718988e-07,4.299987561268805e-07,4.301161776885312e-07,4.30233582852604e-07,4.303509716148737e-07,4.3046834397112194e-07,4.3058569991713616e-07,4.3070303944870895e-07,4.3082036256164005e-07,4.309376692517347e-07,4.310549595148039e-07,4.3117223334666503e-07,4.3128949074314096e-07,4.314067317000611e-07,4.3152395621326113e-07,4.3164116427858104e-07,4.317583558918677e-07,4.318755310489749e-07,4.319926897457609e-07,4.3210983197809096e-07,4.322269577418356e-07,4.3234406703287155e-07,4.324611598470817e-07,4.3257823618035394e-07,4.326952960285835e-07,4.3281233938767045e-07,4.329293662535206e-07,4.3304637662189245e-07,4.3316337048886326e-07,4.3328034785035677e-07,4.3339730870230284e-07,4.335142530406375e-07,4.3363118086130184e-07,4.337480921602437e-07,4.338649869334161e-07,4.339818651767788e-07,4.340987268862963e-07,4.342155720579401e-07,4.3433240068768654e-07,4.3444921277129367e-07,4.345660083049776e-07,4.3468278728473285e-07,4.347995497065597e-07,4.349162955664649e-07,4.3503302486046e-07,4.351497375845633e-07,4.352664337465524e-07,4.35383113318688e-07,4.354997763090623e-07,4.3561642272689707e-07,4.357330525422772e-07,4.3584966576387827e-07,4.3596626238780064e-07,4.360828424101317e-07,4.3619940582615916e-07,4.363159526385439e-07,4.3643248283262317e-07,4.365489964095849e-07,4.3666549336559685e-07,4.3678197369758667e-07,4.3689843738951334e-07,4.3701488445896263e-07,4.371313148926818e-07,4.3724772868455037e-07,4.373641258319614e-07,4.374805063310432e-07,4.375968701779441e-07,4.377132173686135e-07,4.3782954790030554e-07,4.379458617703989e-07,4.380621589705697e-07,4.3817843949850904e-07,4.3829470335154546e-07,4.384109505255322e-07,4.3852718101665525e-07,4.3864339482118684e-07,4.3875959193515994e-07,4.388757723548582e-07,4.3899193607649017e-07,4.391080830962691e-07,4.3922421341041454e-07,4.3934032701515144e-07,4.394564239067103e-07,4.395725040811713e-07,4.396885675350365e-07,4.3980461426455053e-07,4.399206442600361e-07,4.40036657530897e-07,4.401526540633104e-07,4.402686338563231e-07,4.403845969062111e-07,4.405005432112121e-07,4.406164727672276e-07,4.407323855661791e-07,4.408482816077168e-07,4.4096416088761266e-07,4.410800234021757e-07,4.411958691478113e-07,4.413116981207364e-07,4.414275103166672e-07,4.4154330573254574e-07,4.4165908436470953e-07,4.417748462095014e-07,4.4189059126327083e-07,4.4200631952237196e-07,4.4212203098286945e-07,4.4223772564143637e-07,4.423534034944447e-07,4.424690645382745e-07,4.4258470876931785e-07,4.4270033618468194e-07,4.428159467798651e-07,4.4293154055140753e-07,4.4304711749571334e-07,4.4316267761308443e-07,4.4327822090633487e-07,4.433937473493049e-07,4.435092569507148e-07,4.436247497118183e-07,4.437402256193841e-07,4.438556846721151e-07,4.439711268678298e-07,4.4408655220760903e-07,4.4420196067893977e-07,4.443173522904219e-07,4.444327270308443e-07,4.445480849015459e-07,4.4466342589553357e-07,4.44778750009359e-07,4.4489405723951255e-07,4.4500934758255247e-07,4.4512462103502893e-07,4.45239877593497e-07,4.453551172546163e-07,4.454703400063725e-07,4.4558554585320194e-07,4.457007347910988e-07,4.45815906817675e-07,4.459310619295002e-07,4.4604620012144174e-07,4.46161321391904e-07,4.4627642573683677e-07,4.4639151315285424e-07,4.4650658363663106e-07,4.4662163718491944e-07,4.467366737909613e-07,4.468516934533301e-07,4.46966696174065e-07,4.470816819407047e-07,4.4719665075815707e-07,4.473116026180841e-07,4.4742653751447454e-07,4.4754145545118844e-07,4.4765635642139576e-07,4.4777124042192537e-07,4.4788610744948305e-07,4.480009575000869e-07,4.481157905706866e-07,4.4823060665786954e-07,4.483454057584991e-07,4.4846018786867826e-07,4.485749529857687e-07,4.4868970110765604e-07,4.488044322294753e-07,4.4891914634791174e-07,4.4903384345822535e-07,4.4914852355887987e-07,4.4926318664648943e-07,4.493778327136641e-07,4.4949246176732944e-07,4.496070737964069e-07,4.4972166879974463e-07,4.4983624676936717e-07,4.499508077090477e-07,4.5006535161262995e-07,4.5017987848100487e-07,4.502943883043913e-07,4.5040888108497624e-07,4.5052335683013425e-07,4.5063781550400994e-07,4.507522571220866e-07,4.508666816837191e-07,4.5098108917983135e-07,4.5109547960772387e-07,4.5120985296682455e-07,4.513242092572924e-07,4.514385484745903e-07,4.5155287061216164e-07,4.516671756683926e-07,4.5178146364312316e-07,4.5189573453137447e-07,4.5200998832738707e-07,4.521242250289215e-07,4.5223844463114516e-07,4.5235264713268656e-07,4.5246683253134273e-07,4.5258100082558255e-07,4.52695152007439e-07,4.5280928607608515e-07,4.5292340302931715e-07,4.530375028640429e-07,4.5315158557797143e-07,4.532656511629458e-07,4.533796996193294e-07,4.5349373094400715e-07,4.5360774513432267e-07,4.5372174218751937e-07,4.5383572209978777e-07,4.5394968486772075e-07,4.540636304904379e-07,4.541775589610327e-07,4.54291470284303e-07,4.544053644482399e-07,4.545192414322642e-07,4.546331012701836e-07,4.547469439525621e-07,4.548607694696269e-07,4.5497457780369565e-07,4.5508836896380257e-07,4.552021429452891e-07,4.553158997286943e-07,4.554296393447769e-07,4.555433617741889e-07,4.556570670139206e-07,4.557707550609685e-07,4.558844259123331e-07,4.559980795662164e-07,4.5611171601834986e-07,4.562253352657389e-07,4.563389373060481e-07,4.5645252213576517e-07,4.565660897554795e-07,4.5667964012859236e-07,4.5679317330360437e-07,4.569066892640173e-07,4.5702018799649635e-07,4.571336694948788e-07,4.572471337704465e-07,4.5736058081182173e-07,4.5747401061366464e-07,4.57587423175181e-07,4.5770081849407117e-07,4.5781419656610973e-07,4.579275573880986e-07,4.5804090096316664e-07,4.5815422728082577e-07,4.5826753634103145e-07,4.583808281408976e-07,4.5849410267754327e-07,4.5860735994656943e-07,4.587205999466862e-07,4.588338226749593e-07,4.589470281285285e-07,4.5906021630453537e-07,4.591733872001063e-07,4.5928654081238017e-07,4.5939967713997875e-07,4.5951279617883094e-07,4.596258979249358e-07,4.597389823778249e-07,4.5985204953336246e-07,4.599650993914906e-07,4.6007813194336846e-07,4.60191147197292e-07,4.603041451341492e-07,4.6041712575962554e-07,4.605300890686482e-07,4.606430350568486e-07,4.607559637252351e-07,4.608688750710303e-07,4.609817690914707e-07,4.6109464578377237e-07,4.6120750514518715e-07,4.613203471921306e-07,4.6143317188918606e-07,4.615459792480366e-07,4.616587692650669e-07,4.6177154193763706e-07,4.618842972625709e-07,4.6199703523713696e-07,4.6210975585946444e-07,4.6222245911706296e-07,4.623351450257992e-07,4.6244781357373604e-07,4.6256046475712206e-07,4.6267309858154843e-07,4.6278571503052045e-07,4.628983141080351e-07,4.6301089581099e-07,4.631234601368392e-07,4.6323600708297564e-07,4.633485366467304e-07,4.634610488251518e-07,4.6357354360427855e-07,4.6368602100495986e-07,4.6379848101258723e-07,4.639109236282197e-07,4.640233488413298e-07,4.641357566540287e-07,4.6424814706336605e-07,4.6436052006633035e-07,4.6447287565200147e-07,4.6458521383370457e-07,4.646975346024484e-07,4.648098379546113e-07,4.649221238890528e-07,4.650343924002406e-07,4.651466434865754e-07,4.6525887714693176e-07,4.653710933805162e-07,4.654832921785508e-07,4.655954735362002e-07,4.6570763746422415e-07,4.658197839512011e-07,4.65931912994065e-07,4.6604402459476324e-07,4.6615611874593775e-07,4.662681954488506e-07,4.663802546967645e-07,4.664922964915073e-07,4.666043208274294e-07,4.667163277034688e-07,4.66828317115897e-07,4.6694028906311006e-07,4.6705224354259874e-07,4.6716418055056096e-07,4.6727610008651814e-07,4.6738800214836164e-07,4.6749988673274537e-07,4.676117538366985e-07,4.6772360345798595e-07,4.67835435594131e-07,4.679472502426634e-07,4.6805904740114105e-07,4.681708270691303e-07,4.682825892406759e-07,4.683943338988562e-07,4.685060610677525e-07,4.6861777073620936e-07,4.6872946290553783e-07,4.688411375651154e-07,4.689527947109391e-07,4.690644343495088e-07,4.6917605647245874e-07,4.692876610835568e-07,4.6939924817043365e-07,4.6951081773579134e-07,4.6962236977552866e-07,4.697339042910369e-07,4.698454212782261e-07,4.6995692073474264e-07,4.7006840265572346e-07,4.7017986705261116e-07,4.7029131390138426e-07,4.7040274321036045e-07,4.705141549740251e-07,4.706255491912487e-07,4.707369258611515e-07,4.7084828497989105e-07,4.709596265467218e-07,4.7107095055773313e-07,4.7118225701180435e-07,4.7129354590441025e-07,4.7140481723653115e-07,4.715160710042751e-07,4.716273072079985e-07,4.717385258398937e-07,4.718497269018278e-07,4.719609103903187e-07,4.720720763030682e-07,4.721832246382274e-07,4.722943553974006e-07,4.7240546856959276e-07,4.725165641625729e-07,4.7262764216213125e-07,4.7273870257086266e-07,4.728497453879067e-07,4.7296077062593163e-07,4.730717782522461e-07,4.7318276828290396e-07,4.7329374071048873e-07,4.734046955369505e-07,4.7351563275774933e-07,4.736265523709078e-07,4.7373745437485346e-07,4.738483387672808e-07,4.7395920554516493e-07,4.740700547055588e-07,4.741808862473697e-07,4.742917001683893e-07,4.7440249646641574e-07,4.7451327513925545e-07,4.746240361847206e-07,4.7473477960081147e-07,4.748455053849457e-07,4.749562135348078e-07,4.7506690404672046e-07,4.751775769225836e-07,4.7528823215576143e-07,4.7539886974226827e-07,4.755094896903562e-07,4.756200919917953e-07,4.757306766442811e-07,4.7584124364562483e-07,4.759517929957846e-07,4.760623246796874e-07,4.7617283870717386e-07,4.7628333508044156e-07,4.7639381379340163e-07,4.76504274843534e-07,4.7661471822756206e-07,4.7672514394366847e-07,4.7683555199068723e-07,4.769459423653533e-07,4.77056315065581e-07,4.771666700889766e-07,4.772770074337832e-07,4.773873270979518e-07,4.774976290793951e-07,4.77607913375919e-07,4.777181799855e-07,4.778284289060885e-07,4.779386601356376e-07,4.780488736720937e-07,4.781590695134138e-07,4.782692476574715e-07,4.783794081022882e-07,4.784895508458286e-07,4.785996758860634e-07,4.787097832209629e-07,4.788198728485055e-07,4.78929944766676e-07,4.790399989734593e-07,4.791500354657097e-07,4.792600542425555e-07,4.793700552993479e-07,4.794800386394141e-07,4.795900042581241e-07,4.796999521535014e-07,4.798098823235527e-07,4.799197947663034e-07,4.800296894797778e-07,4.801395664619269e-07,4.802494257107659e-07,4.803592672243221e-07,4.804690910006011e-07,4.805788970379515e-07,4.806886853342003e-07,4.807984558873846e-07,4.809082086954434e-07,4.810179437535958e-07,4.811276610681768e-07,4.812373606261509e-07,4.813470424211442e-07,4.814567064788955e-07,4.81566352772519e-07,4.816759813183384e-07,4.817855920980907e-07,4.818951851146892e-07,4.820047603679919e-07,4.821143178555657e-07,4.822238575723658e-07,4.82333379519318e-07,4.824428836957169e-07,4.82552370100422e-07,4.826618387285625e-07,4.827712895789357e-07,4.828807226529944e-07,4.82990137942475e-07,4.830995354489675e-07,4.832089151703858e-07,4.833182771062104e-07,4.834276212644168e-07,4.835369476203775e-07,4.83646256180427e-07,4.837555469510034e-07,4.838648199290557e-07,4.839740751066415e-07,4.840833124848034e-07,4.841925320610633e-07,4.843017338374734e-07,4.844109178065042e-07,4.845200839691209e-07,4.846292323395194e-07,4.847383628898346e-07,4.848474756208474e-07,4.849565705387076e-07,4.850656476412576e-07,4.851747069251229e-07,4.852837483930209e-07,4.85392772039574e-07,4.855017778593814e-07,4.856107658683105e-07,4.857197360401059e-07,4.858286883826912e-07,4.859376228965117e-07,4.86046539578979e-07,4.861554384278008e-07,4.862643194423801e-07,4.863731826199475e-07,4.864820279580496e-07,4.865908554509097e-07,4.866996651083702e-07,4.868084569211325e-07,4.86917230888709e-07,4.870259870093944e-07,4.871347252842879e-07,4.872434457276803e-07,4.873521483000449e-07,4.874608330178284e-07,4.875694998820237e-07,4.876781488876663e-07,4.877867800391163e-07,4.87895393325857e-07,4.880039887493585e-07,4.881125663119936e-07,4.882211260125212e-07,4.883296678565505e-07,4.884381918110108e-07,4.885466979028663e-07,4.886551861187233e-07,4.887636564645255e-07,4.888721089322834e-07,4.889805435241766e-07,4.89088960237241e-07,4.891973590699569e-07,4.893057400210498e-07,4.89414103088647e-07,4.895224482714684e-07,4.896307755677197e-07,4.897390849762524e-07,4.898473764946272e-07,4.899556501221271e-07,4.900639058566153e-07,4.901721436963442e-07,4.902803636399844e-07,4.903885656859565e-07,4.904967498326831e-07,4.906049160785811e-07,4.907130644220909e-07,4.908211948616511e-07,4.909293073953437e-07,4.910374020217416e-07,4.911454787404365e-07,4.912535375481038e-07,4.913615784449383e-07,4.914696014274594e-07,4.9157760649538e-07,4.916855936471093e-07,4.917935628810856e-07,4.919015141957736e-07,4.920094475896446e-07,4.921173630611823e-07,4.922252606088696e-07,4.923331402311995e-07,4.924410019266691e-07,4.925488456937793e-07,4.926566715310364e-07,4.927644794369514e-07,4.928722694100373e-07,4.929800414488136e-07,4.930877955518023e-07,4.931955317195491e-07,4.933032499485632e-07,4.934109502345642e-07,4.935186325800018e-07,4.936262969797858e-07,4.93733943433797e-07,4.938415719486798e-07,4.939491825110451e-07,4.940567751261788e-07,4.941643498120635e-07,4.94271906526933e-07,4.943794452878915e-07,4.944869660939719e-07,4.945944689432494e-07,4.947019538228674e-07,4.948094207581781e-07,4.949168697289844e-07,4.950243007361548e-07,4.951317138006241e-07,4.952391088836965e-07,4.953464859984939e-07,4.954538451487969e-07,4.955611863301981e-07,4.956685095439048e-07,4.957758147841917e-07,4.958831020517766e-07,4.959903713445794e-07,4.960976226622766e-07,4.962048560072122e-07,4.963120713694394e-07,4.964192687486139e-07,4.965264481519662e-07,4.966336095709454e-07,4.967407530056435e-07,4.968478784575786e-07,4.969549859229163e-07,4.970620753847529e-07,4.971691468735098e-07,4.97276200364299e-07,4.973832358697666e-07,4.974902533802384e-07,4.975972528964675e-07,4.977042344171402e-07,4.978111979409475e-07,4.979181434665837e-07,4.980250709927478e-07,4.981319805181432e-07,4.982388720414769e-07,4.983457455614601e-07,4.984526010768088e-07,4.985594385862424e-07,4.986662580884843e-07,4.987730595822627e-07,4.988798430663086e-07,4.989866085393581e-07,4.99093356000151e-07,4.992000854500929e-07,4.993067968852851e-07,4.994134903047512e-07,4.995201657071108e-07,4.996268230907597e-07,4.99733462454503e-07,4.998400837972984e-07,4.999466871179177e-07,5.000532724151916e-07,5.001598396878437e-07,5.002663889346565e-07,5.003729201544167e-07,5.004794333459715e-07,5.005859285096404e-07,5.00692405641088e-07,5.007988647405547e-07,5.009053058069558e-07,5.010117288398405e-07,5.011181338425527e-07,5.012245208090039e-07,5.013308897368002e-07,5.014372406257156e-07,5.015435734739238e-07,5.016498882805736e-07,5.017561850544064e-07,5.018624637762678e-07,5.019687244533245e-07,5.020749670782836e-07,5.021811916561263e-07,5.022873981857419e-07,5.023935866658434e-07,5.024997570958007e-07,5.026059094728841e-07,5.027120437880766e-07,5.028181600587128e-07,5.029242582741869e-07,5.030303384339872e-07,5.031364005352151e-07,5.032424445788385e-07,5.033484705633926e-07,5.034544784870004e-07,5.03560468349096e-07,5.036664401323543e-07,5.037723938629464e-07,5.038783295187108e-07,5.039842471329684e-07,5.040901466588329e-07,5.041960281103461e-07,5.043018915055467e-07,5.044077368341339e-07,5.045135641004835e-07,5.046193732852223e-07,5.04725164397354e-07,5.048309374361219e-07,5.049366923972787e-07,5.050424292819325e-07,5.051481480885833e-07,5.052538488174641e-07,5.053595314757435e-07,5.054651960443928e-07,5.055708425315015e-07,5.056764709228165e-07,5.057820812426102e-07,5.058876734754475e-07,5.059932476222465e-07,5.060988036819234e-07,5.062043416535109e-07,5.063098615364724e-07,5.064153633291754e-07,5.065208470310169e-07,5.066263126407518e-07,5.067317601573865e-07,5.06837189579932e-07,5.069426009074017e-07,5.070479941388142e-07,5.071533692731895e-07,5.072587263095534e-07,5.073640652469331e-07,5.074693860843612e-07,5.075746888208732e-07,5.076799734555074e-07,5.077852399873072e-07,5.078904884153188e-07,5.079957187385922e-07,5.081009309561797e-07,5.082061250671392e-07,5.083113010705313e-07,5.084164589654187e-07,5.085215987508699e-07,5.086267204259562e-07,5.087318239897521e-07,5.088369094413358e-07,5.08941976779789e-07,5.090470260041972e-07,5.091520571136491e-07,5.092570701072374e-07,5.093620649840577e-07,5.094670417432108e-07,5.095720003837982e-07,5.096769409049271e-07,5.097818633057082e-07,5.098867675852544e-07,5.099916537426838e-07,5.100965217771173e-07,5.102013716869439e-07,5.103062034720596e-07,5.104110171314631e-07,5.105158126643745e-07,5.106205900699315e-07,5.107253493472756e-07,5.108300904955505e-07,5.109348135122377e-07,5.11039518399893e-07,5.111442051547918e-07,5.112488737781663e-07,5.113535242684831e-07,5.11458156625015e-07,5.115627708532731e-07,5.116673669384017e-07,5.117719448875784e-07,5.118765046984231e-07,5.119810463705174e-07,5.120855699045426e-07,5.121900752986806e-07,5.122945625564585e-07,5.123990316684889e-07,5.125034826363672e-07,5.126079154629355e-07,5.127123301457416e-07,5.128167266867704e-07,5.129211050835729e-07,5.130254653292349e-07,5.131298074194522e-07,5.132341313706336e-07,5.13338437190026e-07,5.134427248414142e-07,5.135469943427355e-07,5.136512456932285e-07,5.137554788951146e-07,5.138596939445799e-07,5.139638908417087e-07,5.140680695843936e-07,5.141722301726706e-07,5.142763725948828e-07,5.143804968698231e-07,5.144846029899734e-07,5.145886909541113e-07,5.146927607616506e-07,5.147968124066316e-07,5.149008458895853e-07,5.150048612133357e-07,5.151088583771303e-07,5.152128373719267e-07,5.153167982028638e-07,5.154207408717793e-07,5.155246653838728e-07,5.1562857172979e-07,5.157324599102607e-07,5.158363299246337e-07,5.159401817722217e-07,5.160440154523387e-07,5.161478309643032e-07,5.162516283074363e-07,5.163554074817104e-07,5.164591684857506e-07,5.165629113150296e-07,5.166666359721988e-07,5.167703424513941e-07,5.168740307567121e-07,5.169777009187912e-07,5.170813529067695e-07,5.171849867199982e-07,5.172886023381096e-07,5.173921997805837e-07,5.174957790474845e-07,5.175993401414203e-07,5.177028830560631e-07,5.178064077890169e-07,5.179099143436799e-07,5.180134027153794e-07,5.181168729093246e-07,5.18220324920773e-07,5.183237587499075e-07,5.184271743973048e-07,5.185305718617517e-07,5.1863395114233e-07,5.187373122387838e-07,5.188406551505176e-07,5.189439798769385e-07,5.190472864174574e-07,5.191505747714882e-07,5.192538449384474e-07,5.193570969177562e-07,5.194603307088381e-07,5.195635463184894e-07,5.196667437378935e-07,5.19769922966595e-07,5.198730840041572e-07,5.199762268500797e-07,5.200793515038968e-07,5.201824579605254e-07,5.202855462251941e-07,5.20388616296473e-07,5.204916681742621e-07,5.205947018574454e-07,5.206977173457154e-07,5.208007146388276e-07,5.209036937359692e-07,5.210066546364626e-07,5.211095973398917e-07,5.212125218458469e-07,5.213154281538447e-07,5.214183162632689e-07,5.215211861736319e-07,5.216240378843839e-07,5.217268713950495e-07,5.218296867051193e-07,5.219324838140946e-07,5.220352627214807e-07,5.221380234267859e-07,5.222407659295207e-07,5.223434902291986e-07,5.224461963253367e-07,5.225488842174549e-07,5.226515539050764e-07,5.227542053876762e-07,5.228568386647599e-07,5.229594537361844e-07,5.230620506012259e-07,5.231646292594101e-07,5.232671897109355e-07,5.233697319540417e-07,5.234722559885506e-07,5.235747618145601e-07,5.236772494290767e-07,5.237797188288452e-07,5.238821700233725e-07,5.23984603010587e-07,5.240870177869799e-07,5.24189414351922e-07,5.242917927049236e-07,5.24394152845857e-07,5.24496494774292e-07,5.24598818489804e-07,5.24701123990815e-07,5.248034112780182e-07,5.249056803510127e-07,5.250079312109156e-07,5.251101638558191e-07,5.252123782853261e-07,5.2531457449904e-07,5.254167524965689e-07,5.255189122775232e-07,5.256210538415169e-07,5.257231771881674e-07,5.258252823170938e-07,5.259273692279197e-07,5.260294379202711e-07,5.261314883937776e-07,5.262335206480708e-07,5.263355346827864e-07,5.264375304975629e-07,5.265395080920423e-07,5.266414674658686e-07,5.267434086186898e-07,5.268453315501561e-07,5.269472362599221e-07,5.270491227476441e-07,5.271509910129819e-07,5.272528410555994e-07,5.273546728751615e-07,5.27456486471338e-07,5.275582818438005e-07,5.276600589922243e-07,5.277618179162877e-07,5.278635586156718e-07,5.279652810900611e-07,5.280669853390538e-07,5.281686713624325e-07,5.28270339159949e-07,5.283719887311958e-07,5.284736200759274e-07,5.285752331938332e-07,5.286768280846182e-07,5.287784047454135e-07,5.288799631782546e-07,5.289815033827953e-07,5.290830253587092e-07,5.29184529105639e-07,5.292860146231874e-07,5.293874819109499e-07,5.294889309684054e-07,5.29590361794905e-07,5.296917743895484e-07,5.297931687588825e-07,5.298945448970346e-07,5.299959028053054e-07,5.300972424816873e-07,5.301985639277818e-07,5.302998671371603e-07,5.304011521171901e-07,5.305024188667244e-07,5.306036673850918e-07,5.307048976718042e-07,5.308061097264753e-07,5.309073035487468e-07,5.310084791383022e-07,5.31109636494889e-07,5.312107756182262e-07,5.313118965080594e-07,5.314129991641421e-07,5.315140835862451e-07,5.3161514977413e-07,5.317161977275823e-07,5.31817227446384e-07,5.31918238930329e-07,5.320192321792031e-07,5.321202071928112e-07,5.322211639709516e-07,5.32322102513431e-07,5.324230228200592e-07,5.325239248906463e-07,5.326248087250129e-07,5.327256743229756e-07,5.328265216843585e-07,5.329273508089877e-07,5.330281616966952e-07,5.331289543473117e-07,5.332297287606744e-07,5.333304849366215e-07,5.334312228749969e-07,5.335319425756454e-07,5.33632644038415e-07,5.337333272622748e-07,5.33833992247934e-07,5.339346389952499e-07,5.340352675040809e-07,5.341358777742896e-07,5.342364698057392e-07,5.343370435982956e-07,5.344375991365043e-07,5.345381364300014e-07,5.346386554937269e-07,5.347391563177979e-07,5.3483963891393e-07,5.34940103270372e-07,5.350405493869727e-07,5.351409772635416e-07,5.352413869030789e-07,5.353417783024776e-07,5.354421514605314e-07,5.355425063785277e-07,5.356428430563493e-07,5.357431614938937e-07,5.358434616910619e-07,5.359437436477664e-07,5.360440073634306e-07,5.361442528382434e-07,5.362444800717105e-07,5.363446890543194e-07,5.364448798074788e-07,5.365450523192642e-07,5.366452065899736e-07,5.367453426195436e-07,5.368454604079131e-07,5.369455599550228e-07,5.370456412608138e-07,5.371457043252273e-07,5.37245749148201e-07,5.373457757296664e-07,5.374457840799678e-07,5.375457741791461e-07,5.376457460351182e-07,5.377456996504499e-07,5.378456350237541e-07,5.37945552156726e-07,5.380454510471524e-07,5.38145331694275e-07,5.382451941011466e-07,5.383450382644003e-07,5.384448641880493e-07,5.385446718699755e-07,5.386444613095553e-07,5.387442325075048e-07,5.388439854640242e-07,5.389437201787638e-07,5.390434366524654e-07,5.391431348834151e-07,5.392428148728263e-07,5.393424766220746e-07,5.394421201281457e-07,5.395417453941026e-07,5.396413524167435e-07,5.397409411977681e-07,5.398405117371843e-07,5.399400640350103e-07,5.400395980912702e-07,5.401391139059921e-07,5.402386114837243e-07,5.403380908157044e-07,5.404375519044925e-07,5.405369947528903e-07,5.406364193604498e-07,5.407358257265752e-07,5.408352138513023e-07,5.409345837346575e-07,5.410339353780144e-07,5.411332687820063e-07,5.412325839425574e-07,5.413318808628642e-07,5.414311595415685e-07,5.415304199787327e-07,5.416296621767951e-07,5.417288861340672e-07,5.418280918643757e-07,5.419272793540362e-07,5.420264486031267e-07,5.421255996117458e-07,5.42224732366118e-07,5.423238468824111e-07,5.42422943158635e-07,5.425220211948887e-07,5.426210809912751e-07,5.427201225478999e-07,5.428191458648697e-07,5.429181509422947e-07,5.430171377802873e-07,5.431161063789635e-07,5.432150567384427e-07,5.433139888588441e-07,5.434129027402912e-07,5.435117983829087e-07,5.436106757868264e-07,5.437095349521753e-07,5.438083758790888e-07,5.439071985677039e-07,5.44006003018158e-07,5.441047892305939e-07,5.442035572051553e-07,5.443023069419895e-07,5.444010384412451e-07,5.444997517030742e-07,5.445984467276321e-07,5.446971235150762e-07,5.447957820655658e-07,5.448944223779049e-07,5.449930444536307e-07,5.450916482929113e-07,5.451902338959166e-07,5.452888012628191e-07,5.453873503937954e-07,5.454858812890211e-07,5.455843939486775e-07,5.456828883729474e-07,5.457813645620162e-07,5.45879822516072e-07,5.459782622353059e-07,5.460766837199113e-07,5.461750869700839e-07,5.462734719860223e-07,5.463718387679283e-07,5.464701873160052e-07,5.465685176304591e-07,5.466668297115001e-07,5.467651235593382e-07,5.468633991741886e-07,5.469616565562681e-07,5.470598957057953e-07,5.471581166229927e-07,5.472563193080844e-07,5.473545037612977e-07,5.474526699828616e-07,5.475508179730086e-07,5.476489477319738e-07,5.477470592605762e-07,5.478451525584726e-07,5.479432276259059e-07,5.480412844631207e-07,5.48139323070365e-07,5.482373434478885e-07,5.483353455959435e-07,5.484333295147857e-07,5.485312952046724e-07,5.486292426658643e-07,5.487271718986237e-07,5.488250829032163e-07,5.489229756799099e-07,5.490208502289746e-07,5.491187065506835e-07,5.492165446453121e-07,5.493143645131382e-07,5.494121661544428e-07,5.495099495695085e-07,5.496077147586205e-07,5.497054617220682e-07,5.498031904601413e-07,5.499009009731321e-07,5.499985932613377e-07,5.500962673250554e-07,5.501939231645864e-07,5.502915607802335e-07,5.503891801723026e-07,5.504867813411013e-07,5.50584364286941e-07,5.506819290101349e-07,5.507794755109978e-07,5.508770037898484e-07,5.509745138470076e-07,5.510720056827982e-07,5.511694792961486e-07,5.512669346896945e-07,5.513643718621702e-07,5.514617908246887e-07,5.515591915694342e-07,5.516565740835334e-07,5.517539383781372e-07,5.518512844595955e-07,5.519486123174722e-07,5.520459219581613e-07,5.521432133805163e-07,5.522404865855314e-07,5.523377415736092e-07,5.524349783447451e-07,5.525321968996694e-07,5.526293972387413e-07,5.527265793688794e-07,5.528237432839386e-07,5.529208889776545e-07,5.530180164569845e-07,5.531151257223628e-07,5.532122167754796e-07,5.533092896149843e-07,5.534063442415575e-07,5.535033806538294e-07,5.536003988540483e-07,5.536973988425927e-07,5.537943806199139e-07,5.538913441863777e-07,5.53988289542273e-07,5.540852166883391e-07,5.541821256204369e-07,5.542790163423607e-07,5.543758888539026e-07,5.544727431632745e-07,5.54569579265122e-07,5.54666397159443e-07,5.547631968464028e-07,5.548599783265209e-07,5.54956741601054e-07,5.550534866654938e-07,5.551502135256631e-07,5.552469221830369e-07,5.553436126360472e-07,5.554402848856237e-07,5.555369389308746e-07,5.556335747715577e-07,5.557301924092611e-07,5.558267918450277e-07,5.55923373078578e-07,5.560199361098475e-07,5.561164809434393e-07,5.562130075730447e-07,5.563095160022108e-07,5.564060062397308e-07,5.565024782685322e-07,5.565989320999122e-07,5.566953677354806e-07,5.567917851720458e-07,5.568881844079795e-07,5.56984565448678e-07,5.570809282928155e-07,5.571772729361328e-07,5.572735993837287e-07,5.57369907636054e-07,5.574661976935758e-07,5.575624695567439e-07,5.576587232260016e-07,5.577549587017742e-07,5.578511759863667e-07,5.579473750786879e-07,5.580435559792273e-07,5.581397186884796e-07,5.582358632069409e-07,5.583319895351052e-07,5.584280976734687e-07,5.585241876225308e-07,5.586202593881816e-07,5.587163129654102e-07,5.588123483549968e-07,5.589083655574514e-07,5.590043645728108e-07,5.591003454036715e-07,5.591963080489564e-07,5.592922525083367e-07,5.593881787823747e-07,5.594840868742489e-07,5.595799767831135e-07,5.596758485069351e-07,5.597717020483891e-07,5.598675374078678e-07,5.599633545857296e-07,5.600591535824643e-07,5.601549343992546e-07,5.602506970371934e-07,5.603464414959991e-07,5.604421677759658e-07,5.605378758780418e-07,5.60633565803351e-07,5.607292375510593e-07,5.608248911224849e-07,5.609205265184164e-07,5.610161437395083e-07,5.611117427911331e-07,5.612073236632922e-07,5.613028863620989e-07,5.613984308879692e-07,5.614939572415435e-07,5.615894654234013e-07,5.616849554371485e-07,5.617804272793306e-07,5.618758809516262e-07,5.619713164525535e-07,5.620667337847468e-07,5.621621329488388e-07,5.622575139469629e-07,5.623528767765511e-07,5.624482214397039e-07,5.625435479274279e-07,5.626388562594258e-07,5.627341464268768e-07,5.628294184303919e-07,5.629246722705862e-07,5.63019907948075e-07,5.631151254634784e-07,5.632103248174193e-07,5.633055060105295e-07,5.634006690443631e-07,5.634958139177035e-07,5.635909406320096e-07,5.636860491879844e-07,5.637811395863476e-07,5.638762118305503e-07,5.639712659151304e-07,5.640663018480282e-07,5.641613196218933e-07,5.642563192462253e-07,5.64351300712079e-07,5.644462640242686e-07,5.645412091795352e-07,5.646361361869857e-07,5.647310450431267e-07,5.648259357472377e-07,5.649208083006797e-07,5.650156627091838e-07,5.651104989671441e-07,5.652053170764668e-07,5.653001170457522e-07,5.653948988617792e-07,5.654896625201176e-07,5.655844080449303e-07,5.656791354243806e-07,5.657738446612494e-07,5.658685357535768e-07,5.659632087021639e-07,5.660578635086688e-07,5.661525001723397e-07,5.662471186986621e-07,5.663417190623485e-07,5.664363012904848e-07,5.665308654023335e-07,5.666254113801817e-07,5.667199392205026e-07,5.668144489192438e-07,5.669089404822172e-07,5.670034139103557e-07,5.670978692043437e-07,5.67192306364888e-07,5.672867253926995e-07,5.673811262884919e-07,5.674755090466791e-07,5.675698736807787e-07,5.676642201848468e-07,5.677585485587622e-07,5.678528588071601e-07,5.679471509252909e-07,5.680414249153003e-07,5.681356807826309e-07,5.68229918524381e-07,5.683241381394852e-07,5.684183396199216e-07,5.685125229878219e-07,5.68606688233234e-07,5.687008353568846e-07,5.687949643575888e-07,5.688890752365113e-07,5.689831679892205e-07,5.690772426260602e-07,5.691712991490501e-07,5.692653375567855e-07,5.693593578485617e-07,5.694533600271562e-07,5.695473440881044e-07,5.696413100351778e-07,5.69735257881043e-07,5.698291876071539e-07,5.699230992164689e-07,5.700169927160566e-07,5.70110868105035e-07,5.702047253842251e-07,5.702985645544341e-07,5.703923856307646e-07,5.704861885989217e-07,5.705799734598577e-07,5.706737402144159e-07,5.707674888634816e-07,5.708612194078757e-07,5.709549318484856e-07,5.710486261861289e-07,5.711423024216751e-07,5.712359605559482e-07,5.713296005897906e-07,5.714232225240321e-07,5.715168263595067e-07,5.716104120970351e-07,5.717039797374503e-07,5.717975292815843e-07,5.718910607302801e-07,5.719845740843487e-07,5.720780693446381e-07,5.721715465119724e-07,5.722650055871963e-07,5.723584465640996e-07,5.724518694507133e-07,5.725452742478672e-07,5.726386609563934e-07,5.727320295771262e-07,5.728253801198411e-07,5.729187125906114e-07,5.730120269738615e-07,5.7310532327096e-07,5.731986014830722e-07,5.732918616112846e-07,5.733851036346682e-07,5.734783275762683e-07,5.735715334480691e-07,5.736647212406891e-07,5.737578909549955e-07,5.738510425918632e-07,5.739441761521625e-07,5.740372916367861e-07,5.741303890466363e-07,5.742234683825712e-07,5.743165296455216e-07,5.744095728364017e-07,5.745025979561617e-07,5.745956050073063e-07,5.746885939781289e-07,5.747815648792467e-07,5.748745177111982e-07,5.749674524740472e-07,5.750603691807245e-07,5.75153267817982e-07,5.752461483906393e-07,5.753390109031495e-07,5.754318553497001e-07,5.755246817368033e-07,5.756174900670492e-07,5.757102803349278e-07,5.758030525412359e-07,5.758958066893605e-07,5.759885427930118e-07,5.760812608143659e-07,5.761739607941418e-07,5.762666427198026e-07,5.763593065926377e-07,5.764519524078873e-07
16,0.0,0.0,0.0,0.0,0.0,0.0,0.0,0.0,0.0,0.0,0.0,0.0,0.0,0.0,0.0,0.0,0.0,0.0,0.0,0.0,0.0,0.0,0.0,0.0,0.0,0.0,0.0,0.0,0.0,0.0,0.0,0.0,0.0,0.0,0.0,0.0,0.0,0.0,0.0,0.0,0.0,0.0,0.0,0.0,0.0,0.0,0.0,0.0,0.0,0.0,0.0,0.0,0.0,0.0,0.0,0.0,0.0,0.0,0.0,0.0,0.0,0.0,0.0,0.0,0.0,0.0,0.0,0.0,0.0,0.0,0.0,0.0,0.0,0.0,0.0,0.0,0.0,0.0,0.0,0.0,0.0,0.0,0.0,0.0,0.0,0.0,0.0,0.0,0.0,0.0,0.0,0.0,0.0,0.0,0.0,0.0,0.0,0.0,0.0,0.0,0.0,0.0,0.0,0.0,0.0,0.0,0.0,0.0,0.0,0.0,0.0,0.0,0.0,0.0,0.0,0.0,0.0,0.0,0.0,0.0,0.0,0.0,0.0,0.0,0.0,0.0,0.0,0.0,0.0,0.0,0.0,0.0,0.0,0.0,0.0,0.0,0.0,0.0,0.0,0.0,0.0,0.0,0.0,0.0,0.0,0.0,0.0,0.0,0.0,0.0,0.0,0.0,0.0,0.0,0.0,0.0,0.0,0.0,0.0,0.0,0.0,0.0,0.0,0.0,0.0,0.0,0.0,0.0,0.0,0.0,0.0,0.0,0.0,0.0,0.0,0.0,0.0,0.0,0.0,0.0,0.0,0.0,0.0,0.0,0.0,0.0,0.0,0.0,0.0,0.0,0.0,0.0,0.0,0.0,0.0,0.0,0.0,0.0,0.0,0.0,0.0,0.0,0.0,0.0,0.0,0.0,0.0,0.0,0.0,0.0,0.0,0.0,0.0,0.0,0.0,0.0,0.0,0.0,0.0,0.0,0.0,0.0,0.0,0.0,0.0,0.0,0.0,0.0,0.0,0.0,0.0,0.0,0.0,0.0,0.0,0.0,0.0,0.0,0.0,0.0,0.0,0.0,0.0,0.0,0.0,0.0,0.0,0.0,0.0,0.0,0.0,0.0,0.0,0.0,0.0,0.0,0.0,0.0,0.0,0.0,0.0,0.0,0.0,0.0,0.0,0.0,0.0,0.0,0.0,0.0,0.0,0.0,0.0,0.0,0.0,0.0,0.0,0.0,0.0,0.0,0.0,0.0,0.0,0.0,0.0,0.0,0.0,0.0,0.0,0.0,0.0,0.0,0.0,0.0,0.0,0.0,0.0,0.0,0.0,0.0,0.0,0.0,0.0,0.0,0.0,0.0,0.0,0.0,0.0,0.0,0.0,0.0,0.0,0.0,0.0,0.0,0.0,0.0,0.0,0.0,0.0,0.0,0.0,0.0,0.0,0.0,0.0,0.0,0.0,0.0,0.0,0.0,0.0,0.0,0.0,0.0,0.0,0.0,0.0,0.0,0.0,0.0,0.0,0.0,0.0,0.0,0.0,0.0,0.0,0.0,0.0,0.0,0.0,0.0,0.0,0.0,0.0,0.0,0.0,0.0,0.0,0.0,0.0,0.0,0.0,0.0,0.0,0.0,0.0,0.0,0.0,0.0,0.0,0.0,0.0,0.0,0.0,0.0,0.0,0.0,0.0,0.0,0.0,0.0,0.0,0.0,0.0,0.0,0.0,0.0,0.0,0.0,0.0,0.0,0.0,0.0,0.0,0.0,0.0,0.0,0.0,0.0,0.0,0.0,0.0,0.0,0.0,0.0,0.0,0.0,0.0,0.0,0.0,0.0,0.0,0.0,0.0,0.0,0.0,0.0,0.0,0.0,0.0,0.0,0.0,0.0,0.0,0.0,0.0,0.0,0.0,0.0,0.0,0.0,0.0,0.0,0.0,0.0,0.0,0.0,0.0,0.0,0.0,0.0,0.0,0.0,0.0,0.0,0.0,0.0,0.0,0.0,0.0,0.0,0.0,0.0,0.0,0.0,0.0,0.0,0.0,0.0,0.0,0.0,0.0,0.0,0.0,0.0,0.0,0.0,0.0,0.0,0.0,0.0,0.0,0.0,0.0,0.0,0.0,0.0,0.0,0.0,0.0,0.0,0.0,0.0,0.0,0.0,0.0,0.0,0.0,0.0,0.0,0.0,0.0,0.0,0.0,0.0,0.0,0.0,0.0,0.0,0.0,0.0,0.0,0.0,0.0,0.0,0.0,0.0,0.0,0.0,0.0,0.0,0.0,0.0,0.0,0.0,0.0,0.0,0.0,0.0,0.0,0.0,0.0,0.0,0.0,0.0,0.0,0.0,0.0,0.0,0.0,0.0,0.0,0.0,0.0,0.0,0.0,0.0,0.0,0.0,0.0,0.0,0.0,0.0,0.0,0.0,0.0,0.0,0.0,0.0,0.0,0.0,0.0,0.0,0.0,0.0,0.0,0.0,0.0,0.0,0.0,0.0,0.0,0.0,0.0,0.0,0.0,0.0,0.0,0.0,0.0,0.0,0.0,0.0,0.0,0.0,0.0,0.0,0.0,0.0,0.0,0.0,0.0,0.0,0.0,0.0,0.0,0.0,0.0,0.0,0.0,0.0,0.0,0.0,0.0,0.0,0.0,0.0,0.0,0.0,0.0,0.0,0.0,0.0,0.0,0.0,0.0,0.0,0.0,0.0,0.0,0.0,0.0,0.0,0.0,0.0,0.0,0.0,0.0,0.0,0.0,0.0,0.0,0.0,0.0,0.0,0.0,0.0,0.0,0.0,0.0,0.0,0.0,0.0,0.0,0.0,0.0,0.0,0.0,0.0,0.0,0.0,0.0,0.0,0.0,0.0,0.0,0.0,0.0,0.0,0.0,0.0,0.0,0.0,0.0,0.0,0.0,0.0,0.0,0.0,0.0,0.0,0.0,0.0,0.0,0.0,0.0,0.0,0.0,0.0,0.0,0.0,0.0,0.0,0.0,0.0,0.0,0.0,0.0,0.0,0.0,0.0,0.0,0.0,0.0,0.0,0.0,0.0,0.0,0.0,0.0,0.0,0.0,0.0,0.0,0.0,0.0,0.0,0.0,0.0,0.0,0.0,0.0,0.0,0.0,0.0,0.0,0.0,0.0,0.0,0.0,0.0,0.0,0.0,0.0,0.0,0.0,0.0,0.0,0.0,0.0,0.0,0.0,0.0,0.0,0.0,0.0,0.0,0.0,0.0,0.0,0.0,0.0,0.0,0.0,0.0,0.0,0.0,0.0,0.0,0.0,0.0,0.0,0.0,0.0,0.0,0.0,0.0,0.0,0.0,0.0,0.0,0.0,0.0,0.0,0.0,0.0,0.0,0.0,0.0,0.0,0.0,0.0,0.0,0.0,0.0,0.0,0.0,0.0,0.0,0.0,0.0,0.0,0.0,0.0,0.0,0.0,0.0,0.0,0.0,0.0,0.0,0.0,0.0,0.0,0.0,0.0,0.0,0.0,0.0,0.0,0.0,0.0,0.0,0.0,0.0,0.0,0.0,0.0,0.0,0.0,0.0,0.0,0.0,0.0,0.0,0.0,0.0,0.0,0.0,0.0,0.0,0.0,0.0,0.0,0.0,0.0,0.0,0.0,0.0,0.0,0.0,0.0,0.0,0.0,0.0,0.0,0.0,0.0,0.0,0.0,0.0,0.0,0.0,0.0,0.0,0.0,0.0,0.0,0.0,0.0,0.0,0.0,0.0,0.0,0.0,0.0,0.0,0.0,0.0,0.0,0.0,0.0,0.0,0.0,0.0,0.0,0.0,0.0,0.0,0.0,0.0,0.0,0.0,0.0,0.0,0.0,0.0,0.0,0.0,0.0,0.0,0.0,0.0,0.0,0.0,0.0,0.0,0.0,0.0,0.0,0.0,0.0,0.0,0.0,0.0,0.0,0.0,0.0,0.0,0.0,0.0,0.0,0.0,0.0,0.0,0.0,0.0,0.0,0.0,0.0,0.0,0.0,0.0,0.0,0.0,0.0,0.0,0.0,0.0,0.0,0.0,0.0,0.0,0.0,0.0,0.0,0.0,0.0,0.0,0.0,0.0,0.0,0.0,0.0,0.0,0.0,0.0,0.0,0.0,0.0,0.0,0.0,0.0,0.0,0.0,0.0,0.0,0.0,0.0,0.0,0.0,0.0,0.0,0.0,0.0,0.0,0.0,0.0,0.0,0.0,0.0,0.0,0.0,0.0,0.0,0.0,0.0,0.0,0.0,0.0,0.0,0.0,0.0,0.0,0.0,0.0,0.0,0.0,0.0,0.0,0.0,0.0,0.0,0.0,0.0,0.0,0.0,0.0,0.0,0.0,0.0,0.0,0.0,0.0,0.0,0.0,0.0,0.0,0.0,0.0,0.0,0.0,0.0,0.0,0.0,0.0,0.0,1.4106603331653369e-28,3.3815008776487854e-28,5.213403580078032e-28,6.829200562163505e-28,8.36878712178992e-28,9.98897774975015e-28,1.1821934093970612e-27,1.3985953165991506e-27,1.6606976217830905e-27,1.9823126533102295e-27,2.382287443630769e-27,2.8852591315005576e-27,3.52256207025344e-27,4.340850814942091e-27,5.40336714796591e-27,6.800708957593669e-27,8.664418470383592e-27,1.1189072141644283e-26,1.4669253249364096e-26,1.9557296892342437e-26,2.6576895752877416e-26,3.690424640280633e-26,5.252991102635348e-26,7.694216152224914e-26,1.165294438651433e-25,1.8359081156950977e-25,3.032604933766854e-25,5.306093613566377e-25,9.970697436408117e-25,2.0508216089815697e-24,4.743709349327901e-24,1.2836863371404912e-23,4.311909245590656e-23,1.9642192401327671e-22,1.3671869922177752e-21,1.5948098571114398e-20,2.7697121740627034e-19,4.802592012601983e-18,5.74886338971475e-17,4.206575733960681e-16,1.9699637315990493e-15,6.482635383848031e-15,1.634680744703708e-14,3.3784765776280526e-14,6.013100144809888e-14,9.553806266253904e-14,1.3911058138488023e-13,1.892709920283144e-13,2.441604621002611e-13,3.019599151896024e-13,3.610943369267435e-13,4.203304131656591e-13,4.787955855306668e-13,5.359472418201801e-13,5.915141262030121e-13,6.454247740729059e-13,6.977334209467256e-13,7.485529891466054e-13,7.980045726461542e-13,8.461891901140007e-13,8.931802369897692e-13,9.390289075313285e-13,9.83773880580257e-13,1.027449664682202e-12,1.0700916787329293e-12,1.1117383675668415e-12,1.1524313779158823e-12,1.1922147470097889e-12,1.2311337469730583e-12,1.2692337427902516e-12,1.3065592274066929e-12,1.3431530850479805e-12,1.3790560768245196e-12,1.414306517990333e-12,1.4489401093960051e-12,1.482989886486624e-12,1.5164862543188818e-12,1.5494570826114852e-12,1.5819278403315772e-12,1.6139217541123937e-12,1.6454599787983242e-12,1.67656177155924e-12,1.7072446635495833e-12,1.7375246249728283e-12,1.7674162209449965e-12,1.7969327564177616e-12,1.82608640984549e-12,1.854888354777102e-12,1.883348870107474e-12,1.911477439236389e-12,1.9392828387934397e-12,1.9667732177810376e-12,1.993956167795809e-12,2.020838785227093e-12,2.0474277261727545e-12,2.073729254804165e-12,2.099749285937516e-12,2.1254934223830926e-12,2.150966987726898e-12,2.176175055043889e-12,2.2011224720535088e-12,2.225813883080577e-12,2.2502537484050554e-12,2.2744463610672684e-12,2.2983958616467127e-12,2.3221062511872586e-12,2.345581402539663e-12,2.368825070329159e-12,2.391840899677553e-12,2.414632433921848e-12,2.437203121374449e-12,2.4595563213616263e-12,2.481695309537739e-12,2.50362328255897e-12,2.5253433623376546e-12,2.546858599783533e-12,2.568171978180598e-12,2.589286416203326e-12,2.6102047706635754e-12,2.6309298390461677e-12,2.6514643616714847e-12,2.6718110238448195e-12,2.691972457749178e-12,2.711951244148076e-12,2.7317499140478814e-12,2.751370950212873e-12,2.7708167885446005e-12,2.790089819420266e-12,2.809192388914385e-12,2.8281268000109494e-12,2.846895313670068e-12,2.865500149892655e-12,2.883943488727971e-12,2.902227471237998e-12,2.920354200401725e-12,2.9383257420050946e-12,2.9561441254727825e-12,2.9738113447047033e-12,2.991329358881605e-12,3.0087000930998055e-12,3.0259254392894215e-12,3.0430072568326536e-12,3.059947373233742e-12,3.0767475848555117e-12,3.0934096574735765e-12,3.1099353270218876e-12,3.1263263001570843e-12,3.1425842548328784e-12,3.1587108409395124e-12,3.174707680838247e-12,3.1905763699377777e-12,3.2063184772243936e-12,3.2219355457487846e-12,3.237429093303887e-12,3.2528006126940017e-12,3.2680515724097684e-12,3.2831834170296545e-12,3.298197567713091e-12,3.313095422655406e-12,3.327878357537637e-12,3.342547725964235e-12,3.3571048598932145e-12,3.3715510700527664e-12,3.3858876463624443e-12,3.4001158583239584e-12,3.4142369554150446e-12,3.4282521674729695e-12,3.4421627050735033e-12,3.4559697598765593e-12,3.4696745050567448e-12,3.4832780955611903e-12,3.496781668486128e-12,3.5101863434651253e-12,3.5234932229248613e-12,3.536703392463247e-12,3.549817921083627e-12,3.562837861613088e-12,3.57576425093612e-12,3.588598110302125e-12,3.6013404456184408e-12,3.613992247730235e-12,3.6265544927017906e-12,3.639028142089024e-12,3.651414143186375e-12,3.663713429315831e-12,3.675926920066399e-12,3.68805552153967e-12,3.700100126600615e-12,3.7120616151349305e-12,3.723940854202793e-12,3.735738698385601e-12,3.747455989931736e-12,3.759093559000525e-12,3.770652223877167e-12,3.78213279116639e-12,3.793536056017839e-12,3.804862802330578e-12,3.816113802938215e-12,3.827289819806256e-12,3.838391604232142e-12,3.849419897002608e-12,3.860375428631488e-12,3.871258919474455e-12,3.882071079941605e-12,3.8928126106631745e-12,3.903484202653275e-12,3.914086537478351e-12,3.924620287412994e-12,3.935086115611518e-12,3.945484676244632e-12,3.955816614660824e-12,3.9660825675429885e-12,3.976283163038551e-12,3.9864190209137025e-12,3.996490752690289e-12,4.006498961783781e-12,4.016444243637277e-12,4.0263271858576986e-12,4.036148368338804e-12,4.045908363393856e-12,4.055607735878191e-12,4.065247043311286e-12,4.074826835997535e-12,4.084347657143304e-12,4.0938100429722375e-12,4.103214522838877e-12,4.112561619342638e-12,4.121851848422214e-12,4.131085719484611e-12,4.140263735495318e-12,4.149386393084518e-12,4.1584541826476276e-12,4.16746758844467e-12,4.176427088697111e-12,4.1853331556837516e-12,4.194186255832873e-12,4.202986849815364e-12,4.211735392633963e-12,4.220432333711762e-12,4.229078116979064e-12,4.237673180958474e-12,4.246217958849044e-12,4.254712878605487e-12,4.263158363023064e-12,4.271554829813915e-12,4.2799026916852216e-12,4.2882023564144666e-12,4.2964542269265125e-12,4.30465870136392e-12,4.3128161731649325e-12,4.320927031125273e-12,4.3289916594763506e-12,4.33701043794856e-12,4.344983741838593e-12,4.352911942078744e-12,4.360795405298803e-12,4.368634493890293e-12,4.376429566068843e-12,4.384180975936223e-12,4.391889073539755e-12,4.399554204932163e-12,4.407176712229355e-12,4.4147569336679985e-12,4.422295203661957e-12,4.429791852857062e-12,4.437247208184754e-12,4.4446615929169735e-12,4.4520353267175826e-12,4.45936872569398e-12,4.46666210244739e-12,4.473915766123556e-12,4.481130022461017e-12,4.488305173839617e-12,4.495441519327166e-12,4.502539354726619e-12,4.509598972621195e-12,4.516620662419716e-12,4.523604710400724e-12,4.530551399755571e-12,4.537461010631688e-12,4.544333820174209e-12,4.551170102567382e-12,4.557970129075214e-12,4.5647341680814445e-12,4.571462485128733e-12,4.578155342957674e-12,4.584813001544205e-12,4.591435718137482e-12,4.598023747296724e-12,4.604577340926949e-12,4.611096748315119e-12,4.617582216164625e-12,4.624033988630525e-12,4.630452307352555e-12,4.636837411489078e-12,4.6431895377498e-12,4.649508920428025e-12,4.655795791432332e-12,4.662050380318021e-12,4.668272914318642e-12,4.6744636183746855e-12,4.6806227151645885e-12,4.686750425134115e-12,4.692846966524511e-12,4.698912555401377e-12,4.704947405683432e-12,4.710951729168725e-12,4.7169257355627314e-12,4.722869632504657e-12,4.728783625593908e-12,4.734667918415927e-12,4.7405227125678365e-12,4.746348207683618e-12,4.7521446014582526e-12,4.757912089672791e-12,4.763650866218223e-12,4.769361123118958e-12,4.77504305055586e-12,4.780696836889652e-12,4.786322668683035e-12,4.791920730723106e-12,4.797491206043468e-12,4.803034275945595e-12,4.808550120019991e-12,4.814038916167377e-12,4.819500840618863e-12,4.824936067957036e-12,4.8303447711353755e-12,4.835727121497678e-12,4.841083288798554e-12,4.846413441221759e-12,4.851717745399188e-12,4.856996366429632e-12,4.86224946789708e-12,4.867477211888581e-12,4.8726797590122815e-12,4.87785726841484e-12,4.88300989779898e-12,4.8881378034398675e-12,4.893241140202494e-12,4.898320061558346e-12,4.90337471960114e-12,4.90840526506341e-12,4.913411847332253e-12,4.918394614464494e-12,4.923353713202894e-12,4.928289288990853e-12,4.933201485987495e-12,4.938090447082242e-12,4.942956313910115e-12,4.947799226864708e-12,4.9526193251140786e-12,4.957416746613248e-12,4.962191628118846e-12,4.966944105202176e-12,4.9716743122630604e-12,4.976382382542694e-12,4.981068448137077e-12,4.985732640009248e-12,4.9903750880024944e-12,4.994995920852419e-12,4.99959526619997e-12,5.004173250602965e-12,5.008729999548133e-12,5.013265637463137e-12,5.017780287728441e-12,5.022274072688459e-12,5.02674711366297e-12,5.031199530958497e-12,5.035631443879534e-12,5.040042970738985e-12,5.044434228869242e-12,5.048805334632794e-12,5.053156403432751e-12,5.057487549722961e-12,5.061798887018407e-12,5.066090527905492e-12,5.07036258405156e-12,5.074615166214929e-12,5.078848384254871e-12,5.083062347140136e-12,5.087257162959977e-12,5.091432938932132e-12,5.095589781412673e-12,5.0997277959047904e-12,5.103847087068072e-12,5.1079477587268615e-12,5.112029913879855e-12,5.116093654707446e-12,5.1201390825814515e-12,5.124166298072835e-12,5.128175400960062e-12,5.132166490237618e-12,5.136139664123721e-12,5.140095020068498e-12,5.144032654761935e-12,5.14795266414141e-12,5.1518551433996895e-12,5.155740186992104e-12,5.1596078886446815e-12,5.163458341361006e-12,5.167291637429449e-12,5.171107868431011e-12,5.174907125245959e-12,5.178689498060916e-12,5.182455076375884e-12,5.1862039490112644e-12,5.189936204114389e-12,5.19365192916636e-12,5.197351210988624e-12,5.201034135749662e-12,5.2047007889711806e-12,5.208351255534662e-12,5.2119856196877175e-12,5.2156039650502414e-12,5.219206374620614e-12,5.222792930781697e-12,5.226363715306732e-12,5.229918809365653e-12,5.233458293530856e-12,5.236982247782418e-12,5.240490751514608e-12,5.243983883541128e-12,5.247461722100841e-12,5.25092434486321e-12,5.2543718289335805e-12,5.25780425085926e-12,5.261221686633847e-12,5.2646242117034645e-12,5.268011900971042e-12,5.271384828802503e-12,5.274743069030923e-12,5.278086694962044e-12,5.281415779379112e-12,5.284730394547858e-12,5.288030612221242e-12,5.291316503644432e-12,5.2945881395593e-12,5.297845590209318e-12,5.30108892534395e-12,5.3043182142236545e-12,5.307533525624067e-12,5.3107349278404315e-12,5.3139224886924e-12,5.317096275528016e-12,5.320256355228287e-12,5.3234027942112274e-12,5.326535658436626e-12,5.329655013409418e-12,5.332760924184373e-12,5.335853455370251e-12,5.338932671133608e-12,5.341998635202421e-12,5.345051410871077e-12,5.348091061003365e-12,5.351117648036556e-12,5.354131233985558e-12,5.357131880446335e-12,5.3601196485997805e-12,5.363094599215541e-12,5.366056792655067e-12,5.36900628887674e-12,5.371943147436942e-12,5.374867427496362e-12,5.377779187821477e-12,5.380678486789202e-12,5.38356538238959e-12,5.386439932229344e-12,5.389302193535756e-12,5.392152223159187e-12,5.39499007757689e-12,5.3978158128963166e-12,5.400629484857501e-12,5.403431148837544e-12,5.406220859852948e-12,5.408998672562142e-12,5.41176464126996e-12,5.414518819929759e-12,5.417261262146886e-12,5.4199920211809234e-12,5.422711149949386e-12,5.425418701030498e-12,5.428114726665587e-12,5.430799278763055e-12,5.433472408899519e-12,5.436134168324011e-12,5.438784607960369e-12,5.441423778409741e-12,5.444051729953343e-12,5.446668512555265e-12,5.449274175865546e-12,5.451868769221541e-12,5.454452341651884e-12,5.457024941878427e-12,5.459586618318562e-12,5.462137419088372e-12,5.4646773920047115e-12,5.467206584587493e-12,5.469725044062623e-12,5.472232817364394e-12,5.474729951137111e-12,5.477216491738573e-12,5.479692485241274e-12,5.482157977435784e-12,5.484613013832265e-12,5.4870576396635144e-12,5.4894918998859405e-12,5.491915839183634e-12,5.494329501968573e-12,5.496732932384355e-12,5.4991261743076175e-12,5.501509271350497e-12,5.5038822668621695e-12,5.506245203931719e-12,5.508598125390306e-12,5.51094107381163e-12,5.5132740915161815e-12,5.5155972205717416e-12,5.517910502795796e-12,5.5202139797578805e-12,5.522507692780972e-12,5.524791682943707e-12,5.5270659910823204e-12,5.529330657792593e-12,5.53158572343132e-12,5.5338312281187964e-12,5.53606721174023e-12,5.5382937139478726e-12,5.540510774162348e-12,5.5427184315749484e-12,5.544916725149253e-12,5.547105693622927e-12,5.549285375509043e-12,5.5514558090986045e-12,5.553617032461389e-12,5.555769083448335e-12,5.5579119996928474e-12,5.560045818612703e-12,5.562170577411313e-12,5.564286313079641e-12,5.566393062397986e-12,5.56849086193707e-12,5.5705797480599425e-12,5.572659756923748e-12,5.57473092448092e-12,5.576793286480633e-12,5.578846878471007e-12,5.5808917357997204e-12,5.5829278936162315e-12,5.584955386872654e-12,5.586974250326201e-12,5.588984518539041e-12,5.590986225881576e-12,5.59297940653238e-12,5.5949640944804214e-12,5.5969403235263115e-12,5.598908127283636e-12,5.600867539180339e-12,5.602818592459569e-12,5.604761320182707e-12,5.6066957552286905e-12,5.608621930296332e-12,5.610539877905243e-12,5.612449630398431e-12,5.614351219941257e-12,5.61624467852478e-12,5.618130037965782e-12,5.620007329908966e-12,5.621876585827573e-12,5.623737837024721e-12,5.625591114634892e-12,5.6274364496243155e-12,5.6292738727939765e-12,5.631103414778542e-12,5.632925106048873e-12,5.6347389769131796e-12,5.6365450575178344e-12,5.638343377848705e-12,5.640133967732e-12,5.641916856835983e-12,5.643692074671381e-12,5.645459650592992e-12,5.647219613800698e-12,5.648971993340358e-12,5.6507168181051125e-12,5.652454116836303e-12,5.65418391812452e-12,5.655906250411062e-12,5.657621141988165e-12,5.65932862100108e-12,5.661028715447831e-12,5.662721453181523e-12,5.664406861910561e-12,5.666084969199638e-12,5.667755802471474e-12,5.669419389006757e-12,5.671075755945393e-12,5.672724930288648e-12,5.674366938898395e-12,5.676001808498972e-12,5.67762956567771e-12,5.679250236886818e-12,5.680863848443051e-12,5.682470426529444e-12,5.684069997195745e-12,5.68566258635963e-12,5.687248219807537e-12,5.688826923195403e-12,5.6903987220500245e-12,5.6919636417687875e-12,5.693521707622266e-12,5.6950729447535896e-12,5.69661737817965e-12,5.698155032792413e-12,5.6996859333593855e-12,5.701210104524485e-12,5.7027275708089526e-12,5.704238356612013e-12,5.705742486211753e-12,5.707239983765954e-12,5.708730873312928e-12,5.7102151787721725e-12,5.711692923945448e-12,5.7131641325170634e-12,5.7146288280547525e-12,5.7160870340110516e-12,5.717538773723524e-12,5.7189840704153085e-12,5.72042294719628e-12,5.721855427063632e-12,5.7232815329027235e-12,5.7247012874876545e-12,5.726114713481897e-12,5.727521833439326e-12,5.72892266980479e-12,5.730317244914588e-12,5.731705580997225e-12,5.733087700174782e-12,5.734463624462507e-12,5.735833375770484e-12,5.737196975903387e-12,5.738554446561835e-12,5.7399058093429266e-12,5.741251085740829e-12,5.742590297147176e-12,5.743923464852227e-12,5.745250610045301e-12,5.746571753814837e-12,5.747886917150409e-12,5.749196120941489e-12,5.750499385979854e-12,5.751796732959098e-12,5.753088182475624e-12,5.754373755029076e-12,5.755653471023424e-12,5.7569273507666695e-12,5.758195414472428e-12,5.75945768225985e-12,5.760714174154757e-12,5.761964910089151e-12,5.763209909903386e-12,5.764449193344968e-12,5.765682780070993e-12,5.766910689647047e-12,5.7681329415489466e-12,5.76934955516243e-12,5.770560549784164e-12,5.771765944622508e-12,5.772965758797388e-12,5.774160011341324e-12,5.775348721199934e-12,5.7765319072325665e-12,5.777709588212061e-12,5.778881782826573e-12,5.780048509678757e-12,5.781209787287033e-12,5.7823656340862725e-12,5.783516068427351e-12,5.784661108578989e-12,5.785800772727267e-12,5.786935078976225e-12,5.78806404534849e-12,5.789187689786167e-12,5.7903060301505935e-12,5.791419084223345e-12,5.7925268697065045e-12,5.793629404223269e-12,5.7947267053179215e-12,5.795818790457081e-12,5.796905677029819e-12,5.797987382347901e-12,5.799063923646314e-12,5.800135318084159e-12,5.801201582744298e-12,5.802262734634771e-12,5.8033187906883e-12,5.804369767763357e-12,5.805415682644476e-12,5.8064565520425984e-12,5.807492392594932e-12,5.808523220866722e-12,5.809549053350832e-12,5.810569906467889e-12,5.81158579656691e-12,5.812596739926866e-12,5.813602752754376e-12,5.814603851187512e-12,5.815600051293473e-12,5.816591369070454e-12,5.817577820447437e-12,5.818559421284843e-12,5.8195361873749825e-12,5.8205081344419564e-12,5.821475278142712e-12,5.822437634081615e-12,5.823395217752864e-12,5.8243480446270564e-12,5.825296130095237e-12,5.826239489482852e-12,5.827178138049814e-12,5.82811209099113e-12,5.8290413634376265e-12,5.829965970455988e-12,5.83088592704904e-12,5.8318012481560975e-12,5.832711948653909e-12,5.8336180433558684e-12,5.834519547013772e-12,5.8354164743167066e-12,5.83630883989269e-12,5.837196658308618e-12,5.838079944069507e-12,5.838958711620303e-12,5.839832975346482e-12,5.840702749572076e-12,5.841568048562504e-12,5.842428886523763e-12,5.843285277602366e-12,5.844137235886909e-12,5.844984775407412e-12,5.845827910135813e-12,5.846666653986288e-12,5.847501020816106e-12,5.848331024424906e-12,5.849156678556117e-12,5.8499779968963995e-12,5.850794993076513e-12,5.8516076806714906e-12,5.852416073200205e-12,5.853220184127378e-12,5.8540200268619086e-12,5.8548156147587566e-12,5.8556069611179345e-12,5.8563940791860636e-12,5.8571769821554146e-12,5.85795568316537e-12,5.858730195302018e-12,5.859500531598376e-12,5.860266705034904e-12,5.8610287285398974e-12,5.8617866149896665e-12,5.862540377208615e-12,5.86329002796956e-12,5.864035579994625e-12,5.864777045954544e-12,5.86551443846949e-12,5.86624777010937e-12,5.866977053393804e-12,5.867702300792613e-12,5.86842352472617e-12,5.869140737565156e-12,5.8698539516316755e-12,5.870563179198533e-12,5.871268432490728e-12,5.871969723683671e-12,5.872667064905681e-12,5.87336046823729e-12,5.874049945711021e-12,5.874735509312445e-12,5.875417170979766e-12,5.876094942604859e-12,5.8767688360322435e-12,5.877438863061246e-12,5.878105035443987e-12,5.878767364886735e-12,5.8794258630512595e-12,5.8800805415531156e-12,5.880731411962842e-12,5.881378485805928e-12,5.882021774563433e-12,5.882661289671938e-12,5.883297042523508e-12,5.8839290444665904e-12,5.884557306805574e-12,5.885181840801277e-12,5.8858026576714884e-12,5.8864197685905835e-12,5.887033184690105e-12,5.88764291705904e-12,5.888248976743758e-12,5.888851374748513e-12,5.8894501220351886e-12,5.890045229524476e-12,5.890636708094934e-12,5.89122456858396e-12,5.891808821787591e-12,5.892389478460811e-12,5.892966549318392e-12,5.893540045033828e-12,5.894109976240474e-12,5.894676353531343e-12,5.895239187460439e-12,5.895798488540544e-12,5.896354267245746e-12,5.896906534010644e-12,5.897455299230476e-12,5.898000573261731e-12,5.8985423664217014e-12,5.8990806889895196e-12,5.8996155512055646e-12,5.900146963272384e-12,5.9006749353538316e-12,5.90119947757667e-12,5.9017206000295305e-12,5.902238312763376e-12,5.902752625792371e-12,5.903263549093638e-12,5.903771092606754e-12,5.9042752662347625e-12,5.904776079844784e-12,5.905273543266105e-12,5.905767666293423e-12,5.906258458684264e-12,5.90674593016084e-12,5.907230090409343e-12,5.907710949080769e-12,5.908188515790353e-12,5.908662800118564e-12,5.909133811610498e-12,5.909601559776792e-12,5.910066054092905e-12,5.9105273040003144e-12,5.9109853189056586e-12,5.911440108181754e-12,5.911891681167197e-12,5.912340047167027e-12,5.9127852154524366e-12,5.913227195260433e-12,5.913665995795615e-12,5.914101626229163e-12,5.9145340956987406e-12,5.9149634133096386e-12,5.915389588133717e-12,5.915812629211141e-12,5.9162325455488704e-12,5.916649346121954e-12,5.9170630398733835e-12,5.91747363571374e-12,5.917881142522334e-12,5.9182855691463785e-12,5.918686924401511e-12,5.91908521707254e-12,5.919480455912345e-12,5.919872649643134e-12,5.92026180695593e-12,5.920647936511178e-12,5.921031046938652e-12,5.92141114683728e-12,5.9217882447757936e-12,5.922162349293003e-12,5.9225334688971295e-12,5.922901612066764e-12,5.923266787250509e-12,5.923629002867412e-12,5.923988267306805e-12,5.924344588928688e-12,5.924697976063802e-12,5.925048437013997e-12,5.925395980051562e-12,5.925740613420359e-12,5.9260823453352865e-12,5.926421183982905e-12,5.926757137520924e-12,5.927090214078923e-12,5.92742042175837e-12,5.927747768631922e-12,5.928072262745736e-12,5.928393912116703e-12,5.928712724734416e-12,5.929028708561151e-12,5.9293418715316185e-12,5.929652221553169e-12,5.9299597665055185e-12,5.9302645142421195e-12,5.930566472588895e-12,5.930865649344938e-12,5.931162052282649e-12,5.931455689147992e-12,5.931746567660375e-12,5.9320346955126865e-12,5.932320080371551e-12,5.9326027298776885e-12,5.9328826516455595e-12,5.933159853263981e-12,5.933434342295649e-12,5.93370612627789e-12,5.933975212722313e-12,5.934241609114974e-12,5.9345053229168454e-12,5.9347663615634454e-12,5.935024732465346e-12,5.935280443008073e-12,5.935533500552195e-12,5.935783912433487e-12,5.93603168596323e-12,5.9362768284279354e-12,5.936519347089669e-12,5.936759249186299e-12,5.936996541931429e-12,5.9372312325142e-12,5.937463328100317e-12,5.937692835830888e-12,5.937919762823676e-12,5.938144116172585e-12,5.938365902947632e-12,5.938585130196169e-12,5.93880180494107e-12,5.939015934182413e-12,5.939227524897031e-12,5.939436584038582e-12,5.939643118537976e-12,5.939847135302823e-12,5.940048641218075e-12,5.940247643146057e-12,5.94044414792626e-12,5.9406381623760705e-12,5.94082969329001e-12,5.941018747440468e-12,5.941205331577305e-12,5.941389452429179e-12,5.94157111670125e-12,5.941750331078252e-12,5.9419271022216846e-12,5.942101436772226e-12,5.942273341348562e-12,5.942442822547596e-12,5.942609886945578e-12,5.942774541096078e-12,5.9429367915322675e-12,5.9430966447660414e-12,5.943254107287716e-12,5.943409185567084e-12,5.943561886052393e-12,5.943712215171707e-12,5.9438601793321345e-12,5.944005784919508e-12,5.944149038299921e-12,5.9442899458182545e-12,5.944428513799384e-12,5.944564748547655e-12,5.944698656347195e-12,5.9448302434620775e-12,5.9449595161359765e-12,5.945086480593068e-12,5.945211143037097e-12,5.945333509651802e-12,5.945453586602476e-12,5.945571380033279e-12,5.945686896068974e-12,5.945800140815572e-12,5.945911120358978e-12,5.9460198407661174e-12,5.946126308084272e-12,5.946230528342349e-12,5.9463325075489815e-12,5.946432251694465e-12,5.946529766749947e-12,5.946625058667945e-12,5.946718133381773e-12,5.946808996806634e-12,5.946897654838025e-12,5.9469841133539765e-12,5.947068378213585e-12,5.947150455257093e-12,5.947230350307357e-12,5.9473080691679555e-12,5.947383617624874e-12,5.947457001445948e-12,5.9475282263806274e-12,5.947597298160713e-12,5.947664222499943e-12,5.947729005094156e-12,5.947791651621534e-12,5.94785216774272e-12,5.9479105591004385e-12,5.947966831319975e-12,5.948020990009233e-12,5.948073040758562e-12,5.948122989141214e-12,5.948170840712755e-12,1.6633861988483385e-12,1.6447916759710162e-12,1.8468518260291716e-12,2.0556175555547814e-12,2.259488448345418e-12,2.4574327487865114e-12,2.649033429279301e-12,2.833971800374773e-12,3.0119994791126816e-12,3.1829345926882794e-12,3.346658326377282e-12,3.5031107639413154e-12,3.6522861513041655e-12,3.794227765680596e-12,3.929022561903687e-12,4.056795747229352e-12,4.177705414997888e-12,4.2919373452411145e-12,4.399700056882349e-12,4.501220176056476e-12,4.596738164986845e-12,4.68650443906102e-12,4.770775884430045e-12,4.84981277757286e-12,4.923876097037042e-12,4.9932252104438e-12,5.058115915606453e-12,5.118798808904884e-12,5.175517953439779e-12,5.228509817547449e-12,5.2780024548432884e-12,5.324214896818469e-12,5.367356731604624e-12,5.407627842788961e-12,5.445218285057555e-12,5.480308274991552e-12,5.513068277628998e-12,5.543659171452008e-12,5.572232476413251e-12,5.598930631575292e-12,5.623887310647244e-12,5.647227765417042e-12,5.669069188441066e-12,5.689521087763182e-12,5.708685667623592e-12,5.726658210121392e-12,5.743527453716546e-12,5.759375965317898e-12,5.774280503299426e-12,5.788312369476544e-12,5.801537748456115e-12,5.814018033373091e-12,5.825810137193597e-12,5.836966789156534e-12,5.8475368162305374e-12,5.857565409515753e-12,5.867094375798206e-12,5.876162374530951e-12,5.884805140655229e-12,5.8930556936909794e-12,5.900944533651048e-12,5.908499824353617e-12,5.9157475646166545e-12,5.922711748078893e-12,5.929414512092807e-12,5.9358762764484226e-12,5.942115872346317e-12,5.948150662312628e-12,5.953996651561404e-12,5.959668591347649e-12,5.965180074825441e-12,5.970543625895203e-12,5.9757707815194035e-12,5.9808721679323485e-12,5.985857571162514e-12,5.990736002339609e-12,5.995515757917557e-12,6.000204475556761e-12,6.004809185592626e-12,6.009336358659664e-12,6.013791949646184e-12,6.018181438295624e-12,6.0225098666194e-12,6.0267818734899125e-12,6.031001726518425e-12,6.035173351439974e-12,6.039300359254173e-12,6.043386071208545e-12,6.047433541868057e-12,6.05144558029868e-12,6.05542476967304e-12,6.0593734853121705e-12,6.063293911261137e-12,6.067188055605903e-12,6.071057764564055e-12,6.074904735452438e-12,6.0787305286365265e-12,6.082536578543422e-12,6.0863242037203275e-12,6.090094616247199e-12,6.093848930250272e-12,6.097588169819891e-12,6.101313276230444e-12,6.105025114693472e-12,6.108724480444574e-12,6.112412104426388e-12,6.116088658468987e-12,6.119754760104409e-12,6.1234109769508144e-12,6.127057830732892e-12,6.1306958010478966e-12,6.134325328804761e-12,6.137946819242335e-12,6.1415606449869e-12,6.1451671486173835e-12,6.1487666451167756e-12,6.1523594241523114e-12,6.1559457520849235e-12,6.159525873929359e-12,6.163100015057901e-12,6.166668382813627e-12,6.170231167986414e-12,6.173788546160537e-12,6.177340678955129e-12,6.180887715183e-12,6.184429791885553e-12,6.187967035290926e-12,6.191499561749895e-12,6.1950274784132815e-12,6.1985508841657684e-12,6.202069870126351e-12,6.205584520456405e-12,6.2090949128295016e-12,6.212601118973193e-12,6.2161032051703716e-12,6.219601232705263e-12,6.223095258269201e-12,6.226585334349731e-12,6.230071509568355e-12,6.233553829003038e-12,6.237032334465445e-12,6.240507064793111e-12,6.243978056076839e-12,6.247445341893121e-12,6.250908953512527e-12,6.254368920085185e-12,6.257825268815429e-12,6.261278025127744e-12,6.264727212801244e-12,6.268172854128477e-12,6.271614970011864e-12,6.275053580083922e-12,6.278488702823237e-12,6.281920355635152e-12,6.285348554956498e-12,6.288773316319163e-12,6.2921946544199874e-12,6.295612583216463e-12,6.2990271159489445e-12,6.302438265246196e-12,6.305846043132183e-12,6.309250461074428e-12,6.312651530082941e-12,6.316049260685157e-12,6.3194436629971215e-12,6.322834746749318e-12,6.326222521298107e-12,6.3296069957298925e-12,6.332988178766827e-12,6.3363660789011576e-12,6.339740704340806e-12,6.343112063070911e-12,6.3464801628321586e-12,6.3498450112483465e-12,6.353206615676136e-12,6.356564983330227e-12,6.359920121267078e-12,6.363272036402157e-12,6.366620735515085e-12,6.369966225254042e-12,6.373308512160473e-12,6.376647602668627e-12,6.379983503111198e-12,6.383316219727154e-12,6.386645758671976e-12,6.389972126022671e-12,6.393295327779255e-12,6.396615369873219e-12,6.399932258172519e-12,6.403245998482468e-12,6.406556596551951e-12,6.4098640580802955e-12,6.413168388699697e-12,6.4164695940253195e-12,6.419767679614958e-12,6.423062650967544e-12,6.4263545135611105e-12,6.429643272816795e-12,6.432928934156251e-12,6.436211502934215e-12,6.439490984487744e-12,6.442767384104844e-12,6.4460407070718626e-12,6.449310958628107e-12,6.45257814398983e-12,6.455842268348984e-12,6.459103336868028e-12,6.462361354694272e-12,6.465616326944015e-12,6.468868258711325e-12,6.472117155070126e-12,6.475363021072733e-12,6.478605861749699e-12,6.481845682115906e-12,6.485082487163194e-12,6.488316281862611e-12,6.491547071169888e-12,6.4947748599661396e-12,6.4979996532806716e-12,6.5012214559581e-12,6.504440272880955e-12,6.507656108915041e-12,6.510868968907899e-12,6.514078857697719e-12,6.517285780096664e-12,6.520489740893196e-12,6.523690744895484e-12,6.526888796872797e-12,6.530083901573663e-12,6.5332760637230854e-12,6.536465288063578e-12,6.539651579310942e-12,6.542834942149894e-12,6.546015381260128e-12,6.549192901308072e-12,6.552367506949388e-12,6.5555392028111625e-12,6.558707993513761e-12,6.561873883684222e-12,6.565036877889448e-12,6.568196980751731e-12,6.5713541968201395e-12,6.5745085306450064e-12,6.5776599867738995e-12,6.580808569729979e-12,6.583954284028477e-12,6.587097134157103e-12,6.590237124633102e-12,6.593374259915179e-12,6.596508544467292e-12,6.599639982722376e-12,6.602768579147567e-12,6.605894338152448e-12,6.609017264145073e-12,6.612137361523901e-12,6.615254634703671e-12,6.618369087997388e-12,6.621480725799731e-12,6.624589552464645e-12,6.627695572316303e-12,6.630798789676525e-12,6.633899208855303e-12,6.636996834162099e-12,6.640091669879015e-12,6.643183720281051e-12,6.646272989631702e-12,6.64935948218246e-12,6.652443202169941e-12,6.65552415382467e-12,6.658602341383131e-12,6.661677769034097e-12,6.6647504409296965e-12,6.667820361296775e-12,6.6708875342811545e-12,6.6739519640693266e-12,6.67701365475575e-12,6.680072610504437e-12,6.683128835434804e-12,6.686182333670079e-12,6.689233109302832e-12,6.692281166411798e-12,6.695326509085172e-12,6.698369141397989e-12,6.7014090673854245e-12,6.704446291101492e-12,6.70748081657991e-12,6.710512647829777e-12,6.7135417888888685e-12,6.71656824375526e-12,6.719592016395629e-12,6.722613110772899e-12,6.725631530906103e-12,6.728647280767226e-12,6.731660364232895e-12,6.734670785270339e-12,6.737678547822678e-12,6.740683655788237e-12,6.743686113057565e-12,6.7466859235360776e-12,6.74968309111161e-12,6.7526776196584195e-12,6.755669513038828e-12,6.758658775099143e-12,6.761645409686434e-12,6.7646294206319586e-12,6.767610811755913e-12,6.770589586881126e-12,6.773565749793344e-12,6.776539304291615e-12,6.779510254159988e-12,6.782478603166383e-12,6.785444355072617e-12,6.7884075136333945e-12,6.791368082588762e-12,6.794326065669523e-12,6.7972814665829796e-12,6.8002342890683216e-12,6.803184536828848e-12,6.806132213548539e-12,6.809077322911193e-12,6.812019868591388e-12,6.814959854253545e-12,6.817897283556938e-12,6.820832160140677e-12,6.823764487643912e-12,6.826694269696e-12,6.829621509896822e-12,6.8325462118698425e-12,6.835468379213377e-12,6.838388015517205e-12,6.841305124361102e-12,6.844219709315958e-12,6.8471317739440405e-12,6.850041321810533e-12,6.852948356446872e-12,6.855852881388934e-12,6.8587549001604484e-12,6.86165441628621e-12,6.864551433272365e-12,6.867445954604949e-12,6.870337983789574e-12,6.873227524326416e-12,6.8761145795897765e-12,6.878999153095381e-12,6.88188124834227e-12,6.884760868782138e-12,6.887638017820579e-12,6.890512698910654e-12,6.893384915452304e-12,6.896254670858843e-12,6.899121968532983e-12,6.901986811845529e-12,6.904849204230698e-12,6.90770914904279e-12,6.910566649640526e-12,6.913421709398252e-12,6.916274331634132e-12,6.9191245197622365e-12,6.921972277039866e-12,6.924817606860268e-12,6.927660512524627e-12,6.930500997347998e-12,6.9333390646230724e-12,6.936174717640739e-12,6.9390079596932215e-12,6.941838794059759e-12,6.944667224010761e-12,6.9474932528136e-12,6.9503168837152885e-12,6.953138119966818e-12,6.955956964807153e-12,6.958773421467694e-12,6.9615874931711085e-12,6.964399183129503e-12,6.967208494558678e-12,6.970015430657426e-12,6.972819994595906e-12,6.975622189597672e-12,6.978422018816515e-12,6.981219485424383e-12,6.9840145925811315e-12,6.986807343441036e-12,6.989597741152299e-12,6.992385788853463e-12,6.9951714896750125e-12,6.997954846740594e-12,7.0007358631786415e-12,7.003514542073498e-12,7.006290886540783e-12,7.009064899667834e-12,7.0118365845446826e-12,7.0146059442512125e-12,7.017372981859095e-12,7.020137700433218e-12,7.02290010303048e-12,7.025660192703917e-12,7.028417972486731e-12,7.031173445421972e-12,7.033926614537863e-12,7.036677482855935e-12,7.03942605339055e-12,7.042172329148876e-12,7.0449163131306934e-12,7.0476580083297245e-12,7.050397417752945e-12,7.053134544357944e-12,7.0558693911169e-12,7.058601960994961e-12,7.061332256950738e-12,7.064060281912605e-12,7.066786038848347e-12,7.069509530695576e-12,7.072230760385235e-12,7.0749497308456035e-12,7.077666444997008e-12,7.080380905727827e-12,7.083093115965945e-12,7.085803078597857e-12,7.088510796516561e-12,7.091216272597577e-12,7.093919509726361e-12,7.096620510792119e-12,7.09931927862876e-12,7.102015816105693e-12,7.10471012607579e-12,7.107402211376746e-12,7.1100920748514436e-12,7.112779719330858e-12,7.115465147638796e-12,7.118148362595565e-12,7.1208293670129776e-12,7.1235081636971605e-12,7.126184755448436e-12,7.128859145059154e-12,7.131531335316238e-12,7.134201328999499e-12,7.136869128883266e-12,7.139534737738144e-12,7.142198158324065e-12,7.144859393397065e-12,7.14751844570702e-12,7.150175318001421e-12,7.152830013012942e-12,7.155482533473122e-12,7.158132882106483e-12,7.1607810616324345e-12,7.163427074757872e-12,7.166070924184293e-12,7.168712612632312e-12,7.171352142787334e-12,7.173989517338338e-12,7.176624738968285e-12,7.179257810353565e-12,7.1818887341656195e-12,7.184517513070318e-12,7.1871441497253994e-12,7.189768646784767e-12,7.1923910068961026e-12,7.1950112327018374e-12,7.197629326836937e-12,7.200245291931573e-12,7.202859130611748e-12,7.205470845492871e-12,7.208080439189673e-12,7.210687914309376e-12,7.213293273453108e-12,7.215896519217671e-12,7.218497654192649e-12,7.2210966809627566e-12,7.2236936021065874e-12,7.226288420198178e-12,7.228881137805093e-12,7.231471757487834e-12,7.2340602818078315e-12,7.2366467133137284e-12,7.239231054549517e-12,7.241813308056936e-12,7.244393476373045e-12,7.246971562021798e-12,7.2495475675242306e-12,7.252121495410494e-12,7.254693348194119e-12,7.257263128371095e-12,7.259830838447942e-12,7.262396480924862e-12,7.264960058292245e-12,7.2675215730250055e-12,7.270081027616532e-12,7.272638424551512e-12,7.275193766288847e-12,7.277747055294343e-12,7.280298294031744e-12,7.282847484950619e-12,7.285394630507092e-12,7.287939733142858e-12,7.290482795338757e-12,7.293023819451553e-12,7.29556280794634e-12,7.298099763249231e-12,7.300634687769653e-12,7.30316758392908e-12,7.305698454136638e-12,7.308227300796069e-12,7.310754126306134e-12,7.313278933060801e-12,7.315801723448714e-12,7.318322499854085e-12,7.320841264655464e-12,7.323358020226938e-12,7.325872768936181e-12,7.328385513142836e-12,7.330896255212097e-12,7.333404997497334e-12,7.335911742352209e-12,7.338416492122628e-12,7.340919249143808e-12,7.343420015751353e-12,7.345918794276707e-12,7.348415587044071e-12,7.350910396374693e-12,7.353403224555012e-12,7.355894073935635e-12,7.358382946824846e-12,7.36086984550721e-12,7.363354772293452e-12,7.365837729463804e-12,7.368318719312455e-12,7.370797744111005e-12,7.373274806167229e-12,7.37574990771121e-12,7.378223051029885e-12,7.380694238394232e-12,7.383163472063473e-12,7.385630754291026e-12,7.388096087327715e-12,7.390559473420577e-12,7.393020914818707e-12,7.395480413754059e-12,7.397937972432258e-12,7.400393593114907e-12,7.402847277993935e-12,7.405299029345359e-12,7.407748849339735e-12,7.41019674020097e-12,7.412642704135055e-12,7.415086743312562e-12,7.417528860010274e-12,7.419969056344718e-12,7.422407334596195e-12,7.424843696781049e-12,7.427278145218107e-12,7.4297106820414e-12,7.432141309424153e-12,7.434570029540332e-12,7.436996844541263e-12,7.439421756636567e-12,7.441844767893123e-12,7.444265880503575e-12,7.446685096617395e-12,7.449102418370681e-12,7.45151784790088e-12,7.453931387337263e-12,7.456343038812687e-12,7.458752804452346e-12,7.461160686376316e-12,7.463566686701661e-12,7.465970807538496e-12,7.468373050999149e-12,7.47077341918665e-12,7.473171914166332e-12,7.475568538096986e-12,7.477963293040975e-12,7.4803561810904e-12,7.482747204320055e-12,7.485136364814191e-12,7.487523664648026e-12,7.489909105893425e-12,7.49229269061672e-12,7.494674420882834e-12,7.49705429875053e-12,7.499432326276325e-12,7.501808505511732e-12,7.504182838505347e-12,7.506555327294e-12,7.50892597392475e-12,7.511294780438236e-12,7.513661748862524e-12,7.51602688123708e-12,7.518390179562017e-12,7.520751645870299e-12,7.523111282178731e-12,7.525469090510875e-12,7.52782507287614e-12,7.530179231233337e-12,7.532531567632931e-12,7.534882084067706e-12,7.537230782529653e-12,7.53957766498873e-12,7.54192273344534e-12,7.544265989878078e-12,7.546607436269379e-12,7.548947074597198e-12,7.551284906828054e-12,7.553620934933468e-12,7.555955160887518e-12,7.558287586609477e-12,7.560618214098464e-12,7.562947045299245e-12,7.565274082148223e-12,7.567599326609604e-12,7.569922780612187e-12,7.572244446099214e-12,7.574564325009377e-12,7.57688241925749e-12,7.579198730796006e-12,7.581513261536498e-12,7.583826013393367e-12,7.586136988304388e-12,7.58844618815612e-12,7.590753614870569e-12,7.593059270353236e-12,7.595363156510542e-12,7.597665275237131e-12,7.599965628429884e-12,7.602264217986734e-12,7.604561045788466e-12,7.606856113727013e-12,7.609149423682278e-12,7.61144097751169e-12,7.61373077713199e-12,7.61601882439415e-12,7.618305121166218e-12,7.6205896693172e-12,7.622872470715466e-12,7.625153527197115e-12,7.627432840627805e-12,7.629710412861584e-12,7.631986245744892e-12,7.634260341122026e-12,7.636532700834975e-12,7.638803326720916e-12,7.641072220607742e-12,7.643339384336866e-12,7.645604819737567e-12,7.647868528634685e-12,7.650130512844233e-12,7.652390774186617e-12,7.654649314475612e-12,7.656906135538243e-12,7.659161239154844e-12,7.66141462715225e-12,7.663666301303394e-12,7.665916263438422e-12,7.668164515346505e-12,7.670411058814993e-12,7.672655895634594e-12,7.674899027590776e-12,7.677140456466565e-12,7.679380184041565e-12,7.681618212092329e-12,7.683854542392328e-12,7.686089176710191e-12,7.68832211681121e-12,7.6905533644559e-12,7.692782921429397e-12,7.695010789461635e-12,7.69723697031777e-12,7.699461465754478e-12,7.701684277499726e-12,7.703905407294632e-12,7.706124856860212e-12,7.708342627964994e-12,7.71055872248754e-12,7.712773141955287e-12,7.71498588819685e-12,7.717196962848008e-12,7.719406367744021e-12,7.721614104589535e-12,7.72382017506982e-12,7.726024580910482e-12,7.728227323821575e-12,7.730428405510639e-12,7.732627827682007e-12,7.734825592041929e-12,7.737021700282069e-12,7.739216154108028e-12,7.741408955214654e-12,7.743600105281588e-12,7.745789606014758e-12,7.747977459088294e-12,7.750163666184377e-12,7.752348228973045e-12,7.754531149158323e-12,7.756712428374182e-12,7.758892068336022e-12,7.761070070701429e-12,7.763246437129781e-12,7.765421169282526e-12,7.767594268819721e-12,7.769765737403967e-12,7.771935576678036e-12,7.774103788300121e-12,7.77627037391562e-12,7.778435335173677e-12,7.780598673708324e-12,7.782760391168002e-12,7.784920489191843e-12,7.787078969413558e-12,7.789235833463984e-12,7.791391082989619e-12,7.793544719575629e-12,7.795696744870872e-12,7.79784716047603e-12,7.79999596799275e-12,7.802143169093722e-12,7.804288765393496e-12,7.806432758471025e-12,7.808575149931137e-12,7.810715941403537e-12,7.812855134458235e-12,7.814992730708613e-12,7.817128731765738e-12,7.819263139204281e-12,7.821395954604867e-12,7.823527179580346e-12,7.825656815766839e-12,7.827784864623233e-12,7.829911327794557e-12,7.832036206860077e-12,7.834159503391874e-12,7.836281218964002e-12,7.838401355150046e-12,7.840519913527138e-12,7.842636895637972e-12,7.844752303053546e-12,7.846866137331837e-12,7.848978400031886e-12,7.851089092708441e-12,7.85319821691332e-12,7.855305774189542e-12,7.857411766117612e-12,7.859516194193978e-12,7.861619059982173e-12,7.863720365019591e-12,7.865820110838134e-12,7.86791829896806e-12,7.8700149309672e-12,7.872110008352695e-12,7.874203532634638e-12,7.876295505369713e-12,7.878385928049321e-12,7.880474802203469e-12,7.882562129346559e-12,7.884647910994654e-12,7.886732148666705e-12,7.888814843863812e-12,7.890895998102688e-12,7.892975612878276e-12,7.89505368969113e-12,7.897130230046839e-12,7.899205235441288e-12,7.901278707369534e-12,7.903350647315075e-12,7.905421056785661e-12,7.907489937257136e-12,7.909557290219814e-12,7.911623117157122e-12,7.9136874195388e-12,7.915750198850984e-12,7.917811456569895e-12,7.919871194168687e-12,7.921929413118678e-12,7.923986114888444e-12,7.926041300944884e-12,7.928094972751537e-12,7.930147131770377e-12,7.932197779460891e-12,7.934246917280232e-12,7.936294546683307e-12,7.938340669122253e-12,7.940385286047589e-12,7.942428398907118e-12,7.944470009146363e-12,7.946510118208732e-12,7.948548727535408e-12,7.950585838565014e-12,7.952621452734011e-12,7.954655571476756e-12,7.956688196225218e-12,7.958719328409195e-12,7.960748969456109e-12,7.96277712079103e-12,7.964803783837653e-12,7.966828960016308e-12,7.968852650745318e-12,7.970874857441391e-12,7.972895581518414e-12,7.97491482438858e-12,7.976932587461253e-12,7.978948872144309e-12,7.98096367984288e-12,7.982977011960304e-12,7.984988869897205e-12,7.986999255052916e-12,7.9890081688236e-12,7.991015612603931e-12,7.993021587786204e-12,7.99502609576917e-12,7.997029137931862e-12,7.999030715617308e-12,8.00103083028537e-12,8.003029483284228e-12,8.005026675992357e-12,8.00702240978688e-12,8.009016686040112e-12,8.011009506128605e-12,8.013000871430054e-12,8.014990783310155e-12,8.016979243134838e-12,8.018966252303961e-12,8.0209518120911e-12,8.022935923911947e-12,8.024918589124847e-12,8.026899809085685e-12,8.028879585162746e-12,8.030857918692071e-12,8.032834811023927e-12,8.034810263509375e-12,8.036784277489191e-12,8.038756854309789e-12,8.040727995313061e-12,8.042697701868734e-12,8.044665975257694e-12,8.046632816821584e-12,8.048598227938842e-12,8.050562209917245e-12,8.05252476408828e-12,8.05448589178006e-12,8.056445594318139e-12,8.058403873026792e-12,8.06036072922756e-12,8.062316164241023e-12,8.064270179387068e-12,8.06622277597777e-12,8.068173955324956e-12,8.07012371870849e-12,8.072072067529453e-12,8.074019003048249e-12,8.075964526523153e-12,8.077908639297466e-12,8.079851342639735e-12,8.081792637941365e-12,8.083732526437181e-12,8.085671009456041e-12,8.08760808824223e-12,8.089543764132988e-12,8.091478038379938e-12,8.093410912367915e-12,8.095342387307425e-12,8.09727246441027e-12,8.09920114503258e-12,8.101128430455642e-12,8.103054321958791e-12,8.104978820759608e-12,8.10690192818518e-12,8.108823645540317e-12,8.110743974136e-12,8.112662915193173e-12,8.114580469941332e-12,8.11649663967837e-12,8.118411425647201e-12,8.120324829119209e-12,8.122236851365149e-12,8.124147493659536e-12,8.126056757215705e-12,8.12796464331261e-12,8.129871153203656e-12,8.131776288139931e-12,8.133680049371345e-12,8.135582438145649e-12,8.137483455714324e-12,8.139383103315805e-12,8.141281382196278e-12,8.14317829358974e-12,8.145073838738001e-12,8.146968018878294e-12,8.1488608352522e-12,8.150752289086788e-12,8.152642381613795e-12,8.154531114062956e-12,8.156418487662213e-12,8.158304503638074e-12,8.160189163215396e-12,8.162072467616344e-12,8.163954418062325e-12,8.165835015773002e-12,8.167714261965104e-12,8.169592157855188e-12,8.171468704656993e-12,8.173343903582838e-12,8.175217755843226e-12,8.177090262647256e-12,8.178961425201823e-12,8.180831244712664e-12,8.182699722383128e-12,8.184566859415433e-12,8.186432657009729e-12,8.18829711635054e-12,8.190160238656457e-12,8.192022025113317e-12,8.193882476913173e-12,8.195741595250194e-12,8.19759938131743e-12,8.199455836334258e-12,8.201310961426048e-12,8.203164757794918e-12,8.20501722663919e-12,8.206868369129453e-12,8.208718186470913e-12,8.210566679825004e-12,8.212413850424285e-12,8.214259699318623e-12,8.216104227749375e-12,8.21794743688729e-12,8.219789327916268e-12,8.221629901987136e-12,8.223469160268374e-12,8.225307103926002e-12,8.227143734126916e-12,8.228979051997668e-12,8.230813058775581e-12,8.23264575552297e-12,8.23447714351044e-12,8.236307223823346e-12,8.238135997628871e-12,8.239963466070792e-12,8.241789630310602e-12,8.24361449149318e-12,8.245438050766537e-12,8.24726030927642e-12,8.24908126816655e-12,8.250900928580178e-12,8.25271929165829e-12,8.254536358530026e-12,8.256352130350995e-12,8.258166608247158e-12,8.259979793360281e-12,8.261791686841592e-12,8.263602289797749e-12,8.265411603360273e-12,8.267219628658616e-12,8.269026366820355e-12,8.270831818971432e-12,8.272635986236042e-12,8.274438869736747e-12,8.276240470594901e-12,8.278040789929786e-12,8.279839828859394e-12,8.281637588500431e-12,8.283434069967577e-12,8.28522927437409e-12,8.287023202832281e-12,8.288815856452087e-12,8.290607236342589e-12,8.292397343610869e-12,8.294186179360859e-12,8.295973744699254e-12,8.297760040728453e-12,8.299545068550023e-12,8.301328829263779e-12,8.30311132396813e-12,8.304892553759641e-12,8.306672519734239e-12,8.308451222985211e-12,8.310228664605465e-12,8.312004845685601e-12,8.313779767315318e-12,8.315553430582562e-12,8.317325836573879e-12,8.319096986374336e-12,8.32086688106764e-12,8.322635521736047e-12,8.324402909460316e-12,8.32616904531975e-12,8.32793393039206e-12,8.329697565753639e-12,8.331459952479853e-12,8.3332210916439e-12,8.334980984318058e-12,8.336739631573071e-12,8.338497034477872e-12,8.340253194100848e-12,8.342008111506812e-12,8.343761787762051e-12,8.345514223930302e-12,8.347265421075225e-12,8.349015380256343e-12,8.350764102532934e-12,8.352511588963123e-12,8.354257840603535e-12,8.356002858509899e-12,8.357746643729988e-12,8.35948919732216e-12,8.361230520336114e-12,8.362970613821832e-12,8.364709478827797e-12,8.366447116399634e-12,8.368183527557919e-12,8.369918713369698e-12,8.37165267490967e-12,8.373385413191809e-12,8.37511692925196e-12,8.376847224124543e-12,8.378576298857303e-12,8.380304154490596e-12,8.382030792046594e-12,8.383756212570035e-12,8.385480417085063e-12,8.387203406616355e-12,8.388925182186747e-12,8.390645744827787e-12,8.392365095595607e-12,8.394083235496504e-12,8.395800165550067e-12,8.397515886783485e-12,8.399230400216605e-12,8.400943706869107e-12,8.402655807759414e-12,8.404366703905593e-12,8.406076396321413e-12,8.40778488602275e-12,8.409492174023151e-12,8.411198261334155e-12,8.412903148966899e-12,8.414606837930362e-12,8.416309329233085e-12,8.41801062388159e-12,8.419710722881544e-12,8.421409627249523e-12,8.423107337969642e-12,8.424803856047911e-12,8.426499182485564e-12,8.428193318282694e-12,8.42988626443692e-12,8.43157802194517e-12,8.43326859180253e-12,8.434957975003206e-12,8.436646172540007e-12,8.438333185404322e-12,8.440019014586333e-12,8.441703661070182e-12,8.443387125848408e-12,8.445069409907589e-12,8.446750514232481e-12,8.448430439807653e-12,8.450109187615346e-12,8.451786758636835e-12,8.453463153852811e-12,8.455138374244117e-12,8.456812420786232e-12,8.458485294455603e-12,8.460156996227707e-12,8.461827527076264e-12,8.463496887974547e-12,8.46516507989352e-12,8.466832103803859e-12,8.468497960674804e-12,8.47016265147378e-12,8.471826177167771e-12,8.473488538721964e-12,8.47514973710055e-12,8.476809773266597e-12,8.478468648174307e-12,8.480126362801183e-12,8.481782918103232e-12,8.483438315032345e-12,8.485092554543899e-12,8.486745637585103e-12,8.488397565132887e-12,8.490048338129711e-12,8.491697957528903e-12,8.493346424281049e-12,8.494993739338188e-12,8.49663990364689e-12,8.49828491815474e-12,8.499928783809288e-12,8.501571501555968e-12,8.503213072335986e-12,8.50485349709768e-12,8.506492776776665e-12,8.508130912320102e-12,8.50976790466311e-12,8.511403754759394e-12,8.513038463512303e-12,8.51467203189328e-12,8.516304460804206e-12,8.517935751192306e-12,8.519565903972675e-12,8.521194920102245e-12,8.522822800499132e-12,8.524449546104822e-12,8.52607515784037e-12,8.527699636631988e-12,8.529322983405767e-12,8.530945199085964e-12,8.53256628459623e-12,8.534186240863346e-12,8.53580506880393e-12,8.537422769338246e-12,8.539039343385192e-12,8.540654791862794e-12,8.542269115687946e-12,8.543882315777135e-12,8.545494393057202e-12,8.547105348415503e-12,8.548715182773688e-12,8.550323897044077e-12,8.55193149213174e-12,8.553537968938225e-12,8.555143328377964e-12,8.556747571369594e-12,8.558350698833525e-12,8.559952711645439e-12,8.561553610716402e-12,8.563153396969585e-12,8.564752071253553e-12,8.566349634512011e-12,8.567946087634515e-12,8.569541431495812e-12,8.571135667043091e-12,8.572728795135778e-12,8.574320816644144e-12,8.575911732511925e-12,8.577501543614204e-12,8.579090250843292e-12,8.580677855114075e-12,8.582264357281102e-12,8.583849758269362e-12,8.58543405890681e-12,8.587017260110606e-12,8.588599362766307e-12,8.590180367758024e-12,8.591760275968714e-12,8.593339088280334e-12,8.594916805573938e-12,8.596493428729319e-12,8.598068958625203e-12,8.599643396139549e-12,8.601216742159251e-12,8.602788997559727e-12,8.604360163195104e-12,8.605930239944409e-12,8.607499228696539e-12,8.609067130292715e-12,8.610633945616011e-12,8.61219967555904e-12,8.613764320975782e-12,8.615327882721985e-12,8.616890361674609e-12,8.61845175870263e-12,8.620012074661243e-12,8.62157131042112e-12,8.623129466839462e-12,8.624686544779797e-12,8.626242545103226e-12,8.627797468666481e-12,8.62935131632983e-12,8.63090408895046e-12,8.632455787385222e-12,8.634006412488679e-12,8.635555965115558e-12,8.637104446119131e-12,8.638651856351365e-12,8.640198196663934e-12,8.641743467906892e-12,8.643287670929645e-12,8.644830806580573e-12,8.646372875707158e-12,8.647913879155099e-12,8.64945381777033e-12,8.650992692397259e-12,8.65253050388e-12,8.654067253060608e-12,8.655602940779677e-12,8.657137567877872e-12,8.658671135195804e-12,8.660203643570195e-12,8.661735093839027e-12,8.663265486839453e-12,8.664794823403834e-12,8.666323104372845e-12,8.667850330577222e-12,8.66937650284978e-12,8.670901622022454e-12,8.672425688926175e-12,8.673948704390953e-12,8.6754706692356e-12,8.676991584302572e-12,8.6785114504339e-12,8.680030268394491e-12,8.68154803906322e-12,8.683064763262511e-12,8.684580441798689e-12,8.68609507547228e-12,8.687608665146572e-12,8.689121211644796e-12,8.690632715770397e-12,8.69214317834379e-12,8.693652600180585e-12,8.695160982098591e-12,8.696668324922263e-12,8.698174629450106e-12,8.699679896496888e-12,8.701184126836762e-12,8.702687321365211e-12,8.704189480853508e-12,8.705690606099633e-12,8.707190697938274e-12,8.708689757119658e-12,8.710187784535144e-12,8.711684780962587e-12,8.713180747175665e-12,8.714675683993812e-12,8.716169592249486e-12,8.717662472722178e-12,8.719154326223247e-12,8.720645153558663e-12,8.722134955491422e-12,8.723623732874555e-12,8.72511148648087e-12,8.726598217108818e-12,8.728083925560058e-12,8.72956861264982e-12,8.731052279115254e-12,8.732534925783544e-12,8.734016553382953e-12,8.73549716276229e-12,8.736976754717004e-12,8.738455330039124e-12,8.739932889505574e-12,8.741409433916605e-12,8.742884964061953e-12,8.744359480723646e-12,8.745832984687283e-12,8.747305476738276e-12,8.74877695766075e-12,8.750247428237713e-12,8.751716889251873e-12,8.753185341484667e-12,8.754652785716793e-12,8.75611922272821e-12,8.757584653297614e-12,8.759049078202852e-12,8.760512498221708e-12,8.761974914130442e-12,8.763436326704326e-12,8.764896736718273e-12,8.766356144945754e-12,8.767814552159954e-12,8.769271959132729e-12,8.770728366635565e-12,8.772183775438694e-12,8.773638186311557e-12,8.775091600022342e-12,8.776544017339612e-12,8.777995439029894e-12,8.779445865859735e-12,8.780895298594614e-12,8.782343738000012e-12,8.783791184836959e-12,8.785237639869362e-12,8.786683103859435e-12,8.78812757756809e-12,8.789571061756355e-12,8.7910135571821e-12,8.792455064604625e-12,8.793895584775957e-12,8.795335118458663e-12,8.796773666400061e-12,8.79821122939172e-12,8.799647808155576e-12,8.801083403449568e-12,8.802518015992281e-12,8.803951646566513e-12,8.805384295964654e-12,8.806815964889398e-12,8.808246654111474e-12,8.809676364380695e-12,8.811105096424455e-12,8.812532851005664e-12,8.813959628857517e-12,8.81538543073762e-12,8.816810257420252e-12,8.8182341095806e-12,8.81965698797506e-12,8.821078893367095e-12,8.822499826590678e-12,8.82391978820379e-12,8.825338779046584e-12,8.8267567998459e-12,8.828173851411646e-12,8.829589934352288e-12,8.831005049451197e-12,8.832419197438904e-12,8.833832379081152e-12,8.835244595184945e-12,8.83665584636512e-12,8.838066133406715e-12,8.839475457032742e-12,8.840883817934712e-12,8.842291216823033e-12,8.843697654478819e-12,8.845103131627533e-12,8.846507648998947e-12,8.84791120726399e-12,8.849313807261006e-12,8.850715449659743e-12,8.8521161351855e-12,8.853515864561955e-12,8.8549146385128e-12,8.856312457760518e-12,8.857709323027307e-12,8.859105235033998e-12,8.860500194500992e-12,8.861894202147676e-12,8.863287258693303e-12,8.864679364855594e-12,8.86607052135171e-12,8.86746072889857e-12,8.868849988211666e-12,8.870238300006008e-12,8.87162566499494e-12,8.873012083892845e-12,8.874397557413491e-12,8.875782086267828e-12,8.877165671167196e-12,8.878548312822093e-12,8.87993001194206e-12,8.881310769236662e-12,8.882690585413625e-12,8.884069461180476e-12,8.885447397244319e-12,8.886824394310749e-12,8.888200453085281e-12,8.889575574272403e-12,8.890949758575795e-12,8.892323006698566e-12,8.893695319349887e-12,8.895066697224672e-12,8.89643714102403e-12,8.897806651448054e-12,8.899175229196388e-12,8.900542874967401e-12,8.901909589459209e-12,8.903275373368951e-12,8.90464022739322e-12,8.90600415222788e-12,8.907367148567978e-12,8.908729217107832e-12,8.910090358541117e-12,8.91145057356072e-12,8.912809862859104e-12,8.914168227127773e-12,8.915525667057455e-12,8.916882183338689e-12,8.9182377766608e-12,8.919592447712817e-12,8.920946197153591e-12,8.922299025696345e-12,8.9236509340277e-12,8.925001922833389e-12,8.926351992798151e-12,8.927701144606338e-12,8.929049378941797e-12,8.930396696487074e-12,8.931743097924261e-12,8.933088583951941e-12,8.934433155236987e-12,8.935776812442207e-12,8.937119556261893e-12,8.938461387373068e-12,8.93980230645006e-12,8.941142314179632e-12,8.942481411228191e-12,8.943819598279304e-12,8.945156876024575e-12,8.946493245104568e-12,8.94782870620689e-12,8.949163260005572e-12,8.950496907173055e-12,8.951829648381203e-12,8.953161484301236e-12,8.95449241559784e-12,8.955822442946416e-12,8.957151567021223e-12,8.95847978847908e-12,8.959807107979167e-12,8.961133526201433e-12,8.962459043812424e-12,8.963783661476564e-12,8.965107379858846e-12,8.966430199622263e-12,8.96775212144726e-12,8.969073145979967e-12,8.970393273882932e-12,8.971712505825814e-12,8.973030842434773e-12,8.974348284418968e-12,8.975664832421437e-12,8.97698048710003e-12,8.978295249112856e-12,8.979609119117015e-12,8.980922097769002e-12,8.982234185724974e-12,8.983545383640434e-12,8.98485569216994e-12,8.986165111967698e-12,8.98747364368737e-12,8.988781287980887e-12,8.990088045501395e-12,8.991393916900256e-12,8.992698902828609e-12,8.994003003971745e-12,8.995306220941629e-12,8.996608554387655e-12,8.997910004957734e-12,8.999210573300264e-12,9.000510260062151e-12,9.001809065889893e-12,9.003106991428982e-12,9.004404037324923e-12,9.005700204222217e-12,9.0069954927644e-12,9.008289903594954e-12,9.009583437356226e-12,9.01087609469007e-12,9.012167876237948e-12,9.013458782640582e-12,9.01474881453755e-12,9.016037972568446e-12,9.017326257371917e-12,9.018613669578986e-12,9.019900209835317e-12,9.02118587876753e-12,9.022470677021426e-12,9.023754605232472e-12,9.025037664035279e-12,9.026319854064199e-12,9.027601175952685e-12,9.028881630333759e-12,9.030161217839873e-12,9.031439939102394e-12,9.032717794754042e-12,9.033994785423778e-12,9.035270911741492e-12,9.036546174336245e-12,9.037820573836913e-12,9.039094110871162e-12,9.040366786066828e-12,9.041638600050199e-12,9.042909553441215e-12,9.044179646871856e-12,9.045448880967266e-12,9.046717256351581e-12,9.047984773651794e-12,9.049251433487168e-12,9.050517236480652e-12,9.051782183251937e-12,9.053046274422969e-12,9.054309510593873e-12,9.055571892427978e-12,9.056833420525837e-12,9.058094095502051e-12,9.059353917978906e-12,9.060612888571478e-12,9.061871007896447e-12,9.063128276573992e-12,9.064384695213906e-12,9.065640264436639e-12,9.066894984848906e-12,9.06814885706747e-12,9.069401881709319e-12,9.070654059385923e-12,9.071905390709361e-12,9.073155876291322e-12,9.074405516740828e-12,9.075654312669983e-12,9.076902264682316e-12,9.078149373402367e-12,9.079395639432728e-12,9.080641063377819e-12,9.081885645842235e-12,9.083129387428715e-12,9.084372288765218e-12,9.085614350440166e-12,9.086855573059516e-12,9.08809595721687e-12,9.08933550352838e-12,9.09057421259715e-12,9.091812085025695e-12,9.093049121436591e-12,9.094285322409395e-12,9.09552068854908e-12,9.096755220451981e-12,9.097988918721009e-12,9.099221783955429e-12,9.100453816754343e-12,9.101685017714307e-12,9.102915387436198e-12,9.10414492652069e-12,9.105373635551337e-12,9.106601515133109e-12,9.107828565863906e-12,9.109054788326886e-12,9.110280183170705e-12,9.11150475087112e-12,9.112728492112988e-12,9.113951407467151e-12,9.1151734975122e-12,9.116394762865017e-12,9.11761520410175e-12,9.11883482179994e-12,9.120053616574565e-12,9.121271589017376e-12,9.122488739700736e-12,9.123705069200275e-12,9.124920578126847e-12,9.126135267063571e-12,9.12734913659634e-12,9.12856218729466e-12,9.129774419751738e-12,9.130985834536392e-12,9.132196432280476e-12,9.13340621353611e-12,9.13461517889192e-12,9.135823328916261e-12,9.137030664214259e-12,9.138237185346005e-12,9.139442892900477e-12,9.140647787465559e-12,9.14185186960554e-12,9.143055139913981e-12,9.144257598960845e-12,9.14545924732038e-12,9.146660085568724e-12,9.14786011429572e-12,9.149059334071289e-12,9.150257745473211e-12,9.151455349072684e-12,9.152652145446214e-12,9.153848135167904e-12,9.155043318805297e-12,9.156237696944322e-12,9.157431270144482e-12,9.158624038963294e-12,9.159816004018976e-12,9.161007165860893e-12,9.162197525051216e-12,9.163387082163244e-12,9.16457583776642e-12,9.165763792429845e-12,9.166950946721054e-12,9.16813730120912e-12,9.169322856480055e-12,9.170507613059991e-12,9.171691571535568e-12,9.172874732472446e-12,9.174057096444762e-12,9.175238664003509e-12,9.1764194357125e-12,9.177599412133662e-12,9.178778593836815e-12,9.179956981388325e-12,9.18113457534625e-12,9.18231137627369e-12,9.18348738472093e-12,9.184662601265492e-12,9.185837026461311e-12,9.187010660856708e-12,9.188183505022651e-12,9.189355559512742e-12,9.190526824881576e-12,9.19169730168963e-12,9.192866990493415e-12,9.1940358918493e-12,9.195204006312828e-12,9.196371334439116e-12,9.197537876782876e-12,9.198703633898229e-12,9.19986860633845e-12,9.20103279465664e-12,9.20219619940559e-12,9.20335882113724e-12,9.204520660403577e-12,9.205681717755412e-12,9.206841993743349e-12,9.208001488917254e-12,9.20916020382681e-12,9.210318139021238e-12,9.211475295048628e-12,9.212631672457453e-12,9.213787271794571e-12,9.214942093607729e-12,9.216096138442894e-12,9.217249406846501e-12,9.218401899363428e-12,9.219553616539395e-12,9.220704558918365e-12,9.221854727037332e-12,9.223004121456322e-12,9.224152742696101e-12,9.225300591324101e-12,9.226447667884139e-12,9.227593972898375e-12,9.228739506903848e-12,9.22988427045039e-12,9.231028264078308e-12,9.23217148832735e-12,9.233313943735963e-12,9.234455630843221e-12,9.235596550187062e-12,9.236736702301288e-12,9.237876087727256e-12,9.239014707001425e-12,9.24015256065985e-12,9.241289649237978e-12,9.24242597327129e-12,9.243561533294008e-12,9.244696329837565e-12,9.245830363438312e-12,9.246963634629124e-12,9.248096143893202e-12,9.249227891814342e-12,9.250358878969546e-12,9.25148910584576e-12,9.252618572976069e-12,9.253747280882197e-12,9.254875230098447e-12,9.25600242115234e-12,9.25712885457105e-12,9.25825453089774e-12,9.259379450639678e-12,9.260503614332677e-12,9.261627022503283e-12,9.262749675699726e-12,9.26387157440502e-12,9.264992719169475e-12,9.266113110514623e-12,9.26723274896362e-12,9.268351635041116e-12,9.269469769269578e-12,9.270587152177615e-12,9.271703784306189e-12,9.272819666138082e-12,9.273934798209436e-12,9.275049181045842e-12,9.276162815168802e-12,9.277275701138525e-12,9.278387839378281e-12,9.279499230475786e-12,9.280609874938116e-12,9.281719773283331e-12,9.282828926026379e-12,9.283937333687653e-12,9.285044996763939e-12,9.286151915814917e-12,9.287258091318371e-12,9.288363523831883e-12,9.289468213835004e-12,9.29057216183638e-12,9.29167536834345e-12,9.292777833929467e-12,9.293879559069182e-12,9.294980544262863e-12,9.296080790074e-12,9.29718029695925e-12,9.298279065447265e-12,9.299377096052599e-12,9.300474389280911e-12,9.30157094567673e-12,9.302666765690704e-12,9.303761849860578e-12,9.304856198678288e-12,9.30594981268565e-12,9.307042692372578e-12,9.308134838252304e-12,9.309226250817853e-12,9.31031693059564e-12,9.311406878079833e-12,9.312496093775769e-12,9.313584578187258e-12,9.31467233183462e-12,9.31575935520074e-12,9.31684564880503e-12,9.3179312131416e-12,9.319016048718139e-12,9.320100156036504e-12,9.321183535601719e-12,9.32226618791487e-12,9.323348113471519e-12,9.324429312774996e-12,9.325509786325835e-12,9.326589534624487e-12,9.32766855817631e-12,9.32874685746784e-12,9.329824433004751e-12,9.330901285287092e-12,9.331977414811208e-12,9.333052822073345e-12,9.334127507570992e-12,9.335201471800167e-12,9.336274715253894e-12,9.337347238438114e-12,9.338419041844371e-12,9.339490125956695e-12,9.340560491282616e-12,9.341630138305813e-12,9.342699067522123e-12,9.343767279430366e-12,9.344834774518516e-12,9.345901553281685e-12,9.346967616208161e-12,9.348032963788163e-12,9.3490975965164e-12,9.35016151488358e-12,9.351224719374053e-12,9.352287210481946e-12,9.353348988695675e-12,9.354410054503806e-12,9.355470408395196e-12,9.356530050857113e-12,9.357588982361183e-12,9.35864720340797e-12,9.359704714489126e-12,9.360761516085975e-12,9.361817608706862e-12,9.362872992812884e-12,9.363927668833818e-12,9.364981637367232e-12,9.366034898845679e-12,9.367087453750443e-12,9.368139302566303e-12,9.369190445758892e-12,9.370240883837557e-12,9.371290617274069e-12,9.372339646549048e-12,9.3733879721411e-12,9.374435594531786e-12,9.37548251420986e-12,9.376528731644578e-12,9.377574247324676e-12,9.378619061720986e-12,9.379663175307769e-12,9.380706588575219e-12,9.381749301998325e-12,9.382791316053425e-12,9.383832631216984e-12,9.384873247998854e-12,9.385913166757447e-12,9.386952388044931e-12,9.387990912331451e-12,9.389028740164395e-12,9.390065871958272e-12,9.39110230818726e-12,9.392138049325062e-12,9.393173095844229e-12,9.39420744821855e-12,9.39524110692025e-12,9.396274072421681e-12,9.397306345194495e-12,9.39833792570978e-12,9.399368814438911e-12,9.400399011851927e-12,9.401428518419329e-12,9.402457334611408e-12,9.403485460895497e-12,9.404512897742014e-12,9.405539645618958e-12,9.406565704994616e-12,9.407591076338006e-12,9.408615760114985e-12,9.409639756792731e-12,9.410663066838886e-12,9.411685690718263e-12,9.41270762889659e-12,9.41372888183922e-12,9.414749450010653e-12,9.415769333875822e-12,9.416788533898515e-12,9.417807050542518e-12,9.41882488427147e-12,9.419842035547889e-12,9.420858504834668e-12,9.421874292593576e-12,9.422889399286876e-12,9.423903825375314e-12,9.424917571320309e-12,9.425930637582415e-12,9.426943024621782e-12,9.427954732897786e-12,9.428965762870561e-12,9.429976114998522e-12,9.430985789740676e-12,9.431994787555167e-12,9.433003108857474e-12,9.434010754145876e-12,9.435017723876853e-12,9.436024018506485e-12,9.437029638488421e-12,9.438034584275222e-12,9.439038856392711e-12,9.44004245523474e-12,9.44104538125602e-12,9.442047634911146e-12,9.443049216662554e-12,9.444050126955424e-12,9.445050366233732e-12,9.446049934948132e-12,9.44704883356904e-12,9.448047062544524e-12,9.449044622325508e-12,9.450041513361697e-12,9.451037736104165e-12,9.452033291003132e-12,9.45302817850916e-12,9.454022399071915e-12,9.455015953140702e-12,9.456008841165052e-12,9.457001063593553e-12,9.457992620874142e-12,9.458983513455324e-12,9.459973741784133e-12,9.460963306308337e-12,9.46195220747438e-12,9.462940445732575e-12,9.463928021524666e-12,9.464914935296583e-12,9.465901187493601e-12,9.466886778560931e-12,9.46787170894212e-12,9.468855979082725e-12,9.469839589426705e-12,9.470822540417218e-12,9.471804832517884e-12,9.47278646613802e-12,9.473767441725156e-12,9.474747759730263e-12,9.475727420593322e-12,9.476706424756572e-12,9.477684772660912e-12,9.478662464746576e-12,9.479639501453866e-12,9.480615883222444e-12,9.481591610492151e-12,9.48256668370264e-12,9.483541103291101e-12,9.484514869696582e-12,9.485487983356293e-12,9.486460444702128e-12,9.487432254185335e-12,9.488403412235315e-12,9.489373919285259e-12,9.490343775778039e-12,9.491312982146311e-12,9.492281538818521e-12,9.493249446244595e-12,9.49421670492614e-12,9.495183315223722e-12,9.496149277571267e-12,9.497114592401244e-12,9.498079260146122e-12,9.499043281242298e-12,9.50000665611788e-12,9.500969385207301e-12,9.501931468943938e-12,9.50289290775714e-12,9.503853702079102e-12,9.50481385233994e-12,9.505773358973526e-12,9.506732222404795e-12,9.507690443064806e-12,9.50864802138464e-12,9.509604957792277e-12,9.510561252717685e-12,9.511516906588875e-12,9.512471919832894e-12,9.513426292877663e-12,9.514380026150549e-12,9.515333120077734e-12,9.5162855750876e-12,9.517237391604805e-12,9.51818857005532e-12,9.519139110867688e-12,9.52008901446309e-12,9.5210382812666e-12,9.521986911704898e-12,9.522934906122068e-12,9.523882265020821e-12,9.52482898882506e-12,9.525775077957978e-12,9.52672053284199e-12,9.527665353899859e-12,9.528609541553793e-12,9.529553096225175e-12,9.530496018335544e-12,9.531438308305867e-12,9.53237996655719e-12,9.533320993509249e-12,9.53426138958286e-12,9.535201155197067e-12,9.536140290771705e-12,9.537078796725312e-12,9.538016673476779e-12,9.538953921444309e-12,9.53989054104612e-12,9.540826532699578e-12,9.541761896822327e-12,9.542696633830998e-12,9.543630744142316e-12,9.544564228172513e-12,9.545497086337686e-12,9.546429319053364e-12,9.547360926735012e-12,9.548291909797305e-12,9.549222268654919e-12,9.550152003722052e-12,9.551081115412883e-12,9.552009604140747e-12,9.552937470318942e-12,9.553864714360589e-12,9.554791336678113e-12,9.55571733768386e-12,9.556642717789651e-12,9.557567477407163e-12,9.558491616947634e-12,9.559415136822159e-12,9.56033803744105e-12,9.561260319214518e-12,9.562181982553102e-12,9.563103027865826e-12,9.564023455562313e-12,9.564943266051185e-12,9.565862459741268e-12,9.566781037040704e-12,9.567698998357687e-12,9.568616344099801e-12,9.569533074674335e-12,9.570449190525867e-12,9.571364692024468e-12,9.57227957957507e-12,9.573193853584121e-12,9.574107514457009e-12,9.575020562598452e-12,9.575932998412418e-12,9.576844822306396e-12,9.577756034684057e-12,9.578666635948476e-12,9.579576626504278e-12,9.580486006754797e-12,9.581394777103838e-12,9.582302937952627e-12,9.583210489704614e-12,9.584117432761247e-12,9.58502376752459e-12,9.585929494396293e-12,9.586834613777276e-12,9.587739126069055e-12,9.588643031671046e-12,9.589546330984243e-12,9.590449024408399e-12,9.591351112342467e-12,9.592252595143215e-12,9.59315347325311e-12,9.59405374707048e-12,9.594953416993724e-12,9.595852483428226e-12,9.596750946763468e-12,9.597648807397435e-12,9.598546065726552e-12,9.599442722147786e-12,9.600338777057583e-12,9.601234230851935e-12,9.602129083926615e-12,9.603023336676907e-12,9.60391698949813e-12,9.604810042785173e-12,9.605702496932133e-12,9.606594352333491e-12,9.607485609383197e-12,9.608376268474599e-12,9.609266330001089e-12,9.610155794355466e-12,9.611044661930403e-12,9.611932933118333e-12,9.612820608311286e-12,9.613707687900623e-12,9.614594172278049e-12,9.615480061834536e-12,9.61636535696097e-12,9.617250058047413e-12,9.618134165484602e-12,9.619017679661866e-12,9.619900600969014e-12,9.620782929795048e-12,9.621664666529155e-12,9.62254581155976e-12,9.623426365275348e-12,9.624306328063698e-12,9.625185700312634e-12,9.626064482409212e-12,9.626942674735538e-12,9.627820277684158e-12,9.62869729164143e-12,9.629573716993396e-12,9.630449554126073e-12,9.631324803425e-12,9.632199465276638e-12,9.633073540064222e-12,9.633947028172806e-12,9.63481992998608e-12,9.635692245888671e-12,9.636563976264056e-12,9.637435121495787e-12,9.638305681966987e-12,9.63917565806061e-12,9.640045050159102e-12,9.640913858644547e-12,9.641782083898847e-12,9.642649726303972e-12,9.64351678624124e-12,9.644383264091421e-12,9.645249160235548e-12,9.646114475053772e-12,9.64697920892636e-12,9.647843362233522e-12,9.64870693535425e-12,9.649569928668268e-12,9.65043234255432e-12,9.65129417739103e-12,9.652155433556917e-12,9.653016111429897e-12,9.653876211388067e-12,9.654735733808522e-12,9.655594679068709e-12,9.656453047545589e-12,9.657310839615349e-12,9.658168055654842e-12,9.659024696039722e-12,9.659880761146037e-12,9.660736251348756e-12,9.6615911670235e-12,9.6624455085447e-12,9.663299276287138e-12,9.664152470625345e-12,9.665005091932783e-12,9.665857140583358e-12,9.666708616950716e-12,9.667559521407656e-12,9.668409854326908e-12,9.669259616081333e-12,9.670108807043065e-12,9.670957427583823e-12,9.671805478075556e-12,9.672652958889525e-12,9.673499870396794e-12,9.674346212968155e-12,9.675191986974273e-12,9.676037192785047e-12,9.676881830770602e-12,9.67772590130072e-12,9.678569404744453e-12,9.679412341471384e-12,9.680254711849867e-12,9.681096516248487e-12,9.681937755035546e-12,9.682778428578997e-12,9.683618537246381e-12,9.68445808140684e-12,9.685297061425489e-12,9.686135477669569e-12,9.686973330505377e-12,9.687810620299344e-12,9.688647347417182e-12,9.689483512224977e-12,9.690319115087549e-12,9.691154156370126e-12,9.69198863643808e-12,9.692822555655536e-12,9.693655914386839e-12,9.694488712995696e-12,9.695320951846383e-12,9.69615263130208e-12,9.69698375172835e-12,9.697814313480766e-12,9.698644316927032e-12,9.699473762430936e-12,9.700302650352576e-12,9.701130981054082e-12,9.701958754896813e-12,9.702785972241976e-12,9.70361263344448e-12,9.704438738878915e-12,9.705264288898072e-12,9.706089283860957e-12,9.706913724128374e-12,9.707737610059187e-12,9.708560942013265e-12,9.709383720349083e-12,9.710205945425839e-12,9.711027617601344e-12,9.711848737234119e-12,9.712669304682202e-12,9.713489320302913e-12,9.714308784454154e-12,9.715127697492206e-12,9.715946059774456e-12,9.716763871657242e-12,9.717581133496827e-12,9.718397845649026e-12,9.71921400846983e-12,9.720029622314818e-12,9.72084468753837e-12,9.721659204496214e-12,9.722473173542694e-12,9.723286595032351e-12,9.724099469318864e-12,9.724911796756439e-12,9.725723577698215e-12,9.726534812498041e-12,9.72734550150844e-12,9.728155645082376e-12,9.728965243572096e-12,9.729774297330367e-12,9.73058280670862e-12,9.731390772058718e-12,9.732198193731881e-12,9.733005072079235e-12,9.733811407451936e-12,9.734617200200458e-12,9.735422450675277e-12,9.73622715922589e-12,9.737031326203003e-12,9.737834951955456e-12,9.738638036832743e-12,9.739440581183766e-12,9.74024258535775e-12,9.741044049702482e-12,9.741844974566922e-12,9.742645360298341e-12,9.74344520724478e-12,9.744244515753546e-12,9.745043286172101e-12,9.745841518846852e-12,9.746639214124576e-12,9.747436372352147e-12,9.748232993875133e-12,9.74902907903977e-12,9.749824628191004e-12,9.750619641674932e-12,9.751414119836457e-12,9.7522080630201e-12,9.753001471570401e-12,9.753794345832056e-12,9.754586686148631e-12,9.75537849286435e-12,9.756169766322648e-12,9.756960506866422e-12,9.75775071483873e-12,9.758540390582684e-12,9.759329534440359e-12,9.760118146754716e-12,9.760906227866702e-12,9.761693778118498e-12,9.762480797851546e-12,9.763267287407382e-12,9.764053247126308e-12,9.764838677349398e-12,9.765623578416883e-12,9.766407950669346e-12,9.767191794446082e-12,9.767975110087088e-12,9.768757897931717e-12,9.769540158319416e-12,9.770321891588474e-12,9.77110309807815e-12,9.771883778126439e-12,9.772663932071555e-12,9.773443560251317e-12,9.774222663003735e-12,9.775001240665526e-12,9.775779293574431e-12,9.776556822066998e-12,9.777333826479712e-12,9.778110307149508e-12,9.778886264411713e-12,9.779661698602718e-12,9.780436610057948e-12,9.781210999113234e-12,9.781984866103119e-12,9.782758211362547e-12,9.783531035226005e-12,9.784303338028364e-12,9.785075120103266e-12,9.785846381784637e-12,9.78661712340611e-12,9.787387345301404e-12,9.788157047803351e-12,9.788926231244426e-12,9.789694895957771e-12,9.790463042247838e-12,9.791230670474826e-12,9.791997780967476e-12,9.792764374060906e-12,9.793530450081374e-12,9.794296009360419e-12,9.795061052229042e-12,9.795825579061689e-12,9.796589590148357e-12,9.797353085781418e-12,9.798116066331965e-12,9.798878532131645e-12,9.799640483507904e-12,9.800401920788188e-12,9.801162844300322e-12,9.801923254375273e-12,9.802683151338957e-12,9.803442535520398e-12,9.804201407241782e-12,9.804959766835694e-12,9.805717614629705e-12,9.806474950950935e-12,9.807231776126249e-12,9.807988090482235e-12,9.808743894346794e-12,9.809499188043962e-12,9.810253971901587e-12,9.81100824624434e-12,9.81176201139824e-12,9.812515267688924e-12,9.813268015440013e-12,9.814020254977632e-12,9.814771986625856e-12,9.815523210709479e-12,9.816273927551275e-12,9.817024137477178e-12,9.817773840808982e-12,9.818523037871078e-12,9.819271728985613e-12,9.82001991447651e-12,9.820767594665577e-12,9.821514769875594e-12,9.822261440429662e-12,9.823007606648394e-12,9.823753268853622e-12,9.82449842740553e-12,9.825243082587903e-12,9.825987234720386e-12,9.826730884126523e-12,9.82747403112254e-12,9.828216676030764e-12,9.828958819170549e-12,9.82970046086182e-12,9.830441601424946e-12,9.831182241178932e-12,9.831922380442626e-12,9.83266201953541e-12,9.833401158775585e-12,9.834139798481872e-12,9.834877938972078e-12,9.835615580564389e-12,9.836352723576387e-12,9.837089368325587e-12,9.837825515129216e-12,9.838561164304426e-12,9.839296316167542e-12,9.840030971034741e-12,9.840765129222985e-12,9.841498791048443e-12,9.842231956827157e-12,9.842964626874848e-12,9.843696801507052e-12,9.844428481037817e-12,9.845159665781888e-12,9.845890356054488e-12,9.846620552170453e-12,9.847350254443505e-12,9.84807946318795e-12,9.848808178717408e-12,9.849536401345368e-12,9.850264131385547e-12,9.850991369150561e-12,9.851718114954346e-12,9.852444369108547e-12,9.853170131925573e-12,9.853895403711508e-12,9.854620184784544e-12,9.855344475456308e-12,9.856068276038147e-12,9.856791586841325e-12,9.857514408177147e-12,9.85823674035609e-12,9.858958583688944e-12,9.859679938485988e-12,9.860400805057199e-12,9.861121183712657e-12,9.861841074762038e-12,9.862560478514664e-12,9.863279395279783e-12,9.86399782536661e-12,9.864715769083383e-12,9.865433226739155e-12,9.86615019864196e-12,9.86686668509995e-12,9.867582686420965e-12,9.868298202912825e-12,9.869013234882883e-12,9.869727782638377e-12,9.870441846486051e-12,9.871155426732713e-12,9.871868523685194e-12,9.872581137649522e-12,9.873293268931688e-12,9.87400491783795e-12,9.87471608467342e-12,9.875426769744138e-12,9.876136973354689e-12,9.876846695810553e-12,9.877555937425176e-12,9.878264698502193e-12,9.878972979331657e-12,9.879680780222905e-12,9.880388101480258e-12,9.88109494340812e-12,9.881801306309367e-12,9.882507190487755e-12,9.883212596245869e-12,9.883917523886608e-12,9.884621973712722e-12,9.885325946026324e-12,9.886029441129728e-12,9.8867324593248e-12,9.88743500091327e-12,9.88813706619639e-12,9.888838655475631e-12,9.889539769051889e-12,9.890240407225948e-12,9.890940570298766e-12,9.891640258567351e-12,9.892339472337911e-12,9.893038211908218e-12,9.893736477577778e-12,9.894434269646299e-12,9.895131588418917e-12,9.895828434187745e-12,9.896524807251749e-12,9.897220707909434e-12,9.89791613645947e-12,9.898611093199818e-12,9.8993055784286e-12,9.89999959244367e-12,9.90069313554266e-12,9.901386208022544e-12,9.90207881018092e-12,9.902770942314643e-12,9.903462604720422e-12,9.904153797694764e-12,9.904844521533753e-12,9.90553477653381e-12,9.906224562990335e-12,9.906913881199742e-12,9.90760273144263e-12,9.908291114028932e-12,9.90897902925367e-12,9.90966647741137e-12,9.910353458797079e-12,9.911039973704643e-12,9.911726022428588e-12,9.912411605262848e-12,9.913096722500736e-12,9.91378137443647e-12,9.914465561363058e-12,9.91514928357356e-12,9.91583254136103e-12,9.916515335018069e-12,9.917197664837198e-12,9.917879531110727e-12,9.918560934130678e-12,9.919241874188966e-12,9.919922351576984e-12,9.920602366586679e-12,9.92128191950896e-12,9.921961010634782e-12,9.92263964025536e-12,9.923317808660709e-12,9.923995516141776e-12,9.924672762988491e-12,9.9253495494909e-12,9.92602587593883e-12,9.926701742621789e-12,9.927377149829166e-12,9.928052097860961e-12,9.928726586994221e-12,9.929400617517968e-12,9.930074189711556e-12,9.930747303874212e-12,9.931419960293783e-12,9.932092159258171e-12,9.932763901055005e-12,9.933435185971686e-12,9.93410601429558e-12,9.934776386313561e-12,9.935446302315075e-12,9.936115762584057e-12,9.93678476740685e-12,9.937453317070156e-12,9.938121411859912e-12,9.938789052061913e-12,9.939456237961964e-12,9.940122969845452e-12,9.940789247997837e-12,9.941455072703995e-12,9.942120444249138e-12,9.942785362915721e-12,9.943449828989963e-12,9.94411384275643e-12,9.944777404498896e-12,9.945440514501098e-12,9.946103173047079e-12,9.946765380420056e-12,9.947427136903438e-12,9.948088442779978e-12,9.948749298332863e-12,9.94940970384464e-12,9.950069659597549e-12,9.950729165874033e-12,9.951388222956319e-12,9.952046831125904e-12,9.952704990664738e-12,9.953362701854046e-12,9.954019964975027e-12,9.954676780309223e-12,9.955333148137011e-12,9.955989068739184e-12,9.956644542396309e-12,9.957299569391083e-12,9.957954150000792e-12,9.958608284505954e-12,9.959261973185634e-12,9.959915216319362e-12,9.960568014184823e-12,9.961220367063089e-12,9.96187227523281e-12,9.962523738972886e-12,9.963174758563522e-12,9.963825334281079e-12,9.964475466403076e-12,9.965125155208114e-12,9.965774400973676e-12,9.966423203976518e-12,9.967071564495413e-12,9.967719482806292e-12,9.968366959186532e-12,9.96901399391243e-12,9.969660587261024e-12,9.970306739508547e-12,9.970952450930645e-12,9.971597721803864e-12,9.972242552403736e-12,9.972886943005661e-12,9.97353089388541e-12,9.974174405317603e-12,9.974817477577653e-12,9.975460110939873e-12,9.976102305679304e-12,9.976744062070205e-12,9.97738538038664e-12,9.978026260902998e-12,9.978666703892138e-12,9.979306709628718e-12,9.979946278385942e-12,9.980585410436615e-12,9.981224106054535e-12,9.981862365511753e-12,9.9825001890812e-12,9.983137577035383e-12,9.983774529646664e-12,9.984411047187113e-12,9.9850471299287e-12,9.985682778142596e-12,9.986317992100952e-12,9.986952772074594e-12,9.98758711833531e-12,9.988221031153334e-12,9.988854510799929e-12,9.989487557545434e-12,9.990120171660244e-12,9.990752353414515e-12,9.991384103078243e-12,9.99201542092141e-12,9.992646307213419e-12,9.99327676222382e-12,9.99390678622146e-12,9.994536379476537e-12,9.995165542255914e-12,9.99579427483088e-12,9.99642257746744e-12,9.997050450433623e-12,9.997677894000806e-12,9.998304908433471e-12,9.998931494000192e-12,9.999557650970421e-12,1.0000183379609575e-11,1.0000808680185738e-11,1.0001433552952403e-11,1.0002057998189046e-11,1.0002682016159308e-11,1.000330560712576e-11,1.0003928771389048e-11,1.0004551509162274e-11,1.0005173820743663e-11,1.0005795706395782e-11,1.0006417166383198e-11,1.0007038200971573e-11,1.0007658810424129e-11,1.0008278995005785e-11,1.0008898754981776e-11,1.0009518090616601e-11,1.0010137002173423e-11,1.0010755489917406e-11,1.0011373554112588e-11,1.001199119502191e-11,1.001260841290976e-11,1.0013225208039259e-11,1.0013841580674063e-11,1.0014457531076533e-11,1.0015073059510164e-11,1.0015688166237454e-11,1.0016302851521337e-11,1.0016917115623584e-11,1.0017530958806605e-11,1.001814438133258e-11,1.0018757383462866e-11,1.0019369965459689e-11,1.0019982127584246e-11,1.0020593870097477e-11,1.002120519326116e-11,1.0021816097335622e-11,1.0022426582581819e-11,1.0023036649260437e-11,1.00236462976315e-11,1.0024255527955597e-11,1.0024864340492497e-11,1.00254727355021e-11,1.002608071324432e-11,1.0026688273977904e-11,1.002729541796287e-11,1.0027902145458047e-11,1.002850845672222e-11,1.0029114352014602e-11,1.0029719831593244e-11,1.0030324895716938e-11,1.003092954464364e-11,1.0031533778631674e-11,1.0032137597938462e-11,1.0032741002822147e-11,1.0033343993540036e-11,1.0033946570349474e-11,1.0034548733507565e-11,1.0035150483271222e-11,1.0035751819897489e-11,1.0036352743642742e-11,1.0036953254763394e-11,1.0037553353515987e-11,1.003815304015621e-11,1.0038752314940331e-11,1.0039351178123778e-11,1.0039949629962278e-11,1.0040547670715019e-11,1.0041145300633821e-11,1.0041742519985704e-11,1.0042339329009203e-11,1.0042935727961466e-11,1.0043531717097032e-11,1.0044127296670992e-11,1.0044722466937382e-11,1.0045317228154716e-11,1.0045911580571378e-11,1.0046505524443395e-11,1.004709906002399e-11,1.0047692187566384e-11,1.0048284907324323e-11,1.004887721955082e-11,1.0049469124499523e-11,1.0050060622425021e-11,1.0050651713569654e-11,1.0051242398162701e-11,1.0051832676507966e-11,1.005242254883437e-11,1.0053012015391352e-11,1.0053601076406246e-11,1.0054189732185472e-11,1.0054777982953046e-11,1.0055365828956621e-11,1.0055953270451026e-11,1.0056540307655009e-11,1.00571269408749e-11,1.0057713170354443e-11,1.0058298996311942e-11,1.00588844190075e-11,1.0059469438689114e-11,1.0060054055619162e-11,1.0060638270017025e-11,1.0061222082126047e-11,1.0061805492252751e-11,1.0062388500635352e-11,1.0062971107497405e-11,1.0063553313096372e-11,1.006413511767125e-11,1.0064716521486103e-11,1.0065297524749299e-11,1.0065878127770784e-11,1.0066458330731462e-11,1.0067038133943327e-11,1.0067617537623302e-11,1.006819654202315e-11,1.0068775147389049e-11,1.0069353353975639e-11,1.0069931162015236e-11,1.0070508571758492e-11,1.0071085583450989e-11,1.0071662197340649e-11,1.00722384136737e-11,1.0072814232695624e-11,1.007338965465276e-11,1.007396467978997e-11,1.007453930835333e-11,1.0075113540587593e-11,1.0075687376736874e-11,1.0076260817047374e-11,1.0076833861791192e-11,1.0077406511159228e-11,1.007797876542124e-11,1.0078550624822494e-11,1.0079122089606818e-11,1.0079693160021884e-11,1.0080263836309729e-11,1.0080834118695989e-11,1.0081404007442057e-11,1.0081973502793574e-11,1.0082542604992797e-11,1.008311131428015e-11,1.0083679630907565e-11,1.0084247555094177e-11,1.0084815087108272e-11,1.0085382227178942e-11,1.0085948975546775e-11,1.008651533241838e-11,1.0087081298087808e-11,1.0087646872793695e-11,1.0088212056763975e-11,1.008877685024096e-11,1.0089341253465965e-11,1.0089905266692011e-11,1.0090468890137348e-11,1.0091032124056242e-11,1.0091594968679941e-11,1.0092157424251855e-11,1.0092719491019425e-11,1.0093281169203085e-11,1.0093842459065679e-11,1.0094403360833497e-11,1.0094963874733964e-11,1.0095524001042426e-11,1.0096083739982341e-11,1.0096643091790026e-11,1.0097202056704396e-11,1.0097760634953172e-11,1.0098318826765362e-11,1.0098876632430568e-11,1.0099434052153656e-11,1.0099991086172736e-11,1.010054773473337e-11,1.0101103998053581e-11,1.0101659876376322e-11,1.0102215369964092e-11,1.0102770479055854e-11,1.0103325203844662e-11,1.0103879544601947e-11,1.010443350154967e-11,1.0104987074931236e-11,1.010554026498128e-11,1.0106093071930121e-11,1.010664549602552e-11,1.0107197537500733e-11,1.0107749196585016e-11,1.0108300473517439e-11,1.0108851368535168e-11,1.0109401881869453e-11,1.0109952013758522e-11,1.0110501764437943e-11,1.011105113413767e-11,1.0111600123095728e-11,1.0112148731547362e-11,1.0112696959727013e-11,1.0113244807885096e-11,1.0113792276217447e-11,1.0114339364979378e-11,1.0114886074400475e-11,1.0115432404721758e-11,1.011597835618152e-11,1.011652392900409e-11,1.0117069123423706e-11,1.011761393967842e-11,1.011815837796119e-11,1.0118702438561693e-11,1.0119246121675235e-11,1.0119789427550545e-11,1.0120332356416318e-11,1.012087490851383e-11,1.0121417084056268e-11,1.0121958883284516e-11,1.0122500306430008e-11,1.0123041353719606e-11,1.012358202539177e-11,1.0124122321675318e-11,1.0124662242800851e-11,1.0125201789002027e-11,1.0125740960498854e-11,1.0126279757534043e-11,1.0126818180330267e-11,1.0127356229117351e-11,1.0127893904131382e-11,1.0128431205595688e-11,1.012896813382072e-11,1.0129504688876138e-11,1.013004087108404e-11,1.0130576680685677e-11,1.0131112117860302e-11,1.0131647182860242e-11,1.013218187594895e-11,1.0132716197294018e-11,1.0133250147156428e-11,1.0133783725759435e-11,1.013431693332886e-11,1.013484977010395e-11,1.013538223632468e-11,1.0135914332197377e-11,1.0136446057976968e-11,1.0136977413858069e-11,1.01375084000699e-11,1.0138039016812287e-11,1.0138569264343845e-11,1.0139099142891583e-11,1.0139628652678914e-11,1.0140157793935558e-11,1.0140686566887195e-11,1.0141214971760267e-11,1.0141743008780362e-11,1.0142270678173625e-11,1.0142797980165264e-11,1.014332491498126e-11,1.0143851482846518e-11,1.0144377683986591e-11,1.0144903518626167e-11,1.0145428986990048e-11,1.0145954089303292e-11,1.01464788257904e-11,1.0147003196675426e-11,1.0147527202183003e-11,1.0148050842537176e-11,1.014857411796178e-11,1.0149097028680878e-11,1.014961957491773e-11,1.0150141756896125e-11,1.0150663574839546e-11,1.0151185028971071e-11,1.015170611951365e-11,1.0152226846690129e-11,1.0152747210723433e-11,1.0153267211836203e-11,1.0153786850300469e-11,1.0154306126288906e-11,1.0154825040024e-11,1.0155343591727275e-11,1.015586178162101e-11,1.0156379609927123e-11,1.0156897076866653e-11,1.015741418266117e-11,1.0157930927532143e-11,1.0158447311700527e-11,1.0158963335387442e-11,1.0159478998813715e-11,1.0159994302200188e-11,1.016050924576702e-11,1.016102382973505e-11,1.0161538054323676e-11,1.0162051919754497e-11,1.0162565426245785e-11,1.0163078574018547e-11,1.0163591363292013e-11,1.0164103794285836e-11,1.0164615867219255e-11,1.016512758231144e-11,1.0165638939781715e-11,1.0166149939848886e-11,1.0166660582731521e-11,1.0167170868648464e-11,1.0167680797818217e-11,1.0168190370404576e-11,1.0168699586680085e-11,1.0169208446862747e-11,1.0169716951170689e-11,1.0170225099821406e-11,1.0170732893032369e-11,1.0171240331020923e-11,1.0171747414004128e-11,1.0172254142207336e-11,1.0172760515842927e-11,1.0173266535125712e-11,1.017377220027231e-11,1.0174277511498501e-11,1.0174782469020561e-11,1.0175287073054794e-11,1.0175791323821449e-11,1.0176295221528876e-11,1.0176798766398853e-11,1.017730195864596e-11,1.017780479848607e-11,1.017830728613383e-11,1.0178809421794017e-11,1.0179311205694055e-11,1.0179812638045341e-11,1.0180313719103374e-11,1.0180814449028505e-11,1.018131482804943e-11,1.018181485636254e-11,1.0182314534205237e-11,1.018281386179079e-11,1.018331283933274e-11,1.0183811467042466e-11,1.0184309745133933e-11,1.018480767382054e-11,1.018530525331527e-11,1.0185802483831808e-11,1.0186299365582159e-11,1.0186795898825941e-11,1.0187292083730839e-11,1.0187787920506664e-11,1.0188283409339915e-11,1.0188778550472025e-11,1.0189273344121318e-11,1.0189767790547123e-11,1.0190261889854199e-11,1.0190755642302366e-11,1.019124904815591e-11,1.019174210753305e-11,1.0192234820693203e-11,1.0192727187847998e-11,1.0193219209207607e-11,1.0193710884983498e-11,1.0194202215386685e-11,1.019469320062771e-11,1.019518384091739e-11,1.0195674136466472e-11,1.0196164087514027e-11,1.019665369421083e-11,1.019714295683214e-11,1.0197631875521725e-11,1.0198120450521733e-11,1.0198608682044199e-11,1.0199096570287509e-11,1.0199584115474281e-11,1.0200071317844288e-11,1.0200558177538743e-11,1.0201044694832989e-11,1.020153086988704e-11,1.0202016702902259e-11,1.0202502194107153e-11,1.0202987343711529e-11,1.0203472151920804e-11,1.0203956618957634e-11,1.0204440745014806e-11,1.0204924530307279e-11,1.020540797504206e-11,1.0205891079425096e-11,1.0206373843659278e-11,1.0206856267964044e-11,1.0207338352582288e-11,1.020782009763385e-11,1.0208301503364875e-11,1.0208782570000379e-11,1.0209263297707896e-11,1.020974368669993e-11,1.0210223737231077e-11,1.0210703449479312e-11,1.0211182823650075e-11,1.0211661859953795e-11,1.0212140558595926e-11,1.0212618919769469e-11,1.0213096943689641e-11,1.0213574630555216e-11,1.0214051980582545e-11,1.0214528993976442e-11,1.0215005670932659e-11,1.0215482011659677e-11,1.0215958016361853e-11,1.021643368524543e-11,1.0216909018512266e-11,1.0217384016375063e-11,1.0217858679060808e-11,1.0218333006709443e-11,1.0218806999557863e-11,1.0219280657812199e-11,1.021975398167637e-11,1.022022697136497e-11,1.0220699627070259e-11,1.0221171948988847e-11,1.022164393732872e-11,1.0222115592284834e-11,1.0222586914074976e-11,1.0223057902910998e-11,1.0223528558960346e-11,1.0223998882455699e-11,1.0224468873588412e-11,1.0224938532591592e-11,1.0225407859612784e-11,1.0225876854879077e-11,1.0226345518591151e-11,1.0226813850948926e-11,1.0227281852161229e-11,1.0227749522425133e-11,1.0228216861943544e-11,1.0228683870914573e-11,1.0229150549540154e-11,1.0229616898021828e-11,1.0230082916560132e-11,1.023054860535636e-11,1.0231013964603027e-11,1.0231478994514415e-11,1.0231943695284415e-11,1.0232408067082316e-11,1.0232872110171032e-11,1.0233335824690963e-11,1.0233799210895562e-11,1.0234262268957779e-11,1.0234724999033973e-11,1.0235187401400017e-11,1.0235649476227478e-11,1.0236111223713279e-11,1.0236572644050921e-11,1.023703373744054e-11,1.0237494504081217e-11,1.023795494417132e-11,1.0238415057922714e-11,1.0238874845508063e-11,1.023933430713639e-11,1.0239793443006846e-11,1.0240252253324541e-11,1.0240710738271493e-11,1.0241168898060713e-11,1.0241626732877284e-11,1.0242084242928567e-11,1.0242541428402662e-11,1.0242998289504395e-11,1.0243454826431129e-11,1.0243911039366802e-11,1.02443669285182e-11,1.0244822494084874e-11,1.0245277736259762e-11,1.0245732655229853e-11,1.02461872512098e-11,1.0246641524372211e-11,1.0247095474963058e-11,1.024754910312185e-11,1.0248002409064958e-11,1.0248455392987918e-11,1.0248908055092932e-11,1.0249360395564198e-11,1.0249812414598972e-11,1.0250264112404044e-11,1.025071548913614e-11,1.0251166545037971e-11,1.0251617280302529e-11,1.0252067695063315e-11,1.0252517789583072e-11,1.0252967564027076e-11,1.0253417018661379e-11,1.0253866153556407e-11,1.0254314968956222e-11,1.0254763465057198e-11,1.0255211642121606e-11,1.0255659500208539e-11,1.0256107039584302e-11,1.0256554260442995e-11,1.0257001162970544e-11,1.0257447747365378e-11,1.0257894013838364e-11,1.0258339962540239e-11,1.0258785593683951e-11,1.0259230907461514e-11,1.0259675904068131e-11,1.0260120583690757e-11,1.026056494652755e-11,1.0261008992795903e-11,1.026145272263464e-11,1.0261896136239262e-11,1.0262339233845051e-11,1.026278201561594e-11,1.0263224481750454e-11,1.0263666632446302e-11,1.0264108467884065e-11,1.0264549988261572e-11,1.0264991193760771e-11,1.0265432084577523e-11,1.0265872660912975e-11,1.0266312922938759e-11,1.0266752870873155e-11,1.0267192504860809e-11,1.0267631825122884e-11,1.0268070831838687e-11,1.0268509525213463e-11,1.0268947905452783e-11,1.0269385972698361e-11,1.0269823727151228e-11,1.0270261168978915e-11,1.0270698298444404e-11,1.0271135115690621e-11,1.0271571620920986e-11,1.0272007814308179e-11,1.027244369605726e-11,1.0272879266343011e-11,1.0273314525365851e-11,1.027374947329413e-11,1.0274184110335529e-11,1.0274618436672835e-11,1.027505245249365e-11,1.0275486157981321e-11,1.027591955333267e-11,1.0276352638736351e-11,1.0276785414371686e-11,1.027721788042199e-11,1.027765003709081e-11,1.0278081884553462e-11,1.02785134229973e-11,1.0278944652615399e-11,1.0279375573588739e-11,1.0279806186105095e-11,1.028023649035199e-11,1.0280666486516579e-11,1.0281096174784512e-11,1.0281525555342608e-11,1.0281954628376571e-11,1.0282383394046548e-11,1.0282811852590505e-11,1.0283240004175482e-11,1.0283667848972663e-11,1.0284095387174886e-11,1.02845226189671e-11,1.0284949544536414e-11,1.028537616406502e-11,1.0285802477739572e-11,1.028622848574467e-11,1.028665418826531e-11,1.0287079585486152e-11,1.0287504677591669e-11,1.0287929464769251e-11,1.028835394719872e-11,1.0288778125068204e-11,1.0289201998566298e-11,1.0289625567859341e-11,1.0290048833142843e-11,1.029047179459842e-11,1.0290894452383107e-11,1.0291316806742036e-11,1.0291738857821346e-11,1.0292160605787578e-11,1.0292582050860714e-11,1.0293003193210055e-11,1.0293424033014371e-11,1.0293844570458944e-11,1.0294264805719517e-11,1.029468473898821e-11,1.029510437043996e-11,1.0295523700278275e-11,1.0295942728640468e-11,1.029636145575199e-11,1.0296779881772623e-11,1.0297198006890475e-11,1.029761583129074e-11,1.029803335513727e-11,1.0298450578640403e-11,1.0298867501923163e-11,1.029928412525762e-11,1.0299700448775011e-11,1.0300116472676234e-11,1.0300532197111876e-11,1.0300947622272908e-11,1.0301362748329949e-11,1.0301777575484137e-11,1.0302192103913462e-11,1.0302606333797503e-11,1.0303020265305511e-11,1.0303433898622834e-11,1.0303847233905245e-11,1.0304260271329585e-11,1.0304673011165108e-11,1.0305085453528807e-11,1.030549759860161e-11,1.030590944657829e-11,1.0306320997608595e-11,1.0306732251879647e-11,1.0307143209582976e-11,1.0307553870894242e-11,1.0307964235957753e-11,1.0308374305013834e-11,1.0308784078201274e-11,1.0309193555709836e-11,1.030960273772379e-11,1.0310011624415591e-11,1.0310420215961936e-11,1.0310828512542972e-11,1.0311236514332732e-11,1.0311644221505061e-11,1.031205163425106e-11,1.0312458752739026e-11,1.0312865577143568e-11,1.0313272107648441e-11,1.0313678344435356e-11,1.0314084287697748e-11,1.031448993758323e-11,1.0314895294277004e-11,1.0315300357943373e-11,1.0315705128739985e-11,1.0316109606892244e-11,1.0316513792557824e-11,1.0316917685913745e-11,1.0317321287133546e-11,1.0317724596390978e-11,1.0318127613870904e-11,1.0318530339740406e-11,1.0318932774178272e-11,1.0319334917361671e-11,1.0319736769465666e-11,1.0320138330667608e-11,1.0320539601140626e-11,1.0320940581059876e-11,1.032134127059997e-11,1.0321741669933344e-11,1.0322141779212885e-11,1.0322541598664964e-11,1.0322941128437797e-11,1.0323340368693014e-11,1.0323739319631335e-11,1.0324137981414897e-11,1.032453635421515e-11,1.032493443820684e-11,1.0325332233589215e-11,1.0325729740480699e-11,1.0326126959094174e-11,1.0326523889638511e-11,1.0326920532208808e-11,1.0327316887009163e-11,1.0327712954259886e-11,1.0328108734039867e-11,1.0328504226572115e-11,1.0328899432029956e-11,1.0329294350587682e-11,1.0329688982417634e-11,1.0330083327688289e-11,1.0330477386547839e-11,1.0330871159227875e-11,1.0331264645870806e-11,1.0331657846648399e-11,1.033205076170134e-11,1.0332443391261819e-11,1.0332835735478326e-11,1.0333227794509062e-11,1.033361956853707e-11,1.033401105773728e-11,1.0334402262262325e-11,1.0334793182294898e-11,1.0335183818000694e-11,1.0335574169561163e-11,1.0335964237142855e-11,1.0336354020922303e-11,1.0336743521057264e-11,1.0337132737698216e-11,1.0337521671063494e-11,1.0337910321305582e-11,1.0338298688591536e-11,1.0338686773096932e-11,1.0339074574982248e-11,1.0339462094425655e-11,1.0339849331591815e-11,1.0340236286651147e-11,1.0340622959775184e-11,1.0341009351132151e-11,1.0341395460899096e-11,1.0341781289230854e-11,1.0342166836303415e-11,1.034255210228666e-11,1.0342937087320852e-11,1.0343321791578217e-11,1.034370621529658e-11,1.0344090358611201e-11,1.0344474221678943e-11,1.0344857804669516e-11,1.0345241107749698e-11,1.0345624131087912e-11,1.034600687485694e-11,1.0346389339212432e-11,1.0346771524344046e-11,1.0347153430404166e-11,1.0347535057564682e-11,1.0347916405988663e-11,1.0348297475855641e-11,1.0348678267322155e-11,1.0349058780564163e-11,1.0349439015729109e-11,1.0349818972988878e-11,1.0350198652529787e-11,1.0350578054506746e-11,1.0350957179087968e-11,1.0351336026439763e-11,1.035171459672897e-11,1.035209289012096e-11,1.0352470906783028e-11,1.0352848646878768e-11,1.0353226110603567e-11,1.0353603298072428e-11,1.0353980209481397e-11,1.0354356844983983e-11,1.0354733204752084e-11,1.0355109288953406e-11,1.0355485097749666e-11,1.0355860631302322e-11,1.0356235889788485e-11,1.0356610873366864e-11,1.0356985582203906e-11,1.0357360016464296e-11,1.0357734176312122e-11,1.0358108061912703e-11,1.0358481673428528e-11,1.035885501102613e-11,1.0359228074868022e-11,1.0359600865120336e-11,1.0359973381947537e-11,1.03603456255119e-11,1.0360717595981186e-11,1.0361089293498702e-11,1.0361460718264224e-11,1.0361831870447218e-11,1.0362202750161391e-11,1.0362573357607161e-11,1.0362943692931331e-11,1.0363313756303241e-11,1.0363683547886221e-11,1.0364053067843652e-11,1.0364422316336538e-11,1.0364791293529753e-11,1.0365159999598174e-11,1.0365528434679682e-11,1.0365896598953447e-11,1.0366264492574641e-11,1.0366632115709523e-11,1.0366999468528497e-11,1.0367366551163584e-11,1.0367733363809463e-11,1.0368099906638267e-11,1.0368466179772593e-11,1.0368832183389565e-11,1.0369197917661957e-11,1.0369563382732292e-11,1.0369928578768218e-11,1.0370293505937427e-11,1.037065816439177e-11,1.0371022554304029e-11,1.0371386675836624e-11,1.0371750529131162e-11,1.0372114114374093e-11,1.0372477431706199e-11,1.0372840481302938e-11,1.0373203263317929e-11,1.0373565777911278e-11,1.037392802524434e-11,1.0374290005471726e-11,1.037465171878652e-11,1.0375013165295929e-11,1.0375374345184916e-11,1.0375735258612909e-11,1.0376095905739673e-11,1.0376456286696963e-11,1.0376816401699384e-11,1.0377176250878526e-11,1.0377535834392826e-11,1.0377895152399729e-11,1.0378254205065637e-11,1.0378612992544367e-11,1.0378971514997107e-11,1.0379329772581027e-11,1.0379687765457275e-11,1.0380045493783215e-11,1.0380402957715925e-11,1.0380760157412732e-11,1.0381117093009522e-11,1.0381473764710764e-11,1.0381830172652758e-11,1.0382186316992816e-11,1.0382542197884358e-11,1.0382897815494257e-11,1.0383253169976415e-11,1.0383608261489427e-11,1.0383963090194043e-11,1.0384317656236894e-11,1.0384671959780918e-11,1.038502600098484e-11,1.0385379780004333e-11,1.038573329699858e-11,1.038608655215356e-11,1.038643954556259e-11,1.0386792277412823e-11,1.038714474786313e-11,1.0387496957078736e-11,1.038784890519738e-11,1.0388200592381842e-11,1.038855201879501e-11,1.0388903184591172e-11,1.0389254089921636e-11,1.0389604734945861e-11,1.03899551198214e-11,1.0390305244701088e-11,1.039065510974314e-11,1.0391004715099296e-11,1.0391354060927008e-11,1.0391703147381266e-11,1.0392051974619058e-11,1.0392400542797963e-11,1.0392748852063345e-11,1.0393096902574766e-11,1.0393444694516082e-11,1.0393792228015156e-11,1.039413950319705e-11,1.0394486520302446e-11,1.0394833279368984e-11,1.0395179780612536e-11,1.0395526024188858e-11,1.0395872010243874e-11,1.039621773893564e-11,1.0396563210419423e-11,1.0396908424857369e-11,1.0397253382434796e-11,1.0397598083263319e-11,1.0397942527449589e-11,1.0398286715193848e-11,1.0398630646651087e-11,1.0398974321978942e-11,1.0399317741324982e-11,1.0399660904841644e-11,1.040000381268425e-11,1.0400346465006157e-11,1.0400688861927288e-11,1.0401031003659977e-11,1.040137289032583e-11,1.0401714522086682e-11,1.0402055899086819e-11,1.0402397021489821e-11,1.0402737889438729e-11,1.0403078503077064e-11,1.0403418862560859e-11,1.0403758968048722e-11,1.0404098819693429e-11,1.0404438417644319e-11,1.040477776203238e-11,1.0405116853046714e-11,1.0405455690820494e-11,1.0405794275508053e-11,1.0406132607258458e-11,1.0406470686227717e-11,1.0406808512555993e-11,1.0407146086400942e-11,1.0407483407910424e-11,1.0407820477242161e-11,1.0408157294542602e-11,1.0408493859962065e-11,1.0408830173650702e-11,1.0409166235770037e-11,1.0409502046449243e-11,1.040983760583945e-11,1.0410172914112657e-11,1.0410507971393977e-11,1.0410842777859968e-11,1.0411177333644136e-11,1.0411511638898651e-11,1.041184569377358e-11,1.0412179498403117e-11,1.041251305295775e-11,1.0412846357580071e-11,1.0413179412414628e-11,1.04135122176208e-11,1.0413844773352217e-11,1.0414177079751952e-11,1.0414509136961145e-11,1.041484094513382e-11,1.0415172504418359e-11,1.0415503814962523e-11,1.0415834876912484e-11,1.0416165690425512e-11,1.0416496255652102e-11,1.0416826572729152e-11,1.0417156641774382e-11,1.0417486462998896e-11,1.0417816036519466e-11,1.0418145362469418e-11,1.0418474441026345e-11,1.0418803272328355e-11,1.041913185652729e-11,1.0419460193776275e-11,1.0419788284185795e-11,1.0420116127955427e-11,1.0420443725193526e-11,1.0420771076057978e-11,1.04210981807073e-11,1.0421425039268705e-11,1.0421751651893182e-11,1.0422078018710624e-11,1.0422404139887757e-11,1.042273001557184e-11,1.042305564590901e-11,1.0423381031045815e-11,1.0423706171128477e-11,1.0424031066303323e-11,1.0424355716716425e-11,1.0424680122514187e-11,1.0425004283842253e-11,1.0425328200846827e-11,1.0425651873673766e-11,1.042597530246895e-11,1.0426298487377778e-11,1.0426621428546755e-11,1.0426944126122268e-11,1.042726658024122e-11,1.0427588791063004e-11,1.0427910758715709e-11,1.0428232483348842e-11,1.0428553965111215e-11,1.0428875204148577e-11,1.0429196200604647e-11,1.042951695462474e-11,1.0429837466353473e-11,1.0430157735935106e-11,1.0430477763514247e-11,1.0430797549234858e-11,1.0431117093241642e-11,1.043143639567961e-11,1.0431755456705192e-11,1.043207427643526e-11,1.0432392855027463e-11,1.0432711192624965e-11,1.0433029289367167e-11,1.0433347145408044e-11,1.0433664760883418e-11,1.0433982135946182e-11,1.043429927073108e-11,1.0434616165383036e-11,1.0434932820038942e-11,1.043524923484771e-11,1.0435565409952509e-11,1.0435881345495916e-11,1.0436197041621e-11,1.043651249847003e-11,1.043682771618589e-11,1.04371426949109e-11,1.043745743478784e-11,1.0437771935958499e-11,1.0438086198565646e-11,1.043840022275132e-11,1.0438714008657218e-11,1.0439027556417423e-11,1.043934086618164e-11,1.043965393809214e-11,1.0439966772290222e-11,1.0440279368917646e-11,1.0440591728116156e-11,1.044090385002711e-11,1.0441215734791676e-11,1.0441527382551285e-11,1.0441838793447258e-11,1.0442149967620237e-11,1.0442460905211477e-11,1.0442771606362333e-11,1.0443082071233261e-11,1.0443392299945653e-11,1.044370229263951e-11,1.0444012049455141e-11,1.0444321570534465e-11,1.0444630856016953e-11,1.0444939906042924e-11,1.0445248720739587e-11,1.0445557300260516e-11,1.0445865644745461e-11,1.0446173754334123e-11,1.044648162916483e-11,1.0446789269343416e-11,1.0447096675087673e-11,1.044740384649477e-11,1.0447710783704523e-11,1.0448017486856389e-11,1.0448323956089623e-11,1.0448630191543294e-11,1.044893619335716e-11,1.0449241961669801e-11,1.0449547496620522e-11,1.0449852798348066e-11,1.0450157866991643e-11,1.045046270269011e-11,1.0450767305581636e-11,1.0451071675796981e-11,1.0451375813488189e-11,1.0451679718784253e-11,1.0451983391826975e-11,1.0452286832733224e-11,1.0452590041687173e-11,1.0452893018804023e-11,1.0453195764219115e-11,1.0453498278070415e-11,1.0453800560473798e-11,1.0454102611609328e-11,1.0454404431595397e-11,1.045470602056946e-11,1.0455007378674793e-11,1.045530850604229e-11,1.0455609402809158e-11,1.045591006911274e-11,1.0456210505090483e-11,1.0456510710879017e-11,1.0456810686615689e-11,1.0457110432437e-11,1.0457409948480162e-11,1.045770923488157e-11,1.0458008291778124e-11,1.0458307119306871e-11,1.0458605717599416e-11,1.0458904086796552e-11,1.0459202227034545e-11,1.0459500138449385e-11,1.0459797821177352e-11,1.0460095275354156e-11,1.0460392501117977e-11,1.046068949860348e-11,1.0460986267946584e-11,1.0461282809285418e-11,1.0461579122743403e-11,1.0461875208464586e-11,1.0462171066584777e-11,1.0462466697239158e-11,1.0462762100562569e-11,1.0463057276690657e-11,1.0463352225758498e-11,1.0463646947900855e-11,1.046394144325273e-11,1.0464235711949092e-11,1.046452975412448e-11,1.0464823569913762e-11,1.0465117159451485e-11,1.046541052287202e-11,1.0465703660309944e-11,1.0465996571899547e-11,1.0466289257775038e-11,1.04665817180704e-11,1.0466873952920147e-11,1.0467165962458026e-11,1.0467457746817712e-11,1.0467749306133751e-11,1.0468040640539212e-11,1.0468331750168e-11,1.0468622635153826e-11,1.046891329563145e-11,1.0469203731733086e-11,1.0469493943591831e-11,1.0469783931341169e-11,1.0470073695113994e-11,1.0470363235043762e-11,1.047065255126311e-11,1.0470941643905244e-11,1.0471230513102937e-11,1.0471519158988657e-11,1.0471807581695516e-11,1.0472095781355861e-11,1.0472383758102286e-11,1.0472671512067226e-11,1.0472959043382907e-11,1.0473246352181586e-11,1.0473533438595948e-11,1.0473820302757464e-11,1.0474106944798544e-11,1.0474393364850892e-11,1.0474679563046545e-11,1.047496553951716e-11,1.0475251294394463e-11,1.047553682781009e-11,1.047582213989549e-11,1.0476107230782324e-11,1.047639210060172e-11,1.0476676749485285e-11,1.0476961177563861e-11,1.0477245384968883e-11,1.0477529371831125e-11,1.0477813138281617e-11,1.0478096684451317e-11,1.0478380010471157e-11,1.0478663116471611e-11,1.0478946002583351e-11,1.0479228668937022e-11,1.0479511115663126e-11,1.0479793342892225e-11,1.0480075350754203e-11,1.048035713937952e-11,1.0480638708898477e-11,1.0480920059440726e-11,1.0481201191136753e-11,1.0481482104116335e-11,1.0481762798509069e-11,1.0482043274444668e-11,1.0482323532053453e-11,1.0482603571464402e-11,1.0482883392807045e-11,1.0483162996211208e-11,1.0483442381805893e-11,1.0483721549720489e-11,1.0484000500084168e-11,1.0484279233025952e-11,1.0484557748675128e-11,1.048483604716067e-11,1.0485114128611038e-11,1.0485391993155116e-11,1.0485669640921425e-11,1.0485947072039259e-11,1.0486224286637012e-11,1.0486501284842538e-11,1.0486778066785253e-11,1.0487054632592748e-11,1.0487330982393465e-11,1.0487607116315626e-11,1.048788303448698e-11,1.0488158737035942e-11,1.0488434224090314e-11,1.048870949577747e-11,1.0488984552225442e-11,1.0489259393562342e-11,1.0489534019915297e-11,1.0489808431412097e-11,1.04900826281802e-11,1.0490356610346801e-11,1.0490630378066945e-11,1.0490903931412094e-11,1.049117727053769e-11,1.0491450395601434e-11,1.049172330666968e-11,1.0491996003898725e-11,1.0492268487415988e-11,1.0492540757347547e-11,1.0492812813818675e-11,1.0493084656971185e-11,1.0493356286906713e-11,1.0493627703763245e-11,1.049389890766774e-11,1.0494169898748199e-11,1.0494440677102586e-11,1.049471124290344e-11,1.0494981596264891e-11,1.0495251737298031e-11,1.0495521666135039e-11,1.049579138290176e-11,1.0496060887723601e-11,1.0496330180726198e-11,1.0496599262037049e-11,1.0496868131785135e-11,1.0497136790085338e-11,1.0497405237066116e-11,1.0497673472855905e-11,1.0497941497578925e-11,1.0498209311360474e-11,1.0498476914325425e-11,1.0498744306598764e-11,1.0499011488304969e-11,1.049927845956922e-11,1.0499545220516438e-11,1.049981177127097e-11,1.0500078111957653e-11,1.0500344242700571e-11,1.0500610163624309e-11,1.0500875874853345e-11,1.0501141376512188e-11,1.050140666871144e-11,1.0501671751605341e-11,1.0501936625294528e-11,1.0502201289909678e-11,1.0502465745574444e-11,1.0502729992417437e-11,1.050299403056095e-11,1.0503257860118943e-11,1.0503521481222929e-11,1.0503784893994581e-11,1.0504048098557948e-11,1.050431109503621e-11,1.0504573883552614e-11,1.0504836464228903e-11,1.0505098837189503e-11,1.0505361002557366e-11,1.0505622960455772e-11,1.0505884711007487e-11,1.0506146254335263e-11,1.050640759056102e-11,1.0506668719808693e-11,1.0506929642200282e-11,1.0507190357858568e-11,1.0507450866906067e-11,1.0507711169466611e-11,1.0507971265660576e-11,1.0508231155610357e-11,1.0508490839438447e-11,1.0508750317275142e-11,1.0509009589257003e-11,1.0509268655455463e-11,1.0509527516019693e-11,1.0509786171082482e-11,1.0510044620743918e-11,1.051030286513062e-11,1.0510560904366787e-11,1.0510818738584767e-11,1.0511076367885634e-11,1.0511333792417901e-11,1.0511591012285755e-11,1.0511848027620939e-11,1.0512104838536711e-11,1.051236144515456e-11,1.051261784759545e-11,1.0512874045980228e-11,1.0513130040429559e-11,1.0513385831065066e-11,1.0513641418007235e-11,1.05138968013568e-11,1.0514151981253327e-11,1.0514406957815264e-11,1.0514661731165492e-11,1.0514916301424488e-11,1.051517066870838e-11,1.0515424833141586e-11,1.0515678794843171e-11,1.0515932553932883e-11,1.051618611053073e-11,1.0516439464757082e-11,1.0516692616724552e-11,1.0516945566556896e-11,1.0517198314386082e-11,1.0517450860311234e-11,1.0517703204470535e-11,1.0517955346972256e-11,1.0518207287930073e-11,1.0518459027479283e-11,1.0518710565731033e-11,1.0518961902805247e-11,1.0519213038820978e-11,1.0519463973895852e-11,1.0519714708149331e-11,1.0519965241700374e-11,1.0520215574667792e-11,1.0520465707169375e-11,1.0520715639324884e-11,1.0520965371255916e-11,1.0521214903077218e-11,1.0521464234907075e-11,1.0521713366861035e-11,1.052196229906113e-11,1.0522211031624956e-11,1.0522459564661974e-11,1.0522707898312869e-11,1.0522956032677652e-11,1.0523203967879595e-11,1.0523451704025966e-11,1.0523699241249942e-11,1.0523946579662753e-11,1.0524193719391048e-11,1.052444066053789e-11,1.0524687403232923e-11,1.0524933947615777e-11,1.052518029373428e-11,1.0525426441745716e-11,1.0525672391772425e-11,1.0525918143919328e-11,1.0526163698304135e-11,1.0526409055049758e-11,1.0526654214280272e-11,1.0526899176109329e-11,1.0527143940646617e-11,1.0527388508012097e-11,1.0527632878329004e-11,1.0527877051710007e-11,1.0528121028265622e-11,1.0528364808114531e-11,1.0528608391369499e-11,1.052885177814998e-11,1.0529094968575013e-11,1.0529337962763648e-11,1.0529580760821752e-11,1.0529823362869814e-11,1.0530065769026302e-11,1.0530307979406595e-11,1.0530549994128508e-11,1.0530791813296702e-11,1.0531033437034354e-11,1.0531274865456688e-11,1.0531516098680397e-11,1.0531757136821452e-11,1.0531997979993422e-11,1.0532238628311217e-11,1.0532479081894492e-11,1.0532719340850186e-11,1.0532959405309699e-11,1.0533199275369561e-11,1.0533438951107817e-11,1.0533678432716259e-11,1.0533917720296535e-11,1.0534156813949345e-11,1.0534395713758268e-11,1.0534634419863025e-11,1.0534872932375148e-11,1.0535111251374404e-11,1.0535349377045814e-11,1.0535587309468994e-11,1.0535825048758782e-11,1.0536062595028792e-11,1.0536299948393348e-11,1.053653710896912e-11,1.0536774076866652e-11,1.0537010852200239e-11,1.0537247435084973e-11,1.0537483825633219e-11,1.0537720023965912e-11,1.0537956030127092e-11,1.0538191844337047e-11,1.0538427466680916e-11,1.0538662897250025e-11,1.0538898136151955e-11,1.0539133183528771e-11,1.0539368039475996e-11,1.0539602704102008e-11,1.053983717752397e-11,1.0540071459856449e-11,1.0540305551209102e-11,1.054053945169463e-11,1.0540773161437726e-11,1.054100668053564e-11,1.0541240009106732e-11,1.0541473147263522e-11,1.0541706095118529e-11,1.0541938852781081e-11,1.0542171420366333e-11,1.0542403797986834e-11,1.0542635985754647e-11,1.0542867983781757e-11,1.0543099792180215e-11,1.0543331411062089e-11,1.0543562840542036e-11,1.0543794080729389e-11,1.054402513173358e-11,1.0544255993671218e-11,1.0544486666651118e-11,1.0544717150790559e-11,1.0544947446188455e-11,1.0545177552979225e-11,1.0545407471240573e-11,1.0545637201101553e-11,1.0545866742668647e-11,1.0546096096049576e-11,1.054632526136296e-11,1.0546554238720449e-11,1.0546783028232577e-11,1.0547011630009982e-11,1.0547240044164016e-11,1.0547468270843538e-11,1.0547696310093718e-11,1.0547924162054054e-11,1.054815182683374e-11,1.054837930454284e-11,1.0548606595291257e-11,1.0548833699189265e-11,1.0549060616348518e-11,1.0549287346860372e-11,1.0549513890871421e-11,1.0549740248473847e-11,1.0549966419774993e-11,1.0550192404901704e-11,1.055041820393613e-11,1.0550643817001641e-11,1.0550869244206905e-11,1.0551094485661973e-11,1.0551319541476628e-11,1.0551544411760103e-11,1.0551769096621644e-11,1.0551993596147993e-11,1.0552217910495756e-11,1.055244203974934e-11,1.0552665984026253e-11,1.0552889743419193e-11,1.0553113318047256e-11,1.0553336708018793e-11,1.0553559913441737e-11,1.0553782934408595e-11,1.0554005771059665e-11,1.055422842349129e-11,1.0554450891809496e-11,1.0554673176126567e-11,1.0554895276544737e-11,1.0555117193174754e-11,1.0555338926127675e-11,1.0555560475515344e-11,1.0555781841433923e-11,1.0556003023987125e-11,1.055622402330931e-11,1.0556444839491357e-11,1.0556665472639909e-11,1.0556885922871789e-11,1.0557106190285746e-11,1.0557326274996958e-11,1.055754617710489e-11,1.0557765896725442e-11,1.0557985433960442e-11,1.0558204788920476e-11,1.0558423961710656e-11,1.055864295243962e-11,1.0558861761215292e-11,1.0559080388142204e-11,1.0559298833331381e-11,1.055951709689129e-11,1.0559735178926617e-11,1.0559953079543877e-11,1.0560170798850798e-11,1.0560388336953497e-11,1.0560605693959529e-11,1.0560822869975325e-11,1.0561039865111463e-11,1.0561256679468255e-11,1.056147331312398e-11,1.0561689766236294e-11,1.0561906038895128e-11,1.0562122131213852e-11,1.0562338043283065e-11,1.0562553775206068e-11,1.0562769327106185e-11,1.0562984699078254e-11,1.0563199891239838e-11,1.0563414903677957e-11,1.0563629736508426e-11,1.056384438983385e-11,1.0564058863767485e-11,1.0564273158411398e-11,1.0564487273871344e-11,1.0564701210248417e-11,1.0564914967674391e-11,1.056512854621379e-11,1.0565341945991822e-11,1.0565555167108573e-11,1.0565768209670839e-11,1.0565981073787419e-11,1.056619375956007e-11,1.0566406267097382e-11,1.0566618596501045e-11,1.0566830747878551e-11,1.0567042721330643e-11,1.0567254516968195e-11,1.0567466134893071e-11,1.0567677575215383e-11,1.0567888838029205e-11,1.0568099923446792e-11,1.0568310831570558e-11,1.0568521562505182e-11,1.0568732116355597e-11,1.056894249323373e-11,1.0569152693227288e-11,1.0569362716459267e-11,1.0569572563011849e-11,1.056978223299789e-11,1.0569991726523692e-11,1.0570201043722116e-11,1.0570410184639165e-11,1.0570619149413454e-11,1.0570827938139169e-11,1.0571036550928204e-11,1.0571244987877749e-11,1.0571453249094046e-11,1.0571661334681463e-11,1.0571869244742775e-11,1.0572076979380265e-11,1.0572284538695877e-11,1.057249192279484e-11,1.0572699131780474e-11,1.0572906165755861e-11,1.0573113024824008e-11,1.0573319709087693e-11,1.0573526218651052e-11,1.0573732553615461e-11,1.0573938714083912e-11,1.0574144700155945e-11,1.0574350511942389e-11,1.0574556149537065e-11,1.057476161303951e-11,1.0574966902571577e-11,1.0575172018224053e-11,1.0575376960099513e-11,1.0575581728299826e-11,1.057578632293116e-11,1.0575990744072249e-11,1.0576194991846899e-11,1.0576399066365337e-11,1.0576602967722349e-11,1.0576806696018795e-11,1.0577010251354827e-11,1.0577213633832717e-11,1.0577416843555793e-11,1.0577619880623742e-11,1.0577822745138142e-11,1.057802543720023e-11,1.0578227956912227e-11,1.057843030437515e-11,1.0578632479690585e-11,1.0578834482959935e-11,1.0579036314284217e-11,1.0579237973764825e-11,1.0579439461503275e-11,1.0579640777600156e-11,1.0579841922156603e-11,1.0580042895273635e-11,1.0580243697052196e-11,1.0580444327593114e-11,1.0580644786997239e-11,1.0580845075365226e-11,1.0581045192797911e-11,1.0581245139395587e-11,1.058144491525899e-11,1.0581644520486787e-11,1.0581843955181256e-11,1.0582043219437953e-11,1.0582242313366634e-11,1.0582441237063268e-11,1.0582639990627521e-11,1.0582838574159803e-11,1.0583036987760137e-11,1.0583235231528453e-11,1.058343330556499e-11,1.0583631209968785e-11,1.058382894484032e-11,1.0584026510278866e-11,1.0584223906384976e-11,1.0584421133257792e-11,1.0584618190996891e-11,1.058481507970135e-11,1.0585011799465785e-11,1.0585208350404427e-11,1.0585404732596475e-11,1.0585600946133767e-11,1.0585796991164345e-11,1.0585992867742865e-11,1.0586188576000982e-11,1.0586384116009178e-11,1.058657948787444e-11,1.0586774691698889e-11,1.0586969727580382e-11,1.058716459561222e-11,1.0587359295898157e-11,1.058755382853888e-11,1.0587748193634501e-11,1.0587942391277702e-11,1.0588136421568861e-11,1.0588330284612077e-11,1.058852398049413e-11,1.0588717509319604e-11,1.0588910871186492e-11,1.0589104066195192e-11,1.0589297094461281e-11,1.0589489956042572e-11,1.0589682651051355e-11,1.0589875179600487e-11,1.0590067541785383e-11,1.0590259737693333e-11,1.0590451767427301e-11,1.0590643631083417e-11,1.0590835328766513e-11,1.0591026860563801e-11,1.0591218226578091e-11,1.0591409426934603e-11,1.0591600461685344e-11,1.0591791330931702e-11,1.0591982034785508e-11,1.0592172573342914e-11,1.0592362946698573e-11,1.0592553154957534e-11,1.0592743198210174e-11,1.059293307654778e-11,1.0593122790097367e-11,1.0593312338913684e-11,1.0593501723110324e-11,1.059369094278739e-11,1.059387999804098e-11,1.0594068888966343e-11,1.0594257615661902e-11,1.0594446178222687e-11,1.0594634576743984e-11,1.059482281131517e-11,1.0595010882052253e-11,1.0595198789038913e-11,1.0595386532373478e-11,1.059557411215176e-11,1.0595761528475218e-11,1.0595948781466768e-11,1.0596135871158042e-11,1.059632279767625e-11,1.0596509561121547e-11,1.059669616158409e-11,1.0596882599170358e-11,1.059706887396069e-11,1.0597254986056337e-11,1.059744093555986e-11,1.0597626722567065e-11,1.0597812347186528e-11,1.0597997809459504e-11,1.0598183109530486e-11,1.0598368247474919e-11,1.059855322340094e-11,1.0598738037392663e-11,1.0598922689552065e-11,1.0599107179971929e-11,1.0599291508747323e-11,1.059947567597412e-11,1.0599659681746355e-11,1.0599843526159942e-11,1.0600027209309246e-11,1.06002107312898e-11,1.0600394092194782e-11,1.0600577292120256e-11,1.0600760331160288e-11,1.0600943209408516e-11,1.0601125926960514e-11,1.0601308483910486e-11,1.0601490880352574e-11,1.0601673116381292e-11,1.0601855192090934e-11,1.0602037107575502e-11,1.0602218862928861e-11,1.0602400458244834e-11,1.0602581893619696e-11,1.0602763169144473e-11,1.0602944284915605e-11,1.0603125241024331e-11,1.0603306037566068e-11,1.0603486674634388e-11,1.0603667152323179e-11,1.0603847470726481e-11,1.0604027629936684e-11,1.0604207630048334e-11,1.0604387471154355e-11,1.0604567153348612e-11,1.0604746676723854e-11,1.0604926041373877e-11,1.0605105247391826e-11,1.060528429487062e-11,1.0605463183903659e-11,1.0605641914583896e-11,1.0605820487004182e-11,1.0605998901261413e-11,1.0606177157444436e-11,1.0606355255641652e-11,1.0606533195952615e-11,1.0606710978463917e-11,1.0606888603270449e-11,1.0607066070477931e-11,1.0607243380159297e-11,1.0607420532418709e-11,1.0607597527380454e-11,1.060777436506963e-11,1.0607951045609754e-11,1.0608127569093835e-11,1.0608303935613597e-11,1.0608480145242055e-11,1.0608656198115226e-11,1.060883209429471e-11,1.0609007833875924e-11,1.0609183416987209e-11,1.0609358843659917e-11,1.0609534114009498e-11,1.0609709228136348e-11,1.0609884186126999e-11,1.061005898807745e-11,1.0610233634072077e-11,1.0610408124206243e-11,1.0610582458569972e-11,1.0610756637256506e-11,1.0610930660363463e-11,1.0611104527967741e-11,1.0611278240162891e-11,1.0611451797054028e-11,1.061162519872032e-11,1.0611798445255412e-11,1.0611971536754851e-11,1.0612144473306006e-11,1.0612317254974226e-11,1.0612489881901891e-11,1.0612662354142157e-11,1.0612834671807677e-11,1.0613006834976355e-11,1.061317884374174e-11,1.0613350698194853e-11,1.0613522398426263e-11,1.0613693944526117e-11,1.0613865336585069e-11,1.061403657469385e-11,1.0614207658942501e-11,1.0614378589421406e-11,1.0614549366220613e-11,1.0614719989430637e-11,1.061489045914155e-11,1.0615060775443647e-11,1.0615230938426507e-11,1.0615400948180499e-11,1.0615570804795564e-11,1.0615740508365345e-11,1.0615910058976002e-11,1.0616079456717564e-11,1.0616248701679285e-11,1.0616417793950742e-11,1.0616586733621218e-11,1.0616755520780673e-11,1.0616924155518853e-11,1.0617092637924942e-11,1.0617260968088482e-11,1.0617429146098627e-11,1.0617597172045068e-11,1.0617765046016665e-11,1.061793276810534e-11,1.0618100338395197e-11,1.061826775697727e-11,1.061843502394121e-11,1.0618602139376995e-11,1.0618769103380776e-11,1.0618935916033584e-11,1.0619102577421373e-11,1.0619269087635748e-11,1.0619435446764438e-11,1.0619601654895742e-11,1.0619767712134521e-11,1.0619933618539767e-11,1.062009937421475e-11,1.0620264979238131e-11,1.0620430433706906e-11,1.0620595737709863e-11,1.0620760891335168e-11,1.0620925894671859e-11,1.0621090747805568e-11,1.0621255450812116e-11,1.0621420003808364e-11,1.0621584406867399e-11,1.062174866007837e-11,1.0621912763526132e-11,1.0622076717302254e-11,1.0622240521493646e-11,1.0622404176186505e-11,1.0622567681470158e-11,1.0622731037406801e-11,1.0622894244126079e-11,1.0623057301683196e-11,1.062322021021821e-11,1.0623382969748759e-11,1.062354558038504e-11,1.0623708042243897e-11,1.062387035539833e-11,1.0624032519943807e-11,1.062419453593956e-11,1.0624356403488108e-11,1.062451812267733e-11,1.062467969358893e-11,1.0624841116313148e-11,1.0625002390936682e-11,1.0625163517547835e-11,1.062532449624611e-11,1.0625485327090667e-11,1.0625646010182812e-11,1.0625806545588634e-11,1.0625966933432627e-11,1.0626127173780334e-11,1.0626287266720521e-11,1.0626447212340186e-11,1.0626607010725352e-11,1.0626766661963104e-11,1.062692616613897e-11,1.0627085523339496e-11,1.06272447336508e-11,1.0627403797158903e-11,1.062756271394954e-11,1.0627721484109341e-11,1.0627880107724435e-11,1.0628038584879979e-11,1.0628196915662146e-11,1.062835510015699e-11,1.0628513138450207e-11,1.062867103062749e-11,1.062882877677454e-11,1.0628986376976561e-11,1.0629143831319775e-11,1.0629301139889654e-11,1.0629458302771162e-11,1.0629615320050083e-11,1.0629772191811774e-11,1.062992891814135e-11,1.0630085499124252e-11,1.0630241934845813e-11,1.0630398225390729e-11,1.0630554370844657e-11,1.0630710371292296e-11,1.0630866226818997e-11,1.063102193750925e-11,1.0631177503448355e-11,1.063133292472125e-11,1.0631488201412245e-11,1.063164333360646e-11,1.0631798321388833e-11,1.0631953164843297e-11,1.0632107864055196e-11,1.063226241910858e-11,1.0632416830088148e-11,1.0632571097077767e-11,1.0632725220161992e-11,1.0632879199425632e-11,1.0633033034952812e-11,1.0633186726828087e-11,1.063334027513561e-11,1.0633493679959295e-11,1.0633646941380838e-11,1.0633800059489637e-11,1.0633953034365064e-11,1.0634105866094253e-11,1.063425855476014e-11,1.0634411100446467e-11,1.0634563503246602e-11,1.0634715763223784e-11,1.063486788047337e-11,1.0635019855076596e-11,1.063517168711771e-11,1.0635323376682512e-11,1.063547492385299e-11,1.0635626328718902e-11,1.0635777591351215e-11,1.063592871183673e-11,1.0636079690264172e-11,1.0636230526713898e-11,1.0636381221273531e-11,1.0636531774024032e-11,1.0636682185038892e-11,1.063683245439708e-11,1.0636982582205587e-11,1.0637132568559137e-11,1.0637282413489718e-11,1.06374321171071e-11,1.0637581679493889e-11,1.0637731100737091e-11,1.063788038091541e-11,1.0638029520112121e-11,1.06381785184085e-11,1.0638327375887844e-11,1.0638476092617267e-11,1.0638624668706986e-11,1.0638773104229923e-11,1.0638921399267721e-11,1.0639069553902353e-11,1.0639217568209038e-11,1.0639365442271962e-11,1.063951317617824e-11,1.0639660770009663e-11,1.0639808223836607e-11,1.0639955537749625e-11,1.064010271183393e-11,1.0640249746179909e-11,1.0640396640857447e-11,1.0640543395949985e-11,1.0640690011539545e-11,1.06408364877076e-11,1.0640982824536436e-11,1.0641129022107117e-11,1.0641275080501454e-11,1.0641420999801736e-11,1.0641566780088669e-11,1.0641712421438072e-11,1.0641857923936262e-11,1.0642003287656928e-11,1.0642148512688498e-11,1.0642293599154961e-11,1.0642438547096789e-11,1.0642583356593914e-11,1.064272802770008e-11,1.0642872560524854e-11,1.0643016955149727e-11,1.064316121166054e-11,1.064330533012971e-11,1.0643449310636485e-11,1.0643593153266814e-11,1.0643736858095682e-11,1.0643880425212102e-11,1.0644023854691009e-11,1.0644167146613904e-11,1.0644310301063317e-11,1.0644453318118875e-11,1.064459619786011e-11,1.0644738940368405e-11,1.064488154572401e-11,1.0645024014007438e-11,1.0645166345298598e-11,1.0645308539677936e-11,1.0645450597225451e-11,1.064559251802166e-11,1.0645734302146092e-11,1.064587594968937e-11,1.0646017460719875e-11,1.0646158835317962e-11,1.0646300073563361e-11,1.0646441175536343e-11,1.0646582141316545e-11,1.0646722970977876e-11,1.0646863664607545e-11,1.064700422228425e-11,1.0647144644088141e-11,1.0647284930097978e-11,1.0647425080393668e-11,1.0647565095055e-11,1.0647704974160768e-11,1.0647844717790679e-11,1.0647984326023932e-11,1.0648123798939631e-11,1.0648263136617514e-11,1.0648402339136393e-11,1.064854140657569e-11,1.0648680339013978e-11,1.0648819136530933e-11,1.0648957799205116e-11,1.0649096327115412e-11,1.0649234720340907e-11,1.0649372978960558e-11,1.0649511103052895e-11,1.0649649092696985e-11,1.064978694797112e-11,1.0649924668954721e-11,1.0650062255725609e-11,1.0650199708362548e-11,1.0650337026943952e-11,1.06504742115491e-11,1.065061126225587e-11,1.0650748179142396e-11,1.065088496228833e-11,1.0651021611769716e-11,1.0651158127665378e-11,1.0651294510054446e-11,1.065143075901149e-11,1.0651566874611058e-11,1.0651702856944075e-11,1.0651838706086655e-11,1.0651974422112736e-11,1.0652110005099576e-11,1.0652245455125312e-11,1.065238077226805e-11,1.0652515956605614e-11,1.0652651008215907e-11,1.0652785927174396e-11,1.065292071356104e-11,1.0653055367453086e-11,1.0653189888929916e-11,1.0653324278066994e-11,1.0653458534942461e-11,1.0653592659632817e-11,1.0653726652215864e-11,1.0653860512769088e-11,1.0653994241369413e-11,1.0654127838094349e-11,1.0654261303021186e-11,1.0654394636226275e-11,1.065452783778769e-11,1.0654660907781891e-11,1.0654793846286158e-11,1.0654926653377142e-11,1.0655059329131903e-11,1.0655191873627327e-11,1.0655324286940502e-11,1.0655456569147735e-11,1.0655588720325808e-11,1.065572074055164e-11,1.0655852629901778e-11,1.0655984388452742e-11,1.0656116016280883e-11,1.0656247513463079e-11,1.0656378880075745e-11,1.0656510116194953e-11,1.0656641221897337e-11,1.0656772197259059e-11,1.0656903042356836e-11,1.065703375726596e-11,1.0657164342063464e-11,1.0657294796824999e-11,1.065742512162693e-11,1.0657555316545224e-11,1.0657685381655902e-11,1.0657815317034726e-11,1.0657945122757808e-11,1.0658074798897592e-11,1.065820434553322e-11,1.065833376273992e-11,1.065846305059359e-11,1.0658592209169651e-11,1.0658721238543728e-11,1.0658850138791391e-11,1.0658978909987562e-11,1.0659107552207555e-11,1.0659236065525859e-11,1.0659364450026502e-11,1.0659492705777763e-11,1.0659620832856747e-11,1.0659748831336824e-11,1.0659876701295187e-11,1.06600044427998e-11,1.066013205593511e-11,1.0660259540774831e-11,1.0660386897393845e-11,1.066051412586659e-11,1.0660641226267898e-11,1.0660768198672549e-11,1.0660895043155421e-11,1.0661021759791069e-11,1.0661148348654147e-11,1.0661274809819729e-11,1.0661401143362358e-11,1.0661527349356398e-11,1.0661653427876618e-11,1.0661779378997498e-11,1.0661905202793778e-11,1.0662030899339569e-11,1.0662156468709465e-11,1.0662281910978048e-11,1.0662407226219012e-11,1.0662532414507493e-11,1.0662657475917214e-11,1.0662782410522458e-11,1.0662907218397442e-11,1.0663031899616318e-11,1.0663156454253085e-11,1.0663280882381642e-11,1.066340518407644e-11,1.066352935941083e-11,1.0663653408459128e-11,1.0663777331295049e-11,1.0663901127992429e-11,1.0664024798625003e-11,1.066414834326646e-11,1.066427176198973e-11,1.066439505486906e-11,1.0664518221978224e-11,1.0664641263390746e-11,1.0664764179180385e-11,1.0664886969420116e-11,1.0665009634183712e-11,1.066513217352601e-11,1.0665254587531951e-11,1.0665376876293363e-11,1.0665499039871584e-11,1.0665621078353978e-11,1.0665742991799527e-11,1.066586478028151e-11,1.066598644387305e-11,1.0666107982650376e-11,1.0666229396683135e-11,1.0666350686043347e-11,1.0666471850805184e-11,1.0666592891041277e-11,1.0666713806824995e-11,1.066683459822867e-11,1.0666955265325025e-11,1.0667075808186308e-11,1.0667196226885565e-11,1.0667316521494627e-11,1.0667436692075507e-11,1.0667556738724848e-11,1.0667676661502326e-11,1.0667796460480415e-11,1.0667916135731371e-11,1.0668035687327684e-11,1.066815511534188e-11,1.0668274419845584e-11,1.0668393600911201e-11,1.0668512658611459e-11,1.066863159301775e-11,1.0668750404214814e-11,1.0668869092250895e-11,1.0668987657207486e-11,1.0669106099159896e-11,1.0669224418178278e-11,1.0669342614336264e-11,1.0669460687703536e-11,1.0669578638350435e-11,1.0669696466353018e-11,1.0669814171778602e-11,1.0669931754703685e-11,1.067004921519765e-11,1.0670166553330956e-11,1.0670283769176014e-11,1.0670400862804639e-11,1.067051783428818e-11,1.06706346836985e-11,1.0670751411105108e-11,1.0670868016580854e-11,1.0670984500198423e-11,1.0671100862025595e-11,1.0671217102136949e-11,1.0671333220600277e-11,1.0671449217488157e-11,1.0671565092872066e-11,1.0671680846822613e-11,1.0671796479411199e-11,1.0671911990708384e-11,1.0672027380790715e-11,1.0672142649718535e-11,1.0672257797565418e-11,1.0672372824406056e-11,1.0672487730309733e-11,1.0672602515346915e-11,1.0672717179588075e-11,1.0672831723103738e-11,1.0672946145966399e-11,1.0673060448246595e-11,1.0673174630010374e-11,1.0673288691331644e-11,1.0673402632279704e-11,1.0673516452924143e-11,1.067363015333847e-11,1.0673743733590617e-11,1.0673857193766662e-11,1.0673970533921271e-11,1.0674083754124208e-11,1.0674196854445894e-11,1.0674309834940466e-11,1.0674422695696482e-11,1.0674535436781104e-11,1.0674648058264657e-11,1.067476056021692e-11,1.0674872942707707e-11,1.0674985205807193e-11,1.0675097349584427e-11,1.067520937410974e-11,1.0675321279452831e-11,1.0675433065683101e-11,1.0675544732870123e-11,1.0675656281083844e-11,1.0675767710393264e-11,1.0675879020868369e-11,1.06759902125782e-11,1.0676101285592518e-11,1.0676212239980423e-11,1.0676323075811417e-11,1.0676433793154846e-11,1.0676544392079666e-11,1.0676654872655288e-11,1.0676765234950663e-11,1.0676875479035157e-11,1.0676985604977799e-11,1.0677095612847796e-11,1.0677205502713562e-11,1.0677315274643278e-11,1.0677424928706838e-11,1.0677534464973378e-11,1.0677643883511522e-11,1.0677753184390503e-11,1.0677862367678597e-11,1.067797143344462e-11,1.0678080381757508e-11,1.067818921268563e-11,1.067829792629769e-11,1.0678406522662243e-11,1.0678515001847666e-11,1.0678623363922615e-11,1.0678731608955253e-11,1.067883973701435e-11,1.0678947748167813e-11,1.0679055642484183e-11,1.0679163420032037e-11,1.0679271080879187e-11,1.0679378625093896e-11,1.0679486052744194e-11,1.06795933638984e-11,1.0679700558624543e-11,1.0679807636990652e-11,1.067991459906486e-11,1.0680021444914676e-11,1.0680128174608129e-11,1.0680234788213635e-11,1.0680341285798196e-11,1.068044766743081e-11,1.0680553933178365e-11,1.0680660083108405e-11,1.0680766117289196e-11,1.0680872035787934e-11,1.0680977838671824e-11,1.068108352600921e-11,1.0681189097867146e-11,1.0681294554313049e-11,1.0681399895414593e-11,1.0681505121238837e-11,1.0681610231853512e-11,1.0681715227325789e-11,1.0681820107722706e-11,1.068192487311173e-11,1.0682029523559954e-11,1.068213405913453e-11,1.0682238479902545e-11,1.068234278593127e-11,1.0682446977287591e-11,1.0682551054038375e-11,1.0682655016250482e-11,1.0682758863991473e-11,1.0682862597327486e-11,1.0682966216325702e-11,1.0683069721052713e-11,1.0683173111575398e-11,1.0683276387960515e-11,1.0683379550274782e-11,1.0683482598584619e-11,1.0683585532956759e-11,1.0683688353457851e-11,1.0683791060154212e-11,1.0683893653112556e-11,1.0683996132398899e-11,1.0684098498078735e-11,1.0684200750220362e-11,1.0684302888888781e-11,1.068440491416173e-11,1.0684506826095892e-11,1.068460862474446e-11,1.0684710310185017e-11,1.0684811882489537e-11,1.068491334171341e-11,1.0685014687928503e-11,1.0685115921199237e-11,1.0685217041592535e-11,1.068531804917414e-11,1.06854189440099e-11,1.0685519726165523e-11,1.0685620395707308e-11,1.0685720952707587e-11,1.0685821397225312e-11,1.0685921729319563e-11,1.0686021949062674e-11,1.0686122056520199e-11,1.0686222051759243e-11,1.0686321934843512e-11,1.0686421705838656e-11,1.0686521364808676e-11,1.0686620911820547e-11,1.0686720346939925e-11,1.06868196702322e-11,1.0686918881762475e-11,1.0687017981596117e-11,1.0687116969798405e-11,1.0687215846430335e-11,1.0687314611560258e-11,1.0687413265252542e-11,1.0687511807580536e-11,1.0687610238603202e-11,1.0687708558385081e-11,1.0687806766991042e-11,1.0687904864485963e-11,1.0688002850935892e-11,1.0688100726400083e-11,1.0688198490949627e-11,1.0688296144649485e-11,1.0688393687562859e-11,1.0688491119754981e-11,1.0688588441289106e-11,1.0688685652229098e-11,1.0688782752640654e-11,1.0688879742589097e-11,1.0688976622138027e-11,1.0689073391351692e-11,1.068917005029834e-11,1.0689266599035628e-11,1.0689363037631485e-11,1.0689459366157852e-11,1.0689555584661877e-11,1.0689651693218848e-11,1.0689747691893639e-11,1.0689843580747068e-11,1.0689939359840927e-11,1.0690035029244489e-11,1.0690130589019961e-11,1.0690226039226454e-11,1.0690321379932919e-11,1.0690416611203008e-11,1.0690511733100398e-11,1.0690606745689333e-11,1.0690701649033614e-11,1.0690796443196572e-11,1.0690891128243967e-11,1.0690985704237804e-11,1.0691080171241902e-11,1.0691174529319999e-11,1.0691268778535446e-11,1.0691362918952017e-11,1.0691456950633286e-11,1.0691550873642235e-11,1.0691644688048025e-11,1.0691738393908782e-11,1.0691831991287822e-11,1.0691925480248188e-11,1.0692018860853422e-11,1.0692112133168655e-11,1.0692205297255147e-11,1.0692298353175664e-11,1.0692391300993134e-11,1.0692484140773395e-11,1.0692576872577974e-11,1.0692669496467686e-11,1.0692762012507787e-11,1.0692854420760583e-11,1.0692946721289127e-11,1.0693038914156124e-11,1.0693130999425108e-11,1.0693222977159511e-11,1.0693314847421125e-11,1.0693406610272852e-11,1.0693498265777306e-11,1.0693589813998074e-11,1.0693681254995847e-11,1.0693772588834812e-11,1.0693863815576989e-11,1.0693954935285527e-11,1.0694045948027045e-11,1.0694136853854288e-11,1.0694227652835024e-11,1.0694318345030883e-11,1.0694408930504855e-11,1.0694499409318902e-11,1.0694589781538073e-11,1.0694680047221425e-11,1.0694770206431676e-11,1.0694860259228832e-11,1.0694950205677469e-11,1.0695040045839406e-11,1.0695129779778171e-11,1.0695219407552901e-11,1.0695308929226872e-11,1.0695398344853058e-11,1.0695487654511224e-11,1.0695576858254424e-11,1.0695665956144307e-11,1.0695754948242916e-11,1.0695843834612096e-11,1.0695932615313348e-11,1.0696021290408472e-11,1.0696109859958997e-11,1.0696198324027523e-11,1.0696286682674052e-11,1.0696374935960606e-11,1.069646308394883e-11,1.0696551126700389e-11,1.0696639064279334e-11,1.0696726896741243e-11,1.0696814624154101e-11,1.069690224657251e-11,1.069698976406528e-11,1.0697077176684962e-11,1.0697164484497036e-11,1.0697251687558348e-11,1.0697338785938464e-11,1.0697425779694331e-11,1.0697512668885864e-11,1.0697599453574741e-11,1.0697686133826617e-11,1.0697772709696629e-11,1.0697859181246797e-11,1.0697945548545567e-11,1.0698031811640789e-11,1.069811797058883e-11,1.0698204025471828e-11,1.0698289976339214e-11,1.0698375823253464e-11,1.0698461566273001e-11,1.0698547205458386e-11,1.0698632740871295e-11,1.0698718172570829e-11,1.069880350062213e-11,1.0698888725062076e-11,1.069897384597519e-11,1.0699058863437916e-11,1.0699143777494657e-11,1.0699228588201666e-11,1.0699313295615685e-11,1.0699397899800686e-11,1.0699482400817527e-11,1.0699566798726408e-11,1.0699651093587521e-11,1.0699735285460945e-11,1.0699819374406791e-11,1.0699903360479619e-11,1.0699987243750776e-11,1.0700071024274174e-11,1.0700154702109633e-11,1.0700238277319966e-11,1.0700321749960303e-11,1.0700405120091862e-11,1.0700488387778726e-11,1.0700571553077223e-11,1.0700654616045705e-11,1.070073757673627e-11,1.0700820435227278e-11,1.0700903191569104e-11,1.0700985845821025e-11,1.0701068398041561e-11,1.070115084828983e-11,1.0701233196621677e-11,1.0701315443104376e-11,1.0701397587798548e-11,1.0701479630761587e-11,1.0701561572051878e-11,1.070164341173066e-11,1.070172514985252e-11,1.0701806786478835e-11,1.0701888321679739e-11,1.0701969755497478e-11,1.0702051087993266e-11,1.0702132319231614e-11,1.0702213449270124e-11,1.0702294478167841e-11,1.0702375405984137e-11,1.0702456232789981e-11,1.070253695863133e-11,1.0702617583567302e-11,1.070269810765698e-11,1.0702778530959298e-11,1.0702858853533187e-11,1.0702939075437175e-11,1.0703019196729926e-11,1.0703099217471087e-11,1.0703179137718388e-11,1.0703258957531064e-11,1.0703338676967565e-11,1.070341829608651e-11,1.0703497814946676e-11,1.0703577233606178e-11,1.0703656552123668e-11,1.0703735770557659e-11,1.0703814888966675e-11,1.0703893907408932e-11,1.0703972825943024e-11,1.0704051644626798e-11,1.0704130363512972e-11,1.0704208982665798e-11,1.070428750214347e-11,1.070436592200421e-11,1.0704444242305937e-11,1.0704522463114348e-11,1.0704600584491813e-11,1.0704678606482907e-11,1.070475652914563e-11,1.070483435253861e-11,1.0704912076719748e-11,1.070498970172906e-11,1.070506722764258e-11,1.0705144654527796e-11,1.0705221982433693e-11,1.0705299211418034e-11,1.070537634153872e-11,1.0705453372853149e-11,1.0705530305419228e-11,1.0705607139294945e-11,1.0705683874536987e-11,1.0705760511203909e-11,1.0705837049352866e-11,1.0705913489041397e-11,1.0705989830328047e-11,1.0706066073260309e-11,1.070614221790362e-11,1.0706218264315095e-11,1.0706294212550984e-11,1.0706370062678416e-11,1.0706445814743523e-11,1.0706521468806397e-11,1.0706597024927286e-11,1.0706672483157793e-11,1.0706747843559765e-11,1.0706823106191241e-11,1.0706898271104895e-11,1.0706973338356703e-11,1.070704830800644e-11,1.070712318012084e-11,1.0707197954726055e-11,1.0707272631910862e-11,1.0707347211721002e-11,1.0707421694214111e-11,1.070749607944208e-11
17,0.0,0.0,0.0,0.0,0.0,0.0,0.0,0.0,0.0,0.0,0.0,0.0,0.0,0.0,0.0,0.0,0.0,0.0,0.0,0.0,0.0,0.0,0.0,0.0,0.0,0.0,0.0,0.0,0.0,0.0,0.0,0.0,0.0,0.0,0.0,0.0,0.0,0.0,0.0,0.0,0.0,0.0,0.0,0.0,0.0,0.0,0.0,0.0,0.0,0.0,0.0,0.0,0.0,0.0,0.0,0.0,0.0,0.0,0.0,0.0,0.0,0.0,0.0,0.0,0.0,0.0,0.0,0.0,0.0,0.0,0.0,0.0,0.0,0.0,0.0,0.0,0.0,0.0,0.0,0.0,0.0,0.0,0.0,0.0,0.0,0.0,0.0,0.0,0.0,0.0,0.0,0.0,0.0,0.0,0.0,0.0,0.0,0.0,0.0,0.0,0.0,0.0,0.0,0.0,0.0,0.0,0.0,0.0,0.0,0.0,0.0,0.0,0.0,0.0,0.0,0.0,0.0,0.0,0.0,0.0,0.0,0.0,0.0,0.0,0.0,0.0,0.0,0.0,0.0,0.0,0.0,0.0,0.0,0.0,0.0,0.0,0.0,0.0,0.0,0.0,0.0,0.0,0.0,0.0,0.0,0.0,0.0,0.0,0.0,0.0,0.0,0.0,0.0,0.0,0.0,0.0,0.0,0.0,0.0,0.0,0.0,0.0,0.0,0.0,0.0,0.0,0.0,0.0,0.0,0.0,0.0,0.0,0.0,0.0,0.0,0.0,0.0,0.0,0.0,0.0,0.0,0.0,0.0,0.0,0.0,0.0,0.0,0.0,0.0,0.0,0.0,0.0,0.0,0.0,0.0,0.0,0.0,0.0,0.0,0.0,0.0,0.0,0.0,0.0,0.0,0.0,0.0,0.0,0.0,0.0,0.0,0.0,0.0,0.0,0.0,0.0,0.0,0.0,0.0,0.0,0.0,0.0,0.0,0.0,0.0,0.0,0.0,0.0,0.0,0.0,0.0,0.0,0.0,0.0,0.0,0.0,0.0,0.0,0.0,0.0,0.0,0.0,0.0,0.0,0.0,0.0,0.0,0.0,0.0,0.0,0.0,0.0,0.0,0.0,0.0,0.0,0.0,0.0,0.0,0.0,0.0,0.0,0.0,0.0,0.0,0.0,0.0,0.0,0.0,0.0,0.0,0.0,0.0,0.0,0.0,0.0,0.0,0.0,0.0,0.0,0.0,0.0,0.0,0.0,0.0,0.0,0.0,0.0,0.0,0.0,0.0,0.0,0.0,0.0,0.0,0.0,0.0,0.0,0.0,0.0,0.0,0.0,0.0,0.0,0.0,0.0,0.0,0.0,0.0,0.0,0.0,0.0,0.0,0.0,0.0,0.0,0.0,0.0,0.0,0.0,0.0,0.0,0.0,0.0,0.0,0.0,0.0,0.0,0.0,0.0,0.0,0.0,0.0,0.0,0.0,0.0,0.0,0.0,0.0,0.0,0.0,0.0,0.0,0.0,0.0,0.0,0.0,0.0,0.0,0.0,0.0,0.0,0.0,0.0,0.0,0.0,0.0,0.0,0.0,0.0,0.0,0.0,0.0,0.0,0.0,0.0,0.0,0.0,0.0,0.0,0.0,0.0,0.0,0.0,0.0,0.0,0.0,0.0,0.0,0.0,0.0,0.0,0.0,0.0,0.0,0.0,0.0,0.0,0.0,0.0,0.0,0.0,0.0,0.0,0.0,0.0,0.0,0.0,0.0,0.0,0.0,0.0,0.0,0.0,0.0,0.0,0.0,0.0,0.0,0.0,0.0,0.0,0.0,0.0,0.0,0.0,0.0,0.0,0.0,0.0,0.0,0.0,0.0,0.0,0.0,0.0,0.0,0.0,0.0,0.0,0.0,0.0,0.0,0.0,0.0,0.0,0.0,0.0,0.0,0.0,0.0,0.0,0.0,0.0,0.0,0.0,0.0,0.0,0.0,0.0,0.0,0.0,0.0,0.0,0.0,0.0,0.0,0.0,0.0,0.0,0.0,0.0,0.0,0.0,0.0,0.0,0.0,0.0,0.0,0.0,0.0,0.0,0.0,0.0,0.0,0.0,0.0,0.0,0.0,0.0,0.0,0.0,0.0,0.0,0.0,0.0,0.0,0.0,0.0,0.0,0.0,0.0,0.0,0.0,0.0,0.0,0.0,0.0,0.0,0.0,0.0,0.0,0.0,0.0,0.0,0.0,0.0,0.0,0.0,0.0,0.0,0.0,0.0,0.0,0.0,0.0,0.0,0.0,0.0,0.0,0.0,0.0,0.0,0.0,0.0,0.0,0.0,0.0,0.0,0.0,0.0,0.0,0.0,0.0,0.0,0.0,0.0,0.0,0.0,0.0,0.0,0.0,0.0,0.0,0.0,0.0,0.0,0.0,0.0,0.0,0.0,0.0,0.0,0.0,0.0,0.0,0.0,0.0,0.0,0.0,0.0,0.0,0.0,0.0,0.0,0.0,0.0,0.0,0.0,0.0,0.0,0.0,0.0,0.0,0.0,0.0,0.0,0.0,0.0,0.0,0.0,0.0,0.0,0.0,0.0,0.0,0.0,0.0,0.0,0.0,0.0,0.0,0.0,0.0,0.0,0.0,0.0,0.0,0.0,0.0,0.0,0.0,0.0,0.0,0.0,0.0,0.0,0.0,0.0,0.0,0.0,0.0,0.0,0.0,0.0,0.0,0.0,0.0,0.0,0.0,0.0,0.0,0.0,0.0,0.0,0.0,0.0,0.0,0.0,0.0,0.0,0.0,0.0,0.0,0.0,0.0,0.0,0.0,0.0,0.0,0.0,0.0,0.0,0.0,0.0,0.0,0.0,0.0,0.0,0.0,0.0,0.0,0.0,0.0,0.0,0.0,0.0,0.0,0.0,0.0,0.0,0.0,0.0,0.0,0.0,0.0,0.0,0.0,0.0,0.0,0.0,0.0,0.0,0.0,0.0,0.0,0.0,0.0,0.0,0.0,0.0,0.0,0.0,0.0,0.0,0.0,0.0,0.0,0.0,0.0,0.0,0.0,0.0,0.0,0.0,0.0,0.0,0.0,0.0,0.0,0.0,0.0,0.0,0.0,0.0,0.0,0.0,0.0,0.0,0.0,0.0,0.0,0.0,0.0,0.0,0.0,0.0,0.0,0.0,0.0,0.0,0.0,0.0,0.0,0.0,0.0,0.0,0.0,0.0,0.0,0.0,0.0,0.0,0.0,0.0,0.0,0.0,0.0,0.0,0.0,0.0,0.0,0.0,0.0,0.0,0.0,0.0,0.0,0.0,0.0,0.0,0.0,0.0,0.0,0.0,0.0,0.0,0.0,0.0,0.0,0.0,0.0,0.0,0.0,0.0,0.0,0.0,0.0,0.0,0.0,0.0,0.0,0.0,0.0,0.0,0.0,0.0,0.0,0.0,0.0,0.0,0.0,0.0,0.0,0.0,0.0,0.0,0.0,0.0,0.0,0.0,0.0,0.0,0.0,0.0,0.0,0.0,0.0,0.0,0.0,0.0,0.0,0.0,0.0,0.0,0.0,0.0,0.0,0.0,0.0,0.0,0.0,0.0,0.0,0.0,0.0,0.0,0.0,0.0,0.0,0.0,0.0,0.0,0.0,0.0,0.0,0.0,0.0,0.0,0.0,0.0,0.0,0.0,0.0,0.0,0.0,0.0,0.0,0.0,0.0,0.0,0.0,0.0,0.0,0.0,0.0,0.0,0.0,0.0,0.0,0.0,0.0,0.0,0.0,0.0,0.0,0.0,0.0,0.0,0.0,0.0,0.0,0.0,0.0,0.0,0.0,0.0,0.0,0.0,0.0,0.0,0.0,0.0,0.0,0.0,0.0,0.0,0.0,0.0,0.0,0.0,0.0,0.0,0.0,0.0,0.0,0.0,0.0,0.0,0.0,0.0,0.0,0.0,0.0,0.0,0.0,0.0,0.0,0.0,0.0,0.0,0.0,0.0,0.0,0.0,0.0,0.0,0.0,0.0,0.0,0.0,0.0,0.0,0.0,0.0,0.0,0.0,0.0,0.0,0.0,0.0,0.0,0.0,0.0,0.0,0.0,0.0,0.0,0.0,0.0,0.0,0.0,0.0,0.0,0.0,0.0,0.0,0.0,0.0,0.0,0.0,0.0,0.0,0.0,0.0,0.0,0.0,0.0,0.0,0.0,0.0,0.0,0.0,0.0,0.0,0.0,0.0,0.0,0.0,0.0,0.0,0.0,0.0,0.0,0.0,0.0,0.0,0.0,0.0,0.0,0.0,0.0,0.0,0.0,0.0,0.0,0.0,0.0,0.0,0.0,0.0,0.0,0.0,0.0,0.0,0.0,0.0,0.0,0.0,0.0,0.0,0.0,0.0,0.0,0.0,0.0,0.0,0.0,0.0,0.0,1.8356623966468295e-30,3.9160685538238276e-30,6.278699215735934e-30,8.970237118789358e-30,1.2048220435584914e-29,1.5583460231266654e-29,1.966336622960036e-29,2.439643287131457e-29,2.9918273185906467e-29,3.6399774610184864e-29,4.405822180609313e-29,5.317263813006927e-29,6.410522263966315e-29,7.733174188453542e-29,9.348531223268921e-29,1.1342059566926446e-28,1.3830978190319296e-28,1.6978924005620807e-28,2.1018907781711864e-28,2.6290238287286156e-28,3.329976897856627e-28,4.282711225878922e-28,5.611280946984723e-28,7.521093419924742e-28,1.0368687591418767e-27,1.4809017148095257e-27,2.2131199467357894e-27,3.5098440455881614e-27,6.030195015165763e-27,1.1575387108209446e-26,2.601127245511584e-26,7.336754502803966e-26,2.871168095726944e-25,1.7815294637085437e-24,2.0393469529400056e-23,4.645460111072045e-22,1.6664593616110563e-20,5.401087156423928e-19,1.0415845425854284e-17,1.102682201308569e-16,7.018705898864619e-16,3.0224364214575685e-15,9.706785880297454e-15,2.4986436668320435e-14,5.430107438181603e-14,1.0344932345371223e-13,1.7761130942207676e-13,2.805588314380086e-13,4.1422554672456076e-13,5.786543597568202e-13,7.722361240212532e-13,9.921148661060344e-13,1.2346434180371166e-12,1.4958057338644304e-12,1.77155913650538e-12,2.0580804388301867e-12,2.3519205094769164e-12,2.6500828848054135e-12,2.9500457724610995e-12,3.2497459183908782e-12,3.5475396339348312e-12,3.842152450132838e-12,4.13262530728251e-12,4.418262279897729e-12,4.6985826632370166e-12,4.973278740478047e-12,5.242179583805077e-12,5.505220673955357e-12,5.762418823666426e-12,6.013851762500505e-12,6.259641715074672e-12,6.499942336002285e-12,6.734928425612634e-12,6.964787921402228e-12,7.1897157349388874e-12,7.409909070455171e-12,7.625563925379632e-12,7.836872526176376e-12,8.044021499022016e-12,8.247190613478384e-12,8.446551969539438e-12,8.642269524478971e-12,8.834498877480064e-12,9.023387247091168e-12,9.209073590803291e-12,9.3916888259963e-12,9.571356123630306e-12,9.748191247455658e-12,9.9223029231354e-12,1.0093793222130847e-11,1.0262757949923992e-11,1.0429287031360446e-11,1.0593464886822102e-11,1.075537079575617e-11,1.0915079244670544e-11,1.1072660257817178e-11,1.1228179709901071e-11,1.1381699620038718e-11,1.153327842731398e-11,1.1682971248072412e-11,1.1830830115644624e-11,1.1976904202825987e-11,1.2121240028976293e-11,1.226388165112146e-11,1.2404870841097906e-11,1.2544247249138228e-11,1.268204855496745e-11,1.281831060728057e-11,1.2953067552185036e-11,1.3086351951815698e-11,1.3218194893424438e-11,1.3348626090225222e-11,1.3477673974139812e-11,1.3605365781043238e-11,1.3731727629760287e-11,1.385678459459451e-11,1.3980560772305087e-11,1.4103079343767009e-11,1.4224362630971852e-11,1.4344432149866882e-11,1.4463308658413441e-11,1.4581012201851e-11,1.4697562154149204e-11,1.481297725612674e-11,1.492727565117243e-11,1.5040474918170987e-11,1.5152592101864854e-11,1.5263643741230453e-11,1.537364589564669e-11,1.5482614169490753e-11,1.559056373462026e-11,1.5697509351538252e-11,1.5803465389079636e-11,1.5908445842769866e-11,1.6012464351867335e-11,1.6115534215386027e-11,1.6217668406953647e-11,1.6318879588890164e-11,1.6419180125382746e-11,1.6518582094155876e-11,1.661709729885405e-11,1.6714737279404648e-11,1.6811513322089253e-11,1.6907436469418418e-11,1.7002517528687155e-11,1.7096767081008336e-11,1.719019548907411e-11,1.728281290464448e-11,1.737462927594065e-11,1.746565435428908e-11,1.7555897700645345e-11,1.7645368691638636e-11,1.773407652518421e-11,1.7822030226711108e-11,1.7909238653340353e-11,1.7995710499701396e-11,1.8081454302325718e-11,1.8166478444285867e-11,1.8250791159504058e-11,1.8334400536895038e-11,1.8417314524319285e-11,1.8499540932372e-11,1.8581087438002464e-11,1.8661961588038786e-11,1.8742170802479468e-11,1.882172237770806e-11,1.890062348956696e-11,1.8978881196338843e-11,1.9056502441498085e-11,1.9133494056768818e-11,1.920986276435889e-11,1.928561517965325e-11,1.936075781389644e-11,1.9435297076248138e-11,1.9509239276320355e-11,1.95825906260477e-11,1.9655357242295546e-11,1.9727545148645365e-11,1.9799160277453782e-11,1.9870208471814815e-11,1.994069548742431e-11,2.0010626994432665e-11,2.008000857921706e-11,2.014884574602319e-11,2.0217143918756173e-11,2.0284908442539343e-11,2.0352144585272847e-11,2.041885753919253e-11,2.0485052422446837e-11,2.0550734280166435e-11,2.0615908086426288e-11,2.0680578745249795e-11,2.0744751092049754e-11,2.0808429894931307e-11,2.0871619855887902e-11,2.0934325612110918e-11,2.099655173720187e-11,2.1058302742294942e-11,2.1119583077212863e-11,2.1180397131623898e-11,2.124074923601742e-11,2.130064366297595e-11,2.136008462797595e-11,2.1419076290538717e-11,2.1477622755197776e-11,2.153572807244917e-11,2.1593396239709835e-11,2.165063120222028e-11,2.1707436853992246e-11,2.1763817038627545e-11,2.1819775550213186e-11,2.18753161341885e-11,2.1930442488118916e-11,2.1985158262537025e-11,2.203946706172362e-11,2.2093372444477375e-11,2.2146877924872035e-11,2.219998697300655e-11,2.2252703015710173e-11,2.2305029437268004e-11,2.235696958010882e-11,2.2408526745486868e-11,2.2459704194148175e-11,2.251050514698342e-11,2.2560932785667522e-11,2.2610990253286345e-11,2.2660680654964508e-11,2.2710007058412302e-11,2.2758972494598254e-11,2.280757995827391e-11,2.285583240855184e-11,2.290373276946389e-11,2.2951283930504783e-11,2.2998488747167853e-11,2.304535004146992e-11,2.309187060246348e-11,2.3138053186742913e-11,2.3183900518938947e-11,2.3229415292204258e-11,2.3274600168689925e-11,2.331945778001292e-11,2.336399072771793e-11,2.340820158371637e-11,2.3452092890744912e-11,2.3495667162788943e-11,2.3538926885511306e-11,2.3581874516665625e-11,2.3624512486516137e-11,2.366684319823129e-11,2.3708869028292302e-11,2.375059232686225e-11,2.3792015418190024e-11,2.3833140600967433e-11,2.3873970148702612e-11,2.3914506310089346e-11,2.3954751309354306e-11,2.3994707346608816e-11,2.4034376598191318e-11,2.4073761217005697e-11,2.4112863332850198e-11,2.4151685052745345e-11,2.4190228461251453e-11,2.4228495620784713e-11,2.426648857192638e-11,2.430420933372438e-11,2.434165990399304e-11,2.4378842259606875e-11,2.4415758356788242e-11,2.445241013139121e-11,2.448879949918111e-11,2.452492835610668e-11,2.456079857857184e-11,2.4596412023699734e-11,2.463177052959323e-11,2.4666875915591673e-11,2.4701729982522833e-11,2.4736334512951045e-11,2.4770691271420998e-11,2.4804802004697585e-11,2.4838668442002078e-11,2.487229229524433e-11,2.4905675259251153e-11,2.4938819011990956e-11,2.4971725214795107e-11,2.5004395512575244e-11,2.503683153403767e-11,2.506903489189362e-11,2.510100718306711e-11,2.5132749988898402e-11,2.5164264875345413e-11,2.5195553393180874e-11,2.522661707818697e-11,2.52574574513472e-11,2.5288076019034235e-11,2.531847427319638e-11,2.534865369153906e-11,2.5378615737705548e-11,2.5408361861453752e-11,2.5437893498830344e-11,2.546721207234321e-11,2.5496318991129425e-11,2.552521565112226e-11,2.555390343521509e-11,2.5582383713422282e-11,2.5610657843038916e-11,2.563872716879701e-11,2.566659302301965e-11,2.5694256725772633e-11,2.5721719585014686e-11,2.5748982896744317e-11,2.5776047945145188e-11,2.5802916002729096e-11,2.582958833047669e-11,2.5856066177976794e-11,2.588235078356242e-11,2.590844337444601e-11,2.593434516685207e-11,2.5960057366147948e-11,2.598558116697275e-11,2.6010917753364438e-11,2.603606829888484e-11,2.6061033966743324e-11,2.6085815909918046e-11,2.6110415271276e-11,2.613483318369111e-11,2.6159070770160532e-11,2.6183129143919556e-11,2.620700940855454e-11,2.6230712658114634e-11,2.6254239977221493e-11,2.6277592441177676e-11,2.6300771116073943e-11,2.632377705889382e-11,2.6346611317617878e-11,2.636927493132616e-11,2.6391768930298975e-11,2.6414094336116648e-11,2.6436252161757675e-11,2.6458243411695034e-11,2.648006908199243e-11,2.6501730160398007e-11,2.6523227626437262e-11,2.6544562451504633e-11,2.6565735598953825e-11,2.6586748024186925e-11,2.660760067474221e-11,2.662829449038098e-11,2.664883040317284e-11,2.666920933758022e-11,2.6689432210541453e-11,2.6709499931553e-11,2.6729413402750313e-11,2.6749173518987814e-11,2.676878116791767e-11,2.6788237230067533e-11,2.6807542578917417e-11,2.682669808097524e-11,2.68457045958517e-11,2.6864562976333996e-11,2.6883274068458286e-11,2.6901838711581983e-11,2.6920257738454295e-11,2.6938531975286143e-11,2.6956662241819346e-11,2.6974649351394632e-11,2.699249411101888e-11,2.7010197321431513e-11,2.7027759777169927e-11,2.7045182266634378e-11,2.706246557215126e-11,2.7079610470036807e-11,2.709661773065892e-11,2.711348811849854e-11,2.7130222392210343e-11,2.7146821304682616e-11,2.7163285603096253e-11,2.717961602898322e-11,2.7195813318284e-11,2.7211878201404615e-11,2.7227811403272678e-11,2.7243613643392874e-11,2.725928563590174e-11,2.727482808962171e-11,2.7290241708114562e-11,2.730552718973409e-11,2.7320685227678194e-11,2.7335716510040404e-11,2.7350621719860534e-11,2.736540153517495e-11,2.7380056629066096e-11,2.739458766971151e-11,2.740899532043198e-11,2.742328023973958e-11,2.7437443081384522e-11,2.7451484494402104e-11,2.7465405123158408e-11,2.7479205607396027e-11,2.7492886582278892e-11,2.7506448678436654e-11,2.7519892522008525e-11,2.7533218734686634e-11,2.7546427933758838e-11,2.755952073215096e-11,2.7572497738468644e-11,2.7585359557038635e-11,2.759810678794953e-11,2.7610740027092116e-11,2.7623259866199253e-11,2.7635666892885233e-11,2.7647961690684614e-11,2.7660144839090754e-11,2.7672216913593793e-11,2.7684178485718165e-11,2.7696030123059748e-11,2.7707772389322553e-11,2.771940584435496e-11,2.773093104418562e-11,2.7742348541058743e-11,2.7753658883469287e-11,2.7764862616197297e-11,2.7775960280342435e-11,2.7786952413357636e-11,2.7797839549082552e-11,2.7808622217776556e-11,2.7819300946151496e-11,2.7829876257403997e-11,2.7840348671247288e-11,2.7850718703942886e-11,2.786098686833179e-11,2.787115367386527e-11,2.788121962663545e-11,2.7891185229405498e-11,2.7901050981639386e-11,2.7910817379531416e-11,2.7920484916035476e-11,2.7930054080893704e-11,2.7939525360665184e-11,2.7948899238754083e-11,2.795817619543754e-11,2.7967356707893246e-11,2.7976441250226753e-11,2.798543029349846e-11,2.7994324305750243e-11,2.8003123752031913e-11,2.8011829094427292e-11,2.8020440792079997e-11,2.8028959301219076e-11,2.8037385075184117e-11,2.80457185644504e-11,2.805396021665349e-11,2.8062110476613715e-11,2.807016978636038e-11,2.8078138585155614e-11,2.8086017309518204e-11,2.8093806393246762e-11,2.8101506267443117e-11,2.8109117360535043e-11,2.8116640098299105e-11,2.8124074903882953e-11,2.8131422197827518e-11,2.8138682398089072e-11,2.814585592006086e-11,2.8152943176594595e-11,2.815994457802179e-11,2.816686053217473e-11,2.8173691444407304e-11,2.8180437717615707e-11,2.818709975225867e-11,2.8193677946377812e-11,2.8200172695617387e-11,2.8206584393244278e-11,2.8212913430167397e-11,2.8219160194957078e-11,2.8225325073864287e-11,2.8231408450839446e-11,2.823741070755131e-11,2.8243332223405494e-11,2.824917337556283e-11,2.825493453895762e-11,2.8260616086315526e-11,2.826621838817147e-11,2.8271741812887274e-11,2.8277186726669078e-11,2.8282553493584712e-11,2.8287842475580645e-11,2.8293054032499036e-11,2.8298188522094498e-11,2.830324630005064e-11,2.830822771999651e-11,2.8313133133522922e-11,2.8317962890198413e-11,2.832271733758536e-11,2.8327396821255653e-11,2.8332001684806288e-11,2.833653226987497e-11,2.8340988916155307e-11,2.834537196141201e-11,2.8349681741495927e-11,2.8353918590358927e-11,2.835808284006856e-11,2.836217482082262e-11,2.8366194860963762e-11,2.8370143286993587e-11,2.8374020423586812e-11,2.8377826593605415e-11,2.8381562118112373e-11,2.8385227316385533e-11,2.838882250593112e-11,2.8392348002497307e-11,2.8395804120087436e-11,2.8399191170973394e-11,2.8402509465708625e-11,2.840575931314105e-11,2.8408941020426028e-11,2.8412054893039003e-11,2.8415101234788066e-11,2.841808034782653e-11,2.8420992532665257e-11,2.8423838088184833e-11,2.842661731164776e-11,2.842933049871054e-11,2.8431977943435425e-11,2.843455993830225e-11,2.843707677422025e-11,2.8439528740539334e-11,2.8441916125061878e-11,2.844423921405382e-11,2.8446498292256036e-11,2.8448693642895442e-11,2.8450825547696033e-11,2.845289428688982e-11,2.8454900139227668e-11,2.845684338198998e-11,2.8458724290997426e-11,2.846054314062136e-11,2.8462300203794382e-11,2.8463995752020594e-11,2.8465630055385846e-11,2.8467203382567948e-11,2.846871600084667e-11,2.8470168176113735e-11,2.8471560172882773e-11,2.8472892254298932e-11,2.847416468214874e-11,2.847537771686962e-11,2.847653161755948e-11,2.8477626641986132e-11,2.8478663046596572e-11,2.8479641086526376e-11,2.8480561015608803e-11,2.8481423086383924e-11,2.8482227550107607e-11,2.8482974656760506e-11,2.8483664655056932e-11,2.8484297792453558e-11,2.8484874315158202e-11,2.8485394468138432e-11,2.8485858495130097e-11,2.8486266638645794e-11,2.8486619139983313e-11,2.8486916239234017e-11,2.8487158175290924e-11,2.8487345185857046e-11,2.8487477507453354e-11,2.8487555375426998e-11,2.8487579023958978e-11,2.8487548686072434e-11,2.848746459364025e-11,2.8487326977392822e-11,2.848713606692578e-11,2.8486892090707575e-11,2.8486595276087132e-11,2.848624584930125e-11,2.848584403548212e-11,2.848539005866458e-11,2.848488414179357e-11,2.848432650673119e-11,2.8483717374264064e-11,2.8483056964110344e-11,2.8482345494926822e-11,2.8481583184315852e-11,2.84807702488324e-11,2.8479906903990823e-11,2.8478993364271758e-11,2.847802984312883e-11,2.8477016552995405e-11,2.8475953705291244e-11,2.8474841510429035e-11,2.847368017782099e-11,2.847246991588531e-11,2.847121093205261e-11,2.8469903432772274e-11,2.8468547623518866e-11,2.846714370879827e-11,2.8465691892154002e-11,2.8464192376173345e-11,2.8462645362493437e-11,2.8461051051807424e-11,2.8459409643870347e-11,2.8457721337505232e-11,2.8455986330608866e-11,2.845420482015784e-11,2.84523770022142e-11,2.8450503071931324e-11,2.8448583223559596e-11,2.8446617650452112e-11,2.8444606545070248e-11,2.8442550098989372e-11,2.844044850290425e-11,2.8438301946634604e-11,2.8436110619130556e-11,2.843387470847802e-11,2.843159440190411e-11,2.8429269885782382e-11,2.8426901345638175e-11,2.8424488966153815e-11,2.842203293117383e-11,2.8419533423710036e-11,2.8416990625946748e-11,2.8414404719245777e-11,2.8411775884151487e-11,2.840910430039575e-11,2.8406390146902917e-11,2.8403633601794737e-11,2.840083484239522e-11,2.8397994045235427e-11,2.8395111386058396e-11,2.839218703982368e-11,2.8389221180712295e-11,2.8386213982131216e-11,2.8383165616718178e-11,2.8380076256346127e-11,2.8376946072127953e-11,2.8373775234420888e-11,2.837056391283108e-11,2.836731227621808e-11,2.836402049269919e-11,2.836068872965393e-11,2.8357317153728407e-11,2.835390593083957e-11,2.8350455226179625e-11,2.8346965204220108e-11,2.8343436028716385e-11,2.8339867862711597e-11,2.833626086854096e-11,2.833261520783591e-11,2.8328931041528048e-11,2.8325208529853463e-11,2.832144783235655e-11,2.8317649107894116e-11,2.831381251463939e-11,2.8309938210085868e-11,2.830602635105134e-11,2.8302077093681706e-11,2.8298090593454883e-11,2.8294067005184596e-11,2.8290006483024196e-11,2.8285909180470483e-11,2.828177525036729e-11,2.8277604844909466e-11,2.8273398115646318e-11,2.82691552134854e-11,2.826487628869608e-11,2.8260561490913213e-11,2.8256210969140697e-11,2.8251824871755026e-11,2.8247403346508766e-11,2.824294654053418e-11,2.8238454600346573e-11,2.823392767184782e-11,2.822936590032977e-11,2.8224769430477648e-11,2.822013840637338e-11,2.8215472971499096e-11,2.8210773268740227e-11,2.820603944038904e-11,2.8201271628147726e-11,2.819646997313177e-11,2.819163461587315e-11,2.818676569632351e-11,2.818186335385737e-11,2.8176927727275328e-11,2.8171958954807124e-11,2.8166957174114804e-11,2.816192252229577e-11,2.8156855135885903e-11,2.8151755150862573e-11,2.814662270264766e-11,2.8141457926110655e-11,2.8136260955571447e-11,2.8131031924803484e-11,2.8125770967036612e-11,2.8120478214960008e-11,2.8115153800725094e-11,2.8109797855948396e-11,2.8104410511714456e-11,2.809899189857858e-11,2.809354214656973e-11,2.808806138519328e-11,2.8082549743433835e-11,2.807700734975798e-11,2.8071434332116965e-11,2.8065830817949522e-11,2.806019693418447e-11,2.8054532807243442e-11,2.804883856304358e-11,2.8043114327000166e-11,2.8037360224029166e-11,2.8031576378549957e-11,2.8025762914487854e-11,2.8019919955276706e-11,2.8014047623861404e-11,2.8008146042700525e-11,2.8002215333768734e-11,2.7996255618558492e-11,2.7990267018085113e-11,2.7984249652886623e-11,2.7978203643027128e-11,2.7972129108099216e-11,2.7966026167226324e-11,2.7959894939065266e-11,2.795373554180852e-11,2.794754809318661e-11,2.794133271047047e-11,2.793508951047382e-11,2.7928818609555426e-11,2.792252012362143e-11,2.7916194168127683e-11,2.7909840858081924e-11,2.7903460308046137e-11,2.789705263213874e-11,2.7890617944036877e-11,2.788415635697849e-11,2.787766798376474e-11,2.7871152936762e-11,2.7864611327904086e-11,2.7858043268694444e-11,2.7851448870208272e-11,2.784482824309469e-11,2.78381814975787e-11,2.7831508743463508e-11,2.782481009013244e-11,2.7818085646551147e-11,2.7811335521269483e-11,2.7804559822423738e-11,2.779775865773859e-11,2.7790932134529094e-11,2.7784080359702727e-11,2.7777203439761394e-11,2.777030148080336e-11,2.776337458852527e-11,2.775642286822405e-11,2.774944642479891e-11,2.7742445362753174e-11,2.77354197861963e-11,2.7728369798845766e-11,2.7721295504028913e-11,2.7714197004684815e-11,2.770707440336624e-11,2.7699927802241416e-11,2.7692757303095932e-11,2.768556300733451e-11,2.767834501598286e-11,2.7671103429689483e-11,2.766383834872751e-11,2.7656549872996418e-11,2.7649238102023835e-11,2.7641903134967342e-11,2.763454507061609e-11,2.7627164007392756e-11,2.7619760043355038e-11,2.761233327619761e-11,2.7604883803253604e-11,2.759741172149648e-11,2.7589917127541566e-11,2.758240011764791e-11,2.7574860787719773e-11,2.7567299233308437e-11,2.7559715549613654e-11,2.755210983148554e-11,2.7544482173425936e-11,2.753683266959022e-11,2.7529161413788837e-11,2.752146849948881e-11,2.751375401981552e-11,2.750601806755411e-11,2.749826073515111e-11,2.7490482114715983e-11,2.7482682298022718e-11,2.7474861376511277e-11,2.7467019441289223e-11,2.745915658313315e-11,2.7451272892490254e-11,2.7443368459479786e-11,2.743544337389458e-11,2.7427497725202506e-11,2.741953160254798e-11,2.741154509475336e-11,2.7403538290320495e-11,2.7395511277432055e-11,2.7387464143953084e-11,2.7379396977432336e-11,2.7371309865103778e-11,2.7363202893887898e-11,2.735507615039322e-11,2.7346929720917607e-11,2.7338763691449692e-11,2.7330578147670278e-11,2.732237317495364e-11,2.731414885836895e-11,2.730590528268159e-11,2.7297642532354502e-11,2.728936069154955e-11,2.728105984412883e-11,2.727274007365601e-11,2.7264401463397577e-11,2.7256044096324286e-11,2.724766805511226e-11,2.7239273422144483e-11,2.723086027951191e-11,2.7222428709014896e-11,2.7213978792164307e-11,2.7205510610182935e-11,2.7197024244006624e-11,2.7188519774285614e-11,2.7179997281385717e-11,2.717145684538955e-11,2.7162898546097802e-11,2.7154322463030434e-11,2.7145728675427845e-11,2.713711726225217e-11,2.7128488302188343e-11,2.7119841873645433e-11,2.711117805475772e-11,2.7102496923385907e-11,2.7093798557118326e-11,2.7085083033272024e-11,2.7076350428893957e-11,2.7067600820762154e-11,2.7058834285386892e-11,2.7050050899011687e-11,2.704125073761465e-11,2.7032433876909342e-11,2.7023600392346167e-11,2.7014750359113255e-11,2.7005883852137722e-11,2.6997000946086695e-11,2.698810171536836e-11,2.69791862341332e-11,2.69702545762749e-11,2.6961306815431537e-11,2.6952343024986603e-11,2.6943363278070052e-11,2.6934367647559423e-11,2.692535620608082e-11,2.6916329026010006e-11,2.690728617947336e-11,2.6898227738349014e-11,2.6889153774267855e-11,2.6880064358614455e-11,2.68709595625282e-11,2.6861839456904262e-11,2.6852704112394568e-11,2.6843553599408857e-11,2.683438798811562e-11,2.682520734844313e-11,2.6816011750080415e-11,2.6806801262478187e-11,2.679757595484991e-11,2.6788335896172675e-11,2.6779081155188194e-11,2.6769811800403774e-11,2.6760527900093253e-11,2.6751229522297943e-11,2.674191673482759e-11,2.6732589605261247e-11,2.6723248200948314e-11,2.671389258900933e-11,2.6704522836337055e-11,2.6695139009597202e-11,2.668574117522951e-11,2.6676329399448535e-11,2.6666903748244614e-11,2.6657464287384757e-11,2.664801108241348e-11,2.6638544198653832e-11,2.6629063701208067e-11,2.6619569654958676e-11,2.6610062124569267e-11,2.660054117448532e-11,2.659100686893516e-11,2.6581459271930772e-11,2.6571898447268624e-11,2.6562324458530564e-11,2.6552737369084643e-11,2.6543137242085994e-11,2.6533524140477592e-11,2.652389812699115e-11,2.6514259264147938e-11,2.6504607614259595e-11,2.649494323942893e-11,2.6485266201550797e-11,2.6475576562312806e-11,2.6465874383196217e-11,2.645615972547674e-11,2.6446432650225288e-11,2.643669321830878e-11,2.642694149039093e-11,2.6417177526933095e-11,2.6407401388194968e-11,2.63976131342354e-11,2.6387812824913155e-11,2.6378000519887722e-11,2.6368176278620027e-11,2.6358340160373245e-11,2.6348492224213506e-11,2.6338632529010686e-11,2.632876113343918e-11,2.6318878095978553e-11,2.6308983474914403e-11,2.6299077328339013e-11,2.6289159714152117e-11,2.6279230690061645e-11,2.626929031358444e-11,2.6259338642046962e-11,2.6249375732586045e-11,2.6239401642149604e-11,2.6229416427497298e-11,2.6219420145201306e-11,2.6209412851647047e-11,2.619939460303377e-11,2.61893654553754e-11,2.6179325464501123e-11,2.6169274686056126e-11,2.6159213175502288e-11,2.6149140988118833e-11,2.6139058179003056e-11,2.6128964803070977e-11,2.6118860915058026e-11,2.6108746569519662e-11,2.609862182083218e-11,2.6088486723193187e-11,2.607834133062244e-11,2.6068185696962383e-11,2.6058019875878876e-11,2.6047843920861775e-11,2.603765788522568e-11,2.602746182211049e-11,2.60172557844821e-11,2.6007039825133026e-11,2.599681399668301e-11,2.5986578351579734e-11,2.5976332942099354e-11,2.5966077820347195e-11,2.595581303825838e-11,2.5945538647598384e-11,2.5935254699963685e-11,2.5924961246782454e-11,2.5914658339315056e-11,2.5904346028654707e-11,2.5894024365728098e-11,2.5883693401295977e-11,2.587335318595377e-11,2.586300377013213e-11,2.5852645204097583e-11,2.5842277537953148e-11,2.5831900821638788e-11,2.582151510493219e-11,2.5811120437449187e-11,2.580071686864443e-11,2.5790304447811967e-11,2.5779883224085743e-11,2.576945324644026e-11,2.5759014563691056e-11,2.574856722449542e-11,2.5738111277352785e-11,2.5727646770605397e-11,2.571717375243888e-11,2.57066922708827e-11,2.5696202373810823e-11,2.5685704108942222e-11,2.5675197523841425e-11,2.566468266591908e-11,2.5654159582432445e-11,2.5643628320486028e-11,2.563308892703204e-11,2.5622541448870982e-11,2.5611985932652126e-11,2.5601422424874114e-11,2.5590850971885435e-11,2.5580271619884994e-11,2.5569684414922614e-11,2.5559089402899528e-11,2.5548486629568958e-11,2.553787614053661e-11,2.5527257981261172e-11,2.551663219705482e-11,2.550599883308381e-11,2.5495357934368855e-11,2.5484709545785756e-11,2.5539156292885517e-11,2.559465149022836e-11,2.56521554315097e-11,2.5711966942757246e-11,2.5774313473322757e-11,2.5839388671482254e-11,2.5907354200639047e-11,2.597833993387907e-11,2.605244460533768e-11,2.6129736971372256e-11,2.621025740412886e-11,2.629401982914937e-11,2.638101391945248e-11,2.647120746128516e-11,2.6564548815604367e-11,2.6660969405988735e-11,2.6760386174293637e-11,2.6862703956514897e-11,2.696781773922659e-11,2.707561476888416e-11,2.718597649364149e-11,2.7298780325959987e-11,2.741390121949544e-11,2.753121306189732e-11,2.7650589887370917e-11,2.7771906915282447e-11,2.7895041428112553e-11,2.8019873498428553e-11,2.8146286578802944e-11,2.8274167968009632e-11,2.8403409167978866e-11,2.8533906141460053e-11,2.8665559487326726e-11,2.8798274541738735e-11,2.893196141778399e-11,2.9066534992846748e-11,2.92019148527501e-11,2.9338025200831416e-11,2.947479473871568e-11,2.9612156525205734e-11,2.9750047818251775e-11,2.988840990531385e-11,3.002718792528097e-11,3.016633068546828e-11,3.0305790476799296e-11,3.044552288913063e-11,3.0585486628369135e-11,3.072564333750033e-11,3.086595742198181e-11,3.1006395881117026e-11,3.114692814513503e-11,3.128752591970703e-11,3.1428163037251085e-11,3.156881531487672e-11,3.1709460420544186e-11,3.1850077745908855e-11,3.199064828655051e-11,3.213115452902419e-11,3.227158034504872e-11,3.241191089179663e-11,3.25521325186888e-11,3.269223268106781e-11,3.283219985767626e-11,3.297202347575654e-11,3.3111693839230047e-11,3.325120206421131e-11,3.339054001691384e-11,3.352970025698991e-11,3.3668675984700296e-11,3.380746099194439e-11,3.3946049616774826e-11,3.408443670120126e-11,3.4222617552320564e-11,3.436058790608845e-11,3.4498343893541394e-11,3.4635882011792006e-11,3.477319909179288e-11,3.49102922755645e-11,3.504715898966933e-11,3.518379692336778e-11,3.5320204007686326e-11,3.545637839684402e-11,3.559231844912644e-11,3.5728022711620177e-11,3.5863489905003145e-11,3.599871890893048e-11,3.613370875009846e-11,3.626845858991488e-11,3.64029677145063e-11,3.653723552283003e-11,3.6671261518670865e-11,3.680504530253874e-11,3.6938586562641126e-11,3.707188506829833e-11,3.720494066332315e-11,3.7337753259677694e-11,3.747032283197224e-11,3.7602649412809146e-11,3.773473308567461e-11,3.786657398393305e-11,3.799817228452723e-11,3.812952820519816e-11,3.826064199955395e-11,3.8391513956454095e-11,3.85221443949879e-11,3.8652533662778394e-11,3.878268213281472e-11,3.8912590202220224e-11,3.904225828965043e-11,3.917168683243765e-11,3.930087628644366e-11,3.942982712506114e-11,3.955853983322145e-11,3.968701491187817e-11,3.981525287346746e-11,3.994325424098853e-11,4.007101954815751e-11,4.019854933649094e-11,4.0325844156575735e-11,4.0452904565888826e-11,4.057973112837152e-11,4.070632441388718e-11,4.083268499739111e-11,4.0958813458246776e-11,4.108471038029147e-11,4.1210376350828316e-11,4.133581195998931e-11,4.146101780210989e-11,4.158599447054389e-11,4.171074256394454e-11,4.1835262679393435e-11,4.195955541836217e-11,4.2083621382659465e-11,4.220746117455691e-11,4.233107539702043e-11,4.245446465347056e-11,4.257762954740846e-11,4.270057068264096e-11,4.282328866283274e-11,4.2945784091520426e-11,4.3068057571456785e-11,4.319010970537135e-11,4.331194109517407e-11,4.343355234211771e-11,4.3554944046752085e-11,4.367611680868617e-11,4.3797071226507464e-11,4.3917807897926135e-11,4.403832741930275e-11,4.4158630386398905e-11,4.4278717393424416e-11,4.4398589033180434e-11,4.451824589748112e-11,4.4637688576574094e-11,4.47569176597208e-11,4.4875933734555295e-11,4.499473738705316e-11,4.511332920225201e-11,4.5231709763067465e-11,4.534987965186628e-11,4.5467839448900965e-11,4.558558973231882e-11,4.5703131080040774e-11,4.58204640675181e-11,4.593758926888491e-11,4.605450725670433e-11,4.617121860126346e-11,4.628772387318602e-11,4.640402363930055e-11,4.652011846640251e-11,4.6636008918676194e-11,4.67516955590769e-11,4.6867178947980727e-11,4.698245964696079e-11,4.709753821310461e-11,4.721241520287181e-11,4.732709117101166e-11,4.7441566670808385e-11,4.755584225385685e-11,4.76699184698859e-11,4.778379586728615e-11,4.789747499280125e-11,4.8010956391482205e-11,4.812424060669456e-11,4.823732818026826e-11,4.835021965245339e-11,4.846291556180021e-11,4.8575416445281184e-11,4.868772283828769e-11,4.8799835274568055e-11,4.8911754286253826e-11,4.902348040402745e-11,4.9135014156404016e-11,4.924635607130046e-11,4.935750667463172e-11,4.946846649016296e-11,4.9579236040699693e-11,4.968981584684418e-11,4.980020642881885e-11,4.991040830419578e-11,5.002042198945531e-11,5.013024799892578e-11,5.023988684630672e-11,5.034933904311189e-11,5.04586050994519e-11,5.0567685523951097e-11,5.06765808235409e-11,5.078529150392885e-11,5.089381806904107e-11,5.1002161021274044e-11,5.1110320861575476e-11,5.121829808936181e-11,5.1326093202498084e-11,5.143370669748837e-11,5.1541139069225294e-11,5.1648390811044095e-11,5.1755462414880606e-11,5.186235436935876e-11,5.1969067167069733e-11,5.2075601293604304e-11,5.2181957234910557e-11,5.2288135475474574e-11,5.2394136498255934e-11,5.2499960784980626e-11,5.2605608815590324e-11,5.271108106832642e-11,5.2816378021129076e-11,5.292150014974746e-11,5.302644792827989e-11,5.313122182914498e-11,5.323582232437508e-11,5.334024988418655e-11,5.3444504976840314e-11,5.3548588069488947e-11,5.365249962790224e-11,5.3756240116562025e-11,5.3859809998065925e-11,5.39632097338592e-11,5.406643978463997e-11,5.416950060823322e-11,5.427239266330528e-11,5.437511640519031e-11,5.447767228835083e-11,5.4580060766201106e-11,5.4682282290423777e-11,5.4784337311525414e-11,5.4886226278158865e-11,5.4987949639018376e-11,5.5089507839968534e-11,5.5190901326096604e-11,5.529213054058946e-11,5.539319592676085e-11,5.5494097925185405e-11,5.559483697543971e-11,5.569541351588246e-11,5.579582798444425e-11,5.589608081492198e-11,5.599617244275398e-11,5.609610330118905e-11,5.619587382159988e-11,5.629548443436738e-11,5.639493556859149e-11,5.649422765243191e-11,5.6593361112277e-11,5.669233637338062e-11,5.6791153859717147e-11,5.688981399398523e-11,5.698831719751453e-11,5.708666389052501e-11,5.7184854492543934e-11,5.728288942067982e-11,5.7380769089999355e-11,5.747849391703468e-11,5.757606431487157e-11,5.767348069697961e-11,5.77707434730654e-11,5.786785305412064e-11,5.7964809848867017e-11,5.806161426525136e-11,5.81582667093843e-11,5.825476758607907e-11,5.835111729955357e-11,5.844731625275021e-11,5.854336484650129e-11,5.863926348134603e-11,5.873501255633034e-11,5.883061246887073e-11,5.892606361640744e-11,5.90213663942928e-11,5.911652119603644e-11,5.921152841418164e-11,5.930638844215847e-11,5.940110167108843e-11,5.949566848826921e-11,5.959008928297243e-11,5.968436444288339e-11,5.977849435344047e-11,5.987247939900498e-11,5.99663199635645e-11,6.006001642972638e-11,6.01535691788285e-11,6.024697859102965e-11,6.034024504513726e-11,6.043336891917473e-11,6.052635058984228e-11,6.061919043267501e-11,6.071188882246227e-11,6.080444613203352e-11,6.08968627338128e-11,6.098913899894429e-11,6.108127529725342e-11,6.117327199758533e-11,6.126512946774128e-11,6.13568480742527e-11,6.14484281825913e-11,6.153987015668938e-11,6.163117436064881e-11,6.172234115668177e-11,6.181337090559934e-11,6.19042639674193e-11,6.199502070107114e-11,6.208564146442835e-11,6.217612661434856e-11,6.22664765063276e-11,6.235669149506575e-11,6.24467719341974e-11,6.253671817564509e-11,6.262653057130304e-11,6.271620947149964e-11,6.280575522553171e-11,6.289516818163136e-11,6.298444868697524e-11,6.307359708770772e-11,6.31626137293018e-11,6.325149895543839e-11,6.334025310916517e-11,6.342887653241037e-11,6.351736956635425e-11,6.360573255087376e-11,6.369396582447794e-11,6.378206972550248e-11,6.387004459138265e-11,6.395789075498991e-11,6.404560855273279e-11,6.413319831975492e-11,6.422066038903772e-11,6.430799509141123e-11,6.439520275842041e-11,6.448228371925439e-11,6.456923830277679e-11,6.465606683679894e-11,6.474276964744528e-11,6.4829347061995e-11,6.491579940462295e-11,6.500212699889464e-11,6.50883301681237e-11,6.517440923322057e-11,6.526036451724487e-11,6.534619633784403e-11,6.543190501601636e-11,6.551749086928639e-11,6.560295421488888e-11,6.56882953686746e-11,6.57735146457264e-11,6.585861236046882e-11,6.594358882622386e-11,6.602844435536295e-11,6.611317925943738e-11,6.619779384872244e-11,6.628228843289292e-11,6.636666332057849e-11,6.645091881948291e-11,6.653505523636226e-11,6.661907287697486e-11,6.670297204648403e-11,6.678675304887818e-11,6.687041618660209e-11,6.69539617629971e-11,6.703739007866237e-11,6.712070143405596e-11,6.720389612859273e-11,6.72869744608543e-11,6.736993672856838e-11,6.745278322850161e-11,6.753551425651158e-11,6.761813010758356e-11,6.77006310761813e-11,6.778301745480958e-11,6.786528953622055e-11,6.794744761167666e-11,6.802949197186102e-11,6.811142290649469e-11,6.819324070441153e-11,6.827494565357686e-11,6.835653804109035e-11,6.843801815326594e-11,6.851938627520083e-11,6.860064269162199e-11,6.868178768619216e-11,6.876282154172098e-11,6.884374454016844e-11,6.89245569626475e-11,6.900525908942582e-11,6.908585119992921e-11,6.916633357336742e-11,6.924670648685548e-11,6.932697021730847e-11,6.940712504080996e-11,6.948717123261375e-11,6.956710906648529e-11,6.964693881669751e-11,6.972666075603112e-11,6.980627515644781e-11,6.98857822892086e-11,6.996518242473675e-11,7.004447583190495e-11,7.01236627801099e-11,7.020274353695584e-11,7.02817183696075e-11,7.036058754411739e-11,7.043935132622167e-11,7.05180099811594e-11,7.059656377196423e-11,7.067501296209429e-11,7.075335781393496e-11,7.083159858880137e-11,7.090973554761806e-11,7.098776895032527e-11,7.106569905608517e-11,7.114352612334493e-11,7.122125040974324e-11,7.12988721721462e-11,7.13763916666717e-11,7.145380914862261e-11,7.153112487256354e-11,7.160833909226537e-11,7.16854520607667e-11,7.176246403041859e-11,7.183937525269278e-11,7.191618597836083e-11,7.199289645745125e-11,7.206950693935485e-11,7.214601767246334e-11,7.222242890455508e-11,7.229874088266735e-11,7.237495385310023e-11,7.245106806123428e-11,7.252708375174979e-11,7.26030011692908e-11,7.267882055694911e-11,7.2754542157351e-11,7.283016621239614e-11,7.290569296325764e-11,7.298112265039055e-11,7.305645551354815e-11,7.313169179170702e-11,7.320683172318202e-11,7.328187554556172e-11,7.335682349574024e-11,7.343167580986029e-11,7.350643272337988e-11,7.358109447109772e-11,7.365566128697485e-11,7.373013340441338e-11,7.380451105606525e-11,7.387879447388271e-11,7.395298388914523e-11,7.402707953241161e-11,7.410108163356847e-11,7.417499042179489e-11,7.424880612561804e-11,7.432252897285642e-11,7.43961591906042e-11,7.446969700545994e-11,7.454314264313179e-11,7.461649632868978e-11,7.46897582866117e-11,7.476292874073718e-11,7.483600791401016e-11,7.49089960287745e-11,7.498189330714018e-11,7.505469997021962e-11,7.512741623812586e-11,7.520004233076721e-11,7.527257846735056e-11,7.534502486632248e-11,7.541738174518171e-11,7.548964932144454e-11,7.556182781188069e-11,7.56339174320356e-11,7.570591839715894e-11,7.577783092194082e-11,7.584965522017585e-11,7.592139150535606e-11,7.599303999006763e-11,7.606460088751166e-11,7.613607440692786e-11,7.620746076008496e-11,7.627876015719062e-11,7.634997280749776e-11,7.642109892011268e-11,7.64921387033064e-11,7.65630923647285e-11,7.663396011140918e-11,7.670474214976114e-11,7.677543868558154e-11,7.684604992405379e-11,7.691657606974944e-11,7.69870173266302e-11,7.705737389800717e-11,7.712764598651024e-11,7.719783379443773e-11,7.726793752330833e-11,7.733795737418326e-11,7.740789354742788e-11,7.747774624266643e-11,7.754751565906192e-11,7.761720199520721e-11,7.768680544902697e-11,7.77563262179175e-11,7.782576449784534e-11,7.789512048611325e-11,7.796439437838295e-11,7.803358636921075e-11,7.810269665343687e-11,7.817172542459709e-11,7.82406728761715e-11,7.830953920056434e-11,7.837832459073072e-11,7.844702923705648e-11,7.85156533310332e-11,7.858419706327043e-11,7.86526606236277e-11,7.872104420135991e-11,7.87893479852033e-11,7.885757216336254e-11,7.892571692366278e-11,7.899378245302321e-11,7.906176893720256e-11,7.912967656308266e-11,7.919750551517496e-11,7.926525597989294e-11,7.933292814031888e-11,7.940052218057232e-11,7.946803828386135e-11,7.953547663198946e-11,7.960283740926449e-11,7.967012079517273e-11,7.973732697325763e-11,7.980445611942437e-11,7.987150841744522e-11,7.993848404561853e-11,8.000538318289846e-11,8.007220600784169e-11,8.013895269796684e-11,8.020562343201139e-11,8.027221838433653e-11,8.033873773239111e-11,8.040518165201263e-11,8.047155031826766e-11,8.053784390585552e-11,8.060406258884799e-11,8.067020654102169e-11,8.073627593552028e-11,8.080227094497386e-11,8.086819174150842e-11,8.093403849667654e-11,8.09998113816983e-11,8.106551056712946e-11,8.113113622211987e-11,8.11966885179549e-11,8.126216762292533e-11,8.132757370571835e-11,8.139290693417212e-11,8.145816747599478e-11,8.152335549825252e-11,8.15884711675505e-11,8.1653514649941e-11,8.17184861110585e-11,8.17833857160008e-11,8.184821362940565e-11,8.191297001541235e-11,8.197765503768209e-11,8.204226885919821e-11,8.21068116428256e-11,8.217128355089852e-11,8.223568474501698e-11,8.2300015386742e-11,8.236427563616926e-11,8.242846565392405e-11,8.249258559982323e-11,8.255663563350877e-11,8.262061591385228e-11,8.268452659800522e-11,8.274836784521799e-11,8.281213981283435e-11,8.287584265780535e-11,8.293947653611626e-11,8.300304160422426e-11,8.306653801763664e-11,8.312996593159923e-11,8.319332550088542e-11,8.325661687960204e-11,8.331984022163175e-11,8.338299568057066e-11,8.344608340818937e-11,8.350910355805776e-11,8.357205628192175e-11,8.363494173095957e-11,8.369776005674874e-11,8.376051140956154e-11,8.382319593971429e-11,8.388581379704504e-11,8.394836513042389e-11,8.401085008937431e-11,8.407326882198563e-11,8.413562147606965e-11,8.419790819974066e-11,8.426012913938473e-11,8.432228444200754e-11,8.438437425383153e-11,8.444639872077284e-11,8.450835798808653e-11,8.457025220075856e-11,8.463208150347046e-11,8.469384604010843e-11,8.475554595452283e-11,8.481718138992019e-11,8.487875248857023e-11,8.494025939399871e-11,8.500170224765084e-11,8.506308119108879e-11,8.512439636559714e-11,8.518564791209508e-11,8.524683597033204e-11,8.530796068051286e-11,8.536902218222478e-11,8.543002061451628e-11,8.549095611606877e-11,8.555182882517834e-11,8.561263887969094e-11,8.567338641690293e-11,8.573407157414396e-11,8.579469448810631e-11,8.585525529504442e-11,8.591575413068282e-11,8.597619113053171e-11,8.603656642962567e-11,8.60968801630327e-11,8.615713246427875e-11,8.621732346781249e-11,8.62774533063408e-11,8.633752211379264e-11,8.639753002269077e-11,8.645747716522602e-11,8.651736367334356e-11,8.657718967857826e-11,8.663695531207908e-11,8.669666070461017e-11,8.675630598655201e-11,8.681589128790276e-11,8.68754167382509e-11,8.693488246677565e-11,8.699428860223777e-11,8.705363527377417e-11,8.711292260875193e-11,8.717215073517063e-11,8.723131978052581e-11,8.729042987125065e-11,8.734948113384748e-11,8.740847369398564e-11,8.746740767830619e-11,8.752628321608815e-11,8.758510042700668e-11,8.764385943844326e-11,8.770256037237125e-11,8.776120335577411e-11,8.781978851189053e-11,8.787831596316285e-11,8.793678583281693e-11,8.799519824339247e-11,8.805355331708004e-11,8.811185117569897e-11,8.817009194085925e-11,8.822827573348719e-11,8.82864026746175e-11,8.834447288471352e-11,8.84024864835777e-11,8.846044359140561e-11,8.851834432730961e-11,8.857618881032399e-11,8.863397715890179e-11,8.869170949211135e-11,8.874938592691672e-11,8.880700658215218e-11,8.886457157485593e-11,8.892208102185496e-11,8.897953503976392e-11,8.903693374488519e-11,8.909427725334273e-11,8.915156568045342e-11,8.920879914168669e-11,8.926597775191877e-11,8.932310162585384e-11,8.938017087753672e-11,8.943718562114415e-11,8.949414597033564e-11,8.95510520383762e-11,8.96079039382061e-11,8.966470178289779e-11,8.972144568367544e-11,8.977813575318124e-11,8.983477210253032e-11,8.989135484261409e-11,8.994788408593687e-11,9.000435994322275e-11,9.006078252401007e-11,9.01171519382694e-11,9.017346829637408e-11,9.022973170688176e-11,9.02859422792404e-11,9.034210012258326e-11,9.039820534485384e-11,9.04542580539089e-11,9.051025835818522e-11,9.056620636649462e-11,9.062210218279455e-11,9.067794591562598e-11,9.073373767159249e-11,9.078947755686358e-11,9.084516567742036e-11,9.090080213899347e-11,9.095638704716654e-11,9.101192050638963e-11,9.106740262159949e-11,9.112283349717287e-11,9.117821323727757e-11,9.123354194572705e-11,9.128881972603316e-11,9.134404668122978e-11,9.139922291511155e-11,9.145434852903571e-11,9.150942362589303e-11,9.15644483076461e-11,9.161942267589032e-11,9.167434683195531e-11,9.172922087765571e-11,9.178404491352072e-11,9.183881903966296e-11,9.189354335718475e-11,9.194821796526812e-11,9.200284296387242e-11,9.205741845231937e-11,9.211194452976746e-11,9.216642129520701e-11,9.2220848846961e-11,9.22752272835253e-11,9.232955670261185e-11,9.238383720185517e-11,9.243806887881397e-11,9.249225183055722e-11,9.254638615393645e-11,9.260047194526944e-11,9.265450930129163e-11,9.270849831769479e-11,9.276243909033512e-11,9.281633171467131e-11,9.287017628558744e-11,9.292397289819732e-11,9.297772164712352e-11,9.303142262671703e-11,9.308507593105656e-11,9.313868165394983e-11,9.319223988893382e-11,9.32457507292762e-11,9.329921426797582e-11,9.33526305977636e-11,9.340599981110332e-11,9.345932200019254e-11,9.351259725696344e-11,9.35658256730835e-11,9.361900733995635e-11,9.367214234872263e-11,9.37252307902608e-11,9.377827275518786e-11,9.383126833386026e-11,9.388421761637467e-11,9.393712069256859e-11,9.398997765202156e-11,9.404278858405554e-11,9.409555357773583e-11,9.414827272187202e-11,9.42009461050263e-11,9.4253573815491e-11,9.430615594131287e-11,9.435869257028573e-11,9.441118378995169e-11,9.446362968760142e-11,9.451603035027531e-11,9.456838586476423e-11,9.462069631760995e-11,9.467296179510624e-11,9.472518238329942e-11,9.477735816798931e-11,9.482948923472989e-11,9.488157566882992e-11,9.493361755535405e-11,9.498561497934581e-11,9.503756802515193e-11,9.508947677599999e-11,9.514134131795745e-11,9.519316173400225e-11,9.524493810773997e-11,9.529667052252736e-11,9.534835906143181e-11,9.540000380743701e-11,9.545160484338318e-11,9.550316225160887e-11,9.555467611427988e-11,9.560614651426812e-11,9.565757353097495e-11,9.570895724733567e-11,9.576029774458995e-11,9.581159510375028e-11,9.586284940597501e-11,9.591406073140309e-11,9.596522916036443e-11,9.601635477303766e-11,9.6067437649159e-11,9.611847786844352e-11,9.616947551029942e-11,9.622043065468973e-11,9.627134337911085e-11,9.632221376244625e-11,9.637304188436842e-11,9.642382782255327e-11,9.647457165510935e-11,9.652527345988746e-11,9.657593331451673e-11,9.662655129640572e-11,9.667712748274245e-11,9.672766195050652e-11,9.677815477648825e-11,9.682860603713234e-11,9.687901580868851e-11,9.692938416642962e-11,9.697971118857243e-11,9.702999694956241e-11,9.70802415236138e-11,9.713044498696438e-11,9.718060741377673e-11,9.723072888120485e-11,9.728080946220156e-11,9.733084923199403e-11,9.7380848263459e-11,9.743080663171934e-11,9.74807244095145e-11,9.753060167286524e-11,9.758043849314596e-11,9.763023494161403e-11,9.767999109304835e-11,9.772970702018455e-11,9.777938279553004e-11,9.782901848985151e-11,9.787861417658324e-11,9.79281699284165e-11,9.797768581805921e-11,9.802716191574389e-11,9.807659829176122e-11,9.81259950180231e-11,9.817535216486324e-11,9.822466980319208e-11,9.827394800376235e-11,9.832318683727344e-11,9.837238637268125e-11,9.84215466804969e-11,9.847066783041554e-11,9.85197498919356e-11,9.856879293435983e-11,9.861779702679538e-11,9.866676223828932e-11,9.8715688637423e-11,9.876457629281051e-11,9.881342527261756e-11,9.886223564506333e-11,9.891100747809522e-11,9.895974083963942e-11,9.900843579709516e-11,9.905709241783822e-11,9.910571076905506e-11,9.915429091774337e-11,9.920283293071241e-11,9.925133687458372e-11,9.929980281579175e-11,9.934823082058463e-11,9.939662095502386e-11,9.944497328498595e-11,9.949328787616279e-11,9.954156479406127e-11,9.958980410400517e-11,9.963800587113466e-11,9.968617016040768e-11,9.973429703659971e-11,9.978238656430493e-11,9.983043880793681e-11,9.987845383172797e-11,9.992643169973136e-11,9.997437247545779e-11,1.0002227622316307e-10,1.0007014300612202e-10,1.0011797288763591e-10,1.0016576593092931e-10,1.0021352219906739e-10,1.0026124175564723e-10,1.0030892466173287e-10,1.0035657098021442e-10,1.0040418077377004e-10,1.0045175410421566e-10,1.004992910341449e-10,1.0054679162486975e-10,1.0059425593943548e-10,1.0064168403602987e-10,1.0068907597765705e-10,1.007364318253682e-10,1.0078375164041851e-10,1.0083103548310186e-10,1.0087828341402557e-10,1.0092549549359936e-10,1.0097267178216356e-10,1.0101981233885286e-10,1.0106691722555318e-10,1.0111398649951271e-10,1.0116102022321432e-10,1.0120801845425275e-10,1.012549812522099e-10,1.0130190867593063e-10,1.0134880078460184e-10,1.0139565763685353e-10,1.0144247929128516e-10,1.0148926580629451e-10,1.0153601724013676e-10,1.0158273365090538e-10,1.0162941509653806e-10,1.0167606163453207e-10,1.0172267332295234e-10,1.0176925021897612e-10,1.0181579238007963e-10,1.0186229986384716e-10,1.0190877272661998e-10,1.0195521102524561e-10,1.0200161481640542e-10,1.0204798415661461e-10,1.020943191022324e-10,1.0214061970945532e-10,1.0218688603432432e-10,1.022331181327263e-10,1.0227931606039215e-10,1.0232547987289835e-10,1.0237160962566765e-10,1.0241770537396993e-10,1.0246376717292212e-10,1.0250979507748933e-10,1.0255578914248493e-10,1.0260174942257139e-10,1.0264767597225997e-10,1.026935688458591e-10,1.0273942809763777e-10,1.027852537816581e-10,1.028310459518334e-10,1.0287680466192878e-10,1.0292252996556153e-10,1.0296822191620159e-10,1.0301388056717191e-10,1.0305950597164887e-10,1.0310509818266306e-10,1.0315065725309937e-10,1.0319618323569736e-10,1.0324167618305218e-10,1.0328713614761466e-10,1.0333256318169161e-10,1.0337795733744675e-10,1.034233186669008e-10,1.0346864722193175e-10,1.0351394305427822e-10,1.0355920621553281e-10,1.0360443675714884e-10,1.0364963473043915e-10,1.0369480018657588e-10,1.037399331765919e-10,1.0378503375138062e-10,1.0383010196169656e-10,1.0387513785815621e-10,1.039201414912e-10,1.039651129112041e-10,1.0401005216836286e-10,1.0405495931279322e-10,1.040998343943807e-10,1.0414467746291923e-10,1.0418948856806802e-10,1.0423426775935356e-10,1.0427901508616794e-10,1.0432373059762249e-10,1.0436841434297032e-10,1.0441306637117819e-10,1.0445768673109745e-10,1.045022754714494e-10,1.0454683264080066e-10,1.0459135828695231e-10,1.0463585245882416e-10,1.0468031520542263e-10,1.0472474657410734e-10,1.0476914661269231e-10,1.0481351536888131e-10,1.0485785289060106e-10,1.0490215922551377e-10,1.049464344207117e-10,1.049906785237699e-10,1.0503489158164794e-10,1.0507907364122307e-10,1.0512322474923155e-10,1.0516734495254466e-10,1.0521143429856696e-10,1.0525549283333489e-10,1.0529952060313569e-10,1.0534351765435233e-10,1.0538748403310412e-10,1.0543141978540422e-10,1.0547532495713773e-10,1.0551919959410938e-10,1.0556304374191199e-10,1.0560685744609584e-10,1.0565064075207195e-10,1.056943937051201e-10,1.0573811635039382e-10,1.0578180873293863e-10,1.0582547089766657e-10,1.0586910288937524e-10,1.059127047527404e-10,1.0595627653263615e-10,1.0599981827301649e-10,1.0604333001830477e-10,1.0608681181272897e-10,1.0613026370038244e-10,1.0617368572522991e-10,1.0621707793111745e-10,1.062604403617725e-10,1.0630377306080517e-10,1.0634707607170589e-10,1.0639034943785037e-10,1.0643359320249783e-10,1.0647680740866905e-10,1.065199920995139e-10,1.0656314731794503e-10,1.0660627310676036e-10,1.066493695086435e-10,1.0669243656616397e-10,1.0673547432177767e-10,1.067784828178274e-10,1.0682146209659531e-10,1.0686441220014527e-10,1.0690733317048186e-10,1.0695022504949763e-10,1.0699308787897396e-10,1.0703592170058079e-10,1.0707872655587617e-10,1.0712150248630873e-10,1.0716424953321669e-10,1.0720696773782745e-10,1.0724965714125897e-10,1.0729231778451769e-10,1.073349497085009e-10,1.0737755295400006e-10,1.0742012756150295e-10,1.074626735720134e-10,1.0750519102592421e-10,1.0754767996342513e-10,1.07590140424729e-10,1.0763257244975902e-10,1.0767497607913159e-10,1.0771735135250164e-10,1.0775969830971882e-10,1.0780201699050315e-10,1.0784430743452543e-10,1.0788656968124277e-10,1.0792880377006564e-10,1.0797100974033045e-10,1.0801318763125512e-10,1.0805533748185665e-10,1.0809745933128115e-10,1.0813955321825102e-10,1.0818161918173832e-10,1.0822365726032921e-10,1.0826566749299743e-10,1.0830764991736278e-10,1.0834960457273016e-10,1.083915314965371e-10,1.0843343072731297e-10,1.0847530230269958e-10,1.0851714626133711e-10,1.0855896264079553e-10,1.086007514791869e-10,1.0864251281400811e-10,1.0868424668284759e-10,1.0872595312319366e-10,1.087676321724376e-10,1.0880928386787192e-10,1.0885090824681124e-10,1.0889250534624294e-10,1.0893407520317089e-10,1.0897561785449894e-10,1.0901713333704129e-10,1.0905862168751659e-10,1.0910008294256524e-10,1.0914151713903209e-10,1.091829243126697e-10,1.0922430450005612e-10,1.0926565773745538e-10,1.0930698406088331e-10,1.0934828350620443e-10,1.0938955610953595e-10,1.0943080190704739e-10,1.0947202093489243e-10,1.0951321322800002e-10,1.0955437882215387e-10,1.0959551775337107e-10,1.0963663005570446e-10,1.0967771576557473e-10,1.0971877491794664e-10,1.0975980754735824e-10,1.0980081369012698e-10,1.0984179338026227e-10,1.0988274665198198e-10,1.0992367354133473e-10,1.0996457408254652e-10,1.1000544831021621e-10,1.100462962594601e-10,1.1008711796379414e-10,1.1012791345847617e-10,1.1016868277619176e-10,1.1020942595188485e-10,1.1025014301961714e-10,1.1029083401335021e-10,1.1033149896695822e-10,1.103721379142284e-10,1.10412750888861e-10,1.1045333792446965e-10,1.1049389905458198e-10,1.1053443431263926e-10,1.1057494373225657e-10,1.1061542734670586e-10,1.1065588518863721e-10,1.1069631729128766e-10,1.107367236880958e-10,1.1077710441121115e-10,1.1081745949380154e-10,1.1085778896922285e-10,1.1089809286977902e-10,1.1093837122777388e-10,1.1097862407597334e-10,1.1101885144690902e-10,1.11059053372694e-10,1.1109922988576976e-10,1.1113938101819463e-10,1.1117950680211527e-10,1.1121960726957623e-10,1.1125968245244042e-10,1.1129973238261827e-10,1.1133975709188324e-10,1.1137975661192819e-10,1.1141973097436538e-10,1.1145968021072675e-10,1.1149960435246439e-10,1.1153950343095055e-10,1.1157937747747791e-10,1.1161922652325998e-10,1.1165905059943109e-10,1.1169884973704696e-10,1.117386239670849e-10,1.1177837332044328e-10,1.1181809782794278e-10,1.1185779752032626e-10,1.1189747242828534e-10,1.119371225823952e-10,1.119767480131427e-10,1.1201634875097022e-10,1.1205592482625825e-10,1.1209547626924463e-10,1.1213500311014979e-10,1.1217450537910797e-10,1.1221398310609036e-10,1.122534363212339e-10,1.1229286505436067e-10,1.1233226933529942e-10,1.1237164919380562e-10,1.1241100465956539e-10,1.1245033576217743e-10,1.1248964253092044e-10,1.1252892499561648e-10,1.1256818318603354e-10,1.1260741712991094e-10,1.1264662685786186e-10,1.1268581239900436e-10,1.127249737819973e-10,1.12764111035286e-10,1.128032241889074e-10,1.1284231327179826e-10,1.1288137831235635e-10,1.1292041933934683e-10,1.1295943638138271e-10,1.1299842946707544e-10,1.1303739862516601e-10,1.1307634388367686e-10,1.1311526527100564e-10,1.1315416281445144e-10,1.1319303654440461e-10,1.1323188648799316e-10,1.1327071267300026e-10,1.1330951512810719e-10,1.1334829387976351e-10,1.1338704895801901e-10,1.134257803899512e-10,1.1346448820248087e-10,1.1350317242367638e-10,1.1354183308188174e-10,1.1358047020403919e-10,1.1361908381785538e-10,1.1365767395087542e-10,1.1369624062946999e-10,1.1373478388230762e-10,1.1377330373591864e-10,1.1381180021749305e-10,1.1385027335420502e-10,1.1388872317359203e-10,1.1392714970107754e-10,1.1396555296440468e-10,1.1400393298870606e-10,1.1404228980218899e-10,1.140806234316405e-10,1.1411893390371794e-10,1.1415722124463227e-10,1.1419548548117566e-10,1.1423372663981214e-10,1.1427194474676843e-10,1.1431013982833126e-10,1.143483119107233e-10,1.1438646102010314e-10,1.1442458718256593e-10,1.1446269042414317e-10,1.145007707708031e-10,1.1453882824845088e-10,1.1457686288292866e-10,1.1461487470001477e-10,1.1465286372542264e-10,1.1469082998481575e-10,1.147287735037822e-10,1.1476669430785242e-10,1.1480459242249506e-10,1.1484246787311718e-10,1.148803206850645e-10,1.1491815088362136e-10,1.149559584940113e-10,1.1499374354139686e-10,1.1503150605087996e-10,1.150692460474852e-10,1.1510696355621316e-10,1.1514465860197799e-10,1.1518233120964448e-10,1.1521998140402086e-10,1.1525760920987842e-10,1.1529521465182954e-10,1.1533279775453152e-10,1.1537035854254109e-10,1.154078970403746e-10,1.1544541327248862e-10,1.1548290726323209e-10,1.1552037903695893e-10,1.1555782861778236e-10,1.1559525603006805e-10,1.1563266129773263e-10,1.1567004444583313e-10,1.1570740549755069e-10,1.1574474447698882e-10,1.157820614071752e-10,1.1581935631278471e-10,1.1585662921869758e-10,1.1589388014744419e-10,1.1593110912324814e-10,1.1596831616978517e-10,1.1600550131014588e-10,1.1604266456823244e-10,1.1607980596718863e-10,1.1611692553075156e-10,1.1615402328305624e-10,1.1619109924562663e-10,1.1622815344205524e-10,1.1626518589609639e-10,1.1630219663330672e-10,1.163391856720201e-10,1.1637615303787224e-10,1.1641309875354004e-10,1.164500228438061e-10,1.164869253281863e-10,1.1652380623071842e-10,1.1656066557402524e-10,1.1659750338161492e-10,1.1663431967804342e-10,1.1667111448283414e-10,1.167078878198925e-10,1.1674463971148433e-10,1.1678137017902653e-10,1.168180792443897e-10,1.1685476693126644e-10,1.1689143326185683e-10,1.1692807825843973e-10,1.1696470194174187e-10,1.1700130433681297e-10,1.1703788546427795e-10,1.1707444534616975e-10,1.171109840044701e-10,1.1714750146110959e-10,1.1718399773796807e-10,1.1722047285687446e-10,1.1725692683960713e-10,1.1729335970789426e-10,1.1732977148341337e-10,1.1736616218779207e-10,1.17402531842608e-10,1.1743888046938887e-10,1.1747520808961276e-10,1.175115147247083e-10,1.1754780039605448e-10,1.1758406512495283e-10,1.1762030893271425e-10,1.1765653184058772e-10,1.1769273386973826e-10,1.177289150413002e-10,1.1776507537635966e-10,1.1780121489595428e-10,1.1783733362107342e-10,1.1787343157265848e-10,1.1790950877160298e-10,1.1794556523875261e-10,1.1798160099490537e-10,1.1801761606081193e-10,1.1805361045717561e-10,1.1808958420465244e-10,1.1812553732385148e-10,1.1816146983550582e-10,1.1819738175996968e-10,1.182332731177125e-10,1.1826914392915782e-10,1.1830499421468185e-10,1.1834082399461574e-10,1.1837663328924425e-10,1.184124221188058e-10,1.1844819050349428e-10,1.1848393846345774e-10,1.1851966601879824e-10,1.1855537318957365e-10,1.185910599957971e-10,1.1862672645743658e-10,1.18662372594416e-10,1.1869799842661474e-10,1.1873360397386986e-10,1.1876918925597221e-10,1.1880475429267313e-10,1.1884029910368143e-10,1.1887582370788564e-10,1.1891132812558765e-10,1.1894681237635274e-10,1.1898227647970213e-10,1.1901772045511353e-10,1.1905314432202113e-10,1.190885480998157e-10,1.1912393180784483e-10,1.1915929546541293e-10,1.1919463909221937e-10,1.1922996270713476e-10,1.1926526632887012e-10,1.19300549976946e-10,1.1933581367042924e-10,1.1937105742826065e-10,1.1940628126970004e-10,1.1944148521344207e-10,1.1947666927861696e-10,1.1951183348452945e-10,1.1954697784912649e-10,1.1958210239157906e-10,1.1961720713065855e-10,1.1965229208508408e-10,1.1968735727353138e-10,1.197224027146339e-10,1.1975742842684024e-10,1.1979243442883967e-10,1.1982742073929676e-10,1.198623873763671e-10,1.198973343582612e-10,1.199322617037132e-10,1.199671694310637e-10,1.2000205755861103e-10,1.2003692610460937e-10,1.2007177508726084e-10,1.2010660452519937e-10,1.2014141443612905e-10,1.2017620483816839e-10,1.2021097574960502e-10,1.2024572718754668e-10,1.2028045917128632e-10,1.2031517171833245e-10,1.2034986484658113e-10,1.2038453857389548e-10,1.2041919291810253e-10,1.204538278969937e-10,1.2048844352832445e-10,1.205230398298111e-10,1.2055761681913275e-10,1.2059217451393114e-10,1.206267129318109e-10,1.2066123209032441e-10,1.206957320070213e-10,1.2073021269939217e-10,1.2076467418489053e-10,1.2079911648186276e-10,1.208335396066976e-10,1.2086794357674276e-10,1.209023284093082e-10,1.209366941216665e-10,1.2097104073105318e-10,1.2100536825466595e-10,1.2103967670966588e-10,1.2107396611317796e-10,1.2110823648228923e-10,1.2114248783405102e-10,1.2117672018547836e-10,1.2121093355354958e-10,1.2124512795520737e-10,1.2127930340735772e-10,1.2131345992687152e-10,1.2134759753058335e-10,1.2138171623529257e-10,1.2141581605776277e-10,1.2144989701454565e-10,1.2148395912253463e-10,1.2151800239813044e-10,1.21552026858209e-10,1.2158603251935427e-10,1.2162001939811681e-10,1.2165398751101302e-10,1.216879368745251e-10,1.2172186750510088e-10,1.2175577941915387e-10,1.2178967263306344e-10,1.2182354716320967e-10,1.2185740302586717e-10,1.2189124023731315e-10,1.2192505881379106e-10,1.2195885877151054e-10,1.2199264012664736e-10,1.220264028953439e-10,1.2206014709370894e-10,1.220938727376452e-10,1.2212757984337588e-10,1.2216126842690862e-10,1.2219493850421845e-10,1.2222859009132984e-10,1.2226222320406424e-10,1.2229583785829866e-10,1.2232943406983235e-10,1.2236301185448728e-10,1.2239657122750497e-10,1.2243011220577586e-10,1.2246363480452463e-10,1.2249713903931124e-10,1.225306249259008e-10,1.2256409247983992e-10,1.2259754171671097e-10,1.2263097265216942e-10,1.2266438530158086e-10,1.2269777968057476e-10,1.2273115580439274e-10,1.227645136885435e-10,1.227978533485279e-10,1.2283117479966478e-10,1.2286447805728783e-10,1.2289776313669947e-10,1.2293103005313273e-10,1.2296427882186366e-10,1.22997509457932e-10,1.2303072197693524e-10,1.2306391639385657e-10,1.230970927237131e-10,1.231302509815239e-10,1.2316339118223734e-10,1.2319651334145478e-10,1.2322961747371329e-10,1.2326270359400578e-10,1.2329577171697694e-10,1.2332882185786088e-10,1.233618540315272e-10,1.2339486825281314e-10,1.2342786453708823e-10,1.2346084289855186e-10,1.2349380335205705e-10,1.2352674591223834e-10,1.23559670593871e-10,1.2359257741163076e-10,1.2362546638015967e-10,1.2365833751403405e-10,1.236911908279293e-10,1.237240263364937e-10,1.2375684405391636e-10,1.2378964399493568e-10,1.2382242617408712e-10,1.2385519060550823e-10,1.2388793730506945e-10,1.239206662839917e-10,1.2395337755910908e-10,1.2398607114415873e-10,1.2401874705308484e-10,1.2405140530084528e-10,1.240840459012916e-10,1.2411666886830025e-10,1.2414927421674602e-10,1.241818619608514e-10,1.242144321143264e-10,1.2424698469094027e-10,1.2427951970540127e-10,1.243120371716562e-10,1.2434453710373068e-10,1.2437701951517988e-10,1.2440948442018513e-10,1.2444193183226986e-10,1.2447436176662845e-10,1.245067742363163e-10,1.2453916925533744e-10,1.2457154683715669e-10,1.2460390699620622e-10,1.2463624974569277e-10,1.246685750996e-10,1.247008830718622e-10,1.2473317367577322e-10,1.2476544692538832e-10,1.2479770283413974e-10,1.248299414155394e-10,1.248621626831579e-10,1.2489436665091726e-10,1.2492655333217908e-10,1.2495872274052447e-10,1.2499087488934094e-10,1.2502300979213643e-10,1.2505512746235916e-10,1.250872279132582e-10,1.251193111585771e-10,1.2515137721133331e-10,1.2518342608446714e-10,1.252154577925616e-10,1.2524747234832198e-10,1.252794697648001e-10,1.25311450055327e-10,1.2534341323311204e-10,1.2537535931136784e-10,1.2540728830323265e-10,1.2543920022188992e-10,1.2547109508096408e-10,1.2550297289245467e-10,1.25534833669976e-10,1.2556667742658503e-10,1.2559850417553473e-10,1.2563031392945778e-10,1.256621067013289e-10,1.2569388250403986e-10,1.257256413507041e-10,1.257573832543266e-10,1.2578910822768042e-10,1.258208162836571e-10,1.2585250743479784e-10,1.258841816943813e-10,1.259158390750111e-10,1.2594747958916023e-10,1.2597910324989185e-10,1.2601071006977723e-10,1.2604230006142738e-10,1.2607387323759004e-10,1.2610542961090223e-10,1.261369691939805e-10,1.2616849199941758e-10,1.2619999803978374e-10,1.26231487327626e-10,1.262629598754687e-10,1.262944156958049e-10,1.2632585480111095e-10,1.263572772038531e-10,1.263886829164648e-10,1.2642007195135692e-10,1.2645144432091777e-10,1.2648280003751334e-10,1.2651413911348732e-10,1.2654546156116124e-10,1.265767673928344e-10,1.266080566207836e-10,1.266393292572641e-10,1.2667058531450873e-10,1.267018248047287e-10,1.267330477401119e-10,1.2676425413282685e-10,1.2679544399501918e-10,1.2682661733881266e-10,1.2685777417630986e-10,1.2688891451938678e-10,1.2692003838056793e-10,1.2695114577127762e-10,1.2698223670421125e-10,1.2701331119141165e-10,1.270443692443239e-10,1.2707541087479911e-10,1.2710643609502478e-10,1.271374449169103e-10,1.271684373523468e-10,1.2719941341320275e-10,1.27230373111326e-10,1.2726131645854338e-10,1.272922434665635e-10,1.2732315414728236e-10,1.2735404851246345e-10,1.2738492657384904e-10,1.2741578834316227e-10,1.274466338321045e-10,1.2747746305235839e-10,1.275082760155072e-10,1.275390727332651e-10,1.2756985321725283e-10,1.2760061747770341e-10,1.2763136552764604e-10,1.2766209737983295e-10,1.2769281304461126e-10,1.2772351253357286e-10,1.277541958579755e-10,1.2778486302942868e-10,1.278155140593519e-10,1.2784614895913585e-10,1.278767677405934e-10,1.2790737041459041e-10,1.2793795699272472e-10,1.2796852748635695e-10,1.2799908190741308e-10,1.2802962026606077e-10,1.280601425742755e-10,1.2809064884324674e-10,1.2812113908420172e-10,1.2815161330841836e-10,1.2818207152707804e-10,1.282125137515478e-10,1.2824293999351677e-10,1.282733502630749e-10,1.283037445717783e-10,1.2833412293087895e-10,1.2836448535150819e-10,1.2839483184584663e-10,1.2842516242235067e-10,1.2845547709392838e-10,1.2848577587130918e-10,1.2851605876549961e-10,1.2854632578742146e-10,1.285765769481372e-10,1.2860681225806596e-10,1.2863703172932906e-10,1.286672353718137e-10,1.2869742319756746e-10,1.287275952165239e-10,1.2875775143937813e-10,1.2878789187681856e-10,1.2881801654129024e-10,1.2884812544257505e-10,1.2887821859112445e-10,1.2890829599912791e-10,1.2893835767583846e-10,1.289684036324607e-10,1.2899843387984031e-10,1.2902844842855884e-10,1.290584472902422e-10,1.2908843047395495e-10,1.2911839799115093e-10,1.2914834985200413e-10,1.291782860680693e-10,1.2920820664945737e-10,1.2923811160692063e-10,1.2926800095064972e-10,1.2929787469175683e-10,1.293277328404534e-10,1.293575754072559e-10,1.2938740240262796e-10,1.2941721383750715e-10,1.2944700972175076e-10,1.2947679006626952e-10,1.2950655488123585e-10,1.2953630417720255e-10,1.2956603796456063e-10,1.2959575625377943e-10,1.2962545905522415e-10,1.296551463790869e-10,1.296848182357895e-10,1.2971447463565332e-10,1.297441155890072e-10,1.297737411063032e-10,1.2980335119747534e-10,1.2983294587297935e-10,1.2986252514310686e-10,1.2989208901804806e-10,1.2992163750798501e-10,1.2995117062313877e-10,1.2998068837367236e-10,1.300101907696635e-10,1.30039677821551e-10,1.3006914953936766e-10,1.3009860593292747e-10,1.3012804701271287e-10,1.3015747278851003e-10,1.3018688327047114e-10,1.3021627846879722e-10,1.302456583934105e-10,1.3027502305441377e-10,1.3030437246171334e-10,1.3033370662527207e-10,1.3036302555517743e-10,1.3039232926140104e-10,1.3042161775372384e-10,1.304508910422053e-10,1.3048014913674092e-10,1.305093920472323e-10,1.3053861978356313e-10,1.3056783235560118e-10,1.3059702977276056e-10,1.3062621204524577e-10,1.3065537918303107e-10,1.3068453119579005e-10,1.3071366809393138e-10,1.3074278988656965e-10,1.3077189658195236e-10,1.3080098819294795e-10,1.3083006472786475e-10,1.3085912619636771e-10,1.3088817260819543e-10,1.3091720397256522e-10,1.3094622029989884e-10,1.3097522159957874e-10,1.3100420788122174e-10,1.3103317915439183e-10,1.3106213542872917e-10,1.310910767140714e-10,1.3112000301971222e-10,1.3114891435548427e-10,1.3117781073072256e-10,1.3120669215484385e-10,1.3123555863772173e-10,1.31264410188787e-10,1.3129324681751456e-10,1.3132206853337973e-10,1.3135087534678706e-10,1.3137966726392248e-10,1.314084442963653e-10,1.3143720645337998e-10,1.314659537464211e-10,1.3149468618321904e-10,1.3152340377316599e-10,1.315521065256403e-10,1.315807944499844e-10,1.31609467555571e-10,1.3163812585173738e-10,1.316667693478074e-10,1.3169539805309108e-10,1.31724011976885e-10,1.317526111284723e-10,1.3178119551712264e-10,1.318097651520923e-10,1.3183832004265093e-10,1.3186686019797653e-10,1.3189538562730991e-10,1.3192389633985397e-10,1.3195239234479827e-10,1.319808736513628e-10,1.3200934026866958e-10,1.3203779220586898e-10,1.3206622947214247e-10,1.3209465207656893e-10,1.3212306002825935e-10,1.3215145333631177e-10,1.3217983200981104e-10,1.3220819605782972e-10,1.322365454894269e-10,1.322648803136488e-10,1.3229320053952944e-10,1.3232150617608927e-10,1.323497972323366e-10,1.323780737172668e-10,1.324063356398626e-10,1.3243458300909402e-10,1.3246281583391875e-10,1.3249103412328151e-10,1.325192378861148e-10,1.325474271313385e-10,1.3257560186786046e-10,1.3260376210457559e-10,1.3263190785036647e-10,1.326600391141035e-10,1.326881559034655e-10,1.3271625822843162e-10,1.3274434609782415e-10,1.327724195204317e-10,1.3280047850501501e-10,1.328285230602622e-10,1.3285655319692147e-10,1.3288456892205266e-10,1.3291257024441673e-10,1.329405571727626e-10,1.3296852971607403e-10,1.3299648788282945e-10,1.3302443168149237e-10,1.330523611206913e-10,1.3308027620961137e-10,1.3310817695684704e-10,1.3313606337101597e-10,1.3316393546073057e-10,1.3319179323463335e-10,1.3321963670135512e-10,1.3324746586951485e-10,1.3327528074772024e-10,1.3330308134456713e-10,1.3333086766863993e-10,1.3335863972851153e-10,1.3338639753274324e-10,1.3341414108988516e-10,1.3344187040847568e-10,1.3346958549704194e-10,1.3349728636409973e-10,1.335249730182546e-10,1.3355264546788186e-10,1.335803037214672e-10,1.3360794778748455e-10,1.3363557767439522e-10,1.3366319339061964e-10,1.3369079494463003e-10,1.337183823448524e-10,1.3374595559970194e-10,1.33773514718148e-10,1.3380105970765052e-10,1.3382859057672988e-10,1.3385610733401444e-10,1.3388360998781143e-10,1.3391109854650854e-10,1.3393857301843067e-10,1.3396603341190168e-10,1.3399347973524028e-10,1.3402091199675272e-10,1.3404833020473405e-10,1.340757343674894e-10,1.3410312449326137e-10,1.3413050059031885e-10,1.3415786266689043e-10,1.3418521073106224e-10,1.3421254479145674e-10,1.3423986485608323e-10,1.342671709330513e-10,1.3429446303076782e-10,1.3432174115731292e-10,1.3434900532067137e-10,1.3437625552943886e-10,1.3440349179366426e-10,1.3443071411937721e-10,1.3445792251471406e-10,1.3448511698780186e-10,1.3451229754675665e-10,1.345394641996832e-10,1.345666169546821e-10,1.345937558198367e-10,1.3462088080322085e-10,1.346479919129047e-10,1.3467508915694035e-10,1.347021725433768e-10,1.3472924208024564e-10,1.347562977755719e-10,1.347833396373748e-10,1.3481036767365934e-10,1.34837381892419e-10,1.3486438230163976e-10,1.3489136890929737e-10,1.3491834172335738e-10,1.3494530075177737e-10,1.349722460025016e-10,1.3499917748347221e-10,1.350260952026097e-10,1.3505299916783192e-10,1.3507988938704856e-10,1.3510676586815381e-10,1.3513362861903796e-10,1.3516047764757813e-10,1.3518731296164673e-10,1.3521413456683623e-10,1.352409424732612e-10,1.3526773668876202e-10,1.3529451722116901e-10,1.353212840783035e-10,1.3534803726797723e-10,1.3537477679799244e-10,1.3540150267614218e-10,1.354282149102098e-10,1.3545491350796967e-10,1.3548159847718652e-10,1.3550826982561606e-10,1.355349275610046e-10,1.3556157169108917e-10,1.3558820222359773e-10,1.356148191662487e-10,1.3564142252675168e-10,1.3566801231280714e-10,1.3569458853210617e-10,1.3572115119233079e-10,1.357477003011542e-10,1.3577423586624035e-10,1.3580075789524424e-10,1.3582726639581176e-10,1.358537613755799e-10,1.3588024284217667e-10,1.359067108032213e-10,1.3593316526632385e-10,1.359596062390856e-10,1.3598603372909916e-10,1.3601244774394794e-10,1.3603884829120688e-10,1.360652353784419e-10,1.3609160901321027e-10,1.3611796920306043e-10,1.361443159555323e-10,1.3617064927815684e-10,1.3619696917845655e-10,1.3622327566394495e-10,1.3624956874212735e-10,1.3627584842050013e-10,1.3630211470655124e-10,1.3632836760776013e-10,1.3635460713159754e-10,1.363808332855258e-10,1.3640704607699874e-10,1.3643324551346155e-10,1.364594316023514e-10,1.3648560435109653e-10,1.3651176376711695e-10,1.365379098578244e-10,1.3656404263172064e-10,1.365901620951017e-10,1.366162682553547e-10,1.3664236111985784e-10,1.3666844069598073e-10,1.3669450699103741e-10,1.367205600124297e-10,1.3674659976750232e-10,1.3677262626359308e-10,1.3679863950803074e-10,1.3682463950813575e-10,1.3685062627122124e-10,1.3687659980459187e-10,1.3690256011554412e-10,1.3692850721136645e-10,1.369544410993395e-10,1.3698036178673572e-10,1.3700626928081876e-10,1.370321635888455e-10,1.3705804471806476e-10,1.3708391267571685e-10,1.3710976746903432e-10,1.371356091052419e-10,1.3716143759155658e-10,1.3718725293395183e-10,1.3721305514087744e-10,1.3723884421952511e-10,1.372646201770794e-10,1.3729038302092994e-10,1.3731613275802484e-10,1.373418693955263e-10,1.3736759294058885e-10,1.373933034003593e-10,1.3741900078197681e-10,1.3744468509257304e-10,1.374703563392717e-10,1.374960145291891e-10,1.375216596694339e-10,1.375472917671072e-10,1.3757291082930247e-10,1.3759851686310565e-10,1.376241098755953e-10,1.3764968987384232e-10,1.3767525686491004e-10,1.3770081085585474e-10,1.3772635185372468e-10,1.3775187986556122e-10,1.3777739489839794e-10,1.3780289695926122e-10,1.378283860551699e-10,1.378538621931357e-10,1.3787932538016291e-10,1.3790477562324847e-10,1.379302129293821e-10,1.37955637305546e-10,1.379810487587156e-10,1.3800644729585856e-10,1.3803183292393566e-10,1.3805720564990022e-10,1.380825654806987e-10,1.3810791242327014e-10,1.3813324648454655e-10,1.3815856767145262e-10,1.3818387599074046e-10,1.3820917144950742e-10,1.3823445405464618e-10,1.3825972381305573e-10,1.382849807316198e-10,1.383102248172233e-10,1.383354560767803e-10,1.383606745171112e-10,1.383858801450776e-10,1.3841107296753382e-10,1.384362529913275e-10,1.3846142022329921e-10,1.3848657467028278e-10,1.3851171633910505e-10,1.3853684523658604e-10,1.385619613695388e-10,1.385870647447696e-10,1.3861215536907807e-10,1.3863723324925668e-10,1.386622983920916e-10,1.3868735080436177e-10,1.3871239049283961e-10,1.3873741746429082e-10,1.3876243172547422e-10,1.3878743328314212e-10,1.3881242214404022e-10,1.3883739831490719e-10,1.3886236180247532e-10,1.3888731261347049e-10,1.3891225075461126e-10,1.3893717623261028e-10,1.3896208905417324e-10,1.3898698922599946e-10,1.3901187675478162e-10,1.390367516472059e-10,1.3906161390995182e-10,1.3908646354969258e-10,1.3911130057309482e-10,1.3913612498681878e-10,1.3916093679751806e-10,1.391857360118399e-10,1.3921052263642525e-10,1.392352966779086e-10,1.392600581429179e-10,1.3928480703807492e-10,1.3930954336999477e-10,1.3933426714528664e-10,1.3935897837055304e-10,1.3938367705239037e-10,1.3940836319738864e-10,1.3943303681213148e-10,1.3945769790319648e-10,1.3948234647715484e-10,1.3950698254057144e-10,1.3953160610000512e-10,1.395562171620085e-10,1.3958081573312776e-10,1.3960540181990318e-10,1.3962997542886873e-10,1.3965453656655227e-10,1.3967908523947565e-10,1.397036214541543e-10,1.3972814521709784e-10,1.3975265653480969e-10,1.3977715541378718e-10,1.3980164186052158e-10,1.3982611588149808e-10,1.3985057748324155e-10,1.3987502667217947e-10,1.3989946345477928e-10,1.3992388783750206e-10,1.3994829982680313e-10,1.3997269942913186e-10,1.399970866509316e-10,1.400214614986398e-10,1.4004582397868802e-10,1.4007017409750215e-10,1.4009451186150181e-10,1.4011883727710132e-10,1.4014315035070883e-10,1.401674510887271e-10,1.401917394975528e-10,1.402160155836495e-10,1.4024027935318463e-10,1.402645308126881e-10,1.4028876996857434e-10,1.4031299682716149e-10,1.4033721139481158e-10,1.4036141367788152e-10,1.403856036827227e-10,1.4040978141550113e-10,1.4043394688297194e-10,1.4045810009122498e-10,1.4048224104658757e-10,1.405063697553813e-10,1.4053048622392277e-10,1.4055459045852177e-10,1.4057868246548332e-10,1.4060276225110685e-10,1.406268298216861e-10,1.4065088518350882e-10,1.4067492834285785e-10,1.4069895930600995e-10,1.407229780792363e-10,1.4074698466880339e-10,1.4077097908097113e-10,1.4079496132199481e-10,1.4081893139812337e-10,1.40842889315601e-10,1.4086683508066592e-10,1.4089076869955163e-10,1.4091469017848514e-10,1.4093859952368927e-10,1.4096249674138036e-10,1.4098638183776986e-10,1.4101025481906369e-10,1.4103411569146267e-10,1.4105796446116197e-10,1.4108180113435142e-10,1.411056257172154e-10,1.4112943821593336e-10,1.411532386366793e-10,1.4117702698562202e-10,1.4120080326892445e-10,1.4122456749274494e-10,1.4124831966323615e-10,1.4127205978654575e-10,1.4129578786881613e-10,1.4131950391618428e-10,1.4134320793478212e-10,1.4136689993073633e-10,1.4139057991016843e-10,1.4141424787919464e-10,1.4143790384392664e-10,1.414615478104698e-10,1.4148517978492532e-10,1.4150879977338867e-10,1.4153240778195071e-10,1.4155600381669677e-10,1.4157958788370734e-10,1.4160315998905756e-10,1.416267201388181e-10,1.416502683390537e-10,1.4167380459582472e-10,1.4169732891518645e-10,1.4172084130318896e-10,1.4174434176587695e-10,1.4176783030929066e-10,1.4179130693946524e-10,1.4181477166243068e-10,1.4183822448421212e-10,1.4186166541082958e-10,1.4188509444829845e-10,1.4190851160262895e-10,1.419319168798263e-10,1.4195531028589116e-10,1.4197869182681884e-10,1.4200206150860009e-10,1.4202541933722083e-10,1.4204876531866127e-10,1.4207209945889797e-10,1.4209542176390217e-10,1.4211873223963982e-10,1.4214203089207266e-10,1.4216531772715728e-10,1.4218859275084566e-10,1.4221185596908498e-10,1.4223510738781706e-10,1.4225834701297982e-10,1.4228157485050583e-10,1.423047909063231e-10,1.4232799518635503e-10,1.423511876965199e-10,1.423743684427318e-10,1.4239753743089957e-10,1.4242069466692767e-10,1.4244384015671575e-10,1.4246697390615881e-10,1.424900959211471e-10,1.4251320620756672e-10,1.4253630477129807e-10,1.4255939161821808e-10,1.4258246675419831e-10,1.4260553018510586e-10,1.4262858191680318e-10,1.426516219551481e-10,1.4267465030599416e-10,1.4269766697519007e-10,1.4272067196857998e-10,1.4274366529200347e-10,1.4276664695129573e-10,1.4278961695228715e-10,1.4281257530080362e-10,1.4283552200266694e-10,1.4285845706369386e-10,1.4288138048969681e-10,1.429042922864839e-10,1.429271924598585e-10,1.4295008101561965e-10,1.4297295795874148e-10,1.4299582329582925e-10,1.430186770326112e-10,1.430415191749181e-10,1.4306434972843238e-10,1.4308716869892002e-10,1.4310997609213088e-10,1.4313277191513894e-10,1.4315555617252586e-10,1.431783288688796e-10,1.4320109001123487e-10,1.4322383960535944e-10,1.4324657765692599e-10,1.4326930417163992e-10,1.4329201915521322e-10,1.4331472261341478e-10,1.4333741455191567e-10,1.4336009497644672e-10,1.4338276389255996e-10,1.4340542130610556e-10,1.4342806722279783e-10,1.4345070164833705e-10,1.434733245884244e-10,1.4349593604874953e-10,1.4351853603500982e-10,1.4354112455288688e-10,1.4356370160806802e-10,1.4358626720622475e-10,1.4360882135303672e-10,1.4363136405416618e-10,1.4365389531527146e-10,1.4367641514202905e-10,1.4369892354008645e-10,1.4372142051509614e-10,1.4374390607270313e-10,1.4376638021856298e-10,1.437888429583116e-10,1.4381129429757877e-10,1.4383373424199935e-10,1.4385616279720051e-10,1.4387857996880509e-10,1.4390098576243554e-10,1.4392338018371295e-10,1.4394576323823582e-10,1.4396813493161192e-10,1.4399049527059727e-10,1.4401284425967264e-10,1.4403518190439958e-10,1.4405750821043439e-10,1.4407982318326553e-10,1.441021268284982e-10,1.4412441915172089e-10,1.441467001585108e-10,1.441689698544419e-10,1.441912282450823e-10,1.442134753359968e-10,1.4423571113274424e-10,1.442579356408802e-10,1.4428014886595607e-10,1.443023508135193e-10,1.4432454148911304e-10,1.4434672089827686e-10,1.443688890465463e-10,1.443910459394532e-10,1.4441319158252466e-10,1.4443532598128483e-10,1.4445744914122507e-10,1.4447956106789106e-10,1.445016617667954e-10,1.4452375124344875e-10,1.445458295033643e-10,1.4456789655205354e-10,1.4458995239495867e-10,1.446119970375891e-10,1.4463403048544176e-10,1.446560527440038e-10,1.4467806381875644e-10,1.4470006371517758e-10,1.4472205243874103e-10,1.4474402999491674e-10,1.447659963891711e-10,1.447879516269662e-10,1.4480989571378355e-10,1.4483182865505449e-10,1.4485375045623025e-10,1.448756611225735e-10,1.4489756065971273e-10,1.449194490730877e-10,1.4494132636813422e-10,1.449631925502847e-10,1.449850476249676e-10,1.450068915976077e-10,1.4502872447362622e-10,1.4505054625844046e-10,1.450723569574643e-10,1.4509415657610763e-10,1.451159451197769e-10,1.451377225938749e-10,1.451594890038007e-10,1.4518124435494964e-10,1.4520298865271353e-10,1.4522472190248051e-10,1.4524644410963514e-10,1.452681552795582e-10,1.4528985541762705e-10,1.453115445292153e-10,1.453332226196931e-10,1.4535488969442683e-10,1.4537654575877943e-10,1.4539819081811015e-10,1.4541982487777475e-10,1.4544144794312534e-10,1.454630600195106e-10,1.4548466111227544e-10,1.455062512267615e-10,1.4552783036830668e-10,1.4554939854224533e-10,1.4557095575390847e-10,1.4559250200890126e-10,1.4561403731251478e-10,1.456355616696255e-10,1.4565707508572382e-10,1.4567857756613754e-10,1.457000691161816e-10,1.457215497411648e-10,1.4574301944639143e-10,1.4576447823716176e-10,1.4578592611877224e-10,1.4580736309651576e-10,1.458287891756818e-10,1.4585020436155608e-10,1.4587160865942105e-10,1.4589300207455548e-10,1.4591438461223487e-10,1.4593575627773116e-10,1.45957117076313e-10,1.4597846701324556e-10,1.459998060937904e-10,1.4602113432311673e-10,1.4604245170666223e-10,1.4606375824960087e-10,1.4608505395718594e-10,1.4610633883467047e-10,1.4612761288746298e-10,1.4614887612059505e-10,1.4617012853930185e-10,1.4619137014881472e-10,1.4621260095436243e-10,1.4623382096116948e-10,1.4625503017445775e-10,1.4627622859944562e-10,1.4629741624134781e-10,1.4631859310537606e-10,1.4633975919673876e-10,1.463609145206408e-10,1.46382059082284e-10,1.464031928868667e-10,1.4642431593958429e-10,1.4644542824562838e-10,1.4646652981018768e-10,1.4648762063844752e-10,1.465087007351599e-10,1.4652977010593975e-10,1.465508287559619e-10,1.4657187669039895e-10,1.4659291391441955e-10,1.4661394043318968e-10,1.4663495625187193e-10,1.4665596137562598e-10,1.4667695580960727e-10,1.4669793955896857e-10,1.4671891262885993e-10,1.4673987502442772e-10,1.467608267508157e-10,1.4678176781316334e-10,1.4680269821660812e-10,1.468236179662837e-10,1.4684452706732058e-10,1.4686542552484596e-10,1.4688631334398477e-10,1.4690719052985779e-10,1.469280570875832e-10,1.469489130222755e-10,1.4696975833904705e-10,1.4699059304300608e-10,1.4701141713925808e-10,1.4703223063290537e-10,1.4705303352904757e-10,1.4707382583278033e-10,1.47094607549197e-10,1.4711537868338786e-10,1.4713613924077397e-10,1.4715688922606995e-10,1.4717762864436654e-10,1.4719835750045853e-10,1.472190757997524e-10,1.4723978354731492e-10,1.4726048074821207e-10,1.4728116740750649e-10,1.4730184353025848e-10,1.4732250912152605e-10,1.4734316418636423e-10,1.473638087298939e-10,1.473844427570879e-10,1.4740506627299366e-10,1.4742567928265557e-10,1.4744628179111493e-10,1.4746687380341024e-10,1.4748745532457697e-10,1.475080263596476e-10,1.4752858691365214e-10,1.4754913699161762e-10,1.4756967659856814e-10,1.4759020573946536e-10,1.4761072441937904e-10,1.4763123264332354e-10,1.4765173041631006e-10,1.4767221774334681e-10,1.4769269462943926e-10,1.477131610795896e-10,1.4773361709879742e-10,1.4775406269205907e-10,1.4777449786436828e-10,1.4779492262071548e-10,1.4781533696608854e-10,1.4783574090547207e-10,1.4785613444384813e-10,1.4787651758619548e-10,1.4789689033749034e-10,1.4791725270270573e-10,1.4793760468681196e-10,1.479579462947764e-10,1.4797827753156347e-10,1.479985984021349e-10,1.4801890891144934e-10,1.4803920906454207e-10,1.4805949886628657e-10,1.48079778321633e-10,1.4810004743552896e-10,1.4812030621291917e-10,1.4814055465868727e-10,1.4816079277783267e-10,1.4818102057529302e-10,1.4820123805600454e-10,1.4822144522495353e-10,1.4824164208699885e-10,1.4826182864706473e-10,1.48282004910073e-10,1.4830217088094249e-10,1.4832232656458915e-10,1.483424719659263e-10,1.4836260708986441e-10,1.4838273194131103e-10,1.484028465251711e-10,1.4842295084634665e-10,1.4844304490973694e-10,1.4846312872023822e-10,1.4848320228274446e-10,1.4850326560214654e-10,1.4852331868333257e-10,1.4854336153118794e-10,1.4856339415059514e-10,1.4858341654643427e-10,1.4860342872358234e-10,1.4862343068691353e-10,1.4864342244129973e-10,1.486634039916097e-10,1.486833753427096e-10,1.4870333649946287e-10,1.4872328746673e-10,1.4874322824936913e-10,1.4876315885223543e-10,1.487830792801815e-10,1.4880298953805706e-10,1.4882288963070923e-10,1.4884277956298247e-10,1.4886265933971828e-10,1.488825289657558e-10,1.4890238844593124e-10,1.489222377850783e-10,1.4894207698802786e-10,1.489619060596082e-10,1.4898172500464492e-10,1.4900153382796088e-10,1.490213325343763e-10,1.490411211287088e-10,1.4906089961577324e-10,1.4908066800038184e-10,1.4910042628734428e-10,1.4912017448146746e-10,1.491399125875557e-10,1.491596406104107e-10,1.4917935855483644e-10,1.491990664256201e-10,1.492187642275552e-10,1.4923845196543267e-10,1.49258129644041e-10,1.492777972681659e-10,1.4929745484259006e-10,1.4931710237209412e-10,1.493367398614556e-10,1.4935636731544984e-10,1.4937598473884924e-10,1.4939559213642407e-10,1.4941518951256156e-10,1.4943477687237744e-10,1.494543542205554e-10,1.4947392156172795e-10,1.4949347890174986e-10,1.4951302624369791e-10,1.4953256359335158e-10,1.49552090955352e-10,1.495716083344346e-10,1.495911157353332e-10,1.4961061316273455e-10,1.496301006213914e-10,1.4964957811603744e-10,1.4966904565141111e-10,1.49688503232209e-10,1.497079508631839e-10,1.4972738854906132e-10,1.4974681629455457e-10,1.4976623410438862e-10,1.4978564198328088e-10,1.4980503993594846e-10,1.498244279671033e-10,1.498438060814572e-10,1.4986317428371483e-10,1.4988253257859104e-10,1.4990188097078508e-10,1.4992121946499327e-10,1.4994054806591565e-10,1.4995986677824818e-10,1.4997917560668896e-10,1.4999847455592895e-10,1.5001776363065033e-10,1.5003704283554614e-10,1.5005631217529755e-10,1.5007557165458906e-10,1.5009482127809213e-10,1.5011406105048772e-10,1.5013329097645236e-10,1.5015251106065488e-10,1.5017172130776528e-10,1.5019092172244841e-10,1.5021011230937189e-10,1.502292930731926e-10,1.5024846401857252e-10,1.5026762515017e-10,1.5028677647263863e-10,1.5030591799063066e-10,1.5032504970879273e-10,1.5034417163177546e-10,1.5036328376422472e-10,1.5038238611078037e-10,1.5040147867608406e-10,1.5042056146477267e-10,1.5043963448147628e-10,1.5045869773083274e-10,1.5047775121747445e-10,1.5049679494602547e-10,1.5051582892111383e-10,1.505348531473588e-10,1.5055386762938483e-10,1.505728723718092e-10,1.505918673792443e-10,1.5061085265630703e-10,1.506298282076094e-10,1.5064879403787816e-10,1.5066775015161734e-10,1.5068669655380285e-10,1.5070563324853747e-10,1.507245602404746e-10,1.50743477534232e-10,1.507623851344149e-10,1.5078128304562252e-10,1.5080017127258836e-10,1.5081904981972662e-10,1.5083791869168728e-10,1.508567778930572e-10,1.5087562742842105e-10,1.508944673023645e-10,1.5091329751947675e-10,1.5093211808435465e-10,1.5095092900162902e-10,1.5096973027555504e-10,1.509885219099762e-10,1.5100730391108615e-10,1.5102607628272051e-10,1.5104483902938152e-10,1.5106359215484242e-10,1.5108233566541275e-10,1.5110106956478064e-10,1.511197938573891e-10,1.5113850854791224e-10,1.5115721363988232e-10,1.5117590913962354e-10,1.5119459505145936e-10,1.5121327137892143e-10,1.5123193812686422e-10,1.5125059529975853e-10,1.5126924290256285e-10,1.5128788093882316e-10,1.5130650941288497e-10,1.5132512833111103e-10,1.5134373769768326e-10,1.5136233751630438e-10,1.5138092779178607e-10,1.5139950852833826e-10,1.5141807973097963e-10,1.5143664140295027e-10,1.5145519355074497e-10,1.5147373617673268e-10,1.5149226928747315e-10,1.5151079288650553e-10,1.5152930697845987e-10,1.5154781156781422e-10,1.5156630665930868e-10,1.5158479225697607e-10,1.516032683654344e-10,1.516217349891512e-10,1.5164019213266606e-10,1.516586398004636e-10,1.5167707799702643e-10,1.5169550672683508e-10,1.5171392599436733e-10,1.5173233580409934e-10,1.5175073616050468e-10,1.5176912706800841e-10,1.5178750853113715e-10,1.5180588055523115e-10,1.5182424314302816e-10,1.5184259629981253e-10,1.5186094003007397e-10,1.5187927433826365e-10,1.5189759922895894e-10,1.5191591470656016e-10,1.5193422077492978e-10,1.5195251743912364e-10,1.5197080470364596e-10,1.5198908257291572e-10,1.5200735105130376e-10,1.5202561014353926e-10,1.5204385985332281e-10,1.5206210018589844e-10,1.5208033114530084e-10,1.5209855273590574e-10,1.5211676496100074e-10,1.5213496782670248e-10,1.5215316133734395e-10,1.521713454969116e-10,1.5218952030986532e-10,1.522076857806258e-10,1.5222584191400903e-10,1.5224398871368992e-10,1.5226212618453184e-10,1.5228025433064575e-10,1.5229837315654664e-10,1.5231648266686835e-10,1.5233458286539907e-10,1.5235267375727132e-10,1.5237075534646552e-10,1.5238882763698054e-10,1.5240689063438626e-10,1.524249443425738e-10,1.5244298876582934e-10,1.5246102390856036e-10,1.5247904977480182e-10,1.5249706636862662e-10,1.5251507369608515e-10,1.5253307176047138e-10,1.5255106056616922e-10,1.5256904011781005e-10,1.5258701041914333e-10,1.5260497147468845e-10,1.5262292328965753e-10,1.5264086586846086e-10,1.5265879921404956e-10,1.526767233318985e-10,1.5269463822590555e-10,1.5271254390063837e-10,1.5273044036040323e-10,1.527483276093647e-10,1.527662056522602e-10,1.527840744933529e-10,1.5280193413677558e-10,1.5281978458700306e-10,1.5283762584842331e-10,1.5285545792524555e-10,1.5287328082192343e-10,1.5289109454281711e-10,1.529088990921019e-10,1.52926694474225e-10,1.5294448069354578e-10,1.5296225775439863e-10,1.5298002566163293e-10,1.5299778441834561e-10,1.5301553402955092e-10,1.5303327449945597e-10,1.530510058326054e-10,1.530687280334776e-10,1.530864411061133e-10,1.5310414505486384e-10,1.5312183988420517e-10,1.5313952559715461e-10,1.5315720219987955e-10,1.5317486969547651e-10,1.5319252808878388e-10,1.532101773839957e-10,1.5322781758571733e-10,1.5324544869764317e-10,1.5326307072436371e-10,1.5328068367018057e-10,1.532982875392325e-10,1.5331588233604854e-10,1.533334680648496e-10,1.5335104472991182e-10,1.5336861233560536e-10,1.533861708858882e-10,1.5340372038542404e-10,1.5342126083825747e-10,1.5343879224865028e-10,1.5345631462108172e-10,1.534738279596088e-10,1.5349133227113944e-10,1.53508827554735e-10,1.5352631381767274e-10,1.5354379106462875e-10,1.535612592982377e-10,1.5357871852351847e-10,1.5359616874587292e-10,1.5361360996756558e-10,1.5363104219390663e-10,1.5364846542900016e-10,1.53665879677011e-10,1.5368328494256607e-10,1.537006812303024e-10,1.5371806854377363e-10,1.5373544688811805e-10,1.537528162665114e-10,1.5377017668324907e-10,1.5378752814168925e-10,1.538048706471082e-10,1.5382220420373735e-10,1.5383952881571017e-10,1.5385684448735234e-10,1.5387415122289005e-10,1.538914490265475e-10,1.5390873790254688e-10,1.5392601785510856e-10,1.5394328888845102e-10,1.5396055100679042e-10,1.5397780421434136e-10,1.5399504851531635e-10,1.5401228391392575e-10,1.540295104143783e-10,1.5404672802088062e-10,1.5406393673763739e-10,1.5408113656885144e-10,1.540983275187235e-10,1.5411550959145235e-10,1.5413268279123478e-10,1.541498471222664e-10,1.5416700258873956e-10,1.5418414919484574e-10,1.542012869447738e-10,1.5421841584271117e-10,1.5423553589284313e-10,1.5425264709935297e-10,1.542697494664221e-10,1.5428684299822984e-10,1.5430392770058504e-10,1.5432100357603496e-10,1.543380706287535e-10,1.5435512886291283e-10,1.5437217828268283e-10,1.543892188922319e-10,1.5440625069572624e-10,1.5442327369733054e-10,1.5444028790120695e-10,1.5445729331151587e-10,1.5447428993241675e-10,1.5449127776806577e-10,1.545082568226177e-10,1.545252271002263e-10,1.5454218860504205e-10,1.5455914134121396e-10,1.5457608531288965e-10,1.5459302052421485e-10,1.5460994697933266e-10,1.5462686468238514e-10,1.5464377363751184e-10,1.5466067384885066e-10,1.5467756532053723e-10,1.5469444805670612e-10,1.5471132206148995e-10,1.5472818733901818e-10,1.5474504389341958e-10,1.5476189172882109e-10,1.547787308475411e-10,1.54795561255504e-10,1.5481238295682933e-10,1.548291959556351e-10,1.5484600025603593e-10,1.5486279586214418e-10,1.548795827780675e-10,1.5489636100790585e-10,1.5491313055604347e-10,1.5492989142642895e-10,1.549466436231057e-10,1.5496338715016412e-10,1.549801220116866e-10,1.5499684821177467e-10,1.5501356575451078e-10,1.550302746441282e-10,1.5504697488448329e-10,1.5506366647984798e-10,1.5508034943428221e-10,1.5509702375187795e-10,1.551136894367032e-10,1.5513034649250002e-10,1.5514699492374455e-10,1.5516363473440362e-10,1.5518026592989325e-10,1.551968885125175e-10,1.5521350248679767e-10,1.5523010785620897e-10,1.5524670462559886e-10,1.5526329279900537e-10,1.552798723804796e-10,1.5529644337401177e-10,1.5531300578366448e-10,1.5532955961349758e-10,1.5534610486756622e-10,1.553626415499232e-10,1.553791696646148e-10,1.553956892172296e-10,1.5541220021032265e-10,1.5542870264784376e-10,1.5544519653297766e-10,1.5546168187074347e-10,1.5547815866537827e-10,1.5549462692250598e-10,1.5551108664259108e-10,1.555275378312703e-10,1.5554398049433752e-10,1.5556041463271942e-10,1.5557684025205026e-10,1.5559325735636475e-10,1.5560966594966802e-10,1.556260660360059e-10,1.5564245761940725e-10,1.5565884070389905e-10,1.55675215293506e-10,1.5569158139225115e-10,1.5570793900513623e-10,1.557242881341749e-10,1.5574062878557766e-10,1.5575696096114276e-10,1.5577328466595908e-10,1.5578959990413053e-10,1.5580590667929828e-10,1.558222049958953e-10,1.5583849485897043e-10,1.5585477627024885e-10,1.5587104923595415e-10,1.5588731375844708e-10,1.559035698415022e-10,1.5591981748978158e-10,1.5593605670731375e-10,1.559522874980074e-10,1.5596850986633571e-10,1.5598472381579675e-10,1.5600092935059623e-10,1.5601712647470776e-10,1.560333151920651e-10,1.5604949550648927e-10,1.5606566742239078e-10,1.5608183094492706e-10,1.5609798607515685e-10,1.5611413281836568e-10,1.561302711791665e-10,1.561464011602897e-10,1.5616252276565045e-10,1.5617863600109486e-10,1.5619474086955374e-10,1.5621083737499177e-10,1.5622692552150598e-10,1.5624300531305334e-10,1.562590767531578e-10,1.562751398461164e-10,1.5629119459566686e-10,1.5630724100612003e-10,1.5632327908143347e-10,1.5633930882525125e-10,1.5635533024163778e-10,1.5637134333453738e-10,1.563873481079409e-10,1.5640334456571452e-10,1.5641933271208194e-10,1.5643531255174163e-10,1.5645128408650725e-10,1.5646724732139883e-10,1.5648320226044788e-10,1.5649914890757528e-10,1.5651508726710567e-10,1.5653101734260434e-10,1.5654693913774795e-10,1.5656285265666544e-10,1.5657875790298431e-10,1.5659465488113655e-10,1.566105435953671e-10,1.5662642404840057e-10,1.5664229624518072e-10,1.5665816018924843e-10,1.5667401588556712e-10,1.5668986333622233e-10,1.5670570254596858e-10,1.5672153351866975e-10,1.5673735625818927e-10,1.567531707686757e-10,1.5676897705388574e-10,1.5678477511779e-10,1.5680056496417763e-10,1.5681634659698628e-10,1.5683212002013476e-10,1.568478852375211e-10,1.5686364225305452e-10,1.5687939107036411e-10,1.568951316938149e-10,1.569108641270823e-10,1.569265883730153e-10,1.5694230443763292e-10,1.5695801232280225e-10,1.5697371203423778e-10,1.5698940357491226e-10,1.570050869472473e-10,1.570207621577238e-10,1.5703642920928123e-10,1.5705208810572062e-10,1.5706773885072717e-10,1.5708338144823444e-10,1.5709901590211287e-10,1.571146422162315e-10,1.5713026039492074e-10,1.5714587044115696e-10,1.571614723591981e-10,1.571770661529351e-10,1.5719265182647657e-10,1.572082293831439e-10,1.5722379882731907e-10,1.5723936016243995e-10,1.5725491339269108e-10,1.5727045852161713e-10,1.572859955533417e-10,1.5730152449171293e-10,1.5731704534014142e-10,1.5733255810282336e-10,1.573480627836992e-10,1.5736355938649348e-10,1.5737904791472044e-10,1.5739452837284994e-10,1.574100007639296e-10,1.5742546509347798e-10,1.5744092136344903e-10,1.5745636957834631e-10,1.574718097420029e-10,1.5748724185848888e-10,1.5750266593125147e-10,1.5751808196417285e-10,1.5753348996149625e-10,1.5754888992573165e-10,1.5756428186233104e-10,1.5757966577506401e-10,1.5759504166565967e-10,1.576104095402626e-10,1.5762576940170153e-10,1.5764112125624107e-10,1.5765646510347794e-10,1.5767180094891775e-10,1.5768712879647367e-10,1.5770244865227035e-10,1.577177605155708e-10,1.577330643926125e-10,1.5774836028724882e-10,1.577636482030328e-10,1.5777892814393423e-10,1.5779420011438235e-10,1.5780946411671347e-10,1.5782472015542503e-10,1.5783996823428555e-10,1.578552083571875e-10,1.5787044052772904e-10,1.5788566474991162e-10,1.579008810283793e-10,1.5791608936509053e-10,1.5793128976396295e-10,1.5794648223028342e-10,1.5796166676687406e-10,1.579768433777353e-10,1.5799201206689067e-10,1.5800717283773678e-10,1.5802232569428265e-10,1.5803747063998789e-10,1.5805260767879384e-10,1.580677368148334e-10,1.5808285805120751e-10,1.5809797139266602e-10,1.5811307684136648e-10,1.5812817440215445e-10,1.581432640784255e-10,1.5815834587445023e-10,1.5817341979452895e-10,1.5818848584076726e-10,1.5820354401731355e-10,1.5821859432715815e-10,1.582336367765875e-10,1.5824867136776844e-10,1.5826369810492497e-10,1.5827871699124845e-10,1.582937280310456e-10,1.583087312275693e-10,1.58323726584973e-10,1.5833871410630022e-10,1.5835369379594892e-10,1.58368665657477e-10,1.5838362969458942e-10,1.5839858591086507e-10,1.5841353431034186e-10,1.584284748967774e-10,1.5844340767361565e-10,1.5845833264443978e-10,1.5847324981352885e-10,1.5848815918418259e-10,1.5850306076015632e-10,1.5851795454535287e-10,1.585328405432975e-10,1.5854771875774356e-10,1.585625891924273e-10,1.585774518510847e-10,1.5859230673740292e-10,1.586071538551106e-10,1.5862199320790453e-10,1.5863682479857483e-10,1.5865164863265765e-10,1.5866646471317885e-10,1.5868127304335408e-10,1.5869607362712515e-10,1.5871086646818912e-10,1.5872565157028986e-10,1.5874042893702482e-10,1.587551985721342e-10,1.5876996047930824e-10,1.5878471466223784e-10,1.5879946112460982e-10,1.5881419987010533e-10,1.5882893090251704e-10,1.5884365422536093e-10,1.588583698424629e-10,1.5887307775765298e-10,1.5888777797400084e-10,1.5890247049559483e-10,1.5891715532601465e-10,1.589318324680392e-10,1.5894650192744738e-10,1.5896116370663966e-10,1.5897581780870081e-10,1.5899046423858111e-10,1.5900510299945892e-10,1.5901973409486055e-10,1.5903435752852966e-10,1.5904897330388946e-10,1.5906358142493753e-10,1.5907818189506473e-10,1.5909277471865997e-10,1.5910735989782656e-10,1.5912193743771985e-10,1.5913650734122442e-10,1.5915106961219772e-10,1.5916562425441613e-10,1.5918017127091136e-10,1.5919471066632383e-10,1.592092424422714e-10,1.5922376660555528e-10,1.592382831580774e-10,1.5925279210417066e-10,1.5926729344642288e-10,1.5928178718881565e-10,1.5929627333463214e-10,1.5931075188822216e-10,1.5932522285314625e-10,1.593396862329727e-10,1.5935414203098624e-10,1.5936859025097116e-10,1.5938303089571904e-10,1.5939746396873123e-10,1.5941188947678866e-10,1.5942630742129777e-10,1.5944071780592775e-10,1.594551206348337e-10,1.594695159106071e-10,1.5948390363713704e-10,1.594982838184689e-10,1.5951265645809307e-10,1.5952702155842722e-10,1.5954137912521995e-10,1.5955572916069304e-10,1.5957007166884115e-10,1.5958440665347825e-10,1.59598734118006e-10,1.5961305406596346e-10,1.5962736650102985e-10,1.5964167142667312e-10,1.5965596884633064e-10,1.5967025876409197e-10,1.5968454118320837e-10,1.5969881610718107e-10,1.5971308353981242e-10,1.597273434848552e-10,1.5974159594647094e-10,1.5975584092720042e-10,1.5977007843093787e-10,1.597843084608116e-10,1.597985310197451e-10,1.5981274611302923e-10,1.5982695374357416e-10,1.5984115391499524e-10,1.5985534663076047e-10,1.5986953189436886e-10,1.5988370970969016e-10,1.598978800800042e-10,1.5991204300897857e-10,1.5992619850022716e-10,1.5994034655729683e-10,1.5995448718383392e-10,1.599686203833124e-10,1.599827461592923e-10,1.5999686451532035e-10,1.6001097545485305e-10,1.6002507898069244e-10,1.6003917509819672e-10,1.6005326380999662e-10,1.6006734511918226e-10,1.600814190302366e-10,1.600954855462733e-10,1.6010954467074266e-10,1.6012359640722933e-10,1.6013764076015048e-10,1.6015167773110218e-10,1.6016570732499532e-10,1.6017972954663414e-10,1.6019374439676686e-10,1.6020775188002518e-10,1.6022175200160987e-10,1.6023574476170604e-10,1.602497301656188e-10,1.6026370821689512e-10,1.6027767891911008e-10,1.602916422757735e-10,1.6030559829027114e-10,1.6031954696524769e-10,1.6033348830635544e-10,1.6034742231603272e-10,1.6036134899778453e-10,1.6037526835402064e-10,1.6038918039039918e-10,1.6040308510959388e-10,1.6041698251464722e-10,1.6043087260948389e-10,1.604447553977082e-10,1.6045863088218797e-10,1.6047249906682318e-10,1.604863599549291e-10,1.605002135503823e-10,1.6051405985651685e-10,1.6052789887704337e-10,1.6054173061499382e-10,1.6055555507315488e-10,1.605693722567282e-10,1.6058318216855957e-10,1.605969848120316e-10,1.6061078019083324e-10,1.6062456830810147e-10,1.6063834916763477e-10,1.6065212277270863e-10,1.6066588912685647e-10,1.6067964823361776e-10,1.606934000964288e-10,1.6070714471905419e-10,1.6072088210444682e-10,1.6073461225631587e-10,1.6074833517818677e-10,1.6076205087250394e-10,1.6077575934285047e-10,1.6078946059516676e-10,1.6080315463173634e-10,1.6081684145559854e-10,1.608305210702923e-10,1.6084419347919787e-10,1.6085785868580008e-10,1.608715166937371e-10,1.6088516750600924e-10,1.6089881112686567e-10,1.6091244755921172e-10,1.6092607680665515e-10,1.6093969887248698e-10,1.609533137605869e-10,1.6096692147404582e-10,1.6098052201659102e-10,1.6099411539099117e-10,1.6100770160086157e-10,1.6102128065032942e-10,1.6103485254242676e-10,1.6104841728064603e-10,1.6106197486841536e-10,1.610755253091898e-10,1.6108906860638136e-10,1.6110260476344066e-10,1.6111613378372736e-10,1.6112965567172404e-10,1.6114317042902742e-10,1.611566780601674e-10,1.611701785681108e-10,1.6118367195653138e-10,1.611971582289187e-10,1.6121063738857133e-10,1.6122410943877824e-10,1.6123757438337982e-10,1.6125103222557284e-10,1.612644829688239e-10,1.6127792661653593e-10,1.6129136317211487e-10,1.6130479263897704e-10,1.6131821502048616e-10,1.61331630320103e-10,1.6134503854119383e-10,1.6135843968721249e-10,1.6137183376159431e-10,1.613852207676626e-10,1.6139860070897257e-10,1.6141197358818441e-10,1.6142533940998882e-10,1.6143869817800156e-10,1.6145204989382543e-10,1.6146539456219863e-10,1.614787321859035e-10,1.6149206276856659e-10,1.6150538631358596e-10,1.6151870282435922e-10,1.6153201230421675e-10,1.615453147566077e-10,1.6155861018536693e-10,1.6157189859299652e-10,1.6158517998346142e-10,1.6159845435989728e-10,1.6161172172581067e-10,1.616249820849092e-10,1.6163823543944538e-10,1.6165148179400946e-10,1.616647211523384e-10,1.6167795351638012e-10,1.6169117889007186e-10,1.6170439727718312e-10,1.617176086804054e-10,1.617308131033278e-10,1.617440105495494e-10,1.6175720102210255e-10,1.6177038452477684e-10,1.617835610609812e-10,1.6179673063337205e-10,1.6180989324625215e-10,1.6182304890225627e-10,1.6183619760528435e-10,1.618493393584315e-10,1.6186247416504406e-10,1.6187560202852033e-10,1.6188872295201493e-10,1.6190183694005554e-10,1.6191494399411207e-10,1.619280441184102e-10,1.619411373162918e-10,1.6195422359110221e-10,1.6196730294518068e-10,1.619803753838692e-10,1.6199344090949733e-10,1.620064995253763e-10,1.620195512347722e-10,1.6203259604130685e-10,1.6204563394810183e-10,1.6205866495859052e-10,1.6207168907605277e-10,1.6208470630388988e-10,1.620977166454046e-10,1.6211072010385976e-10,1.621237166825584e-10,1.6213670638398558e-10,1.621496892131823e-10,1.6216266517265218e-10,1.621756342657157e-10,1.6218859649549939e-10,1.6220155186567973e-10,1.622145003794169e-10,1.6222744204007323e-10,1.6224037685108144e-10,1.6225330481535273e-10,1.6226622593641517e-10,1.6227914021762977e-10,1.6229204766224885e-10,1.6230494827366245e-10,1.6231784205624763e-10,1.623307290109793e-10,1.6234360914228053e-10,1.6235648245352066e-10,1.6236934894832991e-10,1.6238220862932632e-10,1.6239506150004271e-10,1.624079075640088e-10,1.6242074682445753e-10,1.6243357928451746e-10,1.6244640494760866e-10,1.6245922381707613e-10,1.6247203589610652e-10,1.6248484118808437e-10,1.62497639696158e-10,1.6251043142368091e-10,1.6252321637393454e-10,1.6253599455026145e-10,1.6254876595602046e-10,1.6256153059415633e-10,1.6257428846809454e-10,1.6258703958218787e-10,1.6259978393872568e-10,1.626125215398922e-10,1.6262525239211958e-10,1.6263797649440788e-10,1.6265069385224846e-10,1.626634044690548e-10,1.6267610834760123e-10,1.6268880549147573e-10,1.6270149590394347e-10,1.6271417958855218e-10,1.6272685654970596e-10,1.627395267891798e-10,1.6275219030849594e-10,1.6276484711257574e-10,1.627774972047619e-10,1.6279014058847324e-10,1.628027772667585e-10,1.6281540724282518e-10,1.6282803052003341e-10,1.6284064710163017e-10,1.6285325698965388e-10,1.6286586018955512e-10,1.628784567034265e-10,1.6289104653486792e-10,1.6290362968680278e-10,1.6291620616289408e-10,1.6292877596604268e-10,1.6294133909915826e-10,1.6295389556564882e-10,1.629664453689685e-10,1.629789885124038e-10,1.6299152499907844e-10,1.6300405483146867e-10,1.6301657801419592e-10,1.630290945498105e-10,1.630416044416309e-10,1.6305410769281628e-10,1.6306660430677628e-10,1.6307909428631593e-10,1.63091577634894e-10,1.6310405435563282e-10,1.6311652445199983e-10,1.6312898792705453e-10,1.6314144478400726e-10,1.6315389502604384e-10,1.6316633865680804e-10,1.631787756787067e-10,1.6319120609498832e-10,1.6320362990968212e-10,1.6321604712505526e-10,1.6322845774531126e-10,1.6324086177304526e-10,1.632532592115362e-10,1.6326565006402091e-10,1.6327803433311728e-10,1.6329041202279624e-10,1.633027831360221e-10,1.6331514767579556e-10,1.6332750564569894e-10,1.6333985704909254e-10,1.6335220188894806e-10,1.6336454016815243e-10,1.6337687189012137e-10,1.6338919705798985e-10,1.6340151567493567e-10,1.634138277440468e-10,1.6342613326883384e-10,1.6343843225256379e-10,1.6345072469799337e-10,1.6346301060716889e-10,1.6347528998560866e-10,1.634875628353256e-10,1.6349982915895703e-10,1.6351208896079466e-10,1.6352434224363905e-10,1.6353658901082244e-10,1.6354882926572602e-10,1.6356106301013464e-10,1.6357329024917729e-10,1.6358551098456013e-10,1.6359772521985833e-10,1.636099329586329e-10,1.6362213420334294e-10,1.6363432895726926e-10,1.63646517222955e-10,1.6365869900431968e-10,1.6367087430451875e-10,1.636830431267082e-10,1.6369520547404132e-10,1.6370736134967087e-10,1.6371951075674752e-10,1.6373165369842168e-10,1.637437901778428e-10,1.6375592019815844e-10,1.6376804376251567e-10,1.6378016087406474e-10,1.637922715359537e-10,1.638043757513316e-10,1.6381647352335765e-10,1.6382856485520812e-10,1.6384064974970849e-10,1.6385272821053063e-10,1.6386480024016286e-10,1.6387686584190086e-10,1.6388892501903928e-10,1.6390097777470803e-10,1.6391302411203556e-10,1.63925064034149e-10,1.6393709754417434e-10,1.6394912464523577e-10,1.6396114534045664e-10,1.6397315963295858e-10,1.63985167525862e-10,1.6399716902233413e-10,1.6400916412594667e-10,1.6402115283880972e-10,1.6403313516454035e-10,1.6404511110623648e-10,1.6405708066687107e-10,1.640690438499028e-10,1.640810006581846e-10,1.6409295109516354e-10,1.6410489516364574e-10,1.641168328667757e-10,1.6412876420743e-10,1.6414068918894068e-10,1.6415260781440544e-10,1.641645200869226e-10,1.6417642600958965e-10,1.6418832558550272e-10,1.6420021881775713e-10,1.6421210570944713e-10,1.6422398626366565e-10,1.6423586048350437e-10,1.6424772837205375e-10,1.6425958993240308e-10,1.6427144516763993e-10,1.6428329408053482e-10,1.6429513667448333e-10,1.6430697295256934e-10,1.6431880291787536e-10,1.643306265734824e-10,1.6434244392247042e-10,1.643542549679178e-10,1.643660597129019e-10,1.6437785816049834e-10,1.6438965031378164e-10,1.6440143617582502e-10,1.6441321574970037e-10,1.644249890384782e-10,1.6443675604599356e-10,1.644485167745588e-10,1.644602712272404e-10,1.6447201940710388e-10,1.6448376131721343e-10,1.6449549696063159e-10,1.6450722634042e-10,1.6451894945915495e-10,1.645306663203776e-10,1.6454237692714548e-10,1.6455408128251466e-10,1.6456577938946652e-10,1.6457747124976919e-10,1.6458915686944318e-10,1.6460083624993205e-10,1.646125093942856e-10,1.646241763055522e-10,1.6463583698677936e-10,1.6464749144101302e-10,1.646591396712983e-10,1.6467078168067867e-10,1.6468241747219669e-10,1.6469404704889397e-10,1.6470567041381094e-10,1.647172875699876e-10,1.6472889852046287e-10,1.6474050326794927e-10,1.6475210181601744e-10,1.6476369416732714e-10,1.6477528032503668e-10,1.64786860291373e-10,1.6479843407112262e-10,1.6481000166642992e-10,1.6482156308022764e-10,1.6483311831553375e-10,1.648446673745401e-10,1.6485621026188898e-10,1.648677469798596e-10,1.6487927753146788e-10,1.6489080191995779e-10,1.6490232014809342e-10,1.649138322188927e-10,1.6492533813537238e-10,1.6493683790054686e-10,1.6494833151742862e-10,1.6495981898902887e-10,1.6497130031835713e-10,1.6498277550842117e-10,1.6499424456222775e-10,1.6500570748278545e-10,1.6501716427311385e-10,1.6502861493604638e-10,1.6504005947473766e-10,1.65051497892187e-10,1.650629301913924e-10,1.6507435637535056e-10,1.6508577644705662e-10,1.650971904095796e-10,1.6510859826586564e-10,1.651200000189293e-10,1.6513139567183414e-10,1.6514278522711284e-10,1.6515416868808385e-10,1.6516554605773362e-10,1.6517691733904695e-10,1.6518828253500734e-10,1.6519964164859715e-10,1.6521099468279736e-10,1.6522234164058746e-10,1.6523368252494614e-10,1.652450173388502e-10,1.6525634608527545e-10,1.6526766876719638e-10,1.6527898538758607e-10,1.652902959494164e-10,1.6530160045565793e-10,1.653128989092799e-10,1.6532419131325022e-10,1.6533547767053565e-10,1.653467579841013e-10,1.653580322569113e-10,1.6536930049192845e-10,1.653805626921142e-10,1.6539181886042856e-10,1.654030689998305e-10,1.6541431311327755e-10,1.6542555120378557e-10,1.6543678327425091e-10,1.6544800932762736e-10,1.6545922936686725e-10,1.6547044339492157e-10,1.6548165141474036e-10,1.6549285342927207e-10,1.6550404944146381e-10,1.6551523945426113e-10,1.6552642347060906e-10,1.655376014934518e-10,1.6554877352573038e-10,1.6555993957038605e-10,1.6557109963035771e-10,1.6558225370857937e-10,1.6559340180799753e-10,1.6560454393154265e-10,1.6561568008214923e-10,1.6562681026275026e-10,1.6563793447627738e-10,1.6564905272565661e-10,1.6566016501382602e-10,1.6567127134370944e-10,1.6568237171822844e-10,1.6569346614031733e-10,1.6570455461289626e-10,1.6571563713888759e-10,1.657267137212129e-10,1.657377843627921e-10,1.6574884906654433e-10,1.6575990783538703e-10,1.6577096067223665e-10,1.657820075800067e-10,1.6579304856161392e-10,1.6580408361996933e-10,1.6581511275798406e-10,1.6582613597856812e-10,1.6583715328463016e-10,1.658481646790774e-10,1.6585917016481606e-10,1.658701697447509e-10,1.6588116342178547e-10,1.6589215119882197e-10,1.6590313307876146e-10,1.659141090645035e-10,1.659250791589467e-10,1.659360433649881e-10,1.6594700168552337e-10,1.6595795412344736e-10,1.6596890068165326e-10,1.6597984136303327e-10,1.6599077617047794e-10,1.6600170510687684e-10,1.660126281751183e-10,1.660235453780891e-10,1.6603445671867507e-10,1.6604536219976053e-10,1.660562618242286e-10,1.660671555949468e-10,1.660780435148107e-10,1.6608892558669932e-10,1.6609980181349083e-10,1.6611067219806215e-10,1.661215367432886e-10,1.6613239545204443e-10,1.6614324832720263e-10,1.6615409537163504e-10,1.6616493658821186e-10,1.6617577197980245e-10,1.6618660154927457e-10,1.6619742529947419e-10,1.6620824323328767e-10,1.6621905535357905e-10,1.6622986166321118e-10,1.6624066216504592e-10,1.6625145686194335e-10,1.6626224575676257e-10,1.662730288534438e-10,1.6628380615265417e-10,1.662945776583599e-10,1.6630534337462738e-10,1.663161033019209e-10,1.6632685744425335e-10,1.6633760580447877e-10,1.663483483854483e-10,1.6635908518993756e-10,1.6636981622139782e-10,1.6638054148168784e-10,1.6639126097411988e-10,1.6640197470154333e-10,1.6641268266687565e-10,1.664233848718436e-10,1.6643408132125421e-10,1.6644477201708687e-10,1.6645545696197223e-10,1.664661361588614e-10,1.6647680961058765e-10,1.6648747731998448e-10,1.6649813928986548e-10,1.6650879552316106e-10,1.6651944602281241e-10,1.66530090791237e-10,1.6654072983140022e-10,1.665513631462328e-10,1.6656199073852874e-10,1.665726126111109e-10,1.6658322876680776e-10,1.665938392084247e-10,1.6660444393878792e-10,1.666150429607151e-10,1.6662563627702251e-10,1.6663622389052533e-10,1.6664680580403734e-10,1.6665738202037116e-10,1.6666795254232397e-10,1.666785173727295e-10,1.6668907651439625e-10,1.6669962996959453e-10,1.667101777423222e-10,1.6672071983446973e-10,1.6673125624909283e-10,1.6674178698899404e-10,1.6675231205715178e-10,1.6676283145633113e-10,1.6677334518893541e-10,1.667838532580658e-10,1.6679435566647047e-10,1.6680485241694454e-10,1.6681534351228994e-10,1.6682582895529014e-10,1.6683630874868154e-10,1.668467828953091e-10,1.6685725139796215e-10,1.6686771425942809e-10,1.6687817148249363e-10,1.6688862306994383e-10,1.668990690245362e-10,1.6690950934908112e-10,1.669199440463603e-10,1.6693037311915422e-10,1.6694079657024282e-10,1.6695121440246842e-10,1.669616266185273e-10,1.6697203322120745e-10,1.6698243421328288e-10,1.669928295978756e-10,1.6700321937833002e-10,1.6701360355539263e-10,1.6702398213293464e-10,1.6703435511415638e-10,1.6704472250095748e-10,1.67055084296307e-10,1.670654405030917e-10,1.6707579112448798e-10,1.6708613616245595e-10,1.6709647562084013e-10,1.6710680950171334e-10,1.6711713780826887e-10,1.6712746054295223e-10,1.6713777770852458e-10,1.6714808930774039e-10,1.67158395343358e-10,1.671686958181333e-10,1.67178990734821e-10,1.6718928009618378e-10,1.6719956390420885e-10,1.6720984216234907e-10,1.6722011487330257e-10,1.6723038203990922e-10,1.6724064366491481e-10,1.672508997509125e-10,1.6726115030080752e-10,1.6727139531728556e-10,1.672816348030895e-10,1.672918687609658e-10,1.6730209719366622e-10,1.6731232010362982e-10,1.673225374937663e-10,1.6733274936729077e-10,1.6734295572613202e-10,1.673531565737554e-10,1.6736335191245182e-10,1.6737354174471697e-10,1.6738372607391734e-10,1.6739390490247264e-10,1.6740407823312423e-10,1.6741424606860099e-10,1.674244084115697e-10,1.674345652647773e-10,1.6744471663093716e-10,1.6745486251278527e-10,1.67465002912989e-10,1.6747513783432495e-10,1.67485267279614e-10,1.6749539125143318e-10,1.6750550975249433e-10,1.6751562278538232e-10,1.6752573035296225e-10,1.6753583245793465e-10,1.6754592910264694e-10,1.6755602029070135e-10,1.6756610602411855e-10,1.6757618630578824e-10,1.675862611379998e-10,1.6759633052407238e-10,1.6760639446645123e-10,1.676164529681986e-10,1.67626506031439e-10,1.6763655365934494e-10,1.6764659585553785e-10,1.676566326198603e-10,1.676666639566411e-10,1.6767668986879698e-10,1.6768671035850648e-10,1.6769672542850335e-10,1.6770673508170595e-10,1.6771673932109389e-10,1.6772673814923547e-10,1.6773673156852146e-10,1.6774671958177196e-10,1.677567021919318e-10,1.6776667940152433e-10,1.6777665121300335e-10,1.6778661762912788e-10,1.6779657865242894e-10,1.6780653428573808e-10,1.678164845318119e-10,1.6782642939346358e-10,1.6783636887294653e-10,1.678463029731319e-10,1.6785623169676967e-10,1.6786615504653082e-10,1.6787607302515448e-10,1.6788598563486994e-10,1.6789589287864287e-10,1.6790579475913604e-10,1.679156912790501e-10,1.679255824410755e-10,1.6793546824780978e-10,1.6794534870188364e-10,1.67955223806145e-10,1.6796509356291868e-10,1.679749579755395e-10,1.679848170458887e-10,1.679946707751076e-10,1.6800451916902918e-10,1.6801436222975114e-10,1.680241999593413e-10,1.680340323591873e-10,1.6804385943297534e-10,1.6805368118321048e-10,1.6806349761112265e-10,1.6807330872226246e-10,1.680831145178656e-10,1.6809291500057256e-10,1.6810271017302307e-10,1.6811250003785522e-10,1.681222845978088e-10,1.6813206385540988e-10,1.6814183781329222e-10,1.6815160647414431e-10,1.6816136984055248e-10,1.68171127915451e-10,1.6818088069859009e-10,1.6819062819700929e-10,1.6820037041217305e-10,1.6821010734581847e-10,1.682198390002952e-10,1.6822956537944408e-10,1.6823928648516546e-10,1.6824900231987461e-10,1.682587128863742e-10,1.6826841818733618e-10,1.6827811822526653e-10,1.6828781300275766e-10,1.6829750252294035e-10,1.6830718678778087e-10,1.683168658001358e-10,1.6832653956261754e-10,1.6833620807783722e-10,1.68345871348275e-10,1.6835552937667442e-10,1.6836518216563744e-10,1.6837482971777052e-10,1.6838447203567856e-10,1.6839410912196384e-10,1.6840374097922804e-10,1.68413367610197e-10,1.6842298901736636e-10,1.6843260520323627e-10,1.684422161706046e-10,1.68451821921957e-10,1.6846142246012295e-10,1.684710177871862e-10,1.6848060790668005e-10,1.6849019281981673e-10,1.6849977252990491e-10,1.685093470393427e-10,1.6851891635058432e-10,1.6852848046653802e-10,1.6853803938979028e-10,1.685475931229269e-10,1.6855714166853058e-10,1.6856668502918537e-10,1.6857622320908766e-10,1.6858575620806587e-10,1.6859528402991556e-10,1.6860480667714138e-10,1.6861432415232845e-10,1.6862383645801533e-10,1.6863334359677647e-10,1.6864284557125693e-10,1.6865234238320833e-10,1.6866183403676262e-10,1.6867132053371434e-10,1.6868080187654434e-10,1.6869027806851615e-10,1.6869974911103778e-10,1.6870921500723558e-10,1.687186757596389e-10,1.6872813137082185e-10,1.687375818433519e-10,1.6874702717978965e-10,1.6875646738267082e-10,1.687659024536083e-10,1.6877533239712551e-10,1.6878475721477808e-10,1.687941769094302e-10,1.6880359148297653e-10,1.6881300093836618e-10,1.6882240527812413e-10,1.6883180450476795e-10,1.6884119862015513e-10,1.6885058762816277e-10,1.6885997153080538e-10,1.6886935033054396e-10,1.6887872403004468e-10,1.6888809263160612e-10,1.688974561378531e-10,1.689068145514483e-10,1.6891616787507888e-10,1.6892551611077052e-10,1.6893485926087183e-10,1.6894419732902538e-10,1.689535303170322e-10,1.6896285822738354e-10,1.6897218106298536e-10,1.6898149882597065e-10,1.6899081151918548e-10,1.6900011914481147e-10,1.6900942170573774e-10,1.69018719204234e-10,1.69028011642947e-10,1.6903729902430124e-10,1.69046581350896e-10,1.690558586252539e-10,1.6906513084978907e-10,1.6907439802718902e-10,1.6908366016000513e-10,1.6909291725068438e-10,1.6910216930170345e-10,1.6911141631559858e-10,1.6912065829488408e-10,1.691298952420735e-10,1.6913912715968134e-10,1.6914835405038497e-10,1.6915757591640728e-10,1.6916679275906666e-10,1.691760045830542e-10,1.691852113901587e-10,1.6919441318319292e-10,1.692036099639897e-10,1.6921280173492282e-10,1.6922198849922637e-10,1.6923117025891305e-10,1.6924034701698954e-10,1.6924951877513788e-10,1.692586855362744e-10,1.692678473027565e-10,1.6927700407738834e-10,1.692861558625257e-10,1.6929530266066382e-10,1.6930444447409167e-10,1.6931358130642466e-10,1.6932271315839123e-10,1.6933184003334913e-10,1.6934096193352912e-10,1.6935007886151747e-10,1.6935919081991896e-10,1.6936829781109572e-10,1.6937739983766047e-10,1.6938649690196724e-10,1.6939558900659515e-10,1.6940467615384511e-10,1.6941375834646416e-10,1.694228355868012e-10,1.6943190787754984e-10,1.6944097522073758e-10,1.6945003761917763e-10,1.6945909507524666e-10,1.6946814759141597e-10,1.6947719517019182e-10,1.6948623781435866e-10,1.694952755256785e-10,1.695043083074328e-10,1.6951333616111972e-10,1.6952235908959834e-10,1.6953137709544627e-10,1.6954039018233462e-10,1.695493983502594e-10,1.6955840160316406e-10,1.6956739994308815e-10,1.695763933728292e-10,1.6958538189465844e-10,1.6959436551105137e-10,1.6960334422451577e-10,1.6961231803749825e-10,1.696212869523861e-10,1.6963025097157154e-10,1.6963921009759472e-10,1.6964816433290435e-10,1.6965711367994796e-10,1.6966605814117275e-10,1.6967499771902427e-10,1.6968393241596204e-10,1.6969286223439747e-10,1.697017871767617e-10,1.6971070724537463e-10,1.6971962244300346e-10,1.69728532771728e-10,1.6973743823383983e-10,1.6974633883261038e-10,1.697552345699872e-10,1.6976412544839208e-10,1.697730114702545e-10,1.6978189263817412e-10,1.6979076895354602e-10,1.6979964041975903e-10,1.6980850703958755e-10,1.6981736881514133e-10,1.6982622574881415e-10,1.6983507784293843e-10,1.6984392509996135e-10,1.698527675223811e-10,1.698616051125263e-10,1.6987043787281846e-10,1.6987926580565308e-10,1.6988808891347502e-10,1.6989690719870427e-10,1.6990572066375663e-10,1.6991452931103737e-10,1.699233331429643e-10,1.699321321619516e-10,1.699409263704122e-10,1.6994971577075696e-10,1.6995850036539611e-10,1.6996728015673218e-10,1.6997605514717722e-10,1.6998482533913806e-10,1.6999359073502012e-10,1.7000235133722747e-10,1.7001110714816337e-10,1.700198581702301e-10,1.700286044058286e-10,1.7003734585726835e-10,1.7004608252703828e-10,1.700548144173263e-10,1.7006354153095036e-10,1.7007226387009715e-10,1.7008098143716168e-10,1.700896942345365e-10,1.7009840226461403e-10,1.70107105529785e-10,1.7011580403243332e-10,1.7012449777494608e-10,1.7013318675971023e-10,1.7014187098910926e-10,1.7015055046555257e-10,1.7015922519140677e-10,1.7016789516905372e-10,1.7017656040086597e-10,1.7018522088900077e-10,1.7019387663648862e-10,1.7020252764483457e-10,1.7021117391606698e-10,1.7021981545473632e-10,1.7022845226125543e-10,1.7023708433943097e-10,1.7024571169035175e-10,1.702543343167682e-10,1.7026295222118914e-10,1.7027156540594185e-10,1.7028017387314877e-10,1.702887776253978e-10,1.702973766651477e-10,1.7030597099482147e-10,1.7031456061654892e-10,1.703231455327456e-10,1.7033172574603342e-10,1.7034030125827253e-10,1.7034887207209273e-10,1.7035743818983475e-10,1.7036599961396026e-10,1.7037455634759137e-10,1.7038310839130673e-10,1.7039165574809847e-10,1.7040019842096465e-10,1.704087364121619e-10,1.704172697235649e-10,1.704257983577468e-10,1.7043432231700505e-10,1.7044284160398837e-10,1.7045135622059803e-10,1.7045986616939536e-10,1.7046837145396724e-10,1.7047687207463236e-10,1.704853680339324e-10,1.7049385933482602e-10,1.7050234597962406e-10,1.70510827970542e-10,1.7051930531026589e-10,1.7052777800085388e-10,1.7053624604435981e-10,1.7054470944448326e-10,1.705531682016621e-10,1.7056162231897775e-10,1.7057007179893217e-10,1.705785166437902e-10,1.7058695685583865e-10,1.7059539243749426e-10,1.7060382339100399e-10,1.7061224971863864e-10,1.706206714224094e-10,1.7062908850553389e-10,1.7063750096974945e-10,1.7064590881747245e-10,1.7065431205102376e-10,1.7066271067293845e-10,1.706711046867606e-10,1.7067949409190716e-10,1.7068787889208522e-10,1.706962590898156e-10,1.7070463468716146e-10,1.7071300568689954e-10,1.707213720906628e-10,1.7072973390100362e-10,1.7073809112054212e-10,1.7074644375161976e-10,1.7075479179710129e-10,1.707631352568835e-10,1.7077147413546701e-10,1.7077980843425645e-10,1.7078813815613627e-10,1.7079646330292267e-10,1.7080478387720893e-10,1.7081309988119332e-10,1.7082141131718324e-10,1.708297181875036e-10,1.7083802049443203e-10,1.7084631824029e-10,1.7085461142735843e-10,1.7086290005796611e-10,1.7087118413434205e-10,1.708794636588451e-10,1.7088773863372467e-10,1.708960090612583e-10,1.7090427494375399e-10,1.7091253628349958e-10,1.7092079308278147e-10,1.7092904534388427e-10,1.7093729306909307e-10,1.7094553626069142e-10,1.7095377492093444e-10,1.7096200905211317e-10,1.7097023865659444e-10,1.7097846373652266e-10,1.7098668429430768e-10,1.7099490033207937e-10,1.7100311185220835e-10,1.7101131885696497e-10,1.7101952134862033e-10,1.7102771932944643e-10,1.710359128017142e-10,1.7104410176769427e-10,1.7105228622965572e-10,1.710604661898671e-10,1.7106864165059595e-10,1.7107681261410865e-10,1.7108497908267073e-10,1.7109314105854665e-10,1.7110129854399956e-10,1.7110945154129207e-10,1.7111760005268531e-10,1.711257440805915e-10,1.711338836271176e-10,1.7114201869430964e-10,1.7115014928471947e-10,1.711582754003295e-10,1.7116639704349566e-10,1.7117451421707977e-10,1.7118262692243698e-10,1.7119073516232489e-10,1.711988389404572e-10,1.7120693825604466e-10,1.7121503311273285e-10,1.7122312351280427e-10,1.7123120945846765e-10,1.7123929095111094e-10,1.7124736799498515e-10,1.7125544059092562e-10,1.7126350874134524e-10,1.7127157245015673e-10,1.7127963171680918e-10,1.7128768654462753e-10,1.7129573693623831e-10,1.7130378289365178e-10,1.7131182441929774e-10,1.7131986151508625e-10,1.7132789418340774e-10,1.7133592242644222e-10,1.7134394624649942e-10,1.7135196564608674e-10,1.7135998062679324e-10,1.7136799119092343e-10,1.713759973413448e-10,1.713839990797472e-10,1.7139199640846324e-10,1.713999893299302e-10,1.7140797784618534e-10,1.7141596195829288e-10,1.7142394167083676e-10,1.7143191698428508e-10,1.7143988790189464e-10,1.71447854425263e-10,1.7145581655676083e-10,1.7146377429860415e-10,1.7147172765300786e-10,1.714796766221858e-10,1.7148762120835083e-10,1.7149556141371492e-10,1.7150349724048888e-10,1.7151142869088232e-10,1.7151935576710444e-10,1.7152727847136284e-10,1.715351968058644e-10,1.7154311077281485e-10,1.7155102037441887e-10,1.715589256128802e-10,1.7156682649040165e-10,1.715747230093813e-10,1.7158261517182434e-10,1.7159050297995045e-10,1.715983864359483e-10,1.7160626554198864e-10,1.7161414030027122e-10,1.7162201071300558e-10,1.7162987678238626e-10,1.71637738510611e-10,1.7164559589986791e-10,1.7165344895234875e-10,1.7166129767024374e-10,1.716691420557466e-10,1.716769821111575e-10,1.71684817838434e-10,1.7169264923986795e-10,1.7170047631765266e-10,1.7170829907402644e-10,1.7171611751150296e-10,1.71723931631906e-10,1.7173174143732905e-10,1.7173954693002106e-10,1.7174734811211337e-10,1.7175514498580728e-10,1.717629375540009e-10,1.717707258175603e-10,1.7177850977926668e-10,1.717862894408481e-10,1.7179406480492325e-10,1.7180183587366653e-10,1.7180960264923862e-10,1.7181736513384623e-10,1.7182512332954245e-10,1.7183287723791988e-10,1.718406268624916e-10,1.7184837220473198e-10,1.7185611326685008e-10,1.7186385005088024e-10,1.7187158255913632e-10,1.7187931079375446e-10,1.71887034756839e-10,1.7189475445058894e-10,1.7190246987598413e-10,1.7191018103716347e-10,1.7191788793475304e-10,1.7192559057340568e-10,1.7193328895195267e-10,1.7194098307364488e-10,1.7194867294202148e-10,1.7195635855856332e-10,1.7196403992581524e-10,1.719717170446012e-10,1.7197938991779888e-10,1.719870585475772e-10,1.719947229358518e-10,1.7200238308492435e-10,1.7201003899690656e-10,1.7201769067403372e-10,1.7202533811904195e-10,1.7203298133277244e-10,1.7204062031802453e-10,1.7204825507598452e-10,1.720558856106147e-10,1.720635119230132e-10,1.72071134015456e-10,1.7207875189007353e-10,1.7208636554900327e-10,1.7209397499441255e-10,1.7210158022838833e-10,1.7210918125309023e-10,1.721167780706311e-10,1.721243706831401e-10,1.7213195909274561e-10,1.7213954330157492e-10,1.7214712331175434e-10,1.7215469912540914e-10,1.7216227074466356e-10,1.7216983817164094e-10,1.721774014084635e-10,1.721849604572526e-10,1.7219251532012832e-10,1.7220006599921008e-10,1.7220761249661624e-10,1.7221515481446396e-10,1.7222269295486928e-10,1.7223022691994788e-10,1.7223775671181385e-10,1.722452823325803e-10,1.7225280378435964e-10,1.722603210692631e-10,1.7226783418940104e-10,1.722753431468826e-10,1.7228284794381612e-10,1.7229034858230879e-10,1.7229784506446692e-10,1.7230533739239586e-10,1.7231282556819987e-10,1.7232030959398232e-10,1.7232778947184527e-10,1.723352652038902e-10,1.7234273679221737e-10,1.7235020423892615e-10,1.723576675461148e-10,1.7236512671588078e-10,1.7237258175026843e-10,1.7238003265142745e-10,1.7238747942144274e-10,1.723949220624137e-10,1.724023605764327e-10,1.724097949655911e-10,1.724172252319791e-10,1.7242465137756836e-10,1.7243207340468774e-10,1.724394913152212e-10,1.7244690511140174e-10,1.724543147952664e-10,1.7246172036890493e-10,1.7246912183484928e-10,1.7247651919419235e-10,1.7248391244957994e-10,1.7249130160298273e-10,1.7249868665650823e-10,1.7250606761234032e-10,1.7251344447248534e-10,1.7252081723932322e-10,1.725281859143285e-10,1.725355504997431e-10,1.7254291099789608e-10,1.7255026741074345e-10,1.725576197405509e-10,1.725649679892735e-10,1.7257231215854994e-10,1.725796522502018e-10,1.7258698826750234e-10,1.7259432021308005e-10,1.7260164808651495e-10,1.7260897189118355e-10,1.726162916291497e-10,1.7262360730268437e-10,1.7263091891363544e-10,1.7263822646412203e-10,1.7264552995610895e-10,1.726528293917096e-10,1.7266012477221797e-10,1.7266741610105856e-10,1.7267470337981142e-10,1.726819866104971e-10,1.7268926579517917e-10,1.7269654093554588e-10,1.7270381203373652e-10,1.7271107909204915e-10,1.727183421125307e-10,1.727256010966508e-10,1.7273285604686467e-10,1.7274010696539622e-10,1.7274735385470175e-10,1.7275459671622402e-10,1.7276183555210652e-10,1.727690703643951e-10,1.7277630115513214e-10,1.727835279263587e-10,1.7279075068011515e-10,1.7279796941844066e-10,1.7280518414341831e-10,1.728123948570367e-10,1.7281960156106503e-10,1.728268042577686e-10,1.728340029488217e-10,1.7284119763658725e-10,1.7284838832526634e-10,1.7285557501479508e-10,1.7286275770720395e-10,1.728699364031561e-10,1.7287711110607552e-10,1.7288428181803782e-10,1.7289144854129176e-10,1.7289861127747238e-10,1.7290577002848368e-10,1.729129247966248e-10,1.7292007558364032e-10,1.729272223919536e-10,1.7293436522330063e-10,1.7294150407975636e-10,1.7294863896342133e-10,1.729557698762717e-10,1.7296289682030285e-10,1.7297001979755435e-10,1.7297713881004132e-10,1.7298425385977786e-10,1.7299136494877717e-10,1.729984720790515e-10,1.7300557525261193e-10,1.7301267447146884e-10,1.730197697376315e-10,1.7302686105361318e-10,1.7303394842085582e-10,1.7304103184137362e-10,1.730481113171808e-10,1.7305518685028598e-10,1.7306225844269902e-10,1.7306932609611305e-10,1.7307638981292484e-10,1.730834495950747e-10,1.7309050544459275e-10,1.730975573634384e-10,1.7310460535362526e-10,1.7311164941716988e-10,1.7311868955604906e-10,1.7312572577224748e-10,1.731327580677665e-10,1.7313978644460676e-10,1.7314681090476273e-10,1.7315383145021875e-10,1.7316084808296652e-10,1.731678608049925e-10,1.73174869618287e-10,1.7318187452483702e-10,1.7318887552662878e-10,1.7319587262564783e-10,1.7320286582387864e-10,1.7320985512330486e-10,1.7321684052590898e-10,1.7322382203367258e-10,1.7323079964857648e-10,1.7323777337260032e-10,1.7324474320771934e-10,1.7325170915590984e-10,1.732586712191706e-10,1.7326562939945993e-10,1.7327258369875192e-10,1.7327953411906497e-10,1.73286480662284e-10,1.732934233303996e-10,1.7330036212541992e-10,1.7330729704914355e-10,1.7331422810335015e-10,1.7332115529067853e-10,1.7332807861298553e-10,1.733349980720304e-10,1.7334191366976533e-10,1.7334882540815057e-10,1.7335573328916965e-10,1.733626373147847e-10,1.7336953748695686e-10,1.7337643380756876e-10,1.733833262786546e-10,1.7339021490217365e-10,1.7339709968018628e-10,1.7340398061454806e-10,1.734108577072155e-10,1.7341773096014351e-10,1.7342460037528644e-10,1.7343146595459747e-10,1.73438327700029e-10,1.734451856135325e-10,1.734520396970584e-10,1.7345888995255626e-10,1.7346573638197468e-10,1.7347257898726133e-10,1.7347941777036294e-10,1.7348625273322525e-10,1.734930838777932e-10,1.734999112060108e-10,1.735067347198208e-10,1.7351355442116547e-10,1.7352037031198578e-10,1.7352718239422204e-10,1.7353399066981352e-10,1.7354079514069844e-10,1.7354759580881428e-10,1.7355439267609746e-10,1.7356118574448357e-10,1.735679750159071e-10,1.7357476049230175e-10,1.7358154217560032e-10,1.735883200677346e-10,1.7359509417063547e-10,1.73601864486227e-10,1.7360863101644427e-10,1.7361539376321932e-10,1.7362215272847232e-10,1.7362890791413324e-10,1.7363565932212656e-10,1.7364240695437658e-10,1.7364915081263638e-10,1.7365589089898226e-10,1.736626272153318e-10,1.7366935976360292e-10,1.7367608854571008e-10,1.736828135635643e-10,1.736895348190748e-10,1.736962523141422e-10,1.7370296605065737e-10,1.7370967603049366e-10,1.7371638225601407e-10,1.7372308472876185e-10,1.7372978345075162e-10,1.7373647842377947e-10,1.7374316964987768e-10,1.7374985713054943e-10,1.7375654086820375e-10,1.73763220864689e-10,1.737698971218833e-10,1.7377656964167584e-10,1.737832384259615e-10,1.737899034766359e-10,1.7379656479559606e-10,1.7380322238474227e-10,1.7380987624597187e-10,1.738165263811829e-10,1.738231727922726e-10,1.7382981548113838e-10,1.7383645444967588e-10,1.7384308969978134e-10,1.7384972123334934e-10,1.7385634905227444e-10,1.7386297315844959e-10,1.7386959355376762e-10,1.738762102401201e-10,1.7388282321939782e-10,1.7388943249349072e-10,1.7389603806428777e-10,1.7390263993367745e-10,1.739092381035468e-10,1.7391583257578238e-10,1.739224233522697e-10,1.7392901043489364e-10,1.7393559382553778e-10,1.7394217352608504e-10,1.739487495384174e-10,1.7395532186441614e-10,1.739618905059612e-10,1.739684554649321e-10,1.7397501674314991e-10,1.7398157434254756e-10,1.7398812826500175e-10,1.7399467851238786e-10,1.7400122508658086e-10,1.7400776798945425e-10,1.7401430722288088e-10,1.7402084278774025e-10,1.7402737468653643e-10,1.7403390292211493e-10,1.7404042749571284e-10,1.7404694840996398e-10,1.7405346566598277e-10,1.74059979265633e-10,1.7406648921077535e-10,1.7407299550347403e-10,1.740794981453997e-10,1.7408599713834412e-10,1.7409249248425858e-10,1.7409898418500296e-10,1.7410547224243677e-10,1.7411195665841865e-10,1.741184374348071e-10,1.7412491457342788e-10,1.741313880761551e-10,1.741378579448179e-10,1.7414432418066637e-10,1.7415078678693103e-10,1.741572457647049e-10,1.7416370111586369e-10,1.7417015284225863e-10,1.741766009457402e-10,1.7418304542815756e-10,1.741894862913592e-10,1.741959235371924e-10,1.7420235716750305e-10,1.7420878718413582e-10,1.7421521358960097e-10,1.742216363844666e-10,1.7422805557108552e-10,1.7423447115146714e-10,1.7424088312736576e-10,1.742472915007324e-10,1.742536962732669e-10,1.7426009744676118e-10,1.7426649502324947e-10,1.7427288900435574e-10,1.7427927939217167e-10,1.742856661883989e-10,1.7429204939483276e-10,1.7429842901335248e-10,1.743048050458039e-10,1.743111774939963e-10,1.7431754635980763e-10,1.7432391164495855e-10,1.743302733513548e-10,1.7433663148091127e-10,1.7434298603526276e-10,1.743493370164294e-10,1.74355684426032e-10,1.743620282660018e-10,1.7436836853816156e-10,1.7437470524433355e-10,1.7438103838633948e-10,1.7438736796599997e-10,1.7439369398542224e-10,1.7440001644586617e-10,1.744063353493109e-10,1.7441265069774826e-10,1.744189624929637e-10,1.7442527073673222e-10,1.7443157543086796e-10,1.7443787657718294e-10,1.7444417417757361e-10,1.7445046823388846e-10,1.7445675874767722e-10,1.7446304572094842e-10,1.7446932915542154e-10,1.7447560905290466e-10,1.7448188541535512e-10,1.7448815824446836e-10,1.7449442754291742e-10,1.7450069331163877e-10,1.745069555524365e-10,1.745132142671148e-10,1.7451946945660347e-10,1.745257211237162e-10,1.7453196927012302e-10,1.7453821389762414e-10,1.7454445500801873e-10,1.7455069260310518e-10,1.7455692668468085e-10,1.7456315725454234e-10,1.7456938431448523e-10,1.7457560786630453e-10,1.7458182791179424e-10,1.7458804445274728e-10,1.7459425749095587e-10,1.7460046702821116e-10,1.7460667306630382e-10,1.7461287560702328e-10,1.7461907465215833e-10,1.7462527020349676e-10,1.746314622628254e-10,1.7463765083193037e-10,1.7464383591259689e-10,1.7465001750660942e-10,1.746561956157512e-10,1.7466237024180475e-10,1.7466854138655198e-10,1.7467470905177373e-10,1.7468087323924994e-10,1.746870339506755e-10,1.7469319118791362e-10,1.746993449527419e-10,1.7470549524693665e-10,1.7471164207227368e-10,1.747177854305277e-10,1.747239253234724e-10,1.7473006175288108e-10,1.7473619472052565e-10,1.7474232422817747e-10,1.7474845027760692e-10,1.7475457287058363e-10,1.7476069200887628e-10,1.7476680769425264e-10,1.7477291992847965e-10,1.7477902871332372e-10,1.747851340505497e-10,1.7479123594192214e-10,1.7479733438920477e-10,1.7480342939415985e-10,1.7480952095854943e-10,1.7481560908413444e-10,1.7482169377267488e-10,1.7482777502593012e-10,1.7483385284565839e-10,1.7483992723361724e-10,1.7484599819156327e-10,1.7485206572125235e-10,1.7485812982443944e-10,1.7486419050291426e-10,1.7487024775839414e-10,1.748763015926317e-10,1.7488235200737812e-10,1.7488839900438438e-10,1.7489444258540013e-10,1.7490048275217432e-10,1.7490651950645499e-10,1.749125528499894e-10,1.7491858278452394e-10,1.749246093118041e-10,1.749306324335745e-10,1.7493665215157911e-10,1.7494266846756085e-10,1.7494868138326174e-10,1.7495469090042312e-10,1.7496069702078533e-10,1.7496669974608812e-10,1.7497269907806996e-10,1.749786950184688e-10,1.749846875690217e-10,1.749906767314648e-10,1.7499666250753322e-10,1.7500264489896168e-10,1.7500862390748373e-10,1.7501459953483205e-10,1.750205717827386e-10,1.750265406529345e-10,1.750325061471499e-10,1.7503846826711424e-10,1.75044427014556e-10,1.750503823912029e-10,1.750563343987817e-10,1.7506228303901857e-10,1.7506822831363849e-10,1.750741702242809e-10,1.750801087728096e-10,1.7508604396085014e-10,1.7509197579077882e-10,1.7509790426382173e-10,1.7510382938089612e-10,1.751097511443783e-10,1.7511566955635107e-10,1.7512158461787768e-10,1.7512749633104181e-10,1.751334046974684e-10,1.7513930971891165e-10,1.7514521139708843e-10,1.7515110973369033e-10,1.751570047304522e-10,1.7516289638908553e-10,1.751687847116971e-10,1.751746696996032e-10,1.7518055135411214e-10,1.7518642967733032e-10,1.7519230467096872e-10,1.7519817633681332e-10,1.7520404467646537e-10,1.7520990969164792e-10,1.752157713839595e-10,1.7522162975521548e-10,1.7522748480711783e-10,1.7523333654137155e-10,1.7523918495967582e-10,1.752450300637241e-10,1.752508718552361e-10,1.752567103356367e-10,1.7526254550682823e-10,1.752683773704701e-10,1.7527420592872615e-10,1.7528003118294507e-10,1.7528585313479624e-10,1.752916717859579e-10,1.7529748713812852e-10,1.7530329919304982e-10,1.7530910795211745e-10,1.753149134173446e-10,1.753207155904826e-10,1.753265144731006e-10,1.753323100669155e-10,1.7533810237353467e-10,1.7534389139460335e-10,1.7534967713187516e-10,1.753554595870702e-10,1.7536123876182854e-10,1.753670146578021e-10,1.7537278727692006e-10,1.753785566204607e-10,1.7538432269028824e-10,1.7539008548857802e-10,1.7539584501596493e-10,1.7540160127477172e-10,1.7540735426674308e-10,1.7541310399333698e-10,1.7541885045610462e-10,1.7542459365701282e-10,1.7543033359762808e-10,1.7543607027934195e-10,1.7544180370410077e-10,1.754475338735738e-10,1.7545326078943028e-10,1.7545898445333744e-10,1.7546470486696124e-10,1.7547042203196556e-10,1.7547613595012464e-10,1.7548184662301059e-10,1.754875540522883e-10,1.7549325823962188e-10,1.7549895918667467e-10,1.7550465689510888e-10,1.755103513665859e-10,1.7551604260276637e-10,1.7552173060562813e-10,1.7552741537650444e-10,1.7553309691706955e-10,1.7553877522898109e-10,1.7554445031386755e-10,1.7555012217350722e-10,1.7555579080946127e-10,1.7556145622333416e-10,1.7556711841678175e-10,1.7557277739161218e-10,1.7557843314939688e-10,1.7558408569163621e-10,1.7558973502010643e-10,1.755953811364485e-10,1.7560102404230046e-10,1.7560666373930727e-10,1.756123002291534e-10,1.756179335135171e-10,1.7562356359399528e-10,1.7562919047221761e-10,1.7563481414985095e-10,1.756404346285717e-10,1.7564605190994064e-10,1.7565166599564353e-10,1.756572768873343e-10,1.756628845866579e-10,1.7566848909553354e-10,1.756740904149832e-10,1.7567968854696732e-10,1.7568528349311342e-10,1.7569087525506115e-10,1.7569646383444538e-10,1.7570204923307632e-10,1.7570763145235247e-10,1.7571321049396976e-10,1.7571878635944e-10,1.75724359050513e-10,1.7572992856882112e-10,1.7573549491608374e-10,1.7574105809374446e-10,1.7574661810351885e-10,1.7575217494647954e-10,1.7575772862535627e-10,1.757632791412297e-10,1.7576882649572444e-10,1.757743706904647e-10,1.757799117270734e-10,1.7578544960717316e-10,1.7579098433238557e-10,1.7579651590433197e-10,1.7580204432468601e-10,1.758075695949602e-10,1.7581309171682099e-10,1.7581861069188996e-10,1.7582412652178885e-10,1.7582963920829613e-10,1.7583514875267472e-10,1.7584065515696014e-10,1.7584615842230516e-10,1.7585165855083338e-10,1.7585715554360283e-10,1.7586264940246555e-10,1.758681401288058e-10,1.758736277247218e-10,1.7587911219158237e-10,1.7588459353091608e-10,1.7589007174437047e-10,1.758955468338442e-10,1.759010188005815e-10,1.759064876462587e-10,1.7591195337293598e-10,1.7591741598141732e-10,1.759228754730126e-10,1.759283318506731e-10,1.7593378511528038e-10,1.7593923526855542e-10,1.759446823119457e-10,1.7595012624705662e-10,1.7595556707554148e-10,1.75961004798915e-10,1.7596643941904743e-10,1.7597187093604711e-10,1.7597729935301995e-10,1.7598272467262142e-10,1.7598814689539035e-10,1.7599356602267698e-10,1.7599898205580127e-10,1.7600439499664568e-10,1.7600980484681262e-10,1.7601521160788985e-10,1.760206152814653e-10,1.7602601586912608e-10,1.7603141337245892e-10,1.7603680779269128e-10,1.7604219913213577e-10,1.760475873919977e-10,1.7605297257381228e-10,1.760583546793847e-10,1.7606373370998565e-10,1.76069109667276e-10,1.7607448255310407e-10,1.7607985236884278e-10,1.7608521911596878e-10,1.760905827955625e-10,1.7609594341041578e-10,1.7610130096149775e-10,1.7610665545038298e-10,1.7611200687853693e-10,1.7611735524755726e-10,1.7612270055872415e-10,1.7612804281415294e-10,1.761333820154869e-10,1.7613871816417436e-10,1.761440512617026e-10,1.7614938130975554e-10,1.7615470830960513e-10,1.7616003226298968e-10,1.7616535317214828e-10,1.7617067103755584e-10,1.761759858609017e-10,1.7618129764410613e-10,1.7618660638863947e-10,1.761919120960672e-10,1.761972147679534e-10,1.762025144066665e-10,1.7620781101291716e-10,1.7621310458827484e-10,1.7621839513430195e-10,1.762236826525625e-10,1.7622896714461578e-10,1.7623424861202403e-10,1.762395270563448e-10,1.7624480247913734e-10,1.762500748819578e-10,1.7625534426636223e-10,1.7626061063390516e-10,1.7626587398614065e-10,1.7627113432462085e-10,1.7627639165089778e-10,1.7628164596652252e-10,1.762868972730461e-10,1.762921455720165e-10,1.762973908649832e-10,1.7630263315349333e-10,1.7630787243909422e-10,1.7631310872293825e-10,1.763183420069728e-10,1.7632357229274194e-10,1.7632879958178876e-10,1.7633402387565573e-10,1.7633924517638288e-10,1.7634446348580222e-10,1.763496788045385e-10,1.7635489113416056e-10,1.7636010047622487e-10,1.7636530683228266e-10,1.7637051020265982e-10,1.763757105901281e-10,1.7638090799684216e-10,1.7638610242376694e-10,1.7639129387243725e-10,1.7639648234438714e-10,1.7640166784114975e-10,1.7640685036425828e-10,1.7641202991524597e-10,1.764172064956424e-10,1.7642238010698056e-10,1.7642755075079146e-10,1.7643271842860734e-10,1.7643788314204546e-10,1.764430448919358e-10,1.764482036803434e-10,1.7645335950877447e-10,1.7645851237870781e-10,1.7646366229233246e-10,1.764688092503898e-10,1.7647395325461892e-10,1.764790943067375e-10,1.76484232407896e-10,1.764893675599239e-10,1.764944997644334e-10,1.7649962902258883e-10,1.765047553359022e-10,1.7650987870602707e-10,1.765149991351841e-10,1.7652011662275656e-10,1.7652523117244995e-10,1.7653034278503774e-10,1.765354514620533e-10,1.765405572046971e-10
18,1.5016685497742008e-42,4.04687249511035e-42,7.27114434024419e-42,1.0935274517804343e-41,1.488422171927079e-41,1.901758905729061e-41,2.327036893881664e-41,2.7600468759070224e-41,3.1980633444302067e-41,3.639321526209852e-41,4.082678725899946e-41,4.5273950452430814e-41,4.97299139815779e-41,5.419157575138985e-41,5.865692714711086e-41,6.312466758537209e-41,6.759395493500822e-41,7.206424391383258e-41,7.653518145022241e-41,8.100653892935537e-41,8.547816832231638e-41,8.994997378173271e-41,9.44218932415752e-41,9.88938865193126e-41,1.033659275937857e-40,1.078379996167412e-40,1.1231009167892014e-40,1.1678219671655325e-40,1.212543101558221e-40,1.2572642903517645e-40,1.3019855143700075e-40,1.3467067611963636e-40,1.3914280227908866e-40,1.4361492939479707e-40,1.480870571296819e-40,1.5255918526548517e-40,1.5703131366087892e-40,1.6150344222436452e-40,1.6597557089668545e-40,1.7044769963948404e-40,1.7491982842790263e-40,1.793919572458819e-40,1.8386408608298626e-40,1.883362149324733e-40,1.9280834378999137e-40,1.972804726526964e-40,2.017526015187664e-40,2.0622473038700964e-40,2.106968592566659e-40,2.1516898812723287e-40,2.196411169983951e-40,2.2411324586994e-40,2.285853747417331e-40,2.33057503613676e-40,2.3752963248573104e-40,2.4200176135785246e-40,2.4647389023001635e-40,2.5094601910221115e-40,2.5541814797441488e-40,2.5989027684664222e-40,2.643624057188687e-40,2.6883453459110404e-40,2.733066634633368e-40,2.7777879233558198e-40,2.822509212078207e-40,2.8672305008007215e-40,2.9119517895231686e-40,2.9566730782455375e-40,3.0013943669679997e-40,3.046115655690535e-40,3.090836944413055e-40,3.1355582331354493e-40,3.180279521857769e-40,3.225000810580349e-40,3.269722099302817e-40,3.3144433880252617e-40,3.3591646767476693e-40,3.4038859654701523e-40,3.4486072541925705e-40,3.493328542915076e-40,3.538049831637456e-40,3.5827711203599157e-40,3.6274924090823286e-40,3.6722136978048003e-40,3.716934986527233e-40,3.761656275249609e-40,3.806377563972039e-40,3.8510988526944385e-40,3.89582014141684e-40,3.94054143013933e-40,3.985262718861614e-40,4.0299840075841904e-40,4.074705296306531e-40,4.1194265850289314e-40,4.164147873751666e-40,4.208869162473985e-40,4.253590451196455e-40,4.298311739918964e-40,4.343033028641427e-40,4.387754317363754e-40,4.432475606086322e-40,4.4771968948086605e-40,4.521918183531212e-40,4.566639472253559e-40,4.611360760976073e-40,4.656082049698304e-40,4.700803338420944e-40,4.745524627143371e-40,4.790245915865819e-40,4.834967204588295e-40,4.8796884933104746e-40,4.92440978203307e-40,4.969131070755488e-40,5.01385235947795e-40,5.058573648200399e-40,5.103294936922763e-40,5.148016225645503e-40,5.192737514367756e-40,5.237458803090115e-40,5.28218009181252e-40,5.326901380534891e-40,5.371622669257296e-40,5.416343957979801e-40,5.461065246702124e-40,5.505786535424487e-40,5.5505078241469725e-40,5.595229112869293e-40,5.639950401591775e-40,5.684671690314103e-40,5.729392979036339e-40,5.774114267758885e-40,5.818835556481341e-40,5.8635568452037674e-40,5.9082781339261926e-40,5.952999422648586e-40,5.997720711370987e-40,6.042442000093394e-40,6.087163288815857e-40,6.131884577538291e-40,6.176605866260835e-40,6.221327154983108e-40,6.2660484437056166e-40,6.3107697324280605e-40,6.3554910211504685e-40,6.4002123098728365e-40,6.444933598595325e-40,6.489654887317612e-40,6.534376176040152e-40,6.579097464762491e-40,6.6238187534850234e-40,6.668540042207294e-40,6.713261330929549e-40,6.7579826196521325e-40,6.8027039083743986e-40,6.8474251970968645e-40,6.892146485819355e-40,6.936867774541728e-40,6.981589063264124e-40,7.026310351986549e-40,7.0710316407087725e-40,7.115752929431267e-40,7.160474218153684e-40,7.205195506876168e-40,7.249916795598495e-40,7.294638084320947e-40,7.339359373043487e-40,7.384080661765798e-40,7.428801950488325e-40,7.473523239210683e-40,7.518244527933234e-40,7.562965816655438e-40,7.607687105377888e-40,7.652408394100302e-40,7.697129682822673e-40,7.741850971545157e-40,7.786572260267554e-40,7.831293548989883e-40,7.876014837712286e-40,7.920736126434615e-40,7.965457415156901e-40,8.010178703879442e-40,8.054899992601715e-40,8.099621281324095e-40,8.144342570046427e-40,8.189063858768855e-40,8.233785147491101e-40,8.278506436213521e-40,8.323227724935935e-40,8.367949013658311e-40,8.412670302380655e-40,8.457391591103083e-40,8.5021128798255e-40,8.54683416854789e-40,8.591555457270238e-40,8.636276745992608e-40,8.680998034714826e-40,8.725719323436996e-40,8.770440612159534e-40,8.815161900881917e-40,8.859883189604348e-40,8.904604478326655e-40,8.949325767049151e-40,8.994047055771537e-40,9.038768344493919e-40,9.083489633216313e-40,9.128210921938845e-40,9.172932210661078e-40,9.21765349938366e-40,9.262374788106041e-40,9.307096076828332e-40,9.351817365550713e-40,9.396538654273308e-40,9.44125994299562e-40,9.485981231718036e-40,9.530702520440594e-40,9.575423809163133e-40,9.620145097885158e-40,9.66486638660767e-40,9.709587675330002e-40,9.754308964052401e-40,9.799030252774694e-40,9.843751541497501e-40,9.888472830219425e-40,9.933194118941901e-40,9.97791540766411e-40,1.0022636696386802e-39,1.0067357985109245e-39,1.0112079273831605e-39,1.0156800562553795e-39,1.020152185127598e-39,1.0246243139998362e-39,1.0290964428720795e-39,1.03356857174431e-39,1.0380407006165438e-39,1.0425128294887923e-39,1.046984958361008e-39,1.0514570872332185e-39,1.055929216105463e-39,1.0604013449777208e-39,1.0648734738499393e-39,1.0693456027221987e-39,1.0738177315944262e-39,1.0782898604666679e-39,1.0827619893389026e-39,1.0872341182111607e-39,1.0917062470833894e-39,1.0961783759556319e-39,1.1006505048278676e-39,1.1051226337001013e-39,1.1095947625723516e-39,1.1140668914445887e-39,1.1185390203168113e-39,1.1230111491890529e-39,1.127483278061287e-39,1.1319554069335053e-39,1.1364275358057439e-39,1.14089966467798e-39,1.1453717935502195e-39,1.1498439224224773e-39,1.1543160512947035e-39,1.1587881801669232e-39,1.1632603090391466e-39,1.1677324379113728e-39,1.1722045667835897e-39,1.1766766956558534e-39,1.181148824528104e-39,1.1856209534003283e-39,1.1900930822725456e-39,1.1945652111447964e-39,1.1990373400170317e-39,1.2035094688892607e-39,1.2079815977615119e-39,1.2124537266337467e-39,1.2169258555059824e-39,1.2213979843782272e-39,1.2258701132504527e-39,1.2303422421227042e-39,1.2348143709949267e-39,1.2392864998671367e-39,1.2437586287393693e-39,1.2482307576115935e-39,1.2527028864838072e-39,1.2571750153560438e-39,1.2616471442282491e-39,1.266119273100508e-39,1.2705914019727084e-39,1.2750635308449188e-39,1.279535659717152e-39,1.2840077885893646e-39,1.288479917461614e-39,1.2929520463338425e-39,1.297424175206078e-39,1.3018963040783156e-39,1.3063684329505147e-39,1.3108405618227607e-39,1.3153126906949844e-39,1.3197848195672183e-39,1.3242569484394243e-39,1.3287290773116825e-39,1.3332012061839095e-39,1.337673335056158e-39,1.3421454639283676e-39,1.3466175928005747e-39,1.351089721672784e-39,1.3555618505450163e-39,1.3600339794172541e-39,1.364506108289456e-39,1.368978237161663e-39,1.3734503660338684e-39,1.3779224949061261e-39,1.3823946237783023e-39,1.386866752650544e-39,1.3913388815227547e-39,1.3958110103949809e-39,1.400283139267208e-39,1.4047552681394244e-39,1.4092273970116136e-39,1.413699525883862e-39,1.418171654756076e-39,1.4226437836282855e-39,1.4271159125004998e-39,1.4315880413727255e-39,1.4360601702449372e-39,1.4405322991171717e-39,1.445004427989399e-39,1.449476556861613e-39,1.4539486857338885e-39,1.4584208146060795e-39,1.4628929434783292e-39,1.4673650723505516e-39,1.4718372012227902e-39,1.476309330095016e-39,1.480781458967252e-39,1.4852535878394785e-39,1.4897257167117156e-39,1.4941978455839563e-39,1.4986699744561722e-39,1.503142103328446e-39,1.507614232200641e-39,1.5120863610728967e-39,1.51655848994511e-39,1.5210306188173458e-39,1.5255027476896022e-39,1.5299748765618527e-39,1.5344470054340993e-39,1.5389191343063322e-39,1.5433912631785328e-39,1.5478633920507575e-39,1.5523355209229757e-39,1.5568076497952125e-39,1.5612797786674715e-39,1.5657519075396868e-39,1.5702240364119043e-39,1.574696165284145e-39,1.5791682941563864e-39,1.5836404230286125e-39,1.588112551900873e-39,1.5925846807730737e-39,1.597056809645311e-39,1.601528938517561e-39,1.606001067389758e-39,1.6104731962619697e-39,1.6149453251341553e-39,1.6194174540063966e-39,1.6238895828786282e-39,1.6283617117508402e-39,1.632833840623036e-39,1.6373059694952952e-39,1.6417780983674815e-39,1.6462502272397362e-39,1.6507223561119662e-39,1.655194484984173e-39,1.6596666138563833e-39,1.66413874272861e-39,1.6686108716007992e-39,1.673083000472999e-39,1.6775551293452337e-39,1.6820272582174192e-39,1.6864993870896815e-39,1.6909715159618814e-39,1.6954436448340843e-39,1.699915773706322e-39,1.704387902578565e-39,1.7088600314508156e-39,1.7133321603230185e-39,1.7178042891952602e-39,1.7222764180674888e-39,1.726748546939693e-39,1.7312206758119305e-39,1.735692804684113e-39,1.740164933556313e-39,1.744637062428519e-39,1.749109191300741e-39,1.753581320172979e-39,1.758053449045201e-39,1.762525577917444e-39,1.766997706789676e-39,1.7714698356619276e-39,1.775941964534149e-39,1.7804140934063405e-39,1.784886222278598e-39,1.789358351150819e-39,1.793830480023033e-39,1.7983026088952414e-39,1.8027747377675033e-39,1.807246866639721e-39,1.8117189955119646e-39,1.8161911243842037e-39,1.8206632532564215e-39,1.8251353821286838e-39,1.8296075110009317e-39,1.8340796398731228e-39,1.838551768745343e-39,1.8430238976175465e-39,1.8474960264897885e-39,1.8519681553620514e-39,1.8564402842342768e-39,1.860912413106511e-39,1.8653845419787038e-39,1.8698566708509014e-39,1.8743287997231255e-39,1.878800928595386e-39,1.8832730574676366e-39,1.8877451863398366e-39,1.8922173152120342e-39,1.8966894440842717e-39,1.9011615729564984e-39,1.9056337018287225e-39,1.910105830700927e-39,1.9145779595731928e-39,1.9190500884453947e-39,1.9235222173176406e-39,1.9279943461898964e-39,1.9324664750620855e-39,1.9369386039343383e-39,1.941410732806569e-39,1.9458828616788035e-39,1.950354990550992e-39,1.954827119423174e-39,1.9592992482953847e-39,1.9637713771676368e-39,1.9682435060398965e-39,1.9727156349121032e-39,1.9771877637842405e-39,1.9816598926564193e-39,1.986132021528659e-39,1.9906041504008925e-39,1.9950762792731287e-39,1.999548408145336e-39,2.0040205370175344e-39,2.0084926658897644e-39,2.0129647947620077e-39,2.0174369236341995e-39,2.0219090525064474e-39,2.0263811813786836e-39,2.030853310250886e-39,2.035325439123106e-39,2.039797567995387e-39,2.044269696867583e-39,2.048741825739811e-39,2.053213954612047e-39,2.057686083484279e-39,2.0621582123565128e-39,2.0666303412287414e-39,2.0711024701009446e-39,2.0755745989731912e-39,2.0800467278454104e-39,2.0845188567176253e-39,2.088990985589868e-39,2.093463114462089e-39,2.097935243334331e-39,2.1024073722065833e-39,2.1068795010788155e-39,2.1113516299510285e-39,2.115823758823219e-39,2.1202958876954676e-39,2.124768016567729e-39,2.129240145439926e-39,2.1337122743121447e-39,2.1381844031843916e-39,2.1426565320566274e-39,2.1471286609288257e-39,2.151600789801078e-39,2.1560729186732873e-39,2.160545047545542e-39,2.1650171764177557e-39,2.169489305289983e-39,2.173961434162202e-39,2.1784335630344563e-39,2.1829056919066425e-39,2.187377820778877e-39,2.191849949651056e-39,2.196322078523337e-39,2.2007942073955796e-39,2.205266336267777e-39,2.20973846514007e-39,2.2142105940122662e-39,2.218682722884487e-39,2.223154851756709e-39,2.227626980628913e-39,2.2320991095011547e-39,2.2365712383733586e-39,2.241043367245568e-39,2.245515496117819e-39,2.2499876249899998e-39,2.2544597538622435e-39,2.2589318827345038e-39,2.2634040116067576e-39,2.2678761404789917e-39,2.2723482693511884e-39,2.276820398223444e-39,2.2812925270956986e-39,2.2857646559679207e-39,2.2902367848401565e-39,2.2947089137123636e-39,2.2991810425845544e-39,2.3036531714568213e-39,2.308125300329022e-39,2.312597429201274e-39,2.317069558073479e-39,2.3215416869457655e-39,2.3260138158179456e-39,2.3304859446901305e-39,2.3349580735623543e-39,2.339430202434597e-39,2.3439023313068432e-39,2.3483744601790784e-39,2.3528465890513364e-39,2.357318717923538e-39,2.3617908467957666e-39,2.366262975667981e-39,2.3707351045402402e-39,2.375207233412436e-39,2.3796793622846923e-39,2.3841514911568935e-39,2.388623620029117e-39,2.3930957489013753e-39,2.3975678777736075e-39,2.402040006645826e-39,2.4065121355180276e-39,2.4109842643902468e-39,2.415456393262475e-39,2.419928522134727e-39,2.4244006510069827e-39,2.428872779879175e-39,2.4333449087514955e-39,2.4378170376236556e-39,2.4422891664958617e-39,2.4467612953681106e-39,2.4512334242403177e-39,2.4557055531125255e-39,2.4601776819847642e-39,2.4646498108569554e-39,2.4691219397292127e-39,2.4735940686014783e-39,2.478066197473636e-39,2.4825383263458716e-39,2.487010455218143e-39,2.4914825840903984e-39,2.4959547129626326e-39,2.5004268418348443e-39,2.5048989707070374e-39,2.509371099579301e-39,2.5138432284515423e-39,2.5183153573238114e-39,2.5227874861960443e-39,2.5272596150682348e-39,2.5317317439404712e-39,2.5362038728127234e-39,2.5406760016849158e-39,2.5451481305571435e-39,2.5496202594293705e-39,2.5540923883015492e-39,2.558564517173802e-39,2.5630366460460062e-39,2.5675087749182332e-39,2.5719809037904726e-39,2.5764530326626752e-39,2.580925161534874e-39,2.585397290407123e-39,2.5898694192793755e-39,2.5943415481515865e-39,2.5988136770238207e-39,2.60328580589603e-39,2.6077579347682773e-39,2.612230063640555e-39,2.6167021925127545e-39,2.621174321385026e-39,2.625646450257237e-39,2.6301185791294875e-39,2.6345907080016828e-39,2.639062836873946e-39,2.6435349657462086e-39,2.6480070946184223e-39,2.6524792234906193e-39,2.6569513523628525e-39,2.6614234812350684e-39,2.6658956101072928e-39,2.6703677389795274e-39,2.6748398678517606e-39,2.679311996724003e-39,2.683784125596183e-39,2.6882562544684328e-39,2.692728383340673e-39,2.697200512212889e-39,2.70167264108511e-39,2.706144769957371e-39,2.7106168988295728e-39,2.7150890277018165e-39,2.7195611565740082e-39,2.7240332854462144e-39,2.7285054143184685e-39,2.7329775431906883e-39,2.7374496720629274e-39,2.7419218009351397e-39,2.746393929807417e-39,2.7508660586796133e-39,2.7553381875518224e-39,2.7598103164240582e-39,2.7642824452962928e-39,2.768754574168535e-39,2.7732267030407775e-39,2.7776988319130012e-39,2.7821709607852325e-39,2.7866430896574415e-39,2.7911152185296604e-39,2.795587347401848e-39,2.8000594762740838e-39,2.8045316051463584e-39,2.8090037340185427e-39,2.8134758628908552e-39,2.8179479917630297e-39,2.8224201206352763e-39,2.8268922495075082e-39,2.831364378379752e-39,2.8358365072519557e-39,2.8403086361242147e-39,2.8447807649964978e-39,2.8492528938687124e-39,2.8537250227408912e-39,2.8581971516131162e-39,2.8626692804853113e-39,2.8671414093575187e-39,2.8716135382297774e-39,2.8760856671020116e-39,2.8805577959742533e-39,2.8850299248464705e-39,2.8895020537187168e-39,2.8939741825909278e-39,2.898446311463116e-39,2.9029184403353792e-39,2.9073905692076258e-39,2.911862698079812e-39,2.9163348269520834e-39,2.920806955824326e-39,2.9252790846965378e-39,2.9297512135686992e-39,2.9342233424409546e-39,2.9386954713131846e-39,2.943167600185424e-39,2.947639729057611e-39,2.952111857929863e-39,2.956583986802065e-39,2.9610561156742665e-39,2.965528244546489e-39,2.970000373418756e-39,2.9744725022909714e-39,2.9789446311631994e-39,2.983416760035445e-39,2.9878888889076886e-39,2.992361017779929e-39,2.99683314665212e-39,3.001305275524386e-39,3.005777404396601e-39,3.01024953326887e-39,3.014721662141099e-39,3.019193791013243e-39,3.023665919885464e-39,3.028138048757687e-39,3.0326101776299516e-39,3.0370823065022214e-39,3.0415544353744663e-39,3.0460265642466924e-39,3.050498693118901e-39,3.054970821991078e-39,3.059442950863306e-39,3.063915079735599e-39,3.0683872086078056e-39,3.072859337479997e-39,3.077331466352229e-39,3.0818035952244485e-39,3.086275724096715e-39,3.0907478529689665e-39,3.095219981841216e-39,3.099692110713473e-39,3.104164239585723e-39,3.108636368457921e-39,3.113108497330158e-39,3.1175806262023664e-39,3.122052755074553e-39,3.126524883946753e-39,3.130997012818988e-39,3.135469141691157e-39,3.1399412705633844e-39,3.1444133994356254e-39,3.148885528307883e-39,3.153357657180125e-39,3.1578297860523805e-39,3.162301914924619e-39,3.166774043796858e-39,3.171246172669065e-39,3.175718301541282e-39,3.180190430413503e-39,3.1846625592857146e-39,3.189134688157959e-39,3.193606817030209e-39,3.1980789459024175e-39,3.2025510747746416e-39,3.207023203646872e-39,3.211495332519055e-39,3.215967461391318e-39,3.2204395902635464e-39,3.2249117191357724e-39,3.229383848008051e-39,3.233855976880253e-39,3.238328105752488e-39,3.242800234624686e-39,3.2472723634968785e-39,3.251744492369091e-39,3.2562166212413364e-39,3.260688750113527e-39,3.265160878985738e-39,3.269633007857989e-39,3.274105136730297e-39,3.278577265602521e-39,3.2830493944747585e-39,3.287521523346923e-39,3.2919936522191486e-39,3.296465781091403e-39,3.300937909963662e-39,3.3054100388359305e-39,3.3098821677081376e-39,3.3143542965803395e-39,3.3188264254525695e-39,3.323298554324804e-39,3.327770683197018e-39,3.3322428120693004e-39,3.336714940941517e-39,3.3411870698137264e-39,3.345659198685929e-39,3.350131327558182e-39,3.35460345643042e-39,3.3590755853025934e-39,3.363547714174843e-39,3.368019843047048e-39,3.3724919719193243e-39,3.376964100791528e-39,3.381436229663811e-39,3.385908358535983e-39,3.3903804874081574e-39,3.394852616280366e-39,3.399324745152588e-39,3.403796874024862e-39,3.408269002897082e-39,3.4127411317693104e-39,3.417213260641565e-39,3.421685389513738e-39,3.4261575183859604e-39,3.430629647258193e-39,3.435101776130435e-39,3.439573905002676e-39,3.4440460338749024e-39,3.448518162747182e-39,3.452990291619397e-39,3.4574624204915975e-39,3.4619345493638934e-39,3.466406678236016e-39,3.4708788071082606e-39,3.475350935980507e-39,3.4798230648527506e-39,3.484295193724973e-39,3.488767322597143e-39,3.493239451469386e-39,3.497711580341673e-39,3.5021837092139316e-39,3.506655838086119e-39,3.511127966958331e-39,3.515600095830558e-39,3.520072224702755e-39,3.524544353575041e-39,3.529016482447221e-39,3.533488611319454e-39,3.537960740191722e-39,3.542432869063897e-39,3.546904997936133e-39,3.5513771268083874e-39,3.555849255680612e-39,3.560321384552886e-39,3.564793513425069e-39,3.5692656422973796e-39,3.573737771169593e-39,3.578209900041811e-39,3.582682028913984e-39,3.5871541577862466e-39,3.591626286658467e-39,3.596098415530744e-39,3.600570544402969e-39,3.6050426732752225e-39,3.609514802147353e-39,3.6139869310196165e-39,3.618459059891841e-39,3.6229311887640836e-39,3.6274033176363325e-39,3.6318754465085057e-39,3.636347575380758e-39,3.640819704253026e-39,3.645291833125298e-39,3.649763961997511e-39,3.6542360908697324e-39,3.658708219741921e-39,3.663180348614139e-39,3.66765247748634e-39,3.67212460635863e-39,3.6765967352308e-39,3.6810688641030156e-39,3.6855409929752886e-39,3.6900131218475146e-39,3.694485250719758e-39,3.6989573795919556e-39,3.7034295084642045e-39,3.707901637336501e-39,3.712373766208652e-39,3.716845895080846e-39,3.721318023953089e-39,3.725790152825237e-39,3.730262281697421e-39,3.734734410569694e-39,3.73920653944196e-39,3.7436786683142056e-39,3.748150797186417e-39,3.752622926058639e-39,3.757095054930878e-39,3.761567183803179e-39,3.766039312675373e-39,3.770511441547595e-39,3.7749835704197735e-39,3.779455699291983e-39,3.7839278281642686e-39,3.788399957036504e-39,3.792872085908725e-39,3.797344214780957e-39,3.801816343653241e-39,3.806288472525448e-39,3.810760601397637e-39,3.8152327302698913e-39,3.8197048591420737e-39,3.824176988014337e-39,3.82864911688657e-39,3.833121245758821e-39,3.837593374631067e-39,3.8420655035033415e-39,3.846537632375599e-39,3.851009761247808e-39,3.8554818901199466e-39,3.859954018992161e-39,3.8644261478643876e-39,3.868898276736552e-39,3.873370405608854e-39,3.877842534481045e-39,3.882314663353257e-39,3.886786792225486e-39,3.891258921097726e-39,3.895731049969963e-39,3.900203178842228e-39,3.9046753077144395e-39,3.909147436586682e-39,3.913619565458933e-39,3.9180916943311163e-39,3.9225638232032895e-39,3.9270359520755436e-39,3.931508080947721e-39,3.935980209819957e-39,3.9404523386922185e-39,3.944924467564436e-39,3.949396596436716e-39,3.9538687253089325e-39,3.958340854181149e-39,3.962812983053422e-39,3.9672851119256125e-39,3.971757240797837e-39,3.976229369670057e-39,3.9807014985423396e-39,3.9851736274145695e-39,3.989645756286825e-39,3.99411788515902e-39,3.9985900140312124e-39,4.0030621429035155e-39,4.0075342717757506e-39,4.0120064006478736e-39,4.0164785295200996e-39,4.020950658392375e-39,4.0254227872646006e-39,4.029894916136884e-39,4.03436704500909e-39,4.038839173881248e-39,4.043311302753468e-39,4.0477834316256864e-39,4.052255560497885e-39,4.056727689370097e-39,4.061199818242321e-39,4.0656719471145645e-39,4.0701440759867997e-39,4.074616204858965e-39,4.0790883337312407e-39,4.0835604626035365e-39,4.0880325914758304e-39,4.092504720348037e-39,4.096976849220274e-39,4.101448978092482e-39,4.1059211069646745e-39,4.110393235836896e-39,4.11486536470922e-39,4.119337493581463e-39,4.123809622453667e-39,4.1282817513259026e-39,4.1327538801980784e-39,4.137226009070365e-39,4.141698137942509e-39,4.146170266814715e-39,4.150642395686985e-39,4.155114524559221e-39,4.1595866534314085e-39,4.1640587823036874e-39,4.1685309111759115e-39,4.17300304004817e-39,4.1774751689203864e-39,4.181947297792658e-39,4.1864194266648763e-39,4.190891555537068e-39,4.195363684409311e-39,4.199835813281566e-39,4.204307942153756e-39,4.2087800710259276e-39,4.213252199898178e-39,4.217724328770435e-39,4.222196457642599e-39,4.226668586514824e-39,4.231140715387078e-39,4.235612844259362e-39,4.240084973131558e-39,4.244557102003767e-39,4.249029230875977e-39,4.2535013597482075e-39,4.2579734886203996e-39,4.2624456174926655e-39,4.266917746364917e-39,4.271389875237165e-39,4.275862004109454e-39,4.280334132981653e-39,4.284806261853897e-39,4.2892783907260596e-39,4.293750519598224e-39,4.298222648470473e-39,4.302694777342729e-39,4.3071669062149644e-39,4.311639035087179e-39,4.316111163959384e-39,4.3205832928316705e-39,4.325055421703899e-39,4.329527550576192e-39,4.333999679448297e-39,4.3384718083205525e-39,4.3429439371927955e-39,4.347416066065022e-39,4.3518881949371804e-39,4.3563603238093575e-39,4.360832452681706e-39,4.365304581553888e-39,4.3697767104261615e-39,4.374248839298375e-39,4.3787209681706175e-39,4.383193097042894e-39,4.387665225914988e-39,4.392137354787266e-39,4.396609483659482e-39,4.4010816125317294e-39,4.4055537414040194e-39,4.4100258702762024e-39,4.414497999148463e-39,4.418970128020728e-39,4.423442256892956e-39,4.427914385765129e-39,4.43238651463738e-39,4.436858643509594e-39,4.441330772381816e-39,4.4458029012540055e-39,4.450275030126325e-39,4.454747158998538e-39,4.4592192878707175e-39,4.463691416742975e-39,1.210911858104626e-15,1.3909863635088754e-15,1.5395819004635504e-15,1.7065408281824327e-15,1.8977682548503495e-15,2.117905409745257e-15,2.3725341733686885e-15,2.6685546203746686e-15,3.014566269433461e-15,3.421371731730389e-15,3.9026561536160304e-15,4.475914395552968e-15,5.163731450378224e-15,5.995573511298991e-15,7.010328331995068e-15,8.259962958659428e-15,9.814877271096244e-15,1.1771881023401744e-14,1.4266315681631717e-14,1.7490877448814716e-14,2.1725554489656375e-14,2.7386527084412734e-14,3.510846179394754e-14,4.588774040627871e-14,6.134143930344034e-14,8.419649850162708e-14,1.192614350436807e-13,1.7547342405050795e-13,2.7052016783536285e-13,4.421744525172114e-13,7.790111893519522e-13,1.5144591369185448e-12,3.361284806530265e-12,8.935479047992285e-12,3.011579092509565e-11,1.3131560766628328e-10,6.548103594821184e-10,2.8970648237843198e-09,9.61938318283981e-09,2.3668539391175165e-08,4.560660859926001e-08,7.313613026894103e-08,1.0242861410270026e-07,1.2972614488797434e-07,1.52276204736293e-07,1.685738937216174e-07,1.7820163600762811e-07,1.8152250957723405e-07,1.793726216807207e-07,1.7281252468388095e-07,1.629505242707596e-07,1.5083034688693417e-07,1.3736956688451787e-07,1.233351433106566e-07,1.0934382582042084e-07,9.587614349154879e-08,8.329342856684289e-08,7.184992127648205e-08,6.169820988820323e-08,5.2893597869207884e-08,4.540520807133975e-08,3.913649444126998e-08,3.3950915460400616e-08,2.969603441515878e-08,2.6221520408390984e-08,2.339001114082457e-08,2.1082079967516007e-08,1.919726089032056e-08,1.7652863721259184e-08,1.6381791623202675e-08,1.5330088602504194e-08,1.4454597886705568e-08,1.3720897740159724e-08,1.3101562260814719e-08,1.2574735449306511e-08,1.2122981723348392e-08,1.1732368908642448e-08,1.1391741244263641e-08,1.10921450089221e-08,1.0826375423369127e-08,1.0588619302521758e-08,1.0374173033182489e-08,1.0179219711778258e-08,1.0000652731068869e-08,9.83593585722131e-09,9.682992010088492e-09,9.540114655812478e-09,9.405897053117776e-09,9.279175620711922e-09,9.15898450219967e-09,9.04451902932167e-09,8.935106272514816e-09,8.830181250344424e-09,8.729267666641762e-09,8.631962279018101e-09,8.537922186160957e-09,8.44685446596267e-09,8.358507711554265e-09,8.272665102225076e-09,8.189138718561107e-09,8.10776486794144e-09,8.02840023246898e-09,7.950918686675753e-09,7.87520866346143e-09,7.801170967812751e-09,7.728716958157823e-09,7.657767029587364e-09,7.588249345574434e-09,7.520098774812829e-09,7.453255997269647e-09,7.387666750690647e-09,7.323281193235584e-09,7.260053363057529e-09,7.1979407186341e-09,7.136903746112102e-09,7.076905623281916e-09,7.017911930729466e-09,6.9598904028505725e-09,6.902810712310561e-09,6.846644282731277e-09,6.7913641259107086e-09,6.736944698799963e-09,6.683361778275674e-09,6.630592350872612e-09,6.5786145149611554e-09,6.527407394068085e-09,6.476951059736245e-09,6.427226462416427e-09,6.3782153696096714e-09,6.329900310001309e-09,6.282264523292094e-09,6.235291914559492e-09,6.188967012844153e-09,6.143274933411546e-09,6.098201343326354e-09,6.0537324298396744e-09,6.0098548714428746e-09,5.966555811094803e-09,5.923822831551639e-09,5.881643932960384e-09,5.840007511130035e-09,5.7989023383349756e-09,5.758317545072929e-09,5.718242602869413e-09,5.678667308741944e-09,5.6395817699740934e-09,5.600976390471242e-09,5.562841857759452e-09,5.525169130597298e-09,5.487949427611637e-09,5.451174216391511e-09,5.414835203338854e-09,5.378924324147133e-09,5.343433734222397e-09,5.3083558008874055e-09,5.273683094523332e-09,5.239408381242973e-09,5.205524615446393e-09,5.1720249329137015e-09,5.138902644209097e-09,5.106151228416666e-09,5.073764327175798e-09,5.041735739014081e-09,5.010059413902768e-09,4.978729448143533e-09,4.947740079430968e-09,4.917085682158949e-09,4.886760762919042e-09,4.856759956282155e-09,4.827078020449726e-09,4.7977098336964235e-09,4.768650390399832e-09,4.73989479731138e-09,4.711438270394202e-09,4.683276131245556e-09,4.655403804240003e-09,4.627816813021856e-09,4.600510777936036e-09,4.5734814130808856e-09,4.546724523600928e-09,4.520236003090342e-09,4.494011831078715e-09,4.468048070604757e-09,4.442340865962728e-09,4.416886440330965e-09,4.391681093709183e-09,4.366721200825695e-09,4.342003209098034e-09,4.317523636650141e-09,4.293279070699751e-09,4.2692661653146325e-09,4.245481640030046e-09,4.221922277995693e-09,4.198584924384628e-09,4.17546648487029e-09,4.152563924008583e-09,4.129874263776571e-09,4.107394582216556e-09,4.0851220120016965e-09,4.0630537390719344e-09,4.041187001478354e-09,4.019519087808198e-09,3.998047336420387e-09,3.976769133898453e-09,3.955681914047885e-09,3.934783156793024e-09,3.914070387064984e-09,3.893541173802983e-09,3.8731931288467944e-09,3.853023906100873e-09,3.8330312004646765e-09,3.813212746889426e-09,3.793566319603214e-09,3.77408973110918e-09,3.754780831394071e-09,3.735637507084468e-09,3.71665768066216e-09,3.6978393096359435e-09,3.6791803858537448e-09,3.660678934691687e-09,3.642333014376611e-09,3.6241407152713697e-09,3.6061001591941636e-09,3.58820949875825e-09,3.5704669167216904e-09,3.5528706253620054e-09,3.535418865839903e-09,3.5181099077031918e-09,3.500942048113907e-09,3.4839136114656006e-09,3.4670229487382146e-09,3.450268436984433e-09,3.4336484787992537e-09,3.417161501813089e-09,3.400805958184554e-09,3.384580324123418e-09,3.3684830994093576e-09,3.352512806931292e-09,3.33666799223487e-09,3.3209472230818097e-09,3.3053490890185087e-09,3.2898722009544037e-09,3.274515190770418e-09,3.259276710877404e-09,3.2441554338634755e-09,3.2291500521002978e-09,3.214259277369464e-09,3.1994818404815268e-09,3.1848164909772924e-09,3.1702619966501683e-09,3.1558171434266938e-09,3.141480734789843e-09,3.1272515916087416e-09,3.1131285518108005e-09,3.099110469977782e-09,3.0851962171513754e-09,3.071384680473203e-09,3.057674762927384e-09,3.0440653830166114e-09,3.030555474544483e-09,3.0171439862781533e-09,3.003829881740345e-09,2.9906121389059927e-09,2.9774897499721837e-09,2.9644617211033706e-09,2.951527072202753e-09,2.938684836628051e-09,2.9259340610212557e-09,2.9132738050256712e-09,2.90070314112207e-09,2.888221154324131e-09,2.875826942044802e-09,2.863519613849813e-09,2.8512982912560852e-09,2.8391621075332474e-09,2.827110207504894e-09,2.8151417473562017e-09,2.803255894444721e-09,2.7914518271123423e-09,2.7797287345128205e-09,2.7680858164145386e-09,2.7565222830547397e-09,2.7450373549374968e-09,2.733630262689315e-09,2.722300246887148e-09,2.7110465578781697e-09,2.6998684556803825e-09,2.688765209745323e-09,2.677736098872781e-09,2.666780411026142e-09,2.6558974432062816e-09,2.645086501302141e-09,2.634346899924641e-09,2.6236779623324295e-09,2.6130790202265143e-09,2.6025494136516425e-09,2.5920884908771555e-09,2.5816956082430952e-09,2.5713701300550753e-09,2.5611114284111e-09,2.5509188832139665e-09,2.54079188187586e-09,2.5307298193091905e-09,2.5207320978385403e-09,2.5107981269804522e-09,2.5009273234116858e-09,2.491119110870472e-09,2.4813729199982032e-09,2.4716881882725307e-09,2.4620643598963882e-09,2.4525008856883488e-09,2.4429972229975015e-09,2.4335528355939236e-09,2.424167193606534e-09,2.414839773366653e-09,2.4055700573751825e-09,2.3963575341887274e-09,2.387201698337287e-09,2.378102050220468e-09,2.369058096067327e-09,2.3600693477743646e-09,2.3511353229067644e-09,2.3422555445642694e-09,2.333429541321887e-09,2.3246568471457653e-09,2.3159370013198238e-09,2.307269548359109e-09,2.2986540379743777e-09,2.2900900249254345e-09,2.281577069025519e-09,2.273114735029768e-09,2.2647025925710978e-09,2.256340216102395e-09,2.24802718481915e-09,2.2397630825971447e-09,2.2315474979278657e-09,2.223380023858428e-09,2.215260257924249e-09,2.2071878020792358e-09,2.1991622626568386e-09,2.1911832502894918e-09,2.1832503798622193e-09,2.175363270449437e-09,2.1675215452662166e-09,2.1597248315940795e-09,2.1519727607472715e-09,2.144264968005662e-09,2.136601092568455e-09,2.1289807774921207e-09,2.121403669660321e-09,2.113869419701886e-09,2.106377681965657e-09,2.0989281144594407e-09,2.0915203788197963e-09,2.084154140229624e-09,2.076829067405599e-09,2.069544832535553e-09,2.062301111239466e-09,2.0550975825028476e-09,2.047933928704501e-09,2.0408098354463887e-09,2.0337249916368357e-09,2.02667908939172e-09,2.019671823979529e-09,2.0127028938157123e-09,2.0057720004005577e-09,1.998878848282782e-09,1.9920231450429577e-09,1.985204601207608e-09,1.9784229302649024e-09,1.971677848582271e-09,1.9649690754121053e-09,1.958296332821719e-09,1.9516593456730356e-09,1.945057841586224e-09,1.938491550903611e-09,1.9319602066608083e-09,1.9254635445418905e-09,1.919001302853393e-09,1.9125732225209636e-09,1.9061790469843694e-09,1.899818522238495e-09,1.893491396770918e-09,1.8871974215335117e-09,1.880936349913156e-09,1.874707937712724e-09,1.8685119430860295e-09,1.8623481265718683e-09,1.8562162510073958e-09,1.8501160815201352e-09,1.8440473855182428e-09,1.8380099326332894e-09,1.8320034947077728e-09,1.8260278457857144e-09,1.8200827620491345e-09,1.8141680218248994e-09,1.808283405543884e-09,1.8024286957243668e-09,1.796603676936407e-09,1.7908081357881784e-09,1.7850418609009303e-09,1.779304642874221e-09,1.7735962742821317e-09,1.7679165496313386e-09,1.7622652653518453e-09,1.7566422197667793e-09,1.7510472130739163e-09,1.7454800473254148e-09,1.739940526403059e-09,1.7344284559977833e-09,1.7289436435946779e-09,1.7234858984411016e-09,1.718055031539882e-09,1.7126508556178345e-09,1.7072731851132967e-09,1.7019218361539094e-09,1.6965966265401423e-09,1.6912973757217322e-09,1.6860239047817588e-09,1.6807760364234733e-09,1.6755535949390586e-09,1.6703564062088362e-09,1.665184297663005e-09,1.6600370982912613e-09,1.6549146385951713e-09,1.649816750596827e-09,1.644743267808687e-09,1.6396940252170617e-09,1.6346688592751437e-09,1.6296676078733037e-09,1.6246901103380083e-09,1.619736207403552e-09,1.61480574120426e-09,1.6098985552596428e-09,1.60501449445011e-09,1.6001534050123898e-09,1.5953151345240576e-09,1.590499531882964e-09,1.5857064472986173e-09,1.5809357322729256e-09,1.5761872395904685e-09,1.5714608233045555e-09,1.5667563387227228e-09,1.5620736423901728e-09,1.5574125920853507e-09,1.5527730467953736e-09,1.5481548667109045e-09,1.5435579132154183e-09,1.5389820488643613e-09,1.5344271373787973e-09,1.5298930436317002e-09,1.5253796336374285e-09,1.520886774534111e-09,1.5164143345774415e-09,1.5119621831348642e-09,1.507530190654293e-09,1.5031182286725532e-09,1.4987261697978405e-09,1.4943538876942283e-09,1.4900012570805726e-09,1.4856681536945023e-09,1.481354454340025e-09,1.4770600367904104e-09,1.47278477985499e-09,1.4685285633302917e-09,1.4642912679995321e-09,1.460072775622068e-09,1.4558729689215298e-09,1.4516917315786143e-09,1.4475289482209245e-09,1.4433845044108128e-09,1.439258286642443e-09,1.4351501823186697e-09,1.4310600797576404e-09,1.4269878681903402e-09,1.4229334377118308e-09,1.418896679312213e-09,1.414877484860151e-09,1.4108757470813861e-09,1.4068913595611114e-09,1.402924216728264e-09,1.398974213855488e-09,1.3950412470365526e-09,1.3911252132085621e-09,1.3872260100993965e-09,1.3833435362548297e-09,1.3794776910215194e-09,1.375628374531245e-09,1.371795487702157e-09,1.367978932224889e-09,1.3641786105682424e-09,1.3603944259470253e-09,1.3566262823359263e-09,1.352874084460745e-09,1.349137737778398e-09,1.3454171484794584e-09,1.3417122234838561e-09,1.3380228704194077e-09,1.3343489976366577e-09,1.3306905141827687e-09,1.3270473298056822e-09,1.3234193549410759e-09,1.3198065007127163e-09,1.3162086789185743e-09,1.3126258020255955e-09,1.3090577831757075e-09,1.3055045361571048e-09,1.301965975426509e-09,1.2984420160681436e-09,1.2949325738226385e-09,1.2914375650520254e-09,1.2879569067582373e-09,1.284490516558604e-09,1.2810383126862608e-09,1.2776002140027794e-09,1.274176139946931e-09,1.270766010574605e-09,1.2673697465373672e-09,1.263987269067199e-09,1.2606184999881917e-09,1.2572633616956447e-09,1.2539217771586938e-09,1.250593669919166e-09,1.247278964076585e-09,1.243977584288607e-09,1.240689455765624e-09,1.237414504263485e-09,1.2341526560857871e-09,1.230903838067712e-09,1.2276679775767858e-09,1.2244450025124237e-09,1.2212348412947322e-09,1.218037422860202e-09,1.2148526766645713e-09,1.2116805326679273e-09,1.2085209213299445e-09,1.2053737736222038e-09,1.2022390210042322e-09,1.1991165954285808e-09,1.1960064293325193e-09,1.1929084556369568e-09,1.1898226077455637e-09,1.1867488195258172e-09,1.1836870253241917e-09,1.1806371599485071e-09,1.1775991586689503e-09,1.1745729572132392e-09,1.1715584917630066e-09,1.1685556989481785e-09,1.1655645158445165e-09,1.1625848799751012e-09,1.1596167292902936e-09,1.156660002180971e-09,1.1537146374708003e-09,1.1507805744038607e-09,1.147857752650818e-09,1.1449461123010993e-09,1.1420455938603256e-09,1.1391561382451328e-09,1.1362776867804184e-09,1.13341018119763e-09,1.1305535636291465e-09,1.1277077766007485e-09,1.1248727630459435e-09,1.1220484662794093e-09,1.1192348300063115e-09,1.1164317983117769e-09,1.113639315669198e-09,1.1108573269288322e-09,1.1080857773153343e-09,1.1053246124254124e-09,1.1025737782208844e-09,1.0998332210427693e-09,1.0971028875788592e-09,1.0943827248813125e-09,1.0916726803630892e-09,1.0889727017882045e-09,1.0862827372707346e-09,1.0836027352735912e-09,1.0809326446061419e-09,1.0782724144162977e-09,1.0756219941938022e-09,1.072981333763952e-09,1.0703503832861979e-09,1.0677290932507554e-09,1.0651174144757947e-09,1.0625152981048572e-09,1.059922695606326e-09,1.0573395587654769e-09,1.054765839687871e-09,1.0522014907929678e-09,1.0496464648125233e-09,1.0471007147904311e-09,1.0445641940720915e-09,1.0420368563165167e-09,1.0395186554794896e-09,1.0370095458121202e-09,1.0345094818766569e-09,1.0320184185189731e-09,1.0295363108844323e-09,1.0270631143993257e-09,1.0245987847907132e-09,1.0221432780641514e-09,1.0196965505104114e-09,1.0172585586997832e-09,1.0148292594842927e-09,1.012408609991556e-09,1.009996567622709e-09,1.0075930900563578e-09,1.0051981352296266e-09,1.0028116613625864e-09,1.0004336269341403e-09,9.980639906856502e-10,9.957027116222253e-10,9.933497490098216e-10,9.910050623707507e-10,9.886686114840752e-10,9.863403563818749e-10,9.840202573481289e-10,9.817082749178001e-10,9.794043698709925e-10,9.771085032354414e-10,9.748206362871058e-10,9.725407305361365e-10,9.702687477376242e-10,9.680046498848674e-10,9.65748399207105e-10,9.63499958169636e-10,9.612592894680887e-10,9.590263560305427e-10,9.568011210165163e-10,9.54583547810735e-10,9.523736000245844e-10,9.501712414936272e-10,9.479764362760235e-10,9.457891486505777e-10,9.436093431152372e-10,9.414369843839714e-10,9.392720373904493e-10,9.37114467281454e-10,9.349642394115655e-10,9.328213193506295e-10,9.306856728777403e-10,9.28557265979468e-10,9.264360648466111e-10,9.243220358756662e-10,9.222151456712994e-10,9.201153610292909e-10,9.180226489578666e-10,9.159369766532405e-10,9.138583115141752e-10,9.117866211352246e-10,9.097218733032575e-10,9.076640359993625e-10,9.056130773952607e-10,9.035689658530342e-10,9.015316699232604e-10,8.995011583423585e-10,8.97477400037471e-10,8.954603641127535e-10,8.934500198624145e-10,8.914463367543214e-10,8.894492844465414e-10,8.874588327689683e-10,8.854749517321632e-10,8.834976115236859e-10,8.815267825041341e-10,8.795624352096909e-10,8.776045403492181e-10,8.7565306880136e-10,8.737079916156554e-10,8.717692800147016e-10,8.698369053808866e-10,8.679108392709144e-10,8.659910534011212e-10,8.640775196547745e-10,8.621702100791988e-10,8.602690968782897e-10,8.583741524229266e-10,8.564853492402559e-10,8.54602660017525e-10,8.527260575957992e-10,8.508555149760978e-10,8.489910053115815e-10,8.47132501911882e-10,8.452799782364051e-10,8.434334078999241e-10,8.415927646640751e-10,8.397580224433509e-10,8.379291552991201e-10,8.361061374404562e-10,8.342889432228578e-10,8.324775471476023e-10,8.306719238601382e-10,8.288720481495267e-10,8.2707789494659e-10,8.252894393245628e-10,8.235066564968595e-10,8.217295218174601e-10,8.199580107725566e-10,8.181920989944738e-10,8.164317622485399e-10,8.146769764350953e-10,8.129277175884246e-10,8.111839618816151e-10,8.09445685612107e-10,8.077128652166152e-10,8.059854772594003e-10,8.04263498435752e-10,8.025469055701126e-10,8.008356756146091e-10,7.991297856511494e-10,7.974292128850958e-10,7.957339346490818e-10,7.940439284023438e-10,7.923591717231434e-10,7.906796423174685e-10,7.890053180124014e-10,7.873361767560581e-10,7.856721966186925e-10,7.840133557878578e-10,7.823596325729107e-10,7.807110053994208e-10,7.790674528115906e-10,7.774289534689053e-10,7.757954861499994e-10,7.741670297445098e-10,7.725435632596295e-10,7.709250658130999e-10,7.69311516636804e-10,7.677028950798262e-10,7.660991805935837e-10,7.645003527425645e-10,7.629063912097578e-10,7.613172757735307e-10,7.597329863319128e-10,7.581535028851434e-10,7.565788055404158e-10,7.550088745130426e-10,7.534436901232186e-10,7.518832327960134e-10,7.503274830602045e-10,7.487764215491533e-10,7.472300289981584e-10,7.456882862446367e-10,7.441511742274345e-10,7.42618673987522e-10,7.410907666647655e-10,7.395674334974084e-10,7.380486558254268e-10,7.365344150849988e-10,7.350246928108849e-10,7.335194706327032e-10,7.320187302798292e-10,7.305224535735614e-10,7.290306224339152e-10,7.275432188729487e-10,7.260602249975997e-10,7.245816230065173e-10,7.231073951930352e-10,7.216375239421144e-10,7.201719917287703e-10,7.187107811199922e-10,7.172538747727916e-10,7.158012554354201e-10,7.143529059422664e-10,7.129088092191405e-10,7.114689482769718e-10,7.100333062174045e-10,7.086018662271929e-10,7.071746115781487e-10,7.057515256311089e-10,7.043325918286806e-10,7.029177937038752e-10,7.015071148652895e-10,7.001005390110346e-10,6.986980499224424e-10,6.972996314614836e-10,6.959052675725238e-10,6.945149422813697e-10,6.93128639697842e-10,6.917463440061771e-10,6.903680394794958e-10,6.889937104614977e-10,6.876233413766115e-10,6.862569167346218e-10,6.848944211161985e-10,6.835358391834028e-10,6.821811556733074e-10,6.80830355400243e-10,6.794834232553756e-10,6.781403442051106e-10,6.76801103290398e-10,6.754656856282537e-10,6.741340764086822e-10,6.728062608969087e-10,6.714822244302171e-10,6.701619524191148e-10,6.688454303473755e-10,6.675326437701968e-10,6.662235783145659e-10,6.649182196774296e-10,6.636165536286861e-10,6.623185660071522e-10,6.610242427219748e-10,6.597335697512454e-10,6.584465331414789e-10,6.571631190105375e-10,6.55883313542581e-10,6.546071029876884e-10,6.533344736650344e-10,6.520654119641064e-10,6.507999043343887e-10,6.495379372966371e-10,6.482794974345886e-10,6.470245713993027e-10,6.457731459054777e-10,6.445252077320577e-10,6.432807437240763e-10,6.420397407881942e-10,6.408021858965067e-10,6.39568066082314e-10,6.383373684425887e-10,6.371100801371934e-10,6.358861883851624e-10,6.346656804704412e-10,6.334485437375303e-10,6.322347655907153e-10,6.310243334931467e-10,6.298172349736936e-10,6.286134576130474e-10,6.274129890585873e-10,6.262158170124173e-10,6.250219292374264e-10,6.238313135535731e-10,6.226439578394305e-10,6.214598500313734e-10,6.202789781227822e-10,6.1910133016443e-10,6.179268942633748e-10,6.167556585831893e-10,6.155876113435991e-10,6.144227408194813e-10,6.132610353418659e-10,6.121024832962026e-10,6.109470731229831e-10,6.09794793318355e-10,6.08645632427142e-10,6.074995790558777e-10,6.063566218595584e-10,6.05216749547407e-10,6.040799508822577e-10,6.029462146766668e-10,6.018155297995847e-10,6.006878851693147e-10,5.995632697562351e-10,5.984416725822911e-10,5.973230827203181e-10,5.962074892940312e-10,5.950948814775942e-10,5.939852484951887e-10,5.928785796211827e-10,5.917748641793137e-10,5.906740915427871e-10,5.895762511338199e-10,5.884813324230623e-10,5.873893249307884e-10,5.863002182241923e-10,5.852140019181087e-10,5.841306656775648e-10,5.830501992113229e-10,5.819725922793305e-10,5.808978346851994e-10,5.798259162799393e-10,5.787568269615771e-10,5.776905566736603e-10,5.76627095406132e-10,5.755664331944207e-10,5.745085601180777e-10,5.73453466303336e-10,5.724011419201291e-10,5.713515771843166e-10,5.703047623538026e-10,5.692606877324249e-10,5.68219343667906e-10,5.671807205483835e-10,5.661448088124609e-10,5.65111598933666e-10,5.640810814323814e-10,5.630532468717828e-10,5.620280858566498e-10,5.61005589034966e-10,5.599857470931448e-10,5.589685507643084e-10,5.579539908200752e-10,5.569420580734959e-10,5.559327433791077e-10,5.549260376319035e-10,5.539219317677794e-10,5.529204167625766e-10,5.519214836325192e-10,5.509251234335639e-10,5.499313272613861e-10,5.489400862512034e-10,5.47951391577115e-10,5.469652344531622e-10,5.45981606130991e-10,5.450004979015954e-10,5.440219010942374e-10,5.430458070760154e-10,5.420722072529264e-10,5.411010930676107e-10,5.401324560008986e-10,5.391662875709441e-10,5.382025793330139e-10,5.372413228794982e-10,5.36282509838565e-10,5.353261318767209e-10,5.343721806958858e-10,5.334206480329415e-10,5.324715256633103e-10,5.315248053963434e-10,5.305804790775208e-10,5.296385385878359e-10,5.286989758424367e-10,5.277617827946944e-10,5.268269514284331e-10,5.258944737653822e-10,5.249643418600278e-10,5.240365478015339e-10,5.231110837150125e-10,5.221879417564452e-10,5.212671141170248e-10,5.203485930223371e-10,5.194323707295025e-10,5.185184395310615e-10,5.176067917508997e-10,5.166974197461154e-10,5.157903159061488e-10,5.148854726553819e-10,5.139828824465957e-10,5.13082537768646e-10,5.121844311389397e-10,5.112885551092158e-10,5.103949022621671e-10,5.095034652110246e-10,5.086142366031333e-10,5.077272091130308e-10,5.068423754489931e-10,5.059597283507788e-10,5.050792605862277e-10,5.04200964955458e-10,5.033248342887641e-10,5.024508614461451e-10,5.015790393192062e-10,5.007093608267099e-10,4.998418189204984e-10,4.989764065790163e-10,4.981131168119844e-10,4.972519426576704e-10,4.963928771838911e-10,4.955359134872446e-10,4.946810446930471e-10,4.938282639562247e-10,4.929775644592545e-10,4.921289394112198e-10,4.912823820555545e-10,4.904378856577724e-10,4.895954435123701e-10,4.887550489441717e-10,4.879166953035635e-10,4.870803759696423e-10,4.862460843474526e-10,4.854138138728521e-10,4.845835580036929e-10,4.83755310228352e-10,4.829290640606131e-10,4.821048130425219e-10,4.812825507404975e-10,4.804622707502537e-10,4.796439666903796e-10,4.788276322085537e-10,4.780132609770571e-10,4.772008466943978e-10,4.763903830855539e-10,4.755818638994587e-10,4.747752829124651e-10,4.7397063392538e-10,4.731679107644207e-10,4.723671072809781e-10,4.715682173515923e-10,4.707712348773059e-10,4.699761537845871e-10,4.691829680239116e-10,4.683916715708477e-10,4.676022584248516e-10,4.66814722610254e-10,4.66029058174847e-10,4.6524525919133774e-10,4.644633197552287e-10,2.1797041799343665e-10,2.439451066953849e-10,2.848544886921627e-10,3.256558276020202e-10,3.6544099512580375e-10,4.040773675608431e-10,4.414860199910841e-10,4.776037549570872e-10,5.123809042413204e-10,5.457807806949255e-10,5.777790347105802e-10,6.08362860857935e-10,6.375300879372257e-10,6.652881884794908e-10,6.916532414328629e-10,7.166488778563165e-10,7.403052354275771e-10,7.626579432558336e-10,7.837471539246746e-10,8.036166357539905e-10,8.223129343226786e-10,8.398846089810341e-10,8.56381547050546e-10,8.718543562407209e-10,8.863538335767612e-10,8.999305076991939e-10,9.126342505324298e-10,9.245139531695547e-10,9.356172606727012e-10,9.459903600827513e-10,9.556778160279558e-10,9.647224482771163e-10,9.731652460756875e-10,9.81045314147797e-10,9.883998458048538e-10,9.952641189005313e-10,1.0016715108156187e-09,1.0076535290555853e-09,1.0132398544252588e-09,1.018458394128549e-09,1.0233353424772788e-09,1.0278952472289678e-09,1.032161079842769e-09,1.0361543082191328e-09,1.039894970724496e-09,1.0434017504989788e-09,1.0466920492283655e-09,1.0497820597306807e-09,1.052686836826721e-09,1.0554203660990636e-09,1.0579956302215171e-09,1.0604246726578133e-09,1.0627186585633898e-09,1.0648879328008047e-09,1.0669420750403253e-09,1.0688899519279245e-09,1.0707397663583278e-09,1.0724991039039993e-09,1.0741749764780656e-09,1.0757738633148588e-09,1.0773017493732834e-09,1.0787641612754075e-09,1.0801662008736188e-09,1.081512576591095e-09,1.0828076326226025e-09,1.0840553761430609e-09,1.0852595026058732e-09,1.0864234192662476e-09,1.0875502670281762e-09,1.0886429407213808e-09,1.0897041079085323e-09,1.0907362263183027e-09,1.0917415599969063e-09,1.0927221942624259e-09,1.0936800495436284e-09,1.0946168941952517e-09,1.0955343563168404e-09,1.0964339347187095e-09,1.097317009023131e-09,1.0981848490104175e-09,1.0990386232452477e-09,1.0998794070449889e-09,1.1007081898222633e-09,1.1015258818741417e-09,1.102333320638589e-09,1.1031312764615015e-09,1.1039204579235093e-09,1.1047015167430161e-09,1.105475052304021e-09,1.1062416158137507e-09,1.10700171415026e-09,1.1077558134033303e-09,1.1085043421277153e-09,1.109247694349118e-09,1.1099862323295128e-09,1.1107202891121888e-09,1.111450170866917e-09,1.1121761590510764e-09,1.1128985123839539e-09,1.1136174686936122e-09,1.1143332465878314e-09,1.1150460470079016e-09,1.1157560546456286e-09,1.116463439268217e-09,1.1171683569131139e-09,1.1178709510029477e-09,1.1185713533624975e-09,1.1192696851628358e-09,1.1199660577821477e-09,1.1206605735945359e-09,1.1213533267088746e-09,1.1220444036435043e-09,1.1227338839191952e-09,1.1234218406580862e-09,1.1241083410876623e-09,1.1247934470216593e-09,1.1254772153071682e-09,1.1261596982195017e-09,1.1268409438460075e-09,1.1275209964209605e-09,1.1281998966417615e-09,1.1288776819586433e-09,1.1295543868390118e-09,1.1302300430109154e-09,1.1309046796902604e-09,1.1315783237838237e-09,1.1322510000774142e-09,1.1329227314191338e-09,1.1335935388529944e-09,1.1342634418010871e-09,1.1349324581628713e-09,1.1356006044725206e-09,1.1362678959918293e-09,1.1369343468164178e-09,1.1375999699739804e-09,1.1382647775117737e-09,1.138928780576253e-09,1.139591989489316e-09,1.1402544138146146e-09,1.1409160624207944e-09,1.141576943535935e-09,1.1422370648047565e-09,1.1428964333332747e-09,1.1435550557343314e-09,1.1442129381685522e-09,1.1448700863807568e-09,1.1455265057340338e-09,1.1461822012424449e-09,1.1468371775973429e-09,1.1474914391985097e-09,1.1481449901731066e-09,1.148797834399208e-09,1.1494499755285692e-09,1.1501014170024843e-09,1.1507521620722453e-09,1.1514022138114918e-09,1.152051575130623e-09,1.1527002487943558e-09,1.1533482374270977e-09,1.1539955435331894e-09,1.1546421694983373e-09,1.1552881175992112e-09,1.155933390022538e-09,1.1565779888604893e-09,1.1572219161244944e-09,1.1578651737504001e-09,1.1585077636006114e-09,1.1591496874843855e-09,1.1597909471398078e-09,1.1604315442595357e-09,1.1610714804806875e-09,1.161710757396529e-09,1.1623493765525403e-09,1.1629873394707019e-09,1.1636246476210436e-09,1.1642613024456785e-09,1.164897305355475e-09,1.1655326577337264e-09,1.166167360936942e-09,1.1668014162959082e-09,1.1674348251204169e-09,1.1680675886990814e-09,1.168699708300682e-09,1.169331185175494e-09,1.1699620205574054e-09,1.1705922156648874e-09,1.1712217717012314e-09,1.1718506898562021e-09,1.172478971307094e-09,1.173106617218968e-09,1.1737336287455323e-09,1.1743600070309451e-09,1.1749857532061454e-09,1.1756108683984623e-09,1.1762353537240817e-09,1.1768592102876556e-09,1.1774824391895676e-09,1.1781050415191898e-09,1.1787270183655346e-09,1.1793483708048604e-09,1.1799690999096631e-09,1.1805892067429767e-09,1.18120869236723e-09,1.1818275578357267e-09,1.1824458041971063e-09,1.1830634324953022e-09,1.1836804437683285e-09,1.1842968390511793e-09,1.184912619372725e-09,1.1855277857574932e-09,1.1861423392258953e-09,1.18675628079416e-09,1.1873696114741783e-09,1.1879823322745785e-09,1.1885944441996512e-09,1.189205948249406e-09,1.1898168454207827e-09,1.1904271366965025e-09,1.1910368230871761e-09,1.1916459055681544e-09,1.1922543851219129e-09,1.1928622627275632e-09,1.193469539360643e-09,1.1940762159946597e-09,1.194682293598102e-09,1.1952877731348111e-09,1.1958926555721602e-09,1.1964969418700818e-09,1.1971006329843614e-09,1.1977037298662362e-09,1.1983062334700695e-09,1.1989081447449993e-09,1.1995094646341793e-09,1.2001101940796328e-09,1.2007103340206988e-09,1.2013098853946808e-09,1.2019088491331274e-09,1.2025072261663091e-09,1.2031050174255275e-09,1.203702223830661e-09,1.2042988463119012e-09,1.2048948857853057e-09,1.2054903431672438e-09,1.2060852193732754e-09,1.2066795153142412e-09,1.2072732318994e-09,1.2078663700325999e-09,1.208458930623185e-09,1.2090509145692047e-09,1.2096423227696544e-09,1.210233156117542e-09,1.2108234155120874e-09,1.2114131018416171e-09,1.2120022159939779e-09,1.2125907588550872e-09,1.2131787313136855e-09,1.2137661342395018e-09,1.214352968517145e-09,1.2149392350236232e-09,1.2155249346301379e-09,1.2161100682073153e-09,1.2166946366234416e-09,1.2172786407464967e-09,1.2178620814392686e-09,1.2184449595629911e-09,1.2190272759766249e-09,1.2196090315367054e-09,1.2201902270969103e-09,1.2207708635095202e-09,1.2213509416279088e-09,1.2219304622962483e-09,1.222509426351766e-09,1.2230878346455038e-09,1.2236656880132619e-09,1.2242429872982058e-09,1.2248197333262167e-09,1.2253959269359646e-09,1.225971568957737e-09,1.226546660222298e-09,1.2271212015545664e-09,1.2276951937767775e-09,1.228268637712691e-09,1.2288415341835465e-09,1.229413884002956e-09,1.2299856879879e-09,1.230556946951494e-09,1.231127661701998e-09,1.2316978330529622e-09,1.2322674618103834e-09,1.2328365487741975e-09,1.233405094743548e-09,1.2339731005279451e-09,1.2345405669279317e-09,1.2351074947260632e-09,1.2356738847216644e-09,1.23623973770958e-09,1.2368050544759852e-09,1.2373698358055044e-09,1.2379340824854212e-09,1.238497795299675e-09,1.2390609750293512e-09,1.2396236224533498e-09,1.2401857383473437e-09,1.2407473234870284e-09,1.2413083786450504e-09,1.2418689045918424e-09,1.2424289020981886e-09,1.242988371927767e-09,1.2435473148466947e-09,1.2441057316181427e-09,1.2446636230020077e-09,1.2452209897571497e-09,1.245777832640769e-09,1.2463341524072764e-09,1.2468899498092052e-09,1.2474452255946816e-09,1.2479999805174767e-09,1.248554215324688e-09,1.2491079307595639e-09,1.2496611275652533e-09,1.250213806483004e-09,1.2507659682522005e-09,1.2513176136109286e-09,1.2518687432934483e-09,1.2524193580339806e-09,1.2529694585647971e-09,1.2535190456123746e-09,1.2540681199076867e-09,1.2546166821766927e-09,1.2551647331438054e-09,1.255712273531368e-09,1.2562593040599227e-09,1.2568058254482815e-09,1.2573518384157545e-09,1.2578973436751652e-09,1.2584423419400631e-09,1.2589868339215909e-09,1.2595308203310212e-09,1.2600743018759376e-09,1.260617279260166e-09,1.2611597531909234e-09,1.2617017243745543e-09,1.2622431934933751e-09,1.2627841612563235e-09,1.2633246283690706e-09,1.2638645955283e-09,1.2644040634218146e-09,1.2649430327464361e-09,1.2654815041886657e-09,1.2660194784375999e-09,1.2665569561802008e-09,1.2670939380973047e-09,1.2676304248814866e-09,1.2681664172103393e-09,1.2687019157621515e-09,1.2692369212179194e-09,1.2697714342481494e-09,1.2703054555411987e-09,1.270838985755833e-09,1.2713720255763209e-09,1.2719045756694488e-09,1.2724366367046213e-09,1.2729682093468672e-09,1.2734992942607825e-09,1.2740298921111596e-09,1.2745600035601827e-09,1.2750896292684088e-09,1.2756187698955152e-09,1.2761474260974685e-09,1.2766755985307726e-09,1.2772032878495774e-09,1.2777304947065258e-09,1.2782572197525567e-09,1.2787834636364983e-09,1.2793092270077534e-09,1.2798345105125498e-09,1.2803593147915073e-09,1.2808836404952085e-09,1.28140748826105e-09,1.28193085872982e-09,1.2824537525397704e-09,1.2829761703282556e-09,1.2834981127311502e-09,1.2840195803825531e-09,1.2845405739149425e-09,1.2850610939594046e-09,1.2855811411478168e-09,1.286100716103736e-09,1.2866198194564446e-09,1.287138451829847e-09,1.2876566138482895e-09,1.2881743061340451e-09,1.2886915293078463e-09,1.289208283988968e-09,1.2897245707952019e-09,1.2902403903434433e-09,1.2907557432467811e-09,1.2912706301201055e-09,1.2917850515753856e-09,1.2922990082233198e-09,1.2928125006730284e-09,1.293325529532347e-09,1.2938380954075923e-09,1.2943501989037636e-09,1.2948618406283758e-09,1.2953730211795236e-09,1.295883741158031e-09,1.2963940011632047e-09,1.2969038017931012e-09,1.2974131436400423e-09,1.2979220273035878e-09,1.2984304533776245e-09,1.2989384224546358e-09,1.2994459351264913e-09,1.2999529919836117e-09,1.300459593610247e-09,1.300965740597932e-09,1.301471433530496e-09,1.3019766729928056e-09,1.3024814595663354e-09,1.3029857938344025e-09,1.3034896763809149e-09,1.3039931077793552e-09,1.3044960886097157e-09,1.3049986194489345e-09,1.3055007008707398e-09,1.3060023334501822e-09,1.3065035177596414e-09,1.3070042543701964e-09,1.3075045438521467e-09,1.3080043867741775e-09,1.3085037837038198e-09,1.309002735207392e-09,1.3095012418496344e-09,1.309999304194231e-09,1.3104969228034304e-09,1.310994098238373e-09,1.311490831059378e-09,1.3119871218248096e-09,1.3124829710920668e-09,1.3129783794174446e-09,1.3134733473565705e-09,1.313967875462347e-09,1.314461964287362e-09,1.3149556143827466e-09,1.3154488262986236e-09,1.315941600582713e-09,1.3164339377816577e-09,1.3169258384455535e-09,1.317417303117848e-09,1.3179083323425844e-09,1.3183989266625195e-09,1.318889086619312e-09,1.3193788127534058e-09,1.3198681056041386e-09,1.3203569657094412e-09,1.3208453936061687e-09,1.3213333898301796e-09,1.321820954916177e-09,1.3223080893973689e-09,1.3227947938059655e-09,1.323281068673405e-09,1.3237669145290504e-09,1.3242523319019714e-09,1.3247373213198512e-09,1.3252218833091365e-09,1.3257060183953606e-09,1.3261897271026921e-09,1.3266730099541867e-09,1.3271558674718521e-09,1.3276383001766211e-09,1.3281203085882268e-09,1.3286018932249742e-09,1.3290830546052754e-09,1.3295637932450947e-09,1.3300441096593687e-09,1.3305240043626326e-09,1.3310034778685233e-09,1.3314825306879855e-09,1.3319611633314106e-09,1.3324393763109223e-09,1.3329171701353286e-09,1.3333945453101687e-09,1.333871502342906e-09,1.3343480417395337e-09,1.3348241640044046e-09,1.3352998696388695e-09,1.3357751591474893e-09,1.33625003303324e-09,1.3367244917941951e-09,1.3371985359296744e-09,1.3376721659385367e-09,1.3381453823168383e-09,1.338618185561887e-09,1.3390905761681905e-09,1.3395625546374167e-09,1.3400341214482004e-09,1.3405052770991308e-09,1.3409760220815044e-09,1.3414463568834732e-09,1.3419162819953574e-09,1.342385797905055e-09,1.3428549050994186e-09,1.3433236040643168e-09,1.3437918952846068e-09,1.3442597792441626e-09,1.344727256425861e-09,1.345194327311586e-09,1.3456609923821616e-09,1.3461272521172376e-09,1.3465931069949184e-09,1.347058557494221e-09,1.3475236040918685e-09,1.3479882472646705e-09,1.34845248748779e-09,1.3489163252344476e-09,1.3493797609777814e-09,1.3498427951901557e-09,1.3503054283424926e-09,1.3507676609050117e-09,1.3512294933415494e-09,1.3516909261276964e-09,1.3521519597310898e-09,1.3526125946149255e-09,1.3530728312472473e-09,1.3535326700902258e-09,1.3539921116086908e-09,1.3544511562631262e-09,1.3549098045206773e-09,1.3553680568340498e-09,1.355825913666409e-09,1.3562833754777682e-09,1.3567404427261055e-09,1.3571971158680933e-09,1.357653395359906e-09,1.3581092816569134e-09,1.3585647752148604e-09,1.3590198764862044e-09,1.3594745859184438e-09,1.359928903969449e-09,1.3603828310840003e-09,1.3608363677224448e-09,1.361289514325548e-09,1.361742271343866e-09,1.3621946392245926e-09,1.362646618408225e-09,1.3630982093549326e-09,1.3635494124951605e-09,1.3640002282894153e-09,1.3644506571496068e-09,1.3649006995432446e-09,1.365350355903767e-09,1.365799626671778e-09,1.3662485122877776e-09,1.3666970131882113e-09,1.367145129820248e-09,1.3675928626043516e-09,1.3680402119844002e-09,1.368487178396208e-09,1.3689337622729465e-09,1.3693799640480188e-09,1.3698257841532604e-09,1.3702712230211479e-09,1.3707162810825135e-09,1.3711609587673824e-09,1.3716052565049677e-09,1.3720491747233002e-09,1.3724927138506177e-09,1.372935874313481e-09,1.3733786565313905e-09,1.3738210609409236e-09,1.3742630879609943e-09,1.3747047380157848e-09,1.375146011526238e-09,1.3755869089150992e-09,1.3760274306031871e-09,1.376467577010765e-09,1.3769073485569976e-09,1.3773467456606622e-09,1.3777857687394506e-09,1.3782244182104343e-09,1.3786626944898146e-09,1.3791005979931266e-09,1.3795381291336901e-09,1.3799752883266167e-09,1.3804120759857981e-09,1.380848492522758e-09,1.381284538351093e-09,1.3817202138769428e-09,1.3821555195125605e-09,1.3825904556671027e-09,1.3830250227509799e-09,1.383459221171801e-09,1.383893051327946e-09,1.3843265136344545e-09,1.384759608495801e-09,1.385192336316198e-09,1.3856246974957654e-09,1.38605669244013e-09,1.3864883215508685e-09,1.3869195852301582e-09,1.387350483879372e-09,1.38778101789765e-09,1.388211187685029e-09,1.3886409936418646e-09,1.3890704361584598e-09,1.3894995156397417e-09,1.3899282324805188e-09,1.3903565870740904e-09,1.3907845798186716e-09,1.3912122111060157e-09,1.391639481330479e-09,1.3920663908853707e-09,1.3924929401597394e-09,1.392919129549369e-09,1.3933449594425512e-09,1.3937704302279382e-09,1.3941955422984994e-09,1.3946202960376764e-09,1.3950446918353975e-09,1.395468730078446e-09,1.3958924111538475e-09,1.3963157354462343e-09,1.3967387033406687e-09,1.397161315222377e-09,1.3975835714733003e-09,1.3980054724774275e-09,1.3984270186164737e-09,1.3988482102678964e-09,1.3992690478200842e-09,1.3996895316492759e-09,1.4001096621346392e-09,1.4005294396556889e-09,1.4009488645915835e-09,1.4013679373155437e-09,1.4017866582062774e-09,1.402205027640107e-09,1.4026230459919991e-09,1.4030407136365161e-09,1.4034580309476336e-09,1.4038749982984413e-09,1.40429161606029e-09,1.4047078846068884e-09,1.4051238043097659e-09,1.4055393755394102e-09,1.4059545986648158e-09,1.4063694740555665e-09,1.4067840020801159e-09,1.4071981831091145e-09,1.4076120175048756e-09,1.4080255056378883e-09,1.408438647868775e-09,1.4088514445687168e-09,1.409263896101175e-09,1.409676002829405e-09,1.4100877651169475e-09,1.4104991833265872e-09,1.4109102578204808e-09,1.411320988960071e-09,1.4117313771062863e-09,1.4121414226193284e-09,1.4125511258586108e-09,1.4129604871826499e-09,1.4133695069491848e-09,1.4137781855204016e-09,1.4141865232483309e-09,1.4145945204913009e-09,1.415002177606132e-09,1.4154094949442866e-09,1.4158164728595853e-09,1.4162231117021767e-09,1.416629411830656e-09,1.41703537362393e-09,1.4174409973965e-09,1.417846283517903e-09,1.4182512323222989e-09,1.41865584418043e-09,1.4190601194389651e-09,1.4194640584410382e-09,1.4198676615370375e-09,1.4202709290745302e-09,1.4206738614005254e-09,1.4210764588613964e-09,1.4214787218038133e-09,1.4218806505717386e-09,1.4222822455115899e-09,1.4226835069678193e-09,1.4230844352820595e-09,1.4234850308005814e-09,1.4238852938638616e-09,1.4242852248138215e-09,1.42468482399009e-09,1.425084091738428e-09,1.425483028391789e-09,1.4258816342979038e-09,1.426279909793895e-09,1.426677855217177e-09,1.427075470905509e-09,1.4274727571962605e-09,1.42786971442733e-09,1.4282663429328504e-09,1.4286626430497418e-09,1.4290586151125701e-09,1.4294542594564408e-09,1.4298495764137553e-09,1.430244566319481e-09,1.4306392295067406e-09,1.4310335663077167e-09,1.4314275770539578e-09,1.4318212620798015e-09,1.4322146217084697e-09,1.4326076562745663e-09,1.4330003661039782e-09,1.4333927515226627e-09,1.4337848128695978e-09,1.4341765504729017e-09,1.4345679646543207e-09,1.4349590557402268e-09,1.4353498240613708e-09,1.4357402699377787e-09,1.436130393697125e-09,1.4365201956667345e-09,1.4369096761671457e-09,1.4372988355201037e-09,1.4376876740529894e-09,1.438076192097415e-09,1.4384643899528353e-09,1.4388522679522398e-09,1.4392398264168703e-09,1.439627065666447e-09,1.440013986021134e-09,1.4404005878007938e-09,1.440786871326019e-09,1.4411728369110368e-09,1.4415584848751308e-09,1.4419438155352246e-09,1.4423288292083984e-09,1.442713526210847e-09,1.443097906858234e-09,1.443481971464496e-09,1.4438657203504266e-09,1.444249153821444e-09,1.4446322721950619e-09,1.4450150757841074e-09,1.445397564900257e-09,1.445779739854896e-09,1.4461616009643505e-09,1.446543148537515e-09,1.4469243828819368e-09,1.447305304313588e-09,1.447685913136512e-09,1.4480662096617495e-09,1.4484461941974175e-09,1.4488258670519943e-09,1.44920522853424e-09,1.4495842789497874e-09,1.4499630186070397e-09,1.450341447810298e-09,1.4507195668648867e-09,1.451097376077096e-09,1.4514748757511985e-09,1.4518520661914783e-09,1.4522289476999308e-09,1.4526055205829846e-09,1.4529817851411622e-09,1.4533577416776543e-09,1.4537333904942904e-09,1.4541087318903217e-09,1.4544837661680374e-09,1.4548584936278026e-09,1.4552329145694184e-09,1.4556070292922698e-09,1.4559808380952576e-09,1.4563543412768235e-09,1.4567275391348853e-09,1.4571004319669142e-09,1.4574730200699844e-09,1.4578453037406084e-09,1.4582172832748707e-09,1.4585889589683556e-09,1.4589603311162644e-09,1.4593314000132851e-09,1.459702165953575e-09,1.4600726292309628e-09,1.4604427901387676e-09,1.4608126489697954e-09,1.4611822060164165e-09,1.4615514615706473e-09,1.4619204159238701e-09,1.4622890693671941e-09,1.4626574221911312e-09,1.4630254746858243e-09,1.4633932271410299e-09,1.4637606798458438e-09,1.4641278330890947e-09,1.464494687159095e-09,1.4648612423436965e-09,1.4652274989303737e-09,1.4655934572060664e-09,1.4659591174574066e-09,1.4663244799704168e-09,1.4666895450308087e-09,1.4670543129237377e-09,1.4674187839340516e-09,1.4677829583461028e-09,1.4681468364437768e-09,1.4685104185105864e-09,1.4688737048310386e-09,1.4692366956862167e-09,1.46959939135051e-09,1.469961792119462e-09,1.4703238982682692e-09,1.4706857100777284e-09,1.471047227828199e-09,1.4714084517991895e-09,1.4717693822709453e-09,1.4721300195238627e-09,1.4724903638360649e-09,1.472850415485741e-09,1.4732101747572967e-09,1.4735696419118009e-09,1.473928817236563e-09,1.4742877010081044e-09,1.47464629350258e-09,1.4750045949983366e-09,1.4753626057678431e-09,1.4757203260860965e-09,1.476077756228138e-09,1.4764348964672054e-09,1.4767917470774275e-09,1.4771483083321641e-09,1.4775045805096939e-09,1.4778605638721763e-09,1.478216258692768e-09,1.4785716652511881e-09,1.4789267838143774e-09,1.4792816146535103e-09,1.4796361580391116e-09,1.4799904142411843e-09,1.4803443835294783e-09,1.480698066173155e-09,1.4810514624412861e-09,1.481404572602593e-09,1.481757396924527e-09,1.4821099356742928e-09,1.4824621891134641e-09,1.4828141575252004e-09,1.4831658411675158e-09,1.4835172402977866e-09,1.4838683551887614e-09,1.4842191860997216e-09,1.484569733311962e-09,1.4849199970785073e-09,1.485269977669385e-09,1.485619675339268e-09,1.4859690903595728e-09,1.4863182229861808e-09,1.4866670734989589e-09,1.4870156421465392e-09,1.4873639291772937e-09,1.4877119348659211e-09,1.4880596594735155e-09,1.4884071032607122e-09,1.4887542664770126e-09,1.4891011493916758e-09,1.4894477522697703e-09,1.4897940753775212e-09,1.4901401189649124e-09,1.490485883283386e-09,1.490831368596652e-09,1.491176575158454e-09,1.491521503227767e-09,1.4918661530632144e-09,1.4922105249242569e-09,1.4925546190590917e-09,1.4928984357278352e-09,1.4932419751859342e-09,1.4935852376883692e-09,1.493928223489831e-09,1.4942709328446558e-09,1.4946133660077385e-09,1.4949555232316808e-09,1.4952974047702968e-09,1.495639010875288e-09,1.4959803417996678e-09,1.4963213977956403e-09,1.4966621791161084e-09,1.497002686011283e-09,1.4973429187322716e-09,1.49768287752968e-09,1.498022562653854e-09,1.4983619743547824e-09,1.4987011128820908e-09,1.4990399784849688e-09,1.4993785714124296e-09,1.4997168919129278e-09,1.5000549402346698e-09,1.5003927166255067e-09,1.5007302213329385e-09,1.5010674546041256e-09,1.501404416685792e-09,1.5017411078244565e-09,1.5020775282661308e-09,1.5024136782565713e-09,1.5027495580412544e-09,1.5030851678651134e-09,1.5034205079729196e-09,1.5037555786065003e-09,1.5040903800137423e-09,1.50442491243666e-09,1.5047591761183178e-09,1.5050931713021507e-09,1.5054268982313107e-09,1.5057603571536958e-09,1.5060935483001881e-09,1.5064264719155035e-09,1.5067591282436693e-09,1.507091517523606e-09,1.5074236400004422e-09,1.5077554959113788e-09,1.5080870855064319e-09,1.5084184090027312e-09,1.5087494666517014e-09,1.5090802586921667e-09,1.5094107853651295e-09,1.5097410469057948e-09,1.5100710435523201e-09,1.5104007755424745e-09,1.5107302431142294e-09,1.511059446498074e-09,1.5113883859444945e-09,1.5117170616725432e-09,1.5120454739384907e-09,1.5123736229654419e-09,1.5127015089911164e-09,1.513029132248964e-09,1.513356492975612e-09,1.5136835914046531e-09,1.5140104277702735e-09,1.5143370023060423e-09,1.5146633152453161e-09,1.5149893668212647e-09,1.5153151572665784e-09,1.5156406868119056e-09,1.5159659556924194e-09,1.5162909641380662e-09,1.5166157123815498e-09,1.516940200657244e-09,1.5172644291915423e-09,1.5175883982151777e-09,1.5179121079585483e-09,1.5182355586516141e-09,1.5185587505240539e-09,1.5188816838052096e-09,1.5192043587240614e-09,1.5195267755093152e-09,1.5198489343893178e-09,1.5201708355921935e-09,1.5204924793456332e-09,1.5208138658770695e-09,1.5211349954136903e-09,1.5214558681823112e-09,1.521776484409413e-09,1.5220968443212682e-09,1.5224169481437112e-09,1.5227367961020132e-09,1.5230563884219106e-09,1.5233757253283025e-09,1.5236948070459793e-09,1.5240136337992826e-09,1.5243322058123135e-09,1.5246505233088293e-09,1.5249685865123802e-09,1.5252863956461168e-09,1.5256039509329344e-09,1.525921252595449e-09,1.526238300855952e-09,1.5265550959364467e-09,1.526871638058597e-09,1.527187927443869e-09,1.5275039643133728e-09,1.5278197488879284e-09,1.5281352813880297e-09,1.5284505620339875e-09,1.5287655910456527e-09,1.5290803686427803e-09,1.529394895044682e-09,1.529709170470443e-09,1.5300231951388622e-09,1.5303369692683836e-09,1.5306504930772647e-09,1.5309637667833896e-09,1.5312767906041873e-09,1.531589564757234e-09,1.5319020894595972e-09,1.5322143649282875e-09,1.53252639137959e-09,1.5328381690297014e-09,1.5331496980945381e-09,1.5334609787898104e-09,1.5337720113308776e-09,1.5340827959318288e-09,1.5343933328084565e-09,1.5347036221750595e-09,1.5350136642459653e-09,1.5353234592350827e-09,1.5356330073559403e-09,1.5359423088174557e-09,1.5362513638368698e-09,1.536560172632664e-09,1.536868735412492e-09,1.5371770523879875e-09,1.5374851237703424e-09,1.5377929497731544e-09,1.5381005306086872e-09,1.5384078664859023e-09,1.5387149576177502e-09,1.5390218042134904e-09,1.5393284064825133e-09,1.5396347646336792e-09,1.539940878877502e-09,1.5402467494288576e-09,1.540552376493614e-09,1.540857760280032e-09,1.5411629009976865e-09,1.541467798854828e-09,1.5417724540595718e-09,1.5420768668198713e-09,1.5423810373435995e-09,1.5426849658376916e-09,1.5429886525095442e-09,1.5432920975660628e-09,1.5435953012138529e-09,1.5438982636592033e-09,1.544200985108241e-09,1.544503465766807e-09,1.5448057058404279e-09,1.5451077055344425e-09,1.5454094650560228e-09,1.5457109846066818e-09,1.5460122643916366e-09,1.5463133046153155e-09,1.5466141054819108e-09,1.5469146671951314e-09,1.5472149899584588e-09,1.5475150739751775e-09,1.5478149194482267e-09,1.5481145265803142e-09,1.5484138955739119e-09,1.5487130266312211e-09,1.5490119199532704e-09,1.5493105757426927e-09,1.5496089942008833e-09,1.5499071755289537e-09,1.5502051199279496e-09,1.5505028275984126e-09,1.550800298740834e-09,1.5510975335553372e-09,1.5513945322422894e-09,1.5516912950009274e-09,1.5519878220306293e-09,1.55228411353062e-09,1.5525801696997485e-09,1.5528759907367324e-09,1.5531715768399675e-09,1.5534669282076088e-09,1.5537620450376592e-09,1.554056927527678e-09,1.5543515758751345e-09,1.5546459902771716e-09,1.5549401709307551e-09,1.555234118032476e-09,1.5555278317775484e-09,1.555821312365064e-09,1.5561145599904347e-09,1.5564075748482354e-09,1.5567003571336243e-09,1.5569929070403306e-09,1.5572852247672746e-09,1.5575773105072684e-09,1.5578691644550193e-09,1.5581607868046372e-09,1.5584521777506212e-09,1.5587433374863066e-09,1.559034266205246e-09,1.5593249641010355e-09,1.5596154313667068e-09,1.5599056681945983e-09,1.560195674778384e-09,1.5604854513092286e-09,1.5607749979804684e-09,1.56106431498326e-09,1.561353402512037e-09,1.5616422607521263e-09,1.5619308899011426e-09,1.5622192901441335e-09,1.562507461674289e-09,1.5627954046790024e-09,1.5630831193530562e-09,1.56337060588433e-09,1.5636578644649009e-09,1.5639448952829908e-09,1.5642316985279482e-09,1.5645182743888762e-09,1.5648046230546776e-09,1.565090744713981e-09,1.56537663955605e-09,1.5656623077682896e-09,1.565947749538657e-09,1.5662329650549475e-09,1.5665179545046276e-09,1.5668027180751087e-09,1.5670872559535751e-09,1.5673715683290808e-09,1.5676556553835543e-09,1.5679395173051525e-09,1.568223154280194e-09,1.5685065664937332e-09,1.568789754130253e-09,1.5690727173763156e-09,1.5693554564193114e-09,1.5696379714469368e-09,1.5699202626388753e-09,1.5702023301811084e-09,1.5704841742616768e-09,1.5707657950554252e-09,1.5710471927539613e-09,1.5713283675393707e-09,1.571609319591027e-09,1.5718900491010553e-09,1.572170556246122e-09,1.5724508412047014e-09,1.5727309041682654e-09,1.5730107453161538e-09,1.573290364830672e-09,1.5735697628980274e-09,1.5738489396939495e-09,1.5741278954063079e-09,1.5744066302061072e-09,1.5746851442797925e-09,1.5749634378083582e-09,1.575241510972474e-09,1.5755193639526215e-09,1.5757969969290212e-09,1.5760744100817386e-09,1.5763516035905215e-09,1.576628577635055e-09,1.5769053323946938e-09,1.5771818680504176e-09,1.5774581847811736e-09,1.5777342827620923e-09,1.57801016217267e-09,1.5782858231941138e-09,1.5785612659992347e-09,1.5788364907681615e-09,1.5791114976826473e-09,1.5793862869176683e-09,1.57966085864848e-09,1.5799352130540046e-09,1.5802093503117005e-09,1.5804832705967293e-09,1.5807569740867687e-09,1.5810304609571897e-09,1.5813037313844404e-09,1.5815767855445418e-09,1.581849623612596e-09,1.5821222457644506e-09,1.5823946521753773e-09,1.5826668430203686e-09,1.5829388184742416e-09,1.5832105787116299e-09,1.5834821239069522e-09,1.5837534542344466e-09,1.5840245698680777e-09,1.584295470981724e-09,1.584566157749005e-09,1.584836630343268e-09,1.5851068889377867e-09,1.58537693370552e-09,1.5856467648193218e-09,1.5859163824517652e-09,1.5861857867754714e-09,1.5864549779625765e-09,1.5867239561849178e-09,1.5869927216143346e-09,1.5872612744227021e-09,1.587529614781073e-09,1.5877977428608181e-09,1.5880656588329652e-09,1.588333362867814e-09,1.5886008551371158e-09,1.5888681358107284e-09,1.589135205058938e-09,1.589402063051787e-09,1.5896687099592173e-09,1.5899351459508199e-09,1.59020137119444e-09,1.5904673858617921e-09,1.5907331901245913e-09,1.5909987841410474e-09,1.5912641680892536e-09,1.5915293421374307e-09,1.5917943064509548e-09,1.5920590611940947e-09,1.5923236065421165e-09,1.5925879426632493e-09,1.5928520697223116e-09,1.5931159878869598e-09,1.593379697323976e-09,1.5936431982005888e-09,1.5939064906850691e-09,1.5941695749412048e-09,1.5944324511355786e-09,1.594695119427635e-09,1.594957579997948e-09,1.5952198330054785e-09,1.5954818786136979e-09,1.595743716992553e-09,1.5960053482971963e-09,1.5962667727073144e-09,1.5965279903829404e-09,1.596789001483135e-09,1.5970498061750883e-09,1.5973104046281155e-09,1.5975707970023716e-09,1.59783098346341e-09,1.5980909641759553e-09,1.5983507392971558e-09,1.5986103089998115e-09,1.598869673442674e-09,1.5991288327890903e-09,1.5993877872027627e-09,1.5996465368499391e-09,1.59990508188295e-09,1.6001634224700456e-09,1.6004215587620842e-09,1.6006794909309478e-09,1.6009372191391863e-09,1.6011947435487154e-09,1.6014520643188106e-09,1.6017091816127513e-09,1.6019660955920426e-09,1.6022228064166875e-09,1.6024793142474342e-09,1.6027356192448688e-09,1.6029917215693213e-09,1.6032476213810132e-09,1.6035033188399489e-09,1.6037588141060002e-09,1.6040141073388343e-09,1.6042691986979245e-09,1.6045240883425666e-09,1.604778776431891e-09,1.6050332631248667e-09,1.6052875485803728e-09,1.6055416329569168e-09,1.6057955164129888e-09,1.6060491991068573e-09,1.6063026811965553e-09,1.6065559628400405e-09,1.6068090441950612e-09,1.6070619254191457e-09,1.6073146066698051e-09,1.607567088104034e-09,1.6078193698790366e-09,1.6080714521516474e-09,1.6083233350786816e-09,1.608575018816613e-09,1.6088265035220766e-09,1.6090777893507663e-09,1.6093288764589298e-09,1.6095797650024423e-09,1.6098304551369868e-09,1.6100809470181708e-09,1.6103312408011103e-09,1.6105813366410609e-09,1.6108312346920753e-09,1.6110809351099552e-09,1.6113304380478066e-09,1.6115797436664895e-09,1.6118288521146302e-09,1.6120777635472224e-09,1.612326478112224e-09,1.612574995968861e-09,1.6128233172779621e-09,1.6130714421847954e-09,1.6133193708462199e-09,1.6135671034157443e-09,1.6138146400427516e-09,1.614061980882808e-09,1.6143091260863625e-09,1.6145560758079611e-09,1.6148028302051044e-09,1.6150493894181015e-09,1.6152957536012405e-09,1.6155419229100407e-09,1.6157878975122107e-09,1.6160336775276888e-09,1.6162792631251228e-09,1.6165246544536876e-09,1.616769851676742e-09,1.617014854922886e-09,1.6172596643509003e-09,1.61750428011045e-09,1.6177487023571466e-09,1.6179929312537923e-09,1.6182369669301087e-09,1.6184808095448274e-09,1.618724459246236e-09,1.6189679161771388e-09,1.619211180483459e-09,1.6194542523233873e-09,1.6196971318454457e-09,1.6199398191988821e-09,1.6201823145227833e-09,1.6204246179851336e-09,1.6206667297246736e-09,1.6209086498898526e-09,1.6211503786287672e-09,1.6213919160894412e-09,1.6216332624197363e-09,1.6218744177673493e-09,1.6221153822798147e-09,1.6223561561045156e-09,1.6225967393886977e-09,1.6228371322794668e-09,1.62307733492372e-09,1.6233173474681597e-09,1.6235571700595145e-09,1.623796802844142e-09,1.624036245968368e-09,1.6242754995782038e-09,1.6245145638197756e-09,1.6247534388391306e-09,1.624992124781688e-09,1.6252306217930975e-09,1.6254689300187232e-09,1.6257070496037384e-09,1.6259449806933158e-09,1.6261827234323107e-09,1.6264202779654962e-09,1.6266576444375366e-09,1.626894822992824e-09,1.6271318137757337e-09,1.6273686169304748e-09,1.6276052326009704e-09,1.627841660931139e-09,1.6280779020658749e-09,1.6283139561475428e-09,1.6285498233196825e-09,1.6287855037255275e-09,1.6290209975082294e-09,1.6292563048107078e-09,1.6294914257758474e-09,1.629726360546322e-09,1.6299611092646273e-09,1.630195672073179e-09,1.6304300491142562e-09,1.6306642405298748e-09,1.630898246462078e-09,1.631132067052576e-09,1.6313657024431025e-09,1.6315991527751097e-09,1.6318324181900837e-09,1.6320654988292242e-09,1.6322983948336178e-09,1.6325311063442417e-09,1.6327636334969328e-09,1.6329959764367534e-09,1.6332281353042364e-09,1.6334601102397307e-09,1.633691901383323e-09,1.6339235088751684e-09,1.63415493285508e-09,1.634386173462874e-09,1.6346172308381084e-09,1.6348481051231539e-09,1.6350787964550388e-09,1.6353093049698616e-09,1.6355396308092793e-09,1.6357697741119558e-09,1.6359997350159905e-09,1.6362295136615912e-09,1.6364591101855262e-09,1.63668852472743e-09,1.6369177574282604e-09,1.63714680842034e-09,1.6373756778439136e-09,1.6376043658368474e-09,1.6378328725368176e-09,1.638061198081329e-09,1.6382893426077265e-09,1.638517306252301e-09,1.6387450891530365e-09,1.6389726914477784e-09,1.6392001132713498e-09,1.6394273547589861e-09,1.6396544160493846e-09,1.6398812972789496e-09,1.6401079985837938e-09,1.640334520099919e-09,1.6405608619631046e-09,1.6407870243121031e-09,1.641013007279668e-09,1.6412388110014513e-09,1.64146443561419e-09,1.641689881247306e-09,1.6419151480442176e-09,1.6421402361371494e-09,1.6423651456607467e-09,1.6425898767497922e-09,1.6428144295386716e-09,1.6430388041619766e-09,1.6432630007538452e-09,1.6434870194484736e-09,1.6437108603799292e-09,1.6439345236821035e-09,1.6441580094887003e-09,1.644381317933347e-09,1.6446044491496195e-09,1.6448274032708647e-09,1.6450501804303575e-09,1.6452727807671881e-09,1.645495204407911e-09,1.6457174514854489e-09,1.6459395221324358e-09,1.6461614164815535e-09,1.6463831346652727e-09,1.6466046768158808e-09,1.6468260430655722e-09,1.64704723354639e-09,1.647268248390283e-09,1.6474890877291226e-09,1.6477097516944365e-09,1.6479302404178302e-09,1.6481505540307137e-09,1.6483706926643015e-09,1.648590656449775e-09,1.6488104455181261e-09,1.6490300600002245e-09,1.6492495000268386e-09,1.6494687657274051e-09,1.649687857233733e-09,1.649906774674496e-09,1.6501255181816124e-09,1.6503440878850745e-09,1.650562483914906e-09,1.6507807064008658e-09,1.650998755472709e-09,1.6512166312600044e-09,1.65143433389222e-09,1.6516518634986317e-09,1.6518692202086605e-09,1.6520864041511523e-09,1.6523034154550988e-09,1.6525202542492775e-09,1.6527369206623142e-09,1.652953414822869e-09,1.6531697368593016e-09,1.6533858868999842e-09,1.653601865071989e-09,1.6538176715044607e-09,1.6540333063253816e-09,1.6542487696625557e-09,1.6544640616441972e-09,1.6546791823972523e-09,1.6548941320491723e-09,1.6551089107269974e-09,1.6553235185579343e-09,1.655537955665628e-09,1.6557522221843383e-09,1.655966318237694e-09,1.6561802439516533e-09,1.6563939994534608e-09,1.6566075848691322e-09,1.656821000324974e-09,1.6570342459478293e-09,1.6572473218626622e-09,1.657460228196429e-09,1.6576729650734842e-09,1.6578855326201222e-09,1.658097930962519e-09,1.6583101602258746e-09,1.6585222205354885e-09,1.6587341120166238e-09,1.658945834794076e-09,1.6591573889930623e-09,1.6593687747373826e-09,1.6595799921543393e-09,1.6597910413675698e-09,1.6600019225008721e-09,1.660212635678193e-09,1.6604231810230843e-09,1.6606335586633212e-09,1.6608437687200102e-09,1.6610538113171906e-09,1.6612636865767443e-09,1.6614733946244513e-09,1.6616829355837504e-09,1.6618923095780247e-09,1.6621015167340283e-09,1.6623105571712555e-09,1.6625194310133065e-09,1.6627281383825253e-09,1.6629366794022302e-09,1.6631450541951011e-09,1.6633532628838249e-09,1.6635613055905273e-09,1.6637691824381994e-09,1.66397689354964e-09,1.6641844390448707e-09,1.6643918190473033e-09,1.6645990336793614e-09,1.6648060830608548e-09,1.6650129673226015e-09,1.6652196865662685e-09,1.6654262409288321e-09,1.6656326305278027e-09,1.6658388554822871e-09,1.6660449159175952e-09,1.666250811952224e-09,1.6664565437048625e-09,1.666662111300593e-09,1.6668675148603711e-09,1.6670727545020946e-09,1.6672778303439643e-09,1.6674827425102571e-09,1.6676874911204652e-09,1.6678920762946482e-09,1.6680964981499967e-09,1.6683007568075601e-09,1.6685048523844948e-09,1.6687087850083967e-09,1.6689125547934742e-09,1.6691161618600754e-09,1.6693196063249766e-09,1.6695228883113163e-09,1.6697260079345875e-09,1.6699289653149994e-09,1.6701317605727116e-09,1.6703343938237965e-09,1.670536865189259e-09,1.6707391747861491e-09,1.6709413227321828e-09,1.6711433091453183e-09,1.6713451341459387e-09,1.671546797850936e-09,1.6717483003785365e-09,1.6719496418459225e-09,1.672150822371018e-09,1.672351842071335e-09,1.6725527010633639e-09,1.6727533994666349e-09,1.672953937396178e-09,1.6731543149666246e-09,1.6733545323029967e-09,1.6735545895183431e-09,1.6737544867283105e-09,1.673954224050023e-09,1.6741538016001542e-09,1.674353219495206e-09,1.6745524778514042e-09,1.674751576785264e-09,1.6749505164160484e-09,1.6751492968529946e-09,1.6753479182154669e-09,1.6755463806193441e-09,1.6757446841817967e-09,1.6759428290161732e-09,1.6761408152379366e-09,1.6763386429622342e-09,1.6765363123054537e-09,1.6767338233834863e-09,1.6769311763106903e-09,1.6771283712023314e-09,1.6773254081714968e-09,1.677522287335824e-09,1.6777190088088754e-09,1.6779155727034577e-09,1.6781119791359884e-09,1.6783082282199782e-09,1.6785043200691196e-09,1.678700254798114e-09,1.6788960325208804e-09,1.679091653351374e-09,1.6792871174033505e-09,1.6794824247904371e-09,1.6796775756263041e-09,1.6798725700243863e-09,1.6800674080980117e-09,1.680262089960419e-09,1.6804566157248097e-09,1.6806509855042383e-09,1.6808451994116717e-09,1.6810392575599775e-09,1.6812331600618584e-09,1.68142690702994e-09,1.6816204985768144e-09,1.6818139348148462e-09,1.6820072158564042e-09,1.6822003418137226e-09,1.6823933127988509e-09,1.6825861289238662e-09,1.6827787903006572e-09,1.6829712970410923e-09,1.683163649256772e-09,1.6833558470594006e-09,1.683547890560446e-09,1.6837397798700932e-09,1.6839315151024281e-09,1.6841230963648958e-09,1.684314523772809e-09,1.684505797437441e-09,1.6846969174664433e-09,1.6848878839699326e-09,1.6850786970602189e-09,1.6852693568478731e-09,1.6854598634434275e-09,1.6856502169572227e-09,1.6858404174995753e-09,1.686030465180639e-09,1.6862203601099401e-09,1.6864101023981738e-09,1.6865996921551376e-09,1.6867891294906563e-09,1.6869784145143664e-09,1.6871675473359266e-09,1.6873565280647873e-09,1.6875453568098264e-09,1.6877340336807913e-09,1.6879225587868415e-09,1.6881109322288203e-09,1.6882991541243777e-09,1.6884872245898276e-09,1.6886751437265805e-09,1.6888629116437787e-09,1.689050528448604e-09,1.6892379942502519e-09,1.6894253091568645e-09,1.6896124732764816e-09,1.6897994867196681e-09,1.689986349591261e-09,1.6901730620004951e-09,1.690359624055337e-09,1.6905460358671423e-09,1.690732297536566e-09,1.690918409175312e-09,1.6911043708902702e-09,1.6912901827886577e-09,1.6914758449779745e-09,1.691661357565169e-09,1.6918467206583299e-09,1.6920319343675348e-09,1.6922169987931204e-09,1.692401914044426e-09,1.692586680228832e-09,1.6927712974531487e-09,1.6929557658305336e-09,1.6931400854514728e-09,1.6933242564336075e-09,1.6935082788812697e-09,1.6936921529005932e-09,1.6938758785971466e-09,1.6940594560773273e-09,1.6942428854437361e-09,1.694426166809296e-09,1.6946093002733511e-09,1.6947922859483738e-09,1.6949751239341354e-09,1.6951578143348538e-09,1.695340357254927e-09,1.6955227528092352e-09,1.6957050010965693e-09,1.6958871022199697e-09,1.6960690562927288e-09,1.6962508634105744e-09,1.6964325236811315e-09,1.6966140372095647e-09,1.6967954040996806e-09,1.6969766244616585e-09,1.6971576983900506e-09,1.6973386259939554e-09,1.6975194073746832e-09,1.697700042641973e-09,1.6978805318967514e-09,1.6980608752440291e-09,1.6982410727852775e-09,1.6984211246274817e-09,1.6986010308723184e-09,1.6987807916233482e-09,1.698960406983777e-09,1.6991398770595291e-09,1.6993192019503215e-09,1.6994983817620159e-09,1.699677416596088e-09,1.6998563065563438e-09,1.7000350517455948e-09,1.700213652267122e-09,1.7003921082236026e-09,1.7005704197167403e-09,1.7007485868494898e-09,1.7009266097244304e-09,1.7011044884439411e-09,1.7012822231112743e-09,1.7014598138266302e-09,1.7016372606933115e-09,1.7018145638135615e-09,1.7019917232890947e-09,1.7021687392216124e-09,1.7023456117130022e-09,1.7025223408648067e-09,1.7026989267781056e-09,1.702875369556135e-09,1.7030516692997002e-09,1.7032278261083272e-09,1.7034038400854487e-09,1.7035797113304786e-09,1.7037554399449127e-09,1.7039310260306392e-09,1.704106469687788e-09,1.7042817710176678e-09,1.7044569301203228e-09,1.7046319470962614e-09,1.704806822046608e-09,1.7049815550718363e-09,1.7051561462713766e-09,1.7053305957462497e-09,1.7055049035964705e-09,1.7056790699221204e-09,1.7058530948233203e-09,1.7060269783997928e-09,1.7062007207488595e-09,1.7063743219724252e-09,1.7065477821709683e-09,1.706721101443318e-09,1.7068942798925343e-09,1.7070673176140865e-09,1.7072402146982594e-09,1.7074129712628082e-09,1.7075855873983822e-09,1.7077580632037091e-09,1.707930398777903e-09,1.7081025942171145e-09,1.708274649624519e-09,1.708446565097083e-09,1.7086183407333358e-09,1.7087899766313938e-09,1.7089614728898082e-09,1.7091328296083098e-09,1.7093040468834539e-09,1.7094751248149722e-09,1.7096460634995642e-09,1.7098168630345812e-09,1.709987523519885e-09,1.710158045052892e-09,1.7103284277311458e-09,1.710498671652265e-09,1.7106687769193385e-09,1.7108387436105108e-09,1.7110085718358419e-09,1.7111782616916447e-09,1.7113478132872098e-09,1.7115172267097836e-09,1.711686502056545e-09,1.7118556394244212e-09,1.7120246389102626e-09,1.7121935006110298e-09,1.7123622246234252e-09,1.7125308110442355e-09,1.7126992599700049e-09,1.7128675714972466e-09,1.7130357457223738e-09,1.7132037827417467e-09,1.7133716826516462e-09,1.7135394455483984e-09,1.7137070715278002e-09,1.713874560686004e-09,1.7140419131190173e-09,1.7142091289225851e-09,1.7143762081928266e-09,1.714543151025117e-09,1.7147099575151606e-09,1.71487662775863e-09,1.715043161850785e-09,1.7152095598869852e-09,1.7153758219624787e-09,1.7155419481724673e-09,1.715707938612138e-09,1.7158737933764544e-09,1.7160395125603975e-09,1.716205096258834e-09,1.7163705445666208e-09,1.7165358575784252e-09,1.7167010353888547e-09,1.7168660780925248e-09,1.7170309857838605e-09,1.7171957585573085e-09,1.717360396507151e-09,1.7175248997276022e-09,1.7176892683128513e-09,1.7178535023569681e-09,1.7180176019539388e-09,1.7181815671977101e-09,1.718345398182055e-09,1.718509094993914e-09,1.7186726577335604e-09,1.7188360864944913e-09,1.7189993813701232e-09,1.7191625424535035e-09,1.719325569837422e-09,1.7194884636265043e-09,1.719651223904116e-09,1.719813850763292e-09,1.7199763442970675e-09,1.7201387045999014e-09,1.7203009317632184e-09,1.7204630258783976e-09,1.720624987037526e-09,1.7207868153367494e-09,1.7209485108675335e-09,1.7211100737223394e-09,1.7212715039933826e-09,1.7214328017729148e-09,1.7215939671532492e-09,1.7217550002265589e-09,1.7219159010849933e-09,1.722076669820509e-09,1.7222373065251657e-09,1.72239781129074e-09,1.7225581842090877e-09,1.7227184253719454e-09,1.7228785348709103e-09,1.7230385127976492e-09,1.7231983592435664e-09,1.7233580743007097e-09,1.723517658059662e-09,1.7236771106118458e-09,1.723836432048325e-09,1.723995622460345e-09,1.724154681938682e-09,1.7243136105745582e-09,1.7244724084588715e-09,1.7246310756823818e-09,1.7247896123390764e-09,1.7249480185142922e-09,1.7251062942994105e-09,1.7252644397863291e-09,1.7254224550652589e-09,1.7255803402267815e-09,1.7257380953610037e-09,1.7258957205582075e-09,1.7260532159085156e-09,1.7262105815019293e-09,1.7263678174285045e-09,1.7265249237782423e-09,1.7266819006407282e-09,1.7268387481058354e-09,1.7269954662630807e-09,1.7271520552011434e-09,1.7273085150118686e-09,1.7274648457834229e-09,1.7276210476046955e-09,1.72777712056611e-09,1.7279330647563318e-09,1.728088880263378e-09,1.7282445671787739e-09,1.7284001256023345e-09,1.728555555610886e-09,1.7287108572933013e-09,1.7288660307386123e-09,1.729021076035027e-09,1.7291759932718256e-09,1.7293307825368023e-09,1.7294854439189337e-09,1.7296399775066698e-09,1.7297943833882554e-09,1.7299486616520412e-09,1.7301028123862289e-09,1.7302568356790918e-09,1.730410731618366e-09,1.7305645002920519e-09,1.7307181417883727e-09,1.7308716561948242e-09,1.7310250435991782e-09,1.7311783040899762e-09,1.7313314377537109e-09,1.7314844446785962e-09,1.7316373249518025e-09,1.7317900786608231e-09,1.7319427058930034e-09,1.732095206735746e-09,1.7322475812759578e-09,1.7323998296011978e-09,1.7325519517982693e-09,1.7327039479539053e-09,1.7328558181553483e-09,1.7330075624766585e-09,1.7331591810173003e-09,1.733310673863943e-09,1.733462041103238e-09,1.7336132828217274e-09,1.7337643991059972e-09,1.733915390042332e-09,1.734066255717155e-09,1.7342169962166729e-09,1.734367611627095e-09,1.734518102034625e-09,1.7346684675251885e-09,1.734818708184918e-09,1.7349688240996787e-09,1.7351188153553073e-09,1.7352686820375542e-09,1.7354184242321647e-09,1.7355680420248221e-09,1.7357175355010206e-09,1.735866904746263e-09,1.7360161498460447e-09,1.7361652708856621e-09,1.7363142679504482e-09,1.7364631411255911e-09,1.736611890496274e-09,1.7367605161475266e-09,1.7369090181644371e-09,1.7370573966319069e-09,1.7372056516348364e-09,1.7373537832579473e-09,1.7375017915860925e-09,1.7376496767039004e-09,1.7377974386959402e-09,1.7379450776467878e-09,1.7380925936408567e-09,1.7382399867625608e-09,1.7383872570962805e-09,1.7385344047261638e-09,1.738681429736515e-09,1.7388283322113781e-09,1.7389751122348454e-09,1.7391217698908296e-09,1.7392683052633798e-09,1.7394147184362897e-09,1.7395610094932475e-09,1.739707178518109e-09,1.7398532255944148e-09,1.7399991508057582e-09,1.7401449542357259e-09,1.7402906359677044e-09,1.7404361960850682e-09,1.7405816346772159e-09,1.7407269518213062e-09,1.7408721476005088e-09,1.741017222098003e-09,1.7411621753968005e-09,1.7413070075794958e-09,1.7414517187291654e-09,1.7415963089289977e-09,1.7417407782615608e-09,1.7418851268095585e-09,1.7420293546555318e-09,1.7421734618823873e-09,1.7423174485724398e-09,1.7424613148080058e-09,1.7426050606716106e-09,1.7427486862454937e-09,1.742892191611968e-09,1.7430355768530302e-09,1.7431788420510917e-09,1.7433219872880213e-09,1.7434650126457021e-09,1.7436079182063246e-09,1.743750704051548e-09,1.7438933702630647e-09,1.7440359169160247e-09,1.7441783440987791e-09,1.7443206518929801e-09,1.7444628403801613e-09,1.744604909642874e-09,1.744746859761335e-09,1.7448886908168488e-09,1.7450304028906724e-09,1.7451719960640438e-09,1.7453134704180672e-09,1.7454548260337945e-09,1.7455960629922362e-09,1.7457371813743298e-09,1.7458781812609115e-09,1.7460190627329246e-09,1.7461598258708721e-09,1.746300470755643e-09,1.7464409974678049e-09,1.7465814060878562e-09,1.7467216966963364e-09,1.7468618693736425e-09,1.747001924200104e-09,1.7471418612560798e-09,1.7472816806216997e-09,1.747421382377268e-09,1.747560966602763e-09,1.7477004333783137e-09,1.7478397827837983e-09,1.7479790148992486e-09,1.7481181298044248e-09,1.7482571275791544e-09,1.7483960083031083e-09,1.748534772055995e-09,1.7486734189173919e-09,1.74881194896685e-09,1.7489503622838345e-09,1.7490886589477266e-09,1.749226839037895e-09,1.749364902633567e-09,1.7495028498131818e-09,1.7496406806567482e-09,1.7497783952434402e-09,1.7499159936521827e-09,1.750053475962014e-09,1.7501908422518257e-09,1.7503280926006187e-09,1.7504652270869713e-09,1.7506022457895593e-09,1.7507391487870737e-09,1.7508759361580756e-09,1.751012607981113e-09,1.7511491643346817e-09,1.7512856052971554e-09,1.7514219309468683e-09,1.7515581413621815e-09,1.7516942366212293e-09,1.7518302168021794e-09,1.7519660819832044e-09,1.7521018322422735e-09,1.7522374676573877e-09,1.752372988306498e-09,1.752508394267393e-09,1.7526436856178822e-09,1.7527788624357314e-09,1.7529139247985552e-09,1.7530488727840345e-09,1.7531837064697192e-09,1.753318425932971e-09,1.7534530312513725e-09,1.7535875225022001e-09,1.7537218997627923e-09,1.753856163110379e-09,1.7539903126221876e-09,1.7541243483752358e-09,1.7542582704467088e-09,1.7543920789135282e-09,1.7545257738526707e-09,1.7546593553410717e-09,1.754792823455401e-09,1.7549261782725435e-09,1.755059419869172e-09,1.755192548321905e-09,1.7553255637074149e-09,1.7554584661021267e-09,1.7555912555824965e-09,1.7557239322250416e-09,1.7558564961059535e-09,1.7559889473016214e-09,1.756121285888228e-09,1.7562535119419685e-09,1.7563856255388693e-09,1.7565176267550824e-09,1.756649515666547e-09,1.7567812923491687e-09,1.7569129568788718e-09,1.7570445093313816e-09,1.7571759497825302e-09,1.7573072783079258e-09,1.7574384949832834e-09,1.757569599884109e-09,1.7577005930859505e-09,1.757831474664299e-09,1.7579622446944967e-09,1.7580929032518953e-09,1.758223450411772e-09,1.7583538862493484e-09,1.7584842108399964e-09,1.7586144242586468e-09,1.7587445265803251e-09,1.7588745178800095e-09,1.7590043982325965e-09,1.7591341677130157e-09,1.7592638263960676e-09,1.7593933743564344e-09,1.7595228116689352e-09,1.7596521384081364e-09,1.7597813546486201e-09,1.759910460464913e-09,1.7600394559315303e-09,1.7601683411227798e-09,1.760297116113149e-09,1.7604257809772261e-09,1.7605543357881409e-09,1.7606827806208155e-09,1.7608111155496923e-09,1.7609393406484518e-09,1.761067455991169e-09,1.7611954616518207e-09,1.7613233577042557e-09,1.7614511442213941e-09,1.7615788212791982e-09,1.7617063889501655e-09,1.7618338473078827e-09,1.761961196425952e-09,1.7620884363779713e-09,1.7622155672374778e-09,1.7623425890777713e-09,1.762469501972335e-09,1.762596305994493e-09,1.762723001217506e-09,1.7628495877145277e-09,1.762976065558775e-09,1.7631024348233794e-09,1.7632286955812613e-09,1.7633548479055253e-09,1.763480891869059e-09,1.7636068275447174e-09,1.763732655005342e-09,1.7638583743236837e-09,1.7639839855725153e-09,1.7641094888244101e-09,1.7642348841519444e-09,1.7643601716276907e-09,1.764485351324184e-09,1.7646104233137653e-09,1.7647353876689058e-09,1.764860244461772e-09,1.764984993764795e-09,1.7651096356500712e-09,1.7652341701898103e-09,1.765358597456083e-09,1.765482917520961e-09,1.765607130456351e-09,1.7657312363342577e-09,1.7658552352265481e-09,1.7659791272050047e-09,1.7661029123413917e-09,1.7662265907074602e-09,1.7663501623748454e-09,1.7664736274151682e-09,1.7665969858999673e-09,1.766720237900738e-09,1.7668433834888485e-09,1.7669664227357842e-09,1.7670893557128232e-09,1.7672121824912132e-09,1.7673349031422567e-09,1.7674575177370189e-09,1.7675800263466701e-09,1.7677024290422732e-09,1.7678247258948232e-09,1.7679469169752036e-09,1.7680690023543775e-09,1.7681909821032092e-09,1.7683128562924055e-09,1.7684346249927722e-09,1.768556288274912e-09,1.7686778462095454e-09,1.7687992988671769e-09,1.7689206463183206e-09,1.7690418886334834e-09,1.7691630258830522e-09,1.7692840581373663e-09,1.7694049854667696e-09,1.7695258079415227e-09,1.7696465256317543e-09,1.7697671386076526e-09,1.7698876469392508e-09,1.7700080506967092e-09,1.7701283499498973e-09,1.7702485447687993e-09,1.7703686352232916e-09,1.7704886213831583e-09,1.7706085033182306e-09,1.7707282810981802e-09,1.770847954792679e-09,1.7709675244713637e-09,1.7710869902038563e-09,1.7712063520595348e-09,1.7713256101078962e-09,1.7714447644184129e-09,1.7715638150603732e-09,1.7716827621030415e-09,1.7718016056157537e-09,1.7719203456676818e-09,1.7720389823278964e-09,1.7721575156655673e-09,1.7722759457497125e-09,1.772394272649288e-09,1.7725124964332411e-09,1.7726306171705063e-09,1.7727486349298056e-09,1.772866549780014e-09,1.772984361789802e-09,1.7731020710278537e-09,1.7732196775627814e-09,1.7733371814631585e-09,1.7734545827975691e-09,1.7735718816344049e-09,1.7736890780420496e-09,1.7738061720889586e-09,1.7739231638434315e-09,1.774040053373681e-09,1.7741568407478867e-09,1.774273526034316e-09,1.7743901093009941e-09,1.7745065906159776e-09,1.7746229700473245e-09,1.7747392476587664e-09,1.7748554235224468e-09,1.7749714977057325e-09,1.7750874702768435e-09,1.7752033413030715e-09,1.7753191108519236e-09,1.7754347789910871e-09,1.77555034579477e-09,1.7756658113244823e-09,1.775781175641971e-09,1.7758964388210053e-09,1.7760116009292053e-09,1.7761266620335114e-09,1.7762416222011264e-09,1.7763564814990325e-09,1.776471239994842e-09,1.7765858977552317e-09,1.7767004548474864e-09,1.7768149113377158e-09,1.7769292672936911e-09,1.7770435227823447e-09,1.7771576778706122e-09,1.7772717326252087e-09,1.7773856871130959e-09,1.7774995414009893e-09,1.7776132955554507e-09,1.7777269496432119e-09,1.7778405037309257e-09,1.777953957884995e-09,1.7780673121720854e-09,1.7781805666584213e-09,1.7782937214105854e-09,1.7784067764948048e-09,1.7785197319774842e-09,1.778632587924742e-09,1.7787453444029306e-09,1.7788580014780584e-09,1.7789705592163439e-09,1.7790830176836867e-09,1.7791953769461291e-09,1.779307637069735e-09,1.7794197981202196e-09,1.7795318601637557e-09,1.7796438232658184e-09,1.7797556874923088e-09,1.7798674529145223e-09,1.7799791195926933e-09,1.7800906875922443e-09,1.7802021569790345e-09,1.7803135278180124e-09,1.7804248001748612e-09,1.7805359741149681e-09,1.7806470497037475e-09,1.7807580270065685e-09,1.7808689060885813e-09,1.7809796870151178e-09,1.7810903698513377e-09,1.781200954662297e-09,1.7813114415131831e-09,1.7814218304689526e-09,1.7815321215945638e-09,1.7816423149549744e-09,1.7817524106151043e-09,1.7818624086397253e-09,1.7819723090936559e-09,1.7820821120416e-09,1.7821918175481772e-09,1.7823014256781262e-09,1.7824109364960432e-09,1.7825203500664874e-09,1.7826296664540792e-09,1.782738885723175e-09,1.78284800793811e-09,1.7829570331631248e-09,1.7830659614626167e-09,1.7831747929009445e-09,1.7832835275422504e-09,1.783392165450696e-09,1.7835007066904466e-09,1.7836091513255554e-09,1.7837174994200262e-09,1.7838257510378386e-09,1.7839339062430796e-09,1.784041965099508e-09,1.7841499276708608e-09,1.7842577940201467e-09,1.7843655642119708e-09,1.7844732383100242e-09,1.7845808163779153e-09,1.784688298479309e-09,1.7847956846777199e-09,1.7849029750366609e-09,1.7850101696196141e-09,1.7851172684899795e-09,1.785224271711129e-09,1.7853311793463457e-09,1.7854379914589064e-09,1.7855447081120859e-09,1.785651329369034e-09,1.785757855292917e-09,1.7858642859467554e-09,1.785970621393667e-09,1.7860768616966148e-09,1.7861830069185056e-09,1.7862890571223005e-09,1.7863950123708066e-09,1.7865008727269141e-09,1.7866066382533083e-09,1.7867123090127451e-09,1.7868178850678663e-09,1.7869233664813434e-09,1.7870287533156575e-09,1.7871340456334855e-09,1.7872392434972556e-09,1.787344346969377e-09,1.787449356112244e-09,1.7875542709882737e-09,1.7876590916597574e-09,1.7877638181902007e-09,1.7878684506417524e-09,1.7879729890744042e-09,1.788077433551208e-09,1.7881817841341335e-09,1.788286040885376e-09,1.7883902038669165e-09,1.7884942731406802e-09,1.788598248768568e-09,1.7887021308124043e-09,1.7888059193340745e-09,1.788909614395256e-09,1.789013216057697e-09,1.7891167243830958e-09,1.7892201394330772e-09,1.7893234612691677e-09,1.7894266899529957e-09,1.789529825545963e-09,1.7896328681095409e-09,1.7897358177051605e-09,1.7898386743937197e-09,1.7899414382374422e-09,1.7900441092972216e-09,1.79014668763426e-09,1.790249173309765e-09,1.7903515663857314e-09,1.7904538669222781e-09,1.790556074980343e-09,1.7906581906210316e-09,1.7907602139052754e-09,1.7908621448939373e-09,1.7909639836479026e-09,1.7910657302280166e-09,1.7911673846951064e-09,1.791268947109818e-09,1.791370417532873e-09,1.7914717960249471e-09,1.7915730826465843e-09,1.7916742774584215e-09,1.7917753805209318e-09,1.7918763918946089e-09,1.7919773116397936e-09,1.7920781398169934e-09,1.7921788764844116e-09,1.7922795217044456e-09,1.7923800755374074e-09,1.7924805380433445e-09,1.79258090928261e-09,1.7926811893152365e-09,1.792781378201267e-09,1.7928814760008343e-09,1.7929814827737847e-09,1.7930813985801792e-09,1.793181223479903e-09,1.7932809575327344e-09,1.7933806007985848e-09,1.7934801533372028e-09,1.7935796152083424e-09,1.7936789864716475e-09,1.793778267186732e-09,1.7938774574132622e-09,1.7939765572107344e-09,1.794075566638774e-09,1.7941744857567415e-09,1.7942733146240816e-09,1.794372053300231e-09,1.7944707018444131e-09,1.794569260316057e-09,1.7946677287743712e-09,1.7947661072786128e-09,1.7948643958878754e-09,1.7949625946613172e-09,1.7950607036580357e-09,1.7951587229386598e-09,1.7952566525604202e-09,1.7953544925823199e-09,1.7954522430620019e-09,1.7955499040598316e-09,1.7956474756346212e-09,1.7957449578451842e-09,1.7958423507502772e-09,1.7959396544084874e-09,1.7960368688785632e-09,1.7961339942190919e-09,1.7962310304889946e-09,1.7963279777463975e-09,1.796424836049801e-09,1.7965216054576593e-09,1.7966182860284139e-09,1.7967148778203877e-09,1.7968113808919055e-09,1.7969077953013112e-09,1.797004121106792e-09,1.7971003583665767e-09,1.7971965071388285e-09,1.7972925674813678e-09,1.7973885394525208e-09,1.7974844231103082e-09,1.7975802185127765e-09,1.7976759257177553e-09,1.797771544783291e-09,1.7978670757671865e-09,1.7979625187272643e-09,1.7980578737212613e-09,1.7981531408069802e-09,1.7982483200421552e-09,1.7983434114843114e-09,1.7984384151911655e-09,1.7985333312202839e-09,1.798628159629169e-09,1.7987229004753568e-09,1.7988175538162609e-09,1.798912119709298e-09,1.7990065982118668e-09,1.7991009893812823e-09,1.7991952932747475e-09,1.7992895099496538e-09,1.7993836394635067e-09,1.7994776818730236e-09,1.7995716372354918e-09,1.7996655056078776e-09,1.7997592870472278e-09,1.7998529816103023e-09,1.7999465893543614e-09,1.800040110336306e-09,1.8001335446130373e-09,1.8002268922416583e-09,1.8003201532786268e-09,1.8004133277806899e-09,1.800506415804662e-09,1.8005994174071106e-09,1.800692332644691e-09,1.8007851615740568e-09,1.8008779042517216e-09,1.8009705607341574e-09,1.8010631310779047e-09,1.8011556153393749e-09,1.8012480135749838e-09,1.8013403258409885e-09,1.8014325521937978e-09,1.8015246926896607e-09,1.8016167473848489e-09,1.8017087163354878e-09,1.8018005995977509e-09,1.8018923972277805e-09,1.8019841092815487e-09,1.8020757358152353e-09,1.8021672768847481e-09,1.8022587325460508e-09,1.8023501028551184e-09,1.8024413878676918e-09,1.8025325876397079e-09,1.8026237022269126e-09,1.8027147316851068e-09,1.8028056760700743e-09,1.8028965354372345e-09,1.802987309842466e-09,1.8030779993413214e-09,1.8031686039892512e-09,1.8032591238418956e-09,1.8033495589546671e-09,1.803439909382995e-09,1.8035301751822907e-09,1.8036203564079773e-09,1.8037104531152649e-09,1.803800465359504e-09,1.803890393195924e-09,1.803980236679758e-09,1.8040699958661431e-09,1.804159670810143e-09,1.804249261566978e-09,1.8043387681915579e-09,1.804428190738936e-09,1.8045175292641495e-09,1.8046067838220221e-09,1.8046959544675563e-09,1.8047850412554864e-09,1.8048740442407536e-09,1.8049629634779137e-09,1.805051799021759e-09,1.8051405509272242e-09,1.805229219248751e-09,1.8053178040410009e-09,1.8054063053584617e-09,1.8054947232558837e-09,1.805583057787634e-09,1.8056713090063432e-09,1.805759476968271e-09,1.8058475617272714e-09,1.8059355633372667e-09,1.8060234818573358e-09,1.806111317334354e-09,1.806199069827048e-09,1.8062867393892228e-09,1.8063743260749183e-09,1.8064618299382674e-09,1.8065492510330397e-09,1.8066365894133738e-09,1.8067238451332824e-09,1.8068110182467252e-09,1.8068981088074923e-09,1.8069851168695517e-09,1.8070720424867746e-09,1.8071588857128606e-09,1.8072456466016875e-09,1.8073323252069464e-09,1.8074189215823952e-09,1.8075054357815795e-09,1.8075918678582452e-09,1.8076782178658372e-09,1.807764485858085e-09,1.807850671888326e-09,1.807936776010128e-09,1.808022798276875e-09,1.8081087387420056e-09,1.8081945974588902e-09,1.808280374480786e-09,1.8083660698610439e-09,1.808451683652875e-09,1.8085372159095138e-09,1.8086226666840997e-09,1.8087080360298414e-09,1.808793323999723e-09,1.8088785306468746e-09,1.8089636560243591e-09,1.8090487001851159e-09,1.8091336631820736e-09,1.809218545068187e-09,1.8093033458963131e-09,1.8093880657192888e-09,1.8094727045899034e-09,1.8095572625609728e-09,1.809641739685146e-09,1.809726136015173e-09,1.809810451603667e-09,1.8098946865033058e-09,1.809978840766616e-09,1.8100629144461719e-09,1.8101469075944156e-09,1.810230820263868e-09,1.810314652506973e-09,1.8103984043761357e-09,1.8104820759236565e-09,1.8105656672018953e-09,1.8106491782631265e-09,1.8107326091596176e-09,1.8108159599435713e-09,1.8108992306671215e-09,1.8109824213824462e-09,1.8110655321416705e-09,1.811148562997362e-09,1.8112315140010686e-09,1.8113143852064908e-09,1.8113971766632806e-09,1.8114798884237145e-09,1.8115625205397043e-09,1.8116450730631888e-09,1.811727546045984e-09,1.8118099395404428e-09,1.8118922535976274e-09,1.8119744882694793e-09,1.8120566436077521e-09,1.8121387196639715e-09,1.8122207164898658e-09,1.8123026341370228e-09,1.8123844726570542e-09,1.8124662321017024e-09,1.8125479125211188e-09,1.8126295139635284e-09,1.8127110364873719e-09,1.8127924801408527e-09,1.812873844975062e-09,1.8129551310378566e-09,1.8130363383880403e-09,1.813117467073092e-09,1.8131985171437693e-09,1.8132794886516387e-09,1.8133603816435236e-09,1.813441196178068e-09,1.8135219323054463e-09,1.8136025900722608e-09,1.8136831695308349e-09,1.8137636707318042e-09,1.8138440937278485e-09,1.8139244385656845e-09,1.8140047052952947e-09,1.8140848939753056e-09,1.8141650046550203e-09,1.8142450373816762e-09,1.8143249922071241e-09,1.8144048691807494e-09,1.8144846683552548e-09,1.8145643897758048e-09,1.8146440335014241e-09,1.814723599573423e-09,1.8148030880510743e-09,1.814882498980691e-09,1.8149618324131565e-09,1.8150410883988336e-09,1.8151202669889985e-09,1.815199368232029e-09,1.8152783921786622e-09,1.815357338879031e-09,1.8154362083835598e-09,1.815515000742383e-09,1.8155937160055768e-09,1.815672354223297e-09,1.8157509154454743e-09,1.8158293997222126e-09,1.8159078071034064e-09,1.8159861376388634e-09,1.8160643913786854e-09,1.8161425683764349e-09,1.816220668674631e-09,1.8162986923265658e-09,1.816376639382118e-09,1.8164545098909812e-09,1.8165323039033644e-09,1.8166100214686942e-09,1.8166876626341198e-09,1.8167652274518244e-09,1.816842715971509e-09,1.816920128242673e-09,1.8169974643144724e-09,1.8170747242375941e-09,1.8171519080582943e-09,1.8172290158294235e-09,1.8173060475985776e-09,1.817383003414916e-09,1.8174598833228527e-09,1.8175366873787768e-09,1.81761341563153e-09,1.8176900681283943e-09,1.8177666449187174e-09,1.8178431460516e-09,1.8179195715778454e-09,1.817995921543335e-09,1.8180721959989739e-09,1.8181483949925464e-09,1.8182245185733718e-09,1.8183005667913392e-09,1.818376539692752e-09,1.8184524373294842e-09,1.8185282597486337e-09,1.8186040069972953e-09,1.8186796791290805e-09,1.818755276190626e-09,1.8188307982301617e-09,1.818906245296436e-09,1.8189816174365684e-09,1.8190569146977769e-09,1.819132137135637e-09,1.819207284794051e-09,1.8192823577215564e-09,1.8193573559676494e-09,1.8194322795781032e-09,1.8195071286019871e-09,1.8195819030910214e-09,1.8196566030937432e-09,1.8197312286525935e-09,1.8198057798203793e-09,1.8198802566433338e-09,1.8199546591705796e-09,1.8200289874500177e-09,1.8201032415289314e-09,1.8201774214570444e-09,1.8202515272819604e-09,1.8203255590508426e-09,1.8203995168121615e-09,1.8204734006140903e-09,1.8205472105038771e-09,1.8206209465300015e-09,1.8206946087402777e-09,1.8207681971819044e-09,1.8208417119031278e-09,1.8209151529517695e-09,1.8209885203755528e-09,1.821061814224321e-09,1.8211350345406988e-09,1.8212081813750785e-09,1.821281254774589e-09,1.8213542547876925e-09,1.8214271814625408e-09,1.8215000348455575e-09,1.8215728149842509e-09,1.8216455219267509e-09,1.821718155715185e-09,1.82179071640447e-09,1.8218632040369645e-09,1.8219356186622272e-09,1.822007960326974e-09,1.8220802290797318e-09,1.8221524249651754e-09,1.8222245480317028e-09,1.8222965983264415e-09,1.8223685758959176e-09,1.8224404807881627e-09,1.8225123130498709e-09,1.8225840727280237e-09,1.822655759869967e-09,1.8227273745213004e-09,1.8227989167304558e-09,1.8228703865434062e-09,1.8229417840068682e-09,1.823013109168522e-09,1.8230843620743079e-09,1.8231555427815668e-09,1.8232266513159388e-09,1.8232976877363245e-09,1.8233686520910213e-09,1.8234395444200533e-09,1.8235103647730927e-09,1.8235811132013155e-09,1.8236517897431672e-09,1.823722394449416e-09,1.8237929273658963e-09,1.8238633885386839e-09,1.8239337780157538e-09,1.8240040958449897e-09,1.824074342069921e-09,1.8241445167404836e-09,1.824214619898672e-09,1.8242846515909048e-09,1.8243546118598532e-09,1.8244245007559043e-09,1.8244943183251952e-09,1.8245640646134152e-09,1.8246337396670923e-09,1.8247033435321875e-09,1.8247728762547873e-09,1.8248423378807926e-09,1.8249117284562036e-09,1.8249810480269105e-09,1.8250502966388377e-09,1.8251194743377969e-09,1.8251885811696783e-09,1.8252576171801935e-09,1.8253265824151327e-09,1.8253954769202282e-09,1.825464300741191e-09,1.8255330539236454e-09,1.8256017365133095e-09,1.8256703485556968e-09,1.8257388900964139e-09,1.8258073611810443e-09,1.8258757618550096e-09,1.825944092163889e-09,1.8260123521530758e-09,1.82608054186803e-09,1.8261486613540737e-09,1.826216710656595e-09,1.826284689820955e-09,1.8263525988923907e-09,1.8264204379227018e-09,1.8264882069505718e-09,1.8265559060212697e-09,1.8266235351799374e-09,1.82669109447172e-09,1.8267585839417914e-09,1.82682600363517e-09,1.8268933535968945e-09,1.8269606338719838e-09,1.82702784450547e-09,1.8270949855422848e-09,1.8271620570273627e-09,1.8272290590055826e-09,1.8272959915218548e-09,1.8273628546209647e-09,1.8274296483477324e-09,1.8274963727470146e-09,1.8275630278634139e-09,1.8276296137417488e-09,1.8276961304266847e-09,1.82776257796285e-09,1.8278289563949014e-09,1.8278952657673432e-09,1.8279615061248942e-09,1.8280276775119298e-09,1.8280937799730547e-09,1.828159813552674e-09,1.828225778295339e-09,1.8282916742382883e-09,1.8283575014330237e-09,1.8284232599238494e-09,1.8284889497551258e-09,1.8285545709710953e-09,1.8286201236160157e-09,1.8286856077340823e-09,1.8287510233694999e-09,1.8288163705674507e-09,1.8288816493715145e-09,1.8289468598255464e-09,1.8290120019735008e-09,1.8290770758594454e-09,1.829142081527375e-09,1.8292070190211692e-09,1.829271888385437e-09,1.8293366896630965e-09,1.8294014228987827e-09,1.8294660881362225e-09,1.8295306854192789e-09,1.829595214791725e-09,1.8296596762959587e-09,1.8297240699772553e-09,1.829788395878982e-09,1.829852654049929e-09,1.8299168445268617e-09,1.8299809673552222e-09,1.830045022576283e-09,1.8301090102365974e-09,1.8301729303795844e-09,1.8302367830487131e-09,1.8303005682871365e-09,1.8303642861383542e-09,1.8304279366457501e-09,1.8304915198527407e-09,1.8305550358026376e-09,1.830618484538729e-09,1.8306818661102024e-09,1.8307451805545888e-09,1.830808427914808e-09,1.8308716082307637e-09,1.8309347215492867e-09,1.8309977679143288e-09,1.8310607473750657e-09,1.8311236599609076e-09,1.8311865057210573e-09,1.8312492847052016e-09,1.8313119969445524e-09,1.8313746424882197e-09,1.8314372213791149e-09,1.8314997336600587e-09,1.831562179374101e-09,1.8316245585640105e-09,1.8316868712726743e-09,1.8317491175429293e-09,1.8318112974175658e-09,1.831873410943065e-09,1.831935458154541e-09,1.8319974391029473e-09,1.8320593538226543e-09,1.8321212023603283e-09,1.8321829847589645e-09,1.832244701059695e-09,1.83230635130675e-09,1.8323679355465372e-09,1.8324294538129646e-09,1.832490906156893e-09,1.8325522926145991e-09,1.8326136132276036e-09,1.8326748680408366e-09,1.832736057096765e-09,1.8327971804373705e-09,1.8328582381068272e-09,1.832919230145504e-09,1.8329801565964712e-09,1.8330410175019182e-09,1.833101812903783e-09,1.8331625428436768e-09,1.833223207365261e-09,1.8332838065151006e-09,1.8333443403243647e-09,1.833404808839959e-09,1.833465212106286e-09,1.8335255501604811e-09,1.8335858230447237e-09,1.8336460308077361e-09,1.8337061734875845e-09,1.8337662511261012e-09,1.833826263765634e-09,1.8338862114480227e-09,1.8339460942134076e-09,1.8340059121048406e-09,1.8340656651631447e-09,1.8341253534315122e-09,1.8341849769514728e-09,1.8342445357636729e-09,1.834304029910062e-09,1.8343634594322555e-09,1.8344228243719497e-09,1.8344821247704782e-09,1.8345413606703364e-09,1.8346005321158012e-09,1.8346596391405033e-09,1.8347186817898302e-09,1.8347776601055611e-09,1.834836574129054e-09,1.8348954239030526e-09,1.8349542094674955e-09,1.8350129308628516e-09,1.8350715881309749e-09,1.8351301813121577e-09,1.8351887104494016e-09,1.8352471755850936e-09,1.8353055767559435e-09,1.8353639140069028e-09,1.8354221873776703e-09,1.8354803969130754e-09,1.8355385426475836e-09,1.8355966246252352e-09,1.8356546428868644e-09,1.835712597473269e-09,1.8357704884262364e-09,1.8358283157861648e-09,1.8358860795941875e-09,1.8359437798907034e-09,1.8360014167167003e-09,1.8360589901130198e-09,1.8361165001204956e-09,1.8361739467798664e-09,1.836231330130911e-09,1.8362886502160394e-09,1.836345907075141e-09,1.8364031007450459e-09,1.836460231274093e-09,1.8365172986956401e-09,1.8365743030567549e-09,1.8366312443947037e-09,1.8366881227447994e-09,1.8367449381567913e-09,1.8368016906678445e-09,1.836858380318065e-09,1.8369150071471562e-09,1.8369715711956932e-09,1.8370280725040712e-09,1.8370845111125582e-09,1.837140887063103e-09,1.8371972003928642e-09,1.8372534511433413e-09,1.837309639354949e-09,1.8373657650686852e-09,1.8374218283228559e-09,1.8374778291594178e-09,1.83753376761696e-09,1.8375896437367966e-09,1.8376454575578016e-09,1.8377012091209977e-09,1.8377568984664064e-09,1.8378125256324353e-09,1.8378680906602324e-09,1.8379235935900706e-09,1.8379790344614407e-09,1.8380344133130216e-09,1.8380897301869027e-09,1.8381449851200436e-09,1.8382001781582626e-09,1.8382553093346145e-09,1.8383103786911654e-09,1.8383653862677024e-09,1.8384203321047178e-09,1.8384752162404892e-09,1.8385300387148763e-09,1.8385847995689927e-09,1.8386394988376673e-09,1.8386941365662976e-09,1.8387487127941732e-09,1.838803227553414e-09,1.838857680891764e-09,1.838912072845119e-09,1.8389664034616131e-09,1.83902067276567e-09,1.8390748808027029e-09,1.839129027612382e-09,1.8391831132423584e-09,1.8392371377154502e-09,1.8392911010799866e-09,1.8393450033751485e-09,1.8393988446393031e-09,1.839452624912287e-09,1.8395063442353862e-09,1.8395600026427064e-09,1.8396136001757243e-09,1.8396671368735069e-09,1.8397206127754566e-09,1.8397740279199207e-09,1.8398273823465736e-09,1.8398806760975194e-09,1.8399339092052636e-09,1.839987081709167e-09,1.8400401936534663e-09,1.8400932450736001e-09,1.8401462360092854e-09,1.8401991665001014e-09,1.8402520365835988e-09,1.8403048462993693e-09,1.840357595685048e-09,1.8404102847799369e-09,1.8404629136240394e-09,1.840515482253669e-09,1.8405679907108339e-09,1.8406204390287672e-09,1.8406728272496114e-09,1.8407251554107828e-09,1.8407774235525637e-09,1.8408296317153324e-09,1.8408817799318836e-09,1.8409338682420731e-09,1.840985896681692e-09,1.8410378652978845e-09,1.8410897741236162e-09,1.8411416231988242e-09,1.8411934125599888e-09,1.8412451422473735e-09,1.8412968122975025e-09,1.8413484227501553e-09,1.8413999736411098e-09,1.841451465010854e-09,1.8415028968969548e-09,1.8415542693374892e-09,1.8416055823700693e-09,1.8416568360338224e-09,1.8417080303669497e-09,1.8417591654065263e-09,1.841810241190092e-09,1.8418612577575919e-09,1.841912215145531e-09,1.8419631133919382e-09,1.842013952535443e-09,1.842064732613245e-09,1.8421154536633642e-09,1.8421661157237502e-09,1.8422167188322809e-09,1.842267263026716e-09,1.8423177483448366e-09,1.8423681748244125e-09,1.842418542500082e-09,1.842468851415705e-09,1.8425191016067318e-09,1.8425692931090546e-09,1.8426194259613142e-09,1.8426695002008838e-09,1.8427195158656694e-09,1.8427694729928101e-09,1.8428193716200394e-09,1.8428692117848821e-09,1.8429189935247118e-09,1.8429687168770817e-09,1.8430183818793787e-09,1.8430679885693397e-09,1.843117536983827e-09,1.8431670271606264e-09,1.843216459137611e-09,1.8432658329500534e-09,1.8433151486365444e-09,1.84336440623415e-09,1.8434136057770216e-09,1.8434627473093738e-09,1.8435118308642251e-09,1.843560856476733e-09,1.8436098241883548e-09,1.8436587340345078e-09,1.8437075860518773e-09,1.8437563802777954e-09,1.8438051167484645e-09,1.8438537955020499e-09,1.8439024165746182e-09,1.8439509800056282e-09,1.8439994858268075e-09,1.8440479340800573e-09,1.8440963247997302e-09,1.8441446580234462e-09,1.8441929337884058e-09,1.8442411521293804e-09,1.844289313086453e-09,1.8443374166897704e-09,1.8443854629864445e-09,1.8444334520074597e-09,1.8444813837918124e-09,1.8445292583726866e-09,1.8445770757878684e-09,1.8446248360729483e-09,1.8446725392667041e-09,1.8447201854055389e-09,1.8447677745259258e-09,1.8448153066630918e-09,1.8448627818541503e-09,1.844910200132801e-09,1.8449575615351634e-09,1.8450048661079472e-09,1.8450521138803653e-09,1.8450993048889281e-09,1.8451464391717503e-09,1.845193516761837e-09,1.845240537696421e-09,1.8452875020131516e-09,1.845334409747979e-09,1.8453812609332015e-09,1.8454280556120006e-09,1.8454747938160975e-09,1.8455214755828684e-09,1.8455681009491962e-09,1.8456146699505403e-09,1.8456611826228074e-09,1.845707639002276e-09,1.8457540391246367e-09,1.8458003830254394e-09,1.8458466707421887e-09,1.845892902309856e-09,1.845939077764058e-09,1.8459851971414345e-09,1.8460312604783301e-09,1.846077267812647e-09,1.8461232191767984e-09,1.8461691146075515e-09,1.8462149541393786e-09,1.8462607378059359e-09,1.8463064656484627e-09,1.8463521377005582e-09,1.846397753998106e-09,1.8464433145764302e-09,1.846488819470998e-09,1.846534268718364e-09,1.8465796623532962e-09,1.8466250004116594e-09,1.8466702829292471e-09,1.846715509941513e-09,1.8467606814842998e-09,1.8468057975927506e-09,1.846850858302404e-09,1.8468958636487124e-09,1.8469408136668118e-09,1.8469857083895993e-09,1.84703054785834e-09,1.8470753321053846e-09,1.847120061164686e-09,1.8471647350744956e-09,1.8472093538687116e-09,1.8472539175823811e-09,1.8472984262507907e-09,1.8473428799120039e-09,1.8473872785950795e-09,1.8474316223395388e-09,1.8474759111844094e-09,1.8475201451561839e-09,1.8475643242934e-09,1.8476084486363174e-09,1.8476525182095706e-09,1.8476965330538108e-09,1.847740493203972e-09,1.8477843986953202e-09,1.8478282495628078e-09,1.847872045840857e-09,1.8479157875617355e-09,1.8479594747669532e-09,1.848003107488024e-09,1.8480466857598107e-09,1.8480902096136832e-09,1.8481336790910765e-09,1.8481770942242337e-09,1.8482204550464457e-09,1.8482637615937144e-09,1.8483070139011431e-09,1.848350212001384e-09,1.8483933559303764e-09,1.8484364457221604e-09,1.8484794814124969e-09,1.8485224630355348e-09,1.8485653906265505e-09,1.8486082642185727e-09,1.8486510838440263e-09,1.8486938495426354e-09,1.8487365613469362e-09,1.8487792192911002e-09,1.84882182341014e-09,1.8488643737373633e-09,1.848906870308233e-09,1.8489493131563967e-09,1.8489917023164558e-09,1.8490340378228945e-09,1.8490763197098146e-09,1.8491185480124493e-09,1.8491607227634584e-09,1.8492028439978464e-09,1.8492449117498833e-09,1.8492869260507299e-09,1.8493288869348836e-09,1.8493707944440295e-09,1.8494126486087024e-09,1.849454449461698e-09,1.8494961970372929e-09,1.8495378913693546e-09,1.8495795324919584e-09,1.8496211204397163e-09,1.8496626552451947e-09,1.8497041369447966e-09,1.849745565570801e-09,1.8497869411575794e-09,1.849828263738638e-09,1.8498695333490272e-09,1.8499107500216274e-09,1.849951913791104e-09,1.8499930246892455e-09,1.8500340827503479e-09,1.850075088010244e-09,1.8501160405014865e-09,1.8501569402579327e-09,1.8501977873132483e-09,1.8502385817012372e-09,1.8502793234554128e-09,1.8503200126095535e-09,1.8503606491969602e-09,1.8504012332544843e-09,1.8504417648102038e-09,1.850482243900883e-09,1.8505226705587545e-09,1.850563044818059e-09,1.850603366712538e-09,1.8506436362751838e-09,1.850683853539154e-09,1.8507240185390521e-09,1.8507641313076414e-09,1.8508041918784892e-09,1.8508442002848544e-09,1.850884156560155e-09,1.8509240607376285e-09,1.8509639128505012e-09,1.8510037129321256e-09,1.8510434610156826e-09,1.8510831571345432e-09,1.8511228013219715e-09,1.8511623936109403e-09,1.8512019340350907e-09,1.8512414226253762e-09,1.8512808594187254e-09,1.8513202444488398e-09,1.8513595777435875e-09,1.8513988593399141e-09,1.851438089269106e-09,1.8514772675648662e-09,1.8515163942601686e-09,1.8515554693880884e-09,1.8515944929813367e-09,1.8516334650731153e-09,1.8516723856975346e-09,1.8517112548849869e-09,1.8517500726700067e-09,1.8517888390847804e-09,1.8518275541624614e-09,1.8518662179367934e-09,1.851904830437379e-09,1.8519433917004225e-09,1.851981901759673e-09,1.852020360643852e-09,1.8520587683872278e-09,1.8520971250236451e-09,1.8521354305838182e-09,1.8521736851010432e-09,1.8522118886085123e-09,1.8522500411379952e-09,1.8522881427231952e-09,1.852326193396842e-09,1.852364193189454e-09,1.8524021421362514e-09,1.8524400402676128e-09,1.8524778876176017e-09,1.8525156842179365e-09,1.8525534301009685e-09,1.852591125299293e-09,1.8526287698447261e-09,1.8526663637729568e-09,1.852703907110974e-09,1.8527413998936808e-09,1.85277884215327e-09,1.8528162339221182e-09,1.852853575229604e-09,1.8528908661136494e-09,1.852928106603618e-09,1.8529652967316078e-09,1.8530024365296008e-09,1.8530395260305656e-09,1.853076565266029e-09,1.8531135542684922e-09,1.8531504930697796e-09,1.8531873817022202e-09,1.8532242201977662e-09,1.8532610085882904e-09,1.8532977469057677e-09,1.8533344351798283e-09,1.8533710734472237e-09,1.8534076617376534e-09,1.8534442000829952e-09,1.853480688514685e-09,1.8535171270655977e-09,1.8535535157671438e-09,1.8535898546513432e-09,1.853626143750342e-09,1.8536623830948051e-09,1.8536985727171598e-09,1.8537347126493036e-09,1.8537708029228114e-09,1.8538068435697354e-09,1.853842834624569e-09,1.8538787761126837e-09,1.8539146680688101e-09,1.853950510524853e-09,1.8539863035132472e-09,1.854022047063742e-09,1.8540577412085996e-09,1.8540933859800749e-09,1.8541289814094606e-09,1.8541645275278418e-09,1.8542000243671277e-09,1.8542354719588728e-09,1.8542708703343303e-09,1.8543062195252141e-09,1.85434151956251e-09,1.8543767704778428e-09,1.8544119723025742e-09,1.854447125068232e-09,1.854482228806394e-09,1.8545172835474834e-09,1.8545522893231783e-09,1.8545872461676353e-09,1.8546221541095152e-09,1.8546570131771137e-09,1.8546918234103521e-09,1.8547265848283938e-09,1.8547612974688438e-09,1.854795961362958e-09,1.8548305765411478e-09,1.8548651430348e-09,1.8548996608751629e-09,1.8549341300941744e-09,1.854968550725969e-09,1.8550029227975822e-09,1.8550372463352822e-09,1.855071521374581e-09,1.8551057479467116e-09,1.8551399260831178e-09,1.8551740558141177e-09,1.8552081371705485e-09,1.8552421701836432e-09,1.8552761548842356e-09,1.855310091299984e-09,1.8553439794675735e-09,1.8553778194148085e-09,1.8554116111733646e-09,1.8554453547733299e-09,1.8554790502464256e-09,1.8555126976225782e-09,1.8555462969316394e-09,1.8555798482046922e-09,1.8556133514730834e-09,1.8556468067675913e-09,1.8556802141185915e-09,1.8557135735546968e-09,1.8557468851102094e-09,1.8557801488138662e-09,1.8558133646965195e-09,1.855846532788601e-09,1.855879653120949e-09,1.8559127257231594e-09,1.8559457506262835e-09,1.8559787278604988e-09,1.8560116574569143e-09,1.8560445394455842e-09,1.856077373856826e-09,1.8561101607210542e-09,1.8561429000696584e-09,1.856175591930986e-09,1.8562082363354155e-09,1.8562408333154127e-09,1.85627338289881e-09,1.8563058851185093e-09,1.8563383400031293e-09,1.8563707475831014e-09,1.8564031078887657e-09,1.8564354209488106e-09,1.8564676867953955e-09,1.856499905458038e-09,1.8565320769664168e-09,1.8565642013516255e-09,1.8565962786441943e-09,1.8566283088736258e-09,1.8566602920692044e-09,1.8566922282615508e-09,1.8567241174805641e-09,1.8567559597561768e-09,1.8567877551181662e-09,1.8568195035973242e-09,1.8568512052237593e-09,1.8568828600264365e-09,1.856914468032202e-09,1.8569460292770396e-09,1.8569775437877795e-09,1.8570090115928894e-09,1.8570404327251243e-09,1.8570718072132619e-09,1.8571031350875442e-09,1.8571344163782559e-09,1.8571656511116308e-09,1.8571968393223694e-09,1.8572279810364797e-09,1.8572590762847436e-09,1.8572901250978343e-09,1.857321127503595e-09,1.8573520835319536e-09,1.8573829932109999e-09,1.857413856572244e-09,1.8574446736453017e-09,1.8574754444596843e-09,1.8575061690449615e-09,1.857536847430639e-09,1.857567479646268e-09,1.8575980657212703e-09,1.8576286056851707e-09,1.857659099567361e-09,1.8576895473972875e-09,1.8577199492044132e-09,1.8577503050181805e-09,1.8577806148678202e-09,1.857810878782851e-09,1.8578410967926942e-09,1.8578712689258522e-09,1.857901395213e-09,1.857931475681767e-09,1.8579615103618334e-09,1.8579914992828433e-09,1.8580214424739994e-09,1.8580513399645489e-09,1.8580811917836206e-09,1.858110997960416e-09,1.8581407585240424e-09,1.8581704735036443e-09,1.8582001429283617e-09,1.8582297668272407e-09,1.8582593452294666e-09,1.8582888781652023e-09,1.8583183656610682e-09,1.8583478077472793e-09,1.8583772044527264e-09,1.858406555806135e-09,1.8584358618373106e-09,1.8584651225745027e-09,1.8584943380474869e-09,1.8585235082844605e-09,1.8585526333143594e-09,1.8585817131655296e-09,1.8586107478673717e-09,1.8586397374486522e-09,1.8586686819382867e-09,1.8586975813649584e-09,1.8587264357574877e-09,1.8587552451446147e-09,1.85878400955508e-09,1.8588127290176156e-09,1.8588414035608525e-09,1.8588700332135615e-09,1.8588986180044118e-09,1.8589271579619122e-09,1.8589556531140592e-09,1.858984103490184e-09,1.859012509118828e-09,1.8590408700285834e-09,1.8590691862480628e-09,1.8590974578057196e-09,1.8591256847301173e-09,1.8591538670497185e-09,1.859182004793011e-09,1.8592100979885503e-09,1.8592381466646212e-09,1.859266150849738e-09,1.8592941105723194e-09,1.8593220258625382e-09,1.8593498967469577e-09,1.8593777232539792e-09,1.859405505411827e-09,1.8594332432489953e-09,1.8594609367936554e-09,1.8594885860741281e-09,1.8595161911175202e-09,1.8595437519532323e-09,1.8595712686095002e-09,1.8595987411145453e-09,1.8596261694963333e-09,1.859653553780037e-09,1.8596808940008164e-09,1.8597081901830112e-09,1.8597354423547003e-09,1.859762650544023e-09,1.8597898147790927e-09,1.8598169350879094e-09,1.859844011498576e-09,1.859871044039106e-09,1.8598980327374919e-09,1.8599249776217763e-09,1.859951878719885e-09,1.8599787360598132e-09,1.860005549669496e-09,1.8600323195761428e-09,1.8600590458088454e-09,1.860085728394658e-09,1.8601123673617584e-09,1.8601389627361293e-09,1.8601655145496802e-09,1.8601920228281209e-09,1.8602184875990916e-09,1.8602449088903543e-09,1.8602712867278135e-09,1.860297621142839e-09,1.860323912161465e-09,1.8603501598114477e-09,1.8603763641209357e-09,1.860402525117121e-09,1.8604286428275561e-09,1.8604547172799485e-09,1.8604807485019126e-09,1.8605067365210653e-09,1.8605326813649708e-09,1.8605585830611718e-09,1.8605844416373159e-09,1.86061025712085e-09,1.8606360295393288e-09,1.8606617589203064e-09,1.8606874452908475e-09,1.8607130886787998e-09,1.8607386891115783e-09,1.8607642466165813e-09,1.8607897612213408e-09,1.8608152329531035e-09,1.8608406618394642e-09,1.8608660479076936e-09,1.8608913911851651e-09,1.8609166916993917e-09,1.8609419494766503e-09,1.8609671645449186e-09,1.8609923369315746e-09,1.861017466663809e-09,1.8610425537687875e-09,1.8610675982738723e-09,1.8610926002061552e-09,1.8611175595928486e-09,1.8611424764611157e-09,1.8611673508381553e-09,1.8611921827510173e-09,1.8612169722268474e-09,1.86124171929284e-09,1.8612664239758944e-09,1.8612910863032134e-09,1.8613157063018038e-09,1.8613402839986638e-09,1.8613648194208266e-09,1.8613893125952959e-09,1.8614137635490408e-09,1.8614381723090197e-09,1.8614625389021812e-09,1.8614868633554784e-09,1.8615111456957345e-09,1.8615353859499114e-09,1.8615595841449854e-09,1.8615837403077186e-09,1.861607854464911e-09,1.8616319266434266e-09,1.8616559568700354e-09,1.8616799451715204e-09,1.8617038915746707e-09,1.8617277961062533e-09,1.861751658793016e-09,1.8617754796616117e-09,1.86179925873882e-09,1.8618229960512881e-09,1.8618466916257088e-09,1.861870345488695e-09,1.8618939576669174e-09,1.8619175281869809e-09,1.8619410570755024e-09,1.8619645443590797e-09,1.8619879900641934e-09,1.8620113942175159e-09,1.862034756845514e-09,1.8620580779747411e-09,1.8620813576316325e-09,1.86210459584273e-09,1.8621277926345005e-09,1.8621509480333127e-09,1.8621740620657414e-09,1.8621971347580888e-09,1.8622201661368268e-09,1.8622431562282921e-09,1.8622661050588605e-09,1.862289012654885e-09,1.862311879042678e-09,1.8623347042486095e-09,1.862357488298938e-09,1.8623802312199592e-09,1.8624029330379388e-09,1.8624255937791253e-09,1.8624482134697536e-09,1.8624707921360218e-09,1.8624933298041414e-09,1.8625158265002864e-09,1.8625382822506406e-09,1.862560697081367e-09,1.8625830710185538e-09,1.8626054040883276e-09,1.8626276963168171e-09,1.8626499477300894e-09,1.8626721583542392e-09,1.862694328215229e-09,1.862716457339238e-09,1.8627385457521464e-09,1.862760593480049e-09,1.8627826005488485e-09,1.862804566984567e-09,1.862826492813115e-09,1.862848378060511e-09,1.862870222752544e-09,1.8628920269152017e-09,1.8629137905743085e-09,1.8629355137558477e-09,1.8629571964855886e-09,1.8629788387893615e-09,1.8630004406930026e-09,1.8630220022223806e-09,1.8630435234031556e-09,1.8630650042612287e-09,1.86308644482224e-09,1.8631078451119907e-09,1.8631292051562214e-09,1.863150524980554e-09,1.863171804610702e-09,1.863193044072426e-09,1.8632142433912723e-09,1.8632354025929834e-09,1.863256521703067e-09,1.863277600747234e-09,1.8632986397531504e-09,1.863319638742113e-09,1.863340597741888e-09,1.863361516780293e-09,1.8633823958782837e-09,1.863403235063605e-09,1.8634240343617884e-09,1.8634447937982558e-09,1.863465513398426e-09,1.8634861931887597e-09,1.8635068331929296e-09,1.8635274334371915e-09,1.8635479939469756e-09,1.863568514747797e-09,1.8635889958629313e-09,1.863609437320339e-09,1.8636298391467738e-09,1.8636502013643293e-09,1.863670523999382e-09,1.8636908070772866e-09,1.8637110506232553e-09,1.863731254662541e-09,1.863751419220553e-09,1.8637715443227006e-09,1.8637916299934535e-09,1.8638116762582705e-09,1.863831683142515e-09,1.8638516506712803e-09,1.8638715788697054e-09,1.8638914677628946e-09,1.863911317376019e-09,1.863931127734092e-09,1.863950898862256e-09,1.8639706307855737e-09,1.8639903235290652e-09,1.8640099771177996e-09,1.8640295915767116e-09,1.8640491669308438e-09,1.864068703205192e-09,1.8640882004247504e-09,1.8641076586134364e-09,1.8641270777984705e-09,1.864146458002969e-09,1.8641657992523488e-09,1.8641851015714947e-09,1.8642043649857292e-09,1.864223589519627e-09,1.864242775197412e-09,1.8642619220444933e-09,1.8642810300855337e-09,1.864300099345389e-09,1.8643191298487877e-09,1.8643381216205466e-09,1.864357074685233e-09,1.8643759890677396e-09,1.864394864792773e-09,1.8644137018850145e-09,1.8644325003691743e-09,1.8644512602698796e-09,1.864469981611758e-09,1.8644886644195295e-09,1.864507308717809e-09,1.8645259145311297e-09,1.8645444818841623e-09,1.8645630108015847e-09,1.864581501307821e-09,1.8645999534274203e-09,1.8646183671848662e-09,1.8646367426053723e-09,1.8646550797143643e-09,1.8646733785328303e-09,1.864691639087151e-09,1.8647098614025472e-09,1.864728045501938e-09,1.8647461914100414e-09,1.8647642991515693e-09,1.864782368751601e-09,1.8648004002331195e-09,1.864818393622301e-09,1.8648363489423797e-09,1.8648542662183768e-09,1.8648721454741643e-09,1.8648899867339265e-09,1.8649077900219896e-09,1.8649255553626925e-09,1.8649432827801794e-09,1.8649609722987967e-09,1.8649786239427977e-09,1.864996237734929e-09,1.8650138137007996e-09,1.8650313518644053e-09,1.865048852250024e-09,1.8650663148818553e-09,1.8650837397838077e-09,1.8651011269802e-09,1.865118476495119e-09,1.865135788352601e-09,1.8651530625767556e-09,1.8651702991916255e-09,1.8651874982208212e-09,1.865204659688602e-09,1.8652217836198366e-09,1.86523887003713e-09,1.865255918965692e-09,1.8652729304287874e-09,1.865289904449935e-09,1.865306841054211e-09,1.865323740264952e-09,1.8653406021060666e-09,1.8653574266015067e-09,1.865374213775082e-09,1.865390963650609e-09,1.8654076762520294e-09,1.8654243516030865e-09,1.8654409897275935e-09,1.865457590649403e-09,1.8654741543925154e-09,1.8654906809804283e-09,1.865507170436886e-09,1.865523622785531e-09,1.865540038050222e-09,1.8655564162547004e-09,1.8655727574220454e-09,1.8655890615774354e-09,1.8656053287434248e-09,1.865621558943892e-09,1.8656377522018935e-09,1.8656539085419894e-09,1.86567002798739e-09,1.865686110562285e-09,1.865702156289274e-09,1.8657181651927406e-09,1.8657341372975974e-09,1.8657500726229705e-09,1.8657659711949545e-09,1.8657818330373686e-09,1.8657976581729146e-09,1.8658134466250655e-09,1.865829198417724e-09,1.8658449135747508e-09,1.865860592119405e-09,1.865876234074651e-09,1.8658918394639936e-09,1.86590740831141e-09,1.865922940639879e-09,1.8659384364724415e-09,1.865953895832586e-09,1.8659693187433834e-09,1.8659847052283597e-09,1.866000055311005e-09,1.866015369014763e-09,1.8660306463622386e-09,1.866045887377063e-09,1.8660610920825134e-09,1.866076260501851e-09,1.866091392658403e-09,1.8661064885746517e-09,1.8661215482743356e-09,1.866136571780456e-09,1.86615155911636e-09,1.8661665103051477e-09,1.866181425369832e-09,1.866196304333542e-09,1.866211147219633e-09,1.8662259540506324e-09,1.8662407248506304e-09,1.8662554596415617e-09,1.866270158444272e-09,1.8662848212863166e-09,1.866299448190049e-09,1.8663140391774588e-09,1.8663285942697453e-09,1.8663431134913714e-09,1.8663575968651214e-09,1.8663720444117955e-09,1.8663864561586197e-09,1.8664008321263714e-09,1.8664151723379826e-09,1.866429476816312e-09,1.866443745584231e-09,1.866457978664728e-09,1.866472176080448e-09,1.8664863378542187e-09,1.8665004640089396e-09,1.8665145545673094e-09,1.866528609552534e-09,1.8665426289832287e-09,1.8665566128885083e-09,1.8665705612894126e-09,1.8665844742073597e-09,1.866598351664702e-09,1.866612193685803e-09,1.8666260002922716e-09,1.8666397715065892e-09,1.8666535073515965e-09,1.8666672078500293e-09,1.8666808730242753e-09,1.8666945028969595e-09,1.866708097491328e-09,1.866721656829154e-09,1.8667351809332845e-09,1.8667486698261945e-09,1.8667621235304976e-09,1.8667755420684963e-09,1.8667889254628985e-09,1.8668022737361703e-09,1.866815586910838e-09,1.866828865009206e-09,1.866842108053902e-09,1.866855316067268e-09,1.8668684890718697e-09,1.8668816270900143e-09,1.8668947301439395e-09,1.8669077982562886e-09,1.866920831449236e-09,1.8669338297455197e-09,1.866946793166759e-09,1.8669597217364415e-09,1.866972615475147e-09,1.8669854744060816e-09,1.866998298551267e-09,1.8670110879328015e-09,1.8670238425733496e-09,1.867036562495142e-09,1.8670492477204096e-09,1.8670618982713523e-09,1.8670745141701507e-09,1.867087095441052e-09,1.8670996421027175e-09,1.8671121541788396e-09,1.867124631691514e-09,1.8671370746627784e-09,1.867149483114766e-09,1.867161857069521e-09,1.8671741965492643e-09,1.8671865015750464e-09,1.867198772170831e-09,1.8672110083576486e-09,1.8672232101575334e-09,1.8672353775933155e-09,1.8672475106855255e-09,1.8672596094568295e-09,1.867271673929187e-09,1.86728370412459e-09,1.8672957000649724e-09,1.8673076617722735e-09,1.8673195892683167e-09,1.8673314825739122e-09,1.8673433417133974e-09,1.867355166707333e-09,1.8673669575780127e-09,1.867378714346431e-09,1.8673904370349314e-09,1.867402125665317e-09,1.8674137802593382e-09,1.8674254008379648e-09,1.867436987424574e-09,1.8674485400403217e-09,1.8674600587067845e-09,1.867471543445918e-09,1.867482994279084e-09,1.867494411228187e-09,1.867505794314995e-09,1.867517143561345e-09,1.867528458988398e-09,1.867539740617479e-09,1.8675509884716278e-09,1.8675622025716036e-09,1.8675733829389162e-09,1.86758452959564e-09,1.867595642562846e-09,1.8676067218625653e-09,1.8676177675158865e-09,1.8676287795448195e-09,1.867639757970543e-09,1.8676507028148775e-09,1.8676616140990237e-09,1.8676724918446125e-09,1.867683336073171e-09,1.867694146806056e-09,1.86770492406485e-09,1.8677156678710755e-09,1.8677263782460662e-09,1.86773705521118e-09,1.8677476987878644e-09,1.867758308997503e-09,1.867768885861439e-09,1.867779429401084e-09,1.867789939637901e-09,1.8678004165930187e-09,1.8678108602863547e-09,1.8678212707416083e-09,1.8678316479793515e-09,1.867841992021189e-09,1.8678523028876005e-09,1.8678625805997573e-09,1.8678728251796696e-09,1.8678830366480547e-09,1.8678932150266466e-09,1.8679033603357553e-09,1.8679134725970323e-09,1.8679235518315435e-09,1.867933598060789e-09,1.8679436113056953e-09,1.867953591587397e-09,1.867963538926869e-09,1.867973453346331e-09,1.8679833348650993e-09,1.8679931835051158e-09,1.868002999287231e-09,1.8680127822325725e-09,1.8680225323623296e-09,1.8680322496973753e-09,1.868041934258907e-09,1.868051586067742e-09,1.868061205144987e-09,1.868070791511499e-09,1.86808034518844e-09,1.8680898661966144e-09,1.868099354557263e-09,1.868108810290787e-09,1.8681182334184808e-09,1.868127623961138e-09,1.868136981939614e-09,1.868146307374872e-09,1.8681556002880476e-09,1.868164860699276e-09,1.8681740886302385e-09,1.86818328410079e-09,1.8681924471320807e-09,1.8682015777450426e-09,1.868210675961671e-09,1.868219741800267e-09,1.8682287752831082e-09,1.8682377764304404e-09,1.8682467452633196e-09,1.8682556818024027e-09,1.8682645860683356e-09,1.868273458081881e-09,1.8682822978636704e-09,1.8682911054343747e-09,1.8682998808145158e-09,1.8683086240248493e-09,1.8683173350860105e-09,1.868326014018619e-09,1.8683346608432573e-09,1.8683432755805005e-09,1.868351858250996e-09,1.868360408875204e-09,1.8683689274736897e-09,1.8683774140668984e-09,1.868385868675661e-09,1.8683942913201036e-09,1.8684026820206383e-09,1.86841104079851e-09,1.868419367673702e-09,1.8684276626667147e-09,1.868435925797953e-09,1.868444157088031e-09,1.8684523565564176e-09,1.86846052422439e-09,1.8684686601126753e-09,1.8684767642413464e-09,1.8684848366307137e-09,1.86849287730111e-09,1.8685008862728767e-09,1.868508863566434e-09,1.868516809201964e-09,1.868524723199813e-09,1.868532605580243e-09,1.868540456363579e-09,1.8685482755700573e-09,1.868556063219956e-09,1.8685638193334943e-09,1.8685715439309204e-09,1.8685792370324582e-09,1.8685868986583092e-09,1.8685945288286773e-09,1.8686021275637026e-09,1.8686096948835654e-09,1.8686172308084375e-09,1.868624735358455e-09,1.868632208553783e-09,1.868639650414501e-09,1.8686470609607094e-09,1.8686544402124776e-09,1.868661788189934e-09,1.868669104913089e-09,1.8686763904020136e-09,1.8686836446766342e-09,1.8686908677572264e-09,1.8686980596637743e-09,1.868705220416201e-09,1.8687123500345027e-09,1.8687194485386514e-09,1.868726515948676e-09,1.8687335522844565e-09,1.8687405575659932e-09,1.8687475318131606e-09,1.868754475045902e-09,1.8687613872841297e-09,1.868768268547747e-09,1.868775118856598e-09,1.8687819382305674e-09,1.868788726689314e-09,1.868795484253248e-09,1.8688022109414475e-09,1.868808906773537e-09,1.8688155717709367e-09,1.8688222059518938e-09,1.8688288093374047e-09,1.868835381946168e-09,1.868841923798316e-09,1.868848434913609e-09,1.8688549153117523e-09,1.8688613650123116e-09,1.8688677840351645e-09,1.8688741724000783e-09,1.8688805301267815e-09,1.868886857234698e-09,1.86889315374364e-09,1.8688994196733897e-09,1.868905655043146e-09,1.868911859872823e-09,1.8689180341820286e-09,1.8689241779903844e-09,1.8689302913180026e-09,1.8689363741832626e-09,1.868942426606086e-09,1.8689484486065925e-09,1.8689544402041248e-09,1.868960401417955e-09,1.868966332267755e-09,1.868972232772951e-09,1.868978102953266e-09,1.868983942827858e-09,1.8689897524163357e-09,1.8689955317389928e-09,1.8690012808138832e-09,1.869006999660592e-09,1.8690126882989524e-09,1.8690183467483523e-09,1.8690239750280868e-09,1.8690295731577674e-09,1.869035141156535e-09,1.869040679043699e-09,1.8690461868393136e-09,1.8690516645615986e-09,1.8690571122303435e-09,1.869062529864899e-09,1.869067917484574e-09,1.869073275108647e-09,1.8690786027563477e-09,1.869083900447011e-09,1.8690891681997634e-09,1.869094406033669e-09,1.869099613968507e-09,1.8691047920230883e-09,1.8691099402167078e-09,1.869115058568572e-09,1.8691201470979856e-09,1.8691252058247476e-09,1.8691302347663497e-09,1.869135233942815e-09,1.869140203373325e-09,1.8691451430768755e-09,1.8691500530728113e-09,1.8691549333798485e-09,1.869159784017215e-09,1.8691646050041387e-09,1.8691693963596462e-09,1.8691741581032054e-09,1.8691788902524172e-09,1.8691835928275594e-09,1.869188265847169e-09,1.8691929093305207e-09,1.8691975232962955e-09,1.8692021077637158e-09,1.869206662751682e-09,1.869211188279059e-09,1.869215684364893e-09,1.8692201510279807e-09,1.869224588287396e-09,1.86922899616199e-09,1.8692333746706063e-09,1.869237723832152e-09,1.8692420436655004e-09,1.8692463341895035e-09,1.8692505954229807e-09,1.86925482738482e-09,1.8692590300937914e-09,1.8692632035687636e-09,1.8692673478284185e-09,1.8692714628916766e-09,1.8692755487772507e-09,1.8692796055038797e-09,1.8692836330903284e-09,1.8692876315554096e-09,1.8692916009177246e-09,1.869295541196089e-09,1.8692994524092144e-09,1.869303334575639e-09,1.8693071877142383e-09,1.86931101184358e-09,1.8693148069823667e-09,1.8693185731492424e-09,1.869322310362779e-09,1.8693260186416394e-09,1.8693296980044997e-09,1.869333348469862e-09,1.8693369700563583e-09,1.869340562782583e-09,1.8693441266670785e-09,1.869347661728356e-09,1.869351167985056e-09,1.8693546454556556e-09,1.8693580941586727e-09,1.8693615141126532e-09,1.8693649053359798e-09,1.8693682678472505e-09,1.869371601664835e-09,1.869374906807191e-09,1.86937818329311e-09,1.869381431140561e-09,1.8693846503682735e-09,1.869387840995187e-09,1.8693910030384943e-09,1.8693941365171293e-09,1.869397241449536e-09,1.869400317854097e-09,1.869403365748761e-09,1.869406385152679e-09,1.8694093760836644e-09,1.869412338560089e-09,1.8694152726008264e-09,1.869418178223311e-09,1.8694210554460805e-09,1.869423904287688e-09,1.869426724766211e-09,1.8694295169000023e-09,1.869432280707164e-09,1.8694350162060896e-09,1.8694377234148968e-09,1.8694404023518083e-09,1.869443053035167e-09,1.8694456754829435e-09,1.869448269713331e-09,1.8694508357447166e-09,1.869453373595061e-09,1.869455883282577e-09,1.8694583648254123e-09,1.869460818241678e-09,1.8694632435491287e-09,1.8694656407665294e-09,1.869468009911539e-09,1.869470351002414e-09,1.869472664057145e-09,1.8694749490937757e-09,1.8694772061303517e-09,1.8694794351849325e-09,1.8694816362755266e-09,1.8694838094201206e-09,1.869485954636762e-09,1.8694880719434036e-09,1.8694901613579988e-09,1.86949222289859e-09,1.8694942565830396e-09,1.8694962624293543e-09,1.869498240455444e-09,1.869500190679222e-09,1.8695021131185825e-09,1.869504007791492e-09,1.8695058747157704e-09,1.869507713909376e-09,1.8695095253901202e-09,1.869511309175801e-09,1.869513065284322e-09,1.869514793733499e-09,1.86951649454118e-09,1.86951816772516e-09,1.86951981330322e-09,1.8695214312931173e-09,1.8695230217126975e-09,1.869524584579736e-09,1.8695261199119217e-09,1.869527627727023e-09,1.869529108042783e-09,1.8695305608768845e-09,1.8695319862470897e-09,1.869533384171084e-09,1.8695347546666396e-09,1.8695360977512687e-09,1.86953741344269e-09,1.8695387017585774e-09,1.869539962716659e-09,1.8695411963344555e-09,1.8695424026296544e-09,1.8695435816198156e-09,1.869544733322573e-09,1.8695458577554592e-09,1.869546954936108e-09,1.869548024882063e-09,1.8695490676109376e-09,1.8695500831402286e-09,1.8695510714874863e-09,1.869552032670176e-09,1.8695529667059325e-09,1.8695538736122486e-09,1.869554753406516e-09,1.8695556061063153e-09,1.8695564317290494e-09,1.8695572302922042e-09,1.8695580018132185e-09,1.8695587463095994e-09,1.869559463798581e-09,1.869560154297749e-09,1.869560817824475e-09,1.8695614543962304e-09,1.8695620640303196e-09,1.869562646744027e-09,1.8695632025548955e-09,1.869563731480222e-09,1.8695642335373286e-09,1.869564708743491e-09,1.8695651571161057e-09,1.8695655786724607e-09,1.869565973429848e-09,1.8695663414055346e-09,1.8695666826168366e-09,1.8695669970809674e-09,1.8695672848152252e-09,1.8695675458368908e-09,1.8695677801631202e-09,1.869567987811176e-09,1.8695681687982783e-09,1.869568323141625e-09,1.8695684508583725e-09,1.8695685519657428e-09,1.869568626480947e-09,1.869568674421065e-09,1.8695686958032667e-09,1.869568690644731e-09,1.8695686589625426e-09,1.8695686007738293e-09,1.8695685160956788e-09,1.8695684049452245e-09,1.8695682673395966e-09,1.86956810329577e-09,1.869567912830876e-09,1.869567695961933e-09,1.8695674527059826e-09,1.8695671830801216e-09,1.869566887101305e-09,1.8695665647865503e-09,1.8695662161529007e-09,1.8695658412173157e-09,1.869565439996792e-09,1.8695650125082706e-09,1.8695645587687677e-09,1.8695640787951596e-09,1.8695635726044488e-09,1.8695630402135427e-09,1.8695624816393183e-09,1.869561896898763e-09,1.8695612860087006e-09,1.869560648986083e-09,1.869559985847714e-09,1.8695592966105543e-09,1.8695585812913586e-09,1.8695578399070115e-09,1.869557072474365e-09,1.869556279010235e-09,1.8695554595314158e-09,1.8695546140547067e-09,1.86955374259695e-09,1.8695528451748885e-09,1.8695519218053104e-09,1.869550972504987e-09,1.869549997290636e-09,1.8695489961789964e-09,1.869547969186858e-09,1.8695469163308786e-09,1.869545837627815e-09,1.869544733094342e-09,1.869543602747111e-09,1.869542446602894e-09,1.86954126467828e-09,1.8695400569899477e-09,1.869538823554518e-09,1.8695375643886196e-09,1.8695362795089783e-09,1.8695349689322094e-09,1.869533632674821e-09,1.8695322707535e-09,1.8695308831847484e-09,1.8695294699851887e-09,1.869528031171322e-09,1.8695265667598373e-09,1.8695250767672465e-09,1.869523561210032e-09,1.8695220201047123e-09,1.8695204534677286e-09,1.869518861315751e-09,1.8695172436651836e-09,1.8695156005327372e-09,1.8695139319345257e-09,1.8695122378869243e-09,1.8695105184068873e-09,1.869508773510615e-09,1.869507003214505e-09,1.869505207535019e-09,1.8695033864885147e-09,1.8695015400914353e-09,1.8694996683601423e-09,1.8694977713110924e-09,1.869495848960813e-09,1.869493901325294e-09,1.869491928421026e-09,1.869489930264364e-09,1.869487906871637e-09,1.869485858259296e-09,1.8694837844435567e-09,1.869481685440762e-09,1.8694795612670775e-09,1.8694774119390597e-09,1.8694752374728296e-09,1.8694730378845456e-09,1.869470813190412e-09,1.8694685634067967e-09,1.869466288549946e-09,1.8694639886360152e-09,1.8694616636813105e-09,1.8694593137019346e-09,1.8694569387141385e-09,1.8694545387341076e-09,1.8694521137779693e-09,1.8694496638619393e-09,1.8694471890022288e-09,1.869444689214949e-09,1.8694421645163166e-09,1.8694396149223465e-09,1.8694370404483316e-09,1.869434441111277e-09,1.869431816927029e-09,1.869429167912328e-09,1.8694264940827e-09,1.8694237954542214e-09,1.869421072042809e-09,1.8694183238646977e-09,1.869415550935979e-09,1.869412753272548e-09,1.8694099308905203e-09,1.86940708380574e-09,1.869404212034317e-09,1.869401315592237e-09,1.869398394495439e-09,1.8693954487598416e-09,1.869392478401473e-09,1.8693894834362357e-09,1.869386463880094e-09,1.869383419748956e-09,1.8693803510587115e-09,1.869377257825312e-09,1.8693741400646247e-09,1.8693709977925552e-09,1.869367831024922e-09,1.8693646397774332e-09,1.869361424066133e-09,1.8693581839069668e-09,1.8693549193156536e-09,1.8693516303080698e-09,1.8693483169000326e-09,1.8693449791075056e-09,1.8693416169460623e-09,1.8693382304315714e-09,1.8693348195797635e-09,1.869331384406448e-09,1.8693279249273396e-09,1.8693244411582078e-09,1.8693209331147384e-09,1.869317400812789e-09,1.869313844267956e-09,1.8693102634960234e-09,1.8693066585126565e-09,1.869303029333544e-09,1.8692993759744104e-09,1.869295698450837e-09,1.869291996778594e-09,1.8692882709732626e-09,1.8692845210504965e-09,1.8692807470259414e-09,1.8692769489152484e-09,1.869273126733961e-09,1.8692692804977475e-09,1.8692654102221333e-09,1.8692615159228424e-09,1.869257597615283e-09,1.8692536553151163e-09,1.8692496890378405e-09,1.8692456987990374e-09,1.8692416846142716e-09,1.8692376464990343e-09,1.8692335844688073e-09,1.869229498539172e-09,1.869225388725645e-09,1.8692212550436174e-09,1.8692170975087435e-09,1.869212916136646e-09,1.869208710942194e-09,1.8692044819411123e-09,1.869200229148862e-09,1.8691959525808487e-09,1.869191652252613e-09,1.869187328179472e-09,1.869182980376852e-09,1.869178608860174e-09,1.8691742136448126e-09,1.8691697947461532e-09,1.8691653521795595e-09,1.869160885960248e-09,1.8691563961036748e-09,1.8691518826252293e-09,1.869147345540185e-09,1.869142784863818e-09,1.869138200611533e-09,1.8691335927985665e-09,1.869128961440257e-09,1.869124306551905e-09,1.869119628148661e-09,1.869114926245863e-09,1.869110200858745e-09,1.869105452002607e-09,1.8691006796926063e-09,1.8690958839440058e-09,1.869091064772039e-09,1.869086222191858e-09,1.8690813562187297e-09,1.8690764668677682e-09,1.8690715541541913e-09,1.8690666180931442e-09,1.8690616586998397e-09,1.869056675989359e-09,1.8690516699768605e-09,1.8690466406775012e-09,1.869041588106443e-09,1.8690365122786695e-09,1.869031413209376e-09,1.8690262909137032e-09,1.8690211454065864e-09,1.8690159767032226e-09,1.8690107848186076e-09,1.869005569767867e-09,1.8690003315660093e-09,1.8689950702280978e-09,1.868989785769079e-09,1.8689844782040643e-09,1.868979147548202e-09,1.8689737938163046e-09,1.8689684170234373e-09,1.8689630171845278e-09,1.8689575943145707e-09,1.8689521484285207e-09,1.8689466795414726e-09,1.8689411876681424e-09,1.8689356728237253e-09,1.868930135023046e-09,1.8689245742806924e-09,1.868918990611833e-09,1.8689133840313483e-09,1.868907754554211e-09,1.8689021021952007e-09,1.8688964269694957e-09,1.868890728891588e-09,1.8688850079763643e-09,1.8688792642386863e-09,1.868873497693363e-09,1.8688677083552964e-09,1.8688618962392873e-09,1.868856061360128e-09,1.8688502037326727e-09,1.8688443233716276e-09,1.8688384202918743e-09,1.868832494508136e-09,1.868826546035155e-09,1.868820574887757e-09,1.86881458108063e-09,1.8688085646285384e-09,1.8688025255462e-09,1.8687964638483014e-09,1.8687903795496326e-09,1.868784272664775e-09,1.8687781432085453e-09,1.868771991195558e-09,1.868765816640516e-09,1.8687596195580023e-09,1.8687533999628224e-09,1.8687471578694784e-09,1.8687408932926685e-09,1.8687346062470605e-09,1.868728296747158e-09,1.868721964807695e-09,1.86871561044319e-09,1.8687092336682887e-09,1.868702834497508e-09,1.8686964129454933e-09,1.8686899690268573e-09,1.868683502756039e-09,1.8686770141476506e-09,1.86867050321623e-09,1.8686639699762576e-09,1.8686574144422894e-09,1.8686508366288215e-09,1.8686442365513837e-09,1.868637614223821e-09,1.868630969659667e-09,1.8686243028739975e-09,1.8686176138804676e-09,1.868610902694321e-09,1.868604169330003e-09,1.8685974138019977e-09,1.8685906361244996e-09,1.8685838363121326e-09,1.8685770143794233e-09,1.8685701703406057e-09,1.8685633042101217e-09,1.868556416002399e-09,1.8685495057317553e-09,1.8685425734125836e-09,1.868535619059286e-09,1.8685286426861968e-09,1.868521644307678e-09,1.8685146239389403e-09,1.8685075815922236e-09,1.8685005172832263e-09,1.868493431026017e-09,1.868486322834956e-09,1.8684791927243033e-09,1.8684720407083233e-09,1.8684648668013277e-09,1.8684576710175167e-09,1.8684504533712542e-09,1.8684432138767046e-09,1.868435952547331e-09,1.868428669398892e-09,1.868421364444975e-09,1.8684140376996376e-09,1.8684066891771543e-09,1.868399318891606e-09,1.8683919268573458e-09,1.868384513088523e-09,1.868377077599204e-09,1.8683696204037413e-09,1.868362141515926e-09,1.8683546409501853e-09,1.8683471187206135e-09,1.8683395748412405e-09,1.8683320093262895e-09,1.868324422189826e-09,1.8683168134458612e-09,1.868309183108655e-09,1.868301531192191e-09,1.8682938577104486e-09,1.868286162677734e-09,1.8682784461077695e-09,1.868270708015009e-09,1.8682629484132195e-09,1.8682551673165278e-09,1.8682473647389225e-09,1.868239540694389e-09,1.8682316951969675e-09,1.8682238282602943e-09,1.868215939899023e-09,1.8682080301269646e-09,1.8682000989578553e-09,1.8681921464056846e-09,1.868184172484533e-09,1.8681761772082055e-09,1.868168160590745e-09,1.868160122645954e-09,1.8681520633876397e-09,1.8681439828301415e-09,1.868135880987039e-09,1.8681277578724416e-09,1.8681196135000775e-09,1.8681114478837487e-09,1.868103261037417e-09,1.8680950529738097e-09,1.868086823707899e-09,1.86807857325355e-09,1.8680703016245912e-09,1.8680620088360125e-09,1.868053694900292e-09,1.868045359831404e-09,1.868037003643112e-09,1.8680286263492724e-09,1.8680202279636235e-09,1.8680118084999585e-09,1.8680033679720146e-09,1.867994906393597e-09,1.8679864237784163e-09,1.8679779201402016e-09,1.8679693954927168e-09,1.8679608498497055e-09,1.8679522832247985e-09,1.867943695631802e-09,1.8679350870842838e-09,1.86792645759608e-09,1.8679178071808132e-09,1.8679091358521205e-09,1.86790044362375e-09,1.867891730509253e-09,1.8678829965223343e-09,1.867874241676605e-09,1.8678654659857495e-09,1.8678566694633588e-09,1.8678478521230166e-09,1.8678390139783797e-09,1.86783015504317e-09,1.867821275330805e-09,1.867812374854887e-09,1.8678034536289662e-09,1.867794511666702e-09,1.867785548981549e-09,1.867776565587071e-09,1.867767561496852e-09,1.8677585367243733e-09,1.867749491283209e-09,1.867740425186787e-09,1.8677313384486917e-09,1.867722231082452e-09,1.8677131031014696e-09,1.8677039545192393e-09,1.8676947853492703e-09,1.8676855956049913e-09,1.8676763852999334e-09,1.867667154447446e-09,1.8676579030610752e-09,1.8676486311541318e-09,1.8676393387401062e-09,1.8676300258324205e-09,1.8676206924444773e-09,1.8676113385896977e-09,1.8676019642814113e-09,1.8675925695330084e-09,1.867583154357938e-09,1.8675737187694547e-09,1.867564262780974e-09,1.867554786405803e-09,1.86754528965738e-09,1.8675357725489797e-09,1.8675262350939395e-09,1.8675166773055442e-09,1.867507099197169e-09,1.8674975007820493e-09,1.8674878820734847e-09,1.8674782430848186e-09,1.867468583829289e-09,1.867458904320179e-09,1.867449204570703e-09,1.867439484594162e-09,1.8674297444037976e-09,1.867419984012807e-09,1.8674102034344807e-09,1.86740040268193e-09,1.867390581768485e-09,1.8673807407073244e-09,1.8673708795115988e-09,1.867360998194488e-09,1.867351096769248e-09,1.86734117524894e-09,1.86733123364686e-09,1.867321271976049e-09,1.867311290249715e-09,1.8673012884809855e-09,1.867291266682953e-09,1.867281224868819e-09,1.8672711630515993e-09,1.867261081244509e-09,1.867250979460548e-09,1.8672408577128787e-09,1.8672307160145295e-09,1.8672205543787896e-09,1.8672103728184157e-09,1.8672001713466943e-09,1.8671899499755196e-09,1.8671797087186765e-09,1.8671694475907807e-09,1.867159166603606e-09,1.867148865769582e-09,1.8671385451028755e-09,1.8671282046157797e-09,1.8671178443215017e-09,1.86710746423294e-09,1.8670970643630754e-09,1.867086644724917e-09,1.867076205331394e-09,1.867065746195429e-09,1.8670552673293078e-09,1.8670447687466474e-09,1.8670342504611156e-09,1.8670237124849356e-09,1.8670131548309713e-09,1.8670025775120084e-09,1.866991980541139e-09,1.866981363931203e-09,1.8669707276953255e-09,1.8669600718461154e-09,1.8669493963964897e-09,1.8669387013593197e-09,1.866927986747379e-09,1.8669172525736173e-09,1.866906498850774e-09,1.8668957255922044e-09,1.866884932810389e-09,1.8668741205181314e-09,1.866863288727387e-09,1.8668524374516213e-09,1.8668415667037025e-09,1.8668306764963553e-09,1.866819766842404e-09,1.866808837754552e-09,1.86679788924603e-09,1.8667869213290293e-09,1.8667759340161433e-09,1.866764927320367e-09,1.866753901254351e-09,1.866742855830972e-09,1.866731791063013e-09,1.866720706963094e-09,1.8667096035437757e-09,1.866698480817845e-09,1.8666873387980843e-09,1.866676177496664e-09,1.8666649969269882e-09,1.866653797101429e-09,1.866642578031593e-09,1.8666313397322213e-09,1.866620082214661e-09,1.866608805491407e-09,1.8665975095755244e-09,1.8665861944798225e-09,1.8665748602163688e-09,1.8665635067979573e-09,1.8665521342377713e-09,1.8665407425478416e-09,1.866529331740664e-09,1.8665179018288137e-09,1.8665064528250047e-09,1.866494984741657e-09,1.866483497591312e-09,1.8664719913863262e-09,1.866460466139402e-09,1.8664489218630825e-09,1.8664373585698707e-09,1.866425776272266e-09,1.866414174982769e-09,1.8664025547139043e-09,1.8663909154780643e-09,1.8663792572871697e-09,1.866367580154281e-09,1.866355884091842e-09,1.866344169112297e-09,1.8663324352281934e-09,1.8663206824516553e-09,1.866308910795345e-09,1.8662971202717843e-09,1.866285310893409e-09,1.8662734826722084e-09,1.866261635620802e-09,1.8662497697519424e-09,1.8662378850776714e-09,1.866225981610414e-09,1.8662140593625905e-09,1.8662021183464936e-09,1.8661901585744643e-09,1.8661781800587865e-09,1.8661661828118242e-09,1.8661541668460376e-09,1.866142132173596e-09,1.8661300788068304e-09,1.8661180067581785e-09,1.866105916039837e-09,1.8660938066640918e-09,1.8660816786432276e-09,1.8660695319888277e-09,1.8660573667146286e-09,1.8660451828321248e-09,1.8660329803535685e-09,1.866020759291241e-09,1.8660085196573825e-09,1.8659962614638e-09,1.8659839847232614e-09,1.8659716894478472e-09,1.8659593756500343e-09,1.8659470433417106e-09,1.865934692535143e-09,1.8659223232422884e-09,1.865909935475723e-09,1.8658975292474082e-09,1.865885104570835e-09,1.8658726614556507e-09,1.8658601999151545e-09,1.8658477199615104e-09,1.8658352216069477e-09,1.865822704863473e-09,1.8658101697432902e-09,1.865797616258491e-09,1.8657850444211466e-09,1.8657724542432953e-09,1.865759845737204e-09,1.865747218914894e-09,1.865734573788403e-09,1.865721910369798e-09,1.8657092286707367e-09,1.8656965287041834e-09,1.8656838104810518e-09,1.865671074014604e-09,1.8656583193156056e-09,1.865645546397389e-09,1.8656327552714177e-09,1.865619945950209e-09,1.865607118444604e-09,1.865594272767248e-09,1.8655814089301936e-09,1.865568526945437e-09,1.865555626824164e-09,1.8655427085792813e-09,1.8655297722224886e-09,1.865516817764756e-09,1.8655038452198256e-09,1.8654908546004297e-09,1.865477845915219e-09,1.8654648191778315e-09,1.865451774399926e-09,1.8654387115937127e-09,1.865425630771175e-09,1.865412531943977e-09,1.865399415124252e-09,1.8653862803231917e-09,1.8653731275563338e-09,1.8653599568318574e-09,1.8653467681589134e-09,1.8653335615520203e-09,1.8653203370236025e-09,1.865307094586184e-09,1.8652938342507945e-09,1.8652805560292688e-09,1.8652672599334487e-09,1.865253945975136e-09,1.865240614166125e-09,1.8652272645181494e-09,1.8652138970439857e-09,1.865200511753498e-09,1.865187108659486e-09,1.8651736877738102e-09,1.865160249107657e-09,1.8651467926735274e-09,1.8651333184829793e-09,1.8651198265471266e-09,1.865106316878174e-09,1.865092789488057e-09,1.865079244389841e-09,1.865065681592108e-09,1.8650521011080425e-09,1.865038502949422e-09,1.865024887128182e-09,1.8650112536559736e-09,1.864997602545159e-09,1.8649839338060464e-09,1.8649702474500674e-09,1.8649565434892377e-09,1.864942821935355e-09,1.864929082799808e-09,1.864915326094991e-09,1.864901551832024e-09,1.864887760020825e-09,1.8648739506758057e-09,1.8648601238082794e-09,1.8648462794289044e-09,1.864832417549489e-09,1.864818538181618e-09,1.8648046413368794e-09,1.8647907270246573e-09,1.864776795258748e-09,1.864762846050761e-09,1.864748879412138e-09,1.864734895354446e-09,1.86472089388922e-09,1.8647068750279646e-09,1.864692838782114e-09,1.864678785163291e-09,1.8646647141829086e-09,1.8646506258525055e-09,1.8646365201834903e-09,1.8646223971874375e-09,1.864608256875696e-09,1.8645940992598484e-09,1.86457992435127e-09,1.8645657321614797e-09,1.8645515227018344e-09,1.8645372959838316e-09,1.8645230520188925e-09,1.864508790818446e-09,1.864494512394981e-09,1.8644802167587568e-09,1.8644659039212218e-09,1.8644515738938124e-09,1.8644372266878308e-09,1.8644228623133326e-09,1.8644084807808374e-09,1.8643940821042846e-09,1.8643796662949324e-09,1.864365233364116e-09,1.8643507833231086e-09,1.8643363161866597e-09,1.864321831962712e-09,1.864307330660782e-09,1.864292812293792e-09,1.8642782768731103e-09,1.864263724409938e-09,1.8642491549156054e-09,1.864234568401453e-09,1.8642199648787595e-09,1.8642053443587547e-09,1.864190706852735e-09,1.864176052371926e-09,1.864161380927565e-09,1.8641466925306817e-09,1.864131987194532e-09,1.8641172649287513e-09,1.8641025257447485e-09,1.8640877696536943e-09,1.8640729966649615e-09,1.8640582067920753e-09,1.8640434000455214e-09,1.864028576436003e-09,1.8640137359757462e-09,1.863998878675035e-09,1.8639840045447454e-09,1.8639691135970984e-09,1.8639542058432664e-09,1.863939281294032e-09,1.86392433995848e-09,1.8639093818540167e-09,1.863894406985264e-09,1.863879415365551e-09,1.863864407006011e-09,1.8638493819186108e-09
19,2.4518719331256226e-67,1.2838096556317832e-66,4.008059499794787e-66,9.687560421110453e-66,1.9997609381659977e-65,3.7047146743381065e-65,6.340877548534641e-65,1.0215142519223301e-64,1.5687546189169807e-64,2.317497660871153e-64,3.315502685360078e-64,4.616995007819626e-64,6.283068133075453e-64,8.382090063981316e-64,1.0990111955284653e-63,1.4191277919991982e-63,1.8078235224030415e-63,2.2752544403643437e-63,2.8325089040290223e-63,3.491648505705942e-63,4.2657489481514444e-63,5.168940866229078e-63,6.216450595675021e-63,7.424640892112434e-63,8.81105160269478e-63,1.0394440293797236e-62,1.2194822837331118e-62,1.4233513957997198e-62,1.6533167743379131e-62,1.9117818118409414e-62,2.201291928541903e-62,2.524538613071642e-62,2.8843634598421364e-62,3.283762203211482e-62,3.7258887484723124e-62,4.214059199695987e-62,4.751755884456744e-62,5.3426313754542666e-62,5.990512509048731e-62,6.69940440071918e-62,7.4734944574537085e-62,8.317156387078474e-62,9.234954204530401e-62,1.0231646235079084e-61,1.1312189114501167e-61,1.2481741786211035e-61,1.3745669495350663e-61,1.5109547779842072e-61,1.657916645840458e-61,1.8160533615539943e-61,1.985987958348744e-61,2.16836609211519e-61,2.363856439000686e-61,2.5731510926975083e-61,2.796965961428954e-61,3.0360411646336086e-61,3.291141429348139e-61,3.563056486288745e-61,3.852601465631597e-61,4.160617292492419e-61,4.487971082105486e-61,4.835556534702266e-61,5.204294330089974e-61,5.595132521930154e-61,6.009046931717665e-61,6.447041542460244e-61,6.91014889205884e-61,7.39943046638902e-61,7.915977092083632e-61,8.460909329017003e-61,9.035377862490766e-61,9.640563895121795e-61,1.0277679538432254e-60,1.0947968204142142e-60,1.1652704995164366e-60,1.2393197096302834e-60,1.3170784164653666e-60,1.3986838719709667e-60,1.4842766533168456e-60,1.5740007018444346e-60,1.6680033619884363e-60,1.7664354201688457e-60,1.8694511436534227e-60,1.9772083193906388e-60,2.0898682928131227e-60,2.2075960066116206e-60,2.330560039479489e-60,2.4589326448277833e-60,2.5928897894708997e-60,2.732611192282846e-60,2.878280362824121e-60,3.0300846399393285e-60,3.1882152303253195e-60,3.3528672470702103e-60,3.5242397481630235e-60,3.702535774974041e-60,3.887962390706037e-60,4.0807307188162295e-60,4.281055981409065e-60,4.489157537599833e-60,4.705258921849162e-60,4.929587882268366e-60,5.162376418895729e-60,5.403860821943692e-60,5.654281710017009e-60,5.913884068301851e-60,6.182917286725983e-60,6.461635198089826e-60,6.750296116168658e-60,7.049162873785869e-60,7.35850286085723e-60,7.67858806240652e-60,8.00969509655181e-60,8.352105252463345e-60,8.706104528292431e-60,9.071983669071477e-60,9.450038204585379e-60,9.840568487213928e-60,1.0243879729745811e-59,1.0660282043163609e-59,1.1090090474400223e-59,1.1533625044066635e-59,1.1991210784151006e-59,1.246317777568913e-59,1.2949861186406335e-59,1.3451601308330782e-59,1.3968743595378165e-59,1.4501638700907956e-59,1.5050642515251055e-59,1.561611620320903e-59,1.6198426241524827e-59,1.6797944456325045e-59,1.7415048060533785e-59,1.8050119691258149e-59,1.870354744714527e-59,1.9375724925711064e-59,2.0067051260640585e-59,2.077793115906011e-59,2.1508774938780887e-59,2.225999856551467e-59,2.303202369006097e-59,2.3825277685466066e-59,2.4640193684153825e-59,2.5477210615028365e-59,2.633677324054853e-59,2.72193321937742e-59,2.812534401538458e-59,2.905527119066826e-59,3.0009582186485296e-59,3.098875148820122e-59,3.199325963659307e-59,3.3023593264727196e-59,3.4080245134809358e-59,3.5163714175006763e-59,3.627450551624208e-59,3.7413130528959545e-59,3.8580106859863327e-59,3.9775958468627786e-59,4.100121566458006e-59,4.225641514335474e-59,4.354210002352066e-59,4.485881988318007e-59,4.620713079653991e-59,4.758759537045535e-59,4.90007827809456e-59,5.044726880968211e-59,5.1927635880448895e-59,5.3442473095575445e-59,5.499237627234172e-59,5.657794797935585e-59,5.819979757290378e-59,5.985854123327197e-59,6.155480200104187e-59,6.32892098133573e-59,6.506240154016421e-59,6.687502102042296e-59,6.872771909829291e-59,7.062115365928994e-59,7.255598966641634e-59,7.453289919626328e-59,7.655256147508586e-59,7.861566291485091e-59,8.072289714925742e-59,8.287496506972957e-59,8.507257486138266e-59,8.731644203896133e-59,8.960728948275118e-59,9.194584747446252e-59,9.433285373308726e-59,9.67690534507285e-59,9.925519932840292e-59,1.0179205161181621e-58,1.0438037812711112e-58,1.0702095431658842e-58,1.0971456327440083e-58,1.1246199578222044e-58,1.152640503448778e-58,1.1812153322597513e-58,1.2103525848347194e-58,1.2400604800524421e-58,1.2703473154461593e-58,1.301221467558639e-58,1.3326913922969627e-58,1.3647656252870307e-58,1.3974527822278086e-58,1.4307615592452972e-58,1.464700733246241e-58,1.4992791622715645e-58,1.5345057858495377e-58,1.570389625348684e-58,1.606939784330408e-58,1.644165448901367e-58,1.6820758880655674e-58,1.7206804540761963e-58,1.7599885827871906e-58,1.8000097940045336e-58,1.8407536918372883e-58,1.8822299650483684e-58,1.9244483874050276e-58,1.967418818029112e-58,2.011151201747015e-58,2.0556555694393924e-58,2.1009420383905924e-58,2.1470208126378384e-58,2.1939021833201343e-58,2.241596529026914e-58,2.2901143161464156e-58,2.339466099213811e-58,2.389662521259046e-58,2.4407143141544373e-58,2.4926322989619967e-58,2.5454273862804955e-58,2.5991105765922675e-58,2.653692960609739e-58,2.7091857196217177e-58,2.7656001258393743e-58,2.822947542742032e-58,2.881239425422634e-58,2.9404873209329697e-58,3.0007028686286412e-58,3.061897800513774e-58,3.1240839415854456e-58,3.187273210177879e-58,3.251477618306355e-58,3.31670927201088e-58,3.382980371699578e-58,3.450303212491837e-58,3.518690184561183e-58,3.5881537734779014e-58,3.658706560551399e-58,3.730361223172301e-58,3.8031305351542966e-58,3.877027367075721e-58,3.952064686620878e-58,4.028255558921105e-58,4.1056131468955815e-58,4.1841507115918736e-58,4.2638816125262335e-58,4.344819308023626e-58,4.42697735555751e-58,4.5103694120893415e-58,4.5950092344078574e-58,4.6809106794680646e-58,4.7680877047299835e-58,4.8565543684971645e-58,4.9463248302548815e-58,5.037413351008156e-58,5.129834293619443e-58,5.2236021231461116e-58,5.318731407177658e-58,5.415236816172657e-58,5.5131331237954595e-58,5.612435207252662e-58,5.7131580476292626e-58,5.815316730224615e-58,5.918926444888106e-58,6.0240024863545934e-58,6.1305602545795656e-58,6.2386152550740745e-58,6.34818309923938e-58,6.459279504701396e-58,6.571920295644823e-58,6.686121403147071e-58,6.801898865511897e-58,6.919268828602819e-58,7.038247546176274e-58,7.158851380214483e-58,7.281096801258131e-58,7.40500038873874e-58,7.530578831310808e-58,7.657848927183716e-58,7.786827584453351e-58,7.917531821433502e-58,8.049978766986991e-58,8.184185660856569e-58,8.320169853995525e-58,8.457948808898111e-58,8.597540099929648e-58,8.738961413656428e-58,8.882230549175341e-58,9.027365418443251e-58,9.17438404660616e-58,9.323304572328071e-58,9.47414524811964e-58,9.626924440666575e-58,9.781660631157745e-58,9.938372415613107e-58,1.0097078505211336e-57,1.0257797726617235e-57,1.0420549022308858e-57,1.0585351450904445e-57,1.0752224187489053e-57,1.092118652394097e-57,1.109225786925789e-57,1.1265457749882796e-57,1.1440805810029654e-57,1.1618321812008822e-57,1.1798025636552237e-57,1.1979937283138331e-57,1.2164076870316709e-57,1.2350464636032602e-57,1.2539120937951053e-57,1.2730066253780861e-57,1.2923321181598273e-57,1.3118906440170466e-57,1.331684286927873e-57,1.3517151430041455e-57,1.3719853205236855e-57,1.3924969399625418e-57,1.4132521340272186e-57,1.4342530476868707e-57,1.4555018382054824e-57,1.4770006751740103e-57,1.4987517405425208e-57,1.520757228652279e-57,1.5430193462678405e-57,1.565540312609089e-57,1.5883223593832787e-57,1.611367730817033e-57,1.6346786836883253e-57,1.6582574873584346e-57,1.6821064238038832e-57,1.7062277876483358e-57,1.730623886194492e-57,1.7552970394559417e-57,1.7802495801890008e-57,1.8054838539245246e-57,1.8310022189996964e-57,1.856807046589787e-57,1.882900720739898e-57,1.9092856383966776e-57,1.9359642094400075e-57,1.9629388567146758e-57,1.9902120160620204e-57,2.017786136351546e-57,2.045663679512519e-57,2.0738471205655443e-57,2.1023389476541094e-57,2.1311416620761123e-57,2.1602577783153577e-57,2.1896898240730355e-57,2.219440340299176e-57,2.2495118812240748e-57,2.2799070143897014e-57,2.3106283206810794e-57,2.3416783943576425e-57,2.373059843084576e-57,2.4047752879641156e-57,2.436827363566846e-57,2.4692187179629523e-57,2.5019520127534718e-57,2.535029923101501e-57,2.5684551377633915e-57,2.602230359119919e-57,2.6363583032074263e-57,2.670841699748947e-57,2.7056832921853023e-57,2.740885837706179e-57,2.776452107281174e-57,2.812384885690829e-57,2.84868697155763e-57,2.8853611773769895e-57,2.922410329548206e-57,2.9598372684053967e-57,2.9976448482484074e-57,3.035835937373698e-57,3.0744134181052095e-57,3.113380186825206e-57,3.1527391540050867e-57,3.1924932442361866e-57,3.23264539626054e-57,3.273198563001633e-57,3.3141557115951277e-57,3.3555198234195617e-57,3.39729389412703e-57,3.439480933673828e-57,3.4820839663511003e-57,3.525106030815437e-57,3.568550180119461e-57,3.6124194817423905e-57,3.656717017620582e-57,3.7014458841780386e-57,3.746609192356922e-57,3.7922100676479943e-57,3.8382516501210826e-57,3.8847370944555004e-57,3.9316695699704477e-57,3.979052260655391e-57,4.026888365200413e-57,4.0751810970265505e-57,4.1239336843161054e-57,4.173149370042919e-57,4.2228314120026464e-57,4.2729830828430043e-57,4.3236076700939627e-57,4.3747084761979713e-57,4.426288818540106e-57,4.4783520294782356e-57,4.530901456373142e-57,4.583940461618615e-57,4.637472422671555e-57,4.6915007320820136e-57,4.746028797523234e-57,4.801060041821665e-57,4.8565979029869533e-57,4.912645834241909e-57,4.969207304052453e-57,5.026285796157534e-57,5.0838848095990377e-57,5.142007858751653e-57,5.200658473352737e-57,5.259840198532143e-57,5.319556594842032e-57,5.379811238286651e-57,5.440607720352111e-57,5.501949648036128e-57,5.563840643877732e-57,5.626284345986974e-57,5.689284408074595e-57,5.752844499481689e-57,5.816968305209325e-57,5.881659525948151e-57,5.946921878107988e-57,6.012759093847392e-57,6.07917492110319e-57,6.146173123620006e-57,6.213757480979749e-57,6.281931788631092e-57,6.35069985791893e-57,6.420065516113796e-57,6.490032606441277e-57,6.5606049881114e-57,6.631786536347993e-57,6.703581142418023e-57,6.775992713660922e-57,6.849025173517876e-57,6.922682461561106e-57,6.996968533523113e-57,7.071887361325922e-57,7.147442933110271e-57,7.223639253264819e-57,7.300480342455296e-57,7.377970237653637e-57,7.456112992167131e-57,7.534912675667493e-57,7.614373374219957e-57,7.694499190312315e-57,7.775294242883964e-57,7.856762667354913e-57,7.938908615654762e-57,8.021736256251683e-57,8.105249774181355e-57,8.189453371075896e-57,8.274351265192754e-57,8.359947691443602e-57,8.446246901423174e-57,8.533253163438119e-57,8.620970762535823e-57,8.709404000533162e-57,8.798557196045327e-57,8.888434684514526e-57,8.979040818238735e-57,9.070379966400413e-57,9.162456515095157e-57,9.255274867360394e-57,9.34883944320401e-57,9.443154679632949e-57,9.538225030681863e-57,9.63405496744164e-57,9.730648978087965e-57,9.828011567909878e-57,9.926147259338266e-57,1.0025060591974362e-56,1.0124756122618202e-56,1.022523842529709e-56,1.032651209129401e-56,1.042858172917603e-56,1.0531451964822702e-56,1.0635127441454396e-56,1.0739612819660675e-56,1.0844912777428586e-56,1.0951032010170956e-56,1.1057975230754696e-56,1.1165747169529023e-56,1.127435257435372e-56,1.1383796210627343e-56,1.1494082861315391e-56,1.1605217326978499e-56,1.1717204425800584e-56,1.183004899361696e-56,1.1943755883942453e-56,1.2058329967999497e-56,1.217377613474617e-56,1.229009929090426e-56,1.2407304360987285e-56,1.2525396287328475e-56,1.2644380030108768e-56,1.2764260567384777e-56,1.2885042895116706e-56,1.3006732027196273e-56,1.3129332995474608e-56,1.3252850849790121e-56,1.3377290657996384e-56,1.3502657505989915e-56,1.3628956497738021e-56,1.3756192755306592e-56,1.3884371418887845e-56,1.4013497646828104e-56,1.4143576615655492e-56,1.427461352010767e-56,1.4406613573159503e-56,1.4539582006050736e-56,1.4673524068313624e-56,1.4808445027800576e-56,1.494435017071175e-56,1.508124480162261e-56,1.5219134243511526e-56,1.5358023837787282e-56,1.5497918944316626e-56,1.563882494145174e-56,1.5780747226057744e-56,1.5923691213540117e-56,1.606766233787218e-56,1.6212666051622466e-56,1.6358707825982153e-56,1.6505793150792418e-56,1.6653927534571793e-56,1.6803116504543507e-56,1.6953365606662788e-56,1.7104680405644178e-56,1.7257066484988764e-56,1.741052944701146e-56,1.7565074912868235e-56,1.7720708522583334e-56,1.7877435935076427e-56,1.803526282818982e-56,1.8194194898715569e-56,1.8354237862422671e-56,1.8515397454084074e-56,1.8677679427503848e-56,1.8841089555544227e-56,1.9005633630152648e-56,1.917131746238877e-56,1.9338146882451507e-56,1.9506127739706005e-56,1.9675265902710577e-56,1.984556725924369e-56,2.0017037716330862e-56,2.0189683200271592e-56,2.036350965666622e-56,2.0538523050442804e-56,2.071472936588395e-56,2.089213460665366e-56,2.107074479582414e-56,2.125056597590253e-56,2.1431604208857714e-56,2.1613865576147062e-56,2.179735617874315e-56,2.1982082137160433e-56,2.2168049591481967e-56,2.235526470138605e-56,2.2543733646172884e-56,2.273346262479116e-56,2.2924457855864714e-56,2.311672557771907e-56,2.3310272048407994e-56,2.3505103545740067e-56,2.370122636730523e-56,2.389864683050121e-56,2.4097371272560066e-56,2.429740605057463e-56,2.4498757541524954e-56,2.4701432142304727e-56,2.4905436269747693e-56,2.511077636065401e-56,2.531745887181664e-56,2.552549028004767e-56,2.5734877082204656e-56,2.594562579521692e-56,2.615774295611182e-56,2.6371235122041035e-56,2.6586108870306795e-56,2.680237079838813e-56,2.7020027523967035e-56,2.7239085684954687e-56,2.7459551939517615e-56,2.768143296610381e-56,2.7904735463468894e-56,2.8129466150702225e-56,2.8355631767252927e-56,2.8583239072956023e-56,2.8812294848058456e-56,2.904280589324512e-56,2.9274779029664876e-56,2.9508221098956517e-56,2.9743138963274774e-56,2.9979539505316245e-56,3.021742962834533e-56,3.0456816256220127e-56,3.069770633341837e-56,3.0940106825063235e-56,3.1184024716949267e-56,3.142946701556814e-56,3.167644074813453e-56,3.1924952962611875e-56,3.217501072773815e-56,3.242662113305168e-56,3.2679791288916774e-56,3.2934528326549544e-56,3.319083939804354e-56,3.344873167639544e-56,3.370821235553071e-56,3.3969288650329313e-56,3.4231967796651206e-56,3.4496257051362027e-56,3.476216369235862e-56,3.5029695018594706e-56,3.529885835010628e-56,3.556966102803724e-56,3.5842110414664883e-56,3.611621389342533e-56,3.6391978868939066e-56,3.6669412767036344e-56,3.6948523034782633e-56,3.722931714050398e-56,3.7511802573812517e-56,3.779598684563172e-56,3.808187748822178e-56,3.836948205520496e-56,3.8658808121590964e-56,3.8949863283802105e-56,3.9242655159698687e-56,3.9537191388604223e-56,3.983347963133066e-56,4.0131527570203656e-56,4.043134290908769e-56,4.073293337341137e-56,4.103630671019242e-56,4.134147068806303e-56,4.164843309729481e-56,4.195720174982399e-56,4.226778447927647e-56,4.258018914099292e-56,4.289442361205379e-56,4.321049579130434e-56,4.352841359937975e-56,4.384818497872994e-56,4.416981789364473e-56,4.449332033027864e-56,4.481870029667592e-56,4.514596582279547e-56,4.547512496053572e-56,4.58061857837594e-56,4.613915638831864e-56,4.6474044892079585e-56,4.681085943494736e-56,4.714960817889084e-56,4.749029930796741e-56,4.783294102834777e-56,4.817754156834064e-56,4.85241091784176e-56,4.887265213123763e-56,4.9223178721671965e-56,4.957569726682867e-56,4.993021610607738e-56,5.028674360107387e-56,5.064528813578468e-56,5.100585811651175e-56,5.136846197191706e-56,5.173310815304703e-56,5.209980513335724e-56,5.246856140873686e-56,5.283938549753317e-56,5.32122859405761e-56,5.358727130120264e-56,5.396435016528134e-56,5.434353114123672e-56,5.472482286007374e-56,5.5108233975402135e-56,5.549377316346081e-56,5.588144912314229e-56,5.6271270576016875e-56,5.6663246266357175e-56,5.705738496116233e-56,5.745369545018226e-56,5.785218654594201e-56,5.825286708376596e-56,5.865574592180206e-56,5.906083194104609e-56,5.9468134045365815e-56,5.987766116152521e-56,6.028942223920852e-56,6.070342625104457e-56,6.111968219263076e-56,6.153819908255723e-56,6.195898596243094e-56,6.238205189689974e-56,6.280740597367643e-56,6.323505730356277e-56,6.3665015020473585e-56,6.409728828146062e-56,6.45318862667367e-56,6.496881817969953e-56,6.540809324695576e-56,6.584972071834482e-56,6.629370986696293e-56,6.674006998918692e-56,6.718881040469813e-56,6.7639940456506265e-56,6.809346951097324e-56,6.8549406957836975e-56,6.900776221023529e-56,6.946854470472954e-56,6.99317639013285e-56,7.039742928351205e-56,7.086555035825503e-56,7.133613665605072e-56,7.180919773093481e-56,7.228474316050888e-56,7.276278254596414e-56,7.324332551210505e-56,7.3726381707373045e-56,7.421196080386994e-56,7.47000724973817e-56,7.519072650740196e-56,7.568393257715552e-56,7.617970047362202e-56,7.66780399875593e-56,7.717896093352702e-56,7.768247314991009e-56,7.818858649894211e-56,7.869731086672895e-56,7.920865616327203e-56,7.972263232249176e-56,8.023924930225108e-56,8.075851708437863e-56,8.128044567469225e-56,8.180504510302229e-56,8.233232542323494e-56,8.286229671325557e-56,8.339496907509193e-56,8.39303526348575e-56,8.446845754279477e-56,8.500929397329834e-56,8.55528721249383e-56,8.60992022204834e-56,8.664829450692424e-56,8.720015925549634e-56,8.775480676170345e-56,8.831224734534047e-56,8.887249135051681e-56,8.943554914567937e-56,9.000143112363561e-56,9.057014770157668e-56,9.114170932110038e-56,9.171612644823425e-56,9.229340957345863e-56,9.287356921172957e-56,9.345661590250182e-56,9.40425602097519e-56,9.463141272200084e-56,9.522318405233736e-56,9.581788483844058e-56,9.641552574260295e-56,9.70161174517533e-56,9.761967067747953e-56,9.822619615605137e-56,9.883570464844342e-56,9.944820694035792e-56,1.0006371384224731e-55,1.0068223618933731e-55,1.013037848416496e-55,1.0192837068402427e-55,1.0255600462614317e-55,1.0318669760255185e-55,1.0382046057268285e-55,1.0445730452087801e-55,1.0509724045641143e-55,1.057402794135118e-55,1.0638643245138523e-55,1.0703571065423775e-55,1.0768812513129806e-55,1.0834368701683983e-55,1.0900240747020452e-55,1.0966429767582372e-55,1.1032936884324184e-55,1.1099763220713844e-55,1.1166909902735082e-55,1.1234378058889654e-55,1.1302168820199572e-55,1.1370283320209364e-55,1.1438722694988307e-55,1.1507488083132659e-55,1.1576580625767922e-55,1.1646001466551053e-55,1.1715751751672715e-55,1.1785832629859503e-55,1.1856245252376185e-55,1.192699077302792e-55,1.1998070348162497e-55,1.2069485136672555e-55,1.214123629999781e-55,1.2213325002127282e-55,1.2285752409601517e-55,1.2358519691514798e-55,1.2431628019517378e-55,1.2505078567817684e-55,1.2578872513184535e-55,1.2653011034949366e-55,1.2727495315008427e-55,1.2802326537825e-55,1.28775058904316e-55,1.2953034562432208e-55,1.3028913746004429e-55,1.3105144635901744e-55,1.3181728429455686e-55,1.325866632657804e-55,1.3335959529763061e-55,1.3413609244089642e-55,1.3491616677223538e-55,1.3569983039419535e-55,1.3648709543523667e-55,1.3727797404975391e-55,1.380724784180977e-55,1.3887062074659682e-55,1.3967241326757978e-55,1.40477868239397e-55,1.412869979464423e-55,1.4209981469917487e-55,1.4291633083414116e-55,1.4373655871399641e-55,1.4456051072752655e-55,1.4538819928966997e-55,1.4621963684153924e-55,1.4705483585044273e-55,1.4789380880990646e-55,1.4873656823969553e-55,1.4958312668583597e-55,1.5043349672063652e-55,1.5128769094270984e-55,1.5214572197699458e-55,1.5300760247477666e-55,1.5387334511371081e-55,1.5474296259784274e-55,1.5561646765762974e-55,1.5649387304996305e-55,1.5737519155818879e-55,1.5826043599212988e-55,1.5914961918810723e-55,1.6004275400896133e-55,1.609398533440739e-55,1.6184093010938884e-55,1.6274599724743407e-55,1.6365506772734284e-55,1.64568154544875e-55,1.6548527072243856e-55,1.6640642930911074e-55,1.6733164338065973e-55,1.682609260395657e-55,1.6919429041504213e-55,1.7013174966305727e-55,1.7107331696635536e-55,1.7201900553447767e-55,1.7296882860378416e-55,1.7392279943747424e-55,1.748809313256085e-55,1.758432375851294e-55,1.7680973155988286e-55,1.7778042662063895e-55,1.7875533616511365e-55,1.7973447361798957e-55,1.807178524309372e-55,1.8170548608263576e-55,1.826973880787949e-55,1.83693571952175e-55,1.8469405126260896e-55,1.8569883959702266e-55,1.8670795056945616e-55,1.87721397821085e-55,1.887391950202408e-55,1.8976135586243237e-55,1.907878940703668e-55,1.9181882339397032e-55,1.9285415761040898e-55,1.9389391052410998e-55,1.9493809596678247e-55,1.9598672779743813e-55,1.9703981990241238e-55,1.980973861953852e-55,1.9915944061740164e-55,2.0022599713689305e-55,2.0129706974969775e-55,2.023726724790818e-55,2.034528193757595e-55,2.0453752451791457e-55,2.056268020112209e-55,2.0672066598886285e-55,2.078191306115564e-55,2.0892221006756957e-55,2.1002991857274328e-55,2.1114227037051197e-55,2.12259279731924e-55,2.133809609556629e-55,2.145073283680672e-55,2.1563839632315174e-55,2.167741792026277e-55,2.1791469141592364e-55,2.1905994740020574e-55,2.2020996162039852e-55,2.213647485692053e-55,2.2252432276712855e-55,2.2368869876249083e-55,2.248578911314548e-55,2.2603191447804395e-55,2.272107834341631e-55,2.283945126596184e-55,2.2958311684213846e-55,2.3077661069739394e-55,2.3197500896901887e-55,2.3317832642863023e-55,2.343865778758486e-55,2.3559977813831857e-55,2.3681794207172907e-55,2.3804108455983364e-55,2.3926922051447056e-55,2.405023648755836e-55,2.4174053261124173e-55,2.4298373871765963e-55,2.4423199821921806e-55,2.4548532616848397e-55,2.4674373764623055e-55,2.4800724776145775e-55,2.492758716514121e-55,2.505496244816074e-55,2.5182852144584404e-55,2.5311257776622987e-55,2.5440180869320025e-55,2.556962295055377e-55,2.569958555103925e-55,2.5830070204330225e-55,2.5961078446821242e-55,2.6092611817749615e-55,2.6224671859197424e-55,2.635726011609354e-55,2.6490378136215594e-55,2.662402747019201e-55,2.675820967150395e-55,2.689292629648737e-55,2.702817890433499e-55,2.716396905709826e-55,2.730029831968939e-55,2.743716825988332e-55,2.757458044831971e-55,2.771253645850494e-55,2.7851037866814068e-55,2.7990086252492845e-55,2.812968319765966e-55,2.8269830287307566e-55,2.841052910930623e-55,2.8551781254403905e-55,2.8693588316229427e-55,2.8835951891294183e-55,2.8978873578994083e-55,2.9122354981611522e-55,2.926639770431737e-55,2.9411003355172932e-55,2.9556173545131893e-55,2.9701909888042348e-55,2.9848214000648682e-55,2.999508750259359e-55,3.0142532016420027e-55,3.029054916757317e-55,3.0439140584402364e-55,3.0588307898163068e-55,3.073805274301887e-55,3.0888376756043385e-55,3.103928157722221e-55,3.119076884945491e-55,3.1342840218556952e-55,3.149549733326162e-55,1.4509580096812877e-32,6.633973618690034e-32,1.8772696366058994e-31,4.246808018424155e-31,8.425338183777756e-31,1.5337286834712016e-30,2.628908365074747e-30,4.312842995515303e-30,6.847504649019007e-30,1.0605823062875033e-29,1.6121595138125522e-29,2.4164147561377281e-29,3.58514745510947e-29,5.282411661637945e-29,7.751657376096215e-29,1.1358827211965975e-28,1.6662091874785153e-28,2.452707193467029e-28,3.6321680831796443e-28,5.425423368545408e-28,8.197738088051452e-28,1.2570254364360382e-27,1.9633353187042625e-27,3.137264976682584e-27,5.1561521760231314e-27,8.773845918089282e-27,1.5588350659522696e-26,2.9236732614760866e-26,5.874514728753905e-26,1.2904516592792696e-25,3.189586131734203e-25,9.251563021450136e-25,3.357525331934397e-24,1.705492631204226e-23,1.6679263102852222e-22,7.09171952504774e-21,8.370032135329336e-19,7.181497928751564e-17,2.7496225267805066e-15,4.7245830087325786e-14,4.292033962851026e-13,2.432105873643496e-12,9.75620653409251e-12,3.030637285932172e-11,7.761492107926331e-11,1.712494591773805e-10,3.3592937932713156e-10,5.995019988765609e-10,9.90256560010062e-10,1.5341941691172868e-09,2.2528054695839837e-09,3.1616952136165816e-09,4.270138268126791e-09,5.5814466865450104e-09,7.0939139843036105e-09,8.802071159867832e-09,1.0698004525591672e-08,1.2772522395585787e-08,1.5016017971993302e-08,1.741896926606811e-08,1.9972122997266884e-08,2.2666479549799878e-08,2.5493202430594662e-08,2.8443536146839548e-08,3.15087680640369e-08,3.468023612291097e-08,3.794936913123012e-08,4.130774368723504e-08,4.474714483512751e-08,4.825962198859235e-08,5.1837535551499226e-08,5.547359245822543e-08,5.916087063636642e-08,6.289283336699e-08,6.666333501397038e-08,7.046661967579256e-08,7.42973142975336e-08,7.815041760714248e-08,8.202128604599469e-08,8.590561766249471e-08,8.979943475306876e-08,9.369906586315913e-08,9.760112762205018e-08,1.0150250676223396e-07,1.0540034258562463e-07,1.0929201003572636e-07,1.1317510354870842e-07,1.1704742168132672e-07,1.20906952615809e-07,1.2475186052552187e-07,1.2858047279454067e-07,1.323912680819147e-07,1.3618286518454189e-07,1.3995401267302864e-07,1.4370357925570536e-07,1.4743054482672333e-07,1.5113399216262456e-07,1.54813099216219e-07,1.58467131974444e-07,1.6209543783637015e-07,1.6569743947728875e-07,1.692726291541097e-07,1.7282056344546766e-07,1.7634085835858078e-07,1.798331848026776e-07,1.832972643898501e-07,1.8673286554289422e-07,1.9013979988739777e-07,1.9351791890091194e-07,1.9686711080953365e-07,2.0018729770294294e-07,2.0347843286504166e-07,2.0674049829204348e-07,2.0997350238396574e-07,2.13177477811371e-07,2.1635247952832576e-07,2.1949858292980553e-07,2.2261588213790176e-07,2.2570448841304745e-07,2.2876452868409028e-07,2.3179614416503086e-07,2.3479948909150593e-07,2.3777472953784987e-07,2.4072204231283425e-07,2.436416139452088e-07,2.4653363973748685e-07,2.493983228841723e-07,2.5223587365796254e-07,2.5504650865049545e-07,2.578304500746105e-07,2.605879251077251e-07,2.6331916528872356e-07,2.6602440595812485e-07,2.687038857392865e-07,2.7135784605566307e-07,2.739865306863434e-07,2.7659018535145324e-07,2.79169057333098e-07,2.8172339512430975e-07,2.842534480884687e-07,2.867594661787989e-07,2.8924169964930294e-07,2.9170039879608266e-07,2.941358137281832e-07,2.965481941390451e-07,2.9893778911939917e-07,3.013048469666665e-07,3.0364961501495683e-07,3.059723394850817e-07,3.0827326534035534e-07,3.10552636159642e-07,3.1281069401838653e-07,3.150476793777648e-07,3.1726383100413664e-07,3.1945938585681567e-07,3.2163457902825537e-07,3.237896436645238e-07,3.259248109040255e-07,3.280403098202687e-07,3.3013636737168046e-07,3.3221320835720393e-07,3.342710553775549e-07,3.3631012880144025e-07,3.3833064673781737e-07,3.4033282501045324e-07,3.423168771379797e-07,3.4428301431733235e-07,3.4623144541139183e-07,3.4816237693715726e-07,3.500760130664504e-07,3.519725556127282e-07,3.5385220403335135e-07,3.557151554358953e-07,3.5756160457433273e-07,3.593917438601376e-07,3.6120576336178135e-07,3.6300385082438604e-07,3.647861916738206e-07,3.665529690299773e-07,3.6830436372063777e-07,3.7004055429559877e-07,3.7176171704305984e-07,3.7346802600632983e-07,3.751596529997007e-07,3.7683676762967604e-07,3.7849953731272596e-07,3.8014812729477547e-07,3.817827006722695e-07,3.8340341841524606e-07,3.8501043937971315e-07,3.8660392034274485e-07,3.881840160158653e-07,3.897508790699994e-07,3.9130466015833034e-07,3.9284550793759213e-07,3.9437356909295136e-07,3.958889883613961e-07,3.9739190855400256e-07,3.988824705796001e-07,4.0036081346917473e-07,4.0182707439683114e-07,4.0328138870781244e-07,4.0472388993683566e-07,4.0615470983444143e-07,4.075739783898207e-07,4.0898182385368623e-07,4.103783727616767e-07,4.1176374995691834e-07,4.1313807861382786e-07,4.145014802594745e-07,4.158540747968271e-07,4.1719598052759986e-07,4.1852731417337057e-07,4.1984819089829135e-07,4.2115872433070784e-07,4.2245902658466375e-07,4.23749208281338e-07,4.250293785703849e-07,4.262996451504799e-07,4.2756011429036437e-07,4.288108908491847e-07,4.3005207829677254e-07,4.3128377873365375e-07,4.325060929108273e-07,4.337191202492998e-07,4.349229588593809e-07,4.361177055600376e-07,4.373034558964841e-07,4.384803041605819e-07,4.3964834340797635e-07,4.408076654764076e-07,4.419583610036076e-07,4.431005194448543e-07,4.442342290903519e-07,4.453595770823501e-07,4.464766494319697e-07,4.475855310358724e-07,4.4868630569264597e-07,4.4977905611896457e-07,4.5086386396551654e-07,4.5194080983269483e-07,4.5300997328613383e-07,4.540714328716912e-07,4.551252661308279e-07,4.5617154961516413e-07,4.572103589011127e-07,4.5824176860411127e-07,4.592658523929642e-07,4.602826830035655e-07,4.612923322528358e-07,4.622948710518559e-07,4.632903694195941e-07,4.642788964956001e-07,4.652605205530345e-07,4.662353090114833e-07,4.67203328449286e-07,4.6816464461587976e-07,4.691193224438963e-07,4.7006742606109337e-07,4.710090188020459e-07,4.719441632197338e-07,4.728729210968628e-07,4.7379535345708253e-07,4.747115205760038e-07,4.756214819919881e-07,4.765252965168499e-07,4.774230222463461e-07,4.78314716570507e-07,4.792004361837981e-07,4.800802370951673e-07,4.809541746378212e-07,4.818223034789889e-07,4.826846776294332e-07,4.835413504528398e-07,4.843923746750665e-07,4.852378023932355e-07,4.860776850846877e-07,4.869120736157912e-07,4.877410182506077e-07,4.885645686594337e-07,4.893827739271932e-07,4.901956825617096e-07,4.910033425018324e-07,4.918058011254519e-07,4.926031052573749e-07,4.9339530117708e-07,4.94182434626356e-07,4.949645508168129e-07,4.957416944372708e-07,4.965139096610496e-07,4.972812401531239e-07,4.980437290771765e-07,4.988014191025407e-07,4.995543524110305e-07,5.00302570703676e-07,5.010461152073168e-07,5.017850266811417e-07,5.025193454230947e-07,5.032491112761847e-07,5.03974363634709e-07,5.0469514145037e-07,5.05411483238291e-07,5.061234270829504e-07,5.0683101064402e-07,5.075342711621131e-07,5.082332454644387e-07,5.089279699703777e-07,5.096184806969548e-07,5.103048132642552e-07,5.109870029007297e-07,5.116650844484321e-07,5.123390923681746e-07,5.130090607446007e-07,5.13675023291186e-07,5.143370133551562e-07,5.149950639223338e-07,5.1564920762191e-07,5.16299476731144e-07,5.169459031799875e-07,5.175885185556498e-07,5.182273541070756e-07,5.18862440749375e-07,5.194938090681696e-07,5.201214893238843e-07,5.207455114559689e-07,5.213659050870579e-07,5.219826995270663e-07,5.225959237772294e-07,5.232056065340726e-07,5.238117761933272e-07,5.244144608537901e-07,5.250136883211322e-07,5.256094861116227e-07,5.262018814558294e-07,5.267909013022504e-07,5.273765723208899e-07,5.279589209067905e-07,5.285379731835051e-07,5.291137550065085e-07,5.296862919665905e-07,5.302556093931663e-07,5.308217323575549e-07,5.313846856762043e-07,5.319444939138739e-07,5.325011813867647e-07,5.330547721656093e-07,5.336052900787153e-07,5.34152758714962e-07,5.346972014267575e-07,5.352386413329518e-07,5.357771013217073e-07,5.36312604053328e-07,5.368451719630483e-07,5.37374827263784e-07,5.379015919488385e-07,5.384254877945771e-07,5.389465363630572e-07,5.394647590046261e-07,5.399801768604782e-07,5.404928108651754e-07,5.410026817491372e-07,5.415098100410916e-07,5.420142160704895e-07,5.425159199698907e-07,5.43014941677309e-07,5.435113009385341e-07,5.44005017309411e-07,5.444961101580962e-07,5.449845986672778e-07,5.454705018363554e-07,5.459538384836162e-07,5.464346272483549e-07,5.469128865929745e-07,5.473886348050578e-07,5.478618899994108e-07,5.483326701200759e-07,5.488009929423197e-07,5.492668760745909e-07,5.497303369604546e-07,5.501913928805001e-07,5.506500609542163e-07,5.511063581418505e-07,5.515603012462365e-07,5.520119069146006e-07,5.524611916403401e-07,5.529081717647807e-07,5.533528634789089e-07,5.53795282825082e-07,5.542354456987136e-07,5.546733678499381e-07,5.551090648852511e-07,5.555425522691304e-07,5.559738453256336e-07,5.564029592399756e-07,5.568299090600832e-07,5.572547096981309e-07,5.576773759320555e-07,5.580979224070534e-07,5.585163636370523e-07,5.589327140061701e-07,5.593469877701501e-07,5.597591990577793e-07,5.601693618722885e-07,5.605774900927329e-07,5.609835974753562e-07,5.613876976549344e-07,5.617898041461054e-07,5.621899303446789e-07,5.62588089528932e-07,5.629842948608837e-07,5.633785593875579e-07,5.637708960422281e-07,5.641613176456439e-07,5.64549836907246e-07,5.649364664263627e-07,5.653212186933923e-07,5.657041060909701e-07,5.660851408951207e-07,5.664643352763958e-07,5.668417013009961e-07,5.672172509318828e-07,5.675909960298715e-07,5.679629483547126e-07,5.683331195661602e-07,5.687015212250261e-07,5.690681647942215e-07,5.694330616397835e-07,5.697962230318923e-07,5.701576601458728e-07,5.705173840631848e-07,5.708754057724011e-07,5.712317361701745e-07,5.715863860621901e-07,5.719393661641074e-07,5.72290687102493e-07,5.726403594157367e-07,5.729883935549619e-07,5.733347998849212e-07,5.736795886848828e-07,5.740227701495043e-07,5.743643543896983e-07,5.747043514334865e-07,5.750427712268414e-07,5.753796236345215e-07,5.757149184408944e-07,5.760486653507478e-07,5.763808739900965e-07,5.76711553906973e-07,5.770407145722155e-07,5.773683653802388e-07,5.776945156498027e-07,5.780191746247684e-07,5.783423514748445e-07,5.786640552963277e-07,5.789842951128314e-07,5.79303079876008e-07,5.796204184662593e-07,5.799363196934447e-07,5.802507922975747e-07,5.805638449494991e-07,5.808754862515857e-07,5.81185724738397e-07,5.814945688773473e-07,5.818020270693643e-07,5.821081076495353e-07,5.824128188877487e-07,5.827161689893286e-07,5.830181660956591e-07,5.833188182848067e-07,5.836181335721276e-07,5.839161199108772e-07,5.842127851928051e-07,5.845081372487468e-07,5.84802183849209e-07,5.850949327049463e-07,5.853863914675329e-07,5.856765677299247e-07,5.859654690270216e-07,5.862531028362158e-07,5.865394765779389e-07,5.868245976162e-07,5.871084732591209e-07,5.873911107594611e-07,5.876725173151416e-07,5.879527000697582e-07,5.88231666113091e-07,5.885094224816107e-07,5.887859761589746e-07,5.890613340765202e-07,5.893355031137532e-07,5.896084900988283e-07,5.898803018090264e-07,5.901509449712245e-07,5.90420426262364e-07,5.906887523099097e-07,5.909559296923068e-07,5.912219649394306e-07,5.914868645330324e-07,5.917506349071821e-07,5.920132824487025e-07,5.922748134976018e-07,5.925352343474987e-07,5.927945512460482e-07,5.930527703953533e-07,5.933098979523828e-07,5.935659400293764e-07,5.938209026942517e-07,5.940747919710014e-07,5.943276138400911e-07,5.945793742388469e-07,5.948300790618457e-07,5.950797341612968e-07,5.953283453474187e-07,5.955759183888168e-07,5.958224590128533e-07,5.960679729060113e-07,5.963124657142607e-07,5.965559430434158e-07,5.9679841045949e-07,5.970398734890473e-07,5.972803376195525e-07,5.975198082997112e-07,5.977582909398121e-07,5.979957909120655e-07,5.98232313550932e-07,5.984678641534584e-07,5.98702447979598e-07,5.989360702525385e-07,5.991687361590184e-07,5.994004508496446e-07,5.996312194392052e-07,5.998610470069787e-07,6.000899385970408e-07,6.003178992185695e-07,6.005449338461416e-07,6.007710474200335e-07,6.009962448465133e-07,6.012205309981325e-07,6.01443910714014e-07,6.01666388800137e-07,6.018879700296201e-07,6.021086591430001e-07,6.023284608485075e-07,6.025473798223424e-07,6.027654207089431e-07,6.029825881212564e-07,6.031988866410024e-07,6.034143208189354e-07,6.036288951751074e-07,6.038426141991235e-07,6.040554823503974e-07,6.04267504058403e-07,6.044786837229253e-07,6.046890257143089e-07,6.048985343736998e-07,6.051072140132898e-07,6.053150689165574e-07,6.055221033385034e-07,6.057283215058873e-07,6.059337276174604e-07,6.061383258441976e-07,6.063421203295236e-07,6.065451151895394e-07,6.06747314513247e-07,6.069487223627723e-07,6.071493427735824e-07,6.07349179754704e-07,6.075482372889393e-07,6.077465193330782e-07,6.079440298181105e-07,6.081407726494333e-07,6.083367517070598e-07,6.08531970845824e-07,6.087264338955836e-07,6.089201446614193e-07,6.09113106923837e-07,6.093053244389628e-07,6.094968009387395e-07,6.0968754013112e-07,6.098775457002581e-07,6.100668213066991e-07,6.102553705875672e-07,6.104431971567516e-07,6.106303046050921e-07,6.108166965005598e-07,6.110023763884401e-07,6.111873477915103e-07,6.113716142102172e-07,6.115551791228547e-07,6.117380459857351e-07,6.119202182333643e-07,6.121016992786108e-07,6.122824925128766e-07,6.124626013062629e-07,6.126420290077388e-07,6.128207789453031e-07,6.129988544261491e-07,6.131762587368265e-07,6.133529951433994e-07,6.135290668916078e-07,6.137044772070203e-07,6.138792292951955e-07,6.140533263418308e-07,6.142267715129185e-07,6.143995679548954e-07,6.145717187947935e-07,6.147432271403882e-07,6.149140960803466e-07,6.150843286843725e-07,6.15253928003349e-07,6.154228970694852e-07,6.155912388964569e-07,6.157589564795458e-07,6.159260527957801e-07,6.160925308040718e-07,6.16258393445355e-07,6.164236436427197e-07,6.165882843015471e-07,6.167523183096423e-07,6.169157485373663e-07,6.170785778377677e-07,6.1724080904671e-07,6.174024449830026e-07,6.175634884485262e-07,6.177239422283604e-07,6.178838090909061e-07,6.180430917880136e-07,6.182017930551008e-07,6.183599156112779e-07,6.185174621594662e-07,6.1867443538652e-07,6.188308379633416e-07,6.189866725450029e-07,6.191419417708573e-07,6.192966482646585e-07,6.194507946346736e-07,6.196043834737959e-07,6.197574173596578e-07,6.199098988547429e-07,6.200618305064951e-07,6.202132148474291e-07,6.203640543952361e-07,6.205143516528968e-07,6.206641091087818e-07,6.208133292367618e-07,6.209620144963102e-07,6.211101673326071e-07,6.21257790176643e-07,6.214048854453201e-07,6.215514555415534e-07,6.216975028543718e-07,6.218430297590165e-07,6.219880386170406e-07,6.221325317764059e-07,6.222765115715807e-07,6.224199803236346e-07,6.225629403403354e-07,6.227053939162421e-07,6.228473433327986e-07,6.229887908584279e-07,6.231297387486229e-07,6.232701892460378e-07,6.234101445805786e-07,6.235496069694926e-07,6.236885786174593e-07,6.238270617166755e-07,6.239650584469446e-07,6.241025709757636e-07,6.242396014584084e-07,6.243761520380182e-07,6.245122248456828e-07,6.246478220005234e-07,6.247829456097774e-07,6.249175977688812e-07,6.250517805615504e-07,6.25185496059863e-07,6.253187463243378e-07,6.254515334040148e-07,6.255838593365357e-07,6.257157261482202e-07,6.258471358541449e-07,6.259780904582216e-07,6.261085919532705e-07,6.262386423210999e-07,6.263682435325788e-07,6.264973975477127e-07,6.266261063157173e-07,6.26754371775092e-07,6.268821958536942e-07,6.270095804688074e-07,6.27136527527218e-07,6.27263038925283e-07,6.273891165490014e-07,6.275147622740841e-07,6.276399779660232e-07,6.277647654801616e-07,6.278891266617598e-07,6.280130633460654e-07,6.281365773583775e-07,6.282596705141163e-07,6.28382344618887e-07,6.285046014685465e-07,6.286264428492687e-07,6.287478705376074e-07,6.288688863005615e-07,6.289894918956385e-07,6.291096890709169e-07,6.292294795651094e-07,6.29348865107624e-07,6.294678474186252e-07,6.295864282090965e-07,6.297046091808996e-07,6.298223920268355e-07,6.299397784307029e-07,6.300567700673571e-07,6.301733686027704e-07,6.302895756940886e-07,6.304053929896889e-07,6.305208221292388e-07,6.306358647437492e-07,6.307505224556352e-07,6.308647968787692e-07,6.309786896185369e-07,6.310922022718925e-07,6.312053364274133e-07,6.313180936653546e-07,6.314304755577021e-07,6.315424836682259e-07,6.316541195525336e-07,6.317653847581228e-07,6.318762808244325e-07,6.31986809282897e-07,6.320969716569926e-07,6.322067694622957e-07,6.323162042065262e-07,6.324252773896009e-07,6.325339905036846e-07,6.32642345033236e-07,6.327503424550603e-07,6.328579842383542e-07,6.329652718447581e-07,6.330722067284003e-07,6.331787903359478e-07,6.332850241066504e-07,6.333909094723895e-07,6.334964478577244e-07,6.336016406799379e-07,6.33706489349082e-07,6.338109952680233e-07,6.339151598324885e-07,6.340189844311093e-07,6.341224704454658e-07,6.342256192501319e-07,6.343284322127172e-07,6.344309106939117e-07,6.345330560475297e-07,6.346348696205508e-07,6.347363527531628e-07,6.348375067788041e-07,6.34938333024206e-07,6.350388328094339e-07,6.351390074479271e-07,6.352388582465419e-07,6.353383865055897e-07,6.354375935188809e-07,6.355364805737612e-07,6.356350489511529e-07,6.357332999255947e-07,6.358312347652794e-07,6.359288547320949e-07,6.360261610816596e-07,6.361231550633647e-07,6.362198379204075e-07,6.363162108898347e-07,6.364122752025729e-07,6.365080320834725e-07,6.366034827513398e-07,6.366986284189771e-07,6.367934702932151e-07,6.368880095749535e-07,6.369822474591926e-07,6.370761851350716e-07,6.371698237859042e-07,6.372631645892104e-07,6.373562087167546e-07,6.374489573345791e-07,6.375414116030376e-07,6.376335726768303e-07,6.377254417050373e-07,6.378170198311516e-07,6.379083081931142e-07,6.379993079233447e-07,6.38090020148776e-07,6.38180445990886e-07,6.382705865657307e-07,6.383604429839753e-07,6.384500163509279e-07,6.385393077665684e-07,6.386283183255832e-07,6.387170491173935e-07,6.38805501226189e-07,6.388936757309556e-07,6.3898157370551e-07,6.390691962185259e-07,6.391565443335675e-07,6.392436191091168e-07,6.393304215986055e-07,6.394169528504433e-07,6.395032139080476e-07,6.395892058098723e-07,6.39674929589437e-07,6.397603862753559e-07,6.39845576891366e-07,6.399305024563554e-07,6.400151639843909e-07,6.400995624847476e-07,6.401836989619347e-07,6.402675744157243e-07,6.403511898411784e-07,6.404345462286748e-07,6.405176445639374e-07,6.406004858280586e-07,6.406830709975293e-07,6.40765401044264e-07,6.408474769356265e-07,6.409292996344572e-07,6.410108700990983e-07,6.410921892834195e-07,6.411732581368435e-07,6.41254077604371e-07,6.413346486266068e-07,6.414149721397842e-07,6.414950490757901e-07,6.415748803621888e-07,6.416544669222474e-07,6.417338096749605e-07,6.418129095350731e-07,6.418917674131053e-07,6.419703842153762e-07,6.420487608440277e-07,6.421268981970469e-07,6.422047971682915e-07,6.422824586475105e-07,6.423598835203701e-07,6.424370726684731e-07,6.425140269693856e-07,6.425907472966581e-07,6.426672345198423e-07,6.427434895045241e-07,6.428195131123374e-07,6.428953062009904e-07,6.429708696242834e-07,6.430462042321355e-07,6.431213108706026e-07,6.431961903818986e-07,6.432708436044197e-07,6.43345271372762e-07,6.434194745177452e-07,6.434934538664324e-07,6.435672102421497e-07,6.436407444645087e-07,6.437140573494264e-07,6.437871497091443e-07,6.438600223522497e-07,6.439326760836961e-07,6.440051117048208e-07,6.440773300133693e-07,6.441493318035085e-07,6.442211178658522e-07,6.442926889874773e-07,6.443640459519432e-07,6.44435189539312e-07,6.445061205261666e-07,6.445768396856306e-07,6.446473477873863e-07,6.447176455976925e-07,6.447877338794054e-07,6.448576133919942e-07,6.449272848915622e-07,6.449967491308625e-07,6.450660068593177e-07,6.451350588230368e-07,6.452039057648332e-07,6.452725484242436e-07,6.453409875375432e-07,6.454092238377662e-07,6.454772580547206e-07,6.455450909150058e-07,6.456127231420322e-07,6.456801554560343e-07,6.45747388574091e-07,6.45814423210141e-07,6.458812600749991e-07,6.459478998763734e-07,6.460143433188816e-07,6.460805911040686e-07,6.461466439304203e-07,6.462125024933817e-07,6.462781674853726e-07,6.463436395958034e-07,6.464089195110905e-07,6.464740079146736e-07,6.465389054870294e-07,6.466036129056878e-07,6.466681308452493e-07,6.467324599773978e-07,6.467966009709169e-07,6.468605544917046e-07,6.469243212027904e-07,6.469879017643473e-07,6.470512968337093e-07,6.471145070653839e-07,6.47177533111069e-07,6.472403756196663e-07,6.473030352372962e-07,6.473655126073119e-07,6.47427808370314e-07,6.47489923164166e-07,6.475518576240055e-07,6.476136123822606e-07,6.476751880686644e-07,6.477365853102662e-07,6.477978047314489e-07,6.478588469539397e-07,6.479197125968249e-07,6.479804022765646e-07,6.480409166070042e-07,6.48101256199389e-07,6.481614216623769e-07,6.482214136020532e-07,6.482812326219414e-07,6.483408793230183e-07,6.484003543037261e-07,6.484596581599851e-07,6.485187914852073e-07,6.485777548703083e-07,6.486365489037207e-07,6.486951741714072e-07,6.487536312568716e-07,6.488119207411719e-07,6.488700432029343e-07,6.489279992183623e-07,6.489857893612525e-07,6.490434142030035e-07,6.491008743126311e-07,6.491581702567769e-07,6.492153025997237e-07,6.492722719034053e-07,6.493290787274184e-07,6.493857236290355e-07,6.494422071632147e-07,6.494985298826137e-07,6.495546923375988e-07,6.496106950762582e-07,6.496665386444134e-07,6.497222235856289e-07,6.497777504412241e-07,6.498331197502862e-07,6.498883320496795e-07,6.499433878740559e-07,6.499982877558681e-07,6.50053032225379e-07,6.501076218106726e-07,6.501620570376657e-07,6.50216338430117e-07,6.502704665096396e-07,6.503244417957109e-07,6.503782648056826e-07,6.504319360547912e-07,6.504854560561697e-07,6.505388253208574e-07,6.505920443578085e-07,6.506451136739048e-07,6.506980337739641e-07,6.507508051607522e-07,6.508034283349907e-07,6.508559037953677e-07,6.509082320385502e-07,6.509604135591894e-07,6.510124488499347e-07,6.510643384014414e-07,6.511160827023806e-07,6.511676822394492e-07,6.512191374973791e-07,6.512704489589478e-07,6.513216171049861e-07,6.513726424143899e-07,6.514235253641266e-07,6.514742664292474e-07,6.515248660828941e-07,6.515753247963104e-07,6.5162564303885e-07,6.516758212779854e-07,6.517258599793171e-07,6.517757596065842e-07,6.518255206216708e-07,6.518751434846162e-07,6.51924628653625e-07,6.519739765850731e-07,6.52023187733519e-07,6.520444323121014e-07,6.520655905506647e-07,6.520894748335232e-07,6.521163959734374e-07,6.521465777765945e-07,6.521802889198108e-07,6.522178497375397e-07,6.522596310111796e-07,6.523060510780233e-07,6.523575717995355e-07,6.524146936430686e-07,6.524779501201491e-07,6.525479018178637e-07,6.526251302415137e-07,6.527102316661686e-07,6.528038111637075e-07,6.529064769423449e-07,6.530188351066036e-07,6.531414849117406e-07,6.532750145634553e-07,6.534199975867938e-07,6.535769897691203e-07,6.537465266623021e-07,6.53929121620554e-07,6.541252643378959e-07,6.543354198381234e-07,6.545600278769859e-07,6.547995027039556e-07,6.550542331351049e-07,6.553245828913868e-07,6.556108911603252e-07,6.559134733291109e-07,6.562326218659833e-07,6.565686073044517e-07,6.569216793058717e-07,6.572920677724206e-07,6.576799839881582e-07,6.580856217700762e-07,6.585091586122818e-07,6.58950756811497e-07,6.594105645617757e-07,6.598887170138933e-07,6.603853372898151e-07,6.609005374487875e-07,6.614344194041457e-07,6.619870757874526e-07,6.625585907582124e-07,6.631490407628199e-07,6.637584952395426e-07,6.64387017274778e-07,6.650346642076434e-07,6.657014881908549e-07,6.663875367061483e-07,6.670928530333062e-07,6.678174766850926e-07,6.685614438012075e-07,6.693247875086717e-07,6.701075382483276e-07,6.709097240734902e-07,6.717313709173212e-07,6.725725028355677e-07,6.734331422323636e-07,6.743133100487256e-07,6.752130259482075e-07,6.76132308467572e-07,6.770711751702784e-07,6.780296427673363e-07,6.790077272328641e-07,6.800054439053694e-07,6.810228075785062e-07,6.820598325803575e-07,6.831165328431812e-07,6.841929219672217e-07,6.852890132742213e-07,6.864048198519225e-07,6.875403546147376e-07,6.886956303042681e-07,6.898706595570564e-07,6.910654549107731e-07,6.922800288345392e-07,6.935143937484559e-07,6.947685620464966e-07,6.960425460968397e-07,6.973363582651606e-07,6.986500109233702e-07,6.999835164499283e-07,7.013368872461886e-07,7.027101357358087e-07,7.041032743795207e-07,7.055163156560939e-07,7.069492720785641e-07,7.084021562009622e-07,7.098749806042652e-07,7.113677579040625e-07,7.128805007505305e-07,7.144132218245631e-07,7.159659338385005e-07,7.175386495418231e-07,7.191313816868366e-07,7.207441430739728e-07,7.223769465182841e-07,7.240298048605786e-07,7.257027309429422e-07,7.273957376436558e-07,7.291088378436407e-07,7.30842044438531e-07,7.325953703249983e-07,7.343688284145303e-07,7.36162431622946e-07,7.379761928531089e-07,7.398101250173142e-07,7.416642410476541e-07,7.435385538183456e-07,7.45433076239158e-07,7.473478212009583e-07,7.492828015760829e-07,7.512380302384792e-07,7.532135200278773e-07,7.55209283785363e-07,7.572253343285585e-07,7.59261684455617e-07,7.61318346946678e-07,7.633953345588681e-07,7.654926600232377e-07,7.67610336054554e-07,7.697483753408897e-07,7.719067905387794e-07,7.740855943070292e-07,7.762847992118735e-07,7.785044178556613e-07,7.807444627468128e-07,7.83004946423687e-07,7.852858813784722e-07,7.875872800639903e-07,7.899091549017898e-07,7.922515182811745e-07,7.946143825546623e-07,7.969977600460021e-07,7.99401663043475e-07,8.018261038034519e-07,8.042710945368875e-07,8.067366474304446e-07,8.092227746298914e-07,8.117294882456907e-07,8.14256800354046e-07,8.168047229929608e-07,8.193732681619514e-07,8.219624478267998e-07,8.2457227390959e-07,8.272027583086062e-07,8.298539128754111e-07,8.3252574942009e-07,8.352182797221011e-07,8.379315155170587e-07,8.40665468511903e-07,8.434201503698297e-07,8.461955727094465e-07,8.489917471247162e-07,8.51808685153982e-07,8.546463983223703e-07,8.575048981006923e-07,8.603841959064819e-07,8.632843031535503e-07,8.662052311932022e-07,8.691469913451133e-07,8.721095948909379e-07,8.750930530546617e-07,8.780973770760103e-07,8.811225780950952e-07,8.841686672583703e-07,8.87235655645598e-07,8.903235543094236e-07,8.934323742357928e-07,8.965621264565638e-07,8.997128218806324e-07,9.028844714084406e-07,9.060770858999837e-07,9.092906761823363e-07,9.125252530430008e-07,9.157808272239821e-07,9.190574094388378e-07,9.223550103626089e-07,9.256736406306639e-07,9.290133108387589e-07,9.323740315478435e-07,9.357558132827028e-07,9.391586665280034e-07,9.42582601732265e-07,9.460276293077197e-07,9.494937596282484e-07,9.529810030301889e-07,9.564893698181169e-07,9.600188702392455e-07,9.63569514539459e-07,9.671413129131932e-07,9.707342754984355e-07,9.743484124181287e-07,9.779837337361967e-07,9.816402495230065e-07,9.853179697739054e-07,9.890169044647565e-07,9.927370635138126e-07,9.964784568367075e-07,1.0002410942899878e-06,1.0040249856993535e-06,1.0078301408568259e-06,1.0116565695126702e-06,1.0155042813929295e-06,1.0193732861786621e-06,1.023263593515007e-06,1.0271752130143583e-06,1.0311081542530103e-06,1.0350624267701788e-06,1.0390380400756613e-06,1.0430350036397496e-06,1.0470533268951798e-06,1.0510930192433684e-06,1.055154089976875e-06,1.0592365485738167e-06,1.0633404042547457e-06,1.0674656662792146e-06,1.0716123438721572e-06,1.0757804462218385e-06,1.0799699824912175e-06,1.0841809617952062e-06,1.08841339320368e-06,1.0926672858007896e-06,1.0969426486052598e-06,1.1012394905922503e-06,1.1055578206916837e-06,1.1098976478458966e-06,1.1142589809459127e-06,1.1186418288253926e-06,1.1230462002978436e-06,1.1274721041444113e-06,1.131919549118136e-06,1.1363885439165365e-06,1.1408790972147858e-06,1.1453912176848834e-06,1.1499249138964743e-06,1.1544801944900463e-06,1.1590570679819965e-06,1.1636555428790009e-06,1.1682756276702384e-06,1.172917330794651e-06,1.1775806606673458e-06,1.1822656256472001e-06,1.1869722341268338e-06,1.1917004943959187e-06,1.196450414738889e-06,1.2012220033793798e-06,1.2060152685831338e-06,1.2108302185123275e-06,1.2156668613137563e-06,1.2205252051075629e-06,1.225405258026084e-06,1.2303070280299926e-06,1.2352305231946426e-06,1.2401757515200463e-06,1.2451427209453086e-06,1.2501314393936807e-06,1.255141914756907e-06,1.2601741549143541e-06,1.2652281676886352e-06,1.2703039608784597e-06,1.2754015422514637e-06,1.28052091954402e-06,1.2856621004560664e-06,1.290825092665121e-06,1.2960099038495753e-06,1.3012165415928804e-06,1.3064450134028449e-06,1.3116953269086096e-06,1.3169674895855121e-06,1.3222615089707135e-06,1.3275773924252602e-06,1.332915147425366e-06,1.338274781356835e-06,1.343656301601975e-06,1.3490597154767013e-06,1.3544850302614096e-06,1.3599322532443278e-06,1.3654013916806561e-06,1.3708924527378337e-06,1.376405443611822e-06,1.381940371449985e-06,1.3874972433435929e-06,1.3930760664281839e-06,1.3986768477557093e-06,1.404299594306983e-06,1.4099443130465203e-06,1.4156110110379128e-06,1.421299695246886e-06,1.4270103724401096e-06,1.4327430495545087e-06,1.4384977334717002e-06,1.4442744309735346e-06,1.4500731488185052e-06,1.455893893786313e-06,1.4617366726126826e-06,1.4676014919967894e-06,1.4734883586065396e-06,1.4793972790665338e-06,1.4853282599964774e-06,1.4912813079747366e-06,1.4972564295482735e-06,1.5032536312623783e-06,1.5092729195749935e-06,1.5153143009656192e-06,1.5213777818741631e-06,1.5274633686972717e-06,1.5335710678125674e-06,1.539700885573909e-06,1.5458528282951148e-06,1.5520269022646238e-06,1.5582231137123228e-06,1.5644414689266677e-06,1.5706819741137587e-06,1.5769446354294145e-06,1.5832294590216889e-06,1.5895364510101885e-06,1.595865617488148e-06,1.6022169645254033e-06,1.6085904981427212e-06,1.614986224353057e-06,1.621404149141863e-06,1.6278442784185073e-06,1.6343066181409607e-06,1.6407911742021863e-06,1.6472979524691424e-06,1.6538269587802149e-06,1.6603781989456711e-06,1.6669516787492243e-06,1.6735474039751597e-06,1.6801653803236348e-06,1.6868056134976804e-06,1.6934681091663886e-06,1.700152872993675e-06,1.7068599105946927e-06,1.7135892275290288e-06,1.7203408293980886e-06,1.727114721786698e-06,1.7339109099609785e-06,1.7407293995319343e-06,1.7475701960623894e-06,1.7544333049953694e-06,1.761318731652828e-06,1.7682264814704886e-06,1.7751565597449357e-06,1.7821089718011698e-06,1.7890837229322987e-06,1.7960808183457217e-06,1.8031002634028651e-06,1.8101420632596665e-06,1.8172062230764781e-06,1.8242927480483618e-06,1.8314016432214412e-06,1.838532913884371e-06,1.8456865649155473e-06,1.8528626015411137e-06,1.8600610287430178e-06,1.867281851534922e-06,1.874525074867094e-06,1.8817907036796198e-06,1.8890787429120197e-06,1.8963891974643003e-06,1.9037220722099694e-06,1.9110773720077693e-06,1.918455101659295e-06,1.925855265971439e-06,1.933277869714885e-06,1.940722917634981e-06,1.9481904144494827e-06,1.9556803648437317e-06,1.963192773507643e-06,1.970727645082022e-06,1.9782849841228595e-06,1.9858647953317254e-06,1.993467083211469e-06,2.0010918523121446e-06,2.0087391071453064e-06,2.0164088522038976e-06,2.024101091959846e-06,2.031815830853855e-06,2.0395530733002717e-06,2.047312823689845e-06,2.055095086426419e-06,2.062899865777815e-06,2.070727166103277e-06,2.078576991675446e-06,2.08644934677163e-06,2.094344235635815e-06,2.1022616624857033e-06,2.1102016315143957e-06,2.118164146890466e-06,2.126149212765904e-06,2.1341568332316926e-06,2.142187012404459e-06,2.1502397543550497e-06,2.1583150631299715e-06,2.166412942751487e-06,2.174533397217681e-06,2.1826764305024084e-06,2.1908420465554424e-06,2.1990302493679308e-06,2.2072410427754797e-06,2.2154744306557873e-06,2.2237304168626452e-06,2.2320090052259074e-06,2.2403101994805737e-06,2.2486340034802056e-06,2.2569804209832226e-06,2.265349455724348e-06,2.2737411114275345e-06,2.2821553917912927e-06,2.2905923004052643e-06,2.299051840988713e-06,2.3075340171241915e-06,2.3160388324125e-06,2.3245662903960926e-06,2.333116394648167e-06,2.341689148753223e-06,2.3502845561123785e-06,2.35890262024131e-06,2.3675433446003353e-06,2.376206732595135e-06,2.3848927876524894e-06,2.393601513153123e-06,2.4023329124550107e-06,2.41108698890046e-06,2.419863745804994e-06,2.4286631864612715e-06,2.437485314141764e-06,2.4463301320905756e-06,2.455197643532317e-06,2.464087851665175e-06,2.4730007596680974e-06,2.4819363707063504e-06,2.490894687907343e-06,2.49987571438263e-06,2.508879453222333e-06,2.517905907508641e-06,2.5269550802689438e-06,2.5360269745250615e-06,2.5451215932766938e-06,2.5542389395016395e-06,2.5633790161315324e-06,2.5725418260828e-06,2.581727372334582e-06,2.5909356577426773e-06,2.6001666851732545e-06,2.6094204574704535e-06,2.6186969774561767e-06,2.6279962479309033e-06,2.6373182716757684e-06,2.646663051441859e-06,2.656030589965968e-06,2.665420889961259e-06,2.674833954121562e-06,2.6842697851130783e-06,2.6937283855832018e-06,2.7032097581641777e-06,2.7127139054485457e-06,2.7222408300260226e-06,2.73179053445797e-06,2.7413630212837774e-06,2.7509582930243656e-06,2.7605763521753084e-06,2.770217201213244e-06,2.7798808425907225e-06,2.7895672787437488e-06,2.7992765120835746e-06,2.8090085449943783e-06,2.8187633798643245e-06,2.828541019031379e-06,2.838341464817422e-06,2.848164719534333e-06,2.858010785477828e-06,2.8678796648907437e-06,2.877771360004669e-06,2.8876858730899488e-06,2.897623206350572e-06,2.907583361920474e-06,2.917566341977713e-06,2.9275721486731963e-06,2.9376007841222327e-06,2.947652250376871e-06,2.9577265495644087e-06,2.9678236837780106e-06,2.977943655007245e-06,2.98808646527054e-06,2.9982521165790077e-06,3.008440610885664e-06,3.0186519501724724e-06,3.0288861363617674e-06,3.0391431715401434e-06,3.0494230572826956e-06,3.0597257956100088e-06,3.0700513883849675e-06,3.080399837401998e-06,3.0907711445066215e-06,3.1011653114926883e-06,3.1115823401340124e-06,3.1220222321844267e-06,3.1324849893778133e-06,3.1429706134281373e-06,3.153479106029494e-06,3.164010468856135e-06,3.174564703562516e-06,3.1851418117768312e-06,3.1957417950956705e-06,3.2063646551380436e-06,3.2170103934773985e-06,3.227679011687289e-06,3.2383705113079406e-06,3.2490848938380024e-06,3.2598221607769406e-06,3.2705823136086052e-06,3.281365353785281e-06,3.2921712827494406e-06,3.3030001017894163e-06,3.313851812482107e-06,3.324726416215666e-06,3.335623914275465e-06,3.346544308066849e-06,3.357487598858198e-06,3.368453787983678e-06,3.379442876676419e-06,3.3904548663395073e-06,3.4014897580154523e-06,3.4125475530160805e-06,3.4236282525791276e-06,3.4347318578925933e-06,3.4458583701187547e-06,3.4570077904094513e-06,3.46818011990177e-06,3.4793753597446256e-06,3.490593511010005e-06,3.5018345746465326e-06,3.513098551871929e-06,3.5243854435729084e-06,3.535695251038189e-06,3.547027975062057e-06,3.5583836166921525e-06,3.5697621768940654e-06,3.581163656466277e-06,3.5925880567160296e-06,3.6040353781922446e-06,3.6155056222225234e-06,3.626998788878388e-06,3.6385148796795464e-06,3.6500538952649127e-06,3.661615836462984e-06,3.6732007041076726e-06,3.684808498924769e-06,3.6964392219334597e-06,3.708092873447928e-06,3.7197694544080538e-06,3.731468965543401e-06,3.7431914075181973e-06,3.7549367810073643e-06,3.7667050866472157e-06,3.7784963250979712e-06,3.7903104969797727e-06,3.80214760289494e-06,3.814007643429388e-06,3.825890619139612e-06,3.837796530597069e-06,3.849725378326486e-06,3.86167716266693e-06,3.873651884431465e-06,3.885649543951728e-06,3.897670141709956e-06,3.909713678102445e-06,3.921780153579679e-06,3.933869568546387e-06,3.94598192339641e-06,3.958117218494568e-06,3.970275454202707e-06,3.982456630856336e-06,3.994660748779233e-06,4.006887808275778e-06,4.0191378096345755e-06,4.031410753089842e-06,4.043706638928362e-06,4.056025467410832e-06,4.068367238731486e-06,4.0807319531540456e-06,4.093119610729815e-06,4.105530211691361e-06,4.117963756188338e-06,4.130420244412406e-06,4.142899676479574e-06,4.155402052238957e-06,4.167927372035323e-06,4.1804756359091085e-06,4.193046843898762e-06,4.205640995923569e-06,4.2182580920752995e-06,4.2308981323293705e-06,4.243561116686154e-06,4.256247045126339e-06,4.268955917570036e-06,4.281687733969249e-06,4.294442494294179e-06,4.307220198213432e-06,4.320020845845739e-06,4.3328444370095024e-06,4.345690971480258e-06,4.358560449194958e-06,4.3714528698935135e-06,4.384368233402406e-06,4.397306539524226e-06,4.410267787934352e-06,4.4232519785234136e-06,4.436259110954597e-06,4.449289184908183e-06,4.4623422002074615e-06,4.475418156382617e-06,4.488517053172329e-06,4.50163889022442e-06,4.514783667197774e-06,4.527951383684987e-06,4.541142039297206e-06,4.554355633656372e-06,4.5675921662878886e-06,4.580851636786753e-06,4.594134044682918e-06,4.607439389374144e-06,4.620767670620824e-06,4.634118887792789e-06,4.647493040364985e-06,4.660890127827331e-06,4.674310149666577e-06,4.687753105182049e-06,4.701218993853782e-06,4.7147078151000465e-06,4.728219568294055e-06,4.7417542528030064e-06,4.755311867984414e-06,4.768892413169333e-06,4.782495887640012e-06,4.796122290765225e-06,4.80977162184417e-06,4.823443880151441e-06,4.837139064916552e-06,4.8508571753965205e-06,4.864598210815617e-06,4.878362170483356e-06,4.892149053423882e-06,4.9059588589567506e-06,4.919791586068778e-06,4.933647234111456e-06,4.947525802181716e-06,4.96142728937552e-06,4.975351694807174e-06,4.9892990175704445e-06,5.003269256744064e-06,5.017262411391766e-06,5.031278480562316e-06,5.045317463289532e-06,5.059379358585593e-06,5.073464165440505e-06,5.087571882819745e-06,5.101702509856634e-06,5.115856045332349e-06,5.130032488257481e-06,5.144231837597075e-06,5.158454092131797e-06,5.172699250735787e-06,5.186967312153986e-06,5.201258275446549e-06,5.2155721404056016e-06,5.229908904524785e-06,5.244268567279225e-06,5.258651126877366e-06,5.2730565828516415e-06,5.2874849338796345e-06,5.3019361785123225e-06,5.316410315576291e-06,5.3309073437988445e-06,5.345427261895658e-06,5.359970068564203e-06,5.374535762526195e-06,5.3891243424025424e-06,5.403735806921769e-06,5.418370154739375e-06,5.433027384419119e-06,5.4477074947016895e-06,5.4624104841244045e-06,5.477136351279979e-06,5.491885094685512e-06,5.506656713096855e-06,5.521451204794907e-06,5.536268568625251e-06,5.5511088030413995e-06,5.565971906516364e-06,5.580857877542624e-06,5.595766714606239e-06,5.610698416222328e-06,5.6256529807672165e-06,5.640630406733624e-06,5.6556306925319355e-06,5.6706538366023976e-06,5.6856998372848095e-06,5.700768693028808e-06,5.7158604022227145e-06,5.73097496322237e-06,5.746112374371769e-06,5.761272634127625e-06,5.776455740517074e-06,5.791661692030961e-06,5.8068904868165294e-06,5.822142123037296e-06,5.837416599371979e-06,5.852713914089453e-06,5.868034065204707e-06,5.883377050928782e-06,5.898742869659785e-06,5.9141315193620095e-06,5.929542998327593e-06,5.944977304837357e-06,5.960434436908988e-06,5.975914392612761e-06,5.991417170258938e-06,6.006942768352681e-06,6.022491184061397e-06,6.03806241596358e-06,6.053656462150044e-06,6.0692733206641605e-06,6.0849129895698986e-06,6.100575466934762e-06,6.116260750859189e-06,6.131968839192983e-06,6.147699729999501e-06,6.163453421255924e-06,6.1792299109534045e-06,6.1950291970551045e-06,6.210851277511127e-06,6.2266961502062905e-06,6.242563813323879e-06,6.25845426440676e-06,6.2743675015223154e-06,6.290303522538071e-06,6.306262325288722e-06,6.322243907605615e-06,6.33824826753674e-06,6.354275402823852e-06,6.370325311158409e-06,6.386397990600717e-06,6.402493438712481e-06,6.418611653361285e-06,6.434752632296802e-06,6.450916373294204e-06,6.467102874152144e-06,6.483312132540953e-06,6.499544146257455e-06,6.515798912934606e-06,6.532076430253664e-06,6.548376695948033e-06,6.564699707674742e-06,6.581045463097641e-06,6.597413959790862e-06,6.613805195528435e-06,6.630219167838223e-06,6.646655874371505e-06,6.663115312730311e-06,6.6795974804095495e-06,6.696102375050601e-06,6.712629994214422e-06,6.729180335450196e-06,6.745753396294922e-06,6.762349174273485e-06,6.778967666898635e-06,6.795608871671071e-06,6.812272786079405e-06,6.828959407600255e-06,6.845668733698187e-06,6.862400761825809e-06,6.879155489423767e-06,6.895932913920766e-06,6.912733032733593e-06,6.929555843267147e-06,6.946401342914453e-06,6.963269529056701e-06,6.980160399063253e-06,6.997073950291662e-06,7.014010180087708e-06,7.03096908578542e-06,7.047950664707099e-06,7.06495491416332e-06,7.08198183145298e-06,7.099031413865876e-06,7.116103658675037e-06,7.13319856314443e-06,7.150316124526413e-06,7.167456340061775e-06,7.184619206979757e-06,7.201804722498054e-06,7.219012883822859e-06,7.236243688148867e-06,7.2534971326593155e-06,7.270773214525999e-06,7.288071930909279e-06,7.3053932789581196e-06,7.322737255810112e-06,7.3401038585914844e-06,7.357493084493162e-06,7.374904930540135e-06,7.392339393445583e-06,7.40979647096261e-06,7.42727615986337e-06,7.444778457203378e-06,7.462303360023538e-06,7.479850865335347e-06,7.497420970193643e-06,7.515013671675639e-06,7.532628966753316e-06,7.550266852409809e-06,7.5679273259544985e-06,7.585610383525475e-06,7.603316022599107e-06,7.621044240117473e-06,7.638795033013175e-06,7.656568398344299e-06,7.674364332873176e-06,7.692182833502748e-06,7.710023897152788e-06,7.727887520655912e-06,7.745773700907457e-06,7.763682434763435e-06,7.781613719349067e-06,7.79956755097617e-06,7.81754392652368e-06,7.835542843218561e-06,7.853564297647244e-06,7.871608286618236e-06,7.88967480691667e-06,7.907763855316907e-06,7.925875428582674e-06,7.944009523467085e-06,7.962166136716757e-06,7.980345265078607e-06,7.99854690524147e-06,8.016771053891966e-06,8.035017707426258e-06,8.053286863396012e-06,8.071578518029329e-06,8.089892667538277e-06,8.108229308950459e-06,8.126588438594907e-06,8.144970053978894e-06,8.16337415111866e-06,8.181800726945031e-06,8.200249777578025e-06,8.218721300048034e-06,8.237215290557569e-06,8.25573174660551e-06,8.274270664028293e-06,8.292832038680036e-06,8.311415867795982e-06,8.330022147917503e-06,8.348650875567012e-06,8.367302046671027e-06,8.385975658239282e-06,8.404671707068918e-06,8.423390190033799e-06,8.442131103129063e-06,8.460894442429753e-06,8.479680204706828e-06,8.4984883861906e-06,8.517318983399102e-06,8.536171992858861e-06,8.555047411143308e-06,8.573945234213294e-06,8.592865458703177e-06,8.611808080996241e-06,8.630773097465882e-06,8.649760504475615e-06,8.668770298379098e-06,8.687802475573554e-06,8.706857032338839e-06,8.725933965035075e-06,8.745033269909787e-06,8.76415494329976e-06,8.783298981499772e-06,8.802465380864624e-06,8.821654137601776e-06,8.840865247977028e-06,8.860098708246556e-06,8.879354514656932e-06,8.898632663445086e-06,8.917933150838289e-06,8.937255973054272e-06,8.956601126301265e-06,8.975968606777743e-06,8.995358410672797e-06,9.014770534166058e-06,9.03420497342748e-06,9.0536617246177e-06,9.073140783887756e-06,9.092642147379421e-06,9.112165811224883e-06,9.131711771546946e-06,9.151280024459203e-06,9.170870566065644e-06,9.190483392461037e-06,9.210118499576747e-06,9.229775883725494e-06,9.249455540872235e-06,9.269157467059027e-06,9.288881658360332e-06,9.308628110848746e-06,9.328396820887437e-06,9.34818778383545e-06,9.36800099588236e-06,9.387836453198606e-06,9.4076941516517e-06,9.427574087504951e-06,9.447476256542896e-06,9.46740065535264e-06,9.487347278506893e-06,9.507316122703919e-06,9.527307183870389e-06,9.547320458088414e-06,9.567355941083035e-06,9.587413628781547e-06,9.607493517092215e-06,9.627595601954549e-06,9.647719878850377e-06,9.667866344519823e-06,9.688034993747084e-06,9.708225823661365e-06,9.72843882932608e-06,9.748674006734037e-06,9.768931351616045e-06,9.789210859920588e-06,9.80951252741148e-06,9.829836349902458e-06,9.850182323181801e-06,9.870550443037368e-06,9.89094070524829e-06,9.911353105587396e-06,9.93178763969473e-06,9.952244303523946e-06,9.972723092697615e-06,9.993224003033003e-06,1.0013747030458538e-05,1.003429217040983e-05,1.0054859418609705e-05,1.0075448770768464e-05,1.0096060222583603e-05,1.011669376974424e-05,1.0137349407927963e-05,1.0158027132803693e-05,1.0178726940032172e-05,1.0199448825264989e-05,1.0220192784145087e-05,1.0240958812306664e-05,1.0261746905375705e-05,1.0282557058969503e-05,1.0303389268697035e-05,1.0324243530158897e-05,1.0345119838947327e-05,1.0366018190646038e-05,1.0386938580806161e-05,1.0407881005021142e-05,1.0428845458849746e-05,1.0449831937842492e-05,1.0470840437541677e-05,1.0491870953481378e-05,1.0512923481187501e-05,1.0533998016177754e-05,1.0555094553961675e-05,1.0576213090040691e-05,1.0597353619908087e-05,1.0618516139049019e-05,1.0639700642940576e-05,1.0660907127051773e-05,1.0682135586843526e-05,1.0703386017768749e-05,1.0724658415272333e-05,1.0745952774791115e-05,1.0767269091755137e-05,1.0788607361584395e-05,1.0809967579691852e-05,1.0831349741482643e-05,1.0852753842353887e-05,1.087417987769495e-05,1.0895627842887405e-05,1.0917097733305087e-05,1.0938589544314069e-05,1.0960103271254431e-05,1.0981638909493869e-05,1.1003196454370893e-05,1.1024775901245045e-05,1.1046377245422072e-05,1.1068000482221513e-05,1.1089645606955659e-05,1.1111312614930317e-05,1.1133001501443882e-05,1.1154712261715072e-05,1.1176444891090403e-05,1.1198199384833593e-05,1.1219975738209684e-05,1.1241773946477315e-05,1.1263594004876437e-05,1.1285435908325144e-05,1.1307299652352966e-05,1.132918523259299e-05,1.1351092643916717e-05,1.1373021881477612e-05,1.1394972940431401e-05,1.1416945816103945e-05,1.1438940503745785e-05,1.1460956998377336e-05,1.1482995295320042e-05,1.1505055389641347e-05,1.1527137276424223e-05,1.15492409507367e-05,1.157136640777187e-05,1.1593513643052556e-05,1.161568265146222e-05,1.1637873428067479e-05,1.166008596804168e-05,1.1682320266478696e-05,1.1704576318475317e-05,1.1726854119118691e-05,1.174915366351123e-05,1.1771474946702321e-05,1.1793817963775582e-05,1.181618270979909e-05,1.18385691798289e-05,1.1860977368911572e-05,1.1883407272093682e-05,1.19058588844081e-05,1.1928332200883957e-05,1.195082721654244e-05,1.197334392656832e-05,1.1995882325710669e-05,1.2018442409026338e-05,1.204102417152439e-05,1.206362760819816e-05,1.2086252714028542e-05,1.210889948398886e-05,1.2131567913044927e-05,1.2154257996155444e-05,1.2176969728270538e-05,1.219970310433436e-05,1.2222458119283903e-05,1.2245234767982387e-05,1.2268033045419e-05,1.2290852946509735e-05,1.231369446616366e-05,1.2336557599282997e-05,1.2359442340763032e-05,1.2382348685492173e-05,1.2405276628352185e-05,1.2428226164246738e-05,1.2451197288014643e-05,1.2474189994516969e-05,1.2497204278607948e-05,1.252024013513533e-05,1.2543297558939928e-05,1.2566376544855337e-05,1.2589477087708985e-05,1.2612599182321593e-05,1.2635742823506607e-05,1.2658908006070873e-05,1.2682094724813288e-05,1.270530297452595e-05,1.2728532749995863e-05,1.2751784045893104e-05,1.2775056857232635e-05,1.2798351178739848e-05,1.2821667005079385e-05,1.2845004330981918e-05,1.2868363151067934e-05,1.2891743460404752e-05,1.2915145253568255e-05,1.293856852529793e-05,1.2962013270313087e-05,1.298547948335822e-05,1.3008967159109466e-05,1.3032476292269147e-05,1.3056006877550279e-05,1.307955890965112e-05,1.3103132383207998e-05,1.3126727292983087e-05,1.315034363354919e-05,1.3173981399674212e-05,1.319764058595679e-05,1.3221321187270522e-05,1.324502319776242e-05,1.3268746612601708e-05,1.3292491425932414e-05,1.3316257632580194e-05,1.3340045226910136e-05,1.3363854203914917e-05,1.3387684558021076e-05,1.341153628401968e-05,1.3435409376397306e-05,1.345930382974408e-05,1.3483219638643163e-05,1.3507156797671997e-05,1.3531115301401515e-05,1.3555095144466827e-05,1.357909632136184e-05,1.3603118826640981e-05,1.3627162654850555e-05,1.3651227800534772e-05,1.3675314258232117e-05,1.3699422022485528e-05,1.372355108801112e-05,1.374770144892349e-05,1.3771873099880613e-05,1.3796066035403563e-05,1.3820280249915774e-05,1.3844515737800844e-05,1.3868772493641207e-05,1.3893050512101738e-05,1.3917349787888442e-05,1.3941670315025065e-05,1.3966012088095058e-05,1.3990375101872389e-05,1.4014759350000717e-05,1.4039164827594057e-05,1.4063591528942782e-05,1.4088039448127058e-05,1.4112508580350871e-05,1.4136998919473185e-05,1.4161510459526149e-05,1.4186043195700132e-05,1.4210597122130031e-05,1.4235172233225254e-05,1.4259768523761855e-05,1.4284385987583686e-05,1.4309024619654414e-05,1.4333684413400838e-05,1.4358365363686556e-05,1.4383067464885696e-05,1.4407790711356913e-05,1.4432535097453114e-05,1.4457300617521735e-05,1.4482087265904526e-05,1.4506895036937606e-05,1.4531723924951692e-05,1.4556573924271825e-05,1.4581445029379428e-05,1.4606337234590144e-05,1.4631250533878932e-05,1.4656184921633932e-05,1.4681140392418432e-05,1.470611694003338e-05,1.4731114558966893e-05,1.4756133243873075e-05,1.4781172988792422e-05,1.4806233787810978e-05,1.4831315635356514e-05,1.4856418525748175e-05,1.4881542453094506e-05,1.4906687411756702e-05,1.4931853395899667e-05,1.495704039979097e-05,1.498224841768007e-05,1.5007477443747202e-05,1.5032727472249193e-05,1.5057998497402012e-05,1.5083290513416327e-05,1.5108603514497492e-05,1.5133937494845586e-05,1.5159292448655418e-05,1.5184668370116514e-05,1.5210065253413167e-05,1.5235483092724434e-05,1.5260921882224136e-05,1.52863816160809e-05,1.531186228845834e-05,1.5337363893514475e-05,1.536288642540237e-05,1.538842987826992e-05,1.5413994246277068e-05,1.5439579523553422e-05,1.5465185704215777e-05,1.5490812782397015e-05,1.5516460752234914e-05,1.554212960781848e-05,1.556781934327027e-05,1.559352995270108e-05,1.5619261430158633e-05,1.5645013769846107e-05,1.5670786965802292e-05,1.5696581012115298e-05,1.57223959028693e-05,1.5748231632147015e-05,1.5774088194017514e-05,1.579996558237994e-05,1.5825863791542012e-05,1.5851782815822314e-05,1.5877722648216838e-05,1.5903683283699437e-05,1.5929664716283013e-05,1.5955666939716855e-05,1.5981689947647806e-05,1.6007733734839435e-05,1.6033798295359694e-05,1.605988362295864e-05,1.6085989711669545e-05,1.6112116555473048e-05,1.6138264148391037e-05,1.616443248457811e-05,1.6190621557738874e-05,1.62168313618797e-05,1.624306189029895e-05,1.6269313138450536e-05,1.6295585099603742e-05,1.6321877767516585e-05,1.634819113660574e-05,1.6374525199798324e-05,1.6400879952539225e-05,1.6427255388272545e-05,1.6453651500373113e-05,1.648006828305763e-05,1.650650573076731e-05,1.653296383702125e-05,1.6559442595911074e-05,1.658594200145706e-05,1.6612462046900374e-05,1.663900272712881e-05,1.666556403558514e-05,1.6692145966211403e-05,1.6718748512980847e-05,1.6745371670163416e-05,1.677201543059104e-05,1.6798679788760047e-05,1.6825364737376826e-05,1.6852070271347332e-05,1.687879638462369e-05,1.6905543071109006e-05,1.693231032443102e-05,1.695909813867088e-05,1.6985906507719313e-05,1.7012735425339468e-05,1.703958488537825e-05,1.706645488167817e-05,1.7093345408077317e-05,1.712025645840944e-05,1.7147188026503896e-05,1.7174140106185665e-05,1.7201112691275416e-05,1.7228105775589437e-05,1.72551193529389e-05,1.728215341712885e-05,1.7309207961969205e-05,1.7336282981255847e-05,1.7363378468783558e-05,1.739049441834287e-05,1.741763082372006e-05,1.7444787678697147e-05,1.7471964977051925e-05,1.749916271255798e-05,1.7526380878984674e-05,1.755361947009722e-05,1.758087847964421e-05,1.7608157901396702e-05,1.7635457729102322e-05,1.7662777956512254e-05,1.7690118577375934e-05,1.7717479585455767e-05,1.7744860974435482e-05,1.7772262738072633e-05,1.7799684870089446e-05,1.7827127364218084e-05,1.7854590214185392e-05,1.7882073413678236e-05,1.7909576956425924e-05,1.7937100836017167e-05,1.7964645046269206e-05,1.7992209580701917e-05,1.801979443372892e-05,1.8047399598399463e-05,1.8075025068490116e-05,1.810267083700969e-05,1.813033689823994e-05,1.815802324665984e-05,1.818572987503098e-05,1.8213456777393443e-05,1.8241203947449353e-05,1.8268971378478737e-05,1.829675906442046e-05,1.832456699867318e-05,1.8352395175125695e-05,1.8380243588007912e-05,1.840811222960486e-05,1.8436001093807297e-05,1.8463910174669648e-05,1.8491839467661176e-05,1.851978896277934e-05,1.8547758655627937e-05,1.8575748539591152e-05,1.8603758609704868e-05,1.8631788857005677e-05,1.8659839276031467e-05,1.8687909860270306e-05,1.871600060394014e-05,1.8744111502091003e-05,1.8772242545942175e-05,1.880039373012378e-05,1.8828565048038737e-05,1.8856756492466723e-05,1.8884968056573692e-05,1.8913199734977798e-05,1.8941451521176832e-05,1.8969723408766423e-05,1.8998015390165298e-05,1.902632746120915e-05,1.905465961431192e-05,1.908301184302402e-05,1.9111384140892266e-05,1.9139776501459863e-05,1.916818891826642e-05,1.9196621384847965e-05,1.922507389473696e-05,1.925354644146232e-05,1.9282039018549367e-05,1.9310551619519915e-05,1.9339084237892248e-05,1.9367636867181112e-05,1.9396209500897745e-05,1.9424802132549895e-05,1.945341475564179e-05,1.9482047363651308e-05,1.9510699950099835e-05,1.953937250849453e-05,1.9568065032311594e-05,1.959677751503794e-05,1.9625509950157093e-05,1.9654262331149132e-05,1.968303465149071e-05,1.9711826904655106e-05,1.9740639084112183e-05,1.9769471183328452e-05,1.9798323195767003e-05,1.9827195114887614e-05,1.985608693414669e-05,1.988499864699727e-05,1.9913930246889096e-05,1.9942881727408093e-05,1.9971853081866194e-05,2.0000844303703864e-05,2.0029855386358717e-05,2.0058886323264277e-05,2.0087937107851556e-05,2.0117007733548347e-05,2.0146098193778676e-05,2.017520848196435e-05,2.020433859152395e-05,2.023348851587217e-05,2.0262658248421777e-05,2.0291847782582576e-05,2.0321057111761186e-05,2.035028622936174e-05,2.0379535128785525e-05,2.040880380343282e-05,2.043809224669903e-05,2.04674004519809e-05,2.049672841267331e-05,2.0526076121518824e-05,2.05554435724745e-05,2.0584830758916078e-05,2.0614237674216072e-05,2.0643664311743997e-05,2.067311066486623e-05,2.0702576726946066e-05,2.0732062491343772e-05,2.0761567951416494e-05,2.0791093100888494e-05,2.0820637932817696e-05,2.085020244015883e-05,2.0879786616584123e-05,2.090939045541537e-05,2.0939013949899277e-05,2.0968657093588373e-05,2.0998319879585535e-05,2.102800230139871e-05,2.1057704352719838e-05,2.108742602610735e-05,2.1117167315203343e-05,2.1146928213339582e-05,2.1176708713835673e-05,2.1206508810006213e-05,2.1236328495162022e-05,2.126616776248596e-05,2.1296026605402188e-05,2.1325905017345723e-05,2.1355802991343575e-05,2.138572052050332e-05,2.1415657598414667e-05,2.144561421836082e-05,2.147559037361983e-05,2.150558605746364e-05,2.1535601263150484e-05,2.1565635984346043e-05,2.1595690213939597e-05,2.1625763945211812e-05,2.1655857171622454e-05,2.1685969885632236e-05,2.1716102081642517e-05,2.1746253752527493e-05,2.1776424891531e-05,2.180661549189927e-05,2.1836825546878e-05,2.186705504971277e-05,2.1897303993648566e-05,2.1927572371926963e-05,2.195786017778782e-05,2.1988167404468865e-05,2.2018494045205874e-05,2.204884009322018e-05,2.2079205541759736e-05,2.2109590384051666e-05,2.2139994613321028e-05,2.2170418223618964e-05,2.2200861207285076e-05,2.223132355754173e-05,2.226180526760815e-05,2.2292306330700704e-05,2.2322826740032825e-05,2.235336648881465e-05,2.2383925570253584e-05,2.2414503977554977e-05,2.244510170392034e-05,2.2475718742549053e-05,2.2506355086638008e-05,2.253701072938103e-05,2.2567685663969666e-05,2.259837988359236e-05,2.2629093381435444e-05,2.2659826150682524e-05,2.2690578184514695e-05,2.2721349476110504e-05,2.2752140018484845e-05,2.2782949804993393e-05,2.2813778828573966e-05,2.284462708262495e-05,2.2875494560309213e-05,2.2906381254788323e-05,2.2937287159222088e-05,2.2968212266768152e-05,2.2999156570581994e-05,2.3030120063816753e-05,2.3061102739623332e-05,2.309210459118238e-05,2.312312561160659e-05,2.3154165794039988e-05,2.318522513162429e-05,2.321630361749885e-05,2.3247401244800677e-05,2.3278518006664472e-05,2.330965389622262e-05,2.3340808906444018e-05,2.337198303062515e-05,2.340317626189036e-05,2.343438859336222e-05,2.3465620018238133e-05,2.3496870529554163e-05,2.352814012042669e-05,2.355942878392736e-05,2.359073651317761e-05,2.3622063300780215e-05,2.365340914091993e-05,2.368477402624127e-05,2.3716157949732674e-05,2.3747560904602128e-05,2.3778982883881152e-05,2.3810423880662803e-05,2.3841883888137867e-05,2.3873362899248893e-05,2.3904860907218188e-05,2.3936377904925437e-05,2.3967913885532882e-05,2.399946884222454e-05,2.403104276803713e-05,2.4062635656049476e-05,2.4094247499338366e-05,2.4125878290941406e-05,2.4157528023965087e-05,2.4189196691316512e-05,2.422088428646606e-05,2.4252590802321745e-05,2.428431623185058e-05,2.431606056804863e-05,2.4347823803870737e-05,2.437960593293052e-05,2.4411406947839776e-05,2.4443226841677762e-05,2.4475065607212742e-05,2.4506923237812066e-05,2.453879972651673e-05,2.457069506636297e-05,2.4602609250933973e-05,2.463454227269775e-05,2.4666494124787027e-05,2.4698464800146942e-05,2.4730454291887737e-05,2.4762462593048764e-05,2.47944896966628e-05,2.4826535595724827e-05,2.485860028335379e-05,2.4890683752668783e-05,2.492278599636212e-05,2.4954907007694813e-05,2.4987046779752984e-05,2.5019205305258124e-05,2.5051382578671737e-05,2.5083578589876097e-05,2.5115793334340122e-05,2.5148026804491437e-05,2.5180278992985736e-05,2.5212549893516184e-05,2.5244839498698856e-05,2.5277147801197793e-05,2.5309474794703168e-05,2.5341820472285774e-05,2.5374184826515774e-05,2.5406567850049372e-05,2.5438969536523188e-05,2.547138987882701e-05,2.5503828869956577e-05,2.5536286502452565e-05,2.556876276952097e-05,2.5601257663724667e-05,2.5633771179345778e-05,2.566630330852518e-05,2.569885404438957e-05,2.5731423379543878e-05,2.5764011307600563e-05,2.579661782095376e-05,2.5829242912810593e-05,2.5861886576355203e-05,2.5894548804142518e-05,2.5927229589532953e-05,2.595992892526986e-05,2.5992646804204154e-05,2.602538321927494e-05,2.60581381638052e-05,2.6090911630568007e-05,2.6123703612586815e-05,2.615651410271024e-05,2.6189343093936063e-05,2.6222190579224914e-05,2.6255056551355895e-05,2.6287941003645564e-05,2.632084392868332e-05,2.6353765318998208e-05,2.6386705168856e-05,2.6419663470593998e-05,2.6452640216932715e-05,2.648563540090919e-05,2.6518649015456987e-05,2.6551681053538032e-05,2.658473150806082e-05,2.6617800372005288e-05,2.665088763883844e-05,2.6683993300346744e-05,2.67171173500353e-05,2.6750259780847885e-05,2.67834205859588e-05,2.681659975791468e-05,2.6849797289643994e-05,2.6883013174012127e-05,2.6916247404143583e-05,2.694949997307206e-05,2.6982770873609656e-05,2.7016060098717774e-05,2.704936764100879e-05,2.7082693493903307e-05,2.711603765012822e-05,2.7149400102294734e-05,2.718278084366513e-05,2.7216179867001594e-05,2.724959716513243e-05,2.7283032731054764e-05,2.731648655767133e-05,2.7349958637885936e-05,2.738344896460075e-05,2.7416957530716615e-05,2.7450484329133097e-05,2.7484029352748225e-05,2.7517592594449847e-05,2.755117404713076e-05,2.758477370369608e-05,2.761839155703852e-05,2.7652027600049496e-05,2.768568182561897e-05,2.771935422663559e-05,2.7753044795986995e-05,2.778675352655933e-05,2.782048041123754e-05,2.7854225442905078e-05,2.788798861444444e-05,2.792176991873656e-05,2.7955569348661295e-05,2.7989386897095876e-05,2.8023222556918806e-05,2.80570763210062e-05,2.8090948182232756e-05,2.812483813347229e-05,2.8158746167371936e-05,2.8192672277314225e-05,2.8226616455494335e-05,2.8260578695528906e-05,2.829455899033892e-05,2.832855733220751e-05,2.8362573713886644e-05,2.8396608128523233e-05,2.8430660568979027e-05,2.8464731028117493e-05,2.8498819498799076e-05,2.853292597388319e-05,2.8567050446228086e-05,2.86011929085812e-05,2.8635353353922548e-05,2.8669531775105635e-05,2.870372816498201e-05,2.8737942516403614e-05,2.8772174822220128e-05,2.8806425075281616e-05,2.8840693268347594e-05,2.8874979394347806e-05,2.8909283446127853e-05,2.8943605414989663e-05,2.8977945295408208e-05,2.9012303081572327e-05,2.9046678764981822e-05,2.9081072338555144e-05,2.9115483794856842e-05,2.914991312687104e-05,2.918436032738779e-05,2.9218825389184325e-05,2.925330830554125e-05,2.9287809068686717e-05,2.9322327671696046e-05,2.9356864107398606e-05,2.9391418369290712e-05,2.9425990448881995e-05,2.9460580339767056e-05,2.9495188034664172e-05,2.9529813526355447e-05,2.956445680770198e-05,2.9599117871475075e-05,2.963379671068048e-05,2.966849331871632e-05,2.9703207687160086e-05,2.9737939809297577e-05,2.9772689678085467e-05,2.9807457286362677e-05,2.984224262820028e-05,2.9877045693388498e-05,2.9911866476880943e-05,2.9946704971133445e-05,2.9981561168943355e-05,3.001643506303007e-05,3.005132664629251e-05,3.0086235910910954e-05,3.01211628510626e-05,3.015610745834125e-05,3.0191069726879902e-05,3.022604964836957e-05,3.0261047215403713e-05,3.0296062420590143e-05,3.0331095258616623e-05,3.0366145721070712e-05,3.04012138003432e-05,3.0436299490887773e-05,3.0471402783722513e-05,3.05065236721847e-05,3.054166214920915e-05,3.057681820743706e-05,3.0611991840769755e-05,3.064718304008894e-05,3.068239179913094e-05,3.071761811013217e-05,3.0752861966990236e-05,3.0788123361907235e-05,3.082340228786623e-05,3.085869873720275e-05,3.089401270336909e-05,3.09293441787643e-05,3.0964693156170195e-05,3.100005962832406e-05,3.103544358855068e-05,3.1070845028900985e-05,3.110626394270968e-05,3.114170032244102e-05,3.1177154161038925e-05,3.1212625451270716e-05,3.124811418601889e-05,3.128362035805924e-05,3.131914395997533e-05,3.135468498465029e-05,3.1390243424864415e-05,3.142581927342616e-05,3.1461412523314197e-05,3.14970231668941e-05,3.153265119718721e-05,3.156829660703368e-05,3.160395938916923e-05,3.1639639536339095e-05,3.167533704135469e-05,3.171105189697538e-05,3.174678409587452e-05,3.178253363118924e-05,3.1818300495576304e-05,3.185408468144326e-05,3.188988618203524e-05,3.1925704989763375e-05,3.196154109750514e-05,3.1997394498220046e-05,3.203326518454025e-05,3.2069153149339775e-05,3.210505838526995e-05,3.214098088506949e-05,3.217692064164958e-05,3.221287764779856e-05,3.224885189608389e-05,3.228484337943877e-05,3.2320852090611925e-05,3.2356878022376945e-05,3.239292116750411e-05,3.242898151876204e-05,3.246505906837196e-05,3.2501153809557985e-05,3.253726573527741e-05,3.257339483812924e-05,3.2609541111651444e-05,3.264570454778105e-05,3.2681885137381136e-05,3.2718082877130296e-05,3.275429775800664e-05,3.2790529772707476e-05,3.2826778914040526e-05,3.2863045174172705e-05,3.2899328546810496e-05,3.2935629024366376e-05,3.297194659956614e-05,3.30082812650857e-05,3.304463301371566e-05,3.30810018385198e-05,3.3117387731883474e-05,3.3153790686894105e-05,3.319021069602842e-05,3.3226647751882924e-05,3.3263101847651e-05,3.329957297598271e-05,3.333606112960167e-05,3.337256630124929e-05,3.3409088484871324e-05,3.344562766904197e-05,3.348218384923899e-05,3.351875701800343e-05,3.355534717070053e-05,3.3591954297943846e-05,3.3628578392490604e-05,3.366521944709764e-05,3.3701877454493695e-05,3.373855240746226e-05,3.377524429875927e-05,3.3811953121140476e-05,3.384867886736134e-05,3.3885421530176966e-05,3.392218110234231e-05,3.395895757661201e-05,3.3995750945740435e-05,3.403256120251588e-05,3.4069388339626896e-05,3.410623234985819e-05,3.4143093225963165e-05,3.41799709606949e-05,3.421686554686378e-05,3.4253776977167953e-05,3.429070524436018e-05,3.4327650341250184e-05,3.436461226053153e-05,3.44015909949562e-05,3.4438586537275615e-05,3.4475598880241017e-05,3.451262801660414e-05,3.454967393911573e-05,3.458673664052641e-05,3.462381611358702e-05,3.4660912351047755e-05,3.469802534565897e-05,3.473515509017074e-05,3.477230157733299e-05,3.480946479989531e-05,3.484664475060748e-05,3.48838414222187e-05,3.4921054807478244e-05,3.49582848991352e-05,3.499553168993911e-05,3.503279517263854e-05,3.507007533998209e-05,3.5107372184718606e-05,3.514468569802004e-05,3.518201587414689e-05,3.5219362705832385e-05,3.525672618578061e-05,3.529410630667424e-05,3.533150306111476e-05,3.5368916444488274e-05,3.540634644724452e-05,3.544379306213163e-05,3.5481256281897635e-05,3.551873609962499e-05,3.555623250772785e-05,3.559374549861663e-05,3.5631275064934336e-05,3.566882120010655e-05,3.570638389676892e-05,3.5743963147602126e-05,3.578155894529716e-05,3.58191712826018e-05,3.585680015226376e-05,3.589444554703075e-05,3.5932107459650486e-05,3.5969785882870655e-05,3.6007480809439005e-05,3.604519223210324e-05,3.6082920143611103e-05,3.612066453671038e-05,3.615842540414881e-05,3.619620273867421e-05,3.623399653303443e-05,3.627180678011666e-05,3.630963347250667e-05,3.634747660295762e-05,3.6385336164222074e-05,3.64232121490506e-05,3.646110455015255e-05,3.6499013360324813e-05,3.653693857231573e-05,3.657488017887375e-05,3.6612838173532894e-05,3.665081254774758e-05,3.6688803294456064e-05,3.6726810406765695e-05,3.676483387735163e-05,3.680287369901671e-05,3.684092986449122e-05,3.687900236651935e-05,3.691709119785344e-05,3.6955196351243324e-05,3.699331781943855e-05,3.7031455595218614e-05,3.706960967128832e-05,3.710778004040663e-05,3.7145966695289976e-05,3.718416962846803e-05,3.722238883324474e-05,3.7260624302071884e-05,3.729887602755899e-05,3.7337144002747815e-05,3.737542822023597e-05,3.7413728672499634e-05,3.745204535289711e-05,3.749037825684148e-05,3.7528727374105775e-05,3.756709269744081e-05,3.760547421959884e-05,3.764387193333088e-05,3.7682285831387804e-05,3.772071590652814e-05,3.775916215150124e-05,3.7797624559056996e-05,3.783610312195457e-05,3.7874597832943154e-05,3.791310868478112e-05,3.795163567021674e-05,3.7990178782003674e-05,3.80287380129022e-05,3.80673133556656e-05,3.8105904803045396e-05,3.814451234779829e-05,3.8183135982679236e-05,3.822177570044371e-05,3.8260431493849186e-05,3.8299103355648984e-05,3.8337791278608096e-05,3.837649525547424e-05,3.841521527900584e-05,3.845395134196358e-05,3.849270343709938e-05,3.853147155717537e-05,3.857025569494782e-05,3.860905584318108e-05,3.864787199134747e-05,3.868670413548352e-05,3.8725552268348795e-05,3.876441638270292e-05,3.880329647130612e-05,3.8842192526918905e-05,3.888110454230196e-05,3.8920032510216565e-05,3.8958976423424085e-05,3.89979362746863e-05,3.903691205676535e-05,3.90759037624239e-05,3.911491138442478e-05,3.915393491553128e-05,3.919297434850697e-05,3.923202967611573e-05,3.92711008911219e-05,3.9310187986290435e-05,3.9349290954386213e-05,3.9388409788174764e-05,3.942754448042212e-05,3.946669502389447e-05,3.95058614113586e-05,3.954504363558148e-05,3.958424168933055e-05,3.962345556537369e-05,3.96626852564794e-05,3.9701930755416274e-05,3.974119205495352e-05,3.978046914786071e-05,3.9819762026907754e-05,3.985907068486526e-05,3.9898395114504e-05,3.9937735308595303e-05,3.997709125991097e-05,4.001646296122332e-05,4.005585040530493e-05,4.009525358492895e-05,4.01346724928689e-05,4.017410712189888e-05,4.021355746479342e-05,4.025302351432753e-05,4.0292505263276706e-05,4.033200270441678e-05,4.0371515830524315e-05,4.0411044634376344e-05,4.0450589108750105e-05,4.04901492464237e-05,4.0529725040175424e-05,4.0569316482784204e-05,4.060892356702944e-05,4.064854628736027e-05,4.0688184634890467e-05,4.072783860240188e-05,4.0767508182674995e-05,4.0807193368491735e-05,4.084689415256191e-05,4.088661052774176e-05,4.092634248681373e-05,4.09660900225633e-05,4.1005853127774606e-05,4.1045631795232516e-05,4.108542601772374e-05,4.112523578803448e-05,4.116506109895124e-05,4.1204901943261804e-05,4.124475831375426e-05,4.1284630203217295e-05,4.1324517604439696e-05,4.1364420510211144e-05,4.140433891332287e-05,4.144427280656547e-05,4.1484222182730606e-05,4.152418703460989e-05,4.1564167354996584e-05,4.160416313476063e-05,4.164417436863669e-05,4.168420104941692e-05,4.172424316989469e-05,4.1764300723200575e-05,4.180437370178104e-05,4.1844462098433345e-05,4.188456590595488e-05,4.192468511714392e-05,4.196481972479948e-05,4.2004969721721284e-05,4.2045135100709274e-05,4.208531585456443e-05,4.212551197608816e-05,4.216572345808268e-05,4.2205950293350825e-05,4.224619247469584e-05,4.2286449994922125e-05,4.23267228468343e-05,4.2367011023237786e-05,4.24073145169389e-05,4.244763332074424e-05,4.2487967427461445e-05,4.2528316829898624e-05,4.256868152086466e-05,4.2609061493168994e-05,4.264945673962187e-05,4.2689867253034385e-05,4.273029302621809e-05,4.277073405198543e-05,4.2811190323149304e-05,4.285166183252365e-05,4.289214857292279e-05,4.293265053716199e-05,4.297316771805712e-05,4.3013700108424965e-05,4.305424770108281e-05,4.309481048884885e-05,4.313538846454185e-05,4.3175981620710246e-05,4.3216589950479494e-05,4.325721344665302e-05,4.3297852102056804e-05,4.3338505909503896e-05,4.3379174861822144e-05,4.341985895189919e-05,4.346055817248101e-05,4.350127251639315e-05,4.3542001976461974e-05,4.3582746545514735e-05,4.362350621637932e-05,4.3664280981884455e-05,4.370507083485968e-05,4.374587576813536e-05,4.378669577454245e-05,4.3827530846912874e-05,4.3868380978079326e-05,4.390924616087517e-05,4.3950126388134887e-05,4.399102165269347e-05,4.403193194738681e-05,4.407285726505151e-05,4.4113797598525125e-05,4.415475294064614e-05,4.419572328425364e-05,4.423670862218756e-05,4.4277708947288715e-05,4.431872425239904e-05,4.435975453036071e-05,4.440079977401707e-05,4.44418599762124e-05,4.448293512979166e-05,4.452402522760078e-05,4.456513026248646e-05,4.460625022729618e-05,4.464738511487842e-05,4.468853491808251e-05,4.472969962975864e-05,4.477087924275773e-05,4.481207374993164e-05,4.485328314413329e-05,4.489450741821626e-05,4.493574656503509e-05,4.497700057744521e-05,4.501826944830278e-05,4.505955317046515e-05,4.5100851736790376e-05,4.514216514013741e-05,4.51834933733661e-05,4.522483642933728e-05,4.526619430091261e-05,4.5307566980954684e-05,4.534895446232697e-05,4.539035673789397e-05,4.543177380052107e-05,4.547320564307441e-05,4.551465225842124e-05,4.5556113639429595e-05,4.5597589778968614e-05,4.563908066990829e-05,4.5680586305119475e-05,4.5722106677474024e-05,4.5763641779844785e-05,4.5805191605105506e-05,4.5846756146130865e-05,4.5888335395796495e-05,4.5929929347057704e-05,4.5971537992713405e-05,4.6013161325642286e-05,4.605479933872385e-05,4.6096452024838594e-05,4.613811937686812e-05,4.617980138769495e-05,4.62214980502024e-05,4.6263209357275074e-05,4.630493530179876e-05,4.634667587665975e-05,4.638843107474601e-05,4.643020088894644e-05,4.6471985312151235e-05,4.651378433725156e-05,4.655559795726628e-05,4.659742616470793e-05,4.663926895273402e-05,4.668112631431121e-05,4.672299824224879e-05,4.676488472944387e-05,4.68067857687954e-05,4.6848701353204194e-05,4.689063147525537e-05,4.6932576128581654e-05,4.6974535305657536e-05,4.701650899938548e-05,4.705849720266869e-05,4.710049990841277e-05,4.714251710952191e-05,4.718454879890332e-05,4.7226594969464854e-05,4.726865561411556e-05,4.7310730725764687e-05,4.7352820297323445e-05,4.7394924321703406e-05,4.743704279181727e-05,4.747917570057976e-05,4.7521323040905686e-05,4.7563484805711444e-05,4.760566098791374e-05,4.7647851580431246e-05,4.76900565761829e-05,4.7732275968089855e-05,4.777450974907292e-05,4.781675791205573e-05,4.7859020449961207e-05,4.7901297355714244e-05,4.79435886222408e-05,4.798589424246825e-05,4.80282142093246e-05,4.8070548515738715e-05,4.811289715464086e-05,4.8155260118962586e-05,4.819763740163658e-05,4.824002899559673e-05,4.828243489377718e-05,4.832485508911429e-05,4.8367289574544654e-05,4.840973834300672e-05,4.8452201387439646e-05,4.849467870078363e-05,4.853717027598051e-05,4.857967610597273e-05,4.8622196183704044e-05,4.866473050211934e-05,4.870727905416538e-05,4.8749841832788554e-05,4.879241883093761e-05,4.883501004156151e-05,4.887761545761156e-05,4.892023507203921e-05,4.896286887779758e-05,4.900551686784058e-05,4.9048179035124e-05,4.909085537260382e-05,4.913354587323794e-05,4.917625052998538e-05,4.92189693358062e-05,4.926170228366097e-05,4.930444936651232e-05,4.934721057732408e-05,4.938998590906072e-05,4.9432775354688105e-05,4.9475578907173084e-05,4.9518396559484444e-05,4.956122830459136e-05,4.960407413546459e-05,4.9646934045076126e-05,4.968980802639894e-05,4.973269607240759e-05,4.977559817607759e-05,4.9818514330384756e-05,4.9861444528307714e-05,4.990438876282592e-05,4.994734702691903e-05,4.9990319313569015e-05,5.003330561575873e-05,5.007630592647196e-05,5.011932023869452e-05,5.0162348545411966e-05,5.020539083961277e-05,5.0248447114285575e-05,5.029151736242064e-05,5.0334601577009564e-05,5.0377699751044715e-05,5.042081187752038e-05,5.0463937949431544e-05,5.050707795977455e-05,5.055023190154732e-05,5.059339976774851e-05,5.06365815513783e-05,5.06797772454387e-05,5.07229868429316e-05,5.076621033686174e-05,5.0809447720234274e-05,5.085269898605546e-05,5.089596412733321e-05,5.0939243137076154e-05,5.098253600829511e-05,5.102584273400183e-05,5.1069163307208836e-05,5.111249772093048e-05,5.115584596818247e-05,5.1199208041981255e-05,5.124258393534496e-05,5.128597364129325e-05,5.132937715284644e-05,5.137279446302667e-05,5.141622556485721e-05,5.145967045136262e-05,5.1503129115568604e-05,5.154660154894197e-05,5.159008774605903e-05,5.1633587699840194e-05,5.167710140341122e-05,5.172062884962411e-05,5.176417003149952e-05,5.180772494203808e-05,5.1851293576782956e-05,5.189487592652203e-05,5.193847198205802e-05,5.1982081738889574e-05,5.202570519009998e-05,5.206934232860077e-05,5.2112993147375284e-05,5.215665763942872e-05,5.220033579788642e-05,5.2244027615693433e-05,5.228773308592029e-05,5.2331452201302395e-05,5.237518495515909e-05,5.241893134055789e-05,5.246269135054893e-05,5.250646497819361e-05,5.255025221654019e-05,5.259405305866214e-05,5.26378674976114e-05,5.2681695526461186e-05,5.272553713826277e-05,5.276939232609343e-05,5.2813261083005744e-05,5.285714340205405e-05,5.2901039276338204e-05,5.29449486989102e-05,5.298887166284279e-05,5.303280816120155e-05,5.3076758187083915e-05,5.312072173355715e-05,5.316469879368726e-05,5.320868936055882e-05,5.325269342725067e-05,5.329671098684257e-05,5.3340742032424005e-05,5.338478655708973e-05,5.3428844553900824e-05,5.347291601594496e-05,5.351700093858645e-05,5.35610993127117e-05,5.360521113134579e-05,5.364933638771033e-05,5.369347507470457e-05,5.373762718546815e-05,5.3781792713116644e-05,5.3825971650753136e-05,5.38701639914834e-05,5.391436972841096e-05,5.395858885464195e-05,5.400282136328062e-05,5.40470672474331e-05,5.4091326500207426e-05,5.413559911471211e-05,5.417988508405765e-05,5.4224184401355765e-05,5.4268497059719545e-05,5.431282305226368e-05,5.435716237210376e-05,5.44015150123575e-05,5.4445880966086815e-05,5.449026022647156e-05,5.453465278663437e-05,5.4579058639703465e-05,5.462347777882144e-05,5.466791019713641e-05,5.4712355887666587e-05,5.4756814843574534e-05,5.4801287058006765e-05,5.484577252409913e-05,5.4890271234984937e-05,5.49347831838001e-05,5.4979308363680974e-05,5.5023846767765835e-05,5.506839838919423e-05,5.51129632211069e-05,5.515754125669257e-05,5.520213248904774e-05,5.524673691131782e-05,5.529135451627151e-05,5.533598529743547e-05,5.538062924795922e-05,5.542528636099379e-05,5.546995662969178e-05,5.551464004720723e-05,5.555933660669566e-05,5.560404630131418e-05,5.564876912422133e-05,5.569350506857724e-05,5.573825412754343e-05,5.578301629428306e-05,5.582779156196077e-05,5.587257992374267e-05,5.5917381372796435e-05,5.5962195902291246e-05,5.6007023505397804e-05,5.605186417528834e-05,5.609671790513666e-05,5.614158468811798e-05,5.6186464517409164e-05,5.623135738618858e-05,5.627626328763611e-05,5.6321182214933183e-05,5.636611416126276e-05,5.6411059119809314e-05,5.645601708375893e-05,5.65009880462992e-05,5.6545972000619256e-05,5.659096893990979e-05,5.663597885736305e-05,5.668100174617278e-05,5.672603759953437e-05,5.677108641123179e-05,5.681614817439789e-05,5.686122288128938e-05,5.690631052547692e-05,5.6951411100194255e-05,5.6996524598657017e-05,5.7041651014076636e-05,5.7086790339663705e-05,5.713194256862941e-05,5.71771076941859e-05,5.722228570954656e-05,5.7267476607926186e-05,5.7312680382540885e-05,5.735789702660832e-05,5.740312653334757e-05,5.7448368895979325e-05,5.7493624107725806e-05,5.753889216181077e-05,5.7584173051459565e-05,5.7629466769899e-05,5.7674773310166286e-05,5.772009266588324e-05,5.776542483011529e-05,5.781076979610657e-05,5.7856127557109674e-05,5.790149810671875e-05,5.7946881437730066e-05,5.79922775433841e-05,5.8037686416922014e-05,5.808310805158787e-05,5.812854244062592e-05,5.8173989577282904e-05,5.8219449454807125e-05,5.826492206644795e-05,5.8310407405456724e-05,5.83559054650862e-05,5.840141623859094e-05,5.844693971922677e-05,5.849247590025152e-05,5.8538024774924666e-05,5.858358633650686e-05,5.862916057826066e-05,5.867474749345012e-05,5.87203470744077e-05,5.876595931534581e-05,5.8811584209531855e-05,5.885722175023727e-05,5.89028719307333e-05,5.8948534744293807e-05,5.899421018419475e-05,5.903989824371356e-05,5.908559891612756e-05,5.9131312194716605e-05,5.91770380727635e-05,5.922277654355145e-05,5.926852760036668e-05,5.9314291236494436e-05,5.936006744522445e-05,5.940585621984674e-05,5.9451657553652685e-05,5.949747143993514e-05,5.9543297871990896e-05,5.9589136843115766e-05,5.9634988346608573e-05,5.9680852375768774e-05,5.9726728923899434e-05,5.977261798430305e-05,5.9818519550285026e-05,5.986443361515191e-05,5.99103601722129e-05,5.9956299214777257e-05,6.000225073615735e-05,6.0048214729667334e-05,6.009419118936353e-05,6.014018010774534e-05,6.01861814781531e-05,6.023219529327505e-05,6.0278221547173817e-05,6.032426023316263e-05,6.037031134456129e-05,6.041637487469087e-05,6.0462450816875616e-05,6.050853916444304e-05,6.0554639910722545e-05,6.060075304920012e-05,6.0646878573037816e-05,6.0693016475573235e-05,6.073916675014577e-05,6.0785329390096485e-05,6.0831504388768464e-05,6.087769173950659e-05,6.0923891435657624e-05,6.09701034705707e-05,6.1016327837596974e-05,6.10625645300897e-05,6.110881354126928e-05,6.115507486460865e-05,6.120134849346378e-05,6.124763442119233e-05,6.129393264115366e-05,6.134024314670891e-05,6.138656593122086e-05,6.143290098805408e-05,6.147924831057485e-05,6.152560789215116e-05,6.157197972615276e-05,6.161836380595112e-05,6.166476012491941e-05,6.171116867643261e-05,6.175758945386736e-05,6.180402245060211e-05,6.185046766001701e-05,6.189692507549394e-05,6.194339469041663e-05,6.19898764981704e-05,6.203637049214247e-05,6.20828766657218e-05,6.212939501248372e-05,6.217592552563582e-05,6.222246819857278e-05,6.226902302469106e-05,6.231558999738915e-05,6.236216910993138e-05,6.240876035586059e-05,6.245536372858378e-05,6.250197922151288e-05,6.254860682818435e-05,6.259524654184768e-05,6.264189835591281e-05,6.268856226379121e-05,6.273523825889636e-05,6.27819263346435e-05,6.282862648444966e-05,6.287533870173336e-05,6.29220629799151e-05,6.296879931241718e-05,6.301554769266377e-05,6.306230811408043e-05,6.310908057009467e-05,6.315586505413596e-05,6.320266155963542e-05,6.324947008002599e-05,6.329629060874221e-05,6.33431231392206e-05,6.33899676648993e-05,6.343682417921834e-05,6.348369267561954e-05,6.353057314754656e-05,6.357746558844458e-05,6.362436999176082e-05,6.367128635094424e-05,6.37182146594455e-05,6.376515491071717e-05,6.381210709821358e-05,6.38590712153908e-05,6.390604725570682e-05,6.395303521262122e-05,6.400003507959552e-05,6.404704685009297e-05,6.40940705175787e-05,6.414110607551955e-05,6.418815351738431e-05,6.423521283664346e-05,6.42822840267692e-05,6.432936708123578e-05,6.437646199351908e-05,6.442356875709668e-05,6.447068736544838e-05,6.45178178120553e-05,6.456496009040068e-05,6.461211419396948e-05,6.465928011624851e-05,6.470645785072637e-05,6.475364739089342e-05,6.480084873025437e-05,6.48480618622805e-05,6.489528678046737e-05,6.494252347831232e-05,6.498977194931443e-05,6.503703218697445e-05,6.50843041847947e-05,6.513158793627925e-05,6.517888343493475e-05,6.522619067426903e-05,6.52735096477914e-05,6.53208403490137e-05,6.536818277053055e-05,6.541553690670438e-05,6.546290275086189e-05,6.551028029621364e-05,6.555766953894207e-05,6.560507046850068e-05,6.565248308090613e-05,6.569990736942341e-05,6.5747343327553e-05,6.579479094880015e-05,6.584225022656372e-05,6.588972115441068e-05,6.59372037258694e-05,6.598469793448845e-05,6.603220377372236e-05,6.607972123717011e-05,6.612725031837256e-05,6.617479101084907e-05,6.622234330815502e-05,6.626990720383561e-05,6.631748269144318e-05,6.636506976452568e-05,6.641266841663831e-05,6.646027864132712e-05,6.650790043217115e-05,6.655553378271904e-05,6.660317868652013e-05,6.665083513714124e-05,6.669850312814682e-05,6.674618265311453e-05,6.679387370561286e-05,6.684157627919624e-05,6.688929036745404e-05,6.693701596395437e-05,6.698475306228132e-05,6.703250165599483e-05,6.708026173868651e-05,6.712803330394486e-05,6.717581634534711e-05,6.72236108564815e-05,6.727141683093153e-05,6.731923426229523e-05,6.736706314415217e-05,6.741490347010253e-05,6.746275523374543e-05,6.7510618428676e-05,6.755849304849418e-05,6.760637908679339e-05,6.765427653718562e-05,6.770218539327835e-05,6.77501056486722e-05,6.779803729698025e-05,6.784598033181143e-05,6.789393474676577e-05,6.79419005354704e-05,6.798987769154713e-05,6.803786620860461e-05,6.808586608026906e-05,6.813387730015287e-05,6.81818998618897e-05,6.822993375910231e-05,6.827797898540974e-05,6.83260355344499e-05,6.837410339985649e-05,6.842218257556236e-05,6.84702730549438e-05,6.851837483258828e-05,6.856648790086112e-05,6.861461225354101e-05,6.866274788432428e-05,6.871089478688255e-05,6.875905295488039e-05,6.880722238233516e-05,6.88554030624527e-05,6.890359498905205e-05,6.895179815579783e-05,6.900001255635775e-05,6.904823818440875e-05,6.909647503364628e-05,6.914472309779287e-05,6.9192982370667e-05,6.924125284512469e-05,6.92895345129651e-05,6.933782737206602e-05,6.938613141422299e-05,6.943444663296218e-05,6.948277301992842e-05,6.953111057334238e-05,6.957945928464634e-05,6.962781914724251e-05,6.967619015514222e-05,6.972457229939738e-05,6.977296557832027e-05,6.982136998504149e-05,6.986978551062729e-05,6.991821214959843e-05,6.996664989548378e-05,7.001509874309413e-05,7.00635586835566e-05,7.011202971009099e-05,7.01605118212103e-05,7.020900500972928e-05,7.025750926721226e-05,7.03060245881364e-05,7.035455096540933e-05,7.040308839406902e-05,7.045163686448764e-05,7.05001963756007e-05,7.054876691549926e-05,7.059734848331546e-05,7.064594107023483e-05,7.069454467032349e-05,7.074315927725604e-05,7.079178488540649e-05,7.084042148728522e-05,7.088906907695968e-05,7.093772764810555e-05,7.098639719459847e-05,7.103507771017639e-05,7.108376918857921e-05,7.113247162354894e-05,7.118118500882926e-05,7.122990933816604e-05,7.127864460530706e-05,7.132739080387968e-05,7.137614792778674e-05,7.142491597311328e-05,7.147369492900425e-05,7.152248479141035e-05,7.15712855541698e-05,7.162009721102505e-05,7.16689197560653e-05,7.171775318291376e-05,7.176659748375362e-05,7.181545265398106e-05,7.186431868752165e-05,7.19131955780798e-05,7.196208331923663e-05,7.201098190555069e-05,7.205989132880401e-05,7.210881158495978e-05,7.215774266672448e-05,7.220668456773076e-05,7.225563727867604e-05,7.230460079791346e-05,7.235357511898628e-05,7.240256023450319e-05,7.24515561383656e-05,7.250056282437435e-05,7.254958028741385e-05,7.259860851927484e-05,7.26476475149839e-05,7.26966972675303e-05,7.27457577710116e-05,7.279482901985639e-05,7.284391100619546e-05,7.289300372583378e-05,7.294210717144138e-05,7.299122133574204e-05,7.304034621576782e-05,7.308948180396512e-05,7.313862809386985e-05,7.318778507935664e-05,7.323695275328649e-05,7.328613110862679e-05,7.333532014379147e-05,7.338451984962738e-05,7.343373021998454e-05,7.348295124940206e-05,7.353218292999507e-05,7.358142525600668e-05,7.363067822360499e-05,7.367994182675538e-05,7.372921605539139e-05,7.37785009064336e-05,7.382779637244867e-05,7.38771024478646e-05,7.392641912639438e-05,7.39757464013665e-05,7.402508426770044e-05,7.407443271901335e-05,7.412379174856861e-05,7.417316135058472e-05,7.422254151904627e-05,7.427193224744983e-05,7.432133352998012e-05,7.437074536056859e-05,7.44201677326388e-05,7.446960064038063e-05,7.451904407774831e-05,7.456849803863218e-05,7.46179625183776e-05,7.466743750741767e-05,7.471692300157332e-05,7.476641899441034e-05,7.481592548044866e-05,7.48654424540324e-05,7.491496990828172e-05,7.496450783719769e-05,7.501405623514169e-05,7.506361509236685e-05,7.511318440801868e-05,7.516276417258884e-05,7.521235438149191e-05,7.526195502833247e-05,7.531156610788633e-05,7.536118761235664e-05,7.541081953649232e-05,7.546046187423184e-05,7.551011461905891e-05,7.555977776557301e-05,7.56094513075072e-05,7.565913523875885e-05,7.570882955350091e-05,7.575853424473992e-05,7.580824930750006e-05,7.585797473504951e-05,7.590771052128182e-05,7.595745666072263e-05,7.600721314669717e-05,7.605697998069225e-05,7.610675714176043e-05,7.615654463246084e-05,7.620634244792261e-05,7.625615057743123e-05,7.630596901711227e-05,7.635579776420673e-05,7.64056368069503e-05,7.645548614233171e-05,7.650534576388526e-05,7.655521566532807e-05,7.660509584170334e-05,7.665498628813085e-05,7.670488699657668e-05,7.67547979636004e-05,7.680471918010081e-05,7.6854650640216e-05,7.690459233537924e-05,7.695454426258104e-05,7.70045064157989e-05,7.705447878873336e-05,7.710446137565118e-05,7.715445417053801e-05,7.720445716738133e-05,7.725447036017078e-05,7.730449374289802e-05,7.73545273095571e-05,7.74045710541435e-05,7.745462497065515e-05,7.750468905309177e-05,7.755476329545538e-05,7.760484769174966e-05,7.765494223598078e-05,7.770504692215642e-05,7.775516174428686e-05,7.780528669638396e-05,7.785542177246138e-05,7.790556696653513e-05,7.795572227262437e-05,7.800588768474806e-05,7.805606319692867e-05,7.810624880318991e-05,7.815644449755813e-05,7.820665027406199e-05,7.82568661267311e-05,7.830709204959753e-05,7.835732803669515e-05,7.840757408688905e-05,7.845783018940419e-05,7.850809633828083e-05,7.855837252756265e-05,7.860865875129424e-05,7.865895500352317e-05,7.870926127829865e-05,7.87595775696719e-05,7.880990387169595e-05,7.886024017842535e-05,7.891058648391937e-05,7.896094278223615e-05,7.901130906743699e-05,7.906168533358678e-05,7.91120715747501e-05,7.916246778499379e-05,7.921287395838892e-05,7.926329008900759e-05,7.931371617092259e-05,7.936415219821079e-05,7.94145981649495e-05,7.946505406521941e-05,7.951551989310156e-05,7.956599564268116e-05,7.961648130804492e-05,7.966697688327908e-05,7.971748236247528e-05,7.976799773972593e-05,7.981852300366902e-05,7.986905815383563e-05,7.991960318431993e-05,7.997015808921905e-05,8.002072286262755e-05,8.007129749864142e-05,8.012188199134907e-05,8.017247633482399e-05,8.022308052401215e-05,8.027369455254237e-05,8.032431841433919e-05,8.03749521034784e-05,8.042559561401788e-05,8.047624894008226e-05,8.052691207574484e-05,8.057758501554893e-05,8.062826775289151e-05,8.067896028245006e-05,8.072966259825994e-05,8.078037469446333e-05,8.083109656513543e-05,8.088182820335731e-05,8.09325696044739e-05,8.09833207622723e-05,8.103408167500226e-05,8.108485233136331e-05,8.113563272686748e-05,8.118642285381948e-05,8.123722270875314e-05,8.128803228572165e-05,8.133885157882573e-05,8.138968058198648e-05,8.144051928935543e-05,8.149136769508324e-05,8.154222579331334e-05,8.159309357819003e-05,8.164397104384489e-05,8.169485818919745e-05,8.17457550037795e-05,8.179666148144566e-05,8.184757761368353e-05,8.189850339767921e-05,8.194943882820465e-05,8.200038390435481e-05,8.205133860918377e-05,8.210230294183459e-05,8.215327690196334e-05,8.220426047406306e-05,8.225525365730648e-05,8.230625644588954e-05,8.235726883392424e-05,8.2408290815656e-05,8.245932238528531e-05,8.251036353701449e-05,8.256141426504716e-05,8.261247456358843e-05,8.266354442992462e-05,8.271462385196846e-05,8.276571283082239e-05,8.281681135372764e-05,8.286791941828019e-05,8.291903701898457e-05,8.297016414889512e-05,8.302130080357796e-05,8.307244698054739e-05,8.312360266682891e-05,8.317476786365821e-05,8.322594256009257e-05,8.327712674964832e-05,8.332832042865548e-05,8.33795235914527e-05,8.343073623200205e-05,8.348195834608029e-05,8.353318992636031e-05,8.358443096777441e-05,8.363568146453032e-05,8.368694141070769e-05,8.373821080004226e-05,8.378948962815076e-05,8.384077789304525e-05,8.389207557967188e-05,8.394338268646385e-05,8.399469920972027e-05,8.404602513973025e-05,8.40973604705783e-05,8.414870520253494e-05,8.420005932655205e-05,8.425142283689892e-05,8.430279572827565e-05,8.435417799494045e-05,8.440556962976511e-05,8.445697062811692e-05,8.450838098357077e-05,8.455980069155484e-05,8.46112297463735e-05,8.466266814131373e-05,8.471411587103655e-05,8.47655729298218e-05,8.481703931210493e-05,8.486851501192639e-05,8.492000002449635e-05,8.497149434656272e-05,8.502299796554892e-05,8.507451087925984e-05,8.512603308230988e-05,8.517756456896372e-05,8.522910533480686e-05,8.528065537296622e-05,8.533221467693049e-05,8.538378324167324e-05,8.543536106054057e-05,8.548694812950727e-05,8.553854444395144e-05,8.559014999429656e-05,8.564176477821484e-05,8.569338878880788e-05,8.574502202383209e-05,8.57966644716452e-05,8.584831612933645e-05,8.589997699109192e-05,8.595164705110374e-05,8.600332630450464e-05,8.605501474515338e-05,8.610671236762004e-05,8.615841916587686e-05,8.621013513440096e-05,8.626186026761204e-05,8.631359455986946e-05,8.636533800557767e-05,8.64170905982216e-05,8.646885233372797e-05,8.652062320575137e-05,8.657240320522138e-05,8.662419233355516e-05,8.66759905784475e-05,8.672779794033346e-05,8.677961441057991e-05,8.683143997872416e-05,8.688327464777929e-05,8.69351184090164e-05,8.69869712565794e-05,8.703883318422455e-05,8.709070418654735e-05,8.714258425793935e-05,8.719447339279544e-05,8.724637158705661e-05,8.729827883215721e-05,8.735019512381065e-05,8.740212045651557e-05,8.745405482551811e-05,8.750599822340607e-05,8.755795064635546e-05,8.760991208737826e-05,8.766188254199744e-05,8.771386200359587e-05,8.776585046750975e-05,8.781784792815739e-05,8.786985437848918e-05,8.792186981410978e-05,8.797389422977234e-05,8.802592761950885e-05,8.807796997664679e-05,8.813002129775071e-05,8.818208157458498e-05,8.823415080729251e-05,8.828622898393387e-05,8.833831610123118e-05,8.839041215363364e-05,8.844251713641448e-05,8.84946310427172e-05,8.854675386718914e-05,8.859888560571876e-05,8.865102624826984e-05,8.870317579487052e-05,8.875533423981137e-05,8.88075015704309e-05,8.885967778913104e-05,8.891186288701799e-05,8.896405686690746e-05,8.901625970893417e-05,8.906847141333242e-05,8.912069197493345e-05,8.917292139612706e-05,8.922515965590166e-05,8.927740675704244e-05,8.932966269421272e-05,8.938192746105001e-05,8.943420105263355e-05,8.948648346562688e-05,8.953877468951117e-05,8.959107472119972e-05,8.964338355510902e-05,8.969570118609184e-05,8.974802760799207e-05,8.980036281605452e-05,8.98527068077845e-05,8.990505957132021e-05,8.995742110166678e-05,9.000979139855061e-05,9.006217045317332e-05,9.011455826082574e-05,9.01669548168914e-05,9.021936011457534e-05,9.027177414922585e-05,9.032419691428766e-05,9.037662840488714e-05,9.042906861682827e-05,9.048151754232446e-05,9.0533975179349e-05,9.05864415168351e-05,9.06389165531059e-05,9.069140028143074e-05,9.074389269814712e-05,9.079639379970998e-05,9.084890357488585e-05,9.090142201960895e-05,9.095394912576108e-05,9.100648489678791e-05,9.105902932170184e-05,9.111158239673974e-05,9.116414411451307e-05,9.121671447157284e-05,9.126929346075131e-05,9.132188107808082e-05,9.137447731567097e-05,9.142708217042764e-05,9.147969563629795e-05,9.153231770775555e-05,9.158494837883642e-05,9.163758764520451e-05,9.169023550154577e-05,9.17428919414406e-05,9.179555695896618e-05,9.18482305506812e-05,9.190091270967476e-05,9.195360343066059e-05,9.200630270888628e-05,9.205901053826263e-05,9.211172691351957e-05,9.216445182933605e-05,9.22171852803963e-05,9.22699272612195e-05,9.232267776647966e-05,9.237543679074556e-05,9.242820432534315e-05,9.248098037144773e-05,9.253376492124713e-05,9.258655796761964e-05,9.263935950604911e-05,9.269216953115188e-05,9.274498803772163e-05,9.279781502002965e-05,9.285065047287205e-05,9.290349439087214e-05,9.295634676866307e-05,9.300920760087127e-05,9.306207688211067e-05,9.311495460740598e-05,9.31678407707893e-05,9.322073536742149e-05,9.327363839248467e-05,9.332654983842488e-05,9.33794697013726e-05,9.343239797562824e-05,9.3485334652599e-05,9.353827973457219e-05,9.359123321159701e-05,9.364419507620457e-05,9.369716532771678e-05,9.375014395902243e-05,9.380313096428226e-05,9.385612633845468e-05,9.390913007533314e-05,9.396214217083011e-05,9.40151626186341e-05,9.406819141609815e-05,9.41212285522224e-05,9.417427402718305e-05,9.422732783284398e-05,9.428038996465472e-05,9.433346041775888e-05,9.43865391845907e-05,9.44396262634836e-05,9.44927216416935e-05,9.454582532550466e-05,9.459893730323004e-05,9.465205757212147e-05,9.470518612301275e-05,9.475832295187503e-05,9.481146805211345e-05,9.486462142107536e-05,9.491778305320835e-05,9.497095294299497e-05,9.502413108387534e-05,9.507731747114524e-05,9.513051209643728e-05,9.518371495400901e-05,9.523692605027056e-05,9.52901453717536e-05,9.534337291336761e-05,9.539660867183611e-05,9.544985263808348e-05,9.550310480785617e-05,9.555636517749651e-05,9.56096337412903e-05,9.56629104895285e-05,9.571619542492933e-05,9.576948853706852e-05,9.582278982214438e-05,9.587609927568739e-05,9.592941689169813e-05,9.598274266469586e-05,9.60360765897321e-05,9.608941866107593e-05,9.614276887288766e-05,9.619612722178359e-05,9.624949370124172e-05,9.630286830568373e-05,9.63562510306703e-05,9.640964187159771e-05,9.646304082539421e-05,9.651644788290151e-05,9.656986304006396e-05,9.662328628993912e-05,9.667671762482494e-05,9.6730157045958e-05,9.678360454560338e-05,9.683706011869376e-05,9.689052375960947e-05,9.694399546285463e-05,9.699747522435792e-05,9.705096303780838e-05,9.710445889837451e-05,9.715796280103191e-05,9.721147474050898e-05,9.72649947119202e-05,9.73185227097325e-05,9.737205872874817e-05,9.742560276372668e-05,9.747915480908885e-05,9.75327148567536e-05,9.758628290844279e-05,9.763985895544294e-05,9.769344299080506e-05,9.774703501291402e-05,9.78006350149319e-05,9.785424299130864e-05,9.790785893702132e-05,9.796148285024898e-05,9.801511471835075e-05,9.80687545414192e-05,9.812240231915464e-05,9.817605803566525e-05,9.822972169000048e-05,9.828339328342557e-05,9.833707279787125e-05,9.839076023501602e-05,9.844445558977082e-05,9.849815885716255e-05,9.855187003197475e-05,9.860558910851784e-05,9.865931607823607e-05,9.871305094424003e-05,9.876679369719264e-05,9.882054433189833e-05,9.887430283891679e-05,9.892806922142637e-05,9.898184347103146e-05,9.903562558076804e-05,9.908941554711576e-05,9.914321336531433e-05,9.919701902773004e-05,9.925083253077602e-05,9.930465386858395e-05,9.935848303749257e-05,9.941232003172566e-05,9.946616484698263e-05,9.952001747632633e-05,9.957387791185385e-05,9.962774615513066e-05,9.968162219850936e-05,9.97355060364495e-05,9.978939766462117e-05,9.984329707653335e-05,9.989720426830333e-05,9.995111923399925e-05,0.00010000504196871232,0.00010005897246756517,0.0001001129107252836,0.00010016685673789492,0.00010022081049823255,0.00010027477200211994,0.00010032874124466613,0.00010038271821671141,0.00010043670291360048,0.00010049069534001696,0.00010054469548620596,0.00010059870334538408,0.00010065271891276189,0.00010070674218292919,0.00010076077315089356,0.00010081481181228851,0.00010086885816021392,0.00010092291219274644,0.00010097697390262469,0.00010103104328539097,0.00010108512033533088,0.00010113920504909749,0.00010119329742017844,0.00010124739744465096,0.00010130150511471825,0.00010135562042601047,0.00010140974337620809,0.00010146387395861708,0.00010151801216839,0.00010157215800043605,0.0001016263114497761,0.00010168047251126597,0.00010173464117992598,0.00010178881745041862,0.00010184300132193726,0.00010189719278205699,0.00010195139183018126,0.00010200559845941429,0.00010205981266572521,0.00010211403444435087,0.00010216826378975806,0.0001022225006963865,0.00010227674516091346,0.00010233099717742138,0.00010238525674108883,0.00010243952384685317,0.00010249379848966346,0.00010254808066452135,0.0001026023703662215,0.00010265666758996425,0.00010271097233057197,0.00010276528458323085,0.00010281960434305992,0.00010287393160473063,0.00010292826636386865,0.00010298260861245107,0.00010303695835075643,0.00010309131557468645,0.00010314568027191739,0.00010320005244295856,0.00010325443208031639,0.0001033088191799673,0.00010336321373695938,0.00010341761574634629,0.00010347202520291455,0.00010352644210194508,0.00010358086644033173,0.0001036352982094503,0.0001036897374067389,0.00010374418402622723,0.0001037986380634716,0.00010385309951487098,0.00010390756837082447,0.00010396204463139247,0.00010401652829314988,0.0001040710193452036,0.00010412551778496888,0.00010418002360915598,0.00010423453681000994,0.00010428905738350893,0.00010434358532568004,0.00010439812063020216,0.00010445266329392226,0.00010450721331210056,0.00010456177067687719,0.00010461633538725207,0.00010467090743528753,0.0001047254868183314,0.00010478007353037848,0.0001048346675664804,0.00010488926892191317,0.00010494387759094345,0.00010499849357358054,0.00010505311685707852,0.00010510774744019624,0.00010516238531801588,0.00010521703048564123,0.00010527168293395692,0.00010532634266647144,0.00010538100967404653,0.0001054356839516743,0.00010549036549416328,0.00010554505429783678,0.00010559975035690941,0.00010565445366692254,0.00010570916422277674,0.00010576388201989198,0.00010581860705328611,0.0001058733393178096,0.00010592807880849378,0.00010598282551690901,0.00010603757944546707,0.0001060923405858352,0.00010614710893315157,0.00010620188448173196,0.0001062566672282523,0.0001063114571671878,0.00010636625429388625,0.00010642105860400245,0.00010647587009098365,0.00010653068875090487,0.00010658551457914055,0.00010664034757061093,0.0001066951877208315,0.00010675003502954802,0.00010680488948196893,0.00010685975107804682,0.00010691461981324214,0.00010696949568414172,0.00010702437868300399,0.00010707926880601751,0.00010713416604935465,0.00010718907040793725,0.00010724398187624058,0.00010729890045000272,0.00010735382612464496,0.00010740875889491609,0.00010746369875642602,0.00010751864570377462,0.00010757359973245353,0.00010762856083765233,0.00010768352901483364,0.00010773850425953914,0.00010779348656552424,0.00010784847592863445,0.00010790347234874974,0.0001079584758168089,0.00010801348632329226,0.00010806850387709108,0.00010812352845496422,0.00010817856006173522,0.00010823359869326106,0.0001082886443426171,0.00010834369700643563,0.00010839875667995136,0.00010845382335963915,0.00010850889704568259,0.00010856397772688315,0.0001086190653909233,0.00010867416004027156,0.00010872926167054914,0.00010878437027771964,0.00010883948585613594,0.00010889460840084926,0.00010894973790759256,0.0001090048743716102,0.00010906001778284433,0.00010911516814623274,0.00010917032545197518,0.00010922548969690084,0.00010928066087487079,0.00010933583898301359,0.00010939102401510496,0.00010944621596496208,0.00010950141482861462,0.0001095566206023025,0.000109611833281537,0.00010966705286111522,0.00010972227933297421,0.0001097775126985557,0.0001098327529501464,0.00010988800008344111,0.00010994325409343125,0.00010999851497623785,0.00011005378272528645,0.00011010905733693357,0.00011016433880603809,0.00011021962712901188,0.00011027492230045143,0.00011033022431563587,0.0001103855331697435,0.00011044084886001678,0.00011049617137814627,0.00011055150071962292,0.00011060683688342847,0.00011066217986066832,0.0001107175296511333,0.00011077288624740768,0.0001108282496451535,0.00011088361983984974,0.00011093899682420013,0.0001109943805970028,0.00011104977115253738,0.00011110516848525255,0.00011116057259222826,0.00011121598346955475,0.00011127140111157485,0.0001113268255122555,0.0001113822566679607,0.00011143769457379355,0.00011149313922505904,0.00011154859061666556,0.00011160404874543907,0.00011165951360711494,0.00011171498519514212,0.00011177046349970278,0.00011182594852678447,0.00011188144026646445,0.00011193693871165065,0.00011199244386279593,0.00011204795571357187,0.0001121034742600806,0.0001121589994986519,0.00011221453141835087,0.00011227007002350976,0.00011232561530283016,0.00011238116725356777,0.00011243672587292534,0.00011249229115306499,0.0001125478630899213,0.0001126034416760483,0.00011265902691032857,0.00011271461878814735,0.00011277021730490094,0.00011282582245598165,0.00011288143423678733,0.00011293705264271519,0.00011299267766916855,0.00011304830931155555,0.00011310394756528335,0.00011315959242576553,0.00011321524388843864,0.00011327090194873787,0.0001133265666021106,0.00011338223784406045,0.00011343791567017796,0.00011349360007443504,0.000113549291054739,0.0001136049886035116,0.0001136606927169288,0.00011371640339117335,0.00011377212062167065,0.00011382784440384785,0.00011388357473313429,0.00011393931160496142,0.00011399505501476258,0.00011405080495797322,0.00011410656143003074,0.00011416232442637454,0.00011421809394267098,0.00011427386997648551,0.00011432965251856386,0.00011438544156669747,0.00011444123711626263,0.00011449703916205629,0.00011455284770116456,0.00011460866272783763,0.00011466448423912438,0.00011472031222907468,0.0001147761466933313,0.0001148319876262895,0.00011488783502449078,0.00011494368888338519,0.00011499954919843391,0.00011505541596510251,0.00011511128917885864,0.00011516716883517444,0.00011522305492952509,0.00011527894745738791,0.00011533484641424329,0.0001153907517955736,0.00011544666359686357,0.00011550258181360022,0.00011555850643977122,0.00011561443747233937,0.00011567037490679793,0.00011572631873864169,0.0001157822689633673,0.00011583822557647404,0.00011589418857346225,0.00011595015794983629,0.00011600613370109993,0.00011606211582276071,0.00011611810431032777,0.00011617409915931276,0.00011623010036522885,0.00011628610792725352,0.00011634212183729541,0.00011639814209087511,0.0001164541686835154,0.00011651020161074075,0.00011656624086807774,0.00011662228645105515,0.00011667833835288249,0.00011673439657140473,0.00011679046110215629,0.0001168465319406736,0.00011690260908214179,0.00011695869251589756,0.0001170147822518038,0.00011707087827765514,0.00011712698058900008,0.00011718308918138876,0.00011723920405037507,0.00011729532519151398,0.00011735145260036483,0.00011740758627248772,0.00011746372620344639,0.00011751987238880849,0.00011757602482414427,0.00011763218350503054,0.00011768834842704793,0.0001177445195841965,0.00011780069697466031,0.00011785688059219704,0.00011791307043300197,0.00011796926648873347,0.00011802546876355099,0.00011808167724872961,0.00011813789193939989,0.00011819411283111348,0.00011825033991538799,0.00011830657319574476,0.00011836281266414698,0.00011841905831617253,0.000118475310148525,0.00011853156815556522,0.00011858783233290588,0.00011864410267616176,0.00011870037918094524,0.0001187566618428671,0.00011881295065754086,0.0001188692456205792,0.00011892554672759629,0.00011898185397420829,0.00011903816735605014,0.00011909448686881777,0.00011915081250729888,0.00011920714426787287,0.00011926348214616215,0.00011931982613779099,0.00011937617623838566,0.00011943253244357433,0.00011948889474935946,0.00011954526315114254,0.00011960163764467252,0.0001196580182259522,0.00011971440488834606,0.0001197707976291435,0.00011982719644398669,0.00011988360132851968,0.0001199400122783885,0.0001199964292892412,0.00012005285235672778,0.00012010928147650024,0.0001201657166442127,0.00012022215785552089,0.0001202786051060829,0.00012033505839155855,0.00012039151770760969,0.00012044798304990025,0.000120504454414096,0.00012056093179586483,0.00012061741519087639,0.00012067390459480248,0.00012073040000331682,0.00012078690141209496,0.0001208434088168147,0.00012089992221315555,0.00012095644159679908,0.00012101296696342896,0.00012106949830873045,0.00012112603562869328,0.0001211825789187106,0.00012123912817447415,0.00012129568339167749,0.00012135224456601624,0.00012140881169318809,0.00012146538476889248,0.00012152196378883093,0.00012157854874870393,0.0001216351396442199,0.00012169173647108953,0.00012174833922501814,0.00012180494790171884,0.00012186156249690248,0.00012191818300626236,0.00012197480942556472,0.00012203144175050348,0.00012208807997679996,0.0001221447241001772,0.00012220137411636037,0.00012225803002105295,0.00012231469181003002,0.00012237135947900169,0.00012242803302367548,0.0001224847124398321,0.00012254139772318923,0.00012259808886948338,0.0001226547858744553,0.00012271148873384786,0.00012276819744340593,0.0001228249119988761,0.00012288163239600723,0.0001229383586305419,0.00012299509069824873,0.00012305182859487427,0.0001231085723161751,0.0001231653218579097,0.00012322207721583852,0.00012327883838572398,0.0001233356053633304,0.0001233923781444242,0.00012344915672477357,0.00012350594110014873,0.00012356273126632188,0.0001236195272190672,0.00012367632895416108,0.00012373313646738096,0.000123789949754507,0.00012384676881132137,0.00012390359363360784,0.00012396042421715234,0.00012401726055774262,0.00012407410265116841,0.00012413095049322153,0.00012418780407969543,0.00012424466340638592,0.00012430152846909043,0.0001243583992636083,0.00012441527578566604,0.0001244721580311446,0.0001245290459958492,0.00012458593967558707,0.0001246428390661674,0.00012469974416340132,0.00012475665496310202,0.0001248135714610843,0.00012487049365316543,0.00012492742153516403,0.00012498435510290113,0.00012504129435219943,0.00012509823927877382,0.0001251551898785622,0.00012521214614739318,0.00012526910808109739,0.0001253260756755075,0.00012538304892645803,0.00012544002782978548,0.0001254970123870801,0.00012555400258255258,0.00012561099841794338,0.00012566799989555106,0.0001257250069985096,0.00012578201972884728,0.00012583903808243468,0.00012589606205513476,0.0001259530916424184,0.0001260101268433693,0.00012606716764857712,0.0001261242140564023,0.00012618126606274294,0.0001262383236638689,0.0001262953868496859,0.00012635245562659942,0.0001264095299858812,0.00012646660992230173,0.00012652369543235528,0.00012658078651191438,0.00012663788315686033,0.00012669498536297568,0.0001267520931266852,0.0001268092064444708,0.00012686632531001179,0.00012692344971994426,0.000126980579670724,0.00012703771515808142,0.00012709485617790907,0.0001271520027261416,0.0001272091547985944,0.00012726631239120593,0.0001273234754998764,0.00012738064412050782,0.00012743781824900406,0.00012749499788127102,0.00012755218301321639,0.00012760937364067262,0.00012766656975967967,0.0001277237713661497,0.00012778097845306737,0.00012783819102284405,0.00012789540906641623,0.00012795263258107633,0.00012800986156274744,0.0001280670960083223,0.00012812433591353762,0.00012818158127215974,0.00012823883208177696,0.00012829608833805876,0.00012835335003693934,0.00012841061717439988,0.0001284678897463271,0.00012852516774835868,0.00012858245117673906,0.00012863974002741218,0.00012869703429632377,0.0001287543339794221,0.00012881163907265663,0.00012886894957183243,0.00012892626547305572,0.00012898358677228237,0.00012904091346547128,0.00012909824554858666,0.00012915558301794725,0.00012921292586907113,0.0001292702740979938,0.0001293276277006817,0.00012938498667503922,0.00012944235102022147,0.00012949972072096906,0.00012955709577937028,0.00012961447619379968,0.00012967186195542708,0.0001297292530613532,0.0001297866495082421,0.00012984405129438353,0.00012990145841129102,0.00012995887086100132,0.00013001628863567558,0.00013007371173372672,0.00013013114014941875,0.0001301885738787791,0.0001302460129178041,0.0001303034572625229,0.00013036090690895965,0.00013041836185314015,0.0001304758220911418,0.00013053328761471203,0.00013059075842380567,0.00013064823451416452,0.00013070571588233884,0.00013076320252435733,0.00013082069443539487,0.00013087819161239537,0.00013093569405107496,0.00013099320174748041,0.00013105071469768844,0.00013110823289781356,0.00013116575634221104,0.00013122328502790563,0.00013128081895365817,0.00013133835811096324,0.0001313959025000187,0.00013145345211438268,0.00013151100694877753,0.00013156856700287598,0.00013162613227098873,0.00013168370274926108,0.00013174127843377514,0.00013179885932026618,0.00013185644540493775,0.00013191403668381024,0.00013197163315304192,0.00013202923480840761,0.00013208684164631464,0.00013214445366343278,0.0001322020708550481,0.0001322596932172252,0.0001323173207453107,0.0001323749534362621,0.00013243259128610575,0.00013249023428884996,0.00013254788244571454,0.0001326055357488469,0.00013266319419539646,0.00013272085777907275,0.00013277852649950367,0.0001328362003513146,0.00013289387933268217,0.0001329515634364016,0.00013300925266130075,0.00013306694700883522,0.00013312464645862237,0.00013318235101620555,0.00013324006067898437,0.00013329777544009738,0.00013335549529590383,0.00013341322024383752,0.00013347095028170275,0.0001335286854049284,0.0001335864256079209,0.00013364417088758526,0.0001337019212415625,0.00013375967666505467,0.00013381743715286696,0.0001338752027015848,0.00013393297330648106,0.00013399074896457887,0.00013404852967248136,0.0001341063154271326,0.00013416410622220878,0.00013422190205500937,0.00013427970292213386,0.00013433750881973117,0.00013439531974435585,0.00013445313568958146,0.0001345109566533089,0.00013456878263167144,0.00013462661362103484,0.00013468444961771316,0.00013474229061748467,0.00013480013661633136,0.00013485798761151888,0.00013491584359724788,0.00013497370457367171,0.00013503157053239298,0.000135089441460647,0.00013514731737335152,0.00013520519826341947,0.00013526308412358765,0.00013532097494255293,0.00013537887072262816,0.0001354367714591492,0.00013549467713990112,0.00013555258777827347,0.00013561050336211082,0.00013566842388758535,0.00013572634935087141,0.00013578427974814513,0.0001358422150761951,0.00013590015533054776,0.000135958100507379,0.00013601605060320143,0.00013607400561392482,0.000136131965537561,0.00013618993035309588,0.0001362479000830215,0.00013630587471661514,0.0001363638542447588,0.0001364218386620016,0.0001364798279718173,0.00013653782216608456,0.00013659582123977122,0.00013665382519016978,0.00013671183401380222,0.00013676984770620416,0.00013682786626343488,0.00013688588968479486,0.00013694391796260864,0.00013700195109454986,0.00013705998907683563,0.00013711803190568497,0.00013717607957653753,0.0001372341320864264,0.00013729218943154097,0.00013735025160810794,0.0001374083186123539,0.00013746639044049728,0.00013752446708876185,0.00013758254855413256,0.00013764063483221063,0.00013769872591863093,0.00013775682181084634,0.00013781492250442072,0.00013787302799701687,0.00013793113828177502,0.00013798925336065942,0.0001380473732215155,0.0001381054978649624,0.00013816362728607328,0.00013822176148028747,0.00013827990044581282,0.0001383380441789063,0.00013839619267583066,0.0001384543459328376,0.0001385125039461967,0.00013857066672207647,0.00013862883423987294,0.00013868700650330497,0.0001387451835081916,0.00013880336525085485,0.00013886155172733848,0.00013891974293391506,0.00013897793886730213,0.0001390361395187216,0.0001390943448940662,0.00013915255498484405,0.0001392107697867964,0.0001392689893004995,0.000139327213515098,0.00013938544243034156,0.00013944367604230395,0.0001395019143473469,0.0001395601573417998,0.00013961840502195919,0.00013967665738397395,0.00013973491441828195,0.00013979317613337577,0.00013985144251935666,0.000139909713574453,0.00013996798929087818,0.00014002626966740442,0.00014008455470017605,0.0001401428443853062,0.00014020113871479557,0.00014025943769324376,0.00014031774131365376,0.00014037604957181803,0.00014043436246481724,0.0001404926799874491,0.00014055100213655462,0.00014060932890922118,0.00014066766030271382,0.00014072599631012475,0.00014078433692661193,0.0001408426821554545,0.0001409010319883677,0.00014095938642142688,0.00014101774545331874,0.00014107610907787633,0.00014113447729342796,0.0001411928500941282,0.00014125122747860134,0.00014130960944156376,0.00014136799598013096,0.0001414263870900243,0.00014148478276807287,0.0001415431830106328,0.0001416015878133848,0.00014165999717374332,0.00014171841108827186,0.00014177682955288722,0.00014183525256370084,0.00014189368011720792,0.0001419521122097768,0.00014201054883777856,0.00014206898999759806,0.00014212743568667386,0.00014218588589954634,0.000142244340625013,0.00014230279987334897,0.00014236126363637467,0.00014241973191244113,0.00014247820469363403,0.00014253668197551506,0.0001425951637591556,0.0001426536500378263,0.00014271214081116454,0.00014277063607033525,0.00014282913581441462,0.0001428876400389053,0.00014294614874219965,0.00014300466191980335,0.000143063179568137,0.00014312170168229976,0.00014318022826598464,0.00014323875930418036,0.0001432972947989329,0.00014335583474499097,0.00014341437913941525,0.00014347292797939825,0.0001435314812605699,0.00014359003898019215,0.00014364860113385563,0.0001437071677186233,0.0001437657387297612,0.0001438243141654384,0.000143882894021255,0.00014394147829504904,0.00014400006698035407,0.00014405866007580374,0.00014411725757721043,0.00014417585948101036,0.0001442344657838763,0.000144293076484307,0.0001443516915741389,0.0001444103110551268,0.00014446893491740765,0.00014452756315999903,0.00014458619578009256,0.00014464483278203466,0.0001447034741461832,0.00014476211987867057,0.0001448207699732212,0.0001448794244285098,0.0001449380832397754,0.00014499674640361634,0.00014505541391684324,0.00014511408577587797,0.0001451727619767598,0.0001452314425155683,0.0001452901273893664,0.0001453488165946245,0.00014540751012781587,0.00014546620798541732,0.00014552491016390836,0.0001455836166598685,0.0001456423274695648,0.00014570104258940748,0.00014575976201508186,0.00014581848574523657,0.00014587721377398158,0.00014593594609683443,0.00014599468271582274,0.00014605342362420705,0.00014611216881839768,0.00014617091829486692,0.00014622967205122917,0.00014628843007709325,0.00014634719237533315,0.00014640595894475542,0.00014646472977975153,0.00014652350487661447,0.00014658228423123078,0.00014664106784026518,0.0001466998557007288,0.00014675864780851344,0.00014681744416013842,0.00014687624475195866,0.00014693504958066726,0.0001469938586428016,0.00014705267193487794,0.00014711148945335462,0.00014717031119478046,0.00014722913715568996,0.00014728796733261805,0.00014734680172209593,0.00014740564032065937,0.00014746448312479907,0.00014752333013108435,0.0001475821813360533,0.00014764103673624662,0.00014769989632820434,0.00014775876010847004,0.00014781762807359014,0.00014787650022011063,0.00014793537654397116,0.00014799425704232832,0.00014805314171031437,0.0001481120305473361,0.0001481709235485349,0.00014822982071047353,0.0001482887220297052,0.00014834762750279252,0.00014840653712629682,0.0001484654508967396,0.00014852436881067588,0.00014858329086466705,0.00014864221705526186,0.00014870114737919316,0.0001487600818329121,0.00014881902041298262,0.00014887796311591534,0.0001489369099367568,0.00014899586087653363,0.00014905481592584813,0.00014911377507888351,0.00014917273834711737,0.0001492317057136882,0.0001492906771850061,0.00014934965274884747,0.00014940863240439715,0.00014946761614919354,0.00014952660397954233,0.00014958559589033223,0.0001496445918796783,0.00014970359194481394,0.00014976259608273778,0.0001498216042884334,0.0001498806165588639,0.0001499396328924259,0.00014999865328226824,0.00015005767772686046,0.00015011670622268566,0.00015017573876707419,0.00015023477536195323,0.0001502938159916094,0.0001503528606570769,0.00015041190935945022,0.0001504709620946886,0.0001505300188560999,0.00015058907964185682,0.00015064814444822473,0.00015070721327392291,0.00015076628611248005,0.00015082536296202474,0.00015088444382786362,0.00015094352869248956,0.00015100261755393484,0.00015106171041313608,0.00015112080726652834,0.00015117990810988453,0.00015123901294228608,0.00015129812175841267,0.00015135723455293683,0.0001514163513320841,0.0001514754720791884,0.00015153459679615803,0.00015159372548083575,0.00015165285812941692,0.00015171199473825565,0.00015177113530462783,0.00015183027982462732,0.0001518894282945164,0.00015194858070875534,0.00015200773707029598,0.00015206689737167688,0.0001521260616102306,0.00015218522978262622,0.00015224440188706307,0.00015230357792895486,0.00015236275788429706,0.000152421941759678,0.0001524811295532382,0.00015254032125986078,0.00015259951687952365,0.0001526587164040809,0.00015271791983192926,0.0001527771271619593,0.00015283633839108688,0.00015289555351997403,0.0001529547725281434,0.00015301399542792183,0.00015307322220957834,0.00015313245287395676,0.00015319168741427806,0.00015325092582932733,0.00015331016811507322,0.0001533694142682747,0.00015342866428582437,0.00015348791816428712,0.00015354717590055134,0.00015360643749122338,0.00015366570293326326,0.0001537249722229222,0.00015378424535739585,0.0001538435223331001,0.00015390280314666406,0.00015396208779494566,0.00015402137627466492,0.00015408066858254264,0.0001541399647152956,0.00015419926466965324,0.00015425856844234346,0.0001543178760298973,0.00015437718742911517,0.0001544365026373573,0.0001544958216503795,0.00015455514446587298,0.00015461447107950594,0.00015467380148870345,0.00015473313569017275,0.00015479247368063625,0.00015485181545683065,0.0001549111610154956,0.00015497051035337703,0.00015502986346721984,0.00015508922035377396,0.00015514858100979087,0.00015520794543202396,0.00015526731361722876,0.0001553266855621628,0.00015538606126358454,0.00015544544071825498,0.0001555048239229363,0.00015556421087550796,0.00015562360157161956,0.00015568299600648324,0.00015574239417902777,0.0001558017960840166,0.00015586120171895779,0.0001559206110851043,0.0001559800241726246,0.00015603944098201776,0.00015609886152078721,0.00015615828576344076,0.00015621771371699387,0.00015627714537848228,0.00015633658074441393,0.00015639601980523856,0.00015645546257257305,0.0001565149090327986,0.00015657435918396754,0.00015663381303526115,0.0001566932705627919,0.0001567527317714088,0.00015681219666077216,0.0001568716652260103,0.00015693113746536179,0.0001569906133732185,0.00015705009294754668,0.00015710957618475884,0.00015716906308224358,0.00015722855363887076,0.00015728804784668059,0.00015734754570304757,0.0001574070472095561,0.00015746655235901786,0.00015752606114905008,0.00015758557357806231,0.0001576450896414873,0.00015770460932748175,0.00015776413265053708,0.00015782365959436418,0.00015788319016356916,0.00015794272435032695,0.00015800226215261962,0.00015806180356727745,0.0001581213485911323,0.00015818089722101806,0.0001582404494537704,0.0001583000052862269,0.00015835956471522668,0.00015841912773761064,0.0001584786943502219,0.00015853826454990486,0.00015859783833350568,0.00015865741569787278,0.0001587169966398556,0.00015877658115630582,0.0001588361692440767,0.00015889576090151184,0.00015895535612398874,0.00015901495490851795,0.00015907455725188335,0.00015913416315074314,0.00015919377260198395,0.0001592533856025775,0.00015931300214939084,0.00015937262223932345,0.0001594322458692145,0.00015949187303593567,0.00015955150373636012,0.00015961113796739504,0.0001596707757267731,0.00015973041700961368,0.000159790061813604,0.0001598497101356872,0.00015990936197316302,0.00015996901732546809,0.00016002867618672756,0.0001600883385531441,0.0001601480044221429,0.00016020767379024595,0.00016026734665452476,0.0001603270230174582,0.00016038670286579995,0.00016044638620113806,0.00016050607301690712,0.000160565763313466,0.0001606254570877367,0.00016068515433654128,0.0001607448550570722,0.00016080455924533625,0.00016086426689380126,0.00016092397800977583,0.00016098369258483127,0.00016104341061622403,0.00016110313209986366,0.00016116285703384028,0.0001612225854148714,0.00016128231723944116,0.00016134205250477275,0.0001614017911986286,0.0001614615333333215,0.00016152127889388412,0.00016158102789667553,0.00016164078031275254,0.00016170053614758724,0.00016176029540891152,0.00016182005808845098,0.0001618798241862208,0.00016193959368880203,0.0001619993665988256,0.0001620591429134029,0.00016211892262766846,0.00016217870573978743,0.00016223849224644764,0.00016229828214532098,0.00016235807543800066,0.000162417872111248,0.00016247767216718068,0.00016253747559525204,0.0001625972824067607,0.00016265709259048928,0.00016271690614449378,0.0001627767230656936,0.0001628365433510742,0.00016289636699786444,0.00016295619400267166,0.00016301602436268734,0.00016307585807473618,0.00016313569513578605,0.00016319553554280694,0.0001632553792927702,0.00016331522638264888,0.0001633750768094171,0.00016343493057005128,0.00016349478766152845,0.0001635546480808283,0.00016361451182493126,0.00016367437889081948,0.00016373424927547715,0.0001637941229758897,0.00016385399998904406,0.00016391388031192865,0.00016397376394153371,0.0001640336508748512,0.00016409354110887378,0.0001641534346405966,0.00016421333146701607,0.00016427323158513013,0.00016433313499193824,0.00016439304168444155,0.00016445295165964263,0.00016451286491454576,0.00016457278144615665,0.00016463270125148253,0.00016469262432753298,0.0001647525506713177,0.00016481248027984903,0.00016487241315014077,0.00016493234927920773,0.00016499228866406724,0.00016505223130173756,0.00016511217718881627,0.0001651721263227658,0.00016523207870053312,0.0001652920343191917,0.00016535199317576724,0.00016541195526728706,0.00016547192059077962,0.00016553188914231862,0.00016559186092088946,0.00016565183592187263,0.00016571181414349394,0.00016577179558238504,0.00016583178023565787,0.00016589176810398852,0.00016595175917636032,0.00016601175345441275,0.0001660717509342929,0.0001661317516132761,0.00016619175548926899,0.0001662517625587412,0.00016631177282124365,0.0001663717862688762,0.00016643180290007553,0.00016649182271399223,0.00016655184570672733,0.00016661187187694105,0.0001666719012207285,0.00016673193373162114,0.00016679196940464869,0.0001668520082467795,0.0001669120502597042,0.00016697209542005772,0.00016703214373568856,0.00016709219520366753,0.00016715224982278746,0.00016721230758835623,0.00016727236849793192,0.00016733243254780643,0.000167392499735509,0.0001674525700518201,0.0001675126435050886,0.00016757272008848808,0.00016763279979881916,0.00016769288263325117,0.00016775296858584173,0.00016781305765440407,0.00016787314983807662,0.00016793324513393186,0.00016799334353423637,0.00016805344503946994,0.0001681135496482013,0.00016817365736094796,0.00016823376816979603,0.00016829388207267044,0.0001683539990666969,0.00016841411914897956,0.00016847424231662296,0.0001685343685667336,0.00016859449789641962,0.00016865463030316628,0.0001687147657836768,0.00016877490433282228,0.0001688350459496418,0.0001688951906282287,0.000168955338368461,0.00016901548918562555,0.00016907564305931164,0.00016913579998664025,0.00016919595995328399,0.00016925612296804526,0.00016931628902846127,0.0001693764581335536,0.00016943663027712777,0.00016949680545527931,0.0001695569836674923,0.0001696171649085368,0.0001696773491789431,0.00016973753647344647,0.0001697977267896464,0.00016985792012537431,0.00016991811647741695,0.00016997831584273257,0.00017003851821866567,0.00017009872360236207,0.0001701589319909686,0.00017021914338163414,0.00017027935777150878,0.00017033957515774392,0.0001703997955374929,0.00017046001890791014,0.00017052024527045966,0.00017058047461748004,0.00017064070694619517,0.00017070094225383938,0.00017076118053760937,0.00017082142179472175,0.0001708816660196899,0.0001709419132130621,0.00017100216337148966,0.00017106241649240202,0.0001711226725726332,0.00017118293160949007,0.00017124319360031703,0.0001713034585421237,0.00017136372643199974,0.00017142399726718677,0.00017148427104493044,0.00017154454776243237,0.000171604827416816,0.00017166511000528008,0.000171725395524986,0.00017178568397313885,0.0001718459753469228,0.00017190626964352863,0.00017196656686014865,0.0001720268669939764,0.00017208717004220668,0.00017214747600203558,0.00017220778487066072,0.00017226809664528105,0.0001723284113230972,0.0001723887289012809,0.00017244904937702116,0.00017250937274771474,0.00017256969901041457,0.00017263002816232095,0.00017269036020102979,0.00017275069512298258,0.00017281103292555243,0.00017287137360627526,0.0001729317171608623,0.0001729920635848685,0.00017305241288138336,0.00017311276504666182,0.00017317312007610917,0.00017323347796682984,0.0001732938387160107,0.00017335420232105137,0.00017341456877917333,0.00017347493808760026,0.00017353531024287406,0.0001735956852428784,0.0001736560630848502,0.0001737164437669234,0.0001737768272854437,0.00017383721363764833,0.00017389760282077567,0.00017395799483206566,0.00017401838966875973,0.00017407878732810073,0.00017413918780733305,0.0001741995911037024,0.000174259997214456,0.0001743204061368426,0.00017438081786811237,0.00017444123240551666,0.0001745016497463086,0.00017456206988774277,0.0001746224928270751,0.0001746829185615628,0.00017474334708846492,0.00017480377840504153,0.0001748642125085544,0.00017492464939626674,0.00017498508906544307,0.0001750455315133496,0.00017510597673725374,0.00017516642473442443,0.00017522687550213203,0.0001752873290376484,0.00017534778533824673,0.00017540824440120186,0.00017546870622378986,0.00017552917080323544,0.00017558963813687234,0.00017565010822201616,0.00017571058105588666,0.00017577105663580024,0.00017583153495903374,0.00017589201602287322,0.00017595249982306764,0.00017601298635829278,0.00017607347562580302,0.0001761339676228638,0.00017619446234672188,0.00017625495979459993,0.00017631545996371558,0.00017637596285121655,0.0001764364684541735,0.0001764969767695063,0.00017655748779858786,0.00017661800153536523,0.0001766785179780745,0.00017673903712297129,0.00017679955896847174,0.0001768600835081829,0.00017692061074397206,0.00017698114067260932,0.0001770416732911484,0.000177102208596753,0.00017716274658664686,0.00017722328725807026,0.00017728383060828804,0.0001773443766346033,0.00017740492533430144,0.00017746547670468324,0.00017752603074305427,0.00017758658744672972,0.00017764714681301922,0.00017770770883924632,0.000177768273522732,0.00017782884086080415,0.0001778894108507853,0.0001779499834900092,0.0001780105587758055,0.000178071136705508,0.00017813171727645242,0.00017819230048597449,0.00017825288633141522,0.0001783134748101137,0.00017837406591941242,0.00017843465965665546,0.00017849525601918955,0.00017855585500436047,0.00017861645660951784,0.00017867706083201098,0.0001787376676691928,0.00017879827711841627,0.0001788588891770357,0.00017891950384187432,0.00017898012111080611,0.0001790407409811901,0.0001791013634503858,0.00017916198851575458,0.0001792226161746582,0.00017928324642445983,0.0001793438792532648,0.00017940451466433337,0.00017946515266413949,0.00017952579324415261,0.000179586436408899,0.00017964708214871828,0.0001797077304609604,0.0001797683813429507,0.00017982903479395288,0.00017988969080952227,0.00017995034938636878,0.00018001101052271217,0.00018007167421592096,0.00018013234046337264,0.0001801930092624466,0.0001802536806105287,0.00018031435450470754,0.0001803750309425357,0.00018043570992115016,0.0001804963914322039,0.00018055707548615205,0.00018061776207318352,0.0001806784511909147,0.00018073914283674375,0.00018079983700806926,0.000180860533702291,0.00018092123291680852,0.00018098193464902127,0.00018104263889632622,0.00018110334565611585,0.00018116405493211573,0.00018122476670962177,0.0001812854809908827,0.00018134619777489011,0.00018140691705823364,0.00018146763883937798,0.000181528363114408,0.0001815890898802935,0.00018164981913632527,0.00018171055087787882,0.00018177128510483997,0.00018183202181334423,0.00018189276100044084,0.00018195350266399772,0.0001820142468015662,0.00018207499341036252,0.00018213574248826867,0.00018219649403166698,0.00018225724803872686,0.00018231800450771692,0.00018237876343422352,0.00018243952481754557,0.0001825002886531539,0.00018256105493951415,0.0001826218236740575,0.0001826825948542215,0.0001827433684774468,0.0001828041445411762,0.00018286492304561388,0.00018292570398283152,0.00018298648735181388,0.00018304727315170485,0.00018310806137965244,0.00018316885203271532,0.00018322964510833852,0.00018329044060396156,0.00018335123851784954,0.00018341203884781294,0.00018347284158877592,0.00018353364674011973,0.00018359445429843297,0.00018365526426117513,0.00018371607662726362,0.00018377689139308288,0.00018383770856454125,0.0001838985281306621,0.0001839593500889126,0.00018402017443677307,0.00018408100116319826,0.0001841418302755412,0.0001842026617699944,0.0001842634956440369,0.00018432433189514972,0.00018438517052081553,0.00018444601151851715,0.00018450685488573962,0.0001845677006199687,0.00018462854871869195,0.00018468939917939888,0.000184750251999579,0.00018481110717672366,0.00018487196470832478,0.0001849328245918771,0.0001849936868248761,0.0001850545514048182,0.00018511541832920162,0.00018517628759552482,0.00018523715920128918,0.0001852980331439963,0.00018535890942114966,0.00018541978803025355,0.000185480668968814,0.0001855415522343386,0.00018560243782433588,0.00018566332573631553,0.00018572421596694676,0.0001857851085145924,0.0001858460033767665,0.000185906900550984,0.0001859678000347612,0.00018602870182561656,0.0001860896059210681,0.0001861505123186365,0.0001862114210158432,0.0001862723320102113,0.00018633324529926512,0.00018639416088053032,0.00018645507875153408,0.00018651599890980448,0.00018657692135287129,0.00018663784607826574,0.00018669877308351987,0.00018675970236616744,0.00018682063392374366,0.00018688156775378446,0.00018694250385382777,0.00018700344222141247,0.0001870643828540789,0.00018712532574936879,0.00018718627090482496,0.00018724721831799175,0.00018730816798641473,0.00018736911990764087,0.00018743007407921847,0.00018749103049906004,0.00018755198916435323,0.00018761295007265022,0.00018767391322150457,0.0001877348786084712,0.00018779584623110628,0.00018785681608696715,0.0001879177881736127,0.00018797876248860315,0.00018803973902949985,0.00018810071779386562,0.00018816169877926457,0.00018822268198326206,0.00018828366740342465,0.00018834465503732054,0.00018840564488251902,0.00018846663693659074,0.00018852763119710778,0.00018858862766164326,0.0001886496263277717,0.0001887106271930694,0.0001887716302551133,0.00018883263551148163,0.00018889364295975476,0.00018895465259751367,0.0001890156644223408,0.0001890766784318199,0.0001891376946235362,0.00018919871299507584,0.00018925973354402663,0.00018932075626797767,0.00018938178116451902,0.00018944280823124252,0.00018950383746574098,0.00018956486886560867,0.00018962590242756382,0.0001896869381506512,0.00018974797603146765,0.00018980901607437725,0.00018987005827186652,0.00018993110261324785,0.0001899921491029062,0.00019005319774221776,0.0001901142485220204,0.00019017530144371615,0.00019023635650397495,0.00019029741370080747,0.0001903584730318554,0.00019041953449450299,0.00019048059808659664,0.00019054166380574937,0.00019060273165370177,0.0001906638016239747,0.00019072487371000997,0.00019078594791357165,0.00019084702423231885,0.0001909081026647013,0.00019096918320725333,0.0001910302658577878,0.00019109135061282496,0.00019115243747116621,0.00019121352643043353,0.00019127461748829518,0.00019133571064236448,0.00019139680589020682,0.00019145790322967028,0.0001915190026555265,0.0001915801041675461,0.00019164120776298145,0.00019170231344440468,0.00019176342120581395,0.00019182453104458794,0.00019188564295821134,0.00019194675694439277,0.00019200787300130702,0.00019206899112347942,0.00019213011131197444,0.0001921912335651052,0.00019225235787925752,0.00019231348425239827,0.00019237461268134106,0.00019243574316330986,0.00019249687569668772,0.0001925580102795125,0.00019261914690898397,0.00019268028558243742,0.00019274142630017023,0.00019280256905555374,0.0001928637138482144,0.000192924860681111,0.0001929860095407785,0.0001930471604317633,0.0001931083133524635,0.0001931694682982275,0.00019323062526539045,0.0001932917842547562,0.00019335294526285566,0.00019341410828435272,0.00019347527331986078,0.00019353644036703958,0.00019359760942355749,0.00019365878048707247,0.00019371995355523788,0.00019378112862569543,0.00019384230569728433,0.00019390348476667994,0.00019396466583156415,0.00019402584888962213,0.00019408703393853952,0.0001941482209760005,0.00019420940999969002,0.00019427060100729547,0.00019433179399994387,0.00019439298897180686,0.0001944541859207503,0.00019451538484446706,0.00019457658574034765,0.0001946377886074187,0.00019469899344235812,0.0001947602002423208,0.00019482140900503177,0.00019488261972989144,0.00019494383241372315,0.0001950050470525896,0.00019506626364556754,0.00019512748219027262,0.00019518870268429864,0.00019524992512532274,0.00019531114951146605,0.00019537237584079203,0.0001954336041104833,0.0001954948343180907,0.00019555606646158447,0.00019561730053904768,0.00019567853654730682,0.00019573977448456877,0.00019580101434870094,0.00019586225613748412,0.00019592349985173149,0.00019598474548237788,0.00019604599303071123,0.00019610724249435828,0.00019616849387108965,0.0001962297471586371,0.0001962910023566792,0.00019635225946035176,0.000196413518468093,0.00019647477937630598,0.00019653604218404367,0.00019659730688907084,0.0001966585734901147,0.00019671984198288496,0.00019678111236608742,0.00019684238463126707,0.0001969036587885054,0.00019696493482946,0.00019702621275188,0.00019708749255351645,0.00019714877423212106,0.00019721005778544818,0.0001972713432112537,0.00019733263050729903,0.00019739391967194157,0.0001974552107017479,0.00019751650359501303,0.00019757779834954383,0.0001976390949631583,0.00019770039343543786,0.00019776169376020433,0.0001978229959399441,0.00019788429996725278,0.000197945605845624,0.00019800691356662727,0.00019806822313072326,0.00019812953453315845,0.00019819084777716512,0.00019825216285783832,0.00019831347977206088,0.00019837479851806362,0.00019843611909690266,0.00019849744150229957,0.0001985587657328361,0.00019862009179143182,0.0001986814196668713,0.00019874274935362553,0.0001988040808647035,0.00019886541418978108,0.00019892674932800743,0.00019898808627545763,0.0001990494250299965,0.00019911076559004628,0.00019917210795246222,0.00019923345211815479,0.0001992947980680403,0.0001993561458170531,0.00019941749537505865,0.00019947884672789565,0.00019954019987061559,0.00019960155479792482,0.00019966291151094528,0.00019972427000762745,0.00019978563028575852,0.00019984699234314055,0.0001999083561775782,0.0001999697217868777,0.0002000310891647364,0.0002000924583173093,0.00020015382923806188,0.00020021520192425453,0.00020027657637624997,0.0002003379525882882,0.00020039933055911326,0.0002004607102896125,0.0002005220917752318,0.00020058347501261401,0.0002006448599938615,0.0002007062467307577,0.0002007676352141451,0.0002008290254418364,0.00020089041741039348,0.00020095181111791412,0.00020101320655883595,0.00020107460373725765,0.0002011360026518379,0.00020119740329899518,0.00020125880567560436,0.00020132020978081428,0.00020138161560904601,0.00020144302316009875,0.00020150443243959986,0.000201565843432744,0.00020162725613879926,0.00020168867055972854,0.00020175008669228733,0.00020181150453434655,0.0002018729240837683,0.00020193434534778677,0.00020199576831436588,0.0002020571929814618,0.00020211861934695915,0.0002021800474087695,0.00020224147716476295,0.00020230290861285232,0.00020236434175090488,0.00020242577657682192,0.0002024872130884741,0.0002025486512837444,0.00020261009116050795,0.00020267153271664147,0.00020273297595001341,0.00020279442085850005,0.00020285586743997675,0.00020291731569232585,0.00020297876561340891,0.00020304021720111146,0.00020310167045330254,0.00020316312536786593,0.0002032245819380367,0.00020328604016642938,0.00020334750005091687,0.00020340896158937334,0.000203470424779674,0.00020353188962559212,0.00020359335612846392,0.0002036548242753404,0.00020371629406444846,0.00020377776549388018,0.00020383923856167599,0.00020390071325133375,0.00020396218957539268,0.00020402366753909386,0.000204085147133564,0.00020414662835669835,0.00020420811120639746,0.00020426959568055838,0.00020433108177709321,0.00020439256949391984,0.00020445405882892718,0.0002045155497800517,0.0002045770423452192,0.0002046385365223789,0.00020470003231051038,0.00020476152969917737,0.00020482302869272983,0.0002048845292888429,0.00020494603148487714,0.00020500753528672456,0.00020506904068292117,0.0002051305476739795,0.00020519205626017253,0.00020525356643495945,0.0002053150781999801,0.00020537659155426971,0.00020543810649149052,0.00020549962300948403,0.00020556114110781634,0.00020562266079291402,0.00020568418203695472,0.0002057457048643162,0.00020580722926398105,0.0002058687552341217,0.00020593028276888492
20,2.844642748441953e-23,6.307378143997821e-23,1.0110942578587248e-22,1.4132312854314741e-22,1.829457314219643e-22,2.2548053299547955e-22,2.6860598234463637e-22,3.121138775317416e-22,3.5586940740322427e-22,3.9978528138777647e-22,4.438049786098391e-22,4.878919016529343e-22,5.320223535930456e-22,5.761809906091654e-22,6.203578775365865e-22,6.645465813298694e-22,7.087429365750678e-22,7.529442461556317e-22,7.971487636814571e-22,8.413553583603247e-22,8.855632980012888e-22,9.297721085085835e-22,9.739814829044798e-22,1.0181912224195433e-21,1.0624011983502611e-21,1.1066113273607414e-21,1.1508215554907737e-21,1.1950318478009781e-21,1.2392421816680134e-21,1.2834525424432068e-21,1.3276629206415033e-21,1.3718733101213044e-21,1.4160837069059128e-21,1.460294108420402e-21,1.5045045129975009e-21,1.5487149195576475e-21,1.592925327401824e-21,1.6371357360774123e-21,1.6813461452913422e-21,1.725556554853849e-21,1.769766964642061e-21,1.8139773745764167e-21,1.858187784605402e-21,1.9023981946956598e-21,1.9466086048255905e-21,1.9908190149812155e-21,2.0350294251534705e-21,2.079239835336496e-21,2.1234502455264954e-21,2.1676606557210095e-21,2.2118710659184475e-21,2.2560814761177783e-21,2.300291886318335e-21,2.3445022965196847e-21,2.388712706721548e-21,2.4329231169237427e-21,2.4771335271261523e-21,2.5213439373287008e-21,2.565554347531339e-21,2.609764757734036e-21,2.6539751679367698e-21,2.698185578139525e-21,2.7423959883422978e-21,2.7866063985450814e-21,2.8308168087478702e-21,2.8750272189506635e-21,2.919237629153461e-21,2.963448039356258e-21,3.0076584495590564e-21,3.0518688597618573e-21,3.0960792699646585e-21,3.1402896801674613e-21,3.1845000903702625e-21,3.2287105005730637e-21,3.2729209107758665e-21,3.3171313209786685e-21,3.3613417311814698e-21,3.405552141384271e-21,3.449762551587073e-21,3.493972961789875e-21,3.538183371992675e-21,3.582393782195476e-21,3.626604192398276e-21,3.670814602601078e-21,3.7150250128038786e-21,3.7592354230066795e-21,3.8034458332094796e-21,3.8476562434122775e-21,3.891866653615075e-21,3.9360770638178724e-21,3.98028747402067e-21,4.024497884223468e-21,4.0687082944262645e-21,4.112918704629064e-21,4.157129114831861e-21,4.201339525034659e-21,4.245549935237457e-21,4.2897603454402546e-21,4.333970755643052e-21,4.378181165845849e-21,4.422391576048647e-21,4.4666019862514445e-21,4.510812396454242e-21,4.555022806657039e-21,4.599233216859837e-21,4.6434436270626375e-21,4.687654037265433e-21,4.7318644474682295e-21,4.7760748576710266e-21,4.820285267873823e-21,4.8644956780766185e-21,4.908706088279411e-21,4.952916498482208e-21,4.997126908685003e-21,5.041337318887798e-21,5.085547729090596e-21,5.1297581392933914e-21,5.173968549496188e-21,5.218178959698983e-21,5.262389369901777e-21,5.306599780104572e-21,5.350810190307365e-21,5.3950206005101606e-21,5.439231010712952e-21,5.4834414209157435e-21,5.527651831118535e-21,5.5718622413213264e-21,5.616072651524117e-21,5.6602830617269056e-21,5.704493471929695e-21,5.748703882132485e-21,5.792914292335274e-21,5.837124702538064e-21,5.881335112740852e-21,5.92554552294364e-21,5.969755933146428e-21,6.013966343349216e-21,6.058176753552003e-21,6.1023871637547925e-21,6.1465975739575805e-21,6.190807984160369e-21,6.235018394363158e-21,6.279228804565945e-21,6.323439214768733e-21,6.36764962497152e-21,6.411860035174309e-21,6.456070445377097e-21,6.5002808555798845e-21,6.5444912657826725e-21,6.588701675985453e-21,6.632912086188241e-21,6.677122496391031e-21,6.721332906593815e-21,6.7655433167965994e-21,6.809753726999387e-21,6.85396413720217e-21,6.898174547404954e-21,6.942384957607738e-21,6.986595367810523e-21,7.030805778013305e-21,7.075016188216088e-21,7.119226598418871e-21,7.163437008621654e-21,7.207647418824435e-21,7.25185782902722e-21,7.29606823923e-21,7.340278649432784e-21,7.384489059635565e-21,7.428699469838348e-21,7.472909880041132e-21,7.517120290243915e-21,7.561330700446696e-21,7.605541110649479e-21,7.649751520852262e-21,7.693961931055045e-21,7.738172341257827e-21,7.78238275146061e-21,7.82659316166339e-21,7.870803571866173e-21,7.915013982068951e-21,7.959224392271732e-21,8.003434802474511e-21,8.04764521267729e-21,8.09185562288007e-21,8.136066033082849e-21,8.180276443285627e-21,8.224486853488404e-21,8.268697263691182e-21,8.312907673893957e-21,8.357118084096734e-21,8.40132849429951e-21,8.445538904502285e-21,8.489749314705062e-21,8.533959724907838e-21,8.578170135110612e-21,8.622380545313387e-21,8.66659095551616e-21,8.710801365718935e-21,8.755011775921706e-21,8.799222186124477e-21,8.84343259632725e-21,8.887643006530021e-21,8.931853416732793e-21,8.976063826935564e-21,9.02027423713834e-21,9.06448464734111e-21,9.108695057543883e-21,9.152905467746656e-21,9.197115877949429e-21,9.241326288152201e-21,9.285536698354975e-21,9.329747108557747e-21,9.37395751876052e-21,9.418167928963292e-21,9.462378339166062e-21,9.506588749368838e-21,9.55079915957161e-21,9.595009569774384e-21,9.639219979977155e-21,9.683430390179928e-21,9.727640800382702e-21,9.77185121058547e-21,9.816061620788244e-21,9.860272030991017e-21,9.904482441193788e-21,9.948692851396556e-21,9.992903261599325e-21,1.0037113671802096e-20,1.008132408200487e-20,1.0125534492207639e-20,1.0169744902410411e-20,1.0213955312613179e-20,1.025816572281595e-20,1.0302376133018719e-20,1.0346586543221488e-20,1.0390796953424258e-20,1.0435007363627023e-20,1.0479217773829787e-20,1.0523428184032554e-20,1.0567638594235318e-20,1.0611849004438083e-20,1.0656059414640848e-20,1.0700269824843614e-20,1.0744480235046377e-20,1.0788690645249144e-20,1.0832901055451908e-20,1.0877111465654676e-20,1.0921321875857442e-20,1.0965532286060207e-20,1.1009742696262975e-20,1.105395310646574e-20,1.1098163516668504e-20,1.1142373926871268e-20,1.1186584337074034e-20,1.1230794747276797e-20,1.127500515747956e-20,1.1319215567682322e-20,1.1363425977885087e-20,1.1407636388087847e-20,1.145184679829061e-20,1.1496057208493374e-20,1.1540267618696134e-20,1.1584478028898897e-20,1.1628688439101655e-20,1.1672898849304415e-20,1.1717109259507168e-20,1.1761319669709928e-20,1.1805530079912687e-20,1.1849740490115447e-20,1.1893950900318207e-20,1.1938161310520964e-20,1.1982371720723723e-20,1.202658213092648e-20,1.2070792541129243e-20,1.2115002951332e-20,1.2159213361534761e-20,1.220342377173752e-20,1.2247634181940281e-20,1.2291844592143043e-20,1.23360550023458e-20,1.2380265412548558e-20,1.2424475822751313e-20,1.2468686232954069e-20,1.2512896643156822e-20,1.2557107053359575e-20,1.2601317463562327e-20,1.264552787376508e-20,1.268973828396783e-20,1.2733948694170581e-20,1.277815910437333e-20,1.2822369514576076e-20,1.2866579924778826e-20,1.2910790334981574e-20,1.2955000745184322e-20,1.2999211155387072e-20,1.304342156558982e-20,1.3087631975792568e-20,1.3131842385995313e-20,1.3176052796198059e-20,1.3220263206400805e-20,1.326447361660355e-20,1.3308684026806296e-20,1.335289443700904e-20,1.3397104847211782e-20,1.3441315257414524e-20,1.3485525667617264e-20,1.3529736077820005e-20,1.3573946488022743e-20,1.361815689822548e-20,1.3662367308428215e-20,1.370657771863095e-20,1.3750788128833684e-20,1.3794998539036424e-20,1.3839208949239157e-20,1.388341935944189e-20,1.3927629769644623e-20,1.3971840179847356e-20,1.4016050590050083e-20,1.4060261000252817e-20,1.4104471410455544e-20,1.414868182065827e-20,1.4192892230860995e-20,1.4237102641063722e-20,1.4281313051266443e-20,1.432552346146917e-20,1.4369733871671898e-20,1.4413944281874625e-20,1.4458154692077346e-20,1.450236510228007e-20,1.4546575512482797e-20,1.4590785922685518e-20,1.463499633288825e-20,1.4679206743090973e-20,1.47234171532937e-20,1.4767627563496424e-20,1.481183797369915e-20,1.4856048383901875e-20,1.49002587941046e-20,1.4944469204307323e-20,1.4988679614510048e-20,1.5032890024712772e-20,1.50771004349155e-20,1.512131084511822e-20,1.5165521255320947e-20,1.5209731665523674e-20,1.5253942075726398e-20,1.5298152485929126e-20,1.5342362896131847e-20,1.538657330633457e-20,1.5430783716537295e-20,1.547499412674002e-20,1.551920453694274e-20,1.5563414947145464e-20,1.5607625357348192e-20,1.5651835767550916e-20,1.569604617775364e-20,1.5740256587956364e-20,1.5784466998159088e-20,1.5828677408361812e-20,1.5872887818564536e-20,1.591709822876726e-20,1.5961308638969985e-20,1.6005519049172706e-20,1.604972945937543e-20,1.6093939869578148e-20,1.6138150279780872e-20,1.618236068998359e-20,1.6226571100186308e-20,1.627078151038903e-20,1.6314991920591748e-20,1.6359202330794463e-20,1.6403412740997184e-20,1.6447623151199902e-20,1.649183356140262e-20,1.6536043971605335e-20,1.658025438180805e-20,1.6624464792010762e-20,1.6668675202213477e-20,1.671288561241619e-20,1.6757096022618902e-20,1.6801306432821614e-20,1.6845516843024326e-20,1.6889727253227035e-20,1.693393766342974e-20,1.6978148073632453e-20,1.7022358483835162e-20,1.7066568894037877e-20,1.7110779304240586e-20,1.7154989714443296e-20,1.719920012464601e-20,1.7243410534848717e-20,1.7287620945051423e-20,1.7331831355254132e-20,1.7376041765456832e-20,1.7420252175659538e-20,1.7464462585862235e-20,1.750867299606494e-20,1.7552883406267647e-20,1.7597093816470356e-20,1.7641304226673065e-20,1.768551463687577e-20,1.7729725047078466e-20,1.7773935457281175e-20,1.7818145867483878e-20,1.7862356277686584e-20,1.7906566687889293e-20,1.7950777098091996e-20,1.7994987508294705e-20,1.8039197918497408e-20,1.8083408328700114e-20,1.812761873890282e-20,1.8171829149105526e-20,1.821603955930823e-20,1.8260249969510933e-20,1.8304460379713636e-20,1.8348670789916342e-20,1.8392881200119045e-20,1.8437091610321754e-20,1.8481302020524463e-20,1.852551243072717e-20,1.8569722840929875e-20,1.8613933251132578e-20,1.865814366133529e-20,1.8702354071537993e-20,1.8746564481740702e-20,1.8790774891943405e-20,1.883498530214611e-20,1.8879195712348815e-20,1.8923406122551515e-20,1.8967616532754218e-20,1.9011826942956927e-20,1.905603735315963e-20,1.9100247763362336e-20,1.914445817356504e-20,1.9188668583767745e-20,1.9232878993970445e-20,1.9277089404173148e-20,1.9321299814375854e-20,1.9365510224578554e-20,1.9409720634781258e-20,1.9453931044983958e-20,1.9498141455186655e-20,1.954235186538936e-20,1.958656227559206e-20,1.9630772685794767e-20,1.967498309599746e-20,1.971919350620016e-20,1.9763403916402858e-20,1.9807614326605552e-20,1.9851824736808246e-20,1.989603514701094e-20,1.994024555721364e-20,1.9984455967416337e-20,2.0028666377619028e-20,2.0072876787821728e-20,2.011708719802442e-20,2.0161297608227116e-20,2.0205508018429807e-20,2.024971842863251e-20,2.0293928838835208e-20,2.0338139249037908e-20,2.0382349659240602e-20,2.04265600694433e-20,2.0470770479645987e-20,2.0514980889848687e-20,2.055919130005138e-20,2.0603401710254075e-20,2.0647612120456766e-20,2.0691822530659457e-20,2.0736032940862154e-20,2.0780243351064848e-20,2.0824453761267548e-20,2.0868664171470242e-20,2.091287458167293e-20,2.0957084991875627e-20,2.100129540207832e-20,2.1045505812281018e-20,2.108971622248371e-20,2.1133926632686403e-20,2.1178137042889104e-20,2.1222347453091798e-20,2.1266557863294492e-20,2.1310768273497186e-20,2.1354978683699883e-20,2.1399189093902574e-20,2.144339950410527e-20,2.148760991430796e-20,2.153182032451066e-20,2.1576030734713347e-20,2.162024114491604e-20,2.166445155511874e-20,2.1708661965321432e-20,2.175287237552413e-20,2.179708278572682e-20,2.1841293195929514e-20,2.188550360613221e-20,2.1929714016334908e-20,2.1973924426537602e-20,2.2018134836740293e-20,2.2062345246942984e-20,2.210655565714568e-20,2.215076606734837e-20,2.2194976477551067e-20,2.2239186887753758e-20,2.2283397297956455e-20,2.232760770815915e-20,2.2371818118361837e-20,2.2416028528564528e-20,2.2460238938767225e-20,2.250444934896992e-20,2.254865975917262e-20,2.259287016937531e-20,2.2637080579578004e-20,2.26812909897807e-20,2.2725501399983398e-20,2.2769711810186098e-20,2.2813922220388792e-20,2.2858132630591477e-20,2.2902343040794177e-20,2.294655345099687e-20,2.2990763861199565e-20,2.303497427140226e-20,2.307918468160496e-20,2.3123395091807653e-20,2.316760550201035e-20,2.321181591221304e-20,2.325602632241573e-20,2.3300236732618418e-20,2.3344447142821118e-20,2.3388657553023818e-20,2.343286796322651e-20,2.3477078373429197e-20,2.3521288783631897e-20,2.3565499193834597e-20,2.360970960403729e-20,2.365392001423999e-20,2.3698130424442685e-20,2.3742340834645382e-20,2.3786551244848076e-20,2.383076165505077e-20,2.387497206525347e-20,2.3919182475456164e-20,2.3963392885658855e-20,2.400760329586155e-20,2.405181370606424e-20,2.4096024116266934e-20,2.4140234526469635e-20,2.418444493667233e-20,2.4228655346875017e-20,2.4272865757077717e-20,2.4317076167280417e-20,2.4361286577483108e-20,2.4405496987685796e-20,2.4449707397888487e-20,2.4493917808091187e-20,2.4538128218293875e-20,2.4582338628496572e-20,2.4626549038699266e-20,2.467075944890196e-20,2.4714969859104654e-20,2.475918026930735e-20,2.4803390679510048e-20,2.4847601089712748e-20,2.489181149991544e-20,2.493602191011814e-20,2.4980232320320827e-20,2.5024442730523527e-20,2.506865314072622e-20,2.511286355092892e-20,2.5157073961131613e-20,2.5201284371334313e-20,2.5245494781537e-20,2.5289705191739698e-20,2.5333915601942398e-20,2.5378126012145092e-20,2.5422336422347792e-20,2.546654683255048e-20,2.5510757242753174e-20,2.555496765295587e-20,2.5599178063158565e-20,2.5643388473361265e-20,2.568759888356396e-20,2.5731809293766653e-20,2.5776019703969338e-20,2.5820230114172038e-20,2.5864440524374732e-20,2.5908650934577432e-20,2.5952861344780117e-20,2.599707175498281e-20,2.604128216518551e-20,2.6085492575388197e-20,2.6129702985590897e-20,2.617391339579359e-20,2.6218123805996285e-20,2.6262334216198976e-20,2.6306544626401676e-20,2.635075503660437e-20,2.639496544680707e-20,2.643917585700977e-20,2.6483386267212464e-20,2.6527596677415164e-20,2.6571807087617864e-20,2.6616017497820555e-20,2.666022790802325e-20,2.6704438318225943e-20,2.6748648728428643e-20,2.679285913863133e-20,2.6837069548834016e-20,2.6881279959036722e-20,2.6925490369239422e-20,2.696970077944211e-20,2.7013911189644802e-20,2.7058121599847502e-20,2.7102332010050202e-20,2.71465424202529e-20,2.719075283045559e-20,2.723496324065829e-20,2.7279173650860984e-20,2.7323384061063687e-20,2.736759447126637e-20,2.7411804881469075e-20,2.7456015291671766e-20,2.7500225701874463e-20,2.7544436112077154e-20,2.758864652227985e-20,2.763285693248254e-20,2.767706734268524e-20,2.772127775288793e-20,2.7765488163090633e-20,2.7809698573293324e-20,2.785390898349602e-20,2.789811939369871e-20,2.794232980390141e-20,2.7986540214104107e-20,2.8030750624306804e-20,2.8074961034509495e-20,2.81191714447122e-20,2.8163381854914877e-20,2.820759226511758e-20,2.8251802675320277e-20,2.8296013085522974e-20,2.834022349572567e-20,2.838443390592838e-20,2.842864431613108e-20,2.847285472633377e-20,2.851706513653646e-20,2.856127554673915e-20,2.860548595694185e-20,2.864969636714454e-20,2.8693906777347235e-20,2.873811718754994e-20,2.8782327597752623e-20,2.882653800795532e-20,2.887074841815802e-20,2.8914958828360715e-20,2.895916923856342e-20,2.90033796487661e-20,2.9047590058968806e-20,2.9091800469171497e-20,2.9136010879374194e-20,2.918022128957689e-20,2.922443169977959e-20,2.926864210998229e-20,2.931285252018498e-20,2.935706293038768e-20,2.940127334059037e-20,2.944548375079307e-20,2.9489694160995764e-20,2.953390457119846e-20,2.9578114981401146e-20,2.962232539160384e-20,2.9666535801806534e-20,2.971074621200923e-20,2.9754956622211935e-20,2.979916703241463e-20,2.984337744261732e-20,2.9887587852820014e-20,2.993179826302271e-20,2.99760086732254e-20,3.002021908342809e-20,3.0064429493630796e-20,3.010863990383348e-20,3.0152850314036184e-20,3.0197060724238875e-20,3.024127113444158e-20,3.0285481544644275e-20,3.0329691954846966e-20,3.037390236504965e-20,3.0418112775252354e-20,3.0462323185455045e-20,3.050653359565775e-20,3.0550744005860433e-20,3.059495441606313e-20,3.063916482626582e-20,3.068337523646851e-20,3.0727585646671216e-20,3.0771796056873907e-20,3.0816006467076604e-20,3.0860216877279307e-20,3.090442728748199e-20,3.0948637697684695e-20,3.0992848107887386e-20,3.103705851809008e-20,3.1081268928292774e-20,3.1125479338495465e-20,3.116968974869816e-20,3.1213900158900853e-20,3.1258110569103544e-20,3.1302320979306235e-20,3.134653138950893e-20,3.139074179971163e-20,3.1434952209914326e-20,3.147916262011702e-20,3.1523373030319714e-20,3.1567583440522405e-20,3.1611793850725096e-20,3.16560042609278e-20,3.1700214671130497e-20,3.174442508133319e-20,3.1788635491535885e-20,3.1832845901738576e-20,3.1877056311941267e-20,3.1921266722143964e-20,3.196547713234666e-20,3.200968754254935e-20,3.205389795275205e-20,3.2098108362954746e-20,3.214231877315745e-20,3.218652918336013e-20,3.223073959356282e-20,3.227495000376552e-20,3.231916041396821e-20,3.23633708241709e-20,3.240758123437359e-20,3.2451791644576286e-20,3.249600205477899e-20,3.254021246498168e-20,3.258442287518438e-20,3.262863328538707e-20,3.2672843695589766e-20,3.271705410579246e-20,3.276126451599516e-20,3.2805474926197857e-20,3.284968533640055e-20,3.2893895746603245e-20,3.2938106156805936e-20,3.298231656700863e-20,3.302652697721133e-20,3.307073738741403e-20,3.311494779761673e-20,3.315915820781942e-20,3.320336861802211e-20,3.3247579028224803e-20,3.3291789438427506e-20,3.3335999848630203e-20,3.33802102588329e-20,3.342442066903559e-20,3.346863107923829e-20,3.3512841489440985e-20,3.355705189964368e-20,3.360126230984638e-20,3.3645472720049077e-20,3.3689683130251774e-20,3.3733893540454465e-20,3.377810395065716e-20,3.382231436085986e-20,3.3866524771062556e-20,3.391073518126524e-20,3.395494559146794e-20,3.399915600167063e-20,3.404336641187333e-20,3.408757682207603e-20,3.413178723227872e-20,3.417599764248141e-20,3.4220208052684096e-20,3.42644184628868e-20,3.4308628873089496e-20,3.4352839283292193e-20,3.439704969349489e-20,3.444126010369758e-20,3.4485470513900285e-20,3.452968092410297e-20,3.4573891334305667e-20,3.4618101744508346e-20,3.466231215471104e-20,3.470652256491374e-20,3.475073297511643e-20,3.479494338531912e-20,3.483915379552182e-20,3.488336420572451e-20,3.4927574615927207e-20,3.49717850261299e-20,3.501599543633259e-20,3.5060205846535274e-20,3.510441625673797e-20,3.514862666694066e-20,3.5192837077143365e-20,3.5237047487346056e-20,3.5281257897548753e-20,3.5325468307751444e-20,3.536967871795415e-20,3.541388912815683e-20,3.5458099538359535e-20,3.5502309948562226e-20,3.5546520358764924e-20,3.559073076896761e-20,3.563494117917031e-20,3.5679151589373e-20,3.57233619995757e-20,3.576757240977839e-20,3.581178281998109e-20,3.585599323018379e-20,3.590020364038648e-20,3.5944414050589185e-20,3.5988624460791876e-20,3.603283487099456e-20,3.6077045281197264e-20,3.6121255691399955e-20,3.616546610160266e-20,3.6209676511805355e-20,3.6253886922008046e-20,3.6298097332210743e-20,3.6342307742413434e-20,3.638651815261613e-20,3.643072856281882e-20,3.6474938973021526e-20,3.651914938322422e-20,3.656335979342692e-20,3.6607570203629605e-20,3.66517806138323e-20,3.6695991024035005e-20,3.67402014342377e-20,3.67844118444404e-20,3.6828622254643084e-20,3.687283266484578e-20,3.691704307504848e-20,3.6961253485251175e-20,3.700546389545386e-20,3.7049674305656563e-20,3.7093884715859254e-20,3.713809512606195e-20,3.718230553626465e-20,3.7226515946467333e-20,3.7270726356670024e-20,3.731493676687273e-20,3.735914717707542e-20,3.740335758727812e-20,3.74475679974808e-20,3.74917784076835e-20,3.7535988817886195e-20,3.75801992280889e-20,3.762440963829159e-20,3.766862004849428e-20,3.771283045869698e-20,3.775704086889967e-20,3.7801251279102365e-20,3.7845461689305056e-20,3.7889672099507747e-20,3.793388250971045e-20,3.7978092919913135e-20,3.802230333011583e-20,3.8066513740318523e-20,3.8110724150521226e-20,3.8154934560723923e-20,3.8199144970926614e-20,3.824335538112932e-20,3.8287565791331996e-20,3.833177620153469e-20,3.837598661173739e-20,3.8420197021940075e-20,3.846440743214278e-20,3.8508617842345476e-20,3.8552828252548167e-20,3.8597038662750876e-20,3.8641249072953567e-20,3.868545948315626e-20,3.872966989335895e-20,3.877388030356164e-20,3.881809071376435e-20,3.886230112396704e-20,3.8906511534169743e-20,3.895072194437242e-20,3.8994932354575113e-20,3.9039142764777816e-20,3.908335317498051e-20,3.9127563585183204e-20,3.9171773995385895e-20,3.9215984405588586e-20,3.926019481579129e-20,3.9304405225993986e-20,3.934861563619669e-20,3.939282604639938e-20,3.943703645660206e-20,3.948124686680476e-20,3.9525457277007454e-20,3.956966768721015e-20,3.9613878097412854e-20,3.965808850761554e-20,3.970229891781823e-20,3.974650932802093e-20,3.979071973822362e-20,3.9834930148426327e-20,3.987914055862901e-20,3.9923350968831715e-20,3.9967561379034406e-20,4.00117717892371e-20,4.005598219943979e-20,4.010019260964249e-20,4.0144403019845176e-20,4.018861343004788e-20,4.0232823840250564e-20,4.027703425045326e-20,4.032124466065595e-20,4.036545507085866e-20,4.0409665481061347e-20,4.045387589126404e-20,4.0498086301466735e-20,4.0542296711669426e-20,4.058650712187212e-20,4.063071753207482e-20,4.067492794227752e-20,4.071913835248021e-20,4.0763348762682887e-20,4.080755917288559e-20,4.08517695830883e-20,4.0895979993290984e-20,4.094019040349368e-20,4.098440081369637e-20,4.1028611223899075e-20,4.107282163410176e-20,4.111703204430446e-20,4.1161242454507154e-20,4.120545286470986e-20,4.124966327491255e-20,4.1293873685115233e-20,4.133808409531793e-20,4.138229450552061e-20,4.142650491572331e-20,4.1470715325926004e-20,4.1514925736128707e-20,4.155913614633141e-20,4.1603346556534095e-20,4.164755696673679e-20,4.1691767376939495e-20,4.1735977787142174e-20,4.178018819734487e-20,4.182439860754757e-20,4.1868609017750265e-20,4.1912819427952956e-20,4.195702983815566e-20,4.2001240248358344e-20,4.204545065856104e-20,4.2089661068763744e-20,4.213387147896644e-20,4.217808188916913e-20,4.2222292299371823e-20,4.2266502709574514e-20,4.2310713119777205e-20,4.23549235299799e-20,4.2399133940182606e-20,4.2443344350385297e-20,4.248755476058798e-20,4.253176517079068e-20,4.257597558099337e-20,4.262018599119608e-20,4.266439640139877e-20,4.2708606811601467e-20,4.275281722180417e-20,4.279702763200687e-20,4.2841238042209564e-20,4.288544845241228e-20,4.2929658862614964e-20,4.297386927281765e-20,4.301807968302035e-20,4.306229009322305e-20,4.310650050342574e-20,4.315071091362844e-20,4.319492132383114e-20,4.323913173403384e-20,4.328334214423654e-20,4.3327552554439226e-20,4.337176296464192e-20,4.341597337484463e-20,4.3460183785047335e-20,4.3504394195250014e-20,4.3548604605452705e-20,4.3592815015655396e-20,4.36370254258581e-20,4.3681235836060796e-20,4.372544624626349e-20,4.3769656656466184e-20,4.381386706666889e-20,4.3858077476871584e-20,4.390228788707429e-20,4.394649829727698e-20,4.399070870747967e-20,4.403491911768237e-20,4.407912952788507e-20,4.412333993808776e-20,4.416755034829045e-20,2.285795547842612e-14,5.025160238651112e-14,8.071158677894309e-14,1.1452030402546374e-13,1.5215676614265407e-13,1.9419752850957369e-13,2.413293430583837e-13,2.943740938826735e-13,3.5432112770621214e-13,4.223688175651825e-13,4.999783914631386e-13,5.889442446851382e-13,6.91486625562281e-13,8.103750045586089e-13,9.490939851476632e-13,1.112068882779105e-12,1.3049760189266035e-12,1.5351748447446336e-12,1.812317644481301e-12,2.149221741347683e-12,2.5631354112645348e-12,3.077603068981302e-12,3.72525606905206e-12,4.552053152403785e-12,5.6238187344981e-12,7.0364541206375916e-12,8.932028840286316e-12,1.1524185909773072e-11,1.5137831273583513e-11,2.0269265317189547e-11,2.767229442797031e-11,3.8475571256022825e-11,5.437036420614582e-11,7.810917511436313e-11,1.149464738111978e-10,1.7426800574923586e-10,2.630483999652818e-10,3.6777017466404935e-10,4.5761477306368657e-10,5.107041643709485e-10,5.239984928793586e-10,5.062220976900942e-10,4.691095729648124e-10,4.225826090969136e-10,3.73395785933345e-10,3.2552078824347916e-10,2.810085981939234e-10,2.407520973439433e-10,2.050023206770203e-10,1.7367194157236634e-10,1.4650017688456971e-10,1.2314037631554556e-10,1.0320837688350745e-10,8.631150098004722e-11,7.206722039654796e-11,6.011519982408087e-11,5.0124410692332456e-11,4.1796585531448984e-11,3.486732030927371e-11,2.91059054994841e-11,2.4314357227176876e-11,2.0325589339737255e-11,1.7000622987096943e-11,1.4225034761800551e-11,1.190509707213774e-11,9.964072414334924e-12,8.338960821978232e-12,6.9778117071093895e-12,5.837580108178809e-12,4.882444959133124e-12,4.0824927301468986e-12,3.412679727502341e-12,2.8520042033351215e-12,2.3828369712857553e-12,1.9903734303873046e-12,1.662180368671665e-12,1.3878182554543654e-12,1.158524757895463e-12,9.66948648854462e-13,8.069256464096957e-13,6.732894089027122e-13,5.617121447278689e-13,4.685702361933863e-13,3.908310172131356e-13,3.259574445586236e-13,2.718278991425518e-13,2.2666877084696738e-13,1.889978343150523e-13,1.5757672404646005e-13,1.3137107446704698e-13,1.0951711014747353e-13,9.129365870140891e-14,7.609871855044579e-14,6.342984952310418e-14,5.286776956459264e-14,4.406263856028874e-14,3.672259296091473e-14,3.060416475590916e-14,2.5504277260621195e-14,2.1253559826572348e-14,1.771076535152047e-14,1.4758109579177948e-14,1.2297380653140384e-14,1.024669214705105e-14,8.537773518390994e-15,7.113709326782682e-15,5.927053110099814e-15,4.93825399691352e-15,4.114344328025588e-15,3.4278450851671955e-15,2.8558530534442037e-15,2.3792796007995e-15,1.9822159361383977e-15,1.6514038652570739e-15,1.375794536642259e-15,1.1461805688469196e-15,9.548893719240475e-16,7.955274960624154e-16,6.627675269386407e-16,5.521704546454911e-16,4.600376174486511e-16,3.83287300831193e-16,3.193518900308662e-16,2.6609215568861286e-16,2.2172582075615682e-16,1.8476803116600941e-16,1.53981748086957e-16,1.2833640936904174e-16,1.0697348275130629e-16,8.917776263822561e-17,7.435345341481561e-17,6.200424158738582e-17,5.171669190243278e-17,4.314641332836838e-17,3.600653309339409e-17,3.005809391586459e-17,2.510205370282779e-17,2.0972620439706084e-17,1.7531699552570446e-17,1.4664268153605242e-17,1.2274521514887146e-17,1.0282662924002761e-17,8.622229545555422e-18,7.237864831377579e-18,6.083462945233637e-18,5.120623097917212e-18,4.317362057334859e-18,3.647041725245282e-18,3.087475870528887e-18,2.6201861004646226e-18,2.229782146391995e-18,1.9034457005219833e-18,1.6305005070894778e-18,1.4020542988472487e-18,1.2107005771010277e-18,1.0502702355989977e-18,9.156247010238332e-19,8.024836520468675e-19,7.072815385982482e-19,6.27048088049993e-19,5.593087892381997e-19,5.020020150516675e-19,4.534100022887523e-19,4.1210137225981987e-19,3.7688326276077033e-19,3.4676146446624733e-19,3.2090722341018227e-19,2.9862959491209095e-19,2.7935242066454853e-19,2.6259515579421915e-19,2.4795690219462497e-19,2.351031117432622e-19,2.237545129292366e-19,2.1367788909153262e-19,2.0467839843554559e-19,1.9659317807932582e-19,1.892860171908966e-19,1.8264292057134352e-19,1.7656841361335986e-19,1.7098246466849e-19,1.65817921548393e-19,1.610183761609284e-19,1.565363856725042e-19,1.5233199057826754e-19,1.4837147999449396e-19,1.4462636287146724e-19,1.410725106711086e-19,1.376894428427055e-19,1.344597312274612e-19,1.313685035477244e-19,1.2840302933486093e-19,1.2555237463949637e-19,1.2280711394865481e-19,1.2015908979827157e-19,1.176012121170578e-19,1.1512729065651594e-19,1.1273189500705494e-19,1.1041023760713857e-19,1.0815807590043368e-19,1.0597163046135713e-19,1.0384751645052641e-19,1.0178268613643692e-19,9.977438073488735e-20,9.782008992489317e-20,9.59175178364543e-20,9.406455442105804e-20,9.225925131463705e-20,9.049980146275168e-20,8.878452187733801e-20,8.711183903636982e-20,8.548027646891331e-20,8.388844418305378e-20,8.233502964980601e-20,8.081879006907957e-20,7.93385457310757e-20,7.789317429076024e-20,7.648160581473782e-20,7.510281847402812e-20,7.375583479214587e-20,7.243971835104797e-20,7.115357089515471e-20,6.989652976854772e-20,6.86677656374714e-20,6.74664804566615e-20,6.629190564395195e-20,6.514330043454147e-20,6.401995038835913e-20,6.292116603782858e-20,6.18462816383005e-20,6.079465403423273e-20,5.976566160624799e-20,5.875870329854918e-20,5.777319771498275e-20,5.68085822767381e-20,5.58643124342665e-20,5.493986092882333e-20,5.403471709772105e-20,5.3148386219698284e-20,5.228038889651021e-20,5.143026046763645e-20,5.059755045526933e-20,4.978182203712716e-20,4.898265154595844e-20,4.8199627990625613e-20,4.743235260173093e-20,4.6680438397005106e-20,4.5943509766014335e-20,4.522120207223579e-20,4.451316127495915e-20,4.381904356094697e-20,4.313851500194884e-20,4.247125121419077e-20,4.181693703971002e-20,4.117526623916157e-20,4.054594119283933e-20,3.992867261846831e-20,3.9323179296791085e-20,3.872918780921648e-20,3.8146432283758276e-20,3.757465415307211e-20,3.701360191874713e-20,3.6463030926825826e-20,3.5922703149753114e-20,3.5392386977392484e-20,3.4871857015359883e-20,3.4360893891170787e-20,3.385928406569548e-20,3.3366819653759e-20,3.2883298249010665e-20,3.24085227571551e-20,3.1942301232012403e-20,3.148444672028515e-20,3.103477711030987e-20,3.0593114986230336e-20,3.015928748730091e-20,2.973312617195924e-20,2.931446688656911e-20,2.890314963863555e-20,2.8499018474216974e-20,2.8101921359746465e-20,2.7711710067240526e-20,2.732824006420691e-20,2.6951370406246966e-20,2.6580963633955534e-20,2.6216885672931288e-20,2.5859005736570353e-20,2.550719623366795e-20,2.5161332676626877e-20,2.4821293594645115e-20,2.4486960448599616e-20,2.4158217549248854e-20,2.383495197783669e-20,2.3517053508598295e-20,2.3204414535373865e-20,2.289692999862661e-20,2.2594497315762117e-20,2.2297016313824262e-20,2.2004389163617176e-20,2.1716520316396302e-20,2.143331644135164e-20,2.115468636816681e-20,2.0880541026957062e-20,2.0610793392886524e-20,2.0345358432844287e-20,2.0084153051214187e-20,1.982709603928509e-20,1.9574108026218575e-20,1.932511143030083e-20,1.9080030412549664e-20,1.8838790831452582e-20,1.8601320198858548e-20,1.8367547637471608e-20,1.813740383931096e-20,1.7910821026050144e-20,1.7687732909192887e-20,1.7468074652707484e-20,1.7251782836167935e-20,1.703879541909894e-20,1.6829051706017448e-20,1.662249231335017e-20,1.6419059135762508e-20,1.621869531513308e-20,1.6021345209293724e-20,1.582695436208567e-20,1.5635469474138266e-20,1.5446838374522775e-20,1.5261009993018454e-20,1.5077934333806948e-20,1.489756244859271e-20,1.4719846411870887e-20,1.4544739296079333e-20,1.4372195147559115e-20,1.4202168963350658e-20,1.4034616668426866e-20,1.3869495093624285e-20,1.3706761954167146e-20,1.354637582882924e-20,1.3388296139568755e-20,1.3232483131598379e-20,1.3078897854330826e-20,1.292750214248046e-20,1.2778258597880188e-20,1.2631130571674372e-20,1.2486082147109663e-20,1.234307812249387e-20,1.2202083994938696e-20,1.2063065944310664e-20,1.1925990817708354e-20,1.179082611420074e-20,1.165753997026224e-20,1.152610114512726e-20,1.139647900689761e-20,1.1268643518816342e-20,1.1142565226142022e-20,1.1018215242864607e-20,1.0895565239262048e-20,1.0774587429513535e-20,1.0655254559713747e-20,1.053753989591383e-20,1.0421417213384539e-20,1.0306860784456257e-20,1.0193845368407716e-20,1.0082346200742641e-20,9.972338982612924e-21,9.863799870957642e-21,9.756705468581393e-21,9.651032814527825e-21,9.546759374949712e-21,9.44386303361081e-21,9.342322083296295e-21,9.24211521685697e-21,9.143221518993938e-21,9.04562045780378e-21,8.949291876731995e-21,8.854215986695367e-21,8.760373358367843e-21,8.667744914706538e-21,8.576311923524824e-21,8.486055990330434e-21,8.39695905162994e-21,8.309003367574788e-21,8.222171515633582e-21,8.136446384011193e-21,8.051811165262863e-21,7.968249350062699e-21,7.885744721228135e-21,7.804281347507259e-21,7.723843578179986e-21,7.644416037131761e-21,7.565983617316895e-21,7.488531475511228e-21,7.412045026867008e-21,7.33650993976296e-21,7.261912130918011e-21,7.188237760240667e-21,7.115473226134161e-21,7.043605160737771e-21,6.972620425359816e-21,6.902506105903803e-21,6.833249508502848e-21,6.7648381552335235e-21,6.697259779820516e-21,6.6305023236219355e-21,6.564553931515647e-21,6.499402948008669e-21,6.4350379133523716e-21,6.3714475597787e-21,6.308620807827047e-21,6.246546762719813e-21,6.1852147108255704e-21,6.1246141162449856e-21,6.0647346173703974e-21,6.0055660236409676e-21,5.9470983122587334e-21,5.8893216250456e-21,5.8322262653374616e-21,5.775802694966817e-21,5.720041531270401e-21,5.664933544185483e-21,5.6104696534455824e-21,5.556640925727863e-21,5.5034385720034934e-21,5.450853944772586e-21,5.3988785355783644e-21,5.347503972319926e-21,5.296722016837793e-21,5.246524562430558e-21,5.1969036314295155e-21,5.147851372895578e-21,5.0993600602547724e-21,5.0514220890995e-21,5.004029974934562e-21,4.957176351030745e-21,4.910853966320867e-21,4.865055683271155e-21,4.819774475877578e-21,4.775003427688115e-21,4.7307357298221186e-21,4.686964679071377e-21,4.643683676002534e-21,4.600886223129093e-21,4.558565923116089e-21,4.516716477012489e-21,4.4753316824996566e-21,4.434405432233513e-21,4.3939317121401225e-21,4.353904599800136e-21,4.314318262875914e-21,4.275166957512864e-21,4.236445026814591e-21,4.198146899338392e-21,4.160267087627756e-21,4.122800186738553e-21,4.085740872831721e-21,4.0490839018265025e-21,4.012824107951542e-21,3.9769564024598525e-21,3.941475772318862e-21,3.906377278899556e-21,3.87165605675307e-21,3.83730731225727e-21,3.8033263226456465e-21,3.769708434511639e-21,3.736449062843317e-21,3.703543689813113e-21,3.670987863660997e-21,3.638777197591979e-21,3.606907368684388e-21,3.57537411683391e-21,3.544173243713864e-21,3.513300611739362e-21,3.482752143088936e-21,3.452523818665069e-21,3.4226116771699484e-21,3.393011814222864e-21,3.363720381272134e-21,3.334733584769424e-21,3.306047685297587e-21,3.277658996645092e-21,3.249563884962647e-21,3.2217587678937844e-21,3.1942401137675315e-21,3.167004440728737e-21,3.1400483160459525e-21,3.1133683551883582e-21,3.086961221121326e-21,3.0608236235536884e-21,3.034952318159465e-21,3.009344105862709e-21,2.9839958321023564e-21,2.9589043861746675e-21,2.934066700461147e-21,2.909479749786803e-21,2.8851405507727896e-21,2.861046161137294e-21,2.837193679061942e-21,2.813580242579116e-21,2.790203028898586e-21,2.767059253855956e-21,2.7441461712693533e-21,2.7214610723660944e-21,2.6990012851867637e-21,2.6767641740327014e-21,2.654747138886908e-21,2.6329476148548648e-21,2.611363071669778e-21,2.589991013098961e-21,2.5688289764968043e-21,2.547874532199284e-21,2.5271252830979517e-21,2.506578864080532e-21,2.4862329415984827e-21,2.4660852131510863e-21,2.4461334068126744e-21,2.4263752808440508e-21,2.4068086231060904e-21,2.38743125069973e-21,2.368241009526277e-21,2.349235773816825e-21,2.3304134457464564e-21,2.3117719549839687e-21,2.2933092582879607e-21,2.2750233391243536e-21,2.2569122072468164e-21,2.238973898311038e-21,2.22120647349308e-21,2.2036080191047388e-21,2.1861766462446217e-21,2.1689104904070187e-21,2.1518077111248646e-21,2.1348664916337467e-21,2.1180850385137743e-21,2.1014615813414304e-21,2.0849943723762095e-21,2.068681686209247e-21,2.052521819421778e-21,2.0365130903142794e-21,2.0206538385579433e-21,2.004942424894216e-21,1.989377230822635e-21,1.973956658307113e-21,1.9586791294977523e-21,1.9435430864015373e-21,1.92854699063506e-21,1.9136893231256797e-21,1.8989685838390173e-21,1.8843832915080156e-21,1.869931983366624e-21,1.8556132148826825e-21,1.841425559500532e-21,1.8273676084055555e-21,1.8134379702339253e-21,1.799635270852595e-21,1.785958153124047e-21,1.772405276643837e-21,1.758975317520359e-21,1.7456669681411467e-21,1.732478936946813e-21,1.7194099482029363e-21,1.7064587417783647e-21,1.6936240729335527e-21,1.6809047121043267e-21,1.6682994446759659e-21,1.655807070820299e-21,1.6434264052536136e-21,1.6311562770444886e-21,1.6189955294016785e-21,1.6069430195034266e-21,1.594997618299471e-21,1.5831582103192312e-21,1.5714236934869549e-21,1.5597929789269205e-21,1.5482649908270494e-21,1.5368386662060433e-21,1.5255129547584485e-21,1.5142868186959804e-21,1.5031592325681338e-21,1.4921291830933593e-21,1.481195668999031e-21,1.4703577008632403e-21,1.4596143009444605e-21,1.4489645030333545e-21,1.4384073522951852e-21,1.4279419051190285e-21,1.4175672289672051e-21,1.4072824022269362e-21,1.3970865140644466e-21,1.3869786642876717e-21,1.376957963194465e-21,1.367023531442489e-21,1.3571744999083447e-21,1.347410009552496e-21,1.3377292112924086e-21,1.3281312658546314e-21,1.3186153436717697e-21,1.3091806247368758e-21,1.299826298466648e-21,1.2905515636179618e-21,1.2813556281296706e-21,1.2722377090236393e-21,1.2631970322594006e-21,1.2542328326554189e-21,1.2453443537508315e-21,1.2365308476978718e-21,1.2277915751461591e-21,1.2191258051404856e-21,1.2105328150085459e-21,1.2020118902519571e-21,1.1935623244544216e-21,1.1851834191459993e-21,1.1768744837434676e-21,1.1686348354266498e-21,1.1604637990366508e-21,1.1523607069835467e-21,1.1443248991528536e-21,1.1363557228062591e-21,1.1284525324907827e-21,1.1206146899444649e-21,1.1128415640058245e-21,1.1051325305271608e-21,1.097486972278737e-21,1.0899042788671648e-21,1.0823838466590011e-21,1.0749250786748072e-21,1.0675273845194686e-21,1.0601901802984605e-21,1.0529128885349757e-21,1.045694938092933e-21,1.0385357640912963e-21,1.0314348078302842e-21,1.024391516719193e-21,1.017405344194201e-21,1.0104757496459447e-21,1.003602198345941e-21,9.96784161374209e-22,9.900211155473192e-22,9.83312543347977e-22,9.7665793285232e-22,9.700567776705207e-22,9.635085768754596e-22,9.570128349248303e-22,9.505690616069181e-22,9.441767719746216e-22,9.378354862801765e-22,9.315447299076456e-22,9.253040333135394e-22,9.19112931976256e-22,9.129709663106043e-22,9.068776816377346e-22,9.008326280998672e-22,8.948353606161679e-22,8.88885438824732e-22,8.82982427021406e-22,8.771258941074377e-22,8.713154135324457e-22,8.655505632407986e-22,8.598309256180583e-22,8.54156087435011e-22,8.485256398061589e-22,8.429391781212899e-22,8.373963020107102e-22,8.318966152771327e-22,8.26439725868286e-22,8.210252458108133e-22,8.15652791169256e-22,8.103219819990653e-22,8.050324422949879e-22,7.997837999486364e-22,7.945756867023488e-22,7.894077381008195e-22,7.8427959344858225e-22,7.791908957738477e-22,7.741412917683794e-22,7.691304317618238e-22,7.641579696666245e-22,7.592235629430483e-22,7.54326872559515e-22,7.494675629415833e-22,7.44645301945405e-22,7.398597608106072e-22,7.35110614125007e-22,7.303975397790086e-22,7.257202189358691e-22,7.210783359878209e-22,7.164715785244743e-22,7.118996372899226e-22,7.073622061540877e-22,7.028589820691289e-22,6.983896650410616e-22,6.939539580913801e-22,6.8955156722310515e-22,6.85182201387037e-22,6.808455724488576e-22,6.765413951556173e-22,6.72269387103483e-22,6.680292687043625e-22,6.63820763156066e-22,6.596435964102489e-22,6.5549749714320895e-22,6.513821967141222e-22,6.4729742915153805e-22,6.432429311156322e-22,6.39218441867917e-22,6.352237032410448e-22,6.31258459619056e-22,6.273224578932463e-22,6.23415447448471e-22,6.195371801283995e-22,6.156874102102056e-22,6.118658943772612e-22,6.080723916915059e-22,6.043066635710744e-22,6.005684737585541e-22,5.968575882984874e-22,5.931737755111429e-22,5.895168059704504e-22,5.858864524743624e-22,5.822824900234134e-22,5.787046957955236e-22,5.751528491245322e-22,5.716267314721216e-22,5.681261264094725e-22,5.646508195905244e-22,5.612005987314439e-22,5.577752535859002e-22,5.543745759282462e-22,5.509983595245785e-22,5.476464001167294e-22,5.4431849539579525e-22,5.4101444498369685e-22,5.377340504201297e-22,5.344771151267798e-22,5.312434443924382e-22,5.280328453662585e-22,5.248451270150033e-22,5.216801001228e-22,5.185375772618828e-22,5.154173727740246e-22,5.123193027546545e-22,5.092431850328819e-22,5.061888391530629e-22,5.031560863558273e-22,5.00144749561748e-22,4.971546533520953e-22,4.941856239511559e-22,4.912374892090033e-22,4.883100785861672e-22,4.854032231345296e-22,4.825167554790555e-22,4.796505098057246e-22,4.768043218417824e-22,4.739780288411135e-22,4.711714695651578e-22,4.68384484272446e-22,4.656169146970232e-22,4.628686040387335e-22,4.6013939694394765e-22,4.5742913949221225e-22,4.54737679179066e-22,4.520648649044531e-22,4.494105469572674e-22,4.467745769989153e-22,4.441568080508806e-22,4.415570944801981e-22,4.389752919876486e-22,4.364112575895289e-22,4.338648496083735e-22,4.3133592765535745e-22,4.288243526217557e-22,4.2632998666496155e-22,4.238526931854876e-22,4.213923368323352e-22,4.1894878347532073e-22,4.165219002032776e-22,4.1411155529943484e-22,4.11717618238101e-22,4.093399596721274e-22,4.0697845141812713e-22,4.0463296644522407e-22,4.0230337886331363e-22,3.9998956391528906e-22,3.976913979572042e-22,3.954087584591194e-22,3.931415239811824e-22,3.908895741658204e-22,3.88652789736156e-22,3.8643105247412724e-22,3.8422424521588063e-22,3.820322518380729e-22,3.7985495724848745e-22,3.7769224737651514e-22,3.755440091622476e-22,3.7341013054561025e-22,3.7129050045810242e-22,3.691850088111133e-22,3.670935464880678e-22,3.6501600533285997e-22,3.6295227814092326e-22,3.609022586506913e-22,3.588658415334774e-22,3.5684292238423896e-22,3.548333977113586e-22,3.52837164930295e-22,3.5085412235271114e-22,3.4888416917827585e-22,3.46927205485328e-22,3.449831322216032e-22,3.43051851199042e-22,3.4113326508265223e-22,3.392272773801456e-22,3.3733379243610906e-22,3.354527154275326e-22,3.335839523475956e-22,3.3172741000427114e-22,3.29882996008822e-22,3.280506187704465e-22,3.262301874869258e-22,3.244216121360649e-22,3.2262480347147287e-22,3.208396730114848e-22,3.1906613303453116e-22,3.1730409656947253e-22,3.155534773896904e-22,3.1381419000645696e-22,3.120861496586743e-22,3.1036927231001465e-22,3.0866347464079165e-22,3.0696867403990157e-22,3.0528478859640577e-22,3.036117370991945e-22,3.0194943902103588e-22,3.0029781452073867e-22,2.986567844312901e-22,2.9702627025594925e-22,2.9540619416031784e-22,2.9379647896676783e-22,2.9219704814834538e-22,2.906078258221804e-22,2.890287367437947e-22,2.874597063006192e-22,2.859006605062445e-22,2.8435152599461133e-22,2.828122300136002e-22,2.812827004200926e-22,2.797628656735761e-22,2.782526548307692e-22,2.76751997541259e-22,2.752608240362968e-22,2.737790651320962e-22,2.7230665221841537e-22,2.708435172546481e-22,2.6938959276518437e-22,2.6794481183125806e-22,2.6650910809025666e-22,2.6508241572753973e-22,2.6366466947188e-22,2.6225580459067366e-22,2.608557568847877e-22,2.594644626836659e-22,2.580818588404511e-22,2.56707882726963e-22,2.5534247222919944e-22,2.5398556574228163e-22,2.5263710216600802e-22,2.51297020900039e-22,2.499652618390669e-22,2.4864176536932054e-22,2.4732647236269164e-22,2.4601932417211985e-22,2.447202626296339e-22,2.434292300382744e-22,2.421461691718301e-22,2.4087102326723623e-22,2.396037360212586e-22,2.3834425158701156e-22,2.370925145691837e-22,2.358484700204543e-22,2.346120634373305e-22,2.3338324075494643e-22,2.321619483447575e-22,2.3094813300940997e-22,2.2974174198015974e-22,2.285427229108403e-22,2.273510238757289e-22,2.2616659336616157e-22,2.249893802833909e-22,2.238193339418881e-22,2.226564040574786e-22,2.215005407480546e-22,2.2035169452994694e-22,2.1920981631352626e-22,2.180748574006672e-22,2.16946769478057e-22,2.158255046185707e-22,2.1471101527478506e-22,2.1360325427590653e-22,2.1250217482486755e-22,2.114077304947095e-22,2.1031987522560673e-22,2.0923856332125277e-22,2.0816374944587763e-22,2.0709538862091649e-22,2.060334362218854e-22,2.0497784797531906e-22,2.0392857995537675e-22,2.0288558858154878e-22,2.0184883061450255e-22,2.0081826315381256e-22,1.9979384363482729e-22,1.9877552982540953e-22,1.9776327982384894e-22,1.9675705205487468e-22,1.9575680526745066e-22,1.9476249853184626e-22,1.9377409123675982e-22,1.9279154308669359e-22,1.9181481409832795e-22,1.9084386459939614e-22,1.8987865522500204e-22,1.8891914691400422e-22,1.8796530090860865e-22,1.8701707874998648e-22,1.8607444227625473e-22,1.8513735361991725e-22,1.842057752044914e-22,1.8327966974464612e-22,1.8235900023982997e-22,1.814437299747725e-22,1.8053382251546661e-22,1.7962924170714445e-22,1.787299516733165e-22,1.7783591681074424e-22,1.7694710178852075e-22,1.7606347154629313e-22,1.7518499129040109e-22,1.7431162649343175e-22,1.7344334289047468e-22,1.725801064772172e-22,1.7172188350749027e-22,1.7086864049293481e-22,1.7002034419755548e-22,1.6917696163882022e-22,1.6833846008262909e-22,1.6750480704331867e-22,1.666759702808314e-22,1.6585191779794597e-22,1.6503261784034285e-22,1.6421803889135365e-22,1.634081496722568e-22,1.626029191406043e-22,1.6180231648611257e-22,1.6100631113023654e-22,1.602148727239609e-22,1.594279711454756e-22,1.5864557649943596e-22,1.5786765911288702e-22,1.5709418953604294e-22,1.5632513853797452e-22,1.5556047710632788e-22,1.5480017644480761e-22,1.5404420797173598e-22,1.5329254331803719e-22,1.5254515432541107e-22,1.518020130451954e-22,1.5106309173584344e-22,1.5032836285997806e-22,1.495977990872183e-22,1.4887137328763972e-22,1.4814905853122658e-22,1.474308280879818e-22,1.4671665542464114e-22,1.46006514203912e-22,1.4530037828178168e-22,1.4459822170846904e-22,1.439000187229783e-22,1.432057437543235e-22,1.4251537141884373e-22,1.4182887651972803e-22,1.4114623404386578e-22,1.4046741916242797e-22,1.3979240722677438e-22,1.39121173769231e-22,1.3845369450042015e-22,1.377899453080891e-22,1.3712990225608754e-22,1.3647354158174418e-22,1.358208396958116e-22,1.3517177318032898e-22,1.3452631878732597e-22,1.33884453437459e-22,1.3324615421871363e-22,1.3261139838477657e-22,1.3198016335414294e-22,1.3135242670831908e-22,1.307281661908798e-22,1.3010735970580292e-22,1.294899853165745e-22,1.2887602124440946e-22,1.2826544586756269e-22,1.2765823771930567e-22,1.8486933630159084e-22,2.305701726005292e-22,2.7483575503530062e-22,3.18073239564743e-22,3.6019959858522577e-22,4.011196252218911e-22,4.40751074253263e-22,4.790260220302785e-22,5.158907302591349e-22,5.513052015090317e-22,5.852425242422191e-22,6.176880505092313e-22,6.486384466509755e-22,6.781006554621492e-22,7.06090805713004e-22,7.326331008559299e-22,7.577587145552124e-22,7.815047161441916e-22,8.039130442925934e-22,8.250295429940038e-22,8.449030697826474e-22,8.635846825535428e-22,8.811269081121683e-22,8.97583093247965e-22,9.130068367180865e-22,9.274514989733784e-22,9.409697855104548e-22,9.536133984837183e-22,9.65432751028308e-22,9.76476738293028e-22,9.867925592647696e-22,9.964255834034781e-22,1.0054192566186986e-21,1.0138150411551503e-21,1.0216523845406213e-21,1.0289687130608308e-21,1.0357994456939167e-21,1.0421780248587701e-21,1.0481359607349482e-21,1.053702886319211e-21,1.0589066207403583e-21,1.0637732387110683e-21,1.0683271442829846e-21,1.0725911473654179e-21,1.0765865417194162e-21,1.0803331833494406e-21,1.0838495684113362e-21,1.0871529099341213e-21,1.0902592127832131e-21,1.093183346436031e-21,1.0959391152235789e-21,1.0985393258185085e-21,1.1009958517862576e-21,1.1033196950996248e-21,1.1055210445817256e-21,1.1076093312544832e-21,1.1095932806294727e-21,1.1114809619917973e-21,1.1132798347581968e-21,1.1149967919949104e-21,1.1166382012065208e-21,1.1182099425127437e-21,1.1197174443111705e-21,1.1211657165791255e-21,1.1225593819053326e-21,1.1239027044081102e-21,1.1251996166258244e-21,1.1264537445231706e-21,1.1276684307173599e-21,1.1288467560371744e-21,1.1299915595207359e-21,1.1311054569533526e-21,1.1321908580441318e-21,1.1332499823300476e-21,1.1342848738945707e-21,1.1352974149989446e-21,1.1362893386531181e-21,1.1372622402814119e-21,1.1382175884677876e-21,1.1391567348986504e-21,1.1400809235403503e-21,1.1409912991168378e-21,1.1418889149220005e-21,1.1427747400433687e-21,1.1436496660192631e-21,1.1445145129751948e-21,1.1453700352923906e-21,1.14621692682535e-21,1.1470558257201673e-21,1.1478873188388908e-21,1.1487119458546017e-21,1.149530203019651e-21,1.1503425466281592e-21,1.1511493962151787e-21,1.1519511375000773e-21,1.1527481250952482e-21,1.1535406850024906e-21,1.1543291169131903e-21,1.1551136963097124e-21,1.155894676431643e-21,1.1566722900542304e-21,1.1574467511425317e-21,1.1582182563595846e-21,1.1589869864772715e-21,1.1597531076479e-21,1.160516772591418e-21,1.16127812167779e-21,1.1620372839325266e-21,1.1627943779529562e-21,1.163549512747958e-21,1.1643027885248198e-21,1.1650542974075218e-21,1.1658041240677968e-21,1.1665523463633938e-21,1.1672990358742944e-21,1.168044258414781e-21,1.1687880745098546e-21,1.1695305398151742e-21,1.1702717055262507e-21,1.1710116187347731e-21,1.171750322765422e-21,1.1724878574843288e-21,1.1732242595806236e-21,1.173959562825687e-21,1.1746937983151212e-21,1.1754269946850175e-21,1.1761591783122298e-21,1.1768903735097787e-21,1.1776206026685869e-21,1.1783498864523249e-21,1.179078243902301e-21,1.179805692605871e-21,1.1805322487948986e-21,1.1812579274590187e-21,1.1819827424500687e-21,1.1827067065755647e-21,1.1834298316833933e-21,1.1841521287430782e-21,1.1848736079163469e-21,1.1855942786246158e-21,1.1863141496066596e-21,1.1870332289800842e-21,1.1877515242883951e-21,1.1884690425498295e-21,1.1891857903008313e-21,1.1899017736347915e-21,1.190616998238552e-21,1.1913314694269754e-21,1.1920451921713275e-21,1.1927581711321011e-21,1.1934704106794836e-21,1.1941819149181875e-21,1.1948926877119198e-21,1.1956027327001478e-21,1.1963120533199323e-21,1.1970206528191841e-21,1.1977285342717625e-21,1.1984357005964267e-21,1.1991421545625083e-21,1.1998478988114404e-21,1.2005529358583574e-21,1.201257268102073e-21,1.2019608978458724e-21,1.202663827292162e-21,1.2033660585574145e-21,1.204067593677622e-21,1.2047684346105146e-21,1.2054685832574667e-21,1.206168041443809e-21,1.2068668109467053e-21,1.2075648934841027e-21,1.2082622907272714e-21,1.2089590042965262e-21,1.2096550357876474e-21,1.2103503867405838e-21,1.2110450586659027e-21,1.2117390530407987e-21,1.2124323713132299e-21,1.2131250149026294e-21,1.2138169852011536e-21,1.2145082835785263e-21,1.2151989113820775e-21,1.215888869938032e-21,1.2165781605529648e-21,1.2172667845160649e-21,1.2179547431001034e-21,1.218642037561797e-21,1.2193286691435244e-21,1.2200146390743876e-21,1.2206999485705436e-21,1.2213845988361452e-21,1.2220685910651804e-21,1.2227519264376401e-21,1.2234346061297808e-21,1.2241166313060283e-21,1.2247980031185082e-21,1.2254787227149268e-21,1.226158791231248e-21,1.2268382098033722e-21,1.2275169795533327e-21,1.228195101599476e-21,1.2288725770499207e-21,1.229549407012401e-21,1.2302255925848924e-21,1.2309011348604717e-21,1.2315760349272594e-21,1.2322502938671326e-21,1.2329239127588659e-21,1.2335968926747512e-21,1.2342692346824607e-21,1.2349409398454035e-21,1.2356120092226048e-21,1.2362824438684212e-21,1.2369522448340118e-21,1.2376214131657183e-21,1.2382899499056095e-21,1.238957856092374e-21,1.2396251327494305e-21,1.2402917809308664e-21,1.2409578016522544e-21,1.2416231959372387e-21,1.2422879648058825e-21,1.2429521092744499e-21,1.2436156303572792e-21,1.2442785290632485e-21,1.2449408063963441e-21,1.245602463364547e-21,1.246263500967909e-21,1.246923920201996e-21,1.2475837220575906e-21,1.2482429075290487e-21,1.2489014776051806e-21,1.2495594332682746e-21,1.2502167754997443e-21,1.2508735052780001e-21,1.25152962357938e-21,1.2521851313741999e-21,1.2528400296314324e-21,1.2534943193212775e-21,1.2541480014016699e-21,1.2548010768418592e-21,1.2554535465958598e-21,1.2561054116180777e-21,1.2567566728622487e-21,1.2574073312770768e-21,1.2580573878095389e-21,1.258706843400922e-21,1.259355698998669e-21,1.2600039555380154e-21,1.2606516139552997e-21,1.2612986751804568e-21,1.2619451401503372e-21,1.262591009790022e-21,1.2632362850241901e-21,1.2638809667755546e-21,1.264525055969986e-21,1.265168553512718e-21,1.2658114603254068e-21,1.2664537773214717e-21,1.267095505408149e-21,1.267736645492148e-21,1.2683771984777142e-21,1.2690171652689675e-21,1.2696565467643143e-21,1.2702953438607701e-21,1.2709335574527838e-21,1.2715711884324685e-21,1.272208237688827e-21,1.2728447061094378e-21,1.273480594583203e-21,1.2741159039891499e-21,1.2747506351986914e-21,1.2753847890986422e-21,1.2760183665590535e-21,1.2766513684583585e-21,1.277283795656012e-21,1.2779156490257529e-21,1.2785469294321112e-21,1.2791776377403181e-21,1.2798077748093562e-21,1.2804373414952887e-21,1.2810663386560625e-21,1.2816947671469714e-21,1.282322627814967e-21,1.2829499215109339e-21,1.2835766490815045e-21,1.2842028113682605e-21,1.2848284092185737e-21,1.2854534434717008e-21,1.2860779149603641e-21,1.2867018245164836e-21,1.28732517298353e-21,1.2879479611952675e-21,1.2885701899657064e-21,1.2891918601275623e-21,1.2898129725086448e-21,1.2904335279272714e-21,1.2910535272003296e-21,1.2916729711476962e-21,1.2922918605855763e-21,1.292910196327346e-21,1.2935279791839827e-21,1.2941452099629766e-21,1.2947618894721096e-21,1.2953780185158072e-21,1.2959935978961902e-21,1.296608628415861e-21,1.2972231108698356e-21,1.2978370460557732e-21,1.298450434768324e-21,1.2990632777985932e-21,1.2996755759366466e-21,1.3002873299709213e-21,1.3008985406867103e-21,1.3015092088675702e-21,1.3021193352922037e-21,1.302728920745681e-21,1.3033379660057446e-21,1.3039464718460818e-21,1.3045544390404402e-21,1.305161868360439e-21,1.3057687605759824e-21,1.306375116455343e-21,1.3069809367629905e-21,1.3075862222632454e-21,1.3081909737184567e-21,1.3087951918847922e-21,1.3093988775233009e-21,1.3100020313898566e-21,1.3106046542384584e-21,1.3112067468211127e-21,1.3118083098879514e-21,1.312409344187258e-21,1.3130098504679009e-21,1.3136098294718727e-21,1.3142092819419249e-21,1.3148082086183815e-21,1.3154066102416597e-21,1.3160044875483838e-21,1.3166018412710378e-21,1.317198672146011e-21,1.3177949809086834e-21,1.3183907682683005e-21,1.3189860349634354e-21,1.3195807817290557e-21,1.3201750092904545e-21,1.3207687183632052e-21,1.321361909672894e-21,1.3219545839339436e-21,1.322546741863607e-21,1.323138384176873e-21,1.323729511582247e-21,1.3243201248010943e-21,1.3249102245384803e-21,1.3254998115002405e-21,1.326088886395386e-21,1.326677449921458e-21,1.3272655027956357e-21,1.327853045702785e-21,1.328440079355812e-21,1.3290266044485536e-21,1.3296126216777194e-21,1.3301981317354166e-21,1.3307831353133463e-21,1.3313676331034327e-21,1.331951625794873e-21,1.332535114075213e-21,1.3331180986310553e-21,1.333700580145018e-21,1.3342825593004313e-21,1.3348640367781293e-21,1.3354450132573703e-21,1.3360254894155892e-21,1.3366054659280407e-21,1.3371849434706702e-21,1.3377639227159735e-21,1.3383424043304612e-21,1.3389203889916452e-21,1.3394978773626663e-21,1.3400748701103252e-21,1.3406513678989728e-21,1.3412273713917642e-21,1.341802881250586e-21,1.342377898135291e-21,1.3429524227040947e-21,1.3435264556136876e-21,1.3440999975218968e-21,1.3446730490772616e-21,1.3452456109348849e-21,1.345817683743932e-21,1.346389268154133e-21,1.3469603648131043e-21,1.347530974366763e-21,1.3481010974595578e-21,1.3486707347344017e-21,1.3492398868332069e-21,1.3498085543939144e-21,1.3503767380564114e-21,1.3509444384575753e-21,1.351511656232779e-21,1.3520783920160015e-21,1.3526446464396315e-21,1.3532104201346537e-21,1.3537757137305446e-21,1.354340527859754e-21,1.3549048631443834e-21,1.3554687202095654e-21,1.3560320996789899e-21,1.3565950021748167e-21,1.3571574283132258e-21,1.3577193787182544e-21,1.3582808540079167e-21,1.3588418547986303e-21,1.3594023817063357e-21,1.3599624353454002e-21,1.3605220163234566e-21,1.3610811252562357e-21,1.3616397627510776e-21,1.3621979294165866e-21,1.3627556258576346e-21,1.3633128526812438e-21,1.3638696104951473e-21,1.364425899895648e-21,1.3649817214863863e-21,1.3655370758676648e-21,1.3660919636362276e-21,1.366646385390423e-21,1.3672003417258252e-21,1.367753833236544e-21,1.3683068605159469e-21,1.3688594241556641e-21,1.3694115247461775e-21,1.3699631628766299e-21,1.3705143391345997e-21,1.3710650541065258e-21,1.3716153083772953e-21,1.372165102530722e-21,1.3727144371497906e-21,1.3732633128153012e-21,1.3738117301071833e-21,1.3743596896041166e-21,1.374907191884265e-21,1.3754542375227834e-21,1.3760008270943824e-21,1.3765469611725317e-21,1.3770926403295318e-21,1.3776378651350028e-21,1.3781826361576404e-21,1.378726953969857e-21,1.3792708191369209e-21,1.3798142322247478e-21,1.3803571937980107e-21,1.380899704420092e-21,1.3814417646531825e-21,1.3819833750584406e-21,1.382524536195241e-21,1.3830652486222425e-21,1.3836055128967078e-21,1.3841453295749036e-21,1.3846846992114727e-21,1.3852236223599974e-21,1.385762099573282e-21,1.3863001314019353e-21,1.3868377183963168e-21,1.3873748611053267e-21,1.3879115600765546e-21,1.388447815856563e-21,1.3889836289905986e-21,1.3895190000228288e-21,1.3900539294960644e-21,1.390588417952204e-21,1.3911224659318192e-21,1.391656073974049e-21,1.3921892426180881e-21,1.3927219724005481e-21,1.393254263857075e-21,1.3937861175227907e-21,1.3943175339319379e-21,1.3948485136159352e-21,1.3953790571055638e-21,1.395909164933607e-21,1.3964388376292387e-21,1.39696807571814e-21,1.3974968797280851e-21,1.398025250185484e-21,1.3985531876147614e-21,1.3990806925371649e-21,1.3996077654777017e-21,1.4001344069595348e-21,1.400660617500552e-21,1.4011863976200116e-21,1.4017117478367614e-21,1.4022366686666569e-21,1.4027611606269771e-21,1.40328522423191e-21,1.4038088600037551e-21,1.4043320684392608e-21,1.404854850057395e-21,1.4053772053690615e-21,1.4058991348818907e-21,1.4064206391058291e-21,1.4069417185482122e-21,1.407462373715366e-21,1.4079826051125619e-21,1.4085024132440096e-21,1.4090217986128623e-21,1.4095407617213007e-21,1.410059303070353e-21,1.4105774231601283e-21,1.4110951224892813e-21,1.4116124015549906e-21,1.4121292608553718e-21,1.4126457008862225e-21,1.413161722143357e-21,1.4136773251208943e-21,1.4141925103108439e-21,1.4147072782051986e-21,1.4152216292951282e-21,1.4157355640702916e-21,1.416249083019693e-21,1.416762186625163e-21,1.4172748753817967e-21,1.417787149775772e-21,1.4182990102886227e-21,1.4188104574070744e-21,1.4193214916115585e-21,1.4198321133855054e-21,1.4203423232074797e-21,1.420852121563645e-21,1.4213615089240974e-21,1.4218704857706347e-21,1.4223790525816522e-21,1.4228872098332491e-21,1.42339495800028e-21,1.4239022975569847e-21,1.4244092289768527e-21,1.4249157527337934e-21,1.425421869298109e-21,1.425927579134753e-21,1.4264328827202185e-21,1.42693778051646e-21,1.4274422730028631e-21,1.427946360637063e-21,1.4284500438876482e-21,1.428953323219528e-21,1.429456199090263e-21,1.4299586719793172e-21,1.4304607423331766e-21,1.4309624106318455e-21,1.4314636773011993e-21,1.4319645428291642e-21,1.4324650076658312e-21,1.4329650722691792e-21,1.433464737097341e-21,1.433964002603808e-21,1.4344628692541283e-21,1.4349613374842476e-21,1.4354594077562274e-21,1.4359570805230274e-21,1.4364543562349956e-21,1.4369512353426371e-21,1.4374477182947337e-21,1.4379438055409586e-21,1.4384394975291827e-21,1.4389347947063933e-21,1.4394296975187893e-21,1.4399242064111896e-21,1.440418321828907e-21,1.4409120442152247e-21,1.4414053740057986e-21,1.4418983116552476e-21,1.442390857598633e-21,1.4428830122769044e-21,1.4433747761275124e-21,1.443866149589859e-21,1.4443571331014567e-21,1.4448477270990812e-21,1.445337932018352e-21,1.4458277482946583e-21,1.4463171763620557e-21,1.4468062166540356e-21,1.4472948696032655e-21,1.4477831356415981e-21,1.4482710151985293e-21,1.4487585087056282e-21,1.4492456165931599e-21,1.4497323392886734e-21,1.4502186772222856e-21,1.4507046308157818e-21,1.4511902004976682e-21,1.4516753866933023e-21,1.4521601898293493e-21,1.452644610329463e-21,1.4531286486069775e-21,1.4536123050939432e-21,1.4540955802106788e-21,1.4545784743772347e-21,1.4550609880091269e-21,1.455543121528095e-21,1.4560248753514428e-21,1.4565062498971774e-21,1.4569872455824742e-21,1.4574678628220323e-21,1.4579481020316196e-21,1.4584279636274684e-21,1.4589074480146153e-21,1.4593865556144293e-21,1.4598652868370248e-21,1.4603436420909493e-21,1.4608216217903808e-21,1.4612992263421282e-21,1.4617764561560857e-21,1.4622533116410102e-21,1.46272979320093e-21,1.4632059012475166e-21,1.4636816361840346e-21,1.464156998414252e-21,1.4646319883468237e-21,1.4651066063797794e-21,1.4655808529185154e-21,1.4660547283648917e-21,1.4665282331210856e-21,1.467001367586711e-21,1.4674741321619238e-21,1.4679465272470337e-21,1.4684185532388256e-21,1.4688902105363277e-21,1.469361499536097e-21,1.4698324206301318e-21,1.4703029742225013e-21,1.4707731607038263e-21,1.4712429804680914e-21,1.4717124339096639e-21,1.4721815214225665e-21,1.4726502433943258e-21,1.4731186002184191e-21,1.4735865922860412e-21,1.4740542199866502e-21,1.4745214837094162e-21,1.474988383842901e-21,1.4754549207747165e-21,1.4759210948905533e-21,1.4763869065788232e-21,1.4768523562255393e-21,1.47731744421561e-21,1.4777821709322988e-21,1.4782465367596203e-21,1.4787105420803004e-21,1.4791741872797552e-21,1.4796374727337151e-21,1.4801003988275927e-21,1.4805629659355656e-21,1.481025174443671e-21,1.4814870247294068e-21,1.481948517170042e-21,1.4824096521432966e-21,1.482870430025994e-21,1.4833308511943781e-21,1.4837909160239308e-21,1.4842506248895316e-21,1.4847099781654298e-21,1.4851689762248743e-21,1.485627619440344e-21,1.4860859081832988e-21,1.4865438428304428e-21,1.4870014237469816e-21,1.487458651305264e-21,1.4879155258760388e-21,1.4883720478240303e-21,1.4888282175167813e-21,1.4892840353175465e-21,1.4897395015993923e-21,1.4901946167579873e-21,1.4906493811168225e-21,1.4911037950613408e-21,1.4915578589371892e-21,1.4920115731310705e-21,1.4924649380029137e-21,1.4929179539085296e-21,1.4933706212120577e-21,1.4938229402744628e-21,1.4942749114561388e-21,1.494726535116748e-21,1.4951778116165101e-21,1.495628741312428e-21,1.4960793245645041e-21,1.496529561730411e-21,1.4969794531648593e-21,1.4974289992276614e-21,1.497878200272366e-21,1.498327056653972e-21,1.4987755687251037e-21,1.4992237368452037e-21,1.4996715613595044e-21,1.5001190426297971e-21,1.5005661810060185e-21,1.5010129768384965e-21,1.5014594304779807e-21,1.5019055422748185e-21,1.5023513125800244e-21,1.5027967417403951e-21,1.5032418301059217e-21,1.5036865780239962e-21,1.5041309858427045e-21,1.5045750539070751e-21,1.5050187825650079e-21,1.5054621721625522e-21,1.505905223044587e-21,1.5063479355554499e-21,1.5067903100425703e-21,1.5072323468408205e-21,1.507674046298229e-21,1.508115408752774e-21,1.5085564345427132e-21,1.5089971240208956e-21,1.509437477528079e-21,1.5098774953978944e-21,1.5103171779690813e-21,1.5107565255856541e-21,1.5111955385792577e-21,1.5116342172903818e-21,1.5120725620591462e-21,1.5125105732180789e-21,1.512948251101025e-21,1.513385596048327e-21,1.5138226084050777e-21,1.5142592884802587e-21,1.5146956366206283e-21,1.5151316531596469e-21,1.5155673384293421e-21,1.5160026927620392e-21,1.5164377164899553e-21,1.5168724099460774e-21,1.517306773456282e-21,1.517740807352143e-21,1.5181745119627628e-21,1.5186078876172876e-21,1.5190409346440008e-21,1.5194736533706853e-21,1.5199060441230542e-21,1.5203381072347269e-21,1.520769843021996e-21,1.521201251814917e-21,1.5216323339380904e-21,1.5220630897150564e-21,1.5224935194690033e-21,1.5229236235287424e-21,1.523353402214749e-21,1.5237828558460017e-21,1.5242119847509947e-21,1.5246407892449513e-21,1.5250692696508626e-21,1.5254974262885634e-21,1.5259252594782408e-21,1.5263527695405644e-21,1.5267799567926815e-21,1.5272068215548205e-21,1.5276333641427331e-21,1.5280595848732984e-21,1.5284854840645564e-21,1.528911062032346e-21,1.5293363190924674e-21,1.5297612555583208e-21,1.530185871748151e-21,1.5306101679737446e-21,1.5310341445498767e-21,1.5314578017898453e-21,1.5318811400040613e-21,1.532304159506456e-21,1.532726860608753e-21,1.5331492436221185e-21,1.533571308857299e-21,1.5339930566244903e-21,1.53441448723348e-21,1.5348356009934772e-21,1.5352563982132143e-21,1.535676879200992e-21,1.536097044264549e-21,1.536516893711176e-21,1.5369364278476994e-21,1.5373556469804045e-21,1.5377745514151326e-21,1.5381931414572402e-21,1.538611417411613e-21,1.5390293795826083e-21,1.5394470282742069e-21,1.5398643637897628e-21,1.5402813864322894e-21,1.5406980965042648e-21,1.541114494307702e-21,1.5415305801440916e-21,1.5419463543145815e-21,1.542361817119797e-21,1.542776968859831e-21,1.54319180983428e-21,1.5436063403423896e-21,1.544020560682903e-21,1.544434471154068e-21,1.5448480720536447e-21,1.5452613636790499e-21,1.5456743463270896e-21,1.5460870202942472e-21,1.5464993858764223e-21,1.546911443369183e-21,1.547323193067558e-21,1.5477346352661255e-21,1.54814577025899e-21,1.5485565983416452e-21,1.5489671198054517e-21,1.549377334934458e-21,1.5497872440366012e-21,1.5501968473968218e-21,1.5506061453064443e-21,1.5510151380564023e-21,1.5514238259366002e-21,1.5518322092378524e-21,1.5522402882512177e-21,1.5526480632651906e-21,1.553055534568407e-21,1.5534627024564446e-21,1.5538695671987114e-21,1.5542761290942706e-21,1.5546823884299122e-21,1.5550883454921823e-21,1.555494000570112e-21,1.5558993539460137e-21,1.556304405905225e-21,1.556709156733129e-21,1.5571136067130722e-21,1.5575177561295514e-21,1.5579216052660478e-21,1.558325154411845e-21,1.5587284038378575e-21,1.5591313538275453e-21,1.559534004671935e-21,1.55993635664745e-21,1.5603384100354613e-21,1.5607401651165123e-21,1.561141622170723e-21,1.561542781477921e-21,1.561943643317397e-21,1.5623442079681242e-21,1.5627444757089744e-21,1.563144446817238e-21,1.5635441215701283e-21,1.5639435002382888e-21,1.5643425831170951e-21,1.5647413704733832e-21,1.5651398625731546e-21,1.5655380597000657e-21,1.5659359621224837e-21,1.5663335701337322e-21,1.566730883995119e-21,1.5671279039873614e-21,1.567524630373589e-21,1.5679210634362329e-21,1.5683172034399055e-21,1.5687130506765942e-21,1.569108605402729e-21,1.5695038678749132e-21,1.5698988383790286e-21,1.570293517185937e-21,1.5706879045660289e-21,1.5710820007769095e-21,1.5714758060987976e-21,1.5718693208071301e-21,1.5722625451786931e-21,1.5726554794718894e-21,1.5730481239467141e-21,1.5734404788773104e-21,1.5738325445264995e-21,1.5742243211628247e-21,1.5746158090548044e-21,1.5750070084717033e-21,1.5753979196701665e-21,1.5757885429203288e-21,1.5761788784871336e-21,1.576568926634934e-21,1.576958687627917e-21,1.5773481617297141e-21,1.5777373492048198e-21,1.578126250315007e-21,1.5785148653235632e-21,1.5789031944913866e-21,1.57929123808088e-21,1.579678996353507e-21,1.580066469571634e-21,1.5804536579946131e-21,1.5808405618827725e-21,1.5812271814960203e-21,1.5816135170939149e-21,1.5819995689356059e-21,1.5823853372799923e-21,1.5827708223854144e-21,1.583156024509944e-21,1.5835409439113174e-21,1.583925580846858e-21,1.5843099355735281e-21,1.5846940083479082e-21,1.5850777994262288e-21,1.5854613090643558e-21,1.5858445375177843e-21,1.5862274850416492e-21,1.5866101518906946e-21,1.5869925383193877e-21,1.5873746445817489e-21,1.58775647093142e-21,1.5881380176188892e-21,1.5885192849015845e-21,1.5889002730302003e-21,1.5892809822566667e-21,1.5896614128333767e-21,1.5900415650124843e-21,1.5904214390515381e-21,1.5908010351887676e-21,1.5911803536781384e-21,1.591559394772868e-21,1.5919381587204208e-21,1.5923166457754436e-21,1.5926948561833975e-21,1.5930727902045701e-21,1.5934504480616115e-21,1.5938278300164948e-21,1.594204936316694e-21,1.5945817672123206e-21,1.594958322946815e-21,1.5953346037670628e-21,1.5957106099195113e-21,1.5960863416509133e-21,1.596461799199472e-21,1.5968369828263526e-21,1.5972118927566407e-21,1.5975865292581953e-21,1.5979608925608734e-21,1.5983349829113603e-21,1.5987088005513852e-21,1.5990823457265079e-21,1.5994556186786505e-21,1.5998286196505464e-21,1.600201348884273e-21,1.600573806621746e-21,1.6009459931045041e-21,1.6013179085737917e-21,1.601689553268365e-21,1.6020609274323394e-21,1.6024320313038061e-21,1.602802865124049e-21,1.6031734291362965e-21,1.6035437235747447e-21,1.6039137486784298e-21,1.6042835046861401e-21,1.6046529918363e-21,1.6050222103668367e-21,1.605391160515358e-21,1.6057598425192626e-21,1.606128256615498e-21,1.6064964030406988e-21,1.6068642820311923e-21,1.6072318938230355e-21,1.6075992386518617e-21,1.607966316752993e-21,1.608333128361544e-21,1.6086996737121823e-21,1.6090659530393148e-21,1.6094319665770168e-21,1.609797714558638e-21,1.6101631972180554e-21,1.6105284147884304e-21,1.6108933675025263e-21,1.61125805559286e-21,1.6116224792916131e-21,1.611986638830625e-21,1.6123505344415201e-21,1.6127141663555e-21,1.6130775348034654e-21,1.6134406400160785e-21,1.6138034822236416e-21,1.6141660616561775e-21,1.6145283785433507e-21,1.6148904331145498e-21,1.615252225598852e-21,1.6156137562250516e-21,1.6159750252216062e-21,1.6163360328166986e-21,1.6166967792381623e-21,1.6170572647135566e-21,1.6174174894701263e-21,1.6177774537348129e-21,1.618137157734313e-21,1.6184966016949162e-21,1.6188557858426892e-21,1.6192147104033868e-21,1.6195733756021653e-21,1.61993178166443e-21,1.6202899288150111e-21,1.6206478172788642e-21,1.6210054472798475e-21,1.621362819042023e-21,1.621719932788978e-21,1.6220767887441811e-21,1.622433387130677e-21,1.622789728170193e-21,1.6231458120862082e-21,1.6235016391008183e-21,1.6238572094359372e-21,1.6242125233131691e-21,1.6245675809536475e-21,1.6249223825732138e-21,1.6252769283974011e-21,1.625631218653072e-21,1.62598525355482e-21,1.626339033321674e-21,1.626692558172321e-21,1.6270458283281599e-21,1.6273988440091529e-21,1.627751605431477e-21,1.6281041128159082e-21,1.6284563663789349e-21,1.628808366337315e-21,1.6291601129072905e-21,1.6295116063069408e-21,1.6298628467592902e-21,1.6302138344772176e-21,1.6305645696763366e-21,1.6309150525736786e-21,1.6312652833849664e-21,1.6316152623257203e-21,1.6319649896111972e-21,1.632314465456707e-21,1.6326636900765539e-21,1.6330126636854398e-21,1.6333613864976802e-21,1.6337098587271397e-21,1.6340580805875253e-21,1.6344060522922319e-21,1.6347537740543635e-21,1.6351012460867918e-21,1.635448468602037e-21,1.635795441815023e-21,1.636142165933886e-21,1.6364886411712697e-21,1.63683486773888e-21,1.6371808458480718e-21,1.6375265757097445e-21,1.637872057534718e-21,1.6382172915333375e-21,1.6385622779157909e-21,1.63890701689196e-21,1.639251508671411e-21,1.6395957534635072e-21,1.6399397514763436e-21,1.6402835029197032e-21,1.6406270080021064e-21,1.6409702669318659e-21,1.641313279916981e-21,1.6416560471651931e-21,1.6419985688839523e-21,1.6423408452805736e-21,1.642682876562341e-21,1.6430246629355561e-21,1.6433662046066606e-21,1.6437075017818735e-21,1.6440485546670112e-21,1.6443893634678161e-21,1.6447299283896476e-21,1.6450702496376197e-21,1.6454103274166606e-21,1.6457501619313396e-21,1.6460897533860414e-21,1.6464291019848468e-21,1.6467682079315817e-21,1.6471070714298058e-21,1.6474456926813577e-21,1.6477840718926653e-21,1.6481222092660008e-21,1.6484601050025694e-21,1.6487977593043823e-21,1.6491351723716998e-21,1.6494723444109441e-21,1.6498092756214195e-21,1.650145966204675e-21,1.6504824163616285e-21,1.6508186262935688e-21,1.6511545962006293e-21,1.6514903262831026e-21,1.6518258167412948e-21,1.652161067775133e-21,1.6524960795835385e-21,1.6528308523670426e-21,1.6531653863233376e-21,1.6534996816527697e-21,1.6538337385530218e-21,1.6541675572255472e-21,1.6545011378615663e-21,1.6548344806661792e-21,1.6551675858303608e-21,1.6555004535541885e-21,1.6558330840312642e-21,1.6561654774637416e-21,1.6564976340456966e-21,1.6568295539762055e-21,1.6571612374498976e-21,1.6574926846627043e-21,1.6578238958103275e-21,1.6581548710881589e-21,1.6584856106914405e-21,1.6588161148161222e-21,1.6591463836560134e-21,1.6594764174055653e-21,1.659806216259139e-21,1.6601357804107662e-21,1.6604651100542135e-21,1.6607942053832753e-21,1.6611230665938531e-21,1.6614516938736134e-21,1.661780087417395e-21,1.6621082474179921e-21,1.6624361740668056e-21,1.6627638675545142e-21,1.6630913280743312e-21,1.6634185558203359e-21,1.6637455509870502e-21,1.6640723137597927e-21,1.664398844331115e-21,1.6647251428959567e-21,1.6650512096341393e-21,1.6653770447448332e-21,1.6657026484160934e-21,1.6660280208331167e-21,1.6663531621956758e-21,1.6666780726857943e-21,1.6670027524875406e-21,1.6673272018000625e-21,1.6676514208085045e-21,1.6679754097014898e-21,1.6682991686721906e-21,1.6686226979015566e-21,1.6689459975849027e-21,1.6692690678975652e-21,1.6695919090331785e-21,1.669914521179104e-21,1.6702369045221044e-21,1.6705590592488785e-21,1.6708809855458788e-21,1.6712026835992481e-21,1.671524153595068e-21,1.6718453957190982e-21,1.672166410156846e-21,1.672487197095723e-21,1.6728077567208514e-21,1.6731280892129055e-21,1.6734481947576356e-21,1.673768073542825e-21,1.674087725746529e-21,1.6744071515553667e-21,1.6747263511577934e-21,1.6750453247343919e-21,1.6753640724662293e-21,1.6756825945385358e-21,1.6760008911350054e-21,1.6763189624365285e-21,1.6766368086269865e-21,1.6769544298876884e-21,1.6772718264011188e-21,1.6775889983492952e-21,1.6779059459133463e-21,1.678222669275078e-21,1.6785391686157326e-21,1.6788554441163158e-21,1.679171495957581e-21,1.6794873243201459e-21,1.6798029293843401e-21,1.6801183113303414e-21,1.6804334703381043e-21,1.6807484065873196e-21,1.6810631202575134e-21,1.6813776115280131e-21,1.681691880577929e-21,1.6820059275861425e-21,1.6823197527313285e-21,1.6826333561919975e-21,1.6829467381466184e-21,1.6832598987731234e-21,1.6835728382492089e-21,1.6838855567525483e-21,1.6841980544608705e-21,1.6845103315509599e-21,1.6848223882000286e-21,1.6851342245849326e-21,1.6854458408816537e-21,1.6857572372678499e-21,1.6860684139191483e-21,1.6863793710115382e-21,1.686690108720874e-21,1.6870006272227786e-21,1.6873109266926568e-21,1.6876210073037284e-21,1.6879308692339047e-21,1.6882405126609801e-21,1.6885499377472272e-21,1.6888591446778426e-21,1.6891681336267403e-21,1.6894769047644889e-21,1.6897854582604199e-21,1.6900937942967036e-21,1.6904019130472342e-21,1.6907098146820802e-21,1.6910174993744886e-21,1.6913249672969568e-21,1.6916322186222451e-21,1.6919392535246158e-21,1.6922460721728882e-21,1.6925526747392841e-21,1.6928590613877432e-21,1.6931652323068212e-21,1.6934711876598923e-21,1.693776927615663e-21,1.6940824523503873e-21,1.6943877620230246e-21,1.694692856821342e-21,1.6949977369099128e-21,1.695302402452533e-21,1.69560685362232e-21,1.6959110905949265e-21,1.6962151135352693e-21,1.6965189226147162e-21,1.696822518003617e-21,1.697125899863529e-21,1.6974290683743032e-21,1.6977320236993234e-21,1.6980347660076025e-21,1.6983372954682764e-21,1.698639612253625e-21,1.6989417165197594e-21,1.6992436084412936e-21,1.6995452881726415e-21,1.6998467558927386e-21,1.700148011769676e-21,1.700449055970799e-21,1.7007498886603783e-21,1.701050510007496e-21,1.7013509201789518e-21,1.7016511193400636e-21,1.7019511076569615e-21,1.702250885295436e-21,1.7025504524213392e-21,1.7028498092001148e-21,1.7031489557971354e-21,1.7034478923774854e-21,1.7037466191062638e-21,1.7040451361481955e-21,1.704343443667892e-21,1.704641541829714e-21,1.7049394307980118e-21,1.7052371107368054e-21,1.705534581809975e-21,1.705831844181218e-21,1.7061288980139884e-21,1.706425743471708e-21,1.706722380717467e-21,1.7070188099142264e-21,1.7073150312248553e-21,1.7076110448118748e-21,1.707906850837608e-21,1.7082024494645005e-21,1.7084978408544803e-21,1.7087930251695754e-21,1.709088002571445e-21,1.7093827732219342e-21,1.709677337281813e-21,1.7099716949125455e-21,1.7102658462750615e-21,1.710559791530282e-21,1.710853530838945e-21,1.7111470643611746e-21,1.7114403922575045e-21,1.7117335146867864e-21,1.712026431810125e-21,1.712319143785467e-21,1.7126116507798874e-21,1.712903952946067e-21,1.713196050444199e-21,1.7134879434263357e-21,1.713779632057618e-21,1.71407111650517e-21,1.714362396918009e-21,1.7146534734584752e-21,1.7149443462850713e-21,1.7152350155519677e-21,1.715525481419941e-21,1.7158157440440272e-21,1.716105803584222e-21,1.716395660203935e-21,1.71668531404632e-21,1.716974765271081e-21,1.7172640140393524e-21,1.7175530605266693e-21,1.7178419048523283e-21,1.718130547192959e-21,1.718418987702348e-21,1.7187072265509285e-21,1.7189952638683647e-21,1.719283099819759e-21,1.719570734559471e-21,1.719858168249085e-21,1.7201454010584012e-21,1.7204324331184413e-21,1.7207192645945778e-21,1.7210058956395333e-21,1.721292326399784e-21,1.7215785570255494e-21,1.7218645876814968e-21,1.7221504185208842e-21,1.722436049697823e-21,1.7227214813545253e-21,1.723006713667302e-21,1.7232917467780157e-21,1.723576580839812e-21,1.7238612160056763e-21,1.724145652428445e-21,1.7244298902608537e-21,1.7247139296552907e-21,1.724997770764101e-21,1.7252814137395325e-21,1.7255648587335044e-21,1.725848105897937e-21,1.726131155384466e-21,1.7264140073446254e-21,1.7266966619297996e-21,1.7269791192911692e-21,1.7272613795797614e-21,1.7275434429462748e-21,1.727825309541599e-21,1.7281069795165064e-21,1.728388453021184e-21,1.728669730205905e-21,1.7289508112207222e-21,1.729231696215566e-21,1.7295123853402285e-21,1.7297928787442926e-21,1.7300731765772065e-21,1.7303532789882388e-21,1.7306331861265513e-21,1.7309128981410736e-21,1.731192415180661e-21,1.7314717373939836e-21,1.7317508649294775e-21,1.732029797936883e-21,1.7323085365631022e-21,1.7325870809561244e-21,1.7328654312639213e-21,1.7331435876342155e-21,1.733421550214503e-21,1.7336993191522654e-21,1.7339768945947738e-21,1.7342542766890753e-21,1.7345314655822305e-21,1.734808461420947e-21,1.735085264351975e-21,1.7353618745217286e-21,1.73563829207663e-21,1.7359145171628582e-21,1.7361905499264876e-21,1.7364663905134555e-21,1.7367420390695034e-21,1.7370174957402973e-21,1.737292760671314e-21,1.7375678340019023e-21,1.7378427158825726e-21,1.7381174064582634e-21,1.738391905873803e-21,1.73866621427384e-21,1.738940331802882e-21,1.739214258605302e-21,1.7394879948253552e-21,1.7397615406070202e-21,1.7400348960976796e-21,1.7403080614383506e-21,1.7405810367690584e-21,1.740853822236307e-21,1.7411264179831596e-21,1.741398824152001e-21,1.7416710408878078e-21,1.7419430683313503e-21,1.7422149066269985e-21,1.7424865559205873e-21,1.7427580163476414e-21,1.7430292880533555e-21,1.743300371179973e-21,1.7435712658695702e-21,1.7438419722639548e-21,1.744112490504894e-21,1.744382820732772e-21,1.744652963090133e-21,1.7449229177193904e-21,1.7451926847593163e-21,1.7454622643490807e-21,1.745731656632307e-21,1.746000861749566e-21,1.746269879841328e-21,1.7465387110479177e-21,1.746807355509352e-21,1.74707581336918e-21,1.7473440847639557e-21,1.747612169833583e-21,1.7478800687193834e-21,1.7481477815538184e-21,1.748415308486314e-21,1.748682649652712e-21,1.7489498051919904e-21,1.749216775243007e-21,1.7494835599445076e-21,1.7497501594351768e-21,1.7500165738535557e-21,1.7502828033379603e-21,1.7505488480266803e-21,1.750814708057796e-21,1.7510803835692693e-21,1.751345874698884e-21,1.7516111815844088e-21,1.7518763043634414e-21,1.752141243173357e-21,1.7524059981586407e-21,1.752670569448764e-21,1.7529349571808214e-21,1.7531991614916726e-21,1.7534631825180728e-21,1.753727020396677e-21,1.7539906752639478e-21,1.7542541472561937e-21,1.7545174365096305e-21,1.75478054316033e-21,1.7550434673441745e-21,1.755306209196995e-21,1.755568768854417e-21,1.755831146451978e-21,1.756093342124961e-21,1.7563553560086604e-21,1.7566171882382076e-21,1.756878838948486e-21,1.7571403082744027e-21,1.757401596349202e-21,1.7576627033090235e-21,1.757923629286389e-21,1.758184374417382e-21,1.7584449388362507e-21,1.7587053226769022e-21,1.7589655260732727e-21,1.7592255491590658e-21,1.7594853920678984e-21,1.7597450549332514e-21,1.7600045378884124e-21,1.760263841066945e-21,1.760522964601599e-21,1.7607819086252865e-21,1.761040673270926e-21,1.761299258671096e-21,1.7615576649583858e-21,1.761815892265231e-21,1.7620739407239186e-21,1.762331810465247e-21,1.7625895016226174e-21,1.7628470143279776e-21,1.7631043487130817e-21,1.7633615049101163e-21,1.763618483049976e-21,1.763875283263992e-21,1.764131905683049e-21,1.7643883504383904e-21,1.7646446176568708e-21,1.764900707478067e-21,1.765156620028995e-21,1.7654123554392693e-21,1.76566791384026e-21,1.7659232953617545e-21,1.7661785001339454e-21,1.7664335282876688e-21,1.7666883799516943e-21,1.766943055256897e-21,1.767197554331336e-21,1.767451877305199e-21,1.7677060243087007e-21,1.7679599954708147e-21,1.768213790920707e-21,1.7684674107874627e-21,1.7687208551997375e-21,1.7689741242865774e-21,1.7692272181753793e-21,1.769480136997882e-21,1.7697328808812615e-21,1.7699854499530608e-21,1.7702378443409527e-21,1.7704900641721007e-21,1.7707421095788834e-21,1.7709939806855555e-21,1.771245677620014e-21,1.7714972005075877e-21,1.771748549478191e-21,1.7719997246591374e-21,1.7722507261774503e-21,1.7725015541643978e-21,1.772752208742471e-21,1.7730026900392314e-21,1.7732529981805695e-21,1.7735031332937012e-21,1.7737530955050405e-21,1.774002884940978e-21,1.774252501727424e-21,1.7745019459910986e-21,1.774751217858705e-21,1.775000317453533e-21,1.7752492449031174e-21,1.7754980003335413e-21,1.7757465838679724e-21,1.775994995642811e-21,1.7762432357593642e-21,1.776491304361477e-21,1.7767392015696466e-21,1.77698692750611e-21,1.777234482300784e-21,1.777481866075294e-21,1.7777290789516713e-21,1.7779761210594337e-21,1.778222992523307e-21,1.7784696934642867e-21,1.7787162240038797e-21,1.7789625842707082e-21,1.779208774387782e-21,1.7794547944788593e-21,1.779700644664099e-21,1.7799463250686e-21,1.7801918358124944e-21,1.7804371770285873e-21,1.7806823488338083e-21,1.7809273513521135e-21,1.781172184703545e-21,1.781416849015561e-21,1.7816613444064957e-21,1.7819056710004825e-21,1.782149828921543e-21,1.782393818288793e-21,1.782637639227216e-21,1.782881291857293e-21,1.7831247763000583e-21,1.7833680926770848e-21,1.783611241112702e-21,1.7838542217270864e-21,1.784097034642134e-21,1.784339679978419e-21,1.784582157857455e-21,1.784824468400354e-21,1.7850666117268327e-21,1.785308587960401e-21,1.7855503972192635e-21,1.78579203962093e-21,1.786033515295577e-21,1.786274824359135e-21,1.786515966930321e-21,1.786756943130017e-21,1.7869977530781878e-21,1.787238396895023e-21,1.787478874700119e-21,1.787719186613513e-21,1.787959332758635e-21,1.788199313246814e-21,1.788439128201506e-21,1.7886787777421093e-21,1.788918261989574e-21,1.7891575810601772e-21,1.789396735072913e-21,1.78963572414618e-21,1.789874548400185e-21,1.790113207954283e-21,1.7903517029261835e-21,1.7905900334346603e-21,1.7908281995957477e-21,1.7910662015312296e-21,1.791304039357817e-21,1.791541713191357e-21,1.791779223152043e-21,1.7920165693567195e-21,1.7922537519222852e-21,1.7924907709669796e-21,1.7927276266080893e-21,1.7929643189629518e-21,1.7932008481487265e-21,1.7934372142824036e-21,1.7936734174809915e-21,1.7939094578613408e-21,1.7941453355400387e-21,1.7943810506337495e-21,1.7946166032590552e-21,1.7948519935323294e-21,1.795087221569905e-21,1.7953222874879257e-21,1.7955571914025093e-21,1.795791933429589e-21,1.796026513685038e-21,1.7962609322845937e-21,1.796495189343884e-21,1.7967292849785267e-21,1.7969632193038513e-21,1.797196992435291e-21,1.797430604487914e-21,1.7976640555769512e-21,1.7978973458173685e-21,1.79813047532402e-21,1.7983634442117546e-21,1.7985962525937507e-21,1.7988289005879907e-21,1.7990613883043715e-21,1.7992937158623723e-21,1.799525883376552e-21,1.799757890957177e-21,1.799989738717473e-21,1.8002214267733273e-21,1.8004529552385995e-21,1.800684324227011e-21,1.800915533852171e-21,1.801146584227587e-21,1.801377475466755e-21,1.8016082076821607e-21,1.8018387809879318e-21,1.8020691954971263e-21,1.802299451322689e-21,1.8025295485775974e-21,1.8027594873746057e-21,1.802989267826362e-21,1.8032188900448966e-21,1.8034483541432166e-21,1.803677660233729e-21,1.8039068084184545e-21,1.8041357988203586e-21,1.8043646315604736e-21,1.804593306741775e-21,1.804821824476703e-21,1.80505018487518e-21,1.8052783880498122e-21,1.80550643411185e-21,1.8057343231723305e-21,1.805962055345619e-21,1.8061896307388877e-21,1.8064170494648543e-21,1.8066443116346314e-21,1.806871417363399e-21,1.8070983667534897e-21,1.8073251599205434e-21,1.8075517969745306e-21,1.8077782780257142e-21,1.808004603184706e-21,1.8082307725615326e-21,1.808456786267565e-21,1.8086826444166667e-21,1.8089083471108688e-21,1.8091338944630843e-21,1.8093592865840128e-21,1.8095845235834962e-21,1.8098096055792785e-21,1.8100345326613804e-21,1.8102593049530436e-21,1.810483922561192e-21,1.8107083855950673e-21,1.8109326941631335e-21,1.811156848375021e-21,1.81138084833563e-21,1.8116046941624305e-21,1.8118283859565022e-21,1.8120519238349315e-21,1.8122753078991045e-21,1.812498538256117e-21,1.812721615013178e-21,1.8129445382902615e-21,1.8131673081879645e-21,1.813389924811671e-21,1.81361238827973e-21,1.8138346986888125e-21,1.8140568561500535e-21,1.814278860771927e-21,1.8145007126610575e-21,1.8147224119317533e-21,1.814943958679501e-21,1.8151653530173406e-21,1.8153865950490493e-21,1.8156076848885087e-21,1.8158286226391412e-21,1.816049408408865e-21,1.8162700423017248e-21,1.8164905244284776e-21,1.8167108548933397e-21,1.816931033802732e-21,1.8171510612627308e-21,1.8173709373829876e-21,1.817590662265209e-21,1.817810236018833e-21,1.8180296587478717e-21,1.8182489305593455e-21,1.818468051558912e-21,1.8186870218529265e-21,1.8189058415469778e-21,1.819124510745462e-21,1.819343029554408e-21,1.819561398079184e-21,1.8197796164252654e-21,1.8199976846989974e-21,1.820215603002962e-21,1.8204333714436495e-21,1.8206509901263422e-21,1.8208684591555194e-21,1.8210857786358136e-21,1.8213029486719307e-21,1.8215199693683972e-21,1.82173684082901e-21,1.82195356316032e-21,1.8221701364657978e-21,1.82238656084747e-21,1.8226028364121733e-21,1.8228189632617604e-21,1.8230349415007953e-21,1.8232507712341046e-21,1.8234664525646033e-21,1.8236819855965286e-21,1.82389737043265e-21,1.824112607176232e-21,1.8243276959314472e-21,1.8245426368016903e-21,1.8247574298889085e-21,1.824972075297134e-21,1.8251865731292457e-21,1.8254009234881382e-21,1.8256151264766965e-21,1.8258291821975166e-21,1.8260430907501424e-21,1.8262568522397672e-21,1.8264704667699027e-21,1.8266839344419287e-21,1.8268972553627024e-21,1.8271104296294602e-21,1.827323457333325e-21,1.82753633859896e-21,1.8277490735179278e-21,1.8279616621916885e-21,1.8281741047222073e-21,1.828386401207663e-21,1.8285985517550843e-21,1.8288105564638974e-21,1.8290224154352702e-21,1.82923412877e-21,1.829445696569413e-21,1.829657118936468e-21,1.8298683959699053e-21,1.8300795277726227e-21,1.830290514443808e-21,1.830501356083271e-21,1.8307120527942075e-21,1.830922604676574e-21,1.8311330118306176e-21,1.8313432743567213e-21,1.8315533923619388e-21,1.8317633659226425e-21,1.831973195154527e-21,1.8321828801564318e-21,1.8323924210431372e-21,1.8326018179023522e-21,1.832811070833876e-21,1.8330201799374124e-21,1.8332291453124344e-21,1.8334379670587407e-21,1.833646645275608e-21,1.8338551800625486e-21,1.8340635715188273e-21,1.8342718197436204e-21,1.8344799248360482e-21,1.8346878868951627e-21,1.8348957060198677e-21,1.8351033823092567e-21,1.8353109158616926e-21,1.835518306776065e-21,1.8357255551509938e-21,1.835932661084946e-21,1.8361396246767063e-21,1.836346446024318e-21,1.8365531252260375e-21,1.8367596623803644e-21,1.8369660575850445e-21,1.8371723109381185e-21,1.8373784225374858e-21,1.8375843924810246e-21,1.83779022086642e-21,1.8379959077913792e-21,1.8382014533535355e-21,1.8384068576503102e-21,1.8386121207791604e-21,1.8388172428374104e-21,1.8390222239223733e-21,1.8392270641310906e-21,1.839431763560771e-21,1.839636322308323e-21,1.8398407404707334e-21,1.8400450181447965e-21,1.8402491554272442e-21,1.840453152414798e-21,1.840657009204007e-21,1.8408607258913808e-21,1.8410643025733538e-21,1.8412677393377306e-21,1.8414710362889725e-21,1.841674193523114e-21,1.8418772111360853e-21,1.84208008922348e-21,1.8422828278804807e-21,1.8424854272170904e-21,1.8426878873167286e-21,1.842890208275067e-21,1.8430923901876773e-21,1.8432944331518627e-21,1.8434963372612597e-21,1.843698102609499e-21,1.843899729291356e-21,1.8441012174054923e-21,1.8443025670464454e-21,1.844503778308891e-21,1.8447048512875238e-21,1.844905786077197e-21,1.845106582772685e-21,1.8453072414687328e-21,1.84550776225994e-21,1.845708145240885e-21,1.8459083905059953e-21,1.8461084981496938e-21,1.846308468266239e-21,1.8465083009499185e-21,1.8467079962948878e-21,1.8469075543951807e-21,1.8471069753447522e-21,1.8473062592382946e-21,1.8475054061688252e-21,1.8477044162300155e-21,1.8479032895156616e-21,1.848102026119295e-21,1.8483006261342596e-21,1.8484990896542468e-21,1.84869741677261e-21,1.848895607582648e-21,1.8490936621815594e-21,1.8492915806558202e-21,1.849489363099453e-21,1.8496870096072275e-21,1.8498845202717276e-21,1.8500818951860124e-21,1.850279134442662e-21,1.8504762381343137e-21,1.8506732063536126e-21,1.850870039193017e-21,1.851066736744951e-21,1.8512632991018836e-21,1.8514597263558697e-21,1.851656018599159e-21,1.851852175923617e-21,1.8520481984202684e-21,1.8522440861837387e-21,1.852439839304477e-21,1.8526354578735663e-21,1.8528309419841312e-21,1.853026291727098e-21,1.8532215071926814e-21,1.8534165884752867e-21,1.8536115356800655e-21,1.853806348883053e-21,1.854001028175533e-21,1.8541955736487528e-21,1.8543899853936347e-21,1.854584263501359e-21,1.854778408062847e-21,1.8549724191690713e-21,1.85516629691061e-21,1.8553600413784766e-21,1.8555536526632073e-21,1.8557471308552974e-21,1.855940476045249e-21,1.8561336883235236e-21,1.856326767780588e-21,1.8565197145065766e-21,1.8567125285918086e-21,1.8569052101263404e-21,1.8570977592002127e-21,1.8572901759033536e-21,1.8574824603256893e-21,1.857674612557088e-21,1.8578666326873427e-21,1.8580585208060713e-21,1.858250277002786e-21,1.858441901367245e-21,1.8586333939886826e-21,1.8588247549565163e-21,1.85901598436017e-21,1.8592070822887197e-21,1.859398048815337e-21,1.8595888840451966e-21,1.8597795880673187e-21,1.859970160970563e-21,1.8601606028438747e-21,1.8603509137760415e-21,1.8605410938556987e-21,1.860731143171581e-21,1.8609210618122003e-21,1.86111084986608e-21,1.8613005074216306e-21,1.861490034567245e-21,1.8616794313910807e-21,1.8618686979815014e-21,1.8620578344265227e-21,1.862246840814234e-21,1.862435717232605e-21,1.8626244637696105e-21,1.862813080513028e-21,1.8630015675506706e-21,1.8631899249702062e-21,1.86337815285927e-21,1.8635662513054164e-21,1.863754220396127e-21,1.8639420602188015e-21,1.864129770860759e-21,1.8643173524093128e-21,1.8645048049516457e-21,1.8646921285748293e-21,1.864879323365942e-21,1.8650663894120126e-21,1.865253326799848e-21,1.8654401356163876e-21,1.8656268159483384e-21,1.8658133678824177e-21,1.8659997915052208e-21,1.8661860869033096e-21,1.8663722541631873e-21,1.8665582933712457e-21,1.8667442046138404e-21,1.866929987977175e-21,1.8671156435475475e-21,1.8673011714110518e-21,1.8674865716536997e-21,1.8676718443615305e-21,1.8678569896204627e-21,1.868042007516242e-21,1.868226898134787e-21,1.8684116615617654e-21,1.8685962978827516e-21,1.868780807183382e-21,1.8689651895568796e-21,1.8691494450809166e-21,1.869333573840839e-21,1.8695175759219444e-21,1.869701451409472e-21,1.8698852003882144e-21,1.8700688229436067e-21,1.8702523191606187e-21,1.8704356891242137e-21,1.8706189329192973e-21,1.8708020506306477e-21,1.8709850423429493e-21,1.871167908140986e-21,1.871350648109294e-21,1.8715332623323795e-21,1.871715750894779e-21,1.8718981138807545e-21,1.8720803513747616e-21,1.8722624634609832e-21,1.8724444502235462e-21,1.8726263117467263e-21,1.8728080481144706e-21,1.872989659410851e-21,1.873171145719674e-21,1.8733525071161817e-21,1.8735337436928927e-21,1.8737148555335193e-21,1.873895842721706e-21,1.8740767053425296e-21,1.8742574434778607e-21,1.8744380572112577e-21,1.8746185466260426e-21,1.874798911805498e-21,1.8749791528328856e-21,1.8751592697913586e-21,1.87533926276406e-21,1.8755191318340314e-21,1.8756988770841944e-21,1.875878498597514e-21,1.876057996456757e-21,1.8762373707447796e-21,1.8764166215442124e-21,1.876595748937759e-21,1.876774753007903e-21,1.8769536338372822e-21,1.87713239150818e-21,1.877311026103108e-21,1.8774895377042835e-21,1.877667926393987e-21,1.8778461922543568e-21,1.8780243353675634e-21,1.878202355815635e-21,1.8783802536804926e-21,1.87855802904411e-21,1.878735681988286e-21,1.878913212594839e-21,1.8790906209454778e-21,1.879267907121843e-21,1.879445071205515e-21,1.879622113278012e-21,1.8797990334208346e-21,1.879975831715255e-21,1.8801525082427247e-21,1.8803290630832575e-21,1.8805054963194007e-21,1.880681808032251e-21,1.8808579983027356e-21,1.881034067211967e-21,1.8812100148408388e-21,1.8813858412705112e-21,1.8815615465813557e-21,1.8817371308542592e-21,1.8819125941698433e-21,1.882087936608666e-21,1.8822631582513546e-21,1.8824382591783566e-21,1.882613239470092e-21,1.882788099206876e-21,1.882962838469078e-21,1.883137457336906e-21,1.883311955890464e-21,1.8834863342099146e-21,1.8836605923752956e-21,1.8838347304665403e-21,1.8840087485635774e-21,1.8841826467462793e-21,1.8843564250943795e-21,1.8845300836876265e-21,1.8847036226057075e-21,1.884877041928178e-21,1.8850503417345382e-21,1.885223522104308e-21,1.8853965831169037e-21,1.885569524851562e-21,1.8857423473876887e-21,1.8859150508044727e-21,1.886087635180988e-21,1.8862601005963875e-21,1.8864324471296907e-21,1.886604674859842e-21,1.8867767838657916e-21,1.8869487742263497e-21,1.8871206460203064e-21,1.887292399326325e-21,1.8874640342231255e-21,1.8876355507893094e-21,1.8878069491033176e-21,1.887978229243733e-21,1.888149391288814e-21,1.888320435317059e-21,1.8884913614066304e-21,1.8886621696358284e-21,1.888832860082783e-21,1.8890034328255998e-21,1.8891738879422544e-21,1.8893442255108257e-21,1.889514445609153e-21,1.8896845483151268e-21,1.8898545337064938e-21,1.8900244018610305e-21,1.890194152856357e-21,1.8903637867701105e-21,1.890533303679845e-21,1.89070270366301e-21,1.8908719867970754e-21,1.891041153159404e-21,1.8912102028272397e-21,1.8913791358778593e-21,1.8915479523884407e-21,1.8917166524361297e-21,1.891885236098295e-21,1.8920537034515403e-21,1.8922220545729206e-21,1.8923902895392704e-21,1.892558408427389e-21,1.8927264113140733e-21,1.892894298276015e-21,1.8930620693898006e-21,1.893229724732082e-21,1.893397264379336e-21,1.8935646884080647e-21,1.8937319968946213e-21,1.8938991899153418e-21,1.8940662675465482e-21,1.8942332298644863e-21,1.8944000769457502e-21,1.8945668088649724e-21,1.8947334256992723e-21,1.89489992752491e-21,1.8950663144174193e-21,1.8952325864527137e-21,1.89539874370658e-21,1.8955647862547803e-21,1.8957307141717654e-21,1.895896527536095e-21,1.896062226421563e-21,1.8962278109037466e-21,1.896393281058084e-21,1.896558636959952e-21,1.896723878684732e-21,1.8968890063076348e-21,1.8970540199039245e-21,1.8972189195487564e-21,1.897383705317192e-21,1.8975483772843384e-21,1.8977129355250933e-21,1.897877380114481e-21,1.8980417111272855e-21,1.8982059286383733e-21,1.8983700327224745e-21,1.898534023454258e-21,1.8986979009084325e-21,1.898861665159476e-21,1.899025316282031e-21,1.8991888543504047e-21,1.8993522794391264e-21,1.8995155916225065e-21,1.899678790974846e-21,1.899841877570335e-21,1.9000048514831777e-21,1.9001677127875216e-21,1.900330461557356e-21,1.9004930978667394e-21,1.900655621789579e-21,1.900818033399822e-21,1.9009803327712503e-21,1.901142519977623e-21,1.9013045950927135e-21,1.9014665581901593e-21,1.9016284093435285e-21,1.9017901486264102e-21,1.9019517761123176e-21,1.9021132918746194e-21,1.9022746959867178e-21,1.902435988521942e-21,1.902597169553565e-21,1.902758239154778e-21,1.9029191973987017e-21,1.9030800443585032e-21,1.90324078010714e-21,1.9034014047177155e-21,1.9035619182629836e-21,1.903722320815966e-21,1.903882612449415e-21,1.9040427932360995e-21,1.9042028632486833e-21,1.9043628225598787e-21,1.904522671242241e-21,1.9046824093682947e-21,1.9048420370105087e-21,1.905001554241332e-21,1.9051609611331594e-21,1.905320257758229e-21,1.9054794441888556e-21,1.905638520497272e-21,1.905797486755549e-21,1.905956343035797e-21,1.906115089410072e-21,1.906273725950345e-21,1.906432252728551e-21,1.9065906698165522e-21,1.906748977286152e-21,1.906907175209141e-21,1.907065263657223e-21,1.9072232427019905e-21,1.907381112415097e-21,1.9075388728680654e-21,1.9076965241324177e-21,1.9078540662795347e-21,1.9080114993807943e-21,1.9081688235075658e-21,1.9083260387311024e-21,1.908483145122584e-21,1.9086401427532167e-21,1.908797031694084e-21,1.9089538120161875e-21,1.9091104837905986e-21,1.9092670470882702e-21,1.909423501980021e-21,1.9095798485367407e-21,1.9097360868291672e-21,1.9098922169280657e-21,1.9100482389041226e-21,1.9102041528279146e-21,1.9103599587700187e-21,1.9105156568009576e-21,1.9106712469911633e-21,1.910826729411092e-21,1.910982104131064e-21,1.9111373712213498e-21,1.9112925307522767e-21,1.9114475827939374e-21,1.9116025274165692e-21,1.911757364690181e-21,1.911912094684839e-21,1.9120667174704867e-21,1.912221233117073e-21,1.9123756416944563e-21,1.9125299432725098e-21,1.9126841379209293e-21,1.9128382257094513e-21,1.9129922067077748e-21,1.9131460809799167e-21,1.913299848601003e-21,1.9134535096400663e-21,1.9136070641670363e-21,1.913760512250439e-21,1.913913853959777e-21,1.914067089364184e-21,1.914220218541642e-21,1.914373241553427e-21,1.914526158460932e-21,1.9146789693417604e-21,1.9148316742651592e-21,1.914984273299624e-21,1.9151367665138574e-21,1.91528915397655e-21,1.915441435756849e-21,1.9155936119232033e-21,1.9157456825442984e-21,1.9158976476877904e-21,1.916049507423218e-21,1.9162012618191774e-21,1.9163529109441253e-21,1.916504454866644e-21,1.9166558936549778e-21,1.9168072273775705e-21,1.9169584561027695e-21,1.9171095798988143e-21,1.917260598833867e-21,1.917411512976134e-21,1.917562322393679e-21,1.9177130271544865e-21,1.917863627326646e-21,1.9180141229780214e-21,1.918164514176606e-21,1.9183148009901313e-21,1.9184649834865703e-21,1.9186150617334584e-21,1.9187650357986388e-21,1.918914905749706e-21,1.9190646716542e-21,1.919214333579693e-21,1.9193638915936824e-21,1.919513345763686e-21,1.919662696156984e-21,1.9198119428409516e-21,1.9199610858904857e-21,1.920110125365409e-21,1.920259061332647e-21,1.9204078938598125e-21,1.9205566230133056e-21,1.9207052488603793e-21,1.9208537714679974e-21,1.921002190903188e-21,1.9211505072328e-21,1.92129872052367e-21,1.921446830842662e-21,1.9215948382564657e-21,1.9217427428317496e-21,1.9218905446351765e-21,1.92203824373335e-21,1.9221858401927954e-21,1.9223333340799857e-21,1.922480725461401e-21,1.9226280144033724e-21,1.922775200972258e-21,1.922922285234329e-21,1.9230692672556708e-21,1.923216147102705e-21,1.9233629248415013e-21,1.923509600538232e-21,1.9236561742589195e-21,1.9238026460697465e-21,1.9239490160361616e-21,1.9240952842242625e-21,1.9242414506999056e-21,1.924387515528927e-21,1.924533478777108e-21,1.924679340510056e-21,1.9248251007934957e-21,1.9249707596929776e-21,1.9251163172741145e-21,1.925261773602403e-21,1.9254071287433823e-21,1.9255523827623845e-21,1.9256975357247162e-21,1.9258425876944934e-21,1.925987538738175e-21,1.9261323889210076e-21,1.926277138308147e-21,1.9264217869646715e-21,1.9265663349557075e-21,1.9267107823462187e-21,1.9268551292011935e-21,1.9269993755855805e-21,1.9271435215642373e-21,1.927287567201961e-21,1.9274315125635997e-21,1.9275753577138048e-21,1.9277191027173056e-21,1.9278627476387024e-21,1.928006292542628e-21,1.9281497374935815e-21,1.9282930825560503e-21,1.928436327794515e-21,1.928579473273358e-21,1.928722519056894e-21,1.9288654652094778e-21,1.9290083117953777e-21,1.9291510588787055e-21,1.9292937065236545e-21,1.9294362547943807e-21,1.9295787037549266e-21,1.9297210534692852e-21,1.9298633040014653e-21,1.9300054554153447e-21,1.930147507774838e-21,1.930289461143746e-21,1.930431315585817e-21,1.930573071166708e-21,1.9307147279497833e-21,1.9308562859958195e-21,1.9309977453695795e-21,1.9311391061346355e-21,1.9312803683545624e-21,1.931421532092829e-21,1.931562597412804e-21,1.931703564377914e-21,1.931844433051459e-21,1.9319852034967076e-21,1.9321258757768108e-21,1.932266449955063e-21,1.9324069260945246e-21,1.932547304258248e-21,1.9326875845093214e-21,1.932827766910714e-21,1.932967851525359e-21,1.9331078384161736e-21,1.933247727645966e-21,1.9333875192769706e-21,1.9335272133731767e-21,1.9336668099967502e-21,1.933806309210404e-21,1.9339457110768197e-21,1.9340850156596457e-21,1.9342242230200532e-21,1.9343633332205195e-21,1.934502346323488e-21,1.9346412623913852e-21,1.9347800814865097e-21,1.9349188036711813e-21,1.935057429007639e-21,1.9351959575581208e-21,1.935334389384739e-21,1.935472724549692e-21,1.9356109631149596e-21,1.9357491051426477e-21,1.9358871506946846e-21,1.936025099833021e-21,1.9361629526195384e-21,1.9363007091160993e-21,1.9364383693845143e-21,1.9365759334837018e-21,1.9367134014781933e-21,1.9368507734296983e-21,1.936988049399823e-21,1.9371252294501935e-21,1.9372623136422274e-21,1.9373993020374962e-21,1.937536194697321e-21,1.9376729916832994e-21,1.9378096930565955e-21,1.9379462988786413e-21,1.9380828092105727e-21,1.938219224113684e-21,1.938355543649124e-21,1.938491767878069e-21,1.9386278968615295e-21,1.9387639306605466e-21,1.93889986933617e-21,1.939035712949321e-21,1.9391714615608837e-21,1.9393071152317282e-21,1.9394426740227008e-21,1.9395781379945153e-21,1.939713507207959e-21,1.9398487817236406e-21,1.9399839616022433e-21,1.9401190469044073e-21,1.9402540376906065e-21,1.940388934021374e-21,1.9405237359571904e-21,1.940658443560636e-21,1.9407930568896905e-21,1.9409275760047535e-21,1.9410620009642545e-21,1.941196331830625e-21,1.9413305686639773e-21,1.941464711524527e-21,1.941598760472294e-21,1.941732715567403e-21,1.9418665768698624e-21,1.9420003444395734e-21,1.9421340183369992e-21,1.9422675986215076e-21,1.942401085352918e-21,1.9425344785910583e-21,1.942667778395734e-21,1.9428009848266276e-21,1.942934097943431e-21,1.9430671178057936e-21,1.9432000444732763e-21,1.9433328780055066e-21,1.9434656184619325e-21,1.943598265901642e-21,1.9437308203844314e-21,1.94386328196966e-21,1.943995650716676e-21,1.944127926684741e-21,1.9442601099331314e-21,1.9443922005210176e-21,1.944524198507608e-21,1.9446561039520436e-21,1.9447879169132983e-21,1.944919637450519e-21,1.9450512656226063e-21,1.945182801488611e-21,1.9453142451073437e-21,1.9454455965377045e-21,1.9455768558385714e-21,1.9457080230686402e-21,1.9458390982866803e-21,1.9459700815514367e-21,1.946100972921485e-21,1.946231772455457e-21,1.9463624802119983e-21,1.9464930962500573e-21,1.9466236206276315e-21,1.9467540534031777e-21,1.9468843946350923e-21,1.9470146443817483e-21,1.9471448027010695e-21,1.9472748696517384e-21,1.947404845292005e-21,1.9475347296800148e-21,1.947664522874391e-21,1.947794224932675e-21,1.947923835913045e-21,1.9480533558734666e-21,1.948182784871946e-21,1.9483121229663978e-21,1.9484413702147843e-21,1.9485705266748866e-21,1.9486995924045636e-21,1.9488285674615862e-21,1.9489574519036246e-21,1.949086245788508e-21,1.9492149491737903e-21,1.949343562117046e-21,1.9494720846759704e-21,1.9496005169079877e-21,1.9497288588706013e-21,1.949857110621258e-21,1.9499852722173927e-21,1.950113343716323e-21,1.9502413251754234e-21,1.9503692166519215e-21,1.9504970182030476e-21,1.9506247298860514e-21,1.950752351758073e-21,1.950879883876211e-21,1.9510073262975426e-21,1.9511346790791808e-21,1.9512619422780247e-21,1.9513891159510733e-21,1.9515162001551626e-21,1.951643194947316e-21,1.9517701003842122e-21,1.951896916522725e-21,1.952023643419564e-21,1.952150281131505e-21,1.9522768297151317e-21,1.9524032892271274e-21,1.9525296597240855e-21,1.9526559412624994e-21,1.9527821338989534e-21,1.9529082376898764e-21,1.95303425269167e-21,1.9531601789607535e-21,1.9532860165534896e-21,1.953411765526161e-21,1.9535374259350345e-21,1.9536629978363263e-21,1.9537884812862698e-21,1.9539138763409064e-21,1.9540391830564125e-21,1.9541644014888995e-21,1.9542895316943066e-21,1.9544145737285694e-21,1.9545395276477143e-21,1.9546643935076525e-21,1.9547891713641673e-21,1.9549138612732442e-21,1.9550384632905657e-21,1.9551629774717648e-21,1.9552874038703502e-21,1.955411742544129e-21,1.955535993548246e-21,1.9556601569374502e-21,1.95578423277421e-21,1.955908221103539e-21,1.95603212198728e-21,1.9561559354802738e-21,1.9562796616377374e-21,1.9564033005150117e-21,1.9565268521670953e-21,1.9566503166493165e-21,1.9567736940168965e-21,1.9568969843250864e-21,1.957020187628765e-21,1.957143303983259e-21,1.957266333443592e-21,1.9573892760647368e-21,1.9575121319017613e-21,1.9576349010095915e-21,1.957757583443182e-21,1.957880179257335e-21,1.9580026885069778e-21,1.958125111246857e-21,1.9582474475317863e-21,1.9583696974164545e-21,1.9584918609555114e-21,1.9586139382037006e-21,1.9587359292155373e-21,1.958857834045684e-21,1.958979652748631e-21,1.9591013853788603e-21,1.9592230319908668e-21,1.9593445926390234e-21,1.9594660673778007e-21,1.959587456261426e-21,1.959708759344245e-21,1.959829976680571e-21,1.9599511083245807e-21,1.960072154330493e-21,1.9601931147524826e-21,1.9603139896445718e-21,1.9604347790609192e-21,1.9605554830555434e-21,1.9606761016824215e-21,1.960796634995545e-21,1.960917083048792e-21,1.9610374458960865e-21,1.961157723591338e-21,1.961277916188192e-21,1.961398023740552e-21,1.961518046302171e-21,1.9616379839266504e-21,1.961757836667683e-21,1.961877604578841e-21,1.96199728771383e-21,1.9621168861260786e-21,1.9622363998691887e-21,1.9623558289965374e-21,1.962475173561632e-21,1.962594433617798e-21,1.9627136092184204e-21,1.9628327004168517e-21,1.962951707266318e-21,1.9630706298209016e-21,1.9631894681330568e-21,1.9633082222583574e-21,1.9634268922467846e-21,1.9635454781517715e-21,1.9636639800264796e-21,1.9637823979240416e-21,1.9639007318974885e-21,1.964018982000595e-21,1.9641371482852575e-21,1.964255230804749e-21,1.9643732296119352e-21,1.9644911447595604e-21,1.9646089763005072e-21,1.964726724287576e-21,1.964844388773572e-21,1.9649619698115858e-21,1.96507946745215e-21,1.96519688174345e-21,1.9653142127481386e-21,1.9654314605141567e-21,1.9655486250936723e-21,1.9656657065342058e-21,1.9657827048990914e-21,1.9658996202352514e-21,1.9660164525944174e-21,1.9661332020296103e-21,1.9662498685867335e-21,1.9663664523291843e-21,1.966482953307688e-21,1.9665993715681454e-21,1.9667157071646103e-21,1.9668319601487918e-21,1.966948130575343e-21,1.9670642184901425e-21,1.967180223943996e-21,1.9672961470003384e-21,1.9674119877087904e-21,1.967527746116216e-21,1.9676434222762333e-21,1.9677590162386933e-21,1.9678745280584487e-21,1.967989957779341e-21,1.9681053054653923e-21,1.9682205711548807e-21,1.9683357549122087e-21,1.96845085678292e-21,1.9685658768194108e-21,1.9686808150729282e-21,1.9687956715965338e-21,1.968910446438749e-21,1.9690251396517374e-21,1.969139751286687e-21,1.9692542813952903e-21,1.9693687300287376e-21,1.9694830972383533e-21,1.9695973830752607e-21,1.9697115875906523e-21,1.969825710835656e-21,1.9699397528614e-21,1.9700537137185913e-21,1.9701675934586543e-21,1.9702813921379502e-21,1.9703951097967957e-21,1.97050874649111e-21,1.9706223022720183e-21,1.970735777190289e-21,1.9708491712974686e-21,1.9709624846440605e-21,1.971075717277133e-21,1.97118886925112e-21,1.9713019406170424e-21,1.9714149314253464e-21,1.9715278417262845e-21,1.9716406715721082e-21,1.9717534210088266e-21,1.971866090091913e-21,1.971978678869318e-21,1.9720911873911724e-21,1.972203615700823e-21,1.972315963859008e-21,1.972428231915485e-21,1.9725404199178266e-21,1.9726525279165278e-21,1.972764555961842e-21,1.97287650410636e-21,1.972988372395715e-21,1.973100160882746e-21,1.973211869615689e-21,1.9733234986452908e-21,1.9734350480229097e-21,1.973546517794726e-21,1.973657908015217e-21,1.9737692187316155e-21,1.9738804499914444e-21,1.9739916018516896e-21,1.974102674359068e-21,1.9742136675626956e-21,1.974324581512417e-21,1.9744354162557897e-21,1.974546171840535e-21,1.974656848326497e-21,1.9747674457566245e-21,1.9748779641805144e-21,1.974988403649263e-21,1.9750987642084578e-21,1.975209045908498e-21,1.975319248803996e-21,1.975429372944535e-21,1.9755394183708764e-21,1.9756493851391006e-21,1.9757592732956055e-21,1.9758690828909803e-21,1.975978813974091e-21,1.9760884665929277e-21,1.9761980407990973e-21,1.976307536641051e-21,1.976416954166635e-21,1.9765262934255915e-21,1.976635554467248e-21,1.9767447373398118e-21,1.9768538420928357e-21,1.976962868775331e-21,1.9770718174353117e-21,1.9771806881222386e-21,1.9772894808850446e-21,1.97739819577262e-21,1.977506832836818e-21,1.977615392118859e-21,1.977723873671655e-21,1.9778322775431224e-21,1.9779406037832396e-21,1.9780488524415618e-21,1.978157023564928e-21,1.978265117202091e-21,1.9783731334025628e-21,1.9784810722068664e-21,1.9785889336747276e-21,1.9786967178471934e-21,1.978804424775834e-21,1.9789120545083265e-21,1.9790196070947122e-21,1.9791270825796922e-21,1.979234481013188e-21,1.979341802443441e-21,1.979449046917685e-21,1.9795562144854897e-21,1.979663305194454e-21,1.979770319092677e-21,1.9798772562285746e-21,1.979984116648233e-21,1.980090900401936e-21,1.9801976075361104e-21,1.9803042380986347e-21,1.980410792138566e-21,1.9805172697023794e-21,1.9806236708539144e-21,1.980729995609344e-21,1.9808362440345982e-21,1.9809424161798495e-21,1.981048512082958e-21,1.9811545317961102e-21,1.9812604753737933e-21,1.9813663428515535e-21,1.9814721342832672e-21,1.9815778497155592e-21,1.981683489195321e-21,1.9817890527722935e-21,1.981894540496249e-21,1.981999952410356e-21,1.9821052885673617e-21,1.9822105490081312e-21,1.982315733780224e-21,1.9824208429256193e-21,1.982525876497802e-21,1.98263083454393e-21,1.9827357171105392e-21,1.98284052424536e-21,1.982945255995343e-21,1.9830499124076575e-21,1.9831544935292196e-21,1.9832589994070758e-21,1.983363430088103e-21,1.983467785619214e-21,1.983572066047317e-21,1.9836762714192203e-21,1.983780401781753e-21,1.9838844571816907e-21,1.9839884376657433e-21,1.9840923432806773e-21,1.9841961740731694e-21,1.9842999300898116e-21,1.984403611377312e-21,1.984507217982214e-21,1.984610749951047e-21,1.9847142073303465e-21,1.9848175901666408e-21,1.9849208985063455e-21,1.98502413239595e-21,1.9851272918817438e-21,1.9852303770102218e-21,1.98533338782758e-21,1.985436324380192e-21,1.9855391867241953e-21,1.985641974895924e-21,1.9857446889416232e-21,1.9858473289075174e-21,1.9859498948396726e-21,1.9860523867842834e-21,1.986154804787382e-21,1.986257148894994e-21,1.986359419153203e-21,1.9864616156079584e-21,1.9865637383052507e-21,1.9866657872909647e-21,1.986767762611019e-21,1.986869664311242e-21,1.9869714924375314e-21,1.9870732470356304e-21,1.9871749281513168e-21,1.9872765358303243e-21,1.9873780701184208e-21,1.987479531061218e-21,1.9875809187044162e-21,1.9876822330935775e-21,1.987783474274279e-21,1.987884642292146e-21,1.987985737192671e-21,1.988086759021275e-21,1.9881877078234795e-21,1.988288583644701e-21,1.988389386519582e-21,1.9884901165041732e-21,1.988590773643868e-21,1.9886913579839583e-21,1.988791869569733e-21,1.988892308446366e-21,1.9889926746590333e-21,1.989092968252876e-21,1.9891931892747005e-21,1.989293337768641e-21,1.9893934137794198e-21,1.989493417352059e-21,1.989593348531389e-21,1.9896932073624798e-21,1.9897929938901768e-21,1.989892708160258e-21,1.9899923502161978e-21,1.9900919201039192e-21,1.9901914178681176e-21,1.990290843553594e-21,1.990390197205009e-21,1.9904894788651335e-21,1.990588688581007e-21,1.990687826396588e-21,1.9907868923645896e-21,1.990885886518959e-21,1.9909848089070377e-21,1.991083659569799e-21,1.9911824385564448e-21,1.99128114591125e-21,1.9913797816785855e-21,1.9914783459024466e-21,1.9915768386273227e-21,1.9916752598974813e-21,1.9917736097572797e-21,1.9918718882510435e-21,1.9919700954229685e-21,1.9920682313264163e-21,1.9921662959967463e-21,1.9922642894775675e-21,1.9923622118079463e-21,1.9924600630377736e-21,1.9925578432122675e-21,1.9926555523849236e-21,1.9927531905785906e-21,1.9928507578467325e-21,1.9929482542437645e-21,1.993045679795218e-21,1.993143034554522e-21,1.9932403185655878e-21,1.993337531872095e-21,1.9934346745181164e-21,1.9935317465473572e-21,1.9936287480035885e-21,1.9937256789306932e-21,1.9938225393723227e-21,1.993919329378062e-21,1.9940160489796208e-21,1.9941126982336486e-21,1.9942092771707178e-21,1.9943057858407065e-21,1.994402224287721e-21,1.994498592553118e-21,1.9945948906829278e-21,1.9946911187267394e-21,1.994787276714485e-21,1.994883364702809e-21,1.9949793827252935e-21,1.9950753308240237e-21,1.9951712090462046e-21,1.9952670174354003e-21,1.9953627560343134e-21,1.9954584248889966e-21,1.9955540240397833e-21,1.9956495535311224e-21,1.995745013406083e-21,1.9958404037074608e-21,1.9959357244774343e-21,1.99603097576155e-21,1.9961261576098067e-21,1.9962212700479956e-21,1.9963163131268215e-21,1.9964112868929514e-21,1.9965061913821756e-21,1.9966010266366758e-21,1.9966957927105698e-21,1.9967904896406173e-21,1.996885117469572e-21,1.996979676240982e-21,1.9970741659975727e-21,1.997168586779522e-21,1.997262938631454e-21,1.997357221594784e-21,1.997451435714198e-21,1.9975455810323193e-21,1.9976396575899362e-21,1.9977336654302264e-21,1.9978276045957307e-21,1.9979214751291626e-21,1.998015277072527e-21,1.998109010469886e-21,1.9982026753681644e-21,1.998296271797126e-21,1.9983897998055658e-21,1.998483259436263e-21,1.9985766507315236e-21,1.998669973735905e-21,1.9987632284894113e-21,1.9988564150328198e-21,1.998949533409486e-21,1.999042583659796e-21,1.9991355658288733e-21,1.9992284799606785e-21,1.999321326090232e-21,1.9994141042656724e-21,1.9995068145266395e-21,1.9995994569214476e-21,1.999692031481158e-21,1.9997845382527088e-21,1.999876977277724e-21,1.999969348597759e-21,2.0000616522561555e-21,2.0001538882937588e-21,2.000246056752812e-21,2.0003381576743724e-21,2.0004301911004027e-21,2.0005221570727175e-21,2.000614055633038e-21,2.0007058868229977e-21,2.0007976506827274e-21,2.000889347256571e-21,2.000980976584832e-21,2.0010725387030115e-21,2.001164033665012e-21,2.0012554615005497e-21,2.001346822261761e-21,2.0014381159847212e-21,2.00152934270247e-21,2.0016205024713904e-21,2.00171159532739e-21,2.0018026213113796e-21,2.0018935804635983e-21,2.001984472825549e-21,2.0020752984385525e-21,2.002166057343796e-21,2.002256749585171e-21,2.002347375198602e-21,2.002437934227537e-21,2.002528426713265e-21,2.0026188526982707e-21,2.0027092122204496e-21,2.002799505323936e-21,2.002889732047237e-21,2.0029798924332434e-21,2.0030699865211243e-21,2.003160014353362e-21,2.0032499759707933e-21,2.0033398714118068e-21,2.0034297007192346e-21,2.003519463934423e-21,2.0036091610974642e-21,2.0036987922472153e-21,2.0037883574280564e-21,2.0038778566760975e-21,2.0039672900417206e-21,2.0040566575547076e-21,2.0041459592595957e-21,2.004235195196901e-21,2.0043243654085953e-21,2.0044134699330468e-21,2.004502508811034e-21,2.0045914820855073e-21,2.004680389789338e-21,2.004769231972304e-21,2.004858008674553e-21,2.004946719924394e-21,2.0050353657756263e-21,2.0051239462628068e-21,2.005212461440439e-21,2.005300911324505e-21,2.005389295964952e-21,2.0054776154025975e-21,2.0055658696910458e-21,2.0056540588442713e-21,2.0057421829164045e-21,2.005830241947827e-21,2.00591823597722e-21,2.0060061650456342e-21,2.0060940291967033e-21,2.0061818284620725e-21,2.0062695628857532e-21,2.0063572325075736e-21,2.0064448373679883e-21,2.006532377505829e-21,2.006619852962198e-21,2.0067072637818564e-21,2.0067946099941493e-21,2.0068818916396807e-21,2.0069691087667775e-21,2.007056261409708e-21,2.007143349609551e-21,2.0072303734073078e-21,2.0073173328404562e-21,2.0074042279500934e-21,2.0074910587739663e-21,2.0075778253526678e-21,2.007664527727771e-21,2.0077511659351387e-21,2.0078377400197596e-21,2.0079242500120278e-21,2.0080106959575615e-21,2.008097077893688e-21,2.0081833958627545e-21,2.0082696499072323e-21,2.008355840057038e-21,2.0084419663537654e-21,2.0085280288323475e-21,2.0086140275465553e-21,2.008699962526592e-21,2.0087858338143812e-21,2.008871641445962e-21,2.008957385463678e-21,2.009043065903977e-21,2.0091286828081965e-21,2.0092142362115773e-21,2.0092997261569e-21,2.009385152682166e-21,2.009470515826227e-21,2.00955581562725e-21,2.0096410521258807e-21,2.009726225361216e-21,2.009811335370573e-21,2.0098963821920095e-21,2.0099813658675705e-21,2.010066286433623e-21,2.0101511439291526e-21,2.010235938394072e-21,2.010320669865969e-21,2.0104053383837917e-21,2.0104899439863908e-21,2.010574486712561e-21,2.0106589666008418e-21,2.0107433836898993e-21,2.010827738018293e-21,2.010912029619443e-21,2.0109962585422015e-21,2.011080424821349e-21,2.0111645284925405e-21,2.011248569595677e-21,2.011332548169176e-21,2.0114164642517067e-21,2.011500317881151e-21,2.0115841090960717e-21,2.0116678379348883e-21,2.011751504435875e-21,2.0118351086373303e-21,2.0119186505774983e-21,2.0120021302951738e-21,2.0120855478276653e-21,2.0121689032140097e-21,2.0122521964932045e-21,2.012335427699876e-21,2.0124185968745108e-21,2.0125017040546573e-21,2.0125847492733982e-21,2.0126677325805353e-21,2.012750654007002e-21,2.0128335135874647e-21,2.0129163113671263e-21,2.0129990473811234e-21,2.0130817216666876e-21,2.013164334262142e-21,2.0132468852039052e-21,2.013329374531848e-21,2.013411802282223e-21,2.0134941684969613e-21,2.013576473205048e-21,2.013658716452725e-21,2.0137408982734048e-21,2.013823018705905e-21,2.0139050777886257e-21,2.013987075555712e-21,2.0140690120504495e-21,2.014150887298962e-21,2.014232701356633e-21,2.0143144542511686e-21,2.0143961460240416e-21,2.0144777767068432e-21,2.014559346338888e-21,2.014640854955782e-21,2.014722302598896e-21,2.014803689305231e-21,2.0148850151118355e-21,2.014966280054074e-21,2.0150474841702252e-21,2.0151286274928336e-21,2.0152097100585655e-21,2.0152907319223335e-21,2.0153716931089484e-21,2.0154525936558816e-21,2.0155334336033754e-21,2.015614212982792e-21,2.015694931832765e-21,2.015775590192855e-21,2.01585618809951e-21,2.0159367255829906e-21,2.0160172026924373e-21,2.0160976194570575e-21,2.0161779759159996e-21,2.0162582721073937e-21,2.016338508067069e-21,2.0164186838315488e-21,2.0164987994382123e-21,2.0165788549231893e-21,2.016658850322403e-21,2.016738785675452e-21,2.0168186610171858e-21,2.0168984763838854e-21,2.016978231813537e-21,2.0170579273436716e-21,2.0171375630142812e-21,2.017217138856115e-21,2.0172966549076247e-21,2.0173761112028407e-21,2.0174555077747656e-21,2.0175348446694597e-21,2.0176141219197585e-21,2.0176933395624236e-21,2.017772497633365e-21,2.017851596168592e-21,2.017930635206293e-21,2.018009614781244e-21,2.0180885349304205e-21,2.0181673956904495e-21,2.0182461970975724e-21,2.01832493918866e-21,2.0184036219994392e-21,2.0184822455662144e-21,2.018560809925218e-21,2.018639315112111e-21,2.018717761158895e-21,2.0187961481117935e-21,2.0188744760018347e-21,2.0189527448626392e-21,2.0190309547355072e-21,2.0191091056540783e-21,2.019187197653949e-21,2.01926523077132e-21,2.019343205047089e-21,2.0194211205064905e-21,2.0194989771930775e-21,2.0195767751497986e-21,2.0196545143971942e-21,2.0197321949771654e-21,2.019809816934814e-21,2.0198873802875404e-21,2.0199648850810207e-21,2.0200423313510458e-21,2.0201197191337115e-21,2.0201970484647638e-21,2.0202743193790965e-21,2.020351531907604e-21,2.0204286860977266e-21,2.0205057819791897e-21,2.0205828195875445e-21,2.0206597989522896e-21,2.0207367201208508e-21,2.0208135831242426e-21,2.0208903879952834e-21,2.02096713477194e-21,2.021043823490143e-21,2.0211204541818746e-21,2.0211970268847297e-21,2.021273541633209e-21,2.0213499984646643e-21,2.0214263974136343e-21,2.02150273851662e-21,2.0215790218063527e-21,2.0216552473143283e-21,2.0217314150852032e-21,2.02180752515066e-21,2.021883577545289e-21,2.0219595723055553e-21,2.0220355094646304e-21,2.0221113890593864e-21,2.0221872111239266e-21,2.0222629756935413e-21,2.0223386828036813e-21,2.0224143324892066e-21,2.0224899247867433e-21,2.0225654597284266e-21,2.022640937350591e-21,2.0227163576884945e-21,2.022791720771421e-21,2.022867026634962e-21,2.0229422753276333e-21,2.0230174668777605e-21,2.0230926013178966e-21,2.0231676786833335e-21,2.0232426990084223e-21,2.0233176623280526e-21,2.0233925686780247e-21,2.023467418090635e-21,2.0235422106048595e-21,2.0236169462524865e-21,2.0236916250689445e-21,2.0237662470881598e-21,2.0238408123469896e-21,2.0239153208781807e-21,2.02398977271779e-21,2.02406416789677e-21,2.0241385064505627e-21,2.0242127884174387e-21,2.024287013829658e-21,2.0243611827220317e-21,2.024435295128891e-21,2.0245093510848667e-21,2.0245833506241688e-21,2.024657293781401e-21,2.024731180590344e-21,2.0248050110912417e-21,2.024878785308387e-21,2.024952503282063e-21,2.0250261650441054e-21,2.0250997706300435e-21,2.0251733200745624e-21,2.0252468134111426e-21,2.025320250673313e-21,2.0253936318975112e-21,2.0254669571166795e-21,2.0255402263652127e-21,2.0256134396771894e-21,2.0256865970866344e-21,2.025759698627607e-21,2.0258327443339043e-21,2.0259057342398833e-21,2.0259786683792367e-21,2.026051546786248e-21,2.026124369494977e-21,2.026197136538998e-21,2.0262698479530177e-21,2.0263425037669095e-21,2.026415104021518e-21,2.0264876487518965e-21,2.0265601379821626e-21,2.0266325717533443e-21,2.0267049500959703e-21,2.026777273045076e-21,2.026849540634306e-21,2.026921752897555e-21,2.0269939098681907e-21,2.0270660115801825e-21,2.0271380580696272e-21,2.027210049365373e-21,2.027281985504213e-21,2.02735386651837e-21,2.0274256924421456e-21,2.0274974633107856e-21,2.027569179151868e-21,2.027640840005293e-21,2.027712445906628e-21,2.0277839968815565e-21,2.0278554929666152e-21,2.0279269341973695e-21,2.02799832060361e-21,2.0280696522198123e-21,2.0281409290806225e-21,2.028212151217629e-21,2.028283318666383e-21,2.0283544314604756e-21,2.028425489629334e-21,2.028496493211346e-21,2.0285674422357725e-21,2.0286383367387903e-21,2.0287091767522068e-21,2.0287799623091243e-21,2.0288506934429205e-21,2.0289213701857095e-21,2.0289919925768288e-21,2.0290625606393857e-21,2.0291330744110564e-21,2.029203533924899e-21,2.0292739392140204e-21,2.0293442903058575e-21,2.0294145872443115e-21,2.0294848300567335e-21,2.0295550187760626e-21,2.02962515343473e-21,2.0296952340672173e-21,2.029765260705234e-21,2.0298352333822097e-21,2.0299051521305848e-21,2.0299750169836864e-21,2.0300448279740498e-21,2.0301145851341713e-21,2.030184288496606e-21,2.030253938089697e-21,2.030323533955178e-21,2.03039307612148e-21,2.0304625646212373e-21,2.0305319994860116e-21,2.0306013807504143e-21,2.0306707084461577e-21,2.0307399826060904e-21,2.0308092032633996e-21,2.0308783704484973e-21,2.03094748419505e-21,2.031016544535816e-21,2.0310855515030062e-21,2.0311545051295245e-21,2.0312234054534662e-21,2.0312922524948193e-21,2.031361046292073e-21,2.031429786877822e-21,2.0314984742862266e-21,2.0315671085460074e-21,2.0316356896907523e-21,2.0317042177539524e-21,2.031772692767555e-21,2.0318411147629645e-21,2.0319094837730577e-21,2.031977799830372e-21,2.0320460629665638e-21,2.0321142732142425e-21,2.032182430604886e-21,2.032250535170978e-21,2.0323185869445402e-21,2.032386585958123e-21,2.0324545322440513e-21,2.032522425832704e-21,2.0325902667568536e-21,2.0326580550541944e-21,2.0327257907515484e-21,2.032793473875008e-21,2.03286110447324e-21,2.032928682555661e-21,2.0329962081659644e-21,2.0330636813367157e-21,2.0331311020971588e-21,2.033198470480876e-21,2.0332657865196733e-21,2.033333050246889e-21,2.0334002617002288e-21,2.0334674209038323e-21,2.0335345278800737e-21,2.0336015826695084e-21,2.033668585304324e-21,2.0337355358170663e-21,2.0338024342382976e-21,2.0338692805994447e-21,2.0339360749326467e-21,2.0340028172695677e-21,2.034069507635375e-21,2.0341361460732557e-21,2.0342027326086918e-21,2.0342692672750537e-21,2.0343357501021957e-21,2.0344021811237894e-21,2.034468560369509e-21,2.034534887869074e-21,2.0346011636548e-21,2.0346673877592424e-21,2.0347335602140898e-21,2.0347996810500353e-21,2.0348657502945754e-21,2.0349317679862853e-21,2.0349977341528385e-21,2.0350636488260468e-21,2.035129512036913e-21,2.035195323817503e-21,2.0352610841968975e-21,2.0353267932075683e-21,2.0353924508801413e-21,2.0354580572471047e-21,2.035523612338761e-21,2.0355891161862377e-21,2.0356545688203993e-21,2.0357199702746447e-21,2.035785320575802e-21,2.035850619755141e-21,2.035915867847914e-21,2.0359810648802643e-21,2.0360462108883206e-21,2.0361113058999614e-21,2.0361763499463987e-21,2.036241343058806e-21,2.0363062852650356e-21,2.036371176599983e-21,2.0364360170932926e-21,2.0365008067748097e-21,2.036565545677336e-21,2.0366302338326136e-21,2.0366948712701713e-21,2.036759458019244e-21,2.0368239941117754e-21,2.036888479578161e-21,2.0369529144490944e-21,2.037017298754753e-21,2.0370816325274847e-21,2.037145915798373e-21,2.0372101485958678e-21,2.0372743309446214e-21,2.037338462887382e-21,2.037402544448747e-21,2.037466575656421e-21,2.0375305565467246e-21,2.0375944871482843e-21,2.0376583674923613e-21,2.0377221976105235e-21,2.037785977526065e-21,2.037849707279572e-21,2.037913386893903e-21,2.037977016401559e-21,2.0380405958350498e-21,2.0381041252209086e-21,2.0381676045903133e-21,2.0382310339702074e-21,2.038294413394883e-21,2.0383577428946726e-21,2.0384210224997315e-21,2.038484252240391e-21,2.0385474321468167e-21,2.0386105622492383e-21,2.0386736425778233e-21,2.0387366731627355e-21,2.038799654034086e-21,2.0388625852221006e-21,2.0389254667568125e-21,2.0389882986683753e-21,2.039051080986894e-21,2.039113813742482e-21,2.0391764969654615e-21,2.0392391306840245e-21,2.0393017149311614e-21,2.0393642497333218e-21,2.039426735121354e-21,2.0394891711260814e-21,2.0395515577773447e-21,2.0396138951050506e-21,2.0396761831390828e-21,2.039738421909299e-21,2.03980061144544e-21,2.039862751777454e-21,2.0399248429350787e-21,2.039986884948059e-21,2.040048877846427e-21,2.0401108216622207e-21,2.04017271642004e-21,2.040234562152146e-21,2.0402963588881236e-21,2.0403581066569047e-21,2.040419805489956e-21,2.0404814554155668e-21,2.040543056465088e-21,2.0406046086665336e-21,2.040666112049689e-21,2.0407275666429197e-21,2.0407889724769458e-21,2.0408503295812602e-21,2.0409116379853545e-21,2.0409728977187025e-21,2.0410341088106972e-21,2.0410952712908472e-21,2.0411563851884845e-21,2.0412174505330615e-21,2.0412784673539423e-21,2.04133943568046e-21,2.0414003555420347e-21,2.0414612269679068e-21,2.041522049985745e-21,2.04158282462657e-21,2.0416435509194738e-21,2.041704228893812e-21,2.0417648585787545e-21,2.0418254400035585e-21,2.0418859731974068e-21,2.0419464581894616e-21,2.0420068950089107e-21,2.042067283684814e-21,2.042127624246337e-21,2.0421879167226047e-21,2.0422481611426872e-21,2.0423083575395896e-21,2.042368505938424e-21,2.0424286063682362e-21,2.0424886588580308e-21,2.0425486634368855e-21,2.0426086201336615e-21,2.0426685289773596e-21,2.042728389994453e-21,2.0427882032163452e-21,2.0428479686719062e-21,2.0429076863900285e-21,2.0429673563991338e-21,2.0430269787216246e-21,2.0430865534013925e-21,2.0431460804590485e-21,2.0432055599234212e-21,2.043264991823259e-21,2.0433243761873607e-21,2.043383713044384e-21,2.0434430024231382e-21,2.043502244352217e-21,2.043561438860448e-21,2.0436205859763827e-21,2.0436796857287386e-21,2.0437387381461207e-21,2.0437977432571643e-21,2.0438567010887966e-21,2.0439156116723562e-21,2.0439744750344977e-21,2.0440332912044256e-21,2.0440920602065582e-21,2.044150782078254e-21,2.044209456843608e-21,2.0442680845306083e-21,2.0443266651675946e-21,2.044385198778853e-21,2.0444436854010017e-21,2.044502125058628e-21,2.044560517780139e-21,2.0446188635949777e-21,2.0446771625302813e-21,2.0447354146143534e-21,2.0447936198755294e-21,2.044851778341989e-21,2.0449098900421596e-21,2.0449679550042224e-21,2.0450259732564417e-21,2.0450839448269476e-21,2.045141869744078e-21,2.0451997480359103e-21,2.0452575797307755e-21,2.0453153648558944e-21,2.045373103440199e-21,2.0454307955117887e-21,2.0454884410987858e-21,2.045546040229184e-21,2.0456035929311113e-21,2.0456610992329932e-21,2.0457185591625122e-21,2.0457759727478573e-21,2.0458333400173647e-21,2.0458906609967047e-21,2.04594793571548e-21,2.0460051642016433e-21,2.0460623464831044e-21,2.0461194825876624e-21,2.0461765725433465e-21,2.0462336163779467e-21,2.0462906141193295e-21,2.0463475657951654e-21,2.0464044714335088e-21,2.0464613310619726e-21,2.046518144708351e-21,2.0465749124004662e-21,2.0466316341659636e-21,2.0466883100326403e-21,2.0467449400281755e-21,2.046801524180212e-21,2.0468580625164437e-21,2.0469145550645383e-21,2.046971001852074e-21,2.0470274029067314e-21,2.047083758256078e-21,2.0471400679276795e-21,2.0471963319491207e-21,2.047252550347865e-21,2.0473087231518675e-21,2.047364850388228e-21,2.0474209320845227e-21,2.0474769682681663e-21,2.047532958966651e-21,2.047588904207427e-21,2.0476448040178747e-21,2.0477006584254466e-21,2.0477564674574966e-21,2.0478122311413827e-21,2.0478679495044975e-21,2.047923622574173e-21,2.047979250377739e-21,2.048034832942406e-21,2.048090370295534e-21,2.048145862464434e-21,2.0482013094763196e-21,2.0482567113583696e-21,2.0483120681378708e-21,2.0483673798419766e-21,2.0484226464978678e-21,2.0484778681327286e-21,2.048533044773738e-21,2.0485881764479743e-21,2.0486432631825557e-21,2.048698305004622e-21,2.0487533019412095e-21,2.0488082540194355e-21,2.0488631612662603e-21,2.048918023708806e-21,2.0489728413739798e-21,2.0490276142888615e-21,2.0490823424804198e-21,2.0491370259755467e-21,2.0491916648012675e-21,2.04924625898448e-21,2.049300808552058e-21,2.0493553135309345e-21,2.0494097739480233e-21,2.0494641898300765e-21,2.0495185612040633e-21,2.049572888096693e-21,2.0496271705348548e-21,2.0496814085452756e-21,2.0497356021547552e-21,2.0497897513901184e-21,2.04984385627798e-21,2.0498979168451945e-21,2.049951933118367e-21,2.050005905124205e-21,2.0500598328894363e-21,2.0501137164406985e-21,2.0501675558046165e-21,2.0502213510077876e-21,2.05027510207689e-21,2.05032880903845e-21,2.05038247191907e-21,2.050436090745299e-21,2.050489665543577e-21,2.0505431963405733e-21,2.0505966831627558e-21,2.050650126036629e-21,2.050703524988583e-21,2.0507568800452404e-21,2.0508101912328517e-21,2.050863458578013e-21,2.0509166821070015e-21,2.0509698618462254e-21,2.0510229978221783e-21,2.0510760900610503e-21,2.051129138589233e-21,2.0511821434330253e-21,2.051235104618815e-21,2.0512880221728448e-21,2.0513408961214377e-21,2.051393726490843e-21,2.0514465133072924e-21,2.051499256602275e-21,2.0515519563913253e-21,2.051604612706087e-21,2.0516572255786143e-21,2.0517097950234703e-21,2.0517623210723606e-21,2.051814803751537e-21,2.05186724308704e-21,2.0519196391046565e-21,2.051971991833444e-21,2.052024301294592e-21,2.052076567516453e-21,2.0521287905250732e-21,2.052180970346891e-21,2.052233107002468e-21,2.0522852005272957e-21,2.0523372509432213e-21,2.052389258275161e-21,2.0524412225496122e-21,2.052493143792565e-21,2.052545022029805e-21,2.05259685728721e-21,2.052648649591089e-21,2.052700398967883e-21,2.0527521054413752e-21,2.0528037690381256e-21,2.052855389784393e-21,2.0529069677058538e-21,2.0529585028282396e-21,2.0530099951773878e-21,2.0530614447789722e-21,2.053112851658663e-21,2.053164215842231e-21,2.0532155373553436e-21,2.0532668162237087e-21,2.053318052472981e-21,2.0533692461287173e-21,2.0534203972165785e-21,2.0534715057622207e-21,2.0535225717912927e-21,2.053573595326749e-21,2.053624576399893e-21,2.0536755150318144e-21,2.0537264112493433e-21,2.053777265077934e-21,2.053828076543981e-21,2.0538788456727165e-21,2.0539295724877846e-21,2.0539802570160786e-21,2.0540308992827405e-21,2.0540814993132452e-21,2.054132057133016e-21,2.0541825727674333e-21,2.054233046241518e-21,2.0542834775809313e-21,2.054333866811048e-21,2.05438421395714e-21,2.0544345190445584e-21,2.054484782098538e-21,2.054535003144243e-21,2.054585182207095e-21,2.054635319312311e-21,2.054685414485145e-21,2.0547354677507447e-21,2.0547854791346952e-21,2.0548354486617674e-21,2.0548853763571567e-21,2.0549352622460515e-21,2.0549851063552676e-21,2.0550349087125794e-21,2.0550846693334753e-21,2.0551343882483057e-21,2.0551840654841872e-21,2.0552337010620363e-21,2.0552832950079162e-21,2.05533284734734e-21,2.0553823581073375e-21,2.0554318273091363e-21,2.055481254982777e-21,2.0555306411500292e-21,2.055579985837847e-21,2.05562928906972e-21,2.0556785508705576e-21,2.0557277712653213e-21,2.0557769502788433e-21,2.055826087936064e-21,2.055875184261789e-21,2.0559242392809745e-21,2.055973253014773e-21,2.0560222254914158e-21,2.0560711567353817e-21,2.0561200467720128e-21,2.0561688956259873e-21,2.0562177033213543e-21,2.056266469883652e-21,2.056315195337328e-21,2.0563638797070877e-21,2.056412523017661e-21,2.0564611252938244e-21,2.0565096865587332e-21,2.056558206837997e-21,2.056606686158407e-21,2.0566551245408108e-21,2.0567035220132775e-21,2.056751878598321e-21,2.0568001943193815e-21,2.0568484692040774e-21,2.056896703275444e-21,2.0569448965580696e-21,2.0569930490765435e-21,2.0570411608550324e-21,2.057089231918154e-21,2.0571372622903604e-21,2.0571852519961146e-21,2.0572332010596546e-21,2.0572811095056536e-21,2.057328977359002e-21,2.0573768046434974e-21,2.0574245913834e-21,2.0574723376025193e-21,2.0575200433259336e-21,2.0575677085779215e-21,2.0576153333810443e-21,2.057662917763886e-21,2.057710461747415e-21,2.0577579653568405e-21,2.057805428614389e-21,2.0578528515472683e-21,2.0579002341784525e-21,2.057947576533837e-21,2.057994878634915e-21,2.058042140508122e-21,2.058089362181917e-21,2.0581365436670407e-21,2.0581836849953698e-21,2.0582307861920193e-21,2.0582778472787003e-21,2.058324868279657e-21,2.0583718492200495e-21,2.058418790125325e-21,2.0584656910189513e-21,2.058512551923572e-21,2.0585593728637946e-21,2.0586061538648942e-21,2.0586528949500677e-21,2.0586995961422307e-21,2.0587462574657028e-21,2.0587928789437336e-21,2.058839460600943e-21,2.058886002461685e-21,2.058932504550388e-21,2.0589789668890364e-21,2.059025389502384e-21,2.0590717724146627e-21,2.0591181156497016e-21,2.0591644192316264e-21,2.059210683182249e-21,2.0592569075266866e-21,2.0593030922887012e-21,2.0593492374923003e-21,2.0593953431612553e-21,2.059441409319066e-21,2.05948743598924e-21,2.0595334231964145e-21,2.0595793709627143e-21,2.0596252793148943e-21,2.0596711482730567e-21,2.0597169778538263e-21,2.0597627680955903e-21,2.0598085190193584e-21,2.059854230646042e-21,2.0598999029933502e-21,2.0599455360896447e-21,2.0599911299578653e-21,2.060036684614952e-21,2.0600822000979292e-21,2.0601276764237192e-21,2.0601731136158176e-21,2.060218511697708e-21,2.0602638706928887e-21,2.0603091906252336e-21,2.0603544715176196e-21,2.060399713393508e-21,2.0604449162765366e-21,2.0604900801898858e-21,2.0605352051582695e-21,2.0605802911918356e-21,2.0606253383342174e-21,2.0606703466033795e-21,2.0607153160185272e-21,2.0607602466017108e-21,2.0608051383817656e-21,2.0608499913787052e-21,2.0608948056147576e-21,2.060939581114022e-21,2.0609843179000204e-21,2.061029015995335e-21,2.06107367542313e-21,2.061118296208923e-21,2.0611628783729412e-21,2.0612074219393676e-21,2.061251926931421e-21,2.061296393372185e-21,2.0613408212841864e-21,2.0613852106911023e-21,2.0614295616160663e-21,2.0614738740820603e-21,2.0615181481121598e-21,2.0615623837294737e-21,2.061606580956866e-21,2.0616507398180145e-21,2.061694860335439e-21,2.0617389425316346e-21,2.061782986430505e-21,2.0618269920544254e-21,2.0618709594274993e-21,2.0619148885702398e-21,2.0619587795098604e-21,2.062002632262973e-21,2.0620464468557428e-21,2.062090223310147e-21,2.0621339616484096e-21,2.0621776618948287e-21,2.0622213240722697e-21,2.062264948203539e-21,2.062308534311407e-21,2.0623520824186374e-21,2.0623955925553464e-21,2.0624390647318238e-21,2.062482498976266e-21,2.0625258953111665e-21,2.0625692537591425e-21,2.062612574342805e-21,2.062655857084833e-21,2.062699102008193e-21,2.062742309131836e-21,2.0627854784854674e-21,2.0628286100882043e-21,2.0628717039622636e-21,2.0629147601333915e-21,2.0629577786189165e-21,2.063000759443965e-21,2.0630437026309303e-21,2.063086608202398e-21,2.0631294761809327e-21,2.063172306589061e-21,2.0632150994491308e-21,2.063257854779402e-21,2.0633005726112672e-21,2.063343252962571e-21,2.0633858958571916e-21,2.0634285013146264e-21,2.063471069359041e-21,2.0635136000127122e-21,2.063556093297934e-21,2.063598549233908e-21,2.063640967849025e-21,2.0636833491632406e-21,2.063725693198412e-21,2.0637679999775695e-21,2.0638102695218197e-21,2.0638525018538155e-21,2.0638946969964418e-21,2.0639368549725882e-21,2.063978975802175e-21,2.064021059506678e-21,2.064063106113215e-21,2.0641051156407262e-21,2.0641470881112237e-21,2.0641890235485322e-21,2.0642309219730686e-21,2.0642727834084133e-21,2.064314607875093e-21,2.064356395396914e-21,2.064398145994812e-21,2.064439859691417e-21,2.0644815365083807e-21,2.0645231764681288e-21,2.064564779592727e-21,2.0646063459036843e-21,2.0646478754238392e-21,2.0646893681753573e-21,2.064730824179924e-21,2.0647722434592705e-21,2.064813626035587e-21,2.064854971930785e-21,2.064896281166838e-21,2.064937553765654e-21,2.064978789749867e-21,2.0650199891402374e-21,2.0650611519532623e-21,2.0651022782206024e-21,2.0651433679608845e-21,2.065184421197328e-21,2.065225437948842e-21,2.0652664182366684e-21,2.065307362085825e-21,2.065348269516057e-21,2.0653891405513042e-21,2.065429975209753e-21,2.0654707735150027e-21,2.065511535488236e-21,2.0655522611525314e-21,2.0655929505289973e-21,2.0656336036393827e-21,2.0656742205044143e-21,2.0657148011508794e-21,2.0657553455925045e-21,2.0657958538549104e-21,2.065836325958508e-21,2.0658767619254457e-21,2.0659171617778208e-21,2.0659575255367937e-21,2.065997853224385e-21,2.0660381448617416e-21,2.0660784004707524e-21,2.0661186200722933e-21,2.0661588036890196e-21,2.066198951341882e-21,2.0662390630533915e-21,2.0662791388430536e-21,2.066319178733808e-21,2.066359182746756e-21,2.066399150903358e-21,2.0664390832251642e-21,2.0664789797350934e-21,2.0665188404513438e-21,2.0665586653989256e-21,2.066598454595056e-21,2.066638208062784e-21,2.0666779258239684e-21,2.0667176079052936e-21,2.0667572543173073e-21,2.0667968650877684e-21,2.066836440236201e-21,2.0668759797854846e-21,2.0669154837558513e-21,2.066954952168828e-21,2.06699438504591e-21,2.0670337824082266e-21,2.0670731442768315e-21,2.0671124706726284e-21,2.0671517616172448e-21,2.0671910171318886e-21,2.0672302372377443e-21,2.067269421955893e-21,2.067308571307614e-21,2.0673476853140695e-21,2.0673867639962088e-21,2.067425807375133e-21,2.067464815471466e-21,2.0675037883076695e-21,2.0675427259032484e-21,2.0675816282786783e-21,2.0676204954586394e-21,2.0676593274619967e-21,2.0676981243097795e-21,2.0677368860229384e-21,2.067775612623217e-21,2.0678143041271552e-21,2.067852960559792e-21,2.067891581943703e-21,2.067930168298378e-21,2.067968719644616e-21,2.0680072360030077e-21,2.068045717394457e-21,2.0680841638402793e-21,2.068122575360876e-21,2.0681609519772183e-21,2.0681992937099933e-21,2.0682376005801424e-21,2.068275872608568e-21,2.0683141098160278e-21,2.0683523122233334e-21,2.0683904798512696e-21,2.0684286127206658e-21,2.0684667108522147e-21,2.068504774266769e-21,2.0685428029850063e-21,2.0685807970276605e-21,2.0686187564154412e-21,2.0686566811690913e-21,2.0686945713093105e-21,2.068732426856743e-21,2.068770247832028e-21,2.0688080342558924e-21,2.068845786148975e-21,2.068883503531522e-21,2.0689211864244997e-21,2.0689588348475713e-21,2.068996448823219e-21,2.0690340283711207e-21,2.0690715735117894e-21,2.0691090842658155e-21,2.069146560653749e-21,2.0691840026961395e-21,2.069221410413369e-21,2.0692587838260643e-21,2.0692961229546242e-21,2.069333427819566e-21,2.0693706984414322e-21,2.0694079348406444e-21,2.0694451370375694e-21,2.0694823050526497e-21,2.069519438905289e-21,2.0695565386187433e-21,2.0695936042095906e-21,2.0696306356967674e-21,2.0696676331098887e-21,2.069704596460966e-21,2.0697415257764425e-21,2.069778421071176e-21,2.0698152823670702e-21,2.069852109684999e-21,2.0698889030451547e-21,2.069925662466656e-21,2.0699623879707696e-21,2.0699990795780797e-21,2.070035737309172e-21,2.0700723611832422e-21,2.0701089512207002e-21,2.0701455074428108e-21,2.0701820298677405e-21,2.0702185185167234e-21,2.070254973409911e-21,2.0702913945678773e-21,2.0703277820140027e-21,2.0703641357608706e-21,2.070400455831323e-21,2.070436742248188e-21,2.070472995031162e-21,2.0705092141982358e-21,2.070545399770532e-21,2.0705815517678426e-21,2.0706176702114563e-21,2.0706537551195316e-21,2.0706898065130036e-21,2.0707258244171305e-21,2.0707618088433577e-21,2.070797759812464e-21,2.070833677347096e-21,2.0708695614670015e-21,2.0709054121916744e-21,2.070941229542479e-21,2.070977013538155e-21,2.0710127641975083e-21,2.0710484815460493e-21,2.07108416559576e-21,2.0711198163696358e-21,2.0711554338882493e-21,2.071191018171173e-21,2.071226569238118e-21,2.071262087109195e-21,2.0712975718039268e-21,2.0713330233418766e-21,2.071368441741489e-21,2.071403827026282e-21,2.0714391792135686e-21,2.071474498323543e-21,2.071509784375913e-21,2.0715450373912663e-21,2.0715802573945012e-21,2.0716154443930927e-21,2.0716505984126975e-21,2.071685719473701e-21,2.071720807594827e-21,2.0717558627976064e-21,2.0717908850988686e-21,2.0718258745192682e-21,2.0718608310796765e-21,2.071895754799858e-21,2.0719306457016456e-21,2.0719655037946913e-21,2.0720003291077014e-21,2.0720351216564343e-21,2.0720698814628468e-21,2.072104608544482e-21,2.072139302922071e-21,2.0721739646146708e-21,2.0722085936418485e-21,2.0722431900232205e-21,2.072277753778136e-21,2.072312284926168e-21,2.072346783486692e-21,2.0723812494793476e-21,2.072415682923244e-21,2.0724500838380736e-21,2.0724844522431376e-21,2.0725187881576795e-21,2.0725530916012077e-21,2.0725873625930906e-21,2.0726216011527134e-21,2.0726558072993287e-21,2.0726899810523342e-21,2.0727241224310747e-21,2.0727582314547153e-21,2.0727923081425274e-21,2.072826352514279e-21,2.0728603645886193e-21,2.0728943443853354e-21,2.072928291923099e-21,2.0729622072215335e-21,2.0729960902998428e-21,2.0730299411772263e-21,2.0730637598729008e-21,2.073097546406049e-21,2.0731313007958336e-21,2.073165023061438e-21,2.0731987132220097e-21,2.0732323712966984e-21,2.073265997304596e-21,2.0732995912649126e-21,2.0733331531966947e-21,2.073366683119021e-21,2.0734001810510463e-21,2.0734336470117946e-21,2.073467081020952e-21,2.0735004830969514e-21,2.0735338532579912e-21,2.073567191524267e-21,2.073600497913705e-21,2.0736337724457315e-21,2.0736670151417958e-21,2.073700226017194e-21,2.0737334050930395e-21,2.0737665523942566e-21,2.073799667927255e-21,2.073832751716772e-21,2.073865803781905e-21,2.0738988241413588e-21,2.0739318128105457e-21,2.0739647698165164e-21,2.073997695172471e-21,2.074030588897884e-21,2.074063451018521e-21,2.0740962815418076e-21,2.0741290804909647e-21,2.0741618478864478e-21,2.0741945837461253e-21,2.0742272880896287e-21,2.074259960934259e-21,2.0742926022996475e-21,2.074325212204173e-21,2.074357790666978e-21,2.074390337707943e-21,2.0744228533431212e-21,2.07445533759161e-21,2.0744877904747027e-21,2.0745202120088662e-21,2.0745526022132868e-21,2.0745849611074106e-21,2.07461728870923e-21,2.0746495850326784e-21,2.074681850105944e-21,2.0747140839405786e-21,2.074746286559372e-21,2.074778457978434e-21,2.0748105982169396e-21,2.074842707293561e-21,2.0748747852267916e-21,2.0749068320351857e-21,2.0749388477373064e-21,2.0749708323516937e-21,2.0750027858969035e-21,2.07503470839139e-21,2.0750665998536623e-21,2.0750984603022247e-21,2.0751302897555955e-21,2.075162088232214e-21,2.0751938557504666e-21,2.075225592328941e-21,2.0752572979859517e-21,2.0752889727407552e-21,2.0753206166109757e-21,2.075352229615104e-21,2.075383811771453e-21,2.075415363098332e-21,2.075446883614159e-21,2.075478373337243e-21,2.0755098322860168e-21,2.075541260478738e-21,2.075572657933853e-21,2.075604024669499e-21,2.075635360704162e-21,2.0756666660560394e-21,2.075697940743877e-21,2.0757291847850644e-21,2.0757603981981464e-21,2.0757915810015164e-21,2.0758227332136488e-21,2.075853854854018e-21,2.075884945939428e-21,2.0759160064876572e-21,2.0759470365172686e-21,2.075978036046237e-21,2.0760090050927682e-21,2.0760399436779984e-21,2.0760708518147182e-21,2.076101729523567e-21,2.076132576820901e-21,2.0761633937265303e-21,2.0761941802586713e-21,2.0762249364352246e-21,2.0762556622746085e-21,2.0762863577942736e-21,2.076317023010107e-21,2.0763476579454018e-21,2.0763782626155182e-21,2.0764088370386028e-21,2.076439381232173e-21,2.07646989521485e-21,2.0765003790045495e-21,2.0765308326189605e-21,2.0765612560762397e-21,2.0765916493897067e-21,2.0766220125851246e-21,2.0766523456744045e-21,2.0766826486852478e-21,2.0767129216225875e-21,2.07674316450854e-21,2.0767733773665063e-21,2.0768035602117528e-21,2.076833713063656e-21,2.0768638359348545e-21,2.076893928846148e-21,2.07692399181537e-21,2.0769540248594985e-21,2.076984027996936e-21,2.0770140012453885e-21,2.0770439446229657e-21,2.0770738581498366e-21,2.07710374183863e-21,2.0771335957097243e-21,2.0771634197771733e-21,2.0771932140657672e-21,2.077222978589205e-21,2.0772527133657893e-21,2.077282418413207e-21,2.0773120937491282e-21,2.0773417393914e-21,2.0773713553574767e-21,2.07740094166526e-21,2.077430498332201e-21,2.0774600253760252e-21,2.077489522814319e-21,2.0775189906647508e-21,2.0775484289449326e-21,2.077577837672419e-21,2.077607216864855e-21,2.077636566539751e-21,2.077665886714751e-21,2.0776951774073755e-21,2.0777244386352043e-21,2.0777536704157568e-21,2.0777828727665337e-21,2.077812045705111e-21,2.0778411892489726e-21,2.0778703034156022e-21,2.077899388222469e-21,2.0779284436870775e-21,2.07795746982691e-21,2.0779864666594168e-21,2.0780154342019303e-21,2.0780443724720397e-21,2.078073281487081e-21,2.0781021612645076e-21,2.078131011821666e-21,2.0781598331759913e-21,2.0781886253448512e-21,2.0782173883456146e-21,2.078246122195623e-21,2.0782748269122936e-21,2.0783035025128703e-21,2.0783321490147344e-21,2.078360766435207e-21,2.0783893547915403e-21,2.078417914100919e-21,2.078446444380752e-21,2.0784749456483333e-21,2.078503417920968e-21,2.078531861215807e-21,2.0785602755502043e-21,2.078588660941356e-21,2.0786170174059812e-21,2.078645344962312e-21,2.078673643626681e-21,2.078701913416909e-21,2.0787301543499238e-21,2.0787583664429574e-21,2.0787865497148662e-21,2.0788147041790542e-21,2.0788428298548315e-21,2.0788709267588114e-21,2.078898994908295e-21,2.078927034320792e-21,2.078955045013119e-21,2.0789830270035113e-21,2.0790109803067218e-21,2.0790389049405188e-21,2.0790668009229342e-21,2.0790946682705246e-21,2.0791225070010764e-21,2.079150317131143e-21,2.07917809867621e-21,2.0792058516522824e-21,2.0792335760808822e-21,2.0792612719811576e-21,2.0792889393606746e-21,2.0793165782414223e-21,2.0793441886402033e-21,2.079371770574911e-21,2.0793993240615444e-21,2.0794268491173095e-21,2.07945434575877e-21,2.07948181400301e-21,2.0795092538640985e-21,2.0795366653639567e-21,2.079564048517717e-21,2.0795914033421484e-21,2.079618729854086e-21,2.079646028069018e-21,2.0796732980041313e-21,2.0797005396771624e-21,2.0797277531048838e-21,2.079754938301967e-21,2.079782095286679e-21,2.07980922407651e-21,2.079836324689729e-21,2.079863397140869e-21,2.079890441447039e-21,2.0799174576249575e-21,2.0799444456913583e-21,2.0799714056630487e-21,2.0799983375565975e-21,2.0800252413888504e-21,2.0800521171766056e-21,2.0800789649362648e-21,2.0801057846836245e-21,2.080132576436179e-21,2.080159340209183e-21,2.0801860760205923e-21,2.080212783894879e-21,2.0802394638411787e-21,2.080266115875954e-21,2.080292740010695e-21,2.0803193362672563e-21,2.080345904662282e-21,2.0803724452132116e-21,2.0803989579352e-21,2.0804254428442797e-21,2.0804518999580857e-21,2.0804783292920494e-21,2.0805047308642118e-21,2.0805311046900356e-21,2.080557450786185e-21,2.0805837691694676e-21,2.0806100598562188e-21,2.0806363228627987e-21,2.0806625582057873e-21,2.080688765901621e-21,2.0807149459667334e-21,2.080741098417539e-21,2.080767223270483e-21,2.0807933205419826e-21,2.0808193902484034e-21,2.080845432406126e-21,2.0808714470333917e-21,2.0808974341445352e-21,2.0809233937558904e-21,2.0809493258839093e-21,2.080975230544911e-21,2.0810011077551716e-21,2.0810269575299882e-21,2.0810527798870837e-21,2.0810785748424855e-21,2.081104342412666e-21,2.0811300826137336e-21,2.0811557954620406e-21,2.0811814809738807e-21,2.0812071391654055e-21,2.0812327700529414e-21,2.081258373652636e-21,2.081283949980786e-21,2.081309499053539e-21,2.0813350208872005e-21,2.0813605154978587e-21,2.081385982901756e-21,2.0814114231150275e-21,2.0814368361538636e-21,2.081462222034383e-21,2.0814875807727517e-21,2.0815129123851085e-21,2.081538216887538e-21,2.081563494296272e-21,2.0815887446272646e-21,2.0816139678967145e-21,2.0816391641206235e-21,2.081664333315131e-21,2.081689475496278e-21,2.08171459068017e-21,2.081739678882807e-21,2.0817647401202555e-21,2.081789774408655e-21,2.081814781763694e-21,2.0818397622015055e-21,2.0818647157381258e-21,2.0818896423890657e-21,2.081914542169521e-21,2.081939415097902e-21,2.081964261189739e-21,2.081989080460326e-21,2.082013872925394e-21,2.082038638601027e-21,2.0820633775031434e-21,2.0820880896476067e-21,2.0821127750503928e-21,2.082137433727095e-21,2.0821620656938417e-21,2.0821866709665204e-21,2.082211249561386e-21,2.082235801493836e-21,2.082260326779883e-21,2.082284825435188e-21,2.0823092974756406e-21,2.082333742917087e-21,2.0823581617753213e-21,2.0823825540661114e-21,2.0824069198053057e-21,2.082431259008599e-21,2.082455571691814e-21,2.0824798578706695e-21,2.0825041175610294e-21,2.0825283507784787e-21,2.0825525575387738e-21,2.0825767378577303e-21,2.0826008917510085e-21,2.082625019234301e-21,2.0826491203233277e-21,2.0826731950336866e-21,2.0826972433811645e-21,2.08272126538137e-21,2.082745261049938e-21,2.0827692304025423e-21,2.0827931734548403e-21,2.082817090222436e-21,2.0828409807209252e-21,2.082864844965928e-21,2.0828886829730818e-21,2.082912494757913e-21,2.0829362803360388e-21,2.082960039723014e-21,2.0829837729343994e-21,2.0830074799857107e-21,2.083031160892616e-21,2.0830548156704683e-21,2.0830784443349534e-21,2.0831020469009187e-21,2.0831256233844327e-21,2.0831491738009078e-21,2.0831726981658938e-21,2.083196196494794e-21,2.0832196688031095e-21,2.0832431151062327e-21,2.0832665354195347e-21,2.083289929758447e-21,2.0833132981381425e-21,2.0833366405756945e-21,2.083359957085161e-21,2.0833832476823353e-21,2.0834065123821705e-21,2.083429751200572e-21,2.083452964151449e-21,2.0834761512518317e-21,2.0834993125169947e-21,2.0835224479620708e-21,2.0835455576023973e-21,2.0835686414532963e-21,2.0835916995299823e-21,2.0836147318477935e-21,2.083637738422032e-21,2.083660719267919e-21,2.0836836744007616e-21,2.0837066038358386e-21,2.0837295075884387e-21,2.0837523856737344e-21,2.0837752381069996e-21,2.0837980649034764e-21,2.0838208660783844e-21,2.0838436416469438e-21,2.0838663916243708e-21,2.083889116025848e-21,2.0839118148665527e-21,2.0839344881617113e-21,2.083957135926457e-21,2.08397975817592e-21,2.0840023549253155e-21,2.0840249261897382e-21,2.084047471984394e-21,2.0840699923243867e-21,2.0840924872247437e-21,2.0841149567006303e-21,2.0841374007672254e-21,2.084159819439501e-21,2.0841822127326003e-21,2.0842045806615476e-21,2.0842269232413132e-21,2.0842492404870018e-21,2.0842715324137573e-21,2.084293799036607e-21,2.0843160403705534e-21,2.0843382564306034e-21,2.084360447231773e-21,2.0843826127857042e-21,2.0844047531096147e-21,2.0844268682216393e-21,2.0844489581346776e-21,2.0844710228662673e-21,2.084493062428867e-21,2.0845150768373296e-21,2.084537066106637e-21,2.0845590302524064e-21,2.0845809692888313e-21,2.0846028832306343e-21,2.0846247720929835e-21,2.084646635890806e-21,2.0846684746389754e-21,2.0846902883523594e-21,2.084712077045805e-21,2.084733840734093e-21,2.0847555794320656e-21,2.0847772931545568e-21,2.0847989819142635e-21,2.084820645730726e-21,2.084842284616181e-21,2.0848638985854716e-21,2.0848854876534065e-21,2.0849070518348117e-21,2.0849285911444183e-21,2.0849501055970015e-21,2.0849715952073318e-21,2.0849930599901008e-21,2.0850144999601476e-21,2.08503591513432e-21,2.085057305523146e-21,2.085078671143007e-21,2.0851000120092046e-21,2.0851213281360943e-21,2.0851426195387917e-21,2.085163886231474e-21,2.0851851282286333e-21,2.08520634554563e-21,2.0852275381964422e-21,2.085248706196413e-21,2.085269849559874e-21,2.085290968301279e-21,2.085312062435371e-21,2.0853331319768374e-21,2.085354176940226e-21,2.0853751973402143e-21,2.0853961931910717e-21,2.0854171645076325e-21,2.085438111304698e-21,2.0854590335962376e-21,2.0854799313974227e-21,2.0855008047221153e-21,2.085521653585198e-21,2.0855424780012266e-21,2.0855632779846156e-21,2.0855840535499705e-21,2.085604804711721e-21,2.0856255314853235e-21,2.085646233883413e-21,2.0856669119210015e-21,2.085687565613082e-21,2.085708194974053e-21,2.085728800018197e-21,2.0857493807599412e-21,2.085769937213696e-21,2.085790469394211e-21,2.085810977315939e-21,2.085831460992478e-21,2.0858519204388166e-21,2.0858723556691038e-21,2.0858927666976805e-21,2.0859131535393852e-21,2.085933516208256e-21,2.085953854721353e-21,2.0859741690903394e-21,2.085994459329408e-21,2.0860147254530025e-21,2.0860349674725246e-21,2.0860551854056167e-21,2.0860753792661313e-21,2.0860955490682996e-21,2.086115694826495e-21,2.0861358165549616e-21,2.086155914267926e-21,2.086175987979696e-21,2.086196037704473e-21,2.086216063456525e-21,2.0862360652500418e-21,2.0862560430992947e-21,2.086275997018467e-21,2.086295927021725e-21,2.0863158331233613e-21,2.0863357153375102e-21,2.086355573678281e-21,2.0863754081599525e-21,2.086395218796604e-21,2.086415005602471e-21,2.08643476859164e-21,2.0864545077782448e-21,2.086474223176396e-21,2.0864939148002603e-21,2.086513582663929e-21,2.0865332267815123e-21,2.0865528471670878e-21,2.086572443834453e-21,2.0865920167980195e-21,2.0866115660718005e-21,2.0866310916699006e-21,2.0866505936062736e-21,2.0866700718950894e-21,2.0866895265502784e-21,2.0867089575859445e-21,2.0867283650160816e-21,2.0867477488546535e-21,2.0867671091156953e-21,2.0867864458131915e-21,2.086805758961168e-21,2.0868250485735714e-21,2.086844314664293e-21,2.086863557247451e-21,2.0868827763368455e-21,2.08690197194653e-21,2.0869211440903624e-21,2.086940292782264e-21,2.0869594180362003e-21,2.0869785198661084e-21,2.086997598285816e-21,2.087016653309212e-21,2.0870356849502715e-21,2.087054693222765e-21,2.0870736781405595e-21,2.08709263971764e-21,2.087111577967696e-21,2.087130492904777e-21,2.0871493845426268e-21,2.0871682528950077e-21,2.0871870979757504e-21,2.0872059197987155e-21,2.0872247183776183e-21,2.0872434937263355e-21,2.087262245858596e-21,2.0872809747881905e-21,2.0872996805289e-21,2.087318363094447e-21,2.0873370224986516e-21,2.0873556587551904e-21,2.0873742718778394e-21,2.08739286188031e-21,2.087411428776326e-21,2.087429972579605e-21,2.0874484933037617e-21,2.087466990962652e-21,2.08748546556985e-21,2.0875039171390496e-21,2.087522345683933e-21,2.0875407512181664e-21,2.0875591337553884e-21,2.0875774933092884e-21,2.0875958298934412e-21,2.0876141435214596e-21,2.0876324342070637e-21,2.0876507019638e-21,2.0876689468052684e-21,2.0876871687450867e-21,2.0877053677968424e-21,2.0877235439740687e-21,2.087741697290424e-21,2.08775982775942e-21,2.0877779353943493e-21,2.0877960202091958e-21,2.0878140822172024e-21,2.08783212143388e-21,2.0878501378712952e-21,2.0878681315404263e-21,2.0878861024569168e-21,2.0879040506352493e-21,2.0879219760869887e-21,2.0879398788266936e-21,2.0879577588676007e-21,2.087975616223313e-21,2.0879934509072688e-21,2.088011262932846e-21,2.0880290523135452e-21,2.088046819062805e-21,2.0880645631952895e-21,2.0880822847232145e-21,2.0880999836586824e-21,2.088117660016484e-21,2.0881353138098573e-21,2.088152945052495e-21,2.0881705537574615e-21,2.0881881399382094e-21,2.0882057036077424e-21,2.088223244779717e-21,2.088240763467562e-21,2.0882582596845927e-21,2.0882757334441596e-21,2.088293184759502e-21,2.0883106136440196e-21,2.0883280201102612e-21,2.088345404172117e-21,2.0883627658426848e-21,2.0883801051367123e-21,2.088397422066443e-21,2.088414716645082e-21,2.088431988885808e-21,2.088449238801888e-21,2.08846646640676e-21,2.0884836717127317e-21,2.088500854734047e-21,2.0885180154840427e-21,2.0885351539756425e-21,2.0885522702220466e-21,2.0885693642363527e-21,2.088586436031523e-21,2.0886034856209728e-21,2.088620513017986e-21,2.0886375182356028e-21,2.088654501286853e-21,2.088671462185669e-21,2.0886884009439835e-21,2.08870531757548e-21,2.088722212094749e-21,2.088739084511761e-21,2.088755934841645e-21,2.088772763097616e-21,2.0887895692921912e-21,2.088806353438056e-21,2.08882311554912e-21,2.0888398556381845e-21,2.088856573717505e-21,2.0888732698009364e-21,2.088889943901453e-21,2.088906596032179e-21,2.088923226206087e-21,2.0889398344362082e-21,2.088956420735555e-21,2.088972985117453e-21,2.088989527594592e-21,2.0890060481800065e-21,2.089022546886647e-21,2.089039023727523e-21,2.0890554787156264e-21,2.089071911863852e-21,2.0890883231851857e-21,2.089104712693471e-21,2.0891210804007545e-21,2.0891374263199703e-21,2.0891537504640154e-21,2.0891700528458004e-21,2.0891863334785647e-21,2.089202592374866e-21,2.089218829547533e-21,2.0892350450094656e-21,2.089251238773906e-21,2.0892674108535457e-21,2.0892835612608025e-21,2.089299690008939e-21,2.089315797110647e-21,2.089331882578914e-21,2.089347946426445e-21,2.0893639886662337e-21,2.0893800093110922e-21,2.0893960083737274e-21,2.0894119858669775e-21,2.0894279418036236e-21,2.0894438761965526e-21,2.0894597890583424e-21,2.0894756804018835e-21,2.0894915502399514e-21,2.0895073985852893e-21,2.0895232254515092e-21,2.0895390308496084e-21,2.089554814793185e-21,2.0895705772948977e-21,2.0895863183676052e-21,2.0896020380238856e-21,2.0896177362769943e-21,2.0896334131389766e-21,2.0896490686227006e-21,2.08966470274048e-21,2.0896803155053424e-21,2.0896959069299515e-21,2.0897114770272908e-21,2.0897270258093004e-21,2.0897425532890183e-21,2.089758059477517e-21,2.0897735443904434e-21,2.0897890080389594e-21,2.089804450435654e-21,2.089819871593113e-21,2.0898352715239725e-21,2.089850650240804e-21,2.0898660077562145e-21,2.0898813440827117e-21,2.089896659233077e-21,2.089911953219537e-21,2.0899272260548007e-21,2.0899424777514244e-21,2.089957708321971e-21,2.0899729177794014e-21,2.0899881061352636e-21,2.09000327340317e-21,2.090018419594493e-21,2.0900335447230093e-21,2.0900486487998337e-21,2.0900637318380037e-21,2.0900787938494137e-21,2.0900938348478398e-21,2.0901088548451377e-21,2.09012385385349e-21,2.0901388318855166e-21,2.0901537889544104e-21,2.0901687250716755e-21,2.090183640249809e-21,2.0901985345026095e-21,2.0902134078402417e-21,2.090228260274369e-21,2.090243091820962e-21,2.090257902490581e-21,2.0902726922958328e-21,2.090287461248718e-21,2.0903022093616254e-21,2.090316936647031e-21,2.0903316431171607e-21,2.0903463287849956e-21,2.090360993658944e-21,2.0903756377553416e-21,2.0903902610893675e-21,2.0904048636706046e-21,2.0904194455106094e-21,2.0904340066209414e-21,2.0904485470147488e-21,2.090463066704296e-21,2.090477565701907e-21,2.0904920440198227e-21,2.0905065016703273e-21,2.090520938665658e-21,2.090535355017121e-21,2.0905497507388744e-21,2.0905641258422115e-21,2.090578480339137e-21,2.0905928142425352e-21,2.090607127563771e-21,2.0906214203152613e-21,2.0906356925098864e-21,2.0906499441593443e-21,2.090664175275531e-21,2.090678385869286e-21,2.0906925759560264e-21,2.090706745546275e-21,2.0907208946521932e-21,2.0907350232856703e-21,2.0907491314589017e-21,2.0907632191832423e-21,2.090777286472197e-21,2.090791333338136e-21,2.09080535979289e-21,2.090819365848228e-21,2.0908333515166224e-21,2.090847316809377e-21,2.0908612617390095e-21,2.090875186319324e-21,2.090889090559647e-21,2.0909029744722218e-21,2.090916838070161e-21,2.090930681365168e-21,2.0909445043693907e-21,2.0909583070947544e-21,2.0909720895554467e-21,2.0909858517612804e-21,2.0909995937242472e-21,2.091013315456374e-21,2.0910270169697304e-21,2.0910406982762396e-21,2.09105435938795e-21,2.0910680003168016e-21,2.0910816210747877e-21,2.0910952216738925e-21,2.0911088021260995e-21,2.0911223624432747e-21,2.091135902637435e-21,2.0911494227205188e-21,2.0911629227044338e-21,2.0911764026010782e-21,2.0911898624224213e-21,2.0912033021803155e-21,2.091216721886692e-21,2.0912301215534497e-21,2.0912435011924567e-21,2.091256860814617e-21,2.0912702004328135e-21,2.0912835200588605e-21,2.0912968197047283e-21,2.091310099382156e-21,2.091323359104276e-21,2.0913365988836627e-21,2.0913498187298905e-21,2.091363018654793e-21,2.0913761986701714e-21,2.091389358787992e-21,2.091402499016968e-21,2.091415619371999e-21,2.0914287198663867e-21,2.0914418005105085e-21,2.0914548613161667e-21,2.091467902295048e-21,2.091480923458985e-21,2.09149392481973e-21,2.09150690638903e-21,2.091519868178585e-21,2.091532810200151e-21,2.0915457324654545e-21,2.0915586349862387e-21,2.091571517774432e-21,2.0915843808400226e-21,2.0915972241960384e-21,2.091610047854082e-21,2.091622851825774e-21,2.0916356361243953e-21,2.0916484007597534e-21,2.0916611457439372e-21,2.0916738710891787e-21,2.0916865768062025e-21,2.091699262907371e-21,2.091711929404567e-21,2.091724576308533e-21,2.0917372036308875e-21,2.0917498113836147e-21,2.0917623995799953e-21,2.091774968226464e-21,2.0917875173399055e-21,2.0918000469301445e-21,2.0918125570087896e-21,2.091825047586652e-21
21,9.495723822710083e-83,4.9726053452600235e-82,1.5525780875409668e-81,3.7528368263131704e-81,7.747168285214867e-81,1.435274801030478e-80,2.456642847641035e-80,3.9577396791206254e-80,6.07807802947037e-80,8.979201501702228e-80,1.284617791866088e-79,1.7889132009895844e-79,2.4344803979559845e-79,3.2478124074581827e-79,4.258379624576779e-79,5.498788627816629e-79,7.004941142813288e-79,8.816192976196609e-79,1.0975512816830242e-78,1.3529640851614121e-78,1.6529247174384575e-78,2.002908998491748e-78,2.408817357545914e-78,2.8769906140517027e-78,3.414225738337523e-78,4.0277915966260304e-78,4.725444679477777e-78,5.515444815182049e-78,6.406570868748099e-78,7.408136427088759e-78,8.530005470866324e-78,9.782608033367943e-78,1.117695584668235e-77,1.2724657975430139e-77,1.4437936438147597e-77,1.6329641816510938e-77,1.8413268852461605e-77,2.0702972033312166e-77,2.3213581164884957e-77,2.5960616932733936e-77,2.896030645146356e-77,3.222959880221689e-77,3.578618055824778e-77,3.96484912987704e-77,4.383573911091814e-77,4.83679160799341e-77,5.3265813767609446e-77,5.8551038678858016e-77,6.424602771665161e-77,7.037406362512959e-77,7.695929042094982e-77,8.402672881296816e-77,9.160229161016481e-77,9.971279911784322e-77,1.083859945221586e-76,1.1765055926292953e-76,1.2753612839476628e-76,1.3807330593651746e-76,1.4929368020907846e-76,1.612298391615198e-76,1.7391538568555314e-76,1.8738495291837596e-76,2.0167421953389636e-76,2.1681992502231552e-76,2.32859884958112e-76,2.4983300625638522e-76,2.67779302417661e-76,2.867399087610789e-76,3.0675709764603454e-76,3.2787429368217064e-76,3.5013608892788075e-76,3.7358825807727404e-76,3.9827777363560625e-76,4.2425282108309146e-76,4.515628140271894e-76,4.802584093435782e-76,5.10391522305385e-76,5.420153417010724e-76,5.751843449406751e-76,6.099543131507794e-76,6.463823462578561e-76,6.845268780602597e-76,7.24447691288577e-76,7.662059326548015e-76,8.098641278898771e-76,8.554861967699037e-76,9.031374681309017e-76,9.528846948721284e-76,1.0047960689480804e-75,1.0589412363490482e-75,1.1153913120701238e-75,1.1742188950699772e-75,1.2354980832151533e-75,1.2993044882177882e-75,1.3657152505582671e-75,1.4348090543959224e-75,1.5066661424731596e-75,1.5813683310033886e-75,1.658999024549836e-75,1.7396432308927165e-75,1.8233875758852144e-75,1.9103203182979567e-75,2.00053136465235e-75,2.0941122840425166e-75,2.1911563229465186e-75,2.291758420024599e-75,2.396015220910997e-75,2.5040250929848577e-75,2.6158881401421444e-75,2.7317062175470726e-75,2.8515829463757577e-75,2.975623728551437e-75,3.1039357614588544e-75,3.236628052661646e-75,3.373811434596352e-75,3.5155985792610833e-75,3.6621040128940497e-75,3.813444130632444e-75,3.9697372111755935e-75,4.1311034314210636e-75,4.297664881098635e-75,4.46954557739161e-75,4.64687147954547e-75,4.8297705034672765e-75,5.01837253631246e-75,5.212809451061455e-75,5.413215121085263e-75,5.6197254346995e-75,5.832478309707338e-75,6.051613707931531e-75,6.277273649737734e-75,6.5096022285406935e-75,6.748745625306239e-75,6.994852123039501e-75,7.248072121259539e-75,7.508558150468194e-75,7.776464886603654e-75,8.05194916548493e-75,8.335169997245406e-75,8.626288580754127e-75,8.925468318028356e-75,9.232874828632796e-75,9.548675964070072e-75,9.873041822157726e-75,1.0206144761397755e-74,1.0548159415330667e-74,1.0899262706884095e-74,1.1259633862707717e-74,1.1629454427491899e-74,1.200890827829027e-74,1.239818163880836e-74,1.2797463093712227e-74,1.3206943602898097e-74,1.3626816515758724e-74,1.4057277585452812e-74,1.4498524983146183e-74,1.4950759312250557e-74,1.5414183622651158e-74,1.5889003424920494e-74,1.6375426704525042e-74,1.6873663936018714e-74,1.7383928097224483e-74,1.7906434683412018e-74,1.8441401721450528e-74,1.898904978397082e-74,1.954960200349756e-74,2.012328408658059e-74,2.0710324327917243e-74,2.1310953624456784e-74,2.192540548949778e-74,2.2553916066777635e-74,2.319672414454959e-74,2.3854071169640582e-74,2.4526201261514725e-74,2.521336122631444e-74,2.5915800570890916e-74,2.6633771516829343e-74,2.736752901446486e-74,2.8117330756875697e-74,2.888343719388281e-74,2.9666111546022766e-74,3.0465619818522055e-74,3.128223081525291e-74,3.211621615268822e-74,3.296785027383016e-74,3.3837410462143685e-74,3.472517685547353e-74,3.56314324599489e-74,3.655646316387747e-74,3.7500557751631215e-74,3.846400791752545e-74,3.944710827967626e-74,4.045015639386006e-74,4.1473452767349925e-74,4.251730087275852e-74,4.358200716184339e-74,4.466788107934294e-74,4.577523507675139e-74,4.6904384626130625e-74,4.805564823387388e-74,4.9229347454486986e-74,5.042580690434493e-74,5.164535427543568e-74,5.28883203491063e-74,5.415503900978437e-74,5.544584725870414e-74,5.676108522759573e-74,5.810109619240987e-74,5.946622658698021e-74,6.085682601670696e-74,6.227324727222835e-74,6.371584634306801e-74,6.518498243128341e-74,6.668101796510276e-74,6.820431861255011e-74,6.975525329504214e-74,7.133419420102126e-74,7.294151679953048e-74,7.45775998537935e-74,7.624282543479981e-74,7.793757893485642e-74,7.966224908115432e-74,8.141722794927133e-74,8.320291097677821e-74,8.501969697668439e-74,8.686798815098491e-74,8.874819010416635e-74,9.066071185666149e-74,9.260596585838909e-74,9.45843680021713e-74,9.659633763721612e-74,9.864229758256822e-74,1.0072267414053446e-73,1.0283789711013181e-73,1.0498839980051382e-73,1.0717461904430945e-73,1.0939699521114546e-73,1.1165597222093011e-73,1.1395199755727196e-73,1.1628552228083769e-73,1.1865700104273951e-73,1.2106689209783847e-73,1.2351565731811464e-73,1.2600376220598802e-73,1.2853167590763708e-73,1.3109987122628954e-73,1.3370882463555545e-73,1.3635901629267447e-73,1.390509300518283e-73,1.4178505347738302e-73,1.4456187785716555e-73,1.4738189821568873e-73,1.5024561332741573e-73,1.5315352572996756e-73,1.5610614173734668e-73,1.5910397145315314e-73,1.62147528783763e-73,1.6523733145152834e-73,1.6837390100795818e-73,1.71557762846869e-73,1.7478944621755956e-73,1.780694842379654e-73,1.8139841390775914e-73,1.8477677612151537e-73,1.882051156818337e-73,1.9168398131239246e-73,1.952139256710853e-73,1.9879550536312296e-73,2.0242928095410516e-73,2.0611581698304544e-73,2.0985568197548226e-73,2.1364944845650373e-73,2.1749769296376503e-73,2.2140099606057562e-73,2.2535994234887014e-73,2.2937512048221695e-73,2.3344712317884556e-73,2.375765472345994e-73,2.417639935359573e-73,2.4601006707298702e-73,2.5031537695225915e-73,2.5468053640987498e-73,2.5910616282436452e-73,2.6359287772959186e-73,2.6814130682775276e-73,2.7275208000216168e-73,2.7742583133030476e-73,2.8216319909661736e-73,2.869648258054052e-73,2.918313581937159e-73,2.967634472441825e-73,3.017617481979137e-73,3.068269205673002e-73,3.1195962814883944e-73,3.1716053903603206e-73,3.2243032563209494e-73,3.277696646628296e-73,3.331792371893876e-73,3.3865972862109415e-73,3.442118287281503e-73,3.498362316544842e-73,3.555336359304199e-73,3.6130474448549824e-73,3.671502646611861e-73,3.7307090822356854e-73,3.79067391376129e-73,3.8514043477237194e-73,3.9129076352861555e-73,3.97519107236599e-73,4.0382619997625205e-73,4.102127803282182e-73,4.16679591386684e-73,4.2322738077190193e-73,4.2985690064288875e-73,4.365689077100286e-73,4.433641632477123e-73,4.5024343310695346e-73,4.5720748772799154e-73,4.642571021528162e-73,4.7139305603788215e-73,4.786161336665174e-73,4.8592712396167126e-73,4.93326820498303e-73,5.008160215160082e-73,5.083955299315539e-73,5.160661533513966e-73,5.238287040841771e-73,5.316839991532044e-73,5.396328603090901e-73,5.476761140420544e-73,5.558145915945216e-73,5.640491289735034e-73,5.723805669632404e-73,5.808097511373441e-73,5.893375318715555e-73,5.979647643559263e-73,6.06692308607457e-73,6.155210294823251e-73,6.244517966883477e-73,6.334854847975101e-73,6.4262297325812e-73,6.518651464072294e-73,6.612128934833217e-73,6.706671086381445e-73,6.802286909494452e-73,6.898985444331523e-73,6.996775780557638e-73,7.095667057466167e-73,7.195668464102351e-73,7.296789239386598e-73,7.399038672235271e-73,7.502426101686897e-73,7.606960917022529e-73,7.71265255788871e-73,7.819510514421123e-73,7.927544327365122e-73,8.036763588200142e-73,8.147177939260255e-73,8.258797073857693e-73,8.371630736403976e-73,8.485688722532028e-73,8.60098087921847e-73,8.717517104905606e-73,8.835307349622268e-73,8.954361615105876e-73,9.074689954924211e-73,9.196302474596454e-73,9.319209331714575e-73,9.443420736064724e-73,9.568946949749044e-73,9.695798287305424e-73,9.823985115828017e-73,9.953517855091435e-73,1.0084406977667484e-72,1.0216663009048897e-72,1.0350296527767667e-72,1.048531816551768e-72,1.06217386072728e-72,1.075956859141007e-72,1.0898818909826275e-72,1.1039500408061967e-72,1.1181623985419688e-72,1.1325200595082572e-72,1.1470241244237414e-72,1.1616756994189596e-72,1.1764758960490422e-72,1.1914258313048947e-72,1.2065266276254607e-72,1.221779412909899e-72,1.2371853205291244e-72,1.2527454893379748e-72,1.2684610636869584e-72,1.2843331934344378e-72,1.3003630339581338e-72,1.3165517461673924e-72,1.3329004965147444e-72,1.349410457008057e-72,1.3660828052222964e-72,1.3829187243111548e-72,1.399919403019356e-72,1.4170860356940922e-72,1.4344198222969539e-72,1.4519219684157288e-72,1.4695936852764346e-72,1.4874361897549774e-72,1.5054507043885326e-72,1.5236384573881295e-72,1.5420006826497912e-72,1.5605386197665088e-72,1.5792535140400023e-72,1.5981466164925388e-72,1.6172191838784003e-72,1.6364724786959508e-72,1.6559077691991047e-72,1.6755263294093325e-72,1.6953294391269203e-72,1.7153183839429902e-72,1.7354944552511187e-72,1.755858950258935e-72,1.7764131719999912e-72,1.7971584293451603e-72,1.8180960370143964e-72,1.839227315588427e-72,1.8605535915201575e-72,1.882076197146748e-72,1.903796470700785e-72,1.9257157563221016e-72,1.9478354040692105e-72,1.9701567699311732e-72,1.9926812158389312e-72,2.0154101096768154e-72,2.0383448252945038e-72,2.0614867425180678e-72,2.084837247162055e-72,2.1083977310403724e-72,2.132169591978343e-72,2.1561542338242304e-72,2.1803530664600702e-72,2.2047675058142391e-72,2.2293989738721485e-72,2.2542488986878454e-72,2.279318714395752e-72,2.304609861221711e-72,2.330123785495006e-72,2.3558619396593934e-72,2.381825782284788e-72,2.408016778078279e-72,2.434436397896093e-72,2.461086118754535e-72,2.487967423841876e-72,2.5150818025291886e-72,2.5424307503823034e-72,2.5700157691725807e-72,2.5978383668891977e-72,2.625900057749088e-72,2.654202362209889e-72,2.6827468069801497e-72,2.711534925031185e-72,2.740568255608042e-72,2.769848344241372e-72,2.7993767427583186e-72,2.8291550092936947e-72,2.859184708301759e-72,2.8894674105671007e-72,2.92000469321605e-72,2.9507981397280577e-72,2.981849339946779e-72,3.013159890091373e-72,3.044731392767766e-72,3.076565456979966e-72,3.108663698141189e-72,3.141027738084933e-72,3.173659205076437e-72,3.206559733823933e-72,3.239730965489468e-72,3.2731745477005744e-72,3.306892134561032e-72,3.34088538666207e-72,3.3751559710939083e-72,3.4097055614563527e-72,3.444535837870754e-72,3.479648486989832e-72,3.515045202010197e-72,3.550727682682681e-72,3.586697635323503e-72,3.622956772825582e-72,3.6595068146696176e-72,3.696349486934766e-72,3.7334865223104905e-72,3.7709196601065625e-72,3.8086506462653684e-72,3.846681233371991e-72,3.8850131806656114e-72,3.923648254050521e-72,3.9625882261068414e-72,4.001834876102413e-72,4.041389990002648e-72,4.08125536048247e-72,4.1214327869367854e-72,4.161924075491716e-72,4.202731039015032e-72,4.2438554971285415e-72,4.2852992762169066e-72,4.32706420944072e-72,4.369152136745377e-72,4.4115649048744917e-72,4.4543043673785515e-72,4.4973723846268237e-72,4.54077082381799e-72,4.58450155899175e-72,4.628566471038948e-72,4.6729674477125e-72,4.71770638363865e-72,4.762785180327499e-72,4.808205746184221e-72,4.853969996519552e-72,4.900079853561211e-72,4.946537246463271e-72,4.993344111319416e-72,5.04050239117106e-72,5.088014036020366e-72,5.135881002839733e-72,5.184105255583025e-72,5.23268876519685e-72,5.281633509630119e-72,5.330941473845673e-72,5.380614649831228e-72,5.430655036609826e-72,5.481064640249705e-72,5.53184547387684e-72,5.582999557684518e-72,5.634528918944014e-72,5.686435592015421e-72,5.738721618358887e-72,5.791389046544669e-72,5.844439932264209e-72,5.897876338340384e-72,5.951700334738702e-72,6.005913998577643e-72,6.060519414139252e-72,6.115518672880036e-72,6.170913873441905e-72,6.226707121661779e-72,6.282900530583084e-72,6.339496220465709e-72,6.396496318797953e-72,6.453902960305661e-72,6.511718286962752e-72,6.569944448003835e-72,6.628583599931736e-72,6.687637906530647e-72,6.747109538875963e-72,6.807000675343755e-72,6.867313501622532e-72,6.928050210723528e-72,6.989213002990919e-72,7.050804086112875e-72,7.112825675131289e-72,7.175279992452602e-72,7.238169267859227e-72,7.301495738518015e-72,7.365261648992994e-72,7.429469251254922e-72,7.494120804690581e-72,7.559218576115098e-72,7.624764839780809e-72,7.690761877389488e-72,7.757211978101281e-72,7.824117438545372e-72,7.891480562831202e-72,7.959303662557637e-72,8.027589056824907e-72,8.096339072243131e-72,8.165556042944807e-72,8.235242310593052e-72,8.305400224393802e-72,8.376032141105446e-72,8.447140425048406e-72,8.518727448116576e-72,8.590795589788173e-72,8.663347237133826e-72,8.736384784828753e-72,8.809910635163349e-72,8.88392719805157e-72,8.958436891043128e-72,9.033442139333541e-72,9.108945375772337e-72,9.184949040876487e-72,9.261455582838702e-72,9.33846745753777e-72,9.41598712854936e-72,9.494017067156648e-72,9.572559752359113e-72,9.651617670883699e-72,9.731193317196e-72,9.811289193508251e-72,9.891907809791595e-72,9.97305168378507e-72,1.0054723341005816e-71,1.0136925314760637e-71,1.0219660146153983e-71,1.0302930384100179e-71,1.0386738585332486e-71,1.0471087314412839e-71,1.0555979143743207e-71,1.0641416653575482e-71,1.0727402432021191e-71,1.081393907506045e-71,1.0901029186554897e-71,1.098867537825549e-71,1.107688026981384e-71,1.1165646488791694e-71,1.125497667067056e-71,1.1344873458863035e-71,1.1435339504721888e-71,1.1526377467551236e-71,1.1617990014614103e-71,1.1710179821146575e-71,1.1802949570363597e-71,1.1896301953471785e-71,1.1990239669678225e-71,1.2084765426200524e-71,1.2179881938277863e-71,1.2275591929178964e-71,1.2371898130215009e-71,1.246880328074735e-71,1.2566310128197344e-71,1.266442142805823e-71,1.2763139943903525e-71,1.2862468447396892e-71,1.296240971830404e-71,1.3062966544499453e-71,1.3164141721979157e-71,1.3265938054870217e-71,1.336835835543874e-71,1.3471405444101998e-71,1.3575082149436763e-71,1.3679391308191416e-71,1.3784335765291822e-71,1.3889918373856163e-71,1.3996141995200753e-71,1.4103009498852632e-71,1.4210523762557572e-71,1.4318687672290995e-71,1.4427504122267492e-71,1.4536976014949495e-71,1.4647106261061014e-71,1.4757897779592124e-71,1.4869353497812156e-71,1.4981476351278902e-71,1.5094269283849983e-71,1.5207735247686931e-71,1.5321877203272435e-71,1.5436698119415873e-71,1.5552200973262498e-71,1.5668388750305376e-71,1.5785264444395436e-71,1.5902831057749464e-71,1.6021091600959165e-71,1.614004909300382e-71,1.6259706561258e-71,1.6380067041501866e-71,1.6501133577929566e-71,1.6622909223162408e-71,1.6745397038254792e-71,1.6868600092704886e-71,1.6992521464466001e-71,1.7117164239953986e-71,1.724253151405956e-71,1.7368626390155323e-71,1.7495451980105704e-71,1.7623011404278394e-71,1.7751307791554222e-71,1.7880344279332966e-71,1.801012401354777e-71,1.8140650148670556e-71,1.8271925847725894e-71,1.840395428229638e-71,1.8536738632536293e-71,1.8670282087177318e-71,1.880458784354093e-71,1.8939659107545807e-71,1.907549909372016e-71,1.9212111025208176e-71,1.9349498133781986e-71,1.9487663659851047e-71,1.9626610852470422e-71,1.9766342969348315e-71,1.9906863276862534e-71,2.004817505006218e-71,2.0190281572683232e-71,2.0333186137152884e-71,2.047689204460347e-71,2.0621402604879082e-71,2.076672113654624e-71,2.0912850966903467e-71,2.105979543198951e-71,2.120755787659554e-71,2.1356141654270902e-71,2.1505550127335946e-71,2.1655786666888896e-71,2.180685465281778e-71,2.1958757473807097e-71,2.211149852734872e-71,2.226508121975207e-71,2.241950896615197e-71,2.2574785190519396e-71,2.2730913325669186e-71,2.2887896813270272e-71,2.30457391038578e-71,2.3204443656836008e-71,2.336401394049516e-71,2.352445343201517e-71,2.368576561747691e-71,2.3847953991873557e-71,2.401102205911608e-71,2.4174973332044363e-71,2.4339811332438327e-71,2.450553959102615e-71,2.467216164748964e-71,2.483968105048061e-71,2.5008101357623693e-71,2.517742613553116e-71,2.5347658959807303e-71,2.5518803415060223e-71,2.569086309491227e-71,2.5863841602005e-71,2.6037742548013954e-71,2.6212569553654853e-71,2.638832624869039e-71,2.656501627194605e-71,2.6742643271313267e-71,2.6921210903761246e-71,2.710072283534642e-71,2.728118274121938e-71,2.746259430563725e-71,2.764496122197172e-71,2.7828287192715447e-71,2.801257592949753e-71,2.819783115308591e-71,2.8384056593399506e-71,2.8571255989518014e-71,2.875943308969003e-71,2.8948591651344e-71,2.9138735441093907e-71,2.9329868234751315e-71,2.9521993817332656e-71,2.9715115983070102e-71,2.9909238535419132e-71,3.0104365287069533e-71,3.030050005995153e-71,3.0497646685248175e-71,3.069580900340175e-71,3.08949908641226e-71,3.1095196126404023e-71,3.129642865852305e-71,3.14986923380537e-71,3.170199105187693e-71,3.1906328696186334e-71,3.2111709176500284e-71,3.2318136407672143e-71,3.252561431389392e-71,3.2734146828709853e-71,3.2943737895022175e-71,3.3154391465104307e-71,3.336611150060626e-71,3.3578901972563563e-71,3.3792766861409913e-71,3.400771015698206e-71,3.422373585853266e-71,3.4440847974733034e-71,3.4659050523689575e-71,3.4878347532947077e-71,3.5098743039499727e-71,3.5320241089802193e-71,3.5542845739775015e-71,3.576656105481393e-71,3.59913911098035e-71,3.621733998911861e-71,3.644441178663927e-71,3.667261060575442e-71,3.690194055937582e-71,3.7132405769946884e-71,3.736401036944769e-71,3.759675849940139e-71,3.783065431089354e-71,3.806570196457336e-71,3.830190563066359e-71,3.853926948896508e-71,3.877779772888049e-71,3.9017494549401854e-71,3.925836415913836e-71,3.950041077631197e-71,3.974363862877487e-71,3.998805195401346e-71,4.02336549991596e-71,4.048045202099721e-71,4.07284472859717e-71,4.097764507020117e-71,4.122804965948294e-71,4.147966534929876e-71,4.173249644483331e-71,4.198654726097399e-71,4.224182212232409e-71,4.249832536320556e-71,4.275606132767921e-71,4.30150343695435e-71,4.327524885234393e-71,4.3536709149387434e-71,4.3799419643746955e-71,4.4063384728270644e-71,4.432860880559058e-71,4.459509628813314e-71,4.486285159812176e-71,4.513187916759914e-71,4.540218343841846e-71,4.567376886226393e-71,4.594663990065284e-71,4.6220801024953906e-71,4.649625671638088e-71,4.677301146601965e-71,4.705106977481713e-71,4.7330436153605756e-71,4.76111151231029e-71,4.789311121392523e-71,4.817642896659172e-71,4.846107293153652e-71,4.874704766911655e-71,4.90343577496177e-71,4.9323007753267266e-71,4.961300227024254e-71,4.9904345900671365e-71,5.0197043254650394e-71,5.049109895225617e-71,5.078651762353468e-71,5.1083303908530396e-71,5.138146245729094e-71,5.168099792986363e-71,5.198191499631483e-71,5.228421833673833e-71,5.2587912641257775e-71,5.2893002610041036e-71,5.319949295330697e-71,5.350738839132968e-71,5.381669365445273e-71,5.412741348309817e-71,5.4439552627769394e-71,5.475311584906241e-71,5.50681079176751e-71,5.538453361441489e-71,5.5702397730205386e-71,5.602170506610136e-71,5.634246043328833e-71,5.666466865309298e-71,5.698833455700325e-71,5.731346298665588e-71,5.764005879386643e-71,5.796812684061793e-71,5.829767199908562e-71,5.8628699151635365e-71,5.896121319083757e-71,5.929521901946674e-71,5.963072155052528e-71,5.996772570723181e-71,6.030623642305663e-71,6.064625864169793e-71,6.098779731711577e-71,6.133085741352425e-71,6.167544390541076e-71,6.202156177753933e-71,6.236921602495874e-71,6.271841165301115e-71,6.306915367734175e-71,6.342144712390508e-71,6.377529702897506e-71,6.4130708439153364e-71,6.44876864113768e-71,6.484623601292155e-71,6.52063623214215e-71,6.556807042487001e-71,6.5931365421624545e-71,6.629625242042174e-71,6.666273654038621e-71,6.703082291102431e-71,6.7400516672260326e-71,6.777182297441323e-71,6.8144746978227675e-71,6.851929385487075e-71,6.8895468785946115e-71,6.927327696349978e-71,6.965272359002662e-71,7.0033813878480085e-71,7.041655305228056e-71,7.080094634532462e-71,7.118699900199072e-71,7.157471627714775e-71,7.196410343617182e-71,7.2355165754934595e-71,7.274790851982757e-71,7.3142337027775e-71,7.353845658622637e-71,7.393627251316145e-71,7.433579013712613e-71,7.473701479721315e-71,7.51399518430762e-71,7.554460663495589e-71,7.595098454365853e-71,7.635909095058368e-71,7.676893124773183e-71,7.718051083770286e-71,7.759383513371807e-71,7.800890955960838e-71,7.842573954984137e-71,7.88443305495216e-71,7.926468801439678e-71,7.96868174108665e-71,8.011072421599227e-71,8.053641391751003e-71,8.09638920138284e-71,8.139316401403918e-71,8.182423543793348e-71,8.225711181600246e-71,8.269179868944213e-71,8.31283016101682e-71,8.356662614082495e-71,8.400677785478467e-71,8.444876233616736e-71,8.489258517983445e-71,8.533825199141012e-71,8.57857683872835e-71,8.623513999461647e-71,8.668637245134817e-71,8.713947140621439e-71,8.759444251873775e-71,8.805129145925777e-71,8.851002390891146e-71,8.897064555967198e-71,8.94331621143337e-71,8.989757928652858e-71,9.036390280072919e-71,9.083213839226867e-71,9.130229180732841e-71,9.177436880297334e-71,9.22483751471327e-71,9.27243166186243e-71,9.320219900715535e-71,9.368202811332938e-71,9.416380974866738e-71,9.464754973559807e-71,9.513325390747299e-71,9.562092810857591e-71,9.611057819413287e-71,9.660221003031083e-71,9.709582949423312e-71,9.75914424739887e-71,9.808905486863165e-71,9.858867258819577e-71,9.909030155369781e-71,9.959394769715404e-71,1.0009961696157563e-70,1.0060731530098314e-70,1.0111704868042189e-70,1.0162882307595176e-70,1.0214264447466998e-70,1.0265851887471032e-70,1.0317645228525835e-70,1.0369645072655141e-70,1.0421852022989131e-70,1.047426668376518e-70,1.0526889660328398e-70,1.0579721559132556e-70,1.0632762987740966e-70,1.0686014554826639e-70,1.0739476870174097e-70,1.0793150544679206e-70,1.0847036190350845e-70,1.090113442031048e-70,1.095544584879365e-70,1.100997109115116e-70,1.106471076384905e-70,1.1119665484469583e-70,1.1174835871712608e-70,1.1230222545394448e-70,1.1285826126452555e-70,1.1341647236941138e-70,1.139768650003633e-70,1.1453944540033758e-70,1.1510421982351849e-70,1.1567119453530938e-70,1.162403758123505e-70,1.1681176994250819e-70,1.1738538322491417e-70,1.179612219699404e-70,1.1853929249922982e-70,1.1911960114568624e-70,1.1970215425350328e-70,1.2028695817814908e-70,1.2087401928638512e-70,1.2146334395627644e-70,1.2205493857719926e-70,1.2306383220405696e-46,1.7828307191255283e-46,2.8861447493435614e-46,5.061538488221151e-46,9.23645653407532e-46,1.7045017447514284e-45,3.1349525322746586e-45,5.71552604032315e-45,1.0323042222368118e-44,1.8500738584651285e-44,3.298473654263523e-44,5.867380056820885e-44,1.0444617113335468e-43,1.8662876742554743e-43,3.3576407824503258e-43,6.101268791909856e-43,1.1234494057463175e-42,2.103500925832941e-42,4.020031632738584e-42,7.874810942006763e-42,1.5887271536779278e-41,3.3194126179490493e-41,7.229634328551356e-41,1.6543772305311265e-40,4.016177025427756e-40,1.0468973205500531e-39,2.975915748329308e-39,9.413121376718001e-39,3.403974255981812e-38,1.4605623870168985e-37,7.837083840570788e-37,5.676691099984302e-36,6.226397473148788e-35,1.245883075866296e-33,6.879347057700823e-32,2.5085163071161345e-29,3.3585092018365726e-26,3.0257793667879875e-23,8.521263044972296e-21,7.100368874705352e-19,2.183107352736557e-17,3.1667217593422857e-16,2.636074638556994e-15,1.4518694496425345e-14,5.853202847698003e-14,1.8560216082691712e-13,4.875675690488023e-13,1.1023824054915038e-12,2.2076898408360507e-12,4.00328492108767e-12,6.687292569807068e-12,1.0432587584027154e-11,1.5368893288379116e-11,2.157333784866977e-11,2.9069515361221415e-11,3.783323045515399e-11,4.780230432667076e-11,5.888783809358927e-11,7.098484145091507e-11,8.398091579776869e-11,9.77625312041325e-11,1.1221911145148765e-10,1.2724547187598195e-10,1.427431689846006e-10,1.5862117742608341e-10,1.7479615113632233e-10,1.9119241383271988e-10,2.077417624499e-10,2.2438313793000749e-10,2.410622044411743e-10,2.5773087078540127e-10,2.7434678204244673e-10,2.908728041088999e-10,3.0727651843023e-10,3.2352973948648415e-10,3.396080631252752e-10,3.554904505293364e-10,3.711588498123202e-10,3.8659785524460733e-10,4.0179440272637657e-10,4.167374992540821e-10,4.3141798360436863e-10,4.4582831525319217e-10,4.5996238850981063e-10,4.738153689849037e-10,4.873835496134473e-10,5.0066422394837e-10,5.136555742504016e-10,5.263565726343895e-10,5.387668934630456e-10,5.508868355074163e-10,5.627172526310045e-10,5.742594918498156e-10,5.855153378624455e-10,5.964869632329673e-10,6.071768835363279e-10,6.175879169005291e-10,6.277231474199786e-10,6.375858920323109e-10,6.471796704777545e-10,6.565081780314572e-10,6.655752607090436e-10,6.743848927720604e-10,6.829411562281299e-10,6.912482222139152e-10,6.993103340643509e-10,7.071317919326861e-10,7.14716938829193e-10,7.220701479486549e-10,7.291958112001318e-10,7.360983288193623e-10,7.427821000029123e-10,7.492515144567595e-10,7.55510944788049e-10,7.615647396964853e-10,7.674172178729457e-10,7.730726625634952e-10,7.785353167358329e-10,7.838093788084268e-10,7.888989988993201e-10,7.938082755154593e-10,7.985412527058546e-10,8.031019175920765e-10,8.074941982508461e-10,8.117219619412789e-10,8.157890136245476e-10,8.196990947534066e-10,8.234558823155242e-10,8.270629880981063e-10,8.305239581647568e-10,8.338422725071195e-10,8.370213448711478e-10,8.40064522733572e-10,8.429750874140432e-10,8.457562543079325e-10,8.484111732308788e-10,8.509429288578377e-10,8.533545412534484e-10,8.556489664775801e-10,8.578290972491336e-10,8.598977636921586e-10,8.618577341128003e-10,8.637117158284002e-10,8.654623560396702e-10,8.671122427272836e-10,8.686639055881628e-10,8.701198169836352e-10,8.714823929128107e-10,8.727539939983001e-10,8.739369264842978e-10,8.750334432426758e-10,8.76045744783355e-10,8.769759802683152e-10,8.778262485256937e-10,8.785985990601052e-10,8.792950330619952e-10,8.799175044094725e-10,8.804679206636747e-10,8.809481440556271e-10,8.81359992463658e-10,8.817052403800694e-10,8.819856198663029e-10,8.822028214958235e-10,8.823584952836415e-10,8.82454251602568e-10,8.824916620854067e-10,8.824722605123502e-10,8.823975436833488e-10,8.822689722767233e-10,8.820879716875596e-10,8.818559328586404e-10,8.815742130899375e-10,8.812441368305279e-10,8.808669964619702e-10,8.804440530585671e-10,8.799765371404059e-10,8.794656493982149e-10,8.78912561414332e-10,8.783184163631829e-10,8.776843296966719e-10,8.770113898151219e-10,8.763006587227769e-10,8.75553172668365e-10,8.747699427732593e-10,8.73951955640711e-10,8.731001739550161e-10,8.722155370656392e-10,8.712989615568787e-10,8.703513418027363e-10,8.693735505172994e-10,8.683664392753353e-10,8.673308390365909e-10,8.662675606487757e-10,8.651773953407544e-10,8.640611152052673e-10,8.629194736663747e-10,8.617532059365451e-10,8.605630294649797e-10,8.593496443726154e-10,8.581137338757027e-10,8.568559647039188e-10,8.555769874963927e-10,8.5427743720511e-10,8.529579334733155e-10,8.516190810110767e-10,8.502614699609111e-10,8.488856762534613e-10,8.474922619553844e-10,8.460817756056436e-10,8.446547525483368e-10,8.432117152529076e-10,8.417531736263539e-10,8.402796253215132e-10,8.387915560332616e-10,8.372894397895163e-10,8.357737392342398e-10,8.342449059038661e-10,8.327033804954334e-10,8.311495931302181e-10,8.295839636083579e-10,8.280069016586469e-10,8.26418807181349e-10,8.248200704851392e-10,8.232110725180273e-10,8.215921850924068e-10,8.199637711046607e-10,8.183261847483111e-10,8.166797717254701e-10,8.150248694458971e-10,8.133618072281885e-10,8.116909064922766e-10,8.100124809479095e-10,8.083268367784951e-10,8.066342728201472e-10,8.049350807363848e-10,8.032295451885239e-10,8.015179440017468e-10,7.998005483271326e-10,7.980776227993901e-10,7.963494256911095e-10,7.94616209062773e-10,7.928782189091952e-10,7.911356953030147e-10,7.893888725329228e-10,7.876379792402653e-10,7.858832385514091e-10,7.841248682072351e-10,7.823630806886075e-10,7.805980833403279e-10,7.788300784894537e-10,7.770592635647885e-10,7.752858312087091e-10,7.735099693897946e-10,7.717318615117156e-10,7.699516865180581e-10,7.68169618996736e-10,7.663858292805736e-10,7.646004835459637e-10,7.628137439085839e-10,7.610257685177491e-10,7.592367116472496e-10,7.574467237852151e-10,7.556559517208575e-10,7.53864538629616e-10,7.520726241561853e-10,7.502803444957257e-10,7.484878324724561e-10,7.466952176172837e-10,7.449026262428512e-10,7.43110181517429e-10,7.413180035362417e-10,7.395262093917763e-10,7.377349132422256e-10,7.359442263782334e-10,7.341542572881115e-10,7.323651117215144e-10,7.305768927515967e-10,7.287897008357544e-10,7.270036338748257e-10,7.252187872711123e-10,7.234352539846573e-10,7.216531245887912e-10,7.198724873236909e-10,7.180934281492741e-10,7.163160307965468e-10,7.145403768176583e-10,7.127665456354099e-10,7.10994614590658e-10,7.092246589894737e-10,7.074567521486243e-10,7.056909654404266e-10,7.039273683363662e-10,7.021660284494718e-10,7.004070115764313e-10,6.986503817378762e-10,6.968962012182994e-10,6.951445306049369e-10,6.933954288256653e-10,6.916489531862179e-10,6.899051594058212e-10,6.881641016538519e-10,6.864258325832533e-10,6.846904033647857e-10,6.829578637205224e-10,6.81228261955469e-10,6.795016449893356e-10,6.777780583877396e-10,6.760575463920513e-10,6.74340151948953e-10,6.726259167393673e-10,6.709148812064987e-10,6.692070845834672e-10,6.675025649201229e-10,6.658013591097206e-10,6.641035029141526e-10,6.62409030989429e-10,6.607179769102415e-10,6.590303731939792e-10,6.573462513242004e-10,6.55665641773962e-10,6.539885740277195e-10,6.523150766038192e-10,6.506451770757503e-10,6.489789020933257e-10,6.47316277403107e-10,6.45657327868629e-10,6.440020774899138e-10,6.423505494230894e-10,6.407027659986424e-10,6.390587487402271e-10,6.374185183825744e-10,6.357820948890062e-10,6.341494974687702e-10,6.325207445938143e-10,6.308958540152968e-10,6.292748427796474e-10,6.276577272444939e-10,6.260445230939169e-10,6.244352453535455e-10,6.228299084054471e-10,6.212285260024562e-10,6.196311112823273e-10,6.180376767816235e-10,6.164482344492443e-10,6.148627956594871e-10,6.132813712252319e-10,6.117039714104571e-10,6.101306059427074e-10,6.085612840251582e-10,6.069960143486468e-10,6.054348051030967e-10,6.0387766398894e-10,6.023245982283009e-10,6.007756145758923e-10,5.992307193295726e-10,5.976899183408472e-10,5.961532170250261e-10,5.94620620371315e-10,5.930921329523025e-10,5.915677589341502e-10,5.900475020851137e-10,5.885313657853139e-10,5.870193530355557e-10,5.855114664660465e-10,5.840077083450054e-10,5.825080805870896e-10,5.810125847616047e-10,5.795212221006952e-10,5.78033993506984e-10,5.765508995615881e-10,5.750719405313509e-10,5.735971163765277e-10,5.721264267578602e-10,5.706598710437917e-10,5.691974483172737e-10,5.677391573826624e-10,5.66284996772337e-10,5.648349647531869e-10,5.633890593329569e-10,5.619472782667725e-10,5.605096190628111e-10,5.590760789885286e-10,5.576466550765212e-10,5.562213441302327e-10,5.548001427295124e-10,5.533830472362671e-10,5.519700537995206e-10,5.505611583611176e-10,5.491563566605559e-10,5.477556442401274e-10,5.46359016449999e-10,5.449664684528342e-10,5.435779952285784e-10,5.421935915793207e-10,5.408132521335304e-10,5.394369713507483e-10,5.380647435257557e-10,5.366965627930213e-10,5.353324231307146e-10,5.339723183649252e-10,5.32616242173562e-10,5.312641880903347e-10,5.299161495086022e-10,5.285721196850831e-10,5.272320917435918e-10,5.258960586785772e-10,5.245640133587071e-10,5.232359485303118e-10,5.219118568207249e-10,5.205917307416531e-10,5.19275562692391e-10,5.179633449629709e-10,5.166550697373536e-10,5.153507290963663e-10,5.140503150207616e-10,5.127538193940799e-10,5.114612340055785e-10,5.101725505529567e-10,5.088877606450993e-10,5.076068558048462e-10,5.063298274714823e-10,5.050566670034423e-10,5.037873656806777e-10,5.025219147072961e-10,5.01260305213832e-10,5.000025282596553e-10,4.987485748353012e-10,4.974984358647309e-10,4.962521022075128e-10,4.950095646610098e-10,4.937708139625365e-10,4.925358407913444e-10,4.913046357707836e-10,4.900771894702078e-10,4.888534924069298e-10,4.876335350481404e-10,4.864173078128143e-10,4.852048010734707e-10,4.839960051580317e-10,4.82790910351517e-10,4.815895068977843e-10,4.803917850012082e-10,4.791977348283275e-10,4.780073465094045e-10,4.768206101400942e-10,4.756375157828892e-10,4.744580534686466e-10,4.732822131981139e-10,4.721099849433385e-10,4.709413586490385e-10,4.69776324234041e-10,4.686148715926519e-10,4.674569905958796e-10,4.663026710927972e-10,4.6515190291184174e-10,4.640046758619966e-10,4.6286097973397015e-10,4.6172080430148863e-10,4.60584139322326e-10,4.594509745396088e-10,4.5832129968265896e-10,4.5719510446845823e-10,4.5607237860230337e-10,4.5495311177909537e-10,4.53837293684307e-10,4.5272491399492457e-10,4.5161596238046443e-10,4.505104285039048e-10,4.49408302022609e-10,4.483095725892651e-10,4.472142298527012e-10,4.4612226345885996e-10,4.450336630515078e-10,4.4394841827311204e-10,4.4286651876584037e-10,4.4178795417204444e-10,4.407127141351558e-10,4.396407883005167e-10,4.3857216631606234e-10,4.3750683783301557e-10,4.3644479250659583e-10,4.353860199967669e-10,4.343305099687807e-10,4.332782520940763e-10,4.322292360506265e-10,4.311834515237271e-10,4.3014088820662276e-10,4.2910153580101943e-10,4.280653840177231e-10,4.2703242257717426e-10,4.260026412100889e-10,4.249760296578698e-10,4.2395257767321857e-10,4.229322750206357e-10,4.219151114769227e-10,4.209010768316688e-10,4.1989016088773284e-10,4.188823534616708e-10,4.178776443842906e-10,4.168760235010115e-10,4.1587748067232455e-10,4.148820057741918e-10,4.1388958869850827e-10,4.1290021935346115e-10,4.119138876639026e-10,4.109305835717733e-10,4.0995029703643526e-10,4.0897301803514717e-10,4.0799873656321537e-10,4.0702744263452725e-10,4.060591262817161e-10,4.050937775566416e-10,4.041313865305935e-10,4.031719432946232e-10,4.022154379599789e-10,4.0126186065811335e-10,4.0031120154123156e-10,3.993634507824045e-10,3.984185985759051e-10,3.97476635137482e-10,3.965375507045699e-10,3.956013355365054e-10,3.946679799148542e-10,3.9373747414357793e-10,3.9280980854924555e-10,3.918849734813174e-10,3.9096295931225305e-10,3.900437564378331e-10,3.8912735527726746e-10,3.882137462733968e-10,3.8730291989292713e-10,3.863948666265588e-10,3.854895769891667e-10,3.8458704152000524e-10,3.836872507828212e-10,3.827901953660084e-10,3.8189586588281004e-10,3.8100425297143003e-10,3.8011534729516344e-10,3.792291395425619e-10,3.7834562042752015e-10,3.774647806894595e-10,3.7658661109338334e-10,3.757111024300388e-10,3.7483824551602655e-10,3.739680311938638e-10,3.7310045033214323e-10,3.722354938256109e-10,3.71373152595215e-10,3.70513417588263e-10,3.696562797785209e-10,3.68801730166181e-10,3.679497597780415e-10,3.6710035966757344e-10,3.662535209149233e-10,3.6540923462707135e-10,3.6456749193782677e-10,3.63728284007901e-10,3.6289160202492947e-10,3.6205743720375586e-10,3.612257807860886e-10,3.6039662404083055e-10,3.5956995826400454e-10,3.587457747788922e-10,3.5792406493598486e-10,3.571048201130964e-10,3.5628803171524966e-10,3.554736911748482e-10,3.5466178995166903e-10,3.5385231953282656e-10,3.5304527143288445e-10,3.522406371937608e-10,3.5143840838491515e-10,3.5063857660318274e-10,3.498411334728471e-10,3.4904607064569234e-10,3.4825337980096605e-10,3.474630526453918e-10,3.466750809131609e-10,3.4588945636596024e-10,3.451061707929571e-10,3.443252160107678e-10,3.4354658386347504e-10,3.427702662226457e-10,3.4199625498724945e-10,3.4122454208371304e-10,3.4045511946587253e-10,3.3968797911497505e-10,3.389231130396288e-10,3.3816051327583633e-10,3.37400171886911e-10,3.366420809634907e-10,3.3588623262353884e-10,3.3513261901224083e-10,3.343812323020482e-10,3.3363206469262983e-10,3.3288510841079037e-10,3.321403557105439e-10,3.3139779887296955e-10,3.3065743020628727e-10,3.2991924204565246e-10,3.2918322675333854e-10,3.284493767185231e-10,3.2771768435733744e-10,3.269881421127863e-10,3.262607424547276e-10,3.2553547787979115e-10,3.2481234091140116e-10,3.240913240996902e-10,3.23372420021387e-10,3.2265562127991246e-10,3.219409205052375e-10,3.2122831035383106e-10,3.2051778350862727e-10,3.1980933267898713e-10,3.191029506006329e-10,3.183986300356019e-10,3.1769636377215294e-10,3.16996144624777e-10,3.1629796543410497e-10,3.156018190668403e-10,3.149076984157065e-10,3.142155963994298e-10,3.135255059626398e-10,3.1283742007578713e-10,3.12151331735145e-10,3.1146723396270445e-10,3.107851198061371e-10,3.1010498233871546e-10,3.094268146592407e-10,3.087506098920112e-10,3.0807636118674135e-10,3.0740406171849014e-10,3.0673370468761865e-10,3.0606528331968913e-10,3.0539879086543527e-10,3.047342206006583e-10,3.040715658262012e-10,3.034108198678401e-10,3.027519760762728e-10,3.02095027826983e-10,3.014399685202158e-10,3.0078679158088585e-10,3.0013549045853287e-10,2.994860586272039e-10,2.9883848958544775e-10,2.9819277685621675e-10,2.975489139867433e-10,2.9690689454858105e-10,2.9626671213742687e-10,2.956283603730937e-10,2.949918328994483e-10,2.943571233842959e-10,2.937242255193888e-10,2.930931330202573e-10,2.924638396261938e-10,2.918363391001756e-10,2.912106252287704e-10,2.9058669182208984e-10,2.8996453271368337e-10,2.8934414176050405e-10,2.8872551284276556e-10,2.881086398639539e-10,2.874935167507012e-10,2.8688013745271426e-10,2.862684959427254e-10,2.856585862163719e-10,2.850504022921763e-10,2.844439382114227e-10,2.8383918803810846e-10,2.8323614585884373e-10,2.826348057828353e-10,2.8203516194172965e-10,2.814372084896001e-10,2.8084093960283707e-10,2.8024634948007507e-10,2.796534323421491e-10,2.790621824319727e-10,2.7847259401448477e-10,2.7788466137657656e-10,2.772983788270294e-10,2.7671374069639827e-10,2.761307413369559e-10,2.7554937512264705e-10,2.7496963644895745e-10,2.7439151973286897e-10,2.738150194127891e-10,2.7324012994846023e-10,2.726668458208913e-10,2.720951615322813e-10,2.715250716059332e-10,2.709565705862026e-10,2.703896530383925e-10,2.698243135486943e-10,2.6926054672411396e-10,2.686983471923842e-10,2.6813770960189865e-10,2.675786286216444e-10,2.6702109894111624e-10,2.6646511527020926e-10,2.6591067233919667e-10,2.6535776489865437e-10,2.6480638771934584e-10,2.642565355921486e-10,2.637082033280535e-10,2.631613857579743e-10,2.626160777327652e-10,2.620722741231015e-10,2.6152996981943293e-10,2.609891597318713e-10,2.604498387901539e-10,2.5991200194355706e-10,2.5937564416081366e-10,2.588407604300589e-10,2.583073457587101e-10,2.577753951734731e-10,2.5724490372018715e-10,2.5671586646379774e-10,2.561882784882747e-10,2.556621348965477e-10,2.5513743081039876e-10,2.5461416137043994e-10,2.540923217359954e-10,2.5357190708506904e-10,2.5305291261422653e-10,2.5253533353857063e-10,2.5201916509163277e-10,2.51504402525336e-10,2.509910411098857e-10,2.504790761337101e-10,2.4996850290343544e-10,2.4945931674373906e-10,2.489515129972968e-10,2.4844508702480525e-10,2.4794003420475427e-10,2.4743634993348605e-10,2.469340296250761e-10,2.4643306871125066e-10,2.45933462641324e-10,2.454352068821668e-10,2.449382969180783e-10,2.4444272825076353e-10,2.4394849639923183e-10,2.434555968997613e-10,2.4296402530579823e-10,2.424737771878986e-10,2.419848481336837e-10,2.4149723374773254e-10,2.410109296515427e-10,2.405259314834499e-10,2.4004223489857417e-10,2.3955983556872864e-10,2.3907872918237745e-10,2.3859891144455316e-10,2.381203780768029e-10,2.3764312481710445e-10,2.3716714741983237e-10,2.366924416556431e-10,2.3621900331145543e-10,2.357468281903558e-10,2.352759121115474e-10,2.348062509102904e-10,2.343378404378074e-10,2.3387067656125403e-10,2.3340475516363967e-10,2.3294007214375713e-10,2.3247662341613922e-10,2.3201440491095916e-10,2.3155341257399846e-10,2.31093642366577e-10,2.3063509026547952e-10,2.3017775226290095e-10,2.2972162436638788e-10,2.2926670259878185e-10,2.288129829981172e-10,2.283604616176046e-10,2.279091345255433e-10,2.2745899780528108e-10,2.2701004755513286e-10,2.265622798883149e-10,2.261156909329265e-10,2.2567027683181927e-10,2.252260337426216e-10,2.2478295783760163e-10,2.2434104530362088e-10,2.2390029234212887e-10,2.234606951690498e-10,2.2302225001473347e-10,2.2258495312391802e-10,2.2214880075563138e-10,2.21713789183179e-10,2.212799146940495e-10,2.2084717358986788e-10,2.204155621863424e-10,2.199850768132024e-10,2.1955571381413092e-10,2.1912746954673705e-10,2.1870034038245352e-10,2.1827432270652925e-10,2.1784941291793e-10,2.174256074293043e-10,2.170029026669214e-10,2.1658129507061578e-10,2.1616078109373433e-10,2.1574135720307677e-10,2.1532301987883585e-10,2.14905765614543e-10,2.1448959091703754e-10,2.1407449230637899e-10,2.1366046631579232e-10,2.1324750949163207e-10,2.128356183933389e-10,2.1242478959334805e-10,2.1201501967706595e-10,2.1160630524279944e-10,2.1119864290171223e-10,2.1079202927776738e-10,2.1038646100768125e-10,2.0998193474085005e-10,2.0957844713932938e-10,2.0917599487775143e-10,2.087745746433002e-10,2.0837418313562822e-10,2.079748170668366e-10,2.0757647316139146e-10,2.07179148156103e-10,2.0678283880005512e-10,2.0638754185457261e-10,2.059932540931359e-10,2.0559997230137936e-10,2.052076932769837e-10,2.048164138296841e-10,2.044261307811732e-10,2.0403684096508675e-10,2.0364854122692523e-10,2.0326122842402228e-10,2.028748994254876e-10,2.0248955111217233e-10,2.021051803765916e-10,2.0172178412291893e-10,2.013393592668826e-10,2.0095790273577014e-10,2.005774114683473e-10,2.0019788241482045e-10,1.9981931253679638e-10,1.9944169880722917e-10,1.9906503821036977e-10,1.986893277417024e-10,1.9831456440793935e-10,1.979407452269517e-10,1.9756786722770996e-10,1.971959274502692e-10,1.9682492294567655e-10,1.9645485077598263e-10,1.9608570801415086e-10,1.9571749174403806e-10,1.953501990603373e-10,1.9498382706852468e-10,1.9461837288483726e-10,1.9425383363621099e-10,1.9389020646024998e-10,1.9352748850514935e-10,1.931656769297145e-10,1.9280476890323535e-10,1.9244476160552822e-10,1.920856522268122e-10,1.9172743796772982e-10,1.9137011603926442e-10,1.9101368366270579e-10,1.9065813806962952e-10,1.9030347650182625e-10,1.899496962112658e-10,1.8959679446006994e-10,1.8924476852045095e-10,1.8889361567467966e-10,1.885433332150437e-10,1.8819391844380507e-10,1.8784536867315738e-10,1.8749768122518537e-10,1.8715085343181965e-10,1.8680488263481248e-10,1.8645976618568196e-10,1.8611550144566543e-10,1.8577208578569614e-10,1.8542951658635686e-10,1.8508779123782823e-10,1.8474690713987362e-10,1.844068617017816e-10,1.8406765234232682e-10,1.8372927648973067e-10,1.8339173158163846e-10,1.8305501506506125e-10,1.8271912439632878e-10,1.8238405704109227e-10,1.8204981047424422e-10,1.8171638217989613e-10,1.8138376965134807e-10,1.8105197039103934e-10,1.8072098191050532e-10,1.8039080173035967e-10,1.800614273802431e-10,1.797328563987895e-10,1.7940508633357645e-10,1.7907811474112397e-10,1.787519391868084e-10,1.7842655724487412e-10,1.781019664983529e-10,1.7777816453906653e-10,1.7745514896757383e-10,1.771329173931132e-10,1.7681146743360612e-10,1.7649079671560074e-10,1.761709028742353e-10,1.75851783553206e-10,1.7553343640473788e-10,1.7521585908953438e-10,1.7489904927675786e-10,1.745830046439904e-10,1.7426772287719723e-10,1.739532016706893e-10,1.7363943872709383e-10,1.733264317573251e-10,1.730141784805314e-10,1.7270267662409594e-10,1.7239192392354802e-10,1.7208191812260106e-10,1.717726569730577e-10,1.7146413823480782e-10,1.7115635967578054e-10,1.70849319071921e-10,1.7054301420716271e-10,1.7023744287338176e-10,1.699326028703626e-10,1.696284920057916e-10,1.6932510809517834e-10,1.6902244896187717e-10,1.6872051243701609e-10,1.684192963594875e-10,1.681187985758836e-10,1.6781901694052317e-10,1.6751994931535818e-10,1.6722159356998258e-10,1.669239475815833e-10,1.6662700923491637e-10,1.66330776422276e-10,1.660352470434543e-10,1.6574041900573314e-10,1.6544629022382176e-10,1.6515285861985462e-10,1.6486012212334816e-10,1.6456807867117747e-10,1.6427672620753086e-10,1.6398606268389844e-10,1.6369608605903264e-10,1.6340679429892576e-10,1.6311818537677245e-10,1.6283025727294461e-10,1.6254300797496113e-10,1.622564354774586e-10,1.6197053778217188e-10,1.616853128978797e-10,1.6140075884041402e-10,1.6111687363259194e-10,1.608336553042194e-10,1.605511018920447e-10,1.602692114397265e-10,1.599879819978318e-10,1.597074116237941e-10,1.5942749838185454e-10,1.591482403430908e-10,1.5886963558533871e-10,1.5859168219320622e-10,1.5831437825801666e-10,1.5803772187780476e-10,1.5776171115725744e-10,1.5748634420772503e-10,1.5721161914715779e-10,1.5693753410011766e-10,1.56664087197717e-10,1.563912765776131e-10,1.5611910038397256e-10,1.5584755676745514e-10,1.5557664388517063e-10,1.5530635990066788e-10,1.550367029839078e-10,1.5476767131122234e-10,1.5449926306531478e-10,1.5423147643520947e-10,1.5396430961624486e-10,1.5369776081003078e-10,1.53431828224439e-10,1.5316651007357517e-10,1.5290180457773666e-10,1.526377099634226e-10,1.5237422446327098e-10,1.52111346316055e-10,1.518490737666592e-10,1.5158740506605144e-10,1.5132633847125038e-10,1.5106587224531475e-10,1.5105303564736146e-10,1.510404871036835e-10,1.5102886331081062e-10,1.5101827310389437e-10,1.5100880388305128e-10,1.510005490014424e-10,1.5099360906863983e-10,1.5098809164037932e-10,1.5098411061767434e-10,1.5098178546278214e-10,1.5098124027801018e-10,1.509826027905382e-10,1.509860032847596e-10,1.509915735199973e-10,1.5099944566749312e-10,1.5100975129471985e-10,1.510226204196113e-10,1.5103818065205e-10,1.5105655643372905e-10,1.5107786838346022e-10,1.5110223275024162e-10,1.5112976097307277e-10,1.5116055934310414e-10,1.5119472876239574e-10,1.512323645915108e-10,1.512735565761366e-10,1.5131838884471757e-10,1.5136693996683317e-10,1.5141928306279778e-10,1.5147548595609573e-10,1.5153561136069576e-10,1.51599717093404e-10,1.5166785630756543e-10,1.5174007773946338e-10,1.5181642596336667e-10,1.518969416502295e-10,1.5198166182623276e-10,1.520706201281891e-10,1.5216384705298133e-10,1.522613701991844e-10,1.5236321449898436e-10,1.5246940243992952e-10,1.5257995427496845e-10,1.5269488822043308e-10,1.5281422064220012e-10,1.5293796622960483e-10,1.530661381569446e-10,1.5319874823369383e-10,1.533358070428512e-10,1.534773240687383e-10,1.5362330781376634e-10,1.5377376590595545e-10,1.5392870519697114e-10,1.5408813185043633e-10,1.5425205142337915e-10,1.5442046893921642e-10,1.5459338895401852e-10,1.547708156159029e-10,1.5495275271896707e-10,1.5513920375092452e-10,1.553301719359462e-10,1.5552566027441226e-10,1.5572567157492033e-10,1.5593020848635143e-10,1.5613927352264544e-10,1.5635286908885378e-10,1.5657099750036919e-10,1.5679366100151381e-10,1.5702086178142043e-10,1.572526019880149e-10,1.5748888373985502e-10,1.577297091362478e-10,1.5797508026642863e-10,1.5822499921678033e-10,1.5847946807635713e-10,1.58738488946437e-10,1.5900206393667973e-10,1.5927019517689878e-10,1.595428848150751e-10,1.5982013502111666e-10,1.601019479884118e-10,1.6038832593636464e-10,1.606792711079572e-10,1.6097478577278356e-10,1.612748722268871e-10,1.6157953279091966e-10,1.6188876981198613e-10,1.6220258566189016e-10,1.6252098273892265e-10,1.6284396346209672e-10,1.6317153027352966e-10,1.6350368563875983e-10,1.6384043204242327e-10,1.6418177198894552e-10,1.6452770800159718e-10,1.6487824262072149e-10,1.6523337840307853e-10,1.655931179224091e-10,1.6595746376087744e-10,1.6632641851880938e-10,1.6669998480643107e-10,1.670781652458818e-10,1.6746096246510043e-10,1.678483791053634e-10,1.682404178131777e-10,1.6863708124266128e-10,1.6903837205204288e-10,1.6944429290647638e-10,1.6985484647536597e-10,1.7027003542808238e-10,1.7068986243887574e-10,1.711143301889687e-10,1.7154344134857693e-10,1.7197719859809114e-10,1.7241560461542238e-10,1.7285866207591835e-10,1.733063736568128e-10,1.737587420288725e-10,1.7421576986441752e-10,1.746774598315162e-10,1.7514381459477168e-10,1.7561483681556901e-10,1.7609052915082186e-10,1.7657089425218643e-10,1.7705593476821633e-10,1.7754565334191915e-10,1.780400526095684e-10,1.7853913520838407e-10,1.7904290375473537e-10,1.795513608735922e-10,1.8006450916869005e-10,1.8058235125081386e-10,1.8110488972037156e-10,1.8163212716889184e-10,1.8216406618084795e-10,1.8270070933338898e-10,1.8324205919529942e-10,1.8378811832877328e-10,1.8433888928789e-10,1.8489437461937826e-10,1.854545768595243e-10,1.860194985389645e-10,1.8658914217888782e-10,1.8716351029229187e-10,1.877426053842006e-10,1.8832642995076875e-10,1.889149864791729e-10,1.8950827744872305e-10,1.9010630532853749e-10,1.9070907258211935e-10,1.9131658166207324e-10,1.9192883501131504e-10,1.9254583506554926e-10,1.9316758425021838e-10,1.9379408498399913e-10,1.944253396753005e-10,1.9506135072215536e-10,1.957021205166542e-10,1.9634765143795974e-10,1.969979458619553e-10,1.976530061518388e-10,1.9831283465837255e-10,1.9897743373121407e-10,1.9964680570546467e-10,2.003209529087293e-10,2.0099987765963723e-10,2.016835822633724e-10,2.0237206902847486e-10,2.0306534024038598e-10,2.0376339818576273e-10,2.0446624513572435e-10,2.0517388335491942e-10,2.0588631509243748e-10,2.066035426076673e-10,2.0732556813153275e-10,2.0805239389277632e-10,2.0878402211061086e-10,2.095204549964423e-10,2.1026169475235772e-10,2.1100774356975198e-10,2.117586036332444e-10,2.1251427711837818e-10,2.1327476619133045e-10,2.140400730089463e-10,2.1481019971984739e-10,2.155851484640993e-10,2.1636492137231509e-10,2.1714952056657444e-10,2.1793894816037805e-10,2.187332062581783e-10,2.195322969555724e-10,2.2033622234062997e-10,2.2114498448800048e-10,2.2195858547178216e-10,2.2277702735404165e-10,2.2360031218362883e-10,2.2442844200571862e-10,2.2526141885167752e-10,2.260992447541281e-10,2.2694192172822552e-10,2.2778945178441338e-10,2.2864183691968693e-10,2.294990791301831e-10,2.3036118039825423e-10,2.3122814269892588e-10,2.3209996799925676e-10,2.329766582565016e-10,2.3385821542210646e-10,2.3474464143694843e-10,2.3563593823343853e-10,2.365321077362599e-10,2.374331518615281e-10,2.383390725166477e-10,2.392498716020395e-10,2.4016555100880904e-10,2.410861126192271e-10,2.420115583081347e-10,2.4294188992519013e-10,2.4387710936233426e-10,2.448172184522333e-10,2.457622190362528e-10,2.467121129475977e-10,2.47666902010813e-10,2.486265880444176e-10,2.495911728556734e-10,2.505606582412928e-10,2.5153504600101706e-10,2.5251433791935325e-10,2.5349853577059726e-10,2.54487641318443e-10,2.554816563291915e-10,2.5648058255715574e-10,2.574844217432525e-10,2.584931756235644e-10,2.595068459265307e-10,2.6052543437390127e-10,2.615489426744755e-10,2.625773725317202e-10,2.636107256481155e-10,2.646490037024771e-10,2.6569220838962634e-10,2.6674034137569464e-10,2.677934043243991e-10,2.6885139889519094e-10,2.6991432673579647e-10,2.7098218948824064e-10,2.720549887814533e-10,2.73132726251855e-10,2.7421540351206536e-10,2.753030221732761e-10,2.763955838325253e-10,2.7749309009626e-10,2.785955425470087e-10,2.797029427635176e-10,2.8081529231822493e-10,2.8193259278613304e-10,2.830548457027066e-10,2.8418205262944714e-10,2.853142151103829e-10,2.864513346753709e-10,2.8759341285041174e-10,2.887404511540701e-10,2.898924511018703e-10,2.910494141960884e-10,2.922113419333395e-10,2.9337823580288034e-10,2.945500972866081e-10,2.9572692785783733e-10,2.9690872898454423e-10,2.9809550213469017e-10,2.9928724875426694e-10,3.004839702717493e-10,3.0168566814316095e-10,3.0289234378909447e-10,3.041039986440953e-10,3.0532063410216645e-10,3.065422515834453e-10,3.0776885248718637e-10,3.0900043821160704e-10,3.1023701013953e-10,3.1147856964540766e-10,3.1272511810530625e-10,3.1397665688749156e-10,3.1523318733994545e-10,3.164947108169477e-10,3.1776122866147866e-10,3.190327422034281e-10,3.203092527826372e-10,3.2159076171957195e-10,3.228772703182609e-10,3.24168779878743e-10,3.2546529172355294e-10,3.267668071525999e-10,3.2807332742004e-10,3.29384853818788e-10,3.3070138762888687e-10,3.32022930107357e-10,3.3334948250565927e-10,3.346810460798795e-10,3.360176220758787e-10,3.373592117309144e-10,3.387058162748949e-10,3.4005743692762723e-10,3.414140749075752e-10,3.427757314235535e-10,3.441424076769869e-10,3.455141048687158e-10,3.4689082417938057e-10,3.4827256679438794e-10,3.4965933388983567e-10,3.5105112663175923e-10,3.5244794618163113e-10,3.5384979369529943e-10,3.552566703192197e-10,3.5666857719387223e-10,3.580855154461437e-10,3.5950748621611463e-10,3.609344906248072e-10,3.6236652978158225e-10,3.638036047938033e-10,3.6524571676214166e-10,3.666928667810331e-10,3.6814505593936425e-10,3.6960228531460004e-10,3.710645559822534e-10,3.7253186901131275e-10,3.740042254531887e-10,3.7548162637022224e-10,3.7696407280967673e-10,3.7845156581268563e-10,3.7994410641365567e-10,3.81441695640383e-10,3.829443345143463e-10,3.844520240570429e-10,3.8596476527047964e-10,3.874825591571574e-10,3.8900540671162253e-10,3.9053330892703917e-10,3.920662667852478e-10,3.936042812551913e-10,3.9514735331516056e-10,3.9669548393950987e-10,3.982486740295053e-10,3.9980692456509257e-10,4.0137023651501313e-10,4.029386108204197e-10,4.045120483946031e-10,4.0609055017669913e-10,4.0767411707382387e-10,4.092627499994332e-10,4.108564498594776e-10,4.1245521754015774e-10,4.140590539626668e-10,4.1566796000106353e-10,4.1728193653024574e-10,4.189009844328289e-10,4.205251045572488e-10,4.221542978071405e-10,4.237885649922284e-10,4.2542790700150486e-10,4.2707232466800235e-10,4.2872181883180863e-10,4.3037639031833396e-10,4.3203603995047347e-10,4.337007685508559e-10,4.3537057693284786e-10,4.370454659036442e-10,4.387254362668081e-10,4.4041048881274906e-10,4.4210062433284114e-10,4.4379584361004924e-10,4.4549614742136543e-10,4.472015365372849e-10,4.489120117207327e-10,4.506275737354934e-10,4.5234822333399786e-10,4.5407396124905785e-10,4.5580478824662035e-10,4.575407050470296e-10,4.5928171238127055e-10,4.6102781097132984e-10,4.6277900153478877e-10,4.645352847842355e-10,4.662966614249789e-10,4.680631321561151e-10,4.698346976711943e-10,4.716113586665762e-10,4.73393115807379e-10,4.751799697794374e-10,4.769719212486268e-10,4.787689708817356e-10,4.805711193377651e-10,4.823783672695322e-10,4.841907153240807e-10,4.860081641426946e-10,4.878307143626642e-10,4.896583666072211e-10,4.914911215052714e-10,4.933289796751018e-10,4.951719417292644e-10,4.97020008274621e-10,4.988731799123343e-10,5.007314572378767e-10,5.025948408410808e-10,5.044633313210106e-10,5.06336929241083e-10,5.082156351741693e-10,5.100994496875055e-10,5.119883733427081e-10,5.138824066795738e-10,5.157815502647957e-10,5.176858046431911e-10,5.195951703539943e-10,5.215096479338366e-10,5.234292379133678e-10,5.253539407982481e-10,5.272837571235311e-10,5.292186873929425e-10,5.311587321141619e-10,5.331038917814616e-10,5.350541668959063e-10,5.37009557961024e-10,5.389700654383083e-10,5.409356898152661e-10,5.429064315665173e-10,5.448822911542523e-10,5.468632690451656e-10,5.488493656952826e-10,5.508405815553565e-10,5.528369170723627e-10,5.548383726870034e-10,5.568449488346648e-10,5.588566459458854e-10,5.608734644446474e-10,5.628954047503112e-10,5.649224672760327e-10,5.669546524304699e-10,5.689919606189446e-10,5.710343922380551e-10,5.73081947680571e-10,5.751346273342895e-10,5.771924315849638e-10,5.792553608057573e-10,5.813234153683968e-10,5.833965956394002e-10,5.854749019801385e-10,5.875583347413239e-10,5.896468942700338e-10,5.917405809275048e-10,5.938393950466906e-10,5.959433369627759e-10,5.980524070057453e-10,6.001666055003718e-10,6.022859327664201e-10,6.044103891190623e-10,6.065399748665057e-10,6.086746903135137e-10,6.108145357593561e-10,6.129595114987137e-10,6.151096178198332e-10,6.172648550065307e-10,6.194252233390122e-10,6.215907230883246e-10,6.237613545246731e-10,6.259371179116909e-10,6.281180135078519e-10,6.303040415672404e-10,6.324952023380786e-10,6.346914960640978e-10,6.368929229833984e-10,6.390994833301527e-10,6.413111773327804e-10,6.435280052133727e-10,6.45749967194779e-10,6.479770634882754e-10,6.502092943013261e-10,6.524466598389985e-10,6.546891603025049e-10,6.569367958808822e-10,6.591895667604646e-10,6.614474731362877e-10,6.637105151880975e-10,6.659786930795785e-10,6.682520069843145e-10,6.705304570695214e-10,6.728140434942563e-10,6.751027664029758e-10,6.773966259570991e-10,6.796956223102167e-10,6.819997555921383e-10,6.843090259391005e-10,6.866234334855828e-10,6.889429783526243e-10,6.91267660667819e-10,6.935974805449444e-10,6.959324381351161e-10,6.982725334728075e-10,7.006177666938152e-10,7.029681378979031e-10,7.053236471690754e-10,7.076842946028506e-10,7.10050080282866e-10,7.124210042880595e-10,7.147970666926585e-10,7.171782675662799e-10,7.195646069737883e-10,7.219560849754501e-10,7.243527016268751e-10,7.267544569790349e-10,7.291613510767694e-10,7.315733839576226e-10,7.339905556640902e-10,7.364128662281898e-10,7.388403156818221e-10,7.412729040491418e-10,7.437106313447661e-10,7.461534975833398e-10,7.486015027758168e-10,7.510546469258861e-10,7.535129300348033e-10,7.55976352068675e-10,7.584449130591451e-10,7.609186129947411e-10,7.633974518405168e-10,7.658814295886718e-10,7.683705462001233e-10,7.708648016506356e-10,7.73364195892883e-10,7.758687289180102e-10,7.783784006351007e-10,7.80893211014303e-10,7.834131600088335e-10,7.859382475604389e-10,7.884684736049199e-10,7.910038380755801e-10,7.935443409021957e-10,7.960899820171616e-10,7.986407613352253e-10,8.011966787430067e-10,8.03757734188137e-10,8.063239275428641e-10,8.088952587707411e-10,8.114717277228317e-10,8.140533343075713e-10,8.166400784146729e-10,8.19231959895766e-10,8.218289787179894e-10,8.244311346759599e-10,8.27038427741219e-10,8.296508575996409e-10,8.322684242661651e-10,8.348911275554325e-10,8.375189673250238e-10,8.401519434336572e-10,8.42790055715309e-10,8.454333040706238e-10,8.480816882397676e-10,8.50735208105065e-10,8.533938635009521e-10,8.560576542468681e-10,8.587265801645373e-10,8.61400641066854e-10,8.640798367719716e-10,8.667641670888828e-10,8.69453631822343e-10,8.721482307733314e-10,8.748479637359681e-10,8.775528305077418e-10,8.802628308753392e-10,8.829779645831603e-10,8.856982314832212e-10,8.884236313180063e-10,8.911541638641151e-10,8.938898288785529e-10,8.966306261304394e-10,8.993765553784875e-10,9.021276163787374e-10,9.048838088805772e-10,9.076451326326034e-10,9.104115873773097e-10,9.131831728544051e-10,9.159598887991154e-10,9.187417349429639e-10,9.21528711004999e-10,9.243208167161057e-10,9.271180518011354e-10,9.299204159697469e-10,9.327279089472633e-10,9.355405304106817e-10,9.383582800780309e-10,9.411811576483628e-10,9.440091628302987e-10,9.468422953150158e-10,9.49680554733089e-10,9.525239408275172e-10,9.553724532720193e-10,9.582260917398692e-10,9.610848558771185e-10,9.639487453688873e-10,9.668177598737757e-10,9.696918990559222e-10,9.725711625749596e-10,9.754555500766136e-10,9.783450612137208e-10,9.812396956432109e-10,9.841394529534284e-10,9.870443328347806e-10,9.89954334909433e-10,9.928694587896687e-10,9.957897041243575e-10,9.98715070517509e-10,1.0016455575927084e-09,1.0045811649680108e-09,1.0075218922325011e-09,1.0104677390240232e-09,1.0134187049286978e-09,1.016374789536404e-09,1.019335992469439e-09,1.022302313283439e-09,1.0252737515812633e-09,1.028250306945052e-09,1.031231978959396e-09,1.0342187671936807e-09,1.0372106712214991e-09,1.0402076906187114e-09,1.0432098249392484e-09,1.0462170737526472e-09,1.0492294366136947e-09,1.0522469130470522e-09,1.0552695026594986e-09,1.0582972049691865e-09,1.0613300195180283e-09,1.0643679458512013e-09,1.0674109835130817e-09,1.0704591320054368e-09,1.0735123908709414e-09,1.0765707596381323e-09,1.0796342378253508e-09,1.0827028249493371e-09,1.0857765205245987e-09,1.0888553240596099e-09,1.0919392350516134e-09,1.0950282530173807e-09,1.0981223774578874e-09,1.1012216078683665e-09,1.1043259437337729e-09,1.1074353845452077e-09,1.1105499297862625e-09,1.1136695789597426e-09,1.116794331503703e-09,1.1199241869230596e-09,1.1230591446472133e-09,1.1261992041881733e-09,1.1293443650001026e-09,1.1324946265368723e-09,1.1356499882565089e-09,1.1388104496121524e-09,1.1419760100535877e-09,1.1451466690270139e-09,1.148322425975185e-09,1.1515032803374185e-09,1.1546892315480102e-09,1.1578802790361323e-09,1.1610764222253769e-09,1.1642776605771783e-09,1.1674839934731841e-09,1.1706954203469148e-09,1.173911940621524e-09,1.1771335536782277e-09,1.180360258919387e-09,1.1835920557180401e-09,1.1868289435184942e-09,1.190070921930814e-09,1.1933179900442408e-09,1.1965701473969813e-09,1.1998273932400507e-09,1.2030897271243402e-09,1.206357148407042e-09,1.209629656416609e-09,1.2129072505437505e-09,1.2161899301567112e-09,1.2194776946210404e-09,1.2227705432979735e-09,1.2260684755542164e-09,1.2293714907335798e-09,1.2326795882041685e-09,1.2359927673174511e-09,1.2393110274040313e-09,1.2426343678345713e-09,1.2459627879335441e-09,1.2492962870378886e-09,1.2526348644674093e-09,1.2559785195957846e-09,1.2593272516892306e-09,1.2626810601415664e-09,1.2660399442578802e-09,1.269403903347613e-09,1.2727729367244835e-09,1.276147043700678e-09,1.2795262235949612e-09,1.282910475694534e-09,1.28629979931289e-09,1.2896941937448197e-09,1.293093658291807e-09,1.2964981922325305e-09,1.299907794870426e-09,1.303322465495025e-09,1.3067422033883999e-09,1.3101670078299046e-09,1.3135968781242787e-09,1.3170318134790558e-09,1.3204718132065877e-09,1.3239168765413778e-09,1.3273670027216277e-09,1.3308221911019396e-09,1.33428244094421e-09,1.3377477514526855e-09,1.3412181218760931e-09,1.3446935515052794e-09,1.3481740395329222e-09,1.351659585225778e-09,1.3551501878479929e-09,1.3586458466041574e-09,1.3621465607105943e-09,1.365652329437945e-09,1.3691631521008144e-09,1.3726790277111843e-09,1.3761999556001272e-09,1.3797259349883204e-09,1.3832569650856869e-09,1.3867930451067286e-09,1.3903341742666736e-09,1.3938803517881662e-09,1.397431576837051e-09,1.4009878486274775e-09,1.4045491663539522e-09,1.4081155292141652e-09,1.4116869363993654e-09,1.415263387097823e-09,1.4188448804829468e-09,1.4224314157955521e-09,1.4260229921316633e-09,1.4296196087058087e-09,1.4332212646872282e-09,1.4368279592377437e-09,1.4404396915183193e-09,1.4440564607388303e-09,1.4476782660398687e-09,1.451305106550616e-09,1.4549369814836408e-09,1.4585738899385486e-09,1.4622158310841885e-09,1.4658628040627123e-09,1.4695148080218573e-09,1.473171842114715e-09,1.4768339054653088e-09,1.4805009972261192e-09,1.4841731165126128e-09,1.487850262451052e-09,1.491532434179521e-09,1.495219630818692e-09,1.4989118514907305e-09,1.5026090952976325e-09,1.5063113613862846e-09,1.5100186488479923e-09,1.5137309568018704e-09,1.5174482843559525e-09,1.5211706305938956e-09,1.524897994632499e-09,1.5286303755701932e-09,1.5323677725028144e-09,1.5361101845233633e-09,1.5398576107220892e-09,1.54361005018637e-09,1.5473675020008742e-09,1.551129965247455e-09,1.5548974390052202e-09,1.558669922350492e-09,1.5624474143568626e-09,1.5662299140951852e-09,1.5700174206334874e-09,1.573809933037122e-09,1.5776074503687607e-09,1.5814099716881914e-09,1.5852174960526303e-09,1.5890300225164808e-09,1.5928475501314894e-09,1.5966700779466689e-09,1.6004976050082817e-09,1.6043301303600167e-09,1.6081676530427304e-09,1.6120101720947793e-09,1.6158576865521885e-09,1.619710195447262e-09,1.6235676978103422e-09,1.6274301926688532e-09,1.6312976790476766e-09,1.6351701559692131e-09,1.639047622452932e-09,1.6429300775157868e-09,1.6468175201721303e-09,1.6507099494336271e-09,1.6546073643093188e-09,1.6585097638056413e-09,1.6624171469264188e-09,1.6663295126728727e-09,1.6702468600435765e-09,1.6741691880517003e-09,1.678096495672907e-09,1.6820287818125152e-09,1.685966045610356e-09,1.6899082859849055e-09,1.6938555019186287e-09,1.6978076923904897e-09,1.701764856372971e-09,1.705726992848205e-09,1.709694100803212e-09,1.713666179201419e-09,1.717643227008638e-09,1.721625243264264e-09,1.7256122267434739e-09,1.729604176523018e-09,1.7336010915595006e-09,1.737602970807102e-09,1.74160981324835e-09,1.7456216177990202e-09,1.74963838340653e-09,1.7536601090220595e-09,1.7576867935770788e-09,1.7617184360172878e-09,1.7657550352793435e-09,1.7697965903606207e-09,1.7738431000750415e-09,1.7778945633644622e-09,1.7819509792489227e-09,1.7860123466042627e-09,1.790078664356271e-09,1.7941499314254737e-09,1.7982261467298963e-09,1.8023073091849965e-09,1.8063934177040977e-09,1.8104844711987431e-09,1.814580468580658e-09,1.8186814087484561e-09,1.8227872906002136e-09,1.8268981129683929e-09,1.831013874946063e-09,1.8351345753276937e-09,1.8392602129043616e-09,1.8433907866507569e-09,1.847526295384176e-09,1.8516667381873592e-09,1.8558121138070728e-09,1.8599624211960158e-09,1.8641176591243692e-09,1.8682778265672854e-09,1.872442922313315e-09,1.876612945443075e-09,1.880787894662639e-09,1.884967768682281e-09,1.8891525665229164e-09,1.8933422870494737e-09,1.897536929122455e-09,1.9017364914681273e-09,1.905940973056658e-09,1.9101503728104064e-09,1.914364689668969e-09,1.9185839223738742e-09,1.922808069684781e-09,1.9270371305179787e-09,1.9312711036680328e-09,1.9355099879941915e-09,1.9397537823576913e-09,1.944002485630135e-09,1.948256096545423e-09,1.952514613988856e-09,1.9567780367892524e-09,1.9610463637732297e-09,1.9653195937651214e-09,1.9695977255869814e-09,1.9738807580707595e-09,1.978168690021756e-09,1.982461520263574e-09,1.9867592475942834e-09,1.991061870832039e-09,1.995369388785555e-09,1.9996818002770327e-09,2.0039991040954426e-09,2.0083212990429983e-09,2.0126483839195807e-09,2.01698035752288e-09,2.021317218648547e-09,2.025658966089846e-09,2.0300055986381075e-09,2.0343571150823314e-09,2.0387135142093704e-09,2.0430747948037936e-09,2.0474409556483486e-09,2.0518119955233117e-09,2.056187913206869e-09,2.06056870747525e-09,2.0649543771022553e-09,2.0693449208597502e-09,2.073740337517501e-09,2.0781406258429287e-09,2.0825457846014865e-09,2.0869558125565247e-09,2.0913707084346207e-09,2.0957904710480383e-09,2.1002150991307954e-09,2.104644591434375e-09,2.1090789467174607e-09,2.113518163738186e-09,2.1179622413201948e-09,2.122411178061215e-09,2.1268649727458296e-09,2.131323624154135e-09,2.1357871309982217e-09,2.1402554920790554e-09,2.14472870609013e-09,2.149206771905109e-09,2.153689687945028e-09,2.1581774531087103e-09,2.1626700661212794e-09,2.167167525742991e-09,2.171669830653892e-09,2.1761769795793017e-09,2.1806889712403396e-09,2.185205804365144e-09,2.1897274775790214e-09,2.19425398978984e-09,2.1987853394661967e-09,2.203321525603502e-09,2.2078625467329235e-09,2.212408401594496e-09,2.216959088869415e-09,2.2215146072877713e-09,2.2260749555380163e-09,2.230640132319993e-09,2.235210136327813e-09,2.2397849662552834e-09,2.2443646207944923e-09,2.2489490986359327e-09,2.253538398440259e-09,2.258132518938643e-09,2.2627314587879976e-09,2.2673352166888245e-09,2.2719437913664284e-09,2.2765571814356295e-09,2.2811753855757907e-09,2.2857984024633993e-09,2.2904262307718988e-09,2.2950588691730864e-09,2.2996963163360837e-09,2.3043385709280015e-09,2.308985631614169e-09,2.313637497057917e-09,2.3182941659204433e-09,2.3229556368611586e-09,2.3276219085374676e-09,2.332292979605129e-09,2.3369688487176224e-09,2.3416495145268263e-09,2.3463349756826528e-09,2.351025230833138e-09,2.355720278618855e-09,2.3604201176901446e-09,2.365124746689363e-09,2.369834164256995e-09,2.3745483690318354e-09,2.3792673596506874e-09,2.3839911347486533e-09,2.3887196929587862e-09,2.393453032912611e-09,2.3981911532395366e-09,2.402934052567386e-09,2.4076817295220134e-09,2.412434182727497e-09,2.4171914108060832e-09,2.4219534123783237e-09,2.4267201860628055e-09,2.4314917304764534e-09,2.436268044234304e-09,2.441049125949911e-09,2.4458349742345833e-09,2.450625587698061e-09,2.4554209649483585e-09,2.460221104591605e-09,2.4650260052321664e-09,2.4698356654729205e-09,2.474650083914829e-09,2.4794692591569693e-09,2.4842931897928784e-09,2.489121874422248e-09,2.4939553116379846e-09,2.498793500038018e-09,2.503636438208021e-09,2.508484124736929e-09,2.5133365582118836e-09,2.5181937372187426e-09,2.5230556603416073e-09,2.5279223261466576e-09,2.5327937332290626e-09,2.537669880165024e-09,2.542550765531243e-09,2.547436387903004e-09,2.5523267458514297e-09,2.5572218378754692e-09,2.5621216626110194e-09,2.5670262187174764e-09,2.571935504683269e-09,2.5768495190601088e-09,2.5817682604004505e-09,2.586691727294566e-09,2.5916199183159507e-09,2.596552831986666e-09,2.601490466896176e-09,2.606432821576987e-09,2.611379894565169e-09,2.6163316843933736e-09,2.6212881896223856e-09,2.6262494088868947e-09,2.631215340678187e-09,2.6361859835288026e-09,2.6411613359950402e-09,2.6461413966155303e-09,2.6511261639294673e-09,2.656115636474007e-09,2.661109812789623e-09,2.6661086914050897e-09,2.6711122708567e-09,2.676120549677355e-09,2.6811335263972347e-09,2.6861511995445087e-09,2.6911735676472852e-09,2.6962006292306074e-09,2.7012323828187665e-09,2.7062688269342275e-09,2.7113099601361945e-09,2.7163557808861943e-09,2.7214062877147128e-09,2.7264614791417233e-09,2.731521353683496e-09,2.7365859098536243e-09,2.741655146163984e-09,2.74672906112491e-09,2.751807653244991e-09,2.7568909210309805e-09,2.7619788629883536e-09,2.7670714776210166e-09,2.772168763416308e-09,2.777270718889836e-09,2.782377342540773e-09,2.7874886328669887e-09,2.7926045883644857e-09,2.7977252075280104e-09,2.8028504888507248e-09,2.807980430824277e-09,2.8131150319452483e-09,2.818254290695764e-09,2.8233982055630186e-09,2.828546775032466e-09,2.833699997588425e-09,2.83885787171349e-09,2.8440203958887407e-09,2.8491875685938553e-09,2.85435938830709e-09,2.8595358535050423e-09,2.8647169626629278e-09,2.8699027142541866e-09,2.875093106750689e-09,2.880288138623261e-09,2.885487808316657e-09,2.8906921143526097e-09,2.8959010551883624e-09,2.9011146292673e-09,2.9063328350479208e-09,2.9115556709639026e-09,2.9167831355489038e-09,2.9220152272267677e-09,2.927251944457945e-09,2.9324932856983556e-09,2.937739249409524e-09,2.9429898340379035e-09,2.9482450380357156e-09,2.9535048598575317e-09,2.9587692979547962e-09,2.9640383507649935e-09,2.969312016753941e-09,2.9745902943451227e-09,2.979873182005392e-09,2.9851606781641655e-09,2.990452781312191e-09,2.995749489777715e-09,3.0010508021178073e-09,3.0063567166601137e-09,3.0116672318848254e-09,3.016982346169188e-09,3.0223020580307417e-09,3.027626365860564e-09,3.032955268131144e-09,3.0382887632471162e-09,3.0436268496360418e-09,3.0489695257242027e-09,3.054316789936595e-09,3.059668640696568e-09,3.0650250764421528e-09,3.0703860955796893e-09,3.0757516965291125e-09,3.081121877708557e-09,3.086496637535749e-09,3.091875974427222e-09,3.0972598868003804e-09,3.1026483731115112e-09,3.108041431682489e-09,3.113439060956641e-09,3.118841259346686e-09,3.124248025243658e-09,3.129659357029789e-09,3.1350752531314535e-09,3.1404957119938032e-09,3.1459207320711055e-09,3.1513503116652136e-09,3.156784449203193e-09,3.162223143154427e-09,3.1676663917361635e-09,3.1731141934939103e-09,3.1785665467894017e-09,3.1840234499373243e-09,3.1894849015034913e-09,3.1949508997532623e-09,3.200421442990941e-09,3.2058965297791745e-09,3.2113761584452524e-09,3.2168603273777473e-09,3.222349035046879e-09,3.2278422797151555e-09,3.2333400598948622e-09,3.238842373755527e-09,3.2443492197869436e-09,3.2498605963702748e-09,3.2553765018829e-09,3.2608969347010473e-09,3.266421893199827e-09,3.2719513757530525e-09,3.277485380733239e-09,3.2830239065120457e-09,3.2885669514595497e-09,3.294114513981067e-09,3.2996665924446665e-09,3.305223185142623e-09,3.3107842904595645e-09,3.316349906818919e-09,3.3219200324744727e-09,3.3274946658330206e-09,3.333073805338558e-09,3.3386574492983227e-09,3.3442455960296e-09,3.3498382439262154e-09,3.3554353913573456e-09,3.3610370366456427e-09,3.366643178169996e-09,3.3722538142657196e-09,3.377868943290818e-09,3.3834885635995423e-09,3.3891126735305357e-09,3.3947412714398417e-09,3.4003743556741245e-09,3.4060119245791393e-09,3.411653976499473e-09,3.4173005097785056e-09,3.4229515227585036e-09,3.4286070137806666e-09,3.4342669811851118e-09,3.439931423310666e-09,3.4456003384951984e-09,3.4512737250754266e-09,3.456951581386926e-09,3.4626339057641048e-09,3.4683206965405773e-09,3.474011952048391e-09,3.479707670622693e-09,3.4854078505917766e-09,3.4911124902810893e-09,3.4968215880198088e-09,3.5025351421382148e-09,3.5082531509557922e-09,3.5139756127997177e-09,3.5197025259940843e-09,3.525433888849595e-09,3.5311696997112245e-09,3.5369099568875648e-09,3.542654658698268e-09,3.5484038034619976e-09,3.554157389497343e-09,3.5599154151197458e-09,3.5656778786069717e-09,3.5714447783277237e-09,3.577216112653304e-09,3.582991879660397e-09,3.5887720778662772e-09,3.5945567055744126e-09,3.6003457610294064e-09,3.6061392424532014e-09,3.6119371483162976e-09,3.617739476934652e-09,3.623546226553311e-09,3.629357395480559e-09,3.635172982012718e-09,3.6409929844558126e-09,3.6468174011449565e-09,3.652646230315549e-09,3.658479470270189e-09,3.6643171191537533e-09,3.6701591755910195e-09,3.6760056377206075e-09,3.681856503790055e-09,3.6877117721933076e-09,3.693571440993154e-09,3.699435508812459e-09,3.7053039738293037e-09,3.7111768342058298e-09,3.717054088292314e-09,3.7229357344884112e-09,3.728821770989047e-09,3.7347121961162804e-09,3.740607008176605e-09,3.746506205303037e-09,3.752409785995338e-09,3.7583177484313934e-09,3.764230090900463e-09,3.770146811698916e-09,3.776067909189036e-09,3.781993381413287e-09,3.787923226784393e-09,3.793857443317191e-09,3.79979602951568e-09,3.805738983671689e-09,3.811686304066448e-09,3.817637988919743e-09,3.82359403655231e-09,3.829554445242899e-09,3.835519213241555e-09,3.841488338817193e-09,3.847461820237904e-09,3.853439655770587e-09,3.859421843681502e-09,3.865408382235821e-09,3.871399269698049e-09,3.8773945043316295e-09,3.883394084399058e-09,3.8893980081617e-09,3.895406273879925e-09,3.90141887981489e-09,3.907435824224996e-09,3.91345710536832e-09,3.919482721502015e-09,3.9255126708825386e-09,3.93154695176525e-09,3.937585562404759e-09,3.9436285010547276e-09,3.94967576596818e-09,3.955727355396947e-09,3.961783267589568e-09,3.9678435007994114e-09,3.973908053274641e-09,3.9799769232644415e-09,3.986050109017931e-09,3.992127608786468e-09,3.99820942080471e-09,4.0042955433234e-09,4.010385974585644e-09,4.016480712836789e-09,4.0225797563210494e-09,4.0286831032738385e-09,4.034790751940088e-09,4.040902700533638e-09,4.047018947318967e-09,4.053139490494819e-09,4.0592643284580844e-09,4.065393459303403e-09,4.071526881286379e-09,4.077664592492506e-09,4.08380659129002e-09,4.089952876090819e-09,4.096103444925639e-09,4.1022582961093474e-09,4.108417427881646e-09,4.1145808383885964e-09,4.1207485259225155e-09,4.1269204886562955e-09,4.133096724871208e-09,4.13927723292442e-09,4.1454620107418395e-09,4.151651056605454e-09,4.157844368833827e-09,4.164041946059458e-09,4.170243785700724e-09,4.176449886420246e-09,4.182660246388093e-09,4.188874864140837e-09,4.195093737327762e-09,4.2013168643753146e-09,4.207544243476968e-09,4.213775872987935e-09,4.2200117514485e-09,4.226251876549117e-09,4.23249624673651e-09,4.238744860185962e-09,4.2449977149341845e-09,4.251254809103533e-09,4.257516141138854e-09,4.2637817092364195e-09,4.270051511614307e-09,4.276325546229787e-09,4.282603811797685e-09,4.288886306274327e-09,4.2951730278681205e-09,4.30146397478662e-09,4.307759145236707e-09,4.314058537424655e-09,4.320362149555966e-09,4.32666997983535e-09,4.332982026466992e-09,4.3392982876541275e-09,4.345618761599356e-09,4.351943446504855e-09,4.358272340571638e-09,4.364605442000414e-09,4.370942748990906e-09,4.377284259742452e-09,4.38362997244826e-09,4.3899798853116126e-09,4.396333996532507e-09,4.402692304304184e-09,4.40905480682238e-09,4.415421502282228e-09,4.421792388878161e-09,4.428167464803717e-09,4.434546728251976e-09,4.4409301774153884e-09,4.447317810485649e-09,4.453709625653718e-09,4.460105621110035e-09,4.466505795044343e-09,4.472910145645653e-09,4.479318671102403e-09,4.485731369633345e-09,4.492148239396398e-09,4.49856927857817e-09,4.504994485364876e-09,4.511423857941623e-09,4.517857394493177e-09,4.5242950932038165e-09,4.530736952256796e-09,4.537182969835387e-09,4.5436331441215216e-09,4.550087473297165e-09,4.556545955543397e-09,4.563008589040897e-09,4.56947537196982e-09,4.575946302509738e-09,4.582421378839689e-09,4.588900599138446e-09,4.5953839615841995e-09,4.601871464355085e-09,4.608363105629154e-09,4.61485888344022e-09,4.6213587960906715e-09,4.627862841754702e-09,4.634371018605721e-09,4.640883324816331e-09,4.647399758559026e-09,4.65392031800512e-09,4.660445001326042e-09,4.666973806691886e-09,4.673506732354668e-09,4.680043776418612e-09,4.6865849369653434e-09,4.693130212235707e-09,4.6996796003924e-09,4.706233099582164e-09,4.712790708019278e-09,4.7193524238187036e-09,4.725918245184984e-09,4.732488170363447e-09,4.739062197349077e-09,4.745640324376302e-09,4.752222549611107e-09,4.758808871216958e-09,4.7653992873561985e-09,4.771993796190557e-09,4.7785923958534595e-09,4.785195084531786e-09,4.791801860414975e-09,4.798412721602209e-09,4.805027666210789e-09,4.811646692464595e-09,4.818269798519681e-09,4.824896982531315e-09,4.831528242653431e-09,4.8381635770369005e-09,4.844802983922887e-09,4.851446461381007e-09,4.8580940075675244e-09,4.864745620678206e-09,4.87140129868835e-09,4.878061040002023e-09,4.884724842686005e-09,4.891392704888822e-09,4.898064624759793e-09,4.904740600448041e-09,4.911420630102569e-09,4.918104711872694e-09,4.924792843907031e-09,4.931485024353659e-09,4.938181251360625e-09,4.944881523075436e-09,4.951585837642278e-09,4.9582941932119755e-09,4.965006587930057e-09,4.971723019942519e-09,4.978443487577073e-09,4.985167988784118e-09,4.991896521708855e-09,4.998629084495934e-09,5.0053656752895326e-09,5.0121062922331666e-09,5.018850933469794e-09,5.0255995971421096e-09,5.032352281391888e-09,5.039108984360583e-09,5.045869704189244e-09,5.052634439018262e-09,5.059403186987889e-09,5.0661759462372815e-09,5.0729527149058285e-09,5.0797334911316545e-09,5.086518273053271e-09,5.093307058808142e-09,5.100099846533412e-09,5.106896634330301e-09,5.113697420375287e-09,5.1205022027528365e-09,5.127310979648949e-09,5.134123749197862e-09,5.1409405095336226e-09,5.147761258789995e-09,5.154585995100416e-09,5.161414716597826e-09,5.168247421414996e-09,5.175084107684012e-09,5.181924773543664e-09,5.188769417118074e-09,5.1956180365381696e-09,5.202470629934646e-09,5.2093271954375825e-09,5.2161877311767595e-09,5.223052235281507e-09,5.229920705880941e-09,5.236793141067839e-09,5.243669539007703e-09,5.2505498978280816e-09,5.257434215656037e-09,5.264322490635442e-09,5.271214720874672e-09,5.278110904499894e-09,5.285011039627477e-09,5.291915124384778e-09,5.298823156785358e-09,5.305735135191184e-09,5.312651057624818e-09,5.319570922184945e-09,5.32649472701871e-09,5.333422470234355e-09,5.340354149953866e-09,5.3472897643208815e-09,5.354229311424373e-09,5.361172789415234e-09,5.368120196368714e-09,5.3750715304226365e-09,5.382026789719559e-09,5.388985972370035e-09,5.395949076493636e-09,5.402916100209758e-09,5.409887041629159e-09,5.416861898877924e-09,5.423840670038642e-09,5.430823353317525e-09,5.43780994679749e-09,5.444800448574278e-09,5.451794856750258e-09,5.458793169418671e-09,5.465795384818343e-09,5.47280150096718e-09,5.479811515986313e-09,5.4868254279283045e-09,5.493843234978326e-09,5.50086493524905e-09,5.507890526852732e-09,5.514920008021968e-09,5.521953376743935e-09,5.528990631152292e-09,5.536031769339457e-09,5.543076789434297e-09,5.5501256895504015e-09,5.557178467799849e-09,5.564235122286322e-09,5.571295651141442e-09,5.5783600524964304e-09,5.585428324388782e-09,5.592500464981626e-09,5.5995764723994764e-09,5.606656344686693e-09,5.613740080270609e-09,5.620827676570973e-09,5.6279191322371375e-09,5.635014445249286e-09,5.6421136136379335e-09,5.649216635662096e-09,5.656323509343557e-09,5.663434232715027e-09,5.67054880403507e-09,5.677667221426146e-09,5.684789482900507e-09,5.6919155864896245e-09,5.699045530440757e-09,5.706179312836776e-09,5.713316931784414e-09,5.7204583852899095e-09,5.727603671506126e-09,5.734752788444699e-09,5.741905734495776e-09,5.749062507577984e-09,5.7562231058274745e-09,5.763387527265431e-09,5.770555770134978e-09,5.7777278324113755e-09,5.7849037122485126e-09,5.792083407795734e-09,5.799266917063876e-09,5.806454238241218e-09,5.81364536938005e-09,5.820840308556888e-09,5.828039053867794e-09,5.8352416034927866e-09,5.842447955491808e-09,5.849658107979453e-09,5.856872059032302e-09,5.8640898067595364e-09,5.871311349262474e-09,5.878536684602901e-09,5.88576581096028e-09,5.892998726354868e-09,5.900235428793601e-09,5.907475916665115e-09,5.914720187934493e-09,5.921968240651195e-09,5.929220072934099e-09,5.936475682879896e-09,5.943735068591165e-09,5.950998228159109e-09,5.9582651596907696e-09,5.965535861400273e-09,5.972810331132682e-09,5.980088567110628e-09,5.987370567433659e-09,5.994656330252005e-09,6.00194585357844e-09,6.0092391355091195e-09,6.0165361741271996e-09,6.023836967572426e-09,6.031141513964592e-09,6.03844981137546e-09,6.045761857909112e-09,6.053077651593801e-09,6.060397190634643e-09,6.067720473084985e-09,6.075047496972687e-09,6.082378260468845e-09,6.089712761634975e-09,6.097050998546855e-09,6.104392969317992e-09,6.1117386720407905e-09,6.119088104807999e-09,6.12644126571271e-09,6.133798152847316e-09,6.141158764304111e-09,6.148523098175559e-09,6.155891152551532e-09,6.163262925523292e-09,6.17063841518512e-09,6.178017619628411e-09,6.185400536944691e-09,6.192787165224695e-09,6.200177502559959e-09,6.207571547041077e-09,6.2149692967587654e-09,6.222370749803625e-09,6.229775904266023e-09,6.2371847582363424e-09,6.2445973098046046e-09,6.252013557060752e-09,6.259433498094146e-09,6.266857130994884e-09,6.274284453852486e-09,6.281715464756145e-09,6.289150161795094e-09,6.29658854300927e-09,6.30403060659956e-09,6.311476350506817e-09,6.318925772983773e-09,6.326378872130677e-09,6.333835645907803e-09,6.341296092378867e-09,6.348760209694034e-09,6.3562279959408e-09,6.363699449207649e-09,6.371174567582329e-09,6.378653349152562e-09,6.386135792005616e-09,6.3936218942050236e-09,6.401111653865208e-09,6.408605069072926e-09,6.416102137914973e-09,6.423602858477872e-09,6.431107228848358e-09,6.438615247112767e-09,6.446126911338141e-09,6.453642219628752e-09,6.461161170070688e-09,6.46868376041194e-09,6.476209989096025e-09,6.483739854503212e-09,6.491273354425492e-09,6.49881048696541e-09,6.5063512501482415e-09,6.513895642091264e-09,6.521443660869528e-09,6.528995304555164e-09,6.536550571330963e-09,6.544109459148933e-09,6.551671966147054e-09,6.5592380904095174e-09,6.566807830166886e-09,6.574381183214298e-09,6.581958147804063e-09,6.589538721996783e-09,6.597122903866607e-09,6.604710691505834e-09,6.612302082986625e-09,6.619897076432777e-09,6.6274956700543806e-09,6.635097861662863e-09,6.642703649443813e-09,6.650313031510841e-09,6.657926005951755e-09,6.665542571124819e-09,6.673162724450538e-09,6.680786464480588e-09,6.688413789219448e-09,6.696044696746859e-09,6.703679185125222e-09,6.711317252456719e-09,6.718958896686222e-09,6.726604116196288e-09,6.734252908803374e-09,6.74190527288004e-09,6.749561206264984e-09,6.757220706994164e-09,6.764883773106788e-09,6.772550403097636e-09,6.780220594783019e-09,6.787894346155068e-09,6.795571655657792e-09,6.803252520983099e-09,6.810936940330739e-09,6.81862491181258e-09,6.826316433476477e-09,6.834011503646168e-09,6.841710119983936e-09,6.849412280778223e-09,6.857117983988483e-09,6.864827227938032e-09,6.87254001057923e-09,6.880256330035948e-09,6.88797618428953e-09,6.895699571566846e-09,6.903426489863887e-09,6.911156937260649e-09,6.918890911827614e-09,6.926628411763686e-09,6.93436943498938e-09,6.942113979706331e-09,6.949862043925702e-09,6.957613625763962e-09,6.9653687232985105e-09,6.973127334632671e-09,6.980889457846438e-09,6.988655090977833e-09,6.996424232130424e-09,7.004196879385778e-09,7.0119730308312745e-09,7.019752684591984e-09,7.027535838658929e-09,7.035322491166907e-09,7.04311264021082e-09,7.050906283863143e-09,7.058703420198662e-09,7.066504047306496e-09,7.074308163264723e-09,7.082115766132522e-09,7.089926854070908e-09,7.097741425135983e-09,7.105559477329468e-09,7.113381008836013e-09,7.12120601765862e-09,7.129034501901751e-09,7.13686645968874e-09,7.144701889070764e-09,7.152540788152485e-09,7.160383154989725e-09,7.168228987657758e-09,7.176078284269831e-09,7.183931042911638e-09,7.19178726162224e-09,7.199646938519178e-09,7.207510071681048e-09,7.215376659191268e-09,7.2232466991329696e-09,7.231120189589067e-09,7.238997128522978e-09,7.246877514117751e-09,7.254761344497416e-09,7.262648617708342e-09,7.270539332002317e-09,7.278433485281468e-09,7.2863310752136135e-09,7.2942321007365185e-09,7.302136559543433e-09,7.310044449702856e-09,7.317955769308109e-09,7.325870516312396e-09,7.333788689005001e-09,7.341710285393049e-09,7.349635303552325e-09,7.357563741548062e-09,7.365495597470004e-09,7.3734308694680184e-09,7.381369555544269e-09,7.38931165385405e-09,7.3972571624194015e-09,7.405206079289198e-09,7.4131584026418726e-09,7.421114130538066e-09,7.429073261054646e-09,7.437035792271938e-09,7.4450017225336195e-09,7.452971049012014e-09,7.460943770384714e-09,7.468919884689433e-09,7.4768993905799e-09,7.484882285673764e-09,7.492868568055933e-09,7.500858235811934e-09,7.508851287020448e-09,7.516847719773347e-09,7.524847532156012e-09,7.532850722253757e-09,7.540857288152633e-09,7.548867227938028e-09,7.556880539695978e-09,7.564897221512387e-09,7.57291727147328e-09,7.580940687672174e-09,7.58896746818113e-09,7.596997611093044e-09,7.605031114494396e-09,7.613067976471706e-09,7.621108195124122e-09,7.629151768526372e-09,7.637198694765358e-09,7.645248971940591e-09,7.653302598126035e-09,7.661359571408911e-09,7.669419889876526e-09,7.677483551615961e-09,7.685550554714923e-09,7.693620897260812e-09,7.701694577341247e-09,7.709771593043885e-09,7.71785194245663e-09,7.725935623667206e-09,7.734022634763839e-09,7.742112973834906e-09,7.750206638968356e-09,7.7583036282528e-09,7.766403939776498e-09,7.774507571628455e-09,7.782614521897157e-09,7.790724788671303e-09,7.798838370040402e-09,7.806955264093384e-09,7.815075468919413e-09,7.823198982264484e-09,7.831325802547609e-09,7.839455927854916e-09,7.847589356266792e-09,7.855726085858755e-09,7.863866114688913e-09,7.8720094414217e-09,7.880156063647154e-09,7.888305979455854e-09,7.896459186938293e-09,7.904615684258048e-09,7.912775469433523e-09,7.920938540482102e-09,7.929104895472286e-09,7.937274532642403e-09,7.945447450060795e-09,7.953623645803504e-09,7.961803117950465e-09,7.96998586459312e-09,7.978171883823847e-09,7.986361173735069e-09,7.994553732418806e-09,8.002749557967656e-09,8.010948648474544e-09,8.019151002032104e-09,8.027356616733519e-09,8.03556549067182e-09,8.043777621940411e-09,8.051993008632484e-09,8.060211648842441e-09,8.068433540693503e-09,8.076658682244876e-09,8.084887071591724e-09,8.093118706829188e-09,8.10135358605241e-09,8.109591707347809e-09,8.117833068820297e-09,8.126077668565197e-09,8.134325504677703e-09,8.142576575423762e-09,8.150830878617577e-09,8.159088412396028e-09,8.167349174932972e-09,8.175613164308307e-09,8.183880378630057e-09,8.192150815990615e-09,8.200424474485216e-09,8.208701352211445e-09,8.216981447266036e-09,8.225264757746674e-09,8.233551281756633e-09,8.241841017383757e-09,8.250133962727742e-09,8.25843011587891e-09,8.266729474887697e-09,8.275032037972497e-09,8.283337803166728e-09,8.291646768538381e-09,8.299958932249343e-09,8.308274292365514e-09,8.316592846926312e-09,8.324914594162764e-09,8.33323953275211e-09,8.341567660147969e-09,8.349898974449416e-09,8.358233473756527e-09,8.366571156171362e-09,8.374912019791748e-09,8.383256062721212e-09,8.39160328305851e-09,8.399953678905787e-09,8.408307248364342e-09,8.416663989535175e-09,8.425023900521056e-09,8.433386979423463e-09,8.441753224344024e-09,8.450122633385915e-09,8.458495204652199e-09,8.466870936244139e-09,8.475249826265749e-09,8.48363187281977e-09,8.492017074010203e-09,8.500405427941342e-09,8.508796932715336e-09,8.517191586438226e-09,8.525589387213223e-09,8.533990333144862e-09,8.542394422338209e-09,8.550801652897488e-09,8.559212022929551e-09,8.567625530537818e-09,8.576042173831624e-09,8.58446195020141e-09,8.592884858465634e-09,8.601310896730362e-09,8.609740063102105e-09,8.61817235568786e-09,8.626607772594635e-09,8.63504631192972e-09,8.643487971800465e-09,8.651932750314954e-09,8.660380645580901e-09,8.668831655706658e-09,8.677285778800758e-09,8.685743012971767e-09,8.694203356328887e-09,8.702666806980812e-09,8.71113336303753e-09,8.719603022608355e-09,8.72807578380334e-09,8.736551644732669e-09,8.745030603506518e-09,8.753512658235843e-09,8.761997807031307e-09,8.770486048004146e-09,8.778977379265765e-09,8.787471798927811e-09,8.795969305101974e-09,8.80446989590062e-09,8.812973569436127e-09,8.821480323821113e-09,8.829990157168448e-09,8.838503067591068e-09,8.847019053202962e-09,8.855538112117202e-09,8.864060242448082e-09,8.872585442309611e-09,8.881113709816437e-09,8.889645043083077e-09,8.89817944022454e-09,8.906716899356072e-09,8.915257418593002e-09,8.923800996051455e-09,8.932347629847334e-09,8.9408973180968e-09,8.94945005891624e-09,8.958005850422788e-09,8.966564690733713e-09,8.975126577966072e-09,8.983691510237547e-09,8.99225948566582e-09,9.000830502369404e-09,9.00940455846677e-09,9.017981652437748e-09,9.026561782040651e-09,9.035144945395008e-09,9.043731140620084e-09,9.052320365835667e-09,9.060912619146283e-09,9.069507898687413e-09,9.078106202580499e-09,9.086707528946456e-09,9.095311875906249e-09,9.103919241581009e-09,9.112529624093403e-09,9.121143021565327e-09,9.129759432118509e-09,9.138378853876065e-09,9.147001284960951e-09,9.155626723496303e-09,9.164255167606092e-09,9.172886615413365e-09,9.18152106504342e-09,9.190158514620072e-09,9.198798962267317e-09,9.207442406110752e-09,9.216088844275505e-09,9.224738274471492e-09,9.233390695244282e-09,9.242046104719324e-09,9.250704501022736e-09,9.25936588235397e-09,9.268030246763844e-09,9.276697592380198e-09,9.285367917330582e-09,9.294041219743025e-09,9.302717497745764e-09,9.311396749467155e-09,9.320078973036655e-09,9.328764166582796e-09,9.337452328235453e-09,9.34614345612443e-09,9.354837548379494e-09,9.363534603131652e-09,9.372234618511314e-09,9.38093759264944e-09,9.389643523677606e-09,9.398352409727137e-09,9.407064248930597e-09,9.415779039419567e-09,9.424496779327451e-09,9.433217466786376e-09,9.441941099930153e-09,9.450667676892018e-09,9.459397195805956e-09,9.46812965480641e-09,9.476865052027544e-09,9.48560338560443e-09,9.494344653672047e-09,9.503088854365782e-09,9.511835985821966e-09,9.520586046176188e-09,9.529339033565149e-09,9.538094946125457e-09,9.546853781994532e-09,9.55561553930969e-09,9.564380216150085e-09,9.57314781071948e-09,9.581918321152758e-09,9.590691745589418e-09,9.599468082166653e-09,9.60824732902463e-09,9.61702948431701e-09,9.625814546166662e-09,9.634602512714193e-09,9.643393382100125e-09,9.652187152465755e-09,9.660983821952359e-09,9.669783388701698e-09,9.678585850855984e-09,9.68739120655752e-09,9.696199453949233e-09,9.705010591173943e-09,9.713824616375424e-09,9.72264152769742e-09,9.731461323283992e-09,9.740284001279668e-09,9.749109559829226e-09,9.75793799707773e-09,9.766769311170975e-09,9.775603500254648e-09,9.784440562475001e-09,9.79328049597843e-09,9.802123298912365e-09,9.810968969423498e-09,9.819817505659754e-09,9.828668905768844e-09,9.83752316789931e-09,9.846380290199936e-09,9.855240270819179e-09,9.864103107906968e-09,9.872968799612853e-09,9.88183734408703e-09,9.890708739479644e-09,9.899582983941659e-09,9.908460075624413e-09,9.917340012679277e-09,9.926222793257815e-09,9.935108415512845e-09,9.943996877596282e-09,9.952888177661766e-09,9.961782313862381e-09,9.970679284351383e-09,9.979579087283098e-09,9.98848172081248e-09,9.997387183093548e-09,1.0006295472281813e-08,1.0015206586532693e-08,1.002412052400201e-08,1.0033037282846033e-08,1.0041956861221517e-08,1.0050879257285124e-08,1.0059804469194445e-08,1.0068732495107142e-08,1.0077663333181592e-08,1.008659698157575e-08,1.009553343844871e-08,1.0104472701959636e-08,1.0113414770268203e-08,1.0122359641534386e-08,1.013130731391839e-08,1.0140257785580945e-08,1.0149211054683284e-08,1.0158167119403739e-08,1.0167125977887374e-08,1.0176087628296038e-08,1.0185052068792755e-08,1.0194019297540314e-08,1.0202989312702278e-08,1.0211962112442454e-08,1.0220937694924747e-08,1.0229916058313726e-08,1.0238897200774645e-08,1.0247881120472426e-08,1.0256867815573367e-08,1.0265857284243093e-08,1.0274849524648716e-08,1.0283844534957035e-08,1.0292842313362801e-08,1.0301842857952053e-08,1.0310846166949311e-08,1.031985223853869e-08,1.0328861070870727e-08,1.0337872662114306e-08,1.0346887010439686e-08,1.0355904114017362e-08,1.0364923970949784e-08,1.0373946579565228e-08,1.038297193794339e-08,1.0392000044255812e-08,1.0401030896673907e-08,1.0410064493370342e-08,1.0419100832517877e-08,1.042813991228933e-08,1.043718173085841e-08,1.0446226286399247e-08,1.0455273577086084e-08,1.046432360109387e-08,1.0473376356597191e-08,1.048243184177207e-08,1.0491490054793911e-08,1.0500550993839562e-08,1.050961465708545e-08,1.0518681042709061e-08,1.0527750148887831e-08,1.053682197379946e-08,1.0545896515622743e-08,1.0554973772536157e-08,1.0564053742718907e-08,1.0573136424350497e-08,1.05822218156108e-08,1.0591309914680896e-08,1.0600400719741444e-08,1.0609494228973316e-08,1.0618590440558215e-08,1.0627689352678186e-08,1.0636790963516043e-08,1.0645895271254383e-08,1.0655002274076465e-08,1.0664111970166179e-08,1.067322435770741e-08,1.0682339434885063e-08,1.0691457199883792e-08,1.0700577650889348e-08,1.0709700786086974e-08,1.0718826603663265e-08,1.0727955101804795e-08,1.0737086278698519e-08,1.0746220132531983e-08,1.0755356661493582e-08,1.0764495863771285e-08,1.0773637737553356e-08,1.078278228102935e-08,1.0791929492388854e-08,1.080107936982183e-08,1.0810231911518756e-08,1.0819387115670404e-08,1.0828544980468098e-08,1.0837705504104107e-08,1.0846868684769751e-08,1.0856034520658046e-08,1.086520300996209e-08,1.0874374150874905e-08,1.088354794159049e-08,1.0892724380303324e-08,1.0901903465208153e-08,1.0911085194499925e-08,1.092026956637439e-08,1.0929456579027418e-08,1.0938646230655624e-08,1.0947838519455923e-08,1.0957033443625579e-08,1.0966231001362103e-08,1.0975431190863867e-08,1.0984634010329728e-08,1.0993839457958248e-08,1.1003047531948992e-08,1.1012258230502302e-08,1.1021471551818378e-08,1.1030687494098042e-08,1.1039906055542291e-08,1.1049127234353388e-08,1.1058351028733207e-08,1.1067577436883811e-08,1.1076806457009164e-08,1.1086038087311671e-08,1.1095272325996092e-08,1.1104509171266445e-08,1.1113748621327575e-08,1.1122990674384594e-08,1.1132235328643229e-08,1.1141482582309841e-08,1.1150732433590765e-08,1.1159984880693142e-08,1.1169239921824243e-08,1.117849755519193e-08,1.1187757779005098e-08,1.1197020591472189e-08,1.1206285990802572e-08,1.1215553975205813e-08,1.1224824542892372e-08,1.1234097692071948e-08,1.1243373420956762e-08,1.125265172775776e-08,1.1261932610687184e-08,1.127121606795709e-08,1.1280502097780461e-08,1.1289790698370808e-08,1.1299081867941931e-08,1.1308375604708084e-08,1.1317671906883745e-08,1.1326970772684018e-08,1.1336272200325221e-08,1.1345576188022766e-08,1.1354882733993226e-08,1.1364191836119571e-08,1.1373503492950769e-08,1.1382817702681202e-08,1.1392134463548811e-08,1.1401453773735771e-08,1.1410775631457037e-08,1.1420100034924488e-08,1.1429426982896158e-08,1.143875647311067e-08,1.1448088503310467e-08,1.1457423072243305e-08,1.146676017814024e-08,1.147609981919531e-08,1.1485441993619288e-08,1.1494786699626185e-08,1.1504133935457894e-08,1.1513483699314845e-08,1.1522835989427473e-08,1.1532190803952907e-08,1.1541548141175084e-08,1.1550907999321676e-08,1.1560270376620017e-08,1.1569635271296522e-08,1.157900268157874e-08,1.158837260569667e-08,1.159774504187778e-08,1.1607119988352896e-08,1.161649744334919e-08,1.1625877405099451e-08,1.1635259871831274e-08,1.1644644841773073e-08,1.1654032313162578e-08,1.1663422284228452e-08,1.1672814753202623e-08,1.1682209718316703e-08,1.1691607177808692e-08,1.1701007129911515e-08,1.1710409572855726e-08,1.1719814504878422e-08,1.172922192421418e-08,1.1738631829098962e-08,1.1748044217770107e-08,1.175745908846667e-08,1.176687643941994e-08,1.1776296268868427e-08,1.1785718575536173e-08,1.179514335719129e-08,1.1804570612059614e-08,1.1814000338407262e-08,1.1823432534431937e-08,1.1832867198385125e-08,1.1842304328511361e-08,1.1851743923052803e-08,1.186118598025328e-08,1.1870630498355575e-08,1.1880077475603346e-08,1.1889526910240303e-08,1.1898978800510525e-08,1.1908433144658534e-08,1.19178899409295e-08,1.1927349187569114e-08,1.1936810882822884e-08,1.1946275024937623e-08,1.1955741612160263e-08,1.1965210642738802e-08,1.1974682114920493e-08,1.198415602694205e-08,1.1993632377064876e-08,1.200311116353895e-08,1.2012592384614492e-08,1.2022076038547063e-08,1.203156212359045e-08,1.2041050637974768e-08,1.205054157995726e-08,1.2060034947794868e-08,1.2069530739740792e-08,1.2079028954048442e-08,1.2088529588971815e-08,1.2098032642765654e-08,1.2107538113684648e-08,1.2117045999984037e-08,1.212655629991961e-08,1.2136069011758309e-08,1.2145584133746328e-08,1.215510166414129e-08,1.2164621601119899e-08,1.2174143943021773e-08,1.2183668688105322e-08,1.2193195834630274e-08,1.2202725380856149e-08,1.221225732504317e-08,1.2221791665452226e-08,1.2231328400344704e-08,1.2240867527982517e-08,1.2250409046627609e-08,1.2259952954543334e-08,1.2269499249992559e-08,1.2279047931239327e-08,1.2288598996547983e-08,1.22981524441834e-08,1.230770827241053e-08,1.2317266479496027e-08,1.2326827063705693e-08,1.2336390023306307e-08,1.2345955356565404e-08,1.2355523061751028e-08,1.2365093137131433e-08,1.237466558097534e-08,1.238424039155248e-08,1.2393817567132335e-08,1.2403397105985862e-08,1.2412979006383761e-08,1.2422563266597422e-08,1.2432149884898865e-08,1.2441738859560757e-08,1.2451330188855769e-08,1.2460923871057778e-08,1.24705199044403e-08,1.2480118287403124e-08,1.24897190182077e-08,1.2499322094928061e-08,1.2508927515919493e-08,1.2518535279464565e-08,1.252814538384316e-08,1.2537757827333373e-08,1.2547372608214328e-08,1.2556989724765152e-08,1.256660917526502e-08,1.2576230957993947e-08,1.2585855071232183e-08,1.2595481513260343e-08,1.2605110282360357e-08,1.2614741376813525e-08,1.2624374794902183e-08,1.2634010534909256e-08,1.2643648595118218e-08,1.2653288973812951e-08,1.2662931669277503e-08,1.2672576679756375e-08,1.268222400361812e-08,1.2691873639113414e-08,1.2701525584531112e-08,1.2711179838161615e-08,1.2720836398368956e-08,1.2730495263347124e-08,1.2740156431384623e-08,1.2749819900770734e-08,1.275948566979538e-08,1.2769153736748016e-08,1.2778824099919985e-08,1.2788496757602616e-08,1.2798171708087351e-08,1.2807848949666853e-08,1.2817528480633552e-08,1.2827210299281106e-08,1.2836894403902883e-08,1.2846580792793931e-08,1.2856269464248795e-08,1.286596041656284e-08,1.2875653648032683e-08,1.2885349156953713e-08,1.289504694142564e-08,1.2904746999946112e-08,1.2914449330813249e-08,1.2924153932325939e-08,1.2933860802782775e-08,1.2943569940483988e-08,1.2953281343729043e-08,1.2962995010819736e-08,1.2972710940056248e-08,1.2982429129740474e-08,1.2992149578174847e-08,1.3001872283661979e-08,1.3011597244505852e-08,1.3021324459009853e-08,1.3031053925478526e-08,1.3040785642217279e-08,1.3050519607530622e-08,1.3060255819725132e-08,1.306999427710758e-08,1.3079734977984942e-08,1.3089477920664564e-08,1.3099223103454905e-08,1.3108970524664826e-08,1.3118720182603002e-08,1.3128472075579943e-08,1.3138226201905494e-08,1.3147982559890827e-08,1.315774114784724e-08,1.3167501964086552e-08,1.3177265006921185e-08,1.318703027482206e-08,1.319679776592918e-08,1.3206567478560691e-08,1.3216339410897646e-08,1.3226113561411889e-08,1.3235889928417537e-08,1.3245668510229311e-08,1.3255449305163018e-08,1.3265232311534965e-08,1.3275017527662419e-08,1.3284804951863217e-08,1.3294594582488822e-08,1.3304386417822083e-08,1.3314180456182712e-08,1.3323976695891526e-08,1.3333775135270126e-08,1.3343575772639965e-08,1.3353378606324248e-08,1.3363183634644939e-08,1.3372990855926191e-08,1.3382800268492628e-08,1.3392611870668994e-08,1.3402425660752338e-08,1.3412241637093135e-08,1.3422059798017695e-08,1.3431880141852605e-08,1.3441702666925e-08,1.3451527371562542e-08,1.3461354254093669e-08,1.3471183312846976e-08,1.3481014546151898e-08,1.3490847952338322e-08,1.3500683529737076e-08,1.351052127667877e-08,1.3520361191495145e-08,1.3530203272518135e-08,1.3540047518080712e-08,1.3549893926515933e-08,1.355974249615769e-08,1.3569593225340317e-08,1.3579446112398443e-08,1.3589301155667915e-08,1.359915835348443e-08,1.3609017704184694e-08,1.3618879206144627e-08,1.362874285766323e-08,1.3638608657078683e-08,1.3648476602729645e-08,1.3658346692955922e-08,1.3668218926068665e-08,1.3678093300438292e-08,1.3687969814406679e-08,1.3697848466316866e-08,1.3707729254538603e-08,1.3717612177381252e-08,1.3727497233187011e-08,1.3737384420300687e-08,1.374727373706582e-08,1.3757165181828313e-08,1.3767058752932631e-08,1.3776954448725216e-08,1.3786852267552089e-08,1.3796752207761174e-08,1.3806654267699684e-08,1.3816558445715742e-08,1.3826464740157981e-08,1.3836373149376555e-08,1.3846283671720577e-08,1.3856196305541177e-08,1.386611104918864e-08,1.3876027901014871e-08,1.3885946859372176e-08,1.389586792261331e-08,1.3905791089090704e-08,1.3915716357159941e-08,1.3925643725173795e-08,1.3935573191488021e-08,1.394550475445806e-08,1.3955438412439495e-08,1.3965374163789912e-08,1.3975312006865288e-08,1.3985251940024565e-08,1.3995193961625106e-08,1.4005138070026511e-08,1.4015084263587591e-08,1.4025032540669255e-08,1.4034982899631791e-08,1.4044935338835791e-08,1.4054889856643463e-08,1.4064846451417153e-08,1.4074805121519576e-08,1.4084765865313901e-08,1.409472868116438e-08,1.4104693567436164e-08,1.4114660522493534e-08,1.4124629544702291e-08,1.4134600632429021e-08,1.4144573784039749e-08,1.4154548997902963e-08,1.4164526272385934e-08,1.4174505605857467e-08,1.4184486996689459e-08,1.4194470443247241e-08,1.4204455943899419e-08,1.4214443497016884e-08,1.4224433100971654e-08,1.4234424754136572e-08,1.4244418454882416e-08,1.4254414201582652e-08,1.4264411992611391e-08,1.4274411826340617e-08,1.4284413701146297e-08,1.429441761540515e-08,1.430442356729647e-08,1.4314431555376576e-08,1.4324441577981226e-08,1.4334453633424159e-08,1.4344467720645494e-08,1.435448383716369e-08,1.4364501981884917e-08,1.4374522153133772e-08,1.4384544349284354e-08,1.4394568568712968e-08,1.4404594809772603e-08,1.4414623070852735e-08,1.4424653350334528e-08,1.4434685646602802e-08,1.4444719958024349e-08,1.4454756282995074e-08,1.4464794619900074e-08,1.4474834967118961e-08,1.4484877323040614e-08,1.4494921686049875e-08,1.4504968054535314e-08,1.4515016426883552e-08,1.4525066801483117e-08,1.4535119176720566e-08,1.4545173550991062e-08,1.4555229922681435e-08,1.456528829018024e-08,1.4575348651879428e-08,1.4585411006170536e-08,1.4595475351448758e-08,1.4605541686106502e-08,1.4615610008534097e-08,1.4625680317129617e-08,1.4635752610285551e-08,1.4645826886399818e-08,1.4655903143864196e-08,1.4665981381076996e-08,1.4676061596437439e-08,1.468614378834147e-08,1.4696227955187869e-08,1.470631409537442e-08,1.4716402207302488e-08,1.4726492289369312e-08,1.4736584339977177e-08,1.4746678357528141e-08,1.475677434042285e-08,1.4766872287064715e-08,1.4776972195854507e-08,1.478707406519777e-08,1.4797177893499302e-08,1.4807283679162016e-08,1.4817391420592514e-08,1.482750111619641e-08,1.4837612764376929e-08,1.484772636354453e-08,1.4857841912107556e-08,1.486795940847242e-08,1.4878078851048634e-08,1.488820023824449e-08,1.4898323568471076e-08,1.4908448840138705e-08,1.4918576051656897e-08,1.492870520143853e-08,1.4938836287896986e-08,1.4948969309507778e-08,1.495910426462974e-08,1.4969241151877538e-08,1.4979379969397477e-08,1.498952071563311e-08,1.499966338901207e-08,1.5009807987956007e-08,1.5019954510886043e-08,1.503010295629705e-08,1.5040253322513594e-08,1.5050405607989535e-08,1.5060559811146203e-08,1.507071593040636e-08,1.5080873964194075e-08,1.5091033910937788e-08,1.5101195769071866e-08,1.5111359537051536e-08,1.512152521312849e-08,1.513169279533314e-08,1.51418622829751e-08,1.5152033674084615e-08,1.5162206967055464e-08,1.5172382159886063e-08,1.5182559251959138e-08,1.5192738241230584e-08,1.5202919126069387e-08,1.5213101904972533e-08,1.5223286575814882e-08,1.523347313799898e-08,1.5243661589837145e-08,1.5253851929207793e-08,1.5264044154715793e-08,1.527423826475833e-08,1.5284434258001996e-08,1.5294632132338195e-08,1.5304831886099896e-08,1.531503351873261e-08,1.5325237028484503e-08,1.533544241333938e-08,1.5345649671895337e-08,1.535585880241951e-08,1.5366069803627898e-08,1.5376282673255412e-08,1.5386497410837836e-08,1.5396714013630074e-08,1.540693248121075e-08,1.5417152811485175e-08,1.542737500296681e-08,1.5437599054085754e-08,1.544782496341955e-08,1.5458052729153988e-08,1.5468282349803144e-08,1.5478513823797513e-08,1.5488747149611273e-08,1.549898232568894e-08,1.5509219350476165e-08,1.5519458222418552e-08,1.552969893996303e-08,1.5539941501556742e-08,1.5550185905647627e-08,1.5560432150657562e-08,1.557068023506764e-08,1.5580930157817948e-08,1.559118191638947e-08,1.560143550969324e-08,1.561169093619786e-08,1.5621948194350782e-08,1.5632207282673215e-08,1.5642468199588364e-08,1.5652730943217245e-08,1.5662995512355646e-08,1.5673261905491063e-08,1.5683530121064668e-08,1.5693800157491662e-08,1.570407201339317e-08,1.571434568680628e-08,1.5724621176648018e-08,1.573489848115015e-08,1.5745177598740115e-08,1.5755458527228155e-08,1.576574126603418e-08,1.5776025813566027e-08,1.5786312168037093e-08,1.5796600327931413e-08,1.5806890291712888e-08,1.5817182058071987e-08,1.5827475625051528e-08,1.5837770991371926e-08,1.5848068155327998e-08,1.585836711544568e-08,1.5868667870321504e-08,1.5878970418069645e-08,1.5889274757576298e-08,1.5899580887068974e-08,1.5909888804786506e-08,1.5920198509872978e-08,1.5930510000509833e-08,1.5940823275107e-08,1.5951138332146913e-08,1.596145516989755e-08,1.5971773786651227e-08,1.598209418184198e-08,1.5992416353317088e-08,1.6002740299553653e-08,1.6013066019173938e-08,1.6023393510291227e-08,1.6033722771466237e-08,1.604405380166331e-08,1.60543865993841e-08,1.606472116228652e-08,1.6075057489492437e-08,1.6085395579211722e-08,1.609573543004429e-08,1.610607704044148e-08,1.611642040877203e-08,1.6126765533740226e-08,1.6137112413777024e-08,1.6147461047238707e-08,1.6157811432683065e-08,1.616816356861863e-08,1.617851745345096e-08,1.618887308573174e-08,1.619923046395828e-08,1.6209589586521855e-08,1.6219950451975182e-08,1.6230313058822e-08,1.6240677405551182e-08,1.6251043490958234e-08,1.6261411312809093e-08,1.627178086999883e-08,1.628215216094993e-08,1.6292525184284647e-08,1.6302899938590533e-08,1.6313276422196168e-08,1.6323654633616802e-08,1.6334034571442347e-08,1.6344416233402497e-08,1.6354799619090222e-08,1.6365184726286088e-08,1.6375571553801377e-08,1.638596010006799e-08,1.6396350363765607e-08,1.6406742343032346e-08,1.6417136036541856e-08,1.6427531442797017e-08,1.6437928560206897e-08,1.6448327387412284e-08,1.6458727922875054e-08,1.6469130165090452e-08,1.6479534112611455e-08,1.64899397637473e-08,1.6500347117230353e-08,1.651075617142402e-08,1.6521166924825022e-08,1.653157937606085e-08,1.654199352350862e-08,1.6552409367253557e-08,1.656282690268601e-08,1.6573246130115068e-08,1.65836670482968e-08,1.659408965476383e-08,1.6604513948479558e-08,1.6614939928642567e-08,1.6625367592565426e-08,1.6635796939393756e-08,1.6646227967549985e-08,1.6656660675495106e-08,1.6667095061968434e-08,1.6677531125723276e-08,1.6687968864855652e-08,1.669840827842183e-08,1.6708849364294444e-08,1.6719292121022902e-08,1.6729736546592773e-08,1.6740182640150564e-08,1.675063040021356e-08,1.676107982524083e-08,1.6771530913810876e-08,1.6781983664442686e-08,1.6792438075656083e-08,1.6802894145971998e-08,1.6813351873911347e-08,1.6823811257995755e-08,1.683427229674787e-08,1.684473498869065e-08,1.6855199332347404e-08,1.6865665326242475e-08,1.6876132968900382e-08,1.6886602258847604e-08,1.6897073194608764e-08,1.6907545774710917e-08,1.6918019997681518e-08,1.692849586204851e-08,1.6938973366339793e-08,1.6949452509084712e-08,1.695993328881247e-08,1.6970415704054218e-08,1.6980899753339866e-08,1.6991385435200856e-08,1.700187274816969e-08,1.701236169077893e-08,1.702285226156152e-08,1.7033344459051724e-08,1.7043838282792324e-08,1.7054333730312732e-08,1.7064830800148462e-08,1.7075329490836205e-08,1.7085829800912963e-08,1.7096331728916733e-08,1.7106835273385068e-08,1.7117340432857976e-08,1.7127847205873426e-08,1.7138355590972196e-08,1.7148865586694708e-08,1.7159377191582345e-08,1.7169890404177248e-08,1.718040522302113e-08,1.7190921646658227e-08,1.720143967363173e-08,1.7211959302486377e-08,1.722248053176642e-08,1.7233003360017256e-08,1.724352778578614e-08,1.7254053807618377e-08,1.726458142406249e-08,1.7275110633666237e-08,1.728564143497808e-08,1.729617382654698e-08,1.7306707806922867e-08,1.7317243374656473e-08,1.7327780528299185e-08,1.7338319265263553e-08,1.734885958523633e-08,1.735940148676864e-08,1.7369944968413905e-08,1.7380490028724182e-08,1.7391036666252437e-08,1.740158487955031e-08,1.741213466716652e-08,1.742268602783099e-08,1.7433238960000244e-08,1.7443793462192538e-08,1.7454349532957138e-08,1.7464907170840452e-08,1.7475466374402832e-08,1.748602714219438e-08,1.7496589472862286e-08,1.750715336481588e-08,1.751771881673191e-08,1.7528285827152318e-08,1.7538854394642896e-08,1.7549424517753554e-08,1.7559996194829987e-08,1.7570569424687388e-08,1.7581144205817737e-08,1.7591720537643072e-08,1.7602298417595614e-08,1.7612877844526253e-08,1.7623458816619156e-08,1.763404133293924e-08,1.7644625392034648e-08,1.765521099246369e-08,1.7665798132747638e-08,1.7676386811455737e-08,1.7686977027157287e-08,1.769756877842005e-08,1.7708162063812455e-08,1.7718756881900734e-08,1.7729353232247457e-08,1.7739951112461037e-08,1.775055052105076e-08,1.776115145603152e-08,1.7771753916607422e-08,1.7782357901477497e-08,1.7792963410243372e-08,1.780357043916509e-08,1.781417898785383e-08,1.7824789056027224e-08,1.783540064024695e-08,1.7846013740130078e-08,1.7856628354258632e-08,1.7867244481196624e-08,1.7877862119536256e-08,1.7888481267861056e-08,1.7899101924753537e-08,1.7909724088798832e-08,1.792034775858102e-08,1.7930972933326627e-08,1.7941599610309927e-08,1.7952227789552183e-08,1.7962857468189826e-08,1.7973488645513375e-08,1.7984121320170883e-08,1.7994755490508678e-08,1.8005391155396264e-08,1.801602831410719e-08,1.8026666963735955e-08,1.8037307104329687e-08,1.8047948733405278e-08,1.805859184940667e-08,1.8069236451362943e-08,1.807988253788819e-08,1.8090530107520038e-08,1.8101179159172468e-08,1.811182969111527e-08,1.8122481702087196e-08,1.8133135190676647e-08,1.814379015544607e-08,1.8154446594886616e-08,1.816510450788033e-08,1.817576389380697e-08,1.8186424749331417e-08,1.8197087073921252e-08,1.8207750866601307e-08,1.8218416125142505e-08,1.822908284811978e-08,1.823975103537796e-08,1.8250420684831524e-08,1.826109179508365e-08,1.8271764364827388e-08,1.8282438392665398e-08,1.8293113876911323e-08,1.8303790816396155e-08,1.8314469209581437e-08,1.8325149055312404e-08,1.8335830352201264e-08,1.834651309864888e-08,1.835719729334166e-08,1.8367882934887282e-08,1.837857002192561e-08,1.838925855301542e-08,1.8399948526957655e-08,1.841063994287242e-08,1.8421332797945558e-08,1.843202709151766e-08,1.844272282226626e-08,1.8453419988798133e-08,1.846411858999249e-08,1.8474818624219984e-08,1.848552008992561e-08,1.8496222985863332e-08,1.8506927310449127e-08,1.85176330626446e-08,1.852834024128845e-08,1.853904884418998e-08,1.854975887066479e-08,1.8560470319078135e-08,1.857118318876191e-08,1.8581897477100745e-08,1.85926131832868e-08,1.860333030591327e-08,1.8614048843572863e-08,1.862476879505474e-08,1.863549015888314e-08,1.8646212933731046e-08,1.865693711814644e-08,1.8667662710782596e-08,1.8678389710281842e-08,1.8689118115274084e-08,1.8699847924396648e-08,1.8710579136099483e-08,1.8721311749336878e-08,1.873204576259246e-08,1.874278117378592e-08,1.8753517983010847e-08,1.876425618751601e-08,1.8774995787191902e-08,1.8785736780049144e-08,1.8796479163719252e-08,1.8807222938627373e-08,1.881796810276485e-08,1.8828714654718707e-08,1.8839462592995907e-08,1.885021191627717e-08,1.8860962623201662e-08,1.8871714712408737e-08,1.8882468182859005e-08,1.8893223032579062e-08,1.8903979260482608e-08,1.891473686523087e-08,1.8925495845641598e-08,1.8936256199980883e-08,1.8947017927258375e-08,1.895778102582942e-08,1.8968545494568644e-08,1.897931133190835e-08,1.899007853668395e-08,1.900084710754374e-08,1.9011617042829336e-08,1.9022388341434055e-08,1.9033161002075026e-08,1.904393502331838e-08,1.9054710403586564e-08,1.9065487141971853e-08,1.907626523657245e-08,1.908704468722244e-08,1.9097825491252392e-08,1.910860764778824e-08,1.9119391155485904e-08,1.9130176013169784e-08,1.9140962219226096e-08,1.915174977235052e-08,1.9162538671497637e-08,1.9173328914394127e-08,1.918412050085127e-08,1.919491342949259e-08,1.9205707697502485e-08,1.92165033051834e-08,1.9227300250500326e-08,1.9238098533842047e-08,1.9248898150902956e-08,1.925969910153736e-08,1.9270501384482695e-08,1.9281305000038226e-08,1.929210994366372e-08,1.9302916215742197e-08,1.931372381497523e-08,1.9324532739854076e-08,1.933534298916695e-08,1.9346154562030706e-08,1.935696745607742e-08,1.9367781670474542e-08,1.9378597203875214e-08,1.9389414055022544e-08,1.9400232222450393e-08,1.94110517049834e-08,1.942187250191347e-08,1.9432694610595394e-08,1.9443518029804764e-08,1.9454342759292556e-08,1.9465168797048352e-08,1.9475996141906597e-08,1.9486824792722344e-08,1.949765474789823e-08,1.950848600628246e-08,1.9519318566328683e-08,1.9530152426838023e-08,1.9540987586752417e-08,1.955182404427248e-08,1.9562661798787703e-08,1.9573500847820966e-08,1.9584341190835876e-08,1.9595182826250907e-08,1.960602575311933e-08,1.9616869970517994e-08,1.9627715475936518e-08,1.963856226834531e-08,1.9649410345877488e-08,1.9660259709054796e-08,1.9671110355418436e-08,1.968196228400165e-08,1.969281549308887e-08,1.9703669981779017e-08,1.9714525748402554e-08,1.972538279195188e-08,1.973624111060775e-08,1.974710070354345e-08,1.975796156932056e-08,1.9768823706608817e-08,1.9779687113989692e-08,1.9790551790378967e-08,1.9801417734491452e-08,1.9812284944814596e-08,1.9823153419937965e-08,1.9834023158962625e-08,1.9844894160275732e-08,1.985576642259813e-08,1.9866639944761725e-08,1.987751472532279e-08,1.9888390763006406e-08,1.9899268056527476e-08,1.991014660460265e-08,1.9921026405913864e-08,1.9931907459175882e-08,1.9942789763081534e-08,1.9953673315654778e-08,1.996455811695239e-08,1.9975444165175916e-08,1.9986331458670737e-08,1.9997219996319494e-08,2.00081097768256e-08,2.0019000798929363e-08,2.0029893061264666e-08,2.0040786562571922e-08,2.0051681301557527e-08,2.006257727692954e-08,2.007347448739562e-08,2.0084372931658658e-08,2.009527260850845e-08,2.0106173516530717e-08,2.0117075654542852e-08,2.012797902136694e-08,2.0138883615261428e-08,2.0149789435244886e-08,2.0160696479958504e-08,2.0171604747446205e-08,2.0182514237996307e-08,2.0193424949373556e-08,2.0204336879855896e-08,2.0215250029120046e-08,2.0226164395516606e-08,2.0237079977659735e-08,2.024799677432718e-08,2.025891478405703e-08,2.026983400582449e-08,2.0280754438146138e-08,2.0291676080293866e-08,2.0302598929820155e-08,2.0313522986577492e-08,2.032444824870888e-08,2.0335374715094377e-08,2.0346302384551253e-08,2.035723125534013e-08,2.0368161326935457e-08,2.037909259653117e-08,2.0390025065240235e-08,2.0400958730473764e-08,2.0411893591485493e-08,2.042282964620637e-08,2.043376689362564e-08,2.0444705332205016e-08,2.045564496121777e-08,2.0466585779339087e-08,2.0477527785253267e-08,2.0488470977429532e-08,2.0499415354719614e-08,2.0510360915220666e-08,2.0521307657570604e-08,2.0532255582908556e-08,2.0543204688282876e-08,2.055415497246663e-08,2.0565106434605558e-08,2.0576059072652806e-08,2.0587012885553823e-08,2.05979678723765e-08,2.0608924031766536e-08,2.061988136154825e-08,2.0630839862100108e-08,2.0641799531099497e-08,2.0652760367585372e-08,2.0663722370461076e-08,2.0674685538312877e-08,2.0685649869836194e-08,2.069661536383436e-08,2.0707582018950726e-08,2.0718549833807636e-08,2.0729518807529656e-08,2.0740488938599183e-08,2.0751460225691386e-08,2.0762432667715463e-08,2.0773406263547853e-08,2.078438101237979e-08,2.0795356912151533e-08,2.080633396185201e-08,2.0817312159877777e-08,2.0828291504468894e-08,2.0839271995701916e-08,2.0850253631812165e-08,2.0861236411579923e-08,2.087222033367546e-08,2.088320539679208e-08,2.089419159991807e-08,2.0905178941580424e-08,2.091616742060988e-08,2.0927157035799745e-08,2.0938147785889873e-08,2.094913966970202e-08,2.0960132685923995e-08,2.0971126833312516e-08,2.0982122110616254e-08,2.0993118516514215e-08,2.10041160491711e-08,2.1015114708766826e-08,2.1026114493336456e-08,2.1037115401279058e-08,2.1048117432088042e-08,2.105912058418476e-08,2.107012485625572e-08,2.1081130247095423e-08,2.1092136756155863e-08,2.110314438066818e-08,2.1114153120477465e-08,2.11251629753485e-08,2.1136173941845806e-08,2.114718601960107e-08,2.115819920870011e-08,2.1169213505261464e-08,2.1180228909456802e-08,2.1191245420068927e-08,2.1202263035904338e-08,2.121328175571976e-08,2.1224301578175136e-08,2.1235322501343027e-08,2.1246344525688593e-08,2.1257367649124064e-08,2.1268391870412034e-08,2.127941718744355e-08,2.129044360069817e-08,2.130147110828272e-08,2.1312499708596846e-08,2.132352940074699e-08,2.1334560183585326e-08,2.134559205537538e-08,2.1356625015209886e-08,2.1367659061714602e-08,2.137869419396772e-08,2.138973041061404e-08,2.1400767710602313e-08,2.1411806092336985e-08,2.1422845554030208e-08,2.1433886095830236e-08,2.144492771600073e-08,2.1455970413234272e-08,2.1467014186475227e-08,2.147805903422155e-08,2.1489104955508683e-08,2.150015194895045e-08,2.1511200013371875e-08,2.152224914760387e-08,2.1533299350396716e-08,2.1544350620766426e-08,2.1555402957076082e-08,2.1566456358300488e-08,2.1577510823268888e-08,2.1588566349936008e-08,2.159962293718073e-08,2.1610680585792592e-08,2.1621739293605214e-08,2.163279905906088e-08,2.1643859881010317e-08,2.165492175817765e-08,2.1665984689372556e-08,2.167704867353295e-08,2.168811370907834e-08,2.1699179795446618e-08,2.1710246930984106e-08,2.1721315114610428e-08,2.1732384344988395e-08,2.1743454621265306e-08,2.175452594194177e-08,2.1765598306047462e-08,2.1776671711819233e-08,2.1787746158196705e-08,2.1798821644537755e-08,2.1809898169306076e-08,2.1820975731343526e-08,2.18320543294419e-08,2.1843133962416525e-08,2.185421462904814e-08,2.186529632815187e-08,2.187637905847058e-08,2.188746281967324e-08,2.189854760905221e-08,2.190963342631974e-08,2.1920720269899923e-08,2.1931808138803884e-08,2.1942897031891668e-08,2.1953986947866513e-08,2.1965077885426145e-08,2.1976169843726182e-08,2.1987262821392695e-08,2.1998356817274414e-08,2.200945183017183e-08,2.202054785888758e-08,2.203164490223656e-08,2.2042742958989323e-08,2.205384202800064e-08,2.2064942108048854e-08,2.2076043197985715e-08,2.2087145296650166e-08,2.2098248402789362e-08,2.210935251534592e-08,2.2120457632516992e-08,2.213156375419538e-08,2.214267087938182e-08,2.2153779005393863e-08,2.2164888132173226e-08,2.2175998258025505e-08,2.2187109381966752e-08,2.21982215028227e-08,2.2209334619420283e-08,2.2220448730531536e-08,2.2231563835031152e-08,2.224267993212229e-08,2.2253797019880694e-08,2.2264915097622473e-08,2.2276034163965943e-08,2.228715421784229e-08,2.2298275258354463e-08,2.2309397283379477e-08,2.2320520292770676e-08,2.233164428566516e-08,2.234276925967941e-08,2.2353895214123566e-08,2.236502214816608e-08,2.237615006006256e-08,2.238727894883204e-08,2.2398408813502236e-08,2.2409539652622983e-08,2.242067146539106e-08,2.2431804250677934e-08,2.2442938006719888e-08,2.2454072733153093e-08,2.246520842819773e-08,2.2476345091153242e-08,2.2487482720634194e-08,2.2498621315471694e-08,2.25097608745425e-08,2.2520901396517803e-08,2.253204288124021e-08,2.254318532595046e-08,2.255432873023661e-08,2.2565473092937073e-08,2.257661841289398e-08,2.258776468809065e-08,2.2598911919083093e-08,2.261006010384935e-08,2.2621209241210884e-08,2.2632359329950517e-08,2.264351036915947e-08,2.2654662357502036e-08,2.26658152939104e-08,2.2676969177187727e-08,2.268812400624161e-08,2.269927977989976e-08,2.2710436496956162e-08,2.2721594156238668e-08,2.2732752755873415e-08,2.2743912296194825e-08,2.275507277534786e-08,2.2766234192184376e-08,2.2777396545389807e-08,2.2788559834129897e-08,2.2799724057122916e-08,2.2810889213264264e-08,2.2822055301512454e-08,2.2833222320376506e-08,2.2844390268900804e-08,2.285555914598679e-08,2.286672895044423e-08,2.2877899681204303e-08,2.2889071338058744e-08,2.290024391784046e-08,2.291141742038402e-08,2.2922591844609723e-08,2.293376718966794e-08,2.2944943453826472e-08,2.2956120636154552e-08,2.2967298735718397e-08,2.2978477751329165e-08,2.2989657681706998e-08,2.3000838525831413e-08,2.3012020282614383e-08,2.302320295083349e-08,2.3034386529440796e-08,2.3045571017182893e-08,2.305675641298908e-08,2.3067942715725347e-08,2.3079129924316474e-08,2.309031803770032e-08,2.3101507054453133e-08,2.311269697357567e-08,2.312388779489063e-08,2.3135079516401273e-08,2.3146272136017803e-08,2.315746565540033e-08,2.3168660069659763e-08,2.317985537962961e-08,2.3191051584313392e-08,2.3202248682151004e-08,2.321344667230533e-08,2.322464555365429e-08,2.32358453253288e-08,2.3247045987217235e-08,2.3258247536885247e-08,2.3269449971678966e-08,2.3280653291948603e-08,2.329185749665209e-08,2.3303062584817818e-08,2.3314268555146637e-08,2.3325475406480703e-08,2.3336683137801792e-08,2.3347891747992042e-08,2.3359101234856263e-08,2.3370311599247554e-08,2.338152283902255e-08,2.339273495338799e-08,2.3403947940944498e-08,2.3415161800958507e-08,2.3426376532015457e-08,2.3437592132708252e-08,2.344880860208095e-08,2.346002593921907e-08,2.3471244143061e-08,2.348246321240047e-08,2.3493683145449576e-08,2.3504903942352437e-08,2.3516125601392225e-08,2.352734812154575e-08,2.3538571501646934e-08,2.3549795740757848e-08,2.356102083739567e-08,2.357224679067087e-08,2.3583473599391578e-08,2.3594701262679847e-08,2.360592977929056e-08,2.361715914811702e-08,2.3628389368032328e-08,2.3639620438327377e-08,2.365085235716878e-08,2.366208512349161e-08,2.367331873694358e-08,2.368455319557003e-08,2.369578849918126e-08,2.370702464612504e-08,2.3718261635373686e-08,2.3729499465862047e-08,2.3740738135963154e-08,2.375197764528566e-08,2.3763217992521932e-08,2.3774459176399398e-08,2.3785701196178557e-08,2.3796944050918903e-08,2.380818773932738e-08,2.3819432260033416e-08,2.383067761215356e-08,2.38419237945483e-08,2.385317080611845e-08,2.386441864568686e-08,2.387566731246285e-08,2.388691680543676e-08,2.3898167123134338e-08,2.3909418263418446e-08,2.3920670227359935e-08,2.393192301279893e-08,2.3943176618154296e-08,2.3954431043372096e-08,2.3965686287025072e-08,2.3976942348177593e-08,2.3988199225941132e-08,2.399945691795448e-08,2.401071542495102e-08,2.4021974744497395e-08,2.4033234875892987e-08,2.404449581842676e-08,2.4055757570366297e-08,2.4067020130740514e-08,2.4078283497901123e-08,2.4089547671476982e-08,2.4100812650388903e-08,2.41120784335617e-08,2.4123345019917825e-08,2.41346124083815e-08,2.4145880597877734e-08,2.4157149587332127e-08,2.4168419375671387e-08,2.417968996182323e-08,2.41909613447153e-08,2.420223352328091e-08,2.421350649645334e-08,2.4224780263168617e-08,2.4236054822372675e-08,2.424733017303099e-08,2.425860631378254e-08,2.4269883244059005e-08,2.428116096218715e-08,2.429243946724909e-08,2.430371875833149e-08,2.4314998834366498e-08,2.432627969428729e-08,2.4337561337026636e-08,2.4348843761519758e-08,2.436012696670106e-08,2.4371410951504557e-08,2.4382695714868318e-08,2.4393981255727456e-08,2.4405267573064235e-08,2.441655466624617e-08,2.44278425332602e-08,2.4439131173519176e-08,2.4450420585947147e-08,2.4461710769351808e-08,2.4473001723004064e-08,2.448429344559989e-08,2.4495585936404068e-08,2.4506879194072765e-08,2.451817321758426e-08,2.4529468005667267e-08,2.4540763557482207e-08,2.4552059871969557e-08,2.456335694807268e-08,2.4574654784735972e-08,2.4585953380903666e-08,2.4597252735521602e-08,2.460855284753712e-08,2.4619853715895896e-08,2.463115533954693e-08,2.46424577174384e-08,2.465376084851917e-08,2.4665064731739005e-08,2.4676369365744903e-08,2.468767474978532e-08,2.4698980882810648e-08,2.471028776377404e-08,2.4721595391626998e-08,2.4732903765323348e-08,2.4744212883816112e-08,2.4755522746059457e-08,2.4766833351008027e-08,2.477814469761766e-08,2.478945678484433e-08,2.4800769611643233e-08,2.481208317697162e-08,2.482339748052718e-08,2.4834712520539407e-08,2.4846028295967154e-08,2.485734480577017e-08,2.486866204890659e-08,2.487998002433838e-08,2.489129873102687e-08,2.4902618167464874e-08,2.4913938333081566e-08,2.4925259226839575e-08,2.4936580847702052e-08,2.494790319456183e-08,2.4959226265130664e-08,2.497055006126501e-08,2.4981874580365338e-08,2.4993199821398923e-08,2.5004525783331813e-08,2.5015852465132436e-08,2.5027179865768933e-08,2.5038507984209975e-08,2.5049836819426463e-08,2.5061166370387515e-08,2.5072496636065846e-08,2.5083827615432662e-08,2.5095159307461388e-08,2.5106491711126945e-08,2.511782482508549e-08,2.5129158648836112e-08,2.5140493180986784e-08,2.515182842063612e-08,2.5163164365968265e-08,2.517450101768913e-08,2.5185838373906197e-08,2.519717643350368e-08,2.5208515195451822e-08,2.521985465790786e-08,2.5231194821448196e-08,2.5242535684319748e-08,2.5253877245499483e-08,2.5265219504189452e-08,2.52765624591209e-08,2.528790610927723e-08,2.5299250453641416e-08,2.5310595491197656e-08,2.5321941220930036e-08,2.533328764182175e-08,2.534463475285756e-08,2.535598255302132e-08,2.5367331041298777e-08,2.537868021667839e-08,2.539003007816204e-08,2.54013806245683e-08,2.5412731855036553e-08,2.5424083768553756e-08,2.5435436364107756e-08,2.5446789640686836e-08,2.5458143597279136e-08,2.5469498232949834e-08,2.5480853546640966e-08,2.5492209537366878e-08,2.55035662041927e-08,2.5514923545650557e-08,2.552628156106611e-08,2.5537640249431292e-08,2.5548999609739756e-08,2.5560359640983505e-08,2.5571720342158902e-08,2.558308171225913e-08,2.559444375027936e-08,2.5605806455217018e-08,2.5617169826067063e-08,2.56285338618266e-08,2.5639898561493655e-08,2.5651263924066147e-08,2.566262994854189e-08,2.5673996633920266e-08,2.568536397920192e-08,2.5696731983385673e-08,2.570810064547305e-08,2.57194699644653e-08,2.5730839939363303e-08,2.574221056917148e-08,2.5753581852890632e-08,2.5764953789524897e-08,2.5776326378078354e-08,2.5787699617555822e-08,2.5799073507022724e-08,2.5810448045424956e-08,2.582182323176952e-08,2.5833199065063308e-08,2.5844575544311813e-08,2.585595266852473e-08,2.586733043670923e-08,2.5878708847874937e-08,2.5890087901030385e-08,2.5901467595186436e-08,2.5912847929353955e-08,2.592422890254401e-08,2.593561051376768e-08,2.5946992762036812e-08,2.595837564636013e-08,2.596975916576069e-08,2.598114331924647e-08,2.5992528105832927e-08,2.60039135245341e-08,2.6015299574365955e-08,2.6026686254339067e-08,2.6038073563480394e-08,2.6049461500801032e-08,2.6060850065315018e-08,2.6072239256048756e-08,2.60836290720181e-08,2.6095019512240504e-08,2.610641057573563e-08,2.6117802261525753e-08,2.6129194568629534e-08,2.6140587496069663e-08,2.615198104286746e-08,2.6163375208043823e-08,2.6174769990624636e-08,2.6186165389632224e-08,2.6197561404090908e-08,2.620895803302543e-08,2.622035527546004e-08,2.623175313042122e-08,2.6243151596934503e-08,2.6254550674027174e-08,2.626595036072595e-08,2.6277350656059817e-08,2.628875155905588e-08,2.630015306874347e-08,2.631155518415272e-08,2.6322957904312064e-08,2.633436122825318e-08,2.634576515500771e-08,2.6357169683605974e-08,2.6368574813080415e-08,2.6379980542463992e-08,2.6391386870789255e-08,2.640279379709129e-08,2.641420132040311e-08,2.6425609439759378e-08,2.6437018154196557e-08,2.6448427462749637e-08,2.6459837364440188e-08,2.647124785832052e-08,2.6482658943428043e-08,2.6494070618800904e-08,2.6505482883478425e-08,2.6516895736498676e-08,2.652830917690126e-08,2.6539723203726468e-08,2.6551137816015787e-08,2.6562553012809435e-08,2.6573968793149046e-08,2.6585385156077087e-08,2.6596802100615146e-08,2.66082196258282e-08,2.661963773075974e-08,2.663105641445437e-08,2.6642475675957465e-08,2.6653895514313702e-08,2.6665315928569314e-08,2.6676736918925504e-08,2.6688158482095665e-08,2.6699580618310926e-08,2.6711003327912726e-08,2.6722426607402178e-08,2.6733850457066802e-08,2.6745274875960966e-08,2.675669986313658e-08,2.676812541756789e-08,2.6779551538952904e-08,2.6790978225288226e-08,2.680240547612707e-08,2.6813833290529446e-08,2.682526166763009e-08,2.6836690605289246e-08,2.684812010466916e-08,2.6859550163910427e-08,2.6870980781845467e-08,2.688241195765347e-08,2.6893843690391375e-08,2.6905275979117075e-08,2.691670882286796e-08,2.692814222081257e-08,2.6939576172128277e-08,2.6951010675434178e-08,2.696244572993866e-08,2.6973881334816704e-08,2.698531748909561e-08,2.699675419183802e-08,2.7008191442113235e-08,2.7019629238968115e-08,2.7031067581472462e-08,2.7042506468691557e-08,2.7053945899687276e-08,2.7065385873525645e-08,2.707682638927077e-08,2.7088267445988215e-08,2.7099709042729217e-08,2.711115117858582e-08,2.712259385262416e-08,2.7134037063326157e-08,2.714548081105924e-08,2.7156925093894895e-08,2.7168369911176516e-08,2.7179815261974552e-08,2.719126114555217e-08,2.7202707560942462e-08,2.7214154506783208e-08,2.7225601982478753e-08,2.7237049987049145e-08,2.7248498519566092e-08,2.7259947579113048e-08,2.7271397164752015e-08,2.7282847275497695e-08,2.729429791048605e-08,2.7305749068791846e-08,2.731720074949193e-08,2.732865295166119e-08,2.734010567437742e-08,2.7351558916689923e-08,2.7363012677705733e-08,2.7374466956503923e-08,2.738592175216363e-08,2.7397377063766356e-08,2.7408832890463066e-08,2.7420289231246238e-08,2.7431746085209654e-08,2.7443203451435895e-08,2.7454661329393555e-08,2.7466119718801338e-08,2.7477578616499253e-08,2.7489038022791434e-08,2.7500497937242543e-08,2.751195835797625e-08,2.75234192843009e-08,2.753488071544009e-08,2.7546342650939394e-08,2.7557805088992685e-08,2.7569268029895918e-08,2.7580731471971947e-08,2.759219541479304e-08,2.7603659857102896e-08,2.7615124797996343e-08,2.7626590236563932e-08,2.7638056171901754e-08,2.764952260310557e-08,2.76609895292726e-08,2.7672456949507686e-08,2.76839248620549e-08,2.7695393266793273e-08,2.7706862162764253e-08,2.771833154916826e-08,2.7729801425102963e-08,2.7741271789495515e-08,2.7752742641627038e-08,2.7764213980532193e-08,2.77756858053128e-08,2.7787158115076814e-08,2.7798630908940002e-08,2.781010418566596e-08,2.782157794455311e-08,2.7833052185244162e-08,2.784452690593418e-08,2.785600210655357e-08,2.786747778570901e-08,2.7878953942238692e-08,2.789043057596877e-08,2.79019076856567e-08,2.7913385270424655e-08,2.7924863329384034e-08,2.7936341861575824e-08,2.794782086613457e-08,2.7959300342158918e-08,2.7970780288775898e-08,2.7982260705034556e-08,2.799374159011127e-08,2.800522294323443e-08,2.8016704763357537e-08,2.8028187049587395e-08,2.8039669800891356e-08,2.805115301655476e-08,2.8062636695678093e-08,2.8074120836961046e-08,2.808560544053905e-08,2.8097090504741112e-08,2.8108576028892665e-08,2.8120062011632816e-08,2.8131548452782244e-08,2.814303535116377e-08,2.8154522706306142e-08,2.8166010516669056e-08,2.8177498781912735e-08,2.8188987502221684e-08,2.820047667342925e-08,2.8211966296533616e-08,2.8223456370912396e-08,2.823494689509323e-08,2.824643786824466e-08,2.8257929289750643e-08,2.8269421159069014e-08,2.8280913475184437e-08,2.829240623687727e-08,2.8303899443427423e-08,2.831539309425945e-08,2.832688718831293e-08,2.833838172445069e-08,2.8349876701886684e-08,2.8361372119576585e-08,2.837286797682298e-08,2.8384364272845593e-08,2.839586100693139e-08,2.840735817771889e-08,2.841885578456554e-08,2.8430353826691567e-08,2.8441852303226466e-08,2.845335121338075e-08,2.846485055577209e-08,2.847635032987923e-08,2.8487850534830415e-08,2.8499351169798185e-08,2.8510852233946896e-08,2.8522353726332872e-08,2.8533855646053863e-08,2.854535799246366e-08,2.8556860764305764e-08,2.856836396150681e-08,2.8579867582295598e-08,2.8591371624032453e-08,2.8602876089577852e-08,2.861438097742261e-08,2.862588628601865e-08,2.8637392013017003e-08,2.864889815877596e-08,2.8660404722265692e-08,2.867191170095794e-08,2.8683419097410057e-08,2.8694926909105172e-08,2.870643513518027e-08,2.8717943774774887e-08,2.8729452827026364e-08,2.8740962291194853e-08,2.875247216629092e-08,2.876398245145274e-08,2.8775493145887558e-08,2.8787004248680452e-08,2.8798515759337045e-08,2.8810027673580475e-08,2.8821539995778322e-08,2.8833052723700286e-08,2.884456585543453e-08,2.8856079389797927e-08,2.8867593327379445e-08,2.8879107666466872e-08,2.8890622405960223e-08,2.890213754522218e-08,2.8913653083461986e-08,2.8925169019693258e-08,2.89366853530331e-08,2.8948202083243345e-08,2.8959719208701254e-08,2.8971236728845356e-08,2.898275464282449e-08,2.899427294978961e-08,2.9005791648735366e-08,2.9017310738975578e-08,2.902883021965262e-08,2.904035008992044e-08,2.905187034892988e-08,2.9063390995833504e-08,2.9074912029782075e-08,2.9086433450078327e-08,2.9097955255753154e-08,2.9109477445839646e-08,2.9121000019735914e-08,2.9132522976462953e-08,2.914404631545851e-08,2.9155570035264925e-08,2.916709413617344e-08,2.917861861567546e-08,2.919014347379593e-08,2.9201668709460787e-08,2.9213194321667724e-08,2.92247203099643e-08,2.9236246673510013e-08,2.9247773411466972e-08,2.9259300522994667e-08,2.9270828007256272e-08,2.9282355865378372e-08,2.9293884093179216e-08,2.930541269129909e-08,2.9316941658812328e-08,2.9328470994893246e-08,2.934000069866188e-08,2.9351530769282985e-08,2.9363061206008302e-08,2.9374592007004674e-08,2.9386123173340858e-08,2.9397654703240202e-08,2.94091865957618e-08,2.9420718850923706e-08,2.9432251466480227e-08,2.9443784442285668e-08,2.9455317777466525e-08,2.94668514712072e-08,2.9478385522684528e-08,2.9489919931070374e-08,2.9501454695506482e-08,2.9512989814002938e-08,2.9524525288148627e-08,2.9536061115886274e-08,2.954759729677079e-08,2.955913382916635e-08,2.9570670712734144e-08,2.95822079466163e-08,2.9593745529949504e-08,2.960528346105498e-08,2.9616821740749902e-08,2.9628360367554113e-08,2.96398993405417e-08,2.9651438659039258e-08,2.9662978321924138e-08,2.9674518328477482e-08,2.9686058678027597e-08,2.9697599369941233e-08,2.9709140402757625e-08,2.972068177542475e-08,2.9732223488498657e-08,2.97437655402458e-08,2.9755307929797724e-08,2.9766850656800954e-08,2.9778393719941407e-08,2.9789937118797294e-08,2.9801480852118828e-08,2.981302491954099e-08,2.9824569319926305e-08,2.983611405261226e-08,2.984765911665875e-08,2.9859204511347016e-08,2.9870750235864566e-08,2.9882296289264767e-08,2.989384267094471e-08,2.990538938013257e-08,2.9916936415929416e-08,2.992848377747366e-08,2.9940031463982224e-08,2.9951579474644584e-08,2.996312780865166e-08,2.997467646519823e-08,2.998622544368638e-08,2.999777474294522e-08,3.000932436067114e-08,3.002087429880251e-08,3.003242455563161e-08,3.0043975130742774e-08,3.005552602248001e-08,3.006707722987729e-08,3.007862875305422e-08,3.009018059059093e-08,3.0101732742325574e-08,3.011328520642313e-08,3.0124837982610614e-08,3.0136391069908774e-08,3.014794446791023e-08,3.015949817563774e-08,3.017105219229388e-08,3.018260651682188e-08,3.019416114985709e-08,3.0205716088353426e-08,3.021727133262033e-08,3.02288268815321e-08,3.024038273441976e-08,3.025193889063952e-08,3.0263495349238745e-08,3.02750521095893e-08,3.028660917073097e-08,3.029816653199409e-08,3.030972419235709e-08,3.03212821513694e-08,3.033284040807315e-08,3.034439896195433e-08,3.035595781164752e-08,3.03675169567952e-08,3.037907639648311e-08,3.039063612991849e-08,3.0402196156358027e-08,3.041375647541776e-08,3.0425317085398485e-08,3.0436877986558465e-08,3.0448439176865045e-08,3.0460000656036265e-08,3.0471562423430535e-08,3.04831244798171e-08,3.049468682123625e-08,3.050624944880922e-08,3.051781236121207e-08,3.052937555808967e-08,3.054093903842881e-08,3.0552502801463874e-08,3.056406684648098e-08,3.05756311726871e-08,3.058719577921522e-08,3.059876066520626e-08,3.0610325829994445e-08,3.0621891272797273e-08,3.0633456992832835e-08,3.064502298932235e-08,3.0656589261484165e-08,3.066815580855871e-08,3.067972262972527e-08,3.069128972418863e-08,3.070285709101489e-08,3.071442472985105e-08,3.072599263945085e-08,3.0737560818845655e-08,3.0749129268349995e-08,3.0760697986550496e-08,3.077226697265495e-08,3.0783836225883385e-08,3.079540574568099e-08,3.080697552991628e-08,3.08185455790695e-08,3.083011589282134e-08,3.084168646998276e-08,3.085325730973947e-08,3.086482841119632e-08,3.087639977361289e-08,3.088797139631468e-08,3.089954327841046e-08,3.091111541912982e-08,3.092268781767104e-08,3.0934260473299585e-08,3.094583338525005e-08,3.095740655275216e-08,3.096897997502638e-08,3.09805536513087e-08,3.099212758083401e-08,3.100370176283578e-08,3.101527619654998e-08,3.1026850881210464e-08,3.10384258160434e-08,3.1050001000291115e-08,3.1061576433189465e-08,3.107315211397528e-08,3.108472804188466e-08,3.109630421615476e-08,3.110788063602374e-08,3.1119457300729465e-08,3.113103420938995e-08,3.114261136136524e-08,3.115418875561492e-08,3.116576639193983e-08,3.117734426930308e-08,3.1188922386945995e-08,3.120050074410852e-08,3.1212079340034545e-08,3.122365817396458e-08,3.12352372451339e-08,3.124681655278315e-08,3.1258396096155466e-08,3.1269975874489974e-08,3.128155588706379e-08,3.129313613309823e-08,3.130471661183615e-08,3.131629732251072e-08,3.1327878264068876e-08,3.1339459436628985e-08,3.1351040838265766e-08,3.1362622467754814e-08,3.1374204327270316e-08,3.1385786413419105e-08,3.139736872737909e-08,3.1408951266670166e-08,3.1420534031051094e-08,3.143211701995718e-08,3.144370023258341e-08,3.145528366784609e-08,3.146686732529492e-08,3.1478451204306955e-08,3.149003530421149e-08,3.150161962394546e-08,3.151320416283223e-08,3.1524788920476664e-08,3.153637389545448e-08,3.154795908738675e-08,3.1559544495502806e-08,3.1571130119199665e-08,3.1582715958776575e-08,3.159430201106936e-08,3.1605888276202485e-08,3.161747475431327e-08,3.1629061444526895e-08,3.1640648345454307e-08,3.1652235456656714e-08,3.166382277732375e-08,3.167541030712339e-08,3.1686998044710135e-08,3.169858598963779e-08,3.1710174142867856e-08,3.1721762500888984e-08,3.1733351063236455e-08,3.17449398300171e-08,3.175652880045285e-08,3.1768117973636624e-08,3.1779707349312675e-08,3.179129692635672e-08,3.180288670364863e-08,3.1814476682331383e-08,3.182606685905966e-08,3.1837657234129426e-08,3.1849247807041477e-08,3.186083857697255e-08,3.1872429543130956e-08,3.188402070490564e-08,3.189561206145416e-08,3.1907203611966625e-08,3.191879535528061e-08,3.19303872918984e-08,3.194197942028085e-08,3.1953571739829e-08,3.196516424981406e-08,3.1976756949806265e-08,3.198834984078915e-08,3.1999942917985526e-08,3.201153618260886e-08,3.202312963421865e-08,3.203472327173802e-08,3.20463170950855e-08,3.205791110259044e-08,3.206950529386309e-08,3.2081099668609986e-08,3.209269422615127e-08,3.210428896654338e-08,3.211588388569926e-08,3.21274789859577e-08,3.213907426533897e-08,3.215066972393158e-08,3.216226536033621e-08,3.217386117423688e-08,3.218545716477139e-08,3.219705333123045e-08,3.220864967293095e-08,3.2220246189124966e-08,3.223184287913108e-08,3.224343974220934e-08,3.225503677769021e-08,3.2266633984766744e-08,3.2278231362815966e-08,3.228982891106118e-08,3.230142662877027e-08,3.2313024515254596e-08,3.2324622569797765e-08,3.2336220791685554e-08,3.234781918020047e-08,3.23594177346304e-08,3.2371016454261775e-08,3.238261533834236e-08,3.2394214386172995e-08,3.24058135971649e-08,3.241741297041341e-08,3.242901250539567e-08,3.244061220119055e-08,3.245221205722151e-08,3.246381207277289e-08,3.2475412247130376e-08,3.248701257958401e-08,3.249861306942312e-08,3.251021371593879e-08,3.2521814518423185e-08,3.253341547616869e-08,3.254501658846742e-08,3.255661785461373e-08,3.256821927389983e-08,3.257982084562165e-08,3.2591422569073215e-08,3.260302444354968e-08,3.2614626468345895e-08,3.262622864297717e-08,3.263783096652175e-08,3.26494334379721e-08,3.266103605704791e-08,3.2672638822654626e-08,3.268424173423407e-08,3.269584479196102e-08,3.2707447993843904e-08,3.271905133990794e-08,3.2730654831548456e-08,3.274225846371495e-08,3.275386223770836e-08,3.276546615287832e-08,3.277707020847294e-08,3.2788674402556126e-08,3.280027873732646e-08,3.281188321005516e-08,3.282348782029034e-08,3.283509256975428e-08,3.2846697453714855e-08,3.285830247304857e-08,3.286990762761824e-08,3.288151291640378e-08,3.289311833899094e-08,3.290472389421682e-08,3.291632958161405e-08,3.292793540041403e-08,3.293954135003628e-08,3.295114743019153e-08,3.296275363925829e-08,3.2974359976655e-08,3.2985966442620307e-08,3.299757303568434e-08,3.3009179755312e-08,3.302078660112612e-08,3.3032393572165466e-08,3.3044000666051866e-08,3.305560788554309e-08,3.306721522739361e-08,3.307882269243381e-08,3.3090430279069125e-08,3.310203798683703e-08,3.311364581505251e-08,3.312525376302886e-08,3.313686183008141e-08,3.31484700155243e-08,3.3160078318673904e-08,3.3171686738847404e-08,3.3183295275358405e-08,3.319490392752671e-08,3.320651269466782e-08,3.3218121576100726e-08,3.322973057114318e-08,3.3241339679114276e-08,3.325294889933217e-08,3.326455823111843e-08,3.3276167674082177e-08,3.3287777227255795e-08,3.329938688999032e-08,3.3310996661591665e-08,3.332260654134242e-08,3.33342165285699e-08,3.334582662261666e-08,3.3357436822807235e-08,3.3369047128469915e-08,3.3380657538923316e-08,3.33922680534928e-08,3.340387867150123e-08,3.3415489392282735e-08,3.3427100215326917e-08,3.343871113962018e-08,3.345032216464515e-08,3.3461933289741934e-08,3.347354451431644e-08,3.3485155838195043e-08,3.3496767260167586e-08,3.350837877943302e-08,3.351999039542119e-08,3.3531602107390474e-08,3.354321391470728e-08,3.355482581778415e-08,3.3566437813984674e-08,3.3578049903549636e-08,3.3589662085136515e-08,3.3601274358751506e-08,3.361288672372965e-08,3.362449917938878e-08,3.363611172511774e-08,3.3647724360076084e-08,3.3659337082732714e-08,3.36709498944463e-08,3.368256279351198e-08,3.369417577933268e-08,3.37057888510484e-08,3.371740200822267e-08,3.372901525015514e-08,3.3740628576098664e-08,3.37522419854466e-08,3.376385547575772e-08,3.377546904936269e-08,3.3787082703286516e-08,3.379869644064662e-08,3.3810310255755036e-08,3.3821924149609853e-08,3.3833538123651526e-08,3.38451521762085e-08,3.385676630721968e-08,3.38683805140151e-08,3.387999479704338e-08,3.389160915567926e-08,3.390322358891505e-08,3.391483809633167e-08,3.392645267722283e-08,3.393806733107313e-08,3.394968205813004e-08,3.3961296855759846e-08,3.3972911724310947e-08,3.3984526661671186e-08,3.3996141669976066e-08,3.400775674698212e-08,3.401937189225115e-08,3.403098710512242e-08,3.4042602384948914e-08,3.4054217731130486e-08,3.4065833142947145e-08,3.407744861979059e-08,3.408906416098458e-08,3.410067976587713e-08,3.4112295433819835e-08,3.412391116416292e-08,3.413552695625793e-08,3.41471428094567e-08,3.4158758723109874e-08,3.4170374696571104e-08,3.4181990729192365e-08,3.419360682032824e-08,3.420522296932981e-08,3.421683917555365e-08,3.4228455438352325e-08,3.4240071757081165e-08,3.425168813109656e-08,3.4263304559752576e-08,3.427492104240695e-08,3.428653757841499e-08,3.429815416713287e-08,3.430977080791934e-08,3.432138750013184e-08,3.4333004243128706e-08,3.434462103626755e-08,3.4356237878907716e-08,3.436785477040917e-08,3.437947171013038e-08,3.439108869743256e-08,3.440270573167632e-08,3.441432281222183e-08,3.4425939938430976e-08,3.4437557109665986e-08,3.44491743252881e-08,3.446079158466125e-08,3.447240888714701e-08,3.448402623202804e-08,3.4495643618753513e-08,3.4507261046672726e-08,3.451887851516016e-08,3.4530496023580105e-08,3.4542113571298344e-08,3.455373115768172e-08,3.456534878190893e-08,3.4576966443727264e-08,3.4588584142181666e-08,3.460020187687119e-08,3.4611819647085094e-08,3.462343745220577e-08,3.463505529230676e-08,3.46466731651966e-08,3.4658291071133696e-08,3.466990900931532e-08,3.468152697915553e-08,3.4693144980192546e-08,3.470476301168339e-08,3.4716381073485386e-08,3.4727999164009846e-08,3.473961728289888e-08,3.475123542992897e-08,3.476285360428984e-08,3.477447180566384e-08,3.478609003323934e-08,3.479770828570607e-08,3.4809326562045194e-08,3.482094486355078e-08,3.483256319049053e-08,3.4844181538288266e-08,3.485579990840493e-08,3.486741830021899e-08,3.4879036713438615e-08,3.489065514710055e-08,3.4902273600676526e-08,3.4913892073392383e-08,3.4925510564714464e-08,3.493712907280194e-08,3.4948747599216015e-08,3.496036614258052e-08,3.497198470221866e-08,3.4983603277529405e-08,3.4995221867306546e-08,3.5006840471073005e-08,3.5018459088605285e-08,3.5030077719283046e-08,3.504169636155507e-08,3.505331501545913e-08,3.506493368066373e-08,3.507655235721236e-08,3.508817104352213e-08,3.509978973913537e-08,3.511140844344288e-08,3.51230271558296e-08,3.5134645875681e-08,3.514626460238277e-08,3.51578833353237e-08,3.516950207395997e-08,3.518112081760305e-08,3.5192739565205335e-08,3.5204358316528705e-08,3.521597707037697e-08,3.522759582667168e-08,3.523921458831659e-08,3.525083335130806e-08,3.526245211503746e-08,3.5274070876685425e-08,3.528568963789891e-08,3.529730839814695e-08,3.530892715718794e-08,3.532054591377117e-08,3.533216466709148e-08,3.5343783416993806e-08,3.535540216241502e-08,3.5367020903404844e-08,3.537863963889353e-08,3.539025836836478e-08,3.540187709134587e-08,3.54134958071654e-08,3.542511451518233e-08,3.5436733214831324e-08,3.5448351905508446e-08,3.5459970586610734e-08,3.547158925753568e-08,3.548320791768067e-08,3.549482656644376e-08,3.5506445203222044e-08,3.551806382741621e-08,3.552968243925568e-08,3.554130103720818e-08,3.5552919620688225e-08,3.556453818911083e-08,3.557615674188122e-08,3.558777527841298e-08,3.559939379759326e-08,3.561101229947884e-08,3.562263078337132e-08,3.563424924872283e-08,3.5645867694872214e-08,3.5657486121248567e-08,3.5669104527288015e-08,3.568072291236283e-08,3.5692341275860055e-08,3.570395961719886e-08,3.5715577935795046e-08,3.572719623106019e-08,3.573881450238665e-08,3.575043274918517e-08,3.576205097085714e-08,3.577366916681294e-08,3.578528733646091e-08,3.579690547920804e-08,3.580852359446185e-08,3.58201416816329e-08,3.583175974012965e-08,3.584337776936121e-08,3.585499576873844e-08,3.5866613737669544e-08,3.58782316755682e-08,3.588984958183704e-08,3.5901467455885426e-08,3.591308529716279e-08,3.5924703105051124e-08,3.5936320878961955e-08,3.5947938618382047e-08,3.5959556322577446e-08,3.597117399099311e-08,3.5982791623103093e-08,3.5994409218034896e-08,3.6006026774882244e-08,3.6017644294190124e-08,3.60292617751884e-08,3.604087921694506e-08,3.605249661885285e-08,3.6064113980321606e-08,3.607573130080128e-08,3.608734857970905e-08,3.609896581646181e-08,3.611058301034479e-08,3.612220016090312e-08,3.613381726755643e-08,3.614543432989651e-08,3.615705134717299e-08,3.6168668318805014e-08,3.618028524421427e-08,3.619190212282061e-08,3.620351895404701e-08,3.6215135737312035e-08,3.6226752472041024e-08,3.623836915765391e-08,3.624998579357529e-08,3.626160237922792e-08,3.627321891403471e-08,3.628483539741956e-08,3.629645182880684e-08,3.6308068207622425e-08,3.631968453329038e-08,3.633130080523523e-08,3.6342917022884805e-08,3.635453318566355e-08,3.636614929299879e-08,3.637776534431749e-08,3.638938133904777e-08,3.6400997276615317e-08,3.641261315645088e-08,3.6424228977980425e-08,3.6435844740634385e-08,3.644746044384019e-08,3.645907608702891e-08,3.647069166962939e-08,3.648230719107305e-08,3.649392265078026e-08,3.6505538048191795e-08,3.651715338274716e-08,3.6528768653865384e-08,3.654038386098403e-08,3.655199900353591e-08,3.6563614080952155e-08,3.6575229092372515e-08,3.658684403749537e-08,3.6598458915748265e-08,3.6610073726560723e-08,3.662168846935883e-08,3.6633303143563914e-08,3.664491774859601e-08,3.6656532283861465e-08,3.666814674875423e-08,3.667976114263686e-08,3.6691375465727975e-08,3.6702989716820876e-08,3.671460389553229e-08,3.672621800109823e-08,3.6737832033170036e-08,3.6749445990476455e-08,3.676105987333075e-08,3.6772673681067925e-08,3.678428741307944e-08,3.679590106877509e-08,3.6807514647579186e-08,3.681912814891726e-08,3.68307415722207e-08,3.684235491692765e-08,3.6853968182473254e-08,3.686558136829571e-08,3.6877194473834667e-08,3.688880749853093e-08,3.690042044182507e-08,3.691203330315959e-08,3.692364608197662e-08,3.6935258777721276e-08,3.694687138983594e-08,3.695848391776589e-08,3.697009636095525e-08,3.69817087188503e-08,3.6993320990897604e-08,3.700493317654159e-08,3.701654527522914e-08,3.702815728640879e-08,3.703976920952838e-08,3.705138104403513e-08,3.7062992789376986e-08,3.707460444500234e-08,3.708621601036278e-08,3.709782748490572e-08,3.7109438868082046e-08,3.712105015934116e-08,3.713266135813574e-08,3.7144272463812933e-08,3.715588347592367e-08,3.716749439392018e-08,3.717910521725344e-08,3.719071594537665e-08,3.7202326577743044e-08,3.721393711380387e-08,3.7225547551241455e-08,3.723715789063672e-08,3.7248768133189675e-08,3.726037827722349e-08,3.727198832356338e-08,3.728359827031754e-08,3.729520811693731e-08,3.730681786287004e-08,3.731842750793222e-08,3.733003705123265e-08,3.7341646492100246e-08,3.7353255830151953e-08,3.736486506484439e-08,3.737647419563364e-08,3.7388083221977584e-08,3.739969214333548e-08,3.741130095910885e-08,3.742290966878819e-08,3.743451827178685e-08,3.744612676646555e-08,3.7457735154784374e-08,3.746934343482535e-08,3.748095160609308e-08,3.749255966804857e-08,3.750416762015458e-08,3.751577546187369e-08,3.752738319266727e-08,3.753899081199839e-08,3.7550598319329675e-08,3.756220571412161e-08,3.757381299704834e-08,3.758542016525686e-08,3.7597027219137966e-08,3.760863415845819e-08,3.762024098252859e-08,3.763184769101358e-08,3.7643454283125515e-08,3.765506075824707e-08,3.766666711620137e-08,3.7678273356066875e-08,3.7689879477782427e-08,3.7701485480569086e-08,3.771309136382545e-08,3.772469712710407e-08,3.7736302769898876e-08,3.774790829163777e-08,3.775951369187759e-08,3.7771118969888544e-08,3.7782724125282975e-08,3.7794329157691114e-08,3.780593406623018e-08,3.781753885072939e-08,3.782914351028395e-08,3.784074804456313e-08,3.7852352453037544e-08,3.786395673518054e-08,3.787556089046457e-08,3.788716491836262e-08,3.789876881887672e-08,3.791037259045389e-08,3.7921976232863564e-08,3.7933579745903826e-08,3.794518312899181e-08,3.795678638152946e-08,3.7968389502991915e-08,3.797999249285106e-08,3.799159535073921e-08,3.8003198076200913e-08,3.801480066822987e-08,3.802640312667197e-08,3.8038005450836804e-08,3.80496076402029e-08,3.806120969452891e-08,3.8072811613085004e-08,3.808441339696253e-08,3.809601504402939e-08,3.810761655376799e-08,3.8119217925658825e-08,3.813081915755887e-08,3.8142420250833706e-08,3.815402120472126e-08,3.8165622018703326e-08,3.817722269226388e-08,3.818882322488594e-08,3.820042361605334e-08,3.821202386525081e-08,3.8223623971962036e-08,3.823522393567136e-08,3.824682375586447e-08,3.8258423432027127e-08,3.8270022963644805e-08,3.828162235020368e-08,3.829322159119067e-08,3.8304820686091764e-08,3.831641963439541e-08,3.83280184355878e-08,3.8339617089157694e-08,3.8351215594592164e-08,3.8362813951381226e-08,3.837441215901323e-08,3.838601021697687e-08,3.839760812476281e-08,3.840920588185919e-08,3.842080348775774e-08,3.8432400941949254e-08,3.844399824376298e-08,3.84555953928524e-08,3.846719238871122e-08,3.847878923082798e-08,3.8490385918697205e-08,3.8501982451811375e-08,3.8513578829662996e-08,3.852517505174508e-08,3.8536771117551126e-08,3.8548367026576986e-08,3.855996277831439e-08,3.857155837225941e-08,3.858315380790755e-08,3.859474908475214e-08,3.860634420229077e-08,3.861793916001897e-08,3.8629533957431975e-08,3.8641128594027835e-08,3.865272306930266e-08,3.866431738275497e-08,3.8675911533881846e-08,3.8687505522181326e-08,3.8699099347151546e-08,3.871069300829191e-08,3.8722286505099874e-08,3.8733879837078436e-08,3.874547300372355e-08,3.8757066004536704e-08,3.8768658839019054e-08,3.878025150673903e-08,3.879184400712942e-08,3.880343633969277e-08,3.8815028503929126e-08,3.882662049934141e-08,3.883821232543277e-08,3.884980398170321e-08,3.8861395467659976e-08,3.887298678280365e-08,3.888457792663916e-08,3.889616889866963e-08,3.89077596984003e-08,3.891935032533587e-08,3.893094077898132e-08,3.89425310588434e-08,3.895412116442637e-08,3.896571109523688e-08,3.8977300850781864e-08,3.898889043056763e-08,3.900047983410156e-08,3.90120690608908e-08,3.902365811044401e-08,3.903524698226922e-08,3.904683567587348e-08,3.905842419076801e-08,3.907001252646105e-08,3.9081600682461073e-08,3.9093188658279005e-08,3.910477645342455e-08,3.91163640674083e-08,3.912795149974246e-08,3.913953874993632e-08,3.915112581750255e-08,3.916271270195206e-08,3.917429940279748e-08,3.9185885919385434e-08,3.919747225150344e-08,3.920905839847412e-08,3.922064436109473e-08,3.923223013790896e-08,3.9243815726857773e-08,3.92554011287428e-08,3.926698634379472e-08,3.927857137024332e-08,3.929015620832536e-08,3.930174085737738e-08,3.931332531699379e-08,3.932490958669477e-08,3.933649366595508e-08,3.93480775543345e-08,3.935966125135207e-08,3.937124475730754e-08,3.938282807094086e-08,3.9394411190978835e-08,3.940599411772683e-08,3.941757685071106e-08,3.942915938960668e-08,3.944074173372767e-08,3.945232388263039e-08,3.9463905835623627e-08,3.9475487592453384e-08,3.94870691526373e-08,3.949865051570472e-08,3.95102316811742e-08,3.9521812648553574e-08,3.9533393417407285e-08,3.9544973986715684e-08,3.955655435640452e-08,3.9568134525925765e-08,3.957971449573628e-08,3.9591294264671467e-08,3.9602873832204706e-08,3.9614453197830496e-08,3.9626032361088085e-08,3.963761132160039e-08,3.964919007830342e-08,3.9660768631369696e-08,3.967234698045123e-08,3.9683925124835655e-08,3.969550306410854e-08,3.97070807976381e-08,3.971865832487157e-08,3.973023564547395e-08,3.974181275904513e-08,3.975338966502768e-08,3.9764966362888795e-08,3.9776542852656014e-08,3.978811913304787e-08,3.979969520396503e-08,3.981127106594015e-08,3.982284671639626e-08,3.9834422156166346e-08,3.98459973849207e-08,3.985757240175091e-08,3.986914720593534e-08,3.988072179759979e-08,3.989229617605927e-08,3.990387034027734e-08,3.991544429034321e-08,3.9927018025787306e-08,3.9938591546140126e-08,3.995016485093318e-08,3.9961737939693186e-08,3.997331081194986e-08,3.998488346745498e-08,3.999645590555493e-08,4.000802812578172e-08,4.00196001276728e-08,4.00311719107632e-08,4.0042743474589884e-08,4.005431481868674e-08,4.00658859425907e-08,4.0077456846488446e-08,4.0089027529252544e-08,4.010059799045233e-08,4.0112168229625784e-08,4.012373824625254e-08,4.0135308040124044e-08,4.0146877610585936e-08,4.015844695707303e-08,4.0170016079131936e-08,4.018158497662156e-08,4.0193153648916024e-08,4.020472209524641e-08,4.0216290315411565e-08,4.022785830893777e-08,4.023942607534148e-08,4.025099361416046e-08,4.026256092501419e-08,4.0274128007512066e-08,4.028569486109548e-08,4.0297261485276386e-08,4.0308827879647456e-08,4.032039404381975e-08,4.033195997717058e-08,4.034352567933493e-08,4.0355091149885986e-08,4.036665638838e-08,4.0378221394943624e-08,4.0389786167843315e-08,4.0401350707296696e-08,4.0412915012830037e-08,4.0424479083998936e-08,4.0436042920350186e-08,4.04476065217985e-08,4.0459169887401673e-08,4.0470733016840606e-08,4.048229590941152e-08,4.049385856491198e-08,4.050542098289564e-08,4.051698316309691e-08,4.052854510468549e-08,4.054010680739117e-08,4.0551668269594895e-08,4.0563229493175663e-08,4.057479047653351e-08,4.0586351219222476e-08,4.059791172079339e-08,4.060947198079818e-08,4.062103199879117e-08,4.0632591774323225e-08,4.064415130695127e-08,4.065571059634006e-08,4.06672696418193e-08,4.0678828443045044e-08,4.0690386999579624e-08,4.070194531098882e-08,4.071350337716958e-08,4.072506119693572e-08,4.07366187707314e-08,4.07481760971386e-08,4.075973317679406e-08,4.077129000808309e-08,4.078284659107176e-08,4.079440292483983e-08,4.080595900997601e-08,4.081751484553218e-08,4.0829070430897986e-08,4.084062576571923e-08,4.085218085016991e-08,4.086373568304689e-08,4.087529026405909e-08,4.088684459373467e-08,4.0898398669938384e-08,4.09099524916072e-08,4.092150606116958e-08,4.093305937665842e-08,4.0944612437891294e-08,4.0956165244107175e-08,4.096771779488163e-08,4.0979270089898326e-08,4.099082212853975e-08,4.100237391095758e-08,4.101392543353548e-08,4.102547669906665e-08,4.1037027709384976e-08,4.104857846180245e-08,4.106012895536545e-08,4.107167918905843e-08,4.108322916306967e-08,4.1094778876992225e-08,4.110632833038894e-08,4.1117877522825265e-08,4.112942645386583e-08,4.114097512307747e-08,4.115252352925307e-08,4.1164071673530374e-08,4.117561955465857e-08,4.118716717210176e-08,4.119871452590731e-08,4.1210261614970024e-08,4.1221808439035476e-08,4.123335499824674e-08,4.124490129172809e-08,4.125644731882888e-08,4.126799307804113e-08,4.1279538571562396e-08,4.12910837976497e-08,4.130262875587065e-08,4.131417344556014e-08,4.132571786633914e-08,4.133726201714245e-08,4.1348805898720105e-08,4.136034951079933e-08,4.1371892852689334e-08,4.138343592378039e-08,4.139497872389384e-08,4.1406521251961125e-08,4.141806350792433e-08,4.142960549282203e-08,4.1441147203851274e-08,4.145268864085621e-08,4.14642298041861e-08,4.147577069321112e-08,4.148731130751242e-08,4.149885164666926e-08,4.151039171202034e-08,4.152193150128602e-08,4.153347101406406e-08,4.1545010249936826e-08,4.1556549208493326e-08,4.1568087889315816e-08,4.1579626291990745e-08,4.159116441610065e-08,4.1602702261232025e-08,4.1614239826966874e-08,4.1625777112888796e-08,4.163731411857926e-08,4.1648850843622246e-08,4.166038728759697e-08,4.167192345008906e-08,4.16834593306788e-08,4.16949949289526e-08,4.170653024448945e-08,4.171806527687441e-08,4.172960002568918e-08,4.1741134490519095e-08,4.175266867007598e-08,4.176420256483302e-08,4.1775736174372484e-08,4.178726949827743e-08,4.179880253613258e-08,4.181033528862778e-08,4.182186775599407e-08,4.183339993578565e-08,4.1844931827651844e-08,4.185646343121871e-08,4.186799474609808e-08,4.187952576917999e-08,4.189105650279831e-08,4.1902586947918563e-08,4.191411710285904e-08,4.1925646967209466e-08,4.1937176540555155e-08,4.194870582248898e-08,4.1960234812599564e-08,4.197176351047975e-08,4.198329191571875e-08,4.1994820027911405e-08,4.2006347846650956e-08,4.201787537153766e-08,4.202940260236383e-08,4.2040929537155016e-08,4.205245617671086e-08,4.206398252057879e-08,4.2075508568248094e-08,4.208703432080634e-08,4.2098559776088605e-08,4.211008493417502e-08,4.212160979509984e-08,4.2133134357620534e-08,4.2144658622030174e-08,4.215618258813033e-08,4.216770625471783e-08,4.217922962137276e-08,4.219075268799726e-08,4.2202275455778994e-08,4.22137979194916e-08,4.22253200836856e-08,4.223684194628109e-08,4.224836350691924e-08,4.2259884764489565e-08
