,0,1,2,3,4,5,6,7,8,9,10,11,12,13,14,15,16,17,18,19,20,21,22,23,24,25,26,27,28,29,30,31,32,33,34,35,36,37,38,39,40,41,42,43,44,45,46,47,48,49,50,51,52,53,54,55,56,57,58,59,60,61,62,63,64,65,66,67,68,69,70,71,72,73,74,75,76,77,78,79,80,81,82,83,84,85,86,87,88,89,90,91,92,93,94,95,96,97,98,99,100,101,102,103,104,105,106,107,108,109,110,111,112,113,114,115,116,117,118,119,120,121,122,123,124,125,126,127,128,129,130,131,132,133,134,135,136,137,138,139,140,141,142,143,144,145,146,147,148,149,150,151,152,153,154,155,156,157,158,159,160,161,162,163,164,165,166,167,168,169,170,171,172,173,174,175,176,177,178,179,180,181,182,183,184,185,186,187,188,189,190,191,192,193,194,195,196,197,198,199,200,201,202,203,204,205,206,207,208,209,210,211,212,213,214,215,216,217,218,219,220,221,222,223,224,225,226,227,228,229,230,231,232,233,234,235,236,237,238,239,240,241,242,243,244,245,246,247,248,249,250,251,252,253,254,255,256,257,258,259,260,261,262,263,264,265,266,267,268,269,270,271,272,273,274,275,276,277,278,279,280,281,282,283,284,285,286,287,288,289,290,291,292,293,294,295,296,297,298,299,300,301,302,303,304,305,306,307,308,309,310,311,312,313,314,315,316,317,318,319,320,321,322,323,324,325,326,327,328,329,330,331,332,333,334,335,336,337,338,339,340,341,342,343,344,345,346,347,348,349,350,351,352,353,354,355,356,357,358,359,360,361,362,363,364,365,366,367,368,369,370,371,372,373,374,375,376,377,378,379,380,381,382,383,384,385,386,387,388,389,390,391,392,393,394,395,396,397,398,399,400,401,402,403,404,405,406,407,408,409,410,411,412,413,414,415,416,417,418,419,420,421,422,423,424,425,426,427,428,429,430,431,432,433,434,435,436,437,438,439,440,441,442,443,444,445,446,447,448,449,450,451,452,453,454,455,456,457,458,459,460,461,462,463,464,465,466,467,468,469,470,471,472,473,474,475,476,477,478,479,480,481,482,483,484,485,486,487,488,489,490,491,492,493,494,495,496,497,498,499,500,501,502,503,504,505,506,507,508,509,510,511,512,513,514,515,516,517,518,519,520,521,522,523,524,525,526,527,528,529,530,531,532,533,534,535,536,537,538,539,540,541,542,543,544,545,546,547,548,549,550,551,552,553,554,555,556,557,558,559,560,561,562,563,564,565,566,567,568,569,570,571,572,573,574,575,576,577,578,579,580,581,582,583,584,585,586,587,588,589,590,591,592,593,594,595,596,597,598,599,600,601,602,603,604,605,606,607,608,609,610,611,612,613,614,615,616,617,618,619,620,621,622,623,624,625,626,627,628,629,630,631,632,633,634,635,636,637,638,639,640,641,642,643,644,645,646,647,648,649,650,651,652,653,654,655,656,657,658,659,660,661,662,663,664,665,666,667,668,669,670,671,672,673,674,675,676,677,678,679,680,681,682,683,684,685,686,687,688,689,690,691,692,693,694,695,696,697,698,699,700,701,702,703,704,705,706,707,708,709,710,711,712,713,714,715,716,717,718,719,720,721,722,723,724,725,726,727,728,729,730,731,732,733,734,735,736,737,738,739,740,741,742,743,744,745,746,747,748,749,750,751,752,753,754,755,756,757,758,759,760,761,762,763,764,765,766,767,768,769,770,771,772,773,774,775,776,777,778,779,780,781,782,783,784,785,786,787,788,789,790,791,792,793,794,795,796,797,798,799,800,801,802,803,804,805,806,807,808,809,810,811,812,813,814,815,816,817,818,819,820,821,822,823,824,825,826,827,828,829,830,831,832,833,834,835,836,837,838,839,840,841,842,843,844,845,846,847,848,849,850,851,852,853,854,855,856,857,858,859,860,861,862,863,864,865,866,867,868,869,870,871,872,873,874,875,876,877,878,879,880,881,882,883,884,885,886,887,888,889,890,891,892,893,894,895,896,897,898,899,900,901,902,903,904,905,906,907,908,909,910,911,912,913,914,915,916,917,918,919,920,921,922,923,924,925,926,927,928,929,930,931,932,933,934,935,936,937,938,939,940,941,942,943,944,945,946,947,948,949,950,951,952,953,954,955,956,957,958,959,960,961,962,963,964,965,966,967,968,969,970,971,972,973,974,975,976,977,978,979,980,981,982,983,984,985,986,987,988,989,990,991,992,993,994,995,996,997,998,999,1000,1001,1002,1003,1004,1005,1006,1007,1008,1009,1010,1011,1012,1013,1014,1015,1016,1017,1018,1019,1020,1021,1022,1023,1024,1025,1026,1027,1028,1029,1030,1031,1032,1033,1034,1035,1036,1037,1038,1039,1040,1041,1042,1043,1044,1045,1046,1047,1048,1049,1050,1051,1052,1053,1054,1055,1056,1057,1058,1059,1060,1061,1062,1063,1064,1065,1066,1067,1068,1069,1070,1071,1072,1073,1074,1075,1076,1077,1078,1079,1080,1081,1082,1083,1084,1085,1086,1087,1088,1089,1090,1091,1092,1093,1094,1095,1096,1097,1098,1099,1100,1101,1102,1103,1104,1105,1106,1107,1108,1109,1110,1111,1112,1113,1114,1115,1116,1117,1118,1119,1120,1121,1122,1123,1124,1125,1126,1127,1128,1129,1130,1131,1132,1133,1134,1135,1136,1137,1138,1139,1140,1141,1142,1143,1144,1145,1146,1147,1148,1149,1150,1151,1152,1153,1154,1155,1156,1157,1158,1159,1160,1161,1162,1163,1164,1165,1166,1167,1168,1169,1170,1171,1172,1173,1174,1175,1176,1177,1178,1179,1180,1181,1182,1183,1184,1185,1186,1187,1188,1189,1190,1191,1192,1193,1194,1195,1196,1197,1198,1199,1200,1201,1202,1203,1204,1205,1206,1207,1208,1209,1210,1211,1212,1213,1214,1215,1216,1217,1218,1219,1220,1221,1222,1223,1224,1225,1226,1227,1228,1229,1230,1231,1232,1233,1234,1235,1236,1237,1238,1239,1240,1241,1242,1243,1244,1245,1246,1247,1248,1249,1250,1251,1252,1253,1254,1255,1256,1257,1258,1259,1260,1261,1262,1263,1264,1265,1266,1267,1268,1269,1270,1271,1272,1273,1274,1275,1276,1277,1278,1279,1280,1281,1282,1283,1284,1285,1286,1287,1288,1289,1290,1291,1292,1293,1294,1295,1296,1297,1298,1299,1300,1301,1302,1303,1304,1305,1306,1307,1308,1309,1310,1311,1312,1313,1314,1315,1316,1317,1318,1319,1320,1321,1322,1323,1324,1325,1326,1327,1328,1329,1330,1331,1332,1333,1334,1335,1336,1337,1338,1339,1340,1341,1342,1343,1344,1345,1346,1347,1348,1349,1350,1351,1352,1353,1354,1355,1356,1357,1358,1359,1360,1361,1362,1363,1364,1365,1366,1367,1368,1369,1370,1371,1372,1373,1374,1375,1376,1377,1378,1379,1380,1381,1382,1383,1384,1385,1386,1387,1388,1389,1390,1391,1392,1393,1394,1395,1396,1397,1398,1399,1400,1401,1402,1403,1404,1405,1406,1407,1408,1409,1410,1411,1412,1413,1414,1415,1416,1417,1418,1419,1420,1421,1422,1423,1424,1425,1426,1427,1428,1429,1430,1431,1432,1433,1434,1435,1436,1437,1438,1439,1440,1441,1442,1443,1444,1445,1446,1447,1448,1449,1450,1451,1452,1453,1454,1455,1456,1457,1458,1459,1460,1461,1462,1463,1464,1465,1466,1467,1468,1469,1470,1471,1472,1473,1474,1475,1476,1477,1478,1479,1480,1481,1482,1483,1484,1485,1486,1487,1488,1489,1490,1491,1492,1493,1494,1495,1496,1497,1498,1499,1500,1501,1502,1503,1504,1505,1506,1507,1508,1509,1510,1511,1512,1513,1514,1515,1516,1517,1518,1519,1520,1521,1522,1523,1524,1525,1526,1527,1528,1529,1530,1531,1532,1533,1534,1535,1536,1537,1538,1539,1540,1541,1542,1543,1544,1545,1546,1547,1548,1549,1550,1551,1552,1553,1554,1555,1556,1557,1558,1559,1560,1561,1562,1563,1564,1565,1566,1567,1568,1569,1570,1571,1572,1573,1574,1575,1576,1577,1578,1579,1580,1581,1582,1583,1584,1585,1586,1587,1588,1589,1590,1591,1592,1593,1594,1595,1596,1597,1598,1599,1600,1601,1602,1603,1604,1605,1606,1607,1608,1609,1610,1611,1612,1613,1614,1615,1616,1617,1618,1619,1620,1621,1622,1623,1624,1625,1626,1627,1628,1629,1630,1631,1632,1633,1634,1635,1636,1637,1638,1639,1640,1641,1642,1643,1644,1645,1646,1647,1648,1649,1650,1651,1652,1653,1654,1655,1656,1657,1658,1659,1660,1661,1662,1663,1664,1665,1666,1667,1668,1669,1670,1671,1672,1673,1674,1675,1676,1677,1678,1679,1680,1681,1682,1683,1684,1685,1686,1687,1688,1689,1690,1691,1692,1693,1694,1695,1696,1697,1698,1699,1700,1701,1702,1703,1704,1705,1706,1707,1708,1709,1710,1711,1712,1713,1714,1715,1716,1717,1718,1719,1720,1721,1722,1723,1724,1725,1726,1727,1728,1729,1730,1731,1732,1733,1734,1735,1736,1737,1738,1739,1740,1741,1742,1743,1744,1745,1746,1747,1748,1749,1750,1751,1752,1753,1754,1755,1756,1757,1758,1759,1760,1761,1762,1763,1764,1765,1766,1767,1768,1769,1770,1771,1772,1773,1774,1775,1776,1777,1778,1779,1780,1781,1782,1783,1784,1785,1786,1787,1788,1789,1790,1791,1792,1793,1794,1795,1796,1797,1798,1799,1800,1801,1802,1803,1804,1805,1806,1807,1808,1809,1810,1811,1812,1813,1814,1815,1816,1817,1818,1819,1820,1821,1822,1823,1824,1825,1826,1827,1828,1829,1830,1831,1832,1833,1834,1835,1836,1837,1838,1839,1840,1841,1842,1843,1844,1845,1846,1847,1848,1849,1850,1851,1852,1853,1854,1855,1856,1857,1858,1859,1860,1861,1862,1863,1864,1865,1866,1867,1868,1869,1870,1871,1872,1873,1874,1875,1876,1877,1878,1879,1880,1881,1882,1883,1884,1885,1886,1887,1888,1889,1890,1891,1892,1893,1894,1895,1896,1897,1898,1899,1900,1901,1902,1903,1904,1905,1906,1907,1908,1909,1910,1911,1912,1913,1914,1915,1916,1917,1918,1919,1920,1921,1922,1923,1924,1925,1926,1927,1928,1929,1930,1931,1932,1933,1934,1935,1936,1937,1938,1939,1940,1941,1942,1943,1944,1945,1946,1947,1948,1949,1950,1951,1952,1953,1954,1955,1956,1957,1958,1959,1960,1961,1962,1963,1964,1965,1966,1967,1968,1969,1970,1971,1972,1973,1974,1975,1976,1977,1978,1979,1980,1981,1982,1983,1984,1985,1986,1987,1988,1989,1990,1991,1992,1993,1994,1995,1996,1997,1998,1999,2000,2001,2002,2003,2004,2005,2006,2007,2008,2009,2010,2011,2012,2013,2014,2015,2016,2017,2018,2019,2020,2021,2022,2023,2024,2025,2026,2027,2028,2029,2030,2031,2032,2033,2034,2035,2036,2037,2038,2039,2040,2041,2042,2043,2044,2045,2046,2047,2048,2049,2050,2051,2052,2053,2054,2055,2056,2057,2058,2059,2060,2061,2062,2063,2064,2065,2066,2067,2068,2069,2070,2071,2072,2073,2074,2075,2076,2077,2078,2079,2080,2081,2082,2083,2084,2085,2086,2087,2088,2089,2090,2091,2092,2093,2094,2095,2096,2097,2098,2099,2100,2101,2102,2103,2104,2105,2106,2107,2108,2109,2110,2111,2112,2113,2114,2115,2116,2117,2118,2119,2120,2121,2122,2123,2124,2125,2126,2127,2128,2129,2130,2131,2132,2133,2134,2135,2136,2137,2138,2139,2140,2141,2142,2143,2144,2145,2146,2147,2148,2149,2150,2151,2152,2153,2154,2155,2156,2157,2158,2159,2160,2161,2162,2163,2164,2165,2166,2167,2168,2169,2170,2171,2172,2173,2174,2175,2176,2177,2178,2179,2180,2181,2182,2183,2184,2185,2186,2187,2188,2189,2190,2191,2192,2193,2194,2195,2196,2197,2198,2199,2200,2201,2202,2203,2204,2205,2206,2207,2208,2209,2210,2211,2212,2213,2214,2215,2216,2217,2218,2219,2220,2221,2222,2223,2224,2225,2226,2227,2228,2229,2230,2231,2232,2233,2234,2235,2236,2237,2238,2239,2240,2241,2242,2243,2244,2245,2246,2247,2248,2249,2250,2251,2252,2253,2254,2255,2256,2257,2258,2259,2260,2261,2262,2263,2264,2265,2266,2267,2268,2269,2270,2271,2272,2273,2274,2275,2276,2277,2278,2279,2280,2281,2282,2283,2284,2285,2286,2287,2288,2289,2290,2291,2292,2293,2294,2295,2296,2297,2298,2299,2300,2301,2302,2303,2304,2305,2306,2307,2308,2309,2310,2311,2312,2313,2314,2315,2316,2317,2318,2319,2320,2321,2322,2323,2324,2325,2326,2327,2328,2329,2330,2331,2332,2333,2334,2335,2336,2337,2338,2339,2340,2341,2342,2343,2344,2345,2346,2347,2348,2349,2350,2351,2352,2353,2354,2355,2356,2357,2358,2359,2360,2361,2362,2363,2364,2365,2366,2367,2368,2369,2370,2371,2372,2373,2374,2375,2376,2377,2378,2379,2380,2381,2382,2383,2384,2385,2386,2387,2388,2389,2390,2391,2392,2393,2394,2395,2396,2397,2398,2399,2400,2401,2402,2403,2404,2405,2406,2407,2408,2409,2410,2411,2412,2413,2414,2415,2416,2417,2418,2419,2420,2421,2422,2423,2424,2425,2426,2427,2428,2429,2430,2431,2432,2433,2434,2435,2436,2437,2438,2439,2440,2441,2442,2443,2444,2445,2446,2447,2448,2449,2450,2451,2452,2453,2454,2455,2456,2457,2458,2459,2460,2461,2462,2463,2464,2465,2466,2467,2468,2469,2470,2471,2472,2473,2474,2475,2476,2477,2478,2479,2480,2481,2482,2483,2484,2485,2486,2487,2488,2489,2490,2491,2492,2493,2494,2495,2496,2497,2498,2499,2500,2501,2502,2503,2504,2505,2506,2507,2508,2509,2510,2511,2512,2513,2514,2515,2516,2517,2518,2519,2520,2521,2522,2523,2524,2525,2526,2527,2528,2529,2530,2531,2532,2533,2534,2535,2536,2537,2538,2539,2540,2541,2542,2543,2544,2545,2546,2547,2548,2549,2550,2551,2552,2553,2554,2555,2556,2557,2558,2559,2560,2561,2562,2563,2564,2565,2566,2567,2568,2569,2570,2571,2572,2573,2574,2575,2576,2577,2578,2579,2580,2581,2582,2583,2584,2585,2586,2587,2588,2589,2590,2591,2592,2593,2594,2595,2596,2597,2598,2599,2600,2601,2602,2603,2604,2605,2606,2607,2608,2609,2610,2611,2612,2613,2614,2615,2616,2617,2618,2619,2620,2621,2622,2623,2624,2625,2626,2627,2628,2629,2630,2631,2632,2633,2634,2635,2636,2637,2638,2639,2640,2641,2642,2643,2644,2645,2646,2647,2648,2649,2650,2651,2652,2653,2654,2655,2656,2657,2658,2659,2660,2661,2662,2663,2664,2665,2666,2667,2668,2669,2670,2671,2672,2673,2674,2675,2676,2677,2678,2679,2680,2681,2682,2683,2684,2685,2686,2687,2688,2689,2690,2691,2692,2693,2694,2695,2696,2697,2698,2699,2700,2701,2702,2703,2704,2705,2706,2707,2708,2709,2710,2711,2712,2713,2714,2715,2716,2717,2718,2719,2720,2721,2722,2723,2724,2725,2726,2727,2728,2729,2730,2731,2732,2733,2734,2735,2736,2737,2738,2739,2740,2741,2742,2743,2744,2745,2746,2747,2748,2749,2750,2751,2752,2753,2754,2755,2756,2757,2758,2759,2760,2761,2762,2763,2764,2765,2766,2767,2768,2769,2770,2771,2772,2773,2774,2775,2776,2777,2778,2779,2780,2781,2782,2783,2784,2785,2786,2787,2788,2789,2790,2791,2792,2793,2794,2795,2796,2797,2798,2799,2800,2801,2802,2803,2804,2805,2806,2807,2808,2809,2810,2811,2812,2813,2814,2815,2816,2817,2818,2819,2820,2821,2822,2823,2824,2825,2826,2827,2828,2829,2830,2831,2832,2833,2834,2835,2836,2837,2838,2839,2840,2841,2842,2843,2844,2845,2846,2847,2848,2849,2850,2851,2852,2853,2854,2855,2856,2857,2858,2859,2860,2861,2862,2863,2864,2865,2866,2867,2868,2869,2870,2871,2872,2873,2874,2875,2876,2877,2878,2879,2880,2881,2882,2883,2884,2885,2886,2887,2888,2889,2890,2891,2892,2893,2894,2895,2896,2897,2898,2899,2900,2901,2902,2903,2904,2905,2906,2907,2908,2909,2910,2911,2912,2913,2914,2915,2916,2917,2918,2919,2920,2921,2922,2923,2924,2925,2926,2927,2928,2929,2930,2931,2932,2933,2934,2935,2936,2937,2938,2939,2940,2941,2942,2943,2944,2945,2946,2947,2948,2949,2950,2951,2952,2953,2954,2955,2956,2957,2958,2959,2960,2961,2962,2963,2964,2965,2966,2967,2968,2969,2970,2971,2972,2973,2974,2975,2976,2977,2978,2979,2980,2981,2982,2983,2984,2985,2986,2987,2988,2989,2990,2991,2992,2993,2994,2995,2996,2997,2998,2999,3000,3001,3002,3003,3004,3005,3006,3007,3008,3009,3010,3011,3012,3013,3014,3015,3016,3017,3018,3019,3020,3021,3022,3023,3024,3025,3026,3027,3028,3029,3030,3031,3032,3033,3034,3035,3036,3037,3038,3039,3040,3041,3042,3043,3044,3045,3046,3047,3048,3049,3050,3051,3052,3053,3054,3055,3056,3057,3058,3059,3060,3061,3062,3063,3064,3065,3066,3067,3068,3069,3070,3071,3072,3073,3074,3075,3076,3077,3078,3079,3080,3081,3082,3083,3084,3085,3086,3087,3088,3089,3090,3091,3092,3093,3094,3095,3096,3097,3098,3099,3100,3101,3102,3103,3104,3105,3106,3107,3108,3109,3110,3111,3112,3113,3114,3115,3116,3117,3118,3119,3120,3121,3122,3123,3124,3125,3126,3127,3128,3129,3130,3131,3132,3133,3134,3135,3136,3137,3138,3139,3140,3141,3142,3143,3144,3145,3146,3147,3148,3149,3150,3151,3152,3153,3154,3155,3156,3157,3158,3159,3160,3161,3162,3163,3164,3165,3166,3167,3168,3169,3170,3171,3172,3173,3174,3175,3176,3177,3178,3179,3180,3181,3182,3183,3184,3185,3186,3187,3188,3189,3190,3191,3192,3193,3194,3195,3196,3197,3198,3199,3200,3201,3202,3203,3204,3205,3206,3207,3208,3209,3210,3211,3212,3213,3214,3215,3216,3217,3218,3219,3220,3221,3222,3223,3224,3225,3226,3227,3228,3229,3230,3231,3232,3233,3234,3235,3236,3237,3238,3239,3240,3241,3242,3243,3244,3245,3246,3247,3248,3249,3250,3251,3252,3253,3254,3255,3256,3257,3258,3259,3260,3261,3262,3263,3264,3265,3266,3267,3268,3269,3270,3271,3272,3273,3274,3275,3276,3277,3278,3279,3280,3281,3282,3283,3284,3285,3286,3287,3288,3289,3290,3291,3292,3293,3294,3295,3296,3297,3298,3299,3300,3301,3302,3303,3304,3305,3306,3307,3308,3309,3310,3311,3312,3313,3314,3315,3316,3317,3318,3319,3320,3321,3322,3323,3324,3325,3326,3327,3328,3329,3330,3331,3332,3333,3334,3335,3336,3337,3338,3339,3340,3341,3342,3343,3344,3345,3346,3347,3348,3349,3350,3351,3352,3353,3354,3355,3356,3357,3358,3359,3360,3361,3362,3363,3364,3365,3366,3367,3368,3369,3370,3371,3372,3373,3374,3375,3376,3377,3378,3379,3380,3381,3382,3383,3384,3385,3386,3387,3388,3389,3390,3391,3392,3393,3394,3395,3396,3397,3398,3399,3400,3401,3402,3403,3404,3405,3406,3407,3408,3409,3410,3411,3412,3413,3414,3415,3416,3417,3418,3419,3420,3421,3422,3423,3424,3425,3426,3427,3428,3429,3430,3431,3432,3433,3434,3435,3436,3437,3438,3439,3440,3441,3442,3443,3444,3445,3446,3447,3448,3449,3450,3451,3452,3453,3454,3455,3456,3457,3458,3459,3460,3461,3462,3463,3464,3465,3466,3467,3468,3469,3470,3471,3472,3473,3474,3475,3476,3477,3478,3479,3480,3481,3482,3483,3484,3485,3486,3487,3488,3489,3490,3491,3492,3493,3494,3495,3496,3497,3498,3499,3500,3501,3502,3503,3504,3505,3506,3507,3508,3509,3510,3511,3512,3513,3514,3515,3516,3517,3518,3519,3520,3521,3522,3523,3524,3525,3526,3527,3528,3529,3530,3531,3532,3533,3534,3535,3536,3537,3538,3539,3540,3541,3542,3543,3544,3545,3546,3547,3548,3549,3550,3551,3552,3553,3554,3555,3556,3557,3558,3559,3560,3561,3562,3563,3564,3565,3566,3567,3568,3569,3570,3571,3572,3573,3574,3575,3576,3577,3578,3579,3580,3581,3582,3583,3584,3585,3586,3587,3588,3589,3590,3591,3592,3593,3594,3595,3596,3597,3598,3599,3600,3601,3602,3603,3604,3605,3606,3607,3608,3609,3610,3611,3612,3613,3614,3615,3616,3617,3618,3619,3620,3621,3622,3623,3624,3625,3626,3627,3628,3629,3630,3631,3632,3633,3634,3635,3636,3637,3638,3639,3640,3641,3642,3643,3644,3645,3646,3647,3648,3649,3650,3651,3652,3653,3654,3655,3656,3657,3658,3659,3660,3661,3662,3663,3664,3665,3666,3667,3668,3669,3670,3671,3672,3673,3674,3675,3676,3677,3678,3679,3680,3681,3682,3683,3684,3685,3686,3687,3688,3689,3690,3691,3692,3693,3694,3695,3696,3697,3698,3699,3700,3701,3702,3703,3704,3705,3706,3707,3708,3709,3710,3711,3712,3713,3714,3715,3716,3717,3718,3719,3720,3721,3722,3723,3724,3725,3726,3727,3728,3729,3730,3731,3732,3733,3734,3735,3736,3737,3738,3739,3740,3741,3742,3743,3744,3745,3746,3747,3748,3749,3750,3751,3752,3753,3754,3755,3756,3757,3758,3759,3760,3761,3762,3763,3764,3765,3766,3767,3768,3769,3770,3771,3772,3773,3774,3775,3776,3777,3778,3779,3780,3781,3782,3783,3784,3785,3786,3787,3788,3789,3790,3791,3792,3793,3794,3795,3796,3797,3798,3799,3800,3801,3802,3803,3804,3805,3806,3807,3808,3809,3810,3811,3812,3813,3814,3815,3816,3817,3818,3819,3820,3821,3822,3823,3824,3825,3826,3827,3828,3829,3830,3831,3832,3833,3834,3835,3836,3837,3838,3839,3840,3841,3842,3843,3844,3845,3846,3847,3848,3849,3850,3851,3852,3853,3854,3855,3856,3857,3858,3859,3860,3861,3862,3863,3864,3865,3866,3867,3868,3869,3870,3871,3872,3873,3874,3875,3876,3877,3878,3879,3880,3881,3882,3883,3884,3885,3886,3887,3888,3889,3890,3891,3892,3893,3894,3895,3896,3897,3898,3899,3900,3901,3902,3903,3904,3905,3906,3907,3908,3909,3910,3911,3912,3913,3914,3915,3916,3917,3918,3919,3920,3921,3922,3923,3924,3925,3926,3927,3928,3929,3930,3931,3932,3933,3934,3935,3936,3937,3938,3939,3940,3941,3942,3943,3944,3945,3946,3947,3948,3949,3950,3951,3952,3953,3954,3955,3956,3957,3958,3959,3960,3961,3962,3963,3964,3965,3966,3967,3968,3969,3970,3971,3972,3973,3974,3975,3976,3977,3978,3979,3980,3981,3982,3983,3984,3985,3986,3987,3988,3989,3990,3991,3992,3993,3994,3995,3996,3997,3998,3999,4000,4001,4002,4003,4004,4005,4006,4007,4008,4009,4010,4011,4012,4013,4014,4015,4016,4017,4018,4019,4020,4021,4022,4023,4024,4025,4026,4027,4028,4029,4030,4031,4032,4033,4034,4035,4036,4037,4038,4039,4040,4041,4042,4043,4044,4045,4046,4047,4048,4049,4050,4051,4052,4053,4054,4055,4056,4057,4058,4059,4060,4061,4062,4063,4064,4065,4066,4067,4068,4069,4070,4071,4072,4073,4074,4075,4076,4077,4078,4079,4080,4081,4082,4083,4084,4085,4086,4087,4088,4089,4090,4091,4092,4093,4094,4095,4096,4097,4098,4099,4100,4101,4102,4103,4104,4105,4106,4107,4108,4109,4110,4111,4112,4113,4114,4115,4116,4117,4118,4119,4120,4121,4122,4123,4124,4125,4126,4127,4128,4129,4130,4131,4132,4133,4134,4135,4136,4137,4138,4139,4140,4141,4142,4143,4144,4145,4146,4147,4148,4149,4150,4151,4152,4153,4154,4155,4156,4157,4158,4159,4160,4161,4162,4163,4164,4165,4166,4167,4168,4169,4170,4171,4172,4173,4174,4175,4176,4177,4178,4179,4180,4181,4182,4183,4184,4185,4186,4187,4188,4189,4190,4191,4192,4193,4194,4195,4196,4197,4198,4199,4200,4201,4202,4203,4204,4205,4206,4207,4208,4209,4210,4211,4212,4213,4214,4215,4216,4217,4218,4219,4220,4221,4222,4223,4224,4225,4226,4227,4228,4229,4230,4231,4232,4233,4234,4235,4236,4237,4238,4239,4240,4241,4242,4243,4244,4245,4246,4247,4248,4249,4250,4251,4252,4253,4254,4255,4256,4257,4258,4259,4260,4261,4262,4263,4264,4265,4266,4267,4268,4269,4270,4271,4272,4273,4274,4275,4276,4277,4278,4279,4280,4281,4282,4283,4284,4285,4286,4287,4288,4289,4290,4291,4292,4293,4294,4295,4296,4297,4298,4299,4300,4301,4302,4303,4304,4305,4306,4307,4308,4309,4310,4311,4312,4313,4314,4315,4316,4317,4318,4319,4320,4321,4322,4323,4324,4325,4326,4327,4328,4329,4330,4331,4332,4333,4334,4335,4336,4337,4338,4339,4340,4341,4342,4343,4344,4345,4346,4347,4348,4349,4350,4351,4352,4353,4354,4355,4356,4357,4358,4359,4360,4361,4362,4363,4364,4365,4366,4367,4368,4369,4370,4371,4372,4373,4374,4375,4376,4377,4378,4379,4380,4381,4382,4383,4384,4385,4386,4387,4388,4389,4390,4391,4392,4393,4394,4395,4396,4397,4398,4399,4400,4401,4402,4403,4404,4405,4406,4407,4408,4409,4410,4411,4412,4413,4414,4415,4416,4417,4418,4419,4420,4421,4422,4423,4424,4425,4426,4427,4428,4429,4430,4431,4432,4433,4434,4435,4436,4437,4438,4439,4440,4441,4442,4443,4444,4445,4446,4447,4448,4449,4450,4451,4452,4453,4454,4455,4456,4457,4458,4459,4460,4461,4462,4463,4464,4465,4466,4467,4468,4469,4470,4471,4472,4473,4474,4475,4476,4477,4478,4479,4480,4481,4482,4483,4484,4485,4486,4487,4488,4489,4490,4491,4492,4493,4494,4495,4496,4497,4498,4499,4500,4501,4502,4503,4504,4505,4506,4507,4508,4509,4510,4511,4512,4513,4514,4515,4516,4517,4518,4519,4520,4521,4522,4523,4524,4525,4526,4527,4528,4529,4530,4531,4532,4533,4534,4535,4536,4537,4538,4539,4540,4541,4542,4543,4544,4545,4546,4547,4548,4549,4550,4551,4552,4553,4554,4555,4556,4557,4558,4559,4560,4561,4562,4563,4564,4565,4566,4567,4568,4569,4570,4571,4572,4573,4574,4575,4576,4577,4578,4579,4580,4581,4582,4583,4584,4585,4586,4587,4588,4589,4590,4591,4592,4593,4594,4595,4596,4597,4598,4599,4600,4601,4602,4603,4604,4605,4606,4607,4608,4609,4610,4611,4612,4613,4614,4615,4616,4617,4618,4619,4620,4621,4622,4623,4624,4625,4626,4627,4628,4629,4630,4631,4632,4633,4634,4635,4636,4637,4638,4639,4640,4641,4642,4643,4644,4645,4646,4647,4648,4649,4650,4651,4652,4653,4654,4655,4656,4657,4658,4659,4660,4661,4662,4663,4664,4665,4666,4667,4668,4669,4670,4671,4672,4673,4674,4675,4676,4677,4678,4679,4680,4681,4682,4683,4684,4685,4686,4687,4688,4689,4690,4691,4692,4693,4694,4695,4696,4697,4698,4699,4700,4701,4702,4703,4704,4705,4706,4707,4708,4709,4710,4711,4712,4713,4714,4715,4716,4717,4718,4719,4720,4721,4722,4723,4724,4725,4726,4727,4728,4729,4730,4731,4732,4733,4734,4735,4736,4737,4738,4739,4740,4741,4742,4743,4744,4745,4746,4747,4748,4749,4750,4751,4752,4753,4754,4755,4756,4757,4758,4759,4760,4761,4762,4763,4764,4765,4766,4767,4768,4769,4770,4771,4772,4773,4774,4775,4776,4777,4778,4779,4780,4781,4782,4783,4784,4785,4786,4787,4788,4789,4790,4791,4792,4793,4794,4795,4796,4797,4798,4799,4800,4801,4802,4803,4804,4805,4806,4807,4808,4809,4810,4811,4812,4813,4814,4815,4816,4817,4818,4819,4820,4821,4822,4823,4824,4825,4826,4827,4828,4829,4830,4831,4832,4833,4834,4835,4836,4837,4838,4839,4840,4841,4842,4843,4844,4845,4846,4847,4848,4849,4850,4851,4852,4853,4854,4855,4856,4857,4858,4859,4860,4861,4862,4863,4864,4865,4866,4867,4868,4869,4870,4871,4872,4873,4874,4875,4876,4877,4878,4879,4880,4881,4882,4883,4884,4885,4886,4887,4888,4889,4890,4891,4892,4893,4894,4895,4896,4897,4898,4899,4900,4901,4902,4903,4904,4905,4906,4907,4908,4909,4910,4911,4912,4913,4914,4915,4916,4917,4918,4919,4920,4921,4922,4923,4924,4925,4926,4927,4928,4929,4930,4931,4932,4933,4934,4935,4936,4937,4938,4939,4940,4941,4942,4943,4944,4945,4946,4947,4948,4949,4950,4951,4952,4953,4954,4955,4956,4957,4958,4959,4960,4961,4962,4963,4964,4965,4966,4967,4968,4969,4970,4971,4972,4973,4974,4975,4976,4977,4978,4979,4980,4981,4982,4983,4984,4985,4986,4987,4988,4989,4990,4991,4992,4993,4994,4995,4996,4997,4998,4999,5000,5001,5002,5003,5004,5005,5006,5007,5008,5009,5010,5011,5012,5013,5014,5015,5016,5017,5018,5019,5020,5021,5022,5023,5024,5025,5026,5027,5028,5029,5030,5031,5032,5033,5034,5035,5036,5037,5038,5039,5040,5041,5042,5043,5044,5045,5046,5047,5048,5049,5050,5051,5052,5053,5054,5055,5056,5057,5058,5059,5060,5061,5062,5063,5064,5065,5066,5067,5068,5069,5070,5071,5072,5073,5074,5075,5076,5077,5078,5079,5080,5081,5082,5083,5084,5085,5086,5087,5088,5089,5090,5091,5092,5093,5094,5095,5096,5097,5098,5099,5100,5101,5102,5103,5104,5105,5106,5107,5108,5109,5110,5111,5112,5113,5114,5115,5116,5117,5118,5119,5120,5121,5122,5123,5124,5125,5126,5127,5128,5129,5130,5131,5132,5133,5134,5135,5136,5137,5138,5139,5140,5141,5142,5143,5144,5145,5146,5147,5148,5149,5150,5151,5152,5153,5154,5155,5156,5157,5158,5159,5160,5161,5162,5163,5164,5165,5166,5167,5168,5169,5170,5171,5172,5173,5174,5175,5176,5177,5178,5179,5180,5181,5182,5183,5184,5185,5186,5187,5188,5189,5190,5191,5192,5193,5194,5195,5196,5197,5198,5199,5200,5201,5202,5203,5204,5205,5206,5207,5208,5209,5210,5211,5212,5213,5214,5215,5216,5217,5218,5219,5220,5221,5222,5223,5224,5225,5226,5227,5228,5229,5230,5231,5232,5233,5234,5235,5236,5237,5238,5239,5240,5241,5242,5243,5244,5245,5246,5247,5248,5249,5250,5251,5252,5253,5254,5255,5256,5257,5258,5259,5260,5261,5262,5263,5264,5265,5266,5267,5268,5269,5270,5271,5272,5273,5274,5275,5276,5277,5278,5279,5280,5281,5282,5283,5284,5285,5286,5287,5288,5289,5290,5291,5292,5293,5294,5295,5296,5297,5298,5299,5300,5301,5302,5303,5304,5305,5306,5307,5308,5309,5310,5311,5312,5313,5314,5315,5316,5317,5318,5319,5320,5321,5322,5323,5324,5325,5326,5327,5328,5329,5330,5331,5332,5333,5334,5335,5336,5337,5338,5339,5340,5341,5342,5343,5344,5345,5346,5347,5348,5349,5350,5351,5352,5353,5354,5355,5356,5357,5358,5359,5360,5361,5362,5363,5364,5365,5366,5367,5368,5369,5370,5371,5372,5373,5374,5375,5376,5377,5378,5379,5380,5381,5382,5383,5384,5385,5386,5387,5388,5389,5390,5391,5392,5393,5394,5395,5396,5397,5398,5399,5400,5401,5402,5403,5404,5405,5406,5407,5408,5409,5410,5411,5412,5413,5414,5415,5416,5417,5418,5419,5420,5421,5422,5423,5424,5425,5426,5427,5428,5429,5430,5431,5432,5433,5434,5435,5436,5437,5438,5439,5440,5441,5442,5443,5444,5445,5446,5447,5448,5449,5450,5451,5452,5453,5454,5455,5456,5457,5458,5459,5460,5461,5462,5463,5464,5465,5466,5467,5468,5469,5470,5471,5472,5473,5474,5475,5476,5477,5478,5479,5480,5481,5482,5483,5484,5485,5486,5487,5488,5489,5490,5491,5492,5493,5494,5495,5496,5497,5498,5499,5500,5501,5502,5503,5504,5505,5506,5507,5508,5509,5510,5511,5512,5513,5514,5515,5516,5517,5518,5519,5520,5521,5522,5523,5524,5525,5526,5527,5528,5529,5530,5531,5532,5533,5534,5535,5536,5537,5538,5539,5540,5541,5542,5543,5544,5545,5546,5547,5548,5549,5550,5551,5552,5553,5554,5555,5556,5557,5558,5559,5560,5561,5562,5563,5564,5565,5566,5567,5568,5569,5570,5571,5572,5573,5574,5575,5576,5577,5578,5579,5580,5581,5582,5583,5584,5585,5586,5587,5588,5589,5590,5591,5592,5593,5594,5595,5596,5597,5598,5599,5600,5601,5602,5603,5604,5605,5606,5607,5608,5609,5610,5611,5612,5613,5614,5615,5616,5617,5618,5619,5620,5621,5622,5623,5624,5625,5626,5627,5628,5629,5630,5631,5632,5633,5634,5635,5636,5637,5638,5639,5640,5641,5642,5643,5644,5645,5646,5647,5648,5649,5650,5651,5652,5653,5654,5655,5656,5657,5658,5659,5660,5661,5662,5663,5664,5665,5666,5667,5668,5669,5670,5671,5672,5673,5674,5675,5676,5677,5678,5679,5680,5681,5682,5683,5684,5685,5686,5687,5688,5689,5690,5691,5692,5693,5694,5695,5696,5697,5698,5699,5700,5701,5702,5703,5704,5705,5706,5707,5708,5709,5710,5711,5712,5713,5714,5715,5716,5717,5718,5719,5720,5721,5722,5723,5724,5725,5726,5727,5728,5729,5730,5731,5732,5733,5734,5735,5736,5737,5738,5739,5740,5741,5742,5743,5744,5745,5746,5747,5748,5749,5750,5751,5752,5753,5754,5755,5756,5757,5758,5759,5760,5761,5762,5763,5764,5765,5766,5767,5768,5769,5770,5771,5772,5773,5774,5775,5776,5777,5778,5779,5780,5781,5782,5783,5784,5785,5786,5787,5788,5789,5790,5791,5792,5793,5794,5795,5796,5797,5798,5799,5800,5801,5802,5803,5804,5805,5806,5807,5808,5809,5810,5811,5812,5813,5814,5815,5816,5817,5818,5819,5820,5821,5822,5823,5824,5825,5826,5827,5828,5829,5830,5831,5832,5833,5834,5835,5836,5837,5838,5839,5840,5841,5842,5843,5844,5845,5846,5847,5848,5849,5850,5851,5852,5853,5854,5855,5856,5857,5858,5859,5860,5861,5862,5863,5864,5865,5866,5867,5868,5869,5870,5871,5872,5873,5874,5875,5876,5877,5878,5879,5880,5881,5882,5883,5884,5885,5886,5887,5888,5889,5890,5891,5892,5893,5894,5895,5896,5897,5898,5899,5900,5901,5902,5903,5904,5905,5906,5907,5908,5909,5910,5911,5912,5913,5914,5915,5916,5917,5918,5919,5920,5921,5922,5923,5924,5925,5926,5927,5928,5929,5930,5931,5932,5933,5934,5935,5936,5937,5938,5939,5940,5941,5942,5943,5944,5945,5946,5947,5948,5949,5950,5951,5952,5953,5954,5955,5956,5957,5958,5959,5960,5961,5962,5963,5964,5965,5966,5967,5968,5969,5970,5971,5972,5973,5974,5975,5976,5977,5978,5979,5980,5981,5982,5983,5984,5985,5986,5987,5988,5989,5990,5991,5992,5993,5994,5995,5996,5997,5998,5999,6000,6001,6002,6003,6004,6005,6006,6007,6008,6009,6010,6011,6012,6013,6014,6015,6016,6017,6018,6019,6020,6021,6022,6023,6024,6025,6026,6027,6028,6029,6030,6031,6032,6033,6034,6035,6036,6037,6038,6039,6040,6041,6042,6043,6044,6045,6046,6047,6048,6049,6050,6051,6052,6053,6054,6055,6056,6057,6058,6059,6060,6061,6062,6063,6064,6065,6066,6067,6068,6069,6070,6071,6072,6073,6074,6075,6076,6077,6078,6079,6080,6081,6082,6083,6084,6085,6086,6087,6088,6089,6090,6091,6092,6093,6094,6095,6096,6097,6098,6099,6100,6101,6102,6103,6104,6105,6106,6107,6108,6109,6110,6111,6112,6113,6114,6115,6116,6117,6118,6119,6120,6121,6122,6123,6124,6125,6126,6127,6128,6129,6130,6131,6132,6133,6134,6135,6136,6137,6138,6139,6140,6141,6142,6143,6144,6145,6146,6147,6148,6149,6150,6151,6152,6153,6154,6155,6156,6157,6158,6159,6160,6161,6162,6163,6164,6165,6166,6167,6168,6169,6170,6171,6172,6173,6174,6175,6176,6177,6178,6179,6180,6181,6182,6183,6184,6185,6186,6187,6188,6189,6190,6191,6192,6193,6194,6195,6196,6197,6198,6199,6200,6201,6202,6203,6204,6205,6206,6207,6208,6209,6210,6211,6212,6213,6214,6215,6216,6217,6218,6219,6220,6221,6222,6223,6224,6225,6226,6227,6228,6229,6230,6231,6232,6233,6234,6235,6236,6237,6238,6239,6240,6241,6242,6243,6244,6245,6246,6247,6248,6249,6250,6251,6252,6253,6254,6255,6256,6257,6258,6259,6260,6261,6262,6263,6264,6265,6266,6267,6268,6269,6270,6271,6272,6273,6274,6275,6276,6277,6278,6279,6280,6281,6282,6283,6284,6285,6286,6287,6288,6289,6290,6291,6292,6293,6294,6295,6296,6297,6298,6299,6300,6301,6302,6303,6304,6305,6306,6307,6308,6309,6310,6311,6312,6313,6314,6315,6316,6317,6318,6319,6320,6321,6322,6323,6324,6325,6326,6327,6328,6329,6330,6331,6332,6333,6334,6335,6336,6337,6338,6339,6340,6341,6342,6343,6344,6345,6346,6347,6348,6349,6350,6351,6352,6353,6354,6355,6356,6357,6358,6359,6360,6361,6362,6363,6364,6365,6366,6367,6368,6369,6370,6371,6372,6373,6374,6375,6376,6377,6378,6379,6380,6381,6382,6383,6384,6385,6386,6387,6388,6389,6390,6391,6392,6393,6394,6395,6396,6397,6398,6399,6400,6401,6402,6403,6404,6405,6406,6407,6408,6409,6410,6411,6412,6413,6414,6415,6416,6417,6418,6419,6420,6421,6422,6423,6424,6425,6426,6427,6428,6429,6430,6431,6432,6433,6434,6435,6436,6437,6438,6439,6440,6441,6442,6443,6444,6445,6446,6447,6448,6449,6450,6451,6452,6453,6454,6455,6456,6457,6458,6459,6460,6461,6462,6463,6464,6465,6466,6467,6468,6469,6470,6471,6472,6473,6474,6475,6476,6477,6478,6479,6480,6481,6482,6483,6484,6485,6486,6487,6488,6489,6490,6491,6492,6493,6494,6495,6496,6497,6498,6499,6500,6501,6502,6503,6504,6505,6506,6507,6508,6509,6510,6511,6512,6513,6514,6515,6516,6517,6518,6519,6520,6521,6522,6523,6524,6525,6526,6527,6528,6529,6530,6531,6532,6533,6534,6535,6536,6537,6538,6539,6540,6541,6542,6543,6544,6545,6546,6547,6548,6549,6550,6551,6552,6553,6554,6555,6556,6557,6558,6559,6560,6561,6562,6563,6564,6565,6566,6567,6568,6569,6570,6571,6572,6573,6574,6575,6576,6577,6578,6579,6580,6581,6582,6583,6584,6585,6586,6587,6588,6589,6590,6591,6592,6593,6594,6595,6596,6597,6598,6599,6600,6601,6602,6603,6604,6605,6606,6607,6608,6609,6610,6611,6612,6613,6614,6615,6616,6617,6618,6619,6620,6621,6622,6623,6624,6625,6626,6627,6628,6629,6630,6631,6632,6633,6634,6635,6636,6637,6638,6639,6640,6641,6642,6643,6644,6645,6646,6647,6648,6649,6650,6651,6652,6653,6654,6655,6656,6657,6658,6659,6660,6661,6662,6663,6664,6665,6666,6667,6668,6669,6670,6671,6672,6673,6674,6675,6676,6677,6678,6679,6680,6681,6682,6683,6684,6685,6686,6687,6688,6689,6690,6691,6692,6693,6694,6695,6696,6697,6698,6699,6700,6701,6702,6703,6704,6705,6706,6707,6708,6709,6710,6711,6712,6713,6714,6715,6716,6717,6718,6719,6720,6721,6722,6723,6724,6725,6726,6727,6728,6729,6730,6731,6732,6733,6734,6735,6736,6737,6738,6739,6740,6741,6742,6743,6744,6745,6746,6747,6748,6749,6750,6751,6752,6753,6754,6755,6756,6757,6758,6759,6760,6761,6762,6763,6764,6765,6766,6767,6768,6769,6770,6771,6772,6773,6774,6775,6776,6777,6778,6779,6780,6781,6782,6783,6784,6785,6786,6787,6788,6789,6790,6791,6792,6793,6794,6795,6796,6797,6798,6799,6800,6801,6802,6803,6804,6805,6806,6807,6808,6809,6810,6811,6812,6813,6814,6815,6816,6817,6818,6819,6820,6821,6822,6823,6824,6825,6826,6827,6828,6829,6830,6831,6832,6833,6834,6835,6836,6837,6838,6839,6840,6841,6842,6843,6844,6845,6846,6847,6848,6849,6850,6851,6852,6853,6854,6855,6856,6857,6858,6859,6860,6861,6862,6863,6864,6865,6866,6867,6868,6869,6870,6871,6872,6873,6874,6875,6876,6877,6878,6879,6880,6881,6882,6883,6884,6885,6886,6887,6888,6889,6890,6891,6892,6893,6894,6895,6896,6897,6898,6899,6900,6901,6902,6903,6904,6905,6906,6907,6908,6909,6910,6911,6912,6913,6914,6915,6916,6917,6918,6919,6920,6921,6922,6923,6924,6925,6926,6927,6928,6929,6930,6931,6932,6933,6934,6935,6936,6937,6938,6939,6940,6941,6942,6943,6944,6945,6946,6947,6948,6949,6950,6951,6952,6953,6954,6955,6956,6957,6958,6959,6960,6961,6962,6963,6964,6965,6966,6967,6968,6969,6970,6971,6972,6973,6974,6975,6976,6977,6978,6979,6980,6981,6982,6983,6984,6985,6986,6987,6988,6989,6990,6991,6992,6993,6994,6995,6996,6997,6998,6999,7000
0,0.09433691876884338,0.09433691876884338,0.09433691876884338,0.09433691876884338,0.09433691876884338,0.09433691876884338,0.09433691876884338,0.09433691876884338,0.09433691876884338,0.09433691876884338,0.09433691876884338,0.09433691876884338,0.09433691876884338,0.09433691876884338,0.09433691876884338,0.09433691876884338,0.09433691876884338,0.09433691876884338,0.09433691876884338,0.09433691876884338,0.09433691876884338,0.09433691876884338,0.09433691876884338,0.09433691876884338,0.09433691876884338,0.09433691876884338,0.09433691876884338,0.09433691876884338,0.09433691876884338,0.09433691876884338,0.09433691876884338,0.09433691876884338,0.09433691876884338,0.09433691876884338,0.09433691876884338,0.09433691876884338,0.09433691876884338,0.09433691876884338,0.09433691876884338,0.09433691876884338,0.09433691876884338,0.09433691876884338,0.09433691876884338,0.09433691876884338,0.09433691876884338,0.09433691876884338,0.09433691876884338,0.09433691876884338,0.09433691876884338,0.09433691876884338,0.09433691876884338,0.09433691876884338,0.09433691876884338,0.09433691876884338,0.09433691876884338,0.09433691876884338,0.09433691876884338,0.09433691876884338,0.09433691876884338,0.09433691876884338,0.09433691876884338,0.09433691876884338,0.09433691876884338,0.09433691876884338,0.09433691876884338,0.09433691876884338,0.09433691876884338,0.09433691876884338,0.09433691876884338,0.09433691876884338,0.09433691876884338,0.09433691876884338,0.09433691876884338,0.09433691876884338,0.09433691876884338,0.09433691876884338,0.09433691876884338,0.09433691876884338,0.09433691876884338,0.09433691876884338,0.09433691876884338,0.09433691876884338,0.09433691876884338,0.09433691876884338,0.09433691876884338,0.09433691876884338,0.09433691876884338,0.09433691876884338,0.09433691876884338,0.09433691876884338,0.09433691876884338,0.09433691876884338,0.09433691876884338,0.09433691876884338,0.09433691876884338,0.09433691876884338,0.09433691876884338,0.09433691876884338,0.09433691876884338,0.09433691876884338,0.09433691876884338,0.09433691876884338,0.09433691876884338,0.09433691876884338,0.09433691876884338,0.09433691876884338,0.09433691876884338,0.09433691876884338,0.09433691876884338,0.09433691876884338,0.09433691876884338,0.09433691876884338,0.09433691876884338,0.09433691876884338,0.09433691876884338,0.09433691876884338,0.09433691876884338,0.09433691876884338,0.09433691876884338,0.09433691876884338,0.09433691876884338,0.09433691876884338,0.09433691876884338,0.09433691876884338,0.09433691876884338,0.09433691876884338,0.09433691876884338,0.09433691876884338,0.09433691876884338,0.09433691876884338,0.09433691876884338,0.09433691876884338,0.09433691876884338,0.09433691876884338,0.09433691876884338,0.09433691876884338,0.09433691876884338,0.09433691876884338,0.09433691876884338,0.09433691876884338,0.09433691876884338,0.09433691876884338,0.09433691876884338,0.09433691876884338,0.09433691876884338,0.09433691876884338,0.09433691876884338,0.09433691876884338,0.09433691876884338,0.09433691876884338,0.09433691876884338,0.09433691876884338,0.09433691876884338,0.09433691876884338,0.09433691876884338,0.09433691876884338,0.09433691876884338,0.09433691876884338,0.09433691876884338,0.09433691876884338,0.09433691876884338,0.09433691876884338,0.09433691876884338,0.09433691876884338,0.09433691876884338,0.09433691876884338,0.09433691876884338,0.09433691876884338,0.09433691876884338,0.09433691876884338,0.09433691876884338,0.09433691876884338,0.09433691876884338,0.09433691876884338,0.09433691876884338,0.09433691876884338,0.09433691876884338,0.09433691876884338,0.09433691876884338,0.09433691876884338,0.09433691876884338,0.09433691876884338,0.09433691876884338,0.09433691876884338,0.09433691876884338,0.09433691876884338,0.09433691876884338,0.09433691876884338,0.09433691876884338,0.09433691876884338,0.09433691876884338,0.09433691876884338,0.09433691876884338,0.09433691876884338,0.09433691876884338,0.09433691876884338,0.09433691876884338,0.09433691876884338,0.09433691876884338,0.09433691876884338,0.09433691876884338,0.09433691876884338,0.09433691876884338,0.09433691876884338,0.09433691876884338,0.09433691876884338,0.09433691876884338,0.09433691876884338,0.09433691876884338,0.09433691876884338,0.09433691876884338,0.09433691876884338,0.09433691876884338,0.09433691876884338,0.09433691876884338,0.09433691876884338,0.09433691876884338,0.09433691876884338,0.09433691876884338,0.09433691876884338,0.09433691876884338,0.09433691876884338,0.09433691876884338,0.09433691876884338,0.09433691876884338,0.09433691876884338,0.09433691876884338,0.09433691876884338,0.09433691876884338,0.09433691876884338,0.09433691876884338,0.09433691876884338,0.09433691876884338,0.09433691876884338,0.09433691876884338,0.09433691876884338,0.09433691876884338,0.09433691876884338,0.09433691876884338,0.09433691876884338,0.09433691876884338,0.09433691876884338,0.09433691876884338,0.09433691876884338,0.09433691876884338,0.09433691876884338,0.09433691876884338,0.09433691876884338,0.09433691876884338,0.09433691876884338,0.09433691876884338,0.09433691876884338,0.09433691876884338,0.09433691876884338,0.09433691876884338,0.09433691876884338,0.09433691876884338,0.09433691876884338,0.09433691876884338,0.09433691876884338,0.09433691876884338,0.09433691876884338,0.09433691876884338,0.09433691876884338,0.09433691876884338,0.09433691876884338,0.09433691876884338,0.09433691876884338,0.09433691876884338,0.09433691876884338,0.09433691876884338,0.09433691876884338,0.09433691876884338,0.09433691876884338,0.09433691876884338,0.09433691876884338,0.09433691876884338,0.09433691876884338,0.09433691876884338,0.09433691876884338,0.09433691876884338,0.09433691876884338,0.09433691876884338,0.09433691876884338,0.09433691876884338,0.09433691876884338,0.09433691876884338,0.09433691876884338,0.09433691876884338,0.09433691876884338,0.09433691876884338,0.09433691876884338,0.09433691876884338,0.09433691876884338,0.09433691876884338,0.09433691876884338,0.09433691876884338,0.09433691876884338,0.09433691876884338,0.09433691876884338,0.09433691876884338,0.09433691876884338,0.09433691876884338,0.09433691876884338,0.09433691876884338,0.09433691876884338,0.09433691876884338,0.09433691876884338,0.09433691876884338,0.09433691876884338,0.09433691876884338,0.09433691876884338,0.09433691876884338,0.09433691876884338,0.09433691876884338,0.09433691876884338,0.09433691876884338,0.09433691876884338,0.09433691876884338,0.09433691876884338,0.09433691876884338,0.09433691876884338,0.09433691876884338,0.09433691876884338,0.09433691876884338,0.09433691876884338,0.09433691876884338,0.09433691876884338,0.09433691876884338,0.09433691876884338,0.09433691876884338,0.09433691876884338,0.09433691876884338,0.09433691876884338,0.09433691876884338,0.09433691876884338,0.09433691876884338,0.09433691876884338,0.09433691876884338,0.09433691876884338,0.09433691876884338,0.09433691876884338,0.09433691876884338,0.09433691876884338,0.09433691876884338,0.09433691876884338,0.09433691876884338,0.09433691876884338,0.09433691876884338,0.09433691876884338,0.09433691876884338,0.09433691876884338,0.09433691876884338,0.09433691876884338,0.09433691876884338,0.09433691876884338,0.09433691876884338,0.09433691876884338,0.09433691876884338,0.09433691876884338,0.09433691876884338,0.09433691876884338,0.09433691876884338,0.09433691876884338,0.09433691876884338,0.09433691876884338,0.09433691876884338,0.09433691876884338,0.09433691876884338,0.09433691876884338,0.09433691876884338,0.09433691876884338,0.09433691876884338,0.09433691876884338,0.09433691876884338,0.09433691876884338,0.09433691876884338,0.09433691876884338,0.09433691876884338,0.09433691876884338,0.09433691876884338,0.09433691876884338,0.09433691876884338,0.09433691876884338,0.09433691876884338,0.09433691876884338,0.09433691876884338,0.09433691876884338,0.09433691876884338,0.09433691876884338,0.09433691876884338,0.09433691876884338,0.09433691876884338,0.09433691876884338,0.09433691876884338,0.09433691876884338,0.09433691876884338,0.09433691876884338,0.09433691876884338,0.09433691876884338,0.09433691876884338,0.09433691876884338,0.09433691876884338,0.09433691876884338,0.09433691876884338,0.09433691876884338,0.09433691876884338,0.09433691876884338,0.09433691876884338,0.09433691876884338,0.09433691876884338,0.09433691876884338,0.09433691876884338,0.09433691876884338,0.09433691876884338,0.09433691876884338,0.09433691876884338,0.09433691876884338,0.09433691876884338,0.09433691876884338,0.09433691876884338,0.09433691876884338,0.09433691876884338,0.09433691876884338,0.09433691876884338,0.09433691876884338,0.09433691876884338,0.09433691876884338,0.09433691876884338,0.09433691876884338,0.09433691876884338,0.09433691876884338,0.09433691876884338,0.09433691876884338,0.09433691876884338,0.09433691876884338,0.09433691876884338,0.09433691876884338,0.09433691876884338,0.09433691876884338,0.09433691876884338,0.09433691876884338,0.09433691876884338,0.09433691876884338,0.09433691876884338,0.09433691876884338,0.09433691876884338,0.09433691876884338,0.09433691876884338,0.09433691876884338,0.09433691876884338,0.09433691876884338,0.09433691876884338,0.09433691876884338,0.09433691876884338,0.09433691876884338,0.09433691876884338,0.09433691876884338,0.09433691876884338,0.09433691876884338,0.09433691876884338,0.09433691876884338,0.09433691876884338,0.09433691876884338,0.09433691876884338,0.09433691876884338,0.09433691876884338,0.09433691876884338,0.09433691876884338,0.09433691876884338,0.09433691876884338,0.09433691876884338,0.09433691876884338,0.09433691876884338,0.09433691876884338,0.09433691876884338,0.09433691876884338,0.09433691876884338,0.09433691876884338,0.09433691876884338,0.09433691876884338,0.09433691876884338,0.09433691876884338,0.09433691876884338,0.09433691876884338,0.09433691876884338,0.09433691876884338,0.09433691876884338,0.09433691876884338,0.09433691876884338,0.09433691876884338,0.09433691876884338,0.09433691876884338,0.09433691876884338,0.09433691876884338,0.09433691876884338,0.09433691876884338,0.09433691876884338,0.09433691876884338,0.09433691876884338,0.09433691876884338,0.09433691876884338,0.09433691876884338,0.09433691876884338,0.09433691876884338,0.09433691876884338,0.09433691876884338,0.09433691876884338,0.09433691876884338,0.09433691876884338,0.09433691876884338,0.09433691876884338,0.09433691876884338,0.09433691876884338,0.09433691876884338,0.09433691876884338,0.09433691876884338,0.09433691876884338,0.09433691876884338,0.09433691876884338,0.09433691876884338,0.09433691876884338,0.09433691876884338,0.09433691876884338,0.09433691876884338,0.09433691876884338,0.09433691876884338,0.09433691876884338,0.09433691876884338,0.09433691876884338,0.09433691876884338,0.09433691876884338,0.09433691876884338,0.09433691876884338,0.09433691876884338,0.09433691876884338,0.09433691876884338,0.09433691876884338,0.09433691876884338,0.09433691876884338,0.09433691876884338,0.09433691876884338,0.09433691876884338,0.09433691876884338,0.09433691876884338,0.09433691876884338,0.09433691876884338,0.09433691876884338,0.09433691876884338,0.09433691876884338,0.09433691876884338,0.09433691876884338,0.09433691876884338,0.09433691876884338,0.09433691876884338,0.09433691876884338,0.09433691876884338,0.09433691876884338,0.09433691876884338,0.09433691876884338,0.09433691876884338,0.09433691876884338,0.09433691876884338,0.09433691876884338,0.09433691876884338,0.09433691876884338,0.09433691876884338,0.09433691876884338,0.09433691876884338,0.09433691876884338,0.09433691876884338,0.09433691876884338,0.09433691876884338,0.09433691876884338,0.09433691876884338,0.09433691876884338,0.09433691876884338,0.09433691876884338,0.09433691876884338,0.09433691876884338,0.09433691876884338,0.09433691876884338,0.09433691876884338,0.09433691876884338,0.09433691876884338,0.09433691876884338,0.09433691876884338,0.09433691876884338,0.09433691876884338,0.09433691876884338,0.09433691876884338,0.09433691876884338,0.09433691876884338,0.09433691876884338,0.09433691876884338,0.09433691876884338,0.09433691876884338,0.09433691876884338,0.09433691876884338,0.09433691876884338,0.09433691876884338,0.09433691876884338,0.09433691876884338,0.09433691876884338,0.09433691876884338,0.09433691876884338,0.09433691876884338,0.09433691876884338,0.09433691876884338,0.09433691876884338,0.09433691876884338,0.09433691876884338,0.09433691876884338,0.09433691876884338,0.09433691876884338,0.09433691876884338,0.09433691876884338,0.09433691876884338,0.09433691876884338,0.09433691876884338,0.09433691876884338,0.09433691876884338,0.09433691876884338,0.09433691876884338,0.09433691876884338,0.09433691876884338,0.09433691876884338,0.09433691876884338,0.09433691876884338,0.09433691876884338,0.09433691876884338,0.09433691876884338,0.09433691876884338,0.09433691876884338,0.09433691876884338,0.09433691876884338,0.09433691876884338,0.09433691876884338,0.09433691876884338,0.09433691876884338,0.09433691876884338,0.09433691876884338,0.09433691876884338,0.09433691876884338,0.09433691876884338,0.09433691876884338,0.09433691876884338,0.09433691876884338,0.09433691876884338,0.09433691876884338,0.09433691876884338,0.09433691876884338,0.09433691876884338,0.09433691876884338,0.09433691876884338,0.09433691876884338,0.09433691876884338,0.09433691876884338,0.09433691876884338,0.09433691876884338,0.09433691876884338,0.09433691876884338,0.09433691876884338,0.09433691876884338,0.09433691876884338,0.09433691876884338,0.09433691876884338,0.09433691876884338,0.09433691876884338,0.09433691876884338,0.09433691876884338,0.09433691876884338,0.09433691876884338,0.09433691876884338,0.09433691876884338,0.09433691876884338,0.09433691876884338,0.09433691876884338,0.09433691876884338,0.09433691876884338,0.09433691876884338,0.09433691876884338,0.09433691876884338,0.09433691876884338,0.09433691876884338,0.09433691876884338,0.09433691876884338,0.09433691876884338,0.09433691876884338,0.09433691876884338,0.09433691876884338,0.09433691876884338,0.09433691876884338,0.09433691876884338,0.09433691876884338,0.09433691876884338,0.09433691876884338,0.09433691876884338,0.09433691876884338,0.09433691876884338,0.09433691876884338,0.09433691876884338,0.09433691876884338,0.09433691876884338,0.09433691876884338,0.09433691876884338,0.09433691876884338,0.09433691876884338,0.09433691876884338,0.09433691876884338,0.09433691876884338,0.09433691876884338,0.09433691876884338,0.09433691876884338,0.09433691876884338,0.09433691876884338,0.09433691876884338,0.09433691876884338,0.09433691876884338,0.09433691876884338,0.09433691876884338,0.09433691876884338,0.09433691876884338,0.09433691876884338,0.09433691876884338,0.09433691876884338,0.09433691876884338,0.09433691876884338,0.09433691876884338,0.09433691876884338,0.09433691876884338,0.09433691876884338,0.09433691876884338,0.09433691876884338,0.09433691876884338,0.09433691876884338,0.09433691876884338,0.09433691876884338,0.09433691876884338,0.09433691876884338,0.09433691876884338,0.09433691876884338,0.09433691876884338,0.09433691876884338,0.09433691876884338,0.09433691876884338,0.09433691876884338,0.09433691876884338,0.09433691876884338,0.09433691876884338,0.09433691876884338,0.09433691876884338,0.09433691876884338,0.09433691876884338,0.09433691876884338,0.09433691876884338,0.09433691876884338,0.09433691876884338,0.09433691876884338,0.09433691876884338,0.09433691876884338,0.09433691876884338,0.09433691876884338,0.09433691876884338,0.09433691876884338,0.09433691876884338,0.09433691876884338,0.09433691876884338,0.09433691876884338,0.09433691876884338,0.09433691876884338,0.09433691876884338,0.09433691876884338,0.09433691876884338,0.09433691876884338,0.09433691876884338,0.09433691876884338,0.09433691876884338,0.09433691876884338,0.09433691876884338,0.09433691876884338,0.09433691876884338,0.09433691876884338,0.09433691876884338,0.09433691876884338,0.09433691876884338,0.09433691876884338,0.09433691876884338,0.09433691876884338,0.09433691876884338,0.09433691876884338,0.09433691876884338,0.09433691876884338,0.09433691876884338,0.09433691876884338,0.09433691876884338,0.09433691876884338,0.09433691876884338,0.09433691876884338,0.09433691876884338,0.09433691876884338,0.09433691876884338,0.09433691876884338,0.09433691876884338,0.09433691876884338,0.09433691876884338,0.09433691876884338,0.09433691876884338,0.09433691876884338,0.09433691876884338,0.09433691876884338,0.09433691876884338,0.09433691876884338,0.09433691876884338,0.09433691876884338,0.09433691876884338,0.09433691876884338,0.09433691876884338,0.09433691876884338,0.09433691876884338,0.09433691876884338,0.09433691876884338,0.09433691876884338,0.09433691876884338,0.09433691876884338,0.09433691876884338,0.09433691876884338,0.09433691876884338,0.09433691876884338,0.09433691876884338,0.09433691876884338,0.09433691876884338,0.09433691876884338,0.09433691876884338,0.09433691876884338,0.09433691876884338,0.09433691876884338,0.09433691876884338,0.09433691876884338,0.09433691876884338,0.09433691876884338,0.09433691876884338,0.09433691876884338,0.09433691876884338,0.09433691876884338,0.09433691876884338,0.09433691876884338,0.09433691876884338,0.09433691876884338,0.09433691876884338,0.09433691876884338,0.09433691876884338,0.09433691876884338,0.09433691876884338,0.09433691876884338,0.09433691876884338,0.09433691876884338,0.09433691876884338,0.09433691876884338,0.09433691876884338,0.09433691876884338,0.09433691876884338,0.09433691876884338,0.09433691876884338,0.09433691876884338,0.09433691876884338,0.09433691876884338,0.09433691876884338,0.09433691876884338,0.09433691876884338,0.09433691876884338,0.09433691876884338,0.09433691876884338,0.09433691876884338,0.09433691876884338,0.09433691876884338,0.09433691876884338,0.09433691876884338,0.09433691876884338,0.09433691876884338,0.09433691876884338,0.09433691876884338,0.09433691876884338,0.09433691876884338,0.09433691876884338,0.09433691876884338,0.09433691876884338,0.09433691876884338,0.09433691876884338,0.09433691876884338,0.09433691876884338,0.09433691876884338,0.09433691876884338,0.09433691876884338,0.09433691876884338,0.09433691876884338,0.09433691876884338,0.09433691876884338,0.09433691876884338,0.09433691876884338,0.09433691876884338,0.09433691876884338,0.09433691876884338,0.09433691876884338,0.09433691876884338,0.09433691876884338,0.09433691876884338,0.09433691876884338,0.09433691876884338,0.09433691876884338,0.09433691876884338,0.09433691876884338,0.09433691876884338,0.09433691876884338,0.09433691876884338,0.09433691876884338,0.09433691876884338,0.09433691876884338,0.09433691876884338,0.09433691876884338,0.09433691876884338,0.09433691876884338,0.09433691876884338,0.09433691876884338,0.09433691876884338,0.09433691876884338,0.09433691876884338,0.09433691876884338,0.09433691876884338,0.09433691876884338,0.09433691876884338,0.09433691876884338,0.09433691876884338,0.09433691876884338,0.09433691876884338,0.09433691876884338,0.09433691876884338,0.09433691876884338,0.09433691876884338,0.09433691876884338,0.09433691876884338,0.09433691876884338,0.09433691876884338,0.09433691876884338,0.09433691876884338,0.09433691876884338,0.09433691876884338,0.09433691876884338,0.09433691876884338,0.09433691876884338,0.09433691876884338,0.09433691876884338,0.09433691876884338,0.09433691876884338,0.09433691876884338,0.09433691876884338,0.09433691876884338,0.09433691876884338,0.09433691876884338,0.09433691876884338,0.09433691876884338,0.09433691876884338,0.09433691876884338,0.09433691876884338,0.09433691876884338,0.09433691876884338,0.09433691876884338,0.09433691876884338,0.09433691876884338,0.09433691876884338,0.09433691876884338,0.09433691876884338,0.09433691876884338,0.09433691876884338,0.09433691876884338,0.09433691876884338,0.09433691876884338,0.09433691876884338,0.09433691876884338,0.09433691876884338,0.09433691876884338,0.09433691876884338,0.09433691876884338,0.09433691876884338,0.09433691876884338,0.09433691876884338,0.09433691876884338,0.09433691876884338,0.09433691876884338,0.09433691876884338,0.09433691876884338,0.09433691876884338,0.09433691876884338,0.09433691876884338,0.09433691876884338,0.09433691876884338,0.09433691876884338,0.09433691876884338,0.09433691876884338,0.09433691876884338,0.09433691876884338,0.0943369187688434,0.09433691876884338,0.09433691876884337,0.09433691876884338,0.09433691876884336,0.0943369187688434,0.09433691876884338,0.09433691876884337,0.0943369187688435,0.09433691876884344,0.0943369187688435,0.09433691876884345,0.09433691876884343,0.09433691876884343,0.09433691876884344,0.09433691876884344,0.09433691876884373,0.09433691876884358,0.09433691876884362,0.09433691876884356,0.09433691876884356,0.09433691876884356,0.09433691876884358,0.09433691876884359,0.09433691876884345,0.0943369187688436,0.09433691876884362,0.09433691876884365,0.09433691876884347,0.09433691876884343,0.09433691876884345,0.09433691876884347,0.09433691876884355,0.09433691876884341,0.09433691876884343,0.09433691876884341,0.09433691876884391,0.0943369187688426,0.09433691876884258,0.09433691876884258,0.09433691876884258,0.0943369187688426,0.09433691876884256,0.09433691876884254,0.09433691876884243,0.0943335555952209,0.09433355559522091,0.09433355559522091,0.0943335555952209,0.0943335555952209,0.0943335555952209,0.0943335555952209,0.09433355559522073,0.09433355559522033,0.09433355559522053,0.09433355559522047,0.09433355559522129,0.0943335555952213,0.09433355559522053,0.09433355559521901,0.09433355559521865,0.09433355559521865,0.09431113023841253,0.09431113023840972,0.09431113023840956,0.09431113023840935,0.09431113023840945,0.09431113023840944,0.09431113023840944,0.0943111302384084,0.09431113023840841,0.09431113023840824,0.0943111302384082,0.09431113023840815,0.09431113023840806,0.09431113023840951,0.09431113023841028,0.09431113023841035,0.09431113023841042,0.09431113023841042,0.09431113023840872,0.09431113023840869,0.09431113023840862,0.09431113023840872,0.09431113023840876,0.0943111302384087,0.09431113023840873,0.0943111302384087,0.09431113023840874,0.09431113023840856,0.09431113023840842,0.09431113023840847,0.0943111302384086,0.09431113023840901,0.09431113023840877,0.09431113023840859,0.0943111302384085,0.0943111302384085,0.09431113023840985,0.09431113023840958,0.09431113023840977,0.09431113023841085,0.09431113023841027,0.09431113023841053,0.09431113023841034,0.09431113023840998,0.09431113023841002,0.09431113023841031,0.09431113023841035,0.09431113023840958,0.09431113023840956,0.09431113023840963,0.0943111302384096,0.09431113023840977,0.09431113023840978,0.09431113023840998,0.09431113023841034,0.09431113023841003,0.0943111302384101,0.0943111302384101,0.0943111302384095,0.09431113023840956,0.09431113023840937,0.09431113023840941,0.09431113023840926,0.09431113023840915,0.09431113023840909,0.09431113023840902,0.09431113023840906,0.09431113023840888,0.09431113023840886,0.09431113023840892,0.09431113023840859,0.0943111302384085,0.09431113023840802,0.09431113023840815,0.09431113023840818,0.09431113023840935,0.09431113023840929,0.09431113023840941,0.09431113023840951,0.09431113023840956,0.09431113023840948,0.09431113023840958,0.09431113023840965,0.09431113023840948,0.09431113023840951,0.09431113023840948,0.09431113023840969,0.09431113023840994,0.09431113023840994,0.09431113023840992,0.09431113023841,0.09431113023841037,0.0943111302384107,0.09431113023841062,0.0943111302384107,0.09431113023841035,0.09431113023841026,0.09431113023841028,0.09431113023841031,0.09431113023841012,0.09431113023840988,0.09431113023841081,0.09431113023841081,0.0943111302384109,0.09431113023841091,0.09431113023841071,0.09431113023841138,0.09431113023841133,0.09431113023841135,0.0943111302384118,0.09431113023841188,0.0943111302384119,0.09431113023841191,0.09431113023841205,0.09431113023841206,0.09431113023841198,0.09431113023841182,0.09431113023841188,0.09431113023841203,0.09431113023841196,0.09431113023841202,0.094311130238412,0.0943111302384119,0.09431113023841185,0.09431113023841176,0.09431113023841178,0.09431113023841184,0.09431113023841207,0.09431113023841226,0.09431113023841226,0.09431113023841223,0.09431113023841155,0.09431113023841155,0.09431113023841153,0.09431113023841155,0.0943111302384116,0.09431113023841166,0.09431113023841173,0.09431113023841163,0.09431113023841166,0.09431113023841169,0.09431113023841171,0.09431113023841176,0.09431113023841185,0.0943111302384113,0.09431113023841126,0.09431113023841135,0.09431113023841148,0.09431113023841153,0.09431113023841155,0.09431113023841155,0.0943111302384116,0.09431113023841163,0.09431113023841191,0.09431113023841181,0.09431113023841207,0.09431113023841209,0.09431113023841217,0.09431113023841205,0.0943111302384139,0.09431113023841395,0.09431113023841473,0.09431113023841471,0.09431113023841446,0.09431113023841439,0.09431113023841384,0.09431113023841384,0.09431113023841521,0.09431113023841504,0.09431113023841249,0.09431113023841244,0.09431113023841242,0.09431113023841321,0.09431113023841318,0.09431113023841324,0.09431113023841321,0.09431113023841348,0.09431113023841356,0.09431113023841355,0.09431113023841353,0.09431113023841356,0.09431113023841355,0.09431113023841355,0.09431113023841466,0.09431113023841502,0.09431113023841467,0.09431113023841435,0.09431113023841432,0.09431113023841457,0.0943111302384146,0.09431113023841459,0.09431113023841449,0.09431113023841509,0.09431113023841563,0.09431113023841574,0.09431113023841574,0.09431113023841572,0.09431113023841567,0.09431113023841566,0.09431113023841559,0.09431113023841552,0.09431113023841553,0.0943111302384155,0.09431113023841504,0.09431113023841481,0.09431113023841473,0.09431113023841463,0.09431113023841455,0.09431113023841463,0.09431113023841468,0.0943111302384146,0.09431113023841613,0.09431113023841611,0.09431113023841659,0.09431113023841624,0.09431113023841661,0.09431113023841642,0.09431113023841631,0.09431113023841643,0.09431113023841667,0.09431113023841672,0.09431113023841674,0.09431113023841707,0.09431113023841728,0.09431113023841657,0.09431113023841665,0.09431113023841688,0.09431113023841693,0.09431113023841702,0.09431113023841693,0.09431113023841761,0.0943111302384175,0.09431113023841753,0.09431113023841728,0.09431113023841874,0.09431113023841957,0.09431113023841894,0.0943111302384189,0.09431113023842001,0.09431113023841987,0.09431113023841893,0.09431113023841926,0.09431113023841926,0.09431113023841928,0.0943111302384199,0.0943111302384203,0.09431113023842025,0.09431113023841993,0.09431113023841974,0.0943111302384197,0.09431113023841992,0.09431113023842008,0.09431113023842011,0.09431113023842014,0.09431113023842011,0.09431113023842,0.09431113023842003,0.09431113023842085,0.09431113023842087,0.09431113023842154,0.09431113023842151,0.09431113023842151,0.09431113023842078,0.09431113023842076,0.09431113023842087,0.09431113023842087,0.09431113023842082,0.09431113023842073,0.09431113023842051,0.0943111302384206,0.09431113023842062,0.09431113023842076,0.09431113023842112,0.0943111302384212,0.09431113023842112,0.09431113023842146,0.0943111302384209,0.09431113023842094,0.09431113023841922,0.09431113023841904,0.09431113023841899,0.09431113023841921,0.09431113023841928,0.09431113023841925,0.09431113023841917,0.0943111302384191,0.09431113023841904,0.09431113023841928,0.09431113023841943,0.09431113023841783,0.09431113023841786,0.09431113023841742,0.09431113023841743,0.09431113023841736,0.09431113023841727,0.09431113023841715,0.0943111302384171,0.09431113023841795,0.09431113023841789,0.0943111302384177,0.0943111302384177,0.09431113023841768,0.09431113023841765,0.0943111302384177,0.0943111302384173,0.09431113023841735,0.09431113023841756,0.09431113023841761,0.09431113023841774,0.09431113023841779,0.0943111302384177,0.09431113023841774,0.09431113023841743,0.09431113023841738,0.09431113023841727,0.09431113023841756,0.09431113023841735,0.09431113023841758,0.09431113023841739,0.0943111302384176,0.09431113023841814,0.0943111302384182,0.09431113023841808,0.09431113023841689,0.094311130238417,0.09431113023841665,0.09431113023841653,0.09431113023841674,0.09431113023841672,0.09431113023841665,0.0943111302384167,0.09431113023841661,0.0943111302384156,0.09431113023841572,0.09431113023841513,0.09431113023841563,0.0943111302384164,0.09431113023841632,0.09431113023841634,0.09431113023841632,0.09431113023841607,0.09431113023841615,0.09431113023841713,0.0943111302384171,0.094311130238417,0.09431113023841697,0.0943111302384172,0.09431113023841702,0.09431113023841685,0.09431113023841685,0.09431113023841685,0.0943111302384167,0.0943111302384167,0.0943111302384168,0.09431113023841753,0.09431113023841776,0.09431113023841763,0.09431113023841767,0.0943111302384176,0.09431113023841763,0.09431113023841761,0.09431113023841774,0.09431113023841772,0.09431113023841768,0.09431113023841768,0.09431113023841751,0.09431113023841754,0.09431113023841757,0.09431113023841768,0.09431113023841758,0.0943111302384176,0.09431113023841757,0.09431113023841763,0.09431113023841761,0.09431113023841745,0.09431113023841745,0.09431113023841743,0.09431113023841803,0.09431113023841785,0.0943111302384179,0.09431113023841771,0.09431113023841797,0.09431113023841795,0.09431113023841774,0.09431113023841743,0.09431113023841738,0.09431113023841735,0.09431113023841745,0.09431113023841758,0.09431113023841757,0.09431113023841603,0.09431113023841582,0.09431113023841592,0.09431113023841599,0.0943111302384161,0.09431113023841613,0.09431113023841624,0.09431113023841634,0.09431113023841632,0.0943111302384164,0.09431113023841614,0.09431113023841621,0.09431113023841617,0.09431113023841677,0.09431113023841674,0.09431113023841749,0.0943111302384176,0.09431113023841758,0.09431113023841728,0.0943111302384173,0.09431113023841768,0.09431113023841768,0.09431113023841764,0.09431113023841763,0.0943111302384164,0.09431113023841647,0.09431113023841636,0.09431113023841492,0.09431113023841489,0.094311130238415,0.09431113023841496,0.09431113023841495,0.09431113023841495,0.09431113023841511,0.0943111302384151,0.09431113023841588,0.09431113023841599,0.09431113023841599,0.09431113023841597,0.09431113023841618,0.09431113023841611,0.09431113023841614,0.09431113023841603,0.09431113023841604,0.09431113023841599,0.09431113023841582,0.09431113023841572,0.0943111302384159,0.09431113023841603,0.09431113023841602,0.09431113023841607,0.0943111302384162,0.09431113023841611,0.09431113023841622,0.0943111302384163,0.09431113023841628,0.09431113023841638,0.09431113023841663,0.0943111302384166,0.09431113023841657,0.09431113023841642,0.09431113023841643,0.0943111302384149,0.09431113023841471,0.09431113023841464,0.09431113023841464,0.09431113023841405,0.09431113023841396,0.09431113023841407,0.094311130238414,0.09431113023841499,0.09431113023841499,0.09431113023841499,0.09431113023841503,0.09431113023841502,0.09431113023841509,0.09431113023841502,0.09431113023841507,0.09431113023841517,0.0943111302384153,0.09431113023841532,0.0943111302384153,0.0943111302384153,0.09431113023841554,0.09431113023841554,0.09431113023841556,0.09431113023841545,0.09431113023841539,0.09431113023841509,0.09431113023841525,0.0943111302384151,0.09431113023841514,0.09431113023841502,0.09431113023841511,0.09431113023841516,0.09431113023841525,0.09431113023841524,0.09431113023841523,0.09431113023841556,0.094311130238416,0.09431113023841597,0.09431113023841588,0.09431113023841574,0.09431113023841563,0.0943111302384154,0.09431113023841521,0.09431113023841524,0.09431113023841524,0.09431113023841524,0.09431113023841524,0.09431113023841524,0.09431113023841534,0.09431113023841528,0.09431113023841532,0.09431113023841566,0.0943111302384157,0.0943111302384157,0.09431113023841578,0.09431113023841602,0.09431113023841622,0.09431113023841611,0.09431113023841707,0.09431113023841696,0.09431113023841763,0.09431113023841776,0.0943111302384181,0.09431113023841844,0.09431113023841824,0.09431113023841833,0.09431113023841863,0.09431113023841906,0.09431113023841933,0.09431113023841953,0.09431113023841976,0.09431113023841992,0.09431113023841989,0.09431113023842054,0.09431113023842119,0.09431113023842197,0.09431113023842189,0.09431113023842204,0.09431113023842222,0.09431113023842261,0.0943111302384226,0.09431113023842272,0.09431113023842254,0.09431113023842236,0.09431113023842234,0.09431113023842234,0.09431113023842214,0.0943111302384223,0.09431113023842227,0.09431113023842212,0.09431113023842216,0.09431113023842239,0.09431113023842262,0.09431113023842275,0.09431113023842323,0.09431113023842322,0.0943111302384232,0.09431113023842318,0.09431113023842318,0.09431113023842325,0.09431113023842334,0.09431113023842334,0.09431113023842337,0.09431113023842341,0.09431113023842351,0.09431113023842345,0.09431113023842344,0.0943111302384237,0.09431113023842388,0.09431113023842444,0.09431113023842444,0.09431113023842436,0.09431113023842431,0.09431113023842436,0.09431113023842433,0.09431113023842433,0.09431113023842447,0.09431113023842481,0.0943111302384248,0.09431113023842498,0.09431113023842494,0.09431113023842543,0.09431113023842533,0.09431113023842588,0.09431113023842541,0.09431113023842544,0.09431113023842441,0.0943111302384247,0.0943111302384247,0.09431113023842493,0.09431113023842495,0.09431113023842498,0.0943111302384252,0.09431113023842533,0.09431113023842527,0.09431113023842534,0.0943111302384254,0.09431113023842541,0.09431113023842526,0.09431113023842477,0.0943111302384246,0.09431113023842463,0.0943111302384247,0.09431113023842475,0.09431113023842475,0.09431113023842477,0.09431113023842369,0.09431113023842366,0.09431113023842382,0.09431113023842376,0.0943111302384238,0.09431113023842369,0.09431113023842351,0.0943111302384223,0.09431113023842226,0.0943111302384227,0.0943111302384226,0.09431113023842265,0.09431113023842304,0.09431113023842289,0.09431113023842295,0.09431113023842295,0.09431113023842293,0.09431113023842264,0.09431113023842268,0.09431113023842266,0.09431113023842269,0.09431113023842265,0.09431113023842243,0.0943111302384224,0.09431113023842226,0.09431113023842233,0.09431113023842287,0.09431113023842276,0.09431113023842276,0.09431113023842251,0.09431113023842255,0.09431113023842276,0.09431113023842269,0.0943111302384228,0.09431113023842265,0.09431113023842286,0.09431113023842314,0.09431113023842312,0.09431113023842302,0.09431113023842316,0.09431113023842419,0.09431113023842425,0.09431113023842415,0.09431113023842375,0.09431113023842355,0.09431113023842377,0.09431113023842425,0.09431113023842441,0.09431113023842434,0.0943111302384244,0.09431113023842443,0.09431113023842466,0.0943111302384242,0.09431113023842416,0.09431113023842412,0.09431113023842408,0.0943111302384241,0.09431113023842423,0.09431113023842425,0.09431113023842487,0.09431113023842479,0.09431113023842459,0.09431113023842458,0.09431113023842451,0.094311130238425,0.09431113023842516,0.0943111302384251,0.09431113023842515,0.09431113023842509,0.09431113023842513,0.09431113023842479,0.09431113023842472,0.09431113023842483,0.09431113023842448,0.09431113023842476,0.0943111302384245,0.0943111302384245,0.09431113023842508,0.09431113023842509,0.09431113023842509,0.09431113023842505,0.09431113023842509,0.09431113023842574,0.0943111302384262,0.09431113023842624,0.09431113023842623,0.09431113023842624,0.09431113023842617,0.09431113023842623,0.0943111302384261,0.09431113023842609,0.09431113023842616,0.09431113023842623,0.09431113023842613,0.09431113023842601,0.094311130238426,0.09431113023842647,0.09431113023842641,0.09431113023842592,0.09431113023842597,0.09431113023842584,0.09431113023842583,0.09431113023842583,0.09431113023842573,0.09431113023842551,0.0943111302384257,0.0943111302384257,0.09431113023842445,0.0943111302384245,0.09431113023842443,0.09431113023842438,0.0943111302384243,0.09431113023842431,0.09431113023842458,0.09431113023842462,0.09431113023842483,0.09431113023842483,0.0943111302384249,0.09431113023842495,0.09431113023842497,0.09431113023842501,0.09431113023842501,0.09431113023842491,0.09431113023842497,0.09431113023842501,0.094311130238425,0.09431113023842491,0.09431113023842487,0.09431113023842484,0.09431113023842479,0.09431113023842473,0.09431113023842484,0.09431113023842483,0.09431113023842409,0.09431113023842398,0.09431113023842387,0.09431113023842402,0.09431113023842458,0.09431113023842458,0.0943111302384246,0.09431113023842451,0.09431113023842456,0.09431113023842456,0.09431113023842458,0.09431113023842456,0.0943111302384243,0.09431113023842418,0.09431113023842458,0.09431113023842456,0.09431113023842477,0.09431113023842508,0.09431113023842508,0.09431113023842506,0.09431113023842509,0.0943111302384251,0.09431113023842509,0.09431113023842512,0.09431113023842515,0.09431113023842516,0.09431113023842516,0.09431113023842516,0.09431113023842541,0.09431113023842541,0.09431113023842533,0.09431113023842526,0.09431113023842574,0.09431113023842577,0.09431113023842574,0.09431113023842565,0.09431113023842605,0.09431113023842601,0.09431113023842608,0.09431113023842623,0.09431113023842617,0.09431113023842624,0.09431113023842642,0.09431113023842638,0.09431113023842637,0.09431113023842613,0.09431113023842617,0.09431113012517395,0.09431113012517406,0.09431113012517404,0.09431113012517414,0.09431113012517414,0.09431113012517423,0.09431113012517414,0.09431113012517427,0.09431113012517446,0.09431113012517489,0.09431113012517496,0.0943111301251749,0.09431113012517497,0.09431113012517497,0.09431113012517497,0.09431113012517497,0.094311130125175,0.09431113012517506,0.09431113012517414,0.09431113012517432,0.09431113012517438,0.09431113012517435,0.09431113012517436,0.09431113012517435,0.0943111301251743,0.09431113012517434,0.09431113012517431,0.09431113012517431,0.09431113012517431,0.09431113012517425,0.09431113012517431,0.09431113012517414,0.0943111301251744,0.09431113012517438,0.09431113012517434,0.09431113012517432,0.09431113012517438,0.09431113012517434,0.09431113012517439,0.09431113012517468,0.09431113012517477,0.09431113012517454,0.09431113012517454,0.0943111301251744,0.09431113012517445,0.09431113012517457,0.09431113012517447,0.09431113012517446,0.09431113012517449,0.09431113012517488,0.09431113012517489,0.09431113012517489,0.09431113012517468,0.09431113012517471,0.0943111301251747,0.09431113012517474,0.09431113012517463,0.09431113012517454,0.09431113012517457,0.09431113012517488,0.09431113012517461,0.09431113012517464,0.09431113012517464,0.09431113012517468,0.09431113012517459,0.09431113012517497,0.09431113012517489,0.094311130125175,0.09431113012517499,0.09431113012517489,0.09431113012517482,0.09431113012517456,0.09431113012517447,0.09431113012517443,0.09431113012517417,0.09431113012517414,0.0943111301251741,0.09431113012517447,0.09431113012517447,0.09431113012517449,0.09431113012517464,0.0943111301251746,0.09431113012517471,0.09431113012517481,0.09431113012517496,0.0943111301251749,0.09431113012517478,0.09431113012517481,0.09431113012517492,0.09431113012517496,0.09431113012517507,0.09431113012517509,0.09431113012517539,0.09431113012517571,0.0943111301251757,0.09431113012517596,0.09431113012517589,0.09431113012517596,0.09431113012517592,0.09431113012517595,0.09431113012517596,0.09431113012517597,0.09431113012517595,0.09431113012517597,0.09431113012517593,0.09431113012517595,0.09431113012517583,0.09431113012517586,0.09431113012517581,0.09431113012517588,0.09431113012517583,0.09431113012517597,0.09431113012517595,0.09431113012517595,0.09431113012517592,0.09431113012517585,0.09431113012517589,0.09431113012517592,0.09431113012517588,0.09431113012517588,0.09431113012517588,0.09431113012517583,0.09431113012517586,0.09431113012517557,0.09431113012517557,0.09431113012517561,0.09431113012517568,0.09431113012517572,0.09431113012517571,0.09431113012517572,0.09431113012517577,0.09431113012517542,0.09431113012517545,0.09431113012517547,0.09431113012517538,0.09431113012517538,0.09431113012517539,0.09431113012517531,0.09431113012517539,0.09431113012517534,0.09431113012517543,0.09431113012517545,0.09431113012517522,0.09431113012517522,0.09431113012517522,0.09431113012517538,0.09431113012517531,0.09431113012517534,0.09431113012517531,0.09431113012517532,0.0943111301251754,0.09431113012517545,0.09431113012517539,0.0943111301251754,0.0943111301251754,0.09431113012517538,0.0943111301251749,0.09431113012517489,0.09431113012517493,0.0943111301251749,0.09431113012517485,0.09431113012517488,0.0943111301251749,0.09431113012517486,0.0943111301251749,0.09431113012517488,0.09431113012517489,0.09431113012517489,0.09431113012517484,0.09431113012517489,0.0943111301251749,0.09431113012517488,0.09431113012517489,0.09431113012517488,0.09431113012517486,0.09431113012517488,0.09431113012517489,0.09431113012517489,0.0943111301251749,0.09431113012517489,0.0943111301251749,0.09431113012517489,0.09431113012517489,0.09431113012517495,0.09431113012517489,0.09431113012517496,0.09431113012517492,0.09431113012517493,0.09431113012517489,0.09431113012517489,0.0943111301251749,0.09431113012517489,0.09431113012517489,0.0943111301251749,0.09431113012517489,0.09431113012517492,0.09431113012517489,0.09431113012517484,0.09431113012517485,0.09431113012517486,0.09431113012517486,0.09431113012517489,0.09431113012517484,0.09431113012517486,0.09431113012517484,0.09431113012517488,0.09431113012517482,0.09431113012517482,0.09431113012517488,0.09431113012517485,0.09431113012517486,0.09431113012517485,0.09431113012517486,0.09431113012517485,0.09431113012517485,0.09431113012517486,0.09431113012517485,0.09431113012517485,0.09431113012517485,0.09431113012517486,0.09431113012517486,0.09431113012517486,0.09431113012517485,0.09431113012517484,0.09431113012517486,0.09431113012517486,0.09431113012517488,0.09431113012517486,0.09431113012517481,0.09431113012517486,0.09431113012517486,0.09431113012517481,0.09431113012517486,0.09431113012517481,0.09431113012517481,0.09431113012517484,0.09431113012517482,0.09431113012517484,0.09431113012517489,0.09431113012517486,0.09431113012517488,0.09431113012517484,0.0943111301251749,0.09431113012517484,0.09431113012517492,0.09431113012517486,0.09431113012517488,0.09431113012517488,0.09431113012517484,0.09431113012517482,0.09431113012517484,0.09431113012517484,0.09431113012517482,0.09431113012517481,0.09431113012517482,0.09431113012517482,0.09431113012517482,0.09431113012517481,0.09431113012517486,0.09431113012517485,0.09431113012517485,0.09431113012517484,0.09431113012517485,0.09431113012517485,0.09431113012517488,0.09431113012517482,0.09431113012517484,0.09431113012517482,0.09431113012517484,0.09431113012517484,0.09431113012517484,0.09431113012517484,0.09431113012517482,0.09431113012517482,0.0943111301251748,0.09431113012517484,0.09431113012517481,0.09431113012517485,0.09431113012517481,0.0943111301251748,0.0943111301251748,0.09431113012517481,0.09431113012517482,0.09431113012517481,0.09431113012517486,0.09431113012517481,0.09431113012517484,0.09431113012517486,0.09431113012517488,0.09431113012517484,0.09431113012517482,0.0943111301251748,0.09431113012517482,0.09431113012517485,0.09431113012517482,0.09431113012517484,0.09431113012517482,0.09431113012517484,0.0943111301251748,0.09431113012517486,0.09431113012517482,0.09431113012517485,0.0943111301251748,0.09431113012517485,0.09431113012517481,0.09431113012517484,0.09431113012517484,0.09431113012517481,0.09431113012517482,0.09431113012517484,0.09431113012517477,0.09431113012517488,0.09431113012517484,0.09431113012517484,0.09431113012517484,0.09431113012517482,0.09431113012517482,0.0943111301251749,0.09431113012517488,0.09431113012517489,0.09431113012517489,0.09431113012517489,0.09431113012517489,0.09431113012517486,0.09431113012517489,0.09431113012517488,0.09431113012517488,0.09431113012517484,0.09431113012517488,0.09431113012517486,0.09431113012517488,0.09431113012517489,0.09431113012517485,0.0943111301251749,0.09431113012517482,0.09431113012517489,0.09431113012517485,0.0943111301251749,0.09431113012517488,0.09431113012517488,0.09431113012517488,0.09431113012517485,0.09431113012517482,0.09431113012517482,0.09431113012517482,0.09431113012517484,0.09431113012517489,0.0943111301251748,0.09431113012517481,0.0943111301251748,0.09431113012517484,0.09431113012517485,0.09431113012517486,0.09431113012517485,0.09431113012517484,0.09431113012517485,0.09431113012517481,0.09431113012517485,0.09431113012517485,0.09431113012517489,0.09431113012517486,0.09431113012517486,0.09431113012517486,0.09431113012517488,0.09431113012517482,0.09431113012517481,0.09431113012517482,0.09431113012517482,0.09431113012517481,0.09431113012517482,0.09431113012517484,0.09431113012517481,0.09431113012517481,0.09431113012517482,0.09431113012517482,0.09431113012517482,0.09431113012517484,0.09431113012517484,0.09431113012517482,0.09431113012517484,0.09431113012517482,0.0943111301251748,0.09431113012517486,0.09431113012517485,0.09431113012517484,0.09431113012517485,0.09431113012517484,0.09431113012517486,0.09431113012517485,0.09431113012517484,0.09431113012517486,0.09431113012517485,0.09431113012517485,0.09431113012517484,0.09431113012517486,0.09431113012517486,0.09431113012517488,0.09431113012517484,0.09431113012517484,0.09431113012517482,0.09431113012517484,0.09431113012517482,0.09431113012517482,0.09431113012517482,0.09431113012517482,0.09431113012517482,0.09431113012517482,0.09431113012517484,0.09431113012517484,0.09431113012517482,0.0943111301251748,0.09431113012517488,0.0943111301251748,0.09431113012517482,0.09431113012517481,0.0943111301251748,0.0943111301251748,0.09431113012517484,0.09431113012517484,0.09431113012517482,0.09431113012517481,0.09431113012517481,0.09431113012517481,0.09431113012517482,0.0943111301251748,0.09431113012517481,0.09431113012517481,0.09431113012517486,0.09431113012517481,0.09431113012517481,0.09431113012517485,0.09431113012517484,0.09431113012517484,0.09431113012517485,0.09431113012517484,0.09431113012517485,0.09431113012517485,0.09431113012517486,0.09431113012517485,0.09431113012517485,0.09431113012517486,0.09431113012517486,0.09431113012517486,0.09431113012517485,0.09431113012517488,0.0943111301251748,0.09431113012517481,0.09431113012517486,0.09431113012517481,0.09431113012517488,0.09431113012517486,0.09431113012517485,0.09431113012517484,0.09431113012517484,0.09431113012517485,0.09431113012517488,0.09431113012517486,0.09431113012517485,0.09431113012517486,0.09431113012517486,0.09431113012517488,0.09431113012517485,0.09431113012517484,0.09431113012517485,0.0943111301251748,0.09431113012517489,0.09431113012517488,0.0943111301251749,0.09431113012517486,0.09431113012517485,0.09431113012517488,0.09431113012517488,0.0943111301251748,0.0943111301251748,0.09431113012517481,0.0943111301251748,0.09431113012517481,0.0943111301251748,0.09431113012517481,0.09431113012517481,0.09431113012517481,0.09431113012517481,0.09431113012517481,0.09431113012517475,0.09431113012517477,0.0943111301251748,0.09431113012517474,0.09431113012517474,0.09431113012517475,0.09431113012517474,0.09431113012517475,0.09431113012517474,0.09431113012517475,0.09431113012517475,0.09431113012517474,0.09431113012517475,0.09431113012517475,0.09431113012517472,0.09431113012517472,0.09431113012517475,0.09431113012517477,0.09431113012517478,0.09431113012517472,0.09431113012517475,0.09431113012517475,0.09431113012517477,0.0943111301251748,0.09431113012517477,0.09431113012517477,0.09431113012517475,0.0943111301251748,0.09431113012517474,0.09431113012517474,0.09431113012517474,0.09431113012517471,0.09431113012517472,0.09431113012517475,0.09431113012517463,0.09431113012517472,0.09431113012517471,0.09431113012517472,0.09431113012517471,0.09431113012517471,0.09431113012517472,0.09431113012517475,0.09431113012517474,0.09431113012517472,0.09431113012517475,0.09431113012517475,0.09431113012517474,0.09431113012517475,0.09431113012517474,0.09431113012517475,0.09431113012517474,0.09431113012517474,0.09431113012517474,0.09431113012517474,0.09431113012517474,0.09431113012517474,0.09431113012517474,0.09431113012517472,0.09431113012517472,0.09431113012517474,0.09431113012517474,0.09431113012517475,0.09431113012517459,0.09431113012517466,0.09431113012517466,0.09431113012517466,0.09431113012517467,0.09431113012517464,0.09431113012517464,0.09431113012517463,0.09431113012517464,0.0943111301251746,0.09431113012517463,0.09431113012517461,0.09431113012517463,0.09431113012517463,0.09431113012517463,0.09431113012517464,0.09431113012517466,0.09431113012517466,0.09431113012517467,0.09431113012517466,0.09431113012517467,0.09431113012517466,0.09431113012517467,0.09431113012517468,0.09431113012517466,0.09431113012517466,0.09431113012517467,0.09431113012517466,0.09431113012517466,0.09431113012517466,0.09431113012517466,0.09431113012517467,0.09431113012517466,0.09431113012517468,0.09431113012517463,0.09431113012517463,0.09431113012517463,0.09431113012517464,0.09431113012517464,0.09431113012517464,0.09431113012517464,0.09431113012517464,0.09431113012517464,0.09431113012517463,0.09431113012517464,0.09431113012517463,0.09431113012517464,0.09431113012517463,0.09431113012517461,0.09431113012517463,0.09431113012517461,0.09431113012517461,0.09431113012517461,0.09431113012517464,0.09431113012517464,0.09431113012517463,0.09431113012517461,0.0943111301251746,0.09431113012517467,0.09431113012517466,0.09431113012517461,0.09431113012517464,0.09431113012517464,0.09431113012517463,0.09431113012517471,0.09431113012517466,0.09431113012517464,0.09431113012517463,0.09431113012517463,0.09431113012517463,0.09431113012517464,0.09431113012517464,0.09431113012517464,0.09431113012517464,0.09431113012517463,0.09431113012517464,0.09431113012517464,0.09431113012517464,0.09431113012517468,0.09431113012517461,0.09431113012517463,0.09431113012517468,0.09431113012517463,0.09431113012517464,0.09431113012517466,0.09431113012517461,0.09431113012517463,0.09431113012517464,0.09431113012517464,0.09431113012517463,0.09431113012517464,0.09431113012517464,0.09431113012517464,0.09431113012517463,0.09431113012517463,0.09431113012517468,0.09431113012517466,0.09431113012517467,0.09431113012517467,0.09431113012517467,0.09431113012517468,0.0943111301251747,0.09431113012517468,0.09431113012517464,0.09431113012517471,0.09431113012517467,0.09431113012517464,0.09431113012517464,0.09431113012517464,0.09431113012517464,0.09431113012517464,0.09431113012517464,0.09431113012517464,0.09431113012517463,0.09431113012517464,0.09431113012517463,0.09431113012517464,0.09431113012517464,0.09431113012517464,0.09431113012517464,0.09431113012517464,0.09431113012517463,0.09431113012517464,0.09431113012517463,0.09431113012517463,0.09431113012517464,0.09431113012517463,0.09431113012517464,0.09431113012517463,0.09431113012517463,0.09431113012517463,0.09431113012517464,0.09431113012517464,0.09431113012517471,0.09431113012517466,0.09431113012517466,0.09431113012517466,0.09431113012517464,0.09431113012517467,0.09431113012517466,0.09431113012517471,0.09431113012517471,0.09431113012517467,0.09431113012517467,0.09431113012517463,0.09431113012517463,0.09431113012517464,0.09431113012517464,0.09431113012517464,0.09431113012517464,0.09431113012517466,0.09431113012517464,0.09431113012517466,0.09431113012517464,0.09431113012517464,0.0943111301251746,0.09431113012517464,0.09431113012517467,0.09431113012517461,0.09431113012517468,0.09431113012517468,0.09431113012517463,0.09431113012517463,0.09431113012517464,0.09431113012517463,0.09431113012517463,0.09431113012517466,0.0943111301251746,0.09431113012517467,0.09431113012517463,0.09431113012517467,0.09431113012517461,0.09431113012517464,0.09431113012517463,0.09431113012517464,0.09431113012517463,0.09431113012517464,0.09431113012517463,0.0943111301251746,0.09431113012517464,0.09431113012517466,0.09431113012517463,0.09431113012517459,0.0943111301251746,0.09431113012517461,0.0943111301251746,0.0943111301251746,0.09431113012517457,0.0943111301251746,0.09431113012517453,0.09431113012517454,0.09431113012517454,0.09431113012517456,0.09431113012517456,0.09431113012517454,0.09431113012517457,0.09431113012517454,0.09431113012517456,0.09431113012517456,0.09431113012517456,0.09431113012517454,0.09431113012517456,0.09431113012517454,0.09431113012517456,0.09431113012517456,0.09431113012517457,0.09431113012517459,0.09431113012517459,0.09431113012517459,0.09431113012517461,0.09431113012517459,0.09431113012517463,0.0943111301251746,0.09431113012517461,0.0943111301251746,0.09431113012517464,0.09431113012517464,0.09431113012517461,0.0943111301251746,0.09431113012517461,0.0943111301251746,0.09431113012517464,0.09431113012517466,0.09431113012517463,0.09431113012517463,0.09431113012517461,0.09431113012517461,0.09431113012517461,0.0943111301251746,0.09431113012517461,0.09431113012517461,0.09431113012517459,0.09431113012517464,0.09431113012517464,0.09431113012517464,0.09431113012517464,0.09431113012517461,0.09431113012517464,0.09431113012517459,0.09431113012517457,0.0943111301251746,0.09431113012517461,0.09431113012517463,0.09431113012517459,0.0943111301251746,0.09431113012517463,0.09431113012517466,0.09431113012517456,0.0943111301251746,0.09431113012517457,0.09431113012517464,0.09431113012517461,0.09431113012517461,0.09431113012517463,0.09431113012517457,0.0943111301251746,0.0943111301251746,0.09431113012517463,0.0943111301251746,0.0943111301251746,0.09431113012517461,0.09431113012517463,0.09431113012517459,0.09431113012517478,0.0943111301251747,0.09431113012517471,0.09431113012517471,0.09431113012517472,0.09431113012517488,0.09431113012517474,0.0943111301251747,0.09431113012517471,0.09431113012517497,0.09431113012517481,0.09431113012517478,0.09431113012517481,0.09431113012517481,0.0943111301251755,0.09431113012517506,0.09431113012517504,0.09431113012517504,0.0943111301251751,0.09431113012517509,0.09431113012517507,0.09431113012517504,0.09431113012517507,0.09431113012517504,0.09431113012517507,0.09431113012517506,0.09431113012517502,0.09431113012517506,0.09431113012517504,0.09431113012517504,0.09431113012517506,0.09431113012517506,0.09431113012517504,0.09431113012517506,0.0943111301251751,0.09431113012517507,0.09431113012517506,0.09431113012517506,0.09431113012517506,0.09431113012517507,0.09431113012517504,0.09431113012517506,0.09431113012517503,0.09431113012517504,0.09431113012517503,0.09431113012517503,0.09431113012517504,0.09431113012517503,0.09431113012517503,0.09431113012517502,0.09431113012517506,0.09431113012517507,0.09431113012517504,0.09431113012517507,0.09431113012517504,0.09431113012517504,0.09431113012517503,0.094311130125175,0.09431113012517506,0.09431113012517506,0.09431113012517507,0.09431113012517502,0.09431113012517507,0.09431113012517503,0.09431113012517504,0.09431113012517504,0.09431113012517504,0.094311130125175,0.09431113012517506,0.09431113012517506,0.09431113012517506,0.09431113012517506,0.09431113012517506,0.09431113012517504,0.09431113012517507,0.09431113012517506,0.09431113012517503,0.09431113012517507,0.09431113012517504,0.09431113012517503,0.09431113012517503,0.09431113012517499,0.09431113012517506,0.09431113012517506,0.09431113012517506,0.09431113012517504,0.09431113012517504,0.09431113012517506,0.09431113012517506,0.09431113012517506,0.09431113012517504,0.09431113012517506,0.09431113012517504,0.09431113012517506,0.09431113012517503,0.09431113012517506,0.09431113012517503,0.09431113012517503,0.09431113012517502,0.09431113012517502,0.09431113012517503,0.09431113012517503,0.09431113012517504,0.09431113012517503,0.09431113012517502,0.09431113012517502,0.094311130125175,0.09431113012517504,0.09431113012517502,0.09431113012517506,0.09431113012517506,0.09431113012517506,0.09431113012517502,0.09431113012517507,0.09431113012517504,0.09431113012517503,0.09431113012517503,0.09431113012517504,0.09431113012517503,0.09431113012517504,0.09431113012517503,0.09431113012517503,0.09431113012517503,0.09431113012517504,0.09431113012517506,0.094311130125175,0.09431113012517506,0.09431113012517506,0.09431113012517504,0.09431113012517506,0.09431113012517506,0.09431113012517503,0.09431113012517503,0.09431113012517502,0.09431113012517499,0.09431113012517503,0.09431113012517503,0.09431113012517502,0.09431113012517504,0.09431113012517504,0.094311130125175,0.09431113012517502,0.09431113012517503,0.09431113012517497,0.094311130125175,0.094311130125175,0.094311130125175,0.09431113012517502,0.09431113012517502,0.09431113012517502,0.09431113012517499,0.094311130125175,0.09431113012517503,0.09431113012517496,0.09431113012517497,0.09431113012517503,0.09431113012517502,0.09431113012517496,0.09431113012517497,0.09431113012517499,0.09431113012517499,0.094311130125175,0.09431113012517499,0.09431113012517493,0.09431113012517497,0.09431113012517499,0.09431113012517497,0.09431113012517497,0.09431113012517499,0.09431113012517499,0.09431113012517497,0.09431113012517496,0.09431113012517497,0.09431113012517499,0.09431113012517499,0.09431113012517493,0.09431113012517497,0.09431113012517499,0.09431113012517497,0.09431113012517497,0.09431113012517497,0.09431113012517496,0.09431113012517497,0.09431113012517495,0.09431113012517496,0.09431113012517497,0.09431113012517496,0.09431113012517497,0.09431113012517493,0.09431113012517493,0.09431113012517497,0.09431113012517496,0.09431113012517496,0.09431113012517496,0.09431113012517496,0.09431113012517497,0.09431113012517496,0.09431113012517496,0.09431113012517495,0.09431113012517499,0.09431113012517496,0.09431113012517496,0.09431113012517495,0.09431113012517495,0.09431113012517495,0.09431113012517496,0.09431113012517489,0.09431113012517488,0.09431113012517496,0.09431113012517488,0.09431113012517492,0.09431113012517495,0.09431113012517493,0.09431113012517493,0.09431113012517493,0.09431113012517489,0.0943111301251749,0.09431113012517492,0.09431113012517492,0.09431113012517495,0.09431113012517488,0.09431113012517492,0.09431113012517492,0.09431113012517489,0.0943111301251749,0.0943111301251749,0.09431113012517493,0.09431113012517495,0.09431113012517489,0.09431113012517495,0.09431113012517495,0.09431113012517495,0.09431113012517496,0.09431113012517496,0.09431113012517495,0.09431113012517493,0.09431113012517496,0.09431113012517495,0.09431113012517481,0.0943111301251748,0.0943111301251748,0.0943111301251748,0.09431113012517474,0.09431113012517481,0.09431113012517481,0.0943111301251748,0.09431113012517481,0.09431113012517482,0.0943111301251748,0.09431113012517482,0.09431113012517482,0.09431113012517482,0.09431113012517484,0.09431113012517482,0.09431113012517481,0.09431113012517485,0.09431113012517478,0.0943111301251748,0.0943111301251748,0.0943111301251748,0.09431113012517485,0.0943111301251748,0.0943111301251748,0.09431113012517482,0.09431113012517481,0.09431113012517482,0.09431113012517481,0.09431113012517481,0.09431113012517478,0.09431113012517481,0.09431113012517481,0.0943111301251748,0.0943111301251748,0.0943111301251748,0.09431113012517482,0.09431113012517482,0.09431113012517482,0.09431113012517481,0.09431113012517481,0.09431113012517484,0.09431113012517484,0.09431113012517485,0.09431113012517484,0.09431113012517485,0.09431113012517485,0.09431113012517485,0.09431113012517485,0.09431113012517485,0.09431113012517482,0.09431113012517481,0.09431113012517484,0.09431113012517481,0.09431113012517484,0.09431113012517484,0.09431113012517484,0.09431113012517482,0.09431113012517484,0.09431113012517481,0.09431113012517482,0.09431113012517484,0.09431113012517484,0.09431113012517482,0.09431113012517484,0.09431113012517482,0.09431113012517481,0.09431113012517485,0.09431113012517485,0.09431113012517486,0.09431113012517484,0.09431113012517486,0.09431113012517484,0.09431113012517485,0.09431113012517485,0.09431113012517486,0.09431113012517484,0.09431113012517482,0.09431113012517484,0.09431113012517482,0.09431113012517482,0.09431113012517484,0.09431113012517481,0.09431113012517484,0.09431113012517481,0.09431113012517482,0.0943111301251748,0.09431113012517482,0.09431113012517482,0.0943111301251748,0.0943111301251748,0.0943111301251748,0.0943111301251748,0.09431113012517482,0.09431113012517481,0.0943111301251748,0.09431113012517481,0.0943111301251748,0.09431113012517481,0.09431113012517485,0.09431113012517484,0.09431113012517485,0.09431113012517485,0.09431113012517485,0.09431113012517484,0.09431113012517482,0.09431113012517485,0.09431113012517486,0.09431113012517485,0.09431113012517485,0.09431113012517484,0.09431113012517488,0.09431113012517488,0.09431113012517481,0.09431113012517488,0.09431113012517488,0.09431113012517481,0.09431113012517482,0.09431113012517482,0.09431113012517484,0.09431113012517482,0.09431113012517482,0.09431113012517481,0.09431113012517482,0.09431113012517482,0.09431113012517481,0.0943111301251748,0.09431113012517481,0.09431113012517486,0.09431113012517478,0.09431113012517485,0.09431113012517484,0.09431113012517485,0.09431113012517484,0.09431113012517485,0.09431113012517485,0.09431113012517486,0.0943111301251749,0.09431113012517486,0.09431113012517485,0.09431113012517488,0.09431113012517486,0.09431113012517486,0.09431113012517486,0.09431113012517485,0.09431113012517485,0.09431113012517486,0.09431113012517486,0.09431113012517486,0.09431113012517485,0.09431113012517486,0.09431113012517484,0.09431113012517484,0.09431113012517485,0.09431113012517488,0.09431113012517482,0.09431113012517484,0.09431113012517484,0.09431113012517482,0.09431113012517481,0.09431113012517481,0.09431113012517482,0.0943111301251748,0.09431113012517486,0.09431113012517484,0.09431113012517482,0.09431113012517484,0.09431113012517482,0.09431113012517481,0.09431113012517485,0.09431113012517485,0.09431113012517485,0.09431113012517489,0.09431113012517484,0.09431113012517488,0.09431113012517488,0.0943111301251748,0.09431113012517484,0.09431113012517484,0.09431113012517482,0.09431113012517481,0.09431113012517485,0.09431113012517484,0.09431113012517484,0.09431113012517485,0.09431113012517485,0.09431113012517485,0.09431113012517486,0.09431113012517485,0.09431113012517485,0.09431113012517484,0.09431113012517484,0.09431113012517489,0.09431113012517485,0.09431113012517485,0.09431113012517485,0.09431113012517481,0.09431113012517488,0.09431113012517482,0.09431113012517484,0.09431113012517484,0.09431113012517484,0.09431113012517486,0.09431113012517488,0.09431113012517484,0.09431113012517485,0.09431113012517484,0.09431113012517486,0.09431113012517486,0.09431113012517484,0.09431113012517485,0.09431113012517486,0.09431113012517489,0.09431113012517486,0.09431113012517489,0.09431113012517486,0.0943111301251749,0.09431113012517486,0.09431113012517488,0.09431113012517486,0.09431113012517486,0.09431113012517488,0.0943111301251749,0.09431113012517486,0.09431113012517481,0.09431113012517489,0.09431113012517484,0.09431113012517482,0.09431113012517482,0.09431113012517484,0.09431113012517484,0.09431113012517482,0.09431113012517482,0.09431113012517484,0.09431113012517485,0.09431113012517485,0.09431113012517485,0.09431113012517484,0.09431113012517488,0.09431113012517484,0.09431113012517486,0.09431113012517486,0.09431113012517486,0.09431113012517486,0.09431113012517482,0.09431113012517482,0.09431113012517488,0.0943111301251748,0.09431113012517481,0.09431113012517485,0.09431113012517485,0.09431113012517485,0.09431113012517486,0.09431113012517482,0.09431113012517484,0.09431113012517484,0.09431113012517482,0.09431113012517481,0.09431113012517488,0.09431113012517488,0.09431113012517489,0.09431113012517489,0.09431113012517489,0.09431113012517489,0.09431113012517478,0.09431113012517484,0.09431113012517485,0.0943111301251748,0.09431113012517486,0.0943111301251748,0.09431113012517485,0.09431113012517481,0.09431113012517481,0.09431113012517481,0.09431113012517481,0.09431113012517481,0.09431113012517481,0.09431113012517481,0.09431113012517485,0.09431113012517484,0.09431113012517485,0.09431113012517486,0.09431113012517484,0.09431113012517485,0.09431113012517484,0.09431113012517485,0.09431113012517485,0.09431113012517485,0.09431113012517484,0.09431113012517485,0.09431113012517488,0.09431113012517486,0.09431113012517486,0.09431113012517485,0.09431113012517486,0.09431113012517489,0.09431113012517481,0.09431113012517485,0.09431113012517486,0.0943111301251749,0.09431113012517484,0.09431113012517485,0.09431113012517485,0.09431113012517484,0.09431113012517485,0.09431113012517485,0.09431113012517489,0.09431113012517488,0.09431113012517488,0.09431113012517485,0.09431113012517486,0.09431113012517486,0.09431113012517486,0.09431113012517489,0.09431113012517489,0.09431113012517486,0.09431113012517486,0.09431113012517486,0.09431113012517485,0.09431113012517486,0.09431113012517481,0.09431113012517482,0.09431113012517484,0.09431113012517481,0.09431113012517481,0.09431113012517481,0.09431113012517486,0.09431113012517481,0.09431113012517481,0.09431113012517484,0.0943111301251748,0.0943111301251748,0.09431113012517481,0.0943111301251748,0.09431113012517481,0.09431113012517488,0.09431113012517481,0.09431113012517485,0.09431113012517485,0.09431113012517485,0.09431113012517485,0.09431113012517484,0.09431113012517485,0.09431113012517484,0.09431113012517485,0.09431113012517486,0.09431113012517485,0.09431113012517485,0.09431113012517485,0.09431113012517488,0.09431113012517484,0.09431113012517484,0.09431113012517484,0.09431113012517484,0.09431113012517484,0.09431113012517481,0.09431113012517482,0.0943111301251748,0.09431113012517481,0.09431113012517482,0.09431113012517481,0.09431113012517477,0.09431113012517484,0.09431113012517481,0.09431113012517482,0.0943111301251748,0.09431113012517482,0.09431113012517478,0.09431113012517481,0.0943111301251748,0.0943111301251748,0.09431113012517481,0.09431113012517481,0.0943111301251748,0.09431113012517482,0.0943111301251748,0.09431113012517481,0.0943111301251748,0.09431113012517482,0.09431113012517481,0.0943111301251748,0.0943111301251748,0.0943111301251748,0.09431113012517481,0.09431113012517472,0.0943111301251748,0.09431113012517481,0.09431113012517481,0.09431113012517477,0.09431113012517477,0.09431113012517477,0.09431113012517477,0.09431113012517477,0.09431113012517475,0.09431113012517478,0.09431113012517481,0.09431113012517478,0.09431113012517478,0.09431113012517474,0.09431113012517474,0.09431113012517474,0.09431113012517472,0.09431113012517472,0.0943111301251748,0.09431113012517478,0.0943111301251748,0.0943111301251748,0.09431113012517478,0.09431113012517475,0.09431113012517475,0.09431113012517474,0.09431113012517475,0.09431113012517474,0.09431113012517474,0.09431113012517474,0.09431113012517474,0.09431113012517474,0.09431113012517471,0.09431113012517471,0.09431113012517477,0.09431113012517474,0.09431113012517474,0.09431113012517471,0.09431113012517475,0.09431113012517477,0.09431113012517478,0.09431113012517472,0.09431113012517478,0.09431113012517477,0.09431113012517478,0.09431113012517471,0.09431113012517475,0.09431113012517472,0.09431113012517472,0.09431113012517474,0.09431113012517474,0.09431113012517475,0.0943111301251747,0.09431113012517477,0.09431113012517478,0.09431113012517475,0.09431113012517477,0.09431113012517475,0.09431113012517477,0.09431113012517475,0.09431113012517481,0.09431113012517478,0.0943111301251748,0.09431113012517472,0.0943111301251748,0.09431113012517477,0.09431113012517477,0.09431113012517475,0.09431113012517475,0.09431113012517475,0.09431113012517477,0.09431113012517477,0.09431113012517478,0.09431113012517477,0.09431113012517478,0.09431113012517477,0.09431113012517477,0.09431113012517478,0.09431113012517478,0.09431113012517474,0.0943111301251748,0.09431113012517477,0.09431113012517478,0.09431113012517478,0.0943111301251748,0.09431113012517474,0.09431113012517482,0.09431113012517475,0.09431113012517474,0.09431113012517475,0.09431113012517471,0.09431113012517478,0.09431113012517472,0.09431113012517475,0.09431113012517475,0.09431113012517468,0.09431113012517471,0.09431113012517472,0.09431113012517472,0.09431113012517477,0.09431113012517471,0.09431113012517472,0.09431113012517471,0.09431113012517475,0.09431113012517475,0.09431113012517472,0.09431113012517472,0.09431113012517471,0.09431113012517471,0.09431113012517472,0.09431113012517474,0.09431113012517471,0.09431113012517472,0.09431113012517475,0.09431113012517477,0.09431113012517477,0.09431113012517463,0.09431113012517474,0.09431113012517472,0.09431113012517472,0.09431113012517474,0.0943111301251747,0.09431113012517471,0.09431113012517472,0.09431113012517474,0.09431113012517472,0.09431113012517472,0.09431113012517472,0.09431113012517472,0.09431113012517471,0.09431113012517475,0.09431113012517472,0.09431113012517471,0.09431113012517472,0.09431113012517472,0.09431113012517471,0.09431113012517468,0.09431113012517472,0.09431113012517468,0.09431113012517467,0.09431113012517467,0.09431113012517472,0.0943111301251747,0.09431113012517467,0.09431113012517466,0.09431113012517466,0.09431113012517467,0.09431113012517467,0.09431113012517464,0.09431113012517468,0.09431113012517468,0.0943111301251747,0.09431113012517468,0.09431113012517464,0.09431113012517463,0.09431113012517464,0.09431113012517466,0.09431113012517464,0.09431113012517464,0.09431113012517467,0.09431113012517463,0.09431113012517463,0.09431113012517464,0.09431113012517464,0.09431113012517463,0.09431113012517463,0.09431113012517463,0.09431113012517464,0.09431113012517464,0.09431113012517463,0.09431113012517464,0.09431113012517463,0.09431113012517466,0.09431113012517464,0.09431113012517463,0.09431113012517463,0.09431113012517463,0.09431113012517463,0.09431113012517466,0.09431113012517464,0.09431113012517464,0.09431113012517459,0.09431113012517459,0.09431113012517459,0.09431113012517463,0.09431113012517461,0.09431113012517463,0.09431113012517454,0.09431113012517454,0.09431113012517456,0.09431113012517456,0.09431113012517456,0.09431113012517454,0.09431113012517452,0.09431113012517452,0.09431113012517453,0.09431113012517453,0.09431113012517464,0.09431113012517454,0.09431113012517456,0.09431113012517456,0.09431113012517459,0.09431113012517454,0.09431113012517459,0.09431113012517459,0.09431113012517457,0.09431113012517457,0.09431113012517457,0.09431113012517457,0.09431113012517457,0.09431113012517457,0.09431113012517457,0.09431113012517459,0.0943111301251746,0.09431113012517456,0.09431113012517459,0.09431113012517459,0.09431113012517459,0.0943111301251746,0.0943111301251746,0.0943111301251746,0.09431113012517459,0.0943111301251746,0.09431113012517463,0.09431113012517466,0.09431113012517457,0.09431113012517457,0.09431113012517457,0.09431113012517461,0.09431113012517459,0.09431113012517459,0.09431113012517459,0.0943111301251746,0.0943111301251746,0.09431113012517456,0.09431113012517461,0.09431113012517457,0.09431113012517459,0.09431113012517459,0.0943111301251746,0.09431113012517461,0.09431113012517459,0.09431113012517457,0.0943111301251746,0.09431113012517457,0.09431113012517459,0.09431113012517454,0.09431113012517454,0.09431113012517454,0.09431113012517456,0.09431113012517456,0.09431113012517457,0.09431113012517457,0.09431113012517452,0.09431113012517456,0.09431113012517454,0.09431113012517449,0.09431113012517447,0.09431113012517453,0.09431113012517452,0.09431113012517453,0.09431113012517447,0.09431113012517453,0.09431113012517452,0.09431113012517454,0.09431113012517452,0.09431113012517456,0.09431113012517453,0.09431113012517456,0.09431113012517454,0.09431113012517454,0.09431113012517454,0.09431113012517454,0.09431113012517454,0.09431113012517454,0.09431113012517454,0.09431113012517452,0.09431113012517454,0.09431113012517453,0.09431113012517453,0.09431113012517452,0.09431113012517457,0.09431113012517456,0.09431113012517453,0.09431113012517456,0.09431113012517453,0.09431113012517456,0.09431113012517456,0.09431113012517454,0.09431113012517454,0.09431113012517453,0.09431113012517453,0.09431113012517457,0.09431113012517456,0.09431113012517459,0.09431113012517456,0.09431113012517456,0.09431113012517454,0.09431113012517456,0.09431113012517457,0.09431113012517454,0.09431113012517454,0.09431113012517456,0.09431113012517456,0.09431113012517456,0.09431113012517456,0.09431113012517456,0.09431113012517456,0.09431113012517454,0.09431113012517457,0.09431113012517457,0.09431113012517457,0.09431113012517457,0.09431113012517456,0.09431113012517457,0.09431113012517459,0.09431113012517459,0.0943111301251746,0.09431113012517461,0.09431113012517457,0.09431113012517459,0.0943111301251746,0.09431113012517456,0.09431113012517459,0.09431113012517459,0.09431113012517457,0.09431113012517457,0.0943111301251746,0.09431113012517457,0.09431113012517463,0.09431113012517459,0.09431113012517461,0.09431113012517464,0.09431113012517463,0.09431113012517463,0.09431113012517454,0.09431113012517454,0.09431113012517456,0.09431113012517456,0.09431113012517456,0.09431113012517454,0.09431113012517454,0.09431113012517456,0.09431113012517456,0.09431113012517456,0.09431113012517456,0.09431113012517456,0.09431113012517456,0.09431113012517454,0.09431113012517457,0.09431113012517457,0.09431113012517456,0.09431113012517457,0.09431113012517459,0.09431113012517457,0.09431113012517459,0.09431113012517457,0.09431113012517463,0.09431113012517457,0.09431113012517459,0.0943111301251746,0.09431113012517463,0.09431113012517457,0.0943111301251746,0.0943111301251746,0.09431113012517456,0.09431113012517459,0.09431113012517457,0.09431113012517459,0.09431113012517459,0.09431113012517457,0.09431113012517461,0.09431113012517461,0.09431113012517463,0.09431113012517457,0.09431113012517459,0.09431113012517457,0.09431113012517457,0.0943111301251746,0.09431113012517459,0.0943111301251746,0.09431113012517457,0.0943111301251746,0.09431113012517456,0.09431113012517454,0.09431113012517454,0.09431113012517456,0.09431113012517459,0.09431113012517454,0.0943111301251746,0.09431113012517457,0.09431113012517457,0.09431113012517457,0.09431113012517459,0.09431113012517459,0.09431113012517459,0.09431113012517459,0.09431113012517459,0.09431113012517459,0.09431113012517456,0.09431113012517463,0.09431113012517457,0.09431113012517459,0.09431113012517456,0.09431113012517456,0.09431113012517454,0.09431113012517456,0.09431113012517456,0.09431113012517456,0.09431113012517453,0.09431113012517456,0.09431113012517454,0.09431113012517454,0.09431113012517456,0.09431113012517454,0.09431113012517464,0.09431113012517454,0.09431113012517466,0.09431113012517454,0.09431113012517456,0.09431113012517454,0.09431113012517454,0.09431113012517454,0.09431113012517456,0.09431113012517456,0.09431113012517456,0.09431113012517454,0.09431113012517456,0.09431113012517452,0.09431113012517449,0.0943111301251745,0.09431113012517452,0.09431113012517454,0.09431113012517449,0.0943111301251745,0.09431113012517438,0.09431113012517446,0.09431113012517445,0.09431113012517445,0.09431113012517446,0.09431113012517443,0.09431113012517446,0.09431113012517442,0.09431113012517445,0.09431113012517443,0.09431113012517443,0.09431113012517442,0.0943111301251744,0.09431113012517446,0.09431113012517445,0.09431113012517446,0.09431113012517443,0.09431113012517446,0.09431113012517445,0.09431113012517442,0.09431113012517446,0.09431113012517447,0.09431113012517447,0.09431113012517447,0.09431113012517447,0.09431113012517449,0.09431113012517442,0.09431113012517447,0.09431113012517447,0.09431113012517446,0.09431113012517445,0.09431113012517452,0.09431113012517447,0.09431113012517447,0.09431113012517445,0.09431113012517447,0.09431113012517447,0.09431113012517447,0.09431113012517447,0.09431113012517447,0.09431113012517446,0.09431113012517447,0.09431113012517449,0.09431113012517446,0.0943111301251745,0.09431113012517452,0.0943111301251745,0.0943111301251745,0.0943111301251745,0.09431113012517447,0.09431113012517452,0.09431113012517447,0.09431113012517447,0.09431113012517449,0.09431113012517447,0.09431113012517447,0.09431113012517446,0.09431113012517446,0.09431113012517443,0.09431113012517443,0.09431113012517447,0.09431113012517446,0.09431113012517445,0.09431113012517443,0.09431113012517445,0.09431113012517443,0.09431113012517442,0.09431113012517443,0.09431113012517445,0.09431113012517442,0.09431113012517449,0.09431113012517447,0.09431113012517447,0.09431113012517447,0.09431113012517446,0.09431113012517447,0.09431113012517453,0.09431113012517446,0.09431113012517446,0.0943111301251745,0.09431113012517447,0.09431113012517447,0.09431113012517447,0.09431113012517447,0.09431113012517447,0.09431113012517447,0.09431113012517449,0.09431113012517445,0.09431113012517442,0.09431113012517443,0.09431113012517445,0.09431113012517445,0.09431113012517445,0.09431113012517445,0.0943111301251744,0.09431113012517446,0.09431113012517445,0.09431113012517446,0.09431113012517446,0.09431113012517447,0.09431113012517447,0.09431113012517446,0.09431113012517447,0.09431113012517443,0.09431113012517446,0.09431113012517447,0.09431113012517446,0.09431113012517447,0.09431113012517449,0.09431113012517447,0.09431113012517446,0.09431113012517446,0.09431113012517446,0.09431113012517447,0.09431113012517447,0.09431113012517449,0.09431113012517447,0.09431113012517446,0.09431113012517446,0.09431113012517447,0.09431113012517447,0.09431113012517447,0.09431113012517447,0.09431113012517447,0.09431113012517447,0.09431113012517446,0.09431113012517446,0.09431113012517446,0.09431113012517443,0.09431113012517445,0.09431113012517449,0.09431113012517445,0.09431113012517447,0.09431113012517446,0.09431113012517446,0.09431113012517447,0.09431113012517449,0.09431113012517442,0.09431113012517445,0.09431113012517446,0.0943111301251745,0.09431113012517443,0.0943111301251745,0.09431113012517447,0.09431113012517446,0.09431113012517446,0.09431113012517447,0.09431113012517447,0.09431113012517446,0.09431113012517446,0.09431113012517447,0.09431113012517449,0.09431113012517446,0.09431113012517449,0.09431113012517447,0.09431113012517446,0.09431113012517447,0.0943111301251745,0.09431113012517446,0.09431113012517446,0.09431113012517449,0.09431113012517447,0.09431113012517447,0.09431113012517447,0.09431113012517447,0.09431113012517452,0.09431113012517446,0.09431113012517449,0.09431113012517447,0.09431113012517449,0.09431113012517446,0.09431113012517449,0.09431113012517447,0.09431113012517446,0.09431113012517443,0.09431113012517445,0.09431113012517446,0.09431113012517449,0.09431113012517446,0.09431113012517447,0.0943111301251744,0.09431113012517447,0.09431113012517446,0.09431113012517446,0.09431113012517447,0.09431113012517445,0.09431113012517446,0.09431113012517442,0.09431113012517445,0.09431113012517447,0.09431113012517447,0.09431113012517439,0.09431113012517443,0.09431113012517439,0.09431113012517445,0.09431113012517445,0.09431113012517443,0.09431113012517447,0.09431113012517445,0.09431113012517442,0.09431113012517447,0.09431113012517445,0.09431113012517446,0.09431113012517447,0.09431113012517447,0.09431113012517447,0.09431113012517447,0.09431113012517447,0.09431113012517447,0.09431113012517449,0.09431113012517449,0.09431113012517446,0.09431113012517446,0.09431113012517447,0.09431113012517447,0.09431113012517447,0.0943111301251745,0.0943111301251745,0.09431113012517445,0.09431113012517447,0.0943111301251745,0.09431113012517446,0.09431113012517453,0.09431113012517447,0.09431113012517446,0.09431113012517447,0.09431113012517446,0.09431113012517447,0.09431113012517449,0.09431113012517447,0.09431113012517446,0.09431113012517447,0.09431113012517446,0.09431113012517447,0.09431113012517446,0.09431113012517447,0.09431113012517447,0.09431113012517446,0.09431113012517446,0.09431113012517445,0.09431113012517446,0.09431113012517446,0.09431113012517447,0.09431113012517447,0.09431113012517446,0.09431113012517447,0.09431113012517442,0.09431113012517446,0.09431113012517446,0.09431113012517445,0.09431113012517446,0.09431113012517445,0.09431113012517445,0.09431113012517445,0.09431113012517446,0.09431113012517454,0.09431113012517447,0.09431113012517447,0.09431113012517447,0.09431113012517449,0.09431113012517447,0.09431113012517449,0.09431113012517447,0.09431113012517447,0.09431113012517446,0.09431113012517447,0.09431113012517446,0.09431113012517446,0.09431113012517447,0.09431113012517449,0.09431113012517446,0.09431113012517447,0.09431113012517447,0.09431113012517447,0.09431113012517442,0.0943111301251745,0.09431113012517446,0.09431113012517449,0.09431113012517446,0.09431113012517447,0.09431113012517446,0.09431113012517446,0.09431113012517445,0.09431113012517446,0.09431113012517447,0.09431113012517447,0.09431113012517446,0.09431113012517449,0.09431113012517447,0.09431113012517447,0.09431113012517447,0.09431113012517447,0.09431113012517447,0.09431113012517447,0.09431113012517446,0.09431113012517445,0.09431113012517449,0.09431113012517446,0.09431113012517446,0.0943111301251745,0.09431113012517449,0.09431113012517447,0.09431113012517447,0.09431113012517446,0.09431113012517447,0.09431113012517443,0.09431113012517447,0.09431113012517447,0.09431113012517446,0.09431113012517445,0.09431113012517447,0.09431113012517446,0.09431113012517447,0.09431113012517443,0.09431113012517447,0.09431113012517447,0.09431113012517439,0.09431113012517447,0.09431113012517446,0.09431113012517446,0.09431113012517449,0.09431113012517449,0.09431113012517446,0.09431113012517447,0.09431113012517447,0.09431113012517447,0.09431113012517447,0.09431113012517447,0.09431113012517442,0.09431113012517445,0.09431113012517445,0.09431113012517442,0.09431113012517447,0.09431113012517446,0.09431113012517446,0.09431113012517447,0.09431113012517447,0.09431113012517447,0.0943111301251745,0.09431113012517447,0.09431113012517449,0.09431113012517454,0.09431113012517454,0.09431113012517445,0.09431113012517447,0.09431113012517446,0.09431113012517449,0.09431113012517445,0.09431113012517447,0.09431113012517449,0.0943111301251745,0.09431113012517446,0.09431113012517449,0.09431113012517445,0.09431113012517449,0.09431113012517446,0.09431113012517447,0.09431113012517447,0.09431113012517447,0.09431113012517446,0.09431113012517446,0.09431113012517449,0.0943111301251745,0.09431113012517447,0.09431113012517447,0.09431113012517446,0.09431113012517447,0.09431113012517446,0.09431113012517447,0.09431113012517447,0.09431113012517447,0.09431113012517446,0.09431113012517446,0.09431113012517447,0.09431113012517446,0.09431113012517446,0.09431113012517445,0.09431113012517443,0.09431113012517443,0.09431113012517443,0.09431113012517447,0.09431113012517445,0.09431113012517443,0.09431113012517445,0.09431113012517439,0.09431113012517446,0.09431113012517442,0.0943111301251744,0.09431113012517443,0.09431113012517442,0.09431113012517443,0.09431113012517446,0.09431113012517439,0.09431113012517439,0.0943111301251744,0.0943111301251744,0.09431113012517443,0.09431113012517443,0.09431113012517442,0.09431113012517443,0.09431113012517446,0.09431113012517446,0.09431113012517443,0.09431113012517443,0.09431113012517445,0.09431113012517446,0.09431113012517443,0.09431113012517445,0.09431113012517445,0.09431113012517446,0.09431113012517443,0.09431113012517445,0.09431113012517446,0.0943111301251744,0.09431113012517439,0.0943111301251744,0.0943111301251744,0.0943111301251744,0.09431113012517442,0.09431113012517438,0.0943111301251744,0.09431113012517438,0.0943111301251744,0.09431113012517445,0.09431113012517439,0.09431113012517438,0.09431113012517439,0.09431113012517431,0.09431113012517442,0.09431113012517452,0.09431113012517445,0.09431113012517445,0.09431113012517447,0.09431113012517447,0.09431113012517438,0.09431113012517445,0.09431113012517442,0.09431113012517442,0.09431113012517443,0.09431113012517443,0.09431113012517447,0.09431113012517446,0.09431113012517446,0.09431113012517449,0.09431113012517443,0.09431113012517446,0.09431113012517446,0.09431113012517449,0.09431113012517446,0.09431113012517446,0.0943111301251745,0.09431113012517445,0.09431113012517449,0.09431113012517447,0.09431113012517447,0.09431113012517447,0.09431113012517446,0.09431113012517447,0.09431113012517447,0.09431113012517447,0.09431113012517446,0.09431113012517446,0.09431113012517445,0.09431113012517447,0.09431113012517445,0.09431113012517447,0.09431113012517446,0.09431113012517453,0.09431113012517447,0.09431113012517446,0.09431113012517445,0.09431113012517445,0.0943111301251745,0.09431113012517446,0.09431113012517446,0.09431113012517445,0.09431113012517445,0.09431113012517447,0.09431113012517447,0.09431113012517447,0.09431113012517447,0.09431113012517443,0.09431113012517447,0.09431113012517446,0.09431113012517446,0.09431113012517446,0.09431113012517446,0.09431113012517442,0.09431113012517447,0.0943111301251744,0.09431113012517445,0.09431113012517443,0.09431113012517443,0.09431113012517449,0.0943111301251744,0.09431113012517447,0.09431113012517443,0.09431113012517442,0.09431113012517446,0.09431113012517447,0.09431113012517446,0.09431113012517447,0.09431113012517445,0.09431113012517445,0.09431113012517443,0.09431113012517446,0.09431113012517445,0.09431113012517446,0.09431113012517449,0.09431113012517447,0.09431113012517447,0.09431113012517446,0.0943111301251745,0.09431113012517445,0.09431113012517449,0.09431113012517447,0.09431113012517446,0.09431113012517446,0.09431113012517447,0.09431113012517449,0.09431113012517452,0.0943111301251745,0.09431113012517449,0.09431113012517449,0.09431113012517447,0.09431113012517452,0.09431113012517446,0.09431113012517452,0.09431113012517446,0.09431113012517452,0.09431113012517447,0.09431113012517447,0.09431113012517447,0.0943111301251745,0.0943111301251745,0.09431113012517447,0.09431113012517447,0.09431113012517447,0.0943111301251745,0.09431113012517449,0.09431113012517447,0.09431113012517452,0.09431113012517449,0.09431113012517447,0.0943111301251745,0.09431113012517454,0.09431113012517447,0.09431113012517452,0.09431113012517452,0.09431113012517453,0.0943111301251745,0.09431113012517453,0.09431113012517453,0.09431113012517453,0.09431113012517447,0.09431113012517446,0.09431113012517449,0.09431113012517449,0.09431113012517449,0.09431113012517454,0.09431113012517453,0.09431113012517457,0.09431113012517456,0.09431113012517447,0.09431113012517452,0.09431113012517449,0.09431113012517454,0.09431113012517453,0.09431113012517452,0.09431113012517453,0.09431113012517454,0.0943111301251745,0.09431113012517454,0.09431113012517454,0.09431113012517456,0.09431113012517454,0.09431113012517449,0.09431113012517457,0.09431113012517454,0.09431113012517454,0.09431113012517457,0.09431113012517456,0.09431113012517457,0.09431113012517459,0.09431113012517453,0.09431113012517456,0.09431113012517453,0.09431113012517456,0.09431113012517454,0.09431113012517454,0.09431113012517457,0.09431113012517456,0.09431113012517456,0.09431113012517454,0.09431113012517459,0.09431113012517454,0.09431113012517456,0.09431113012517454,0.09431113012517456,0.09431113012517454,0.0943111301251746,0.09431113012517457,0.09431113012517456,0.09431113012517457,0.09431113012517454,0.09431113012517454,0.09431113012517456,0.09431113012517456,0.09431113012517456,0.09431113012517456,0.09431113012517456,0.09431113012517457,0.09431113012517457,0.09431113012517459,0.09431113012517464,0.09431113012517456,0.09431113012517463,0.09431113012517459,0.09431113012517459,0.09431113012517459,0.0943111301251746,0.09431113012517459,0.09431113012517461,0.09431113012517461,0.09431113012517463,0.09431113012517463,0.09431113012517461,0.09431113012517459,0.09431113012517466,0.09431113012517461,0.09431113012517464,0.09431113012517463,0.09431113012517463,0.09431113012517459,0.09431113012517466,0.09431113012517463,0.09431113012517464,0.09431113012517464,0.09431113012517466,0.09431113012517463,0.09431113012517467,0.09431113012517466,0.09431113012517466,0.09431113012517467,0.09431113012517466,0.09431113012517467,0.09431113012517466,0.09431113012517466,0.09431113012517466,0.09431113012517466,0.09431113012517467,0.09431113012517466,0.09431113012517467,0.09431113012517466,0.09431113012517467,0.09431113012517466,0.09431113012517467,0.09431113012517467,0.09431113012517463,0.09431113012517466,0.09431113012517461,0.09431113012517471,0.09431113012517467,0.09431113012517464,0.09431113012517463,0.09431113012517468,0.09431113012517466,0.09431113012517467,0.09431113012517467,0.09431113012517466,0.09431113012517466,0.09431113012517468,0.09431113012517466,0.09431113012517464,0.09431113012517464,0.09431113012517463,0.09431113012517464,0.09431113012517464,0.09431113012517464,0.09431113012517461,0.09431113012517464,0.09431113012517464,0.09431113012517464,0.09431113012517464,0.09431113012517463,0.09431113012517463,0.09431113012517463,0.09431113012517464,0.09431113012517461,0.09431113012517461,0.09431113012517463,0.09431113012517466,0.09431113012517464,0.09431113012517466,0.09431113012517464,0.09431113012517464,0.09431113012517461,0.09431113012517461,0.09431113012517463,0.09431113012517459,0.09431113012517456,0.09431113012517456,0.09431113012517463,0.09431113012517456,0.09431113012517459,0.09431113012517456,0.09431113012517457,0.09431113012517459,0.09431113012517457,0.09431113012517459,0.09431113012517456,0.0943111301251745,0.09431113012517461,0.09431113012517459,0.0943111301251746,0.09431113012517457,0.09431113012517454,0.09431113012517456,0.09431113012517454,0.09431113012517461,0.09431113012517457,0.09431113012517461,0.0943111301251746,0.0943111301251746,0.09431113012517457,0.0943111301251746,0.09431113012517461,0.09431113012517459,0.0943111301251746,0.09431113012517464,0.09431113012517459,0.09431113012517457,0.09431113012517459,0.0943111301251746,0.09431113012517463,0.09431113012517461,0.09431113012517459,0.0943111301251746,0.0943111301251746,0.0943111301251746,0.0943111301251746,0.0943111301251746,0.0943111301251746,0.09431113012517463,0.0943111301251746,0.09431113012517456,0.0943111301251746,0.09431113012517459,0.0943111301251746,0.09431113012517456,0.09431113012517459,0.09431113012517459,0.09431113012517457,0.09431113012517457,0.09431113012517459,0.0943111301251746,0.09431113012517456,0.09431113012517456,0.09431113012517457,0.09431113012517457,0.09431113012517454,0.09431113012517454,0.09431113012517454,0.09431113012517456,0.09431113012517456,0.09431113012517456,0.09431113012517456,0.09431113012517454,0.09431113012517457,0.09431113012517454,0.09431113012517454,0.09431113012517454,0.09431113012517454,0.09431113012517454,0.09431113012517456,0.09431113012517457,0.09431113012517457,0.09431113012517456,0.09431113012517457,0.09431113012517456,0.09431113012517459,0.0943111301251746,0.09431113012517456,0.0943111301251746,0.09431113012517459,0.09431113012517457,0.09431113012517464,0.09431113012517457,0.09431113012517457,0.09431113012517456,0.09431113012517457,0.09431113012517457,0.09431113012517466,0.09431113012517456,0.09431113012517459,0.09431113012517457,0.09431113012517457,0.0943111301251746,0.0943111301251746,0.09431113012517456,0.09431113012517457,0.0943111301251746,0.09431113012517456,0.09431113012517456,0.09431113012517456,0.09431113012517456,0.09431113012517456,0.09431113012517456,0.09431113012517454,0.09431113012517454,0.09431113012517454,0.09431113012517454,0.09431113012517454,0.09431113012517454,0.09431113012517457,0.09431113012517457,0.09431113012517457,0.09431113012517457,0.09431113012517457,0.09431113012517457,0.09431113012517457,0.09431113012517459,0.09431113012517457,0.09431113012517457,0.0943111301251746,0.09431113012517456,0.09431113012517463,0.09431113012517456,0.09431113012517457,0.09431113012517457,0.09431113012517457,0.09431113012517459,0.09431113012517457,0.09431113012517456,0.09431113012517459,0.09431113012517463,0.09431113012517463,0.0943111301251746,0.0943111301251746,0.0943111301251746,0.09431113012517459,0.0943111301251746,0.09431113012517454,0.09431113012517464,0.09431113012517457,0.09431113012517456,0.09431113012517454,0.09431113012517454,0.09431113012517456,0.09431113012517456,0.09431113012517454,0.09431113012517454,0.09431113012517454,0.09431113012517456,0.09431113012517456,0.09431113012517456,0.09431113012517454,0.09431113012517457,0.09431113012517456,0.09431113012517456,0.09431113012517454,0.09431113012517456,0.09431113012517454,0.09431113012517456,0.09431113012517457,0.09431113012517457,0.09431113012517459,0.09431113012517457,0.09431113012517459,0.09431113012517459,0.09431113012517459,0.09431113012517459,0.09431113012517461,0.09431113012517454,0.09431113012517459,0.0943111301251746,0.09431113012517459,0.0943111301251746,0.09431113012517457,0.09431113012517459,0.0943111301251746,0.0943111301251746,0.09431113012517463,0.09431113012517466,0.09431113012517456,0.09431113012517463,0.09431113012517463,0.09431113012517464,0.09431113012517454,0.09431113012517454,0.09431113012517464,0.09431113012517459,0.0943111301251746,0.09431113012517459,0.09431113012517456,0.09431113012517456,0.09431113012517461,0.0943111301251746,0.09431113012517461,0.09431113012517468,0.09431113012517464,0.09431113012517464,0.09431113012517459,0.09431113012517463,0.0943111301251746,0.09431113012517464,0.09431113012517461,0.09431113012517459,0.09431113012517463,0.09431113012517464,0.09431113012517464,0.09431113012517464,0.09431113012517463,0.09431113012517464,0.09431113012517468,0.09431113012517466,0.09431113012517466,0.09431113012517467,0.09431113012517466,0.09431113012517467,0.09431113012517466,0.09431113012517466,0.09431113012517466,0.09431113012517467,0.0943111301251747,0.09431113012517467,0.09431113012517464,0.09431113012517463,0.09431113012517463,0.09431113012517464,0.09431113012517463,0.09431113012517464,0.09431113012517464,0.0943111301251747,0.0943111301251747,0.09431113012517468,0.09431113012517466,0.0943111301251748,0.0943111301251747,0.0943111301251747,0.09431113012517467,0.09431113012517468,0.09431113012517467,0.09431113012517467,0.09431113012517468,0.09431113012517468,0.09431113012517468,0.09431113012517471,0.09431113012517471,0.09431113012517472,0.09431113012517472,0.09431113012517474,0.09431113012517471,0.09431113012517471,0.09431113012517472,0.09431113012517471,0.0943111301251747,0.0943111301251747,0.0943111301251747,0.09431113012517471,0.09431113012517477,0.09431113012517471,0.0943111301251747,0.09431113012517471,0.09431113012517472,0.09431113012517467,0.09431113012517468,0.09431113012517468,0.09431113012517464,0.09431113012517463,0.0943111301251747,0.09431113012517464,0.09431113012517468,0.09431113012517468,0.09431113012517463,0.0943111301251746,0.09431113012517463,0.09431113012517464,0.09431113012517466,0.09431113012517461,0.09431113012517463,0.09431113012517463,0.09431113012517463,0.09431113012517457,0.09431113012517457,0.0943111301251746,0.0943111301251746,0.0943111301251746,0.0943111301251746,0.0943111301251746,0.09431113012517461,0.09431113012517459,0.09431113012517459,0.0943111301251746,0.09431113012517459,0.0943111301251746,0.0943111301251746,0.09431113012517463,0.09431113012517461,0.09431113012517461,0.09431113012517459,0.09431113012517464,0.09431113012517463,0.09431113012517464,0.09431113012517464,0.09431113012517463,0.09431113012517463,0.09431113012517464,0.09431113012517463,0.09431113012517464,0.09431113012517463,0.09431113012517463,0.09431113012517464,0.09431113012517467,0.09431113012517464,0.09431113012517463,0.09431113012517467,0.09431113012517461,0.09431113012517461,0.09431113012517467,0.09431113012517464,0.09431113012517463,0.09431113012517467,0.09431113012517461,0.09431113012517464,0.09431113012517464,0.09431113012517464,0.09431113012517464,0.0943111301251746,0.09431113012517466,0.09431113012517464,0.09431113012517464,0.09431113012517464,0.09431113012517464,0.09431113012517466,0.09431113012517463,0.09431113012517464,0.09431113012517467,0.09431113012517466,0.09431113012517467,0.09431113012517466,0.09431113012517466,0.09431113012517468,0.09431113012517466,0.09431113012517466,0.09431113012517471,0.0943111301251747,0.0943111301251747,0.09431113012517467,0.09431113012517472,0.09431113012517472,0.09431113012517468,0.0943111301251747,0.09431113012517468,0.09431113012517472,0.09431113012517471,0.09431113012517471,0.09431113012517471,0.0943111301251747,0.0943111301251747,0.0943111301251747,0.09431113012517477,0.09431113012517471,0.09431113012517472,0.09431113012517471,0.09431113012517475,0.09431113012517475,0.09431113012517477,0.09431113012517477,0.09431113012517477,0.09431113012517477,0.09431113012517477,0.09431113012517477,0.09431113012517477,0.09431113012517475,0.09431113012517475,0.09431113012517475,0.09431113012517482,0.0943111301251748,0.09431113012517475,0.09431113012517475,0.09431113012517477,0.09431113012517474,0.09431113012517472,0.09431113012517474,0.09431113012517475,0.09431113012517474,0.09431113012517474,0.09431113012517471,0.0943111301251748,0.09431113012517471,0.09431113012517474,0.09431113012517474,0.09431113012517472,0.09431113012517472,0.09431113012517474,0.09431113012517474,0.09431113012517474,0.09431113012517471,0.09431113012517474,0.09431113012517475,0.09431113012517471,0.09431113012517478,0.09431113012517472,0.09431113012517471,0.09431113012517475,0.09431113012517472,0.09431113012517475,0.09431113012517475,0.09431113012517477,0.09431113012517475,0.09431113012517475,0.09431113012517477,0.09431113012517477,0.09431113012517477,0.09431113012517478,0.09431113012517471,0.09431113012517474,0.09431113012517474,0.09431113012517474,0.09431113012517474,0.09431113012517472,0.09431113012517477,0.09431113012517475,0.09431113012517478,0.09431113012517477,0.09431113012517475,0.09431113012517477,0.09431113012517477,0.09431113012517475,0.09431113012517475,0.09431113012517477,0.09431113012517478,0.09431113012517478,0.0943111301251748,0.09431113012517481,0.0943111301251748,0.09431113012517482,0.09431113012517482,0.09431113012517478,0.09431113012517477,0.09431113012517475,0.09431113012517478,0.09431113012517474,0.09431113012517481,0.09431113012517481,0.09431113012517478,0.0943111301251748,0.09431113012517474,0.09431113012517478,0.09431113012517477,0.0943111301251748,0.09431113012517477,0.09431113012517478,0.09431113012517472,0.09431113012517474,0.09431113012517474,0.09431113012517475,0.09431113012517474,0.09431113012517475,0.09431113012517475,0.09431113012517475,0.09431113012517474,0.09431113012517474,0.09431113012517474,0.09431113012517474,0.09431113012517475,0.09431113012517474,0.09431113012517474,0.09431113012517472,0.09431113012517474,0.09431113012517475,0.09431113012517471,0.09431113012517475,0.09431113012517474,0.09431113012517472,0.09431113012517475,0.09431113012517468,0.09431113012517471,0.09431113012517478,0.09431113012517471,0.09431113012517472,0.09431113012517475,0.09431113012517475,0.09431113012517471,0.09431113012517474,0.09431113012517471,0.0943111301251748,0.09431113012517472,0.09431113012517472,0.0943111301251748,0.09431113012517472,0.09431113012517478,0.09431113012517477,0.09431113012517478,0.09431113012517475,0.09431113012517478,0.0943111301251748,0.0943111301251748,0.09431113012517478,0.09431113012517477,0.09431113012517477,0.09431113012517478,0.0943111301251748,0.09431113012517477,0.09431113012517475,0.09431113012517472,0.09431113012517472,0.09431113012517475,0.09431113012517475,0.09431113012517475,0.09431113012517475,0.09431113012517475,0.09431113012517474,0.09431113012517474,0.09431113012517474,0.09431113012517472,0.09431113012517471,0.09431113012517471,0.0943111301251747,0.09431113012517472,0.09431113012517475,0.09431113012517474,0.09431113012517472,0.09431113012517471,0.09431113012517477,0.09431113012517475,0.09431113012517477,0.09431113012517478,0.09431113012517482,0.0943111301251748,0.09431113012517474,0.09431113012517482,0.0943111301251748,0.09431113012517482,0.0943111301251748,0.0943111301251748,0.09431113012517472,0.0943111301251748,0.09431113012517477,0.0943111301251748,0.09431113012517481,0.09431113012517472,0.09431113012517474,0.09431113012517475,0.09431113012517475,0.09431113012517475,0.09431113012517475,0.09431113012517475,0.09431113012517471,0.09431113012517475,0.09431113012517474,0.09431113012517474,0.09431113012517475,0.09431113012517474,0.09431113012517475,0.09431113012517474,0.09431113012517471,0.09431113012517472,0.09431113012517472,0.09431113012517478,0.0943111301251748,0.09431113012517472,0.09431113012517472,0.09431113012517472,0.09431113012517477,0.09431113012517478,0.09431113012517477,0.09431113012517475,0.09431113012517475,0.09431113012517477,0.09431113012517475,0.0943111301251748,0.0943111301251748,0.09431113012517478,0.09431113012517478,0.09431113012517475,0.09431113012517474,0.09431113012517474,0.09431113012517474,0.09431113012517472,0.09431113012517471,0.09431113012517474,0.09431113012517474,0.09431113012517474,0.09431113012517472,0.09431113012517475,0.09431113012517471,0.09431113012517477,0.09431113012517477,0.09431113012517477,0.09431113012517477,0.09431113012517477,0.09431113012517475,0.09431113012517477,0.09431113012517477,0.09431113012517478,0.09431113012517478,0.09431113012517478,0.09431113012517474,0.09431113012517474,0.09431113012517474,0.09431113012517474,0.09431113012517472,0.09431113012517474,0.09431113012517472,0.09431113012517478,0.09431113012517477,0.09431113012517475,0.09431113012517477,0.09431113012517477,0.09431113012517477,0.0943111301251748,0.09431113012517472,0.09431113012517474,0.09431113012517474,0.09431113012517475,0.09431113012517474,0.09431113012517475,0.09431113012517472,0.09431113012517477,0.09431113012517471,0.09431113012517472,0.09431113012517474,0.09431113012517475,0.09431113012517474,0.09431113012517474,0.09431113012517471,0.09431113012517477,0.09431113012517474,0.09431113012517472,0.09431113012517474,0.09431113012517477,0.09431113012517477,0.09431113012517477,0.09431113012517475,0.09431113012517477,0.09431113012517477,0.09431113012517477,0.09431113012517477,0.09431113012517477,0.09431113012517477,0.09431113012517477,0.09431113012517475,0.09431113012517478,0.09431113012517474,0.09431113012517474,0.09431113012517474,0.09431113012517474,0.09431113012517474,0.09431113012517474,0.09431113012517477,0.09431113012517477,0.09431113012517477,0.09431113012517478,0.09431113012517478,0.09431113012517477,0.0943111301251748,0.09431113012517478,0.09431113012517474,0.09431113012517475,0.09431113012517474,0.09431113012517472,0.09431113012517478,0.09431113012517472,0.09431113012517475,0.0943111301251748,0.09431113012517475,0.09431113012517472,0.09431113012517475,0.09431113012517477,0.09431113012517471,0.09431113012517477,0.09431113012517477,0.09431113012517475,0.09431113012517478,0.09431113012517475,0.09431113012517477,0.0943111301251748,0.09431113012517475,0.09431113012517477,0.0943111301251748,0.09431113012517475,0.09431113012517478,0.0943111301251748,0.09431113012517472,0.09431113012517474,0.09431113012517475,0.09431113012517475,0.09431113012517475,0.09431113012517474,0.09431113012517474,0.09431113012517474,0.09431113012517472,0.09431113012517471,0.09431113012517477,0.0943111301251748,0.09431113012517478,0.09431113012517475,0.09431113012517481,0.09431113012517481,0.09431113012517478,0.09431113012517477,0.09431113012517481,0.09431113012517474,0.09431113012517474,0.09431113012517481,0.09431113012517475,0.09431113012517478,0.0943111301251748,0.09431113012517478,0.09431113012517478,0.09431113012517481,0.09431113012517475,0.09431113012517477,0.09431113012517478,0.09431113012517474,0.09431113012517475,0.09431113012517474,0.09431113012517472,0.09431113012517472,0.0943111301251748,0.09431113012517472,0.09431113012517475,0.09431113012517477,0.09431113012517477,0.09431113012517471,0.09431113012517475,0.09431113012517475,0.09431113012517477,0.09431113012517478,0.09431113012517489,0.09431113012517484,0.09431113012517484,0.09431113012517484,0.09431113012517484,0.09431113012517485,0.09431113012517485,0.09431113012517485,0.09431113012517485,0.09431113012517485,0.09431113012517485,0.09431113012517485,0.09431113012517486,0.09431113012517484,0.09431113012517481,0.09431113012517481,0.09431113012517484,0.09431113012517485,0.09431113012517484,0.09431113012517484,0.09431113012517484,0.09431113012517485,0.09431113012517485,0.09431113012517485,0.09431113012517485,0.09431113012517488,0.0943111301251748,0.09431113012517486,0.09431113012517481,0.09431113012517482,0.09431113012517485,0.09431113012517482,0.09431113012517484,0.09431113012517482,0.09431113012517484,0.09431113012517484,0.09431113012517481,0.09431113012517485,0.09431113012517488,0.0943111301251748,0.09431113012517485,0.0943111301251748,0.09431113012517484,0.09431113012517486,0.09431113012517486,0.09431113012517488,0.09431113012517485,0.09431113012517484,0.09431113012517485,0.09431113012517484,0.09431113012517488,0.09431113012517484,0.09431113012517484,0.09431113012517481,0.09431113012517481,0.09431113012517482,0.09431113012517481,0.09431113012517488,0.0943111301251748,0.09431113012517486,0.09431113012517481,0.09431113012517482,0.09431113012517485,0.09431113012517486,0.09431113012517485,0.09431113012517485,0.09431113012517485,0.09431113012517485,0.09431113012517486,0.09431113012517484,0.09431113012517485,0.09431113012517484,0.09431113012517482,0.09431113012517482,0.09431113012517482,0.09431113012517481,0.09431113012517482,0.09431113012517482,0.09431113012517488,0.09431113012517486,0.09431113012517486,0.0943111301251748,0.09431113012517489,0.09431113012517482,0.09431113012517481,0.09431113012517482,0.09431113012517482,0.09431113012517481,0.09431113012517481,0.09431113012517486,0.09431113012517482,0.09431113012517481,0.09431113012517484,0.09431113012517482,0.09431113012517484,0.09431113012517485,0.09431113012517485,0.09431113012517484,0.09431113012517485,0.09431113012517484,0.09431113012517486,0.09431113012517485,0.09431113012517485,0.09431113012517484,0.09431113012517485,0.09431113012517485,0.09431113012517485,0.09431113012517486,0.09431113012517484,0.09431113012517481,0.09431113012517488,0.09431113012517488,0.09431113012517486,0.09431113012517486,0.09431113012517488,0.09431113012517488,0.09431113012517482,0.09431113012517482,0.09431113012517482,0.09431113012517488,0.09431113012517484,0.09431113012517485,0.09431113012517485,0.09431113012517484,0.09431113012517486,0.09431113012517484,0.09431113012517482,0.09431113012517482,0.09431113012517481,0.09431113012517486,0.09431113012517482,0.09431113012517484,0.09431113012517489,0.09431113012517485,0.09431113012517488,0.09431113012517484,0.09431113012517484,0.09431113012517485,0.09431113012517486,0.09431113012517485,0.09431113012517485,0.09431113012517485,0.09431113012517486,0.0943111301251748,0.09431113012517488,0.0943111301251748,0.09431113012517486,0.0943111301251748,0.09431113012517472,0.09431113012517481,0.09431113012517481,0.0943111301251748,0.09431113012517482,0.09431113012517481,0.09431113012517474,0.09431113012517481,0.09431113012517482,0.09431113012517481,0.09431113012517482,0.09431113012517481,0.0943111301251748,0.09431113012517481,0.09431113012517481,0.09431113012517481,0.09431113012517481,0.09431113012517484,0.09431113012517481,0.09431113012517482,0.09431113012517484,0.09431113012517481,0.0943111301251748,0.09431113012517481,0.09431113012517481,0.0943111301251748,0.09431113012517482,0.09431113012517482,0.09431113012517481,0.09431113012517482,0.09431113012517481,0.0943111301251748,0.09431113012517482,0.0943111301251748,0.09431113012517484,0.0943111301251748,0.09431113012517482,0.09431113012517484,0.09431113012517482,0.09431113012517481,0.09431113012517481,0.09431113012517482,0.0943111301251748,0.09431113012517485,0.09431113012517481,0.09431113012517481,0.09431113012517484,0.09431113012517482,0.0943111301251748,0.09431113012517484,0.09431113012517481,0.09431113012517484,0.0943111301251748,0.0943111301251748,0.09431113012517485,0.09431113012517485,0.09431113012517485,0.09431113012517485,0.09431113012517484,0.09431113012517484,0.09431113012517488,0.09431113012517485,0.09431113012517486,0.09431113012517486,0.09431113012517485,0.0943111301251748,0.09431113012517482,0.09431113012517488,0.09431113012517484,0.09431113012517484,0.09431113012517486,0.09431113012517485,0.09431113012517485,0.09431113012517485,0.09431113012517489,0.09431113012517485,0.09431113012517484,0.09431113012517489,0.09431113012517484,0.09431113012517482,0.09431113012517481,0.09431113012517482,0.09431113012517482,0.09431113012517482,0.09431113012517481,0.09431113012517486,0.09431113012517481,0.09431113012517481,0.09431113012517481,0.09431113012517481,0.09431113012517481,0.0943111301251748,0.09431113012517481,0.09431113012517475,0.09431113012517481,0.09431113012517482,0.09431113012517477,0.0943111301251748,0.09431113012517478,0.09431113012517482,0.0943111301251748,0.09431113012517484,0.09431113012517478,0.0943111301251748,0.09431113012517481,0.0943111301251748,0.09431113012517481,0.09431113012517477,0.09431113012517478,0.0943111301251748,0.0943111301251748,0.09431113012517477,0.09431113012517478,0.09431113012517477,0.09431113012517474,0.09431113012517481,0.09431113012517477,0.09431113012517477,0.09431113012517478,0.09431113012517477,0.0943111301251748,0.09431113012517477,0.09431113012517478,0.09431113012517477,0.0943111301251748,0.09431113012517478,0.09431113012517466,0.09431113012517472,0.09431113012517475,0.09431113012517477,0.09431113012517478,0.09431113012517478,0.09431113012517477,0.09431113012517478,0.09431113012517477,0.09431113012517475,0.0943111301251748,0.09431113012517475,0.09431113012517478,0.09431113012517478,0.09431113012517475,0.09431113012517477,0.09431113012517477,0.09431113012517481,0.09431113012517481,0.09431113012517477,0.09431113012517477,0.09431113012517481,0.09431113012517481,0.0943111301251748,0.09431113012517478,0.09431113012517478,0.09431113012517482,0.09431113012517477,0.0943111301251748,0.09431113012517482,0.09431113012517481,0.09431113012517475,0.0943111301251748,0.09431113012517477,0.09431113012517475,0.09431113012517478,0.09431113012517477,0.09431113012517477,0.09431113012517478,0.09431113012517475,0.0943111301251748,0.09431113012517478,0.0943111301251748,0.09431113012517477,0.09431113012517478,0.09431113012517481,0.09431113012517477,0.09431113012517472,0.09431113012517481,0.09431113012517478,0.09431113012517475,0.09431113012517475,0.09431113012517475,0.09431113012517478,0.09431113012517477,0.09431113012517477,0.0943111301251748,0.09431113012517471,0.09431113012517478,0.09431113012517474,0.09431113012517474,0.09431113012517475,0.09431113012517472,0.09431113012517471,0.09431113012517477,0.09431113012517472,0.09431113012517478,0.09431113012517477,0.09431113012517477,0.09431113012517475,0.09431113012517475,0.09431113012517478,0.09431113012517477,0.09431113012517481,0.09431113012517478,0.09431113012517481,0.0943111301251748,0.0943111301251748,0.0943111301251748,0.0943111301251748,0.0943111301251748,0.0943111301251748,0.09431113012517478,0.09431113012517477,0.09431113012517478,0.09431113012517472,0.09431113012517477,0.09431113012517475,0.09431113012517478,0.0943111301251748,0.09431113012517481,0.0943111301251748,0.09431113012517478,0.09431113012517481,0.09431113012517472,0.09431113012517481,0.09431113012517481,0.09431113012517472,0.0943111301251748,0.09431113012517481,0.09431113012517478,0.09431113012517475,0.09431113012517474,0.09431113012517472,0.09431113012517474,0.09431113012517474,0.09431113012517475,0.09431113012517474,0.09431113012517474,0.09431113012517474,0.09431113012517471,0.09431113012517477,0.09431113012517477,0.0943111301251748,0.09431113012517475,0.09431113012517472,0.09431113012517474,0.09431113012517472,0.09431113012517472,0.09431113012517474,0.09431113012517474,0.09431113012517475,0.09431113012517471,0.09431113012517471,0.09431113012517471,0.09431113012517472,0.09431113012517472,0.09431113012517472,0.09431113012517472,0.0943111301251747,0.09431113012517477,0.09431113012517477,0.09431113012517472,0.09431113012517471,0.09431113012517472,0.09431113012517472,0.09431113012517475,0.09431113012517468,0.0943111301251748,0.09431113012517471,0.09431113012517475,0.09431113012517475,0.09431113012517475,0.09431113012517472,0.09431113012517474,0.09431113012517474,0.09431113012517474,0.09431113012517474,0.09431113012517474,0.09431113012517474,0.09431113012517474,0.09431113012517472,0.09431113012517474,0.09431113012517475,0.09431113012517474,0.09431113012517472,0.09431113012517474,0.09431113012517471,0.09431113012517474,0.09431113012517474,0.09431113012517475,0.09431113012517481,0.09431113012517474,0.09431113012517481,0.09431113012517481,0.09431113012517478,0.09431113012517478,0.09431113012517471,0.0943111301251748,0.09431113012517474,0.09431113012517474,0.09431113012517475,0.09431113012517475,0.09431113012517474,0.09431113012517474,0.09431113012517477,0.09431113012517475,0.09431113012517472,0.09431113012517472,0.09431113012517474,0.09431113012517474,0.09431113012517474,0.09431113012517475,0.09431113012517474,0.09431113012517474,0.09431113012517475,0.09431113012517475,0.09431113012517474,0.09431113012517474,0.09431113012517472,0.09431113012517474,0.09431113012517481,0.09431113012517474,0.09431113012517474,0.09431113012517481,0.09431113012517474,0.09431113012517474,0.09431113012517474,0.09431113012517477,0.09431113012517475,0.09431113012517475,0.09431113012517475,0.09431113012517475,0.09431113012517475,0.0943111301251747,0.09431113012517475,0.09431113012517475,0.09431113012517475,0.09431113012517475,0.09431113012517474,0.09431113012517474,0.09431113012517474,0.09431113012517474,0.09431113012517474,0.09431113012517472,0.09431113012517477,0.09431113012517477,0.09431113012517475,0.09431113012517475,0.0943111301251748,0.0943111301251748,0.0943111301251748,0.09431113012517478,0.09431113012517478,0.09431113012517478,0.0943111301251748,0.09431113012517481,0.09431113012517481,0.09431113012517481,0.0943111301251748,0.09431113012517481,0.09431113012517478,0.09431113012517478,0.0943111301251748,0.0943111301251748,0.09431113012517481,0.0943111301251748,0.0943111301251748,0.0943111301251748,0.09431113012517481,0.09431113012517477,0.0943111301251748,0.09431113012517481,0.09431113012517478,0.09431113012517478,0.09431113012517478,0.09431113012517481,0.0943111301251748,0.09431113012517477,0.09431113012517481,0.09431113012517482,0.09431113012517481,0.09431113012517481,0.09431113012517481,0.0943111301251748,0.09431113012517481,0.09431113012517478,0.09431113012517478,0.09431113012517475,0.0943111301251748,0.0943111301251748,0.09431113012517482,0.09431113012517478,0.09431113012517482,0.09431113012517478,0.09431113012517484,0.09431113012517481,0.09431113012517481,0.09431113012517481,0.09431113012517482,0.0943111301251748,0.09431113012517484,0.09431113012517482,0.09431113012517481,0.09431113012517472,0.09431113012517477,0.09431113012517475,0.09431113012517477,0.09431113012517477,0.09431113012517475,0.09431113012517478,0.0943111301251748,0.09431113012517477,0.0943111301251748,0.09431113012517477,0.09431113012517477,0.09431113012517478,0.09431113012517477,0.09431113012517475,0.09431113012517477,0.09431113012517477,0.09431113012517478,0.0943111301251748,0.09431113012517474,0.09431113012517481,0.09431113012517475,0.09431113012517481,0.09431113012517474,0.09431113012517474,0.09431113012517474,0.09431113012517478,0.09431113012517477,0.0943111301251748,0.09431113012517474,0.09431113012517475,0.09431113012517474,0.09431113012517474,0.09431113012517474,0.09431113012517474,0.09431113012517474,0.09431113012517472,0.09431113012517474,0.09431113012517472,0.09431113012517474,0.09431113012517475,0.09431113012517474,0.09431113012517471,0.09431113012517471,0.09431113012517472,0.09431113012517472,0.09431113012517475,0.09431113012517474,0.09431113012517475,0.0943111301251747,0.09431113012517477,0.09431113012517477,0.09431113012517477,0.09431113012517477,0.09431113012517477,0.0943111301251748,0.09431113012517478,0.09431113012517474,0.09431113012517475,0.09431113012517474,0.09431113012517474,0.09431113012517472,0.09431113012517475,0.09431113012517475,0.09431113012517472,0.09431113012517478,0.09431113012517471,0.09431113012517475,0.09431113012517474,0.09431113012517475,0.09431113012517472,0.09431113012517472,0.09431113012517478,0.0943111301251748,0.09431113012517475,0.09431113012517472,0.09431113012517477,0.09431113012517477,0.09431113012517477,0.09431113012517478,0.09431113012517477,0.09431113012517477,0.09431113012517477,0.09431113012517475,0.09431113012517477,0.09431113012517478,0.0943111301251748,0.09431113012517481,0.09431113012517472,0.09431113012517481,0.09431113012517475,0.09431113012517477,0.0943111301251748,0.09431113012517481,0.09431113012517475,0.09431113012517478,0.0943111301251748,0.09431113012517478,0.09431113012517472,0.09431113012517474,0.09431113012517474,0.09431113012517474,0.0943111301251748,0.09431113012517477,0.09431113012517477,0.09431113012517475,0.09431113012517478,0.09431113012517478,0.09431113012517477,0.09431113012517478,0.09431113012517475,0.09431113012517474,0.09431113012517477,0.09431113012517474,0.09431113012517472,0.09431113012517472,0.09431113012517477,0.0943111301251748,0.09431113012517472,0.09431113012517474,0.09431113012517474,0.09431113012517475,0.09431113012517475,0.09431113012517475,0.09431113012517474,0.09431113012517474,0.09431113012517474,0.09431113012517475,0.09431113012517474,0.09431113012517472,0.09431113012517471,0.09431113012517471,0.09431113012517471,0.09431113012517474,0.09431113012517477,0.09431113012517477,0.09431113012517477,0.09431113012517478,0.09431113012517475,0.09431113012517478,0.09431113012517481,0.09431113012517481,0.09431113012517477,0.09431113012517478,0.09431113012517485,0.0943111301251748,0.09431113012517481,0.09431113012517482,0.09431113012517481,0.09431113012517481,0.09431113012517474,0.09431113012517481,0.09431113012517477,0.09431113012517478,0.09431113012517478,0.09431113012517478,0.0943111301251748,0.09431113012517486,0.09431113012517478,0.09431113012517482,0.09431113012517482,0.09431113012517484,0.09431113012517481,0.0943111301251748,0.09431113012517481,0.0943111301251748,0.0943111301251748,0.09431113012517485,0.09431113012517485,0.09431113012517484,0.09431113012517486,0.09431113012517485,0.09431113012517484,0.09431113012517485,0.09431113012517485,0.09431113012517484,0.09431113012517484,0.09431113012517489,0.09431113012517486,0.09431113012517486,0.09431113012517489,0.09431113012517485,0.09431113012517486,0.09431113012517486,0.09431113012517488,0.09431113012517484,0.09431113012517482,0.09431113012517482,0.09431113012517482,0.09431113012517481,0.09431113012517486,0.09431113012517482,0.09431113012517481,0.09431113012517484,0.09431113012517482,0.09431113012517484,0.09431113012517484,0.09431113012517482,0.0943111301251748,0.09431113012517485,0.0943111301251748,0.09431113012517485,0.09431113012517486,0.09431113012517488,0.09431113012517481,0.09431113012517481,0.09431113012517485,0.09431113012517484,0.09431113012517484,0.09431113012517481,0.0943111301251748,0.09431113012517481,0.09431113012517485,0.09431113012517485,0.09431113012517485,0.09431113012517485,0.09431113012517485,0.09431113012517486,0.09431113012517485,0.09431113012517485,0.09431113012517485,0.09431113012517481,0.09431113012517481,0.09431113012517481,0.09431113012517481,0.09431113012517481,0.09431113012517484,0.09431113012517481,0.0943111301251748,0.09431113012517481,0.09431113012517484,0.09431113012517482,0.09431113012517481,0.09431113012517481,0.09431113012517481,0.0943111301251748,0.09431113012517482,0.0943111301251748,0.09431113012517481,0.0943111301251748,0.09431113012517481,0.09431113012517481,0.09431113012517481,0.0943111301251748,0.09431113012517481,0.0943111301251748,0.0943111301251748,0.09431113012517481,0.09431113012517482,0.09431113012517481,0.09431113012517481,0.0943111301251748,0.0943111301251748,0.09431113012517478,0.09431113012517481,0.0943111301251748,0.0943111301251748,0.09431113012517484,0.09431113012517481,0.09431113012517481,0.09431113012517481,0.0943111301251748,0.09431113012517481,0.09431113012517484,0.0943111301251748,0.09431113012517482,0.09431113012517482,0.09431113012517482,0.09431113012517484,0.09431113012517484,0.09431113012517482,0.09431113012517482,0.09431113012517482,0.09431113012517484,0.09431113012517482,0.09431113012517478,0.09431113012517482,0.09431113012517481,0.09431113012517481,0.0943111301251748,0.09431113012517482,0.09431113012517481,0.09431113012517481,0.09431113012517481,0.09431113012517484,0.09431113012517477,0.09431113012517481,0.09431113012517477,0.09431113012517482,0.09431113012517481,0.09431113012517482,0.0943111301251748,0.09431113012517486,0.09431113012517481,0.09431113012517481,0.09431113012517481,0.09431113012517481,0.09431113012517482,0.09431113012517481,0.0943111301251748,0.09431113012517482,0.09431113012517481,0.09431113012517485,0.09431113012517485,0.09431113012517486,0.09431113012517484,0.09431113012517485,0.09431113012517486,0.09431113012517484,0.09431113012517485,0.09431113012517484,0.09431113012517484,0.09431113012517486,0.09431113012517488,0.09431113012517485,0.09431113012517485,0.09431113012517482,0.09431113012517486,0.09431113012517486,0.09431113012517484,0.09431113012517482,0.09431113012517482,0.09431113012517484,0.09431113012517484,0.09431113012517482,0.0943111301251748,0.09431113012517486,0.09431113012517481,0.09431113012517485,0.09431113012517484,0.09431113012517484,0.09431113012517485,0.09431113012517485,0.09431113012517485,0.09431113012517485,0.09431113012517488,0.09431113012517488,0.09431113012517485,0.09431113012517485,0.09431113012517485,0.09431113012517477,0.0943111301251748,0.09431113012517481,0.09431113012517478,0.09431113012517477,0.09431113012517477,0.09431113012517475,0.09431113012517475,0.09431113012517474,0.09431113012517474,0.09431113012517472,0.09431113012517478,0.09431113012517474,0.09431113012517474,0.09431113012517474,0.09431113012517475,0.09431113012517474,0.09431113012517471,0.09431113012517468,0.09431113012517472,0.09431113012517471,0.09431113012517477,0.09431113012517477,0.09431113012517477,0.09431113012517475,0.09431113012517477,0.09431113012517475,0.09431113012517477,0.09431113012517475,0.09431113012517475,0.09431113012517477,0.0943111301251748,0.09431113012517477,0.09431113012517477,0.09431113012517477,0.09431113012517477,0.09431113012517477,0.09431113012517477,0.09431113012517477,0.09431113012517477,0.09431113012517478,0.09431113012517478,0.09431113012517474,0.09431113012517474,0.09431113012517472,0.09431113012517474,0.09431113012517474,0.09431113012517474,0.09431113012517474,0.09431113012517471,0.09431113012517475,0.09431113012517475,0.09431113012517477,0.09431113012517477,0.09431113012517477,0.09431113012517477,0.09431113012517477,0.09431113012517478,0.09431113012517477,0.09431113012517478,0.0943111301251748,0.0943111301251748,0.09431113012517478,0.09431113012517477,0.09431113012517477,0.0943111301251748,0.09431113012517484,0.09431113012517477,0.09431113012517478,0.09431113012517478,0.0943111301251748,0.0943111301251748,0.09431113012517475,0.0943111301251748,0.09431113012517478,0.0943111301251748,0.09431113012517477,0.09431113012517478,0.0943111301251748,0.09431113012517482,0.0943111301251748,0.09431113012517478,0.09431113012517475,0.09431113012517475,0.09431113012517475,0.09431113012517474,0.09431113012517475,0.09431113012517475,0.09431113012517474,0.09431113012517474,0.09431113012517475,0.09431113012517474,0.09431113012517474,0.09431113012517481,0.09431113012517478,0.09431113012517477,0.09431113012517477,0.09431113012517477,0.09431113012517475,0.09431113012517477,0.09431113012517475,0.09431113012517481,0.09431113012517475,0.09431113012517474,0.09431113012517475,0.09431113012517475,0.09431113012517475,0.09431113012517474,0.09431113012517474,0.09431113012517477,0.09431113012517474,0.09431113012517474,0.09431113012517474,0.09431113012517475,0.09431113012517475,0.09431113012517475,0.0943111301251747,0.09431113012517472,0.09431113012517472,0.09431113012517475,0.09431113012517477,0.09431113012517478,0.09431113012517474,0.09431113012517474,0.09431113012517472,0.09431113012517475,0.09431113012517474,0.09431113012517478,0.09431113012517478,0.09431113012517475,0.09431113012517474,0.09431113012517474,0.09431113012517478,0.09431113012517474,0.0943111301251748,0.09431113012517477,0.09431113012517478,0.09431113012517478,0.09431113012517475,0.0943111301251748,0.09431113012517477,0.09431113012517478,0.09431113012517475,0.09431113012517477,0.09431113012517478,0.09431113012517475,0.09431113012517477,0.09431113012517475,0.09431113012517477,0.09431113012517481,0.09431113012517474,0.09431113012517474,0.09431113012517474,0.0943111301251748,0.09431113012517474,0.0943111301251748,0.0943111301251748,0.09431113012517475,0.09431113012517474,0.09431113012517472,0.09431113012517471,0.09431113012517471,0.09431113012517477,0.09431113012517477,0.09431113012517477,0.09431113012517475,0.09431113012517477,0.09431113012517478,0.09431113012517478,0.0943111301251748,0.09431113012517474,0.09431113012517481,0.09431113012517477,0.09431113012517475,0.09431113012517477,0.09431113012517475,0.09431113012517478,0.09431113012517474,0.09431113012517481,0.09431113012517478,0.0943111301251748,0.09431113012517477,0.09431113012517477,0.09431113012517475,0.09431113012517475,0.09431113012517477,0.09431113012517475,0.09431113012517474,0.09431113012517475,0.09431113012517471,0.09431113012517475,0.09431113012517475,0.09431113012517475,0.09431113012517472,0.09431113012517474,0.09431113012517471,0.09431113012517471,0.09431113012517477,0.09431113012517472,0.09431113012517472,0.09431113012517475,0.09431113012517472,0.09431113012517475,0.09431113012517477,0.09431113012517478,0.09431113012517478,0.09431113012517471,0.09431113012517472,0.09431113012517474,0.09431113012517477,0.09431113012517477,0.09431113012517477,0.09431113012517477,0.09431113012517478,0.09431113012517477,0.09431113012517478,0.09431113012517475,0.09431113012517477,0.09431113012517477,0.09431113012517477,0.09431113012517475,0.09431113012517477,0.09431113012517477,0.09431113012517477,0.09431113012517475,0.09431113012517477,0.09431113012517475,0.09431113012517477,0.09431113012517477,0.09431113012517477,0.09431113012517475,0.09431113012517477,0.09431113012517478,0.09431113012517478,0.0943111301251748,0.09431113012517475,0.09431113012517474,0.09431113012517474,0.09431113012517474,0.09431113012517474,0.09431113012517474,0.09431113012517474,0.09431113012517481,0.09431113012517477,0.09431113012517477,0.09431113012517481,0.09431113012517477,0.09431113012517477,0.09431113012517477,0.09431113012517477,0.09431113012517475,0.09431113012517478,0.09431113012517475,0.09431113012517475,0.09431113012517475,0.09431113012517472,0.09431113012517472,0.09431113012517472,0.09431113012517477,0.09431113012517477,0.09431113012517475,0.09431113012517478,0.09431113012517472,0.09431113012517475,0.09431113012517477,0.09431113012517477,0.09431113012517477,0.09431113012517477,0.09431113012517477,0.09431113012517478,0.09431113012517478,0.09431113012517474,0.09431113012517474,0.09431113012517475,0.09431113012517475,0.09431113012517474,0.09431113012517474,0.09431113012517472,0.09431113012517474,0.09431113012517474,0.09431113012517475,0.09431113012517472,0.09431113012517478,0.09431113012517474,0.09431113012517475,0.09431113012517474,0.09431113012517477,0.09431113012517477,0.09431113012517477,0.09431113012517478,0.09431113012517475,0.0943111301251748,0.09431113012517475,0.09431113012517477,0.09431113012517478,0.09431113012517477,0.09431113012517475,0.09431113012517475,0.09431113012517478,0.09431113012517472,0.09431113012517471,0.09431113012517472,0.09431113012517474,0.09431113012517471,0.09431113012517477,0.09431113012517475,0.09431113012517477,0.09431113012517477,0.09431113012517477,0.09431113012517478,0.0943111301251748,0.09431113012517474,0.09431113012517475,0.09431113012517472,0.09431113012517472,0.09431113012517474,0.09431113012517474,0.09431113012517472,0.09431113012517472,0.09431113012517471,0.09431113012517472,0.09431113012517474,0.09431113012517474,0.09431113012517478,0.09431113012517477,0.0943111301251748,0.0943111301251748,0.09431113012517477,0.0943111301251748,0.09431113012517474,0.09431113012517475,0.09431113012517475,0.09431113012517474,0.09431113012517475,0.09431113012517475,0.09431113012517472,0.09431113012517478,0.09431113012517475,0.09431113012517475,0.09431113012517472,0.09431113012517475,0.09431113012517489,0.09431113012517482,0.09431113012517477,0.09431113012517482,0.09431113012517481,0.09431113012517485,0.09431113012517481,0.09431113012517481,0.0943111301251748,0.0943111301251748,0.09431113012517485,0.09431113012517485,0.09431113012517486,0.09431113012517481,0.09431113012517489,0.09431113012517484,0.09431113012517484,0.09431113012517481,0.09431113012517486,0.09431113012517484,0.09431113012517484,0.09431113012517484,0.09431113012517484,0.09431113012517486,0.0943111301251748,0.09431113012517482,0.09431113012517484,0.09431113012517482,0.09431113012517481,0.09431113012517481,0.0943111301251748,0.09431113012517481,0.09431113012517482,0.09431113012517482,0.0943111301251748,0.0943111301251748,0.0943111301251748,0.0943111301251748,0.0943111301251748,0.09431113012517481,0.0943111301251748,0.09431113012517482,0.09431113012517486,0.0943111301251748,0.09431113012517478,0.0943111301251748,0.09431113012517481,0.0943111301251748,0.09431113012517481,0.09431113012517481,0.09431113012517481,0.09431113012517482,0.09431113012517482,0.09431113012517478,0.0943111301251748,0.09431113012517482,0.0943111301251748,0.0943111301251748,0.09431113012517481,0.09431113012517481,0.09431113012517481,0.0943111301251748,0.09431113012517481,0.09431113012517481,0.09431113012517478,0.09431113012517482,0.09431113012517478,0.09431113012517485,0.09431113012517485,0.09431113012517485,0.0943111301251748,0.0943111301251748,0.09431113012517484,0.0943111301251748,0.09431113012517482,0.0943111301251748,0.09431113012517488,0.0943111301251748,0.09431113012517482,0.09431113012517481,0.09431113012517481,0.09431113012517486,0.09431113012517485,0.09431113012517481,0.09431113012517481,0.0943111301251748,0.09431113012517482,0.09431113012517481,0.0943111301251748,0.0943111301251748,0.09431113012517481,0.09431113012517482,0.09431113012517481,0.09431113012517484,0.09431113012517481,0.09431113012517481,0.09431113012517481,0.0943111301251748,0.09431113012517481,0.09431113012517481,0.09431113012517481,0.09431113012517477,0.09431113012517478,0.09431113012517481,0.09431113012517481,0.09431113012517481,0.0943111301251748,0.09431113012517477,0.0943111301251748,0.09431113012517477,0.0943111301251748,0.09431113012517474,0.0943111301251748,0.09431113012517475,0.09431113012517478,0.0943111301251748,0.09431113012517482,0.09431113012517481,0.09431113012517477,0.09431113012517484,0.09431113012517481,0.09431113012517481,0.09431113012517482,0.09431113012517481,0.09431113012517481,0.09431113012517481,0.09431113012517485,0.0943111301251748,0.09431113012517481,0.09431113012517481,0.09431113012517481,0.09431113012517485,0.09431113012517475,0.0943111301251748,0.09431113012517481,0.0943111301251748,0.09431113012517478,0.09431113012517484,0.09431113012517481,0.09431113012517478,0.0943111301251748,0.09431113012517481,0.09431113012517482,0.09431113012517485,0.09431113012517478,0.0943111301251748,0.0943111301251748,0.0943111301251748,0.0943111301251748,0.09431113012517481,0.09431113012517482,0.0943111301251748,0.0943111301251748,0.0943111301251748,0.09431113012517477,0.09431113012517481,0.09431113012517481,0.09431113012517482,0.0943111301251748,0.0943111301251748,0.09431113012517482,0.0943111301251748,0.09431113012517484,0.0943111301251748,0.09431113012517484,0.09431113012517478,0.09431113012517482,0.09431113012517481,0.09431113012517482,0.09431113012517481,0.09431113012517485,0.09431113012517481,0.09431113012517481,0.09431113012517481,0.0943111301251748,0.09431113012517481,0.09431113012517482,0.09431113012517481,0.09431113012517481,0.09431113012517482,0.09431113012517481,0.09431113012517485,0.09431113012517481,0.0943111301251748,0.09431113012517478,0.09431113012517481,0.09431113012517482,0.09431113012517485,0.09431113012517461,0.09431113012517471,0.0943111301251747,0.09431113012517472,0.09431113012517472,0.09431113012517474,0.09431113012517472,0.09431113012517472,0.09431113012517471,0.09431113012517472,0.09431113012517472,0.09431113012517467,0.09431113012517471,0.09431113012517471,0.09431113012517468,0.09431113012517472,0.09431113012517472,0.09431113012517472,0.09431113012517471,0.09431113012517471,0.0943111301251747,0.0943111301251747,0.09431113012517471,0.09431113012517478,0.0943111301251747,0.09431113012517471,0.0943111301251747,0.09431113012517471,0.0943111301251747,0.0943111301251747,0.09431113012517472,0.0943111301251747,0.09431113012517472,0.09431113012517472,0.0943111301251747,0.0943111301251747,0.0943111301251747,0.0943111301251747,0.09431113012517466,0.09431113012517472,0.09431113012517472,0.09431113012517471,0.0943111301251747,0.09431113012517471,0.0943111301251747,0.0943111301251747,0.09431113012517477,0.09431113012517472,0.09431113012517472,0.09431113012517472,0.09431113012517472,0.09431113012517472,0.09431113012517475,0.09431113012517472,0.09431113012517474,0.09431113012517474,0.09431113012517472,0.0943111301251748,0.09431113012517471,0.09431113012517472,0.09431113012517471,0.09431113012517472,0.09431113012517471,0.09431113012517471,0.09431113012517471,0.09431113012517471,0.09431113012517472,0.09431113012517474,0.09431113012517472,0.09431113012517472,0.09431113012517477,0.09431113012517471,0.09431113012517475,0.09431113012517472,0.09431113012517474,0.09431113012517475,0.09431113012517472,0.09431113012517475,0.09431113012517477,0.09431113012517478,0.09431113012517475,0.09431113012517474,0.09431113012517475,0.09431113012517475,0.09431113012517471,0.09431113012517475,0.09431113012517472,0.09431113012517474,0.09431113012517474,0.09431113012517472,0.09431113012517477,0.09431113012517471,0.09431113012517472,0.09431113012517478,0.09431113012517471,0.09431113012517484,0.0943111301251748,0.09431113012517484,0.09431113012517481,0.09431113012517477,0.09431113012517481,0.0943111301251748,0.0943111301251748,0.09431113012517482,0.09431113012517482,0.09431113012517478,0.09431113012517485,0.09431113012517478,0.09431113012517484,0.0943111301251748,0.09431113012517482,0.09431113012517482,0.09431113012517481,0.09431113012517481,0.09431113012517481,0.09431113012517481,0.09431113012517481,0.09431113012517481,0.09431113012517481,0.0943111301251748,0.0943111301251748,0.09431113012517481,0.0943111301251748,0.09431113012517482,0.0943111301251748,0.0943111301251748,0.09431113012517481,0.09431113012517482,0.0943111301251748,0.0943111301251748,0.09431113012517482,0.0943111301251748,0.0943111301251749,0.09431113012517484,0.09431113012517484,0.09431113012517484,0.09431113012517482,0.09431113012517481,0.09431113012517482,0.09431113012517482,0.0943111301251748,0.09431113012517484,0.09431113012517482,0.09431113012517482,0.09431113012517482,0.09431113012517481,0.09431113012517485,0.09431113012517485,0.09431113012517484,0.09431113012517484,0.09431113012517486,0.09431113012517485,0.09431113012517485,0.09431113012517485,0.09431113012517485,0.09431113012517485,0.09431113012517484,0.09431113012517485,0.09431113012517486,0.09431113012517482,0.09431113012517482,0.0943111301251749,0.09431113012517485,0.09431113012517484,0.09431113012517484,0.09431113012517486,0.09431113012517484,0.09431113012517485,0.09431113012517488,0.09431113012517485,0.09431113012517485,0.09431113012517486,0.09431113012517484,0.09431113012517488,0.0943111301251749,0.09431113012517489,0.09431113012517484,0.09431113012517485,0.09431113012517486,0.09431113012517484,0.09431113012517484,0.09431113012517482,0.09431113012517482,0.09431113012517482,0.09431113012517484,0.09431113012517482,0.09431113012517482,0.0943111301251748,0.09431113012517481,0.09431113012517484,0.09431113012517482,0.09431113012517484,0.09431113012517488,0.09431113012517481,0.09431113012517486,0.09431113012517484,0.09431113012517485,0.09431113012517485,0.09431113012517485,0.09431113012517484,0.0943111301251749,0.09431113012517484,0.09431113012517485,0.09431113012517485,0.09431113012517485,0.09431113012517485,0.09431113012517485,0.09431113012517482,0.09431113012517488,0.09431113012517482,0.09431113012517482,0.09431113012517484,0.09431113012517484,0.09431113012517482,0.09431113012517484,0.09431113012517484,0.0943111301251748,0.09431113012517481,0.0943111301251748,0.09431113012517481,0.0943111301251748,0.09431113012517484,0.09431113012517482,0.0943111301251748,0.09431113012517481,0.09431113012517478,0.0943111301251748,0.0943111301251748,0.0943111301251748,0.09431113012517482,0.09431113012517482,0.0943111301251748,0.09431113012517478,0.09431113012517481,0.09431113012517478,0.09431113012517478,0.09431113012517481,0.09431113012517481,0.0943111301251748,0.0943111301251748,0.09431113012517481,0.09431113012517477,0.09431113012517478,0.09431113012517478,0.0943111301251748,0.09431113012517481,0.09431113012517481,0.09431113012517474,0.09431113012517474,0.09431113012517475,0.0943111301251748,0.0943111301251748,0.09431113012517471,0.0943111301251748,0.09431113012517475,0.09431113012517481,0.09431113012517477,0.0943111301251748,0.09431113012517481,0.0943111301251748,0.09431113012517478,0.09431113012517486,0.0943111301251748,0.09431113012517481,0.09431113012517481,0.09431113012517482,0.09431113012517481,0.09431113012517481,0.0943111301251748,0.09431113012517481,0.09431113012517481,0.09431113012517481,0.0943111301251748,0.09431113012517481,0.09431113012517481,0.0943111301251748,0.09431113012517481,0.09431113012517481,0.09431113012517481,0.09431113012517481,0.09431113012517478,0.0943111301251748,0.09431113012517475,0.09431113012517481,0.09431113012517481,0.0943111301251748,0.09431113012517482,0.09431113012517481,0.0943111301251748,0.0943111301251748,0.09431113012517484,0.09431113012517484,0.09431113012517481,0.09431113012517481,0.09431113012517482,0.09431113012517482,0.09431113012517482,0.09431113012517481,0.09431113012517486,0.09431113012517481,0.09431113012517482,0.09431113012517481,0.09431113012517484,0.09431113012517484,0.09431113012517482,0.09431113012517481,0.0943111301251749,0.09431113012517482,0.09431113012517484,0.09431113012517482,0.09431113012517481,0.09431113012517484,0.09431113012517484,0.09431113012517482,0.09431113012517484,0.09431113012517482,0.09431113012517485,0.09431113012517482,0.09431113012517482,0.09431113012517482,0.09431113012517481,0.09431113012517482,0.09431113012517482,0.09431113012517474,0.09431113012517481,0.09431113012517481,0.09431113012517481,0.09431113012517481,0.0943111301251748,0.0943111301251748,0.0943111301251748,0.09431113012517484,0.09431113012517481,0.0943111301251748,0.09431113012517482,0.09431113012517481,0.09431113012517481,0.09431113012517481,0.09431113012517482,0.09431113012517481,0.09431113012517482,0.09431113012517481,0.09431113012517481,0.0943111301251748,0.0943111301251748,0.09431113012517482,0.09431113012517481,0.09431113012517481,0.09431113012517481,0.09431113012517484,0.09431113012517482,0.09431113012517481,0.0943111301251748,0.0943111301251748,0.0943111301251748,0.09431113012517478,0.0943111301251748,0.09431113012517481,0.09431113012517481,0.09431113012517481,0.09431113012517484,0.09431113012517484,0.0943111301251748,0.09431113012517481,0.09431113012517482,0.09431113012517481,0.09431113012517482,0.09431113012517482,0.09431113012517482,0.09431113012517481,0.09431113012517482,0.09431113012517481,0.09431113012517484,0.09431113012517481,0.09431113012517481,0.09431113012517486,0.09431113012517485,0.09431113012517486,0.09431113012517485,0.09431113012517485,0.09431113012517485,0.09431113012517488,0.09431113012517485,0.09431113012517488,0.09431113012517486,0.09431113012517485,0.09431113012517485,0.09431113012517485,0.09431113012517485,0.09431113012517485,0.09431113012517485,0.09431113012517488,0.09431113012517485,0.09431113012517485,0.09431113012517485,0.09431113012517485,0.09431113012517484,0.09431113012517486,0.09431113012517485,0.09431113012517488,0.09431113012517488,0.09431113012517481,0.09431113012517482,0.09431113012517482,0.09431113012517482,0.09431113012517484,0.09431113012517484,0.09431113012517482,0.09431113012517481,0.09431113012517486,0.09431113012517485,0.09431113012517484,0.09431113012517478,0.09431113012517481,0.09431113012517482,0.0943111301251748,0.0943111301251748,0.09431113012517481,0.09431113012517482,0.09431113012517478,0.09431113012517481,0.09431113012517489,0.09431113012517484,0.09431113012517486,0.09431113012517485,0.09431113012517486,0.09431113012517485,0.09431113012517488,0.09431113012517481,0.09431113012517488,0.09431113012517486,0.09431113012517484,0.09431113012517489,0.09431113012517486,0.09431113012517486,0.09431113012517486,0.09431113012517482,0.09431113012517488,0.09431113012517482,0.09431113012517482,0.09431113012517482,0.09431113012517488,0.09431113012517486,0.09431113012517486,0.09431113012517486
1,0.0,0.0,0.0,0.0,0.0,0.0,0.0,0.0,0.0,0.0,0.0,0.0,0.0,0.0,0.0,0.0,0.0,0.0,0.0,0.0,0.0,0.0,0.0,0.0,0.0,0.0,0.0,0.0,0.0,0.0,0.0,0.0,0.0,0.0,0.0,0.0,0.0,0.0,0.0,0.0,0.0,0.0,0.0,0.0,0.0,0.0,0.0,0.0,0.0,0.0,0.0,0.0,0.0,0.0,0.0,0.0,0.0,0.0,0.0,0.0,0.0,0.0,0.0,0.0,0.0,0.0,0.0,0.0,0.0,0.0,0.0,0.0,0.0,0.0,0.0,0.0,0.0,0.0,0.0,0.0,0.0,0.0,0.0,0.0,0.0,0.0,0.0,0.0,0.0,0.0,0.0,0.0,0.0,0.0,0.0,0.0,0.0,0.0,0.0,0.0,0.0,0.0,0.0,0.0,0.0,0.0,0.0,0.0,0.0,0.0,0.0,0.0,0.0,0.0,0.0,0.0,0.0,0.0,0.0,0.0,0.0,0.0,0.0,0.0,0.0,0.0,0.0,0.0,0.0,0.0,0.0,0.0,0.0,0.0,0.0,0.0,0.0,0.0,0.0,0.0,0.0,0.0,0.0,0.0,0.0,0.0,0.0,0.0,0.0,0.0,0.0,0.0,0.0,0.0,0.0,0.0,0.0,0.0,0.0,0.0,0.0,0.0,0.0,0.0,0.0,0.0,0.0,0.0,0.0,0.0,0.0,0.0,0.0,0.0,0.0,0.0,0.0,0.0,0.0,0.0,0.0,0.0,0.0,0.0,0.0,0.0,0.0,0.0,0.0,0.0,0.0,0.0,0.0,0.0,0.0,0.0,0.0,0.0,0.0,0.0,0.0,0.0,0.0,0.0,0.0,0.0,0.0,0.0,0.0,0.0,0.0,0.0,0.0,0.0,0.0,0.0,0.0,0.0,0.0,0.0,0.0,0.0,0.0,0.0,0.0,0.0,0.0,0.0,0.0,0.0,0.0,0.0,0.0,0.0,0.0,0.0,0.0,0.0,0.0,0.0,0.0,0.0,0.0,0.0,0.0,0.0,0.0,0.0,0.0,0.0,0.0,0.0,0.0,0.0,0.0,0.0,0.0,0.0,0.0,0.0,0.0,0.0,0.0,0.0,0.0,0.0,0.0,0.0,0.0,0.0,0.0,0.0,0.0,0.0,0.0,0.0,0.0,0.0,0.0,0.0,0.0,0.0,0.0,0.0,0.0,0.0,0.0,0.0,0.0,0.0,0.0,0.0,0.0,0.0,0.0,0.0,0.0,0.0,0.0,0.0,0.0,0.0,0.0,0.0,0.0,0.0,0.0,0.0,0.0,0.0,0.0,0.0,0.0,0.0,0.0,0.0,0.0,0.0,0.0,0.0,0.0,0.0,0.0,0.0,0.0,0.0,0.0,0.0,0.0,0.0,0.0,0.0,0.0,0.0,0.0,0.0,0.0,0.0,0.0,0.0,0.0,0.0,0.0,0.0,0.0,0.0,0.0,0.0,0.0,0.0,0.0,0.0,0.0,0.0,0.0,0.0,0.0,0.0,0.0,0.0,0.0,0.0,0.0,0.0,0.0,0.0,0.0,0.0,0.0,0.0,0.0,0.0,0.0,0.0,0.0,0.0,0.0,0.0,0.0,0.0,0.0,0.0,0.0,0.0,0.0,0.0,0.0,0.0,0.0,0.0,0.0,0.0,0.0,0.0,0.0,0.0,0.0,0.0,0.0,0.0,0.0,0.0,0.0,0.0,0.0,0.0,0.0,0.0,0.0,0.0,0.0,0.0,0.0,0.0,0.0,0.0,0.0,0.0,0.0,0.0,0.0,0.0,0.0,0.0,0.0,0.0,0.0,0.0,0.0,0.0,0.0,0.0,0.0,0.0,0.0,0.0,0.0,0.0,0.0,0.0,0.0,0.0,0.0,0.0,0.0,0.0,0.0,0.0,0.0,0.0,0.0,0.0,0.0,0.0,0.0,0.0,0.0,0.0,0.0,0.0,0.0,0.0,0.0,0.0,0.0,0.0,0.0,0.0,0.0,0.0,0.0,0.0,0.0,0.0,0.0,0.0,0.0,0.0,0.0,0.0,0.0,0.0,0.0,0.0,0.0,0.0,0.0,0.0,0.0,0.0,0.0,0.0,0.0,0.0,0.0,0.0,0.0,0.0,0.0,0.0,0.0,0.0,0.0,0.0,0.0,0.0,0.0,0.0,0.0,0.0,0.0,0.0,0.0,0.0,0.0,0.0,0.0,0.0,0.0,0.0,0.0,0.0,0.0,0.0,0.0,0.0,0.0,0.0,0.0,0.0,0.0,0.0,0.0,0.0,0.0,0.0,0.0,0.0,0.0,0.0,0.0,0.0,0.0,0.0,0.0,0.0,0.0,0.0,0.0,0.0,0.0,0.0,0.0,0.0,0.0,0.0,0.0,0.0,0.0,0.0,0.0,0.0,0.0,0.0,0.0,0.0,0.0,0.0,0.0,0.0,0.0,0.0,0.0,0.0,0.0,0.0,0.0,0.0,0.0,0.0,0.0,0.0,0.0,0.0,0.0,0.0,0.0,0.0,0.0,0.0,0.0,0.0,0.0,0.0,0.0,0.0,0.0,0.0,0.0,0.0,0.0,0.0,0.0,0.0,0.0,0.0,0.0,0.0,0.0,0.0,0.0,0.0,0.0,0.0,0.0,0.0,0.0,0.0,0.0,0.0,0.0,0.0,0.0,0.0,0.0,0.0,0.0,0.0,0.0,0.0,0.0,0.0,0.0,0.0,0.0,0.0,0.0,0.0,0.0,0.0,0.0,0.0,0.0,0.0,0.0,0.0,0.0,0.0,0.0,0.0,0.0,0.0,0.0,0.0,0.0,0.0,0.0,0.0,0.0,0.0,0.0,0.0,0.0,0.0,0.0,0.0,0.0,0.0,0.0,0.0,0.0,0.0,0.0,0.0,0.0,0.0,0.0,0.0,0.0,0.0,0.0,0.0,0.0,0.0,0.0,0.0,0.0,0.0,0.0,0.0,0.0,0.0,0.0,0.0,0.0,0.0,0.0,0.0,0.0,0.0,0.0,0.0,0.0,0.0,0.0,0.0,0.0,0.0,0.0,0.0,0.0,0.0,0.0,0.0,0.0,0.0,0.0,0.0,0.0,0.0,0.0,0.0,0.0,0.0,0.0,0.0,0.0,0.0,0.0,0.0,0.0,0.0,0.0,0.0,0.0,0.0,0.0,0.0,0.0,0.0,0.0,0.0,0.0,0.0,0.0,0.0,0.0,0.0,0.0,0.0,0.0,0.0,0.0,0.0,0.0,0.0,0.0,0.0,0.0,0.0,0.0,0.0,0.0,0.0,0.0,0.0,0.0,0.0,0.0,0.0,0.0,0.0,0.0,0.0,0.0,0.0,0.0,0.0,0.0,0.0,0.0,0.0,0.0,0.0,0.0,0.0,0.0,0.0,0.0,0.0,0.0,0.0,0.0,0.0,0.0,0.0,0.0,0.0,0.0,0.0,0.0,0.0,0.0,0.0,0.0,0.0,0.0,0.0,0.0,0.0,0.0,0.0,0.0,0.0,0.0,0.0,0.0,0.0,0.0,0.0,0.0,0.0,0.0,0.0,0.0,0.0,0.0,0.0,0.0,0.0,0.0,0.0,0.0,0.0,0.0,0.0,0.0,0.0,0.0,0.0,0.0,0.0,0.0,0.0,0.0,0.0,0.0,0.0,0.0,0.0,0.0,0.0,0.0,0.0,0.0,0.0,0.0,0.0,0.0,0.0,0.0,0.0,0.0,0.0,0.0,0.0,0.0,0.0,0.0,0.0,0.0,0.0,0.0,0.0,0.0,0.0,0.0,0.0,0.0,0.0,0.0,0.0,0.0,0.0,0.0,0.0,0.0,0.0,0.0,0.0,0.0,0.0,0.0,0.0,0.0,0.0,0.0,0.0,0.0,0.0,0.0,0.0,0.0,0.0,0.0,0.0,0.0,0.0,0.0,0.0,0.0,0.0,0.0,0.0,0.0,0.0,0.0,0.0,0.0,0.0,0.0,0.0,0.0,0.0,0.0,0.0,0.0,0.0,0.0,0.0,0.0,0.0,0.0,0.0,0.0,0.0,0.0,0.0,0.0,0.0,0.0,0.0,0.0,0.0,0.0,0.0,0.0,0.0,0.0,0.0,0.0,0.0,0.0,0.0,0.0,0.0,0.0,0.0,0.0,0.0,0.0,0.0,0.0,0.0,0.0,0.0,0.0,0.0,0.0,0.0,0.0,0.0,0.0,0.0,0.0,0.0,0.0,0.0,0.0,0.0,0.0,0.0,0.0,0.0,0.0,0.0,0.0,0.0,0.0,0.0,0.0,0.0,0.0,0.0,0.0,0.0,0.0,0.0,0.0,0.0,-3.372338076010606e-39,6.892665332727109e-34,7.2123600246793405e-34,7.2123454655446274e-34,7.212326741867466e-34,7.2123267416808e-34,-2.6155854089021683e-34,-4.595738684525576e-42,7.107009097759529e-34,7.107009097797344e-34,7.107009088429719e-34,2.1932321850765754e-32,2.0942196251955324e-32,2.0796214490652523e-32,6.85453209337264e-30,6.85335517387881e-30,6.853375819756267e-30,7.106083221271229e-30,7.106083312378803e-30,1.2631529987425733e-29,1.2631529987425727e-29,1.263007102140723e-29,1.2306628584251264e-29,1.2306827313706592e-29,1.2306827313706624e-29,1.233129556703048e-29,1.2331203026459712e-29,1.2443934273416965e-29,1.244784155639181e-29,-8.657513628834401e-28,8.053005173940247e-33,-9.343935705235211e-32,4.697453751114659e-38,1.9983550815392194e-31,1.998355081702685e-31,-8.041023633936458e-31,-4.337011714348442e-33,5.669998472071005e-41,1.396605798111417e-32,-1.1776623095687633e-30,-1.1217217388125878e-30,9.54276405441814e-32,-1.4138072823023742e-29,-1.1080815150308188e-30,-6.869732914710448e-29,5.567622355106569e-32,4.809877005151338e-32,4.809877005151338e-32,4.809877005151338e-32,4.809877005151338e-32,4.8098770051513384e-32,4.8098770051513384e-32,4.8098770051513384e-32,4.8098770051513307e-32,4.8098770051513077e-32,5.592122213815914e-29,5.592205166957954e-29,5.592204414731736e-29,5.592204413980359e-29,5.592204427305628e-29,5.592197841857228e-29,5.592195271654122e-29,5.592195271654118e-29,5.509544568423804e-29,5.509544568423632e-29,5.509544561428346e-29,5.509544561465019e-29,5.509542961139873e-29,5.509542961139681e-29,5.509542969995821e-29,5.509542970017266e-29,5.509542970017479e-29,5.509542969912296e-29,5.509542969915013e-29,5.509542969915158e-29,5.509542969913261e-29,5.509542969889366e-29,5.509542969923774e-29,5.509542969985597e-29,5.50954336263147e-29,5.509543362637831e-29,5.509543362727437e-29,5.509543362734479e-29,5.509543362741372e-29,5.509543360211997e-29,5.509543360253857e-29,5.509543308876499e-29,5.50954330887625e-29,5.509543308876258e-29,5.509543308876498e-29,5.509543308876618e-29,5.509543309296301e-29,5.50954329336435e-29,5.509543293470826e-29,5.509543248927166e-29,5.509543248918992e-29,5.509543248874934e-29,5.509543244669131e-29,5.50954324448453e-29,5.50954287774335e-29,5.509544601576445e-29,5.509544600547653e-29,5.509544105375474e-29,5.509544110802475e-29,5.509490800203629e-29,5.509490682564966e-29,5.509490363823197e-29,5.509490344745137e-29,5.509489013704381e-29,5.50948890199759e-29,5.509490158018715e-29,5.509490157787e-29,5.5094901504423e-29,5.509490147979602e-29,5.509490280109312e-29,5.509490358665553e-29,5.50949036369094e-29,5.509490007851485e-29,5.509490003932342e-29,5.509489819089862e-29,5.509489830607463e-29,5.509489838212219e-29,5.509489802146988e-29,5.509489799229013e-29,5.509489600530683e-29,5.509489602105979e-29,5.509489004914196e-29,5.509489005876712e-29,5.509488940237423e-29,5.50948894037329e-29,5.50948893652163e-29,5.509488935786141e-29,5.509488940335699e-29,5.509488944532856e-29,5.509488989333752e-29,5.509490574726144e-29,5.50949056672201e-29,5.509490566813135e-29,5.509490568448166e-29,5.509490579253828e-29,5.509490497488639e-29,5.509490608682219e-29,5.50949060415022e-29,5.509497667506284e-29,5.509498019848637e-29,5.509593146177294e-29,5.509593135097733e-29,5.509593086693695e-29,5.509592979842343e-29,5.509592917004126e-29,5.509592697531823e-29,5.509592690070196e-29,5.509592408872499e-29,5.509592042377869e-29,5.509592464938074e-29,5.509592719932631e-29,5.509584279990082e-29,5.509584325376528e-29,5.509585153142599e-29,5.509561704337044e-29,5.509561536684345e-29,5.509561542404772e-29,5.509561653073162e-29,5.509561653164417e-29,5.509580897766771e-29,5.509580925429827e-29,5.509583593287143e-29,5.509583594082621e-29,5.509583592890883e-29,5.509582861628039e-29,5.509583214687693e-29,5.509583213667193e-29,5.509538092748999e-29,5.509538093639486e-29,5.509539495832706e-29,5.509539494619307e-29,5.509539494451324e-29,5.50953949326704e-29,5.509539481158414e-29,5.509538610799288e-29,5.509536972877616e-29,5.509543237153589e-29,5.509543237269304e-29,5.509541899925003e-29,5.509541920468849e-29,5.509543241989109e-29,5.509543243523848e-29,5.509413107848416e-29,5.509414800754815e-29,5.509414422487789e-29,5.509425906324582e-29,5.509359658765998e-29,5.509359213303499e-29,5.509398077559008e-29,5.509398286591302e-29,5.509399191056879e-29,5.509398266079992e-29,5.509402551040307e-29,5.509392722027676e-29,5.509399821996977e-29,5.509383528731724e-29,5.509383528305203e-29,5.509383571772131e-29,5.509383590271321e-29,5.509382048768879e-29,5.509382049589509e-29,5.50936484167153e-29,5.509372104812067e-29,5.509350724760688e-29,5.509350723340446e-29,5.509350919923144e-29,5.509350855081834e-29,5.509350844131456e-29,5.509351071762854e-29,5.509359088944245e-29,5.509408714892954e-29,5.509408723519518e-29,5.509477522453872e-29,5.50948169336475e-29,5.509477802283881e-29,5.509478413045751e-29,5.509487955845529e-29,5.509950505951772e-29,5.509950516862604e-29,5.509933993911513e-29,5.509933991117915e-29,5.509935029584972e-29,5.509935087812269e-29,5.509935089520043e-29,5.509935343472043e-29,5.509931433659789e-29,5.509896232779107e-29,5.509896349483372e-29,5.509940437357374e-29,5.509940371776245e-29,5.50993904008732e-29,5.509938949573504e-29,5.509942119202775e-29,5.509848753746964e-29,5.509959908429848e-29,5.509959939922e-29,5.509958318750593e-29,5.509994226348368e-29,5.509993691309742e-29,5.510145218313582e-29,5.510145528311158e-29,5.510147757205643e-29,5.510147529067372e-29,5.510147413612539e-29,5.510147409814789e-29,5.510146857606418e-29,5.51013445026068e-29,5.510134450664087e-29,5.510132357172112e-29,5.510132358136222e-29,5.510153480765333e-29,5.510194586948895e-29,5.510194811608122e-29,5.510194666165672e-29,5.510191048486958e-29,5.510191050427297e-29,5.510209609040511e-29,5.510209863828892e-29,5.510210145859501e-29,5.510202604795178e-29,5.51020235053344e-29,5.509816610880547e-29,5.509816609112299e-29,5.509816660427065e-29,5.509821180217068e-29,5.509821209228458e-29,5.509899328393832e-29,5.509907281023118e-29,5.509907289399526e-29,5.509907271414325e-29,5.50990739140561e-29,5.509874033236239e-29,5.509874031837723e-29,5.509875687097765e-29,5.509896478345493e-29,5.509896250753597e-29,5.509896250640744e-29,5.509897722880703e-29,5.509959496641124e-29,5.509959488940788e-29,5.509959480566897e-29,5.509967884796184e-29,5.50996788239848e-29,5.510471574070416e-29,5.51064422804226e-29,5.510644899834646e-29,5.510638756718291e-29,5.510666306982684e-29,5.510666315204758e-29,5.510666196509857e-29,5.510666197801231e-29,5.510666091573147e-29,5.510629330332051e-29,5.510618022713891e-29,5.510616748732882e-29,5.510616748659711e-29,5.510816556829444e-29,5.510816556231846e-29,5.510833133247428e-29,5.510833189453063e-29,5.51083307061925e-29,5.510833071513236e-29,5.510833291384088e-29,5.510831903702686e-29,5.510831949973623e-29,5.510823700469497e-29,5.510823741582961e-29,5.510824031649852e-29,5.510863564307169e-29,5.510866722888606e-29,5.510866527958343e-29,5.510870530186786e-29,5.510870880170579e-29,5.51087264016274e-29,5.51086957723771e-29,5.510871425182416e-29,5.510870932103496e-29,5.510877686268631e-29,5.510878717962628e-29,5.510878328636353e-29,5.511100210491475e-29,5.511100275968614e-29,5.511107323628567e-29,5.511124632237002e-29,5.511273859034085e-29,5.511260042830763e-29,5.511276066302701e-29,5.511271179501265e-29,5.511267127612405e-29,5.511361556713516e-29,5.511301601544508e-29,5.511303859000236e-29,5.511300747086173e-29,5.511300749330825e-29,5.511298447879716e-29,5.511303531681256e-29,5.511301455158878e-29,5.51130220656327e-29,5.511307706009549e-29,5.511306584268503e-29,5.511306357250916e-29,5.511304776696455e-29,5.511342506570142e-29,5.511342338117912e-29,5.511297411801888e-29,5.511290213049611e-29,5.510928021792623e-29,5.51092818013698e-29,5.510927835016795e-29,5.510927835281558e-29,5.510905477755593e-29,5.510912856271794e-29,5.510910703705111e-29,5.51095829385916e-29,5.510962432790794e-29,5.510962631104594e-29,5.510962635650953e-29,5.510953214132889e-29,5.510849866878519e-29,5.510850462239699e-29,5.510793439680103e-29,5.510793364509566e-29,5.510796939379938e-29,5.510796887933539e-29,5.510797111683935e-29,5.51082293117235e-29,5.510854715854601e-29,5.510854280156779e-29,5.510477463530065e-29,5.510394442281436e-29,5.5104335890603e-29,5.510434595415568e-29,5.510435640922975e-29,5.512253275288364e-29,5.51224997727155e-29,5.512232568649324e-29,5.512235237998693e-29,5.512239919488304e-29,5.515915356924505e-29,5.515885693425979e-29,5.515885526894257e-29,5.515885526960583e-29,5.515885700373963e-29,5.515885700387755e-29,5.51588564153644e-29,5.515894555753909e-29,5.515894656682298e-29,5.515946519407992e-29,5.515946179112017e-29,5.515946179075439e-29,5.515947154719832e-29,5.515927801874745e-29,5.515948431942119e-29,5.515948432041188e-29,5.515948432101698e-29,5.515948432222464e-29,5.515943837329192e-29,5.515943837329195e-29,5.515943837307667e-29,5.515943679219406e-29,5.515943678528285e-29,5.515943678708841e-29,5.515940339224259e-29,5.515940339404749e-29,5.515940339377159e-29,5.515940339358748e-29,5.515940339358302e-29,5.515936531312907e-29,5.51593653131136e-29,5.515936531311653e-29,5.51593653131211e-29,5.515936427820414e-29,5.515961981639666e-29,5.515961981648963e-29,5.515961989876992e-29,5.51596199860024e-29,5.515961998617912e-29,5.515961956092474e-29,5.515961928344686e-29,5.515961928328335e-29,5.515978089436131e-29,5.515977792518632e-29,5.515977795146236e-29,5.515977795567579e-29,5.515977787914627e-29,5.515978158834505e-29,5.51597808928537e-29,5.515978089136164e-29,5.515979440162612e-29,5.515979440162592e-29,5.515976190385271e-29,5.515976190390871e-29,5.515955116110773e-29,5.5159551154008e-29,5.515955115760441e-29,5.515955115859456e-29,5.51592298696082e-29,5.515922986941077e-29,5.516231448790703e-29,5.516219989223925e-29,5.516219989222675e-29,5.516219823729862e-29,5.516219823643118e-29,5.516219823581245e-29,5.51621982357119e-29,5.5162198236393e-29,5.514163145741875e-29,5.514163145768106e-29,5.514170820072548e-29,5.514170817475887e-29,5.514158812136236e-29,5.514157832506004e-29,5.514157832604771e-29,5.514157832637186e-29,5.514157832814973e-29,5.514157832734618e-29,5.514157832726445e-29,5.514134149005419e-29,5.514134149186455e-29,5.5135711578736e-29,5.513571157851096e-29,5.513571157744672e-29,5.513572330544804e-29,5.513572360834292e-29,5.51357598264276e-29,5.513575982619177e-29,5.513575982715085e-29,5.513497243840485e-29,5.513497243436137e-29,5.513497243260218e-29,5.513497067759138e-29,5.513497067770358e-29,5.513497067785241e-29,5.51356052163834e-29,5.513520818811333e-29,5.513520818995582e-29,5.513521160894507e-29,5.513521160880185e-29,5.513531356909894e-29,5.513531356909396e-29,5.513531356911516e-29,5.513531357136299e-29,5.513531316089829e-29,5.513531317271155e-29,5.513521501335329e-29,5.513521500695989e-29,5.513521500667231e-29,5.513646046699184e-29,5.513646046571597e-29,5.513646046629209e-29,5.513649192881962e-29,5.513647355784789e-29,5.513647622632779e-29,5.513647625725379e-29,5.513652483827376e-29,5.513064195872272e-29,5.513080887577082e-29,5.513080735296564e-29,5.513084388078849e-29,5.512948684863997e-29,5.512949197092693e-29,5.512957890373916e-29,5.512947537580468e-29,5.512948094740121e-29,5.512944290431577e-29,5.51294708664512e-29,5.513018432659586e-29,5.513017056420945e-29,5.512991810659108e-29,5.513009087733967e-29,5.512991566823423e-29,5.512982885359712e-29,5.512981842384858e-29,5.512984073277539e-29,5.513299486383296e-29,5.513306033037063e-29,5.51167552016786e-29,5.511675624977133e-29,5.51166261115852e-29,5.511663138136222e-29,5.51166147342253e-29,5.511638544515483e-29,5.511596462399518e-29,5.511581513863804e-29,5.50427848872732e-29,5.504287884887543e-29,5.504268256690773e-29,5.504272713998458e-29,5.504270030592799e-29,5.50421758989019e-29,5.504217494604115e-29,5.503925123503742e-29,5.503921458674108e-29,5.499661114855174e-29,5.500055139291967e-29,5.500179739843302e-29,5.500212254451903e-29,5.511768263798747e-29,5.506659806509813e-29,5.506660565625548e-29,5.506595404935834e-29,5.507813410652409e-29,5.507808725326255e-29,5.507809626116334e-29,5.507811847815385e-29,5.507810254682098e-29,5.507868327571786e-29,5.50832679982436e-29,5.508326813923356e-29,5.50832677414102e-29,5.508332320650159e-29,5.508344229904772e-29,5.508361033791333e-29,5.508358694474729e-29,5.508291145941277e-29,5.508291167458273e-29,5.508290956585023e-29,5.508291024074579e-29,5.508296343797161e-29,5.508298409446584e-29,5.508229723801452e-29,5.508244149648019e-29,5.508244440624625e-29,5.508229250327716e-29,5.50822709851101e-29,5.508277996259187e-29,5.508284573090239e-29,5.506011615966545e-29,5.505922905821216e-29,5.505151699658175e-29,5.505585391778565e-29,5.506399100820138e-29,5.506399242179882e-29,5.506491715402038e-29,5.506461621082897e-29,5.506455992726873e-29,5.506455496776629e-29,5.506430864358603e-29,5.506390850578708e-29,5.505517682768064e-29,5.505516018007533e-29,5.505440659425188e-29,5.504526020661694e-29,5.513001067423082e-29,5.513004985252407e-29,5.513006284163053e-29,5.514265202587761e-29,5.514245038546851e-29,5.514129076563162e-29,5.51410556178355e-29,5.514096380465314e-29,5.514079763838473e-29,5.513984751759102e-29,5.514130042224163e-29,5.514258330595806e-29,5.514257750897342e-29,5.514258271821298e-29,5.514258187342097e-29,5.514235813454793e-29,5.514275075569276e-29,5.514275399478056e-29,5.514275363248849e-29,5.514264213717095e-29,5.514217785072434e-29,5.514128001648963e-29,5.514142055301771e-29,5.514136955357098e-29,5.514147882861677e-29,5.515679780330161e-29,5.515774837703724e-29,5.515764326336839e-29,5.51580863376609e-29,5.516196071014834e-29,5.517603729365861e-29,5.517603685243763e-29,5.517498953638453e-29,5.517489121494197e-29,5.517492136516653e-29,5.517348758522162e-29,5.517358388962435e-29,5.517348962739885e-29,5.517474954355994e-29,5.517472262232656e-29,5.517472742292155e-29,5.51723092858505e-29,5.517230999164952e-29,5.516976263808931e-29,5.517389787067673e-29,5.5173922556884e-29,5.517381966034676e-29,5.517377588110483e-29,5.517367732340806e-29,5.517370508904346e-29,5.517370118650787e-29,5.517330313444563e-29,5.517329943190057e-29,5.517246829222876e-29,5.517217526435981e-29,5.517224110839688e-29,5.517227029242992e-29,5.517226994571807e-29,5.517215183782847e-29,5.515245989644127e-29,5.515244391126321e-29,5.515347964568968e-29,5.515347968468873e-29,5.515347984410611e-29,5.515348192218933e-29,5.515346433069562e-29,5.51534539439142e-29,5.515352811045483e-29,5.515352879988967e-29,5.515350582221293e-29,5.515367567254905e-29,5.517297751410604e-29,5.517302963094902e-29,5.517272374713247e-29,5.517245605289448e-29,5.76657001147671e-29,5.766542303615895e-29,5.766510909901727e-29,5.766507215295572e-29,5.76650581721956e-29,5.766505846168564e-29,5.766506545561235e-29,5.767132937209747e-29,5.767135867993982e-29,5.767146271413233e-29,5.767148321636738e-29,5.767163747830951e-29,5.767191853660242e-29,5.76718991793962e-29,5.767179943619601e-29,5.767178891560402e-29,5.767359238236095e-29,5.767358445166697e-29,5.767350429245976e-29,5.76735533334285e-29,5.767360305119503e-29,5.768252414461183e-29,5.768252418709615e-29,5.768252567782224e-29,5.768259221503726e-29,5.767707462792447e-29,5.767703439152022e-29,5.767704442757052e-29,5.767673991830111e-29,5.767666009593816e-29,5.767691058973558e-29,5.765826399217899e-29,5.765826592676977e-29,-8.815570316385824e-29,4.613953461990032e-35,6.682987139473099e-35,6.838431031360113e-35,7.022136464300655e-35,4.3209623363649223e-35,4.246272019061562e-35,9.377561207787245e-35,1.0485537478251193e-34,-1.6815797082205737e-32,-9.361017813139346e-36,9.321676211015624e-34,3.898773018110348e-34,3.6189881210322102e-34,3.620453931833518e-34,9.735503015029915e-34,2.1690063612839343e-33,-1.54705904580942e-33,-3.5360236127772783e-34,1.0560822962122122e-37,7.326822384702956e-35,-7.199717014019467e-33,8.299076839200149e-36,-5.6074220821749634e-36,-3.247818634643658e-34,-1.570652127074913e-34,5.464368181407546e-34,5.9027173261479675e-34,6.61226330771257e-34,1.9230538514464017e-33,1.885263514153659e-33,1.9146297373920194e-33,1.913785018262788e-33,1.8894424526225837e-33,1.8824871434313734e-33,1.7878496428265806e-33,1.7939618953142717e-33,1.7897783051841677e-33,1.811733892214212e-33,2.0359036371482012e-33,-1.03043741490522e-32,3.987092982204864e-35,1.857968729787041e-33,1.8001332210165576e-33,2.0074318859424028e-33,1.8475877408068656e-33,1.8442895879270833e-33,1.8181854703005366e-33,-1.5766339169659893e-31,7.81282628276692e-35,-1.5458303613017834e-32,-3.207495888321761e-34,3.142705426012329e-34,3.3392010791959785e-34,3.2749552965942873e-34,3.228956560332677e-34,3.4745495633964026e-34,5.414149832193329e-34,1.4757553460361434e-33,1.2906611279603917e-33,1.1033313783787749e-33,1.1125776089941438e-33,1.627230350957126e-33,1.4882470976657496e-33,9.394137912013647e-33,9.391787532371407e-33,9.436939438690522e-33,9.417369744800093e-33,1.0056312503876138e-32,1.0339470773019161e-32,1.0035119957978182e-32,9.970282491330959e-33,9.987911195178e-33,1.001409431427481e-32,1.0014243853147962e-32,1.0020898866190418e-32,1.0059429097749937e-32,1.003740127704549e-32,8.584424807293664e-33,9.495063494500853e-33,9.992609883051153e-33,9.944673038399637e-33,1.0021644257348023e-32,1.003658999677392e-32,1.0433994624283665e-32,1.0365470474463178e-32,1.0525720548214535e-32,1.0572744191780656e-32,1.0572228198615986e-32,1.054922566485588e-32,1.0550645168586247e-32,1.0574960383492841e-32,1.0667520296412773e-32,-1.7993100418498248e-32,-1.5972306496778435e-36,4.2383166183940206e-35,-3.1718783687652364e-35,-7.733404103857827e-35,4.662046017532853e-32,4.5385587029744953e-32,4.5168023030118955e-32,4.5168023596194495e-32,4.5252221550191566e-32,4.526500668304768e-32,4.526651173107907e-32,4.5529373023678827e-32,4.600295486584545e-32,4.5664188715567646e-32,4.85943494727655e-32,4.8570135232953273e-32,4.8438116208502944e-32,5.167751860194299e-32,5.852337312616323e-32,5.856176464506944e-32,5.855920117460687e-32,5.838011804909232e-32,5.852075392063889e-32,5.862698514341916e-32,5.865414053845974e-32,5.869051964204098e-32,5.868514331513767e-32,5.881554921418318e-32,5.881579886852396e-32,5.879053906874128e-32,5.891101155363851e-32,5.919559598843222e-32,5.859375028390869e-32,5.245575568936212e-32,5.244337237322598e-32,5.439233638242462e-32,5.433155206829317e-32,5.405059515065805e-32,5.405052480884321e-32,5.525403824550338e-32,5.498873655051634e-32,5.488866235667238e-32,3.947225134851859e-30,3.9472098566358026e-30,3.947652635029878e-30,3.9478602344855325e-30,3.947864110320173e-30,3.949049238802765e-30,3.9453704109963036e-30,1.600822003005572e-29,1.6008080889294765e-29,1.6008080965034412e-29,1.6002202263433307e-29,1.6001714145040052e-29,1.6001680398821098e-29,1.6001679366772957e-29,1.6003027968990992e-29,1.600228332953503e-29,1.600217866896194e-29,1.600195239842925e-29,1.6001061402305696e-29,1.6001087170832667e-29,1.6001120846235227e-29,1.6001109898181574e-29,1.600105835173996e-29,1.6001059495097056e-29,1.6001125720597441e-29,1.6000899040181992e-29,1.6001260963626333e-29,1.5993789000074226e-29,1.5994603757286535e-29,1.5994602948679207e-29,1.599452121238411e-29,1.599383427031334e-29,1.59938343045291e-29,1.5993819042905882e-29,1.5993289062581927e-29,1.599344707885961e-29,1.599345166672006e-29,1.599344945616963e-29,1.599345001135401e-29,1.5993448761847442e-29,1.5993430715880545e-29,1.5993398655967255e-29,1.5993381317228916e-29,1.599328864895683e-29,1.5993708171986223e-29,1.5993784267756732e-29,1.5974943708366796e-29,1.5974945077683664e-29,1.5974435896322417e-29,1.5974380941156672e-29,1.5974012381332543e-29,1.597400413610397e-29,1.5974003773750984e-29,1.5971543321826484e-29,1.597544889316966e-29,1.5974478608719997e-29,1.5974417226987304e-29,1.5974426382426932e-29,1.5974360702231003e-29,1.5974210513912821e-29,1.5974052036636497e-29,1.5974033799227105e-29,1.5971637838191753e-29,1.5907462631301223e-29,1.590755328126715e-29,1.5907493284822618e-29,1.5907323933662982e-29,1.5907301324601524e-29,1.5907433751845172e-29,1.5289748279942464e-29,1.528973230390416e-29,1.5289630543137003e-29,1.528963962700679e-29,1.5289623753252595e-29,1.5289425957709532e-29,1.5289267788392395e-29,1.5289268762949834e-29,1.5288901731598964e-29,1.52860649145873e-29,1.528632265971851e-29,1.5286327718828167e-29,1.5286630804465172e-29,1.5286353179509492e-29,1.5286346851159486e-29,1.528661424345621e-29,1.5286321611347322e-29,1.5286879998447642e-29,1.5268580117598606e-29,1.5268578396107565e-29,1.5268985275995898e-29,1.526762195184715e-29,1.5267456091906122e-29,1.526283689904799e-29,1.5262687657056697e-29,1.5261613485681946e-29,1.416694412488006e-29,1.4166565077650108e-29,1.415818149526127e-29,1.4157308124275365e-29,1.4157183490533636e-29,1.4169085258012633e-29,1.4173639573668506e-29,1.417938436462951e-29,1.417923792926941e-29,1.4182426565564229e-29,1.418358771405334e-29,1.4183519455895057e-29,1.4161470949266046e-29,1.4161349328657265e-29,1.4161346196089357e-29,1.4162139595795254e-29,1.416169450761332e-29,1.4161636869516586e-29,1.4161636846678481e-29,1.4162503892383837e-29,1.4130864074651626e-29,1.4130980978577828e-29,1.418409068342589e-29,1.4184124925149803e-29,1.4184191368186467e-29,1.4184189993931242e-29,1.4184084726604027e-29,-3.83730023613658e-29,1.4803635706105602e-35,9.12036405813499e-36,1.7703347721115548e-36,1.4393288643065186e-35,1.5238601916272294e-35,1.3315209490786623e-34,1.3254819400800777e-34,-1.7211897626940858e-34,-4.646029846308165e-34,-5.385766642743376e-35,-5.799418120749104e-32,7.045811606055427e-34,1.1220645996002954e-33,1.930891113796251e-32,1.9267581679269074e-32,1.9266238664559417e-32,1.93045518176394e-32,1.880097302516772e-32,1.8821864044302537e-32,1.894751080261139e-32,1.8912542264844216e-32,-1.1653530546139046e-31,1.2057346655619736e-35,8.012624672858722e-35,1.12013546040802e-34,5.916211890871888e-34,9.527985946054788e-34,1.6760039707926567e-33,1.667647411080206e-33,1.803200278713186e-33,1.809153801123087e-33,-9.944067296597826e-33,1.5219851590026923e-34,-4.408660360487019e-34,-1.6942554796335523e-34,-3.8475748176826884e-34,-1.1230182182225136e-34,4.8447017278512613e-32,4.5686847867982183e-32,4.568619505291546e-32,4.5658636568937393e-32,5.118705477803279e-32,5.117205837931453e-32,5.114781255805e-32,5.214670688954875e-32,5.214670689733707e-32,5.214670689739387e-32,5.214670460552582e-32,5.214670460712542e-32,5.214670461092836e-32,5.21467046111186e-32,5.214670465053607e-32,5.214670465062695e-32,5.214670466635885e-32,5.214670461452472e-32,5.214670460853466e-32,5.214670463628586e-32,5.214670462398572e-32,5.214670458635367e-32,5.214670467048102e-32,5.214670467690615e-32,5.214670475306539e-32,5.214670471125396e-32,5.214670470821704e-32,5.214670471279178e-32,5.21467047163198e-32,5.214670483488104e-32,5.21467048369125e-32,5.214670483930936e-32,5.214670501557377e-32,5.214670505621389e-32,5.214670505318179e-32,5.214670505295102e-32,5.214670505373131e-32,5.214670504781869e-32,5.214670771579007e-32,5.214670771902142e-32,5.214670738125174e-32,5.214670738011071e-32,5.214670738048448e-32,5.214670771845186e-32,5.214670710141067e-32,5.21467071869375e-32,5.214670723284312e-32,5.214670723156771e-32,5.214670724083407e-32,5.21467072425602e-32,5.21467072425602e-32,5.214670726455846e-32,5.214670726450541e-32,5.214673457057286e-32,5.214673337365569e-32,5.214673240559e-32,5.21467271153254e-32,5.214673307319464e-32,5.214673690030091e-32,5.214673690046599e-32,5.214673385720846e-32,5.214673385770078e-32,5.214673386360356e-32,5.214673329406246e-32,5.214673330558589e-32,5.214673330456359e-32,5.214673563219618e-32,5.21467366952895e-32,5.214673672282816e-32,5.214673669851329e-32,5.214673669742105e-32,5.214673690014208e-32,5.214673690168998e-32,5.214673690164723e-32,5.214673689231708e-32,5.214673691127729e-32,5.214673701714246e-32,5.214673701579582e-32,5.214673654633853e-32,5.21467365701226e-32,5.214673657012036e-32,5.214673655646937e-32,5.214673654051078e-32,5.21467365403418e-32,5.214673654033439e-32,5.214673651186066e-32,5.214673653870984e-32,5.214673656973814e-32,5.214673645434834e-32,5.214671281249274e-32,5.214671281033333e-32,5.214671281442706e-32,5.214671290470728e-32,5.214671290085579e-32,5.214671284360834e-32,5.214671283957861e-32,5.214671285337238e-32,5.214671313412035e-32,5.214671313393928e-32,5.214671313407364e-32,5.214671313389057e-32,5.2146713703946e-32,5.214674206559951e-32,5.214674239288879e-32,5.214674237152379e-32,5.214674372783328e-32,5.214674362355369e-32,5.214674358126609e-32,5.214674370338051e-32,5.214674499651114e-32,5.214674504555593e-32,5.214674755023258e-32,5.214674754385719e-32,5.21467475496234e-32,5.214689634391738e-32,5.214689626169191e-32,5.214689623678496e-32,5.214689617328172e-32,5.214689927974172e-32,5.214689927496957e-32,5.214689926554528e-32,5.214689915504308e-32,5.214689913727536e-32,5.21468983947705e-32,5.214690315537232e-32,5.214690280465596e-32,5.214690283107667e-32,5.214693566689561e-32,5.21469357954772e-32,5.214693586467917e-32,5.214693605791817e-32,5.21469322956269e-32,5.214693610260239e-32,5.214693605200923e-32,5.214693558414508e-32,5.214690679923018e-32,5.214690916015684e-32,5.214690916838081e-32,5.214690791856328e-32,5.214689011427484e-32,5.214688877867777e-32,5.214689181503874e-32,5.214689200516362e-32,5.214689203403879e-32,5.21468917453871e-32,5.2146891750458e-32,5.214689091217895e-32,5.21468886655874e-32,5.214688719541076e-32,5.214688751274238e-32,5.214688754756739e-32,5.214688756672102e-32,5.214688753183302e-32,5.214688781871488e-32,5.214688767081352e-32,5.214686554755859e-32,5.214686558110079e-32,5.214686557824246e-32,5.214686563006549e-32,5.21468675650988e-32,5.214686225938599e-32,5.2146862972888e-32,5.214686299015461e-32,5.214686285946392e-32,5.214686126793925e-32,5.214686034515999e-32,5.214686464545355e-32,5.21468645991163e-32,5.214686548228399e-32,5.214686548282386e-32,5.214686571795066e-32,5.214686563230135e-32,5.214686561507151e-32,5.21468655818629e-32,5.214686553245234e-32,5.214686553561015e-32,5.21468655864454e-32,5.214686354608742e-32,5.214686372702085e-32,5.214686373543695e-32,5.21468373542401e-32,5.21468372735911e-32,5.214683672248844e-32,5.214683672419755e-32,5.214683606980238e-32,5.214586119820836e-32,5.214586147454924e-32,5.214586150910779e-32,5.21458617894564e-32,5.214586177781298e-32,5.214585457589541e-32,5.214585588862075e-32,5.214585508998056e-32,5.214585463950584e-32,5.214585462915707e-32,5.214585455526589e-32,5.21458545555841e-32,5.214585455542793e-32,5.21458546831878e-32,5.214585483750827e-32,5.214585404160895e-32,5.21458540672528e-32,5.214585402582746e-32,5.214585403081085e-32,5.214585403256856e-32,5.214585412160073e-32,5.214585417096043e-32,5.21458516584e-32,5.214585162311144e-32,5.214585490585917e-32,5.214585480647771e-32,5.214585483806319e-32,5.214585478346556e-32,5.214585478357012e-32,5.214585477437377e-32,5.214578603237097e-32,5.214578652343236e-32,5.214578936714693e-32,5.214578965548852e-32,5.214577344490421e-32,5.21457734840979e-32,5.214577346480887e-32,5.214577345372508e-32,5.214577305971551e-32,5.214577305774166e-32,5.214577304242842e-32,5.214577306029784e-32,5.213723453801584e-32,5.21372345370576e-32,5.213723447214578e-32,5.213723425271868e-32,5.213723429465279e-32,5.213724060239193e-32,5.21372406023822e-32,5.213724058862658e-32,5.213724136645537e-32,5.213724114938151e-32,5.213724115729549e-32,5.213724123503201e-32,5.213724122175084e-32,5.213724122164015e-32,5.213724126617786e-32,5.213724098069093e-32,5.213724097642845e-32,5.213724097540866e-32,5.213724107693738e-32,5.213724219248241e-32,5.213724219977839e-32,5.213724252476688e-32,5.213725053597153e-32,5.213725036890253e-32,5.213725037892895e-32,5.213725037686886e-32,5.213725059918776e-32,5.213725063243449e-32,5.213725063324767e-32,5.213724873723237e-32,5.213724171950825e-32,5.213724180440291e-32,5.213723964748256e-32,5.213723916796237e-32,5.213723985078332e-32,5.213724216096998e-32,5.21372403050049e-32,5.213724085161407e-32,5.213724087470186e-32,5.213752809085606e-32,5.213755166801218e-32,5.213755176619613e-32,5.213755176603379e-32,5.213755171026579e-32,5.213755320572094e-32,5.213755318415243e-32,5.213755318172782e-32,5.213755318173866e-32,5.213755318939467e-32,5.213755730216216e-32,5.213755877731107e-32,5.213755906409929e-32,5.213755892604695e-32,5.21375594030893e-32,5.213755926288577e-32,5.213755927453492e-32,5.213755927991819e-32,5.213755929971726e-32,5.213755931795734e-32,5.213755937073721e-32,5.213757481962663e-32,5.213757480806418e-32,2.296816353457607e-32,1.8705936751222917e-32,1.8705936696223455e-32,1.870593670094803e-32,1.8705788237763795e-32,1.870578828416471e-32,1.870578835736102e-32,1.8705788338293555e-32,1.870578819308544e-32,1.8705788194745909e-32,1.8705788202636478e-32,1.870579046700984e-32,1.8705789522375638e-32,1.8705789564721222e-32,1.8705787977331285e-32,1.8705788070446287e-32,1.8705790604287828e-32,1.8705790576156148e-32,1.870579045736751e-32,1.8705790585985392e-32,1.8705790854514864e-32,1.8703356759749956e-32,1.8703356810497783e-32,1.8703356337954967e-32,1.8703356293115312e-32,1.8703364045184173e-32,1.8703383457189206e-32,1.870338491369738e-32,1.8703384902935645e-32,1.8703384987753693e-32,1.8703384347407394e-32,1.8703384357716468e-32,1.8703384355852944e-32,1.8703384356036106e-32,1.8703384353836798e-32,1.8703420386302825e-32,1.87034203869215e-32,1.8703420384711528e-32,1.8703420387987668e-32,1.8703413201662628e-32,1.8703413245190026e-32,1.8703416121386353e-32,1.870341629605952e-32,1.87033960090295e-32,1.8703121244067557e-32,1.8703120333558096e-32,1.8703120268768005e-32,1.870312035776099e-32,1.8703120344153757e-32,1.870312034279469e-32,1.870312034361849e-32,1.870312120976402e-32,1.8703120169067195e-32,1.870311937076529e-32,1.8703119320235317e-32,1.829305507996084e-32,1.8293056173705085e-32,1.9184496378084852e-32,1.9184496218071152e-32,1.9184496218072606e-32,1.9184496329243467e-32,1.9185189542264367e-32,1.9185129027259598e-32,1.918512917608658e-32,1.9185129193851811e-32,1.9185128220250866e-32,1.9185127713991678e-32,1.9185127713794448e-32,1.918512314753785e-32,1.9185123290958377e-32,1.9185123040365532e-32,1.9185123160726974e-32,1.9185123234857907e-32,1.9185122428308387e-32,1.9185122212842617e-32,1.918512399362791e-32,1.9185124015745207e-32,7.697752119485765e-33,7.697752157905292e-33,7.697752786445791e-33,7.697752786695971e-33,7.697752787510288e-33,7.697752797819912e-33,7.697752870829153e-33,7.697753468441662e-33,7.69775347389219e-33,7.697753473234626e-33,7.697753370560907e-33,7.697755394106254e-33,7.697755990042584e-33,7.697755897347076e-33,7.697755895656486e-33,7.69775598680834e-33,7.69775595756131e-33,7.697756030506236e-33,7.697756132993599e-33,7.697756131980888e-33,7.69775610605777e-33,7.6977393877996e-33,7.697744511733366e-33,7.697745389512857e-33,7.697745100624374e-33,7.697754454719558e-33,7.69775530213881e-33,7.69775446467257e-33,7.697754441739514e-33,7.697754468192142e-33,7.697817312283216e-33,7.69781680535073e-33,7.697817522905116e-33,7.697817678547358e-33,7.697817761082518e-33,7.697817776342597e-33,7.697817776395892e-33,7.697817901890892e-33,7.69781671486954e-33,7.697816947241276e-33,7.697891064578364e-33,7.69789072545339e-33,7.697890775553658e-33,7.697890767746215e-33,7.697892291559859e-33,7.697893163735183e-33,7.697893157618976e-33,7.697893163490933e-33,7.697892967512295e-33,7.697885994490829e-33,7.69788614513859e-33,7.69788153667774e-33,7.697881540092245e-33,7.697881469490315e-33,7.697881323652026e-33,7.697881515346563e-33,7.697881515798359e-33,7.69788151892626e-33,7.697881520987338e-33,7.697881291502208e-33,7.697881905026496e-33,7.697881906345345e-33,7.697881906493223e-33,7.697881881160127e-33,7.697881733014507e-33,7.697881737460007e-33,7.697881479435638e-33,7.697881491362107e-33,7.697867225131795e-33,7.697867224820456e-33,7.697866271860975e-33,7.69786629176649e-33,7.697868010043888e-33,7.697867690750466e-33,7.6978676912607e-33,7.697867691260717e-33,7.697867637585896e-33,7.69786680671926e-33,7.69786629761062e-33,7.697865097751567e-33,7.697863105095588e-33,7.697861751927206e-33,7.697861529457542e-33,7.697861541570325e-33,7.697861537349064e-33,7.697861533509633e-33,7.69786176501157e-33,7.697861765010154e-33,7.697857620924953e-33,7.697857621173023e-33,7.697789778823021e-33,7.69778977882887e-33,7.697870558435496e-33,7.697869748304675e-33,7.697869742109287e-33,7.697869292711398e-33,7.697869270125862e-33,7.697871109695217e-33,7.697871030037305e-33,7.697871011514326e-33,7.69787583918541e-33,7.69787583900685e-33,7.697875329436069e-33,7.697875316319888e-33,7.697875309950562e-33,7.697875309950686e-33,7.697875685327269e-33,7.697875685941092e-33,7.697875616991707e-33,7.697875621897389e-33,7.697875805033623e-33,7.69787580502999e-33,7.697875788532924e-33,7.697875993027892e-33,7.697875967999044e-33,7.69787596799173e-33,7.697875967940421e-33,7.697876215053865e-33,7.697876288776892e-33,7.697875888032881e-33,7.697875965053677e-33,7.697875901429505e-33,7.697493772730338e-33,7.697493771138745e-33,7.697493757685675e-33,7.697492178946227e-33,7.697528073487159e-33,7.69751803540958e-33,7.697517513112197e-33,7.697517608079047e-33,7.697517582961892e-33,7.697565947789544e-33,7.69756574718362e-33,7.69756294985873e-33,7.697563409927465e-33,7.697563602543738e-33,7.697562673954004e-33,7.697562723027779e-33,7.697563621458693e-33,7.697563197557943e-33,7.697563199105728e-33,7.697563199108863e-33,7.697576473806174e-33,7.697576474506334e-33,7.697582407442609e-33,7.697574319033553e-33,7.697580017079404e-33,7.697617726214604e-33,7.697617781772987e-33,7.697617763652518e-33,7.697618326390793e-33,7.697618320236758e-33,7.697628554180993e-33,7.697628459522796e-33,7.697631042315895e-33,7.697631443719193e-33,7.697631114787692e-33,7.697665816403673e-33,7.697666358672285e-33,7.69766637837719e-33,7.697666543117584e-33,7.697671526247146e-33,7.697654620095108e-33,7.697654593870315e-33,7.697654962714167e-33,7.697655092477328e-33,7.697654763331483e-33,7.697654793241317e-33,7.697654737031449e-33,7.697655136072105e-33,7.697655123533716e-33,7.697655989851671e-33,7.697657124818764e-33,7.697656826116587e-33,7.697656995789113e-33,7.697656979062035e-33,7.697656968932578e-33,7.697659116454799e-33,7.697659133999784e-33,7.697659035411254e-33,7.697659035765734e-33,7.697658617764845e-33,7.697659280936548e-33,7.697659285159406e-33,7.697659210681135e-33,7.697659210725902e-33,7.697659229214005e-33,7.697620301791282e-33,7.697594954865794e-33,7.69759495207581e-33,7.697594948739145e-33,7.697594927802579e-33,7.697594928745476e-33,7.69756949410659e-33,7.69756949137273e-33,7.697569501216743e-33,7.697569491346654e-33,7.69756975944122e-33,7.697569972993186e-33,7.697559501027355e-33,7.697559506512148e-33,7.697559710292988e-33,7.69755975038058e-33,7.697578653024911e-33,7.697580499733895e-33,7.697580506045575e-33,7.697579756372307e-33,7.697579637060499e-33,7.697579228180084e-33,7.697577612229903e-33,7.69757763881914e-33,7.697577776674981e-33,7.697582291473545e-33,7.697582241711667e-33,7.697582238677194e-33,7.697593933790251e-33,7.697594495167137e-33,7.697594473750049e-33,7.697593491097511e-33,7.697593506585391e-33,7.697593438926214e-33,7.697625962211299e-33,7.697626053886624e-33,7.69762819636064e-33,7.697628208474779e-33,7.696875028525314e-33,7.69687585032034e-33,7.696875839336374e-33,7.696875840560207e-33,7.69687583413294e-33,7.696875844835729e-33,7.696875853826732e-33,7.696875854908285e-33,7.696918305864947e-33,7.696918385742964e-33,7.696918384076426e-33,7.696916438892288e-33,7.69691645781101e-33,7.69691572407378e-33,7.696912811651491e-33,7.696912803331877e-33,7.696912940840318e-33,7.696913073636875e-33,7.696913072786787e-33,7.696913070078387e-33,7.696912986621449e-33,7.696914027356943e-33,7.69691417714567e-33,7.696902742991339e-33,7.696902737273068e-33,7.696899218155525e-33,7.696899245368804e-33,7.696899332272477e-33,7.696899345987647e-33,7.696898583326264e-33,7.696899840301294e-33,7.696900342381476e-33,7.696900451952599e-33,7.696908221566741e-33,7.696905188903585e-33,7.69690508187583e-33,7.696904719607786e-33,7.696904733768746e-33,7.696904367679803e-33,7.696907046713161e-33,7.696906897541404e-33,7.696908585920361e-33,7.696908550114964e-33,7.696907520152412e-33,7.69690193938293e-33,7.696901811497319e-33,7.696901083909596e-33,7.696901057277158e-33,7.696901041677111e-33,7.696900483361879e-33,7.696900506770078e-33,7.69690214899755e-33,7.696902150389856e-33,7.696901947063767e-33,7.696901946616363e-33,7.696901620876078e-33,7.696898836930366e-33,7.696898833872336e-33,7.69689883405272e-33,7.696898833368175e-33,7.696898797170122e-33,7.696875183853404e-33,7.696875178785839e-33,7.696875194321016e-33,7.696875233707012e-33,7.696875238309421e-33,7.696875237899029e-33,3.6043245915218126e-33,3.60432459262985e-33,3.604324588430315e-33,3.60432460602512e-33,3.6043246060021816e-33,3.6043228121177295e-33,3.604323092398258e-33,3.6043231369623926e-33,3.604323196813959e-33,3.6043205868293515e-33,3.604320621199172e-33,3.604320615995682e-33,3.6043202646936344e-33,3.604320284904337e-33,3.604322408356566e-33,3.604322487933916e-33,3.604322543893188e-33,3.6043226278722554e-33,3.604323191188592e-33,3.60432381563997e-33,3.604323912124045e-33,3.604323803329201e-33,3.604323808603745e-33,3.6043253705736446e-33,3.604325114366165e-33,3.604325114175773e-33,3.604324752376735e-33,3.604324758142232e-33,3.604324788056879e-33,3.604324594708841e-33,3.604323954945878e-33,3.604325053400953e-33,3.6043250501829396e-33,3.604325050960508e-33,3.604328234899157e-33,3.604329356734875e-33,3.603929497293707e-33,3.603929511492591e-33,3.6039295749969175e-33,3.603929531769202e-33,3.603929439306304e-33,3.6039294595939924e-33,3.6039295398991826e-33,3.603929530577347e-33,3.603927644433425e-33,3.603927640920349e-33,3.603914285388141e-33,3.603913109928284e-33,3.603987340201731e-33,3.603987199669213e-33,3.6039872312338334e-33,3.603986833700371e-33,3.604003297823721e-33,3.602754776005005e-33,3.602719121863659e-33,3.6027143421181726e-33,3.602717040426809e-33,3.602715675031945e-33,3.602715674166766e-33,3.598002231693094e-33,3.598002221775923e-33,3.5980019866243856e-33,3.5980025174268535e-33,3.598009747741255e-33,3.5980097405314094e-33,3.598011051373953e-33,3.59801106218185e-33,3.598009123785493e-33,3.598008864348232e-33,3.5980088662435144e-33,3.598011414483444e-33,3.5980115292009245e-33,3.598011542120008e-33,3.5980194166343906e-33,3.598019469440298e-33,3.598019732221099e-33,3.598019698549308e-33,3.5980194594187525e-33,3.598019255477997e-33,3.598019150473938e-33,3.598019147636651e-33,3.598019074401151e-33,3.598018649064644e-33,3.598019058082201e-33,3.600256243854363e-33,3.600256243813262e-33,3.600256170988136e-33,3.600256178676321e-33,3.6002612838307235e-33,3.6002680456317154e-33,3.600270090920046e-33,3.6002701004740086e-33,3.600270101827159e-33,3.60027008355652e-33,3.60024224511562e-33,3.600242144851028e-33,3.600242144743795e-33,3.600242161655097e-33,3.600242144748395e-33,3.600242218325094e-33,3.600242234519693e-33,3.600241927393254e-33,3.600241942316961e-33,3.600241940882892e-33,3.600241942759697e-33,3.600241981002313e-33,3.600243204503606e-33,3.6002433002053634e-33,3.600242398822856e-33,3.6003942016319856e-33,3.60039292913234e-33,3.600392615030017e-33,3.6003922132447264e-33,3.600392247939025e-33,3.6003919221141726e-33,3.603448678721824e-33,3.603444732409293e-33,3.603444732506111e-33,3.6034447381369396e-33,3.603444738232909e-33,3.603444672892648e-33,3.6034446728960144e-33,3.6034449286910895e-33,3.6034449611854616e-33,3.6034421852051216e-33,3.6034425598264816e-33,3.603442557884781e-33,3.603443125472192e-33,3.603443125519828e-33,3.603443125134794e-33,3.603443125916858e-33,3.603443432176333e-33,3.6034430843436066e-33,3.603536077682433e-33,3.603536118848812e-33,3.6035364693539336e-33,3.603536664517748e-33,3.6035366332553196e-33,3.603536101211224e-33,3.603536100318668e-33,3.603536069114747e-33,3.6035334663424e-33,3.603532800898828e-33,3.603517049070071e-33,3.603517051250794e-33,3.6035170683608654e-33,3.60351705720139e-33,3.6035170574944294e-33,3.5909182589486834e-33,3.590920661381091e-33,3.59092073793169e-33,3.590920796939986e-33,3.5909207913786236e-33,3.5909212098206686e-33,3.590920692216562e-33,3.59087521733888e-33,3.590875210127646e-33,3.590876007192179e-33,3.590876007190248e-33,3.5908760148106886e-33,3.590875723943222e-33,3.59087580140534e-33,3.5908756887164e-33,3.590882234907198e-33,3.590882235062514e-33,3.590882234831548e-33,3.5908822461352334e-33,3.590881999631083e-33,3.590881994300757e-33,3.5908826560442604e-33,3.5908826149686656e-33,3.59088261492051e-33,3.5908826143990863e-33,3.590894253601831e-33,3.5908942583877445e-33,3.5908942604199516e-33,3.590893718666136e-33,3.590893714144289e-33,3.590893712070952e-33,3.590893672176029e-33,3.5908935586963094e-33,3.590893553716663e-33,3.590898176933897e-33,3.590898130790954e-33,3.590897998791395e-33,3.5908980016657055e-33,-3.0354793415331105e-32,3.3615186319306923e-41,-3.1213897802148736e-40,9.723367052239495e-39,4.6495039658072994e-36,4.649452892694935e-36,4.649622135557008e-36,4.650432302888407e-36,4.649278521237454e-36,4.6522528213583626e-36,4.652252464477497e-36,4.652409008589055e-36,4.652519286221731e-36,4.652790378616771e-36,4.652591148248974e-36,4.652271014160984e-36,4.6526613245981336e-36,4.514412469645497e-36,4.5144062165814826e-36,4.5144432776064686e-36,4.514438650541794e-36,4.514448207811792e-36,4.5144479871969483e-36,4.514450713365051e-36,4.5169414078456845e-36,-4.104031429584159e-37,-8.39786760920547e-40,-1.8906706247527917e-40,4.770323346169478e-38,4.755492713933085e-38,4.755490190679035e-38,4.750242075306968e-38,4.75109100999708e-38,4.751168171626594e-38,4.761897499699068e-38,4.740537927808547e-38,4.740394750333738e-38,4.739808996595193e-38,4.98014576052407e-38,4.980068665969492e-38,1.3340487309790304e-37,1.331413735406123e-37,1.3314636134965506e-37,1.3318564104342175e-37,1.331973593619652e-37,1.3320461552454668e-37,1.3709738634817191e-37,1.34139530316257e-37,1.3510709774147454e-37,1.350506252668886e-37,1.3514785899288536e-37,1.0084897849863594e-37,1.131855383540382e-37,1.1380127632904251e-37,1.1380121291924604e-37,1.1380635580746456e-37,1.137659578921142e-37,1.1376590596913567e-37,1.0811575334888333e-37,1.0534411145908316e-37,1.075787057653932e-37,7.022330921159503e-38,-9.818764244811592e-36,-1.9395785722544457e-41,-8.11050212382937e-48,-7.836684574216957e-39,1.2412521441119136e-40,-1.236607252390364e-40,1.4409578857287535e-39,1.3655065752314236e-39,1.3658224568562079e-39,6.939512905903432e-40,-1.6060043527517604e-38,2.842278151967149e-41,-1.1224871292253921e-41,4.76292714319288e-40,-1.4276969315736932e-37,-8.090234510034066e-42,-6.558076254661936e-40,-1.180665401724274e-41,-5.181749095090489e-41,3.9837295357748083e-41,3.968270804641658e-39,3.964770007103542e-39,4.381545848949901e-39,4.246929452747936e-39,4.256438040771966e-39,4.2617779370786116e-39,4.247207069305187e-39,4.225495523780968e-39,4.47399869513451e-39,4.471712315874268e-39,4.3888363535376576e-39,4.415538558085886e-39,4.361041135065227e-39,6.63287173791546e-39,6.534525736210442e-39,4.9831431387193446e-39,4.983451749500468e-39,5.2945782544543416e-36,5.294586568633456e-36,5.294586568609022e-36,5.296110622175045e-36,5.296340779561022e-36,5.2963512957343644e-36,5.2995154337465224e-36,5.299515434003599e-36,5.298818637216281e-36,5.2988173999801144e-36,5.2988174227972294e-36,5.298923104282354e-36,5.298923104178994e-36,5.2989231040105724e-36,5.298890162159684e-36,5.2988901623737246e-36,5.298890044846888e-36,5.2988900447279186e-36,5.298890046089387e-36,5.2989156196682934e-36,-1.6882668430532562e-32,6.733987177335745e-45,9.508328594274196e-42,7.813001176791726e-43,2.442248104777403e-41,6.241989407933569e-39,6.239589246850524e-39,6.23662770788522e-39,6.236643955446136e-39,6.237277973606801e-39,6.237663212463511e-39,6.124313991761325e-39,6.130337678894202e-39,5.9396336547804285e-34,5.939633323590003e-34,5.93963382616342e-34,5.9396339223960456e-34,5.939633979225849e-34,5.939634448778286e-34,5.939634485515087e-34,5.939634485739727e-34,5.9392843094294066e-34,5.9392812812090145e-34,5.93928128325459e-34,5.939280902779639e-34,5.93928122321104e-34,5.939281224593883e-34,5.939281101718907e-34,5.9391948234099604e-34,5.939375901150682e-34,5.939363358405713e-34,5.939363916982305e-34,5.939360747303516e-34,5.939360751165032e-34,5.939297095423068e-34,5.939297138923266e-34,5.939232507084257e-34,5.939292642762837e-34,5.939293341302105e-34,5.939291995711294e-34,5.9392880058992245e-34,-7.09637857719243e-33,-1.0210349615611457e-39,-7.991489513347952e-41,5.316650985280594e-40,-1.6742642505703032e-38,1.4763213863173055e-38,1.5274214795769094e-38,1.5075043701259972e-38,1.833739167616372e-38,1.684075977824613e-38,1.6786307843817095e-38,1.6527221925103408e-38,1.6503174978640578e-38,1.1231577549405185e-38,1.1238553299872434e-38,1.1215466097274149e-38,1.2220614633923331e-38,1.1634474731002099e-38,1.1542834222732736e-38,1.1550368162460744e-38,1.172031897970071e-38,1.9335154154578393e-38,1.585500541250683e-38,1.609976639913382e-38,1.6096566718534352e-38,1.6383482977459837e-38,1.67297995995915e-38,1.6730512433118512e-38,5.596970515823947e-38,4.800223315001904e-38,4.6912888397932223e-38,1.5266949170533194e-37,1.530839257816533e-37,1.5318011895061394e-37,1.541974690092292e-37,1.4613414153184153e-37,1.6825648228360364e-37,1.6818446654195614e-37,1.7086281700321617e-37,2.1111847763452725e-37,2.111183845226208e-37,2.1112091443396007e-37,2.1112663750997907e-37,2.1124292436613658e-37,2.1116210990401755e-37,2.1113278262114663e-37,2.1109794979500413e-37,2.092063487590212e-37,1.6396767574674796e-35,1.639644164430183e-35,1.6396442936486752e-35,1.6396466040013602e-35,1.6396062782103435e-35,1.639493296219005e-35,1.6395008773456812e-35,1.6395140115003802e-35,1.6395140115139156e-35,1.6395148655251753e-35,1.630939734425784e-35,1.6357752502378767e-35,1.6364683142843025e-35,1.636479472543729e-35,1.636464511305614e-35,1.6363220639541193e-35,1.6365834798679064e-35,1.6379706690500468e-35,1.6379684710804113e-35,1.6379683078651378e-35,1.780639998278442e-35,1.7807103169920796e-35,1.7807552611862368e-35,1.7807577045603172e-35,1.7807183999405806e-35,1.7807184255125518e-35,1.7818274306519526e-35,1.7818288225587467e-35,1.7818247025193863e-35,1.7815748817145618e-35,1.781578194604296e-35,1.781575540694719e-35,1.781579449225378e-35,1.7816373656793212e-35,1.781653064899581e-35,1.7819412196047234e-35,1.7819717668419415e-35,1.782633015361581e-35,1.7826663214536602e-35,1.7826661725590242e-35,1.7826117949949427e-35,1.782613107607484e-35,1.7807232814132695e-35,1.780723168983186e-35,1.7807656592866638e-35,1.7997027601043898e-35,1.7997101285806138e-35,1.7997101253576643e-35,1.7997080190222062e-35,1.7993972716216638e-35,1.799397253905281e-35,1.7994012572814557e-35,1.7994011259273067e-35,1.799401174754034e-35,1.7994212790195623e-35,1.7993819016706212e-35,1.8013225084194782e-35,1.8016734332043945e-35,1.8016740635015675e-35,1.8016670662601622e-35,1.8016244330073887e-35,1.8016243515611467e-35,1.801631461538081e-35,1.7990885854011762e-35,1.811420177963267e-35,1.8091812351560886e-35,1.8125444393266705e-35,1.8125458917405192e-35,1.8123845404199172e-35,1.812384650038003e-35,1.813351855360851e-35,1.813349608639014e-35,1.8133506628684039e-35,1.8133321053882847e-35,1.8132995087327467e-35,1.8133621557256166e-35,1.7813597135410898e-35,1.7813630639809248e-35,1.781295713622311e-35,1.781436246677555e-35,1.7814440990555001e-35,1.7814155724440327e-35,1.7831339846085523e-35,1.7830858027369578e-35,1.7830462650036917e-35,1.8143325188827402e-35,1.8136991844485357e-35,1.813697056400582e-35,1.813702403644146e-35,1.8137155845020557e-35,1.8137175084210818e-35,1.8137198982387554e-35,1.813725798281236e-35,1.8137251131669834e-35,1.8141536554218573e-35,1.8146618877502402e-35,1.814662899690227e-35,1.8146597834151127e-35,1.8145872126178767e-35,1.8145876390368236e-35,1.8145862995322304e-35,1.81494736681798e-35,1.8149473251446977e-35,1.8149475643245233e-35,1.814936216148464e-35,1.8149389113774025e-35,1.8149253327307006e-35,1.8149192595057817e-35,1.8147506204342165e-35,1.8147364532211498e-35,1.8147287958321288e-35,1.8147428753612614e-35,1.8147427348395492e-35,1.8147606956849378e-35,1.8147607354452032e-35,1.814739293191629e-35,1.8147871126817226e-35,1.8147788303611757e-35,1.8147479497124688e-35,1.814543704192014e-35,1.8144340424116316e-35,1.8144569998455504e-35,1.814450290388002e-35,1.9003258758849776e-35,1.8994079522277616e-35,1.898716320502907e-35,1.8917852672087525e-35,1.8917948048985394e-35,1.8917766094903405e-35,1.8917760491242923e-35,1.8917593681087752e-35,1.8917593912959964e-35,1.8917662255831696e-35,1.8917530076153313e-35,1.8838326108488416e-35,1.8838321800247193e-35,1.8838332599931475e-35,1.8838323242546237e-35,1.8838306287224342e-35,1.8838323983211236e-35,1.883394353428062e-35,1.881636625820358e-35,1.8816410232675137e-35,1.8817689180606474e-35,1.8817933501307633e-35,1.8819729822103356e-35,1.8819357814772386e-35,1.8818933128226455e-35,1.881893873115858e-35,1.8818592200311946e-35,1.881713626310756e-35,1.8819685930376971e-35,1.8819569676882238e-35,1.881956315206869e-35,1.881954258973494e-35,1.8820050807827026e-35,1.8818021520059139e-35,1.8816483012714634e-35,1.8816646305499075e-35,1.8816717979833302e-35,1.8812725199151262e-35,1.8816411927219164e-35,1.8816247531675845e-35,1.8814887297944034e-35,1.8814803590807256e-35,1.8817078207752288e-35,1.8817008748652124e-35,1.8817043049653392e-35,1.881816268653295e-35,1.8819598784929942e-35,1.8799893947673048e-35,1.8799893947438724e-35,1.8801135480195305e-35,1.8802913239132315e-35,1.8801607632305852e-35,1.880145208456202e-35,1.8801450299008507e-35,1.8801004227229451e-35,1.880114310707967e-35,1.8789435311380473e-35,1.878975701485122e-35,1.8789805350490183e-35,1.8788431372578743e-35,1.8788415857463387e-35,1.878838357796347e-35,1.878839335259645e-35,1.8788389526678384e-35,1.879032333535928e-35,1.8790239388163949e-35,1.8790334427454568e-35,1.8790323492712315e-35,1.879036404091283e-35,1.8790231955286315e-35,1.9089027695322922e-35,1.9089047029746916e-35,1.911544247675935e-35,1.9120776950515258e-35,1.9120692675095785e-35,1.9132843983548666e-35,1.913283923577642e-35,1.913107306407314e-35,1.913141295823937e-35,1.913140910484678e-35,1.9131622513317502e-35,1.913215433122417e-35,1.912854489039382e-35,1.912859958290762e-35,1.9128599902871338e-35,1.9130316416403486e-35,1.9069497356643212e-35,1.9065874540790686e-35,1.9066104366692183e-35,1.906609923935327e-35,1.9066194666560606e-35,1.9066206087661682e-35,1.9066418080654176e-35,1.9066435364501153e-35,1.9066435186280534e-35,1.9066421987635924e-35,1.906647969457913e-35,1.9066547012979158e-35,1.9066700140136466e-35,1.9066708615647786e-35,1.9066435800352746e-35,1.9066481021082292e-35,1.9066461458948375e-35,1.9066467591657196e-35,1.9066426225785956e-35,1.9063009777068539e-35,1.906234861029402e-35,1.9112727612872014e-35,1.9112704017500045e-35,1.9103296078227754e-35,1.9103300751239047e-35,1.9103290034617687e-35,1.9103282232726114e-35,1.9103314350978157e-35,1.9407229695088018e-35,1.940188729748565e-35,1.9401825880444978e-35,1.940165285614717e-35,1.9401113865912185e-35,1.9401264650792852e-35,1.9401440612403437e-35,1.9401270473651298e-35,1.940129890893911e-35,1.940113195760979e-35,1.9401133566713115e-35,1.940107665760898e-35,1.9402964814953362e-35,1.940334869904535e-35,1.9403423386681618e-35,1.940451549885434e-35,1.940455154537776e-35,1.9404604597889873e-35,1.9404569491110666e-35,1.9405031383415342e-35,1.940099287258265e-35,1.9398752871965863e-35,1.939809555643495e-35,1.9404814103230754e-35,1.9404794647412058e-35,1.9405640564694653e-35,1.940589028413336e-35,1.9406557423787164e-35,1.940655675337978e-35,1.9406845543656066e-35,1.9406812972061502e-35,1.940669364548574e-35,1.940669366409774e-35,1.9406245668847237e-35,1.9403998303102247e-35,1.940206549131613e-35,1.9402673318822636e-35,1.9403701283971486e-35,1.940325203799382e-35,1.9407525287205876e-35,1.9407061540421372e-35,1.9407204793445893e-35,1.9407326558149562e-35,1.940725951792473e-35,1.940761044074504e-35,1.9855088848613431e-35,1.985502559839431e-35,1.9855148005387305e-35,1.9856105483572877e-35,1.9856088516267248e-35,1.985762080033582e-35,1.9857674670057543e-35,1.985800108537062e-35,1.9857945452755455e-35,1.9859971321422184e-35,1.986018819439844e-35,1.986009256103825e-35,1.986002539523929e-35,1.9860034742003588e-35,1.9860119184648527e-35,1.9861484708085644e-35,1.9861484808424516e-35,1.9861179390847749e-35,1.986114579247594e-35,1.9861179906019258e-35,1.9861157118186676e-35,1.986358682526672e-35,1.98636309425198e-35,1.987235839940817e-35,1.9872460095701812e-35,1.987276409975732e-35,1.987213547663671e-35,1.987213905862497e-35,1.9872150058467515e-35,1.9871447706345313e-35,1.9871236008731895e-35,1.987126606462147e-35,1.9793638542082022e-35,1.9794059365744342e-35,1.9794098961170446e-35,1.979517416952046e-35,1.9795257269305253e-35,1.97945004198785e-35,1.9791804521531405e-35,1.9791169546788672e-35,1.979116019413415e-35,1.9792676745722277e-35,1.9794459896346083e-35,1.9794737465737587e-35,1.9794550219133843e-35,1.979411601986567e-35,1.979427789589318e-35,1.979400661341102e-35,1.9794191142408752e-35,1.978358397567132e-35,1.978439872686024e-35,1.978436309340147e-35,1.978434070283383e-35,1.9784504451448155e-35,1.9783872926661428e-35,1.978449974289839e-35,1.9784527225311427e-35,1.9784510162967618e-35,1.9784504881878672e-35,1.9784495426220384e-35,2.134588876384942e-35,2.139849606659014e-35,2.1378178259457253e-35,2.0655081799448783e-35,2.0654609796047286e-35,2.0654261990897555e-35,2.0654395499201205e-35,2.0654402335787876e-35,2.0654347111073405e-35,2.0654005039530305e-35,2.0653973570616463e-35,2.0654245512644019e-35,2.0651828758008784e-35,2.0651727846744826e-35,2.065217263759866e-35,2.0676596321624353e-35,2.067851652766613e-35,2.0678507590188829e-35,2.0677895420741086e-35,2.067817664742789e-35,2.0678420074809516e-35,2.0678419935550732e-35,2.0678421793558885e-35,2.067848290414013e-35,2.0678439974693288e-35,2.0677659125571857e-35,2.0677659453325164e-35,2.067765945313343e-35,2.0677693763858883e-35,2.0677693801271906e-35,2.067754920474858e-35,2.0677580110758663e-35,2.0677580110758674e-35,2.065060899082289e-35,2.0650826566724814e-35,2.0650826566717237e-35,2.0652034888439108e-35,2.065201128278129e-35,2.0651990346749884e-35,2.0651990342643253e-35,2.065264782061291e-35,2.0651966604172945e-35,2.0652281643269192e-35,2.0652048671532737e-35,2.0652056059851187e-35,2.0652178787349963e-35,2.065220208901948e-35,2.0652202089035536e-35,2.066002210272251e-35,2.040347522286807e-35,2.0405814186762416e-35,2.0405896738970014e-35,2.0405823250291883e-35,2.0404587460709873e-35,2.0405848563710477e-35,2.0403422638171238e-35,2.0403390239236297e-35,2.0403811646627134e-35,2.0403944661658284e-35,2.0404248315223758e-35,2.0404977012572315e-35,2.0405051319016708e-35,2.0405054244941685e-35,2.0400572910597455e-35,2.044785529254542e-35,2.0403327443103138e-35,2.040631273478592e-35,2.0408532053613146e-35,2.0433333588438736e-35,2.0432727076697274e-35,2.0433045110421893e-35,2.043302546041583e-35,2.0433041849121413e-35,2.0433299484854922e-35,2.0433362176377094e-35,2.0459961647843035e-35,2.04603405440565e-35,2.0460560320388452e-35,2.0454571710864057e-35,2.0454569713260224e-35,2.0462354759664048e-35,2.0458590531338255e-35,2.0458630555845869e-35,2.0458640778996484e-35,2.0458625407783494e-35,2.04490615953149e-35,2.044997219531415e-35,2.044991188634925e-35,2.0449887193432645e-35,2.0449888769524432e-35,2.044959008175281e-35,2.0449588187777243e-35,2.044957644809046e-35,2.044921318334136e-35,2.0449211836717913e-35,2.0449137480369804e-35,2.044913789589274e-35,2.0449134824267334e-35,2.0449293768476623e-35,2.0448407425576348e-35,2.0451877771749186e-35,2.0451938216631544e-35,2.0456871422344892e-35,2.045701970705642e-35,2.0453020580723228e-35,2.0452949642091667e-35,2.1106152105798338e-35,2.1106221337386892e-35,2.1106294045472474e-35,2.1105907260447942e-35,2.1105720319913574e-35,2.1105468537136695e-35,2.1107278922512187e-35,2.1114947495593543e-35,2.1114845631764146e-35,2.1114103907329805e-35,2.111418314290159e-35,2.1113935726112098e-35,2.11138070397731e-35,2.1111998255201796e-35,2.1111994064499634e-35,2.11321728158045e-35,2.1152687189130682e-35,-1.0277968479376023e-33,3.0557824050624344e-42,3.240861837104872e-42,4.244087745658345e-42,6.688232152999439e-42,5.299378962206361e-40,1.191235923057405e-40,5.604423195249263e-40,5.589080739829494e-40,6.849317772703692e-40,6.9018330782202046e-40,2.457513727342969e-38,2.458589795588083e-38,2.45815059457269e-38,2.831908396108043e-38,2.858919541119126e-38,2.8282434910712274e-38,2.791603903267121e-38,2.735861248707891e-38,2.32429654149646e-38,4.012307703316947e-38,3.9588360786181044e-38,3.970822730899213e-38,4.129815135202074e-38,4.1289734062793297e-38,4.136098336116009e-38,4.139153230463013e-38,4.1457897176442944e-38,4.032491922274134e-38,3.976845747156788e-38,4.107325245424175e-38,4.1032614593738454e-38,4.099194910782597e-38,4.0965947236896986e-38,4.0956211317442337e-38,4.096797225923578e-38,4.0744360433806814e-38,4.1238020705728035e-38,4.1248799453921065e-38,4.18629929663662e-38,-3.4321902869504563e-37,-4.902243644022862e-39,-3.6688531087316606e-38,-9.214584406333527e-42,5.188602204000415e-35,5.188605742065177e-35,5.18860428357608e-35,5.188604217616235e-35,5.18860388369432e-35,5.188604704798114e-35,5.188505832537521e-35,5.18850549354288e-35,5.188504547040956e-35,5.188482591495665e-35,5.188505951925433e-35,5.188501655323131e-35,5.188500324918137e-35,5.185119657455143e-35,5.185206158515893e-35,5.185186217949336e-35,5.184854169916995e-35,5.18484666785715e-35,5.184844423456384e-35,5.182488382717232e-35,5.182482216215324e-35,5.182485256182311e-35,5.183012665960289e-35,5.183098491345764e-35,5.183217677875889e-35,5.182946668749013e-35,5.182950003483481e-35,5.182947927506487e-35,5.182950607006464e-35,5.182957543483668e-35,5.182973364440066e-35,5.182973398597789e-35,5.183412448586945e-35,5.183409582740038e-35,5.183415674879069e-35,5.18157943441887e-35,5.181572819061847e-35,5.181588187338307e-35,5.180626944484278e-35,5.179605530468189e-35,5.179506997067178e-35,5.1795076954167e-35,5.179705185466859e-35,5.179626453439838e-35,5.179623701693624e-35,5.178055883968148e-35,5.177788379099423e-35,5.177786538014288e-35,5.177768473042798e-35,5.177764539323792e-35,5.177746389500933e-35,5.17768485961966e-35,5.17768573925967e-35,5.177685815292342e-35,5.177692320826666e-35,5.178411604301763e-35,5.178313333082362e-35,5.178312779628417e-35,5.178341073314265e-35,5.178338152860471e-35,5.178535182204115e-35,5.183113645423783e-35,5.183113898412242e-35,5.183114227265752e-35,5.18358451004359e-35,5.183584621317878e-35,5.183585002333547e-35,5.18358440996553e-35,5.205818982038398e-35,5.20576361041543e-35,5.205777324815705e-35,5.205782760063137e-35,5.205433394941702e-35,5.205454352685666e-35,5.20545514305886e-35,5.205455082187701e-35,5.205450822526881e-35,5.205450133935476e-35,5.205449403943201e-35,5.205429769242151e-35,5.205437360763341e-35,5.205498378903973e-35,5.205499481736613e-35,5.205497378454884e-35,5.205537906373798e-35,5.200585407003518e-35,5.181214023459083e-35,5.181217679122803e-35,5.181188570443094e-35,5.181145612198001e-35,1.6675813696967906e-35,1.6672328295954585e-35,1.6671294530273748e-35,1.667128516273443e-35,1.6671399957481904e-35,1.6671403415023946e-35,1.662702588307399e-35,1.662763459306282e-35,1.6632697160845957e-35,1.6633452814786962e-35,1.663365660786459e-35,1.663359552981032e-35,1.66293272668191e-35,1.6629718149173998e-35,1.6631412874230756e-35,1.6631288816310866e-35,1.663133339427453e-35,1.6604139546720073e-35,1.6604312740912744e-35,1.6603866970063856e-35,1.6603994225574478e-35,1.6605114844357754e-35,1.660683980356967e-35,1.6597395161039928e-35,1.6620763895319198e-35,1.628261442084785e-35,1.627910838728895e-35,1.628505586953962e-35,1.6062079387014526e-35,1.606217232573574e-35,1.6091508047722073e-35,1.611811788663722e-35,1.6116898086470317e-35,1.6114296869195277e-35,1.6114179429832838e-35,1.6116428197594895e-35,1.6116689148843063e-35,1.611676341935585e-35,1.611549802448881e-35,1.611636118932576e-35,1.6116153506339602e-35,1.6116178351801293e-35,1.611650978739091e-35,1.6116430933470032e-35,1.6116312434068135e-35,1.6102209812944395e-35,1.6104754193709508e-35,1.6106735540819132e-35,1.610674795511346e-35,1.6106560745515705e-35,1.6107512069818482e-35,1.6127901332753113e-35,1.6128532008107744e-35,1.6126636610832458e-35,1.6154232246631718e-35,1.615385994534943e-35,1.6149950277802304e-35,1.6203453478816853e-35,1.6167817505998853e-35,1.617074445565596e-35,1.629656686211807e-35,1.6301814615575813e-35,1.6301700123930527e-35,1.6259891876013438e-35,1.622938714264847e-35,1.6233244383310822e-35,1.623269757351557e-35,1.6232729898576547e-35,1.6234218477337226e-35,1.623427848619292e-35,1.623430415444206e-35,1.6234267415891892e-35,1.6234039594634999e-35,1.6233936273927061e-35,1.622843184545328e-35,1.6228497060717353e-35,1.6228467319440027e-35,1.6228195619811856e-35,1.622793832541401e-35,1.62279540786152e-35,1.6246203636944425e-35,1.6247621318380138e-35,1.6260635848726476e-35,1.627588085490499e-35,1.6275946844898201e-35,1.6274742772681894e-35,1.627554630761055e-35,1.627580042708524e-35,1.6273110342923574e-35,1.627272445707549e-35,1.6459252815907636e-35,1.6458998823890748e-35,1.6478166636969562e-35,1.6472587336155376e-35,1.6473766989477018e-35,1.647354859361387e-35,1.6468949961428028e-35,1.646900118478475e-35,1.6469056805855044e-35,1.6469865737473674e-35,1.6471792463521693e-35,1.6470441850280876e-35,1.647049991480187e-35,1.647061559077585e-35,1.6470876195701524e-35,1.6471017706680914e-35,1.6472764050627312e-35,1.647095107368215e-35,1.6470992898194782e-35,1.647063292370315e-35,1.6470638797378571e-35,1.6469615903528911e-35,1.6469598657462907e-35,1.6469496049613033e-35,1.6469405203169062e-35,1.6469214483001473e-35,1.646498485293936e-35,1.6465631075292333e-35,1.6887261344531088e-35,1.6887197301989112e-35,1.5313775491590088e-35,1.534889093234177e-35,1.6774319356600233e-35,1.6767275068842968e-35,1.671611158815228e-35,1.671619753541433e-35,1.6041326634313255e-35,1.6041367119861504e-35,1.6041248184009984e-35,1.6042466034903008e-35,1.6042068670497108e-35,1.6042124174024008e-35,1.603809462055677e-35,1.6038029822077982e-35,1.6037783609804022e-35,1.6037777939589812e-35,1.6037033101455014e-35,1.6032191540406262e-35,1.6031911589137853e-35,1.603167349602047e-35,1.6032682002884597e-35,1.6032950166358553e-35,1.603413168937049e-35,1.6033781675839162e-35,1.6015000848021726e-35,1.6015263242699113e-35,1.6015235278040278e-35,1.6015652680374152e-35,1.601528806549774e-35,1.60178321307817e-35,1.6018089568196408e-35,1.6017430153751892e-35,1.601738382276911e-35,1.6017531477891956e-35,1.601715545751247e-35,1.600543463149498e-35,1.599777592133637e-35,1.599784250443461e-35,1.602493224805437e-35,1.6024730728071916e-35,1.6039407555895492e-35,1.6039561809938782e-35,1.5825137119328429e-35,1.636156612208693e-35,1.635265016014939e-35,1.6353939102890388e-35,1.635339408172753e-35,1.635259466123059e-35,1.6351622618464798e-35,1.6355751603756934e-35,1.635587200286613e-35,1.6356542794507098e-35,1.635848198591207e-35,1.6386397963927068e-35,1.6387037490849544e-35,1.6386673065058553e-35,1.6386630315722984e-35,1.6385322343850895e-35,1.6385360614000137e-35,1.6385396488563043e-35,1.6385496417038625e-35,1.6385463469432e-35,1.6385405786081225e-35,1.6385478216138547e-35,1.6385502425484725e-35,1.6385118501850977e-35,1.6386162397850264e-35,1.6385199080588126e-35,1.6385195371687405e-35,1.6385193210547122e-35,1.638524468867449e-35,1.638522200242098e-35,1.639884985455436e-35,1.6398905036090777e-35,1.6398888326289283e-35,1.6398900006243238e-35,1.639879901059489e-35,1.6398587808217395e-35,1.639858944844162e-35,1.639867234043096e-35,1.637816886821799e-35,1.635787619131757e-35,1.6352890701822244e-35,1.6355358894282614e-35,1.635564340228483e-35,1.6354633191357056e-35,1.635481541781692e-35,1.6355641583189396e-35,1.6352070449574506e-35,1.6352025263984147e-35,1.6351992969377404e-35,1.6350312404584495e-35,1.6350324948780313e-35,1.6348282221627726e-35,1.6348297226550506e-35,1.6342646350980355e-35,1.6343118196266892e-35,1.634349382285801e-35,1.6336287932708157e-35,1.6336292902856492e-35,1.6336220907072494e-35,1.6336126573119346e-35,1.6336124672201346e-35,1.6336109519267718e-35,1.6336359067009056e-35,1.6336339847150123e-35,1.6336342667518168e-35,1.6336349399636168e-35,1.6336367680085096e-35,1.633635512858788e-35,1.6336340828566e-35,1.6336347648606086e-35,1.6335936467381786e-35,1.6335900980617076e-35,1.6335840276399354e-35,1.6335856187316337e-35,1.6333450990338338e-35,1.6333437306293865e-35,1.633266917907924e-35,1.63326682066193e-35,1.6332668250327085e-35,1.6332680308148723e-35,1.6332694085138324e-35,1.633282642554554e-35,1.6332814649523733e-35,1.6332851120134365e-35,1.6332856014808368e-35,1.6332860619162315e-35,1.6332862050885192e-35,1.6332836104112646e-35,1.6331985576853281e-35,1.633222043555142e-35,1.633306467737586e-35,1.6332249175847825e-35,1.6332247902664235e-35,1.6332402591389713e-35,1.6330808533765464e-35,1.6330808478011912e-35,1.633073526269971e-35,1.6332282603347886e-35,1.633231281418739e-35,1.6332299664298642e-35,1.6335483035203186e-35,1.6311233614577038e-35,1.631124326968063e-35,1.6430481122478682e-35,1.6505896375677278e-35,1.6444681740286464e-35,1.644475624185952e-35,1.6444580793937653e-35,1.6441566444677175e-35,1.6439699720735764e-35,1.650457418510768e-35,1.650761982399954e-35,1.7020035086726802e-35,1.7017900533818157e-35,1.7017722007985858e-35,1.7015671950906352e-35,1.701545886485434e-35,1.7015523183291538e-35,1.7015501907297327e-35,1.7015336417659458e-35,1.7015012354073508e-35,1.7016018209980089e-35,1.7016067780723367e-35,1.7017861775453973e-35,1.7018748544842024e-35,1.700208666469866e-35,1.700220207625541e-35,1.7002473259870828e-35,1.7004356549694386e-35,1.700403637101887e-35,1.6999784733102672e-35,1.6999260390180278e-35,1.6999346973036307e-35,1.6999838840634244e-35,1.699968200201761e-35,1.7000170950324165e-35,1.6999315416012323e-35,1.699761446857614e-35,1.699948436509621e-35,1.7002209970936098e-35,1.7002750864346613e-35,1.7001697754124183e-35,1.7004803552567087e-35,1.700643363721034e-35,1.7006716628507576e-35,1.7018653398071062e-35,1.7017056772571408e-35,1.7016964373793174e-35,1.7018562003417423e-35,1.701749617658695e-35,1.70197578525928e-35,1.7019752006056541e-35,1.7019752601329697e-35,1.7022668554432582e-35,1.7023233011382002e-35,1.7023230609577015e-35,1.7024837519171024e-35,1.7024349168067566e-35,1.7024612950236912e-35,1.7024780579968726e-35,1.7033539807617933e-35,1.7034425516384238e-35,1.7034416163271964e-35,1.7034413357520368e-35,1.7035366665126779e-35,1.7040716873251603e-35,1.7040360639144032e-35,1.704020188621182e-35,1.7040214401731082e-35,1.7040138712773535e-35,1.7042525288465322e-35,1.7025468292337348e-35,1.7025463345487837e-35,1.7027984060794805e-35,1.7027984060212739e-35,1.7037941914136075e-35,1.694681930422552e-35,1.694914942339407e-35,1.6956090157952057e-35,1.6972708859893755e-35,1.6974169671684269e-35,1.5343202802024795e-35,1.5348467833114891e-35,1.5350877865549044e-35,1.5349937305602342e-35,1.534721911178232e-35,1.5564949151368956e-35,1.5565014917053106e-35,1.5564937274835065e-35,1.5564793012601956e-35,1.556341420606508e-35,1.5563223405230362e-35,1.5570245751644637e-35,1.5552492689639455e-35,1.681614061924008e-35,1.6814983534688616e-35,1.681498353469629e-35,1.681503306093392e-35,1.6814457135775878e-35,1.6816551669222755e-35,1.6802374666720942e-35,1.6804505642892082e-35,1.6804505642738933e-35,1.680595573162913e-35,1.6806044329254778e-35,1.6806300379995315e-35,1.6807647227664816e-35,1.680049305658205e-35,1.679236870243387e-35,1.6792354442248037e-35,1.6791752826972488e-35,1.6791752693691612e-35,1.6799792403399676e-35,2.571714309376332e-33,2.5717143259869128e-33,2.571706875880788e-33,2.571706875880834e-33,2.5716971445549386e-33,2.5716939535017106e-33,2.5716928053158765e-33,2.5716927072561174e-33,2.5716920709402295e-33,2.571691904390416e-33,2.5717032588480422e-33,2.5717022679158468e-33,2.571702141746907e-33,2.5717020860624536e-33,2.5717020860647427e-33,2.5717053776133514e-33,2.5717053922198776e-33,2.5717053656870264e-33,2.571705427913145e-33,2.5716969197829386e-33,2.5716969826175258e-33,2.5716984513811714e-33,2.5716983655599402e-33,2.5716980874412843e-33,2.5716974964954735e-33,2.571697677108898e-33,2.5716966098800727e-33,2.571696622003462e-33,2.571696621192445e-33,2.5716966000942434e-33,2.571694540844182e-33,2.571694546575592e-33,2.5716936669743737e-33,2.571694817268135e-33,2.571691826394319e-33,2.5716918532300253e-33,2.5716902223105223e-33,2.57168815342877e-33,2.5716881463250478e-33,2.5716881439964086e-33,2.571688143893334e-33,2.571689852072489e-33,2.5716898828207442e-33,2.5716898827050478e-33,2.571689831848879e-33,2.571689831848154e-33,2.5716898319804997e-33,2.571689633279252e-33,2.5716880851525683e-33,2.5716874709116998e-33,2.571687482202346e-33,2.5716874890742316e-33,2.5716870118622035e-33,2.5716871300171135e-33,2.5716871436539337e-33,2.5716871847749807e-33,2.5716871930641222e-33,2.571675504601411e-33,2.5716705753789876e-33,2.5716725510220948e-33,2.5716923816496806e-33,2.5716923799706866e-33,2.571692358574831e-33,2.5716873564874694e-33,2.5716903149121356e-33,2.5716907766155602e-33,2.571694075544422e-33,2.5714613078552248e-33,2.5714613609450787e-33,3.1339949076689497e-31,3.133994910680163e-31,3.1339949167262677e-31,3.1339949154009656e-31,3.133994957385928e-31,3.1339949431532666e-31,4.939447785827827e-31,4.939447785373799e-31,4.9394477854347736e-31,4.9394477854347736e-31,4.9394484507225105e-31,4.939448476417901e-31,4.939448471017876e-31,4.9394488704513664e-31,4.9394488702470755e-31,4.939448872342945e-31,4.939448873473175e-31,4.939448701406555e-31,4.939448701417476e-31,4.939448701668023e-31,4.939449778314726e-31,4.939449140163179e-31,4.939449146001222e-31,4.939449659125482e-31,4.939467922149904e-31,4.939467916553717e-31,4.93946805722874e-31,4.939468046392879e-31,6.5305950415937365e-31,6.530595017412455e-31,6.530594212686118e-31,6.530593544476954e-31,6.530593773682952e-31,6.530592947314314e-31,6.530592948719404e-31,6.530686885985825e-31,6.530686885728799e-31,6.530686907383618e-31,6.530686893819077e-31,6.530691391343502e-31,6.530691399992819e-31,6.530691301746753e-31,7.306141564738099e-31,8.081676476494515e-31,8.081663038670067e-31,8.081663062519829e-31,8.08167025105125e-31,8.081670295209954e-31,8.081670281021199e-31,8.08167028113064e-31,8.081670318025356e-31,8.081670318075993e-31,6.5603306928227e-31,6.560330708523284e-31,6.560330721679142e-31,6.56033073605892e-31,6.560330791347239e-31,6.560330828833081e-31,6.560330810411794e-31,6.560331102768141e-31,6.560331135527622e-31,6.560330914797111e-31,6.560331040006131e-31,6.560331021474648e-31,6.5639510420409705e-31,6.563950766960798e-31,6.563973246084539e-31,6.549267111560588e-31,6.549267853625204e-31,5.013798097857336e-31,5.013797951690216e-31,4.971090669664899e-31,4.971085376984652e-31,4.975064136320654e-31,4.975064484262279e-31,4.975064464722931e-31,4.975064488075146e-31,4.975064583970431e-31,4.97506463166521e-31,2.4681352767560955e-30,2.4681352765444017e-30,2.4681352764506408e-30,2.4681352579167362e-30,2.4681352608624804e-30,2.3655653814428773e-30,2.365565381483851e-30,2.365565381577721e-30,2.3655653822001187e-30,2.3655654135186783e-30,2.365565217189426e-30,2.3636939450642922e-30,2.3736402697461105e-30,2.3736402858018352e-30,2.3736402865014755e-30,2.3736402868950568e-30,2.373640287061124e-30,2.373640678157564e-30,2.3736406755293057e-30,2.3732123529360556e-30,2.3732123510126158e-30,2.3732124437584046e-30,2.373374223149235e-30,2.3733742187432867e-30,2.373374161641652e-30,2.3733741403799636e-30,2.5424050071999185e-30,2.542405018305809e-30,2.5424050235619418e-30,2.5424056173230187e-30,2.5424058741789056e-30,2.5500409830246696e-30,2.5500410297187293e-30,2.5500410314438076e-30,2.550041028421994e-30,2.550041028805553e-30,2.5500410708498475e-30,2.5506807420498234e-30,2.3932206737159654e-30,2.3900144141592164e-30,2.3900144099711875e-30,2.390014579974411e-30,2.3900145785599015e-30,2.390014587104274e-30,2.3900162197109508e-30,2.3900162148284223e-30,2.3900162782177446e-30,2.390359398329039e-30,2.391304010861657e-30,2.391304010814482e-30,2.3913040077669523e-30,2.3913040064208062e-30,2.3913040060066072e-30,2.3912718566527256e-30,2.3912718629880576e-30,2.391271866102074e-30,2.391271954298587e-30,2.391044122213447e-30,2.3910441222985392e-30,2.3910441222547665e-30,2.3910441225420624e-30,2.391044122482751e-30,2.3910440922844773e-30,2.391044088901784e-30,2.416973895672393e-30,2.3446055412815732e-30,2.3446055328467944e-30,2.3446055329574273e-30,2.3446055330167614e-30,2.3903393948023987e-30,2.3903393323616023e-30,2.3903393376280593e-30,2.3903393426549292e-30,2.3722217482789652e-30,2.3722217469645182e-30,2.3722217454316028e-30,2.3722217454201486e-30,2.3722217460564053e-30,2.3722217453289734e-30,2.3721811259027444e-30,2.2302778123408777e-30,2.2298391337887832e-30,2.233864431668866e-30,2.233864436513721e-30,2.233864432297296e-30,2.2338644324473914e-30,2.2493685071091126e-30,2.249368534068031e-30,2.2815914679997163e-30,2.2815798766493767e-30,2.2815798775975972e-30,2.281562103056065e-30,2.3028745100273818e-30,2.303653592799778e-30,2.3036535934343427e-30,2.3036535934405245e-30,2.303653589396462e-30,2.3036535883245923e-30,2.2937247370476612e-30,2.293725559905135e-30,2.2937255632684507e-30,2.2937255275871508e-30,2.2937255262385177e-30,2.29374719600378e-30,2.2937467312378813e-30,2.2942239168915405e-30,2.294223916527844e-30,2.2942239190252525e-30,2.2942239210417017e-30,2.1252436927123948e-30,2.125243716430479e-30,2.1252437163826387e-30,2.1252437158426662e-30,2.125243713390043e-30,1.933621812983855e-30,1.9336218044354466e-30,1.933621803575875e-30,1.9336218035648966e-30,1.9336217937246194e-30,1.9336217545832245e-30,1.9336217595679143e-30,1.9336217596879268e-30,1.933621757547311e-30,1.933621757155438e-30,1.9451107091930294e-30,2.9582344373766867e-30,2.9582344374742104e-30,2.956018616632939e-30,2.9560185926175577e-30,2.9560187403495023e-30,2.9560187462147515e-30,2.9560187461277435e-30,2.9560187472919868e-30,2.9560187606913645e-30,2.9561528242078606e-30,2.956152824062894e-30,2.930975299494503e-30,2.9348577115971232e-30,2.933274634218864e-30,2.9332746341932563e-30,2.933274632666526e-30,2.9332746327897896e-30,2.933274632773783e-30,2.933274632513239e-30,2.9332746199580478e-30,2.9332746199604408e-30,2.9332746193538807e-30,3.160555330445773e-30,3.1605553304324655e-30,3.160555330385488e-30,3.160576123173631e-30,3.160891571646717e-30,3.160891579622813e-30,3.1608915795644386e-30,3.16079410775395e-30,3.1607941077359144e-30,3.160794144314784e-30,3.160794146130284e-30,3.1705871910259825e-30,3.170587191025977e-30,3.1705871991856944e-30,3.170587212823602e-30,3.1705872130332334e-30,3.1459157356069473e-30,3.145915727408198e-30,3.145915730896264e-30,3.1460737997107426e-30,3.146073788709502e-30,3.1460738098669937e-30,3.146073498443761e-30,3.146073498559474e-30,3.146073533415741e-30,3.146073518817747e-30,3.1460735181658544e-30,3.14607298259789e-30,3.1460729927775912e-30,3.1460786050897252e-30,3.1460785873336117e-30,3.1460785952964597e-30,3.146078595291533e-30,3.1460784874984067e-30,3.1460784087139413e-30,3.1460784261705784e-30,3.1460784331313978e-30,3.1460783831319034e-30,3.1460781231119402e-30,3.1460781261575938e-30,3.1460782486835263e-30,3.1460783454562717e-30,2.9797237195401477e-30,3.110692220709374e-30,3.1079301781482937e-30,3.1079301821994136e-30,3.1091191134328068e-30,3.109119132524552e-30,3.1764767612494845e-30,3.1764806989334876e-30,3.176480698933304e-30,3.1764806417260054e-30,3.1764805505540955e-30,3.176480550327988e-30,3.176480560742676e-30,3.176325920068306e-30,3.176326140302482e-30,3.176326141697935e-30,3.182131230018435e-30,3.1821314648049064e-30,3.1821314660550874e-30,3.1821314529943495e-30,3.27251635371491e-30,3.2725165160183686e-30,3.272516517814108e-30,3.272516516130394e-30,3.2725165196074464e-30,3.2725165183289816e-30,3.2725165404452674e-30,3.268124718131316e-30,3.268124718102314e-30,3.2684910599406206e-30,3.268310188381095e-30,3.2683101909603586e-30,3.268310191553567e-30,3.268310188655815e-30,3.268310188920149e-30,3.2683101951854206e-30,3.268310204368212e-30,3.26831020435072e-30,3.268311732442464e-30,3.2683117334785146e-30,3.268291789201479e-30,3.263257603957676e-30,3.256362700418905e-30,3.256362700509291e-30,3.256362699453912e-30,3.256362701730614e-30,3.2563627013990264e-30,3.256362736556731e-30,3.256362734966478e-30,3.2563555785121834e-30,3.2536821290093394e-30,3.253682131296492e-30,3.253682130703813e-30,3.253682134384774e-30,3.253682157190472e-30,3.260215604521483e-30,3.2602156047616594e-30,3.2602155972543066e-30,3.260215638281391e-30,3.260215637578638e-30,3.2602156357945784e-30,3.260215641784087e-30,3.260215641520386e-30,3.260215641779068e-30,3.264079236679292e-30,3.264079236710504e-30,3.264079258363918e-30,3.2640792639986396e-30,3.264079264123596e-30,3.264079258888701e-30,3.2640792588998715e-30,3.2640792581304976e-30,3.264079266036594e-30,3.2640792662493014e-30,3.26407926586827e-30,3.2640792601295515e-30,3.264079096772842e-30,3.2640790526675205e-30,3.264079052654071e-30,2.476925109340066e-30,2.4769251081344e-30,2.4769251560649623e-30,2.4769244277810892e-30,2.4769244426423723e-30,2.4769241192274532e-30,2.4769240967823166e-30,2.4769236324673365e-30,2.4769238598062922e-30,2.476923869241396e-30,2.4769238593582792e-30,2.4769238593615313e-30,2.4769238484217564e-30,2.4733101345296604e-30,2.473310147960713e-30,2.473310146750153e-30,2.4733101466697115e-30,2.4733105398557513e-30,2.473310522647975e-30,2.4733105213520643e-30,2.4733105229397306e-30,2.47331047354167e-30,2.4733107273847964e-30,2.4733107262340312e-30,2.4733107266334503e-30,2.479938079557796e-30,2.4799381463603303e-30,2.4799381568226457e-30,2.479938157270962e-30,2.479938157304849e-30,2.4799299480060953e-30,2.4799299441662618e-30,2.487856706422886e-30,2.487663086840255e-30,2.4876630868113866e-30,2.4876630889806376e-30,2.4876630563937456e-30,2.4978661919887818e-30,2.4942373148784423e-30,2.4942373148042505e-30,2.494237314442702e-30,2.494237310426833e-30,2.49382725007501e-30,2.493827250115652e-30,2.4902932731413136e-30,2.490293282363211e-30,2.490293282413538e-30,2.4902932847711957e-30,2.4902932892255645e-30,2.4902932890734535e-30,2.4902932871984226e-30,2.4902488693308664e-30,2.4902488701369273e-30,2.490248870126493e-30,2.490248845248471e-30,2.482452062669109e-30,2.482452062256506e-30,2.4824520637174006e-30,2.482331122515175e-30,2.4823311224560805e-30,2.4823311240894596e-30,2.4823311237460595e-30,2.482331125187662e-30,2.482331125387133e-30,2.459633933580207e-30,2.5136526030868215e-30,2.5367931634963073e-30,2.5367931629840045e-30,2.5367931629852604e-30,2.5367931629165064e-30,2.536793166654759e-30,2.5367931668894423e-30,2.536793165041838e-30,2.536793165792911e-30,2.5367931657970548e-30,2.5367931657969486e-30,2.5367931658323083e-30,2.5367960013581828e-30,2.536796013150636e-30,2.5367960089516735e-30,2.536795970015337e-30,2.536795969965013e-30,2.5367959698153135e-30,2.536791815338209e-30,2.53679174963624e-30,2.5334414476691695e-30,2.5334414494784665e-30,2.5334404702012155e-30,2.533439404465628e-30,2.5334396155896802e-30,2.5334396155714714e-30,2.3471148286234577e-30,2.3471148202999747e-30,2.3455535044110737e-30,2.3455535487243043e-30,2.3455535471549533e-30,2.345553542839958e-30,2.3455535428402054e-30,2.3455535446129142e-30,2.345553527493571e-30,2.3455535274440555e-30,2.3455535281539578e-30,2.3455535285168784e-30,2.3455535754458545e-30,2.3455535746501633e-30,2.3455535738757777e-30,2.3455535745989602e-30,2.3455535745187166e-30,2.3455535745589433e-30,2.345553574546784e-30,2.345553580016258e-30,2.3455535809440617e-30,2.3455535874366517e-30,2.3455535872564573e-30,2.345553586897827e-30,2.3455535913957973e-30,2.376350082933703e-30,2.3763500832554366e-30,2.9332800023609987e-30,2.933280002016909e-30,2.9332800016243726e-30,2.9332800079606445e-30,2.9332800078913422e-30,2.9332799842827537e-30,2.9332799850812626e-30,2.9349166114505408e-30,2.9349166102610423e-30,2.934916606978697e-30,2.9349166070502594e-30,2.934916607077026e-30,2.934916607338488e-30,2.93491660739032e-30,2.934916591639879e-30,2.9349165915839086e-30,2.9349165904289647e-30,2.934916588765183e-30,2.846939092410114e-30,2.8469391250779386e-30,2.846939125160088e-30,2.8469391260993177e-30,2.8469391246729248e-30,2.846939139917931e-30,2.84693913996726e-30,2.846939070603255e-30,2.8469390727202137e-30,2.8469388995807123e-30,2.846938904408986e-30,2.8469413585153898e-30,2.84694135851537e-30,2.8469413575358983e-30,2.846941330625987e-30,2.8469415711966994e-30,2.846941575553624e-30,2.8469415775871035e-30,2.8469415771923266e-30,2.846941581961878e-30,2.846935867348815e-30,2.8469358673478212e-30,2.8470572723777814e-30,2.8470572728490625e-30,2.8470572700739475e-30,3.021800284500248e-30,3.0218002669489805e-30,3.0320547342189235e-30,3.0320547348780663e-30,3.032054735180864e-30,3.0320547351275622e-30,3.032054734795667e-30,3.032054716699965e-30,3.032054717817955e-30,3.032032326012678e-30,3.0320323243947788e-30,3.032032324582343e-30,3.0320323246672473e-30,3.032032306212261e-30,3.03203230656249e-30,3.032032305425009e-30,3.0320322817287963e-30,3.0320322817323248e-30,3.0320322816046928e-30,2.726096615878847e-30,2.7260966182059285e-30,2.7908341099400048e-30,2.7908341133962206e-30,2.7908341146468125e-30,2.7908341511992573e-30,2.790834151151731e-30,2.7248840273901296e-30,2.7248840271254905e-30,2.7248840245376976e-30,2.7248834734724676e-30,2.7248834328376305e-30,2.7248833829747375e-30,2.724883382919081e-30,2.72488338297619e-30,2.724883382541903e-30,2.7248833829098188e-30,2.7248833709602108e-30,2.724883373558568e-30,2.724884690830061e-30,2.724884690550775e-30,2.7248846904156663e-30,2.724884690352979e-30,2.7248822324894308e-30,2.724882142529021e-30,2.72488212578647e-30,2.724882100457198e-30,2.724882095707399e-30,2.724882114825512e-30,2.724882178498528e-30,2.7248821784724196e-30,2.7248821372125008e-30,2.7248820789321456e-30,2.72488207397342e-30,2.7248820737204878e-30,2.7248820904651633e-30,2.7248820904718013e-30,2.7248820877132636e-30,2.7248820778467674e-30,2.724882077804073e-30,2.7248820916157092e-30,2.7248820914988227e-30,2.7248820908567877e-30,2.724882084960248e-30,2.7248821047191664e-30,2.7248821048379306e-30,2.7248821060787987e-30,2.7248821052607914e-30,2.7248821087168642e-30,2.724882106600999e-30,2.7248821109565536e-30,2.7248821107621623e-30,2.7248821107400653e-30,2.7248821114369632e-30,2.724882111359099e-30,2.7248810953735746e-30,2.724881095304907e-30,2.7248810952190002e-30,2.7248810931605005e-30,2.724880040457846e-30,2.7248800470140035e-30,2.7248800505502734e-30,2.7113866608350082e-30,2.7113866648807597e-30,2.7113866651957478e-30,2.7113866537660033e-30,2.7113866530306926e-30,2.7113866515010856e-30,2.7113866515253467e-30,2.7113869835188145e-30,2.7113869889819283e-30,2.711386989457071e-30,2.7113869414203594e-30,2.7113869492732458e-30,2.7113869485488466e-30,2.711381617649396e-30,2.7113816186594708e-30,2.711381616849326e-30,2.7113816055614062e-30,2.7113816059447945e-30,2.7113816059448057e-30,2.7113818612345212e-30,2.7113818574657893e-30,2.7113834139504302e-30,2.711383410577644e-30,2.7113834086244486e-30,2.7113835771888304e-30,2.7113836584770035e-30,2.711383656198596e-30,2.6636676884652576e-30,2.6636677039245946e-30,2.6636677077982176e-30,2.6636677035298495e-30,2.663667703398824e-30,2.6636677033986985e-30,2.663667728130009e-30,2.6636677265379172e-30,2.6636677267858486e-30,2.6636677258667015e-30,2.663667725615925e-30,2.6636676343798365e-30,2.66366763443453e-30,2.6636676379027254e-30,2.6636676380274084e-30,2.663667652551759e-30,2.663667651806237e-30,2.6636676536428132e-30,2.6636676284571252e-30,2.6630900719860104e-30,2.6630900608073898e-30,2.6630900607656476e-30,2.6630900607455214e-30,2.663090061083155e-30,2.6630900609419688e-30,2.6630901084781433e-30,2.663090111925191e-30,2.6630901121921094e-30,9.43892484538978e-31,9.438924584011445e-31,9.438921625181884e-31,9.438921490168315e-31,9.438921435270209e-31,9.438921162125952e-31,9.438920989616927e-31,9.438921054621383e-31,9.438925335825661e-31,9.438925389018566e-31,9.438923926358562e-31,9.438925348401923e-31,9.438925338804463e-31,9.438932430521702e-31,9.438932432207883e-31,9.438932502902427e-31,9.438932493208251e-31,9.360884697671789e-31,9.360884711673871e-31,9.360884702302763e-31,9.360884699452617e-31,9.36088460423431e-31,9.360884815940624e-31,9.360884814302214e-31,9.360884814728273e-31,9.360884686862903e-31,9.360884678604864e-31,9.360884648585127e-31,9.359444161070712e-31,9.359444160016987e-31,9.359444164300362e-31,9.359444069609174e-31,9.359444417708978e-31,9.359444418524362e-31,9.359444409350933e-31,9.359444408223375e-31,9.359444408000698e-31,9.35944440171625e-31,9.359444397948419e-31,9.359444400042463e-31,9.359444399618365e-31,9.359444403471765e-31,9.359445177015905e-31,9.359445209840738e-31,9.359445213226416e-31,9.359445213279071e-31,9.35944523398903e-31,9.359445159359925e-31,9.359445045343587e-31,9.359445035800667e-31,9.359445129392465e-31,9.359444588376768e-31,9.359444565751037e-31,9.3594446243032e-31,9.359444496367354e-31,9.359444495102139e-31,9.359444495490967e-31,4.363506188481196e-31,4.363506204537568e-31,4.363506204834207e-31,4.363506196852349e-31,4.037863481950911e-31,4.037863468302668e-31,4.037863540610436e-31,4.037863792541809e-31,4.0378637955107095e-31,2.7815882360537176e-31,2.7815882540492013e-31,2.781588282683842e-31,2.781588170078553e-31,2.781588077818394e-31,2.7815880681918667e-31,2.781588699767021e-31,2.78158883258748e-31,2.7815888356320152e-31,2.7815888372961675e-31,2.781588842046201e-31,2.7815887928872803e-31,2.7815887780540587e-31,2.7815887778737738e-31,2.781588761225894e-31,2.7815887708285697e-31,2.781588760613201e-31,2.781588927689684e-31,2.7827231741929113e-31,2.7827230750121335e-31,2.794709293367959e-31,2.7947092955728326e-31,2.7947093508249455e-31,2.794709350558364e-31,2.7947093681199997e-31,2.794709372233411e-31,2.794709359449976e-31,2.794709355996886e-31,2.79470975617543e-31,2.7947097519328123e-31,2.7946798883509606e-31,2.7946779336432543e-31,2.7946779380615584e-31,2.7946779352420877e-31,2.794677935198612e-31,2.7946779950965815e-31,2.794677986300296e-31,2.794676062963805e-31,2.794675118002573e-31,2.4175020251433274e-31,2.417500309055872e-31,2.4174999906742252e-31,1.813550248227093e-31,1.813550145593285e-31,1.8135184879473238e-31,-5.073218109340361e-31,2.6809860789933695e-38,2.4539371359802305e-38,5.926112213857334e-38,5.995411367258488e-38,6.016377326867911e-38,6.934037802461835e-38,6.934687772917126e-38,-2.0274669885854777e-36,2.1779049598608478e-41,-3.21341091809383e-40,-1.004345424737005e-32,-1.7968934223155174e-31,-5.434858528343632e-33,-4.0706513905611426e-38,6.175138149584876e-39,8.596165229056246e-33,8.596175032698792e-33,1.9527513486106603e-32,1.9527471526444662e-32,1.95274888770552e-32,1.9527488366973937e-32,1.9527485040771458e-32,1.9527485390754524e-32,1.9527485516826528e-32,1.9527483830162283e-32,1.952748398741932e-32,1.9527484161627644e-32,1.9527484271561378e-32,1.952747657763124e-32,1.9527473486703562e-32,1.9527477803549096e-32,1.952766481001814e-32,1.9527682212935416e-32,1.9527680093620976e-32,1.9520627366353202e-32,1.9520619942312966e-32,1.9520628390194236e-32,1.952063183353492e-32,1.9520632017390758e-32,1.9520650334141864e-32,-4.699783819668381e-32,5.1372215610717146e-33,5.135402901078191e-33,5.135386167290606e-33,-4.309397797473236e-32,-5.028647571583527e-37,-4.280684281856904e-40,7.93512082413886e-39,7.826794098356536e-39,7.827350456303903e-39,7.305063179704372e-39,6.384079214293713e-39,6.271830507832046e-39,3.9543583352200354e-39,-2.9406562198914574e-35,-1.9947389907943221e-38,-6.714520084809408e-39,3.13729725225306e-32,3.1372972828913526e-32,3.1372972875694124e-32,3.1373026694362123e-32,3.137302714171914e-32,3.137302669691194e-32,3.1373026972445485e-32,3.137302525467841e-32,3.1373025372439816e-32,3.137301019087755e-32,3.1372975135632256e-32,3.137297594517945e-32,3.1372931672068895e-32,3.137293546957811e-32,3.179724080458343e-32,3.1797240335487843e-32,3.1797236284520684e-32,3.1797235429479256e-32,3.179724078794258e-32,3.179724073318068e-32,3.1797241227316263e-32,3.1797246033582665e-32,-1.8834484674377397e-32,3.4838223899384035e-37,4.67411619278958e-32,4.6741065087590974e-32,4.6741065632538425e-32,4.6741088968612726e-32,3.7959534217729153e-32,3.795930884065354e-32,3.7959471971159496e-32,3.7959473571832314e-32,3.7959477308690857e-32,3.795947731442513e-32,3.797672945247145e-32,3.797672953936793e-32,3.797672953114647e-32,3.7976725643143916e-32,3.797664499356291e-32,3.7976643828813196e-32,3.7976643972819127e-32,3.797664606143136e-32,2.988193129181085e-32,2.976833162453162e-32,2.9768331473794894e-32,2.976832569189264e-32,1.3103021675409703e-32,1.310302320218401e-32,1.310302446660992e-32,1.3103025829626093e-32,1.3103019248950975e-32,1.3103019187975268e-32,1.3103017599341087e-32,1.3103019094259114e-32,1.2807596313339317e-32,1.280759778622663e-32,1.280758999543661e-32,1.280755925909554e-32,1.2807583676969017e-32,1.2807584034656756e-32,1.2807584004359298e-32,1.280758172897519e-32,1.2807486243759686e-32,1.2807519765907846e-32,1.2807535023001905e-32,1.2807615929117623e-32,1.2806954357158423e-32,2.172104842748623e-32,2.02860340674945e-32,3.3975430246771813e-32,3.397542998439251e-32,3.3975429991102286e-32,3.397543108767375e-32,3.39754240322329e-32,3.4128092648619074e-32,3.4128096443771163e-32,3.412810039322879e-32,3.412810124299415e-32,3.4128101039601307e-32,3.412810177801482e-32,3.412810015071966e-32,3.4128100281258274e-32,3.4128100399260715e-32,3.412810836028644e-32,3.4128107292323733e-32,3.4128107292229616e-32,3.4128107348413885e-32,3.4128106424951595e-32,3.412810637602462e-32,3.4128105553517153e-32,3.4128103504304117e-32,3.412810352022599e-32,3.4128103802527295e-32,1.22067921123708e-31,1.220679225228345e-31,1.2206792296304945e-31,1.2206792306088163e-31,1.22067922017008e-31,1.220680368642471e-31,1.2206804921339304e-31,1.220682518991115e-31,1.2206818989930613e-31,1.2206820153858267e-31,1.232882201204217e-31,1.232882195276966e-31,1.2328821957018964e-31,1.2328821963646962e-31,1.232882086210339e-31,1.232881841763899e-31,1.2328519324282778e-31,1.232851934513418e-31,1.241456716394596e-31,1.2414567204097606e-31,1.2414570086511425e-31,1.2414570074702608e-31,-9.047011856091622e-32,-4.109355833134393e-41,1.2640207379894512e-40,-2.3217131971891095e-38,-2.1587175742453564e-39,2.4602386510288975e-40,-5.639704212168959e-32,-5.286545227963071e-39,-6.886676824495265e-41,6.0937718655813965e-40,-1.1910894002843687e-35,-2.4318606442184902e-39,1.6955331292792277e-40,-1.9547959336953365e-39,-1.0796629009810327e-33,6.67122376463139e-33,6.671224187903574e-33,6.671223134915645e-33,6.661034483277154e-33,6.66103492950502e-33,6.661033503097949e-33,6.661034895406829e-33,6.661158135449118e-33,6.661157752217985e-33,6.495324683555557e-33,6.495325898499588e-33,6.495325291044434e-33,6.409779802607118e-33,6.409780192481154e-33,6.409781066709146e-33,6.409781139238845e-33,6.40978202032465e-33,6.409779331537727e-33,6.409782077999033e-33,6.409783984026934e-33,-2.5175635221500103e-31,1.425898615602434e-38,1.1949505613056474e-38,1.1958808254777144e-38,1.2175729913438516e-38,1.0462146210784085e-38,5.427837093029601e-38,6.260290845257271e-38,6.041119076816516e-38,6.042592690047937e-38,2.683776907775385e-33,2.683779003283926e-33,2.683778337674996e-33,2.6837779622409144e-33,2.6837779894604535e-33,2.683778011359936e-33,2.683778026741082e-33,2.6837929714947768e-33,2.683796136753667e-33,2.683816491300137e-33,2.6838164863238315e-33,2.683819948352293e-33,2.7126556299674838e-33,2.712723997814536e-33,2.7127255673738785e-33,2.7127174644882682e-33,2.7127161711851974e-33,2.7127346757808207e-33,2.712705545162077e-33,2.7127042380592248e-33,2.7127042332702726e-33,2.7127033930898078e-33,2.7127033981138647e-33,2.7127023170015128e-33,2.7126605879733494e-33,2.7126536393289103e-33,2.712659936458508e-33,3.993446102064105e-31,3.993446114383496e-31,3.993446136083961e-31,3.9934461413241226e-31,3.99344644550315e-31,3.99344660857833e-31,3.993450306899245e-31,3.993450315318281e-31,3.993450310304685e-31,3.993450289924771e-31,3.993255020874426e-31,3.99325502087509e-31,3.993255030994798e-31,3.9932550314758906e-31,1.5541229136232707e-31,-2.0841472734505232e-30,1.7817029895193726e-38,1.780332267486725e-38,3.4795383768282294e-32,3.4795384408905604e-32,3.4795384532971737e-32,3.331775795069591e-32,3.331775827341552e-32,3.3317756268306276e-32,3.3317754653974646e-32,3.3317741514236494e-32,3.3318019664358286e-32,3.331801853768941e-32,3.331801852940399e-32,3.3318018526693497e-32,3.3318020092125624e-32,3.3316531962564187e-32,3.3316532032943226e-32,3.3316534340627346e-32,3.329905132857293e-32,3.329905132863595e-32,3.329905185194063e-32,3.159417089355562e-32,3.159417193305439e-32,-9.050765016117277e-33,-2.8082029503494858e-39,-2.497154379557996e-39,2.308948753699194e-39,-4.4741566419861894e-38,9.453153608376853e-40,8.654514212313478e-40,9.833896027915408e-40,9.259885763829342e-40,2.2415761259379084e-38,2.2770041406522427e-38,1.9038402927244073e-38,1.5463041434692403e-38,1.390515027203545e-38,1.457336487388923e-38,2.7099894648072103e-39,7.769820120596851e-32,7.769823253468478e-32,7.769823191505713e-32,7.769823305559393e-32,7.549246147158716e-32,7.549245975635803e-32,7.549241600506436e-32,7.549242003034871e-32,7.549242058179268e-32,7.545154660367773e-32,7.537833715808556e-32,7.5378261063898e-32,7.537826089104148e-32,5.600909554580039e-31,5.600908637632913e-31,5.6009082581265524e-31,5.600909118852728e-31,5.600948975485162e-31,5.60094897471149e-31,5.600949024336306e-31,5.600951627368303e-31,5.600952599782997e-31,5.600952593035983e-31,5.600952598817827e-31,5.6009526022586184e-31,5.600955004008387e-31,5.600954988844674e-31,5.600959390717952e-31,5.600959396253043e-31,5.600965285184794e-31,4.881076567244536e-31,4.881076566208921e-31,4.984075918591186e-31,4.984075905176923e-31,4.984075918788275e-31,3.778785762182696e-30,3.827482508619774e-30,3.827482508843997e-30,3.827482510536275e-30,4.161054530633203e-30,4.161054530567907e-30,4.161054530572566e-30,4.1610545260490275e-30,4.161054526439337e-30,4.161054526566069e-30,4.662011780361163e-30,4.662011782245401e-30,4.6626580678728325e-30,4.661302858825151e-30,4.661302864817783e-30,4.661302860902297e-30,4.661302861175082e-30,4.661302909045447e-30,4.6613029090273156e-30,4.66130290700091e-30,4.6613025463099795e-30,4.661302544442522e-30,4.667647614398429e-30,4.667647341673129e-30,4.66764734167068e-30,4.667647375109694e-30,3.7026499154945235e-30,3.702649915494525e-30,3.699314553197184e-30,3.70508252434617e-30,3.7064104861769536e-30,3.706410486269563e-30,3.725768564295435e-30,3.725768562248641e-30,3.725768560981988e-30,3.725793767864985e-30,3.759556938907748e-30,3.759556939103353e-30,3.7595569391493664e-30,3.7595570064607816e-30,3.759557002899736e-30,3.759556980319955e-30,3.759556980076887e-30,3.759556980153362e-30,3.759546711228398e-30,3.7595467112173616e-30,3.759545948755228e-30,3.75954594596642e-30,3.75960084585245e-30,3.759600837984803e-30,3.759600589525166e-30,3.759600589740185e-30,3.759600589650027e-30,3.7596005897492836e-30,3.759600594197175e-30,3.7596003927235855e-30,3.7596003928169666e-30,3.7596003794570655e-30,3.7596003790779596e-30,3.759600376967043e-30,3.759600376967161e-30,3.759600376967288e-30,3.7596003769668376e-30,3.759600377733758e-30,3.75960037774975e-30,3.759600377749879e-30,3.759600380496822e-30,3.7596004369188995e-30,3.749616474474115e-30,3.749616461377901e-30,3.749616461504942e-30,3.7496166963112e-30,3.749616696188714e-30,3.886505511465094e-30,3.8851457700977526e-30,3.885145770477535e-30,3.885146645314076e-30,3.885146645307774e-30,3.8851466460743314e-30,3.8851466464430936e-30,3.885146646930762e-30,3.8851466463329585e-30,3.8851466452801924e-30,3.885146625270324e-30,3.885146625173644e-30,3.8850704402267726e-30,3.885068118637222e-30,3.885975419497069e-30,3.8859754194173524e-30,3.8859754194173454e-30,3.885975415408549e-30,3.8859753667802864e-30,3.8859753680974986e-30,3.885975368810039e-30,3.885975368651057e-30,3.88597372238272e-30,3.885973722382447e-30,3.885973696267642e-30,3.885973696296136e-30,3.885973699457052e-30,3.8859739136381895e-30,3.885973913462457e-30,3.885974053524581e-30,3.8859739502341555e-30,3.885973950570274e-30,3.8859739535678445e-30,3.885974022967805e-30,3.885974022971406e-30,3.885974023790688e-30,3.885974035383413e-30,3.8859740399192786e-30,3.8859740358169885e-30,3.885974030525124e-30,3.8859746239112074e-30,3.892574704794017e-30,3.892574654188087e-30,3.892574653642399e-30,3.892574680795945e-30,3.892574682269499e-30,3.892574682312177e-30,3.892574698090753e-30,3.8925746981439746e-30,3.892574698176682e-30,3.892574698176566e-30,3.892574699812777e-30,3.892574696526921e-30,3.892574693216e-30,3.892574680479085e-30,3.8925746806935165e-30,3.8924177578162636e-30,3.892417755467514e-30,3.892417755397489e-30,3.892417757423111e-30,3.892417757508145e-30,3.8924177587306915e-30,3.892417758652335e-30,3.892417770297225e-30,3.8924177711267024e-30,3.884185155734819e-30,3.884185054010268e-30,3.892628003622626e-30,3.892627963727111e-30,3.892627963728085e-30,3.899579739709209e-30,3.899579739737095e-30,3.894108636974939e-30,3.8941086280845186e-30,3.8941086256690906e-30,3.8941086260058535e-30,3.894108625971622e-30,3.8941086496984355e-30,3.918064208611561e-30,3.918064227873118e-30,3.9180642239779995e-30,3.918064226983164e-30,3.918064226983692e-30,3.918064225863965e-30,3.918064220568459e-30,3.918064228653531e-30,3.920821419482134e-30,3.920821381732007e-30,3.920821396011843e-30,3.9208213961288384e-30,3.9208213970358156e-30,3.891812722217129e-30,3.8918127222241704e-30,3.8918127262499426e-30,3.970703572249353e-30,3.9707035726117185e-30,3.970703572591624e-30,3.9707035422983424e-30,3.970703542042937e-30,3.970701724544606e-30,3.970701722420989e-30,3.970701728074427e-30,3.970701728071855e-30,3.970701714288008e-30,3.970698070373475e-30,3.9706981729281615e-30,3.97069817292613e-30,3.9620834069845664e-30,3.9620842775705014e-30,3.962084277537089e-30,3.962084282793707e-30,3.962084277713538e-30,3.962084277194669e-30,3.962084268105329e-30,3.9620842731850636e-30,4.4508348296936186e-30,4.450834829116569e-30,4.450834852634527e-30,5.326181488284327e-30,5.326181488284327e-30,5.3258607232874124e-30,5.325860722220208e-30,5.3258607222206936e-30,5.325860692938002e-30,5.325860697596035e-30,5.320047396688226e-30,5.714623908006803e-30,5.714623907874405e-30,5.7146239105653945e-30,5.7133833630619376e-30,5.70997533986367e-30,5.709975343593399e-30,5.7099753390973544e-30,5.709975339498536e-30,5.7099753394301656e-30,5.709975400134526e-30,5.70997539955678e-30,5.709960728797042e-30,5.709960733819089e-30,5.709960707894127e-30,5.709960706461612e-30,5.7099607065465045e-30,5.709960706546906e-30,5.709960845870384e-30,5.7231207172644595e-30,5.637791870872768e-30,5.6377918708727995e-30,5.6377918752534386e-30,5.637791891662637e-30,5.600332916659574e-30,5.600332914700297e-30,5.600332914659405e-30,5.600332914597867e-30,5.600332914932076e-30,5.6003328971517115e-30,5.6003327675137994e-30,5.600332754425506e-30,5.6003327530824536e-30,5.600332750989119e-30,5.600332748161005e-30,5.600332749428205e-30,5.6003327495019244e-30,5.598203929092827e-30,5.5978121364454574e-30,5.597812136420208e-30,5.5978118578412796e-30,5.597811857991571e-30,5.597811855446172e-30,5.597811859001774e-30,5.597811852882449e-30,5.844195273533751e-30,5.844195273533751e-30,5.844195272566875e-30,5.8441952714462856e-30,5.8441952432391186e-30,5.84419524577044e-30,5.844195170619489e-30,5.844195791606191e-30,5.844196394278408e-30,5.844196394264717e-30,5.844196387241219e-30,5.8441963828565545e-30,5.844196386787181e-30,5.844196386501327e-30,5.831083188059908e-30,5.834982328030828e-30,5.781782439057418e-30,5.781782441003526e-30,5.782798410989603e-30,5.782786926843877e-30,5.798876782714785e-30,5.798876782845281e-30,5.798876792656543e-30,5.802155183387183e-30,5.8021551829034285e-30,5.801649615583318e-30,5.801649623441083e-30,5.8016496234289206e-30,5.801651167725262e-30,5.8016511677252234e-30,5.8257323219878394e-30,5.825732321980507e-30,5.704201748142361e-30,5.70420174808543e-30,5.704201762188348e-30,5.704201799983323e-30,5.7042018019988036e-30,5.731131289181185e-30,5.731131289281361e-30,5.731131289477834e-30,5.731131295777017e-30,5.7311312971057565e-30,5.7311312998077514e-30,5.731131301198586e-30,5.7311312957603376e-30,5.731131368080519e-30,5.7311313706107616e-30,5.731131371019845e-30,5.731131367493113e-30,5.7311313674051856e-30,5.731131520713698e-30,6.743095274448965e-30,6.743095200464556e-30,6.743095201275677e-30,6.330478847449988e-30,6.330479133613778e-30,6.330479136229234e-30,6.330475970729777e-30,6.330475970164172e-30,6.312803376387222e-30,6.302871711492567e-30,8.547594328135333e-30,8.547594330224228e-30,8.547594330200838e-30,8.547594330382997e-30,8.54759432936734e-30,8.547594326425504e-30,8.54759432645209e-30,8.547594310447201e-30,8.475463096124402e-30,8.475463097977846e-30,8.475463087265724e-30,8.475463083719141e-30,8.475463083719141e-30,8.475463083612561e-30,8.475463091589858e-30,8.475463079875639e-30,8.475463137065912e-30,8.475463130400974e-30,8.475463134454308e-30,8.475463134580986e-30,8.475463134967227e-30,8.47546313218079e-30,8.475463138303342e-30,8.475463118655799e-30,8.475463068915268e-30,8.47546307273172e-30,8.475462674909983e-30,8.46371979479375e-30,8.463719794536099e-30,8.463719794119102e-30,8.463720499747593e-30,8.463727230575833e-30,8.463727238733289e-30,8.539483403419505e-30,8.53948349321206e-30,8.539483490466422e-30,8.513559595155541e-30,8.502533818868032e-30,8.509010940807601e-30,8.509010930522903e-30,1.0018491308137498e-29,1.0018491308270697e-29,1.0018491325270397e-29,1.0018491325352844e-29,1.0018491317160951e-29,1.0022454731578607e-29,1.0022981209203026e-29,9.917323512581372e-30,9.917323513089943e-30,9.917323513087874e-30,9.917323721134782e-30,9.917323719310419e-30,9.915023214796586e-30,1.0027949602821934e-29,1.0027949601765819e-29,1.0027949603593308e-29,1.0024853394269912e-29,1.0024853401360142e-29,1.0024853401316338e-29,1.0024853408502172e-29,1.0024853235683873e-29,1.0024853242574683e-29,1.0024853242848247e-29,1.0024853266004302e-29,1.0024853265982642e-29,1.0024853269263166e-29,1.0024853271513906e-29,1.0024853271081918e-29,1.0024853268035666e-29,1.0024853332952887e-29,1.0024853352933025e-29,1.0024853417659101e-29,1.006298458757221e-29,1.0062978314193703e-29,1.0122515235517777e-29,1.0122515235213228e-29,1.0122515234332726e-29,1.0122515160987643e-29,1.0122515159352872e-29,1.0129550539457253e-29,1.0129550539549896e-29,1.0129550577499568e-29,1.0129550576508355e-29,1.0049048654197841e-29,1.0065590969249587e-29,1.006559096391867e-29,1.0065590963918668e-29,1.0065590989316764e-29,1.0065590981138267e-29,1.0065591397057957e-29,1.0066383679858553e-29,1.0066383670697185e-29,1.0066383644217118e-29,1.006638364430212e-29,1.0066383643869505e-29,1.0066383643885457e-29,1.0066383647155693e-29,1.006638364671218e-29,1.0066383646712422e-29,1.0066386112134166e-29,1.0066386139319299e-29,1.0066386138804347e-29,1.0066386111788087e-29,1.0066384002300731e-29,1.0066384002322587e-29,1.0066383953745176e-29,1.0066383985814564e-29,1.0066384577806628e-29,1.0071234488324271e-29,8.25708867434537e-30,8.257088690822059e-30,8.231827746493995e-30,8.231827745767997e-30,8.231543588678633e-30,8.231543588776699e-30,8.231543588776697e-30,8.730708567298152e-30,8.730708567398978e-30,8.730708553155473e-30,8.730708553200302e-30,8.730708535694966e-30,8.730708537549251e-30,8.730708537069665e-30,8.730708533306799e-30,8.73070851221743e-30,8.730708516409286e-30,8.707433613005804e-30,8.707433619889387e-30,8.707724631649072e-30,8.709734757256803e-30,8.709734757589781e-30,8.709734760036298e-30,8.709734738453753e-30,8.709734737769877e-30,8.709734738029839e-30,8.7097347376207e-30,8.709736900925544e-30,8.709736866591332e-30,8.70973686659134e-30,8.70973687443038e-30,8.709736874430269e-30,8.709736865967884e-30,8.709736866586176e-30,8.709736875153012e-30,8.709730235300666e-30,8.709730219994627e-30,8.70973026159699e-30,8.709730246343011e-30,8.709730246353687e-30,8.709730583562326e-30,8.709730588404544e-30,8.709730588565304e-30,8.7097305328131e-30,8.709730503099208e-30,8.709730504059022e-30,8.709730482270606e-30,8.709730483596166e-30,1.311769998101699e-29,1.3125478859871688e-29,1.3125478859871742e-29,1.3125478859993083e-29,1.3125478859993077e-29,1.3125478859877944e-29,1.312547886703252e-29,1.312561394647338e-29,1.3125613948840327e-29,1.315914277367047e-29,1.3157899250953082e-29,1.3183563594110862e-29,1.3183563595406682e-29,1.320020212999107e-29,1.320020211416276e-29,1.3200202136568392e-29,1.3200202136569724e-29,1.3200202136527312e-29,1.3198791794994677e-29,1.3198791794994677e-29,1.3198791790922574e-29,1.3198791792459042e-29,1.3198791792528328e-29,1.3198791791704224e-29,1.3288512007623436e-29,1.3288512007281065e-29,1.328851200728127e-29,1.328851200329005e-29,1.3288507058278072e-29,1.328850708068789e-29,1.3289266597167096e-29,1.3289266654864133e-29,1.3289266654864374e-29,1.3290669257926956e-29,1.3273981132988088e-29,1.324301532242971e-29,1.3146666737261995e-29,1.3146666736515714e-29,1.3146666736288804e-29,1.3146666720719297e-29,1.314666672072722e-29,1.314666672073073e-29,1.3146666717385467e-29,1.3146666719480636e-29,1.3201348735368314e-29,1.3178105304054855e-29,1.3178105303990253e-29,1.311194008747361e-29,1.311194008736064e-29,1.3111940462601117e-29,1.310731924994693e-29,1.3049681157199983e-29,1.3050637405787576e-29,1.3050637377369596e-29,1.305063682592374e-29,1.3050636825706868e-29,1.305063682740167e-29,1.3050636819118044e-29,1.3050636713407695e-29,1.6008928282924816e-29,1.6008927059128475e-29,1.600892706782491e-29,1.6008927067825127e-29,1.6008927067065553e-29,1.600892705562319e-29,1.6008927058696976e-29,1.600892705878646e-29,1.6008927127042613e-29,1.6008927118406573e-29,1.6008927117549356e-29,1.6008927021545774e-29,1.6008927009656608e-29,1.6008927009108942e-29,1.6008927015263027e-29,1.60089270138322e-29,1.6008926979473685e-29,1.7370669423788064e-29,1.7457795332551758e-29,1.7471516535418595e-29,1.6575035692103404e-29,1.6574647257968538e-29,1.657464732978803e-29,1.6574647392880602e-29,1.6574647390305245e-29,1.657464739030524e-29,1.657464739050653e-29,1.657464793640899e-29,1.6574647951967485e-29,1.6574647944112624e-29,1.6574647955752496e-29,1.6574647957277834e-29,1.6574646796256296e-29,1.6574646790405496e-29,1.6574646790285052e-29,1.657464679013926e-29,1.6574646758732112e-29,1.6574646758585635e-29,1.6574646753426617e-29,1.6574646795021598e-29,1.6574646795021614e-29,1.6574646794975226e-29,1.6574645566845647e-29,1.6574645566716332e-29,1.6574645566932202e-29,1.6574645589073548e-29,1.657464558653497e-29,1.6574645586528504e-29,1.6574645590386133e-29,1.6574645604125418e-29,1.6574645603611815e-29,1.6574645564681706e-29,1.6574645562117784e-29,1.6574645561891833e-29,1.6574571279575715e-29,1.6591702271340994e-29,1.659170227086044e-29,1.6591702247496393e-29,1.659170224420617e-29,1.6591702206559942e-29,1.6591702202720185e-29,1.6591702203327805e-29,1.659170219738488e-29,1.6591822711742378e-29,1.6591822710712096e-29,1.6591822747311574e-29,2.4591127564909079e-29,2.5208162818687522e-29,2.520816281876817e-29,2.520816281340739e-29,2.527139098888406e-29,2.527231490124036e-29,2.527231490264108e-29,2.5272314905598353e-29,2.5272314905473767e-29,2.527231481800615e-29,2.5272314815732163e-29,2.527231481632135e-29,2.527231490271867e-29,2.527231490222208e-29,2.5272314904323525e-29,2.5272314904323037e-29,2.527231491403615e-29,2.5272314915938804e-29,2.5272314915711474e-29,2.5272315105833714e-29,2.527231510818763e-29,2.5272315219850767e-29,2.532112010487671e-29,2.5321120104801106e-29,2.532112015257643e-29,2.5321120061977605e-29,2.5321120061981394e-29,2.5321120060724704e-29,2.5321120092940146e-29,2.6072252341179964e-29,2.6072252347222643e-29,2.607225234715801e-29,2.607225234396582e-29,2.607225234127823e-29,2.607225234128006e-29,2.6072252323196125e-29,2.60976863807441e-29,2.6065200325165215e-29,2.606520032533893e-29,2.60652003254494e-29,2.6065200325644924e-29,2.6065119755995765e-29,2.606511976410615e-29,2.606511976171807e-29,2.6065119762317247e-29,2.6065119782499756e-29,2.6065119783785397e-29,2.6076385744216186e-29,2.6076385744958437e-29,2.607638574733181e-29,2.607638574348239e-29,2.6076385972021466e-29,2.6076386007775125e-29,2.607638600742881e-29,2.6076386010431326e-29,2.6076386006624003e-29,2.607638600569974e-29,2.607638604824617e-29,2.6076386044415056e-29,2.607638603254566e-29,2.6076386032573545e-29,2.607638613683601e-29,2.60763865354483e-29,2.6076386531892336e-29,2.607722533661152e-29,2.607722533901054e-29,2.607723048603447e-29,2.6077230442012663e-29,2.611503137817144e-29,2.6115031378875433e-29,2.6115031548136946e-29,2.6115031548066876e-29,2.6115031547946504e-29,2.611503153494684e-29,2.6115031530674576e-29,2.6115031528694053e-29,2.6115031453841633e-29,2.6115031460643485e-29,2.611381873861402e-29,2.611381873865962e-29,2.6013435594291785e-29,2.6013435671161167e-29,2.601343564786104e-29,2.601343563556218e-29,2.60134356436031e-29,2.599461351425684e-29,2.5994613509241616e-29,2.599461350325552e-29,2.592528265339168e-29,2.592528262710627e-29,2.588944274905066e-29,2.5889442736490106e-29,2.588944273648506e-29,2.5889442736355335e-29,2.588944272307078e-29,2.588944272350369e-29,2.588944273163452e-29,2.5889442756848103e-29,2.5889442757956536e-29,2.588944268718598e-29,2.5889550851518215e-29,2.5889550663498036e-29,2.5889550662798406e-29,2.588955066635344e-29,2.588955066827611e-29,2.588636640141713e-29,2.58863231331513e-29,2.588632313300851e-29,2.5886323134723656e-29,2.588632313472359e-29,2.588228697194118e-29,2.5882082919753166e-29,2.5883256152913514e-29,2.588325615500678e-29,2.588325614610979e-29,2.5883230846112346e-29,2.4474045812258458e-29,2.4474025284807248e-29,2.4474024646914593e-29,2.4474024646931745e-29,2.44740246501527e-29,2.4472915805834305e-29,2.4472915825846102e-29,2.4472915814577947e-29,2.4468975824457826e-29,2.4468975847606584e-29,2.446897584744061e-29,2.4468975847427534e-29,2.446897584773159e-29,2.4468975852246168e-29,2.3520477603597822e-29,2.352777412968931e-29,2.352777414998567e-29,2.3527770270791213e-29,2.3527764062477925e-29,2.351344312679115e-29,2.3932540862229095e-29,2.393083932543518e-29,2.3930839326186157e-29,2.3930839319847123e-29,2.393083936500532e-29,2.3930839365711624e-29,2.3930839360017092e-29,2.3930839458654104e-29,2.3930839459615955e-29,2.3930839445083397e-29,2.3930839449705003e-29,2.3930839472134279e-29,2.3930839472132748e-29,2.3930839110488735e-29,2.3930839100417617e-29,2.3930838900743757e-29,2.3930838899453262e-29,2.3930838859990522e-29,2.3930838863821994e-29,2.323068877114737e-29,2.323068882704792e-29,2.3230688790907916e-29,2.3230688790958315e-29,2.3230688793503393e-29,2.178958304882739e-29,2.178958304298987e-29,2.1757997733717992e-29,2.146410192803787e-29,2.1464102015482048e-29,2.1464059385471987e-29,2.157343833422098e-29,2.157674531794716e-29,2.1576745314809575e-29,2.157674534269545e-29,2.1561870966724136e-29,2.1562196137337044e-29,2.1562196136857973e-29,2.1551883494359054e-29,1.9855620609728252e-29,1.985562062526813e-29,1.9855620625119215e-29,1.985562062547311e-29,1.9855625304788692e-29,1.9855625302341223e-29,2.001548388315041e-29,2.0015483883149487e-29,2.0015483869735978e-29,2.0015483867881236e-29,2.0015483872988353e-29,2.0015483881605932e-29,2.0015564856111884e-29,2.0015564759307372e-29,2.0015564752855376e-29,2.001556475259987e-29,2.00155647398008e-29,2.0015564737387482e-29,2.0015564742900801e-29,2.001556471227003e-29,2.0015565034018823e-29,2.0015565033521754e-29,2.0015565025619546e-29,2.0015565022997038e-29,2.0015564765827796e-29,2.002796530889904e-29,2.0027965303589673e-29,2.0068524697103565e-29,2.0068524701530486e-29,2.006852470171038e-29,2.007748294720149e-29,2.0077482961258314e-29,2.0090678289791664e-29,2.0090678288948331e-29,2.009067828585353e-29,2.0090678285861518e-29,2.0209849684678848e-29,2.0179396951763447e-29,2.0179396951815724e-29,2.017939695194879e-29,2.0179396951817893e-29,2.0179396951818e-29,2.0046755059449708e-29,2.003727602522946e-29,2.0047498241316492e-29,2.0047686300360088e-29,1.992718669935795e-29,1.9927186572738573e-29,1.9927186572153662e-29,1.9927083283045986e-29,1.9927083210289743e-29,1.992708321039858e-29,1.9927083190826865e-29,1.9927083285540802e-29,1.9927083247316418e-29,1.9927083247062533e-29,1.992708338186893e-29,1.9927083382685454e-29,1.9927083406430156e-29,1.9927083421763187e-29,1.9927083420534508e-29,1.992708341052136e-29,1.9927083398936696e-29,1.9927083398811896e-29,1.9927083376775727e-29,1.9927083376750759e-29,1.9927083382166595e-29,1.9927083381165143e-29,1.9927083464262433e-29,1.9927083476906607e-29,1.9927083475017326e-29,1.992708347314214e-29,1.9927083473356664e-29,1.992708329451583e-29,1.9927083278138221e-29,1.992708311855649e-29,2.026308233344768e-29,2.0263082326259213e-29,2.0263264836899957e-29,2.0917134523864427e-29,2.0917134602155776e-29,2.0917134607886695e-29,2.0917134605015796e-29,2.0917134488607253e-29,2.0917134486991318e-29,2.0917134486615503e-29,2.0917134482447078e-29,2.0917134491012019e-29,2.076316631954907e-29,2.0763167208581285e-29,2.0763167196054467e-29,2.0763167196041233e-29,2.0753604212282903e-29,2.075360418907064e-29,2.0753604189713565e-29,2.0753604221820368e-29,2.0753604241551656e-29,2.0753604240535076e-29,2.0753604242769026e-29,2.0708455710367446e-29,2.0708455707922754e-29,2.0712814827193448e-29,2.0712814964450633e-29,2.0712814963413492e-29,2.0712814971151527e-29,2.0712814971255033e-29,2.0712814970985428e-29,2.0712814970105315e-29,2.0712814982510447e-29,2.0712814982108445e-29,2.0712814980750281e-29,2.071281500783363e-29,2.0712814982860727e-29,2.0712815103526563e-29,2.080214241293972e-29,2.079195903250606e-29,2.079195903263918e-29,2.0791959027552585e-29,2.0791958970198607e-29,2.0791958973787672e-29,2.0791958869983428e-29,2.0767116338374063e-29,2.0853536380566717e-29,2.0853536408567079e-29,2.0853536313335622e-29,2.0853536312813286e-29,2.0853536245260316e-29,2.0853536227867954e-29,2.085353627346614e-29,2.0853536276235416e-29,2.08535363115032e-29,2.0853536345186862e-29,2.0853536342793385e-29,2.0853536343755166e-29,2.0853536340955013e-29,2.08535363421383e-29,2.0853536222242408e-29,2.085353622249942e-29,2.0853536233998344e-29,2.0853912949651732e-29,2.0853912952980222e-29,2.0853912960278058e-29,2.160123317468068e-29,2.1601233169160793e-29,2.1601233164809002e-29,2.147284025008659e-29,2.1467690164243875e-29,2.146775706286383e-29,2.146775702417198e-29,2.1797658576192718e-29,2.1797658572338436e-29,2.1797658572384188e-29,2.179765858193413e-29,2.1797658571307063e-29,2.1797658570343687e-29,2.1797658573356712e-29,2.1797658569472228e-29,2.179765839658233e-29,2.1797658405041106e-29,2.1797658792269842e-29,2.17976588550882e-29,2.179765880786007e-29,2.1797658086116508e-29,2.1797658097079903e-29,2.1797658224821705e-29,2.1797658238815893e-29,2.179765823905051e-29,2.1808182075072384e-29,2.1808182256023672e-29,2.1808182260870914e-29,2.1808182050542312e-29,2.1808182050536046e-29,2.180818199276398e-29,2.1808876764118844e-29,2.1808876818880097e-29,2.1808876780753033e-29,2.1808876597288667e-29,2.1809244153226965e-29,2.1969100666082779e-29,2.1969100666761467e-29,2.1969100650334056e-29,2.1968154556374298e-29,2.1968154541321468e-29,2.196815454125819e-29,2.196815454004555e-29,2.1968154547223763e-29,2.1968154534032555e-29,2.1968123727280653e-29,2.1968123688932168e-29,2.1968123688612397e-29,2.1968123657970542e-29,2.1968123660266514e-29,2.203565603776851e-29,2.20356560370985e-29,2.4516438274598054e-29,2.4516438276895516e-29,2.4516438281778893e-29,2.4516438248045188e-29,2.4516438247603552e-29,2.4516438248566903e-29,2.4516438248128347e-29,2.4633956325641576e-29,2.4850858226614829e-29,2.4850858221719765e-29,2.485085821548495e-29,2.4850858208544185e-29,2.485085821807728e-29,2.485085818864989e-29,2.485085818559142e-29,2.4850858196451927e-29,2.4850858219712907e-29,2.4850858219593948e-29,2.4850858217725776e-29,2.477000447820078e-29,2.4770004478977682e-29,2.4770004479147312e-29,2.4770004457263987e-29,2.4770004460283205e-29,2.4770336726264935e-29,2.4770336678521023e-29,2.4665482432191944e-29,2.4665482431179506e-29,2.4665482437298834e-29,2.4677726911777412e-29,2.4676748426690014e-29,2.4676748438113825e-29,2.4966545495309817e-29,2.496654548488961e-29,2.4966545484971283e-29,2.4966545528731906e-29,2.496620131849531e-29,2.496620130375503e-29,2.4966200013381005e-29,2.6135883886486183e-29,2.600236037374266e-29,2.600236037406008e-29,2.6002371513820636e-29,2.600237151314665e-29,2.6002371504620837e-29,2.6002371505059825e-29,2.600237151556138e-29,2.6002371515808944e-29,2.6002371510187125e-29,2.6002371527860537e-29,2.600379774498372e-29,2.6003797728116716e-29,2.600379772837158e-29,2.602000316824948e-29,2.603318326837601e-29,2.603318326327243e-29,2.603318326228767e-29,2.6033183222897875e-29,2.603318322296333e-29,2.603318320509924e-29,2.6033183207073885e-29,2.6033183205972975e-29,2.6033183212856826e-29,2.60331832051261e-29,2.603318314937341e-29,2.6033183254351437e-29,2.6033183254010927e-29,2.603318325325621e-29,2.603318324857954e-29,2.6033183288035e-29,2.60331832823877e-29,2.6033183298376944e-29,2.6033183218779834e-29,2.6033193296849675e-29,2.603319329764003e-29,2.6033193307411245e-29,2.603319330349503e-29,2.6033193301510775e-29,2.603319330194224e-29,2.5045462995707077e-29,2.5045463337388187e-29,2.504546333714785e-29,2.5045463296498738e-29,2.504546275853809e-29,2.519441345333601e-29,2.502840952088918e-29,2.4227751297047517e-29,2.422775121964071e-29,2.422775119867662e-29,2.4027791046714846e-29,2.4027791040820205e-29,2.402779109128383e-29,2.402779109146949e-29,2.3561974846834557e-29,2.3561974846660555e-29,2.344456715333051e-29,2.344456709816256e-29,2.3444567081320918e-29,2.3444567071436893e-29,2.3444567075742556e-29,2.344456707780733e-29,2.3442613538912854e-29,2.3430421854423227e-29,2.3430421854436102e-29,2.3351952295702273e-29,2.3351952295673933e-29,2.3351952286738133e-29,2.3351952293985234e-29,2.3351952296132984e-29,2.5245936982087825e-29,2.524593699414044e-29,2.5245936994046803e-29,2.524593699517123e-29,2.5245937004765526e-29,2.524533042435452e-29,2.5245330412308544e-29,2.524533041056047e-29,2.524533042540622e-29,2.524533042200197e-29,2.52453304353275e-29,2.524533043202689e-29,2.524533041503861e-29,2.524533041649461e-29,2.5245330416356447e-29,2.5245330414452587e-29,2.5245330415687304e-29,2.524533041639286e-29,2.524533041704279e-29,2.521783984775437e-29,2.5217864293602515e-29,2.508934264922745e-29,2.518031323378276e-29,2.5180313245747478e-29,2.5180312811990275e-29,2.5180312739270294e-29,2.5180312647718827e-29,2.5180312589820972e-29,2.5180822889064552e-29,2.518082265153015e-29,2.5180822693140182e-29,2.567154545167302e-29,2.523585497367038e-29,2.523585494898806e-29,2.5235855019113822e-29,2.476529068781562e-29,2.4765290687263457e-29,2.4780425571062443e-29,2.4780425409896326e-29,2.4780425406192633e-29,2.4780425412822013e-29,2.4780425414507265e-29,2.4780425411936202e-29,2.47804254075509e-29,2.4886940672145671e-29,2.4886940672680682e-29,2.4597336531891331e-29,2.4597336523016617e-29,2.459733652749471e-29,2.4597336531627565e-29,2.6589479643670656e-29,2.743049609037256e-29,2.74301164747266e-29,2.743011647581851e-29,2.743011647352658e-29,2.7422596559071824e-29,2.7422596559103707e-29,2.74225965899408e-29,2.7422596585872846e-29,2.748170506793752e-29,2.748051388074125e-29,2.74805138807178e-29,2.744537394797574e-29,2.7445373947975726e-29,2.7445373788001515e-29,2.7582756002695875e-29,2.758275640320219e-29,2.7582756412921875e-29,2.758275640940081e-29,2.75827565979811e-29,2.758275660478531e-29,2.7582756610250684e-29,2.7582756618878473e-29,2.7582756553167603e-29,2.7582756566027033e-29,2.758275665982936e-29,2.7582756294946837e-29,2.758275629347267e-29,2.7582756293556446e-29,2.7582750361694576e-29,2.7582750362140357e-29,2.7582750318730776e-29,2.7582750049831836e-29,2.7582750059867173e-29,2.7600060824777226e-29,2.760019016676766e-29,2.7573591678895174e-29,2.740416228726774e-29,2.740416228963674e-29,2.740416229580892e-29,2.740416227954785e-29,2.740416222326907e-29,2.7461096017721353e-29,2.7461096013989886e-29,2.746113974435761e-29,2.7463154123315276e-29,2.7463154178868005e-29,2.7463154176951197e-29,2.741442018485066e-29,2.741442018404076e-29,2.741441351004423e-29,2.765060653865034e-29,2.765882525360965e-29,2.7658825253860154e-29,2.7711136946210764e-29,2.771464371261746e-29,2.7714643729923233e-29,2.7735344611130323e-29,2.9836506462525143e-29,2.9836506462447304e-29,3.289639307121302e-29,3.293441750448889e-29,3.293441751488124e-29,3.499118161729126e-29,3.500325064221209e-29,3.500325082811099e-29,3.492175287631564e-29,3.492175287507844e-29,3.44500721671384e-29,3.4450072182000403e-29,3.4450072197568274e-29,3.445113427038434e-29,3.432173245858768e-29,3.4321732458262804e-29,3.432173243136859e-29,3.432639464799882e-29,3.433393096028068e-29,3.43339309517684e-29,3.458178041624913e-29,3.458179475542804e-29,3.458179475542464e-29,3.458179150623816e-29,3.458179154506794e-29,3.458179123579113e-29,3.458179126006568e-29,3.4581841639176423e-29,3.4581841395665385e-29,3.458182897147541e-29,3.4581829248076825e-29,3.458232191681303e-29,3.458232191670406e-29,3.4582321916460395e-29,3.4582321300980324e-29,3.4582321297781395e-29,3.458231971219411e-29,3.364127075380425e-29,3.364128793683603e-29,3.363578815070593e-29,3.3635788141732054e-29,3.363578781119256e-29,3.3635787846787863e-29,3.3635787932141676e-29,3.363578791517364e-29,3.363578790875768e-29,3.352522339115659e-29,3.352522347079429e-29,3.352533368553492e-29,3.2758714722276333e-29,3.2758714723680014e-29,3.2703855223698053e-29,3.2775012653139276e-29,3.27750126559685e-29,3.2775012622445503e-29,3.2763714436409237e-29,3.2763714675261474e-29,3.2784298822446917e-29,3.2768523075499403e-29,3.2768523131458677e-29,3.2768520476148603e-29,3.276852047617614e-29,3.27822978081022e-29,3.27822978083168e-29,3.2782297793611104e-29,3.2782297794004163e-29,3.279422929218354e-29,3.273300293378899e-29,3.2733002927779e-29,3.274347711004451e-29,3.2743477104947675e-29,3.274347712658598e-29,3.274347712389775e-29,3.274347709462872e-29,3.274347709740362e-29,3.274347705695858e-29,3.275568195313102e-29,3.275568195390937e-29,3.2755681953909255e-29,3.2755681914999686e-29,3.278152715683236e-29,3.278152715941383e-29,3.2781527161690954e-29,3.278152729991591e-29,3.2781527292553554e-29,3.278152729334426e-29,3.278152722243371e-29,3.2781527203880155e-29,3.278152722448733e-29,3.278152725528067e-29,3.2781527198558085e-29,3.278152718888289e-29,3.2781529514627197e-29,3.278152963675262e-29,3.2781529636752656e-29,3.278152964328447e-29,3.278153023041041e-29,3.278153023506568e-29,3.277968545312503e-29,3.277968545823241e-29,3.2779277586733794e-29,3.2779277209028624e-29,3.2770774627115314e-29,3.2322389878182547e-29,3.232239552308005e-29,3.2322395524402225e-29,3.232239524088781e-29,3.2322395199610674e-29,3.232237102181228e-29,3.3101905532107843e-29,3.3101905500285336e-29,3.310190541574369e-29,3.310195991835167e-29,3.310195992845823e-29,3.348285036847273e-29,3.348285036584654e-29,3.348285036584998e-29,3.348325572099935e-29,3.348322450028619e-29,3.348322451244577e-29,3.348322450913957e-29,3.348322450561931e-29,3.3557591245970336e-29,3.355395691069621e-29,3.355395691201446e-29,3.3553956919043967e-29,3.3553956918930125e-29,3.3553956919634384e-29,3.355395691970433e-29,3.3531072168561066e-29,3.353107209002944e-29,3.353107208825834e-29,3.355176814916194e-29,3.3539976533589615e-29,3.3759449989378947e-29,3.375948105846672e-29,3.3759829204689364e-29,3.384216694206051e-29,3.4498089154498605e-29,3.4498089158571137e-29,3.449808915677151e-29,3.449808915452405e-29,3.4498207061620013e-29,3.4498207061617385e-29,3.4498207060909617e-29,3.4498207061604016e-29,3.449825638514239e-29,3.4498256396158555e-29,3.449825639632173e-29,3.449825639596706e-29,3.4498256394071e-29,3.4498256363675873e-29,3.449825636367638e-29,3.4498256366962507e-29,3.4509106507993e-29,3.4509106507991575e-29,3.450910656662198e-29,3.450905056329615e-29,3.45090505751176e-29,3.4509050505005055e-29,3.450905050474599e-29,3.4509050506132786e-29,3.4509050482606184e-29,3.4509050482623583e-29,3.45090504885028e-29,3.4509100039893577e-29,3.450910003544682e-29,3.4509098397227035e-29,3.4509098344655244e-29,3.45090983446155e-29,3.450909835024103e-29,3.4509098345192586e-29,3.4481879324207813e-29,3.4481879324724724e-29,3.4481879311678086e-29,3.448187939714535e-29,3.4481879428459066e-29,3.4481879426520694e-29,3.442575538878959e-29,3.442575538888832e-29,3.4425755364932e-29,3.4425755654675434e-29,3.442575565972608e-29,3.442575568743291e-29,3.4425755687220955e-29,3.465428908746401e-29,3.465428915435446e-29,3.4654289721701277e-29,3.51957497480792e-29,3.519574974807928e-29,3.5162636284742636e-29,3.508580648890925e-29,3.5085806489021565e-29,3.508584903318705e-29,3.508584903366502e-29,3.5095031369745425e-29,3.509503137218014e-29,3.509503141382559e-29,3.509503140391775e-29,3.5095031551621785e-29,3.509503163001945e-29,3.439710637438123e-29,3.4397106349501403e-29,3.4385739782291204e-29,3.438573977576347e-29,3.431463564532932e-29,3.4314635645133935e-29,3.4329276157877967e-29,3.43292760965091e-29,3.432927632134692e-29,3.4202605529953446e-29,3.419155326309052e-29,3.4191553261328355e-29,3.419155326123829e-29,3.4191553242034044e-29,3.4172497046441346e-29,3.417249704657846e-29,3.49525342243493e-29,3.4952534672048395e-29,3.495253467204003e-29,3.495251399665259e-29,3.49001258120423e-29,3.490012580980234e-29,3.472491020098452e-29,3.4724910200997195e-29,3.4724621737307266e-29,3.4724621734914835e-29,3.4724621735757116e-29,3.472462173520672e-29,3.4724621733908686e-29,3.472462148644955e-29,3.4601384960426966e-29,3.4601473700827976e-29,3.4601473703156105e-29,3.4601473700196585e-29,3.460147369928867e-29,3.460147370208738e-29,3.460147351499986e-29,3.4601473513241734e-29,3.4601473839042007e-29,3.4601473839230067e-29,3.4601473925929994e-29,3.460147393272875e-29,3.460147393277371e-29,3.4601473934974894e-29,3.460147393549553e-29,3.4601473932031876e-29,3.460147368073257e-29,3.460147368300334e-29,3.4601473665600426e-29,3.4601473658644324e-29,3.4601473602217426e-29,3.4601473596110747e-29,3.4601473603445917e-29,3.4601473606626567e-29,3.460147361962009e-29,3.460147373528612e-29,3.4601473636140026e-29,3.455345752554231e-29,3.4524712181854586e-29,3.452490807635116e-29,3.452490807101986e-29,3.451322783275402e-29,3.4513227832824806e-29,3.455585330462319e-29,3.462191883849625e-29,3.4621918838754014e-29,3.462191862541892e-29,3.462191539520043e-29,3.4864442071834886e-29,3.486444206999387e-29,3.486444207997492e-29,3.486444272648757e-29,3.501501466062489e-29,3.5014962458034734e-29,3.501515578810659e-29,3.329642966443058e-29,3.3296430011007396e-29,3.3167024590237386e-29,3.3167024584885205e-29,3.316702458450163e-29,3.316702458403887e-29,3.326714799669796e-29,3.326714799337573e-29,3.329919596091561e-29,3.329911143879057e-29,3.3299111439405854e-29,3.321812837230682e-29,3.321812837109878e-29,3.3005385495815095e-29,3.303245399766259e-29,3.3032453988868324e-29,3.289258996175764e-29,3.2892589961064675e-29,3.289258996712478e-29,3.289258988873517e-29,3.2914152630962324e-29,3.2878963295094045e-29,3.293510439591004e-29,3.2935202800650025e-29,3.293520280063521e-29,3.293516498197216e-29,3.301451554484909e-29,3.3014515600138124e-29,3.301446057083012e-29,3.301446057096784e-29,3.301384596196422e-29,3.439728302690732e-29,3.439728302708414e-29,3.4494727523614183e-29,3.449472779605016e-29,3.449472783813521e-29,3.449472783794926e-29,3.4442033012432795e-29,3.4428032212860335e-29,3.4416176138088306e-29,3.441617614700788e-29,3.4370488847575117e-29,3.437048884780809e-29,3.429055536912023e-29,3.4299499493988794e-29,3.425067757158416e-29,3.4250677571651424e-29,3.392297738070266e-29,3.392297737360069e-29,3.3922977368189484e-29,3.39229773788139e-29,3.3922977378440806e-29,3.3922977377019996e-29,3.392297815330205e-29,3.3922978153522046e-29,3.392297815357799e-29,3.3922978153536794e-29,3.392297824048385e-29,3.3922978240239356e-29,3.392297848946275e-29,3.392297849205446e-29,3.392297848883776e-29,3.392297975953492e-29,3.3922979759629166e-29,3.3922979758980263e-29,3.392297975939385e-29,3.3922979760722066e-29,3.392297980381333e-29,3.392297978665177e-29,3.392297978001639e-29,3.392297977256223e-29,3.392297977238613e-29,3.3922979802933604e-29,3.392297979370686e-29,3.392297867167479e-29,3.3922978671664827e-29,3.3922978803798993e-29,3.392297880369167e-29,3.3922978803032606e-29,3.392297853013537e-29,3.3922978775455714e-29,3.3922979642422247e-29,3.331501787445416e-29,3.3314239099725703e-29,3.3314239099727183e-29,3.3369999008405826e-29,3.3369999025802195e-29,3.336999901667058e-29,3.3370017234327247e-29,3.3370017228203864e-29,3.337001678422961e-29,3.3353526331345556e-29,3.3353512318921315e-29,3.3353511139869005e-29,3.335351110938215e-29,3.3351668780210534e-29,3.3528850135013477e-29,3.352884906065633e-29,3.352884906089483e-29,3.352888419566636e-29,3.3590750274156773e-29,3.359075010659462e-29,3.3508779730584413e-29,3.350877974987056e-29,3.3508779740153925e-29,3.350877973373658e-29,3.3509344410414556e-29,3.350934440276839e-29,3.350934451958533e-29,3.35284477513626e-29,3.3528447743028927e-29,3.3512459951676634e-29,3.35124599455405e-29,3.3512459942841885e-29,3.3512375563989934e-29,3.061470342099484e-29,3.061470342135256e-29,3.061470241206517e-29,3.0614702732653707e-29,3.0614702733877074e-29,3.061470274745316e-29,3.0614702745351483e-29,3.080378373079843e-29,3.0193595763516667e-29,3.019693426698193e-29,3.019693426699059e-29,3.019693426498454e-29,3.021835185317971e-29,3.0201170618691193e-29,3.020117061855106e-29,3.0201170617411606e-29,3.020117061730962e-29,3.0099727821728816e-29,3.0093675058141295e-29,3.009367504010049e-29,3.009367504007209e-29,3.0046529774709734e-29,3.0046529772858916e-29,3.0066064463940845e-29,3.0066019513528647e-29,3.0066019504024514e-29,3.006601948572457e-29,2.8794773854292087e-29,2.8794773854571315e-29,2.8793636840278484e-29,2.879363684456233e-29,2.87936368198766e-29,2.874716865890288e-29,2.874716865892422e-29,2.874716865887104e-29,2.874716863993146e-29,3.0821781476057224e-29,3.081861620732607e-29,3.081861626000702e-29,3.081860756970576e-29,3.08186075840911e-29,3.081860758938409e-29,3.081837916314259e-29,3.081837916313449e-29,3.081837963036054e-29,3.081837957611022e-29,3.0818379568675476e-29,3.081837956154543e-29,3.081082277794805e-29,3.081082277921966e-29,3.081082277977208e-29,3.0810822830035657e-29,3.081082281249466e-29,3.0942749219208325e-29,3.094274921920823e-29,3.094274922373612e-29,3.094274976180247e-29,3.094274961494639e-29,3.094274961494313e-29,3.094274903714148e-29,3.094274906939821e-29,3.094274906953259e-29,3.0942749069532985e-29,3.0942748950656027e-29,3.0942761477944914e-29,3.094276151239995e-29,3.094276151246286e-29,3.094276159678502e-29,3.094276160532172e-29,3.094276216124386e-29,3.0942761912093506e-29,3.094276191210057e-29,3.0942761911987876e-29,3.0942761914250895e-29,3.094275453608681e-29,3.094275453538932e-29,3.094275453372981e-29,3.0942754532594356e-29,3.1213958992235137e-29,3.121395899223613e-29,3.1213958950514407e-29,3.1213958950730465e-29,3.1213959663538394e-29,3.1213959660908386e-29,3.1213959663675906e-29,3.121395967934853e-29,3.121395967947175e-29,3.121396021210579e-29,3.1279746933030364e-29,3.127974658274688e-29,3.127974659160366e-29,3.128021759300694e-29,3.123374419655837e-29,3.1233744160986054e-29,3.123374415867144e-29,3.1233744375500444e-29,3.1233745716252775e-29,3.123374571625222e-29,3.1233759430291355e-29,3.123375943199147e-29,3.1233759216102027e-29,3.123376659012135e-29,3.1221561511301873e-29,3.1221550834785175e-29,3.122155083400114e-29,3.1221550832571925e-29,3.1221552073438816e-29,3.122150568406461e-29,3.122150568406499e-29,3.121955407316311e-29,3.121955915469268e-29,3.1219559169209217e-29,3.1220051730998524e-29,3.1220051731456474e-29,3.3031036804410634e-29,3.303103675597118e-29,3.33763134458105e-29,3.3058957251304496e-29,3.3058957248128224e-29,3.3141557572834974e-29,3.354052639634877e-29,3.3540562883438895e-29,3.35405628761484e-29,3.3540562876080184e-29,3.3540562898588675e-29,3.354056289488775e-29,3.354056290325353e-29,3.354056290187213e-29,3.348192236670726e-29,3.348192234850718e-29,3.18747061371466e-29,3.169586768071818e-29,3.1695867680556777e-29,3.1699581379412374e-29,3.1626346864407334e-29,3.162659977177169e-29,3.1626599775021157e-29,3.1573923092653166e-29,3.15395042302717e-29,3.153313904360324e-29,3.153313903831646e-29,3.149025135621644e-29,3.1490251356168175e-29,3.149027343912863e-29,3.1490273435271496e-29,3.1490273490052395e-29,3.133923931841991e-29,3.13128511513e-29,3.1366450374728846e-29,3.1365759564128624e-29,3.1365759569260095e-29,3.133942852563994e-29,3.135774930843623e-29,3.1648344072083507e-29,3.164834406164764e-29,3.164834406164237e-29,3.1700804155584694e-29,3.17008041555847e-29,3.174547902600261e-29,3.174547899874338e-29,3.174547902315187e-29,3.1745359575210867e-29,3.171199118667677e-29,3.1711991185402433e-29,3.153764279008437e-29,3.153764279018371e-29,3.153764279018082e-29,3.153983654310074e-29,3.153983654316289e-29,3.1539836536949403e-29,3.153983653812035e-29,3.153983653809542e-29,3.156317495792539e-29,3.1722502292247747e-29,3.1722502293743336e-29,3.172250229287866e-29,3.172250223086984e-29,3.172250222810639e-29,3.172250205936225e-29,3.172250205769353e-29,3.172250192349592e-29,3.1727326269675666e-29,3.17124810065136e-29,3.1712480970236556e-29,3.171248097656641e-29,3.1593225958204946e-29,3.1593225958527486e-29,3.186258765665437e-29,3.18479256517331e-29,3.1847925650868215e-29,3.184792564994459e-29,3.340046340438317e-29,3.341958559291526e-29,3.341958560020046e-29,3.3433253553154383e-29,3.34332535542533e-29,3.343325355123976e-29,3.343325355452528e-29,3.3433253553476244e-29,3.3433253553263673e-29,3.343325352269525e-29,3.343325352269521e-29,3.3433253502386696e-29,3.343325350238693e-29,3.343325350265444e-29,3.34332535041729e-29,3.3433253505188895e-29,3.343325341443222e-29,3.335504587312666e-29,3.3355045868257286e-29,3.335504581693865e-29,3.3355045962849635e-29,3.33550459739168e-29,3.335504599567451e-29,3.3355045879278364e-29,3.3355045891704614e-29,3.3355045872411727e-29,3.3355045751063176e-29,3.3355045751110887e-29,3.33550459231468e-29,3.3355045900270746e-29,3.3355045908138437e-29,3.3355045812138304e-29,3.335504561324561e-29,3.3355046845670263e-29,3.2678897160307483e-29,3.26788971597604e-29,3.266755513107e-29,3.26675551691166e-29,3.2667555169137345e-29,3.266755516913755e-29,3.2667555232929086e-29,3.266755523258421e-29,3.26675553638344e-29,3.2667555354862584e-29,3.266755524143938e-29,3.26675552411752e-29,3.266755594129693e-29,3.2667555245356283e-29,3.266755529687777e-29,3.26675552970727e-29,3.2667555286038315e-29,3.2667555285216896e-29,3.266755529308332e-29,3.266756002556595e-29,3.251077643039241e-29,3.251077638543251e-29,3.2517581014031555e-29,3.2517581094582523e-29,3.251758059257377e-29,3.251758059338113e-29,3.251326525235118e-29,3.2513265256253286e-29,3.251332895451728e-29,3.251332837562496e-29,3.251332610963655e-29,3.2513326008949275e-29,3.251332608544e-29,3.2531285745546026e-29,3.253128574485692e-29,3.2531283783271914e-29,3.253128377400547e-29
2,0.0,0.0,0.0,0.0,0.0,0.0,0.0,0.0,0.0,0.0,0.0,0.0,0.0,0.0,0.0,0.0,0.0,0.0,0.0,0.0,0.0,0.0,0.0,0.0,0.0,0.0,0.0,0.0,0.0,0.0,0.0,0.0,0.0,0.0,0.0,0.0,0.0,0.0,0.0,0.0,0.0,0.0,0.0,0.0,0.0,0.0,0.0,0.0,0.0,0.0,0.0,0.0,0.0,0.0,0.0,0.0,0.0,0.0,0.0,0.0,0.0,0.0,0.0,0.0,0.0,0.0,0.0,0.0,0.0,0.0,0.0,0.0,0.0,0.0,0.0,0.0,0.0,0.0,0.0,0.0,0.0,0.0,0.0,0.0,0.0,0.0,0.0,0.0,0.0,0.0,0.0,0.0,0.0,0.0,0.0,0.0,0.0,0.0,0.0,0.0,0.0,0.0,0.0,0.0,0.0,0.0,0.0,0.0,0.0,0.0,0.0,0.0,0.0,0.0,0.0,0.0,0.0,0.0,0.0,0.0,0.0,0.0,0.0,0.0,0.0,0.0,0.0,0.0,0.0,0.0,0.0,0.0,0.0,0.0,0.0,0.0,0.0,0.0,0.0,0.0,0.0,0.0,0.0,0.0,0.0,0.0,0.0,0.0,0.0,0.0,0.0,0.0,0.0,0.0,0.0,0.0,0.0,0.0,0.0,0.0,0.0,0.0,0.0,0.0,0.0,0.0,0.0,0.0,0.0,0.0,0.0,0.0,0.0,0.0,0.0,0.0,0.0,0.0,0.0,0.0,0.0,0.0,0.0,0.0,0.0,0.0,0.0,0.0,0.0,0.0,0.0,0.0,0.0,0.0,0.0,0.0,0.0,0.0,0.0,0.0,0.0,0.0,0.0,0.0,0.0,0.0,0.0,0.0,0.0,0.0,0.0,0.0,0.0,0.0,0.0,0.0,0.0,0.0,0.0,0.0,0.0,0.0,0.0,0.0,0.0,0.0,0.0,0.0,0.0,0.0,0.0,0.0,0.0,0.0,0.0,0.0,0.0,0.0,0.0,0.0,0.0,0.0,0.0,0.0,0.0,0.0,0.0,0.0,0.0,0.0,0.0,0.0,0.0,0.0,0.0,0.0,0.0,0.0,0.0,0.0,0.0,0.0,0.0,0.0,0.0,0.0,0.0,0.0,0.0,0.0,0.0,0.0,0.0,0.0,0.0,0.0,0.0,0.0,0.0,0.0,0.0,0.0,0.0,0.0,0.0,0.0,0.0,0.0,0.0,0.0,0.0,0.0,0.0,0.0,0.0,0.0,0.0,0.0,0.0,0.0,0.0,0.0,0.0,0.0,0.0,0.0,0.0,0.0,0.0,0.0,0.0,0.0,0.0,0.0,0.0,0.0,0.0,0.0,0.0,0.0,0.0,0.0,0.0,0.0,0.0,0.0,0.0,0.0,0.0,0.0,0.0,0.0,0.0,0.0,0.0,0.0,0.0,0.0,0.0,0.0,0.0,0.0,0.0,0.0,0.0,0.0,0.0,0.0,0.0,0.0,0.0,0.0,0.0,0.0,0.0,0.0,0.0,0.0,0.0,0.0,0.0,0.0,0.0,0.0,0.0,0.0,0.0,0.0,0.0,0.0,0.0,0.0,0.0,0.0,0.0,0.0,0.0,0.0,0.0,0.0,0.0,0.0,0.0,0.0,0.0,0.0,0.0,0.0,0.0,0.0,0.0,0.0,0.0,0.0,0.0,0.0,0.0,0.0,0.0,0.0,0.0,0.0,0.0,0.0,0.0,0.0,0.0,0.0,0.0,0.0,0.0,0.0,0.0,0.0,0.0,0.0,0.0,0.0,0.0,0.0,0.0,0.0,0.0,0.0,0.0,0.0,0.0,0.0,0.0,0.0,0.0,0.0,0.0,0.0,0.0,0.0,0.0,0.0,0.0,0.0,0.0,0.0,0.0,0.0,0.0,0.0,0.0,0.0,0.0,0.0,0.0,0.0,0.0,0.0,0.0,0.0,0.0,0.0,0.0,0.0,0.0,0.0,0.0,0.0,0.0,0.0,0.0,0.0,0.0,0.0,0.0,0.0,0.0,0.0,0.0,0.0,0.0,0.0,0.0,0.0,0.0,0.0,0.0,0.0,0.0,0.0,0.0,0.0,0.0,0.0,0.0,0.0,0.0,0.0,0.0,0.0,0.0,0.0,0.0,0.0,0.0,0.0,0.0,0.0,0.0,0.0,0.0,0.0,0.0,0.0,0.0,0.0,0.0,0.0,0.0,0.0,0.0,0.0,0.0,0.0,0.0,0.0,0.0,0.0,0.0,0.0,0.0,0.0,0.0,0.0,0.0,0.0,0.0,0.0,0.0,0.0,0.0,0.0,0.0,0.0,0.0,0.0,0.0,0.0,0.0,0.0,0.0,0.0,0.0,0.0,0.0,0.0,0.0,0.0,0.0,0.0,0.0,0.0,0.0,0.0,0.0,0.0,0.0,0.0,0.0,0.0,0.0,0.0,0.0,0.0,0.0,0.0,0.0,0.0,0.0,0.0,0.0,0.0,0.0,0.0,0.0,0.0,0.0,0.0,0.0,0.0,0.0,0.0,0.0,0.0,0.0,0.0,0.0,0.0,0.0,0.0,0.0,0.0,0.0,0.0,0.0,0.0,0.0,0.0,0.0,0.0,0.0,0.0,0.0,0.0,0.0,0.0,0.0,0.0,0.0,0.0,0.0,0.0,0.0,0.0,0.0,0.0,0.0,0.0,0.0,0.0,0.0,0.0,0.0,0.0,0.0,0.0,0.0,0.0,0.0,0.0,0.0,0.0,0.0,0.0,0.0,0.0,0.0,0.0,0.0,0.0,0.0,0.0,0.0,0.0,0.0,0.0,0.0,0.0,0.0,0.0,0.0,0.0,0.0,0.0,0.0,0.0,0.0,0.0,0.0,0.0,0.0,0.0,0.0,0.0,0.0,0.0,0.0,0.0,0.0,0.0,0.0,0.0,0.0,0.0,0.0,0.0,0.0,0.0,0.0,0.0,0.0,0.0,0.0,0.0,0.0,0.0,0.0,0.0,0.0,0.0,0.0,0.0,0.0,0.0,0.0,0.0,0.0,0.0,0.0,0.0,0.0,0.0,0.0,0.0,0.0,0.0,0.0,0.0,0.0,0.0,0.0,0.0,0.0,0.0,0.0,0.0,0.0,0.0,0.0,0.0,0.0,0.0,0.0,0.0,0.0,0.0,0.0,0.0,0.0,0.0,0.0,0.0,0.0,0.0,0.0,0.0,0.0,0.0,0.0,0.0,0.0,0.0,0.0,0.0,0.0,0.0,0.0,0.0,0.0,0.0,0.0,0.0,0.0,0.0,0.0,0.0,0.0,0.0,0.0,0.0,0.0,0.0,0.0,0.0,0.0,0.0,0.0,0.0,0.0,0.0,0.0,0.0,0.0,0.0,0.0,0.0,0.0,0.0,0.0,0.0,0.0,0.0,0.0,0.0,0.0,0.0,0.0,0.0,0.0,0.0,0.0,0.0,0.0,0.0,0.0,0.0,0.0,0.0,0.0,0.0,0.0,0.0,0.0,0.0,0.0,0.0,0.0,0.0,0.0,0.0,0.0,0.0,0.0,0.0,0.0,0.0,0.0,0.0,0.0,0.0,0.0,0.0,0.0,0.0,0.0,0.0,0.0,0.0,0.0,0.0,0.0,0.0,0.0,0.0,0.0,0.0,0.0,0.0,0.0,0.0,0.0,0.0,0.0,0.0,0.0,0.0,0.0,0.0,0.0,0.0,0.0,0.0,0.0,0.0,0.0,0.0,0.0,0.0,0.0,0.0,0.0,0.0,0.0,0.0,0.0,0.0,0.0,0.0,0.0,0.0,0.0,0.0,0.0,0.0,0.0,0.0,0.0,0.0,0.0,0.0,0.0,0.0,0.0,0.0,0.0,0.0,0.0,0.0,0.0,0.0,0.0,0.0,0.0,0.0,0.0,0.0,0.0,0.0,0.0,0.0,0.0,0.0,0.0,0.0,0.0,0.0,0.0,0.0,0.0,0.0,0.0,0.0,0.0,0.0,0.0,0.0,0.0,0.0,0.0,0.0,0.0,0.0,0.0,0.0,0.0,0.0,0.0,0.0,0.0,0.0,0.0,0.0,0.0,0.0,0.0,0.0,0.0,0.0,0.0,0.0,0.0,0.0,0.0,0.0,0.0,0.0,0.0,0.0,0.0,0.0,0.0,0.0,0.0,0.0,0.0,0.0,0.0,0.0,0.0,0.0,0.0,0.0,0.0,0.0,0.0,0.0,0.0,0.0,0.0,0.0,0.0,0.0,0.0,0.0,0.0,0.0,0.0,0.0,0.0,0.0,0.0,0.0,0.0,0.0,0.0,0.0,0.0,0.0,0.0,0.0,0.0,0.0,0.0,0.0,2.198523411156636e-46,-8.34675571391034e-34,-2.511618297281632e-67,7.287196130275247e-43,1.3118294014676272e-41,1.3118290985340875e-41,1.4082900120129033e-41,1.4082900120129038e-41,-1.0655050768731937e-34,-1.0579562635162385e-49,-3.860113352021077e-76,-1.846906512187527e-32,7.12217959810873e-38,7.12217959810873e-38,7.12217959810873e-38,2.995346563550509e-29,2.99534656355051e-29,2.995346563550514e-29,2.99534656355051e-29,2.9953465635505105e-29,2.9953465635505094e-29,2.9953465635505094e-29,3.102801125153447e-29,3.1028011251534476e-29,3.1028011251534476e-29,3.102801125153443e-29,3.102801125153448e-29,3.102801125153449e-29,2.9862656089449905e-29,2.9862656089449844e-29,2.986265608944983e-29,2.986265608944984e-29,2.9862656089449844e-29,2.986265608944987e-29,2.986265608944983e-29,3.0066274194732165e-29,3.0066274194732165e-29,3.006627419473233e-29,3.0066274194731924e-29,3.0066274194731907e-29,3.0066274194731907e-29,3.0066274194731907e-29,3.006627419473193e-29,3.0066274194731907e-29,3.006627419473193e-29,3.0066274194731873e-29,3.0065202312147757e-29,3.006520231214776e-29,3.006520231214776e-29,3.0065202312147757e-29,3.0065202312147757e-29,3.006520231214776e-29,3.0065202312147757e-29,3.006520231214771e-29,3.006520231214756e-29,3.0065202312147617e-29,3.131651730198068e-29,3.097377675151381e-29,3.097379529905363e-29,3.0969557140431044e-29,3.096913170540995e-29,3.0970347111327976e-29,3.0970347111327175e-29,3.1164992287098695e-29,3.116499228709775e-29,3.11644575832569e-29,3.11644581706876e-29,3.1164756958027624e-29,3.116475710271043e-29,3.119202210545824e-29,3.119201456296781e-29,3.119201468652317e-29,3.1192014448672637e-29,3.1192014185268776e-29,3.119201417026628e-29,3.1192012256101175e-29,3.119201064534598e-29,3.119200901953172e-29,3.119200893868314e-29,3.119200881162404e-29,3.1192007713248443e-29,3.119193808154089e-29,3.1191938072712037e-29,3.119189618726753e-29,3.1191880572832713e-29,3.1191880595972405e-29,3.1191876968552625e-29,3.119187660203386e-29,3.11918765413874e-29,3.119187656850383e-29,3.1191875334911695e-29,3.119187556684203e-29,3.119186938684959e-29,3.119186653807252e-29,3.119186291575194e-29,3.1191861987942435e-29,3.11918615802577e-29,3.1191861755056507e-29,3.119186218219137e-29,3.1191855456648214e-29,3.1191855369851905e-29,3.119185835728185e-29,3.1191887834177813e-29,3.1191886955007327e-29,3.1192234538370226e-29,3.119222878362275e-29,3.119222970292024e-29,3.119220997133764e-29,3.119221142418065e-29,3.1192212313373086e-29,3.119221795048184e-29,3.1192217981931765e-29,3.11922215051274e-29,3.119222141298684e-29,3.119222240255176e-29,3.1192222701603964e-29,3.1192222901837626e-29,3.119218590283307e-29,3.119217459150143e-29,3.1192176993628796e-29,3.1192176995809026e-29,3.119215527559793e-29,3.119215630521377e-29,3.1192138610008916e-29,3.11921408437786e-29,3.1192148324582575e-29,3.1192139854866947e-29,3.119213948256206e-29,3.119213948118493e-29,3.1192139575989747e-29,3.119213908892807e-29,3.119213907294547e-29,3.119213931050878e-29,3.1192130049457686e-29,3.119212704216081e-29,3.119210325039501e-29,3.1192104271211734e-29,3.119210531272238e-29,3.119204493271443e-29,3.1192044425302624e-29,3.119284102008456e-29,3.1192840022326907e-29,3.1192839847915095e-29,3.119284078296334e-29,3.119285279990917e-29,3.1192464025069227e-29,3.1192460059521995e-29,3.119245975579444e-29,3.1192459009463666e-29,3.119245818056487e-29,3.1192411356487144e-29,3.1192411626454406e-29,3.1191309117252634e-29,3.119130909146445e-29,3.119132128872035e-29,3.119132128766238e-29,3.1191377885678867e-29,3.119137740976471e-29,3.1191377464489735e-29,3.119139950287131e-29,3.119142601377313e-29,3.1191426620218047e-29,3.1191426570048e-29,3.119142878597755e-29,3.119117444496439e-29,3.119117417937711e-29,3.1191245294144764e-29,3.1191244898422955e-29,3.1191251680976616e-29,3.1191574696599026e-29,3.1191572990383996e-29,3.1191572939018936e-29,3.1186797616722446e-29,3.1186790145246044e-29,3.118680142893729e-29,3.1186801500909005e-29,3.118673315525462e-29,3.1186737298144406e-29,3.1186902033910197e-29,3.11868451342866e-29,3.118686613156771e-29,3.118677427846517e-29,3.1186776279983757e-29,3.118680494542812e-29,3.118680870946161e-29,3.118682066145386e-29,3.118681911539063e-29,3.1182487159298513e-29,3.1182501339395644e-29,3.118249878327495e-29,3.118270129611366e-29,3.11828641189154e-29,3.1182872756196703e-29,3.118287966825744e-29,3.118292252926626e-29,3.118292181439382e-29,3.1182958484554824e-29,3.118314969096233e-29,3.1183318308061805e-29,3.1183246280133654e-29,3.118324621119821e-29,3.1183246214427363e-29,3.1183247014773264e-29,3.1182661160748687e-29,3.1182659301205637e-29,3.1182656027620574e-29,3.11825164346891e-29,3.1182426461557683e-29,3.118242646763441e-29,3.1182448102694104e-29,3.1182498741131556e-29,3.118249701155878e-29,3.11824970057778e-29,3.118208607044961e-29,3.118208601538934e-29,3.118158595730825e-29,3.118152160292173e-29,3.1181092356959484e-29,3.118091945463804e-29,3.1181014142716e-29,3.118101399879538e-29,3.1181556324230886e-29,3.1184118390836424e-29,3.118412129344905e-29,3.1183963995636545e-29,3.118392388317299e-29,3.118391805082088e-29,3.11840043984482e-29,3.118398920180619e-29,3.118400112091087e-29,3.118352056062895e-29,3.118350588494049e-29,3.118378760518537e-29,3.118378912882078e-29,3.1183789543015837e-29,3.117594838528194e-29,3.117721461653387e-29,3.1177752543241273e-29,3.117904410595389e-29,3.1178479859518083e-29,3.1178606907176526e-29,3.117860693339562e-29,3.11783009374872e-29,3.117830354491208e-29,3.117773934885115e-29,3.117773934745487e-29,3.1177736058997715e-29,3.1177532398881464e-29,3.1178920524611094e-29,3.117890272736281e-29,3.117889013120509e-29,3.117782196771871e-29,3.117782280990149e-29,3.1178157143724163e-29,3.1178156984495527e-29,3.117812052527178e-29,3.1178135521185383e-29,3.117814218604867e-29,3.1178140884599663e-29,3.117814809542565e-29,3.1178151664942544e-29,3.1178528532728954e-29,3.117846958927461e-29,3.117844542071693e-29,3.117851610776805e-29,3.117851485340486e-29,3.118047378161563e-29,3.113976254016668e-29,3.113975687632039e-29,3.1139729391794607e-29,3.1139727830288626e-29,3.114044985131491e-29,3.114048532662223e-29,3.1140485956082826e-29,3.114057602134953e-29,3.1140572308513736e-29,3.1141582620475233e-29,3.1141635172508335e-29,3.114163203678483e-29,3.1142293621013745e-29,3.114228623491606e-29,3.1142278406961205e-29,3.1142292607908474e-29,3.1141594882590767e-29,3.114159000640661e-29,3.1141592907024245e-29,3.114138491136831e-29,3.1141395451150073e-29,-5.614424929339813e-30,-1.7976862933257e-33,-6.235006368250842e-35,6.905142008650758e-35,-1.3843284770056333e-33,-8.732607517100943e-35,1.67365073208388e-36,1.8967465094708965e-36,2.0465370304827214e-34,1.89210819477733e-33,1.8834369360308806e-33,2.0372229829859513e-33,2.184988700311046e-33,4.72654842134586e-33,4.7024371567721014e-33,4.271075878321872e-33,4.264984388679444e-33,4.264990263365592e-33,4.2652867161678664e-33,4.226491598310951e-33,4.108222373298218e-33,4.1073327103319684e-33,3.9161189010464686e-33,3.9123295260932874e-33,3.9103144083585686e-33,5.794957893725095e-33,6.103925015860421e-33,6.108190850167116e-33,6.177983878331893e-33,6.167034124258751e-33,6.1528803810550997e-33,7.202832877882465e-33,7.089254661897664e-33,1.2296837943849508e-32,1.2387110757705105e-32,1.2431702401270072e-32,1.2433837818630293e-32,1.7498706765926122e-32,1.7506037582090214e-32,1.7621273410184296e-32,1.755452422005928e-32,1.554968980369414e-32,1.5869115796921456e-32,1.821902757310194e-32,1.7884480225277991e-32,1.7873217064406893e-32,1.8628862089917037e-32,1.8074862372053567e-32,1.803485275542778e-32,1.8107371490436417e-32,1.8103342002642863e-32,1.5230111071700266e-32,1.5138531086556595e-32,1.514280618653084e-32,1.5132514436293914e-32,1.5055263298714683e-32,1.7586521946120648e-32,1.7584995224864256e-32,1.806835578745378e-32,1.9105166330931444e-32,1.9298137512001127e-32,1.8839685242338912e-32,1.8581789826964798e-32,1.630135847750334e-32,1.7210564573340332e-32,1.7253051947884097e-32,1.6627925779928072e-32,1.6972160266391356e-32,1.687552449555041e-32,1.692730010034661e-32,1.7381076362130372e-32,1.7320703551671753e-32,1.5315505146178448e-32,1.5339573139258158e-32,1.615104878805385e-32,1.7816583337134635e-32,1.7770835956787556e-32,1.7632079966293603e-32,1.7662667484756693e-32,1.7636252244226185e-32,1.7473505367448607e-32,1.3950969312220795e-32,1.3920556785669146e-32,1.382840647501531e-32,1.37982596989987e-32,2.1439154947689751e-32,2.1742847212593903e-32,2.1490200379424074e-32,2.1364495429154694e-32,2.1300817183807855e-32,2.038035776301539e-32,2.042515543236214e-32,2.034633369058821e-32,2.057409025224613e-32,2.2478688463445398e-32,8.621062811741248e-32,8.584771266715056e-32,8.584855028002829e-32,8.58149275210403e-32,8.581781767051137e-32,8.58239451839299e-32,8.632444541645699e-32,8.716911191212264e-32,8.716993719674148e-32,8.750902189739176e-32,8.744851078495858e-32,8.732011458021396e-32,8.707256979379848e-32,8.506006572149232e-32,8.521291496034981e-32,8.515559535084699e-32,8.515922874942378e-32,8.519707454037795e-32,8.502889836094753e-32,8.502890049191379e-32,8.503448851924159e-32,2.019644028843681e-31,2.0072948432891145e-31,2.0072752969479284e-31,2.0081993111731885e-31,2.008284582558543e-31,2.009155160794481e-31,2.0092656093901707e-31,2.009264914872981e-31,2.0099083035840577e-31,2.009856519685397e-31,2.0098549262439966e-31,2.0098632710171605e-31,2.0099294704375224e-31,2.025823863353043e-31,2.025813351869675e-31,2.0404020570141474e-31,2.0401194947090414e-31,2.040138123270475e-31,2.0399940634038334e-31,2.0411013098286946e-31,2.041245455232259e-31,2.1888354777310913e-31,2.188654871258922e-31,2.14703539359384e-31,2.14657061640521e-31,2.1465349184336546e-31,2.148374308069895e-31,2.147607657901426e-31,2.14904909327798e-31,2.1490300864150112e-31,2.149030963468836e-31,2.153036062552138e-31,2.1530320464652896e-31,2.1515989375073653e-31,2.1515977967218497e-31,2.1514836477603213e-31,2.1521377458710787e-31,2.1105294070468426e-31,2.110452120194873e-31,1.9802140799770195e-31,1.9845118448014216e-31,1.9845133218603197e-31,1.9823359937177466e-31,1.9821382589057726e-31,1.982079282049362e-31,1.98197167939235e-31,1.98163372253655e-31,1.8459239352156055e-31,1.845885592865872e-31,1.8468793162266799e-31,1.8464047945587708e-31,1.8461959309060294e-31,1.8455435334958342e-31,1.8455285391475194e-31,1.8455537674638875e-31,1.8453310872490375e-31,1.8452887813901634e-31,1.8935829646590745e-31,1.8942134271962367e-31,1.8900525451502414e-31,1.8448152438904886e-31,1.844717714109998e-31,1.8445726300263303e-31,1.8435727281884353e-31,1.9808544290280187e-31,1.986826888592883e-31,1.9860844720873187e-31,1.9860031163240438e-31,2.012947211769094e-31,2.022115821802632e-31,2.0923766123089633e-31,2.092365947357221e-31,2.092404283358619e-31,2.0924214899911908e-31,2.0870855012630313e-31,2.0928520504985316e-31,2.0927746243540747e-31,2.093072696266707e-31,2.092655649287539e-31,2.092213342600471e-31,2.092210721337543e-31,2.0922013604901085e-31,2.0887291594404614e-31,2.0299345501775977e-31,2.0350552442145634e-31,2.033912915827362e-31,2.043741388883021e-31,2.043731488321532e-31,2.030372351887479e-31,2.029751430051454e-31,2.029709875537223e-31,6.856548578396836e-28,6.856548578396837e-28,6.856548578396834e-28,6.856548578396822e-28,6.856548578396816e-28,6.856548578396828e-28,6.856548578396839e-28,6.856548578396838e-28,6.856548578396843e-28,6.856548578396852e-28,6.856548578396845e-28,6.8565485783968535e-28,6.856548578396856e-28,6.856548578396856e-28,6.856548578396865e-28,6.856548578396882e-28,6.856548578396876e-28,6.856548578396873e-28,6.856548578396862e-28,6.856548578396865e-28,6.856548578396754e-28,6.856548578396737e-28,6.856548578396732e-28,6.8565485783967315e-28,6.856548578396688e-28,6.856548578396682e-28,6.856548578396689e-28,6.856548578396686e-28,6.856548578396755e-28,6.856548578396756e-28,6.856548578396755e-28,6.856548582543657e-28,6.8565485825436575e-28,6.856548582543661e-28,6.856548582543656e-28,6.8565485825436575e-28,6.856548582543663e-28,6.856548582543673e-28,6.8565485825436745e-28,6.856548582543672e-28,6.856548582543671e-28,6.856548582543688e-28,6.856548582543688e-28,6.856548582543687e-28,6.85654858254368e-28,6.856548582543676e-28,6.856548582543656e-28,6.856548582543668e-28,6.8565485825436575e-28,6.856548582543661e-28,6.856548582543651e-28,6.856548582543656e-28,6.856548582543657e-28,6.856548582543666e-28,6.856548582543664e-28,6.856548582543665e-28,6.856548582543688e-28,6.856548582543721e-28,6.856548582543721e-28,6.856548582543715e-28,6.856548582543705e-28,6.856548582543694e-28,6.856548582543678e-28,6.856548582543664e-28,6.8565485825436665e-28,6.856548582543667e-28,6.8565485825436665e-28,6.856548582543667e-28,6.8565485825436665e-28,6.856548584582365e-28,6.85654858458236e-28,6.856548584582365e-28,6.8565485845823885e-28,6.856548584582389e-28,6.856548584582392e-28,6.8565485845823965e-28,6.8565485845824145e-28,6.856548584582427e-28,6.856548584581932e-28,6.856548584582003e-28,6.856548584581997e-28,6.856548584582049e-28,6.856548584582062e-28,6.856548584582085e-28,6.856548583363071e-28,6.856548583363058e-28,6.856548583363065e-28,6.85654858336309e-28,6.856548583363126e-28,6.856548583363148e-28,6.856548583363164e-28,6.856548583363182e-28,6.85654858336319e-28,6.856548583363188e-28,6.856548583363229e-28,6.856548583363278e-28,6.856548583363329e-28,6.856548583363323e-28,6.856548583363332e-28,6.856548583363348e-28,6.856548583363375e-28,6.856548583363374e-28,6.8565485833633835e-28,6.856548583363367e-28,6.856548583363356e-28,6.856548583363354e-28,6.856548583363354e-28,6.8565485833633395e-28,6.856548583363353e-28,6.85654858336335e-28,6.856548583363341e-28,6.856548583363343e-28,6.856548583363355e-28,6.856548583363373e-28,6.856548583363381e-28,6.856548583363418e-28,6.856548583363418e-28,6.856548583363418e-28,6.8565485833634176e-28,6.8565485833634176e-28,6.85654858336342e-28,6.856548583363426e-28,6.856548583363428e-28,6.856548583363433e-28,6.856548583363434e-28,6.856548583363442e-28,6.856548583363436e-28,6.8565485833634355e-28,6.856548583363455e-28,6.85654858336347e-28,6.856548583363506e-28,6.856548583363506e-28,6.8565485833635e-28,6.856548583363498e-28,6.856548583363498e-28,6.856548583363496e-28,6.856548583363494e-28,6.8565485833635045e-28,6.8565485833635314e-28,6.856548583363531e-28,6.856548583363545e-28,6.8565485833635395e-28,6.856548583363576e-28,6.856548583363568e-28,6.856548583363608e-28,6.856548583363574e-28,6.856548583363574e-28,6.856548583363504e-28,6.856548583363525e-28,6.856548583363527e-28,6.856548583363543e-28,6.856548583363545e-28,6.856548583363546e-28,6.856548583363563e-28,6.856548583363567e-28,6.856548583363564e-28,6.8565485833635655e-28,6.856548583363573e-28,6.856548583363574e-28,6.856548583363564e-28,6.856548583363529e-28,6.856548583363518e-28,6.856548583363518e-28,6.8565485833635225e-28,6.856548583363527e-28,6.856548583363523e-28,6.856548583363524e-28,6.856548583363447e-28,6.856548583363446e-28,6.856548583357135e-28,6.856548583357133e-28,6.856548583357134e-28,6.856548583357126e-28,6.856548583357114e-28,6.856548583357028e-28,6.856548583357023e-28,6.856548583357055e-28,6.856548583357049e-28,6.85654846743629e-28,6.856548467436315e-28,6.856548467436305e-28,6.8565484674363085e-28,6.8565484674363085e-28,6.856548467436307e-28,6.856548467436286e-28,6.856548467436287e-28,6.856548467436288e-28,6.856548467436288e-28,6.856548467436285e-28,6.856548467436268e-28,6.856548467436266e-28,6.856548467436258e-28,6.856548467436265e-28,6.856548467436301e-28,6.856548467436295e-28,6.856548467436292e-28,6.856548467436274e-28,6.856548467436279e-28,6.856548467436296e-28,6.856548467436293e-28,6.8565484674363005e-28,6.856548467436292e-28,6.856548467436317e-28,6.8565484674363345e-28,6.856548467436337e-28,6.856548467436328e-28,6.856548467436338e-28,6.856548467436415e-28,6.85654846743642e-28,6.856548467436411e-28,6.856548467436382e-28,6.856548467436369e-28,6.856548467436384e-28,6.856548467436417e-28,6.856548467436429e-28,6.856548467436421e-28,6.856548467436422e-28,6.856548467436427e-28,6.856548467436446e-28,6.856548467436413e-28,6.856548467436411e-28,6.856548467436406e-28,6.856548467436402e-28,6.8565484674364045e-28,6.856548467436415e-28,6.856548467436416e-28,6.856548467436459e-28,6.856548467436453e-28,6.856548467436438e-28,6.856548467436437e-28,6.856548467436433e-28,6.85654846743647e-28,6.856548467436483e-28,6.856548467436477e-28,6.856548467436477e-28,6.856548467436475e-28,6.85654846743648e-28,6.8565484674364565e-28,6.85654846743645e-28,6.856548467436457e-28,6.856548467436433e-28,6.856548467436452e-28,6.856548467436432e-28,6.856548467436431e-28,6.8565484674364735e-28,6.856548467436473e-28,6.85654846743647e-28,6.856548467436468e-28,6.856548467436474e-28,6.856548467436521e-28,6.856548467436556e-28,6.856548467436558e-28,6.856548467436556e-28,6.856548467436558e-28,6.856548467436555e-28,6.856548467436557e-28,6.856548467436549e-28,6.856548467436551e-28,6.856548467436554e-28,6.856548467436561e-28,6.856548467436557e-28,6.856548467436547e-28,6.856548467436547e-28,6.856548467436579e-28,6.856548467436578e-28,6.856548467436541e-28,6.856548467436541e-28,6.856548467436531e-28,6.856548467436529e-28,6.856548467436534e-28,6.856548467436526e-28,6.856548467436509e-28,6.856548467436525e-28,6.856548467436526e-28,6.8565484674364395e-28,6.856548467436441e-28,6.856548467436438e-28,6.856548467436434e-28,6.856548467436427e-28,6.856548467436426e-28,6.8565484674364475e-28,6.856548467436449e-28,6.85654846743646e-28,6.856548467436461e-28,6.856548467436463e-28,6.856548467436468e-28,6.85654846743647e-28,6.856548467436471e-28,6.856548467436471e-28,6.856548467436465e-28,6.856548467436469e-28,6.85654846743647e-28,6.85654846743647e-28,6.856548467436464e-28,6.856548467436459e-28,6.856548467436458e-28,6.856548467436456e-28,6.85654846743645e-28,6.856548467436454e-28,6.856548467436456e-28,6.856548467436402e-28,6.856548467436392e-28,6.856548467436386e-28,6.856548467436395e-28,6.856548467436435e-28,6.856548467436436e-28,6.8565484674364395e-28,6.856548467436431e-28,6.856548467436433e-28,6.856548467436434e-28,6.856548467436433e-28,6.856548467436431e-28,6.8565484674364135e-28,6.856548467436405e-28,6.856548467436434e-28,6.856548467436431e-28,6.856548467436446e-28,6.8565484674364655e-28,6.856548467436467e-28,6.856548467437164e-28,6.856548467437168e-28,6.8565484674371695e-28,6.856548467437169e-28,6.8565484674371695e-28,6.856548467437173e-28,6.856548467437173e-28,6.856548467437174e-28,6.856548467437175e-28,6.856548467437194e-28,6.8565484674371955e-28,6.856548467437189e-28,6.856548467437181e-28,6.856548467437217e-28,6.8565484765695935e-28,6.856548476569592e-28,6.856548476569586e-28,6.856548476569616e-28,6.856548476569619e-28,6.856548476569624e-28,6.856548476794911e-28,6.856548476794906e-28,6.856548476794912e-28,6.856548476794928e-28,6.856548476794925e-28,6.856548348075303e-28,6.856548348075286e-28,6.856548348075288e-28,6.856548339841698e-28,6.856548339841705e-28,6.856548339841705e-28,6.85654833984171e-28,6.856548339841711e-28,6.856548339841717e-28,6.856548339841708e-28,6.856548339841716e-28,6.856548339841731e-28,6.856548339841763e-28,6.856548339841768e-28,6.856548339841767e-28,6.8565483398417715e-28,6.856548339841773e-28,6.856548339841775e-28,6.856548339841774e-28,6.856548339841776e-28,6.856548339841777e-28,6.856548339841718e-28,6.85654833984173e-28,6.856548339841736e-28,6.856548339841732e-28,6.856548339841733e-28,6.856548339841731e-28,6.856548339841729e-28,6.856548339841732e-28,6.856548339841728e-28,6.856548339841729e-28,6.856548339841727e-28,6.856548339841726e-28,6.856548339841727e-28,6.856548339841716e-28,6.856548339841732e-28,6.856548339842363e-28,6.856548339842362e-28,6.856548339842361e-28,6.856548339842364e-28,6.8565483398423625e-28,6.856548339842364e-28,6.856548339842396e-28,6.856548339842402e-28,6.856548339842386e-28,6.856548339842384e-28,6.856548339842373e-28,6.856548339842375e-28,6.856548339842378e-28,6.85654833984237e-28,6.856548339842369e-28,6.856548339842371e-28,6.8565483398424e-28,6.8565483398424055e-28,6.856548339842406e-28,6.856548339842391e-28,6.856548339842393e-28,6.856548339842394e-28,6.856548339842396e-28,6.856548339842387e-28,6.856548339842383e-28,6.856548339842384e-28,6.856548339842406e-28,6.856548339842387e-28,6.8565483398423885e-28,6.85654833984239e-28,6.856548339842394e-28,6.856548339842386e-28,6.856548339842415e-28,6.856548339842411e-28,6.856548339842417e-28,6.856548339842416e-28,6.856548339842409e-28,6.8565483398424055e-28,6.856548339842384e-28,6.856548339842377e-28,6.856548339842375e-28,6.856548339842357e-28,6.8565483398423535e-28,6.856548339842351e-28,6.856548339842381e-28,6.8565483398423795e-28,6.856548339842378e-28,6.85654833984238e-28,6.856548339842377e-28,6.856548339842382e-28,6.8565483398423885e-28,6.856548339842395e-28,6.856548339842394e-28,6.856548339842384e-28,6.856548339842388e-28,6.856548339842398e-28,6.856548339842402e-28,6.856548339842408e-28,6.856548339842415e-28,6.856548339842443e-28,6.856548339842464e-28,6.856548339842465e-28,6.85654833984249e-28,6.856548339842487e-28,6.856548339842491e-28,6.856548339842488e-28,6.856548339842489e-28,6.856548339842491e-28,6.856548339842491e-28,6.856548339842489e-28,6.856548339842491e-28,6.856548339842488e-28,6.856548339842489e-28,6.856548339842483e-28,6.856548339842484e-28,6.856548339842483e-28,6.856548339842486e-28,6.856548339842485e-28,6.856548339842496e-28,6.856548339842494e-28,6.856548339842494e-28,6.856548339842494e-28,6.856548339842491e-28,6.8565483398424925e-28,6.856548339842496e-28,6.8565483398424925e-28,6.856548339842493e-28,6.856548339842492e-28,6.856548339842492e-28,6.856548339842493e-28,6.856548339842473e-28,6.856548339842472e-28,6.856548339842471e-28,6.856548339842478e-28,6.85654833984248e-28,6.856548339842481e-28,6.856548339842483e-28,6.856548339842484e-28,6.856548339842457e-28,6.856548339842458e-28,6.85654833984246e-28,6.856548339842453e-28,6.856548339842455e-28,6.856548339842455e-28,6.856548339842447e-28,6.856548339842451e-28,6.8565483398424495e-28,6.85654833984246e-28,6.85654833984246e-28,6.856548339842445e-28,6.856548339842445e-28,6.856548339842445e-28,6.856548339842455e-28,6.85654833984245e-28,6.856548339842454e-28,6.8565483398424495e-28,6.856548339842449e-28,6.856548339842455e-28,6.856548339842457e-28,6.856548339842454e-28,6.856548339842456e-28,6.856548339842454e-28,6.856548339842454e-28,6.856548339842416e-28,6.856548339842413e-28,6.856548339842416e-28,6.856548339842414e-28,6.856548339838543e-28,6.856548339838546e-28,6.856548339838548e-28,6.856548339838568e-28,6.856548339838572e-28,6.856548339838571e-28,6.856548339838571e-28,6.8565483398385725e-28,6.8565483398386e-28,6.856548339838604e-28,6.856548339838603e-28,6.8565483398386e-28,6.856548340673423e-28,6.856548340673421e-28,6.856548340672839e-28,6.856548340673183e-28,6.856548340673183e-28,6.856548340673184e-28,6.856548340673182e-28,6.856548340673763e-28,6.856548340673764e-28,6.856548340673768e-28,6.856548340673773e-28,6.856548340673774e-28,6.856548340673769e-28,6.856548340673772e-28,6.8565483406736845e-28,6.856548340673654e-28,6.856548340673653e-28,6.856548340673655e-28,6.856548340673656e-28,6.856548340673856e-28,6.856548340673856e-28,6.856548340673831e-28,6.856548340673828e-28,6.856548340673829e-28,6.856548340673817e-28,6.856548340685422e-28,6.856548340685424e-28,6.856548340685478e-28,6.856548340685471e-28,6.856548340685473e-28,6.856548340685471e-28,6.856548340685472e-28,6.856548340685471e-28,6.856548340685474e-28,6.85654834068547e-28,6.856548588031839e-28,6.85654858803184e-28,6.8565485880328095e-28,6.8565485880328095e-28,6.8565485880339565e-28,6.856548588033959e-28,6.856548588033958e-28,6.856548588033959e-28,6.85654858802926e-28,6.8565485880292545e-28,6.856548588029256e-28,6.856548588028266e-28,6.856548588034433e-28,6.856548588032157e-28,6.856548588032161e-28,6.8565485880321575e-28,6.856548588032359e-28,6.8565485880329395e-28,6.856548588033e-28,6.856548588032999e-28,6.856548588032999e-28,6.856548588032994e-28,6.856548588031261e-28,6.856548588031252e-28,6.856548588031252e-28,6.856548588031256e-28,6.856548588031253e-28,6.856548588031252e-28,6.856548588037194e-28,6.856548588037186e-28,6.856548588037186e-28,6.856548588037185e-28,6.8565485880371815e-28,6.856548588039891e-28,6.856548588039871e-28,6.856548588039875e-28,6.856548588039669e-28,6.856548588037463e-28,6.856548588037482e-28,6.856548588037483e-28,6.856548588037483e-28,6.856548588037541e-28,6.856548588037414e-28,6.856548588037338e-28,6.8565485880373385e-28,6.85654858803734e-28,6.85654858803734e-28,6.856548588037343e-28,6.856548588037343e-28,6.856548588037344e-28,6.856548588037343e-28,6.856548588037341e-28,6.856548588037341e-28,6.8565485880373385e-28,6.856548588037315e-28,6.856548588037316e-28,6.856548588037315e-28,6.856548588037318e-28,6.856548588037319e-28,6.8565485880373215e-28,6.856548588037321e-28,6.8565485880373215e-28,6.856548588037324e-28,6.856548588037323e-28,6.856548588037323e-28,6.856548588033491e-28,6.856548588033492e-28,6.856548588033444e-28,6.856548588033446e-28,6.856548588032658e-28,6.856548588039296e-28,6.856548588039293e-28,6.856548588039294e-28,6.8565485880392945e-28,6.856548588039294e-28,6.856548588039295e-28,6.856548588039277e-28,6.85654858803928e-28,6.856548588039277e-28,6.8565485880392765e-28,6.856548588039287e-28,6.856548588039288e-28,6.856548588039287e-28,6.856548588039303e-28,6.856548588039446e-28,6.856548588039447e-28,6.856548588039449e-28,6.856548588039447e-28,6.856548588039447e-28,6.856548588039383e-28,6.856548587932812e-28,6.856548587932806e-28,6.856548587931857e-28,6.856548587931854e-28,6.856548587931384e-28,6.856548587933264e-28,6.8565485879332675e-28,6.856548587933264e-28,6.8565485879332675e-28,6.8565485879332675e-28,6.856548587933193e-28,6.856548587933194e-28,6.856548587933194e-28,6.856548587933935e-28,6.856548587933934e-28,6.856548587933949e-28,6.856548587933949e-28,6.856548587933951e-28,6.856548587933951e-28,6.85654858793395e-28,6.8565485879339805e-28,6.85654858793398e-28,6.856548587947134e-28,6.856548587947133e-28,6.856548587947076e-28,6.85654858794709e-28,6.856548587947088e-28,6.856548587947079e-28,6.856548587947079e-28,6.856548587946921e-28,6.856548587947179e-28,6.856548587947205e-28,6.856548587947204e-28,6.856548587947206e-28,6.856548587947226e-28,6.856548587947237e-28,6.85654858794724e-28,6.856548587947235e-28,6.856548587947239e-28,6.8565485879472375e-28,6.856548587947175e-28,6.856548587947172e-28,6.856548587947171e-28,6.856548587947172e-28,6.856548587947171e-28,6.856548587947171e-28,6.856548587947204e-28,6.856548587947098e-28,6.856548587947098e-28,6.8565485879471e-28,6.856548587947095e-28,6.856548587946703e-28,6.856548587946701e-28,6.856548587946817e-28,6.856548587946817e-28,6.856548587946818e-28,6.856548587946817e-28,6.856548587946816e-28,6.856548587946818e-28,6.856548587946829e-28,6.856548587946829e-28,6.8565485879468285e-28,6.8565485879468285e-28,6.856548587946827e-28,6.856548587945226e-28,6.856548587945224e-28,6.856548587945506e-28,6.856548587945499e-28,6.8565485879455e-28,6.856548587945505e-28,6.856548587945504e-28,6.856548587945502e-28,6.856548587945317e-28,6.856548587945318e-28,6.8565485879453165e-28,6.8565485879453165e-28,6.856548587945256e-28,6.856548587935924e-28,6.856548587935924e-28,6.856548587935903e-28,6.856548587933385e-28,6.856548587925178e-28,6.856548587924995e-28,6.856548587924992e-28,6.85654858792499e-28,6.856548587924993e-28,6.856548587924991e-28,6.856548587924972e-28,6.856548587924973e-28,6.856548587924973e-28,6.856548587924974e-28,6.856548587924986e-28,6.856548587924982e-28,6.85654858792498e-28,6.856548587923009e-28,6.8565485879230105e-28,6.8565485879230105e-28,6.856548587923011e-28,6.856548587922988e-28,6.856548587922988e-28,6.8565485879229925e-28,6.856548587922992e-28,6.856548587922991e-28,6.856548587922993e-28,6.856548587922981e-28,6.856548587922982e-28,6.85654858792298e-28,6.856548587923011e-28,6.8565485879288955e-28,6.8565485879288955e-28,6.856548587928894e-28,6.8565485879282525e-28,6.856548587928305e-28,6.856548587928304e-28,6.856548587928307e-28,6.8565485879283045e-28,6.8565485879097446e-28,6.856548587909747e-28,6.856548587909741e-28,6.85655053132354e-28,6.85655053132352e-28,6.856550531323516e-28,6.856550531323105e-28,6.856550532788511e-28,6.856550532518969e-28,6.856550532518967e-28,6.856550532519013e-28,6.85655053251901e-28,6.856550532519863e-28,6.856550532519859e-28,6.856550532519825e-28,6.85655053251989e-28,6.85655053256004e-28,6.856550532633996e-28,6.856550532633997e-28,6.856550532634561e-28,6.856550532655785e-28,6.856550532727167e-28,6.856550532727206e-28,6.856550532727204e-28,6.856550532727182e-28,6.8565505327271815e-28,6.856229356190998e-28,6.856234527624058e-28,6.856234527624059e-28,6.85623452762406e-28,6.856234527624007e-28,6.8562345276240075e-28,6.856234527624216e-28,6.85623452758079e-28,6.856234527580792e-28,6.856234527579531e-28,6.856234527579435e-28,6.85623452757942e-28,6.856234527579419e-28,6.856234527579417e-28,6.856234527579417e-28,6.856234527579418e-28,6.85623452757942e-28,6.856234527553991e-28,6.856234527553991e-28,6.856234527555592e-28,6.856234527555591e-28,6.856234525911058e-28,6.856234525911057e-28,6.856234525911055e-28,6.856234525908952e-28,6.856234525908948e-28,6.856234525908956e-28,6.8562345259089545e-28,6.856234525908955e-28,6.856234525908917e-28,6.856234525908915e-28,6.856234525908732e-28,6.856234525908829e-28,6.856234525898593e-28,6.856234526025432e-28,6.856234526025433e-28,6.856234526025313e-28,6.85623452602508e-28,6.856234526025488e-28,6.856234526025311e-28,6.85623452603098e-28,6.856234525969726e-28,6.8562345259696825e-28,6.856234525969686e-28,6.856234525969686e-28,6.856234525969691e-28,6.856234525969616e-28,6.856234525969132e-28,6.856234525945421e-28,6.856234525950339e-28,6.856234525949029e-28,6.856234525949331e-28,6.85623452594933e-28,6.85623452594933e-28,6.856234525949331e-28,6.856237734243666e-28,6.856237734243668e-28,6.856237734243668e-28,6.856237734243691e-28,6.856237734243691e-28,6.856237734243745e-28,6.856237734243744e-28,6.856237734243745e-28,6.856237734243805e-28,6.856237734243811e-28,6.856237734243808e-28,6.856237734243808e-28,6.8562377342416045e-28,6.856237734241602e-28,6.856237734241603e-28,6.856237734241601e-28,6.856237734241656e-28,6.856237734241683e-28,6.856237734241534e-28,6.856237734241571e-28,6.856237738958769e-28,6.856237738960184e-28,6.856294813705759e-28,6.856294813679935e-28,6.856294813294406e-28,6.856294832448953e-28,6.856294832450045e-28,6.856294832450044e-28,6.856294832477262e-28,6.856294832477011e-28,6.856294832477013e-28,6.856294832477414e-28,6.856294832477408e-28,6.856294832477406e-28,6.8562948324670945e-28,6.856294832467093e-28,6.85629483246707e-28,6.856294832465677e-28,6.856294831957311e-28,6.85629483195731e-28,6.85629483195731e-28,6.85629483195731e-28,6.856294831957316e-28,6.856294831981217e-28,6.8562948319812165e-28,6.8562948319812165e-28,6.856294831981207e-28,6.856294831981208e-28,6.8562948319812085e-28,6.856294831986754e-28,6.856294832005809e-28,6.856294832330588e-28,6.856294832330591e-28,6.85629483233059e-28,6.856294832330998e-28,6.8562948323309995e-28,6.856294832330999e-28,6.856294832383244e-28,6.856294832383247e-28,6.856294832383249e-28,6.85629483238325e-28,6.856294832391088e-28,6.856294832667811e-28,6.8562948326680895e-28,6.856294832668089e-28,6.856294832668096e-28,6.856294832659425e-28,6.856294832659426e-28,6.8562948326619175e-28,6.856294832663417e-28,6.856294832663415e-28,6.856294832663508e-28,6.856294832663507e-28,6.856294832713094e-28,6.85629483271388e-28,6.856294832713876e-28,6.8562948327138755e-28,6.8562948327138755e-28,6.856294832713875e-28,6.856294832692847e-28,6.8562948326928475e-28,6.856294832685499e-28,6.8562948326855e-28,6.856294832685187e-28,6.856294832685188e-28,6.856294832685185e-28,6.856294832685187e-28,6.856294832685187e-28,6.856294832685189e-28,6.856294832687277e-28,6.856294832687275e-28,6.856294832689022e-28,6.856294832689022e-28,6.856294832689032e-28,6.856294832689032e-28,6.8562948326897695e-28,6.85629483269012e-28,6.856294832690123e-28,6.85629483269012e-28,6.856294832691265e-28,6.85629483269127e-28,6.856294832691455e-28,6.856294832691455e-28,6.856294832691456e-28,6.8562948327235585e-28,6.856294832723559e-28,6.856294832723233e-28,6.856294832723262e-28,6.856294832723195e-28,6.856294832723199e-28,6.856294832723195e-28,6.856294832721568e-28,6.8562948327218985e-28,6.8562948327218985e-28,6.856294760377782e-28,6.856294760377785e-28,6.856294760378435e-28,6.856294760377705e-28,6.856294760377707e-28,6.8562947518942345e-28,6.856294751894077e-28,6.8562947518941825e-28,6.856294751894184e-28,6.85629475189434e-28,6.856294751894847e-28,6.856294751893814e-28,6.856294751894284e-28,6.856294751894282e-28,6.856294751916675e-28,6.856294752146811e-28,6.8562947521468045e-28,6.856294752146933e-28,6.856294752146803e-28,6.856294752146799e-28,6.856294752146799e-28,6.856294752146768e-28,6.856294752131464e-28,6.856294752131466e-28,6.856294752131467e-28,6.85629475210242e-28,6.856294752102159e-28,6.856294752102166e-28,6.856294752102166e-28,6.856294752102165e-28,6.8562947519078565e-28,6.856294751907768e-28,6.856294751886314e-28,6.85629475188631e-28,6.856294751903496e-28,6.856294751903493e-28,6.856294751903493e-28,6.856294751903461e-28,6.856294751902054e-28,6.8562945261086235e-28,6.856294526108623e-28,6.8562945261085545e-28,6.856294526108552e-28,6.856294526108546e-28,6.856294526108546e-28,6.856294526108548e-28,6.856294526108876e-28,6.856294526086354e-28,6.856294526086354e-28,6.856294526087299e-28,6.856294526087298e-28,6.856294526086977e-28,6.856294526086966e-28,6.856294526086969e-28,6.85629452608682e-28,6.856294526086821e-28,6.856294526086819e-28,6.856294526077046e-28,6.856294526077045e-28,6.856294520490342e-28,6.856294520495822e-28,6.856294520495821e-28,6.856294520495723e-28,6.856294520495723e-28,6.856294520495752e-28,6.856294520497731e-28,6.856294520497731e-28,6.856294520497729e-28,6.856294520497729e-28,6.856294520497729e-28,6.856294520497731e-28,6.856294520495157e-28,6.856294520495156e-28,6.856294520495153e-28,6.856294520495142e-28,6.856294520467923e-28,6.856294520458315e-28,6.856294520458367e-28,6.8562945204583675e-28,6.856294520458359e-28,6.85629452045836e-28,6.856294520458358e-28,6.856294520458358e-28,6.856294520442583e-28,6.856294520442585e-28,6.856294520442585e-28,6.856294520432938e-28,6.8562945204329405e-28,6.856294520430667e-28,6.856294520430666e-28,6.856294520430666e-28,6.85629452042451e-28,6.856294520424506e-28,6.856294520458562e-28,6.856294520458564e-28,6.85629452045856e-28,6.856294520458565e-28,6.856294520497803e-28,6.856294520498391e-28,6.8562945204984585e-28,6.856294520500168e-28,6.856294520500169e-28,6.856294520501377e-28,6.856294520501808e-28,6.856294520502199e-28,6.8562945205452525e-28,6.856294520545248e-28,6.856294520545252e-28,6.85629452054525e-28,6.856294520545252e-28,6.85629452054527e-28,6.856294520545271e-28,6.85629452054527e-28,6.856294520545205e-28,6.8562945205451825e-28,6.856294520547923e-28,6.856294520547928e-28,6.856294520547926e-28,6.856294520513949e-28,6.856294520513945e-28,6.856294520513947e-28,6.856294520513947e-28,6.856294520513947e-28,6.856294520513948e-28,6.856294520513946e-28,6.856294520513948e-28,6.856294520513945e-28,6.8562945204820375e-28,6.856294520478531e-28,6.856294520478532e-28,6.856294520478532e-28,6.85629452047853e-28,6.856294520479208e-28,6.856294518750245e-28,6.856294518740551e-28,6.856294518740754e-28,6.856294518734834e-28,6.856294518736757e-28,6.856294518736172e-28,6.856294518736171e-28,6.8562945187361775e-28,6.856294518736175e-28,6.8562945187361775e-28,6.856294519013664e-28,6.856294519013662e-28,6.8562945190136615e-28,6.856294519013662e-28,6.856294519013659e-28,6.856294519013622e-28,6.856294519013723e-28,6.856294519013724e-28,6.8562945190137225e-28,6.85629451901361e-28,6.8562945190136095e-28,6.856294519013573e-28,6.856294519013574e-28,6.8562945190135745e-28,6.856294519013551e-28,6.856294519013555e-28,6.856294519013775e-28,6.856294519013774e-28,6.856294519013776e-28,6.856294519015531e-28,6.856294519037822e-28,6.856294519037822e-28,6.856294519037473e-28,6.856294519037474e-28,6.856294519037474e-28,6.856294519037472e-28,6.856294519037477e-28,6.856294519037476e-28,6.856294519037475e-28,6.856294519037476e-28,6.856294519037545e-28,6.856294519037685e-28,6.856294519037681e-28,6.856294519050799e-28,6.856294519050801e-28,6.856294519050803e-28,6.856294519050805e-28,6.856294519049021e-28,6.8562945190490236e-28,6.8562945190490236e-28,6.856294519049027e-28,6.856294519047517e-28,6.856294519047387e-28,6.856294519047384e-28,6.856294519047403e-28,6.856294519047403e-28,6.8562945190542655e-28,6.856294519054267e-28,6.856294519054385e-28,6.856294519054347e-28,6.8562945190544655e-28,6.856294519054466e-28,6.856294519054465e-28,6.8562945190544655e-28,6.856294519054466e-28,6.856294519054467e-28,6.856294519054465e-28,6.8562945190544835e-28,6.8562945190538575e-28,6.856294519053333e-28,6.856294519053334e-28,6.856294519053334e-28,6.856294519053334e-28,6.856294519051551e-28,6.856294519051582e-28,6.856294519049254e-28,6.856294519049264e-28,6.856294519049252e-28,6.856294519049193e-28,6.856294519049196e-28,6.856294519049301e-28,6.8562945190299175e-28,6.856294519029885e-28,6.856294519028998e-28,6.856294519028997e-28,6.856294519029003e-28,6.856294519029001e-28,6.856294519029141e-28,6.856294519029219e-28,6.856294519029231e-28,6.856294519029231e-28,6.856294519029232e-28,6.8562945190292305e-28,6.856294519029604e-28,6.8562945190296125e-28,6.856294519029409e-28,6.8562945190293695e-28,6.856294519029434e-28,6.856294519029431e-28,6.856294519029434e-28,6.8562945190294825e-28,6.856294519029483e-28,6.856294519029483e-28,6.856294519029483e-28,6.856294519029483e-28,6.8562945190294825e-28,6.856294519045046e-28,6.856294519045042e-28,6.8562945190450425e-28,6.856294519045041e-28,6.8562945190450425e-28,6.856294519045043e-28,6.856294519045044e-28,6.856294519045045e-28,6.856294519045045e-28,6.856294519045045e-28,6.856294519047843e-28,6.856294519047848e-28,6.856294519047854e-28,6.856294519047853e-28,6.856294545861323e-28,6.856294545861324e-28,6.856294546577369e-28,6.85629454657737e-28,6.856294546577368e-28,6.856294546577369e-28,6.856294546577381e-28,6.856294546577385e-28,6.856294546577385e-28,6.856294546577222e-28,6.856294546577244e-28,6.856294546577305e-28,6.856294546577305e-28,6.856294546400951e-28,6.856294546400948e-28,6.856294546400949e-28,6.856294546400951e-28,6.85629454640095e-28,6.8562945464011e-28,6.85629454640095e-28,6.85629454640095e-28,6.856294546400951e-28,6.856294546401161e-28,6.856294546403047e-28,6.856294546403587e-28,6.856294546402763e-28,6.856294546402764e-28,6.856294546363291e-28,6.856294546363288e-28,6.856294546363316e-28,6.856294546363314e-28,6.856294546363313e-28,6.856294546363248e-28,6.856294546363216e-28,6.856294546363675e-28,6.856294546363675e-28,6.856294546363675e-28,6.856294546363674e-28,6.856294546363672e-28,6.85629454636253e-28,6.856294546362531e-28,6.856294546365537e-28,6.856294546365572e-28,6.856294546365571e-28,6.856294546350983e-28,6.856294546350981e-28,6.856294546350981e-28,6.856294546350951e-28,6.856294546350464e-28,6.8562945463485445e-28,6.856294546367721e-28,6.856294546367714e-28,6.85629454661721e-28,6.856294546617043e-28,6.856294546617068e-28,6.8562945466170655e-28,6.856294545645459e-28,6.856294545518669e-28,6.856294545518667e-28,6.85629454553703e-28,6.856294545537032e-28,6.856294545537031e-28,6.856294545536248e-28,6.856294545536248e-28,6.856294545536069e-28,6.856294545540881e-28,6.856294545539124e-28,6.85629454552972e-28,6.8562945455300445e-28,6.856294545530009e-28,6.8562945455300185e-28,6.856294545530004e-28,6.85629454553e-28,6.856294545475448e-28,6.856294545475445e-28,6.856294545465957e-28,6.856294545465803e-28,6.856294545476019e-28,6.8562945454842855e-28,6.856294545484265e-28,6.856294545484188e-28,6.8562945454510085e-28,6.856294545451852e-28,6.856294545451851e-28,6.856294545451547e-28,6.856294545451548e-28,6.856294545445723e-28,6.856294545445544e-28,6.856294545445545e-28,6.856294545445546e-28,6.856294545445542e-28,6.8562945454412e-28,6.8562945454437326e-28,6.856294545443736e-28,6.856294545446214e-28,6.856294545446214e-28,6.856294545446214e-28,6.856294545445918e-28,6.856294545445431e-28,6.856294545445433e-28,6.856294545445545e-28,6.8562945454455415e-28,6.856294545445547e-28,6.856294545448776e-28,6.856294545448685e-28,6.856294545448687e-28,6.8562945454505825e-28,6.856294545449496e-28,6.856294545449497e-28,6.856294545453793e-28,6.856294545452548e-28,6.856294545452481e-28,6.856294545452364e-28,6.856294545450916e-28,6.856294545450901e-28,6.856294548139768e-28,6.856294548139627e-28,6.856294548139626e-28,6.856294548139552e-28,6.856294548138231e-28,6.856294548138279e-28,6.856294548137815e-28,6.856294548080467e-28,6.85629454808047e-28,6.856294547833589e-28,6.856294547843737e-28,6.856294547843737e-28,6.856294547841214e-28,6.856294547864391e-28,6.856294547864391e-28,6.856294547930911e-28,6.856294547930914e-28,6.8562945479321e-28,6.856561289591409e-28,6.85656128959141e-28,6.856561289591373e-28,6.8565612895913735e-28,6.856561289591377e-28,6.856561289592134e-28,6.856561289591992e-28,6.856561289587509e-28,6.856561289613438e-28,6.85656128961344e-28,6.856561289587749e-28,6.8565612895870535e-28,6.856561289587053e-28,6.856561289587056e-28,6.85656128958705e-28,6.856561289587049e-28,6.856561289587046e-28,6.856561289587049e-28,6.856561289587293e-28,6.856561289511783e-28,6.856561289511262e-28,6.856561289514481e-28,6.856561289514467e-28,6.856561289513917e-28,6.856561289513934e-28,6.856561289513942e-28,6.856561289513943e-28,6.856561289513946e-28,6.85656128951395e-28,6.856561289513948e-28,6.856561289514302e-28,6.856561289514302e-28,6.856561289548841e-28,6.856561289551312e-28,6.8565612895513085e-28,6.856561289551309e-28,6.856561289550661e-28,6.8565612895660515e-28,6.856561289566052e-28,6.856561289578138e-28,6.8565612895781345e-28,6.8565612895781345e-28,6.856561289578131e-28,6.856561289573927e-28,6.856561289572039e-28,6.856561289571984e-28,6.856561289571982e-28,6.856561289571981e-28,6.856561289571796e-28,6.8565612895721275e-28,6.856561289576818e-28,6.8565612895768215e-28,6.856561289577316e-28,6.856561289577316e-28,6.85656128957684e-28,6.856561289680831e-28,6.856561289680829e-28,6.856561289680851e-28,6.856561289680853e-28,6.856561289680852e-28,6.856561289680852e-28,6.856561289680853e-28,6.856561289680852e-28,6.856561289677912e-28,6.856561289677912e-28,6.856561289677914e-28,6.856561289677914e-28,6.856561289677913e-28,6.856561289677061e-28,6.856561289677062e-28,6.856561289677042e-28,6.856561289677045e-28,6.856561289677045e-28,6.856561289677044e-28,6.856561289677049e-28,6.856561289677045e-28,6.856561289677045e-28,6.856561289677047e-28,6.856561289669547e-28,6.85656128967149e-28,6.856561289671494e-28,6.856561289671503e-28,6.856561289671504e-28,6.856561289678157e-28,6.856561289678159e-28,6.856561289678157e-28,6.856561289678156e-28,6.856561289678676e-28,6.856561289678677e-28,6.856561289678782e-28,6.856561289680043e-28,6.856561289679011e-28,6.856561289679008e-28,6.856561289679013e-28,6.856561289678818e-28,6.856561289678819e-28,6.856561289678817e-28,6.856561289678821e-28,6.856561289670159e-28,6.856561289670203e-28,6.856561289406269e-28,6.856561289406269e-28,6.856561289406804e-28,6.856561289406805e-28,6.85656128940682e-28,6.85656128940681e-28,6.856561289406811e-28,6.856561289406813e-28,6.856561289406815e-28,6.856561289406815e-28,6.856561289406824e-28,6.856561289406822e-28,6.856561289406824e-28,6.856561289406961e-28,6.856561289406961e-28,6.856561289406961e-28,6.856561289406961e-28,6.856561289406959e-28,6.856561289406953e-28,6.856611275641969e-28,6.856611275641967e-28,6.856611275641969e-28,6.856611275667068e-28,6.856611275667953e-28,6.8566112756679515e-28,6.856611275664587e-28,6.856611275664647e-28,6.85661127566462e-28,6.856611275664611e-28,6.856611275665501e-28,6.856611275665502e-28,6.856611275665496e-28,6.856609059495451e-28,6.856609059476871e-28,6.856609059476871e-28,6.8566090595495205e-28,6.856609059549518e-28,6.85660905954952e-28,6.856609059443726e-28,6.8566090594749185e-28,6.856609050390018e-28,6.856609050390015e-28,6.856609050382193e-28,6.856609050382191e-28,6.856609050382859e-28,6.85660905038229e-28,6.856609050828368e-28,6.8566090511928365e-28,6.8566090511928365e-28,6.856609051192836e-28,6.856609051192835e-28,6.8566090511927065e-28,6.856609051192596e-28,6.856609051210089e-28,6.856609051215264e-28,6.856609051220574e-28,6.856609051220574e-28,6.856609051220573e-28,6.856609051220513e-28,6.856609051220512e-28,6.856652638803729e-28,6.85665263880373e-28,6.856652638811081e-28,6.856652638811083e-28,6.856652638811083e-28,6.856652638811081e-28,6.856652638811084e-28,6.856652638813239e-28,6.8566526388132235e-28,6.856652638813188e-28,6.856652638813188e-28,6.856652638807742e-28,6.856652638807742e-28,6.856652638768803e-28,6.856652638768803e-28,6.856652638884011e-28,6.856652638880217e-28,6.856652638880215e-28,6.856652638880215e-28,6.856652638880216e-28,6.856652638870712e-28,6.856652638870708e-28,6.8566526391713595e-28,6.856652639170614e-28,6.856652639171655e-28,6.856652639166888e-28,6.856652639166888e-28,6.856652639166886e-28,6.8566526391670305e-28,6.8566526391670305e-28,6.856652639167029e-28,6.856652639167026e-28,6.856652639166916e-28,6.856652639166915e-28,6.856652639166915e-28,6.856652639166914e-28,6.856652639166913e-28,6.856652639166853e-28,6.856652639166964e-28,6.856652639166965e-28,6.856652639166964e-28,6.856652639165883e-28,6.856652639165931e-28,6.856652639165874e-28,6.856652639166775e-28,6.856652639166776e-28,6.856652639166779e-28,6.856652639166776e-28,6.856652639166776e-28,6.856652639166778e-28,6.856652639166777e-28,6.8566526391667345e-28,6.856652639166735e-28,6.856652639166742e-28,6.856652639166739e-28,6.856652639163477e-28,6.8566526391634745e-28,6.856652639163653e-28,6.856652639163656e-28,6.856652639163656e-28,6.856652639163654e-28,6.856652639163656e-28,6.856652639163656e-28,6.856652639163655e-28,6.856652639163657e-28,6.856652639163652e-28,6.856652639234808e-28,6.8566526392238295e-28,6.8566526392238295e-28,6.856652639223831e-28,6.8566526391785565e-28,6.856652639174189e-28,6.856652639174188e-28,6.856652639173753e-28,6.856652639173752e-28,6.856652639182745e-28,6.856652639182746e-28,6.856652639182745e-28,6.856652639183031e-28,6.856652639189915e-28,6.856652639172415e-28,6.856652639172415e-28,6.856652639172414e-28,6.856652639168081e-28,6.856652639134738e-28,6.856652639134736e-28,6.8566526391347365e-28,6.856652639134711e-28,6.856652639134714e-28,6.856652639134754e-28,6.85665263913439e-28,6.8566526391343275e-28,6.856652639134533e-28,6.856652639134045e-28,6.856652638489075e-28,6.856652638489075e-28,6.856652638489073e-28,6.856652638489083e-28,6.856652638489083e-28,6.856652638489081e-28,6.856652638489081e-28,6.856652638485319e-28,6.856652638485318e-28,6.856652638484731e-28,6.856652638484735e-28,6.856652638484736e-28,6.856652638484738e-28,6.856652638484736e-28,6.856652638485729e-28,6.856652638486248e-28,6.85665263848625e-28,6.856652638486248e-28,6.856652638486022e-28,6.8566526384848685e-28,6.856652638484871e-28,6.85665263848487e-28,6.856652638484504e-28,6.856652638484517e-28,6.856652638484515e-28,6.856652638487018e-28,6.856652638482393e-28,6.856652638482394e-28,6.856652638482397e-28,6.856652638482398e-28,6.856652638489771e-28,6.856652638489773e-28,6.856652638489772e-28,6.856652638490708e-28,6.856652638490706e-28,6.856652638470073e-28,6.856652638470074e-28,6.856652638470074e-28,6.856652638470087e-28,6.856652638470088e-28,6.856652638470087e-28,6.856652638470088e-28,6.856652638471484e-28,6.856652638471487e-28,6.85665263847149e-28,6.856652638471486e-28,6.856652638471488e-28,6.856652638471424e-28,6.856652638471423e-28,6.856652638471423e-28,6.856652638473876e-28,6.856652638475062e-28,6.856652638475062e-28,6.856652638475063e-28,6.856652638474745e-28,6.856652638566604e-28,6.8566526385666855e-28,6.856652638575863e-28,6.856652638575861e-28,6.856652638574087e-28,6.856652638574089e-28,6.856652638573769e-28,6.856652638573765e-28,6.85665263853525e-28,6.856652638535191e-28,6.856652638535189e-28,6.856652638535672e-28,6.856652638537865e-28,6.85665263853779e-28,6.856652638525437e-28,6.856652638525438e-28,6.856652638516608e-28,6.856652638516602e-28,6.8566526385166e-28,6.856652638516602e-28,6.856652638516601e-28,6.856652638516602e-28,6.856652638515838e-28,6.856652638515368e-28,6.85665263851537e-28,6.856652638527645e-28,6.856652638529668e-28,6.856652638529667e-28,6.856652638529667e-28,6.856652638529668e-28,6.856652638531064e-28,6.856652638532317e-28,6.8566526385323e-28,6.856652638532301e-28,6.8566526385323e-28,6.856652638533118e-28,6.856652638530608e-28,6.856652993312978e-28,6.856652993298679e-28,6.856652993298674e-28,6.856652993298676e-28,6.856652993299255e-28,6.856652993299257e-28,6.856652993289209e-28,6.856652993289209e-28,6.85665299328686e-28,6.8566529932868e-28,6.856652993286802e-28,6.856652993286801e-28,6.856652993285168e-28,6.8566529932851655e-28,6.856652993285162e-28,6.856652993285161e-28,6.856652993284198e-28,6.856652993289444e-28,6.856652993289446e-28,6.8566529932981185e-28,6.856652993298118e-28,6.8566529932981005e-28,6.856652993298102e-28,6.856652993287476e-28,6.8566529932943e-28,6.856652993294302e-28,6.8566529932924586e-28,6.856652993246998e-28,6.856652993247e-28,6.856652993246887e-28,6.856652993246886e-28,6.856652993246886e-28,6.856652993246889e-28,6.856652993246884e-28,6.856652993246885e-28,6.85665299324689e-28,6.856652993246887e-28,6.856652993246886e-28,6.856652993246888e-28,6.856652993246888e-28,6.856652993246888e-28,6.8566529932468915e-28,6.856652993246725e-28,6.856652993247025e-28,6.856652993247024e-28,6.856652993114595e-28,6.856652993270204e-28,6.856652993267209e-28,6.856652993267842e-28,6.856652993267843e-28,6.856652993267844e-28,6.856652993268653e-28,6.856652993268653e-28,6.856652993268652e-28,6.856652993268653e-28,6.856652993268655e-28,6.856652993268651e-28,6.8566529933415305e-28,6.856652993341532e-28,6.856652993341534e-28,6.856652993341535e-28,6.8566529933413125e-28,6.856652993341314e-28,6.8566529933413125e-28,6.856652993341313e-28,6.856652993340538e-28,6.8566529933405395e-28,6.856652993340537e-28,6.856652993310639e-28,6.85665299334313e-28,6.856652993343132e-28,6.85665299334313e-28,6.856652993343132e-28,6.85665299334313e-28,6.856652993342393e-28,6.856652993342392e-28,6.856652993342325e-28,6.8566529933445e-28,6.856652993344499e-28,6.856652993346797e-28,6.856652993346797e-28,6.856652993339088e-28,6.856652993113853e-28,6.856652993113852e-28,6.856652993113853e-28,6.856652993113853e-28,6.856652993113851e-28,6.85665299311385e-28,6.856652993095667e-28,6.856652993095667e-28,6.856652993105029e-28,6.856652993105033e-28,6.856652993001109e-28,6.856652993002447e-28,6.856652993002445e-28,6.856652992997849e-28,6.856652992996318e-28,6.856652992996124e-28,6.856652992993035e-28,6.856652992993035e-28,6.856652993046542e-28,6.856652993046349e-28,6.8566529930467735e-28,6.856652993094133e-28,6.85665299309413e-28,6.856652993094808e-28,6.856652993094808e-28,6.856652993094052e-28,6.856652993178475e-28,6.856652993175947e-28,6.856652993177773e-28,6.856652993177774e-28,6.8566529931777745e-28,6.856652993175132e-28,6.856652993175131e-28,6.856652993175133e-28,6.8566529931752e-28,6.856652993174538e-28,6.856652993174537e-28,6.856652993022094e-28,6.8566529930220945e-28,6.856652993022094e-28,6.8566529930220945e-28,6.8566529930224425e-28,6.856652993026177e-28,6.856652993025841e-28,6.856652993025839e-28,6.85665299302584e-28,6.856652993025838e-28,6.856652993025841e-28,6.85665299302584e-28,6.856652993027064e-28,6.85665299302706e-28,6.856652993027045e-28,6.8566529930852735e-28,6.856652993085275e-28,6.856652993085269e-28,6.856652993085274e-28,6.856652993081723e-28,6.856652993081452e-28,6.856652993081455e-28,6.856652993081455e-28,6.856652993081455e-28,6.856652993081453e-28,6.856652993081454e-28,6.85665299308163e-28,6.8566529930822055e-28,6.856652993082204e-28,6.856652993051916e-28,6.856652993050012e-28,6.856652993050012e-28,6.856652993048983e-28,6.85665299305049e-28,6.856652993050206e-28,6.856652993050201e-28,6.8566529930501e-28,6.8566529930501e-28,6.856652993050099e-28,6.856652993050097e-28,6.856652993051932e-28,6.856652993051935e-28,6.85665299305643e-28,6.856652993074623e-28,6.856652993085329e-28,6.856652993085329e-28,6.85665299308533e-28,6.856652993085327e-28,6.8566529930853265e-28,6.856652993085327e-28,6.856652993085327e-28,6.8566529930853265e-28,6.8566529930853955e-28,6.8566529930853955e-28,6.856652993085397e-28,6.856652993085397e-28,6.856652993085863e-28,6.856652993087527e-28,6.856652993087534e-28,6.8566529930875515e-28,6.856652993087552e-28,6.856652993087207e-28,6.8566529930872035e-28,6.856652993087208e-28,6.856652993087207e-28,6.856652993087208e-28,6.856652993087211e-28,6.856652993087206e-28,6.8566529930872995e-28,6.8566529930872995e-28,6.856652993087305e-28,6.856652993087493e-28,6.856652988525561e-28,6.856652988525562e-28,6.856652988525332e-28,6.8566529885253335e-28,6.856652988525333e-28,6.856652988525401e-28,6.856652988525397e-28,6.85665298852445e-28,6.856652988524451e-28,6.856652988524479e-28,6.856652988524416e-28,6.856652988524413e-28,6.856652988524234e-28,6.856652988524235e-28,6.856652988524233e-28,6.856652988524233e-28,6.856652988524231e-28,6.856652988524239e-28,6.856652988524239e-28,6.856652988524239e-28,6.856652988526111e-28,6.856652988526108e-28,6.85665298852838e-28,6.856652988528225e-28,6.85665298854107e-28,6.8566529885410684e-28,6.856652988541068e-28,6.856652988541068e-28,6.856652988541068e-28,6.8566529885410684e-28,6.856652988645366e-28,6.856652988598507e-28,6.856652988600056e-28,6.856652988600058e-28,6.856652988600058e-28,6.856652988585442e-28,6.856652988585442e-28,6.856652988585442e-28,6.856652988582273e-28,6.8566529885822725e-28,6.8566529885822725e-28,6.8566529885813765e-28,6.856652988581375e-28,6.856652988581373e-28,6.856652988581119e-28,6.85665298858112e-28,6.85665298858112e-28,6.85665298858112e-28,6.856652988581119e-28,6.856652988581121e-28,6.856652988581121e-28,6.856652988616926e-28,6.856652988616926e-28,6.856652988616925e-28,6.856652988614752e-28,6.856652988614754e-28,6.85665298861452e-28,6.856652988620199e-28,6.856652988623784e-28,6.856652988624894e-28,6.8566529886248935e-28,6.856652988624898e-28,6.8566529886249015e-28,6.856652988624901e-28,6.856652988987096e-28,6.8566529889870975e-28,6.856652988987097e-28,6.8566529889870975e-28,6.856652988987066e-28,6.8566529889871755e-28,6.856652988987365e-28,6.856652988988114e-28,6.856652988988113e-28,6.856652988987757e-28,6.85665298898739e-28,6.856652989005303e-28,6.856652989005301e-28,6.856652989005301e-28,6.856652989005302e-28,6.856652989005302e-28,6.856652989005304e-28,6.856652989005197e-28,6.856652989005197e-28,6.856652989157811e-28,6.856652989141739e-28,6.8566529891204025e-28,6.856652989120403e-28,6.856652989144684e-28,6.856652989144686e-28,6.856652989144689e-28,6.8566529891446895e-28,6.856652989151982e-28,6.856652989120867e-28,6.856652989120865e-28,6.856652989120864e-28,6.856652989174124e-28,6.856652989551926e-28,6.856652989882065e-28,6.856652989882062e-28,6.856652989882064e-28,6.856652989883021e-28,6.856652989880821e-28,6.85665298988077e-28,6.856652990041041e-28,6.856652990063772e-28,6.8566529900625145e-28,6.856652990062514e-28,6.856652990034067e-28,6.856652990042132e-28,6.856652990042201e-28,6.856652990041462e-28,6.856652989816293e-28,6.856652989816293e-28,6.856652989816292e-28,6.85665298981629e-28,6.85665298981629e-28,6.8566529898162895e-28,6.85665298981629e-28,6.856652990416635e-28,6.856652990416635e-28,6.8566529904166345e-28,6.8566529904205195e-28,6.85665299042052e-28,6.8566529904030995e-28,6.856652990403085e-28,6.856652990403082e-28,6.8566529904030825e-28,6.856652990403083e-28,6.856652990387912e-28,6.856652990387911e-28,6.85665299038791e-28,6.856652990387913e-28,6.856652990387907e-28,6.856652990388034e-28,6.85665299038803e-28,6.856652990388035e-28,6.8566529903880345e-28,6.8566529903880345e-28,6.856652990388074e-28,6.856652990374609e-28,6.856652990374611e-28,6.85665299037461e-28,6.856652990374609e-28,6.856652990374611e-28,6.856652990374687e-28,6.856652990374426e-28,6.85665299037433e-28,6.85665299037433e-28,6.856652990374327e-28,6.856652990399313e-28,6.856652990399313e-28,6.856652990399314e-28,6.856652990444799e-28,6.856652990443734e-28,6.856652990443736e-28,6.856652990443736e-28,6.856652990443734e-28,6.856652990448919e-28,6.8566529904353935e-28,6.856652990435393e-28,6.856652990435698e-28,6.856652990435696e-28,6.856652990400647e-28,6.856652990400646e-28,6.856652990400261e-28,6.85665299040026e-28,6.856652990400262e-28,6.85665299040026e-28,6.856652990400262e-28,6.856652990400261e-28,6.856652990400261e-28,6.8566529904001704e-28,6.8566529904001704e-28,6.85665299040017e-28,6.856652990399439e-28,6.8566529903994395e-28,6.856652990399438e-28,6.856652990399439e-28,6.856652990399439e-28,6.8566529903926424e-28,6.856652990392641e-28,6.85665299038812e-28,6.856652990388182e-28,6.856652990385576e-28,6.856652990385381e-28,6.856652990381194e-28,6.856652990381196e-28,6.856652990381196e-28,6.856652990381195e-28,6.856652990394133e-28,6.85665299039413e-28,6.856652990392983e-28,6.856652990390775e-28,6.856652990479669e-28,6.85665299047966e-28,6.8566529904796575e-28,6.856652990479658e-28,6.856652990479659e-28,6.856652990974061e-28,6.856652990974066e-28,6.856652990974065e-28,6.856652990975575e-28,6.856652993767863e-28,6.856652993767863e-28,6.8566529937678615e-28,6.856652993767862e-28,6.856652993759376e-28,6.856652993759377e-28,6.856652993759374e-28,6.856652993759376e-28,6.856652993757101e-28,6.856652993757245e-28,6.856652993757787e-28,6.856652993757785e-28,6.856652993757961e-28,6.856652993757962e-28,6.856652993747224e-28,6.8566529937472245e-28,6.8566529937472245e-28,6.856652993747219e-28,6.856652993747221e-28,6.856652993680261e-28,6.85665299368026e-28,6.856652993680168e-28,6.856652993643765e-28,6.856652993617045e-28,6.856652993617044e-28,6.856652993617134e-28,6.856652993616236e-28,6.8566529936162235e-28,6.856652993616221e-28,6.85665299361622e-28,6.856652993616103e-28,6.8566529936167535e-28,6.856652993616752e-28,6.856652993616749e-28,6.85665299361675e-28,6.85665299361677e-28,6.8566529936167715e-28,6.856652993621405e-28,6.8566529936214045e-28,6.856652993621407e-28,6.856652993621522e-28,6.856652993621762e-28,6.856652991126711e-28,6.856652991093973e-28,6.856652991044466e-28,6.856652991030901e-28,6.856652991030898e-28,6.85665299154064e-28,6.856652991540638e-28,6.856652991540638e-28,6.856652991540638e-28,6.8566529915406355e-28,6.856652991540634e-28,6.856652991537313e-28,6.856652991537313e-28,6.856652991536937e-28,6.856652991536932e-28,6.856652991536933e-28,6.856652991536821e-28,6.856652991536794e-28,6.856652991536892e-28,6.856652991536893e-28,6.8566529915431045e-28,6.856652991543103e-28,6.856652991543105e-28,6.8566529915431045e-28,6.856652991543104e-28,6.856652991599295e-28,6.8566529915992945e-28,6.8566529915992945e-28,6.856652991599292e-28,6.856652991620541e-28,6.8566529916205395e-28,6.856652991620564e-28,6.856652991620564e-28,6.856652991585989e-28,6.856652991586113e-28,6.856652991586113e-28,6.856652991586114e-28,6.856652991586277e-28,6.856652991586279e-28,6.856652991586274e-28,6.856652991586482e-28,6.856652991586482e-28,6.856652991586331e-28,6.8566529915844e-28,6.856652991584659e-28,6.856652991584665e-28,6.8566529915846e-28,6.856652991567146e-28,6.856652991567146e-28,6.85665299156726e-28,6.856652991567261e-28,6.85665299156726e-28,6.856652991567257e-28,6.856652987415852e-28,6.856652987415851e-28,6.856652987417688e-28,6.8566529874177015e-28,6.856652987417699e-28,6.8566529874177e-28,6.8566529874177e-28,6.8566529874177015e-28,6.856652987417691e-28,6.856652987417582e-28,6.8566529874189445e-28,6.8566529874189445e-28,6.856652987418943e-28,6.856652987418632e-28,6.8566529874186315e-28,6.856652987417309e-28,6.856652987417309e-28,6.856652987417382e-28,6.8566529873299215e-28,6.856652987329915e-28,6.856652987347991e-28,6.856652987347988e-28,6.856652987347571e-28,6.85665298734741e-28,6.85665298734763e-28,6.8566529873476285e-28,6.856652987347629e-28,6.856652987347628e-28,6.856652987347629e-28,6.8566529873476895e-28,6.856652987038838e-28,6.856652987038833e-28,6.856652986967782e-28,6.856652986967783e-28,6.856652986967778e-28,6.85665298696778e-28,6.856652986967773e-28,6.856652987041693e-28,6.8566529870416925e-28,6.856652987041661e-28,6.856652987042245e-28,6.85665298704256e-28,6.856652987042152e-28,6.85665298703757e-28,6.856652987037571e-28,6.856652987037569e-28,6.856652987037566e-28,6.856652987037564e-28,6.856652987037597e-28,6.856652987038619e-28,6.856652987038616e-28,6.85665298703862e-28,6.85665298703856e-28,6.856652987038545e-28,6.856652987038544e-28,6.856652987038544e-28,6.856652987038541e-28,6.856652987038538e-28,6.856652987038542e-28,6.856652987038529e-28,6.856652987038528e-28,6.8566529870385285e-28,6.85665298704188e-28,6.856652987041883e-28,6.856652987042001e-28,6.856652987042004e-28,6.856652987042016e-28,6.856652986997347e-28,6.856652986997729e-28,6.856652987010932e-28,6.856652987010712e-28,6.856652987010713e-28,6.856652987010711e-28,6.8566529870105635e-28,6.856652986988738e-28,6.856652986988793e-28,6.856652986991094e-28,6.85665298699109e-28,6.856652986992264e-28,6.856652986995891e-28,6.856652986989728e-28,6.856652986989634e-28,6.856652986989636e-28,6.856652986990599e-28,6.856652986990598e-28,6.856652986993029e-28,6.856652986994516e-28,6.856652986994542e-28,6.8566529869945695e-28,6.856652986994568e-28,6.856652986994569e-28,6.856652986994569e-28,6.856652986994568e-28,6.856652986994569e-28,6.856652986994567e-28,6.856652986994568e-28,6.856652986994566e-28,6.8566529869945426e-28,6.856652986994548e-28,6.856652986994546e-28,6.856652986965538e-28,6.85665298676456e-28,6.856652986764562e-28,6.856652986764561e-28,6.856652986764402e-28,6.856652986764403e-28,6.856652986764403e-28,6.856652986766098e-28,6.856652986763056e-28,6.856652986763304e-28,6.8566529867555945e-28,6.856652986755592e-28,6.856652986755591e-28,6.856652986755591e-28,6.8566529867555945e-28,6.856652986755716e-28,6.856652986755204e-28,6.856652986755207e-28,6.856652986755205e-28,6.856652986755033e-28,6.856652986755032e-28,6.856652986755017e-28,6.856652986754933e-28,6.856652986754933e-28,6.8566529867549335e-28,6.85665298675493e-28,6.85665298675493e-28,6.856652986754931e-28,6.856652986754451e-28,6.856652986754453e-28,6.856652986754451e-28,6.856652986754452e-28,6.856652986754451e-28,6.856652986754453e-28,6.856652986754453e-28,6.85665298675824e-28,6.8566529867560895e-28,6.856652986756089e-28,6.856652986756089e-28,6.8566529867560895e-28,6.856652986743661e-28,6.8566529867436595e-28,6.856652986743661e-28,6.856652986662436e-28,6.856652986662442e-28,6.856652986662442e-28,6.856652986663235e-28,6.856652986678474e-28,6.856652986678473e-28,6.856652986678472e-28,6.856652986678472e-28,6.856652986678473e-28,6.856652986678473e-28,6.856652986678474e-28,6.856652986678473e-28,6.856652986678471e-28,6.8566529866784715e-28,6.8566529866782715e-28,6.856652986678271e-28,6.85665298667827e-28,6.856652986669948e-28,6.856652986666514e-28,6.856652986666555e-28,6.856652986666553e-28,6.856652986666553e-28,6.856652986666555e-28,6.8566529866665535e-28,6.856652986666554e-28,6.856652986665514e-28,6.856652986665489e-28,6.85665298666513e-28,6.856652986664609e-28,6.85665298666457e-28,6.856652986664572e-28,6.856652986664575e-28,6.8566529866645715e-28,6.856652986664575e-28,6.856652986664576e-28,6.856652986662975e-28,6.85665298666297e-28,6.856652986662976e-28,6.856652986662974e-28,6.856652986629355e-28,6.856652986629379e-28,6.85665298662938e-28,6.856652986634514e-28,6.856652986634512e-28,6.85665298659441e-28,6.85665298659441e-28,6.85665298654882e-28,6.8566529865488175e-28,6.856652986548817e-28,6.856652986548815e-28,6.856652986548815e-28,6.856652986548816e-28,6.856652986548844e-28,6.856652986548842e-28,6.856652986548843e-28,6.856652986548845e-28,6.856652986548843e-28,6.856652986548842e-28,6.856652986548842e-28,6.856652986548842e-28,6.856652986548846e-28,6.856652986547663e-28,6.8566529865476705e-28,6.85665298654767e-28,6.8566529865476705e-28,6.85665298654767e-28,6.856652986547672e-28,6.856652986548141e-28,6.85665298654814e-28,6.856652986547812e-28,6.85665298654839e-28,6.856652986548391e-28,6.856652986548393e-28,6.8566529865483915e-28,6.856652986548392e-28,6.85665298654712e-28,6.856652986547312e-28,6.856652986547964e-28,6.856652986548033e-28,6.856652986547328e-28,6.856652986547346e-28,6.8566529865473136e-28,6.856652986529037e-28,6.856652986529038e-28,6.856652986528829e-28,6.85665298652883e-28,6.856652986528828e-28,6.856652986529576e-28,6.856652986530365e-28,6.85665298653037e-28,6.856652986530369e-28,6.856652986534685e-28,6.856652986534687e-28,6.856652986534684e-28,6.856652986534504e-28,6.856652986537394e-28,6.856652986537391e-28,6.856652986537392e-28,6.8566529865370735e-28,6.856652986537072e-28,6.85665298653707e-28,6.856652986537071e-28,6.85665298653707e-28,6.856652986537069e-28,6.856652986543438e-28,6.856652986551765e-28,6.856652986555006e-28,6.856652986555232e-28,6.8566529865552335e-28,6.856652986555235e-28,6.85665298655525e-28,6.856652986555252e-28,6.85665298655518e-28,6.856652986555183e-28,6.856652986555186e-28,6.856652986554681e-28,6.856652986554679e-28,6.856652986556148e-28,6.8566529865561455e-28,6.856652986556145e-28,6.856652986559461e-28,6.856652986559161e-28,6.856652986559003e-28,6.856652986558013e-28,6.8566529865581195e-28,6.856652986558119e-28,6.856652987076886e-28,6.8566529870768555e-28,6.8566529870768555e-28,6.856652987077234e-28,6.856652987077235e-28,6.856652987077234e-28,6.856652987077235e-28,6.856652987077236e-28,6.856652987076925e-28,6.856652987076929e-28,6.856652987076929e-28,6.8566529870864615e-28,6.856652987086565e-28,6.856652987027961e-28,6.856652987027962e-28,6.856652987027961e-28,6.856652987028092e-28,6.856652987028027e-28,6.8566529870280275e-28,6.8566529870280275e-28,6.856652987028027e-28,6.856652987028025e-28,6.856652987027702e-28,6.856652987027702e-28,6.856652987027704e-28,6.856652987027616e-28,6.856652987027619e-28,6.85665298702762e-28,6.856652987027623e-28,6.856652987027621e-28,6.856652987027621e-28,6.85665298702762e-28,6.85665298702762e-28,6.856652987027654e-28,6.856652987027658e-28,6.856652987027656e-28,6.856652987027655e-28,6.856652987027657e-28,6.856652987027656e-28,6.856652987027655e-28,6.856652987027646e-28,6.856652987029089e-28,6.856652987029532e-28,6.856652987036313e-28,6.856652987036318e-28,6.856652987036317e-28,6.856652987036318e-28,6.856652987022126e-28,6.856652987063251e-28,6.856652987092293e-28,6.85665298709001e-28,6.856652987090009e-28,6.856652987090012e-28,6.85665298709044e-28,6.856652987090438e-28,6.856652987090898e-28,6.856652987175707e-28,6.856652987175706e-28,6.856652988430754e-28,6.8566529884276435e-28,6.8566529884276435e-28,6.856652988694218e-28,6.856652988694218e-28,6.85665298869425e-28,6.856652988678402e-28,6.856652988678404e-28,6.856652988678406e-28,6.856652988673783e-28,6.856652988673785e-28,6.856652988673785e-28,6.856652988673784e-28,6.856652988674919e-28,6.856652988427941e-28,6.856652988427943e-28,6.856652988427616e-28,6.85665298842763e-28,6.856652988442826e-28,6.856652988442847e-28,6.856652988442847e-28,6.856652573722408e-28,6.856652573722408e-28,6.85665257372214e-28,6.856652573722137e-28,6.85665257372214e-28,6.856652573722762e-28,6.85665257372264e-28,6.856652573722644e-28,6.856652573722434e-28,6.85665257372248e-28,6.856652573722479e-28,6.856652573722038e-28,6.856652573722442e-28,6.856652573722461e-28,6.8566525737224605e-28,6.856652573722463e-28,6.8566525737224605e-28,6.856652573722157e-28,6.856652573722151e-28,6.856652573723382e-28,6.856652573723675e-28,6.856652573723673e-28,6.8566525737272505e-28,6.856652573727247e-28,6.856652573726231e-28,6.85665257372623e-28,6.856652573726267e-28,6.856652573726236e-28,6.856652573726275e-28,6.856652573726273e-28,6.856652573726275e-28,6.856652573726262e-28,6.856652573726261e-28,6.856652573725266e-28,6.8566525737251e-28,6.8566525737251e-28,6.85665257372465e-28,6.856652573724647e-28,6.856652573724646e-28,6.856652573712802e-28,6.8566525737128025e-28,6.8566525737128e-28,6.8566525737128025e-28,6.856652573712799e-28,6.8566525737128025e-28,6.8566525737128025e-28,6.85665257371284e-28,6.8566525737128895e-28,6.856652573712887e-28,6.856652573712885e-28,6.856652573712885e-28,6.856652573712888e-28,6.856652573712442e-28,6.856652573712439e-28,6.85665257371244e-28,6.85665257371244e-28,6.856652573712443e-28,6.856652573711665e-28,6.856652573711666e-28,6.856652573711433e-28,6.856652573711499e-28,6.856652573711498e-28,6.856652573711495e-28,6.856652573711678e-28,6.856652573711697e-28,6.856652573711692e-28,6.856652573711692e-28,6.856652573711907e-28,6.856652573711906e-28,6.854471304728142e-28,6.854471304087942e-28,6.854471304087941e-28,6.85447130408794e-28,6.854471304088139e-28,6.854471304086922e-28,6.852915669996259e-28,6.852915669996256e-28,6.852915669996256e-28,6.852915669996257e-28,6.852915669996256e-28,6.852915669995904e-28,6.852915669995906e-28,6.852915669995902e-28,6.852915669995901e-28,6.852915669995918e-28,6.852915669995777e-28,6.85291566999578e-28,6.8529156699957845e-28,6.852915669995812e-28,6.852915669995813e-28,6.852915669995751e-28,6.852915670030974e-28,6.852915670030974e-28,6.8529156700309735e-28,6.852915670030975e-28,6.852915670031142e-28,6.85291567003114e-28,6.8507713498385195e-28,6.85077134983852e-28,6.850771349838346e-28,6.85077134498888e-28,6.850771344988882e-28,6.8507713449898125e-28,6.850771344989809e-28,6.850771344886977e-28,6.850771344886978e-28,6.850771344886978e-28,6.850771344886978e-28,6.850771344887279e-28,6.8507713448883065e-28,6.850771344888307e-28,6.850055317027338e-28,6.849673673360631e-28,6.8496736733606325e-28,6.849673673348013e-28,6.849673673348148e-28,6.8496736733481495e-28,6.849673673348146e-28,6.8496736733482965e-28,6.849673673348289e-28,6.849673673350134e-28,6.850931317482199e-28,6.850931317482202e-28,6.850931317005499e-28,6.850931317005497e-28,6.850931317005446e-28,6.850931317003672e-28,6.850931317003338e-28,6.850931317003172e-28,6.850931316987808e-28,6.850931316987831e-28,6.8509313169878305e-28,6.850931316768314e-28,6.850927774992287e-28,6.850927774992285e-28,6.850927775001038e-28,6.850935857185125e-28,6.850935857185124e-28,6.85135674276234e-28,6.851356742762337e-28,6.851728605951248e-28,6.851728605951244e-28,6.851728208683807e-28,6.851728208683812e-28,6.851728208683811e-28,6.851728208685467e-28,6.8517282091885795e-28,6.85172820918858e-28,6.826682710378566e-28,6.826682710378567e-28,6.826682710378471e-28,6.826682710378469e-28,6.826682710372963e-28,6.827453641034418e-28,6.827453641034416e-28,6.827453641036123e-28,6.827453641036121e-28,6.827453641036126e-28,6.827453641036124e-28,6.827455445218593e-28,6.827491374473203e-28,6.827491374473203e-28,6.827491374473207e-28,6.8274913744735955e-28,6.827491374473597e-28,6.827491374473596e-28,6.8274913744735955e-28,6.827493346108879e-28,6.8274933461089435e-28,6.8274933461089435e-28,6.8274921242337865e-28,6.8274921242337865e-28,6.8274921242330305e-28,6.827492123948678e-28,6.826797560126273e-28,6.826797560126274e-28,6.826797560127444e-28,6.826797560127794e-28,6.8267975601278435e-28,6.826833202897471e-28,6.826833202897465e-28,6.826833202897463e-28,6.826833202930813e-28,6.8268332029308e-28,6.826833202930797e-28,6.826829840171605e-28,6.828447878097924e-28,6.828458887213838e-28,6.828458887213842e-28,6.828458887213174e-28,6.828458887213174e-28,6.828458887213176e-28,6.828458887213173e-28,6.828458887213175e-28,6.8284588872131735e-28,6.82848107764342e-28,6.828469450669454e-28,6.828469450669432e-28,6.828469450669406e-28,6.828469450669321e-28,6.828469450669451e-28,6.828472556370223e-28,6.828472556371582e-28,6.8284725563716005e-28,6.828472556368699e-28,6.828474696188617e-28,6.828474696190293e-28,6.828474696190209e-28,6.828474696190209e-28,6.828474696190224e-28,6.828474696190219e-28,6.8284746962021575e-28,6.828184844284736e-28,6.829155819161426e-28,6.8291558191525835e-28,6.829155819152586e-28,6.829155819152688e-28,6.828818151107089e-28,6.828818151107085e-28,6.828818151106963e-28,6.828818151106961e-28,6.828899030814612e-28,6.828899030814612e-28,6.828899030814556e-28,6.828899030814555e-28,6.828899030813589e-28,6.828899030813588e-28,6.828899267470336e-28,6.8297393885899455e-28,6.829741441282702e-28,6.826765696558087e-28,6.826765696557414e-28,6.826765696557413e-28,6.826765696557412e-28,6.827469355089299e-28,6.827469355089303e-28,6.8271380867856066e-28,6.8271382640208265e-28,6.827138264020827e-28,6.827138463687486e-28,6.82704877716301e-28,6.827043408400574e-28,6.827043408400574e-28,6.827043408400597e-28,6.827043408400595e-28,6.827043408400594e-28,6.827117427619815e-28,6.827117424042023e-28,6.827117424042598e-28,6.827117424043526e-28,6.8271174240421575e-28,6.827117437255776e-28,6.82711748479803e-28,6.827114098455665e-28,6.827114098455661e-28,6.82711409845566e-28,6.82711409833409e-28,6.828226586278258e-28,6.828226586278239e-28,6.82822658627824e-28,6.8282265862782405e-28,6.82822658627828e-28,6.8283863231212835e-28,6.828386323121283e-28,6.828386323121201e-28,6.8283863231212e-28,6.828386323120657e-28,6.828386323119226e-28,6.828386323119226e-28,6.828386323136072e-28,6.8283863231275605e-28,6.8283863231275605e-28,6.82837347868608e-28,6.820330124728585e-28,6.8203301247285815e-28,6.820335631383298e-28,6.820335631383053e-28,6.820335631385168e-28,6.820335631385167e-28,6.820335631385166e-28,6.820335631339996e-28,6.820335631339995e-28,6.818799131605675e-28,6.818799131604802e-28,6.818573922369038e-28,6.818538952479748e-28,6.8185298638378645e-28,6.8185298638378645e-28,6.818529863838244e-28,6.8185298638601785e-28,6.818529863858992e-28,6.818529863856752e-28,6.818529863859201e-28,6.818529863859071e-28,6.81852986385907e-28,6.81734733508438e-28,6.81734733508438e-28,6.817347335072041e-28,6.817347398620916e-28,6.817347812724265e-28,6.817347812724263e-28,6.817347812724265e-28,6.817348528974002e-28,6.817348528988273e-28,6.817348528988273e-28,6.817348528988371e-28,6.817324761940017e-28,6.817324761939207e-28,6.817324761939206e-28,6.817324761941182e-28,6.817324761941182e-28,6.817575734203981e-28,6.8175757342432785e-28,6.817575734243811e-28,6.817573793246128e-28,6.817573793245995e-28,6.817573793245995e-28,6.8175737932459945e-28,6.817573793246004e-28,6.817573793246002e-28,6.8175737932460035e-28,6.817573796049867e-28,6.817573796049872e-28,6.8175737960498695e-28,6.817573796049872e-28,6.8175737960498695e-28,6.81757379604987e-28,6.817573796051876e-28,6.817573796054741e-28,6.817573796054737e-28,6.817573796054741e-28,6.817573796052467e-28,6.817573796052466e-28,6.817573796052467e-28,6.81757379605247e-28,6.817573796052471e-28,6.81757379605247e-28,6.818803773148118e-28,6.817766579038813e-28,6.81773883435113e-28,6.817738834350602e-28,6.817707229800328e-28,6.817707229797719e-28,6.816785623057965e-28,6.816785594098964e-28,6.816785594098964e-28,6.816785594098809e-28,6.816785594098809e-28,6.816785594098801e-28,6.816785594098803e-28,6.816792053700113e-28,6.816792053700949e-28,6.816792053700946e-28,6.816830903217276e-28,6.816830903217276e-28,6.816830903217421e-28,6.8168309032147685e-28,6.815832427342908e-28,6.815832427342909e-28,6.815832427342856e-28,6.815832427342833e-28,6.815832427342835e-28,6.815832427357477e-28,6.815832427357478e-28,6.815893412494404e-28,6.815893412494446e-28,6.815889453768106e-28,6.815889993174834e-28,6.815889993169813e-28,6.81588999316981e-28,6.815889993169726e-28,6.815889993169717e-28,6.81588999316982e-28,6.815889993168912e-28,6.815889993169196e-28,6.815889993169333e-28,6.815889993169353e-28,6.815890187263414e-28,6.815932933280411e-28,6.815948915357681e-28,6.815948915357683e-28,6.815948915357685e-28,6.815948915357683e-28,6.815948915357684e-28,6.815948915353996e-28,6.815948915350497e-28,6.815948967940728e-28,6.8158762504191605e-28,6.815876250419223e-28,6.815876250419219e-28,6.815876250419219e-28,6.815876250419244e-28,6.8159576598419155e-28,6.815957659714125e-28,6.815957659705228e-28,6.815957659705227e-28,6.815957659705228e-28,6.815957659705312e-28,6.81595765970274e-28,6.815957659702758e-28,6.815957659705286e-28,6.8159297358329205e-28,6.8159297358532185e-28,6.815929735853219e-28,6.815929735846015e-28,6.815929735846048e-28,6.815929735846049e-28,6.815929735907152e-28,6.815929735907152e-28,6.815929735907144e-28,6.815929735907151e-28,6.815929735863611e-28,6.815929735862886e-28,6.8159297358623455e-28,6.815929735862344e-28,6.815929735860402e-28,6.819537594969675e-28,6.8195375949689865e-28,6.819537594969424e-28,6.819537594969367e-28,6.819537594965359e-28,6.819537594965327e-28,6.819537594965031e-28,6.819537594964332e-28,6.819537594964233e-28,6.81953759500347e-28,6.819537595005531e-28,6.819537595006153e-28,6.819537595006153e-28,6.8196105723289425e-28,6.81961057232962e-28,6.8196105723296205e-28,6.8196105723296205e-28,6.819610572333525e-28,6.819610572334162e-28,6.8196105723340885e-28,6.819610572366041e-28,6.819610572347885e-28,6.819610572346243e-28,6.81961057234624e-28,6.8196105723802215e-28,6.819589859965595e-28,6.819589859965595e-28,6.819589859965594e-28,6.819589859965595e-28,6.819589859965596e-28,6.819589810130763e-28,6.819589810130764e-28,6.8195562856479055e-28,6.819557494319292e-28,6.819557494319293e-28,6.819557494318017e-28,6.819557494317606e-28,6.819527822744247e-28,6.819574872180329e-28,6.819574872174364e-28,6.819574872174366e-28,6.819574872174365e-28,6.819578365910428e-28,6.819578365910456e-28,6.81956719922505e-28,6.819567199225047e-28,6.81956719922505e-28,6.819567199225047e-28,6.81956719922505e-28,6.819567199225208e-28,6.819567199200808e-28,6.8195738923954965e-28,6.8195738923939405e-28,6.819573892419186e-28,6.819573892419185e-28,6.819629669725778e-28,6.819629669725777e-28,6.819629669725942e-28,6.819625959622317e-28,6.81962595962258e-28,6.819625959622708e-28,6.819625959622702e-28,6.819625959622703e-28,6.8196259596227045e-28,6.819661481316528e-28,6.8193061503464355e-28,6.81959446678353e-28,6.819594466783529e-28,6.819594466789097e-28,6.819594466789101e-28,6.819594466789099e-28,6.819594466789098e-28,6.819594466789099e-28,6.81959446678902e-28,6.819594466789019e-28,6.819594466785019e-28,6.819594466785017e-28,6.819594466784851e-28,6.819594466784776e-28,6.819594466784775e-28,6.819594466784777e-28,6.819594466711626e-28,6.819594466715389e-28,6.819594466715387e-28,6.819594466719642e-28,6.819591423796797e-28,6.819591423796799e-28,6.819591423796797e-28,6.819591423796799e-28,6.819591423796959e-28,6.819591423795672e-28,6.819465603776999e-28,6.819465603777e-28,6.81948422822004e-28,6.81948418284591e-28,6.819484182845825e-28,6.819484182845734e-28,6.819484182854142e-28,6.819484182854143e-28,6.8194841828541385e-28,6.819484182854338e-28,6.819484183149185e-28,6.819484183150411e-28,6.819484183150411e-28,6.819484183149864e-28,6.819484183149865e-28,6.819484183149862e-28,6.819484183151377e-28,6.819484183151378e-28,6.819484183152387e-28,6.819484183152386e-28,6.819484183152386e-28,6.819484183152384e-28,6.819484183152384e-28,6.819484183152384e-28,6.819484183152384e-28,6.818828137317357e-28,6.818828137318263e-28,6.815091344656952e-28,6.81509134465754e-28,6.815091344663558e-28,6.815091344663559e-28,6.815091344663559e-28,6.8150913446654364e-28,6.815091344665509e-28,6.815087011342672e-28,6.815087011342672e-28,6.8150870113426735e-28,6.815087011342591e-28,6.815087011387465e-28,6.815087011387465e-28,6.815087011387466e-28,6.8150870113874675e-28,6.815087011387449e-28,6.815087011387068e-28,6.815087011387171e-28,6.81490131037121e-28,6.814901310371211e-28,6.814901310371213e-28,6.814901310370149e-28,6.814901310370152e-28,6.814901310370149e-28,6.814901310367112e-28,6.814901310364034e-28,6.814901310364032e-28,6.814901310359616e-28,6.814901310359617e-28,6.814901310358162e-28,6.814901310359233e-28,6.814901311019429e-28,6.814901311019429e-28,6.814901311019431e-28,6.8149013109640685e-28,6.8149013109640685e-28,6.814901310964001e-28,6.814901310963959e-28,6.814901310958024e-28,6.814901310958024e-28,6.814885637733724e-28,6.814885637731973e-28,6.814885637725407e-28,6.816352416052989e-28,6.816352416052659e-28,6.816289765358261e-28,6.8162897653591e-28,6.816289765356302e-28,6.816289765356302e-28,6.8162897653563065e-28,6.816289765356304e-28,6.816289765356304e-28,6.816290834975536e-28,6.816290834975555e-28,6.816290834975558e-28,6.816290834975554e-28,6.816290834975549e-28,6.81629083497555e-28,6.816290834972347e-28,6.8162908349860865e-28,6.816290834987367e-28,6.816290834987298e-28,6.818435020661073e-28,6.818435020782512e-28,6.81823498230881e-28,6.818234982309433e-28,6.818234982309431e-28,6.818234982311413e-28,6.818234982311413e-28,6.818364786560885e-28,6.818364786560745e-28,6.818364786560244e-28,6.818364786560243e-28,6.818364786560245e-28,6.818364786560244e-28,6.818364786560123e-28,6.818364786560186e-28,6.818364786560184e-28,6.81836478656053e-28,6.818364786560531e-28,6.818364786560533e-28,6.818364786560532e-28,6.81836478656111e-28,6.818364786580493e-28,6.818364786584061e-28,6.818364606655324e-28,6.818364606655324e-28,6.81836460665533e-28,6.818364606676724e-28,6.81836460667954e-28,6.81836460522368e-28,6.818364605199185e-28,6.818364605198999e-28,6.818364605198454e-28,6.818364605198447e-28,6.818364605198612e-28,6.818364605198614e-28,6.818364605198616e-28,6.818364605198646e-28,6.818364605198646e-28,6.818364605201515e-28,6.818364605201517e-28,6.818364605201515e-28,6.818364605201518e-28,6.818364605200672e-28,6.8183646052008095e-28,6.818364605200809e-28,6.8183646052008095e-28,6.818364605200808e-28,6.818364605204207e-28,6.818364605204208e-28,6.818364605204205e-28,6.8183646052029915e-28,6.818364605202992e-28,6.818364605202992e-28,6.818364605202992e-28,6.818364605202997e-28,6.818364613327034e-28,6.818364613327036e-28,6.81836461332697e-28,6.81836461332196e-28,6.818364613332555e-28,6.818364613317534e-28,6.818364613318526e-28,6.818558925452165e-28,6.818558925441575e-28,6.818558925441885e-28,6.818558925441882e-28,6.8185589254418185e-28,6.818558925441818e-28,6.818558925441687e-28,6.818558925441689e-28,6.818558925441695e-28,6.818558925442127e-28,6.818558925442128e-28,6.818558925442125e-28,6.818558925442125e-28,6.818558925442135e-28,6.818558925442126e-28,6.8185589254421235e-28,6.81855892545078e-28,6.8185589254507815e-28,6.81855892545078e-28,6.818558925455805e-28,6.81855892531951e-28,6.818558925328332e-28,6.818558924805344e-28,6.818558924805342e-28,6.8185589248061985e-28,6.818558924806199e-28,6.8185589248062e-28,6.818691954797604e-28,6.818691954788182e-28,6.818691954788184e-28,6.81869195478818e-28,6.81869195478818e-28,6.818691954788065e-28,6.818691954788065e-28,6.818691954788065e-28,6.8186919547880655e-28,6.818691954788065e-28,6.818691954788065e-28,6.818691954788065e-28,6.818691954787503e-28,6.818691954787502e-28,6.818691954787503e-28,6.818691954787503e-28,6.818691954783839e-28,6.818691954783838e-28,6.818691954783892e-28,6.818694061143933e-28,6.818694061141286e-28,6.818694061142777e-28,6.8186940611427725e-28,6.818694061143234e-28,6.818694061143601e-28,6.8186940611435985e-28,6.818694061153887e-28,6.818694061153071e-28,6.837075990075869e-28,6.837075990075871e-28,6.837075990075871e-28,6.837075990075872e-28,6.8370759900758725e-28,6.8370759900856695e-28,6.8370759901039935e-28,6.837075990089967e-28,6.83707615016701e-28,6.837076150167011e-28,6.837076150746729e-28,6.837076150746731e-28,6.837076150746728e-28,6.837076150746466e-28,6.837076150746451e-28,6.8370761507464505e-28,6.8370761507464505e-28,6.836361357612857e-28,6.836361357612857e-28,6.836361357612859e-28,6.836361357578886e-28,6.836361357579001e-28,6.836361357579002e-28,6.836361357576844e-28,6.836361357576924e-28,6.8363613575769195e-28,6.836361357576923e-28,6.836361357576923e-28,6.836360955011672e-28,6.8363609550116725e-28,6.836360955011671e-28,6.836360955011674e-28,6.836360955441688e-28,6.836360955441688e-28,6.836360955441644e-28,6.836360955441642e-28,6.8363609554422715e-28,6.836360955442271e-28,6.836360955442306e-28,6.836360955442301e-28,6.836360955441846e-28,6.836360955441847e-28,6.836360955441845e-28,6.8363609554418455e-28,6.836360955441297e-28,6.836360955441419e-28,6.836360955441418e-28,6.836360955441511e-28,6.836360955441509e-28,6.836360955441509e-28,6.836360955441509e-28,6.836360955441508e-28,6.836360955434569e-28,6.836360955434566e-28,6.8363609554345695e-28,6.836360956092821e-28,6.836360956076866e-28,6.837638562832707e-28,6.837638562829338e-28,6.8376385628293385e-28,6.837638562620497e-28,6.837881498344324e-28,6.837881498343378e-28,6.837881498343741e-28,6.837881498376741e-28,6.837881498376741e-28,6.838177818507434e-28,6.838177818507777e-28,6.838177818507947e-28,6.838177818507946e-28,6.83817781851752e-28,6.83817781851752e-28,6.838177818517521e-28,6.838177818518959e-28,6.838177818518959e-28,6.838177818520277e-28,6.8381778185201605e-28,6.838177818520161e-28,6.83817781852016e-28,6.838177818520018e-28,6.838177818520015e-28,6.838177818520413e-28,6.838177818520415e-28,6.838177818520169e-28,6.838176168157809e-28,6.838176167621568e-28,6.838175031152787e-28,6.83817503115279e-28,6.83817503115279e-28,6.838175031152789e-28,6.838175031152789e-28,6.838175031152788e-28,6.838175031152789e-28,6.838175031152787e-28,6.8381750311527875e-28,6.838175031152696e-28,6.838175031152698e-28,6.838175031152698e-28,6.838175031144311e-28,6.838175031144311e-28,6.838175031143082e-28,6.838175031143083e-28,6.838175031144685e-28,6.8381750311463725e-28,6.838175031145357e-28,6.83779575403335e-28,6.837795754033351e-28,6.837795754033349e-28,6.837750616496228e-28,6.8377506164962305e-28,6.8377506164962305e-28,6.842995219678255e-28,6.842995217371984e-28,6.842995217371918e-28,6.842995217371919e-28,6.84299521737192e-28,6.842995217371979e-28,6.84299521737231e-28,6.842995217372113e-28,6.842995188042116e-28,6.842995188041215e-28,6.842995188041362e-28,6.843052743762469e-28,6.844079565755738e-28,6.844110590668865e-28,6.844110590670427e-28,6.844110591292048e-28,6.844121645127935e-28,6.844121645127811e-28,6.843949579943621e-28,6.84394957994362e-28,6.8439495799436165e-28,6.843949579943619e-28,6.843949579943573e-28,6.843949579943578e-28,6.843949579943245e-28,6.843949579943249e-28,6.84394957994365e-28,6.8439495799436505e-28,6.843949579655759e-28,6.843949579655759e-28,6.843949579655759e-28,6.843949579655988e-28,6.843949579652602e-28,6.843949579643556e-28,6.843949579658215e-28,6.843949579658214e-28,6.843949579658214e-28,6.843949579653447e-28,6.843949579653446e-28,6.843949579653448e-28,6.843949579653448e-28,6.844272778566588e-28,6.844253272955494e-28,6.844253272955489e-28,6.844253272955255e-28,6.844258905450248e-28,6.844258905450243e-28,6.844258905450394e-28,6.84425890545317e-28,6.844258905446066e-28,6.844258905446345e-28,6.844258905446349e-28,6.844258905446347e-28,6.844258905446333e-28,6.844258905446329e-28,6.844259058487008e-28,6.844259058487011e-28,6.844259058487009e-28,6.84396939058023e-28,6.843969390580182e-28,6.843969390580183e-28,6.843969390580182e-28,6.843969390588413e-28,6.843969390590687e-28,6.843969390592997e-28,6.843969390592864e-28,6.843969390592862e-28,6.843969390592988e-28,6.843969390593002e-28,6.843969390592975e-28,6.843969390592972e-28,6.843969390592971e-28,6.843968818353352e-28,6.843968818353355e-28,6.8439688183533575e-28,6.8439688183533575e-28,6.8439688183533575e-28,6.843968818352724e-28,6.843968818352726e-28,6.843968818352779e-28,6.844696690845587e-28,6.844696690846588e-28,6.844452616890051e-28,6.844452616890048e-28,6.844452616867171e-28,6.844452616867171e-28,6.844993045952453e-28,6.844993045952606e-28,6.844993045950216e-28,6.8449930459503835e-28,6.844993045950386e-28,6.84499304595039e-28,6.844992945778383e-28,6.844992945778383e-28,6.8449929458633335e-28,6.844992945863336e-28,6.844992945863336e-28,6.844992945863334e-28,6.844992945842549e-28,6.844992945842549e-28,6.845106470160848e-28,6.845107735103894e-28,6.8451077351038925e-28,6.845107735103324e-28,6.845226564371879e-28,6.845226564371813e-28,6.845226563448943e-28,6.845226563449123e-28,6.84522656344912e-28,6.8452265634488025e-28,6.8452265634488025e-28,6.8452265634488025e-28,6.8452265634488025e-28,6.8452265634488025e-28,6.845226563448802e-28,6.845226563448801e-28,6.845226563453931e-28,6.84522656345393e-28,6.845226563453928e-28,6.845226563524817e-28,6.845226563524818e-28,6.845226563524819e-28,6.845226561267798e-28,6.845226561267799e-28,6.845226571450544e-28,6.845192569980284e-28,6.8452892326578795e-28,6.845216315059184e-28,6.845216315059179e-28,6.845216315061629e-28,6.845216315061629e-28,6.8452163150605605e-28,6.84521607988413e-28,6.845216079884128e-28,6.845216079884128e-28,6.845216079885707e-28,6.845216079884445e-28,6.845216079884443e-28,6.845216079884445e-28,6.845216079778583e-28,6.845216079778582e-28,6.845216079778582e-28,6.84521607977858e-28,6.845216079778662e-28,6.845216079778746e-28,6.845216079778746e-28,6.845216079778764e-28,6.845216079778763e-28,6.845216079779039e-28,6.845216079779041e-28,6.845216079779042e-28,6.845302518138004e-28,6.845302518138005e-28,6.8453025181380015e-28,6.845302518138006e-28,6.845302518138007e-28,6.845302518138006e-28,6.845302518138005e-28,6.845302518138006e-28,6.845302518136431e-28,6.845302518136436e-28,6.845291826768444e-28,6.845291826768446e-28,6.845291826768445e-28,6.845291826768195e-28,6.845291826768193e-28,6.845291826767848e-28,6.845291826767913e-28,6.845291826767913e-28,6.845287089798459e-28,6.845287089798459e-28,6.8452870897987295e-28,6.84528708979873e-28,6.846463987077949e-28,6.846463987077858e-28,6.8464639870778585e-28,6.846463987153577e-28,6.846463987153577e-28,6.846463987153579e-28,6.847130869178379e-28,6.847130869181743e-28,6.847130869181743e-28,6.847130869181559e-28,6.847130960735171e-28,6.847130960735171e-28,6.84713096073523e-28,6.847130960735232e-28,6.847075065010705e-28,6.846960647945515e-28,6.8469606479461066e-28,6.8469606479461066e-28,6.84696071568094e-28,6.846960715635874e-28,6.846960715636887e-28,6.846960715636891e-28,6.846960715636887e-28,6.846960715636923e-28,6.846961770140847e-28,6.846961770140848e-28,6.846961770140847e-28,6.846962001713863e-28,6.84696200175017e-28,6.846962001750171e-28,6.84696200175103e-28,6.846962001751065e-28,6.846962001748404e-28,6.846962001752991e-28,6.846962001752837e-28,6.849099051204556e-28,6.849099051204554e-28,6.849099051204556e-28,6.849099051225925e-28,6.849099051225926e-28,6.849099051225928e-28,6.849099051225927e-28,6.849099051224415e-28,6.8490990512243415e-28,6.849099050947601e-28,6.849077146669161e-28,6.84907714666921e-28,6.84907714666921e-28,6.849077146670964e-28,6.849077146670966e-28,6.849077146669835e-28,6.849077146707682e-28,6.84907714670768e-28,6.849077146707682e-28,6.849077146718186e-28,6.849077146691756e-28,6.849077146691758e-28,6.8490886482399105e-28,6.84908864824003e-28,6.849088648240032e-28,6.849088648240029e-28,6.849088648240028e-28,6.84908864824003e-28,6.849088648240031e-28,6.849088648240028e-28,6.84908864824003e-28,6.849088648240247e-28,6.849088648517231e-28,6.849088648516664e-28,6.849088648516662e-28,6.849088648516663e-28,6.849088648516663e-28,6.846496838901665e-28,6.846496838901664e-28,6.846496838901666e-28,6.846496838901664e-28,6.846496838901667e-28,6.846496838901665e-28,6.846496838901663e-28,6.846496838901668e-28,6.846496838901671e-28,6.846496838901564e-28,6.846493813231473e-28,6.846493813231474e-28,6.846493813235099e-28,6.8464938132350985e-28,6.84862073473251e-28,6.867646767758805e-28,6.867646767759135e-28,6.867646767759139e-28,6.867357810187625e-28,6.867357810187623e-28,6.867357810187685e-28,6.867352227441186e-28,6.867352227441207e-28,6.867352227441207e-28,6.867352227441211e-28,6.867352227441206e-28,6.867352227441208e-28,6.867352226595858e-28,6.867352226597305e-28,6.867352226597367e-28,6.867352226597284e-28,6.867352226597283e-28,6.86735222659734e-28,6.867352226597422e-28,6.867352226597421e-28,6.867352226599503e-28,6.867352226599504e-28,6.86734854958581e-28,6.867348549587602e-28,6.867361389291239e-28,6.867361389291237e-28,6.867361389288532e-28,6.867361389288535e-28,6.867361389288531e-28,6.867361389288541e-28,6.867361389288541e-28,6.867361389288331e-28,6.867361389288327e-28,6.8673613892881276e-28,6.8673613892881276e-28,6.867361389288173e-28,6.867361389288245e-28,6.867361389288246e-28,6.867361389288242e-28,6.8673613892882414e-28,6.866848737126184e-28,6.866848737122896e-28,6.866848737122209e-28,6.866848737122209e-28,6.86690053532895e-28,6.866900535328728e-28,6.866900535310478e-28,6.866900535304599e-28,6.866900535304589e-28,6.866900535303506e-28,6.866901093060547e-28,6.866901094448386e-28,6.866901094449771e-28,6.865667260709575e-28,6.865667260709576e-28,6.865667260702261e-28,6.865667260702261e-28,6.86566726070226e-28,6.86566726070226e-28,6.865667260702259e-28,6.865667260702259e-28,6.865667260702816e-28,6.8656672607028205e-28,6.865667260715838e-28,6.8656672607158685e-28,6.8656672607154685e-28,6.865667260715469e-28,6.865667260715469e-28,6.865667260744928e-28,6.865667260744857e-28,6.8658706201056515e-28,6.8658706201061735e-28,6.865834079941442e-28,6.865834079941218e-28,6.86583407994135e-28,6.841287814147102e-28,6.839107333859218e-28,6.839107333859263e-28,6.839107333858698e-28,6.838381852128599e-28,6.838381852128599e-28,6.838381852128599e-28,6.8383818521286e-28,6.838381852131708e-28,6.838381852131708e-28,6.833742256293817e-28,6.8337422562933925e-28,6.833737015501962e-28,6.833721809701733e-28,6.833721809701733e-28,6.833721809701731e-28,6.833721809701942e-28,6.833721811382863e-28,6.8337218114056105e-28,6.833721811405613e-28,6.833721810563538e-28,6.8337218106149095e-28,6.833672748743512e-28,6.833672748743513e-28,6.833672748741044e-28,6.83367274874074e-28,6.836113353504653e-28,6.836113353504652e-28,6.836111664119541e-28,6.836152669090499e-28,6.836259192196861e-28,6.836259192690817e-28,6.837157477678752e-28,6.837157477679226e-28,6.837157477679227e-28,6.837157477679228e-28,6.836944998264686e-28,6.836944998264685e-28,6.836944998270811e-28,6.836944998270808e-28,6.836944998270651e-28,6.836944998275991e-28,6.836944998276407e-28,6.836944998276384e-28,6.836945329897837e-28,6.836945329897836e-28,6.836945329898059e-28,6.83694532989806e-28,6.8369452050557185e-28,6.836945205055753e-28,6.836945205055791e-28,6.836945205055886e-28,6.836945205055885e-28,6.836945205086057e-28,6.836945205086058e-28,6.836945205086059e-28,6.836945205087003e-28,6.836945205085433e-28,6.836945205085431e-28,6.836945205085073e-28,6.836945205085845e-28,6.836945205085845e-28,6.8369452051896395e-28,6.836945205012791e-28,6.836945205012792e-28,6.836945205012793e-28,6.836945205012791e-28,6.836945205011787e-28,6.836934163195107e-28,6.836934163199145e-28,6.836934163204672e-28,6.836934163204668e-28,6.836934163204439e-28,6.8352245847180605e-28,6.835235398055835e-28,6.835235398056028e-28,6.835235398056139e-28,6.835235398052925e-28,6.835235398057674e-28,6.835235398057866e-28,6.8352353980592235e-28,6.835235398059226e-28,6.8352353980592235e-28,6.835235398059225e-28,6.835235398059251e-28,6.835236039454233e-28,6.835236072323239e-28,6.835230218206324e-28,6.8352302182029015e-28,6.8352302182029365e-28,6.835230218202936e-28,6.835230218203437e-28,6.835230218203478e-28,6.835230218034625e-28,6.835230218034626e-28,6.835230045135847e-28,6.835230045135906e-28,6.835230045135904e-28,6.835230044893518e-28,6.835230044898226e-28,6.835230044269268e-28,6.835230044269308e-28,6.8352300442714725e-28,6.835230044268791e-28,6.83523004428703e-28,6.835230044287029e-28,6.835230044287032e-28,6.835230044286852e-28,6.835230044286858e-28,6.835230044286856e-28,6.835230044282669e-28,6.835230044282379e-28,6.835230044282345e-28,6.835230044282344e-28,6.8351693814639755e-28,6.835169381463975e-28,6.835169381463972e-28,6.8351693814641145e-28,6.835169381464208e-28,6.835169381465398e-28,6.835169381465397e-28,6.835169381465396e-28,6.8351693814654185e-28,6.83516938146542e-28,6.83516938146542e-28,6.835169381466194e-28,6.8351693814709905e-28,6.835169381461859e-28,6.835169381171086e-28,6.835154262626865e-28,6.835154262611081e-28,6.835154262610892e-28,6.835154262610892e-28,6.835154262611101e-28,6.835154273485165e-28,6.835154273485599e-28,6.835154273485601e-28,6.835154273485581e-28,6.835205827325867e-28,6.835205827325868e-28,6.835128636871202e-28,6.835128636871199e-28,6.835128636802268e-28,6.835087070004903e-28,6.835087070000535e-28,6.8351066356962505e-28,6.8351066356963025e-28,6.8351066356963e-28,6.835106635718436e-28,6.835106635724959e-28,6.835106635724969e-28,6.835030952431479e-28,6.835030952431479e-28,6.835030952431482e-28,6.835030952431643e-28,6.835030952431644e-28,6.835030952431648e-28,6.835030952431666e-28,6.835030952743558e-28,6.835010282274756e-28,6.8350102822739415e-28,6.8350102822739585e-28,6.835010282273957e-28,6.835010282273957e-28,6.835124166462932e-28,6.835124166463004e-28,6.835124166118459e-28,6.834701887396208e-28,6.834701887398065e-28,6.834701887398065e-28,6.834701887398067e-28,6.834701886987179e-28,6.834701886987181e-28,6.834701886987182e-28,6.834701886987181e-28,6.834701886987175e-28,6.8347018869337565e-28,6.834701886934243e-28,6.83470188693424e-28,6.834701886934262e-28,6.834789440570105e-28,6.834789485154944e-28,6.834789485154942e-28,6.83478948515586e-28,6.834789485155882e-28,6.834789485155877e-28,6.8347894851558755e-28,6.834789485155712e-28,6.831638180183633e-28,6.831638180183636e-28,6.831638180184312e-28,6.827001174650827e-28,6.827001174650829e-28,6.827002775667455e-28,6.827002775667607e-28,6.827002775668045e-28,6.82700277566886e-28,6.82700277566886e-28,6.8269706738416675e-28,6.826206264023487e-28,6.826206264023486e-28,6.826206264021499e-28,6.82622631093941e-28,6.826281492607994e-28,6.826281492607605e-28,6.826281492608349e-28,6.82628149262364e-28,6.826281492623391e-28,6.82628149262794e-28,6.8262814926287235e-28,6.826281492628723e-28,6.826281492631729e-28,6.826281492168126e-28,6.826281492168126e-28,6.826281492165924e-28,6.826281492165923e-28,6.826281492165925e-28,6.8261378575772315e-28,6.826602949071268e-28,6.826602949224757e-28,6.826602949224844e-28,6.826602949224839e-28,6.8268103703617885e-28,6.826810370361789e-28,6.82681037032889e-28,6.82681037032898e-28,6.8268103703289815e-28,6.8268103703289815e-28,6.826810370328993e-28,6.8268103703344065e-28,6.826810370334407e-28,6.826810370334579e-28,6.826810370334239e-28,6.826810370334239e-28,6.826810370319659e-28,6.826808087313209e-28,6.826916041876274e-28,6.82691604187628e-28,6.826916041876065e-28,6.826916041876066e-28,6.826916041876019e-28,6.826916041876205e-28,6.826916041876204e-28,6.826654832723829e-28,6.826654832723829e-28,6.826654832723839e-28,6.826654832721327e-28,6.826654832721327e-28,6.8266548327213285e-28,6.82665483271752e-28,6.826654832717518e-28,6.826654832717516e-28,6.826654829795146e-28,6.826654829795147e-28,6.826654829795149e-28,6.826654829795146e-28,6.826654829795052e-28,6.826699298926491e-28,6.826647442211861e-28,6.827127765858325e-28,6.827127765858786e-28,6.826671890021183e-28,6.8266719700704205e-28,6.826381748561249e-28,6.826381748560059e-28,6.826381748560061e-28,6.826356108697593e-28,6.82635610869759e-28,6.826426117977612e-28,6.826426117986603e-28,6.826426117985365e-28,6.826426117986166e-28,6.826426117986165e-28,6.826352140758452e-28,6.82635214076957e-28,6.827012492723397e-28,6.8270124927752125e-28,6.827012492775212e-28,6.8270124927752125e-28,6.8270124927752125e-28,6.827783186801107e-28,6.827783186800474e-28,6.827783186802322e-28,6.827783186802321e-28,6.827783186911195e-28,6.827783186911192e-28,6.827783186911191e-28,6.827783186917969e-28,6.82778318693563e-28,6.82778318693563e-28,6.827783186935629e-28,6.827783186935628e-28,6.8277831869208365e-28,6.827783186920833e-28,6.821530876048965e-28,6.821530876053446e-28,6.821530875950866e-28,6.824531066487448e-28,6.824531066487446e-28,6.82453106648619e-28,6.824531094825368e-28,6.8245310948249455e-28,6.824636547529311e-28,6.82463501281411e-28,6.812629806415386e-28,6.812629806415384e-28,6.812629806415383e-28,6.812629806415386e-28,6.812629806415383e-28,6.812629806415385e-28,6.812629806412608e-28,6.812629806412475e-28,6.812135253183488e-28,6.812135253183571e-28,6.812135253179226e-28,6.8121352531793975e-28,6.812135253179397e-28,6.812135253179764e-28,6.812135253179561e-28,6.81213525317956e-28,6.812135253178636e-28,6.8121352531786325e-28,6.812135253178635e-28,6.812135253176802e-28,6.812135253176802e-28,6.812135253176806e-28,6.812135253180623e-28,6.812135253603438e-28,6.812135253601709e-28,6.812135253599768e-28,6.812135269420512e-28,6.8122368610648205e-28,6.812236861085825e-28,6.812236887217521e-28,6.812236887217437e-28,6.812236844431627e-28,6.812236844434506e-28,6.809737993520107e-28,6.8097379935201005e-28,6.809737993520102e-28,6.809948548435065e-28,6.8100203890129495e-28,6.81004714526903e-28,6.810047145269031e-28,6.803236162239885e-28,6.80323616223987e-28,6.803236162244271e-28,6.803236162245777e-28,6.8032361622457745e-28,6.803208118011855e-28,6.803204072889886e-28,6.803558944188395e-28,6.803558944188729e-28,6.803558944188129e-28,6.803558944188128e-28,6.8035589441881275e-28,6.803573969408184e-28,6.8026878870536305e-28,6.802687887030754e-28,6.802687887030754e-28,6.802690297491523e-28,6.802690297490843e-28,6.80269029749087e-28,6.802690297483163e-28,6.802690297483659e-28,6.802690297472297e-28,6.8026902974723e-28,6.8026902974722995e-28,6.802690297471118e-28,6.8026902974711175e-28,6.802690297468407e-28,6.8026902974684055e-28,6.802690297468408e-28,6.802690297450625e-28,6.8026902974506285e-28,6.802690296326253e-28,6.802518715654296e-28,6.802518715655373e-28,6.801661412646091e-28,6.801661412641779e-28,6.8016614126417795e-28,6.801661412645491e-28,6.801661412645507e-28,6.8017664271977215e-28,6.801766427197088e-28,6.801766427197089e-28,6.801766427197157e-28,6.800790001847068e-28,6.800681539802276e-28,6.800681539802078e-28,6.800681539797211e-28,6.800681539797209e-28,6.800681539797209e-28,6.800681539794521e-28,6.800673369414876e-28,6.800673369413462e-28,6.800673369413534e-28,6.800673369405253e-28,6.800673369405248e-28,6.800673369405251e-28,6.800673369397427e-28,6.800673369397181e-28,6.800673369397181e-28,6.80067334440884e-28,6.800673344408846e-28,6.800673344402252e-28,6.800673344423577e-28,6.800673344429966e-28,6.800673344384127e-28,6.800673344384126e-28,6.800673344384172e-28,6.800673344384174e-28,6.800637790304556e-28,6.821933761176519e-28,6.821933761176519e-28,6.822177868780053e-28,6.822177868780048e-28,6.8221786329405275e-28,6.8221786329405275e-28,6.822178632940528e-28,6.818253517150586e-28,6.818253517150431e-28,6.818253517162828e-28,6.818253517173261e-28,6.818253517173261e-28,6.8182535171732595e-28,6.818253516297889e-28,6.818253516434589e-28,6.818253516433595e-28,6.818253516433586e-28,6.818601824949845e-28,6.818601824951165e-28,6.8186039562185285e-28,6.818587812500063e-28,6.818587812500045e-28,6.818587812500044e-28,6.818587812500042e-28,6.818587812519984e-28,6.818587812519982e-28,6.818587812525718e-28,6.818587812525715e-28,6.8185878125257175e-28,6.818587812525718e-28,6.8185878125257175e-28,6.81858781252173e-28,6.818587812521729e-28,6.818587812521707e-28,6.818587812521631e-28,6.818587812521631e-28,6.818587812522175e-28,6.818587812522174e-28,6.8185878125207e-28,6.818587812555755e-28,6.818587812555754e-28,6.818587812549211e-28,6.8185878125491975e-28,6.8185878125496495e-28,6.818587812552399e-28,6.8185878125529005e-28,6.818587812552897e-28,6.818587812552899e-28,6.771494929227204e-28,6.771185274360209e-28,6.771185274368078e-28,6.771185274368078e-28,6.771185274368079e-28,6.771185274368119e-28,6.771185275172998e-28,6.771182501841372e-28,6.7711825018413725e-28,6.771258429900418e-28,6.771291849045596e-28,6.7710812091485835e-28,6.771081209148586e-28,6.770825348817643e-28,6.7708253488176455e-28,6.770825348816456e-28,6.77082534881646e-28,6.7708253488137775e-28,6.770840648395166e-28,6.770840648395167e-28,6.770840648395167e-28,6.770840648264428e-28,6.770840648264427e-28,6.770840648264426e-28,6.772555435191866e-28,6.772555435177877e-28,6.77255543517788e-28,6.772555435177546e-28,6.772555552099374e-28,6.772555552100472e-28,6.772555552100471e-28,6.772555552100713e-28,6.772555552097307e-28,6.772557857973062e-28,6.772748040115046e-28,6.771536267784448e-28,6.772439675334703e-28,6.772439675338543e-28,6.772439675336457e-28,6.772439675336455e-28,6.77243967533634e-28,6.772439675336339e-28,6.7724396753363375e-28,6.772439675337392e-28,6.771945806535319e-28,6.77179652491735e-28,6.77179652507476e-28,6.772093904515456e-28,6.772093904515456e-28,6.772093969461739e-28,6.772125911055215e-28,6.7722962364025205e-28,6.772236753759676e-28,6.7722367537596595e-28,6.772236753759741e-28,6.772236753615442e-28,6.772236753615444e-28,6.772236753615443e-28,6.772236753615444e-28,6.753153398283843e-28,6.7531533983719615e-28,6.75315339837196e-28,6.753153398371959e-28,6.75315340012965e-28,6.753153400129651e-28,6.753153400129649e-28,6.75315340012965e-28,6.753153400128027e-28,6.753153400128026e-28,6.753153400128027e-28,6.753153400128025e-28,6.753153400128028e-28,6.7531534001583565e-28,6.753153400158358e-28,6.753153400158114e-28,6.753153400158117e-28,6.741611536598171e-28,6.741649519902365e-28,6.741626313884678e-28,6.747004052626269e-28,6.747042480420219e-28,6.747042480439535e-28,6.747042480440876e-28,6.747042480430993e-28,6.747042480430994e-28,6.747042480430993e-28,6.747042480431134e-28,6.747042480431133e-28,6.747042480528218e-28,6.747042480528218e-28,6.747042480528094e-28,6.747042480521625e-28,6.747042480521971e-28,6.747042480535993e-28,6.747042480535994e-28,6.747042480535475e-28,6.747042480533933e-28,6.7470424805393135e-28,6.74704248063275e-28,6.7470424806327525e-28,6.74704248098013e-28,6.74704248189805e-28,6.747042481924599e-28,6.747042481925443e-28,6.747042481925444e-28,6.747042481933385e-28,6.747042481933384e-28,6.74704248193391e-28,6.74704248193391e-28,6.7470424819858795e-28,6.747042481985877e-28,6.747042481982462e-28,6.7470424819751175e-28,6.747042397261405e-28,6.74642771592427e-28,6.746427715923713e-28,6.746427715939186e-28,6.746427716096276e-28,6.746427716095693e-28,6.746427716095694e-28,6.746427716095834e-28,6.746427716095836e-28,6.746424492084033e-28,6.74642449208398e-28,6.746424492085377e-28,6.753750978294299e-28,6.752273463379415e-28,6.7522734633794145e-28,6.752273463379355e-28,6.7516757351589155e-28,6.751663490772491e-28,6.751663490772491e-28,6.75166349077249e-28,6.751663490772461e-28,6.7516634907724625e-28,6.751663490772464e-28,6.751663490772464e-28,6.751663492155026e-28,6.751663492152436e-28,6.751663492152433e-28,6.751663492152435e-28,6.751663492152434e-28,6.751663492150744e-28,6.7516634921204785e-28,6.751663492120481e-28,6.751663492120481e-28,6.75166349212048e-28,6.750861920469714e-28,6.750861920461937e-28,6.750861920461939e-28,6.75086192046194e-28,6.750861920461918e-28,6.750861920472956e-28,6.750861920473528e-28,6.740797506230662e-28,6.740797506230664e-28,6.740797506151067e-28,6.740797506151066e-28,6.740797506150702e-28,6.740797506083961e-28,6.740797506084275e-28,6.739540861124689e-28,6.739708151038854e-28,6.739708151039024e-28,6.739708151047704e-28,6.739708151047346e-28,6.739708778006936e-28,6.739708778004098e-28,6.739708778004147e-28,6.739708778004183e-28,6.739708786290826e-28,6.739708786290827e-28,6.739654986622962e-28,6.739654986622658e-28,6.739654986620971e-28,6.739654986620971e-28,6.739654986616924e-28,6.739655038969922e-28,6.739655038983718e-28,6.739655038923119e-28,6.7396550389231205e-28,6.7396550389231205e-28,6.7396550389231205e-28,6.739655038923121e-28,6.73965503892312e-28,6.739655038923116e-28,6.739655038923117e-28,6.739655038923009e-28,6.7396550389230075e-28,6.739651211149403e-28,6.739651211149401e-28,6.739650823975851e-28,6.739650823975379e-28,6.740166573585837e-28,6.740166573585833e-28,6.740166573585622e-28,6.74016657358561e-28,6.7401665735856085e-28,6.7401665735856085e-28,6.740166573583808e-28,6.740166573710803e-28,6.740166573710802e-28,6.740166573710413e-28,6.740164124943713e-28,6.740164124944118e-28,6.740768490860756e-28,6.740768490842052e-28,6.7407684908420455e-28,6.740768490841977e-28,6.7407684908419755e-28,6.741113104084109e-28,6.741113104084109e-28,6.741113103820758e-28,6.74082296526834e-28,6.740822965268338e-28,6.740682479465375e-28,6.740682479461881e-28,6.74068247946188e-28,6.7406824794621985e-28,6.7406824794621985e-28,6.74068247947474e-28,6.740682476958356e-28,6.740682476936538e-28,6.740682476936772e-28,6.740682476936773e-28,6.740681883766835e-28,6.740681883766837e-28,6.740681883773673e-28,6.7406818837656395e-28,6.740681883757116e-28,6.740694726896965e-28,6.740695074491892e-28,6.740695074491383e-28,6.740695074487621e-28,6.740695074455728e-28,6.74071245577143e-28,6.740714758059429e-28,6.740708885026413e-28,6.740708885026399e-28,6.7407088850264e-28,6.740709130192816e-28,6.750700529406236e-28,6.7507005719626025e-28,6.750700571962751e-28,6.7507005719376545e-28,6.750700571946432e-28,6.750725010332575e-28,6.750725010332573e-28,6.750725010332575e-28,6.750671404378399e-28,6.750671404378404e-28,6.750671404378473e-28,6.750671404378468e-28,6.7506714043785515e-28,6.750671404378678e-28,6.759042045507029e-28,6.759006934757998e-28,6.759006934757999e-28,6.759006945020902e-28,6.759006969543284e-28,6.758835009996673e-28,6.75809456813355e-28,6.758104033113435e-28,6.758104033113133e-28,6.758104033113132e-28,6.75810403311313e-28,6.758104033153294e-28,6.758104033153293e-28,6.758104033153293e-28,6.758104033153292e-28,6.758104033153289e-28,6.75810403315329e-28,6.758104033153712e-28,6.758104033153713e-28,6.7581040331817675e-28,6.758104033181768e-28,6.758104033181768e-28,6.758104033133977e-28,6.758104033133978e-28,6.758104033133979e-28,6.765383423331977e-28,6.765383423331974e-28,6.7653834233319745e-28,6.7653834233319745e-28,6.765383423109504e-28,6.76514878327484e-28,6.765148784308485e-28,6.765379264853034e-28,6.771558198122897e-28,6.7715581981228955e-28,6.771558447809608e-28,6.771386487898686e-28,6.771340284296233e-28,6.771340284296022e-28,6.771340284296023e-28,6.771533988533549e-28,6.771532625583525e-28,6.771532625583524e-28,6.771290584161492e-28,6.784270984039585e-28,6.784270984039584e-28,6.784270984039584e-28,6.784270984031512e-28,6.784270951029167e-28,6.784270951029166e-28,6.784216848988715e-28,6.784216849009831e-28,6.784216849779911e-28,6.784216849779911e-28,6.784216849779909e-28,6.78421684977991e-28,6.784214385298506e-28,6.784214385309202e-28,6.784214384722968e-28,6.784214384722964e-28,6.784214384723615e-28,6.784214384723614e-28,6.784214384723614e-28,6.784214384703007e-28,6.784214384718818e-28,6.78421438456406e-28,6.78421438456406e-28,6.784214384564062e-28,6.784214384564518e-28,6.7840733448421015e-28,6.784073344842106e-28,6.78403009228339e-28,6.784030092284455e-28,6.784030092284454e-28,6.783576086148158e-28,6.783576086148476e-28,6.7835295060027815e-28,6.7835295060025905e-28,6.783529506002592e-28,6.783529505940716e-28,6.784282519683304e-28,6.784693789607657e-28,6.78469378970688e-28,6.784693789706878e-28,6.784693789596823e-28,6.78469378951075e-28,6.785137646884977e-28,6.785175681062989e-28,6.784904396059534e-28,6.784902007675219e-28,6.784033301700569e-28,6.784033301700571e-28,6.784033301700977e-28,6.784034063111388e-28,6.784034063112111e-28,6.784034063112111e-28,6.784034063112112e-28,6.784034063112111e-28,6.784034063112111e-28,6.784034063112109e-28,6.784034063112108e-28,6.784034063112107e-28,6.784034063112066e-28,6.784034063112068e-28,6.784034063112067e-28,6.78403406311227e-28,6.7840340631122705e-28,6.784034063112278e-28,6.784034063112276e-28,6.7840340763049345e-28,6.784034076304934e-28,6.784034076304936e-28,6.784034076304937e-28,6.7840340763049345e-28,6.784034076304936e-28,6.7840340763050305e-28,6.784034076304871e-28,6.7840340763044135e-28,6.784034076304414e-28,6.784034076301217e-28,6.782005112294578e-28,6.782005112293641e-28,6.782002898342058e-28,6.775640711280825e-28,6.7756407112808235e-28,6.775640711280819e-28,6.775640711272625e-28,6.775640711272625e-28,6.775640711274094e-28,6.775640711274631e-28,6.775640711274629e-28,6.775640711274846e-28,6.775979671474779e-28,6.77597967179029e-28,6.775979671790284e-28,6.775979671789202e-28,6.77542407041503e-28,6.775424070417742e-28,6.775424070417742e-28,6.775424070417826e-28,6.775424070417897e-28,6.775424070417901e-28,6.775424070417901e-28,6.775284221061338e-28,6.775284221061337e-28,6.775232282337058e-28,6.775232282338066e-28,6.775232282324179e-28,6.775232282324179e-28,6.775232282324181e-28,6.7752322823241785e-28,6.775232282324177e-28,6.775232282324178e-28,6.775232282324181e-28,6.775232282345854e-28,6.775232282345856e-28,6.775232282345855e-28,6.775232282345931e-28,6.776527101961414e-28,6.776702712138279e-28,6.776702712990712e-28,6.776702712991525e-28,6.776702712991524e-28,6.776702712991879e-28,6.776702713268747e-28,6.776940930980227e-28,6.776430602502331e-28,6.776430602502331e-28,6.776430602502332e-28,6.776430602498245e-28,6.776430602498244e-28,6.776430602498245e-28,6.776430602498244e-28,6.7764306024985295e-28,6.77643060249853e-28,6.7764306024985295e-28,6.7764306024985295e-28,6.776430602498531e-28,6.776430602498524e-28,6.776430602498578e-28,6.776430602498639e-28,6.776430602498639e-28,6.776430602492904e-28,6.776429589168105e-28,6.776429589167924e-28,6.776429589167923e-28,6.776485120567983e-28,6.776485120567702e-28,6.776485120567702e-28,6.778500320531171e-28,6.778576369804469e-28,6.778568762513099e-28,6.778568762513004e-28,6.774887572989823e-28,6.774887573240899e-28,6.7748875732409e-28,6.774887573240593e-28,6.774887573240592e-28,6.77488757324059e-28,6.774887573240594e-28,6.774887573252015e-28,6.7748875732520115e-28,6.774887573252013e-28,6.774887573252013e-28,6.774887573252013e-28,6.774887573250635e-28,6.774887573205073e-28,6.774887573206996e-28,6.774887573207304e-28,6.7748875732073035e-28,6.774887573207692e-28,6.774760974843196e-28,6.774760974843196e-28,6.774760974843141e-28,6.774760974843232e-28,6.7747609748429455e-28,6.774760974842179e-28,6.7747609748421805e-28,6.774760974840423e-28,6.774760974840762e-28,6.7747609748407635e-28,6.774776285825174e-28,6.775932987602597e-28,6.775932987602626e-28,6.775932987602626e-28,6.775928703781614e-28,6.775928703781614e-28,6.775928703787914e-28,6.7759287037860445e-28,6.775928703786044e-28,6.775928703786896e-28,6.775928895975411e-28,6.775928895974338e-28,6.775928895974337e-28,6.775928895974335e-28,6.775928895971434e-28,6.777660727026546e-28,6.7776607270265e-28,6.762998341818799e-28,6.762998341818804e-28,6.762998341818804e-28,6.762998341818804e-28,6.762998341807211e-28,6.762998341803532e-28,6.762998341824141e-28,6.761805089464037e-28,6.760154596313526e-28,6.760154596313527e-28,6.760154596313527e-28,6.760154596313527e-28,6.760154596313524e-28,6.760154596955304e-28,6.760154596955737e-28,6.760154597220933e-28,6.7601545972225365e-28,6.760154597222726e-28,6.760154597208674e-28,6.759621089847308e-28,6.759621089832511e-28,6.759621089840211e-28,6.759621089840211e-28,6.759621089840514e-28,6.759618764364809e-28,6.759618764364735e-28,6.7616378630406285e-28,6.7616378630405765e-28,6.761637863039872e-28,6.761545580168074e-28,6.761555845524359e-28,6.761555845524357e-28,6.761382839735526e-28,6.761382839735524e-28,6.761382839735666e-28,6.761382839736266e-28,6.761379409817368e-28,6.76137940981726e-28,6.761379409814625e-28,6.753035919107446e-28,6.75389841464543e-28,6.753898414645429e-28,6.753898336870628e-28,6.7538983368705985e-28,6.7538983368705985e-28,6.7538983368706e-28,6.7538983368705985e-28,6.7538983368706855e-28,6.753898336870687e-28,6.753898336869863e-28,6.7538868499507265e-28,6.75388684995073e-28,6.753886849950496e-28,6.753225349986178e-28,6.7525647843085325e-28,6.75256478430658e-28,6.752564784306428e-28,6.752564784214264e-28,6.752564783521055e-28,6.752564783521052e-28,6.752564783521052e-28,6.752564783524304e-28,6.752564783524304e-28,6.752564783523159e-28,6.752564783522443e-28,6.752564783522444e-28,6.752564783492765e-28,6.752564783493098e-28,6.752564783493095e-28,6.752564783493093e-28,6.752564783493094e-28,6.752564783494353e-28,6.752564783495794e-28,6.752564783495792e-28,6.752564783497639e-28,6.752564783497636e-28,6.752564783497636e-28,6.752564783497634e-28,6.752564783500767e-28,6.75701665621882e-28,6.757016656218821e-28,6.757016656218822e-28,6.75701665621882e-28,6.757016656190977e-28,6.756864633151287e-28,6.756971543826645e-28,6.756499267667614e-28,6.756499267667225e-28,6.756499267667225e-28,6.757576282809764e-28,6.757576282809764e-28,6.757576282809763e-28,6.757576282811201e-28,6.755649821456699e-28,6.755649821457045e-28,6.752910107666921e-28,6.752910107666844e-28,6.75291010766684e-28,6.752910107667225e-28,6.752910107667224e-28,6.752910107668289e-28,6.752916967751096e-28,6.752982348103266e-28,6.752982348106113e-28,6.753066551528355e-28,6.753066551528353e-28,6.7530665515283525e-28,6.75306655152835e-28,6.753066551528349e-28,6.7416863949362705e-28,6.741686394935494e-28,6.741686394931113e-28,6.741686394832603e-28,6.741686394837935e-28,6.741698331846639e-28,6.741698331846637e-28,6.741698331846636e-28,6.741698331857435e-28,6.741698331863763e-28,6.741698331857153e-28,6.74169833185715e-28,6.741698332842389e-28,6.741698332781015e-28,6.741698332781314e-28,6.741698330262605e-28,6.741698330262604e-28,6.741698287973559e-28,6.741698287973559e-28,6.741749528733063e-28,6.741749528737071e-28,6.742281089960498e-28,6.740992796723176e-28,6.740992796723175e-28,6.740992796723176e-28,6.740992796724038e-28,6.740992796724039e-28,6.740992796724039e-28,6.74099115203377e-28,6.740991152033776e-28,6.740991152033889e-28,6.741639240108618e-28,6.744792374570938e-28,6.7447923745709315e-28,6.744792374570933e-28,6.747945335002284e-28,6.747945334987988e-28,6.747832864053925e-28,6.747832864053925e-28,6.747832864053594e-28,6.7478328640535945e-28,6.747832864054376e-28,6.747832864054374e-28,6.747832864054375e-28,6.745899778914971e-28,6.745899778914974e-28,6.745006905819689e-28,6.745006905819688e-28,6.745006905819678e-28,6.745006905819492e-28,6.735882863492123e-28,6.7331367987407585e-28,6.733133872858646e-28,6.733133872788819e-28,6.733133872789033e-28,6.732959936662458e-28,6.732959936663746e-28,6.732959936663507e-28,6.732959936663506e-28,6.732602126232826e-28,6.732621563590011e-28,6.732621563589118e-28,6.732735693244531e-28,6.732735693238154e-28,6.732735693238154e-28,6.731531919137201e-28,6.73153191917672e-28,6.73153191917672e-28,6.731531919176718e-28,6.731531919217455e-28,6.7315319192048415e-28,6.7315319192048415e-28,6.731531919217216e-28,6.73153191916905e-28,6.731531919169061e-28,6.7315319191690615e-28,6.7315319191690615e-28,6.731531919169061e-28,6.731531919169062e-28,6.731531919227928e-28,6.7315319192165685e-28,6.7315319192165685e-28,6.731531919216687e-28,6.731531919216687e-28,6.731734358702408e-28,6.731733447984616e-28,6.732245741973669e-28,6.733224425968963e-28,6.733224425968964e-28,6.733224425968965e-28,6.733224425968964e-28,6.733224425968966e-28,6.73272651998786e-28,6.732726519987861e-28,6.732725941689765e-28,6.732727119345822e-28,6.732727119345853e-28,6.732727119345957e-28,6.733063274212766e-28,6.733063274212769e-28,6.733063097285776e-28,6.7356076866267835e-28,6.735521965308498e-28,6.735521965308499e-28,6.736960553187014e-28,6.737085640794299e-28,6.737085640791147e-28,6.736979416142637e-28,6.742027546197205e-28,6.742027546202402e-28,6.725626429290723e-28,6.725556151161917e-28,6.725556151161921e-28,6.710991566256648e-28,6.710980727065114e-28,6.710980727069523e-28,6.712018672206198e-28,6.712018672206199e-28,6.71474061671806e-28,6.714740616718497e-28,6.714740616719355e-28,6.714732715036191e-28,6.715153320105978e-28,6.715153320111565e-28,6.715153320111563e-28,6.715171517482381e-28,6.715062399218121e-28,6.715062399218654e-28,6.716057187591983e-28,6.716057187607612e-28,6.7160571876345495e-28,6.716057187705232e-28,6.71605718782644e-28,6.716057187932368e-28,6.71605718793739e-28,6.716055828667267e-28,6.716055828667266e-28,6.716055898561857e-28,6.716055898561812e-28,6.716054269452312e-28,6.716054270474178e-28,6.716054270474478e-28,6.716054270474481e-28,6.716054270474479e-28,6.716054270474225e-28,6.7165076793147765e-28,6.716507912923643e-28,6.716416394238404e-28,6.716416394238404e-28,6.716416394239244e-28,6.716416394239241e-28,6.716416394210409e-28,6.7164163942394655e-28,6.71641639423773e-28,6.716244340909201e-28,6.716244340908805e-28,6.716243608168532e-28,6.7234930977313415e-28,6.723493097691341e-28,6.720021091631449e-28,6.7196262475549545e-28,6.719626247555073e-28,6.719626247919333e-28,6.71963126888602e-28,6.719631268893862e-28,6.719606340291624e-28,6.719639357532578e-28,6.71963935753258e-28,6.719639389060037e-28,6.719639389058817e-28,6.7185074846242905e-28,6.718507484624263e-28,6.718507484624263e-28,6.718507484624265e-28,6.718101750551791e-28,6.717887715726987e-28,6.7178877157267645e-28,6.717833997183751e-28,6.717833997183751e-28,6.717833997183752e-28,6.717833997183752e-28,6.717833997185246e-28,6.717833997183258e-28,6.717833997183259e-28,6.7177224256156115e-28,6.717722425615587e-28,6.717722425604733e-28,6.717722425604622e-28,6.71764073225666e-28,6.717640732222406e-28,6.717640732222408e-28,6.7176407322226454e-28,6.717640732234438e-28,6.717640732215045e-28,6.717640732215043e-28,6.717640732207332e-28,6.717640732207331e-28,6.717640732206131e-28,6.717640732126714e-28,6.717640732126715e-28,6.717640732126181e-28,6.717640732126177e-28,6.717640732125845e-28,6.717640732125825e-28,6.71764073212986e-28,6.717640732251967e-28,6.717640732251972e-28,6.717640732251971e-28,6.71764073225197e-28,6.717640732126753e-28,6.717308298729238e-28,6.718776491730574e-28,6.718776491730576e-28,6.718776491979423e-28,6.718776491979423e-28,6.718776491979422e-28,6.718776695766662e-28,6.714049145322707e-28,6.7140491453226275e-28,6.714049145324634e-28,6.714049145324633e-28,6.714049145324633e-28,6.711995588555815e-28,6.711995588556151e-28,6.7119955885551085e-28,6.7119922750655035e-28,6.711992996444943e-28,6.71199299644484e-28,6.71199299644484e-28,6.71199299644484e-28,6.7118393517400495e-28,6.7118269399184895e-28,6.71182693991849e-28,6.711826939918493e-28,6.711826939918491e-28,6.7118269399184805e-28,6.71182693991654e-28,6.711888770612298e-28,6.711888770613484e-28,6.711888770613059e-28,6.711745636146382e-28,6.711910529716578e-28,6.709408324641882e-28,6.709408321241727e-28,6.709406240532509e-28,6.7078633030425e-28,6.700995189170607e-28,6.700995189170611e-28,6.7009951891706465e-28,6.7009951892518295e-28,6.700995399043027e-28,6.700995399116179e-28,6.7009953993375705e-28,6.700995399337475e-28,6.700994999109825e-28,6.700994999111728e-28,6.700994999111717e-28,6.700994999111791e-28,6.700994999140128e-28,6.70099499914176e-28,6.700994999284486e-28,6.700994999284487e-28,6.700957060292773e-28,6.700957060305417e-28,6.700957060305416e-28,6.700957060305417e-28,6.700957060305413e-28,6.700957060250376e-28,6.70095706024953e-28,6.700957060249531e-28,6.700957060457752e-28,6.7009570604554825e-28,6.700957060455476e-28,6.700957060455462e-28,6.700957060449769e-28,6.700957060449755e-28,6.700957060449756e-28,6.700957060657531e-28,6.700957060657535e-28,6.700957060657531e-28,6.701202976169099e-28,6.701202976169126e-28,6.701202976168988e-28,6.70120297616904e-28,6.701203008921674e-28,6.701203008925132e-28,6.701973688399165e-28,6.701973688757156e-28,6.7019736858824325e-28,6.701973685890818e-28,6.7019736858909174e-28,6.701973685890915e-28,6.701973685890886e-28,6.699940628973015e-28,6.699940628973017e-28,6.6999406289730165e-28,6.696788321783409e-28,6.696788321862173e-28,6.696953865567832e-28,6.699258060758786e-28,6.699258060758789e-28,6.699257924425428e-28,6.699257924426206e-28,6.699154009273049e-28,6.6991540080610625e-28,6.699154008061077e-28,6.6991540080576645e-28,6.699154008060311e-28,6.699154008060312e-28,6.705112265769318e-28,6.705112265769313e-28,6.705027391067366e-28,6.705027391074803e-28,6.705075381728179e-28,6.705075381725446e-28,6.705085726010563e-28,6.705085726134862e-28,6.705085726134681e-28,6.7057244469172535e-28,6.705634680290681e-28,6.7056346802907135e-28,6.705634680269162e-28,6.705634680269786e-28,6.70565330855655e-28,6.705653308556549e-28,6.70632186873101e-28,6.70632186873338e-28,6.706321868726607e-28,6.7063217669755e-28,6.706842301321859e-28,6.706842301321861e-28,6.708140013520436e-28,6.708140013518523e-28,6.708136120392264e-28,6.7081361203910845e-28,6.708136120335475e-28,6.708136120335474e-28,6.7081361203348075e-28,6.7081361203347285e-28,6.708874135380501e-28,6.708873607888496e-28,6.708873607873073e-28,6.708873607873071e-28,6.708873607874004e-28,6.708873608319315e-28,6.708873610070666e-28,6.708873610070668e-28,6.708873610072028e-28,6.708873610058413e-28,6.708873610058413e-28,6.70887361005841e-28,6.708873610058416e-28,6.708873610066965e-28,6.708873609958685e-28,6.70887360975544e-28,6.708873609755445e-28,6.708873609725035e-28,6.708873609724863e-28,6.7088736097248635e-28,6.708873609724616e-28,6.7088736098222325e-28,6.7088736098255095e-28,6.708873609825524e-28,6.708873609825477e-28,6.708873609825476e-28,6.708873609825476e-28,6.7089188463036155e-28,6.709222607905098e-28,6.709220722361259e-28,6.709220722361258e-28,6.709326301168506e-28,6.709326301168505e-28,6.70841232992976e-28,6.708314886123029e-28,6.708314886767286e-28,6.708314886769106e-28,6.708314899391091e-28,6.706115062565797e-28,6.706115062565798e-28,6.7061150625655895e-28,6.706115062569383e-28,6.705644263144999e-28,6.705644255277522e-28,6.7056428235672805e-28,6.720929979787165e-28,6.720929979786193e-28,6.721989221778846e-28,6.721989221778843e-28,6.721989221778846e-28,6.72198922177585e-28,6.721021189304674e-28,6.721021189304424e-28,6.72069280361737e-28,6.720693696456274e-28,6.720693696456279e-28,6.720727632255255e-28,6.720727632255028e-28,6.722274904510715e-28,6.722022667695931e-28,6.722022667695931e-28,6.726535206989863e-28,6.726535207032335e-28,6.726535207033279e-28,6.726535207053251e-28,6.726428498299431e-28,6.726767259891874e-28,6.726660750544823e-28,6.726660391812034e-28,6.726660391802305e-28,6.726660236705281e-28,6.726072417221908e-28,6.726072417222828e-28,6.726072502805136e-28,6.726072502805139e-28,6.726070951822875e-28,6.717996027663344e-28,6.717996027663565e-28,6.717567476699041e-28,6.71756747669904e-28,6.717567476223455e-28,6.7175674762666845e-28,6.718021765603031e-28,6.718203188099966e-28,6.718508346705032e-28,6.7185083467050375e-28,6.719135105006662e-28,6.719135105005204e-28,6.719562908795681e-28,6.719563608064043e-28,6.719809152676066e-28,6.719809152676068e-28,6.7218817180151e-28,6.7218817180151e-28,6.721881718015101e-28,6.721881718015098e-28,6.721881717764713e-28,6.721881717764713e-28,6.721881717764713e-28,6.721881717746269e-28,6.72188171773136e-28,6.72188171773146e-28,6.721881717685141e-28,6.721881717729798e-28,6.721881717729865e-28,6.7218817177273115e-28,6.72188171772731e-28,6.721881717734702e-28,6.72188171771654e-28,6.7218817183118615e-28,6.721881718311858e-28,6.721881718213583e-28,6.721881718213586e-28,6.721881718214281e-28,6.721881718214278e-28,6.721881718214278e-28,6.721881718214134e-28,6.721881718226094e-28,6.721881718226096e-28,6.721881718226096e-28,6.721881718119992e-28,6.721881718120387e-28,6.7218817181198016e-28,6.721881717798228e-28,6.721881717798227e-28,6.721881717798226e-28,6.721881717864083e-28,6.725530331267465e-28,6.725540566003052e-28,6.725540566003053e-28,6.725302218507853e-28,6.725302218506213e-28,6.725302218506214e-28,6.725302142255055e-28,6.725302142255062e-28,6.725302142254786e-28,6.725448821270739e-28,6.725449051443535e-28,6.725449051434094e-28,6.725449051434092e-28,6.725502995090604e-28,6.725571692532988e-28,6.725571692533087e-28,6.725571692533085e-28,6.725571692533086e-28,6.7254446956115535e-28,6.725444695611356e-28,6.727098666920984e-28,6.727098666920988e-28,6.727098666920925e-28,6.727098666920929e-28,6.726992721456698e-28,6.726992721456759e-28,6.726992721456758e-28,6.726456652617369e-28,6.726456652617397e-28,6.726537136013238e-28,6.726537136013237e-28,6.726537136013237e-28,6.72653718132039e-28,6.733952269781248e-28,6.733952269783005e-28,6.73395226977906e-28,6.733952272861066e-28,6.733952272851538e-28,6.733952272851539e-28,6.733952272851463e-28,6.732148804863585e-28,6.73403800854384e-28,6.734063919469312e-28,6.734063919469367e-28,6.734063919469235e-28,6.734037844600567e-28,6.733504005008201e-28,6.733504005008056e-28,6.733504005007968e-28,6.733504005007967e-28,6.734934870587694e-28,6.734734595558623e-28,6.734734595558625e-28,6.734734595253747e-28,6.734889066793871e-28,6.734889066783186e-28,6.73510653410504e-28,6.735106476811201e-28,6.735106476811204e-28,6.7351064768113395e-28,6.741333505859277e-28,6.741333505860224e-28,6.741329897008054e-28,6.74132989700811e-28,6.741329897008111e-28,6.74192546268476e-28,6.741925462684523e-28,6.741925462672123e-28,6.741925462672119e-28,6.727554357376921e-28,6.727598159160375e-28,6.727598159160378e-28,6.727598159160377e-28,6.727598159160376e-28,6.727598159160378e-28,6.72760032014727e-28,6.727600320147271e-28,6.727600320146456e-28,6.727600320146456e-28,6.727600320151989e-28,6.727600320097278e-28,6.727461089355433e-28,6.727461089355432e-28,6.7274610893574075e-28,6.727461089073047e-28,6.727461089073046e-28,6.722050728183686e-28,6.722050728186563e-28,6.722050728186562e-28,6.722050728111196e-28,6.722050728111196e-28,6.722050728111192e-28,6.722050728111193e-28,6.722050728110077e-28,6.722050728110078e-28,6.722050728110079e-28,6.722050728110077e-28,6.722050728110073e-28,6.722050728110074e-28,6.722050728219717e-28,6.722052996300042e-28,6.7220529963000415e-28,6.722052996298088e-28,6.722052996226169e-28,6.7220529959191655e-28,6.722052995919167e-28,6.722052995919165e-28,6.722052995920589e-28,6.722052995920587e-28,6.722052995920576e-28,6.722052995920297e-28,6.7149766812933485e-28,6.714976681230322e-28,6.714976681230225e-28,6.714976681235117e-28,6.714976681165947e-28,6.714976681165947e-28,6.714976681165946e-28,6.714976682242316e-28,6.71497668223202e-28,6.714976682229819e-28,6.714929637821554e-28,6.7149296378215515e-28,6.7149296378215595e-28,6.714927489006688e-28,6.7154982234817e-28,6.715498223481699e-28,6.715498223481701e-28,6.715498223481709e-28,6.715498223481707e-28,6.715498223505186e-28,6.715498223505164e-28,6.715498223505145e-28,6.715498223507202e-28,6.715498223507203e-28,6.715496512416426e-28,6.715496724819987e-28,6.715496724819985e-28,6.715496724818796e-28,6.715496724818794e-28,6.715496724811458e-28,6.715496724811455e-28,6.715518048382631e-28,6.71551781851608e-28,6.715517818623142e-28,6.715567281718012e-28,6.715567281612185e-28,6.702349800110833e-28,6.70234980011144e-28,6.7034583483315565e-28,6.704953126471674e-28,6.704953126471669e-28,6.7046015159111e-28,6.704042508301759e-28,6.704042398855363e-28,6.70404239885536e-28,6.70404239885627e-28,6.704042398856278e-28,6.70404239878603e-28,6.704042398754454e-28,6.704042398755507e-28,6.705023576093705e-28,6.705023576093705e-28,6.714770322987955e-28,6.714317926169603e-28,6.714317926101943e-28,6.7143047710227165e-28,6.714810181065211e-28,6.714808574070981e-28,6.714808574070981e-28,6.714935935716642e-28,6.715484684879869e-28,6.715495806305772e-28,6.715495806343566e-28,6.715574386068034e-28,6.715574386160162e-28,6.715574194251856e-28,6.715574194278396e-28,6.715574194278908e-28,6.716831464671528e-28,6.720062475794829e-28,6.7202452185326055e-28,6.720242096403272e-28,6.720242096403269e-28,6.7201149918573645e-28,6.719927516802139e-28,6.714072593609513e-28,6.714072593609517e-28,6.714072593609086e-28,6.713593684805844e-28,6.713593684815307e-28,6.713432828176812e-28,6.7134328281767025e-28,6.713432828176701e-28,6.713431802866472e-28,6.713569121625952e-28,6.713569121625959e-28,6.714777833897033e-28,6.714777833897035e-28,6.714777833897037e-28,6.714771296050409e-28,6.7147712960507315e-28,6.714771296200048e-28,6.714771296200049e-28,6.7147712961968585e-28,6.714619763768257e-28,6.716072429926051e-28,6.716072429924124e-28,6.7160724299238e-28,6.716072429923803e-28,6.716072429923808e-28,6.716072429878911e-28,6.716072430031467e-28,6.716072430031468e-28,6.716058260446872e-28,6.716058260446871e-28,6.716058263956483e-28,6.716058263956484e-28,6.716664711608838e-28,6.716664711611615e-28,6.714206175755376e-28,6.715973226787471e-28,6.715973226787472e-28,6.715973226793578e-28,6.704709117456865e-28,6.705854593775928e-28,6.705854593775928e-28,6.7058231411789155e-28,6.705823141183458e-28,6.705823141183455e-28,6.705823141184533e-28,6.70582314046687e-28,6.705823140466868e-28,6.70582314046442e-28,6.705823140472275e-28,6.705823140472146e-28,6.705823140472146e-28,6.70582314044898e-28,6.705823140658614e-28,6.705823140658614e-28,6.705823140658614e-28,6.705840705941367e-28,6.705840705941368e-28,6.705840705941367e-28,6.705840705941368e-28,6.70584070594131e-28,6.705840705880412e-28,6.705840705880414e-28,6.705840705880412e-28,6.70584070590488e-28,6.705840705942687e-28,6.705840705942695e-28,6.705840705918597e-28,6.7058407059186e-28,6.705840705887874e-28,6.705840705919721e-28,6.705840705919724e-28,6.705840705919723e-28,6.7145627970531515e-28,6.71456279705657e-28,6.714525814864321e-28,6.714525814863961e-28,6.7145258131505305e-28,6.714526157868178e-28,6.71452615786818e-28,6.714526157916365e-28,6.714526157916366e-28,6.714526157916368e-28,6.71452615791637e-28,6.714526157916371e-28,6.7145261579163735e-28,6.714526157914445e-28,6.714526157914442e-28,6.714526157914931e-28,6.71452615791493e-28,6.714526157914932e-28,6.71452615791493e-28,6.714526157780439e-28,6.715562021065859e-28,6.715562020866078e-28,6.715462791085546e-28,6.715462791085545e-28,6.715462791085547e-28,6.715462791085545e-28,6.715466416058958e-28,6.715466416058959e-28,6.715465666920137e-28,6.715465666920141e-28,6.715465666920141e-28,6.715465666920147e-28,6.715465666920148e-28,6.715486414716908e-28,6.715486414717625e-28,6.715486414717624e-28,6.7154864158288e-28
3,0.09027684884714632,0.09027684884714632,0.09027684884714632,0.09027684884714632,0.09027684884714632,0.09027684884714632,0.09027684884714632,0.09027684884714632,0.09027684884714632,0.09027684884714632,0.09027684884714632,0.09027684884714632,0.09027684884714632,0.09027684884714632,0.09027684884714632,0.09027684884714632,0.09027684884714632,0.09027684884714632,0.09027684884714632,0.09027684884714632,0.09027684884714632,0.09027684884714632,0.09027684884714632,0.09027684884714632,0.09027684884714632,0.09027684884714632,0.09027684884714632,0.09027684884714632,0.09027684884714632,0.09027684884714632,0.09027684884714632,0.09027684884714632,0.09027684884714632,0.09027684884714632,0.09027684884714632,0.09027684884714632,0.09027684884714632,0.09027684884714632,0.09027684884714632,0.09027684884714632,0.09027684884714632,0.09027684884714632,0.09027684884714632,0.09027684884714632,0.09027684884714632,0.09027684884714632,0.09027684884714632,0.09027684884714632,0.09027684884714632,0.09027684884714632,0.09027684884714632,0.09027684884714632,0.09027684884714632,0.09027684884714632,0.09027684884714632,0.09027684884714632,0.09027684884714632,0.09027684884714632,0.09027684884714632,0.09027684884714632,0.09027684884714632,0.09027684884714632,0.09027684884714632,0.09027684884714632,0.09027684884714632,0.09027684884714632,0.09027684884714632,0.09027684884714632,0.09027684884714632,0.09027684884714632,0.09027684884714632,0.09027684884714632,0.09027684884714632,0.09027684884714632,0.09027684884714632,0.09027684884714632,0.09027684884714632,0.09027684884714632,0.09027684884714632,0.09027684884714632,0.09027684884714632,0.09027684884714632,0.09027684884714632,0.09027684884714632,0.09027684884714632,0.09027684884714632,0.09027684884714632,0.09027684884714632,0.09027684884714632,0.09027684884714632,0.09027684884714632,0.09027684884714632,0.09027684884714632,0.09027684884714632,0.09027684884714632,0.09027684884714632,0.09027684884714632,0.09027684884714632,0.09027684884714632,0.09027684884714632,0.09027684884714632,0.09027684884714632,0.09027684884714632,0.09027684884714632,0.09027684884714632,0.09027684884714632,0.09027684884714632,0.09027684884714632,0.09027684884714632,0.09027684884714632,0.09027684884714632,0.09027684884714632,0.09027684884714632,0.09027684884714632,0.09027684884714632,0.09027684884714632,0.09027684884714632,0.09027684884714632,0.09027684884714632,0.09027684884714632,0.09027684884714632,0.09027684884714632,0.09027684884714632,0.09027684884714632,0.09027684884714632,0.09027684884714632,0.09027684884714632,0.09027684884714632,0.09027684884714632,0.09027684884714632,0.09027684884714632,0.09027684884714632,0.09027684884714632,0.09027684884714632,0.09027684884714632,0.09027684884714632,0.09027684884714632,0.09027684884714632,0.09027684884714632,0.09027684884714632,0.09027684884714632,0.09027684884714632,0.09027684884714632,0.09027684884714632,0.09027684884714632,0.09027684884714632,0.09027684884714632,0.09027684884714632,0.09027684884714632,0.09027684884714632,0.09027684884714632,0.09027684884714632,0.09027684884714632,0.09027684884714632,0.09027684884714632,0.09027684884714632,0.09027684884714632,0.09027684884714632,0.09027684884714632,0.09027684884714632,0.09027684884714632,0.09027684884714632,0.09027684884714632,0.09027684884714632,0.09027684884714632,0.09027684884714632,0.09027684884714632,0.09027684884714632,0.09027684884714632,0.09027684884714632,0.09027684884714632,0.09027684884714632,0.09027684884714632,0.09027684884714632,0.09027684884714632,0.09027684884714632,0.09027684884714632,0.09027684884714632,0.09027684884714632,0.09027684884714632,0.09027684884714632,0.09027684884714632,0.09027684884714632,0.09027684884714632,0.09027684884714632,0.09027684884714632,0.09027684884714632,0.09027684884714632,0.09027684884714632,0.09027684884714632,0.09027684884714632,0.09027684884714632,0.09027684884714632,0.09027684884714632,0.09027684884714632,0.09027684884714632,0.09027684884714632,0.09027684884714632,0.09027684884714632,0.09027684884714632,0.09027684884714632,0.09027684884714632,0.09027684884714632,0.09027684884714632,0.09027684884714632,0.09027684884714632,0.09027684884714632,0.09027684884714632,0.09027684884714632,0.09027684884714632,0.09027684884714632,0.09027684884714632,0.09027684884714632,0.09027684884714632,0.09027684884714632,0.09027684884714632,0.09027684884714632,0.09027684884714632,0.09027684884714632,0.09027684884714632,0.09027684884714632,0.09027684884714632,0.09027684884714632,0.09027684884714632,0.09027684884714632,0.09027684884714632,0.09027684884714632,0.09027684884714632,0.09027684884714632,0.09027684884714632,0.09027684884714632,0.09027684884714632,0.09027684884714632,0.09027684884714632,0.09027684884714632,0.09027684884714632,0.09027684884714632,0.09027684884714632,0.09027684884714632,0.09027684884714632,0.09027684884714632,0.09027684884714632,0.09027684884714632,0.09027684884714632,0.09027684884714632,0.09027684884714632,0.09027684884714632,0.09027684884714632,0.09027684884714632,0.09027684884714632,0.09027684884714632,0.09027684884714632,0.09027684884714632,0.09027684884714632,0.09027684884714632,0.09027684884714632,0.09027684884714632,0.09027684884714632,0.09027684884714632,0.09027684884714632,0.09027684884714632,0.09027684884714632,0.09027684884714632,0.09027684884714632,0.09027684884714632,0.09027684884714632,0.09027684884714632,0.09027684884714632,0.09027684884714632,0.09027684884714632,0.09027684884714632,0.09027684884714632,0.09027684884714632,0.09027684884714632,0.09027684884714632,0.09027684884714632,0.09027684884714632,0.09027684884714632,0.09027684884714632,0.09027684884714632,0.09027684884714632,0.09027684884714632,0.09027684884714632,0.09027684884714632,0.09027684884714632,0.09027684884714632,0.09027684884714632,0.09027684884714632,0.09027684884714632,0.09027684884714632,0.09027684884714632,0.09027684884714632,0.09027684884714632,0.09027684884714632,0.09027684884714632,0.09027684884714632,0.09027684884714632,0.09027684884714632,0.09027684884714632,0.09027684884714632,0.09027684884714632,0.09027684884714632,0.09027684884714632,0.09027684884714632,0.09027684884714632,0.09027684884714632,0.09027684884714632,0.09027684884714632,0.09027684884714632,0.09027684884714632,0.09027684884714632,0.09027684884714632,0.09027684884714632,0.09027684884714632,0.09027684884714632,0.09027684884714632,0.09027684884714632,0.09027684884714632,0.09027684884714632,0.09027684884714632,0.09027684884714632,0.09027684884714632,0.09027684884714632,0.09027684884714632,0.09027684884714632,0.09027684884714632,0.09027684884714632,0.09027684884714632,0.09027684884714632,0.09027684884714632,0.09027684884714632,0.09027684884714632,0.09027684884714632,0.09027684884714632,0.09027684884714632,0.09027684884714632,0.09027684884714632,0.09027684884714632,0.09027684884714632,0.09027684884714632,0.09027684884714632,0.09027684884714632,0.09027684884714632,0.09027684884714632,0.09027684884714632,0.09027684884714632,0.09027684884714632,0.09027684884714632,0.09027684884714632,0.09027684884714632,0.09027684884714632,0.09027684884714632,0.09027684884714632,0.09027684884714632,0.09027684884714632,0.09027684884714632,0.09027684884714632,0.09027684884714632,0.09027684884714632,0.09027684884714632,0.09027684884714632,0.09027684884714632,0.09027684884714632,0.09027684884714632,0.09027684884714632,0.09027684884714632,0.09027684884714632,0.09027684884714632,0.09027684884714632,0.09027684884714632,0.09027684884714632,0.09027684884714632,0.09027684884714632,0.09027684884714632,0.09027684884714632,0.09027684884714632,0.09027684884714632,0.09027684884714632,0.09027684884714632,0.09027684884714632,0.09027684884714632,0.09027684884714632,0.09027684884714632,0.09027684884714632,0.09027684884714632,0.09027684884714632,0.09027684884714632,0.09027684884714632,0.09027684884714632,0.09027684884714632,0.09027684884714632,0.09027684884714632,0.09027684884714632,0.09027684884714632,0.09027684884714632,0.09027684884714632,0.09027684884714632,0.09027684884714632,0.09027684884714632,0.09027684884714632,0.09027684884714632,0.09027684884714632,0.09027684884714632,0.09027684884714632,0.09027684884714632,0.09027684884714632,0.09027684884714632,0.09027684884714632,0.09027684884714632,0.09027684884714632,0.09027684884714632,0.09027684884714632,0.09027684884714632,0.09027684884714632,0.09027684884714632,0.09027684884714632,0.09027684884714632,0.09027684884714632,0.09027684884714632,0.09027684884714632,0.09027684884714632,0.09027684884714632,0.09027684884714632,0.09027684884714632,0.09027684884714632,0.09027684884714632,0.09027684884714632,0.09027684884714632,0.09027684884714632,0.09027684884714632,0.09027684884714632,0.09027684884714632,0.09027684884714632,0.09027684884714632,0.09027684884714632,0.09027684884714632,0.09027684884714632,0.09027684884714632,0.09027684884714632,0.09027684884714632,0.09027684884714632,0.09027684884714632,0.09027684884714632,0.09027684884714632,0.09027684884714632,0.09027684884714632,0.09027684884714632,0.09027684884714632,0.09027684884714632,0.09027684884714632,0.09027684884714632,0.09027684884714632,0.09027684884714632,0.09027684884714632,0.09027684884714632,0.09027684884714632,0.09027684884714632,0.09027684884714632,0.09027684884714632,0.09027684884714632,0.09027684884714632,0.09027684884714632,0.09027684884714632,0.09027684884714632,0.09027684884714632,0.09027684884714632,0.09027684884714632,0.09027684884714632,0.09027684884714632,0.09027684884714632,0.09027684884714632,0.09027684884714632,0.09027684884714632,0.09027684884714632,0.09027684884714632,0.09027684884714632,0.09027684884714632,0.09027684884714632,0.09027684884714632,0.09027684884714632,0.09027684884714632,0.09027684884714632,0.09027684884714632,0.09027684884714632,0.09027684884714632,0.09027684884714632,0.09027684884714632,0.09027684884714632,0.09027684884714632,0.09027684884714632,0.09027684884714632,0.09027684884714632,0.09027684884714632,0.09027684884714632,0.09027684884714632,0.09027684884714632,0.09027684884714632,0.09027684884714632,0.09027684884714632,0.09027684884714632,0.09027684884714632,0.09027684884714632,0.09027684884714632,0.09027684884714632,0.09027684884714632,0.09027684884714632,0.09027684884714632,0.09027684884714632,0.09027684884714632,0.09027684884714632,0.09027684884714632,0.09027684884714632,0.09027684884714632,0.09027684884714632,0.09027684884714632,0.09027684884714632,0.09027684884714632,0.09027684884714632,0.09027684884714632,0.09027684884714632,0.09027684884714632,0.09027684884714632,0.09027684884714632,0.09027684884714632,0.09027684884714632,0.09027684884714632,0.09027684884714632,0.09027684884714632,0.09027684884714632,0.09027684884714632,0.09027684884714632,0.09027684884714632,0.09027684884714632,0.09027684884714632,0.09027684884714632,0.09027684884714632,0.09027684884714632,0.09027684884714632,0.09027684884714632,0.09027684884714632,0.09027684884714632,0.09027684884714632,0.09027684884714632,0.09027684884714632,0.09027684884714632,0.09027684884714632,0.09027684884714632,0.09027684884714632,0.09027684884714632,0.09027684884714632,0.09027684884714632,0.09027684884714632,0.09027684884714632,0.09027684884714632,0.09027684884714632,0.09027684884714632,0.09027684884714632,0.09027684884714632,0.09027684884714632,0.09027684884714632,0.09027684884714632,0.09027684884714632,0.09027684884714632,0.09027684884714632,0.09027684884714632,0.09027684884714632,0.09027684884714632,0.09027684884714632,0.09027684884714632,0.09027684884714632,0.09027684884714632,0.09027684884714632,0.09027684884714632,0.09027684884714632,0.09027684884714632,0.09027684884714632,0.09027684884714632,0.09027684884714632,0.09027684884714632,0.09027684884714632,0.09027684884714632,0.09027684884714632,0.09027684884714632,0.09027684884714632,0.09027684884714632,0.09027684884714632,0.09027684884714632,0.09027684884714632,0.09027684884714632,0.09027684884714632,0.09027684884714632,0.09027684884714632,0.09027684884714632,0.09027684884714632,0.09027684884714632,0.09027684884714632,0.09027684884714632,0.09027684884714632,0.09027684884714632,0.09027684884714632,0.09027684884714632,0.09027684884714632,0.09027684884714632,0.09027684884714632,0.09027684884714632,0.09027684884714632,0.09027684884714632,0.09027684884714632,0.09027684884714632,0.09027684884714632,0.09027684884714632,0.09027684884714632,0.09027684884714632,0.09027684884714632,0.09027684884714632,0.09027684884714632,0.09027684884714632,0.09027684884714632,0.09027684884714632,0.09027684884714632,0.09027684884714632,0.09027684884714632,0.09027684884714632,0.09027684884714632,0.09027684884714632,0.09027684884714632,0.09027684884714632,0.09027684884714632,0.09027684884714632,0.09027684884714632,0.09027684884714632,0.09027684884714632,0.09027684884714632,0.09027684884714632,0.09027684884714632,0.09027684884714632,0.09027684884714632,0.09027684884714632,0.09027684884714632,0.09027684884714632,0.09027684884714632,0.09027684884714632,0.09027684884714632,0.09027684884714632,0.09027684884714632,0.09027684884714632,0.09027684884714632,0.09027684884714632,0.09027684884714632,0.09027684884714632,0.09027684884714632,0.09027684884714632,0.09027684884714632,0.09027684884714632,0.09027684884714632,0.09027684884714632,0.09027684884714632,0.09027684884714632,0.09027684884714632,0.09027684884714632,0.09027684884714632,0.09027684884714632,0.09027684884714632,0.09027684884714632,0.09027684884714632,0.09027684884714632,0.09027684884714632,0.09027684884714632,0.09027684884714632,0.09027684884714632,0.09027684884714632,0.09027684884714632,0.09027684884714632,0.09027684884714632,0.09027684884714632,0.09027684884714632,0.09027684884714632,0.09027684884714632,0.09027684884714632,0.09027684884714632,0.09027684884714632,0.09027684884714632,0.09027684884714632,0.09027684884714632,0.09027684884714632,0.09027684884714632,0.09027684884714632,0.09027684884714632,0.09027684884714632,0.09027684884714632,0.09027684884714632,0.09027684884714632,0.09027684884714632,0.09027684884714632,0.09027684884714632,0.09027684884714632,0.09027684884714632,0.09027684884714632,0.09027684884714632,0.09027684884714632,0.09027684884714632,0.09027684884714632,0.09027684884714632,0.09027684884714632,0.09027684884714632,0.09027684884714632,0.09027684884714632,0.09027684884714632,0.09027684884714632,0.09027684884714632,0.09027684884714632,0.09027684884714632,0.09027684884714632,0.09027684884714632,0.09027684884714632,0.09027684884714632,0.09027684884714632,0.09027684884714632,0.09027684884714632,0.09027684884714632,0.09027684884714632,0.09027684884714632,0.09027684884714632,0.09027684884714632,0.09027684884714632,0.09027684884714632,0.09027684884714632,0.09027684884714632,0.09027684884714632,0.09027684884714632,0.09027684884714632,0.09027684884714632,0.09027684884714632,0.09027684884714632,0.09027684884714632,0.09027684884714632,0.09027684884714632,0.09027684884714632,0.09027684884714632,0.09027684884714632,0.09027684884714632,0.09027684884714632,0.09027684884714632,0.09027684884714632,0.09027684884714632,0.09027684884714632,0.09027684884714632,0.09027684884714632,0.09027684884714632,0.09027684884714632,0.09027684884714632,0.09027684884714632,0.09027684884714632,0.09027684884714632,0.09027684884714632,0.09027684884714632,0.09027684884714632,0.09027684884714632,0.09027684884714632,0.09027684884714632,0.09027684884714632,0.09027684884714632,0.09027684884714632,0.09027684884714632,0.09027684884714632,0.09027684884714632,0.09027684884714632,0.09027684884714632,0.09027684884714632,0.09027684884714632,0.09027684884714632,0.09027684884714632,0.09027684884714632,0.09027684884714632,0.09027684884714632,0.09027684884714632,0.09027684884714632,0.09027684884714632,0.09027684884714632,0.09027684884714632,0.09027684884714632,0.09027684884714632,0.09027684884714632,0.09027684884714632,0.09027684884714632,0.09027684884714632,0.09027684884714632,0.09027684884714632,0.09027684884714632,0.09027684884714632,0.09027684884714632,0.09027684884714632,0.09027684884714632,0.09027684884714632,0.09027684884714632,0.09027684884714632,0.09027684884714632,0.09027684884714632,0.09027684884714632,0.09027684884714632,0.09027684884714632,0.09027684884714632,0.09027684884714632,0.09027684884714632,0.09027684884714632,0.09027684884714632,0.09027684884714632,0.09027684884714632,0.09027684884714632,0.09027684884714632,0.09027684884714632,0.09027684884714632,0.09027684884714632,0.09027684884714632,0.09027684884714632,0.09027684884714632,0.09027684884714632,0.09027684884714632,0.09027684884714632,0.09027684884714632,0.09027684884714632,0.09027684884714632,0.09027684884714632,0.09027684884714632,0.09027684884714632,0.09027684884714632,0.09027684884714632,0.09027684884714632,0.09027684884714632,0.09027684884714632,0.09027684884714632,0.09027684884714632,0.09027684884714632,0.09027684884714632,0.09027684884714632,0.09027684884714632,0.09027684884714632,0.09027684884714632,0.09027684884714632,0.09027684884714632,0.09027684884714632,0.09027684884714632,0.09027684884714632,0.09027684884714632,0.09027684884714632,0.09027684884714632,0.09027684884714632,0.09027684884714632,0.09027684884714632,0.09027684884714632,0.09027684884714632,0.09027684884714632,0.09027684884714632,0.09027684884714632,0.09027684884714632,0.09027684884714632,0.09027684884714632,0.09027684884714632,0.09027684884714632,0.09027684884714632,0.09027684884714632,0.09027684884714632,0.09027684884714632,0.09027684884714632,0.09027684884714632,0.09027684884714632,0.09027684884714632,0.09027684884714632,0.09027684884714632,0.09027684884714632,0.09027684884714632,0.09027684884714632,0.09027684884714632,0.09027684884714632,0.09027684884714632,0.09027684884714632,0.09027684884714632,0.09027684884714632,0.09027684884714632,0.09027684884714632,0.09027684884714632,0.09027684884714632,0.09027684884714632,0.09027684884714632,0.09027684884714632,0.09027684884714632,0.09027684884714632,0.09027684884714632,0.09027684884714632,0.09027684884714632,0.09027684884714632,0.09027684884714632,0.09027684884714632,0.09027684884714632,0.09027684884714632,0.09027684884714632,0.09027684884714632,0.09027684884714632,0.09027684884714632,0.09027684884714632,0.09027684884714632,0.09027684884714632,0.09027684884714632,0.09027684884714632,0.09027684884714632,0.09027684884714632,0.09027684884714632,0.09027684884714632,0.09027684884714632,0.09027684884714632,0.09027684884714632,0.09027684884714632,0.09027684884714632,0.09027684884714632,0.09027684884714632,0.09027684884714632,0.09027684884714632,0.09027684884714632,0.09027684884714632,0.09027684884714632,0.09027684884714632,0.09027684884714632,0.09027684884714632,0.09027684884714632,0.09027684884714632,0.09027684884714632,0.09027684884714632,0.09027684884714632,0.09027684884714632,0.09027684884714632,0.09027684884714632,0.09027684884714632,0.09027684884714632,0.09027684884714632,0.09027684884714632,0.09027684884714632,0.09027684884714632,0.09027684884714632,0.09027684884714632,0.09027684884714632,0.09027684884714632,0.09027684884714632,0.09027684884714632,0.09027684884714632,0.09027684884714632,0.09027684884714632,0.09027684884714632,0.09027684884714632,0.09027684884714632,0.09027684884714632,0.09027684884714632,0.09027684884714632,0.09027684884714632,0.09027684884714632,0.09027684884714632,0.09027684884714632,0.09027684884714632,0.09027684884714632,0.09027684884714632,0.09027684884714632,0.09027684884714632,0.09027684884714632,0.09027684884714632,0.09027684884714632,0.09027684884714632,0.09027684884714632,0.09027684884714632,0.09027684884714632,0.09027684884714632,0.09027684884714632,0.09027684884714632,0.09027684884714632,0.09027684884714632,0.09027684884714632,0.09027684884714632,0.09027684884714632,0.09027684884714632,0.09027684884714632,0.09027684884714632,0.09027684884714632,0.09027684884714632,0.09027684884714632,0.09027684884714632,0.09027684884714632,0.09027684884714632,0.09027684884714632,0.09027684884714632,0.09027684884714632,0.09027684884714632,0.09027684884714632,0.09027684884714632,0.09027684884714632,0.09027684884714632,0.09027684884714632,0.09027684884714632,0.09027684884714632,0.09027684884714632,0.09027684884714632,0.09027684884714632,0.09027684884714632,0.09026670602049287,0.09025613112172123,0.09024515363175241,0.09023379285982175,0.09022205979718516,0.09020995868050559,0.09019748824311384,0.09018464268048525,0.09017141237185909,0.09015778440069686,0.09014374291156757,0.0901292693342274,0.0901143424989071,0.09009893866079034,0.09008303144649263,0.09006659173096662,0.09004958744950782,0.09003198334624353,0.09001374065747762,0.08999481672536677,0.08997516453443848,0.08995473216026592,0.0899334621159644,0.08991129057785821,0.08988814646637534,0.08986395035159678,0.08983861314441353,0.08981203452325973,0.08978410103195601,0.08975468376501909,0.08972363553100685,0.08969078734940798,0.08965594408834172,0.08961887898312558,0.08957932668089066,0.08953697432058186,0.08949144996020948,0.08944230737142521,0.08938900578264283,0.08933088247918854,0.0892671151162341,0.08919666891597589,0.08911822116104079,0.089030050760255,0.08892987267082915,0.08881458283073773,0.08868394719980974,0.08868394719980907,0.08868394719980831,0.08868394719980748,0.08868394719980657,0.08868394719980549,0.08868394719980413,0.0886839471997982,0.08868394719977354,0.08852530922288161,0.08833247799149349,0.08809175269449787,0.08778172752331463,0.08736917055887948,0.08680734308532115,0.08605133738520619,0.08510430341802647,0.08402928601166176,0.08402928601122946,0.08296452266832524,0.08197297309342977,0.0810907096744915,0.08032476963907774,0.0796677451799576,0.07910671209385439,0.07862765525386262,0.07821737011476738,0.07786411407021847,0.07755767228350663,0.07728915978602649,0.07705072605151501,0.07683529536867922,0.07663649686574499,0.0764488710740348,0.07626820664549326,0.07609170961708475,0.07591787071529707,0.0757461372420112,0.07557655586864928,0.07540948345444792,0.07524538970551212,0.07508473887918896,0.07492792812748617,0.07477526222030637,0.07462694965384901,0.07448311012439807,0.07434378712320659,0.07420896199883083,0.07407856750450803,0.07395249987568184,0.07383062908492641,0.0737128072546535,0.07359887537599909,0.0734886685537064,0.07338202001378756,0.07327876409852166,0.0731787384494962,0.07308178554916443,0.072987753762796,0.0728964979968506,0.07280788006587482,0.07272176884179705,0.07263804024307571,0.07255657710852036,0.0724772689903632,0.07240001189297111,0.07232470797737794,0.07225126524639643,0.07217959722164535,0.07210962262056395,0.0720412650391592,0.07197445264463956,0.07190911788057831,0.07184519718624727,0.07178263073123177,0.07172136216554019,0.07166133838523546,0.07160250931342459,0.07154482769584662,0.07148824891067879,0.0714327307916489,0.07137823346383966,0.07132471919130137,0.07127215223576182,0.07122049872565651,0.07116972653472234,0.07111980516953277,0.07107070566523085,0.07102240048886702,0.07097486344981935,0.07092806961663689,0.07088199523996763,0.07083661768088119,0.07079191534450917,0.07074786761802804,0.07070445481332942,0.07066165811294232,0.0706194595219231,0.07057784181975191,0.07053678851767387,0.07049628381832565,0.07045631257806031,0.07041686027176224,0.0703779129599248,0.07033945725787022,0.07030148030695402,0.07026396974749324,0.07022691369350276,0.07019030070891384,0.07015411978530217,0.07011836032092095,0.070083012100977,0.07004806527915201,0.07001351036010603,0.06997933818308871,0.06994553990643966,0.0699121069929732,0.06987903119618782,0.06984630454722056,0.06981391934267235,0.06978186813278307,0.06975014371057371,0.06971873910135865,0.06968764755288229,0.06965686252604157,0.06962637768591227,0.0695961868933888,0.0695662841972567,0.06953666382650088,0.06950732018317701,0.06947824783553429,0.06944944151152445,0.06942089609257744,0.06939260660770614,0.06936456822789179,0.06933677626072118,0.06930922614531283,0.0692819134473824,0.06925483385464265,0.06922798317235866,0.06920135731910076,0.0691749523227054,0.0691487643163987,0.06912278953510867,0.06909702431191105,0.06907146507466469,0.0690461083427493,0.06902095072396353,0.06899598891157184,0.06897121968139777,0.06894663988917453,0.06892224646786783,0.06889803642517481,0.068874006841116,0.06885015486571572,0.06882647771678212,0.06880297267775765,0.068779637095684,0.06875646837921941,0.06873346399674188,0.06871062147452503,0.06868793839500047,0.06866541239500079,0.06864304116421924,0.06862082244360858,0.06859875402385832,0.0685768337439534,0.06855505948977167,0.0685334291927342,0.06851194082850799,0.06849059241572567,0.06846938201482912,0.06844830772681582,0.06842736769220763,0.06840656008987643,0.06838588313604102,0.06836533508316847,0.06834491421923859,0.06832461886641725,0.06830444738047287,0.06828439814968273,0.06826446959404747,0.06824466016450347,0.06822496834200721,0.06820539263684003,0.06818593158797759,0.06816658376211382,0.06814734775297586,0.06812822218089062,0.06810920569188551,0.06809029695721683,0.06807149467256927,0.06805279755758512,0.06803420435520781,0.06801571383123303,0.06799732477359684,0.06797903599194892,0.06796084631710969,0.06794275460057458,0.0679247597140168,0.06790686054878231,0.06788905601558454,0.0678713450438599,0.06785372658141066,0.06783619959400672,0.06781876306497567,0.06780141599480838,0.0677841574007438,0.0677669863164136,0.06774990179145063,0.06773290289121311,0.06771598869637258,0.06769915830256831,0.06768241082011738,0.067665745373687,0.06764916110198971,0.06763265715747666,0.06761623270604705,0.06759988692676427,0.06758361901158284,0.06756742816508776,0.06755131360418262,0.06753527455788845,0.06751931026708614,0.06750341998425538,0.06748760297324112,0.06747185850903852,0.06745618587755405,0.0674405843753278,0.06742505330954296,0.06740959199748515,0.06739419976662271,0.0673788759542008,0.06736361990722546,0.0673484309821419,0.06733330854471195,0.06731825196983164,0.06730326064135107,0.06728833395189049,0.06727347130267244,0.06725867210339569,0.06724393577206196,0.06722926173471629,0.06721464942548014,0.06720009828628296,0.06718560776673266,0.06717117732400246,0.06715680642263087,0.06714249453451865,0.0671282411386244,0.06711404572096569,0.06709990777435267,0.06708582679853715,0.06707180229983806,0.06705783379101087,0.0670439207912691,0.06703006282622298,0.06701625942758448,0.06700251013306406,0.06698881448649519,0.06697517203750994,0.06696158234149498,0.06694804495955738,0.06693455945837569,0.06692112541008481,0.06690774239216667,0.0668944099874442,0.06688112778394688,0.06686789537482964,0.06685471235827493,0.0668415783374108,0.06682849292024233,0.06681545571956649,0.06680246635287324,0.0667895244422847,0.06677662961455194,0.0667637815008232,0.06675097973672589,0.06673822396218941,0.06672551382145077,0.06671284896289548,0.06670022903910605,0.06668765370671977,0.06667512262639227,0.06666263546271489,0.06665019188417418,0.06663779156306411,0.06662543417547384,0.0666131194011799,0.06660084692361651,0.0665886164298361,0.06657642761040702,0.0665642801593682,0.06655217377426523,0.0665401081559298,0.06652808300865751,0.06651609803982422,0.06650415296021393,0.06649224748374045,0.06648038132747429,0.06646855421156328,0.06645676585920396,0.06644501599659536,0.06643330435289593,0.06642163066017996,0.06640999465340688,0.06639839607042314,0.0663868346516889,0.06637531014061487,0.0663638222832024,0.066352370828197,0.06634095552695865,0.06632957613344091,0.0663182324041608,0.0663069240981401,0.06629565097699575,0.0662844128046995,0.06627320934766535,0.0662620403747133,0.06625090565702244,0.06623980496809317,0.06622873808373796,0.06621770478198188,0.06620670484312235,0.06619573804967456,0.06618480418628987,0.0661739030397855,0.06616303439908537,0.06615219805519437,0.06614139380119802,0.06613062143217792,0.06611988074525356,0.06610917153948291,0.0660984936159553,0.06608784677760068,0.06607723082931029,0.06606664557780335,0.06605609083167996,0.06604556640141145,0.06603507209921138,0.0660246077391399,0.0660141731368787,0.06600376811001257,0.06599339247775551,0.06598304606102615,0.06597272868244176,0.06596244016624916,0.06595218033833253,0.06594194902619026,0.06593174605892411,0.06592157126711587,0.06591142448308634,0.06590130554047234,0.06589121427456322,0.06588115052215851,0.06587111412144955,0.06586110491212455,0.06585112273532459,0.0658411674335762,0.06583123885081357,0.06582133683247435,0.06581146122524038,0.06580161187718432,0.06579178863772148,0.0657819913576283,0.06577221988894442,0.06576247408501192,0.0657527538004682,0.06574305889120877,0.06573338921436933,0.0657237446283289,0.06571412499265644,0.06570453016819873,0.06569496001695883,0.06568541440208084,0.06567589318791417,0.06566639623993767,0.06565692342478917,0.06564747461021622,0.06563804966509225,0.06562864845938013,0.06561927086413324,0.0656099167514868,0.06560058599462205,0.06559127846779314,0.06558199404627545,0.06557273260639467,0.06556349402547183,0.06555427818184384,0.06554508495484027,0.0655359142247746,0.06552676587293978,0.06551763978156994,0.06550853583387202,0.06549945391396036,0.0654903939069675,0.06548135569884729,0.06547233917652687,0.06546334422777544,0.06545437074131859,0.06544541860674195,0.065436487714491,0.06542757795586099,0.06541868922303837,0.06540982140903481,0.06540097440770656,0.06539214811373648,0.06538334242270188,0.06537455723075863,0.06536579243507681,0.0653570479335731,0.06534832362493734,0.06533961940864155,0.06533093518491534,0.06532227085475986,0.06531362631992489,0.06530500148290587,0.06529639624694579,0.06528781051599633,0.06527924419475571,0.065270697188589,0.06526216940367882,0.06525366074677295,0.06524517112544388,0.06523670044785916,0.06522824862290699,0.06521981556011303,0.06521140116968649,0.06520300536254243,0.06519462805019692,0.06518626914482863,0.06517792855931706,0.0651696062069959,0.06516130200202042,0.06515301585914215,0.06514474769356608,0.06513649742128326,0.06512826495883713,0.06512005022336313,0.06511185313258915,0.06510367360482266,0.06509551155897575,0.06508736691449518,0.06507923959146084,0.0650711295104675,0.06506303659267794,0.06505496075980499,0.06504690193413938,0.06503886003848774,0.06503083499620319,0.06502282673117028,0.06501483516780876,0.06500686023106161,0.06499890184637924,0.06499095993971958,0.06498303443758525,0.06497512526696214,0.06496723235533085,0.06495935563066729,0.06495149502145833,0.06494365045664119,0.06493582186566839,0.0649280091784559,0.06492021232538199,0.06491243123731458,0.06490466584558233,0.06489691608195938,0.06488918187868878,0.06488146316845114,0.0648737598844643,0.06486607196017878,0.06485839932966533,0.06485074192738995,0.06484309968827673,0.0648354725475849,0.06482786044107948,0.06482026330493461,0.06481268107568382,0.06480511369040408,0.06479756108645789,0.06479002320165529,0.06478249997420686,0.06477499134272287,0.0647674972462199,0.06476001762408512,0.06475255241610726,0.0647451015624611,0.06473766500370699,0.06473024268077752,0.06472283453497406,0.06471544050798017,0.06470806054185455,0.06470069457900818,0.06469334256222423,0.06468600443463544,0.06467868013975923,0.06467136962140078,0.06466407282379873,0.06465678969148127,0.0646495201693506,0.06464226420263328,0.06463502173690872,0.06462779271808457,0.06462057709241074,0.06461337480645807,0.06460618580711412,0.06459901004161145,0.06459184745753106,0.06458469800272232,0.06457756162537323,0.06457043827398283,0.06456332789736455,0.06455623044464112,0.06454914586523133,0.06454207410888398,0.06453501512563214,0.06452796886581205,0.06452093528005771,0.06451391431929437,0.06450690593475226,0.0644999100779268,0.0644929267006146,0.0644859557549232,0.06447899719320613,0.064472050968105,0.06446511703254874,0.06445819533974227,0.06445128584317765,0.06444438849652766,0.06443750325393148,0.0644306300695739,0.06442376889808168,0.06441691969423449,0.06441008241311445,0.06440325701008472,0.06439644344070716,0.06438964166082269,0.06438285162655802,0.06437607329426107,0.06436930662054687,0.06436255156225273,0.06435580807648976,0.06434907612059886,0.06434235565214022,0.06433564662893655,0.06432894900908781,0.06432226275089813,0.06431558781286412,0.064308924153768,0.06430227173260335,0.06429563050861135,0.06428900044122843,0.06428238149016173,0.0642757736152899,0.06426917677674367,0.06426259093487313,0.06425601605026164,0.06424945208366342,0.0642428989961064,0.06423635674880385,0.06422982530317191,0.06422330462084878,0.06421679466368829,0.06421029539375991,0.06420380677329846,0.06419732876482312,0.06419086133097979,0.06418440443464309,0.06417795803888648,0.0641715221069839,0.06416509660240892,0.06415868148883538,0.06415227673012205,0.0641458822903268,0.06413949813369625,0.06413312422467841,0.06412676052789512,0.06412040700814682,0.06411406363045491,0.06410773036000829,0.06410140716219194,0.06409509400254951,0.06408879084681332,0.0640824976609036,0.06407621441091259,0.06406994106311281,0.0640636775839434,0.06405742394003552,0.06405118009820145,0.0640449460253919,0.0640387216887709,0.06403250705559659,0.06402630209342526,0.06402010676983128,0.06401392105271791,0.06400774490999404,0.06400157830986741,0.06399542122053933,0.06398927361055547,0.06398313544851567,0.06397700670324005,0.06397088734366865,0.06396477733888256,0.063958676658179,0.06395258527096467,0.0639465031468062,0.06394043025542961,0.06393436656672181,0.06392831205071302,0.06392226667760709,0.06391623041767389,0.06391020324141397,0.06390418511945464,0.06389817602257072,0.06389217592168073,0.0638861847878374,0.06388020259231049,0.06387422930632232,0.06386826490140811,0.06386230934922188,0.06385636262151556,0.06385042469020408,0.06384449552732606,0.06383857510511586,0.06383266339576472,0.06382676037176462,0.06382086600575593,0.06381498027041863,0.06380910313859149,0.0638032345833051,0.06379737457763322,0.06379152309483023,0.06378568010826645,0.0637798455914512,0.06377401951798495,0.06376820186163377,0.06376239259627596,0.06375659169591917,0.06375079913469789,0.06374501488683489,0.0637392389267264,0.0637334712288457,0.06372771176779901,0.06372196051837123,0.06371621745538449,0.06371048255383042,0.06370475578876561,0.06369903713540459,0.06369332656909914,0.06368762406526227,0.06368192959946911,0.06367624314734002,0.06367056468470787,0.063664894187464,0.06365923163160794,0.06365357699324015,0.06364793024857114,0.06364229137399266,0.06363666034593383,0.06363103714096104,0.06362542173570443,0.06361981410692119,0.06361421423149465,0.06360862208644733,0.06360303764886022,0.06359746089590357,0.06359189180488088,0.06358633035317554,0.06358077651835237,0.06357523027793707,0.06356969160966598,0.0635641604913479,0.0635586369008774,0.06355312081626249,0.06354761221561851,0.0635421110771045,0.06353661737910098,0.06353113109996568,0.0635256522181775,0.06352018071234329,0.06351471656112273,0.06350925974332025,0.06350381023781787,0.06349836802356716,0.06349293307963363,0.06348750538516623,0.06348208491943728,0.06347667166174299,0.06347126559151481,0.06346586668831504,0.06346047493167198,0.06345509030136998,0.06344971277714113,0.0634443423388517,0.06343897896651014,0.06343362264013742,0.06342827333987393,0.0634229310459365,0.06341759573860181,0.0634122673983067,0.06340694600554608,0.06340163154085443,0.06339632398487625,0.06339102331834025,0.06338572952205622,0.06338044257692566,0.06337516246391085,0.06336988916407095,0.06336462265854124,0.06335936292855658,0.0633541099554025,0.0633488637204478,0.06334362420512209,0.06333839139102516,0.06333316525976561,0.0633279457929741,0.06332273297245934,0.06331752678004396,0.06331232719765909,0.06330713420730437,0.06330194779105516,0.06329676793101938,0.06329159460946206,0.06328642780874931,0.06328126751108323,0.06327611369899445,0.06327096635498754,0.06326582546166226,0.0632606910016604,0.06325556295770639,0.06325044131264058,0.06324532604930633,0.0632402171506706,0.06323511459973073,0.0632300183795786,0.06322492847336549,0.06321984486431623,0.06321476753572154,0.06320969647093688,0.06320463165339037,0.06319957306657689,0.0631945206940604,0.06318947451947111,0.0631844345264972,0.06317940069890017,0.06317437302050953,0.0631693514752189,0.06316433604697107,0.06315932671979896,0.06315432347783687,0.06314932630513977,0.06314433518596164,0.06313935010456419,0.06313437104527034,0.06312939799255414,0.0631244309308331,0.06311946984464528,0.06311451471856047,0.06310956553723662,0.06310462228537952,0.06309968494775718,0.06309475350921703,0.06308982795461834,0.0630849082688882,0.0630799944370955,0.06307508644426381,0.0630701842755276,0.06306528791609536,0.06306039735119873,0.0630555125661194,0.06305063354622498,0.0630457602769264,0.06304089274369346,0.06303603093205386,0.06303117482758853,0.06302632441593956,0.06302147968279871,0.06301664061390859,0.06301180719509138,0.06300697941220407,0.06300215725115009,0.06299734069785769,0.06299252973842924,0.0629877243589051,0.06298292454541388,0.06297813028410292,0.06297334156125936,0.06296855836315429,0.06296378067611534,0.06295900848654772,0.06295424178088098,0.06294948054560454,0.06294472476728787,0.06293997443251682,0.06293522952794647,0.0629304900402472,0.06292577132361771,0.0629210426133946,0.06291631928049553,0.06291160131180885,0.06290688869428009,0.06290218141489978,0.0628974794607305,0.06289278281883315,0.06288809147634555,0.06288340542046143,0.06287872463845244,0.06287404911757352,0.06286937884515097,0.06286471380856434,0.06286005399523359,0.06285539939262912,0.06285074998826364,0.06284610576969961,0.0628414667246139,0.06283683284050896,0.06283220410517815,0.06282758050635158,0.06282296203181718,0.06281834866940651,0.06281374040699701,0.06280913723250929,0.06280453913390592,0.06279994609919934,0.06279535811644,0.06279077517372715,0.06278619725919588,0.06278162436103996,0.06277705646744254,0.06277249356672177,0.06276793564716851,0.06276338269713054,0.06275883470500261,0.06275429165922047,0.06274975354826005,0.06274522036060219,0.06274069208487783,0.06273616870966894,0.06273165022358233,0.06272713661532145,0.06272262787359058,0.06271812398716382,0.06271362494484227,0.06270913073546096,0.06270464134790228,0.0627001567710531,0.06269567699394013,0.06269120200552468,0.06268673179485709,0.06268226635098785,0.06267780566304788,0.06267334972018233,0.06266889851159164,0.0626644520264868,0.06266001025413893,0.06265557318382665,0.0626511408049733,0.06264671310686291,0.06264229007895109,0.0626378717106768,0.06263345799154316,0.06262904891104301,0.06262464445877541,0.06262024462431466,0.062615849397304,0.06261145876741668,0.0626070727243349,0.0626026912578378,0.06259831435764861,0.06259394201359218,0.06258957421555285,0.06258521095334574,0.0625808522169187,0.06257649799619673,0.06257214828120188,0.06256780306193083,0.06256346232841316,0.06255912607078144,0.06255479427910912,0.06255046694357778,0.06254614405435349,0.06254182560166675,0.06253751157581243,0.06253320196698124,0.06252889676554217,0.06252459596185589,0.06252029954629128,0.06251600750924324,0.06251171984118048,0.0625074365325786,0.06250315757397543,0.06249888295585513,0.062494612668858106,0.06249034670355315,0.062486085050580356,0.062481827700606736,0.062477574644331964,0.06247332587248465,0.062469081375828184,0.06246484114515335,0.062460605171279396,0.06245637344506686,0.06245214595738856,0.06244792269915826,0.06244370366132481,0.06243948883484828,0.06243527821074194,0.06243107178001798,0.06242686953377114,0.06242267146306862,0.06241847755903374,0.06241428781281983,0.062410102215595585,0.06240592075856762,0.062401743432980036,0.06239757023008402,0.06239340114117523,0.06238923615757826,0.06238507527063529,0.06238091847174931,0.06237676575227295,0.062372617103664665,0.06236847251737619,0.06236433198490577,0.06236019549776208,0.0623560630474879,0.06235193462565124,0.062347810223877184,0.06234368983372532,0.0623395734468822,0.06233546105502526,0.06233135264984794,0.062327248223083935,0.06232314776649184,0.06231905127184327,0.06231495873095451,0.06231087013564272,0.062306785477797874,0.062302704749313126,0.06229862794205421,0.062294555047979316,0.06229048605904312,0.062286420967259795,0.06228235976462041,0.0622783024431707,0.06227424899496685,0.0622701994120869,0.062266153686671946,0.06226211181085283,0.06225807377678335,0.06225403957664341,0.062250009202657886,0.06224598264711339,0.06224195990215317,0.06224156598858607,0.062241290139987575,0.06224102409833028,0.062240759990761674,0.06224049732568649,0.06224023614169331,0.06223997650315413,0.06223971846332367,0.06223946206205222,0.062239207326221,0.062238954270520695,0.062238702898363904,0.06223845320288322,0.06223820516798228,0.06223795876940845,0.062237713975823346,0.062237470749847756,0.06223722904906505,0.06223698882696734,0.062236750033837045,0.062236512617554814,0.062236276524332036,0.06223604169936492,0.0622358080874124,0.062235575633299234,0.062235344282348566,0.062235113980746395,0.06223488467584759,0.06223465631642258,0.062234428852855336,0.06223420223729497,0.062233976423768586,0.062233751368258095,0.062233527028746564,0.06223330336524032,0.062233080339767904,0.06223285791636146,0.06223263606102221,0.0622324147416749,0.06223219392811226,0.06223197359193178,0.06223175370646736,0.06223153424671708,0.06223131518926844,0.062231096512222014,0.06223087819511557,0.06223066021884797,0.062230442565604165,0.06223022521878237,0.062230008162923234,0.06222979138364066,0.062229574867556064,0.06222935860223471,0.062229142576126384,0.06222892677850626,0.062228711199420986,0.062228495829637805,0.06222828066059457,0.06222806568435409,0.062227850893560664,0.06222763628140004,0.06222742184156061,0.06222720756819754,0.06222699345589997,0.06222677949965917,0.06222656569483983,0.0622263520371522,0.06222613852262756,0.06222592514759397,0.062225711908654543,0.06222549880266669,0.06222528582672375,0.06222507297813676,0.062224860254418236,0.0622246476532677,0.06222443517255612,0.062224222810314325,0.0622240105647201,0.06222379843408707,0.06222358641685466,0.062223374511578,0.06222316271691946,0.062222951031640834,0.06222273945459428,0.06222252798471668,0.06222231662102235,0.062222105362597424,0.06222189420859466,0.06222168315822747,0.06222147221076539,0.062221261365530425,0.06222105062189212,0.06222083997926421,0.06222062943710112,0.06222041899489466,0.062220208652172045,0.06221999840849169,0.062219788263441524,0.06221957821663662,0.062219368267717,0.06221915841634587,0.06221894866220731,0.062218739005005304,0.06221852944446172,0.062218319980314914,0.062218110612318626,0.06221790134024067,0.06221769216386179,0.06221748308297471,0.06221727409738323,0.06221706520690087,0.0622168564113511,0.0622166477105656,0.06221643910438469,0.06221623059265477,0.062216022175228654,0.06221581385196674,0.06221560562273483,0.06221539748740377,0.06221518944585012,0.062214981497951474,0.06221477364359372,0.06221456588266451,0.06221435821505518,0.06221415064066086,0.0622139431593777,0.06221373577110616,0.06221352847575051,0.06221332127321478,0.06221311416340552,0.062212907146232,0.062212700221605306,0.0622124933894378,0.062212286649644406,0.06221208000213954,0.06221187344684031,0.06221166698366442,0.0622114606125313,0.06221125433336037,0.06221104814607351,0.062210842050592456,0.062210636046838665,0.06221043013473668,0.062210224314210395,0.062210018585184074,0.06220981294758331,0.06220960740133389,0.06220940194636202,0.06220919658259418,0.06220899130995778,0.06220878612838038,0.06220858103779006,0.06220837603811469,0.06220817112928355,0.06220796631122465,0.06220776158386732,0.06220755694714103,0.06220735240097481,0.06220714794529884,0.06220694358004472,0.062206739305141395,0.06220653512051928,0.0622063310261092,0.062206127021841265,0.062205923107647075,0.06220571928345745,0.06220551554920335,0.06220531190481632,0.06220510835022757,0.062204904885368575,0.062204701510171025,0.06220449822456643,0.06220429502848725,0.062204091921864296,0.06220388890463003,0.06220368597671654,0.062203483138056,0.06220328038858032,0.06220307772822208,0.06220287515691341,0.062202672674586776,0.062202470281174864,0.06220226797660948,0.062202065760824224,0.062201863633751686,0.062201661595323914,0.062201459645473925,0.062201257784134566,0.06220105601123872,0.0622008543267192,0.06220065273050902,0.06220045122254133,0.062200249802748755,0.06220004847106519,0.0621998472274234,0.0621996460717566,0.06219944500399806,0.062199244024081245,0.062199043131939136,0.06219884232750541,0.062198641610713465,0.06219844098149822,0.06219824043979028,0.06219803998552464,0.06219783961863501,0.06219763933905494,0.06219743914671819,0.06219723904155895,0.06219703902351061,0.06219683909250703,0.06219663924848205,0.062196439491368875,0.062196239821102096,0.06219604023761568,0.06219584074084366,0.062195641330720176,0.062195442007179254,0.06219524277015512,0.062195043619581815,0.062194844555392405,0.06219464557752379,0.06219444668590913,0.062194247880482556,0.062194049161178384,0.06219385052793121,0.06219365198067531,0.06219345351934526,0.06219325514387572,0.062193056854201234,0.062192858650256484,0.062192660531975766,0.062192462499294374,0.06219226455214693,0.062192066690468215,0.06219186891419271,0.06219167122325562,0.06219147361759173,0.062191276097136074,0.06219107866182358,0.06219088131158918,0.06219068404636805,0.06219048686609565,0.06219028977070635,0.06219009276013572,0.062189895834318935,0.06218969899319127,0.062189502236688204,0.062189305564744585,0.06218910897729591,0.06218891247427825,0.06218871605562661,0.06218851972127623,0.0621883234711631,0.062188127305222655,0.06218793122338976,0.06218773522560084,0.06218753931179187,0.0621873434818984,0.06218714773585541,0.062186952073599366,0.06218675649506659,0.06218656100019238,0.06218636558891263,0.06218617026116418,0.06218597501688156,0.0621857798560015,0.06218558477846009,0.062185389784193336,0.06218519487313937,0.062185000045231136,0.0621848053004057,0.06218461063859883,0.06218441605974908,0.06218422156379133,0.06218402715066223,0.0621838328202988,0.06218363857263652,0.06218344440761227,0.06218325032516255,0.06218305632522379,0.06218286240773291,0.062182668572626616,0.06218247481984148,0.062182281149314234,0.0621820875609817,0.06218189405477995,0.062181700630647214,0.06218150728851976,0.06218131402833448,0.062181120850028325,0.0621809277535379,0.06218073473880111,0.06218054180575457,0.06218034895433544,0.06218015618448086,0.062179963496128206,0.06217977088921443,0.06217957836367691,0.062179385919453,0.06217919355647993,0.06217900127469556,0.06217880907403664,0.06217861695444032,0.062178424915845666,0.06217823295818886,0.06217804108140845,0.062177849285441476,0.062177657570225434,0.0621774659356985,0.06217727438179848,0.06217708290846291,0.062176891515629586,0.0621767002032364,0.06217650897122126,0.06217631781952169,0.062176126748076634,0.06217593575682297,0.06217574484569962,0.06217555401464434,0.06217536326359521,0.06217517259249045,0.06217498200126827,0.06217479148986669,0.06217460105822446,0.06217441070627973,0.06217422043396872,0.06217403024123488,0.06217384012801268,0.06217365009424154,0.06217346013986,0.06217327026480674,0.062173080469020106,0.06217289075243962,0.06217270111500235,0.06217251155664786,0.06217232207731486,0.06217213267694207,0.06217194335546864,0.06217175411283282,0.06217156494897384,0.062171375863830654,0.06217118685734221,0.062170997929446144,0.06217080908008472,0.062170620309194964,0.062170431616715975,0.06217024300258531,0.062170054466745284,0.062169866009134454,0.062169677629688884,0.062169489328353145,0.062169301105063864,0.0621691129597606,0.06216892489238251,0.062168736902869406,0.062168548991160553,0.06216836115719573,0.06216817340091412,0.06216798572225589,0.06216779812116051,0.06216761059756756,0.06216742315141714,0.06216723578264843,0.06216704849120148,0.0621668612770162,0.06216667414003249,0.06216648708019019,0.062166300097429246,0.06216611319168973,0.06216592636291174,0.06216573961103534,0.06216555293600068,0.06216536633774778,0.06216517981621691,0.06216499337134862,0.06216480700308251,0.06216462071135929,0.06216443449611922,0.06216424835730277,0.06216406229484952,0.062163876308700586,0.062163690398797405,0.06216350456507987,0.062163318807488176,0.06216313312596322,0.06216294752044553,0.06216276199087549,0.06216257653719368,0.06216239115934245,0.06216220585726168,0.06216202063089072,0.06216183548017176,0.06216165040504689,0.06216146540545584,0.06216128048133971,0.06216109563263948,0.062160910859296675,0.062160726161251526,0.062160541538445614,0.062160356990819815,0.06216017251831581,0.06215998812087488,0.062159803798438475,0.0621596195509472,0.06215943537834341,0.062159251280567415,0.0621590672575597,0.06215888330926466,0.06215869943562261,0.062158515636575255,0.06215833191206318,0.06215814826202869,0.06215796468641343,0.062157781185159154,0.06215759775820753,0.06215741440550031,0.06215723112697946,0.062157047922586695,0.06215686479226398,0.062156681735953324,0.06215649875359669,0.06215631584513603,0.06215613301051381,0.06215595024967128,0.062155767562551076,0.062155584949095684,0.062155402409246614,0.06215521994294642,0.06215503755013811,0.06215485523076242,0.06215467298476253,0.06215449081208113,0.06215430871266019,0.062154126686442275,0.06215394473337002,0.06215376285338596,0.0621535810464326,0.06215339931245246,0.062153217651388294,0.06215303606318151,0.06215285454777747,0.0621526731051176,0.06215249173514465,0.06215231043780173,0.06215212921303158,0.06215194806077688,0.062151766980980794,0.062151585973586165,0.06215140503853614,0.062151224175773796,0.06215104338524006,0.0621508626668825,0.06215068202064207,0.062150501446461635,0.06215032094428494,0.06215014051405508,0.0621499601557155,0.062149779869209366,0.06214959965448361,0.06214941951147479,0.062149239440129754,0.062149059440392194,0.062148879512205456,0.06214869965551338,0.062148519870261605,0.062148340156389544,0.0621481605138429,0.06214798094256565,0.06214780144250163,0.06214762201359424,0.062147442655787616,0.06214726336902566,0.06214708415325228,0.062146905008411295,0.06214672593444682,0.06214654693130265,0.062146367998923334,0.06214618913725283,0.06214601034623511,0.06214583162581446,0.062145652975935585,0.06214547439654175,0.06214529588757737,0.06214511744898738,0.062144939080714924,0.06214476078270665,0.06214458255490573,0.06214440439725686,0.0621442263097047,0.0621440482921929,0.06214387034466704,0.062143692467070515,0.06214351465934954,0.062143336921448376,0.062143159253311576,0.06214298165488393,0.062142804126109556,0.062142626666933196,0.06214244927730205,0.06214227195715957,0.06214209470645063,0.06214191752512046,0.06214174041311401,0.062141563370377725,0.06214138639685378,0.0621412094924892,0.06214103265722856,0.06214085589101743,0.062140679193800306,0.06214050256552356,0.06214032600613263,0.06214014951557214,0.06213997309378764,0.0621397967407246,0.06213962045632863,0.06213944424054542,0.06213926809332037,0.062139092014598704,0.06213891600432605,0.062138740062448974,0.0621385641889121,0.06213838838366294,0.06213821264664626,0.062138036977806725,0.06213786137709115,0.06213768584444541,0.062137510379814846,0.0621373349831461,0.06213715965438553,0.062136984393478215,0.06213680920037128,0.0621366340750103,0.062136459017340905,0.062136284027310015,0.062136109104863925,0.062135934249948635,0.06213575946251036,0.062135584742495524,0.06213541008985037,0.06213523550452142,0.06213506098645503,0.0621348865355977,0.06213471215189615,0.062134537835296426,0.06213436358574573,0.06213418940319111,0.06213401528757974,0.06213384123885538,0.06213366725696636,0.06213349334185959,0.062133319493481914,0.06213314571178051,0.06213297199670149,0.062132798348192214,0.062132624766199525,0.062132451250671204,0.06213227780155277,0.062132104418792196,0.06213193110233636,0.06213175785213265,0.06213158466812796,0.06213141155027019,0.062131238498505284,0.06213106551278185,0.062130892593046605,0.062130719739245985,0.06213054695132929,0.06213037422924228,0.062130201572933835,0.06213002898235069,0.062129856457440485,0.06212968399815071,0.06212951160442872,0.0621293392762235,0.0621291670134807,0.06212899481614911,0.06212882268417561,0.06212865061750976,0.06212847861609911,0.06212830667989015,0.062128134808831885,0.06212796300287078,0.06212779126195579,0.06212761958603668,0.062127447975057266,0.06212727642896933,0.06212710494771989,0.062126933531256284,0.06212676217952808,0.06212659089248292,0.06212641967006899,0.06212624851223642,0.062126077418930004,0.06212590639009981,0.06212573542569431,0.06212556452566201,0.06212539368995121,0.06212522291851004,0.06212505221128819,0.062124881568233495,0.062124710989294715,0.06212454047442044,0.06212437002355963,0.06212419963666058,0.062124029313672224,0.06212385905454348,0.062123688859222766,0.06212351872765957,0.06212334865980279,0.06212317865560083,0.06212300871500296,0.0621228388379579,0.06212266902441475,0.06212249927432294,0.06212232958763167,0.0621221599642902,0.06212199040424757,0.06212182090745426,0.06212165147385682,0.06212148210340617,0.06212131279605114,0.062121143551741365,0.06212097437042658,0.062120805252055857,0.062120636196578705,0.06212046720394426,0.062120298274102904,0.0621201294070036,0.062119960602596044,0.0621197918608304,0.06211962318165562,0.06211945456502187,0.06211928601087887,0.062119117519176426,0.06211894908986434,0.062118780722892564,0.06211861241821106,0.062118444175769665,0.0621182759955183,0.06211810787740742,0.062117939821386435,0.06211777182740567,0.062117603895415346,0.06211743602536556,0.062117268217206534,0.06211710047088849,0.062116932786361684,0.062116765163576455,0.062116597602483156,0.06211643010303207,0.062116262665173935,0.06211609528885863,0.062115927974036964,0.06211576072065942,0.062115593528676544,0.06211542639803914,0.062115259328697214,0.062115092320601945,0.06211492537370396,0.06211475848795402,0.06211459166330253,0.062114424899700614,0.06211425819709915,0.062114091555448586,0.062113924974700474,0.06211375845480469,0.0621135919957135,0.06211342559737733,0.062113259259747235,0.06211309298277392,0.0621129267664092,0.06211276061060388,0.06211259451530919,0.06211242848047629,0.062112262506056476,0.06211209659200097,0.062111930738261184,0.06211176494478842,0.062111599211534155,0.06211143353844967,0.0621112679254865,0.0621111023725961,0.06211093687973011,0.062110771446840116,0.06211060607387745,0.062110440760794104,0.06211027550754141,0.062110110314071466,0.06210994518033589,0.062109780106286115,0.06210961509187439,0.062109450137052456,0.06210928524177337,0.0621091204059866,0.062108955629645336,0.06210879091270149,0.06210862625510611,0.06210846165681341,0.06210829711777576,0.062108132637942466,0.062107968217267086,0.06210780385570179,0.062107639553199624,0.06210747530971239,0.06210731112519036,0.06210714699958684,0.06210698293285647,0.062106818924950895,0.06210665497582106,0.06210649108542017,0.06210632725370085,0.062106163480615394,0.062105999766117755,0.06210583611015829,0.062105672512690675,0.06210550897366684,0.06210534549304089,0.06210518207076599,0.06210501870679277,0.062104855401075215,0.062104692153567065,0.06210452896421962,0.06210436583298619,0.062104202759819996,0.06210403974467381,0.062103876787501316,0.06210371388825518,0.06210355104688843,0.06210338826335372,0.06210322553760482,0.06210306286959446,0.062102900259276554,0.06210273770660415,0.06210257521153023,0.06210241277400816,0.06210225039399178,0.06210208807143415,0.06210192580628884,0.06210176359850925,0.062101601448048833,0.06210143935486115,0.06210127731889981,0.06210111534011838,0.06210095341847061,0.06210079155390998,0.0621006297463904,0.06210046799586553,0.062100306302289146,0.06210014466561509,0.0620999830857972,0.06209982156278933,0.06209966009654541,0.062099498687019396,0.06209933733416526,0.062099176037937034,0.06209901479828829,0.06209885361517353,0.062098692488547456,0.062098531418363696,0.06209837040457578,0.062098209447138744,0.062098048546007194,0.06209788770113455,0.06209772691247597,0.0620975661799852,0.06209740550361681,0.06209724488332469,0.062097084319064265,0.06209692381078956,0.06209676335845504,0.06209660296201499,0.06209644262142471,0.06209628233663843,0.06209612210761072,0.062095961934296284,0.062095801816650115,0.062095641754627236,0.06209548174818163,0.06209532179726852,0.06209516190184275,0.06209500206185922,0.06209484227727286,0.06209468254803828,0.062094522874111116,0.06209436325544618,0.06209420369199852,0.06209404418372314,0.062093884730575234,0.06209372533251,0.062093565989483124,0.0620934067014487,0.06209324746836259,0.0620930882901801,0.06209292916685647,0.06209277009834703,0.06209261108460735,0.062092452125592994,0.06209229322125919,0.062092134371561455,0.062091975576455405,0.062091816835896416,0.06209165814984024,0.06209149951824266,0.062091340941059114,0.062091182418245225,0.06209102394975709,0.06209086553555017,0.06209070717558011,0.06209054886980326,0.062090390618175124,0.06209023242065181,0.06209007427718885,0.06208991618774255,0.06208975815226847,0.06208960017072345,0.06208944224306306,0.06208928436924361,0.062089126549220615,0.06208896878295074,0.06208881107039029,0.06208865341149529,0.06208849580622205,0.06208833825452681,0.06208818075636596,0.062088023311695904,0.06208786592047282,0.062087708582653445,0.06208755129819414,0.06208739406705147,0.062087236889181455,0.06208707976454145,0.06208692269308716,0.062086765674775626,0.062086608709562674,0.062086451797406864,0.06208629493826378,0.06208613813209026,0.062085981378843164,0.06208582467847969,0.062085668030956186,0.0620855114362298,0.06208535489425679,0.06208519840499444,0.06208504196839999,0.06208488558443003,0.06208472925304225,0.06208457297419342,0.06208441674784099,0.06208426057394138,0.06208410445245217,0.0620839483833306,0.06208379236653385,0.06208363640201914,0.062083480489743936,0.06208332462966541,0.0620831688217401,0.06208301306592716,0.06208285736218322,0.062082701710465774,0.06208254611073219,0.06208239056294016,0.06208223506704716,0.062082079623010884,0.062081924230788815,0.06208176889033867,0.06208161360161816,0.06208145836458518,0.062081303179197196,0.06208114804541219,0.06208099296318787,0.062080837932482216,0.062080682953253,0.062080528025458194,0.06208037314905576,0.06208021832400369,0.06208006355026004,0.0620799088277829,0.06207975415653026,0.062079599536459994,0.06207944496753079,0.06207929044970041,0.062079135982927185,0.062078981567169796,0.06207882720238579,0.062078672888533484,0.06207851862557239,0.06207836441345935,0.06207821025215394,0.06207805614161337,0.0620779020817971,0.062077748072663225,0.06207759411417048,0.06207744020627722,0.06207728634894223,0.062077132542124026,0.062076978785781646,0.06207682507987274,0.062076671424357625,0.06207651781919364,0.06207636426434004,0.06207621075975574,0.062076057305402735,0.06207590390123344,0.06207575054721009,0.06207559724329248,0.062075443989437845,0.06207529078560593,0.062075137631756205,0.06207498452784789,0.06207483147383883,0.06207467846968895,0.06207452551535733,0.06207437261080352,0.06207421975598624,0.06207406695086581,0.06207391419539974,0.06207376148954824,0.06207360883327085,0.0620734562265252,0.06207330366927399,0.06207315116147497,0.06207299870308784,0.062072846294071705,0.06207269393438662,0.06207254162399167,0.06207238936284675,0.06207223715091101,0.06207208498814484,0.06207193287450753,0.06207178080995899,0.06207162879445858,0.062071476827967445,0.06207132491044345,0.06207117304184648,0.0620710212221384,0.06207086945127795,0.0620707177292252,0.062070566055940045,0.06207041443138241,0.06207026285551255,0.06207011132829049,0.062069959849676275,0.062069808419630106,0.062069657038112055,0.06206950570508241,0.06206935442050135,0.06206920318432919,0.062069051996526105,0.062068900857052536,0.06206874976586877,0.06206859872293519,0.06206844772821216,0.062068296781660245,0.06206814588323985,0.06206799503291147,0.06206784423063572,0.06206769347637307,0.0620675427700842,0.06206739211172962,0.06206724150127012,0.062067090938666324,0.06206694042387918,0.062066789956869046,0.062066639537596884,0.06206648916602349,0.062066338842110325,0.062066188565817096,0.062066038337105285,0.062065888155935806,0.062065738022269314,0.062065587936067465,0.06206543789729107,0.062065287905900934,0.06206513796185836,0.062064988065124393,0.06206483821566014,0.06206468841342694,0.06206453865838584,0.06206438895049813,0.06206423928972503,0.06206408967602768,0.062063940109367874,0.062063790589706715,0.062063641117006435,0.062063491691227775,0.06206334231233084,0.0620631929802785,0.06206304369503227,0.062062894456553365,0.062062745264799726,0.06206259611974056,0.062062447021334025,0.062062297969541005,0.06206214896432385,0.06206200000564355,0.0620618510934628,0.06206170222774289,0.062061553408445776,0.06206140463553323,0.06206125590896731,0.062061107228709375,0.06206095859472193,0.06206081000696675,0.06206066146540678,0.0620605129700023,0.06206036452071609,0.06206021611751052,0.06206006776034741,0.0620599194491888,0.062059771183997234,0.062059622964734565,0.062059474791361965,0.06205932666384424,0.062059178582142445,0.06205903054621879,0.06205888255603566,0.062058734611555665,0.06205858671274003,0.0620584388595531,0.062058291051956295,0.06205814328991165,0.062057995573382645,0.06205784790233254,0.06205770027672226,0.062057552696515215,0.06205740516167182,0.06205725767215892,0.06205711022793995,0.062056962828972065,0.06205681547522072,0.06205666816664876,0.062056520903218476,0.062056373684892745,0.06205622651163633,0.062056079383411046,0.062055932300179854,0.06205578526190518,0.062055638268550026,0.062055491320078156,0.06205534441645249,0.062055197557635874,0.06205505074359134,0.06205490397428211,0.062054757249671424,0.06205461056972168,0.06205446393439756,0.062054317343661985,0.06205417079747768,0.06205402429580828,0.06205387783861713,0.062053731425867585,0.06205358505752156,0.06205343873354586,0.06205329245390216,0.06205314621855376,0.06205300002747016,0.06205285388061085,0.06205270777793064,0.06205256171939983,0.062052415704982634,0.06205226973464056,0.06205212380833922,0.06205197792604408,0.062051832087717716,0.06205168629332154,0.0620515405428252,0.06205139483618507,0.06205124917337032,0.062051103554342735,0.0620509579790667,0.06205081244750632,0.06205066695962583,0.062050521515388965,0.06205037611476007,0.06205023075770279,0.062050085444180926,0.06204994017415959,0.06204979494760196,0.0620496497644725,0.06204950462473572,0.06204935952835562,0.062049214475297806,0.06204906946552384,0.06204892449899996,0.06204877957568962,0.06204863469555838,0.06204848985856989,0.06204834506468893,0.06204820031387871,0.06204805560610573,0.06204791094133418,0.06204776631952791,0.062047621740651725,0.062047477204670284,0.06204733271154821,0.06204718826125015,0.06204704385374095,0.062046899488985306,0.062046755166947916,0.06204661088759373,0.062046466650887366,0.06204632245679616,0.062046178305280225,0.062046034196306846,0.06204589012983858,0.062045746105845165,0.06204560212428927,0.062045458185137584,0.06204531428835335,0.062045170433900364,0.06204502662174543,0.062044882851852834,0.06204473912418875,0.062044595438717536,0.06204445179540664,0.06204430819421758,0.06204416463511755,0.06204402111807174,0.06204387764304699,0.06204373421000595,0.062043590818916944,0.062043447469741976,0.06204330416244893,0.062043160897002174,0.06204301767336729,0.06204287449151242,0.06204273135139875,0.06204258825299344,0.06204244519626268,0.062042302181172404,0.06204215920768836,0.06204201627577473,0.062041873385399356,0.062041730536526854,0.06204158772912311,0.06204144496315375,0.06204130223858486,0.06204115955538241,0.06204101691351267,0.0620408743129409,0.06204073175363277,0.06204058923555463,0.06204044675867255,0.06204030432295255,0.06204016192836052,0.06204001957486254,0.06203987726242515,0.062039734991013874,0.06203959276059468,0.062039450571135114,0.06203930842260029,0.06203916631495688,0.062039024248171204,0.06203888222220754,0.06203874023703589,0.062038598292620935,0.062038456388928825,0.06203831452592569,0.06203817270357869,0.06203803092185393,0.062037889180717565,0.062037747480136886,0.062037605820077044,0.062037464200504856,0.062037322621389474,0.06203718108269576,0.06203703958438949,0.06203689812643822,0.06203675670880926,0.06203661533146913,0.062036473994383695,0.062036332697520784,0.06203619144084653,0.06203605022432786,0.062035909047932214,0.062035767911625954,0.0620356268153762,0.06203548575914932,0.06203534474291548,0.06203520376663661,0.06203506283028242,0.06203492193381941,0.06203478107721248,0.06203464026043408,0.06203449948344983,0.062034358746224615,0.062034218048725706,0.06203407739092158,0.06203393677277929,0.062033796194265765,0.06203365565534932,0.06203351515599544,0.06203337469617263,0.062033234275848045,0.06203309389498963,0.06203295355356392,0.062032813251539067,0.06203267298888242,0.062032532765561615,0.06203239258154248,0.06203225243679346,0.062032112331284917,0.06203197226498243,0.0620318322378537,0.06203169224986543,0.06203155230098712,0.06203141239118564,0.06203127252042889,0.06203113268868431,0.062030992895915835,0.06203085314209959,0.06203071342719925,0.06203057375118279,0.06203043411401843,0.06203029451567318,0.06203015495611558,0.06203001543531411,0.06202987595323596,0.06202973650984939,0.062029597105122396,0.06202945773902338,0.06202931841152058,0.06202917912258164,0.062029039872175055,0.06202890066026965,0.06202876148683202,0.06202862235183168,0.06202848325523647,0.062028344197015854,0.06202820517713663,0.06202806619556845,0.06202792725227741,0.06202778834723413,0.0620276494804068,0.06202751065176372,0.062027371861273134,0.06202723310890357,0.06202709439461984,0.06202695571839832,0.06202681708020328,0.06202667848000402,0.062026539917768665,0.06202640139346637,0.06202626290706542,0.06202612445853441,0.062025986047842555,0.06202584767495856,0.06202570933985173,0.06202557104249004,0.06202543278284023,0.062025294560876326,0.06202515637656368,0.062025018229871845,0.06202488012077041,0.062024742049227664,0.0620246040152129,0.062024466018695476,0.06202432805964344,0.06202419013802672,0.06202405225381459,0.062023914406975425,0.0620237765974788,0.06202363882529388,0.06202350109039003,0.062023363392735835,0.06202322573230228,0.06202308810905675,0.06202295052296915,0.06202281297400905,0.0620226754621458,0.06202253798734862,0.06202240054958693,0.06202226314882731,0.06202212578504495,0.062021988458206195,0.062021851168281655,0.062021713915240424,0.06202157669905183,0.06202143951968557,0.06202130237711122,0.062021165271298626,0.06202102820221698,0.062020891169837555,0.062020754174127425,0.06202061721505761,0.062020480292597865,0.06202034340671825,0.06202020655738807,0.062020069744577924,0.06201993296825706,0.06201979622839594,0.062019659524964084,0.06201952285793174,0.0620193862272695,0.06201924963294516,0.06201911307493066,0.06201897655319503,0.06201884006770903,0.06201870361844275,0.06201856720536616,0.0620184308284484,0.06201829448766118,0.06201815818297408,0.062018021914357575,0.06201788568178161,0.062017749485216885,0.06201761332463187,0.06201747719999997,0.06201734111128921,0.06201720505847117,0.062017069041516514,0.06201693306039469,0.06201679711507577,0.0620166612055308,0.062016525331730486,0.062016389493645345,0.06201625369124593,0.062016117924502644,0.062015982193385985,0.06201584649786746,0.06201571083791565,0.06201557521350302,0.06201543962459971,0.062015304071176544,0.062015168553204075,0.06201503307065315,0.06201489762349515,0.06201476221169991,0.06201462683523901,0.06201449149408428,0.06201435618820388,0.06201422091757136,0.062014085682154975,0.0620139504819274,0.06201381531686022,0.062013680186921875,0.06201354509208767,0.06201341003232479,0.062013275007605784,0.06201314001790206,0.06201300506318373,0.062012870143422355,0.062012735258589836,0.06201260040865694,0.06201246559359482,0.062012330813374615,0.062012196067967935,0.06201206135734266,0.062011926681476676,0.06201179204033644,0.06201165743389648,0.062011522862126266,0.062011388324997724,0.062011253822482376,0.062011119354551406,0.0620109849211763,0.06201085052232873,0.0620107161579801,0.06201058182810203,0.062010447532666116,0.06201031327164388,0.06201017904500427,0.06201004485272459,0.06200991069477452,0.062009776571124844,0.062009642481748686,0.06200950842661422,0.06200937440569555,0.06200924041896432,0.06200910646639193,0.06200897254795081,0.062008838663613806,0.062008704813351245,0.062008570997135436,0.0620084372149386,0.06200830346673561,0.06200816975249242,0.06200803607218399,0.0620079024257825,0.062007768813259936,0.06200763523458898,0.06200750168974131,0.06200736817868812,0.06200723470140242,0.062007101257856356,0.062006967848021996,0.06200683447187157,0.062006701129377645,0.06200656782051292,0.062006434545249026,0.062006301303557845,0.06200616809541256,0.06200603492078455,0.06200590177964723,0.062005768671972335,0.06200563559773377,0.06200550255690146,0.06200536954945062,0.06200523657535128,0.06200510363457708,0.06200497072710067,0.06200483785289477,0.06200470501193162,0.06200457220418372,0.06200443942962434,0.06200430668822534,0.062004173979960164,0.06200404130480114,0.062003908662720986,0.06200377605369304,0.062003643477689205,0.062003510934682836,0.06200337842464662,0.06200324594755343,0.06200311350337645,0.062002981092088,0.062002848713661414,0.062002716368069526,0.06200258405528521,0.06200245177528033,0.06200231952803052,0.06200218731350725,0.062002055131683505,0.062001922982533056,0.062001790866028285,0.06200165878214272,0.06200152673084935,0.062001394712121294,0.06200126272593162,0.06200113077225447,0.0620009988510625,0.06200086696232909,0.06200073510602642,0.06200060328212917,0.06200047149061033,0.06200033973144267,0.06200020800459989,0.062000076310056905,0.06199994464778498,0.06199981301775852,0.0619996814199505,0.0619995498543347,0.061999418320885166,0.06199928681957499,0.06199915535037704,0.061999023913266484,0.061998892508214984,0.06199876113519725,0.061998629794186744,0.0619984984851585,0.061998367208083605,0.06199823596293775,0.06199810474969448,0.06199797356832764,0.06199784241881043,0.06199771130111679,0.06199758021521938,0.06199744916109323,0.06199731813871322,0.06199718714805135,0.06199705618908235,0.06199692526178041,0.06199679436611923,0.06199666350207355,0.061996532669617764,0.06199640186872194,0.06199627109936324,0.0619961403615159,0.061996009655155324,0.061995878980253126,0.06199574833678384,0.06199561772472219,0.061995487144043245,0.061995356594719137,0.06199522607672495,0.061995095590036214,0.06199496513462505,0.06199483471046682,0.06199470431753716,0.06199457395580911,0.06199444362525587,0.06199431332585308,0.061994183057576056,0.06199405282039775,0.061993922614293616,0.061993792439237604,0.06199366229520406,0.06199353218216773,0.061993402100103026,0.061993272048984464,0.06199314202878656,0.06199301203948488,0.06199288208105103,0.061992752153463254,0.06199262225669486,0.061992492390720515,0.06199236255551442,0.06199223275105203,0.06199210297730797,0.061991973234257314,0.06199184352187402,0.061991713840132225,0.061991584189008804,0.06199145456847768,0.06199132497851357,0.06199119541909299,0.061991065890188,0.06199093639177493,0.06199080692382891,0.06199067748632458,0.06199054807923737,0.061990418702542,0.06199028935621364,0.061990160040227504,0.06199003075455816,0.06198990149918145,0.061989772274072034,0.06198964307920516,0.06198951391455681,0.06198938478010061,0.06198925567581281,0.06198912660166832,0.06198899755764253,0.0619888685437115,0.06198873955984968,0.061988610606030524,0.061988481682232956,0.06198835278843022,0.061988223924599115,0.061988095090712465,0.06198796628674393,0.06198783751267765,0.06198770876848314,0.06198758005413641,0.06198745136961346,0.06198732271488956,0.061987194089940356,0.06198706549474243,0.061986936929269314,0.06198680839349828,0.061986679887403674,0.061986551410961925,0.06198642296414864,0.06198629454693955,0.061986166159310345,0.06198603780123682,0.06198590947269486,0.061985781173659965,0.0619856529041089,0.06198552466401699,0.061985396453358745,0.061985268272111094,0.06198514012025003,0.061985011997752214,0.061984883904591705,0.06198475584074544,0.06198462780618964,0.061984499800900233,0.061984371824853036,0.061984243878024245,0.06198411596038986,0.06198398807192591,0.061983860212604255,0.06198373238240983,0.061983604581313995,0.06198347680929341,0.061983349066322954,0.06198322135238115,0.0619830936674436,0.06198296601148526,0.061982838384483,0.06198271078641457,0.06198258321725362,0.06198245567697773,0.061982328165563275,0.061982200682988466,0.061982073229226456,0.06198194580425436,0.06198181840804943,0.06198169104058917,0.0619815637018479,0.06198143639180309,0.061981309110431246,0.06198118185771225,0.061981054633615966,0.06198092743812238,0.06198080027120799,0.061980673132849454,0.06198054602302347,0.061980418941706444,0.06198029188887534,0.061980164864508754,0.061980037868581056,0.06197991090106766,0.0619797839619466,0.06197965705119556,0.061979530168790486,0.061979403314708574,0.06197927648892055,0.061979149691415616,0.06197902292216418,0.061978896181143044,0.061978769468329614,0.06197864278370037,0.06197851612723419,0.06197838949890487,0.06197826289869083,0.06197813632656897,0.061978009782517426,0.06197788326651151,0.061977756778529174,0.06197763031854746,0.06197750388654355,0.06197737748249432,0.061977251106377286,0.06197712475816935,0.06197699843784792,0.06197687214539005,0.061976745880772975,0.06197661964397404,0.06197649343497026,0.061976367253743725,0.06197624110026123,0.06197611497450726,0.06197598887645808,0.06197586280609095,0.061975736763382624,0.061975610748311614,0.06197548476085486,0.06197535880098965,0.06197523286869378,0.06197510696394449,0.06197498108671919,0.06197485523699586,0.06197472941475175,0.06197460361996421,0.06197447785261118,0.061974352112671105,0.06197422640012342,0.06197410071493882,0.06197397505709955,0.061973849426583204,0.061973723823366786,0.0619735982474262,0.06197347269874145,0.06197334717729304,0.06197322168305542,0.0619730962160074,0.061972970776126395,0.06197284536339197,0.061972719977777285,0.061972594619262994,0.0619724692878275,0.06197234398344864,0.06197221870610442,0.061972093455770386,0.06197196823242497,0.061971843036051404,0.06197171786662397,0.0619715927241203,0.06197146760851722,0.06197134251979587,0.06197121745793272,0.06197109242290698,0.061970967414693705,0.061970842433275754,0.06197071747862487,0.06197059255072411,0.06197046764955098,0.0619703427750844,0.06197021792729844,0.06197009310617551,0.061969968311695864,0.06196984354383288,0.061969718802565764,0.06196959408787713,0.06196946939974169,0.06196934473813898,0.06196922010304635,0.06196909549444305,0.06196897091230617,0.06196884635661482,0.06196872182735359,0.06196859732448985,0.0619684728480069,0.06196834839788361,0.06196822397409747,0.06196809957662899,0.06196797520545289,0.06196785086055713,0.061967726541907804,0.06196760224949292,0.06196747798328758,0.06196735374326933,0.06196722952941851,0.06196710534171282,0.06196698118013375,0.061966857044658576,0.06196673293526434,0.06196660885193137,0.06196648479463571,0.061966360763360935,0.06196623675808074,0.061966112778778,0.06196598882543285,0.06196586489802157,0.06196574099652562,0.06196561712091441,0.06196549327117494,0.0619653694472885,0.06196524564923034,0.061965121876979785,0.061964998130517264,0.061964874409820264,0.06196475071486806,0.06196462704563945,0.061964503402119266,0.0619643797842794,0.06196425619209781,0.06196413262555708,0.06196400908463595,0.06196388556931389,0.061963762079569065,0.061963638615382455,0.06196351517673262,0.06196339176359843,0.061963268375958766,0.061963145013793075,0.061963021677081905,0.06196289836580327,0.06196277507993667,0.06196265181946208,0.06196252858435778,0.06196240537460499,0.06196228219018152,0.0619621590310713,0.06196203589724615,0.06196191278868915,0.061961789705379945,0.06196166664729409,0.061961543614419176,0.06196142060673059,0.061961297624207726,0.06196117466683168,0.06196105173458378,0.061960928827436854,0.06196080594537552,0.06196068308837607,0.0619605602564207,0.061960437449485505,0.0619603146675592,0.06196019191061388,0.061960069178630804,0.06195994647159039,0.06195982378947218,0.061959701132255636,0.061959578499921585,0.06195945589244843,0.06195933330981703,0.06195921075200698,0.06195908821899849,0.0619589657107718,0.061958843227304654,0.06195872076857776,0.0619585983345727,0.061958475925269305,0.06195835354064265,0.06195823118068107,0.06195810884535987,0.061957986534662585,0.061957864248563935,0.061957741987048454,0.06195761975009224,0.06195749753767679,0.061957375349783086,0.06195725318639134,0.06195713104748043,0.06195700893303188,0.06195688684302576,0.06195676477744156,0.06195664273626065,0.06195652071946245,0.06195639872702637,0.06195627675893581,0.06195615481516851,0.061956032895704165,0.061955911000524395,0.06195578912960956,0.061955667282939934,0.06195554546049645,0.061955423662258785,0.06195530188820781,0.06195518013832394,0.061955058412587076,0.061954936710978036,0.06195481503347697,0.06195469338006575,0.06195457175072298,0.061954450145429434,0.061954328564166994,0.061954207006915785,0.06195408547365597,0.061953963964367614,0.061953842479032344,0.06195372101763123,0.0619535995801436,0.06195347816655165,0.061953356776834494,0.06195323541097449,0.06195311406895153,0.06195299275074686,0.06195287145634024,0.061952750185713,0.06195262893884516,0.061952507715719085,0.061952386516314656,0.06195226534061312,0.0619521441885951,0.06195202306024073,0.061951901955532566,0.061951780874450614,0.06195165981697593,0.06195153878308933,0.06195141777277195,0.06195129678600468,0.06195117582276852,0.061951054883044566,0.061950933966813795,0.061950813074057226,0.06195069220475599,0.06195057135889022,0.06195045053644217,0.06195032973739354,0.061950208961724665,0.06195008820941678,0.06194996748045097,0.061949846774808456,0.06194972609247048,0.061949605433418216,0.06194948479763295,0.0619493641850959,0.06194924359578832,0.06194912302969156,0.06194900248678688,0.06194888196705559,0.06194876147047905,0.061948640997038666,0.061948520546715756,0.061948400119491126,0.0619482797153473,0.061948159334265264,0.06194803897622601,0.061947918641211595,0.06194779832920329,0.061947678040182017,0.061947557774130295,0.06194743753102833,0.0619473173108593,0.06194719711360313,0.06194707693924221,0.061946956787758835,0.061946836659133024,0.06194671655334808,0.06194659647038485,0.06194647641022488,0.0619463563728499,0.06194623635824154,0.061946116366381566,0.06194599639725165,0.06194587645083348,0.06194575652710893,0.06194563662605968,0.061945516747667524,0.06194539689191433,0.06194527705878171,0.06194515724825095,0.06194503746030524,0.06194491769492568,0.0619447979520943,0.06194467823179208,0.06194455853400257,0.06194443885870608,0.06194431920588616,0.061944199575523974,0.06194407996760148,0.061943960382100684,0.061943840819003546,0.061943721278292126,0.06194360175994791,0.06194348226395403,0.06194336279029199,0.06194324333894386,0.061943123909891804,0.06194300450311745,0.061942885118603734,0.061942765756331265,0.06194264641628476,0.06194252709844493,0.06194240780279398,0.06194228852931423,0.061942169277983364,0.06194205004879268,0.06194193084171947,0.06194181165674689,0.06194169249385676,0.06194157335303135,0.06194145423425297,0.06194133513750409,0.06194121606276731,0.061941097010023656,0.06194097797925633,0.06194085897044874,0.061940739983582266,0.06194062101864201,0.06194050207560617,0.06194038315445733,0.06194026425518117,0.061940145377754614,0.061940026522166416,0.06193990768839866,0.06193978887642926,0.06193967008624666,0.061939551317830355,0.06193943257116261,0.06193931384622672,0.0619391951430049,0.06193907646147802,0.061938957801632576,0.06193883916344626,0.06193872054690748,0.06193860195199363,0.06193848337869232,0.06193836482698357,0.06193824629684898,0.061938127788275045,0.06193800930123965,0.06193789083572778,0.061937772391725064,0.0619376539692117,0.06193753556816892,0.06193741718858353,0.061937298830434244,0.061937180493705765,0.06193706217838273,0.061936943884449085,0.06193682561188319,0.061936707360662105,0.061936589130782205,0.06193647092221994,0.061936352734962265,0.061936234568986996,0.06193611642428138,0.06193599830082631,0.0619358801986034,0.06193576211759594,0.061935644057787544,0.0619355260191647,0.0619354080017078,0.06193529000539814,0.06193517203022307,0.06193505407616266,0.061934936143199726,0.06193481823131949,0.06193470034050868,0.06193458247074115,0.06193446462200518,0.06193434679428252,0.061934228987558966,0.06193411120181629,0.06193399343703859,0.06193387569320858,0.06193375797030818,0.06193364026832276,0.06193352258723488,0.061933404927027924,0.061933287287685955,0.06193316966919135,0.06193305207152832,0.061932934494678994,0.06193281693862786,0.06193269940335793,0.06193258188885382,0.0619324643950965,0.061932346922071724,0.0619322294697616,0.06193211203815108,0.061931994627221265,0.06193187723695749,0.06193175986734599,0.06193164251836639,0.06193152519000348,0.061931407882240316,0.06193129059506177,0.06193117332845059,0.06193105608239074,0.061930938856865764,0.06193082165185935,0.06193070446735348,0.06193058730333465,0.06193047015978698,0.061930353036690186,0.061930235934032414,0.0619301188517955,0.06193000178996097,0.06192988474851554,0.0619297677274422,0.06192965072672529,0.061929533746350254,0.06192941678629934,0.0619292998465558,0.06192918292710332,0.061929066027924494,0.061928949149007796,0.06192883229032874,0.061928715451882936,0.061928598633648385,0.061928481835608604,0.06192836505774588,0.06192824830004859,0.061928131562498545,0.06192801484507982,0.06192789814777614,0.06192778147057036,0.061927664813447324,0.06192754817639318,0.06192743155939091,0.06192731496242228,0.06192719838547613,0.06192708182852884,0.06192696529157478,0.061926848774594034,0.0619267322775685,0.0619266158004837,0.06192649934332365,0.061926382906072844,0.06192626648871538,0.06192615009123544,0.06192603371361433,0.06192591735584248,0.061925801017902286,0.06192568469977517,0.06192556840144822,0.06192545212290419,0.06192533586412794,0.06192521962510334,0.06192510340581556,0.06192498720624869,0.06192487102638755,0.06192475486621427,0.06192463872571667,0.06192452260487648,0.061924406503681285,0.06192429042211155,0.06192417436015516,0.06192405831779391,0.0619239422950138,0.06192382629180068,0.061923710308135566,0.0619235943440073,0.06192347839939892,0.06192336247429376,0.061923246568677086,0.061923130682533495,0.061923014815847645,0.061922898968604166,0.06192278314078791,0.06192266733238146,0.061922551543374026,0.06192243577374675,0.06192232002348523,0.061922204292574404,0.06192208858099809,0.0619219728887423,0.061921857215791694,0.06192174156213024,0.06192162592774414,0.06192151031261625,0.061921394716733066,0.06192127914007801,0.06192116358263646,0.061921048044393405,0.06192093252533466,0.06192081702544296,0.06192070154470466,0.06192058608310436,0.06192047064062238,0.06192035521725329,0.061920239812977354,0.06192012442777639,0.06192000906164049,0.06191989371455292,0.06191977838649585,0.06191966307745849,0.0619195477874248,0.06191943251637913,0.061919317264306384,0.06191920203119177,0.0619190868170221,0.061918971621779256,0.061918856445450164,0.061918741288019295,0.06191862614947193,0.06191851102979359,0.06191839592896915,0.06191828084698574,0.061918165783824974,0.06191805073947391,0.06191793571391681,0.0619178207071402,0.061917705719129794,0.06191759074986875,0.06191747579934199,0.0619173608675392,0.06191724595444278,0.0619171310600377,0.06191701618430988,0.06191690132724496,0.06191678648882924,0.061916671669046956,0.06191655686788787,0.061916442085324444,0.06191632732135222,0.061916212575955074,0.06191609784911784,0.06191598314082619,0.061915868451065934,0.06191575377982337,0.0619156391270816,0.06191552449282654,0.06191540987704568,0.06191529527972347,0.06191518070084169,0.06191506614039175,0.06191495159836004,0.061914837074727856,0.06191472256948189,0.06191460808260832,0.06191449361409237,0.06191437916391968,0.06191426473207594,0.06191415031854688,0.061914035923317505,0.061913921546377294,0.06191380718770626,0.06191369284729129,0.06191357852512139,0.061913464221179444,0.06191334993545202,0.061913235667925,0.06191312141858373,0.0619130071874158,0.061912892974405144,0.061912778779538435,0.06191266460279968,0.061912550444175415,0.06191243630365338,0.061912322181218137,0.0619122080768544,0.06191209399054974,0.0619119799222926,0.06191186587206334,0.06191175183984892,0.061911637825639035,0.06191152382941548,0.06191140985116779,0.061911295890879195,0.06191118194853514,0.061911068024124744,0.061910954117632346,0.06191084022904365,0.06191072635834521,0.0619106125055235,0.06191049867056411,0.06191038485345333,0.06191027105417074,0.061910157272710424,0.06191004350906267,0.06190992976320733,0.0619098160351299,0.0619097023248167,0.061909588632255326,0.06190947495743136,0.061909361300331194,0.06190924766093458,0.061909134039240914,0.061909020435226884,0.061908906848883345,0.06190879328019397,0.06190867972914637,0.0619085661957274,0.06190845267992221,0.06190833918171628,0.061908225701095325,0.061908112238047056,0.061907998792557775,0.061907885364610955,0.061907771954199185,0.06190765856130412,0.06190754518591369,0.06190743182801475,0.061907318487593024,0.061907205164633314,0.061907091859121924,0.06190697857104857,0.061906865300398274,0.06190675204715916,0.06190663881131372,0.061906525592848795,0.06190641239175466,0.0619062992080145,0.06190618604161913,0.06190607289255053,0.06190595976079712,0.0619058466463451,0.0619057335491822,0.06190562046929288,0.061905507406664874,0.0619053943612845,0.06190528133313886,0.0619051683222123,0.061905055328497736,0.061904942351975835,0.06190482939262879,0.06190471645045767,0.061904603525439375,0.061904490617561946,0.06190437772681337,0.06190426485317869,0.06190415199664312,0.061904039157197034,0.06190392633482701,0.061903813529518806,0.06190370074126049,0.06190358797003618,0.06190347521583403,0.061903362478641116,0.06190324975844641,0.06190313705523182,0.06190302436898669,0.061902911699698256,0.0619027990473544,0.06190268641193985,0.06190257379344214,0.061902461191848654,0.061902348607145684,0.0619022360393206,0.06190212348836096,0.0619020109542536,0.061901898436985216,0.06190178593654237,0.06190167345291188,0.06190156098608185,0.061901448536038794,0.061901336102773284,0.06190122368626547,0.06190111128650715,0.061900998903482475,0.06190088653718026,0.0619007741875872,0.0619006618546893,0.06190054953847657,0.06190043723893443,0.06190032495605095,0.0619002126898119,0.061900100440204775,0.06189998820721745,0.06189987599083714,0.06189976379104809,0.06189965160784162,0.061899539441202536,0.06189942729112062,0.06189931515758072,0.061899203040571296,0.06189909094007883,0.061898978856091386,0.06189886678859562,0.061898754737577666,0.06189864270302767,0.061898530684931646,0.06189841868327594,0.061898306698049486,0.06189819472923993,0.06189808277683162,0.06189797084081501,0.061897858921172604,0.06189774701790058,0.06189763513098058,0.06189752326040104,0.06189741140615005,0.06189729956821326,0.06189718774657925,0.06189707594123398,0.06189696415216797,0.06189685237936718,0.06189674062281531,0.061896628882504884,0.06189651715842497,0.061896405450559924,0.06189629375889827,0.06189618208342523,0.06189607042413144,0.0618959587810036,0.06189584715402896,0.0618957355431952,0.06189562394848969,0.06189551236990029,0.061895400807413105,0.061895289261016784,0.061895177730701696,0.061895066216453284,0.06189495471825997,0.06189484323610832,0.061894731769986416,0.06189462031988221,0.0618945088857835,0.061894397467677,0.06189428606555231,0.06189417467939396,0.06189406330919233,0.06189395195493644,0.06189384061661343,0.06189372929420772,0.06189361798770949,0.061893506697108025,0.061893395422390474,0.06189328416354086,0.06189317292055093,0.06189306169341232,0.061892950482106274,0.06189283928662326,0.061892728106951185,0.0618926169430779,0.06189250579499021,0.06189239466267754,0.06189228354613095,0.0618921724453287,0.06189206136026679,0.06189195029092923,0.0618918392373061,0.061891728199387555,0.061891617177159575,0.061891506170609886,0.06189139517972688,0.06189128420449785,0.06189117324491136,0.06189106230095553,0.061890951372616465,0.06189084045988677,0.061890729562751524,0.06189061868119899,0.06189050781521796,0.06189039696479621,0.06189028612992193,0.061890175310581184,0.0618900645067645,0.06188995371846167,0.06188984294565911,0.061889732188344225,0.06188962144650646,0.06188951072013363,0.06188940000921429,0.061889289313735905,0.061889178633686835,0.06188906796905585,0.06188895731982938,0.06188884668599711,0.061888736067549445,0.061888625464471866,0.061888514876754536,0.0618884043043821,0.061888293747349,0.06188818320563996,0.061888072679241436,0.06188796216814606,0.06188785167233415,0.06188774119180629,0.06188763072654333,0.06188752027653597,0.06188740984177277,0.061887299422240596,0.06188718901792758,0.061887078628821694,0.061886968254915145,0.06188685789619411,0.06188674755264303,0.06188663722425793,0.06188652691102326,0.06188641661292889,0.061886306329963635,0.06188619606211384,0.06188608580936735,0.0618859755717175,0.061885865349148805,0.06188575514164781,0.06188564494920953,0.061885534771820225,0.0618854246094656,0.06188531446213729,0.061885204329822745,0.06188509421251059,0.061884984110189556,0.06188487402284842,0.061884763950477345,0.061884653893055336,0.06188454385058622,0.061884433823051616,0.06188432381044227,0.061884213812743366,0.06188410382994581,0.061883993862036635,0.06188388390900616,0.0618837739708404,0.06188366404753048,0.061883554139067425,0.06188344424543785,0.061883334366631564,0.061883224502635364,0.0618831146534391,0.06188300481903033,0.061882894999393756,0.061882785194530186,0.061882675404422764,0.06188256562906353,0.061882455868432905,0.061882346122524405,0.061882236391327027,0.061882126674828876,0.06188201697301993,0.06188190728588836,0.06188179761342155,0.06188168795561789,0.06188157831245132,0.06188146868392009,0.0618813590700116,0.06188124947071454,0.061881139886018025,0.06188103031591142,0.06188092076037648,0.06188081121941359,0.06188070169300905,0.0618805921811488,0.061880482683825865,0.061880373201026344,0.061880263732740394,0.061880154278956434,0.06188004483966345,0.061879935414850866,0.06187982600450777,0.06187971660862221,0.061879607227185246,0.061879497860185276,0.06187938850761014,0.06187927916944938,0.061879169845695185,0.06187906053633299,0.06187895124134973,0.06187884196074439,0.06187873269450024,0.061878623442606806,0.06187851420505292,0.061878404981827,0.061878295772920186,0.06187818657832131,0.06187807739801908,0.06187796823200308,0.06187785908026082,0.06187774994278501,0.06187764081956327,0.061877531710585285,0.06187742261584229,0.06187731353532343,0.06187720446901183,0.061877095416900944,0.06187698637897987,0.06187687735523896,0.061876768345668895,0.061876659350255325,0.061876550368989605,0.061876441401861285,0.06187633244885984,0.06187622350997438,0.06187611458519442,0.06187600567450864,0.06187589677790855,0.061875787895382825,0.061875679026920496,0.06187557017251423,0.06187546133214941,0.061875352505811394,0.06187524369350204,0.061875134895200176,0.061875026110899296,0.061874917340591064,0.06187480858426059,0.06187469984189981,0.06187459111349749,0.06187448239904402,0.06187437369852929,0.061874265011942264,0.06187415633927278,0.061874047680510545,0.06187393903564399,0.06187383040466533,0.061873721787562605,0.06187361318432617,0.06187350459494483,0.061873396019411046,0.06187328745770965,0.061873178909833154,0.06187307037577133,0.06187296185551311,0.06187285334904917,0.061872744856371814,0.061872636377466365,0.061872527912323415,0.06187241946093092,0.06187231102328247,0.06187220259936673,0.061872094189171466,0.06187198579269001,0.061871877409912575,0.061871769040826245,0.06187166068542048,0.06187155234368585,0.06187144401561252,0.06187133570119057,0.061871227400407576,0.061871119113257614,0.06187101083973081,0.06187090257981242,0.0618707943334949,0.06187068610076934,0.061870577881623014,0.061870469676047514,0.061870361484032334,0.06187025330556801,0.06187014514064391,0.0618700369892493,0.06186992885137544,0.061869820727012546,0.06186971261615147,0.06186960451877928,0.06186949643488735,0.06186938836446581,0.06186928030750784,0.061869172263997615,0.0618690642339283,0.061868956217289495,0.061868848214071424,0.061868740224260414,0.06186863224785609,0.06186852428484341,0.06186841633520979,0.06186830839894689,0.06186820047604639,0.06186809256650026,0.061867984670293065,0.06186787678741536,0.06186776891786206,0.061867661061622996,0.06186755321868436,0.06186744538903855,0.06186733757267574,0.061867229769588,0.061867121979761394,0.06186701420318843,0.061866906439862986,0.0618667986897679,0.06186669095289746,0.06186658322924337,0.06186647551879635,0.06186636782153998,0.06186626013746936,0.06186615246657428,0.061866044808845284,0.0618659371642732,0.061865829532847576,0.06186572191455761,0.06186561430939625,0.06186550671735471,0.06186539913841975,0.061865291572585454,0.0618651840198396,0.0618650764801689,0.061864968953567134,0.06186486144002818,0.06186475393953982,0.06186464645209284,0.06186453897767663,0.061864431516282715,0.061864324067901,0.06186421663252204,0.06186410921013648,0.06186400180073473,0.06186389440430084,0.06186378702083763,0.061863679650326575,0.06186357229276429,0.0618634649481353,0.06186335761643619,0.06186325029765419,0.06186314299177491,0.06186303569879335,0.06186292841870682,0.061862821151501525,0.06186271389716487,0.06186260665568868,0.061862499427058425,0.06186239221126908,0.06186228500831847,0.061862177818184746,0.06186207064087677,0.061861963476367667,0.06186185632465398,0.06186174918572559,0.06186164205957424,0.06186153494618953,0.061861427845560535,0.06186132075768209,0.06186121368254207,0.06186110662013254,0.06186099957044382,0.06186089253346339,0.061860785509188124,0.06186067849759926,0.06186057149870031,0.06186046451246948,0.06186035753890977,0.061860250578006114,0.0618601436297488,0.06186003669412934,0.0618599297711321,0.06185982286075993,0.06185971596299743,0.06185960907783567,0.06185950220526693,0.06185939534527936,0.061859288497867836,0.061859181663014184,0.06185907484071327,0.06185896803096286,0.0618588612337464,0.061858754449055704,0.06185864767688398,0.06185854091722674,0.06185843417007012,0.061858327435405286,0.061858220713219066,0.06185811400350258,0.0618580073062516,0.06185790062146073,0.06185779394911614,0.06185768728920998,0.06185758064173013,0.061857474006663214,0.06185736738401311,0.06185726077376029,0.06185715417590556,0.06185704759043046,0.061856941017329865,0.06185683445659441,0.061856727908214615,0.0618566213721773,0.061856514848478615,0.061856408337108704,0.06185630183806675,0.06185619535133939,0.06185608887690932,0.06185598241477437,0.06185587596492372,0.06185576952734831,0.061855663102041054,0.06185555668898798,0.061855450288183365,0.06185534389962129,0.06185523752328926,0.06185513115918493,0.06185502480730092,0.06185491846761549,0.06185481214012961,0.06185470582482937,0.0618545995217015,0.0618544932307483,0.061854386951952216,0.06185428068530884,0.061854174430815194,0.06185406818845328,0.0618539619582213,0.061853855740106566,0.06185374953409748,0.06185364334019178,0.061853537158378845,0.06185343098864678,0.061853324830990854,0.06185321868539266,0.061853112551854356,0.06185300643036752,0.06185290032091931,0.06185279422349786,0.06185268813810137,0.061852582064715056,0.061852476003337875,0.06185236995395351,0.06185226391656046,0.06185215789113995,0.06185205187769652,0.061851945876220026,0.06185183988669077,0.06185173390910743,0.06185162794345414,0.06185152198973176,0.06185141604793049,0.06185131011803791,0.06185120420004799,0.06185109829394713,0.06185099239973591,0.06185088651740173,0.061850780646934334,0.0618506747883222,0.061850568941563475,0.061850463106650676,0.06185035728356679,0.06185025147230958,0.06185014567286854,0.06185003988523799,0.06184993410940848,0.06184982834537018,0.06184972259311562,0.061849616852630136,0.061849511123912036,0.061849405406956465,0.06184929970175088,0.0618491940082859,0.061849088326550984,0.06184898265654254,0.061848876998251576,0.061848771351669087,0.061848665716785156,0.06184856009359084,0.06184845448207976,0.06184834888224322,0.0618482432940701,0.06184813771755766,0.061848032152693994,0.06184792659946432,0.061847821057874584,0.0618477155279107,0.0618476100095606,0.06184750450283073,0.061847399007690936,0.06184729352413437,0.061847188052169585,0.061847082591777305,0.0618469771429532,0.061846871705683766,0.061846766279967734,0.06184666086578933,0.06184655546314959,0.061846450072036825,0.06184634469244002,0.061846239324352695,0.061846133967766594,0.06184602862267131,0.06184592328906048,0.061845817966928514,0.06184571265626553,0.06184560735706356,0.06184550206931335,0.06184539679300712,0.061845291528136156,0.061845186274695416,0.06184508103267367,0.061844975802063946,0.06184487058285818,0.061844765375050736,0.061844660178628726,0.061844554993584766,0.06184444981991241,0.061844344657602426,0.06184423950664874,0.06184413436704263,0.06184402923877402,0.061843924121842635,0.06184381901623153,0.06184371392193447,0.06184360883894447,0.06184350376725322,0.06184339870685403,0.06184329365773798,0.06184318861989657,0.06184308359332359,0.06184297857800952,0.06184287357394732,0.06184276858113015,0.06184266359954703,0.061842558629192156,0.06184245367005734,0.061842348722133914,0.06184224378541415,0.06184213885989172,0.06184203394555257,0.06184192904240002,0.061841824150418175,0.06184171926959535,0.06184161439992745,0.06184150954141527,0.06184140469404408,0.06184129985780689,0.061841195032695306,0.06184109021870309,0.061840985415818846,0.061840880624036476,0.06184077584334665,0.061840671073744295,0.061840566315220426,0.061840461567767666,0.06184035683137545,0.06184025210604106,0.061840147391755085,0.06184004268850719,0.061839937996292275,0.061839833315101685,0.06183972864492862,0.06183962398576385,0.06183951933759939,0.061839414700430376,0.06183931007424549,0.06183920545903689,0.06183910085479822,0.0618389962615249,0.06183889167920505,0.061838787107834615,0.061838682547402345,0.06183857799790199,0.0618384734593245,0.061838368931670114,0.06183826441492725,0.06183815990908036,0.06183805541412642,0.06183795093007075,0.061837846456878516,0.06183774199456065,0.06183763754310445,0.06183753310250028,0.061837428672750154,0.06183732425384058,0.06183721984576405,0.061837115448513356,0.061837011062082295,0.06183690668646002,0.06183680232164094,0.061836697967617094,0.06183659362438072,0.06183648929192544,0.061836384970242984,0.061836280659319946,0.06183617635916308,0.06183607206975538,0.06183596779109614,0.061835863523164294,0.06183575926596608,0.06183565501949035,0.061835550783720515,0.06183544655865685,0.061835342344295725,0.06183523814062285,0.06183513394763261,0.06183502976531705,0.061834925593670716,0.06183482143268618,0.06183471728235401,0.06183461314266975,0.06183450901362498,0.06183440489521169,0.061834300787419985,0.061834196690246764,0.061834092603683145,0.061833988527722164,0.061833884462355285,0.06183378040757696,0.06183367636337799,0.061833572329751715,0.0618334683066906,0.06183336429419589,0.06183326029224438,0.061833156300837196,0.06183305231996664,0.06183294834962403,0.06183284438980385,0.06183274044049714,0.06183263650169526,0.061832532573398026,0.061832428655591284,0.06183232474827016,0.06183222085142739,0.061832116965055216,0.061832013089147604,0.06183190922369589,0.06183180536869484,0.061831701524136605,0.06183159769001102,0.06183149386631281,0.06183139005303167,0.061831286250167074,0.0618311824577095,0.06183107867565022,0.061830974903982434,0.061830871142700736,0.06183076739179584,0.061830663651263405,0.061830559921093084,0.0618304562012772,0.06183035249181012,0.061830248792685685,0.0618301451038962,0.06183004142543455,0.06182993775729329,0.061829834099465804,0.061829730451944384,0.06182962681472265,0.0618295231877932,0.06182941957114965,0.061829315964783554,0.06182921236868727,0.06182910878285856,0.06182900520728435,0.06182890164196175,0.06182879808688056,0.06182869454203566,0.06182859100742222,0.0618284874830294,0.061828383968851035,0.06182828046488005,0.06182817697110971,0.06182807348753326,0.06182797001414414,0.06182786655093489,0.061827763097898523,0.061827659655026845,0.06182755622231613,0.06182745279975718,0.061827349387343494,0.061827245985068814,0.06182714259292498,0.06182703921090644,0.06182693583900636,0.06182683247721664,0.06182672912552936,0.06182662578394071,0.0618265224524413,0.061826419131024817,0.06182631581968459,0.06182621251841412,0.061826109227206515,0.06182600594605412,0.061825902674950244,0.061825799413889,0.06182569616286971,0.06182559292187213,0.061825489690896566,0.06182538646993508,0.06182528325898164,0.06182518005802884,0.061825076867070006,0.06182497368609972,0.06182487051510923,0.06182476735409327,0.06182466420304507,0.06182456106195917,0.061824457930824764,0.06182435480963718,0.06182425169838985,0.06182414859707571,0.06182404550569114,0.06182394242422372,0.0618238393526709,0.06182373629102319,0.061823633239275456,0.06182353019742242,0.0618234271654541,0.061823324143366325,0.0618232211311512,0.061823118128801986,0.06182301513631256,0.061822912153676725,0.06182280918088854,0.06182270621793901,0.061822603264821085,0.061822500321529944,0.06182239738805814,0.06182229446439875,0.061822191550546864,0.061822088646494744,0.061821985752254185,0.06182188286778149,0.061821779993089604,0.061821677128171125,0.06182157427301931,0.06182147142762751,0.061821368591988834,0.061821265766097776,0.06182116294995274,0.06182106014353788,0.06182095734684909,0.061820854559881476,0.061820751782628136,0.06182064901508243,0.061820546257237534,0.06182044350909226,0.0618203407706341,0.06182023804185434,0.06182013532275087,0.061820032613315055,0.061819929913540655,0.061819827223422774,0.06181972454295419,0.061819621872128305,0.061819519210938624,0.06181941655938381,0.06181931391744776,0.061819211285127705,0.061819108662418645,0.06181900604931396,0.06181890344580652,0.06181880085189105,0.061818698267559355,0.06181859569280621,0.06181849312762476,0.061818390572009566,0.061818288025953565,0.06181818548944959,0.0618180829624935,0.061817980445074375,0.061817877937189715,0.06181777543883292,0.0618176729499961,0.06181757047067465,0.06181746800086064,0.06181736554054873,0.06181726308973179,0.061817160648404514,0.06181705821655966,0.06181695579419098,0.061816853381292475,0.061816750977857285,0.06181664858388017,0.06181654619935421,0.061816443824273086,0.06181634145863073,0.061816239102420255,0.06181613675563618,0.06181603441827081,0.06181593209031965,0.06181582977177569,0.06181572746263299,0.0618156251628846,0.06181552287252245,0.06181542059154163,0.061815318319939715,0.0618152160577077,0.06181511380483934,0.06181501156132874,0.06181490932716931,0.06181480710235443,0.061814704886878055,0.06181460268073431,0.06181450048391632,0.06181439829641581,0.06181429611823375,0.061814193949358553,0.061814091789784156,0.061813989639504414,0.0618138874985149,0.06181378536680818,0.06181368324437807,0.06181358113121992,0.061813479027326604,0.06181337693269123,0.061813274847308815,0.061813172771172195,0.061813070704276,0.061812968646614,0.06181286659817977,0.06181276455896781,0.06181266252897164,0.061812560508185475,0.06181245849660143,0.06181235649421625,0.061812254501022526,0.06181215251701463,0.06181205054218583,0.06181194857653193,0.061811846620043034,0.06181174467271785,0.06181164273454683,0.06181154080552473,0.06181143888564582,0.06181133697490407,0.061811235073293405,0.061811133180809406,0.061811031297443086,0.06181092942318996,0.061810827558044304,0.061810725701998664,0.06181062385504913,0.061810522017188854,0.061810420188411694,0.06181031836871206,0.061810216558085426,0.06181011475652166,0.06181001296401762,0.0618099111805679,0.061809809406165775,0.06180970764081045,0.06180960588448275,0.06180950413718737,0.06180940239891615,0.061809300669663086,0.06180919894942237,0.06180909723818735,0.061808995535952524,0.06180889384271239,0.06180879215846002,0.061808690483190945,0.06180858881689864,0.061808487159577416,0.061808385511221066,0.06180828387182391,0.06180818224137979,0.061808080619884354,0.061807979007330205,0.06180787740371161,0.06180777580902282,0.061807674223258245,0.061807572646411964,0.06180747107847993,0.06180736951945311,0.061807267969327825,0.06180716642809717,0.06180706489575745,0.06180696337229939,0.06180686185771979,0.06180676035201147,0.06180665885515844,0.06180655736717645,0.06180645588804976,0.0618063544177719,0.061806252956337536,0.06180615150374303,0.061806050059977614,0.061805948625038166,0.0618058471989206,0.061805745781615726,0.06180564437311966,0.06180554297342641,0.061805441582531,0.061805340200427966,0.061805238827112204,0.06180513746257345,0.06180503610681956,0.06180493475982566,0.0618048334215951,0.06180473209212913,0.0618046307714078,0.061804529459432905,0.0618044281561987,0.061804326861699226,0.06180422557593045,0.06180412429888408,0.06180402303055766,0.06180392177094158,0.061803820520033644,0.06180371927782552,0.061803618044312815,0.06180351681949011,0.06180341560335188,0.061803314395892414,0.06180321319710724,0.061803112006987924,0.06180301082553075,0.06180290965273033,0.061802808488589246,0.06180270733308452,0.061802606186219425,0.06180250504798832,0.06180240391838606,0.061802302797406734,0.061802201685044696,0.061802100581294754,0.06180199948615044,0.06180189839960795,0.061801797321662064,0.06180169625230475,0.0618015951915312,0.06180149413933627,0.061801393095714745,0.061801292060661366,0.0618011910341746,0.06180109001624007,0.061800989006856606,0.061800888006020724,0.061800787013723484,0.0618006860299617,0.061800585054729025,0.06180048408802,0.06180038312982945,0.061800282180152016,0.061800181238982135,0.06180008030631485,0.061799979382143745,0.061799878466464654,0.0617997775592816,0.061799676660574954,0.06179957577033671,0.06179947488856796,0.06179937401526339,0.06179927315041398,0.061799172294019454,0.06179907144607632,0.061798970606574216,0.06179886977550997,0.06179876895287567,0.061798668138669674,0.06179856733288143,0.06179846653551251,0.06179836574655391,0.06179826496600024,0.061798164193846976,0.061798063430087674,0.0617979626747174,0.06179786192772743,0.061797761189120434,0.061797660458885295,0.06179755973701736,0.061797459023510574,0.06179735831836296,0.06179725762156732,0.06179715693311841,0.06179705625301024,0.06179695558123923,0.061796854917797295,0.06179675426268111,0.06179665361588506,0.061796552977403656,0.061796452347232154,0.06179635172536482,0.06179625111179369,0.06179615050651945,0.06179604990953062,0.06179594932082838,0.06179584874040199,0.06179574816825174,0.061795647604367385,0.061795547048745764,0.061795446501381815,0.06179534596226988,0.061795245431403405,0.06179514490877916,0.0617950443943913,0.061794943888234845,0.06179484339031119,0.06179474290060194,0.06179464241910696,0.06179454194582329,0.06179444148074562,0.06179434102386807,0.06179424057518472,0.06179414013469144,0.06179403970239114,0.06179393927826221,0.061793838862307646,0.06179373845452285,0.0617936380549019,0.061793537663439084,0.06179343728012677,0.06179333690496651,0.06179323653794982,0.061793136179074504,0.06179303582832956,0.0617929354857073,0.0617928351512143,0.061792734824838796,0.06179263450657788,0.061792534196423735,0.061792433894372195,0.06179233360041933,0.061792233314556876,0.061792133036778725,0.061792032767087446,0.06179193250547412,0.061791832251934554,0.061791732006461236,0.061791631769049796,0.06179153153969816,0.06179143131839607,0.06179133110514097,0.06179123089992928,0.0617911307027547,0.06179103051361265,0.061790930332497655,0.06179083015940493,0.06179072999432779,0.061790629837265444,0.06179052968820678,0.061790429547151915,0.061790329414097796,0.06179022928903363,0.06179012917195702,0.06179002906286253,0.06178992896174459,0.06178982886859994,0.06178972878342301,0.06178962870620836,0.06178952863695104,0.06178942857564663,0.06178932852229081,0.06178922847687838,0.061789128439402805,0.06178902840985718,0.06178892838824209,0.06178882837455022,0.0617887283687786,0.06178862837091801,0.061788528380966545,0.061788428398918675,0.061788328424769376,0.06178822845851297,0.06178812850014653,0.061788028549662866,0.06178792860706108,0.0617878286723308,0.06178772874546936,0.06178762882647276,0.06178752891533598,0.061787429012054036,0.06178732911662362,0.061787229229036414,0.06178712934928955,0.06178702947737855,0.06178692961329755,0.06178682975704228,0.061786729908608014,0.06178663006798967,0.06178653023518386,0.0617864304101833,0.06178633059298524,0.06178623078358323,0.06178613098197403,0.06178603118815196,0.06178593140211158,0.061785831623848715,0.061785731853356264,0.06178563209063488,0.06178553233567752,0.06178543258848031,0.061785332849035424,0.061785233117339064,0.06178513339338708,0.06178503367717493,0.06178493396869741,0.061784834267945905,0.06178473457492422,0.061784634889622866,0.06178453521203731,0.06178443554216338,0.06178433587999559,0.061784236225524654,0.061784136578760515,0.06178403693968395,0.06178393730829514,0.061783837684589206,0.061783738068562404,0.06178363846020845,0.06178353885952126,0.061783439266501726,0.06178333968114061,0.06178324010343435,0.061783140533378085,0.06178304097097116,0.06178294141620136,0.061782841869067746,0.06178274232956484,0.06178264279768893,0.061782543273435464,0.06178244375680037,0.061782344247777746,0.06178224474636402,0.061782145252554,0.06178204576634368,0.06178194628772794,0.061781846816701375,0.0617817473532603,0.06178164789739995,0.061781548449111975,0.06178144900839922,0.06178134957525344,0.061781250149669946,0.06178115073164416,0.061781051321171475,0.06178095191824747,0.061780852522867725,0.06178075313502749,0.0617806537547219,0.061780554381946656,0.06178045501669656,0.0617803556589674,0.06178025630876533,0.06178015696606564,0.06178005763087341,0.06177995830318399,0.06177985898299377,0.06177975967029752,0.061779660365090756,0.06177956106738432,0.061779461777143045,0.06177936249437779,0.061779263219083815,0.06177916395125708,0.061779064690890374,0.061778965437983877,0.061778866192530785,0.06177876695452664,0.06177866772396726,0.0617785685008464,0.06177846928516243,0.061778370076909984,0.061778270876083737,0.06177817168267925,0.061778072496692676,0.06177797331812141,0.061777874146957644,0.06177777498318963,0.061777675826828686,0.061777576677863794,0.06177747753629008,0.06177737840210325,0.06177727927529818,0.06177718015587173,0.06177708104381789,0.061776981939132954,0.061776882841812535,0.0617767837518527,0.061776684669243465,0.061776585593990255,0.06177648652608627,0.06177638746552254,0.061776288412298264,0.061776189366406255,0.06177609032784469,0.06177599129660731,0.06177589227269081,0.06177579325609042,0.061775694246801884,0.06177559524481636,0.06177549625013816,0.06177539726275704,0.06177529828267299,0.061775199309879486,0.06177510034437102,0.061775001386145244,0.061774902435187184,0.06177480349151173,0.061774704555103484,0.06177460562595948,0.06177450670407547,0.061774407789447476,0.061774308882070354,0.061774209981940095,0.061774111089052404,0.06177401220340325,0.061773913324982964,0.06177381445379738,0.06177371558983257,0.06177361673309484,0.06177351788357318,0.061773419041265196,0.06177332020616525,0.061773221378267976,0.06177312255757281,0.06177302374407227,0.06177292493776313,0.061772826138641684,0.061772727346698836,0.0617726285619384,0.06177252978435223,0.06177243101393138,0.06177233225068148,0.06177223349459344,0.061772134745663405,0.06177203600388623,0.06177193726926021,0.06177183854177689,0.061771739821434815,0.06177164110822871,0.061771542402155204,0.06177144370321166,0.061771345011388964,0.06177124632668566,0.06177114764910393,0.06177104897862843,0.061770950315260205,0.061770851658995304,0.06177075300982894,0.061770654367757534,0.061770555732769496,0.06177045710487437,0.06177035848406155,0.06177025987032718,0.06177016126366646,0.0617700626640755,0.06176996407155118,0.061769865486084735,0.06176976690767811,0.06176966833632435,0.06176956977202004,0.06176947121476095,0.06176937266454345,0.06176927412136173,0.06176917558521273,0.06176907705609214,0.061768978533996564,0.06176888001892151,0.06176878151086182,0.06176868300981398,0.06176858451577456,0.06176848602874011,0.061768387548704534,0.06176828907566727,0.06176819060961926,0.06176809215056005,0.06176799369848332,0.06176789525338502,0.06176779681526253,0.06176769838411496,0.061767599959932085,0.0617675015427084,0.06176740313244821,0.061767304729161206,0.06176720633280794,0.06176710794340134,0.061767009560941145,0.061766911185416905,0.06176681281682539,0.0617667144551672,0.06176661610043607,0.061766517752627884,0.06176641941173934,0.06176632107776554,0.06176622275070274,0.061766124430547464,0.0617660261172921,0.06176592781094125,0.0617658295114828,0.06176573121891528,0.061765632933232346,0.06176553465443632,0.06176543638251857,0.06176533811747667,0.06176523985930271,0.06176514160799897,0.06176504336355836,0.061764945125977196,0.06176484689524859,0.06176474867137413,0.06176465045434752,0.06176455224416443,0.06176445404082084,0.061764355844313,0.06176425765463875,0.061764159471789884,0.06176406129577449,0.06176396312657065,0.061763864964176636,0.06176376680859827,0.061763668659831884,0.061763570517869154,0.06176347238270703,0.06176337425433819,0.06176327613276521,0.06176317801798127,0.061763079909982636,0.06176298180876309,0.06176288371432239,0.06176278562665602,0.061762687545763265,0.061762589471630804,0.06176249140425781,0.06176239334364447,0.06176229528977976,0.0617621972426712,0.06176209920230869,0.06176200116869177,0.061761903141810334,0.061761805121664695,0.06176170710824951,0.061761609101561345,0.061761511101596195,0.06176141310835039,0.06176131512181826,0.06176121714200154,0.061761119168891716,0.061761021202484875,0.061760923242778355,0.061760825289767236,0.061760727343451755,0.06176062940382535,0.06176053147088244,0.06176043354462171,0.0617603356250409,0.061760237712129525,0.06176013980588986,0.0617600419063163,0.06175994401340506,0.0617598461271508,0.061759748247554605,0.061759650374608344,0.0617595525083087,0.06175945464865337,0.06175935679563831,0.06175925894925901,0.06175916110951326,0.06175906327639779,0.06175896544990361,0.061758867630031376,0.061758769816776485,0.06175867201013593,0.06175857421010386,0.06175847641667655,0.061758378629852506,0.06175828084962913,0.06175818307599062,0.06175808530895338,0.06175798754850364,0.06175788979463597,0.06175779204735563,0.0617576943066453,0.061757596572506165,0.06175749884493913,0.061757401123938974,0.061757303409499226,0.06175720570161765,0.06175710800029038,0.06175701030551384,0.061756912617284686,0.06175681493559892,0.061756717260453384,0.06175661959184272,0.06175652192976498,0.06175642427421591,0.06175632662519195,0.0617562289826914,0.06175613134670677,0.06175603371723429,0.061755936094277,0.06175583847782394,0.06175574086787399,0.06175564326442382,0.06175554566746965,0.06175544807700738,0.061755350493033954,0.06175525291554619,0.06175515534454175,0.06175505778001327,0.06175496022195894,0.06175486267037562,0.06175476512525861,0.061754667586605895,0.06175457005441448,0.0617544725286776,0.06175437500939321,0.06175427749655911,0.06175417999016167,0.06175408249021471,0.06175398499670627,0.0617538875096359,0.06175379002899269,0.06175369255477839,0.061753595086986565,0.061753497625616764,0.06175340017066427,0.06175330272212582,0.06175320527999672,0.06175310784427375,0.061753010414955234,0.06175291299203277,0.061752815575508276,0.061752718165375566,0.061752620761629316,0.06175252336426629,0.06175242597328923,0.061752328588690314,0.06175223121046618,0.061752133838608364,0.06175203647312419,0.061751939114002875,0.06175184176124101,0.06175174441483866,0.0617516470747866,0.061751549741088256,0.061751452413734545,0.06175135509272427,0.061751257778050406,0.06175116046971628,0.06175106316771392,0.06175096587204132,0.06175086858269408,0.06175077129966921,0.06175067402296081,0.06175057675257891,0.061750479488499724,0.061750382230729754,0.061750284979263985,0.06175018773410078,0.06175009049523332,0.0617499932626606,0.06174989603638068,0.0617497988163885,0.061749701602682144,0.06174960439525516,0.061749507194111056,0.061749409999236955,0.06174931281063209,0.06174921562829423,0.061749118452219975,0.061749021282404594,0.06174892411883954,0.06174882696153682,0.06174872981047385,0.061748632665667096,0.06174853552711227,0.06174843839478381,0.0617483412686971,0.06174824414884304,0.06174814703521028,0.06174804992781283,0.06174795282663849,0.0617478557316816,0.06174775864294275,0.06174766156041733,0.06174756448409659,0.06174746741398568,0.06174737035007825,0.06174727329237,0.06174717624085469,0.06174707919553502,0.061746982156404985,0.061746885123459286,0.06174678809669445,0.061746691076111145,0.061746594061703325,0.06174649705346968,0.06174640005140503,0.061746303055505984,0.06174620606577021,0.06174610908219397,0.06174601210477448,0.061745915133505073,0.06174581816838621,0.06174572120941279,0.061745624256582976,0.06174552730989498,0.06174543036933981,0.061745333434920446,0.061745236506624904,0.061745139584458784,0.06174504266841591,0.061744945758492986,0.06174484885468601,0.061744751956994276,0.06174465506541032,0.06174455817993432,0.06174446130056104,0.061744364427282164,0.06174426756010405,0.06174417069902021,0.06174407384402642,0.06174397699511955,0.06174388015229603,0.06174378331555279,0.06174368648488656,0.06174358966029395,0.0617434928417715,0.061743396029315466,0.061743299222923674,0.06174320242259438,0.061743105628323025,0.061743008840105966,0.06174291205794058,0.06174281528182326,0.06174271851175045,0.06174262174771658,0.061742524989723574,0.06174242823776485,0.06174233149183888,0.061742234751941176,0.06174213801807129,0.06174204129022232,0.06174194456839231,0.06174184785258448,0.061741751142783144,0.06174165443899134,0.06174155774120605,0.06174146104942397,0.061741364363641915,0.061741267683858285,0.061741171010066286,0.061741074342264335,0.061740977680450386,0.06174088102461916,0.0617407843747714,0.061740687730900204,0.061740591093003956,0.06174049446107923,0.06174039783512213,0.06174030121512837,0.06174020460108661,0.06174010799301902,0.061740011390904445,0.06173991479474252,0.0617398182045292,0.061739721620265225,0.061739625041941575,0.0617395284695587,0.06173943190311245,0.06173933534259992,0.06173923878802113,0.06173914223936616,0.061739045696632106,0.061738949159824,0.061738852628933374,0.061738756103960415,0.06173865958489762,0.0617385630717437,0.06173846656449474,0.06173837006314958,0.06173827356770394,0.06173817707815469,0.061738080594498354,0.061737984116732585,0.061737887644862814,0.06173779117886915,0.061737694718750194,0.061737598264516094,0.061737501816156753,0.061737405373659356,0.0617373089370427,0.061737212506290516,0.06173711608139944,0.06173701966236928,0.061736923249196406,0.06173682684187421,0.06173673044040458,0.06173663404477996,0.06173653765500215,0.061736441271065805,0.06173634489296824,0.06173624852070599,0.061736152154275956,0.061736055793675686,0.0617359594389009,0.061735863089951916,0.06173576674682095,0.061735670409506435,0.06173557407800716,0.06173547775230867,0.06173538143242854,0.06173528511835304,0.061735188810081464,0.061735092507607704,0.06173499621092823,0.06173489992004409,0.061734803634949834,0.061734707355644916,0.06173461108212504,0.06173451481438442,0.06173441855242086,0.061734322296230326,0.06173422604581595,0.0617341298011711,0.06173403356229226,0.06173393732917505,0.06173384110182072,0.061733744880221576,0.06173364866437581,0.061733552454280215,0.061733456249929944,0.06173336005133176,0.06173326385847557,0.061733167671356774,0.061733071489976234,0.06173297531432974,0.06173287914441368,0.06173278298022485,0.06173268682176163,0.061732590669020496,0.061732494521993315,0.06173239838068725,0.06173230224509348,0.06173220611520755,0.06173210999103227,0.0617320138725616,0.06173191775979173,0.06173182165272207,0.06173172555134423,0.06173162945566283,0.061731533365673615,0.06173143728136905,0.06173134120274732,0.061731245129806205,0.06173114906254472,0.06173105300095785,0.061730956945044324,0.061730860894801294,0.06173076485022428,0.06173066881131073,0.06173057277805717,0.06173047675046384,0.06173038072852617,0.06173028471224007,0.061730188701601615,0.06173009269661206,0.06172999669726535,0.06172990070355731,0.061729804715489785,0.06172970873305315,0.061729612756252876,0.061729516785083614,0.06172942081954864,0.06172932485962829,0.06172922890532637,0.06172913295664536,0.06172903701357817,0.0617289410761253,0.06172884514428128,0.061728749218047156,0.061728653297413005,0.06172855738238069,0.06172846147294739,0.0617283655691081,0.06172826967086084,0.06172817377820358,0.06172807789113483,0.06172798200964921,0.061727886133745705,0.06172779026342122,0.06172769439867414,0.06172759853949818,0.06172750268589189,0.06172740683785282,0.06172731099537985,0.06172721515846617,0.061727119327111404,0.06172702350131422,0.061726927681070486,0.06172683186637499,0.06172673605722805,0.06172664025362909,0.06172654445557148,0.06172644866305157,0.06172635287607023,0.06172625709462307,0.06172616131870607,0.06172606554831842,0.06172596978345363,0.06172587402411449,0.06172577827029466,0.06172568252199318,0.061725586779206434,0.061725491041932125,0.06172539531016654,0.061725299583907656,0.061725203863151154,0.061725108147896716,0.06172501243814048,0.0617249167338801,0.06172482103511104,0.06172472534183307,0.06172462965404307,0.061724533971743274,0.06172443829491941,0.061724342623575276,0.06172424695770696,0.0617241512973124,0.06172405564238943,0.061723959992941814,0.06172386434895278,0.06172376871042608,0.061723673077365065,0.06172357744975608,0.061723481827604676,0.06172338621089588,0.061723290599643654,0.06172319499383819,0.06172309939347374,0.0617230037985519,0.06172290820906918,0.061722812625024874,0.06172271704641264,0.06172262147323115,0.06172252590547372,0.06172243034314472,0.06172233478624028,0.06172223923475102,0.06172214368868081,0.06172204814802707,0.061721952612778117,0.06172185708294562,0.06172176155852116,0.06172166603950074,0.06172157052588112,0.06172147501765744,0.0617213795148324,0.06172128401739785,0.061721188525357844,0.06172109303870249,0.06172099755743469,0.06172090208154868,0.06172080661104416,0.061720711145918726,0.06172061568616808,0.06172052023178239,0.061720424782774015,0.06172032933913279,0.06172023390085606,0.06172013846794043,0.06172004304038335,0.06171994761818721,0.061719852201339284,0.0617197567898444,0.06171966138369844,0.061719565982897774,0.06171947058744335,0.06171937519733058,0.06171927981255592,0.06171918443310634,0.06171908905900067,0.06171899369022411,0.061718898326776815,0.06171880296865395,0.061718707615854504,0.06171861226837544,0.06171851692621521,0.061718421589370284,0.06171832625783636,0.06171823093161224,0.06171813561069047,0.06171804029508012,0.06171794498477274,0.061717849679759115,0.06171775438004897,0.061717659085633,0.061717563796508335,0.06171746851267314,0.06171737323412395,0.06171727796086175,0.06171718269288158,0.06171708743018084,0.06171699217275559,0.06171689692060471,0.061716801673725515,0.06171670643211609,0.06171661119577454,0.06171651596469423,0.06171642073887865,0.06171632551832057,0.061716230303020814,0.0617161350929699,0.061716039888175936,0.06171594468862297,0.06171584949432479,0.06171575430526922,0.06171565912145667,0.06171556394288327,0.06171546876954634,0.06171537360144351,0.061715278438572205,0.061715183280930605,0.06171508812851374,0.06171499298132226,0.06171489783935232,0.06171480270260065,0.06171470757106646,0.0617146124447463,0.061714517323635226,0.06171442220773202,0.061714327097039424,0.061714231991549164,0.061714136891262684,0.0617140417961753,0.06171394670628475,0.06171385162158794,0.06171375654208356,0.06171366146776861,0.06171356639864063,0.06171347133469548,0.0617133762759335,0.06171328122235318,0.06171318617394681,0.0617130911307166,0.06171299609266349,0.0617129010597745,0.061712806032051586,0.06171271100949414,0.06171261599210069,0.06171252097986616,0.06171242597279081,0.06171233097086825,0.06171223597410048,0.061712140982480866,0.061712045996011156,0.06171195101468543,0.061711856038504195,0.061711761067461984,0.061711666101557996,0.061711571140789734,0.06171147618515639,0.061711381234652564,0.06171128628927716,0.061711191349027826,0.061711096413902294,0.06171100148389746,0.06171090655901052,0.06171081163924344,0.06171071672458793,0.06171062181504515,0.06171052691061145,0.06171043201128658,0.06171033711706457,0.06171024222794708,0.06171014734392706,0.06171005246500416,0.06170995759118385,0.06170986272244964,0.06170976785880505,0.06170967300024769,0.061709578146776405,0.06170948329838842,0.061709388455080706,0.06170929361685215,0.06170919878369927,0.06170910395562177,0.06170900913261574,0.061708914314674804,0.06170881950180281,0.06170872469399402,0.061708629891249325,0.0617085350935632,0.061708440300934184,0.061708345513361816,0.061708250730842046,0.061708155953372035,0.061708061180948605,0.06170796641357136,0.0617078716512368,0.061707776893944744,0.061707682141684844,0.061707587394466086,0.06170749265228127,0.06170739791512788,0.061707303183004915,0.06170720845590397,0.0617071137338293,0.06170701901677932,0.06170692430475503,0.06170682959774233,0.06170673489574657,0.06170664019876395,0.06170654550679667,0.06170645081983389,0.06170635613787053,0.061706261460915734,0.06170616678897245,0.06170607212201974,0.0617059774600624,0.061705882803099514,0.06170578815113092,0.06170569350415076,0.06170559886215832,0.06170550422515148,0.06170540959312947,0.06170531496608685,0.06170522034402281,0.06170512572693529,0.06170503111482346,0.06170493650768173,0.06170484190551363,0.06170474730830904,0.06170465271606979,0.06170455812878923,0.06170446354647301,0.06170436896911478,0.06170427439671437,0.06170417982926776,0.06170408526677107,0.06170399070922373,0.061703896156632264,0.061703801608975276,0.06170370706626207,0.06170361252848921,0.06170351799565419,0.06170342346775508,0.06170332894478954,0.061703234426755356,0.06170313991365008,0.061703045405471786,0.06170295090221705,0.06170285640388577,0.061702761910474656,0.06170266742198136,0.06170257293840374,0.06170247845973954,0.06170238398598741,0.061702289517143676,0.06170219505321226,0.06170210059417925,0.061702006140049684,0.06170191169082021,0.06170181724648707,0.06170172280705298,0.061701628372510996,0.06170153394286048,0.06170143951809935,0.061701345098224954,0.06170125068323516,0.061701156273128194,0.06170106186790131,0.0617009674675972,0.06170087307212468,0.061700778681526125,0.0617006842957991,0.06170058991494174,0.06170049553895188,0.06170040116782306,0.06170030680156124,0.061700212440160225,0.061700118083617854,0.06170002373193195,0.061699929385096504,0.06169983504311663,0.06169974070598699,0.061699646373706424,0.061699552046270305,0.06169945772367715,0.06169936340592544,0.061699269093015124,0.0616991747849398,0.061699080481699066,0.061698986183294176,0.06169889188971539,0.06169879760096629,0.06169870331704339,0.06169860903794487,0.061698514763663816,0.06169842049420642,0.061698326229566815,0.06169823196975181,0.0616981377147375,0.061698043464537326,0.06169794921914804,0.06169785497856557,0.06169776074278515,0.06169766651181031,0.06169757228563616,0.06169747806426055,0.06169738384768065,0.061697289635896393,0.06169719542890371,0.06169710122670112,0.061697007029287654,0.061696912836659616,0.061696818648815044,0.061696724465751744,0.06169663028746662,0.06169653611396142,0.06169644194523046,0.061696347781272275,0.06169625362207323,0.061696159467655796,0.06169606531800529,0.0616959711731181,0.06169587703299505,0.06169578289763267,0.06169568876702906,0.061695594641181954,0.06169550052008938,0.06169540640374888,0.06169531229215873,0.061695218185316175,0.06169512408322068,0.06169502998586917,0.06169493589326815,0.0616948418053986,0.061694747722259774,0.06169465364386518,0.061694559570205476,0.06169446550127515,0.06169437143707412,0.06169427737760065,0.061694183322852786,0.06169408927282853,0.06169399522752536,0.06169390118694197,0.06169380715107154,0.0616937131199205,0.06169361909347901,0.0616935250717524,0.06169343105473471,0.061693337042424266,0.061693243034818816,0.061693149031918526,0.061693055033717,0.061692961040214316,0.06169286705140755,0.061692773067299644,0.06169267908788109,0.06169258511315344,0.061692491143118845,0.06169239717776707,0.061692303217100224,0.06169220926112038,0.0616921153098167,0.06169202136319197,0.06169192742124354,0.06169183348397166,0.061691739551370924,0.06169164562344119,0.06169155170017911,0.06169145778158479,0.06169136386765602,0.061691269958388494,0.06169117605378161,0.061691082153834426,0.06169098825854284,0.06169089436790508,0.061690800481923734,0.061690706600590325,0.061690612723905525,0.06169051885186716,0.061690424984473594,0.06169033112172259,0.06169023726361271,0.06169014341014012,0.061690049561305485,0.06168995571710549,0.06168986187753831,0.06168976804260301,0.06168967421230152,0.06168958038662229,0.0616894865655761,0.0616893927491435,0.06168929893732753,0.06168920513013501,0.061689111327558464,0.0616890175296003,0.061688923736253114,0.06168882994750317,0.061688736163375876,0.0616886423838562,0.06168854860894192,0.06168845483863224,0.06168836107292521,0.06168826731181976,0.06168817355530777,0.06168807980339129,0.061687986056065056,0.06168789231333453,0.0616877985751939,0.061687704841639865,0.06168761111266762,0.06168751738828219,0.06168742366847972,0.061687329953256265,0.061687236242615434,0.06168714253654453,0.06168704883505017,0.06168695513813096,0.0616868614457806,0.06168676775799933,0.0616866740747837,0.06168658039613249,0.06168648672204378,0.061686393052518565,0.06168629938754631,0.06168620572713534,0.06168611207127412,0.06168601841997175,0.06168592477322014,0.061685831131019095,0.061685737493365034,0.06168564386025419,0.06168555023168939,0.061685456607670885,0.061685362988194534,0.06168526937324904,0.06168517576283842,0.061685082156957075,0.06168498855561655,0.061684894958806,0.06168480136651885,0.06168470777876344,0.06168461419553256,0.0616845206168241,0.0616844270426297,0.06168433347296232,0.061684239907811016,0.06168414634717661,0.06168405279105578,0.061683959239443524,0.06168386569234434,0.06168377214975303,0.06168367861166749,0.061683585078086495,0.06168349154900067,0.06168339802442274,0.06168330450434495,0.06168321098877088,0.061683117477682174,0.06168302397108679,0.061682930468983946,0.06168283697136565,0.06168274347824032,0.06168264998959117,0.06168255650543541,0.061682463025756,0.061682369550561805,0.06168227607984658,0.06168218261360463,0.06168208915182713,0.061681995694534655,0.061681902241712765,0.0616818087933615,0.06168171534947385,0.061681621910053615,0.06168152847509671,0.06168143504460545,0.06168134161857453,0.06168124819700053,0.06168115477988194,0.061681061367209904,0.06168096795899858,0.06168087455523705,0.06168078115592468,0.061680687761059505,0.06168059437063967,0.06168050098466571,0.061680407603130157,0.061680314226037605,0.0616802208533804,0.06168012748515296,0.06168003412135906,0.06167994076200629,0.0616798474071004,0.06167975405660072,0.0616796607105356,0.061679567368898985,0.061679474031683376,0.061679380698890326,0.06167928737051683,0.061679194046561185,0.06167910072702123,0.061679007411898745,0.06167891410118911,0.06167882079488959,0.0616787274929998,0.061678634195510354,0.06167854090243419,0.06167844761376118,0.06167835432948993,0.06167826104962177,0.061678167774144144,0.06167807450307253,0.06167798123639424,0.06167788797410987,0.0616777947162172,0.06167770146271447,0.06167760821359988,0.061677514968872214,0.06167742172853408,0.0616773284925669,0.061677235260986216,0.06167714203378607,0.06167704881096826,0.06167695559252207,0.061676862378448695,0.06167676916874846,0.06167667596341885,0.06167658276245991,0.061676489565867174,0.061676396373638726,0.06167630318577414,0.06167621000226863,0.06167611682311964,0.06167602364832965,0.06167593047790348,0.06167583731183175,0.061675744150109645,0.06167565099274227,0.06167555783972497,0.06167546469105615,0.061675371546732236,0.06167527840674883,0.061675185271112834,0.06167509213981997,0.061674999012864294,0.06167490589024685,0.061674812771960096,0.0616747196580129,0.06167462654839745,0.06167453344311214,0.061674440342157605,0.061674347245522926,0.0616742541532207,0.06167416106524203,0.06167406798158735,0.06167397490225176,0.06167388182723557,0.06167378875653493,0.06167369569015116,0.06167360262808021,0.061673509570322076,0.06167341651687417,0.061673323467735165,0.06167323042290259,0.061673137382378326,0.06167304434615748,0.061672951314235704,0.06167285828661417,0.061672765263289096,0.06167267224426516,0.06167257922952851,0.06167248621909082,0.06167239321294567,0.061672300211089603,0.06167220721352102,0.06167211422023887,0.061672021231243386,0.06167192824653181,0.06167183526610022,0.061671742289949795,0.06167164931807701,0.06167155635048159,0.06167146338716099,0.06167137042811325,0.0616712774733378,0.061671184522834294,0.06167109157659685,0.06167099863462699,0.06167090569692343,0.061670812763480624,0.06167071983430012,0.06167062690938329,0.06167053398872162,0.061670441072315424,0.0616703481601656,0.0616702552522697,0.061670162348625115,0.061670069449228086,0.06166997655407577,0.061669883663176855,0.061669790776523244,0.061669697894112974,0.061669605015944824,0.061669512142018094,0.06166941927232899,0.061669326406877154,0.06166923354566214,0.061669140688672706,0.06166904783592441,0.061668954987405065,0.06166886214311371,0.061668769303047016,0.06166867646720852,0.06166858363559409,0.061668490808202255,0.06166839798503138,0.06166830516608286,0.06166821235134825,0.061668119540831325,0.061668026734521264,0.06166793393243026,0.061667841134546604,0.06166774834087653,0.0616676555514114,0.061667562766154906,0.06166746998510169,0.06166737720826462,0.06166728443561698,0.061667191667168914,0.06166709890291893,0.06166700614286471,0.061666913387006354,0.0616668206353418,0.06166672788786885,0.061666635144584384,0.06166654240549059,0.06166644967058727,0.06166635693986741,0.061666264213329755,0.06166617149097578,0.06166607877280158,0.06166598605880633,0.061665893348990516,0.061665800643348576,0.061665707941880796,0.061665615244585574,0.061665522551462196,0.06166542986250824,0.06166533717772235,0.06166524449710338,0.06166515182064931,0.0616650591483493,0.061664966480219886,0.06166487381625497,0.061664781156444366,0.061664688500790536,0.06166459584929456,0.061664503201950396,0.06166441055875868,0.06166431791971553,0.06166422528482402,0.06166413265408982,0.06166404002749183,0.06166394740503842,0.061663854786726764,0.06166376217255806,0.06166366956253488,0.06166357695664438,0.061663484354892835,0.06166339175727428,0.06166329916378921,0.061663206574436455,0.06166311398921418,0.061663021408121056,0.06166292883115623,0.06166283625831692,0.061662743689601375,0.06166265112500937,0.06166255856453662,0.061662466008185625,0.06166237345595301,0.06166228090783697,0.06166218836383597,0.06166209582394699,0.061662003288169016,0.06166191075650485,0.0616618182289498,0.06166172570550237,0.0616616331861579,0.061661540670921035,0.06166144815978677,0.06166135565275455,0.061661263149818894,0.061661170650984753,0.061661078156247995,0.06166098566560628,0.061660893179060663,0.0616608006966052,0.061660708218241427,0.061660615743975286,0.06166052327378158,0.06166043080768133,0.0616603383456661,0.061660245887734,0.06166015343388527,0.06166006098411577,0.06165996853842477,0.061659876096811096,0.06165978365927342,0.06165969122581035,0.0616595987964198,0.06165950637110071,0.06165941394985191,0.06165932153267041,0.06165922911955718,0.06165913671050826,0.06165904430552373,0.0616589519046031,0.06165885950774242,0.06165876711493955,0.06165867472619669,0.061658582341509505,0.06165848996087928,0.0616583975843011,0.06165830521177566,0.06165821284330008,0.061658120478873486,0.061658028118502246,0.06165793576216916,0.061657843409877455,0.06165775106163311,0.06165765871742691,0.061657566377264404,0.061657474041140435,0.061657381709053695,0.06165728938100328,0.061657197056987176,0.0616571047370033,0.06165701242105188,0.06165692010913376,0.061656827801237504,0.061656735497371856,0.06165664319753145,0.06165655090171637,0.06165645860992016,0.06165636632214814,0.061656274038405255,0.0616561817586704,0.061656089482953605,0.06165599721125235,0.06165590494356588,0.06165581267989433,0.06165572042023107,0.061655628164576655,0.061655535912931325,0.061655443665294636,0.061655351421661654,0.061655259182031,0.06165516694640714,0.06165507471478235,0.06165498248715663,0.06165489026352931,0.06165479804389788,0.06165470582826305,0.06165461361662149,0.061654521408972894,0.06165442920531635,0.061654337005648464,0.061654244809972045,0.06165415261827905,0.06165406043057201,0.06165396824685112,0.06165387606711046,0.061653783891354785,0.06165369171957502,0.06165359955176841,0.061653507387943896,0.06165341522809538,0.06165332307222076,0.06165323092031874,0.061653138772390696,0.0616530466284309,0.061652954488443906,0.061652862352420824,0.061652770220359455,0.06165267809226381,0.06165258596813022,0.06165249384795682,0.06165240173174525,0.06165230961949289,0.061652217511197295,0.06165212540685753,0.06165203330647223,0.061651941210039966,0.06165184911755938,0.06165175702902881,0.06165166494444742,0.06165157286381356,0.06165148078712499,0.06165138871438234,0.06165129664559358,0.06165120458073927,0.06165111251982263,0.061651020462844416,0.06165092840980366,0.061650836360699464,0.061650744315531886,0.06165065227430678,0.061650560237003285,0.06165046820363113,0.061650376174189433,0.0616502841486745,0.061650192127086834,0.061650100109424524,0.061650008095688096,0.06164991608587361,0.061649824079979154,0.06164973207800947,0.06164964007995475,0.06164954808581589,0.06164945609559212,0.061649364109285,0.06164927212688918,0.06164918014840576,0.06164908817382837,0.061648996203161374,0.061648904236406114,0.06164881227355744,0.06164872031461227,0.06164862835957062,0.061648536408431584,0.06164844446118729,0.061648352517847234,0.061648260578406104,0.06164816864286417,0.06164807671121508,0.061647984783448795,0.061647892859588174,0.0616478009396186,0.06164770902353958,0.06164761711135145,0.0616475252030482,0.06164743329863123,0.06164734139809716,0.06164724950145619,0.0616471576086896,0.0616470657198046,0.06164697383479942,0.06164688195367075,0.061646790076419634,0.061646698203046024,0.061646606333546045,0.06164651446791698,0.06164642260616081,0.06164633074827229,0.061646238894253184,0.061646147044102165,0.0616460551978169,0.061645963355395635,0.06164587151682538,0.06164577968213292,0.06164568785129932,0.061645596024325795,0.061645504201210344,0.061645412381951946,0.06164532056654817,0.06164522875499974,0.06164513694730386,0.061645045143460274,0.06164495334346661,0.06164486154732176,0.061644769755025766,0.061644677966575884,0.06164458618197127,0.061644494401209476,0.061644402624291,0.06164431085121331,0.06164421908197562,0.06164412731657346,0.061644035555012154,0.06164394379728832,0.06164385204339234,0.061643760293335854,0.06164366854711118,0.06164357680471736,0.06164348506615312,0.0616433933314184,0.06164330160050585,0.061643209873423255,0.06164311815016511,0.06164302643073006,0.061642934715107615,0.06164284300331542,0.06164275129534184,0.06164265959118663,0.06164256789084751,0.061642476194324884,0.06164238450161671,0.06164229281271981,0.0616422011276357,0.06164210944636183,0.061642017768897515,0.06164192609523411,0.06164183442538343,0.06164174275933877,0.061641651097097516,0.061641559438658226,0.061641467784021534,0.0616413761331854,0.06164128448614761,0.06164119284291124,0.06164110120346741,0.06164100956782014,0.061640917935966065,0.06164082630790449,0.061640734683634,0.061640643063153366,0.06164055144646233,0.0616404598335589,0.06164036822444232,0.061640276619107495,0.06164018501755933,0.06164009341979505,0.06164000182580958,0.06163991023560472,0.06163981864918363,0.06163972706653714,0.06163963548766533,0.06163954391256905,0.06163945234124777,0.061639360773693044,0.06163926920991471,0.06163917764990643,0.0616390860936686,0.06163899454119475,0.06163890299248975,0.06163881144754982,0.06163871990637331,0.06163862836896287,0.06163853683531108,0.06163844530541719,0.061638353779276615,0.06163826225690167,0.06163817073828319,0.06163807922342056,0.06163798771231166,0.06163789620495548,0.061637804701350926,0.06163771320149715,0.061637621705391346,0.06163753021303456,0.06163743872442432,0.06163734723956048,0.06163725575843995,0.0616371642810618,0.06163707280742613,0.06163698133753181,0.06163688987137694,0.061636798408960865,0.06163670695027896,0.061636615495334834,0.06163652404412495,0.06163643259664118,0.06163634115289671,0.06163624971288385,0.06163615827659993,0.06163606684404487,0.06163597541521679,0.061635883990115055,0.06163579256873808,0.06163570115108595,0.06163560973715291,0.06163551832694302,0.06163542692045021,0.06163533551767977,0.061635244118627204,0.06163515272329123,0.061635061331669926,0.06163496994375753,0.0616348785595636,0.06163478717908113,0.06163469580230873,0.06163460442924661,0.061634513059892426,0.06163442169424492,0.06163433033230758,0.061634238974069964,0.06163414761954375,0.061634056268712496,0.061633964921583365,0.061633873578151546,0.06163378223842254,0.0616336909023884,0.06163359957004491,0.061633508241402235,0.0616334169164549,0.061633325595202376,0.06163323427764431,0.0616331429637701,0.06163305165358082,0.06163296034708369,0.061632869044273536,0.06163277774514504,0.06163268644970545,0.06163259515794856,0.061632503869874365,0.06163241258548123,0.06163232130476869,0.061632230027731015,0.06163213875437382,0.06163204748469348,0.061631956218683955,0.06163186495635408,0.06163177369769695,0.061631682442709904,0.061631591191393505,0.06163149994374631,0.06163140869976719,0.06163131745944363,0.061631226222798464,0.06163113498981771,0.06163104376050036,0.061630952534845664,0.061630861312852656,0.06163077009451363,0.06163067887983973,0.06163058766882334,0.061630496461463784,0.06163040525775875,0.06163031405771755,0.06163022286132054,0.06163013166857642,0.06163004047948356,0.06162994929404068,0.061629858112245604,0.06162976693410599,0.06162967575959565,0.06162958458874001,0.061629493421528896,0.061629402257960826,0.0616293110980403,0.061629219941755575
4,0.02507690245754065,0.02507690245754065,0.02507690245754065,0.02507690245754065,0.02507690245754065,0.02507690245754065,0.02507690245754065,0.02507690245754065,0.02507690245754065,0.02507690245754065,0.02507690245754065,0.02507690245754065,0.02507690245754065,0.02507690245754065,0.02507690245754065,0.02507690245754065,0.02507690245754065,0.02507690245754065,0.02507690245754065,0.02507690245754065,0.02507690245754065,0.02507690245754065,0.02507690245754065,0.02507690245754065,0.02507690245754065,0.02507690245754065,0.02507690245754065,0.02507690245754065,0.02507690245754065,0.02507690245754065,0.02507690245754065,0.02507690245754065,0.02507690245754065,0.02507690245754065,0.02507690245754065,0.02507690245754065,0.02507690245754065,0.02507690245754065,0.02507690245754065,0.02507690245754065,0.02507690245754065,0.02507690245754065,0.02507690245754065,0.02507690245754065,0.02507690245754065,0.02507690245754065,0.02507690245754065,0.02507690245754065,0.02507690245754065,0.02507690245754065,0.02507690245754065,0.02507690245754065,0.02507690245754065,0.02507690245754065,0.02507690245754065,0.02507690245754065,0.02507690245754065,0.02507690245754065,0.02507690245754065,0.02507690245754065,0.02507690245754065,0.02507690245754065,0.02507690245754065,0.02507690245754065,0.02507690245754065,0.02507690245754065,0.02507690245754065,0.02507690245754065,0.02507690245754065,0.02507690245754065,0.02507690245754065,0.02507690245754065,0.02507690245754065,0.02507690245754065,0.02507690245754065,0.02507690245754065,0.02507690245754065,0.02507690245754065,0.02507690245754065,0.02507690245754065,0.02507690245754065,0.02507690245754065,0.02507690245754065,0.02507690245754065,0.02507690245754065,0.02507690245754065,0.02507690245754065,0.02507690245754065,0.02507690245754065,0.02507690245754065,0.02507690245754065,0.02507690245754065,0.02507690245754065,0.02507690245754065,0.02507690245754065,0.02507690245754065,0.02507690245754065,0.02507690245754065,0.02507690245754065,0.02507690245754065,0.02507690245754065,0.02507690245754065,0.02507690245754065,0.02507690245754065,0.02507690245754065,0.02507690245754065,0.02507690245754065,0.02507690245754065,0.02507690245754065,0.02507690245754065,0.02507690245754065,0.02507690245754065,0.02507690245754065,0.02507690245754065,0.02507690245754065,0.02507690245754065,0.02507690245754065,0.02507690245754065,0.02507690245754065,0.02507690245754065,0.02507690245754065,0.02507690245754065,0.02507690245754065,0.02507690245754065,0.02507690245754065,0.02507690245754065,0.02507690245754065,0.02507690245754065,0.02507690245754065,0.02507690245754065,0.02507690245754065,0.02507690245754065,0.02507690245754065,0.02507690245754065,0.02507690245754065,0.02507690245754065,0.02507690245754065,0.02507690245754065,0.02507690245754065,0.02507690245754065,0.02507690245754065,0.02507690245754065,0.02507690245754065,0.02507690245754065,0.02507690245754065,0.02507690245754065,0.02507690245754065,0.02507690245754065,0.02507690245754065,0.02507690245754065,0.02507690245754065,0.02507690245754065,0.02507690245754065,0.02507690245754065,0.02507690245754065,0.02507690245754065,0.02507690245754065,0.02507690245754065,0.02507690245754065,0.02507690245754065,0.02507690245754065,0.02507690245754065,0.02507690245754065,0.02507690245754065,0.02507690245754065,0.02507690245754065,0.02507690245754065,0.02507690245754065,0.02507690245754065,0.02507690245754065,0.02507690245754065,0.02507690245754065,0.02507690245754065,0.02507690245754065,0.02507690245754065,0.02507690245754065,0.02507690245754065,0.02507690245754065,0.02507690245754065,0.02507690245754065,0.02507690245754065,0.02507690245754065,0.02507690245754065,0.02507690245754065,0.02507690245754065,0.02507690245754065,0.02507690245754065,0.02507690245754065,0.02507690245754065,0.02507690245754065,0.02507690245754065,0.02507690245754065,0.02507690245754065,0.02507690245754065,0.02507690245754065,0.02507690245754065,0.02507690245754065,0.02507690245754065,0.02507690245754065,0.02507690245754065,0.02507690245754065,0.02507690245754065,0.02507690245754065,0.02507690245754065,0.02507690245754065,0.02507690245754065,0.02507690245754065,0.02507690245754065,0.02507690245754065,0.02507690245754065,0.02507690245754065,0.02507690245754065,0.02507690245754065,0.02507690245754065,0.02507690245754065,0.02507690245754065,0.02507690245754065,0.02507690245754065,0.02507690245754065,0.02507690245754065,0.02507690245754065,0.02507690245754065,0.02507690245754065,0.02507690245754065,0.02507690245754065,0.02507690245754065,0.02507690245754065,0.02507690245754065,0.02507690245754065,0.02507690245754065,0.02507690245754065,0.02507690245754065,0.02507690245754065,0.02507690245754065,0.02507690245754065,0.02507690245754065,0.02507690245754065,0.02507690245754065,0.02507690245754065,0.02507690245754065,0.02507690245754065,0.02507690245754065,0.02507690245754065,0.02507690245754065,0.02507690245754065,0.02507690245754065,0.02507690245754065,0.02507690245754065,0.02507690245754065,0.02507690245754065,0.02507690245754065,0.02507690245754065,0.02507690245754065,0.02507690245754065,0.02507690245754065,0.02507690245754065,0.02507690245754065,0.02507690245754065,0.02507690245754065,0.02507690245754065,0.02507690245754065,0.02507690245754065,0.02507690245754065,0.02507690245754065,0.02507690245754065,0.02507690245754065,0.02507690245754065,0.02507690245754065,0.02507690245754065,0.02507690245754065,0.02507690245754065,0.02507690245754065,0.02507690245754065,0.02507690245754065,0.02507690245754065,0.02507690245754065,0.02507690245754065,0.02507690245754065,0.02507690245754065,0.02507690245754065,0.02507690245754065,0.02507690245754065,0.02507690245754065,0.02507690245754065,0.02507690245754065,0.02507690245754065,0.02507690245754065,0.02507690245754065,0.02507690245754065,0.02507690245754065,0.02507690245754065,0.02507690245754065,0.02507690245754065,0.02507690245754065,0.02507690245754065,0.02507690245754065,0.02507690245754065,0.02507690245754065,0.02507690245754065,0.02507690245754065,0.02507690245754065,0.02507690245754065,0.02507690245754065,0.02507690245754065,0.02507690245754065,0.02507690245754065,0.02507690245754065,0.02507690245754065,0.02507690245754065,0.02507690245754065,0.02507690245754065,0.02507690245754065,0.02507690245754065,0.02507690245754065,0.02507690245754065,0.02507690245754065,0.02507690245754065,0.02507690245754065,0.02507690245754065,0.02507690245754065,0.02507690245754065,0.02507690245754065,0.02507690245754065,0.02507690245754065,0.02507690245754065,0.02507690245754065,0.02507690245754065,0.02507690245754065,0.02507690245754065,0.02507690245754065,0.02507690245754065,0.02507690245754065,0.02507690245754065,0.02507690245754065,0.02507690245754065,0.02507690245754065,0.02507690245754065,0.02507690245754065,0.02507690245754065,0.02507690245754065,0.02507690245754065,0.02507690245754065,0.02507690245754065,0.02507690245754065,0.02507690245754065,0.02507690245754065,0.02507690245754065,0.02507690245754065,0.02507690245754065,0.02507690245754065,0.02507690245754065,0.02507690245754065,0.02507690245754065,0.02507690245754065,0.02507690245754065,0.02507690245754065,0.02507690245754065,0.02507690245754065,0.02507690245754065,0.02507690245754065,0.02507690245754065,0.02507690245754065,0.02507690245754065,0.02507690245754065,0.02507690245754065,0.02507690245754065,0.02507690245754065,0.02507690245754065,0.02507690245754065,0.02507690245754065,0.02507690245754065,0.02507690245754065,0.02507690245754065,0.02507690245754065,0.02507690245754065,0.02507690245754065,0.02507690245754065,0.02507690245754065,0.02507690245754065,0.02507690245754065,0.02507690245754065,0.02507690245754065,0.02507690245754065,0.02507690245754065,0.02507690245754065,0.02507690245754065,0.02507690245754065,0.02507690245754065,0.02507690245754065,0.02507690245754065,0.02507690245754065,0.02507690245754065,0.02507690245754065,0.02507690245754065,0.02507690245754065,0.02507690245754065,0.02507690245754065,0.02507690245754065,0.02507690245754065,0.02507690245754065,0.02507690245754065,0.02507690245754065,0.02507690245754065,0.02507690245754065,0.02507690245754065,0.02507690245754065,0.02507690245754065,0.02507690245754065,0.02507690245754065,0.02507690245754065,0.02507690245754065,0.02507690245754065,0.02507690245754065,0.02507690245754065,0.02507690245754065,0.02507690245754065,0.02507690245754065,0.02507690245754065,0.02507690245754065,0.02507690245754065,0.02507690245754065,0.02507690245754065,0.02507690245754065,0.02507690245754065,0.02507690245754065,0.02507690245754065,0.02507690245754065,0.02507690245754065,0.02507690245754065,0.02507690245754065,0.02507690245754065,0.02507690245754065,0.02507690245754065,0.02507690245754065,0.02507690245754065,0.02507690245754065,0.02507690245754065,0.02507690245754065,0.02507690245754065,0.02507690245754065,0.02507690245754065,0.02507690245754065,0.02507690245754065,0.02507690245754065,0.02507690245754065,0.02507690245754065,0.02507690245754065,0.02507690245754065,0.02507690245754065,0.02507690245754065,0.02507690245754065,0.02507690245754065,0.02507690245754065,0.02507690245754065,0.02507690245754065,0.02507690245754065,0.02507690245754065,0.02507690245754065,0.02507690245754065,0.02507690245754065,0.02507690245754065,0.02507690245754065,0.02507690245754065,0.02507690245754065,0.02507690245754065,0.02507690245754065,0.02507690245754065,0.02507690245754065,0.02507690245754065,0.02507690245754065,0.02507690245754065,0.02507690245754065,0.02507690245754065,0.02507690245754065,0.02507690245754065,0.02507690245754065,0.02507690245754065,0.02507690245754065,0.02507690245754065,0.02507690245754065,0.02507690245754065,0.02507690245754065,0.02507690245754065,0.02507690245754065,0.02507690245754065,0.02507690245754065,0.02507690245754065,0.02507690245754065,0.02507690245754065,0.02507690245754065,0.02507690245754065,0.02507690245754065,0.02507690245754065,0.02507690245754065,0.02507690245754065,0.02507690245754065,0.02507690245754065,0.02507690245754065,0.02507690245754065,0.02507690245754065,0.02507690245754065,0.02507690245754065,0.02507690245754065,0.02507690245754065,0.02507690245754065,0.02507690245754065,0.02507690245754065,0.02507690245754065,0.02507690245754065,0.02507690245754065,0.02507690245754065,0.02507690245754065,0.02507690245754065,0.02507690245754065,0.02507690245754065,0.02507690245754065,0.02507690245754065,0.02507690245754065,0.02507690245754065,0.02507690245754065,0.02507690245754065,0.02507690245754065,0.02507690245754065,0.02507690245754065,0.02507690245754065,0.02507690245754065,0.02507690245754065,0.02507690245754065,0.02507690245754065,0.02507690245754065,0.02507690245754065,0.02507690245754065,0.02507690245754065,0.02507690245754065,0.02507690245754065,0.02507690245754065,0.02507690245754065,0.02507690245754065,0.02507690245754065,0.02507690245754065,0.02507690245754065,0.02507690245754065,0.02507690245754065,0.02507690245754065,0.02507690245754065,0.02507690245754065,0.02507690245754065,0.02507690245754065,0.02507690245754065,0.02507690245754065,0.02507690245754065,0.02507690245754065,0.02507690245754065,0.02507690245754065,0.02507690245754065,0.02507690245754065,0.02507690245754065,0.02507690245754065,0.02507690245754065,0.02507690245754065,0.02507690245754065,0.02507690245754065,0.02507690245754065,0.02507690245754065,0.02507690245754065,0.02507690245754065,0.02507690245754065,0.02507690245754065,0.02507690245754065,0.02507690245754065,0.02507690245754065,0.02507690245754065,0.02507690245754065,0.02507690245754065,0.02507690245754065,0.02507690245754065,0.02507690245754065,0.02507690245754065,0.02507690245754065,0.02507690245754065,0.02507690245754065,0.02507690245754065,0.02507690245754065,0.02507690245754065,0.02507690245754065,0.02507690245754065,0.02507690245754065,0.02507690245754065,0.02507690245754065,0.02507690245754065,0.02507690245754065,0.02507690245754065,0.02507690245754065,0.02507690245754065,0.02507690245754065,0.02507690245754065,0.02507690245754065,0.02507690245754065,0.02507690245754065,0.02507690245754065,0.02507690245754065,0.02507690245754065,0.02507690245754065,0.02507690245754065,0.02507690245754065,0.02507690245754065,0.02507690245754065,0.02507690245754065,0.02507690245754065,0.02507690245754065,0.02507690245754065,0.02507690245754065,0.02507690245754065,0.02507690245754065,0.02507690245754065,0.02507690245754065,0.02507690245754065,0.02507690245754065,0.02507690245754065,0.02507690245754065,0.02507690245754065,0.02507690245754065,0.02507690245754065,0.02507690245754065,0.02507690245754065,0.02507690245754065,0.02507690245754065,0.02507690245754065,0.02507690245754065,0.02507690245754065,0.02507690245754065,0.02507690245754065,0.02507690245754065,0.02507690245754065,0.02507690245754065,0.02507690245754065,0.02507690245754065,0.02507690245754065,0.02507690245754065,0.02507690245754065,0.02507690245754065,0.02507690245754065,0.02507690245754065,0.02507690245754065,0.02507690245754065,0.02507690245754065,0.02507690245754065,0.02507690245754065,0.02507690245754065,0.02507690245754065,0.02507690245754065,0.02507690245754065,0.02507690245754065,0.02507690245754065,0.02507690245754065,0.02507690245754065,0.02507690245754065,0.02507690245754065,0.02507690245754065,0.02507690245754065,0.02507690245754065,0.02507690245754065,0.02507690245754065,0.02507690245754065,0.02507690245754065,0.02507690245754065,0.02507690245754065,0.02507690245754065,0.02507690245754065,0.02507690245754065,0.02507690245754065,0.02507690245754065,0.02507690245754065,0.02507690245754065,0.02507690245754065,0.02507690245754065,0.02507690245754065,0.02507690245754065,0.02507690245754065,0.02507690245754065,0.02507690245754065,0.02507690245754065,0.02507690245754065,0.02507690245754065,0.02507690245754065,0.02507690245754065,0.02507690245754065,0.02507690245754065,0.02507690245754065,0.02507690245754065,0.02507690245754065,0.02507690245754065,0.02507690245754065,0.02507690245754065,0.02507690245754065,0.02507690245754065,0.02507690245754065,0.02507690245754065,0.02507690245754065,0.02507690245754065,0.02507690245754065,0.02507690245754065,0.02507690245754065,0.02507690245754065,0.02507690245754065,0.02507690245754065,0.02507690245754065,0.02507690245754065,0.02507690245754065,0.02507690245754065,0.02507690245754065,0.02507690245754065,0.02507690245754065,0.02507690245754065,0.02507690245754065,0.02507690245754065,0.02507690245754065,0.02507690245754065,0.02507690245754065,0.02507690245754065,0.02507690245754065,0.02507690245754065,0.02507690245754065,0.02507690245754065,0.02507690245754065,0.02507690245754065,0.02507690245754065,0.02507690245754065,0.02507690245754065,0.02507690245754065,0.02507690245754065,0.02507690245754065,0.02507690245754065,0.02507690245754065,0.02507690245754065,0.02507690245754065,0.02507690245754065,0.02507690245754065,0.02507690245754065,0.02507690245754065,0.02507690245754065,0.02507690245754065,0.02507690245754065,0.02507690245754065,0.02507690245754065,0.02507690245754065,0.02507690245754065,0.02507690245754065,0.02507690245754065,0.02507690245754065,0.02507690245754065,0.02507690245754065,0.02507690245754065,0.02507690245754065,0.02507690245754065,0.02507690245754065,0.02507690245754065,0.02507690245754065,0.02507690245754065,0.02507690245754065,0.02507690245754065,0.02507690245754065,0.02507690245754065,0.02507690245754065,0.02507690245754065,0.02507690245754065,0.02507690245754065,0.02507690245754065,0.02507690245754065,0.02507690245754065,0.02507690245754065,0.02507690245754065,0.02507690245754065,0.02507690245754065,0.02507690245754065,0.02507690245754065,0.02507690245754065,0.02507690245754065,0.02507690245754065,0.02507690245754065,0.02507690245754065,0.02507690245754065,0.02507690245754065,0.02507690245754065,0.02507690245754065,0.02507690245754065,0.02507690245754065,0.02507690245754065,0.02507690245754065,0.02507690245754065,0.02507690245754065,0.02507690245754065,0.02507690245754065,0.02507690245754065,0.02507690245754065,0.02507690245754065,0.02507690245754065,0.02507690245754065,0.02507690245754065,0.02507690245754065,0.02507690245754065,0.02507690245754065,0.02507690245754065,0.02507690245754065,0.02507690245754065,0.02507690245754065,0.02507690245754065,0.02507690245754065,0.02507690245754065,0.02507690245754065,0.02507690245754065,0.02507690245754065,0.02507690245754065,0.02507690245754065,0.02507690245754065,0.02507690245754065,0.02507690245754065,0.02507690245754065,0.02507690245754065,0.02507690245754065,0.02507690245754065,0.02507690245754065,0.02507690245754065,0.02507690245754065,0.02507690245754065,0.02507690245754065,0.02507690245754065,0.02507690245754065,0.02507690245754065,0.02507690245754065,0.02507690245754065,0.02507690245754065,0.02507690245754065,0.02507690245754065,0.02507690245754065,0.02507690245754065,0.02507690245754065,0.02507690245754065,0.02507690245754065,0.02507690245754065,0.02507690245754065,0.02507690245754065,0.02507690245754065,0.02507690245754065,0.02507690245754065,0.02507690245754065,0.02507690245754065,0.02507690245754065,0.02507690245754065,0.02507690245754065,0.02507690245754065,0.02507690245754065,0.02507690245754065,0.02507690245754065,0.02507690245754065,0.02507690245754065,0.02507690245754065,0.02507690245754065,0.02507690245754065,0.02507690245754065,0.02507690245754065,0.02507690245754065,0.02507690245754065,0.02507690245754065,0.02507690245754065,0.02507690245754065,0.02507690245754065,0.02507690245754065,0.02507690245754065,0.02507690245754065,0.02507690245754065,0.02507690245754065,0.02507690245754065,0.02507690245754065,0.02507690245754065,0.02507690245754065,0.02507690245754065,0.02507690245754065,0.02507690245754065,0.02507690245754065,0.02507690245754065,0.02507690245754065,0.02507690245754065,0.02507690245754065,0.02507690245754065,0.02507690245754065,0.02507690245754065,0.02507690245754065,0.02507690245754065,0.02507690245754065,0.02507690245754065,0.02507690245754065,0.02507690245754065,0.02507690245754065,0.02507690245754065,0.02507690245754065,0.02507690245754065,0.02507690245754065,0.02507690245754065,0.02507690245754065,0.02507690245754065,0.02507690245754065,0.02507690245754065,0.02507690245754065,0.02507690245754065,0.02507690245754065,0.02507690245754065,0.02507690245754065,0.02507690245754065,0.02507690245754065,0.02507690245754065,0.02507690245754065,0.02507690245754065,0.02507690245754065,0.02507690245754065,0.02507690245754065,0.02507690245754065,0.02507690245754065,0.02507690245754065,0.02507690245754065,0.02507690245754065,0.02507690245754065,0.02507690245754065,0.02507690245754065,0.02507690245754065,0.02507690245754065,0.02507690245754065,0.02507690245754065,0.02507690245754065,0.02507690245754065,0.02507690245754065,0.02507690245754065,0.02507690245754065,0.02507690245754065,0.02507690245754065,0.02507690245754065,0.02507690245754065,0.02507690245754065,0.02507690245754065,0.02507690245754065,0.02507690245754065,0.02507690245754065,0.02507690245754065,0.02507690245754065,0.02507690245754065,0.02507690245754065,0.02507690245754065,0.02507690245754065,0.02507690245754065,0.02507690245754065,0.02507690245754065,0.02507690245754065,0.02507690245754065,0.02507690245754065,0.02507690245754065,0.02507690245754065,0.02507690245754065,0.02507690245754065,0.02507690245754065,0.02507690245754065,0.02507690245754065,0.02507690245754065,0.02507690245754065,0.02507690245754065,0.02507690245754065,0.02507690245754065,0.02507690245754065,0.02507690245754065,0.02507690245754065,0.02507690245754065,0.02507690245754065,0.02507690245754065,0.02507690245754065,0.02507690245754065,0.02507690245754065,0.02507690245754065,0.02507690245754065,0.02507690245754065,0.02507690245754065,0.02507690245754065,0.02507690245754065,0.02507690245754065,0.02507690245754065,0.02507690245754065,0.02507690245754065,0.02507690245754065,0.02507690245754065,0.02507690245754065,0.02507690245754065,0.02507690245754065,0.02507690245754065,0.02507690245754065,0.02507690245754065,0.02507690245754065,0.02507690245754065,0.02507690245754065,0.02507690245754065,0.02507690245754065,0.02507690245754065,0.02507690245754065,0.02505865540705808,0.025039128485034996,0.02501846276119969,0.02499676883864883,0.024974128952998272,0.024950600473110016,0.02492621971064823,0.024901005470455793,0.024874962095232718,0.024848081937348963,0.02482034728072015,0.024791731773862926,0.024762201445361558,0.024731715369086624,0.02470022603657976,0.02466767948213704,0.024634015194328337,0.024599165836752514,0.02456305679091999,0.024525605525075697,0.024486720784296517,0.024446301588763375,0.02440423601839574,0.024360399752404345,0.024314654321181444,0.02426684501451748,0.024216798373400187,0.02416431917135297,0.024109186763499782,0.024051150645023882,0.02398992501168365,0.02392518204876486,0.023856543583800294,0.023783570611945606,0.023705750024772262,0.023622477618829886,0.023533036091495985,0.023436566188043555,0.02333202834892774,0.023218150961083844,0.023093359376312697,0.02295567676769451,0.022802582855314814,0.022630808116097682,0.022436026688155045,0.022212385944424613,0.02197387730106455,0.021973877301063295,0.02197387730106191,0.021973877301060356,0.021973877301058597,0.02197387730105655,0.02197387730105412,0.02197387730104313,0.021973877300997424,0.021667998287701433,0.021297721637623765,0.020837899588436137,0.020249731703608952,0.01947408737761382,0.018430400801378383,0.017047263915124768,0.015344410805530777,0.013530764451024541,0.013530764450271834,0.011674965835456685,0.00996662540317823,0.008460815393679516,0.007164305544327065,0.006061210331200673,0.0051278624642347725,0.004339834741886169,0.003674770995723498,0.0031132496490620964,0.0026388031229314787,0.0022376186082257994,0.00189815292959199,0.0016107565580283758,0.0013673406244645394,0.0011610980629960992,0.0009862820621961276,0.0008380355236492042,0.0007122563618620156,0.0006054845299449885,0.0005148037540758643,0.0004377559798928595,0.00037226794683053695,0.00031658907739387054,0.00026923944629450125,0.00022896640889832502,0.00019470850094468453,0.00016556536850611308,0.00014077267141431206,0.0001196810839216818,0.00010173867604393095,8.647609307928703e-05,7.349406009266949e-05,6.24528258322214e-05,5.3063230381958075e-05,4.5079136513545395e-05,3.8291009319598997e-05,3.2520464788590096e-05,2.761563743611133e-05,2.3447241316211287e-05,1.9905218779391047e-05,1.6895887997192956e-05,1.4339514153221583e-05,1.2168240814691177e-05,1.0324327725977342e-05,8.75864944185643e-06,7.429416102100815e-06,6.30108345797084e-06,5.343424173334562e-06,4.5307365832044694e-06,3.841170623128906e-06,3.2561536412657914e-06,2.75990135549949e-06,2.339001389458166e-06,1.9820586707340106e-06,1.6793935515082485e-06,1.4227848563311e-06,1.2052512087483258e-06,1.0208649671125738e-06,8.645939350100077e-07,7.321667242262093e-07,6.19958256379437e-07,5.248924081159689e-07,4.443592475426778e-07,3.7614468717933687e-07,3.183707008897947e-07,2.6944452696455254e-07,2.2801551376690085e-07,1.929384640790918e-07,1.6324250446920562e-07,1.3810465106210055e-07,1.1682736667140135e-07,9.881950950429017e-08,8.358016330673221e-08,7.068491513080139e-08,5.977421190015735e-08,5.054348221507e-08,4.2734756946307446e-08,3.612956215275534e-08,3.054289191377623e-08,2.5818097689738186e-08,2.182255534282569e-08,1.8443991965657377e-08,1.558737242179723e-08,1.3172260626977982e-08,1.113058344652756e-08,9.404735997206493e-09,7.94597641248551e-09,6.713065997834549e-09,5.671117394140215e-09,4.790619034312201e-09,4.046608999893807e-09,3.4179754707773493e-09,2.8868644308920065e-09,2.438178236289586e-09,2.059151148914524e-09,1.7389900580857875e-09,1.4685704078370619e-09,1.240178871958349e-09,1.047295610418351e-09,8.84410035902075e-10,7.468649476978655e-10,6.307246768368361e-10,5.326635537911921e-10,4.4987157443000515e-10,3.799746194594214e-10,3.209669877444808e-10,2.7115434775653835e-10,2.2910550246132633e-10,1.9361160941274442e-10,1.6365170655210968e-10,1.383635710944997e-10,1.1701908839444468e-10,9.900343447339818e-11,8.379748309671299e-11,7.096293907824448e-11,6.012977630732499e-11,5.098562399944721e-11,4.3266799700915864e-11,3.6750734086589686e-11,3.1249572015593415e-11,2.6604767570553517e-11,2.2682519011085212e-11,1.9369913391911688e-11,1.6571670750564845e-11,1.4207394812497622e-11,1.2209251570955957e-11,1.052000928370344e-11,9.09138372847196e-12,7.882641267732716e-12,6.85941963266322e-12,5.9927325580867155e-12,5.258129658319764e-12,4.6349873761988314e-12,4.105910593538733e-12,3.6562276631288995e-12,3.2735643031360437e-12,2.9474840594250124e-12,2.669184954290416e-12,2.4312435562217227e-12,2.2273990700495614e-12,2.052371199862449e-12,1.9017065105148643e-12,1.771648835815859e-12,1.659029975530162e-12,1.5611775099412587e-12,1.4758370550506227e-12,1.4011066997548231e-12,1.3353817189627077e-12,1.2773079542558998e-12,1.2257425050994837e-12,1.179720585704275e-12,1.1384275816304363e-12,1.1011754914082876e-12,1.067383065680487e-12,1.0365590643650146e-12,1.008288142567e-12,9.822189530794024e-13,9.580541174732747e-13,9.35541772775321e-13,9.144684457949195e-13,8.946530474070305e-13,8.759418101483485e-13,8.582040213964816e-13,8.413284269413256e-13,8.252201995071e-13,8.097983836126405e-13,7.949937417887599e-13,7.807469388132358e-13,7.670070111549187e-13,7.537300766981038e-13,7.408782466515404e-13,7.284187082232324e-13,7.163229508469345e-13,7.045661136854559e-13,6.931264350878043e-13,6.819847881480943e-13,6.711242885882244e-13,6.60529963857496e-13,6.501884736290186e-13,6.400878736896138e-13,6.302174163800123e-13,6.205673818410296e-13,6.111289353165359e-13,6.018940061999513e-13,5.928551856684889e-13,5.840056398623113e-13,5.75339036187662e-13,5.66849480701593e-13,5.585314648341959e-13,5.50379820022243e-13,5.423896789884817e-13,5.345564426905695e-13,5.268757519697218e-13,5.19343463244529e-13,5.119556276240746e-13,5.047084728830341e-13,4.975983878824937e-13,4.906219090556728e-13,4.837757086522121e-13,4.770565844734528e-13,4.704614508775398e-13,4.639873308666606e-13,4.576313490771654e-13,4.5139072559085093e-13,4.452627704003938e-13,4.3924487844939373e-13,4.3333452517727087e-13,4.275292624953617e-13,4.2182671512553124e-13,4.162245772459968e-13,4.107206094999552e-13,4.0531263608372025e-13,3.9999854222915527e-13,3.9477627173063737e-13,3.8964382474750365e-13,3.8459925566617555e-13,3.7964067114648543e-13,3.747662282668359e-13,3.699741327742543e-13,3.652626374260558e-13,3.6063004042111924e-13,3.5607468391835167e-13,3.515949526133504e-13,3.4718927235802717e-13,3.428561089134864e-13,3.385939666812044e-13,3.344013875212615e-13,3.302769496210156e-13,3.262192663877862e-13,3.222269854292918e-13,3.1829878750315426e-13,3.144333855741186e-13,3.10629523844487e-13,3.06885976912921e-13,3.0320154884363765e-13,2.995750723243246e-13,2.9600540788331284e-13,2.9249144311557254e-13,2.890320918847381e-13,2.8562629359131955e-13,2.8227301251264817e-13,2.789712370698481e-13,2.757199791770468e-13,2.7251827361189617e-13,2.693651773834447e-13,2.66259769126245e-13,2.6320114851313334e-13,2.60188435708721e-13,2.5722077081237405e-13,2.5429731332890813e-13,2.5141724165236037e-13,2.4857975256815366e-13,2.457840607723881e-13,2.4302939840245214e-13,2.403150145790337e-13,2.376401749684762e-13,2.3500416136747053e-13,2.3240627126128937e-13,2.2984581744688603e-13,2.2732212762535721e-13,2.2483454403439065e-13,2.2238242306582622e-13,2.19965134926455e-13,2.1758206327879229e-13,2.1523260490850714e-13,2.1291616939376535e-13,2.1063217879087908e-13,2.083800673209766e-13,2.0615928107716105e-13,2.0396927772533805e-13,2.0180952622494042e-13,1.9967950655590537e-13,1.9757870944391687e-13,1.9550663610146818e-13,1.9346279798774194e-13,1.9144671653829447e-13,1.8945792295809698e-13,1.8749595794234145e-13,1.855603715026678e-13,1.836507227147391e-13,1.8176657951456153e-13,1.7990751848549016e-13,1.780731246579142e-13,1.7626299131164294e-13,1.7447671978403956e-13,1.7271391928326085e-13,1.7097420670742723e-13,1.6925720647316573e-13,1.675625503143411e-13,1.658898771609022e-13,1.6423883293548601e-13,1.62609070418319e-13,1.6100024908062837e-13,1.594120349356897e-13,1.5784410039252937e-13,1.562961241098572e-13,1.5476779087138024e-13,1.5325879142524494e-13,1.5176882236603226e-13,1.5029758600504055e-13,1.4884479024272887e-13,1.4741014844536396e-13,1.4599337932782514e-13,1.4459420682946783e-13,1.432123600102407e-13,1.4184757293722745e-13,1.4049958457064616e-13,1.3916813866488357e-13,1.378529836623042e-13,1.3655387259321001e-13,1.3527056298075305e-13,1.340028167396662e-13,1.3275040008996762e-13,1.3151308345863065e-13,1.3029064140335705e-13,1.2908285250871654e-13,1.2788949931644204e-13,1.26710368232628e-13,1.255452494544951e-13,1.2439393689319356e-13,1.2325622808698073e-13,1.2213192413842768e-13,1.210208296227748e-13,1.199227525442434e-13,1.1883750424335987e-13,1.1776489933782793e-13,1.1670475565714378e-13,1.1565689417366678e-13,1.1462113894151206e-13,1.1359731703439908e-13,1.1258525848565065e-13,1.1158479622085842e-13,1.1059576602334182e-13,1.0961800644308278e-13,1.0865135877205671e-13,1.0769566697952514e-13,1.0675077765137091e-13,1.0581653994846565e-13,1.0489280555421012e-13,1.0397942862127724e-13,1.0307626572666063e-13,1.0218317583350218e-13,1.0130002022584056e-13,1.004266624765705e-13,9.956296840086088e-14,9.870880601578637e-14,9.786404549194598e-14,9.702855911645264e-14,9.620222125326721e-14,9.538490830213372e-14,9.457649865991614e-14,9.377687268408075e-14,9.298591265304168e-14,9.220350273734287e-14,9.142952895679503e-14,9.066387914565335e-14,8.990644292438493e-14,8.915711166219134e-14,8.841577844756221e-14,8.768233805408774e-14,8.695668691130588e-14,8.623872307284237e-14,8.552834618748596e-14,8.482545747031177e-14,8.412995967267306e-14,8.344175705669275e-14,8.276075536546924e-14,8.208686179878913e-14,8.141998498425115e-14,8.076003495352751e-14,8.010692311647617e-14,7.946056223663894e-14,7.882086640749564e-14,7.818775102717744e-14,7.756113277782278e-14,7.694092959960813e-14,7.632706067570414e-14,7.571944639946389e-14,7.51180083626115e-14,7.45226693271566e-14,7.39333532122074e-14,7.334998506886397e-14,7.277249106101878e-14,7.220079844601455e-14,7.1634835558681e-14,7.107453178953405e-14,7.051981756814277e-14,6.997062434488035e-14,6.942688457760328e-14,6.888853169778868e-14,6.835550011799224e-14,6.782772520114074e-14,6.730514324640529e-14,6.678769147424774e-14,6.627530801006315e-14,6.57679318700101e-14,6.52655029454327e-14,6.47679619883514e-14,6.427525059762308e-14,6.37873112033529e-14,6.330408705515927e-14,6.282552220514734e-14,6.235156150245143e-14,6.188215056800645e-14,6.141723579479494e-14,6.095676432453941e-14,6.050068404171174e-14,6.004894355786825e-14,5.96014922021683e-14,5.915828001113695e-14,5.871925771262958e-14,5.82843767177835e-14,5.785358911204612e-14,5.74268476333211e-14,5.700410567851645e-14,5.65853172828966e-14,5.617043710418519e-14,5.575942042723251e-14,5.535222314420251e-14,5.4948801746907234e-14,5.4549113317559094e-14,5.415311551916044e-14,5.376076658761271e-14,5.337202532014296e-14,5.2986851070384337e-14,5.2605203735641876e-14,5.2227043750355365e-14,5.18523320773704e-14,5.148103020099056e-14,5.1113100116682865e-14,5.074850432452087e-14,5.0387205821047344e-14,5.002916809192351e-14,4.967435510416048e-14,4.932273129831521e-14,4.897426158139367e-14,4.86289113214174e-14,4.828664633813217e-14,4.794743289682085e-14,4.761123770170461e-14,4.7278027890077487e-14,4.694777102367308e-14,4.662043508479769e-14,4.629598846831511e-14,4.5974399975535254e-14,4.565563880932194e-14,4.533967456708045e-14,4.5026477234665314e-14,4.4716017181428594e-14,4.440826515363926e-14,4.410319227247708e-14,4.38007700181378e-14,4.3500970237965755e-14,4.3203765133502174e-14,4.290912725754466e-14,4.2617029504974406e-14,4.232744511363315e-14,4.204034765618967e-14,4.175571103377525e-14,4.147350947728689e-14,4.1193717534428707e-14,4.091631007042537e-14,4.0641262262050257e-14,4.0368549593223526e-14,4.0098147850904045e-14,3.983003311974239e-14,3.956418177887221e-14,3.930057049734464e-14,3.903917623003722e-14,3.877997621333688e-14,3.852294796109594e-14,3.8268069261226535e-14,3.80153181716429e-14,3.776467301595496e-14,3.75161123803375e-14,3.726961510931116e-14,3.702516030319458e-14,3.6782727311783436e-14,3.6542295735199814e-14,3.630384541634577e-14,3.606735643998151e-14,3.5832809128106565e-14,3.5600184037456485e-14,3.536946195572691e-14,3.514062389882067e-14,3.4913651107189794e-14,3.4688525042714775e-14,3.4465227386479314e-14,3.4243740035995694e-14,3.402404510009351e-14,3.3806124898017463e-14,3.358996195589391e-14,3.337553900407915e-14,3.3162838974320067e-14,3.2951844996738385e-14,3.274254039810456e-14,3.2534908698065193e-14,3.2328933607090044e-14,3.212459902383501e-14,3.19218890325275e-14,3.1720787900839067e-14,3.152128007656474e-14,3.132335018614465e-14,3.1126983032562584e-14,3.09321635914797e-14,3.073887701003483e-14,3.054710860462625e-14,3.0356843858382185e-14,3.016806841938152e-14,2.9980768095893455e-14,2.979492886124758e-14,2.961053684161954e-14,2.942757832350474e-14,2.924603974486724e-14,2.9065907696696753e-14,2.888716892058684e-14,2.8709810304907e-14,2.853381888480326e-14,2.8359181840532706e-14,2.818588649403057e-14,2.801392030835594e-14,2.784327088476394e-14,2.767392596220947e-14,2.7505873414582516e-14,2.7339101248883714e-14,2.7173597604343044e-14,2.70093507513369e-14,2.6846349087885894e-14,2.6684581138079946e-14,2.6524035552398157e-14,2.6364701104566975e-14,2.620656669075379e-14,2.6049621327094616e-14,2.58938541496749e-14,2.5739254411041854e-14,2.5585811480465265e-14,2.5433514841786237e-14,2.52823540923319e-14,2.5132318940270988e-14,2.4983399205319092e-14,2.4835584815624736e-14,2.4688865806816174e-14,2.4543232321055954e-14,2.439867460564767e-14,2.425518301174258e-14,2.4112747992135084e-14,2.3971360102341638e-14,2.38310099963184e-14,2.3691688427245148e-14,2.3553386245775983e-14,2.341609439889385e-14,2.327980392876324e-14,2.314450597157135e-14,2.301019175618092e-14,2.287685260325856e-14,2.274447992400658e-14,2.2613065219311468e-14,2.248260007820808e-14,2.2353076176914755e-14,2.2224485278564635e-14,2.2096819231283892e-14,2.1970069967553826e-14,2.1844229502744858e-14,2.1719289934580087e-14,2.1595243442173143e-14,2.1472082284806062e-14,2.1349798801152286e-14,2.1228385408107144e-14,2.110783460033121e-14,2.098813894913272e-14,2.0869291100904576e-14,2.0751283777491702e-14,2.0634109773328734e-14,2.0517761958024455e-14,2.0402233270825534e-14,2.0287516724984478e-14,2.0173605401566446e-14,2.006049245347216e-14,1.9948171099715676e-14,1.98366346302763e-14,1.9725876400638936e-14,1.9615889833735167e-14,1.9506668417549732e-14,1.939820570474383e-14,1.9290495313111466e-14,1.9183530923138324e-14,1.9077306278125176e-14,1.8971815183452887e-14,1.886705150591922e-14,1.8763009172762098e-14,1.8659682171487197e-14,1.8557064547492926e-14,1.8455150406000335e-14,1.835393390976027e-14,1.8253409278746695e-14,1.815357078946264e-14,1.80544127741845e-14,1.7955929621534414e-14,1.7858115772036418e-14,1.7760965722744398e-14,1.7664474023848836e-14,1.7568635277750564e-14,1.7473444139448626e-14,1.7378895315400052e-14,1.728498356396044e-14,1.719170369148598e-14,1.709905055661326e-14,1.70070190675503e-14,1.6915604180046812e-14,1.682480089851804e-14,1.6734604275976888e-14,1.6645009411468e-14,1.6556011451437113e-14,1.646760558835992e-14,1.6379787060546052e-14,1.6292551151011164e-14,1.6205893187982394e-14,1.611980854371049e-14,1.603429263422524e-14,1.5949340918827632e-14,1.5864948899137248e-14,1.578111211974036e-14,1.5697826166485464e-14,1.5615086666773654e-14,1.553288928968308e-14,1.5451229743745826e-14,1.537010377820111e-14,1.5289507181244063e-14,1.520943578078418e-14,1.5129885443776062e-14,1.5050852074846792e-14,1.4972331617164532e-14,1.4894320050574168e-14,1.4816813393326366e-14,1.473980769969894e-14,1.4663299060294308e-14,1.4587283601560724e-14,1.451175748554823e-14,1.4436716910267183e-14,1.4362158107802375e-14,1.4288077345009782e-14,1.421447092232069e-14,1.4141335174142695e-14,1.4068666468493882e-14,1.3996461206821435e-14,1.3924715822693924e-14,1.3853426781855887e-14,1.3782590582391072e-14,1.3712203753778921e-14,1.3642262857737822e-14,1.3572764485390437e-14,1.3503705259780464e-14,1.3435081834008533e-14,1.3366890891052234e-14,1.329912914379451e-14,1.323179333463545e-14,1.3164880234511474e-14,1.3098386644526963e-14,1.3032309393011782e-14,1.2966645336807379e-14,1.2901391361032751e-14,1.2836544378035811e-14,1.2772101328015034e-14,1.2708059178133734e-14,1.2644414922102839e-14,1.2581165580396433e-14,1.2518308199665215e-14,1.2455839852883887e-14,1.2393757638073864e-14,1.2332058679192749e-14,1.2270740125838241e-14,1.2209799151288267e-14,1.2149232955257957e-14,1.2089038760473711e-14,1.202921381437387e-14,1.1969755388849306e-14,1.1910660778836734e-14,1.1851927303073048e-14,1.1793552303456259e-14,1.1735533144655606e-14,1.1677867214865384e-14,1.1620551924584462e-14,1.1563584706223073e-14,1.150696301456541e-14,1.1450684326303563e-14,1.1394746139795286e-14,1.133914597495507e-14,1.1283881372752082e-14,1.1228949895344924e-14,1.1174349125686462e-14,1.1120076667535783e-14,1.1066130144807807e-14,1.1012507201679632e-14,1.095920550218853e-14,1.0906222731045982e-14,1.0853556591956758e-14,1.0801204807574836e-14,1.0749165120717843e-14,1.0697435292701977e-14,1.0646013104015531e-14,1.0594896353776472e-14,1.0544082859617144e-14,1.0493570457134231e-14,1.0443357000811982e-14,1.039344036333718e-14,1.0343818433138346e-14,1.0294489118504975e-14,1.0245450344328561e-14,1.0196700052995082e-14,1.0148236203761967e-14,1.0100056772947969e-14,1.0052159754060743e-14,1.0004543156669304e-14,9.957205007271684e-15,9.910143348363727e-15,9.863356238820249e-15,9.816841753446052e-15,9.770597982948914e-15,9.724623033730923e-15,9.678915027726631e-15,9.633472102327473e-15,9.588292410190928e-15,9.543374119116546e-15,9.49871541188417e-15,9.454314486047063e-15,9.41016955392219e-15,9.366278842407737e-15,9.322640592820979e-15,9.279253060646023e-15,9.236114515727757e-15,9.1932232422216e-15,9.150577537066589e-15,9.108175712020431e-15,9.06601609205238e-15,9.024097015621744e-15,8.982416835254554e-15,8.940973915824072e-15,8.899766635790385e-15,8.85879338640693e-15,8.818052572020596e-15,8.77754260965871e-15,8.737261929018083e-15,8.697208972476466e-15,8.657382194486885e-15,8.61778006187758e-15,8.578401054276928e-15,8.539243662634994e-15,8.500306390261514e-15,8.461587752445673e-15,8.423086275983483e-15,8.384800499261227e-15,8.346728972421007e-15,8.308870256943719e-15,8.271222925660492e-15,8.233785562644574e-15,8.196556763079807e-15,8.159535133215252e-15,8.122719290190058e-15,8.086107861950205e-15,8.049699487324083e-15,8.013492815658508e-15,7.977486506782223e-15,7.941679230772966e-15,7.90606966887003e-15,7.870656511794292e-15,7.83543846066799e-15,7.800414226463985e-15,7.765582530719321e-15,7.73094210441159e-15,7.696491688359162e-15,7.662230033270775e-15,7.628155899308949e-15,7.594268056244444e-15,7.560565283499676e-15,7.527046369652047e-15,7.493710112699178e-15,7.460555319632066e-15,7.427681950637493e-15,7.394886006625671e-15,7.362268003798053e-15,7.329826785854334e-15,7.297561205162227e-15,7.26547012271421e-15,7.23355240825713e-15,7.201806939774514e-15,7.170232603912501e-15,7.13882829578508e-15,7.107592919028226e-15,7.076525385165397e-15,7.045624614071006e-15,7.014889533797769e-15,6.984319080428341e-15,6.953912198065897e-15,6.923667838724634e-15,6.8935849623037935e-15,6.863662536902401e-15,6.833899537055602e-15,6.804294946410145e-15,6.774847755571799e-15,6.745556962755653e-15,6.7164215736414475e-15,6.687440601321642e-15,6.658613066225676e-15,6.629937996050467e-15,6.601414425745296e-15,6.573041397383652e-15,6.5448179601648626e-15,6.516743170281302e-15,6.488816090988238e-15,6.461035792158888e-15,6.433401351041826e-15,6.405911851291941e-15,6.378566383390289e-15,6.351364044529442e-15,6.32430393852603e-15,6.29738517576111e-15,6.270606872934204e-15,6.2439681537997354e-15,6.2174681480272e-15,6.19110599155911e-15,6.164880826916248e-15,6.138791802721816e-15,6.112838073880526e-15,6.087018801398996e-15,6.061333152341927e-15,6.035780299857486e-15,6.01035942290134e-15,5.985069706896598e-15,5.959910342609881e-15,5.93488052690628e-15,5.909979462261391e-15,5.885206357096854e-15,5.8605604254155915e-15,5.836040886958157e-15,5.8116469669286594e-15,5.787377896204219e-15,5.763232911023992e-15,5.739211253629836e-15,5.7153121707987246e-15,5.6915349153601666e-15,5.6678787452119475e-15,5.64434292367075e-15,5.620926719080264e-15,5.597629405312847e-15,5.5744502611144455e-15,5.551388570508468e-15,5.528443622563921e-15,5.505614711255985e-15,5.482901135849215e-15,5.460302200125932e-15,5.4378172130988454e-15,5.41544548877072e-15,5.393186345479156e-15,5.371039106828087e-15,5.3490031009084145e-15,5.327077660806894e-15,5.30526212402558e-15,5.283555832694629e-15,5.261958133883443e-15,5.240468378778852e-15,5.21908592346006e-15,5.1978101282614625e-15,5.17664035812682e-15,5.155575982564508e-15,5.134616374835307e-15,5.113760913226812e-15,5.0930089801533195e-15,5.0723599621971995e-15,5.051813250160945e-15,5.031368239261394e-15,5.011024328769581e-15,4.990780922241818e-15,4.9706374269737335e-15,4.950593254895516e-15,4.930647821528512e-15,4.9108005465914834e-15,4.891050853769425e-15,4.871398170710165e-15,4.8518419289760964e-15,4.8323815640406295e-15,4.813016515224254e-15,4.793746225671706e-15,4.77457014237503e-15,4.7554877160219984e-15,4.736498401090329e-15,4.717601655791354e-15,4.698796941942712e-15,4.680083725114522e-15,4.6614614743783496e-15,4.642929662623618e-15,4.624487766074024e-15,4.60613526460861e-15,4.5878716416249034e-15,4.569696383953338e-15,4.551608981923145e-15,4.533608929332195e-15,4.515695723299824e-15,4.497868864391516e-15,4.480127856531055e-15,4.462472206926997e-15,4.444901426223052e-15,4.427415028031502e-15,4.410012529525957e-15,4.3926934509730625e-15,4.37545731591531e-15,4.358303651008607e-15,4.3412319860884105e-15,4.324241854113719e-15,4.307332791263823e-15,4.2905043364485054e-15,4.273756032016363e-15,4.2570874232182405e-15,4.240498058275192e-15,4.223987488451011e-15,4.207555267970744e-15,4.191200953952968e-15,4.174924106509982e-15,4.1587242885579866e-15,4.142601066068286e-15,4.126554007781038e-15,4.110582685076021e-15,4.094686672394733e-15,4.078865546862825e-15,4.063118888502477e-15,4.047446279908231e-15,4.03184730651339e-15,4.016321556406326e-15,4.0008686203527795e-15,3.9854880919276285e-15,3.9701795672256395e-15,3.954942644964942e-15,3.939776926479718e-15,3.924682015766804e-15,3.90965751952389e-15,3.894703046409988e-15,3.894702875340972e-15,3.894702721694533e-15,3.8947025706849374e-15,3.894702421361526e-15,3.894702273773999e-15,3.894702128027856e-15,3.8947019842150846e-15,3.8947018424093276e-15,3.894701702666103e-15,3.8947015650235835e-15,3.89470142950364e-15,3.894701296113045e-15,3.894701164844786e-15,3.894701035679463e-15,3.894700908586705e-15,3.8947007835265986e-15,3.894700660451071e-15,3.894700539305234e-15,3.8947004200286395e-15,3.894700302556463e-15,3.894700186820576e-15,3.8947000727505355e-15,3.894699960274451e-15,3.894699849319765e-15,3.8946997398139306e-15,3.8946996316849825e-15,3.89469952486204e-15,3.894699419275722e-15,3.894699314858454e-15,3.8946992115447775e-15,3.89469910927152e-15,3.894699007977976e-15,3.894698907605991e-15,3.894698808100046e-15,3.894698709407279e-15,3.894698611477492e-15,3.894698514263122e-15,3.894698417719211e-15,3.89469832180333e-15,3.894698226475524e-15,3.89469813169822e-15,3.894698037436137e-15,3.894697943656199e-15,3.89469785032743e-15,3.894697757420852e-15,3.8946976649094005e-15,3.894697572767801e-15,3.89469748097249e-15,3.894697389501503e-15,3.894697298334399e-15,3.8946972074521525e-15,3.894697116837069e-15,3.894697026472716e-15,3.894696936343824e-15,3.894696846436223e-15,3.89469675673676e-15,3.894696667233246e-15,3.894696577914375e-15,3.8946964887696655e-15,3.894696399789419e-15,3.8946963109646466e-15,3.894696222287028e-15,3.894696133748863e-15,3.8946960453430266e-15,3.8946959570629256e-15,3.894695868902463e-15,3.894695780856004e-15,3.8946956929183325e-15,3.894695605084633e-15,3.894695517350449e-15,3.8946954297116666e-15,3.894695342164483e-15,3.894695254705382e-15,3.8946951673311195e-15,3.894695080038695e-15,3.894694992825335e-15,3.894694905688485e-15,3.894694818625778e-15,3.894694731635029e-15,3.894694644714224e-15,3.894694557861497e-15,3.894694471075125e-15,3.894694384353527e-15,3.8946942976952255e-15,3.8946942110988724e-15,3.8946941245632024e-15,3.894694038087066e-15,3.894693951669387e-15,3.894693865309178e-15,3.8946937790055236e-15,3.894693692757577e-15,3.894693606564556e-15,3.894693520425738e-15,3.894693434340453e-15,3.894693348308075e-15,3.894693262328035e-15,3.894693176399801e-15,3.894693090522879e-15,3.894693004696812e-15,3.8946929189211756e-15,3.894692833195579e-15,3.894692747519654e-15,3.894692661893061e-15,3.894692576315485e-15,3.894692490786637e-15,3.894692405306239e-15,3.8946923198740384e-15,3.894692234489795e-15,3.8946921491532925e-15,3.8946920638643225e-15,3.894691978622689e-15,3.894691893428213e-15,3.8946918082807225e-15,3.8946917231800615e-15,3.894691638126078e-15,3.894691553118634e-15,3.894691468157591e-15,3.894691383242833e-15,3.894691298374234e-15,3.8946912135516884e-15,3.894691128775083e-15,3.894691044044324e-15,3.894690959359316e-15,3.894690874719964e-15,3.894690790126186e-15,3.894690705577896e-15,3.894690621075014e-15,3.8946905366174655e-15,3.894690452205179e-15,3.894690367838084e-15,3.894690283516113e-15,3.894690199239198e-15,3.894690115007279e-15,3.894690030820293e-15,3.894689946678185e-15,3.894689862580895e-15,3.894689778528367e-15,3.894689694520544e-15,3.8946896105573754e-15,3.894689526638811e-15,3.894689442764794e-15,3.894689358935285e-15,3.894689275150225e-15,3.894689191409571e-15,3.894689107713273e-15,3.894689024061291e-15,3.89468894045357e-15,3.894688856890075e-15,3.894688773370754e-15,3.8946886898955655e-15,3.8946886064644655e-15,3.894688523077412e-15,3.8946884397343594e-15,3.894688356435273e-15,3.894688273180102e-15,3.8946881899688105e-15,3.894688106801357e-15,3.894688023677702e-15,3.894687940597799e-15,3.894687857561613e-15,3.894687774569099e-15,3.89468769162022e-15,3.894687608714936e-15,3.894687525853208e-15,3.894687443034997e-15,3.894687360260261e-15,3.894687277528965e-15,3.894687194841067e-15,3.89468711219653e-15,3.894687029595313e-15,3.8946869470373815e-15,3.8946868645226926e-15,3.894686782051212e-15,3.894686699622897e-15,3.894686617237713e-15,3.894686534895621e-15,3.894686452596579e-15,3.894686370340557e-15,3.894686288127511e-15,3.8946862059574074e-15,3.8946861238302014e-15,3.8946860417458605e-15,3.894685959704348e-15,3.894685877705623e-15,3.89468579574965e-15,3.894685713836393e-15,3.894685631965811e-15,3.894685550137869e-15,3.8946854683525305e-15,3.894685386609752e-15,3.894685304909505e-15,3.894685223251747e-15,3.894685141636443e-15,3.894685060063555e-15,3.894684978533046e-15,3.894684897044878e-15,3.894684815599015e-15,3.89468473419542e-15,3.894684652834053e-15,3.894684571514884e-15,3.89468449023787e-15,3.894684409002978e-15,3.8946843278101675e-15,3.894684246659404e-15,3.89468416555065e-15,3.89468408448387e-15,3.894684003459026e-15,3.894683922476083e-15,3.894683841535003e-15,3.89468376063575e-15,3.894683679778285e-15,3.894683598962575e-15,3.894683518188581e-15,3.894683437456267e-15,3.8946833567655975e-15,3.894683276116535e-15,3.894683195509045e-15,3.894683114943088e-15,3.8946830344186315e-15,3.894682953935636e-15,3.894682873494065e-15,3.8946827930938856e-15,3.8946827127350564e-15,3.8946826324175454e-15,3.894682552141318e-15,3.894682471906332e-15,3.894682391712554e-15,3.89468231155995e-15,3.894682231448483e-15,3.8946821513781156e-15,3.894682071348812e-15,3.894681991360537e-15,3.8946819114132554e-15,3.8946818315069295e-15,3.894681751641523e-15,3.894681671817002e-15,3.89468159203333e-15,3.894681512290471e-15,3.894681432588388e-15,3.894681352927046e-15,3.8946812733064105e-15,3.8946811937264434e-15,3.894681114187113e-15,3.894681034688379e-15,3.894680955230208e-15,3.894680875812563e-15,3.894680796435411e-15,3.8946807170987134e-15,3.8946806378024365e-15,3.8946805585465446e-15,3.894680479331003e-15,3.894680400155774e-15,3.894680321020822e-15,3.894680241926116e-15,3.894680162871614e-15,3.894680083857286e-15,3.894680004883096e-15,3.894679925949005e-15,3.89467984705498e-15,3.8946797682009866e-15,3.89467968938699e-15,3.8946796106129525e-15,3.89467953187884e-15,3.894679453184617e-15,3.894679374530249e-15,3.894679295915702e-15,3.8946792173409374e-15,3.894679138805925e-15,3.894679060310621e-15,3.894678981855003e-15,3.8946789034390255e-15,3.8946788250626575e-15,3.894678746725867e-15,3.894678668428614e-15,3.894678590170867e-15,3.894678511952589e-15,3.894678433773747e-15,3.894678355634305e-15,3.8946782775342274e-15,3.894678199473481e-15,3.8946781214520294e-15,3.8946780434698386e-15,3.894677965526875e-15,3.894677887623104e-15,3.8946778097584895e-15,3.894677731932997e-15,3.894677654146594e-15,3.89467757639924e-15,3.8946774986909075e-15,3.8946774210215615e-15,3.894677343391162e-15,3.894677265799678e-15,3.894677188247075e-15,3.894677110733317e-15,3.894677033258373e-15,3.894676955822205e-15,3.8946768784247814e-15,3.894676801066067e-15,3.894676723746025e-15,3.894676646464624e-15,3.894676569221831e-15,3.8946764920176075e-15,3.894676414851922e-15,3.89467633772474e-15,3.894676260636028e-15,3.894676183585751e-15,3.8946761065738725e-15,3.894676029600366e-15,3.894675952665188e-15,3.894675875768311e-15,3.894675798909696e-15,3.8946757220893135e-15,3.8946756453071284e-15,3.894675568563106e-15,3.894675491857209e-15,3.89467541518941e-15,3.894675338559672e-15,3.8946752619679615e-15,3.894675185414245e-15,3.8946751088984864e-15,3.894675032420656e-15,3.8946749559807156e-15,3.894674879578637e-15,3.89467480321438e-15,3.894674726887916e-15,3.8946746505991996e-15,3.894674574348217e-15,3.894674498134924e-15,3.8946744219592866e-15,3.894674345821272e-15,3.894674269720849e-15,3.89467419365798e-15,3.894674117632636e-15,3.894674041644779e-15,3.894673965694377e-15,3.894673889781399e-15,3.894673813905809e-15,3.894673738067574e-15,3.894673662266662e-15,3.894673586503037e-15,3.894673510776669e-15,3.894673435087525e-15,3.894673359435566e-15,3.894673283820766e-15,3.894673208243086e-15,3.894673132702497e-15,3.894673057198961e-15,3.8946729817324514e-15,3.894672906302933e-15,3.894672830910368e-15,3.894672755554729e-15,3.894672680235981e-15,3.8946726049540924e-15,3.894672529709025e-15,3.894672454500752e-15,3.89467237932924e-15,3.894672304194449e-15,3.894672229096356e-15,3.894672154034923e-15,3.894672079010115e-15,3.894672004021905e-15,3.894671929070254e-15,3.8946718541551334e-15,3.894671779276507e-15,3.894671704434344e-15,3.894671629628613e-15,3.894671554859281e-15,3.8946714801263136e-15,3.894671405429678e-15,3.894671330769344e-15,3.894671256145277e-15,3.8946711815574446e-15,3.8946711070058165e-15,3.894671032490357e-15,3.894670958011037e-15,3.8946708835678196e-15,3.894670809160676e-15,3.894670734789573e-15,3.8946706604544775e-15,3.894670586155358e-15,3.894670511892181e-15,3.8946704376649155e-15,3.894670363473527e-15,3.894670289317985e-15,3.894670215198257e-15,3.8946701411143116e-15,3.8946700670661165e-15,3.894669993053631e-15,3.8946699190768385e-15,3.8946698451356966e-15,3.894669771230176e-15,3.894669697360242e-15,3.894669623525867e-15,3.894669549727016e-15,3.894669475963659e-15,3.8946694022357635e-15,3.894669328543293e-15,3.8946692548862226e-15,3.894669181264514e-15,3.8946691076781386e-15,3.894669034127065e-15,3.89466896061126e-15,3.894668887130691e-15,3.8946688136853294e-15,3.8946687402751406e-15,3.894668666900093e-15,3.894668593560155e-15,3.894668520255296e-15,3.8946684469854826e-15,3.894668373750687e-15,3.89466830055087e-15,3.894668227386008e-15,3.894668154256063e-15,3.894668081161008e-15,3.8946680081008105e-15,3.8946679350754374e-15,3.894667862084858e-15,3.894667789129041e-15,3.894667716207955e-15,3.8946676433215685e-15,3.894667570469849e-15,3.894667497652765e-15,3.894667424870287e-15,3.894667352122381e-15,3.89466727940902e-15,3.8946672067301695e-15,3.894667134085797e-15,3.894667061475873e-15,3.894666988900364e-15,3.894666916359243e-15,3.8946668438524776e-15,3.894666771380036e-15,3.8946666989418855e-15,3.894666626537997e-15,3.894666554168337e-15,3.894666481832877e-15,3.894666409531587e-15,3.8946663372644305e-15,3.89466626503138e-15,3.8946661928324064e-15,3.894666120667476e-15,3.894666048536558e-15,3.8946659764396204e-15,3.8946659043766356e-15,3.894665832347569e-15,3.894665760352396e-15,3.894665688391077e-15,3.8946656164635845e-15,3.894665544569893e-15,3.894665472709965e-15,3.89466540088377e-15,3.8946653290912834e-15,3.8946652573324675e-15,3.894665185607295e-15,3.894665113915736e-15,3.8946650422577585e-15,3.8946649706333314e-15,3.894664899042426e-15,3.894664827485009e-15,3.894664755961052e-15,3.894664684470521e-15,3.894664613013391e-15,3.894664541589629e-15,3.894664470199203e-15,3.8946643988420856e-15,3.894664327518244e-15,3.894664256227645e-15,3.894664184970265e-15,3.8946641137460694e-15,3.894664042555027e-15,3.894663971397111e-15,3.89466390027229e-15,3.894663829180531e-15,3.894663758121807e-15,3.8946636870960864e-15,3.894663616103338e-15,3.894663545143532e-15,3.894663474216641e-15,3.894663403322631e-15,3.894663332461475e-15,3.894663261633141e-15,3.894663190837601e-15,3.894663120074824e-15,3.894663049344774e-15,3.89466297864743e-15,3.894662907982756e-15,3.894662837350727e-15,3.89466276675131e-15,3.8946626961844766e-15,3.8946626256501945e-15,3.894662555148434e-15,3.89466248467917e-15,3.894662414242365e-15,3.894662343837996e-15,3.89466227346603e-15,3.894662203126438e-15,3.894662132819189e-15,3.8946620625442536e-15,3.894661992301603e-15,3.8946619220912084e-15,3.894661851913038e-15,3.894661781767063e-15,3.8946617116532534e-15,3.894661641571584e-15,3.8946615715220185e-15,3.894661501504531e-15,3.89466143151909e-15,3.894661361565668e-15,3.894661291644233e-15,3.894661221754759e-15,3.894661151897213e-15,3.8946610820715675e-15,3.894661012277795e-15,3.894660942515861e-15,3.8946608727857415e-15,3.894660803087405e-15,3.894660733420821e-15,3.89466066378596e-15,3.894660594182796e-15,3.8946605246112974e-15,3.8946604550714345e-15,3.894660385563178e-15,3.8946603160865e-15,3.8946602466413695e-15,3.894660177227762e-15,3.894660107845645e-15,3.894660038494988e-15,3.894659969175765e-15,3.8946598998879455e-15,3.8946598306315006e-15,3.894659761406401e-15,3.894659692212617e-15,3.8946596230501206e-15,3.894659553918884e-15,3.894659484818877e-15,3.89465941575007e-15,3.8946593467124334e-15,3.8946592777059414e-15,3.894659208730563e-15,3.894659139786269e-15,3.894659070873031e-15,3.894659001990823e-15,3.894658933139611e-15,3.894658864319371e-15,3.894658795530073e-15,3.894658726771684e-15,3.8946586580441846e-15,3.894658589347536e-15,3.894658520681716e-15,3.894658452046695e-15,3.8946583834424434e-15,3.894658314868934e-15,3.894658246326134e-15,3.894658177814021e-15,3.894658109332559e-15,3.894658040881731e-15,3.894657972461494e-15,3.894657904071834e-15,3.8946578357127095e-15,3.894657767384102e-15,3.894657699085978e-15,3.894657630818312e-15,3.894657562581073e-15,3.894657494374235e-15,3.894657426197767e-15,3.894657358051642e-15,3.894657289935836e-15,3.894657221850314e-15,3.894657153795052e-15,3.894657085770017e-15,3.894657017775189e-15,3.894656949810533e-15,3.894656881876022e-15,3.89465681397163e-15,3.894656746097327e-15,3.894656678253089e-15,3.8946566104388795e-15,3.89465654265468e-15,3.8946564749004575e-15,3.8946564071761855e-15,3.894656339481835e-15,3.894656271817375e-15,3.894656204182785e-15,3.8946561365780326e-15,3.894656069003088e-15,3.8946560014579285e-15,3.894655933942522e-15,3.894655866456843e-15,3.894655799000862e-15,3.8946557315745514e-15,3.894655664177886e-15,3.894655596810836e-15,3.894655529473374e-15,3.894655462165473e-15,3.894655394887103e-15,3.894655327638239e-15,3.894655260418852e-15,3.894655193228913e-15,3.8946551260683994e-15,3.894655058937279e-15,3.8946549918355265e-15,3.894654924763113e-15,3.894654857720013e-15,3.894654790706196e-15,3.894654723721636e-15,3.894654656766307e-15,3.89465458984018e-15,3.894654522943227e-15,3.894654456075425e-15,3.894654389236741e-15,3.894654322427149e-15,3.894654255646623e-15,3.8946541888951336e-15,3.894654122172657e-15,3.894654055479165e-15,3.894653988814627e-15,3.894653922179021e-15,3.894653855572316e-15,3.894653788994486e-15,3.894653722445506e-15,3.894653655925345e-15,3.894653589433978e-15,3.8946535229713776e-15,3.894653456537515e-15,3.894653390132367e-15,3.8946533237559006e-15,3.894653257408097e-15,3.894653191088925e-15,3.894653124798357e-15,3.8946530585363646e-15,3.894652992302922e-15,3.894652926098006e-15,3.894652859921586e-15,3.894652793773635e-15,3.8946527276541255e-15,3.894652661563036e-15,3.8946525955003325e-15,3.8946525294659954e-15,3.894652463459992e-15,3.894652397482299e-15,3.8946523315328876e-15,3.8946522656117315e-15,3.894652199718805e-15,3.894652133854082e-15,3.894652068017535e-15,3.8946520022091355e-15,3.89465193642886e-15,3.89465187067668e-15,3.89465180495257e-15,3.894651739256501e-15,3.894651673588456e-15,3.894651607948391e-15,3.894651542336294e-15,3.894651476752135e-15,3.894651411195885e-15,3.89465134566753e-15,3.8946512801670145e-15,3.894651214694337e-15,3.8946511492494676e-15,3.894651083832382e-15,3.8946510184430356e-15,3.894650953081419e-15,3.8946508877475064e-15,3.894650822441266e-15,3.894650757162665e-15,3.8946506919116744e-15,3.894650626688297e-15,3.894650561492489e-15,3.894650496324226e-15,3.894650431183475e-15,3.894650366070218e-15,3.894650300984424e-15,3.8946502359260685e-15,3.894650170895125e-15,3.894650105891569e-15,3.894650040915371e-15,3.894649975966512e-15,3.894649911044958e-15,3.8946498461506865e-15,3.894649781283671e-15,3.894649716443885e-15,3.894649651631302e-15,3.894649586845901e-15,3.89464952208765e-15,3.89464945735653e-15,3.8946493926525065e-15,3.894649327975559e-15,3.894649263325664e-15,3.8946491987027905e-15,3.894649134106916e-15,3.8946490695380135e-15,3.894649004996058e-15,3.894648940481023e-15,3.8946488759928845e-15,3.894648811531615e-15,3.894648747097189e-15,3.894648682689583e-15,3.894648618308769e-15,3.894648553954721e-15,3.894648489627417e-15,3.8946484253268296e-15,3.894648361052931e-15,3.8946482968056985e-15,3.894648232585106e-15,3.894648168391129e-15,3.8946481042237394e-15,3.894648040082914e-15,3.894647975968627e-15,3.894647911880854e-15,3.894647847819569e-15,3.8946477837847455e-15,3.894647719776357e-15,3.894647655794384e-15,3.894647591838794e-15,3.894647527909568e-15,3.8946474640066766e-15,3.894647400130094e-15,3.8946473362798e-15,3.8946472724557666e-15,3.894647208657966e-15,3.894647144886377e-15,3.894647081140974e-15,3.894647017421728e-15,3.894646953728618e-15,3.894646890061619e-15,3.894646826420706e-15,3.89464676280585e-15,3.894646699217031e-15,3.894646635654218e-15,3.8946465721173935e-15,3.89464650860653e-15,3.894646445121599e-15,3.894646381662579e-15,3.8946463182294445e-15,3.8946462548221704e-15,3.894646191440731e-15,3.894646128085103e-15,3.894646064755262e-15,3.894646001451181e-15,3.8946459381728374e-15,3.894645874920205e-15,3.8946458116932594e-15,3.8946457484919775e-15,3.8946456853163335e-15,3.894645622166301e-15,3.894645559041861e-15,3.89464549594298e-15,3.89464543286964e-15,3.894645369821813e-15,3.894645306799479e-15,3.894645243802609e-15,3.89464518083118e-15,3.894645117885169e-15,3.8946450549645474e-15,3.894644992069294e-15,3.894644929199384e-15,3.8946448663547886e-15,3.894644803535492e-15,3.894644740741464e-15,3.894644677972683e-15,3.894644615229124e-15,3.894644552510759e-15,3.894644489817567e-15,3.894644427149525e-15,3.894644364506605e-15,3.894644301888784e-15,3.8946442392960416e-15,3.894644176728351e-15,3.894644114185685e-15,3.8946440516680225e-15,3.894643989175336e-15,3.894643926707607e-15,3.894643864264807e-15,3.894643801846914e-15,3.894643739453904e-15,3.89464367708575e-15,3.894643614742432e-15,3.894643552423924e-15,3.894643490130201e-15,3.894643427861241e-15,3.894643365617019e-15,3.8946433033975094e-15,3.894643241202694e-15,3.894643179032538e-15,3.894643116887028e-15,3.89464305476614e-15,3.894642992669844e-15,3.894642930598118e-15,3.8946428685509406e-15,3.894642806528287e-15,3.8946427445301316e-15,3.894642682556453e-15,3.894642620607225e-15,3.894642558682424e-15,3.8946424967820305e-15,3.894642434906017e-15,3.894642373054361e-15,3.894642311227037e-15,3.894642249424024e-15,3.894642187645297e-15,3.894642125890832e-15,3.894642064160608e-15,3.8946420024545984e-15,3.89464194077278e-15,3.894641879115129e-15,3.8946418174816296e-15,3.894641755872246e-15,3.894641694286959e-15,3.8946416327257505e-15,3.894641571188593e-15,3.894641509675461e-15,3.894641448186335e-15,3.894641386721189e-15,3.89464132528e-15,3.894641263862748e-15,3.894641202469406e-15,3.89464114109995e-15,3.894641079754359e-15,3.894641018432611e-15,3.89464095713468e-15,3.8946408958605435e-15,3.8946408346101784e-15,3.894640773383562e-15,3.894640712180671e-15,3.8946406510014814e-15,3.894640589845969e-15,3.894640528714116e-15,3.894640467605894e-15,3.8946404065212824e-15,3.8946403454602574e-15,3.894640284422795e-15,3.894640223408874e-15,3.894640162418469e-15,3.894640101451558e-15,3.89464004050812e-15,3.89463997958813e-15,3.894639918691567e-15,3.894639857818406e-15,3.894639796968623e-15,3.894639736142199e-15,3.8946396753391106e-15,3.8946396145593295e-15,3.894639553802839e-15,3.894639493069614e-15,3.894639432359632e-15,3.89463937167287e-15,3.8946393110093056e-15,3.894639250368915e-15,3.8946391897516775e-15,3.894639129157569e-15,3.894639068586568e-15,3.8946390080386495e-15,3.894638947513792e-15,3.894638887011975e-15,3.894638826533172e-15,3.894638766077363e-15,3.894638705644523e-15,3.8946386452346356e-15,3.894638584847675e-15,3.894638524483612e-15,3.894638464142435e-15,3.8946384038241145e-15,3.894638343528631e-15,3.8946382832559595e-15,3.8946382230060815e-15,3.89463816277897e-15,3.894638102574606e-15,3.894638042392964e-15,3.894637982234025e-15,3.894637922097767e-15,3.894637861984161e-15,3.894637801893194e-15,3.894637741824837e-15,3.894637681779071e-15,3.8946376217558736e-15,3.8946375617552204e-15,3.894637501777092e-15,3.894637441821465e-15,3.894637381888315e-15,3.8946373219776256e-15,3.8946372620893685e-15,3.894637202223524e-15,3.89463714238007e-15,3.894637082558986e-15,3.894637022760247e-15,3.894636962983833e-15,3.894636903229723e-15,3.894636843497906e-15,3.894636783788328e-15,3.894636724100993e-15,3.894636664435872e-15,3.894636604792944e-15,3.894636545172185e-15,3.894636485573577e-15,3.894636425997097e-15,3.89463636644272e-15,3.894636306910427e-15,3.894636247400194e-15,3.894636187912001e-15,3.894636128445826e-15,3.8946360690016465e-15,3.894636009579442e-15,3.89463595017919e-15,3.894635890800869e-15,3.894635831444457e-15,3.894635772109932e-15,3.894635712797271e-15,3.894635653506458e-15,3.8946355942374655e-15,3.894635534990273e-15,3.894635475764862e-15,3.8946354165612044e-15,3.894635357379286e-15,3.8946352982190816e-15,3.894635239080572e-15,3.894635179963732e-15,3.8946351208685404e-15,3.89463506179498e-15,3.8946350027430246e-15,3.894634943712656e-15,3.894634884703852e-15,3.89463482571659e-15,3.894634766750848e-15,3.8946347078066084e-15,3.894634648883847e-15,3.894634589982544e-15,3.894634531102674e-15,3.89463447224422e-15,3.89463441340716e-15,3.894634354591473e-15,3.894634295797135e-15,3.894634237024128e-15,3.894634178272428e-15,3.894634119542015e-15,3.89463406083287e-15,3.894634002144969e-15,3.894633943478291e-15,3.894633884832817e-15,3.894633826208524e-15,3.894633767605392e-15,3.8946337090234005e-15,3.894633650462525e-15,3.894633591922748e-15,3.894633533404048e-15,3.8946334749064025e-15,3.8946334164297916e-15,3.894633357974194e-15,3.894633299539588e-15,3.894633241125955e-15,3.894633182733271e-15,3.894633124361517e-15,3.894633066010671e-15,3.894633007680714e-15,3.894632949371621e-15,3.8946328910833776e-15,3.8946328328159576e-15,3.894632774569343e-15,3.8946327163435124e-15,3.894632658138442e-15,3.894632599954117e-15,3.894632541790511e-15,3.894632483647608e-15,3.894632425525385e-15,3.8946323674238204e-15,3.894632309342894e-15,3.894632251282586e-15,3.894632193242877e-15,3.894632135223744e-15,3.894632077225168e-15,3.894632019247127e-15,3.894631961289602e-15,3.89463190335257e-15,3.894631845436012e-15,3.8946317875399085e-15,3.8946317296642376e-15,3.894631671808978e-15,3.894631613974114e-15,3.894631556159617e-15,3.894631498365473e-15,3.894631440591658e-15,3.8946313828381556e-15,3.894631325104944e-15,3.894631267392001e-15,3.894631209699307e-15,3.894631152026844e-15,3.894631094374587e-15,3.8946310367425186e-15,3.89463097913062e-15,3.894630921538866e-15,3.8946308639672404e-15,3.894630806415723e-15,3.8946307488842925e-15,3.8946306913729286e-15,3.894630633881613e-15,3.894630576410322e-15,3.8946305189590395e-15,3.8946304615277426e-15,3.894630404116412e-15,3.894630346725029e-15,3.894630289353571e-15,3.89463023200202e-15,3.8946301746703515e-15,3.894630117358553e-15,3.8946300600665995e-15,3.8946300027944695e-15,3.894629945542147e-15,3.8946298883096115e-15,3.8946298310968424e-15,3.894629773903818e-15,3.8946297167305194e-15,3.894629659576929e-15,3.894629602443023e-15,3.894629545328786e-15,3.894629488234194e-15,3.8946294311592296e-15,3.894629374103872e-15,3.894629317068104e-15,3.894629260051898e-15,3.894629203055245e-15,3.894629146078118e-15,3.894629089120498e-15,3.89462903218237e-15,3.8946289752637116e-15,3.8946289183645e-15,3.8946288614847184e-15,3.894628804624345e-15,3.894628747783363e-15,3.894628690961753e-15,3.894628634159494e-15,3.894628577376566e-15,3.894628520612949e-15,3.894628463868626e-15,3.89462840714357e-15,3.894628350437772e-15,3.894628293751209e-15,3.89462823708386e-15,3.894628180435706e-15,3.894628123806725e-15,3.894628067196901e-15,3.894628010606215e-15,3.894627954034647e-15,3.894627897482176e-15,3.894627840948783e-15,3.8946277844344486e-15,3.894627727939154e-15,3.894627671462884e-15,3.8946276150056115e-15,3.894627558567318e-15,3.89462750214799e-15,3.894627445747609e-15,3.894627389366147e-15,3.8946273330035915e-15,3.894627276659918e-15,3.894627220335114e-15,3.894627164029158e-15,3.894627107742035e-15,3.8946270514737165e-15,3.894626995224187e-15,3.8946269389934266e-15,3.89462688278142e-15,3.894626826588145e-15,3.8946267704135806e-15,3.894626714257716e-15,3.894626658120525e-15,3.894626602001988e-15,3.8946265459020946e-15,3.894626489820815e-15,3.8946264337581355e-15,3.894626377714034e-15,3.894626321688497e-15,3.8946262656815015e-15,3.8946262096930296e-15,3.8946261537230636e-15,3.894626097771583e-15,3.8946260418385696e-15,3.8946259859240045e-15,3.8946259300278696e-15,3.894625874150146e-15,3.894625818290814e-15,3.8946257624498524e-15,3.8946257066272496e-15,3.894625650822978e-15,3.894625595037026e-15,3.894625539269371e-15,3.894625483519995e-15,3.8946254277888836e-15,3.8946253720760105e-15,3.8946253163813625e-15,3.894625260704918e-15,3.894625205046661e-15,3.894625149406571e-15,3.8946250937846304e-15,3.894625038180819e-15,3.8946249825951205e-15,3.894624927027515e-15,3.8946248714779854e-15,3.89462481594651e-15,3.8946247604330745e-15,3.894624704937657e-15,3.894624649460242e-15,3.894624594000809e-15,3.89462453855934e-15,3.894624483135816e-15,3.8946244277302186e-15,3.894624372342532e-15,3.894624316972733e-15,3.894624261620808e-15,3.894624206286736e-15,3.8946241509705e-15,3.894624095672081e-15,3.8946240403914614e-15,3.89462398512862e-15,3.894623929883542e-15,3.8946238746562115e-15,3.894623819446602e-15,3.894623764254702e-15,3.894623709080491e-15,3.894623653923952e-15,3.894623598785068e-15,3.894623543663817e-15,3.894623488560183e-15,3.8946234334741485e-15,3.894623378405693e-15,3.8946233233548e-15,3.8946232683214495e-15,3.89462321330563e-15,3.894623158307317e-15,3.894623103326491e-15,3.894623048363138e-15,3.89462299341724e-15,3.8946229384887796e-15,3.894622883577737e-15,3.894622828684093e-15,3.8946227738078344e-15,3.894622718948941e-15,3.89462266410739e-15,3.8946226092831705e-15,3.8946225544762615e-15,3.8946224996866444e-15,3.894622444914304e-15,3.89462239015922e-15,3.8946223354213745e-15,3.894622280700752e-15,3.894622225997334e-15,3.894622171311099e-15,3.894622116642034e-15,3.894622061990122e-15,3.894622007355339e-15,3.894621952737671e-15,3.894621898137103e-15,3.894621843553615e-15,3.894621788987187e-15,3.894621734437805e-15,3.89462167990545e-15,3.894621625390104e-15,3.894621570891748e-15,3.89462151641037e-15,3.894621461945943e-15,3.894621407498459e-15,3.894621353067894e-15,3.894621298654235e-15,3.894621244257461e-15,3.894621189877557e-15,3.894621135514501e-15,3.894621081168283e-15,3.8946210268388805e-15,3.8946209725262766e-15,3.8946209182304525e-15,3.894620863951395e-15,3.894620809689084e-15,3.894620755443504e-15,3.894620701214634e-15,3.894620647002459e-15,3.894620592806961e-15,3.894620538628124e-15,3.8946204844659294e-15,3.8946204303203604e-15,3.8946203761913986e-15,3.894620322079029e-15,3.894620267983232e-15,3.894620213903993e-15,3.8946201598412916e-15,3.894620105795113e-15,3.894620051765439e-15,3.89461999775225e-15,3.894619943755535e-15,3.894619889775272e-15,3.8946198358114486e-15,3.8946197818640375e-15,3.894619727933032e-15,3.894619674018412e-15,3.894619620120158e-15,3.8946195662382555e-15,3.894619512372688e-15,3.8946194585234404e-15,3.8946194046904875e-15,3.894619350873816e-15,3.8946192970734115e-15,3.894619243289258e-15,3.8946191895213345e-15,3.894619135769628e-15,3.894619082034119e-15,3.89461902831479e-15,3.894618974611626e-15,3.894618920924611e-15,3.894618867253725e-15,3.894618813598952e-15,3.8946187599602765e-15,3.894618706337679e-15,3.894618652731154e-15,3.894618599140667e-15,3.894618545566211e-15,3.894618492007766e-15,3.894618438465319e-15,3.89461838493885e-15,3.894618331428343e-15,3.894618277933784e-15,3.894618224455154e-15,3.894618170992433e-15,3.894618117545611e-15,3.894618064114669e-15,3.894618010699588e-15,3.894617957300354e-15,3.894617903916949e-15,3.894617850549353e-15,3.894617797197558e-15,3.89461774386154e-15,3.894617690541287e-15,3.8946176372367794e-15,3.894617583948001e-15,3.894617530674939e-15,3.894617477417574e-15,3.894617424175888e-15,3.8946173709498665e-15,3.894617317739493e-15,3.894617264544751e-15,3.894617211365623e-15,3.894617158202096e-15,3.894617105054147e-15,3.894617051921765e-15,3.894616998804933e-15,3.8946169457036355e-15,3.894616892617854e-15,3.894616839547571e-15,3.8946167864927725e-15,3.8946167334534405e-15,3.8946166804295616e-15,3.8946166274211174e-15,3.894616574428095e-15,3.894616521450469e-15,3.8946164684882364e-15,3.8946164155413684e-15,3.894616362609859e-15,3.894616309693685e-15,3.894616256792834e-15,3.894616203907288e-15,3.894616151037033e-15,3.894616098182049e-15,3.894616045342323e-15,3.8946159925178406e-15,3.89461593970858e-15,3.89461588691453e-15,3.894615834135673e-15,3.894615781371992e-15,3.894615728623473e-15,3.894615675890098e-15,3.894615623171854e-15,3.894615570468719e-15,3.894615517780683e-15,3.894615465107729e-15,3.894615412449837e-15,3.894615359806997e-15,3.894615307179187e-15,3.8946152545664e-15,3.894615201968611e-15,3.894615149385811e-15,3.894615096817977e-15,3.8946150442650974e-15,3.894614991727155e-15,3.8946149392041375e-15,3.894614886696024e-15,3.894614834202802e-15,3.894614781724455e-15,3.894614729260969e-15,3.894614676812323e-15,3.894614624378504e-15,3.894614571959498e-15,3.8946145195552895e-15,3.894614467165861e-15,3.8946144147911976e-15,3.894614362431282e-15,3.894614310086104e-15,3.894614257755638e-15,3.894614205439879e-15,3.8946141531388054e-15,3.894614100852402e-15,3.8946140485806535e-15,3.894613996323546e-15,3.8946139440810635e-15,3.8946138918531886e-15,3.894613839639908e-15,3.894613787441206e-15,3.894613735257065e-15,3.8946136830874696e-15,3.894613630932408e-15,3.89461357879186e-15,3.894613526665814e-15,3.894613474554252e-15,3.8946134224571595e-15,3.894613370374521e-15,3.894613318306321e-15,3.894613266252546e-15,3.894613214213178e-15,3.894613162188203e-15,3.894613110177604e-15,3.8946130581813686e-15,3.89461300619948e-15,3.894612954231923e-15,3.894612902278679e-15,3.89461285033974e-15,3.8946127984150844e-15,3.894612746504701e-15,3.894612694608572e-15,3.894612642726683e-15,3.894612590859018e-15,3.894612539005561e-15,3.894612487166303e-15,3.894612435341221e-15,3.894612383530302e-15,3.8946123317335344e-15,3.894612279950898e-15,3.894612228182382e-15,3.894612176427968e-15,3.894612124687645e-15,3.8946120729613925e-15,3.8946120212492e-15,3.894611969551051e-15,3.894611917866931e-15,3.8946118661968235e-15,3.8946118145407134e-15,3.894611762898587e-15,3.894611711270428e-15,3.894611659656224e-15,3.894611608055959e-15,3.894611556469616e-15,3.894611504897181e-15,3.894611453338639e-15,3.894611401793977e-15,3.894611350263178e-15,3.894611298746229e-15,3.894611247243115e-15,3.894611195753818e-15,3.894611144278327e-15,3.894611092816626e-15,3.894611041368699e-15,3.894610989934533e-15,3.894610938514111e-15,3.894610887107419e-15,3.894610835714444e-15,3.894610784335171e-15,3.89461073296958e-15,3.89461068161766e-15,3.8946106302794014e-15,3.8946105789547825e-15,3.8946105276437935e-15,3.894610476346417e-15,3.894610425062638e-15,3.894610373792442e-15,3.8946103225358134e-15,3.894610271292741e-15,3.894610220063206e-15,3.8946101688471985e-15,3.894610117644701e-15,3.8946100664556964e-15,3.894610015280175e-15,3.894609964118122e-15,3.894609912969521e-15,3.894609861834358e-15,3.894609810712617e-15,3.894609759604284e-15,3.8946097085093476e-15,3.894609657427791e-15,3.8946096063595975e-15,3.894609555304757e-15,3.8946095042632525e-15,3.89460945323507e-15,3.894609402220196e-15,3.894609351218615e-15,3.894609300230312e-15,3.89460924925527e-15,3.894609198293488e-15,3.894609147344937e-15,3.8946090964096074e-15,3.8946090454874874e-15,3.894608994578557e-15,3.894608943682809e-15,3.894608892800223e-15,3.894608841930789e-15,3.89460879107449e-15,3.8946087402313136e-15,3.894608689401243e-15,3.8946086385842675e-15,3.894608587780372e-15,3.894608536989541e-15,3.894608486211758e-15,3.894608435447015e-15,3.8946083846952945e-15,3.8946083339565815e-15,3.894608283230863e-15,3.894608232518125e-15,3.8946081818183535e-15,3.894608131131535e-15,3.894608080457653e-15,3.894608029796695e-15,3.894607979148648e-15,3.894607928513496e-15,3.894607877891225e-15,3.894607827281821e-15,3.894607776685273e-15,3.8946077261015646e-15,3.894607675530682e-15,3.894607624972611e-15,3.8946075744273414e-15,3.894607523894853e-15,3.894607473375135e-15,3.894607422868173e-15,3.894607372373953e-15,3.894607321892463e-15,3.894607271423687e-15,3.894607220967613e-15,3.8946071705242234e-15,3.894607120093508e-15,3.894607069675452e-15,3.894607019270041e-15,3.894606968877264e-15,3.894606918497103e-15,3.894606868129543e-15,3.8946068177745786e-15,3.89460676743219e-15,3.894606717102364e-15,3.894606666785089e-15,3.8946066164803474e-15,3.894606566188127e-15,3.894606515908417e-15,3.894606465641201e-15,3.894606415386466e-15,3.894606365144196e-15,3.894606314914381e-15,3.8946062646970075e-15,3.894606214492059e-15,3.894606164299524e-15,3.894606114119388e-15,3.894606063951636e-15,3.8946060137962585e-15,3.894605963653235e-15,3.894605913522561e-15,3.8946058634042176e-15,3.894605813298194e-15,3.894605763204472e-15,3.89460571312304e-15,3.894605663053887e-15,3.894605612996999e-15,3.8946055629523605e-15,3.8946055129199596e-15,3.894605462899783e-15,3.894605412891816e-15,3.8946053628960445e-15,3.894605312912458e-15,3.894605262941043e-15,3.894605212981781e-15,3.894605163034662e-15,3.894605113099672e-15,3.8946050631768025e-15,3.8946050132660345e-15,3.894604963367358e-15,3.894604913480756e-15,3.894604863606221e-15,3.894604813743736e-15,3.894604763893287e-15,3.894604714054862e-15,3.894604664228446e-15,3.8946046144140276e-15,3.894604564611595e-15,3.89460451482113e-15,3.894604465042626e-15,3.894604415276066e-15,3.894604365521437e-15,3.8946043157787255e-15,3.894604266047919e-15,3.894604216329006e-15,3.894604166621971e-15,3.894604116926802e-15,3.894604067243485e-15,3.8946040175720075e-15,3.894603967912357e-15,3.894603918264521e-15,3.894603868628484e-15,3.894603819004236e-15,3.894603769391759e-15,3.894603719791044e-15,3.8946036702020785e-15,3.894603620624846e-15,3.894603571059338e-15,3.8946035215055394e-15,3.8946034719634385e-15,3.89460342243302e-15,3.894603372914272e-15,3.894603323407181e-15,3.894603273911738e-15,3.894603224427924e-15,3.89460317495573e-15,3.894603125495141e-15,3.894603076046147e-15,3.894603026608731e-15,3.894602977182885e-15,3.8946029277685895e-15,3.89460287836584e-15,3.894602828974618e-15,3.894602779594913e-15,3.89460273022671e-15,3.8946026808700025e-15,3.8946026315247704e-15,3.894602582191002e-15,3.894602532868687e-15,3.894602483557813e-15,3.894602434258366e-15,3.8946023849703295e-15,3.8946023356936984e-15,3.8946022864284545e-15,3.894602237174585e-15,3.894602187932081e-15,3.8946021387009325e-15,3.894602089481119e-15,3.894602040272633e-15,3.8946019910754575e-15,3.894601941889585e-15,3.894601892714999e-15,3.894601843551689e-15,3.894601794399641e-15,3.8946017452588445e-15,3.894601696129286e-15,3.894601647010953e-15,3.894601597903833e-15,3.8946015488079116e-15,3.8946014997231796e-15,3.8946014506496226e-15,3.894601401587228e-15,3.894601352535984e-15,3.894601303495877e-15,3.894601254466898e-15,3.8946012054490295e-15,3.894601156442263e-15,3.8946011074465855e-15,3.8946010584619836e-15,3.894601009488446e-15,3.894600960525958e-15,3.8946009115745084e-15,3.8946008626340875e-15,3.8946008137046774e-15,3.894600764786271e-15,3.894600715878855e-15,3.894600666982415e-15,3.894600618096938e-15,3.894600569222414e-15,3.894600520358832e-15,3.894600471506179e-15,3.89460042266444e-15,3.8946003738336066e-15,3.894600325013661e-15,3.8946002762045975e-15,3.8946002274064e-15,3.894600178619058e-15,3.894600129842558e-15,3.894600081076888e-15,3.894600032322038e-15,3.894599983577994e-15,3.894599934844743e-15,3.894599886122273e-15,3.894599837410574e-15,3.8945997887096325e-15,3.894599740019437e-15,3.8945996913399724e-15,3.894599642671231e-15,3.8945995940132e-15,3.8945995453658665e-15,3.894599496729216e-15,3.894599448103238e-15,3.894599399487923e-15,3.8945993508832575e-15,3.8945993022892285e-15,3.8945992537058255e-15,3.894599205133035e-15,3.894599156570846e-15,3.894599108019247e-15,3.894599059478226e-15,3.8945990109477675e-15,3.894598962427867e-15,3.8945989139185064e-15,3.8945988654196724e-15,3.89459881693136e-15,3.894598768453554e-15,3.89459871998624e-15,3.8945986715294105e-15,3.89459862308305e-15,3.894598574647148e-15,3.894598526221695e-15,3.894598477806675e-15,3.894598429402078e-15,3.894598381007892e-15,3.894598332624107e-15,3.89459828425071e-15,3.89459823588769e-15,3.8945981875350354e-15,3.89459813919273e-15,3.894598090860767e-15,3.894598042539134e-15,3.894597994227817e-15,3.894597945926808e-15,3.894597897636091e-15,3.894597849355657e-15,3.894597801085494e-15,3.8945977528255935e-15,3.8945977045759354e-15,3.8945976563365144e-15,3.894597608107319e-15,3.8945975598883354e-15,3.8945975116795546e-15,3.89459746348096e-15,3.894597415292546e-15,3.8945973671142974e-15,3.894597318946207e-15,3.894597270788253e-15,3.8945972226404345e-15,3.894597174502738e-15,3.894597126375148e-15,3.894597078257655e-15,3.89459703015025e-15,3.894596982052918e-15,3.894596933965651e-15,3.894596885888434e-15,3.894596837821256e-15,3.894596789764105e-15,3.894596741716973e-15,3.894596693679845e-15,3.894596645652713e-15,3.8945965976355634e-15,3.894596549628384e-15,3.894596501631165e-15,3.894596453643897e-15,3.894596405666565e-15,3.894596357699158e-15,3.894596309741668e-15,3.894596261794081e-15,3.894596213856385e-15,3.894596165928569e-15,3.894596118010624e-15,3.894596070102534e-15,3.894596022204294e-15,3.894595974315889e-15,3.894595926437308e-15,3.894595878568542e-15,3.894595830709575e-15,3.894595782860402e-15,3.894595735021006e-15,3.894595687191378e-15,3.8945956393715096e-15,3.894595591561386e-15,3.894595543760998e-15,3.894595495970332e-15,3.894595448189379e-15,3.894595400418125e-15,3.8945953526565615e-15,3.894595304904678e-15,3.894595257162466e-15,3.894595209429907e-15,3.8945951617069955e-15,3.894595113993719e-15,3.894595066290067e-15,3.8945950185960255e-15,3.894594970911589e-15,3.8945949232367404e-15,3.894594875571472e-15,3.894594827915773e-15,3.894594780269633e-15,3.894594732633037e-15,3.894594685005976e-15,3.8945946373884405e-15,3.894594589780418e-15,3.894594542181899e-15,3.894594494592871e-15,3.894594447013322e-15,3.8945943994432425e-15,3.894594351882625e-15,3.894594304331455e-15,3.894594256789721e-15,3.8945942092574145e-15,3.894594161734524e-15,3.894594114221036e-15,3.894594066716943e-15,3.894594019222234e-15,3.894593971736896e-15,3.894593924260918e-15,3.894593876794288e-15,3.894593829337001e-15,3.894593781889044e-15,3.894593734450405e-15,3.894593687021072e-15,3.894593639601032e-15,3.894593592190279e-15,3.894593544788805e-15,3.894593497396595e-15,3.894593450013637e-15,3.894593402639922e-15,3.894593355275437e-15,3.8945933079201756e-15,3.894593260574123e-15,3.894593213237275e-15,3.894593165909614e-15,3.89459311859113e-15,3.8945930712818164e-15,3.894593023981658e-15,3.894592976690649e-15,3.8945929294087735e-15,3.894592882136024e-15,3.89459283487239e-15,3.894592787617861e-15,3.8945927403724255e-15,3.894592693136073e-15,3.894592645908794e-15,3.894592598690578e-15,3.894592551481412e-15,3.8945925042812866e-15,3.8945924570901915e-15,3.894592409908119e-15,3.894592362735052e-15,3.89459231557099e-15,3.894592268415913e-15,3.894592221269813e-15,3.894592174132681e-15,3.894592127004507e-15,3.894592079885278e-15,3.894592032774988e-15,3.894591985673622e-15,3.894591938581174e-15,3.894591891497631e-15,3.894591844422981e-15,3.894591797357216e-15,3.8945917503003246e-15,3.894591703252297e-15,3.894591656213122e-15,3.894591609182791e-15,3.894591562161293e-15,3.894591515148618e-15,3.894591468144754e-15,3.894591421149693e-15,3.8945913741634215e-15,3.8945913271859326e-15,3.8945912802172135e-15,3.894591233257256e-15,3.894591186306047e-15,3.8945911393635784e-15,3.8945910924298405e-15,3.894591045504822e-15,3.894590998588515e-15,3.894590951680903e-15,3.894590904781982e-15,3.894590857891737e-15,3.894590811010163e-15,3.8945907641372496e-15,3.894590717272983e-15,3.894590670417352e-15,3.894590623570351e-15,3.894590576731968e-15,3.8945905299021915e-15,3.894590483081013e-15,3.894590436268422e-15,3.894590389464408e-15,3.894590342668961e-15,3.894590295882074e-15,3.894590249103732e-15,3.894590202333926e-15,3.8945901555726476e-15,3.8945901088198854e-15,3.894590062075632e-15,3.894590015339876e-15,3.8945899686126036e-15,3.89458992189381e-15,3.894589875183484e-15,3.894589828481614e-15,3.8945897817881916e-15,3.894589735103205e-15,3.894589688426648e-15,3.894589641758507e-15,3.8945895950987726e-15,3.894589548447437e-15,3.8945895018044855e-15,3.894589455169914e-15,3.894589408543709e-15,3.894589361925861e-15,3.894589315316363e-15,3.894589268715201e-15,3.8945892221223666e-15,3.894589175537852e-15,3.894589128961646e-15,3.894589082393737e-15,3.894589035834116e-15,3.894588989282774e-15,3.894588942739701e-15,3.8945888962048875e-15,3.894588849678324e-15,3.89458880316e-15,3.894588756649904e-15,3.89458871014803e-15,3.894588663654366e-15,3.8945886171689016e-15,3.8945885706916286e-15,3.894588524222538e-15,3.894588477761616e-15,3.894588431308858e-15,3.894588384864249e-15,3.894588338427785e-15,3.8945882919994535e-15,3.8945882455792436e-15,3.894588199167149e-15,3.894588152763155e-15,3.894588106367257e-15,3.894588059979443e-15,3.894588013599705e-15,3.894587967228029e-15,3.8945879208644105e-15,3.8945878745088375e-15,3.894587828161298e-15,3.894587781821788e-15,3.894587735490293e-15,3.894587689166808e-15,3.894587642851321e-15,3.89458759654382e-15,3.8945875502443005e-15,3.894587503952752e-15,3.8945874576691595e-15,3.89458741139352e-15,3.894587365125819e-15,3.89458731886605e-15,3.894587272614205e-15,3.894587226370271e-15,3.894587180134239e-15,3.894587133906101e-15,3.894587087685847e-15,3.894587041473468e-15,3.894586995268952e-15,3.894586949072296e-15,3.894586902883484e-15,3.894586856702509e-15,3.89458681052936e-15,3.8945867643640304e-15,3.8945867182065096e-15,3.894586672056788e-15,3.894586625914856e-15,3.8945865797807044e-15,3.8945865336543254e-15,3.894586487535706e-15,3.894586441424842e-15,3.894586395321719e-15,3.894586349226331e-15,3.894586303138668e-15,3.89458625705872e-15,3.894586210986477e-15,3.894586164921932e-15,3.894586118865076e-15,3.8945860728158966e-15,3.8945860267743856e-15,3.894585980740537e-15,3.894585934714337e-15,3.894585888695781e-15,3.8945858426848526e-15,3.8945857966815485e-15,3.8945857506858586e-15,3.894585704697775e-15,3.894585658717285e-15,3.894585612744385e-15,3.894585566779057e-15,3.894585520821298e-15,3.894585474871097e-15,3.894585428928448e-15,3.894585382993339e-15,3.894585337065762e-15,3.894585291145705e-15,3.894585245233163e-15,3.894585199328123e-15,3.894585153430582e-15,3.894585107540524e-15,3.894585061657943e-15,3.894585015782831e-15,3.894584969915175e-15,3.89458492405497e-15,3.894584878202203e-15,3.894584832356872e-15,3.894584786518963e-15,3.894584740688466e-15,3.894584694865373e-15,3.8945846490496784e-15,3.894584603241368e-15,3.894584557440439e-15,3.894584511646875e-15,3.894584465860673e-15,3.89458442008182e-15,3.894584374310308e-15,3.894584328546129e-15,3.894584282789276e-15,3.894584237039735e-15,3.894584191297503e-15,3.894584145562567e-15,3.89458409983492e-15,3.894584054114551e-15,3.894584008401454e-15,3.8945839626956185e-15,3.894583916997035e-15,3.894583871305696e-15,3.8945838256215936e-15,3.894583779944716e-15,3.894583734275057e-15,3.894583688612607e-15,3.894583642957357e-15,3.894583597309298e-15,3.894583551668422e-15,3.8945835060347185e-15,3.8945834604081776e-15,3.894583414788796e-15,3.89458336917656e-15,3.894583323571462e-15,3.8945832779734925e-15,3.894583232382645e-15,3.89458318679891e-15,3.894583141222279e-15,3.8945830956527435e-15,3.8945830500902935e-15,3.894583004534921e-15,3.894582958986618e-15,3.894582913445374e-15,3.894582867911181e-15,3.894582822384032e-15,3.894582776863916e-15,3.894582731350826e-15,3.894582685844755e-15,3.894582640345691e-15,3.894582594853626e-15,3.89458254936855e-15,3.8945825038904575e-15,3.894582458419339e-15,3.894582412955186e-15,3.8945823674979894e-15,3.89458232204774e-15,3.894582276604432e-15,3.894582231168051e-15,3.894582185738595e-15,3.894582140316054e-15,3.8945820949004165e-15,3.894582049491677e-15,3.8945820040898256e-15,3.8945819586948524e-15,3.894581913306752e-15,3.894581867925516e-15,3.894581822551133e-15,3.894581777183598e-15,3.894581731822895e-15,3.894581686469025e-15,3.8945816411219755e-15,3.894581595781739e-15,3.8945815504483025e-15,3.8945815051216644e-15,3.894581459801812e-15,3.894581414488738e-15,3.894581369182433e-15,3.894581323882891e-15,3.8945812785901e-15,3.894581233304055e-15,3.894581188024748e-15,3.894581142752167e-15,3.894581097486305e-15,3.8945810522271556e-15,3.894581006974709e-15,3.894580961728957e-15,3.894580916489889e-15,3.894580871257504e-15,3.894580826031785e-15,3.8945807808127296e-15,3.894580735600326e-15,3.8945806903945655e-15,3.894580645195446e-15,3.894580600002952e-15,3.894580554817078e-15,3.894580509637817e-15,3.8945804644651596e-15,3.894580419299096e-15,3.8945803741396196e-15,3.894580328986723e-15,3.894580283840397e-15,3.894580238700633e-15,3.894580193567424e-15,3.8945801484407614e-15,3.8945801033206345e-15,3.894580058207039e-15,3.894580013099964e-15,3.894579967999402e-15,3.8945799229053466e-15,3.894579877817786e-15,3.894579832736716e-15,3.894579787662127e-15,3.894579742594012e-15,3.8945796975323606e-15,3.8945796524771656e-15,3.8945796074284195e-15,3.8945795623861145e-15,3.8945795173502394e-15,3.8945794723207905e-15,3.894579427297757e-15,3.8945793822811305e-15,3.894579337270904e-15,3.89457929226707e-15,3.894579247269619e-15,3.894579202278546e-15,3.894579157293838e-15,3.894579112315493e-15,3.894579067343497e-15,3.894579022377843e-15,3.8945789774185304e-15,3.894578932465541e-15,3.894578887518873e-15,3.894578842578516e-15,3.894578797644465e-15,3.89457875271671e-15,3.894578707795242e-15,3.894578662880054e-15,3.894578617971142e-15,3.8945785730684896e-15,3.894578528172096e-15,3.894578483281949e-15,3.894578438398043e-15,3.8945783935203704e-15,3.8945783486489224e-15,3.894578303783692e-15,3.8945782589246696e-15,3.894578214071848e-15,3.894578169225221e-15,3.8945781243847775e-15,3.894578079550513e-15,3.894578034722419e-15,3.894577989900486e-15,3.894577945084708e-15,3.894577900275076e-15,3.89457785547158e-15,3.894577810674216e-15,3.894577765882978e-15,3.894577721097854e-15,3.8945776763188365e-15,3.894577631545917e-15,3.894577586779093e-15,3.894577542018349e-15,3.894577497263684e-15,3.894577452515086e-15,3.894577407772551e-15,3.894577363036068e-15,3.894577318305632e-15,3.894577273581232e-15,3.894577228862862e-15,3.894577184150516e-15,3.894577139444182e-15,3.894577094743856e-15,3.8945770500495294e-15,3.894577005361196e-15,3.894576960678846e-15,3.894576916002472e-15,3.8945768713320674e-15,3.8945768266676236e-15,3.894576782009135e-15,3.894576737356591e-15,3.894576692709986e-15,3.89457664806931e-15,3.894576603434558e-15,3.894576558805721e-15,3.89457651418279e-15,3.894576469565763e-15,3.894576424954626e-15,3.8945763803493724e-15,3.8945763357499986e-15,3.894576291156497e-15,3.894576246568856e-15,3.8945762019870706e-15,3.894576157411132e-15,3.894576112841032e-15,3.894576068276767e-15,3.894576023718326e-15,3.894575979165702e-15,3.8945759346188905e-15,3.894575890077878e-15,3.894575845542662e-15,3.894575801013235e-15,3.894575756489586e-15,3.89457571197171e-15,3.8945756674596e-15,3.8945756229532454e-15,3.894575578452643e-15,3.894575533957784e-15,3.894575489468661e-15,3.894575444985265e-15,3.89457540050759e-15,3.894575356035626e-15,3.8945753115693705e-15,3.894575267108813e-15,3.894575222653948e-15,3.894575178204764e-15,3.894575133761255e-15,3.894575089323419e-15,3.894575044891243e-15,3.89457500046472e-15,3.894574956043846e-15,3.8945749116286124e-15,3.894574867219011e-15,3.8945748228150324e-15,3.894574778416676e-15,3.894574734023929e-15,3.894574689636781e-15,3.89457464525523e-15,3.8945746008792695e-15,3.894574556508889e-15,3.894574512144082e-15,3.894574467784844e-15,3.8945744234311644e-15,3.8945743790830365e-15,3.894574334740455e-15,3.894574290403411e-15,3.894574246071898e-15,3.894574201745907e-15,3.894574157425432e-15,3.894574113110467e-15,3.894574068801002e-15,3.894574024497038e-15,3.894573980198554e-15,3.894573935905549e-15,3.894573891618023e-15,3.894573847335961e-15,3.894573803059358e-15,3.8945737587882045e-15,3.894573714522501e-15,3.894573670262229e-15,3.894573626007389e-15,3.894573581757974e-15,3.8945735375139726e-15,3.894573493275383e-15,3.8945734490421926e-15,3.894573404814398e-15,3.894573360591993e-15,3.894573316374964e-15,3.894573272163311e-15,3.894573227957024e-15,3.8945731837560964e-15,3.894573139560521e-15,3.89457309537029e-15,3.894573051185398e-15,3.894573007005838e-15,3.894572962831603e-15,3.8945729186626835e-15,3.894572874499075e-15,3.894572830340769e-15,3.8945727861877595e-15,3.894572742040041e-15,3.894572697897602e-15,3.89457265376044e-15,3.894572609628545e-15,3.894572565501911e-15,3.894572521380531e-15,3.894572477264399e-15,3.894572433153507e-15,3.8945723890478505e-15,3.894572344947416e-15,3.894572300852206e-15,3.894572256762205e-15,3.894572212677411e-15,3.894572168597817e-15,3.8945721245234145e-15,3.8945720804541994e-15,3.8945720363901584e-15,3.8945719923312916e-15,3.894571948277585e-15,3.89457190422904e-15,3.894571860185645e-15,3.8945718161473944e-15,3.8945717721142815e-15,3.894571728086298e-15,3.894571684063437e-15,3.894571640045696e-15,3.894571596033062e-15,3.89457155202553e-15,3.894571508023096e-15,3.8945714640257515e-15,3.894571420033489e-15,3.8945713760463035e-15,3.894571332064183e-15,3.894571288087129e-15,3.8945712441151295e-15,3.8945712001481775e-15,3.894571156186269e-15,3.894571112229391e-15,3.894571068277547e-15,3.89457102433072e-15,3.894570980388913e-15,3.8945709364521126e-15,3.8945708925203115e-15,3.894570848593507e-15,3.8945708046716914e-15,3.894570760754857e-15,3.894570716842996e-15,3.894570672936105e-15,3.894570629034176e-15,3.894570585137201e-15,3.894570541245173e-15,3.894570497358087e-15,3.894570453475936e-15,3.894570409598712e-15,3.894570365726409e-15,3.894570321859023e-15,3.8945702779965414e-15,3.894570234138965e-15,3.894570190286283e-15,3.894570146438489e-15,3.894570102595577e-15,3.8945700587575414e-15,3.894570014924374e-15,3.894569971096067e-15,3.8945699272726165e-15,3.8945698834540146e-15,3.894569839640255e-15,3.894569795831333e-15,3.894569752027241e-15,3.8945697082279665e-15,3.894569664433513e-15,3.894569620643867e-15,3.894569576859027e-15,3.89456953307898e-15,3.894569489303724e-15,3.894569445533253e-15,3.894569401767562e-15,3.894569358006637e-15,3.894569314250477e-15,3.894569270499074e-15,3.894569226752422e-15,3.894569183010518e-15,3.8945691392733485e-15,3.894569095540912e-15,3.894569051813203e-15,3.89456900809021e-15,3.89456896437193e-15,3.894568920658358e-15,3.894568876949487e-15,3.894568833245306e-15,3.894568789545814e-15,3.894568745851001e-15,3.894568702160863e-15,3.894568658475391e-15,3.8945686147945806e-15,3.894568571118425e-15,3.894568527446919e-15,3.8945684837800534e-15,3.894568440117824e-15,3.8945683964602265e-15,3.894568352807251e-15,3.894568309158891e-15,3.894568265515146e-15,3.894568221876e-15,3.894568178241452e-15,3.894568134611497e-15,3.894568090986123e-15,3.8945680473653324e-15,3.8945680037491136e-15,3.894567960137462e-15,3.894567916530368e-15,3.8945678729278266e-15,3.894567829329837e-15,3.894567785736387e-15,3.89456774214747e-15,3.894567698563083e-15,3.894567654983217e-15,3.894567611407869e-15,3.8945675678370295e-15,3.89456752427069e-15,3.8945674807088556e-15,3.8945674371515094e-15,3.894567393598647e-15,3.8945673500502656e-15,3.894567306506355e-15,3.894567262966911e-15,3.894567219431927e-15,3.894567175901395e-15,3.894567132375316e-15,3.894567088853672e-15,3.894567045336468e-15,3.894567001823692e-15,3.89456695831534e-15,3.894566914811406e-15,3.89456687131188e-15,3.89456682781676e-15,3.894566784326038e-15,3.89456674083971e-15,3.894566697357767e-15,3.894566653880205e-15,3.894566610407016e-15,3.894566566938195e-15,3.894566523473736e-15,3.894566480013636e-15,3.894566436557882e-15,3.894566393106473e-15,3.894566349659403e-15,3.894566306216664e-15,3.89456626277825e-15,3.8945662193441564e-15,3.894566175914375e-15,3.894566132488903e-15,3.89456608906773e-15,3.8945660456508525e-15,3.8945660022382654e-15,3.894565958829961e-15,3.894565915425934e-15,3.894565872026178e-15,3.894565828630684e-15,3.894565785239454e-15,3.894565741852475e-15,3.894565698469743e-15,3.894565655091256e-15,3.894565611717001e-15,3.894565568346977e-15,3.894565524981177e-15,3.8945654816195935e-15,3.894565438262221e-15,3.894565394909054e-15,3.894565351560087e-15,3.894565308215312e-15,3.894565264874729e-15,3.894565221538321e-15,3.894565178206093e-15,3.8945651348780356e-15,3.894565091554142e-15,3.894565048234405e-15,3.894565004918823e-15,3.894564961607385e-15,3.894564918300089e-15,3.894564874996927e-15,3.894564831697893e-15,3.894564788402981e-15,3.894564745112191e-15,3.894564701825508e-15,3.89456465854293e-15,3.894564615264455e-15,3.894564571990072e-15,3.894564528719776e-15,3.894564485453562e-15,3.894564442191426e-15,3.8945643989333606e-15,3.894564355679359e-15,3.894564312429416e-15,3.8945642691835265e-15,3.894564225941686e-15,3.894564182703884e-15,3.89456413947012e-15,3.894564096240384e-15,3.894564053014674e-15,3.894564009792979e-15,3.8945639665752984e-15,3.894563923361627e-15,3.8945638801519536e-15,3.89456383694628e-15,3.894563793744592e-15,3.894563750546889e-15,3.894563707353163e-15,3.894563664163414e-15,3.894563620977624e-15,3.894563577795801e-15,3.8945635346179334e-15,3.894563491444014e-15,3.894563448274039e-15,3.894563405108003e-15,3.894563361945899e-15,3.894563318787721e-15,3.894563275633466e-15,3.8945632324831244e-15,3.894563189336694e-15,3.89456314619417e-15,3.894563103055544e-15,3.89456305992081e-15,3.894563016789966e-15,3.894562973663e-15,3.8945629305399116e-15,3.894562887420695e-15,3.8945628443053435e-15,3.894562801193847e-15,3.8945627580862095e-15,3.89456271498242e-15,3.894562671882471e-15,3.894562628786361e-15,3.89456258569408e-15,3.8945625426056275e-15,3.894562499520994e-15,3.8945624564401755e-15,3.894562413363165e-15,3.894562370289956e-15,3.894562327220548e-15,3.894562284154932e-15,3.894562241093107e-15,3.894562198035058e-15,3.894562154980788e-15,3.894562111930287e-15,3.894562068883554e-15,3.894562025840576e-15,3.894561982801355e-15,3.89456193976588e-15,3.894561896734149e-15,3.894561853706157e-15,3.894561810681896e-15,3.8945617676613615e-15,3.894561724644549e-15,3.89456168163145e-15,3.8945616386220655e-15,3.8945615956163824e-15,3.8945615526143975e-15,3.894561509616107e-15,3.894561466621506e-15,3.894561423630586e-15,3.894561380643343e-15,3.894561337659775e-15,3.894561294679871e-15,3.8945612517036284e-15,3.894561208731043e-15,3.8945611657621064e-15,3.8945611227968146e-15,3.894561079835165e-15,3.894561036877148e-15,3.894560993922758e-15,3.894560950971995e-15,3.894560908024842e-15,3.894560865081306e-15,3.8945608221413785e-15,3.894560779205053e-15,3.894560736272325e-15,3.894560693343189e-15,3.8945606504176385e-15,3.894560607495668e-15,3.894560564577273e-15,3.894560521662449e-15,3.89456047875119e-15,3.894560435843487e-15,3.894560392939341e-15,3.894560350038743e-15,3.89456030714169e-15,3.894560264248174e-15,3.894560221358188e-15,3.894560178471733e-15,3.894560135588797e-15,3.894560092709381e-15,3.894560049833476e-15,3.8945600069610805e-15,3.894559964092184e-15,3.8945599212267836e-15,3.8945598783648735e-15,3.894559835506451e-15,3.894559792651506e-15,3.894559749800036e-15,3.894559706952037e-15,3.894559664107504e-15,3.8945596212664294e-15,3.89455957842881e-15,3.8945595355946394e-15,3.894559492763914e-15,3.894559449936627e-15,3.8945594071127715e-15,3.894559364292344e-15,3.89455932147534e-15,3.894559278661755e-15,3.894559235851582e-15,3.894559193044815e-15,3.8945591502414515e-15,3.894559107441486e-15,3.8945590646449125e-15,3.894559021851726e-15,3.894558979061921e-15,3.894558936275492e-15,3.894558893492435e-15,3.894558850712745e-15,3.894558807936418e-15,3.894558765163445e-15,3.8945587223938214e-15,3.894558679627548e-15,3.894558636864613e-15,3.894558594105015e-15,3.894558551348748e-15,3.894558508595805e-15,3.8945584658461845e-15,3.894558423099877e-15,3.894558380356881e-15,3.894558337617189e-15,3.894558294880799e-15,3.8945582521477025e-15,3.8945582094179006e-15,3.894558166691378e-15,3.89455812396814e-15,3.894558081248177e-15,3.894558038531482e-15,3.894557995818054e-15,3.894557953107885e-15,3.894557910400971e-15,3.894557867697307e-15,3.89455782499689e-15,3.8945577822997105e-15,3.894557739605767e-15,3.894557696915054e-15,3.894557654227567e-15,3.8945576115432994e-15,3.894557568862245e-15,3.8945575261844024e-15,3.894557483509764e-15,3.894557440838324e-15,3.894557398170081e-15,3.8945573555050315e-15,3.894557312843163e-15,3.894557270184478e-15,3.894557227528966e-15,3.894557184876626e-15,3.89455714222745e-15,3.894557099581435e-15,3.8945570569385764e-15,3.89455701429887e-15,3.894556971662308e-15,3.894556929028886e-15,3.894556886398602e-15,3.894556843771449e-15,3.894556801147421e-15,3.894556758526517e-15,3.894556715908727e-15,3.894556673294051e-15,3.894556630682481e-15,3.894556588074015e-15,3.894556545468645e-15,3.894556502866365e-15,3.894556460267174e-15,3.894556417671068e-15,3.894556375078038e-15,3.894556332488083e-15,3.8945562899011934e-15,3.894556247317367e-15,3.8945562047366e-15,3.8945561621588865e-15,3.89455611958422e-15,3.894556077012599e-15,3.8945560344440225e-15,3.8945559918784725e-15,3.894555949315956e-15,3.894555906756463e-15,3.894555864199993e-15,3.894555821646537e-15,3.89455577909609e-15,3.894555736548649e-15,3.894555694004212e-15,3.894555651462769e-15,3.894555608924319e-15,3.894555566388855e-15,3.894555523856373e-15,3.894555481326868e-15,3.894555438800335e-15,3.894555396276772e-15,3.8945553537561714e-15,3.894555311238528e-15,3.89455526872384e-15,3.8945552262121e-15,3.894555183703304e-15,3.894555141197447e-15,3.894555098694522e-15,3.8945550561945295e-15,3.894555013697463e-15,3.8945549712033174e-15,3.894554928712087e-15,3.894554886223767e-15,3.8945548437383575e-15,3.8945548012558485e-15,3.894554758776234e-15,3.894554716299518e-15,3.894554673825687e-15,3.894554631354736e-15,3.894554588886669e-15,3.894554546421473e-15,3.894554503959149e-15,3.894554461499689e-15,3.894554419043088e-15,3.894554376589346e-15,3.8945543341384536e-15,3.894554291690406e-15,3.894554249245204e-15,3.894554206802834e-15,3.8945541643632995e-15,3.89455412192659e-15,3.894554079492708e-15,3.8945540370616456e-15,3.8945539946333945e-15,3.894553952207955e-15,3.8945539097853204e-15,3.894553867365484e-15,3.894553824948447e-15,3.894553782534202e-15,3.8945537401227415e-15,3.894553697714066e-15,3.894553655308164e-15,3.8945536129050334e-15,3.894553570504677e-15,3.894553528107081e-15,3.894553485712251e-15,3.894553443320174e-15,3.894553400930848e-15,3.894553358544266e-15,3.894553316160427e-15,3.894553273779328e-15,3.894553231400959e-15,3.894553189025318e-15,3.8945531466524005e-15,3.894553104282203e-15,3.894553061914721e-15,3.894553019549947e-15,3.89455297718788e-15,3.89455293482851e-15,3.8945528924718424e-15,3.894552850117863e-15,3.894552807766576e-15,3.89455276541797e-15,3.894552723072044e-15,3.894552680728793e-15,3.894552638388207e-15,3.894552596050293e-15,3.894552553715038e-15,3.894552511382441e-15,3.894552469052498e-15,3.894552426725203e-15,3.8945523844005514e-15,3.894552342078536e-15,3.894552299759156e-15,3.894552257442409e-15,3.894552215128288e-15,3.8945521728167846e-15,3.8945521305079e-15,3.894552088201629e-15,3.894552045897973e-15,3.894552003596913e-15,3.894551961298454e-15,3.894551919002589e-15,3.894551876709317e-15,3.894551834418633e-15,3.8945517921305325e-15,3.894551749845011e-15,3.8945517075620615e-15,3.894551665281681e-15,3.894551623003866e-15,3.8945515807286115e-15,3.894551538455915e-15,3.894551496185771e-15,3.8945514539181726e-15,3.894551411653118e-15,3.894551369390603e-15,3.89455132713062e-15,3.894551284873169e-15,3.894551242618242e-15,3.894551200365842e-15,3.8945511581159595e-15,3.8945511158685894e-15,3.89455107362373e-15,3.894551031381371e-15,3.894550989141516e-15,3.894550946904157e-15,3.894550904669288e-15,3.894550862436906e-15,3.894550820207008e-15,3.89455077797959e-15,3.894550735754649e-15,3.8945506935321815e-15,3.8945506513121794e-15,3.8945506090946386e-15,3.894550566879557e-15,3.894550524666925e-15,3.894550482456746e-15,3.894550440249012e-15,3.894550398043722e-15,3.894550355840866e-15,3.894550313640443e-15,3.894550271442449e-15,3.89455022924688e-15,3.89455018705373e-15,3.894550144862998e-15,3.894550102674678e-15,3.894550060488766e-15,3.894550018305258e-15,3.894549976124147e-15,3.894549933945431e-15,3.894549891769109e-15,3.8945498495951725e-15,3.894549807423619e-15,3.8945497652544425e-15,3.894549723087641e-15,3.894549680923213e-15,3.894549638761146e-15,3.8945495966014454e-15,3.8945495544440994e-15,3.894549512289111e-15,3.894549470136472e-15,3.894549427986178e-15,3.894549385838225e-15,3.894549343692609e-15,3.8945493015493255e-15,3.8945492594083735e-15,3.8945492172697456e-15,3.89454917513344e-15,3.894549132999449e-15,3.894549090867774e-15,3.894549048738408e-15,3.894549006611346e-15,3.8945489644865844e-15,3.8945489223641194e-15,3.894548880243948e-15,3.894548838126064e-15,3.894548796010463e-15,3.894548753897144e-15,3.894548711786104e-15,3.894548669677333e-15,3.89454862757083e-15,3.894548585466595e-15,3.894548543364616e-15,3.894548501264893e-15,3.894548459167426e-15,3.894548417072204e-15,3.894548374979229e-15,3.894548332888491e-15,3.894548290799993e-15,3.894548248713727e-15,3.894548206629686e-15,3.894548164547874e-15,3.8945481224682784e-15,3.894548080390901e-15,3.894548038315734e-15,3.894547996242776e-15,3.894547954172023e-15,3.894547912103468e-15,3.89454787003711e-15,3.894547827972946e-15,3.89454778591097e-15,3.8945477438511785e-15,3.8945477017935705e-15,3.894547659738137e-15,3.894547617684873e-15,3.89454757563378e-15,3.894547533584851e-15,3.894547491538085e-15,3.894547449493472e-15,3.894547407451015e-15,3.894547365410703e-15,3.894547323372541e-15,3.89454728133652e-15,3.8945472393026366e-15,3.894547197270886e-15,3.894547155241264e-15,3.894547113213768e-15,3.894547071188394e-15,3.894547029165138e-15,3.894546987143998e-15,3.894546945124967e-15,3.894546903108042e-15,3.894546861093219e-15,3.8945468190804966e-15,3.894546777069865e-15,3.894546735061326e-15,3.894546693054873e-15,3.894546651050505e-15,3.894546609048213e-15,3.894546567047999e-15,3.894546525049857e-15,3.894546483053783e-15,3.8945464410597715e-15,3.8945463990678204e-15,3.894546357077926e-15,3.894546315090084e-15,3.8945462731042915e-15,3.894546231120544e-15,3.894546189138836e-15,3.894546147159168e-15,3.8945461051815296e-15,3.894546063205922e-15,3.894546021232342e-15,3.894545979260784e-15,3.894545937291243e-15,3.8945458953237155e-15,3.8945458533582e-15,3.894545811394692e-15,3.894545769433186e-15,3.8945457274736786e-15,3.8945456855161676e-15,3.894545643560652e-15,3.894545601607119e-15,3.894545559655573e-15,3.8945455177060045e-15,3.8945454757584166e-15,3.8945454338128e-15,3.894545391869152e-15,3.894545349927475e-15,3.894545307987755e-15,3.894545266049994e-15,3.8945452241141875e-15,3.894545182180333e-15,3.894545140248424e-15,3.894545098318461e-15,3.894545056390435e-15,3.8945450144643456e-15,3.894544972540189e-15,3.8945449306179584e-15,3.8945448886976564e-15,3.894544846779272e-15,3.894544804862808e-15,3.894544762948256e-15,3.894544721035613e-15,3.894544679124877e-15,3.894544637216044e-15,3.894544595309112e-15,3.894544553404074e-15,3.8945445115009265e-15,3.89454446959967e-15,3.894544427700298e-15,3.894544385802806e-15,3.894544343907189e-15,3.894544302013447e-15,3.894544260121575e-15,3.894544218231568e-15,3.8945441763434266e-15,3.894544134457142e-15,3.8945440925727125e-15,3.894544050690139e-15,3.894544008809412e-15,3.89454396693053e-15,3.894543925053486e-15,3.8945438831782855e-15,3.894543841304914e-15,3.894543799433372e-15,3.8945437575636564e-15,3.8945437156957624e-15,3.894543673829688e-15,3.894543631965432e-15,3.894543590102989e-15,3.894543548242352e-15,3.8945435063835206e-15,3.894543464526489e-15,3.894543422671259e-15,3.8945433808178205e-15,3.8945433389661755e-15,3.894543297116316e-15,3.89454325526824e-15,3.8945432134219435e-15,3.894543171577424e-15,3.894543129734681e-15,3.8945430878937065e-15,3.894543046054497e-15,3.89454300421705e-15,3.894542962381363e-15,3.8945429205474275e-15,3.894542878715246e-15,3.894542836884815e-15,3.894542795056129e-15,3.8945427532291815e-15,3.894542711403974e-15,3.894542669580499e-15,3.894542627758756e-15,3.89454258593874e-15,3.894542544120446e-15,3.894542502303875e-15,3.894542460489019e-15,3.894542418675876e-15,3.8945423768644435e-15,3.8945423350547185e-15,3.8945422932466974e-15,3.894542251440375e-15,3.894542209635749e-15,3.894542167832814e-15,3.8945421260315705e-15,3.894542084232011e-15,3.894542042434136e-15,3.894542000637939e-15,3.894541958843413e-15,3.894541917050565e-15,3.894541875259386e-15,3.894541833469866e-15,3.8945417916820124e-15,3.894541749895815e-15,3.8945417081112746e-15,3.894541666328383e-15,3.894541624547143e-15,3.894541582767544e-15,3.89454154098959e-15,3.894541499213269e-15,3.894541457438584e-15,3.894541415665533e-15,3.894541373894106e-15,3.894541332124306e-15,3.894541290356126e-15,3.894541248589561e-15,3.89454120682461e-15,3.8945411650612726e-15,3.894541123299541e-15,3.894541081539412e-15,3.894541039780887e-15,3.894540998023956e-15,3.894540956268621e-15,3.894540914514877e-15,3.894540872762717e-15,3.894540831012143e-15,3.894540789263148e-15,3.894540747515729e-15,3.8945407057698875e-15,3.894540664025615e-15,3.894540622282909e-15,3.894540580541768e-15,3.894540538802187e-15,3.8945404970641645e-15,3.894540455327694e-15,3.894540413592774e-15,3.894540371859403e-15,3.894540330127574e-15,3.894540288397286e-15,3.894540246668536e-15,3.894540204941319e-15,3.894540163215635e-15,3.894540121491477e-15,3.894540079768842e-15,3.894540038047728e-15,3.894539996328134e-15,3.8945399546100514e-15,3.894539912893478e-15,3.894539871178416e-15,3.894539829464854e-15,3.8945397877527976e-15,3.894539746042237e-15,3.894539704333171e-15,3.8945396626255985e-15,3.8945396209195125e-15,3.894539579214912e-15,3.894539537511792e-15,3.89453949581015e-15,3.894539454109984e-15,3.894539412411294e-15,3.8945393707140695e-15,3.8945393290183104e-15,3.894539287324013e-15,3.894539245631175e-15,3.894539203939796e-15,3.8945391622498665e-15,3.894539120561386e-15,3.894539078874351e-15,3.89453903718876e-15,3.894538995504609e-15,3.894538953821897e-15,3.894538912140617e-15,3.8945388704607655e-15,3.894538828782341e-15,3.894538787105342e-15,3.894538745429761e-15,3.8945387037555986e-15,3.89453866208285e-15,3.894538620411512e-15,3.894538578741584e-15,3.894538537073059e-15,3.8945384954059374e-15,3.8945384537402134e-15,3.8945384120758826e-15,3.894538370412945e-15,3.8945383287513956e-15,3.8945382870912354e-15,3.894538245432456e-15,3.894538203775054e-15,3.89453816211903e-15,3.8945381204643795e-15,3.8945380788111e-15,3.894538037159185e-15,3.894537995508637e-15,3.8945379538594475e-15,3.894537912211616e-15,3.894537870565138e-15,3.8945378289200115e-15,3.894537787276236e-15,3.8945377456338055e-15,3.894537703992716e-15,3.894537662352965e-15,3.894537620714549e-15,3.8945375790774674e-15,3.894537537441715e-15,3.894537495807288e-15,3.894537454174193e-15,3.894537412542411e-15,3.894537370911944e-15,3.894537329282795e-15,3.8945372876549564e-15,3.894537246028425e-15,3.894537204403198e-15,3.894537162779272e-15,3.894537121156648e-15,3.89453707953532e-15,3.894537037915283e-15,3.8945369962965364e-15,3.894536954679075e-15,3.8945369130628985e-15,3.894536871448001e-15,3.894536829834387e-15,3.8945367882220465e-15,3.894536746610975e-15,3.8945367050011724e-15,3.894536663392634e-15,3.894536621785358e-15,3.894536580179343e-15,3.894536538574582e-15,3.894536496971076e-15,3.8945364553688195e-15,3.894536413767811e-15,3.894536372168047e-15,3.894536330569525e-15,3.894536288972237e-15,3.894536247376189e-15,3.894536205781372e-15,3.894536164187786e-15,3.8945361225954244e-15,3.8945360810042865e-15,3.894536039414369e-15,3.894535997825671e-15,3.894535956238185e-15,3.894535914651911e-15,3.8945358730668486e-15,3.894535831482987e-15,3.89453578990033e-15,3.894535748318874e-15,3.894535706738613e-15,3.8945356651595475e-15,3.89453562358167e-15,3.894535582004983e-15,3.89453554042948e-15,3.894535498855159e-15,3.8945354572820164e-15,3.894535415710049e-15,3.894535374139256e-15,3.894535332569633e-15,3.894535291001178e-15,3.894535249433887e-15,3.894535207867757e-15,3.894535166302786e-15,3.89453512473897e-15,3.894535083176308e-15,3.894535041614795e-15,3.89453500005443e-15,3.894534958495207e-15,3.894534916937127e-15,3.894534875380185e-15,3.894534833824377e-15,3.8945347922697024e-15,3.894534750716157e-15,3.894534709163739e-15,3.8945346676124436e-15,3.8945346260622696e-15,3.894534584513214e-15,3.8945345429652735e-15,3.894534501418445e-15,3.894534459872727e-15,3.894534418328115e-15,3.894534376784604e-15,3.894534335242198e-15,3.894534293700889e-15,3.894534252160674e-15,3.894534210621553e-15,3.894534169083519e-15,3.894534127546573e-15,3.894534086010711e-15,3.8945340444759296e-15,3.8945340029422254e-15,3.894533961409599e-15,3.894533919878043e-15,3.8945338783475556e-15,3.8945338368181365e-15,3.89453379528978e-15,3.894533753762485e-15,3.89453371223625e-15,3.894533670711067e-15,3.894533629186941e-15,3.894533587663863e-15,3.894533546141831e-15,3.894533504620844e-15,3.8945334631009e-15,3.894533421581991e-15,3.894533380064121e-15,3.894533338547283e-15,3.8945332970314746e-15,3.894533255516695e-15,3.894533214002943e-15,3.89453317249021e-15,3.894533130978497e-15,3.8945330894678e-15,3.894533047958117e-15,3.894533006449444e-15,3.894532964941778e-15,3.8945329234351185e-15,3.8945328819294615e-15,3.894532840424805e-15,3.8945327989211444e-15,3.894532757418479e-15,3.894532715916806e-15,3.894532674416122e-15,3.894532632916421e-15,3.8945325914177054e-15,3.894532549919972e-15,3.894532508423213e-15,3.894532466927433e-15,3.8945324254326265e-15,3.894532383938786e-15,3.894532342445913e-15,3.894532300954005e-15,3.894532259463058e-15,3.894532217973071e-15,3.89453217648404e-15,3.8945321349959604e-15,3.894532093508833e-15,3.894532052022652e-15,3.894532010537417e-15,3.894531969053126e-15,3.894531927569775e-15,3.8945318860873606e-15,3.894531844605881e-15,3.8945318031253354e-15,3.894531761645715e-15,3.894531720167022e-15,3.8945316786892535e-15,3.894531637212407e-15,3.894531595736478e-15,3.894531554261466e-15,3.894531512787366e-15,3.894531471314178e-15,3.894531429841895e-15,3.894531388370514e-15,3.89453134690004e-15,3.894531305430466e-15,3.89453126396179e-15,3.894531222494005e-15,3.894531181027113e-15,3.894531139561112e-15,3.894531098095998e-15,3.894531056631767e-15,3.894531015168421e-15,3.894530973705951e-15,3.894530932244355e-15,3.894530890783636e-15,3.894530849323786e-15,3.894530807864803e-15,3.894530766406687e-15,3.8945307249494345e-15,3.8945306834930434e-15,3.894530642037509e-15,3.894530600582828e-15,3.894530559129004e-15,3.894530517676027e-15,3.894530476223897e-15,3.894530434772616e-15,3.894530393322172e-15,3.894530351872571e-15,3.894530310423803e-15,3.894530268975873e-15,3.894530227528772e-15,3.894530186082501e-15,3.89453014463706e-15,3.8945301031924394e-15,3.8945300617486425e-15,3.894530020305663e-15,3.894529978863499e-15,3.894529937422149e-15,3.894529895981611e-15,3.894529854541882e-15,3.894529813102961e-15,3.894529771664839e-15,3.8945297302275215e-15,3.894529688791001e-15,3.8945296473552806e-15,3.89452960592035e-15,3.894529564486209e-15,3.8945295230528585e-15,3.894529481620292e-15,3.894529440188509e-15,3.894529398757508e-15,3.894529357327285e-15,3.894529315897838e-15,3.894529274469161e-15,3.894529233041259e-15,3.894529191614123e-15,3.894529150187753e-15,3.894529108762146e-15,3.8945290673372986e-15,3.894529025913211e-15,3.894528984489879e-15,3.894528943067302e-15,3.89452890164547e-15,3.89452886022439e-15,3.894528818804054e-15,3.8945287773844615e-15,3.89452873596561e-15,3.894528694547495e-15,3.894528653130116e-15,3.8945286117134714e-15,3.894528570297556e-15,3.8945285288823695e-15,3.894528487467909e-15,3.894528446054171e-15,3.894528404641158e-15,3.894528363228864e-15,3.894528321817282e-15,3.894528280406412e-15,3.894528238996255e-15,3.894528197586802e-15,3.8945281561780574e-15,3.894528114770018e-15,3.894528073362678e-15,3.894528031956036e-15,3.8945279905500926e-15,3.894527949144841e-15,3.894527907740281e-15,3.89452786633641e-15,3.8945278249332294e-15,3.894527783530729e-15,3.894527742128912e-15,3.894527700727774e-15,3.8945276593273125e-15,3.8945276179275214e-15,3.894527576528407e-15,3.89452753512996e-15,3.894527493732181e-15,3.894527452335065e-15,3.894527410938612e-15,3.894527369542819e-15,3.8945273281476855e-15,3.894527286753206e-15,3.8945272453593785e-15,3.8945272039662005e-15,3.894527162573671e-15,3.894527121181787e-15,3.894527079790546e-15,3.894527038399947e-15,3.894526997009985e-15,3.894526955620657e-15,3.894526914231964e-15,3.894526872843899e-15,3.8945268314564695e-15,3.894526790069664e-15,3.894526748683483e-15,3.894526707297922e-15,3.8945266659129815e-15,3.894526624528658e-15,3.894526583144949e-15,3.894526541761853e-15,3.894526500379366e-15,3.894526458997489e-15,3.894526417616213e-15,3.894526376235546e-15,3.894526334855474e-15,3.894526293476e-15,3.894526252097125e-15,3.894526210718841e-15,3.894526169341152e-15,3.8945261279640475e-15,3.894526086587532e-15,3.894526045211604e-15,3.894526003836253e-15,3.894525962461483e-15,3.89452592108729e-15,3.894525879713671e-15,3.894525838340625e-15,3.894525796968146e-15,3.894525755596238e-15,3.894525714224895e-15,3.8945256728541175e-15,3.894525631483899e-15,3.894525590114237e-15,3.8945255487451335e-15,3.894525507376586e-15,3.894525466008589e-15,3.894525424641144e-15,3.894525383274241e-15,3.894525341907888e-15,3.894525300542073e-15,3.894525259176797e-15,3.8945252178120665e-15,3.894525176447869e-15,3.894525135084204e-15,3.894525093721072e-15,3.8945250523584684e-15,3.8945250109963904e-15,3.894524969634839e-15,3.894524928273808e-15,3.8945248869132984e-15,3.8945248455533054e-15,3.894524804193828e-15,3.894524762834864e-15,3.894524721476411e-15,3.894524680118466e-15,3.894524638761028e-15,3.894524597404093e-15,3.8945245560476625e-15,3.894524514691729e-15,3.8945244733362955e-15,3.894524431981356e-15,3.894524390626909e-15,3.894524349272953e-15,3.894524307919486e-15,3.894524266566505e-15,3.894524225214008e-15,3.894524183861995e-15,3.89452414251046e-15,3.894524101159403e-15,3.894524059808822e-15,3.894524018458713e-15,3.8945239771090694e-15,3.894523935759901e-15,3.8945238944111975e-15,3.89452385306296e-15,3.8945238117151825e-15,3.8945237703678665e-15,3.894523729021006e-15,3.894523687674602e-15,3.894523646328651e-15,3.894523604983152e-15,3.8945235636381e-15,3.8945235222934965e-15,3.894523480949337e-15,3.894523439605617e-15,3.89452339826234e-15,3.8945233569195015e-15,3.894523315577097e-15,3.8945232742351254e-15,3.8945232328935886e-15,3.894523191552478e-15,3.894523150211797e-15,3.894523108871539e-15,3.894523067531704e-15,3.89452302619229e-15,3.8945229848532934e-15,3.894522943514714e-15,3.894522902176549e-15,3.8945228608387945e-15,3.8945228195014505e-15,3.8945227781645174e-15,3.894522736827987e-15,3.894522695491861e-15,3.8945226541561345e-15,3.894522612820807e-15,3.894522571485877e-15,3.894522530151343e-15,3.8945224888172044e-15,3.894522447483454e-15,3.89452240615009e-15,3.894522364817116e-15,3.894522323484524e-15,3.894522282152314e-15,3.8945222408204836e-15,3.894522199489033e-15,3.894522158157955e-15,3.894522116827252e-15,3.894522075496925e-15,3.894522034166962e-15,3.894521992837367e-15,3.8945219515081416e-15,3.894521910179277e-15,3.894521868850774e-15,3.89452182752263e-15,3.894521786194842e-15,3.8945217448674095e-15,3.894521703540327e-15,3.894521662213598e-15,3.894521620887217e-15,3.894521579561184e-15,3.894521538235492e-15,3.8945214969101476e-15,3.894521455585142e-15,3.89452141426047e-15,3.8945213729361385e-15,3.8945213316121396e-15,3.894521290288471e-15,3.894521248965134e-15,3.894521207642124e-15,3.8945211663194415e-15,3.894521124997081e-15,3.894521083675044e-15,3.894521042353323e-15,3.894521001031924e-15,3.894520959710838e-15,3.8945209183900665e-15,3.894520877069606e-15,3.894520835749453e-15,3.894520794429611e-15,3.894520753110073e-15,3.894520711790839e-15,3.8945206704719036e-15,3.894520629153269e-15,3.894520587834931e-15,3.8945205465168895e-15,3.894520505199142e-15,3.894520463881684e-15,3.894520422564515e-15,3.894520381247634e-15,3.894520339931042e-15,3.894520298614728e-15,3.894520257298695e-15,3.894520215982941e-15,3.894520174667464e-15,3.894520133352263e-15,3.894520092037334e-15,3.8945200507227015e-15,3.894520009408316e-15,3.8945199680941965e-15,3.894519926780341e-15,3.8945198854667485e-15,3.894519844153414e-15,3.894519802840341e-15,3.894519761527524e-15,3.894519720214963e-15,3.894519678902655e-15,3.894519637590598e-15,3.89451959627879e-15,3.894519554967232e-15,3.894519513655915e-15,3.8945194723448434e-15,3.894519431034012e-15,3.894519389723421e-15,3.894519348413068e-15,3.8945193071029456e-15,3.894519265793057e-15,3.894519224483404e-15,3.894519183173982e-15,3.894519141864785e-15,3.8945191005558134e-15,3.8945190592470656e-15,3.894519017938539e-15,3.894518976630235e-15,3.894518935322144e-15,3.894518894014273e-15,3.894518852706613e-15,3.8945188113991665e-15,3.894518770091928e-15,3.8945187287849e-15,3.8945186874780774e-15,3.89451864617146e-15,3.894518604865044e-15,3.894518563558828e-15,3.89451852225281e-15,3.89451848094699e-15,3.894518439641363e-15,3.8945183983359274e-15,3.8945183570306845e-15,3.894518315725631e-15,3.894518274420762e-15,3.894518233116081e-15,3.894518191811583e-15,3.8945181505072655e-15,3.894518109203124e-15,3.894518067899165e-15,3.8945180265953785e-15,3.894517985291765e-15,3.894517943988324e-15,3.894517902685054e-15,3.8945178613819514e-15,3.894517820079015e-15,3.894517778776241e-15,3.8945177374736316e-15,3.894517696171179e-15,3.8945176548688894e-15,3.894517613566748e-15,3.894517572264767e-15,3.89451753096294e-15,3.8945174896612636e-15,3.894517448359736e-15,3.894517407058356e-15,3.89451736575712e-15,3.89451732445603e-15,3.894517283155078e-15,3.894517241854268e-15,3.894517200553594e-15,3.8945171592530565e-15,3.894517117952656e-15,3.894517076652383e-15,3.894517035352244e-15,3.894516994052234e-15,3.8945169527523505e-15,3.89451691145259e-15,3.894516870152956e-15,3.894516828853441e-15,3.894516787554045e-15,3.894516746254767e-15,3.8945167049556035e-15,3.8945166636565555e-15,3.894516622357619e-15,3.894516581058791e-15,3.894516539760073e-15,3.894516498461462e-15,3.894516457162955e-15,3.894516415864551e-15,3.8945163745662495e-15,3.8945163332680455e-15,3.894516291969938e-15,3.894516250671927e-15,3.8945162093740096e-15,3.894516168076181e-15,3.89451612677845e-15,3.894516085480802e-15,3.89451604418324e-15,3.894516002885766e-15,3.894515961588374e-15,3.894515920291062e-15,3.894515878993829e-15,3.8945158376966744e-15,3.8945157963995954e-15,3.89451575510259e-15,3.894515713805659e-15,3.894515672508797e-15,3.894515631212005e-15,3.894515589915279e-15,3.8945155486186155e-15,3.894515507322016e-15,3.89451546602548e-15,3.894515424729001e-15,3.894515383432582e-15,3.8945153421362165e-15,3.8945153008399066e-15,3.8945152595436535e-15,3.894515218247448e-15,3.894515176951291e-15,3.894515135655181e-15,3.894515094359118e-15,3.894515053063097e-15,3.894515011767116e-15,3.8945149704711765e-15,3.894514929175287e-15,3.8945148878794245e-15,3.894514846583596e-15,3.894514805287802e-15,3.894514763992039e-15,3.894514722696303e-15,3.894514681400599e-15,3.894514640104918e-15,3.894514598809261e-15,3.894514557513629e-15,3.894514516218017e-15,3.8945144749224244e-15,3.894514433626851e-15,3.894514392331289e-15,3.894514351035746e-15,3.894514309740211e-15,3.894514268444691e-15,3.894514227149179e-15,3.8945141858536724e-15,3.894514144558171e-15,3.8945141032626746e-15,3.894514061967179e-15,3.894514020671684e-15,3.894513979376187e-15,3.8945139380806875e-15,3.894513896785182e-15,3.894513855489671e-15,3.894513814194151e-15,3.894513772898622e-15,3.894513731603082e-15,3.894513690307526e-15,3.894513649011958e-15,3.89451360771637e-15,3.894513566420769e-15,3.894513525125144e-15,3.894513483829493e-15,3.89451344253382e-15,3.894513401238126e-15,3.894513359942402e-15,3.894513318646653e-15,3.894513277350869e-15,3.894513236055054e-15,3.894513194759207e-15,3.894513153463323e-15,3.894513112167405e-15,3.894513070871445e-15,3.894513029575447e-15,3.8945129882794105e-15,3.8945129469833254e-15,3.8945129056871946e-15,3.8945128643910165e-15,3.894512823094787e-15,3.894512781798512e-15,3.894512740502182e-15,3.894512699205802e-15,3.8945126579093645e-15,3.894512616612871e-15,3.8945125753163164e-15,3.894512534019703e-15,3.894512492723028e-15,3.8945124514262895e-15,3.894512410129485e-15,3.894512368832615e-15,3.894512327535673e-15,3.894512286238663e-15,3.894512244941581e-15,3.894512203644426e-15,3.894512162347195e-15,3.894512121049885e-15,3.8945120797524995e-15,3.894512038455036e-15,3.894511997157488e-15,3.894511955859857e-15,3.894511914562143e-15,3.894511873264342e-15,3.894511831966451e-15,3.89451179066847e-15,3.894511749370399e-15,3.894511708072235e-15,3.894511666773977e-15,3.894511625475621e-15,3.894511584177169e-15,3.894511542878617e-15,3.8945115015799645e-15,3.89451146028121e-15,3.894511418982348e-15,3.894511377683383e-15,3.8945113363843105e-15,3.8945112950851276e-15,3.894511253785835e-15,3.894511212486428e-15,3.894511171186908e-15,3.894511129887274e-15,3.89451108858752e-15,3.8945110472876486e-15,3.894511005987659e-15,3.894510964687546e-15,3.8945109233873136e-15,3.894510882086952e-15,3.894510840786463e-15,3.8945107994858466e-15,3.8945107581851025e-15,3.894510716884227e-15,3.8945106755832184e-15,3.894510634282074e-15,3.894510592980794e-15,3.8945105516793785e-15,3.894510510377819e-15,3.894510469076123e-15,3.894510427774284e-15,3.894510386472302e-15,3.894510345170173e-15,3.894510303867897e-15,3.8945102625654745e-15,3.894510221262901e-15,3.8945101799601746e-15,3.894510138657295e-15,3.894510097354262e-15,3.8945100560510714e-15,3.894510014747724e-15,3.8945099734442175e-15,3.894509932140548e-15,3.894509890836718e-15,3.894509849532724e-15,3.894509808228564e-15,3.894509766924239e-15,3.894509725619743e-15,3.894509684315079e-15,3.894509643010241e-15,3.89450960170523e-15,3.894509560400044e-15,3.894509519094683e-15,3.894509477789142e-15,3.894509436483425e-15,3.894509395177515e-15,3.894509353871434e-15,3.894509312565168e-15,3.8945092712587195e-15,3.89450922995208e-15,3.894509188645255e-15,3.8945091473382354e-15,3.89450910603103e-15,3.894509064723628e-15,3.894509023416032e-15,3.894508982108241e-15,3.894508940800253e-15,3.894508899492065e-15,3.89450885818368e-15,3.89450881687509e-15,3.894508775566295e-15,3.894508734257297e-15,3.894508692948092e-15,3.8945086516386776e-15,3.894508610329055e-15,3.8945085690192216e-15,3.894508527709173e-15,3.8945084863989136e-15,3.89450844508844e-15,3.894508403777746e-15,3.8945083624668364e-15,3.894508321155703e-15,3.894508279844352e-15,3.894508238532778e-15,3.8945081972209785e-15,3.894508155908953e-15,3.8945081145967025e-15,3.8945080732842194e-15,3.894508031971509e-15,3.894507990658567e-15,3.8945079493453904e-15,3.8945079080319804e-15,3.894507866718337e-15,3.894507825404454e-15,3.89450778409033e-15,3.894507742775968e-15,3.894507701461364e-15,3.894507660146515e-15,3.89450761883142e-15,3.894507577516081e-15,3.894507536200494e-15,3.894507494884658e-15,3.8945074535685716e-15,3.894507412252233e-15,3.89450737093564e-15,3.894507329618793e-15,3.89450728830169e-15,3.8945072469843275e-15,3.894507205666705e-15,3.894507164348819e-15,3.894507123030677e-15,3.894507081712266e-15,3.8945070403935935e-15,3.8945069990746575e-15,3.894506957755447e-15,3.8945069164359714e-15,3.8945068751162245e-15,3.894506833796202e-15,3.89450679247591e-15,3.8945067511553444e-15,3.894506709834497e-15,3.8945066685133775e-15,3.894506627191976e-15,3.894506585870293e-15,3.894506544548328e-15,3.894506503226082e-15,3.8945064619035514e-15,3.894506420580731e-15,3.894506379257625e-15,3.894506337934231e-15,3.894506296610545e-15,3.8945062552865665e-15,3.894506213962295e-15,3.894506172637729e-15,3.8945061313128674e-15,3.894506089987707e-15,3.894506048662251e-15,3.89450600733649e-15,3.894505966010431e-15,3.8945059246840685e-15,3.894505883357402e-15,3.894505842030429e-15,3.8945058007031474e-15,3.894505759375559e-15,3.894505718047661e-15,3.894505676719449e-15,3.894505635390926e-15,3.894505594062088e-15,3.894505552732935e-15,3.894505511403464e-15,3.894505470073677e-15,3.894505428743568e-15,3.894505387413141e-15,3.894505346082389e-15,3.8945053047513135e-15,3.894505263419914e-15,3.894505222088188e-15,3.894505180756133e-15,3.89450513942375e-15,3.8945050980910335e-15,3.894505056757989e-15,3.894505015424608e-15,3.894504974090893e-15,3.894504932756844e-15,3.894504891422456e-15,3.894504850087728e-15,3.89450480875266e-15,3.894504767417251e-15,3.8945047260814995e-15,3.8945046847454034e-15,3.894504643408963e-15,3.8945046020721755e-15,3.8945045607350405e-15,3.894504519397556e-15,3.8945044780597166e-15,3.8945044367215285e-15,3.894504395382985e-15,3.8945043540440896e-15,3.894504312704837e-15,3.894504271365225e-15,3.8945042300252575e-15,3.8945041886849276e-15,3.8945041473442395e-15,3.894504106003186e-15,3.8945040646617685e-15,3.8945040233199856e-15,3.894503981977834e-15,3.894503940635317e-15,3.89450389929243e-15,3.894503857949169e-15,3.89450381660554e-15,3.894503775261536e-15,3.894503733917159e-15,3.894503692572404e-15,3.894503651227272e-15,3.89450360988176e-15,3.8945035685358685e-15,3.894503527189597e-15,3.894503485842942e-15,3.894503444495897e-15,3.894503403148474e-15,3.894503361800665e-15,3.894503320452466e-15,3.894503279103881e-15,3.894503237754905e-15,3.894503196405537e-15,3.894503155055775e-15,3.894503113705617e-15,3.894503072355066e-15,3.894503031004118e-15,3.894502989652772e-15,3.894502948301026e-15,3.894502906948879e-15,3.89450286559633e-15,3.894502824243379e-15,3.894502782890025e-15,3.894502741536261e-15,3.894502700182091e-15,3.894502658827515e-15,3.8945026174725275e-15,3.8945025761171296e-15,3.8945025347613175e-15,3.894502493405096e-15,3.894502452048459e-15,3.894502410691405e-15,3.894502369333928e-15,3.894502327976037e-15,3.894502286617728e-15,3.8945022452589926e-15,3.8945022038998365e-15,3.894502162540262e-15,3.89450212118026e-15,3.894502079819833e-15,3.894502038458978e-15,3.8945019970976925e-15,3.89450195573598e-15,3.894501914373832e-15,3.8945018730112565e-15,3.894501831648248e-15,3.894501790284801e-15,3.89450174892092e-15,3.894501707556601e-15,3.894501666191842e-15,3.894501624826645e-15,3.894501583461007e-15,3.894501542094926e-15,3.8945015007284e-15,3.89450145936143e-15,3.8945014179940106e-15,3.894501376626148e-15,3.894501335257836e-15,3.8945012938890774e-15,3.894501252519863e-15,3.8945012111502e-15,3.8945011697800824e-15,3.894501128409511e-15,3.8945010870384855e-15,3.894501045667001e-15,3.8945010042950584e-15,3.894500962922656e-15,3.8945009215497925e-15,3.894500880176469e-15,3.8945008388026814e-15,3.894500797428428e-15,3.894500756053712e-15,3.894500714678526e-15,3.894500673302874e-15,3.894500631926752e-15,3.8945005905501575e-15,3.894500549173088e-15,3.894500507795553e-15,3.8945004664175385e-15,3.894500425039053e-15,3.89450038366009e-15,3.894500342280649e-15,3.894500300900727e-15,3.894500259520327e-15,3.894500218139448e-15,3.8945001767580835e-15,3.894500135376233e-15,3.894500093993901e-15,3.894500052611083e-15,3.894500011227773e-15,3.89449996984398e-15,3.894499928459696e-15,3.894499887074922e-15,3.894499845689655e-15,3.894499804303893e-15,3.8944997629176404e-15,3.8944997215308916e-15,3.894499680143643e-15,3.894499638755898e-15,3.894499597367652e-15,3.89449955597891e-15,3.894499514589665e-15,3.8944994731999186e-15,3.894499431809667e-15,3.8944993904189125e-15,3.894499349027651e-15,3.89449930763588e-15,3.8944992662436035e-15,3.894499224850818e-15,3.8944991834575196e-15,3.894499142063708e-15,3.8944991006693854e-15,3.8944990592745476e-15,3.894499017879195e-15,3.8944989764833266e-15,3.8944989350869355e-15,3.894498893690031e-15,3.894498852292606e-15,3.894498810894665e-15,3.8944987694961955e-15,3.894498728097201e-15,3.894498686697683e-15,3.8944986452976395e-15,3.89449860389707e-15,3.894498562495973e-15,3.894498521094347e-15,3.894498479692188e-15,3.8944984382894995e-15,3.894498396886277e-15,3.894498355482521e-15,3.894498314078231e-15,3.894498272673403e-15,3.8944982312680395e-15,3.894498189862137e-15,3.894498148455696e-15,3.8944981070487136e-15,3.89449806564119e-15,3.894498024233123e-15,3.8944979828245126e-15,3.894497941415357e-15,3.894497900005655e-15,3.894497858595406e-15,3.894497817184606e-15,3.8944977757732605e-15,3.894497734361361e-15,3.894497692948912e-15,3.8944976515359115e-15,3.894497610122355e-15,3.894497568708243e-15,3.894497527293572e-15,3.894497485878347e-15,3.8944974444625634e-15,3.89449740304622e-15,3.894497361629314e-15,3.894497320211847e-15,3.894497278793818e-15,3.894497237375224e-15,3.894497195956064e-15,3.894497154536339e-15,3.894497113116047e-15,3.894497071695186e-15,3.894497030273755e-15,3.894496988851754e-15,3.89449694742918e-15,3.894496906006036e-15,3.894496864582314e-15,3.894496823158021e-15,3.89449678173315e-15,3.8944967403077026e-15,3.8944966988816795e-15,3.894496657455075e-15,3.894496616027888e-15,3.89449657460012e-15,3.8944965331717694e-15,3.8944964917428354e-15,3.89449645031332e-15,3.8944964088832155e-15,3.894496367452522e-15,3.894496326021247e-15,3.894496284589378e-15,3.89449624315692e-15,3.894496201723867e-15,3.8944961602902255e-15,3.894496118855989e-15,3.8944960774211565e-15,3.894496035985729e-15,3.894495994549705e-15,3.894495953113085e-15,3.894495911675866e-15,3.894495870238046e-15,3.8944958287996255e-15,3.894495787360603e-15,3.894495745920978e-15,3.894495704480748e-15,3.894495663039912e-15,3.894495621598473e-15,3.8944955801564206e-15,3.894495538713764e-15,3.894495497270501e-15,3.894495455826624e-15,3.894495414382138e-15,3.894495372937038e-15,3.894495331491324e-15,3.894495290044993e-15,3.894495248598053e-15,3.89449520715049e-15,3.8944951657023116e-15,3.894495124253513e-15,3.894495082804095e-15,3.8944950413540574e-15,3.8944949999033975e-15,3.894494958452111e-15,3.894494917000205e-15,3.8944948755476736e-15,3.8944948340945145e-15,3.8944947926407275e-15,3.894494751186315e-15,3.894494709731274e-15,3.894494668275598e-15,3.8944946268192945e-15,3.894494585362358e-15,3.894494543904786e-15,3.894494502446582e-15,3.894494460987744e-15,3.894494419528268e-15,3.894494378068152e-15,3.894494336607402e-15,3.8944942951460094e-15,3.894494253683979e-15,3.894494212221307e-15,3.89449417075799e-15,3.894494129294031e-15,3.894494087829427e-15,3.89449404636418e-15,3.8944940048982835e-15,3.894493963431738e-15,3.894493921964545e-15,3.8944938804967055e-15,3.894493839028213e-15,3.894493797559068e-15,3.894493756089272e-15,3.8944937146188224e-15,3.894493673147717e-15,3.894493631675956e-15,3.894493590203537e-15,3.894493548730463e-15,3.89449350725673e-15,3.894493465782336e-15,3.894493424307282e-15,3.894493382831569e-15,3.894493341355189e-15,3.894493299878148e-15,3.894493258400441e-15,3.89449321692207e-15,3.894493175443031e-15,3.894493133963325e-15,3.89449309248295e-15,3.894493051001903e-15,3.89449300952019e-15,3.894492968037803e-15,3.894492926554744e-15,3.894492885071013e-15,3.894492843586606e-15,3.894492802101524e-15,3.894492760615767e-15,3.89449271912933e-15,3.8944926776422164e-15,3.8944926361544224e-15,3.89449259466595e-15,3.894492553176796e-15,3.894492511686958e-15,3.894492470196437e-15,3.89449242870523e-15,3.89449238721334e-15,3.894492345720763e-15,3.894492304227497e-15,3.894492262733545e-15,3.894492221238905e-15,3.894492179743575e-15,3.894492138247554e-15,3.8944920967508384e-15,3.894492055253431e-15,3.8944920137553285e-15,3.894491972256534e-15,3.894491930757043e-15,3.894491889256852e-15,3.894491847755967e-15,3.894491806254384e-15,3.8944917647521e-15,3.894491723249115e-15,3.894491681745431e-15,3.894491640241044e-15,3.894491598735952e-15,3.894491557230155e-15,3.8944915157236525e-15,3.894491474216445e-15,3.8944914327085315e-15,3.894491391199908e-15,3.894491349690575e-15,3.8944913081805314e-15,3.8944912666697784e-15,3.894491225158312e-15,3.894491183646134e-15,3.894491142133242e-15,3.894491100619635e-15,3.894491059105312e-15,3.894491017590272e-15,3.894490976074515e-15,3.89449093455804e-15,3.894490893040844e-15,3.894490851522928e-15,3.894490810004293e-15,3.894490768484933e-15,3.894490726964853e-15,3.894490685444046e-15,3.894490643922515e-15,3.894490602400258e-15,3.894490560877275e-15,3.894490519353564e-15,3.8944904778291256e-15,3.894490436303955e-15,3.894490394778056e-15,3.894490353251429e-15,3.894490311724066e-15,3.894490270195968e-15,3.894490228667136e-15,3.89449018713757e-15,3.894490145607268e-15,3.894490104076228e-15,3.894490062544452e-15,3.8944900210119365e-15,3.894489979478682e-15,3.894489937944686e-15,3.894489896409948e-15,3.894489854874466e-15,3.8944898133382455e-15,3.8944897718012794e-15,3.894489730263568e-15,3.89448968872511e-15,3.8944896471859075e-15,3.894489605645955e-15,3.894489564105256e-15,3.894489522563806e-15,3.894489481021607e-15,3.894489439478653e-15,3.8944893979349515e-15,3.894489356390487e-15,3.894489314845276e-15,3.894489273299309e-15,3.894489231752587e-15,3.89448919020511e-15,3.894489148656871e-15,3.894489107107876e-15,3.894489065558121e-15,3.89448902400761e-15,3.894488982456334e-15,3.8944889409042966e-15,3.894488899351498e-15,3.894488857797937e-15,3.894488816243609e-15,3.894488774688512e-15,3.894488733132652e-15,3.89448869157603e-15,3.894488650018634e-15,3.894488608460469e-15,3.8944885669015336e-15,3.894488525341829e-15,3.8944884837813544e-15,3.894488442220103e-15,3.894488400658081e-15,3.8944883590952856e-15,3.894488317531716e-15,3.894488275967365e-15,3.894488234402243e-15,3.894488192836342e-15,3.894488151269661e-15,3.894488109702201e-15,3.8944880681339624e-15,3.89448802656494e-15,3.894487984995136e-15,3.894487943424553e-15,3.894487901853181e-15,3.8944878602810265e-15,3.894487818708087e-15,3.89448777713436e-15,3.894487735559847e-15,3.89448769398455e-15,3.894487652408458e-15,3.8944876108315765e-15,3.894487569253907e-15,3.8944875276754434e-15,3.894487486096187e-15,3.8944874445161415e-15,3.8944874029353e-15,3.894487361353665e-15,3.894487319771233e-15,3.8944872781880074e-15,3.8944872366039826e-15,3.894487195019158e-15,3.894487153433535e-15,3.894487111847113e-15,3.894487070259889e-15,3.8944870286718655e-15,3.89448698708304e-15,3.894486945493412e-15,3.894486903902979e-15,3.894486862311741e-15,3.894486820719695e-15,3.894486779126847e-15,3.894486737533189e-15,3.894486695938722e-15,3.894486654343447e-15,3.894486612747363e-15,3.894486571150467e-15,3.8944865295527606e-15,3.894486487954241e-15,3.894486446354908e-15,3.894486404754782e-15,3.894486363153823e-15,3.894486321552044e-15,3.894486279949453e-15,3.894486238346041e-15,3.894486196741814e-15,3.894486155136763e-15,3.894486113530895e-15,3.8944860719242075e-15,3.894486030316699e-15,3.89448598870837e-15,3.894485947099216e-15,3.894485905489238e-15,3.894485863878436e-15,3.89448582226681e-15,3.894485780654358e-15,3.894485739041077e-15,3.894485697426968e-15,3.8944856558120336e-15,3.894485614196267e-15,3.894485572579672e-15,3.894485530962246e-15,3.894485489343987e-15,3.894485447724897e-15,3.8944854061049724e-15,3.894485364484213e-15,3.8944853228626184e-15,3.894485281240188e-15,3.894485239616922e-15,3.8944851979928215e-15,3.8944851563678785e-15,3.894485114742098e-15,3.894485073115478e-15,3.894485031488018e-15,3.894484989859715e-15,3.894484948230572e-15,3.894484906600585e-15,3.8944848649697535e-15,3.89448482333808e-15,3.89448478170556e-15,3.894484740072194e-15,3.8944846984379805e-15,3.894484656802919e-15,3.894484615167014e-15,3.894484573530252e-15,3.894484531892645e-15,3.894484490254186e-15,3.8944844486148755e-15,3.894484406974712e-15,3.894484365333696e-15,3.894484323691821e-15,3.8944842820490955e-15,3.894484240405516e-15,3.894484198761078e-15,3.894484157115785e-15,3.894484115469636e-15,3.894484073822626e-15,3.894484032174758e-15,3.8944839905260284e-15,3.89448394887644e-15,3.894483907225989e-15,3.894483865574676e-15,3.8944838239225014e-15,3.894483782269459e-15,3.894483740615559e-15,3.8944836989607896e-15,3.8944836573051504e-15,3.894483615648647e-15,3.894483573991277e-15,3.8944835323330375e-15,3.8944834906739305e-15,3.894483449013952e-15,3.894483407353102e-15,3.8944833656913825e-15,3.89448332402879e-15,3.8944832823653256e-15,3.894483240700984e-15,3.89448319903577e-15,3.89448315736968e-15,3.894483115702717e-15,3.894483074034874e-15,3.8944830323661555e-15,3.894482990696557e-15,3.8944829490260845e-15,3.894482907354727e-15,3.894482865682493e-15,3.894482824009374e-15,3.894482782335376e-15,3.894482740660493e-15,3.894482698984728e-15,3.89448265730808e-15,3.894482615630544e-15,3.894482573952125e-15,3.894482532272819e-15,3.894482490592627e-15,3.8944824489115444e-15,3.894482407229574e-15,3.894482365546714e-15,3.894482323862965e-15,3.894482282178325e-15,3.894482240492791e-15,3.894482198806368e-15,3.894482157119051e-15,3.8944821154308424e-15,3.894482073741737e-15,3.894482032051737e-15,3.89448199036084e-15,3.894481948669046e-15,3.8944819069763575e-15,3.89448186528277e-15,3.894481823588284e-15,3.894481781892898e-15,3.894481740196611e-15,3.894481698499424e-15,3.894481656801334e-15,3.8944816151023435e-15,3.8944815734024484e-15,3.89448153170165e-15,3.894481489999948e-15,3.89448144829734e-15,3.894481406593827e-15,3.894481364889407e-15,3.894481323184084e-15,3.894481281477846e-15,3.894481239770699e-15,3.8944811980626435e-15,3.89448115635368e-15,3.8944811146438056e-15,3.894481072933017e-15,3.894481031221308e-15,3.8944809895086934e-15,3.894480947795168e-15,3.8944809060807244e-15,3.894480864365369e-15,3.894480822649099e-15,3.894480780931912e-15,3.8944807392138054e-15,3.894480697494781e-15,3.894480655774836e-15,3.8944806140539736e-15,3.89448057233219e-15,3.894480530609487e-15,3.894480488885858e-15,3.894480447161306e-15,3.894480405435834e-15,3.89448036370944e-15,3.894480321982124e-15,3.894480280253881e-15,3.8944802385247095e-15,3.894480196794617e-15,3.894480155063594e-15,3.8944801133316445e-15,3.894480071598768e-15,3.8944800298649605e-15,3.894479988130223e-15,3.894479946394556e-15,3.894479904657958e-15,3.894479862920426e-15,3.89447982118196e-15,3.894479779442563e-15,3.894479737702233e-15,3.894479695960968e-15,3.894479654218768e-15,3.89447961247563e-15,3.894479570731558e-15,3.8944795289865514e-15,3.8944794872406066e-15,3.8944794454937214e-15,3.894479403745894e-15,3.894479361997126e-15,3.89447932024742e-15,3.894479278496773e-15,3.8944792367451815e-15,3.8944791949926505e-15,3.894479153239176e-15,3.894479111484757e-15,3.894479069729388e-15,3.894479027973079e-15,3.8944789862158235e-15,3.894478944457622e-15,3.8944789026984726e-15,3.894478860938374e-15,3.894478819177328e-15,3.894478777415332e-15,3.894478735652389e-15,3.894478693888491e-15,3.89447865212364e-15,3.894478610357843e-15,3.894478568591091e-15,3.894478526823389e-15,3.894478485054729e-15,3.8944784432851154e-15,3.894478401514546e-15,3.89447835974302e-15,3.8944783179705406e-15,3.894478276197094e-15,3.894478234422699e-15,3.894478192647342e-15,3.894478150871028e-15,3.894478109093755e-15,3.894478067315519e-15,3.894478025536318e-15,3.894477983756161e-15,3.89447794197504e-15,3.894477900192959e-15,3.894477858409912e-15,3.8944778166259e-15,3.894477774840923e-15,3.894477733054981e-15,3.894477691268077e-15,3.894477649480202e-15,3.89447760769136e-15,3.894477565901544e-15,3.894477524110764e-15,3.894477482319017e-15,3.8944774405262955e-15,3.894477398732607e-15,3.894477356937945e-15,3.894477315142315e-15,3.894477273345704e-15,3.894477231548129e-15,3.894477189749575e-15,3.894477147950042e-15,3.894477106149536e-15,3.894477064348057e-15,3.894477022545605e-15,3.8944769807421705e-15,3.8944769389377584e-15,3.894476897132371e-15,3.894476855326004e-15,3.894476813518657e-15,3.894476771710328e-15,3.89447672990102e-15,3.894476688090729e-15,3.894476646279456e-15,3.8944766044672025e-15,3.894476562653963e-15,3.894476520839739e-15,3.8944764790245285e-15,3.8944764372083364e-15,3.894476395391159e-15,3.8944763535729924e-15,3.894476311753841e-15,3.894476269933699e-15,3.894476228112573e-15,3.894476186290457e-15,3.894476144467352e-15,3.894476102643255e-15,3.894476060818167e-15,3.89447601899209e-15,3.89447597716502e-15,3.8944759353369604e-15,3.894475893507901e-15,3.89447585167785e-15,3.894475809846806e-15,3.894475768014767e-15,3.894475726181731e-15,3.8944756843477e-15,3.894475642512672e-15,3.894475600676646e-15,3.894475558839622e-15,3.894475517001601e-15,3.89447547516258e-15,3.8944754333225584e-15,3.8944753914815346e-15,3.894475349639507e-15,3.894475307796482e-15,3.894475265952455e-15,3.894475224107425e-15,3.894475182261388e-15,3.894475140414352e-15,3.89447509856631e-15,3.894475056717263e-15,3.89447501486721e-15,3.894474973016146e-15,3.894474931164082e-15,3.894474889311006e-15,3.8944748474569225e-15,3.894474805601832e-15,3.894474763745733e-15,3.894474721888621e-15,3.8944746800304984e-15,3.8944746381713655e-15,3.894474596311222e-15,3.894474554450062e-15,3.894474512587894e-15,3.894474470724706e-15,3.8944744288605105e-15,3.8944743869952986e-15,3.894474345129073e-15,3.89447430326183e-15,3.894474261393569e-15,3.894474219524293e-15,3.894474177653998e-15,3.894474135782685e-15,3.894474093910355e-15,3.8944740520370026e-15,3.894474010162635e-15,3.894473968287245e-15,3.894473926410834e-15,3.8944738845333995e-15,3.894473842654943e-15,3.8944738007754665e-15,3.8944737588949586e-15,3.894473717013433e-15,3.894473675130882e-15,3.894473633247308e-15,3.894473591362703e-15,3.8944735494770764e-15,3.894473507590421e-15,3.89447346570274e-15,3.8944734238140294e-15,3.894473381924292e-15,3.894473340033523e-15,3.8944732981417275e-15,3.8944732562489e-15,3.894473214355041e-15,3.894473172460153e-15,3.894473130564233e-15,3.89447308866728e-15,3.894473046769294e-15,3.894473004870275e-15,3.89447296297022e-15,3.894472921069132e-15,3.894472879167007e-15,3.894472837263848e-15,3.89447279535965e-15,3.894472753454418e-15,3.89447271154815e-15,3.894472669640841e-15,3.8944726277324926e-15,3.894472585823107e-15,3.8944725439126806e-15,3.894472502001215e-15,3.894472460088708e-15,3.8944724181751595e-15,3.89447237626057e-15,3.894472334344938e-15,3.894472292428263e-15,3.894472250510543e-15,3.894472208591779e-15,3.894472166671971e-15,3.894472124751118e-15,3.89447208282922e-15,3.8944720409062726e-15,3.894471998982282e-15,3.894471957057242e-15,3.894471915131155e-15,3.89447187320402e-15,3.894471831275837e-15,3.894471789346602e-15,3.8944717474163204e-15,3.894471705484984e-15,3.8944716635526e-15,3.8944716216191576e-15,3.8944715796846695e-15,3.894471537749125e-15,3.894471495812531e-15,3.894471453874879e-15,3.894471411936183e-15,3.894471369996424e-15,3.8944713280556094e-15,3.89447128611374e-15,3.894471244170813e-15,3.894471202226828e-15,3.894471160281785e-15,3.894471118335687e-15,3.894471076388529e-15,3.8944710344403105e-15,3.894470992491037e-15,3.8944709505407e-15,3.894470908589302e-15,3.894470866636843e-15,3.894470824683323e-15,3.8944707827287395e-15,3.894470740773095e-15,3.894470698816388e-15,3.8944706568586125e-15,3.8944706148997755e-15,3.894470572939874e-15,3.894470530978905e-15,3.894470489016871e-15,3.8944704470537736e-15,3.894470405089606e-15,3.8944703631243675e-15,3.894470321158065e-15,3.8944702791906945e-15,3.8944702372222554e-15,3.894470195252744e-15,3.894470153282166e-15,3.8944701113105144e-15,3.894470069337793e-15,3.8944700273639995e-15,3.8944699853891336e-15,3.8944699434131995e-15,3.894469901436189e-15,3.8944698594581034e-15,3.894469817478946e-15,3.894469775498712e-15,3.894469733517403e-15,3.894469691535021e-15,3.89446964955156e-15,3.894469607567023e-15,3.8944695655814075e-15,3.894469523594715e-15,3.894469481606945e-15,3.894469439618095e-15,3.8944693976281655e-15,3.894469355637157e-15,3.8944693136450695e-15,3.894469271651899e-15,3.894469229657649e-15,3.894469187662317e-15,3.8944691456659024e-15,3.8944691036684025e-15,3.894469061669823e-15,3.894469019670156e-15,3.894468977669406e-15,3.894468935667573e-15,3.894468893664654e-15,3.894468851660649e-15,3.894468809655554e-15,3.894468767649377e-15,3.8944687256421144e-15,3.89446868363376e-15,3.894468641624319e-15,3.894468599613788e-15,3.89446855760217e-15,3.89446851558946e-15,3.89446847357566e-15,3.894468431560772e-15,3.894468389544793e-15,3.894468347527723e-15,3.8944683055095575e-15,3.894468263490301e-15,3.894468221469951e-15,3.894468179448509e-15,3.894468137425971e-15,3.894468095402342e-15,3.8944680533776136e-15,3.894468011351792e-15,3.894467969324873e-15,3.8944679272968576e-15,3.894467885267753e-15,3.894467843237546e-15,3.894467801206238e-15,3.894467759173832e-15,3.894467717140328e-15,3.894467675105723e-15,3.8944676330700194e-15,3.894467591033216e-15,3.894467548995312e-15,3.894467506956305e-15,3.894467464916198e-15,3.894467422874988e-15,3.894467380832675e-15,3.89446733878926e-15,3.894467296744742e-15,3.894467254699118e-15,3.894467212652391e-15,3.8944671706045626e-15,3.894467128555623e-15,3.894467086505582e-15,3.89446704445443e-15,3.894467002402171e-15,3.894466960348807e-15,3.8944669182943345e-15,3.894466876238753e-15,3.894466834182065e-15,3.894466792124266e-15,3.8944667500653565e-15,3.894466708005338e-15,3.89446666594421e-15,3.894466623881966e-15,3.894466581818615e-15,3.894466539754152e-15,3.894466497688577e-15,3.894466455621887e-15,3.894466413554084e-15,3.8944663714851705e-15,3.894466329415139e-15,3.894466287343992e-15,3.894466245271731e-15,3.894466203198354e-15,3.894466161123861e-15,3.8944661190482514e-15,3.894466076971524e-15,3.894466034893679e-15,3.8944659928147175e-15,3.8944659507346365e-15,3.894465908653437e-15,3.894465866571123e-15,3.8944658244876825e-15,3.894465782403123e-15,3.894465740317444e-15,3.894465698230644e-15,3.8944656561427206e-15,3.894465614053675e-15,3.894465571963511e-15,3.894465529872221e-15,3.894465487779807e-15,3.8944654456862715e-15,3.894465403591611e-15,3.8944653614958274e-15,3.8944653193989176e-15,3.894465277300881e-15,3.894465235201721e-15,3.894465193101432e-15,3.894465151000016e-15,3.894465108897473e-15,3.894465066793801e-15,3.894465024689001e-15,3.894464982583074e-15,3.8944649404760204e-15,3.894464898367835e-15,3.89446485625852e-15,3.894464814148073e-15,3.894464772036494e-15,3.894464729923785e-15,3.894464687809945e-15,3.89446464569497e-15,3.894464603578862e-15,3.894464561461626e-15,3.894464519343251e-15,3.894464477223747e-15,3.894464435103106e-15,3.8944643929813315e-15,3.894464350858422e-15,3.894464308734375e-15,3.8944642666091924e-15,3.8944642244828755e-15,3.894464182355418e-15,3.8944641402268265e-15,3.894464098097102e-15,3.894464055966234e-15,3.894464013834226e-15,3.894463971701078e-15,3.894463929566792e-15,3.8944638874313686e-15,3.894463845294802e-15,3.894463803157101e-15,3.894463761018254e-15,3.894463718878264e-15,3.894463676737133e-15,3.894463634594858e-15,3.894463592451442e-15,3.894463550306881e-15,3.894463508161178e-15,3.894463466014329e-15,3.894463423866338e-15,3.8944633817172e-15,3.89446333956692e-15,3.8944632974154905e-15,3.894463255262915e-15,3.894463213109194e-15,3.8944631709543245e-15,3.8944631287983085e-15,3.894463086641143e-15,3.894463044482829e-15,3.89446300232337e-15,3.8944629601627594e-15,3.8944629180009965e-15,3.894462875838087e-15,3.8944628336740274e-15,3.894462791508814e-15,3.8944627493424506e-15,3.8944627071749385e-15,3.894462665006273e-15,3.894462622836454e-15,3.8944625806654784e-15,3.894462538493354e-15,3.894462496320075e-15,3.894462454145643e-15,3.894462411970058e-15,3.8944623697933186e-15,3.894462327615423e-15,3.894462285436369e-15,3.894462243256163e-15,3.894462201074799e-15,3.894462158892279e-15,3.894462116708603e-15,3.894462074523767e-15,3.8944620323377706e-15,3.894461990150621e-15,3.89446194796231e-15,3.89446190577284e-15,3.89446186358221e-15,3.89446182139042e-15,3.8944617791974676e-15,3.894461737003356e-15,3.894461694808082e-15,3.894461652611649e-15,3.894461610414044e-15,3.894461568215285e-15,3.894461526015363e-15,3.894461483814279e-15,3.894461441612031e-15,3.894461399408618e-15,3.894461357204041e-15,3.894461314998298e-15,3.89446127279139e-15,3.894461230583319e-15,3.894461188374078e-15,3.8944611461636735e-15,3.894461103952101e-15,3.894461061739362e-15,3.894461019525455e-15,3.894460977310381e-15,3.894460935094138e-15,3.894460892876725e-15,3.894460850658144e-15,3.8944608084383935e-15,3.894460766217473e-15,3.894460723995385e-15,3.8944606817721244e-15,3.894460639547692e-15,3.89446059732209e-15,3.8944605550953146e-15,3.894460512867367e-15,3.894460470638248e-15,3.894460428407956e-15,3.8944603861764895e-15,3.89446034394385e-15,3.894460301710037e-15,3.894460259475045e-15,3.894460217238883e-15,3.894460175001546e-15,3.8944601327630324e-15,3.8944600905233435e-15,3.894460048282477e-15,3.894460006040435e-15,3.8944599637972165e-15,3.8944599215528204e-15,3.894459879307246e-15,3.894459837060493e-15,3.8944597948125586e-15,3.89445975256345e-15,3.894459710313159e-15,3.89445966806169e-15,3.894459625809041e-15,3.8944595835552106e-15,3.894459541300201e-15,3.89445949904401e-15,3.894459456786639e-15,3.894459414528085e-15,3.8944593722683466e-15,3.894459330007428e-15,3.894459287745324e-15,3.894459245482039e-15,3.894459203217569e-15,3.894459160951915e-15,3.8944591186850785e-15,3.8944590764170545e-15,3.8944590341478424e-15,3.894458991877452e-15,3.894458949605873e-15,3.894458907333106e-15,3.894458865059152e-15,3.894458822784012e-15,3.894458780507686e-15,3.894458738230171e-15,3.894458695951469e-15,3.8944586536715764e-15,3.894458611390494e-15,3.894458569108227e-15,3.894458526824767e-15,3.894458484540117e-15,3.8944584422542766e-15,3.894458399967248e-15,3.894458357679027e-15,3.8944583153896145e-15,3.894458273099013e-15,3.894458230807218e-15,3.8944581885142295e-15,3.894458146220043e-15,3.894458103924671e-15,3.8944580616281025e-15,3.894458019330342e-15,3.894457977031388e-15,3.894457934731239e-15,3.894457892429895e-15,3.894457850127355e-15,3.894457807823619e-15,3.894457765518689e-15,3.894457723212562e-15,3.894457680905239e-15,3.89445763859672e-15,3.8944575962870015e-15,3.8944575539760856e-15,3.894457511663972e-15,3.894457469350663e-15,3.894457427036152e-15,3.89445738472044e-15,3.8944573424035324e-15,3.894457300085426e-15,3.894457257766112e-15,3.8944572154456026e-15,3.894457173123893e-15,3.894457130800982e-15,3.89445708847687e-15,3.894457046151557e-15,3.894457003825042e-15,3.8944569614973246e-15,3.8944569191684045e-15,3.894456876838279e-15,3.894456834506951e-15,3.894456792174417e-15,3.894456749840682e-15,3.894456707505742e-15,3.894456665169597e-15,3.894456622832245e-15,3.894456580493689e-15,3.894456538153928e-15,3.894456495812961e-15,3.894456453470786e-15,3.894456411127404e-15,3.894456368782817e-15,3.894456326437023e-15,3.894456284090022e-15,3.894456241741809e-15,3.894456199392394e-15,3.8944561570417666e-15,3.8944561146899284e-15,3.894456072336882e-15,3.894456029982626e-15,3.894455987627159e-15,3.8944559452704804e-15,3.894455902912593e-15,3.8944558605534945e-15,3.8944558181931864e-15,3.8944557758316674e-15,3.894455733468932e-15,3.894455691104983e-15,3.894455648739824e-15,3.894455606373452e-15,3.8944555640058654e-15,3.894455521637067e-15,3.894455479267054e-15,3.894455436895825e-15,3.8944553945233835e-15,3.894455352149726e-15,3.894455309774851e-15,3.894455267398762e-15,3.894455225021458e-15,3.8944551826429355e-15,3.894455140263198e-15,3.8944550978822444e-15,3.894455055500073e-15,3.894455013116683e-15,3.8944549707320754e-15,3.89445492834625e-15,3.894454885959202e-15,3.894454843570937e-15,3.894454801181456e-15,3.894454758790753e-15,3.8944547163988326e-15,3.894454674005692e-15,3.894454631611329e-15,3.894454589215745e-15,3.894454546818944e-15,3.894454504420919e-15,3.894454462021673e-15,3.89445441962121e-15,3.894454377219517e-15,3.894454334816603e-15,3.894454292412468e-15,3.894454250007108e-15,3.8944542076005266e-15,3.894454165192722e-15,3.89445412278367e-15,3.894454080373413e-15,3.894454037961934e-15,3.894453995549229e-15,3.894453953135301e-15,3.894453910720145e-15
5,0.0,0.0,0.0,0.0,0.0,0.0,0.0,0.0,0.0,0.0,0.0,0.0,0.0,0.0,0.0,0.0,0.0,0.0,0.0,0.0,0.0,0.0,0.0,0.0,0.0,0.0,0.0,0.0,0.0,0.0,0.0,0.0,0.0,0.0,0.0,0.0,0.0,0.0,0.0,0.0,0.0,0.0,0.0,0.0,0.0,0.0,0.0,0.0,0.0,0.0,0.0,0.0,0.0,0.0,0.0,0.0,0.0,0.0,0.0,0.0,0.0,0.0,0.0,0.0,0.0,0.0,0.0,0.0,0.0,0.0,0.0,0.0,0.0,0.0,0.0,0.0,0.0,0.0,0.0,0.0,0.0,0.0,0.0,0.0,0.0,0.0,0.0,0.0,0.0,0.0,0.0,0.0,0.0,0.0,0.0,0.0,0.0,0.0,0.0,0.0,0.0,0.0,0.0,0.0,0.0,0.0,0.0,0.0,0.0,0.0,0.0,0.0,0.0,0.0,0.0,0.0,0.0,0.0,0.0,0.0,0.0,0.0,0.0,0.0,0.0,0.0,0.0,0.0,0.0,0.0,0.0,0.0,0.0,0.0,0.0,0.0,0.0,0.0,0.0,0.0,0.0,0.0,0.0,0.0,0.0,0.0,0.0,0.0,0.0,0.0,0.0,0.0,0.0,0.0,0.0,0.0,0.0,0.0,0.0,0.0,0.0,0.0,0.0,0.0,0.0,0.0,0.0,0.0,0.0,0.0,0.0,0.0,0.0,0.0,0.0,0.0,0.0,0.0,0.0,0.0,0.0,0.0,0.0,0.0,0.0,0.0,0.0,0.0,0.0,0.0,0.0,0.0,0.0,0.0,0.0,0.0,0.0,0.0,0.0,0.0,0.0,0.0,0.0,0.0,0.0,0.0,0.0,0.0,0.0,0.0,0.0,0.0,0.0,0.0,0.0,0.0,0.0,0.0,0.0,0.0,0.0,0.0,0.0,0.0,0.0,0.0,0.0,0.0,0.0,0.0,0.0,0.0,0.0,0.0,0.0,0.0,0.0,0.0,0.0,0.0,0.0,0.0,0.0,0.0,0.0,0.0,0.0,0.0,0.0,0.0,0.0,0.0,0.0,0.0,0.0,0.0,0.0,0.0,0.0,0.0,0.0,0.0,0.0,0.0,0.0,0.0,0.0,0.0,0.0,0.0,0.0,0.0,0.0,0.0,0.0,0.0,0.0,0.0,0.0,0.0,0.0,0.0,0.0,0.0,0.0,0.0,0.0,0.0,0.0,0.0,0.0,0.0,0.0,0.0,0.0,0.0,0.0,0.0,0.0,0.0,0.0,0.0,0.0,0.0,0.0,0.0,0.0,0.0,0.0,0.0,0.0,0.0,0.0,0.0,0.0,0.0,0.0,0.0,0.0,0.0,0.0,0.0,0.0,0.0,0.0,0.0,0.0,0.0,0.0,0.0,0.0,0.0,0.0,0.0,0.0,0.0,0.0,0.0,0.0,0.0,0.0,0.0,0.0,0.0,0.0,0.0,0.0,0.0,0.0,0.0,0.0,0.0,0.0,0.0,0.0,0.0,0.0,0.0,0.0,0.0,0.0,0.0,0.0,0.0,0.0,0.0,0.0,0.0,0.0,0.0,0.0,0.0,0.0,0.0,0.0,0.0,0.0,0.0,0.0,0.0,0.0,0.0,0.0,0.0,0.0,0.0,0.0,0.0,0.0,0.0,0.0,0.0,0.0,0.0,0.0,0.0,0.0,0.0,0.0,0.0,0.0,0.0,0.0,0.0,0.0,0.0,0.0,0.0,0.0,0.0,0.0,0.0,0.0,0.0,0.0,0.0,0.0,0.0,0.0,0.0,0.0,0.0,0.0,0.0,0.0,0.0,0.0,0.0,0.0,0.0,0.0,0.0,0.0,0.0,0.0,0.0,0.0,0.0,0.0,0.0,0.0,0.0,0.0,0.0,0.0,0.0,0.0,0.0,0.0,0.0,0.0,0.0,0.0,0.0,0.0,0.0,0.0,0.0,0.0,0.0,0.0,0.0,0.0,0.0,0.0,0.0,0.0,0.0,0.0,0.0,0.0,0.0,0.0,0.0,0.0,0.0,0.0,0.0,0.0,0.0,0.0,0.0,0.0,0.0,0.0,0.0,0.0,0.0,0.0,0.0,0.0,0.0,0.0,0.0,0.0,0.0,0.0,0.0,0.0,0.0,0.0,0.0,0.0,0.0,0.0,0.0,0.0,0.0,0.0,0.0,0.0,0.0,0.0,0.0,0.0,0.0,0.0,0.0,0.0,0.0,0.0,0.0,0.0,0.0,0.0,0.0,0.0,0.0,0.0,0.0,0.0,0.0,0.0,0.0,0.0,0.0,0.0,0.0,0.0,0.0,0.0,0.0,0.0,0.0,0.0,0.0,0.0,0.0,0.0,0.0,0.0,0.0,0.0,0.0,0.0,0.0,0.0,0.0,0.0,0.0,0.0,0.0,0.0,0.0,0.0,0.0,0.0,0.0,0.0,0.0,0.0,0.0,0.0,0.0,0.0,0.0,0.0,0.0,0.0,0.0,0.0,0.0,0.0,0.0,0.0,0.0,0.0,0.0,0.0,0.0,0.0,0.0,0.0,0.0,0.0,0.0,0.0,0.0,0.0,0.0,0.0,0.0,0.0,0.0,0.0,0.0,0.0,0.0,0.0,0.0,0.0,0.0,0.0,0.0,0.0,0.0,0.0,0.0,0.0,0.0,0.0,0.0,0.0,0.0,0.0,0.0,0.0,0.0,0.0,0.0,0.0,0.0,0.0,0.0,0.0,0.0,0.0,0.0,0.0,0.0,0.0,0.0,0.0,0.0,0.0,0.0,0.0,0.0,0.0,0.0,0.0,0.0,0.0,0.0,0.0,0.0,0.0,0.0,0.0,0.0,0.0,0.0,0.0,0.0,0.0,0.0,0.0,0.0,0.0,0.0,0.0,0.0,0.0,0.0,0.0,0.0,0.0,0.0,0.0,0.0,0.0,0.0,0.0,0.0,0.0,0.0,0.0,0.0,0.0,0.0,0.0,0.0,0.0,0.0,0.0,0.0,0.0,0.0,0.0,0.0,0.0,0.0,0.0,0.0,0.0,0.0,0.0,0.0,0.0,0.0,0.0,0.0,0.0,0.0,0.0,0.0,0.0,0.0,0.0,0.0,0.0,0.0,0.0,0.0,0.0,0.0,0.0,0.0,0.0,0.0,0.0,0.0,0.0,0.0,0.0,0.0,0.0,0.0,0.0,0.0,0.0,0.0,0.0,0.0,0.0,0.0,0.0,0.0,0.0,0.0,0.0,0.0,0.0,0.0,0.0,0.0,0.0,0.0,0.0,0.0,0.0,0.0,0.0,0.0,0.0,0.0,0.0,0.0,0.0,0.0,0.0,0.0,0.0,0.0,0.0,0.0,0.0,0.0,0.0,0.0,0.0,0.0,0.0,0.0,0.0,0.0,0.0,0.0,0.0,0.0,0.0,0.0,0.0,0.0,0.0,0.0,0.0,0.0,0.0,0.0,0.0,0.0,0.0,0.0,0.0,0.0,0.0,0.0,0.0,0.0,0.0,0.0,0.0,0.0,0.0,0.0,0.0,0.0,0.0,0.0,0.0,0.0,0.0,0.0,0.0,0.0,0.0,0.0,0.0,0.0,0.0,0.0,0.0,0.0,0.0,0.0,0.0,0.0,0.0,0.0,0.0,0.0,0.0,0.0,0.0,0.0,0.0,0.0,0.0,0.0,0.0,0.0,0.0,0.0,0.0,0.0,0.0,0.0,0.0,0.0,0.0,0.0,0.0,0.0,0.0,0.0,0.0,0.0,0.0,0.0,0.0,0.0,0.0,0.0,0.0,0.0,0.0,0.0,0.0,0.0,0.0,0.0,0.0,0.0,0.0,0.0,0.0,0.0,0.0,0.0,0.0,0.0,0.0,0.0,0.0,0.0,0.0,0.0,0.0,0.0,0.0,0.0,0.0,0.0,0.0,0.0,0.0,0.0,0.0,0.0,0.0,0.0,0.0,0.0,0.0,0.0,0.0,0.0,0.0,0.0,0.0,0.0,0.0,0.0,0.0,0.0,0.0,0.0,0.0,0.0,0.0,0.0,0.0,0.0,0.0,0.0,0.0,0.0,0.0,0.0,0.0,0.0,0.0,0.0,0.0,0.0,0.0,0.0,0.0,0.0,0.0,0.0,0.0,0.0,0.0,0.0,0.0,0.0,0.0,0.0,0.0,0.0,0.0,0.0,0.0,0.0,0.0,0.0,0.0,0.0,0.0,0.0,0.0,0.0,0.0,0.0,0.0,0.0,0.0,0.0,0.0,0.0,0.0,0.0,0.0,0.0,0.0,0.0,0.0,0.0,0.0,0.0,0.0,0.0,0.0,0.0,0.0,0.0,0.0,0.0,6.0656618068442055e-06,1.3394851316271701e-05,2.179387186727055e-05,3.1099445012753754e-05,4.118007333576499e-05,5.1933729154168975e-05,6.328398918970137e-05,7.517583024555572e-05,8.757170470796549e-05,0.0001004481582941336,0.00011379305696030611,0.00012760339302667845,0.00014188360011174224,0.00015664429612613143,0.00017190137794318824,0.00018767540194945828,0.00020399119702382306,0.000220877668493324,0.00023836776241242897,0.0002564985689342497,0.00027531155168268297,0.0002948528972307229,0.0003151739853256705,0.0003363319867876965,0.0003583906024173535,0.00038142096321706117,0.0004055027202634028,0.0004307253622516069,0.0004571898108916505,0.00048501035993925393,0.0005143170442063466,0.0005452585523527925,0.0005780058345645978,0.0006127566075350932,0.0006497410307673121,0.0006892289294905796,0.0007315390847937608,0.000777051323298802,0.0008262224521032665,0.0008796075567405077,0.0009378889035433207,0.001001915818678176,0.0010727607174872839,0.0011517993830249505,0.0012408284253869872,0.0013422409341489684,0.0014523347605486854,0.0014523347605492581,0.0014523347605498917,0.001452334760550601,0.0014523347605514092,0.0014523347605523444,0.0014523347605534579,0.0014523347605584914,0.0014523347605794102,0.0015881796803778121,0.0017502403744133806,0.0019477101214777424,0.002193972806831047,0.002507595132279246,0.0029094969737780826,0.0034077893100826337,0.003972525163795246,0.004537265210601897,0.004537265210831989,0.005055830932607689,0.0055007041348695855,0.005870917974156034,0.006175080143104444,0.006423816446707789,0.0066268050897962845,0.0067920105033698296,0.006925761369634981,0.007033083354506552,0.007118059044604922,0.0071841401753056445,0.007234393626720285,0.007271668033279204,0.007298651994222091,0.007317808750858221,0.007331245537401203,0.007340625291788675,0.00734717388647287,0.007351755067432915,0.0073549633684347575,0.00735720506725127,0.007358758644193747,0.007359816685399517,0.007360513949878284,0.007360945945240338,0.007361181227311996,0.007361269604029727,0.007361247667810421,0.007361142573997342,0.00736097465591424,0.007360759258772895,0.007360508042237438,0.007360229916798296,0.007359931724520175,0.007359618739138812,0.0073592950369974226,0.00735896377462377,0.007358627398134271,0.007358287802382538,0.007357946452732794,0.007357604478808978,0.00735726274707083,0.007356921917280509,0.007356582486632058,0.0073562448243759725,0.007355909199080092,0.00735557580015679,0.007355244754904731,0.007354916142026906,0.007354590002370007,0.007354266347465006,0.0073539451663225475,0.0073536264308397,0.0073533101000989665,0.007352996123782136,0.007352684444875696,0.0073523750018086075,0.007352067730134778,0.007351762563850462,0.007351459436418593,0.00735115828155835,0.007350859033846448,0.007350561629168088,0.007350266005047691,0.007349972100884142,0.0073496798581102404,0.007349389220292338,0.007349100133183187,0.007348812544738185,0.007348526405103596,0.007348241666583373,0.007347958283589997,0.007347676212583772,0.007347395412003676,0.0073471158421933545,0.007346837465322708,0.0073465602453089635,0.007346284147740504,0.007346009139786533,0.007345735190131753,0.007345462268896227,0.007345190347562411,0.007344919398904909,0.007344649396923049,0.007344380316776457,0.00734411213472362,0.007343844828063789,0.007343578375081204,0.0073433127549929955,0.0073430479478994466,0.007342783934737284,0.007342520697235411,0.00734225821787308,0.007341996479840777,0.007341735467002973,0.007341475163863398,0.007341215555532103,0.00734095662769449,0.007340698366582385,0.007340440758945741,0.007340183792028097,0.0073399274535410714,0.007339671731642163,0.007339416614912698,0.007339162092337549,0.007338908153286194,0.007338654787494123,0.007338401985045918,0.00733814973635948,0.007337898032170111,0.007337646863516581,0.007337396221727327,0.007337146098407718,0.007336896485427743,0.007336647374910505,0.007336398759221395,0.007336150630957644,0.007335902982938833,0.007335655808197137,0.007335409099968827,0.0073351628516859025,0.007334917056968069,0.007334671709615256,0.007334426803600433,0.007334182333062856,0.0073339382923015015,0.007333694675769064,0.00733345147806593,0.0073332086939346414,0.007332966318254676,0.007332724346037083,0.007332482772420072,0.007332241592664116,0.0073320008021475975,0.007331760396362645,0.007331520370911086,0.007331280721500638,0.0073310414439411616,0.007330802534141252,0.007330563988104844,0.007330325801927991,0.007330087971795792,0.007329850493979578,0.007329613364833633,0.007329376580793053,0.007329140138370969,0.007328904034155898,0.007328668264809489,0.007328432827064201,0.007328197717721107,0.007327962933647834,0.007327728471776317,0.007327494329101313,0.007327260502677841,0.00732702698962018,0.007326793787099418,0.007326560892342176,0.007326328302628415,0.007326096015291742,0.007325864027715009,0.00732563233733152,0.0073254009416219585,0.007325169838113646,0.0073249390243796415,0.0073247084980364975,0.007324478256743782,0.007324248298204004,0.0073240186201591955,0.007323789220390468,0.007323560096718481,0.00732333124700078,0.00732310266913225,0.007322874361042538,0.007322646320696343,0.007322418546091819,0.007322191035261015,0.007321963786267221,0.007321736797205387,0.007321510066201024,0.007321283591409537,0.007321057371015398,0.007320831403231116,0.007320605686298058,0.00732038021848383,0.0073201549980824385,0.0073199300234138235,0.007319705292823273,0.007319480804680838,0.007319256557380528,0.007319032549339898,0.00731880877899929,0.007318585244822082,0.007318361945293504,0.007318138878920069,0.007317916044229461,0.0073176934397699515,0.007317471064110015,0.007317248915837819,0.00731702699356083,0.007316805295905408,0.0073165838215164475,0.007316362569057099,0.007316141537207888,0.007315920724666881,0.007315700130149294,0.007315479752386931,0.007315259590127907,0.007315039642136443,0.00731481990719243,0.007314600384090498,0.007314381071642069,0.007314161968671555,0.007313943074019077,0.00731372438653797,0.007313505905096379,0.007313287628575635,0.007313069555870607,0.007312851685889418,0.007312634017553182,0.007312416549795604,0.007312199281562734,0.007311982211813152,0.007311765339517591,0.007311548663657548,0.007311332183227172,0.007311115897231662,0.007310899804687276,0.007310683904621447,0.007310468196071894,0.007310252678087898,0.0073100373497282205,0.00730982221006235,0.007309607258168712,0.007309392493137773,0.007309177914068748,0.007308963520069396,0.00730874931025742,0.007308535283760934,0.007308321439716153,0.0073081077772672,0.007307894295568843,0.007307680993783597,0.0073074678710823085,0.007307254926644791,0.007307042159659104,0.007306829569321146,0.007306617154834171,0.007306404915409956,0.007306192850267997,0.007305980958635446,0.00730576923974685,0.007305557692844066,0.007305346317176295,0.007305135111999931,0.007304924076578146,0.007304713210181044,0.007304502512086415,0.007304291981577707,0.007304081617945725,0.007303871420487379,0.007303661388506399,0.007303451521312178,0.007303241818221054,0.0073030322785552675,0.00730282290164328,0.007302613686819351,0.007302404633423778,0.007302195740802451,0.0073019870083073524,0.007301778435295844,0.007301570021130955,0.00730136176518151,0.007301153666821412,0.007300945725429684,0.007300737940391612,0.00730053031109637,0.007300322836940037,0.0073001155173210135,0.007299908351645076,0.007299701339322158,0.007299494479767297,0.0072992877724001315,0.0072990812166450455,0.007298874811931105,0.007298668557691976,0.007298462453365908,0.007298256498395741,0.0072980506922295475,0.007297845034317297,0.0072976395241160525,0.007297434161085375,0.00729722894469008,0.007297023874398814,0.007296818949684237,0.007296614170023076,0.007296409534895722,0.007296205043788062,0.007296000696188374,0.007295796491589055,0.007295592429486563,0.0072953885093811465,0.007295184730776733,0.007294981093181192,0.007294777596105298,0.007294574239064003,0.007294371021576101,0.0072941679431633155,0.007293965003351199,0.0072937622016686085,0.007293559537647728,0.007293357010824412,0.007293154620737309,0.007292952366928833,0.007292750248943987,0.007292548266332311,0.007292346418645093,0.0072921447054376315,0.007291943126267621,0.007291741680696226,0.0072915403682883104,0.0072913391886107164,0.007291138141234243,0.007290937225730494,0.007290736441676515,0.007290535788650889,0.007290335266235198,0.007290134874014205,0.007289934611575141,0.007289734478508072,0.007289534474405822,0.0072893345988640414,0.007289134851479721,0.0072889352318554965,0.007288735739592981,0.007288536374298657,0.007288337135581806,0.007288138023052872,0.007287939036325385,0.007287740175015553,0.007287541438741382,0.007287342827123308,0.007287144339786061,0.007286945976354598,0.0072867477364567815,0.007286549619722824,0.007286351625785859,0.007286153754280533,0.007285956004843874,0.007285758377115443,0.007285560870736895,0.007285363485351969,0.0072851662206067066,0.007284969076148766,0.007284772051629157,0.007284575146700449,0.007284378361016609,0.007284181694234376,0.007283985146012156,0.0072837887160107535,0.007283592403892709,0.007283396209322758,0.007283200131967456,0.00728300417149535,0.007282808327577031,0.007282612599884717,0.00728241698809289,0.007282221491877589,0.007282026110917103,0.007281830844891215,0.007281635693481688,0.0072814406563720966,0.007281245733247794,0.007281050923796051,0.0072808562277055285,0.007280661644667008,0.007280467174372405,0.007280272816516899,0.00728007857079562,0.00727988443690648,0.007279690414547986,0.007279496503421462,0.007279302703229517,0.00727910901367614,0.007278915434466668,0.007278721965308733,0.0072785286059112,0.007278335355984618,0.0072781422152411014,0.007277949183395737,0.007277756260160794,0.007277563445254057,0.007277370738393913,0.0072771781393000294,0.0072769856476936545,0.007276793263297294,0.007276600985835079,0.0072764088150325205,0.0072762167506165605,0.007276024792315717,0.007275832939859584,0.007275641192979503,0.007275449551407298,0.007275258014878281,0.007275066583126506,0.007274875255889847,0.007274684032905783,0.007274492913913875,0.007274301898654349,0.007274110986869009,0.007273920178301846,0.007273729472697133,0.0072735388698007145,0.007273348369360871,0.007273157971123613,0.007272967674839974,0.0072727774802616545,0.007272587387138546,0.007272397395225075,0.007272207504275885,0.00727201771404672,0.0072718280242944884,0.007271638434777142,0.007271448945254253,0.0072712595554858435,0.007271070265234072,0.007270881074261516,0.0072706919823319555,0.007270502989210246,0.007270314094662898,0.007270125298457033,0.0072699366003609826,0.007269748000144172,0.00726955949757722,0.007269371092431822,0.007269182784480527,0.007268994573496797,0.007268806459255896,0.0072686184415336795,0.007268430520106968,0.0072682426947535935,0.007268054965252836,0.00726786733138428,0.007267679792929177,0.007267492349669521,0.007267305001388075,0.00726711774786905,0.0072669305888974885,0.007266743524259194,0.007266556553741154,0.0072663696771310396,0.007266182894219289,0.0072659962047930005,0.0072658096086438625,0.007265623105563686,0.0072654366953457524,0.007265250377782323,0.0072650641526682755,0.007264878019799143,0.007264691978970196,0.007264506029980226,0.007264320172626415,0.007264134406707666,0.007263948732023705,0.007263763148375162,0.007263577655563742,0.007263392253391573,0.007263206941661889,0.007263021720178807,0.007262836588747332,0.007262651547173196,0.007262466595262805,0.007262281732823632,0.007262096959664029,0.007261912275592933,0.00726172768042026,0.00726154317395654,0.00726135875601369,0.007261174426402986,0.007260990184938268,0.0072608060314329394,0.0072606219657017695,0.0072604379875599815,0.007260254096823796,0.007260070293310059,0.007259886576836555,0.007259702947221617,0.007259519404284092,0.007259335947843945,0.0072591525777225135,0.007258969293740705,0.007258786095720644,0.007258602983485084,0.0072584199568575475,0.007258237015662288,0.007258054159724013,0.007257871388868696,0.007257688702922623,0.007257506101712862,0.007257323585067173,0.007257141152813959,0.007256958804782535,0.0072567765408023815,0.007256594360703966,0.007256412264318951,0.007256230251478869,0.007256048322016064,0.007255866475763774,0.007255684712555805,0.007255503032226964,0.007255321434610607,0.007255139919545213,0.007254958486864858,0.007254777136408237,0.0072545958680121795,0.0072544146815150526,0.007254233576756346,0.007254052553574849,0.007253871611810462,0.007253690751304526,0.007253509971898131,0.007253329273433537,0.007253148655752934,0.007252968118699802,0.007252787662117851,0.007252607285850957,0.007252426989743906,0.007252246773643205,0.007252066637394937,0.00725188658084498,0.007251706603840975,0.007251526706230665,0.007251346887862692,0.007251167148585636,0.007250987488249611,0.007250807906704068,0.007250628403799738,0.00725044897938782,0.007250269633320405,0.007250090365449045,0.007249911175627158,0.0072497320637080415,0.007249553029545305,0.007249374072993322,0.0072491951939071516,0.007249016392142545,0.007248837667554803,0.007248659020001631,0.007248480449339437,0.007248301955425763,0.007248123538118634,0.007247945197276609,0.007247766932758809,0.007247588744424918,0.007247410632134927,0.007247232595749448,0.007247054635129511,0.00724687675013687,0.007246698940633441,0.007246521206481378,0.007246343547544134,0.007246165963685328,0.007245988454769128,0.007245811020659787,0.007245633661222164,0.007245456376321777,0.007245279165824429,0.007245102029596486,0.007244924967504531,0.007244747979416046,0.007244571065199089,0.007244394224721417,0.007244217457852227,0.007244040764459312,0.007243864144414093,0.00724368759758476,0.0072435111238439345,0.0072433347230607785,0.007243158395108117,0.007242982139855165,0.007242805957175977,0.00724262984694242,0.007242453809028312,0.0072422778433069235,0.007242101949651531,0.00724192612793736,0.007241750378038849,0.007241574699831045,0.007241399093189548,0.007241223557990588,0.007241048094110605,0.007240872701427076,0.007240697379815713,0.007240522129154799,0.00724034694932246,0.007240171840197262,0.007239996801658129,0.0072398218335841535,0.007239646935856653,0.007239472108352591,0.007239297350953601,0.007239122663541225,0.007238948045996295,0.007238773498200656,0.007238599020036198,0.007238424611386665,0.007238250272131674,0.007238076002155414,0.007237901801342799,0.007237727669576764,0.007237553606741268,0.007237379612722207,0.007237205687403612,0.007237031830671161,0.0072368580424105825,0.007236684322508245,0.007236510670849974,0.007236337087322938,0.007236163571814326,0.007235990124211812,0.00723581674440349,0.0072356434322769095,0.007235470187721307,0.007235297010625091,0.007235123900877367,0.007234950858369055,0.007234777882989348,0.007234604974629085,0.007234432133178072,0.007234259358527513,0.007234086650569523,0.007233914009195117,0.007233741434296887,0.0072335689257659016,0.0072333964834963346,0.007233224107381089,0.007233051797313365,0.007232879553186435,0.007232707374893964,0.007232535262331482,0.007232363215393317,0.0072321912339747725,0.007232019317970283,0.007231847467275129,0.007231675681785423,0.007231503961398517,0.007231332306010803,0.007231160715518588,0.007230989189819286,0.0072308177288099625,0.00723064633239015,0.007230475000455879,0.007230303732906412,0.007230132529640594,0.007229961390557131,0.0072297903155554505,0.007229619304535478,0.007229448357396,0.007229277474039399,0.0072291066543651375,0.007228935898273669,0.007228765205666559,0.007228594576444601,0.007228424010510038,0.007228253507765124,0.007228083068111719,0.007227912691452513,0.007227742377690247,0.00722757212672878,0.007227401938470437,0.007227231812819017,0.007227061749679741,0.007226891748954639,0.007226721810550702,0.007226551934371253,0.007226382120321244,0.007226212368307177,0.007226042678233993,0.007225873050007743,0.00722570348353448,0.007225533978719807,0.007225364535471646,0.007225195153697474,0.007225025833303813,0.007224856574198161,0.007224687376288311,0.00722451823948228,0.007224349163688597,0.007224180148815486,0.007224011194771843,0.007223842301466706,0.0072236734688099005,0.00722350469671069,0.007223335985078713,0.007223167333823328,0.007222998742856742,0.007222830212089451,0.007222661741430678,0.007222493330792686,0.007222324980086227,0.007222156689223226,0.007221988458115623,0.007221820286675628,0.007221652174814492,0.007221484122446047,0.007221316129485124,0.007221148195840065,0.007220980321426676,0.007220812506158189,0.007220644749948745,0.007220477052711832,0.007220309414361504,0.007220141834813333,0.00721997431398118,0.00721980685178063,0.007219639448126392,0.007219472102934121,0.007219304816119391,0.007219137587598163,0.007218970417286532,0.007218803305100722,0.007218636250957336,0.007218469254773169,0.007218302316465298,0.0072181354359510215,0.0072179686131476125,0.007217801847972781,0.007217635140344517,0.007217468490181015,0.007217301897400214,0.0072171353619210205,0.0072169688836636325,0.007216802462544317,0.007216636098483484,0.00721646979140017,0.007216303541213532,0.007216137347845573,0.0072159712112150115,0.007215805131242501,0.007215639107848057,0.007215473140952667,0.007215307230477158,0.00721514137634261,0.007214975578470875,0.007214809836782611,0.0072146441511989285,0.007214478521643565,0.00721431294803738,0.007214147430302993,0.007213981968363686,0.007213816562141937,0.007213651211560145,0.0072134859165418,0.007213320677010166,0.007213155492888782,0.0072129903641014095,0.007212825290571929,0.007212660272224579,0.007212495308983603,0.007212330400773363,0.0072121655475190175,0.007212000749145444,0.007211836005577444,0.007211671316739128,0.00721150668255838,0.007211342102959837,0.00721117757786936,0.007211013107211978,0.0072108486909154956,0.007210684328905884,0.007210520021109402,0.007210355767453275,0.007210191567864099,0.007210027422268892,0.007209863330595737,0.007209699292771855,0.007209535308725214,0.00720937137838292,0.0072092079967816585,0.00720904417346924,0.007208880403646765,0.0072087166872426564,0.0072085530241857146,0.007208389414404816,0.007208225857829731,0.0072080623543888675,0.007207898904011673,0.00720773550662807,0.007207572162169014,0.007207408870563717,0.0072072456317422845,0.0072070824456352,0.007206919312172927,0.0072067562312862,0.00720659320290583,0.0072064302269629,0.0072062673033907775,0.007206104432116233,0.007205941613073763,0.007205778846194684,0.007205616131410896,0.007205453468654423,0.007205290857857497,0.007205128298952503,0.007204965791871892,0.007204803336548501,0.0072046409329151375,0.007204478580904959,0.0072043162804510405,0.007204154031487109,0.007203991833945407,0.007203829687761218,0.007203667592867804,0.007203505549199047,0.007203343556689161,0.00720318161527248,0.0072030197248834716,0.0072028578854555865,0.007202696096925911,0.007202534359228808,0.007202372672298343,0.007202211036070445,0.00720204945048005,0.007201887915463083,0.007201726430955254,0.007201564996892257,0.007201403613210171,0.007201242279844116,0.007201080996732575,0.0072009197638108575,0.007200758581015969,0.007200597448283991,0.007200436365552336,0.007200275332757861,0.00720011434983812,0.007199953416729931,0.007199792533370993,0.007199631699698188,0.0071994709156519765,0.007199310181167286,0.007199149496183531,0.00719898886063857,0.007198828274471235,0.007198667737619131,0.00719850725002202,0.007198346811618054,0.007198186422346514,0.007198026082146649,0.007197865790956967,0.007197705548718119,0.0071975453553679535,0.007197385210846596,0.0071972251150951355,0.007197065068051348,0.007196905069656414,0.0071967451198498384,0.007196585218573049,0.007196425365765929,0.007196265561368311,0.007196105805322634,0.007195946097568167,0.0071957864380469624,0.007195626826699449,0.007195467263467319,0.007195307748293467,0.007195148281116196,0.007194988861878954,0.007194829490523931,0.007194670166992555,0.007194510891226155,0.007194351663167807,0.007194192482759616,0.007194033349944917,0.007193874264664339,0.007193715226862829,0.0071935562364819705,0.0071933972934648295,0.00719323839775446,0.007193079549294086,0.007192920748026999,0.007192761993896757,0.00719260328684693,0.007192444626821145,0.0071922860137635216,0.007192127447617683,0.0071919689283277905,0.0071918104558382585,0.007191652030093024,0.007191493651036898,0.0071913353186138325,0.007191177032769668,0.007191018793448445,0.00719086060059525,0.007190702454155313,0.007190544354073538,0.007190386300295249,0.00719022829276618,0.007190070331431477,0.007189912416236934,0.007189754547128503,0.007189596724051888,0.007189438946953997,0.0071892812157792665,0.007189123530474835,0.007188965890986824,0.00718880829726208,0.00718865074924703,0.007188493246888419,0.00718833579013306,0.007188178378928852,0.007188021013220776,0.007187863692957233,0.0071877064180855404,0.007187549188552783,0.007187392004306618,0.007187234865294766,0.007187077771464615,0.007186920722764288,0.007186763719141157,0.007186606760544334,0.007186449846922231,0.007186292978221595,0.007186136154391535,0.007185979375380292,0.007185822641137376,0.007185665951610765,0.007185509306749551,0.007185352706502426,0.007185196150818055,0.007185039639646629,0.007184883172937146,0.007184726750638677,0.007184570372700447,0.007184414039072525,0.007184257749706327,0.007184101504547669,0.007184101504547673,0.007184101504547671,0.007184101504547669,0.007184101504547671,0.007184101504547672,0.007184101504547668,0.007184101504547672,0.007184101504547671,0.007184101504547672,0.007184101504547675,0.007184101504547673,0.007184101504547677,0.0071841015045476745,0.007184101504547672,0.007184101504547672,0.007184101504547672,0.007184101504547671,0.007184101504547672,0.007184101504547672,0.007184101504547672,0.007184101504547668,0.007184101504547671,0.007184101504547672,0.007184101504547671,0.007184101504547672,0.007184101504547673,0.007184101504547668,0.007184101504547671,0.0071841015045476676,0.00718410150454767,0.0071841015045476676,0.00718410150454767,0.007184101504547672,0.007184101504547668,0.007184101504547669,0.00718410150454767,0.007184101504547668,0.007184101504547669,0.007184101504547667,0.007184101504547667,0.007184101504547668,0.007184101504547671,0.007184101504547671,0.0071841015045476745,0.007184101504547671,0.007184101504547672,0.007184101504547671,0.0071841015045476745,0.007184101504547671,0.007184101504547674,0.007184101504547677,0.007184101504547675,0.007184101504547676,0.007184101504547675,0.007184101504547678,0.007184101504547675,0.007184101504547676,0.007184101504547677,0.0071841015045476745,0.007184101504547675,0.007184101504547675,0.007184101504547675,0.007184101504547675,0.007184101504547675,0.007184101504547671,0.007184101504547673,0.007184101504547675,0.007184101504547675,0.007184101504547675,0.007184101504547675,0.00718410150454767,0.007184101504547672,0.007184101504547672,0.007184101504547671,0.007184101504547677,0.007184101504547674,0.007184101504547675,0.007184101504547679,0.007184101504547678,0.007184101504547678,0.007184101504547678,0.007184101504547676,0.007184101504547677,0.007184101504547675,0.007184101504547678,0.007184101504547675,0.0071841015045476814,0.007184101504547676,0.007184101504547678,0.007184101504547679,0.007184101504547679,0.007184101504547679,0.007184101504547682,0.007184101504547683,0.007184101504547685,0.007184101504547685,0.007184101504547687,0.007184101504547687,0.0071841015045476875,0.007184101504547686,0.007184101504547689,0.007184101504547689,0.007184101504547687,0.007184101504547685,0.007184101504547683,0.007184101504547685,0.007184101504547687,0.007184101504547682,0.007184101504547686,0.007184101504547686,0.007184101504547687,0.0071841015045476875,0.007184101504547687,0.007184101504547688,0.007184101504547688,0.007184101504547688,0.007184101504547686,0.007184101504547688,0.007184101504547686,0.007184101504547688,0.007184101504547686,0.007184101504547685,0.007184101504547688,0.007184101504547686,0.0071841015045476875,0.007184101504547687,0.007184101504547689,0.007184101504547687,0.007184101504547688,0.007184101504547688,0.00718410150454769,0.007184101504547689,0.007184101504547685,0.007184101504547682,0.007184101504547686,0.007184101504547687,0.007184101504547685,0.007184101504547687,0.007184101504547686,0.007184101504547689,0.007184101504547686,0.007184101504547689,0.007184101504547688,0.007184101504547688,0.007184101504547686,0.007184101504547688,0.007184101504547685,0.007184101504547688,0.007184101504547689,0.007184101504547687,0.0071841015045476875,0.007184101504547688,0.007184101504547684,0.007184101504547687,0.007184101504547686,0.007184101504547686,0.0071841015045476875,0.007184101504547693,0.007184101504547692,0.007184101504547696,0.0071841015045476945,0.007184101504547696,0.007184101504547695,0.007184101504547696,0.007184101504547697,0.007184101504547694,0.007184101504547695,0.007184101504547696,0.007184101504547695,0.007184101504547692,0.007184101504547695,0.007184101504547693,0.007184101504547696,0.007184101504547696,0.0071841015045476945,0.007184101504547698,0.0071841015045476945,0.007184101504547698,0.007184101504547696,0.007184101504547696,0.0071841015045476945,0.007184101504547694,0.007184101504547696,0.0071841015045476945,0.0071841015045476945,0.007184101504547695,0.007184101504547695,0.007184101504547696,0.0071841015045477,0.0071841015045476945,0.007184101504547696,0.007184101504547695,0.007184101504547698,0.007184101504547696,0.007184101504547699,0.007184101504547696,0.007184101504547695,0.007184101504547697,0.007184101504547694,0.007184101504547695,0.007184101504547695,0.007184101504547695,0.007184101504547692,0.007184101504547693,0.007184101504547692,0.007184101504547693,0.00718410150454769,0.007184101504547692,0.007184101504547693,0.007184101504547692,0.007184101504547689,0.007184101504547692,0.007184101504547693,0.00718410150454769,0.00718410150454769,0.00718410150454769,0.00718410150454769,0.007184101504547691,0.007184101504547691,0.007184101504547692,0.007184101504547693,0.007184101504547693,0.007184101504547692,0.00718410150454769,0.007184101504547693,0.007184101504547691,0.0071841015045476875,0.007184101504547688,0.007184101504547688,0.007184101504547687,0.007184101504547685,0.007184101504547684,0.007184101504547687,0.007184101504547686,0.007184101504547687,0.007184101504547686,0.0071841015045476875,0.0071841015045476875,0.007184101504547686,0.007184101504547683,0.007184101504547683,0.007184101504547683,0.007184101504547685,0.007184101504547684,0.007184101504547685,0.007184101504547683,0.007184101504547685,0.007184101504547683,0.007184101504547684,0.007184101504547686,0.007184101504547689,0.007184101504547692,0.007184101504547689,0.007184101504547694,0.007184101504547689,0.00718410150454769,0.007184101504547694,0.007184101504547692,0.007184101504547691,0.007184101504547694,0.007184101504547692,0.007184101504547692,0.007184101504547692,0.007184101504547691,0.007184101504547688,0.007184101504547689,0.007184101504547688,0.007184101504547688,0.007184101504547686,0.007184101504547688,0.007184101504547687,0.007184101504547687,0.007184101504547688,0.0071841015045476875,0.007184101504547686,0.007184101504547687,0.007184101504547683,0.007184101504547687,0.007184101504547687,0.007184101504547687,0.007184101504547685,0.007184101504547682,0.007184101504547682,0.007184101504547685,0.007184101504547687,0.007184101504547687,0.007184101504547689,0.007184101504547685,0.007184101504547689,0.00718410150454769,0.007184101504547689,0.00718410150454769,0.007184101504547689,0.0071841015045476875,0.007184101504547685,0.007184101504547684,0.007184101504547685,0.007184101504547688,0.007184101504547688,0.0071841015045476875,0.007184101504547688,0.0071841015045476875,0.007184101504547688,0.0071841015045476875,0.007184101504547685,0.007184101504547686,0.007184101504547683,0.007184101504547686,0.007184101504547686,0.007184101504547687,0.007184101504547682,0.0071841015045476814,0.007184101504547685,0.007184101504547685,0.0071841015045476814,0.007184101504547681,0.007184101504547682,0.007184101504547685,0.007184101504547685,0.007184101504547683,0.007184101504547685,0.007184101504547684,0.007184101504547685,0.0071841015045476814,0.007184101504547683,0.00718410150454767,0.007184101504547675,0.007184101504547675,0.007184101504547674,0.007184101504547674,0.0071841015045476745,0.007184101504547675,0.007184101504547678,0.007184101504547676,0.007184101504547677,0.007184101504547677,0.007184101504547676,0.007184101504547677,0.007184101504547677,0.007184101504547675,0.007184101504547675,0.007184101504547678,0.007184101504547675,0.007184101504547677,0.007184101504547676,0.007184101504547677,0.007184101504547677,0.007184101504547675,0.007184101504547679,0.007184101504547677,0.007184101504547677,0.007184101504547676,0.007184101504547679,0.007184101504547676,0.007184101504547675,0.007184101504547677,0.007184101504547676,0.007184101504547676,0.007184101504547678,0.00718410150454767,0.007184101504547678,0.007184101504547676,0.007184101504547678,0.007184101504547676,0.007184101504547677,0.007184101504547678,0.007184101504547681,0.007184101504547678,0.007184101504547676,0.007184101504547675,0.007184101504547676,0.0071841015045476745,0.007184101504547677,0.007184101504547675,0.007184101504547676,0.007184101504547675,0.007184101504547675,0.0071841015045476745,0.0071841015045476745,0.007184101504547675,0.0071841015045476745,0.0071841015045476745,0.007184101504547674,0.007184101504547673,0.007184101504547675,0.007184101504547675,0.007184101504547677,0.007184101504547677,0.007184101504547681,0.007184101504547677,0.007184101504547674,0.007184101504547674,0.007184101504547674,0.007184101504547675,0.007184101504547677,0.00718410150454768,0.007184101504547678,0.00718410150454768,0.007184101504547679,0.00718410150454768,0.00718410150454768,0.0071841015045476814,0.0071841015045476814,0.007184101504547685,0.007184101504547682,0.007184101504547682,0.00718410150454768,0.007184101504547678,0.007184101504547675,0.007184101504547681,0.0071841015045476814,0.007184101504547679,0.007184101504547677,0.007184101504547679,0.007184101504547679,0.007184101504547677,0.007184101504547678,0.007184101504547678,0.007184101504547679,0.007184101504547678,0.007184101504547681,0.007184101504547677,0.00718410150454768,0.00718410150454768,0.007184101504547683,0.007184101504547683,0.007184101504547682,0.007184101504547684,0.007184101504547682,0.0071841015045476814,0.0071841015045476814,0.007184101504547682,0.0071841015045476814,0.007184101504547684,0.0071841015045476814,0.00718410150454768,0.0071841015045476814,0.007184101504547681,0.00718410150454768,0.0071841015045476814,0.007184101504547684,0.007184101504547684,0.007184101504547683,0.0071841015045476814,0.007184101504547677,0.007184101504547683,0.007184101504547679,0.007184101504547676,0.00718410150454768,0.007184101504547679,0.007184101504547678,0.0071841015045476814,0.007184101504547681,0.0071841015045476814,0.007184101504547682,0.007184101504547685,0.007184101504547685,0.007184101504547687,0.007184101504547687,0.007184101504547687,0.007184101504547686,0.007184101504547687,0.007184101504547688,0.007184101504547688,0.007184101504547688,0.007184101504547692,0.007184101504547686,0.0071841015045476875,0.007184101504547691,0.007184101504547688,0.00718410150454769,0.007184101504547688,0.007184101504547687,0.007184101504547688,0.007184101504547691,0.007184101504547691,0.007184101504547688,0.007184101504547688,0.007184101504547688,0.007184101504547688,0.007184101504547688,0.0071841015045476875,0.007184101504547691,0.007184101504547688,0.007184101504547689,0.007184101504547688,0.007184101504547688,0.007184101504547691,0.007184101504547692,0.007184101504547691,0.007184101504547688,0.007184101504547692,0.0071841015045476875,0.007184101504547686,0.007184101504547686,0.007184101504547689,0.007184101504547688,0.007184101504547688,0.007184101504547688,0.00718410150454769,0.007184101504547691,0.00718410150454769,0.0071841015045476875,0.007184101504547693,0.007184101504547692,0.007184101504547694,0.007184101504547692,0.007184101504547695,0.007184101504547694,0.007184101504547695,0.007184101504547691,0.007184101504547689,0.007184101504547693,0.007184101504547692,0.007184101504547693,0.007184101504547692,0.007184101504547692,0.007184101504547691,0.007184101504547691,0.007184101504547691,0.007184101504547692,0.007184101504547687,0.007184101504547687,0.007184101504547686,0.007184101504547686,0.007184101504547686,0.007184101504547684,0.007184101504547686,0.007184101504547686,0.007184101504547683,0.007184101504547684,0.007184101504547681,0.007184101504547682,0.007184101504547686,0.007184101504547689,0.007184101504547688,0.007184101504547688,0.007184101504547691,0.00718410150454769,0.007184101504547689,0.007184101504547689,0.007184101504547693,0.007184101504547688,0.00718410150454769,0.007184101504547693,0.007184101504547689,0.007184101504547692,0.00718410150454769,0.0071841015045476875,0.0071841015045476875,0.0071841015045476875,0.00718410150454769,0.00718410150454769,0.007184101504547693,0.007184101504547689,0.007184101504547693,0.00718410150454769,0.007184101504547693,0.00718410150454769,0.007184101504547693,0.007184101504547692,0.007184101504547693,0.00718410150454769,0.007184101504547693,0.00718410150454769,0.007184101504547688,0.007184101504547693,0.007184101504547691,0.007184101504547692,0.00718410150454769,0.007184101504547694,0.007184101504547695,0.007184101504547694,0.0071841015045476945,0.007184101504547692,0.007184101504547696,0.007184101504547693,0.007184101504547694,0.007184101504547695,0.007184101504547696,0.007184101504547696,0.007184101504547694,0.007184101504547694,0.007184101504547695,0.007184101504547692,0.007184101504547693,0.007184101504547692,0.007184101504547694,0.007184101504547694,0.007184101504547692,0.007184101504547692,0.007184101504547692,0.007184101504547694,0.0071841015045476945,0.007184101504547693,0.00718410150454769,0.007184101504547693,0.007184101504547687,0.007184101504547691,0.007184101504547688,0.0071841015045476875,0.007184101504547687,0.007184101504547689,0.007184101504547688,0.007184101504547685,0.007184101504547685,0.007184101504547686,0.007184101504547685,0.00718410150454769,0.007184101504547689,0.007184101504547687,0.007184101504547687,0.007184101504547686,0.007184101504547686,0.007184101504547687,0.007184101504547683,0.007184101504547686,0.007184101504547686,0.007184101504547683,0.0071841015045476875,0.007184101504547686,0.007184101504547686,0.007184101504547687,0.007184101504547683,0.007184101504547686,0.007184101504547683,0.007184101504547685,0.007184101504547688,0.007184101504547691,0.007184101504547689,0.007184101504547687,0.007184101504547689,0.007184101504547691,0.007184101504547693,0.0071841015045476875,0.00718410150454769,0.0071841015045476875,0.007184101504547692,0.0071841015045476875,0.007184101504547686,0.007184101504547688,0.007184101504547685,0.007184101504547686,0.0071841015045476875,0.007184101504547689,0.007184101504547686,0.007184101504547686,0.007184101504547688,0.00718410150454769,0.0071841015045476875,0.007184101504547722,0.007184101504547713,0.007184101504547717,0.007184101504547718,0.00718410150454772,0.00718410150454772,0.0071841015045477075,0.007184101504547705,0.007184101504547708,0.007184101504547691,0.007184101504547678,0.007184101504547676,0.007184101504547678,0.007184101504547678,0.007184101504547648,0.007184101504547614,0.007184101504547613,0.007184101504547613,0.007184101504547615,0.007184101504547614,0.007184101504547614,0.007184101504547612,0.007184101504547615,0.007184101504547614,0.0071841015045476155,0.007184101504547615,0.007184101504547614,0.0071841015045476155,0.0071841015045476155,0.007184101504547615,0.0071841015045476155,0.007184101504547614,0.007184101504547615,0.007184101504547612,0.007184101504547615,0.007184101504547613,0.007184101504547614,0.007184101504547613,0.007184101504547612,0.007184101504547613,0.007184101504547612,0.007184101504547612,0.00718410150454761,0.007184101504547613,0.007184101504547614,0.007184101504547613,0.007184101504547615,0.007184101504547615,0.007184101504547615,0.0071841015045476155,0.007184101504547616,0.007184101504547615,0.007184101504547614,0.007184101504547615,0.007184101504547616,0.0071841015045476155,0.007184101504547616,0.007184101504547614,0.007184101504547615,0.007184101504547614,0.007184101504547616,0.007184101504547615,0.007184101504547617,0.007184101504547615,0.007184101504547618,0.007184101504547619,0.007184101504547617,0.007184101504547615,0.007184101504547619,0.007184101504547619,0.007184101504547616,0.007184101504547617,0.0071841015045476155,0.007184101504547615,0.0071841015045476155,0.007184101504547616,0.007184101504547614,0.007184101504547616,0.007184101504547614,0.007184101504547615,0.007184101504547617,0.007184101504547616,0.007184101504547618,0.0071841015045476155,0.0071841015045476155,0.007184101504547614,0.007184101504547612,0.0071841015045476155,0.007184101504547615,0.007184101504547615,0.007184101504547615,0.007184101504547613,0.007184101504547613,0.007184101504547615,0.007184101504547612,0.0071841015045476155,0.007184101504547614,0.007184101504547614,0.007184101504547613,0.007184101504547613,0.007184101504547615,0.0071841015045476155,0.007184101504547617,0.007184101504547615,0.007184101504547614,0.007184101504547615,0.007184101504547614,0.0071841015045476155,0.007184101504547615,0.007184101504547612,0.007184101504547608,0.007184101504547608,0.007184101504547605,0.0071841015045476094,0.007184101504547608,0.007184101504547607,0.007184101504547612,0.007184101504547615,0.0071841015045476155,0.0071841015045476155,0.007184101504547618,0.007184101504547621,0.00718410150454762,0.007184101504547621,0.0071841015045476155,0.007184101504547611,0.007184101504547616,0.007184101504547613,0.007184101504547613,0.007184101504547614,0.0071841015045476155,0.007184101504547613,0.007184101504547615,0.007184101504547615,0.007184101504547613,0.0071841015045476155,0.007184101504547615,0.007184101504547613,0.007184101504547614,0.007184101504547615,0.007184101504547613,0.007184101504547614,0.007184101504547615,0.007184101504547612,0.0071841015045476155,0.007184101504547615,0.007184101504547616,0.007184101504547617,0.007184101504547616,0.007184101504547616,0.0071841015045476155,0.007184101504547615,0.007184101504547617,0.007184101504547615,0.007184101504547613,0.007184101504547619,0.007184101504547617,0.007184101504547613,0.007184101504547615,0.007184101504547615,0.007184101504547615,0.007184101504547616,0.007184101504547615,0.007184101504547616,0.007184101504547618,0.007184101504547618,0.007184101504547616,0.007184101504547617,0.007184101504547619,0.007184101504547619,0.007184101504547616,0.0071841015045476155,0.007184101504547615,0.0071841015045476155,0.0071841015045476155,0.007184101504547614,0.007184101504547616,0.007184101504547613,0.007184101504547614,0.007184101504547614,0.007184101504547615,0.007184101504547615,0.007184101504547615,0.007184101504547615,0.0071841015045476155,0.007184101504547616,0.007184101504547616,0.007184101504547617,0.007184101504547615,0.0071841015045476155,0.007184101504547619,0.0071841015045476155,0.0071841015045476155,0.0071841015045476155,0.007184101504547619,0.007184101504547619,0.007184101504547619,0.007184101504547617,0.007184101504547617,0.00718410150454762,0.007184101504547618,0.007184101504547617,0.007184101504547614,0.007184101504547615,0.007184101504547615,0.0071841015045476155,0.007184101504547613,0.007184101504547614,0.007184101504547618,0.007184101504547612,0.007184101504547615,0.0071841015045476155,0.007184101504547618,0.007184101504547619,0.007184101504547619,0.0071841015045476155,0.007184101504547617,0.007184101504547616,0.007184101504547617,0.007184101504547619,0.0071841015045476155,0.007184101504547618,0.0071841015045476155,0.007184101504547613,0.007184101504547614,0.007184101504547613,0.0071841015045476155,0.007184101504547614,0.00718410150454761,0.007184101504547612,0.007184101504547611,0.007184101504547608,0.007184101504547608,0.007184101504547605,0.007184101504547603,0.0071841015045476025,0.007184101504547603,0.007184101504547603,0.007184101504547595,0.007184101504547594,0.007184101504547591,0.007184101504547591,0.0071841015045475895,0.007184101504547592,0.007184101504547595,0.007184101504547595,0.007184101504547596,0.007184101504547595,0.007184101504547594,0.007184101504547594,0.007184101504547595,0.007184101504547594,0.007184101504547594,0.007184101504547594,0.007184101504547592,0.007184101504547593,0.0071841015045475895,0.007184101504547591,0.007184101504547591,0.00718410150454759,0.007184101504547595,0.00718410150454759,0.007184101504547592,0.007184101504547595,0.007184101504547595,0.007184101504547594,0.007184101504547593,0.007184101504547593,0.007184101504547591,0.007184101504547594,0.007184101504547596,0.007184101504547594,0.007184101504547594,0.007184101504547594,0.007184101504547595,0.007184101504547593,0.007184101504547593,0.007184101504547591,0.00718410150454759,0.007184101504547592,0.007184101504547591,0.007184101504547592,0.007184101504547589,0.007184101504547594,0.007184101504547594,0.007184101504547591,0.007184101504547591,0.007184101504547592,0.007184101504547591,0.007184101504547591,0.007184101504547592,0.007184101504547591,0.007184101504547592,0.007184101504547595,0.007184101504547597,0.0071841015045475964,0.007184101504547599,0.0071841015045475964,0.007184101504547599,0.007184101504547598,0.007184101504547598,0.007184101504547599,0.007184101504547599,0.0071841015045475964,0.007184101504547595,0.007184101504547597,0.007184101504547594,0.0071841015045475964,0.007184101504547594,0.007184101504547593,0.007184101504547589,0.0071841015045475895,0.0071841015045475895,0.007184101504547591,0.007184101504547589,0.0071841015045475895,0.007184101504547592,0.007184101504547591,0.007184101504547591,0.007184101504547595,0.007184101504547595,0.0071841015045476,0.007184101504547598,0.007184101504547598,0.0071841015045475964,0.007184101504547599,0.0071841015045475964,0.007184101504547593,0.0071841015045475895,0.007184101504547588,0.007184101504547588,0.007184101504547592,0.00718410150454759,0.0071841015045475895,0.007184101504547591,0.007184101504547589,0.007184101504547589,0.00718410150454759,0.007184101504547587,0.007184101504547586,0.0071841015045475826,0.0071841015045475826,0.007184101504547582,0.007184101504547582,0.0071841015045475826,0.007184101504547585,0.007184101504547584,0.007184101504547584,0.007184101504547583,0.007184101504547586,0.007184101504547586,0.0071841015045475826,0.007184101504547586,0.007184101504547586,0.007184101504547581,0.007184101504547583,0.007184101504547583,0.007184101504547584,0.007184101504547585,0.007184101504547584,0.007184101504547583,0.007184101504547584,0.007184101504547584,0.0071841015045475826,0.007184101504547582,0.007184101504547583,0.007184101504547585,0.00718410150454758,0.0071841015045475826,0.00718410150454758,0.007184101504547577,0.007184101504547577,0.007184101504547578,0.007184101504547575,0.007184101504547576,0.007184101504547581,0.007184101504547577,0.0071841015045475765,0.00718410150454758,0.007184101504547579,0.007184101504547578,0.007184101504547578,0.007184101504547578,0.007184101504547577,0.007184101504547576,0.0071841015045475765,0.0071841015045475765,0.007184101504547576,0.0071841015045475765,0.0071841015045475765,0.0071841015045475765,0.007184101504547577,0.007184101504547579,0.007184101504547578,0.007184101504547577,0.007184101504547577,0.007184101504547577,0.0071841015045475765,0.0071841015045475765,0.0071841015045475826,0.007184101504547581,0.007184101504547583,0.007184101504547582,0.00718410150454758,0.007184101504547582,0.007184101504547582,0.00718410150454758,0.007184101504547581,0.007184101504547579,0.007184101504547578,0.007184101504547578,0.007184101504547575,0.007184101504547578,0.00718410150454758,0.00718410150454758,0.007184101504547585,0.007184101504547586,0.007184101504547584,0.007184101504547584,0.007184101504547585,0.007184101504547584,0.0071841015045475826,0.007184101504547583,0.007184101504547584,0.0071841015045475826,0.007184101504547583,0.0071841015045475826,0.007184101504547583,0.007184101504547582,0.007184101504547581,0.007184101504547583,0.007184101504547582,0.0071841015045475826,0.007184101504547581,0.0071841015045475826,0.007184101504547587,0.007184101504547583,0.0071841015045475826,0.007184101504547583,0.007184101504547581,0.007184101504547584,0.007184101504547584,0.0071841015045475826,0.0071841015045475826,0.007184101504547583,0.007184101504547582,0.007184101504547583,0.0071841015045475826,0.007184101504547581,0.0071841015045475826,0.0071841015045475826,0.007184101504547581,0.0071841015045475826,0.007184101504547581,0.0071841015045475826,0.007184101504547581,0.007184101504547582,0.00718410150454758,0.007184101504547581,0.007184101504547581,0.007184101504547585,0.0071841015045475826,0.00718410150454758,0.007184101504547587,0.007184101504547584,0.007184101504547588,0.007184101504547587,0.007184101504547589,0.00718410150454759,0.007184101504547592,0.007184101504547592,0.007184101504547596,0.007184101504547594,0.007184101504547593,0.007184101504547591,0.007184101504547591,0.007184101504547595,0.007184101504547593,0.007184101504547597,0.007184101504547598,0.007184101504547597,0.007184101504547599,0.0071841015045475964,0.007184101504547598,0.007184101504547603,0.007184101504547598,0.007184101504547601,0.0071841015045476025,0.007184101504547601,0.007184101504547602,0.007184101504547602,0.007184101504547601,0.007184101504547602,0.0071841015045476025,0.007184101504547602,0.007184101504547601,0.007184101504547605,0.007184101504547601,0.007184101504547599,0.0071841015045476025,0.0071841015045476025,0.0071841015045476025,0.007184101504547595,0.007184101504547601,0.0071841015045476,0.007184101504547598,0.007184101504547602,0.007184101504547598,0.0071841015045476025,0.007184101504547599,0.007184101504547601,0.007184101504547601,0.007184101504547602,0.007184101504547598,0.007184101504547601,0.007184101504547602,0.007184101504547604,0.007184101504547604,0.0071841015045476025,0.007184101504547606,0.007184101504547603,0.007184101504547604,0.0071841015045476025,0.0071841015045476025,0.007184101504547603,0.007184101504547605,0.007184101504547604,0.007184101504547605,0.007184101504547607,0.007184101504547607,0.007184101504547606,0.007184101504547605,0.007184101504547605,0.007184101504547606,0.0071841015045476025,0.007184101504547605,0.007184101504547606,0.0071841015045476094,0.0071841015045476025,0.007184101504547604,0.007184101504547603,0.007184101504547601,0.007184101504547602,0.007184101504547601,0.007184101504547604,0.007184101504547602,0.007184101504547602,0.0071841015045476,0.0071841015045476,0.007184101504547599,0.0071841015045476,0.0071841015045476025,0.0071841015045476025,0.007184101504547598,0.0071841015045476,0.007184101504547604,0.0071841015045476025,0.007184101504547604,0.007184101504547602,0.007184101504547597,0.007184101504547599,0.007184101504547598,0.007184101504547598,0.007184101504547598,0.0071841015045476,0.007184101504547597,0.007184101504547597,0.007184101504547599,0.0071841015045475964,0.0071841015045475964,0.007184101504547599,0.007184101504547598,0.007184101504547598,0.007184101504547598,0.007184101504547594,0.0071841015045475964,0.007184101504547593,0.007184101504547593,0.007184101504547593,0.007184101504547592,0.007184101504547591,0.007184101504547594,0.007184101504547595,0.007184101504547595,0.007184101504547596,0.007184101504547595,0.007184101504547595,0.007184101504547595,0.007184101504547593,0.007184101504547593,0.007184101504547595,0.007184101504547597,0.007184101504547599,0.0071841015045475964,0.007184101504547598,0.007184101504547595,0.007184101504547596,0.007184101504547595,0.0071841015045475964,0.007184101504547591,0.007184101504547594,0.007184101504547591,0.007184101504547593,0.007184101504547591,0.007184101504547592,0.00718410150454759,0.007184101504547592,0.00718410150454759,0.007184101504547591,0.007184101504547591,0.007184101504547589,0.00718410150454759,0.00718410150454759,0.00718410150454759,0.007184101504547591,0.00718410150454759,0.00718410150454759,0.007184101504547591,0.007184101504547587,0.007184101504547587,0.007184101504547588,0.007184101504547588,0.007184101504547587,0.007184101504547591,0.0071841015045475895,0.0071841015045475895,0.007184101504547589,0.007184101504547588,0.007184101504547588,0.007184101504547588,0.007184101504547587,0.007184101504547587,0.0071841015045475895,0.007184101504547592,0.0071841015045475895,0.007184101504547589,0.007184101504547588,0.007184101504547589,0.007184101504547588,0.007184101504547588,0.007184101504547589,0.007184101504547592,0.00718410150454759,0.007184101504547591,0.007184101504547592,0.007184101504547591,0.0071841015045475895,0.007184101504547592,0.007184101504547592,0.007184101504547592,0.007184101504547591,0.007184101504547595,0.007184101504547595,0.007184101504547595,0.007184101504547596,0.007184101504547592,0.007184101504547594,0.007184101504547598,0.007184101504547596,0.007184101504547598,0.0071841015045475964,0.007184101504547598,0.007184101504547599,0.007184101504547599,0.007184101504547597,0.007184101504547599,0.007184101504547598,0.007184101504547601,0.007184101504547595,0.007184101504547599,0.007184101504547597,0.007184101504547596,0.007184101504547598,0.007184101504547598,0.007184101504547599,0.007184101504547595,0.0071841015045475964,0.007184101504547595,0.007184101504547593,0.007184101504547592,0.0071841015045475895,0.007184101504547591,0.00718410150454759,0.007184101504547592,0.007184101504547589,0.00718410150454759,0.007184101504547588,0.007184101504547591,0.007184101504547589,0.007184101504547588,0.007184101504547586,0.007184101504547585,0.007184101504547586,0.007184101504547587,0.007184101504547587,0.007184101504547587,0.007184101504547587,0.007184101504547586,0.007184101504547585,0.007184101504547584,0.007184101504547585,0.007184101504547584,0.007184101504547584,0.007184101504547585,0.007184101504547583,0.007184101504547585,0.007184101504547587,0.007184101504547587,0.007184101504547584,0.007184101504547589,0.007184101504547584,0.007184101504547586,0.007184101504547588,0.007184101504547586,0.007184101504547589,0.007184101504547587,0.007184101504547589,0.00718410150454759,0.007184101504547586,0.0071841015045475895,0.0071841015045475895,0.0071841015045475895,0.007184101504547591,0.007184101504547588,0.007184101504547589,0.007184101504547592,0.007184101504547592,0.00718410150454759,0.007184101504547589,0.007184101504547584,0.007184101504547587,0.007184101504547588,0.007184101504547586,0.007184101504547589,0.007184101504547586,0.007184101504547587,0.007184101504547587,0.007184101504547587,0.007184101504547584,0.007184101504547591,0.007184101504547599,0.007184101504547598,0.007184101504547598,0.007184101504547601,0.007184101504547598,0.0071841015045476,0.007184101504547598,0.007184101504547601,0.007184101504547599,0.007184101504547598,0.007184101504547598,0.007184101504547598,0.007184101504547598,0.007184101504547602,0.007184101504547598,0.007184101504547601,0.007184101504547601,0.007184101504547602,0.007184101504547601,0.007184101504547602,0.007184101504547603,0.007184101504547604,0.007184101504547604,0.007184101504547605,0.007184101504547608,0.007184101504547605,0.007184101504547604,0.007184101504547604,0.007184101504547606,0.007184101504547609,0.007184101504547608,0.007184101504547607,0.007184101504547606,0.007184101504547606,0.007184101504547607,0.007184101504547606,0.007184101504547606,0.007184101504547605,0.007184101504547609,0.007184101504547609,0.0071841015045476094,0.007184101504547606,0.007184101504547609,0.007184101504547606,0.007184101504547609,0.00718410150454761,0.0071841015045476094,0.007184101504547612,0.007184101504547614,0.007184101504547613,0.007184101504547614,0.007184101504547614,0.007184101504547611,0.007184101504547615,0.0071841015045476155,0.007184101504547615,0.007184101504547613,0.007184101504547615,0.007184101504547615,0.007184101504547613,0.007184101504547614,0.007184101504547615,0.007184101504547614,0.0071841015045476155,0.007184101504547612,0.007184101504547612,0.007184101504547615,0.007184101504547613,0.0071841015045476094,0.00718410150454761,0.007184101504547606,0.007184101504547606,0.007184101504547611,0.007184101504547613,0.007184101504547612,0.007184101504547614,0.007184101504547613,0.007184101504547613,0.0071841015045476155,0.007184101504547615,0.007184101504547617,0.007184101504547615,0.007184101504547616,0.007184101504547615,0.007184101504547617,0.007184101504547613,0.007184101504547615,0.007184101504547615,0.007184101504547612,0.007184101504547609,0.007184101504547609,0.0071841015045476094,0.007184101504547609,0.007184101504547607,0.007184101504547607,0.007184101504547605,0.007184101504547608,0.007184101504547603,0.0071841015045476025,0.0071841015045476025,0.007184101504547604,0.007184101504547605,0.007184101504547605,0.007184101504547604,0.007184101504547602,0.0071841015045476025,0.007184101504547605,0.007184101504547607,0.007184101504547604,0.007184101504547604,0.007184101504547604,0.007184101504547605,0.007184101504547606,0.007184101504547605,0.007184101504547607,0.007184101504547601,0.007184101504547602,0.007184101504547597,0.007184101504547602,0.0071841015045476,0.007184101504547601,0.007184101504547602,0.007184101504547602,0.007184101504547603,0.007184101504547603,0.007184101504547602,0.007184101504547605,0.007184101504547602,0.007184101504547604,0.007184101504547601,0.007184101504547604,0.007184101504547608,0.007184101504547607,0.007184101504547606,0.007184101504547607,0.0071841015045476094,0.007184101504547603,0.007184101504547606,0.007184101504547606,0.007184101504547605,0.007184101504547602,0.007184101504547607,0.007184101504547605,0.007184101504547607,0.007184101504547605,0.007184101504547608,0.007184101504547606,0.007184101504547611,0.007184101504547609,0.0071841015045476094,0.007184101504547609,0.007184101504547609,0.0071841015045476094,0.007184101504547609,0.007184101504547609,0.007184101504547609,0.007184101504547608,0.007184101504547609,0.007184101504547608,0.007184101504547606,0.007184101504547608,0.007184101504547608,0.007184101504547608,0.007184101504547605,0.0071841015045476094,0.007184101504547606,0.007184101504547605,0.007184101504547606,0.007184101504547603,0.007184101504547607,0.007184101504547606,0.007184101504547605,0.007184101504547605,0.007184101504547604,0.007184101504547605,0.007184101504547608,0.007184101504547605,0.007184101504547608,0.007184101504547605,0.007184101504547606,0.007184101504547605,0.007184101504547606,0.007184101504547607,0.007184101504547606,0.007184101504547606,0.007184101504547606,0.007184101504547606,0.007184101504547603,0.007184101504547604,0.007184101504547604,0.007184101504547606,0.007184101504547603,0.007184101504547604,0.007184101504547601,0.007184101504547599,0.007184101504547598,0.007184101504547595,0.007184101504547593,0.007184101504547594,0.007184101504547593,0.007184101504547595,0.00718410150454759,0.007184101504547587,0.007184101504547589,0.007184101504547589,0.007184101504547587,0.0071841015045475895,0.007184101504547589,0.007184101504547588,0.007184101504547588,0.007184101504547591,0.007184101504547589,0.007184101504547592,0.007184101504547589,0.007184101504547591,0.007184101504547592,0.00718410150454759,0.007184101504547591,0.007184101504547588,0.0071841015045475895,0.007184101504547591,0.007184101504547592,0.007184101504547595,0.007184101504547594,0.007184101504547596,0.007184101504547598,0.007184101504547597,0.0071841015045476,0.007184101504547602,0.0071841015045476,0.0071841015045476,0.007184101504547597,0.0071841015045475964,0.007184101504547595,0.007184101504547593,0.007184101504547594,0.007184101504547593,0.007184101504547592,0.007184101504547593,0.007184101504547591,0.007184101504547593,0.0071841015045475895,0.007184101504547593,0.007184101504547594,0.007184101504547595,0.007184101504547593,0.007184101504547595,0.007184101504547594,0.00718410150454759,0.007184101504547592,0.007184101504547592,0.007184101504547591,0.007184101504547592,0.007184101504547588,0.007184101504547589,0.007184101504547588,0.0071841015045475895,0.007184101504547588,0.007184101504547588,0.007184101504547588,0.007184101504547586,0.007184101504547589,0.0071841015045475895,0.0071841015045475895,0.007184101504547587,0.007184101504547591,0.007184101504547585,0.007184101504547587,0.007184101504547588,0.007184101504547585,0.007184101504547587,0.007184101504547585,0.00718410150454759,0.007184101504547588,0.007184101504547586,0.007184101504547587,0.007184101504547586,0.007184101504547588,0.007184101504547587,0.007184101504547584,0.007184101504547584,0.0071841015045475826,0.007184101504547581,0.007184101504547586,0.007184101504547583,0.007184101504547585,0.007184101504547585,0.007184101504547585,0.007184101504547583,0.007184101504547586,0.007184101504547585,0.007184101504547585,0.007184101504547581,0.007184101504547583,0.007184101504547583,0.0071841015045475826,0.0071841015045475826,0.0071841015045475826,0.0071841015045475826,0.007184101504547576,0.007184101504547582,0.007184101504547577,0.007184101504547578,0.007184101504547578,0.007184101504547578,0.007184101504547577,0.007184101504547579,0.0071841015045475765,0.007184101504547577,0.007184101504547578,0.007184101504547579,0.007184101504547576,0.007184101504547577,0.00718410150454758,0.00718410150454758,0.007184101504547583,0.007184101504547582,0.007184101504547587,0.007184101504547588,0.007184101504547594,0.007184101504547596,0.007184101504547594,0.007184101504547595,0.007184101504547593,0.007184101504547595,0.00718410150454759,0.007184101504547592,0.0071841015045475895,0.0071841015045475895,0.007184101504547591,0.0071841015045475895,0.007184101504547591,0.007184101504547591,0.007184101504547592,0.007184101504547589,0.0071841015045475895,0.007184101504547588,0.007184101504547586,0.007184101504547587,0.007184101504547588,0.007184101504547585,0.007184101504547585,0.007184101504547584,0.007184101504547586,0.007184101504547582,0.007184101504547584,0.007184101504547584,0.0071841015045475826,0.00718410150454758,0.007184101504547583,0.007184101504547582,0.007184101504547583,0.007184101504547581,0.007184101504547583,0.007184101504547583,0.007184101504547582,0.007184101504547582,0.007184101504547577,0.007184101504547577,0.0071841015045475765,0.007184101504547577,0.007184101504547576,0.007184101504547578,0.007184101504547579,0.007184101504547578,0.007184101504547577,0.007184101504547578,0.007184101504547575,0.007184101504547577,0.007184101504547576,0.0071841015045475765,0.007184101504547577,0.007184101504547576,0.0071841015045475765,0.007184101504547574,0.007184101504547574,0.007184101504547572,0.007184101504547573,0.007184101504547577,0.007184101504547574,0.007184101504547573,0.00718410150454757,0.007184101504547571,0.007184101504547571,0.00718410150454757,0.007184101504547571,0.007184101504547571,0.007184101504547568,0.007184101504547573,0.007184101504547571,0.007184101504547571,0.007184101504547569,0.007184101504547567,0.007184101504547567,0.0071841015045475696,0.0071841015045475635,0.0071841015045475635,0.007184101504547566,0.0071841015045475635,0.007184101504547563,0.007184101504547563,0.007184101504547566,0.007184101504547566,0.007184101504547566,0.007184101504547567,0.007184101504547563,0.007184101504547563,0.007184101504547564,0.007184101504547566,0.007184101504547567,0.007184101504547566,0.007184101504547566,0.0071841015045475635,0.007184101504547567,0.007184101504547567,0.007184101504547568,0.007184101504547568,0.007184101504547568,0.007184101504547568,0.007184101504547568,0.007184101504547571,0.007184101504547568,0.007184101504547571,0.007184101504547568,0.007184101504547565,0.007184101504547565,0.007184101504547567,0.007184101504547566,0.007184101504547565,0.007184101504547563,0.007184101504547562,0.0071841015045475635,0.007184101504547563,0.007184101504547565,0.007184101504547564,0.007184101504547562,0.007184101504547563,0.007184101504547565,0.0071841015045475635,0.0071841015045475635,0.0071841015045475635,0.007184101504547563,0.007184101504547563,0.007184101504547561,0.007184101504547562,0.007184101504547568,0.007184101504547566,0.007184101504547567,0.0071841015045475696,0.007184101504547567,0.00718410150454757,0.007184101504547566,0.007184101504547565,0.007184101504547567,0.0071841015045475696,0.007184101504547568,0.007184101504547571,0.007184101504547572,0.00718410150454757,0.0071841015045475635,0.00718410150454757,0.007184101504547568,0.007184101504547569,0.007184101504547567,0.007184101504547567,0.007184101504547566,0.007184101504547562,0.007184101504547563,0.0071841015045475635,0.0071841015045475635,0.007184101504547562,0.007184101504547561,0.00718410150454756,0.00718410150454756,0.007184101504547561,0.007184101504547562,0.00718410150454756,0.00718410150454756,0.007184101504547561,0.007184101504547559,0.007184101504547559,0.007184101504547557,0.007184101504547558,0.007184101504547562,0.007184101504547559,0.007184101504547559,0.007184101504547559,0.00718410150454756,0.007184101504547559,0.007184101504547561,0.007184101504547559,0.007184101504547558,0.007184101504547557,0.007184101504547557,0.007184101504547557,0.007184101504547561,0.007184101504547558,0.007184101504547559,0.007184101504547556,0.007184101504547557,0.007184101504547561,0.007184101504547559,0.007184101504547561,0.007184101504547557,0.007184101504547559,0.007184101504547558,0.007184101504547561,0.0071841015045475635,0.007184101504547565,0.007184101504547563,0.0071841015045475635,0.00718410150454756,0.007184101504547563,0.007184101504547563,0.007184101504547563,0.007184101504547565,0.007184101504547563,0.00718410150454756,0.0071841015045475635,0.007184101504547557,0.007184101504547558,0.007184101504547561,0.00718410150454756,0.0071841015045475565,0.007184101504547557,0.0071841015045475565,0.007184101504547556,0.0071841015045475565,0.007184101504547556,0.0071841015045475565,0.007184101504547556,0.007184101504547558,0.00718410150454756,0.007184101504547561,0.007184101504547563,0.007184101504547562,0.007184101504547558,0.007184101504547561,0.007184101504547564,0.007184101504547562,0.0071841015045475635,0.00718410150454756,0.007184101504547559,0.007184101504547562,0.007184101504547563,0.0071841015045475635,0.007184101504547565,0.007184101504547565,0.0071841015045475635,0.0071841015045475635,0.0071841015045475635,0.007184101504547564,0.007184101504547564,0.007184101504547565,0.007184101504547566,0.007184101504547567,0.007184101504547572,0.00718410150454757,0.007184101504547571,0.007184101504547572,0.007184101504547571,0.00718410150454757,0.00718410150454757,0.00718410150454757,0.00718410150454757,0.0071841015045475696,0.007184101504547569,0.007184101504547569,0.007184101504547569,0.007184101504547566,0.007184101504547565,0.007184101504547566,0.007184101504547566,0.007184101504547568,0.0071841015045475635,0.007184101504547567,0.007184101504547569,0.007184101504547572,0.00718410150454757,0.00718410150454757,0.007184101504547569,0.00718410150454757,0.007184101504547572,0.007184101504547572,0.0071841015045475696,0.007184101504547569,0.007184101504547571,0.007184101504547568,0.007184101504547567,0.007184101504547567,0.007184101504547568,0.007184101504547566,0.00718410150454756,0.007184101504547566,0.007184101504547564,0.007184101504547565,0.007184101504547564,0.007184101504547564,0.007184101504547565,0.007184101504547563,0.007184101504547563,0.0071841015045475635,0.007184101504547567,0.007184101504547564,0.007184101504547563,0.007184101504547565,0.007184101504547563,0.007184101504547562,0.007184101504547563,0.0071841015045475635,0.007184101504547563,0.007184101504547563,0.0071841015045475635,0.007184101504547563,0.007184101504547564,0.007184101504547563,0.007184101504547563,0.007184101504547565,0.007184101504547565,0.0071841015045475635,0.007184101504547567,0.007184101504547566,0.0071841015045475696,0.007184101504547569,0.007184101504547571,0.007184101504547574,0.007184101504547573,0.007184101504547572,0.007184101504547573,0.00718410150454757,0.007184101504547574,0.00718410150454757,0.007184101504547573,0.00718410150454757,0.007184101504547569,0.007184101504547574,0.00718410150454757,0.0071841015045475696,0.007184101504547572,0.00718410150454757,0.0071841015045475696,0.00718410150454757,0.0071841015045475696,0.00718410150454757,0.0071841015045475696,0.007184101504547571,0.0071841015045475696,0.007184101504547573,0.007184101504547572,0.0071841015045475696,0.007184101504547573,0.007184101504547571,0.00718410150454757,0.0071841015045475696,0.0071841015045475696,0.007184101504547567,0.0071841015045475696,0.007184101504547567,0.007184101504547568,0.00718410150454757,0.00718410150454757,0.007184101504547565,0.007184101504547566,0.007184101504547566,0.007184101504547569,0.007184101504547566,0.00718410150454757,0.0071841015045475696,0.00718410150454757,0.007184101504547566,0.0071841015045475696,0.007184101504547566,0.007184101504547568,0.007184101504547565,0.007184101504547564,0.007184101504547565,0.007184101504547564,0.007184101504547563,0.007184101504547562,0.0071841015045475635,0.007184101504547565,0.0071841015045475635,0.0071841015045475635,0.007184101504547564,0.007184101504547565,0.007184101504547565,0.007184101504547566,0.007184101504547568,0.007184101504547571,0.00718410150454757,0.007184101504547568,0.007184101504547568,0.007184101504547568,0.007184101504547566,0.007184101504547566,0.007184101504547569,0.007184101504547568,0.007184101504547569,0.007184101504547571,0.007184101504547569,0.007184101504547568,0.00718410150454757,0.007184101504547567,0.007184101504547571,0.007184101504547568,0.007184101504547566,0.007184101504547567,0.007184101504547566,0.007184101504547565,0.007184101504547566,0.007184101504547563,0.007184101504547563,0.007184101504547565,0.007184101504547565,0.007184101504547567,0.007184101504547568,0.007184101504547566,0.007184101504547567,0.00718410150454757,0.0071841015045475696,0.007184101504547568,0.007184101504547567,0.00718410150454757,0.007184101504547569,0.007184101504547565,0.007184101504547567,0.007184101504547567,0.007184101504547569,0.007184101504547566,0.007184101504547568,0.0071841015045475765,0.0071841015045475765,0.0071841015045475765,0.0071841015045475765,0.007184101504547577,0.007184101504547577,0.0071841015045475765,0.007184101504547576,0.007184101504547577,0.007184101504547573,0.007184101504547576,0.007184101504547577,0.007184101504547573,0.007184101504547572,0.007184101504547574,0.007184101504547569,0.007184101504547577,0.0071841015045475696,0.007184101504547564,0.007184101504547562,0.0071841015045475635,0.007184101504547565,0.00718410150454756,0.0071841015045475635,0.00718410150454756,0.007184101504547559,0.007184101504547563,0.0071841015045475635,0.007184101504547566,0.007184101504547565,0.0071841015045475635,0.0071841015045475635,0.00718410150454756,0.0071841015045475635,0.007184101504547561,0.007184101504547561,0.00718410150454756,0.007184101504547557,0.00718410150454756,0.007184101504547556,0.007184101504547561,0.007184101504547557,0.007184101504547558,0.007184101504547558,0.007184101504547558,0.007184101504547562,0.0071841015045475635,0.0071841015045475635,0.007184101504547565,0.007184101504547563,0.007184101504547562,0.007184101504547563,0.007184101504547562,0.0071841015045475635,0.007184101504547563,0.007184101504547565,0.00718410150454756,0.007184101504547558,0.0071841015045475565,0.0071841015045475565,0.007184101504547561,0.0071841015045475565,0.007184101504547555,0.007184101504547555,0.007184101504547554,0.007184101504547558,0.00718410150454756,0.0071841015045475635,0.0071841015045475635,0.0071841015045475635,0.0071841015045475635,0.0071841015045475635,0.0071841015045475635,0.0071841015045475635,0.0071841015045475635,0.007184101504547567,0.007184101504547571,0.007184101504547567,0.007184101504547572,0.00718410150454757,0.007184101504547567,0.00718410150454757,0.007184101504547567,0.0071841015045475696,0.007184101504547565,0.007184101504547565,0.007184101504547568,0.007184101504547566,0.007184101504547566,0.007184101504547569,0.0071841015045475635,0.007184101504547563,0.007184101504547563,0.0071841015045475635,0.007184101504547563,0.0071841015045475635,0.007184101504547568,0.007184101504547567,0.007184101504547565,0.007184101504547563,0.0071841015045475696,0.007184101504547566,0.0071841015045475696,0.007184101504547569,0.007184101504547568,0.007184101504547565,0.007184101504547566,0.007184101504547567,0.007184101504547569,0.007184101504547568,0.007184101504547567,0.007184101504547566,0.0071841015045475635,0.007184101504547567,0.007184101504547562,0.007184101504547566,0.0071841015045475635,0.007184101504547567,0.007184101504547563,0.0071841015045475635,0.007184101504547563,0.007184101504547566,0.007184101504547565,0.0071841015045475635,0.007184101504547561,0.007184101504547561,0.0071841015045475635,0.007184101504547563,0.007184101504547561,0.007184101504547563,0.007184101504547562,0.007184101504547561,0.007184101504547563,0.007184101504547567,0.007184101504547563,0.007184101504547569,0.007184101504547569,0.00718410150454757,0.007184101504547567,0.007184101504547566,0.007184101504547567,0.007184101504547567,0.0071841015045475635,0.007184101504547563,0.007184101504547565,0.007184101504547565,0.007184101504547566,0.007184101504547567,0.007184101504547565,0.007184101504547568,0.007184101504547567,0.007184101504547563,0.007184101504547564,0.0071841015045475635,0.007184101504547565,0.0071841015045475635,0.007184101504547562,0.0071841015045475635,0.0071841015045475635,0.00718410150454756,0.007184101504547562,0.007184101504547562,0.007184101504547562,0.007184101504547561,0.0071841015045475565,0.007184101504547561,0.007184101504547562,0.00718410150454756,0.007184101504547561,0.007184101504547561,0.007184101504547562,0.007184101504547562,0.007184101504547558,0.007184101504547561,0.0071841015045475565,0.00718410150454756,0.007184101504547558,0.007184101504547559,0.007184101504547561,0.007184101504547559,0.00718410150454756,0.007184101504547559,0.007184101504547561,0.007184101504547557,0.007184101504547561,0.007184101504547561,0.007184101504547559,0.007184101504547556,0.007184101504547561,0.007184101504547557,0.0071841015045475565,0.007184101504547557,0.0071841015045475565,0.007184101504547558,0.007184101504547557,0.007184101504547556,0.007184101504547557,0.007184101504547559,0.007184101504547555,0.0071841015045475565,0.0071841015045475565,0.007184101504547558,0.007184101504547556,0.00718410150454755,0.007184101504547553,0.00718410150454755,0.007184101504547548,0.007184101504547552,0.007184101504547552,0.007184101504547552,0.007184101504547553,0.007184101504547553,0.007184101504547554,0.007184101504547554,0.007184101504547553,0.007184101504547552,0.0071841015045475565,0.007184101504547552,0.0071841015045475565,0.007184101504547557,0.007184101504547557,0.007184101504547553,0.007184101504547557,0.007184101504547553,0.007184101504547554,0.007184101504547555,0.007184101504547553,0.0071841015045475505,0.007184101504547555,0.007184101504547551,0.0071841015045475505,0.007184101504547551,0.007184101504547547,0.007184101504547547,0.007184101504547548,0.007184101504547546,0.007184101504547547,0.007184101504547548,0.00718410150454755,0.007184101504547549,0.007184101504547549,0.007184101504547546,0.007184101504547547,0.007184101504547546,0.007184101504547546,0.007184101504547547,0.007184101504547545,0.007184101504547549,0.007184101504547545,0.0071841015045475505,0.007184101504547546,0.0071841015045475435,0.007184101504547542,0.007184101504547546,0.007184101504547542,0.007184101504547542,0.007184101504547543,0.007184101504547542,0.00718410150454754,0.007184101504547543,0.007184101504547542,0.007184101504547542,0.007184101504547542,0.00718410150454754,0.007184101504547542,0.007184101504547546,0.007184101504547547,0.007184101504547546,0.007184101504547548,0.007184101504547545,0.007184101504547546,0.007184101504547546,0.0071841015045475435,0.007184101504547543,0.0071841015045475435,0.007184101504547543,0.007184101504547544,0.007184101504547546,0.007184101504547546,0.007184101504547548,0.007184101504547544,0.007184101504547545,0.007184101504547544,0.007184101504547544,0.007184101504547542,0.007184101504547543,0.007184101504547543,0.00718410150454754,0.00718410150454754,0.007184101504547541,0.007184101504547544,0.007184101504547542,0.007184101504547544,0.007184101504547543,0.0071841015045475435,0.007184101504547543,0.0071841015045475435,0.007184101504547544,0.007184101504547543,0.007184101504547543,0.00718410150454755,0.007184101504547548,0.007184101504547549,0.007184101504547547,0.00718410150454755,0.00718410150454755,0.00718410150454755,0.007184101504547552,0.00718410150454755,0.0071841015045475505,0.00718410150454755,0.0071841015045475505,0.007184101504547549,0.00718410150454755,0.007184101504547552,0.0071841015045475505,0.007184101504547552,0.007184101504547554,0.0071841015045475505,0.0071841015045475505,0.00718410150454755,0.007184101504547551,0.007184101504547553,0.007184101504547552,0.00718410150454755,0.0071841015045475505,0.00718410150454755,0.00718410150454755,0.00718410150454755,0.0071841015045475505,0.00718410150454755,0.007184101504547553,0.007184101504547553,0.00718410150454755,0.007184101504547552,0.007184101504547552,0.007184101504547552,0.007184101504547551,0.007184101504547554,0.007184101504547553,0.007184101504547555,0.007184101504547553,0.007184101504547555,0.007184101504547556,0.007184101504547556,0.0071841015045475565,0.007184101504547557,0.007184101504547557,0.007184101504547556,0.0071841015045475565,0.007184101504547558,0.007184101504547561,0.007184101504547561,0.007184101504547559,0.007184101504547562,0.00718410150454756,0.007184101504547561,0.007184101504547558,0.007184101504547558,0.007184101504547556,0.007184101504547559,0.0071841015045475565,0.0071841015045475565,0.007184101504547557,0.0071841015045475565,0.007184101504547556,0.007184101504547556,0.007184101504547556,0.007184101504547553,0.0071841015045475565,0.007184101504547556,0.007184101504547558,0.007184101504547554,0.007184101504547552,0.0071841015045475565,0.007184101504547552,0.007184101504547552,0.007184101504547556,0.007184101504547553,0.007184101504547552,0.007184101504547556,0.007184101504547553,0.007184101504547556,0.0071841015045475565,0.007184101504547555,0.007184101504547556,0.0071841015045475565,0.0071841015045475565,0.007184101504547555,0.007184101504547557,0.007184101504547556,0.007184101504547557,0.007184101504547557,0.0071841015045475565,0.007184101504547558,0.007184101504547561,0.007184101504547561,0.007184101504547559,0.0071841015045475565,0.007184101504547558,0.007184101504547559,0.0071841015045475565,0.007184101504547559,0.007184101504547557,0.007184101504547559,0.0071841015045475565,0.0071841015045475565,0.007184101504547557,0.0071841015045475565,0.007184101504547556,0.007184101504547552,0.007184101504547553,0.007184101504547555,0.007184101504547552,0.0071841015045475565,0.007184101504547551,0.007184101504547553,0.007184101504547553,0.007184101504547555,0.0071841015045475565,0.007184101504547552,0.007184101504547551,0.007184101504547553,0.007184101504547556,0.007184101504547554,0.007184101504547553,0.007184101504547551,0.007184101504547552,0.007184101504547552,0.007184101504547553,0.007184101504547549,0.0071841015045475565,0.0071841015045475505,0.007184101504547551,0.007184101504547552,0.007184101504547554,0.007184101504547556,0.007184101504547556,0.007184101504547555,0.007184101504547555,0.007184101504547554,0.0071841015045475565,0.0071841015045475565,0.0071841015045475565,0.0071841015045475565,0.007184101504547557,0.007184101504547559,0.007184101504547561,0.00718410150454756,0.007184101504547559,0.007184101504547558,0.007184101504547559,0.007184101504547561,0.007184101504547562,0.007184101504547563,0.007184101504547561,0.00718410150454756,0.007184101504547558,0.007184101504547554,0.007184101504547554,0.007184101504547556,0.00718410150454755,0.007184101504547552,0.007184101504547552,0.0071841015045475505,0.007184101504547553,0.0071841015045475505,0.0071841015045475505,0.007184101504547552,0.0071841015045475505,0.007184101504547553,0.007184101504547556,0.0071841015045475505,0.007184101504547553,0.007184101504547553,0.007184101504547555,0.007184101504547552,0.007184101504547553,0.00718410150454756,0.007184101504547557,0.007184101504547557,0.007184101504547557,0.007184101504547556,0.007184101504547555,0.0071841015045475565,0.0071841015045475565,0.007184101504547557,0.007184101504547557,0.007184101504547552,0.007184101504547551,0.007184101504547556,0.0071841015045475565,0.007184101504547556,0.00718410150454756,0.0071841015045475565,0.007184101504547552,0.0071841015045475565,0.0071841015045475565,0.007184101504547556,0.007184101504547556,0.007184101504547555,0.0071841015045475565,0.007184101504547555,0.007184101504547552,0.00718410150454755,0.007184101504547551,0.0071841015045475505,0.0071841015045475505,0.007184101504547548,0.007184101504547543,0.0071841015045475435,0.007184101504547545,0.007184101504547547,0.007184101504547545,0.007184101504547545,0.007184101504547546,0.007184101504547546,0.007184101504547547,0.007184101504547547,0.007184101504547548,0.007184101504547548,0.00718410150454755,0.007184101504547547,0.007184101504547546,0.007184101504547544,0.007184101504547557,0.007184101504547551,0.00718410150454755,0.0071841015045475505,0.007184101504547551,0.0071841015045475505,0.007184101504547551,0.007184101504547551,0.007184101504547553,0.007184101504547553,0.007184101504547557,0.007184101504547553,0.007184101504547555,0.007184101504547554,0.007184101504547554,0.007184101504547553,0.007184101504547554,0.007184101504547554,0.0071841015045475505,0.00718410150454755,0.0071841015045475505,0.00718410150454755,0.00718410150454755,0.007184101504547552,0.00718410150454755,0.0071841015045475505,0.0071841015045475505,0.007184101504547553,0.00718410150454755,0.0071841015045475505,0.007184101504547552,0.0071841015045475505,0.007184101504547552,0.007184101504547555,0.007184101504547553,0.007184101504547557,0.0071841015045475565,0.007184101504547553,0.007184101504547552,0.007184101504547558,0.007184101504547561,0.007184101504547561,0.007184101504547559,0.00718410150454756,0.00718410150454756,0.00718410150454756,0.0071841015045475565,0.007184101504547558,0.007184101504547562,0.00718410150454756,0.007184101504547559,0.007184101504547559,0.007184101504547559,0.007184101504547561,0.007184101504547558,0.007184101504547558,0.007184101504547559,0.007184101504547558,0.007184101504547559,0.00718410150454756,0.007184101504547561,0.007184101504547559,0.00718410150454756,0.0071841015045475565,0.007184101504547558,0.007184101504547557,0.007184101504547556,0.007184101504547556,0.007184101504547555,0.007184101504547552,0.007184101504547553,0.007184101504547551,0.007184101504547553,0.007184101504547552,0.007184101504547553,0.007184101504547552,0.007184101504547555,0.007184101504547552,0.007184101504547553,0.007184101504547557,0.007184101504547553,0.007184101504547552,0.0071841015045475565,0.007184101504547555,0.007184101504547553,0.0071841015045475565,0.007184101504547552,0.007184101504547556,0.007184101504547555,0.0071841015045475565,0.007184101504547557,0.007184101504547555,0.007184101504547559,0.007184101504547556,0.007184101504547555,0.007184101504547556,0.007184101504547555,0.007184101504547556,0.007184101504547554,0.007184101504547557,0.007184101504547561,0.007184101504547559,0.007184101504547557,0.007184101504547555,0.007184101504547555,0.0071841015045475565,0.007184101504547555,0.007184101504547553,0.007184101504547554,0.007184101504547552,0.007184101504547553,0.007184101504547552,0.007184101504547554,0.007184101504547554,0.007184101504547551,0.007184101504547553,0.007184101504547552,0.007184101504547555,0.007184101504547556,0.007184101504547556,0.007184101504547556,0.007184101504547555,0.007184101504547555,0.007184101504547555,0.007184101504547558,0.007184101504547553,0.007184101504547555,0.007184101504547554,0.007184101504547553,0.007184101504547549,0.007184101504547545,0.007184101504547544,0.007184101504547542,0.007184101504547541,0.007184101504547539,0.007184101504547539,0.007184101504547539,0.007184101504547538,0.007184101504547539,0.007184101504547536,0.00718410150454754,0.007184101504547537,0.007184101504547536,0.007184101504547536,0.007184101504547539,0.00718410150454754,0.007184101504547539,0.007184101504547539,0.007184101504547541,0.00718410150454754,0.00718410150454754,0.007184101504547539,0.007184101504547542,0.0071841015045475375,0.00718410150454754,0.007184101504547539,0.007184101504547539,0.007184101504547538,0.007184101504547538,0.007184101504547539,0.007184101504547538,0.007184101504547537,0.007184101504547539,0.00718410150454754,0.007184101504547536,0.007184101504547539,0.007184101504547536,0.0071841015045475375,0.007184101504547539,0.007184101504547537,0.007184101504547538,0.007184101504547539,0.007184101504547539,0.007184101504547539,0.007184101504547538,0.0071841015045475375,0.007184101504547537,0.007184101504547536,0.007184101504547538,0.007184101504547536,0.007184101504547536,0.0071841015045475375,0.007184101504547538,0.007184101504547538,0.007184101504547536,0.0071841015045475375,0.007184101504547535,0.007184101504547537,0.007184101504547535,0.007184101504547536,0.0071841015045475375,0.007184101504547535,0.007184101504547536,0.007184101504547534,0.007184101504547532,0.007184101504547535,0.007184101504547536,0.007184101504547537,0.007184101504547534,0.007184101504547532,0.007184101504547535,0.007184101504547535,0.007184101504547532,0.007184101504547531,0.0071841015045475305,0.007184101504547532,0.007184101504547532,0.007184101504547534,0.007184101504547534,0.007184101504547531,0.007184101504547531,0.00718410150454753,0.0071841015045475305,0.00718410150454753,0.007184101504547531,0.00718410150454753,0.0071841015045475305,0.007184101504547528,0.00718410150454753,0.007184101504547531,0.007184101504547535,0.007184101504547534,0.007184101504547537,0.007184101504547536,0.0071841015045475375,0.0071841015045475375,0.007184101504547537,0.007184101504547537,0.007184101504547536,0.007184101504547537,0.007184101504547534,0.007184101504547535,0.007184101504547535,0.007184101504547536,0.007184101504547536,0.007184101504547535,0.007184101504547537,0.0071841015045475375,0.007184101504547536,0.007184101504547538,0.007184101504547533,0.007184101504547535,0.007184101504547541,0.007184101504547535,0.0071841015045475375,0.007184101504547539,0.007184101504547539,0.007184101504547535,0.007184101504547539,0.0071841015045475375,0.007184101504547541,0.007184101504547536,0.007184101504547535,0.007184101504547539,0.007184101504547537,0.00718410150454754,0.0071841015045475375,0.0071841015045475375,0.007184101504547537,0.007184101504547537,0.0071841015045475375,0.007184101504547534,0.007184101504547533,0.007184101504547531,0.007184101504547531,0.007184101504547534,0.007184101504547535,0.007184101504547532,0.007184101504547531,0.007184101504547528,0.00718410150454753,0.007184101504547532,0.007184101504547532,0.007184101504547531,0.007184101504547533,0.007184101504547536,0.007184101504547536,0.007184101504547536,0.007184101504547536,0.007184101504547535,0.007184101504547536,0.007184101504547535,0.007184101504547534,0.007184101504547536,0.007184101504547538,0.0071841015045475375,0.007184101504547536,0.0071841015045475375,0.007184101504547539,0.007184101504547536,0.0071841015045475375,0.007184101504547511,0.007184101504547514,0.007184101504547513,0.007184101504547511,0.007184101504547513,0.007184101504547515,0.007184101504547514,0.007184101504547515,0.007184101504547512,0.007184101504547509,0.007184101504547517,0.007184101504547515,0.007184101504547517,0.007184101504547519,0.007184101504547515,0.007184101504547519,0.007184101504547518,0.007184101504547518,0.007184101504547519,0.007184101504547519,0.007184101504547518,0.007184101504547516,0.007184101504547518,0.007184101504547518,0.007184101504547517,0.007184101504547519,0.00718410150454752,0.00718410150454752,0.007184101504547519,0.007184101504547518,0.007184101504547519,0.007184101504547518,0.007184101504547522,0.007184101504547524,0.00718410150454752,0.007184101504547521,0.00718410150454752,0.007184101504547522,0.007184101504547523,0.00718410150454752,0.00718410150454752,0.007184101504547519,0.007184101504547519,0.007184101504547517,0.007184101504547519,0.007184101504547519,0.007184101504547518,0.007184101504547518,0.007184101504547518,0.007184101504547518,0.00718410150454752,0.007184101504547522,0.007184101504547519,0.0071841015045475175,0.007184101504547519,0.0071841015045475175,0.007184101504547518,0.0071841015045475175,0.007184101504547518,0.007184101504547517,0.007184101504547518,0.007184101504547519,0.007184101504547519,0.007184101504547518,0.007184101504547519,0.007184101504547516,0.007184101504547521,0.007184101504547522,0.007184101504547523,0.007184101504547522,0.007184101504547522,0.007184101504547519,0.007184101504547522,0.007184101504547526,0.007184101504547528,0.007184101504547528,0.007184101504547529,0.007184101504547527,0.00718410150454753,0.007184101504547527,0.007184101504547525,0.007184101504547527,0.007184101504547524,0.007184101504547524,0.007184101504547526,0.007184101504547524,0.0071841015045475244,0.0071841015045475244,0.007184101504547526,0.007184101504547525,0.007184101504547525,0.007184101504547523,0.0071841015045475244,0.007184101504547523,0.007184101504547522,0.007184101504547522,0.007184101504547521,0.007184101504547522,0.007184101504547524,0.007184101504547521,0.0071841015045475244,0.007184101504547521,0.007184101504547522,0.007184101504547522,0.007184101504547524,0.007184101504547521,0.007184101504547519,0.007184101504547518,0.00718410150454752,0.007184101504547521,0.007184101504547522,0.007184101504547518,0.007184101504547519,0.007184101504547519,0.007184101504547518,0.007184101504547517,0.007184101504547518,0.007184101504547516,0.007184101504547518,0.007184101504547521,0.007184101504547521,0.007184101504547521,0.007184101504547521,0.007184101504547523,0.007184101504547521,0.007184101504547519,0.00718410150454752,0.007184101504547521,0.00718410150454752,0.007184101504547522,0.007184101504547522,0.007184101504547519,0.007184101504547521,0.007184101504547522,0.007184101504547521,0.007184101504547522,0.00718410150454752,0.007184101504547521,0.007184101504547523,0.007184101504547522,0.007184101504547521,0.007184101504547524,0.007184101504547525,0.00718410150454752,0.007184101504547523,0.007184101504547521,0.0071841015045475175,0.007184101504547521,0.007184101504547518,0.007184101504547519,0.007184101504547521,0.007184101504547518,0.007184101504547518,0.007184101504547519,0.007184101504547517,0.007184101504547518,0.007184101504547518,0.007184101504547515,0.007184101504547517,0.007184101504547519,0.007184101504547519,0.00718410150454752,0.00718410150454752,0.007184101504547521,0.00718410150454752,0.007184101504547521,0.007184101504547519,0.007184101504547522,0.007184101504547523,0.007184101504547522,0.007184101504547521,0.007184101504547523,0.007184101504547522,0.00718410150454752,0.00718410150454752,0.007184101504547524,0.007184101504547518,0.007184101504547518,0.007184101504547522,0.007184101504547518,0.00718410150454752,0.007184101504547522,0.007184101504547521,0.00718410150454752,0.0071841015045475244,0.007184101504547521,0.007184101504547522,0.007184101504547522,0.007184101504547521,0.007184101504547523,0.007184101504547525,0.007184101504547522,0.007184101504547524,0.007184101504547526,0.0071841015045475244,0.0071841015045475244,0.007184101504547525,0.0071841015045475244,0.0071841015045475244,0.0071841015045475244,0.007184101504547522,0.007184101504547522,0.0071841015045475244,0.007184101504547523,0.00718410150454752,0.007184101504547519,0.007184101504547519,0.007184101504547521,0.007184101504547519,0.007184101504547518,0.007184101504547519,0.007184101504547516,0.007184101504547516,0.007184101504547515,0.007184101504547513,0.007184101504547515,0.007184101504547514,0.007184101504547512,0.00718410150454751,0.007184101504547512,0.007184101504547511,0.007184101504547513,0.007184101504547511,0.00718410150454751,0.007184101504547511,0.007184101504547509,0.007184101504547507,0.007184101504547507,0.00718410150454751,0.007184101504547508,0.007184101504547512,0.007184101504547511,0.0071841015045475114,0.007184101504547512,0.007184101504547511,0.007184101504547514,0.007184101504547513,0.0071841015045475114,0.007184101504547511,0.00718410150454751,0.0071841015045475114,0.007184101504547512,0.007184101504547509,0.0071841015045475114,0.007184101504547509,0.00718410150454751,0.007184101504547508,0.007184101504547509,0.007184101504547511,0.007184101504547508,0.007184101504547508,0.007184101504547509,0.007184101504547508,0.007184101504547511,0.007184101504547505,0.00718410150454751,0.007184101504547509,0.007184101504547509,0.00718410150454751,0.007184101504547509,0.007184101504547511,0.00718410150454751,0.007184101504547514,0.007184101504547511,0.0071841015045475114,0.007184101504547514,0.007184101504547514,0.0071841015045475114,0.007184101504547511,0.007184101504547509,0.00718410150454751,0.00718410150454751,0.007184101504547509,0.007184101504547509,0.007184101504547508,0.00718410150454751,0.007184101504547511,0.007184101504547511,0.007184101504547507,0.007184101504547509,0.007184101504547509,0.0071841015045475114,0.007184101504547509,0.007184101504547509,0.007184101504547506,0.0071841015045475114,0.00718410150454751,0.007184101504547514,0.007184101504547516,0.007184101504547518,0.0071841015045475175,0.007184101504547518,0.00718410150454752,0.007184101504547518,0.007184101504547518,0.007184101504547519,0.007184101504547518,0.007184101504547519,0.007184101504547516,0.007184101504547515,0.007184101504547514,0.007184101504547515,0.007184101504547515,0.007184101504547514,0.007184101504547514,0.007184101504547511,0.007184101504547511,0.00718410150454751,0.007184101504547511,0.007184101504547511,0.0071841015045475114,0.007184101504547511,0.007184101504547508,0.007184101504547514,0.007184101504547514,0.007184101504547513,0.007184101504547513,0.007184101504547514,0.007184101504547514,0.007184101504547511,0.007184101504547513,0.007184101504547516,0.0071841015045475175,0.007184101504547515,0.007184101504547517,0.007184101504547515,0.007184101504547513,0.007184101504547515,0.007184101504547512,0.007184101504547515,0.007184101504547515,0.007184101504547512,0.007184101504547514,0.0071841015045475114,0.007184101504547512,0.007184101504547514,0.0071841015045475114,0.007184101504547514,0.007184101504547511,0.007184101504547508,0.007184101504547508,0.007184101504547509,0.007184101504547508,0.007184101504547509,0.007184101504547508,0.007184101504547511,0.007184101504547508,0.0071841015045475114,0.007184101504547508,0.007184101504547512,0.00718410150454751,0.007184101504547506,0.007184101504547512,0.007184101504547511,0.00718410150454751,0.007184101504547513,0.007184101504547512,0.00718410150454751,0.007184101504547512,0.007184101504547515,0.007184101504547515,0.007184101504547513,0.007184101504547513,0.0071841015045475114,0.007184101504547513,0.007184101504547515,0.007184101504547514,0.007184101504547513,0.007184101504547515,0.007184101504547512,0.007184101504547515,0.007184101504547513,0.007184101504547511,0.007184101504547511,0.007184101504547511,0.007184101504547511,0.00718410150454751,0.007184101504547513,0.007184101504547513,0.00718410150454751,0.0071841015045475114,0.007184101504547511,0.007184101504547508,0.0071841015045475114,0.007184101504547508,0.007184101504547507,0.007184101504547504,0.007184101504547507,0.007184101504547505,0.007184101504547508,0.007184101504547506,0.007184101504547505,0.007184101504547507,0.007184101504547505,0.007184101504547508,0.0071841015045475045,0.007184101504547509,0.00718410150454751,0.007184101504547509,0.007184101504547505,0.007184101504547507,0.007184101504547505,0.007184101504547508,0.007184101504547504,0.007184101504547504,0.007184101504547505,0.007184101504547504,0.007184101504547503,0.007184101504547502,0.007184101504547499,0.0071841015045475,0.007184101504547503,0.0071841015045475,0.007184101504547503,0.007184101504547502,0.007184101504547502,0.0071841015045475,0.007184101504547504,0.007184101504547506,0.0071841015045475045,0.007184101504547501,0.007184101504547502,0.007184101504547502,0.007184101504547501,0.0071841015045475,0.007184101504547503,0.007184101504547501,0.007184101504547499,0.007184101504547503,0.007184101504547499,0.007184101504547499,0.0071841015045475045,0.0071841015045475045,0.007184101504547505,0.007184101504547508,0.007184101504547506,0.007184101504547509,0.0071841015045475045,0.0071841015045475045,0.007184101504547506,0.007184101504547507,0.007184101504547506,0.0071841015045475045,0.007184101504547509,0.0071841015045475045,0.007184101504547509,0.00718410150454751,0.007184101504547507,0.007184101504547509,0.007184101504547508,0.007184101504547508,0.007184101504547507,0.00718410150454751,0.007184101504547507,0.007184101504547507,0.007184101504547509,0.007184101504547506,0.007184101504547508,0.0071841015045475045,0.007184101504547506,0.007184101504547508,0.007184101504547511,0.007184101504547505,0.007184101504547508,0.007184101504547507,0.007184101504547505,0.007184101504547509,0.007184101504547508,0.007184101504547508,0.007184101504547509,0.007184101504547509,0.007184101504547511,0.007184101504547509,0.0071841015045475114,0.007184101504547509,0.007184101504547511,0.00718410150454751,0.007184101504547512,0.007184101504547518,0.007184101504547521,0.007184101504547521,0.007184101504547522,0.007184101504547521,0.00718410150454752,0.007184101504547521,0.007184101504547521,0.007184101504547518,0.007184101504547521,0.007184101504547519,0.00718410150454752,0.007184101504547521,0.007184101504547518,0.0071841015045475175,0.007184101504547516,0.0071841015045475175,0.007184101504547515,0.0071841015045475114,0.007184101504547515,0.0071841015045475175,0.007184101504547515,0.007184101504547513,0.007184101504547513,0.007184101504547511,0.007184101504547514,0.0071841015045475114,0.007184101504547513,0.007184101504547515,0.007184101504547516,0.007184101504547511,0.007184101504547512,0.0071841015045475114,0.007184101504547512,0.007184101504547514,0.007184101504547513,0.007184101504547512,0.007184101504547513,0.007184101504547511,0.0071841015045475114,0.007184101504547511,0.0071841015045475114,0.007184101504547509,0.007184101504547511,0.0071841015045475114,0.007184101504547512,0.0071841015045475114,0.007184101504547514,0.007184101504547513,0.0071841015045475114,0.007184101504547511,0.0071841015045475114,0.0071841015045475114,0.0071841015045475114,0.00718410150454751,0.007184101504547514,0.00718410150454751,0.007184101504547516,0.007184101504547514,0.007184101504547515,0.007184101504547515,0.007184101504547515,0.007184101504547513,0.007184101504547514,0.007184101504547512,0.007184101504547514,0.0071841015045475114,0.007184101504547511,0.007184101504547509,0.007184101504547507,0.007184101504547511,0.007184101504547506,0.007184101504547508,0.007184101504547507,0.007184101504547508,0.007184101504547507,0.007184101504547509,0.0071841015045475114,0.007184101504547509,0.007184101504547508,0.007184101504547509,0.007184101504547509,0.007184101504547509,0.007184101504547511,0.007184101504547508,0.0071841015045475114,0.007184101504547507,0.00718410150454751,0.0071841015045475114,0.007184101504547513,0.007184101504547513,0.0071841015045475114,0.007184101504547514,0.00718410150454751,0.007184101504547514,0.007184101504547513,0.007184101504547508,0.007184101504547511,0.007184101504547514,0.007184101504547511,0.00718410150454751,0.0071841015045475114,0.007184101504547514,0.007184101504547514,0.007184101504547516,0.007184101504547516,0.007184101504547518,0.007184101504547518,0.007184101504547517,0.007184101504547516,0.007184101504547519,0.007184101504547516,0.007184101504547518,0.007184101504547515,0.0071841015045475175,0.007184101504547518,0.0071841015045475175,0.0071841015045475175,0.007184101504547518,0.0071841015045475175,0.007184101504547519,0.007184101504547518,0.007184101504547518,0.00718410150454752,0.00718410150454752,0.007184101504547519,0.007184101504547521,0.007184101504547518,0.007184101504547517,0.007184101504547518,0.0071841015045475175,0.007184101504547514,0.007184101504547513,0.007184101504547514,0.007184101504547513,0.007184101504547516,0.007184101504547517,0.00718410150454752,0.007184101504547517,0.007184101504547518,0.007184101504547519,0.007184101504547518,0.007184101504547517,0.007184101504547518,0.007184101504547519,0.007184101504547518,0.007184101504547518,0.007184101504547518,0.007184101504547518,0.007184101504547518,0.007184101504547519,0.007184101504547519,0.007184101504547522,0.007184101504547521,0.007184101504547519,0.007184101504547519,0.007184101504547518,0.007184101504547521,0.007184101504547519,0.007184101504547518,0.0071841015045475244,0.007184101504547518,0.007184101504547521,0.00718410150454752,0.0071841015045475175,0.00718410150454752,0.007184101504547515,0.00718410150454752,0.007184101504547518,0.007184101504547518,0.007184101504547519,0.007184101504547523,0.007184101504547521,0.007184101504547521,0.007184101504547522,0.007184101504547523,0.007184101504547522,0.007184101504547521,0.007184101504547524,0.007184101504547523,0.007184101504547523,0.007184101504547524,0.007184101504547523,0.007184101504547522,0.007184101504547524,0.007184101504547523,0.0071841015045475244,0.0071841015045475244,0.007184101504547521,0.007184101504547523,0.007184101504547526,0.00718410150454752,0.007184101504547519,0.007184101504547523,0.00718410150454752,0.007184101504547521,0.007184101504547523,0.007184101504547524,0.007184101504547524,0.007184101504547524,0.007184101504547526,0.007184101504547524,0.0071841015045475244,0.007184101504547521,0.007184101504547523,0.007184101504547522,0.007184101504547522,0.007184101504547519,0.007184101504547518,0.00718410150454752,0.00718410150454752,0.007184101504547519,0.007184101504547519,0.007184101504547519,0.0071841015045475175,0.007184101504547515,0.007184101504547515,0.00718410150454751,0.007184101504547512,0.007184101504547512,0.0071841015045475114,0.007184101504547511,0.007184101504547509,0.007184101504547509,0.007184101504547509,0.0071841015045475114,0.007184101504547511,0.0071841015045475114,0.00718410150454751,0.007184101504547511,0.007184101504547509,0.007184101504547507,0.007184101504547507,0.007184101504547507,0.007184101504547508,0.007184101504547507,0.007184101504547509,0.007184101504547508,0.00718410150454751,0.007184101504547507,0.007184101504547509,0.007184101504547509,0.007184101504547508,0.007184101504547508,0.007184101504547508,0.007184101504547508,0.007184101504547508,0.007184101504547504,0.007184101504547509,0.007184101504547509,0.007184101504547509,0.007184101504547507,0.007184101504547507,0.007184101504547507,0.007184101504547508,0.0071841015045475045,0.007184101504547511,0.007184101504547503,0.0071841015045475045,0.007184101504547505,0.007184101504547508,0.007184101504547504,0.007184101504547507,0.007184101504547506,0.007184101504547509,0.007184101504547505,0.0071841015045475045,0.007184101504547504,0.007184101504547506,0.0071841015045475045,0.007184101504547507,0.007184101504547505,0.007184101504547503,0.007184101504547506,0.007184101504547508,0.007184101504547506,0.0071841015045475045,0.0071841015045475045,0.007184101504547502,0.007184101504547503,0.0071841015045475045,0.007184101504547504,0.007184101504547505,0.007184101504547503,0.007184101504547502,0.007184101504547503,0.007184101504547501,0.007184101504547504,0.0071841015045475045,0.007184101504547503,0.007184101504547504,0.007184101504547505,0.007184101504547502,0.007184101504547505,0.0071841015045475045,0.007184101504547507,0.007184101504547504,0.0071841015045475045,0.007184101504547504,0.007184101504547505,0.0071841015045475045,0.007184101504547506,0.0071841015045475045,0.007184101504547506,0.007184101504547508,0.007184101504547508,0.007184101504547507,0.007184101504547508,0.007184101504547508,0.007184101504547507,0.007184101504547508,0.007184101504547508,0.007184101504547508,0.007184101504547509,0.007184101504547508,0.0071841015045475045,0.0071841015045475045,0.0071841015045475045,0.007184101504547505,0.007184101504547507,0.007184101504547506,0.007184101504547509,0.007184101504547505,0.007184101504547508,0.007184101504547507,0.007184101504547507,0.007184101504547506,0.007184101504547507,0.007184101504547509,0.007184101504547507,0.007184101504547506,0.007184101504547509,0.007184101504547508,0.007184101504547509,0.007184101504547506,0.007184101504547509,0.007184101504547505,0.007184101504547504,0.007184101504547506,0.007184101504547502,0.0071841015045475045,0.007184101504547504,0.0071841015045475045,0.007184101504547506,0.007184101504547504,0.007184101504547508,0.007184101504547508,0.007184101504547506,0.0071841015045475045,0.007184101504547507,0.007184101504547506,0.007184101504547504,0.007184101504547504,0.007184101504547503,0.007184101504547504,0.007184101504547502,0.007184101504547501,0.007184101504547501,0.007184101504547503,0.007184101504547504,0.007184101504547504,0.0071841015045475,0.007184101504547503,0.0071841015045475,0.007184101504547503,0.0071841015045475045,0.007184101504547505,0.007184101504547503,0.007184101504547505,0.007184101504547505,0.007184101504547505,0.007184101504547504,0.0071841015045475045,0.007184101504547505,0.007184101504547505,0.007184101504547508,0.007184101504547505,0.007184101504547505,0.0071841015045475045,0.007184101504547508,0.007184101504547508,0.007184101504547505,0.007184101504547508,0.007184101504547505,0.007184101504547509,0.007184101504547512,0.00718410150454751,0.00718410150454751,0.00718410150454751,0.00718410150454751,0.007184101504547512,0.007184101504547509,0.007184101504547511,0.007184101504547511,0.007184101504547511,0.007184101504547509,0.0071841015045475114,0.007184101504547508,0.007184101504547508,0.007184101504547508,0.007184101504547509,0.007184101504547508,0.0071841015045475045,0.007184101504547505,0.007184101504547505,0.007184101504547505,0.0071841015045475045,0.007184101504547507,0.0071841015045475045,0.007184101504547501,0.007184101504547501,0.0071841015045474976,0.007184101504547497,0.007184101504547497,0.007184101504547493,0.007184101504547493,0.007184101504547493,0.0071841015045474976,0.0071841015045474915,0.007184101504547492,0.007184101504547495,0.007184101504547492,0.007184101504547494,0.00718410150454749,0.007184101504547497,0.007184101504547493,0.007184101504547495,0.007184101504547496,0.007184101504547495,0.0071841015045474976,0.007184101504547497,0.007184101504547493,0.007184101504547497,0.007184101504547494,0.0071841015045474976,0.007184101504547496,0.007184101504547495,0.007184101504547496,0.007184101504547494,0.007184101504547495,0.007184101504547498,0.007184101504547497,0.007184101504547495,0.007184101504547493,0.0071841015045474915,0.0071841015045474915,0.0071841015045474915,0.00718410150454749,0.00718410150454749,0.007184101504547488,0.007184101504547491,0.007184101504547487,0.007184101504547487,0.007184101504547491,0.007184101504547486,0.007184101504547491,0.007184101504547489,0.0071841015045474915,0.007184101504547491,0.007184101504547492,0.0071841015045474915,0.0071841015045474915,0.007184101504547494,0.007184101504547496,0.007184101504547494,0.007184101504547492,0.007184101504547495,0.007184101504547493,0.007184101504547495,0.007184101504547494,0.007184101504547494,0.007184101504547493,0.007184101504547495,0.0071841015045474915,0.007184101504547495,0.007184101504547494,0.007184101504547496,0.007184101504547493,0.007184101504547492,0.007184101504547495,0.007184101504547493,0.007184101504547494,0.0071841015045474915,0.0071841015045474915,0.0071841015045474915,0.007184101504547493,0.00718410150454749,0.007184101504547489,0.007184101504547488,0.007184101504547487,0.007184101504547485,0.0071841015045474845,0.007184101504547485,0.007184101504547482,0.0071841015045474785,0.007184101504547481,0.00718410150454748,0.007184101504547481,0.007184101504547481,0.007184101504547483,0.00718410150454748,0.0071841015045474785,0.00718410150454748,0.007184101504547481,0.007184101504547481,0.007184101504547479,0.007184101504547477,0.007184101504547477,0.0071841015045474785,0.00718410150454748,0.007184101504547476,0.0071841015045474785,0.007184101504547481,0.00718410150454748,0.0071841015045474785,0.007184101504547479,0.007184101504547478,0.007184101504547478,0.007184101504547478,0.007184101504547479,0.00718410150454748,0.0071841015045474785,0.00718410150454748,0.0071841015045474785,0.007184101504547478,0.007184101504547478,0.0071841015045474785,0.00718410150454748,0.007184101504547479,0.007184101504547479,0.00718410150454748,0.007184101504547479,0.007184101504547479,0.007184101504547477,0.007184101504547478,0.007184101504547475,0.007184101504547477,0.007184101504547477,0.007184101504547478,0.007184101504547474,0.007184101504547474,0.007184101504547474,0.007184101504547476,0.007184101504547477,0.007184101504547477,0.007184101504547477,0.00718410150454748,0.007184101504547479,0.007184101504547475,0.007184101504547479,0.007184101504547478,0.007184101504547477,0.007184101504547477,0.007184101504547478,0.00718410150454748,0.007184101504547477,0.007184101504547476,0.007184101504547479,0.007184101504547477,0.00718410150454748,0.007184101504547477,0.007184101504547481,0.007184101504547479,0.007184101504547477,0.007184101504547479,0.007184101504547483,0.00718410150454748,0.007184101504547481,0.00718410150454748,0.007184101504547479,0.00718410150454748,0.007184101504547481,0.007184101504547479,0.007184101504547482,0.007184101504547481,0.007184101504547484,0.007184101504547481,0.007184101504547478,0.007184101504547477,0.007184101504547477,0.007184101504547476,0.007184101504547474,0.007184101504547476,0.007184101504547476,0.007184101504547472,0.007184101504547474,0.007184101504547475,0.007184101504547473,0.007184101504547473,0.007184101504547472,0.007184101504547475,0.007184101504547475,0.007184101504547472,0.007184101504547478,0.007184101504547477,0.007184101504547479,0.007184101504547479,0.007184101504547479,0.007184101504547477,0.007184101504547479,0.007184101504547477,0.00718410150454748,0.007184101504547477,0.007184101504547479,0.007184101504547479,0.007184101504547479,0.007184101504547479,0.007184101504547479,0.007184101504547483,0.007184101504547483,0.007184101504547479,0.007184101504547479,0.00718410150454748,0.007184101504547477,0.0071841015045474785,0.007184101504547481,0.0071841015045474785,0.0071841015045474785,0.0071841015045474785,0.007184101504547478,0.007184101504547483,0.007184101504547483,0.007184101504547483,0.007184101504547482,0.0071841015045474845,0.007184101504547484,0.007184101504547483,0.007184101504547482,0.007184101504547484,0.007184101504547483,0.007184101504547481,0.0071841015045474845,0.007184101504547487,0.007184101504547487,0.007184101504547491,0.007184101504547489,0.007184101504547486,0.007184101504547485,0.007184101504547486,0.007184101504547484,0.0071841015045474845,0.007184101504547484,0.007184101504547479,0.007184101504547482,0.0071841015045474845,0.00718410150454748,0.00718410150454748,0.007184101504547481,0.007184101504547484,0.007184101504547483,0.007184101504547484,0.007184101504547482,0.00718410150454748,0.007184101504547483,0.007184101504547482,0.00718410150454748,0.007184101504547483,0.007184101504547483,0.007184101504547483,0.007184101504547486,0.007184101504547485,0.007184101504547486,0.007184101504547483,0.007184101504547487,0.007184101504547488,0.0071841015045474845,0.0071841015045474845,0.007184101504547483,0.007184101504547479,0.007184101504547479,0.00718410150454748,0.00718410150454748,0.007184101504547481,0.00718410150454748,0.007184101504547481,0.00718410150454748,0.00718410150454748,0.007184101504547477,0.0071841015045474785,0.007184101504547482,0.007184101504547477,0.007184101504547479,0.007184101504547479,0.00718410150454748,0.007184101504547479,0.007184101504547476,0.00718410150454748,0.007184101504547479,0.007184101504547479,0.00718410150454748,0.007184101504547481,0.007184101504547482,0.007184101504547484,0.007184101504547484,0.007184101504547481,0.00718410150454748,0.007184101504547483,0.007184101504547483,0.007184101504547484,0.007184101504547487,0.007184101504547486,0.0071841015045474845,0.007184101504547484,0.0071841015045474845,0.007184101504547483,0.007184101504547483,0.007184101504547485,0.0071841015045474845,0.007184101504547484,0.007184101504547483,0.007184101504547482,0.007184101504547483,0.007184101504547482,0.007184101504547479,0.007184101504547484,0.007184101504547479,0.00718410150454748,0.007184101504547483,0.007184101504547484,0.007184101504547484,0.007184101504547484,0.007184101504547483,0.0071841015045474845,0.007184101504547483,0.0071841015045474845,0.007184101504547485,0.007184101504547486,0.007184101504547486,0.007184101504547486,0.007184101504547483,0.007184101504547492,0.007184101504547492,0.007184101504547493,0.0071841015045474915,0.007184101504547493,0.0071841015045474915,0.007184101504547494,0.007184101504547493,0.007184101504547496,0.007184101504547494,0.007184101504547497,0.007184101504547496,0.007184101504547494,0.0071841015045474915,0.0071841015045474915,0.007184101504547493,0.007184101504547494,0.0071841015045474976,0.007184101504547495,0.007184101504547496,0.007184101504547494,0.007184101504547494,0.007184101504547495,0.007184101504547494,0.007184101504547494,0.007184101504547496,0.007184101504547496,0.0071841015045474976,0.007184101504547496,0.007184101504547493,0.007184101504547491,0.007184101504547491,0.0071841015045474915,0.007184101504547489,0.007184101504547491,0.0071841015045474915,0.007184101504547497,0.007184101504547493,0.0071841015045474976,0.007184101504547495,0.007184101504547494,0.007184101504547495,0.007184101504547496,0.007184101504547493,0.007184101504547494,0.0071841015045474976,0.007184101504547494,0.007184101504547493,0.007184101504547494,0.007184101504547493,0.007184101504547497,0.007184101504547497,0.0071841015045474976,0.007184101504547494,0.0071841015045474976,0.007184101504547494,0.007184101504547492,0.007184101504547492,0.007184101504547492,0.007184101504547495,0.007184101504547492,0.007184101504547493,0.0071841015045474915,0.007184101504547492,0.007184101504547489,0.00718410150454749,0.007184101504547489,0.007184101504547491,0.0071841015045474915,0.007184101504547489,0.007184101504547493,0.007184101504547494,0.007184101504547493,0.007184101504547496,0.007184101504547494,0.007184101504547493,0.0071841015045474915,0.007184101504547492,0.00718410150454749,0.00718410150454749,0.007184101504547492,0.00718410150454749,0.00718410150454749,0.007184101504547494,0.0071841015045474915,0.007184101504547493,0.0071841015045474915,0.007184101504547494,0.007184101504547494,0.00718410150454749,0.007184101504547489,0.007184101504547489,0.007184101504547492,0.00718410150454749,0.007184101504547487,0.0071841015045474845,0.007184101504547484,0.007184101504547487,0.007184101504547485,0.0071841015045474845,0.0071841015045474845,0.0071841015045474845,0.007184101504547483,0.0071841015045474845,0.0071841015045474845,0.007184101504547485,0.0071841015045474845,0.007184101504547484,0.007184101504547484,0.007184101504547483,0.007184101504547484,0.007184101504547481,0.007184101504547479,0.0071841015045474785,0.007184101504547479,0.007184101504547481,0.007184101504547482,0.007184101504547483,0.00718410150454748,0.007184101504547479,0.00718410150454748,0.007184101504547482,0.007184101504547483,0.007184101504547483,0.007184101504547479,0.0071841015045474845,0.007184101504547482,0.007184101504547482,0.007184101504547484,0.007184101504547481,0.007184101504547481,0.007184101504547479,0.00718410150454748,0.007184101504547477,0.007184101504547477,0.007184101504547478,0.007184101504547479,0.007184101504547481,0.007184101504547479,0.007184101504547479,0.007184101504547479,0.007184101504547482,0.007184101504547482,0.0071841015045474785,0.007184101504547481,0.007184101504547478,0.0071841015045474785,0.007184101504547479,0.00718410150454748,0.0071841015045474785,0.007184101504547478,0.0071841015045474785,0.007184101504547479,0.007184101504547481,0.0071841015045474785,0.007184101504547479,0.007184101504547484,0.007184101504547483,0.007184101504547484,0.007184101504547484,0.007184101504547483,0.007184101504547485,0.0071841015045474845,0.007184101504547484,0.007184101504547481,0.0071841015045474845,0.007184101504547484,0.0071841015045474845,0.007184101504547482,0.007184101504547479,0.007184101504547478,0.007184101504547475,0.007184101504547477,0.007184101504547475,0.007184101504547478,0.007184101504547477,0.007184101504547477,0.0071841015045474785,0.007184101504547477,0.007184101504547476,0.007184101504547476,0.007184101504547478,0.007184101504547473,0.007184101504547476,0.007184101504547476,0.007184101504547479,0.007184101504547476,0.007184101504547479,0.007184101504547476,0.007184101504547478,0.007184101504547477,0.007184101504547475,0.007184101504547476,0.007184101504547478,0.007184101504547474,0.007184101504547477,0.007184101504547476,0.007184101504547476,0.007184101504547478,0.0071841015045474785,0.007184101504547479,0.007184101504547479,0.007184101504547479,0.007184101504547479,0.007184101504547481,0.007184101504547482,0.00718410150454748,0.0071841015045474785,0.00718410150454748,0.00718410150454748,0.007184101504547478,0.007184101504547468,0.007184101504547466,0.00718410150454747,0.007184101504547469,0.007184101504547469,0.007184101504547472,0.007184101504547473,0.007184101504547472,0.007184101504547472,0.0071841015045474715,0.007184101504547472,0.00718410150454747,0.007184101504547473,0.007184101504547471,0.007184101504547463,0.007184101504547461,0.007184101504547463,0.007184101504547463,0.007184101504547465,0.007184101504547462,0.007184101504547464,0.007184101504547462,0.007184101504547462,0.007184101504547464,0.007184101504547463,0.007184101504547463,0.00718410150454746,0.007184101504547462,0.00718410150454746,0.007184101504547463,0.00718410150454746,0.007184101504547463,0.007184101504547462,0.007184101504547461,0.0071841015045474585,0.007184101504547458,0.007184101504547459,0.007184101504547457,0.007184101504547459,0.00718410150454746,0.00718410150454746,0.0071841015045474585,0.007184101504547458,0.007184101504547458,0.0071841015045474585,0.0071841015045474585,0.007184101504547462,0.007184101504547461,0.00718410150454746,0.007184101504547463,0.007184101504547462,0.007184101504547462,0.007184101504547463,0.007184101504547463,0.007184101504547463,0.0071841015045474655,0.0071841015045474585,0.00718410150454746,0.007184101504547462,0.007184101504547463,0.007184101504547462,0.007184101504547463,0.007184101504547462,0.007184101504547463,0.007184101504547463,0.007184101504547463,0.007184101504547463,0.007184101504547464,0.007184101504547465,0.007184101504547463,0.007184101504547464,0.007184101504547464,0.007184101504547464,0.007184101504547464,0.007184101504547463,0.007184101504547465,0.0071841015045474655,0.007184101504547462,0.007184101504547467,0.007184101504547465,0.007184101504547469,0.007184101504547466,0.007184101504547466,0.007184101504547462,0.007184101504547461,0.0071841015045474655,0.007184101504547462,0.007184101504547465,0.007184101504547462,0.0071841015045474655,0.0071841015045474585,0.007184101504547462,0.00718410150454746,0.00718410150454746,0.007184101504547464,0.00718410150454746,0.007184101504547458,0.007184101504547459,0.007184101504547458,0.007184101504547457,0.007184101504547456,0.007184101504547458,0.007184101504547456,0.0071841015045474585,0.007184101504547459,0.0071841015045474585,0.007184101504547459,0.007184101504547456,0.007184101504547457,0.007184101504547457,0.007184101504547458,0.0071841015045474585,0.0071841015045474585,0.0071841015045474585,0.007184101504547457,0.007184101504547458,0.00718410150454746,0.007184101504547463,0.0071841015045474585,0.007184101504547458,0.007184101504547456,0.0071841015045474585,0.007184101504547458,0.007184101504547459,0.007184101504547457,0.007184101504547458,0.007184101504547456,0.007184101504547458,0.0071841015045474585,0.00718410150454746,0.0071841015045474585,0.007184101504547456,0.007184101504547461,0.0071841015045474585,0.0071841015045474585,0.007184101504547456,0.007184101504547456,0.007184101504547459,0.0071841015045474585,0.007184101504547461,0.007184101504547458,0.0071841015045474585,0.0071841015045474585,0.007184101504547459,0.0071841015045474585,0.007184101504547459,0.00718410150454746,0.007184101504547461,0.00718410150454746,0.007184101504547459,0.00718410150454746,0.0071841015045474585,0.007184101504547455,0.007184101504547458,0.0071841015045474585,0.007184101504547459,0.007184101504547462,0.007184101504547456,0.007184101504547458,0.007184101504547458,0.007184101504547457,0.007184101504547458,0.0071841015045474585,0.007184101504547461,0.007184101504547459,0.007184101504547458,0.0071841015045474585,0.007184101504547457,0.0071841015045474585,0.007184101504547458,0.007184101504547459,0.007184101504547456,0.007184101504547458,0.007184101504547459,0.007184101504547456,0.007184101504547459,0.007184101504547456,0.00718410150454746,0.007184101504547457,0.007184101504547458,0.007184101504547458,0.007184101504547457,0.007184101504547458,0.007184101504547459,0.007184101504547458,0.007184101504547459,0.00718410150454746,0.0071841015045474585,0.007184101504547459,0.00718410150454746,0.007184101504547459,0.007184101504547459,0.007184101504547459,0.007184101504547459,0.007184101504547462,0.0071841015045474585,0.007184101504547458,0.007184101504547457,0.00718410150454746,0.007184101504547464,0.0071841015045474655,0.0071841015045474585,0.0071841015045474655,0.0071841015045474655,0.007184101504547467,0.007184101504547467,0.007184101504547469,0.007184101504547467,0.007184101504547469,0.007184101504547468,0.0071841015045474655,0.007184101504547468,0.007184101504547466,0.007184101504547467,0.007184101504547468,0.007184101504547467,0.007184101504547466,0.0071841015045474655,0.007184101504547467,0.0071841015045474655,0.007184101504547466,0.0071841015045474655,0.007184101504547466,0.007184101504547467,0.007184101504547471,0.007184101504547466,0.007184101504547469,0.007184101504547466,0.007184101504547469,0.0071841015045474655,0.007184101504547469,0.007184101504547469,0.007184101504547467,0.007184101504547469,0.007184101504547469,0.007184101504547467,0.007184101504547467,0.007184101504547468,0.007184101504547468,0.007184101504547466,0.007184101504547469,0.007184101504547467,0.007184101504547466,0.007184101504547466,0.007184101504547466,0.007184101504547466,0.0071841015045474655,0.00718410150454747,0.007184101504547465,0.007184101504547463,0.0071841015045474655,0.007184101504547464,0.007184101504547463,0.007184101504547467,0.007184101504547464,0.0071841015045474655,0.007184101504547463,0.007184101504547461,0.007184101504547465,0.00718410150454746,0.007184101504547464,0.007184101504547462,0.007184101504547461,0.007184101504547462,0.007184101504547462,0.007184101504547462,0.00718410150454746,0.00718410150454746,0.007184101504547463,0.007184101504547462,0.00718410150454746,0.007184101504547464,0.007184101504547461,0.007184101504547463,0.007184101504547461,0.007184101504547462,0.007184101504547462,0.007184101504547461,0.007184101504547462,0.007184101504547461,0.007184101504547462,0.00718410150454746,0.007184101504547463,0.007184101504547465,0.007184101504547464,0.007184101504547461,0.007184101504547465,0.007184101504547461,0.007184101504547464,0.007184101504547465,0.007184101504547462,0.007184101504547464,0.00718410150454746,0.007184101504547462,0.007184101504547466,0.007184101504547463,0.007184101504547465,0.007184101504547462,0.007184101504547465,0.007184101504547461,0.007184101504547458,0.00718410150454746,0.007184101504547462,0.00718410150454746,0.007184101504547464,0.007184101504547459,0.007184101504547457,0.0071841015045474585,0.007184101504547454,0.007184101504547458,0.007184101504547455,0.007184101504547456,0.007184101504547457,0.007184101504547453,0.007184101504547454,0.007184101504547457,0.007184101504547456,0.007184101504547456,0.007184101504547456,0.007184101504547454,0.007184101504547455,0.007184101504547456,0.007184101504547456,0.007184101504547455,0.007184101504547456,0.007184101504547456,0.007184101504547454,0.007184101504547456,0.007184101504547454,0.007184101504547456,0.007184101504547456,0.007184101504547457,0.007184101504547456,0.007184101504547456,0.007184101504547452,0.007184101504547451,0.0071841015045474525,0.007184101504547455,0.007184101504547453,0.007184101504547456,0.007184101504547458,0.007184101504547456,0.007184101504547459,0.0071841015045474585,0.0071841015045474585,0.007184101504547458,0.007184101504547456,0.0071841015045474585,0.0071841015045474585,0.007184101504547456,0.0071841015045474525,0.007184101504547451,0.007184101504547451,0.007184101504547451,0.007184101504547449,0.007184101504547448,0.007184101504547449,0.007184101504547448,0.007184101504547448,0.007184101504547449,0.007184101504547447,0.007184101504547448,0.007184101504547456,0.007184101504547453,0.0071841015045474525,0.0071841015045474525,0.007184101504547454,0.007184101504547452,0.0071841015045474525,0.007184101504547454,0.007184101504547451,0.007184101504547452,0.007184101504547451,0.007184101504547449,0.007184101504547452,0.0071841015045474525,0.007184101504547451,0.00718410150454745,0.00718410150454745,0.007184101504547451,0.00718410150454745,0.00718410150454745,0.00718410150454745,0.0071841015045474525,0.007184101504547453,0.007184101504547453,0.007184101504547454,0.007184101504547453,0.007184101504547452,0.007184101504547452,0.007184101504547455,0.007184101504547455,0.007184101504547453,0.007184101504547456,0.007184101504547453,0.007184101504547456,0.007184101504547454,0.007184101504547454,0.007184101504547456,0.007184101504547455,0.007184101504547454,0.007184101504547457,0.007184101504547452,0.0071841015045474525,0.007184101504547452,0.007184101504547451,0.007184101504547452,0.007184101504547452,0.00718410150454745,0.0071841015045474525,0.007184101504547452,0.007184101504547454,0.007184101504547454,0.007184101504547455,0.007184101504547456,0.007184101504547457,0.0071841015045474585,0.007184101504547455,0.007184101504547456,0.007184101504547453,0.007184101504547457,0.0071841015045474525,0.007184101504547456,0.007184101504547454,0.0071841015045474525,0.007184101504547454,0.007184101504547452,0.007184101504547454,0.007184101504547454,0.0071841015045474525,0.007184101504547453,0.007184101504547453,0.007184101504547451,0.007184101504547451,0.007184101504547452,0.007184101504547452,0.007184101504547452,0.007184101504547455,0.007184101504547452,0.007184101504547452,0.007184101504547459,0.007184101504547459,0.007184101504547457,0.0071841015045474585,0.0071841015045474585,0.007184101504547459,0.007184101504547462,0.007184101504547459,0.007184101504547456,0.0071841015045474585,0.00718410150454746,0.007184101504547462,0.007184101504547462,0.0071841015045474585,0.007184101504547463,0.007184101504547459,0.007184101504547461,0.0071841015045474585,0.007184101504547462,0.00718410150454746,0.007184101504547459,0.007184101504547458,0.007184101504547462,0.0071841015045474585,0.007184101504547456,0.007184101504547457,0.007184101504547459,0.007184101504547459,0.0071841015045474585,0.007184101504547458,0.007184101504547459,0.0071841015045474585,0.007184101504547462,0.0071841015045474585,0.00718410150454746,0.007184101504547459,0.0071841015045474585,0.007184101504547458,0.007184101504547459,0.00718410150454746,0.0071841015045474585,0.007184101504547457,0.007184101504547459,0.0071841015045474585,0.007184101504547461,0.007184101504547461,0.00718410150454746,0.007184101504547463,0.007184101504547459,0.007184101504547459,0.007184101504547459,0.0071841015045474585,0.007184101504547458,0.007184101504547456,0.007184101504547457,0.007184101504547455,0.007184101504547456,0.007184101504547458,0.007184101504547457,0.0071841015045474585,0.007184101504547456,0.007184101504547458,0.007184101504547458,0.0071841015045474585,0.007184101504547459,0.0071841015045474585,0.007184101504547456,0.0071841015045474585,0.007184101504547456,0.0071841015045474585,0.007184101504547463,0.00718410150454746,0.007184101504547464,0.007184101504547464,0.007184101504547464,0.007184101504547463,0.007184101504547459,0.007184101504547461,0.00718410150454746,0.00718410150454746,0.007184101504547462,0.007184101504547459,0.007184101504547461,0.007184101504547463,0.0071841015045474585,0.007184101504547463,0.0071841015045474655,0.007184101504547463,0.007184101504547463,0.007184101504547461,0.00718410150454746,0.007184101504547462,0.007184101504547467,0.007184101504547464,0.007184101504547462,0.0071841015045474655,0.0071841015045474655,0.007184101504547462,0.007184101504547466,0.007184101504547467,0.007184101504547465,0.007184101504547467,0.0071841015045474655,0.007184101504547466,0.007184101504547463,0.007184101504547463,0.007184101504547467,0.007184101504547464,0.007184101504547464,0.0071841015045474655,0.007184101504547466,0.0071841015045474655,0.007184101504547465,0.007184101504547462,0.007184101504547465,0.007184101504547464,0.007184101504547464,0.007184101504547465,0.007184101504547465,0.007184101504547463,0.007184101504547465,0.007184101504547467,0.007184101504547466,0.007184101504547465,0.007184101504547466,0.007184101504547471,0.007184101504547469,0.00718410150454747,0.007184101504547468,0.007184101504547469,0.007184101504547469,0.00718410150454747,0.007184101504547469,0.007184101504547469,0.007184101504547468,0.007184101504547468,0.007184101504547471,0.0071841015045474715,0.007184101504547471,0.007184101504547469,0.007184101504547466,0.007184101504547465,0.007184101504547467,0.007184101504547466,0.007184101504547468,0.007184101504547467,0.007184101504547467,0.007184101504547466,0.00718410150454747,0.007184101504547469,0.007184101504547469,0.007184101504547469,0.007184101504547472,0.007184101504547471,0.007184101504547468,0.007184101504547468,0.007184101504547466,0.007184101504547464,0.007184101504547466,0.0071841015045474655,0.007184101504547466,0.007184101504547467,0.007184101504547464,0.007184101504547465,0.007184101504547466,0.007184101504547468,0.007184101504547469,0.007184101504547471,0.007184101504547471,0.007184101504547468,0.007184101504547471,0.007184101504547469,0.007184101504547468,0.007184101504547467,0.007184101504547468,0.00718410150454747,0.007184101504547469,0.007184101504547468,0.007184101504547469,0.0071841015045474715,0.007184101504547468,0.007184101504547471,0.007184101504547474,0.007184101504547468,0.007184101504547469,0.007184101504547466,0.007184101504547467,0.0071841015045474655,0.007184101504547467,0.007184101504547464,0.007184101504547466,0.007184101504547466,0.0071841015045474655,0.007184101504547468,0.007184101504547466,0.0071841015045474655,0.0071841015045474655,0.007184101504547464,0.007184101504547464,0.007184101504547463,0.007184101504547455,0.007184101504547454,0.007184101504547456,0.007184101504547456,0.007184101504547456,0.007184101504547455
6,8.006125860860357e-42,6.378895355246454e-41,1.7655234567470716e-40,3.5571362283894202e-40,6.054768688645661e-40,9.299862659317351e-40,1.3321088971438964e-39,1.813832927077032e-39,2.3765385320215815e-39,3.021184425274991e-39,3.748436781345809e-39,4.558758576610858e-39,5.452471571747509e-39,6.429799372828782e-39,7.490897352846632e-39,8.635873454853376e-39,9.864802655837314e-39,1.1177737027111733e-38,1.2574712721272943e-38,1.4055754836895344e-38,1.5620880789169687e-38,1.7270102665250812e-38,1.9003428847974672e-38,2.0820865153898213e-38,2.2722415616147592e-38,2.4708083031898475e-38,2.6777869336403287e-38,2.8931775873461845e-38,3.116980357384781e-38,3.349195308363561e-38,3.5898224848795083e-38,3.838861917917017e-38,4.0963136289898854e-38,4.3621776327173524e-38,4.636453939389823e-38,4.919142556399182e-38,5.210243488522196e-38,5.509756738994043e-38,5.817682310559507e-38,6.134020204338545e-38,6.458770421817189e-38,6.791932963438215e-38,7.133507830300333e-38,7.483495022281576e-38,7.841894539699004e-38,8.208706382949661e-38,8.583930551950043e-38,8.967567046950205e-38,9.359615868119401e-38,9.760077014936773e-38,1.0168950487918555e-37,1.0586236287108933e-37,1.1011934412543892e-37,1.1446044863959495e-37,1.1888567641386694e-37,1.233950274509568e-37,1.279885017505984e-37,1.326660993127396e-37,1.3742782013230664e-37,1.4227366421733014e-37,1.4720363156027307e-37,1.5221772216565608e-37,1.5731593602909446e-37,1.6249827315492234e-37,1.6776473354350966e-37,1.7311531719526e-37,1.7855002410996205e-37,1.8406885428212886e-37,1.8967180771677496e-37,1.9535888441411495e-37,2.0113008437499806e-37,2.0698540759364217e-37,2.129248540759036e-37,2.1894842382035404e-37,2.2505611682749622e-37,2.3124793309836736e-37,2.375238726221715e-37,2.438839354092654e-37,2.503281214634556e-37,2.568564307818028e-37,2.6346886335307845e-37,2.701654191920125e-37,2.769460982940915e-37,2.838109006597403e-37,2.9075982627860784e-37,2.9779287516562765e-37,3.0491004731049337e-37,3.1211134271854895e-37,3.193967613949877e-37,3.2676630333024137e-37,3.3421996852797575e-37,3.417577569846013e-37,3.493796687090352e-37,3.5708570368704542e-37,3.648758619325351e-37,3.727501434371582e-37,3.807085482015592e-37,3.8875107622797956e-37,3.968777275178849e-37,4.050885020706843e-37,4.133833998881585e-37,4.217624209691124e-37,4.302255653125377e-37,4.387728329201371e-37,4.474042237810745e-37,4.561197379047953e-37,4.64919375293178e-37,4.738031359445298e-37,4.827710198550787e-37,4.918230270291314e-37,5.009591574714578e-37,5.101794111774641e-37,5.19483788141861e-37,5.2887228836563385e-37,5.3834491185257215e-37,5.479016586079639e-37,5.575425286176352e-37,5.672675218904944e-37,5.770766384271713e-37,5.869698782388674e-37,5.969472413044821e-37,6.07008727633261e-37,6.17154337226397e-37,6.273840700829189e-37,6.376979261933297e-37,6.480959055676023e-37,6.585780082061346e-37,6.691442341081837e-37,6.7979458327463265e-37,6.905290557054603e-37,7.01347651389195e-37,7.122503703384853e-37,7.232372125513018e-37,7.34308178036398e-37,7.4546326677668476e-37,7.567024787911641e-37,7.680258140604844e-37,7.794332725940553e-37,7.909248543920262e-37,8.025005594436841e-37,8.141603877584881e-37,8.259043393376184e-37,8.377324141822831e-37,8.496446122897838e-37,8.616409336612887e-37,8.73721378297777e-37,8.85885946189845e-37,8.981346373455295e-37,9.104674517655162e-37,9.22884389449231e-37,9.353854503973494e-37,9.479706346096998e-37,9.606399420859294e-37,9.733933728178322e-37,9.86230926825493e-37,9.991526040961457e-37,1.0121584046119209e-36,1.0252483284011392e-36,1.0384223754547828e-36,1.0516805457721984e-36,1.0650228393460716e-36,1.0784492561851437e-36,1.0919597962867468e-36,1.1055544596644556e-36,1.1192332462971686e-36,1.1329961561930572e-36,1.1468431893550214e-36,1.1607743457795479e-36,1.1747896254683997e-36,1.1888890284238334e-36,1.2030725546427962e-36,1.2173402041186388e-36,1.2316919768669921e-36,1.246127872870985e-36,1.2606478921407935e-36,1.275252034674628e-36,1.289940300473321e-36,1.304712689537624e-36,1.319569201855855e-36,1.3345098374394947e-36,1.3495345962892273e-36,1.364643478403061e-36,1.3798364837799194e-36,1.3951136124233209e-36,1.4104748643221397e-36,1.4259202394868186e-36,1.4414497379241881e-36,1.4570633596178816e-36,1.4727611045774594e-36,1.4885429728016081e-36,1.5044089642818111e-36,1.5203590790348547e-36,1.5363933170546382e-36,1.552511678337941e-36,1.5687141628780142e-36,1.585000770681615e-36,1.6013715017511112e-36,1.6178263560772226e-36,1.6343653336782133e-36,1.6509884345429758e-36,1.6676956586746013e-36,1.684487006061362e-36,1.7013624767037506e-36,1.7183220706208363e-36,1.7353657877936263e-36,1.7524936282411678e-36,1.7697055919436948e-36,1.787001678921958e-36,1.804381889156044e-36,1.8218462226658144e-36,1.8393946794295673e-36,1.857027259449541e-36,1.8747439627452347e-36,1.892544789295922e-36,1.910429739121571e-36,1.9283988122137782e-36,1.946452008572349e-36,1.964589328185102e-36,1.9828107710747934e-36,2.0011163372195608e-36,2.0195060266216012e-36,2.037979839298529e-36,2.0565377752286604e-36,2.075179834426644e-36,2.093906016889964e-36,2.1127163226286203e-36,2.1316107516224272e-36,2.1505893038726175e-36,2.1696519793905895e-36,2.1887987781637225e-36,2.2080297002194733e-36,2.2273447455234124e-36,2.2467439141126513e-36,2.266227205969749e-36,2.2857946210708177e-36,2.305446159456562e-36,2.3251818210893588e-36,2.345001606007783e-36,2.3649055141733985e-36,2.3848935456070954e-36,2.4049657003034454e-36,2.42512197826698e-36,2.4453623794963058e-36,2.465686903992067e-36,2.48609555175153e-36,2.506588322778196e-36,2.5271652170709124e-36,2.5478262346129523e-36,2.568571375436546e-36,2.589400639509784e-36,2.6103140268687252e-36,2.6313115374731385e-36,2.6523931713436678e-36,2.673558928481443e-36,2.6948088088842087e-36,2.7161428125532948e-36,2.737560939488745e-36,2.7590631896902668e-36,2.7806495631580678e-36,2.8023200598911288e-36,2.824074679891757e-36,2.8459134231388793e-36,2.8678362896720817e-36,2.8898432794518337e-36,2.9119343925207953e-36,2.9341096288329733e-36,2.9563689884326944e-36,2.9787124712807645e-36,3.0011400773747908e-36,3.023651806771955e-36,3.046247659418785e-36,3.0689276353329196e-36,3.0916917345126474e-36,3.114539956959829e-36,3.137472302671472e-36,3.160488771652003e-36,3.183589363897066e-36,3.206774079388265e-36,3.2300429181687554e-36,3.253395880194864e-36,3.2768329654888965e-36,3.300354174050289e-36,3.3239595058969615e-36,3.347648960988752e-36,3.3714225393495226e-36,3.3952802409749856e-36,3.419222065852547e-36,3.44324801401528e-36,3.467358085426258e-36,3.491552280119709e-36,3.5158305980803255e-36,3.54019303931046e-36,3.5646396038055234e-36,3.589170291548875e-36,3.613785102559366e-36,3.638484036836761e-36,3.663267094402555e-36,3.688134275211536e-36,3.713085579290066e-36,3.738121006635075e-36,3.763240557246085e-36,3.788444231104868e-36,3.813732028248228e-36,3.839103948661823e-36,3.864559992339285e-36,3.890100159290094e-36,3.9157244495046786e-36,3.941432862988464e-36,3.9672253997176016e-36,3.99310205971436e-36,4.0190628429989e-36,4.045107749529957e-36,4.071236779348022e-36,4.097449932413623e-36,4.123747208767282e-36,4.1501286083498324e-36,4.176594131217401e-36,4.203143777354397e-36,4.229777546756572e-36,4.2564954394254254e-36,4.283297455363685e-36,4.310183594567211e-36,4.33715385702153e-36,4.364208242744313e-36,4.391346751733345e-36,4.41856938399386e-36,4.445876139535165e-36,4.4732670183259274e-36,4.5007420203842244e-36,4.5283011456954086e-36,4.555944394306931e-36,4.5836717661669024e-36,4.6114832612769995e-36,4.639378879674244e-36,4.6673586213193e-36,4.69542248625179e-36,4.723570474433251e-36,4.7518025859001e-36,4.780118820635883e-36,4.808519178640034e-36,4.8370036599080177e-36,4.8655722644286546e-36,4.894224992215717e-36,4.922961843271609e-36,4.951782817611982e-36,4.9806879152044486e-36,5.009677136063966e-36,5.038750480191193e-36,5.067907947566861e-36,5.097149538230098e-36,5.126475252142616e-36,5.155885089341627e-36,5.185379049790042e-36,5.2149571335270715e-36,5.244619340529959e-36,5.2743656707834445e-36,5.304196124305705e-36,5.334110701094204e-36,5.3641094011538196e-36,5.3941922244607234e-36,5.4243591710544885e-36,5.4546102408946825e-36,5.484945434023791e-36,5.515364750423098e-36,5.545868190068841e-36,5.5764557530018194e-36,5.607127439202848e-36,5.6378832486741426e-36,5.668723181395124e-36,5.699647237403009e-36,5.7306554166603356e-36,5.7617477192039277e-36,5.7929241449971313e-36,5.824184694038982e-36,5.8555293663699285e-36,5.886958161949751e-36,5.918471080797806e-36,5.9500681229132794e-36,5.981749288318798e-36,6.01351457697281e-36,6.045363988891561e-36,6.077297524101697e-36,6.109315182579076e-36,6.141416964306582e-36,6.173602869300582e-36,6.20587289758502e-36,6.238227049136785e-36,6.270665323921866e-36,6.303187721990079e-36,6.335794243327274e-36,6.368484887916645e-36,6.401259655773482e-36,6.434118546921512e-36,6.467061561336022e-36,6.500088699018607e-36,6.533199959952199e-36,6.566395344174165e-36,6.599674851624785e-36,6.633038482366747e-36,6.666486236392935e-36,6.700018113689173e-36,6.733634114213065e-36,6.767334238025035e-36,6.80111848510794e-36,6.834986855440795e-36,6.868939349061072e-36,6.902975965950347e-36,6.93709670611052e-36,6.9713015695211e-36,7.00559055620041e-36,7.03996366616754e-36,7.074420899364757e-36,7.10896225585142e-36,7.143587735605056e-36,7.178297338626169e-36,7.213091064918352e-36,7.247968914481477e-36,7.282930887311794e-36,7.317976983392615e-36,7.353107202746694e-36,7.388321545365818e-36,7.423620011274906e-36,7.459002600430567e-36,7.494469312878354e-36,7.53002014859112e-36,7.565655107577713e-36,7.601374189793904e-36,7.637177395318761e-36,7.673064724114761e-36,7.709036176138868e-36,7.745091751455136e-36,7.781231450034743e-36,7.817455271888097e-36,7.853763217008753e-36,7.890155285399079e-36,7.926631477058998e-36,7.963191791969726e-36,7.999836230152079e-36,8.036564791599692e-36,8.073377476339429e-36,8.11027428432812e-36,8.147255215586579e-36,8.184320270137294e-36,8.221469447916095e-36,8.258702748983439e-36,8.29602017331848e-36,8.333421720944044e-36,8.370907391800065e-36,8.40847718592966e-36,8.446131103345468e-36,8.483869144012461e-36,8.521691307951182e-36,8.559597595155743e-36,8.597588005654691e-36,8.635662539382036e-36,8.67382119639822e-36,8.712063976685944e-36,8.750390880243564e-36,8.788801907052502e-36,8.8272970571477e-36,8.865876330533849e-36,8.904539727167268e-36,8.943287247054187e-36,8.982118890231452e-36,9.021034656656297e-36,9.060034546336885e-36,9.099118559303535e-36,9.138286695560984e-36,9.177538955069729e-36,9.216875337830013e-36,9.256295843881084e-36,9.295800473179879e-36,9.335389225765305e-36,9.375062101643773e-36,9.414819100771709e-36,9.454660223151346e-36,9.494585468819717e-36,9.53459483774178e-36,9.574688329954297e-36,9.614865945414412e-36,9.655127684130648e-36,9.69547354616878e-36,9.735903531421604e-36,9.776417639963545e-36,9.817015871759055e-36,9.857698226841452e-36,9.898464705181971e-36,9.93931530680902e-36,9.980250031684215e-36,1.0021268879848554e-35,1.0062371851262817e-35,1.0103558945970296e-35,1.014483016396672e-35,1.0186185505208978e-35,1.0227624969711857e-35,1.0269148557499016e-35,1.0310756268540499e-35,1.0352448102831959e-35,1.0394224060414634e-35,1.0436084141290645e-35,1.0478028345371215e-35,1.0520056672780959e-35,1.0562169123448604e-35,1.0604365697364066e-35,1.0646646394535702e-35,1.0689011214996551e-35,1.0731460158742468e-35,1.0773993225745049e-35,1.0816610416030848e-35,1.0859311729573369e-35,1.0902097166367602e-35,1.0944966726449572e-35,1.0987920409787719e-35,1.1030958216415025e-35,1.107408014633184e-35,1.1117286199461872e-35,1.1160576375914786e-35,1.1203950675587549e-35,1.1247409098547226e-35,1.1290951644796653e-35,1.133457831433586e-35,1.1378289107094121e-35,1.1422084023139982e-35,1.1465963062475488e-35,1.1509926225057476e-35,1.1553973510896803e-35,1.1598104920023454e-35,1.164232045244598e-35,1.1686620108083404e-35,1.1731003887008775e-35,1.1775471789223842e-35,1.1820023814689573e-35,1.1864659963410014e-35,1.1909380235420193e-35,1.1954184630718364e-35,1.1999073149269189e-35,1.204404579107481e-35,1.2089102556168213e-35,1.2134243444514643e-35,1.2179468456152996e-35,1.222477759104581e-35,1.227017084926402e-35,1.23156482306959e-35,1.2361209735384647e-35,1.2406855363394472e-35,1.245258511462253e-35,1.2498398989140385e-35,1.2544296986948505e-35,1.2590279108050378e-35,1.2636345352362134e-35,1.2682495719966598e-35,1.27287302108668e-35,1.277504882500767e-35,1.2821451562408642e-35,1.2867938423097234e-35,1.2914509407078162e-35,1.2961164514312218e-35,1.3007903744805132e-35,1.3054727098580056e-35,1.3101634575610873e-35,1.3148626175900367e-35,1.319570189947404e-35,1.3242861746336462e-35,1.3290105716458337e-35,1.3337433809828989e-35,1.3384846026490456e-35,1.3432342366447827e-35,1.3479922829650405e-35,1.352758741614627e-35,1.357533612593818e-35,1.3623168958941976e-35,1.3671085915195786e-35,1.3719086994783282e-35,1.3767172197616016e-35,1.3815341523707023e-35,1.3863594973058722e-35,1.3911932545729448e-35,1.3960354241617456e-35,1.4008860060796e-35,1.4057450003266883e-35,1.4106124068991384e-35,1.4154882257971295e-35,1.420372457024188e-35,1.425265100576235e-35,1.4301661564575836e-35,1.4350756246640847e-35,1.4399935051996747e-35,1.4449197980612317e-35,1.4498545032514085e-35,1.4547976207668138e-35,1.4597491506076156e-35,1.4647090927774728e-35,1.469677447272727e-35,1.4746542140971124e-35,1.479639393250935e-35,1.4846329847258343e-35,1.4896349885300614e-35,1.4946454046635548e-35,1.4996642331220213e-35,1.5046914739100413e-35,1.5097271270269244e-35,1.5147711924696238e-35,1.519823670237121e-35,1.524884560333536e-35,1.5299538627559653e-35,1.5350315775037883e-35,1.540117704581273e-35,1.5452122439870488e-35,1.550315195718122e-35,1.5554265597751795e-35,1.5605463361611143e-35,1.5656745248728985e-35,1.5708111259135518e-35,1.575956139279473e-35,1.5811095649745432e-35,1.586271402999121e-35,1.5914416533442185e-35,1.5966203160193414e-35,1.6018073910236943e-35,1.6070028783530777e-35,1.612206778007539e-35,1.617419089991355e-35,1.6226398143047307e-35,1.6278689509395924e-35,1.633106499903975e-35,1.6383524611966924e-35,1.6436068348149413e-35,1.6488696207627244e-35,1.6541408190363203e-35,1.6594204296388375e-35,1.6647084525664226e-35,1.6700048878235883e-35,1.6753097354062175e-35,1.6806229953136902e-35,1.6859446675507427e-35,1.6912747521169396e-35,1.6966132490125231e-35,1.701960158229636e-35,1.707315479776145e-35,1.7126792136518192e-35,1.7180513598492525e-35,1.7234319183760606e-35,1.7288208892279275e-35,1.7342182724126842e-35,1.739624067919449e-35,1.7450382757551708e-35,1.7504608959202494e-35,1.7558919284110259e-35,1.7613313732262764e-35,1.766779230371975e-35,1.772235499846583e-35,1.7777001816427866e-35,1.7831732757683858e-35,1.7886547822227835e-35,1.7941447010029443e-35,1.7996430321079585e-35,1.8051497755465247e-35,1.8106649313103776e-35,1.8161884993996885e-35,1.8217204798178687e-35,1.827260872565848e-35,1.8328096776351864e-35,1.8383668950346024e-35,1.8439325247582376e-35,1.8495065668118206e-35,1.8550890211906309e-35,1.860679887898705e-35,1.8662791669322865e-35,1.8718868582916025e-35,1.8775029619795308e-35,1.8831274779971127e-35,1.8887604063405992e-35,1.8944017470130777e-35,1.9000515000112803e-35,1.905709665338913e-35,1.9113762429921034e-35,1.9170512329705944e-35,1.9227346352787372e-35,1.9284264499153074e-35,1.9341266768743686e-35,1.939835316162409e-35,1.9455523677797582e-35,1.9512778317225922e-35,1.9570117079943268e-35,1.9627539965916564e-35,1.9685046975190456e-35,1.9742638107714908e-35,1.9800313363491586e-35,1.9858072742567128e-35,1.9915916244893563e-35,1.997384387047605e-35,2.0031855619353162e-35,2.0089951491524637e-35,2.0148131486949627e-35,2.0206395605628757e-35,2.0264743847608305e-35,2.0323176212839085e-35,2.0381692701361376e-35,2.044029331313505e-35,2.049897804820637e-35,2.055774690652887e-35,2.0616599888146502e-35,2.0675536993020019e-35,2.0734558221150944e-35,2.0793663572576423e-35,2.0852853047288845e-35,2.0912126645261945e-35,2.0971484366529435e-35,2.103092621104883e-35,2.1090452178863694e-35,2.1150062269893323e-35,2.1209756484222254e-35,2.1269534821837668e-35,2.1329397282750364e-35,2.138934386691685e-35,2.1449374574335698e-35,2.1509489405062082e-35,2.1569688359037018e-35,2.1629971436301768e-35,2.1690338636827091e-35,2.1750789960640877e-35,2.1811325407706082e-35,2.1871944978072613e-35,2.1932648671733632e-35,2.1993436488611707e-35,2.205430842878701e-35,2.2115264492253256e-35,2.2176304678974129e-35,2.2237428988949556e-35,2.2298637422214514e-35,2.2359929978781556e-35,2.2421306658599917e-35,2.24827674616809e-35,2.2544312388044994e-35,2.2605941437674076e-35,2.266765461055495e-35,2.272945190676713e-35,2.279133332623744e-35,2.2853298868928774e-35,2.2915348534907975e-35,2.2977482324184682e-35,2.3039700236759036e-35,2.310200227255053e-35,2.3164388431666974e-35,2.3226858714046357e-35,2.3289413119679701e-35,2.3352051648566532e-35,2.341477430075295e-35,2.347758107622844e-35,2.3540471974964902e-35,2.3603446996950038e-35,2.366650614219635e-35,2.3729649410773254e-35,2.3792876802604887e-35,2.385618831769344e-35,2.3919583956120798e-35,2.3983063717802143e-35,2.404662760269949e-35,2.4110275610848535e-35,2.4174007742301375e-35,2.4237823997047367e-35,2.4301724375087297e-35,2.4365708876384447e-35,2.442977750097152e-35,2.449393024877685e-35,2.455816711988002e-35,2.4622488114240116e-35,2.4686893231890236e-35,2.4751382472838667e-35,2.481595583703976e-35,2.488061332453939e-35,2.494535493529377e-35,2.5010180669301257e-35,2.5075090526599553e-35,2.514008450716492e-35,2.520516261106068e-35,2.527032483821568e-35,2.533557118866637e-35,2.5400901662333746e-35,2.5466316259293736e-35,2.5531814979510765e-35,2.559739782302435e-35,2.566306478983199e-35,2.572881587989719e-35,2.579465109325481e-35,2.586057042983073e-35,2.5926573889708917e-35,2.599266147283987e-35,2.605883317926201e-35,2.612508900898253e-35,2.6191428961997274e-35,2.6257853038269823e-35,2.632436123775868e-35,2.639095356054642e-35,2.6457630006587516e-35,2.652439057592526e-35,2.65912352685634e-35,2.66581640844955e-35,2.6725177023682967e-35,2.6792274086089415e-35,2.685945527178873e-35,2.692672058078263e-35,2.6994070013067965e-35,2.7061503568618766e-35,2.7129021247459917e-35,2.7196623049596006e-35,2.7264308974949074e-35,2.733207902356805e-35,2.7399933195473134e-35,2.746787149063283e-35,2.753589390909523e-35,2.7604000450896544e-35,2.7672191115947586e-35,2.7740465904175157e-35,2.7808824815705903e-35,2.787726785053124e-35,2.7945795008651775e-35,2.801440629007094e-35,2.8083101694743614e-35,2.815188122271162e-35,2.82207448739006e-35,2.828969264837691e-35,2.835872454616088e-35,2.8427840567201566e-35,2.849704071153339e-35,2.856632497916077e-35,2.8635693370053983e-35,2.870514588415581e-35,2.877468252155798e-35,2.8844303282254637e-35,2.8914008166250596e-35,2.898379717350039e-35,2.905367030405018e-35,2.912362755789454e-35,2.919366893492321e-35,2.926379443523933e-35,2.9334004058854975e-35,2.940429780576993e-35,2.9474675675976024e-35,2.954513766944465e-35,2.961568378620442e-35,2.96863140261525e-35,2.975702838939569e-35,2.982782687593042e-35,2.989870948575709e-35,2.9969676218883505e-35,3.0040727075268075e-35,3.011186205495603e-35,3.018308115785671e-35,3.0254384384016897e-35,3.0325771733472276e-35,3.0397243206231044e-35,3.0468798802276967e-35,3.054043852161939e-35,3.061216236422057e-35,3.068397033008008e-35,3.0755862419198185e-35,3.082783863161589e-35,3.089989896728439e-35,3.0972043426253074e-35,3.104427200852121e-35,3.111658471408097e-35,3.1188981542858334e-35,3.1261462494899277e-35,3.133402757023555e-35,3.140667676883408e-35,3.1479410090724677e-35,3.15522275359115e-35,3.1625129104398037e-35,3.16981147961061e-35,3.17711846110654e-35,3.184433854932901e-35,3.1917576610854676e-35,3.1990898795705526e-35,3.2064305103819667e-35,3.2137795535151615e-35,3.2211370089775775e-35,3.2285028767667124e-35,3.2358771568891054e-35,3.243259849337404e-35,3.2506509541112336e-35,3.258050471218765e-35,3.2654584006480943e-35,3.272874742403013e-35,3.2802994964879626e-35,3.287732662898767e-35,3.295174241639622e-35,3.3026242327096173e-35,3.310082636109675e-35,3.3175494518307825e-35,3.325024679878657e-35,3.3325083202565216e-35,3.340000372959095e-35,3.347500837995905e-35,3.35500971536227e-35,3.362527005054577e-35,3.3700527070698884e-35,3.377586821414001e-35,3.38512934808374e-35,3.392680287083534e-35,3.400239638412942e-35,3.407807402068324e-35,3.4153835780537283e-35,3.4229681663609386e-35,3.430561166997469e-35,3.438162579964449e-35,3.445772405257349e-35,3.453390642879486e-35,3.461017292827998e-35,3.468652355106171e-35,3.476295829706212e-35,3.483947716639654e-35,3.491608015899449e-35,3.499276727488888e-35,3.5069538514072007e-35,3.514639387649043e-35,3.5223333362196695e-35,3.530035697112622e-35,3.537746470334871e-35,3.5454656558872295e-35,3.553193253769626e-35,3.5609292639820665e-35,3.5686736865167444e-35,3.576426521387755e-35,3.5841877685811067e-35,3.5919574280967795e-35,3.599735499943287e-35,3.6075219841178486e-35,3.6153168806226233e-35,3.6231201894500136e-35,3.6309319106066893e-35,3.6387520440857256e-35,3.646580589894823e-35,3.65441754803245e-35,3.6622629185006573e-35,3.6701167012988795e-35,3.677978896426761e-35,3.6858495038840066e-35,3.6937285236569314e-35,3.701615955759128e-35,3.7095118001902964e-35,3.717416056951656e-35,3.725328726041898e-35,3.733249807455736e-35,3.741179301206209e-35,3.7491172072790233e-35,3.7570635256741715e-35,3.765018256406061e-35,3.7729813994607033e-35,3.780952954845087e-35,3.7889329225595397e-35,3.796921302602946e-35,3.8049180949687744e-35,3.8129232996572754e-35,3.820936916682921e-35,3.828958946037954e-35,3.836989387715336e-35,3.845028241730665e-35,3.853075508067907e-35,3.861131186727908e-35,3.8691952777176045e-35,3.877267781036713e-35,3.8853486966789895e-35,3.893438024650165e-35,3.9015357649519563e-35,3.9096419175748436e-35,3.917756482527997e-35,3.9258794598112835e-35,3.9340108494239414e-35,3.942150651358971e-35,3.950298865631179e-35,3.958455492233197e-35,3.966620531150142e-35,3.974793982396858e-35,3.9829758459730024e-35,3.9911661218797145e-35,3.9993648101161497e-35,4.00757191068159e-35,4.015787423577666e-35,4.0240113487960433e-35,4.0322436863364755e-35,4.0404844362066843e-35,4.048733598406711e-35,4.056991172936948e-35,4.0652571597965274e-35,4.0735315589859786e-35,4.0818143704974244e-35,4.0901055943312763e-35,4.0984052304945797e-35,4.1067132789889036e-35,4.1150297398132836e-35,4.123354612966287e-35,4.1316878984500027e-35,4.1400295962556577e-35,4.148379706391574e-35,4.1567382288568773e-35,4.1651051636450335e-35,4.173480510762573e-35,4.181864270209598e-35,4.190256441979859e-35,2.028561915343322e-05,4.143538161054377e-05,6.339032550797866e-05,8.611183234299705e-05,0.00010957791956372628,0.0001337801137974775,0.00015872094833036302,0.0001844120321537747,0.00021087260672573497,0.00023812850505444016,0.0002662114379261381,0.0002951585457470706,0.0003250121679662092,0.00035581979411931046,0.00038763417086924327,0.00042051354819453216,0.0004545220553768598,0.000489730204022437,0.0005262155213677728,0.0005640633229304939,0.0006033676394665077,0.0006442323196200649,0.0006867723369267456,0.0007311153384763884,0.0007774034831193007,0.0008257956303620769,0.0008764699580489798,0.0009296271088842139,0.0009854939947395124,0.0010443284260209973,0.001106424784966819,0.0011721210318471687,0.0012418074295430454,0.0013159375063814518,0.0013950419668655072,0.0014797465316269361,0.00157079508285315,0.0016690800750486798,0.001775683048661567,0.0018919294296315206,0.002019463903250684,0.0021603560194557335,0.0023172512054606157,0.002493591633349935,0.0026939473742824574,0.0029245265312594047,0.003177444458550824,0.0031774444585521418,0.003177444458553599,0.003177444458555232,0.0031774444585570883,0.0031774444585592407,0.003177444458561801,0.0031774444585733887,0.00317744445862154,0.0034947196131898716,0.0038803810202727987,0.004361830123506218,0.0049818781276694205,0.005806987711372973,0.006930632267394469,0.008442610919679973,0.010336559910366762,0.012433105185593697,0.012433105186451037,0.01456151394038333,0.01654210017792639,0.018301880992867135,0.019825901756847685,0.021128100375048534,0.022233446109955278,0.023169051141556977,0.023960284723817286,0.02462932368851014,0.025194792456064062,0.02567184037333485,0.02607237725152211,0.02640542354660533,0.02667768636016774,0.0268944330048572,0.027060442686016577,0.027180638518879884,0.027260240002465814,0.02730459629300114,0.027318929859351367,0.027308124301761865,0.027276594579250538,0.027228231068132942,0.02716639592232879,0.02709395153658092,0.027013306056244243,0.026926465881328337,0.02683508894894249,0.026740535239677007,0.026643912695730885,0.026546117828651784,0.026447870944529658,0.02634974627791839,0.026252197507122526,0.02615557919352851,0.026060164691975213,0.025966161046640117,0.025873721337905973,0.025782954888626596,0.02569393568243342,0.025606709294781815,0.02552129858961124,0.025437708394256898,0.02535592932950771,0.025275940941951555,0.025197714260627942,0.02512121387895926,0.025046399645610555,0.024973228033102535,0.024901653241375506,0.02483162808337712,0.024763104691527604,0.02469603507729875,0.024630371570394372,0.02456606715941748,0.02450307575225737,0.024441352371005306,0.024380853293763882,0.024321536153632202,0.02426336000304299,0.024206285350555034,0.024150274175615577,0.024095289926071142,0.02404129750215402,0.023988263230118823,0.023936154828058488,0.023884941365942908,0.023834593221619467,0.023785082034054897,0.023736380654922427,0.023688463099444557,0.02364130449707237,0.02359488104266732,0.02354916994840946,0.02350414939703961,0.023459798496165658,0.02341609723441359,0.02337302643868559,0.023330567734566987,0.02328870350660891,0.023247416861370555,0.02320669159206652,0.02316651214492078,0.02312686358719109,0.02308773157679098,0.02304910233348932,0.02301096261164128,0.022973299674260737,0.02293610126858501,0.022899355602871832,0.022863051324488928,0.022827177499147467,0.02279172359124374,0.022756679445324716,0.022722035268466615,0.02268778161367869,0.022653909364153707,0.022620409718361927,0.02258727417594315,0.022554494524326344,0.02252206282618514,0.02248997140728184,0.022458212845232365,0.022426779958664596,0.022395665797005054,0.022364863630839837,0.02233436694261905,0.02230416941795816,0.02227426493738417,0.02224464756834878,0.022215311557792945,0.022186251324987985,0.02215746145476697,0.02212893669104209,0.022100671930656547,0.022072662217531073,0.022044902737070163,0.02201738881087063,0.0219901158915814,0.021963079558103022,0.02193627551095359,0.021909699567844325,0.021883347659467742,0.02185721582545933,0.021831300210553024,0.02180559706088297,0.021780102720474634,0.02175481362785205,0.021729726312809877,0.02170483739333447,0.021680143572594162,0.02165564163616358,0.021631328449253685,0.021607200954109007,0.021583256167504446,0.02155949117833624,0.021535903145315484,0.021512489294739093,0.02148924691837424,0.021466173371402452,0.021443266070452358,0.02142052249170714,0.021397940169100207,0.021375516692506823,0.021353249706131373,0.021331136906856202,0.021309176042666255,0.02128736491115517,0.021265701358074113,0.021244183275934816,0.02122280860266687,0.02120157532029782,0.021180481453748064,0.021159525069549625,0.021138704274764657,0.021118017215785007,0.021097462077288215,0.0210770370811193,0.021056740485484875,0.02103657058365343,0.021016525703293303,0.020996604205380142,0.02097680448337475,0.02095712496240423,0.020937564098335325,0.020918120377046205,0.02089879231375698,0.020879578452059056,0.020860477363223967,0.02084148764569103,0.0208226079241973,0.02080383684926069,0.020785173096384616,0.020766615365552767,0.020748162380563956,0.020729812888558883,0.020711565659302943,0.02069341948473863,0.020675373178429164,0.020657425575048995,0.020639575529873968,0.02062182191826798,0.020604163635345823,0.020586599595340958,0.020569128731229503,0.02055174999431665,0.020534462353816167,0.020517264796445365,0.020500156326004375,0.020483135963008117,0.020466202744289144,0.02044935572270274,0.02043259396671438,0.020415916560047685,0.020399322601382032,0.020382811204017616,0.02036638149556289,0.020350032617621337,0.020333763725493767,0.020317573987887246,0.020301462586634865,0.020285428716427474,0.02026947158450268,0.020253590410429113,0.020237784425845277,0.020222052874194624,0.020206395010487165,0.020190810101075075,0.02017529742341229,0.020159856265779093,0.020144485927256043,0.02012918571722492,0.02011395495540511,0.020098792971472112,0.02008369910501156,0.02006867270521407,0.02005371313073868,0.020038819749526607,0.020023991938619486,0.020009229083972308,0.019994530580282766,0.0199798958308561,0.019965324247430943,0.019950815249930344,0.019936368266467098,0.019921982733087165,0.019907658093636853,0.01989339379964187,0.01987918931011344,0.019865044091523395,0.019850957617522282,0.019836929368919193,0.01982295883343066,0.01980904550579504,0.01979518888742377,0.01978138848627472,0.019767643816850505,0.01975395440012942,0.019740319763293126,0.019726739439618727,0.0197132129685746,0.01969973989551918,0.01968631977165005,0.0196729521539583,0.019659636605086003,0.019646372693211768,0.019633159991936946,0.019619998080274703,0.01960688654251621,0.01959382496814666,0.019580812951748038,0.019567850092915857,0.01955493599618708,0.01954207027095451,0.0195292525313687,0.019516482396274477,0.019503759489195728,0.019491083438125733,0.0194784538755822,0.019465870438449943,0.019453332767970052,0.019440840509595828,0.01942839331302064,0.019415990832047366,0.0194036327245471,0.01939131865237702,0.019379048281337612,0.01936682128108643,0.019354637325118784,0.019342496090666045,0.019330397258661005,0.019318340513695468,0.019306325543923378,0.019294352041013322,0.019282419700172554,0.01927052821994799,0.019258677302371265,0.019246866652621274,0.019235095979299732,0.019223364994182073,0.019211673412235182,0.01920002095154087,0.01918840733326483,0.019176832281609563,0.019165295523770505,0.019153796789893228,0.019142335813037786,0.019130912329176193,0.01911952607695119,0.0191081767979588,0.019096864236431258,0.019085588139366522,0.0190743482564087,0.01906314433982454,0.019051976144472228,0.019040843427744356,0.01902974594964398,0.01901868347256687,0.01900765576137516,0.01899666258336028,0.01898570370819746,0.018974778907908264,0.018963887956847954,0.018953030631614354,0.01894220671109514,0.018931415976417634,0.018920658210871032,0.018909933199929858,0.018899240731197725,0.01888858059438107,0.018877952581284742,0.01886735648573509,0.018856792103611537,0.018846259232755454,0.0188357576730531,0.01882528722625779,0.018814847696094584,0.01880443888814297,0.0187940606098772,0.01878371267065574,0.01877339488160365,0.018763107055701396,0.018752849007587002,0.01874262055379538,0.018732421512518353,0.01872225170366755,0.018712110948864016,0.018701999071378036,0.018691915896130958,0.018681861249672867,0.018671834960167857,0.018661836857290597,0.018651866772444757,0.01864192453838769,0.018632009989526924,0.018622122961791023,0.018612263292525886,0.01860243082058148,0.018592625386272165,0.018582846831315097,0.01857309499884702,0.01856336973350709,0.018553670881205776,0.018543998289252173,0.018534351806309052,0.018524731282407635,0.01851513656885927,0.018505567518287393,0.018496023984619466,0.018486505823052182,0.01847701289003486,0.018467545043268727,0.01845810214165858,0.018448684045387742,0.018439290615811777,0.01842992171544011,0.018420577207992173,0.01841125695832904,0.01840196083247753,0.01839268869758538,0.018383440421932556,0.01837421587489949,0.01836501492696506,0.018355837449697553,0.018346683315722503,0.018337552398742928,0.01832844457349433,0.018319359715766943,0.018310297702357682,0.018301258411085368,0.01829224172076947,0.018283247511220704,0.018274275663235817,0.01826532605856295,0.01825639857992727,0.018247493110972648,0.018238609536357125,0.01822974774158002,0.018220907613112812,0.01821208903828198,0.01820329190536922,0.018194516103526435,0.018185761522772934,0.018177028053984988,0.01816831558893256,0.018159624020219395,0.018150953241297996,0.01814230314645394,0.01813367363086454,0.018125064590317774,0.01811647592159771,0.018107907522244955,0.018099359290580715,0.018090831125713084,0.018082322927514813,0.018073834596633052,0.018065366034470523,0.018056917143179998,0.018048487825665625,0.018040077985549362,0.01803168752719976,0.018023316355663156,0.018014964376796515,0.018006631497041962,0.017998317623654742,0.01799002266450163,0.017981746528169223,0.017973489123891413,0.017965250361586617,0.017957030151878346,0.017948828406001868,0.01794064503585737,0.017932479954043453,0.017924333073636885,0.01791620430851871,0.017908093573170723,0.01790000078255552,0.01789192585240152,0.01788386869900015,0.017875829239239645,0.017867807390604153,0.01785980307116221,0.01785181619958725,0.01784384669509873,0.017835894477537556,0.017827959467276548,0.017820041585256036,0.017812140752970856,0.017804256892492445,0.01779638992641601,0.017788539777884634,0.017780706370576847,0.017772889628708127,0.017765089477020466,0.017757305840767932,0.017749538645715178,0.017741787818171255,0.017734053284932983,0.017726334973295937,0.0177186328110534,0.017710946726510194,0.017703276648428818,0.017695622506084883,0.01768798422922252,0.017680361748051734,0.017672754993273105,0.017665163896048774,0.017657588387993188,0.017650028401189188,0.017642483868161838,0.017634954721964177,0.01762744089591222,0.01761994232392045,0.017612458940306573,0.017604990679845455,0.01759753747766093,0.017590099269374847,0.017582675991021708,0.017575267579005512,0.017567873970257365,0.01756049510201388,0.017553130911955338,0.017545781338164843,0.017538446319127245,0.017531125793734097,0.01752381970125273,0.017516527981351955,0.017509250574088912,0.01750198741990693,0.01749473845962517,0.017487503634434045,0.01748028288590716,0.01747307615599279,0.017465883386996596,0.017458704521596178,0.017451539502822622,0.017444388274089284,0.017437250779107145,0.017430126962011593,0.017423016767237617,0.017415920139591066,0.017408837024207577,0.017401767366573614,0.01739471111250746,0.017387668208169987,0.017380638600045788,0.01737362223493936,0.017366619059998072,0.017359629022717236,0.017352652070868092,0.017345688152559102,0.01733873721621164,0.017331799210562698,0.017324874084660116,0.01731796178785041,0.017311062269808088,0.017304175480495745,0.017297301370179874,0.017290439889425906,0.017283590989092778,0.01727675462034279,0.017269930734609133,0.01726311928362564,0.01725632021943417,0.01724953349432907,0.017242759060892968,0.01723599687199672,0.017229246880786413,0.017222509040696575,0.01721578330535368,0.01720906962882861,0.017202367965266127,0.017195678269231716,0.01718900049545926,0.017182334598980355,0.017175680535106434,0.017169038259355906,0.01716240772752413,0.017155788895690888,0.017149181720158058,0.0171425861574974,0.017136002164504845,0.017129429698248953,0.017122868716029527,0.01711631917537201,0.017109781034057713,0.017103254250147085,0.017096738781903365,0.017090234587793095,0.017083741626562076,0.017077259857170707,0.017070789238823,0.017064329730926683,0.017057881293153398,0.017051443885354085,0.017045017467629833,0.017038602000300933,0.01703219744392024,0.017025803759218663,0.017019420907193526,0.01701304884903227,0.017006687546127806,0.017000336960093825,0.01699399705276004,0.016987667786170904,0.01698134912254269,0.016975041024366668,0.016968743454271365,0.016962456375111106,0.016956179749940316,0.016949913542014108,0.0169436577147882,0.016937412231917377,0.016931177057244645,0.016924952154811657,0.016918737488849946,0.01691253302379105,0.016906338724243703,0.01690015455499683,0.01689398048105602,0.016887816467599973,0.01688166247999705,0.016875518483782354,0.0168693844446783,0.0168632603285945,0.01685714610161381,0.016851041730000054,0.016844947180185157,0.016838862418791883,0.01683278741262246,0.016826722128623822,0.016820666533950757,0.01681462059586239,0.016808584281900203,0.01680255755964322,0.016796540396979545,0.01679053276182357,0.016784534622370475,0.01677854594683407,0.016772566703747608,0.016766596861712692,0.01676063638954471,0.0167546852561837,0.016748743430713586,0.01674281088242786,0.016736887580734525,0.01673097349520222,0.016725068595558265,0.016719172851690594,0.01671328623363109,0.016707408711584385,0.01670154025582952,0.016695680836868548,0.016689830425332126,0.016683988991998765,0.016678156507791232,0.01667233294376864,0.01666651827119696,0.016660712461321267,0.016654915485675895,0.016649127315918888,0.016643347923810746,0.016637577281272516,0.016631815360351312,0.01662606213328189,0.016620317572280753,0.016614581649843238,0.016608854338611187,0.016603135611279147,0.016597425440696943,0.016591723799899153,0.016586030661975143,0.016580346000187946,0.016574669787919164,0.016569001998688142,0.01656334260611065,0.01655769158396281,0.016552048906135167,0.01654641454664743,0.016540788479645744,0.016535170679369722,0.016529561120225987,0.016523959776704143,0.016518366623425818,0.016512781635183157,0.016507204786817217,0.016501636053332106,0.016496075409803825,0.016490522831461064,0.016484978293668,0.01647944177185664,0.016473913241615554,0.01646839267858645,0.016462880058614522,0.016457375357607013,0.01645187855158144,0.01644638961665816,0.016440908529069685,0.016435435265212996,0.016429969801540364,0.016424512114635203,0.016419062181150246,0.016413619977862934,0.016408185481674307,0.016402758669621622,0.01639733951880552,0.016391928006418744,0.0163865241097836,0.01638112780630505,0.016375739073560505,0.01637035788910586,0.0163649842306937,0.016359618076153822,0.016354259403402543,0.01634890819046891,0.016343564415487885,0.016338228056645917,0.016332899092334385,0.016327577500938054,0.01632226326096029,0.016316956351027406,0.01631165674982657,0.016306364436178382,0.016301079388987894,0.016295801587231738,0.016290531009997895,0.01628526763645919,0.01628001144590741,0.016274762417667694,0.01626952053119456,0.01626428576606901,0.01625905810185224,0.016253837518342713,0.01624862399530319,0.016243417512627322,0.016238218050338173,0.016233025588486938,0.016227840107238278,0.016222661586834757,0.01621749000758207,0.01621232534993617,0.01620716759441498,0.016202016721582144,0.016196872712107884,0.01619173554674656,0.016186605206333974,0.016181481671796547,0.016176364924124362,0.01617125494440224,0.01616615171379213,0.016161055213553027,0.016155965424998572,0.016150882329525277,0.0161458059085927,0.016140736143819265,0.01613567301684083,0.01613061650932332,0.016125566603096997,0.01612052328001442,0.01611548652203277,0.016110456311178734,0.01610543262955459,0.016100415459301017,0.016095404782705512,0.01609040058215252,0.01608540283989391,0.016080411538476957,0.01607542666043567,0.01607044818839665,0.016065476105032173,0.01606051039309581,0.01605555103545215,0.016050598014976995,0.016045651314662596,0.01604071091753743,0.01603577680672144,0.01603084896539489,0.016025927376811328,0.016021012024290626,0.016016102891217826,0.0160111999610501,0.016006303217311547,0.01600141264359519,0.015996528223560496,0.015991649940925834,0.015986777779482292,0.015981911723088507,0.015977051755667614,0.015972197861193787,0.015967350023728236,0.015962508227428666,0.015957672456392173,0.015952842694897305,0.015948018927238215,0.015943201137769362,0.015938389310985956,0.01593358343134133,0.015928783483402088,0.01592398945177087,0.015919201321134394,0.015914419076229307,0.015909642701854163,0.015904872182884285,0.01590010750421359,0.015895348650802787,0.015890595607743627,0.015885848360095694,0.015881106893022977,0.015876371191761742,0.01587164124157608,0.015866917027780134,0.015862198535771328,0.01585748575099191,0.01585277865894281,0.01584807724518263,0.015843381495323695,0.015838691395038747,0.015834006930051114,0.015829328086136532,0.015824654849144158,0.015819987204963505,0.015815325139530826,0.015810668638811008,0.01580601768892686,0.015801372275955055,0.01579673238605552,0.015792098005411714,0.01578746912033518,0.01578284571713065,0.015778227782158896,0.015773615301854983,0.015769008262681607,0.015764406651160523,0.0157598104538898,0.015755219657488106,0.015750634248641204,0.01574605421405504,0.015741493550405442,0.01573692420830396,0.01573236020100383,0.015727801515429605,0.01572324813855932,0.01571870005741617,0.015714157259092257,0.015709619730684153,0.015705087459361528,0.015700560432349804,0.01569603863694726,0.01569152206044462,0.015687010690200152,0.01568250451362515,0.01567800351817214,0.015673507691343,0.015669017020683056,0.015664531493786635,0.01566005109835337,0.01565557582193773,0.01565110565235263,0.015646640577361932,0.015642180584785604,0.015637725662487556,0.01563327579837722,0.015628830980407495,0.01562439119657336,0.015619956434918973,0.015615526683527205,0.015611101930529045,0.015606682164092204,0.015602267372440982,0.015597857543796148,0.015593452666501674,0.015589052728882776,0.015584657719319987,0.015580267626239984,0.015575882438110639,0.01557150214344015,0.015567126730746134,0.015562756188682697,0.015558390505866049,0.015554029670940037,0.015549673672636486,0.015545322499695521,0.01554097614092062,0.015536634585145492,0.015532297821237915,0.015527965838112324,0.015523638624691907,0.015519316170027076,0.01551499846311605,0.015510685493038365,0.015506377248882094,0.015502073719806672,0.015497774894990574,0.015493480763665152,0.015489191315075474,0.015484906538524159,0.015480626423325431,0.015476350958924006,0.015472080134647652,0.015467813939978732,0.01546355236439046,0.015459295397415238,0.015455043028584095,0.015450795247520655,0.015446552043835184,0.015442313407201893,0.015438079327325376,0.015433849793922622,0.01542962479679948,0.015425404325718374,0.015421188370534066,0.015416976921158121,0.01541276996744528,0.015408567499371568,0.015404369506898387,0.015400175980071682,0.015395986908924231,0.015391802283518925,0.015387622094017261,0.015383446330527519,0.015379274983261733,0.015375108042418512,0.015370945498259616,0.015366787341107753,0.015362633561194557,0.015358484148916099,0.015354339094664361,0.015350198388840733,0.015346062021873037,0.015341929984262297,0.01533780226651458,0.015333678859195878,0.015329559752829194,0.015325444938079505,0.015321334405551262,0.01531722814591608,0.015313126149872713,0.015309028408152544,0.015304934911515949,0.015300845650757849,0.015296760616700622,0.015292679800195604,0.015288603192133814,0.015284530783420673,0.015280462565001747,0.01527639852785659,0.015272338662978429,0.01526828296141019,0.015264231414198366,0.015260184012464937,0.015256140747311344,0.015252101609891927,0.01524806659139078,0.015244035683009147,0.015240008875985043,0.015235986161592566,0.015231967531115841,0.015227952975881278,0.01522394248724426,0.015219936056579064,0.015215933675316203,0.015211935334846636,0.01520794102665627,0.015203950742229303,0.015199964473093325,0.015195982210789221,0.01519200394689047,0.015188029672996428,0.015184059380759033,0.015180093061778054,0.015176130707765844,0.015172172310430778,0.015168217861498428,0.015164267352732979,0.015160320775923667,0.015156378122874244,0.015152439385430984,0.015148504555443847,0.01514457362483029,0.015140646585513036,0.015136723429394799,0.01513280414846171,0.015128888734700273,0.015124977180151959,0.015121069476841453,0.015117165616844414,0.015113265592248475,0.015109369395162837,0.01510547701775714,0.015101588452193174,0.015097703690656302,0.015093822725357862,0.015089945548551696,0.015086072152548027,0.015082202529536147,0.015082203009011495,0.015082202990835408,0.015082202930683021,0.015082202866851423,0.015082202802225091,0.015082202736982867,0.015082202671107582,0.015082202604572999,0.015082202537357571,0.015082202469445178,0.015082202400824921,0.015082202331490824,0.015082202261441352,0.015082202190679087,0.01508220211921023,0.01508220204704418,0.015082201974193113,0.01508220190067153,0.01508220182649588,0.015082201751684194,0.015082201676255718,0.015082201600230608,0.015082201523629634,0.015082201446473943,0.015082201368784827,0.01508220129058353,0.015082201211891076,0.01508220113272818,0.015082201053115026,0.01508220097307131,0.015082200892616044,0.015082200811767586,0.015082200730543545,0.015082200648960781,0.01508220056703539,0.015082200484782681,0.015082200402217185,0.015082200319352687,0.015082200236202183,0.015082200152777957,0.015082200069091578,0.015082199985153913,0.015082199900975172,0.015082199816564952,0.015082199731932202,0.015082199647085343,0.015082199562032217,0.015082199476780168,0.015082199391336024,0.015082199305706196,0.015082199219896633,0.015082199133912861,0.015082199047760064,0.01508219896144304,0.015082198874966275,0.015082198788333903,0.01508219870154982,0.015082198614617601,0.015082198527540584,0.015082198440321885,0.015082198352964387,0.015082198265470765,0.015082198177843505,0.015082198090084932,0.015082198002197183,0.015082197914182263,0.015082197826042023,0.015082197737778188,0.015082197649392358,0.01508219756088603,0.015082197472260594,0.01508219738351734,0.015082197294657464,0.015082197205682083,0.015082197116592262,0.015082197027388949,0.015082196938073068,0.015082196848645466,0.015082196759106927,0.015082196669458195,0.01508219657969996,0.015082196489832876,0.015082196399857563,0.015082196309774575,0.015082196219584475,0.015082196129287736,0.015082196038884865,0.015082195948376283,0.015082195857762437,0.015082195767043715,0.015082195676220498,0.01508219558529315,0.015082195494262016,0.015082195403127415,0.015082195311889654,0.015082195220549032,0.01508219512910584,0.015082195037560333,0.015082194945912782,0.015082194854163426,0.015082194762312514,0.015082194670360267,0.015082194578306916,0.015082194486152669,0.01508219439389774,0.015082194301542335,0.015082194209086642,0.015082194116530848,0.015082194023875155,0.015082193931119729,0.015082193838264759,0.015082193745310404,0.015082193652256843,0.015082193559104244,0.015082193465852765,0.01508219337250257,0.015082193279053807,0.015082193185506652,0.015082193091861233,0.015082192998117725,0.015082192904276256,0.015082192810336984,0.015082192716300064,0.015082192622165622,0.015082192527933814,0.015082192433604777,0.015082192339178655,0.015082192244655577,0.015082192150035697,0.015082192055319145,0.015082191960506057,0.015082191865596568,0.01508219177059082,0.01508219167548894,0.015082191580291069,0.015082191484997332,0.015082191389607863,0.015082191294122804,0.01508219119854228,0.015082191102866424,0.01508219100709535,0.01508219091122922,0.015082190815268135,0.015082190719212246,0.01508219062306166,0.015082190526816537,0.015082190430476976,0.015082190334043132,0.01508219023751511,0.015082190140893053,0.015082190044177083,0.015082189947367326,0.015082189850463903,0.015082189753466972,0.015082189656376619,0.015082189559193,0.015082189461916237,0.015082189364546455,0.015082189267083755,0.015082189169528314,0.015082189071880213,0.015082188974139597,0.015082188876306588,0.015082188778381321,0.01508218868036391,0.015082188582254479,0.015082188484053169,0.015082188385760087,0.015082188287375368,0.01508218818889913,0.015082188090331515,0.015082187991672633,0.015082187892922611,0.015082187794081579,0.015082187695149648,0.015082187596126968,0.015082187497013632,0.015082187397809792,0.01508218729851555,0.015082187199131052,0.015082187099656391,0.015082187000091713,0.01508218690043715,0.015082186800692803,0.015082186700858815,0.01508218660093529,0.015082186500922372,0.015082186400820168,0.015082186300628818,0.01508218620034841,0.015082186099979114,0.015082185999521026,0.015082185898974277,0.015082185798338981,0.015082185697615269,0.015082185596803258,0.015082185495903077,0.015082185394914847,0.01508218529383868,0.015082185192674714,0.015082185091423063,0.015082184990083857,0.0150821848886572,0.015082184787143228,0.015082184685542059,0.015082184583853823,0.015082184482078629,0.015082184380216605,0.01508218427826788,0.015082184176232565,0.015082184074110777,0.015082183971902642,0.015082183869608296,0.015082183767227832,0.01508218366476139,0.015082183562209093,0.015082183459571059,0.015082183356847405,0.01508218325403825,0.015082183151143716,0.01508218304816392,0.015082182945098992,0.015082182841949043,0.015082182738714199,0.015082182635394585,0.015082182531990307,0.015082182428501496,0.015082182324928271,0.015082182221270748,0.015082182117529043,0.015082182013703292,0.015082181909793602,0.015082181805800095,0.015082181701722886,0.015082181597562102,0.015082181493317854,0.015082181388990265,0.01508218128457946,0.015082181180085556,0.01508218107550866,0.015082180970848907,0.01508218086610641,0.01508218076128129,0.015082180656373654,0.01508218055138363,0.015082180446311332,0.01508218034115689,0.015082180235920407,0.015082180130602005,0.015082180025201813,0.015082179919719938,0.015082179814156504,0.015082179708511619,0.015082179602785416,0.015082179496977988,0.015082179391089478,0.015082179285119995,0.015082179179069649,0.015082179072938573,0.015082178966726877,0.015082178860434682,0.01508217875406209,0.015082178647609227,0.015082178541076208,0.015082178434463156,0.015082178327770186,0.015082178220997413,0.015082178114144954,0.01508217800721292,0.015082177900201443,0.015082177793110618,0.01508217768594058,0.015082177578691439,0.015082177471363303,0.015082177363956294,0.01508217725647053,0.015082177148906126,0.015082177041263202,0.01508217693354186,0.015082176825742234,0.015082176717864423,0.015082176609908546,0.015082176501874722,0.015082176393763075,0.015082176285573706,0.01508217617730674,0.015082176068962285,0.015082175960540446,0.01508217585204136,0.015082175743465136,0.015082175634811876,0.015082175526081702,0.015082175417274734,0.015082175308391078,0.01508217519943085,0.015082175090394173,0.015082174981281156,0.015082174872091906,0.015082174762826544,0.015082174653485185,0.01508217454406794,0.01508217443457492,0.015082174325006237,0.015082174215362018,0.015082174105642368,0.015082173995847395,0.01508217388597721,0.015082173776031957,0.015082173666011707,0.015082173555916602,0.015082173445746737,0.01508217333550224,0.015082173225183213,0.01508217311478978,0.015082173004322042,0.015082172893780114,0.01508217278316411,0.015082172672474145,0.015082172561710325,0.015082172450872764,0.015082172339961583,0.015082172228976886,0.015082172117918787,0.015082172006787393,0.015082171895582823,0.015082171784305168,0.015082171672954581,0.015082171561531145,0.015082171450034968,0.015082171338466177,0.015082171226824877,0.015082171115111181,0.0150821710033252,0.015082170891467031,0.015082170779536802,0.015082170667534617,0.015082170555460583,0.015082170443314821,0.015082170331097433,0.015082170218808531,0.015082170106448235,0.015082169994016648,0.015082169881513877,0.015082169768940036,0.015082169656295228,0.015082169543579577,0.015082169430793187,0.01508216931793616,0.015082169205008617,0.01508216909201065,0.01508216897894239,0.015082168865803939,0.01508216875259541,0.015082168639316901,0.015082168525968534,0.015082168412550412,0.015082168299062634,0.015082168185505335,0.015082168071878599,0.015082167958182534,0.015082167844417285,0.01508216773058292,0.01508216761667956,0.015082167502707316,0.015082167388666296,0.01508216727455661,0.015082167160378366,0.015082167046131665,0.015082166931816618,0.015082166817433346,0.015082166702981938,0.015082166588462514,0.015082166473875187,0.015082166359220044,0.015082166244497213,0.015082166129706793,0.015082166014848887,0.015082165899923608,0.015082165784931066,0.015082165669871365,0.015082165554744606,0.015082165439550904,0.015082165324290365,0.015082165208963097,0.015082165093569206,0.01508216497810879,0.01508216486258197,0.015082164746988832,0.015082164631329512,0.015082164515604088,0.015082164399812676,0.015082164283955393,0.015082164168032328,0.015082164052043595,0.015082163935989306,0.015082163819869564,0.01508216370368446,0.015082163587434116,0.015082163471118635,0.01508216335473812,0.015082163238292671,0.01508216312178241,0.015082163005207424,0.01508216288856783,0.015082162771863722,0.015082162655095214,0.01508216253826241,0.01508216242136541,0.01508216230440432,0.015082162187379256,0.015082162070290313,0.015082161953137592,0.015082161835921199,0.015082161718641234,0.015082161601297816,0.015082161483891042,0.015082161366421015,0.015082161248887841,0.015082161131291618,0.015082161013632453,0.015082160895910458,0.015082160778125723,0.01508216066027836,0.01508216054236847,0.015082160424396158,0.015082160306361524,0.015082160188264668,0.015082160070105703,0.015082159951884735,0.015082159833601852,0.015082159715257162,0.015082159596850777,0.015082159478382783,0.015082159359853303,0.015082159241262418,0.015082159122610243,0.015082159003896884,0.015082158885122434,0.015082158766287003,0.015082158647390693,0.015082158528433599,0.015082158409415824,0.01508215829033747,0.015082158171198646,0.015082158051999448,0.015082157932739986,0.015082157813420346,0.01508215769404063,0.015082157574600963,0.015082157455101422,0.015082157335542109,0.015082157215923151,0.015082157096244617,0.015082156976506628,0.015082156856709283,0.015082156736852672,0.015082156616936907,0.015082156496962085,0.015082156376928304,0.015082156256835661,0.015082156136684266,0.015082156016474214,0.015082155896205611,0.015082155775878544,0.015082155655493123,0.015082155535049456,0.015082155414547613,0.015082155293987726,0.015082155173369884,0.01508215505269418,0.01508215493196072,0.015082154811169613,0.01508215469032094,0.01508215456941481,0.015082154448451323,0.015082154327430574,0.015082154206352661,0.01508215408521769,0.015082153964025756,0.01508215384277695,0.015082153721471385,0.015082153600109147,0.015082153478690343,0.015082153357215066,0.01508215323568342,0.015082153114095496,0.015082152992451405,0.01508215287075124,0.015082152748995091,0.015082152627183062,0.015082152505315246,0.01508215238339176,0.015082152261412672,0.015082152139378094,0.015082152017288129,0.015082151895142873,0.015082151772942413,0.015082151650686854,0.015082151528376294,0.015082151406010836,0.015082151283590561,0.015082151161115574,0.015082151038585973,0.015082150916001867,0.015082150793363332,0.015082150670670475,0.01508215054792339,0.015082150425122178,0.015082150302266924,0.01508215017935774,0.015082150056394704,0.015082149933377928,0.015082149810307508,0.015082149687183534,0.015082149564006102,0.015082149440775306,0.015082149317491246,0.015082149194154012,0.015082149070763712,0.015082148947320424,0.015082148823824259,0.015082148700275301,0.015082148576673662,0.015082148453019415,0.01508214832931267,0.01508214820555352,0.015082148081742049,0.015082147957878368,0.015082147833962566,0.01508214770999473,0.015082147585974967,0.015082147461903362,0.015082147337780013,0.015082147213605023,0.015082147089378472,0.01508214696510046,0.015082146840771079,0.015082146716390432,0.015082146591958598,0.015082146467475677,0.015082146342941772,0.015082146218356973,0.015082146093721356,0.01508214596903504,0.01508214584429811,0.015082145719510644,0.015082145594672762,0.015082145469784541,0.01508214534484607,0.015082145219857457,0.01508214509481879,0.01508214496973016,0.01508214484459165,0.015082144719403372,0.015082144594165394,0.015082144468877838,0.015082144343540766,0.015082144218154299,0.015082144092718503,0.015082143967233494,0.015082143841699348,0.015082143716116169,0.015082143590484036,0.015082143464803058,0.015082143339073307,0.015082143213294886,0.015082143087467895,0.01508214296159241,0.01508214283566853,0.015082142709696343,0.01508214258367595,0.01508214245760743,0.015082142331490874,0.015082142205326388,0.015082142079114047,0.015082141952853957,0.015082141826546188,0.01508214170019085,0.015082141573788033,0.015082141447337818,0.0150821413208403,0.015082141194295557,0.0150821410677037,0.015082140941064812,0.01508214081437898,0.0150821406876463,0.015082140560866857,0.015082140434040742,0.015082140307168047,0.015082140180248858,0.015082140053283268,0.01508213992627137,0.015082139799213244,0.01508213967210899,0.015082139544958687,0.015082139417762434,0.015082139290520314,0.015082139163232413,0.015082139035898837,0.01508213890851966,0.015082138781094977,0.015082138653624875,0.015082138526109444,0.01508213839854877,0.015082138270942938,0.015082138143292047,0.015082138015596182,0.015082137887855429,0.015082137760069897,0.015082137632239633,0.015082137504364745,0.015082137376445325,0.015082137248481457,0.015082137120473231,0.01508213699242074,0.015082136864324068,0.0150821367361833,0.01508213660799853,0.015082136479769836,0.01508213635149732,0.015082136223181051,0.015082136094821126,0.015082135966417637,0.015082135837970656,0.015082135709480287,0.0150821355809466,0.015082135452369699,0.015082135323749671,0.015082135195086591,0.015082135066380547,0.015082134937631624,0.015082134808839926,0.015082134680005523,0.015082134551128508,0.01508213442220895,0.015082134293246967,0.015082134164242622,0.015082134035196015,0.015082133906107213,0.01508213377697632,0.015082133647803414,0.015082133518588572,0.015082133389331901,0.015082133260033477,0.015082133130693384,0.0150821330013117,0.015082132871888523,0.015082132742423936,0.015082132612918018,0.01508213248337085,0.015082132353782408,0.015082132224153002,0.015082132094482626,0.01508213196477135,0.015082131835019252,0.015082131705226431,0.015082131575392926,0.015082131445518879,0.015082131315604371,0.01508213118564946,0.015082131055654207,0.015082130925618753,0.015082130795543162,0.015082130665427507,0.015082130535271906,0.015082130405076317,0.015082130274840991,0.015082130144565947,0.015082130014251271,0.015082129883897032,0.01508212975350332,0.015082129623070211,0.015082129492597818,0.01508212936208619,0.015082129231535433,0.015082129100945611,0.01508212897031683,0.015082128839649158,0.015082128708942669,0.015082128578197462,0.015082128447413617,0.015082128316591208,0.015082128185730334,0.015082128054831064,0.015082127923893488,0.015082127792917677,0.015082127661903724,0.015082127530851709,0.015082127399761705,0.01508212726863381,0.015082127137468093,0.015082127006264646,0.015082126875023544,0.015082126743744874,0.015082126612428717,0.015082126481075146,0.015082126349684265,0.015082126218256124,0.015082126086790828,0.015082125955288435,0.015082125823749052,0.015082125692172746,0.015082125560559597,0.015082125428909698,0.015082125297223128,0.015082125165499958,0.015082125033740271,0.015082124901944141,0.015082124770111673,0.015082124638242923,0.015082124506337986,0.015082124374396924,0.015082124242419847,0.015082124110406808,0.01508212397835791,0.01508212384627321,0.015082123714152804,0.015082123581996764,0.015082123449805175,0.015082123317578118,0.015082123185315661,0.015082123053017893,0.015082122920684891,0.01508212278831674,0.015082122655913516,0.0150821225234753,0.015082122391002163,0.015082122258494205,0.015082122125951478,0.015082121993374074,0.015082121860762075,0.015082121728115547,0.015082121595434593,0.015082121462719271,0.015082121329969668,0.015082121197185855,0.015082121064367916,0.015082120931515938,0.01508212079862999,0.01508212066571015,0.015082120532756494,0.015082120399769106,0.015082120266748066,0.015082120133693444,0.015082120000605322,0.015082119867483786,0.015082119734328894,0.015082119601140736,0.01508211946791939,0.015082119334664938,0.015082119201377446,0.015082119068057,0.015082118934703676,0.015082118801317547,0.01508211866789869,0.015082118534447181,0.015082118400963114,0.015082118267446553,0.015082118133897569,0.015082118000316249,0.015082117866702662,0.015082117733056889,0.015082117599379002,0.015082117465669094,0.01508211733192722,0.01508211719815347,0.015082117064347924,0.015082116930510646,0.01508211679664171,0.0150821166627412,0.015082116528809197,0.015082116394845772,0.01508211626085099,0.015082116126824942,0.015082115992767698,0.015082115858679319,0.015082115724559914,0.015082115590409527,0.015082115456228253,0.01508211532201616,0.015082115187773327,0.015082115053499814,0.015082114919195717,0.015082114784861095,0.01508211465049603,0.015082114516100609,0.01508211438167489,0.015082114247218954,0.015082114112732872,0.015082113978216719,0.015082113843670572,0.01508211370909451,0.015082113574488604,0.015082113439852917,0.015082113305187545,0.015082113170492543,0.015082113035768,0.015082112901013975,0.015082112766230555,0.015082112631417807,0.0150821124965758,0.015082112361704623,0.015082112226804343,0.015082112091875021,0.015082111956916743,0.015082111821929594,0.015082111686913624,0.015082111551868916,0.015082111416795548,0.01508211128169359,0.015082111146563115,0.015082111011404198,0.0150821108762169,0.015082110741001294,0.015082110605757483,0.015082110470485511,0.01508211033518545,0.015082110199857394,0.015082110064501395,0.015082109929117536,0.015082109793705886,0.01508210965826651,0.015082109522799494,0.015082109387304908,0.015082109251782818,0.015082109116233294,0.015082108980656426,0.015082108845052261,0.015082108709420887,0.015082108573762368,0.015082108438076778,0.015082108302364191,0.015082108166624673,0.015082108030858304,0.015082107895065157,0.01508210775924529,0.015082107623398778,0.015082107487525705,0.015082107351626123,0.015082107215700127,0.015082107079747772,0.015082106943769118,0.015082106807764253,0.015082106671733243,0.015082106535676161,0.015082106399593079,0.015082106263484062,0.015082106127349183,0.015082105991188506,0.01508210585500212,0.015082105718790075,0.015082105582552454,0.015082105446289316,0.01508210531000074,0.015082105173686798,0.015082105037347556,0.015082104900983072,0.015082104764593445,0.015082104628178725,0.015082104491738958,0.015082104355274269,0.015082104218784686,0.01508210408227029,0.015082103945731153,0.015082103809167368,0.015082103672578949,0.015082103535965997,0.01508210339932858,0.015082103262666763,0.015082103125980614,0.015082102989270204,0.01508210285253561,0.01508210271577689,0.015082102578994115,0.015082102442187358,0.015082102305356677,0.015082102168502164,0.015082102031623856,0.01508210189472184,0.015082101757796193,0.015082101620846965,0.015082101483874231,0.01508210134687806,0.015082101209858517,0.015082101072815667,0.015082100935749588,0.015082100798660347,0.015082100661547995,0.015082100524412598,0.01508210038725426,0.015082100250073028,0.015082100112868972,0.015082099975642138,0.015082099838392631,0.01508209970112049,0.015082099563825788,0.015082099426508596,0.015082099289168979,0.015082099151806999,0.015082099014422728,0.015082098877016236,0.015082098739587598,0.015082098602136856,0.015082098464664089,0.015082098327169363,0.015082098189652749,0.015082098052114301,0.015082097914554109,0.015082097776972215,0.0150820976393687,0.015082097501743637,0.015082097364097057,0.015082097226429067,0.015082097088739716,0.015082096951029059,0.015082096813297176,0.015082096675544129,0.015082096537769984,0.015082096399974803,0.015082096262158664,0.015082096124321619,0.01508209598646373,0.015082095848585081,0.015082095710685728,0.015082095572765731,0.015082095434825155,0.015082095296864067,0.015082095158882538,0.015082095020880627,0.01508209488285841,0.015082094744815937,0.01508209460675328,0.0150820944686705,0.015082094330567668,0.015082094192444846,0.015082094054302084,0.01508209391613947,0.015082093777957056,0.015082093639754903,0.015082093501533092,0.015082093363291672,0.015082093225030702,0.015082093086750264,0.01508209294845041,0.015082092810131207,0.015082092671792714,0.015082092533435006,0.015082092395058129,0.015082092256662169,0.015082092118247174,0.015082091979813216,0.015082091841360347,0.015082091702888639,0.015082091564398149,0.015082091425888946,0.015082091287361103,0.015082091148814657,0.015082091010249696,0.01508209087166627,0.015082090733064444,0.015082090594444281,0.01508209045580585,0.015082090317149209,0.015082090178474419,0.01508209003978154,0.015082089901070638,0.015082089762341782,0.015082089623595024,0.01508208948483043,0.015082089346048069,0.015082089207247991,0.01508208906843027,0.01508208892959495,0.015082088790742115,0.015082088651871812,0.015082088512984114,0.01508208837407907,0.015082088235156756,0.015082088096217219,0.015082087957260527,0.015082087818286745,0.015082087679295942,0.015082087540288155,0.015082087401263471,0.01508208726222194,0.015082087123163614,0.015082086984088566,0.01508208684499686,0.015082086705888547,0.015082086566763684,0.015082086427622356,0.015082086288464603,0.015082086149290486,0.01508208601010007,0.015082085870893422,0.015082085731670596,0.01508208559243165,0.015082085453176654,0.015082085313905655,0.015082085174618731,0.015082085035315917,0.015082084895997295,0.015082084756662926,0.015082084617312863,0.015082084477947151,0.01508208433856588,0.015082084199169083,0.015082084059756843,0.015082083920329201,0.015082083780886227,0.015082083641427975,0.015082083501954505,0.01508208336246588,0.01508208322296216,0.015082083083443398,0.015082082943909664,0.015082082804361012,0.015082082664797491,0.015082082525219176,0.015082082385626113,0.01508208224601837,0.015082082106396005,0.015082081966759068,0.015082081827107628,0.015082081687441748,0.015082081547761472,0.015082081408066862,0.015082081268357984,0.015082081128634907,0.015082080988897661,0.015082080849146326,0.015082080709380948,0.0150820805696016,0.015082080429808322,0.015082080290001184,0.015082080150180241,0.015082080010345552,0.015082079870497166,0.01508207973063516,0.01508207959075957,0.015082079450870468,0.01508207931096791,0.015082079171051954,0.015082079031122648,0.015082078891180063,0.01508207875122425,0.015082078611255267,0.015082078471273169,0.015082078331278004,0.015082078191269862,0.015082078051248766,0.015082077911214792,0.01508207777116798,0.015082077631108403,0.015082077491036117,0.015082077350951179,0.01508207721085364,0.01508207707074356,0.015082076930620972,0.015082076790485972,0.0150820766503386,0.015082076510178894,0.015082076370006943,0.015082076229822789,0.01508207608962648,0.015082075949418091,0.01508207580919766,0.015082075668965245,0.015082075528720906,0.015082075388464707,0.015082075248196693,0.015082075107916922,0.015082074967625456,0.015082074827322347,0.015082074687007641,0.015082074546681413,0.015082074406343704,0.015082074265994571,0.015082074125634079,0.015082073985262269,0.015082073844879217,0.015082073704484947,0.015082073564079543,0.015082073423663045,0.015082073283235511,0.015082073142797013,0.015082073002347568,0.015082072861887263,0.015082072721416144,0.015082072580934261,0.015082072440441685,0.015082072299938453,0.015082072159424621,0.015082072018900251,0.015082071878365398,0.015082071737820106,0.015082071597264435,0.015082071456698437,0.015082071316122174,0.015082071175535698,0.015082071034939065,0.015082070894332316,0.015082070753715522,0.015082070613088722,0.015082070472451982,0.015082070331805343,0.015082070191148872,0.01508207005048261,0.015082069909806622,0.01508206976912096,0.015082069628425678,0.015082069487720822,0.015082069347006443,0.015082069206282618,0.015082069065549368,0.01508206892480677,0.015082068784054865,0.015082068643293714,0.015082068502523365,0.015082068361743873,0.01508206822095529,0.015082068080157666,0.015082067939351058,0.015082067798535518,0.015082067657711093,0.015082067516877844,0.015082067376035823,0.015082067235185077,0.015082067094325663,0.015082066953457632,0.015082066812581034,0.015082066671695924,0.015082066530802348,0.015082066389900381,0.015082066248990054,0.01508206610807141,0.015082065967144532,0.015082065826209443,0.01508206568526621,0.015082065544314883,0.01508206540335551,0.015082065262388141,0.015082065121412839,0.015082064980429641,0.015082064839438612,0.01508206469843979,0.015082064557433245,0.015082064416419,0.015082064275397124,0.015082064134367678,0.015082063993330702,0.015082063852286241,0.015082063711234354,0.015082063570175098,0.015082063429108512,0.015082063288034651,0.015082063146953577,0.015082063005865318,0.015082062864769954,0.015082062723667494,0.015082062582558032,0.015082062441441597,0.015082062300318244,0.015082062159188015,0.01508206201805098,0.015082061876907173,0.015082061735756647,0.01508206159459945,0.015082061453435642,0.01508206131226527,0.015082061171088372,0.015082061029905012,0.015082060888715235,0.01508206074751909,0.015082060606316628,0.015082060465107908,0.015082060323892964,0.015082060182671855,0.015082060041444634,0.015082059900211336,0.015082059758972019,0.015082059617726731,0.015082059476475526,0.015082059335218449,0.015082059193955543,0.015082059052686886,0.015082058911412493,0.015082058770132434,0.015082058628846734,0.015082058487555469,0.015082058346258677,0.015082058204956401,0.015082058063648707,0.015082057922335627,0.015082057781017226,0.015082057639693528,0.01508205749836459,0.015082057357030474,0.015082057215691226,0.015082057074346886,0.015082056932997507,0.015082056791643138,0.015082056650283828,0.015082056508919618,0.015082056367550568,0.01508205622617672,0.015082056084798118,0.015082055943414817,0.015082055802026855,0.015082055660634289,0.01508205551923717,0.015082055377835532,0.015082055236429436,0.015082055095018924,0.015082054953604044,0.015082054812184834,0.01508205467076136,0.01508205452933367,0.015082054387901786,0.015082054246465778,0.015082054105025697,0.015082053963581568,0.015082053822133458,0.015082053680681402,0.015082053539225447,0.015082053397765652,0.015082053256302056,0.015082053114834704,0.015082052973363652,0.015082052831888933,0.01508205269041061,0.015082052548928717,0.015082052407443312,0.015082052265954427,0.015082052124462115,0.015082051982966424,0.0150820518414674,0.015082051699965092,0.015082051558459536,0.015082051416950796,0.015082051275438907,0.015082051133923921,0.015082050992405878,0.015082050850884815,0.015082050709360799,0.015082050567833866,0.015082050426304058,0.015082050284771425,0.015082050143236013,0.015082050001697862,0.01508204986015704,0.01508204971861356,0.015082049577067493,0.01508204943551886,0.015082049293967737,0.015082049152414147,0.01508204901085815,0.015082048869299772,0.015082048727739076,0.015082048586176107,0.015082048444610896,0.0150820483030435,0.015082048161473967,0.015082048019902324,0.015082047878328637,0.01508204773675294,0.01508204759517528,0.0150820474535957,0.01508204731201424,0.015082047170430957,0.01508204702884589,0.015082046887259086,0.015082046745670576,0.015082046604080435,0.015082046462488676,0.015082046320895352,0.01508204617930051,0.015082046037704194,0.015082045896106453,0.01508204575450733,0.015082045612906863,0.015082045471305098,0.01508204532970209,0.01508204518809787,0.015082045046492482,0.015082044904885976,0.015082044763278388,0.015082044621669767,0.015082044480060166,0.015082044338449617,0.015082044196838165,0.015082044055225865,0.015082043913612739,0.015082043771998847,0.015082043630384227,0.015082043488768916,0.015082043347152973,0.015082043205536433,0.015082043063919337,0.015082042922301725,0.015082042780683645,0.015082042639065145,0.01508204249744626,0.015082042355827035,0.015082042214207518,0.015082042072587742,0.01508204193096776,0.015082041789347612,0.015082041647727336,0.015082041506106984,0.015082041364486584,0.015082041222866197,0.015082041081245851,0.015082040939625597,0.015082040798005467,0.015082040656385515,0.015082040514765773,0.015082040373146293,0.015082040231527101,0.015082040089908275,0.01508203994828982,0.01508203980667179,0.015082039665054229,0.015082039523437181,0.015082039381820685,0.015082039240204783,0.01508203909858952,0.015082038956974929,0.015082038815361054,0.015082038673747945,0.015082038532135637,0.01508203839052417,0.015082038248913594,0.015082038107303955,0.015082037965695265,0.015082037824087598,0.015082037682480978,0.015082037540875462,0.01508203739927107,0.015082037257667852,0.015082037116065853,0.015082036974465111,0.015082036832865667,0.015082036691267566,0.015082036549670842,0.015082036408075547,0.01508203626648171,0.015082036124889377,0.015082035983298587,0.015082035841709378,0.0150820357001218,0.015082035558535881,0.015082035416951672,0.015082035275369216,0.015082035133788543,0.015082034992209701,0.015082034850632718,0.015082034709057652,0.015082034567484527,0.015082034425913405,0.015082034284344294,0.015082034142777256,0.015082034001212339,0.01508203385964956,0.015082033718088979,0.015082033576530627,0.015082033434974539,0.015082033293420763,0.015082033151869323,0.01508203301032029,0.015082032868773673,0.015082032727229529,0.015082032585687893,0.01508203244414879,0.015082032302612286,0.015082032161078408,0.015082032019547194,0.015082031878018681,0.015082031736492913,0.015082031594969925,0.015082031453449763,0.015082031311932463,0.015082031170418059,0.015082031028906604,0.01508203088739812,0.015082030745892655,0.015082030604390248,0.015082030462890937,0.015082030321394758,0.0150820301799017,0.015082030038411923,0.015082029896925381,0.015082029755442128,0.015082029613962208,0.015082029472485643,0.015082029331012487,0.015082029189542776,0.015082029048076553,0.01508202890661384,0.01508202876515469,0.015082028623699133,0.01508202848224721,0.015082028340798968,0.015082028199354433,0.01508202805791364,0.015082027916476642,0.015082027775043472,0.015082027633614159,0.015082027492188748,0.015082027350767274,0.015082027209349784,0.015082027067936302,0.015082026926526871,0.015082026785121534,0.015082026643720327,0.01508202650232328,0.015082026360930435,0.015082026219541831,0.015082026078157505,0.015082025936777495,0.015082025795401835,0.015082025654030565,0.015082025512663723,0.015082025371301343,0.015082025229943464,0.015082025088590127,0.015082024947241358,0.015082024805897208,0.015082024664557707,0.015082024523222893,0.015082024381892796,0.015082024240567461,0.01508202409924692,0.01508202395793121,0.015082023816620379,0.015082023675314454,0.015082023534013483,0.01508202339271748,0.015082023251426494,0.015082023110140562,0.015082022968859715,0.015082022827583993,0.015082022686313432,0.015082022545048075,0.015082022403787946,0.015082022262533093,0.015082022121283538,0.01508202198003934,0.015082021838800518,0.015082021697567106,0.015082021556339148,0.015082021415116675,0.015082021273899725,0.015082021132688339,0.015082020991482533,0.015082020850282367,0.015082020709087875,0.015082020567899087,0.015082020426716025,0.015082020285538735,0.015082020144367254,0.015082020003201628,0.01508201986204187,0.015082019720888035,0.015082019579740149,0.015082019438598243,0.015082019297462352,0.015082019156332524,0.015082019015208791,0.015082018874091177,0.015082018732979725,0.015082018591874465,0.015082018450775447,0.015082018309682688,0.015082018168596254,0.015082018027516129,0.015082017886442391,0.015082017745375058,0.015082017604314149,0.015082017463259722,0.015082017322211799,0.015082017181170424,0.015082017040135634,0.015082016899107452,0.015082016758085924,0.01508201661707108,0.015082016476062948,0.015082016335061565,0.015082016194066976,0.015082016053079203,0.01508201591209829,0.015082015771124262,0.015082015630157148,0.015082015489196993,0.015082015348243829,0.015082015207297695,0.015082015066358617,0.015082014925426636,0.015082014784501769,0.01508201464358407,0.015082014502673564,0.015082014361770282,0.015082014220874263,0.015082014079985539,0.01508201393910415,0.01508201379823013,0.015082013657363499,0.015082013516504287,0.015082013375652552,0.015082013234808306,0.015082013093971587,0.015082012953142435,0.015082012812320878,0.015082012671506953,0.015082012530700692,0.015082012389902116,0.015082012249111284,0.015082012108328198,0.01508201196755292,0.015082011826785459,0.015082011686025867,0.01508201154527417,0.015082011404530393,0.015082011263794569,0.015082011123066747,0.015082010982346952,0.015082010841635206,0.015082010700931552,0.015082010560236026,0.015082010419548651,0.015082010278869466,0.015082010138198512,0.0150820099975358,0.015082009856881374,0.01508200971623526,0.0150820095755975,0.015082009434968121,0.015082009294347156,0.015082009153734637,0.015082009013130603,0.015082008872535073,0.015082008731948093,0.01508200859136968,0.015082008450799881,0.015082008310238721,0.01508200816968623,0.015082008029142441,0.015082007888607385,0.015082007748081092,0.015082007607563598,0.015082007467054941,0.015082007326555139,0.015082007186064231,0.01508200704558225,0.015082006905109227,0.015082006764645182,0.01508200662419016,0.015082006483744189,0.015082006343307296,0.015082006202879524,0.015082006062460893,0.015082005922051436,0.01508200578165118,0.015082005641260164,0.015082005500878423,0.015082005360505982,0.015082005220142865,0.015082005079789122,0.015082004939444765,0.015082004799109828,0.015082004658784351,0.015082004518468362,0.01508200437816189,0.01508200423786496,0.015082004097577612,0.01508200395729987,0.015082003817031769,0.015082003676773332,0.0150820035365246,0.015082003396285602,0.015082003256056367,0.015082003115836917,0.015082002975627298,0.015082002835427518,0.015082002695237627,0.015082002555057653,0.015082002414887616,0.015082002274727562,0.015082002134577513,0.015082001994437488,0.015082001854307536,0.015082001714187682,0.015082001574077943,0.015082001433978367,0.015082001293888972,0.015082001153809775,0.015082001013740845,0.015082000873682175,0.015082000733633806,0.015082000593595778,0.015082000453568115,0.015082000313550836,0.015082000173543992,0.015082000033547587,0.015081999893561671,0.015081999753586265,0.015081999613621395,0.015081999473667099,0.015081999333723393,0.015081999193790323,0.015081999053867912,0.015081998913956184,0.01508199877405518,0.01508199863416491,0.015081998494285424,0.015081998354416742,0.015081998214558884,0.015081998074711894,0.01508199793487579,0.015081997795050603,0.015081997655236368,0.015081997515433118,0.015081997375640862,0.015081997235859642,0.015081997096089492,0.015081996956330428,0.015081996816582491,0.015081996676845701,0.015081996537120093,0.015081996397405687,0.015081996257702528,0.015081996118010615,0.015081995978330003,0.015081995838660718,0.015081995699002775,0.015081995559356208,0.015081995419721056,0.015081995280097333,0.015081995140485078,0.015081995000884309,0.015081994861295057,0.015081994721717352,0.015081994582151223,0.01508199444259669,0.015081994303053792,0.015081994163522558,0.01508199402400301,0.015081993884495166,0.015081993744999076,0.015081993605514758,0.015081993466042236,0.015081993326581536,0.015081993187132693,0.015081993047695731,0.015081992908270675,0.015081992768857558,0.015081992629456392,0.015081992490067232,0.01508199235069009,0.015081992211324991,0.015081992071971974,0.015081991932631048,0.015081991793302264,0.015081991653985629,0.015081991514681167,0.015081991375388928,0.01508199123610892,0.015081991096841177,0.015081990957585724,0.015081990818342592,0.015081990679111798,0.015081990539893378,0.015081990400687362,0.015081990261493778,0.015081990122312641,0.015081989983143992,0.015081989843987845,0.015081989704844243,0.015081989565713187,0.015081989426594734,0.015081989287488884,0.015081989148395678,0.015081989009315145,0.015081988870247304,0.015081988731192182,0.015081988592149804,0.015081988453120195,0.01508198831410339,0.015081988175099417,0.015081988036108288,0.015081987897130037,0.015081987758164692,0.015081987619212284,0.01508198748027283,0.015081987341346362,0.015081987202432904,0.015081987063532476,0.015081986924645116,0.015081986785770846,0.015081986646909691,0.01508198650806168,0.015081986369226821,0.01508198623040516,0.015081986091596717,0.015081985952801517,0.015081985814019594,0.015081985675250962,0.015081985536495665,0.015081985397753702,0.01508198525902512,0.015081985120309933,0.015081984981608152,0.015081984842919827,0.015081984704244973,0.015081984565583623,0.015081984426935792,0.015081984288301525,0.015081984149680821,0.015081984011073723,0.015081983872480248,0.015081983733900427,0.015081983595334287,0.015081983456781837,0.015081983318243125,0.015081983179718164,0.015081983041206979,0.01508198290270959,0.015081982764226027,0.015081982625756326,0.015081982487300501,0.015081982348858566,0.01508198221043057,0.015081982072016518,0.015081981933616451,0.015081981795230372,0.01508198165685834,0.015081981518500346,0.01508198138015642,0.015081981241826598,0.015081981103510904,0.015081980965209352,0.015081980826921982,0.015081980688648803,0.015081980550389854,0.01508198041214515,0.015081980273914716,0.015081980135698576,0.01508197999749675,0.015081979859309275,0.015081979721136164,0.01508197958297745,0.01508197944483315,0.015081979306703302,0.01508197916858791,0.015081979030487,0.015081978892400615,0.01508197875432876,0.015081978616271467,0.015081978478228765,0.015081978340200666,0.015081978202187199,0.015081978064188392,0.01508197792620426,0.015081977788234831,0.015081977650280133,0.015081977512340191,0.015081977374415013,0.015081977236504644,0.015081977098609107,0.015081976960728405,0.015081976822862568,0.01508197668501163,0.015081976547175607,0.015081976409354521,0.015081976271548397,0.015081976133757268,0.015081975995981142,0.015081975858220043,0.015081975720474018,0.015081975582743056,0.01508197544502721,0.015081975307326481,0.015081975169640901,0.015081975031970495,0.015081974894315293,0.015081974756675293,0.015081974619050543,0.015081974481441064,0.01508197434384686,0.015081974206267978,0.015081974068704426,0.015081973931156232,0.015081973793623416,0.015081973656105994,0.015081973518604007,0.015081973381117456,0.015081973243646381,0.015081973106190801,0.01508197296875073,0.015081972831326198,0.015081972693917221,0.015081972556523836,0.015081972419146047,0.015081972281783892,0.015081972144437383,0.015081972007106542,0.015081971869791398,0.015081971732491982,0.015081971595208297,0.015081971457940374,0.015081971320688234,0.015081971183451892,0.01508197104623139,0.015081970909026732,0.01508197077183794,0.015081970634665048,0.015081970497508071,0.015081970360367031,0.015081970223241953,0.015081970086132856,0.01508196994903976,0.015081969811962699,0.01508196967490168,0.015081969537856734,0.015081969400827872,0.01508196926381513,0.015081969126818518,0.015081968989838065,0.015081968852873788,0.015081968715925712,0.015081968578993854,0.015081968442078248,0.015081968305178895,0.01508196816829583,0.015081968031429074,0.01508196789457866,0.01508196775774458,0.015081967620926874,0.015081967484125566,0.015081967347340665,0.015081967210572205,0.01508196707382019,0.015081966937084659,0.01508196680036563,0.015081966663663123,0.01508196652697715,0.015081966390307748,0.015081966253654924,0.015081966117018711,0.015081965980399101,0.01508196584379616,0.015081965707209873,0.015081965570640277,0.015081965434087389,0.015081965297551228,0.015081965161031816,0.015081965024529184,0.015081964888043335,0.015081964751574308,0.015081964615122123,0.015081964478686772,0.015081964342268304,0.015081964205866728,0.01508196406948207,0.015081963933114348,0.015081963796763588,0.015081963660429791,0.015081963524113005,0.015081963387813235,0.015081963251530495,0.015081963115264819,0.01508196297901622,0.01508196284278472,0.015081962706570352,0.015081962570373107,0.015081962434193023,0.015081962298030119,0.015081962161884423,0.015081962025755947,0.015081961889644715,0.015081961753550734,0.015081961617474028,0.015081961481414625,0.015081961345372548,0.015081961209347816,0.015081961073340448,0.015081960937350447,0.015081960801377855,0.015081960665422672,0.015081960529484944,0.015081960393564667,0.015081960257661868,0.015081960121776572,0.015081959985908786,0.015081959850058543,0.015081959714225851,0.015081959578410745,0.015081959442613237,0.015081959306833342,0.01508195917107107,0.015081959035326463,0.015081958899599523,0.015081958763890296,0.015081958628198767,0.01508195849252497,0.015081958356868931,0.015081958221230648,0.015081958085610166,0.015081957950007503,0.015081957814422653,0.01508195767885566,0.015081957543306532,0.015081957407775287,0.015081957272261949,0.015081957136766537,0.015081957001289061,0.015081956865829551,0.015081956730388021,0.015081956594964498,0.015081956459558987,0.015081956324171513,0.015081956188802101,0.015081956053450767,0.015081955918117519,0.015081955782802392,0.015081955647505387,0.015081955512226523,0.015081955376965842,0.015081955241723346,0.01508195510649905,0.01508195497129299,0.015081954836105164,0.0150819547009356,0.015081954565784319,0.01508195443065134,0.01508195429553668,0.01508195416044035,0.015081954025362375,0.015081953890302771,0.015081953755261555,0.015081953620238757,0.015081953485234379,0.015081953350248447,0.015081953215280983,0.015081953080332,0.015081952945401517,0.015081952810489548,0.01508195267559612,0.015081952540721236,0.015081952405864933,0.015081952271027212,0.0150819521362081,0.015081952001407618,0.015081951866625773,0.015081951731862591,0.015081951597118103,0.0150819514623923,0.015081951327685219,0.015081951192996861,0.015081951058327258,0.015081950923676427,0.01508195078904438,0.015081950654431141,0.015081950519836728,0.015081950385261141,0.015081950250704421,0.015081950116166571,0.015081949981647618,0.015081949847147565,0.015081949712666447,0.015081949578204268,0.015081949443761053,0.01508194930933682,0.015081949174931582,0.015081949040545353,0.015081948906178158,0.015081948771830018,0.01508194863750094,0.015081948503190942,0.015081948368900045,0.015081948234628266,0.015081948100375619,0.015081947966142121,0.015081947831927803,0.015081947697732662,0.015081947563556727,0.015081947429400007,0.015081947295262523,0.015081947161144301,0.015081947027045343,0.015081946892965676,0.015081946758905312,0.015081946624864272,0.015081946490842565,0.015081946356840209,0.015081946222857237,0.015081946088893645,0.01508194595494946,0.015081945821024699,0.015081945687119376,0.015081945553233509,0.015081945419367112,0.0150819452855202,0.015081945151692788,0.015081945017884906,0.015081944884096555,0.015081944750327758,0.015081944616578547,0.015081944482848914,0.015081944349138884,0.015081944215448482,0.015081944081777706,0.015081943948126597,0.015081943814495138,0.015081943680883383,0.015081943547291322,0.015081943413718976,0.015081943280166363,0.015081943146633506,0.015081943013120411,0.0150819428796271,0.015081942746153577,0.015081942612699883,0.015081942479266013,0.015081942345851985,0.015081942212457832,0.015081942079083544,0.015081941945729156,0.015081941812394679,0.01508194167908013,0.015081941545785526,0.015081941412510878,0.015081941279256196,0.015081941146021518,0.015081941012806833,0.01508194087961218,0.015081940746437547,0.015081940613282977,0.015081940480148473,0.015081940347034053,0.015081940213939734,0.015081940080865528,0.015081939947811452,0.01508193981477752,0.01508193968176375,0.015081939548770157,0.015081939415796754,0.01508193928284356,0.015081939149910586,0.015081939016997857,0.015081938884105382,0.015081938751233164,0.015081938618381243,0.015081938485549617,0.015081938352738312,0.015081938219947326,0.015081938087176696,0.015081937954426415,0.01508193782169652,0.015081937688987008,0.015081937556297907,0.015081937423629219,0.015081937290980976,0.015081937158353176,0.015081937025745845,0.015081936893158995,0.015081936760592636,0.015081936628046796,0.015081936495521479,0.015081936363016704,0.015081936230532483,0.015081936098068825,0.015081935965625752,0.015081935833203284,0.015081935700801434,0.015081935568420208,0.015081935436059624,0.015081935303719702,0.015081935171400454,0.015081935039101888,0.015081934906824024,0.01508193477456688,0.015081934642330463,0.015081934510114792,0.015081934377919885,0.015081934245745747,0.015081934113592403,0.01508193398145986,0.015081933849348137,0.01508193371725724,0.015081933585187198,0.015081933453138015,0.015081933321109702,0.015081933189102292,0.015081933057115774,0.015081932925150175,0.015081932793205513,0.01508193266128179,0.015081932529379031,0.015081932397497253,0.015081932265636453,0.01508193213379666,0.01508193200197789,0.015081931870180143,0.015081931738403446,0.015081931606647806,0.015081931474913235,0.015081931343199758,0.01508193121150738,0.015081931079836113,0.015081930948185971,0.01508193081655697,0.015081930684949136,0.015081930553362466,0.015081930421796978,0.015081930290252694,0.015081930158729618,0.015081930027227766,0.015081929895747146,0.015081929764287792,0.015081929632849682,0.01508192950143286,0.015081929370037342,0.015081929238663125,0.015081929107310231,0.015081928975978669,0.01508192884466846,0.015081928713379602,0.015081928582112122,0.015081928450866025,0.015081928319641337,0.015081928188438055,0.015081928057256198,0.015081927926095785,0.015081927794956831,0.015081927663839333,0.015081927532743341,0.015081927401668816,0.015081927270615794,0.015081927139584303,0.015081927008574351,0.015081926877585946,0.015081926746619095,0.015081926615673825,0.015081926484750131,0.015081926353848042,0.015081926222967564,0.01508192609210871,0.01508192596127149,0.015081925830455924,0.015081925699662019,0.015081925568889794,0.01508192543813925,0.015081925307410421,0.015081925176703299,0.015081925046017908,0.015081924915354256,0.015081924784712354,0.01508192465409223,0.015081924523493877,0.015081924392917322,0.01508192426236256,0.015081924131829622,0.015081924001318517,0.01508192387082925,0.015081923740361847,0.015081923609916304,0.015081923479492639,0.015081923349090868,0.015081923218710998,0.015081923088353046,0.01508192295801703,0.015081922827702949,0.015081922697410832,0.015081922567140674,0.0150819224368925,0.015081922306666315,0.015081922176462138,0.015081922046279976,0.015081921916119841,0.015081921785981754,0.015081921655865714,0.015081921525771739,0.015081921395699834,0.015081921265650026,0.015081921135622326,0.015081921005616734,0.015081920875633275,0.015081920745671948,0.015081920615732772,0.015081920485815766,0.015081920355920927,0.015081920226048276,0.015081920096197821,0.015081919966369579,0.015081919836563555,0.015081919706779778,0.015081919577018226,0.015081919447278947,0.015081919317561934,0.015081919187867204,0.015081919058194766,0.015081918928544626,0.015081918798916814,0.015081918669311321,0.015081918539728173,0.015081918410167386,0.015081918280628952,0.015081918151112891,0.015081918021619225,0.015081917892147958,0.015081917762699099,0.01508191763327266,0.015081917503868654,0.015081917374487093,0.01508191724512799,0.015081917115791354,0.015081916986477196,0.015081916857185528,0.01508191672791635,0.015081916598669707,0.015081916469445568,0.015081916340243974,0.01508191621106493,0.015081916081908448,0.015081915952774529,0.015081915823663198,0.015081915694574457,0.015081915565508312,0.015081915436464784,0.015081915307443886,0.015081915178445628,0.015081915049470018,0.01508191492051707,0.015081914791586779,0.01508191466267919,0.015081914533794274,0.015081914404932078,0.015081914276092583,0.015081914147275818,0.015081914018481796,0.015081913889710521,0.015081913760961995,0.015081913632236243,0.015081913503533271,0.015081913374853087,0.015081913246195715,0.015081913117561149,0.015081912988949406,0.015081912860360504,0.015081912731794435,0.015081912603251228,0.015081912474730891,0.015081912346233435,0.015081912217758857,0.015081912089307188,0.015081911960878425,0.01508191183247258,0.015081911704089665,0.015081911575729684,0.015081911447392663,0.015081911319078599,0.015081911190787506,0.015081911062519401,0.01508191093427429,0.015081910806052184,0.015081910677853092,0.015081910549677018,0.015081910421523981,0.015081910293393999,0.015081910165287067,0.015081910037203189,0.015081909909142406,0.01508190978110471,0.015081909653090114,0.015081909525098618,0.015081909397130236,0.015081909269184993,0.015081909141262883,0.015081909013363915,0.015081908885488111,0.015081908757635471,0.015081908629806014,0.015081908501999749,0.015081908374216675,0.015081908246456822,0.01508190811872018,0.015081907991006767,0.015081907863316596,0.015081907735649673,0.01508190760800601,0.015081907480385615,0.015081907352788491,0.015081907225214668,0.015081907097664134,0.015081906970136923,0.015081906842633015,0.01508190671515244,0.015081906587695202,0.015081906460261309,0.015081906332850774,0.01508190620546361,0.015081906078099826,0.01508190595075942,0.015081905823442418,0.015081905696148819,0.015081905568878638,0.015081905441631871,0.015081905314408558,0.015081905187208677,0.015081905060032246,0.015081904932879291,0.0150819048057498,0.015081904678643801,0.015081904551561286,0.015081904424502275,0.015081904297466782,0.015081904170454793,0.015081904043466344,0.015081903916501434,0.015081903789560073,0.015081903662642266,0.015081903535748032,0.015081903408877363,0.015081903282030296,0.01508190315520681,0.015081903028406927,0.015081902901630665,0.015081902774878026,0.015081902648149018,0.015081902521443653,0.01508190239476194,0.015081902268103884,0.015081902141469497,0.015081902014858794,0.015081901888271765,0.015081901761708441,0.01508190163516881,0.015081901508652911,0.015081901382160723,0.015081901255692275,0.01508190112924756,0.015081901002826609,0.015081900876429405,0.01508190075005597,0.015081900623706315,0.015081900497380441,0.01508190037107836,0.015081900244800094,0.015081900118545632,0.015081899992314986,0.015081899866108181,0.015081899739925202,0.015081899613766077,0.015081899487630807,0.0150818993615194,0.015081899235431875,0.015081899109368227,0.015081898983328474,0.015081898857312617,0.015081898731320667,0.015081898605352629,0.01508189847940852,0.015081898353488348,0.015081898227592117,0.015081898101719832,0.015081897975871502,0.015081897850047158,0.015081897724246776,0.015081897598470393,0.015081897472717988,0.015081897346989594,0.01508189722128521,0.01508189709560485,0.015081896969948503,0.015081896844316196,0.015081896718707929,0.015081896593123723,0.015081896467563569,0.015081896342027496,0.015081896216515494,0.015081896091027579,0.015081895965563755,0.015081895840124033,0.015081895714708422,0.015081895589316928,0.015081895463949559,0.015081895338606323,0.015081895213287237,0.015081895087992294,0.015081894962721509,0.015081894837474895,0.01508189471225245,0.015081894587054188,0.015081894461880118,0.015081894336730248,0.015081894211604588,0.015081894086503143,0.01508189396142592,0.015081893836372923,0.015081893711344167,0.015081893586339656,0.015081893461359401,0.015081893336403404,0.015081893211471676,0.01508189308656423,0.015081892961681078,0.015081892836822205,0.01508189271198764,0.015081892587177384,0.015081892462391453,0.015081892337629826,0.015081892212892543,0.015081892088179595,0.015081891963490999,0.015081891838826758,0.015081891714186882,0.015081891589571373,0.015081891464980235,0.01508189134041347,0.015081891215871137,0.015081891091353184,0.015081890966859648,0.015081890842390519,0.015081890717945813,0.015081890593525542,0.015081890469129703,0.015081890344758323,0.01508189022041138,0.015081890096088903,0.015081889971790899,0.01508188984751737,0.015081889723268314,0.015081889599043757,0.015081889474843693,0.015081889350668131,0.015081889226517084,0.015081889102390557,0.015081888978288544,0.015081888854211077,0.015081888730158147,0.015081888606129773,0.01508188848212595,0.015081888358146691,0.015081888234191999,0.015081888110261881,0.015081887986356353,0.015081887862475413,0.015081887738619073,0.015081887614787338,0.015081887490980215,0.01508188736719771,0.015081887243439823,0.015081887119706575,0.015081886995997981,0.01508188687231402,0.01508188674865472,0.015081886625020078,0.01508188650141011,0.015081886377824812,0.015081886254264194,0.015081886130728266,0.015081886007217035,0.015081885883730509,0.015081885760268686,0.015081885636831582,0.015081885513419208,0.015081885390031555,0.01508188526666864,0.01508188514333047,0.015081885020017054,0.015081884896728395,0.015081884773464496,0.015081884650225363,0.015081884527011017,0.01508188440382145,0.015081884280656672,0.015081884157516687,0.01508188403440151,0.015081883911311144,0.015081883788245595,0.015081883665204859,0.015081883542188963,0.0150818834191979,0.015081883296231679,0.015081883173290307,0.015081883050373793,0.015081882927482143,0.015081882804615355,0.015081882681773452,0.01508188255895642,0.015081882436164287,0.015081882313397039,0.01508188219065469,0.015081882067937261,0.01508188194524473,0.015081881822577126,0.015081881699934447,0.0150818815773167,0.015081881454723892,0.015081881332156039,0.01508188120961312,0.015081881087095173,0.015081880964602185,0.015081880842134162,0.015081880719691116,0.015081880597273053,0.015081880474879978,0.015081880352511897,0.015081880230168827,0.015081880107850748,0.015081879985557694,0.01508187986328965,0.015081879741046631,0.01508187961882865,0.015081879496635696,0.01508187937446779,0.015081879252324931,0.015081879130207124,0.015081879008114382,0.015081878886046713,0.015081878764004105,0.015081878641986589,0.015081878519994145,0.015081878398026796,0.015081878276084537,0.015081878154167387,0.015081878032275346,0.01508187791040842,0.015081877788566612,0.015081877666749921,0.015081877544958376,0.01508187742319196,0.015081877301450676,0.015081877179734563,0.015081877058043579,0.015081876936377771,0.015081876814737126,0.015081876693121657,0.01508187657153136,0.015081876449966246,0.015081876328426317,0.015081876206911586,0.015081876085422058,0.015081875963957735,0.015081875842518615,0.015081875721104712,0.015081875599716032,0.015081875478352576,0.015081875357014357,0.015081875235701373,0.015081875114413648,0.015081874993151148,0.015081874871913911,0.015081874750701944,0.015081874629515239,0.0150818745083538,0.015081874387217635,0.015081874266106757,0.015081874145021166,0.015081874023960863,0.015081873902925862,0.015081873781916165,0.015081873660931774,0.015081873539972696,0.015081873419038942,0.01508187329813051,0.015081873177247409,0.01508187305638964,0.015081872935557211,0.015081872814750132,0.0150818726939684,0.015081872573212024,0.015081872452481005,0.015081872331775357,0.015081872211095073,0.015081872090440167,0.015081871969810642,0.015081871849206502,0.01508187172862776,0.015081871608074409,0.01508187148754646,0.015081871367043927,0.015081871246566798,0.015081871126115084,0.015081871005688795,0.015081870885287924,0.015081870764912492,0.015081870644562498,0.015081870524237937,0.015081870403938833,0.015081870283665179,0.015081870163416972,0.015081870043194237,0.015081869922996947,0.015081869802825144,0.015081869682678809,0.015081869562557962,0.015081869442462608,0.015081869322392732,0.015081869202348355,0.015081869082329476,0.015081868962336091,0.015081868842368229,0.015081868722425888,0.015081868602509055,0.015081868482617751,0.01508186836275197,0.01508186824291171,0.015081868123096998,0.015081868003307825,0.01508186788354421,0.015081867763806137,0.015081867644093626,0.015081867524406666,0.015081867404745274,0.015081867285109461,0.015081867165499214,0.01508186704591454,0.015081866926355459,0.015081866806821956,0.015081866687314052,0.01508186656783174,0.015081866448375024,0.015081866328943917,0.015081866209538428,0.015081866090158545,0.015081865970804286,0.015081865851475645,0.015081865732172635,0.015081865612895257,0.015081865493643508,0.015081865374417408,0.015081865255216948,0.015081865136042146,0.015081865016892996,0.015081864897769505,0.015081864778671674,0.015081864659599502,0.015081864540553004,0.015081864421532183,0.015081864302537037,0.015081864183567575,0.015081864064623795,0.015081863945705713,0.015081863826813318,0.015081863707946622,0.015081863589105638,0.015081863470290358,0.015081863351500798,0.015081863232736954,0.015081863113998837,0.015081862995286438,0.015081862876599775,0.015081862757938836,0.01508186263930364,0.015081862520694178,0.015081862402110466,0.0150818622835525,0.015081862165020297,0.01508186204651384,0.015081861928033145,0.015081861809578215,0.01508186169114905,0.015081861572745658,0.015081861454368047,0.015081861336016222,0.015081861217690175,0.01508186109938993,0.015081860981115459,0.015081860862866791,0.015081860744643918,0.015081860626446853,0.01508186050827558,0.015081860390130134,0.015081860272010502,0.015081860153916686,0.015081860035848703,0.015081859917806547,0.015081859799790213,0.01508185968179972,0.015081859563835046,0.01508185944589622,0.015081859327983248,0.015081859210096124,0.01508185909223485,0.015081858974399424,0.015081858856589858,0.015081858738806162,0.01508185862104833,0.01508185850331637,0.015081858385610276,0.015081858267930067,0.015081858150275745,0.015081858032647295,0.015081857915044733,0.015081857797468064,0.015081857679917295,0.015081857562392418,0.015081857444893442,0.015081857327420378,0.015081857209973222,0.015081857092551974,0.01508185697515665,0.01508185685778723,0.015081856740443747,0.015081856623126184,0.015081856505834547,0.015081856388568852,0.015081856271329085,0.01508185615411526,0.01508185603692738,0.015081855919765444,0.015081855802629458,0.015081855685519415,0.01508185556843534,0.015081855451377222,0.015081855334345065,0.015081855217338874,0.015081855100358652,0.015081854983404402,0.015081854866476127,0.015081854749573824,0.01508185463269751,0.01508185451584719,0.015081854399022836,0.01508185428222449,0.015081854165452144,0.015081854048705783,0.01508185393198542,0.015081853815291073,0.015081853698622721,0.015081853581980388,0.015081853465364064,0.01508185334877376,0.015081853232209477,0.01508185311567121,0.015081852999158976,0.015081852882672761,0.015081852766212572,0.01508185264977843,0.015081852533370316,0.01508185241698825,0.015081852300632213,0.01508185218430222,0.015081852067998294,0.015081851951720408,0.015081851835468578,0.015081851719242825,0.01508185160304312,0.015081851486869474,0.015081851370721894,0.015081851254600384,0.015081851138504944,0.015081851022435576,0.015081850906392288,0.015081850790375072,0.015081850674383952,0.015081850558418918,0.015081850442479963,0.01508185032656711,0.015081850210680344,0.015081850094819677,0.015081849978985115,0.01508184986317665,0.015081849747394288,0.015081849631638035,0.015081849515907892,0.015081849400203863,0.015081849284525956,0.015081849168874156,0.015081849053248478,0.015081848937648927,0.015081848822075508,0.015081848706528223,0.01508184859100706,0.015081848475512022,0.015081848360043127,0.015081848244600366,0.015081848129183749,0.015081848013793276,0.015081847898428945,0.015081847783090766,0.015081847667778746,0.01508184755249287,0.015081847437233164,0.0150818473219996,0.015081847206792202,0.015081847091610966,0.015081846976455903,0.015081846861327004,0.015081846746224273,0.015081846631147717,0.015081846516097341,0.015081846401073143,0.01508184628607512,0.015081846171103277,0.015081846056157635,0.015081845941238162,0.01508184582634489,0.015081845711477797,0.015081845596636907,0.01508184548182221,0.015081845367033721,0.015081845252271426,0.015081845137535332,0.015081845022825445,0.015081844908141767,0.015081844793484303,0.01508184467885304,0.015081844564248008,0.015081844449669177,0.015081844335116572,0.015081844220590189,0.01508184410609002,0.015081843991616087,0.015081843877168382,0.015081843762746903,0.015081843648351648,0.015081843533982635,0.015081843419639853,0.01508184330532331,0.015081843191033005,0.015081843076768946,0.015081842962531117,0.01508184284831955,0.015081842734134227,0.015081842619975151,0.01508184250584233,0.01508184239173576,0.015081842277655445,0.015081842163601386,0.015081842049573592,0.015081841935572052,0.015081841821596775,0.015081841707647786,0.015081841593725047,0.01508184147982858,0.015081841365958377,0.015081841252114462,0.015081841138296812,0.015081841024505436,0.015081840910740343,0.015081840797001523,0.015081840683288992,0.015081840569602743,0.01508184045594278,0.015081840342309099,0.015081840228701713,0.01508184011512062,0.01508184000156582,0.015081839888037313,0.015081839774535108,0.015081839661059191,0.015081839547609579,0.015081839434186272,0.01508183932078926,0.015081839207418566,0.015081839094074173,0.015081838980756086,0.015081838867464309,0.015081838754198851,0.01508183864095969,0.015081838527746852,0.01508183841456034,0.015081838301400143,0.015081838188266257,0.0150818380751587,0.015081837962077464,0.015081837849022553,0.015081837735993966,0.015081837622991706,0.015081837510015777,0.015081837397066174,0.015081837284142913,0.015081837171245973,0.01508183705837538,0.015081836945531118,0.015081836832713193,0.015081836719921604,0.01508183660715636,0.015081836494417463,0.015081836381704902,0.015081836269018706,0.01508183615635884,0.015081836043725313,0.015081835931118151,0.015081835818537347,0.015081835705982873,0.015081835593454771,0.015081835480953012,0.015081835368477615,0.015081835256028572,0.015081835143605896,0.015081835031209568,0.015081834918839621,0.01508183480649602,0.01508183469417879,0.015081834581887929,0.01508183446962343,0.015081834357385308,0.015081834245173547,0.015081834132988156,0.015081834020829136,0.015081833908696494,0.015081833796590224,0.015081833684510328,0.015081833572456805,0.015081833460429668,0.01508183334842891,0.015081833236454532,0.015081833124506535,0.015081833012584919,0.015081832900689679,0.015081832788820828,0.015081832676978367,0.015081832565162294,0.015081832453372607,0.015081832341609307,0.0150818322298724,0.015081832118161893,0.015081832006477771,0.015081831894820036,0.015081831783188702,0.015081831671583768,0.015081831560005223,0.015081831448453074,0.01508183133692733,0.015081831225427986,0.015081831113955044,0.015081831002508499,0.015081830891088355,0.015081830779694619,0.015081830668327285,0.015081830556986354,0.01508183044567183,0.015081830334383643,0.015081830223121937,0.015081830111886638,0.015081830000677742,0.01508182988949527,0.015081829778339204,0.01508182966720955,0.015081829556106307,0.015081829445029477,0.015081829333979056,0.015081829222955074,0.015081829111957486,0.015081829000986329,0.015081828890041588,0.01508182877912326,0.015081828668231361,0.015081828557365876,0.015081828446526814,0.015081828335714174,0.015081828224927955,0.015081828114168158,0.015081828003434798,0.01508182789272786,0.01508182778204734,0.015081827671393249,0.015081827560765588,0.01508182745016435,0.015081827339589543,0.015081827229041157,0.0150818271185192,0.015081827008023683,0.015081826897554593,0.015081826787111941,0.015081826676695722,0.015081826566305917,0.01508182645594256,0.015081826345605632,0.015081826235295146,0.015081826125011097,0.015081826014753474,0.015081825904522289,0.015081825794317548,0.015081825684139237,0.01508182557398736,0.015081825463861935,0.015081825353762948,0.01508182524369039,0.015081825133644275,0.015081825023624602,0.015081824913631376,0.015081824803664587,0.015081824693724244,0.01508182458381033,0.015081824473922865,0.015081824364061849,0.015081824254227274,0.015081824144419142,0.015081824034637469,0.015081823924882226,0.01508182381515342,0.015081823705451075,0.015081823595775175,0.01508182348612571,0.015081823376502696,0.015081823266906135,0.015081823157336015,0.015081823047792351,0.015081822938275124,0.015081822828784352,0.015081822719320024,0.015081822609882145,0.01508182250047071,0.01508182239108574,0.015081822281727218,0.015081822172395142,0.015081822063089513,0.015081821953810333,0.0150818218445576,0.015081821735331326,0.015081821626131501,0.015081821516958126,0.0150818214078112,0.015081821298690734,0.015081821189596716,0.015081821080529152,0.015081820971488025,0.015081820862473365,0.015081820753485155,0.015081820644523403,0.015081820535588096,0.015081820426679247,0.015081820317796847,0.015081820208940909,0.015081820100111411,0.015081819991308372,0.0150818198825318,0.01508181977378166,0.015081819665057982,0.015081819556360761,0.01508181944768999,0.015081819339045682,0.01508181923042781,0.015081819121836407,0.015081819013271451,0.015081818904732954,0.015081818796220905,0.015081818687735308,0.01508181857927617,0.015081818470843483,0.015081818362437252,0.015081818254057477,0.015081818145704145,0.015081818037377277,0.015081817929076851,0.015081817820802887,0.015081817712555377,0.015081817604334323,0.015081817496139713,0.015081817387971567,0.01508181727982987,0.015081817171714616,0.015081817063625822,0.015081816955563482,0.015081816847527595,0.015081816739518156,0.015081816631535173,0.015081816523578642,0.01508181641564856,0.015081816307744932,0.01508181619986776,0.015081816092017036,0.015081815984192755,0.015081815876394936,0.015081815768623566,0.01508181566087864,0.015081815553160176,0.015081815445468154,0.015081815337802585,0.01508181523016346,0.015081815122550789,0.01508181501496456,0.01508181490740479,0.015081814799871467,0.01508181469236458,0.01508181458488415,0.015081814477430164,0.015081814370002623,0.015081814262601538,0.01508181415522689,0.015081814047878693,0.015081813940556943,0.015081813833261635,0.015081813725992765,0.01508181361875035,0.01508181351153437,0.015081813404344844,0.015081813297181758,0.015081813190045116,0.015081813082934915,0.015081812975851162,0.015081812868793842,0.015081812761762965,0.015081812654758532,0.015081812547780541,0.015081812440828984,0.015081812333903868,0.015081812227005192,0.015081812120132954,0.015081812013287154,0.015081811906467785,0.015081811799674855,0.015081811692908367,0.01508181158616832,0.015081811479454693,0.015081811372767505,0.015081811266106764,0.015081811159472434,0.015081811052864559,0.01508181094628312,0.015081810839728097,0.015081810733199509,0.015081810626697357,0.015081810520221627,0.015081810413772332,0.01508181030734947,0.015081810200953033,0.015081810094583021,0.015081809988239436,0.015081809881922278,0.015081809775631554,0.015081809669367247,0.015081809563129362,0.015081809456917903,0.015081809350732877,0.015081809244574257,0.01508180913844207,0.0150818090323363,0.015081808926256948,0.015081808820204014,0.015081808714177511,0.015081808608177422,0.015081808502203746,0.01508180839625649,0.015081808290335634,0.0150818081844412,0.015081808078573188,0.015081807972731589,0.015081807866916392,0.015081807761127617,0.015081807655365261,0.015081807549629308,0.015081807443919763,0.015081807338236634,0.015081807232579913,0.015081807126949585,0.015081807021345683,0.015081806915768176,0.015081806810217075,0.015081806704692375,0.015081806599194086,0.015081806493722195,0.015081806388276707,0.015081806282857615,0.015081806177464931,0.015081806072098641,0.015081805966758746,0.015081805861445257,0.015081805756158154,0.015081805650897454,0.015081805545663135,0.015081805440455225,0.015081805335273691,0.015081805230118558,0.015081805124989816,0.015081805019887456,0.015081804914811496,0.015081804809761911,0.015081804704738716,0.015081804599741904,0.015081804494771478,0.015081804389827437,0.01508180428490978,0.015081804180018496,0.015081804075153601,0.015081803970315081,0.015081803865502945,0.01508180376071718,0.015081803655957793,0.01508180355122478,0.01508180344651814,0.015081803341837874,0.015081803237183986,0.015081803132556455,0.015081803027955308,0.015081802923380514,0.015081802818832101,0.015081802714310043,0.01508180260981436,0.015081802505345038,0.015081802400902077,0.015081802296485484,0.015081802192095248,0.015081802087731378,0.015081801983393851,0.015081801879082696,0.015081801774797891,0.01508180167053944,0.015081801566307337,0.015081801462101592,0.015081801357922192,0.015081801253769145,0.01508180114964245,0.015081801045542097,0.015081800941468099,0.01508180083742044,0.015081800733399146,0.015081800629404176,0.015081800525435543,0.01508180042149325,0.015081800317577304,0.015081800213687692,0.015081800109824413,0.015081800005987469,0.015081799902176856,0.01508179979839257,0.015081799694634633,0.015081799590903009,0.015081799487197721,0.015081799383518762,0.01508179927986613,0.015081799176239816,0.01508179907263983,0.015081798969066163,0.015081798865518817,0.015081798761997785,0.015081798658503077,0.015081798555034682,0.015081798451592607,0.015081798348176832,0.015081798244787375,0.01508179814142423,0.015081798038087397,0.015081797934776871,0.015081797831492652,0.015081797728234734,0.015081797625003118,0.015081797521797804,0.015081797418618793,0.015081797315466083,0.015081797212339675,0.015081797109239561,0.015081797006165736,0.01508179690311819,0.015081796800096966,0.015081796697102016,0.015081796594133352,0.01508179649119098,0.015081796388274895,0.015081796285385096,0.015081796182521572,0.015081796079684334,0.015081795976873378,0.015081795874088706,0.015081795771330299,0.015081795668598177,0.015081795565892323,0.015081795463212736,0.015081795360559426,0.01508179525793238,0.01508179515533161,0.0150817950527571,0.01508179495020885,0.015081794847686883,0.015081794745191156,0.015081794642721691,0.015081794540278491,0.01508179443786154,0.015081794335470845,0.015081794233106391,0.015081794130768194,0.015081794028456252,0.01508179392617056,0.015081793823911109,0.015081793721677911,0.015081793619470945,0.015081793517290226,0.015081793415135738,0.015081793313007501,0.015081793210905487,0.015081793108829716,0.015081793006780165,0.015081792904756875,0.01508179280275981,0.01508179270078895,0.015081792598844323,0.015081792496925922,0.015081792395033735,0.015081792293167773,0.015081792191328037,0.015081792089514507,0.015081791987727194,0.015081791885966095,0.015081791784231205,0.01508179168252253,0.015081791580840059,0.015081791479183796,0.015081791377553735,0.015081791275949876,0.015081791174372222,0.015081791072820764,0.015081790971295505,0.01508179086979644,0.015081790768323566,0.015081790666876888,0.015081790565456402,0.0150817904640621,0.01508179036269398,0.015081790261352057,0.01508179016003631,0.015081790058746746,0.015081789957483363,0.015081789856246147,0.015081789755035106,0.015081789653850243,0.015081789552691547,0.01508178945155903,0.015081789350452665,0.015081789249372477,0.015081789148318451,0.015081789047290585,0.015081788946288874,0.015081788845313327,0.01508178874436393,0.015081788643440695,0.015081788542543603,0.015081788441672657,0.015081788340827863,0.015081788240009223,0.015081788139216717,0.015081788038450354,0.015081787937710138,0.01508178783699605,0.015081787736308114,0.015081787635646295,0.015081787535010617,0.015081787434401066,0.01508178733381764,0.01508178723326034,0.015081787132729162,0.015081787032224106,0.015081786931745176,0.015081786831292361,0.015081786730865656,0.015081786630465067,0.015081786530090594,0.01508178642974222,0.015081786329419956,0.015081786229123807,0.015081786128853763,0.01508178602860981,0.015081785928391954,0.0150817858282002,0.015081785728034546,0.015081785627894972,0.015081785527781492,0.015081785427694106,0.015081785327632791,0.015081785227597571,0.015081785127588442,0.015081785027605377,0.01508178492764839,0.015081784827717494,0.015081784727812663,0.015081784627933904,0.015081784528081215,0.015081784428254589,0.015081784328454034,0.015081784228679524,0.015081784128931087,0.01508178402920871,0.015081783929512383,0.015081783829842111,0.015081783730197891,0.015081783630579729,0.0150817835309876,0.015081783431421527,0.01508178333188149,0.015081783232367477,0.015081783132879521,0.015081783033417598,0.015081782933981712,0.01508178283457185,0.015081782735188023,0.015081782635830215,0.015081782536498436,0.015081782437192678,0.015081782337912936,0.015081782238659218,0.015081782139431505,0.015081782040229811,0.015081781941054136,0.015081781841904465,0.015081781742780792,0.015081781643683128,0.01508178154461146,0.015081781445565798,0.015081781346546136,0.015081781247552464,0.015081781148584775,0.015081781049643087,0.015081780950727389,0.015081780851837671,0.015081780752973931,0.015081780654136175,0.015081780555324394,0.015081780456538591,0.01508178035777875,0.015081780259044839,0.015081780160336962,0.015081780061655038,0.015081779962999073,0.015081779864369076,0.015081779765765026,0.015081779667186932,0.015081779568634799,0.015081779470108614,0.015081779371608378,0.015081779273134087,0.01508177917468574,0.01508177907626334,0.015081778977866873,0.01508177887949634,0.015081778781151743,0.015081778682833084,0.015081778584540356,0.015081778486273538,0.015081778388032645,0.015081778289817683,0.015081778191628651,0.015081778093465522,0.015081777995328303,0.015081777897217007,0.015081777799131616,0.015081777701072137,0.015081777603038549,0.015081777505030872,0.015081777407049095,0.015081777309093209,0.015081777211163211,0.015081777113259117,0.015081777015380908,0.015081776917528582,0.015081776819702146,0.015081776721901584,0.015081776624126905,0.015081776526378099,0.015081776428655165,0.015081776330958108,0.015081776233286912,0.015081776135641586,0.015081776038022124,0.01508177594042852,0.015081775842860778,0.015081775745318889,0.015081775647802841,0.015081775550312664,0.015081775452848318,0.015081775355409825,0.015081775257997173,0.015081775160610364,0.015081775063249389,0.015081774965914245,0.015081774868604935,0.015081774771321456,0.015081774674063795,0.015081774576831974,0.015081774479625961,0.015081774382445772,0.015081774285291399,0.015081774188162832,0.015081774091060077,0.015081773993983132,0.015081773896931982,0.015081773799906648,0.015081773702907102,0.015081773605933355,0.015081773508985399,0.015081773412063236,0.015081773315166871,0.015081773218296275,0.015081773121451475,0.015081773024632454,0.015081772927839215,0.015081772831071746,0.01508177273433005,0.015081772637614121,0.015081772540923959,0.015081772444259558,0.015081772347620922,0.015081772251008048,0.015081772154420919,0.01508177205785955,0.01508177196132393,0.015081771864814061,0.015081771768329925,0.015081771671871537,0.015081771575438893,0.015081771479031985,0.015081771382650797,0.015081771286295348,0.015081771189965627,0.01508177109366162,0.01508177099738335,0.015081770901130791,0.015081770804903947,0.01508177070870282,0.015081770612527403,0.015081770516377688,0.015081770420253686,0.015081770324155381,0.01508177022808278,0.015081770132035871,0.015081770036014656,0.015081769940019132,0.015081769844049301,0.015081769748105147,0.015081769652186675,0.01508176955629388,0.015081769460426771,0.015081769364585324,0.015081769268769554,0.015081769172979445,0.015081769077215005,0.015081768981476229,0.0150817688857631,0.01508176879007564,0.015081768694413826,0.015081768598777669,0.015081768503167153,0.015081768407582276,0.015081768312023043,0.01508176821648948,0.015081768120981522,0.015081768025499194,0.015081767930042497,0.015081767834611425,0.015081767739205972,0.01508176764382615,0.01508176754847194,0.01508176745314333,0.015081767357840342,0.015081767262562964,0.01508176716731119,0.015081767072085021,0.015081766976884443,0.015081766881709476,0.015081766786560088,0.015081766691436311,0.015081766596338107,0.015081766501265486,0.015081766406218442,0.015081766311196985,0.015081766216201093,0.015081766121230779,0.015081766026286032,0.015081765931366852,0.01508176583647323,0.015081765741605174,0.015081765646762677,0.01508176555194573,0.015081765457154336,0.015081765362388483,0.015081765267648178,0.015081765172933418,0.015081765078244195,0.01508176498358051,0.015081764888942343,0.015081764794329712,0.015081764699742612,0.015081764605181026,0.015081764510644977,0.01508176441613443,0.015081764321649399,0.01508176422718988,0.015081764132755865,0.015081764038347366,0.015081763943964353,0.015081763849606852,0.015081763755274846,0.015081763660968327,0.015081763566687289,0.015081763472431743,0.015081763378201675,0.015081763283997091,0.015081763189817979,0.015081763095664343,0.015081763001536174,0.01508176290743347,0.015081762813356233,0.015081762719304455,0.015081762625278133,0.015081762531277264,0.015081762437301848,0.01508176234335188,0.015081762249427356,0.015081762155528271,0.015081762061654617,0.015081761967806407,0.015081761873983638,0.015081761780186276,0.015081761686414345,0.015081761592667846,0.015081761498946753,0.01508176140525108,0.015081761311580823,0.015081761217935972,0.015081761124316525,0.015081761030722476,0.015081760937153833,0.015081760843610575,0.015081760750092718,0.015081760656600243,0.015081760563133166,0.01508176046969147,0.01508176037627515,0.015081760282884204,0.015081760189518628,0.01508176009617843,0.015081760002863591,0.015081759909574118,0.015081759816310002,0.015081759723071242,0.01508175962985784,0.01508175953666978,0.01508175944350706,0.015081759350369695,0.015081759257257675,0.01508175916417099,0.015081759071109636,0.01508175897807361,0.015081758885062909,0.015081758792077531,0.015081758699117478,0.015081758606182745,0.01508175851327332,0.015081758420389203,0.015081758327530392,0.015081758234696888,0.015081758141888679,0.015081758049105772,0.015081757956348156,0.015081757863615835,0.015081757770908795,0.015081757678227038,0.015081757585570565,0.015081757492939366,0.015081757400333438,0.015081757307752776,0.015081757215197385,0.015081757122667263,0.015081757030162391,0.015081756937682773,0.015081756845228413,0.015081756752799306,0.015081756660395438,0.015081756568016816,0.01508175647566343,0.015081756383335285,0.015081756291032374,0.015081756198754678,0.015081756106502217,0.015081756014274979,0.01508175592207296,0.01508175582989615,0.01508175573774456,0.015081755645618145,0.015081755553516965,0.015081755461440981,0.015081755369390208,0.015081755277364611,0.01508175518536422,0.015081755093389,0.015081755001438974,0.015081754909514128,0.015081754817614453,0.015081754725739952,0.015081754633890632,0.01508175454206647,0.015081754450267484,0.015081754358493642,0.01508175426674496,0.015081754175021424,0.015081754083323051,0.015081753991649814,0.015081753900001722,0.015081753808378768,0.015081753716780943,0.01508175362520826,0.0150817535336607,0.015081753442138263,0.015081753350640954,0.015081753259168756,0.015081753167721673,0.015081753076299702,0.015081752984902837,0.015081752893531074,0.015081752802184416,0.015081752710862848,0.015081752619566378,0.015081752528294995,0.015081752437048691,0.015081752345827476,0.015081752254631348,0.015081752163460289,0.015081752072314292,0.015081751981193364,0.015081751890097507,0.01508175179902671,0.015081751707980963,0.015081751616960275,0.015081751525964632,0.015081751434994045,0.015081751344048494,0.015081751253128002,0.015081751162232523,0.015081751071362082,0.015081750980516662,0.01508175088969627,0.015081750798900898,0.015081750708130533,0.015081750617385202,0.015081750526664857,0.015081750435969531,0.01508175034529922,0.015081750254653883,0.01508175016403356,0.015081750073438227,0.015081749982867865,0.015081749892322504,0.01508174980180213,0.015081749711306715,0.015081749620836289,0.01508174953039083,0.015081749439970336,0.015081749349574805,0.015081749259204236,0.01508174916885862,0.015081749078537954,0.015081748988242235,0.01508174889797147,0.015081748807725639,0.015081748717504747,0.015081748627308784,0.01508174853713776,0.015081748446991654,0.015081748356870471,0.01508174826677421,0.015081748176702853,0.015081748086656422,0.015081747996634894,0.015081747906638271,0.015081747816666548,0.015081747726719713,0.015081747636797779,0.015081747546900734,0.015081747457028564,0.015081747367181285,0.015081747277358885,0.015081747187561355,0.015081747097788693,0.0150817470080409,0.015081746918317972,0.015081746828619909,0.015081746738946689,0.015081746649298325,0.015081746559674813,0.015081746470076134,0.01508174638050231,0.015081746290953315,0.015081746201429143,0.01508174611192982,0.015081746022455314,0.015081745933005632,0.015081745843580765,0.015081745754180713,0.01508174566480547,0.015081745575455033,0.015081745486129398,0.01508174539682856,0.015081745307552515,0.015081745218301265,0.015081745129074805,0.015081745039873133,0.015081744950696242,0.01508174486154411,0.01508174477241676,0.015081744683314177,0.015081744594236364,0.015081744505183311,0.015081744416155009,0.015081744327151467,0.01508174423817267,0.015081744149218623,0.015081744060289323,0.01508174397138475,0.015081743882504911,0.015081743793649805,0.015081743704819428,0.015081743616013783,0.015081743527232832,0.015081743438476614,0.0150817433497451,0.015081743261038305,0.015081743172356204,0.015081743083698801,0.01508174299506609,0.015081742906458077,0.015081742817874754,0.015081742729316113,0.015081742640782153,0.01508174255227287,0.01508174246378826,0.015081742375328316,0.01508174228689304,0.015081742198482425,0.015081742110096467,0.015081742021735154,0.015081741933398495,0.015081741845086477,0.015081741756799103,0.015081741668536366,0.015081741580298277,0.015081741492084801,0.015081741403895954,0.015081741315731733,0.015081741227592134,0.015081741139477136,0.015081741051386757,0.015081740963320983,0.015081740875279807,0.01508174078726323,0.015081740699271245,0.015081740611303861,0.015081740523361057,0.015081740435442841,0.015081740347549197,0.01508174025968013,0.015081740171835634,0.015081740084015692,0.015081739996220311,0.015081739908449516,0.015081739820703257,0.015081739732981561,0.015081739645284408,0.015081739557611794,0.01508173946996372,0.01508173938234018,0.015081739294741176,0.015081739207166702,0.015081739119616749,0.015081739032091314,0.015081738944590398,0.015081738857113988,0.01508173876966209,0.015081738682234697,0.015081738594831803,0.015081738507453398,0.015081738420099485,0.015081738332770059,0.015081738245465116,0.015081738158184655,0.015081738070928677,0.015081737983697161,0.01508173789649012,0.015081737809307539,0.01508173772214942,0.01508173763501576,0.015081737547906555,0.015081737460821788,0.015081737373761471,0.015081737286725589,0.01508173719971415,0.015081737112727133,0.015081737025764546,0.015081736938826387,0.015081736851912636,0.015081736765023312,0.015081736678158392,0.015081736591317884,0.015081736504501762,0.015081736417710065,0.015081736330942744,0.015081736244199829,0.015081736157481295,0.015081736070787147,0.015081735984117365,0.01508173589747197,0.015081735810850955,0.015081735724254294,0.015081735637681996,0.01508173555113406,0.015081735464610476,0.015081735378111239,0.015081735291636363,0.015081735205185815,0.015081735118759612,0.015081735032357739,0.015081734945980196,0.015081734859626982,0.015081734773298092,0.015081734686993493,0.015081734600713236,0.015081734514457275,0.015081734428225631,0.01508173434201829,0.015081734255835248,0.0150817341696765,0.015081734083542039,0.015081733997431861,0.015081733911345966,0.01508173382528435,0.015081733739247009,0.015081733653233934,0.015081733567245122,0.015081733481280574,0.015081733395340278,0.015081733309424234,0.015081733223532443,0.015081733137664885,0.015081733051821578,0.01508173296600251,0.015081732880207678,0.015081732794437063,0.015081732708690674,0.0150817326229685,0.015081732537270546,0.015081732451596802,0.015081732365947271,0.015081732280321941,0.015081732194720804,0.015081732109143861,0.015081732023591109,0.015081731938062542,0.015081731852558157,0.015081731767077953,0.015081731681621927,0.015081731596190064,0.015081731510782367,0.015081731425398833,0.015081731340039454,0.015081731254704233,0.015081731169393155,0.015081731084106218,0.015081730998843435,0.015081730913604778,0.015081730828390252,0.015081730743199866,0.015081730658033591,0.015081730572891434,0.015081730487773391,0.015081730402679473,0.015081730317609657,0.015081730232563942,0.015081730147542325,0.015081730062544806,0.015081729977571373,0.015081729892622015,0.015081729807696755,0.015081729722795569,0.015081729637918451,0.01508172955306541,0.01508172946823643,0.015081729383431514,0.015081729298650646,0.015081729213893835,0.015081729129161075,0.015081729044452354,0.015081728959767683,0.01508172887510703,0.015081728790470424,0.015081728705857835,0.015081728621269275,0.015081728536704734,0.01508172845216421,0.015081728367647684,0.01508172828315517,0.015081728198686657,0.015081728114242141,0.01508172802982162,0.015081727945425087,0.015081727861052534,0.015081727776703977,0.015081727692379386,0.015081727608078768,0.015081727523802102,0.015081727439549409,0.015081727355320677,0.0150817272711159,0.015081727186935075,0.015081727102778185,0.015081727018645255,0.015081726934536252,0.015081726850451187,0.015081726766390052,0.01508172668235284,0.015081726598339548,0.015081726514350179,0.015081726430384705,0.015081726346443157,0.015081726262525496,0.015081726178631745,0.01508172609476189,0.015081726010915921,0.015081725927093845,0.015081725843295642,0.015081725759521325,0.015081725675770867,0.015081725592044294,0.015081725508341576,0.015081725424662728,0.01508172534100773,0.015081725257376586,0.015081725173769288,0.015081725090185839,0.015081725006626223,0.015081724923090447,0.015081724839578502,0.01508172475609038,0.015081724672626076,0.015081724589185592,0.015081724505769082,0.015081724422376208,0.015081724339007153,0.015081724255661897,0.015081724172340426,0.015081724089042759,0.01508172400576888,0.01508172392251878,0.01508172383929246,0.015081723756089916,0.01508172367291114,0.01508172358975613,0.015081723506624886,0.01508172342351739,0.01508172334043365,0.015081723257373662,0.01508172317433742,0.015081723091324908,0.01508172300833613,0.015081722925371084,0.015081722842429778,0.015081722759512186,0.015081722676618307,0.015081722593748145,0.015081722510901693,0.015081722428078941,0.015081722345279892,0.015081722262504533,0.015081722179752875,0.0150817220970249,0.01508172201432061,0.015081721931640004,0.015081721848983065,0.015081721766349792,0.01508172168374019,0.015081721601154249,0.015081721518591966,0.015081721436053335,0.015081721353538349,0.015081721271047005,0.015081721188579294,0.015081721106135227,0.015081721023714788,0.015081720941317975,0.015081720858944788,0.015081720776595215,0.015081720694269255,0.015081720611966911,0.01508172052968816,0.015081720447433014,0.015081720365201457,0.015081720282993502,0.015081720200809128,0.015081720118648334,0.015081720036511117,0.01508171995439747,0.015081719872307395,0.01508171979024088,0.015081719708197926,0.015081719626178533,0.01508171954418269,0.015081719462210394,0.015081719380261644,0.015081719298336424,0.015081719216434742,0.015081719134556588,0.01508171905270196,0.015081718970870859,0.015081718889063256,0.015081718807279177,0.015081718725518603,0.01508171864378153,0.015081718562067952,0.01508171848037787,0.015081718398711287,0.015081718317068175,0.015081718235448549,0.015081718153852388,0.015081718072279707,0.015081717990730499,0.015081717909204751,0.015081717827702455,0.015081717746223616,0.015081717664768221,0.015081717583336275,0.015081717501927768,0.015081717420542703,0.015081717339181067,0.01508171725784285,0.015081717176528056,0.015081717095236685,0.015081717013968725,0.015081716932724169,0.015081716851503026,0.015081716770305285,0.015081716689130935,0.015081716607979976,0.0150817165268524,0.015081716445748211,0.0150817163646674,0.015081716283609959,0.015081716202575885,0.015081716121565189,0.01508171604057784,0.015081715959613851,0.015081715878673225,0.015081715797755928,0.015081715716861979,0.015081715635991363,0.015081715555144079,0.015081715474320127,0.015081715393519496,0.015081715312742187,0.015081715231988195,0.015081715151257516,0.015081715070550136,0.01508171498986606,0.015081714909205273,0.015081714828567794,0.015081714747953593,0.015081714667362677,0.01508171458679504,0.015081714506250682,0.01508171442572959,0.015081714345231763,0.015081714264757198,0.015081714184305896,0.015081714103877842,0.015081714023473036,0.015081713943091477,0.015081713862733147,0.01508171378239805,0.015081713702086183,0.015081713621797551,0.015081713541532121,0.015081713461289918,0.015081713381070927,0.015081713300875148,0.015081713220702562,0.015081713140553179,0.015081713060426992,0.015081712980323996,0.015081712900244177,0.015081712820187543,0.01508171274015408,0.0150817126601438,0.015081712580156668,0.015081712500192702,0.01508171242025189,0.015081712340334232,0.015081712260439731,0.01508171218056836,0.015081712100720134,0.015081712020895045,0.015081711941093088,0.015081711861314242,0.015081711781558534,0.015081711701825937,0.015081711622116438,0.015081711542430062,0.015081711462766784,0.015081711383126601,0.015081711303509514,0.015081711223915521,0.015081711144344603,0.015081711064796771,0.01508171098527201,0.015081710905770322,0.015081710826291698,0.015081710746836143,0.015081710667403643,0.015081710587994181,0.015081710508607784,0.015081710429244414,0.015081710349904088,0.0150817102705868,0.015081710191292537,0.015081710112021309,0.015081710032773091,0.0150817099535479,0.01508170987434571,0.015081709795166529,0.015081709716010347,0.015081709636877166,0.015081709557766979,0.015081709478679777,0.015081709399615562,0.015081709320574326,0.015081709241556064,0.015081709162560773,0.015081709083588442,0.01508170900463908,0.015081708925712672,0.015081708846809209,0.015081708767928696,0.01508170868907113,0.015081708610236498,0.015081708531424796,0.015081708452636032,0.015081708373870172,0.015081708295127292,0.015081708216407282,0.015081708137710181,0.015081708059035989,0.015081707980384693,0.015081707901756298,0.015081707823150792,0.01508170774456817,0.015081707666008434,0.015081707587471578,0.0150817075089576,0.015081707430466482,0.015081707351998229,0.015081707273552833,0.015081707195130297,0.015081707116730613,0.015081707038353771,0.015081706959999774,0.015081706881668615,0.01508170680336028,0.015081706725074773,0.015081706646812095,0.015081706568572235,0.01508170649035519,0.015081706412160946,0.015081706333989506,0.015081706255840868,0.015081706177715027,0.015081706099611979,0.015081706021531716,0.015081705943474225,0.015081705865439514,0.01508170578742758,0.015081705709438415,0.015081705631472013,0.015081705553528372,0.015081705475607473,0.015081705397709326,0.015081705319833926,0.015081705241981267,0.015081705164151343,0.015081705086344144,0.015081705008559676,0.015081704930797938,0.015081704853058894,0.015081704775342574,0.01508170469764896,0.015081704619978048,0.015081704542329832,0.015081704464704311,0.015081704387101477,0.015081704309521323,0.015081704231963854,0.015081704154429058,0.015081704076916932,0.015081703999427478,0.01508170392196067,0.015081703844516528,0.015081703767095039,0.015081703689696193,0.015081703612319985,0.015081703534966413,0.015081703457635485,0.015081703380327173,0.0150817033030415,0.015081703225778436,0.01508170314853798,0.01508170307132014,0.015081702994124901,0.015081702916952265,0.015081702839802223,0.01508170276267477,0.015081702685569902,0.015081702608487619,0.01508170253142792,0.015081702454390784,0.015081702377376209,0.015081702300384203,0.015081702223414753,0.015081702146467865,0.01508170206954352,0.015081701992641717,0.015081701915762448,0.015081701838905729,0.015081701762071529,0.015081701685259859,0.015081701608470704,0.01508170153170407,0.01508170145495994,0.015081701378238322,0.015081701301539206,0.015081701224862586,0.015081701148208462,0.015081701071576819,0.015081700994967664,0.015081700918380986,0.015081700841816778,0.015081700765275046,0.015081700688755775,0.015081700612258967,0.0150817005357846,0.015081700459332695,0.015081700382903235,0.015081700306496222,0.015081700230111636,0.015081700153749489,0.015081700077409759,0.015081700001092452,0.015081699924797569,0.015081699848525093,0.015081699772275031,0.015081699696047375,0.015081699619842109,0.015081699543659241,0.01508169946749876,0.015081699391360668,0.015081699315244956,0.015081699239151614,0.015081699163080647,0.015081699087032047,0.01508169901100581,0.015081698935001924,0.015081698859020404,0.015081698783061216,0.015081698707124365,0.015081698631209858,0.015081698555317689,0.015081698479447842,0.015081698403600317,0.015081698327775119,0.015081698251972224,0.015081698176191642,0.015081698100433362,0.015081698024697386,0.01508169794898371,0.01508169787329232,0.015081697797623214,0.01508169772197639,0.015081697646351842,0.015081697570749565,0.015081697495169553,0.015081697419611809,0.015081697344076325,0.01508169726856307,0.015081697193072074,0.015081697117603333,0.015081697042156825,0.015081696966732552,0.0150816968913305,0.01508169681595068,0.015081696740593075,0.01508169666525769,0.015081696589944517,0.015081696514653546,0.015081696439384772,0.015081696364138194,0.015081696288913813,0.015081696213711606,0.015081696138531586,0.015081696063373746,0.015081695988238083,0.01508169591312458,0.015081695838033243,0.015081695762964063,0.015081695687917035,0.015081695612892165,0.015081695537889434,0.015081695462908842,0.015081695387950383,0.015081695313014051,0.015081695238099845,0.01508169516320776,0.01508169508833778,0.015081695013489925,0.015081694938664176,0.015081694863860521,0.01508169478907896,0.015081694714319494,0.015081694639582123,0.015081694564866832,0.015081694490173611,0.015081694415502469,0.015081694340853392,0.015081694266226381,0.015081694191621425,0.015081694117038514,0.015081694042477655,0.015081693967938847,0.015081693893422081,0.015081693818927353,0.015081693744454647,0.015081693670003967,0.015081693595575311,0.015081693521168667,0.01508169344678404,0.015081693372421396,0.015081693298080776,0.015081693223762153,0.015081693149465518,0.015081693075190875,0.015081693000938206,0.015081692926707522,0.015081692852498805,0.015081692778312056,0.015081692704147274,0.015081692630004452,0.015081692555883576,0.015081692481784658,0.015081692407707677,0.01508169233365265,0.015081692259619552,0.015081692185608382,0.015081692111619124,0.015081692037651799,0.01508169196370639,0.015081691889782884,0.015081691815881301,0.015081691742001602,0.015081691668143818,0.0150816915943079,0.015081691520493892,0.015081691446701757,0.015081691372931494,0.015081691299183103,0.015081691225456585,0.015081691151751935,0.015081691078069144,0.0150816910044082,0.015081690930769115,0.015081690857151865,0.015081690783556463,0.015081690709982887,0.015081690636431147,0.01508169056290123,0.015081690489393134,0.015081690415906856,0.015081690342442377,0.015081690268999711,0.015081690195578838,0.01508169012217977,0.015081690048802497,0.015081689975447007,0.015081689902113303,0.015081689828801361,0.01508168975551121,0.015081689682242824,0.015081689608996198,0.015081689535771327,0.015081689462568208,0.015081689389386841,0.015081689316227224,0.015081689243089344,0.015081689169973194,0.01508168909687877,0.015081689023806081,0.015081688950755102,0.015081688877725843,0.015081688804718297,0.015081688731732457,0.015081688658768307,0.01508168858582586,0.015081688512905115,0.015081688440006045,0.015081688367128655,0.015081688294272946,0.0150816882214389,0.01508168814862653,0.015081688075835816,0.015081688003066768,0.01508168793031936,0.01508168785759361,0.015081687784889506,0.015081687712207045,0.015081687639546211,0.015081687566907013,0.015081687494289432,0.015081687421693473,0.015081687349119128,0.015081687276566386,0.015081687204035257,0.015081687131525722,0.015081687059037781,0.015081686986571436,0.015081686914126678,0.015081686841703495,0.015081686769301902,0.015081686696921856,0.015081686624563396,0.015081686552226496,0.015081686479911151,0.015081686407617357,0.015081686335345115,0.015081686263094411,0.015081686190865239,0.015081686118657602,0.015081686046471504,0.015081685974306916,0.01508168590216386,0.015081685830042314,0.015081685757942276,0.015081685685863737,0.015081685613806703,0.015081685541771167,0.0150816854697571,0.015081685397764538,0.015081685325793445,0.015081685253843836,0.015081685181915687,0.015081685110009015,0.015081685038123798,0.015081684966260042,0.015081684894417734,0.015081684822596876,0.015081684750797448,0.015081684679019467,0.01508168460726292,0.015081684535527792,0.015081684463814093,0.015081684392121814,0.015081684320450945,0.015081684248801483,0.015081684177173425,0.015081684105566765,0.015081684033981501,0.015081683962417623,0.015081683890875127,0.01508168381935401,0.01508168374785427,0.015081683676375903,0.0150816836049189,0.015081683533483244,0.015081683462068965,0.015081683390676025,0.015081683319304434,0.015081683247954178,0.01508168317662526,0.015081683105317673,0.015081683034031419,0.015081682962766477,0.015081682891522851,0.015081682820300544,0.015081682749099538,0.015081682677919843,0.015081682606761439,0.01508168253562432,0.0150816824645085,0.015081682393413957,0.015081682322340695,0.015081682251288708,0.015081682180257988,0.015081682109248526,0.01508168203826033,0.015081681967293387,0.015081681896347694,0.015081681825423233,0.015081681754520026,0.015081681683638047,0.0150816816127773,0.015081681541937774,0.015081681471119487,0.015081681400322405,0.015081681329546525,0.01508168125879186,0.015081681188058388,0.015081681117346112,0.015081681046655034,0.015081680975985137,0.015081680905336426,0.015081680834708885,0.015081680764102531,0.015081680693517334,0.015081680622953297,0.01508168055241042,0.015081680481888694,0.015081680411388118,0.015081680340908685,0.015081680270450391,0.015081680200013225,0.01508168012959719,0.015081680059202284,0.015081679988828494,0.015081679918475813,0.015081679848144252,0.015081679777833791,0.01508167970754443,0.015081679637276161,0.015081679567028983,0.015081679496802902,0.01508167942659788,0.015081679356413948,0.015081679286251077,0.015081679216109277,0.015081679145988534,0.015081679075888853,0.01508167900581023,0.01508167893575264,0.015081678865716094,0.01508167879570059,0.01508167872570612,0.015081678655732672,0.015081678585780254,0.015081678515848846,0.01508167844593846,0.015081678376049071,0.01508167830618069,0.015081678236333308,0.015081678166506915,0.015081678096701514,0.015081678026917096,0.015081677957153655,0.015081677887411186,0.01508167781768969,0.015081677747989164,0.01508167767830959,0.015081677608650966,0.015081677539013301,0.015081677469396572,0.015081677399800793,0.015081677330225947,0.015081677260672026,0.01508167719113904,0.01508167712162696,0.015081677052135813,0.015081676982665583,0.015081676913216243,0.015081676843787804,0.015081676774380258,0.015081676704993621,0.01508167663562786,0.015081676566282981,0.015081676496958988,0.015081676427655868,0.01508167635837361,0.015081676289112214,0.015081676219871677,0.015081676150651993,0.015081676081453166,0.015081676012275167,0.015081675943118026,0.015081675873981702,0.015081675804866218,0.015081675735771554,0.015081675666697702,0.01508167559764468,0.015081675528612466,0.01508167545960105,0.015081675390610432,0.015081675321640613,0.015081675252691582,0.01508167518376334,0.015081675114855878,0.015081675045969191,0.015081674977103277,0.015081674908258128,0.015081674839433741,0.015081674770630108,0.015081674701847233,0.015081674633085101,0.015081674564343712,0.015081674495623063,0.015081674426923148,0.015081674358243953,0.01508167428958548,0.015081674220947722,0.01508167415233068,0.015081674083734354,0.01508167401515873,0.015081673946603797,0.015081673878069565,0.015081673809556027,0.015081673741063163,0.015081673672590988,0.01508167360413948,0.015081673535708637,0.015081673467298471,0.015081673398908958,0.01508167333054011,0.01508167326219189,0.015081673193864326,0.015081673125557415,0.015081673057271122,0.015081672989005467,0.015081672920760441,0.015081672852536032,0.015081672784332242,0.015081672716149064,0.015081672647986488,0.015081672579844517,0.015081672511723146,0.01508167244362236,0.015081672375542171,0.015081672307482558,0.015081672239443516,0.015081672171425054,0.01508167210342716,0.015081672035449831,0.015081671967493056,0.015081671899556835,0.015081671831641174,0.015081671763746045,0.01508167169587146,0.015081671628017403,0.015081671560183878,0.01508167149237089,0.015081671424578412,0.015081671356806443,0.015081671289054991,0.015081671221324046,0.015081671153613595,0.015081671085923645,0.01508167101825418,0.015081670950605204,0.015081670882976706,0.015081670815368693,0.015081670747781144,0.015081670680214068,0.015081670612667446,0.01508167054514128,0.015081670477635567,0.01508167041015031,0.015081670342685484,0.015081670275241104,0.015081670207817158,0.015081670140413624,0.015081670073030535,0.015081670005667848,0.015081669938325576,0.015081669871003718,0.015081669803702258,0.015081669736421194,0.015081669669160535,0.015081669601920254,0.015081669534700366,0.015081669467500853,0.015081669400321716,0.015081669333162948,0.015081669266024549,0.015081669198906503,0.015081669131808825,0.015081669064731485,0.015081668997674507,0.015081668930637858,0.015081668863621545,0.015081668796625565,0.01508166872964991,0.015081668662694574,0.015081668595759547,0.015081668528844846,0.015081668461950441,0.015081668395076344,0.015081668328222539,0.015081668261389042,0.015081668194575817,0.015081668127782869,0.01508166806101021,0.015081667994257817,0.015081667927525699,0.015081667860813837,0.015081667794122242,0.015081667727450896,0.015081667660799804,0.015081667594168943,0.01508166752755833,0.015081667460967957,0.015081667394397808,0.015081667327847883,0.015081667261318184,0.015081667194808695,0.015081667128319409,0.015081667061850343,0.015081666995401472,0.015081666928972788,0.015081666862564303,0.015081666796176,0.015081666729807885,0.015081666663459944,0.015081666597132169,0.015081666530824562,0.015081666464537123,0.01508166639826984,0.01508166633202271,0.015081666265795728,0.015081666199588877,0.015081666133402184,0.015081666067235605,0.01508166600108917,0.015081665934962839,0.015081665868856637,0.015081665802770544,0.015081665736704563,0.015081665670658684,0.015081665604632906,0.015081665538627206,0.01508166547264161,0.015081665406676104,0.015081665340730672,0.015081665274805318,0.015081665208900032,0.015081665143014806,0.01508166507714965,0.015081665011304545,0.015081664945479491,0.015081664879674475,0.015081664813889511,0.01508166474812458,0.015081664682379682,0.015081664616654807,0.01508166455094996,0.01508166448526513,0.015081664419600307,0.01508166435395549,0.015081664288330675,0.01508166422272586,0.01508166415714105,0.015081664091576213,0.015081664026031364,0.015081663960506498,0.015081663895001596,0.015081663829516666,0.015081663764051702,0.0150816636986067,0.015081663633181648,0.015081663567776545,0.015081663502391382,0.015081663437026152,0.01508166337168087,0.01508166330635552,0.01508166324105009,0.015081663175764582,0.015081663110498984,0.015081663045253301,0.015081662980027527,0.015081662914821657,0.015081662849635679,0.015081662784469591,0.015081662719323392,0.015081662654197074,0.015081662589090624,0.015081662524004056,0.015081662458937368,0.015081662393890525,0.015081662328863548,0.015081662263856417,0.015081662198869144,0.015081662133901705,0.015081662068954102,0.015081662004026344,0.015081661939118406,0.015081661874230294,0.015081661809362002,0.015081661744513525,0.01508166167968486,0.015081661614875999,0.01508166155008693,0.015081661485317673,0.015081661420568198,0.015081661355838504,0.015081661291128586,0.01508166122643845,0.015081661161768114,0.015081661097117519,0.015081661032486681,0.0150816609678756,0.015081660903284264,0.015081660838712686,0.01508166077416084,0.015081660709628734,0.015081660645116363,0.01508166058062372,0.015081660516150792,0.015081660451697593,0.015081660387264105,0.015081660322850323,0.01508166025845624,0.015081660194081855,0.01508166012972717,0.015081660065392171,0.015081660001076856,0.015081659936781223,0.01508165987250527,0.015081659808248977,0.015081659744012347,0.015081659679795382,0.015081659615598075,0.015081659551420417,0.015081659487262408,0.015081659423124037,0.015081659359005304,0.015081659294906201,0.015081659230826725,0.01508165916676687,0.015081659102726632,0.015081659038705997,0.015081658974704983,0.015081658910723572,0.015081658846761749,0.015081658782819522,0.015081658718896886,0.015081658654993831,0.01508165859111035,0.01508165852724645,0.015081658463402113,0.015081658399577345,0.015081658335772128,0.015081658271986468,0.015081658208220362,0.015081658144473799,0.015081658080746777,0.015081658017039283,0.015081657953351323,0.015081657889682885,0.01508165782603397,0.015081657762404574,0.01508165769879469,0.015081657635204311,0.015081657571633432,0.015081657508082052,0.015081657444550159,0.015081657381037755,0.015081657317544836,0.015081657254071398,0.015081657190617435,0.015081657127182933,0.015081657063767892,0.015081657000372313,0.015081656936996183,0.015081656873639502,0.015081656810302269,0.015081656746984477,0.01508165668368612,0.015081656620407193,0.015081656557147683,0.015081656493907596,0.01508165643068693,0.01508165636748567,0.01508165630430381,0.01508165624114136,0.0150816561779983,0.015081656114874626,0.01508165605177035,0.015081655988685447,0.015081655925619919,0.015081655862573758,0.015081655799546977,0.015081655736539553,0.015081655673551487,0.015081655610582776,0.01508165554763341,0.015081655484703388,0.015081655421792699,0.01508165535890135,0.015081655296029336,0.01508165523317663,0.015081655170343251,0.015081655107529186,0.015081655044734434,0.015081654981958983,0.015081654919202834,0.015081654856465973,0.015081654793748407,0.015081654731050134,0.015081654668371134,0.015081654605711429,0.015081654543070975,0.015081654480449791,0.01508165441784787,0.015081654355265203,0.015081654292701805,0.015081654230157638,0.015081654167632715,0.01508165410512702,0.015081654042640573,0.015081653980173347,0.015081653917725342,0.015081653855296563
7,3.876777226923282e-24,1.3700639205202204e-23,2.636023743376083e-23,4.101107487762676e-23,5.695034341312273e-23,7.376777002274316e-23,9.118439871801638e-23,1.090101863188068e-22,1.2711549337054457e-22,1.4541181328901218e-22,1.638386898781729e-22,1.8235481339370104e-22,2.0093195040839254e-22,2.195508017268979e-22,2.38198173850194e-22,2.5686504668655775e-22,2.7554525311150466e-22,2.94234576503971e-22,3.129301337491016e-22,3.316299535270887e-22,3.503326878820417e-22,3.690374151582169e-22,3.877435051313854e-22,4.0645052689254057e-22,4.25158185792197e-22,4.438662803639309e-22,4.625746728178242e-22,4.812832689595551e-22,4.999920043776075e-22,5.187008350363781e-22,5.3740973081541e-22,5.561186711252547e-22,5.74827641890618e-22,5.935366334695967e-22,6.122456392795603e-22,6.309546548368838e-22,6.496636770543466e-22,6.683727038169626e-22,6.870817337076186e-22,7.057907657136086e-22,7.2449979918210465e-22,7.432088336351574e-22,7.619178687862762e-22,7.80626904395676e-22,7.993359403190077e-22,8.180449764671952e-22,8.367540127608835e-22,8.554630491601644e-22,8.741720856386813e-22,8.928811221483258e-22,9.115901586964196e-22,9.302991952733774e-22,9.490082318727226e-22,9.677172684782104e-22,9.864263050877678e-22,1.0051353417096834e-21,1.0238443783404274e-21,1.0425534149788637e-21,1.0612624516055607e-21,1.0799714882490716e-21,1.0986805248816428e-21,1.1173895615195798e-21,1.136098598147217e-21,1.1548076347797685e-21,1.1735166714181845e-21,1.1922257080634992e-21,1.210934744714673e-21,1.2296437813533775e-21,1.24835281799644e-21,1.2670618546443336e-21,1.2857708912994842e-21,1.3044799279443136e-21,1.3231889645957833e-21,1.3418980012504427e-21,1.3606070379092843e-21,1.3793160745748013e-21,1.3980251112163045e-21,1.4167341478641743e-21,1.435443184528115e-21,1.4541522211997663e-21,1.4728612578487072e-21,1.4915702945146203e-21,1.5102793311852488e-21,1.528988367861537e-21,1.5476974045159107e-21,1.566406441188207e-21,1.5851154778517644e-21,1.6038245145196347e-21,1.6225335512050972e-21,1.641242587883617e-21,1.659951624564284e-21,1.6786606612384496e-21,1.6973696979279545e-21,1.716078734599003e-21,1.734787771283842e-21,1.753496807963452e-21,1.7722058446394454e-21,1.7909148813159122e-21,1.8096239179971514e-21,1.8283329546811986e-21,1.8470419913718597e-21,1.8657510280668543e-21,1.884460064763907e-21,1.9031691014660776e-21,1.9218781381509674e-21,1.9405871748387035e-21,1.9592962115325827e-21,1.9780052482289826e-21,1.9967142849206834e-21,2.0154233216155098e-21,2.034132358324237e-21,2.0528413950360722e-21,2.0715504317415337e-21,2.0902594684426885e-21,2.108968505146918e-21,2.1276775418632972e-21,2.1463865785657e-21,2.165095615270676e-21,2.1838046519797584e-21,2.2025136887130135e-21,2.2212227254313874e-21,2.2399317621523703e-21,2.258640798877628e-21,2.2773498356057363e-21,2.2960588723194684e-21,2.3147679090370275e-21,2.333476945758607e-21,2.3521859824828305e-21,2.3708950192115566e-21,2.389604055944631e-21,2.408313092662248e-21,2.427022129386289e-21,2.4457311661128705e-21,2.4644402028563364e-21,2.4831492395887624e-21,2.5018582763408603e-21,2.5205673130813775e-21,2.539276349825255e-21,2.5579853865726573e-21,2.5766944233069806e-21,2.5954034600429583e-21,2.6141124967827394e-21,2.63282153352811e-21,2.6515305702748237e-21,2.670239607023928e-21,2.6889486437772043e-21,2.7076576805207846e-21,2.726366717266512e-21,2.7450757540157018e-21,2.7637847907674382e-21,2.7824938275219936e-21,2.8012028642797272e-21,2.819911901039733e-21,2.8386209377905254e-21,2.857329974560911e-21,2.8760390113324418e-21,2.894748048079616e-21,2.913457084842179e-21,2.932166121607953e-21,2.950875158375971e-21,2.9695841951358376e-21,2.988293231899937e-21,3.007002268664585e-21,3.0257113054474347e-21,3.044420342220514e-21,3.0631293789945657e-21,3.0818384157737233e-21,3.100547452552971e-21,3.119256489335212e-21,3.137965526122725e-21,3.1566745629114827e-21,3.175383599692911e-21,3.1940926364871084e-21,3.212801673273005e-21,3.231510710063025e-21,3.2502197468542595e-21,3.2689287836488867e-21,3.2876378204477787e-21,3.3063468572358705e-21,3.3250558940274395e-21,3.3437649308232707e-21,3.362473967620868e-21,3.3811830044194554e-21,3.399892041222701e-21,3.418601078017225e-21,3.437310114816129e-21,3.45601915162688e-21,3.474728188429499e-21,3.493437225236371e-21,3.512146262045371e-21,3.530855298846604e-21,3.5495643356595244e-21,3.568273372477489e-21,3.586982409296219e-21,3.605691446108053e-21,3.62440048292072e-21,3.6431095197373815e-21,3.661818556547095e-21,3.680527593370781e-21,3.6992366301949264e-21,3.717945667023437e-21,3.736654703843901e-21,3.755363740655972e-21,3.774072777481456e-21,3.792781814299655e-21,3.811490851130153e-21,3.830199887952614e-21,3.848908924788749e-21,3.8676179616172764e-21,3.886326998459722e-21,3.90503603529216e-21,3.9237450721180246e-21,3.942454108956721e-21,3.961163145787576e-21,3.9798721826312574e-21,3.9985812194785125e-21,4.017290256329085e-21,4.035999293170102e-21,4.0547083300256214e-21,4.07341736687344e-21,4.092126403714956e-21,4.11083544056918e-21,4.12954447741351e-21,4.148253514262104e-21,4.166962551113329e-21,4.1856715879764975e-21,4.2043806248317685e-21,4.223089661680883e-21,4.2417986985345015e-21,4.260507735379972e-21,4.279216772244161e-21,4.2979258090944006e-21,4.316634845965709e-21,4.335343882841742e-21,4.354052919699498e-21,4.3727619565774055e-21,4.3914709934400514e-21,4.410180030323521e-21,4.4288890671923666e-21,4.447598104065624e-21,4.4663071409386684e-21,4.485016177814816e-21,4.503725214693587e-21,4.522434251575129e-21,4.541143288456925e-21,4.55985232534254e-21,4.578561362230484e-21,4.59727039910538e-21,4.615979435996466e-21,4.634688472875682e-21,4.653397509774587e-21,4.672106546657581e-21,4.6908155835433284e-21,4.709524620432385e-21,4.7282336573227495e-21,4.746942694215559e-21,4.765651731111217e-21,4.784360768009047e-21,4.803069804909203e-21,4.821778841810786e-21,4.840487878715739e-21,4.859196915606593e-21,4.877905952516472e-21,4.896614989412367e-21,4.9153240263297194e-21,4.934033063229598e-21,4.952742100149737e-21,4.9714511370571375e-21,4.990160173950343e-21,5.00886921087606e-21,5.027578247790215e-21,5.046287284706922e-21,5.06499632162551e-21,5.083705358547469e-21,5.102414395469604e-21,5.121123432395845e-21,5.139832469323386e-21,5.158541506236459e-21,5.177250543170227e-21,5.195959580089535e-21,5.2146686170117714e-21,5.233377653937176e-21,5.2520866908790375e-21,5.270795727806914e-21,5.289504764738437e-21,5.308213801670961e-21,5.32692283859474e-21,5.345631875534622e-21,5.364340912462814e-21,5.383049949404905e-21,5.401758986350137e-21,5.420468023299214e-21,5.439177060248975e-21,5.4578860971872155e-21,5.4765951341278744e-21,5.495304171070749e-21,5.51401320803185e-21,5.532722244977719e-21,5.5514312819273675e-21,5.570140318878827e-21,5.588849355832065e-21,5.607558392773351e-21,5.626267429730062e-21,5.644976466690918e-21,5.663685503651583e-21,5.6823945406195905e-21,5.7011035775869664e-21,5.719812614558282e-21,5.7385216515157306e-21,5.757230688476355e-21,5.775939725453838e-21,5.794648762418381e-21,5.8133577993994275e-21,5.832066836368634e-21,5.8507758733549485e-21,5.8694849103163834e-21,5.8881939472917835e-21,5.9069029842714245e-21,5.92561202125136e-21,5.944321058233582e-21,5.9630300952190004e-21,5.981739132205679e-21,6.000448169182731e-21,6.0191572061623386e-21,6.0378662431439e-21,6.056575280130029e-21,6.075284317127917e-21,6.093993354115356e-21,6.112702391104931e-21,6.131411428086781e-21,6.150120465092762e-21,6.168829502088307e-21,6.187538539074624e-21,6.20624757607607e-21,6.224956613066478e-21,6.243665650071484e-21,6.262374687066858e-21,6.281083724075981e-21,6.299792761088557e-21,6.3185017981029986e-21,6.337210835116941e-21,6.355919872123132e-21,6.374628909130543e-21,6.393337946140715e-21,6.41204698316427e-21,6.430756020179167e-21,6.4494650571962085e-21,6.468174094215207e-21,6.4868831312239105e-21,6.50559216824719e-21,6.524301205260737e-21,6.5430102422886485e-21,6.561719279306359e-21,6.580428316339663e-21,6.599137353373073e-21,6.617846390398786e-21,6.636555427426454e-21,6.655264464454493e-21,6.6739735014876054e-21,6.692682538509943e-21,6.711391575545907e-21,6.7301006125700574e-21,6.7488096496095624e-21,6.767518686652336e-21,6.78622772368391e-21,6.804936760729105e-21,6.82364579777621e-21,6.8423548348271e-21,6.861063871868823e-21,6.879772908923215e-21,6.898481945968326e-21,6.917190983026185e-21,6.935900020075438e-21,6.954609057115035e-21,6.973318094168986e-21,6.992027131213446e-21,7.010736168259876e-21,7.029445205307791e-21,7.048154242370948e-21,7.066863279424444e-21,7.085572316477812e-21,7.104281353546523e-21,7.122990390616473e-21,7.141699427677774e-21,7.16040846473992e-21,7.17911750181666e-21,7.197826538894637e-21,7.216535575954401e-21,7.235244613024493e-21,7.253953650097307e-21,7.272662687162772e-21,7.29137172422959e-21,7.31008076131115e-21,7.32878979839291e-21,7.347498835477302e-21,7.366207872553213e-21,7.38491690964209e-21,7.403625946710558e-21,7.422334983793617e-21,7.441044020887723e-21,7.45975305798444e-21,7.478462095060357e-21,7.497171132148889e-21,7.515880169240027e-21,7.534589206323757e-21,7.553298243419115e-21,7.572007280516966e-21,7.590716317617334e-21,7.609425354710074e-21,7.628134391804664e-21,7.646843428911395e-21,7.66555246599909e-21,7.684261503099773e-21,7.702970540201796e-21,7.721679577304448e-21,7.740388614410119e-21,7.759097651519209e-21,7.777806688629219e-21,7.796515725731307e-21,7.815224762837063e-21,7.833933799943582e-21,7.852642837062516e-21,7.871351874171495e-21,7.89006091129443e-21,7.908769948417049e-21,7.927478985544438e-21,7.946188022653108e-21,7.964897059783707e-21,7.983606096917616e-21,8.002315134031668e-21,8.021024171159915e-21,8.03973320828698e-21,8.058442245418213e-21,8.077151282550282e-21,8.095860319684393e-21,8.1145693568205e-21,8.133278393949042e-21,8.151987431081082e-21,8.170696468212914e-21,8.189405505357631e-21,8.208114542494342e-21,8.226823579633089e-21,8.245532616785126e-21,8.264241653918292e-21,8.282950691062862e-21,8.301659728208839e-21,8.320368765366645e-21,8.339077802507347e-21,8.357786839651922e-21,8.376495876806571e-21,8.395204913953995e-21,8.413913951104329e-21,8.432622988254669e-21,8.451332025418968e-21,8.470041062564944e-21,8.48875009972258e-21,8.507459136882962e-21,8.526168174045268e-21,8.544877211200508e-21,8.563586248365581e-21,8.582295285542684e-21,8.601004322710753e-21,8.619713359873278e-21,8.638422397047037e-21,8.65713143421242e-21,8.675840471372503e-21,8.694549508542591e-21,8.713258545724438e-21,8.731967582899275e-21,8.750676620067257e-21,8.769385657246922e-21,8.78809469441838e-21,8.806803731599511e-21,8.825512768792823e-21,8.844221805978311e-21,8.862930843157066e-21,8.881639880346786e-21,8.900348917530703e-21,8.919057954725892e-21,8.937766991912459e-21,8.956476029094402e-21,8.97518506630245e-21,8.993894103486758e-21,9.012603140681608e-21,9.031312177870245e-21,9.050021215068758e-21,9.068730252263563e-21,9.087439289467602e-21,9.106148326663803e-21,9.124857363869969e-21,9.143566401068721e-21,9.162275438280039e-21,9.180984475501106e-21,9.199693512713315e-21,9.218402549922936e-21,9.237111587140173e-21,9.255820624352407e-21,9.274529661557327e-21,9.29323869877332e-21,9.311947736001263e-21,9.330656773201754e-21,9.349365810430052e-21,9.36807484765454e-21,9.386783884871206e-21,9.405492922083366e-21,9.42420195930554e-21,9.442910996535851e-21,9.461620033761447e-21,9.480329070995127e-21,9.499038108224123e-21,9.51774714544707e-21,9.536456182678838e-21,9.555165219906115e-21,9.573874257143167e-21,9.59258329439048e-21,9.611292331614788e-21,9.630001368862914e-21,9.64871040609174e-21,9.667419443329285e-21,9.686128480576315e-21,9.70483751783318e-21,9.723546555069748e-21,9.742255592315614e-21,9.76096462957082e-21,9.779673666817447e-21,9.79838270406051e-21,9.817091741312274e-21,9.835800778576286e-21,9.854509815818883e-21,9.87321885307001e-21,9.891927890331119e-21,9.910636927585105e-21,9.92934596483445e-21,9.948055002093366e-21,9.966764039361073e-21,9.985473076622887e-21,1.0004182113879727e-20,1.0022891151145228e-20,1.0041600188405029e-20,1.0060309225675532e-20,1.0079018262940552e-20,1.0097727300229544e-20,1.0116436337497077e-20,1.0135145374760521e-20,1.0153854412046429e-20,1.017256344931249e-20,1.0191272486587116e-20,1.0209981523871558e-20,1.0228690561167172e-20,1.024739959843894e-20,1.0266108635721468e-20,1.0284817673015907e-20,1.0303526710299366e-20,1.0322235747580048e-20,1.0340944784869344e-20,1.0359653822169085e-20,1.0378362859462868e-20,1.0397071896753364e-20,1.0415780934050147e-20,1.0434489971342112e-20,1.0453199008630741e-20,1.0471908045926486e-20,1.0490617083231116e-20,1.050932612053233e-20,1.0528035157826311e-20,1.0546744195129946e-20,1.0565453232444457e-20,1.0584162269750686e-20,1.0602871307067084e-20,1.062158034439396e-20,1.06402893816996e-20,1.0658998418998916e-20,1.0677707456324001e-20,1.0696416493640162e-20,1.0715125530953185e-20,1.0733834568263663e-20,1.0752543605594053e-20,1.0771252642905181e-20,1.0789961680225576e-20,1.0808670717555529e-20,1.0827379754879854e-20,1.0846088792199954e-20,1.0864797829529287e-20,1.088350686685125e-20,1.090221590418329e-20,1.092092494150964e-20,1.0939633978844529e-20,1.0958343016176802e-20,1.0977052053515797e-20,1.09957610908494e-20,1.1014470128177926e-20,1.1033179165515125e-20,1.1051888202847599e-20,1.1070597240188645e-20,1.1089306277539703e-20,1.1108015314869915e-20,1.1126724352209732e-20,1.1145433389558546e-20,1.1164142426901067e-20,1.1182851464253941e-20,1.120156050161423e-20,1.1220269538971335e-20,1.1238978576321176e-20,1.1257687613678946e-20,1.1276396651033942e-20,1.1295105688384246e-20,1.1313814725745152e-20,1.1332523763111273e-20,1.1351232800472e-20,1.1369941837830193e-20,1.1388650875196041e-20,1.140735991255853e-20,1.1426068949928935e-20,1.1444777987293871e-20,1.1463487024667047e-20,1.1482196062050046e-20,1.15009050994108e-20,1.1519614136782917e-20,1.1538323174164138e-20,1.1557032211539057e-20,1.1575741248907546e-20,1.1594450286285228e-20,1.1613159323673445e-20,1.1631868361042767e-20,1.1650577398421502e-20,1.1669286435805719e-20,1.1687995473185794e-20,1.1706704510575251e-20,1.1725413547961554e-20,1.174412258535535e-20,1.1762831622742725e-20,1.1781540660140205e-20,1.1800249697533298e-20,1.181895873491954e-20,1.1837667772315196e-20,1.1856376809719345e-20,1.1875085847132471e-20,1.1893794884526873e-20,1.19125039219306e-20,1.1931212959342817e-20,1.194992199673751e-20,1.1968631034140783e-20,1.1987340071538322e-20,1.2006049108956839e-20,1.2024758146358468e-20,1.2043467183767478e-20,1.2062176221185528e-20,1.2080885258599408e-20,1.209959429600526e-20,1.211830333342384e-20,1.2137012370849534e-20,1.2155721408257094e-20,1.217443044567374e-20,1.2193139483097409e-20,1.2211848520517155e-20,1.2230557557930225e-20,1.2249266595366364e-20,1.2267975632797566e-20,1.2286684670223514e-20,1.2305393707656626e-20,1.2324102745099996e-20,1.2342811782524662e-20,1.2361520819960198e-20,1.2380229857386978e-20,1.2398938894824166e-20,1.2417647932255975e-20,1.2436356969695868e-20,1.2455066007131921e-20,1.2473775044563701e-20,1.2492484082001972e-20,1.2511193119448952e-20,1.2529902156892805e-20,1.2548611194343741e-20,1.2567320231790957e-20,1.258602926924666e-20,1.2604738306698695e-20,1.2623447344145631e-20,1.2642156381601751e-20,1.2660865419062405e-20,1.267957445650938e-20,1.2698283493963304e-20,1.2716992531424619e-20,1.273570156888205e-20,1.275441060634611e-20,1.277311964380664e-20,1.2791828681276938e-20,1.2810537718741367e-20,1.2829246756201081e-20,1.2847955793669965e-20,1.2866664831133708e-20,1.28853738685934e-20,1.2904082906060862e-20,1.2922791943537134e-20,1.2941500981008526e-20,1.2960210018475849e-20,1.2978919055952131e-20,1.2997628093423411e-20,1.3016337130901948e-20,1.3035046168374377e-20,1.305375520585656e-20,1.3072464243333734e-20,1.3091173280818677e-20,1.3109882318299523e-20,1.3128591355776784e-20,1.314730039326216e-20,1.3166009430753234e-20,1.3184718468242301e-20,1.3203427505739373e-20,1.3222136543230541e-20,1.324084558073002e-20,1.3259554618212569e-20,1.3278263655705192e-20,1.3296972693203291e-20,1.3315681730710204e-20,1.3334390768212383e-20,1.3353099805708838e-20,1.3371808843217809e-20,1.3390517880720445e-20,1.3409226918228948e-20,1.3427935955735395e-20,1.3446644993247831e-20,1.3465354030754837e-20,1.3484063068271761e-20,1.3502772105796466e-20,1.35214811433052e-20,1.354019018082255e-20,1.3558899218347125e-20,1.3577608255867256e-20,1.359631729338294e-20,1.3615026330904282e-20,1.3633735368436182e-20,1.3652444405962635e-20,1.3671153443486548e-20,1.368986248101522e-20,1.370857151854261e-20,1.3727280556064743e-20,1.3745989593605602e-20,1.3764698631143087e-20,1.3783407668666064e-20,1.3802116706194648e-20,1.3820825743731708e-20,1.38395347812778e-20,1.3858243818807732e-20,1.387695285635429e-20,1.3895661893899466e-20,1.3914370931439515e-20,1.3933079968974852e-20,1.395178900651919e-20,1.397049804406936e-20,1.3989207081617035e-20,1.4007916119159122e-20,1.4026625156698785e-20,1.4045334194256526e-20,1.4064043231809915e-20,1.4082752269359623e-20,1.4101461306929714e-20,1.4120170344494692e-20,1.4138879382044512e-20,1.415758841958914e-20,1.4176297457143833e-20,1.4195006494705437e-20,1.421371553227416e-20,1.4232424569839286e-20,1.4251133607410328e-20,1.4269842644966994e-20,1.428855168253188e-20,1.4307260720092586e-20,1.432596975765922e-20,1.434467879523468e-20,1.4363387832804714e-20,1.438209687038309e-20,1.4400805907957687e-20,1.4419514945527016e-20,1.4438223983102954e-20,1.4456933020678157e-20,1.4475642058270744e-20,1.449435109586031e-20,1.4513060133457277e-20,1.453176917103909e-20,1.4550478208627424e-20,1.4569187246212134e-20,1.458789628380447e-20,1.4606605321403686e-20,1.4625314358999412e-20,1.464402339660154e-20,1.4662732434189595e-20,1.468144147178631e-20,1.4700150509378724e-20,1.4718859546977162e-20,1.473756858458311e-20,1.475627762219588e-20,1.4774986659805746e-20,1.4793695697400587e-20,1.4812404735003554e-20,1.48311137726019e-20,1.4849822810207727e-20,1.4868531847822045e-20,1.4887240885443034e-20,1.4905949923059936e-20,1.4924658960662668e-20,1.4943367998271774e-20,1.4962077035887695e-20,1.4980786073509548e-20,1.4999495111130128e-20,1.501820414875681e-20,1.5036913186389834e-20,1.5055622224008223e-20,1.5074331261625472e-20,1.509304029924764e-20,1.511174933686557e-20,1.5130458374492444e-20,1.514916741213765e-20,1.5167876449777735e-20,1.5186585487391752e-20,1.520529452501482e-20,1.5224003562645054e-20,1.5242712600282095e-20,1.526142163792686e-20,1.5280130675567566e-20,1.5298839713214585e-20,1.5317548750847768e-20,1.5336257788486078e-20,1.5354966826134503e-20,1.5373675863779256e-20,1.5392384901429625e-20,1.5411093939086785e-20,1.5429802976742727e-20,1.5448512014382587e-20,1.5467221052030025e-20,1.5485930089684423e-20,1.5504639127346564e-20,1.552334816500427e-20,1.5542057202669874e-20,1.5560766240341415e-20,1.5579475277990027e-20,1.5598184315643675e-20,1.561689335330507e-20,1.5635602390973635e-20,1.5654311428648156e-20,1.5673020466320556e-20,1.5691729503998405e-20,1.5710438541654548e-20,1.5729147579317216e-20,1.5747856616984957e-20,1.5766565654658822e-20,1.5785274692340833e-20,1.5803983730019107e-20,1.5822692767706444e-20,1.584140180537815e-20,1.586011084304746e-20,1.5878819880722737e-20,1.589752891840658e-20,1.5916237956095206e-20,1.5934946993790072e-20,1.5953656031481836e-20,1.5972365069170862e-20,1.5991074106856758e-20,1.600978314455015e-20,1.602849218223839e-20,1.604720121993473e-20,1.6065910257638012e-20,1.6084619295346658e-20,1.6103328333041606e-20,1.612203737073471e-20,1.6140746408434607e-20,1.6159455446131854e-20,1.6178164483835032e-20,1.6196873521544256e-20,1.621558255926085e-20,1.6234291596965304e-20,1.6253000634664763e-20,1.6271709672372768e-20,1.6290418710078543e-20,1.6309127747798134e-20,1.6327836785515783e-20,1.634654582321996e-20,1.636525486093002e-20,1.6383963898638694e-20,1.640267293636297e-20,1.642138197408424e-20,1.6440091011801553e-20,1.6458800049535516e-20,1.647750908725658e-20,1.6496218124973407e-20,1.651492716269761e-20,1.6533636200418694e-20,1.6552345238147637e-20,1.6571054275881218e-20,1.6589763313622178e-20,1.6608472351348467e-20,1.6627181389073468e-20,1.664589042680612e-20,1.666459946453236e-20,1.6683308502276787e-20,1.670201754002726e-20,1.672072657777481e-20,1.6739435615512166e-20,1.6758144653253706e-20,1.6776853690991572e-20,1.6795562728737154e-20,1.681427176648844e-20,1.6832980804236894e-20,1.6851689841992497e-20,1.6870398879735018e-20,1.6889107917482953e-20,1.6907816955239504e-20,1.6926525992992648e-20,1.6945235030750956e-20,1.6963944068507873e-20,1.6982653106270966e-20,1.7001362144021227e-20,1.702007118178634e-20,1.703878021954999e-20,1.7057489257319738e-20,1.7076198295093697e-20,1.7094907332858896e-20,1.711361637062809e-20,1.7132325408385635e-20,1.7151034446148424e-20,1.7169743483918396e-20,1.7188452521695364e-20,1.7207161559479305e-20,1.7225870597251425e-20,1.7244579635045646e-20,1.7263288672828287e-20,1.7281997710599342e-20,1.730070674837925e-20,1.7319415786161323e-20,1.733812482395116e-20,1.735683386172971e-20,1.7375542899513362e-20,1.7394251937285594e-20,1.7412960975064777e-20,1.743167001284768e-20,1.7450379050638295e-20,1.7469088088436124e-20,1.748779712623987e-20,1.750650616404838e-20,1.7525215201830127e-20,1.7543924239616885e-20,1.7562633277408367e-20,1.758134231520657e-20,1.760005135300882e-20,1.761876039080309e-20,1.76374694286192e-20,1.765617846642395e-20,1.7674887504217776e-20,1.769359654203363e-20,1.771230557983912e-20,1.773101461765104e-20,1.774972365546972e-20,1.7768432693292105e-20,1.7787141731103382e-20,1.7805850768904596e-20,1.7824559806729015e-20,1.784326884455855e-20,1.7861977882376832e-20,1.788068692022008e-20,1.789939595805107e-20,1.7918104995871793e-20,1.7936814033698315e-20,1.7955523071529974e-20,1.7974232109352343e-20,1.799294114717866e-20,1.801165018501286e-20,1.8030359222833447e-20,1.8049068260661115e-20,1.8067777298495528e-20,1.8086486336334932e-20,1.810519537416285e-20,1.812390441201404e-20,1.814261344987075e-20,1.81613224876994e-20,1.818003152553393e-20,1.8198740563373542e-20,1.821744960122123e-20,1.8236158639074632e-20,1.8254867676932107e-20,1.8273576714797328e-20,1.829228575265139e-20,1.831099479049418e-20,1.8329703828341967e-20,1.8348412866196057e-20,1.8367121904056914e-20,1.8385830941922545e-20,1.8404539979794148e-20,1.842324901765437e-20,1.8441958055503767e-20,1.8460667093357787e-20,1.847937613122035e-20,1.849808516908967e-20,1.851679420696171e-20,1.853550324484195e-20,1.8554212282710335e-20,1.857292132058509e-20,1.859163035846465e-20,1.8610339396334843e-20,1.862904843420983e-20,1.8647757472089822e-20,1.8666466509960924e-20,2.7234551905771605e-14,5.753301959123531e-14,9.089751249403247e-14,1.2736529593394264e-13,1.670169697079101e-13,2.0998082388182801e-13,2.564353556257483e-13,3.0661130320113766e-13,3.6079408106295455e-13,4.1932718778669693e-13,4.826169796947359e-13,5.511391226897964e-13,6.254470241723542e-13,7.061825873390868e-13,7.940897115747138e-13,8.900310828235374e-13,9.95008960303863e-13,1.1101908802322256e-12,1.236941478919516e-12,1.3768620100451537e-12,1.531839626965061e-12,1.7041091687970942e-12,1.8963310961644314e-12,2.1116904678217857e-12,2.3540235764042507e-12,2.6279812825374763e-12,2.9392415189839004e-12,3.2947883607346146e-12,3.703282212650346e-12,4.175556203645529e-12,4.725289623108336e-12,5.3699331321389565e-12,6.131997364166359e-12,7.040874491165757e-12,8.135455233481136e-12,9.467955917562015e-12,1.1109625187204793e-11,1.3159438530091576e-11,1.575766462170574e-11,1.9107603587728897e-11,2.351147333580979e-11,2.94316773114813e-11,3.759947533520846e-11,4.9216336950097736e-11,6.634628981757519e-11,9.272652610952971e-11,1.291999131094184e-10,1.2919991310961596e-10,1.2919991310983451e-10,1.2919991311007915e-10,1.2919991311035742e-10,1.2919991311068002e-10,1.2919991311106357e-10,1.291999131127986e-10,1.2919991312000922e-10,2.0122088864956007e-10,3.3585347403609057e-10,6.150631338236038e-10,1.2758137284351933e-09,3.1166570011962386e-09,9.261421915249407e-09,3.293016587215244e-08,1.257561486878781e-07,4.2781385449461914e-07,4.278138546235064e-07,1.3104750012650976e-06,3.2863933325840995e-06,7.004277323364805e-06,1.3110241673821642e-05,2.2183353235448518e-05,3.474966077590129e-05,5.137306996465051e-05,7.281004391269096e-05,0.00010021962225282808,0.00013543393794511596,0.00018129372294512256,0.00024199272270555673,0.00032320790921751546,0.00043160327602841006,0.000573475016175865,0.0007530640872085533,0.0009715364439163788,0.0012270625236520604,0.0015156254141434995,0.0018319963624580998,0.00217054564914135,0.0025257958519160043,0.002892744797271078,0.003267019812679895,0.0036449216499378646,0.004023402583043394,0.004400009306085845,0.004772810357637718,0.0051403200617022,0.005501425788650941,0.005855322004827035,0.006201452519452163,0.006539461122808088,0.0068691501423485115,0.0071904461175787155,0.007503371675851771,0.007808022693621871,0.00810454988953598,0.008393144091879162,0.0086740245241669,0.008947429550902858,0.009213609419420028,0.009472820611337288,0.009725321487673244,0.009971368969353698,0.010211216043254322,0.010445109924066288,0.01067329073456564,0.010895990594686395,0.01111343303030805,0.011325832630923504,0.01153339489963024,0.01173631624986533,0.011934784113027383,0.012128977128505074,0.012319065393050102,0.012505210752098794,0.01268756711893621,0.012866280810425077,0.01304149089151599,0.013213329521396734,0.013381922296880873,0.013547388588984586,0.013709841870302011,0.013869390031116735,0.014026135683020592,0.014180176449321027,0.014331605241608666,0.014480510522571302,0.014626976555066352,0.014771083637536783,0.01491290832645376,0.015052523645799825,0.015189999284696583,0.015325401782772516,0.015458794705413333,0.015590238807520257,0.015719792189044287,0.015847510436454285,0.015973446761657628,0.016097652129027692,0.016220175375249783,0.016341063321862113,0.016460360880933902,0.016578111154400183,0.016694355527340887,0.016809133755560635,0.01692248404820491,0.01703444314510441,0.017145046389759864,0.017254327797880494,0.0173623201220235,0.01746905491251212,0.017574562574634772,0.017678872422840195,0.01778201273160529,0.01788401078357379,0.017984892914996848,0.018084684558641383,0.018183410284403533,0.018281093837294208,0.01837775817422489,0.01847342549792019,0.018568117289617433,0.018661854339834992,0.01875465677736259,0.018846544097222473,0.018937535186787986,0.019027648350550597,0.019116901334088564,0.019205311346346815,0.0192928950810893,0.01937966873716602,0.019465648037922945,0.019550848249598764,0.019635284198836724,0.01971897028941249,0.019801920518056168,0.01988414848982264,0.019965667432436496,0.020046490210141713,0.02012662933692422,0.020206096989094546,0.020284905017353843,0.020363064958276847,0.020440588045362033,0.020517485219509194,0.02059376713915604,0.02066944418992017,0.02074452649379056,0.0208190239181284,0.020892946083940635,0.020966302374164497,0.021039101941438536,0.021111353715578672,0.021183066410773894,0.021254248532474748,0.021324908384053546,0.02139505407312058,0.021464693517666795,0.02153383445194012,0.021602484432098584,0.02167065084159775,0.021738340896603685,0.02180556165079694,0.021872320000311966,0.02193862268844457,0.02200447631011446,0.02206988731620106,0.022134862017717426,0.02219940658982184,0.022263527075764837,0.022327229390482983,0.02239051932443945,0.02245340254684286,0.02251588460924548,0.02257797094865676,0.02263966689089903,0.02270097765297675,0.022761908347020018,0.022822463982213024,0.022882649468089447,0.022942469616980238,0.023001929146455623,0.023061032682109864,0.023119784759728278,0.023178189827271975,0.023236252247809317,0.02329397630159471,0.023351366187544523,0.023408426025885203,0.023465159859672586,0.023521571657194023,0.023577665313461515,0.023633444652209245,0.023688913427298737,0.02374407532487637,0.023798933964704276,0.02385349290182559,0.02390775562808817,0.023961725573670316,0.024015406108620706,0.024068800543846598,0.024121912133030037,0.024174744073744932,0.024227299508689404,0.024279581526944403,0.024331593165184528,0.024383337408941462,0.0244348171937015,0.024486035406097912,0.02453699488478235,0.024587698421667803,0.02463814876298373,0.024688348610176054,0.024738300620910134,0.024788007410005874,0.02483747155037533,0.024886695573913733,0.024935681972369974,0.02498443319818445,0.02503295166529091,0.025081239750053847,0.025129299791905726,0.025177134094130593,0.02522474492465875,0.02527213451678041,0.02531930506981383,0.02536625874982772,0.025412997690473494,0.02545952399303125,0.02550583972795131,0.025551946934704584,0.025597847622954004,0.025643543772665877,0.025689037335044254,0.02573433023292924,0.025779424361355056,0.025824321588095497,0.02586902375422515,0.025913532674630445,0.025957850138408848,0.026001977909392335,0.026045917726907196,0.02608967130573265,0.026133240336884543,0.026176626488012226,0.02621983140375586,0.026262856706335973,0.026305703995608484,0.0263483748499342,0.026390870826220065,0.026433193460689813,0.0264753442685069,0.026517324744849302,0.02655913636529399,0.02660078058580102,0.026642258842914,0.02668357255460163,0.026724723120577918,0.02676571192198705,0.0268065403223326,0.026847209667623707,0.026887721286502186,0.0269280764906779,0.02696827657527337,0.027008322819163176,0.027048216485001598,0.0270879588196265,0.02712755105430932,0.0271669944050487,0.027206290072819883,0.02724543924378839,0.027284443089567546,0.027323302767514168,0.027362019420917878,0.027400594179035214,0.027439028157741654,0.027477322459340998,0.02751547817305713,0.02755349637505167,0.027591378128871344,0.027629124485345394,0.027666736482988886,0.027704215148123247,0.027741561495123464,0.02777877652654469,0.02781586123338376,0.02785281659513035,0.027889643580078873,0.027926343145428304,0.027962916237407074,0.027999363791569514,0.028035686732937232,0.028071885975915083,0.028107962424910583,0.02814391697386693,0.02817975050732138,0.028215463899527154,0.028251058015231034,0.028286533709610574,0.028321891828507736,0.028357133208519857,0.028392258677140608,0.028427269052891224,0.028462165145449914,0.028496947755754915,0.02853161767600781,0.02856617569042923,0.02860062257435822,0.028634959095246326,0.028669186012245336,0.02870330407657672,0.0287373140315998,0.02877121661290472,0.028805012548485984,0.02883870255849913,0.02887228735593854,0.028905767646401938,0.028939144128201453,0.02897241749250197,0.029005588423434165,0.029038657598129076,0.029071625687000478,0.02910449335359084,0.029137261254726335,0.029169930040754723,0.029202500355468747,0.029234972836278045,0.029267348114288078,0.02929962681430911,0.02933180955509505,0.029363896949238803,0.02939588960345461,0.02942778811831779,0.02945959308881398,0.02949130510400792,0.029522924747411465,0.029554452596850744,0.029585889224496655,0.029617235197230043,0.02964849107635963,0.029679657418242602,0.029710734773525073,0.029741723687896227,0.02977262470188665,0.029803438350896175,0.029834165165382842,0.029864805670852188,0.02989536038792454,0.029925829832376627,0.02995621451547056,0.029986514943258668,0.030016731617758415,0.030046865036021646,0.030076915690536523,0.030106884069552312,0.03013677065680179,0.030166575931624716,0.03019630036915841,0.03022594444028232,0.0302555086113561,0.030284993344942335,0.03031439909940451,0.03034372632904586,0.030372975484060805,0.030402147010810246,0.030431241351718343,0.030460258945295964,0.030489200226247553,0.030518065625522305,0.030546855570312736,0.030575570484205006,0.030604210786940915,0.030632776894752228,0.03066126922041315,0.03068968817306345,0.03071803415842143,0.03074630757870618,0.030774508832776572,0.030802638316092854,0.030830696420816338,0.030858683535812895,0.030886600046679397,0.030914446335844146,0.030942222782499956,0.030969929762745114,0.030997567649510845,0.031025136812711917,0.031052637619195685,0.03108007043280843,0.031107435614422356,0.0311347335219512,0.031161964510457333,0.0311891289320693,0.031216227136164024,0.03124325946906464,0.031270226274583875,0.031297127893609854,0.031323964664472626,0.03135073692262839,0.0313774450009264,0.031404089229614886,0.031430669936372384,0.03145718744619227,0.03148364208156904,0.031510034162449164,0.03153636400628012,0.03156263192782531,0.031588838240043556,0.03161498325288016,0.031641067274015625,0.03166709060879032,0.031693053560183065,0.031718956428880174,0.031744799513242536,0.031770583109365313,0.031796307511093184,0.03182197301001473,0.031847579895569196,0.03187312845495106,0.03189861897332753,0.03192405173342108,0.03194942701621472,0.031974745100235145,0.03200000626218609,0.032025210776606305,0.03205035891609761,0.03207545095120472,0.03210048715035151,0.03212546778013286,0.032150393105146655,0.03217526338788796,0.03220007888943865,0.032224839868444315,0.03224954658174921,0.03227419928477823,0.03229879823063417,0.03232334367073716,0.032347835854717774,0.03237227503041818,0.03239666144392798,0.032420995339518505,0.0324452769598299,0.03246950654562379,0.03249368433607756,0.03251781056866251,0.03254188547918694,0.03256590930172436,0.03258988226878106,0.0326138046112173,0.03263767655828754,0.032661498337633474,0.03268527017531707,0.03270899229586502,0.03273266492227211,0.032756288275895794,0.032779862576631534,0.03280338804287928,0.032826864891544696,0.032850293337996196,0.03287367359623314,0.03289700587871038,0.03292029039647879,0.03294352735919217,0.03296671697503008,0.03298985945078568,0.03301295499189834,0.03303600380239906,0.03305900608499376,0.0330819620407919,0.033104871870141835,0.033127735771571555,0.03315055394240443,0.033173326578588465,0.03319605387503602,0.03321873602515472,0.03324137322111474,0.033263965653985414,0.03328651351323557,0.033309016987434756,0.03333147626381499,0.03335389152839938,0.03337626296600539,0.03339859076022805,0.033420875093537694,0.03344311614719752,0.033465314101305516,0.033487469134799386,0.033509581425490174,0.03353165115007532,0.03355367848410123,0.03357566360198757,0.03359760667708437,0.03361950788162331,0.03364136738677701,0.03366318536256678,0.033684961978128605,0.03370669740131388,0.03372839179908292,0.033750045337278184,0.03377165818075565,0.0337932304933151,0.033814762437761964,0.033836254175872084,0.033857705868450876,0.03387911767534508,0.033900489755368746,0.03392182226628911,0.03394311536505139,0.033964369207585776,0.03398558394888353,0.03400675974298809,0.0340278967430101,0.03404899510116485,0.034070054968679535,0.03409107649591898,0.034112059832335284,0.03413300512648284,0.03415391252603587,0.03417478217775541,0.034195614227593235,0.0342164088205969,0.03423716610088523,0.03425788621182435,0.03427856929591386,0.03429921549478766,0.03431982494925191,0.034340397799246386,0.034360934184145535,0.03438143424196535,0.034401898110528066,0.03442232592637007,0.034442717825536685,0.03446307394317379,0.03448339441358451,0.03450367937045838,0.03452392894664986,0.03454414327415682,0.03456432248431126,0.034584466707635625,0.034604576073980854,0.03462465071237685,0.03464469075116007,0.03466469631799433,0.034684667539768746,0.03470460454253392,0.03472450745173072,0.034744376392198614,0.034764211487931504,0.03478401286228118,0.03480378063786396,0.03482351493669112,0.03484321587997436,0.03486288358839408,0.034882518181876494,0.034902119779688955,0.034921688500399006,0.034941224462045825,0.03496072778186073,0.03498019857650815,0.03499963696203728,0.035019043053832445,0.0350384169666289,0.03505775881451575,0.03507706871107177,0.03509634676903967,0.03511559310076012,0.035134807817892105,0.03515399103149423,0.035173142852022166,0.03519226338932919,0.0352113527526696,0.03523041105073454,0.03524943839161763,0.03526843488284296,0.035287400631331976,0.03530633574347689,0.03532524032512952,0.035344114481486416,0.03536295831722865,0.03538177193646196,0.03540055544279795,0.03541930893928392,0.03543803252840393,0.035456726312122294,0.03547539039186002,0.03549402486853433,0.035512629842487584,0.035531205413521005,0.03554975168100703,0.03556826874368781,0.035586756700002005,0.03560521564752386,0.03562364568373414,0.03564204690516437,0.035660419408288214,0.03567876328871713,0.035697078642031144,0.035715365562825355,0.03573362414550378,0.03575185448382106,0.035770056671162065,0.03578823080048163,0.03580637696409818,0.03582449525399116,0.035842585761657685,0.03586064857811708,0.035878683793905526,0.0358966914991274,0.03591467178336641,0.03593262473599148,0.03595055044569323,0.03596844900077747,0.035986320489106105,0.03600416499810776,0.03602198261480334,0.03603977342558216,0.03605753751692199,0.036075274974408364,0.036092985883259224,0.036110670328389396,0.0361283283942285,0.03614596016482948,0.03616356572367355,0.036181145154321,0.03619869853947243,0.036216225961386246,0.036233727502175316,0.03625120324348219,0.03626865326638703,0.03628607765181683,0.03630347648016995,0.036320849831490545,0.03633819778540751,0.036355520421265226,0.036372817817920816,0.036390090053889615,0.03640733720729847,0.03642455935589392,0.03644175657714632,0.036458928948018034,0.036476076545227484,0.03649319944509559,0.03651029772342238,0.036527371455872676,0.036544420717614524,0.03656144558360688,0.03657844612834457,0.03659542242591308,0.036612374550200874,0.036629302574620104,0.036646206572431464,0.0366630866162739,0.03667994277860448,0.03669677513155042,0.03671358374693172,0.0367303686962327,0.036747130050428845,0.036763867880344844,0.03678058225640595,0.0367972732488345,0.03681394092747574,0.03683058536180086,0.036847206620868246,0.03686380477355116,0.03688037988844854,0.036896932033766254,0.036913461277464525,0.03692996768697602,0.03694645132981576,0.03696291227289376,0.03697935058289233,0.03699576632623481,0.03701215956900472,0.03702853037696595,0.03704487881573514,0.03706120495029679,0.03707750884567101,0.03709379056651888,0.037110050177127325,0.03712628774160729,0.03714250332365917,0.03715869698673473,0.03717486879407322,0.037191018808576295,0.03720714709289222,0.037223253709307305,0.03723933872001681,0.037255402186821385,0.03727144417113687,0.03728746473445336,0.03730346393752832,0.037319441841243535,0.03733539850608317,0.03735133399213166,0.03736724835940234,0.03738314166756234,0.037399013976046065,0.03741486534410139,0.0374306958305147,0.03744650549389002,0.037462294392699824,0.037478062585092925,0.03749381012896513,0.037509537081967886,0.03752524350147896,0.03754092944468779,0.03755659496849685,0.03757224012957772,0.037587864984307766,0.03760346958890398,0.03761905399933395,0.037634618271378,0.03765016246032746,0.03766568662143003,0.03768119080985076,0.03769667508024726,0.0377121394872184,0.037727584085044764,0.037743008927798694,0.03775841406932561,0.03777379956336105,0.03778916546318881,0.037804511821797566,0.037819838692605474,0.03783514612810983,0.03785043418086045,0.03786570290312647,0.03788095234704308,0.03789618256450015,0.03791139360704831,0.03792658552621305,0.03794175837316289,0.037956912198962856,0.03797204705440018,0.037987162990081626,0.0380022600563935,0.038017338303522975,0.038032397781461814,0.03804743853998469,0.038062460628664876,0.03807746409686846,0.03809244899376195,0.03810741536833586,0.0381223632693613,0.03813729274540598,0.038152203844844176,0.03816709661589847,0.038181971106526796,0.03819682736439221,0.038211665437358495,0.038226485372726604,0.03824128721775806,0.038256071019532704,0.03827083682469668,0.03828558468003673,0.03830031463199174,0.038315026726896545,0.03832972101082931,0.038344397529720034,0.038359056329312385,0.03837369745511683,0.03838832095259427,0.0384029268670039,0.03841751524320032,0.03843208612614812,0.038446639560491415,0.03846117559065522,0.0384756942609856,0.038490195615678444,0.038504679698676325,0.03851914655378862,0.038533596224648296,0.03854802875471458,0.03856244418728557,0.0385768425654774,0.03859122393225461,0.03860558833042571,0.038619935802573294,0.03863426639116314,0.03864858013852103,0.03866287708689055,0.038677157278024885,0.038691420753830974,0.038705667555960985,0.03871989772600088,0.03873411130514006,0.03874830833459782,0.03876248885542399,0.03877665290844198,0.038790800534395736,0.03880493177385041,0.038819046667138264,0.03883314525453396,0.0388472275761081,0.03886129367187546,0.03887529991042751,0.03888933372339143,0.03890335142930557,0.03891735306752668,0.03893133867724822,0.03894530829752829,0.038959261967214914,0.03897319972514881,0.038987121609947085,0.03900102766005912,0.0390149179137104,0.03902879240915787,0.03904265118445213,0.039056494277483755,0.03907032172602026,0.03908413356767983,0.03909792983995111,0.0391117105801747,0.03912547582536589,0.03913922561300455,0.039152959979762335,0.03916667896247187,0.039180382597795806,0.0391940709222647,0.03920774397227205,0.039221401784081074,0.039235044393828265,0.03924867183750199,0.039262284150974706,0.03927588136997368,0.03928946353011653,0.039303030666848766,0.03931658281563353,0.03933012001155176,0.03934364228974947,0.03935714968520462,0.03937064223275581,0.039384119967117784,0.039397582922884394,0.03941103113462543,0.0394244646364873,0.039437883462740776,0.03945128764757642,0.039464677224912315,0.039478052228647885,0.03949141269248695,0.03950475865004469,0.03951809013483468,0.039531407180229156,0.03954470981957826,0.03955799808583741,0.039571272012131634,0.03958453163133481,0.03959777697630164,0.03961100807966514,0.03962422497400497,0.03963742769173956,0.039650616265249364,0.039663790726739284,0.039676951108382985,0.03969009744194844,0.03970322975957675,0.03971634809292802,0.03972945247369653,0.039742542933394645,0.03975561950354621,0.03976868221538514,0.03978173110019562,0.03979476618906461,0.03980778751298846,0.03982079510292946,0.03983378898957527,0.03984676920375543,0.03985973577601357,0.0398726887367196,0.03988562811642674,0.039898553945311936,0.039911466253603936,0.039924365071266524,0.039937250428313496,0.039950122354666516,0.039962980879944515,0.0399758260339349,0.039988657846106515,0.04000147634597247,0.04001428156285349,0.040027073525883805,0.040039852264485504,0.04005261780757138,0.04006537018407082,0.0400781094228869,0.04009083555284381,0.04010354860254312,0.04011624860057138,0.04012893557533234,0.040141609555369336,0.04015427056878427,0.04016691864387287,0.04017955380872414,0.04019217609134624,0.040204785519648824,0.04021738212145466,0.040229965924482226,0.040242536956367786,0.04025509524466073,0.04026764081678994,0.04028017370014274,0.04029269392198515,0.0403052015094798,0.04031769648975072,0.04033017888976933,0.04034264873650042,0.04035510605667519,0.040367550877093414,0.04037998322439263,0.04039240312512079,0.04040481060577591,0.04041720569274426,0.040429588412302514,0.04044195879069992,0.0404543168540565,0.040466662628405245,0.04047899613972342,0.040491317413815134,0.04050362647661336,0.04051592335375569,0.040528208070889214,0.040540480653527985,0.04055274112714842,0.04056498951712789,0.04057722584876634,0.04058945014720156,0.04060166243774035,0.040613862745337986,0.04062605109496617,0.040638227511546374,0.04065039201988217,0.04066254464470191,0.04067468541069217,0.04068681434240899,0.04069893146440065,0.04071103680100683,0.04072313037655385,0.04073521221543491,0.040747282341784014,0.04075934077973776,0.040771387553263067,0.04078342268638344,0.04079544620296537,0.040807458126841126,0.040819458481778134,0.04083144729135852,0.04084342457919117,0.040855390368814665,0.04086734468368907,0.04087928754714454,0.040891218982336615,0.04090313901280533,0.040903395398232595,0.04090353452635411,0.040903664543159406,0.04090379337057992,0.040903921554723006,0.04090404910423247,0.040904175993881825,0.040904302201554284,0.04090442771078012,0.040904552510662176,0.04090467659554745,0.040904799964633115,0.04090492262153413,0.04090504457382868,0.04090516583259348,0.04090528641194059,0.04090540632856517,0.04090552560131126,0.040905644250762575,0.04090576229886144,0.040905879768559486,0.04090599668350147,0.04090611306774288,0.04090622894550083,0.040906344340937414,0.04090645927797351,0.04090657378013235,0.04090668787040854,0.04090680157116217,0.04090691490403504,0.040907027889885914,0.040907140548743434,0.040907252899773906,0.040907364961262696,0.040907476750606,0.0409075882843123,0.04090769957801172,0.040907810646472115,0.04090792150361966,0.04090803216256407,0.04090814263562669,0.040908252934371024,0.04090836306963475,0.04090847305156285,0.04090858288964118,0.040908692592730125,0.040908802169097876,0.04090891162645356,0.040909020971978974,0.04090913021236002,0.04090923935381657,0.04090934840213148,0.040909457362678495,0.04090956624044796,0.04090967504007284,0.040909783765852026,0.04090989242177269,0.04091000101153203,0.04091010953855702,0.04091021800602362,0.04091032641687378,0.04091043477383265,0.04091054307942396,0.04091065133598435,0.04091075954567712,0.04091086771050479,0.04091097583232103,0.04091108391284132,0.04091119195365352,0.04091129995622723,0.04091140792192273,0.04091151585199903,0.040911623747621514,0.040911731609869176,0.040911839439740805,0.04091194723816152,0.040912055005988116,0.04091216274401424,0.04091227045297539,0.04091237813355323,0.04091248578637986,0.040912593412041544,0.04091270101108196,0.040912808584006116,0.04091291613128295,0.04091302365334805,0.04091313115060665,0.040913238623435114,0.04091334607218429,0.04091345349718084,0.04091356089872904,0.04091366827711295,0.040913775632597765,0.04091388296543122,0.04091399027584515,0.04091409756405628,0.04091420483026805,0.04091431207467122,0.040914419297445055,0.040914526498758076,0.04091463367876897,0.04091474083762748,0.040914847975474816,0.04091495509244458,0.04091506218866334,0.04091516926425101,0.04091527631932153,0.04091538335398322,0.04091549036833938,0.04091559736248839,0.04091570433652466,0.04091581129053812,0.04091591822461524,0.040916025138838706,0.04091613203328863,0.04091623890804243,0.040916345763174065,0.04091645259875521,0.04091655941485527,0.04091666621154119,0.04091677298887958,0.04091687974693322,0.040916986485764195,0.040917093205432895,0.04091719990599807,0.04091730658751801,0.04091741325004911,0.04091751989364579,0.04091762651836292,0.04091773312425404,0.040917839711371445,0.04091794627976654,0.04091805282949022,0.04091815936059206,0.04091826587312203,0.04091837236712867,0.040918478842660214,0.04091858529976417,0.040918691738487924,0.04091879815887774,0.04091890456097969,0.04091901094484042,0.040919117310504516,0.040919223658017215,0.04091932998742331,0.04091943629876713,0.04091954259209255,0.04091964886744354,0.04091975512486362,0.04091986136439591,0.04091996758608344,0.04092007378996883,0.04092017997609479,0.04092028614450341,0.04092039229523706,0.04092049842833768,0.040920604543846925,0.04092071064180667,0.04092081672225801,0.040920922785241565,0.04092102883079888,0.04092113485897095,0.04092124086979834,0.04092134686332203,0.04092145283958211,0.040921558798618946,0.04092166474047294,0.04092177066518396,0.04092187657279203,0.04092198246333697,0.040922088336858516,0.04092219419339624,0.040922300032989314,0.04092240585567761,0.04092251166150009,0.04092261745049594,0.04092272322270399,0.04092282897816349,0.04092293471691294,0.040923040438991205,0.04092314614443676,0.040923251833288085,0.040923357505583915,0.040923463161361986,0.04092356880066053,0.04092367442351802,0.04092378002997225,0.04092388562006112,0.04092399119382248,0.04092409675129393,0.04092420229251325,0.04092430781751778,0.04092441332634521,0.04092451881903244,0.04092462429561694,0.04092472975613583,0.04092483520062615,0.04092494062912483,0.04092504604166882,0.04092515143829489,0.04092525681903967,0.04092536218393904,0.040925467533030994,0.040925572866351276,0.040925678183936116,0.040925783485821855,0.04092588877204458,0.04092599404264018,0.040926099297644826,0.04092620453709436,0.040926309761024605,0.04092641496947171,0.04092652016247094,0.04092662534005783,0.04092673050226789,0.04092683564913646,0.04092694078069886,0.0409270458969903,0.04092715099804595,0.04092725608390149,0.04092736115459051,0.040927466210148464,0.040927571250610244,0.040927676276010634,0.04092778128638424,0.04092788628176556,0.040927991262189115,0.04092809622768924,0.04092820117830025,0.04092830611405632,0.04092841103499176,0.04092851594114036,0.04092862083253616,0.040928725709213,0.04092883057120494,0.0409289354185455,0.0409290402512684,0.04092914506940719,0.04092924987299533,0.04092935466206632,0.04092945943665346,0.04092956419678977,0.040929668942508886,0.04092977367384362,0.04092987839082708,0.040929983093492155,0.04093008778187164,0.04093019245599857,0.040930297115905574,0.040930401761624984,0.040930506393189514,0.04093061101063181,0.040930715613983974,0.040930820203278546,0.04093092477854794,0.040931029339824114,0.04093113388713893,0.040931238420524464,0.04093134294001315,0.04093144744563647,0.040931551937425904,0.04093165641541352,0.04093176087963096,0.04093186533010931,0.04093196976688087,0.04093207418997671,0.040932178599428076,0.040932282995266384,0.04093238737752165,0.040932491746226915,0.04093259610141261,0.04093270044311005,0.04093280477134893,0.040932909086160846,0.04093301338757641,0.040933117675626,0.04093322195034072,0.04093332621175099,0.04093343045988719,0.04093353469477983,0.04093363891645907,0.040933743124955124,0.04093384732029826,0.040933951502518606,0.04093405567164613,0.040934159827711196,0.04093426397074297,0.040934368100771557,0.040934472217826826,0.04093457632193845,0.04093468041313616,0.04093478449144917,0.04093488855690708,0.040934992609539325,0.04093509664937524,0.040935200676444024,0.04093530469077503,0.040935408692397326,0.04093551268133991,0.04093561665763188,0.04093572062130189,0.04093582457237916,0.04093592851089267,0.04093603243687025,0.0409361363503413,0.04093624025133394,0.04093634413987691,0.04093644801599886,0.040936551879727806,0.0409366557310921,0.04093675957012004,0.0409368633968399,0.040936967211279776,0.040937071013467656,0.04093717480343181,0.04093727858119954,0.04093738234679937,0.04093748610025858,0.040937589841605074,0.04093769357086653,0.040937797288070545,0.04093790099324458,0.040938004686416306,0.040938108367612726,0.04093821203686139,0.04093831569419078,0.04093841933962514,0.040938522973193836,0.04093862659492342,0.04093873020484095,0.040938833802973286,0.0409389373893474,0.0409390409639897,0.040939144526927686,0.0409392480781877,0.04093935161779634,0.04093945514578019,0.04093955866216563,0.04093966216697938,0.040939765660247644,0.040939869141996765,0.040939972612253,0.04094007607104326,0.040940179518391975,0.04094028295432626,0.04094038637887224,0.040940489792056695,0.04094059319390378,0.040940696584439766,0.040940799963692105,0.04094090333168369,0.04094100668844161,0.040941110033991424,0.04094121336835868,0.040941316691568766,0.04094142000364724,0.040941523304619185,0.040941626594510255,0.04094172987334531,0.040941833141149554,0.04094193639794833,0.040942039643766304,0.0409421428786289,0.04094224610256087,0.04094234931558709,0.04094245251773234,0.040942555709021444,0.04094265888947906,0.040942762059129834,0.040942865217998316,0.04094296836610905,0.04094307150348645,0.04094317463015503,0.04094327774613906,0.040943380851462687,0.0409434839461505,0.04094358703022647,0.04094369010371475,0.04094379316663939,0.040943896219024827,0.040943999260894676,0.04094410229227227,0.040944205313181846,0.040944308323647385,0.040944411323692476,0.04094451431334083,0.04094461729261627,0.0409447202615424,0.04094482322014187,0.040944926168438575,0.04094502910645677,0.0409451320342191,0.04094523495174817,0.040945337859067926,0.04094544075620145,0.0409455436431719,0.04094564652000202,0.04094574938671542,0.04094585224333473,0.040945955089883065,0.04094605792638302,0.040946160752857355,0.04094626356932872,0.04094636637582025,0.040946469172353964,0.0409465719589531,0.04094667473564072,0.040946777502437665,0.040946880259367026,0.040946983006451144,0.04094708574371284,0.040947188471174005,0.04094729118885687,0.040947393896783583,0.04094749659497631,0.0409475992834571,0.040947701962247895,0.04094780463137073,0.04094790729084745,0.040948009940699845,0.040948112580949776,0.04094821521161894,0.04094831783272888,0.04094842044430167,0.04094852304635863,0.040948625638921085,0.040948728222010906,0.04094883079564943,0.040948933359857526,0.04094903591465751,0.04094913846007016,0.04094924099611655,0.04094934352281813,0.040949446040196014,0.04094954854827114,0.04094965104706458,0.040949753536597404,0.04094985601689052,0.04094995848796482,0.040950060949841896,0.040950163402541,0.04095026584608362,0.04095036828049048,0.040950470705782074,0.040950573121979084,0.04095067552910225,0.04095077792717182,0.040950880316208374,0.04095098269623236,0.04095108506726397,0.040951187429324784,0.040951289782432634,0.04095139212660884,0.040951494461873884,0.04095159678824754,0.040951699105750014,0.04095180141440122,0.04095190371422128,0.04095200600522805,0.040952108287445374,0.040952210560891135,0.04095231282558504,0.04095241508154696,0.04095251732879635,0.0409526195673518,0.04095272179723534,0.0409528240184652,0.040952926231060956,0.040953028435041956,0.04095313063042778,0.040953232817237735,0.04095333499549105,0.04095343716520705,0.04095353932640507,0.04095364147910417,0.04095374362332364,0.040953845759082265,0.04095394788639924,0.04095405000529363,0.040954152115784355,0.04095425421789003,0.04095435631163007,0.04095445839702329,0.04095456047408802,0.04095466254284377,0.04095476460330795,0.040954866655499925,0.040954968699438196,0.04095507073514117,0.04095517276262792,0.04095527478191631,0.040955376793025536,0.040955478795973006,0.04095558079077734,0.040955682777456974,0.04095578475603013,0.040955886726515386,0.04095598868893099,0.04095609064329374,0.040956192589622575,0.040956294527935526,0.040956396458250485,0.04095649838058541,0.0409566002949575,0.04095670220138623,0.04095680409988839,0.040956905990482045,0.04095700787318479,0.04095710974801472,0.040957211614988887,0.04095731347412481,0.04095741532544051,0.04095751716895343,0.04095761900468103,0.04095772083264067,0.040957822652849654,0.04095792446532542,0.04095802627008548,0.040958128067147166,0.04095822985652716,0.04095833163824329,0.04095843341231161,0.040958535178749964,0.04095863693757592,0.04095873868880606,0.04095884043245732,0.04095894216854699,0.040959043897091624,0.04095914561810784,0.04095924733161301,0.04095934903762336,0.04095945073615589,0.04095955242722765,0.04095965411085487,0.040959755787054096,0.04095985745584207,0.04095995911723537,0.040960060771250514,0.040960162417903956,0.04096026405721208,0.040960365689191355,0.04096046731385811,0.04096056893122845,0.04096067054131906,0.040960772144145764,0.040960873739724415,0.04096097532807102,0.04096107690920332,0.04096117848313644,0.04096128004988642,0.04096138160946916,0.040961483161900465,0.040961584707196665,0.04096168624537344,0.04096178777644657,0.040961889300431605,0.04096199081734499,0.0409620923272021,0.04096219383001859,0.040962295325810104,0.04096239681459235,0.04096249829638055,0.04096259977119094,0.04096270123903833,0.04096280269993845,0.04096290415390734,0.040963005600959286,0.04096310704111055,0.04096320847437566,0.040963309900770316,0.04096341132030979,0.040963512733009244,0.040963614138884025,0.04096371553794854,0.04096381693021897,0.04096391831570988,0.040964019694436665,0.04096412106641338,0.04096422243165513,0.04096432379017763,0.04096442514199508,0.040964526487123176,0.04096462782557624,0.04096472915736792,0.04096483048251551,0.0409649318010315,0.0409650331129312,0.04096513441822976,0.04096523571694089,0.04096533700907953,0.040965438294660275,0.040965539573696495,0.04096564084620479,0.04096574211219854,0.040965843371692096,0.04096594462469975,0.04096604587123597,0.04096614711131516,0.04096624834495105,0.04096634957215817,0.04096645079295069,0.04096655200734275,0.040966653215348335,0.04096675441698174,0.0409668556122569,0.0409669568011878,0.04096705798378863,0.040967159160072965,0.040967260330054774,0.04096736149374813,0.04096746265116677,0.04096756380232466,0.04096766494723555,0.040967766085913,0.04096786721837064,0.04096796834462204,0.040968069464681005,0.040968170578560364,0.04096827168627526,0.04096837278783838,0.0409684738832634,0.04096857497256371,0.04096867605575255,0.040968777132843505,0.04096887820385001,0.0409689792687855,0.04096908032766297,0.040969181380495975,0.04096928242729771,0.04096938346808107,0.04096948450285967,0.04096958553164649,0.04096968655445459,0.040969787571297066,0.0409698885821869,0.04096998958713725,0.04097009058616092,0.04097019157927105,0.040970292566480465,0.04097039354780188,0.040970494523248545,0.04097059549283306,0.04097069645656826,0.04097079741446692,0.040970898366541726,0.040970999312805394,0.04097110025327061,0.04097120118795001,0.04097130211685618,0.040971403040001686,0.04097150395739887,0.04097160486906069,0.040971705774999485,0.04097180667522763,0.040971907569757555,0.04097200845860172,0.04097210934177229,0.04097221021928178,0.040972311091142466,0.04097241195736669,0.04097251281796643,0.04097261367295413,0.04097271452234189,0.04097281536614202,0.04097291620436656,0.04097301703702735,0.040973117864136654,0.04097321868570647,0.040973319501748894,0.04097342031227596,0.0409735211172993,0.04097362191683096,0.04097372271088292,0.040973823499466926,0.04097392428259488,0.04097402506027854,0.04097412583252969,0.04097422659936009,0.040974327360781326,0.040974428116805246,0.04097452886744344,0.04097462961270752,0.04097473035260909,0.04097483108715963,0.04097493181637089,0.040975032540254114,0.040975133258821,0.0409752339720828,0.04097533468005098,0.04097543538273717,0.040975536080152405,0.040975636772308185,0.040975737459214984,0.04097583814088569,0.040975938817330755,0.04097603948856142,0.040976140154589544,0.04097624081542489,0.04097634147107847,0.04097644212156313,0.04097654276688912,0.04097664340706747,0.04097674404210872,0.040976844672024205,0.04097694529682608,0.04097704591652472,0.040977146531129674,0.04097724714065226,0.0409773477451043,0.04097744834449613,0.04097754893883859,0.040977649528142486,0.04097775011241787,0.04097785069167671,0.04097795126592921,0.040978051835186435,0.04097815239945817,0.040978252958754804,0.040978353513088324,0.040978454062468514,0.040978554606905325,0.04097865514641035,0.04097875568099378,0.04097885621066596,0.04097895673543742,0.04097905725531823,0.040979157770318915,0.04097925828045002,0.04097935878572201,0.04097945928614494,0.04097955978172936,0.04097966027248502,0.04097976075842241,0.04097986123955181,0.04097996171588346,0.040980062187427176,0.040980162654193325,0.040980263116191976,0.040980363573433154,0.040980464025927005,0.04098056447368353,0.04098066491671267,0.04098076535502447,0.04098086578862883,0.04098096621753573,0.04098106664175504,0.040981167061296585,0.04098126747617026,0.04098136788638586,0.04098146829195323,0.04098156869288213,0.04098166908918231,0.04098176948086348,0.040981869867935346,0.04098197025040758,0.040982070628290145,0.040982171001592405,0.040982271370323606,0.04098237173449361,0.040982472094112404,0.04098257244918903,0.04098267279973276,0.04098277314575361,0.04098287348726058,0.04098297382426335,0.04098307415677134,0.04098317448479421,0.040983274808340756,0.04098337512742058,0.04098347544204299,0.040983575752217505,0.04098367605795298,0.040983776359258824,0.04098387665614436,0.04098397694861871,0.04098407723669092,0.04098417752037007,0.04098427779966567,0.04098437807458664,0.04098447834514203,0.04098457861134093,0.04098467887319232,0.040984779130705494,0.040984879383889006,0.040984979632751904,0.04098507987730324,0.04098518011755188,0.04098528035350674,0.040985380585176666,0.04098548081257019,0.04098558103569684,0.04098568125456508,0.040985781469183656,0.04098588167956134,0.04098598188570699,0.04098608208762915,0.040986182285336445,0.04098628247883766,0.040986382668141454,0.040986482853256366,0.04098658303419116,0.040986683210954285,0.040986783383554236,0.040986883551999614,0.040986983716299046,0.04098708387646085,0.040987184032493545,0.040987284184405705,0.04098738433220555,0.04098748447590159,0.04098758461550208,0.04098768475101568,0.040987784882450445,0.040987885009815005,0.040987985133117195,0.04098808525236551,0.04098818536756808,0.040988285478733594,0.040988385585869876,0.040988485688985034,0.04098858578808737,0.04098868588318501,0.040988785974286124,0.040988886061398784,0.040988986144531,0.04098908622369097,0.040989186298886614,0.04098928637012589,0.040989386437416835,0.04098948650076772,0.040989586560185975,0.04098968661568012,0.04098978666725779,0.040989886714927384,0.04098998675869566,0.04099008679857113,0.04099018683456155,0.04099028686667475,0.040990386894918206,0.0409904869193001,0.040990586939827975,0.04099068695650988,0.04099078696935341,0.0409908869783661,0.0409909869835559,0.04099108698492998,0.0409911869824962,0.0409912869762619,0.04099138696623521,0.040991486952423446,0.04099158693483406,0.04099168691347468,0.040991786888352796,0.04099188685947588,0.040991986826851436,0.04099208679048749,0.040992186750390264,0.0409922867065678,0.040992386659027484,0.04099248660777658,0.04099258655282258,0.04099268649417273,0.04099278643183433,0.040992886365814746,0.040992986296121234,0.04099308622276099,0.040993186145741205,0.04099328606506925,0.04099338598075221,0.040993485892797346,0.040993585801211666,0.040993685706002495,0.040993785607176855,0.04099388550474186,0.04099398539870462,0.04099408528907213,0.040994185175851426,0.04099428505904958,0.040994384938673724,0.0409944848147306,0.040994584687227324,0.040994684556170814,0.04099478442156776,0.0409948842834255,0.04099498414175094,0.04099508399655022,0.04099518384783118,0.04099528369560038,0.040995383539864316,0.04099548338062988,0.040995583217904016,0.04099568305169334,0.04099578288200474,0.0409958827088449,0.0409959825322205,0.04099608235213798,0.04099618216860478,0.040996281981626456,0.04099638179121055,0.04099648159736344,0.04099658140009166,0.0409966811993997,0.040996780995298375,0.04099688078779206,0.040996980576886756,0.0409970803625901,0.04099718014490804,0.0409972799238469,0.040997379699412986,0.04099747947161353,0.040997579240454544,0.04099767900594232,0.04099777876808319,0.04099787852688382,0.04099797828234979,0.04099807803448867,0.040998177783306194,0.04099827752880855,0.04099837727100318,0.04099847700989426,0.04099857674548907,0.04099867647779372,0.04099877620681472,0.040998875932557924,0.04099897565502987,0.04099907537423652,0.040999175090184296,0.040999274802878925,0.040999374512326756,0.040999474218533866,0.04099957392150645,0.04099967362124981,0.04099977331777121,0.04099987301107675,0.04099997270117109,0.041000072388061005,0.041000172071752425,0.04100027175225137,0.041000371429563844,0.04100047110369566,0.04100057077465276,0.041000670442441045,0.041000770107066445,0.04100086976853484,0.04100096942685204,0.0410010690820239,0.04100116873405626,0.04100126838295489,0.04100136802872564,0.04100146767137424,0.04100156731090646,0.04100166694732811,0.041001766580644805,0.0410018662108623,0.04100196583798631,0.041002065462022515,0.04100216508297654,0.04100226470085408,0.04100236431566079,0.041002463927402186,0.04100256353608393,0.041002663141711505,0.041002762744290704,0.04100286234382698,0.04100296194032584,0.041003061533792455,0.041003161124233106,0.04100326071165287,0.04100336029605722,0.04100345987745189,0.041003559455841825,0.041003659031232674,0.04100375860362989,0.041003858173038886,0.041003957739465004,0.04100405730291369,0.0410041568633902,0.04100425642089988,0.04100435597544811,0.041004455527040254,0.0410045550756817,0.04100465462137746,0.041004754164132864,0.041004853703952675,0.04100495324084256,0.04100505277480866,0.041005152305855254,0.041005251833987545,0.04100535135921089,0.0410054508815329,0.04100555040095366,0.041005649917480645,0.04100574943111944,0.04100584894187475,0.041005948449752104,0.04100604795475607,0.04100614745689192,0.04100624695616469,0.04100634645257939,0.041006445946141,0.04100654543685488,0.04100664492472547,0.04100674440975812,0.04100684389195699,0.04100694337132819,0.04100704284787627,0.041007142321605905,0.04100724179252223,0.041007341260630166,0.04100744072593435,0.041007540188439884,0.04100763964815238,0.04100773910507489,0.04100783855921306,0.04100793801057188,0.04100803745915604,0.041008136904970224,0.04100823634801987,0.041008335788308654,0.04100843522584183,0.04100853466062452,0.04100863409266082,0.041008733521954915,0.04100883294851265,0.041008932372338144,0.04100903179343759,0.04100913121181274,0.04100923062746781,0.04100933004041123,0.04100942945064566,0.04100952885817575,0.04100962826300641,0.04100972766514225,0.041009827064586446,0.04100992646134433,0.04101002585542047,0.04101012524681967,0.04101022463554645,0.041010324021604816,0.041010423404999365,0.041010522785734665,0.041010622163815236,0.04101072153924552,0.041010820912029795,0.04101092028217309,0.04101101964967886,0.0410111190145516,0.04101121837679611,0.041011317736416586,0.041011417093417386,0.04101151644780275,0.041011615799578134,0.04101171514874547,0.041011814495310314,0.041011913839277124,0.04101201318064603,0.04101211251942408,0.04101221185562153,0.041012311189238,0.04101241052027734,0.041012509848745264,0.04101260917464456,0.041012708497978424,0.04101280781875165,0.04101290713697012,0.04101300645263398,0.0410131057657524,0.0410132050763259,0.04101330438436005,0.04101340368985865,0.041013502992825676,0.04101360229326504,0.04101370159118099,0.04101380088657736,0.041013900179458475,0.0410139994698286,0.04101409875769105,0.04101419804305048,0.04101429732591072,0.041014396606275524,0.0410144958841491,0.04101459515953434,0.04101469443243718,0.04101479370286022,0.04101489297080802,0.041014992236283694,0.041015091499291494,0.041015190759835264,0.041015290017919655,0.04101538927354717,0.04101548852672193,0.04101558777744822,0.041015687025729684,0.041015786271570175,0.04101588551497346,0.041015984755943376,0.04101608399448358,0.04101618323059784,0.04101628246428999,0.04101638169556365,0.041016480924422734,0.04101658015086913,0.041016679374909944,0.04101677859654715,0.04101687781578612,0.04101697703262716,0.041017076247075644,0.041017175459133984,0.04101727466880711,0.041017373876099515,0.04101747308101366,0.04101757228355363,0.0410176714837224,0.04101777068152423,0.04101786987696092,0.04101796907003877,0.04101806826075995,0.041018167449128076,0.04101826663514564,0.04101836581881801,0.04101846500014668,0.04101856417913748,0.0410186633557922,0.041018762530115084,0.04101886170210952,0.041018960871777185,0.04101906003912455,0.04101915920415386,0.04101925836686822,0.04101935752727082,0.04101945668536494,0.041019555841155096,0.04101965499464311,0.04101975414583321,0.04101985329472865,0.04101995244133279,0.04102005158564896,0.04102015072768032,0.04102024986742987,0.041020349004901445,0.041020448140098496,0.041020547273024004,0.04102064640368126,0.0410207455320735,0.04102084465820403,0.041020943782076144,0.041021042903692816,0.04102114202305756,0.04102124114017382,0.041021340255043864,0.04102143936767158,0.041021538478059894,0.04102163758621194,0.0410217366921323,0.0410218357958215,0.04102193489728383,0.041022033996522725,0.0410221330935413,0.04102223218834234,0.04102233128092904,0.04102243037130484,0.041022529459472226,0.04102262854543525,0.04102272762919678,0.041022826710758124,0.04102292579012351,0.04102302486729662,0.041023123942279804,0.04102322301507571,0.04102332208568749,0.04102342115411871,0.04102352022037167,0.041023619284449794,0.04102371834635599,0.04102381740609284,0.041023916463663636,0.041024015519071144,0.04102411457231876,0.041024213623407114,0.041024312672342675,0.041024411719126484,0.041024510763761776,0.04102460980625304,0.04102470884659932,0.04102480788480454,0.041024906920873225,0.04102500595480811,0.041025104986611154,0.04102520401628519,0.04102530304383347,0.04102540206925796,0.04102550109256278,0.041025600113749956,0.041025699132822314,0.04102579814978238,0.041025897164633375,0.04102599617737763,0.04102609518801801,0.041026194196557175,0.04102629320299896,0.041026392207345566,0.04102649120959768,0.04102659020975942,0.04102668920783342,0.04102678820382313,0.041026887197729844,0.041026986189556865,0.04102708517930676,0.04102718416698235,0.041027283152589154,0.041027382136123725,0.041027481117591684,0.04102758009699563,0.0410276790743379,0.04102777804962177,0.04102787702284931,0.041027975994022865,0.041028074963145554,0.04102817393021969,0.04102827289524797,0.041028371858232694,0.04102847081917624,0.041028569778081544,0.0410286687349508,0.04102876768978613,0.041028866642591255,0.04102896559336763,0.04102906454211812,0.041029163488844334,0.04102926243354981,0.041029361376236126,0.04102946031690732,0.04102955925556424,0.04102965819220947,0.04102975712684556,0.04102985605947507,0.04102995499010041,0.04103005391872668,0.04103015284535051,0.04103025176997756,0.04103035069260961,0.04103044961324941,0.04103054853189895,0.04103064744856084,0.041030746363237544,0.04103084527593099,0.04103094418664362,0.04103104309537732,0.04103114200213505,0.04103124090692055,0.04103133980973252,0.0410314387105756,0.041031537609451774,0.04103163650636275,0.04103173540131133,0.041031834294299505,0.041031933185329335,0.041032032074403674,0.04103213096152423,0.041032229846693066,0.04103232872991289,0.04103242761118563,0.04103252649051349,0.0410326253678985,0.04103272424334336,0.041032823116848936,0.04103292198841882,0.04103302085805467,0.041033119725758425,0.04103321859153235,0.041033317455378596,0.04103341631729933,0.04103351517729865,0.04103361403537467,0.041033712891531605,0.04103381174577082,0.04103391059809466,0.041034009448505424,0.0410341082970051,0.04103420714359577,0.04103430598827929,0.04103440483105809,0.041034503671933086,0.04103460251090817,0.04103470134798441,0.041034800183163904,0.041034899016448356,0.04103499784784025,0.041035096677340975,0.041035195504952965,0.041035294330677784,0.04103539315451773,0.04103549197647446,0.041035590796549525,0.04103568961474647,0.041035788431065784,0.04103588724551019,0.04103598605808109,0.04103608486878042,0.04103618367761017,0.041036282484572965,0.04103638128966964,0.04103648009290249,0.04103657889427319,0.041036677693783864,0.04103677649143599,0.041036875287232856,0.041036974081174044,0.041037072873263004,0.041037171663500786,0.04103727045188896,0.04103736923843012,0.041037468023126286,0.0410375668059789,0.04103766558698953,0.04103776436616011,0.041037863143492274,0.041037961918988036,0.04103806069264908,0.04103815946447674,0.04103825823447412,0.041038357002641725,0.0410384557689817,0.04103855453349567,0.041038653296185536,0.04103875205705292,0.0410388508160992,0.041038949573326704,0.04103904832873664,0.041039147082330016,0.04103924583411045,0.04103934458407779,0.041039443332235616,0.04103954207858438,0.041039640823125216,0.04103973956586181,0.041039838306792566,0.04103993704592206,0.04104003578325077,0.04104013451878014,0.041040233252512534,0.04104033198444931,0.04104043071459155,0.04104052944294114,0.04104062816949972,0.04104072689426905,0.04104082561725039,0.04104092433844789,0.04104102305785824,0.04104112177548665,0.04104122049133233,0.0410413192053983,0.04104141791768569,0.04104151662819604,0.041041615336931014,0.0410417140438922,0.04104181274908102,0.04104191145249905,0.04104201015414777,0.04104210885402874,0.041042207552143384,0.0410423062484953,0.04104240494308182,0.04104250363590579,0.04104260232696951,0.041042701016273275,0.0410427997038213,0.04104289838961329,0.04104299707365073,0.041043095755935566,0.041043194436468644,0.04104329311525072,0.04104339179228441,0.041043490467570734,0.041043589141111066,0.04104368781290459,0.04104378648295719,0.041043885151268035,0.041043983817838435,0.04104408248266982,0.04104418114576319,0.04104427980712018,0.04104437846674285,0.04104447712463196,0.041044575780788836,0.041044674435215006,0.041044773087911754,0.041044871738880176,0.04104497038812132,0.04104506903563697,0.041045167681428914,0.04104526632549762,0.04104536496784524,0.04104546360847237,0.04104556224738067,0.04104566088457049,0.04104575952004489,0.04104585815380319,0.041045956785848436,0.041046055416181136,0.04104615404480246,0.04104625267171357,0.04104635129691598,0.04104644992041103,0.04104654854219943,0.04104664716228312,0.041046745780662745,0.0410468443973398,0.041046943012315505,0.041047041625590676,0.041047140237167164,0.04104723884704577,0.041047337455227755,0.04104743606171433,0.041047534666506506,0.04104763326960577,0.04104773187101306,0.04104783047072966,0.04104792906875679,0.04104802766509646,0.04104812625974779,0.04104822485271317,0.041048323443993846,0.0410484220335903,0.04104852062150432,0.041048619207736656,0.04104871779228862,0.04104881637516135,0.041048914956356056,0.04104901353587315,0.041049112113714155,0.041049210689880086,0.041049309264372925,0.04104940783719263,0.04104950640834062,0.04104960497781837,0.041049703545626655,0.04104980211176552,0.041049900676237615,0.0410499992390432,0.041050097800183795,0.041050196359660146,0.04105029491747291,0.04105039347362352,0.041050492028113464,0.0410505905809426,0.041050689132113315,0.04105078768162592,0.041050886229481595,0.041050984775680185,0.04105108332022476,0.041051181863114794,0.041051280404351416,0.04105137894393557,0.041051477481868576,0.041051576018151424,0.041051674552785994,0.0410517730857723,0.04105187161711046,0.04105197014680297,0.041052068674850097,0.04105216720125269,0.041052265726011804,0.04105236424912785,0.041052462770601414,0.041052561290436454,0.04105265980863151,0.041052758325187386,0.04105285684010405,0.041052955353384234,0.04105305386502865,0.0410531523750376,0.04105325088341148,0.04105334939015259,0.041053447895261365,0.04105354639873746,0.041053644900583657,0.041053743400799786,0.04105384189938575,0.04105394039634346,0.04105403889167468,0.041054137385379226,0.04105423587745727,0.04105433436791075,0.04105443285673982,0.04105453134394566,0.0410546298295292,0.04105472831349108,0.041054826795832215,0.04105492527655347,0.0410550237556557,0.04105512223313893,0.041055220709006274,0.041055319183255855,0.0410554176558894,0.041055516126907825,0.04105561459631224,0.04105571306410288,0.04105581153028051,0.04105590999484587,0.041056008457800205,0.04105610691914492,0.04105620537887905,0.041056303837004184,0.04105640229352121,0.041056500748429536,0.0410565992017322,0.04105669765342875,0.04105679610352,0.04105689455200675,0.041056992998889465,0.04105709144416913,0.04105718988784633,0.041057288329921726,0.04105738677039633,0.041057485209270286,0.041057583646544826,0.0410576820822204,0.04105778051629721,0.04105787894877703,0.041057977379659875,0.04105807580894662,0.041058174236637775,0.04105827266273348,0.04105837108723508,0.04105846951014466,0.041058567931460045,0.04105866635118367,0.041058764769315026,0.0410588631858567,0.0410589616008108,0.04105906001417128,0.04105915842594325,0.04105925683612702,0.04105935524472278,0.04105945365173147,0.04105955205715355,0.04105965046098889,0.04105974886323969,0.0410598472639053,0.041059945662987284,0.041060044060485724,0.0410601424564012,0.041060240850734335,0.04106033924348572,0.041060437634655896,0.04106053602424534,0.04106063441225489,0.041060732798684316,0.04106083118353463,0.04106092956680745,0.04106102794850247,0.04106112632862018,0.04106122470716057,0.04106132308412565,0.041061421459515135,0.04106151983332942,0.04106161820556915,0.04106171657623491,0.04106181494532722,0.04106191331284657,0.04106201167879352,0.04106211004317191,0.04106220840597537,0.0410623067672082,0.041062405126870496,0.041062503484963694,0.041062601841486635,0.04106270019644012,0.0410627985498258,0.04106289690164361,0.04106299525189295,0.04106309360057632,0.04106319194769321,0.04106329029324412,0.04106338863722804,0.04106348697964798,0.041063585320503845,0.041063683659795486,0.04106378199752251,0.04106388033368704,0.04106397866828874,0.0410640770013281,0.04106417533280298,0.041064273662718934,0.04106437199107377,0.04106447031786798,0.041064568643102,0.04106466696677622,0.04106476528889119,0.04106486360944713,0.04106496192844297,0.041065060245880906,0.04106515856176245,0.04106525687608696,0.04106535518885408,0.04106545350006499,0.041065551809719686,0.04106565011782327,0.04106574842436664,0.04106584672935518,0.041065945032789264,0.04106604333466899,0.04106614163499499,0.041066239933766166,0.04106633823098542,0.04106643652665192,0.04106653482076616,0.041066633113327575,0.041066731404337996,0.04106682969379701,0.04106692798170502,0.04106702626806229,0.04106712455286935,0.04106722283612631,0.04106732111783368,0.04106741939799158,0.04106751767660055,0.04106761595366085,0.041067714229172735,0.04106781250313673,0.04106791077554941,0.04106800904641931,0.04106810731574109,0.041068205583515975,0.041068303849744296,0.04106840211442686,0.04106850037756312,0.04106859863915376,0.041068696899199175,0.041068795157699435,0.0410688934146549,0.041068991670066085,0.0410690899239328,0.041069188176255586,0.04106928642703484,0.04106938467627064,0.041069482923962515,0.04106958117010934,0.041069679414716856,0.041069777657781636,0.04106987589930405,0.041069974139284884,0.04107007237772579,0.04107017061462533,0.04107026884998149,0.041070367083797195,0.0410704653160718,0.04107056354680596,0.04107066177599846,0.04107076000365319,0.041070858229768324,0.04107095645434357,0.041071054677379246,0.04107115289887545,0.04107125111883439,0.041071349337255834,0.04107144755413591,0.04107154576947771,0.04107164398328177,0.04107174219554927,0.0410718404062779,0.04107193861546929,0.04107203682312257,0.04107213502924042,0.041072233233819366,0.041072331436864576,0.04107242963837241,0.04107252783834359,0.041072626036777686,0.041072724233678234,0.04107282242904207,0.041072920622867826,0.04107301881515959,0.041073117005916704,0.04107321519513603,0.04107331338282055,0.04107341156896953,0.04107350975358387,0.041073607936663155,0.0410737061182085,0.04107380429821955,0.04107390247669156,0.04107400065363355,0.041074098829041755,0.04107419700291606,0.04107429517525744,0.04107439334606445,0.0410744915153403,0.04107458968307761,0.04107468784928652,0.041074786013959606,0.041074884177099924,0.041074982338708384,0.04107508049878381,0.04107517865732708,0.041075276814336134,0.0410753749698122,0.04107547312375677,0.04107557127616872,0.04107566942705034,0.041075767576397776,0.04107586572421543,0.04107596387050007,0.04107606201525077,0.04107616015846974,0.04107625830015494,0.04107635644031406,0.04107645457894075,0.04107655271603337,0.0410766508515948,0.04107674898562483,0.04107684711812249,0.041076945249089,0.04107704337852433,0.04107714150642864,0.04107723963279754,0.041077337757636743,0.041077435880947255,0.04107753400272639,0.0410776321229745,0.041077730241691424,0.041077828358878035,0.04107792647453294,0.041078024588656704,0.041078122701249706,0.04107822081231224,0.041078318921844215,0.04107841702984476,0.04107851513631486,0.04107861324125437,0.041078711344662934,0.04107880944654135,0.04107890754688827,0.04107900564570488,0.04107910374298773,0.04107920183874283,0.04107929993296727,0.041079398025660976,0.041079496116827215,0.04107959420645932,0.0410796922945608,0.04107979038113167,0.041079888466170784,0.041079986549676685,0.041080084631654794,0.041080182712101114,0.041080280791018324,0.04108037886840438,0.04108047694426214,0.04108057501858438,0.041080673091377105,0.04108077116263921,0.041080869232370025,0.0410809673005697,0.04108106536723849,0.04108116343237558,0.04108126149598197,0.04108135955805697,0.04108145761860059,0.04108155567761261,0.041081653735092705,0.04108175179104251,0.041081849845461434,0.04108194789834803,0.04108204594970241,0.04108214399952844,0.04108224204781938,0.041082340094579,0.04108243813980427,0.04108253618349954,0.04108263422566115,0.041082732266292235,0.04108283030539159,0.04108292834295842,0.041083026378992686,0.04108312441349526,0.041083222446464986,0.041083320477901974,0.04108341850780659,0.04108351653617791,0.041083614563016464,0.04108371258832289,0.041083810612094596,0.04108390863433356,0.04108400665504008,0.04108410467421311,0.04108420269185262,0.0410843007079584,0.041084398722530044,0.04108449673556798,0.04108459474707177,0.0410846927570413,0.041084790765476886,0.0410848887723782,0.041084986777745275,0.04108508478157701,0.041085182783874824,0.041085280784638335,0.04108537878386643,0.04108547678155932,0.04108557477771722,0.04108567277234039,0.04108577076542799,0.04108586875697949,0.041085966746995856,0.04108606473547568,0.041086162722420126,0.04108626070782774,0.041086358691699035,0.0410864566740335,0.041086554654831686,0.041086652634093175,0.04108675061181831,0.04108684858800572,0.04108694656265607,0.04108704453576884,0.04108714250734406,0.04108724047738219,0.041087338445881735,0.04108743641284326,0.041087534378266524,0.04108763234215142,0.041087730304497694,0.041087828265305215,0.04108792622457383,0.041088024182303305,0.04108812213849351,0.041088220093144265,0.04108831804625537,0.041088415997827435,0.0410885139478593,0.04108861189635031,0.04108870984330094,0.04108880778871096,0.041088905732580235,0.04108900367490848,0.04108910161569558,0.04108919955494131,0.04108929749264541,0.04108939542880778,0.04108949336342814,0.04108959129650632,0.04108968922804213,0.041089787158035386,0.041089885086485735,0.04108998301339311,0.04109008093875726,0.041090178862578444,0.04109027678485542,0.04109037470558858,0.04109047262477782,0.041090570542422586,0.04109066845852271,0.0410907663730785,0.04109086428608887,0.0410909621975547,0.04109106010747437,0.04109115801584902,0.04109125592267771,0.0410913538279596,0.04109145173169582,0.041091549633884714,0.041091647534526744,0.041091745433621665,0.041091843331169275,0.041091941227169256,0.04109203912162141,0.04109213701452551,0.041092234905881285,0.04109233279568844,0.04109243068394677,0.041092528570656005,0.04109262645581592,0.04109272433942622,0.04109282222148727,0.04109292010199763,0.0410930179809577,0.04109311585836707,0.04109321373422629,0.041093311608533634,0.041093409481290206,0.04109350735249444,0.041093605222146716,0.04109370309024679,0.041093800956794393,0.04109389882178918,0.04109399668523094,0.04109409454711975,0.04109419240745461,0.04109429026623561,0.04109438812346244,0.04109448597913485,0.041094583833252846,0.0410946816858156,0.04109477953682397,0.04109487738627574,0.04109497523417172,0.0410950730805116,0.04109517092529496,0.041095268768525435,0.04109536661019503,0.04109546445030773,0.0410955622888624,0.04109566012585916,0.041095757961297795,0.04109585579517788,0.04109595362749909,0.041096051458260965,0.04109614928746421,0.04109624711510794,0.04109634494119096,0.04109644276571376,0.04109654058867388,0.04109663841007456,0.04109673622991533,0.04109683404819322,0.04109693186491255,0.041097029680067856,0.04109712749365914,0.041097225305689926,0.04109732311615505,0.041097420925056714,0.041097518732394825,0.04109761653816855,0.04109771434237782,0.041097812145023734,0.04109790994610296,0.041098007745619156,0.041098105543567215,0.04109820333995133,0.04109830113476694,0.04109839892801605,0.041098496719699285,0.04109859450981317,0.04109869229836143,0.0410987900853419,0.041098887870751874,0.04109898565459317,0.041099083436866836,0.04109918121756922,0.04109927899670339,0.04109937677426753,0.0410994745502598,0.04109957232467902,0.04109967009752861,0.04109976786881307,0.04109986563852096,0.04109996340665735,0.04110006117321855,0.041100158938208516,0.04110025670162335,0.04110035446346453,0.04110045222373284,0.04110054998242774,0.041100647739548475,0.04110074549509169,0.041100843249059466,0.04110094100145284,0.04110103875226797,0.041101136501507075,0.041101234249170074,0.041101331995254876,0.04110142973975815,0.0411015274826873,0.0411016252240379,0.04110172296381068,0.041101820702003196,0.04110191843861623,0.041102016173648837,0.041102113907101064,0.04110221163897373,0.04110230936926473,0.041102407097974344,0.04110250482510216,0.04110260255064723,0.041102700274610056,0.041102797996989474,0.04110289571778626,0.041102993436999115,0.041103091154628034,0.041103188870671645,0.041103286585131585,0.04110338429800578,0.041103482009294756,0.04110357971899712,0.04110367742711441,0.04110377513364474,0.04110387283858556,0.04110397054193967,0.041104068243705716,0.04110416594388381,0.04110426364247247,0.041104361339471984,0.04110445903488176,0.04110455672870151,0.04110465442093076,0.04110475211157056,0.04110484980061823,0.04110494748807298,0.04110504517393779,0.04110514285820855,0.041105240540886503,0.04110533822197312,0.04110543590146555,0.041105533579363994,0.04110563125566771,0.04110572893037491,0.0411058266034865,0.0411059242750026,0.041106021944922994,0.04110611961324824,0.04110621727997426,0.04110631494510753,0.041106412608637996,0.04110651027057014,0.04110660793090392,0.04110670558964035,0.041106803246775375,0.041106900902310346,0.041106998556244854,0.04110709620857863,0.04110719385931245,0.04110729150844506,0.041107389155974366,0.04110748680190094,0.041107584446226156,0.04110768208894577,0.04110777973006584,0.04110787736957731,0.04110797500748318,0.04110807264378499,0.041108170278481154,0.04110826791157146,0.041108365543055116,0.04110846317293191,0.04110856080120135,0.04110865842786568,0.0411087560529191,0.04110885367636284,0.04110895129819895,0.04110904891842453,0.04110914653704055,0.04110924415404615,0.04110934176944124,0.04110943938322476,0.041109536995396545,0.041109634605955715,0.041109732214903834,0.0411098298222376,0.04110992742795877,0.041110025032064276,0.0411101226345572,0.04111022023543402,0.04111031783469672,0.041110415432343485,0.041110513028372854,0.04111061062278725,0.04111070821558271,0.04111080580675995,0.04111090339631972,0.041111000984260834,0.04111109857058304,0.041111196155285655,0.04111129373836835,0.04111139131983048,0.041111488899673344,0.04111158647789265,0.04111168405449092,0.041111781629467006,0.04111187920282021,0.041111976774550814,0.041112074344657336,0.04111217191313943,0.04111226947999726,0.04111236704522918,0.04111246460883637,0.04111256217081697,0.04111265973117168,0.04111275728989955,0.041112854847000016,0.04111295240247185,0.04111304995631638,0.04111314750853187,0.04111324505911818,0.041113342608078716,0.041113440155404836,0.041113537701100024,0.04111363524516649,0.04111373278759937,0.04111383032839974,0.04111392786756954,0.04111402540510461,0.041114122941005575,0.04111422047527235,0.041114318007904715,0.04111441553890206,0.0411145130682624,0.04111461059598801,0.04111470812207688,0.041114805646529036,0.04111490316934394,0.04111500069052081,0.04111509821005932,0.041115195727957465,0.04111529324421764,0.041115390758837876,0.0411154882718185,0.04111558578315792,0.041115683292855226,0.04111578080091174,0.04111587830732726,0.04111597581209763,0.04111607331522472,0.04111617081670836,0.041116268316547626,0.04111636581474167,0.041116463311289285,0.04111656080619081,0.041116658299442214,0.041116755791053894,0.04111685328101665,0.04111695076933139,0.041117048255998136,0.04111714574101619,0.041117243224384724,0.041117340706102574,0.041117438186171223,0.04111753566458986,0.04111763314135623,0.041117730616470886,0.04111782808993643,0.0411179255617474,0.0411180230319025,0.04111812050040499,0.04111821796725331,0.04111831543244668,0.0411184128959846,0.04111851035786675,0.041118607818092595,0.04111870527666162,0.041118802733573774,0.04111890018882526,0.041118997642420635,0.04111909509435813,0.041119192544634586,0.0411192899932519,0.04111938744020878,0.04111948488550473,0.04111958232913947,0.04111967977111103,0.04111977721142049,0.04111987465006649,0.04111997208705025,0.04112006952237048,0.04112016695602516,0.04112026438801484,0.04112036181833998,0.041120459246998725,0.041120556673988215,0.041120654099312835,0.041120751522971045,0.041120848944959244,0.041120946365280416,0.041121043783930965,0.04112114120091271,0.04112123861622564,0.04112133602986649,0.041121433441836254,0.04112153085213464,0.041121628260760656,0.04112172566771349,0.041121823072992975,0.04112192047659844,0.04112201787853482,0.04112211527879496,0.04112221267737456,0.041122310074278544,0.04112240746950698,0.041122504863059135,0.041122602254933346,0.04112269964512942,0.04112279703364682,0.041122894420490524,0.04112299180564863,0.04112308918912883,0.041123186570926604,0.041123283951043664,0.04112338132947833,0.041123478706229524,0.04112357608129772,0.041123673454683096,0.04112377082638563,0.0411238681964036,0.04112396556473649,0.04112406293138627,0.041124160296347065,0.041124257659622264,0.041124355021210174,0.04112445238110978,0.041124549739321156,0.04112464709584521,0.04112474445068137,0.04112484180382653,0.04112493915528113,0.04112503650504335,0.04112513385311615,0.04112523119949853,0.04112532854418683,0.04112542588718337,0.041125523228483854,0.041125620568091735,0.04112571790600483,0.041125815242222995,0.041125912576744604,0.041126009909571,0.04112610724070072,0.04112620457013338,0.041126301897868055,0.04112639922390619,0.04112649654824197,0.04112659387087978,0.04112669119182318,0.04112678851105909,0.04112688582859544,0.04112698314443055,0.041127080458562844,0.04112717777099317,0.04112727508172226,0.04112737239074656,0.04112746969806565,0.0411275670036799,0.0411276643075876,0.04112776160979065,0.04112785891028714,0.04112795620907657,0.04112805350615632,0.04112815080153034,0.04112824809519571,0.04112834538715176,0.041128442677397056,0.04112853996593289,0.04112863725275811,0.04112873453787187,0.04112883182127416,0.04112892910296405,0.04112902638294054,0.0411291236612031,0.04112922093775149,0.04112931821258558,0.04112941548570485,0.04112951275710793,0.04112961002679471,0.04112970729476154,0.041129804561013804,0.041129901825546995,0.04112999908836297,0.041130096349459765,0.041130193608837094,0.04113029086649544,0.04113038812243173,0.04113048537664689,0.041130582629139524,0.041130679879910405,0.04113077712895865,0.04113087437628306,0.041130971621883096,0.04113106886576082,0.04113116610791198,0.04113126334833827,0.04113136058703685,0.04113145782400918,0.04113155505925386,0.041131652292770896,0.04113174952455912,0.041131846754618444,0.04113194398294939,0.041132041209549,0.04113213843441777,0.04113223565755604,0.04113233287896193,0.04113243009863456,0.041132527316576094,0.04113262453278324,0.041132721747259654,0.04113281895999737,0.04113291617100064,0.04113301338026811,0.04113311058779867,0.04113320779359335,0.04113330499765062,0.04113340219997118,0.04113349940055184,0.04113359659939352,0.04113369379649882,0.04113379099186298,0.04113388818548394,0.041133985377364034,0.041134082567501874,0.04113417975589884,0.04113427694255179,0.04113437412746094,0.041134471310626045,0.04113456849204639,0.041134665671721804,0.04113476284965141,0.04113486002583602,0.04113495720027419,0.04113505437296313,0.04113515154390406,0.04113524871309581,0.04113534588053894,0.04113544304623248,0.04113554021017569,0.04113563737236792,0.04113573453280952,0.04113583169149836,0.0411359288484367,0.041136026003621616,0.041136123157051604,0.04113622030872661,0.04113631745864908,0.04113641460681642,0.0411365117532266,0.04113660889787997,0.041136706040779035,0.04113680318192003,0.04113690032129906,0.041136997458921375,0.041137094594784124,0.04113719172888681,0.0411372888612289,0.041137385991810806,0.04113748312063069,0.041137580247685254,0.041137677372982455,0.041137774496514776,0.041137871618284964,0.04113796873829078,0.041138065856529696,0.04113816297300297,0.041138260087710286,0.041138357200650864,0.041138454311824675,0.041138551421230816,0.04113864852886866,0.04113874563473934,0.04113884273883831,0.04113893984116782,0.04113903694172697,0.04113913404051475,0.041139231137530916,0.04113932823277478,0.04113942532624769,0.041139522417947,0.0411396195078707,0.04113971659601989,0.04113981368239458,0.04113991076699317,0.041140007849815426,0.04114010493086056,0.04114020201012864,0.04114029908761905,0.04114039616333076,0.04114049323726484,0.041140590309419516,0.04114068737979227,0.041140784448385204,0.041140881515195925,0.04114097858022733,0.04114107564347327,0.041141172704936474,0.041141269764618044,0.041141366822513764,0.041141463878629964,0.04114156093295552,0.04114165798549643,0.04114175503625016,0.04114185208521597,0.04114194913239478,0.0411420461777862,0.04114214322139013,0.04114224026320268,0.04114233730322532,0.0411424343414611,0.0411425313779028,0.041142628412553395,0.04114272544541112,0.041142822476475244,0.041142919505747035,0.04114301653322659,0.04114311355890916,0.0411432105827977,0.041143307604893486,0.041143404625190276,0.04114350164368954,0.04114359866039333,0.04114369567529839,0.04114379268840518,0.04114388969971319,0.04114398670922171,0.04114408371693016,0.0411441807228366,0.04114427772694908,0.041144374729253565,0.041144471729755834,0.041144568728453575,0.04114466572534915,0.04114476272044025,0.041144859713727784,0.041144956705209824,0.041145053694888134,0.04114515068276021,0.04114524766882335,0.04114534465307903,0.04114544163552576,0.041145538616164774,0.04114563559499462,0.04114573257201577,0.041145829547231415,0.04114592652063051,0.04114602349221731,0.041146120461988636,0.04114621742995129,0.04114631439610072,0.04114641136043623,0.04114650832295796,0.041146605283664504,0.0411467022425558,0.041146799199632864,0.04114689615488666,0.04114699310832994,0.041147090059953935,0.041147187009759535,0.04114728395774641,0.041147380903913816,0.041147477848261026,0.04114757479079386,0.04114767173150162,0.041147768670386276,0.041147865607449985,0.04114796254268869,0.04114805947610445,0.041148156407695737,0.0411482533374626,0.0411483502654046,0.04114844719152087,0.04114854411581089,0.04114864103827504,0.04114873795891111,0.04114883487771917,0.04114893179469985,0.04114902870985218,0.041149125623173015,0.04114922253466515,0.04114931944432996,0.04114941635215824,0.04114951325815467,0.041149610162318544,0.04114970706464952,0.041149803965147856,0.0411499008638113,0.041149997760639684,0.04115009465563296,0.04115019154879027,0.041150288440112696,0.04115038532959663,0.041150482217243,0.04115057910305095,0.04115067598701824,0.04115077286914449,0.041150869749434674,0.04115096662788456,0.04115106350449383,0.04115116037926116,0.04115125725218472,0.0411513541232674,0.04115145099250681,0.04115154785990235,0.04115164472545343,0.04115174158915976,0.04115183845102071,0.04115193531103642,0.041152032169204565,0.04115212902552525,0.04115222587999836,0.04115232273262048,0.041152419583394766,0.04115251643232432,0.04115261327939767,0.04115271012462369,0.04115280696799843,0.04115290380951936,0.0411530006491899,0.041153097487007496,0.04115319432297213,0.041153291157082696,0.04115338798933834,0.041153484819739045,0.04115358164828408,0.04115367847497291,0.04115377529980585,0.04115387212278031,0.04115396894389701,0.041154065763154765,0.04115416258055391,0.04115425939609136,0.04115435620977085,0.04115445302158939,0.041154549831546414,0.041154646639641926,0.04115474344587468,0.04115484025024171,0.04115493705274649,0.04115503385338776,0.04115513065216651,0.04115522744907884,0.04115532424412511,0.041155421037306635,0.04115551782861976,0.04115561461806355,0.04115571140563985,0.04115580819134855,0.04115590497518832,0.0411560017571584,0.041156098537258,0.041156195315488676,0.04115629209184611,0.04115638886632951,0.0411564856389425,0.04115658240968223,0.04115667917854714,0.041156775945539036,0.041156872710655795,0.041156969473897465,0.04115706623526273,0.04115716299475178,0.0411572597523646,0.04115735650809955,0.041157453261955794,0.04115755001393202,0.041157646764030414,0.041157743512249115,0.041157840258587555,0.04115793700304231,0.04115803374561806,0.04115813048631152,0.04115822722512255,0.041158323962050464,0.041158420697098096,0.041158517430256274,0.04115861416152923,0.04115871089091857,0.04115880761842255,0.04115890434403921,0.04115900106776632,0.04115909778960833,0.04115919450956434,0.041159291227629506,0.041159387943803666,0.04115948465808977,0.04115958137048535,0.041159678080989845,0.041159774789601006,0.04115987149632208,0.04115996820115042,0.04116006490408222,0.04116016160512357,0.04116025830427031,0.041160355001520585,0.04116045169687344,0.0411605483903344,0.041160645081898546,0.0411607417715658,0.04116083845933539,0.04116093514520628,0.04116103182917864,0.04116112851125297,0.04116122519142634,0.0411613218696975,0.041161418546069084,0.04116151522053712,0.041161611893103627,0.04116170856377113,0.04116180523253615,0.04116190189939503,0.04116199856434946,0.04116209522739873,0.04116219188854317,0.0411622885477812,0.04116238520511282,0.04116248186053739,0.041162578514054096,0.04116267516566267,0.0411627718153682,0.041162868463159044,0.04116296510904277,0.04116306175301342,0.04116315839507589,0.041163255035223945,0.04116335167346021,0.04116344830978853,0.04116354494420434,0.04116364157670104,0.04116373820728204,0.04116383483594957,0.04116393146270206,0.04116402808754347,0.04116412471046938,0.04116422133147283,0.04116431795056445,0.04116441456772727,0.041164511182976454,0.04116460779630628,0.04116470440771672,0.041164801017206376,0.041164897624775744,0.04116499423042561,0.0411650908341517,0.041165187435956055,0.04116528403583689,0.04116538063379406,0.04116547722982991,0.04116557382393832,0.04116567041612738,0.04116576700638503,0.04116586359472202,0.04116596018112682,0.041166056765604093,0.04116615334815379,0.04116624992877471,0.04116634650747212,0.04116644308423461,0.04116653965906723,0.04116663623196925,0.04116673280293881,0.041166829371977805,0.04116692593908206,0.04116702250425913,0.04116711906750498,0.04116721562881276,0.04116731218818869,0.04116740874563133,0.041167505301138135,0.04116760185470436,0.0411676984063339,0.04116779495602574,0.0411678915037833,0.041167988049605836,0.04116808459348839,0.04116818113542713,0.04116827767542589,0.04116837421348303,0.04116847074960089,0.04116856728378282,0.041168663816016665,0.04116876034631132,0.04116885687465757,0.04116895340106331,0.04116904992552458,0.04116914644804121,0.04116924296861315,0.04116933948724377,0.0411694360039278,0.041169532518665584,0.041169629031449266,0.04116972554228236,0.04116982205117192,0.0411699185581114,0.0411700150631018,0.04117011156614299,0.041170208067232705,0.04117030456637511,0.0411704010635667,0.04117049755880446,0.04117059405209105,0.04117069054342009,0.0411707870327897,0.04117088352021122,0.04117098000567506,0.04117107648918549,0.04117117297074591,0.04117126945034578,0.04117136592799259,0.04117146240368187,0.04117155887740773,0.041171655349178056,0.04117175181898605,0.04117184828683479,0.041171944752726335,0.04117204121665427,0.04117213767861981,0.04117223413862539,0.04117233059666686,0.041172427052752404,0.041172523506871804,0.041172619959024215,0.04117271640921293,0.04117281285744037,0.04117290930369972,0.04117300574799607,0.041173102190322046,0.041173198630684,0.04117329506907507,0.041173391505503934,0.04117348793995811,0.04117358437243843,0.04117368080295453,0.04117377723149925,0.041173873658078744,0.04117397008268392,0.04117406650531537,0.041174162925976095,0.041174259344663275,0.041174355761381044,0.041174452176120556,0.041174548588885015,0.041174644999675505,0.041174741408494205,0.041174837815334646,0.041174934220195296,0.041175030623083496,0.04117512702399293,0.04117522342292511,0.041175319819876925,0.04117541621484861,0.04117551260784112,0.04117560899885305,0.04117570538788937,0.0411758017749436,0.04117589816001204,0.04117599454309776,0.041176090924201325,0.04117618730332406,0.04117628368046117,0.041176380055612666,0.04117647642877854,0.041176572799959885,0.04117666916915655,0.041176765536366296,0.041176861901588965,0.04117695826482658,0.041177054626073524,0.04117715098533252,0.04117724734260908,0.04117734369788967,0.04117744005117898,0.04117753640248,0.04117763275177877,0.041177729099094805,0.04117782544442635,0.04117792178775741,0.04117801812909767,0.041178114468443,0.04117821080579771,0.04117830714115496,0.04117840347452108,0.04117849980588725,0.04117859613525606,0.041178692462629535,0.04117878878800574,0.04117888511138413,0.04117898143276634,0.04117907775215016,0.0411791740695327,0.04117927038491509,0.04117936669829667,0.041179463009677945,0.0411795593190581,0.04117965562643723,0.04117975193181187,0.04117984823518452,0.041179944536553624,0.04118004083591861,0.04118013713327678,0.04118023342863199,0.041180329721983176,0.04118042601332832,0.041180522302667964,0.04118061858999989,0.04118071487532419,0.041180811158642236,0.04118090743994641,0.041181003719244415,0.04118109999653406,0.04118119627181408,0.04118129254508404,0.04118138881634239,0.04118148508558952,0.041181581352825375,0.041181677618047814,0.04118177388125777,0.041181870142453954,0.04118196640163486,0.04118206265880274,0.04118215891395519,0.0411822551670919,0.041182351418213185,0.041182447667318184,0.041182543914405165,0.041182640159479186,0.04118273640252948,0.04118283264356291,0.04118292888258245,0.041183025119584236,0.04118312135455975,0.04118321758751484,0.041183313818448274,0.04118341004736002,0.041183506274248084,0.041183602499115395,0.04118369872195971,0.041183794942782084,0.04118389116157947,0.041183987378352375,0.04118408359310013,0.04118417980582468,0.04118427601652088,0.041184372225189746,0.04118446843183321,0.04118456463644831,0.04118466083903543,0.041184757039593185,0.04118485323812253,0.0411849494346231,0.04118504562909191,0.04118514182153175,0.041185238011942266,0.04118533420032168,0.041185430386666666,0.04118552657098068,0.04118562275325981,0.041185718933506935,0.04118581511172023,0.041185911287900556,0.04118600746204011,0.041186103634142004,0.04118619980421313,0.04118629597224872,0.0411863921382364,0.04118648830220075,0.0411865844641242,0.041186680624011006,0.04118677678186248,0.0411868729376694,0.04118696909143672,0.041187065243163894,0.04118716139285005,0.0411872575404935,0.04118735368609686,0.04118744982965781,0.04118754597117623,0.04118764211065195,0.041187738248083305,0.04118783438347057,0.041187930516818745,0.0411880266481141,0.04118812277736512,0.04118821890456485,0.04118831502972552,0.041188411152833865,0.041188507273892894,0.04118860339291053,0.041188699509879204,0.041188795624794876,0.04118889173766341,0.04118898784848258,0.041189083957252515,0.041189180063970814,0.0411892761686371,0.04118937227125273,0.04118946837181452,0.041189564470322945,0.041189660566778086,0.04118975666118187,0.04118985275352979,0.04118994884382282,0.041190044932060105,0.04119014101824231,0.04119023710236723,0.04119033318443615,0.04119042926444805,0.04119052534240255,0.04119062141829128,0.04119071749212848,0.04119081356390581,0.04119090963362334,0.04119100570128183,0.04119110176687898,0.041191197830416165,0.04119129389189402,0.041191389951305515,0.04119148600865657,0.04119158206394466,0.04119167811716913,0.04119177416833017,0.04119187021742602,0.04119196626445768,0.04119206230942289,0.041192158352321574,0.0411922543931562,0.0411923504319244,0.041192446468628664,0.041192542503262305,0.04119263853582708,0.04119273456632394,0.04119283059475207,0.041192926621109405,0.04119302264539744,0.041193118667613125,0.041193214687758994,0.041193310705835026,0.04119340672183942,0.04119350273577077,0.041193598747629186,0.041193694757414266,0.041193790765125825,0.04119388677076293,0.0411939827743257,0.04119407877581311,0.041194174775224905,0.041194270772560014,0.041194366767819235,0.04119446276100272,0.041194558752105495,0.0411946547411327,0.04119475072808007,0.041194846712950026,0.04119494269574041,0.04119503867644872,0.041195134655077986,0.04119523063162702,0.04119532660609548,0.04119542257848266,0.04119551854878779,0.04119561451701014,0.04119571048314943,0.04119580644720574,0.041195902409179405,0.04119599836906703,0.041196094326870374,0.04119619028258841,0.041196286236220125,0.0411963821877662,0.04119647813722488,0.04119657408459566,0.04119667002987932,0.04119676597307614,0.041196861914182925,0.041196957853201516,0.0411970537901309,0.04119714972497053,0.04119724565771948,0.04119734158837743,0.04119743751694458,0.0411975334434204,0.041197629367803544,0.04119772529008776,0.041197821210285236,0.04119791712838871,0.04119801304439884,0.04119810895831449,0.04119820487013573,0.041198300779861995,0.04119839668749151,0.04119849259302571,0.04119858849646277,0.04119868439780215,0.041198780297042284,0.04119887619418639,0.04119897208923208,0.04119906798217882,0.041199163873026405,0.04119925976177152,0.04119935564841897,0.04119945153296441,0.04119954741541003,0.04119964329575388,0.0411997391739942,0.04119983505013357,0.041199930924169265,0.04120002679610191,0.0412001226659311,0.04120021853365591,0.0412003143992754,0.04120041026278853,0.041200506124197005,0.04120060198350073,0.04120069784069757,0.04120079369578781,0.04120088954877139,0.04120098539964614,0.04120108124841271,0.04120117709505346,0.0412012729396026,0.04120136878204136,0.041201464622370204,0.04120156046058868,0.04120165629669647,0.04120175213069343,0.04120184796257807,0.041201943792345375,0.04120203962000362,0.04120213544554996,0.0412022312689825,0.04120232709030108,0.041202422909505404,0.04120251872659525,0.0412026145415653,0.04120271035442063,0.04120280616516287,0.04120290197378748,0.041202997780296034,0.04120309358468779,0.04120318938696093,0.04120328518711563,0.04120338098515156,0.04120347678106841,0.041203572574860826,0.041203668366537466,0.04120376415609448,0.041203859943529916,0.041203955728843736,0.041204051512036,0.04120414729310528,0.041204243072052706,0.0412043388488768,0.04120443462357752,0.041204530396153606,0.041204626166605085,0.04120472193493237,0.04120481770113299,0.04120491346521058,0.041205009227161186,0.041205104986984625,0.04120520074468177,0.041205296500250725,0.04120539225369233,0.0412054880050054,0.041205583754190124,0.04120567950124518,0.041205775246170945,0.04120587098896696,0.04120596672963247,0.0412060624681676,0.04120615820457086,0.04120625393884248,0.041206349670981954,0.041206445400988743,0.041206541128862906,0.041206636854603365,0.04120673257821095,0.041206828299683675,0.04120692401902168,0.04120701973622434,0.04120711545129189,0.04120721116422555,0.04120730687502371,0.04120740258368236,0.04120749829020369,0.04120759399458723,0.04120768969683238,0.04120778539693901,0.0412078810949071,0.04120797679073605,0.04120807248442522,0.04120816817597474,0.041208263865386174,0.04120835955265249,0.04120845523777829,0.04120855092076299,0.04120864660160631,0.04120874228030604,0.041208837956863094,0.04120893363127709,0.04120902930354611,0.04120912497367075,0.04120922064165135,0.04120931630748635,0.0412094119711763,0.0412095076327202,0.04120960329211767,0.0412096989493686,0.04120979460447212,0.04120989025742803,0.0412099859082358,0.04121008155689661,0.041210177203407375,0.04121027284776902,0.041210368489980755,0.041210464130042666,0.04121055976795278,0.04121065540371414,0.04121075103732197,0.041210846668779166,0.041210942298084606,0.04121103792523752,0.04121113355023754,0.04121122917308436,0.04121132479377605,0.041211420412314986,0.04121151602869939,0.04121161164292855,0.04121170725500353,0.04121180286492192,0.04121189847268412,0.0412119940782899,0.04121208968173859,0.04121218528302832,0.04121228088216262,0.041212376479138516,0.041212472073955134,0.041212567666612646,0.04121266325710606,0.04121275884544723,0.041212854431625805,0.0412129500156436,0.04121304559750027,0.04121314117719523,0.0412132367547289,0.041213332330100494,0.041213427903309174,0.041213523474355605,0.04121361904323802,0.041213714609956625,0.04121381017451092,0.04121390573690077,0.04121400129712561,0.0412140968551854,0.04121419241107831,0.04121428796480529,0.04121438351636601,0.04121447906575994,0.04121457461298648,0.041214670158045245,0.041214765700934325,0.041214861241656214,0.04121495678020864,0.04121505231659222,0.04121514785080441,0.04121524338284834,0.041215338912721146,0.041215434440423714,0.0412155299659653,0.041215625489325204,0.04121572101051244,0.04121581652952732,0.041215912046369,0.041216007561035196,0.041216103073530186,0.041216198583851144,0.041216294091996196,0.04121638959796808,0.04121648510176474,0.04121658060338608,0.04121667610283104,0.04121677160009893,0.041216867095188875,0.04121696258810471,0.041217058078833385,0.04121715356739252,0.04121724905377326,0.04121734453796865,0.04121744001999183,0.0412175354998354,0.04121763097749892,0.04121772645298253,0.04121782192628406,0.041217917397405796,0.041218012866344335,0.04121810833310298,0.041218203797678224,0.04121829926007213,0.04121839472028318,0.04121849017831085,0.04121858563415466,0.04121868108781439,0.04121877653928854,0.04121887198857932,0.0412189674356848,0.04121906288060425,0.041219158323329674,0.041219253763877105,0.04121934920223781,0.041219444638411505,0.04121954007239737,0.04121963550419543,0.0412197309338054,0.041219826361226536,0.041219921786459425,0.04122001720950189,0.041220112630353474,0.041220208049016,0.04122030346548854,0.04122039887977035,0.04122049429186074,0.04122058970175918,0.04122068510946141,0.04122078051497568,0.041220875918297255,0.04122097131942412,0.041221066718359095,0.04122116211509963,0.04122125750964616,0.04122135290199837,0.041221448292155564,0.04122154368011736,0.04122163906588345,0.041221734449453026,0.04122182983082664,0.041221925210002695,0.041222020586971955,0.0412221159617474,0.04122221133433122,0.0412223067047168,0.04122240207290375,0.04122249743889496,0.04122259280268551,0.041222688164273026,0.04122278352366192,0.04122287888084966,0.04122297423583848,0.041223069588624206,0.04122316493921158,0.04122326028759363,0.041223355633773405,0.04122345097775058,0.041223546319524046,0.04122364165909447,0.041223736996461084,0.04122383233162672,0.04122392766458353,0.041224022995336534,0.04122411832388481,0.041224213650228686,0.04122430897436458,0.04122440429629401,0.04122449961601657,0.041224594933532484,0.04122469024883981,0.041224785561940855,0.04122488087283335,0.041224976181517346,0.041225071487992634,0.041225166792258405,0.041225262094314694,0.04122535739416376,0.04122545269179958,0.04122554798722765,0.04122564328044171,0.04122573857144643,0.04122583386023629,0.04122592914681573,0.041226024431182395,0.04122611971333578,0.04122621499327595,0.04122631027100389,0.04122640554651732,0.041226500819816526,0.041226596090900826,0.04122669135976382,0.041226786626417516,0.04122688189085688,0.041226977153079464,0.04122707241308496,0.04122716767087378,0.04122726292644625,0.04122735817980101,0.04122745343093017,0.04122754867984886,0.04122764392654911,0.041227739171030064,0.04122783441329206,0.04122792965333535,0.041228024891161896,0.04122812012676506,0.04122821536014772,0.041228310591306744,0.04122840582024737,0.041228501046971754,0.04122859627146836,0.04122869149374331,0.04122878671379409,0.041228881931623045,0.041228977147228785,0.0412290723606101,0.041229167571769476,0.04122926278070767,0.04122935798741727,0.04122945319190126,0.04122954839415865,0.041229643594191505,0.04122973879199871,0.04122983398757711,0.04122992918093151,0.04123002437205905,0.04123011956095804,0.04123021474762935,0.041230309932072294,0.04123040511428691,0.04123050029427271,0.04123059547203092,0.04123069064755719,0.04123078582085702,0.041230880991925276,0.04123097616075963,0.041231071327365414,0.041231166491739794,0.04123126165388284,0.041231356813794875,0.04123145197147387,0.041231547126920114,0.04123164228013369,0.041231737431114406,0.04123183257986122,0.041231927726373324,0.04123202287065069,0.0412321180126944,0.04123221315250606,0.041232308290080136,0.041232403425418486,0.04123249855851896,0.04123259368938533,0.04123268881801455,0.0412327839444067,0.04123287906856166,0.041232974190479825,0.041233069310159035,0.041233164427601145,0.041233259542801985,0.041233354655766566,0.04123344976649234,0.041233544874978253,0.04123363998122413,0.04123373508522969,0.04123383018699317,0.04123392528651764,0.041234020383800696,0.04123411547884192,0.04123421057164173,0.041234305662199426,0.041234400750514585,0.04123449583658703,0.04123459092041512,0.041234686002000934,0.04123478108134213,0.04123487615844002,0.04123497123329276,0.041235066305900854,0.0412351613762646,0.04123525644438315,0.04123535151025832,0.04123544657388462,0.041235541635264016,0.041235636694395256,0.04123573175128081,0.0412358268059196,0.04123592185831071,0.04123601690845359,0.04123611195634833,0.041236207001998364,0.04123630204539522,0.041236397086543045,0.04123649212544141,0.04123658716208954,0.041236682196487615,0.041236777228639894,0.041236872258532044,0.04123696728617749,0.04123706231157136,0.041237157334713476,0.04123725235560256,0.041237347374239966,0.04123744239062648,0.04123753740475667,0.04123763241663452,0.04123772742625864,0.04123782243362889,0.04123791743874114,0.04123801244160232,0.04123810744220848,0.04123820244056022,0.04123829743665627,0.04123839243049615,0.04123848742207917,0.041238582411406106,0.04123867739847568,0.04123877238328809,0.04123886736584252,0.041238962346138976,0.04123905732417808,0.041239152299958566,0.041239247273480245,0.04123934224474648,0.041239437213749716,0.04123953218049327,0.04123962714497685,0.041239722107200213,0.04123981706716291,0.04123991202486466,0.04124000698030494,0.04124010193348363,0.04124019688440076,0.041240291833055664,0.04124038677944871,0.04124048172357928,0.04124057666543681,0.04124067160504033,0.04124076654238025,0.04124086147745645,0.041240956410267704,0.04124105134081442,0.041241146269096196,0.041241241195097755,0.04124133611884886,0.04124143104033404,0.041241525959553216,0.04124162087650569,0.04124171579119371,0.04124181070361254,0.04124190561376414,0.04124200052164813,0.041242095427263856,0.04124219033061286,0.041242285231692,0.041242380130501924,0.04124247502704309,0.04124256992131514,0.04124266481331727,0.04124275970304741,0.04124285459050847,0.041242949475707114,0.041243044358627884,0.04124313923927699,0.04124323411765447,0.04124332899375979,0.041243423867593394,0.04124351873915375,0.041243613608442135,0.041243708475457594,0.04124380334019965,0.04124389820266773,0.04124399306286684,0.04124408792078723,0.04124418277643087,0.04124427762980201,0.0412443724808968,0.0412444673297177,0.04124456217626195,0.041244657020531025,0.04124475186252361,0.041244846702239886,0.04124494153967937,0.041245036374846174,0.04124513120773159,0.04124522603834105,0.041245320866670036,0.04124541569272042,0.04124551051649302,0.041245605337985616,0.04124570015720812,0.0412457949741419,0.04124588978879713,0.04124598460117235,0.041246079411267164,0.04124617421908101,0.04124626902461437,0.04124636382786666,0.04124645862883759,0.041246553427526686,0.041246648223938684,0.041246743018063796,0.04124683780991074,0.04124693259946929,0.0412470273867455,0.04124712217173736,0.04124721695444583,0.04124731173487172,0.04124740651301117,0.04124750128886706,0.041247596062438024,0.04124769083372335,0.04124778560272735,0.041247880369442,0.0412479751338709,0.0412480698960181,0.04124816465587401,0.04124825941344292,0.04124835416872428,0.04124844892171863,0.04124854367242333,0.04124863842084214,0.041248733166972126,0.041248827910814065,0.04124892265236692,0.04124901739162882,0.041249112128604284,0.0412492068632904,0.04124930159568075,0.04124939632578584,0.0412494910536003,0.04124958577912372,0.0412496805023564,0.04124977522329746,0.041249869941953766,0.0412499646583119,0.04125005937237778,0.04125015408415078,0.041250248793631435,0.041250343500819076,0.041250438205712406,0.04125053290831579,0.041250627608622976,0.04125072230663639,0.04125081700235514,0.04125091169577907,0.041251006386907416,0.04125110107574153,0.04125119576228014,0.041251290446523176,0.04125138512846968,0.041251479808119766,0.041251574485474146,0.04125166916053204,0.04125176383329258,0.0412518585037548,0.041251953171920444,0.041252047837785806,0.04125214250135546,0.041252237162625695,0.0412523318215983,0.04125242647827308,0.04125252113264836,0.04125261578472081,0.04125271043449615,0.04125280508197546,0.04125289972715051,0.041252994370007796,0.04125308901058111,0.041253183648853824,0.04125327828482214,0.041253372918491904,0.04125346754986213,0.04125356217892814,0.041253656805691756,0.04125375143015281,0.04125384605231045,0.04125394067216525,0.041254035289716676,0.041254129904963986,0.04125422451791029,0.0412543191285473,0.04125441373688231,0.041254508342912895,0.04125460294664084,0.041254697548059986,0.04125479214717445,0.04125488674398259,0.04125498133848787,0.041255075930684025,0.04125517052057384,0.04125526510815682,0.04125535969343552,0.04125545427640432,0.041255548857065255,0.041255643435418446,0.04125573801146374,0.04125583258520061,0.04125592715662716,0.0412560217257473,0.04125611629254912,0.04125621085704981,0.04125630541924689,0.04125639997913081,0.04125649453670114,0.04125658909196167,0.041256683644911564,0.041256778195553734,0.041256872743881706,0.04125696728989811,0.041257061833602435,0.04125715637499689,0.041257250914077455,0.04125734545084468,0.0412574399852952,0.041257534517437904,0.04125762904726954,0.041257723574786014,0.041257818099994015,0.041257912622882274,0.04125800714345655,0.04125810166171338,0.04125819617765855,0.04125829069128774,0.04125838520260222,0.04125847971160132,0.041258574218284966,0.04125866872265277,0.04125876322470629,0.04125885772443985,0.04125895222185782,0.04125904671695996,0.041259141209744936,0.041259235700213635,0.04125933018836192,0.04125942467419204,0.04125951915770566,0.041259613638900156,0.041259708117773616,0.041259802594332456,0.04125989706857051,0.041259991540489274,0.04126008601008855,0.04126018047736958,0.04126027494232746,0.0412603694049661,0.04126046386528492,0.04126055832328214,0.041260652778958004,0.041260747232312836,0.04126084168334493,0.04126093613205358,0.04126103057844368,0.04126112502251076,0.04126121946425532,0.041261313903676475,0.04126140834077603,0.04126150277555373,0.04126159720800723,0.041261691638135124,0.041261786065948866,0.04126188049142881,0.04126197491458455,0.04126206933541736,0.04126216375391844,0.04126225817010061,0.04126235258395899,0.04126244699548893,0.0412625414046916,0.04126263581156955,0.04126273021612101,0.041262824618346024,0.04126291901824421,0.04126301341581512,0.04126310781105871,0.041263202203974295,0.04126329659456335,0.0412633909828239,0.041263485368756306,0.04126357975236025,0.04126367413363367,0.041263768512579964,0.041263862889199095,0.041263957263484266,0.04126405163544249,0.04126414600507102,0.041264240372369296,0.041264334737337274,0.04126442909997519,0.0412645234602823,0.04126461781825785,0.041264712173900424,0.04126480652721352,0.041264900878195045,0.04126499522684443,0.04126508957316238,0.041265183917147244,0.04126527825879818,0.04126537259811802,0.04126546693510502,0.04126556126975775,0.04126565560208542,0.04126574993207129,0.04126584425972307,0.041265938585037625,0.041266032908021645,0.04126612722866999,0.04126622154698504,0.04126631586296369,0.0412664101766067,0.04126650448791363,0.04126659879688541,0.0412666931035215,0.04126678740781977,0.041266881709784875,0.04126697600941113,0.041267070306700925,0.04126716460165591,0.04126725889427547,0.04126735318455325,0.04126744747249325,0.04126754175809514,0.04126763604136344,0.0412677303222875,0.04126782460087413,0.04126791887712295,0.04126801315103039,0.041268107422601646,0.0412682016918299,0.041268295958720336,0.04126839022327047,0.041268484485483564,0.04126857874535276,0.04126867300288217,0.041268767258070244,0.04126886151091762,0.041268955761423524,0.04126905000959026,0.04126914425540439,0.04126923849888554,0.04126933274002363,0.04126942697882018,0.041269521215273074,0.04126961544938542,0.041269709681154586,0.04126980391057898,0.04126989813765989,0.041269992362395695,0.04127008658478905,0.04127018080483298,0.04127027502253651,0.041270369237896856,0.04127046345091259,0.04127055766158353,0.041270651869910746,0.04127074607589896,0.04127084027953306,0.041270934480831425,0.04127102867977452,0.04127112287636303,0.04127121707061825,0.041271311262521766,0.04127140545207887,0.041271499639297084,0.04127159382415935,0.041271688006674044,0.041271782186843055,0.041271876364662494,0.04127197054013316,0.0412720647132602,0.0412721588840351,0.041272253052460586,0.04127234721853734,0.041272441382267926,0.041272535543646266,0.041272629702674805,0.04127272385935515,0.04127281801368726,0.041272912165666954,0.041273006315296776,0.04127310046257444,0.041273194607501555,0.0412732887500781,0.04127338289030269,0.04127347702817577,0.04127357116369642,0.04127366529686778,0.04127375942768595,0.04127385355615245,0.04127394768226571,0.041274041806024,0.04127413592743259,0.04127423004648524,0.041274324163190254,0.04127441827753867,0.041274512389533155,0.0412746064991735,0.04127470060646018,0.04127479471139053,0.04127488881396839,0.04127498291419017,0.04127507701205764,0.04127517110757545,0.04127526520073413,0.0412753592915365,0.0412754533799833,0.04127554746607438,0.04127564154980962,0.041275735631188824,0.04127582971021171,0.041275923786878256,0.04127601786118839,0.04127611193314253,0.04127620600273935,0.041276300069977276,0.041276394134857355,0.04127648819737979,0.04127658225754382,0.0412766763153496,0.041276770370797314,0.04127686442388893,0.041276958474619374,0.04127705252299167,0.041277146569004025,0.041277240612657466,0.041277334653949116,0.04127742869288241,0.04127752272945589,0.04127761676366316,0.04127771079551622,0.04127780482500871,0.041277898852140345,0.041277992876911036,0.04127808689932063,0.0412781809193674,0.041278274937054535,0.0412783689523805,0.0412784629653439,0.04127855697594662,0.04127865098418462,0.04127874499006143,0.0412788389935753,0.04127893299472633,0.04127902699351508,0.04127912098994239,0.041279214984016106,0.041279308975711394,0.041279402965045564,0.04127949695201577,0.04127959093662268,0.04127968491886235,0.04127977889874035,0.04127987287625292,0.04127996685140093,0.04128006082418403,0.04128015479459889,0.041280248762652016,0.041280342728342995,0.041280436691663674,0.041280530652619135,0.041280624611206004,0.0412807185674284,0.0412808125212842,0.04128090647277418,0.04128100042189631,0.04128109436865137,0.04128118831303942,0.04128128225506048,0.04128137619471386,0.041281470131990836,0.04128156406690782,0.04128165799946289,0.04128175192964298,0.041281845857454806,0.04128193978290769,0.04128203370597996,0.0412821276266846,0.04128222154502152,0.04128231546098786,0.04128240937458391,0.041282503285813,0.04128259719467018,0.04128269110115957,0.04128278500527641,0.04128287890702265,0.0412829728063978,0.041283066703402066,0.041283160598035426,0.04128325449029706,0.04128334838018802,0.041283442267704945,0.04128353615285221,0.04128363003562826,0.041283723916031155,0.04128381779407194,0.04128391166973022,0.041284005543016436,0.04128409941392809,0.041284193282467956,0.04128428714863654,0.041284381012429594,0.04128447487384944,0.041284568732893434,0.04128466258956272,0.041284756443859816,0.04128485029578379,0.04128494414533557,0.041285037992508954,0.041285131837307316,0.041285225679731016,0.04128531951978136,0.04128541335745389,0.0412855071927532,0.041285601025677944,0.041285694856228156,0.04128578868440548,0.04128588251020042,0.041285976333619565,0.041286070154664595,0.04128616397333139,0.04128625778962117,0.04128635160353424,0.041286445415070906,0.041286539224229646,0.04128663303101079,0.04128672683541931,0.04128682063744517,0.04128691443709397,0.04128700823436699,0.04128710202925858,0.041287195821771476,0.04128728961190647,0.04128738339966111,0.04128747718504062,0.041287570968037424,0.041287664748652676,0.041287758526890865,0.04128785230275053,0.04128794607623093,0.04128803984733015,0.04128813361604999,0.04128822738238875,0.0412883211463462,0.04128841490792374,0.04128850866712088,0.04128860242393802,0.04128869617837202,0.04128878993042434,0.04128888368009597,0.04128897742738778,0.04128907117229562,0.04128916491482243,0.041289258654969345,0.04128935239273159,0.04128944612811558,0.04128953986111309,0.041289633591726375,0.04128972731994928,0.04128982104579803,0.0412899147692661,0.04129000849034795,0.041290102209047747,0.041290195925361935,0.04129028963929304,0.041290383350837054,0.04129047706000072,0.041290570766779354,0.041290664471172765,0.04129075817318293,0.04129085187280886,0.0412909455700497,0.04129103926490394,0.0412911329573739,0.04129122664745775,0.041291320335155576,0.04129141402046602,0.041291507703392405,0.041291601383933195,0.041291695062087935,0.04129178873785481,0.04129188241123762,0.0412919760822338,0.041292069750841855,0.04129216341706285,0.04129225708089905,0.041292350742347314,0.041292444401405295,0.04129253805807661,0.04129263171236196,0.04129272536425765,0.041292819013765115,0.041292912660885445,0.041293006305616456,0.041293099947961855,0.041293193587915875,0.041293287225481944,0.041293380860658174,0.04129347449344525,0.04129356812384259,0.041293661751850945,0.041293755377469495,0.04129384900069968,0.041293942621538834,0.04129403623998813,0.041294129856046816,0.0412942234697167,0.04129431708099505,0.041294410689882134,0.041294504296373,0.04129459790047883,0.04129469150219295,0.041294785101516546,0.04129487869844873,0.04129497229298885,0.04129506588513044,0.04129515947488709,0.04129525306225232,0.041295346647220156,0.04129544022980108,0.041295533809986906,0.04129562738778948,0.041295720963192416,0.041295814536202465,0.041295908106822495,0.041296001675048204,0.041296095240880216,0.04129618880431647,0.04129628236536036,0.04129637592401048,0.04129646948027057,0.041296563034133635,0.041296656585600666,0.04129675013467807,0.04129684368135941,0.04129693722564442,0.04129703076754176,0.04129712430703727,0.04129721784413647,0.04129731137884051,0.04129740491114986,0.04129749844106651,0.0412975919685851,0.04129768549371088,0.04129777901643721,0.04129787253677089,0.04129796605470654,0.04129805957024695,0.04129815308338984,0.04129824659413473,0.04129834010248315,0.04129843360844202,0.04129852711199656,0.04129862061315403,0.04129871411191425,0.04129880760827786,0.04129890110224473,0.041298994593809736,0.04129908808298268,0.04129918156975628,0.04129927505413176,0.04129936853610997,0.04129946201568734,0.04129955549286565,0.04129964896764578,0.041299742440037764,0.04129983591002045,0.04129992937760569,0.04130002284279064,0.04130011630557747,0.04130020976596439,0.041300303223951756,0.04130039667953846,0.0413004901327253,0.04130058358351377,0.04130067703190241,0.041300770477895994,0.0413008639214829,0.04130095736266867,0.04130105080145986,0.041301144237844166,0.04130123767182813,0.04130133110341195,0.041301424532594784,0.04130151795937736,0.04130161138375611,0.04130170480573328,0.041301798225308786,0.041301891642483914,0.04130198505725711,0.04130207846962828,0.04130217187959687,0.041302265287162014,0.04130235869232767,0.041302452095087774,0.04130254549544681,0.041302638893401356,0.04130273228895809,0.04130282568210657,0.041302919072859774,0.04130301246120158,0.04130310584714137,0.041303199230676095,0.04130329261180701,0.04130338599053421,0.041303479366857326,0.04130357274077639,0.04130366611229053,0.04130375948140215,0.04130385284810797,0.04130394621240917,0.04130403957430647,0.041304132933798005,0.041304226290884635,0.041304319645568674,0.04130441299784874,0.04130450634771955,0.04130459969518672,0.041304693040246254,0.041304786382900215,0.04130487972314821,0.04130497306099083,0.04130506639642673,0.041305159729456406,0.04130525306007971,0.041305346388298046,0.04130543971410873,0.041305533037510604,0.04130562635850874,0.0413057196770984,0.04130581299327619,0.04130590630705236,0.04130599961842238,0.041306092927384366,0.04130618623393722,0.041306279538083475,0.04130637283982033,0.04130646613915157,0.041306559436072705,0.04130665273058772,0.041306746022692443,0.04130683931239019,0.04130693259967792,0.04130702588455855,0.041307119167030386,0.04130721244709329,0.04130730572474561,0.04130739899999022,0.041307492272825666,0.0413075855432518,0.04130767881126836,0.041307772076876,0.041307865340074836,0.041307958600860534,0.04130805185923879,0.04130814511520597,0.04130823836876326,0.04130833161990835,0.04130842486864466,0.04130851811496819,0.04130861135888324,0.04130870460038786,0.04130879783947418,0.04130889107615591,0.04130898431042714,0.0413090775422878,0.04130917077173657,0.04130926399877378,0.04130935722339987,0.04130945044561361,0.04130954366541591,0.041309636882804666,0.04130973009778122,0.041309823310349485,0.04130991652050316,0.04131000972824557,0.0413101029335734,0.04131019613648961,0.041310289336993246,0.041310382535082374,0.04131047573075847,0.041310568924022,0.04131066211487364,0.04131075530331143,0.0413108484893363,0.04131094167294611,0.04131103485414849,0.041311128032932416,0.04131122120930245,0.041311314383258704,0.0413114075547998,0.04131150072393153,0.04131159389064738,0.04131168705494647,0.04131178021682552,0.04131187337629592,0.041311966533350085,0.0413120596879894,0.04131215284020926,0.04131224599001798,0.041312339137418205,0.041312432282398566,0.04131252542495376,0.04131261856510204,0.04131271170283632,0.04131280483815512,0.04131289797105632,0.04131299110154333,0.04131308422961433,0.04131317735526923,0.04131327047850636,0.04131336359932881,0.041313456717734814,0.041313549833724345,0.041313642947295656,0.04131373605845197,0.041313829167187545,0.04131392227350994,0.041314015377415,0.041314108478907,0.04131420157797806,0.041314294674632004,0.04131438776886673,0.041314480860683886,0.04131457395008497,0.04131466703706822,0.04131476012162488,0.0413148532037737,0.04131494628350319,0.04131503936081455,0.041315132435707703,0.04131522550818242,0.041315318578238676,0.041315411645876335,0.04131550471109552,0.04131559777389576,0.04131569083427826,0.04131578389224071,0.04131587694778407,0.04131597000090836,0.041316063051613464,0.041316156099899255,0.041316249145764865,0.04131634218921154,0.04131643523023311,0.04131652826884119,0.041316621305028334,0.04131671433879559,0.041316807370144544,0.041316900399070086,0.04131699342557686,0.041317086449663205,0.04131717947132894,0.04131727249057437,0.041317365507399395,0.04131745852180351,0.04131755153378706,0.04131764454330586,0.04131773755044747,0.04131783055516777,0.041317923557467065,0.041318016557344836,0.041318109554801065,0.04131820254983984,0.04131829554245297,0.041318388532644405,0.04131848152041404,0.04131857450576185,0.041318667488691375,0.041318760469195415,0.041318853447276996,0.04131894642293506,0.04131903939617196,0.04131913236698687,0.04131922533537913,0.041319318301346566,0.04131941126489323,0.041319504226017316,0.04131959718471543,0.041319690140994916,0.04131978309485005,0.04131987604628205,0.04131996899529048,0.04132006194188009,0.04132015488604241,0.04132024782778109,0.041320340767087196,0.041320433703982154,0.0413205266384505,0.04132061957049325,0.04132071250011223,0.04132080542730993,0.04132089835208075,0.041320991274427225,0.04132108419434936,0.041321177111847775,0.041321270026920376,0.041321362939568985,0.04132145584979284,0.04132154875759075,0.04132164166296431,0.041321734565913044,0.04132182746643717,0.04132192036453752,0.04132201326021015,0.04132210615345856,0.04132219904428205,0.04132229193269191,0.04132238481866377,0.04132247770221002,0.04132257058333206,0.041322663462026926,0.04132275633829595,0.04132284921213873,0.041322942083555456,0.04132303495254594,0.04132312781911044,0.04132322068324853,0.041323313544960764,0.041323406404245644,0.0413234992611039,0.04132359211552716,0.041323684967531985,0.041323777817117026,0.04132387066426675,0.041323963508988315,0.04132405635128505,0.0413241491911549,0.041324242028597497,0.04132433486361257,0.041324427696200074,0.04132452052636036,0.0413246133540926,0.04132470617940144,0.041324799002278416,0.04132489182273111,0.04132498464075223,0.04132507745634551,0.04132517026951055,0.04132526308024738,0.041325355888553926,0.04132544869443421,0.0413255414978862,0.04132563429891065,0.04132572709750257,0.041325819893669256,0.041325912687407124,0.04132600547871199,0.04132609826759182,0.04132619105404255,0.041326283838059925,0.0413263766196527,0.041326469398816,0.04132656217555036,0.041326654949853506,0.04132674772172871,0.04132684049117408,0.04132693325819069,0.041327026022776596,0.04132711878493183,0.04132721154465863,0.041327304301955456,0.04132739705682128,0.041327489809257975,0.0413275825592654,0.041327675306838854,0.0413277680519847,0.04132786079470028,0.04132795353498561,0.041328046272840306,0.041328139008264576,0.04132823174125772,0.04132832447182159,0.04132841719995347,0.0413285099256546,0.04132860264892474,0.04132869536976282,0.04132878808816487,0.041328880804140294,0.04132897351767647,0.04132906622879054,0.041329158937477475,0.04132925164372857,0.04132934434754924,0.04132943704893498,0.04132952974789114,0.041329622444429226,0.04132971513852225,0.04132980783018309,0.04132990051941183,0.04132999320620733,0.04133008589056947,0.041330178572497316,0.0413302712519969,0.04133036392906423,0.04133045660370248,0.041330549275904266,0.041330641945673326,0.04133073461301104,0.041330827277919965,0.041330919940393326,0.04133101260043295,0.041331105258040825,0.04133119791321128,0.04133129056595497,0.041331383216263236,0.041331475864135665,0.041331568509576394,0.04133166115258329,0.04133175379315781,0.04133184643129909,0.041331939067007155,0.04133203170027901,0.04133212433112319,0.041332216959529405,0.0413323095855072,0.04133240220904557,0.041332494830150605,0.04133258744882048,0.041332680065056866,0.04133277267886147,0.04133286529022961,0.04133295789915909,0.04133305050565199,0.041333143109717654,0.04133323571135011,0.041333328310553,0.04133342090731289,0.041333513501638615,0.041333606093534765,0.04133369868299121,0.04133379127001306,0.04133388385460053,0.0413339764367599,0.04133406901647649,0.041334161593759265,0.04133425416860537,0.04133434674101623,0.04133443931099491,0.04133453187853498,0.04133462444363973,0.04133471700630931,0.04133480956654294,0.041334902124348157,0.0413349946797104,0.04133508723263541,0.0413351797831177,0.041335272331173616,0.04133536487679337,0.04133545741997581,0.041335549960726976,0.04133564249903663,0.041335735034919434,0.04133582756835661,0.04133592009936305,0.04133601262792808,0.04133610515405606,0.04133619767775069,0.04133629019901882,0.04133638271783824,0.04133647523422132,0.04133656774816623,0.04133666025967796,0.041336752768750845,0.04133684527538717,0.04133693777958263,0.0413370302813408,0.04133712278066302,0.04133721527754901,0.04133730777200559,0.04133740026401704,0.04133749275359223,0.04133758524072982,0.041337677725430115,0.04133777020769291,0.041337862687515985,0.041337955164904655,0.041338047639852805,0.04133814011236593,0.04133823258244788,0.04133832505009301,0.04133841751529189,0.04133850997803698,0.04133860243836695,0.0413386948962516,0.041338787351695244,0.041338879804703445,0.04133897225527286,0.04133906470340458,0.04133915714909853,0.04133924959235496,0.041339342033170266,0.0413394344715473,0.04133952690748678,0.04133961934098745,0.041339711772056704,0.04133980420067994,0.04133989662686531,0.041339989050612425,0.0413400814719182,0.04134017389079315,0.04134026630722024,0.04134035872121018,0.0413404511327606,0.04134054354187183,0.04134063594854386,0.0413407283527767,0.0413408207545697,0.04134091315391853,0.04134100555083979,0.0413410979453162,0.04134119033735205,0.04134128272694351,0.04134137511409968,0.04134146749881743,0.04134155988109473,0.04134165226093217,0.04134174463832796,0.04134183701328489,0.041341929385802896,0.041342021755880684,0.04134211412352126,0.041342206488725344,0.04134229885148875,0.04134239121180483,0.041342483569681246,0.04134257592512082,0.041342668278116904,0.04134276062867229,0.04134285297678678,0.04134294532246214,0.04134303766570094,0.041343130006494686,0.04134322234484578,0.04134331468075834,0.04134340701422965,0.04134349934526537,0.04134359167385494,0.04134368400000442,0.041343776323713693,0.0413438686449803,0.04134396096381335,0.04134405328019862,0.04134414559414303,0.04134423790564467,0.04134433021470656,0.04134442252132655,0.04134451482550685,0.04134460712724441,0.041344699426541474,0.04134479172339627,0.041344884017809676,0.04134497630978134,0.04134506859931187,0.04134516088639782,0.04134525317104217,0.04134534545324764,0.041345437733011234,0.04134553001033505,0.04134562228521274,0.04134571455765626,0.041345806827652445,0.04134589909520576,0.041345991360318135,0.04134608362298924,0.04134617588321863,0.041346268141004186,0.04134636039634702,0.04134645264924929,0.0413465448997082,0.041346637147725414,0.04134672939329962,0.041346821636431594,0.04134691387712155,0.04134700611536847,0.04134709835117093,0.04134719058453306,0.041347282815451684,0.041347375043926396,0.04134746726996099,0.0413475594935523,0.04134765171469714,0.041347743933402466,0.041347836149666146,0.04134792836348572,0.0413480205748619,0.04134811278379556,0.041348204990288705,0.04134829719434273,0.04134838939594703,0.04134848159510818,0.04134857379182631,0.041348665986101096,0.041348758177931495,0.04134885036731965,0.041348942554264204,0.04134903473876396,0.041349126920828455,0.041349219100440524,0.04134931127761071,0.04134940345233822,0.041349495624624664,0.04134958779446504,0.04134967996186165,0.04134977212681441,0.0413498642893232,0.04134995644938506,0.04135004860700667,0.041350140762182734,0.041350232914922264,0.04135032506521159,0.04135041721306055,0.04135050935846151,0.04135060150142129,0.04135069364193464,0.04135078578000522,0.04135087791561865,0.04135097004879981,0.041351062179536976,0.04135115430783009,0.04135124643367973,0.04135133855708416,0.0413514306780439,0.041351522796559466,0.04135161491263235,0.041351707026258705,0.04135179913743725,0.041351891246173146,0.041351983352466155,0.041352075456313156,0.04135216755771644,0.04135225965667523,0.04135235175318738,0.041352443847256906,0.04135253593888173,0.041352628028062034,0.04135272011479684,0.041352812199086965,0.04135290428093215,0.04135299636033201,0.04135308843728683,0.04135318051180591,0.041353272583871115,0.041353364653486935,0.04135345672066199,0.04135354878539209,0.041353640847674775,0.041353732907514276,0.04135382496490847,0.041353917019859646,0.04135400907236309,0.041354101122411654,0.04135419317002469,0.041354285215192334,0.041354377257915846,0.041354469298192344,0.04135456133601776,0.04135465337140336,0.04135474540434122,0.04135483743483581,0.041354929462884965,0.04135502148848835,0.04135511351164624,0.041355205532358295,0.04135529755062391,0.04135538956644421,0.04135548157981945,0.04135557359074822,0.04135566559923335,0.04135575760527065,0.04135584960886197,0.04135594161000751,0.04135603360870738,0.041356125604962886,0.04135621759877357,0.04135630959013509,0.04135640157905053,0.0413564935655199,0.0413565855495462,0.0413566775311234,0.04135676951025488,0.04135686148693951,0.04135695346118139,0.04135704543297395,0.04135713740231992,0.04135722936921989,0.041357321333671364,0.04135741329567881,0.04135750525523909,0.041357597212344735,0.04135768916701936,0.04135778111924044,0.04135787306901486,0.04135796501634314,0.04135805696122324,0.041358148903658055,0.041358240843646525,0.041358332781188514,0.041358424716283704,0.041358516648931976,0.04135860857913396,0.04135870050688917,0.04135879243219722,0.04135888435505959,0.04135897627547386,0.041359068193442365,0.04135916010896363,0.04135925202203658,0.041359343932663675,0.041359435840845504,0.04135952774657841,0.041359619649865176,0.04135971155070305,0.04135980344909548,0.04135989534504018,0.041359987238538606,0.04136007912959008,0.04136017101818682,0.04136026290434441,0.04136035478805817,0.04136044666932064,0.041360538548139585,0.04136063042450796,0.0413607222984294,0.041360814169903726,0.04136090603893038,0.04136099790550993,0.04136108976964282,0.041361181631327536,0.041361273490561616,0.04136136534735499,0.04136145720169759,0.04136154905359323,0.041361640903040404,0.04136173275004396,0.04136182459459719,0.04136191643669371,0.041362008276353085,0.041362100113563845,0.04136219194832707,0.04136228378064202,0.04136237561050712,0.041362467437927514,0.04136255926290118,0.04136265108542646,0.04136274290550233,0.04136283472313219,0.04136292653831606,0.04136301835104807,0.041363110161334246,0.041363201969173334,0.04136329377456454,0.04136338557750892,0.04136347737800422,0.04136356917605247,0.04136366097165245,0.04136375276480361,0.041363844555507935,0.04136393634376117,0.04136402812956992,0.041364119912930264,0.04136421169384048,0.04136430347230506,0.04136439524831783,0.0413644870218865,0.04136457879301231,0.041364670561684906,0.04136476232790899,0.041364854091685194,0.04136494585301346,0.041365037611890934,0.0413651293683219,0.04136522112230042,0.04136531287383394,0.04136540462292318,0.04136549636956282,0.041365588113755104,0.04136567985550038,0.041365771594795625,0.041365863331642154,0.04136595506604085,0.04136604679799142,0.04136613852749359,0.04136623025454754,0.041366321979153214,0.041366413701310785,0.04136650542101973,0.04136659713828038,0.041366688853093414,0.04136678056545691,0.04136687227536149,0.041366963982825154,0.041367055687843296,0.04136714739041379,0.041367239090536176,0.04136733078821003,0.04136742248343376,0.041367514176200305,0.04136760586652901,0.04136769755440878,0.04136778923983912,0.041367880922822356,0.04136797260335657,0.04136806428144228,0.041368155957077636,0.041368247630265136,0.04136833930100541,0.04136843096929221,0.04136852263513414,0.04136861429852871,0.04136870595947542,0.041368797617971416,0.0413688892740205,0.041368980927620376,0.04136907257877594,0.0413691642274815,0.04136925587373438,0.04136934751753831,0.04136943915889497,0.04136953079780308,0.04136962243426215,0.04136971406827866,0.04136980569984178,0.041369897328955504,0.041369988955618116,0.041370080579834684,0.041370172201613896,0.04137026382093151,0.041370355437800724,0.04137044705222085,0.041370538664190076,0.041370630273713134,0.04137072188078721,0.04137081348541434,0.04137090508758299,0.041370996687310625,0.04137108828458865,0.041371179879417457,0.04137127147179902,0.04137136306173087,0.041371454649211985,0.0413715462342446,0.04137163781683031,0.04137172939696565,0.0413718209746547,0.041371912549894224,0.04137200412268426,0.04137209569302583,0.0413721872609194,0.041372278826376514,0.041372370389369154,0.04137246194991497,0.04137255350801136,0.041372645063659015,0.04137273661685762,0.041372828167608316,0.041372919715909076,0.041373011261761336,0.041373102805164076,0.041373194346118296,0.041373285884623884,0.04137337742067939,0.04137346895428631,0.04137356048544416,0.041373652014154105,0.04137374354041434,0.04137383506422601,0.04137392658558866,0.04137401810450551,0.041374109620969844,0.04137420113498385,0.041374292646555726,0.04137438415567258,0.041374475662340864,0.0413745671665601,0.04137465866833041,0.041374750167650465,0.041374841664526374,0.04137493315894903,0.04137502465092265,0.04137511614044735,0.041375207627532246,0.04137529911215854,0.041375390594336495,0.04137548207406507,0.041375573551345274,0.04137566502617537,0.04137575649855624,0.04137584796848968,0.04137593943597297,0.04137603090100733,0.04137612236359216,0.04137621382373481,0.04137630528142235,0.04137639673666003,0.041376488189449306,0.04137657963979033,0.04137667108768111,0.041376762533122564,0.04137685397611553,0.041376945416655715,0.0413770368547507,0.04137712829039521,0.04137721972359141,0.04137731115433863,0.04137740258263712,0.04137749400848682,0.04137758543188673,0.04137767685283759,0.04137776827133891,0.04137785968739441,0.041377951100998206,0.041378042512151554,0.041378133920858394,0.04137822532711567,0.04137831673091895,0.04137840813227617,0.041378499531186066,0.04137859092764651,0.04137868232165671,0.0413787737132239,0.041378865102337126,0.04137895648900135,0.041379047873214954,0.041379139254983224,0.04137923063430004,0.04137932201116791,0.041379413385587295,0.041379504757554295,0.0413795961270751,0.041379687494149185,0.041379778858779956,0.04137987022095393,0.04137996158067891,0.04138005293795438,0.04138014429278121,0.04138023564515919,0.04138032699508815,0.04138041834256776,0.041380509687599584,0.04138060103018144,0.04138069237031446,0.04138078370799762,0.04138087504323282,0.04138096637601973,0.04138105770635708,0.04138114903424477,0.041381240359683526,0.041381331682672724,0.04138142300321576,0.04138151432130794,0.041381605636951535,0.04138169695015336,0.04138178826089919,0.04138187956919542,0.041381970875043576,0.041382062178442466,0.04138215347939282,0.041382244777894046,0.04138233607394656,0.04138242736754904,0.041382518658706076,0.0413826099474124,0.041382701233672874,0.041382792517481067,0.041382883798840205,0.04138297507775044,0.04138306635421252,0.04138315762823101,0.0413832488997951,0.041383340168910716,0.04138343143557794,0.04138352269979547,0.04138361396156445,0.041383705220885005,0.04138379647775232,0.04138388773217578,0.041383978984142485,0.04138407023366775,0.041384161480743135,0.04138425272537233,0.041384343967548705,0.04138443520727894,0.041384526444566166,0.04138461767939904,0.041384708911781816,0.04138480014171393,0.041384891369194474,0.04138498259423288,0.041385073816827,0.04138516503696846,0.041385256254661176,0.04138534746990937,0.0413854386827046,0.041385529893051894,0.04138562110095009,0.04138571230639978,0.041385803509400104,0.041385894709955816,0.04138598590805994,0.04138607710371516,0.041386168296926255,0.04138625948768319,0.04138635067599181,0.041386441861853605,0.04138653304526684,0.041386624226231836,0.04138671540474857,0.041386806580828356,0.041386897754447226,0.041386988925618116,0.041387080094340827,0.04138717126061501,0.04138726242444044,0.04138735358582372,0.04138744474475244,0.0413875359012333,0.041387627055265705,0.04138771820685086,0.041387809355978335,0.041387900502666546,0.04138799164690578,0.041388082788696504,0.04138817392803884,0.04138826506493395,0.04138835619937284,0.041388447331380834,0.04138853846093111,0.04138862958803286,0.041388720712686414,0.04138881183488611,0.04138890295464264
8,0.0,0.0,0.0,0.0,0.0,0.0,0.0,0.0,0.0,0.0,0.0,0.0,0.0,0.0,0.0,0.0,0.0,0.0,0.0,0.0,0.0,0.0,0.0,0.0,0.0,0.0,0.0,0.0,0.0,0.0,0.0,0.0,0.0,0.0,0.0,0.0,0.0,0.0,0.0,0.0,0.0,0.0,0.0,0.0,0.0,0.0,0.0,0.0,0.0,0.0,0.0,0.0,0.0,0.0,0.0,0.0,0.0,0.0,0.0,0.0,0.0,0.0,0.0,0.0,0.0,0.0,0.0,0.0,0.0,0.0,0.0,0.0,0.0,0.0,0.0,0.0,0.0,0.0,0.0,0.0,0.0,0.0,0.0,0.0,0.0,0.0,0.0,0.0,0.0,0.0,0.0,0.0,0.0,0.0,0.0,0.0,0.0,0.0,0.0,0.0,0.0,0.0,0.0,0.0,0.0,0.0,0.0,0.0,0.0,0.0,0.0,0.0,0.0,0.0,0.0,0.0,0.0,0.0,0.0,0.0,0.0,0.0,0.0,0.0,0.0,0.0,0.0,0.0,0.0,0.0,0.0,0.0,0.0,0.0,0.0,0.0,0.0,0.0,0.0,0.0,0.0,0.0,0.0,0.0,0.0,0.0,0.0,0.0,0.0,0.0,0.0,0.0,0.0,0.0,0.0,0.0,0.0,0.0,0.0,0.0,0.0,0.0,0.0,0.0,0.0,0.0,0.0,0.0,0.0,0.0,0.0,0.0,0.0,0.0,0.0,0.0,0.0,0.0,0.0,0.0,0.0,0.0,0.0,0.0,0.0,0.0,0.0,0.0,0.0,0.0,0.0,0.0,0.0,0.0,0.0,0.0,0.0,0.0,0.0,0.0,0.0,0.0,0.0,0.0,0.0,0.0,0.0,0.0,0.0,0.0,0.0,0.0,0.0,0.0,0.0,0.0,0.0,0.0,0.0,0.0,0.0,0.0,0.0,0.0,0.0,0.0,0.0,0.0,0.0,0.0,0.0,0.0,0.0,0.0,0.0,0.0,0.0,0.0,0.0,0.0,0.0,0.0,0.0,0.0,0.0,0.0,0.0,0.0,0.0,0.0,0.0,0.0,0.0,0.0,0.0,0.0,0.0,0.0,0.0,0.0,0.0,0.0,0.0,0.0,0.0,0.0,0.0,0.0,0.0,0.0,0.0,0.0,0.0,0.0,0.0,0.0,0.0,0.0,0.0,0.0,0.0,0.0,0.0,0.0,0.0,0.0,0.0,0.0,0.0,0.0,0.0,0.0,0.0,0.0,0.0,0.0,0.0,0.0,0.0,0.0,0.0,0.0,0.0,0.0,0.0,0.0,0.0,0.0,0.0,0.0,0.0,0.0,0.0,0.0,0.0,0.0,0.0,0.0,0.0,0.0,0.0,0.0,0.0,0.0,0.0,0.0,0.0,0.0,0.0,0.0,0.0,0.0,0.0,0.0,0.0,0.0,0.0,0.0,0.0,0.0,0.0,0.0,0.0,0.0,0.0,0.0,0.0,0.0,0.0,0.0,0.0,0.0,0.0,0.0,0.0,0.0,0.0,0.0,0.0,0.0,0.0,0.0,0.0,0.0,0.0,0.0,0.0,0.0,0.0,0.0,0.0,0.0,0.0,0.0,0.0,0.0,0.0,0.0,0.0,0.0,0.0,0.0,0.0,0.0,0.0,0.0,0.0,0.0,0.0,0.0,0.0,0.0,0.0,0.0,0.0,0.0,0.0,0.0,0.0,0.0,0.0,0.0,0.0,0.0,0.0,0.0,0.0,0.0,0.0,0.0,0.0,0.0,0.0,0.0,0.0,0.0,0.0,0.0,0.0,0.0,0.0,0.0,0.0,0.0,0.0,0.0,0.0,0.0,0.0,0.0,0.0,0.0,0.0,0.0,0.0,0.0,0.0,0.0,0.0,0.0,0.0,0.0,0.0,0.0,0.0,0.0,0.0,0.0,0.0,0.0,0.0,0.0,0.0,0.0,0.0,0.0,0.0,0.0,0.0,0.0,0.0,0.0,0.0,0.0,0.0,0.0,0.0,0.0,0.0,0.0,0.0,0.0,0.0,0.0,0.0,0.0,0.0,0.0,0.0,0.0,0.0,0.0,0.0,0.0,0.0,0.0,0.0,0.0,0.0,0.0,0.0,0.0,0.0,0.0,0.0,0.0,0.0,0.0,0.0,0.0,0.0,0.0,0.0,0.0,0.0,0.0,0.0,0.0,0.0,0.0,0.0,0.0,0.0,0.0,0.0,0.0,0.0,0.0,0.0,0.0,0.0,0.0,0.0,0.0,0.0,0.0,0.0,0.0,0.0,0.0,0.0,0.0,0.0,0.0,0.0,0.0,0.0,0.0,0.0,0.0,0.0,0.0,0.0,0.0,0.0,0.0,0.0,0.0,0.0,0.0,0.0,0.0,0.0,0.0,0.0,0.0,0.0,0.0,0.0,0.0,0.0,0.0,0.0,0.0,0.0,0.0,0.0,0.0,0.0,0.0,0.0,0.0,0.0,0.0,0.0,0.0,0.0,0.0,0.0,0.0,0.0,0.0,0.0,0.0,0.0,0.0,0.0,0.0,0.0,0.0,0.0,0.0,0.0,0.0,0.0,0.0,0.0,0.0,0.0,0.0,0.0,0.0,0.0,0.0,0.0,0.0,0.0,0.0,0.0,0.0,0.0,0.0,0.0,0.0,0.0,0.0,0.0,0.0,0.0,0.0,0.0,0.0,0.0,0.0,0.0,0.0,0.0,0.0,0.0,0.0,0.0,0.0,0.0,0.0,0.0,0.0,0.0,0.0,0.0,0.0,0.0,0.0,0.0,0.0,0.0,0.0,0.0,0.0,0.0,0.0,0.0,0.0,0.0,0.0,0.0,0.0,0.0,0.0,0.0,0.0,0.0,0.0,0.0,0.0,0.0,0.0,0.0,0.0,0.0,0.0,0.0,0.0,0.0,0.0,0.0,0.0,0.0,0.0,0.0,0.0,0.0,0.0,0.0,0.0,0.0,0.0,0.0,0.0,0.0,0.0,0.0,0.0,0.0,0.0,0.0,0.0,0.0,0.0,0.0,0.0,0.0,0.0,0.0,0.0,0.0,0.0,0.0,0.0,0.0,0.0,0.0,0.0,0.0,0.0,0.0,0.0,0.0,0.0,0.0,0.0,0.0,0.0,0.0,0.0,0.0,0.0,0.0,0.0,0.0,0.0,0.0,0.0,0.0,0.0,0.0,0.0,0.0,0.0,0.0,0.0,0.0,0.0,0.0,0.0,0.0,0.0,0.0,0.0,0.0,0.0,0.0,0.0,0.0,0.0,0.0,0.0,0.0,0.0,0.0,0.0,0.0,0.0,0.0,0.0,0.0,0.0,0.0,0.0,0.0,0.0,0.0,0.0,0.0,0.0,0.0,0.0,0.0,0.0,0.0,0.0,0.0,0.0,0.0,0.0,0.0,0.0,0.0,0.0,0.0,0.0,0.0,0.0,0.0,0.0,0.0,0.0,0.0,0.0,0.0,0.0,0.0,0.0,0.0,0.0,0.0,0.0,0.0,0.0,0.0,0.0,0.0,0.0,0.0,0.0,0.0,0.0,0.0,0.0,0.0,0.0,0.0,0.0,0.0,0.0,0.0,0.0,0.0,0.0,0.0,0.0,0.0,0.0,0.0,0.0,0.0,0.0,0.0,0.0,0.0,0.0,0.0,0.0,0.0,0.0,0.0,0.0,0.0,0.0,0.0,0.0,0.0,0.0,0.0,0.0,0.0,0.0,0.0,0.0,0.0,0.0,0.0,0.0,0.0,0.0,0.0,0.0,0.0,0.0,0.0,0.0,0.0,0.0,0.0,0.0,0.0,0.0,0.0,0.0,0.0,0.0,0.0,0.0,0.0,0.0,0.0,0.0,0.0,0.0,0.0,0.0,0.0,0.0,0.0,0.0,0.0,0.0,0.0,0.0,0.0,0.0,0.0,0.0,0.0,0.0,0.0,0.0,0.0,0.0,0.0,0.0,0.0,0.0,0.0,0.0,0.0,0.0,0.0,0.0,0.0,0.0,0.0,0.0,0.0,0.0,0.0,0.0,0.0,0.0,0.0,0.0,0.0,0.0,0.0,0.0,0.0,0.0,0.0,0.0,0.0,0.0,0.0,0.0,0.0,0.0,0.0,0.0,0.0,0.0,0.0,0.0,0.0,0.0,0.0,0.0,0.0,0.0,0.0,0.0,0.0,0.0,0.0,0.0,0.0,0.0,0.0,0.0,0.0,0.0,0.0,0.0,0.0,0.0,0.0,0.0,0.0,0.0,0.0,0.0,0.0,0.0,0.0,0.0,0.0,0.0,0.0,0.0,0.0,0.0,0.0,0.0,0.0,0.0,0.0,0.0,0.0,0.0,0.0,0.0,0.0,0.0,4.077146104494661e-06,7.322836147400156e-06,9.901285855886403e-06,1.195646442356795e-05,1.3608877989659042e-05,1.4956317548379348e-05,1.6076473019688045e-05,1.7030172094831608e-05,1.7864583115325696e-05,1.861607686716124e-05,1.9312642786103757e-05,1.9975858754274293e-05,2.062246087639668e-05,2.1265576008878758e-05,2.1915680608979243e-05,2.2581343278454154e-05,2.3269799778282206e-05,2.3987400583830195e-05,2.4739963257275564e-05,2.553305540366613e-05,2.6372228776034904e-05,2.7263221122595677e-05,2.8212139462908094e-05,2.9225636520804325e-05,3.031109092012541e-05,3.147680141094081e-05,3.2732205838948463e-05,3.408813686038032e-05,3.555712870159507e-05,3.715379281070763e-05,3.8895285497029615e-05,4.080189823872975e-05,4.2897812295075834e-05,4.521207514354941e-05,4.7779879543301266e-05,5.064426059716864e-05,5.3858378333614706e-05,5.7488633418369326e-05,6.161898902954157e-05,6.635707268502177e-05,7.184296082123159e-05,7.826210243556337e-05,8.586479611055269e-05,9.499634536807857e-05,0.00010614517662574839,0.00012002225352375395,0.00013646239431906097,0.00013646239431914682,0.0001364623943192416,0.00013646239431934772,0.00013646239431946842,0.0001364623943196085,0.00013646239431977503,0.00013646239432052817,0.00013646239432365823,0.00015925507968080752,0.00019002514605038823,0.00023328007503173665,0.00029704169540011765,0.0003959750208156288,0.0005558983399966302,0.0008136064179886111,0.001195888299066326,0.0016796779363374883,0.001679677936536125,0.002225722836424929,0.0027720491245954034,0.0032834267722049084,0.0037440564629077143,0.004150522603503695,0.004505837000240612,0.004815814743516305,0.0050871421046674,0.0053264342198679395,0.005539837291003694,0.005732925777575568,0.00591074507117777,0.00607787941510962,0.006238424499712292,0.006395801592702682,0.0065525103603525856,0.006710015152065088,0.006868848009411103,0.007028851657072245,0.007189446531187839,0.007349852091959675,0.0075092424878053145,0.00766684289387822,0.007821981075930587,0.007974108521180249,0.008122802533717681,0.008267757466115537,0.008408770567573746,0.008545725920227218,0.008678578527993464,0.008807339680847636,0.00893206411375582,0.00905283910998233,0.009169775486596332,0.00928300028977518,0.00939265098087088,0.009498870885928075,0.009601805692617048,0.009701600801716302,0.009798399366019691,0.009892340875210298,0.009983560170331621,0.010072186792037032,0.010158344585682575,0.010242151501605682,0.010323719541666125,0.010403154813582506,0.010480557662852512,0.010556022859138483,0.010629639818985735,0.010701492851208532,0.010771661414651025,0.01084022038049563,0.01090724029349776,0.010972787628092279,0.011036925036365046,0.011099711586098104,0.011161202987632509,0.011221451808748112,0.01128050767749022,0.011338417472740664,0.01139522550291995,0.011450973673065376,0.011505701640848295,0.01155944696200953,0.01161224522579908,0.011664130181032316,0.01171513385328249,0.011765286653858337,0.011814617481102862,0.011863153814496215,0.011910921802175239,0.011957946342208625,0.012004251158272397,0.012049858869838734,0.012094791057788002,0.01213906832517185,0.012182710354323945,0.012225735958690467,0.012268163132900531,0.012310009098552618,0.012351290347062135,0.012392022679677877,0.012432221244871752,0.012471900573321294,0.012511074610624458,0.012549756747898553,0.01258795985054191,0.012625696285079521,0.012662977944419477,0.012699816271511257,0.012736222281602852,0.012772206583170511,0.012807779397535373,0.01284295057741227,0.012877729624295084,0.012912125704882815,0.012946147666564574,0.012979804052023161,0.013013103113043092,0.013046052823414813,0.013078660891411818,0.013110934771292024,0.013142881674374779,0.01317450857945685,0.01320582224262331,0.013236829206699385,0.013267535810079098,0.013297948195092934,0.013328072316098784,0.01335791394700366,0.013387478688501132,0.013416771974907867,0.013445799080707851,0.013474565126754158,0.013503075086170506,0.013531333789987736,0.013559345932473385,0.013587116076308057,0.013614648657415993,0.013641947989627897,0.013669018269131517,0.01369586357870675,0.01372248789178593,0.013748895076317791,0.01377508889848461,0.013801073026227297,0.01382685103265453,0.01385242639928538,0.013877802519140938,0.013902982699769317,0.013927970166029565,0.01395276806287541,0.013977379457967952,0.014001807344188696,0.014026054642058108,0.014050124202050773,0.014074018806833462,0.014097741173387893,0.01412129395507467,0.014144679743607644,0.014167901070953347,0.014190960411141122,0.014213860182080453,0.014236602747176147,0.014259190416986731,0.014281625450805585,0.014303910058159794,0.014326046400266256,0.01434803659143342,0.014369882700408442,0.014391586751702297,0.014413150726797106,0.014434576565434622,0.014455866166697981,0.014477021390218905,0.014498044057223507,0.014518935951657527,0.014539698820984992,0.01456033437750704,0.014580844299013303,0.014601230229885612,0.014621493781920307,0.014641636535148148,0.014661660038767985,0.014681565811874513,0.014701355344125326,0.014721030096723186,0.014740591503111201,0.01476004096947388,0.014779379875621113,0.014798609575499869,0.014817731397998747,0.014836746647449895,0.014855656604298795,0.014874462525575444,0.01489316564561854,0.014911767176521524,0.014930268308691312,0.014948670211359314,0.014966974033093168,0.014985180902312985,0.015003291927623659,0.01502130819845649,0.015039230785443974,0.015057060740833359,0.015074799098908699,0.015092446876396935,0.015110005072891229,0.015127474671219202,0.015144856637842556,0.01516215192314963,0.015179361461871878,0.015196486173437503,0.01521352696227332,0.015230484718141054,0.015247360316450836,0.015264154618575443,0.015280868472149028,0.015297502711358931,0.015314058157226567,0.015330535617876223,0.015346935888849021,0.015363259753316852,0.01537950798234489,0.015395681335157925,0.015411780559379442,0.015427806391255851,0.01544375955589833,0.015459640767561645,0.015475450729660374,0.015491190135284215,0.015506859667148935,0.015522459997988165,0.015537991790591482,0.015553455698116787,0.015568852364224181,0.015584182423262965,0.015599446500454217,0.01561464521207898,0.015629779165649383,0.015644848960042604,0.015659855185676103,0.015674798424762066,0.015689679251293807,0.015704498231308275,0.01571925592301883,0.015733952876935176,0.015748589636060635,0.015763166735910956,0.01577768470480514,0.01579214406387957,0.01580654532734617,0.015820889002365727,0.015835175589408543,0.015849405582382618,0.015863579468628788,0.015877697728987606,0.01589176083808122,0.01590576926442098,0.015919723470301246,0.01593362391211124,0.015947471040383705,0.015961265299837504,0.01597500712952337,0.01598869696293932,0.016002335228145075,0.016015922347770117,0.016029458739149523,0.016042944814407746,0.016056380980556912,0.016069767639580283,0.016083105188503827,0.01609639401948247,0.01610963451989918,0.01612282707242829,0.01613597205504683,0.016149069841253,0.01616212080000258,0.016175125295873023,0.01618808368906981,0.016200996335576062,0.016213863587118293,0.016226685791301442,0.016239463291649114,0.01625219642768658,0.016264885534982905,0.016277530945238733,0.016290132986303253,0.016302691982278735,0.016315208253553915,0.016327682116845738,0.016340113885298754,0.016352503868532525,0.01636485237261298,0.01637715970026055,0.016389426150693023,0.016401652019981037,0.016413837600752615,0.016425983182454598,0.016438089051331112,0.016450155490502057,0.016462182779993416,0.016474171196784498,0.01648612101485189,0.016498032505212597,0.01650990593595885,0.01652174157225869,0.0165335396766101,0.016545300508537766,0.01655702432492762,0.01656871137988746,0.016580361924871355,0.01659197620870234,0.01660355447760349,0.01661509697525624,0.01662660394271779,0.01663807561864982,0.01664951223923856,0.01666091403823204,0.016672281246986508,0.016683614094504286,0.0166949128074452,0.016706177610221595,0.016717408724946148,0.016728606371483747,0.016739770767531782,0.01675090212859387,0.016762000668037683,0.016773066597121345,0.016784100124996225,0.01679510145878731,0.016806070803557668,0.016817008362403706,0.01682791433636638,0.01683878892461735,0.016849632324346497,0.01686044473088583,0.01687122633766453,0.016881977336218965,0.016892697916316014,0.016903388265857393,0.01691404857108908,0.01692467901634458,0.016935279784299474,0.016945851055903,0.016956393010387434,0.01696690582533151,0.016977389676656733,0.01698784473864991,0.01699827118397716,0.01700866918379443,0.01701903890751239,0.01702938052319434,0.0170396941972403,0.01704998009452311,0.017060238378497978,0.017070469211108517,0.01708067275282822,0.01709084916272483,0.017100998598441372,0.01711112121610703,0.017121217170582063,0.017131286615321237,0.017141329702420702,0.017151346582601257,0.017161337405301527,0.017171302318642764,0.01718124146943659,0.017191155003221034,0.01720104306427761,0.01721090579563074,0.017220743339098538,0.017230555835211825,0.017240343423327267,0.01725010624164518,0.01725984442714922,0.01726955811567845,0.01727924744190081,0.017288912539360025,0.017298553540462523,0.017308170576510944,0.01731776377770521,0.017327333273151328,0.017336879190895254,0.017346401657900114,0.017355900800093724,0.017365376742343962,0.017374829608509584,0.017384259521422838,0.017393666602911823,0.017403050973809443,0.017412412753958606,0.017421752062248375,0.017431069016585844,0.01744036373395791,0.0174496363303283,0.017458886920822203,0.017468115619585247,0.0174773225399081,0.017486507794118814,0.017495671493673343,0.01750481374915753,0.017513934670297687,0.01752303436592095,0.017532112944018623,0.01754117051172933,0.01755020717535549,0.01755922304030009,0.017568218211366185,0.01757719279234487,0.01758614688627026,0.017595080595393567,0.017603994021175746,0.017612887264310758,0.017621760424714406,0.017630613601544286,0.017639446893205034,0.017648260397346165,0.01765705421089825,0.01766582843004047,0.017674583150274495,0.0176833184662819,0.01769203447216468,0.01770073126120065,0.017709408926059163,0.017718067558684464,0.017726707250373216,0.01773532809173358,0.017743930172663118,0.017752513582448354,0.01776107840970729,0.0177696247423531,0.017778152667829554,0.01778666227276145,0.017795153643171517,0.017803626864610227,0.01781208202184798,0.017820519199093048,0.017828938479954946,0.017837339947444762,0.017845723683987243,0.017854089771398293,0.01786243829094853,0.017870769323279332,0.01787908294850232,0.01788737924615826,0.01789565829523146,0.01790392017412522,0.017912164960718853,0.01792039273234074,0.01792860356578192,0.017936797537293655,0.01794497472259854,0.017953135196905643,0.017961279034911563,0.017969406310764192,0.017977517098122685,0.017985611470145782,0.01799368949949221,0.01800175125830583,0.018009796818273062,0.01801782625056285,0.018025839625874535,0.01803383701444016,0.018041818485997937,0.01804978410982236,0.01805773395473497,0.018065668089085867,0.01807358658078198,0.018081489497194136,0.01808937690544276,0.018097248872035444,0.018105105463077455,0.01811294674421324,0.018120772780742637,0.01812858363746017,0.018136379378746514,0.018144160068615103,0.018151925770541123,0.0181596765477013,0.018167412462823926,0.018175133578232725,0.01818283995584795,0.018190531657180528,0.018198208743365408,0.018205871275133324,0.018213519312825,0.01822115291639283,0.018228772145412245,0.01823637705908613,0.018243967716231935,0.018251544175289965,0.018259106494342748,0.0182666547310984,0.018274188942910746,0.018281709186747708,0.01828921551928243,0.018296707996756256,0.018304186675113562,0.018311651609924012,0.01831910285642742,0.01832654046950991,0.018333964503724938,0.018341375013281175,0.018348772052062715,0.018356155673633072,0.018363525931209743,0.01837088287765914,0.01837822656557381,0.018385557047206114,0.018392874374494213,0.018400178599058993,0.018407469772209136,0.018414747944953926,0.018422013167971332,0.0184292654916511,0.01843650496607742,0.018443731641033984,0.018450945566009992,0.01845814679018873,0.01846533536248316,0.0184725113315033,0.018479674745547695,0.018486825652663876,0.018493964100609172,0.01850109013685086,0.01850820380857931,0.018515305162694475,0.018522394245909495,0.018529471104477724,0.01853653578459335,0.01854358833201571,0.01855062879234255,0.018557657210869556,0.018564673632609753,0.018571678102372313,0.018578670664686273,0.018585651363793067,0.018592620243712173,0.018599577348191485,0.018606522720754897,0.01861345640465065,0.01862037844289534,0.018627288878280836,0.01863418775333939,0.01864107511032125,0.01864795099127366,0.018654815438043544,0.01866166849219337,0.018668510195071188,0.018675340587778536,0.018682159711215084,0.018688967606011755,0.01869576431262304,0.01870254987125012,0.018709324321873718,0.01871608770423993,0.01872284005791921,0.018729581422210036,0.018736311836221934,0.018743031338858695,0.0187497399688013,0.01875643776451323,0.01876312476424154,0.01876980100606353,0.018776466527774437,0.018783121367037036,0.018789765561285168,0.01879639914775174,0.018803022163467787,0.01880963464526259,0.018816236629764886,0.018822828153415093,0.018829409252453456,0.018835979962929635,0.018842540320691284,0.01884909036140928,0.01885563012057387,0.018862159633454976,0.018868678935150318,0.018875188060564926,0.018881687044438874,0.018888175921323157,0.01889465472558,0.018901123491397817,0.01890758225278303,0.018914031043573712,0.01892046989741494,0.018926898847770452,0.018933317927961404,0.01893972717109671,0.018946126610185927,0.018952516277945364,0.01895889620706452,0.018965266429910164,0.018971626978834557,0.01897797788589725,0.018984319183152323,0.018990650902318634,0.01899697307505431,0.019003285732798175,0.019009588906866475,0.019015882628431967,0.01902216692845248,0.01902844183777381,0.019034707387080053,0.01904096360689517,0.019047210527581064,0.01905344817935534,0.019059676592260495,0.01906589579626977,0.019072105821126673,0.019078306696446536,0.01908449845169598,0.019090681116196655,0.019096854719133964,0.01910301928947953,0.019109174856240568,0.01911532144812017,0.019121459093698955,0.019127587821457424,0.019133707659712826,0.019139818636656713,0.01914592078028734,0.019152014118635104,0.01915809867943732,0.019164174490282713,0.019170241578714307,0.019176299972116794,0.019182349697684557,0.019188390782563573,0.01919442325372113,0.01920044713800633,0.019206462462128857,0.019212469252704315,0.01921846753618386,0.01922445733890464,0.019230438687073546,0.019236411606770032,0.019242376123982226,0.019248332264526432,0.019254280054138782,0.01926021951842187,0.019266150682801898,0.019272073572662526,0.019277988213219372,0.019283894629619783,0.019289792846854347,0.019295682889775793,0.019301564783172763,0.01930743855167276,0.019313304219854957,0.019319161812086833,0.019325011352676887,0.019330852865823263,0.019336686375621567,0.019342511906055,0.01934832948093396,0.01935413912402073,0.019359940858942874,0.019365734709261513,0.01937152069841081,0.01937729884969896,0.01938306918629474,0.019388831731306556,0.019394586507751485,0.019400333538513913,0.019406072846396817,0.019411804454023646,0.019417528384050475,0.019423244658926853,0.019428953301027087,0.019434654332639238,0.019440347775937082,0.019446033652987027,0.019451711985808126,0.019457382796203262,0.019463046105991554,0.019468701936870995,0.019474350310413103,0.019479991248131975,0.019485624771402445,0.01949125090151661,0.019496869659696294,0.019502481067049486,0.01950808514459963,0.0195136819132478,0.019519271393867037,0.019524853607196593,0.019530428573845335,0.019535996314451562,0.01954155684940202,0.019547110199130305,0.019552656383935118,0.01955819542397932,0.019563727339404643,0.01956925215023566,0.01957476987641938,0.01958028053784128,0.01958578415422945,0.019591280745251866,0.019596770330534145,0.01960225292959249,0.019607728561858308,0.019613197246681233,0.019618659003318845,0.019624113850966445,0.019629561808722617,0.019635002895608742,0.019640437130546997,0.019645864532406868,0.019651285119974188,0.01965669891197276,0.019662105926959016,0.019667506183477474,0.01967289970004712,0.01967828649501303,0.019683666586703032,0.019689039993337112,0.019694406733065738,0.019699766823963374,0.01970512028406933,0.01971046713126837,0.019715807383345267,0.0197211410582381,0.019726468173566363,0.01973178874697106,0.019737102795998263,0.019742410338150364,0.01974771139084713,0.01975300597139292,0.019758294097086362,0.019763575785104362,0.019768851052590755,0.01977411991659533,0.019779382394107776,0.019784638502043785,0.019789888257252402,0.019795131676517346,0.019800368776549455,0.019805599573992052,0.01981082408541902,0.019816042327337358,0.01982125431619547,0.019826460068367923,0.01983165960016107,0.019836852927816465,0.019842040067525525,0.019847221035389908,0.019852395847410952,0.019857564519663168,0.01986272706802688,0.019867883508371518,0.01987303385650569,0.019878178128088998,0.019883316338833102,0.01988844850433064,0.019893574640140653,0.01989869476173504,0.01990380888453662,0.01990891702390567,0.01991401919512353,0.019919115413456968,0.019924205694104812,0.019929290052126836,0.01993436850262408,0.019939441060587954,0.01994450774093581,0.019949568558560025,0.019954623528302955,0.019959672664920883,0.019964715983126022,0.019969753497571414,0.01997478522285179,0.01997981117350803,0.019984831364019802,0.019989845808816235,0.019994854522274404,0.019999857518694496,0.020004854812338525,0.020009846417421918,0.02001483234813384,0.020019812618493834,0.020024787242578054,0.020029756234375706,0.02003471960785539,0.020039677376848898,0.020044629555201122,0.020049576156699955,0.020054517195056246,0.020059452683955474,0.0200643826370228,0.020069307067804045,0.02007422598982727,0.020079139416551324,0.020084047361417938,0.020088934544578354,0.020093831582526665,0.02009872317850726,0.020103609345739983,0.0201084900973899,0.020113365446577026,0.020118235406349917,0.020123099989756955,0.020127959209770264,0.02013281307930547,0.020137661611201674,0.020142504818311497,0.020147342713417282,0.02015217530924746,0.020157002618489527,0.020161824653780667,0.02016664142771492,0.02017145295283648,0.020176259241577354,0.02018106030653542,0.020185856160026324,0.020190646814424652,0.02019543228204745,0.020200212575167513,0.020204987706011632,0.020209757686762995,0.02021452252956237,0.02021928224650064,0.020224036849630058,0.02022878635095399,0.020233530762439354,0.02023827009599464,0.020243004363536793,0.020247733576850266,0.020252457747744607,0.020257176887972322,0.020261891009238968,0.020266600123208633,0.02027130424150494,0.02027600337574513,0.02028069753739941,0.02028538673798387,0.020290070988988572,0.020294750301809418,0.02029942468783814,0.020304094158399295,0.020308758724788392,0.02031341839826719,0.02031807319004968,0.02032272311134411,0.020327368173221585,0.020332008386815068,0.02033664376317083,0.02034127431333083,0.020345900048260396,0.020350520978908253,0.020355137116168213,0.020359748470922694,0.020364355053994174,0.020368956876196144,0.0203735539482008,0.02037814628081405,0.02038273388467398,0.020387316770432783,0.020391894948680215,0.020396468430012457,0.020401037224924545,0.020405601343931806,0.020410160797481668,0.02041471559599145,0.0204192657498684,0.020423811269424608,0.020428352165024328,0.02043288844693259,0.020437420125354995,0.02044194721056373,0.0204464697127,0.020450987641925406,0.020455501008308972,0.020460009821940066,0.020464514092876886,0.020469013831073152,0.02047350904654309,0.020477999749190855,0.020482485948937534,0.020486967655638413,0.020491444879084702,0.02049591762917064,0.02050038591561276,0.020504849748135198,0.02050930913645429,0.020513764090260143,0.020518214619166735,0.020522660732783592,0.020527102440657658,0.020531539752387015,0.020535972677415477,0.020540401225256986,0.02054482540535415,0.020549245227122714,0.020553660699945294,0.020558071833175456,0.020562478636131625,0.0205668811181048,0.02057127928835694,0.020575673156109062,0.0205800627305691,0.02058444802090388,0.020588829036245183,0.02059320578571287,0.020597578278374298,0.02060194652329634,0.020606310529464676,0.020610670305890963,0.020615025861531053,0.020619377205310686,0.020623724346139613,0.02062806729288959,0.02063240605439512,0.0206367406394827,0.020641071056934607,0.020645397315503917,0.020649719423925583,0.02065403739087465,0.020658351225073736,0.02066266093514206,0.020666966529703984,0.020671268017338106,0.020675565406611425,0.0206798587060573,0.020684147924183237,0.020688433069440647,0.020692714150342927,0.02069699117527984,0.02070126415264872,0.02070553309083061,0.02070979799816627,0.020714058882971308,0.02071831575354805,0.02072256861815402,0.020726817485045505,0.020731062362406308,0.020735303258416896,0.02073954018128322,0.020743773139120465,0.02074800214004644,0.020752227192120002,0.020756448303421767,0.020760665481978025,0.020764878735804376,0.020769088072894744,0.020773293501179103,0.02077749502859805,0.020781692663068754,0.02078588641248197,0.020790076284683767,0.020794262287459446,0.020798444428732854,0.0207984444428729,0.020798444443067235,0.020798444442233124,0.02079844444133488,0.020798444440444465,0.020798444439567975,0.02079844443870656,0.020798444437860792,0.020798444437031143,0.020798444436217894,0.020798444435421233,0.020798444434641235,0.020798444433877836,0.020798444433130895,0.020798444432400195,0.020798444431685433,0.020798444430986256,0.02079844443030224,0.020798444429632915,0.020798444428977814,0.020798444428336393,0.02079844442770815,0.020798444427092524,0.020798444426488955,0.02079844442589691,0.020798444425315848,0.0207984444247452,0.020798444424184485,0.020798444423633152,0.02079844442309073,0.020798444422556718,0.02079844442203068,0.020798444421512158,0.020798444421000734,0.020798444420496005,0.020798444419997595,0.020798444419505138,0.020798444419018312,0.020798444418536764,0.02079844441806021,0.020798444417588366,0.02079844441712096,0.020798444416657732,0.020798444416198464,0.020798444415742908,0.020798444415290884,0.02079844441484218,0.020798444414396634,0.020798444413954054,0.02079844441351432,0.02079844441307726,0.020798444412642732,0.02079844441221063,0.020798444411780814,0.02079844441135321,0.02079844441092768,0.020798444410504147,0.02079844441008252,0.02079844440966271,0.020798444409244655,0.020798444408828283,0.020798444408413535,0.02079844440800033,0.02079844440758863,0.020798444407178367,0.020798444406769517,0.02079844440636201,0.02079844440595582,0.02079844440555089,0.0207984444051472,0.020798444404744727,0.020798444404343426,0.02079844440394326,0.0207984444035442,0.02079844440314626,0.020798444402749368,0.02079844440235353,0.02079844440195873,0.020798444401564923,0.020798444401172105,0.02079844440078024,0.020798444400389356,0.02079844439999942,0.020798444399610403,0.020798444399222328,0.020798444398835134,0.020798444398448863,0.02079844439806345,0.020798444397678934,0.020798444397295276,0.020798444396912474,0.020798444396530526,0.020798444396149425,0.02079844439576916,0.020798444395389717,0.020798444395011096,0.020798444394633298,0.02079844439425631,0.020798444393880126,0.020798444393504728,0.02079844439313014,0.020798444392756334,0.020798444392383302,0.020798444392011048,0.02079844439163958,0.020798444391268885,0.02079844439089896,0.02079844439052978,0.02079844439016138,0.020798444389793728,0.02079844438942683,0.020798444389060686,0.02079844438869528,0.02079844438833063,0.020798444387966707,0.02079844438760352,0.02079844438724106,0.020798444386879354,0.020798444386518358,0.020798444386158094,0.020798444385798538,0.020798444385439714,0.02079844438508161,0.02079844438472421,0.02079844438436753,0.02079844438401155,0.020798444383656297,0.020798444383301716,0.020798444382947864,0.020798444382594712,0.020798444382242244,0.020798444381890463,0.020798444381539386,0.020798444381188986,0.02079844438083929,0.020798444380490277,0.020798444380141938,0.020798444379794286,0.02079844437944731,0.020798444379101014,0.02079844437875538,0.020798444378410434,0.020798444378066147,0.02079844437772253,0.020798444377379568,0.020798444377037286,0.020798444376695643,0.02079844437635468,0.020798444376014368,0.020798444375674702,0.0207984443753357,0.02079844437499734,0.02079844437465962,0.020798444374322572,0.020798444373986147,0.020798444373650374,0.020798444373315246,0.020798444372980753,0.02079844437264686,0.020798444372313648,0.020798444371981053,0.0207984443716491,0.020798444371317767,0.020798444370987063,0.02079844437065699,0.02079844437032753,0.020798444369998694,0.02079844436967048,0.020798444369342882,0.020798444369015887,0.020798444368689526,0.02079844436836376,0.020798444368038613,0.02079844436771407,0.02079844436739013,0.02079844436706681,0.02079844436674407,0.02079844436642195,0.020798444366100413,0.020798444365779493,0.020798444365459145,0.020798444365139397,0.020798444364820246,0.020798444364501675,0.0207984443641837,0.020798444363866322,0.02079844436354951,0.020798444363233286,0.02079844436291765,0.020798444362602565,0.020798444362288088,0.020798444361974172,0.020798444361660846,0.020798444361348076,0.020798444361035878,0.02079844436072424,0.020798444360413178,0.02079844436010269,0.020798444359792747,0.02079844435948338,0.02079844435917456,0.020798444358866314,0.020798444358558613,0.020798444358251473,0.020798444357944878,0.020798444357638845,0.020798444357333346,0.020798444357028413,0.020798444356724028,0.02079844435642018,0.02079844435611687,0.020798444355814114,0.020798444355511893,0.020798444355210197,0.020798444354909053,0.020798444354608443,0.020798444354308367,0.02079844435400881,0.020798444353709807,0.02079844435341132,0.020798444353113378,0.020798444352815946,0.02079844435251903,0.020798444352222646,0.020798444351926782,0.020798444351631425,0.02079844435133659,0.02079844435104228,0.02079844435074849,0.020798444350455206,0.020798444350162433,0.020798444349870174,0.020798444349578428,0.020798444349287185,0.020798444348996453,0.020798444348706223,0.020798444348416493,0.02079844434812727,0.020798444347838542,0.020798444347550307,0.02079844434726258,0.020798444346975344,0.020798444346688615,0.020798444346402364,0.020798444346116607,0.020798444345831342,0.02079844434554657,0.02079844434526228,0.02079844434497848,0.020798444344695168,0.020798444344412338,0.020798444344129984,0.020798444343848102,0.02079844434356672,0.020798444343285784,0.020798444343005346,0.020798444342725382,0.020798444342445883,0.02079844434216687,0.02079844434188833,0.02079844434161024,0.02079844434133263,0.02079844434105548,0.020798444340778807,0.02079844434050258,0.020798444340226832,0.02079844433995153,0.020798444339676696,0.020798444339402318,0.02079844433912841,0.020798444338854936,0.020798444338581926,0.020798444338309376,0.020798444338037275,0.020798444337765617,0.020798444337494414,0.02079844433722365,0.020798444336953353,0.02079844433668349,0.02079844433641407,0.02079844433614509,0.020798444335876548,0.020798444335608453,0.020798444335340806,0.0207984443350736,0.020798444334806824,0.02079844433454049,0.02079844433427457,0.0207984443340091,0.020798444333744066,0.020798444333479448,0.020798444333215274,0.020798444332951516,0.020798444332688185,0.020798444332425278,0.020798444332162797,0.020798444331900746,0.020798444331639115,0.020798444331377897,0.02079844433111711,0.020798444330856737,0.02079844433059678,0.02079844433033725,0.020798444330078127,0.02079844432981941,0.02079844432956112,0.020798444329303233,0.02079844432904578,0.02079844432878871,0.020798444328532062,0.020798444328275812,0.02079844432801997,0.02079844432776454,0.020798444327509515,0.0207984443272549,0.020798444327000672,0.020798444326746865,0.020798444326493443,0.020798444326240412,0.020798444325987788,0.020798444325735556,0.020798444325483716,0.020798444325232267,0.020798444324981215,0.020798444324730565,0.020798444324480306,0.020798444324230444,0.02079844432398096,0.02079844432373185,0.020798444323483142,0.020798444323234817,0.020798444322986876,0.020798444322739317,0.02079844432249214,0.020798444322245344,0.02079844432199893,0.020798444321752887,0.020798444321507237,0.020798444321261954,0.02079844432101704,0.02079844432077251,0.02079844432052836,0.02079844432028458,0.020798444320041173,0.020798444319798125,0.020798444319555458,0.02079844431931315,0.020798444319071213,0.02079844431882966,0.020798444318588457,0.020798444318347625,0.02079844431810715,0.02079844431786706,0.020798444317627306,0.020798444317387914,0.020798444317148907,0.020798444316910233,0.020798444316671938,0.020798444316434003,0.020798444316196405,0.020798444315959192,0.02079844431572231,0.020798444315485786,0.02079844431524961,0.02079844431501379,0.020798444314778324,0.02079844431454321,0.02079844431430843,0.020798444314074002,0.020798444313839926,0.020798444313606196,0.02079844431337281,0.020798444313139777,0.020798444312907075,0.020798444312674726,0.02079844431244271,0.02079844431221104,0.02079844431197971,0.020798444311748723,0.02079844431151807,0.020798444311287752,0.020798444311057773,0.02079844431082813,0.02079844431059882,0.020798444310369847,0.020798444310141207,0.0207984443099129,0.020798444309684926,0.02079844430945729,0.020798444309229964,0.020798444309002972,0.020798444308776316,0.020798444308549977,0.020798444308323973,0.020798444308098296,0.02079844430787294,0.020798444307647903,0.020798444307423197,0.0207984443071988,0.020798444306974733,0.02079844430675098,0.020798444306527553,0.02079844430630444,0.020798444306081652,0.020798444305859167,0.020798444305637005,0.020798444305415154,0.02079844430519362,0.020798444304972394,0.0207984443047515,0.020798444304530914,0.020798444304310628,0.02079844430409065,0.020798444303870987,0.020798444303651638,0.020798444303432594,0.02079844430321386,0.020798444302995427,0.02079844430277731,0.020798444302559494,0.020798444302341988,0.020798444302124772,0.020798444301907876,0.02079844430169127,0.020798444301474973,0.020798444301258975,0.020798444301043266,0.020798444300827862,0.02079844430061276,0.020798444300397952,0.02079844430018344,0.02079844429996923,0.020798444299755307,0.02079844429954169,0.020798444299328357,0.020798444299115308,0.020798444298902576,0.02079844429869012,0.02079844429847796,0.0207984442982661,0.020798444298054525,0.020798444297843235,0.020798444297632227,0.020798444297421507,0.020798444297211068,0.020798444297000934,0.020798444296791063,0.020798444296581484,0.0207984442963722,0.020798444296163194,0.02079844429595444,0.020798444295746007,0.020798444295537843,0.02079844429532996,0.020798444295122367,0.020798444294915047,0.020798444294708,0.020798444294501242,0.020798444294294754,0.020798444294088544,0.02079844429388261,0.020798444293676947,0.02079844429347157,0.02079844429326645,0.020798444293061612,0.02079844429285706,0.020798444292652745,0.020798444292448724,0.020798444292244984,0.02079844429204149,0.020798444291838285,0.020798444291635337,0.020798444291432648,0.020798444291230244,0.02079844429102811,0.020798444290826223,0.020798444290624607,0.020798444290423254,0.02079844429022217,0.020798444290021353,0.020798444289820795,0.020798444289620497,0.020798444289420476,0.020798444289220692,0.02079844428902118,0.020798444288821924,0.02079844428862293,0.020798444288424207,0.020798444288225724,0.0207984442880275,0.02079844428782953,0.02079844428763184,0.02079844428743438,0.02079844428723718,0.020798444287040238,0.020798444286843562,0.02079844428664713,0.02079844428645095,0.020798444286255015,0.020798444286059346,0.02079844428586392,0.020798444285668738,0.020798444285473797,0.020798444285279133,0.020798444285084695,0.02079844428489052,0.020798444284696578,0.020798444284502893,0.020798444284309447,0.020798444284116254,0.02079844428392329,0.02079844428373058,0.020798444283538123,0.020798444283345905,0.020798444283153923,0.02079844428296219,0.020798444282770695,0.020798444282579442,0.02079844428238843,0.020798444282197657,0.02079844428200714,0.020798444281816836,0.020798444281626784,0.02079844428143696,0.020798444281247382,0.020798444281058037,0.02079844428086892,0.020798444280680055,0.02079844428049142,0.020798444280303016,0.02079844428011485,0.02079844427992691,0.020798444279739214,0.020798444279551756,0.020798444279364527,0.020798444279177524,0.02079844427899075,0.02079844427880422,0.020798444278617902,0.02079844427843181,0.02079844427824596,0.020798444278060352,0.020798444277874945,0.02079844427768978,0.02079844427750484,0.02079844427732011,0.020798444277135637,0.020798444276951364,0.020798444276767317,0.020798444276583505,0.020798444276399923,0.020798444276216563,0.020798444276033414,0.0207984442758505,0.02079844427566779,0.02079844427548532,0.020798444275303054,0.020798444275121033,0.020798444274939206,0.02079844427475761,0.02079844427457623,0.020798444274395072,0.020798444274214123,0.020798444274033403,0.02079844427385289,0.020798444273672598,0.020798444273492533,0.020798444273312674,0.020798444273133036,0.0207984442729536,0.02079844427277439,0.0207984442725954,0.02079844427241661,0.020798444272238054,0.020798444272059683,0.020798444271881544,0.020798444271703593,0.020798444271525867,0.02079844427134836,0.020798444271171064,0.020798444270993973,0.020798444270817076,0.0207984442706404,0.020798444270463935,0.020798444270287673,0.020798444270111616,0.020798444269935774,0.02079844426976014,0.020798444269584705,0.020798444269409473,0.020798444269234453,0.020798444269059635,0.02079844426888502,0.02079844426871062,0.02079844426853641,0.020798444268362404,0.020798444268188613,0.020798444268015002,0.020798444267841616,0.020798444267668414,0.020798444267495428,0.020798444267322632,0.02079844426715005,0.020798444266977655,0.02079844426680546,0.020798444266633465,0.02079844426646168,0.020798444266290076,0.020798444266118682,0.02079844426594748,0.02079844426577647,0.020798444265605672,0.020798444265435062,0.020798444265264657,0.02079844426509444,0.02079844426492441,0.02079844426475459,0.020798444264584954,0.02079844426441551,0.020798444264246277,0.020798444264077218,0.020798444263908356,0.02079844426373969,0.020798444263571202,0.020798444263402924,0.020798444263234822,0.020798444263066925,0.02079844426289922,0.020798444262731697,0.02079844426256436,0.020798444262397204,0.02079844426223026,0.0207984442620635,0.020798444261896924,0.020798444261730515,0.02079844426156432,0.020798444261398295,0.020798444261232472,0.02079844426106682,0.02079844426090136,0.020798444260736088,0.020798444260570995,0.020798444260406092,0.02079844426024138,0.02079844426007684,0.02079844425991249,0.02079844425974832,0.020798444259584336,0.020798444259420533,0.020798444259256903,0.0207984442590935,0.020798444258930224,0.020798444258767153,0.02079844425860426,0.02079844425844155,0.02079844425827895,0.020798444258116555,0.02079844425795437,0.020798444257792367,0.020798444257630513,0.020798444257468837,0.020798444257307362,0.020798444257146085,0.020798444256984978,0.020798444256824134,0.02079844425666328,0.020798444256502693,0.020798444256342287,0.02079844425618207,0.020798444256022015,0.02079844425586214,0.02079844425570243,0.02079844425554291,0.02079844425538355,0.020798444255224376,0.020798444255065357,0.020798444254906522,0.020798444254747864,0.020798444254589366,0.02079844425443105,0.020798444254272897,0.020798444254114912,0.020798444253957115,0.020798444253799477,0.020798444253642016,0.02079844425348472,0.020798444253327598,0.020798444253170636,0.020798444253013845,0.020798444252857234,0.020798444252700783,0.020798444252544502,0.02079844425238838,0.02079844425223244,0.020798444252076664,0.020798444251921046,0.020798444251765608,0.020798444251610326,0.020798444251455214,0.02079844425130026,0.020798444251145486,0.02079844425099086,0.020798444250836406,0.02079844425068212,0.02079844425052801,0.020798444250374054,0.02079844425022026,0.02079844425006662,0.02079844424991315,0.020798444249759834,0.0207984442496067,0.0207984442494537,0.02079844424930088,0.020798444249148212,0.020798444248995723,0.020798444248843383,0.020798444248691195,0.020798444248539168,0.020798444248387313,0.020798444248235615,0.02079844424808407,0.02079844424793269,0.020798444247781458,0.02079844424763039,0.020798444247479484,0.020798444247328744,0.020798444247178142,0.02079844424702772,0.02079844424687743,0.020798444246727315,0.020798444246577362,0.020798444246427544,0.0207984442462779,0.020798444246128395,0.02079844424597906,0.02079844424582987,0.020798444245680833,0.02079844424553196,0.020798444245383237,0.02079844424523467,0.020798444245086253,0.020798444244937982,0.02079844424478988,0.020798444244641928,0.02079844424449412,0.020798444244346476,0.02079844424419897,0.020798444244051622,0.020798444243904417,0.020798444243757375,0.020798444243610485,0.020798444243463745,0.020798444243317154,0.020798444243170705,0.02079844424302441,0.020798444242878276,0.020798444242732278,0.02079844424258644,0.020798444242440733,0.020798444242295176,0.02079844424214978,0.020798444242004523,0.020798444241859414,0.020798444241714474,0.020798444241569656,0.020798444241424994,0.020798444241280478,0.020798444241136117,0.0207984442409919,0.020798444240847827,0.020798444240703876,0.020798444240560106,0.020798444240416464,0.020798444240272974,0.020798444240129613,0.020798444239986398,0.020798444239843353,0.020798444239700432,0.02079844423955766,0.020798444239415032,0.020798444239272552,0.020798444239130204,0.02079844423898801,0.020798444238845953,0.020798444238704035,0.020798444238562266,0.020798444238420633,0.020798444238279146,0.020798444238137804,0.02079844423799661,0.02079844423785554,0.020798444237714618,0.020798444237573845,0.02079844423743319,0.020798444237292695,0.020798444237152332,0.020798444237012114,0.020798444236872028,0.02079844423673209,0.02079844423659228,0.02079844423645261,0.020798444236313083,0.0207984442361737,0.02079844423603444,0.02079844423589532,0.020798444235756358,0.02079844423561751,0.0207984442354788,0.020798444235340247,0.02079844423520182,0.02079844423506353,0.02079844423492538,0.020798444234787352,0.020798444234649462,0.020798444234511725,0.020798444234374117,0.020798444234236626,0.020798444234099284,0.02079844423396208,0.020798444233825004,0.02079844423368806,0.020798444233551254,0.020798444233414575,0.020798444233278042,0.020798444233141637,0.020798444233005357,0.02079844423286923,0.020798444232733214,0.020798444232597343,0.0207984442324616,0.020798444232325988,0.02079844423219051,0.02079844423205516,0.020798444231919937,0.02079844423178486,0.020798444231649914,0.02079844423151509,0.020798444231380404,0.02079844423124583,0.02079844423111141,0.020798444230977122,0.02079844423084294,0.020798444230708896,0.02079844423057498,0.0207984442304412,0.020798444230307554,0.02079844423017403,0.020798444230040625,0.020798444229907356,0.020798444229774223,0.02079844422964121,0.020798444229508325,0.02079844422937556,0.020798444229242936,0.020798444229110438,0.02079844422897807,0.020798444228845806,0.020798444228713707,0.020798444228581726,0.020798444228449838,0.0207984442283181,0.02079844422818649,0.020798444228055008,0.020798444227923648,0.02079844422779236,0.020798444227661233,0.020798444227530244,0.020798444227399383,0.02079844422726864,0.020798444227138033,0.02079844422700753,0.02079844422687717,0.020798444226746926,0.020798444226616794,0.0207984442264868,0.020798444226356926,0.020798444226227182,0.020798444226097557,0.02079844422596804,0.02079844422583867,0.020798444225709402,0.02079844422558025,0.02079844422545123,0.020798444225322333,0.02079844422519355,0.020798444225064897,0.02079844422493637,0.020798444224808133,0.02079844422467982,0.02079844422455165,0.020798444224423597,0.020798444224295675,0.020798444224167857,0.02079844422404017,0.02079844422391261,0.02079844422378516,0.02079844422365783,0.020798444223530624,0.020798444223403524,0.020798444223276546,0.020798444223149696,0.020798444223022964,0.020798444222896346,0.020798444222769847,0.020798444222643455,0.020798444222517202,0.02079844422239105,0.020798444222265025,0.020798444222139112,0.020798444222013313,0.02079844422188765,0.020798444221762073,0.020798444221636635,0.020798444221511312,0.0207984442213861,0.020798444221261002,0.02079844422113602,0.020798444221011157,0.02079844422088641,0.020798444220761783,0.020798444220637268,0.02079844422051286,0.020798444220388578,0.020798444220264403,0.02079844422014035,0.0207984442200164,0.02079844421989257,0.020798444219768855,0.02079844421964525,0.02079844421952177,0.02079844421939839,0.02079844421927514,0.020798444219151984,0.02079844421902895,0.020798444218906028,0.020798444218783213,0.020798444218660516,0.020798444218537937,0.020798444218415466,0.020798444218293112,0.02079844421817087,0.020798444218048735,0.020798444217926714,0.020798444217804808,0.020798444217683013,0.020798444217561322,0.020798444217439756,0.02079844421731828,0.02079844421719693,0.020798444217075683,0.020798444216954547,0.02079844421683353,0.020798444216712612,0.020798444216591806,0.020798444216471108,0.020798444216350534,0.020798444216230054,0.020798444216109692,0.020798444215989434,0.020798444215869284,0.02079844421574924,0.020798444215629316,0.0207984442155095,0.02079844421538979,0.020798444215270183,0.02079844421515068,0.0207984442150313,0.02079844421491203,0.020798444214792856,0.020798444214673806,0.020798444214554856,0.020798444214436017,0.020798444214317268,0.02079844421419864,0.020798444214080107,0.020798444213961695,0.020798444213843397,0.020798444213725186,0.02079844421360708,0.020798444213489076,0.02079844421337119,0.020798444213253418,0.020798444213135734,0.020798444213018165,0.02079844421290069,0.02079844421278332,0.020798444212666068,0.02079844421254894,0.020798444212431884,0.020798444212314932,0.020798444212198078,0.020798444212081352,0.02079844421196472,0.02079844421184819,0.02079844421173179,0.02079844421161548,0.02079844421149927,0.020798444211383164,0.020798444211267152,0.020798444211151262,0.020798444211035473,0.02079844421091977,0.020798444210804186,0.020798444210688702,0.020798444210573308,0.02079844421045803,0.020798444210342847,0.02079844421022777,0.020798444210112798,0.02079844420999792,0.02079844420988314,0.020798444209768473,0.0207984442096539,0.02079844420953943,0.020798444209425063,0.0207984442093108,0.020798444209196645,0.020798444209082577,0.020798444208968623,0.020798444208854752,0.020798444208740986,0.020798444208627323,0.020798444208513758,0.020798444208400296,0.020798444208286936,0.020798444208173682,0.020798444208060513,0.020798444207947443,0.020798444207834492,0.020798444207721627,0.02079844420760886,0.020798444207496197,0.020798444207383627,0.020798444207271158,0.020798444207158793,0.020798444207046525,0.020798444206934358,0.02079844420682228,0.02079844420671031,0.020798444206598442,0.020798444206486664,0.020798444206374982,0.02079844420626341,0.02079844420615192,0.020798444206040538,0.020798444205929256,0.020798444205818063,0.02079844420570696,0.02079844420559596,0.020798444205485076,0.020798444205374262,0.02079844420526357,0.020798444205152953,0.02079844420504243,0.020798444204932015,0.0207984442048217,0.02079844420471147,0.020798444204601342,0.0207984442044913,0.02079844420438136,0.02079844420427152,0.020798444204161753,0.020798444204052115,0.020798444203942563,0.020798444203833106,0.02079844420372375,0.02079844420361449,0.020798444203505313,0.02079844420339623,0.020798444203287247,0.020798444203178355,0.02079844420306956,0.020798444202960856,0.020798444202852238,0.020798444202743713,0.020798444202635293,0.020798444202526963,0.020798444202418727,0.020798444202310584,0.02079844420220253,0.020798444202094587,0.02079844420198672,0.020798444201878947,0.020798444201771266,0.020798444201663692,0.020798444201556212,0.020798444201448805,0.020798444201341505,0.020798444201234292,0.02079844420112717,0.02079844420102015,0.020798444200913212,0.020798444200806364,0.020798444200699616,0.020798444200592965,0.02079844420048639,0.020798444200379913,0.020798444200273526,0.02079844420016723,0.020798444200061026,0.02079844419995492,0.020798444199848887,0.02079844419974296,0.02079844419963712,0.020798444199531377,0.020798444199425708,0.020798444199320143,0.020798444199214658,0.02079844419910927,0.020798444199003983,0.020798444198898782,0.020798444198793658,0.020798444198688617,0.020798444198583697,0.020798444198478837,0.02079844419837408,0.020798444198269414,0.020798444198164838,0.020798444198060352,0.020798444197955953,0.02079844419785164,0.020798444197747422,0.020798444197643283,0.020798444197539234,0.020798444197435272,0.020798444197331394,0.020798444197227622,0.02079844419712392,0.020798444197020302,0.02079844419691679,0.02079844419681336,0.02079844419671002,0.020798444196606754,0.020798444196503594,0.020798444196400527,0.020798444196297523,0.020798444196194626,0.020798444196091816,0.02079844419598908,0.020798444195886435,0.020798444195783878,0.0207984441956814,0.020798444195579018,0.020798444195476724,0.02079844419537451,0.020798444195272384,0.020798444195170355,0.020798444195068395,0.02079844419496653,0.02079844419486475,0.020798444194763056,0.020798444194661446,0.02079844419455992,0.020798444194458497,0.020798444194357144,0.020798444194255868,0.020798444194154702,0.0207984441940536,0.020798444193952596,0.020798444193851656,0.020798444193750817,0.020798444193650057,0.02079844419354939,0.020798444193448794,0.020798444193348295,0.020798444193247875,0.020798444193147546,0.02079844419304728,0.02079844419294711,0.020798444192847033,0.020798444192747022,0.02079844419264711,0.020798444192547273,0.020798444192447526,0.020798444192347863,0.02079844419224829,0.02079844419214879,0.020798444192049376,0.020798444191950052,0.020798444191850805,0.020798444191751635,0.02079844419165255,0.020798444191553554,0.02079844419145464,0.0207984441913558,0.020798444191257058,0.020798444191158397,0.020798444191059817,0.02079844419096129,0.020798444190862873,0.020798444190764532,0.020798444190666256,0.020798444190568085,0.02079844419046999,0.02079844419037198,0.020798444190274035,0.020798444190176183,0.02079844419007841,0.02079844418998072,0.020798444189883112,0.02079844418978559,0.020798444189688157,0.020798444189590787,0.0207984441894935,0.020798444189396307,0.020798444189299187,0.02079844418920214,0.02079844418910519,0.020798444189008294,0.020798444188911514,0.020798444188814803,0.020798444188718162,0.0207984441886216,0.020798444188525122,0.020798444188428734,0.020798444188332404,0.020798444188236176,0.020798444188140024,0.020798444188043937,0.020798444187947938,0.020798444187852025,0.020798444187756185,0.020798444187660425,0.020798444187564734,0.02079844418746912,0.020798444187373605,0.02079844418727815,0.020798444187182782,0.020798444187087494,0.02079844418699228,0.02079844418689715,0.02079844418680209,0.020798444186707118,0.020798444186612225,0.020798444186517405,0.02079844418642266,0.020798444186327997,0.020798444186233424,0.02079844418613891,0.020798444186044474,0.020798444185950133,0.020798444185855865,0.020798444185761676,0.020798444185667554,0.02079844418557352,0.020798444185479548,0.020798444185385664,0.020798444185291847,0.02079844418519812,0.02079844418510446,0.020798444185010888,0.020798444184917376,0.020798444184823957,0.0207984441847306,0.02079844418463733,0.020798444184544133,0.020798444184451013,0.020798444184357966,0.020798444184265002,0.02079844418417212,0.0207984441840793,0.020798444183986565,0.020798444183893903,0.02079844418380131,0.0207984441837088,0.02079844418361636,0.020798444183524004,0.020798444183431717,0.0207984441833395,0.020798444183247368,0.02079844418315531,0.02079844418306333,0.020798444182971415,0.020798444182879593,0.02079844418278783,0.020798444182696146,0.02079844418260453,0.020798444182512997,0.020798444182421535,0.020798444182330154,0.020798444182238838,0.020798444182147595,0.02079844418205644,0.020798444181965355,0.020798444181874334,0.020798444181783397,0.020798444181692518,0.02079844418160173,0.020798444181511014,0.020798444181420364,0.02079844418132979,0.020798444181239304,0.020798444181148876,0.02079844418105852,0.020798444180968247,0.02079844418087804,0.020798444180787905,0.020798444180697855,0.02079844418060787,0.020798444180517964,0.020798444180428113,0.02079844418033835,0.02079844418024866,0.02079844418015904,0.020798444180069493,0.020798444179980013,0.020798444179890616,0.020798444179801288,0.02079844417971202,0.020798444179622837,0.020798444179533717,0.02079844417944468,0.020798444179355703,0.020798444179266806,0.02079844417917797,0.020798444179089222,0.020798444179000543,0.020798444178911937,0.020798444178823376,0.020798444178734922,0.020798444178646524,0.020798444178558195,0.02079844417846995,0.020798444178381763,0.020798444178293653,0.020798444178205606,0.020798444178117645,0.020798444178029743,0.02079844417794191,0.02079844417785415,0.020798444177766454,0.02079844417767884,0.020798444177591295,0.02079844417750383,0.020798444177416418,0.02079844417732909,0.020798444177241818,0.020798444177154637,0.020798444177067506,0.02079844417698045,0.02079844417689346,0.020798444176806544,0.0207984441767197,0.020798444176632926,0.020798444176546218,0.020798444176459586,0.020798444176373023,0.020798444176286526,0.020798444176200095,0.020798444176113737,0.020798444176027445,0.020798444175941223,0.02079844417585507,0.020798444175768992,0.020798444175682978,0.020798444175597033,0.020798444175511164,0.020798444175425358,0.020798444175339614,0.020798444175253956,0.020798444175168344,0.020798444175082816,0.02079844417499736,0.02079844417491196,0.02079844417482664,0.020798444174741377,0.020798444174656195,0.020798444174571083,0.020798444174486015,0.02079844417440104,0.020798444174316123,0.02079844417423127,0.020798444174146495,0.02079844417406177,0.02079844417397713,0.02079844417389256,0.020798444173808054,0.020798444173723608,0.020798444173639227,0.020798444173554913,0.020798444173470675,0.0207984441733865,0.020798444173302386,0.020798444173218356,0.020798444173134374,0.02079844417305047,0.020798444172966633,0.020798444172882853,0.02079844417279914,0.0207984441727155,0.020798444172631946,0.020798444172548437,0.020798444172464996,0.020798444172381633,0.020798444172298314,0.020798444172215085,0.020798444172131905,0.02079844417204881,0.02079844417196576,0.020798444171882778,0.020798444171799865,0.02079844417171702,0.020798444171634237,0.02079844417155153,0.020798444171468877,0.020798444171386297,0.020798444171303783,0.020798444171221328,0.020798444171138946,0.020798444171056633,0.020798444170974387,0.02079844417089219,0.02079844417081006,0.020798444170727994,0.020798444170646004,0.020798444170564062,0.020798444170482194,0.020798444170400394,0.020798444170318658,0.020798444170236987,0.020798444170155382,0.020798444170073836,0.02079844416999237,0.020798444169910956,0.02079844416982961,0.020798444169748322,0.0207984441696671,0.020798444169585945,0.020798444169504864,0.02079844416942384,0.020798444169342872,0.02079844416926197,0.020798444169181137,0.020798444169100358,0.020798444169019655,0.02079844416893902,0.02079844416885844,0.02079844416877793,0.020798444168697482,0.02079844416861709,0.020798444168536767,0.0207984441684565,0.02079844416837629,0.020798444168296158,0.020798444168216093,0.020798444168136084,0.020798444168056138,0.020798444167976254,0.02079844416789643,0.020798444167816663,0.02079844416773697,0.02079844416765734,0.020798444167577763,0.020798444167498268,0.020798444167418804,0.020798444167339423,0.02079844416726011,0.02079844416718086,0.020798444167101658,0.020798444167022534,0.02079844416694346,0.02079844416686445,0.020798444166785505,0.02079844416670663,0.02079844416662781,0.02079844416654906,0.020798444166470354,0.020798444166391712,0.020798444166313143,0.020798444166234623,0.02079844416615617,0.020798444166077772,0.020798444165999443,0.02079844416592116,0.020798444165842953,0.020798444165764804,0.02079844416568673,0.020798444165608724,0.020798444165530755,0.02079844416545285,0.020798444165375005,0.02079844416529722,0.0207984441652195,0.02079844416514184,0.02079844416506424,0.0207984441649867,0.020798444164909224,0.0207984441648318,0.02079844416475445,0.020798444164677153,0.020798444164599923,0.020798444164522752,0.020798444164445647,0.02079844416436859,0.020798444164291593,0.020798444164214665,0.0207984441641378,0.020798444164060997,0.020798444163984228,0.02079844416390754,0.02079844416383091,0.020798444163754336,0.020798444163677817,0.020798444163601368,0.020798444163524978,0.02079844416344865,0.02079844416337238,0.02079844416329615,0.020798444163220013,0.02079844416314391,0.02079844416306787,0.0207984441629919,0.020798444162915982,0.020798444162840126,0.02079844416276433,0.020798444162688584,0.020798444162612915,0.020798444162537278,0.020798444162461724,0.020798444162386208,0.02079844416231078,0.020798444162235398,0.02079844416216007,0.020798444162084796,0.020798444162009586,0.020798444161934434,0.020798444161859334,0.020798444161784304,0.020798444161709333,0.020798444161634403,0.02079844416155956,0.020798444161484766,0.020798444161410017,0.020798444161335333,0.0207984441612607,0.020798444161186126,0.02079844416111161,0.020798444161037162,0.020798444160962753,0.02079844416088843,0.020798444160814146,0.020798444160739928,0.020798444160665754,0.020798444160591647,0.020798444160517595,0.0207984441604436,0.02079844416036966,0.02079844416029578,0.020798444160221956,0.020798444160148175,0.02079844416007447,0.020798444160000817,0.020798444159927227,0.020798444159853685,0.020798444159780213,0.020798444159706782,0.02079844415963341,0.020798444159560107,0.02079844415948684,0.02079844415941365,0.02079844415934051,0.020798444159267418,0.02079844415919439,0.02079844415912141,0.020798444159048496,0.020798444158975648,0.020798444158902838,0.0207984441588301,0.0207984441587574,0.020798444158684773,0.020798444158612196,0.020798444158539674,0.02079844415846721,0.0207984441583948,0.020798444158322448,0.02079844415825015,0.020798444158177908,0.02079844415810572,0.020798444158033585,0.020798444157961515,0.020798444157889503,0.020798444157817526,0.020798444157745625,0.020798444157673776,0.020798444157601972,0.020798444157530228,0.02079844415745853,0.02079844415738689,0.02079844415731532,0.020798444157243797,0.020798444157172333,0.020798444157100915,0.02079844415702955,0.02079844415695825,0.02079844415688701,0.02079844415681581,0.020798444156744682,0.020798444156673594,0.020798444156602567,0.020798444156531593,0.02079844415646068,0.02079844415638981,0.020798444156319013,0.02079844415624825,0.02079844415617754,0.0207984441561069,0.020798444156036298,0.02079844415596576,0.02079844415589526,0.02079844415582484,0.020798444155754468,0.020798444155684152,0.020798444155613893,0.020798444155543674,0.020798444155473522,0.020798444155403422,0.020798444155333367,0.020798444155263378,0.020798444155193434,0.02079844415512354,0.020798444155053702,0.020798444154983924,0.020798444154914195,0.020798444154844508,0.020798444154774887,0.020798444154705314,0.020798444154635786,0.020798444154566317,0.020798444154496908,0.020798444154427543,0.02079844415435824,0.020798444154288977,0.020798444154219786,0.02079844415415064,0.02079844415408155,0.020798444154012496,0.02079844415394352,0.020798444153874586,0.0207984441538057,0.020798444153736873,0.0207984441536681,0.02079844415359937,0.0207984441535307,0.02079844415346207,0.020798444153393505,0.020798444153324984,0.02079844415325652,0.020798444153188104,0.020798444153119756,0.020798444153051442,0.020798444152983177,0.020798444152914985,0.020798444152846842,0.02079844415277874,0.020798444152710684,0.020798444152642703,0.02079844415257476,0.02079844415250687,0.020798444152439033,0.02079844415237124,0.020798444152303506,0.020798444152235817,0.020798444152168194,0.02079844415210061,0.02079844415203307,0.020798444151965596,0.020798444151898167,0.02079844415183079,0.020798444151763466,0.020798444151696183,0.020798444151628966,0.02079844415156178,0.020798444151494663,0.020798444151427613,0.020798444151360587,0.020798444151293626,0.02079844415122671,0.020798444151159855,0.020798444151093037,0.02079844415102628,0.020798444150959567,0.02079844415089291,0.020798444150826288,0.020798444150759737,0.020798444150693228,0.020798444150626764,0.020798444150560355,0.020798444150493995,0.02079844415042771,0.02079844415036144,0.020798444150295255,0.020798444150229092,0.02079844415016299,0.020798444150096934,0.020798444150030928,0.020798444149964967,0.020798444149899068,0.020798444149833204,0.020798444149767406,0.020798444149701653,0.020798444149635952,0.020798444149570286,0.020798444149504686,0.020798444149439137,0.020798444149373627,0.020798444149308176,0.020798444149242763,0.020798444149177406,0.02079844414911208,0.020798444149046837,0.020798444148981635,0.020798444148916476,0.020798444148851368,0.02079844414878629,0.020798444148721288,0.020798444148656312,0.020798444148591402,0.020798444148526534,0.020798444148461714,0.020798444148396954,0.020798444148332228,0.020798444148267568,0.02079844414820295,0.020798444148138376,0.02079844414807384,0.02079844414800937,0.020798444147944933,0.020798444147880547,0.02079844414781623,0.020798444147751956,0.020798444147687715,0.02079844414762353,0.020798444147559388,0.02079844414749531,0.020798444147431264,0.02079844414736729,0.020798444147303346,0.02079844414723945,0.020798444147175597,0.020798444147111808,0.02079844414704805,0.02079844414698436,0.0207984441469207,0.020798444146857095,0.02079844414679354,0.020798444146730023,0.02079844414666656,0.02079844414660313,0.020798444146539762,0.020798444146476438,0.02079844414641317,0.020798444146349942,0.020798444146286777,0.020798444146223654,0.02079844414616057,0.020798444146097536,0.020798444146034552,0.020798444145971606,0.02079844414590872,0.02079844414584587,0.020798444145783076,0.02079844414572033,0.020798444145657624,0.020798444145594976,0.020798444145532367,0.02079844414546981,0.020798444145407293,0.020798444145344826,0.02079844414528242,0.02079844414522004,0.020798444145157708,0.02079844414509542,0.02079844414503319,0.020798444144971003,0.020798444144908862,0.020798444144846776,0.020798444144784732,0.020798444144722723,0.02079844414466078,0.02079844414459887,0.020798444144537007,0.02079844414447519,0.020798444144413418,0.020798444144351693,0.020798444144290027,0.020798444144228382,0.020798444144166792,0.020798444144105272,0.020798444144043773,0.02079844414398233,0.02079844414392093,0.020798444143859587,0.02079844414379828,0.02079844414373702,0.020798444143675814,0.020798444143614633,0.020798444143553516,0.02079844414349244,0.02079844414343141,0.02079844414337043,0.02079844414330948,0.020798444143248586,0.020798444143187732,0.02079844414312693,0.020798444143066166,0.020798444143005447,0.020798444142944784,0.020798444142884166,0.020798444142823586,0.020798444142763058,0.020798444142702575,0.020798444142642127,0.020798444142581737,0.020798444142521376,0.020798444142461056,0.020798444142400795,0.02079844414234058,0.020798444142280402,0.020798444142220273,0.02079844414216019,0.020798444142100147,0.02079844414204016,0.02079844414198021,0.020798444141920308,0.02079844414186045,0.02079844414180063,0.020798444141740865,0.020798444141681145,0.02079844414162146,0.020798444141561827,0.020798444141502233,0.02079844414144269,0.02079844414138319,0.02079844414132373,0.020798444141264315,0.020798444141204964,0.020798444141145633,0.02079844414108635,0.020798444141027116,0.02079844414096792,0.020798444140908777,0.020798444140849665,0.020798444140790594,0.02079844414073159,0.02079844414067262,0.020798444140613687,0.020798444140554803,0.020798444140495965,0.020798444140437147,0.02079844414037837,0.020798444140319675,0.020798444140261,0.02079844414020238,0.02079844414014379,0.020798444140085255,0.020798444140026764,0.020798444139968307,0.020798444139909902,0.020798444139851546,0.02079844413979323,0.020798444139734938,0.020798444139676707,0.02079844413961851,0.02079844413956036,0.020798444139502253,0.020798444139444195,0.020798444139386172,0.020798444139328198,0.020798444139270268,0.020798444139212374,0.020798444139154524,0.020798444139096716,0.020798444139038953,0.020798444138981246,0.02079844413892356,0.020798444138865932,0.020798444138808343,0.020798444138750795,0.02079844413869329,0.020798444138635838,0.020798444138578415,0.020798444138521048,0.02079844413846371,0.020798444138406414,0.02079844413834916,0.02079844413829196,0.020798444138234787,0.020798444138177663,0.02079844413812057,0.02079844413806354,0.020798444138006546,0.020798444137949585,0.02079844413789268,0.020798444137835798,0.020798444137778975,0.020798444137722177,0.020798444137665434,0.02079844413760874,0.020798444137552077,0.02079844413749545,0.020798444137438872,0.020798444137382327,0.020798444137325837,0.020798444137269386,0.02079844413721297,0.020798444137156608,0.020798444137100268,0.020798444137043973,0.02079844413698774,0.020798444136931524,0.020798444136875358,0.020798444136819236,0.020798444136763156,0.020798444136707107,0.020798444136651113,0.02079844413659515,0.020798444136539227,0.02079844413648336,0.020798444136427518,0.02079844413637173,0.020798444136315975,0.020798444136260273,0.02079844413620461,0.020798444136148977,0.020798444136093396,0.020798444136037847,0.02079844413598233,0.020798444135926866,0.02079844413587145,0.020798444135816052,0.02079844413576072,0.02079844413570541,0.020798444135650147,0.020798444135594934,0.020798444135539752,0.02079844413548462,0.020798444135429528,0.02079844413537446,0.02079844413531944,0.020798444135264466,0.02079844413520953,0.020798444135154626,0.020798444135099774,0.02079844413504496,0.02079844413499019,0.020798444134935458,0.020798444134880762,0.0207984441348261,0.02079844413477149,0.02079844413471691,0.020798444134662378,0.02079844413460788,0.02079844413455342,0.020798444134499,0.020798444134444625,0.020798444134390293,0.02079844413433599,0.02079844413428173,0.020798444134227514,0.02079844413417333,0.02079844413411919,0.0207984441340651,0.020798444134011038,0.020798444133956998,0.020798444133903006,0.020798444133849077,0.020798444133795176,0.020798444133741326,0.0207984441336875,0.020798444133633718,0.02079844413357997,0.020798444133526262,0.0207984441334726,0.020798444133418973,0.020798444133365384,0.02079844413331183,0.020798444133258334,0.02079844413320486,0.020798444133151427,0.020798444133098032,0.020798444133044682,0.020798444132991364,0.020798444132938073,0.02079844413288485,0.020798444132831644,0.02079844413277849,0.02079844413272537,0.0207984441326723,0.020798444132619262,0.020798444132566256,0.02079844413251329,0.020798444132460358,0.02079844413240748,0.020798444132354616,0.020798444132301797,0.020798444132249037,0.020798444132196295,0.020798444132143597,0.02079844413209094,0.020798444132038324,0.020798444131985748,0.020798444131933203,0.020798444131880697,0.020798444131828228,0.020798444131775798,0.020798444131723406,0.020798444131671052,0.02079844413161875,0.020798444131566472,0.020798444131514226,0.020798444131462028,0.020798444131409865,0.020798444131357754,0.02079844413130566,0.020798444131253622,0.020798444131201615,0.02079844413114964,0.020798444131097694,0.020798444131045805,0.020798444130993937,0.02079844413094212,0.020798444130890322,0.02079844413083859,0.02079844413078687,0.020798444130735182,0.020798444130683567,0.020798444130631963,0.0207984441305804,0.02079844413052887,0.02079844413047739,0.020798444130425933,0.020798444130374526,0.02079844413032315,0.02079844413027182,0.020798444130220514,0.02079844413016926,0.02079844413011803,0.020798444130066852,0.0207984441300157,0.020798444129964577,0.02079844412991351,0.02079844412986246,0.020798444129811453,0.020798444129760483,0.020798444129709548,0.020798444129658655,0.020798444129607803,0.020798444129556976,0.020798444129506193,0.020798444129455456,0.020798444129404743,0.02079844412935407,0.020798444129303435,0.02079844412925284,0.020798444129202284,0.02079844412915175,0.020798444129101267,0.0207984441290508,0.02079844412900039,0.02079844412895,0.02079844412889966,0.02079844412884935,0.020798444128799082,0.02079844412874884,0.020798444128698638,0.02079844412864848,0.020798444128598347,0.02079844412854825,0.020798444128498194,0.02079844412844818,0.0207984441283982,0.020798444128348244,0.02079844412829834,0.020798444128248463,0.02079844412819863,0.020798444128148828,0.020798444128099062,0.020798444128049334,0.02079844412799964,0.02079844412794998,0.02079844412790035,0.020798444127850767,0.02079844412780121,0.020798444127751687,0.020798444127702202,0.02079844412765278,0.020798444127603365,0.02079844412755399,0.02079844412750466,0.020798444127455348,0.020798444127406075,0.020798444127356843,0.020798444127307636,0.02079844412725848,0.02079844412720935,0.020798444127160254,0.020798444127111203,0.02079844412706218,0.020798444127013187,0.020798444126964244,0.020798444126915314,0.020798444126866433,0.02079844412681759,0.02079844412676878,0.02079844412672001,0.020798444126671263,0.020798444126622552,0.020798444126573886,0.02079844412652525,0.02079844412647665,0.020798444126428083,0.02079844412637955,0.02079844412633106,0.02079844412628259,0.02079844412623415,0.020798444126185766,0.020798444126137405,0.020798444126089086,0.020798444126040788,0.020798444125992535,0.020798444125944338,0.02079844412589614,0.020798444125847994,0.020798444125799873,0.02079844412575179,0.020798444125703742,0.02079844412565573,0.02079844412560775,0.02079844412555981,0.02079844412551189,0.020798444125464017,0.020798444125416184,0.020798444125368368,0.02079844412532058,0.020798444125272843,0.020798444125225125,0.020798444125177475,0.020798444125129826,0.02079844412508221,0.02079844412503462,0.020798444124987093,0.0207984441249396,0.020798444124892117,0.020798444124844696,0.020798444124797293,0.02079844412474992,0.02079844412470259,0.020798444124655292,0.020798444124608025,0.02079844412456079,0.020798444124513586,0.020798444124466426,0.02079844412441928,0.020798444124372185,0.020798444124325115,0.02079844412427808,0.020798444124231076,0.020798444124184103,0.02079844412413718,0.02079844412409027,0.020798444124043414,0.020798444123996573,0.020798444123949777,0.020798444123903012,0.020798444123856282,0.020798444123809594,0.020798444123762937,0.020798444123716304,0.02079844412366971,0.02079844412362314,0.020798444123576603,0.020798444123530102,0.02079844412348363,0.0207984441234372,0.020798444123390797,0.02079844412334444,0.020798444123298093,0.02079844412325179,0.020798444123205514,0.02079844412315928,0.020798444123113085,0.020798444123066903,0.02079844412302076,0.020798444122974654,0.02079844412292858,0.020798444122882547,0.02079844412283654,0.02079844412279057,0.020798444122744626,0.02079844412269871,0.02079844412265284,0.020798444122606983,0.020798444122561172,0.020798444122515393,0.02079844412246964,0.020798444122423928,0.020798444122378253,0.020798444122332584,0.020798444122286975,0.020798444122241383,0.020798444122195822,0.020798444122150306,0.020798444122104808,0.020798444122059355,0.020798444122013926,0.02079844412196853,0.020798444121923176,0.020798444121877837,0.02079844412183254,0.020798444121787284,0.020798444121742046,0.020798444121696843,0.020798444121651674,0.02079844412160654,0.020798444121561423,0.02079844412151635,0.020798444121471308,0.0207984441214263,0.020798444121381314,0.020798444121336353,0.020798444121291445,0.02079844412124655,0.020798444121201708,0.02079844412115688,0.02079844412111209,0.02079844412106732,0.0207984441210226,0.020798444120977908,0.020798444120933235,0.0207984441208886,0.020798444120843997,0.020798444120799422,0.020798444120754874,0.020798444120710375,0.02079844412066588,0.02079844412062145,0.020798444120577027,0.02079844412053266,0.020798444120488303,0.02079844412044398,0.02079844412039969,0.02079844412035544,0.020798444120311208,0.020798444120267007,0.020798444120222838,0.020798444120178696,0.0207984441201346,0.020798444120090527,0.020798444120046475,0.020798444120002473,0.020798444119958487,0.020798444119914536,0.020798444119870627,0.02079844411982674,0.020798444119782874,0.020798444119739058,0.020798444119695263,0.020798444119651496,0.020798444119607757,0.02079844411956405,0.02079844411952038,0.020798444119476737,0.02079844411943312,0.020798444119389536,0.02079844411934599,0.020798444119302473,0.020798444119258987,0.020798444119215526,0.020798444119172095,0.020798444119128703,0.020798444119085335,0.020798444119041987,0.02079844411899869,0.020798444118955404,0.020798444118912164,0.02079844411886894,0.02079844411882575,0.0207984441187826,0.020798444118739472,0.020798444118696368,0.02079844411865331,0.020798444118610267,0.020798444118567256,0.020798444118524276,0.02079844411848133,0.020798444118438425,0.020798444118395536,0.020798444118352667,0.020798444118309847,0.020798444118267048,0.020798444118224287,0.020798444118181554,0.020798444118138828,0.02079844411809616,0.020798444118053507,0.020798444118010895,0.020798444117968305,0.020798444117925738,0.020798444117883213,0.020798444117840705,0.020798444117798232,0.02079844411775579,0.020798444117713383,0.020798444117670997,0.02079844411762865,0.020798444117586325,0.020798444117544043,0.020798444117501775,0.02079844411745954,0.020798444117417325,0.02079844411737514,0.020798444117332993,0.020798444117290874,0.020798444117248786,0.020798444117206723,0.02079844411716469,0.020798444117122693,0.020798444117080733,0.02079844411703878,0.020798444116996873,0.020798444116954987,0.02079844411691313,0.020798444116871307,0.02079844411682949,0.020798444116787735,0.020798444116745977,0.020798444116704257,0.020798444116662578,0.020798444116620924,0.020798444116579298,0.020798444116537706,0.02079844411649613,0.020798444116454595,0.020798444116413083,0.020798444116371603,0.02079844411633015,0.020798444116288728,0.020798444116247327,0.020798444116205964,0.020798444116164622,0.02079844411612331,0.020798444116082025,0.020798444116040773,0.02079844411599954,0.02079844411595835,0.020798444115917185,0.020798444115876037,0.020798444115834917,0.02079844411579384,0.020798444115752775,0.020798444115711745,0.02079844411567075,0.020798444115629765,0.020798444115588826,0.020798444115547914,0.020798444115507027,0.020798444115466178,0.02079844411542535,0.020798444115384552,0.020798444115343775,0.020798444115303034,0.02079844411526231,0.020798444115221623,0.02079844411518096,0.020798444115140327,0.020798444115099724,0.020798444115059142,0.020798444115018605,0.020798444114978075,0.0207984441149376,0.020798444114897122,0.020798444114856676,0.020798444114816263,0.020798444114775893,0.02079844411473553,0.020798444114695204,0.020798444114654903,0.020798444114614633,0.02079844411457438,0.020798444114534166,0.020798444114493973,0.02079844411445381,0.020798444114413676,0.020798444114373565,0.020798444114333493,0.020798444114293446,0.020798444114253425,0.02079844411421342,0.02079844411417346,0.02079844411413351,0.0207984441140936,0.02079844411405371,0.020798444114013846,0.020798444113974017,0.020798444113934215,0.02079844411389443,0.020798444113854692,0.020798444113814974,0.020798444113775273,0.020798444113735614,0.020798444113695965,0.020798444113656358,0.020798444113616758,0.02079844411357719,0.020798444113537647,0.02079844411349814,0.020798444113458662,0.020798444113419197,0.02079844411337977,0.020798444113340375,0.020798444113301014,0.02079844411326166,0.02079844411322235,0.020798444113183056,0.020798444113143796,0.02079844411310456,0.020798444113065348,0.02079844411302617,0.020798444112987008,0.02079844411294788,0.020798444112908796,0.02079844411286971,0.020798444112830668,0.020798444112791636,0.02079844411275264,0.020798444112713668,0.020798444112674716,0.020798444112635806,0.020798444112596907,0.020798444112558042,0.020798444112519198,0.020798444112480385,0.020798444112441593,0.02079844411240284,0.020798444112364114,0.0207984441123254,0.020798444112286728,0.020798444112248064,0.02079844411220943,0.020798444112170824,0.02079844411213225,0.020798444112093698,0.020798444112055184,0.020798444112016683,0.020798444111978204,0.02079844411193976,0.020798444111901338,0.020798444111862942,0.020798444111824573,0.020798444111786232,0.02079844411174792,0.020798444111709634,0.02079844411167136,0.020798444111633115,0.020798444111594913,0.020798444111556718,0.02079844411151856,0.020798444111480414,0.020798444111442316,0.02079844411140423,0.020798444111366172,0.020798444111328133,0.02079844411129013,0.020798444111252153,0.02079844411121419,0.020798444111176255,0.020798444111138355,0.020798444111100475,0.02079844411106262,0.0207984441110248,0.02079844411098699,0.02079844411094922,0.020798444110911467,0.020798444110873737,0.020798444110836044,0.020798444110798366,0.02079844411076072,0.02079844411072309,0.02079844411068549,0.020798444110647914,0.020798444110610374,0.02079844411057285,0.02079844411053536,0.020798444110497895,0.020798444110460446,0.020798444110423024,0.020798444110385624,0.02079844411034825,0.020798444110310888,0.020798444110273574,0.02079844411023627,0.020798444110199005,0.020798444110161754,0.020798444110124527,0.020798444110087345,0.020798444110050163,0.020798444110013015,0.020798444109975906,0.020798444109938797,0.020798444109901722,0.020798444109864683,0.020798444109827653,0.020798444109790662,0.020798444109753695,0.020798444109716745,0.020798444109679824,0.02079844410964293,0.020798444109606056,0.0207984441095692,0.02079844410953239,0.02079844410949558,0.020798444109458813,0.02079844410942206,0.020798444109385333,0.020798444109348644,0.020798444109311965,0.02079844410927532,0.020798444109238697,0.02079844410920209,0.020798444109165513,0.020798444109128966,0.020798444109092432,0.020798444109055934,0.020798444109019446,0.020798444108982996,0.020798444108946556,0.02079844410891015,0.02079844410887377,0.02079844410883741,0.020798444108801075,0.020798444108764757,0.020798444108728473,0.020798444108692218,0.020798444108655965,0.020798444108619765,0.02079844410858356,0.0207984441085474,0.02079844410851126,0.020798444108475152,0.020798444108439063,0.020798444108402984,0.020798444108366933,0.02079844410833092,0.020798444108294928,0.02079844410825895,0.020798444108222996,0.020798444108187063,0.020798444108151164,0.020798444108115287,0.020798444108079427,0.02079844410804359,0.020798444108007803,0.020798444107972013,0.020798444107936253,0.020798444107900528,0.02079844410786482,0.020798444107829134,0.02079844410779347,0.02079844410775783,0.020798444107722212,0.020798444107686623,0.02079844410765106,0.02079844410761552,0.020798444107579993,0.020798444107544497,0.020798444107509022,0.020798444107473578,0.020798444107438155,0.020798444107402753,0.020798444107367364,0.020798444107332004,0.02079844410729667,0.020798444107261362,0.02079844410722607,0.02079844410719081,0.02079844410715556,0.020798444107120343,0.02079844410708515,0.020798444107049972,0.02079844410701483,0.020798444106979713,0.0207984441069446,0.020798444106909526,0.02079844410687447,0.02079844410683944,0.020798444106804436,0.020798444106769443,0.020798444106734478,0.020798444106699544,0.020798444106664624,0.020798444106629742,0.020798444106594875,0.020798444106560017,0.020798444106525198,0.020798444106490392,0.020798444106455614,0.02079844410642085,0.02079844410638612,0.020798444106351427,0.020798444106316736,0.020798444106282073,0.020798444106247427,0.0207984441062128,0.0207984441061782,0.020798444106143635,0.020798444106109083,0.02079844410607456,0.020798444106040048,0.02079844410600555,0.020798444105971092,0.020798444105936672,0.020798444105902262,0.020798444105867866,0.020798444105833508,0.020798444105799153,0.02079844410576482,0.020798444105730524,0.02079844410569625,0.020798444105661985,0.020798444105627752,0.020798444105593537,0.020798444105559352,0.02079844410552518,0.02079844410549103,0.02079844410545691,0.020798444105422812,0.020798444105388728,0.02079844410535468,0.020798444105320637,0.02079844410528662,0.02079844410525263,0.020798444105218666,0.020798444105184725,0.0207984441051508,0.020798444105116897,0.02079844410508302,0.02079844410504917,0.020798444105015336,0.02079844410498153,0.020798444104947744,0.02079844410491398,0.02079844410488024,0.020798444104846513,0.020798444104812807,0.020798444104779122,0.02079844410474545,0.02079844410471179,0.020798444104678175,0.020798444104644584,0.020798444104611017,0.02079844410457747,0.020798444104543942,0.02079844410451044,0.02079844410447696,0.020798444104443495,0.02079844410441006,0.02079844410437663,0.020798444104343238,0.020798444104309862,0.020798444104276507,0.020798444104243172,0.020798444104209866,0.020798444104176583,0.020798444104143308,0.020798444104110067,0.020798444104076844,0.020798444104043644,0.02079844410401047,0.02079844410397732,0.02079844410394417,0.02079844410391106,0.02079844410387797,0.0207984441038449,0.020798444103811847,0.020798444103778825,0.020798444103745824,0.020798444103712826,0.02079844410367987,0.020798444103646934,0.020798444103614006,0.02079844410358112,0.020798444103548232,0.02079844410351537,0.02079844410348254,0.02079844410344974,0.02079844410341696,0.020798444103384193,0.02079844410335143,0.020798444103318704,0.020798444103285994,0.020798444103253308,0.02079844410322064,0.020798444103188,0.020798444103155386,0.02079844410312277,0.020798444103090195,0.02079844410305763,0.020798444103025088,0.020798444102992576,0.020798444102960067,0.020798444102927596,0.02079844410289514,0.020798444102862697,0.020798444102830285,0.02079844410279789,0.020798444102765525,0.020798444102733165,0.020798444102700837,0.020798444102668522,0.02079844410263623,0.020798444102603956,0.0207984441025717,0.020798444102539476,0.020798444102507266,0.020798444102475073,0.020798444102442908,0.02079844410241076,0.02079844410237864,0.020798444102346526,0.02079844410231445,0.02079844410228239,0.020798444102250353,0.020798444102218323,0.02079844410218633,0.020798444102154357,0.020798444102122386,0.020798444102090446,0.020798444102058538,0.020798444102026636,0.02079844410199475,0.0207984441019629,0.020798444101931053,0.020798444101899245,0.020798444101867448,0.020798444101835678,0.02079844410180393,0.02079844410177218,0.020798444101740473,0.020798444101708773,0.020798444101677097,0.02079844410164544,0.02079844410161381,0.0207984441015822,0.020798444101550597,0.02079844410151902,0.020798444101487477,0.020798444101455933,0.02079844410142441,0.020798444101392907,0.020798444101361432,0.02079844410132999,0.020798444101298552,0.020798444101267136,0.020798444101235745,0.020798444101204367,0.020798444101173017,0.020798444101141674,0.02079844410111037,0.020798444101079082,0.020798444101047794,0.02079844410101654,0.020798444100985303,0.0207984441009541,0.020798444100922908,0.02079844410089173,0.020798444100860576,0.02079844410082944,0.020798444100798324,0.020798444100767227,0.020798444100736165,0.0207984441007051,0.020798444100674073,0.020798444100643056,0.020798444100612046,0.020798444100581067,0.020798444100550102,0.02079844410051916,0.020798444100488242,0.020798444100457333,0.020798444100426448,0.020798444100395587,0.020798444100364747,0.02079844410033393,0.020798444100303126,0.020798444100272342,0.020798444100241592,0.020798444100210842,0.020798444100180113,0.020798444100149412,0.02079844410011874,0.02079844410008808,0.02079844410005743,0.020798444100026806,0.020798444099996205,0.020798444099965622,0.02079844409993505,0.020798444099904494,0.020798444099873973,0.02079844409984345,0.020798444099812963,0.020798444099782494,0.020798444099752043,0.020798444099721602,0.02079844409969119,0.020798444099660807,0.020798444099630425,0.020798444099600064,0.02079844409956973,0.020798444099539414,0.02079844409950911,0.020798444099478838,0.02079844409944857,0.02079844409941833,0.02079844409938811,0.020798444099357907,0.020798444099327722,0.020798444099297556,0.020798444099267413,0.020798444099237277,0.020798444099207166,0.02079844409917707,0.020798444099146995,0.02079844409911694,0.02079844409908691,0.020798444099056883,0.020798444099026897,0.02079844409899692,0.020798444098966973,0.020798444098937028,0.020798444098907097,0.020798444098877197,0.020798444098847305,0.020798444098817447,0.020798444098787602,0.020798444098757782,0.020798444098727976,0.02079844409869818,0.02079844409866841,0.02079844409863865,0.020798444098608915,0.0207984440985792,0.020798444098549505,0.02079844409851983,0.020798444098490163,0.020798444098460513,0.020798444098430898,0.020798444098401297,0.020798444098371702,0.020798444098342125,0.020798444098312576,0.02079844409828305,0.020798444098253533,0.02079844409822405,0.020798444098194577,0.020798444098165114,0.02079844409813569,0.020798444098106262,0.02079844409807687,0.02079844409804748,0.020798444098018124,0.020798444097988766,0.020798444097959435,0.020798444097930104,0.020798444097900822,0.020798444097871557,0.020798444097842306,0.020798444097813066,0.020798444097783853,0.02079844409775465,0.02079844409772548,0.02079844409769631,0.020798444097667165,0.020798444097638036,0.02079844409760892,0.02079844409757983,0.02079844409755075,0.02079844409752169,0.020798444097492652,0.02079844409746363,0.02079844409743463,0.02079844409740563,0.020798444097376675,0.02079844409734773,0.020798444097318798,0.02079844409728989,0.020798444097260983,0.02079844409723211,0.02079844409720327,0.020798444097174414,0.020798444097145596,0.02079844409711679,0.020798444097087997,0.020798444097059214,0.020798444097030473,0.020798444097001725,0.020798444096973023,0.020798444096944303,0.020798444096915624,0.020798444096886973,0.020798444096858312,0.020798444096829693,0.020798444096801073,0.020798444096772478,0.020798444096743897,0.020798444096715336,0.020798444096686797,0.02079844409665826,0.020798444096629752,0.020798444096601258,0.02079844409657279,0.02079844409654434,0.020798444096515906,0.020798444096487484,0.02079844409645908,0.020798444096430686,0.02079844409640233,0.020798444096373988,0.020798444096345656,0.02079844409631734,0.02079844409628905,0.020798444096260776,0.020798444096232514,0.02079844409620427,0.02079844409617605,0.02079844409614784,0.02079844409611964,0.020798444096091464,0.020798444096063316,0.02079844409603518,0.02079844409600706,0.020798444095978946,0.020798444095950847,0.020798444095922776,0.020798444095894732,0.020798444095866685,0.02079844409583867,0.02079844409581065,0.020798444095782673,0.0207984440957547,0.020798444095726735,0.02079844409569881,0.020798444095670894,0.02079844409564299,0.02079844409561511,0.020798444095587232,0.020798444095559372,0.020798444095531554,0.020798444095503733,0.02079844409547594,0.02079844409544816,0.020798444095420383,0.020798444095392644,0.020798444095364913,0.020798444095337203,0.0207984440953095,0.020798444095281816,0.02079844409525415,0.020798444095226493,0.02079844409519887,0.020798444095171252,0.020798444095143646,0.020798444095116074,0.020798444095088513,0.02079844409506097,0.020798444095033432,0.020798444095005912,0.02079844409497841,0.02079844409495093,0.02079844409492347,0.02079844409489603,0.020798444094868584,0.02079844409484117,0.020798444094813767,0.02079844409478639,0.020798444094759026,0.02079844409473167,0.020798444094704337,0.02079844409467702,0.020798444094649714,0.020798444094622424,0.020798444094595168,0.020798444094567915,0.02079844409454068,0.02079844409451347,0.02079844409448626,0.020798444094459086,0.020798444094431923,0.020798444094404775,0.020798444094377633,0.02079844409435051,0.02079844409432342,0.02079844409429633,0.020798444094269262,0.020798444094242204,0.020798444094215173,0.020798444094188143,0.02079844409416115,0.02079844409413416,0.020798444094107183,0.020798444094080226,0.02079844409405329,0.020798444094026355,0.020798444093999457,0.020798444093972565,0.020798444093945694,0.02079844409391883,0.020798444093891984,0.020798444093865148,0.020798444093838353,0.020798444093811565,0.020798444093784788,0.02079844409375803,0.02079844409373129,0.020798444093704554,0.020798444093677843,0.02079844409365114,0.02079844409362445,0.020798444093597792,0.020798444093571122,0.020798444093544494,0.020798444093517884,0.02079844409349127,0.02079844409346469,0.020798444093438118,0.020798444093411562,0.02079844409338502,0.0207984440933585,0.02079844409333199,0.02079844409330551,0.020798444093279026,0.02079844409325256,0.02079844409322612,0.020798444093199694,0.020798444093173284,0.020798444093146892,0.020798444093120507,0.02079844409309415,0.020798444093067792,0.020798444093041466,0.020798444093015147,0.020798444092988855,0.020798444092962564,0.020798444092936286,0.020798444092910023,0.02079844409288379,0.020798444092857568,0.02079844409283136,0.020798444092805162,0.02079844409277899,0.020798444092752815,0.02079844409272667,0.02079844409270053,0.020798444092674423,0.020798444092648315,0.020798444092622236,0.020798444092596173,0.02079844409257011,0.02079844409254408,0.020798444092518055,0.02079844409249205,0.020798444092466048,0.020798444092440065,0.020798444092414103,0.02079844409238816,0.020798444092362228,0.020798444092336315,0.020798444092310416,0.020798444092284516,0.02079844409225866,0.020798444092232807,0.020798444092206964,0.020798444092181147,0.020798444092155335,0.02079844409212954,0.02079844409210377,0.020798444092078,0.020798444092052254,0.020798444092026525,0.020798444092000812,0.0207984440919751,0.020798444091949423,0.020798444091923742,0.020798444091898075,0.02079844409187244,0.020798444091846807,0.020798444091821196,0.020798444091795605,0.02079844409177001,0.020798444091744445,0.0207984440917189,0.02079844409169335,0.020798444091667843,0.020798444091642332,0.020798444091616835,0.020798444091591362,0.020798444091565903,0.020798444091540462,0.02079844409151503,0.020798444091489614,0.02079844409146422,0.02079844409143883,0.020798444091413452,0.020798444091388094,0.02079844409136276,0.02079844409133743,0.020798444091312113,0.020798444091286807,0.02079844409126153,0.02079844409123626,0.020798444091210996,0.020798444091185756,0.02079844409116054,0.020798444091135307,0.02079844409111012,0.020798444091084955,0.02079844409105978,0.020798444091034634,0.0207984440910095,0.02079844409098438,0.020798444090959267,0.020798444090934183,0.0207984440909091,0.02079844409088404,0.020798444090858993,0.02079844409083396,0.020798444090808943,0.020798444090783946,0.020798444090758945,0.02079844409073397,0.02079844409070902,0.02079844409068406,0.020798444090659136,0.020798444090634218,0.02079844409060931,0.02079844409058441,0.02079844409055954,0.020798444090534676,0.020798444090509828,0.020798444090485,0.02079844409046017,0.02079844409043536,0.02079844409041057,0.020798444090385795,0.020798444090361034,0.020798444090336286,0.020798444090311553,0.020798444090286836,0.02079844409026213,0.02079844409023744,0.02079844409021276,0.020798444090188092,0.02079844409016346,0.020798444090138823,0.020798444090114204,0.020798444090089598,0.020798444090065014,0.02079844409004044,0.020798444090015883,0.02079844408999133,0.020798444089966797,0.020798444089942282,0.020798444089917777,0.020798444089893276,0.020798444089868796,0.02079844408984434,0.020798444089819883,0.020798444089795465,0.020798444089771034,0.020798444089746633,0.020798444089722246,0.020798444089697866,0.02079844408967351,0.020798444089649155,0.020798444089624817,0.020798444089600493,0.020798444089576183,0.0207984440895519,0.020798444089527628,0.02079844408950335,0.020798444089479107,0.020798444089454863,0.02079844408943064,0.020798444089406426,0.02079844408938223,0.02079844408935805,0.02079844408933388,0.020798444089309722,0.020798444089285585,0.02079844408926145,0.02079844408923735,0.020798444089213237,0.020798444089189155,0.02079844408916508,0.020798444089141024,0.02079844408911698,0.020798444089092944,0.020798444089068936,0.02079844408904492,0.020798444089020943,0.02079844408899696,0.020798444088973,0.02079844408894906,0.02079844408892512,0.020798444088901195,0.020798444088877283,0.020798444088853382,0.020798444088829502,0.020798444088805632,0.020798444088781773,0.020798444088757934,0.020798444088734103,0.020798444088710306,0.020798444088686502,0.02079844408866272,0.02079844408863894,0.020798444088615187,0.020798444088591442,0.02079844408856772,0.02079844408854399,0.020798444088520284,0.020798444088496584,0.02079844408847292,0.020798444088449244,0.020798444088425593,0.020798444088401962,0.020798444088378342,0.020798444088354726,0.020798444088331133,0.02079844408830755,0.020798444088283973,0.020798444088260426,0.02079844408823688,0.020798444088213342,0.020798444088189823,0.020798444088166314,0.020798444088142815,0.020798444088119334,0.020798444088095867,0.020798444088072413,0.020798444088048974,0.020798444088025544,0.020798444088002122,0.020798444087978724,0.020798444087955333,0.020798444087931963,0.020798444087908607,0.02079844408788526,0.020798444087861922,0.02079844408783859,0.0207984440878153,0.02079844408779201,0.020798444087768726,0.020798444087745456,0.020798444087722207,0.02079844408769897,0.02079844408767573,0.020798444087652516,0.02079844408762932,0.02079844408760614,0.020798444087582954,0.020798444087559795,0.020798444087536637,0.02079844408751349,0.020798444087490372,0.020798444087467255,0.020798444087444162,0.02079844408742107,0.02079844408739799,0.02079844408737493,0.02079844408735187,0.020798444087328838,0.02079844408730582,0.020798444087282812,0.020798444087259824,0.020798444087236828,0.020798444087213847,0.020798444087190893,0.02079844408716795,0.02079844408714501,0.02079844408712211,0.02079844408709919,0.020798444087076304,0.020798444087053416,0.02079844408703056,0.02079844408700769,0.020798444086984856,0.02079844408696201,0.020798444086939184,0.020798444086916404,0.020798444086893603,0.02079844408687082,0.020798444086848066,0.02079844408682531,0.020798444086802557,0.020798444086779836,0.02079844408675712,0.02079844408673442,0.02079844408671172,0.020798444086689044,0.02079844408666637,0.020798444086643723,0.020798444086621085,0.02079844408659845,0.020798444086575826,0.02079844408655323,0.02079844408653063,0.020798444086508057,0.02079844408648549,0.020798444086462926,0.020798444086440382,0.020798444086417855,0.020798444086395335,0.02079844408637283,0.020798444086350346,0.020798444086327864,0.020798444086305396,0.020798444086282942,0.020798444086260495,0.020798444086238065,0.020798444086215652,0.02079844408619324,0.020798444086170848,0.020798444086148456,0.020798444086126095,0.020798444086103745,0.0207984440860814,0.020798444086059065,0.02079844408603675,0.02079844408601445,0.020798444085992154,0.02079844408596988,0.0207984440859476,0.020798444085925342,0.020798444085903103,0.020798444085880864,0.020798444085858632,0.020798444085836428,0.020798444085814223,0.02079844408579205,0.020798444085769863,0.0207984440857477,0.02079844408572556,0.02079844408570342,0.02079844408568128,0.02079844408565917,0.020798444085637063,0.020798444085614976,0.020798444085592907,0.020798444085570834,0.020798444085548786,0.020798444085526748,0.020798444085504717,0.02079844408548269,0.020798444085460697,0.020798444085438714,0.02079844408541673,0.020798444085394753,0.020798444085372795,0.020798444085350854,0.020798444085328913,0.020798444085306997,0.02079844408528509,0.020798444085263188,0.020798444085241303,0.02079844408521944,0.020798444085197567,0.02079844408517572,0.02079844408515389,0.020798444085132067,0.020798444085110255,0.02079844408508846,0.020798444085066668,0.020798444085044897,0.020798444085023116,0.020798444085001366,0.020798444084979627,0.020798444084957894,0.020798444084936175,0.020798444084914467,0.02079844408489278,0.020798444084871085,0.020798444084849422,0.020798444084827766,0.02079844408480611,0.02079844408478448,0.02079844408476285,0.020798444084741245,0.020798444084719637,0.020798444084698053,0.020798444084676463,0.0207984440846549,0.020798444084633348,0.020798444084611796,0.020798444084590268,0.020798444084568737,0.02079844408454723,0.02079844408452574,0.020798444084504257,0.020798444084482767,0.02079844408446131,0.02079844408443986,0.02079844408441842,0.020798444084397,0.02079844408437558,0.02079844408435417,0.020798444084332783,0.020798444084311404,0.020798444084290033,0.020798444084268668,0.02079844408424732,0.020798444084225976,0.020798444084204663,0.020798444084183344,0.020798444084162086,0.020798444084140815,0.020798444084119544,0.020798444084098276,0.020798444084077022,0.020798444084055765,0.020798444084034532,0.02079844408401331,0.02079844408399209,0.02079844408397088,0.020798444083949697,0.020798444083928513,0.020798444083907356,0.020798444083886203,0.020798444083865043,0.020798444083843903,0.02079844408382278,0.020798444083801677,0.020798444083780575,0.020798444083759478,0.02079844408373841,0.020798444083717352,0.020798444083696296,0.020798444083675247,0.02079844408365421,0.020798444083633186,0.020798444083612193,0.02079844408359118,0.0207984440835702,0.02079844408354923,0.020798444083528263,0.020798444083507294,0.020798444083486356,0.02079844408346542,0.020798444083444504,0.020798444083423597,0.020798444083402697,0.020798444083381804,0.02079844408336093,0.020798444083340063,0.020798444083319212,0.020798444083298367,0.020798444083277533,0.020798444083256703,0.0207984440832359,0.0207984440832151,0.020798444083194315,0.020798444083173533,0.020798444083152776,0.020798444083132014,0.020798444083111267,0.020798444083090527,0.020798444083069804,0.02079844408304909,0.020798444083028386,0.020798444083007694,0.02079844408298702,0.02079844408296634,0.02079844408294569,0.020798444082925034,0.020798444082904398,0.020798444082883775,0.020798444082863164,0.02079844408284256,0.020798444082821974,0.020798444082801383,0.020798444082780816,0.020798444082760253,0.0207984440827397,0.020798444082719157,0.020798444082698618,0.020798444082678107,0.020798444082657592,0.0207984440826371,0.020798444082616607,0.020798444082596138,0.02079844408257567,0.02079844408255523,0.02079844408253479,0.020798444082514356,0.02079844408249393,0.020798444082473527,0.020798444082453117,0.020798444082432723,0.02079844408241235,0.020798444082391974,0.020798444082371623,0.020798444082351267,0.020798444082330933,0.02079844408231061,0.0207984440822903,0.020798444082269996,0.020798444082249703,0.02079844408222942,0.020798444082209138,0.020798444082188887,0.020798444082168632,0.020798444082148374,0.020798444082128154,0.020798444082107934,0.02079844408208772,0.02079844408206752,0.02079844408204733,0.02079844408202716,0.02079844408200699,0.020798444081986837,0.020798444081966693,0.020798444081946563,0.020798444081926437,0.020798444081906314,0.020798444081886202,0.020798444081866117,0.02079844408184603,0.020798444081825962,0.020798444081805895,0.02079844408178584,0.0207984440817658,0.020798444081745766,0.020798444081725743,0.02079844408170572,0.020798444081685723,0.020798444081665736,0.02079844408164574,0.02079844408162577,0.020798444081605815,0.020798444081585862,0.020798444081565913,0.02079844408154599,0.020798444081526063,0.02079844408150615,0.020798444081486255,0.020798444081466364,0.020798444081446474,0.0207984440814266,0.02079844408140674,0.02079844408138689,0.02079844408136706,0.020798444081347227,0.02079844408132741,0.02079844408130759,0.020798444081287802,0.02079844408126801,0.020798444081248237,0.02079844408122846,0.020798444081208706,0.02079844408118896,0.02079844408116922,0.02079844408114949,0.020798444081129772,0.020798444081110066,0.02079844408109037,0.02079844408107068,0.020798444081051005,0.020798444081031344,0.02079844408101168,0.020798444080992032,0.020798444080972395,0.020798444080952758,0.020798444080933152,0.020798444080913542,0.020798444080893944,0.020798444080874365,0.020798444080854774,0.020798444080835213,0.020798444080815652,0.020798444080796095,0.020798444080776562,0.02079844408075703,0.020798444080737527,0.02079844408071801,0.02079844408069852,0.02079844408067904,0.020798444080659565,0.020798444080640088,0.020798444080620638,0.02079844408060119,0.02079844408058176,0.020798444080562323,0.0207984440805429,0.0207984440805235,0.020798444080504092,0.020798444080484698,0.02079844408046532,0.020798444080445948,0.02079844408042659,0.020798444080407243,0.020798444080387897,0.02079844408036857,0.020798444080349244,0.02079844408032993,0.02079844408031063,0.020798444080291346,0.020798444080272045,0.02079844408025277,0.020798444080233514,0.02079844408021425,0.02079844408019501,0.020798444080175782,0.020798444080156565,0.020798444080137344,0.020798444080118137,0.02079844408009895,0.02079844408007976,0.020798444080060586,0.02079844408004141,0.020798444080022262,0.020798444080003118,0.020798444079983974,0.020798444079964836,0.020798444079945713,0.020798444079926606,0.020798444079907507,0.02079844407988841,0.020798444079869326,0.020798444079850254,0.020798444079831196,0.020798444079812135,0.020798444079793102,0.020798444079774055,0.02079844407975504,0.020798444079736026,0.020798444079717024,0.020798444079698025,0.020798444079679033,0.020798444079660052,0.020798444079641088,0.020798444079622138,0.020798444079603188,0.020798444079584245,0.020798444079565315,0.020798444079546397,0.020798444079527467,0.020798444079508566,0.020798444079489675,0.020798444079470787,0.020798444079451917,0.02079844407943305,0.020798444079414207,0.020798444079395358,0.02079844407937653,0.020798444079357693,0.02079844407933889,0.020798444079320078,0.020798444079301273,0.020798444079282486,0.0207984440792637,0.02079844407924494,0.02079844407922617,0.020798444079207414,0.020798444079188683,0.020798444079169948,0.020798444079151227,0.020798444079132505,0.020798444079113795,0.020798444079095105,0.020798444079076415,0.020798444079057735,0.020798444079039073,0.02079844407902041,0.02079844407900177,0.020798444078983132,0.020798444078964504,0.02079844407894587,0.020798444078927267,0.020798444078908646,0.020798444078890064,0.020798444078871468,0.020798444078852882,0.02079844407883431,0.020798444078815762,0.020798444078797204,0.02079844407877867,0.020798444078760126,0.020798444078741596,0.0207984440787231,0.020798444078704605,0.020798444078686102,0.02079844407866761,0.02079844407864913,0.02079844407863065,0.020798444078612196,0.020798444078593745,0.0207984440785753,0.020798444078556876,0.020798444078538442,0.02079844407852002,0.020798444078501618,0.020798444078483212,0.020798444078464835,0.020798444078446457,0.020798444078428076,0.020798444078409722,0.020798444078391373,0.020798444078373016,0.020798444078354694,0.020798444078336364,0.020798444078318056,0.020798444078299737,0.020798444078281436,0.020798444078263145,0.020798444078244868,0.020798444078226595,0.020798444078208342,0.020798444078190072,0.020798444078171833,0.020798444078153597,0.02079844407813538,0.020798444078117158,0.020798444078098947,0.020798444078080746,0.020798444078062552,0.020798444078044365,0.0207984440780262,0.020798444078008033,0.020798444077989867,0.02079844407797172,0.020798444077953573,0.020798444077935435,0.020798444077917314,0.0207984440778992,0.020798444077881086,0.020798444077862986,0.020798444077844903,0.020798444077826817,0.020798444077808755,0.020798444077790683,0.02079844407777262,0.020798444077754573,0.02079844407773654,0.02079844407771852,0.020798444077700495,0.02079844407768248,0.020798444077664482,0.020798444077646493,0.02079844407762851,0.02079844407761052,0.02079844407759257,0.0207984440775746,0.020798444077556644,0.020798444077538714,0.020798444077520767,0.02079844407750285,0.02079844407748493,0.020798444077467018,0.020798444077449123,0.020798444077431227,0.02079844407741335,0.020798444077395485,0.02079844407737761,0.020798444077359746,0.020798444077341913,0.02079844407732407,0.020798444077306234,0.02079844407728841,0.020798444077270592,0.020798444077252797,0.020798444077235,0.020798444077217215,0.02079844407719943,0.020798444077181667,0.020798444077163903,0.020798444077146143,0.020798444077128383,0.020798444077110654,0.02079844407709292,0.020798444077075203,0.0207984440770575,0.020798444077039808,0.0207984440770221,0.020798444077004426,0.02079844407698675,0.020798444076969076,0.02079844407695141,0.020798444076933754,0.020798444076916115,0.020798444076898476,0.020798444076880855,0.020798444076863223,0.02079844407684561,0.020798444076828005,0.020798444076810415,0.02079844407679283,0.02079844407677524,0.02079844407675768,0.02079844407674011,0.020798444076722565,0.020798444076705034,0.020798444076687485,0.020798444076669958,0.020798444076652434,0.02079844407663492,0.020798444076617427,0.02079844407659992,0.020798444076582434,0.020798444076564955,0.020798444076547493,0.02079844407653003,0.020798444076512584,0.02079844407649513,0.02079844407647769,0.020798444076460258,0.020798444076442837,0.020798444076425445,0.02079844407640803,0.020798444076390626,0.02079844407637324,0.02079844407635585,0.020798444076338473,0.020798444076321112,0.020798444076303747,0.020798444076286393,0.020798444076269046,0.020798444076251702,0.020798444076234372,0.02079844407621706,0.02079844407619974,0.020798444076182435,0.020798444076165143,0.02079844407614787,0.020798444076130577,0.020798444076113313,0.020798444076096063,0.0207984440760788,0.02079844407606156,0.02079844407604431,0.020798444076027097,0.02079844407600986,0.020798444075992656,0.020798444075975447,0.02079844407595825,0.020798444075941065,0.020798444075923888,0.020798444075906697,0.02079844407588954,0.02079844407587237,0.020798444075855228,0.020798444075838075,0.020798444075820932,0.02079844407580381,0.020798444075786682,0.020798444075769577,0.020798444075752483,0.020798444075735383,0.020798444075718292,0.02079844407570122,0.02079844407568414,0.020798444075667073,0.02079844407565002,0.020798444075632968,0.020798444075615926,0.020798444075598888,0.02079844407558187,0.020798444075564845,0.020798444075547835,0.02079844407553084,0.02079844407551384,0.020798444075496865,0.020798444075479885,0.02079844407546292,0.020798444075445954,0.02079844407542901,0.020798444075412058,0.02079844407539512,0.020798444075378196,0.020798444075361276,0.02079844407534436,0.02079844407532744,0.020798444075310556,0.020798444075293642,0.020798444075276763,0.02079844407525989,0.02079844407524302,0.02079844407522616,0.020798444075209324,0.02079844407519247,0.02079844407517564,0.020798444075158806,0.020798444075141986,0.020798444075125162,0.020798444075108356,0.020798444075091564,0.02079844407507477,0.020798444075057987,0.02079844407504121,0.02079844407502444,0.020798444075007673,0.02079844407499093,0.020798444074974172,0.020798444074957425,0.020798444074940692,0.02079844407492398,0.02079844407490726,0.020798444074890548,0.02079844407487387,0.02079844407485717,0.020798444074840473,0.020798444074823806,0.02079844407480713,0.020798444074790465,0.02079844407477381,0.02079844407475717,0.020798444074740522,0.020798444074723886,0.020798444074707264,0.020798444074690652,0.02079844407467404,0.020798444074657425,0.020798444074640828,0.020798444074624237,0.02079844407460766,0.02079844407459109,0.020798444074574512,0.020798444074557963,0.020798444074541414,0.02079844407452487,0.020798444074508326,0.020798444074491808,0.02079844407447528,0.02079844407445876,0.020798444074442257,0.020798444074425756,0.020798444074409266,0.02079844407439278,0.020798444074376306,0.020798444074359827,0.02079844407434336,0.0207984440743269,0.020798444074310456,0.02079844407429402,0.020798444074277583,0.020798444074261162,0.02079844407424475,0.020798444074228335,0.020798444074211928,0.020798444074195524,0.02079844407417914,0.02079844407416276,0.020798444074146386,0.02079844407413001,0.020798444074113662,0.0207984440740973,0.020798444074080952,0.020798444074064594,0.020798444074048267,0.020798444074031943,0.020798444074015626,0.020798444073999316,0.020798444073983024,0.02079844407396673,0.020798444073950435,0.02079844407393416,0.020798444073917885,0.020798444073901617,0.020798444073885352,0.020798444073869098,0.02079844407385286,0.020798444073836617,0.02079844407382038,0.02079844407380417,0.020798444073787944,0.020798444073771745,0.020798444073755532,0.02079844407373935,0.02079844407372316,0.020798444073706974,0.020798444073690803,0.020798444073674646,0.020798444073658478,0.020798444073642324,0.02079844407362618,0.02079844407361004,0.020798444073593905,0.020798444073577785,0.020798444073561656,0.020798444073545554,0.02079844407352945,0.02079844407351336,0.020798444073497267,0.02079844407348119,0.02079844407346511,0.02079844407344904,0.020798444073432978,0.020798444073416918,0.02079844407340088,0.020798444073384836,0.020798444073368796,0.020798444073352775,0.02079844407333676,0.02079844407332073,0.020798444073304737,0.020798444073288735,0.02079844407327275,0.020798444073256765,0.020798444073240784,0.02079844407322482,0.02079844407320886,0.020798444073192906,0.020798444073176957,0.020798444073161018,0.020798444073145076,0.020798444073129155,0.020798444073113233,0.020798444073097323,0.020798444073081405,0.020798444073065497,0.020798444073049597,0.02079844407303371,0.02079844407301783,0.020798444073001954,0.020798444072986096,0.020798444072970233,0.020798444072954374,0.020798444072938526,0.02079844407292275,0.020798444072906905,0.020798444072891088,0.020798444072875275,0.020798444072859454,0.020798444072843647,0.02079844407282785,0.020798444072812058,0.020798444072796286,0.02079844407278051,0.020798444072764745,0.020798444072748973,0.02079844407273323,0.020798444072717474,0.020798444072701726,0.02079844407268599,0.020798444072670272,0.02079844407265454,0.020798444072638818,0.020798444072623098,0.020798444072607405,0.02079844407259171,0.020798444072576028,0.020798444072560342,0.02079844407254466,0.02079844407252899,0.020798444072513328,0.02079844407249766,0.02079844407248201,0.020798444072466366,0.020798444072450722,0.020798444072435102,0.02079844407241949,0.020798444072403867,0.020798444072388258,0.020798444072372656,0.020798444072357064,0.020798444072341472,0.02079844407232589,0.02079844407231031,0.02079844407229474,0.020798444072279185,0.020798444072263625,0.020798444072248068,0.020798444072232535,0.020798444072216996,0.020798444072201466,0.020798444072185954,0.020798444072170436,0.020798444072154927,0.02079844407213942,0.02079844407212393,0.020798444072108437,0.020798444072092945,0.02079844407207747,0.020798444072061995,0.020798444072046524,0.020798444072031068,0.02079844407201562,0.020798444072000172,0.02079844407198474,0.02079844407196931,0.02079844407195389,0.020798444071938465,0.020798444071923054,0.020798444071907642,0.020798444071892255,0.02079844407187687,0.020798444071861467,0.020798444071846094,0.02079844407183072,0.020798444071815355,0.020798444071799996,0.02079844407178463,0.020798444071769295,0.020798444071753953,0.020798444071738625,0.02079844407172329,0.020798444071707976,0.020798444071692655,0.02079844407167735,0.020798444071662044,0.020798444071646747,0.020798444071631454,0.02079844407161618,0.020798444071600905,0.020798444071585643,0.02079844407157038,0.02079844407155512,0.020798444071539867,0.020798444071524615,0.020798444071509374,0.02079844407149414,0.020798444071478912,0.0207984440714637,0.020798444071448485,0.02079844407143327,0.02079844407141807,0.020798444071402872,0.02079844407138769,0.0207984440713725,0.020798444071357322,0.020798444071342164,0.020798444071326992,0.020798444071311848,0.020798444071296707,0.020798444071281563,0.020798444071266423,0.020798444071251296,0.020798444071236166,0.02079844407122105,0.02079844407120593,0.020798444071190834,0.020798444071175735,0.02079844407116065,0.02079844407114556,0.020798444071130483,0.020798444071115394,0.020798444071100354,0.02079844407108529,0.020798444071070232,0.02079844407105518,0.020798444071040142,0.020798444071025095,0.02079844407101007,0.020798444070995042,0.020798444070980037,0.020798444070965018,0.02079844407095002,0.020798444070935,0.020798444070920002,0.02079844407090501,0.02079844407089003,0.020798444070875062,0.02079844407086009,0.020798444070845128,0.020798444070830167,0.020798444070815218,0.020798444070800268,0.020798444070785328,0.0207984440707704,0.020798444070755467,0.02079844407074055,0.020798444070725643,0.02079844407071074,0.02079844407069583,0.02079844407068093,0.020798444070666038,0.02079844407065114,0.020798444070636263,0.020798444070621397,0.020798444070606523,0.02079844407059167,0.02079844407057682,0.020798444070561983,0.020798444070547133,0.020798444070532305,0.020798444070517473,0.020798444070502645,0.020798444070487834,0.020798444070473026,0.02079844407045822,0.02079844407044342,0.020798444070428638,0.020798444070413844,0.020798444070399057,0.02079844407038428,0.02079844407036951,0.02079844407035475,0.020798444070339994,0.02079844407032524,0.02079844407031049,0.020798444070295758,0.020798444070281013,0.02079844407026628,0.02079844407025156,0.020798444070236836,0.020798444070222133,0.020798444070207426,0.020798444070192736,0.020798444070178036,0.020798444070163354,0.02079844407014866,0.020798444070133985,0.02079844407011932,0.02079844407010466,0.020798444070090006,0.02079844407007534,0.020798444070060713,0.02079844407004608,0.020798444070031438,0.02079844407001682,0.020798444070002198,0.02079844406998758,0.020798444069972964,0.020798444069958365,0.020798444069943762,0.020798444069929173,0.020798444069914594,0.0207984440699,0.020798444069885437,0.020798444069870876,0.020798444069856308,0.020798444069841757,0.020798444069827202,0.02079844406981266,0.020798444069798114,0.020798444069783567,0.020798444069769034,0.02079844406975451,0.020798444069739998,0.02079844406972548,0.02079844406971097,0.02079844406969646,0.020798444069681964,0.020798444069667483,0.020798444069652998,0.02079844406963852,0.020798444069624052,0.020798444069609588,0.02079844406959512,0.020798444069580674,0.020798444069566224,0.020798444069551784,0.020798444069537347,0.020798444069522908,0.02079844406950848,0.02079844406949406,0.02079844406947965,0.02079844406946524,0.020798444069450833,0.02079844406943643,0.02079844406942204,0.02079844406940766,0.020798444069393282,0.02079844406937891,0.02079844406936453,0.020798444069350164,0.020798444069335804,0.020798444069321458,0.02079844406930712,0.02079844406929278,0.02079844406927844,0.020798444069264125,0.02079844406924979,0.020798444069235474,0.020798444069221173,0.020798444069206865,0.020798444069192564,0.020798444069178267,0.020798444069163983,0.02079844406914969,0.020798444069135412,0.020798444069121153,0.02079844406910689,0.020798444069092634,0.02079844406907837,0.020798444069064125,0.02079844406904988,0.020798444069035648,0.020798444069021413,0.020798444069007178,0.020798444068992963,0.02079844406897874,0.020798444068964528,0.02079844406895033,0.020798444068936127,0.020798444068921926,0.02079844406890773,0.020798444068893546,0.020798444068879367,0.0207984440688652,0.020798444068851025,0.020798444068836863,0.020798444068822718,0.020798444068808566,0.020798444068794417,0.020798444068780276,0.020798444068766138,0.020798444068752017,0.02079844406873789,0.02079844406872377,0.020798444068709652,0.020798444068695562,0.020798444068681452,0.02079844406866736,0.02079844406865326,0.02079844406863917,0.020798444068625084,0.020798444068611005,0.020798444068596936,0.02079844406858287,0.020798444068568823,0.020798444068554762,0.020798444068540714,0.020798444068526673,0.02079844406851263,0.0207984440684986,0.020798444068484568,0.02079844406847056,0.020798444068456528,0.020798444068442522,0.020798444068428526,0.020798444068414534,0.020798444068400535,0.020798444068386553,0.020798444068372564,0.020798444068358603,0.020798444068344628,0.020798444068330653,0.020798444068316695,0.02079844406830274,0.020798444068288787,0.020798444068274854,0.020798444068260907,0.020798444068246984,0.02079844406823306,0.02079844406821914,0.020798444068205222,0.020798444068191313,0.0207984440681774,0.0207984440681635,0.020798444068149603,0.02079844406813571,0.02079844406812182,0.02079844406810793,0.020798444068094054,0.020798444068080176,0.020798444068066305,0.0207984440680525,0.020798444068038643,0.020798444068024797,0.020798444068010947,0.020798444067997114,0.020798444067983285,0.020798444067969463,0.02079844406795563,0.020798444067941818,0.020798444067928,0.020798444067914194,0.02079844406790038,0.02079844406788659,0.020798444067872793,0.02079844406785898,0.02079844406784519,0.02079844406783142,0.020798444067817643,0.020798444067803883,0.020798444067790113,0.020798444067776364,0.020798444067762607,0.02079844406774886,0.020798444067735126,0.020798444067721383,0.020798444067707655,0.020798444067693923,0.020798444067680208,0.02079844406766649,0.020798444067652785,0.020798444067639078,0.020798444067625384,0.020798444067611686,0.020798444067597996,0.020798444067584305,0.02079844406757062,0.020798444067556952,0.020798444067543276,0.020798444067529624,0.020798444067515964,0.020798444067502316,0.02079844406748866,0.020798444067475014,0.020798444067461373,0.020798444067447738,0.02079844406743411,0.020798444067420492,0.020798444067406878,0.02079844406739326,0.020798444067379664,0.02079844406736606,0.02079844406735246,0.020798444067338877,0.020798444067325284,0.0207984440673117,0.020798444067298128,0.02079844406728454,0.020798444067270976,0.020798444067257418,0.020798444067243863,0.02079844406723031,0.020798444067216763,0.020798444067203218,0.02079844406718968,0.020798444067176153,0.020798444067162625,0.020798444067149088,0.020798444067135574,0.020798444067122057,0.020798444067108544,0.020798444067095044,0.020798444067081544,0.020798444067068045,0.02079844406705456,0.02079844406704107,0.020798444067027605,0.020798444067014126,0.02079844406700065,0.020798444066987196,0.020798444066973724,0.02079844406696028,0.02079844406694683,0.020798444066933385,0.02079844406691993,0.0207984440669065,0.020798444066893077,0.02079844406687964,0.02079844406686623,0.020798444066852807,0.020798444066839405,0.02079844406682598,0.0207984440668126,0.020798444066799197,0.02079844406678582,0.020798444066772444,0.02079844406675906,0.02079844406674567,0.020798444066732317,0.020798444066718946,0.020798444066705578,0.02079844406669222,0.020798444066678873,0.02079844406666552,0.020798444066652187,0.02079844406663885,0.020798444066625517,0.020798444066612198,0.020798444066598865,0.02079844406658555,0.020798444066572237,0.02079844406655893,0.020798444066545636,0.020798444066532334,0.020798444066519043,0.020798444066505755,0.020798444066492474,0.0207984440664792,0.020798444066465933,0.020798444066452655,0.020798444066439388,0.02079844406642612,0.020798444066412868,0.02079844406639962,0.02079844406638637,0.02079844406637312,0.020798444066359896,0.020798444066346657,0.020798444066333438,0.020798444066320223,0.020798444066307015,0.020798444066293793,0.02079844406628058,0.020798444066267383,0.020798444066254175,0.020798444066240977,0.020798444066227783,0.020798444066214603,0.020798444066201432,0.020798444066188256,0.020798444066175096,0.020798444066161915,0.020798444066148752,0.020798444066135607,0.02079844406612246,0.02079844406610932,0.020798444066096173,0.020798444066083045,0.020798444066069913,0.02079844406605678,0.020798444066043652,0.02079844406603055,0.020798444066017427,0.020798444066004312,0.020798444065991215,0.020798444065978115,0.020798444065965024,0.02079844406595194,0.020798444065938837,0.020798444065925768,0.02079844406591269,0.02079844406589962,0.020798444065886552,0.020798444065873493,0.02079844406586044,0.020798444065847382,0.020798444065834327,0.020798444065821292,0.020798444065808244,0.02079844406579522,0.020798444065782185,0.02079844406576917,0.02079844406575614,0.020798444065743125,0.02079844406573012,0.020798444065717105,0.02079844406570411,0.020798444065691105,0.020798444065678122,0.020798444065665125,0.02079844406565215,0.020798444065639167,0.020798444065626188,0.020798444065613222,0.020798444065600264,0.020798444065587292,0.020798444065574344,0.020798444065561396,0.020798444065548437,0.020798444065535503,0.020798444065522566,0.020798444065509625,0.02079844406549669,0.020798444065483774,0.020798444065470857,0.02079844406545795,0.020798444065445024,0.020798444065432117,0.02079844406541921,0.020798444065406315,0.020798444065393436,0.020798444065380544,0.02079844406536768,0.020798444065354825,0.020798444065341946,0.02079844406532908,0.020798444065316217,0.02079844406530336,0.02079844406529049,0.020798444065277647,0.020798444065264796,0.020798444065251942,0.020798444065239105,0.020798444065226265,0.020798444065213438,0.02079844406520061,0.02079844406518778,0.020798444065174972,0.02079844406516215,0.02079844406514935,0.020798444065136545,0.020798444065123742,0.020798444065110944,0.02079844406509816,0.020798444065085377,0.0207984440650726,0.02079844406505981,0.02079844406504704,0.02079844406503427,0.02079844406502151,0.02079844406500874,0.020798444064995994,0.02079844406498325,0.0207984440649705,0.02079844406495776,0.020798444064945024,0.02079844406493228,0.02079844406491955,0.020798444064906833,0.020798444064894114,0.020798444064881384,0.020798444064868686,0.020798444064855977,0.02079844406484327,0.020798444064830567,0.020798444064817873,0.02079844406480518,0.02079844406479249,0.020798444064779816,0.020798444064767125,0.02079844406475445,0.020798444064741784,0.020798444064729117,0.020798444064716454,0.020798444064703804,0.02079844406469115,0.020798444064678515,0.02079844406466587,0.020798444064653223,0.020798444064640598,0.02079844406462796,0.02079844406461534,0.020798444064602715,0.020798444064590093,0.02079844406457748,0.020798444064564874,0.02079844406455227,0.020798444064539665,0.02079844406452707,0.020798444064514483,0.020798444064501893,0.020798444064489302,0.020798444064476736,0.02079844406446415,0.020798444064451586,0.020798444064439016,0.020798444064426453,0.020798444064413894,0.02079844406440133,0.020798444064388785,0.020798444064376233,0.020798444064363698,0.02079844406435116,0.020798444064338638,0.020798444064326117,0.02079844406431359,0.020798444064301064,0.020798444064288553,0.020798444064276035,0.02079844406426353,0.020798444064251034,0.020798444064238523,0.020798444064226037,0.020798444064213537,0.020798444064201057,0.020798444064188588,0.0207984440641761,0.020798444064163618,0.020798444064151142,0.020798444064138683,0.02079844406412621,0.020798444064113745,0.0207984440641013,0.020798444064088855,0.02079844406407641,0.02079844406406398,0.020798444064051538,0.0207984440640391,0.02079844406402668,0.02079844406401424,0.020798444064001834,0.02079844406398941,0.020798444063977004,0.020798444063964593,0.020798444063952187,0.02079844406393979,0.020798444063927408,0.02079844406391502,0.020798444063902626,0.020798444063890243,0.020798444063877857,0.020798444063865485,0.020798444063853117,0.02079844406384075,0.020798444063828386,0.020798444063816028,0.020798444063803673,0.02079844406379132,0.02079844406377898,0.020798444063766637,0.0207984440637543,0.02079844406374197,0.02079844406372964,0.02079844406371731,0.020798444063704992,0.02079844406369266,0.020798444063680345,0.02079844406366804,0.02079844406365574,0.020798444063643434,0.02079844406363114,0.020798444063618856,0.020798444063606567,0.020798444063594282,0.020798444063582,0.020798444063569725,0.020798444063557457,0.020798444063545182,0.020798444063532928,0.020798444063520674,0.02079844406350841,0.020798444063496156,0.020798444063483898,0.020798444063471654,0.020798444063459418,0.020798444063447177,0.02079844406343494,0.020798444063422714,0.020798444063410484,0.020798444063398265,0.02079844406338605,0.02079844406337383,0.020798444063361628,0.020798444063349426,0.020798444063337217,0.020798444063325015,0.020798444063312823,0.02079844406330064,0.020798444063288447,0.020798444063276265,0.020798444063264095,0.020798444063251913,0.02079844406323975,0.020798444063227586,0.02079844406321542,0.020798444063203272,0.020798444063191115,0.020798444063178965,0.02079844406316681,0.02079844406315467,0.02079844406314254,0.020798444063130403,0.02079844406311827,0.020798444063106145,0.02079844406309403,0.02079844406308192,0.02079844406306981,0.020798444063057694,0.02079844406304559,0.020798444063033477,0.020798444063021383,0.0207984440630093,0.020798444062997204,0.020798444062985096,0.020798444062973025,0.020798444062960934,0.020798444062948868,0.02079844406293679,0.02079844406292472,0.02079844406291266,0.020798444062900597,0.020798444062888537,0.0207984440628765,0.020798444062864442,0.020798444062852396,0.020798444062840357,0.02079844406282831,0.02079844406281628,0.020798444062804254,0.02079844406279222,0.020798444062780204,0.02079844406276818,0.02079844406275617,0.020798444062744163,0.02079844406273216,0.020798444062720165,0.02079844406270817,0.02079844406269618,0.020798444062684183,0.02079844406267219,0.0207984440626602,0.02079844406264823,0.020798444062636243,0.020798444062624283,0.020798444062612303,0.020798444062600344,0.020798444062588392,0.020798444062576426,0.020798444062564477,0.020798444062552525,0.020798444062540583,0.02079844406252864,0.020798444062516706,0.020798444062504765,0.02079844406249283,0.020798444062480912,0.02079844406246898,0.020798444062457056,0.020798444062445152,0.020798444062433235,0.02079844406242132,0.020798444062409445,0.020798444062397545,0.020798444062385638,0.02079844406237375,0.02079844406236186,0.020798444062349975,0.0207984440623381,0.02079844406232621,0.02079844406231433,0.020798444062302458,0.020798444062290606,0.020798444062278747,0.02079844406226689,0.020798444062255016,0.020798444062243175,0.020798444062231313,0.02079844406221948,0.02079844406220763,0.0207984440621958,0.02079844406218396,0.020798444062172124,0.0207984440621603,0.02079844406214848,0.020798444062136653,0.020798444062124836,0.02079844406211303,0.020798444062101226,0.020798444062089416,0.020798444062077613,0.02079844406206581,0.020798444062054028,0.020798444062042235,0.020798444062030453,0.02079844406201866,0.02079844406200688,0.020798444061995103,0.02079844406198333,0.02079844406197156,0.020798444061959794,0.020798444061948036,0.020798444061936275,0.020798444061924513,0.020798444061912776,0.020798444061901022,0.020798444061889288,0.02079844406187755,0.02079844406186581,0.020798444061854094,0.020798444061842353,0.020798444061830627,0.0207984440618189,0.020798444061807187,0.020798444061795467,0.02079844406178375,0.02079844406177205,0.02079844406176035,0.02079844406174865,0.020798444061736962,0.020798444061725263,0.02079844406171358,0.020798444061701886,0.020798444061690208,0.02079844406167852,0.020798444061666848,0.020798444061655177,0.020798444061643502,0.020798444061631838,0.020798444061620187,0.020798444061608516,0.020798444061596873,0.02079844406158522,0.020798444061573565,0.020798444061561932,0.020798444061550295,0.020798444061538662,0.020798444061527026,0.02079844406151539,0.020798444061503767,0.02079844406149214,0.020798444061480525,0.020798444061468916,0.020798444061457297,0.02079844406144569,0.020798444061434097,0.02079844406142249,0.020798444061410903,0.02079844406139932,0.020798444061387727,0.02079844406137614,0.02079844406136455,0.02079844406135297,0.0207984440613414,0.020798444061329836,0.02079844406131826,0.020798444061306688,0.020798444061295135,0.020798444061283578,0.020798444061272015,0.02079844406126047,0.020798444061248922,0.020798444061237372,0.020798444061225833,0.020798444061214293,0.020798444061202764,0.020798444061191225,0.020798444061179693,0.020798444061168184,0.020798444061156652,0.020798444061145133,0.020798444061133625,0.02079844406112212,0.02079844406111061,0.0207984440610991,0.020798444061087596,0.02079844406107611,0.02079844406106461,0.02079844406105312,0.020798444061041636,0.020798444061030156,0.020798444061018672,0.020798444061007202,0.02079844406099574,0.020798444060984266,0.02079844406097279,0.020798444060961332,0.020798444060949887,0.020798444060938424,0.02079844406092697,0.020798444060915522,0.020798444060904076,0.02079844406089263,0.0207984440608812,0.020798444060869756,0.020798444060858328,0.020798444060846896,0.02079844406083547,0.02079844406082405,0.020798444060812625,0.020798444060801207,0.020798444060789786,0.020798444060778375,0.02079844406076696,0.02079844406075557,0.020798444060744166,0.020798444060732776,0.020798444060721386,0.020798444060709995,0.020798444060698612,0.020798444060687243,0.02079844406067586,0.02079844406066449,0.020798444060653117,0.020798444060641758,0.020798444060630385,0.020798444060619013,0.020798444060607657,0.020798444060596295,0.02079844406058494,0.0207984440605736,0.02079844406056225,0.020798444060550907,0.020798444060539573,0.02079844406052823,0.0207984440605169,0.020798444060505576,0.020798444060494255,0.02079844406048293,0.020798444060471624,0.020798444060460313,0.020798444060448985,0.020798444060437692,0.020798444060426375,0.020798444060415085,0.02079844406040378,0.020798444060392492,0.02079844406038121,0.020798444060369913,0.02079844406035863,0.02079844406034735,0.02079844406033608,0.020798444060324797,0.02079844406031353,0.020798444060302266,0.020798444060290987,0.02079844406027972,0.020798444060268456,0.020798444060257205,0.02079844406024595,0.020798444060234712,0.02079844406022345,0.020798444060212216,0.020798444060200975,0.020798444060189734,0.02079844406017851,0.020798444060167277,0.02079844406015605,0.02079844406014482,0.020798444060133595,0.020798444060122392,0.020798444060111172,0.020798444060099945,0.020798444060088742,0.020798444060077543,0.020798444060066344,0.02079844406005514,0.020798444060043948
9,1.5913027620699552e-44,6.650784724636615e-44,1.4467336970819322e-43,2.541902862462126e-43,3.974534911999854e-43,5.777616830134909e-43,7.984560149657508e-43,1.0629387416653901e-42,1.374675164035101e-42,1.737187034226242e-42,2.1540433040410916e-42,2.6288507836061943e-42,3.165245802696163e-42,3.766887255447335e-42,4.437451021826468e-42,5.1806256184738946e-42,6.000108873506115e-42,6.899605425219287e-42,7.882824855079456e-42,8.953480317293547e-42,1.0115287528519874e-41,1.1371964044177347e-41,1.2727228725712875e-41,1.4184801366014054e-41,1.574840241524569e-41,1.742175278871819e-41,1.9208573725060443e-41,2.1112586695580256e-41,2.3137513332030256e-41,2.528707537993733e-41,2.756499466151925e-41,2.9974993054880014e-41,3.25207924767034e-41,3.5206114866858593e-41,3.803468218595503e-41,4.101021641021483e-41,4.4136439519994234e-41,4.74170735012563e-41,5.085584035059015e-41,5.445646205693634e-41,5.822266062141797e-41,6.215815803816021e-41,6.626667631328893e-41,7.055193744041053e-41,7.501766342041644e-41,7.966757625669016e-41,8.450539794721755e-41,8.953485049508619e-41,9.4759655902812e-41,1.0018353616354516e-40,1.0581021328516837e-40,1.1164340926918154e-40,1.1768684611711276e-40,1.2394424582605747e-40,1.3041933039743021e-40,1.371158218364395e-40,1.4403744214388663e-40,1.5118791332088998e-40,1.585709573604143e-40,1.6619029627653057e-40,1.7404965205809068e-40,1.8215274671368195e-40,1.905033022369977e-40,1.9910504063649826e-40,2.0796168391404188e-40,2.1707695407158305e-40,2.264545731100019e-40,2.3609826302061148e-40,2.460117458135386e-40,2.5619874349040666e-40,2.6666297805405787e-40,2.7740817149474382e-40,2.884380458246873e-40,2.997563230424377e-40,3.113667251501818e-40,3.2327297415121978e-40,3.354787920250962e-40,3.479879007935161e-40,3.6080402246565405e-40,3.739308790368713e-40,3.873721924848615e-40,4.01131684841614e-40,4.152130780989532e-40,4.2962009425909e-40,4.4435645530061245e-40,4.594258832572427e-40,4.74832100107523e-40,4.9057882786442514e-40,5.0666978854109946e-40,5.231087041171097e-40,5.398992966019968e-40,5.570452879885537e-40,5.745504002988906e-40,5.924183555005378e-40,6.106528756277293e-40,6.292576826616732e-40,6.4823649860492464e-40,6.675930454641567e-40,6.873310452442181e-40,7.074542199449242e-40,7.279662915720382e-40,7.48870982123885e-40,7.701720135991651e-40,7.918731080035262e-40,8.13977987309769e-40,8.364903735436253e-40,8.594139887113174e-40,8.827525548097076e-40,9.065097938297604e-40,9.30689427784349e-40,9.552951786879395e-40,9.803307685293327e-40,1.0057999192949975e-39,1.0317063529886307e-39,1.0580537916221282e-39,1.084845957211973e-39,1.1120865717186659e-39,1.1397793571689364e-39,1.1679280355659111e-39,1.1965363289441363e-39,1.225607959242644e-39,1.255146648489898e-39,1.285156118690778e-39,1.3156400918437145e-39,1.3466022899207601e-39,1.3780464349534924e-39,1.4099762489444544e-39,1.4423954538926523e-39,1.475307771802181e-39,1.50871692467434e-39,1.5426266344736943e-39,1.5770406232416325e-39,1.611962612973088e-39,1.647396325698007e-39,1.6833454833618403e-39,1.719813808028508e-39,1.7568050216352855e-39,1.79432284621458e-39,1.832371003768203e-39,1.8709532162610747e-39,1.9100732057262737e-39,1.9497346941691096e-39,1.9899414035950916e-39,2.030697055996306e-39,2.072005373378103e-39,2.1138700777452367e-39,2.1562948910656117e-39,2.1992835353688653e-39,2.2428397326587143e-39,2.286967204934454e-39,2.3316696741998494e-39,2.376950862455651e-39,2.4228144917018805e-39,2.4692642839093327e-39,2.516303961153883e-39,2.5639372453896915e-39,2.612167858550401e-39,2.6609995227437984e-39,2.710435959937413e-39,2.7604808921300586e-39,2.8111380412946924e-39,2.862411129466172e-39,2.9143038786355425e-39,2.966820010857396e-39,3.019963248050403e-39,3.073737312247776e-39,3.1281459254624e-39,3.1831928096816685e-39,3.2388816869138826e-39,3.295216279169546e-39,3.352200308437792e-39,3.409837496692449e-39,3.468131565999096e-39,3.5270862382894435e-39,3.586705235606784e-39,3.646992279945085e-39,3.7079510933091984e-39,3.769585397703684e-39,3.831898915080133e-39,3.894895367488438e-39,3.9585784769329834e-39,4.022951965406653e-39,4.0880195549060544e-39,4.15378496744783e-39,4.2202519249845555e-39,4.287424149563098e-39,4.355305363215423e-39,4.423899287870236e-39,4.493209645571257e-39,4.563240158314091e-39,4.6339945480614395e-39,4.705476536890653e-39,4.777689846775608e-39,4.8506381997030865e-39,4.92432531764314e-39,4.998754922628083e-39,5.073930736670189e-39,5.1498564817274043e-39,5.226535879886612e-39,5.3039726530973814e-39,5.3821705233755816e-39,5.461133212666812e-39,5.540864442974137e-39,5.621367936390283e-39,5.7026474148252654e-39,5.784706600372607e-39,5.867549214937689e-39,5.951178980623127e-39,6.035599619332843e-39,6.120814853166049e-39,6.20682840401687e-39,6.293643993897087e-39,6.381265344905425e-39,6.469696178939517e-39,6.558940218101198e-39,6.649001184349785e-39,6.739882799685742e-39,6.83158878604816e-39,6.924122865554916e-39,7.017488760095057e-39,7.111690191680725e-39,7.206730882404753e-39,7.302614554155583e-39,7.399344929010831e-39,7.496925728958866e-39,7.595360676054215e-39,7.694653492191332e-39,7.794807899377509e-39,7.895827619674844e-39,7.997716375016849e-39,8.100477887553136e-39,8.204115879098751e-39,8.308634071856845e-39,8.414036187734436e-39,8.520325948601631e-39,8.627507076683505e-39,8.735583293773807e-39,8.844558322087777e-39,8.954435883413116e-39,9.065219699867336e-39,9.176913493421551e-39,9.289520986102543e-39,9.403045899904e-39,9.517491956831062e-39,9.632862878869558e-39,9.749162388040864e-39,9.866394206339932e-39,9.984562055671181e-39,1.0103669658222667e-38,1.0223720735810332e-38,1.0344719010646091e-38,1.0466668204495964e-38,1.0589572039481947e-38,1.0713434237612144e-38,1.0838258520874799e-38,1.0964048611279186e-38,1.1090808230827072e-38,1.1218541101518167e-38,1.1347250945355201e-38,1.1476941484333493e-38,1.1607616440468442e-38,1.1739279535633014e-38,1.1871934492069963e-38,1.2005585031538948e-38,1.2140234876303312e-38,1.2275887748081434e-38,1.2412547369148552e-38,1.2550217461263206e-38,1.2688901746410716e-38,1.2828603946950383e-38,1.296932778454909e-38,1.3111076981318672e-38,1.3253855259249962e-38,1.3397666340356192e-38,1.354251394661985e-38,1.3688401800070628e-38,1.3835333622682122e-38,1.3983313136336995e-38,1.4132344063314946e-38,1.4282430125335033e-38,1.4433575044542859e-38,1.4585782542936354e-38,1.4739056342634902e-38,1.489340016537649e-38,1.5048817733318914e-38,1.52053127684355e-38,1.5362888992643524e-38,1.5521550128164718e-38,1.5681299896754196e-38,1.5842142020642549e-38,1.6004080221728962e-38,1.6167118222030788e-38,1.6331259743518726e-38,1.6496508508080728e-38,1.6662868237845972e-38,1.683034265481436e-38,1.6998935481135205e-38,1.716865043849966e-38,1.733949124908995e-38,1.751146163488659e-38,1.7684565317887685e-38,1.7858806019967347e-38,1.8034187463383865e-38,1.8210713370039048e-38,1.838838746188972e-38,1.8567213461004174e-38,1.8747195089316588e-38,1.8928336068866837e-38,1.9110640121486314e-38,1.9294110969334522e-38,1.947875233455803e-38,1.966456793886227e-38,1.985156150454018e-38,2.003973675330838e-38,2.022909740746179e-38,2.0419647188571573e-38,2.0611389819047713e-38,2.0804329020778333e-38,2.0998468515733983e-38,2.1193812025927085e-38,2.139036327337932e-38,2.1588125980061626e-38,2.1787103867867466e-38,2.1987300658929498e-38,2.2188720075232685e-38,2.2391365838817837e-38,2.2595241671757095e-38,2.2800351295815868e-38,2.3006698433131591e-38,2.3214286805594334e-38,2.3423120135567038e-38,2.3633202144656145e-38,2.384453655487474e-38,2.4057127088508393e-38,2.427097746725621e-38,2.448609141342522e-38,2.470247264871959e-38,2.4920124895423415e-38,2.5139051875410753e-38,2.5359257310678924e-38,2.5580744923194103e-38,2.5803518434869346e-38,2.602758156781403e-38,2.6252938044048703e-38,2.647959158569934e-38,2.670754591451065e-38,2.693680475260268e-38,2.7167371821982174e-38,2.7399250844496086e-38,2.763244554245967e-38,2.7866959637566725e-38,2.810279685211884e-38,2.833996090781781e-38,2.8578455526983144e-38,2.88182844314321e-38,2.9059451343041195e-38,2.930195998395997e-38,2.95458140761694e-38,2.979101734171093e-38,3.003757350238946e-38,3.028548628053337e-38,3.0534759397809304e-38,3.0785396576571615e-38,3.103740153866683e-38,3.12907780058976e-38,3.154552970060686e-38,3.180166034463592e-38,3.2059173660005034e-38,3.231807336854157e-38,3.2578363192562107e-38,3.284004685375056e-38,3.310312807442153e-38,3.3367610576264154e-38,3.3633498081270543e-38,3.3900794311788903e-38,3.4169502989475407e-38,3.443962783649773e-38,3.4711172574850476e-38,3.4984140926731737e-38,3.525853661378267e-38,3.5534363358145493e-38,3.5811624882054775e-38,3.609032490730186e-38,3.637046715573752e-38,3.6652055349506723e-38,3.6935093210822684e-38,3.7219584461483596e-38,3.750553282318852e-38,3.7792942018380943e-38,3.808181576893683e-38,3.837215779670741e-38,3.8663971823830473e-38,3.8957261572521116e-38,3.925203076455969e-38,3.954828312196197e-38,3.984602236657473e-38,4.0145252220738225e-38,4.044597640591117e-38,4.074819864466512e-38,4.105192265893818e-38,4.1357152170602753e-38,4.1663890901270745e-38,4.197214257349812e-38,4.2281910909129393e-38,4.259319962997182e-38,4.290601245837399e-38,4.322035311616718e-38,4.353622532537073e-38,4.3853632807794787e-38,4.417257928561165e-38,4.449306848100236e-38,4.481510411542588e-38,4.513868991144184e-38,4.5463829590840603e-38,4.579052687562848e-38,4.611878548784108e-38,4.6448609149479043e-38,4.678000158250842e-38,4.711296650877081e-38,4.744750765048508e-38,4.778362872957423e-38,4.812133346827992e-38,4.846062558818592e-38,4.880150881173344e-38,4.914398686066241e-38,4.94880634570601e-38,4.983374232249716e-38,5.018102717974567e-38,5.052992175044217e-38,5.088042975616599e-38,5.123255491954634e-38,5.158630096230229e-38,5.194167160653782e-38,5.229867057419114e-38,5.265730158728738e-38,5.301756836782748e-38,5.337947463762577e-38,5.374302411889065e-38,5.410822053356038e-38,5.447506760390598e-38,5.484356905149625e-38,5.521372859854142e-38,5.558554996727045e-38,5.595903687903673e-38,5.633419305645282e-38,5.671102222130961e-38,5.708952809584147e-38,5.746971440143772e-38,5.785158486053882e-38,5.823514319527665e-38,5.862039312729364e-38,5.900733837880198e-38,5.939598267174289e-38,5.978632972841305e-38,6.017838327013147e-38,6.057214701952537e-38,6.096762469841744e-38,6.136482002879248e-38,6.176373673245779e-38,6.216437853178028e-38,6.256674914881187e-38,6.297085230509598e-38,6.337669172269841e-38,6.378427112400938e-38,6.419359423057901e-38,6.460466476449389e-38,6.501748644807775e-38,6.543206300338364e-38,6.584839815199274e-38,6.626649561590814e-38,6.668635911755119e-38,6.710799237846246e-38,6.753139912106106e-38,6.795658306741897e-38,6.838354793906832e-38,6.881229745803363e-38,6.924283534671767e-38,6.967516532674188e-38,7.01092911205078e-38,7.054521644955041e-38,7.098294503596308e-38,7.142248060246842e-38,7.186382686989294e-38,7.230698756105456e-38,7.275196639756388e-38,7.319876710179017e-38,7.364739339541726e-38,7.409784900076184e-38,7.455013763939939e-38,7.500426303378742e-38,7.546022890549093e-38,7.59180389769945e-38,7.637769697025374e-38,7.683920660678737e-38,7.73025716087616e-38,7.776779569844484e-38,7.823488259750098e-38,7.870383602788143e-38,7.917465971205452e-38,7.96473573720475e-38,8.012193272885272e-38,8.059838950588946e-38,8.107673142434825e-38,8.155696220611485e-38,8.203908557328511e-38,8.252310524823993e-38,8.300902495293478e-38,8.349684840904417e-38,8.39865793388763e-38,8.447822146412654e-38,8.497177850673767e-38,8.546725418912921e-38,8.596465223293621e-38,8.64639763605448e-38,8.696523029396193e-38,8.746841775429643e-38,8.797354246483415e-38,8.848060814636792e-38,8.898961852168676e-38,8.950057731282702e-38,9.001348824179234e-38,9.052835502974694e-38,9.104518139950353e-38,9.156397107308924e-38,9.208472777199274e-38,9.260745521834353e-38,9.313215713450151e-38,9.365883724257192e-38,9.418749926358584e-38,9.471814692042023e-38,9.525078393509904e-38,9.578541402915394e-38,9.632204092463433e-38,9.68606683439655e-38,9.740130000912933e-38,9.794393964169887e-38,9.848859096370062e-38,9.903525769753825e-38,9.958394356478939e-38,1.0013465228793141e-37,1.0068738758850755e-37,1.0124215318939084e-37,1.0179895281121039e-37,1.0235779017649702e-37,1.0291866900804585e-37,1.0348159302658792e-37,1.0404656595500957e-37,1.046135915153197e-37,1.0518267342956471e-37,1.0575381541870182e-37,1.063270212057637e-37,1.0690229451279128e-37,1.0747963906109811e-37,1.0805905857292732e-37,1.0864055677062672e-37,1.0922413737625848e-37,1.0980980411133076e-37,1.103975606979164e-37,1.1098741085831029e-37,1.1157935831418306e-37,1.121734067875709e-37,1.1276956000079988e-37,1.1336782167593094e-37,1.139681955345921e-37,1.1457068529864819e-37,1.151752946906387e-37,1.1578202743263193e-37,1.1639088724597897e-37,1.1700187785329978e-37,1.176150029766333e-37,1.182302663368941e-37,1.1884767165657414e-37,1.1946722265876015e-37,1.2008892306430803e-37,1.207127765953873e-37,1.213387869740305e-37,1.2196695792300143e-37,1.2259729316297294e-37,1.2322979641690398e-37,1.2386447140682115e-37,1.2450132185421833e-37,1.251403514811196e-37,1.2578156400999152e-37,1.2642496316229762e-37,1.2707055266060962e-37,1.2771833622638038e-37,1.2836831758213342e-37,1.2902050044945609e-37,1.2967488855070379e-37,1.3033148560742589e-37,1.309902953416453e-37,1.3165132147585347e-37,1.32314567731562e-37,1.3298003783127385e-37,1.3364773549703344e-37,1.3431766444971594e-37,1.3498982841243435e-37,1.3566423110718356e-37,1.363408762553848e-37,1.3701976757966038e-37,1.3770090880191993e-37,1.3838430364375125e-37,1.3906995582701628e-37,1.3975786907427868e-37,1.4044804710714352e-37,1.411404936475269e-37,1.4183521241801565e-37,1.4253220714042503e-37,1.4323148153634492e-37,1.4393303932787063e-37,1.4463688423740317e-37,1.453430199865261e-37,1.4605145029765955e-37,1.4676217889230615e-37,1.4747520949300644e-37,1.481905458218134e-37,1.489081915994764e-37,1.4962815054932108e-37,1.503504263932401e-37,1.5107502285264772e-37,1.518019436495512e-37,1.5253119250655234e-37,1.5326277314568354e-37,1.5399668928780877e-37,1.5473294465606178e-37,1.554715429722781e-37,1.56212487958063e-37,1.569557833359853e-37,1.577014328275193e-37,1.5844944015510869e-37,1.5919980904020687e-37,1.5995254320545898e-37,1.6070764637227935e-37,1.6146512226257992e-37,1.6222497459904058e-37,1.6298720710360232e-37,1.6375182349830317e-37,1.645188275040134e-37,1.6528822284386717e-37,1.6606001323983458e-37,1.6683420241284567e-37,1.6761079408600382e-37,1.6838979198068516e-37,1.6917119982002976e-37,1.699550213244571e-37,1.7074126021698022e-37,1.7152992021966044e-37,1.7232100505396523e-37,1.7311451844171627e-37,1.7391046410579043e-37,1.7470884576796612e-37,1.7550966714916863e-37,1.7631293197254668e-37,1.7711864396001574e-37,1.7792680683312895e-37,1.7873742431375312e-37,1.7955050012517908e-37,1.8036603798818454e-37,1.8118404162479562e-37,1.8200451475752159e-37,1.8282746110850424e-37,1.8365288439848517e-37,1.8448078835076769e-37,1.8531117668647758e-37,1.8614405312847464e-37,1.869794213980527e-37,1.878172852178201e-37,1.8865764830921356e-37,1.895005143942681e-37,1.9034588719542e-37,1.911937704348301e-37,1.9204416783393254e-37,1.928970831151978e-37,1.9375252000013185e-37,1.9461048221129977e-37,1.9547097347011435e-37,1.9633399749853685e-37,1.97199558019234e-37,1.9806765875402154e-37,1.9893830342399096e-37,1.9981149575213833e-37,2.006872394605174e-37,2.0156553827054195e-37,2.024463959047404e-37,2.0332981608460407e-37,2.0421580253282514e-37,2.0510435897063188e-37,2.059954891200502e-37,2.06889196703806e-37,2.077854854431562e-37,2.086843590601813e-37,2.0958582127748465e-37,2.1048987581706534e-37,2.113965264002873e-37,2.12305776749161e-37,2.1321763058641326e-37,2.1413209163327493e-37,2.1504916361238087e-37,2.1596885024510117e-37,2.1689115525416684e-37,2.1781608236084682e-37,2.1874363528783774e-37,2.1967381775652024e-37,2.2060663348891934e-37,2.2154208620762665e-37,2.2248017963452474e-37,2.2342091749119713e-37,2.2436430350018353e-37,2.2531034138280796e-37,2.2625903486176847e-37,2.2721038765777435e-37,2.2816440349418092e-37,2.2912108609278594e-37,2.3008043917576622e-37,2.3104246646442387e-37,2.320071716807366e-37,2.3297455854759663e-37,2.3394463078605376e-37,2.349173921187773e-37,2.3589284626729494e-37,2.3687099695406176e-37,2.3785184790047784e-37,2.388354028293564e-37,2.398216654625902e-37,2.4081063952091687e-37,2.4180232872764665e-37,2.4279673680468035e-37,2.4379386747342475e-37,2.4479372445587975e-37,2.457963114746214e-37,2.4680163225185963e-37,2.4780969050876065e-37,2.488204899675117e-37,2.4983403435045305e-37,2.5085032737928692e-37,2.518693727757958e-37,2.5289117426330118e-37,2.5391573556259166e-37,2.549430603950501e-37,2.559731524837898e-37,2.5700601555097472e-37,2.580416533186104e-37,2.5908006950735287e-37,2.601212678410079e-37,2.6116525204053932e-37,2.6221202582779777e-37,2.6326159292477622e-37,2.643139570542519e-37,2.6536912193805126e-37,2.664270912977022e-37,2.674878688549981e-37,2.6855145833215073e-37,2.6961786345233915e-37,2.7068708793628005e-37,2.7175913550601182e-37,2.7283400988492986e-37,2.7391171479359392e-37,2.749922539533561e-37,2.7607563108682496e-37,2.771618499168926e-37,2.782509141653807e-37,2.793428275543062e-37,2.8043759380504126e-37,2.815352166401495e-37,2.8263569978039906e-37,2.837390469491612e-37,2.8484526186773293e-37,2.859543482586874e-37,2.8706630984417137e-37,2.881811503453968e-37,2.8929887348516086e-37,2.9041948298470564e-37,2.915429825660037e-37,2.9266937595171244e-37,2.937986668634209e-37,2.949308590242369e-37,2.9606595615492106e-37,2.9720396197811356e-37,2.9834488021443194e-37,2.9948871458720763e-37,3.0063546881781825e-37,3.017851466289607e-37,3.0293775174259414e-37,3.040932878800777e-37,3.052517587640288e-37,3.0641316811513865e-37,3.0757751965689326e-37,3.0874481711041855e-37,3.0991506419839734e-37,3.1108826464296077e-37,3.1226442216603843e-37,3.134435404889845e-37,3.1462562333305925e-37,3.1581067442173632e-37,3.1699869747620455e-37,3.1818969621924084e-37,3.193836743729154e-37,3.205806356591166e-37,3.2178058379915362e-37,3.2298352251437213e-37,3.2418945552810265e-37,3.2539838656237903e-37,3.2661031933914833e-37,3.27825257579943e-37,3.2904320500721603e-37,3.3026416534305317e-37,3.314881423080425e-37,3.3271513962507124e-37,3.339451610165094e-37,3.351782102037853e-37,3.364142909097767e-37,3.3765340685714973e-37,3.3889556176627946e-37,3.401407593578254e-37,3.4138900335610514e-37,3.4264029748296517e-37,3.4389464546041983e-37,3.4515205101053576e-37,3.464125178544854e-37,3.476760497150411e-37,3.489426503128324e-37,3.502123233710852e-37,3.514850726121785e-37,3.527609017571722e-37,3.5403981452870617e-37,3.5532181464886566e-37,3.5660690583910127e-37,3.578950918203485e-37,3.5918637631631526e-37,3.604807630488965e-37,3.6177825574018523e-37,3.630788581113344e-37,3.6438257388520938e-37,3.656894067837123e-37,3.669993605267759e-37,3.6831243883833554e-37,3.6962864544062077e-37,3.709479840556317e-37,3.72270458405218e-37,3.7359607221084215e-37,3.749248291950466e-37,3.76256733077887e-37,3.775917875833847e-37,3.789299964334753e-37,3.802713633501694e-37,3.816158920556188e-37,3.829635862710352e-37,3.8431444971928135e-37,3.856684861206314e-37,3.870256991979767e-37,3.8838609267400124e-37,3.897496702708654e-37,3.911164357102622e-37,3.924863927143733e-37,3.9385954500447745e-37,3.952358963025669e-37,3.966154503306475e-37,3.979982108115116e-37,3.993841814662203e-37,4.007733660177286e-37,4.021657681880264e-37,4.0356139169896575e-37,4.049602402711139e-37,4.0636231762736165e-37,4.0776762749032785e-37,4.091761735813721e-37,4.105879596230765e-37,4.120029893375256e-37,4.134212664467907e-37,4.148427946713471e-37,4.162675777337743e-37,4.1769561935711315e-37,4.191269232625386e-37,4.20561493173292e-37,4.219993328101616e-37,4.234404458942533e-37,4.248848361490317e-37,4.263325072960059e-37,4.277834630584695e-37,4.292377071569747e-37,4.306952433134478e-37,4.3215607525150965e-37,4.33620206690804e-37,4.350876413540826e-37,4.3655838296422886e-37,4.3803243524241595e-37,4.395098019114801e-37,4.409904866932441e-37,4.42474493309895e-37,4.4396182548163495e-37,4.454524869316056e-37,4.4694648138245425e-37,4.484438125551262e-37,4.499444841735342e-37,4.514484999587437e-37,4.5295586363203105e-37,4.544665789148051e-37,4.559806495302345e-37,4.574980791996812e-37,4.590188716460409e-37,4.605430305912285e-37,4.620705597565094e-37,4.636014628647064e-37,4.651357436361547e-37,4.666734057943798e-37,4.6821445306161505e-37,4.6975888915894145e-37,4.713067178090367e-37,4.728579427333198e-37,4.744125676544634e-37,4.759705962928769e-37,4.775320323729205e-37,4.79096879615155e-37,4.806651417422573e-37,4.822368224760728e-37,4.838119255375049e-37,4.853904546496352e-37,4.869724135331353e-37,4.885578059114426e-37,4.901466355067274e-37,4.9173890604097944e-37,4.9333462123620345e-37,4.9493378481278554e-37,4.965364004956491e-37,4.981424720038951e-37,4.997520030595185e-37,5.013649973862895e-37,5.0298145870563365e-37,5.046013907400035e-37,5.06224797209816e-37,5.078516818384649e-37,5.09482048346504e-37,5.111159004575449e-37,5.127532418932707e-37,5.143940763761137e-37,5.1603840762796e-37,5.176862393707384e-37,5.193375753263903e-37,5.209924192140338e-37,5.2265077475853186e-37,5.243126456818243e-37,5.2597803570617165e-37,5.276469485533016e-37,5.2931938794409535e-37,5.309953576033198e-37,5.326748612499471e-37,5.343579026059743e-37,5.360444853964663e-37,5.37734613340451e-37,5.394282901614177e-37,5.411255195814399e-37,5.428263053222833e-37,5.445306511045536e-37,5.46238560650303e-37,5.479500376846322e-37,5.4966508592788565e-37,5.513837091005551e-37,5.531059109279921e-37,5.5483169512875555e-37,5.565610654250251e-37,5.582940255402964e-37,5.600305791965117e-37,5.617707301143249e-37,5.635144820169748e-37,5.652618386268358e-37,5.670128036638492e-37,5.6876738085200255e-37,5.7052557391327e-37,5.722873865694905e-37,5.740528225411438e-37,5.7582188555345425e-37,5.775945793268237e-37,5.7937090758000655e-37,5.811508740382401e-37,5.8293448242345336e-37,5.847217364578985e-37,5.86512639863395e-37,5.8830719636178915e-37,5.901054096754417e-37,5.919072835245246e-37,5.937128216309819e-37,5.955220277185136e-37,5.973349055091317e-37,5.991514587249272e-37,6.009716910877115e-37,6.027956063196061e-37,6.046232081408691e-37,6.064545002735907e-37,6.08289486441333e-37,6.101281703664475e-37,6.11970555770724e-37,6.138166463758481e-37,6.1566644590428684e-37,6.175199580760894e-37,6.193771866151111e-37,6.212381352431603e-37,6.231028076807792e-37,6.24971207651429e-37,6.268433388771354e-37,6.2871920507850014e-37,3.3402956308001284e-12,6.704392524294593e-12,1.0096761610313575e-11,1.3521447195363043e-11,1.6982046479863152e-11,2.0481755005827544e-11,2.402343887839783e-11,2.760971238691295e-11,3.1243010658430675e-11,3.492565327167693e-11,3.865989808352865e-11,4.2447986100659376e-11,4.629217884978903e-11,5.0194789828834995e-11,5.4158211523251816e-11,5.818493928887413e-11,6.227759320663757e-11,6.643893883854161e-11,7.067190767089551e-11,7.497961792287084e-11,7.936539632442058e-11,8.383280142407494e-11,8.838564897156756e-11,9.302803992985379e-11,9.776439170466993e-11,1.0259947323689968e-10,1.0753844468427321e-10,1.125869025261332e-10,1.177509310602104e-10,1.2303716142748754e-10,1.284528395027512e-10,1.3400590422810893e-10,1.3970507824455992e-10,1.4555997298883527e-10,1.5158121075325126e-10,1.57780566517969e-10,1.6417113257733536e-10,1.7076750893034317e-10,1.7758602176444633e-10,1.8464497048926405e-10,1.9196489940833406e-10,1.9956888073042443e-10,2.0748277613187936e-10,2.1573540400210554e-10,2.2435845675525959e-10,2.333858394944618e-10,2.4265880619750924e-10,2.4265880619755685e-10,2.4265880619760943e-10,2.426588061976683e-10,2.426588061977354e-10,2.426588061978132e-10,2.4265880619790546e-10,2.426588061983238e-10,2.4265880620006223e-10,2.525656741701567e-10,2.6295519822390887e-10,2.738063436112074e-10,2.850117734355594e-10,2.962796068989774e-10,3.069886812877995e-10,3.1623549262189366e-10,3.2463202233417847e-10,3.480614469539014e-10,3.480614469643537e-10,5.43965186582842e-10,1.6915455364541915e-09,6.558910329085074e-09,2.2753454393622042e-08,6.780769109269754e-08,1.7633451700769113e-07,4.0627410018151937e-07,8.38379598049689e-07,1.5641903818158312e-06,2.6640315039296155e-06,4.183444671954471e-06,6.118016900454874e-06,8.411986256844124e-06,1.0969322683955536e-05,1.3671441770597073e-05,1.6395065683104817e-05,1.9026286852420344e-05,2.1469931485339407e-05,2.3654700298434135e-05,2.5534679250830112e-05,2.708786078589862e-05,2.8312556173018277e-05,2.922272136816722e-05,2.984311328761041e-05,3.0204919208618836e-05,3.0342197431022298e-05,3.028922268310425e-05,3.0078673398804487e-05,2.9740520251564573e-05,2.930145284012236e-05,2.8784691206516236e-05,2.821005367798033e-05,2.7594181416684044e-05,2.6950847076807502e-05,2.6291297525688873e-05,2.562459807769427e-05,2.4957958519887904e-05,2.429703020601487e-05,2.3646169514315688e-05,2.3008666817526442e-05,2.2386942430073124e-05,2.1782712257058924e-05,2.119712645331849e-05,2.063088453942464e-05,2.008433030512673e-05,1.955752957058272e-05,1.9050333548768008e-05,1.8562430207944683e-05,1.8093385695228184e-05,1.764267757400921e-05,1.7209721348647617e-05,1.6793891506488014e-05,1.6394538098732604e-05,1.601099970290104e-05,1.5642613460006257e-05,1.52887227552782e-05,1.4948683006042923e-05,1.4621865935347798e-05,1.4307662639570373e-05,1.4005485698741428e-05,1.371477053270308e-05,1.3434976165755901e-05,1.316558553206423e-05,1.2906105427394442e-05,1.2656066192443718e-05,1.241502119571859e-05,1.2182546170090348e-05,1.1958238446357158e-05,1.174171611756981e-05,1.1532617160960268e-05,1.1330598538520379e-05,1.1135335292001241e-05,1.0946519645154867e-05,1.0763860121854608e-05,1.0587080687996117e-05,1.0415919920370088e-05,1.0250130208046665e-05,1.0089476988072085e-05,9.933738015142837e-06,9.782702658700734e-06,9.63617125164597e-06,9.493954463467259e-06,9.355872708626044e-06,9.22175558827439e-06,9.091441363772556e-06,8.964776460710509e-06,8.841615002090541e-06,8.721818368845946e-06,8.605254786947421e-06,8.491798939094267e-06,8.381331599978812e-06,8.273739293550698e-06,8.168913971064181e-06,8.066752708863934e-06,7.967157424327504e-06,7.870034609272043e-06,7.775295079434417e-06,7.682853739133696e-06,7.592629360165813e-06,7.504544374008794e-06,7.418524676776173e-06,7.3344994452249205e-06,7.252400964415675e-06,7.172164465141539e-06,7.093727971138606e-06,7.017032155381472e-06,6.942020204459291e-06,6.86863769112532e-06,6.796832454236471e-06,6.7265544852822425e-06,6.657755821747642e-06,6.590390446345746e-06,6.5244141920317735e-06,6.459784652265899e-06,6.396461096332206e-06,6.3344043893590255e-06,6.273576916707018e-06,6.213942512584039e-06,6.155466392341185e-06,6.098115088640826e-06,6.041856390937531e-06,5.986659288186058e-06,5.932493914606164e-06,5.879331498271609e-06,5.827144312411117e-06,5.775905629193834e-06,5.725589675944849e-06,5.6761715935360776e-06,5.627627396927167e-06,5.579933937714585e-06,5.533068868454626e-06,5.487010608944243e-06,5.441738313982252e-06,5.3972318428025e-06,5.353471729984847e-06,5.310439157761707e-06,5.2681159296648735e-06,5.226484445406434e-06,5.185527676991941e-06,5.14522914591927e-06,5.105572901458491e-06,5.0665434999370455e-06,5.028125985005994e-06,4.9903058686964246e-06,4.953069113535776e-06,4.916402115319369e-06,4.880291686676965e-06,4.84472504140893e-06,4.809689779497698e-06,4.775173872780519e-06,4.741165651254302e-06,4.707653789938093e-06,4.674627296401487e-06,4.642075498654617e-06,4.609988033778846e-06,4.5783548368108716e-06,4.547166130260584e-06,4.516412413911591e-06,4.486084455425912e-06,4.456173280612295e-06,4.426670164917325e-06,4.39756662463643e-06,4.3688544088042845e-06,4.340525491377028e-06,4.3125720635442365e-06,4.2849865265757885e-06,4.257761484993336e-06,4.2308897395797e-06,4.204364281005003e-06,4.178178283879589e-06,4.152325100569629e-06,4.126798255662352e-06,4.101591440264371e-06,4.076698506856991e-06,4.052113464119922e-06,4.027830472168723e-06,4.003843837636942e-06,3.980148009259553e-06,3.956737573460789e-06,3.933607250142262e-06,3.91075188860465e-06,3.8881664635951934e-06,3.865846071690275e-06,3.843785927440384e-06,3.821981359939628e-06,3.800427809456015e-06,3.7791208241582047e-06,3.758056056960376e-06,3.7372292624458888e-06,3.7166362939440046e-06,3.696273100661981e-06,3.676135725019016e-06,3.656220299926751e-06,3.6365230462189896e-06,3.617040270212385e-06,3.5977683613021146e-06,3.5787037896529017e-06,3.5598431039562794e-06,3.541182929269422e-06,3.5227199649232695e-06,3.5044509825020647e-06,3.4863728238931005e-06,3.468482399346448e-06,3.45077668568935e-06,3.433252724543688e-06,3.4159076205883723e-06,3.398738539898111e-06,3.3817427083414823e-06,3.364917410007597e-06,3.3482599856388693e-06,3.3317678313610333e-06,3.3154383969673536e-06,3.2992691847895913e-06,3.283257748179265e-06,3.267401690364277e-06,3.251698663079097e-06,3.2361463653966865e-06,3.2207425425424563e-06,3.2054849847440594e-06,3.190371526104966e-06,3.1754000435237e-06,3.1605684556747116e-06,3.1458747219780943e-06,3.131316841523623e-06,3.1168928522647487e-06,3.102600829983696e-06,3.0884388874002934e-06,3.0744051733134913e-06,3.060497871696387e-06,3.046715200970441e-06,3.0330554130600764e-06,3.019516792711368e-06,3.00609765661496e-06,2.99279635288622e-06,2.979611260133099e-06,2.9665407867508878e-06,2.953583370344755e-06,2.940737477106289e-06,2.928001601022648e-06,2.9153742632504693e-06,2.902854011686788e-06,2.89043942019685e-06,2.878129088082103e-06,2.8659216395642025e-06,2.8538157231967413e-06,2.8418100113148333e-06,2.829903199496442e-06,2.8180940061279556e-06,2.8063811718711996e-06,2.7947634591858136e-06,2.7832396518514297e-06,2.77180855451229e-06,2.7604689922413377e-06,2.7492198101026455e-06,2.738059872713055e-06,2.726988063842402e-06,2.7160032860623736e-06,2.705104460242679e-06,2.69429052527495e-06,2.6835604376305906e-06,2.6729131710455537e-06,2.6623477161052805e-06,2.6518630799762122e-06,2.6414582860164127e-06,2.6311323734657624e-06,2.6208843971097723e-06,2.6107134269823406e-06,2.6006185480397196e-06,2.590598859894538e-06,2.5806534764903054e-06,2.570781525835295e-06,2.56098214973591e-06,2.5512545034929417e-06,2.5415977556423842e-06,2.5320110877572654e-06,2.5224936940808516e-06,2.5130447814320474e-06,2.5036635687432187e-06,2.4943492870751205e-06,2.4851011792320776e-06,2.4759184995877055e-06,2.4668005138423445e-06,2.457746498819911e-06,2.448755742256379e-06,2.4398275425949865e-06,2.4309612087864358e-06,2.4221560600976016e-06,2.4134114259491295e-06,2.4047266455802824e-06,2.396101068104244e-06,2.387534052123713e-06,2.3790249656803087e-06,2.3705731860229234e-06,2.3621780994504334e-06,2.3538391011519036e-06,2.3455555950309493e-06,2.3373269936295712e-06,2.3291527178419228e-06,2.3210321968425553e-06,2.312964867936532e-06,2.3049501764065352e-06,2.296987575368471e-06,2.289076525647158e-06,2.281216495599163e-06,2.2734069610357184e-06,2.26564740507933e-06,2.257937318003107e-06,2.250276197143897e-06,2.242663546761473e-06,2.235098877921029e-06,2.2275817083927156e-06,2.220111562503451e-06,2.212687971065149e-06,2.205310471220729e-06,2.19797860641196e-06,2.1906919261692696e-06,2.183449986097674e-06,2.176252347713269e-06,2.169098578387769e-06,2.1619882512603335e-06,2.15492094507932e-06,2.147896244184146e-06,2.1409137382977496e-06,2.1339730226105888e-06,2.1270736975483383e-06,2.120215368742109e-06,2.1133976469508738e-06,2.106620147953405e-06,2.099882492481667e-06,2.093184306140061e-06,2.086525219330491e-06,2.0799048671225785e-06,2.0733228893317553e-06,2.0667789302152034e-06,2.0602726386036482e-06,2.0538036677585845e-06,2.04737167524867e-06,2.040976322948139e-06,2.0346172769558372e-06,2.0282942075015883e-06,2.022006788903337e-06,2.01575469956654e-06,2.0095376217869326e-06,2.0033552417803074e-06,1.997207249604425e-06,1.9910933391194435e-06,1.985013207884993e-06,1.978966557133142e-06,1.9729530917171593e-06,1.9669725200447126e-06,1.961024554023311e-06,1.9551089090160307e-06,1.949225303769193e-06,1.9433734604158023e-06,1.9375531043696524e-06,1.9317639642734184e-06,1.9260057719929896e-06,1.9202782625369204e-06,1.9145811740324786e-06,1.9089142476609603e-06,1.903277227627209e-06,1.8976698611043637e-06,1.8920918981967455e-06,1.8865430918992781e-06,1.8810231980439692e-06,1.8755319752777151e-06,1.8700691850025782e-06,1.8646345913558603e-06,1.8592279611498717e-06,1.8538490638490838e-06,1.8484976715265647e-06,1.8431735588279573e-06,1.8378765029383163e-06,1.8326062835325896e-06,1.827362682761286e-06,1.8221454851883922e-06,1.816954477817984e-06,1.8117894499675887e-06,1.806650193315973e-06,1.8015365018094293e-06,1.7964481716928268e-06,1.791385001435368e-06,1.7863467917036461e-06,1.7813333453308114e-06,1.7763444673128665e-06,1.7713799647506794e-06,1.7664396468346317e-06,1.7615233248125906e-06,1.7566308119994765e-06,1.7517619235983794e-06,1.7469164768929066e-06,1.7420942910917442e-06,1.737295187320805e-06,1.7325189886054898e-06,1.7277655198377397e-06,1.7230346077607177e-06,1.7183260809385969e-06,1.7136397697335057e-06,1.7089755062868252e-06,1.7043331244818525e-06,1.6997124599402381e-06,1.6951133499663773e-06,1.690535633600864e-06,1.6859791514807326e-06,1.6814437459444334e-06,1.6769292609062209e-06,1.6724355418969695e-06,1.6679624360086305e-06,1.6635097918972695e-06,1.659077459777619e-06,1.6546652913574123e-06,1.6502731398497074e-06,1.645900859974817e-06,1.6415483078289292e-06,1.6372153410406902e-06,1.6329018186486884e-06,1.6286076010250217e-06,1.6243325500089665e-06,1.6200765287871197e-06,1.615839401896967e-06,1.6116210352126022e-06,1.6074212959251693e-06,1.6032400525399435e-06,1.5990771748330549e-06,1.594932533876382e-06,1.5908060019799732e-06,1.5866974526968735e-06,1.5826067608042777e-06,1.5785338023023694e-06,1.5744784543755127e-06,1.5704405953924812e-06,1.5664201048885043e-06,1.5624168635543737e-06,1.558430753219824e-06,1.5544616568350959e-06,1.5505094584590434e-06,1.5465740432652847e-06,1.5426552975029377e-06,1.5387531084916683e-06,1.5348673646107043e-06,1.5309979552953895e-06,1.5271447710003912e-06,1.5233077032170312e-06,1.5194866444415272e-06,1.5156814881639235e-06,1.51189212887073e-06,1.508118462020978e-06,1.5043603840327931e-06,1.500617792281773e-06,1.4968905850793207e-06,1.4931786617052277e-06,1.4894819222706416e-06,1.4858002678717433e-06,1.4821336004866872e-06,1.47848182299317e-06,1.4748448391081729e-06,1.4712225534514046e-06,1.4676148714961347e-06,1.4640216995407451e-06,1.460442944775811e-06,1.456878515171019e-06,1.4533283195331804e-06,1.4497922674792825e-06,1.446270269428523e-06,1.4427622365972855e-06,1.4392680809773733e-06,1.4357877153409273e-06,1.4323210532272181e-06,1.428868008934595e-06,1.4254284975089271e-06,1.4220024347346177e-06,1.4185897371335364e-06,1.4151903219543338e-06,1.4118041071581001e-06,1.4084310114185745e-06,1.4050709541073792e-06,1.4017238553009395e-06,1.3983896357354127e-06,1.3950682168588905e-06,1.3917595207681455e-06,1.3884634702352712e-06,1.3851799886832038e-06,1.3819090001893348e-06,1.3786504294713653e-06,1.375404201886484e-06,1.372170243417286e-06,1.3689484806646033e-06,1.365738840852414e-06,1.3625412518248541e-06,1.359355642008462e-06,1.3561819404345816e-06,1.3530200767233435e-06,1.3498699810798092e-06,1.346731584286819e-06,1.343604817694645e-06,1.3404896132291608e-06,1.33738590336928e-06,1.3342936211492279e-06,1.3312127001516807e-06,1.3281430745007299e-06,1.3250846788615612e-06,1.3220374484218253e-06,1.3190013189001742e-06,1.3159762265449938e-06,1.3129621081058405e-06,1.309958900844801e-06,1.3069665425322665e-06,1.3039849714368989e-06,1.3010141263274544e-06,1.2980539464266962e-06,1.295104371516893e-06,1.2921653417752954e-06,1.2892367979202266e-06,1.286318681098256e-06,1.2834109329361172e-06,1.2805134955291773e-06,1.2776263114064586e-06,1.2747493235569758e-06,1.2718824754292878e-06,1.2690257109009524e-06,1.2661789742958078e-06,1.263342210360658e-06,1.2605153642825656e-06,1.2576983816676964e-06,1.254891208535832e-06,1.252093791329351e-06,1.249306076920275e-06,1.246528012574101e-06,1.2437595459475334e-06,1.241000625116851e-06,1.238251198547615e-06,1.2355112151035563e-06,1.2327806240272167e-06,1.23005937496161e-06,1.2273474179121855e-06,1.224644703273326e-06,1.22195118181242e-06,1.2192668046725327e-06,1.216591523347092e-06,1.2139252897133719e-06,1.2112680559983094e-06,1.2086197747821048e-06,1.205980399001684e-06,1.203349881946073e-06,1.2007281772531174e-06,1.1981152388894022e-06,1.1955110211896465e-06,1.19291547879801e-06,1.1903285667015916e-06,1.1877502402174658e-06,1.1851804549903758e-06,1.182619166990281e-06,1.1800663325091502e-06,1.1775219081543743e-06,1.1749858508504424e-06,1.172458117833091e-06,1.1699386666509824e-06,1.1674274551543313e-06,1.164924441493821e-06,1.1624295841328269e-06,1.1599428418279956e-06,1.1574641736331786e-06,1.1549935388887028e-06,1.1525308972270914e-06,1.1500762085708916e-06,1.1476294331250741e-06,1.145190531378012e-06,1.142759464094326e-06,1.140336192321802e-06,1.137920677384801e-06,1.1355128808687935e-06,1.1331127646429928e-06,1.130720290818014e-06,1.1283354218133589e-06,1.1259581202601037e-06,1.1235883491047036e-06,1.1212260714971812e-06,1.1188712508880002e-06,1.11652385092497e-06,1.1141838355674585e-06,1.1118511689876874e-06,1.1095258156251235e-06,1.1072077401503012e-06,1.1048969074706237e-06,1.1025932827537965e-06,1.1002968313896022e-06,1.0980075190060298e-06,1.0957253114668015e-06,1.0934501748704635e-06,1.0911820755423644e-06,1.0889209800441145e-06,1.086666855134509e-06,1.084419667824529e-06,1.0821793853398064e-06,1.0799459751264527e-06,1.077719404848149e-06,1.0754996423817146e-06,1.073286655841954e-06,1.0710804134950001e-06,1.0688808838728857e-06,1.0666880357101956e-06,1.0645018379345934e-06,1.0623222596871836e-06,1.0601492703082495e-06,1.0579828393586509e-06,1.0558229365422558e-06,1.053669531814642e-06,1.0515225953325508e-06,1.0493820974180523e-06,1.0472480085951016e-06,1.0451202995990401e-06,1.0429989413274757e-06,1.0408839048827076e-06,1.038775161550272e-06,1.0366726828046758e-06,1.0345764402930826e-06,1.0324864058574023e-06,1.0304025515163356e-06,1.028324849469538e-06,1.0262532720954023e-06,1.024187791938004e-06,1.022128381732533e-06,1.0200750143737255e-06,1.0180276629325051e-06,1.015986300668606e-06,1.0139509009857335e-06,1.0119214374715207e-06,1.0098978838636754e-06,1.0078802140778903e-06,1.005868402200593e-06,1.003862422463619e-06,1.0018622492749472e-06,9.998678571806697e-07,9.97879220917761e-07,9.95896315362292e-07,9.939191155458974e-07,9.919475966520738e-07,9.899817340185755e-07,9.880215031544021e-07,9.860668797010436e-07,9.841178394577638e-07,9.821743583590147e-07,9.802364124930118e-07,9.78303978100343e-07,9.763770315774877e-07,9.744555494502727e-07,9.725395083831845e-07,9.70628885191478e-07,9.687236568239278e-07,9.668238003932007e-07,9.649292931075157e-07,9.630401123456282e-07,9.611562356144876e-07,9.59277640551563e-07,9.574043049331566e-07,9.55536206671132e-07,9.536733237934248e-07,9.518156344958983e-07,9.499631170688893e-07,9.481157499394631e-07,9.462735116719843e-07,9.444363809462601e-07,9.42604336581185e-07,9.407773575176923e-07,9.389554228133448e-07,9.37138511655196e-07,9.353266033500024e-07,9.335196773350163e-07,9.317177131483239e-07,9.299206904605866e-07,9.281285890733165e-07,9.26341388868716e-07,9.245590698958234e-07,9.227816122776491e-07,9.210089962668198e-07,9.192412022438418e-07,9.174782106830995e-07,9.157200021803814e-07,9.139665574403834e-07,9.122178572711574e-07,9.104738826124276e-07,9.087346145055278e-07,9.070000340874245e-07,9.05270122610268e-07,9.035448614333008e-07,9.018242320213272e-07,9.001082159471379e-07,8.983967948819771e-07,8.966899506051769e-07,8.949876649977725e-07,8.932899200484006e-07,8.915966978388129e-07,8.899079805525392e-07,8.88223750467839e-07,8.865439899883966e-07,8.848686815965065e-07,8.831978078567729e-07,8.815313514591947e-07,8.79869295172383e-07,8.782116218697985e-07,8.765583145177563e-07,8.749093561768656e-07,8.732647299895023e-07,8.716244192142843e-07,8.699884072092843e-07,8.683566773577993e-07,8.667292132055068e-07,8.651059983606182e-07,8.634870165273897e-07,8.618722514906103e-07,8.602616871264768e-07,8.586553074116295e-07,8.570530963907137e-07,8.55455038209474e-07,8.538611170887728e-07,8.522713173416399e-07,8.506856233628918e-07,8.491040196327774e-07,8.475264907143069e-07,8.459530212524217e-07,8.44383595975721e-07,8.428181996943763e-07,8.412568173002958e-07,8.396994337658854e-07,8.381460341412491e-07,8.365966035580818e-07,8.350511272275962e-07,8.335095904391397e-07,8.319719785555532e-07,8.304382770239983e-07,8.289084713784025e-07,8.273825471902274e-07,8.258604901433279e-07,8.243422859819965e-07,8.228279205243673e-07,8.21317379686979e-07,8.198106494277952e-07,8.183077157938541e-07,8.168085648970132e-07,8.153131829283119e-07,8.138215561471195e-07,8.123336708844019e-07,8.108495135468824e-07,8.093690705988915e-07,8.078923285767601e-07,8.064192741079867e-07,8.049498938610521e-07,8.034841745867733e-07,8.020221031080958e-07,8.005636663062162e-07,7.99108851126952e-07,7.976576445905672e-07,7.962100337796754e-07,7.947660058431082e-07,7.933255479952563e-07,7.918886475145582e-07,7.904552917451371e-07,7.890254680935379e-07,7.875991640289868e-07,7.861763670891189e-07,7.847570648700873e-07,7.833412450279383e-07,7.819288952729474e-07,7.805200034078184e-07,7.79114557266565e-07,7.777125447527132e-07,7.763139538212973e-07,7.749187725095076e-07,7.735269888963707e-07,7.721385911211222e-07,7.707535673882744e-07,7.693719059534926e-07,7.67993595132643e-07,7.666186233065153e-07,7.652469789041211e-07,7.638786504161238e-07,7.62513626380764e-07,7.611560294884065e-07,7.597975704751089e-07,7.584423819337534e-07,7.57090452621068e-07,7.557417713560052e-07,7.543963270127461e-07,7.530541085259536e-07,7.517151048713173e-07,7.503793050851144e-07,7.490466982588802e-07,7.477172735439534e-07,7.463910201280685e-07,7.450679272567364e-07,7.437479842288529e-07,7.424311803930004e-07,7.411175051495032e-07,7.398069479485365e-07,7.384994982914224e-07,7.371951457464871e-07,7.358938798772126e-07,7.345956903573806e-07,7.33300566882904e-07,7.320084992016448e-07,7.307194771097217e-07,7.294334904516905e-07,7.281505291197505e-07,7.268705830531008e-07,7.25593642239723e-07,7.243196967131782e-07,7.23048736555053e-07,7.217807518914959e-07,7.205157328985931e-07,7.192536697852411e-07,7.179945528285862e-07,7.167383723338083e-07,7.154851186548018e-07,7.142347821913535e-07,7.12987353387531e-07,7.117428227312336e-07,7.10501180745353e-07,7.092624180230271e-07,7.08026525178732e-07,7.067934928664669e-07,7.055633117961868e-07,7.04335972711665e-07,7.031114664052866e-07,7.018897837088913e-07,7.006709154945263e-07,6.994548526777842e-07,6.982415862071182e-07,6.97031107096311e-07,6.958234063748357e-07,6.946184751243523e-07,6.934163044588034e-07,6.922168855410299e-07,6.9102020956856e-07,6.898262677825677e-07,6.886350514569795e-07,6.874465519103008e-07,6.862607604929042e-07,6.850776686191413e-07,6.838972676998871e-07,6.827195492162286e-07,6.81544504674794e-07,6.803721256260042e-07,6.79202403647774e-07,6.78035330370276e-07,6.768708974476376e-07,6.757090965783847e-07,6.745499194962306e-07,6.733933579651164e-07,6.722394037995482e-07,6.710880488290054e-07,6.699392849341037e-07,6.687931040369212e-07,6.676494980704037e-07,6.66508459025928e-07,6.653699789168333e-07,6.642340498043422e-07,6.631006637719653e-07,6.619698129364276e-07,6.608414894660988e-07,6.597156855399478e-07,6.585923933896692e-07,6.57471605267938e-07,6.5635331346894e-07,6.552375103274354e-07,6.541241881783125e-07,6.530133394242821e-07,6.519049564909905e-07,6.507990318303798e-07,6.496955579251408e-07,6.485945273011136e-07,6.474959325086933e-07,6.463997661374308e-07,6.453060207889443e-07,6.442146891251355e-07,6.431257638150103e-07,6.420392375680275e-07,6.409551031234423e-07,6.398733532516312e-07,6.387939807529874e-07,6.377169784592552e-07,6.366423392315212e-07,6.355700559605091e-07,6.345001215691801e-07,6.334325290061003e-07,6.323672712519804e-07,6.313043413178944e-07,6.302437322399685e-07,6.291854370884561e-07,6.281294489558862e-07,6.270757609752537e-07,6.260243662953509e-07,6.249752580994466e-07,6.239284295992198e-07,6.228838740314482e-07,6.218415846628786e-07,6.208015547898923e-07,6.19763777731824e-07,6.187282468389947e-07,6.176949554892292e-07,6.166638970851901e-07,6.156350650636464e-07,6.146084528713078e-07,6.13584053998487e-07,6.125618619547252e-07,6.115418702799442e-07,6.105240725368755e-07,6.095084623156869e-07,6.084950332322708e-07,6.074837789347215e-07,6.064746930772339e-07,6.054677693608977e-07,6.044630015046459e-07,6.034603832503832e-07,6.024599083682425e-07,6.014615706530753e-07,6.004653639217425e-07,5.994712820199618e-07,5.984793188125609e-07,5.974894681992142e-07,5.965017240988467e-07,5.955160804434468e-07,5.945325312033615e-07,5.935510703667801e-07,5.925716919530307e-07,5.915943899948877e-07,5.906191585551036e-07,5.896459917167162e-07,5.886748835852785e-07,5.877058282984726e-07,5.86738820009002e-07,5.857738528923761e-07,5.848109211473684e-07,5.83850018999945e-07,5.828911407064456e-07,5.81934280510651e-07,5.854390187013305e-07,5.909607816564963e-07,5.98709920709744e-07,6.08925776107442e-07,6.21822585624975e-07,6.375840690722795e-07,6.563628585174959e-07,6.782808606988882e-07,7.03430156165282e-07,7.3187433270069e-07,7.636501713245455e-07,7.987696046680756e-07,8.37221870219607e-07,8.789757860054529e-07,9.239820835168554e-07,9.721757404210578e-07,1.0234782649915873e-06,1.0777998924762567e-06,1.135041663256685e-06,1.1950973594728615e-06,1.2578552853969346e-06,1.323199882346403e-06,1.3910131750511791e-06,1.4611760502518032e-06,1.533569372512768e-06,1.608074944299987e-06,1.6845763207864627e-06,1.762959488240428e-06,1.843113419725965e-06,1.924930518593442e-06,2.0083069621598944e-06,2.0931429567676764e-06,2.179342915760483e-06,2.266815570766608e-06,2.355474024888793e-06,2.4452357578005278e-06,2.5360225900793034e-06,2.6277606144810335e-06,2.7203800995449752e-06,2.8138153719525686e-06,2.9080046823073957e-06,3.002890058361421e-06,3.0984171494795148e-06,3.194535065373908e-06,3.2911962118041916e-06,3.3883561251489283e-06,3.485973307868627e-06,3.584009066463271e-06,3.682427352489834e-06,3.7811946081744962e-06,3.880279617103722e-06,3.979653360347322e-06,4.079288878845743e-06,4.179161141136612e-06,4.279246918727808e-06,4.379524666729973e-06,4.479974410827128e-06,4.580577641260854e-06,4.681317212233515e-06,4.782177247546955e-06,4.8831430514110264e-06,4.984201025506198e-06,5.085338590981417e-06,5.186544115151681e-06,5.287806843520083e-06,5.389116835886903e-06,5.490464907169295e-06,5.591842571668469e-06,5.693241991806235e-06,5.794655930070153e-06,5.896077704425498e-06,5.997501146864787e-06,6.098920564805071e-06,6.200330705528447e-06,6.301726722718097e-06,6.403104146221847e-06,6.5044588531057265e-06,6.60578704143961e-06,6.707085205870547e-06,6.808350114859301e-06,6.909578789908765e-06,7.010768485973795e-06,7.111916673402198e-06,7.213021021874743e-06,7.314079384595039e-06,7.4150897842806734e-06,7.516050400119354e-06,7.616959555191734e-06,7.717815705996846e-06,7.818617431772566e-06,7.919363424707385e-06,8.020052481590355e-06,8.1206834954375e-06,8.221255447985586e-06,8.321767402858531e-06,8.422218498781422e-06,8.522607944296905e-06,8.622935011926252e-06,8.723199033252625e-06,8.823399394283418e-06,8.923535531062025e-06,9.02360692600104e-06,9.123613103918157e-06,9.223553628880354e-06,9.323428101161227e-06,9.42323615421816e-06,9.522977452193647e-06,9.622651687456261e-06,9.722258578388196e-06,9.821797867251544e-06,9.92126931861632e-06,1.0020672717010985e-05,1.0120007865887954e-05,1.021927458556179e-05,1.0318472712779766e-05,1.0417602099045115e-05,1.0516662608652202e-05,1.0615654118391638e-05,1.0714576516554898e-05,1.0813429701518221e-05,1.0912213582921982e-05,1.1010928077339017e-05,1.1109573110474564e-05,1.1208148615454575e-05,1.1306654532112786e-05,1.1405090807533934e-05,1.1503457393980292e-05,1.1601754248476118e-05,1.1699981334320367e-05,1.179813861913449e-05,1.1896226074428908e-05,1.1994243675630627e-05,1.2092191401950362e-05,1.2190069235362652e-05,1.2287877161873604e-05,1.2385615169584573e-05,1.2483283249474625e-05,1.2580881394667466e-05,1.267840960092255e-05,1.277586786533934e-05,1.287325618725818e-05,1.2970574568497011e-05,1.306782301109839e-05,1.316500151936717e-05,1.3262110098996182e-05,1.3359148756680651e-05,1.3456117500303688e-05,1.3553016338981916e-05,1.3649845282827951e-05,1.3746604342664215e-05,1.38432935302792e-05,1.3939912858156678e-05,1.4036462339780092e-05,1.4132941988834811e-05,1.4229351820252783e-05,1.4325691849161434e-05,1.4421962091243347e-05,1.4518162562985612e-05,1.4614293280903121e-05,1.4710354261476779e-05,1.4806345522771358e-05,1.4902267082731032e-05,1.4998118959492933e-05,1.5093901171959251e-05,1.5189613738704838e-05,1.5285256679009638e-05,1.5380830012463757e-05,1.5476333758660285e-05,1.5571767937653067e-05,1.56671325696363e-05,1.576242767504701e-05,1.585765327452389e-05,1.5952809388611397e-05,1.6047896038793253e-05,1.6142913245998388e-05,1.6237861031574765e-05,1.6332739416937905e-05,1.6427548423946064e-05,1.6522288074177812e-05,1.6616958389709338e-05,1.6711559392488666e-05,1.680609110467151e-05,1.6900553548881714e-05,1.6994946747072893e-05,1.708927072181105e-05,1.7183525496070698e-05,1.7277711092471785e-05,1.7371827533865137e-05,1.7465874843223627e-05,1.755985304359515e-05,1.7653762158180143e-05,1.7747602210138437e-05,1.7841373223016885e-05,1.793507521987743e-05,1.8028708224417843e-05,1.81222722602348e-05,1.821576735100046e-05,1.830919352040878e-05,1.840255079244299e-05,1.84958391909438e-05,1.8589058739895405e-05,1.8682209462718507e-05,1.8775291384899342e-05,1.8868304530018823e-05,1.8961248922317942e-05,1.9054124586230974e-05,1.9146931546156086e-05,1.923966982641468e-05,1.9332339451770875e-05,1.942494044683927e-05,1.9517472836353228e-05,1.960993664544058e-05,1.970233189865306e-05,1.9794658620912227e-05,1.9886916837205845e-05,1.997910657258034e-05,2.0071227852155988e-05,2.0163280701121323e-05,2.0255265144769298e-05,2.0347181208954712e-05,2.043902891784882e-05,2.0530808297410122e-05,2.0622519373228524e-05,2.0714162170915137e-05,2.0805736716044514e-05,2.089724303433477e-05,2.0988681151525344e-05,2.1080051093389724e-05,2.1171352885800806e-05,2.1262586554667955e-05,2.1353752126116017e-05,2.1444849625953847e-05,2.1535879080341476e-05,2.162684051541651e-05,2.1717733957583866e-05,2.1808559432952422e-05,2.189931696790942e-05,2.1990006588823167e-05,2.2080628322133382e-05,2.217118219440903e-05,2.226166823216074e-05,2.2352086461832728e-05,2.2442436910465336e-05,2.253271960458258e-05,2.2622934571008806e-05,2.2713081836558927e-05,2.2803161428057128e-05,2.2893173372662966e-05,2.29831176973206e-05,2.3072994428799616e-05,2.3162803594392367e-05,2.3252545221378892e-05,2.334221933676168e-05,2.34318259679074e-05,2.3521365142383398e-05,2.3610836887303454e-05,2.370024122991854e-05,2.3789578197765117e-05,2.3878847818763474e-05,2.396805012018101e-05,2.4057185129404364e-05,2.4146252874384856e-05,2.4235253382872502e-05,2.432418668223664e-05,2.4413052800972878e-05,2.4501851766667233e-05,2.4590583607211213e-05,2.4679248350650987e-05,2.4767846024080296e-05,2.4856376657112252e-05,2.494484027742721e-05,2.5033236913452383e-05,2.5121566592388095e-05,2.520982934315724e-05,2.5298025193969148e-05,2.538615417290372e-05,2.5474216308805784e-05,2.5562211630003605e-05,2.565014016495338e-05,2.573800194231547e-05,2.5825796990530193e-05,2.59135253382135e-05,2.6001187014118307e-05,2.6088782046977265e-05,2.6176310465536016e-05,2.62637722989518e-05,2.6351167575471632e-05,2.6438496324268593e-05,2.652575857434493e-05,2.661295435469892e-05,2.670008369452448e-05,2.6787146622563567e-05,2.6874143168108056e-05,2.696107336033703e-05,2.7047937228470556e-05,2.713473480169638e-05,2.7221466109440144e-05,2.7308131181005213e-05,2.7394730045735706e-05,2.7481262733143e-05,2.7567729272466826e-05,2.7654129693527334e-05,2.7740464026035717e-05,2.7826732298855653e-05,2.7912934542240885e-05,2.7999070785457978e-05,2.8085141058445618e-05,2.8171145391069957e-05,2.8257083812881312e-05,2.834295635371137e-05,2.8428763043503863e-05,2.851450391221666e-05,2.8600178989776648e-05,2.868578830617304e-05,2.8771331891624643e-05,2.8856809775731956e-05,2.8942221989129178e-05,2.9027568561570222e-05,2.9112849523390976e-05,2.9198064904816602e-05,2.928321473611205e-05,2.9368299047527868e-05,2.9453317869541446e-05,2.953827123226142e-05,2.9623159166219986e-05,2.9707981702825055e-05,2.9792738870239716e-05,2.9877430700766988e-05,2.9962057224526592e-05,3.00466184721293e-05,3.013111447412721e-05,3.02155452612779e-05,3.0299910863902386e-05,3.0384211313390023e-05,3.0468446640166367e-05,3.055261687503464e-05,3.0636722048840094e-05,3.072076219232264e-05,3.0804737336651484e-05,3.088864751258804e-05,3.0972492751125724e-05,3.1056273083279096e-05,3.113998854065862e-05,3.122363915295018e-05,3.1307224952135956e-05,3.1390745969401e-05,3.1474202236609475e-05,3.155759378356212e-05,3.164092064183209e-05,3.1724182844066436e-05,3.1807380419279407e-05,3.189051339999924e-05,3.1973581817520486e-05,3.205658570331836e-05,3.213952508870138e-05,3.222240000524857e-05,3.2305210484288856e-05,3.2387956557580764e-05,3.247063825639978e-05,3.255325561237726e-05,3.2635808657248316e-05,3.271829742243219e-05,3.28007219398875e-05,3.2883082241205596e-05,3.2965378358080774e-05,3.304761032227844e-05,3.3129778165627334e-05,3.321188191993593e-05,3.329392161703625e-05,3.33758972887738e-05,3.345780896707655e-05,3.3539656683838667e-05,3.3621440471091915e-05,3.370316036078725e-05,3.378481638480943e-05,3.386640857548633e-05,3.394793696472951e-05,3.402940158466348e-05,3.411080246739755e-05,3.4192139645429166e-05,3.427341315066854e-05,3.435462301490617e-05,3.4435769270665626e-05,3.45168519503706e-05,3.459787108619745e-05,3.4678826710501504e-05,3.475971885577189e-05,3.484054755444526e-05,3.4921312838193535e-05,3.500201473983165e-05,3.508265329248604e-05,3.516322852803143e-05,3.524374047846154e-05,3.532418917683951e-05,3.540457465564332e-05,3.5484896947483925e-05,3.556515608473013e-05,3.5645352100411796e-05,3.5725485026958824e-05,3.5805554897186e-05,3.588556174357757e-05,3.596550559884284e-05,3.604538649564362e-05,3.6125204467071764e-05,3.620495954547254e-05,3.6284651764142846e-05,3.636428115632937e-05,3.644384775362271e-05,3.652335158942586e-05,3.660279269658775e-05,3.668217110845129e-05,3.67614868576776e-05,3.6840739977255624e-05,3.691993050015185e-05,3.6999058459417695e-05,3.7078123888096816e-05,3.71571268191906e-05,3.723606728584167e-05,3.7314945321117916e-05,3.739376095810989e-05,3.747251422996241e-05,3.755120516985923e-05,3.762983381082574e-05,3.770840018641728e-05,3.778690432963602e-05,3.7865346273589905e-05,3.7943726051831306e-05,3.8022043697537237e-05,3.810029924367053e-05,3.8178492724262364e-05,3.825662417228604e-05,3.833469362098667e-05,3.841270110395018e-05,3.849064665454166e-05,3.8568530306112e-05,3.864635209211218e-05,3.872411204605499e-05,3.880181020143245e-05,3.887944659171228e-05,3.8957021250987854e-05,3.903453421164276e-05,3.911198550781131e-05,3.918937517308799e-05,3.9266703240952484e-05,3.934396974507265e-05,3.942117471921038e-05,3.9498318196870633e-05,3.9575400211789476e-05,3.9652420797648516e-05,3.972937998808578e-05,3.9806277817729486e-05,3.988311431850394e-05,3.995988952504376e-05,4.0036603471302634e-05,4.0113256190838983e-05,4.018984771752662e-05,4.0266378085147375e-05,4.034284732761977e-05,4.041925547728653e-05,4.0495602570934756e-05,4.057188864101773e-05,4.0648113721358855e-05,4.0724277845980684e-05,4.080038104866544e-05,4.087642336254619e-05,4.0952404823379405e-05,4.102832546423893e-05,4.110418531908336e-05,4.117998442186279e-05,4.125572280676057e-05,4.133140050773045e-05,4.1407017558791645e-05,4.148257399402808e-05,4.155806984757601e-05,4.163350515348499e-05,4.170887994595221e-05,4.1784194258904744e-05,4.1859448126566345e-05,4.193464158313127e-05,4.200977466275001e-05,4.208484739938373e-05,4.215985982763824e-05,4.2234811981683255e-05,4.230970389546482e-05,4.238453560375515e-05,4.245930713985896e-05,4.253401853856346e-05,4.260866983406805e-05,4.268326106057027e-05,4.2757792252766934e-05,4.28322634445405e-05,4.290667467074899e-05,4.2981025965065344e-05,4.305531736202267e-05,4.312954889606951e-05,4.3203720601577025e-05,4.327783251319741e-05,4.335188466538978e-05,4.342587709160287e-05,4.3499809826873026e-05,4.3573682905657375e-05,4.3647496362315756e-05,4.372125023131332e-05,4.379494454658527e-05,4.386857934380373e-05,4.3942154656681125e-05,4.4015670519954384e-05,4.408912696800397e-05,4.4162524035666215e-05,4.423586175702738e-05,4.430914016658466e-05,4.4382359299195623e-05,4.445551918935808e-05,4.4528619871638554e-05,4.460166138056872e-05,4.467464375066076e-05,4.474756701659482e-05,4.482043121311215e-05,4.4893236374859016e-05,4.4965982536083114e-05,4.503866973186976e-05,4.511129799612571e-05,4.518386736398547e-05,4.525637787051414e-05,4.53288295500342e-05,4.540122243722698e-05,4.5473556567008934e-05,4.554583197383687e-05,4.561804869226178e-05,4.569020675739439e-05,4.57623062035356e-05,4.583434706564324e-05,4.5906329378682685e-05,4.5978253177097714e-05,4.605011849561704e-05,4.612192536911714e-05,4.6193673832403886e-05,4.6265363920250256e-05,4.633699566746711e-05,4.640856910881672e-05,4.648008427916624e-05,4.65515412133061e-05,4.6622939945962e-05,4.669428051220007e-05,4.6765562946600506e-05,4.683678728379748e-05,4.690795355850001e-05,4.6979061806733585e-05,4.705011206270635e-05,4.7121104361250956e-05,4.7192038737219756e-05,4.726291522536809e-05,4.733373386089952e-05,4.7404494678545436e-05,4.747519771321747e-05,4.7545842999561676e-05,4.761643057306081e-05,4.768696046831711e-05,4.775743272029515e-05,4.782784736387962e-05,4.789820443408888e-05,4.7968503965620346e-05,4.803874599392743e-05,4.8108930553457364e-05,4.817905767938711e-05,4.824912740708189e-05,4.8319139770745544e-05,4.8389094806016086e-05,4.845899254731326e-05,4.852883302992791e-05,4.859861628883969e-05,4.866834235906035e-05,4.8738011275699057e-05,4.880762307325244e-05,4.8877177787505556e-05,4.894667545308248e-05,4.9016116105326545e-05,4.908549977858228e-05,4.915482650798828e-05,4.922409632912916e-05,4.929330927659604e-05,4.9362465386010686e-05,4.943156469205575e-05,4.950060722905193e-05,4.956959303376979e-05,4.963852213978183e-05,4.970739458258832e-05,4.977621039758599e-05,4.9844969619280604e-05,4.991367228298072e-05,4.9982318423806315e-05,5.005090807609432e-05,5.011944127635567e-05,5.01879180589896e-05,5.025633845906436e-05,5.032470251163108e-05,5.039301025187362e-05,5.0461261715013055e-05,5.052945693574178e-05,5.059759594941836e-05,5.0665678791129774e-05,5.073370549598956e-05,5.080167609901159e-05,5.0869590635477894e-05,5.0937449140429225e-05,5.100525164894981e-05,5.10729981963195e-05,5.1140688817419385e-05,5.1208323547399804e-05,5.1275902421541207e-05,5.134342547489834e-05,5.1410892742703856e-05,5.14783042600799e-05,5.154566006203183e-05,5.1612960183646093e-05,5.1680204660021304e-05,5.174739352636607e-05,5.1814526817315875e-05,5.188160456906901e-05,5.194862681617823e-05,5.2015593593931206e-05,5.208250493738779e-05,5.2149360881570116e-05,5.221616146175841e-05,5.2282906713096035e-05,5.234959667084925e-05,5.241623136989064e-05,5.248281084558954e-05,5.2549335133056575e-05,5.261580426725287e-05,5.2682218283596014e-05,5.274857721709532e-05,5.2814881102903894e-05,5.28811299761681e-05,5.29473238720252e-05,5.301346282564773e-05,5.307954687212335e-05,5.314557604668633e-05,5.3211550384450745e-05,5.327746992043832e-05,5.33433346900362e-05,5.340914472827211e-05,5.347490007029443e-05,5.354060075125412e-05,5.360624680629303e-05,5.3671838270548795e-05,5.373737517917966e-05,5.3802857567320634e-05,5.386828547010406e-05,5.393365892268035e-05,5.399897796005245e-05,5.4064242617640336e-05,5.412945293044451e-05,5.4194608933596224e-05,5.4259710662232536e-05,5.4324758151504925e-05,5.4389751436525366e-05,5.445469055242426e-05,5.4519575534323945e-05,5.458440641743439e-05,5.4649183236768476e-05,5.471390602750144e-05,5.47785748247304e-05,5.484318966370971e-05,5.490775057927884e-05,5.497225760693656e-05,5.5036710781487554e-05,5.510111013814902e-05,5.516545571205322e-05,5.5229747538410793e-05,5.529398565209398e-05,5.535817008831502e-05,5.542230088219896e-05,5.548637806882748e-05,5.5550401683308206e-05,5.561437176074672e-05,5.5678288336221325e-05,5.5742151444837136e-05,5.5805961121637794e-05,5.5869717401774755e-05,5.5933420320304076e-05,5.599706991231565e-05,5.6060666212859505e-05,5.612420925699104e-05,5.6187699079889154e-05,5.62511357164835e-05,5.6314519201969676e-05,5.6377849571265374e-05,5.6441126859480546e-05,5.650435110178816e-05,5.6567522333063726e-05,5.663064058843215e-05,5.6693705902446394e-05,5.6756718311114674e-05,5.681967784899389e-05,5.6882584551127834e-05,5.694543845294266e-05,5.7008239588622725e-05,5.7070987993088296e-05,5.7133683702442436e-05,5.719632675116132e-05,5.725891717426028e-05,5.7321455006432274e-05,5.738394028287464e-05,5.7446373039324926e-05,5.750875331043216e-05,5.7571081130322914e-05,5.76333565342607e-05,5.769557955779268e-05,5.775775023561095e-05,5.7819868602668575e-05,5.788193469399087e-05,5.7943948544054484e-05,5.800591018863452e-05,5.8067819662324916e-05,5.812967700033793e-05,5.819148223709406e-05,5.825323540737642e-05,5.831493654695191e-05,5.837658569028637e-05,5.8438182871959145e-05,5.849972812751386e-05,5.8561221491706395e-05,5.862266299933689e-05,5.868405268540082e-05,5.874539058455083e-05,5.8806676731801774e-05,5.886791116211395e-05,5.892909391049003e-05,5.899022501161379e-05,5.905130450053399e-05,5.9112332411826064e-05,5.917330878047172e-05,5.923423364140087e-05,5.9295107029482235e-05,5.9355928979364785e-05,5.941669952601724e-05,5.947741870423469e-05,5.953808654884698e-05,5.959870309470445e-05,5.965926837660181e-05,5.9719782429337014e-05,5.978024528771819e-05,5.9840656986523753e-05,5.990101756058293e-05,5.996132704463307e-05,6.002158547345474e-05,6.008179288181842e-05,6.01419493044832e-05,6.0202054776221615e-05,6.026210933177126e-05,6.0322113005881124e-05,6.0382065833278586e-05,6.0441967848695834e-05,6.050181908685672e-05,6.056161958266142e-05,6.062136937064479e-05,6.068106848530764e-05,6.074071696152899e-05,6.080031483422206e-05,6.0859862137822526e-05,6.091935890683625e-05,6.097880517626016e-05,6.103820098045996e-05,6.109754635427615e-05,6.115684133232773e-05,6.121608594941346e-05,6.127528023985141e-05,6.133442423841215e-05,6.139351797973235e-05,6.145256149852376e-05,6.151155482914963e-05,6.15704980063308e-05,6.162939106468706e-05,6.168823403878985e-05,6.174702696310845e-05,6.180576987214646e-05,6.186446280072663e-05,6.192310578326546e-05,6.198169885430363e-05,6.204024204837388e-05,6.209873540000677e-05,6.215717894384483e-05,6.221557271417726e-05,6.227391674554641e-05,6.233221107249229e-05,6.23904557294999e-05,6.244865075104732e-05,6.250679617158396e-05,6.256489202540299e-05,6.26229383473475e-05,6.268093517166063e-05,6.273888253277511e-05,6.27967804651369e-05,6.285462900319639e-05,6.29124281812935e-05,6.297017803379273e-05,6.302787859515615e-05,6.30855298997661e-05,6.31431319819698e-05,6.320068487620914e-05,6.325818861677732e-05,6.331564323798887e-05,6.337304877423433e-05,6.343040525990388e-05,6.348771272920254e-05,6.35449712165063e-05,6.360218075618874e-05,6.365934138239824e-05,6.371645312951634e-05,6.377351603175528e-05,6.383053012353534e-05,6.388749543897607e-05,6.394441201249497e-05,6.40012798780662e-05,6.40580990700704e-05,6.411486962265536e-05,6.417159157027969e-05,6.422826494695036e-05,6.428488978682165e-05,6.434146612415974e-05,6.439799399311778e-05,6.445447342789055e-05,6.451090446261748e-05,6.456728713142526e-05,6.462362146851716e-05,6.467990750794182e-05,6.473614528382243e-05,6.47923348302641e-05,6.484847618153536e-05,6.490456937144218e-05,6.49606144343871e-05,6.501661140428236e-05,6.507256031548959e-05,6.512846120140141e-05,6.51843140964568e-05,6.524011903465364e-05,6.529587604999476e-05,6.535158517634937e-05,6.540724644790967e-05,6.546285989857326e-05,6.551842556251815e-05,6.557394347362875e-05,6.562941366577927e-05,6.568483617306318e-05,6.574021102918405e-05,6.579553826819541e-05,6.585081792387156e-05,6.590605003040116e-05,6.596123462155034e-05,6.601637173116999e-05,6.607146139317457e-05,6.612650364144197e-05,6.618149850978457e-05,6.623644603209908e-05,6.629134624252228e-05,6.634619917424199e-05,6.64010048613844e-05,6.64557633377473e-05,6.651047463712492e-05,6.656513879330025e-05,6.661975584004422e-05,6.667432581109446e-05,6.67288487402469e-05,6.678332466124724e-05,6.683775360776297e-05,6.689213561348539e-05,6.69464707122244e-05,6.700075893760566e-05,6.705500032335057e-05,6.710919490307663e-05,6.716334271051548e-05,6.721744377928036e-05,6.727149814301027e-05,6.732550583534186e-05,6.73794668898679e-05,6.743338134017983e-05,6.74872492199146e-05,6.75410705627056e-05,6.759484540197885e-05,6.764857377140861e-05,6.770225570450485e-05,6.77558912346677e-05,6.780948039566585e-05,6.786302322100929e-05,6.791651974380125e-05,6.796996999806562e-05,6.802337401693249e-05,6.807673183412235e-05,6.813004348288788e-05,6.818330899677476e-05,6.823652840915136e-05,6.828970175350106e-05,6.834282906319164e-05,6.839591037163205e-05,6.844894571207929e-05,6.850193511827936e-05,6.855487862303187e-05,6.860777626016563e-05,6.866062806287953e-05,6.871343406446223e-05,6.876619429714035e-05,6.881890879643408e-05,6.88715775944892e-05,6.892420072431052e-05,6.897677821974296e-05,6.9029310113774e-05,6.908179643953178e-05,6.913423723017986e-05,6.918663251935646e-05,6.92389823400201e-05,6.929128672534817e-05,6.9343545708444e-05,6.93957593226374e-05,6.944792760070453e-05,6.95000505764062e-05,6.955212828257512e-05,6.960416075226337e-05,6.965614801917203e-05,6.970809011530453e-05,6.975998707428485e-05,6.981183892912138e-05,6.986364571300293e-05,6.991540745880491e-05,6.996712419972824e-05,7.00187959686833e-05,7.007042279883709e-05,7.012200472294716e-05,7.017354177413065e-05,7.022503398531565e-05,7.027648138954737e-05,7.032788401935226e-05,7.037924190828814e-05,7.043055508928811e-05,7.048182359458442e-05,7.053304745745651e-05,7.058422671074599e-05,7.063536138734764e-05,7.068645152014054e-05,7.073749714189324e-05,7.078849828545444e-05,7.083945498363747e-05,7.089036726924877e-05,7.094123517508975e-05,7.099205873390886e-05,7.104283797848065e-05,7.109357294154999e-05,7.114426365585887e-05,7.119491015412597e-05,7.124551246905816e-05,7.129607063335512e-05,7.134658467971586e-05,7.139705464077255e-05,7.144748054919966e-05,7.149786243764185e-05,7.15482003387254e-05,7.159849428506686e-05,7.164874430926231e-05,7.169895044393245e-05,7.17491127216079e-05,7.179923117487472e-05,7.184930583621502e-05,7.189933673828888e-05,7.194932391356639e-05,7.199926739454886e-05,7.204916721353128e-05,7.209902340339688e-05,7.214883599641207e-05,7.219860502503004e-05,7.224833052180862e-05,7.229801251894121e-05,7.23476510489341e-05,7.239724614424052e-05,7.244679783721049e-05,7.249630616022246e-05,7.254577114565054e-05,7.259519282580401e-05,7.264457123303068e-05,7.269390639965697e-05,7.274319835800803e-05,7.27924471404209e-05,7.284165277903362e-05,7.289081530616411e-05,7.293993475380672e-05,7.29890111544177e-05,7.303804454064677e-05,7.308703494425391e-05,7.313598239744006e-05,7.318488693248307e-05,7.323374858272328e-05,7.328256737784278e-05,7.333134335112057e-05,7.338007653492272e-05,7.342876696115018e-05,7.347741466211701e-05,7.352601966963547e-05,7.357458201590099e-05,7.36231017329442e-05,7.367157885280459e-05,7.372001340747098e-05,7.376840542911726e-05,7.381675494952835e-05,7.386506200079664e-05,7.391332661455303e-05,7.396154882330614e-05,7.40097286587732e-05,7.405786615278933e-05,7.410596133736174e-05,7.415401424441142e-05,7.420202490570347e-05,7.424999335321446e-05,7.429791961915329e-05,7.434580373452238e-05,7.439364573153692e-05,7.444144564207348e-05,7.448920349789445e-05,7.45369193307223e-05,7.45845931726753e-05,7.463222505493575e-05,7.46798150095405e-05,7.472736306837394e-05,7.477486926284974e-05,7.482233362442894e-05,7.486975618533075e-05,7.491713697695319e-05,7.496447603167259e-05,7.501177337977677e-05,7.505902905267467e-05,7.510624308375638e-05,7.51534155037291e-05,7.520054634416999e-05,7.524763563681049e-05,7.529468341321056e-05,7.534168970426046e-05,7.538865454184892e-05,7.543557795748703e-05,7.548245998281888e-05,7.552930064931634e-05,7.55760999882204e-05,7.562285803101709e-05,7.566957480920491e-05,7.571625035422301e-05,7.576288469746468e-05,7.580947787026867e-05,7.58560299042744e-05,7.590254083039335e-05,7.594901068004101e-05,7.599543948474185e-05,7.604182727571154e-05,7.608817408424787e-05,7.613447994160451e-05,7.618074487955617e-05,7.622696892826982e-05,7.627315211955901e-05,7.631929448470848e-05,7.636539605303988e-05,7.641145685700849e-05,7.645747693057202e-05,7.650345630276698e-05,7.654939500456439e-05,7.659529306777523e-05,7.66411505229e-05,7.668696740052589e-05,7.673274373207495e-05,7.677847954937054e-05,7.68241748816574e-05,7.686982976228315e-05,7.691544422062059e-05,7.69610182883432e-05,7.700655199629862e-05,7.70520453754245e-05,7.709749845660758e-05,7.714291127087967e-05,7.718828384907591e-05,7.723361622224879e-05,7.727890842139224e-05,7.732416047708982e-05,7.73693724205105e-05,7.741454428242871e-05,7.745967609358924e-05,7.750476788490755e-05,7.754981968674926e-05,7.759483153077845e-05,7.763980344718539e-05,7.768473546700598e-05,7.772962762064313e-05,7.777447993901402e-05,7.781929245278047e-05,7.78640651930123e-05,7.790879818978709e-05,7.795349147388022e-05,7.799814507616245e-05,7.804275902719533e-05,7.808733335760153e-05,7.813186809798453e-05,7.817636327895556e-05,7.822081893104137e-05,7.826523508480046e-05,7.830961177081539e-05,7.83539490195585e-05,7.839824686160606e-05,7.844250532668054e-05,7.848672444673668e-05,7.853090425150029e-05,7.857504477215189e-05,7.861914603765213e-05,7.86632080791516e-05,7.87072309265289e-05,7.875121461072582e-05,7.879515916250434e-05,7.883906461170183e-05,7.888293098889166e-05,7.89267583241104e-05,7.897054664793612e-05,7.901429598993808e-05,7.90580063815471e-05,7.910167785244551e-05,7.914531043289298e-05,7.918890415267177e-05,7.923245904280666e-05,7.927597513261944e-05,7.931945245330848e-05,7.936289103429622e-05,7.940629090607336e-05,7.944965209873877e-05,7.949297464163037e-05,7.95362585661662e-05,7.957950390193237e-05,7.962271067883874e-05,7.966587892686181e-05,7.970900867599413e-05,7.975209995672396e-05,7.979515279840485e-05,7.983816723138173e-05,7.988114328558856e-05,7.992408099101353e-05,7.996698037755937e-05,8.000984147509493e-05,8.005266431341486e-05,8.009544892261276e-05,8.013819533264959e-05,8.01809035732604e-05,8.022357367428633e-05,8.026620566554756e-05,8.030879957689608e-05,8.035135543813725e-05,8.03938732789355e-05,8.043635312920566e-05,8.047879501877995e-05,8.052119897698666e-05,8.056356503385657e-05,8.060589321896971e-05,8.064818356200977e-05,8.069043609322437e-05,8.073265084117716e-05,8.077482783598898e-05,8.081696710738347e-05,8.085906868499998e-05,8.090113259824973e-05,8.094315887678154e-05,8.098514755027106e-05,8.102709864801973e-05,8.106901219995852e-05,8.11108882355185e-05,8.115272678344331e-05,8.119452787372296e-05,8.123629153607678e-05,8.127801779967997e-05,8.131970669378374e-05,8.136135824787112e-05,8.140297249157085e-05,8.144454945398214e-05,8.148608916465122e-05,8.152759165289949e-05,8.156905694789045e-05,8.16104850790885e-05,8.165187607572207e-05,8.169322996725424e-05,8.173454678200403e-05,8.177582655070072e-05,8.181706930180052e-05,8.185827506466995e-05,8.189944386914319e-05,8.194057574284604e-05,8.198167071538861e-05,8.20227288165853e-05,8.206375007553503e-05,8.210473452099329e-05,8.214568218208848e-05,8.218659308804083e-05,8.22274672676025e-05,8.226830475036038e-05,8.230910556501647e-05,8.234986974063762e-05,8.239059730609601e-05,8.243128829059567e-05,8.247194272292455e-05,8.251256063207222e-05,8.255314204694365e-05,8.259368699693041e-05,8.263419551070585e-05,8.267466761633307e-05,8.27151033432826e-05,8.275550272037506e-05,8.279586577674573e-05,8.283619254067415e-05,8.287648304122113e-05,8.291673730713108e-05,8.295695536725882e-05,8.299713725150429e-05,8.30372829861703e-05,8.307739260119283e-05,8.311746612526296e-05,8.315750358696892e-05,8.31975050152469e-05,8.323747043857075e-05,8.327739988546337e-05,8.33172933847749e-05,8.335715096502527e-05,8.339697265484889e-05,8.343675848272025e-05,8.347650847715192e-05,8.351622266683318e-05,8.355590108016858e-05,8.359554374551494e-05,8.363515069182423e-05,8.367472194718439e-05,8.371425754019125e-05,8.37537574989477e-05,8.379322185231074e-05,8.383265062832057e-05,8.387204385600414e-05,8.391140156311565e-05,8.39507237780679e-05,8.399001052925412e-05,8.402926184505483e-05,8.406847775377713e-05,8.410765828476356e-05,8.414680346405949e-05,8.418591332116266e-05,8.42249878841132e-05,8.426402718127541e-05,8.430303124071432e-05,8.43420000907311e-05,8.438093375953867e-05,8.441983227514513e-05,8.445869566572995e-05,8.449752395925209e-05,8.453631718406689e-05,8.457507536883235e-05,8.46137985402121e-05,8.465248672721313e-05,8.469113995772784e-05,8.472975825957845e-05,8.47683416609821e-05,8.480689018982892e-05,8.484540387400941e-05,8.488388274173607e-05,8.492232682073454e-05,8.496073613887106e-05,8.499911072425118e-05,8.503745060465521e-05,8.507575580795295e-05,8.511402636194594e-05,8.515226229467246e-05,8.519046363345409e-05,8.52286304066354e-05,8.526676264182348e-05,8.530486036671625e-05,8.534292360909751e-05,8.538095239672804e-05,8.541894675733547e-05,8.545690671939332e-05,8.549483230904145e-05,8.55327235547811e-05,8.557058048398841e-05,8.560840312438542e-05,8.564619150368562e-05,8.568394564945608e-05,8.572166558928745e-05,8.575935135069081e-05,8.57970029613498e-05,8.583462044836901e-05,8.587220383998758e-05,8.590975316334615e-05,8.594726844594816e-05,8.598474971516462e-05,8.602219699860638e-05,8.605961032349221e-05,8.609698971740881e-05,8.613433520759641e-05,8.617164682155965e-05,8.620892458656551e-05,8.624616852980224e-05,8.62833786791986e-05,8.632055506153963e-05,8.635769770440789e-05,8.639480663489276e-05,8.64318818802679e-05,8.646892346780618e-05,8.65059314250175e-05,8.654290577870986e-05,8.657984655623863e-05,8.661675378470716e-05,8.665362749137764e-05,8.669046770325511e-05,8.672727444797376e-05,8.676404775183074e-05,8.680078764251733e-05,8.683749414680497e-05,8.687416729167302e-05,8.691080710444268e-05,8.694741361222951e-05,8.698398684189182e-05,8.702052682035911e-05,8.705703357463502e-05,8.709350713165122e-05,8.712994751841541e-05,8.716635476184464e-05,8.720272888865799e-05,8.72390699262661e-05,8.727537790108048e-05,8.731165284010562e-05,8.734789477014574e-05,8.738410371808424e-05,8.742027971070056e-05,8.745642277464279e-05,8.749253293693399e-05,8.75286102241374e-05,8.75646546627467e-05,8.7600666280189e-05,8.763664510249608e-05,8.767259115705537e-05,8.770850447008656e-05,8.774438506808453e-05,8.778023297838117e-05,8.781604822646046e-05,8.785183083996185e-05,8.788758084507063e-05,8.79232982682888e-05,8.795898313643739e-05,8.799463547595589e-05,8.803025531317424e-05,8.806584267470546e-05,8.810139758705101e-05,8.81369200767322e-05,8.817241017010027e-05,8.820786789449111e-05,8.824329327460686e-05,8.827868633813206e-05,8.83140471106254e-05,8.834937561896696e-05,8.838467188936908e-05,8.841993594816181e-05,8.845516782172279e-05,8.849036753636026e-05,8.852553511832808e-05,8.856067059391713e-05,8.85957739893711e-05,8.863084533092906e-05,8.866588464481119e-05,8.870089195793018e-05,8.873586729501953e-05,8.877081068273903e-05,8.880572214751288e-05,8.884060171507181e-05,8.887544941249316e-05,8.891026526526207e-05,8.894504929949573e-05,8.89798015413993e-05,8.90145220168367e-05,8.904921075160476e-05,8.90838677721306e-05,8.911849310428582e-05,8.91530867740141e-05,8.918764880652139e-05,8.922217922931088e-05,8.925667806754973e-05,8.929114534711828e-05,8.932558109393339e-05,8.935998533372776e-05,8.93943580924721e-05,8.942869939625853e-05,8.946300927069194e-05,8.949728774159604e-05,8.953153483480945e-05,8.956575057609858e-05,8.959993499115504e-05,8.96340881056131e-05,8.966820994537251e-05,8.970230053627577e-05,8.973635990376187e-05,8.977038807379172e-05,8.980438507176238e-05,8.983835092348018e-05,8.98722856542131e-05,8.990618929021214e-05,8.994006185638011e-05,8.997390337891414e-05,9.000771388310639e-05,9.004149339447037e-05,9.007524193849397e-05,9.010895954078481e-05,9.014264622687082e-05,9.017630202205046e-05,9.020992695200756e-05,9.024352104199431e-05,9.027708431753444e-05,9.031061680402807e-05,9.034411852674575e-05,9.037758951126702e-05,9.041102978281998e-05,9.044443936677905e-05,9.04778182884632e-05,9.051116657311908e-05,9.05444842461603e-05,9.057777133277454e-05,9.061102785824619e-05,9.064425384783806e-05,9.067744932705545e-05,9.07106143204465e-05,9.074374885360357e-05,9.077685295172722e-05,9.080992663977482e-05,9.08429699430923e-05,9.087598288668713e-05,9.090896549572207e-05,9.094191779529107e-05,9.0974839810503e-05,9.100773156618852e-05,9.104059308752883e-05,9.107342439951717e-05,9.110622552744517e-05,9.113899649594668e-05,9.117173733008922e-05,9.120444805497289e-05,9.123712869544416e-05,9.126977927607616e-05,9.13023998222998e-05,9.133499035875338e-05,9.136755091045154e-05,9.140008150215759e-05,9.143258215859031e-05,9.146505290468726e-05,9.149749376541375e-05,9.152990476517662e-05,9.156228592920157e-05,9.159463728200182e-05,9.16269588483655e-05,9.165925065265816e-05,9.169151272024462e-05,9.172374507531553e-05,9.175594774259319e-05,9.178812074671965e-05,9.18202641124493e-05,9.185237786439784e-05,9.188446202745609e-05,9.191651662591267e-05,9.194854168408907e-05,9.198053722700889e-05,9.201250327900407e-05,9.204443986454775e-05,9.207634700819628e-05,9.210822473426541e-05,9.21400730671186e-05,9.217189203217562e-05,9.220368165312275e-05,9.223544195433248e-05,9.226717295990293e-05,9.229887469481486e-05,9.233054718336236e-05,9.236219044973734e-05,9.239380451809996e-05,9.242538941322523e-05,9.245694515926572e-05,9.248847178014792e-05,9.251996930070177e-05,9.255143774489617e-05,9.258287713665575e-05,9.261428750052015e-05,9.264566886097276e-05,9.26770212418937e-05,9.27083446672405e-05,9.273963916150894e-05,9.277090474861517e-05,9.280214145279456e-05,9.283334929818288e-05,9.286452830881407e-05,9.289567850878893e-05,9.292679992217018e-05,9.29578925730171e-05,9.298895648510568e-05,9.301999168316378e-05,9.30509981903436e-05,9.308197603091487e-05,9.311292522885821e-05,9.314384580822004e-05,9.317473779275423e-05,9.320560120637833e-05,9.323643607294571e-05,9.326724241649213e-05,9.32980202610639e-05,9.332876962998405e-05,9.335949054731881e-05,9.33901830369171e-05,9.342084712216604e-05,9.345148282753781e-05,9.348209017643701e-05,9.351266919260357e-05,9.354321989980473e-05,9.357374232166371e-05,9.360423648194834e-05,9.363470240429637e-05,9.36651401123451e-05,9.369554962984163e-05,9.372593098023911e-05,9.375628418728273e-05,9.378660927451895e-05,9.38169062653538e-05,9.384717518369678e-05,9.387741605286776e-05,9.390762889645814e-05,9.393781373793971e-05,9.396797060063668e-05,9.399809950822538e-05,9.402820048460383e-05,9.405827355236426e-05,9.408831873545468e-05,9.411833605694748e-05,9.414832554082705e-05,9.417828721089702e-05,9.420822108850905e-05,9.423812719837445e-05,9.426800556370783e-05,9.429785620770715e-05,9.432767915374124e-05,9.435747442505511e-05,9.4387242044688e-05,9.44169820363651e-05,9.444669442293364e-05,9.447637922790347e-05,9.450603647430488e-05,9.453566618533005e-05,9.456526838414283e-05,9.459484309389085e-05,9.462439033770475e-05,9.465391013866069e-05,9.468340251993946e-05,9.471286750439307e-05,9.474230511521071e-05,9.47717153757499e-05,9.480109830879902e-05,9.483045393735197e-05,9.485978228424309e-05,9.488908337288614e-05,9.491835722601606e-05,9.494760386653331e-05,9.497682331740437e-05,9.50060156015687e-05,9.503518074191854e-05,9.506431876134009e-05,9.509342968271171e-05,9.512251352985911e-05,9.515157032361201e-05,9.518060008788774e-05,9.520960284537711e-05,9.523857861914928e-05,9.526752743147663e-05,9.529644930522832e-05,9.532534426346108e-05,9.535421232875012e-05,9.538305352348261e-05,9.541186787093679e-05,9.544065539350467e-05,9.546941611384822e-05,9.549815005419077e-05,9.552685723788248e-05,9.555553768738587e-05,9.558419142510623e-05,9.561281847338243e-05,9.564141885525732e-05,9.566999259305566e-05,9.569853970931126e-05,9.572706022579997e-05,9.575555416648862e-05,9.578402155310265e-05,9.581246240812936e-05,9.584087675401007e-05,9.586926461316946e-05,9.589762600806211e-05,9.592596096103201e-05,9.5954269494046e-05,9.59825516299741e-05,9.601080739148239e-05,9.603903680060413e-05,9.606723987945857e-05,9.609541665055514e-05,9.612356713607991e-05,9.615169135964099e-05,9.617978934079055e-05,9.620786110318716e-05,9.623590666906344e-05,9.626392606053609e-05,9.629191929987668e-05,9.631988640884854e-05,9.634782741031136e-05,9.637574232608082e-05,9.640363117831421e-05,9.643149398887586e-05,9.645933078025737e-05,9.64871415743323e-05,9.651492639317588e-05,9.654268525881312e-05,9.657041819333641e-05,9.659812521868115e-05,9.662580635690036e-05,9.665346162992523e-05,9.668109105976763e-05,9.670869466836921e-05,9.673627247764707e-05,9.676382450956924e-05,9.67913507850058e-05,9.68188513281184e-05,9.684632615922142e-05,9.687377530041205e-05,9.690119877354612e-05,9.692859660057986e-05,9.695596880309043e-05,9.698331540297139e-05,9.7010636422032e-05,9.703793188196433e-05,9.706520180454704e-05,9.709244621154995e-05,9.711966512457035e-05,9.714685856537222e-05,9.717402655567805e-05,9.72011691170815e-05,9.722828627104442e-05,9.725537803881205e-05,9.728244444349365e-05,9.730948550569158e-05,9.733650124702054e-05,9.736349168919208e-05,9.739045685413924e-05,9.74173967629382e-05,9.74443114365054e-05,9.747120089706487e-05,9.74980651658777e-05,9.752490426451999e-05,9.755171821406732e-05,9.757850703695106e-05,9.760527075403371e-05,9.763200938659834e-05,9.765872295606016e-05,9.768541148377209e-05,9.771207499162636e-05,9.773871350085533e-05,9.77653270316847e-05,9.779191560621655e-05,9.781847924583902e-05,9.784501797209233e-05,9.787153180558343e-05,9.789802076793493e-05,9.792448488012012e-05,9.795092416401682e-05,9.797733863984516e-05,9.800372833013705e-05,9.803009325503821e-05,9.805643343585807e-05,9.808274889358285e-05,9.810903965022533e-05,9.813530572601739e-05,9.816154714164639e-05,9.818776391922618e-05,9.821395607961308e-05,9.824012364298277e-05,9.826626663111531e-05,9.829238506479042e-05,9.831847896521894e-05,9.83445483532274e-05,9.837059325004743e-05,9.839661367650577e-05,9.842260965226052e-05,9.84485812005569e-05,9.84745283412939e-05,9.850045109529363e-05,9.852634948364986e-05,9.855222352681976e-05,9.857807324645034e-05,9.860389866143176e-05,9.862969979516918e-05,9.865547666651203e-05,9.868122929699697e-05,9.870695770761464e-05,9.87326619187764e-05,9.8758341951423e-05,9.878399782571337e-05,9.880962956265394e-05,9.883523718328431e-05,9.886082070797006e-05,9.888638015794386e-05,9.891191555283056e-05,9.893742691435863e-05,9.896291426229786e-05,9.898837761698993e-05,9.90138169995567e-05,9.903923243003629e-05,9.906462393092673e-05,9.908999152111705e-05,9.911533522067139e-05,9.914065505083324e-05,9.916595103203005e-05,9.919122318446274e-05,9.921647152888874e-05,9.924169608572376e-05,9.926689687543589e-05,9.9292073917296e-05,9.931722723314641e-05,9.934235684361127e-05,9.936746276836487e-05,9.939254502784047e-05,9.941760364231682e-05,9.944263863232991e-05,9.946765001782226e-05,9.949263781922424e-05,9.95176020568897e-05,9.954254275115105e-05,9.956745992222538e-05,9.959235359010365e-05,9.961722377525454e-05,9.964207049783637e-05,9.966689377792506e-05,9.969169363590126e-05,9.97164700915579e-05,9.974122316534626e-05,9.976595287650881e-05,9.979065924666014e-05,9.981534229517142e-05,9.984000204209144e-05,9.986463850828522e-05,9.988925171216047e-05,9.991384167460527e-05,9.993840841565589e-05,9.996295195501233e-05,9.998747231232039e-05,0.0001000119695088934,0.00010003644356369794,0.00010006089449733878,0.00010008532232924115,0.00010010972708002749,0.00010013410876781012,0.00010015846741396982,0.00010018280303808698,0.00010020711565986549,0.00010023140529918733,0.00010025567197593541,0.00010027991570972564,0.000100304136520607,0.0001003283344281763,0.00010035250945222887,0.00010037666161245104,0.0001004007909285056,0.00010042489742052319,0.00010044898110805973,0.00010047304201047405,0.00010049708014746494,0.00010052109553964204,0.00010054508820502047,0.00010056905816414869,0.00010059300543593609,0.00010061693004102866,0.00010064083199814112,0.00010066471132760947,0.00010068856804870761,0.00010071240218080489,0.00010073621374341021,0.00010076000275627191,0.00010078376923861381,0.00010080751320995173,0.00010083123468986514,0.00010085493369758887,0.00010087861025270123,0.00010090226437478852,0.00010092589608265027,0.00010094950539616812,0.00010097309233481317,0.00010099665691770486,0.00010102019916419412,0.00010104371909359768,0.00010106721672514145,0.00010109069207824525,0.00010111414517211532,0.00010113757602601767,0.00010116098465930422,0.0001011843710911513,0.00010120773534083207,0.00010123107742730593,0.00010125439737012756,0.00010127769518842146,0.00010130097090110548,0.00010132422452741473,0.0001013474560865546,0.00010137066559773697,0.00010139385307989548,0.00010141701855202882,0.00010144016203345853,0.00010146328354295558,0.00010148638309986713,0.00010150946072291455,0.00010153251643126265,0.00010155555024382434,0.00010157856217975366,0.000101601552257945,0.00010162452049747867,0.00010164746691701155,0.000101670391535652,0.0001016932943722334,0.00010171617544569493,0.00010173903477505868,0.00010176187237888765,0.00010178468827619614,0.00010180748248580878,0.0001018302550265625,0.00010185300591724554,0.00010187573517666097,0.0001018984428235954,0.00010192112887679562,0.00010194379335502101,0.00010196643627701376,0.00010198905766148494,0.00010201165752731832,0.00010203423589298564,0.00010205679277706123,0.00010207932819835781,0.00010210184217550856,0.00010212433472716225,0.00010214680587192321,0.00010216925562840194,0.00010219168401518812,0.00010221409105084813,0.00010223647675395672,0.00010225884114305062,0.00010228118423666334,0.00010230350605331461,0.00010232580661151073,0.00010234808592972421,0.00010237034402643798,0.0001023925809201135,0.00010241479662930476,0.00010243699117221678,0.00010245916456738305,0.00010248131683325281,0.00010250344798812312,0.00010252555805039086,0.0001025476470385254,0.00010256971497068254,0.0001025917618654376,0.00010261378774079691,0.00010263579261536369,0.00010265777650727836,0.00010267973943466873,0.00010270168141609544,0.00010272360246948938,0.00010274550261323252,0.00010276738186554567,0.00010278924024462773,0.00010281107776866429,0.00010283289445582808,0.00010285469032427736,0.0001028764653921662,0.00010289821967759974,0.00010291995319870815,0.00010294166597359005,0.00010296335802032996,0.0001029850293570113,0.00010300668000180645,0.00010302830997251824,0.00010304991928731094,0.00010307150796417326,0.00010309307602127896,0.00010311462347630212,0.00010313615034751827,0.00010315765665258992,0.00010317914240961142,0.00010320060763651748,0.00010322205235122132,0.00010324347657162206,0.00010326488031561226,0.00010328626360115077,0.00010330762644592988,0.00010332896886787895,0.00010335029088483269,0.00010337159251460387,0.00010339287377507041,0.00010341413468389587,0.00010343537525910703,0.00010345659551804405,0.00010347779547869451,0.00010349897515879249,0.00010352013457602998,0.00010354127374894185,0.00010356239269358721,0.00010358349142854289,0.000103604569971309,0.00010362562833961706,0.00010364666655111685,0.00010366768462341526,0.00010368868257410587,0.00010370966042074868,0.00010373061818114409,0.00010375155587272731,0.000103772473512864,0.00010379337111927157,0.00010381424870900835,0.00010383510630034003,0.00010385594391072533,0.00010387676155709165,0.00010389755925787926,0.00010391833702946146,0.00010393909488934348,0.0001039598328557643,0.00010398055094511545,0.00010400124917532623,0.00010402192756383707,0.00010404258612790549,0.00010406322488495209,0.00010408384385261505,0.00010410444304758643,0.00010412502248802259,0.00010414558219023595,0.00010416612217244202,0.00010418664245105462,0.00010420714304381253,0.00010422762396815754,0.00010424808524067977,0.00010426852687943786,0.00010428894890125915,0.00010430935132285048,0.00010432973416183828,0.00010435009743566773,0.00010437044116081088,0.00010439076535511351,0.00010441107003538504,0.0001044313552184416,0.00010445162092120541,0.00010447186716153116,0.00010449209395749226,0.00010451230132385643,0.00010453248927878008,0.0001045526578386132,0.00010457280702125154,0.0001045929368429771,0.00010461304732114281,0.00010463313847297259,0.00010465321031537204,0.00010467326286520415,0.00010469329613881484,0.00010471331015360534,0.0001047333049267759,0.00010475328047450609,0.00010477323681419878,0.00010479317396278211,0.00010481309193675846,0.0001048329907523797,0.00010485287042802236,0.00010487273097967849,0.00010489257242437839,0.00010491239477848575,0.00010493219805901234,0.0001049519822825927,0.00010497174746606172,0.00010499149362638571,0.00010501122077993851,0.0001050309289435557,0.0001050506181339221,0.00010507028836760378,0.00010508993966143274,0.00010510957203191569,0.00010512918549591423,0.00010514878006986774,0.0001051683557704649,0.000105187912614111,0.00010520745061779283,0.00010522696979772928,0.00010524647017068089,0.00010526595175297582,0.00010528541456153375,0.00010530485861257457,0.00010532428392217675,0.00010534369050746497,0.00010536307838472502,0.0001053824475705157,0.00010540179808107895,0.00010542112993298919,0.0001054404431426312,0.0001054597377264314,0.00010547901370078028,0.00010549827108234562,0.00010551750988704663,0.00010553673013117411,0.00010555593183172562,0.00010557511500431681,0.00010559427966558318,0.00010561342583219529,0.00010563255351997082,0.0001056516627453126,0.00010567075352441255,0.00010568982587325612,0.00010570887980834761,0.00010572791534600925,0.00010574693250249224,0.00010576593129419102,0.00010578491173657282,0.00010580387384715145,0.00010582281764022116,0.00010584174313287993,0.00010586065034133336,0.00010587953928197844,0.00010589840997022158,0.00010591726242250465,0.00010593609665490695,0.00010595491268353564,0.00010597371052465698,0.0001059924901941761,0.00010601125170779527,0.00010602999508171596,0.00010604872033229942,0.00010606742747479859,0.00010608611652642634,0.0001061047875015124,0.00010612344041666478,0.00010614207528818648,0.00010616069213178929,0.00010617929096342352,0.00010619787179893511,0.00010621643465423772,0.00010623497954520795,0.00010625350648819635,0.00010627201549805804,0.00010629050659093828,0.00010630897978311614,0.0001063274350899588,0.00010634587252751423,0.00010636429211148818,0.00010638269385772513,0.0001064010777818612,0.00010641944389969211,0.00010643779222687793,0.00010645612277950518,0.00010647443557274932,0.00010649273062271925,0.00010651100794460984,0.00010652926755473546,0.00010654750946819418,0.00010656573370106927,0.00010658394026875014,0.00010660212918665356,0.00010662030047092805,0.00010663845413650606,0.0001066565901991957,0.0001066747086747723,0.00010669280957866656,0.00010671089292644437,0.00010672895873360676,0.00010674700701568183,0.00010676503778814226,0.00010678305106680039,0.00010680104686643064,0.00010681902520304645,0.00010683698609196625,0.00010685492954859397,0.0001068728555884943,0.0001068907642268901,0.00010690865547920512,0.00010692652936094448,0.0001069443858872735,0.00010696222507385041,0.00010698004693576942,0.00010699785148858829,0.00010701563874754401,0.00010703340872793399,0.00010705116144491708,0.00010706889691410989,0.00010708661515056276,0.00010710431616958945,0.00010712199998714538,0.00010713966661699495,0.00010715731607507962,0.00010717494837708836,0.00010719256353744548,0.00010721016157160761,0.0001072277424951807,0.00010724530632268225,0.0001072628530694474,0.00010728038275069114,0.00010729789538158157,0.00010731539097720906,0.00010733286955241161,0.00010735033112276486,0.00010736777570307113,0.00010738520330848917,0.00010740261395405609,0.00010742000765475701,0.00010743738442565093,0.00010745474428147612,0.00010747208723775309,0.00010748941330920167,0.00010750672251094397,0.0001075240148577498,0.00010754129036450049,0.00010755854904645185,0.00010757579091858117,0.00010759301599515785,0.00010761022429150229,0.00010762741582256219,0.00010764459060313289,0.00010766174864802859,0.00010767888997197145,0.00010769601458995734,0.00010771312251618568,0.00010773021376737369,0.00010774728835682505,0.00010776434629956348,0.00010778138761046253,0.0001077984123042537,0.0001078154203956385,0.00010783241189924151,0.00010784938683014142,0.0001078663452029992,0.00010788328703222484,0.00010790021233268393,0.00010791712111960309,0.00010793401340679706,0.00010795088920879234,0.00010796774854087093,0.00010798459141749537,0.00010800141785322774,0.0001080182278627005,0.00010803502146053032,0.0001080517986612928,0.00010806855947956249,0.00010808530392998127,0.00010810203202654418,0.0001081187437846364,0.00010813543921858326,0.00010815211834244066,0.00010816878117111679,0.0001081854277189752,0.00010820205800048644,0.00010821867203016214,0.00010823526982220757,0.00010825185139132883,0.00010826841675182038,0.00010828496591837717,0.00010830149890528935,0.00010831801572668744,0.00010833451639713554,0.00010835100093116655,0.00010836746934290528,0.00010838392164631743,0.00010840035785654245,0.00010841677798774655,0.0001084331820537117,0.00010844957006932405,0.00010846594204835694,0.00010848229800547644,0.00010849863795502144,0.00010851496191079537,0.00010853126988727954,0.0001085475618987445,0.00010856383795932751,0.00010858009808317528,0.00010859634228454367,0.00010861257057758467,0.0001086287829773736,0.00010864497949695887,0.0001086611601498732,0.00010867732495114428,0.00010869347391498446,0.00010870960705547112,0.0001087257243865112,0.00010874182592225376,0.00010875791167675959,0.0001087739816649931,0.00010879003589914646,0.00010880607439459557,0.00010882209716472228,0.00010883810422390326,0.00010885409558595259,0.00010887007126477795,0.00010888603127451465,0.00010890197562925213,0.00010891790434302255,0.00010893381742958022,0.00010894971490286011,0.00010896559677718902,0.00010898146306560725,0.00010899731378265784,0.00010901314894202712,0.00010902896855751887,0.00010904477264309407,0.00010906056121282873,0.0001090763342805698,0.00010909209185971904,0.00010910783396426483,0.00010912356060779259,0.00010913927180465295,0.0001091549675685661,0.00010917064791279622,0.00010918631285155642,0.00010920196239800409,0.00010921759656650082,0.00010923321537051518,0.00010924881882381693,0.00010926440693994301,0.00010927997973287718,0.00010929553721614759,0.00010931107940345359,0.00010932660630838648,0.00010934211794490643,0.000109357614325802,0.00010937309546548746,0.00010938856137820598,0.00010940401207558615,0.000109419447572549,0.00010943486788249193,0.0001094502730188098,0.00010946566299528139,0.00010948103782565003,0.00010949639752296539,0.00010951174210076684,0.00010952707157270766,0.000109542385952105,0.00010955768525281208,0.00010957296948810769,0.00010958823867144358,0.00010960349281596274,0.00010961873193578536,0.0001096339560439901,0.00010964916515396039,0.00010966435927896965,0.00010967953843269249,0.00010969470262842586,0.00010970985187948971,0.00010972498619932883,0.00010974010560123262,0.00010975521009846508,0.00010977029970436621,0.00010978537443229057,0.00010980043429560656,0.00010981547930761904,0.00010983050948147561,0.00010984552483051501,0.00010986052536752438,0.00010987551110666396,0.0001098904820605595,0.00010990543824280847,0.00010992037966640582,0.00010993530634460227,0.00010995021829074044,0.00010996511551762033,0.00010997999803863878,0.00010999486586683028,0.00011000971901553409,0.00011002455749784001,0.00011003938132677955,0.00011005419051546678,0.00011006898507739885,0.00011008376502511987,0.00011009853037203645,0.0001101132811308857,0.00011012801731503024,0.00011014273893738199,0.00011015744601106883,0.000110172138549022,0.00011018681656433197,0.00011020148007016153,0.00011021612907914032,0.00011023076360441602,0.00011024538365909019,0.00011025998925592043,0.0001102745804078176,0.00011028915712811797,0.00011030371942934688,0.0001103182673250482,0.00011033280082701526,0.00011034731994887134,0.00011036182470337654,0.00011037631510332229,0.0001103907911618036,0.00011040525289152781,0.00011041970030552572,0.00011043413341623685,0.00011044855223669204,0.00011046295678017131,0.0001104773470588449,0.00011049172308528746,0.00011050608487269422,0.0001105204324337069,0.00011053476578136927,0.00011054908492803944,0.00011056338988656421,0.00011057768066970972,0.00011059195729017146,0.00011060621976069257,0.00011062046809392699,0.00011063470230274764,0.00011064892239969462,0.00011066312839709429,0.00011067732030786287,0.00011069149814454425,0.00011070566191991559,0.00011071981164653834,0.00011073394733698875,0.00011074806900384703,0.00011076217665982754,0.00011077627031727064,0.00011079034998914415,0.00011080441568765946,0.00011081846742521687,0.00011083250521442078,0.00011084652906821684,0.00011086053899882018,0.00011087453501852737,0.00011088851713993806,0.00011090248537597912,0.00011091643973864752,0.00011093038023993128,0.00011094430689309567,0.0001109582197102495,0.0001109721187038224,0.00011098600388623434,0.00011099987527002188,0.00011101373286739439,0.00011102757669034777,0.00011104140675245276,0.00011105522306508127,0.00011106902564106019,0.00011108281449247824,0.00011109658963139584,0.00011111035107038122,0.00011112409882177864,0.00011113783289784712,0.00011115155331095427,0.00011116526007332301,0.00011117895319720792,0.00011119263269510632,0.00011120629857870193,0.0001112199508606129,0.00011123358955302714,0.00011124721466808919,0.00011126082621804408,0.00011127442421506923,0.00011128800867160575,0.00011130157959954067,0.00011131513701083322,0.00011132868091785554,0.00011134221133283633,0.00011135572826775817,0.00011136923173478799,0.00011138272174599843,0.00011139619831357845,0.000111409661449605,0.00011142311116609421,0.00011143654747533562,0.00011144997038921867,0.00011146337991952833,0.0001114767760786573,0.00011149015887839169,0.0001115035283312041,0.0001115168844483547,0.00011153022724228129,0.00011154355672519437,0.00011155687290856665,0.00011157017580531294,0.00011158346542593865,0.00011159674178328785,0.00011161000488902242,0.00011162325475504793,0.00011163649139346909,0.0001116497148162193,0.00011166292503525318,0.00011167612206200408,0.000111689305908622,0.00011170247658744748,0.00011171563410944141,0.00011172877848692594,0.00011174190973157076,0.00011175502785516889,0.00011176813286978625,0.00011178122478730648,0.00011179430361896272,0.00011180736937700859,0.00011182042207345692,0.00011183346171931445,0.00011184648832660467,0.0001118595019074133,0.00011187250247311542,0.00011188549003556808,0.00011189846460648857,0.00011191142619756135,0.00011192437482047053,0.00011193731048671863,0.00011195023320910805,0.0001119631429975288,0.00011197603986446293,0.00011198892382131963,0.00011200179488012365,0.00011201465305225785,0.00011202749834952823,0.00011204033078335484,0.0001120531503656408,0.0001120659571077007,0.0001120787510208372,0.00011209153211687215,0.00011210430040723893,0.00011211705590370907,0.00011212979861769934,0.00011214252856087097,0.00011215524574521208,0.00011216795018086327,0.00011218064187995567,0.00011219332085362088,0.00011220598711429147,0.00011221864067290561,0.00011223128154090322,0.00011224390972981779,0.00011225652525096718,0.00011226912811584774,0.00011228171833606368,0.0001122942959219342,0.00011230686088656949,0.00011231941324029179,0.00011233195299465963,0.00011234448016107162,0.00011235699475085793,0.00011236949677533649,0.00011238198624665804,0.00011239446317485938,0.00011240692757157091,0.00011241937944844696,0.00011243181881633895,0.00011244424568686585,0.0001124566600711823,0.00011246906198063225,0.000112481451426483,0.00011249382841994815,0.0001125061929722674,0.0001125185450947885,0.00011253088479851804,0.00011254321209474483,0.00011255552699481809,0.00011256782950987676,0.00011258011965077258,0.00011259239742909534,0.0001126046628562517,0.00011261691594230271,0.00011262915669905126,0.00011264138513760408,0.00011265360126911675,0.00011266580510479785,0.00011267799665554075,0.00011269017593248515,0.00011270234294677998,0.00011271449770946176,0.00011272664023179643,0.00011273877052445916,0.00011275088859868198,0.00011276299446546191,0.00011277508813561647,0.00011278716962018269,0.00011279923893085496,0.00011281129607817671,0.00011282334107316399,0.00011283537392669706,0.00011284739464959322,0.00011285940325323041,0.0001128713997483406,0.00011288338414585184,0.00011289535645669413,0.0001129073166918199,0.00011291926486213501,0.00011293120097862622,0.00011294312505196614,0.00011295503709312469,0.0001129669371130267,0.00011297882512219223,0.00011299070113192483,0.00011300256515352035,0.00011301441719648268,0.00011302625727277966,0.00011303808539282525,0.00011304990156719122,0.00011306170580715795,0.00011307349812326538,0.00011308527852637035,0.00011309704702716679,0.00011310880363638623,0.00011312054836484439,0.00011313228122326547,0.00011314400222237975,0.00011315571137302511,0.00011316740868566111,0.00011317909417115566,0.00011319076784012866,0.00011320242970336954,0.00011321407977125639,0.00011322571805497251,0.00011323734456488441,0.00011324895931163607,0.00011326056230594532,0.00011327215355835183,0.00011328373307919914,0.00011329530087957564,0.00011330685696999897,0.00011331840136125033,0.0001133299340635159,0.00011334145508748614,0.00011335296444394451,0.00011336446214308336,0.00011337594819540418,0.00011338742261173677,0.00011339888540265514,0.00011341033657859639,0.00011342177615004506,0.00011343320412747684,0.00011344462052163171,0.00011345602534255499,0.00011346741860069537,0.00011347880030700686,0.00011349017047167832,0.00011350152910504088,0.0001135128762178078,0.00011352421182023188,0.00011353553592279285,0.00011354684853582808,0.00011355814966981399,0.00011356943933521313,0.00011358071754228201,0.00011359198430136655,0.00011360323962274842,0.0001136144835170934,0.00011362571599460456,0.00011363693706561587,0.00011364814674013249,0.0001136593450290781,0.00011367053194244704,0.00011368170749059268,0.00011369287168379299,0.00011370402453271999,0.00011371516604667084,0.00011372629623644838,0.00011373741511257132,0.000113748522685145,0.0001137596189642504,0.00011377070395993074,0.00011378177768297904,0.00011379284014356684,0.00011380389135141556,0.0001138149313167626,0.0001138259600501936,0.00011383697756166776,0.00011384798386135665,0.00011385897895922879,0.00011386996286586346,0.00011388093559116915,0.00011389189714491262,0.00011390284753796477,0.00011391378678004033,0.00011392471488109768,0.00011393563185119529,0.00011394653770109446,0.00011395743244039182,0.00011396831607921318,0.00011397918862759662,0.00011399005009554398,0.00011400090049318185,0.0001140117398306601,0.00011402256811774684,0.00011403338536438085,0.00011404419158092766,0.00011405498677701389,0.00011406577096290898,0.00011407654414894476,0.00011408730634477119,0.00011409805756000921,0.00011410879780487224,0.00011411952708928455,0.00011413024542328454,0.00011414095281669633,0.00011415164927949911,0.00011416233482160063,0.00011417300945288018,0.00011418367318325927,0.00011419432602324693,0.0001142049679815128,0.00011421559906881432,0.0001142262192944196,0.00011423682866877734,0.00011424742720112265,0.00011425801490162968,0.00011426859178060488,0.00011427915784743487,0.00011428971311127213,0.00011430025758234806,0.00011431079127076153,0.00011432131418618302,0.00011433182633888054,0.00011434232773819835,0.00011435281839320836,0.00011436329831486371,0.00011437376751113964,0.00011438422599346704,0.00011439467377100777,0.00011440511085354172,0.00011441553725068236,0.0001144259529722358,0.00011443635802804379,0.00011444675242738772,0.00011445713618021957,0.00011446750929607275,0.000114477871784646,0.00011448822365589744,0.0001144985649188768,0.00011450889558413242,0.00011451921566006174,0.00011452952515748262,0.00011453982408483479,0.00011455011245227062,0.00011456039026943179,0.00011457065754583059,0.00011458091429165221,0.00011459116051531655,0.00011460139622697106,0.00011461162143614341,0.00011462183615223331,0.00011463204038502936,0.00011464223414367579,0.00011465241743853221,0.00011466259027873895,0.00011467275267313434,0.00011468290463191568,0.00011469304616447054,0.00011470317728006094,0.0001147132979877153,0.00011472340829735112,0.00011473350821837164,0.00011474359776061822,0.00011475367693350559,0.00011476374574599818,0.00011477380420717264,0.00011478385232688656,0.00011479389011442471,0.00011480391757947305,0.00011481393473181693,0.00011482394157963054,0.00011483393813325374,0.00011484392440114698,0.00011485390039352969,0.00011486386611938903,0.00011487382158809565,0.00011488376680902303,0.00011489370179188113,0.0001149036265455036,0.00011491354107927274,0.00011492344540174162,0.0001149333395226019,0.0001149432234519005,0.00011495309719829074,0.00011496296077119745,0.00011497281417990149,0.00011498265743347442,0.00011499249054162455,0.00011500231351328191,0.0001150121263574056,0.00011502192908353501,0.00011503172170028169,0.00011504150421670546,0.0001150512766431817,0.00011506103898798477,0.00011507079126076097,0.0001150805334710675,0.00011509026562705326,0.0001150999877386704,0.0001151096998146547,0.00011511940186360795,0.00011512909389549129,0.00011513877591879138,0.00011514844794297116,0.00011515810997738749,0.00011516776203054513,0.00011517740411169844,0.00011518703623021133,0.00011519665839479212,0.00011520627061536514,0.00011521587290001312,0.00011522546525774912,0.00011523504769798623,0.00011524462023003695,0.00011525418286230113,0.00011526373560434034,0.00011527327846448103,0.00011528281145239581,0.00011529233457644536,0.00011530184784651064,0.00011531135127039162,0.00011532084485718641,0.00011533032861683712,0.00011533980255764576,0.00011534926668919477,0.00011535872101958508,0.00011536816555784767,0.00011537760031323748,0.00011538702529444235,0.00011539644051080765,0.00011540584597041945,0.00011541524168252299,0.00011542462765614789,0.00011543400390042392,0.00011544337042363244,0.00011545272723453306,0.00011546207434272344,0.0001154714117564837,0.00011548073948483751,0.00011549005753635492,0.00011549936591992668,0.00011550866464449328,0.0001155179537187671,0.00011552723315206701,0.00011553650295260246,0.00011554576312883933,0.00011555501368989334,0.0001155642546446211,0.00011557348600195217,0.0001155827077702187,0.00011559191995821036,0.0001156011225747038,0.00011561031562856547,0.00011561949912854796,0.00011562867308319133,0.00011563783750122486,0.00011564699239157629,0.00011565613776244589,0.00011566527362281653,0.00011567439998191513,0.00011568351684717611,0.00011569262422774476,0.00011570172213258997,0.0001157108105690948,0.00011571988954774781,0.00011572895907705788,0.00011573801916419171,0.00011574706981870624,0.00011575611104886117,0.00011576514286369436,0.00011577416527119939,0.00011578317828058887,0.00011579218189965252,0.00011580117613724145,0.00011581016100214478,0.0001158191365027686,0.00011582810264765072,0.00011583705944551418,0.00011584600690472563,0.00011585494503357947,0.00011586387384073356,0.00011587279333467263,0.00011588170352397997,0.00011589060441711182,0.00011589949602259832,0.00011590837834864124,0.00011591725140397264,0.0001159261151969516,0.00011593496973601851,0.00011594381502941475,0.00011595265108596706,0.00011596147791404659,0.000115970295521932,0.00011597910391813127,0.00011598790311088492,0.00011599669310864339,0.00011600547391996174,0.00011601424555257791,0.0001160230080156047,0.00011603176131725417,0.00011604050546580951,0.00011604924046963352,0.00011605796633697066,0.00011606668307623098,0.00011607539069578808,0.00011608408920381372,0.00011609277860874794,0.0001161014589188248,0.00011611013014225121,0.00011611879228756538,0.00011612744536287902,0.00011613608937648592,0.00011614472433672307,0.0001161533502518257,0.00011616196712993214,0.00011617057497978223,0.00011617917380870698,0.00011618776362558765,0.00011619634443895888,0.00011620491625673471,0.00011621347908641856,0.00011622203293677397,0.00011623057781592917,0.00011623911373211556,0.00011624764069338276,0.00011625615870820079,0.00011626466778458808,0.00011627316793083363,0.00011628165915486588,0.00011629014146492257,0.00011629861486911628,0.00011630707937579665,0.00011631553499267711,0.00011632398172800967,0.00011633241959010822,0.00011634084858686149,0.00011634926872643776,0.00011635768001684737,0.00011636608246629355,0.00011637447608286189,0.0001163828608743984,0.00011639123684924707,0.0001163996040154684,0.00011640796238099534,0.00011641631195362269,0.00011642465274171382,0.0001164329847530023,0.00011644130799578796,0.00011644962247796766,0.0001164579282076541,0.00011646622519221553,0.00011647451343995361,0.00011648279295946804,0.00011649106375836932,0.00011649932584361626,0.00011650757922528902,0.00011651582390988963,0.00011652405990576418,0.00011653228722100619,0.00011654050586279964,0.00011654871583953002,0.00011655691715910749,0.00011656510982941052,0.00011657329385823675,0.00011658146925374148,0.00011658963602365705,0.00011659779417589635,0.00011660594371835632,0.0001166140846588086,0.00011662221700517363,0.0001166303407657616,0.0001166384559473104,0.00011664656255840574,0.00011665466060634914,0.00011666275010001227,0.00011667083104615647,0.00011667890345287712,0.00011668696732867868,0.000116695022680764,0.00011670306951663306,0.00011671110784459159,0.00011671913767227434,0.00011672715900749488,0.00011673517185786121,0.00011674317623113353,0.00011675117213521244,0.00011675915957761516,0.00011676713856615566,0.00011677510910860729,0.00011678307121288494,0.00011679102488637443,0.0001167989701368996,0.00011680690697212943,0.00011681483539985016,0.00011682275542760731,0.00011683066706322415,0.00011683857031432584,0.00011684646518858795,0.00011685435169303127,0.0001168622298364951,0.00011687009962599139,0.00011687796106919684,0.00011688581417384586,0.0001168936589474194,0.00011690149539767557,0.00011690932353231994,0.0001169171433584275,0.00011692495488411158,0.00011693275811679217,0.00011694055306404541,0.00011694833973349396,0.00011695611813261251,0.00011696388826907814,0.00011697165015030129,0.00011697940378387062,0.00011698714917755716,0.0001169948863387513,0.00011700261527521416,0.00011701033599397497,0.00011701804850272724,0.00011702575280909257,0.00011703344892054646,0.0001170411368444596,0.00011704881658847586,0.0001170564881598737,0.00011706415156636596,0.00011707180681545858,0.0001170794539145082,0.00011708709287089629,0.00011709472369211848,0.00011710234638561922,0.00011710996095885873,0.00011711756741923154,0.000117125165774204,0.00011713275603114736,0.00011714033819748826,0.0001171479122805835,0.0001171554782879278,0.00011716303622695635,0.00011717058610470397,0.00011717812792897997,0.0001171856617068594,0.0001171931874459291,0.00011720070515341388,0.00011720821483650633,0.00011721571650282088,0.00011722321015963766,0.00011723069581429342,0.00011723817347409627,0.00011724564314633946,0.00011725310483831046,0.00011726055855734291,0.00011726800431074569,0.00011727544210588871,0.00011728287194982814,0.0001172902938500087,0.00011729770781366362,0.0001173051138480138,0.00011731251196040356,0.0001173199021579875,0.00011732728444800657,0.00011733465883779085,0.0001173420253346337,0.00011734938394555152,0.00011735673467793671,0.00011736407753896182,0.00011737141253582356,0.00011737873967568961,0.00011738605896576106,0.00011739337041327731,0.00011740067402541161,0.00011740796980927075,0.00011741525777158736,0.00011742253792047195,0.0001174298102625705,0.0001174370748051139,0.00011744433155519173,0.00011745158051997943,0.00011745882170659847,0.00011746605512207413,0.00011747328077366145,0.00011748049866836812,0.00011748770881329421,0.0001174949112154511,0.0001175021058822044,0.00011750929282049566,0.00011751647203739466,0.00011752364353999308,0.00011753080733514338,0.000117537963430295,0.00011754511183221357,0.00011755225254813917,0.00011755938558500126,0.00011756651094973819,0.00011757362864960001,0.00011758073869144,0.00011758784108235339,0.00011759493582935226,0.00011760202293940198,0.00011760910241946507,0.00011761617427648482,0.00011762323851760617,0.00011763029514982996,0.00011763734418000582,0.00011764438561514978,0.0001176514194622474,0.00011765844572812808,0.00011766546441981716,0.00011767247554301728,0.0001176794791071557,0.00011768647511784104,0.00011769346358205721,0.00011770044450672265,0.00011770741789875277,0.00011771438376507266,0.00011772134211250348,0.00011772829294760454,0.0001177352362778879,0.00011774217211005966,0.00011774910045088538,0.00011775602130725249,0.0001177629346860286,0.00011776984059408432,0.00011777673903791597,0.00011778363002475958,0.0001177905135615981,0.00011779738965496773,0.00011780425831183157,0.00011781111953898812,0.00011781797334314531,0.00011782481973115404,0.00011783165870981927,0.0001178384902859398,0.00011784531446595742,0.00011785213125729137,0.00011785894066647262,0.0001178657427001665,0.00011787253736515793,0.00011787932466823987,0.00011788610461609052,0.00011789287721556359,0.00011789964247332181,0.00011790640039612514,0.00011791315099063786,0.000117919894263615,0.00011792663022182604,0.00011793335887183443,0.00011794008022062818,0.00011794679427465341,0.00011795350104061728,0.00011796020052529505,0.00011796689273525787,0.0001179735776772699,0.00011798025535793832,0.00011798692578396796,0.0001179935889619479,0.00011800024489858342,0.000118006893600511,0.00011801353507434293,0.00011802016932674498,0.00011802679636427068,0.00011803341619357879,0.00011804002882127795,0.0001180466342539628,0.00011805323249826871,0.0001180598235607395,0.00011806640744805245,0.00011807298416667909,0.00011807955372323689,0.00011808611612427813,0.00011809267137641298,0.00011809921948631284,0.00011810576046044416,0.00011811229430511195,0.0001181188210270344,0.0001181253406327419,0.0001181318531287493,0.00011813835852159975,0.00011814485681783527,0.0001181513480239581,0.00011815783214645435,0.00011816430919186202,0.00011817077916680767,0.00011817724207733156,0.00011818369793025381,0.00011819014673204082,0.00011819658848916795,0.0001182030232079835,0.00011820945089503053,0.0001182158715567637,0.00011822228519953332,0.00011822869182984361,0.00011823509145418027,0.00011824148407889777,0.00011824786971048353,0.00011825424835531358,0.00011826062001980455,0.00011826698471038201,0.00011827334243341333,0.00011827969319531102,0.00011828603700245169,0.00011829237386132615,0.00011829870377813599,0.00011830502675933859,0.00011831134281127457,0.00011831765194033894,0.0001183239541527803,0.00011833024945517619,0.0001183365378535818,0.00011834281935454965,0.00011834909396436504,0.00011835536168933097,0.00011836162253576946,0.0001183678765100005,0.00011837412361823468,0.00011838036386695642,0.00011838659726237113,0.0001183928238107582,0.00011839904351848606,0.00011840525639171198,0.00011841146243676218,0.00011841766165991775,0.00011842385406742128,0.00011843003966543835,0.00011843621846047535,0.0001184423904586106,0.00011844855566605355,0.0001184547140890815,0.00011846086573362192,0.00011846701060669043,0.0001184731487138664,0.00011847928006150146,0.00011848540465580668,0.00011849152250297492,0.00011849763360924983,0.00011850373798079902,0.00011850983562378006,0.00011851592654443751,0.00011852201074885878,0.00011852808824325124,0.00011853415903376768,0.00011854022312658337,0.00011854628052784108,0.00011855233124370446,0.00011855837528022505,0.00011856441264362498,0.00011857044334003227,0.00011857646737556365,0.00011858248475632492,0.00011858849548843003,0.00011859449957788784,0.0001186004970309837,0.00011860648785369299,0.00011861247205216985,0.00011861844963236989,0.00011862442060058544,0.0001186303849627368,0.00011863634272497447,0.00011864229389395569,0.00011864823847448246,0.00011865417647318897,0.000118660107896165,0.00011866603274942396,0.00011867195103888427,0.00011867786277086323,0.00011868376795123653,0.00011868966658592983,0.00011869555868115088,0.0001187014442428053,0.00011870732327691246,0.00011871319578942996,0.00011871906178633088,0.00011872492127357141,0.00011873077425739215,0.0001187366207429979,0.00011874246073745333,0.0001187482942462073,0.00011875412127482389,0.00011875994183007433,0.00011876575591748246,0.00011877156354299191,0.00011877736471256656,0.00011878315943203664,0.00011878894770748801,0.00011879472954466024,0.0001188005049496944,0.00011880627392831001,0.00011881203648656294,0.00011881779263028477,0.00011882354236536201,0.0001188292856976779,0.00011883502263312699,0.00011884075317752218,0.00011884647733689436,0.00011885219511701446,0.00011885790652372885,0.00011886361156244656,0.00011886931023998579,0.00011887500256170218,0.00011888068853344348,0.00011888636816102172,0.00011889204145029044,0.00011889770840708092,0.00011890336903719517,0.00011890902334650185,0.00011891467134071187,0.0001189203130256181,0.00011892594840715516,0.00011893157749108242,0.00011893720028316721,0.0001189428167891782,0.00011894842701488248,0.00011895403096583038,0.00011895962864828859,0.00011896522006777303,0.0001189708052299394,0.00011897638414072873,0.0001189819568057644,0.00011898752323083316,0.0001189930834216755,0.00011899863738400643,0.00011900418512354922,0.00011900972664603165,0.00011901526195714472,0.0001190207910626527,0.00011902631396819134,0.00011903183067895395,0.00011903734120140051,0.00011904284554137505,0.00011904834370419346,0.00011905383569553897,0.0001190593215212763,0.00011906480118680947,0.00011907027469769471,0.00011907574205986158,0.00011908120327884323,0.00011908665836043444,0.0001190921073100661,0.00011909755013366483,0.0001191029868364903,0.00011910841742436715,0.0001191138419029214,0.00011911926027772934,0.00011912467255446258,0.00011913007873870858,0.00011913547883624918,0.00011914087285226155,0.00011914626079264428,0.00011915164266295126,0.00011915701846880644,0.00011916238821560842,0.00011916775190903461,0.0001191731095546498,0.00011917846115805158,0.00011918380672470967,0.00011918914626032442,0.00011919447977033916,0.00011919980726031763,0.00011920512873580836,0.00011921044420231688,0.00011921575366539516,0.00011922105713070956,0.00011922635460346566,0.0001192316460895012,0.00011923693159399378,0.00011924221112272765,0.00011924748468091557,0.00011925275227431259,0.0001192580139082985,0.00011926326958834729,0.00011926851931996165,0.00011927376310868506,0.00011927900095988192,0.00011928423287905035,0.00011928945887163226,0.0001192946789427497,0.00011929989309852513,0.00011930510134414569,0.00011931030368493523,0.00011931550012633212,0.00011932069067380435,0.000119325875332813,0.00011933105410872283,0.00011933622700654053,0.00011934139403251002,0.000119346555191623,0.00011935171048925176,0.00011935685993082882,0.00011936200352177425,0.00011936714126759751,0.00011937227317333968,0.00011937739924454932,0.00011938251948644605,0.00011938763390469512,0.00011939274250478508,0.00011939784529148096,0.00011940294227047274,0.00011940803344699418,0.00011941311882652599,0.0001194181984143516,0.00011942327221575134,0.00011942834023620573,0.00011943340248109231,0.00011943845895534997,0.00011944350966447282,0.00011944855461373062,0.00011945359380855054,0.00011945862725419178,0.00011946365495579869,0.0001194686769189251,0.00011947369314872437,0.00011947870365040446,0.00011948370842930184,0.0001194887074906651,0.00011949370083977845,0.00011949868848189195,0.0001195036704223425,0.00011950864666616988,0.00011951361721892165,0.0001195185820855871,0.00011952354127130335,0.00011952849478158845,0.00011953344262154178,0.00011953838479640426,0.00011954332131142468,0.00011954825217172785,0.00011955317738255286,0.00011955809694912251,0.00011956301087663935,0.00011956791917026306,0.00011957282183515593,0.0001195777188765137,0.00011958261029959022,0.00011958749610965614,0.00011959237631161379,0.00011959725091074142,0.00011960211991210551,0.00011960698332106867,0.00011961184114264142,0.00011961669338199342,0.00011962154004427372,0.00011962638113465516,0.00011963121665817619,0.00011963604662007427,0.0001196408710252792,0.00011964568987917408,0.00011965050318676258,0.00011965531095311417,0.00011966011318334108,0.00011966490988254505,0.00011966970105574793,0.00011967448670820716,0.00011967926684490708,0.00011968404147091935,0.0001196888105913607,0.00011969357421128108,0.00011969833233574267,0.00011970308496981423,0.00011970783211848852,0.00011971257378693604,0.0001197173099801058,0.00011972204070312054,0.00011972676596094478,0.00011973148575865483,0.00011973620010130954,0.0001197409089939071,0.00011974561244157476,0.00011975031044907561,0.00011975500302152973,0.00011975969016390144,0.00011976437188133001,0.00011976904817877405,0.00011977371906119722,0.00011977838453357832,0.00011978304460092198,0.00011978769926838717,0.0001197923485405544,0.00011979699242261325,0.00011980163091952134,0.0001198062640362179,0.00011981089177768702,0.00011981551414909978,0.00011982013115472731,0.00011982474280017614,0.00011982934909016583,0.00011983395002963741,0.00011983854562347586,0.00011984313587668332,0.00011984772079423767,0.00011985230038080762,0.00011985687464151056,0.00011986144358120377,0.0001198660072047992,0.00011987056551701366,0.00011987511852308443,0.00011987966622772953,0.00011988420863587555,0.00011988874575235942,0.0001198932775820492,0.00011989780412979856,0.00011990232540052699,0.00011990684139905171,0.00011991135213025558,0.00011991585759896774,0.00011992035781005568,0.00011992485276840494,0.00011992934247881294,0.00011993382694612307,0.00011993830617533673,0.00011994278017094552,0.00011994724893794058,0.00011995171248114123,0.00011995617080536504,0.00011996062391541846,0.00011996507181610464,0.00011996951451221674,0.0001199739520085608,0.00011997838430994274,0.00011998281142113759,0.00011998723334695801,0.00011999165009216918,0.00011999606166107531,0.00012000046805933637,0.00012000486929129224,0.00012000926536171246,0.00012001365627531299,0.00012001804203687907,0.000120022422651157,0.00012002679812221116,0.00012003116845614452,0.00012003553365700799,0.00012003989372954356,0.00012004424867845907,0.00012004859850859566,0.00012005294322446862,0.00012005728283089539,0.00012006161733258352,0.00012006594673422445,0.00012007027104059988,0.00012007459025628165,0.00012007890438600331,0.00012008321343449058,0.00012008751740642542,0.00012009181630646355,0.00012009611013920248,0.0001201003989094572,0.00012010468262220658,0.00012010896128143783,0.00012011323489209774,0.00012011750345885718,0.0001201217669863585,0.00012012602547928,0.00012013027894220807,0.00012013452737984978,0.00012013877079680954,0.00012014300919771117,0.00012014724258716463,0.00012015147097002604,0.00012015569435049498,0.00012015991273328567,0.00012016412612320415,0.00012016833452469856,0.00012017253794248937,0.00012017673638106474,0.0001201809298450944,0.00012018511833912092,0.00012018930186774683,0.00012019348043554469,0.00012019765404727783,0.00012020182270715289,0.00012020598641998444,0.00012021014519015198,0.00012021429902230533,0.0001202184479210492,0.0001202225918908493,0.0001202267309366927,0.00012023086506232581,0.00012023499427274152,0.00012023911857241976,0.00012024323796588713,0.0001202473524576549,0.00012025146205227811,0.00012025556675426064,0.000120259666568115,0.00012026376149834085,0.00012026785154966035,0.00012027193672616177,0.00012027601703273058,0.00012028009247343313,0.00012028416305302891,0.00012028822877592592,0.00012029228964666022,0.00012029634566975142,0.00012030039684952106,0.0001203044431905688,0.00012030848469731453,0.00012031252137419829,0.0001203165532258689,0.00012032058025645191,0.00012032460247055671,0.00012032861987281024,0.00012033263246725965,0.00012033664025853202,0.00012034064325104689,0.00012034464144926633,0.00012034863485751422,0.00012035262348037773,0.0001203566073221622,0.00012036058638732088,0.00012036456068022917,0.00012036853020522593,0.00012037249496690674,0.0001203764549695564,0.00012038041021731388,0.00012038436071501,0.000120388306466818,0.00012039224747711037,0.00012039618375028524,0.0001204001152906893,0.00012040404210298262,0.00012040796419098758,0.0001204118815593175,0.00012041579421231377,0.00012041970215435658,0.0001204236053897814,0.00012042750392288782,0.00012043139775820171,0.00012043528689981706,0.00012043917135217413,0.0001204430511195741,0.00012044692620634462,0.00012045079661678563,0.00012045466235527796,0.0001204585234260917,0.00012046237983354267,0.00012046623158190682,0.00012047007867549841,0.0001204739211186534,0.00012047775891564226,0.00012048159207072788,0.00012048542058816761,0.00012048924447232093,0.00012049306372732699,0.00012049687835765105,0.00012050068836742205,0.0001205044937609887,0.00012050829454261379,0.00012051209071649546,0.00012051588228676576,0.00012051966925791317,0.00012052345163423302,0.00012052722941965151,0.00012053100261787402,0.00012053477123450257,0.00012053853527310509,0.00012054229473776737,0.00012054604963295318,0.00012054979996285034,0.00012055354573149909,0.00012055728694319275,0.00012056102360214076,0.00012056475571252222,0.00012056848327856749,0.00012057220630446134,0.00012057592479437627,0.00012057963875263046,0.000120583348183094,0.00012058705309024105,0.00012059075347816087,0.00012059444935110764,0.00012059814071301839,0.00012060182756822789,0.00012060550992084101,0.00012060918777515985,0.00012061286113510495,0.00012061653000494187,0.00012062019438880667,0.0001206238542909489,0.00012062750971530068,0.00012063116066608348,0.00012063480714744126,0.00012063844916350465,0.00012064208671838696,0.00012064571981614246,0.00012064934846104507,0.00012065297265676306,0.00012065659240806636,0.0001206602077189745,0.00012066381859323282,0.00012066742503493187,0.00012067102704831916,0.00012067462463745799,0.00012067821780655475,0.0001206818065594557,0.00012068539090034554,0.00012068897083329035,0.00012069254636244979,0.00012069611749175216,0.000120699684225287,0.00012070324656699802,0.0001207068045212821,0.00012071035809207897,0.00012071390728329149,0.00012071745209922246,0.00012072099254350193,0.00012072452862038898,0.00012072806033380252,0.00012073158768799233,0.00012073511068683154,0.00012073862933439737,0.00012074214363469533,0.00012074565359174457,0.00012074915920955082,0.00012075266049218669,0.00012075615744345784,0.00012075965006753283,0.00012076313836840858,0.00012076662235003746,0.00012077010201644862,0.00012077357737148628,0.00012077704841922376,0.0001207805151637071,0.00012078397760882335,0.00012078743575848563,0.00012079088961689885,0.00012079433918781379,0.00012079778447525304,0.00012080122548317408,0.00012080466221558267,0.00012080809467626047,0.00012081152286930236,0.00012081494679863656,0.00012081836646814803,0.00012082178188178572,0.00012082519304350292,0.0001208285999571743,0.00012083200262670717,0.00012083540105620327,0.0001208387952494286,0.00012084218521032352,0.00012084557094277374,0.00012084895245075763,0.00012085232973817685,0.00012085570280885433,0.00012085907166664545,0.00012086243631585329,0.00012086579675968181,0.0001208691530023603,0.00012087250504782412,0.00012087585289964927,0.00012087919656216915,0.00012088253603908993,0.00012088587133412335,0.00012088920245117905,0.00012089252939421784,0.00012089585216704197,0.0001208991707735129,0.00012090248521747475,0.00012090579550276419,0.00012090910163323166,0.00012091240361269883,0.00012091570144505905,0.00012091899513408397,0.00012092228468362232,0.00012092557009749558,0.00012092885137946074,0.00012093212853346144,0.00012093540156331642,0.0001209386704726128,0.0001209419352654033,0.0001209451959454065,0.00012094845251641158,0.00012095170498222032,0.00012095495334664195,0.00012095819761344765,0.00012096143778640704,0.0001209646738692619,0.00012096790586591609,0.00012097113378008444,0.0001209743576155263,0.00012097757737604261,0.00012098079306534932,0.00012098400468718825,0.00012098721224542154,0.00012099041574375228,0.00012099361518589032,0.00012099681057590692,0.0001210000019169811,0.000121003189213127,0.00012100637246798495,0.00012100955168552073,0.00012101272686929941,0.00012101589802313603,0.00012101906515065908,0.00012102222825562249,0.00012102538734173607,0.00012102854241275137,0.00012103169347236772,0.0001210348405242309,0.00012103798357220365,0.00012104112261980772,0.00012104425767082595,0.0001210473887290121,0.00012105051579804113,0.00012105363888140394,0.00012105675798292142,0.00012105987310626697,0.00012106298425527445,0.00012106609143327375,0.00012106919464416621,0.0001210722938916134,0.00012107538917916832,0.00012107848051066843,0.00012108156788955339,0.00012108465131965323,0.00012108773080454401,0.000121090806347984,0.00012109387795340257,0.00012109694562457901,0.00012110000936510596,0.00012110306917864463,0.00012110612506880818,0.00012110917703930124,0.00012111222509332464,0.0001211152692351334,0.00012111830946802997,0.00012112134579568024,0.00012112437822163479,0.00012112740674960517,0.000121130431383119,0.00012113345212573042,0.00012113646898108502,0.00012113948195272874,0.00012114249104434597,0.00012114549625930767,0.00012114849760149239,0.000121151495074397,0.00012115448868156014,0.00012115747842655592,0.0001211604643129948,0.00012116344634459799,0.0001211664245244637,0.00012116939885673305,0.00012117236934435989,0.00012117533599092611,0.00012117829880065273,0.00012118125777652096,0.00012118421292224621,0.00012118716424160873,0.00012119011173762373,0.00012119305541409199,0.0001211959952746094,0.00012119893132259022,0.00012120186356159156,0.00012120479199529758,0.00012120771662697333,0.00012121063746022275,0.00012121355449858535,0.00012121646774565478,0.0001212193772047566,0.00012122228287947359,0.00012122518477336077,0.00012122808288991856,0.00012123097723251955,0.00012123386780473523,0.00012123675460998977,0.00012123963765182096,0.00012124251693371305,0.00012124539245910896,0.0001212482642314991,0.00012125113225433465,0.00012125399653118233,0.00012125685706539442,0.00012125971386048406,0.00012126256691986676,0.00012126541624694919,0.00012126826184535152,0.00012127110371833871,0.00012127394186962287,0.00012127677630236275,0.00012127960702009016,0.00012128243402624,0.00012128525732426417,0.00012128807691752127,0.00012129089280955427,0.00012129370500368632,0.00012129651350339624,0.00012129931831224232,0.00012130211943336532,0.00012130491687026503,0.00012130771062637641,0.00012131050070510294,0.00012131328710985,0.00012131606984401398,0.00012131884891098763,0.00012132162431416776,0.00012132439605694668,0.00012132716414272664,0.00012132992857485781,0.00012133268935667866,0.00012133544649160241,0.00012133819998301227,0.00012134094983426216,0.00012134369604872951,0.0001213464386297878,0.00012134917758086202,0.00012135191290516704,0.00012135464460614491,0.00012135737268711105,0.0001213600971514443,0.00012136281800241366,0.00012136553524346434,0.00012136824887789934,0.00012137095890887742,0.00012137366534007972,0.00012137636817466118,0.00012137906741594425,0.0001213817630672561,0.00012138445513191837,0.00012138714361320494,0.00012138982851452812,0.00012139250983915853,0.00012139518759037214,0.0001213978617715329,0.00012140053238583503,0.00012140319943668223,0.00012140586292732781,0.00012140852286107247,0.00012141117924122702,0.00012141383207110871,0.00012141648135422154,0.00012141912709316658,0.00012142176929170666,0.00012142440795304334,0.00012142704308047228,0.00012142967467715897,0.00012143230274652853,0.00012143492729174662,0.00012143754831610183,0.00012144016582284656,0.00012144277981514961,0.00012144539029644505,0.00012144799726997456,0.00012145060073876717,0.00012145320070620794,0.00012145579717544921,0.00012145839014984517,0.0001214609796325779,0.00012146356562690104,0.00012146614813599333,0.00012146872716310695,0.00012147130271146767,0.00012147387478430182,0.00012147644338480869,0.00012147900851597321,0.00012148157018145194,0.00012148412838440471,0.00012148668312768999,0.00012148923441469116,0.0001214917822488625,0.00012149432663282326,0.00012149686757011745,0.00012149940506393733,0.00012150193911739717,0.00012150446973369395,0.00012150699691609958,0.00012150952066766677,0.000121512040991684,0.00012151455789120054,0.0001215170713694422,0.00012151958142956633,0.00012152208807474709,0.00012152459130814733,0.00012152709113290816,0.00012152958755221628,0.00012153208056913856,0.00012153457018694397,0.00012153705640874135,0.00012153953923762768,0.0001215420186770358,0.00012154449472957424,0.00012154696739865373,0.00012154943668734603,0.00012155190259885604,0.0001215543651363261,0.00012155682430277441,0.00012155928010138423,0.00012156173253520973,0.00012156418160739787,0.00012156662732113031,0.0001215690696794952,0.0001215715086856252,0.00012157394434246886,0.00012157637665321787,0.00012157880562098164,0.0001215812312488924,0.00012158365353993333,0.00012158607249731136,0.0001215884881240835,0.00012159090042333341,0.00012159330939819417,0.00012159571505150143,0.0001215981173865045,0.00012160051640631805,0.00012160291211391339,0.00012160530451238952,0.00012160769360482321,0.00012161007939428396,0.00012161246188379625,0.00012161484107642813,0.00012161721697535946,0.00012161958958339133,0.00012162195890371443,0.00012162432493941164,0.00012162668769337809,0.00012162904716873028,0.00012163140336852597,0.0001216337562957405,0.00012163610595353506,0.00012163845234475591,0.00012164079547245789,0.00012164313533977828,0.00012164547194970142,0.00012164780530523012,0.00012165013540933205,0.00012165246226506701,0.00012165478587540379,0.00012165710624334559,0.00012165942337193211,0.00012166173726415469,0.00012166404792302276,0.00012166635535145644,0.00012166865955248687,0.00012167096052912777,0.00012167325828439552,0.00012167555282117111,0.00012167784414250928,0.00012168013225141826,0.00012168241715076542,0.00012168469884367092,0.00012168697733291444,0.00012168925262152058,0.00012169152471230956,0.00012169379360863486,0.0001216960593133006,0.0001216983218291349,0.00012170058115919134,0.00012170283730634022,0.0001217050902735917,0.00012170734006379921,0.00012170958668006776,0.00012171183012522826,0.0001217140704022191,0.00012171630751401941,0.00012171854146354296,0.00012172077225370047,0.0001217229998873863,0.00012172522436758139,0.00012172744569716553,0.00012172966387906378,0.00012173187891616156,0.00012173409081145182,0.00012173629956781191,0.000121738505188141,0.0001217407076753051,0.00012174290703229721,0.00012174510326195981,0.00012174729636715727,0.00012174948635081249,0.00012175167321587062,0.00012175385696515026,0.00012175603760148825,0.00012175821512785311,0.00012176038954714389,0.00012176256086215811,0.00012176472907580576,0.00012176689419098757,0.00012176905621052786,0.00012177121513737802,0.00012177337097427722,0.00012177552372416807,0.00012177767338986984,0.00012177981997425823,0.0001217819634801765,0.00012178410391049727,0.0001217862412680525,0.00012178837555572417,0.00012179050677629966,0.00012179263493264978,0.00012179476002759809,0.0001217968820640229,0.00012179900104469981,0.00012180111697246858,0.0001218032298500491,0.00012180533968051958,0.00012180744646655734,0.00012180955021100944,0.00012181165091667945,0.00012181374858637122,0.00012181584322275376,0.0001218179348289423,0.00012182002340760356,0.00012182210896141244,0.00012182419149340633,0.00012182627100620667,0.00012182834750287336,0.00012183042098584382,0.00012183249145806055,0.00012183455892237817,0.00012183662338149267,0.00012183868483820417,0.00012184074329525256,0.00012184279875549322,0.00012184485122167517,0.00012184690069665525,0.0001218489471830565,0.00012185099068367193,0.00012185303120140761,0.00012185506873889288,0.00012185710329888524,0.00012185913488433212,0.00012186116349768852,0.00012186318914182869,0.0001218652118195314,0.00012186723153355743,0.00012186924828669799,0.00012187126208158523,0.00012187327292107339,0.00012187528080776312,0.00012187728574453825,0.00012187928773401899,0.00012188128677899875,0.0001218832828821594,0.00012188527604622044,0.00012188726627393958,0.00012188925356818542,0.00012189123793136834,0.0001218932193663593,0.00012189519787587072,0.00012189717346262973,0.00012189914612934295,0.00012190111587860998,0.00012190308271334708,0.00012190504663610193,0.00012190700764960397,0.00012190896575656577,0.00012191092095960974,0.00012191287326146684,0.00012191482266484606,0.00012191676917264191,0.00012191871278710577,0.000121920653511165,0.00012192259134744209,0.00012192452629865935,0.00012192645836745728,0.00012192838755651631,0.000121930313868485,0.00012193223730604818,0.00012193415787190313,0.00012193607556868367,0.00012193799039914609,0.00012193990236571631,0.0001219418114711632,0.00012194371771827097,0.00012194562110944502,0.00012194752164746575,0.00012194941933498157,0.00012195131417462398,0.00012195320616904665,0.00012195509532081752,0.00012195698163261895,0.00012195886510708368,0.00012196074574686894,0.00012196262355457288,0.00012196449853282501,0.00012196637068423387,0.00012196824001140652,0.0001219701065170412,0.00012197197020363595,0.00012197383107389417,0.00012197568913036114,0.00012197754437577829,0.00012197939681254848,0.00012198124644353208,0.00012198309327101594,0.00012198493729778442,0.00012198677852637673,0.00012198861695941327,0.0001219904525994885,0.00012199228544918758,0.00012199411551109919,0.00012199594278779419,0.00012199776728190056,0.00012199958899593798,0.00012200140793250865,0.00012200322409420243,0.00012200503748355858,0.0001220068481031655,0.00012200865595563774,0.00012201046104351452,0.00012201226336926094,0.00012201406293554531,0.0001220158597448548,0.00012201765379978504,0.00012201944510288436,0.00012202123365671671,0.00012202301946380766,0.00012202480252671457,0.00012202658284798126,0.00012202836043017863,0.00012203013527579581,0.00012203190738735156,0.00012203367676747771,0.00012203544341861956,0.00012203720734324527,0.00012203896854407698,0.0001220407270235573,0.00012204248278417594,0.00012204423582843553,0.00012204598615890423,0.00012204773377804713,0.00012204947868844953,0.00012205122089254296,0.0001220529603929119,0.00012205469719198816,0.00012205643129233918,0.0001220581626964135,0.00012205989140676644,0.00012206161742586667,0.00012206334075620917,0.00012206506140025872,0.00012206677936056016,0.00012206849463957768,0.00012207020723979599,0.00012207191716369706,0.00012207362441377524,0.00012207532899251476,0.00012207703090231592,0.00012207873014575787,0.00012208042672525016,0.00012208212064328573,0.00012208381190229332,0.00012208550050480174,0.00012208718645320406,0.00012208886975003877,0.00012209055039773454,0.00012209222839861263,0.00012209390375536542,0.00012209557647034627,0.00012209724654600447,0.00012209891398476679,0.000122100578789086,0.0001221022409614151,0.00012210390050417452,0.00012210555741982098,0.00012210721171075541,0.00012210886337943774,0.00012211051242836963,0.0001221121588598726,0.00012211380267643313,0.000122115443880421,0.00012211708247431246,0.00012211871846051322,0.00012212035184140974,0.00012212198261944628,0.00012212361079704635,0.00012212523637663504,0.0001221268593605893,0.00012212847975133525,0.00012213009755124253,0.0001221317127628416,0.0001221333253883544,0.0001221349354302581,0.00012213654289094735,0.00012213814777279765,0.00012213975007830055,0.0001221413498097378,0.00012214294696948346,0.00012214454155986957,0.00012214613358347236,0.00012214772304254646,0.00012214930993949562,0.00012215089427662157,0.0001221524760564408,0.0001221540552813681,0.00012215563195358713,0.0001221572060753801,0.00012215877764941454,0.0001221603466779396,0.00012216191316329338,0.0001221634771078011,0.00012216503851387783,0.00012216659738385042,0.00012216815372007112,0.00012216970752486434,0.00012217125880063063,0.0001221728075496898,0.00012217435377438513,0.00012217589747703293,0.00012217743866002842,0.00012217897732561401,0.0001221805134762502,0.00012218204711420482,0.00012218357824187823,0.0001221851068614755,0.00012218663297538571,0.0001221881565859012,0.0001221896776953727,0.00012219119630614604,0.00012219271242051228,0.00012219422604064847,0.00012219573716917183,0.0001221972458082108,0.00012219875196009492,0.00012220025562713344,0.0001222017568116287,0.00012220325551588531,0.00012220475174220375,0.00012220624549288592,0.000122207736770224,0.00012220922557653176,0.00012221071191406823,0.00012221219578514058,0.00012221367719203856,0.00012221515613704782,0.00012221663262245295,0.00012221810665052337,0.00012221957822356057,0.00012222104734374787,0.00012222251401354292,0.0001222239782351057,0.00012222544001072537,0.00012222689934269062,0.0001222283562332018,0.00012222981068459434,0.00012223126269910825,0.00012223271227900125,0.0001222341594265398,0.0001222356041439804,0.00012223704643357403,0.0001222384862975783,0.00012223992373757778,0.00012224135875714529,0.00012224279135786268,0.00012224422154197967,0.00012224564931173336,0.0001222470746693645,0.0001222484976171744,0.0001222499181572787,0.00012225133629197192,0.000122252752023483,0.0001222541653540493,0.00012225557628595037,0.00012225698482130564,0.00012225839096238595,0.00012225979471139922,0.00012226119607060073,0.00012226259504219842,0.0001222639916283993,0.0001222653858313866,0.00012226677765343372,0.00012226816709672467,0.00012226955416341838,0.00012227093885583022,0.00012227232117608108,0.00012227370112639146,0.00012227507870895648,0.0001222764539260429,0.0001222778267797258,0.00012227919727225258,0.00012228056540568614,0.000122281931182529,0.0001222832946047447,0.00012228465567453556,0.00012228601439411103,0.00012228737076569197,0.0001222887247913772,0.00012229007647338171,0.00012229142581388416,0.00012229277281506672,0.0001222941174790721,0.0001222954598080971,0.00012229679980429995,0.00012229813746983005,0.00012229947280687444,0.00012230080581759003,0.00012230213650413625,0.00012230346486868856,0.0001223047909133487,0.0001223061146403189,0.00012230743605174196,0.00012230875514992668,0.0001223100719366808,0.00012231138641432418,0.00012231269858502098,0.0001223140084508737,0.0001223153160140411,0.00012231662127665713,0.00012231792424086108,0.00012231922490878476,0.00012232052328256534,0.0001223218193643265,0.00012232311315620877,0.0001223244046603157,0.00012232569387878324,0.00012232698081362337,0.0001223282654671771,0.00012232954784154818,0.0001223308279386418,0.00012233210576067074,0.00012233338130979336,0.00012233465458809451,0.0001223359255976777,0.00012233719434064764,0.00012233846081910986,0.00012233972503516923,0.00012234098699091917,0.0001223422466885172,0.00012234350412995845,0.00012234475931743307,0.0001223460122529393,0.0001223472629386193,0.00012234851137655684,0.0001223497575688413,0.0001223510015175307,0.00012235224322476365,0.0001223534826925949,0.00012235471992311518,0.00012235595491833783,0.00012235718768043518,0.0001223584182114349,0.0001223596465133551,0.0001223608725883714,0.00012236209643849902,0.00012236331806575075,0.0001223645374723048,0.00012236575466016163,0.00012236696963138958,0.00012236818238801867,0.0001223693929321484,0.0001223706012658103,0.0001223718073910729,0.00012237301130996284,0.00012237421302453008,0.000122375412536852,0.00012237660984895524,0.00012237780496287092,0.0001223789978806663,0.00012238018860437854,0.000122381377135988,0.00012238256347761115,0.00012238374763125077,0.0001223849295989397,0.00012238610938270444,0.00012238728698457635,0.00012238846240657516,0.00012238963565074768,0.00012239080671908628,0.0001223919756136277,0.0001223931423363887,0.00012239430688937484,0.00012239546927455194,0.00012239662949405217,0.00012239778754972807,0.00012239894344380882,0.00012240009717823588,0.0001224012487549128,0.0001224023981759098,0.00012240354544317594,0.00012240469055877748,0.00012240583352485533,0.0001224069743430733,0.00012240811301558955,0.00012240924954439852,0.00012241038393147736,0.00012241151617881617,0.00012241264628839245,0.00012241377426226545,0.0001224149001023723,0.0001224160238107339,0.00012241714538924317,0.00012241826483992493,0.0001224193821647722,0.00012242049736578962,0.00012242161044487623,0.00012242272140402236,0.0001224238302452216,0.00012242493697037614,0.0001224260415815783,0.00012242714408069126,0.00012242824446967289,0.00012242934275053367,0.00012243043892520793,0.00012243153299567005,0.00012243262496386647,0.0001224337148317511,0.00012243480260124213,0.00012243588827438816,0.0001224369718530195,0.00012243805333919257,0.00012243913273472394,0.00012244021004163212,0.000122441285261835,0.00012244235839729115,0.00012244342944995823,0.00012244449842171903,0.0001224455653144829,0.00012244663013020663,0.00012244769287092676,0.00012244875353850443,0.00012244981213490783,0.0001224508686619113,0.00012245192312153877,0.00012245297551576273,0.00012245402584638957,0.00012245507411539616,0.00012245612032470057,0.0001224571644762882,0.00012245820657190852,0.00012245924661357188,0.00012246028460315776,0.0001224613205425885,0.0001224623544338037,0.0001224633862786384,0.00012246441607903068,0.00012246544383688292,0.00012246646955408607,0.00012246749323261902,0.0001224685148742188,0.0001224695344808429,0.00012247055205432352,0.00012247156759672665,0.0001224725811098357,0.00012247359259552544,0.0001224746020557455,0.00012247560949226973,0.00012247661490713703,0.00012247761830202553,0.00012247861967897307,0.00012247961903974258,0.0001224806163862545,0.0001224816117204217,0.00012248260504418756,0.0001224835963591867,0.00012248458566741795,0.00012248557297072808,0.00012248655827103383,0.00012248754157013865,0.00012248852286992696,0.00012248950217221385,0.0001224904794788932,0.00012249145479183572,0.00012249242811289223,0.00012249339944398537,0.00012249436878680343,0.00012249533614328684,0.00012249630151526977,0.00012249726490459997,0.00012249822631312,0.00012249918574264878,0.00012250014319508182,0.00012250109867219448,0.00012250205217588061,0.00012250300370801392,0.00012250395327037091,0.0001225049008646886,0.00012250584649272416,0.00012250679015669076,0.0001225077318581143,0.00012250867159886266,0.00012250960938081578,0.00012251054520576166,0.00012251147907552942,0.000122512410991941,0.00012251334095681398,0.00012251426897192795,0.00012251519503912408,0.00012251611916022238,0.00012251704133701985,0.00012251796157139731,0.0001225188798650187,0.00012251979621976953,0.00012252071063744886,0.00012252162311982866,0.00012252253366881152,0.00012252344228603148,0.00012252434897338756,0.00012252525373265304,0.00012252615656562486,0.00012252705747409454,0.00012252795645985258,0.00012252885352468144,0.0001225297486703278,0.00012253064189873315,0.00012253153321151782,0.0001225324226105044,0.00012253331009743837,0.0001225341956741824,0.00012253507934248517,0.00012253596110410305,0.00012253684096081628,0.00012253771891438092,0.00012253859496659126,0.00012253946911921666,0.00012254034137401234,0.00012254121173277185,0.0001225420801972654,0.00012254294676921701,0.0001225438114503266,0.00012254467424242362,0.000122545535147292,0.00012254639416662646,0.00012254725130220686,0.00012254810655578456,0.00012254895992912647,0.00012254981142400634,0.00012255066104209319,0.00012255150878516129,0.00012255235465498138,0.00012255319865327823,0.00012255404078184465,0.00012255488104232474,0.0001225557194365116,0.0001225565559661404,0.0001225573906329249,0.000122558223438679,0.00012255905438500865,0.00012255988347370576,0.00012256071070648153,0.00012256153608509015,0.00012256235961123827,0.00012256318128666885,0.00012256400111307738,0.00012256481909220465,0.00012256563522575437,0.00012256644951545175,0.00012256726196300914,0.00012256807257014681,0.00012256888133854767,0.00012256968826994903,0.00012257049336608338,0.00012257129662863317,0.00012257209805932308,0.00012257289765980393,0.00012257369543188082,0.00012257449137714345,0.00012257528549733032,0.0001225760777941563,0.00012257686826931604,0.00012257765692450054,0.00012257844376138677,0.00012257922878167513,0.000122580011987077,0.00012258079337925716,0.00012258157295991695,0.0001225823507307318,0.00012258312669339278,0.00012258390084958503,0.0001225846732009813,0.00012258544374925024,0.0001225862124961042,0.00012258697944319408,0.0001225877445921919,0.00012258850794480248,0.00012258926950267144,0.00012259002926744538,0.00012259078724084947,0.00012259154342453345,0.0001225922978201436,0.00012259305042935066,0.00012259380125382487,0.00012259455029524293,0.0001225952975552763,0.0001225960430354993,0.00012259678673762138,0.00012259752866329877,0.00012259826881418266,0.0001225990071919175,0.0001225997437981708,0.00012260047863458138,0.00012260121170278992,0.00012260194300451257,0.0001226026725412626,0.00012260340031476652,0.00012260412632665756,0.00012260485057858994,0.00012260557307216342,0.00012260629380903305,0.00012260701279083385,0.00012260773001919947,0.00012260844549573992,0.00012260915922213724,0.00012260987119998087,0.00012261058143096725,0.0001226112899166166,0.00012261199665863603,0.0001226127016585858,0.00012261340491814075,0.00012261410643888234,0.00012261480622245729,0.0001226155042703764,0.00012261620058444075,0.0001226168951661781,0.00012261758801720106,0.00012261827913912597,0.0001226189685335501,0.00012261965620208624,0.0001226203421463455,0.00012262102636794478,0.00012262170886846016,0.00012262238964948522,0.00012262306871265962,0.00012262374605958098,0.00012262442169182536,0.00012262509561100624,0.00012262576781871357,0.00012262643831652636,0.00012262710710606535,0.0001226277741889075,0.0001226284395666433,0.00012262910324085423,0.0001226297652131331,0.00012263042548506245,0.0001226310840582244,0.0001226317409342031,0.00012263239611464793,0.00012263304960100454,0.00012263370139488702,0.00012263435149793053,0.0001226349999116807,0.00012263564663769495,0.00012263629167757472,0.000122636935032876,0.00012263757670518335,0.00012263821669603308,0.0001226388550069425,0.00012263949163960862,0.0001226401265955287,0.00012264075987627234,0.0001226413914833802,0.00012264202141838384,0.0001226426496829187,0.00012264327627848736,0.00012264390120667474,0.00012264452446901988,0.00012264514606707256,0.00012264576600238544,0.00012264638427650522,0.0001226470008909764,0.0001226476158473516,0.00012264822914717806,0.00012264884079198947,0.00012264945078334643,0.00012265005912276322,0.0001226506658117906,0.00012265127085196807,0.00012265187424483206,0.00012265247599192646,0.00012265307609478197,0.00012265367455490257,0.00012265427137383956,0.00012265486655312064,0.00012265546009429483,0.00012265605199884957,0.00012265664226833182,0.000122657230904258,0.0001226578179081753,0.00012265840328156525,0.00012265898702596377,0.0001226595691428927,0.00012266014963385326,0.00012266072850038818,0.00012266130574399228,0.00012266188136613232,0.0001226624553684641,0.00012266302775235986,0.00012266359851936996,0.00012266416767100442,0.00012266473520875648,0.00012266530113414832,0.00012266586544867577,0.00012266642815384008,0.00012266698925113967,0.00012266754874207155,0.00012266810662813727,0.00012266866291082978,0.00012266921759164162,0.00012266977067207463,0.0001226703221536065,0.00012267087203774121,0.0001226714203259594,0.00012267196701974236,0.00012267251212059107,0.00012267305562999365,0.00012267359754941255,0.00012267413788034605,0.0001226746766242594,0.0001226752137826519,0.00012267574935698853,0.0001226762833487544,0.00012267681575942117,0.0001226773465904187,0.00012267787584330824,0.00012267840351953358,0.00012267892962052445,0.00012267945414779204,0.00012267997710276458,0.00012268049848692818,0.00012268101830174648,0.00012268153654867975,0.00012268205322919288,0.00012268256834474913,0.00012268308189679924,0.000122683593886788,0.00012268410431622503,0.00012268461318651227,0.00012268512049912352,0.00012268562625550327,0.00012268613045712812,0.0001226866331054132,0.00012268713420177275,0.0001226876337477577,0.00012268813174475345,0.0001226886281942099,0.00012268912309756745,0.00012268961645625775,0.00012269010827174937,0.00012269059854547073,0.0001226910872788514,0.0001226915744733224,0.00012269206013033716,0.0001226925442513288,0.00012269302683770063,0.0001226935078909142,0.00012269398741239322,0.00012269446540356355,0.00012269494186585572,0.00012269541680068555,0.0001226958902094877,0.00012269636209367993,0.0001226968324546811,0.00012269730129392108,0.00012269776861280104,0.00012269823441276998,0.00012269869869522545,0.00012269916146157521,0.0001226996227132547,0.00012270008245164702,0.00012270054067820132,0.00012270099739433441,0.00012270145260140486,0.00012270190630084336,0.0001227023584940594,0.00012270280918245775,0.00012270325836743207,0.00012270370605039856,0.0001227041522327343,0.00012270459691587432,0.00012270504010122114,0.00012270548179014684,0.00012270592198405808,0.0001227063606843516,0.00012270679789240643,0.00012270723360962164,0.00012270766783739208,0.00012270810057710615,0.00012270853183015144,0.0001227089615979154,0.00012270938988178423,0.0001227098166831431,0.00012271024200337307,0.00012271066584385902,0.00012271108820598468,0.00012271150909111829,0.00012271192850059814,0.00012271234643588183,0.0001227127628983237,0.00012271317788928963,0.00012271359141015004,0.00012271400346227542,0.00012271441404702958,0.0001227148231657449,0.00012271523081988834,0.00012271563701077027,0.0001227160417397544,0.00012271644500821486,0.00012271684681750708,0.0001227172471689949,0.00012271764606403132,0.00012271804350398626,0.0001227184394902206,0.0001227188340240649,0.00012271922710691113,0.00012271961874010326,0.00012272000892499238,0.00012272039766291845,0.00012272078495524817,0.00012272117080332142,0.00012272155520850656,0.00012272193817212707,0.0001227223196955179,0.00012272269978003873,0.0001227230784270397,0.00012272345563785775,0.00012272383141383154,0.0001227242057563265,0.00012272457866663785,0.00012272495014611855,0.00012272532019609803,0.00012272568881793047,0.00012272605601298288,0.00012272642178249375,0.00012272678612784522,0.00012272714905036406,0.00012272751055137238,0.00012272787063221519,0.00012272822929420803,0.00012272858653868327,0.00012272894236692097,0.0001227292967803099,0.00012272964978013852,0.00012273000136772843,0.00012273035154440582,0.00012273070031147899,0.00012273104767026064,0.00012273139362207398,0.000122731738168239,0.00012273208131005566,0.0001227324230488504,0.00012273276338592163,0.00012273310232257875,0.00012273343986013324,0.00012273377599989263,0.00012273411074320494,0.0001227344440912745,0.00012273477604546695,0.000122735106607075,0.00012273543577740186,0.0001227357635577459,0.00012273608994940952,0.00012273641495368271,0.0001227367385718664,0.0001227370608052523,0.0001227373816551366,0.00012273770112281157,0.00012273801920956295,0.0001227383359166874,0.000122738651245471,0.00012273896519720515,0.0001227392777731707,0.0001227395889746565,0.00012273989880294515,0.0001227402072593299,0.00012274051434507088,0.0001227408200614556,0.0001227411244097898,0.00012274142739131035,0.00012274172900731507,0.00012274202925907816,0.00012274232814787463,0.00012274262567497403,0.00012274292184166747,0.000122743216649198,0.0001227435100988486,0.00012274380219188795,0.00012274409292961275,0.00012274438231323117,0.0001227446703440402,0.00012274495702330098,0.00012274524235227893,0.00012274552633223098,0.00012274580896442155,0.00012274609025011472,0.0001227463701905608,0.00012274664878701803,0.0001227469260407456,0.00012274720195301714,0.00012274747652504895,0.000122747749758109,0.00012274802165345295,0.00012274829221233142,0.00012274856143598808,0.00012274882932567443,0.000122749095882637,0.00012274936110811177,0.00012274962500336383,0.0001227498875696224,0.00012275014880813555,0.00012275040872014174,0.00012275066730688266,0.00012275092456959677,0.0001227511805095194,0.00012275143512788836,0.00012275168842593832,0.0001227519404049131,0.0001227521910660311,0.0001227524404105267,0.00012275268843964156,0.00012275293515459743,0.0001227531805566116,0.0001227534246469323,0.00012275366742677766,0.0001227539088973782,0.00012275414905994815,0.0001227543879157306,0.0001227546254659205,0.00012275486171175112,0.00012275509665443738,0.00012275533029521178,0.00012275556263527602,0.00012275579367585266,0.00012275602341815792,0.0001227562518633971,0.00012275647901279697,0.00012275670486756852,0.00012275692942893246,0.00012275715269806259,0.00012275737467618808,0.00012275759536451363,0.00012275781476425005,0.00012275803287660066,0.00012275824970276925,0.0001227584652439579,0.00012275867950137215,0.0001227588924762078,0.00012275910416966704,0.00012275931458294624,0.00012275952371724617,0.00012275973157376398,0.0001227599381536914,0.00012276014345822238,0.00012276034748855157,0.00012276055024586954,0.00012276075173137436,0.00012276095194624603,0.00012276115089167788,0.00012276134856887145,0.000122761544978984,0.00012276174012321425,0.0001227619340027493,0.00012276212661877037,0.0001227623179724618,0.0001227625080650017,0.0001227626968975722,0.00012276288447134908,0.00012276307078751942,0.0001227632558472486,0.00012276343965172303,0.0001227636222021037,0.00012276380349957164,0.00012276398354529877,0.0001227641623404578,0.00012276433988622765,0.0001227645161837573,0.000122764691234226,0.00012276486503880085,0.00012276503759864544,0.00012276520891492677,0.000122765378988809,0.00012276554782144624,0.00012276571541401668,0.00012276588176765867,0.00012276604688355816,0.0001227662107628591,0.00012276637340672512,0.00012276653481630158,0.0001227666949927547,0.00012276685393724373,0.00012276701165090368,0.00012276716813489343,0.00012276732339036326,0.00012276747741846186,0.00012276763022035306,0.00012276778179718122,0.00012276793215008002,0.00012276808128020144,0.0001227682291886966,0.0001227683758766964,0.00012276852134535113,0.00012276866559579917,0.000122768808629185,0.00012276895044664558,0.0001227690910493256,0.00012276923043835248,0.00012276936861486682,0.0001227695055800104,0.0001227696413349039,0.00012276977588068831,0.00012276990921849802,0.00012277004134946177,0.00012277017227471006,0.00012277030199537203,0.00012277043051259036,0.0001227705578274609,0.00012277068394112646,0.00012277080885471172,0.00012277093256934018,0.00012277105508613442,0.00012277117640622435,0.00012277129653071587,0.0001227714154607364,0.00012277153319740437,0.00012277164974183895,0.00012277176509514474,0.0001227718792584587,0.0001227719922328843,0.0001227721040195357,0.00012277221461952563,0.0001227723240339669,0.0001227724322639603,0.00012277253931064293,0.0001227726451750943,0.0001227727498584308,0.000122772853361762,0.00012277295568618568,0.00012277305683281765
10,0.0,0.0,0.0,0.0,0.0,0.0,0.0,0.0,0.0,0.0,0.0,0.0,0.0,0.0,0.0,0.0,0.0,0.0,0.0,0.0,0.0,0.0,0.0,0.0,0.0,0.0,0.0,0.0,0.0,0.0,0.0,0.0,0.0,0.0,0.0,0.0,0.0,0.0,0.0,0.0,0.0,0.0,0.0,0.0,0.0,0.0,0.0,0.0,0.0,0.0,0.0,0.0,0.0,0.0,0.0,0.0,0.0,0.0,0.0,0.0,0.0,0.0,0.0,0.0,0.0,0.0,0.0,0.0,0.0,0.0,0.0,0.0,0.0,0.0,0.0,0.0,0.0,0.0,0.0,0.0,0.0,0.0,0.0,0.0,0.0,0.0,0.0,0.0,0.0,0.0,0.0,0.0,0.0,0.0,0.0,0.0,0.0,0.0,0.0,0.0,0.0,0.0,0.0,0.0,0.0,0.0,0.0,0.0,0.0,0.0,0.0,0.0,0.0,0.0,0.0,0.0,0.0,0.0,0.0,0.0,0.0,0.0,0.0,0.0,0.0,0.0,0.0,0.0,0.0,0.0,0.0,0.0,0.0,0.0,0.0,0.0,0.0,0.0,0.0,0.0,0.0,0.0,0.0,0.0,0.0,0.0,0.0,0.0,0.0,0.0,0.0,0.0,0.0,0.0,0.0,0.0,0.0,0.0,0.0,0.0,0.0,0.0,0.0,0.0,0.0,0.0,0.0,0.0,0.0,0.0,0.0,0.0,0.0,0.0,0.0,0.0,0.0,0.0,0.0,0.0,0.0,0.0,0.0,0.0,0.0,0.0,0.0,0.0,0.0,0.0,0.0,0.0,0.0,0.0,0.0,0.0,0.0,0.0,0.0,0.0,0.0,0.0,0.0,0.0,0.0,0.0,0.0,0.0,0.0,0.0,0.0,0.0,0.0,0.0,0.0,0.0,0.0,0.0,0.0,0.0,0.0,0.0,0.0,0.0,0.0,0.0,0.0,0.0,0.0,0.0,0.0,0.0,0.0,0.0,0.0,0.0,0.0,0.0,0.0,0.0,0.0,0.0,0.0,0.0,0.0,0.0,0.0,0.0,0.0,0.0,0.0,0.0,0.0,0.0,0.0,0.0,0.0,0.0,0.0,0.0,0.0,0.0,0.0,0.0,0.0,0.0,0.0,0.0,0.0,0.0,0.0,0.0,0.0,0.0,0.0,0.0,0.0,0.0,0.0,0.0,0.0,0.0,0.0,0.0,0.0,0.0,0.0,0.0,0.0,0.0,0.0,0.0,0.0,0.0,0.0,0.0,0.0,0.0,0.0,0.0,0.0,0.0,0.0,0.0,0.0,0.0,0.0,0.0,0.0,0.0,0.0,0.0,0.0,0.0,0.0,0.0,0.0,0.0,0.0,0.0,0.0,0.0,0.0,0.0,0.0,0.0,0.0,0.0,0.0,0.0,0.0,0.0,0.0,0.0,0.0,0.0,0.0,0.0,0.0,0.0,0.0,0.0,0.0,0.0,0.0,0.0,0.0,0.0,0.0,0.0,0.0,0.0,0.0,0.0,0.0,0.0,0.0,0.0,0.0,0.0,0.0,0.0,0.0,0.0,0.0,0.0,0.0,0.0,0.0,0.0,0.0,0.0,0.0,0.0,0.0,0.0,0.0,0.0,0.0,0.0,0.0,0.0,0.0,0.0,0.0,0.0,0.0,0.0,0.0,0.0,0.0,0.0,0.0,0.0,0.0,0.0,0.0,0.0,0.0,0.0,0.0,0.0,0.0,0.0,0.0,0.0,0.0,0.0,0.0,0.0,0.0,0.0,0.0,0.0,0.0,0.0,0.0,0.0,0.0,0.0,0.0,0.0,0.0,0.0,0.0,0.0,0.0,0.0,0.0,0.0,0.0,0.0,0.0,0.0,0.0,0.0,0.0,0.0,0.0,0.0,0.0,0.0,0.0,0.0,0.0,0.0,0.0,0.0,0.0,0.0,0.0,0.0,0.0,0.0,0.0,0.0,0.0,0.0,0.0,0.0,0.0,0.0,0.0,0.0,0.0,0.0,0.0,0.0,0.0,0.0,0.0,0.0,0.0,0.0,0.0,0.0,0.0,0.0,0.0,0.0,0.0,0.0,0.0,0.0,0.0,0.0,0.0,0.0,0.0,0.0,0.0,0.0,0.0,0.0,0.0,0.0,0.0,0.0,0.0,0.0,0.0,0.0,0.0,0.0,0.0,0.0,0.0,0.0,0.0,0.0,0.0,0.0,0.0,0.0,0.0,0.0,0.0,0.0,0.0,0.0,0.0,0.0,0.0,0.0,0.0,0.0,0.0,0.0,0.0,0.0,0.0,0.0,0.0,0.0,0.0,0.0,0.0,0.0,0.0,0.0,0.0,0.0,0.0,0.0,0.0,0.0,0.0,0.0,0.0,0.0,0.0,0.0,0.0,0.0,0.0,0.0,0.0,0.0,0.0,0.0,0.0,0.0,0.0,0.0,0.0,0.0,0.0,0.0,0.0,0.0,0.0,0.0,0.0,0.0,0.0,0.0,0.0,0.0,0.0,0.0,0.0,0.0,0.0,0.0,0.0,0.0,0.0,0.0,0.0,0.0,0.0,0.0,0.0,0.0,0.0,0.0,0.0,0.0,0.0,0.0,0.0,0.0,0.0,0.0,0.0,0.0,0.0,0.0,0.0,0.0,0.0,0.0,0.0,0.0,0.0,0.0,0.0,0.0,0.0,0.0,0.0,0.0,0.0,0.0,0.0,0.0,0.0,0.0,0.0,0.0,0.0,0.0,0.0,0.0,0.0,0.0,0.0,0.0,0.0,0.0,0.0,0.0,0.0,0.0,0.0,0.0,0.0,0.0,0.0,0.0,0.0,0.0,0.0,0.0,0.0,0.0,0.0,0.0,0.0,0.0,0.0,0.0,0.0,0.0,0.0,0.0,0.0,0.0,0.0,0.0,0.0,0.0,0.0,0.0,0.0,0.0,0.0,0.0,0.0,0.0,0.0,0.0,0.0,0.0,0.0,0.0,0.0,0.0,0.0,0.0,0.0,0.0,0.0,0.0,0.0,0.0,0.0,0.0,0.0,0.0,0.0,0.0,0.0,0.0,0.0,0.0,0.0,0.0,0.0,0.0,0.0,0.0,0.0,0.0,0.0,0.0,0.0,0.0,0.0,0.0,0.0,0.0,0.0,0.0,0.0,0.0,0.0,0.0,0.0,0.0,0.0,0.0,0.0,0.0,0.0,0.0,0.0,0.0,0.0,0.0,0.0,0.0,0.0,0.0,0.0,0.0,0.0,0.0,0.0,0.0,0.0,0.0,0.0,0.0,0.0,0.0,0.0,0.0,0.0,0.0,0.0,0.0,0.0,0.0,0.0,0.0,0.0,0.0,0.0,0.0,0.0,0.0,0.0,0.0,0.0,0.0,0.0,0.0,0.0,0.0,0.0,0.0,0.0,0.0,0.0,0.0,0.0,0.0,0.0,0.0,0.0,0.0,0.0,0.0,0.0,0.0,0.0,0.0,0.0,0.0,0.0,0.0,0.0,0.0,0.0,0.0,0.0,0.0,0.0,0.0,0.0,0.0,0.0,0.0,0.0,0.0,0.0,0.0,0.0,0.0,0.0,0.0,0.0,0.0,0.0,0.0,0.0,0.0,0.0,0.0,0.0,0.0,0.0,0.0,0.0,0.0,0.0,0.0,0.0,0.0,0.0,0.0,0.0,0.0,0.0,0.0,0.0,0.0,0.0,0.0,0.0,0.0,0.0,0.0,0.0,0.0,0.0,0.0,0.0,0.0,0.0,0.0,0.0,0.0,0.0,0.0,0.0,0.0,0.0,0.0,0.0,0.0,0.0,0.0,0.0,0.0,0.0,0.0,0.0,0.0,0.0,0.0,0.0,0.0,0.0,0.0,0.0,0.0,0.0,0.0,0.0,0.0,0.0,0.0,0.0,0.0,0.0,0.0,0.0,0.0,0.0,0.0,0.0,0.0,0.0,0.0,0.0,0.0,0.0,0.0,0.0,0.0,0.0,0.0,0.0,0.0,0.0,0.0,0.0,0.0,0.0,0.0,0.0,0.0,0.0,0.0,0.0,0.0,0.0,0.0,0.0,0.0,0.0,0.0,0.0,0.0,0.0,0.0,0.0,0.0,0.0,0.0,0.0,0.0,0.0,0.0,0.0,0.0,0.0,0.0,0.0,0.0,0.0,0.0,0.0,0.0,0.0,0.0,0.0,0.0,0.0,0.0,0.0,0.0,0.0,0.0,0.0,0.0,0.0,0.0,0.0,0.0,0.0,0.0,0.0,0.0,0.0,0.0,0.0,0.0,0.0,0.0,0.0,0.0,0.0,0.0,0.0,0.0,0.0,0.0,0.0,0.0,0.0,0.0,0.0,0.0,0.0,0.0,0.0,0.0,8.93347350857642e-29,2.102393347737405e-28,3.641105922774368e-28,5.523208536952362e-28,7.765318678455201e-28,1.038927090415124e-27,1.3423885944308008e-27,1.6906455765465676e-27,2.0884175885128165e-27,2.541571366323376e-27,3.0573071900512695e-27,3.644389554137412e-27,4.313437575558404e-27,5.077292975690261e-27,5.9514877143991146e-27,6.954839710925804e-27,8.110214089645337e-27,9.445499912848165e-27,1.0994869735445162e-26,1.2800413519486875e-26,1.4914272406765442e-26,1.7401445946954212e-26,2.0343515172503617e-26,2.3843623382141016e-26,2.8033201973048575e-26,3.308114403746154e-26,3.920645145943897e-26,4.669587244448075e-26,5.592880449963331e-26,6.741292647967508e-26,8.183591896865313e-26,1.0014171140414851e-25,1.2364479593598795e-25,1.5420478363487557e-25,1.9449834153229152e-25,2.4845224326688127e-25,3.219498697442191e-25,4.240150903040696e-25,5.688560141332032e-25,7.7951254833172965e-25,1.0946147654414111e-24,1.5814479660336608e-24,2.362463558656184e-24,3.672160243239816e-24,5.987305625630919e-24,1.034866670234951e-23,1.7679659658864225e-23,1.7679659658904498e-23,1.7679659658949052e-23,1.7679659658998934e-23,1.7679659659055666e-23,1.7679659659121426e-23,1.7679659659199644e-23,1.7679659659553353e-23,1.7679659661023364e-23,3.6624616871118386e-23,8.434102836178272e-23,2.2486733037115733e-22,7.318339960677621e-22,3.100158034452359e-21,1.80361415024024e-20,1.4028327047078216e-19,1.2174428198275733e-18,8.083410299438242e-18,8.08341030256304e-18,5.216524316686091e-17,2.409502029673964e-16,8.920632181547537e-16,2.7718857082725695e-15,7.409697661365259e-15,1.735716928010576e-14,3.6263416369782076e-14,6.874502204591553e-14,1.2015478182676348e-13,1.9641450976579773e-13,3.0406516545582765e-13,4.5061562424423405e-13,6.451275316101173e-13,8.987506467875571e-13,1.2247671391459052e-12,1.6378897696712024e-12,2.1530161357005302e-12,2.7839028901395207e-12,3.54212667401088e-12,4.436474120640722e-12,5.472739466269763e-12,6.65383392532688e-12,7.980095754075864e-12,9.449703873835693e-12,1.1059122204491049e-11,1.2803526445626075e-11,1.4677185505696514e-11,1.667378488214498e-11,1.878668940673389e-11,2.100914888065363e-11,2.3334453318961197e-11,2.5756045762389295e-11,2.8267600618917828e-11,3.0863074833835224e-11,3.353673819438778e-11,3.628318799890855e-11,3.909735232252589e-11,4.1974485172089093e-11,4.4910156101420986e-11,4.79002362262171e-11,5.09408820592967e-11,5.402851824655519e-11,5.715981994188609e-11,6.033169535794608e-11,6.354126885144441e-11,6.678586477393902e-11,7.006299222866429e-11,7.33703307965349e-11,7.670571726889372e-11,8.006713336707063e-11,8.345269441988333e-11,8.686063895729571e-11,9.028931916041804e-11,9.373719211307824e-11,9.720281179930585e-11,1.0068482177759605e-10,1.0418194848613562e-10,1.0769299512279131e-10,1.1121683604025347e-10,1.1475241162641803e-10,1.1829872361023103e-10,1.2185483076640614e-10,1.2541984497319415e-10,1.2899292759749817e-10,1.3257328617333043e-10,1.3616017134792044e-10,1.3975287407306086e-10,1.4335072301418712e-10,1.4695308216334018e-10,1.5055934863622817e-10,1.5416895063251934e-10,1.5778134555393945e-10,1.6139601825399345e-10,1.6501247942520834e-10,1.686302640845999e-10,1.722489301945673e-10,1.758680573524421e-10,1.7948724569211008e-10,1.831061144350195e-10,1.8672430116296334e-10,1.9034146072647052e-10,1.9395726432958483e-10,1.9757139867186896e-10,2.0118356514386212e-10,2.0479347907556507e-10,2.084008690297587e-10,2.1200547613644892e-10,2.1560705347646065e-10,2.1920536549095118e-10,2.228001874331299e-10,2.2639130484687874e-10,2.2997851307940485e-10,2.335616168230066e-10,2.3714042967518445e-10,2.4071477373316587e-10,2.44284479201624e-10,2.4784938402684065e-10,2.5140933355026563e-10,2.5496418018028104e-10,2.5851378308329056e-10,2.6205800787549465e-10,2.655967263630195e-10,2.69129816260844e-10,2.726571609482101e-10,2.761786492286448e-10,2.7969417509451617e-10,2.832036375221209e-10,2.867069402602804e-10,2.902039916280014e-10,2.9369470433987923e-10,2.9717899531983106e-10,3.006567855346338e-10,3.041279998296104e-10,3.0759256677717673e-10,3.110504185289525e-10,3.1450149067429796e-10,3.1794572210686183e-10,3.2138305489210297e-10,3.248134341523798e-10,3.2823680794379454e-10,3.316531271449874e-10,3.350623453507887e-10,3.384644187683048e-10,3.418593061192942e-10,3.452469685443598e-10,3.486273695142514e-10,3.52000474740569e-10,3.5536625209507636e-10,3.587246715295313e-10,3.6207570499668383e-10,3.65419326383544e-10,3.6875551143084377e-10,3.720842376720958e-10,3.754054843669327e-10,3.787192324379863e-10,3.8202546441118796e-10,3.8532416435743603e-10,3.886153178386318e-10,3.9189891185186716e-10,3.9517493477917964e-10,3.9844337633786157e-10,4.0170422753272516e-10,4.0495748060772475e-10,4.08203129010551e-10,4.114411673387387e-10,4.1467159130307905e-10,4.1789439768997225e-10,4.2110958432164016e-10,4.243171500195271e-10,4.2751709456875923e-10,4.307094186832589e-10,4.3389412397604657e-10,4.370712129198559e-10,4.4024068882793997e-10,4.43402555810943e-10,4.4655681876008093e-10,4.4970348331266386e-10,4.5284255583664347e-10,4.559740433707764e-10,4.590979536519917e-10,4.6221429504488474e-10,4.653230765473703e-10,4.684243077580666e-10,4.715179988484979e-10,4.74604160558336e-10,4.776828041632999e-10,4.807539414379185e-10,4.838175846728259e-10,4.868737466518685e-10,4.899224406009026e-10,4.929636802032113e-10,4.959974795586782e-10,4.990238531939786e-10,5.020428160278126e-10,5.05054383366714e-10,5.080585708723465e-10,5.110553945727626e-10,5.140448708322256e-10,5.170270163421492e-10,5.200018481073672e-10,5.229693834354031e-10,5.259296399293811e-10,5.288826354531889e-10,5.318283881504335e-10,5.347669164219435e-10,5.376982389120002e-10,5.40622374498376e-10,5.435393422820162e-10,5.464491615819075e-10,5.493518519228496e-10,5.522474330306256e-10,5.551359248111192e-10,5.580173473523025e-10,5.608917209176027e-10,5.637590659323069e-10,5.666194029775682e-10,5.694727527822871e-10,5.723191362168229e-10,5.751585742856706e-10,5.779910881205441e-10,5.808166989731161e-10,5.836354282071547e-10,5.864472972999494e-10,5.892523278278214e-10,5.920505414613925e-10,5.948419599628521e-10,5.976266051798038e-10,6.004044990377095e-10,6.031756635366772e-10,6.059401207559193e-10,6.086978928131974e-10,6.114490019131194e-10,6.141934702972601e-10,6.169313202729763e-10,6.196625741807886e-10,6.223872544112798e-10,6.251053833913426e-10,6.278169835807613e-10,6.305220774689425e-10,6.332206875735078e-10,6.359128364367535e-10,6.385985466162402e-10,6.412778406836042e-10,6.439507412384241e-10,6.466172708746934e-10,6.492774521976196e-10,6.519313078178998e-10,6.545788603443246e-10,6.572201323911023e-10,6.598551465534857e-10,6.62483925433407e-10,6.65106491615541e-10,6.677228676883607e-10,6.703330761956833e-10,6.729371396775497e-10,6.755350806695317e-10,6.781269216781082e-10,6.807126851696488e-10,6.832923935993944e-10,6.858660694090991e-10,6.884337349857494e-10,6.909954126976605e-10,6.935511248827039e-10,6.96100893835784e-10,6.986447418158167e-10,7.011826910476132e-10,7.037147637239949e-10,7.062409819886227e-10,7.087613679428865e-10,7.112759436435727e-10,7.137847311036213e-10,7.162877522905201e-10,7.187850291228387e-10,7.212765834698589e-10,7.237624371539983e-10,7.262426119468592e-10,7.2871712955584e-10,7.311860116500016e-10,7.33649279833261e-10,7.361069556607003e-10,7.385590606254989e-10,7.410056161731806e-10,7.434466436814495e-10,7.458821644722704e-10,7.483121998063225e-10,7.507367708858349e-10,7.531558988499303e-10,7.555696047789013e-10,7.579779096852762e-10,7.603808345217994e-10,7.62778400176111e-10,7.651706274672353e-10,7.675575371533404e-10,7.699391499297861e-10,7.723154864128192e-10,7.746865671688573e-10,7.770524126739422e-10,7.794130433718148e-10,7.817684796071542e-10,7.841187416659932e-10,7.864638497619685e-10,7.88803824042001e-10,7.91138684582876e-10,7.934684513912845e-10,7.957931444033915e-10,7.981127834844253e-10,8.004273884268288e-10,8.02736978941918e-10,8.050415747009286e-10,8.073411952680494e-10,8.096358601574185e-10,8.119255887981997e-10,8.142104005511063e-10,8.164903147053055e-10,8.187653504770657e-10,8.210355270138889e-10,8.233008633711977e-10,8.255613785500622e-10,8.278170914746994e-10,8.300680209930099e-10,8.323141858790281e-10,8.345556048338336e-10,8.367922964813949e-10,8.39024279380966e-10,8.412515720106572e-10,8.434741927715404e-10,8.456921599975476e-10,8.479054919444212e-10,8.501142067953808e-10,8.523183226606826e-10,8.545178575726301e-10,8.567128294960001e-10,8.589032563156822e-10,8.610891558502767e-10,8.632705458292615e-10,8.654474439249112e-10,8.676198677249614e-10,8.697878347522756e-10,8.719513624511271e-10,8.741104681844046e-10,8.762651692535314e-10,8.784154828748152e-10,8.805614262166952e-10,8.827030163441379e-10,8.848402702650371e-10,8.869732049123065e-10,8.891018371415569e-10,8.912261837396028e-10,8.933462614196989e-10,8.954620868220449e-10,8.975736765126936e-10,8.996810470017693e-10,9.01784214692525e-10,9.038831959575816e-10,9.059780070717168e-10,9.08068664235596e-10,9.101551835942504e-10,9.122375812147221e-10,9.143158730909376e-10,9.163900751533237e-10,9.18460203261663e-10,9.205262731837898e-10,9.225883006418519e-10,9.246463012815678e-10,9.267002906785836e-10,9.287502843320028e-10,9.307962976802379e-10,9.328383460909354e-10,9.348764448596107e-10,9.369106092140869e-10,9.389408543151133e-10,9.409671952535022e-10,9.42989647057699e-10,9.450082246746325e-10,9.470229429900004e-10,9.490338168293903e-10,9.510408609433872e-10,9.5304409001973e-10,9.550435186754086e-10,9.57039161463792e-10,9.590310328695658e-10,9.610191473131647e-10,9.630035191486844e-10,9.649841626633812e-10,9.669610920823116e-10,9.689343215614795e-10,9.70903865195348e-10,9.728697370096483e-10,9.748319509696435e-10,9.767905209745066e-10,9.787454608598172e-10,9.806967843973975e-10,9.82644505294354e-10,9.845886371985539e-10,9.865291936909118e-10,9.884661882961736e-10,9.903996344598702e-10,9.923295455844206e-10,9.942559349983231e-10,9.961788159800436e-10,9.980982017340203e-10,1.0000141054075752e-09,1.0019265400896467e-09,1.0038355188112908e-09,1.0057410545357998e-09,1.0076431601701604e-09,1.0095418485599805e-09,1.011437132491279e-09,1.0133290246758084e-09,1.015217537811614e-09,1.0171026844960865e-09,1.0189844772773402e-09,1.0208629286473382e-09,1.022738051038922e-09,1.024609856829206e-09,1.0264783583358734e-09,1.0283435678198877e-09,1.0302054974852348e-09,1.0320641594771375e-09,1.0339195658881803e-09,1.035771728750358e-09,1.0376206600491008e-09,1.0394663716922658e-09,1.0413088755590581e-09,1.0431481834478021e-09,1.0449843071196678e-09,1.0468172582731655e-09,1.048647048559111e-09,1.0504736895709775e-09,1.05229719283908e-09,1.0541175698502359e-09,1.0559348320346558e-09,1.0577489907572206e-09,1.059560057365709e-09,1.0613680431165057e-09,1.0631729592190198e-09,1.064974816861691e-09,1.0667736271466753e-09,1.0685694011343742e-09,1.0703621498347842e-09,1.0721518842065984e-09,1.073938615158765e-09,1.0757223535448172e-09,1.0775031101751893e-09,1.0792808957989603e-09,1.0810557211233863e-09,1.082827596804673e-09,1.084596533450014e-09,1.0863625416115922e-09,1.08812563179764e-09,1.089885814465994e-09,1.0916431000260489e-09,1.0933974988374634e-09,1.0951490212116559e-09,1.0968976774141859e-09,1.0986434776642182e-09,1.1003864321260246e-09,1.1021265509209297e-09,1.1038638441240383e-09,1.1055983217636038e-09,1.1073299938171073e-09,1.1090588702226818e-09,1.1107849608657143e-09,1.1125082755882112e-09,1.1142288241886254e-09,1.1159466164154963e-09,1.1176616619732402e-09,1.1193739705236115e-09,1.121083551681233e-09,1.1227904150188788e-09,1.124494570047152e-09,1.1261960262743547e-09,1.1278947931291128e-09,1.1295908800043162e-09,1.1312842962441051e-09,1.1329750511679499e-09,1.1346631540359224e-09,1.1363486140675334e-09,1.1380314404510323e-09,1.1397116423065785e-09,1.141389228736492e-09,1.1430642087929228e-09,1.144736591486605e-09,1.1464063857865252e-09,1.1480736006181629e-09,1.1497382448700323e-09,1.1514003273871732e-09,1.1530598569736341e-09,1.1547168423923611e-09,1.1563712923670563e-09,1.1580232155826696e-09,1.159672620682127e-09,1.1613195162676906e-09,1.1629639109045008e-09,1.1646058131166388e-09,1.1662452313909015e-09,1.1678821741696293e-09,1.169516649869731e-09,1.171148666852937e-09,1.1727782334541393e-09,1.1744053579644072e-09,1.1760300486400573e-09,1.1776523136972528e-09,1.1792721613159777e-09,1.1808895996370682e-09,1.1825046367661304e-09,1.1841172807739794e-09,1.1857275396908468e-09,1.1873354215048082e-09,1.1889409341780051e-09,1.190544085632039e-09,1.1921448837531633e-09,1.1937433363912426e-09,1.1953394513604672e-09,1.1969332364417532e-09,1.1985246993755274e-09,1.2001138478706124e-09,1.2017006896001637e-09,1.203285232202413e-09,1.2048674832815861e-09,1.206447450405186e-09,1.2080251411112153e-09,1.209600562900874e-09,1.2111737232364456e-09,1.2127446295539063e-09,1.2143132892542182e-09,1.215879709703012e-09,1.217443898233206e-09,1.2190058621416513e-09,1.220565608711285e-09,1.2221231451518604e-09,1.2236784786861358e-09,1.225231616468525e-09,1.2267825656437462e-09,1.2283313333162624e-09,1.229877926554153e-09,1.2314223524058587e-09,1.2329646178834727e-09,1.2345047299607364e-09,1.2360426955872198e-09,1.237578521676983e-09,1.2391122151188736e-09,1.2406437827649497e-09,1.242173231439844e-09,1.243700567941871e-09,1.2452257990355216e-09,1.2467489314458996e-09,1.2482699718761527e-09,1.2497889270073074e-09,1.2513058034800431e-09,1.2528206079096278e-09,1.2543333468788035e-09,1.2558440269470052e-09,1.2573526546358591e-09,1.2588592364488777e-09,1.2603637788545477e-09,1.2618662882933243e-09,1.2633667711742712e-09,1.2648652338876627e-09,1.266361682783902e-09,1.2678561241912874e-09,1.2693485644121677e-09,1.2708390097190763e-09,1.2723274663556453e-09,1.273813940536663e-09,1.2752984384580156e-09,1.2767809662720556e-09,1.2782615301199692e-09,1.2797401361106096e-09,1.2812167903263745e-09,1.282691498822848e-09,1.2841642676286143e-09,1.2856351027454073e-09,1.2871040101504901e-09,1.2885709957939747e-09,1.2900360656007097e-09,1.2914992254676572e-09,1.292960481269152e-09,1.2944198388559578e-09,1.295877304046434e-09,1.2973328826367324e-09,1.2987865803965366e-09,1.3002384030745033e-09,1.3016883563930926e-09,1.3031364460484379e-09,1.3045826777134617e-09,1.306027057035902e-09,1.3074695896411712e-09,1.3089102811267945e-09,1.3103491370648917e-09,1.3117861630103647e-09,1.3132213644856313e-09,1.3146547470051486e-09,1.3160863160328169e-09,1.3175160770401901e-09,1.3189440354415243e-09,1.3203701966611443e-09,1.3217945660724664e-09,1.323217149060552e-09,1.3246379509500031e-09,1.3260569770648404e-09,1.3274742326936028e-09,1.328889723110491e-09,1.3303034535706251e-09,1.3317154292942101e-09,1.333125655489093e-09,1.3345341373396298e-09,1.3359408800069759e-09,1.3373458886285067e-09,1.3387491683216536e-09,1.3401507241768916e-09,1.341550561281125e-09,1.3429486846820163e-09,1.3443450994104075e-09,1.3457398104756062e-09,1.3471328228661174e-09,1.3485241415514242e-09,1.3499137714649007e-09,1.3513017175584289e-09,1.3526879847277432e-09,1.354072577852092e-09,1.3554555017992088e-09,1.3568367614112413e-09,1.358216361512924e-09,1.3595943068966338e-09,1.3609706023718574e-09,1.362345252693546e-09,1.3637182625938323e-09,1.365089636804545e-09,1.3664593800323692e-09,1.3678274969516393e-09,1.3691939922355614e-09,1.3705588705274306e-09,1.3719221364538202e-09,1.3732837946198393e-09,1.3746438496190272e-09,1.3760023060177856e-09,1.3773591683663792e-09,1.378714441195273e-09,1.3800681290156887e-09,1.38142023632747e-09,1.3827707676012251e-09,1.3841197272985133e-09,1.385467119859929e-09,1.3868129496956335e-09,1.3881572212147475e-09,1.3894999387975968e-09,1.3908411068176992e-09,1.3921807296221094e-09,1.393518811535481e-09,1.3948553568763829e-09,1.3961903699356924e-09,1.3975238550015905e-09,1.3988558163230385e-09,1.400186258143928e-09,1.401515184691351e-09,1.4028426001773224e-09,1.4041685087964405e-09,1.4054929147129683e-09,1.4068158220874855e-09,1.4081372350582447e-09,1.4094571577561326e-09,1.4107755942911458e-09,1.4120925487525662e-09,1.413408025205817e-09,1.4147220277100932e-09,1.4160345603113127e-09,1.4173456270329185e-09,1.4186552318872134e-09,1.4199633788534225e-09,1.421270071924878e-09,1.422575315055764e-09,1.4238791121901803e-09,1.4251814672597712e-09,1.4264823841772973e-09,1.427781866838199e-09,1.429079919133829e-09,1.430376544913913e-09,1.4316717480381239e-09,1.4329655323454715e-09,1.4342579016531386e-09,1.4355488597716077e-09,1.4368384104868058e-09,1.4381265575720848e-09,1.4394133047912728e-09,1.440698655888864e-09,1.44198261459647e-09,1.4432651846243832e-09,1.4445463696824827e-09,1.445826173456667e-09,1.4471045996094873e-09,1.4483816518159206e-09,1.4496573337003454e-09,1.4509316489033529e-09,1.4522046010408757e-09,1.4534761937044386e-09,1.4547464304860075e-09,1.456015314956965e-09,1.4572828506767901e-09,1.4585490411966189e-09,1.4598138900377884e-09,1.461077400713476e-09,1.4623395767326326e-09,1.4636004215849817e-09,1.4648599387464717e-09,1.4661181316798988e-09,1.4673750038325706e-09,1.4686305586429144e-09,1.4698847995327608e-09,1.4711377299116304e-09,1.4723893531717797e-09,1.4736396726985838e-09,1.4748886918635567e-09,1.4761364140291632e-09,1.477382842525166e-09,1.4786279806834207e-09,1.4798718318347504e-09,1.4811143992757496e-09,1.4823556863037919e-09,1.4835956961966684e-09,1.4848344322211948e-09,1.4860718976316814e-09,1.4873080956790654e-09,1.4885430295840818e-09,1.4897767025495214e-09,1.4910091178169399e-09,1.4922402785608261e-09,1.4934701879648322e-09,1.4946988491956046e-09,1.4959262654142895e-09,1.4971524397677337e-09,1.4983773753810405e-09,1.4996010753822532e-09,1.5008235428762605e-09,1.5020447809646126e-09,1.5032647927318124e-09,1.5044835812529644e-09,1.5057011495905535e-09,1.5069175007961062e-09,1.5081326379104438e-09,1.5093465639619378e-09,1.5105592819677197e-09,1.511770794933181e-09,1.5129811058525407e-09,1.5141902177106745e-09,1.5153981334796555e-09,1.516604856119991e-09,1.5178103885813532e-09,1.5190147338058777e-09,1.5202178947191831e-09,1.5214198742279823e-09,1.5226206752591183e-09,1.5238203006993286e-09,1.5250187534364513e-09,1.526216036348288e-09,1.52741215228252e-09,1.5286071041021558e-09,1.529800894646859e-09,1.530993526752166e-09,1.532185003237467e-09,1.5333753269144846e-09,1.5345645005842624e-09,1.5357525270334246e-09,1.5369394090486434e-09,1.5381251494046014e-09,1.5393097508479152e-09,1.5404932161378352e-09,1.5416755480121274e-09,1.5428567491950575e-09,1.5440368224084688e-09,1.545215770366197e-09,1.5463935957657369e-09,1.547570301297821e-09,1.5487458896429369e-09,1.5499203634715361e-09,1.5510937254449905e-09,1.5522659782139112e-09,1.553437124420548e-09,1.5546071666983322e-09,1.555776107666576e-09,1.5569439499387113e-09,1.5581106961206827e-09,1.5592763488154564e-09,1.5604409105905918e-09,1.5616043840293268e-09,1.5627667716981659e-09,1.5639280761617944e-09,1.5650882999568397e-09,1.5662474456256934e-09,1.5674055157006872e-09,1.5685625126995085e-09,1.5697184391368982e-09,1.5708732975167004e-09,1.5720270903275346e-09,1.5731798200567495e-09,1.5743314891787123e-09,1.5754821001665887e-09,1.57662813168435e-09,1.577776636621263e-09,1.5789240907648052e-09,1.5800704965490578e-09,1.5812158563979273e-09,1.582360172727547e-09,1.5835034479403697e-09,1.584645684441399e-09,1.585786884620896e-09,1.586927050858743e-09,1.5880661855200848e-09,1.589204290975571e-09,1.590341369582439e-09,1.591477423688118e-09,1.5926124556331948e-09,1.5937464677493418e-09,1.5948794623607868e-09,1.5960114417828877e-09,1.5971424083079002e-09,1.5982723642681596e-09,1.5994013119342309e-09,1.6005292535924465e-09,1.6016561915183887e-09,1.6027821279799072e-09,1.603907065236719e-09,1.6050310055409023e-09,1.6061539511372105e-09,1.607275904261291e-09,1.6083968671422836e-09,1.609516842000432e-09,1.6106358310499438e-09,1.6117538364939481e-09,1.6128708605396935e-09,1.6139869053664361e-09,1.6151019731613741e-09,1.6162160661008684e-09,1.617329186352743e-09,1.6184413360775259e-09,1.6195525174286498e-09,1.6206627325602607e-09,1.621771983595004e-09,1.6228802726681803e-09,1.6239876019111532e-09,1.6250939734360215e-09,1.6261993893557839e-09,1.627303851770394e-09,1.6284073627751045e-09,1.6295099244595196e-09,1.6306115389043466e-09,1.6317122081910229e-09,1.6328119343716063e-09,1.6339107195143105e-09,1.6350085656696278e-09,1.6361054748887197e-09,1.6372014492075303e-09,1.6382964906599945e-09,1.6393906012694473e-09,1.6404837830585729e-09,1.6415760380382326e-09,1.6426673682191248e-09,1.6437577755815363e-09,1.6448472621382879e-09,1.6459358298656167e-09,1.6470234807448174e-09,1.6481102167448647e-09,1.649196039837766e-09,1.6502809519746866e-09,1.6513649551128665e-09,1.652448051195917e-09,1.6535302421623812e-09,1.654611529950289e-09,1.655691916477663e-09,1.6567714036762027e-09,1.6578499934566877e-09,1.658927687717991e-09,1.6600044883760904e-09,1.6610803973185697e-09,1.6621554164392973e-09,1.6632295476131572e-09,1.6643027927208774e-09,1.6653751536380609e-09,1.6664466322175646e-09,1.6675172303284386e-09,1.6685869498156229e-09,1.6696557925300354e-09,1.6707237603088597e-09,1.6717908549761518e-09,1.6728570783817667e-09,1.6739224323358646e-09,1.6749869186520663e-09,1.676050539144036e-09,1.6771132956210748e-09,1.6781751898760602e-09,1.6792362237030146e-09,1.6802963988829651e-09,1.681355717210313e-09,1.6824141804453784e-09,1.6834717903663795e-09,1.6845285487366079e-09,1.6855844573147278e-09,1.6866395178533216e-09,1.6876937320998344e-09,1.6887471017951216e-09,1.6897996286752706e-09,1.690851314471187e-09,1.6919021609058505e-09,1.6929521697007705e-09,1.6940013425693817e-09,1.6950496812185995e-09,1.6960971873540464e-09,1.6971438626707811e-09,1.6981897088651165e-09,1.6992347276161438e-09,1.7002789206104109e-09,1.7013222895230197e-09,1.7023648360235707e-09,1.7034065617793952e-09,1.7044474684504853e-09,1.7054875576896851e-09,1.7065268311493607e-09,1.7075652904730992e-09,1.7086029372991196e-09,1.7096397732628535e-09,1.7106757999873345e-09,1.711711019107838e-09,1.7127454322372504e-09,1.713779040990933e-09,1.7148118469751163e-09,1.7158438517946096e-09,1.7168750570478655e-09,1.71790546432866e-09,1.718935075219217e-09,1.7199638913171913e-09,1.7209919141932119e-09,1.7220191454208844e-09,1.7230455865713673e-09,1.7240712392077932e-09,1.7250961048887815e-09,1.7261201851711614e-09,1.7271434816026927e-09,1.7281659957321395e-09,1.7291877290927073e-09,1.7302086832181783e-09,1.7312288596493984e-09,1.7322482599075491e-09,1.733266885515611e-09,1.7342847379842125e-09,1.735301818830204e-09,1.7363181295590987e-09,1.7373336716751868e-09,1.7383484466790465e-09,1.7393624560573696e-09,1.7403757013007783e-09,1.7413881838956078e-09,1.7423999053232775e-09,1.7434108670560032e-09,1.7444210705531953e-09,1.7454305173073928e-09,1.7454436307719847e-09,1.7454563083644803e-09,1.7454689879095295e-09,1.7454817003802044e-09,1.7454944472080463e-09,1.7455072275870661e-09,1.7455200404857899e-09,1.745532884805663e-09,1.7455457594029458e-09,1.7455586631002373e-09,1.7455715946967829e-09,1.7455845529781357e-09,1.7455975367250973e-09,1.7456105447218857e-09,1.7456235757635006e-09,1.7456366286622213e-09,1.7456497022532964e-09,1.7456627953997715e-09,1.7456759069965853e-09,1.7456890359738593e-09,1.7457021812995277e-09,1.7457153419813066e-09,1.7457285170681034e-09,1.7457417056508876e-09,1.7457549068631192e-09,1.7457681198807358e-09,1.7457813439219029e-09,1.7457945782463076e-09,1.7458078221543392e-09,1.7458210749860322e-09,1.7458343361198412e-09,1.7458476049712802e-09,1.7458608809914895e-09,1.7458741636657878e-09,1.7458874525120785e-09,1.7459007470793017e-09,1.7459140469458615e-09,1.7459273517181213e-09,1.7459406610288416e-09,1.745953974535699e-09,1.7459672919198447e-09,1.7459806128845004e-09,1.7459939371536091e-09,1.7460072644705434e-09,1.746020594596877e-09,1.7460339273112008e-09,1.7460472624079951e-09,1.7460605996966032e-09,1.746073939000197e-09,1.7460872801548482e-09,1.7461006230086355e-09,1.746113967420805e-09,1.7461273132610176e-09,1.7461406604085288e-09,1.7461540087516077e-09,1.7461673581868369e-09,1.7461807086184813e-09,1.7461940599579834e-09,1.7462074121234173e-09,1.7462207650390224e-09,1.746234118634692e-09,1.7462474728456028e-09,1.746260827611824e-09,1.7462741828779175e-09,1.7462875385926295e-09,1.7463008947085568e-09,1.746314251181883e-09,1.7463276079720619e-09,1.7463409650416087e-09,1.7463543223558551e-09,1.746367679882737e-09,1.7463810375926013e-09,1.746394395457996e-09,1.7464077534535356e-09,1.746421111555696e-09,1.7464344697427323e-09,1.7464478279944958e-09,1.7464611862923218e-09,1.7464745446189249e-09,1.746487902958277e-09,1.746501261295531e-09,1.7465146196169053e-09,1.746527977909589e-09,1.7465413361617242e-09,1.7465546943622852e-09,1.746568052501024e-09,1.7465814105684286e-09,1.7465947685555932e-09,1.7466081264542746e-09,1.7466214842567867e-09,1.74663484195593e-09,1.7466481995450132e-09,1.74666155701778e-09,1.7466749143683773e-09,1.7466882715913371e-09,1.7467016286814935e-09,1.7467149856340404e-09,1.7467283424444513e-09,1.746741699108472e-09,1.7467550556220986e-09,1.7467684119815433e-09,1.7467817681832513e-09,1.746795124223842e-09,1.7468084801001184e-09,1.7468218358090591e-09,1.7468351913477837e-09,1.746848546713556e-09,1.7468619019037656e-09,1.7468752569159268e-09,1.7468886117476506e-09,1.7469019663966854e-09,1.7469153208608235e-09,1.7469286751379734e-09,1.7469420292260738e-09,1.7469553831232138e-09,1.74696873682757e-09,1.746982090337293e-09,1.7469954436506061e-09,1.7470087967657966e-09,1.7470221496811493e-09,1.7470355023952061e-09,1.7470488549062869e-09,1.7470622072128766e-09,1.7470755593134775e-09,1.7470889112065942e-09,1.7471022628908753e-09,1.7471156143649034e-09,1.747128965627193e-09,1.747142316676462e-09,1.7471556675114087e-09,1.747169018130706e-09,1.7471823685330473e-09,1.7471957187171712e-09,1.7472090686817541e-09,1.747222418425626e-09,1.74723576794753e-09,1.7472491172462625e-09,1.7472624663206004e-09,1.747275815169388e-09,1.7472891637913898e-09,1.7473025121854254e-09,1.747315860350434e-09,1.7473292082851667e-09,1.747342555988498e-09,1.7473559034593113e-09,1.7473692506964653e-09,1.747382597698824e-09,1.7473959444652865e-09,1.7474092909947527e-09,1.747422637286103e-09,1.7474359833382396e-09,1.7474493291500561e-09,1.747462674720487e-09,1.747476020048412e-09,1.7474893651327917e-09,1.7475027099725453e-09,1.7475160545665949e-09,1.747529398913909e-09,1.747542743013398e-09,1.7475560868639102e-09,1.7475694304644608e-09,1.747582773814001e-09,1.7475961169114608e-09,1.7476094597558349e-09,1.7476228023460299e-09,1.747636144681015e-09,1.747649486759768e-09,1.7476628285812313e-09,1.747676170144383e-09,1.747689511448189e-09,1.747702852491626e-09,1.7477161932736674e-09,1.7477295337932527e-09,1.7477428740494283e-09,1.7477562140411403e-09,1.747769553767376e-09,1.7477828932271054e-09,1.747796232419351e-09,1.7478095713430697e-09,1.7478229099972778e-09,1.7478362483809497e-09,1.7478495864930803e-09,1.7478629243327127e-09,1.747876261898779e-09,1.7478895991902873e-09,1.747902936206287e-09,1.7479162729457653e-09,1.7479296094077307e-09,1.7479429455911945e-09,1.7479562814951664e-09,1.7479696171186707e-09,1.7479829524607092e-09,1.747996287520332e-09,1.748009622296505e-09,1.7480229567882792e-09,1.7480362909946767e-09,1.7480496249147233e-09,1.748062958547437e-09,1.7480762918918665e-09,1.7480896249470338e-09,1.7481029577119675e-09,1.7481162901856106e-09,1.7481296223671897e-09,1.7481429542556528e-09,1.7481562858500308e-09,1.7481696171493759e-09,1.7481829481527243e-09,1.7481962788590952e-09,1.7482096092675618e-09,1.7482229393771668e-09,1.7482362691869626e-09,1.7482495986960529e-09,1.7482629279034466e-09,1.748276256808199e-09,1.7482895854093683e-09,1.7483029137060123e-09,1.7483162416971937e-09,1.7483295693819727e-09,1.7483428967594222e-09,1.7483562238286874e-09,1.7483695505886597e-09,1.7483828770384867e-09,1.7483962031772499e-09,1.7484095290040304e-09,1.7484228545178964e-09,1.748436179717927e-09,1.7484495046031999e-09,1.7484628291727902e-09,1.7484761534257794e-09,1.7484894773612475e-09,1.7485028009783e-09,1.748516124275987e-09,1.7485294472534065e-09,1.7485427699096417e-09,1.748556092243812e-09,1.7485694142549843e-09,1.748582735942262e-09,1.7485960573047353e-09,1.7486093783415005e-09,1.7486226990516661e-09,1.748636019434325e-09,1.7486493394885535e-09,1.74866265921351e-09,1.748675978608268e-09,1.7486892976719414e-09,1.7487026164036342e-09,1.7487159348024466e-09,1.7487292528675213e-09,1.7487425705979626e-09,1.748755887992843e-09,1.7487692050513057e-09,1.7487825217724854e-09,1.748795838155469e-09,1.7488091541993942e-09,1.7488224699034174e-09,1.7488357852666264e-09,1.7488491002881187e-09,1.7488624149670302e-09,1.7488757293025493e-09,1.7488890432937596e-09,1.748902356939754e-09,1.7489156702397072e-09,1.748928983192756e-09,1.7489422957979745e-09,1.7489556080546007e-09,1.7489689199617292e-09,1.7489822315184938e-09,1.7489955427240473e-09,1.74900885357739e-09,1.7490221640779015e-09,1.7490354742246592e-09,1.749048784016849e-09,1.749062093453468e-09,1.7490754025337629e-09,1.7490887112568706e-09,1.7491020196219021e-09,1.7491153276280777e-09,1.7491286352745354e-09,1.749141942560424e-09,1.749155249484921e-09,1.749168556047162e-09,1.7491818622463102e-09,1.7491951680815298e-09,1.7492084735519913e-09,1.749221778656855e-09,1.7492350833953397e-09,1.74924838776652e-09,1.7492616917696045e-09,1.7492749954037757e-09,1.7492882986682044e-09,1.7493016015620878e-09,1.7493149040845502e-09,1.7493282062347926e-09,1.7493415080119948e-09,1.7493548094153377e-09,1.749368110443991e-09,1.7493814110971582e-09,1.749394711374016e-09,1.7494080112737424e-09,1.7494213107955395e-09,1.7494346099385592e-09,1.7494479087020376e-09,1.7494612070851922e-09,1.7494745050871005e-09,1.7494878027070528e-09,1.749501099944181e-09,1.749514396797715e-09,1.7495276932668734e-09,1.7495409893508115e-09,1.749554285048732e-09,1.7495675803598459e-09,1.7495808752833637e-09,1.749594169818486e-09,1.749607463964417e-09,1.7496207577203923e-09,1.749634051085548e-09,1.749647344059175e-09,1.7496606366404232e-09,1.7496739288285277e-09,1.7496872206227028e-09,1.7497005120221636e-09,1.7497138030261186e-09,1.7497270936338077e-09,1.7497403838444073e-09,1.7497536736571581e-09,1.74976696307143e-09,1.7497802520860838e-09,1.7497935407006225e-09,1.7498068289142015e-09,1.7498201167260522e-09,1.7498334041353894e-09,1.7498466911414568e-09,1.749859977743426e-09,1.7498732639406296e-09,1.7498865497322489e-09,1.7498998351175162e-09,1.749913120095669e-09,1.749926404665922e-09,1.749939688827555e-09,1.7499529725797773e-09,1.7499662559218337e-09,1.749979538852966e-09,1.7499928213725081e-09,1.7500061034794821e-09,1.7500193851732714e-09,1.7500326664531311e-09,1.7500459473184177e-09,1.750059227768156e-09,1.75007250780165e-09,1.7500857874183699e-09,1.7500990666172016e-09,1.75011234539759e-09,1.7501256237587796e-09,1.750138901700036e-09,1.7501521792205998e-09,1.7501654563197477e-09,1.750178732996711e-09,1.750192009250791e-09,1.7502052850812028e-09,1.7502185604872176e-09,1.7502318354681223e-09,1.750245110023141e-09,1.7502583841515886e-09,1.7502716578527148e-09,1.7502849311257818e-09,1.7502982039700605e-09,1.7503114763848281e-09,1.7503247483693535e-09,1.7503380199229085e-09,1.7503512910447626e-09,1.7503645617341947e-09,1.7503778319904738e-09,1.7503911018128918e-09,1.7504043712007177e-09,1.7504176401532117e-09,1.7504309086697005e-09,1.7504441767494397e-09,1.7504574443917167e-09,1.7504707115958129e-09,1.75048397836107e-09,1.75049724468673e-09,1.750510510572012e-09,1.7505237760162516e-09,1.7505370410187657e-09,1.750550305578827e-09,1.7505635696957346e-09,1.7505768333688067e-09,1.750590096597345e-09,1.7506033593805331e-09,1.7506166217177286e-09,1.7506298836083435e-09,1.7506431450515783e-09,1.750656406046649e-09,1.750669666592948e-09,1.7506829266897653e-09,1.7506961863364118e-09,1.7507094455321521e-09,1.7507227042763637e-09,1.7507359625683155e-09,1.7507492204073404e-09,1.7507624777927123e-09,1.7507757347237402e-09,1.7507889911997218e-09,1.7508022472200245e-09,1.7508155027838873e-09,1.7508287578907057e-09,1.7508420125398653e-09,1.7508552667304697e-09,1.750868520461924e-09,1.750881773733538e-09,1.7508950265447022e-09,1.7509082788946874e-09,1.7509215307828203e-09,1.7509347822084189e-09,1.7509480331708142e-09,1.7509612836693313e-09,1.7509745337032877e-09,1.75098778327202e-09,1.7510010323748524e-09,1.7510142810111073e-09,1.7510275291801154e-09,1.7510407768812112e-09,1.7510540241137005e-09,1.7510672708769747e-09,1.7510805171703315e-09,1.7510937629930815e-09,1.7511070083446092e-09,1.7511202532242346e-09,1.7511334976312356e-09,1.7511467415650731e-09,1.751159985025023e-09,1.7511732280104058e-09,1.751186470520598e-09,1.7511997125549374e-09,1.7512129541127535e-09,1.7512261951933934e-09,1.7512394357962138e-09,1.7512526759205618e-09,1.751265915565781e-09,1.75127915473132e-09,1.75129239341633e-09,1.7513056316202617e-09,1.7513188693424709e-09,1.7513321065822916e-09,1.751345343339088e-09,1.75135857961224e-09,1.7513718154010766e-09,1.7513850507049688e-09,1.7513982855232766e-09,1.7514115198553466e-09,1.7514247537006969e-09,1.7514379870583779e-09,1.7514512199279022e-09,1.7514644523086671e-09,1.7514776841999972e-09,1.7514909156012699e-09,1.7515041465118454e-09,1.7515173769311056e-09,1.7515306068581568e-09,1.751543836292875e-09,1.7515570652343824e-09,1.751570293682037e-09,1.7515835216352304e-09,1.7515967490933075e-09,1.7516099760555014e-09,1.7516232025215019e-09,1.751636428490524e-09,1.751649653961942e-09,1.7516628789351226e-09,1.7516761034094713e-09,1.7516893273843553e-09,1.7517025508591483e-09,1.7517157738332342e-09,1.7517289963060074e-09,1.7517422182768421e-09,1.7517554397451377e-09,1.7517686607102444e-09,1.7517818811715647e-09,1.7517951011284927e-09,1.7518083205804137e-09,1.7518215395266787e-09,1.7518347579667496e-09,1.751847975900012e-09,1.7518611933258084e-09,1.751874410243628e-09,1.751887626652696e-09,1.7519008425525017e-09,1.7519140579424268e-09,1.7519272728218524e-09,1.751940487190247e-09,1.7519537010469316e-09,1.7519669143914034e-09,1.7519801272229404e-09,1.7519933395409787e-09,1.752006551344936e-09,1.7520197626342153e-09,1.7520329734082662e-09,1.7520461836665067e-09,1.7520593934081694e-09,1.7520726026327715e-09,1.7520858113397247e-09,1.7520990195284218e-09,1.7521122271982742e-09,1.7521254343485972e-09,1.7521386409790165e-09,1.752151847088804e-09,1.7521650526774145e-09,1.7521782577442402e-09,1.7521914622887502e-09,1.7522046663102824e-09,1.7522178698082426e-09,1.7522310727821042e-09,1.7522442752312738e-09,1.752257477155169e-09,1.7522706785531992e-09,1.7522838794247716e-09,1.7522970797693213e-09,1.7523102795862936e-09,1.7523234788751177e-09,1.7523366776351467e-09,1.752349875865887e-09,1.752363073566627e-09,1.752376270736883e-09,1.7523894673761518e-09,1.7524026634837989e-09,1.7524158590592514e-09,1.75242905410198e-09,1.7524422486113713e-09,1.7524554425868253e-09,1.7524686360278464e-09,1.7524818289337903e-09,1.7524950213041299e-09,1.7525082131383413e-09,1.7525214044358041e-09,1.752534595195947e-09,1.7525477854182267e-09,1.752560975102088e-09,1.7525741642469667e-09,1.7525873528523049e-09,1.7526005409175373e-09,1.752613728442116e-09,1.752626915425479e-09,1.752640101867049e-09,1.7526532877663161e-09,1.7526664731226764e-09,1.7526796579355345e-09,1.7526928422043134e-09,1.7527060259286747e-09,1.7527192091079446e-09,1.752732391741566e-09,1.752745573828982e-09,1.7527587553696188e-09,1.7527719363629852e-09,1.7527851168085042e-09,1.7527982967056265e-09,1.7528114760537598e-09,1.7528246548524617e-09,1.7528378331011297e-09,1.7528510107992235e-09,1.7528641879461936e-09,1.7528773645415103e-09,1.7528905405845862e-09,1.7529037160749743e-09,1.7529168910120393e-09,1.7529300653952807e-09,1.7529432392242366e-09,1.7529564124982245e-09,1.7529695852168302e-09,1.7529827573794132e-09,1.7529959289854927e-09,1.7530091000345348e-09,1.7530222705260058e-09,1.7530354404593941e-09,1.7530486098340697e-09,1.7530617786496488e-09,1.7530749469055272e-09,1.7530881146012342e-09,1.753101281736113e-09,1.7531144483096543e-09,1.753127614321437e-09,1.753140779770848e-09,1.753153944657473e-09,1.7531671089807179e-09,1.7531802727399172e-09,1.7531934359348768e-09,1.7532065985647903e-09,1.7532197606292185e-09,1.7532329221277051e-09,1.7532460830596201e-09,1.75325924342449e-09,1.7532724032218044e-09,1.7532855624509015e-09,1.753298721111541e-09,1.7533118792030736e-09,1.7533250367249788e-09,1.7533381936767343e-09,1.753351350057844e-09,1.7533645058678166e-09,1.7533776611060628e-09,1.7533908157721184e-09,1.7534039698654701e-09,1.753417123385608e-09,1.7534302763320047e-09,1.7534434287041828e-09,1.7534565805016196e-09,1.7534697317238034e-09,1.7534828823702578e-09,1.7534960324404292e-09,1.7535091819338206e-09,1.7535223308499548e-09,1.7535354791883152e-09,1.7535486269484198e-09,1.7535617741297653e-09,1.7535749207318253e-09,1.753588066754089e-09,1.7536012121960498e-09,1.7536143570572232e-09,1.7536275013370122e-09,1.7536406450351265e-09,1.7536537881509548e-09,1.7536669306840287e-09,1.7536800726338372e-09,1.7536932139998618e-09,1.7537063547816342e-09,1.753719494978663e-09,1.753732634590477e-09,1.7537457736165327e-09,1.7537589120563824e-09,1.7537720499095282e-09,1.7537851871754428e-09,1.7537983238536908e-09,1.7538114599437582e-09,1.753824595445157e-09,1.7538377303574002e-09,1.7538508646799975e-09,1.753863998412472e-09,1.753877131554324e-09,1.7538902641050895e-09,1.7539033960642746e-09,1.7539165274313742e-09,1.7539296582059543e-09,1.753942788387508e-09,1.7539559179755568e-09,1.753969046969622e-09,1.7539821753692229e-09,1.7539953031738793e-09,1.754008430383117e-09,1.754021556996458e-09,1.7540346830134235e-09,1.754047808433538e-09,1.7540609332563001e-09,1.7540740574812913e-09,1.7540871811080142e-09,1.754100304135991e-09,1.7541134265647508e-09,1.7541265483938278e-09,1.754139669622739e-09,1.754152790251022e-09,1.7541659102782033e-09,1.7541790297038388e-09,1.7541921485274185e-09,1.7542052667484983e-09,1.7542183843666046e-09,1.754231501381297e-09,1.7542446177920434e-09,1.7542577335984684e-09,1.7542708488000513e-09,1.7542839633963415e-09,1.7542970773868817e-09,1.7543101907712282e-09,1.7543233035488735e-09,1.754336415719378e-09,1.754349527282287e-09,1.7543626382371366e-09,1.7543757485834718e-09,1.7543888583208346e-09,1.7544019674487657e-09,1.754415075966813e-09,1.7544281838745093e-09,1.7544412911714149e-09,1.7544543978570693e-09,1.75446750393102e-09,1.7544806093928105e-09,1.7544937142419823e-09,1.7545068184781085e-09,1.7545199221007068e-09,1.7545330251093548e-09,1.754546127503574e-09,1.7545592292829253e-09,1.7545723304469856e-09,1.7545854309952684e-09,1.7545985309273453e-09,1.7546116302426648e-09,1.7546247289409853e-09,1.7546378270217605e-09,1.7546509244845478e-09,1.754664021328988e-09,1.7546771175544587e-09,1.754690213160498e-09,1.75470330814689e-09,1.7547164025130822e-09,1.7547294962586342e-09,1.7547425893830406e-09,1.7547556818859028e-09,1.7547687737669386e-09,1.7547818650256368e-09,1.7547949556613784e-09,1.7548080456737842e-09,1.7548211350625395e-09,1.7548342238271474e-09,1.7548473119671714e-09,1.7548603994821866e-09,1.7548734863716593e-09,1.7548865726353269e-09,1.7548996582726845e-09,1.7549127432833544e-09,1.7549258276667932e-09,1.7549389114225385e-09,1.7549519945503394e-09,1.7549650770496668e-09,1.7549781589200185e-09,1.7549912401611008e-09,1.7550043207724517e-09,1.755017400753623e-09,1.755030480104208e-09,1.755043558823729e-09,1.7550566369117854e-09,1.7550697143679727e-09,1.7550827911918892e-09,1.7550958673830736e-09,1.7551089429411412e-09,1.755122017865607e-09,1.755135092156078e-09,1.7551481658121488e-09,1.7551612388334045e-09,1.7551743112193846e-09,1.755187382969699e-09,1.7552004540839225e-09,1.7552135245616378e-09,1.755226594402436e-09,1.755239663605897e-09,1.7552527321716025e-09,1.7552658000991407e-09,1.7552788673880934e-09,1.7552919340380552e-09,1.7553050000486052e-09,1.755318065419329e-09,1.755331130149818e-09,1.7553441942396577e-09,1.755357257688443e-09,1.7553703204957605e-09,1.7553833826612021e-09,1.7553964441843575e-09,1.7554095050648173e-09,1.7554225653021756e-09,1.7554356248960647e-09,1.7554486838460398e-09,1.7554617421516526e-09,1.755474799812535e-09,1.7554878568283338e-09,1.7555009131985884e-09,1.755513968922861e-09,1.7555270240008197e-09,1.7555400784319986e-09,1.755553132216034e-09,1.7555661853525206e-09,1.7555792378410933e-09,1.7555922896812828e-09,1.755605340872721e-09,1.7556183914150137e-09,1.755631441307785e-09,1.755644490550586e-09,1.7556575391430451e-09,1.7556705870847747e-09,1.7556836343753761e-09,1.7556966810144305e-09,1.7557097270015319e-09,1.7557227723363424e-09,1.7557358170184415e-09,1.755748861047435e-09,1.7557619044229301e-09,1.7557749471445357e-09,1.7557879892118897e-09,1.7558010306245498e-09,1.7558140713821376e-09,1.7558271114842735e-09,1.7558401509305673e-09,1.7558531897206307e-09,1.7558662278540722e-09,1.7558792653304658e-09,1.755892302149513e-09,1.755905338310783e-09,1.7559183738138891e-09,1.7559314086584496e-09,1.7559444428440884e-09,1.7559574763704044e-09,1.7559705092370062e-09,1.7559835414435266e-09,1.7559965729895823e-09,1.7560096038747848e-09,1.7560226340987703e-09,1.756035663661143e-09,1.7560486925615156e-09,1.7560617207995177e-09,1.7560747483747849e-09,1.7560877752869134e-09,1.7561008015355355e-09,1.7561138271202914e-09,1.7561268520407715e-09,1.756139876296619e-09,1.7561528998874442e-09,1.7561659228129056e-09,1.7561789450725969e-09,1.7561919666661815e-09,1.7562049875932259e-09,1.75621800785339e-09,1.7562310274462832e-09,1.7562440463715923e-09,1.7562570646288984e-09,1.7562700822178219e-09,1.7562830991380098e-09,1.7562961153890882e-09,1.756309130970694e-09,1.7563221458824552e-09,1.7563351601239978e-09,1.7563481736949684e-09,1.7563611865949843e-09,1.7563741988236765e-09,1.7563872103806805e-09,1.7564002212656693e-09,1.7564132314782115e-09,1.7564262410180187e-09,1.7564392498846901e-09,1.7564522580779331e-09,1.7564652655972305e-09,1.7564782724423137e-09,1.756491278612813e-09,1.7565042841083639e-09,1.7565172889285717e-09,1.7565302930731228e-09,1.7565432965416348e-09,1.7565562993337952e-09,1.7565693014492252e-09,1.756582302887547e-09,1.756595303648438e-09,1.7566083037314852e-09,1.7566213031363606e-09,1.7566343018626756e-09,1.7566472999101404e-09,1.7566602972783705e-09,1.756673293967001e-09,1.7566862899756882e-09,1.7566992853040813e-09,1.7567122799518186e-09,1.7567252739185583e-09,1.756738267204022e-09,1.7567512598077063e-09,1.756764251729336e-09,1.7567772429685605e-09,1.756790233525027e-09,1.756803223398392e-09,1.756816212588304e-09,1.7568292010944106e-09,1.7568421889163756e-09,1.7568551760538639e-09,1.756868162506494e-09,1.7568811482739263e-09,1.7568941333558388e-09,1.7569071177518704e-09,1.756920101461687e-09,1.7569330844849294e-09,1.7569460668212742e-09,1.7569590484703677e-09,1.7569720294318687e-09,1.7569850097054377e-09,1.7569979892907273e-09,1.7570109681873943e-09,1.7570239463951074e-09,1.7570369239135398e-09,1.757049900742319e-09,1.7570628768811318e-09,1.7570758523296308e-09,1.7570888270874465e-09,1.7571018011543e-09,1.757114774529854e-09,1.757127747213674e-09,1.7571407192055566e-09,1.7571536905050825e-09,1.7571666611119707e-09,1.7571796310258451e-09,1.7571926002463948e-09,1.7572055687732714e-09,1.7572185366061555e-09,1.7572315037447074e-09,1.7572444701885969e-09,1.7572574359374608e-09,1.7572704009910606e-09,1.7572833653489277e-09,1.7572963290108493e-09,1.757309291976463e-09,1.7573222542454313e-09,1.7573352158171553e-09,1.7573481766918569e-09,1.7573611368689259e-09,1.7573740963479665e-09,1.7573870551287983e-09,1.757400013211027e-09,1.757412970594301e-09,1.757425927278278e-09,1.7574388832627385e-09,1.7574518385472989e-09,1.7574647931316283e-09,1.7574777470153881e-09,1.7574907001982945e-09,1.7575036526799305e-09,1.7575166044601294e-09,1.757529555538496e-09,1.7575425059146926e-09,1.757555455588548e-09,1.7575684045594709e-09,1.7575813528272767e-09,1.757594300391631e-09,1.7576072472522514e-09,1.7576201934087753e-09,1.7576331388609305e-09,1.7576460836083712e-09,1.7576590276508223e-09,1.757671970987909e-09,1.7576849136193495e-09,1.757697855544821e-09,1.7577107967640297e-09,1.7577237372765572e-09,1.757736677082249e-09,1.7577496161807977e-09,1.7577625545717192e-09,1.7577754922548e-09,1.7577884292297193e-09,1.7578013654961744e-09,1.75781430105386e-09,1.7578272359024494e-09,1.757840170041638e-09,1.7578531034711152e-09,1.7578660361905762e-09,1.7578789681997145e-09,1.7578918994982163e-09,1.757904830085777e-09,1.7579177599620901e-09,1.7579306891268492e-09,1.7579436175797492e-09,1.7579565453204827e-09,1.7579694723487467e-09,1.7579823986642405e-09,1.7579953242666505e-09,1.7580082491556772e-09,1.7580211733310186e-09,1.7580340967923713e-09,1.7580470195394324e-09,1.7580599415718996e-09,1.7580728628894782e-09,1.7580857834918568e-09,1.7580987033787397e-09,1.7581116225498111e-09,1.7581245410048026e-09,1.7581374587434024e-09,1.7581503757653088e-09,1.7581632920701721e-09,1.7581762076577997e-09,1.7581891225278411e-09,1.758202036679999e-09,1.7582149501140084e-09,1.7582278628295113e-09,1.7582407748262374e-09,1.7582536861039037e-09,1.7582665966622085e-09,1.7582795065008568e-09,1.7582924156195614e-09,1.7583053240180188e-09,1.7583182316959388e-09,1.7583311386530323e-09,1.7583440448890137e-09,1.7583569504036041e-09,1.7583698551964764e-09,1.7583827592673527e-09,1.7583956626158765e-09,1.7584085652418166e-09,1.7584214671449983e-09,1.7584343683250148e-09,1.7584472687815788e-09,1.7584601685144284e-09,1.7584730675235896e-09,1.7584859658081192e-09,1.7584988633680333e-09,1.7585117602031108e-09,1.7585246563130115e-09,1.758537551697509e-09,1.758550446356245e-09,1.7585633402889701e-09,1.758576233495395e-09,1.7585891259752364e-09,1.7586020177282026e-09,1.758614908754054e-09,1.7586277990524508e-09,1.7586406886231444e-09,1.7586535774657597e-09,1.7586664655801662e-09,1.758679352966025e-09,1.7586922396230318e-09,1.7587051255509322e-09,1.7587180107494551e-09,1.7587308952182892e-09,1.7587437789571868e-09,1.7587566619659662e-09,1.7587695442441239e-09,1.7587824257914873e-09,1.7587953066078005e-09,1.7588081866927781e-09,1.7588210660461281e-09,1.758833944667669e-09,1.7588468225569756e-09,1.7588596997138513e-09,1.7588725761380681e-09,1.7588854518292716e-09,1.7588983267871248e-09,1.758911201011504e-09,1.7589240745020633e-09,1.7589369472587313e-09,1.7589498192808645e-09,1.7589626905681359e-09,1.7589755611207643e-09,1.7589884309382362e-09,1.7590013000202823e-09,1.7590141683666809e-09,1.7590270359771675e-09,1.7590399028512944e-09,1.7590527689888972e-09,1.759065634389711e-09,1.759078499053511e-09,1.7590913629800305e-09,1.7591042261689435e-09,1.759117088619995e-09,1.7591299503329395e-09,1.7591428113075187e-09,1.759155671543467e-09,1.7591685310405063e-09,1.759181389798449e-09,1.7591942478169092e-09,1.7592071050956428e-09,1.759219961634444e-09,1.7592328174330246e-09,1.7592456724911252e-09,1.7592585268084754e-09,1.75927138038496e-09,1.7592842332200112e-09,1.759297085313534e-09,1.7593099366652873e-09,1.7593227872744822e-09,1.7593356371412144e-09,1.7593484862660083e-09,1.7593613346480085e-09,1.7593741822869109e-09,1.7593870291826497e-09,1.7593998753347944e-09,1.7594127207429477e-09,1.7594255654069455e-09,1.7594384093267457e-09,1.7594512525015856e-09,1.7594640949318612e-09,1.7594769366168508e-09,1.7594897775564896e-09,1.759502617750484e-09,1.7595154571985688e-09,1.7595282959004704e-09,1.759541133855961e-09,1.759553971064761e-09,1.7595668075266574e-09,1.7595796432414273e-09,1.7595924782087327e-09,1.7596053124284096e-09,1.7596181459001848e-09,1.7596309786237814e-09,1.7596438105989786e-09,1.7596566418253984e-09,1.7596694723030444e-09,1.7596823020314987e-09,1.7596951310105951e-09,1.7597079592399856e-09,1.7597207867194757e-09,1.7597336134488061e-09,1.7597464394278378e-09,1.7597592646561485e-09,1.7597720891335258e-09,1.7597849128597864e-09,1.759797735834663e-09,1.759810558057914e-09,1.759823379529294e-09,1.759836200248565e-09,1.7598490202154709e-09,1.7598618394297676e-09,1.7598746578912256e-09,1.759887475599587e-09,1.7599002925546284e-09,1.7599131087558823e-09,1.759925924203539e-09,1.7599387388971418e-09,1.7599515528366658e-09,1.7599643660214385e-09,1.7599771784514368e-09,1.7599899901262683e-09,1.7600028010458557e-09,1.7600156112100775e-09,1.760028420618543e-09,1.7600412292710832e-09,1.760054037167377e-09,1.7600668443072708e-09,1.7600796506903102e-09,1.7600924563166035e-09,1.7601052611857427e-09,1.7601180652974993e-09,1.7601308686515053e-09,1.7601436712477665e-09,1.7601564730857907e-09,1.7601692741656454e-09,1.760182074486876e-09,1.7601948740493525e-09,1.7602076728528322e-09,1.760220470896851e-09,1.7602332681815693e-09,1.760246064706606e-09,1.7602588604716838e-09,1.7602716554765485e-09,1.7602844497209566e-09,1.7602972432048181e-09,1.7603100359277076e-09,1.7603228278895032e-09,1.7603356190899643e-09,1.7603484095288685e-09,1.7603611992059807e-09,1.7603739881210538e-09,1.7603867762738254e-09,1.7603995636641294e-09,1.7604123502917646e-09,1.760425136156466e-09,1.7604379212580077e-09,1.7604507055961602e-09,1.7604634891707105e-09,1.7604762719814365e-09,1.7604890540280793e-09,1.760501835310457e-09,1.7605146158283756e-09,1.7605273955814867e-09,1.7605401745696635e-09,1.760552952792646e-09,1.7605657302502127e-09,1.7605785069423187e-09,1.7605912828684083e-09,1.7606040580284098e-09,1.7606168324221356e-09,1.7606296060493729e-09,1.7606423789098513e-09,1.7606551510033708e-09,1.760667922329753e-09,1.7606806928887045e-09,1.760693462680132e-09,1.7607062317037937e-09,1.760718999959244e-09,1.7607317674464227e-09,1.7607445341651941e-09,1.7607573001152573e-09,1.7607700652963446e-09,1.7607828297082629e-09,1.7607955933508666e-09,1.7608083562238578e-09,1.7608211183270772e-09,1.760833879660304e-09,1.7608466402232727e-09,1.760859400015817e-09,1.7608721590377024e-09,1.7608849172887737e-09,1.7608976747685241e-09,1.760910431477202e-09,1.7609231874143553e-09,1.7609359425798196e-09,1.7609486969735827e-09,1.7609614505949486e-09,1.7609742034438443e-09,1.7609869555202698e-09,1.7609997068240028e-09,1.7610124573547228e-09,1.7610252071122267e-09,1.7610379560963527e-09,1.7610507043067914e-09,1.761063451743504e-09,1.7610761984061788e-09,1.7610889442946229e-09,1.761101689408591e-09,1.7611144337479423e-09,1.7611271773124153e-09,1.7611399201018167e-09,1.7611526621159314e-09,1.7611654033547027e-09,1.7611781438178547e-09,1.7611908835049216e-09,1.7612036224158884e-09,1.761216360550541e-09,1.7612290979087737e-09,1.761241834490208e-09,1.7612545702947244e-09,1.7612673053221078e-09,1.7612800395721807e-09,1.7612927730451105e-09,1.7613055057399157e-09,1.761318237656783e-09,1.7613309687955085e-09,1.7613436991558593e-09,1.7613564287377208e-09,1.761369157540833e-09,1.7613818855649623e-09,1.7613946128099827e-09,1.7614073392756656e-09,1.7614200649618296e-09,1.7614327898682454e-09,1.7614455139947002e-09,1.7614582373410458e-09,1.7614709599070458e-09,1.7614836816924569e-09,1.7614964026972334e-09,1.7615091229210523e-09,1.7615218423637648e-09,1.7615345610250663e-09,1.7615472789049019e-09,1.7615599960029593e-09,1.7615727123192507e-09,1.761585427853381e-09,1.7615981426051745e-09,1.7616108565744554e-09,1.7616235697610494e-09,1.7616362821647644e-09,1.7616489937857528e-09,1.7616617046230922e-09,1.7616744146769985e-09,1.7616871239472152e-09,1.761699832433597e-09,1.7617125401359064e-09,1.7617252470539888e-09,1.7617379531876695e-09,1.7617506585367075e-09,1.7617633631009289e-09,1.7617760668800883e-09,1.761788769874081e-09,1.7618014720829043e-09,1.7618141735059071e-09,1.7618268741432127e-09,1.7618395739945883e-09,1.7618522730597771e-09,1.7618649713386646e-09,1.7618776688310297e-09,1.7618903655366606e-09,1.7619030614554552e-09,1.761915756587158e-09,1.7619284509315645e-09,1.7619411444885566e-09,1.7619538372579135e-09,1.7619665292394504e-09,1.7619792204329641e-09,1.7619919108383395e-09,1.7620046004552243e-09,1.7620172892836173e-09,1.7620299773232742e-09,1.7620426645739877e-09,1.7620553510355863e-09,1.7620680367078952e-09,1.7620807215907356e-09,1.7620934056841855e-09,1.7621060889875441e-09,1.762118771500907e-09,1.7621314532240014e-09,1.7621441341566767e-09,1.7621568142987856e-09,1.7621694936501346e-09,1.7621821722105473e-09,1.7621948499798238e-09,1.7622075269578307e-09,1.762220203144244e-09,1.7622328785391286e-09,1.7622455531421841e-09,1.7622582269532411e-09,1.7622708999720866e-09,1.7622835721986008e-09,1.7622962436325318e-09,1.7623089142737616e-09,1.762321584122059e-09,1.7623342531772904e-09,1.7623469214392444e-09,1.7623595889076916e-09,1.762372255582661e-09,1.7623849214637946e-09,1.7623975865510171e-09,1.7624102508440876e-09,1.7624229143428346e-09,1.762435577047093e-09,1.7624482389567853e-09,1.7624609000715993e-09,1.762473560391415e-09,1.7624862199160332e-09,1.762498878645317e-09,1.7625115365790438e-09,1.7625241937172186e-09,1.7625368500593858e-09,1.7625495056055796e-09,1.7625621603555246e-09,1.7625748143090191e-09,1.762587467465991e-09,1.7626001198262985e-09,1.7626127713897198e-09,1.762625422156061e-09,1.7626380721251646e-09,1.762650721296849e-09,1.7626633696709696e-09,1.7626760172473516e-09,1.762688664025765e-09,1.7627013100062187e-09,1.762713955188384e-09,1.7627265995721447e-09,1.7627392431573198e-09,1.7627518859437636e-09,1.7627645279312988e-09,1.7627771691197094e-09,1.7627898095089155e-09,1.7628024490986834e-09,1.7628150878887612e-09,1.7628277258792306e-09,1.7628403630696898e-09,1.7628529994602195e-09,1.7628656350504975e-09,1.7628782698402989e-09,1.7628909038297083e-09,1.762903537018156e-09,1.7629161694058488e-09,1.7629288009924776e-09,1.7629414317778569e-09,1.7629540617619178e-09,1.7629666909444642e-09,1.7629793193252654e-09,1.7629919469042002e-09,1.7630045736811095e-09,1.7630171996558533e-09,1.7630298248282333e-09,1.7630424491984118e-09,1.763055072765612e-09,1.7630676955301342e-09,1.7630803174915227e-09,1.7630929386498003e-09,1.7631055590047588e-09,1.7631181785562375e-09,1.7631307973040986e-09,1.7631434152481866e-09,1.763156032388333e-09,1.7631686487243878e-09,1.763181264256191e-09,1.7631938789835885e-09,1.7632064929064222e-09,1.763219106024797e-09,1.7632317183380297e-09,1.7632443298461418e-09,1.7632569405490798e-09,1.763269550446539e-09,1.763282159538717e-09,1.7632947678252342e-09,1.763307375305948e-09,1.7633199819807578e-09,1.76333258784944e-09,1.763345192911756e-09,1.7633577971677033e-09,1.7633704006170807e-09,1.7633830032597243e-09,1.7633956050952018e-09,1.7634082061239323e-09,1.7634208063454823e-09,1.7634334057596892e-09,1.7634460043664088e-09,1.7634586021654362e-09,1.7634711991566588e-09,1.7634837953400172e-09,1.7634963907152792e-09,1.7635089852822973e-09,1.7635215790409386e-09,1.7635341719910494e-09,1.7635467641324525e-09,1.7635593554649588e-09,1.7635719459884788e-09,1.7635845357029237e-09,1.7635971246080418e-09,1.7636097127037925e-09,1.7636222999899304e-09,1.763634886466367e-09,1.763647472132824e-09,1.7636600569893905e-09,1.763672641035664e-09,1.7636852242717283e-09,1.7636978066973393e-09,1.7637103883123396e-09,1.763722969116569e-09,1.7637355491099195e-09,1.763748128292259e-09,1.763760706663375e-09,1.7637732842232103e-09,1.7637858609715484e-09,1.7637984369082815e-09,1.763811012033263e-09,1.7638235863463053e-09,1.7638361598473414e-09,1.7638487325361786e-09,1.7638613044126886e-09,1.7638738754767261e-09,1.763886445728127e-09,1.7638990151667945e-09,1.7639115837925552e-09,1.763924151605279e-09,1.7639367186048322e-09,1.7639492847911835e-09,1.7639618501639385e-09,1.7639744147231116e-09,1.7639869784685752e-09,1.7639995414001102e-09,1.764012103517658e-09,1.7640246648210348e-09,1.764037225310124e-09,1.7640497849847889e-09,1.7640623438449054e-09,1.7640749018902477e-09,1.764087459120733e-09,1.7641000155362123e-09,1.7641125711366602e-09,1.7641251259218009e-09,1.7641376798915362e-09,1.7641502330457846e-09,1.7641627853843736e-09,1.7641753369070337e-09,1.7641878876138333e-09,1.7642004375045378e-09,1.7642129865790698e-09,1.7642255348372577e-09,1.76423808227892e-09,1.7642506289039692e-09,1.7642631747123327e-09,1.7642757197037283e-09,1.764288263878199e-09,1.7643008072355193e-09,1.7643133497755746e-09,1.7643258914980912e-09,1.7643384324031979e-09,1.7643509724905668e-09,1.7643635117600853e-09,1.764376050211618e-09,1.7643885878450775e-09,1.764401124660332e-09,1.7644136606573636e-09,1.7644261958359229e-09,1.764438730195781e-09,1.7644512637369945e-09,1.7644637964593499e-09,1.7644763283627015e-09,1.76448885944694e-09,1.764501389711866e-09,1.7645139191573087e-09,1.764526447783523e-09,1.764538975590082e-09,1.764551502576842e-09,1.7645640287435483e-09,1.7645765540903108e-09,1.7645890786169745e-09,1.7646016023233425e-09,1.7646141252092203e-09,1.764626647274662e-09,1.7646391685194818e-09,1.7646516889434062e-09,1.7646642085465367e-09,1.7646767273286325e-09,1.7646892452894384e-09,1.7647017624289605e-09,1.7647142787471876e-09,1.7647267942438705e-09,1.7647393089187958e-09,1.7647518227719792e-09,1.7647643358032064e-09,1.7647768480124006e-09,1.7647893593994509e-09,1.7648018699642108e-09,1.7648143797065708e-09,1.7648268886264108e-09,1.7648393967236175e-09,1.7648519039979673e-09,1.7648644104496376e-09,1.7648769160781582e-09,1.7648894208835323e-09,1.7649019248656497e-09,1.7649144280244331e-09,1.7649269303596929e-09,1.7649394318713117e-09,1.7649519325591567e-09,1.7649644324231745e-09,1.7649769314633245e-09,1.7649894296792728e-09,1.7650019270710007e-09,1.7650144236384074e-09,1.7650269193812083e-09,1.7650394142995721e-09,1.7650519083932336e-09,1.7650644016620785e-09,1.7650768941060037e-09,1.765089385724858e-09,1.765101876518556e-09,1.7651143664869653e-09,1.7651268556299605e-09,1.7651393439474683e-09,1.7651518314393008e-09,1.7651643181054015e-09,1.7651768039456328e-09,1.7651892889598104e-09,1.765201773147963e-09,1.7652142565098846e-09,1.7652267390454866e-09,1.7652392207546377e-09,1.7652517016371536e-09,1.7652641816930044e-09,1.7652766609222581e-09,1.7652891393244448e-09,1.76530161689967e-09,1.765314093647677e-09,1.7653265695686009e-09,1.7653390446625097e-09,1.7653515189284457e-09,1.7653639923668683e-09,1.7653764649776196e-09,1.765388936760538e-09,1.7654014077155443e-09,1.7654138778425117e-09,1.7654263471412339e-09,1.7654388156118029e-09,1.7654512832539466e-09,1.7654637500676789e-09,1.7654762160528191e-09,1.7654886812092611e-09,1.765501145536896e-09,1.7655136090356135e-09,1.7655260717053032e-09,1.7655385335458393e-09,1.7655509945571483e-09,1.7655634547390223e-09,1.7655759140914053e-09,1.7655883726143207e-09,1.7656008303075556e-09,1.7656132871709925e-09,1.7656257432044508e-09,1.7656381984080094e-09,1.765650652781459e-09,1.7656631063246714e-09,1.7656755590375538e-09,1.7656880109200066e-09,1.7657004619719212e-09,1.7657129121931892e-09,1.7657253615837093e-09,1.7657378101437937e-09,1.7657502578724726e-09,1.7657627047701131e-09,1.765775150836561e-09,1.7657875960718318e-09,1.7658000404756053e-09,1.7658124840478247e-09,1.7658249267885245e-09,1.765837368697536e-09,1.7658498097746152e-09,1.7658622500199152e-09,1.765874689433208e-09,1.765887128014394e-09,1.7658995657631855e-09,1.7659120026797967e-09,1.7659244387640606e-09,1.7659368740157933e-09,1.7659493084347868e-09,1.765961742021152e-09,1.765974174774689e-09,1.7659866066953e-09,1.7659990377825585e-09,1.7660114680370104e-09,1.7660238974582238e-09,1.7660363260461069e-09,1.7660487538005576e-09,1.766061180721473e-09,1.7660736068087693e-09,1.7660860320623227e-09,1.7660984564818488e-09,1.766110880067471e-09,1.7661233028192308e-09,1.7661357247368945e-09,1.7661481458202754e-09,1.7661605660693679e-09,1.7661729854840275e-09,1.7661854040647515e-09,1.7661978218102411e-09,1.7662102387210308e-09,1.7662226547970259e-09,1.7662350700380909e-09,1.7662474844441642e-09,1.7662598980149661e-09,1.7662723107507145e-09,1.766284722651166e-09,1.7662971337162392e-09,1.7663095439457273e-09,1.7663219533397154e-09,1.7663343618980147e-09,1.766346769620537e-09,1.7663591765071769e-09,1.766371582557868e-09,1.7663839877724812e-09,1.766396392150947e-09,1.7664087956931474e-09,1.7664211983990111e-09,1.7664336002684395e-09,1.7664460013013309e-09,1.7664584014976165e-09,1.7664708008567342e-09,1.7664831993796247e-09,1.7664955970654875e-09,1.766507993914342e-09,1.7665203899261043e-09,1.7665327851007425e-09,1.7665451794380614e-09,1.7665575729380168e-09,1.7665699656005323e-09,1.7665823574254875e-09,1.766594748412806e-09,1.7666071385624193e-09,1.7666195278741841e-09,1.7666319163480416e-09,1.7666443039839208e-09,1.766656690781702e-09,1.7666690767412081e-09,1.7666814618621728e-09,1.7666938461451955e-09,1.7667062295897262e-09,1.766718612195691e-09,1.7667309939630682e-09,1.7667433748919447e-09,1.7667557549820208e-09,1.766768134232928e-09,1.7667805126449125e-09,1.7667928902177788e-09,1.7668052669514906e-09,1.766817642845781e-09,1.766830017901024e-09,1.7668423921168712e-09,1.7668547654931764e-09,1.766867138029863e-09,1.7668795097268332e-09,1.7668918805842507e-09,1.7669042506019727e-09,1.7669166197793996e-09,1.7669289881168126e-09,1.7669413556141684e-09,1.7669537222715035e-09,1.766966088088421e-09,1.7669784530650129e-09,1.7669908172010676e-09,1.7670031804968124e-09,1.7670155429516999e-09,1.767027904566278e-09,1.7670402653399803e-09,1.7670526252727922e-09,1.767064984364558e-09,1.7670773426156146e-09,1.7670897000254621e-09,1.7671020565938252e-09,1.7671144123211132e-09,1.7671267672071423e-09,1.7671391212514181e-09,1.7671514744542137e-09,1.7671638268153338e-09,1.767176178334796e-09,1.7671885290124459e-09,1.7672008788483241e-09,1.7672132278422905e-09,1.7672255759936504e-09,1.7672379233034364e-09,1.7672502697710834e-09,1.767262615396479e-09,1.7672749601796483e-09,1.7672873041203165e-09,1.7672996472187884e-09,1.7673119894740535e-09,1.7673243308872773e-09,1.7673366714574462e-09,1.767349011184843e-09,1.767361350069496e-09,1.7673736881111626e-09,1.767386025309864e-09,1.7673983616652497e-09,1.7674106971773858e-09,1.7674230318463672e-09,1.7674353656719645e-09,1.7674476986543794e-09,1.7674600307930395e-09,1.7674723620884032e-09,1.767484692539987e-09,1.767497022147586e-09,1.7675093509113885e-09,1.7675216788310593e-09,1.7675340059074777e-09,1.7675463321397528e-09,1.7675586575276002e-09,1.7675709820712989e-09,1.7675833057707439e-09,1.7675956286257252e-09,1.767607950636316e-09,1.7676202718024296e-09,1.7676325921240091e-09,1.767644911600418e-09,1.7676572302322958e-09,1.7676695480196897e-09,1.7676818649621833e-09,1.7676941810597438e-09,1.7677064963122702e-09,1.7677188107197965e-09,1.7677311242820695e-09,1.7677434369990873e-09,1.7677557488708166e-09,1.7677680598972212e-09,1.767780370078216e-09,1.7677926794136114e-09,1.7678049879034627e-09,1.7678172955476782e-09,1.7678296023461346e-09,1.7678419082988663e-09,1.7678542134056233e-09,1.7678665176664919e-09,1.767878821080962e-09,1.7678911236497175e-09,1.7679034253723278e-09,1.7679157262487101e-09,1.7679280262791994e-09,1.7679403254629013e-09,1.7679526238001788e-09,1.7679649212909723e-09,1.7679772179350623e-09,1.767989513732208e-09,1.7680018086830185e-09,1.7680141027869275e-09,1.7680263960442025e-09,1.7680386884545247e-09,1.7680509800181857e-09,1.7680632707342161e-09,1.7680755606033092e-09,1.7680878496252551e-09,1.7681001377999117e-09,1.7681124251272363e-09,1.7681247116071966e-09,1.7681369972396292e-09,1.7681492820246009e-09,1.768161565961957e-09,1.7681738490516474e-09,1.7681861312935798e-09,1.7681984126876549e-09,1.7682106932340198e-09,1.768222972932539e-09,1.7682352517829781e-09,1.7682475297852899e-09,1.768259806939902e-09,1.7682720832459137e-09,1.768284358703739e-09,1.7682966333129494e-09,1.768308907074027e-09,1.7683211799864616e-09,1.76833345205059e-09,1.7683457232662066e-09,1.7683579936331632e-09,1.7683702631513934e-09,1.7683825318209597e-09,1.7683947996416635e-09,1.7684070666134643e-09,1.7684193327363613e-09,1.768431598010185e-09,1.7684438624349515e-09,1.7684561260106885e-09,1.7684683887370224e-09,1.768480650614151e-09,1.7684929116420663e-09,1.768505171820586e-09,1.7685174311496548e-09,1.7685296896292067e-09,1.768541947259138e-09,1.7685542040394546e-09,1.7685664599700575e-09,1.768578715050886e-09,1.7685909692819348e-09,1.7686032226631135e-09,1.7686154751943883e-09,1.7686277268755723e-09,1.768639977706798e-09,1.768652227687979e-09,1.7686644768189277e-09,1.7686767250996318e-09,1.7686889725300725e-09,1.7687012191102415e-09,1.768713464839993e-09,1.7687257097192194e-09,1.7687379537479965e-09,1.7687501969261129e-09,1.7687624392536741e-09,1.7687746807304576e-09,1.7687869213564883e-09,1.7687991611316622e-09,1.7688114000560132e-09,1.7688236381294456e-09,1.7688358753519693e-09,1.7688481117233752e-09,1.768860347243707e-09,1.7688725819128657e-09,1.7688848157308189e-09,1.7688970486975874e-09,1.7689092808129508e-09,1.7689215120769416e-09,1.7689337424894982e-09,1.7689459720505717e-09,1.7689582007600968e-09,1.768970428618024e-09,1.768982655624303e-09,1.768994881778869e-09,1.769007107081674e-09,1.7690193315326663e-09,1.7690315551317873e-09,1.7690437778790812e-09,1.769055999774372e-09,1.7690682208175525e-09,1.7690804410086497e-09,1.7690926603476032e-09,1.7691048788343688e-09,1.769117096468884e-09,1.7691293132511007e-09,1.769141529180967e-09,1.769153744258423e-09,1.7691659584834268e-09,1.7691781718559189e-09,1.7691903843758487e-09,1.7692025960431673e-09,1.769214806857824e-09,1.7692270168197582e-09,1.769239225928923e-09,1.7692514341852686e-09,1.7692636415888045e-09,1.7692758481393534e-09,1.769288053836933e-09,1.7693002586815165e-09,1.7693124626730033e-09,1.769324665811356e-09,1.7693368680965872e-09,1.7693490695285415e-09,1.769361270107306e-09,1.7693734698326587e-09,1.7693856687047185e-09,1.7693978667233553e-09,1.7694100638884361e-09,1.7694222602000836e-09,1.7694344556580723e-09,1.7694466502624395e-09,1.7694588440131398e-09,1.769471036910123e-09,1.7694832289533401e-09,1.769495420142744e-09,1.7695076104782873e-09,1.769519799959926e-09,1.7695319885876e-09,1.76954417636127e-09,1.7695563632808872e-09,1.7695685493464037e-09,1.7695807345577763e-09,1.7695929189150251e-09,1.7696051024179655e-09,1.7696172850666275e-09,1.7696294668609488e-09,1.7696416478009799e-09,1.769653827886498e-09,1.7696660071176296e-09,1.7696781854941588e-09,1.7696903630161264e-09,1.7697025396834878e-09,1.7697147154961964e-09,1.7697268904542035e-09,1.7697390645574679e-09,1.7697512378059923e-09,1.769763410199637e-09,1.7697755817384045e-09,1.7697877524222502e-09,1.7697999222511293e-09,1.7698120912250385e-09,1.769824259343862e-09,1.7698364266077013e-09,1.7698485930162688e-09,1.7698607585696598e-09,1.76987292326783e-09,1.7698850871107198e-09,1.7698972500987705e-09,1.7699094122309886e-09,1.7699215735078554e-09,1.769933733929232e-09,1.7699458934951243e-09,1.7699580522054974e-09,1.7699702100603002e-09,1.769982367059483e-09,1.7699945232029863e-09,1.7700066784908938e-09,1.7700188329230907e-09,1.7700309864994252e-09,1.7700431392199604e-09,1.7700552910843816e-09,1.7700674420930925e-09,1.77007959224603e-09,1.7700917415428274e-09,1.7701038899840169e-09,1.7701160375689197e-09,1.7701281842975351e-09,1.7701403301703017e-09,1.7701524751865763e-09,1.770164619346631e-09,1.7701767626504602e-09,1.770188905097956e-09,1.7702010466891166e-09,1.7702131874240768e-09,1.7702253273024212e-09,1.7702374663246082e-09,1.7702496044900092e-09,1.770261741799141e-09,1.7702738782514474e-09,1.7702860138471778e-09,1.77029814858641e-09,1.7703102824687208e-09,1.7703224154945742e-09,1.7703345476637061e-09,1.7703466789757867e-09,1.7703588094310473e-09,1.7703709390296197e-09,1.770383067771058e-09,1.7703951956557514e-09,1.7704073226834735e-09,1.7704194488540105e-09,1.7704315741672193e-09,1.7704436986235306e-09,1.770455822223514e-09,1.7704679449657523e-09,1.7704800668508833e-09,1.7704921878784587e-09,1.770504308048978e-09,1.7705164273619674e-09,1.7705285458176148e-09,1.7705406634160355e-09,1.7705527801571633e-09,1.770564896040912e-09,1.7705770110668868e-09,1.7705891252353487e-09,1.7706012385464412e-09,1.7706133509996947e-09,1.7706254625953958e-09,1.7706375733335483e-09,1.7706496832139045e-09,1.7706617922360651e-09,1.7706739004009566e-09,1.7706860077080414e-09,1.7706981141574267e-09,1.7707102197488207e-09,1.770722324482338e-09,1.7707344283578707e-09,1.7707465313754415e-09,1.7707586335351626e-09,1.7707707348367906e-09,1.7707828352803746e-09,1.7707949348658774e-09,1.7708070335931998e-09,1.770819131462414e-09,1.7708312284733977e-09,1.7708433246262607e-09,1.7708554199208565e-09,1.7708675143572024e-09,1.7708796079351478e-09,1.7708917006549136e-09,1.7709037925162515e-09,1.7709158835192546e-09,1.7709279736637615e-09,1.7709400629499833e-09,1.770952151377705e-09,1.770964238946629e-09,1.7709763256571231e-09,1.7709884115090383e-09,1.7710004965024049e-09,1.7710125806370616e-09,1.7710246639130652e-09,1.7710367463303624e-09,1.771048827888935e-09,1.7710609085887472e-09,1.771072988429953e-09,1.7710850674122354e-09,1.7710971455355244e-09,1.7711092228002057e-09,1.7711212992057968e-09,1.7711333747524709e-09,1.7711454494404324e-09,1.7711575232693528e-09,1.7711695962392838e-09,1.7711816683501505e-09,1.771193739601756e-09,1.7712058099942404e-09,1.7712178795276394e-09,1.7712299482019497e-09,1.7712420160172712e-09,1.7712540829731153e-09,1.7712661490703142e-09,1.771278214307646e-09,1.771290278685693e-09,1.7713023422044745e-09,1.7713144048641433e-09,1.7713264666642216e-09,1.7713385276049067e-09,1.7713505876861718e-09,1.7713626469080148e-09,1.7713747052705487e-09,1.7713867627736572e-09,1.7713988194171038e-09,1.7714108752009863e-09,1.771422930125507e-09,1.7714349841901649e-09,1.7714470373957376e-09,1.7714590897411378e-09,1.771471141226768e-09,1.771483191852841e-09,1.7714952416191928e-09,1.7715072905258244e-09,1.7715193385726763e-09,1.7715313857597435e-09,1.7715434320870028e-09,1.7715554775547534e-09,1.7715675221623194e-09,1.771579565909881e-09,1.7715916087977166e-09,1.771603650825509e-09,1.771615691993404e-09,1.7716277323013263e-09,1.7716397717493024e-09,1.77165181033723e-09,1.7716638480651198e-09,1.7716758849329016e-09,1.7716879209407975e-09,1.771699956088433e-09,1.7717119903760614e-09,1.7717240238033387e-09,1.771736056370672e-09,1.7717480880776703e-09,1.7717601189246054e-09,1.7717721489112955e-09,1.7717841780375873e-09,1.771796206303822e-09,1.771808233709539e-09,1.7718202602548706e-09,1.7718322859399371e-09,1.7718443107646343e-09,1.7718563347289615e-09,1.771868357832878e-09,1.771880380076374e-09,1.7718924014594087e-09,1.7719044219821796e-09,1.7719164416441942e-09,1.7719284604458026e-09,1.771940478386897e-09,1.7719524954674324e-09,1.7719645116874832e-09,1.7719765270469023e-09,1.771988541545686e-09,1.7720005551838936e-09,1.7720125679613638e-09,1.7720245798782785e-09,1.7720365909344454e-09,1.7720486011299937e-09,1.7720606104648466e-09,1.772072618938975e-09,1.772084626552265e-09,1.7720966333049224e-09,1.7721086391967765e-09,1.7721206442278438e-09,1.7721326483985932e-09,1.7721446517079938e-09,1.7721566541565203e-09,1.7721686557444836e-09,1.7721806564713331e-09,1.7721926563372378e-09,1.7722046553424767e-09,1.7722166534865879e-09,1.7722286507696824e-09,1.7722406471917999e-09,1.7722526427529521e-09,1.7722646374531076e-09,1.7722766312920672e-09,1.7722886242701526e-09,1.7723006163871607e-09,1.7723126076431396e-09,1.772324598038066e-09,1.772336587571888e-09,1.7723485762446125e-09,1.7723605640560329e-09,1.7723725510064951e-09,1.7723845370957964e-09,1.7723965223240252e-09,1.7724085066910317e-09,1.7724204901967495e-09,1.7724324728413868e-09,1.7724444546249642e-09,1.7724564355470164e-09,1.7724684156078202e-09,1.772480394807403e-09,1.7724923731456928e-09,1.7725043506226405e-09,1.772516327238139e-09,1.7725283029922832e-09,1.7725402778846165e-09,1.7725522519164705e-09,1.772564225086764e-09,1.7725761973956524e-09,1.7725881688431895e-09,1.7726001394293362e-09,1.7726121091540418e-09,1.7726240780172092e-09,1.7726360460190725e-09,1.7726480131595792e-09,1.7726599794385051e-09,1.7726719448559609e-09,1.7726839094123216e-09,1.7726958731069684e-09,1.772707835939789e-09,1.772719797911231e-09,1.7727317590211584e-09,1.7727437192695204e-09,1.7727556786563148e-09,1.7727676371815503e-09,1.772779594845207e-09,1.772791551647277e-09,1.7728035075878047e-09,1.772815462666381e-09,1.7728274168836076e-09,1.7728393702393277e-09,1.7728513227332025e-09,1.772863274365516e-09,1.772875225136167e-09,1.7728871750451407e-09,1.7728991240924618e-09,1.7729110722779399e-09,1.7729230196017584e-09,1.7729349660638096e-09,1.7729469116642868e-09,1.7729588564030975e-09,1.7729708002800397e-09,1.7729827432952386e-09,1.7729946854488052e-09,1.773006626740561e-09,1.773018567170219e-09,1.7730305067383607e-09,1.7730424454448637e-09,1.7730543832893346e-09,1.7730663202721948e-09,1.7730782563930607e-09,1.773090191652212e-09,1.7731021260496989e-09,1.7731140595851842e-09,1.7731259922588385e-09,1.773137924070687e-09,1.7731498550206656e-09,1.773161785108726e-09,1.773173714334907e-09,1.7731856426991834e-09,1.7731975702022206e-09,1.7732094968431928e-09,1.773221422621637e-09,1.7732333475382112e-09,1.773245271592979e-09,1.7732571947859107e-09,1.7732691171168595e-09,1.7732810385858646e-09,1.7732929591929134e-09,1.7733048789386726e-09,1.7733167978217502e-09,1.7733287158431407e-09,1.773340633002354e-09,1.7733525492996577e-09,1.7733644647349038e-09,1.7733763793080239e-09,1.7733882930191305e-09,1.7734002058683094e-09,1.7734121178556132e-09,1.7734240289808953e-09,1.7734359392441517e-09,1.7734478486456845e-09,1.7734597571848318e-09,1.7734716648620754e-09,1.7734835716772633e-09,1.7734954776303346e-09,1.7735073827213598e-09,1.7735192869505069e-09,1.7735311903177764e-09,1.7735430928228413e-09,1.773554994465826e-09,1.7735668952465571e-09,1.773578795165466e-09,1.7735906942224963e-09,1.7736025924172582e-09,1.7736144897500963e-09,1.773626386220554e-09,1.7736382818291098e-09,1.7736501765755632e-09,1.7736620704599569e-09,1.7736739634821603e-09,1.7736858556423977e-09,1.773697746940551e-09,1.7737096373766423e-09,1.7737215269506203e-09,1.7737334156627254e-09,1.7737453035123079e-09,1.7737571904999748e-09,1.7737690766262175e-09,1.7737809618895098e-09,1.773792846290881e-09,1.7738047298301912e-09,1.773816612507309e-09,1.7738284943224093e-09,1.7738403752756454e-09,1.7738522553666474e-09,1.7738641345954268e-09,1.7738760129620977e-09,1.7738878904665196e-09,1.7738997671089807e-09,1.7739116428893264e-09,1.77392351780755e-09,1.7739353918634097e-09,1.773947265057442e-09,1.7739591373893684e-09,1.773971008859165e-09,1.7739828794667282e-09,1.7739947492122786e-09,1.7740066180957481e-09,1.7740184861170973e-09,1.7740303532763936e-09,1.7740422195735898e-09,1.7740540850086302e-09,1.7740659495815227e-09,1.7740778132923018e-09,1.7740896761410197e-09,1.7741015381276857e-09,1.7741133992521953e-09,1.7741252595146052e-09,1.7741371189145393e-09,1.7741489774527241e-09,1.7741608351286776e-09,1.7741726919426952e-09,1.7741845478946049e-09,1.7741964029844453e-09,1.7742082572123402e-09,1.7742201105779858e-09,1.774231963081565e-09,1.7742438147229803e-09,1.774255665502389e-09,1.7742675154197554e-09,1.7742793644750066e-09,1.7742912126681442e-09,1.7743030599994869e-09,1.7743149064685983e-09,1.7743267520757432e-09,1.7743385968206547e-09,1.7743504407035803e-09,1.7743622837244147e-09,1.7743741258832335e-09,1.774385967179964e-09,1.7743978076146694e-09,1.774409647187484e-09,1.774421485898115e-09,1.7744333237467009e-09,1.774445160733351e-09,1.774456996857907e-09,1.7744688321203385e-09,1.7744806665209753e-09,1.7744925000594943e-09,1.7745043327364132e-09,1.7745161645508258e-09,1.7745279955033323e-09,1.7745398255938374e-09,1.7745516548222793e-09,1.7745634831888533e-09,1.774575310693447e-09,1.7745871373362227e-09,1.7745989631168637e-09,1.7746107880355525e-09,1.774622612092683e-09,1.7746344352877456e-09,1.774646257620568e-09,1.7746580790915053e-09,1.7746698997004614e-09,1.7746817194476838e-09,1.7746935383328589e-09,1.7747053563560884e-09,1.7747171735174165e-09,1.7747289898168357e-09,1.7747408052543923e-09,1.774752619830061e-09,1.774764433544012e-09,1.7747762463961467e-09,1.7747880583861955e-09,1.774799869514391e-09,1.7748116797806638e-09,1.7748234891851505e-09,1.7748352977278147e-09,1.7748471054086404e-09,1.7748589122276263e-09,1.774870718184891e-09,1.7748825232802493e-09,1.7748943275140506e-09,1.7749061308860206e-09,1.7749179333960498e-09,1.7749297350442096e-09,1.7749415358308709e-09,1.774953335755795e-09,1.7749651348188202e-09,1.7749769330200544e-09,1.7749887303598883e-09,1.7750005268379336e-09,1.7750123224538024e-09,1.7750241172082045e-09,1.7750359111008724e-09,1.7750477041318212e-09,1.7750594963010682e-09,1.7750712876087382e-09,1.7750830780546858e-09,1.77509486763859e-09,1.7751066563614938e-09,1.775118444222559e-09,1.7751302312222061e-09,1.7751420173602328e-09,1.7751538026364173e-09,1.7751655870509872e-09,1.7751773706039847e-09,1.7751891532953905e-09,1.7752009351252829e-09,1.7752127160936303e-09,1.775224496200434e-09,1.7752362754459163e-09,1.7752480538296008e-09,1.7752598313518356e-09,1.775271608012599e-09,1.7752833838118444e-09,1.775295158749621e-09,1.7753069328259264e-09,1.7753187060410022e-09,1.7753304783946097e-09,1.7753422498865872e-09,1.7753540205171376e-09,1.7753657902863533e-09,1.7753775591941158e-09,1.7753893272404805e-09,1.7754010944254285e-09,1.7754128607490516e-09,1.7754246262113532e-09,1.7754363908122916e-09,1.7754481545520753e-09,1.7754599174305696e-09,1.7754716794475555e-09,1.7754834406033614e-09,1.7754952008977878e-09,1.7755069603312539e-09,1.7755187189031088e-09,1.7755304766137619e-09,1.7755422334634253e-09,1.7755539894516675e-09,1.7755657445793454e-09,1.775577498845184e-09,1.7755892522499991e-09,1.7756010047935613e-09,1.7756127564758687e-09,1.7756245072971066e-09,1.775636257257315e-09,1.7756480063565655e-09,1.7756597545944678e-09,1.7756715019712851e-09,1.7756832484874637e-09,1.7756949941422144e-09,1.7757067389359837e-09,1.7757184828686398e-09,1.775730225940173e-09,1.7757419681508255e-09,1.7757537095006885e-09,1.7757654499892723e-09,1.7757771896170172e-09,1.77578892838416e-09,1.7758006662900307e-09,1.7758124033348918e-09,1.7758241395190714e-09,1.7758358748422623e-09,1.7758476093046032e-09,1.7758593429061174e-09,1.7758710756468039e-09,1.7758828075266741e-09,1.7758945385455802e-09,1.7759062687045752e-09,1.775917998002054e-09,1.7759297264387936e-09,1.7759414540145977e-09,1.7759531807298444e-09,1.7759649065843325e-09,1.775976631578259e-09,1.7759883557114746e-09,1.7760000789842816e-09,1.7760118013964555e-09,1.7760235229477613e-09,1.7760352436384597e-09,1.7760469634684583e-09,1.7760586824379871e-09,1.7760704005469583e-09,1.7760821177955172e-09,1.7760938341841278e-09,1.7761055497115443e-09,1.7761172643783744e-09,1.7761289781843127e-09,1.7761406911302701e-09,1.7761524032157764e-09,1.7761641144408402e-09,1.776175824805564e-09,1.77618753430986e-09,1.7761992429538132e-09,1.7762109507376248e-09,1.7762226576602954e-09,1.7762343637234524e-09,1.7762460689261208e-09,1.776257773268494e-09,1.7762694767506214e-09,1.776281179372502e-09,1.776292881134129e-09,1.776304582036293e-09,1.7763162820777967e-09,1.7763279812589576e-09,1.7763396795801255e-09,1.7763513770408998e-09,1.7763630736416143e-09,1.7763747693821741e-09,1.7763864642626729e-09,1.7763981582831408e-09,1.7764098514435663e-09,1.7764215437439716e-09,1.7764332351844926e-09,1.776444925764947e-09,1.7764566154854322e-09,1.7764683043461141e-09,1.7764799923469637e-09,1.776491679487689e-09,1.776503365768715e-09,1.7765150511902975e-09,1.7765267357514124e-09,1.7765384194527151e-09,1.7765501022942056e-09,1.7765617842759354e-09,1.776573465398021e-09,1.7765851456602818e-09,1.7765968250627845e-09,1.7766085036056138e-09,1.7766201812887565e-09,1.7766318581124292e-09,1.7766435340762859e-09,1.7766552091805303e-09,1.7766668834251469e-09,1.7766785568099555e-09,1.7766902293349972e-09,1.7767019010009639e-09,1.7767135718074361e-09,1.776725241754464e-09,1.7767369108419753e-09,1.776748579069843e-09,1.7767602464384999e-09,1.776771912947755e-09,1.7767835785976207e-09,1.7767952433881173e-09,1.7768069073192998e-09,1.7768185703911838e-09,1.7768302326038768e-09,1.7768418939571834e-09,1.7768535544512123e-09,1.776865214086038e-09,1.7768768728613407e-09,1.7768885307775884e-09,1.7769001878352505e-09,1.776911844033041e-09,1.7769234993720988e-09,1.7769351538520519e-09,1.776946807472684e-09,1.7769584602345036e-09,1.776970112137286e-09,1.7769817631811288e-09,1.7769934133659815e-09,1.7770050626918376e-09,1.7770167111587855e-09,1.7770283587668287e-09,1.7770400055159907e-09,1.7770516514064077e-09,1.7770632964378504e-09,1.7770749406105044e-09,1.7770865839243177e-09,1.7770982263794188e-09,1.7771098679755302e-09,1.777121508713195e-09,1.777133148592143e-09,1.7771447876123946e-09,1.7771564257740504e-09,1.7771680630770449e-09,1.777179699521119e-09,1.7771913351067795e-09,1.7772029698339656e-09,1.7772146037028923e-09,1.7772262367131795e-09,1.777237868864968e-09,1.7772495001585042e-09,1.7772611305934427e-09,1.7772727601697603e-09,1.7772843888877763e-09,1.7772960167475646e-09,1.7773076437490631e-09,1.7773192698922716e-09,1.7773308951771884e-09,1.7773425196040905e-09,1.7773541431725548e-09,1.7773657658825786e-09,1.7773773877346903e-09,1.777389008728639e-09,1.7774006288643323e-09,1.777412248142079e-09,1.777423866561722e-09,1.7774354841233503e-09,1.7774471008269116e-09,1.7774587166725112e-09,1.777470331660246e-09,1.7774819457900109e-09,1.7774935590618014e-09,1.7775051714755552e-09,1.7775167830316217e-09,1.7775283937298765e-09,1.7775400035703417e-09,1.7775516125527036e-09,1.7775632206776178e-09,1.7775748279447812e-09,1.777586434354273e-09,1.7775980399061035e-09,1.7776096446007056e-09,1.7776212484370785e-09,1.7776328514158144e-09,1.7776444535372121e-09,1.7776560548011499e-09,1.7776676552074851e-09,1.7776792547560476e-09,1.7776908534474662e-09,1.777702451281725e-09,1.7777140482583413e-09,1.7777256443773875e-09,1.7777372396393125e-09,1.777748834043913e-09,1.7777604275912196e-09,1.7777720202810566e-09,1.7777836121139074e-09,1.7777952030895511e-09,1.7778067932076257e-09,1.7778183824689534e-09,1.7778299708731356e-09,1.7778415584200419e-09,1.7778531451096542e-09,1.7778647309427275e-09,1.7778763159187688e-09,1.7778879000378637e-09,1.7778994833000168e-09,1.7779110657051988e-09,1.7779226472535259e-09,1.7779342279451503e-09,1.7779458077798195e-09,1.7779573867574775e-09,1.7779689648785352e-09,1.7779805421426162e-09,1.7779921185500507e-09,1.7780036941012435e-09,1.7780152687958716e-09,1.7780268426335908e-09,1.7780384156147055e-09,1.7780499877392199e-09,1.77806155900727e-09,1.778073129418767e-09,1.7780846989738032e-09,1.7780962676723996e-09,1.7781078355145567e-09,1.7781194025003338e-09,1.7781309686304386e-09,1.7781425339035752e-09,1.7781540983207466e-09,1.7781656618813309e-09,1.778177224586013e-09,1.7781887864341477e-09,1.7782003474261393e-09,1.7782119075625467e-09,1.7782234668429215e-09,1.778235025266569e-09,1.7782465828339921e-09,1.7782581395455581e-09,1.778269695401173e-09,1.7782812504014117e-09,1.7782928045458357e-09,1.778304357833714e-09,1.7783159102664116e-09,1.7783274618419977e-09,1.7783390125623855e-09,1.7783505624269828e-09,1.7783621114358893e-09,1.7783736595890313e-09,1.778385206886561e-09,1.7783967533286767e-09,1.778408298914961e-09,1.778419843645757e-09,1.7784313875209474e-09,1.778442930540612e-09,1.7784544727051284e-09,1.7784660140138643e-09,1.7784775544678828e-09,1.7784890940658386e-09,1.7785006328091181e-09,1.7785121706964355e-09,1.7785237077284483e-09,1.7785352439052485e-09,1.7785467792267894e-09,1.7785583136937972e-09,1.778569847305009e-09,1.7785813800611256e-09,1.7785929119621573e-09,1.778604443007978e-09,1.7786159731989128e-09,1.778627502534564e-09,1.7786390310159281e-09,1.7786505586426217e-09,1.7786620854139262e-09,1.7786736113306827e-09,1.778685136392817e-09,1.7786966606001219e-09,1.7787081839521314e-09,1.7787197064494058e-09,1.7787312280919278e-09,1.7787427488801956e-09,1.7787542688142239e-09,1.7787657878935179e-09,1.7787773061177208e-09,1.7787888234873862e-09,1.7788003400024184e-09,1.7788118556631915e-09,1.7788233704702116e-09,1.7788348844221191e-09,1.7788463975200796e-09,1.7788579097630872e-09,1.778869421152186e-09,1.7788809316870015e-09,1.7788924413676114e-09,1.7789039501941095e-09,1.7789154581669915e-09,1.7789269652857365e-09,1.7789384715504778e-09,1.778949976960384e-09,1.7789614815159698e-09,1.7789729852181719e-09,1.7789844880663083e-09,1.7789959900606066e-09,1.7790074912011416e-09,1.7790189914877439e-09,1.7790304909210093e-09,1.7790419895006239e-09,1.7790534872263195e-09,1.779064984098517e-09,1.7790764801165562e-09,1.7790879752803132e-09,1.7790994695912319e-09,1.7791109630482768e-09,1.7791224556520516e-09,1.7791339474030618e-09,1.7791454383001496e-09,1.7791569283443112e-09,1.7791684175351074e-09,1.7791799058719412e-09,1.7791913933558518e-09,1.779202879986127e-09,1.7792143657632315e-09,1.779225850687512e-09,1.7792373347583059e-09,1.7792488179758557e-09,1.7792603003405494e-09,1.7792717818519942e-09,1.77928326251127e-09,1.779294742317249e-09,1.7793062212699367e-09,1.7793176993698262e-09,1.7793291766173025e-09,1.7793406530116556e-09,1.7793521285535918e-09,1.7793636032423324e-09,1.7793750770787342e-09,1.7793865500620798e-09,1.7793980221935026e-09,1.7794094934716166e-09,1.7794209638966239e-09,1.7794324334697685e-09,1.7794439021903009e-09,1.779455370059048e-09,1.7794668370750344e-09,1.779478303238429e-09,1.7794897685496873e-09,1.7795012330085787e-09,1.7795126966156892e-09,1.7795241593700711e-09,1.779535621272205e-09,1.7795470823223198e-09,1.779558542520776e-09,1.7795700018669019e-09,1.7795814603606204e-09,1.7795929180029007e-09,1.779604374793098e-09,1.779615830731484e-09,1.779627285817795e-09,1.7796387400521616e-09,1.779650193434794e-09,1.7796616459656254e-09,1.7796730976453527e-09,1.779684548473303e-09,1.779695998449133e-09,1.7797074475733158e-09,1.7797188958460133e-09,1.7797303432674874e-09,1.7797417898372671e-09,1.7797532355554568e-09,1.7797646804221572e-09,1.7797761244375941e-09,1.7797875676018556e-09,1.7797990099147757e-09,1.779810451376436e-09,1.779821891987176e-09,1.779833331746431e-09,1.7798447706546283e-09,1.7798562087125186e-09,1.779867645918596e-09,1.7798790822735246e-09,1.7798905177777571e-09,1.7799019524297374e-09,1.7799133862318808e-09,1.7799248191840816e-09,1.7799362512845435e-09,1.779947682534517e-09,1.7799591129336125e-09,1.7799705424824434e-09,1.7799819711802984e-09,1.779993399028033e-09,1.7800048260246974e-09,1.7800162521707027e-09,1.7800276774663939e-09,1.7800391019116364e-09,1.7800505255064718e-09,1.7800619482511917e-09,1.780073370145638e-09,1.780084791189569e-09,1.7800962113832209e-09,1.780107630726616e-09,1.7801190492199163e-09,1.7801304668631261e-09,1.7801418836563583e-09,1.7801532995993056e-09,1.7801647146923635e-09,1.7801761289354496e-09,1.7801875423285978e-09,1.7801989548715921e-09,1.7802103665649913e-09,1.7802217774087682e-09,1.7802331874027845e-09,1.7802445965472127e-09,1.7802560048418837e-09,1.780267412286914e-09,1.7802788188825666e-09,1.7802902246280435e-09,1.7803016295243577e-09,1.7803130335713518e-09,1.7803244367689734e-09,1.7803358391172808e-09,1.780347240616189e-09,1.780358641265841e-09,1.7803700410663383e-09,1.7803814400175296e-09,1.7803928381196257e-09,1.7804042353725755e-09,1.780415631776302e-09,1.7804270273311762e-09,1.7804384220370143e-09,1.780449815893882e-09,1.7804612089019168e-09,1.7804726010611234e-09,1.7804839923713947e-09,1.780495382833432e-09,1.7805067724460657e-09,1.7805181612102064e-09,1.7805295491263142e-09,1.7805409361940326e-09,1.7805523224124479e-09,1.7805637077823605e-09,1.7805750923037248e-09,1.7805864759766415e-09,1.780597858800978e-09,1.7806092407771784e-09,1.7806206219050866e-09,1.780632002184923e-09,1.780643381616431e-09,1.7806547601997785e-09,1.7806661379349792e-09,1.7806775148223728e-09,1.7806888908614511e-09,1.7807002660524398e-09,1.7807116403956657e-09,1.7807230138908826e-09,1.780734386538237e-09,1.7807457583376691e-09,1.7807571292893925e-09,1.7807684993934694e-09,1.7807798686496462e-09,1.7807912370583581e-09,1.7808026046196653e-09,1.780813971333458e-09,1.7808253371994494e-09,1.7808367022181456e-09,1.7808480663891916e-09,1.7808594297130276e-09,1.7808707921895434e-09,1.7808821538189399e-09,1.7808935146003995e-09,1.7809048745343937e-09,1.7809162336218374e-09,1.7809275918622704e-09,1.7809389492543353e-09,1.780950305801036e-09,1.7809616615004e-09,1.7809730163530321e-09,1.7809843703591943e-09,1.7809957235178959e-09,1.7810070758298273e-09,1.781018427295025e-09,1.781029777913492e-09,1.7810411276851298e-09,1.7810524766103483e-09,1.7810638246889766e-09,1.781075171921105e-09,1.7810865183068143e-09,1.781097863846016e-09,1.7811092085388413e-09,1.7811205523859821e-09,1.7811318953859256e-09,1.7811432375397687e-09,1.7811545788468039e-09,1.7811659193085684e-09,1.7811772589236069e-09,1.7811885976923732e-09,1.7811999356159044e-09,1.781211272693408e-09,1.7812226089245167e-09,1.7812339443100199e-09,1.7812452788497635e-09,1.7812566125438611e-09,1.7812679453921364e-09,1.7812792773946453e-09,1.7812906085516518e-09,1.7813019388628829e-09,1.7813132683284992e-09,1.7813245969486128e-09,1.7813359247235514e-09,1.7813472516528903e-09,1.7813585777368452e-09,1.781369902975419e-09,1.7813812273687929e-09,1.781392550916811e-09,1.7814038736197289e-09,1.781415195477526e-09,1.7814265164902633e-09,1.7814378366570588e-09,1.7814491559796916e-09,1.7814604744572844e-09,1.7814717920899437e-09,1.7814831088778653e-09,1.7814944248208864e-09,1.7815057399192622e-09,1.7815170541731764e-09,1.7815283675819057e-09,1.7815396801462495e-09,1.7815509918660088e-09,1.7815623027412171e-09,1.7815736127719925e-09,1.7815849219582392e-09,1.7815962303001742e-09,1.7816075377976316e-09,1.7816188444507136e-09,1.7816301502598053e-09,1.7816414552247386e-09,1.7816527593459045e-09,1.7816640626226222e-09,1.781675365055202e-09,1.7816866666438569e-09,1.781697967388595e-09,1.7817092672892784e-09,1.7817205663461846e-09,1.7817318645590593e-09,1.781743161928302e-09,1.781754458454016e-09,1.7817657541360927e-09,1.781777048974469e-09,1.7817883429692626e-09,1.7817996361205257e-09,1.7818109284283422e-09,1.7818222198927086e-09,1.781833510513739e-09,1.781844800291417e-09,1.7818560892258152e-09,1.781867377316914e-09,1.7818786645649098e-09,1.7818899509699217e-09,1.781901236531471e-09,1.7819125212502634e-09,1.7819238051259026e-09,1.7819350881587737e-09,1.7819463703487286e-09,1.781957651695579e-09,1.7819689321997826e-09,1.7819802118613034e-09,1.7819914906802003e-09,1.7820027686565007e-09,1.7820140457902148e-09,1.7820253220813594e-09,1.782036597530033e-09,1.7820478721362937e-09,1.7820591459003135e-09,1.7820704188217973e-09,1.7820816909010493e-09,1.7820929621380592e-09,1.7821042325328098e-09,1.7821155020854824e-09,1.7821267707959775e-09,1.7821380386643384e-09,1.7821493056907564e-09,1.7821605718753736e-09,1.7821718372179172e-09,1.7821831017187046e-09,1.7821943653777224e-09,1.782205628195008e-09,1.7822168901705593e-09,1.782228151304438e-09,1.7822394115967765e-09,1.782250671047613e-09,1.782261929656893e-09,1.7822731874239886e-09,1.7822844443504283e-09,1.7822957004354686e-09,1.78230695567929e-09,1.782318210081861e-09,1.7823294636432937e-09,1.7823407163636261e-09,1.7823519682427553e-09,1.78236321928095e-09,1.7823744694780995e-09,1.782385718834248e-09,1.7823969673493098e-09,1.7824082150237718e-09,1.7824194618574548e-09,1.7824307078503996e-09,1.782441953002686e-09,1.7824531973140285e-09,1.7824644407850951e-09,1.7824756834154813e-09,1.7824869252055452e-09,1.7824981661551616e-09,1.7825094062642296e-09,1.7825206455331535e-09,1.7825318839617184e-09,1.7825431215501015e-09,1.7825543582983596e-09,1.7825655942064853e-09,1.7825768292744762e-09,1.7825880635023085e-09,1.7825992968902906e-09,1.7826105294385125e-09,1.7826217611468303e-09,1.782632992015378e-09,1.7826442220442513e-09,1.782655451233303e-09,1.7826666795827133e-09,1.7826779070905193e-09,1.7826891337608282e-09,1.7827003595915477e-09,1.7827115845828337e-09,1.782722808734741e-09,1.7827340320473318e-09,1.7827452545206961e-09,1.7827564761547643e-09,1.7827676969490476e-09,1.782778916904621e-09,1.7827901360212563e-09,1.7828013542988336e-09,1.7828125717374406e-09,1.782823788337143e-09,1.7828350040980205e-09,1.7828462190195526e-09,1.7828574331024378e-09,1.7828686463469717e-09,1.7828798587527257e-09,1.7828910703199864e-09,1.7829022810487752e-09,1.7829134909389766e-09,1.7829246999907202e-09,1.7829359082040695e-09,1.7829471155790893e-09,1.7829583221152623e-09,1.7829695278137003e-09,1.7829807326740548e-09,1.7829919366962109e-09,1.783003139880255e-09,1.7830143422263057e-09,1.7830255437342986e-09,1.7830367444044692e-09,1.7830479442367472e-09,1.783059143231233e-09,1.7830703413878796e-09,1.783081538706798e-09,1.7830927351881385e-09,1.7831039308317126e-09,1.7831151256380555e-09,1.7831263196068032e-09,1.7831375127380398e-09,1.7831487050319731e-09,1.7831598964884806e-09,1.7831710871077703e-09,1.7831822768898008e-09,1.7831934658347023e-09,1.7832046539424202e-09,1.783215841213107e-09,1.7832270276468094e-09,1.7832382132435423e-09,1.783249398003423e-09,1.7832605819263864e-09,1.783271765012558e-09,1.7832829472619858e-09,1.7832941286747075e-09,1.7833053092508371e-09,1.7833164889903467e-09,1.7833276678934415e-09,1.7833388459599905e-09,1.7833500231901167e-09,1.7833611995838466e-09,1.7833723751413134e-09,1.7833835498627666e-09,1.7833947237481162e-09,1.7834058967969988e-09,1.7834170690097767e-09,1.7834282403864974e-09,1.783439410927192e-09,1.7834505806319509e-09,1.7834617495008727e-09,1.7834729175339966e-09,1.7834840847313462e-09,1.7834952510930431e-09,1.7835064166193738e-09,1.7835175813096172e-09,1.7835287451644158e-09,1.7835399081838086e-09,1.7835510703678618e-09,1.7835622317164258e-09,1.7835733922297057e-09,1.7835845519077616e-09,1.7835957107504776e-09,1.783606868758021e-09,1.7836180259305375e-09,1.78362918226795e-09,1.783640337770426e-09,1.783651492437949e-09,1.7836626462705814e-09,1.7836737992684142e-09,1.7836849514314449e-09,1.7836961027597598e-09,1.7837072532533942e-09,1.7837184029125948e-09,1.783729551737104e-09,1.783740699727132e-09,1.7837518468826894e-09,1.783762993203893e-09,1.7837741386906117e-09,1.7837852833433097e-09,1.7837964271615277e-09,1.7838075701457083e-09,1.7838187122958249e-09,1.783829853611892e-09,1.7838409940939702e-09,1.7838521337421247e-09,1.7838632725562364e-09,1.7838744105366874e-09,1.7838855476833692e-09,1.783896683996308e-09,1.7839078194757246e-09,1.783918954121445e-09,1.7839300879336191e-09,1.7839412209123262e-09,1.7839523530575858e-09,1.7839634843692878e-09,1.7839746148479474e-09,1.7839857444933187e-09,1.7839968733054017e-09,1.7840080012843273e-09,1.784019128429608e-09,1.7840302547427358e-09,1.7840413802226058e-09,1.7840525048695302e-09,1.7840636286835718e-09,1.7840747516647716e-09,1.7840858738132751e-09,1.784096995129098e-09,1.7841081156122463e-09,1.7841192352628985e-09,1.784130354080953e-09,1.78414147206654e-09,1.7841525892196993e-09,1.7841637055405214e-09,1.7841748210290458e-09,1.784185935685367e-09,1.784197049509377e-09,1.7842081625012937e-09,1.7842192746611755e-09,1.7842303859890658e-09,1.7842414964849997e-09,1.784252606149037e-09,1.7842637149810535e-09,1.7842748229814487e-09,1.7842859301500556e-09,1.7842970364870514e-09,1.7843081419922509e-09,1.7843192466661104e-09,1.7843303505084008e-09,1.784341453519333e-09,1.784352555700085e-09,1.7843636570483528e-09,1.7843747575652876e-09,1.7843858572510297e-09,1.7843969561055837e-09,1.7844080541287858e-09,1.7844191513212383e-09,1.7844302476827167e-09,1.784441343213102e-09,1.7844524379128197e-09,1.7844635317817333e-09,1.7844746248199329e-09,1.7844857170273981e-09,1.784496808404154e-09,1.7845078989502e-09,1.7845189886660873e-09,1.7845300775504026e-09,1.7845411656052946e-09,1.7845522528298356e-09,1.7845633392233248e-09,1.7845744247873883e-09,1.7845855095212694e-09,1.7845965934250256e-09,1.7846076764987681e-09,1.784618758742354e-09,1.7846298401561498e-09,1.7846409207398619e-09,1.7846520004939801e-09,1.784663079418194e-09,1.7846741575128527e-09,1.7846852347778802e-09,1.7846963112133186e-09,1.7847073868192144e-09,1.7847184615956454e-09,1.7847295355425411e-09,1.7847406086602642e-09,1.7847516809486853e-09,1.7847627524078293e-09,1.7847738230368698e-09,1.7847848928377674e-09,1.7847959618096138e-09,1.7848070299524786e-09,1.784818097266371e-09,1.7848291637513945e-09,1.7848402294076183e-09,1.7848512942350628e-09,1.7848623582338926e-09,1.7848734214039672e-09,1.7848844837453262e-09,1.784895545258291e-09,1.784906605942853e-09,1.7849176657990283e-09,1.7849287248268436e-09,1.7849397830263355e-09,1.7849508403971172e-09,1.7849618969402422e-09,1.7849729526552738e-09,1.7849840075420715e-09,1.7849950616010677e-09,1.7850061148320738e-09,1.7850171672352385e-09,1.785028218810628e-09,1.7850392695582667e-09,1.78505031947821e-09,1.785061368570527e-09,1.7850724168352257e-09,1.785083464272471e-09,1.785094510882185e-09,1.7851055566633998e-09,1.7851166016177162e-09,1.7851276457454924e-09,1.7851386890460685e-09,1.7851497315194983e-09,1.7851607731662222e-09,1.785171813985767e-09,1.7851828539779677e-09,1.785193893143434e-09,1.7852049314819766e-09,1.7852159689939542e-09,1.7852270056789886e-09,1.7852380415377272e-09,1.7852490765694672e-09,1.785260110774666e-09,1.7852711441533885e-09,1.7852821767056075e-09,1.785293208431502e-09,1.7853042393310873e-09,1.7853152694047912e-09,1.785326298651808e-09,1.7853373270728254e-09,1.7853483546678339e-09,1.7853593814369755e-09,1.7853704073799405e-09,1.7853814324970044e-09,1.7853924567882214e-09,1.7854034802537222e-09,1.7854145028933842e-09,1.7854255247075752e-09,1.7854365456961364e-09,1.7854475658591736e-09,1.7854585851967682e-09,1.7854696037089248e-09,1.785480621395752e-09,1.7854916382576124e-09,1.785502654293915e-09,1.7855136695053973e-09,1.7855246838914323e-09,1.7855356974526666e-09,1.7855467101885638e-09,1.785557722099737e-09,1.7855687331860179e-09,1.7855797434474498e-09,1.785590752884144e-09,1.7856017614963123e-09,1.7856127692837966e-09,1.7856237762467318e-09,1.7856347823851428e-09,1.7856457876983886e-09,1.7856567921879618e-09,1.7856677958533808e-09,1.7856787986944633e-09,1.78568980071128e-09,1.7857008019039772e-09,1.7857118022726959e-09,1.7857228018173822e-09,1.7857338005372242e-09,1.7857447984340739e-09,1.7857557955071097e-09,1.7857667917563353e-09,1.7857777871818944e-09,1.7857887817839155e-09,1.78579977556273e-09,1.7858107685176698e-09,1.7858217606491723e-09,1.7858327519569727e-09,1.7858437424417847e-09,1.785854732103954e-09,1.7858657209422517e-09,1.7858767089574839e-09,1.7858876961494672e-09,1.7858986825185707e-09,1.7859096680647399e-09,1.7859206527879295e-09,1.7859316366885358e-09,1.7859426197667458e-09,1.7859536020217997e-09,1.7859645834541532e-09,1.7859755640637886e-09,1.7859865438510446e-09,1.7859975228158981e-09,1.7860085009580872e-09,1.7860194782782605e-09,1.786030454776197e-09,1.786041430451802e-09,1.786052405305278e-09,1.7860633793366447e-09,1.7860743525460108e-09,1.7860853249334191e-09,1.7860962964991154e-09,1.7861072672426976e-09,1.7861182371649022e-09,1.7861292062652362e-09,1.7861401745435403e-09,1.7861511420005235e-09,1.7861621086359629e-09,1.7861730744499685e-09,1.786184039442677e-09,1.786195003613958e-09,1.7862059669639465e-09,1.7862169294927524e-09,1.7862278912004525e-09,1.786238852087035e-09,1.7862498121525052e-09,1.7862607713969562e-09,1.7862717298206202e-09,1.786282687423782e-09,1.7862936442059036e-09,1.7863046001673036e-09,1.7863155553078361e-09,1.786326509628034e-09,1.7863374631276445e-09,1.7863484158067859e-09,1.7863593676655407e-09,1.7863703187040566e-09,1.7863812689221854e-09,1.7863922183202427e-09,1.7864031668978535e-09,1.7864141146556882e-09,1.7864250615935607e-09,1.7864360077114474e-09,1.7864469530094314e-09,1.7864578974875816e-09,1.786468841145796e-09,1.7864797839845262e-09,1.7864907260036022e-09,1.78650166720307e-09,1.7865126075830861e-09,1.786523547143667e-09,1.786534485884866e-09,1.786545423806763e-09,1.7865563609092715e-09,1.7865672971927303e-09,1.7865782326569714e-09,1.786589167302246e-09,1.7866001011284431e-09,1.786611034135725e-09,1.786621966324224e-09,1.7866328976939416e-09,1.7866438282451908e-09,1.7866547579774432e-09,1.7866656868910192e-09,1.7866766149858808e-09,1.7866875422624142e-09,1.7866984687205921e-09,1.78670939436041e-09,1.7867203191819078e-09,1.7867312431851986e-09,1.7867421663707725e-09,1.786753088737758e-09,1.7867640102867374e-09,1.7867749310177563e-09,1.7867858509308275e-09,1.786796770026076e-09,1.7868076883040897e-09,1.7868186057633201e-09,1.7868295224054138e-09,1.7868404382299093e-09,1.7868513532368881e-09,1.786862267426306e-09,1.7868731807984133e-09,1.7868840933534092e-09,1.7868950050907648e-09,1.7869059160110373e-09,1.7869168261141702e-09,1.7869277354002486e-09,1.7869386438688984e-09,1.7869495515210147e-09,1.7869604583562449e-09,1.7869713643747568e-09,1.7869822695765077e-09,1.786993173961542e-09,1.7870040775298808e-09,1.7870149802817148e-09,1.7870258822169965e-09,1.7870367833358498e-09,1.7870476836382796e-09,1.787058583124392e-09,1.7870694817943523e-09,1.7870803796481182e-09,1.7870912766857704e-09,1.7871021729077912e-09,1.7871130683134183e-09,1.7871239629031293e-09,1.7871348566769923e-09,1.7871457496350784e-09,1.7871566417774415e-09,1.7871675331041426e-09,1.7871784236152258e-09,1.7871893133107781e-09,1.787200202190899e-09,1.7872110902556188e-09,1.7872219775050749e-09,1.787232863939297e-09,1.787243749557176e-09,1.7872546343609925e-09,1.787265518349749e-09,1.7872764015235291e-09,1.787287283882294e-09,1.7872981654261887e-09,1.7873090461552716e-09,1.7873199260679075e-09,1.7873308051675655e-09,1.787341683452598e-09,1.7873525609230952e-09,1.7873634375790745e-09,1.7873743134208978e-09,1.7873851884481176e-09,1.787396062661059e-09,1.7874069360597797e-09,1.7874178086443078e-09,1.787428680414913e-09,1.7874395513713406e-09,1.7874504215137598e-09,1.7874612908423289e-09,1.7874721593571065e-09,1.7874830270580957e-09,1.7874938939451614e-09,1.7875047600187348e-09,1.7875156252796804e-09,1.7875264897263316e-09,1.787537353359492e-09,1.7875482161792673e-09,1.7875590781857011e-09,1.7875699393789425e-09,1.787580799758913e-09,1.7875916593258585e-09,1.7876025180797692e-09,1.787613376020695e-09,1.7876242331486633e-09,1.7876350894643502e-09,1.7876459449667386e-09,1.7876567996561572e-09,1.7876676535331847e-09,1.7876785065974864e-09,1.7876893588494386e-09,1.7877002102888277e-09,1.7877110609159228e-09,1.7877219107306732e-09,1.7877327597331971e-09,1.7877436079235395e-09,1.7877544553022674e-09,1.7877653018684884e-09,1.7877761476229205e-09,1.7877869925651486e-09,1.7877978366954826e-09,1.7878086800141185e-09,1.787819522520901e-09,1.7878303642170641e-09,1.787841205100574e-09,1.7878520451726976e-09,1.7878628844333616e-09,1.7878737228826256e-09,1.7878845605205192e-09,1.7878953973472001e-09,1.7879062333627004e-09,1.787917068567086e-09,1.7879279029604e-09,1.7879387365432888e-09,1.7879495693147238e-09,1.7879604012758084e-09,1.7879712324254688e-09,1.7879820627644988e-09,1.7879928922927614e-09,1.7880037210104748e-09,1.7880145489178241e-09,1.7880253760144705e-09,1.7880362023008386e-09,1.7880470277768758e-09,1.788057852442597e-09,1.7880686762985937e-09,1.7880794993440496e-09,1.7880903215794716e-09,1.788101143005426e-09,1.7881119636209149e-09,1.7881227834265248e-09,1.788133602422293e-09,1.7881444206083817e-09,1.7881552379845867e-09,1.7881660545514356e-09,1.7881768703086952e-09,1.7881876852565494e-09,1.7881984993949792e-09,1.7882093127238743e-09,1.7882201252438453e-09,1.7882309369546566e-09,1.7882417478556786e-09,1.7882525579482063e-09,1.7882633672317275e-09,1.7882741757062929e-09,1.7882849833720336e-09,1.788295790228951e-09,1.7883065962779267e-09,1.7883174015175279e-09,1.7883282059485275e-09,1.7883390095709548e-09,1.7883498123849645e-09,1.788360614390585e-09,1.7883714155877644e-09,1.788382215977096e-09,1.788393015557971e-09,1.7884038143307622e-09,1.7884146122954646e-09,1.7884254094521597e-09,1.7884362058008606e-09,1.7884470013418177e-09,1.7884577960749847e-09,1.7884685900004531e-09,1.7884793831182121e-09,1.7884901754283701e-09,1.7885009669311115e-09,1.7885117576264431e-09,1.7885225475143623e-09,1.7885333365948606e-09,1.788544124868234e-09,1.7885549123341583e-09,1.7885656989932526e-09,1.7885764848451903e-09,1.788587269890278e-09,1.788598054128592e-09,1.788608837560033e-09,1.7886196201843218e-09,1.7886304020022132e-09,1.7886411830139244e-09,1.788651963218617e-09,1.7886627426148446e-09,1.7886735212065682e-09,1.7886842989919843e-09,1.7886950759707576e-09,1.7887058521436525e-09,1.7887166275106538e-09,1.7887274020713265e-09,1.7887381758259787e-09,1.7887489487746886e-09,1.7887597209174568e-09,1.7887704922544435e-09,1.7887812627856888e-09,1.7887920325112063e-09,1.7888028014314486e-09,1.7888135695455676e-09,1.788824336854493e-09,1.7888351033580436e-09,1.7888458690565268e-09,1.788856633949333e-09,1.7888673980370335e-09,1.788878161319534e-09,1.7888889237973303e-09,1.7888996854698074e-09,1.7889104463373775e-09,1.7889212064000825e-09,1.7889319656583112e-09,1.7889427241115229e-09,1.7889534817600467e-09,1.788964238603991e-09,1.788974994643439e-09,1.7889857498784315e-09,1.7889965043088436e-09,1.7890072579352211e-09,1.7890180107563073e-09,1.7890287627741514e-09,1.7890395139885735e-09,1.7890502643985797e-09,1.789061014004221e-09,1.789071762806031e-09,1.7890825108040043e-09,1.789093257998574e-09,1.789104004389101e-09,1.7891147499759782e-09,1.7891254947592504e-09,1.7891362387392594e-09,1.7891469819156535e-09,1.7891577242885851e-09,1.7891684658577737e-09,1.7891792066243241e-09,1.7891899465879675e-09,1.789200685748333e-09,1.7892114241062788e-09,1.789222161660621e-09,1.7892328984121068e-09,1.7892436343604503e-09,1.789254369506402e-09,1.7892651038495665e-09,1.7892758373901822e-09,1.7892865701282766e-09,1.789297302063934e-09,1.7893080331972088e-09,1.789318763528373e-09,1.789329493056882e-09,1.7893402217833275e-09,1.789350949707781e-09,1.7893616768301878e-09,1.7893724031507427e-09,1.7893831286690759e-09,1.789393853385539e-09,1.7894045773004173e-09,1.789415300413506e-09,1.7894260227246944e-09,1.7894367442347974e-09,1.7894474649432174e-09,1.7894581848502212e-09,1.7894689039558822e-09,1.7894796222604372e-09,1.7894903397634285e-09,1.7895010564653967e-09,1.7895117723663693e-09,1.789522487466247e-09,1.7895332017651467e-09,1.7895439152632078e-09,1.7895546279603317e-09,1.7895653398565358e-09,1.7895760509524682e-09,1.7895867612477203e-09,1.7895974707424477e-09,1.7896081794366449e-09,1.7896188873306128e-09,1.78962959442442e-09,1.7896403007178943e-09,1.7896510062109783e-09,1.7896617109050634e-09,1.7896724147980213e-09,1.7896831178910307e-09,1.7896938201843377e-09,1.7897045216770384e-09,1.7897152223706838e-09,1.7897259222648172e-09,1.7897366213590074e-09,1.7897473196534823e-09,1.789758017148628e-09,1.7897687138443423e-09,1.7897794097407255e-09,1.7897901048378302e-09,1.7898007991356997e-09,1.7898114926344295e-09,1.7898221853340358e-09,1.7898328772347805e-09,1.7898435683365382e-09,1.7898542586394452e-09,1.7898649481435633e-09,1.7898756368487515e-09,1.789886324755495e-09,1.7898970118638816e-09,1.7899076981732435e-09,1.7899183836844638e-09,1.7899290683973308e-09,1.7899397523118795e-09,1.7899504354281975e-09,1.7899611177464092e-09,1.789971799266524e-09,1.7899824799885565e-09,1.7899931599124414e-09,1.790003839038667e-09,1.790014517367095e-09,1.7900251948977566e-09,1.7900358716308291e-09,1.7900465475662179e-09,1.7900572227039266e-09,1.7900678970443713e-09,1.7900785705874504e-09,1.7900892433330942e-09,1.7900999152824433e-09,1.7901105864337e-09,1.7901212567878342e-09,1.7901319263445826e-09,1.7901425951048026e-09,1.7901532630680037e-09,1.790163930234553e-09,1.7901745966041945e-09,1.7901852621771116e-09,1.7901959269533488e-09,1.7902065909331067e-09,1.7902172541164176e-09,1.790227916503139e-09,1.7902385780938912e-09,1.790249238888131e-09,1.790259898886221e-09,1.7902705580884423e-09,1.7902812164948168e-09,1.7902918741047317e-09,1.7903025309187313e-09,1.7903131869368699e-09,1.790323842159757e-09,1.7903344965862804e-09,1.7903451502173087e-09,1.7903558030528948e-09,1.790366455092729e-09,1.790377106337494e-09,1.7903877567865142e-09,1.7903984064404717e-09,1.790409055299181e-09,1.7904197033631034e-09,1.7904303506315633e-09,1.7904409971051174e-09,1.7904516427836855e-09,1.7904622876674368e-09,1.7904729317563815e-09,1.7904835750508678e-09,1.7904942175494798e-09,1.7905048592545234e-09,1.790515500164963e-09,1.790526140281057e-09,1.790536779602667e-09,1.7905474181302358e-09,1.7905580558635648e-09,1.7905686928025658e-09,1.7905793289474807e-09,1.790589964298219e-09,1.7906005988551785e-09,1.7906112326176672e-09,1.7906218655867979e-09,1.7906324977623511e-09,1.7906431291442598e-09,1.790653759732598e-09,1.7906643895275823e-09,1.7906750185298364e-09,1.7906856467377566e-09,1.7906962741535073e-09,1.7907069007749817e-09,1.7907175266023494e-09,1.790728151638109e-09,1.7907387758802763e-09,1.7907493993295447e-09,1.7907600219868566e-09,1.7907706438503822e-09,1.7907812649211619e-09,1.7907918851995021e-09,1.7908025046850588e-09,1.790813123378019e-09,1.7908237412790557e-09,1.7908343583873042e-09,1.790844974703164e-09,1.7908555902268087e-09,1.7908662049586223e-09,1.7908768188980128e-09,1.7908874320453498e-09,1.7908980444009097e-09,1.7909086559647826e-09,1.790919266736594e-09,1.7909298767167194e-09,1.7909404859050012e-09,1.7909510943017129e-09,1.7909617019069426e-09,1.7909723087206355e-09,1.7909829147429288e-09,1.7909935199738193e-09,1.7910041244137535e-09,1.7910147280623832e-09,1.7910253309199769e-09,1.7910359329864487e-09,1.7910465342617021e-09,1.7910571347464236e-09,1.791067734440004e-09,1.7910783333434907e-09,1.7910889314559302e-09,1.7910995287777376e-09,1.7911101253089833e-09,1.7911207210498136e-09,1.791131316000024e-09,1.7911419101601394e-09,1.7911525035298493e-09,1.7911630961094495e-09,1.7911736878995564e-09,1.7911842788991955e-09,1.791194869108781e-09,1.7912054585284907e-09,1.7912160471583965e-09,1.7912266349985843e-09,1.7912372220491228e-09,1.791247808310074e-09,1.791258393781532e-09,1.7912689784635815e-09,1.7912795623563619e-09,1.7912901454598182e-09,1.7913007277738677e-09,1.791311309298723e-09,1.7913218900344975e-09,1.7913324699812004e-09,1.7913430491389448e-09,1.7913536275078412e-09,1.7913642050882113e-09,1.791374781879572e-09,1.7913853578823543e-09,1.7913959330964577e-09,1.7914065075220887e-09,1.7914170811590174e-09,1.7914276540077233e-09,1.7914382260681338e-09,1.7914487973396257e-09,1.7914593678236394e-09,1.7914699375195574e-09,1.7914805064274387e-09,1.7914910745473663e-09,1.7915016418794161e-09,1.7915122084234865e-09,1.7915227741800344e-09,1.791533339148973e-09,1.7915439033302432e-09,1.791554466724151e-09,1.7915650293303347e-09,1.7915755911492832e-09,1.791586152180896e-09,1.7915967124252745e-09,1.7916072718825727e-09,1.7916178305529836e-09,1.7916283884374775e-09,1.7916389455333613e-09,1.7916495018426703e-09,1.7916600573651798e-09,1.7916706121010558e-09,1.7916811660499497e-09,1.791691719212579e-09,1.7917022715886176e-09,1.7917128231782537e-09,1.7917233739815394e-09,1.7917339239981982e-09,1.791744473229048e-09,1.7917550216741387e-09,1.7917655693326485e-09,1.791776116205239e-09,1.7917866622916237e-09,1.7917972075923594e-09,1.7918077521073044e-09,1.7918182958366314e-09,1.7918288387802074e-09,1.7918393809382187e-09,1.791849922310756e-09,1.7918604628979227e-09,1.7918710026997265e-09,1.7918815417152891e-09,1.7918920799465381e-09,1.7919026173933422e-09,1.7919131540543507e-09,1.7919236899303949e-09,1.7919342250226134e-09,1.791944759328676e-09,1.7919552928501244e-09,1.791965825587043e-09,1.7919763575392015e-09,1.7919868887067297e-09,1.7919974190900892e-09,1.7920079486888187e-09,1.7920184775034736e-09,1.792029005533611e-09,1.792039532779544e-09,1.7920500592413078e-09,1.7920605849190216e-09,1.7920711098127714e-09,1.7920816339225596e-09,1.7920921572485976e-09,1.7921026797905978e-09,1.7921132015491452e-09,1.792123722524156e-09,1.7921342427155078e-09,1.7921447621245277e-09,1.7921552807490257e-09,1.7921657985902602e-09,1.792176315648046e-09,1.7921868319227866e-09,1.7921973474146297e-09,1.7922078621231916e-09,1.7922183760488228e-09,1.7922288891913236e-09,1.7922394015509103e-09,1.7922499131279598e-09,1.792260423922459e-09,1.7922709339346e-09,1.7922814431637842e-09,1.7922919516104839e-09,1.7923024592748276e-09,1.7923129661570516e-09,1.7923234722567566e-09,1.7923339775745405e-09,1.792344482110348e-09,1.792354985864273e-09,1.792365488836597e-09,1.7923759910263387e-09,1.792386492434339e-09,1.7923969930608685e-09,1.7924074929055658e-09,1.7924179919686527e-09,1.7924284902502617e-09,1.7924389877505106e-09,1.792449484469325e-09,1.7924599804068355e-09,1.7924704755636879e-09,1.792480969938851e-09,1.7924914635330424e-09,1.7925019563465008e-09,1.7925124483786782e-09,1.7925229396299796e-09,1.7925334301005835e-09,1.7925439197903047e-09,1.7925544086998195e-09,1.7925648968283732e-09,1.7925753841761859e-09,1.7925858707438537e-09,1.7925963565313016e-09,1.7926068415385407e-09,1.7926173257654435e-09,1.7926278092123071e-09,1.7926382918790309e-09,1.7926487737656817e-09,1.7926592548725073e-09,1.7926697351995444e-09,1.7926802147469285e-09,1.7926906935143985e-09,1.7927011715022103e-09,1.7927116487105673e-09,1.7927221251396575e-09,1.7927326007891076e-09,1.792743075659336e-09,1.7927535497505605e-09,1.792764023062341e-09,1.7927744955954866e-09,1.7927849673491658e-09,1.7927954383237228e-09,1.7928059085185643e-09,1.7928163779355905e-09,1.7928268465741613e-09,1.7928373144337571e-09,1.7928477815149254e-09,1.7928582478173659e-09,1.7928687133414464e-09,1.7928791780868148e-09,1.7928896420543153e-09,1.7929001052435137e-09,1.792910567654482e-09,1.7929210292875287e-09,1.7929314901426373e-09,1.7929419502197993e-09,1.7929524095189398e-09,1.7929628680404089e-09,1.7929733257840927e-09,1.792983782750091e-09,1.7929942389383446e-09,1.793004694349312e-09,1.7930151489829157e-09,1.793025602839193e-09,1.7930360559180356e-09,1.7930465082199548e-09,1.793056959744756e-09,1.793067410492362e-09,1.7930778604629862e-09,1.7930883096569686e-09,1.7930987580740475e-09,1.7931092057140567e-09,1.7931196525774871e-09,1.793130098664508e-09,1.7931405439747987e-09,1.7931509885086079e-09,1.7931614322661481e-09,1.7931718752472723e-09,1.7931823174524725e-09,1.793192758881205e-09,1.793203199533939e-09,1.7932136394105554e-09,1.7932240785112212e-09,1.7932345168359602e-09,1.793244954384949e-09,1.7932553911581848e-09,1.7932658271559175e-09,1.7932762623779446e-09,1.7932866968244825e-09,1.7932971304955406e-09,1.793307563391407e-09,1.7933179955118697e-09,1.7933284268570508e-09,1.7933388574264844e-09,1.7933492872215083e-09,1.793359716241472e-09,1.7933701444865923e-09,1.7933805719568646e-09,1.7933909986523055e-09,1.7934014245722844e-09,1.7934118497184057e-09,1.7934222740900371e-09,1.793432697686601e-09,1.7934431205093588e-09,1.793453542557487e-09,1.793463963832394e-09,1.7934743843323447e-09,1.7934848040581828e-09,1.7934952230103173e-09,1.7935056411883578e-09,1.793516058592464e-09,1.7935264752224971e-09,1.7935368910789237e-09,1.7935473061616794e-09,1.7935577204712666e-09,1.7935681340069987e-09,1.793578546769075e-09,1.7935889587582976e-09,1.7935993699740426e-09,1.7936097804163666e-09,1.7936201900863242e-09,1.7936305989824327e-09,1.7936410071053927e-09,1.7936514144554218e-09,1.7936618210326618e-09,1.7936722268374241e-09,1.793682631869204e-09,1.7936930361286714e-09,1.7937034396151777e-09,1.7937138423295732e-09,1.7937242442713443e-09,1.7937346454408954e-09,1.7937450458380563e-09,1.7937554454628674e-09,1.7937658443155871e-09,1.7937762423970728e-09,1.7937866397057714e-09,1.7937970362425809e-09,1.7938074320075696e-09,1.7938178270008995e-09,1.7938282212226444e-09,1.7938386146723236e-09,1.7938490073511176e-09,1.7938593992583003e-09,1.7938697903941063e-09,1.7938801807587111e-09,1.7938905703518096e-09,1.7939009591736916e-09,1.7939113472245397e-09,1.7939217345055587e-09,1.793932121014491e-09,1.7939425067527407e-09,1.7939528917200826e-09,1.7939632759168415e-09,1.7939736593429127e-09,1.7939840419984233e-09,1.7939944238833385e-09,1.7940048049978355e-09,1.7940151853421719e-09,1.7940255649162743e-09,1.7940359437207575e-09,1.7940463217544221e-09,1.7940566990179777e-09,1.7940670755122315e-09,1.7940774512359155e-09,1.794087826189841e-09,1.7940982003741177e-09,1.7941085737887397e-09,1.7941189464338807e-09,1.7941293183092304e-09,1.7941396894151281e-09,1.794150059751653e-09,1.794160429319035e-09,1.7941707981171908e-09,1.7941811661462046e-09,1.7941915334060959e-09,1.7942018998968591e-09,1.7942122656190229e-09,1.794222630572004e-09,1.7942329947563878e-09,1.794243358171883e-09,1.7942537208193202e-09,1.7942640826976258e-09,1.7942744438083331e-09,1.7942848041497383e-09,1.7942951637229723e-09,1.794305522527785e-09,1.794315880564406e-09,1.7943262378329282e-09,1.7943365943334056e-09,1.7943469500659265e-09,1.7943573050304864e-09,1.7943676592274356e-09,1.7943780126565021e-09,1.7943883653179059e-09,1.7943987172118103e-09,1.794409068338101e-09,1.794419418696961e-09,1.794429768288734e-09,1.7944401171133535e-09,1.794450465170325e-09,1.7944608124603566e-09,1.7944711589830961e-09,1.7944815047388599e-09,1.7944918497276924e-09,1.7945021939497467e-09,1.794512537404962e-09,1.79452288009348e-09,1.7945332220153742e-09,1.79454356317089e-09,1.7945539035598129e-09,1.7945642431821073e-09,1.794574582038421e-09,1.7945849201283179e-09,1.7945952574515088e-09,1.7946055940092167e-09,1.7946159298010308e-09,1.7946262648268269e-09,1.7946365990865739e-09,1.7946469325806405e-09,1.7946572653088012e-09,1.7946675972715638e-09,1.7946779284685213e-09,1.7946882589002018e-09,1.7946985885662298e-09,1.79470891746706e-09,1.7947192456024448e-09,1.7947295729727935e-09,1.7947398995780081e-09,1.794750225418161e-09,1.7947605504931581e-09,1.7947708748034022e-09,1.7947811983488216e-09,1.794791521129485e-09,1.7948018431454556e-09,1.794812164396887e-09,1.7948224848838864e-09,1.794832804606058e-09,1.7948431235641197e-09,1.7948534417577587e-09,1.794863759187192e-09,1.7948740758522525e-09,1.7948843917534064e-09,1.7948947068902967e-09,1.7949050212634887e-09,1.7949153348728514e-09,1.7949256477176048e-09,1.79493595979935e-09,1.794946271117524e-09,1.7949565816722023e-09,1.794966891463328e-09,1.794977200491025e-09,1.7949875087554322e-09,1.7949978162564948e-09,1.7950081229944034e-09,1.7950184289690144e-09,1.7950287341805635e-09,1.7950390386295686e-09,1.7950493423154213e-09,1.7950596452385754e-09,1.7950699473987505e-09,1.7950802487963627e-09,1.7950905494313944e-09,1.795100849303715e-09,1.7951111484135796e-09,1.7951214467611246e-09,1.7951317443465128e-09,1.79514204116961e-09,1.7951523372306117e-09,1.795162632529368e-09,1.7951729270668107e-09,1.7951832208418e-09,1.7951935138549324e-09,1.7952038061063053e-09,1.7952140975958545e-09,1.795224388324307e-09,1.7952346782910308e-09,1.795244967496016e-09,1.7952552559389864e-09,1.7952655436212864e-09,1.7952758305421646e-09,1.7952861167018599e-09,1.7952964020999528e-09,1.7953066867374458e-09,1.7953169706147175e-09,1.795327253730603e-09,1.795337536084603e-09,1.7953478176788156e-09,1.7953580985125488e-09,1.7953683785857246e-09,1.7953786578981941e-09,1.7953889364504187e-09,1.7953992142422895e-09,1.7954094912738804e-09,1.795419767545093e-09,1.795430043056353e-09,1.795440317807559e-09,1.7954505917987843e-09,1.7954608650299325e-09,1.7954711375014397e-09,1.7954814092127598e-09,1.7954916801648135e-09,1.7955019503572308e-09,1.795512219790564e-09,1.7955224884640366e-09,1.7955327563781545e-09,1.795543023532772e-09,1.7955532899281582e-09,1.7955635555645627e-09,1.7955738204418775e-09,1.7955840845592244e-09,1.7955943479187577e-09,1.7956046105192952e-09,1.7956148723610516e-09,1.7956251334441147e-09,1.7956353937685362e-09,1.795645653334404e-09,1.7956559121417883e-09,1.7956661701907854e-09,1.795676427481436e-09,1.7956866840139517e-09,1.7956969397881687e-09,1.7957071948042802e-09,1.7957174490623725e-09,1.7957277025625152e-09,1.7957379553047862e-09,1.79574820728917e-09,1.7957584585158946e-09,1.7957687089843671e-09,1.7957789586959472e-09,1.7957892076499032e-09,1.7957994558464408e-09,1.795809703285813e-09,1.7958199499675459e-09,1.795830195892238e-09,1.7958404410597916e-09,1.7958506854702714e-09,1.7958609291237984e-09,1.7958711720204465e-09,1.7958814141602431e-09,1.7958916555433176e-09,1.7959018961648914e-09,1.7959121360346821e-09,1.7959223751479248e-09,1.7959326135047354e-09,1.7959428511051453e-09,1.7959530879492351e-09,1.7959633240375438e-09,1.795973559369252e-09,1.7959837939448828e-09,1.7959940277645048e-09,1.7960042608282048e-09,1.7960144931364607e-09,1.7960247246885624e-09,1.7960349554849275e-09,1.7960451855255258e-09,1.7960554148107012e-09,1.7960656433404506e-09,1.7960758711147835e-09,1.7960860981335477e-09,1.7960963243972762e-09,1.7961065499058526e-09,1.7961167746589894e-09,1.7961269986575805e-09,1.7961372219010827e-09,1.796147444389712e-09,1.7961576661235104e-09,1.7961678871030809e-09,1.7961781073275785e-09,1.7961883267974908e-09,1.7961985455119203e-09,1.7962087634733076e-09,1.7962189806800378e-09,1.7962291971323082e-09,1.7962394128304026e-09,1.796249627774684e-09,1.796259841964617e-09,1.7962700554005696e-09,1.7962802680826254e-09,1.7962904800109383e-09,1.7963006911853606e-09,1.7963109016061782e-09,1.7963211112733958e-09,1.7963313201869654e-09,1.7963415283471432e-09,1.7963517357539705e-09,1.7963619424075453e-09,1.7963721483080512e-09,1.7963823534551414e-09,1.7963925578492823e-09,1.7964027614904806e-09,1.79641296438006e-09,1.7964231665154344e-09,1.7964333678980444e-09,1.796443568528129e-09,1.7964537684054489e-09,1.7964639675302324e-09,1.796474165902525e-09,1.7964843635224295e-09,1.796494560390008e-09,1.7965047565053762e-09,1.7965149518685706e-09,1.7965251464797386e-09,1.7965353403387964e-09,1.7965455334459142e-09,1.796555725800252e-09,1.7965659174037153e-09,1.796576108256243e-09,1.7965862983562111e-09,1.7965964877044885e-09,1.7966066763015268e-09,1.7966168641471852e-09,1.7966270512415052e-09,1.7966372375845468e-09,1.7966474231763838e-09,1.796657608017141e-09,1.7966677921068136e-09,1.7966779754459902e-09,1.7966881580338368e-09,1.796698339871262e-09,1.7967085209575512e-09,1.7967187012932024e-09,1.7967288808782491e-09,1.796739059712785e-09,1.796749237796662e-09,1.79675941513041e-09,1.7967695917138858e-09,1.7967797675472603e-09,1.796789942630067e-09,1.7968001169631933e-09,1.7968102905463275e-09,1.796820463379096e-09,1.7968306354624572e-09,1.7968408067960458e-09,1.7968509773794857e-09,1.7968611472138153e-09,1.796871316298587e-09,1.7968814846339428e-09,1.7968916522197165e-09,1.7969018190563523e-09,1.7969119851437235e-09,1.7969221504820388e-09,1.796932315071163e-09,1.7969424789111829e-09,1.796952642002431e-09,1.7969628043448206e-09,1.796972965938323e-09,1.7969831267832307e-09,1.7969932868796063e-09,1.7970034462270222e-09,1.7970136048262604e-09,1.797023762677108e-09,1.7970339197796565e-09,1.7970440761339452e-09,1.7970542317400778e-09,1.7970643865980678e-09,1.7970745407081953e-09,1.7970846940702478e-09,1.7970948466844473e-09,1.7971049985508493e-09,1.7971151496694214e-09,1.7971253000398113e-09,1.7971354496631336e-09,1.7971455985380883e-09,1.7971557466666372e-09,1.7971658940483127e-09,1.7971760406822444e-09,1.7971861865691086e-09,1.7971963317084954e-09,1.797206476101078e-09,1.7972166197481952e-09,1.7972267626469753e-09,1.7972369047989143e-09,1.7972470462041036e-09,1.797257186862501e-09,1.7972673267741764e-09,1.797277465939115e-09,1.7972876043580552e-09,1.797297742030645e-09,1.7973078789573175e-09,1.7973180151373446e-09,1.7973281505712227e-09,1.79733828525918e-09,1.7973484192015912e-09,1.7973585523977845e-09,1.7973686848480478e-09,1.7973788165526793e-09,1.7973889475111453e-09,1.7973990777246927e-09,1.7974092071924625e-09,1.7974193359144846e-09,1.797429463891302e-09,1.7974395911227595e-09,1.7974497176090998e-09,1.7974598433503144e-09,1.797469968346486e-09,1.7974800925973737e-09,1.7974902161039896e-09,1.7975003388652959e-09,1.7975104608824128e-09,1.7975205821542276e-09,1.7975307026814829e-09,1.797540822464065e-09,1.7975509415022377e-09,1.7975610597962724e-09,1.7975711773457395e-09,1.7975812941504805e-09,1.7975914102108087e-09,1.797601525527825e-09,1.7976116401009597e-09,1.7976217539306934e-09,1.7976318670156432e-09,1.7976419793568567e-09,1.7976520909549164e-09,1.7976622018087978e-09,1.7976723119191455e-09,1.7976824212860605e-09,1.7976925299103164e-09,1.7977026377903906e-09,1.7977127449273418e-09,1.7977228513209447e-09,1.7977329569714377e-09,1.7977430618792336e-09,1.7977531660437173e-09,1.7977632694653285e-09,1.797773372144165e-09,1.7977834740802294e-09,1.79779357527442e-09,1.7978036757252315e-09,1.7978137754333767e-09,1.7978238743983379e-09,1.7978339726219788e-09,1.7978440701033149e-09,1.7978541668423037e-09,1.797864262839684e-09,1.7978743580944252e-09,1.797884452608209e-09,1.797894546379063e-09,1.7979046394086992e-09,1.7979147316960359e-09,1.7979248232416256e-09,1.7979349140459606e-09,1.797945004109866e-09,1.7979550934310043e-09,1.7979651820108055e-09,1.7979752698491523e-09,1.7979853569466711e-09,1.7979954433028273e-09,1.7980055289179502e-09,1.7980156137916556e-09,1.7980256979244081e-09,1.7980357813164436e-09,1.7980458639678119e-09,1.798055945879337e-09,1.7980660270493877e-09,1.7980761074790106e-09,1.7980861871681492e-09,1.7980962661169079e-09,1.7981063443253545e-09,1.7981164217933244e-09,1.7981264985214841e-09,1.798136574509241e-09,1.7981466497572827e-09,1.7981567242661077e-09,1.7981667980351805e-09,1.7981768710635622e-09,1.7981869433505108e-09,1.7981970149003145e-09,1.7982070857097734e-09,1.7982171557794323e-09,1.7982272251099843e-09,1.7982372937011428e-09,1.7982473615531134e-09,1.7982574286659633e-09,1.798267495039806e-09,1.7982775606743309e-09,1.7982876255699259e-09,1.7982976897267574e-09,1.7983077531447637e-09,1.798317815824835e-09,1.7983278777654605e-09,1.798337938967613e-09,1.7983479994313287e-09,1.7983580591563531e-09,1.7983681181439154e-09,1.7983781763922417e-09,1.7983882339025746e-09,1.7983982906747417e-09,1.7984083467088629e-09,1.7984184020050144e-09,1.7984284565632791e-09,1.798438510383669e-09,1.7984485634657932e-09,1.798458615811538e-09,1.7984686674191094e-09,1.7984787182890498e-09,1.7984887684210313e-09,1.7984988178161157e-09,1.7985088664740495e-09,1.7985189143946907e-09,1.7985289615781875e-09,1.7985390080244239e-09,1.798549053733784e-09,1.7985590987063461e-09,1.7985691429420494e-09,1.7985791864412983e-09,1.7985892292042535e-09,1.7985992712305439e-09,1.7986093125195267e-09,1.7986193530721121e-09,1.7986293928886942e-09,1.7986394319686277e-09,1.7986494703122945e-09,1.7986595079197602e-09,1.7986695447912925e-09,1.7986795809272598e-09,1.7986896163268072e-09,1.7986996509902825e-09,1.7987096849182181e-09,1.7987197181103962e-09,1.7987297505675156e-09,1.7987397822885072e-09,1.7987498132741105e-09,1.7987598435243908e-09,1.798769873039165e-09,1.7987799018195052e-09,1.798789929863943e-09,1.798799957173316e-09,1.7988099837474911e-09,1.7988200095868806e-09,1.798830034691335e-09,1.7988400590611693e-09,1.7988500826961323e-09,1.7988601055965536e-09,1.7988701277623207e-09,1.798880149193608e-09,1.7988901698904553e-09,1.7989001898530142e-09,1.7989102090809865e-09,1.798920227574782e-09,1.79893024533477e-09,1.7989402623607113e-09,1.7989502786529106e-09,1.7989602942107608e-09,1.798970309035642e-09,1.7989803231262006e-09,1.7989903364830072e-09,1.7990003491063472e-09,1.79901036099627e-09,1.7990203721527996e-09,1.7990303825757964e-09,1.7990403922654567e-09,1.7990504012220936e-09,1.7990604094454858e-09,1.7990704169358958e-09,1.7990804236932584e-09,1.799090429717739e-09,1.7991004350094444e-09,1.7991104395683373e-09,1.7991204433943511e-09,1.7991304464880096e-09,1.7991404488490501e-09,1.7991504504775083e-09,1.7991604513738764e-09,1.7991704515378882e-09,1.7991804509692858e-09,1.799190449668897e-09,1.799200447636573e-09,1.7992104448721248e-09,1.799220441375713e-09,1.7992304371475095e-09,1.7992404321878161e-09,1.7992504264968556e-09,1.7992604200735674e-09,1.7992704129187394e-09,1.7992804050324696e-09,1.7992903964147989e-09,1.7993003870656962e-09,1.7993103769854725e-09,1.7993203661740621e-09,1.7993303546314146e-09,1.7993403423586428e-09,1.7993503293539682e-09,1.7993603156186105e-09,1.7993703011525635e-09,1.7993802859560865e-09,1.7993902700287117e-09,1.7994002533707706e-09,1.7994102359823322e-09,1.7994202178634664e-09,1.7994301990139305e-09,1.7994401794345283e-09,1.7994501591247636e-09,1.7994601380856945e-09,1.7994701163159174e-09,1.7994800938165847e-09,1.799490070586943e-09,1.7995000466278116e-09,1.7995100219387025e-09,1.7995199965200913e-09,1.799529970370501e-09,1.7995399434927033e-09,1.7995499158855097e-09,1.7995598875489911e-09,1.7995698584832938e-09,1.799579828688306e-09,1.799589798164165e-09,1.7995997669110062e-09,1.7996097349290702e-09,1.7996197022180196e-09,1.799629668777793e-09,1.799639634609035e-09,1.7996495997117947e-09,1.799659564085814e-09,1.7996695277314198e-09,1.7996794906486076e-09,1.7996894528372252e-09,1.799699414297784e-09,1.799709375030145e-09,1.7997193350344005e-09,1.7997292943105262e-09,1.7997392528586903e-09,1.799749210678943e-09,1.79975916777132e-09,1.7997691241359373e-09,1.7997790797738763e-09,1.7997890346832519e-09,1.799798988864634e-09,1.7998089423190317e-09,1.7998188950460705e-09,1.7998288470455628e-09,1.7998387983180478e-09,1.799848748863374e-09,1.799858698681865e-09,1.799868647773095e-09,1.799878596136368e-09,1.7998885437738537e-09,1.799898490684566e-09,1.7999084368687195e-09,1.799918382326086e-09,1.7999283270563004e-09,1.7999382710606573e-09,1.7999482143383837e-09,1.7999581568900384e-09,1.7999680987154701e-09,1.7999780398147165e-09,1.7999879801878885e-09,1.7999979198350298e-09,1.8000078587561514e-09,1.800017796951456e-09,1.8000277344210484e-09,1.8000376711648548e-09,1.8000476071832586e-09,1.8000575424758884e-09,1.800067477043021e-09,1.8000774108847616e-09,1.8000873440011928e-09,1.8000972763925401e-09,1.8001072080588301e-09,1.8001171389996724e-09,1.8001270692154809e-09,1.8001369987063311e-09,1.8001469274726311e-09,1.8001568555138023e-09,1.800166782830293e-09,1.80017670942206e-09,1.8001866352896174e-09,1.8001965604323454e-09,1.8002064848506078e-09,1.800216408544554e-09,1.8002263315139896e-09,1.8002362537594714e-09,1.8002461752807448e-09,1.800256096077081e-09,1.8002660161511028e-09,1.800275935500465e-09,1.8002858541259861e-09,1.8002957720277965e-09,1.800305689205761e-09,1.8003156056602636e-09,1.8003255213912742e-09,1.8003354363988508e-09,1.8003453506830407e-09,1.8003552642439107e-09,1.8003651770816035e-09,1.8003750891961457e-09,1.8003850005875765e-09,1.8003949112561318e-09,1.8004048212016286e-09,1.8004147304243988e-09,1.8004246389243582e-09,1.8004345467014704e-09,1.8004444537560812e-09,1.8004543600883291e-09,1.8004642656978996e-09,1.8004741705851691e-09,1.8004840747499216e-09,1.8004939781926031e-09,1.8005038809130495e-09,1.8005137829114914e-09,1.8005236841879385e-09,1.800533584741625e-09,1.8005434845743117e-09,1.8005533836855689e-09,1.800563282074677e-09,1.8005731797425452e-09,1.800583076688493e-09,1.8005929729129915e-09,1.8006028684160992e-09,1.8006127631978324e-09,1.8006226572583297e-09,1.800632550597721e-09,1.8006424432159149e-09,1.8006523351127296e-09,1.8006622262893078e-09,1.800672116744647e-09,1.800682006479232e-09,1.8006918954929798e-09,1.8007017837864907e-09,1.8007116713591209e-09,1.8007215582102602e-09,1.8007314443420911e-09,1.8007413297534578e-09,1.8007512144445527e-09,1.8007610984153788e-09,1.8007709816658367e-09,1.8007808641965612e-09,1.800790746007414e-09,1.8008006270982903e-09,1.80081050746916e-09,1.8008203871204673e-09,1.8008302660522884e-09,1.8008401442640711e-09,1.8008500217565453e-09,1.8008598985296477e-09,1.800869774583372e-09,1.8008796499179083e-09,1.800889524533097e-09,1.8008993984292265e-09,1.8009092716062466e-09,1.800919144064176e-09,1.800929015803303e-09,1.8009388868232511e-09,1.8009487571248051e-09,1.8009586267076192e-09,1.8009684955715916e-09,1.8009783637172771e-09,1.8009882311440919e-09,1.800998097852938e-09,1.8010079638440303e-09,1.801017829116333e-09,1.8010276936704272e-09,1.801037557506456e-09,1.8010474206244912e-09,1.8010572830243064e-09,1.8010671447064364e-09,1.8010770056703227e-09,1.8010868659168392e-09,1.801096725446144e-09,1.8011065842577394e-09,1.8011164423519439e-09,1.8011262997288732e-09,1.8011361563882797e-09,1.8011460123303789e-09,1.8011558675553482e-09,1.8011657220632263e-09,1.8011755758540667e-09,1.801185428927961e-09,1.801195281284984e-09,1.8012051329252302e-09,1.8012149838487199e-09,1.8012248340555626e-09,1.8012346835459167e-09,1.8012445323196413e-09,1.8012543803758142e-09,1.8012642277164416e-09,1.8012740743411057e-09,1.8012839202496552e-09,1.8012937654421206e-09,1.801303609918527e-09,1.8013134536787862e-09,1.8013232967222176e-09,1.801333139050968e-09,1.8013429806639261e-09,1.8013528215611193e-09,1.8013626617428676e-09,1.801372501209047e-09,1.801382339959788e-09,1.8013921779949687e-09,1.801402015314933e-09,1.801411851919824e-09,1.8014216878090517e-09,1.8014315229836113e-09,1.8014413574433154e-09,1.8014511911881874e-09,1.801461024217993e-09,1.8014708565332241e-09,1.8014806881337036e-09,1.8014905190200377e-09,1.8015003491916908e-09,1.8015101786484507e-09,1.8015200073907957e-09,1.801529835418984e-09,1.801539662732953e-09,1.801549489332724e-09,1.8015593152190725e-09,1.8015691403909126e-09,1.8015789648487458e-09,1.8015887885924692e-09,1.8015986116226964e-09,1.8016084339404349e-09,1.801618255543171e-09,1.8016280764323932e-09,1.8016378966080997e-09,1.801647716070175e-09,1.801657534819199e-09,1.8016673528549523e-09,1.8016771701777244e-09,1.801686986786361e-09,1.8016968026828016e-09,1.8017066178662064e-09,1.8017164323366912e-09,1.8017262460945476e-09,1.8017360591395848e-09,1.8017458714717678e-09,1.801755683091416e-09,1.8017654939987723e-09,1.8017753041935455e-09,1.801785113676244e-09,1.8017949224466005e-09,1.8018047305046948e-09,1.8018145378507111e-09,1.801824344484776e-09,1.8018341504082025e-09,1.801843955618065e-09,1.8018537601163288e-09,1.801863563902791e-09,1.8018733669776039e-09,1.8018831693408078e-09,1.8018929709926013e-09,1.8019027719328428e-09,1.801912572161762e-09,1.8019223716793257e-09,1.8019321704857181e-09,1.8019419685810004e-09,1.8019517659650949e-09,1.8019615626382371e-09,1.801971358600452e-09,1.801981153851937e-09,1.8019909483925771e-09,1.8020007422225712e-09,1.8020105353419454e-09,1.8020203277511153e-09,1.8020301194494461e-09,1.8020399104372404e-09,1.8020497007154545e-09,1.8020594902827858e-09,1.802069279139997e-09,1.802079067287116e-09,1.8020888547242284e-09,1.8020986414512697e-09,1.8021084274689662e-09,1.8021182127764235e-09,1.8021279973741656e-09,1.8021377812622788e-09,1.802147564441817e-09,1.8021573469108412e-09,1.8021671286705287e-09,1.8021769097208406e-09,1.8021866900619592e-09,1.8021964696937817e-09,1.8022062486164672e-09,1.802216026830291e-09,1.8022258043350327e-09,1.8022355811309029e-09,1.802245357217909e-09,1.8022551325969128e-09,1.802264907266604e-09,1.802274681227626e-09,1.802284454480206e-09,1.8022942270244324e-09,1.8023039988601767e-09,1.802313769987604e-09,1.8023235404068815e-09,1.8023333101176271e-09,1.8023430791207232e-09,1.8023528474156844e-09,1.8023626150028138e-09,1.802372381882118e-09,1.802382148053696e-09,1.802391913517619e-09,1.8024016782738535e-09,1.802411442322554e-09,1.8024212056637435e-09,1.802430968297897e-09,1.8024407302244536e-09,1.8024504914436316e-09,1.8024602519559214e-09,1.8024700117610724e-09,1.8024797708586887e-09,1.8024895292496827e-09,1.8024992869340057e-09,1.8025090439115074e-09,1.8025188001821701e-09,1.8025285557468428e-09,1.802538310604433e-09,1.8025480647555432e-09,1.8025578182000753e-09,1.8025675709386705e-09,1.80257732297075e-09,1.8025870742966566e-09,1.8025968249165118e-09,1.802606574829977e-09,1.8026163240377852e-09,1.8026260725399564e-09,1.8026358203369296e-09,1.8026455674273367e-09,1.8026553138120909e-09,1.8026650594912073e-09,1.8026748044648552e-09,1.802684548733086e-09,1.80269429229596e-09,1.8027040351535114e-09,1.8027137773059842e-09,1.802723518753218e-09,1.8027332594954116e-09,1.8027429995325289e-09,1.802752738864845e-09,1.8027624774924022e-09,1.8027722154151388e-09,1.8027819526331174e-09,1.8027916891464907e-09,1.802801424955266e-09,1.8028111600598843e-09,1.8028208944599128e-09,1.8028306281556722e-09,1.8028403611479655e-09,1.8028500934353438e-09,1.8028598250185692e-09,1.802869555897874e-09,1.8028792860732099e-09,1.8028890155447272e-09,1.8028987443124367e-09,1.8029084723764568e-09,1.8029181997367221e-09,1.8029279263937957e-09,1.8029376523471906e-09,1.8029473775974994e-09,1.8029571021441105e-09,1.802966825987443e-09,1.8029765491275857e-09,1.8029862715646908e-09,1.8029959932993215e-09,1.8030057143304006e-09,1.8030154346586313e-09,1.8030251542841012e-09,1.8030348732067407e-09,1.803044591426748e-09,1.8030543089442087e-09,1.8030640257586888e-09,1.803073741871257e-09,1.8030834572806155e-09,1.8030931719884668e-09,1.803102885993991e-09,1.803112599297651e-09,1.8031223118988171e-09,1.8031320237982745e-09,1.8031417349964287e-09,1.803151445492145e-09,1.8031611552859541e-09,1.8031708643778666e-09,1.8031805727678634e-09,1.8031902804570205e-09,1.8031999874451814e-09,1.8032096937315285e-09,1.8032193993165554e-09,1.8032291042007837e-09,1.8032388083833886e-09,1.803248511864981e-09,1.8032582146455087e-09,1.803267916725108e-09,1.8032776181037655e-09,1.803287318782055e-09,1.803297018759313e-09,1.8033067180358943e-09,1.803316416612383e-09,1.803326114487788e-09,1.8033358116628002e-09,1.8033455081376533e-09,1.8033552039122392e-09,1.8033648989866622e-09,1.8033745933609938e-09,1.8033842870365118e-09,1.8033939800107437e-09,1.803403672285134e-09,1.8034133638597378e-09,1.8034230547345894e-09,1.8034327449097399e-09,1.8034424343859633e-09,1.8034521231620186e-09,1.8034618112386849e-09,1.8034714986159767e-09,1.8034811852940948e-09,1.803490871272004e-09,1.803500556551735e-09,1.8035102411323277e-09,1.8035199250139067e-09,1.8035296081965583e-09,1.803539290680474e-09,1.8035489724647821e-09,1.8035586535522216e-09,1.8035683339400538e-09,1.8035780136293097e-09,1.803587692620098e-09,1.803597370911892e-09,1.8036070485058982e-09
11,1.221356444900296e-24,1.7053584085967813e-24,2.110632750040225e-24,2.4904963166327385e-24,2.8527580028160857e-24,3.203027293820734e-24,3.54510108687945e-24,3.881573658494652e-24,4.2142178651634535e-24,4.544245205530959e-24,4.872483641450222e-24,5.199499088354086e-24,5.525678390362236e-24,5.851286007111658e-24,6.176502743042746e-24,6.5014522148327526e-24,6.826218942725977e-24,7.150860717136555e-24,7.475417052430429e-24,7.799914967205792e-24,8.124372935245992e-24,8.448803588932655e-24,8.773215565570272e-24,9.097614771377957e-24,9.422005244849235e-24,9.746389747661168e-24,1.0070770167424946e-23,1.0395147795365049e-23,1.0719523514315774e-23,1.1043897928084508e-23,1.1368271449312645e-23,1.1692644360328272e-23,1.201701685409542e-23,1.2341389062488118e-23,1.2665761075651481e-23,1.2990132955734122e-23,1.331450474461788e-23,1.363887647095628e-23,1.3963248155009298e-23,1.428761980963977e-23,1.461199144453062e-23,1.4936363065484794e-23,1.52607346774693e-23,1.5585106282947125e-23,1.590947788406609e-23,1.6233849482275657e-23,1.655822107840597e-23,1.6882592673156075e-23,1.7206964267210663e-23,1.7531335860267327e-23,1.7855707452965477e-23,1.8180079045524416e-23,1.8504450638002222e-23,1.8828822230211037e-23,1.9153193822327593e-23,1.9477565414510427e-23,1.9801937006720353e-23,2.0126308598973102e-23,2.0450680190951682e-23,2.0775051783262086e-23,2.1099423375349472e-23,2.1423794967465585e-23,2.1748166559405876e-23,2.2072538151405608e-23,2.2396909743526846e-23,2.2721281335813696e-23,2.3045652928178164e-23,2.3370024520253155e-23,2.369439611240583e-23,2.4018767704666356e-23,2.4343139297140407e-23,2.4667510889337681e-23,2.4991882481745652e-23,2.5316254074081896e-23,2.5640625666527647e-23,2.5964997259161212e-23,2.6289368851301528e-23,2.6613740443589236e-23,2.693811203611276e-23,2.726248362888569e-23,2.75868552211309e-23,2.791122681370246e-23,2.8235598406396814e-23,2.855996999919092e-23,2.888434159156231e-23,2.920871318426792e-23,2.953308477679116e-23,2.985745636941567e-23,3.018182796236709e-23,3.050619955521152e-23,3.0830571148032405e-23,3.115494274077338e-23,3.147931433378183e-23,3.180368592643598e-23,3.2128057519328486e-23,3.245242911218296e-23,3.277680070500038e-23,3.31011722977134e-23,3.342554389057985e-23,3.3749915483457725e-23,3.4074287076561665e-23,3.439865866966522e-23,3.4723030262736406e-23,3.504740185599039e-23,3.53717734488709e-23,3.5696145041797896e-23,3.60205166349257e-23,3.634488822801824e-23,3.666925982107199e-23,3.699363141416946e-23,3.7318003007501816e-23,3.7642374600899464e-23,3.796674619414998e-23,3.82911177873704e-23,3.861548938059173e-23,3.8939860974065715e-23,3.926423256728315e-23,3.9588604160526413e-23,3.991297575386194e-23,4.0237347347736706e-23,4.056171894122081e-23,4.0886090534742475e-23,4.121046212839565e-23,4.153483372204702e-23,4.185920531543864e-23,4.218357690892098e-23,4.250794850250309e-23,4.283232009608786e-23,4.315669168979621e-23,4.3481063283575454e-23,4.3805434876987296e-23,4.412980647064468e-23,4.445417806428823e-23,4.477854965816564e-23,4.5102921251927874e-23,4.542729284607302e-23,4.5751664439958074e-23,4.6076036033903985e-23,4.640040762793909e-23,4.672477922166849e-23,4.704915081542941e-23,4.7373522409296875e-23,4.769789400332735e-23,4.802226559725178e-23,4.834663719128462e-23,4.8671008785420376e-23,4.8995380379398525e-23,4.931975197335247e-23,4.964412356738526e-23,4.996849516144025e-23,5.02928667555735e-23,5.061723834975894e-23,5.0941609943967276e-23,5.126598153804628e-23,5.159035313253361e-23,5.1914724726918824e-23,5.223909632088415e-23,5.2563467915136345e-23,5.2887839509460735e-23,5.321221110378393e-23,5.353658269805663e-23,5.386095429238592e-23,5.418532588660544e-23,5.450969748130731e-23,5.483406907575822e-23,5.515844067016983e-23,5.54828122647789e-23,5.580718385926755e-23,5.613155545384963e-23,5.645592704862259e-23,5.678029864331289e-23,5.71046702379576e-23,5.742904183273163e-23,5.775341342739573e-23,5.807778502217197e-23,5.84021566169313e-23,5.872652821175845e-23,5.905089980668767e-23,5.937527140133974e-23,5.969964299612015e-23,6.00240145910006e-23,6.034838618586134e-23,6.067275778068103e-23,6.099712937569994e-23,6.132150097051832e-23,6.164587256543898e-23,6.197024416049173e-23,6.229461575547168e-23,6.261898735053731e-23,6.294335894559627e-23,6.326773054054565e-23,6.359210213564538e-23,6.391647373091989e-23,6.424084532611673e-23,6.456521692126783e-23,6.488958851635792e-23,6.521396011157364e-23,6.553833170668194e-23,6.58627033020202e-23,6.618707489731257e-23,6.651144649277512e-23,6.683581808802737e-23,6.716018968313528e-23,6.74845612784946e-23,6.780893287371402e-23,6.813330446916521e-23,6.845767606443424e-23,6.878204766000837e-23,6.910641925541991e-23,6.943079085110205e-23,6.97551624465262e-23,7.007953404187952e-23,7.040390563750824e-23,7.072827723292751e-23,7.105264882859935e-23,7.137702042436485e-23,7.170139202019138e-23,7.2025763615769e-23,7.235013521171129e-23,7.267450680742796e-23,7.299887840309173e-23,7.33232499989437e-23,7.364762159453391e-23,7.397199319034798e-23,7.429636478614945e-23,7.46207363821661e-23,7.494510797801282e-23,7.526947957376944e-23,7.559385116966252e-23,7.591822276533759e-23,7.624259436132373e-23,7.656696595712905e-23,7.68913375533188e-23,7.721570914960913e-23,7.754008074544263e-23,7.786445234171463e-23,7.818882393771338e-23,7.851319553411636e-23,7.883756713022192e-23,7.916193872645774e-23,7.948631032255941e-23,7.981068191882019e-23,8.01350535151007e-23,8.045942511143045e-23,8.078379670771652e-23,8.110816830413748e-23,8.143253990057989e-23,8.175691149684268e-23,8.20812830932772e-23,8.240565468960947e-23,8.27300262862757e-23,8.30543978825818e-23,8.337876947897936e-23,8.370314107546221e-23,8.402751267192206e-23,8.435188426844928e-23,8.467625586502034e-23,8.500062746163374e-23,8.532499905828748e-23,8.564937065494585e-23,8.597374225170994e-23,8.629811384817041e-23,8.662248544501898e-23,8.694685704156299e-23,8.727122863860941e-23,8.759560023516709e-23,8.791997183221427e-23,8.824434342901494e-23,8.85687150254853e-23,8.889308662256157e-23,8.921745821949938e-23,8.95418298164701e-23,8.986620141342178e-23,9.0190573010472e-23,9.051494460746655e-23,9.083931620462086e-23,9.116368780170399e-23,9.148805939852713e-23,9.181243099585201e-23,9.21368025927901e-23,9.246117418984661e-23,9.278554578695835e-23,9.310991738435138e-23,9.343428898141274e-23,9.375866057865434e-23,9.408303217582556e-23,9.440740377295759e-23,9.4731775370307e-23,9.505614696743533e-23,9.53805185647584e-23,9.570489016218651e-23,9.602926175975687e-23,9.635363335723478e-23,9.667800495453882e-23,9.70023765518891e-23,9.732674814927978e-23,9.765111974706226e-23,9.797549134439898e-23,9.829986294195087e-23,9.862423453949992e-23,9.894860613705249e-23,9.927297773439019e-23,9.959734933200252e-23,9.992172092977407e-23,1.0024609252742509e-22,1.0057046412537348e-22,1.008948357231401e-22,1.012192073210672e-22,1.0154357891865456e-22,1.0186795051634465e-22,1.0219232211438134e-22,1.0251669371211062e-22,1.0284106531019045e-22,1.0316543690801862e-22,1.034898085062091e-22,1.0381418010389307e-22,1.0413855170184093e-22,1.0446292329990913e-22,1.0478729489791486e-22,1.0511166649596759e-22,1.0543603809414209e-22,1.0576040969225405e-22,1.060847812902729e-22,1.0640915288832606e-22,1.0673352448636523e-22,1.0705789608458557e-22,1.0738226768283967e-22,1.0770663928099885e-22,1.0803101087920269e-22,1.083553824773412e-22,1.0867975407577027e-22,1.0900412567405284e-22,1.0932849727220556e-22,1.0965286887063276e-22,1.0997724046882427e-22,1.1030161206732537e-22,1.1062598366562472e-22,1.1095035526415217e-22,1.1127472686276759e-22,1.1159909846142993e-22,1.119234700599911e-22,1.1224784165853714e-22,1.125722132570385e-22,1.128965848556235e-22,1.1322095645438634e-22,1.1354532805309136e-22,1.1386969965175408e-22,1.1419407125047069e-22,1.1451844284898334e-22,1.148428144477947e-22,1.1516718604641395e-22,1.1549155764528173e-22,1.1581592924397579e-22,1.161403008429754e-22,1.164646724419185e-22,1.1678904404075208e-22,1.1711341563963466e-22,1.1743778723847938e-22,1.177621588374828e-22,1.180865304362084e-22,1.184109020352114e-22,1.1873527363396202e-22,1.1905964523306337e-22,1.1938401683222417e-22,1.1970838843110006e-22,1.2003276003027046e-22,1.2035713162947593e-22,1.2068150322877483e-22,1.2100587482787208e-22,1.213302464272098e-22,1.2165461802638012e-22,1.2197898962576303e-22,1.2230336122499833e-22,1.2262773282404368e-22,1.2295210442339653e-22,1.2327647602253117e-22,1.2360084762171623e-22,1.2392521922091385e-22,1.2424959082043937e-22,1.2457396241972905e-22,1.2489833401896318e-22,1.2522270561860507e-22,1.255470772181915e-22,1.2587144881763357e-22,1.2619582041706184e-22,1.26520192016832e-22,1.268445636165624e-22,1.2716893521600972e-22,1.274933068155521e-22,1.2781767841519327e-22,1.2814205001473582e-22,1.2846642161425687e-22,1.2879079321412142e-22,1.2911516481390596e-22,1.2943953641373024e-22,1.2976390801344529e-22,1.3008827961339459e-22,1.3041265121291265e-22,1.3073702281280183e-22,1.310613944127761e-22,1.3138576601285473e-22,1.3171013761248423e-22,1.3203450921240104e-22,1.323588808124068e-22,1.3268325241223212e-22,1.3300762401227356e-22,1.3333199561235256e-22,1.3365636721251463e-22,1.3398073881249976e-22,1.3430511041251978e-22,1.346294820127563e-22,1.3495385361261993e-22,1.3527822521277922e-22,1.356025968128952e-22,1.3592696841302852e-22,1.3625134001327732e-22,1.3657571161358009e-22,1.3690008321383913e-22,1.3722445481398488e-22,1.375488264142646e-22,1.3787319801442438e-22,1.3819756961490093e-22,1.3852194121511402e-22,1.3884631281569174e-22,1.3917068441615146e-22,1.3949505601679978e-22,1.3981942761702883e-22,1.4014379921771646e-22,1.4046817081845574e-22,1.4079254241875983e-22,1.411169140194236e-22,1.4144128561992674e-22,1.4176565722064364e-22,1.4209002882129344e-22,1.424144004220065e-22,1.427387720227568e-22,1.4306314362337032e-22,1.4338751522406751e-22,1.4371188682467813e-22,1.4403625842563755e-22,1.4436063002636268e-22,1.4468500162715222e-22,1.4500937322823553e-22,1.4533374482887002e-22,1.4565811642976263e-22,1.4598248803064671e-22,1.4630685963180574e-22,1.4663123123259538e-22,1.469556028335356e-22,1.4727997443457853e-22,1.4760434603551461e-22,1.4792871763653185e-22,1.4825308923746763e-22,1.4857746083878878e-22,1.4890183243964735e-22,1.4922620404075905e-22,1.4955057564194934e-22,1.498749472431457e-22,1.5019931884421522e-22,1.505236904454356e-22,1.508480620469243e-22,1.5117243364817139e-22,1.5149680524938895e-22,1.5182117685081987e-22,1.5214554845201155e-22,1.5246992005321873e-22,1.52794291654525e-22,1.531186632560907e-22,1.5344303485750429e-22,1.537674064587947e-22,1.5409177806032195e-22,1.5441614966161477e-22,1.5474052126310792e-22,1.5506489286490542e-22,1.5538926446648535e-22,1.557136360679681e-22,1.5603800766964334e-22,1.5636237927123767e-22,1.566867508730361e-22,1.5701112247460182e-22,1.5733549407618445e-22,1.5765986567813155e-22,1.579842372796969e-22,1.5830860888145563e-22,1.5863298048313489e-22,1.589573520849338e-22,1.5928172368676529e-22,1.5960609528866534e-22,1.5993046689038807e-22,1.6025483849234852e-22,1.6057921009415099e-22,1.6090358169624641e-22,1.6122795329847714e-22,1.6155232490046449e-22,1.6187669650257526e-22,1.6220106810468964e-22,1.6252543970677512e-22,1.6284981130868077e-22,1.6317418291083497e-22,1.6349855451322831e-22,1.638229261149569e-22,1.641472977173304e-22,1.6447166931968628e-22,1.6479604092177296e-22,1.6512041252387273e-22,1.6544478412610802e-22,1.6576915572843887e-22,1.6609352733078569e-22,1.6641789893314802e-22,1.6674227053554818e-22,1.6706664213778906e-22,1.6739101374016997e-22,1.6771538534254017e-22,1.680397569450427e-22,1.6836412854771816e-22,1.6868850014995589e-22,1.6901287175260786e-22,1.693372433549892e-22,1.6966161495746174e-22,1.69985986560133e-22,1.7031035816298134e-22,1.706347297655097e-22,1.7095910136813076e-22,1.712834729709481e-22,1.7160784457354107e-22,1.7193221617617675e-22,1.7225658777890572e-22,1.7258095938194318e-22,1.7290533098452075e-22,1.7322970258723474e-22,1.735540741901433e-22,1.738784457929076e-22,1.742028173956281e-22,1.7452718899849805e-22,1.7485156060150204e-22,1.7517593220442346e-22,1.7550030380727734e-22,1.7582467541024244e-22,1.7614904701312617e-22,1.7647341861621957e-22,1.7679779021922095e-22,1.771221618226079e-22,1.7744653342559977e-22,1.7777090502858666e-22,1.7809527663186055e-22,1.7841964823486317e-22,1.7874401983801407e-22,1.7906839144133448e-22,1.7939276304489351e-22,1.7971713464792392e-22,1.800415062512293e-22,1.8036587785478921e-22,1.806902494579584e-22,1.8101462106127176e-22,1.8133899266465313e-22,1.816633642682543e-22,1.8198773587173365e-22,1.8231210747522018e-22,1.826364790786603e-22,1.8296085068212512e-22,1.8328522228557836e-22,1.8360959388902187e-22,1.8393396549265858e-22,1.8425833709632827e-22,1.84582708699762e-22,1.849070803034022e-22,1.8523145190731255e-22,1.8555582351091498e-22,1.8588019511480466e-22,1.8620456671894185e-22,1.8652893832258276e-22,1.8685330992610073e-22,1.8717768153019165e-22,1.875020531339791e-22,1.8782642473782695e-22,1.881507963416788e-22,1.8847516794571826e-22,1.8879953954948686e-22,1.8912391115342341e-22,1.8944828275755153e-22,1.8977265436156192e-22,1.9009702596551214e-22,1.9042139756960033e-22,1.90745769173525e-22,1.9107014077768764e-22,1.9139451238170135e-22,1.917188839858946e-22,1.92043255590097e-22,1.923676271943243e-22,1.9269199879846527e-22,1.9301637040253616e-22,1.9334074200676574e-22,1.9366511361090206e-22,1.9398948521519815e-22,1.9431385681971733e-22,1.946382284237509e-22,1.9496260002803804e-22,1.9528697163249602e-22,1.9561134323677095e-22,1.959357148413132e-22,1.9626008644593562e-22,1.9658445805055234e-22,1.9690882965493827e-22,1.972332012595069e-22,1.9755757286410564e-22,1.9788194446855556e-22,1.982063160732558e-22,1.985306876779143e-22,1.9885505928253077e-22,1.9917943088718096e-22,1.9950380249188942e-22,1.998281740965939e-22,2.0015254570137822e-22,2.0047691730605973e-22,2.0080128891091545e-22,2.0112566051598937e-22,2.0145003212049724e-22,2.0177440372541133e-22,2.0209877533043094e-22,2.0242314693527277e-22,2.0274751854000264e-22,2.0307189014495955e-22,2.0339626175011413e-22,2.0372063335486948e-22,2.0404500495985862e-22,2.0436937656482865e-22,2.0469374816979235e-22,2.0501811977497434e-22,2.0534249138009365e-22,2.0566686298528785e-22,2.0599123459035118e-22,2.063156061956677e-22,2.0663997780086116e-22,2.0696434940587294e-22,2.0728872101115732e-22,2.0761309261655101e-22,2.079374642221217e-22,2.0826183582732503e-22,2.0858620743272604e-22,2.0891057903825656e-22,2.092349506434701e-22,2.0955932224886427e-22,2.0988369385409187e-22,2.1020806545973499e-22,2.1053243706509594e-22,2.1085680867055466e-22,2.1118118027620756e-22,2.1150555188178886e-22,2.1182992348711353e-22,2.121542950928662e-22,2.1247866669862047e-22,2.1280303830404873e-22,2.131274099096732e-22,2.13451781515363e-22,2.137761531210402e-22,2.141005247265271e-22,2.144248963325329e-22,2.147492679383699e-22,2.1507363954414206e-22,2.153980111499987e-22,2.157223827561284e-22,2.160467543618345e-22,2.163711259678444e-22,2.166954975735169e-22,2.1701986917953443e-22,2.173442407853891e-22,2.1766861239140305e-22,2.179929839973391e-22,2.18317355603225e-22,2.1864172720914552e-22,2.189660988153234e-22,2.1929047042144507e-22,2.196148420276397e-22,2.1993921363380114e-22,2.2026358524011643e-22,2.2058795684633466e-22,2.209123284524445e-22,2.2123670005877236e-22,2.215610716650853e-22,2.218854432712632e-22,2.222098148774995e-22,2.22534186483893e-22,2.228585580902094e-22,2.231829296966057e-22,2.235073013029634e-22,2.2383167290957906e-22,2.2415604451598542e-22,2.244804161222902e-22,2.2480478772886144e-22,2.251291593352426e-22,2.2545353094158346e-22,2.2577790254809407e-22,2.261022741547522e-22,2.264266457612859e-22,2.2675101736773393e-22,2.2707538897445584e-22,2.2739976058096993e-22,2.277241321876284e-22,2.280485037941726e-22,2.2837287540095083e-22,2.2869724700756004e-22,2.290216186143695e-22,2.293459902210879e-22,2.296703618277605e-22,2.2999473343457877e-22,2.303191050414288e-22,2.3064347664831506e-22,2.3096784825533357e-22,2.3129221986220002e-22,2.316165914692676e-22,2.319409630759795e-22,2.3226533468294834e-22,2.325897062899143e-22,2.329140778971217e-22,2.332384495041936e-22,2.335628211111524e-22,2.338871927184813e-22,2.342115643255298e-22,2.3453593593270272e-22,2.3486030753989827e-22,2.351846791471373e-22,2.35509050754255e-22,2.3583342236167335e-22,2.3615779396918303e-22,2.3648216557636677e-22,2.368065371837583e-22,2.371309087912189e-22,2.374552803985971e-22,2.37779652005895e-22,2.381040236132889e-22,2.3842839522096105e-22,2.387527668284393e-22,2.390771384359606e-22,2.394015100434266e-22,2.397258816510149e-22,2.4005025325841363e-22,2.4037462486617816e-22,2.4069899647390033e-22,2.4102336808136073e-22,2.413477396888551e-22,2.416721112965844e-22,2.419964829044663e-22,2.4232085451201706e-22,2.426452261198333e-22,2.429695977277116e-22,2.4329396933544475e-22,2.4361834094307334e-22,2.43942712550948e-22,2.442670841588463e-22,2.4459145576676133e-22,2.4491582737447023e-22,2.452401989822307e-22,2.4556457059028724e-22,2.458889421982465e-22,2.4621331380615526e-22,2.465376854144962e-22,2.4686205702267385e-22,2.4718642863054953e-22,2.4751080023831538e-22,2.478351718463937e-22,2.4815954345451823e-22,2.484839150627653e-22,2.488082866709476e-22,2.4913265827920473e-22,2.4945702988720774e-22,2.4978140149540974e-22,2.501057731035125e-22,2.5043014471168984e-22,2.5075451632007856e-22,2.510788879283167e-22,2.5140325953676665e-22,2.517276311450923e-22,2.520520027533154e-22,2.523763743616481e-22,2.5270074597007767e-22,2.5302511757874456e-22,2.533494891873677e-22,2.536738607961254e-22,2.539982324045584e-22,2.5432260401312626e-22,2.5464697562164607e-22,2.549713472303183e-22,2.552957188390983e-22,2.556200904478126e-22,2.559444620566275e-22,2.562688336651801e-22,2.565932052739754e-22,2.5691757688259225e-22,2.572419484913129e-22,2.57566320100242e-22,2.5789069170926284e-22,2.5821506331821922e-22,2.585394349268748e-22,2.5886380653573877e-22,2.5918817814445926e-22,2.595125497533582e-22,2.5983692136244166e-22,2.6016129297159873e-22,2.60485664580665e-22,2.6081003618947374e-22,2.611344077983991e-22,2.614587794074634e-22,2.617831510166006e-22,2.621075226258076e-22,2.6243189423502496e-22,2.6275626584439357e-22,2.6308063745346694e-22,2.634050090626115e-22,2.6372938067171746e-22,2.6405375228077263e-22,2.6437812389008223e-22,2.6470249549973117e-22,2.6502686710915493e-22,2.653512387181154e-22,2.6567561032736256e-22,2.6599998193667094e-22,2.6632435354609827e-22,2.666487251556958e-22,2.669730967651505e-22,2.6729746837475564e-22,2.676218399841207e-22,2.6794621159351054e-22,2.6827058320322784e-22,2.6859495481279577e-22,2.689193264224303e-22,2.692436980322151e-22,2.6956806964203735e-22,2.6989244125141485e-22,2.7021681286105105e-22,2.705411844707796e-22,2.70865556080674e-22,2.7118992769042956e-22,2.7151429930038295e-22,2.7183867091042573e-22,2.7216304252005163e-22,2.72487414129703e-22,2.7281178573958103e-22,2.73136157349597e-22,2.734605289596523e-22,2.737849005697252e-22,2.741092721798398e-22,2.744336437896203e-22,2.7475801539948975e-22,2.7508238700942955e-22,2.754067586194696e-22,2.7573113022970498e-22,2.7605550183985406e-22,2.763798734502141e-22,2.7670424506018624e-22,2.7702861667016037e-22,2.7735298828025454e-22,2.776773598905589e-22,2.7800173150082623e-22,2.7832610311126727e-22,2.7865047472165286e-22,2.7897484633198256e-22,2.792992179422548e-22,2.7962358955269046e-22,2.7994796116294695e-22,2.8027233277342518e-22,2.805967043840373e-22,2.809210759946886e-22,2.8124544760509152e-22,2.8156981921551747e-22,2.8189419082603143e-22,2.822185624365334e-22,2.825429340470759e-22,2.8286730565776205e-22,2.831916772686092e-22,2.8351604887920107e-22,2.8384042048964615e-22,2.8416479210035633e-22,2.844891637110008e-22,2.8481353532180724e-22,2.851379069326605e-22,2.8546227854321706e-22,2.8578665015387044e-22,2.861110217645905e-22,2.8643539337553783e-22,2.8675976498642593e-22,2.8708413659721604e-22,2.874085082083617e-22,2.8773287981921065e-22,2.8805725142998947e-22,2.8838162304095774e-22,2.8870599465184415e-22,2.8903036626288816e-22,2.8935473787397027e-22,2.896791094852369e-22,2.900034810961209e-22,2.903278527071271e-22,2.9065222431823793e-22,2.909765959291304e-22,2.9130096754047553e-22,2.9162533915187803e-22,2.9194971076322494e-22,2.9227408237444265e-22,2.9259845398562834e-22,2.9292282559676983e-22,2.932471972080997e-22,2.9357156881951355e-22,2.9389594043087354e-22,2.9422031204239077e-22,2.9454468365361736e-22,2.9486905526493903e-22,2.9519342687649034e-22,2.9551779848793403e-22,2.958421700994435e-22,2.9616654171097106e-22,2.9649091332258336e-22,2.9681528493393705e-22,2.9713965654559265e-22,2.9746402815724045e-22,2.9778839976897175e-22,2.9811277138072327e-22,2.9843714299244894e-22,2.9876151460411705e-22,2.9908588621562383e-22,2.994102578272009e-22,2.9973462943895916e-22,3.0005900105084408e-22,3.003833726628532e-22,3.007077442746216e-22,3.010321158867342e-22,3.013564874986879e-22,3.016808591104349e-22,3.0200523072242263e-22,3.023296023342639e-22,3.026539739463643e-22,3.0297834555827243e-22,3.0330271717021983e-22,3.0362708878198466e-22,3.039514603939039e-22,3.0427583200577575e-22,3.0460020361792224e-22,3.049245752301691e-22,3.0524894684249297e-22,3.055733184548814e-22,3.058976900668587e-22,3.0622206167885034e-22,3.0654643329089084e-22,3.0687080490313673e-22,3.0719517651538093e-22,3.0751954812759832e-22,3.0784391974011806e-22,3.0816829135245305e-22,3.084926629645857e-22,3.08817034577097e-22,3.091414061894705e-22,3.094657778019276e-22,3.0979014941453186e-22,3.1011452102713134e-22,3.1043889263958e-22,3.1076326425186908e-22,3.1108763586455037e-22,3.11412007477294e-22,3.117363790898612e-22,3.120607507029293e-22,3.123851223156985e-22,3.1270949392833195e-22,3.1303386554104776e-22,3.133582371538267e-22,3.1368260876651416e-22,3.140069803791736e-22,3.143313519920726e-22,3.146557236045945e-22,3.1498009521734277e-22,3.153044668302136e-22,3.1562883844312247e-22,3.159532100558565e-22,3.162775816690025e-22,3.1660195328225236e-22,3.169263248949978e-22,3.1725069650785014e-22,3.1757506812076733e-22,3.178994397338977e-22,3.1822381134708145e-22,3.185481829602854e-22,3.188725545737268e-22,3.1919692618691965e-22,3.1952129779987483e-22,3.198456694129612e-22,3.2017004102615294e-22,3.2049441263948964e-22,3.208187842528641e-22,3.2114315586636645e-22,3.2146752747963314e-22,3.2179189909273027e-22,3.2211627070589314e-22,3.2244064231930804e-22,3.2276501393279064e-22,3.230893855462256e-22,3.23413757159921e-22,3.237381287733328e-22,3.2406250038691355e-22,3.243868720005325e-22,3.247112436140219e-22,3.2503561522755066e-22,3.2535998684116723e-22,3.256843584546965e-22,1.822779106703253e-15,2.313396473044046e-15,2.791059155922236e-15,3.3232822005310066e-15,3.9209471872220276e-15,4.593327756086086e-15,5.350885705984245e-15,6.2056699587212625e-15,7.171644670070668e-15,8.265069884645802e-15,9.504956881937608e-15,1.0913619002290077e-14,1.2517343436475647e-14,1.4347216102273143e-14,1.6440140623694627e-14,1.884010429683559e-14,2.159975979664739e-14,2.478241269270397e-14,2.846453363204861e-14,3.273895319864342e-14,3.771895109374292e-14,4.3543525349202734e-14,5.038423043477516e-14,5.845411806409275e-14,6.801952010914102e-14,7.941570761044244e-14,9.30678863884305e-14,1.0951961421777637e-13,1.2947164960432206e-13,1.5383562977130412e-13,1.8380908440451592e-13,2.2098154223097526e-13,2.674865727167642e-13,3.2622268769969286e-13,4.0117909349422337e-13,4.979237911147137e-13,6.243476196835245e-13,7.918197094738922e-13,1.0170183093753132e-12,1.3248960573523659e-12,1.7535995852006924e-12,2.3628523751216023e-12,3.248675989387038e-12,4.570160095797968e-12,6.600219826895723e-12,9.826974642338128e-12,1.4827776439698286e-11,1.4827776439724536e-11,1.482777643975358e-11,1.4827776439786096e-11,1.482777643982307e-11,1.4827776439865942e-11,1.4827776439916926e-11,1.4827776440147522e-11,1.4827776441105882e-11,2.3830524471147216e-11,4.056210366301647e-11,7.469670736202509e-11,1.5410577277112722e-10,3.745361278929244e-10,1.1296134868390625e-09,4.2397235631255165e-09,1.7706155186796285e-08,6.765317172483332e-08,6.765317174551801e-08,2.170773040758788e-07,5.622071959289968e-07,1.2216229947418027e-06,2.333478407540932e-06,4.058469946700978e-06,6.5588538288382965e-06,9.950834086171368e-06,1.425831506611507e-05,1.9395274536104438e-05,2.5181768572916212e-05,3.13795330120549e-05,3.7729277242656517e-05,4.397904519181356e-05,4.9901851248217527e-05,5.530553243782629e-05,6.00388012296558e-05,6.39964720860898e-05,6.712351141731285e-05,6.941476369386758e-05,7.090855026779987e-05,7.16756444172775e-05,7.180675734949996e-05,7.14011878172712e-05,7.055801138337705e-05,6.937009786377585e-05,6.792062345080849e-05,6.628150482727361e-05,6.45131693024031e-05,6.266516483188018e-05,6.077723353619499e-05,5.8880585700947566e-05,5.6999203944107486e-05,5.5151076501939496e-05,5.334930686712717e-05,5.1603078627901045e-05,4.9918473726525075e-05,4.829915325799657e-05,4.674691531865953e-05,4.526214632858541e-05,4.3844182166374916e-05,4.249159427702552e-05,4.120241420398129e-05,3.997430815708127e-05,3.8804711410188086e-05,3.769093066485696e-05,3.6630221053429826e-05,3.5619843199286956e-05,3.465710469893559e-05,3.373938951214223e-05,3.28641780359912e-05,3.202906005547587e-05,3.12317422957349e-05,3.047005192886125e-05,2.9741937088420467e-05,2.9045465208970668e-05,2.8378819823180942e-05,2.7740296299351627e-05,2.7128296888739103e-05,2.6541325363020267e-05,2.5977981448475342e-05,2.5436955213324385e-05,2.4917021518738718e-05,2.4417034614363432e-05,2.3935922932258928e-05,2.3472684115613647e-05,2.302638030361784e-05,2.2596133683127758e-05,2.218112231062555e-05,2.1780576201072026e-05,2.139377367698118e-05,2.1020037968445037e-05,2.0658734051786784e-05,2.030926571530603e-05,1.997107283748853e-05,1.9643628866609498e-05,1.9326438484809386e-05,1.9019035448372043e-05,1.8720980768818123e-05,1.8431860194477866e-05,1.8151283383098664e-05,1.7878881866054486e-05,1.7614307622438886e-05,1.7357231737563377e-05,1.710734315264997e-05,1.686434750422458e-05,1.6627966048198995e-05,1.6397934662603613e-05,1.6174002922205817e-05,1.5955933240665782e-05,1.5743500073815007e-05,1.553648917998222e-05,1.5334696932431744e-05,1.5137929679999279e-05,1.4946003152612295e-05,1.4758741907389984e-05,1.4575978813115717e-05,1.4397554569481326e-05,1.422331725871524e-05,1.4053121927005573e-05,1.3886830194250412e-05,1.3724309888737082e-05,1.356543470532781e-05,1.3410083886695112e-05,1.3258141923984713e-05,1.310949827676662e-05,1.296404711079493e-05,1.2821687051347794e-05,1.2682320952373028e-05,1.2545855679745554e-05,1.2412201906962589e-05,1.2281273923806535e-05,1.215298945596211e-05,1.2027269495438667e-05,1.1904038140696168e-05,1.1783222446123239e-05,1.1664752280144639e-05,1.1548560191317811e-05,1.1434581282132015e-05,1.1322753089458698e-05,1.1213015472041531e-05,1.1105310503934323e-05,1.0999582373732014e-05,1.0895777289287812e-05,1.0793843387464094e-05,1.0693730648725701e-05,1.059539081613115e-05,1.0498777318655977e-05,1.0403845198340505e-05,1.0310551041245775e-05,1.0218852911963947e-05,1.0128710291200385e-05,1.0040084016884623e-05,9.952936227790222e-06,9.867230310128933e-06,9.782930846726253e-06,9.700003568631542e-06,9.61841530907397e-06,9.538133959562297e-06,9.45912842815085e-06,9.381368599580997e-06,9.304825297311207e-06,9.229470247296502e-06,9.155276043482414e-06,9.082216114628216e-06,9.010264693053786e-06,8.93939678445799e-06,8.869588139132332e-06,8.800815224521983e-06,8.733055198952626e-06,8.666285886506434e-06,8.600485752996924e-06,8.53563388289777e-06,8.471709957464726e-06,8.408694233419881e-06,8.3465675230052e-06,8.285311174393855e-06,8.224907053261847e-06,8.165337524789733e-06,8.106585437213471e-06,8.048634104503909e-06,7.991467291494896e-06,7.935069198282476e-06,7.87942444592822e-06,7.824518062655742e-06,7.770335470210362e-06,7.71686247122659e-06,7.664085237179544e-06,7.611990295906947e-06,7.560564520297753e-06,7.509795117849435e-06,7.459669619584207e-06,7.410175870274671e-06,7.361302018242801e-06,7.313036506247572e-06,7.2653680622434825e-06,7.218285690924533e-06,7.171778664909898e-06,7.1258365168885125e-06,7.080449031732219e-06,7.035606238969376e-06,6.991298405487207e-06,6.947516028447578e-06,6.904249828852217e-06,6.861490744576002e-06,6.819229924233197e-06,6.777458721136481e-06,6.736168687416491e-06,6.695351568351032e-06,6.654999296822236e-06,6.6151039880598175e-06,6.575657934467538e-06,6.5366536008374215e-06,6.498083619426647e-06,6.459940785314296e-06,6.4222180520034135e-06,6.3849085270725346e-06,6.348005467998909e-06,6.3115022780969874e-06,6.275392502603229e-06,6.239669824884202e-06,6.2043280627718185e-06,6.169361165025072e-06,6.134763207793312e-06,6.100528391383808e-06,6.066651037015705e-06,6.03312558365359e-06,5.999946584981509e-06,5.967108706486776e-06,5.93460672258627e-06,5.902435513754135e-06,5.870590064247268e-06,5.839065458901947e-06,5.807856881125483e-06,5.776959610075345e-06,5.746369018600818e-06,5.716080570705021e-06,5.686089819415985e-06,5.656392404609468e-06,5.626984050895131e-06,5.597860565545126e-06,5.569017836506667e-06,5.540451830533619e-06,5.512158591287047e-06,5.484134237335724e-06,5.456374960700872e-06,5.42887702492863e-06,5.4016367634463115e-06,5.374650577982583e-06,5.347914936884531e-06,5.3214263737973505e-06,5.295181485887508e-06,5.269176932601777e-06,5.243409434022539e-06,5.217875769940954e-06,5.192572778095053e-06,5.1674973528573504e-06,5.142646444182519e-06,5.118017056454936e-06,5.093606246994189e-06,5.06941112489244e-06,5.045428850242232e-06,5.021656632673742e-06,4.998091730368821e-06,4.9747314491073335e-06,4.951573141162362e-06,4.928614204271225e-06,4.905852080629796e-06,4.883284256086533e-06,4.860908259142082e-06,4.838721660057273e-06,4.8167220699568655e-06,4.794907139976691e-06,4.773274560448321e-06,4.751822060077941e-06,4.730547405122636e-06,4.709448398640835e-06,4.688522879840333e-06,4.667768723115869e-06,4.647183837546761e-06,4.626766166052014e-06,4.606513684806836e-06,4.586424402450666e-06,4.566496359593941e-06,4.54672762807612e-06,4.527116310383583e-06,4.5076605390148e-06,4.488358475919768e-06,4.46920831188284e-06,4.450208266023499e-06,4.431356585177357e-06,4.412651543394621e-06,4.394091441436936e-06,4.37567460619878e-06,4.357399390217545e-06,4.339264171302834e-06,4.321267351831233e-06,4.303407358580501e-06,4.285682641832791e-06,4.268091675424113e-06,4.250632956001413e-06,4.233305002694573e-06,4.216106356653652e-06,4.199035580663173e-06,4.18209125873974e-06,4.165271995742153e-06,4.148576416989999e-06,4.13200316790101e-06,4.115550913682222e-06,4.099218338680582e-06,4.083004146504666e-06,4.066907059278612e-06,4.050925817551245e-06,4.0350591798509504e-06,4.019305922385562e-06,4.003664838736745e-06,3.988134739523785e-06,3.972714452259782e-06,3.957402820800066e-06,3.942198705206409e-06,3.927100981460217e-06,3.912108541168888e-06,3.897220291288636e-06,3.8824351538865346e-06,3.867752065798993e-06,3.853169978485588e-06,3.838687857752252e-06,3.824304683442803e-06,3.8100194492719824e-06,3.7958311625544266e-06,3.7817388439783634e-06,3.7677415274126333e-06,3.753838259620529e-06,3.7400281001223912e-06,3.726310120898614e-06,3.7126834063259673e-06,3.699147052774661e-06,3.685700168580333e-06,3.6723418737272787e-06,3.6590712997422897e-06,3.6458875895237153e-06,3.632789897036723e-06,3.619777387277128e-06,3.6068492358703928e-06,3.5940046292336472e-06,3.5812427641269417e-06,3.568562847594668e-06,3.555964096816081e-06,3.5434457388950444e-06,3.5310070107314773e-06,3.5186471588645913e-06,3.5063654393281517e-06,3.4941611173974865e-06,3.4820334677387193e-06,3.4699817738262354e-06,3.4580053281905147e-06,3.446103432143761e-06,3.434275395540446e-06,3.422520536772997e-06,3.4108381826142245e-06,3.3992276680364207e-06,3.3876883361270747e-06,3.3762195380843483e-06,3.3648206328397072e-06,3.3534909871113414e-06,3.3422299752528334e-06,3.331036979174909e-06,3.3199113881470885e-06,3.308852598743479e-06,3.297860014742333e-06,3.286933046996423e-06,3.2760711133261128e-06,3.2652736384328857e-06,3.2545400537591836e-06,3.243869797491392e-06,3.233262314355981e-06,3.2227170555191954e-06,3.2122334785723177e-06,3.2018110473765167e-06,3.1914492320141437e-06,3.1811475086635346e-06,3.170905359538421e-06,3.1607222727800377e-06,3.1505977423841235e-06,3.140531268121181e-06,3.130522355432152e-06,3.1205705153837454e-06,3.110675264552381e-06,3.100836124983714e-06,3.0910526240757946e-06,3.081324294533131e-06,3.071650674281388e-06,3.062031306396557e-06,3.052465739039357e-06,3.042953525359154e-06,3.0334942234637617e-06,3.0240873963000216e-06,3.01473261169977e-06,3.005429442140226e-06,2.996177464829488e-06,2.9869762615292026e-06,2.977825418607881e-06,2.9687245268994764e-06,2.959673181650173e-06,2.9506709824576904e-06,2.9417175332603658e-06,2.9328124422264417e-06,2.9239553217223098e-06,2.9151457882493444e-06,2.9063834624579252e-06,2.8976679688142376e-06,2.888998935950802e-06,2.8803759963770183e-06,2.871798786460749e-06,2.863266946392243e-06,2.854780120119891e-06,2.8463379553189243e-06,2.8379401033318843e-06,2.829586219123219e-06,2.8212759612413967e-06,2.8130089917464636e-06,2.8047849762011648e-06,2.7966035835649943e-06,2.78846448628829e-06,2.7803673600539453e-06,2.7723118839657553e-06,2.7642977403151583e-06,2.756324614652863e-06,2.7483921956836864e-06,2.7405001752696256e-06,2.7326482484160355e-06,2.7248361131488446e-06,2.71706347053379e-06,2.70933002467661e-06,2.7016354824813636e-06,2.6939795539312265e-06,2.68636195186368e-06,2.6787823918270835e-06,2.671240592321835e-06,2.663736274579122e-06,2.656269162564079e-06,2.64883898294728e-06,2.641445465066062e-06,2.6340883409165603e-06,2.6267673450714926e-06,2.6194822147247008e-06,2.612232689580615e-06,2.6050185118626878e-06,2.5978394262754005e-06,2.590695179999853e-06,2.583585522620291e-06,2.576510206122291e-06,2.5694689848572307e-06,2.5624616155201356e-06,2.55548785711683e-06,2.548547470928058e-06,2.5416402204856274e-06,2.534765871580294e-06,2.527924192189021e-06,2.521114952463143e-06,2.5143379247061855e-06,2.5075928833649577e-06,2.5008796049609934e-06,2.4941978681193136e-06,2.4875474535085247e-06,2.4809281438188924e-06,2.474339723764129e-06,2.4677819800369236e-06,2.461254701281244e-06,2.4547576780879595e-06,2.448290702953378e-06,2.4418535703349776e-06,2.4354460764044496e-06,2.4290680193197514e-06,2.422719199038703e-06,2.416399417348053e-06,2.4101084777539823e-06,2.4038461855925045e-06,2.397612347939893e-06,2.3914067735597583e-06,2.385229273020359e-06,2.379079658490839e-06,2.372957743842537e-06,2.3668633445988885e-06,2.360796277919061e-06,2.3547563625869995e-06,2.3487434189705695e-06,2.342757269028353e-06,2.336797736283959e-06,2.330864645810004e-06,2.324957824205239e-06,2.3190770995768235e-06,2.3132223015363235e-06,2.307393261179235e-06,2.3015898110569694e-06,2.295811785175817e-06,2.2900590189685895e-06,2.2843313493050784e-06,2.2786286144108537e-06,2.27295065395702e-06,2.2672973089469437e-06,2.2616684217615546e-06,2.2560638361139365e-06,2.2504833970545503e-06,2.2449269509439255e-06,2.2393943454496104e-06,2.233885429519686e-06,2.228400053368408e-06,2.222938068483154e-06,2.21749932761697e-06,2.212083684721208e-06,2.2066909949827756e-06,2.2013211147944997e-06,2.1959739017465243e-06,2.190649214612274e-06,2.1853469133286144e-06,2.1800668590085168e-06,2.174808913899995e-06,2.169572941388433e-06,2.1643588059830325e-06,2.1591663733028248e-06,2.153995510074807e-06,2.1488460840995975e-06,2.1437179642648145e-06,2.138611020541508e-06,2.133525123932742e-06,2.128460146491855e-06,2.123415961313598e-06,2.1183924425154558e-06,2.113389465238815e-06,2.1084069055683307e-06,2.1034446407120745e-06,2.0985025487164986e-06,2.09358050871684e-06,2.0886784007410814e-06,2.083796105798083e-06,2.0789335058561987e-06,2.074090483781627e-06,2.0692669233824326e-06,2.0644627094058936e-06,2.0596777274857418e-06,2.0549118641689613e-06,2.0501650068755494e-06,2.0454370439261947e-06,2.040727864505085e-06,2.036037358648444e-06,2.0313654172600793e-06,2.026711932119954e-06,2.0220767958234108e-06,2.0174599017737945e-06,2.0128611442308265e-06,2.0082804182573737e-06,2.0037176197337762e-06,1.999172645322521e-06,1.9946453925049285e-06,1.9901357595146026e-06,1.9856436453812914e-06,1.9811689499029e-06,1.976711573648589e-06,1.972271417914465e-06,1.967848384779558e-06,1.9634423770463535e-06,1.95905329824563e-06,1.9546810526415313e-06,1.9503255452222797e-06,1.9459866816936856e-06,1.9416643684437643e-06,1.9373585126084857e-06,1.933069021971178e-06,1.9287958050182485e-06,1.924538770916003e-06,1.9202978295058236e-06,1.916072891298811e-06,1.9118638674695203e-06,1.9076706698434426e-06,1.9034932108989711e-06,1.8993314037564865e-06,1.895185162180241e-06,1.8910544005579145e-06,1.8869390338980067e-06,1.8828389778493884e-06,1.878754148667039e-06,1.8746844632191385e-06,1.8706298389663542e-06,1.8665901939713208e-06,1.8625654468940166e-06,1.8585555169779257e-06,1.8545603240506903e-06,1.8505797885112374e-06,1.8466138313403344e-06,1.842662374088947e-06,1.8387253388508697e-06,1.8348026483000897e-06,1.8308942256189342e-06,1.8269999946100522e-06,1.8231198795327913e-06,1.8192538052757411e-06,1.8154016971691533e-06,1.8115634811460689e-06,1.8077390835686074e-06,1.8039284314185631e-06,1.8001314521316013e-06,1.7963480736868197e-06,1.7925782245459993e-06,1.7888218336622498e-06,1.7850788305181327e-06,1.7813491450615527e-06,1.7776327077313817e-06,1.7739294494528262e-06,1.7702393016349179e-06,1.7665621961566342e-06,1.7628980653814104e-06,1.7592468420922113e-06,1.7556084595811585e-06,1.7519828515871752e-06,1.748369952304604e-06,1.7447696963776179e-06,1.7411820188922316e-06,1.7376068554167062e-06,1.734044141857123e-06,1.7304938146467666e-06,1.7269558106399835e-06,1.7234300670963326e-06,1.719916521713189e-06,1.7164151126016316e-06,1.7129257783210624e-06,1.709448457750391e-06,1.7059830902668075e-06,1.7025296156617334e-06,1.6990879740809613e-06,1.6956581060843452e-06,1.6922399526606014e-06,1.688833455145971e-06,1.6854385552933588e-06,1.6820551952362501e-06,1.6786833174976101e-06,1.6753228649623152e-06,1.671973780913013e-06,1.6686360089998393e-06,1.6653094932466257e-06,1.6619941780467202e-06,1.6586900081409252e-06,1.6553969286585126e-06,1.6521148850650254e-06,1.6488438231887857e-06,1.6455836892410797e-06,1.6423344297421154e-06,1.6390959915857564e-06,1.6358683219837128e-06,1.632651368510498e-06,1.6294450790909624e-06,1.6262494019584791e-06,1.6230642857044196e-06,1.6198896792158408e-06,1.61672553176017e-06,1.6135717929014498e-06,1.610428412525664e-06,1.607295340834528e-06,1.6041725283485485e-06,1.601059925935301e-06,1.5979574847439814e-06,1.594865156247215e-06,1.5917828922035815e-06,1.588710644687322e-06,1.5856483660854603e-06,1.5825960091028818e-06,1.579553526719075e-06,1.5765208722024857e-06,1.573497999129607e-06,1.570484861356894e-06,1.5674814130688596e-06,1.5644876086676195e-06,1.561503402893254e-06,1.5585287507549548e-06,1.5555636075344905e-06,1.5526079287989167e-06,1.5496616703950007e-06,1.546724788417181e-06,1.5437972392907479e-06,1.5408789796530628e-06,1.5379699664210343e-06,1.5350701567917584e-06,1.5321795082065766e-06,1.5292979783893673e-06,1.5264255253177594e-06,1.523562107214542e-06,1.5207076825677713e-06,1.5178622101146163e-06,1.515025648858315e-06,1.5121979580199914e-06,1.5093790970893058e-06,1.5065690258211039e-06,1.5037677041549054e-06,1.5009750923519722e-06,1.4981911508467206e-06,1.4954158403348476e-06,1.4926491217711546e-06,1.4898909563133422e-06,1.4871413053665308e-06,1.484400130562715e-06,1.4816673937514429e-06,1.4789430570447618e-06,1.4762270827686423e-06,1.473519433453157e-06,1.4708200718632522e-06,1.4681289609855093e-06,1.4654460640252888e-06,1.4627713444102613e-06,1.4601047657747646e-06,1.457446291974881e-06,1.4547958870777827e-06,1.4521535153709014e-06,1.4495191413383572e-06,1.4468927296744886e-06,1.4442742452722766e-06,1.4416636532717018e-06,1.4390609189851106e-06,1.43646600790264e-06,1.4338788857603536e-06,1.4312995184656863e-06,1.4287278721385778e-06,1.4261639130922794e-06,1.4236076078351605e-06,1.4210589230506007e-06,1.4185178256512216e-06,1.4159842827520528e-06,1.4134582615525795e-06,1.410939729553577e-06,1.4084286543987807e-06,1.4059250039275982e-06,1.4034287461501987e-06,1.4009398492644878e-06,1.3984582816698538e-06,1.3959840119159124e-06,1.3935170087543309e-06,1.3910572410974106e-06,1.3886046780447667e-06,1.3861592888667217e-06,1.3837210430096278e-06,1.3812899100914519e-06,1.3788658599001396e-06,1.3764488623960026e-06,1.3740388877082367e-06,1.371635906134778e-06,1.3692398881401708e-06,1.3668508043508072e-06,1.3644686255607807e-06,1.3620933227283937e-06,1.359724866973601e-06,1.3573632295705648e-06,1.3550083819643294e-06,1.3526602957743135e-06,1.3503189427169557e-06,1.3479842947226676e-06,1.3456563238541854e-06,1.3433350023274981e-06,1.341020302549658e-06,1.3387121970296992e-06,1.3364106584527198e-06,1.3341156596416959e-06,1.3318271735798261e-06,1.3295451733931584e-06,1.327269632355536e-06,1.325000523894807e-06,1.3227378215642012e-06,1.3204814990646039e-06,1.3182315302741625e-06,1.3159878891698767e-06,1.3137505498917092e-06,1.3115194867264729e-06,1.3092946740859436e-06,1.3070760865166937e-06,1.3048636987149483e-06,1.302657485507605e-06,1.3004574218580328e-06,1.2982634828648353e-06,1.296075643759238e-06,1.2938938799073941e-06,1.291718166805104e-06,1.2895484800778834e-06,1.2873847954901076e-06,1.2852270889286825e-06,1.2830753364054824e-06,1.2809295140481744e-06,1.2787895981593865e-06,1.2766555651215044e-06,1.2745273914558551e-06,1.2724050537944683e-06,1.2702885289274757e-06,1.2681777937403043e-06,1.2660728252420507e-06,1.2639736005730392e-06,1.2618800969827818e-06,1.259792291843781e-06,1.2577101626586232e-06,1.2556336870339362e-06,1.2535628427009708e-06,1.251497607493611e-06,1.2494442747280152e-06,1.247390180976681e-06,1.2453416263515055e-06,1.243298592097683e-06,1.241261057551737e-06,1.2392290015316546e-06,1.2372024027760423e-06,1.235181240050772e-06,1.2331654922223833e-06,1.2311551382635084e-06,1.229150157264227e-06,1.2271505283971106e-06,1.2251562309505357e-06,1.2231672443217524e-06,1.2211835480111265e-06,1.2192051216251787e-06,1.217231944873433e-06,1.2152639975702636e-06,1.2133012596591036e-06,1.2113437111018066e-06,1.2093913320554569e-06,1.207444102736745e-06,1.205502003467577e-06,1.2035650146692144e-06,1.2016331168624366e-06,1.1997062906661091e-06,1.1977845167960623e-06,1.195867776067618e-06,1.1939560493905949e-06,1.1920493177728003e-06,1.1901475623146511e-06,1.1882507642171835e-06,1.186358904755708e-06,1.1844719653338255e-06,1.1825899274218536e-06,1.1807127725882237e-06,1.178840482495021e-06,1.176973038895376e-06,1.175110423632632e-06,1.173252618626708e-06,1.171399605927675e-06,1.1695513676411447e-06,1.1677078859556084e-06,1.1658691431676989e-06,1.1640351216478134e-06,1.1622058038630747e-06,1.1603811723628251e-06,1.1585612097797908e-06,1.1567458988349396e-06,1.1549352223211617e-06,1.153129163152502e-06,1.1513277042884389e-06,1.149530828789492e-06,1.1477385197862767e-06,1.1459507605053712e-06,1.1441675342469903e-06,1.1423888243987253e-06,1.1406146144188195e-06,1.138844887853941e-06,1.137079628319777e-06,1.135318819549718e-06,1.1335624452923e-06,1.1318104894228134e-06,1.1300629358754595e-06,1.1283197686710324e-06,1.1265809718916428e-06,1.1248465297189899e-06,1.123116426390348e-06,1.1213906462299785e-06,1.119669173634972e-06,1.117951993067568e-06,1.116239089085866e-06,1.1145304462897033e-06,1.112826049375433e-06,1.1111258831210395e-06,1.1094299323399466e-06,1.1077381819524446e-06,1.1060506169306003e-06,1.104367222337899e-06,1.1026879832894125e-06,1.1010128849689577e-06,1.0993419126562623e-06,1.0976750516656355e-06,1.0960122874084763e-06,1.094353605346197e-06,1.092698991020411e-06,1.0910484300516435e-06,1.0894019080785564e-06,1.087759410859084e-06,1.0861209242033973e-06,1.0844864339786917e-06,1.0828559261158235e-06,1.081229386627154e-06,1.0796068015797388e-06,1.0779881571163036e-06,1.0763734394145585e-06,1.0747626347595542e-06,1.0731557294638793e-06,1.071552709917428e-06,1.0699535625714085e-06,1.0683582739401917e-06,1.066766830599551e-06,1.0651792191885666e-06,1.0635954264065313e-06,1.0620154390132463e-06,1.06043924383288e-06,1.0588668277438978e-06,1.0572981776887092e-06,1.0557332806710018e-06,1.0541721237476086e-06,1.05261469404212e-06,1.0510609787268442e-06,1.0495109650501373e-06,1.0479646402992722e-06,1.0464219918283335e-06,1.0448830070490362e-06,1.0433476734257034e-06,1.0418159784824198e-06,1.0402879098025153e-06,1.0387634550183817e-06,1.0372426018234628e-06,1.0357253379669332e-06,1.0342116512496011e-06,1.0327015295378092e-06,1.031194960726921e-06,1.0296919327919157e-06,1.0281924337505954e-06,1.0266964516803798e-06,1.0252039747066999e-06,1.0237149910099748e-06,1.02222948882289e-06,1.0207474564400885e-06,1.0192688821788225e-06,1.0177937544402037e-06,1.0163220616654869e-06,1.01485379234368e-06,1.013388935019326e-06,1.011927478287175e-06,1.0104694107880957e-06,1.0090147212191447e-06,1.0075633983190126e-06,1.0061154308913741e-06,1.0046708077816053e-06,1.0032295178673622e-06,1.001791550096374e-06,1.0003568934556334e-06,9.989255369913057e-07,9.974974697821096e-07,9.960726809639644e-07,9.94651159715482e-07,9.932328952612744e-07,9.918178768858857e-07,9.904060939086974e-07,9.889975356951564e-07,9.875921916574422e-07,9.861900512602483e-07,9.84791104025509e-07,9.833953394682594e-07,1.3702103697417695e-06,1.6349244682451826e-06,1.8853650550966462e-06,2.1289249230049064e-06,2.36566635183071e-06,2.5951824123422334e-06,2.817102464013588e-06,3.031128333209643e-06,3.2370348104956955e-06,3.434666558808925e-06,3.6239339750516155e-06,3.804808374075997e-06,3.977316697458622e-06,4.14153592504437e-06,4.297587349470902e-06,4.445630853173106e-06,4.585859306331037e-06,4.718493181645177e-06,4.843775461330472e-06,4.961966890899341e-06,5.07334161731474e-06,5.178183232745853e-06,5.2767812322105204e-06,5.369427882041993e-06,5.4564154876609e-06,5.538034042167809e-06,5.614569232920917e-06,5.686300778917421e-06,5.753501071477987e-06,5.816434088485084e-06,5.875354553331923e-06,5.930507310167128e-06,5.98212688856302e-06,6.030437232179517e-06,6.0756515676799585e-06,6.1179723926464474e-06,6.1575915628405225e-06,6.1946904614255555e-06,6.229440234447807e-06,6.2620020790647954e-06,6.292527572533401e-06,6.321159031606658e-06,6.348029893493621e-06,6.373265110840801e-06,6.3969815543861205e-06,6.4192884179580615e-06,6.4402876214745924e-06,6.46007420840286e-06,6.478736734758844e-06,6.496357647478701e-06,6.513013650419908e-06,6.528776056706225e-06,6.543711126563342e-06,6.557880389968954e-06,6.571340953991619e-06,6.584145794506529e-06,6.59634403246764e-06,6.607981195018072e-06,6.619099461647868e-06,6.629737895902933e-06,6.639932663066972e-06,6.6497172344431555e-06,6.659122578722493e-06,6.668177341035698e-06,6.6769080103381165e-06,6.685339075671001e-06,6.6934931719429445e-06,6.7013912157616706e-06,6.709052531961768e-06,6.716494971323208e-06,6.723735020043307e-06,6.730787901469997e-06,6.7376676705875644e-06,6.7443873017384905e-06,6.75095876999142e-06,6.757393126643093e-06,6.763700569161909e-06,6.769890506032924e-06,6.775971616816339e-06,6.78195190775366e-06,6.7878387632573554e-06,6.793638993542458e-06,6.799358878694388e-06,6.805004209464785e-06,6.810580324943131e-06,6.816092147415926e-06,6.821544214581264e-06,6.826940709292356e-06,6.832285487094857e-06,6.8375821016149414e-06,6.842833828011175e-06,6.848043684665284e-06,6.853214453176284e-06,6.858348696829537e-06,6.863448777648936e-06,6.868516872111759e-06,6.873554985696939e-06,6.878564966262522e-06,6.883548516409831e-06,6.888507204884096e-06,6.893442477084953e-06,6.8983556647780014e-06,6.903247995022923e-06,6.908120598429859e-06,6.9129745167653316e-06,6.917810709954093e-06,6.922630062547309e-06,6.927433389677219e-06,6.932221442548018e-06,6.936994913491768e-06,6.9417544406461134e-06,6.946500612222236e-06,6.951233970490354e-06,6.955955015399597e-06,6.960664207981776e-06,6.965361973426616e-06,6.970048703894806e-06,6.97472476118013e-06,6.979390479126837e-06,6.9840461658329815e-06,6.988692105794934e-06,6.993328561629571e-06,6.9979557759483355e-06,7.00257397290849e-06,7.007183359681476e-06,7.011784127860192e-06,7.01637645463501e-06,7.0209605039457375e-06,7.025536427629118e-06,7.030104366320397e-06,7.034664450346055e-06,7.039216800564971e-06,7.043761529135135e-06,7.048298740177622e-06,7.052828530489258e-06,7.057350990055213e-06,7.061866202638733e-06,7.066374246256672e-06,7.070875193670526e-06,7.075369112757824e-06,7.079856066949755e-06,7.084336115606303e-06,7.088809314248354e-06,7.093275714959106e-06,7.097735366627425e-06,7.102188315190798e-06,7.106634603883365e-06,7.111074273458256e-06,7.1155073623792015e-06,7.1199339069936876e-06,7.124353941715665e-06,7.128767499170563e-06,7.133174610353625e-06,7.137575304726572e-06,7.141969610387115e-06,7.146357554133492e-06,7.15073916158393e-06,7.155114457282718e-06,7.159483464751975e-06,7.163846206569123e-06,7.168202704513529e-06,7.172552979556897e-06,7.176897051939582e-06,7.181234941253404e-06,7.1855666664448256e-06,7.1898922459095975e-06,7.194211697519169e-06,7.198525038647515e-06,7.202832286229041e-06,7.207133456778451e-06,7.211428566426846e-06,7.215717630948825e-06,7.2200006657757734e-06,7.224277686066601e-06,7.2285487066632266e-06,7.232813742154823e-06,7.237072806880972e-06,7.24132591496587e-06,7.2455730803019515e-06,7.249814316599375e-06,7.254049637371491e-06,7.258279055962271e-06,7.26250258556923e-06,7.266720239203288e-06,7.270932029755394e-06,7.27513796999634e-06,7.279338072550895e-06,7.28353234993136e-06,7.287720814539574e-06,7.2919034786711115e-06,7.2960803545246e-06,7.300251454198407e-06,7.304416789714583e-06,7.308576372984738e-06,7.312730215863825e-06,7.316878330121332e-06,7.32102072745267e-06,7.325157419480054e-06,7.3292884177672485e-06,7.333413733803358e-06,7.3375333790179475e-06,7.341647364752292e-06,7.345755702377205e-06,7.349858403120347e-06,7.353955478180991e-06,7.358046938711118e-06,7.36213279580697e-06,7.3662130605087435e-06,7.370287743824729e-06,7.37435685670657e-06,7.378420410062236e-06,7.382478414769116e-06,7.386530881632641e-06,7.390577821428548e-06,7.394619244890497e-06,7.3986551627105494e-06,7.402685585540584e-06,7.4067105239928386e-06,7.410729988642067e-06,7.414743990046005e-06,7.418752538648469e-06,7.422755644930722e-06,7.426753319318283e-06,7.4307455721983425e-06,7.434732413917745e-06,7.438713854791221e-06,7.442689905096515e-06,7.446660575075317e-06,7.450625874936464e-06,7.4545858148535764e-06,7.458540404973124e-06,7.462489655391799e-06,7.466433576185626e-06,7.470372177394128e-06,7.474305469033098e-06,7.478233461070604e-06,7.482156163451978e-06,7.4860735860872816e-06,7.489985738855433e-06,7.49389263160691e-06,7.497794274155962e-06,7.50169067628043e-06,7.505581847750441e-06,7.509467798280847e-06,7.513348537566476e-06,7.517224075269061e-06,7.52109442101823e-06,7.524959584425634e-06,7.528819575061552e-06,7.532674402456903e-06,7.536524076133151e-06,7.540368605579615e-06,7.5442080002423555e-06,7.548042269551718e-06,7.551871422915462e-06,7.555695469691176e-06,7.559514419211472e-06,7.563328280790519e-06,7.567137063728354e-06,7.5709407772669516e-06,7.574739430623251e-06,7.578533033008156e-06,7.582321593594182e-06,7.5861051215080075e-06,7.589883625894498e-06,7.593657115830568e-06,7.597425600376794e-06,7.601189088571211e-06,7.604947589382607e-06,7.6087011118573955e-06,7.612449664931574e-06,7.616193257544114e-06,7.6199318985538765e-06,7.623665596864007e-06,7.6273943613194155e-06,7.631118200731543e-06,7.634837123916117e-06,7.638551139639349e-06,7.642260256645186e-06,7.645964483658663e-06,7.64966382936813e-06,7.653358302441009e-06,7.657047911526517e-06,7.660732665242933e-06,7.664412572183106e-06,7.668087640930419e-06,7.671757880003492e-06,7.675423297933186e-06,7.679083903216826e-06,7.682739704325245e-06,7.686390709711287e-06,7.69003692778291e-06,7.693678366945088e-06,7.697315035572273e-06,7.700946942014914e-06,7.704574094596551e-06,7.708196501625155e-06,7.71181417137826e-06,7.715427112109825e-06,7.719035332055688e-06,7.722638839415358e-06,7.726237642387533e-06,7.729831749141612e-06,7.73342116778712e-06,7.73700590646669e-06,7.740585973257562e-06,7.74416137624044e-06,7.74773212346874e-06,7.751298222958807e-06,7.754859682714433e-06,7.758416510720171e-06,7.76196871493733e-06,7.7655163033022e-06,7.76905928373001e-06,7.772597664122007e-06,7.77613145233041e-06,7.77966065622685e-06,7.783185283623395e-06,7.786705342333028e-06,7.790220840141121e-06,7.793731784811807e-06,7.797238184085756e-06,7.800740045690284e-06,7.804237377314957e-06,7.807730186644178e-06,7.811218481375927e-06,7.8147022690526e-06,7.818181557364265e-06,7.82165635388931e-06,7.825126666204242e-06,7.828592501861173e-06,7.832053868398776e-06,7.835510773316165e-06,7.838963224134324e-06,7.842411228313404e-06,7.845854793307455e-06,7.849293926550837e-06,7.852728635452355e-06,7.856158927417051e-06,7.859584809812252e-06,7.863006289993716e-06,7.866423375297076e-06,7.86983607306136e-06,7.873244390526617e-06,7.876648335005506e-06,7.880047913757715e-06,7.883443134049924e-06,7.88683400304476e-06,7.89022052795641e-06,7.893602716022215e-06,7.896980574312336e-06,7.900354110019033e-06,7.903723330264656e-06,7.907088242158962e-06,7.910448852785119e-06,7.913805169217454e-06,7.917157198500592e-06,7.920504947676849e-06,7.923848423747515e-06,7.927187633714995e-06,7.930522584560252e-06,7.933853283234414e-06,7.937179736691116e-06,7.940501951850075e-06,7.943819935616163e-06,7.947133694878131e-06,7.950443236508392e-06,7.953748567359767e-06,7.957049694267292e-06,7.960346624047905e-06,7.963639363503274e-06,7.96692791941521e-06,7.970212298552642e-06,7.973492507662899e-06,7.9767685534724e-06,7.9800404427071e-06,7.983308182058179e-06,7.986571778207278e-06,7.989831237817457e-06,7.993086567549332e-06,7.996337774022315e-06,7.999584863833266e-06,8.002827843590571e-06,8.006066719881026e-06,8.009301499264036e-06,8.012532188288635e-06,8.015758793491785e-06,8.018981321391035e-06,8.02219977845624e-06,8.025414171185494e-06,8.028624506072115e-06,8.031830789542685e-06,8.035033028011534e-06,8.038231227918453e-06,8.041425395663185e-06,8.044615537633945e-06,8.04780166019263e-06,8.050983769710664e-06,8.054161872519091e-06,8.05733597494769e-06,8.060506083296674e-06,8.06367220385879e-06,8.06683434290856e-06,8.069992506721213e-06,8.073146701526302e-06,8.076296933574778e-06,8.07944320909949e-06,8.082585534252076e-06,8.085723915239578e-06,8.088858358231357e-06,8.09198886940034e-06,8.095115454876885e-06,8.09823812078852e-06,8.10135687324626e-06,8.104471718348885e-06,8.107582662179312e-06,8.110689710803344e-06,8.113792870276903e-06,8.116892146637675e-06,8.11998754590891e-06,8.123079074100783e-06,8.12616673720979e-06,8.129250541211166e-06,8.132330492085783e-06,8.135406595777896e-06,8.138478858220984e-06,8.141547285350967e-06,8.144611883074311e-06,8.147672657274338e-06,8.150729613861373e-06,8.153782758689788e-06,8.15683209760997e-06,8.159877636471055e-06,8.162919381099074e-06,8.16595733730507e-06,8.168991510889638e-06,8.172021907641387e-06,8.175048533333904e-06,8.178071393725596e-06,8.181090494585011e-06,8.184105841600197e-06,8.18711744051313e-06,8.190125297030805e-06,8.193129416841844e-06,8.196129805628244e-06,8.199126469061813e-06,8.2021194127906e-06,8.205108642457862e-06,8.208094163691086e-06,8.211075982102391e-06,8.21405410332858e-06,8.217028532888521e-06,8.21999927639222e-06,8.222966339409955e-06,8.225929727483388e-06,8.228889446152985e-06,8.231845500942406e-06,8.234797897367327e-06,8.237746640869561e-06,8.240691737048896e-06,8.243633191325185e-06,8.246571009157977e-06,8.249505196001477e-06,8.252435757287728e-06,8.255362698410957e-06,8.258286024853256e-06,8.261205741980889e-06,8.264121855181387e-06,8.267034369829186e-06,8.269943291295077e-06,8.272848624928353e-06,8.275750376068281e-06,8.278648550044136e-06,8.281543152174598e-06,8.284434187762682e-06,8.287321662104635e-06,8.29020558047404e-06,8.293085948143532e-06,8.295962770372338e-06,8.298836052405821e-06,8.30170579946998e-06,8.304572016803226e-06,8.307434709615303e-06,8.310293883095378e-06,8.313149542452096e-06,8.316001692826328e-06,8.318850339403438e-06,8.32169548733456e-06,8.32453714175895e-06,8.32737530782305e-06,8.330209990630643e-06,8.333041195310827e-06,8.335868926936157e-06,8.338693190600151e-06,8.341513991381585e-06,8.34433133434475e-06,8.347145224553128e-06,8.349955667051417e-06,8.352762666834674e-06,8.35556622894671e-06,8.358366358398075e-06,8.361163060184375e-06,8.363956339293936e-06,8.366746200683914e-06,8.369532649365828e-06,8.372315690266128e-06,8.375095328338871e-06,8.377871568513585e-06,8.380644415726008e-06,8.383413874872615e-06,8.386179950854484e-06,8.388942648575342e-06,8.39170197291454e-06,8.394457928743202e-06,8.397210520920366e-06,8.399959754293612e-06,8.402705633706126e-06,8.405448163992726e-06,8.408187349974052e-06,8.410923196445183e-06,8.413655708222093e-06,8.416384890066081e-06,8.41911074677396e-06,8.421833283129455e-06,8.42455250387816e-06,8.42726841376868e-06,8.429981017548106e-06,8.432690319936066e-06,8.435396325645421e-06,8.438099039399745e-06,8.440798465882184e-06,8.443494609790238e-06,8.446187475811588e-06,8.448877068604383e-06,8.45156339282732e-06,8.454246453134619e-06,8.456926254167894e-06,8.459602800557586e-06,8.462276096925624e-06,8.464946147882263e-06,8.467612958031834e-06,8.470276531965975e-06,8.472936874264169e-06,8.475593989508813e-06,8.478247882254532e-06,8.480898557048294e-06,8.48354601843019e-06,8.486190270979626e-06,8.488831319198902e-06,8.491469167603995e-06,8.494103820702095e-06,8.496735282987311e-06,8.499363558960939e-06,8.501988653097364e-06,8.504610569868235e-06,8.507229313726067e-06,8.509844889144979e-06,8.512457300557245e-06,8.515066552399292e-06,8.517672649095369e-06,8.520275595065457e-06,8.522875394708545e-06,8.525472052442373e-06,8.52806557263848e-06,8.530655959686237e-06,8.533243217972898e-06,8.535827351833943e-06,8.538408365648675e-06,8.540986263742633e-06,8.543561050464448e-06,8.546132730142462e-06,8.548701307097293e-06,8.551266785644344e-06,8.553829170067733e-06,8.55638846469003e-06,8.558944673782533e-06,8.561497801634207e-06,8.564047852488671e-06,8.566594830610048e-06,8.569138740270146e-06,8.5716795856958e-06,8.574217371142985e-06,8.576752100824789e-06,8.579283778932538e-06,8.581812409738693e-06,8.584337997390304e-06,8.586860546096473e-06,8.589380060054114e-06,8.591896543419217e-06,8.594410000368767e-06,8.596920435064515e-06,8.599427851631398e-06,8.601932254265358e-06,8.604433647077082e-06,8.606932034193454e-06,8.609427419732569e-06,8.611919807809157e-06,8.614409202531217e-06,8.616895607979402e-06,8.619379028250514e-06,8.621859467423439e-06,8.624336929569986e-06,8.626811418750384e-06,8.62928293902659e-06,8.631751494443886e-06,8.634217089041199e-06,8.63667972685665e-06,8.639139411906066e-06,8.6415961482071e-06,8.644049939774511e-06,8.646500790606891e-06,8.648948704701579e-06,8.651393686044167e-06,8.653835738608297e-06,8.656274866362884e-06,8.658711073269594e-06,8.661144363286439e-06,8.663574740343093e-06,8.666002208418118e-06,8.66842677142305e-06,8.670848433288435e-06,8.673267197929052e-06,8.675683069250848e-06,8.678096051161605e-06,8.680506147556725e-06,8.682913362328592e-06,8.685317699348041e-06,8.687719162496408e-06,8.690117755638382e-06,8.692513482625886e-06,8.694906347319997e-06,8.69729635355985e-06,8.699683505182458e-06,8.702067806017366e-06,8.70444925988656e-06,8.706827870606138e-06,8.709203641981962e-06,8.711576577818024e-06,8.713946681906861e-06,8.716313958030622e-06,8.718678409977458e-06,8.721040041515602e-06,8.723398856410576e-06,8.72575485842097e-06,8.728108051298068e-06,8.730458438786034e-06,8.732806024622852e-06,8.735150812538705e-06,8.737492806256817e-06,8.739832009494174e-06,8.742168425955796e-06,8.744502059354332e-06,8.746832913380968e-06,8.749160991724733e-06,8.751486298068047e-06,8.753808836087153e-06,8.756128609449842e-06,8.758445621818381e-06,8.760759876847794e-06,8.763071378189416e-06,8.76538012948136e-06,8.767686134360436e-06,8.769989396454266e-06,8.772289919389421e-06,8.774587706771374e-06,8.776882762221994e-06,8.779175089332434e-06,8.781464691701808e-06,8.783751572919768e-06,8.786035736572256e-06,8.788317186226807e-06,8.790595925456572e-06,8.792871957825207e-06,8.795145286888448e-06,8.797415916196593e-06,8.799683849293502e-06,8.80194908971584e-06,8.804211640994722e-06,8.806471506652973e-06,8.80872869021091e-06,8.810983195179245e-06,8.813235025063633e-06,8.815484183362138e-06,8.81773067356679e-06,8.819974499167857e-06,8.822215663640622e-06,8.82445417046362e-06,8.826690023099494e-06,8.828923225011555e-06,8.831153779659244e-06,8.833381690485487e-06,8.835606960935938e-06,8.837829594430138e-06,8.840049594432768e-06,8.84226696435149e-06,8.844481707605139e-06,8.846693827620037e-06,8.848903327772918e-06,8.851110211460516e-06,8.85331448211515e-06,8.855516143106156e-06,8.857715197815928e-06,8.859911649609745e-06,8.862105501864726e-06,8.8642967579711e-06,8.866485421275148e-06,8.868671495099166e-06,8.870854982799451e-06,8.87303588773649e-06,8.87521421323515e-06,8.8773899626237e-06,8.879563139227266e-06,8.881733746346138e-06,8.883901787320303e-06,8.88606726544285e-06,8.888230184022878e-06,8.89039054633619e-06,8.892548355665727e-06,8.894703615323166e-06,8.896856328569212e-06,8.899006498663052e-06,8.901154128891938e-06,8.903299222510145e-06,8.905441782768066e-06,8.907581812917363e-06,8.909719316192362e-06,8.911854295834547e-06,8.913986755078083e-06,8.916116697153194e-06,8.918244125273622e-06,8.920369042660462e-06,8.92249145251296e-06,8.924611358039166e-06,8.926728762440003e-06,8.928843668908953e-06,8.930956080626585e-06,8.933066000779295e-06,8.93517343254218e-06,8.937278379086307e-06,8.939380843578203e-06,8.941480829177287e-06,8.943578339037856e-06,8.945673376309397e-06,8.947765944135182e-06,8.949856045655108e-06,8.951943684000737e-06,8.954028862300016e-06,8.956111583675436e-06,8.95819185124398e-06,8.960269668118045e-06,8.962345037403739e-06,8.964417962202504e-06,8.966488445610039e-06,8.968556490717144e-06,8.970622100609359e-06,8.972685278373311e-06,8.974746027078019e-06,8.976804349786375e-06,8.978860249569429e-06,8.98091372949443e-06,8.98296479260727e-06,8.985013441951304e-06,8.98705968058194e-06,8.989103511528008e-06,8.991144937829775e-06,8.993183962515075e-06,8.995220588613078e-06,8.997254819131567e-06,8.999286657089145e-06,9.001316105494957e-06,9.003343167356007e-06,9.005367845662519e-06,9.007390143412282e-06,9.009410063594852e-06,9.011427609193416e-06,9.013442783182949e-06,9.015455588534948e-06,9.017466028227066e-06,9.01947410521845e-06,9.021479822467812e-06,9.02348318292898e-06,9.025484189551035e-06,9.027482845282293e-06,9.02947915305442e-06,9.031473115803073e-06,9.033464736459322e-06,9.03545401794776e-06,9.0374409631882e-06,9.039425575094958e-06,9.041407856572468e-06,9.043387810539414e-06,9.045365439889554e-06,9.047340747518577e-06,9.04931373631817e-06,9.051284409175725e-06,9.053252768970405e-06,9.055218818577785e-06,9.057182560872345e-06,9.059143998721442e-06,9.06110313498682e-06,9.06305997252908e-06,9.065014514199384e-06,9.066966762845264e-06,9.068916721312483e-06,9.07086439244245e-06,9.072809779066002e-06,9.07475288401542e-06,9.07669371011864e-06,9.078632260191646e-06,9.08056853705405e-06,9.082502543515503e-06,9.084434282388418e-06,9.086363756470797e-06,9.088290968566461e-06,9.090215921460115e-06,9.092138617945915e-06,9.094059060806e-06,9.095977252828794e-06,9.097893196783349e-06,9.099806895439512e-06,9.101718351566717e-06,9.103627567926532e-06,9.105534547277746e-06,9.10743929237319e-06,9.10934180596117e-06,9.111242090788483e-06,9.11314014959265e-06,9.115035985109635e-06,9.116929600070715e-06,9.118820997208651e-06,9.12071017923661e-06,9.122597148883784e-06,9.124481908858887e-06,9.126364461881738e-06,9.128244810635596e-06,9.130122957834932e-06,9.131998906175593e-06,9.133872658349014e-06,9.135744217038986e-06,9.137613584935811e-06,9.139480764716025e-06,9.14134575906168e-06,9.143208570641085e-06,9.14506920211832e-06,9.146927656160962e-06,9.148783935419595e-06,9.150638042552717e-06,9.152489980205616e-06,9.154339751033618e-06,9.156187357674077e-06,9.158032802763384e-06,9.159876088936231e-06,9.161717218822328e-06,9.163556195045385e-06,9.165393020228158e-06,9.167227696997652e-06,9.169060227945454e-06,9.17089061569071e-06,9.17271886283795e-06,9.17454497198776e-06,9.176368945736709e-06,9.178190786677234e-06,9.18001049739698e-06,9.181828080481856e-06,9.183643538512386e-06,9.185456874062795e-06,9.187268089704652e-06,9.189077188009681e-06,9.19088417153987e-06,9.192689042856768e-06,9.194491804514853e-06,9.196292459068815e-06,9.198091009065773e-06,9.199887457050151e-06,9.201681805562738e-06,9.203474057139279e-06,9.205264214311939e-06,9.207052279610766e-06,9.208838255562318e-06,9.210622144682651e-06,9.212403949492526e-06,9.214183672503785e-06,9.215961316221134e-06,9.217736883157976e-06,9.219510375815679e-06,9.221281796678721e-06,9.223051148258534e-06,9.224818433033446e-06,9.22658365349813e-06,9.228346812128175e-06,9.230107911405468e-06,9.231866953802615e-06,9.233623941792614e-06,9.235378877841282e-06,9.237131764412395e-06,9.238882603961328e-06,9.240631398956219e-06,9.242378151830662e-06,9.24412286504881e-06,9.245865541050718e-06,9.247606182276067e-06,9.249344791126315e-06,9.2510813701079e-06,9.252815921612997e-06,9.254548448058707e-06,9.256278951886483e-06,9.258007435506294e-06,9.259733901329506e-06,9.261458351765357e-06,9.263180789235402e-06,9.264901216135692e-06,9.266619634866163e-06,9.268336047821145e-06,9.270050457399163e-06,9.271762865977355e-06,9.273473275961965e-06,9.27518168972562e-06,9.27688810964493e-06,9.278592538114593e-06,9.280294977470588e-06,9.281995430098761e-06,9.283693898361638e-06,9.28539038462455e-06,9.287084891239396e-06,9.28877742056563e-06,9.290467974950057e-06,9.292156556744797e-06,9.293843168285468e-06,9.295527811916323e-06,9.297210489972385e-06,9.298891204789418e-06,9.300569958683191e-06,9.302246754000042e-06,9.30392159306287e-06,9.305594478168757e-06,9.307265411645789e-06,9.308934395804776e-06,9.310601432955275e-06,9.31226652540328e-06,9.313929675448211e-06,9.315590885389071e-06,9.317250157520731e-06,9.318907494134873e-06,9.320562897520037e-06,9.322216369960057e-06,9.323867913736657e-06,9.325517531127675e-06,9.32716522440785e-06,9.32881099584831e-06,9.330454847716805e-06,9.33209678227797e-06,9.333736801793472e-06,9.335374908519925e-06,9.33701110471244e-06,9.33864539262223e-06,9.340277774494421e-06,9.341908252578777e-06,9.343536829113592e-06,9.345163506337982e-06,9.346788286485171e-06,9.348411171787293e-06,9.350032164470286e-06,9.35165126676301e-06,9.353268480885351e-06,9.354883809055394e-06,9.35649725348181e-06,9.358108816389331e-06,9.35971849998009e-06,9.361326306458181e-06,9.362932238032147e-06,9.364536296891879e-06,9.366138485236216e-06,9.367738805259475e-06,9.369337259149811e-06,9.370933849093566e-06,9.372528577274221e-06,9.374121445870396e-06,9.375712457059285e-06,9.37730161301462e-06,9.378888915907436e-06,9.380474367906404e-06,9.382057971171135e-06,9.383639727864291e-06,9.385219640135509e-06,9.386797710146514e-06,9.388373940062619e-06,9.38994833201791e-06,9.391520888157955e-06,9.39309161062814e-06,9.39466050160525e-06,9.396227563146218e-06,9.397792797420621e-06,9.399356206566125e-06,9.4009177927029e-06,9.402477557961747e-06,9.404035504454733e-06,9.405591634303984e-06,9.407145949622134e-06,9.408698452522048e-06,9.410249145110926e-06,9.411798029499521e-06,9.413345107783655e-06,9.414890382066348e-06,9.41643385443336e-06,9.417975526995909e-06,9.419515401837419e-06,9.421053481042554e-06,9.422589766698928e-06,9.424124260888906e-06,9.425656965687369e-06,9.427187883173408e-06,9.428717015431022e-06,9.4302443645033e-06,9.431769932469471e-06,9.433293721395487e-06,9.4348157333412e-06,9.436335970362719e-06,9.437854434526266e-06,9.439371127865872e-06,9.440886052440233e-06,9.44239921030081e-06,9.443910603481644e-06,9.445420234015846e-06,9.446928103958204e-06,9.448434215334992e-06,9.449938570201084e-06,9.45144117054276e-06,9.4529420183794e-06,9.454441115790863e-06,9.455938464769498e-06,9.457434067332875e-06,9.458927925501057e-06,9.460420041286478e-06,9.461910416677535e-06,9.463399053692323e-06,9.464885954334504e-06,9.466371120609567e-06,9.467854554515215e-06,9.469336258039524e-06,9.470816233175986e-06,9.472294481916145e-06,9.473771006247352e-06,9.475245808153225e-06,9.47671888961331e-06,9.47819025261435e-06,9.479659899117828e-06,9.481127831098835e-06,9.482594050533613e-06,9.484058559386342e-06,9.48552135962165e-06,9.486982453200372e-06,9.488441842097533e-06,9.489899528235227e-06,9.491355513585231e-06,9.492809800100357e-06,9.494262389669458e-06,9.49571328427769e-06,9.497162485955308e-06,9.498609996575439e-06,9.500055818069892e-06,9.501499952394652e-06,9.502942401462346e-06,9.50438316718608e-06,9.505822251503039e-06,9.507259656360815e-06,9.508695383623762e-06,9.510129435282886e-06,9.51156181320233e-06,9.512992519316193e-06,9.514421555530525e-06,9.515848923752041e-06,9.517274625883702e-06,9.518698663830846e-06,9.520121039490519e-06,9.521541754764467e-06,9.522960811550411e-06,9.524378211731114e-06,9.525793957205556e-06,9.527208049858236e-06,9.52862049157059e-06,9.53003128422733e-06,9.531440429693845e-06,9.532847929873992e-06,9.534253786623538e-06,9.535658001822496e-06,9.537060577329127e-06,9.538461515015588e-06,9.539860816744007e-06,9.5412584843872e-06,9.542654519784948e-06,9.544048924796769e-06,9.545441701283052e-06,9.54683285109251e-06,9.548222376073741e-06,9.549610278072685e-06,9.550996558933492e-06,9.55238122049566e-06,9.553764264597641e-06,9.55514569307663e-06,9.55652550776437e-06,9.557903710493833e-06,9.559280303069416e-06,9.56065528736294e-06,9.562028665174932e-06,9.563400438349071e-06,9.564770608658265e-06,9.566139177941307e-06,9.567506147995602e-06,9.5688715206495e-06,9.570235297723847e-06,9.57159748100885e-06,9.572958072315563e-06,9.574317073436453e-06,9.575674486178862e-06,9.577030312316879e-06,9.578384553680334e-06,9.579737212042969e-06,9.58108828919447e-06,9.582437786907838e-06,9.583785706992587e-06,9.585132051203663e-06,9.586476821352055e-06,9.587820019192031e-06,9.589161646508918e-06,9.590501705074054e-06,9.591840196633398e-06,9.593177122995219e-06,9.59451248590935e-06,9.595846287133693e-06,9.597178528426507e-06,9.598509211544501e-06,9.599838338257835e-06,9.601165910299866e-06,9.602491929432623e-06,9.603816397403608e-06,9.605139315960153e-06,9.606460686845116e-06,9.607780511798501e-06,9.60909879255613e-06,9.61041553086125e-06,9.611730728451152e-06,9.61304438705438e-06,9.614356508400905e-06,9.615667094218271e-06,9.616976146233151e-06,9.618283666169018e-06,9.619589655743185e-06,9.620894116678914e-06,9.622197050694952e-06,9.623498459492998e-06,9.62479834479444e-06,9.626096708305061e-06,9.627393551732038e-06,9.62868887679806e-06,9.629982685172495e-06,9.631274978570602e-06,9.632565758693712e-06,9.633855027238824e-06,9.63514278589421e-06,9.636429036353655e-06,9.63771378031002e-06,9.638997019443001e-06,9.64027875544977e-06,9.641558990010489e-06,9.64283772478264e-06,9.644114961460008e-06,9.645390701726395e-06,9.646664947247272e-06,9.647937699688753e-06,9.649208960722266e-06,9.65047873202199e-06,9.651747015244294e-06,9.65301381205743e-06,9.654279124121134e-06,9.655542953088639e-06,9.656805300620645e-06,9.658066168369005e-06,9.659325557991014e-06,9.660583471107534e-06,9.661839909410976e-06,9.663094874523028e-06,9.664348368091377e-06,9.665600391776265e-06,9.666850947169188e-06,9.668100035920297e-06,9.669347659684224e-06,9.670593820092257e-06,9.671838518763668e-06,9.673081757327376e-06,9.674323537413448e-06,9.675563860636145e-06,9.676802728633375e-06,9.678040143014676e-06,9.679276105398966e-06,9.680510617397669e-06,9.681743680630647e-06,9.682975296703575e-06,9.684205467226575e-06,9.685434193805657e-06,9.686661478059922e-06,9.68788732158521e-06,9.689111725957272e-06,9.690334692792919e-06,9.691556223687578e-06,9.6927763202447e-06,9.693994984040336e-06,9.69521221667251e-06,9.696428019728164e-06,9.697642394795955e-06,9.69885534349452e-06,9.700066867332525e-06,9.701276967926549e-06,9.702485646854177e-06,9.703692905688285e-06,9.704898746010726e-06,9.706103169387862e-06,9.707306177385995e-06,9.708507771579757e-06,9.709707953532313e-06,9.710906724808756e-06,9.712104086967836e-06,9.713300041567934e-06,9.714494590171233e-06,9.715687734329873e-06,9.716879475592958e-06,9.71806981552609e-06,9.719258755667312e-06,9.720446297568507e-06,9.72163244276524e-06,9.72281719281419e-06,9.724000549246086e-06,9.725182513619687e-06,9.726363087454227e-06,9.727542272287114e-06,9.728720069653735e-06,9.72989648108761e-06,9.731071508118602e-06,9.732245152306051e-06,9.73341741510929e-06,9.734588298089387e-06,9.735757802762384e-06,9.73692593065254e-06,9.738092683273773e-06,9.739258062145545e-06,9.740422068783286e-06,9.74158470469487e-06,9.742745971391835e-06,9.74390587037772e-06,9.745064403166455e-06,9.746221571279561e-06,9.74737737617767e-06,9.748531819389873e-06,9.749684902410632e-06,9.750836626730864e-06,9.751986993851844e-06,9.753136005263746e-06,9.75428366245534e-06,9.755429966923504e-06,9.756574920149329e-06,9.757718523616673e-06,9.75886077881507e-06,9.760001687223045e-06,9.761141250320387e-06,9.762279469583454e-06,9.763416346494274e-06,9.764551882512219e-06,9.765686079125656e-06,9.76681893779968e-06,9.767950460000738e-06,9.769080647196428e-06,9.770209500852353e-06,9.771337022431713e-06,9.772463213418496e-06,9.773588075226187e-06,9.77471160933688e-06,9.775833817197971e-06,9.776954700265823e-06,9.778074259995124e-06,9.779192497834935e-06,9.78030941523368e-06,9.781425013636093e-06,9.782539294490672e-06,9.78365225922749e-06,9.784763909308824e-06,9.785874246163137e-06,9.786983271228354e-06,9.78809098593711e-06,9.789197391727872e-06,9.790302490026177e-06,9.791406282267132e-06,9.792508769874334e-06,9.793609954277845e-06,9.794709836899466e-06,9.795808419157361e-06,9.7969057024902e-06,9.79800168830171e-06,9.799096378017806e-06,9.800189773048588e-06,9.801281874808313e-06,9.802372684709921e-06,9.803462204172062e-06,9.804550434591474e-06,9.80563737737972e-06,9.806723033939695e-06,9.807807405677669e-06,9.808890493991137e-06,9.809972300294746e-06,9.811052825962744e-06,9.81213207240893e-06,9.81321004101893e-06,9.814286733183195e-06,9.815362150300979e-06,9.816436293764223e-06,9.817509164956134e-06,9.818580765260734e-06,9.819651096062995e-06,9.820720158744571e-06,9.821787954688073e-06,9.822854485272244e-06,9.823919751868865e-06,9.824983755868638e-06,9.82604649863188e-06,9.827107981534998e-06,9.82816820594738e-06,9.829227173239469e-06,9.830284884777472e-06,9.831341341922636e-06,9.832396546045814e-06,9.833450498503343e-06,9.834503200648284e-06,9.835554653859722e-06,9.836604859474905e-06,9.837653818869373e-06,9.83870153338341e-06,9.839748004364278e-06,9.84079323318229e-06,9.841837221152807e-06,9.842879969652779e-06,9.843921480015648e-06,9.844961753582899e-06,9.84600079170413e-06,9.847038595716693e-06,9.848075166953543e-06,9.849110506754738e-06,9.850144616455935e-06,9.85117749739219e-06,9.852209150892492e-06,9.853239578313235e-06,9.85426878093321e-06,9.855296760116643e-06,9.856323517164914e-06,9.857349053416578e-06,9.858373370189734e-06,9.859396468804704e-06,9.860418350582067e-06,9.861439016839262e-06,9.862458468891018e-06,9.863476708052012e-06,9.86449373563443e-06,9.86550955294919e-06,9.866524161305548e-06,9.867537562031632e-06,9.868549756391524e-06,9.869560745703826e-06,9.870570531279227e-06,9.871579114407276e-06,9.872586496415284e-06,9.873592678583484e-06,9.874597662209266e-06,9.875601448591466e-06,9.876604039017953e-06,9.877605434773588e-06,9.878605637160303e-06,9.8796046474629e-06,9.880602466967221e-06,9.881599096936725e-06,9.882594538699974e-06,9.883588793517143e-06,9.884581862667905e-06,9.885573747431895e-06,9.88656444908235e-06,9.887553968898286e-06,9.888542308161159e-06,9.88952946813735e-06,9.890515450098423e-06,9.891500255315334e-06,9.892483885055901e-06,9.89346634058473e-06,9.894447623163718e-06,9.895427734061325e-06,9.896406674543402e-06,9.897384445863011e-06,9.898361049287243e-06,9.899336486065939e-06,9.900310757459613e-06,9.901283864712376e-06,9.902255809095346e-06,9.9032265918401e-06,9.90419621421418e-06,9.905164677458208e-06,9.906131982818093e-06,9.907098131538004e-06,9.908063124864523e-06,9.90902696404084e-06,9.909989650302625e-06,9.91095118489555e-06,9.91191156905192e-06,9.912870804010774e-06,9.913828891006608e-06,9.914785831269204e-06,9.915741626036152e-06,9.91669627653407e-06,9.917649783992565e-06,9.918602149638822e-06,9.91955337469693e-06,9.920503460394698e-06,9.921452407952531e-06,9.922400218592576e-06,9.923346893535355e-06,9.924292434007286e-06,9.925236841206644e-06,9.926180116360364e-06,9.927122260683267e-06,9.928063275382201e-06,9.929003161674176e-06,9.929941920765548e-06,9.930879553866117e-06,9.931816062182768e-06,9.932751446921812e-06,9.93368570928072e-06,9.934618850465894e-06,9.93555087167747e-06,9.93648177412306e-06,9.93741155899067e-06,9.938340227479653e-06,9.939267780789288e-06,9.940194220110685e-06,9.941119546626406e-06,9.942043761542154e-06,9.942966866040341e-06,9.943888861313049e-06,9.944809748544325e-06,9.945729528915997e-06,9.94664820361511e-06,9.947565773828576e-06,9.948482240726585e-06,9.949397605501499e-06,9.95031186932462e-06,9.951225033374132e-06,9.952137098815306e-06,9.95304806684064e-06,9.953957938608646e-06,9.954866715291884e-06,9.955774398059728e-06,9.956680988083746e-06,9.957586486530723e-06,9.958490894574268e-06,9.95939421337007e-06,9.960296444073905e-06,9.961197587860312e-06,9.96209764588346e-06,9.962996619300674e-06,9.963894509270613e-06,9.964791316944283e-06,9.965687043473149e-06,9.966581690037378e-06,9.967475257767602e-06,9.968367747812827e-06,9.969259161313475e-06,9.970149499433777e-06,9.971038763317827e-06,9.971926954105985e-06,9.972814072936866e-06,9.973700120965269e-06,9.974585099327803e-06,9.975469009153836e-06,9.976351851597131e-06,9.977233627786326e-06,9.978114338848278e-06,9.978993985925867e-06,9.979872570159613e-06,9.980750092672288e-06,9.981626554588018e-06,9.98250195704499e-06,9.98337630116441e-06,9.984249588075454e-06,9.98512181890371e-06,9.985992994771021e-06,9.986863116800261e-06,9.987732186112351e-06,9.988600203827264e-06,9.989467171056218e-06,9.990333088936024e-06,9.991197958558931e-06,9.992061781047272e-06,9.992924557514551e-06,9.993786289075253e-06,9.994646976834861e-06,9.995506621902524e-06,9.996365225384824e-06,9.99722278839256e-06,9.998079312035912e-06,9.998934797404231e-06,9.999789245606566e-06,1.000064265774517e-05,1.0001495034908624e-05,1.0002346378214638e-05,1.0003196688750711e-05,1.0004045967612696e-05,1.0004894215896348e-05,1.0005741434692655e-05,1.0006587625095744e-05,1.000743278819534e-05,1.0008276925080299e-05,1.0009120036841708e-05,1.0009962124561768e-05,1.0010803189329779e-05,1.001164323222885e-05,1.0012482254337396e-05,1.0013320256746865e-05,1.0014157240531647e-05,1.0014993206772793e-05,1.0015828156547259e-05,1.0016662090927104e-05,1.001749501099335e-05,1.0018326917832245e-05,1.0019157812493245e-05,1.001998769606243e-05,1.00208165696009e-05,1.0021644434194103e-05,1.002247129092168e-05,1.0023297140794985e-05,1.002412198491705e-05,1.0024945824348954e-05,1.0025768660150492e-05,1.0026590493385415e-05,1.00274113251132e-05,1.0028231156386953e-05,1.0029049988277803e-05,1.0029867821831984e-05,1.0030684658113151e-05,1.0031500498171009e-05,1.0032315343058914e-05,1.0033129193828682e-05,1.0033942051530917e-05,1.0034753917214944e-05,1.0035564791927861e-05,1.0036374676718831e-05,1.0037183572627264e-05,1.0037991480701e-05,1.0038798401991768e-05,1.00396043375349e-05,1.0040409288370614e-05,1.0041213255533977e-05,1.0042016240075192e-05,1.0042818243025068e-05,1.0043619265418252e-05,1.0044419308290388e-05,1.004521837267563e-05,1.0046016459606092e-05,1.004681357011298e-05,1.004760970522651e-05,1.0048404866002053e-05,1.0049199053412364e-05,1.0049992268513825e-05,1.0050784512328554e-05,1.0051575785888233e-05,1.0052366090202098e-05,1.0053155426294885e-05,1.0053943795195735e-05,1.0054731197919877e-05,1.0055517635476754e-05,1.0056303108899249e-05,1.0057087619195449e-05,1.0057871167380029e-05,1.0058653754455032e-05,1.0059435381452351e-05,1.0060216049379047e-05,1.0060995759239917e-05,1.0061774512037203e-05,1.0062552308791547e-05,1.0063329150503345e-05,1.0064105038178014e-05,1.0064879972799613e-05,1.0065653955410949e-05,1.0066426986993289e-05,1.0067199068547893e-05,1.0067970201074e-05,1.0068740385569708e-05,1.0069509623033221e-05,1.0070277914459031e-05,1.0071045260830739e-05,1.0071811663155571e-05,1.0072577122434665e-05,1.0073341639651227e-05,1.0074105215790123e-05,1.0074867851846085e-05,1.007562954880438e-05,1.0076390307687937e-05,1.007715012940955e-05,1.007790901499212e-05,1.0078666965419358e-05,1.0079423981671199e-05,1.0080180064730992e-05,1.0080935215567752e-05,1.0081689435179301e-05,1.0082442724534644e-05,1.0083195084611317e-05,1.0083946516378265e-05,1.0084697020820653e-05,1.0085446598906296e-05,1.0086195251607752e-05,1.0086942979895554e-05,1.0087689784741377e-05,1.0088435667111977e-05,1.0089180627976587e-05,1.0089924668300476e-05,1.0090667789050438e-05,1.0091409991190675e-05,1.0092151275684063e-05,1.0092891643494181e-05,1.0093631095554453e-05,1.0094369632885938e-05,1.0095107256405845e-05,1.009584396707852e-05,1.009657976586117e-05,1.0097314653712994e-05,1.009804863158244e-05,1.0098781700425685e-05,1.0099513861196029e-05,1.0100245114842985e-05,1.0100975462317667e-05,1.0101704904570358e-05,1.0102433442546016e-05,1.0103161077193436e-05,1.0103887809459627e-05,1.0104613640287492e-05,1.0105338570615798e-05,1.010606260137687e-05,1.0106785733552086e-05,1.0107507968055302e-05,1.0108229305826726e-05,1.0108949747808526e-05,1.0109669294948091e-05,1.0110387948169383e-05,1.0111105708391407e-05,1.0111822576567377e-05,1.0112538553624228e-05,1.0113253640496652e-05,1.0113967838105338e-05,1.0114681147406418e-05,1.0115393569313706e-05,1.01161051047515e-05,1.0116815754646985e-05,1.0117525519925089e-05,1.011823440152439e-05,1.0118942400365346e-05,1.0119649517341101e-05,1.0120355753393891e-05,1.0121061109446395e-05,1.0121765586424695e-05,1.0122469185229521e-05,1.012317190678791e-05,1.0123873752009026e-05,1.01245747218254e-05,1.0125274817125047e-05,1.0125974038856555e-05,1.0126672387904687e-05,1.0127369865184486e-05,1.0128066471601734e-05,1.0128762208088737e-05,1.0129457075530207e-05,1.0130151074822238e-05,1.0130844206897931e-05,1.0131536472656575e-05,1.0132227872979018e-05,1.0132918408787663e-05,1.0133608080978014e-05,1.0134296890456276e-05,1.0134984838117964e-05,1.0135671924868628e-05,1.0136358151602579e-05,1.0137043519182739e-05,1.0137728028565838e-05,1.013841168061996e-05,1.0139094476236844e-05,1.0139776416314806e-05,1.0140457501734818e-05,1.0141137733408502e-05,1.0141817112174545e-05,1.0142495638989486e-05,1.0143173314689707e-05,1.0143850140181577e-05,1.0144526116356493e-05,1.0145201244090098e-05,1.014587552427128e-05,1.0146548957767907e-05,1.0147221545469449e-05,1.0147893288265621e-05,1.0148564187027913e-05,1.0149234242649854e-05,1.0149903455982585e-05,1.0150571827931366e-05,1.0151239359349793e-05,1.0151906051105897e-05,1.0152571904087422e-05,1.0153236919153234e-05,1.0153901097225959e-05,1.0154564439133372e-05,1.0155226945733185e-05,1.0155888617913407e-05,1.0156549456540244e-05,1.0157209462473377e-05,1.0157868636586416e-05,1.0158526979743534e-05,1.0159184492809666e-05,1.0159841176618016e-05,1.0160497032068182e-05,1.0161152060027426e-05,1.0161806261337757e-05,1.0162459636860374e-05,1.0163112187451885e-05,1.0163763913975023e-05,1.0164414817276528e-05,1.0165064898215286e-05,1.0165714157647577e-05,1.0166362596428606e-05,1.0167010215409987e-05,1.0167657015436965e-05,1.016830299736658e-05,1.0168948162047249e-05,1.0169592510324764e-05,1.0170236043052187e-05,1.0170878761066871e-05,1.017152066522259e-05,1.0172161756341332e-05,1.0172802035305926e-05,1.0173441502940534e-05,1.017408016008639e-05,1.0174718007605228e-05,1.0175355046294682e-05,1.0175991277016026e-05,1.0176626700607937e-05,1.01772613178999e-05,1.0177895129719392e-05,1.017852813693643e-05,1.0179160340359927e-05,1.0179791740840487e-05,1.01804223391978e-05,1.0181052136281847e-05,1.018168113287742e-05,1.018230932985293e-05,1.0182936728029925e-05,1.0183563328232581e-05,1.0184189131289122e-05,1.0184814138027259e-05,1.0185438349267319e-05,1.0186061765840225e-05,1.0186684388564738e-05,1.0187306218264197e-05,1.0187927255758624e-05,1.0188547501866877e-05,1.0189166957419315e-05,1.0189785623230987e-05,1.0190403500111457e-05,1.0191020588878407e-05,1.019163689037236e-05,1.0192252405366805e-05,1.0192867134699625e-05,1.0193481079166238e-05,1.019409423960598e-05,1.0194706616808195e-05,1.0195318211603257e-05,1.0195929024793818e-05,1.019653905718443e-05,1.019714830958278e-05,1.0197756782802065e-05,1.0198364477641634e-05,1.0198971394907732e-05,1.0199577535407719e-05,1.0200182899939703e-05,1.0200787489309978e-05,1.0201391304324585e-05,1.0201994345768958e-05,1.0202596614455662e-05,1.020319811118618e-05,1.0203798836752634e-05,1.0204398791952475e-05,1.0204997977581839e-05,1.0205596394433996e-05,1.020619404330667e-05,1.020679092499164e-05,1.0207387040281691e-05,1.0207982389971303e-05,1.0208576974849984e-05,1.0209170795709224e-05,1.0209763853332018e-05,1.021035614851602e-05,1.0210947682047422e-05,1.0211538454706716e-05,1.02121284672819e-05,1.0212717720559745e-05,1.0213306215326698e-05,1.0213893952361648e-05,1.021448093244468e-05,1.0215067156363481e-05,1.021565262489143e-05,1.0216237338815937e-05,1.0216821298908047e-05,1.0217404505949585e-05,1.0217986960715536e-05,1.0218568663986398e-05,1.021914961653573e-05,1.0219729819141225e-05,1.0220309272569474e-05,1.022088797759792e-05,1.0221465934996607e-05,1.0222043145537766e-05,1.0222619609995213e-05,1.0223195329130771e-05,1.0223770303717102e-05,1.0224344534521612e-05,1.022491802231156e-05,1.0225490767852519e-05,1.0226062771909895e-05,1.022663403524826e-05,1.0227204558630707e-05,1.022777434282016e-05,1.0228343388578603e-05,1.0228911696666808e-05,1.0229479267849382e-05,1.0230046102880157e-05,1.0230612202515013e-05,1.02311775675154e-05,1.0231742198637785e-05,1.023230609663857e-05,1.0232869262272485e-05,1.0233431696294031e-05,1.023399339945671e-05,1.023455437251294e-05,1.023511461621494e-05,1.0235674131313476e-05,1.023623291855877e-05,1.0236790978700239e-05,1.0237348312486533e-05,1.0237904920664966e-05,1.0238460803982602e-05,1.0239015963185602e-05,1.023957039902189e-05,1.0240124112230366e-05,1.0240677103557534e-05,1.024122937374737e-05,1.02417809235396e-05,1.0242331753676005e-05,1.0242881864899694e-05,1.0243431257945538e-05,1.0243979933558384e-05,1.0244527892468444e-05,1.0245075135420346e-05,1.0245621663146782e-05,1.0246167476379617e-05,1.0246712575861091e-05,1.024725696231733e-05,1.0247800636485199e-05,1.024834359909713e-05,1.0248885850884552e-05,1.0249427392578097e-05,1.0249968224907689e-05,1.0250508348602394e-05,1.0251047764390762e-05,1.0251586472999675e-05,1.0252124475156188e-05,1.0252661771586146e-05,1.0253198363014577e-05,1.025373425016607e-05,1.0254269433766956e-05,1.0254803914534004e-05,1.025533769319249e-05,1.0255870770462877e-05,1.025640314706972e-05,1.0256934823724931e-05,1.0257465801154725e-05,1.0257996080069809e-05,1.0258525661191083e-05,1.0259054545235065e-05,1.0259582732917336e-05,1.0260110224952687e-05,1.0260637022055295e-05,1.0261163124940573e-05,1.0261688534316907e-05,1.0262213250898112e-05,1.026273727539523e-05,1.0263260608518365e-05,1.0263783250978725e-05,1.0264305203481903e-05,1.0264826466741957e-05,1.0265347041455639e-05,1.026586692833517e-05,1.0266386128086144e-05,1.0266904641412688e-05,1.0267422469039063e-05,1.0267939611628771e-05,1.0268456069906198e-05,1.0268971844569118e-05,1.0269486936320519e-05,1.0270001345860965e-05,1.0270515073889519e-05,1.0271028121104534e-05,1.027154048820316e-05,1.0272052175887908e-05,1.027256318485203e-05,1.0273073515786638e-05,1.0273583169391e-05,1.0274092146347944e-05,1.027460044736923e-05,1.0275108073146566e-05,1.0275615024358389e-05,1.0276121301719352e-05,1.0276626905893704e-05,1.0277131837572563e-05,1.0277636097464525e-05,1.0278139686232979e-05,1.0278642604578167e-05,1.0279144853188056e-05,1.0279646432745805e-05,1.0280147343938052e-05,1.028064758745635e-05,1.0281147163968932e-05,1.0281646074179011e-05,1.0282144318744876e-05,1.028264189837036e-05,1.028313881371537e-05,1.0283635065471396e-05,1.0284130654322368e-05,1.0284625580931253e-05,1.028511984599604e-05,1.0285613450184612e-05,1.0286106394161577e-05,1.0286598678613272e-05,1.028709030422128e-05,1.0287581271643333e-05,1.0288071581569853e-05,1.0288561234665892e-05,1.028905023159632e-05,1.0289538573028103e-05,1.0290026259650272e-05,1.0290513292156705e-05,1.029099967116135e-05,1.0291485397359285e-05,1.0291970471401845e-05,1.0292454893976958e-05,1.0292938665733539e-05,1.0293421787345735e-05,1.0293904259484233e-05,1.0294386082811637e-05,1.0294867257989183e-05,1.0295347785665366e-05,1.0295827666513524e-05,1.0296306901201775e-05,1.0296785490373462e-05,1.0297263434700794e-05,1.0297740734844224e-05,1.0298217391453624e-05,1.0298693405172631e-05,1.0299168776694901e-05,1.0299643506657126e-05,1.0300117595720242e-05,1.0300591044528913e-05,1.0301063853742857e-05,1.0301536024012484e-05,1.0302007555992516e-05,1.0302478450340431e-05,1.0302948707699262e-05,1.0303418328722622e-05,1.0303887314060146e-05,1.0304355664358289e-05,1.030482338026943e-05,1.030529046243783e-05,1.0305756911515836e-05,1.0306222728145347e-05,1.0306687912973827e-05,1.0307152466641644e-05,1.0307616389802573e-05,1.0308079683091766e-05,1.0308542347156888e-05,1.0309004382634982e-05,1.0309465790176682e-05,1.0309926570415716e-05,1.0310386723982108e-05,1.031084625153021e-05,1.0311305153694195e-05,1.031176343111431e-05,1.0312221084422954e-05,1.0312678114259971e-05,1.0313134521260414e-05,1.0313590306059897e-05,1.0314045469292837e-05,1.031450001159981e-05,1.0314953933603379e-05,1.0315407235934534e-05,1.0315859919240472e-05,1.0316311984135543e-05,1.0316763431257714e-05,1.0317214261245391e-05,1.0317664474716565e-05,1.0318114072302651e-05,1.0318563054629682e-05,1.0319011422318597e-05,1.0319459176002038e-05,1.0319906316308044e-05,1.0320352843862632e-05,1.0320798759294748e-05,1.032124406321137e-05,1.0321688756266901e-05,1.0322132839040185e-05,1.03225763121752e-05,1.0323019176294702e-05,1.0323461432025572e-05,1.0323903079971416e-05,1.0324344120758883e-05,1.0324784555006773e-05,1.0325224383333667e-05,1.0325663606361594e-05,1.0326102224703777e-05,1.0326540238968426e-05,1.032697764977495e-05,1.0327414457746138e-05,1.0327850663478653e-05,1.0328286267614372e-05,1.0328721270727787e-05,1.0329155673446021e-05,1.0329589476388714e-05,1.033002268016143e-05,1.0330455285374972e-05,1.0330887292637275e-05,1.0331318702557571e-05,1.0331749515743832e-05,1.0332179732814632e-05,1.033260935435369e-05,1.0333038380974147e-05,1.0333466813291897e-05,1.0333894651901396e-05,1.0334321897412515e-05,1.0334748550426845e-05,1.0335174611548843e-05,1.0335600081377794e-05,1.033602496051633e-05,1.0336449249563629e-05,1.0336872949128326e-05,1.0337296059797716e-05,1.0337718582180266e-05,1.0338140516863075e-05,1.0338561864458586e-05,1.033898262555099e-05,1.0339402800746771e-05,1.0339822390636097e-05,1.0340241395809472e-05,1.0340659816873808e-05,1.0341077654407804e-05,1.0341494909009897e-05,1.0341911581277429e-05,1.03423276717995e-05,1.0342743181167961e-05,1.0343158109972859e-05,1.0343572458804495e-05,1.034398622825161e-05,1.0344399418910308e-05,1.0344812031352695e-05,1.0345224066178794e-05,1.0345635523972466e-05,1.034604640531916e-05,1.0346456710807645e-05,1.0346866441018584e-05,1.034727559653691e-05,1.0347684177949014e-05,1.0348092185833245e-05,1.0348499620778851e-05,1.0348906483361902e-05,1.0349312774168658e-05,1.0349718493777787e-05,1.0350123642768977e-05,1.0350528221718447e-05,1.0350932231212485e-05,1.035133567182416e-05,1.0351738544132248e-05,1.0352140848729696e-05,1.0352542586159454e-05,1.0352943757010751e-05,1.0353344361876453e-05,1.035374440130868e-05,1.0354143875887947e-05,1.0354542786197334e-05,1.035494113279496e-05,1.0355338916245949e-05,1.0355736137151654e-05,1.0356132796063434e-05,1.0356528893554084e-05,1.03569244301876e-05,1.0357319406544085e-05,1.0357713823185857e-05,1.0358107680682914e-05,1.0358500979602229e-05,1.0358893720509279e-05,1.0359285903970829e-05,1.0359677530546163e-05,1.036006860081182e-05,1.0360459115325972e-05,1.0360849074655561e-05,1.036123847935926e-05,1.0361627329997964e-05,1.0362015627140617e-05,1.0362403371349614e-05,1.0362790563171127e-05,1.0363177203174616e-05,1.0363563291920824e-05,1.0363948829968187e-05,1.0364333817871994e-05,1.0364718256188261e-05,1.0365102145476623e-05,1.0365485486279546e-05,1.036586827919536e-05,1.0366250524746036e-05,1.0366632223491414e-05,1.0367013375987752e-05,1.0367393982787852e-05,1.0367774044443503e-05,1.0368153561504497e-05,1.0368532534530379e-05,1.0368910964071124e-05,1.0369288850672605e-05,1.0369666194886603e-05,1.0370042997273245e-05,1.0370419258364519e-05,1.0370794978705514e-05,1.0371170158858078e-05,1.0371544799365571e-05,1.0371918900773309e-05,1.037229246362776e-05,1.03726654884748e-05,1.0373037975858552e-05,1.0373409926324668e-05,1.0373781340417724e-05,1.0374152218668728e-05,1.0374522561638984e-05,1.0374892369866067e-05,1.0375261643881308e-05,1.0375630384234568e-05,1.0375998591463296e-05,1.037636626610707e-05,1.0376733408706081e-05,1.037710001979344e-05,1.0377466099910672e-05,1.037783164959705e-05,1.0378196669392583e-05,1.0378561159832651e-05,1.037892512144455e-05,1.037928855476912e-05,1.0379651460344281e-05,1.0380013838697541e-05,1.0380375690357566e-05,1.0380737015874563e-05,1.0381097815775102e-05,1.0381458090580249e-05,1.0381817840834075e-05,1.0382177067056062e-05,1.0382535769784905e-05,1.0382893949552302e-05,1.0383251606876534e-05,1.0383608742292495e-05,1.038396535632834e-05,1.0384321449509662e-05,1.0384677022362521e-05,1.0385032075413092e-05,1.0385386609187318e-05,1.0385740624230232e-05,1.0386094121042313e-05,1.0386447100134219e-05,1.038679956204886e-05,1.0387151507310711e-05,1.0387502936443115e-05,1.0387853849962039e-05,1.0388204248390619e-05,1.038855413224934e-05,1.0388903502077932e-05,1.038925235835577e-05,1.0389600701634825e-05,1.0389948532408044e-05,1.039029585121139e-05,1.0390642658556338e-05,1.0390988954957101e-05,1.039133474093377e-05,1.0391680017004757e-05,1.0392024783693726e-05,1.0392369041498173e-05,1.0392712790939089e-05,1.0393056032538401e-05,1.0393398766790271e-05,1.0393740994221073e-05,1.0394082715339282e-05,1.039442393065398e-05,1.0394764640678493e-05,1.0395104845928087e-05,1.0395444546912763e-05,1.0395783744131581e-05,1.0396122438084585e-05,1.0396460629291085e-05,1.0396798318283882e-05,1.0397135505550337e-05,1.0397472191589339e-05,1.0397808376916974e-05,1.039814406202619e-05,1.0398479247435532e-05,1.0398813933644013e-05,1.039914812115701e-05,1.0399481810474401e-05,1.0399815002104993e-05,1.0400147696548473e-05,1.0400479894307354e-05,1.0400811595881653e-05,1.0401142801776376e-05,1.0401473512479936e-05,1.0401803728505536e-05,1.0402133450365794e-05,1.0402462678516066e-05,1.0402791413488356e-05,1.0403119655771467e-05,1.0403447405860104e-05,1.0403774664255832e-05,1.040410143145912e-05,1.040442770795538e-05,1.0404753494240664e-05,1.0405078790812163e-05,1.0405403598159304e-05,1.040572791678489e-05,1.0406051747177395e-05,1.0406375089828224e-05,1.0406697945227857e-05,1.0407020313877715e-05,1.040734219626149e-05,1.0407663592868901e-05,1.0407984504187675e-05,1.0408304930712512e-05,1.0408624872930823e-05,1.0408944331329997e-05,1.040926330639975e-05,1.0409581798625783e-05,1.0409899808494877e-05,1.0410217336489968e-05,1.0410534383099823e-05,1.0410850948811165e-05,1.0411167034110297e-05,1.0411482639478707e-05,1.0411797765401693e-05,1.041211241235289e-05,1.0412426580833433e-05,1.0412740271314552e-05,1.0413053484283605e-05,1.0413366220218691e-05,1.0413678479600891e-05,1.0413990262914576e-05,1.0414301570630502e-05,1.0414612403233145e-05,1.0414922761198773e-05,1.041523264500967e-05,1.0415542055142314e-05,1.041585099207288e-05,1.0416159456278012e-05,1.0416467448241801e-05,1.0416774968428761e-05,1.0417082017321513e-05,1.0417388595387392e-05,1.041769470310684e-05,1.0418000340951252e-05,1.0418305509395786e-05,1.0418610208911206e-05,1.0418914439971277e-05,1.041921820305126e-05,1.0419521498615573e-05,1.0419824327138033e-05,1.0420126689091696e-05,1.042042858494595e-05,1.0420730015161086e-05,1.0421030980220045e-05,1.042133148058193e-05,1.0421631516727505e-05,1.042193108910143e-05,1.042223019818563e-05,1.0422528844444076e-05,1.0422827028341118e-05,1.0423124750347053e-05,1.0423422010923214e-05,1.0423718810537493e-05,1.0424015149651175e-05,1.0424311028726902e-05,1.0424606448238553e-05,1.0424901408636378e-05,1.0425195910378102e-05,1.0425489953933962e-05,1.0425783539762655e-05,1.0426076668330789e-05,1.0426369340087007e-05,1.0426661555503714e-05,1.0426953315034753e-05,1.0427244619135676e-05,1.0427535468274081e-05,1.0427825862898776e-05,1.042811580347366e-05,1.0428405290452741e-05,1.0428694324285777e-05,1.0428982905434204e-05,1.0429271034351719e-05,1.0429558711496387e-05,1.0429845937321727e-05,1.0430132712281247e-05,1.04304190368287e-05,1.0430704911419472e-05,1.043099033650157e-05,1.043127531253081e-05,1.0431559839962053e-05,1.0431843919238264e-05,1.0432127550811767e-05,1.0432410735141475e-05,1.0432693472671344e-05,1.043297576384677e-05,1.0433257609119291e-05,1.0433539008945494e-05,1.0433819963764686e-05,1.0434100474014898e-05,1.0434380540159605e-05,1.043466016263913e-05,1.0434939341899644e-05,1.0435218078386305e-05,1.043549637254735e-05,1.0435774224824032e-05,1.043605163565307e-05,1.0436328605502185e-05,1.0436605134795029e-05,1.0436881223983993e-05,1.0437156873506542e-05,1.0437432083799338e-05,1.0437706855308876e-05,1.0437981188476942e-05,1.0438255083743423e-05,1.0438528541550046e-05,1.0438801562335467e-05,1.0439074146538692e-05,1.0439346294603307e-05,1.0439618006956534e-05,1.0439889284043877e-05,1.044016012630202e-05,1.0440430534166584e-05,1.0440700508074934e-05,1.0440970048462809e-05,1.0441239155770935e-05,1.0441507830428864e-05,1.044177607284939e-05,1.0442043883511099e-05,1.0442311262820681e-05,1.044257821121318e-05,1.0442844729125722e-05,1.0443110816989418e-05,1.044337647523699e-05,1.0443641704302524e-05,1.044390650461383e-05,1.0444170876606168e-05,1.0444434820706466e-05,1.0444698337339345e-05,1.0444961426941125e-05,1.0445224089936193e-05,1.0445486326761173e-05,1.0445748137830077e-05,1.0446009523579919e-05,1.0446270484440421e-05,1.0446531020829298e-05,1.0446791133191279e-05,1.0447050821925907e-05,1.0447310087470646e-05,1.0447568930248739e-05,1.0447827350684258e-05,1.0448085349204953e-05,1.0448342926234937e-05,1.0448600082198581e-05,1.0448856817509526e-05,1.0449113132595905e-05,1.0449369027888786e-05,1.0449624503792227e-05,1.0449879560736459e-05,1.0450134199138875e-05,1.0450388419419046e-05,1.0450642222001521e-05,1.0450895607307107e-05,1.045114857574388e-05,1.0451401127739296e-05,1.0451653263715919e-05,1.0451904984076783e-05,1.0452156289244195e-05,1.0452407179641449e-05,1.0452657655678414e-05,1.04529077177719e-05,1.0453157366339e-05,1.045340660179385e-05,1.045365542455084e-05,1.045390383502059e-05,1.0454151833638385e-05,1.0454399420783598e-05,1.0454646596884344e-05,1.0454893362350308e-05,1.0455139717599348e-05,1.0455385663038936e-05,1.0455631199083905e-05,1.0455876326140033e-05,1.0456121044627317e-05,1.0456365354948111e-05,1.0456609257506717e-05,1.0456852752717069e-05,1.0457095840985533e-05,1.0457338522724628e-05,1.0457580798339908e-05,1.0457822668241333e-05,1.045806413283439e-05,1.0458305192521263e-05,1.0458545847707612e-05,1.045878609879394e-05,1.0459025946203713e-05,1.045926539033183e-05,1.0459504431582443e-05,1.0459743070361231e-05,1.045998130706958e-05,1.0460219142111995e-05,1.0460456575894788e-05,1.0460693608799915e-05,1.0460930241261518e-05,1.0461166473661132e-05,1.0461402306403296e-05,1.0461637739884758e-05,1.0461872774517094e-05,1.0462107410691644e-05,1.0462341648823521e-05,1.0462575489287798e-05,1.046280893248901e-05,1.0463041978831843e-05,1.0463274628705856e-05,1.046350688251463e-05,1.0463738740652865e-05,1.0463970203518585e-05,1.046420127150813e-05,1.046443194501665e-05,1.0464662224439412e-05,1.046489211017385e-05,1.046512160261036e-05,1.0465350702144597e-05,1.0465579409173066e-05,1.0465807724088173e-05,1.0466035647276766e-05,1.0466263179139083e-05,1.046649032007176e-05,1.0466717070446484e-05,1.0466943430666711e-05,1.0467169401122902e-05,1.0467394982201946e-05,1.0467620174304858e-05,1.0467844977811745e-05,1.0468069393113545e-05,1.0468293420600372e-05,1.0468517060660015e-05,1.0468740313684393e-05,1.0468963180053714e-05,1.0469185660159826e-05,1.0469407754388094e-05,1.046962946312136e-05,1.0469850786746147e-05,1.0470071725660918e-05,1.0470292280241847e-05,1.0470512450875438e-05,1.0470732237943815e-05,1.0470951641828534e-05,1.047117066292098e-05,1.0471389301600456e-05,1.0471607558249989e-05,1.0471825433251078e-05,1.0472042926987274e-05,1.0472260039840222e-05,1.047247677219287e-05,1.0472693124422126e-05,1.0472909096910202e-05,1.0473124690037314e-05,1.0473339904178715e-05,1.0473554739720319e-05,1.0473769197050111e-05,1.0473983276492849e-05,1.0474196978541918e-05,1.0474410303487458e-05,1.0474623251718062e-05,1.0474835823609455e-05,1.0475048019547137e-05,1.0475259839905001e-05,1.0475471285057507e-05,1.0475682355379777e-05,1.0475893051250426e-05,1.0476103373039545e-05,1.0476313321121204e-05,1.0476522895876805e-05,1.0476732097671837e-05,1.0476940926883564e-05,1.0477149383883616e-05,1.047735746904636e-05,1.0477565182738631e-05,1.0477772525341262e-05,1.0477979497220491e-05,1.0478186098747178e-05,1.0478392330293285e-05,1.0478598192227437e-05,1.0478803684914548e-05,1.0479008808732497e-05,1.0479213564048793e-05,1.0479417951235493e-05,1.0479621970653846e-05,1.047982562267384e-05,1.0480028907666845e-05,1.048023182599345e-05,1.048043437802011e-05,1.0480636564118103e-05,1.0480838384654255e-05,1.0481039839992789e-05,1.048124093049853e-05,1.0481441656540253e-05,1.0481642018478345e-05,1.0481842016674254e-05,1.0482041651490568e-05,1.0482240923299242e-05,1.0482439832458664e-05,1.048263837932957e-05,1.048283656427902e-05,1.0483034387665925e-05,1.0483231849852945e-05,1.0483428951200004e-05,1.0483625692069263e-05,1.0483822072822397e-05,1.0484018093817324e-05,1.0484213755413316e-05,1.0484409057968272e-05,1.0484604001846561e-05,1.0484798587404336e-05,1.0484992814999798e-05,1.0485186684985245e-05,1.0485380197728633e-05,1.0485573353581687e-05,1.0485766152902089e-05,1.0485958596046005e-05,1.048615068337617e-05,1.0486342415232615e-05,1.0486533791977993e-05,1.0486724813979372e-05,1.0486915481573e-05,1.048710579512337e-05,1.0487295754977486e-05,1.0487485361498407e-05,1.0487674615038582e-05,1.048786351594266e-05,1.0488052064563862e-05,1.0488240261261116e-05,1.0488428106382442e-05,1.0488615600279321e-05,1.048880274329955e-05,1.0488989535801076e-05,1.0489175978130274e-05,1.0489362070630936e-05,1.0489547813665274e-05,1.0489733207575775e-05,1.0489918252708846e-05,1.0490102949412963e-05,1.0490287298046501e-05,1.0490471298949513e-05,1.0490654952470499e-05,1.0490838258956334e-05,1.0491021218752822e-05,1.0491203832207742e-05,1.049138609966904e-05,1.0491568021478106e-05,1.0491749597978985e-05,1.0491930829522578e-05,1.0492111716447319e-05,1.049229225910213e-05,1.0492472457836704e-05,1.0492652312989283e-05,1.0492831824897375e-05,1.049301099390811e-05,1.0493189820363645e-05,1.049336830460783e-05,1.0493546446980716e-05,1.0493724247824762e-05,1.0493901707481014e-05,1.0494078826290914e-05,1.0494255604593238e-05,1.0494432042739151e-05,1.0494608141050757e-05,1.0494783899875187e-05,1.049495931955007e-05,1.049513440042063e-05,1.049530914281509e-05,1.049548354707697e-05,1.0495657613551796e-05,1.049583134256989e-05,1.0496004734457507e-05,1.0496177789553666e-05,1.0496350508207247e-05,1.0496522890749755e-05,1.0496694937524766e-05,1.0496866648860683e-05,1.0497038025081345e-05,1.0497209066540885e-05,1.0497379773544892e-05,1.0497550146454835e-05,1.0497720185595218e-05,1.0497889891301144e-05,1.0498059263901544e-05,1.04982283037329e-05,1.0498397011129389e-05,1.0498565386416482e-05,1.049873342993019e-05,1.0498901141999622e-05,1.04990685229574e-05,1.0499235573138025e-05,1.0499402292861015e-05,1.0499568682472117e-05,1.0499734742281369e-05,1.0499900472637223e-05,1.0500065873849964e-05,1.050023094625699e-05,1.0500395690187365e-05,1.0500560105967884e-05,1.0500724193935855e-05,1.0500887954400278e-05,1.0501051387697506e-05,1.0501214494153772e-05,1.0501377274093097e-05,1.0501539727845475e-05,1.0501701855730506e-05,1.0501863658086808e-05,1.050202513523347e-05,1.0502186287484703e-05,1.0502347115175911e-05,1.0502507618629589e-05,1.0502667798165989e-05,1.0502827654101555e-05,1.050298718676652e-05,1.050314639648278e-05,1.050330528357889e-05,1.0503463848376601e-05,1.0503622091190277e-05,1.050378001233612e-05,1.0503937612142089e-05,1.0504094890927064e-05,1.0504251849016027e-05,1.0504408486735234e-05,1.050456480438578e-05,1.0504720802302119e-05,1.050487648078945e-05,1.0505031840179934e-05,1.0505186880786532e-05,1.0505341602927886e-05,1.050549600692254e-05,1.0505650093093918e-05,1.050580386175193e-05,1.0505957313214559e-05,1.0506110447786966e-05,1.0506263265791616e-05,1.0506415767556114e-05,1.0506567953386584e-05,1.0506719823600939e-05,1.0506871378514103e-05,1.050702261843825e-05,1.0507173543694866e-05,1.050732415459325e-05,1.050747445144309e-05,1.0507624434562723e-05,1.0507774104255238e-05,1.0507923460833079e-05,1.0508072504625854e-05,1.0508221235931723e-05,1.0508369655069543e-05,1.0508517762356628e-05,1.0508665558088983e-05,1.0508813042589495e-05,1.0508960216162547e-05,1.050910707911032e-05,1.0509253631755228e-05,1.0509399874397426e-05,1.0509545807351446e-05,1.0509691430930022e-05,1.0509836745433003e-05,1.0509981751171214e-05,1.051012644845693e-05,1.0510270837592465e-05,1.051041491889798e-05,1.0510558692666162e-05,1.0510702159203295e-05,1.051084531882138e-05,1.0510988171830754e-05,1.051113071852801e-05,1.0511272959226805e-05,1.0511414894222288e-05,1.0511556523829331e-05,1.051169784834661e-05,1.0511838868083268e-05,1.0511979583331622e-05,1.0512119994396884e-05,1.0512260101596753e-05,1.0512399905224838e-05,1.0512539405593165e-05,1.0512678602992032e-05,1.0512817497725083e-05,1.0512956090099046e-05,1.051309438041221e-05,1.0513232368972182e-05,1.0513370056068128e-05,1.0513507442005877e-05,1.0513644527087928e-05,1.0513781311618006e-05,1.0513917795887395e-05,1.0514053980194107e-05,1.0514189864848049e-05,1.0514325450144027e-05,1.0514460736369698e-05,1.0514595723829758e-05,1.0514730412823043e-05,1.0514864803649007e-05,1.0514998896603632e-05,1.0515132691991296e-05,1.0515266190100456e-05,1.051539939122299e-05,1.0515532295661086e-05,1.0515664903708802e-05,1.0515797215666559e-05,1.0515929231823075e-05,1.0516060952473927e-05,1.0516192377914313e-05,1.0516323508440567e-05,1.0516454344347181e-05,1.0516584885925471e-05,1.0516715133469272e-05,1.051684508727497e-05,1.0516974747628555e-05,1.0517104114826858e-05,1.0517233189169927e-05,1.0517361970932453e-05,1.0517490460412968e-05,1.0517618657907294e-05,1.0517746563689957e-05,1.0517874178074769e-05,1.051800150135251e-05,1.0518128533793289e-05,1.0518255275700087e-05,1.051838172735776e-05,1.0518507889061697e-05,1.0518633761092803e-05,1.0518759343748477e-05,1.0518884637306393e-05,1.0519009642058663e-05,1.0519134358296363e-05,1.0519258786304854e-05,1.0519382926371588e-05,1.0519506778786144e-05,1.051963034383301e-05,1.0519753621795552e-05,1.0519876612961904e-05,1.0519999317617631e-05,1.0520121736049485e-05,1.0520243868542262e-05,1.05203657153816e-05,1.0520487276848497e-05,1.052060855323097e-05,1.0520729544811781e-05,1.052085025187464e-05,1.052097067470038e-05,1.0521090813577429e-05,1.0521210668788034e-05,1.052133024061295e-05,1.0521449529335847e-05,1.0521568535236628e-05,1.0521687258597818e-05,1.0521805699703155e-05,1.0521923858825299e-05,1.0522041736255043e-05,1.0522159332270988e-05,1.0522276647152525e-05,1.0522393681179897e-05,1.0522510434631569e-05,1.052262690779216e-05,1.0522743100930767e-05,1.0522859014332379e-05,1.0522974648276232e-05,1.052309000303973e-05,1.0523205078899594e-05,1.0523319876137115e-05,1.0523434395027503e-05,1.0523548635848258e-05,1.0523662598879236e-05,1.0523776284393289e-05,1.0523889692667185e-05,1.0524002823983104e-05,1.0524115678605129e-05,1.0524228256817296e-05,1.0524340558898928e-05,1.0524452585120984e-05,1.0524564335749458e-05,1.052467581106591e-05,1.0524787011343744e-05,1.052489793685744e-05,1.0525008587878987e-05,1.0525118964685613e-05,1.0525229067548524e-05,1.0525338896742246e-05,1.0525448452536468e-05,1.0525557735204695e-05,1.0525666745018447e-05,1.052577548225265e-05,1.0525883947176093e-05,1.0525992140056146e-05,1.052610006116922e-05,1.05262077107833e-05,1.0526315089169749e-05,1.052642219659769e-05,1.0526529033338542e-05,1.0526635599662038e-05,1.0526741895834745e-05,1.0526847922129283e-05,1.0526953678814498e-05,1.0527059166157521e-05,1.0527164384423597e-05,1.0527269333884794e-05,1.052737401480526e-05,1.0527478427455936e-05,1.0527582572102561e-05,1.0527686449013423e-05,1.0527790058447386e-05,1.052789340067653e-05,1.0527996475971337e-05,1.052809928459438e-05,1.0528201826799783e-05,1.0528304102877416e-05,1.052840611307527e-05,1.0528507857662838e-05,1.0528609336906774e-05,1.0528710551062077e-05,1.0528811500398297e-05,1.0528912185179081e-05,1.0529012605667494e-05,1.0529112762125431e-05,1.0529212654818956e-05,1.0529312284009028e-05,1.0529411649957855e-05,1.0529510752928217e-05,1.0529609593180982e-05,1.0529708170977416e-05,1.0529806486586462e-05,1.0529904540253975e-05,1.0530002332250333e-05,1.0530099862829614e-05,1.0530197132265094e-05,1.0530294140804759e-05,1.053039088870986e-05,1.0530487376248952e-05,1.0530583603674385e-05,1.0530679571241694e-05,1.0530775279215764e-05,1.053087072785337e-05,1.0530965917413202e-05,1.0531060848151451e-05,1.053115552032582e-05,1.0531249934195506e-05,1.0531344090015068e-05,1.0531437988042346e-05,1.0531531628534497e-05,1.0531625011750178e-05,1.0531718137941715e-05,1.0531811007366337e-05,1.053190362027928e-05,1.0531995976937013e-05,1.0532088077593013e-05,1.053217992250378e-05,1.0532271511923382e-05,1.0532362846106265e-05,1.053245392529912e-05,1.05325447497691e-05,1.0532635319763297e-05,1.0532725635535175e-05,1.0532815697337852e-05,1.0532905505424384e-05,1.0532995060048582e-05,1.0533084361463276e-05,1.0533173409914587e-05,1.05332622056601e-05,1.0533350748949456e-05,1.0533439040033865e-05,1.0533527079164913e-05,1.0533614866592307e-05,1.053370240256781e-05,1.0533789687340173e-05,1.0533876721159864e-05,1.0533963504279224e-05,1.0534050036946113e-05,1.0534136319412433e-05,1.0534222351921808e-05,1.0534308134724983e-05,1.0534393668071748e-05,1.053447895221007e-05,1.0534563987386665e-05,1.0534648773851017e-05,1.0534733311848459e-05,1.0534817601628879e-05,1.0534901643439718e-05,1.0534985437526633e-05,1.0535068984135399e-05,1.0535152283512855e-05,1.0535235335905072e-05,1.0535318141558136e-05,1.053540070071726e-05,1.0535483013628256e-05,1.0535565080535732e-05,1.0535646901684728e-05,1.0535728477319359e-05,1.0535809807683921e-05,1.0535890893025582e-05,1.0535971733582052e-05,1.0536052329603667e-05,1.0536132681329157e-05,1.0536212789004414e-05,1.0536292652876183e-05,1.053637227317226e-05,1.0536451650150514e-05,1.0536530784047982e-05,1.0536609675106406e-05,1.0536688323567271e-05,1.0536766729671798e-05,1.0536844893661e-05,1.05369228157761e-05,1.0537000496258122e-05,1.0537077935348263e-05,1.0537155133284387e-05,1.0537232090308253e-05,1.0537308806659229e-05,1.0537385282575515e-05,1.0537461518299413e-05,1.0537537514067282e-05,1.0537613270118346e-05,1.0537688786692165e-05,1.0537764064027618e-05,1.0537839102360702e-05,1.0537913901931053e-05,1.053798846297587e-05,1.0538062785732418e-05,1.053813687043753e-05,1.05382107173282e-05,1.053828432664152e-05,1.0538357698614036e-05,1.0538430833481187e-05,1.0538503731474643e-05,1.0538576392839505e-05,1.0538648817806237e-05,1.0538721006610877e-05,1.0538792959487967e-05,1.053886467667267e-05,1.0538936158399456e-05,1.05390074049017e-05,1.0539078416414831e-05,1.05391491931718e-05,1.0539219735406196e-05,1.0539290043350721e-05,1.0539360117240251e-05,1.0539429957307566e-05,1.0539499563784527e-05,1.0539568936903935e-05,1.0539638076896033e-05,1.0539706983996728e-05,1.0539775658434894e-05,1.0539844100443727e-05,1.0539912310253576e-05,1.053998028809462e-05,1.054004803419975e-05,1.0540115548798032e-05,1.0540182832120592e-05,1.0540249884397604e-05,1.054031670585865e-05,1.0540383296733109e-05,1.0540449657250008e-05,1.0540515787640111e-05,1.0540581688132584e-05,1.0540647358955103e-05,1.0540712800336697e-05,1.0540778012505937e-05,1.0540842995689783e-05,1.054090775011683e-05,1.0540972276004537e-05,1.0541036573601142e-05,1.0541100643122382e-05,1.0541164484796036e-05,1.054122809884885e-05,1.0541291485507407e-05,1.0541354644998198e-05,1.0541417577546607e-05,1.0541480283375524e-05,1.0541542762716147e-05,1.0541605015792387e-05,1.0541667042828335e-05,1.0541728844049168e-05,1.0541790419679698e-05,1.0541851769944552e-05,1.0541912895064954e-05,1.0541973795268365e-05,1.0542034470779906e-05,1.0542094921817909e-05,1.0542155148612448e-05,1.0542215151383746e-05,1.0542274930353855e-05,1.054233448574475e-05,1.0542393817782548e-05,1.0542452926685765e-05,1.0542511812674822e-05,1.054257047597704e-05,1.0542628916811978e-05,1.0542687135400256e-05,1.0542745131962686e-05,1.0542802906720529e-05,1.054286045989439e-05,1.054291779170567e-05,1.0542974902374146e-05,1.0543031792120032e-05,1.054308846116268e-05,1.0543144909722524e-05,1.0543201138017482e-05,1.0543257146268379e-05,1.0543312934694293e-05,1.0543368503513157e-05,1.0543423852942863e-05,1.0543478983202933e-05,1.0543533894510615e-05,1.0543588587084527e-05,1.0543643061141894e-05,1.0543697316901325e-05,1.0543751354577656e-05,1.0543805174389467e-05,1.0543858776553263e-05,1.0543912161285897e-05,1.0543965328803857e-05,1.0544018279322733e-05,1.0544071013058797e-05,1.0544123530227749e-05,1.0544175831045027e-05,1.0544227915726202e-05,1.0544279784486885e-05,1.0544331437541298e-05,1.054438287510322e-05,1.0544434097387862e-05,1.0544485104609354e-05,1.054453589698208e-05,1.0544586474720709e-05,1.0544636838038124e-05,1.054468698714594e-05,1.0544736922258702e-05,1.0544786643589387e-05,1.0544836151350876e-05,1.0544885445755395e-05,1.0544934527015576e-05,1.0544983395343484e-05,1.0545032050950911e-05,1.0545080494049819e-05,1.0545128724852675e-05,1.0545176743567505e-05,1.0545224550407817e-05,1.0545272145584408e-05,1.054531952930799e-05,1.0545366701785782e-05,1.0545413663232439e-05,1.0545460413856683e-05,1.05455069538676e-05,1.0545553283475238e-05,1.0545599402889341e-05,1.0545645312318552e-05,1.0545691011972301e-05,1.054573650205907e-05,1.0545781782787456e-05,1.0545826854365945e-05,1.054587171700246e-05,1.0545916370905045e-05,1.0545960816281388e-05,1.0546005053339719e-05,1.0546049082286153e-05,1.0546092903328294e-05,1.0546136516673161e-05,1.0546179922527576e-05,1.0546223121097338e-05,1.0546266112590236e-05,1.054630889721049e-05,1.0546351475165416e-05,1.0546393846660385e-05,1.054643601190071e-05,1.054647797109156e-05,1.0546519724438645e-05,1.0546561272145706e-05,1.0546602614418612e-05,1.0546643751461736e-05,1.0546684683465227e-05,1.054672541065776e-05,1.0546765933232115e-05,1.0546806251392445e-05,1.0546846365342267e-05,1.0546886275284492e-05,1.0546925981431244e-05,1.0546965483963223e-05,1.0547004783100608e-05,1.0547043879041387e-05,1.0547082771987726e-05,1.0547121462139787e-05,1.0547159949704332e-05,1.054719823487906e-05,1.0547236317866277e-05,1.0547274198867241e-05,1.0547311878082949e-05,1.0547349355714548e-05,1.0547386631962556e-05,1.0547423707027257e-05,1.0547460581109292e-05,1.0547497254408213e-05,1.054753372712399e-05,1.054756999945632e-05,1.0547606071612243e-05,1.0547641943769339e-05,1.0547677616144977e-05,1.0547713088934109e-05,1.0547748362335589e-05,1.054778343654786e-05,1.0547818311769123e-05,1.0547852988197381e-05,1.0547887466030488e-05,1.0547921745465611e-05,1.0547955826701193e-05,1.0547989709933896e-05,1.0548023395361138e-05,1.054805688317925e-05,1.0548090173585858e-05,1.0548123266776758e-05,1.054815616294803e-05,1.0548188862301364e-05,1.0548221365024203e-05,1.0548253671315337e-05,1.0548285781369202e-05,1.0548317695384509e-05,1.0548349413553199e-05,1.0548380936072149e-05,1.054841226313542e-05,1.054844339493716e-05,1.05484743316727e-05,1.0548505073535753e-05,1.0548535620720379e-05,1.0548565973416721e-05,1.0548596131827251e-05,1.0548626096138496e-05,1.0548655866546147e-05,1.0548685443239626e-05,1.05487148264171e-05,1.0548744016268743e-05,1.0548773012985165e-05,1.0548801816762549e-05,1.0548830427790961e-05,1.0548858846262315e-05,1.0548887072368461e-05,1.0548915106300425e-05,1.0548942948250321e-05,1.054897059840843e-05,1.0548998056966767e-05,1.0549025324115231e-05,1.054905240004584e-05,1.0549079284946842e-05,1.054910597901006e-05,1.0549132482425157e-05,1.0549158795381553e-05,1.0549184918069972e-05,1.0549210850683886e-05,1.054923659339842e-05,1.0549262146413872e-05,1.0549287509915403e-05,1.054931268409543e-05,1.054933766914064e-05,1.0549362465239386e-05,1.0549387072579689e-05,1.0549411491349612e-05,1.0549435721736718e-05,1.0549459763929253e-05,1.054948361811299e-05,1.054950728447188e-05,1.054953076320257e-05,1.054955405448616e-05,1.0549577158509951e-05,1.0549600075460391e-05,1.054962280552371e-05,1.0549645348886018e-05,1.0549667705732327e-05,1.0549689876250303e-05,1.0549711860623738e-05,1.0549733659039431e-05,1.0549755271682247e-05,1.0549776698736743e-05,1.0549797940387945e-05,1.0549818996820385e-05,1.0549839868218514e-05,1.0549860554768922e-05,1.0549881056652691e-05,1.0549901374053295e-05,1.0549921507156337e-05,1.054994145614268e-05,1.05499612211975e-05,1.0549980802504994e-05,1.0550000200234801e-05,1.0550019414593232e-05,1.0550038445752315e-05,1.0550057293895142e-05,1.0550075959203078e-05,1.05500944418579e-05,1.0550112742042362e-05,1.0550130859937824e-05,1.0550148795727093e-05,1.05501665495898e-05,1.0550184121708273e-05,1.0550201512262342e-05,1.055021872143358e-05,1.0550235749402458e-05,1.055025259634953e-05,1.0550269262455249e-05,1.0550285747899674e-05,1.0550302052863279e-05,1.0550318177524655e-05,1.0550334122064277e-05,1.0550349886661459e-05,1.0550365471495592e-05,1.0550380876745274e-05,1.0550396102589692e-05,1.055041114920756e-05,1.0550426016777528e-05,1.0550440705477737e-05,1.0550455215486756e-05,1.0550469546982343e-05,1.055048370014242e-05,1.0550497675144648e-05,1.0550511472166495e-05,1.0550525091381297e-05,1.055053853297622e-05,1.0550551797119389e-05,1.055056488399077e-05,1.055057779376639e-05,1.0550590526622246e-05,1.055060308273601e-05,1.0550615462283335e-05,1.055062766544001e-05,1.0550639692381725e-05,1.055065154328413e-05,1.0550663218322762e-05,1.0550674717672659e-05,1.0550686041508935e-05,1.0550697190006445e-05,1.0550708163339307e-05,1.0550718961683302e-05,1.055072958521156e-05,1.0550740034099622e-05,1.0550750308520652e-05,1.0550760408648707e-05,1.0550770334657508e-05,1.0550780086720474e-05,1.0550789665010294e-05,1.0550799069701538e-05,1.0550808300966492e-05,1.055081735897797e-05,1.0550826243908658e-05,1.0550834955931152e-05,1.0550843495217909e-05,1.0550851861940626e-05,1.0550860056271526e-05,1.0550868078382227e-05,1.0550875928444774e-05,1.0550883606630791e-05,1.0550891113110804e-05,1.055089844805643e-05,1.0550905611638533e-05,1.0550912604028047e-05,1.0550919425395541e-05,1.0550926075911464e-05,1.0550932555746253e-05,1.055093886507009e-05,1.0550945004052626e-05,1.0550950972863752e-05,1.0550956771673104e-05,1.055096240064913e-05,1.0550967859963065e-05,1.055097314978309e-05,1.0550978270278407e-05,1.0550983221617668e-05,1.0550988003969474e-05,1.0550992617502325e-05,1.0550997062384508e-05,1.0551001338784175e-05,1.0551005446869297e-05,1.0551009386807701e-05,1.0551013158766902e-05,1.0551016762914532e-05,1.0551020199417782e-05,1.0551023468443771e-05,1.0551026570161123e-05,1.0551029504732671e-05,1.0551032272327708e-05,1.0551034873112578e-05,1.0551037307253552e-05,1.0551039574916804e-05,1.0551041676268301e-05,1.0551043611473895e-05,1.0551045380699228e-05,1.0551046984110778e-05,1.0551048421871708e-05,1.0551049694148583e-05,1.0551050801106219e-05,1.0551051742910073e-05,1.0551052519724676e-05,1.0551053131713624e-05,1.0551053579041644e-05,1.0551053861872508e-05,1.0551053980370429e-05,1.0551053934699759e-05,1.0551053725024295e-05,1.05510533515076e-05,1.0551052814312447e-05,1.0551052113603486e-05,1.0551051249542895e-05,1.0551050222293629e-05,1.0551049032018477e-05,1.0551047678880029e-05,1.0551046163040697e-05,1.0551044484662847e-05,1.055104264390846e-05,1.0551040640939584e-05,1.0551038475918048e-05,1.055103614900541e-05,1.0551033660363216e-05,1.055103101015131e-05,1.0551028198531475e-05,1.055102522566726e-05,1.0551022091717449e-05,1.055101879684426e-05,1.0551015341206623e-05,1.0551011724965453e-05,1.0551007948280905e-05,1.0551004011313052e-05,1.0550999914221808e-05,1.0550995657166781e-05,1.0550991240307862e-05,1.0550986663804387e-05,1.0550981927815695e-05,1.0550977032500673e-05,1.0550971978018392e-05,1.05509667645273e-05,1.055096139218686e-05,1.0550955861155056e-05,1.055095017159001e-05,1.055094432365054e-05,1.0550938317494313e-05,1.0550932153279231e-05,1.0550925831163064e-05,1.0550919351303818e-05,1.055091271385578e-05,1.0550905918980049e-05,1.0550898966832614e-05,1.055089185757042e-05,1.0550884591349712e-05,1.0550877168328414e-05,1.0550869588662168e-05,1.0550861852507224e-05,1.0550853960020223e-05,1.0550845911357455e-05,1.0550837706672505e-05,1.0550829346124073e-05,1.0550820829865824e-05,1.0550812158053014e-05,1.0550803330842298e-05,1.0550794348388044e-05,1.0550785210845531e-05,1.0550775918369461e-05,1.0550766471114568e-05,1.0550756869235187e-05,1.0550747112885796e-05,1.055073720222049e-05,1.0550727137393419e-05,1.0550716918558413e-05,1.0550706545869109e-05,1.0550696019479211e-05,1.0550685339542138e-05,1.055067450621074e-05,1.055066351963867e-05,1.0550652379974634e-05,1.0550641087380304e-05,1.0550629642003382e-05,1.0550618043996797e-05,1.055060629351251e-05,1.0550594390703471e-05,1.055058233572154e-05,1.0550570128718662e-05,1.0550557769846619e-05,1.0550545259256968e-05,1.0550532597101295e-05,1.0550519783532433e-05,1.0550506818698712e-05,1.0550493702752551e-05,1.0550480435844862e-05,1.0550467018126501e-05,1.0550453449747984e-05,1.0550439730861774e-05,1.0550425861622204e-05,1.0550411842168063e-05,1.0550397672654498e-05,1.0550383353231318e-05,1.0550368884048367e-05,1.05503542652548e-05,1.0550339497000837e-05,1.0550324579435041e-05,1.0550309512707895e-05,1.0550294296967466e-05,1.055027893236233e-05,1.055026341904165e-05,1.0550247757153862e-05,1.0550231946847267e-05,1.0550215988270137e-05,1.0550199881570702e-05,1.0550183626897286e-05,1.0550167224397138e-05,1.0550150674216621e-05,1.0550133976506161e-05,1.0550117131411943e-05,1.0550100139081288e-05,1.0550082999661472e-05,1.0550065713298439e-05,1.0550048280140281e-05,1.0550030700332908e-05,1.0550012974023112e-05,1.0549995101357425e-05,1.0549977082481488e-05,1.0549958917540835e-05,1.0549940606683648e-05,1.0549922150054469e-05,1.0549903547796971e-05,1.0549884800061265e-05,1.0549865906989707e-05,1.0549846868728206e-05,1.0549827685421518e-05,1.0549808357214948e-05,1.0549788884253026e-05,1.0549769266677805e-05,1.054974950463821e-05,1.0549729598277776e-05,1.0549709547739638e-05,1.05496893531688e-05,1.0549669014717177e-05,1.054964853250962e-05,1.0549627906703175e-05,1.0549607137436543e-05,1.0549586224857188e-05,1.0549565169105944e-05,1.0549543970326262e-05,1.0549522628661114e-05,1.054950114425349e-05,1.0549479517245865e-05,1.05494577477809e-05,1.0549435836001026e-05,1.0549413782048595e-05,1.0549391586064546e-05,1.0549369248193238e-05,1.0549346768574335e-05,1.0549324147351728e-05,1.054930138466591e-05,1.0549278480658548e-05,1.0549255435470629e-05,1.0549232249243354e-05,1.0549208922118094e-05,1.0549185454235405e-05,1.0549161845735332e-05,1.0549138096759456e-05,1.0549114207448769e-05,1.0549090177943194e-05,1.0549066008382649e-05,1.054904169890609e-05,1.0549017249655956e-05,1.0548992660770822e-05,1.0548967932390465e-05,1.0548943064654382e-05,1.0548918057702162e-05,1.0548892911672184e-05,1.0548867626704324e-05,1.0548842202937274e-05,1.0548816640510113e-05,1.0548790939561977e-05,1.0548765100230116e-05,1.0548739122653713e-05,1.0548713006972823e-05,1.0548686753322546e-05,1.0548660361842343e-05,1.0548633832670182e-05,1.0548607165943661e-05,1.0548580361800599e-05,1.054855342037635e-05,1.0548526341812169e-05,1.0548499126243494e-05,1.0548471773807425e-05,1.0548444284645562e-05,1.0548416658885816e-05,1.0548388896670036e-05,1.0548360998132711e-05,1.0548332963411938e-05,1.0548304792643342e-05,1.0548276485962309e-05,1.0548248043507139e-05,1.0548219465412563e-05,1.0548190751815278e-05,1.054816190284597e-05,1.0548132918646395e-05,1.0548103799349288e-05,1.0548074545088665e-05,1.0548045156002389e-05,1.0548015632223873e-05,1.0547985973888158e-05,1.0547956181130175e-05,1.0547926254083867e-05,1.0547896192882331e-05,1.0547865997663632e-05,1.054783566856041e-05,1.0547805205705676e-05,1.0547774609233472e-05,1.0547743879277985e-05,1.0547713015982539e-05,1.0547682019456245e-05,1.0547650889852117e-05,1.0547619627299786e-05,1.0547588231972405e-05,1.0547556703898423e-05,1.0547525043286003e-05,1.054749325025878e-05,1.0547461324946376e-05,1.054742926748136e-05,1.0547397077997569e-05,1.0547364756626361e-05,1.0547332303499768e-05,1.0547299718749887e-05,1.0547267002508237e-05,1.0547234154906552e-05,1.054720117607656e-05,1.0547168066148462e-05,1.054713482525644e-05,1.0547101453528962e-05,1.0547067951097878e-05,1.0547034318093244e-05,1.054700055464786e-05,1.0546966660891168e-05,1.0546932636954224e-05,1.0546898482965908e-05,1.0546864199058727e-05,1.0546829785363509e-05,1.0546795242007869e-05,1.0546760569121272e-05,1.0546725766835522e-05,1.0546690835278315e-05,1.0546655774582657e-05,1.0546620584874154e-05,1.054658526628339e-05,1.0546549818940299e-05,1.0546514242972314e-05,1.0546478538512837e-05,1.0546442705683726e-05,1.054640674461516e-05,1.0546370655438685e-05,1.0546334438282932e-05,1.0546298093274523e-05,1.054626162054194e-05,1.0546225020211918e-05,1.0546188292414836e-05,1.0546151437277364e-05,1.0546114454927224e-05,1.054607734549104e-05,1.0546040109097659e-05,1.0546002745874112e-05,1.0545965255948786e-05,1.0545927639445032e-05,1.054588989649095e-05,1.0545852027214913e-05,1.0545814031740747e-05,1.0545775910199697e-05,1.0545737662727244e-05,1.0545699289420001e-05,1.0545660790419625e-05,1.0545622165858924e-05,1.0545583415859673e-05,1.0545544540548784e-05,1.054550554005045e-05,1.0545466414490609e-05,1.0545427163994758e-05,1.0545387788689972e-05,1.05453482886995e-05,1.0545308664148304e-05,1.0545268915161796e-05,1.0545229041864295e-05,1.0545189044382175e-05,1.0545148922838889e-05,1.054510867735806e-05,1.0545068308064806e-05,1.0545027815084586e-05,1.0544987198538381e-05,1.0544946458552645e-05,1.0544905595250462e-05,1.0544864608755514e-05,1.0544823499190757e-05,1.0544782266681825e-05,1.0544740911350163e-05,1.0544699433319225e-05,1.0544657832712776e-05,1.0544616109653658e-05,1.0544574264264494e-05,1.0544532296668692e-05,1.0544490206989148e-05,1.0544447995346082e-05,1.0544405661863785e-05,1.054436320666425e-05,1.0544320629869922e-05,1.0544277931601937e-05,1.0544235111982244e-05,1.0544192171133608e-05,1.054414910917831e-05,1.0544105926232395e-05,1.05440626224265e-05,1.0544019197877394e-05,1.05439756527055e-05,1.0543931987036013e-05,1.0543888200983774e-05,1.0543844294671837e-05,1.054380026822304e-05,1.0543756121775354e-05,1.0543711855409792e-05,1.0543667469273437e-05,1.0543622963480701e-05,1.054357833815143e-05,1.0543533593405823e-05,1.0543488729363739e-05,1.0543443746145276e-05,1.0543398643869333e-05,1.0543353422661073e-05,1.0543308082629124e-05,1.054326262390058e-05,1.0543217046593869e-05,1.0543171350825346e-05,1.0543125536716051e-05,1.0543079604386483e-05,1.0543033553952264e-05,1.0542987385533324e-05,1.0542941099248435e-05,1.0542894695215794e-05,1.0542848173553605e-05,1.0542801534380343e-05,1.054275477781435e-05,1.054270790397419e-05,1.0542660912977024e-05,1.0542613804938471e-05,1.0542566579978318e-05,1.0542519238213564e-05,1.0542471779762348e-05,1.0542424204742287e-05,1.0542376513268905e-05,1.0542328705460098e-05,1.0542280781433414e-05,1.0542232741285129e-05,1.054218458518067e-05,1.0542136313198666e-05,1.0542087925471827e-05,1.054203942210277e-05,1.0541990803214914e-05,1.0541942068923216e-05,1.0541893219345225e-05,1.0541844254596327e-05,1.0541795174792488e-05,1.0541745980048747e-05,1.0541696670481191e-05,1.0541647246205641e-05,1.0541597707335074e-05,1.054154805398995e-05,1.0541498286279005e-05,1.0541448404319592e-05,1.0541398408232044e-05,1.0541348298124897e-05,1.0541298074107654e-05,1.0541247736305446e-05,1.0541197284826653e-05,1.0541146719791191e-05,1.0541096041309423e-05,1.0541045249495534e-05,1.05409943444654e-05,1.0540943326328373e-05,1.054089219520474e-05,1.0540840951204226e-05,1.0540789594441321e-05,1.0540738125027556e-05,1.0540686543079916e-05,1.0540634848709254e-05,1.0540583042029489e-05,1.0540531123153119e-05,1.0540479092193344e-05,1.0540426949261626e-05,1.0540374694478014e-05,1.0540322327944022e-05,1.0540269849777583e-05,1.0540217260090146e-05,1.0540164558995014e-05,1.0540111746602471e-05,1.0540058823022253e-05,1.0540005788376112e-05,1.0539952642768253e-05,1.0539899386320165e-05,1.0539846019130676e-05,1.0539792541318225e-05,1.0539738952988852e-05,1.0539685254255437e-05,1.05396314452299e-05,1.0539577526023325e-05,1.0539523496745954e-05,1.0539469357505753e-05,1.0539415108422266e-05,1.053936074959527e-05,1.0539306281146521e-05,1.0539251703186033e-05,1.0539197015811451e-05,1.0539142219143761e-05,1.0539087313289789e-05,1.053903229835497e-05,1.0538977174459165e-05,1.0538921941707113e-05,1.0538866600207174e-05,1.053881115007119e-05,1.0538755591407962e-05,1.0538699924323594e-05,1.0538644148932453e-05,1.0538588265341866e-05,1.0538532273660328e-05,1.0538476173995055e-05,1.0538419966458438e-05,1.0538363651157635e-05,1.0538307228200084e-05,1.053825069769422e-05,1.0538194059750865e-05,1.0538137314476667e-05,1.053808046198103e-05,1.0538023502371085e-05,1.0537966435753755e-05,1.0537909262239341e-05,1.053785198193407e-05,1.0537794594946287e-05,1.0537737101381494e-05,1.0537679501349487e-05,1.0537621794956506e-05,1.0537563982310681e-05,1.0537506063528228e-05,1.0537448038700142e-05,1.0537389907941174e-05,1.0537331671312711e-05,1.0537273328991931e-05,1.0537214881059709e-05,1.0537156327623624e-05,1.0537097668792334e-05,1.0537038904665154e-05,1.0536980035354023e-05,1.0536921060964193e-05,1.053686198160027e-05,1.0536802797364925e-05,1.0536743508369876e-05,1.0536684114718781e-05,1.053662461651657e-05,1.0536565013868671e-05,1.0536505306880337e-05,1.0536445495656861e-05,1.0536385580303421e-05,1.053632556092493e-05,1.0536265437626264e-05,1.0536205210511875e-05,1.0536144879687281e-05,1.0536084445257995e-05,1.053602390732701e-05,1.0535963266000418e-05,1.0535902521381441e-05,1.0535841673574456e-05,1.0535780722683442e-05,1.0535719668810952e-05,1.0535658512064203e-05,1.0535597252556215e-05,1.0535535890371513e-05,1.0535474425621759e-05,1.0535412858412254e-05,1.0535351188844073e-05,1.0535289417021434e-05,1.053522754305176e-05,1.0535165567030699e-05,1.0535103489062014e-05,1.0535041309253734e-05,1.0534979027706274e-05,1.0534916644522611e-05,1.0534854159806529e-05,1.0534791573658208e-05,1.053472888618107e-05,1.0534666097478288e-05,1.053460320765073e-05,1.053454021680316e-05,1.053447712503555e-05,1.0534413932449827e-05,1.0534350639148658e-05,1.0534287245233051e-05,1.053422375080391e-05,1.0534160155957223e-05,1.0534096460811557e-05,1.0534032665456214e-05,1.0533968769994274e-05,1.053390477452634e-05,1.0533840679156108e-05,1.0533776483980569e-05,1.0533712189103065e-05,1.0533647794623667e-05,1.053358330064319e-05,1.0533518707264379e-05,1.0533454014583135e-05,1.0533389222696659e-05,1.0533324331717025e-05,1.0533259341737813e-05,1.0533194252861452e-05,1.0533129065184747e-05,1.0533063778809644e-05,1.0532998393834362e-05,1.0532932910360398e-05,1.0532867328486602e-05,1.0532801648312441e-05,1.0532735869937129e-05,1.0532669993460402e-05,1.0532604018987503e-05,1.0532537946605852e-05,1.0532471776424593e-05,1.0532405508524268e-05,1.0532339143026818e-05,1.0532272680006084e-05,1.0532206119589836e-05,1.0532139461863117e-05,1.0532072706923874e-05,1.0532005854872288e-05,1.053193890580627e-05,1.0531871859821546e-05,1.053180471701826e-05,1.053173747749521e-05,1.053167014135008e-05,1.0531602708678978e-05,1.0531535179581412e-05,1.0531467554154159e-05,1.0531399832494587e-05,1.0531332014700568e-05,1.0531264100868519e-05,1.0531196091098035e-05,1.0531127985482878e-05,1.0531059784121108e-05,1.0530991487110979e-05,1.0530923094541078e-05,1.0530854606523055e-05,1.0530786023145791e-05,1.0530717344507555e-05,1.0530648570703092e-05,1.053057970182714e-05,1.0530510737979946e-05,1.0530441679255672e-05,1.0530372525752226e-05,1.05303032775646e-05,1.0530233934786523e-05,1.0530164497514987e-05,1.0530094965844573e-05,1.0530025339875464e-05,1.05299556197005e-05,1.0529885805421545e-05,1.0529815897113985e-05,1.0529745894892321e-05,1.0529675798844725e-05,1.0529605609066857e-05,1.052953532567566e-05,1.0529464948718508e-05,1.0529394478326407e-05,1.0529323914583742e-05,1.0529253257583137e-05,1.0529182507422925e-05,1.0529111664196178e-05,1.0529040727996823e-05,1.0528969698918827e-05,1.0528898577060646e-05,1.0528827362508401e-05,1.0528756055357596e-05,1.0528684655708834e-05,1.0528613163651502e-05,1.0528541579268854e-05,1.0528469902681558e-05,1.0528398133967116e-05,1.052832627321653e-05,1.0528254320526632e-05,1.0528182275986622e-05,1.0528110139695415e-05,1.0528037911745168e-05,1.0527965592225332e-05,1.0527893181229776e-05,1.0527820678851751e-05,1.0527748085185443e-05,1.0527675400321943e-05,1.052760262435501e-05,1.0527529757377186e-05,1.0527456799479635e-05,1.0527383750754871e-05,1.0527310611294685e-05,1.0527237381193557e-05,1.0527164060542206e-05,1.0527090649452162e-05,1.0527017147956599e-05,1.0526943556199968e-05,1.05268698742606e-05,1.0526796102228228e-05,1.0526722240179349e-05,1.0526648288246604e-05,1.0526574246495772e-05,1.0526500115020577e-05,1.0526425893913842e-05,1.0526351583256432e-05,1.0526277183143272e-05,1.0526202693670039e-05,1.0526128114923877e-05,1.0526053446998204e-05,1.0525978689985023e-05,1.0525903843969693e-05,1.0525828909042693e-05,1.0525753885298713e-05,1.0525678772821675e-05,1.0525603571708223e-05,1.0525528282045989e-05,1.0525452903925416e-05,1.0525377437437295e-05,1.05253018826698e-05,1.052522623972267e-05,1.0525150508662177e-05,1.052507468959719e-05,1.052499878261084e-05,1.0524922787793343e-05,1.0524846705234223e-05,1.0524770535024467e-05,1.052469427724909e-05,1.0524617931999512e-05,1.052454149936583e-05,1.0524464979435868e-05,1.0524388372296431e-05,1.0524311678038653e-05,1.0524234896752983e-05,1.0524158028524824e-05,1.0524081073441893e-05,1.0524004031595507e-05,1.0523926903072585e-05,1.052384968796025e-05,1.0523772386341476e-05,1.0523694998319428e-05,1.0523617523975662e-05,1.0523539963390898e-05,1.052346231665812e-05,1.0523384583864003e-05,1.0523306765096737e-05,1.0523228860441194e-05,1.0523150869988197e-05,1.0523072793822796e-05,1.0522994632034234e-05,1.052291638470233e-05,1.052283805192292e-05,1.0522759633779704e-05,1.0522681130361855e-05,1.0522602541755882e-05,1.0522523868052657e-05,1.0522445109326986e-05,1.0522366265674382e-05,1.0522287337186756e-05,1.0522208323932315e-05,1.0522129226004238e-05,1.0522050043511293e-05,1.0521970776511876e-05,1.0521891425099982e-05,1.052181198936806e-05,1.0521732469392034e-05,1.052165286526483e-05,1.0521573177061916e-05,1.0521493404882872e-05,1.052141354880738e-05,1.0521333608918298e-05,1.0521253585304673e-05,1.052117347805112e-05,1.0521093287244603e-05,1.0521013012967231e-05,1.0520932655305143e-05,1.0520852214340024e-05,1.05207716901627e-05,1.0520691082857038e-05,1.0520610392502069e-05,1.0520529619188e-05,1.0520448762999582e-05,1.0520367824013563e-05,1.0520286802326643e-05,1.052020569801827e-05,1.0520124511171558e-05,1.0520043241870175e-05,1.0519961890196365e-05,1.0519880456238687e-05,1.0519798940076366e-05,1.0519717341799228e-05,1.0519635661484411e-05,1.0519553899220488e-05,1.0519472055087564e-05,1.0519390129174839e-05,1.0519308121562199e-05,1.0519226032332554e-05,1.051914386156298e-05,1.0519061609349745e-05,1.0518979275769412e-05,1.051889686090508e-05,1.0518814364839027e-05,1.0518731787655312e-05,1.051864912943855e-05,1.0518566390264443e-05,1.051848357022175e-05,1.0518400669380657e-05,1.0518317687844396e-05,1.0518234625686562e-05,1.0518151482989353e-05,1.0518068259834239e-05,1.0517984956294191e-05,1.0517901572470239e-05,1.0517818108432827e-05,1.0517734564267844e-05,1.051765094005387e-05,1.0517567235875288e-05,1.0517483451812603e-05,1.0517399587948351e-05,1.0517315644363236e-05,1.0517231621137249e-05,1.0517147518352957e-05,1.051706333608722e-05,1.0516979074431779e-05,1.0516894733462534e-05,1.0516810313254593e-05,1.0516725813899923e-05,1.0516641235473419e-05,1.0516556578058799e-05,1.051647184172709e-05,1.0516387026569146e-05,1.0516302132664362e-05,1.051621716009177e-05,1.0516132108931846e-05,1.0516046979263531e-05,1.0515961771170414e-05,1.0515876484726042e-05,1.0515791120017537e-05,1.051570567712393e-05,1.0515620156121453e-05,1.0515534557095464e-05,1.051544888012156e-05,1.0515363125282508e-05,1.0515277292651684e-05,1.0515191382318217e-05,1.051510539434947e-05,1.0515019328839761e-05,1.0514933185859649e-05,1.051484696549111e-05,1.0514760667812102e-05,1.0514674292901598e-05,1.0514587840838796e-05,1.0514501311702617e-05,1.0514414705572938e-05,1.0514328022525027e-05,1.051424126264226e-05,1.0514154426000483e-05,1.0514067512680188e-05,1.0513980522758864e-05,1.05138934563153e-05,1.0513806313417375e-05,1.0513719094162067e-05,1.0513631798620888e-05,1.051354442687583e-05,1.0513456978989845e-05,1.051336945505336e-05,1.0513281855141883e-05,1.0513194179332448e-05,1.0513106427703933e-05,1.0513018600333492e-05,1.0512930697298775e-05,1.0512842718675841e-05,1.05127546645447e-05,1.0512666534983655e-05,1.0512578330065143e-05,1.0512490049870788e-05,1.0512401694480949e-05,1.0512313263962852e-05,1.0512224758397671e-05,1.051213617786415e-05,1.0512047522440036e-05,1.0511958792197766e-05,1.0511869987219348e-05,1.051178110757758e-05,1.0511692153352614e-05,1.051160312461702e-05,1.0511514021451142e-05,1.0511424843928102e-05,1.0511335592126908e-05,1.0511246266120909e-05,1.0511156865987776e-05,1.0511067391803567e-05,1.0510977843645852e-05,1.0510888221587304e-05,1.051079852570545e-05,1.0510708756076092e-05,1.0510618912775096e-05,1.0510528995877377e-05,1.0510439005458218e-05,1.0510348941597262e-05,1.0510258804364254e-05,1.0510168593837996e-05,1.0510078310092458e-05,1.0509987953205034e-05,1.0509897523247403e-05,1.0509807020298412e-05,1.0509716444433394e-05,1.0509625795722732e-05,1.0509535074242984e-05,1.0509444280071619e-05,1.050935341327986e-05,1.0509262473942378e-05,1.0509171462134935e-05,1.0509080377931653e-05,1.0508989221406366e-05,1.0508897992632002e-05,1.0508806691686893e-05,1.0508715318645115e-05,1.0508623873578773e-05,1.0508532356558267e-05,1.0508440767663746e-05,1.0508349106965741e-05,1.0508257374541318e-05,1.0508165570461194e-05,1.0508073694799908e-05,1.0507981747632955e-05,1.0507889729032255e-05,1.0507797639069618e-05,1.0507705477821367e-05,1.050761324535881e-05,1.0507520941755443e-05,1.050742856708663e-05,1.0507336121428272e-05,1.0507243604847516e-05,1.0507151017408066e-05,1.0507058359208475e-05,1.0506965630305321e-05,1.0506872830767354e-05,1.0506779960673984e-05,1.0506687020098713e-05,1.050659400911847e-05,1.0506500927791755e-05,1.0506407776199833e-05,1.0506314554413752e-05,1.0506221262507384e-05,1.0506127900543866e-05,1.0506034468597182e-05,1.0505940966750216e-05,1.0505847395080514e-05,1.0505753753641593e-05,1.0505660042512247e-05,1.050556626176554e-05,1.0505472411475255e-05,1.0505378491709501e-05,1.0505284502541514e-05,1.0505190444042828e-05,1.0505096316286485e-05,1.0505002119340651e-05,1.0504907853278212e-05,1.0504813518170481e-05,1.0504719114090183e-05,1.0504624641099333e-05,1.0504530099284748e-05,1.050443548870518e-05,1.0504340809436041e-05,1.0504246061543724e-05,1.0504151245106887e-05,1.0504056360192175e-05,1.0503961406872313e-05,1.0503866385216047e-05,1.050377129529228e-05,1.050367613717312e-05,1.050358091093783e-05,1.050348561663725e-05,1.050339025435345e-05,1.050329482415526e-05,1.0503199326112628e-05,1.050310376029581e-05,1.0503008126774667e-05,1.050291242561915e-05,1.0502816656898871e-05,1.0502720820683938e-05,1.0502624917042764e-05,1.050252894604723e-05,1.0502432907765805e-05,1.0502336802267854e-05,1.0502240629622899e-05,1.0502144389900412e-05,1.05020480831703e-05,1.0501951709500451e-05,1.0501855268966334e-05,1.0501758761624942e-05,1.0501662187550083e-05,1.0501565546817319e-05,1.0501468839508508e-05,1.050137206566803e-05,1.0501275225365678e-05,1.0501178318669728e-05,1.0501081345660415e-05,1.0500984306398313e-05,1.0500887200953484e-05,1.0500790029388325e-05,1.0500692791777679e-05,1.0500595488238253e-05,1.0500498118743482e-05,1.0500400683408901e-05,1.050030318230222e-05,1.050020561549185e-05,1.0500107983045714e-05,1.050001028502537e-05,1.049991252151061e-05,1.0499814692563371e-05,1.0499716798260691e-05,1.0499618838648793e-05,1.0499520813804932e-05,1.0499422723803015e-05,1.0499324568707096e-05,1.049922634858356e-05,1.0499128063502081e-05,1.0499029713527085e-05,1.0498931298726945e-05,1.0498832819171009e-05,1.0498734274922161e-05,1.0498635666048683e-05,1.0498536992621495e-05,1.0498438254699405e-05,1.0498339452355205e-05,1.049824058565428e-05,1.0498141654663631e-05,1.0498042659444757e-05,1.0497943600073188e-05,1.0497844476611402e-05,1.0497745289135302e-05,1.0497646037688172e-05,1.0497546722352836e-05,1.0497447343194346e-05,1.049734790028117e-05,1.0497248393668293e-05,1.0497148823432584e-05,1.0497049189640708e-05,1.0496949492346285e-05,1.0496849731624212e-05,1.0496749907540635e-05,1.049665002015908e-05,1.0496550069545903e-05,1.049645005576797e-05,1.0496349978888967e-05,1.0496249838974749e-05,1.049614963609459e-05,1.0496049370312303e-05,1.0495949041686836e-05,1.0495848650287234e-05,1.0495748196177865e-05,1.0495647679412725e-05,1.0495547100081728e-05,1.0495446458238345e-05,1.049534575394447e-05,1.0495244987268331e-05,1.0495144158273201e-05,1.049504326702413e-05,1.049494231358554e-05,1.0494841298022702e-05,1.049474022039858e-05,1.0494639080784716e-05,1.0494537879229907e-05,1.0494436615809305e-05,1.0494335290586282e-05,1.0494233903630864e-05,1.0494132454989212e-05,1.049403094475346e-05,1.0493929372951069e-05,1.0493827739678243e-05,1.049372604498778e-05,1.0493624288941324e-05,1.0493522471604627e-05,1.0493420593041592e-05,1.0493318653311473e-05,1.0493216652494394e-05,1.0493114590638533e-05,1.0493012467824337e-05,1.0492910284076016e-05,1.0492808039484616e-05,1.0492705734118411e-05,1.0492603368028233e-05,1.049250094128391e-05,1.0492398453947212e-05,1.0492295906083477e-05,1.0492193297750989e-05,1.049209062901496e-05,1.0491987899937288e-05,1.0491885110586337e-05,1.0491782261016563e-05,1.0491679351294671e-05,1.0491576381487846e-05,1.0491473351649711e-05,1.0491370261847295e-05,1.0491267112147637e-05,1.0491163902603358e-05,1.049106063328213e-05,1.0490957304245565e-05,1.049085391555837e-05,1.0490750467277263e-05,1.049064695947395e-05,1.0490543392200481e-05,1.0490439765520646e-05,1.0490336079505027e-05,1.0490232334205283e-05,1.0490128529686548e-05,1.0490024666011847e-05,1.0489920743238174e-05,1.0489816761433784e-05,1.048971272065992e-05,1.0489608620984425e-05,1.0489504462444518e-05,1.0489400245120252e-05,1.0489295969069444e-05,1.0489191634354053e-05,1.048908724103518e-05,1.048898278917151e-05,1.0488878278828774e-05,1.0488773710063647e-05,1.0488669082939066e-05,1.0488564397515266e-05,1.0488459653861392e-05,1.0488354852025409e-05,1.048824999209418e-05,1.048814507408646e-05,1.0488040098081877e-05,1.0487935064147925e-05,1.0487829972335401e-05,1.0487724822713051e-05,1.0487619615334902e-05,1.0487514350250755e-05,1.0487409027565624e-05,1.048730364728723e-05,1.0487198209501036e-05,1.0487092714268603e-05,1.0486987161645925e-05,1.0486881551694032e-05,1.0486775884465728e-05,1.0486670160026045e-05,1.0486564378430425e-05,1.048645853974833e-05,1.0486352644032362e-05,1.0486246691342278e-05,1.0486140681740433e-05,1.0486034615280054e-05,1.0485928492027162e-05,1.0485822312038826e-05,1.0485716075380768e-05,1.0485609782099959e-05,1.0485503432265502e-05,1.0485397025937063e-05,1.0485290563168815e-05,1.0485184044022083e-05,1.0485077468554626e-05,1.048497083682598e-05,1.048486414889502e-05,1.0484757404823923e-05,1.04846506046616e-05,1.0484543748478567e-05,1.0484436836322472e-05,1.0484329868276352e-05,1.0484222844362104e-05,1.0484115764662027e-05,1.0484008629229464e-05,1.048390143812001e-05,1.0483794191397438e-05,1.0483686889122566e-05,1.0483579531351093e-05,1.0483472118130278e-05,1.0483364649525349e-05,1.0483257125589467e-05,1.0483149546396645e-05,1.0483041911992958e-05,1.0482934222433551e-05,1.0482826477787555e-05,1.0482718678107689e-05,1.048261082344504e-05,1.0482502913856668e-05,1.0482394949415004e-05,1.0482286930168336e-05,1.0482178856174694e-05,1.0482070727494293e-05,1.0481962544178641e-05,1.0481854306290964e-05,1.0481746013885534e-05,1.0481637667019465e-05,1.0481529265750728e-05,1.0481420810127538e-05,1.0481312300224008e-05,1.0481203736089145e-05,1.0481095117790612e-05,1.0480986445361653e-05,1.0480877718871753e-05,1.0480768938379356e-05,1.0480660103933748e-05,1.0480551215603687e-05,1.0480442273428438e-05,1.0480333277486857e-05,1.0480224227817759e-05,1.0480115124489319e-05,1.0480005967555085e-05,1.047989675706512e-05,1.0479787493068006e-05,1.0479678175646976e-05,1.0479568804841399e-05,1.0479459380711531e-05,1.0479349903306976e-05,1.047924037269039e-05,1.0479130788915054e-05,1.0479021152041918e-05,1.047891146212268e-05,1.0478801719211383e-05,1.0478691923364147e-05,1.0478582074628501e-05,1.0478472173078846e-05,1.047836221876018e-05,1.0478252211729507e-05,1.0478142152042072e-05,1.0478032039753419e-05,1.0477921874921633e-05,1.0477811657595557e-05,1.047770138783791e-05,1.0477591065697197e-05,1.0477480691223921e-05,1.0477370264480068e-05,1.047725978553321e-05,1.0477149254445623e-05,1.0477038671224929e-05,1.0476928035963638e-05,1.0476817348711473e-05,1.0476706609516475e-05,1.0476595818437505e-05,1.0476484975530419e-05,1.047637408084828e-05,1.0476263134441204e-05,1.0476152136370946e-05,1.0476041086688804e-05,1.0475929985446339e-05,1.0475818832700751e-05,1.0475707628499468e-05,1.0475596372912983e-05,1.0475485065985556e-05,1.0475373707772287e-05,1.0475262298330668e-05,1.0475150837702057e-05,1.0475039325960086e-05,1.0474927763147592e-05,1.0474816149320447e-05,1.0474704484532029e-05,1.0474592768836188e-05,1.0474481002286648e-05,1.0474369184937873e-05,1.0474257316848401e-05,1.0474145398052713e-05,1.0474033428624232e-05,1.0473921408611523e-05,1.047380933807343e-05,1.0473697217051364e-05,1.0473585045602678e-05,1.047347282378291e-05,1.0473360551639813e-05,1.04732482292403e-05,1.0473135856621947e-05,1.0473023433843834e-05,1.0472910960960632e-05,1.0472798438021427e-05,1.047268586507776e-05,1.0472573242188297e-05,1.0472460569413935e-05,1.047234784679817e-05,1.0472235074389928e-05,1.0472122252250223e-05,1.0472009380428231e-05,1.047189645897669e-05,1.0471783487945947e-05,1.0471670467385284e-05,1.0471557397357586e-05,1.0471444277886693e-05,1.0471331109079501e-05,1.0471217890951755e-05,1.0471104623553729e-05,1.0470991306951005e-05,1.047087794118831e-05,1.0470764526317906e-05,1.0470651062394838e-05,1.0470537549459795e-05,1.0470423987582388e-05,1.047031037680582e-05,1.0470196717184463e-05,1.0470083008766252e-05,1.0469969251605596e-05,1.0469855445751449e-05,1.0469741591259253e-05,1.0469627688177743e-05,1.0469513736560667e-05,1.0469399736457828e-05,1.046928568792252e-05,1.046917159100447e-05,1.0469057445759444e-05,1.0468943252234917e-05,1.0468829010478815e-05,1.04687147205485e-05,1.0468600382486618e-05,1.0468485996356733e-05,1.0468371562193875e-05,1.04682570800654e-05,1.0468142550016608e-05,1.0468027972096104e-05,1.046791334635469e-05,1.0467798672844458e-05,1.0467683951618528e-05,1.0467569182731488e-05,1.0467454366219416e-05,1.0467339502141588e-05,1.046722459055133e-05,1.0467109631495859e-05,1.0466994625026439e-05,1.046687957119289e-05,1.0466764470047776e-05,1.0466649321640985e-05,1.04665341260195e-05,1.0466418883236956e-05,1.0466303593344035e-05,1.0466188256386064e-05,1.046607287241926e-05,1.0465957441493655e-05,1.0465841963649388e-05,1.0465726438945218e-05,1.0465610867430642e-05,1.046549524915457e-05,1.0465379584165504e-05,1.0465263872511356e-05,1.0465148114240101e-05,1.0465032309414984e-05,1.0464916458075668e-05,1.046480056027351e-05,1.0464684616057592e-05,1.0464568625478733e-05,1.0464452588583617e-05,1.0464336505423398e-05,1.046422037603639e-05,1.0464104200489708e-05,1.0463987978832952e-05,1.0463871711101263e-05,1.046375539735385e-05,1.0463639037632003e-05,1.0463522631992708e-05,1.0463406180481734e-05,1.0463289683148528e-05,1.0463173140041163e-05,1.046305655121291e-05,1.0462939916703982e-05,1.0462823236569899e-05,1.046270651084788e-05,1.0462589739620711e-05,1.0462472922883001e-05,1.0462356060725316e-05,1.0462239153180263e-05,1.0462122200302751e-05,1.046200520213654e-05,1.0461888158748331e-05,1.046177107015479e-05,1.0461653936419108e-05,1.0461536757589658e-05,1.0461419533713834e-05,1.0461302264842059e-05,1.0461184951021766e-05,1.0461067592300353e-05,1.0460950188723933e-05,1.0460832740345387e-05,1.0460715247214356e-05,1.0460597709371992e-05,1.0460480126866495e-05,1.0460362499749695e-05,1.046024482806636e-05,1.0460127111865186e-05,1.0460009351196602e-05,1.0459891546103078e-05,1.0459773696634737e-05,1.045965580283899e-05,1.0459537864764516e-05,1.0459419882457038e-05,1.0459301855966357e-05,1.0459183785338101e-05,1.0459065670620337e-05,1.0458947511813608e-05,1.0458829309068106e-05,1.0458711062367993e-05,1.0458592771752606e-05,1.0458474437297744e-05,1.0458356059033202e-05,1.0458237637005821e-05,1.0458119171265221e-05,1.0458000661858862e-05,1.0457882108834932e-05,1.0457763512250973e-05,1.0457644872135075e-05,1.0457526188527532e-05,1.0457407461493131e-05,1.0457288691068553e-05,1.04571698773281e-05,1.0457051020284177e-05,1.0456932119998044e-05,1.0456813176508647e-05,1.0456694189865779e-05,1.0456575160113224e-05,1.0456456087304362e-05,1.0456336971480209e-05,1.045621781268745e-05,1.0456098610974493e-05,1.0455979366383465e-05,1.0455860078967496e-05,1.045574074876551e-05,1.0455621375828994e-05,1.0455501960201848e-05,1.045538250193481e-05,1.0455263001061268e-05,1.0455143457634995e-05,1.0455023871700073e-05,1.045490424330805e-05,1.0454784572499067e-05,1.0454664859325013e-05,1.0454545103819317e-05,1.0454425306038746e-05,1.0454305466024359e-05,1.045418558382295e-05,1.0454065659474592e-05,1.0453945693034073e-05,1.0453825684541675e-05,1.0453705634042738e-05,1.0453585541585516e-05,1.0453465407210696e-05,1.0453345230965517e-05,1.045322501290801e-05,1.0453104753049721e-05,1.0452984451465809e-05,1.0452864108192028e-05,1.0452743723272763e-05,1.0452623296759533e-05,1.0452502828685728e-05,1.0452382319101903e-05,1.0452261768054763e-05,1.0452141175583672e-05,1.045202054173883e-05,1.0451899866563853e-05,1.0451779150102417e-05,1.0451658392400343e-05,1.0451537593498862e-05,1.0451416753446696e-05,1.0451295872285062e-05,1.0451174950060375e-05,1.0451053986818383e-05,1.0450932982600168e-05,1.0450811937449244e-05,1.045069085141472e-05,1.0450569724537119e-05,1.0450448556864195e-05,1.0450327348435586e-05,1.0450206099298289e-05,1.045008480949452e-05,1.0449963479069111e-05,1.044984210807634e-05,1.0449720696539478e-05,1.0449599244508579e-05,1.0449477752037312e-05,1.0449356219159292e-05,1.0449234645927521e-05,1.0449113032380913e-05,1.0448991378563322e-05,1.0448869684519164e-05,1.044874795029127e-05,1.044862617592249e-05,1.0448504361458435e-05,1.0448382506945757e-05,1.0448260612414736e-05,1.0448138677922106e-05,1.0448016703506102e-05,1.0447894689212084e-05,1.0447772635076701e-05,1.0447650541152223e-05,1.0447528407490295e-05,1.0447406234108947e-05,1.0447284021064009e-05,1.0447161768399271e-05,1.0447039476156229e-05,1.0446917144383427e-05,1.0446794773115314e-05,1.0446672362398026e-05,1.0446549912275221e-05,1.0446427422791926e-05,1.0446304893986068e-05,1.0446182325900322e-05,1.0446059718586094e-05,1.044593707207732e-05,1.0445814386418581e-05,1.0445691661649303e-05,1.0445568897817539e-05,1.0445446094965787e-05,1.0445323253133856e-05,1.0445200372363057e-05,1.044507745270157e-05,1.0444954494194893e-05,1.0444831496869681e-05,1.044470846077559e-05,1.0444585385957256e-05,1.0444462272458445e-05,1.044433912031623e-05,1.0444215929580091e-05,1.0444092700282817e-05,1.0443969432463273e-05,1.0443846126177898e-05,1.044372278146217e-05,1.0443599398357186e-05,1.0443475976903734e-05,1.0443352517137986e-05,1.0443229019120188e-05,1.04431054828861e-05,1.0442981908467374e-05,1.0442858295904665e-05,1.0442734645246818e-05,1.0442610956532376e-05,1.0442487229801883e-05,1.0442363465102199e-05,1.0442239662473285e-05,1.044211582195172e-05,1.0441991943582775e-05,1.0441868027406144e-05,1.0441744073467888e-05,1.0441620081800208e-05,1.0441496052450939e-05,1.0441371985460469e-05,1.0441247880867468e-05,1.0441123738706116e-05,1.0440999559035114e-05,1.0440875341901573e-05,1.0440751087322164e-05,1.0440626795343093e-05,1.0440502466006479e-05,1.0440378099358348e-05,1.044025369543723e-05,1.0440129254286287e-05,1.0440004775987155e-05,1.0439880260487241e-05,1.04397557078788e-05,1.0439631118202867e-05,1.0439506491496826e-05,1.0439381827802912e-05,1.0439257127162486e-05,1.0439132389617486e-05,1.0439007615205083e-05,1.0438882803964993e-05,1.0438757955945555e-05,1.0438633071176198e-05,1.0438508149700018e-05,1.0438383191557833e-05,1.0438258196793817e-05,1.0438133165443058e-05,1.0438008097548269e-05,1.0437882993143144e-05,1.043775785227553e-05,1.0437632674989137e-05,1.0437507461318746e-05,1.0437382211301991e-05,1.043725692498055e-05,1.0437131602394977e-05,1.0437006243576118e-05,1.0436880848578613e-05,1.0436755417438384e-05,1.04366299501937e-05,1.0436504446880092e-05,1.0436378907524775e-05,1.043625333220024e-05,1.0436127720928084e-05,1.0436002073748855e-05,1.0435876390704452e-05,1.0435750671827876e-05,1.0435624917162313e-05,1.0435499126744377e-05,1.0435373300629225e-05,1.0435247438832235e-05,1.043512154140443e-05,1.0434995608384471e-05,1.0434869639808794e-05,1.043474363571994e-05,1.0434617596158527e-05,1.0434491521160426e-05,1.0434365410762565e-05,1.0434239265008633e-05,1.043411308393205e-05,1.0433986867576141e-05,1.0433860615979751e-05,1.0433734329180337e-05,1.0433608007221479e-05,1.043348165011331e-05,1.0433355257942603e-05,1.0433228830721758e-05,1.0433102368492885e-05,1.0432975871293594e-05,1.0432849339162971e-05,1.0432722772137977e-05,1.0432596170259975e-05,1.0432469533565422e-05,1.0432342862093117e-05,1.043221615588239e-05,1.0432089414970148e-05,1.0431962639400664e-05,1.0431835829200986e-05,1.0431708984417921e-05,1.0431582105085585e-05,1.0431455191244966e-05,1.0431328242932623e-05,1.0431201260187353e-05,1.0431074243042777e-05,1.0430947191546214e-05,1.0430820105732724e-05,1.0430692985628798e-05,1.0430565831290556e-05,1.043043864274606e-05,1.043031142003478e-05,1.0430184163194116e-05,1.043005687226366e-05,1.0429929547272677e-05,1.042980218827155e-05,1.0429674795292007e-05,1.0429547368373029e-05,1.042941990753717e-05,1.0429292412849544e-05,1.0429164884332287e-05,1.0429037322023853e-05,1.0428909725964349e-05,1.0428782096188016e-05,1.0428654432735873e-05,1.042852673563906e-05,1.0428399004940332e-05,1.0428271240690348e-05,1.0428143442893789e-05,1.0428015611599042e-05,1.0427887746858811e-05,1.0427759848702574e-05,1.0427631917165469e-05,1.0427503952284377e-05,1.042737595409898e-05,1.0427247922643612e-05,1.0427119857958813e-05,1.0426991760082895e-05,1.042686362904628e-05,1.0426735464886063e-05,1.042660726764142e-05,1.0426479037350286e-05,1.0426350774047814e-05,1.042622247777028e-05,1.0426094148553824e-05,1.0425965786438806e-05,1.0425837391460714e-05,1.0425708963651069e-05,1.04255805030526e-05,1.0425452009703134e-05,1.0425323483631987e-05,1.0425194924880112e-05,1.0425066333490129e-05,1.0424937709487484e-05,1.0424809052931565e-05,1.0424680363800145e-05,1.0424551642198213e-05,1.0424422888118678e-05,1.0424294101617458e-05,1.0424165282723804e-05,1.0424036431483212e-05,1.0423907547911896e-05,1.0423778632061941e-05,1.0423649683965117e-05,1.042352070365697e-05,1.042339169117869e-05,1.0423262646557667e-05,1.0423133569830555e-05,1.0423004461031432e-05,1.0422875320205547e-05,1.0422746147384912e-05,1.0422616942610867e-05,1.042248770590886e-05,1.042235843731897e-05,1.0422229136876658e-05,1.0422099804618274e-05,1.0421970440577092e-05,1.04218410447918e-05,1.0421711617296252e-05,1.0421582158126712e-05,1.04214526673194e-05,1.0421323144905678e-05,1.0421193590924247e-05,1.042106400541093e-05,1.0420934388400065e-05,1.042080473992782e-05,1.0420675060024558e-05,1.0420545348732319e-05,1.0420415606083211e-05,1.0420285832102197e-05,1.0420156026845068e-05,1.0420026190337681e-05,1.0419896322613305e-05,1.0419766423708157e-05,1.0419636493652575e-05,1.041950653248999e-05,1.0419376540249518e-05,1.0419246516969432e-05,1.0419116462675424e-05,1.0418986377419133e-05,1.041885626121729e-05,1.0418726114123522e-05,1.0418595936155994e-05,1.0418465727357817e-05,1.0418335487760935e-05,1.0418205217393308e-05,1.0418074916304962e-05,1.0417944584522027e-05,1.0417814222078881e-05,1.0417683829011908e-05,1.0417553405353961e-05,1.0417422951139307e-05,1.0417292466409196e-05,1.0417161951184634e-05,1.0417031405518401e-05,1.0416900829421245e-05,1.0416770222944479e-05,1.0416639586112227e-05,1.041650891896965e-05,1.0416378221541417e-05,1.041624749385718e-05,1.0416116735967467e-05,1.0415985947900127e-05,1.0415855129690128e-05,1.0415724281372712e-05,1.0415593402968298e-05,1.0415462494514006e-05,1.0415331556055822e-05,1.0415200587621955e-05,1.0415069589240179e-05,1.0414938560956556e-05,1.041480750279755e-05,1.0414676414804843e-05,1.04145452969984e-05,1.0414414149419937e-05,1.0414282972097117e-05,1.0414151765072657e-05,1.0414020528376398e-05,1.0413889262034987e-05,1.041375796609642e-05,1.0413626640585825e-05,1.0413495285534552e-05,1.041336390097849e-05,1.0413232486950615e-05,1.041310104348442e-05,1.041296957059684e-05,1.0412838068355815e-05,1.0412706536776028e-05,1.0412574975890978e-05,1.0412443385734455e-05,1.0412311766339932e-05,1.041218011773105e-05,1.0412048439958063e-05,1.0411916733046024e-05,1.0411784997028093e-05,1.041165323193586e-05,1.0411521437816827e-05,1.0411389614677525e-05,1.0411257762564894e-05,1.0411125881511331e-05,1.0410993971549426e-05,1.0410862032710713e-05,1.0410730065040694e-05,1.0410598068535705e-05,1.0410466043266933e-05,1.0410333989259135e-05,1.0410201906531406e-05,1.041006979513408e-05,1.040993765508323e-05
12,9.210511009591474e-85,1.865143291692013e-83,9.296767097548667e-83,2.983575455584789e-82,7.468588373300296e-82,1.6067712678895502e-81,3.1129497499619745e-81,5.580353561124312e-81,9.418780997488658e-81,1.514883609214972e-80,2.3419148836287024e-80,3.502486057905047e-80,5.092737905405874e-80,7.227540447108147e-80,1.0042722509680474e-79,1.369742800112119e-79,1.837659859180475e-79,2.4293582505861392e-79,3.1692869038676197e-79,4.085294861087458e-79,5.2089297947382885e-79,6.575749036631873e-79,8.2256430706659e-79,1.0203171497609288e-78,1.2557911432690906e-78,1.5344818337816855e-78,1.8624599256580588e-78,2.2464098475462677e-78,2.693669555568209e-78,3.2122715756666737e-78,3.810985281539036e-78,4.4993604101719575e-78,5.287771811255339e-78,6.187465429022183e-78,7.210605520381248e-78,8.370323103344927e-78,9.680765632166103e-78,1.1157147907083136e-77,1.2815804215115878e-77,1.4674241685090823e-77,1.6751194890433058e-77,1.906668165451778e-77,2.164206010455884e-77,2.450008691909823e-77,2.766497682870356e-77,3.1162463321463014e-77,3.501986056452066e-77,3.9266126560800795e-77,4.393192751014794e-77,4.90497033822738e-77,5.465373474120277e-77,6.0780210737550885e-77,6.746729834288618e-77,7.475521278457048e-77,8.26862892094976e-77,9.130505554825472e-77,1.0065830657697719e-76,1.1079517920566715e-76,1.2176722895360751e-76,1.3362850769505198e-76,1.4643564248273158e-76,1.6024791573226637e-76,1.7512734646982814e-76,1.9113877290137903e-76,2.0834993608588962e-76,2.2683156486242044e-76,2.466574619611432e-76,2.6790459129379906e-76,2.906531665322466e-76,3.149867407496498e-76,3.4099229734452666e-76,3.6876034209637066e-76,3.983849965515275e-76,4.299640924038557e-76,4.635992672151266e-76,4.9939606127010835e-76,5.3746401554119233e-76,5.779167711507167e-76,6.208721696177707e-76,6.664523544576145e-76,7.147838739538717e-76,7.659977854246492e-76,8.202297600186313e-76,8.776201892563482e-76,9.383142924080004e-76,1.0024622255536283e-75,1.0702191909712656e-75,1.1417455486084348e-75,1.2172069281698485e-75,1.2967743423529485e-75,1.380624301760219e-75,1.4689389304220596e-75,1.5619060829879284e-75,1.659719462354535e-75,1.7625787396480873e-75,1.8706896739679674e-75,1.9842642344442358e-75,2.1035207229242934e-75,2.2286838978874653e-75,2.359985099536693e-75,2.497662376155873e-75,2.641960611459428e-75,2.7931316532532253e-75,2.951434443256111e-75,3.1171351477116017e-75,3.290507290161664e-75,3.4718318841277747e-75,3.6613975675849637e-75,3.859500738545097e-75,4.066445692025674e-75,4.2825447577540483e-75,4.508118438928802e-75,4.743495552601501e-75,4.989013371203895e-75,5.245017764954528e-75,5.511863345460013e-75,5.789913609832932e-75,6.079541087924868e-75,6.381127488447314e-75,6.695063847811432e-75,7.021750677995484e-75,7.361598119213469e-75,7.715026090255049e-75,8.082464441465907e-75,8.464353108406888e-75,8.861142268050588e-75,9.273292493852747e-75,9.701274913417835e-75,1.0145571367103395e-74,1.0606674567532142e-74,1.1085088259828746e-74,1.1581327385206159e-74,1.2095918242163458e-74,1.2629398651878878e-74,1.3182318121585928e-74,1.3755238014254594e-74,1.4348731712133387e-74,1.4963384789083965e-74,1.5599795178299558e-74,1.6258573343058437e-74,1.69403424506629e-74,1.7645738543914522e-74,1.837541071590297e-74,1.9130021285152514e-74,1.9910245972676243e-74,2.0716774079376483e-74,2.1550308664061573e-74,2.241156672537294e-74,2.3301279381018566e-74,2.422019205032592e-74,2.516906463768152e-74,2.6148671716725667e-74,2.715980271587472e-74,2.8203262104225156e-74,2.927986958245073e-74,3.039046026622659e-74,3.1535884878430925e-74,3.2717009945116186e-74,3.3934717979822112e-74,3.5189907681062588e-74,3.648349412519307e-74,3.781640896421767e-74,3.918960061952774e-74,4.0604034482515725e-74,4.206069310770243e-74,4.356057641965587e-74,4.510470191018251e-74,4.6694104840181874e-74,4.8329838444176885e-74,5.001297413403262e-74,5.174460170355479e-74,5.3525829535076984e-74,5.535778481051054e-74,5.724161371261635e-74,5.917848164278108e-74,6.1169573426531136e-74,6.32160935274365e-74,6.5319266259738666e-74,6.748033600050753e-74,6.970056741027793e-74,7.198124564417252e-74,7.432367657041171e-74,7.672918698931148e-74,7.919912485344823e-74,8.173485948494049e-74,8.433778180338818e-74,8.700930454440104e-74,8.975086247968704e-74,9.256391265095455e-74,9.544993458920941e-74,9.841043054235001e-74,1.0144692570978744e-73,1.0456096846217931e-73,1.0775413057673177e-73,1.1102800746724227e-73,1.1438421842022149e-73,1.1782440682467584e-73,1.2135024040496272e-73,1.2496341146531425e-73,1.286656371136704e-73,1.3245865950935615e-73,1.363442460951257e-73,1.4032418984352853e-73,1.4440030949981438e-73,1.4857444980968384e-73,1.528484817816993e-73,1.5722430291161086e-73,1.617038374485021e-73,1.6628903661934416e-73,1.7098187889829888e-73,1.7578437023252508e-73,1.80698544309962e-73,1.857264628084963e-73,1.908702156303873e-73,1.9613192117909396e-73,2.0151372659215732e-73,2.0701780800700502e-73,2.126463708103524e-73,2.1840164991041934e-73,2.2428590996876958e-73,2.3030144568177294e-73,2.3645058203826865e-73,2.427356745614896e-73,2.4915910959754513e-73,2.557233045598654e-73,2.624307082040569e-73,2.6928380087715867e-73,2.7628509480310293e-73,2.834371343462707e-73,2.9074249626640827e-73,2.982037900135217e-73,3.058236579571755e-73,3.136047757124363e-73,3.2154985236053086e-73,3.2966163074159706e-73,3.3794288776063426e-73,3.463964346008429e-73,3.5502511706846395e-73,3.6383181580174634e-73,3.7281944661150446e-73,3.8199096072183145e-73,3.913493450676593e-73,4.008976225690819e-73,4.106388524180142e-73,4.205761303593627e-73,4.307125889808275e-73,4.41051397993336e-73,4.5159576451194063e-73,4.6234893337839906e-73,4.733141873895195e-73,4.844948476588863e-73,4.9589427382835884e-73,5.075158644364427e-73,5.193630571666889e-73,5.314393291506256e-73,5.4374819726693764e-73,5.5629321843481817e-73,5.690779899116588e-73,5.821061495917673e-73,5.953813763044636e-73,6.089073901172249e-73,6.226879526193757e-73,6.367268672797131e-73,6.510279796573324e-73,6.655951778136792e-73,6.80432392501943e-73,6.95543597596345e-73,7.109328102784467e-73,7.266040914293128e-73,7.425615459576511e-73,7.588093229849032e-73,7.753516162897108e-73,7.921926645538696e-73,8.093367516926149e-73,8.267882071624395e-73,8.445514062860615e-73,8.626307705558736e-73,8.810307679464113e-73,8.997559132955582e-73,9.188107685006396e-73,9.381999429660355e-73,9.57928093850368e-73,9.779999264242453e-73,9.984201943255964e-73,1.0191936999920984e-72,1.0403252949049573e-72,1.0618198799320299e-72,1.0836824057060394e-72,1.1059178728440473e-72,1.128531332410277e-72,1.151527886131334e-72,1.174912686791683e-72,1.198690938542005e-72,1.2228678972266157e-72,1.247448870766481e-72,1.2724392194390386e-72,1.2978443562567625e-72,1.3236697472099128e-72,1.349920911751845e-72,1.3766034230307614e-72,1.4037229082637813e-72,1.43128504905492e-72,1.4592955818199965e-72,1.487760298009313e-72,1.5166850445180084e-72,1.546075724040963e-72,1.5759382953776064e-72,1.606278773819163e-72,1.637103231442559e-72,1.6684177975520983e-72,1.7002286589712405e-72,1.7325420603165936e-72,1.7653643045321394e-72,1.798701753034265e-72,1.8325608262735145e-72,1.866948003851791e-72,1.9018698251652787e-72,1.93733288951036e-72,1.9733438565522164e-72,2.009909446676241e-72,2.047036441341527e-72,2.0847316834296064e-72,2.1230020776000684e-72,2.1618545907156005e-72,2.2012962521293303e-72,2.2413341540892488e-72,2.2819754520988683e-72,2.323227365213714e-72,2.36509717654754e-72,2.407592233513204e-72,2.45071994834257e-72,2.494487798197309e-72,2.538903325784414e-72,2.583974139702609e-72,2.6297079146287664e-72,2.676112391951313e-72,2.72319537987967e-72,2.770964754081276e-72,2.819428457838422e-72,2.86859450254433e-72,2.918470968047145e-72,2.969066003024037e-72,3.0203878254198566e-72,3.07244472276266e-72,3.12524505259178e-72,3.1787972427245464e-72,3.2331097918209613e-72,3.2881912696526387e-72,3.3440503174761833e-72,3.400695648575507e-72,3.4581360483801727e-72,3.5163803751599433e-72,3.5754375601118735e-72,3.635316608059004e-72,3.6960265975571603e-72,3.757576681429605e-72,3.8199760872177594e-72,3.8832341174608606e-72,3.947360150151232e-72,4.012363639050763e-72,4.078254114293234e-72,4.1450411824620245e-72,4.2127345273563775e-72,4.281343910064783e-72,4.3508791694911096e-72,4.421350222922026e-72,4.4927670661375443e-72,4.565139774005613e-72,4.638478500780714e-72,4.712793480707165e-72,4.788095028099912e-72,4.864393538120864e-72,4.941699486817627e-72,5.020023431806355e-72,5.09937601270166e-72,5.179767951210099e-72,5.261210051906524e-72,5.343713202439647e-72,5.427288374062173e-72,5.511946621807405e-72,5.597699085235664e-72,5.684556988725679e-72,5.772531641719832e-72,5.861634439301212e-72,5.951876862690844e-72,6.043270479596819e-72,6.135826944475056e-72,6.229557999052513e-72,6.324475473034477e-72,6.420591284090359e-72,6.517917438457902e-72,6.61646603147629e-72,6.716249247943535e-72,6.817279362365045e-72,6.919568739613727e-72,7.023129835218166e-72,7.127975196028499e-72,7.234117460156711e-72,7.341569358123726e-72,7.450343712666118e-72,7.560453439371491e-72,7.671911547039823e-72,7.784731138567292e-72,7.898925410770124e-72,8.014507655069048e-72,8.131491258148611e-72,8.249889701995437e-72,8.369716564605251e-72,8.490985520271081e-72,8.61371034024731e-72,8.737904893057323e-72,8.863583144645192e-72,8.990759159543658e-72,9.119447100577244e-72,9.249661229699803e-72,9.381415908368094e-72,9.514725597963747e-72,9.649604860241786e-72,9.786068357742508e-72,9.924130854452149e-72,1.0063807215973818e-71,1.0205112410238793e-71,1.0348061507543715e-71,1.049266968165287e-71,1.0638952209584703e-71,1.078692447251904e-71,1.0936601955876356e-71,1.1088000250534038e-71,1.1241135052253875e-71,1.1396022162611874e-71,1.1552677489961625e-71,1.1711117049013579e-71,1.1871356961880718e-71,1.2033413458291754e-71,1.2197302876170516e-71,1.2363041662050009e-71,1.253064637146056e-71,1.270013366967039e-71,1.2871520331840358e-71,1.3044823243779273e-71,1.3220059401915082e-71,1.3397245914411181e-71,1.3576400001340876e-71,1.3757538994715978e-71,1.3940680340010621e-71,1.4125841595609904e-71,1.431304043391039e-71,1.4502294641147106e-71,1.4693622118826605e-71,1.4887040883520235e-71,1.5082569067243387e-71,1.5280224918478579e-71,1.548002680222282e-71,1.568199320079474e-71,1.588614271361239e-71,1.6092494058882614e-71,1.6301066072967966e-71,1.6511877711380703e-71,1.6724948049085017e-71,1.6940296281384047e-71,1.7157941723932776e-71,1.7377903813112069e-71,1.7600202107084645e-71,1.782485628618151e-71,1.805188615273785e-71,1.8281311632353455e-71,1.8513152774221656e-71,1.8747429751333167e-71,1.898416286084735e-71,1.9223372525099902e-71,1.9465079292103155e-71,1.970930383528091e-71,1.9956066954995866e-71,2.0205389578329256e-71,2.0457292759456517e-71,2.0711797680762063e-71,2.096892565327838e-71,2.1228698116482716e-71,2.149113663974751e-71,2.175626292183508e-71,2.2024098792274742e-71,2.2294666211921346e-71,2.2567987271876712e-71,2.2844084196430475e-71,2.312297934155904e-71,2.3404695196674455e-71,2.3689254384213023e-71,2.397667966098905e-71,2.426699391781732e-71,2.4560220181078625e-71,2.485638161207272e-71,2.515550150872114e-71,2.545760330512703e-71,2.5762710572141092e-71,2.6070847018603545e-71,2.638203649150013e-71,2.6696302975996058e-71,2.701367059655702e-71,2.7334163617632056e-71,2.7657806443514267e-71,2.798462361843482e-71,2.8314639829507533e-71,2.8647879903992653e-71,2.8984368811862466e-71,2.9324131665990255e-71,2.966719372273256e-71,3.001358038194333e-71,3.0363317187596737e-71,3.0716429828979685e-71,3.1072944140310903e-71,3.143288610189561e-71,3.1796281840830957e-71,3.216315763059745e-71,3.253353989273394e-71,3.2907455196525465e-71,3.328493025913053e-71,3.366599194845895e-71,3.4050667280141967e-71,3.4438983421502917e-71,3.483096768998679e-71,3.522664755424603e-71,3.5626050634039537e-71,3.6029204702728837e-71,3.643613768590779e-71,3.6846877662123355e-71,3.7261452864356755e-71,3.767989168024495e-71,3.810222265223155e-71,3.85284744774306e-71,3.895867601055728e-71,3.939285626227275e-71,3.983104440001094e-71,4.027326974936107e-71,4.071956179450627e-71,4.116995017808431e-71,4.162446470175542e-71,4.208313532748118e-71,4.254599217801908e-71,4.301306553643872e-71,4.348438584815809e-71,4.3959983719910135e-71,4.443988992226765e-71,4.4924135387064025e-71,4.541275121158565e-71,4.590576865770593e-71,4.640321915035397e-71,4.6905134281837904e-71,4.741154580969686e-71,4.792248565807476e-71,4.843798591724544e-71,4.8958078847069155e-71,4.948279687475608e-71,5.001217259565046e-71,5.054623877533038e-71,5.108502834941498e-71,5.162857442376153e-71,5.217691027476791e-71,5.273006935099529e-71,5.328808527341852e-71,5.385099183518089e-71,5.441882300310814e-71,5.499161291821288e-71,5.5569395895725966e-71,5.6152206425494464e-71,5.674007917320633e-71,5.733304898140512e-71,5.79311508689312e-71,5.853442003123453e-71,5.9142891842942864e-71,5.975660185658557e-71,6.037558580259839e-71,6.0999879592649816e-71,6.162951931924332e-71,6.22645412533751e-71,6.290498184875635e-71,6.355087774090426e-71,6.420226574863464e-71,6.485918287167121e-71,6.552166629583443e-71,6.618975339023972e-71,6.686348170828572e-71,6.754288898937375e-71,6.822801315941129e-71,6.891889232983163e-71,6.961556480046976e-71,7.031806905772387e-71,7.102644377753946e-71,7.174072782379213e-71,7.246096025075882e-71,7.318718030195952e-71,7.391942741217162e-71,7.465774120802909e-71,7.5402161506976e-71,7.615272832009176e-71,7.690948185104336e-71,7.767246249584451e-71,7.84417108473813e-71,7.921726769214943e-71,7.99991740114587e-71,8.078747098411015e-71,8.158219998475808e-71,8.238340258495583e-71,8.319112055446027e-71,8.400539586235436e-71,8.482627067566257e-71,8.565378736146764e-71,8.648798848796133e-71,8.732891682329937e-71,8.81766153368574e-71,8.903112720073344e-71,8.9892495790121e-71,9.076076468252123e-71,9.163597766040287e-71,9.251817870962385e-71,9.340741202249012e-71,9.430372199645504e-71,9.520715323367138e-71,9.611775054654953e-71,9.703555895327054e-71,9.79606236795948e-71,9.889299016085654e-71,9.98327040425988e-71,1.0077981117967498e-70,1.0173435763605744e-70,1.0269638968997991e-70,1.0366595382986804e-70,1.0464309675634793e-70,1.056278653844646e-70,1.0662030684154843e-70,1.0762046847060461e-70,1.0862839782829108e-70,1.0964414268849968e-70,1.1066775103968023e-70,1.1169927108781648e-70,1.1273875125744065e-70,1.1378624019017917e-70,1.1484178674652713e-70,1.159054400046965e-70,1.169772492660593e-70,1.1805726405097742e-70,1.1914553409957033e-70,1.2024210937691781e-70,1.2134704006814228e-70,1.2246037658403369e-70,1.2358216955522245e-70,1.24712469840478e-70,1.258513285222296e-70,1.269987969076949e-70,1.2815492653089713e-70,1.2931976915435322e-70,1.304933767665294e-70,1.3167580158281103e-70,1.3286709605074074e-70,1.340673128455039e-70,1.3527650487184992e-70,1.3649472526574873e-70,1.377220273967435e-70,1.3895846486258008e-70,1.4020409149557784e-70,1.4145896136212534e-70,1.427231287620133e-70,1.439966482274499e-70,1.4527957452988613e-70,1.4657196267326297e-70,1.4787386790078887e-70,1.491853456903867e-70,1.5050645175989643e-70,1.5183724206377306e-70,1.5317777279655125e-70,1.5452810039319522e-70,1.5588828152866177e-70,1.572583731178038e-70,1.5863843231888957e-70,1.600285165309934e-70,1.614286833979647e-70,1.6283899080544116e-70,1.6425949688430303e-70,1.6569026001160975e-70,1.6713133880866076e-70,1.6858279214183406e-70,1.7004467912768388e-70,1.715170591288093e-70,1.7299999175499795e-70,1.7449353686687904e-70,1.7599775457290794e-70,1.7751270523387007e-70,1.790384494589437e-70,1.805750481102658e-70,1.821225623034505e-70,1.8368105340445348e-70,1.8525058303424275e-70,1.868312130689573e-70,1.884230056385804e-70,1.900260231275277e-70,1.916403281775974e-70,1.9326598368878917e-70,1.949030528159815e-70,1.9655159897483174e-70,1.982116858376138e-70,1.9988337733866533e-70,2.0156673766990128e-70,2.0326183128678447e-70,2.0496872290394815e-70,2.066874774994802e-70,2.0841816031547562e-70,2.1016083685633008e-70,2.1191557289016402e-70,2.1368243445186942e-70,2.1546148783968242e-70,2.1725279962077075e-70,2.19056436625503e-70,2.2087246595699186e-70,2.2270095498373253e-70,2.2454197134398935e-70,2.2639558294404268e-70,2.2826185796187523e-70,2.3014086484835167e-70,2.320326723224869e-70,2.339373493789272e-70,2.3585496528319775e-70,2.3778558957647954e-70,2.3972929207235078e-70,2.4168614286240845e-70,2.436562123122856e-70,2.4563957106182557e-70,2.4763629003333117e-70,2.496464404241979e-70,2.5167009370942988e-70,2.5370732164455434e-70,2.557581962663023e-70,2.578227898913606e-70,2.599011751156355e-70,2.619934248192319e-70,2.6409961216536118e-70,2.662198105993705e-70,2.6835409385093437e-70,2.705025359378612e-70,2.7266521115814543e-70,2.7484219409727244e-70,2.770335596313904e-70,2.7923938292228065e-70,2.8145973941973737e-70,2.8369470485966107e-70,2.8594435527455104e-70,2.8820876698117402e-70,2.904880165893692e-70,2.9278218100113946e-70,2.9509133741278867e-70,2.974155633117849e-70,2.997549364788866e-70,3.021095349901022e-70,3.044794372177515e-70,3.068647218324348e-70,3.0926546779597956e-70,3.116817543706818e-70,3.141136611201518e-70,3.165612679004365e-70,3.190246548689838e-70,3.2150390248646286e-70,3.239990915152655e-70,3.265103030170687e-70,3.2903761835646567e-70,3.315811191997118e-70,3.341408875197458e-70,3.3671700558987495e-70,3.393095559948774e-70,3.4191862162066134e-70,3.445442856629208e-70,3.471866316238118e-70,3.498457433114232e-70,3.5252170484656244e-70,3.5521460065590316e-70,3.579245154782161e-70,3.606515343650113e-70,3.633957426769755e-70,3.661572260910335e-70,3.6893607059155685e-70,3.7173236248149465e-70,3.7454618837343856e-70,3.773776352021258e-70,3.8022679021354544e-70,3.830937409738373e-70,3.859785753648665e-70,3.8888138158526594e-70,3.9180224815587885e-70,3.947412639123859e-70,3.97698518018084e-70,4.006740999514414e-70,4.036680995168624e-70,4.0668060684000994e-70,4.097117123694234e-70,4.127615068762621e-70,4.158300814562747e-70,4.189175275366137e-70,4.22023936864767e-70,4.2514940151947123e-70,4.28294013905404e-70,4.31457866755291e-70,4.346410531295656e-70,4.378436664187362e-70,4.410658003493947e-70,4.4430754897614405e-70,4.4756900668556855e-70,4.508502681960751e-70,4.541514285622712e-70,4.574725831722093e-70,4.6081382774498393e-70,4.641752583419289e-70,4.675569713596324e-70,4.709590635294743e-70,4.7438163192502114e-70,4.7782477395816845e-70,4.812885873740106e-70,4.8477317025876545e-70,4.882786210501215e-70,4.918050385206851e-70,4.953525217861607e-70,4.989211703057722e-70,5.025110838802867e-70,5.06122362659934e-70,5.097551071343728e-70,5.134094181471349e-70,5.170853968864466e-70,5.207831448845498e-70,5.245027640269211e-70,5.282443565468001e-70,5.320080250256787e-70,5.3579387239437854e-70,5.396020019435858e-70,5.434325173110221e-70,5.472855224881505e-70,5.511611218175075e-70,5.55059420001439e-70,5.58980522094823e-70,5.6292453350271466e-70,5.668915599992528e-70,5.708817077111264e-70,5.7489508312278375e-70,5.7893179307742855e-70,5.829919447770389e-70,5.87075645787671e-70,5.911830040291527e-70,5.95314127795909e-70,5.994691257389345e-70,6.036481068732533e-70,6.078511805789005e-70,6.120784565982618e-70,6.163300450450427e-70,6.206060563915755e-70,6.249066014861383e-70,6.292317915447771e-70,6.33581738151045e-70,6.37956553256924e-70,6.423563491866769e-70,6.467812386331076e-70,6.512313346635702e-70,6.557067507184828e-70,6.602076006146445e-70,6.64733998537736e-70,6.692860590550136e-70,6.738638971066777e-70,6.784676280093576e-70,6.830973674530386e-70,6.877532315138862e-70,6.924353366464054e-70,6.971437996808639e-70,7.018787378324193e-70,7.06640268696113e-70,7.114285102492724e-70,7.162435808468715e-70,7.210855992349349e-70,7.259546845457742e-70,7.308509562907456e-70,7.357745343745699e-70,7.407255390805015e-70,7.457040910806481e-70,7.507103114439253e-70,7.557443216218095e-70,7.608062434621986e-70,7.658961991942882e-70,7.710143114438099e-70,7.761607032350395e-70,7.81335497971414e-70,7.865388194614901e-70,7.917707919092085e-70,7.970315399080424e-70,8.023211884539036e-70,8.076398629363029e-70,8.129876891441083e-70,8.183647932577676e-70,8.237713018680417e-70,8.29207341964339e-70,8.3467304093102e-70,8.401685265653809e-70,8.456939270570281e-70,8.512493709998972e-70,8.56834987392769e-70,8.624509056461728e-70,8.680972555698744e-70,8.737741673861728e-70,8.794817717212683e-70,8.852201996072616e-70,8.909895824913185e-70,8.96790052221111e-70,9.026217410672282e-70,9.084847817069337e-70,9.143793072254307e-70,9.20305451127229e-70,9.262633473259622e-70,9.32253130154898e-70,9.382749343540781e-70,9.44328895095336e-70,9.50415147952878e-70,9.565338289271829e-70,9.626850744342773e-70,9.688690213060518e-70,9.750858068034337e-70,9.813355685990022e-70,9.876184447983858e-70,9.939345739250355e-70,1.0002840949253338e-69,1.0066671471701877e-69,1.013083870449213e-69,1.0195344049964814e-69,1.0260188914493572e-69,1.032537470884607e-69,1.0390902848148078e-69,1.0456774751723015e-69,1.0522991843237962e-69,1.0589555550585517e-69,1.0656467306098936e-69,1.0723728546319762e-69,1.0791340712250758e-69,1.0859305249156877e-69,1.0927623606684916e-69,1.0996297238817429e-69,1.1065327603905543e-69,1.1134716164675881e-69,1.1204464388118042e-69,1.1274573745856868e-69,1.1345045713793072e-69,1.1415881772248956e-69,1.1487083405940003e-69,1.1558652103969272e-69,1.1630589360040179e-69,1.1702896672046304e-69,1.1775575542460594e-69,1.184862747834742e-69,1.192205399097332e-69,1.1995856596273356e-69,1.2070036814602883e-69,1.2144596170793925e-69,1.22195361941254e-69,1.2294858418446754e-69,1.2370564382258775e-69,1.2446655628374144e-69,1.2523133704142968e-69,1.260000016167367e-69,1.26772565573176e-69,1.275490445214512e-69,1.2832945411851463e-69,1.291138100663507e-69,1.2990212811217003e-69,1.3069442405026156e-69,1.3149071372050558e-69,1.3229101300772763e-69,1.330953378447649e-69,1.3390370420976432e-69,1.34716128127126e-69,1.3553262566701518e-69,1.3635321294829599e-69,1.3717790613415225e-69,1.380067214336349e-69,1.3883967510557684e-69,1.3967678345408037e-69,1.405180628303051e-69,1.4136352963219362e-69,1.422132003047725e-69,1.4306709134047023e-69,1.4392521927790538e-69,1.4478760070386574e-69,1.4565425225339738e-69,1.4652519060823048e-69,1.4740043249771147e-69,1.4827999469871356e-69,1.4916389403600756e-69,1.5005214738128252e-69,1.509447716550351e-69,1.5184178382649026e-69,1.5274320091236848e-69,1.5364903997728394e-69,1.5455931813405316e-69,1.554740525442216e-69,1.5639326041655188e-69,1.5731695901021757e-69,1.582451656319675e-69,1.5917789763659052e-69,1.6011517242911146e-69,1.6105700746268588e-69,1.620034202386803e-69,2.548604946917507e-35,1.306729726911098e-34,3.993183804846556e-34,9.60924332148642e-34,2.007076993672958e-33,3.81369740203648e-33,6.770886717624284e-33,1.1422845750470243e-32,1.8521316151807706e-32,2.9097248191673936e-32,4.455713097369194e-32,6.681282944003563e-32,9.845714527971214e-32,1.4293330556009808e-31,4.455359069793639e-31,5.318378592510578e-31,6.5098412279890655e-31,8.148636964417977e-31,1.0396874141957062e-30,1.3476355270516876e-30,1.7691808744433543e-30,2.3463892534844697e-30,3.1376459670478124e-30,4.224483867811509e-30,5.721539918390397e-30,7.791220654092796e-30,1.0665539243611611e-29,1.4679013725177834e-29,2.0318858825153083e-29,2.8302613471849114e-29,3.9699985247066525e-29,5.612718003370753e-29,8.00622646700567e-29,1.1536670020665005e-28,1.681657741114613e-28,2.4836874797773347e-28,3.7235911346161965e-28,5.678866238083677e-28,8.832336175045546e-28,1.4049699044291841e-27,2.2936380448711722e-27,3.858505164873225e-27,6.721617689683412e-27,1.2197412104585618e-26,2.322611785501441e-26,4.6836926530200864e-26,9.412451172043864e-26,9.41245117206973e-26,9.412451172098336e-26,9.412451172130368e-26,9.412451172166795e-26,9.412451172209018e-26,9.412451172259233e-26,9.412451172486337e-26,9.4124511734302e-26,2.2340544401547135e-25,5.849929118849558e-25,1.7465944718875444e-24,6.194294279612448e-24,2.71567236310654e-23,1.4830397459674956e-22,9.447516138101517e-22,6.07351487699813e-21,3.145305756117948e-20,3.145305757246971e-20,2.0138697289916596e-19,1.7739990773224947e-18,1.6709294738593102e-17,1.2825024910643595e-16,7.819088385445029e-16,3.875711755818363e-15,1.5888838339800854e-14,5.4511317771638376e-14,1.5839532058751762e-13,3.954038247442075e-13,8.616229520259123e-13,1.666190581252481e-12,2.90521087921278e-12,4.635144903299456e-12,6.856176275106749e-12,9.50988376317177e-12,1.2489210645614437e-11,1.5656146424476904e-11,1.886234459145757e-11,2.196825759736426e-11,2.4857410899452087e-11,2.7444257122441626e-11,2.96759260479742e-11,3.152940536550038e-11,3.300607156829014e-11,3.412526659726565e-11,3.4918116284225804e-11,3.5422265095152274e-11,3.5677788364380074e-11,3.572427270744351e-11,3.5598910184982894e-11,3.533539638306905e-11,3.496342181009309e-11,3.450857294520498e-11,3.39924962397666e-11,3.3433215285786406e-11,3.28455234060865e-11,3.2241399511213816e-11,3.1630414299755266e-11,3.1020107676770074e-11,3.041632773691816e-11,2.9823527864026475e-11,2.924502237158304e-11,2.8683203337229444e-11,2.8139722423703947e-11,2.7615641910476086e-11,2.7111559157533215e-11,2.662770847220493e-11,2.616404396906886e-11,2.572030658731246e-11,2.5296077998161103e-11,2.4890823729241114e-11,2.4503927466164595e-11,2.4134718167039058e-11,2.378249134603848e-11,2.3446525644688418e-11,2.3126095607597615e-11,2.282048141259621e-11,2.2528976166518743e-11,2.2250891261860193e-11,2.1985560197009845e-11,2.1732341184185654e-11,2.149061880734948e-11,2.125980494034447e-11,2.103933909440303e-11,2.0828688330165722e-11,2.0627346841996112e-11,2.0434835300584054e-11,2.025070002156435e-11,2.0074512013820616e-11,1.990586594964308e-11,1.974437908921134e-11,1.9589690185077777e-11,1.944145838551841e-11,1.929936215212929e-11,1.916309820121695e-11,1.903238047840103e-11,1.890693916824835e-11,1.8786519764343654e-11,1.867088213394756e-11,1.855979968399173e-11,1.845305854419467e-11,1.8350456797442673e-11,1.825180375436823e-11,1.8156919270282797e-11,1.8065633102828342e-11,1.7977784308640974e-11,1.7893220676910588e-11,1.7811798198436366e-11,1.7733380567887818e-11,1.7657838717651847e-11,1.7585050381293656e-11,1.7514899684907968e-11,1.7447276764766093e-11,1.7382077409391976e-11,1.7319202724760592e-11,1.7258558820954413e-11,1.720005651894587e-11,1.7143611076189453e-11,1.7089141929778093e-11,1.7036572456133852e-11,1.698582974565804e-11,1.6936844392052377e-11,1.688955029470084e-11,1.6843884473594233e-11,1.6799786895892133e-11,1.6757200313145856e-11,1.6716070108761233e-11,1.667634415488564e-11,1.663797267792934e-11,1.6600908132466116e-11,1.6565105082697885e-11,1.6530520091114642e-11,1.649711161379756e-11,1.6464839901987013e-11,1.6433666909488807e-11,1.6403556205512885e-11,1.6374472892657897e-11,1.6346383529568663e-11,1.6319256058161795e-11,1.6293059734974852e-11,1.6267765066431797e-11,1.6243343747781737e-11,1.6219768605462234e-11,1.6197013542691096e-11,1.6175053488062992e-11,1.6153864346994123e-11,1.6133422955802113e-11,1.6113707038294948e-11,1.6094695164705246e-11,1.6076366712798365e-11,1.6058701831099136e-11,1.604168140401214e-11,1.6025287018796954e-11,1.6009500934261667e-11,1.599430605107328e-11,1.5979685883596668e-11,1.5965624533165327e-11,1.5952106662717346e-11,1.5939117472698135e-11,1.592664267817245e-11,1.591466848707082e-11,1.5903181579514878e-11,1.5892169088132386e-11,1.5881618579367952e-11,1.5871518035667462e-11,1.5861855838520098e-11,1.5852620752317092e-11,1.5843801908970235e-11,1.5835388793253364e-11,1.582737122882955e-11,1.5819739364921013e-11,1.5812483663606503e-11,1.5805594887677815e-11,1.5799064089076617e-11,1.579288259782451e-11,1.5787042011470607e-11,1.5781534184996158e-11,1.577635122119088e-11,1.577148546140436e-11,1.5766929476757132e-11,1.5762676059691763e-11,1.575871821591046e-11,1.5755049156653633e-11,1.575166229129966e-11,1.5748551220290095e-11,1.5745709728345834e-11,1.5743131777957605e-11,1.574081150317723e-11,1.5738743203619365e-11,1.573692133875048e-11,1.573534052238709e-11,1.5733995517429157e-11,1.5732881230796783e-11,1.5731992708575353e-11,1.5731325131349017e-11,1.5730873809723573e-11,1.5730634180022187e-11,1.5730601800149644e-11,1.573077234561748e-11,1.5731141605723143e-11,1.573170547988006e-11,1.5732459974062623e-11,1.5733401197430246e-11,1.5734525359047896e-11,1.5735828764731657e-11,1.5737307814016532e-11,1.573895899723495e-11,1.5740778892710283e-11,1.574276416404335e-11,1.5744911557507606e-11,1.5747217899516436e-11,1.574968009421026e-11,1.5752295121121276e-11,1.5755060032909995e-11,1.5757971953191308e-11,1.5761028074434614e-11,1.5764225655939574e-11,1.576756202188085e-11,1.5771034559420326e-11,1.5774640716883575e-11,1.5778378001997166e-11,1.5782243980203386e-11,1.578623627300151e-11,1.5790352556363435e-11,1.579459055920513e-11,1.5798948061903564e-11,1.5803422894857623e-11,1.5808012937107052e-11,1.581271611501266e-11,1.5817530400880213e-11,1.5822453811824147e-11,1.582748440845162e-11,1.5832620293764062e-11,1.58378596119526e-11,1.5843200547348432e-11,1.5848641323332274e-11,1.5854180201302737e-11,1.5859815479677973e-11,1.5865545492931796e-11,1.587136861065539e-11,1.58772832366314e-11,1.5883287807957415e-11,1.5889380794237428e-11,1.58955606966716e-11,1.5901826047304464e-11,1.590817540823952e-11,1.5914607370869575e-11,1.5921120555172577e-11,1.5927713608936396e-11,1.593438520715089e-11,1.5941134051274688e-11,1.594795886865419e-11,1.5954858411755064e-11,1.5961831457675e-11,1.596887680755708e-11,1.5975993285941187e-11,1.598317974017296e-11,1.5990435039955296e-11,1.5997758076817347e-11,1.600514776347439e-11,1.6012603033446087e-11,1.6020122840539204e-11,1.602770615833782e-11,1.603535197977169e-11,1.6043059316680497e-11,1.60508271993892e-11,1.6058654676235327e-11,1.6066540813183384e-11,1.6074484693420463e-11,1.6082485416974245e-11,1.609054210033284e-11,1.6098653876067616e-11,1.610681989247694e-11,1.611503931324923e-11,1.612331131711284e-11,1.6131635097458307e-11,1.6140009862115782e-11,1.614843483294278e-11,1.615690924558549e-11,1.6165432349132335e-11,1.6174003405882865e-11,1.6182621690989025e-11,1.619128649222947e-11,1.6199997109722563e-11,1.620875285567764e-11,1.621755305412492e-11,1.6226397040685825e-11,1.6235284162297245e-11,1.6244213777009374e-11,1.6253185253735942e-11,1.6262197972017158e-11,1.6271251321833753e-11,1.6280344703387456e-11,1.6289477526827036e-11,1.629864921216724e-11,1.6307859188922922e-11,1.6317106896160598e-11,1.6326391782030472e-11,1.6335713303752346e-11,1.6345070927379257e-11,1.6354464127646756e-11,1.6363892387788107e-11,1.6373355199367623e-11,1.6382852062116127e-11,1.639238248377085e-11,1.640194597991082e-11,1.641154207376873e-11,1.6421170296265987e-11,1.6430830185568974e-11,1.6440521287201103e-11,1.645024315374976e-11,1.645999534480415e-11,1.646977742680937e-11,1.647958897293136e-11,1.6489429562949184e-11,1.6499298783025088e-11,1.6509196225755533e-11,1.6519121489951e-11,1.652907418052218e-11,1.6539053908378262e-11,1.6549060290320605e-11,1.6559092948914746e-11,1.6569151512443316e-11,1.6579235614724433e-11,1.658934489503016e-11,1.6599478998033374e-11,1.660963757365867e-11,1.6619820277014007e-11,1.6630026768295793e-11,1.6640256712673098e-11,1.6650509780249627e-11,1.666078564591543e-11,1.6671083989327762e-11,1.6681404494716753e-11,1.66917468509578e-11,1.670211075135709e-11,1.671249589367144e-11,1.6722901979961885e-11,1.6733328716503642e-11,1.674377581381195e-11,1.675424298645028e-11,1.6764729953149106e-11,1.6775236436451803e-11,1.678576216288333e-11,1.679630686279197e-11,1.6806870270270474e-11,1.6817452123136774e-11,1.6828052162845268e-11,1.6838670134427646e-11,1.6849305786425367e-11,1.6859958870928646e-11,1.6870629143247927e-11,1.6881316362256697e-11,1.6892020289983016e-11,1.6902740691677933e-11,1.6913477335860926e-11,1.6924229994146893e-11,1.69349984412202e-11,1.6945782454835087e-11,1.6956581815727285e-11,1.696739630744919e-11,1.697822571657142e-11,1.6989069832469495e-11,1.699992844731134e-11,1.7010801355976096e-11,1.7021688356095927e-11,1.70325892479567e-11,1.7043503834446954e-11,1.7054431921039712e-11,1.7065373315754634e-11,1.7076327829100383e-11,1.7087295274076898e-11,1.7098275466028136e-11,1.7109268222717527e-11,1.7120273364295383e-11,1.7131290713177816e-11,1.7142320094078456e-11,1.7153361333927303e-11,1.7164414261875566e-11,1.7175478709231374e-11,1.7186554509451297e-11,1.7197641498094084e-11,1.7208739512784487e-11,1.7219848393207677e-11,1.723096798103682e-11,1.7242098119945525e-11,1.7253238655534403e-11,1.726438943534921e-11,1.7275550308817433e-11,1.7286721127233623e-11,1.72979017437291e-11,1.7309092013237816e-11,1.732029179250061e-11,1.73315009399917e-11,1.7342719315955688e-11,1.7353946782243057e-11,1.7365183202499632e-11,1.7376428441956354e-11,1.7387682367546565e-11,1.73989448477372e-11,1.7410215752605753e-11,1.742149495380809e-11,1.7432782324557618e-11,1.744407773954213e-11,1.7455381074969834e-11,1.746669220851544e-11,1.7478011019308877e-11,1.7489337387822982e-11,1.7500671196223333e-11,1.7512012327813655e-11,1.7523360667329066e-11,1.7534716100873718e-11,1.7546078515881792e-11,1.7557447801118583e-11,1.756882384663705e-11,1.7580206543775854e-11,1.75915957851379e-11,1.7602991464560226e-11,1.7614393477134373e-11,1.76258017191367e-11,1.76372160880995e-11,1.7648636482597312e-11,1.7660062802538156e-11,1.767149494881519e-11,1.7682932823567555e-11,1.7694376330001087e-11,1.7705825372467513e-11,1.7717279856385786e-11,1.7728739688188765e-11,1.774020477543349e-11,1.7751675026701304e-11,1.7763150351525796e-11,1.7774630660689206e-11,1.7786115865727423e-11,1.7797605879200864e-11,1.7809100614851878e-11,1.7820599987163013e-11,1.7832103911633476e-11,1.7843612304708853e-11,1.785512508376129e-11,1.7866642167086163e-11,1.7878163473851138e-11,1.788968892416505e-11,1.7901218438940878e-11,1.7912751940016692e-11,1.7924289350078835e-11,1.7935830592663802e-11,1.794737559210526e-11,1.795892427359625e-11,1.797047656313346e-11,1.798203238751889e-11,1.7993591674338925e-11,1.800515435196299e-11,1.8016720349548157e-11,1.8028289597024117e-11,1.8039862025024848e-11,1.8051437564957845e-11,1.8063016148971603e-11,1.8074597709940284e-11,1.8086182181426608e-11,1.809776949774922e-11,1.8109359593880697e-11,1.8120952405501628e-11,1.813254786898923e-11,1.814414592136401e-11,1.8155746500318816e-11,1.8167349544220612e-11,1.8178954992068957e-11,1.8190562783523563e-11,1.8202172858753566e-11,1.8213785158844855e-11,1.8225399625252643e-11,1.8237016200098024e-11,1.8248634826068347e-11,1.8260255446576898e-11,1.8271878005511508e-11,1.8283502447357395e-11,1.8295128717254635e-11,1.8306756760729657e-11,1.8318386524042044e-11,1.8330017953947915e-11,1.8341650997753715e-11,1.8353285603305934e-11,1.8364921718970527e-11,1.837655929367192e-11,1.838819827683876e-11,1.8399838618414174e-11,1.8411480268847095e-11,1.8423123179098577e-11,1.8434767300637724e-11,1.844641258541119e-11,1.845805898584511e-11,1.8469706454864344e-11,1.848135494585652e-11,1.8493004412692758e-11,1.850465480966855e-11,1.8516306091634856e-11,1.8527958213775873e-11,1.853961113180818e-11,1.855126480185039e-11,1.8562919180483313e-11,1.8574574224703294e-11,1.8586229891945612e-11,1.8597886140056247e-11,1.8609542927314375e-11,1.8621200212429633e-11,1.8632857954493163e-11,1.8644516112960375e-11,1.8656174647764225e-11,1.8667833519201843e-11,1.867949268796704e-11,1.8691152115136893e-11,1.8702811762171355e-11,1.8714471590925456e-11,1.8726131563590026e-11,1.8737791642752393e-11,1.874945179136066e-11,1.8761111972723856e-11,1.877277215051364e-11,1.8784432288738202e-11,1.8796092351791858e-11,1.8807752304394877e-11,1.8819412111571998e-11,1.8831071738742813e-11,1.8842731151651002e-11,1.88543903163573e-11,1.88660491992535e-11,1.887770776703322e-11,1.8889365986854418e-11,1.8901023825885454e-11,1.891268125195433e-11,1.8924338232926016e-11,1.8935994737144012e-11,1.8947650733193072e-11,1.8959306189924082e-11,1.8970961076577737e-11,1.898261536265229e-11,1.8994269017884135e-11,1.9005922012350743e-11,1.9017574316381405e-11,1.9029225900630658e-11,1.9040876735985774e-11,1.90525267936341e-11,1.9064176045068597e-11,1.9075824462024012e-11,1.908747201643204e-11,1.90991186805493e-11,1.911076442695527e-11,1.9122409228405436e-11,1.9134053057943397e-11,1.9145695888841195e-11,1.9157337694668853e-11,1.9168978449175983e-11,1.9180618126442618e-11,1.919225670074343e-11,1.920389414659817e-11,1.921553043874203e-11,1.92271655522212e-11,1.9238799462223157e-11,1.9250432144213164e-11,1.9262063573900706e-11,1.9273693727205183e-11,1.928532258025995e-11,1.929695010940899e-11,1.9308576291282723e-11,1.9320201102599106e-11,1.9331824520417214e-11,1.9343446521965956e-11,1.935506708468759e-11,1.9366686186231504e-11,1.937830380444976e-11,1.938991991739462e-11,1.9401534503335108e-11,1.941314754073208e-11,1.9424759008250387e-11,1.943636888473453e-11,1.944797714924831e-11,1.9459583781064054e-11,1.9471188759588414e-11,1.9482792064442294e-11,1.9494393675421626e-11,1.950599357254085e-11,1.9517591735987016e-11,1.9529188146116036e-11,1.9540782783475068e-11,1.9552375628783993e-11,1.9563966662955657e-11,1.957555586704807e-11,1.9587143222281408e-11,1.9598728710102753e-11,1.961031231205838e-11,1.9621894009991677e-11,1.9633473785692224e-11,1.9645051621369346e-11,1.965662749911776e-11,1.9668201401467154e-11,1.9679773310879042e-11,1.9691343210259287e-11,1.9702911082361444e-11,1.9714476910277414e-11,1.972604067714776e-11,1.9737602366333248e-11,1.9749161961373707e-11,1.976071944585474e-11,1.9772274803591435e-11,1.9783828018534547e-11,1.9795379074770197e-11,1.980692795651287e-11,1.9818474648134746e-11,1.9830019134105606e-11,1.98415613991845e-11,1.98531014281215e-11,1.986463920584137e-11,1.987617471740243e-11,1.9887707948000422e-11,1.9899238882981412e-11,1.991076750769604e-11,1.9922293807956124e-11,1.9933817769405684e-11,1.9945339377851962e-11,1.9956858619304823e-11,1.9968375479856694e-11,1.9979889945749262e-11,1.999140200324515e-11,2.0002911639044204e-11,2.001441883967601e-11,2.002592359176536e-11,2.0037425882221446e-11,2.0048925698025492e-11,2.0060423026167595e-11,2.007191785390976e-11,2.0083410168539614e-11,2.0094899957480645e-11,2.0106387208249916e-11,2.0117871908540705e-11,2.012935404608768e-11,2.014083360875908e-11,2.0152310584523566e-11,2.0163784961453137e-11,2.0175256727788842e-11,2.0186725871786014e-11,2.019819238188544e-11,2.0209656246609698e-11,2.022111745447942e-11,2.0232575994264935e-11,2.0244031854745473e-11,2.025548502489694e-11,2.0266935493720852e-11,2.027838325027764e-11,2.0289828283825746e-11,2.0301270583633502e-11,2.0312710139193494e-11,2.032414693990551e-11,2.0335580975369336e-11,2.034701223528266e-11,2.035844070945423e-11,2.0369866387782362e-11,2.0381289260138925e-11,2.0392709316602853e-11,2.040412654729427e-11,2.0415540942503897e-11,2.0426952492573695e-11,2.0438361187896787e-11,2.0449767018888423e-11,2.0461169976138424e-11,2.047257005034857e-11,2.0483967232250372e-11,2.0495361512702946e-11,2.050675288249914e-11,2.0518141332778415e-11,2.0529526854557596e-11,2.0540909438985005e-11,2.0552289077317983e-11,2.0563665760865253e-11,2.0575039480999022e-11,2.058641022927078e-11,2.05977779970778e-11,2.060914277611807e-11,2.0620504558118397e-11,2.0631863334822346e-11,2.0643219098123586e-11,2.0654571839904922e-11,2.0665921552144932e-11,2.067726822694292e-11,2.0688611856430612e-11,2.0699952432828316e-11,2.0711289948368327e-11,2.0722624395480337e-11,2.073395576657996e-11,2.0745284054072966e-11,2.0756609250673506e-11,2.0767931348840144e-11,2.077925034137144e-11,2.0790566221040002e-11,2.080187898059165e-11,2.0813188612969245e-11,2.082449511112166e-11,2.0835798468080752e-11,2.0847098676992388e-11,2.0858395730922045e-11,2.0869689623048418e-11,2.0880980346697994e-11,2.089226789520867e-11,2.0903552261977754e-11,2.0914833440466516e-11,2.092611142417791e-11,2.0937386206715367e-11,2.0948657781711757e-11,2.0959926142867253e-11,2.0971191283903258e-11,2.0982453198655524e-11,2.0993711881009853e-11,2.100496732494481e-11,2.1016219524315485e-11,2.1027468473168794e-11,2.1038714165714563e-11,2.1049956596021812e-11,2.1061195758336798e-11,2.1072431646896455e-11,2.1083664256005765e-11,2.109489358002289e-11,2.1106119613441806e-11,2.111734235064581e-11,2.112856178601821e-11,2.1139777914461846e-11,2.115099073042765e-11,2.1162200228612583e-11,2.117340640371877e-11,2.1184609250558148e-11,2.1195808763970803e-11,2.120700493875548e-11,2.1218197769895733e-11,2.1229387252318766e-11,2.124057338107725e-11,2.1251756151221996e-11,2.1262935557871466e-11,2.1274111596181346e-11,2.1285284261358852e-11,2.1296453548664303e-11,2.13076194533941e-11,2.1318781970891e-11,2.1329941096538673e-11,2.1341096825766063e-11,2.135224915406358e-11,2.1363398076950093e-11,2.1374543589983623e-11,2.138568568876722e-11,2.1396824368978934e-11,2.1407959626287298e-11,2.1419091456328148e-11,2.1430219855067967e-11,2.1441344818241278e-11,2.145246634173425e-11,2.1463584421479833e-11,2.147469905326929e-11,2.1485810233176292e-11,2.149691795719459e-11,2.15080222214171e-11,2.1519123021922378e-11,2.1530220354853452e-11,2.1541314216388774e-11,2.155240460270628e-11,2.156349151011875e-11,2.157457493495992e-11,2.158565487343223e-11,2.159673132198924e-11,2.1607804277013794e-11,2.1618873734892286e-11,2.1629939692118492e-11,2.1641002145240097e-11,2.1652061090779542e-11,2.166311652532355e-11,2.167416844548962e-11,2.168521684792724e-11,2.169626172932627e-11,2.1707303086400352e-11,2.1718340915908934e-11,2.1729375214652422e-11,2.174040597942057e-11,2.1751433207070917e-11,2.1762456894512304e-11,2.1773477038747376e-11,2.1784493636563112e-11,2.1795506685016498e-11,2.1806516181125282e-11,2.18175221220096e-11,2.1828524504640834e-11,2.183952332616377e-11,2.1850518583744944e-11,2.1861510274528203e-11,2.187249839574585e-11,2.188348294464207e-11,2.1894463918430763e-11,2.1905441314428528e-11,2.1916415129942005e-11,2.192738536238012e-11,2.193831827009157e-11,2.1949281337583947e-11,2.1960240814451496e-11,2.1971196698015647e-11,2.198214898572078e-11,2.1993097675082387e-11,2.200404276360546e-11,2.2014984248932546e-11,2.2025922128674182e-11,2.2036856400449712e-11,2.2047787061843967e-11,2.205871411060232e-11,2.2069637544447373e-11,2.2080557361113314e-11,2.2091473558373934e-11,2.2102386134021907e-11,2.2113295085882716e-11,2.2124200411800108e-11,2.2135102109497536e-11,2.2146000177190447e-11,2.2156894612597972e-11,2.2167785413694263e-11,2.2178672578450905e-11,2.2189556104865604e-11,2.2200435990957757e-11,2.2211312234772797e-11,2.2222184834384628e-11,2.2233053787877893e-11,2.2243919093372657e-11,2.2254780749000684e-11,2.2265638752932774e-11,2.227649310332907e-11,2.2287343798487015e-11,2.2298190836527184e-11,2.2309034215743696e-11,2.2319873934420415e-11,2.2330709990852893e-11,2.2341542383359914e-11,2.2352371110285126e-11,2.2363196170072984e-11,2.2374017560952663e-11,2.238483528137007e-11,2.2395649329825264e-11,2.2406459704721087e-11,2.241726640456114e-11,2.2428069427811748e-11,2.2438868772983918e-11,2.244966443862346e-11,2.2460456423278576e-11,2.2471244725594214e-11,2.2482029344014976e-11,2.2492810277233267e-11,2.2503587523854968e-11,2.2514361082580803e-11,2.2525130952048342e-11,2.2535897130962563e-11,2.254665961801032e-11,2.2557418411958243e-11,2.2568173511541956e-11,2.2578924915580985e-11,2.258967262267868e-11,2.2600416631845245e-11,2.261115694181284e-11,2.2621893551447638e-11,2.263262645957694e-11,2.2643355665141653e-11,2.265408116695789e-11,2.266480296398494e-11,2.26755210551285e-11,2.2686235439325423e-11,2.2696946115588756e-11,2.2707653082813252e-11,2.2718356340110383e-11,2.272905588646343e-11,2.273975172081662e-11,2.275044384236426e-11,2.276113225009648e-11,2.277181694314497e-11,2.2782497920529604e-11,2.279317518140715e-11,2.2803848724960543e-11,2.2814518550222957e-11,2.2825184656465884e-11,2.2835847042796618e-11,2.284650570845806e-11,2.2857160652631872e-11,2.2867811874443558e-11,2.287845937335206e-11,2.2889103148493758e-11,2.2899743199114022e-11,2.291037952453263e-11,2.292101212409944e-11,2.293164099707337e-11,2.29422661427974e-11,2.2952887560556886e-11,2.296350524984434e-11,2.2974119209881602e-11,2.2984729440142423e-11,2.2995335940021878e-11,2.3005938708939685e-11,2.3016537746325203e-11,2.3027133051626616e-11,2.3037724624295923e-11,2.304831246380703e-11,2.305889656965117e-11,2.3069476941308937e-11,2.308005357831508e-11,2.3090626480191597e-11,2.3101195646462943e-11,2.3111761076708678e-11,2.3122322770469258e-11,2.3132880727365494e-11,2.314343494691093e-11,2.3153985428761657e-11,2.3164532172524423e-11,2.3175075177816546e-11,2.318561444429842e-11,2.3196149971621794e-11,2.3206681759431244e-11,2.3217209807431833e-11,2.3227734115304296e-11,2.323825468273944e-11,2.3248771509464173e-11,2.3259284595143173e-11,2.3269793939629824e-11,2.3280299542612905e-11,2.3290801403869737e-11,2.3301299523147503e-11,2.3311793900241698e-11,2.3322284534945392e-11,2.3332771427066124e-11,2.3343254576355283e-11,2.335373398278388e-11,2.3364209646107898e-11,2.337468156617494e-11,2.3385149742868442e-11,2.339561417605037e-11,2.3406074865596808e-11,2.341653181142567e-11,2.342698501342173e-11,2.3437434471539708e-11,2.344788018563412e-11,2.345832215562434e-11,2.3468760381561268e-11,2.3479194863352438e-11,2.348962560098219e-11,2.3500052594366012e-11,2.3510475843541228e-11,2.352089534848617e-11,2.353131110922393e-11,2.354172312579649e-11,2.3552131398159922e-11,2.356253592636716e-11,2.3572936710483478e-11,2.3583333750579622e-11,2.3593727046687394e-11,2.3604116598761994e-11,2.3614502407156215e-11,2.3567669454683267e-11,2.3527973328722843e-11,2.350420348300331e-11,2.349852877798047e-11,2.3512343275860944e-11,2.354678677730409e-11,2.3602790172271978e-11,2.3681083212498923e-11,2.3782201955880237e-11,2.3906498540779e-11,2.4054153025001915e-11,2.4225186791273746e-11,2.4419477026766986e-11,2.463677182227574e-11,2.4876705488031534e-11,2.5138813736283412e-11,2.542254844249482e-11,2.5727291750755652e-11,2.6052369349713866e-11,2.639706278800682e-11,2.6760620750911002e-11,2.7142269253234938e-11,2.7541220740149657e-11,2.7956682110256807e-11,2.8387861699828093e-11,2.8833975278593286e-11,2.929425112738665e-11,2.9767934256827664e-11,3.0254289855500317e-11,3.075260603511752e-11,3.126219595141184e-11,3.1782399371439374e-11,3.231258375980137e-11,3.285214494886269e-11,3.3400507446578655e-11,3.3957124444307664e-11,3.452147757015582e-11,3.509307643580349e-11,3.5671458010159736e-11,3.625618585984565e-11,3.684684928549146e-11,3.744306237883661e-11,3.804446302427175e-11,3.865071186371025e-11,3.926149124165452e-11,3.9876504142348194e-11,4.0495473131736493e-11,4.1118139314363194e-11,4.1744261308723224e-11,4.2373614250892e-11,4.300598882953232e-11,4.364119035457363e-11,4.4279037865001334e-11,4.4919363269804614e-11,4.5562010537160413e-11,4.620683491645049e-11,4.685370220021578e-11,4.750248803057529e-11,4.815307723985311e-11,4.880536323085038e-11,4.945924738990965e-11,5.0114638540006313e-11,5.077145242535877e-11,5.142961122608462e-11,5.208904310716644e-11,5.2749681793640787e-11,5.34114661762789e-11,5.407433993946273e-11,5.47382512181379e-11,5.540315227556172e-11,5.606899920365844e-11,5.6735751643853774e-11,5.740337252652035e-11,5.8071827830434865e-11,5.874108635592704e-11,5.941111951943064e-11,6.008190115642358e-11,6.075340734252306e-11,6.142561622643462e-11,6.209850787394681e-11,6.277206412523133e-11,6.344626845999978e-11,6.412110587295472e-11,6.479656276262646e-11,6.547262682192194e-11,6.614928694080226e-11,6.682653311549293e-11,6.750435636082784e-11,6.81827486369126e-11,6.88617027743713e-11,6.954121240567936e-11,7.022127190631424e-11,7.090187633577164e-11,7.15830213845264e-11,7.226470332562409e-11,7.294691896659714e-11,7.362966561176992e-11,7.431294102073289e-11,7.49967433732078e-11,7.568107123586596e-11,7.63659235308784e-11,7.705129950950925e-11,7.773719872365352e-11,7.842362100301068e-11,7.911056643308618e-11,7.979803533333446e-11,8.048602823898893e-11,8.117454588318831e-11,8.186358918085489e-11,8.255315921312947e-11,8.324325721579735e-11,8.3933884562228e-11,8.462504275562356e-11,8.531673341402219e-11,8.600895826683967e-11,8.670171914265328e-11,8.739501795492976e-11,8.8088856699535e-11,8.878323744741755e-11,8.947816233421846e-11,9.017363356842684e-11,9.086965340023725e-11,9.156622413701707e-11,9.226334813086843e-11,9.296102777332458e-11,9.365926549908843e-11,9.435806377099189e-11,9.505742507675966e-11,9.575735193989204e-11,9.645784690542379e-11,9.71589125366691e-11,9.786055141532148e-11,9.856276614039249e-11,9.926555932075466e-11,9.996893358425889e-11,1.0067289156360098e-10,1.0137743590195927e-10,1.0208256924758767e-10,1.0278829425738327e-10,1.0349461358732242e-10,1.042015298990605e-10,1.0490904586170761e-10,1.056171641351137e-10,1.0632588738494917e-10,1.0703521827621857e-10,1.0774515947041338e-10,1.0845571362686119e-10,1.0916688340308674e-10,1.098786714530464e-10,1.1059108042498739e-10,1.1130411296338653e-10,1.1201777170691919e-10,1.1273205929077773e-10,1.1344697834067958e-10,1.141625314807488e-10,1.1487872132563372e-10,1.1559555048321843e-10,1.1631302155652442e-10,1.17031137137921e-10,1.1774989980864304e-10,1.1846931215099326e-10,1.1918937673556863e-10,1.1991009612360646e-10,1.2063147287140396e-10,1.2135350952197514e-10,1.2207620861298864e-10,1.227995726737961e-10,1.2352360422306953e-10,1.2424830577238182e-10,1.2497367982376365e-10,1.25699728870526e-10,1.264264553969823e-10,1.271538618761676e-10,1.278819507779431e-10,1.2861072455737137e-10,1.293401856623508e-10,1.3007033653090758e-10,1.3080117959416354e-10,1.3153271727072708e-10,1.3226495197280585e-10,1.3299788610133827e-10,1.3373152204867317e-10,1.3446586220066205e-10,1.352009089276918e-10,1.359366645948687e-10,1.366731315604548e-10,1.3741031216984822e-10,1.3814820876025972e-10,1.3888682365988944e-10,1.3962615918758634e-10,1.403662176535079e-10,1.411070013576006e-10,1.4184851259308243e-10,1.4259075363945346e-10,1.4333372677155794e-10,1.4407743425368837e-10,1.4482187834104128e-10,1.4556706127931687e-10,1.4631298530692707e-10,1.470596526515242e-10,1.4780706553236004e-10,1.4855522615454908e-10,1.493041367305632e-10,1.5005379944787176e-10,1.5080421648989554e-10,1.5155539003224064e-10,1.5230732224085404e-10,1.530600152717161e-10,1.538134712751587e-10,1.5456769239101947e-10,1.5532268075089304e-10,1.5607843848044944e-10,1.5683496769141884e-10,1.5759227048946603e-10,1.5835034897170894e-10,1.5910920522668867e-10,1.5986884133453232e-10,1.606292593669377e-10,1.6139046138751284e-10,1.6215244945565884e-10,1.6291522560769945e-10,1.6367879188611928e-10,1.6444315032147516e-10,1.6520830293569606e-10,1.6597425174162444e-10,1.6674099874457464e-10,1.6750854594133084e-10,1.682768953202682e-10,1.6904604886197663e-10,1.6981600853871338e-10,1.7058677631603157e-10,1.7135835414814586e-10,1.7213074398379444e-10,1.7290394776302144e-10,1.7367796741971458e-10,1.7445280487674377e-10,1.7522846205098925e-10,1.7600494085078108e-10,1.7678224317672734e-10,1.7756037092221777e-10,1.7833932597185235e-10,1.7911911020138784e-10,1.798997254835647e-10,1.8068117367839198e-10,1.814634566403431e-10,1.8224657621565057e-10,1.8303053424250482e-10,1.838153325539872e-10,1.8460097297320452e-10,1.8538745731366194e-10,1.861747873855082e-10,1.86962964990809e-10,1.8775199192120754e-10,1.8854186996366698e-10,1.893326008990746e-10,1.9012418649635855e-10,1.9091662851782017e-10,1.9170992872054567e-10,1.9250408885730543e-10,1.9329911066718616e-10,1.9409499588260618e-10,1.948917462334296e-10,1.9568936343998908e-10,1.964878492114887e-10,1.972872052598318e-10,1.980874332809642e-10,1.9888853496607103e-10,1.9969051200020565e-10,2.004933660520857e-10,2.0129709880621343e-10,2.0210171192177447e-10,2.0290720705744182e-10,2.0371358585302637e-10,2.0452084995696572e-10,2.0532900100369552e-10,2.061380406190917e-10,2.069479704288444e-10,2.0775879204654185e-10,2.0857050707969174e-10,2.0938311713046612e-10,2.1019662379177687e-10,2.1101102865096212e-10,2.1182633328945345e-10,2.126425392814024e-10,2.1345964819393186e-10,2.1427766159100302e-10,2.1509658102079625e-10,2.1591640803328752e-10,2.1673714416980366e-10,2.1755879096461417e-10,2.183813499468968e-10,2.1920482263453788e-10,2.2002921054375928e-10,2.2085451518279828e-10,2.2168073805339966e-10,2.2250788065012902e-10,2.233359444630265e-10,2.241649309741216e-10,2.2499484165904665e-10,2.2582567798829721e-10,2.2665744142295333e-10,2.2749013342306284e-10,2.2832375544089497e-10,2.291583089137187e-10,2.2999379528579842e-10,2.308302159850535e-10,2.316675724394066e-10,2.3250586606953488e-10,2.3334509828625844e-10,2.341852704967768e-10,2.350263841028412e-10,2.3586844049982876e-10,2.367114410763276e-10,2.3755538721510244e-10,2.3840028029474284e-10,2.3924612168122977e-10,2.4009291274454043e-10,2.409406548393979e-10,2.4178934932004813e-10,2.4263899753327575e-10,2.4348960081995786e-10,2.443411605145233e-10,2.451936779474391e-10,2.460471544391551e-10,2.4690159130820294e-10,2.4775698987580556e-10,2.4861335142399904e-10,2.494706772708375e-10,2.503289687058929e-10,2.5118822701763485e-10,2.5204845348784163e-10,2.5290964939431974e-10,2.5377181600425016e-10,2.546349545899146e-10,2.554990664074921e-10,2.563641527110958e-10,2.57230214749286e-10,2.580972537635241e-10,2.589652709938429e-10,2.5983426767004487e-10,2.607042450184534e-10,2.6157520425971883e-10,2.624471466149359e-10,2.633200732789104e-10,2.6419398546497705e-10,2.65068884372203e-10,2.6594477120110757e-10,2.66821647124359e-10,2.6769951332779807e-10,2.6857837100308387e-10,2.6945822129709256e-10,2.7033906538875787e-10,2.7122090443806743e-10,2.7210373960129236e-10,2.729875720272137e-10,2.7387240286195987e-10,2.7475823324323514e-10,2.756450643078847e-10,2.765328971819023e-10,2.7742173298955364e-10,2.783115728507398e-10,2.7920241787631733e-10,2.8009426917759254e-10,2.8098712785632175e-10,2.8188099500991014e-10,2.8277587173109183e-10,2.836717591078525e-10,2.8456865822253e-10,2.8546657015231153e-10,2.8636549596913045e-10,2.87265436740474e-10,2.881663935280915e-10,2.890683673899162e-10,2.899713593776653e-10,2.908753705369887e-10,2.91780401913244e-10,2.926864545418118e-10,2.9359352945522446e-10,2.9450162768059455e-10,2.954107502442309e-10,2.963208981605583e-10,2.9723207243738723e-10,2.981442740857421e-10,2.9905750411037035e-10,2.999717635080057e-10,3.0088705327233573e-10,3.018033743934593e-10,3.0272072785578367e-10,3.036391146298315e-10,3.0455853569419584e-10,3.0547899202610163e-10,3.0640048458320373e-10,3.0732301431948287e-10,3.08246582196391e-10,3.091711891635554e-10,3.100968361672065e-10,3.110235241457698e-10,3.119512540404827e-10,3.1288002678062917e-10,3.1380984329509665e-10,3.1474070450399617e-10,3.156726113251804e-10,3.166055646710968e-10,3.1753956545443033e-10,3.184746145741662e-10,3.194107129358133e-10,3.203478614394938e-10,3.21286060960726e-10,3.2222531239191374e-10,3.2316561661404045e-10,3.2410697450938527e-10,3.2504938694720677e-10,3.259928547960173e-10,3.2693737891932624e-10,3.278829601770675e-10,3.2882959942432326e-10,3.2977729751102666e-10,3.3072605528419006e-10,3.3167587358527984e-10,3.326267532514098e-10,3.3357869511576897e-10,3.345317000074294e-10,3.3548576874891716e-10,3.36440902164787e-10,3.373971010681625e-10,3.383543662689392e-10,3.3931269857804646e-10,3.4027209879721327e-10,3.4123256772094954e-10,3.421941061527683e-10,3.431567148783769e-10,3.4412039468245255e-10,3.4508514634951847e-10,3.4605097065689916e-10,3.470178683773249e-10,3.479858402803718e-10,3.4895488713205825e-10,3.499250096937259e-10,3.508962087220657e-10,3.518684849773755e-10,3.5284183919388827e-10,3.538162721237589e-10,3.547917845079875e-10,3.5576837708179983e-10,3.567460505785696e-10,3.5772480572859504e-10,3.5870464325462846e-10,3.5968556387815534e-10,3.60667568315736e-10,3.616506572791289e-10,3.626348314888669e-10,3.6362009162587433e-10,3.6460643840237215e-10,3.6559387251752435e-10,3.665823946611248e-10,3.675720055229934e-10,3.685627057876027e-10,3.6955449613710616e-10,3.70547377228789e-10,3.715413497743826e-10,3.7253641442449673e-10,3.7353257184368237e-10,3.745298226950906e-10,3.7552816763461315e-10,3.765276073054628e-10,3.7752814238179986e-10,3.785297734980367e-10,3.7953250129636925e-10,3.8053632641488616e-10,3.8154124949086733e-10,3.8254727115452093e-10,3.8355439203298945e-10,3.845626127503587e-10,3.855719339275065e-10,3.865823561802117e-10,3.875938801223959e-10,3.8860650636031584e-10,3.896202355004796e-10,3.906350681451132e-10,3.9165100489198114e-10,3.9266804633239283e-10,3.936861930627037e-10,3.947054456695251e-10,3.9572580473237545e-10,3.967472708385975e-10,3.977698445512623e-10,3.987935264503282e-10,3.998183171037859e-10,4.0084421707582985e-10,4.018712269339514e-10,4.028993472304603e-10,4.0392857852768014e-10,4.0495892136748575e-10,4.0599037630021675e-10,4.0702294387131644e-10,4.080566246214654e-10,4.0909141909163254e-10,4.101273278165677e-10,4.1116435131273304e-10,4.122024901157041e-10,4.1324174474916237e-10,4.1428211573177815e-10,4.153236035801502e-10,4.163662087995905e-10,4.1740993191695727e-10,4.184547734272256e-10,4.195007338365976e-10,4.205478136425849e-10,4.215960133457593e-10,4.22645333432321e-10,4.2369577439084067e-10,4.247473367116878e-10,4.258000208764705e-10,4.2685382736433315e-10,4.2790875665041367e-10,4.2896480920609816e-10,4.3002198550176676e-10,4.310802860053257e-10,4.321397111797815e-10,4.3320026147884837e-10,4.34261937365293e-10,4.353247392806533e-10,4.3638866768171084e-10,4.3745372302083976e-10,4.385199057357406e-10,4.3958721626618556e-10,4.4065565505215507e-10,4.417252225233368e-10,4.4279591910750126e-10,4.4386774523756614e-10,4.449407013308513e-10,4.4601478781133064e-10,4.4709000509982796e-10,4.48166353605898e-10,4.49243833740215e-10,4.503224459123875e-10,4.514021905277101e-10,4.524830679877235e-10,4.5356507869131333e-10,4.546482230333815e-10,4.557325014072297e-10,4.568179142017697e-10,4.5790446180169926e-10,4.5899214459380006e-10,4.600809629541494e-10,4.6117091725645525e-10,4.62262007872425e-10,4.633542351910977e-10,4.6444759957012824e-10,4.6554210137371784e-10,4.666377409632641e-10,4.677345186955051e-10,4.688324349311174e-10,4.699314900202617e-10,4.710316843128406e-10,4.721330181514682e-10,4.732354918889356e-10,4.743391058610352e-10,4.75443860406238e-10,4.765497558586899e-10,4.776567925516621e-10,4.787649708102336e-10,4.79874290968591e-10,4.809847533417609e-10,4.820963582534984e-10,4.832091060275984e-10,4.84322996966196e-10,4.854380313915363e-10,4.865542096032299e-10,4.876715319120199e-10,4.88789998620671e-10,4.899096100295289e-10,4.91030366437613e-10,4.921522681308475e-10,4.932753154137323e-10,4.943995085684814e-10,4.955248478863079e-10,4.966513336391517e-10,4.977789661090561e-10,4.989077455826637e-10,5.000376723272623e-10,5.011687466244324e-10,5.023009687372985e-10,5.034343389200355e-10,5.045688574649251e-10,5.057045246080524e-10,5.068413406148483e-10,5.079793057461965e-10,5.091184202453311e-10,5.102586843660975e-10,5.114000983564299e-10,5.125426624482059e-10,5.136863769074032e-10,5.14831241961469e-10,5.159772578464238e-10,5.171244247952611e-10,5.182727430405247e-10,5.194222128126598e-10,5.205728343303133e-10,5.217246078208981e-10,5.22877533504448e-10,5.240316115987693e-10,5.251868423172408e-10,5.263432258752591e-10,5.275007624813362e-10,5.286594523420857e-10,5.298192956649149e-10,5.309802926475593e-10,5.321424434898601e-10,5.333057483913501e-10,5.344702075449435e-10,5.356358211440849e-10,5.368025893777003e-10,5.379705124300378e-10,5.391395904841159e-10,5.403098237206855e-10,5.414812123198401e-10,5.426537564489097e-10,5.438274563004682e-10,5.450023120353068e-10,5.461783238247216e-10,5.473554918334274e-10,5.485338162229263e-10,5.497132971568222e-10,5.508939347937637e-10,5.52075729292114e-10,5.532586808006469e-10,5.544427894746005e-10,5.55628055462073e-10,5.568144789059713e-10,5.580020599550168e-10,5.59190798748067e-10,5.603806954241389e-10,5.615717501196828e-10,5.62763962968546e-10,5.639573341027978e-10,5.651518636505262e-10,5.663475517400975e-10,5.675443984952727e-10,5.687424040356937e-10,5.699415684853671e-10,5.711418919592792e-10,5.723433745722668e-10,5.735460164368452e-10,5.747498176629976e-10,5.759547783582728e-10,5.771608986282601e-10,5.783681785757701e-10,5.795766183012305e-10,5.807862179030838e-10,5.819969774746878e-10,5.832088971149018e-10,5.844219769124264e-10,5.856362169561083e-10,5.868516173326145e-10,5.880681781266149e-10,5.892858994197127e-10,5.905047812916334e-10,5.917248238196713e-10,5.929460270805527e-10,5.941683911449503e-10,5.95391916084434e-10,5.966166019668334e-10,5.978424488607688e-10,5.990694568246762e-10,6.00297625927429e-10,6.015269562223773e-10,6.027574477685831e-10,6.039891006212881e-10,6.052219148350642e-10,6.064558904557671e-10,6.076910275336393e-10,6.08927326115082e-10,6.10164786243488e-10,6.11403407960603e-10,6.126431913059978e-10,6.138841363165602e-10,6.151262430275732e-10,6.163695114709676e-10,6.17613941678729e-10,6.188595336788046e-10,6.201062874977145e-10,6.213542031590989e-10,6.22603280684585e-10,6.238535200962427e-10,6.251049214089869e-10,6.263574846410743e-10,6.276112098030463e-10,6.288660969072874e-10,6.301221459654396e-10,6.313793569810041e-10,6.326377299605483e-10,6.33897264896974e-10,6.351579618107093e-10,6.36419820690709e-10,6.376828415337948e-10,6.389470243425434e-10,6.40212369092288e-10,6.414788757712968e-10,6.427465443900044e-10,6.440153749236819e-10,6.452853673566238e-10,6.465565216644675e-10,6.478288378313707e-10,6.491023158506052e-10,6.503769556911816e-10,6.51652757309114e-10,6.529297206821227e-10,6.542078457918883e-10,6.554871326004256e-10,6.567675810732423e-10,6.580491911754534e-10,6.593319628587496e-10,6.606158961001275e-10,6.619009908499823e-10,6.631872470698198e-10,6.644746647025176e-10,6.657632436967346e-10,6.670529840200424e-10,6.683438856106704e-10,6.696359484073521e-10,6.709291723674413e-10,6.722235574297509e-10,6.735191035321395e-10,6.748158106148857e-10,6.761136786090218e-10,6.774127074515626e-10,6.787128970764732e-10,6.800142474169114e-10,6.81316758397353e-10,6.826204299483503e-10,6.839252619883864e-10,6.852312544429884e-10,6.865384072348061e-10,6.878467202833647e-10,6.891561935016277e-10,6.904668268077881e-10,6.917786201144986e-10,6.930915733334075e-10,6.944056863749027e-10,6.957209591463867e-10,6.970373915536175e-10,6.983549835008488e-10,6.996737348899612e-10,7.009936456222624e-10,7.023147155952942e-10,7.036369447058681e-10,7.049603328488851e-10,7.062848799172958e-10,7.076105858026766e-10,7.089374503941417e-10,7.102654735793861e-10,7.115946552439667e-10,7.129249952718828e-10,7.142564935452926e-10,7.15589149948706e-10,7.169229643567274e-10,7.182579366415253e-10,7.195940666822217e-10,7.20931354357127e-10,7.222697995320509e-10,7.236094020727606e-10,7.249501618546607e-10,7.26292078737087e-10,7.276351525886878e-10,7.289793832714255e-10,7.303247706498344e-10,7.316713145757727e-10,7.330190149099598e-10,7.343678715084766e-10,7.357178842275771e-10,7.370690529138688e-10,7.384213774207146e-10,7.397748575975989e-10,7.411294932913081e-10,7.42485284344737e-10,7.438422306000168e-10,7.452003319052983e-10,7.46559588097641e-10,7.479199990155209e-10,7.492815644957238e-10,7.506442843734761e-10,7.520081584852108e-10,7.533731866573619e-10,7.547393687210522e-10,7.561067045057696e-10,7.574751938382513e-10,7.58844836543598e-10,7.602156324447615e-10,7.615875813594684e-10,7.629606831172629e-10,7.643349375317802e-10,7.657103444197833e-10,7.670869035969306e-10,7.684646148775355e-10,7.698434780718623e-10,7.712234929892785e-10,7.726046594401608e-10,7.739869772315437e-10,7.75370446168174e-10,7.767550660557551e-10,7.781408366949091e-10,7.795277578854386e-10,7.809158294276161e-10,7.823050511203491e-10,7.836954227565661e-10,7.850869441321016e-10,7.864796150413743e-10,7.87873435271814e-10,7.892684046153437e-10,7.906645228583144e-10,7.920617897909033e-10,7.934602051945203e-10,7.948597688567176e-10,7.962604805523969e-10,7.976623400655701e-10,7.990653471730131e-10,8.004695016580203e-10,8.018748032912268e-10,8.032812518456674e-10,8.046888470959124e-10,8.060975888123815e-10,8.075074767652923e-10,8.089185107221627e-10,8.103306904489266e-10,8.117440157122056e-10,8.131584862734081e-10,8.145741018945926e-10,8.159908623361277e-10,8.174087673613029e-10,8.188278167203112e-10,8.202480101774288e-10,8.216693474831205e-10,8.230918283981838e-10,8.245154526572276e-10,8.259402200206084e-10,8.273661302361191e-10,8.28793183050448e-10,8.30221378205626e-10,8.316507154508795e-10,8.330811945265914e-10,8.345128151792671e-10,8.359455771466287e-10,8.373794801648554e-10,8.388145239748551e-10,8.402507083058569e-10,8.416880328953869e-10,8.43126497472372e-10,8.44566101775534e-10,8.460068455313012e-10,8.474487284671805e-10,8.48891750311259e-10,8.503359107895047e-10,8.51781209625022e-10,8.53227646542048e-10,8.546752212701279e-10,8.561239335123482e-10,8.575737829957389e-10,8.590247694374706e-10,8.604768925535242e-10,8.619301520584877e-10,8.63384547665544e-10,8.648400790858848e-10,8.662967460312334e-10,8.677545482108758e-10,8.692134853308759e-10,8.70673557096906e-10,8.721347632168414e-10,8.735971033924528e-10,8.750605773270898e-10,8.765251847202201e-10,8.779909252734008e-10,8.794577986839176e-10,8.809258046487337e-10,8.823949428637331e-10,8.838652130225473e-10,8.853366148178028e-10,8.86809147942344e-10,8.882828120879291e-10,8.897576069395828e-10,8.912335321882015e-10,8.927105875191394e-10,8.941887726137042e-10,8.956680871625088e-10,8.971485308480098e-10,8.986301033401801e-10,9.001128043339939e-10,9.015966334983011e-10,9.030815905175938e-10,9.045676750622553e-10,9.060548868099815e-10,9.075432254325219e-10,9.09032690603945e-10,9.105232819941098e-10,9.120149992731182e-10,9.135078421058213e-10,9.150018101700945e-10,9.164969031159282e-10,9.179931206217284e-10,9.194904623470521e-10,9.209889279531204e-10,9.224885170695572e-10,9.239892294201918e-10,9.25491064630597e-10,9.26994022350174e-10,9.284981022518744e-10,9.300033039828796e-10,9.315096271935532e-10,9.330170715344435e-10,9.345256366691162e-10,9.36035322240424e-10,9.375461278967796e-10,9.39058053283545e-10,9.405710980519362e-10,9.420852618360142e-10,9.436005442980313e-10,9.451169450720752e-10,9.46634463797883e-10,9.48153100133562e-10,9.496728536861798e-10,9.51193724109935e-10,9.527157110399971e-10,9.542388141161482e-10,9.55763032967982e-10,9.572883672340787e-10,9.588148165435018e-10,9.603423805323179e-10,9.61871058823386e-10,9.63400851049702e-10,9.649317568377926e-10,9.664637758169481e-10,9.679969075999982e-10,9.695311518302802e-10,9.710665081314203e-10,9.726029761051487e-10,9.741405553841083e-10,9.7567924558695e-10,9.772190463332349e-10,9.787599572412957e-10,9.803019779254117e-10,9.818451080015513e-10,9.833893470839026e-10,9.849346947857366e-10,9.86481150719473e-10,9.880287144951916e-10,9.89577385723091e-10,9.911271640117594e-10,9.926780489690167e-10,9.942300402012743e-10,9.957831373139013e-10,9.973373399113746e-10,9.988926475974831e-10,1.0004490599732626e-09,1.0020065766404146e-09,1.0035651971990519e-09,1.0051249212480134e-09,1.0066857483853396e-09,1.0082476782076271e-09,1.009810710311672e-09,1.0113748442907873e-09,1.0129400797394112e-09,1.0145064162480136e-09,1.0160738534122437e-09,1.0176423908209589e-09,1.0192120280634424e-09,1.0207827647217454e-09,1.0223546003962012e-09,1.0239275346667592e-09,1.025501567118762e-09,1.027076697340331e-09,1.0286529249072923e-09,1.0302302494049345e-09,1.0318086704162824e-09,1.0333881875204464e-09,1.0349688002968991e-09,1.03655050832441e-09,1.0381333111790726e-09,1.0397172084376866e-09,1.0413021996757915e-09,1.042888284468379e-09,1.0444754623902777e-09,1.0460637330092135e-09,1.047653095898316e-09,1.049243550619415e-09,1.0508350967491994e-09,1.0524277338704011e-09,1.0540214615354786e-09,1.0556162793110945e-09,1.0572121867660118e-09,1.0588091835035688e-09,1.0604072690056351e-09,1.0620064428724577e-09,1.0636067046737458e-09,1.0652080539631814e-09,1.066810490307789e-09,1.0684140132573065e-09,1.0700186223738335e-09,1.0716243172134619e-09,1.0732310973321311e-09,1.074838962283603e-09,1.076447911627437e-09,1.078057944909598e-09,1.0796690616859804e-09,1.081281261496364e-09,1.0828945439098935e-09,1.084508908468575e-09,1.086124354717688e-09,1.087740882208075e-09,1.0893584904873107e-09,1.0909771790970887e-09,1.0925969475859733e-09,1.0942177955100815e-09,1.0958397223837503e-09,1.0974627277624812e-09,1.0990868111897827e-09,1.1007119722048362e-09,1.1023382103450276e-09,1.1039655251610654e-09,1.105593916170916e-09,1.1072233829217e-09,1.1088539249549012e-09,1.1104855417952912e-09,1.1121182329687846e-09,1.1137519980275866e-09,1.1153868364947154e-09,1.117022747927161e-09,1.1186597318083173e-09,1.1202977876605833e-09,1.1219369150752945e-09,1.123577113549611e-09,1.1252183826107712e-09,1.1268607217910787e-09,1.1285041306165494e-09,1.1301486085891586e-09,1.1317941552458349e-09,1.133440770109711e-09,1.135088452708567e-09,1.1367372025636342e-09,1.1383870191876282e-09,1.1400379021016687e-09,1.141689850827046e-09,1.143342864882657e-09,1.144996943785446e-09,1.1466520870501122e-09,1.1483082942018796e-09,1.1499655647395294e-09,1.1516238981796466e-09,1.153283294042542e-09,1.1549437518370886e-09,1.1566052710748608e-09,1.1582678512655784e-09,1.159931491937715e-09,1.1615961925608354e-09,1.163261952664308e-09,1.1649287717579775e-09,1.1665966492797325e-09,1.1682655847815e-09,1.1699355778703443e-09,1.1716066279730335e-09,1.1732787345867416e-09,1.1749518972395008e-09,1.1766261154105753e-09,1.1783013885823577e-09,1.1799777162677386e-09,1.1816550979943243e-09,1.18333353319415e-09,1.1850130214510825e-09,1.1866935622010469e-09,1.1883751549655268e-09,1.1900577992351014e-09,1.1917414945033653e-09,1.1934262402618573e-09,1.1951120360074341e-09,1.1967988812293747e-09,1.1984867754249558e-09,1.2001757180891305e-09,1.2018657087011569e-09,1.2035567467622953e-09,1.2052488317587313e-09,1.2069419631753526e-09,1.208636140503389e-09,1.2103313632130137e-09,1.2120276308236973e-09,1.2137249427986412e-09,1.2154232986332552e-09,1.217122697798379e-09,1.2188231397846097e-09,1.2205246240726423e-09,1.222227150158721e-09,1.2239307175007522e-09,1.225635325583399e-09,1.2273409738949342e-09,1.2290476619116009e-09,1.2307553891119055e-09,1.232464154973515e-09,1.2341739589743094e-09,1.2358848005888154e-09,1.2375966792926738e-09,1.2393095945624499e-09,1.2410235458702386e-09,1.242738532692257e-09,1.244454554471054e-09,1.2461716107367143e-09,1.2478897009318682e-09,1.2496088245563438e-09,1.2513289810222613e-09,1.2530501698281061e-09,1.2547723904220688e-09,1.256495642294367e-09,1.2582199249281542e-09,1.2599452377698907e-09,1.2616715802950934e-09,1.2633989519580383e-09,1.265127352234491e-09,1.2668567805599136e-09,1.2685872364441513e-09,1.2703187193271766e-09,1.272051228672017e-09,1.273784763922463e-09,1.2755193245723149e-09,1.277254910046813e-09,1.2789915198468573e-09,1.2807291534016805e-09,1.2824678101837104e-09,1.28420748964962e-09,1.2859481912250074e-09,1.2876899144201156e-09,1.2894326586708223e-09,1.2911764234260955e-09,1.292921208137658e-09,1.2946670122579125e-09,1.2964138352596713e-09,1.2981616765691853e-09,1.2999105356534676e-09,1.3016604119627435e-09,1.3034113049495119e-09,1.3051632140628081e-09,1.3069161387502652e-09,1.308670078456579e-09,1.3104250326388716e-09,1.3121810007488913e-09,1.3139379822290574e-09,1.3156959765262722e-09,1.3174549830866483e-09,1.3192150013577427e-09,1.3209760307852304e-09,1.3227380708089551e-09,1.3245011208794123e-09,1.3262651804438435e-09,1.3280302489280588e-09,1.3297963257878475e-09,1.3315634104600576e-09,1.333331502385962e-09,1.335100601030969e-09,1.3368707057890839e-09,1.3386418161205315e-09,1.3404139314688768e-09,1.3421870512741782e-09,1.3439611749669408e-09,1.345736301987914e-09,1.3475124317791808e-09,1.349289563766943e-09,1.3510676974045503e-09,1.3528468321240977e-09,1.3546269673282046e-09,1.356408102473244e-09,1.3581902370042336e-09,1.3599733703427352e-09,1.3617575019139335e-09,1.3635426311530327e-09,1.3653287575019312e-09,1.3671158803794918e-09,1.3689039992243953e-09,1.3706931134656615e-09,1.3724832225255634e-09,1.374274325839793e-09,1.376066422833859e-09,1.377859512943829e-09,1.3796535955556824e-09,1.3814486701615015e-09,1.3832447361536954e-09,1.3850417929649786e-09,1.3868398400489714e-09,1.388638876761813e-09,1.3904389025474767e-09,1.3922399168596183e-09,1.3940419191202117e-09,1.3958449087362074e-09,1.3976488851313452e-09,1.3994538477337798e-09,1.4012597959508646e-09,1.403066729227801e-09,1.404874646970235e-09,1.406683548600463e-09,1.4084934335322622e-09,1.4103043011947304e-09,1.4121161509983136e-09,1.413928982362929e-09,1.415742794704939e-09,1.417557587463049e-09,1.4193733600436058e-09,1.421190111825684e-09,1.4230078422523689e-09,1.4248265507375956e-09,1.4266462367101557e-09,1.4284668995594796e-09,1.4302885387115669e-09,1.432111153578001e-09,1.4339347435758563e-09,1.4357593081709906e-09,1.4375848466628205e-09,1.439411358519431e-09,1.4412388431515715e-09,1.4430672999656117e-09,1.4448967283841868e-09,1.4467271278090385e-09,1.4485584976444265e-09,1.450390837310172e-09,1.4522241462110877e-09,1.4540584237576328e-09,1.455893669353201e-09,1.457729882403263e-09,1.459567062321911e-09,1.4614052085103348e-09,1.4632443203677083e-09,1.4650843973216194e-09,1.4669254387594505e-09,1.468767444092702e-09,1.4706104127100756e-09,1.4724543440362775e-09,1.4742992374577548e-09,1.4761450924081184e-09,1.4779919082609955e-09,1.4798396844215765e-09,1.481688420294597e-09,1.4835381152845398e-09,1.4853887687928154e-09,1.487240380270884e-09,1.4890929490126034e-09,1.4909464744776156e-09,1.4928009560561341e-09,1.494656393154382e-09,1.496512785164581e-09,1.4983701314907596e-09,1.5002284315331221e-09,1.5020876846824084e-09,1.5039478903380403e-09,1.5058090478891923e-09,1.507671156744717e-09,1.5095342163287857e-09,1.5113982259686533e-09,1.5132631851064046e-09,1.5151290931301662e-09,1.5169959494250021e-09,1.5188637533958438e-09,1.5207325044320386e-09,1.5226022019233926e-09,1.5244728452760248e-09,1.5263444338725743e-09,1.5282169671030345e-09,1.530090444369718e-09,1.5319648650593426e-09,1.5338402285635266e-09,1.535716534270985e-09,1.5375937815826934e-09,1.5394719698644391e-09,1.5413510985334156e-09,1.5432311669706502e-09,1.5451121745621263e-09,1.5469941206986386e-09,1.5488770047703152e-09,1.550760826166207e-09,1.5526455843133316e-09,1.5545312785219258e-09,1.5564179082213566e-09,1.5583054727849997e-09,1.5601939716041417e-09,1.5620834040701952e-09,1.5639737695676957e-09,1.5658650674829041e-09,1.5677572971985843e-09,1.569650458106797e-09,1.5715445495706758e-09,1.5734395710116872e-09,1.5753355217959172e-09,1.5772324013084478e-09,1.5791302089281518e-09,1.581028944046733e-09,1.5829286060363427e-09,1.5848291942886067e-09,1.5867307081778533e-09,1.588633147092636e-09,1.5905365104098197e-09,1.5924407975027384e-09,1.5943460077836396e-09,1.5962521406061238e-09,1.5981591953657489e-09,1.6000671714330204e-09,1.6019760681886115e-09,1.6038858850137458e-09,1.6057966213026978e-09,1.6077082764135523e-09,1.6096208497336207e-09,1.6115343406376688e-09,1.6134487485094123e-09,1.6153640727196493e-09,1.6172803126731309e-09,1.6191974677041483e-09,1.6211155372216729e-09,1.623034520586711e-09,1.6249544171716502e-09,1.6268752263677638e-09,1.6287969475560375e-09,1.6307195801044143e-09,1.632643123385268e-09,1.634567576775526e-09,1.6364929396488985e-09,1.6384192113839214e-09,1.6403463913548047e-09,1.6422744789258345e-09,1.6442034734991538e-09,1.6461333744237105e-09,1.6480641810811532e-09,1.6499958928429486e-09,1.6519285090855232e-09,1.6538620291803348e-09,1.655796452492396e-09,1.6577317784077163e-09,1.6596680062880863e-09,1.6616051354920444e-09,1.6635431654297517e-09,1.6654820954359635e-09,1.6674219249202048e-09,1.6693626532288304e-09,1.6713042797238754e-09,1.6732468038139784e-09,1.6751902248071273e-09,1.6771345421303194e-09,1.6790797551314115e-09,1.6810258631762916e-09,1.6829728656492481e-09,1.6849207619141481e-09,1.6868695513296377e-09,1.6888192332705876e-09,1.6907698071064812e-09,1.6927212722086115e-09,1.6946736279396111e-09,1.6966268737176573e-09,1.6985810088148955e-09,1.7005360326704303e-09,1.702491944605516e-09,1.704448744015978e-09,1.7064064302609456e-09,1.7083650027070094e-09,1.7103244607241376e-09,1.7122848036791615e-09,1.7142460309365962e-09,1.7162081418638118e-09,1.718171135826275e-09,1.7201350121899476e-09,1.7220997703204983e-09,1.724065409623758e-09,1.7260319293824363e-09,1.727999328989485e-09,1.729967607825219e-09,1.731936765231159e-09,1.733906800626779e-09,1.7358777133412014e-09,1.7378495027404713e-09,1.7398221681964802e-09,1.7417957090623821e-09,1.7437701246881272e-09,1.7457454144607633e-09,1.7477215777362584e-09,1.7496986138754438e-09,1.7516765221973436e-09,1.7536553021545316e-09,1.7556349530654712e-09,1.7576154742905801e-09,1.7595968651932319e-09,1.7615791251269112e-09,1.7635622534596676e-09,1.7655462495676838e-09,1.7675311127994044e-09,1.769516842516917e-09,1.7715034380840102e-09,1.7734908988610744e-09,1.7754792242049503e-09,1.7774684134699255e-09,1.7794584660268292e-09,1.7814493812437736e-09,1.7834411584661573e-09,1.785433797070973e-09,1.7874272964027181e-09,1.7894216558309778e-09,1.79141687469421e-09,1.793412952390231e-09,1.7954098882374597e-09,1.797407681632326e-09,1.7994063319181629e-09,1.8014058384523674e-09,1.8034062005916789e-09,1.8054074177008692e-09,1.8074094891408777e-09,1.8094124142597043e-09,1.8114161924294085e-09,1.8134208229969668e-09,1.8154263053266108e-09,1.8174326387759979e-09,1.8194398226958438e-09,1.8214478564565106e-09,1.8234567394079254e-09,1.8254664709098245e-09,1.8274770503194632e-09,1.829488476990591e-09,1.831500750288095e-09,1.8335138695639539e-09,1.8355278341769877e-09,1.8375426434856343e-09,1.8395582968642911e-09,1.8415747936290576e-09,1.8435921331615253e-09,1.84561031482004e-09,1.8476293379488375e-09,1.8496492019171289e-09,1.8516699060740998e-09,1.8536914497795147e-09,1.8557138323898936e-09,1.8577370532635614e-09,1.8597611117423068e-09,1.8617860071909904e-09,1.8638117389635538e-09,1.8658383064337154e-09,1.86786570893471e-09,1.8698939458281477e-09,1.8719230164785884e-09,1.873952920235689e-09,1.8759836564326816e-09,1.878015224457955e-09,1.880047623650903e-09,1.8820808533756265e-09,1.884114912981343e-09,1.886149801815405e-09,1.888185519240001e-09,1.890222064620225e-09,1.892259437286365e-09,1.8942976366222346e-09,1.896336661966889e-09,1.8983765126781095e-09,1.9004171880872594e-09,1.902458687591247e-09,1.9045010105127245e-09,1.9065441562089446e-09,1.9085881240333887e-09,1.910632913347691e-09,1.9126785235056167e-09,1.914724953879894e-09,1.9167722038050218e-09,1.9188202726184828e-09,1.9208691597050375e-09,1.9229188644049718e-09,1.924969386068892e-09,1.9270207240539677e-09,1.929072877702477e-09,1.9311258463611622e-09,1.933179629446593e-09,1.9352342262633445e-09,1.937289636162193e-09,1.9393458584756944e-09,1.9414028925965967e-09,1.943460737873265e-09,1.9455193936482128e-09,1.947578859262804e-09,1.9496391341007454e-09,1.9517002175051107e-09,1.953762108804808e-09,1.955824807390647e-09,1.9578883125964495e-09,1.959952623754207e-09,1.962017740238458e-09,1.9640836614211516e-09,1.9661503866344934e-09,1.9682179152169442e-09,1.9702862465445765e-09,1.9723553799553166e-09,1.97442531480985e-09,1.976496050463101e-09,1.9785675862642724e-09,1.9806399215682256e-09,1.982713055728356e-09,1.9847869880988943e-09,1.9868617180158283e-09,1.98893724488165e-09,1.99101356799153e-09,1.9930906867187447e-09,1.9951686004178017e-09,1.997247308448819e-09,1.999326810153063e-09,2.001407104883998e-09,2.0034881919918853e-09,2.0055700708407156e-09,2.0076527407965724e-09,2.009736201176138e-09,2.011820451349096e-09,2.0139054906711165e-09,2.0159913184668053e-09,2.0180779341377227e-09,2.020165337011948e-09,2.0222535264422134e-09,2.024342501784339e-09,2.0264322623850865e-09,2.028522807602674e-09,2.030614136787295e-09,2.0327062492902548e-09,2.034799144471754e-09,2.036892821672442e-09,2.0389872802550836e-09,2.0410825195691193e-09,2.0431785389554955e-09,2.0452753377916827e-09,2.047372915414798e-09,2.0494712711826197e-09,2.0515704044452578e-09,2.0536703145437473e-09,2.0557710008451264e-09,2.0578724627333164e-09,2.0599746995012607e-09,2.062077710538712e-09,2.064181495174749e-09,2.066286052804341e-09,2.0683913828110477e-09,2.0704974844049975e-09,2.0726043570365477e-09,2.074712000050799e-09,2.0768204127927928e-09,2.0789295946211127e-09,2.0810395448864496e-09,2.0831502629260146e-09,2.0852617481278053e-09,2.0873739998175087e-09,2.0894870173700594e-09,2.091600800126842e-09,2.093715347442195e-09,2.0958306586696395e-09,2.09794673316275e-09,2.1000635702750974e-09,2.102181169357532e-09,2.1042995297697258e-09,2.106418650848656e-09,2.1085385319570855e-09,2.110659172471402e-09,2.1127805717276313e-09,2.114902729078055e-09,2.1170256438644436e-09,2.1191493154724004e-09,2.1212737432389797e-09,2.1233989265145863e-09,2.1255248646557204e-09,2.127651557018189e-09,2.129779002955558e-09,2.131907201822221e-09,2.1340361529732484e-09,2.136165855835104e-09,2.138296309613835e-09,2.1404275137451654e-09,2.142559467575326e-09,2.144692170479955e-09,2.1468256217767158e-09,2.1489598208287924e-09,2.151094767014919e-09,2.153230459679002e-09,2.1553668981520955e-09,2.1575040818335116e-09,2.1596420100572478e-09,2.161780682178929e-09,2.163920097522272e-09,2.1660602554973195e-09,2.1682011554485713e-09,2.170342796717407e-09,2.172485178641404e-09,2.174628300612887e-09,2.1767721619709897e-09,2.1789167620720165e-09,2.1810621002157603e-09,2.183208175870411e-09,2.1853549883346375e-09,2.1875025369664523e-09,2.1896508211216897e-09,2.191799840156227e-09,2.1939495934295813e-09,2.1961000802940795e-09,2.1982513000742473e-09,2.2004032521657654e-09,2.202555935949545e-09,2.2047093507593714e-09,2.2068634959370223e-09,2.2090183708555184e-09,2.2111739748643365e-09,2.213330307424358e-09,2.215487367683934e-09,2.2176451551104217e-09,2.2198036690623024e-09,2.221962908890276e-09,2.224122873958555e-09,2.226283563592851e-09,2.2284449772061984e-09,2.2306071141311672e-09,2.2327699737284802e-09,2.234933555337186e-09,2.2370978583469007e-09,2.2392628821001673e-09,2.2414286259567073e-09,2.243595089273667e-09,2.2457622714148315e-09,2.247930171732986e-09,2.250098789591657e-09,2.2522681243459995e-09,2.2544381753590197e-09,2.2566089419894463e-09,2.2587804235955756e-09,2.2609526195410324e-09,2.263125529103185e-09,2.2652991518237407e-09,2.267473486938344e-09,2.269648533826627e-09,2.271824291850246e-09,2.2740007603803305e-09,2.2761779387590668e-09,2.278355826355304e-09,2.2805344225326058e-09,2.2827137266464648e-09,2.2848937380608025e-09,2.2870744561401925e-09,2.2892558802367356e-09,2.2914380097173595e-09,2.293620843947103e-09,2.2958043822819443e-09,2.2979886240685427e-09,2.3001735686371495e-09,2.3023592154717053e-09,2.3045455638530316e-09,2.3067326131459228e-09,2.308920362724521e-09,2.3111088119827132e-09,2.3132979602454095e-09,2.3154878068257786e-09,2.3176783511458413e-09,2.319869592549984e-09,2.322061530409892e-09,2.324254164057489e-09,2.326447492938038e-09,2.3286415163685515e-09,2.3308362337024982e-09,2.333031644305413e-09,2.335227747539291e-09,2.3374245428124827e-09,2.3396220294800367e-09,2.341820206814039e-09,2.3440190742448143e-09,2.346218631144601e-09,2.348418876899865e-09,2.350619810820379e-09,2.352821432302321e-09,2.3550237406889845e-09,2.357226735401239e-09,2.3594304157217902e-09,2.361634781129766e-09,2.3638398309045417e-09,2.3660455644248676e-09,2.368251981043898e-09,2.370459080203205e-09,2.3726668611949318e-09,2.374875323351047e-09,2.3770844661264465e-09,2.379294288870662e-09,2.3815047908763864e-09,2.3837159715747833e-09,2.385927830313107e-09,2.388140366477021e-09,2.390353579420729e-09,2.392567468534787e-09,2.3947820331763686e-09,2.396997272603619e-09,2.3992131863849113e-09,2.401429773802161e-09,2.403647034218233e-09,2.405864967021083e-09,2.408083571544734e-09,2.4103028472277248e-09,2.41252279327219e-09,2.414743409271918e-09,2.4169646944282518e-09,2.419186648176263e-09,2.421409269905804e-09,2.4236325589574882e-09,2.42585651471977e-09,2.4280811365141206e-09,2.4303064237376233e-09,2.4325323757923183e-09,2.434758992022208e-09,2.436986271848834e-09,2.4392142145549944e-09,2.441442819608558e-09,2.4436720863082624e-09,2.445902014002862e-09,2.4481326021125265e-09,2.4503638499630256e-09,2.45259575710075e-09,2.4548283227500437e-09,2.4570615462454085e-09,2.4592954270254644e-09,2.461529964457965e-09,2.4637651578919683e-09,2.4660010067281815e-09,2.468237510338133e-09,2.470474668099635e-09,2.4727124792845877e-09,2.4749509433972048e-09,2.4771900598341987e-09,2.4794298279083326e-09,2.481670247002153e-09,2.483911316485823e-09,2.4861530357544633e-09,2.48839540415099e-09,2.4906384210640107e-09,2.4928820858768134e-09,2.4951263979723867e-09,2.497371356724884e-09,2.499616961489305e-09,2.5018632116658552e-09,2.5041101066280696e-09,2.5063576457434676e-09,2.5086058284090777e-09,2.510854653969629e-09,2.5131041218319504e-09,2.5153542312932688e-09,2.5176049818704753e-09,2.5198563728759496e-09,2.52210840368591e-09,2.524361073753399e-09,2.5266143823066344e-09,2.5288683288039187e-09,2.5311229126267705e-09,2.533378133126976e-09,2.5356339896530065e-09,2.537890481709763e-09,2.54014760858587e-09,2.5424053697240475e-09,2.5446637644583157e-09,2.546922792236288e-09,2.5491824522728347e-09,2.5514427440897446e-09,2.553703667042146e-09,2.5559652204982262e-09,2.5582274038446306e-09,2.560490216469772e-09,2.562753657738295e-09,2.565017727057625e-09,2.567282423793973e-09,2.5695477473339297e-09,2.571813697055566e-09,2.574080272336186e-09,2.57634747259922e-09,2.5786152972155898e-09,2.580883745538099e-09,2.58315281695427e-09,2.5854225109403556e-09,2.5876928267259664e-09,2.589963763784752e-09,2.5922353214351476e-09,2.5945074991634983e-09,2.5967802962728113e-09,2.599053712223402e-09,2.601327746375206e-09,2.60360239809887e-09,2.605877666780264e-09,2.6081535518299512e-09,2.610430052609533e-09,2.6127071685104605e-09,2.614984898932061e-09,2.6172632432418065e-09,2.6195422008425576e-09,2.6218217711391776e-09,2.624101953461974e-09,2.626382747248071e-09,2.628664151896567e-09,2.6309461667735994e-09,2.633228791269865e-09,2.6355120247742222e-09,2.637795866668345e-09,2.640080316354715e-09,2.6423653732164774e-09,2.6446510366442056e-09,2.6469373060388274e-09,2.6492241807856327e-09,2.6515116602812323e-09,2.6537997438926637e-09,2.6560884310477983e-09,2.6583777211335404e-09,2.6606676135181054e-09,2.662958107602603e-09,2.6652492027872316e-09,2.667540898474652e-09,2.669833194040947e-09,2.6721260888707125e-09,2.6744195823828908e-09,2.676713673942138e-09,2.679008362973592e-09,2.6813036488404344e-09,2.683599530952693e-09,2.6858960086965923e-09,2.688193081484394e-09,2.6904907487039115e-09,2.6927890097636064e-09,2.695087864030467e-09,2.697387310919224e-09,2.6996873498183447e-09,2.7019879801289287e-09,2.7042892012622145e-09,2.7065910125841395e-09,2.7088934135086704e-09,2.7111964034321043e-09,2.7134999817537243e-09,2.715804147869576e-09,2.7181089011789775e-09,2.7204142410813132e-09,2.7227201669735885e-09,2.725026678255909e-09,2.7273337743283354e-09,2.72964145458949e-09,2.7319497184577274e-09,2.7342585653101693e-09,2.7365679945366933e-09,2.7388780055534497e-09,2.7411885977597675e-09,2.7434997705583137e-09,2.7458115233490953e-09,2.748123855534322e-09,2.7504367665158588e-09,2.752750255694924e-09,2.755064322475392e-09,2.7573789662589247e-09,2.759694186448604e-09,2.762009982447839e-09,2.7643263536604452e-09,2.766643299488393e-09,2.7689608193366887e-09,2.7712789126096774e-09,2.7735975787233497e-09,2.775916817058637e-09,2.778236627032867e-09,2.7805570080563968e-09,2.782877959525088e-09,2.7851994808472786e-09,2.7875215714407903e-09,2.789844230691897e-09,2.7921674580333158e-09,2.7944912528389355e-09,2.7968156145481955e-09,2.7991405425526287e-09,2.8014660362444987e-09,2.8037920950642167e-09,2.8061187183861494e-09,2.808445905635206e-09,2.8107736562206854e-09,2.8131019695513567e-09,2.815430845036358e-09,2.8177602820852425e-09,2.8200902801078134e-09,2.82242083851526e-09,2.8247519567152503e-09,2.8270836341199943e-09,2.8294158701400975e-09,2.831748664186448e-09,2.8340820156716634e-09,2.8364159240198435e-09,2.8387503886166656e-09,2.841085408888994e-09,2.8434209842463903e-09,2.8457571141204816e-09,2.848093797890046e-09,2.850431035001554e-09,2.8527688248360734e-09,2.8551071668238838e-09,2.8574460603795735e-09,2.8597855049172255e-09,2.8621254998512077e-09,2.8644660445969552e-09,2.866807138579137e-09,2.869148781194718e-09,2.871490971868762e-09,2.8738337100176826e-09,2.876176995057326e-09,2.8785208264126197e-09,2.88086520348649e-09,2.8832101257243518e-09,2.8855555924963477e-09,2.8879016032472476e-09,2.8902481573952017e-09,2.892595254355493e-09,2.8949428936399684e-09,2.897291074484251e-09,2.8996397964085212e-09,2.9019890588139187e-09,2.904338861129462e-09,2.906689202776835e-09,2.909040083174761e-09,2.9113915017422937e-09,2.9137434578965244e-09,2.916095951083788e-09,2.918448980710858e-09,2.9208025461782333e-09,2.9231566469284524e-09,2.925511282330696e-09,2.9278664518939535e-09,2.930222155036943e-09,2.9325783911195007e-09,2.93493515967649e-09,2.937292460007732e-09,2.93965029154491e-09,2.942008653805629e-09,2.9443675460970867e-09,2.9467269679052434e-09,2.9490869186617667e-09,2.951447397779052e-09,2.9538084046902585e-09,2.9561699388556815e-09,2.9585319996278795e-09,2.960894586531024e-09,2.963257698877242e-09,2.965621336201621e-09,2.9679854978315762e-09,2.97035018325063e-09,2.9727153919096734e-09,2.975081123162245e-09,2.9774473765350755e-09,2.979814151413095e-09,2.9821814471687115e-09,2.984549263284114e-09,2.986917599222289e-09,2.9892864543336284e-09,2.991655828132151e-09,2.994025720011742e-09,2.9963961293688186e-09,2.9987670556140887e-09,3.0011384982707617e-09,3.0035104568901616e-09,3.0058829306334065e-09,3.008255919065388e-09,3.0106294215383875e-09,3.013003437590493e-09,3.0153779665696723e-09,3.0177530079533163e-09,3.0201285612055225e-09,3.022504625754398e-09,3.0248812010247858e-09,3.0272582863813104e-09,3.02963588131711e-09,3.032013985303342e-09,3.0343925976902263e-09,3.0367717179771036e-09,3.0391513456082365e-09,3.041531479978406e-09,3.0439121204535258e-09,3.0462932666593667e-09,3.048674917934439e-09,3.051057073745129e-09,3.0534397334788367e-09,3.0558228966036084e-09,3.0582065625435294e-09,3.0605907307490015e-09,3.0629754006884867e-09,3.0653605717601883e-09,3.067746243420488e-09,3.0701324151093505e-09,3.072519086254131e-09,3.074906256316678e-09,3.0772939247210216e-09,3.0796820909366417e-09,3.0820707543831078e-09,3.084459914512629e-09,3.086849570744381e-09,3.089239722571278e-09,3.0916303693934675e-09,3.094021510679863e-09,3.0964131458479527e-09,3.0988052743904983e-09,3.1011978957152885e-09,3.1035910092144346e-09,3.105984614412205e-09,3.1083787107304503e-09,3.1107732976269886e-09,3.1131683745221636e-09,3.1155639408796666e-09,3.1179599961414906e-09,3.1203565397568574e-09,3.122753571172442e-09,3.1251510898718526e-09,3.127549095246302e-09,3.1299475867358714e-09,3.132346563871844e-09,3.1347460260128634e-09,3.137145972648478e-09,3.139546403274823e-09,3.1419473172820015e-09,3.144348714136123e-09,3.1467505932785465e-09,3.1491529541262446e-09,3.1515557961642937e-09,3.153959118856653e-09,3.1563629216601803e-09,3.1587672040522914e-09,3.161171965393392e-09,3.1635772053083487e-09,3.1659829230109366e-09,3.16838911807662e-09,3.170795789968545e-09,3.173202938176554e-09,3.1756105620646854e-09,3.1780186611325045e-09,3.1804272348348465e-09,3.1828362826321707e-09,3.185245804007602e-09,3.1876557983995292e-09,3.1900662652217685e-09,3.192477203955202e-09,3.194888614103223e-09,3.1973004950275384e-09,3.199712846346456e-09,3.2021256673053726e-09,3.2045389574478725e-09,3.206952716280251e-09,3.2093669432335864e-09,3.2117816377721322e-09,3.2141967993484982e-09,3.216612427426184e-09,3.2190285214658458e-09,3.2214450809927692e-09,3.2238621053368373e-09,3.2262795940001964e-09,3.228697546504911e-09,3.2311159622541942e-09,3.2335348407437133e-09,3.235954181425728e-09,3.2383739837729186e-09,3.2407942472323637e-09,3.2432149712743264e-09,3.245636155353065e-09,3.248057798981858e-09,3.2504799015542175e-09,3.252902462590574e-09,3.2553254814910384e-09,3.2577489578074785e-09,3.26017289093128e-09,3.262597280387633e-09,3.2650221256108156e-09,3.2674474260407218e-09,3.2698731812177688e-09,3.2722993905205654e-09,3.2747260534477656e-09,3.2771531694958134e-09,3.2795807381165635e-09,3.2820087587822377e-09,3.284437230958316e-09,3.2868661541159877e-09,3.2892955277209614e-09,3.291725351287229e-09,3.2941556241896202e-09,3.2965863459736286e-09,3.299017516092151e-09,3.3014491340118074e-09,3.3038811992233394e-09,3.30631371117255e-09,3.3087466693349634e-09,3.3111800731993285e-09,3.313613922209746e-09,3.316048215880156e-09,3.318482953649028e-09,3.320918135020619e-09,3.3233537594571916e-09,3.3257898264313028e-09,3.328226335398364e-09,3.3306632858793143e-09,3.3331006773187666e-09,3.335538509199785e-09,3.3379767810969674e-09,3.340415492281996e-09,3.342854642331477e-09,3.3452942307894845e-09,3.3477342570252115e-09,3.350174720554312e-09,3.352615620915483e-09,3.355056957497077e-09,3.3574987298036885e-09,3.3599409373261857e-09,3.3623835795498756e-09,3.364826655951672e-09,3.3672701659748943e-09,3.3697141091690746e-09,3.372158484976694e-09,3.3746032928926182e-09,3.3770485323967206e-09,3.379494202963449e-09,3.38194030407992e-09,3.3843868351896425e-09,3.3868337958495782e-09,3.3892811855048555e-09,3.3917290036599656e-09,3.3941772497713515e-09,3.3966259233131103e-09,3.3990750238153503e-09,3.401524550770444e-09,3.40397450357111e-09,3.4064248817630926e-09,3.4088756848407773e-09,3.4113269122783256e-09,3.413778563555615e-09,3.4162306381404875e-09,3.4186831355426524e-09,3.421136055158627e-09,3.4235893967525414e-09,3.4260431595942025e-09,3.4284973432065665e-09,3.4309519470924108e-09,3.4334069707359074e-09,3.4358624136189648e-09,3.4383182752141923e-09,3.4407745550631362e-09,3.4432312526480218e-09,3.4456883674165833e-09,3.448145898885353e-09,3.4506038466260346e-09,3.4530622100058744e-09,3.455520988496534e-09,3.4579801816852598e-09,3.4604397890399272e-09,3.4628998100451983e-09,3.4653602441980024e-09,3.4678210909959914e-09,3.4702823499316865e-09,3.472744020500647e-09,3.47520610220972e-09,3.4776685944723325e-09,3.480131496910199e-09,3.4825948089900127e-09,3.4850585301401776e-09,3.48752265991832e-09,3.4899871978031694e-09,3.4924521432910215e-09,3.494917495887319e-09,3.4973832550528456e-09,3.4998494203260253e-09,3.5023159911856746e-09,3.504782967172742e-09,3.5072503477700153e-09,3.5097181324376317e-09,3.512186320703577e-09,3.514654912093358e-09,3.51712390607276e-09,3.5195933020856644e-09,3.522063099755901e-09,3.5245332985620803e-09,3.5270038979263346e-09,3.52947489744108e-09,3.531946296531216e-09,3.534418094759873e-09,3.5368902916429817e-09,3.539362886616157e-09,3.541835879220926e-09,3.544309268968977e-09,3.546783055353549e-09,3.549257237871536e-09,3.5517318160386374e-09,3.5542067893568777e-09,3.5566821574727468e-09,3.5591579197226916e-09,3.5616340755193986e-09,3.564110624508456e-09,3.5665875662121538e-09,3.5690649001340136e-09,3.5715426257530973e-09,3.57402074258842e-09,3.5764992501472534e-09,3.578978148079758e-09,3.581457435606789e-09,3.5839371124470336e-09,3.5864171780105574e-09,3.5888976318648947e-09,3.5913784734918582e-09,3.5938597023898742e-09,3.596341318095355e-09,3.5988233201398937e-09,3.6013057080480895e-09,3.6037884813033218e-09,3.606271639419161e-09,3.608755181973262e-09,3.611239108342752e-09,3.6137234181438792e-09,3.616208110859748e-09,3.6186931859941736e-09,3.6211786430781432e-09,3.6236644816632687e-09,3.6261507012668496e-09,3.6286373013374625e-09,3.6311242814188793e-09,3.6336116409941583e-09,3.6360993796692295e-09,3.638587496952188e-09,3.6410759922802633e-09,3.643564865244649e-09,3.6460541152697023e-09,3.648543741975179e-09,3.651033744839467e-09,3.653524123391704e-09,3.656014877125666e-09,3.6585060056094045e-09,3.6609975083396574e-09,3.6634893848430183e-09,3.6659816346307513e-09,3.6684742572760026e-09,3.670967252164372e-09,3.6734606189473954e-09,3.6759543572512427e-09,3.6784484662787786e-09,3.680942945770714e-09,3.6834377952222974e-09,3.6859330141302032e-09,3.6884286020563286e-09,3.690924558558729e-09,3.6934208830846227e-09,3.695917575162962e-09,3.6984146343438807e-09,3.7009120601243417e-09,3.7034098520921363e-09,3.7059080097423367e-09,3.708406532600178e-09,3.7109054201439615e-09,3.713404672014105e-09,3.715904287681298e-09,3.718404266668998e-09,3.72090460848436e-09,3.7234053127039732e-09,3.7259063788434535e-09,3.7284078064245634e-09,3.730909594992014e-09,3.733411744066894e-09,3.7359142531682865e-09,3.738417121830002e-09,3.740920349590773e-09,3.743423935993767e-09,3.745927880573806e-09,3.748432182841468e-09,3.750936842341663e-09,3.753441858528535e-09,3.7559472310898815e-09,3.758452959457148e-09,3.760959043228101e-09,3.76346548190075e-09,3.765972275018548e-09,3.768479422143004e-09,3.770986922745495e-09,3.773494776401082e-09,3.776002982625455e-09,3.778511540988543e-09,3.781020451019903e-09,3.783529712241522e-09,3.78603932419143e-09,3.788549286475622e-09,3.791059598539532e-09,3.7935702599780235e-09,3.796081270273535e-09,3.798592629018198e-09,3.8011043357289695e-09,3.803616389962157e-09,3.806128791242424e-09,3.808641539124196e-09,3.811154633176722e-09,3.813668072879166e-09,3.816181857802622e-09,3.8186959875124654e-09,3.821210461516905e-09,3.823725279352276e-09,3.8262404406318615e-09,3.828755944829914e-09,3.8312717916004725e-09,3.8337879802941425e-09,3.836304510583502e-09,3.838821381992469e-09,3.841338594052642e-09,3.8438561463512385e-09,3.846374038409645e-09,3.8488922698082615e-09,3.851410840026155e-09,3.853929748648146e-09,3.856448995305889e-09,3.858968579437086e-09,3.861488500552915e-09,3.864008758276822e-09,3.866529352136434e-09,3.869050281733142e-09,3.8715715465486945e-09,3.87409314615413e-09,3.8766150801079915e-09,3.8791373479591174e-09,3.881659949266691e-09,3.884182883576307e-09,3.886706150474955e-09,3.889229749492807e-09,3.891753680123366e-09,3.894277941968382e-09,3.8968025345649885e-09,3.899327457494716e-09,3.90185271030248e-09,3.904378292538107e-09,3.906904203754466e-09,3.909430443530852e-09,3.911957011381334e-09,3.9144839069354254e-09,3.9170111296889745e-09,3.919538679173368e-09,3.922066554959343e-09,3.924594756682166e-09,3.9271232838465264e-09,3.929652135974399e-09,3.932181312644788e-09,3.934710813499309e-09,3.937240638011554e-09,3.939770785655618e-09,3.942301256142085e-09,3.944832048971747e-09,3.947363163706514e-09,3.949894599908882e-09,3.9524263571650755e-09,3.9549584350033235e-09,3.957490832914495e-09,3.960023550683198e-09,3.96255658768953e-09,3.965089943585177e-09,3.967623617887338e-09,3.9701576101100785e-09,3.97269191986413e-09,3.975226546720891e-09,3.977761490238302e-09,3.980296749996793e-09,3.9828323255520826e-09,3.985368216468144e-09,3.987904422356745e-09,3.9904409426794644e-09,3.9929777770752155e-09,3.995514925104748e-09,3.9980523863228306e-09,4.000590160305433e-09,4.0031282466181695e-09,4.005666644878743e-09,4.008205354602513e-09,4.010744375320603e-09,4.013283706644835e-09,4.0158233481620255e-09,4.01836329941451e-09,4.020903559982132e-09,4.023444129429085e-09,4.0259850073440215e-09,4.028526193296613e-09,4.031067686847154e-09,4.033609487610453e-09,4.036151595127458e-09,4.038694008921053e-09,4.041236728632799e-09,4.04377975379063e-09,4.046323084056332e-09,4.048866718861191e-09,4.0514106578650404e-09,4.053954900686586e-09,4.056499446804456e-09,4.059044295977953e-09,4.0615894475038684e-09,4.064134901132079e-09,4.066680656387081e-09,4.069226712842489e-09,4.071773070113037e-09,4.074319727782495e-09,4.076866685441359e-09,4.079413942580528e-09,4.081961498833024e-09,4.0845093538716244e-09,4.087057507101654e-09,4.089605958196916e-09,4.092154706706067e-09,4.094703752204001e-09,4.097253094321667e-09,4.099802732656644e-09,4.102352666680713e-09,4.104902896068818e-09,4.1074534204512356e-09,4.110004239261655e-09,4.112555352136894e-09,4.115106758728497e-09,4.117658458549962e-09,4.1202104512122935e-09,4.122762736301184e-09,4.1253153133982515e-09,4.127868182087278e-09,4.1304213419181335e-09,4.132974792702757e-09,4.135528533673767e-09,4.138082564583562e-09,4.140636884972525e-09,4.143191494507029e-09,4.145746392726764e-09,4.148301579258926e-09,4.1508570536553675e-09,4.153412815567786e-09,4.155968864531471e-09,4.158525200081454e-09,4.161081821859937e-09,4.163638729433136e-09,4.166195922437804e-09,4.168753400441525e-09,4.1713111630635465e-09,4.173869209992412e-09,4.176427540543286e-09,4.178986154437826e-09,4.1815450511970565e-09,4.1841042306093576e-09,4.1866636921611105e-09,4.18922343544319e-09,4.191783460067994e-09,4.194343765606095e-09,4.196904351667102e-09,4.19946521788504e-09,4.2020263636326275e-09,4.2045877888573564e-09,4.2071494929374365e-09,4.209711475506959e-09,4.21227373616963e-09,4.214836274517252e-09,4.217399090141499e-09,4.219962182809286e-09,4.222525551851353e-09,4.2250891969311336e-09,4.227653117719831e-09,4.230217313723756e-09,4.232781784611453e-09,4.235346529957159e-09,4.2379115493769125e-09,4.240476842473218e-09,4.243042408839689e-09,4.245608248077659e-09,4.2481743598137076e-09,4.250740743605064e-09,4.253307399070564e-09,4.255874325844186e-09,4.258441523518196e-09,4.2610089916263535e-09,4.263576729860697e-09,4.2661447378771914e-09,4.268713015049207e-09,4.271281561121073e-09,4.273850375692291e-09,4.276419458374961e-09,4.278988808795456e-09,4.281558426514711e-09,4.284128311148724e-09,4.286698462317845e-09,4.289268879620889e-09,4.291839562708125e-09,4.294410511105657e-09,4.296981724461294e-09,4.299553202374826e-09,4.302124944409983e-09,4.304696950179708e-09,4.307269219440646e-09,4.309841751704981e-09,4.3124145465886e-09,4.314987603680333e-09,4.317560922557896e-09,4.320134502922371e-09,4.322708344337876e-09,4.325282446413149e-09,4.3278568087597374e-09,4.3304314309964866e-09,4.33300631273455e-09,4.335581453604873e-09,4.338156853172805e-09,4.340732511070421e-09,4.34330842692267e-09,4.34588460026786e-09,4.348461030818735e-09,4.351037718288832e-09,4.353614662001299e-09,4.356191861821816e-09,4.358769317276869e-09,4.36134702793004e-09,4.363924993504788e-09,4.366503213562479e-09,4.369081687737177e-09,4.371660415629239e-09,4.374239396849767e-09,4.3768186310310696e-09,4.379398117787151e-09,4.381977856736241e-09,4.38455784752271e-09,4.387138089709053e-09,4.389718582951204e-09,4.392299326852211e-09,4.394880321055302e-09,4.397461565114305e-09,4.400043058765269e-09,4.402624801564232e-09,4.405206793131575e-09,4.407789033106643e-09,4.4103715210912656e-09,4.412954256645496e-09,4.415537239499002e-09,4.418120469256099e-09,4.4207039455827714e-09,4.423287668012812e-09,4.425871636196438e-09,4.428455849807561e-09,4.43104030838818e-09,4.433625011553298e-09,4.436209958993896e-09,4.438795150346242e-09,4.441380585217707e-09,4.4439662632287546e-09,4.446552184000157e-09,4.4491383472158e-09,4.451724752402668e-09,4.454311399182668e-09,4.4568982872958e-09,4.4594854163092336e-09,4.462072785825086e-09,4.46466039553577e-09,4.467248245030226e-09,4.4698363339519264e-09,4.472424661914156e-09,4.475013228564385e-09,4.4776020335497576e-09,4.480191076471818e-09,4.482780356955281e-09,4.4853698746123105e-09,4.487959629146939e-09,4.4905496201579215e-09,4.493139847276984e-09,4.495730310061578e-09,4.49832100828554e-09,4.500911941508768e-09,4.50350310937706e-09,4.506094511521217e-09,4.508686147666715e-09,4.5112780172189224e-09,4.5138701199392464e-09,4.516462455524603e-09,4.519055023577523e-09,4.521647823696488e-09,4.524240855474041e-09,4.526834118681669e-09,4.5294276129472065e-09,4.532021337794121e-09,4.534615292870166e-09,4.537209477908211e-09,4.539803892495165e-09,4.54239853627061e-09,4.544993408828371e-09,4.547588509909903e-09,4.550183839099574e-09,4.552779395950167e-09,4.5553751802803556e-09,4.557971191635375e-09,4.560567429620969e-09,4.56316389386806e-09,4.56576058418183e-09,4.568357500087393e-09,4.570954641240413e-09,4.57355200727783e-09,4.576149597830224e-09,4.578747412560796e-09,4.58134545114094e-09,4.583943713151885e-09,4.586542198218615e-09,4.589140906072057e-09,4.591739836266489e-09,4.59433898851439e-09,4.596938362546527e-09,4.599537957929702e-09,4.60213777422624e-09,4.60473781114517e-09,4.6073380683274055e-09,4.6099385454444424e-09,4.61253924211758e-09,4.61514015800857e-09,4.617741292764287e-09,4.620342646026928e-09,4.622944217451339e-09,4.625546006840219e-09,4.628148013544209e-09,4.630750237432948e-09,4.633352678009544e-09,4.635955335071716e-09,4.638558208119237e-09,4.641161296886937e-09,4.6437646011454924e-09,4.6463681204392654e-09,4.648971854256834e-09,4.651575802356949e-09,4.654179964468894e-09,4.656784340217245e-09,4.6593889293786955e-09,4.66199373150131e-09,4.664598746066677e-09,4.667203973030923e-09,4.669809411605414e-09,4.672415061870578e-09,4.675020923340802e-09,4.6776269956878355e-09,4.680233278543748e-09,4.6828397715918185e-09,4.685446474526901e-09,4.6880533869046084e-09,4.690660508452508e-09,4.6932678387947165e-09,4.695875377599846e-09,4.698483124604734e-09,4.7010910793178024e-09,4.703699241631112e-09,4.706307610892199e-09,4.70891618706724e-09,4.711524969517872e-09,4.714133958045956e-09,4.716743152325316e-09,4.719352551998998e-09,4.7219621568856354e-09,4.724571966352582e-09,4.727181980213493e-09,4.7297921981253365e-09,4.73240261971454e-09,4.735013244710195e-09,4.737624072677715e-09,4.740235103498896e-09,4.742846336743142e-09,4.745457771904102e-09,4.7480694088292336e-09,4.75068124715931e-09,4.75329328650417e-09,4.75590552641601e-09,4.75851796668021e-09,4.761130606951087e-09,4.763743446999978e-09,4.766356486489192e-09,4.7689697249660494e-09,4.771583162008739e-09,4.774196797402867e-09,4.776810630786663e-09,4.77942466190583e-09,4.78203889053565e-09,4.7846533160286566e-09,4.787267938311118e-09,4.789882756815516e-09,4.79249777144152e-09,4.7951129817659694e-09,4.797728387469242e-09,4.800343988235125e-09,4.802959783839593e-09,4.805575773827982e-09,4.808191957893946e-09,4.810808335512179e-09,4.8134249064639645e-09,4.816041670627485e-09,4.818658627512046e-09,4.821275776835188e-09,4.823893118278547e-09,4.8265106514700285e-09,4.8291283762109285e-09,4.831746292096654e-09,4.834364398732115e-09,4.83698269588066e-09,4.8396011830588606e-09,4.842219859905586e-09,4.8448387264183194e-09,4.8474577820290246e-09,4.850077026543525e-09,4.8526964597464596e-09,4.855316081042301e-09,4.857935890327355e-09,4.860555887171201e-09,4.863176071107598e-09,4.865796442044183e-09,4.868416999488486e-09,4.871037743217262e-09,4.873658672980956e-09,4.876279788299505e-09,4.878901088900132e-09,4.8815225745428925e-09,4.884144244810431e-09,4.886766099622448e-09,4.889388138393927e-09,4.8920103607987925e-09,4.8946327666234366e-09,4.897255355629377e-09,4.899878127328792e-09,4.902501081556881e-09,4.905124217810192e-09,4.90774753595997e-09,4.910371035516356e-09,4.912994716415123e-09,4.915618578014415e-09,4.918242620036575e-09,4.920866842442334e-09,4.923491244736996e-09,4.92611582678677e-09,4.928740588045227e-09,4.931365528228669e-09,4.933990647119179e-09,4.936615944342007e-09,4.9392414197097424e-09,4.941867072683624e-09,4.944492903052952e-09,4.947118910549256e-09,4.949745094934863e-09,4.952371455735401e-09,4.954997992613254e-09,4.957624705470953e-09,4.9602515938417746e-09,4.962878657468495e-09,4.965505895971519e-09,4.968133309063048e-09,4.970760896472452e-09,4.973388657866468e-09,4.976016593088106e-09,4.978644701665019e-09,4.9812729832012714e-09,4.983901437489005e-09,4.9865300642486015e-09,4.989158863224443e-09,4.9917878339918916e-09,4.994416976259583e-09,4.997046289735521e-09,4.999675774156007e-09,5.002305429227008e-09,5.004935254595718e-09,5.007565249966515e-09,5.0101954151038e-09,5.0128257495637936e-09,5.015456253131883e-09,5.018086925667238e-09,5.02071776651083e-09,5.023348775502881e-09,5.0259799524355126e-09,5.028611296638213e-09,5.031242808355737e-09,5.033874487252451e-09,5.036506332603425e-09,5.039138344385917e-09,5.0417705221996055e-09,5.044402865875763e-09,5.047035374940414e-09,5.049668049281215e-09,5.052300888369438e-09,5.0549338919911646e-09,5.057567059917085e-09,5.060200391807293e-09,5.0628338873634864e-09,5.065467546344631e-09,5.068101368406892e-09,5.070735353187097e-09,5.073369500432367e-09,5.076003809841284e-09,5.078638281144222e-09,5.081272914036293e-09,5.0839077082372595e-09,5.086542663371069e-09,5.089177779222818e-09,5.09181305546871e-09,5.094448491811723e-09,5.097084087897223e-09,5.099719843549944e-09,5.102355758459507e-09,5.104991832290465e-09,5.107628064779031e-09,5.110264455582998e-09,5.112901004426197e-09,5.115537711066933e-09,5.118174575018132e-09,5.120811596212083e-09,5.1234487743107395e-09,5.126086109000063e-09,5.128723599992796e-09,5.13136124696796e-09,5.1339990496576725e-09,5.136637007785706e-09,5.139275121016384e-09,5.14191338909885e-09,5.144551811721659e-09,5.147190388567501e-09,5.149829119423352e-09,5.152468003947836e-09,5.1551070418578485e-09,5.157746232886815e-09,5.160385576738418e-09,5.163025073089265e-09,5.16566472180523e-09,5.168304522317669e-09,5.170944474541156e-09,5.173584578285771e-09,5.176224833172436e-09,5.178865238693503e-09,5.1815057947386426e-09,5.184146501001567e-09,5.186787357210925e-09,5.189428363040924e-09,5.192069518299676e-09,5.1947108226570006e-09,5.197352275869865e-09,5.199993877584582e-09,5.202635627547168e-09,5.205277525466874e-09,5.207919571130207e-09,5.210561764126104e-09,5.213204104214553e-09,5.215846591179098e-09,5.218489224671011e-09,5.221132004432471e-09,5.223774930158271e-09,5.226418001606912e-09,5.229061218502265e-09,5.231704580494328e-09,5.234348087394383e-09,5.236991738926405e-09,5.2396355347754e-09,5.242279474584837e-09,5.244923558183257e-09,5.24756778519939e-09,5.250212155446512e-09,5.252856668611176e-09,5.255501324451636e-09,5.258146122489668e-09,5.260791062547616e-09,5.263436144551445e-09,5.2660813681069225e-09,5.268726732610191e-09,5.2713722384759e-09,5.274017884957738e-09,5.276663671910549e-09,5.2793095991102265e-09,5.281955666039723e-09,5.2846018725748346e-09,5.28724821843944e-09,5.289894703349818e-09,5.292541326998383e-09,5.295188089196692e-09,5.297834989621009e-09,5.300482028009162e-09,5.30312920409624e-09,5.305776517578907e-09,5.308423968205164e-09,5.311071555853959e-09,5.3137192798896556e-09,5.316367140286309e-09,5.319015136597153e-09,5.321663268899987e-09,5.3243115365734726e-09,5.32695993944306e-09,5.32960847747052e-09,5.332257150189702e-09,5.334905957234931e-09,5.337554898510963e-09,5.340203973702495e-09,5.3428531825562694e-09,5.3455025247526186e-09,5.348152000025358e-09,5.350801608158014e-09,5.353451348808351e-09,5.356101221735951e-09,5.358751226689507e-09,5.3614013634678476e-09,5.36405163169491e-09,5.366702031143854e-09,5.369352561538807e-09,5.372003222645805e-09,5.3746540141522785e-09,5.377304935842085e-09,5.379955987434755e-09,5.382607168669387e-09,5.385258479063772e-09,5.38790991876053e-09,5.390561487279747e-09,5.3932131843712834e-09,5.395865009807071e-09,5.398516963276107e-09,5.401169044563576e-09,5.40382125344001e-09,5.4064735894625215e-09,5.4091260525459555e-09,5.411778642370769e-09,5.414431358673306e-09,5.417084201208459e-09,5.41973716968297e-09,5.422390263875663e-09,5.425043483476303e-09,5.427696828238527e-09,5.430350297981535e-09,5.4330038923959265e-09,5.435657611303069e-09,5.438311454273295e-09,5.4409654211097e-09,5.443619511593047e-09,5.446273725456217e-09,5.448928062397803e-09,5.4515825222145275e-09,5.4542371045781575e-09,5.456891809314429e-09,5.4595466361800065e-09,5.462201584881774e-09,5.464856655137505e-09,5.467511846707844e-09,5.470167159338015e-09,5.472822592781536e-09,5.475478146771218e-09,5.478133821067948e-09,5.480789615401577e-09,5.483445529524174e-09,5.4861015631656486e-09,5.488757716107452e-09,5.491413988112637e-09,5.494070378803944e-09,5.4967268880836826e-09,5.499383515593937e-09,5.502040261162188e-09,5.504697124489604e-09,5.507354105268599e-09,5.510011203344368e-09,5.512668418445664e-09,5.515325750323719e-09,5.517983198722586e-09,5.520640763383396e-09,5.523298444047738e-09,5.525956240476467e-09,5.5286141524241865e-09,5.5312721796697046e-09,5.533930321882549e-09,5.536588578873681e-09,5.539246950380981e-09,5.541905436140134e-09,5.544564035934364e-09,5.547222749480735e-09,5.549881576530025e-09,5.552540516868277e-09,5.5551995702711055e-09,5.557858736415058e-09,5.56051801511703e-09,5.563177406116169e-09,5.565836909163018e-09,5.568496524000149e-09,5.571156250384812e-09,5.573816088091248e-09,5.576476036871869e-09,5.579136096457198e-09,5.581796266442703e-09,5.584456546933681e-09,5.587116937499038e-09,5.589777437925569e-09,5.59243804795057e-09,5.595098767345837e-09,5.59775959586569e-09,5.600420533231231e-09,5.603081579251814e-09,5.6057427336472065e-09,5.608403996174207e-09,5.611065366558814e-09,5.613726844663165e-09,5.616388430192529e-09,5.619050122902851e-09,5.621711922561113e-09,5.624373828847099e-09,5.627035841667299e-09,5.629697960674051e-09,5.6323601857006655e-09,5.635022516466285e-09,5.637684952695939e-09,5.640347494234771e-09,5.643010140780879e-09,5.645672892126547e-09,5.648335748034986e-09,5.650998708254602e-09,5.653661772535297e-09,5.656324940622158e-09,5.658988212339111e-09,5.661651587458875e-09,5.664315065698807e-09,5.6669786468422895e-09,5.669642330663673e-09,5.672306116880588e-09,5.6749700052878214e-09,5.677633995171992e-09,5.680298087261543e-09,5.682962280812897e-09,5.685626575615675e-09,5.688290971437135e-09,5.690955468045935e-09,5.693620065217228e-09,5.696284762688735e-09,5.698949560099106e-09,5.701614457458515e-09,5.704279454468021e-09,5.7069445508542045e-09,5.709609746393473e-09,5.712275040857249e-09,5.714940434020784e-09,5.717605925515782e-09,5.720271515265419e-09,5.7229372030967045e-09,5.72560298866467e-09,5.7282688717946e-09,5.7309348522492365e-09,5.733600929758614e-09,5.736267104111536e-09,5.738933375081436e-09,5.7415997424419374e-09,5.7442662058286054e-09,5.746932765264954e-09,5.749599420427166e-09,5.752266171047684e-09,5.754933016905994e-09,5.757599957790569e-09,5.7602669934458e-09,5.762934123688488e-09,5.765601348262244e-09,5.7682686669520546e-09,5.770936079507245e-09,5.773603585716009e-09,5.776271185375335e-09,5.778938878202064e-09,5.781606664085921e-09,5.784274542702147e-09,5.78694251383325e-09,5.789610577291675e-09,5.792278732810634e-09,5.794946980203522e-09,5.7976153192232645e-09,5.800283749664817e-09,5.802952271279021e-09,5.80562088386633e-09,5.808289587202142e-09,5.810958381054696e-09,5.813627265216414e-09,5.816296239437102e-09,5.8189653035117436e-09,5.821634457217687e-09,5.8243037003291895e-09,5.826973032639728e-09,5.829642453908652e-09,5.8323119639516136e-09,5.834981562503431e-09,5.83765124936102e-09,5.840321024297328e-09,5.842990887111787e-09,5.84566083763147e-09,5.8483308756026926e-09,5.851001000706883e-09,5.8536712127986075e-09,5.85634151165788e-09,5.859011897060839e-09,5.861682368797894e-09,5.864352926661933e-09,5.867023570431927e-09,5.8696942998828406e-09,5.872365114813909e-09,5.875036015063715e-09,5.877707000229878e-09,5.880378070236944e-09,5.883049224865017e-09,5.885720463900703e-09,5.888391787079725e-09,5.8910631942228034e-09,5.893734685115626e-09,5.896406259502844e-09,5.899077917196484e-09,5.901749658003531e-09,5.904421481678424e-09,5.907093388034321e-09,5.9097653768399166e-09,5.912437447883912e-09,5.915109600961336e-09,5.917781835845315e-09,5.9204541523308356e-09,5.923126550200208e-09,5.925799029287223e-09,5.92847158930496e-09,5.931144230078328e-09,5.933816951384995e-09,5.936489753028731e-09,5.9391626347531555e-09,5.941835596445639e-09,5.944508637772227e-09,5.947181758614952e-09,5.949854958744031e-09,5.952528237939945e-09,5.955201595993687e-09,5.957875032698521e-09,5.960548547802837e-09,5.963222141176163e-09,5.965895812570164e-09,5.968569561769668e-09,5.971243388605166e-09,5.9739172928135975e-09,5.976591274209941e-09,5.979265332591965e-09,5.981939467743285e-09,5.984613679416652e-09,5.9872879675163966e-09,5.989962331762658e-09,5.992636771935402e-09,5.995311287846969e-09,5.99798587915969e-09,6.0006605460132744e-09,6.003335287923636e-09,6.0060101047461705e-09,6.008684996277768e-09,6.0113599623098535e-09,6.014035002659132e-09,6.016710117111282e-09,6.019385305450378e-09,6.022060567501687e-09,6.024735903023358e-09,6.02741131182961e-09,6.030086793713063e-09,6.0327623484790395e-09,6.03543797592087e-09,6.038113675844586e-09,6.0407894480082765e-09,6.043465292249134e-09,6.046141208365039e-09,6.04881719615136e-09,6.051493255401433e-09,6.054169385914864e-09,6.056845587446604e-09,6.059521859878941e-09,6.062198202957152e-09,6.064874616509892e-09,6.06755110027859e-09,6.070227654160171e-09,6.072904277885543e-09,6.075580971292486e-09,6.078257734451975e-09,6.080934566595985e-09,6.083611467789477e-09,6.0862884378537916e-09,6.08896547657833e-09,6.091642583711458e-09,6.0943197591868466e-09,6.096997002738978e-09,6.099674314127668e-09,6.102351693244898e-09,6.105029139846789e-09,6.107706653744345e-09,6.110384234722639e-09,6.1130618825773915e-09,6.115739597098138e-09,6.118417378209043e-09,6.121095225358451e-09,6.123773138856632e-09,6.126451118270237e-09,6.129129163220859e-09,6.131807273893021e-09,6.134485449895261e-09,6.137163691033536e-09,6.139841997125935e-09,6.142520367931075e-09,6.145198803329305e-09,6.1478773030424725e-09,6.150555866981968e-09,6.153234494865453e-09,6.155913186570874e-09,6.1585919418731926e-09,6.161270760576225e-09,6.163949642485166e-09,6.1666285874128354e-09,6.169307595136603e-09,6.171986665539367e-09,6.174665798383025e-09,6.17734499346948e-09,6.180024250393264e-09,6.182703569425177e-09,6.1853829501403636e-09,6.188062392351524e-09,6.190741895857153e-09,6.193421460478095e-09,6.196101086027509e-09,6.1987807723072515e-09,6.201460519153624e-09,6.204140326329911e-09,6.2068201936427765e-09,6.209500120967854e-09,6.212180108100418e-09,6.214860154842032e-09,6.2175402609976455e-09,6.220220426373975e-09,6.222900650676153e-09,6.225580933957711e-09,6.228261275912418e-09,6.230941676304554e-09,6.233622135038755e-09,6.2363026518684894e-09,6.2389832266298706e-09,6.241663859138606e-09,6.2443445492010405e-09,6.247025296630401e-09,6.249706101244246e-09,6.2523869628454735e-09,6.2550678812748285e-09,6.2577488563146685e-09,6.260429887531004e-09,6.263110975114497e-09,6.265792118954129e-09,6.268473318691005e-09,6.271154574140362e-09,6.2738358852119e-09,6.2765172515930735e-09,6.279198673046702e-09,6.281880149523653e-09,6.284561680781426e-09,6.287243266709823e-09,6.2899249070217125e-09,6.292606601677155e-09,6.295288350309962e-09,6.297970152835423e-09,6.3006520090736746e-09,6.303333918822583e-09,6.30601588193051e-09,6.308697898206489e-09,6.311379967559476e-09,6.31406208959888e-09,6.316744264297586e-09,6.319426491459078e-09,6.322108770924005e-09,6.324791102423308e-09,6.327473485830301e-09,6.330155920964655e-09,6.332838407665335e-09,6.335520945709282e-09,6.338203534993211e-09,6.340886175286139e-09,6.3435688664210045e-09,6.346251608225764e-09,6.3489344005092025e-09,6.351617243106571e-09,6.354300135914092e-09,6.356983078596459e-09,6.359666071142521e-09,6.362349113207645e-09,6.365032204759586e-09,6.367715345476594e-09,6.370398535317598e-09,6.373081774051406e-09,6.375765061498533e-09,6.378448397496617e-09,6.3811317819072224e-09,6.383815214502466e-09,6.3864986951260014e-09,6.389182223595349e-09,6.3918657995645106e-09,6.394549423209809e-09,6.397233094224821e-09,6.399916812376737e-09,6.402600577495018e-09,6.405284389427303e-09,6.407968248020448e-09,6.410652153073865e-09,6.413336104201808e-09,6.416020101669703e-09,6.418704145089855e-09,6.421388234276474e-09,6.42407236907836e-09,6.426756549340433e-09,6.429440774957605e-09,6.432125045580819e-09,6.434809361130985e-09,6.437493721358167e-09,6.440178126251124e-09,6.442862575708933e-09,6.445547069247395e-09,6.448231606877867e-09,6.450916188371221e-09,6.4536008136330925e-09,6.45628548246653e-09,6.458970194675703e-09,6.461654950174683e-09,6.464339748824769e-09,6.467024590256439e-09,6.469709474399059e-09,6.472394401064782e-09,6.475079370153104e-09,6.477764381476626e-09,6.4804494347881826e-09,6.4831345300643524e-09,6.485819667068932e-09,6.488504845597061e-09,6.491190065516712e-09,6.493875326650919e-09,6.496560628844938e-09,6.499245971928169e-09,6.5019313557799275e-09,6.504616780121194e-09,6.507302244951554e-09,6.50998774996967e-09,6.512673294956974e-09,6.515358879906403e-09,6.518044504584172e-09,6.520730168837441e-09,6.523415872520087e-09,6.526101615420978e-09,6.528787397394137e-09,6.531473218287903e-09,6.534159077941981e-09,6.536844976175312e-09,6.539530912810879e-09,6.542216887693216e-09,6.544902900701573e-09,6.547588951727877e-09,6.550275040462438e-09,6.5529611668064605e-09,6.555647330546431e-09,6.558333531636841e-09,6.561019769838094e-09,6.563706045003099e-09,6.566392356975489e-09,6.569078705615294e-09,6.571765090709932e-09,6.574451512161173e-09,6.577137969701008e-09,6.579824463318649e-09,6.582510992793313e-09,6.585197557943566e-09,6.587884158615067e-09,6.5905707946503274e-09,6.593257465849156e-09,6.5959441721482195e-09,6.5986309133318245e-09,6.601317689236653e-09,6.604004499727954e-09,6.606691344635649e-09,6.609378223799177e-09,6.612065137065392e-09,6.614752084239809e-09,6.61743906523254e-09,6.6201260798297256e-09,6.622813127920168e-09,6.62550020930429e-09,6.628187323850017e-09,6.630874471417688e-09,6.6335616518358075e-09,6.636248865009794e-09,6.638936110638297e-09,6.641623388628245e-09,6.644310698799333e-09,6.646998041076207e-09,6.649685415281016e-09,6.652372821241789e-09,6.655060258798244e-09,6.657747727807902e-09,6.6604352282211786e-09,6.66312275965387e-09,6.665810322079886e-09,6.668497915340549e-09,6.671185539269398e-09,6.6738731937290545e-09,6.676560878694419e-09,6.679248593615507e-09,6.681936338729153e-09,6.6846241137536264e-09,6.6873119185404154e-09,6.6899997529106995e-09,6.692687616758085e-09,6.695375509964327e-09,6.6980634322310125e-09,6.700751383528512e-09,6.703439363675525e-09,6.706127372525827e-09,6.708815409820463e-09,6.711503475613168e-09,6.7141915696512906e-09,6.716879691808999e-09,6.7195678419100085e-09,6.7222560197997586e-09,6.724944225316729e-09,6.727632458343054e-09,6.730320718701281e-09,6.733009006256933e-09,6.735697320845756e-09,6.7383856623295516e-09,6.741074030583809e-09,6.743762425433745e-09,6.746450846735151e-09,6.749139294442301e-09,6.75182776820368e-09,6.75451626797282e-09,6.75720479360287e-09,6.759893344947943e-09,6.762581921858455e-09,6.765270524185549e-09,6.767959151777467e-09,6.770647804492896e-09,6.773336482193384e-09,6.776025184724496e-09,6.778713911957795e-09,6.781402663738151e-09,6.784091439629689e-09,6.786780240034125e-09,6.789469064543475e-09,6.792157913016955e-09,6.7948467852836866e-09,6.797535681218173e-09,6.800224600674096e-09,6.802913543087418e-09,6.805602509152761e-09,6.808291498304012e-09,6.810980510403355e-09,6.813669545294598e-09,6.816358602907558e-09,6.819047682971794e-09,6.821736785407714e-09,6.824425910070897e-09,6.82711505680884e-09,6.829804225528869e-09,6.8324934160095874e-09,6.83518262813365e-09,6.837871861781978e-09,6.840561116810764e-09,6.843250393062547e-09,6.845939690345481e-09,6.848629008608692e-09,6.851318347908669e-09,6.85400770767528e-09,6.8566970879495675e-09,6.85938648860085e-09,6.862075909483133e-09,6.864765350476201e-09,6.867454811403976e-09,6.870144292170838e-09,6.872833792617762e-09,6.875523312601418e-09,6.8782128519720785e-09,6.88090241074159e-09,6.8835919885025225e-09,6.886281585180607e-09,6.8889712007635626e-09,6.891660835013638e-09,6.894350487868973e-09,6.897040159121693e-09,6.899729848683899e-09,6.902419556388469e-09,6.905109282110065e-09,6.9077990257062466e-09,6.9104887871629e-09,6.913178566105514e-09,6.915868362557865e-09,6.918558176263898e-09,6.921248007146697e-09,6.9239378551019265e-09,6.926627719938017e-09,6.929317601808285e-09,6.9320075000549045e-09,6.934697414840499e-09,6.9373873459939574e-09,6.940077293377979e-09,6.942767256847598e-09,6.9454572362904215e-09,6.948147231562481e-09,6.950837242528587e-09,6.95352726904798e-09,6.95621731113007e-09,6.95890736836774e-09,6.9615974408852104e-09,6.964287528264064e-09,6.966977630551315e-09,6.969667747562413e-09,6.972357879201129e-09,6.975048025363372e-09,6.977738185815235e-09,6.9804283605119415e-09,6.983118549291316e-09,6.985808752007064e-09,6.988498968657248e-09,6.991189198889904e-09,6.993879442681583e-09,6.996569700024743e-09,6.999259970522006e-09,7.001950254171331e-09,7.00464055083317e-09,7.007330860399978e-09,7.010021182672487e-09,7.012711517634442e-09,7.015401865080087e-09,7.018092224907492e-09,7.020782596964488e-09,7.023472981076531e-09,7.026163377248303e-09,7.0288537852744225e-09,7.0315442048513605e-09,7.034234636154555e-09,7.036925078910447e-09,7.039615532985097e-09,7.042305998265139e-09,7.044996474604797e-09,7.047686962078119e-09,7.050377460182276e-09,7.05306796896438e-09,7.055758488286595e-09,7.0584490180413835e-09,7.061139558091823e-09,7.063830108279951e-09,7.066520668607981e-09,7.069211238780327e-09,7.071901818745662e-09,7.074592408358003e-09,7.077283007493702e-09,7.0799736160119595e-09,7.082664233831613e-09,7.085354860797517e-09,7.088045496788864e-09,7.090736141659513e-09,7.093426795293443e-09,7.096117457593734e-09,7.098808128419097e-09,7.101498807626086e-09,7.1041894950701106e-09,7.106880190682512e-09,7.109570894240287e-09,7.112261605755826e-09,7.114952325005252e-09,7.117643051923877e-09,7.120333786388766e-09,7.1230245282337975e-09,7.12571527724845e-09,7.128406033478669e-09,7.131096796838673e-09,7.133787566977677e-09,7.136478343395089e-09,7.139169126937642e-09,7.1418599170153785e-09,7.1445507134039816e-09,7.147241516154755e-09,7.149932325123469e-09,7.152623140061674e-09,7.155313960907025e-09,7.158004787539355e-09,7.160695619819246e-09,7.163386457647806e-09,7.166077300895763e-09,7.168768149427718e-09,7.171459003217918e-09,7.17414986191576e-09,7.176840725615834e-09,7.17953159413353e-09,7.182222467408104e-09,7.184913345149124e-09,7.1876042273616945e-09,7.19029511388399e-09,7.192986004703057e-09,7.195676899527165e-09,7.198367798322953e-09,7.201058700962567e-09,7.203749607407011e-09,7.2064405173840765e-09,7.2091314308393884e-09,7.211822347663867e-09,7.214513267741498e-09,7.217204190946562e-09,7.219895117111942e-09,7.2225860462377005e-09,7.2252769778741205e-09,7.227967912397873e-09,7.2306588496289425e-09,7.2333497891831775e-09,7.236040730937673e-09,7.238731674891619e-09,7.241422620908014e-09,7.244113568961244e-09,7.246804518756437e-09,7.249495470257277e-09,7.252186423340932e-09,7.254877377958464e-09,7.257568333888536e-09,7.260259291034719e-09,7.262950249193128e-09,7.265641208507158e-09,7.2683321687761886e-09,7.271023129773596e-09,7.273714091581681e-09,7.2764050537701546e-09,7.2790960163945876e-09,7.281786979249465e-09,7.284477942390136e-09,7.287168905586151e-09,7.289859868764446e-09,7.292550831799646e-09,7.295241794581193e-09,7.2979327569905185e-09,7.300623718964289e-09,7.303314680234437e-09,7.306005640817674e-09,7.308696600601012e-09,7.311387559439404e-09,7.31407851725068e-09,7.316769473810827e-09,7.319460429078569e-09,7.322151382993875e-09,7.324842335375014e-09,7.327533286064197e-09,7.3302242351357104e-09,7.3329151823096305e-09,7.3356061275229464e-09,7.338297070664396e-09,7.340988011664085e-09,7.343678950277353e-09,7.346369886510836e-09,7.349060820242118e-09,7.351751751317636e-09,7.354442679637154e-09,7.35713360510747e-09,7.359824527575311e-09,7.362515446916401e-09,7.365206363165345e-09,7.367897276091009e-09,7.370588185604831e-09,7.37327909157741e-09,7.375969993956671e-09,7.378660892632244e-09,7.381351787433286e-09,7.384042678218007e-09,7.386733565209036e-09,7.38942444774439e-09,7.392115325993126e-09,7.394806199890796e-09,7.397497069083207e-09,7.400187933833951e-09,7.4028787939018835e-09,7.40556964905217e-09,7.408260499216256e-09,7.410951344364533e-09,7.4136421843464535e-09,7.416333019061132e-09,7.419023848396601e-09,7.421714672237767e-09,7.424405490484068e-09,7.427096303014136e-09,7.429787109768711e-09,7.432477910591467e-09,7.435168705392335e-09,7.437859494061994e-09,7.440550276440398e-09,7.443241052525827e-09,7.445931822215882e-09,7.4486225852185834e-09,7.45131334163186e-09,7.454004091279243e-09,7.456694834045757e-09,7.4593855698299e-09,7.462076298539653e-09,7.464767020054098e-09,7.467457734254072e-09,7.470148440999918e-09,7.4728391402918e-09,7.475529831972487e-09,7.478220515926964e-09,7.480911192077721e-09,7.483601860278582e-09,7.486292520407944e-09,7.48898317244925e-09,7.491673816254753e-09,7.494364451684848e-09,7.497055078906822e-09,7.499745697344252e-09,7.502436307120541e-09,7.505126908048508e-09,7.507817500223764e-09,7.510508083400765e-09,7.513198657551882e-09,7.515889222491587e-09,7.518579778145803e-09,7.521270324405326e-09,7.523960861200267e-09,7.526651388418472e-09,7.529341905904384e-09,7.532032413694415e-09,7.53472291153167e-09,7.53741339938832e-09,7.540103877215525e-09,7.542794344900602e-09,7.545484802167431e-09,7.548175249035431e-09,7.550865685399257e-09,7.553556111294326e-09,7.556246526320579e-09,7.55893693057898e-09,7.561627323964642e-09,7.564317706280426e-09,7.567008077581592e-09,7.569698437578326e-09,7.572388786325495e-09,7.57507912365824e-09,7.57776944957556e-09,7.580459763789234e-09,7.583150066322869e-09,7.58584035703811e-09,7.588530635861026e-09,7.591220902677419e-09,7.593911157457767e-09,7.596601399727944e-09,7.599291629953708e-09,7.601981847757317e-09,7.604672053087253e-09,7.60736224579242e-09,7.610052425868532e-09,7.612742593149632e-09,7.61543274749711e-09,7.618122888856918e-09,7.620813017089868e-09,7.62350313218147e-09,7.626193233841195e-09,7.628883322235589e-09,7.631573397193685e-09,7.634263458583919e-09,7.636953506309865e-09,7.639643540311689e-09,7.642333560632713e-09,7.645023566752171e-09,7.647713559104564e-09,7.650403537041163e-09,7.65309350049122e-09,7.655783449973398e-09,7.658473384871156e-09,7.661163305246612e-09,7.663853211224978e-09,7.666543102229174e-09,7.669232978408995e-09,7.671922839729612e-09,7.674612685989691e-09,7.677302517124637e-09,7.679992333191508e-09,7.682682133858678e-09,7.685371919114824e-09,7.688061688891125e-09,7.690751443172936e-09,7.693441181697903e-09,7.696130904447156e-09,7.69882061137932e-09,7.70151030240497e-09,7.70419997731774e-09,7.706889636100917e-09,7.70957927860334e-09,7.712268904782745e-09,7.714958514550241e-09,7.717648107781093e-09,7.720337684398248e-09,7.723027244290687e-09,7.725716787461006e-09,7.728406313709783e-09,7.731095822994844e-09,7.733785315183907e-09,7.736474790142179e-09,7.739164247933919e-09,7.7418536882942e-09,7.744543111372644e-09,7.747232516831831e-09,7.749921904659065e-09,7.75261127476277e-09,7.75530062707103e-09,7.757989961422636e-09,7.760679277841525e-09,7.763368576139836e-09,7.766057856283702e-09,7.768747118320794e-09,7.77143636189493e-09,7.774125587002778e-09,7.776814793581262e-09,7.779503981539627e-09,7.78219315079216e-09,7.784882301247574e-09,7.78757143281416e-09,7.790260545407637e-09,7.792949638942258e-09,7.795638713345106e-09,7.798327768495293e-09,7.801016804264078e-09,7.803705820598376e-09,7.806394817419556e-09,7.809083794623147e-09,7.811772752130922e-09,7.8144616898641e-09,7.817150607798118e-09,7.81983950570337e-09,7.822528383583243e-09,7.825217241304945e-09,7.827906078815386e-09,7.830594895950141e-09,7.833283692724784e-09,7.835972469015564e-09,7.838661224557685e-09,7.841349959612048e-09,7.844038673916422e-09,7.846727367379919e-09,7.849416039918568e-09,7.85210469144649e-09,7.854793321832666e-09,7.857481931089079e-09,7.860170519088081e-09,7.862859085710215e-09,7.86554763092854e-09,7.86823615454683e-09,7.870924656585064e-09,7.873613136913463e-09,7.876301595453727e-09,7.87899003214105e-09,7.881678446920491e-09,7.884366839936196e-09,7.887055210397519e-09,7.889743558719572e-09,7.892431884741872e-09,7.895120188403317e-09,7.89780846951194e-09,7.90049672814732e-09,7.903184964123695e-09,7.905873177385928e-09,7.908561367844536e-09,7.911249535326613e-09,7.91393767993773e-09,7.916625801588194e-09,7.919313899966781e-09,7.92200197513944e-09,7.924690026931391e-09,7.927378055382111e-09,7.930066060354527e-09,7.932754041790046e-09,7.935441999553367e-09,7.938129933590893e-09,7.940817843823966e-09,7.943505730177967e-09,7.946193592552864e-09,7.948881430624712e-09,7.951569244783494e-09,7.95425703489654e-09,7.956944800516244e-09,7.959632541754627e-09,7.96232025880233e-09,7.965007950964546e-09,7.967695618533256e-09,7.970383261430796e-09,7.973070879498018e-09,7.975758472668267e-09,7.978446040959317e-09,7.981133584153756e-09,7.983821102294147e-09,7.986508595167145e-09,7.989196062753734e-09,7.991883504963731e-09,7.994570921728414e-09,7.997258312970283e-09,7.999945678591391e-09,8.002633018546797e-09,8.005320332664064e-09,8.008007620994306e-09,8.01069488341758e-09,8.01338211980408e-09,8.016069330394404e-09,8.01875651453143e-09,8.02144367243777e-09,8.024130803968766e-09,8.026817909129572e-09,8.029504987859666e-09,8.032192039964143e-09,8.034879065434452e-09,8.037566064122314e-09,8.040253035985686e-09,8.04293998102396e-09,8.045626899136217e-09,8.048313790274892e-09,8.051000654189815e-09,8.053687490905206e-09,8.0563743003569e-09,8.059061082509202e-09,8.061747837163743e-09,8.0644345643762e-09,8.067121264036863e-09,8.069807936072741e-09,8.072494580461225e-09,8.075181196854241e-09,8.077867785371889e-09,8.08055434598677e-09,8.083240878511592e-09,8.085927382907135e-09,8.088613859112479e-09,8.091300307061964e-09,8.093986726641251e-09,8.096673117789176e-09,8.099359480576108e-09,8.102045814642763e-09,8.104732120078295e-09,8.107418396848836e-09,8.110104644719935e-09,8.112790863700907e-09,8.115477053742836e-09,8.11816321470431e-09,8.120849346663858e-09,8.123535449334964e-09,8.12622152267955e-09,8.128907566757007e-09,8.131593581453665e-09,8.13427956667931e-09,8.13696552230713e-09,8.139651448320417e-09,8.142337344599935e-09,8.145023211069737e-09,8.147709047699781e-09,8.150394854407148e-09,8.153080631133364e-09,8.155766377718438e-09,8.158452094135683e-09,8.161137780343707e-09,8.16382343630023e-09,8.16650906181584e-09,8.169194656905736e-09,8.171880221533427e-09,8.174565755495004e-09,8.177251258904132e-09,8.179936731456472e-09,8.182622173148711e-09,8.185307583737074e-09,8.187992963617488e-09,8.190678312534133e-09,8.193363630262617e-09,8.19604891685187e-09,8.19873417213392e-09,8.201419396111993e-09,8.204104588604693e-09,8.206789749737997e-09,8.209474879309406e-09,8.212159977247081e-09,8.21484504353962e-09,8.217530078092282e-09,8.220215080812486e-09,8.222900051590747e-09,8.225584990426991e-09,8.228269897201606e-09,8.23095477185064e-09,8.233639614269007e-09,8.236324424484631e-09,8.239009202387815e-09,8.2416939478988e-09,8.244378660900153e-09,8.247063341433892e-09,8.249747989361038e-09,8.252432604572152e-09,8.255117187033546e-09,8.257801736743096e-09,8.260486253545062e-09,8.26317073730778e-09,8.26585518806886e-09,8.26853960578332e-09,8.27122399028034e-09,8.273908341535204e-09,8.276592659514437e-09,8.27927694409251e-09,8.281961195306713e-09,8.284645412930154e-09,8.287329596995777e-09,8.290013747384657e-09,8.292697864052448e-09,8.295381946917314e-09,8.298065995937895e-09,8.300750011025205e-09,8.303433992156673e-09,8.306117939193276e-09,8.3088018521042e-09,8.311485730803121e-09,8.31416957527774e-09,8.316853385387506e-09,8.31953716107666e-09,8.322220902138481e-09,8.324904608830728e-09,8.327588280900454e-09,8.330271918316432e-09,8.33295552099125e-09,8.335639088843145e-09,8.338322621623651e-09,8.341006119659968e-09,8.34368958270364e-09,8.346373010519852e-09,8.349056403348027e-09,8.351739760890436e-09,8.354423083424621e-09,8.357106370417953e-09,8.359789622002689e-09,8.362472838199077e-09,8.365156018821101e-09,8.367839163825295e-09,8.370522273090581e-09,8.373205346652706e-09,8.37588838441034e-09,8.378571386408166e-09,8.381254352384937e-09,8.38393728230775e-09,8.386620176299087e-09,8.38930303411321e-09,8.39198585568088e-09,8.394668641190144e-09,8.397351390174615e-09,8.400034102730887e-09,8.402716778831747e-09,8.40539941842961e-09,8.408082021521613e-09,8.410764587893798e-09,8.413447117635961e-09,8.416129610496876e-09,8.418812066613262e-09,8.421494485769064e-09,8.424176867986021e-09,8.426859213136687e-09,8.429541521149089e-09,8.432223792006994e-09,8.434906025849062e-09,8.437588222192126e-09,8.440270381184846e-09,8.442952502763203e-09,8.44563458688655e-09,8.448316633491134e-09,8.450998642374867e-09,8.453680613753702e-09,8.456362547360841e-09,8.459044443175457e-09,8.461726301161867e-09,8.464408121158675e-09,8.467089903159358e-09,8.469771647129629e-09,8.472453353299544e-09,8.475135021004365e-09,8.477816650525637e-09,8.480498241724216e-09,8.483179794602772e-09,8.4858613090536e-09,8.488542785028452e-09,8.491224222437871e-09,8.493905621246582e-09,8.496586981440978e-09,8.4992683029214e-09,8.501949585766418e-09,8.504630829585465e-09,8.507312034482107e-09,8.509993200584679e-09,8.512674327485551e-09,8.515355415314407e-09,8.518036464019383e-09,8.520717473519993e-09,8.523398443780992e-09,8.52607937464241e-09,8.528760266112701e-09,8.531441118132916e-09,8.534121930682853e-09,8.536802703661913e-09,8.539483437013037e-09,8.542164130661912e-09,8.544844784528326e-09,8.547525398669964e-09,8.550205972857324e-09,8.552886507162882e-09,8.555567001432798e-09,8.558247455803691e-09,8.560927869918786e-09,8.563608244096665e-09,8.566288577818384e-09,8.568968871297917e-09,8.571649124393119e-09,8.574329337084841e-09,8.577009509319395e-09,8.579689641033108e-09,8.582369732170982e-09,8.585049782654165e-09,8.587729792495563e-09,8.590409761547483e-09,8.593089689789529e-09,8.595769577186656e-09,8.59844942363193e-09,8.601129229095423e-09,8.603808993589737e-09,8.606488717019803e-09,8.609168399181118e-09,8.611848040180122e-09,8.614527639849058e-09,8.617207198192986e-09,8.619886715147367e-09,8.622566190674905e-09,8.625245624683738e-09,8.627925017133879e-09,8.630604367968408e-09,8.633283677175334e-09,8.635962944622022e-09,8.638642170223892e-09,8.641321354072986e-09,8.6440004959804e-09,8.646679595795347e-09,8.649358653759132e-09,8.652037669690176e-09,8.654716643480376e-09,8.65739557504669e-09,8.660074464408988e-09,8.662753311434057e-09,8.665432116178151e-09,8.66811087846077e-09,8.670789598344121e-09,8.673468275655659e-09,8.676146910438465e-09,8.67882550255388e-09,8.681504052033345e-09,8.684182558776752e-09,8.686861022728896e-09,8.689539443790664e-09,8.692217821992295e-09,8.694896157241063e-09,8.697574449480605e-09,8.700252698653113e-09,8.702930904724695e-09,8.705609067649476e-09,8.708287187250761e-09,8.71096526364109e-09,8.71364329666565e-09,8.716321286307163e-09,8.718999232449177e-09,8.721677135138778e-09,8.724354994209923e-09,8.727032809737142e-09,8.729710581612122e-09,8.732388309559058e-09,8.735065993922105e-09,8.737743634481508e-09,8.740421231184067e-09,8.743098783942435e-09,8.745776292715747e-09,8.748453757468006e-09,8.751131178111974e-09,8.753808554625393e-09,8.75648588689785e-09,8.759163174918833e-09,8.761840418750659e-09,8.764517618163245e-09,8.767194773201892e-09,8.76987188372269e-09,8.772548949761356e-09,8.77522597124176e-09,8.777902948058187e-09,8.780579880205447e-09,8.78325676764715e-09,8.785933610354505e-09,8.78861040822108e-09,8.791287161226607e-09,8.79396386926042e-09,8.796640532493718e-09,8.7993171505596e-09,8.801993723542066e-09,8.804670251395204e-09,8.807346734031445e-09,8.810023171570123e-09,8.812699563774874e-09,8.815375910573394e-09,8.818052211822696e-09,8.820728467802694e-09,8.823404678247195e-09,8.826080843148272e-09,8.82875696232791e-09,8.831433035974542e-09,8.834109064117745e-09,8.83678504638363e-09,8.839460982572825e-09,8.842136873161915e-09,8.844812717900674e-09,8.847488516699671e-09,8.850164269449855e-09,8.852839976202148e-09,8.855515636858928e-09,8.858191251369776e-09,8.86086681964012e-09,8.863542341711217e-09,8.866217817488355e-09,8.868893246920554e-09,8.871568629914613e-09,8.874243966515134e-09,8.87691925651031e-09,8.87959450007201e-09,8.882269697034757e-09,8.884944847474128e-09,8.88761995111889e-09,8.890295008033023e-09,8.892970018109828e-09,8.895644981351051e-09,8.898319897753765e-09,8.900994767221476e-09,8.903669589457711e-09,8.906344364955409e-09,8.909019093339156e-09,8.911693774596366e-09,8.914368408682868e-09,8.917042995544236e-09,8.919717535135485e-09,8.922392027407501e-09,8.925066472318125e-09,8.927740869810628e-09,8.93041521987249e-09,8.93308952239428e-09,8.935763777358947e-09,8.938437984722061e-09,8.941112144434569e-09,8.94378625644999e-09,8.946460320697299e-09,8.949134337169378e-09,8.951808305644826e-09,8.954482226411298e-09,8.957156099212068e-09,8.959829924034071e-09,8.9625037008731e-09,8.9651774295459e-09,8.967851110139251e-09,8.970524742561947e-09,8.97319832676404e-09,8.975871862711703e-09,8.978545350357678e-09,8.981218789644562e-09,8.983892180538966e-09,8.986565521726293e-09,8.989238815680413e-09,8.991912061090849e-09,8.994585257921961e-09,8.997258406116876e-09,8.999931505630824e-09,9.002604556539311e-09,9.005277558563983e-09,9.007950511775225e-09,9.01062341612646e-09,9.013296271574743e-09,9.015969078180456e-09,9.018641835693083e-09,9.021314544157013e-09,9.02398720349923e-09,9.026659813744932e-09,9.029332374829105e-09,9.032004886689466e-09,9.03467734922179e-09,9.037349762500952e-09,9.040022126432431e-09,9.042694440876403e-09,9.04536670600264e-09,9.048038921604987e-09,9.050711087676112e-09,9.053383204162722e-09,9.056055271158632e-09,9.058727288379262e-09,9.061399255887999e-09,9.064071173386933e-09,9.066743041450436e-09,9.069414859592571e-09,9.072086627801525e-09,9.074758346088179e-09,9.07743001448381e-09,9.0801016327855e-09,9.082773201026222e-09,9.08544471916486e-09,9.08811618717835e-09,9.09078760496523e-09,9.093458972537375e-09,9.096130289833243e-09,9.098801556777519e-09,9.10147277337411e-09,9.104143939571867e-09,9.106815055334701e-09,9.109486120645469e-09,9.112157135352639e-09,9.114828099515653e-09,9.117499013074217e-09,9.120169876312756e-09,9.122840688491746e-09,9.125511449926208e-09,9.128182160616754e-09,9.130852820438907e-09,9.133523429390562e-09,9.13619398742195e-09,9.138864494497884e-09,9.141534950573248e-09,9.144205355616599e-09,9.146875709576933e-09,9.149546012429922e-09,9.152216264092387e-09,9.154886464548272e-09,9.15755661351538e-09,9.160226711432652e-09,9.162896758220946e-09,9.16556675339697e-09,9.168236697125624e-09,9.170906589464169e-09,9.173576430315249e-09,9.176246219628784e-09,9.178915957359657e-09,9.181585643466855e-09,9.18425527792087e-09,9.186924860662226e-09,9.189594391784984e-09,9.19226387100791e-09,9.194933298510164e-09,9.197602674043684e-09,9.200271997679011e-09,9.202941269364947e-09,9.205610489066007e-09,9.208279656682509e-09,9.210948772294868e-09,9.21361783580475e-09,9.21628684719754e-09,9.218955806290992e-09,9.221624713258207e-09,9.224293567957794e-09,9.226962370231927e-09,9.229631120273248e-09,9.232299817925843e-09,9.234968463032125e-09,9.237637055805065e-09,9.240305596067923e-09,9.242974083799301e-09,9.2456425188959e-09,9.248310901415656e-09,9.250979231265812e-09,9.253647508442918e-09,9.256315732852512e-09,9.258983904458198e-09,9.261652023288634e-09,9.264320089263046e-09,9.266988102314634e-09,9.269656062462387e-09,9.272323969663594e-09,9.274991823748026e-09,9.277659624861427e-09,9.280327372892012e-09,9.282995067804289e-09,9.2856627095508e-09,9.28833029810038e-09,9.290997833398806e-09,9.293665315461635e-09,9.296332744175269e-09,9.29900011954022e-09,9.301667441513461e-09,9.304334710028416e-09,9.30700192493495e-09,9.309669086468598e-09,9.312336194230803e-09,9.315003248678277e-09,9.317670249631785e-09,9.320337196804997e-09,9.323004090318251e-09,9.325670930007247e-09,9.328337715991429e-09,9.331004448565161e-09,9.333671126917978e-09,9.336337751384615e-09,9.339004321933379e-09,9.341670838495685e-09,9.344337301033535e-09,9.347003709486179e-09,9.349670063991551e-09,9.352336364400287e-09,9.355002610769892e-09,9.357668802852318e-09,9.36033494072174e-09,9.363001024381898e-09,9.365667053874876e-09,9.368333028969167e-09,9.370998949682936e-09,9.37366481603851e-09,9.376330627840028e-09,9.378996385359578e-09,9.381662088315107e-09,9.384327736658544e-09,9.3869933304774e-09,9.389658869674914e-09,9.392324354259281e-09,9.394989784172916e-09,9.397655159381882e-09,9.400320479767441e-09,9.402985745540394e-09,9.405650956372681e-09,9.408316112503626e-09,9.410981213584724e-09,9.413646259757023e-09,9.416311250935358e-09,9.418976187133992e-09,9.421641068369472e-09,9.424305894473772e-09,9.426970665350133e-09,9.429635381026313e-09,9.432300041737642e-09,9.434964647279492e-09,9.437629197723747e-09,9.440293692651681e-09,9.442958132284812e-09,9.445622516722033e-09,9.448286845638865e-09,9.450951119150886e-09,9.453615337230769e-09,9.45627950002841e-09,9.458943607087938e-09,9.461607658634059e-09,9.464271654554127e-09,9.46693559485641e-09,9.46959947959604e-09,9.472263308556867e-09,9.474927081801148e-09,9.477590799301113e-09,9.480254461003779e-09,9.48291806709195e-09,9.485581617115535e-09,9.488245111208717e-09,9.490908549181733e-09,9.493571931473064e-09,9.496235257769296e-09,9.498898528006068e-09,9.501561742325127e-09,9.50422490040144e-09,9.506888002625853e-09,9.509551048424458e-09,9.512214038196074e-09,9.514876971602555e-09,9.517539848736756e-09,9.5202026696757e-09,9.52286543458464e-09,9.52552814279367e-09,9.528190794627974e-09,9.530853390003556e-09,9.533515929033463e-09,9.536178411524494e-09,9.53884083751031e-09,9.541503206838121e-09,9.544165519577394e-09,9.54682777573901e-09,9.54948997528329e-09,9.552152118376475e-09,9.554814204534783e-09,9.557476233983004e-09,9.560138206654516e-09,9.56280012252467e-09,9.565461981559926e-09,9.568123783664433e-09,9.570785528963572e-09,9.573447217247777e-09,9.57610884864807e-09,9.578770423244244e-09,9.58143194084327e-09,9.584093401145845e-09,9.586754803904542e-09,9.589416150200891e-09,9.592077439138233e-09,9.594738670809152e-09,9.597399845345801e-09,9.600060962621231e-09,9.602722022637595e-09,9.605383025363782e-09,9.608043970778005e-09,9.610704858747199e-09,9.613365689322977e-09,9.616026462499138e-09,9.618687178207776e-09,9.62134783663383e-09,9.624008437327328e-09,9.626668980494933e-09,9.629329466095836e-09,9.631989894012223e-09,9.634650264518795e-09,9.637310577095708e-09,9.639970832021676e-09,9.642631029200815e-09,9.645291168614622e-09,9.647951250233308e-09,9.65061127402863e-09,9.653271239953428e-09,9.655931147854682e-09,9.658590998181691e-09,9.661250790409751e-09,9.663910524632199e-09,9.666570200712945e-09,9.669229818883118e-09,9.67188937902599e-09,9.674548881054585e-09,9.677208324958563e-09,9.679867710659948e-09,9.682527038206595e-09,9.6851863075722e-09,9.687845518690893e-09,9.690504671621071e-09,9.693163766355494e-09,9.695822802746735e-09,9.698481780575943e-09,9.701140700034716e-09,9.703799561178744e-09,9.70645836378762e-09,9.709117107914013e-09,9.711775793526164e-09,9.714434420646729e-09,9.717092989324048e-09,9.719751499283311e-09,9.722409950569085e-09,9.725068343271224e-09,9.727726677284906e-09,9.730384952746666e-09,9.733043169325088e-09,9.735701327167532e-09,9.73835942624296e-09,9.741017466454774e-09,9.743675448038504e-09,9.746333370557008e-09,9.748991234185063e-09,9.751649038837704e-09,9.754306784577164e-09,9.756964471315674e-09,9.759622099088907e-09,9.762279667782379e-09,9.764937177435636e-09,9.767594627971127e-09,9.770252019387315e-09,9.772909351647063e-09,9.775566624743346e-09,9.778223838548756e-09,9.7808809931252e-09,9.783538088522863e-09,9.786195124631268e-09,9.788852101483289e-09,9.791509018870855e-09,9.794165877113194e-09,9.796822675803441e-09,9.799479415046251e-09,9.802136094869794e-09,9.804792715240635e-09,9.807449276117879e-09,9.810105777417604e-09,9.812762219144844e-09,9.815418601336228e-09,9.818074923885765e-09,9.820731186816798e-09,9.82338739006512e-09,9.826043533628017e-09,9.82869961748736e-09,9.831355641586533e-09,9.834011605861242e-09,9.836667510404402e-09,9.839323355099826e-09,9.841979139910243e-09,9.84463486492059e-09,9.847290530014267e-09,9.849946135075528e-09,9.852601680277965e-09,9.855257165537128e-09,9.857912590756113e-09,9.860567955931413e-09,9.863223261063484e-09,9.865878506186326e-09,9.868533691312197e-09,9.871188816114775e-09,9.873843880757082e-09,9.876498885219864e-09,9.87915382946797e-09,9.881808713447719e-09,9.884463537195996e-09,9.887118300650095e-09,9.889773003751787e-09,9.892427646749738e-09,9.895082229126889e-09,9.897736751161838e-09,9.900391212807805e-09,9.903045614088466e-09,9.905699954834117e-09,9.908354235088163e-09,9.911008454823535e-09,9.91366261401397e-09,9.916316712549833e-09,9.918970750600135e-09,9.921624727987625e-09,9.924278644949356e-09,9.926932501066726e-09,9.929586296602439e-09,9.93224003130988e-09,9.934893705363441e-09,9.937547318588205e-09,9.940200871066595e-09,9.942854362360597e-09,9.945507793163422e-09,9.948161163114768e-09,9.950814472188751e-09,9.953467720380002e-09,9.95612090761497e-09,9.95877403388523e-09,9.96142709918295e-09,9.964080103528038e-09,9.966733046786785e-09,9.96938592889836e-09,9.972038749990754e-09,9.974691510033017e-09,9.977344208912348e-09,9.97999684667195e-09,9.98264942326702e-09,9.985301938613206e-09,9.987954392802664e-09,9.990606785755282e-09,9.993259117451501e-09,9.995911387841405e-09,9.998563596926469e-09,1.0001215744676259e-08,1.0003867831056841e-08,1.0006519856055938e-08,1.0009171819917987e-08,1.0011823722098468e-08,1.0014475562704994e-08,1.0017127341962683e-08,1.0019779059730165e-08,1.0022430715913006e-08,1.0025082310612478e-08,1.0027733843744456e-08,1.0030385315353127e-08,1.0033036725281457e-08,1.0035688073301136e-08,1.0038339359948093e-08,1.0040990584915959e-08,1.004364174821923e-08,1.0046292849755735e-08,1.0048943889383099e-08,1.0051594867404876e-08,1.0054245783572943e-08,1.005689663799322e-08,1.0059547430583213e-08,1.006219816131075e-08,1.0064848830162417e-08,1.0067499437107824e-08,1.0070149982107011e-08,1.0072800465172559e-08,1.0075450886289489e-08,1.0078101245396794e-08,1.0080751542553732e-08,1.0083401777619743e-08,1.0086051950626562e-08,1.0088702061559935e-08,1.0091352110399998e-08,1.0094002097165457e-08,1.0096652021820756e-08,1.0099301884220359e-08,1.0101951684433172e-08,1.0104601422437407e-08,1.0107251098300125e-08,1.0109900711824958e-08,1.0112550263090352e-08,1.0115199752043459e-08,1.0117849178780013e-08,1.0120498543092299e-08,1.012314784503622e-08,1.0125797084610865e-08,1.0128446261722521e-08,1.013109537647855e-08,1.0133744428769535e-08,1.0136393418360189e-08,1.0139042345909302e-08,1.0141691210749667e-08,1.0144340013058691e-08,1.0146988752829683e-08,1.014963742998657e-08,1.0152286044589881e-08,1.015493459659146e-08,1.0157583085965531e-08,1.016023151268422e-08,1.0162879876724044e-08,1.016552817808243e-08,1.0168176416726031e-08,1.0170824592624761e-08,1.0173472705800971e-08,1.0176120756164933e-08,1.017876874376519e-08,1.0181416668538194e-08,1.0184064530434196e-08,1.0186712329504978e-08,1.018936006574751e-08,1.0192007739036915e-08,1.0194655349433823e-08,1.0197302896840192e-08,1.0199950381334987e-08,1.0202597802834374e-08,1.020524516135976e-08,1.0207892456873403e-08,1.0210539689130938e-08,1.021318685856305e-08,1.0215833965014803e-08,1.0218481008254194e-08,1.0221127988483838e-08,1.0223774905482297e-08,1.0226421759335643e-08,1.0229068550020004e-08,1.0231715277499811e-08,1.0234361941772343e-08,1.0237008542833378e-08,1.0239655080618133e-08,1.0242301555038934e-08,1.0244947966362171e-08,1.0247594314279124e-08,1.025024059888113e-08,1.0252886820105696e-08,1.0255532978075283e-08,1.0258179072577559e-08,1.0260825103409897e-08,1.0263471071117376e-08,1.0266116975351452e-08,1.0268762816124503e-08,1.0271408593398134e-08,1.0274054307107034e-08,1.0276699957381612e-08,1.0279345544146391e-08,1.0281991067333999e-08,1.0284636526897588e-08,1.0287281922917428e-08,1.028992725537472e-08,1.0292572524082754e-08,1.0295217729199013e-08,1.0297862870667156e-08,1.0300507948447146e-08,1.030315296255121e-08,1.0305797912898044e-08,1.0308442799526159e-08,1.0311087622383898e-08,1.0313732381437785e-08,1.0316377076725729e-08,1.031902170811e-08,1.0321666275761918e-08,1.032431077955019e-08,1.0326955219409455e-08,1.0329599595450467e-08,1.033224390747825e-08,1.0334888155696389e-08,1.0337532340124473e-08,1.0340176460447001e-08,1.0342820516781325e-08,1.0345464509128317e-08,1.0348108437468475e-08,1.0350752301704058e-08,1.0353396101940072e-08,1.035603983798867e-08,1.0358683510047121e-08,1.0361327118119765e-08,1.0363970662035328e-08,1.0366614141841279e-08,1.036925755753168e-08,1.037190090900238e-08,1.0374544196272945e-08,1.0377187419354236e-08,1.0379830578218424e-08,1.0382473672843098e-08,1.0385116703214873e-08,1.0387759669316694e-08,1.039040257113669e-08,1.0393045408642852e-08,1.0395688181827142e-08,1.0398330890694984e-08,1.0400973535171946e-08,1.0403616114972413e-08,1.040625863059858e-08,1.0408901081900526e-08,1.0411543468801025e-08,1.0414185791271214e-08,1.0416828049280577e-08,1.0419470242769059e-08,1.0422112371517794e-08,1.0424754436064168e-08,1.0427396436074076e-08,1.0430038371517957e-08,1.0432680242445268e-08,1.0435322048785808e-08,1.043796379053828e-08,1.044060546763279e-08,1.0443247080125767e-08,1.0445888628018328e-08,1.0448530111116403e-08,1.0451171529649707e-08,1.0453812883532459e-08,1.0456454172734337e-08,1.04590953971557e-08,1.0461736556892563e-08,1.0464377651861007e-08,1.046701868218791e-08,1.046965964769281e-08,1.0472300548282467e-08,1.0474941384049679e-08,1.047758215502759e-08,1.0480222861162989e-08,1.0482863502425732e-08,1.04855040789887e-08,1.048814459052339e-08,1.0490785037128654e-08,1.0493425418741613e-08,1.0496065735491066e-08,1.0498705987611841e-08,1.0501346174392418e-08,1.0503986296197734e-08,1.0506626352990741e-08,1.0509266344705205e-08,1.0511906271461544e-08,1.051454613316471e-08,1.051718592985781e-08,1.0519825661194143e-08,1.0522465327659913e-08,1.0525104928993673e-08,1.0527744465191627e-08,1.0530383936296453e-08,1.0533023342222164e-08,1.0535662682922764e-08,1.0538301958450033e-08,1.0540941168833412e-08,1.054358031395985e-08,1.0546219393930565e-08,1.0548858408638747e-08,1.0551497358070724e-08,1.0554136242240926e-08,1.0556775061147948e-08,1.0559413815110954e-08,1.0562052503307444e-08,1.0564691126230908e-08,1.0567329683792147e-08,1.056996817599756e-08,1.057260660282296e-08,1.0575244964287146e-08,1.0577883260316857e-08,1.0580521490939606e-08,1.0583159656111596e-08,1.0585797755847974e-08,1.0588435790130303e-08,1.0591073758903443e-08,1.0593711662195935e-08,1.059634949998005e-08,1.0598987272274471e-08,1.0601624979013699e-08,1.0604262620217301e-08,1.0606900195857646e-08,1.0609537706012222e-08,1.0612175150476019e-08,1.0614812529295929e-08,1.0617449842695737e-08,1.062008709029004e-08,1.062272427225007e-08,1.0625361388549802e-08,1.0627998439177635e-08,1.0630635424082332e-08,1.0633272343425358e-08,1.0635909196931847e-08,1.0638545984709286e-08,1.0641182706746226e-08,1.0643819363293527e-08,1.0646455953794642e-08,1.0649092478532846e-08,1.065172893746406e-08,1.0654365330603724e-08,1.0657001657891069e-08,1.0659637919333186e-08,1.0662274114972291e-08,1.0664910244714884e-08,1.0667546308583469e-08,1.0670182306548052e-08,1.0672818238806847e-08,1.0675454104972583e-08,1.0678089905185678e-08,1.0680725639473583e-08,1.0683361307827258e-08,1.0685996910178321e-08,1.0688632446537085e-08,1.069126791691704e-08,1.0693903321181636e-08,1.0696538659535011e-08,1.0699173931813192e-08,1.0701809138064611e-08,1.0704444278258324e-08,1.0707079352387512e-08,1.0709714360438449e-08,1.0712349302369297e-08,1.0714984178188384e-08,1.0717618987869181e-08,1.0720253731507196e-08,1.0722888408917141e-08,1.0725523020125984e-08,1.0728157565233313e-08,1.0730792044138277e-08,1.0733426456701174e-08,1.0736060803136243e-08,1.0738695083396907e-08,1.07413292974087e-08,1.0743963445136478e-08,1.0746597526776097e-08,1.074923154199934e-08,1.0751865490937046e-08,1.0754499373530838e-08,1.0757133189919756e-08,1.0759766939915864e-08,1.0762400623579383e-08,1.076503424091055e-08,1.0767667791785442e-08,1.0770301276369864e-08,1.0772934694637233e-08,1.0775568046673072e-08,1.0778201332076173e-08,1.0780834551061235e-08,1.078346770360029e-08,1.0786100789705933e-08,1.078873380936037e-08,1.079136676254801e-08,1.0793999649246064e-08,1.0796632469488375e-08,1.0799265223199372e-08,1.0801897910401174e-08,1.0804530531051833e-08,1.0807163085193865e-08,1.080979557280705e-08,1.081242799384279e-08,1.0815060348286141e-08,1.081769263614628e-08,1.0820324857394194e-08,1.0822957012117066e-08,1.0825589100165795e-08,1.0828221121595603e-08,1.0830853076592561e-08,1.0833484964732653e-08,1.0836116786190758e-08,1.0838748540997842e-08,1.0841380229109892e-08,1.0844011850535393e-08,1.0846643405246477e-08,1.084927489324353e-08,1.0851906314477433e-08,1.0854537669069422e-08,1.0857168956855765e-08,1.0859800177965962e-08,1.0862431332203642e-08,1.0865062419650423e-08,1.086769344029941e-08,1.0870324394160479e-08,1.0872955281354796e-08,1.087558610156011e-08,1.0878216854935294e-08,1.088084754147298e-08,1.088347816112376e-08,1.0886108713909906e-08,1.0888739199823594e-08,1.0891369618716814e-08,1.0893999970847536e-08,1.0896630255833857e-08,1.089926047410559e-08,1.0901890625410334e-08,1.0904520709842528e-08,1.0907150727200643e-08,1.090978067766677e-08,1.0912410561320411e-08,1.0915040377822636e-08,1.0917670127287333e-08,1.0920299809686498e-08,1.092292942498432e-08,1.0925558973442154e-08,1.0928188454986643e-08,1.0930817869365815e-08,1.0933447216683084e-08,1.0936076497049447e-08,1.0938705710210628e-08,1.0941334856302322e-08,1.094396393528083e-08,1.0946592947150376e-08,1.0949221891879003e-08,1.0951850769590955e-08,1.0954479580076844e-08,1.0957108323402054e-08,1.095973699969514e-08,1.0962365608657325e-08,1.096499415044558e-08,1.0967622625093179e-08,1.0970251032540892e-08,1.0972879372787036e-08,1.0975507645820923e-08,1.0978135851959197e-08,1.0980763990501478e-08,1.098339206180925e-08,1.0986020065867791e-08,1.0988648002656315e-08,1.0991275872159039e-08,1.0993903674556068e-08,1.0996531409481373e-08,1.0999159077115768e-08,1.1001786677433985e-08,1.1004414210460796e-08,1.1007041675885217e-08,1.1009669074229489e-08,1.1012296405202734e-08,1.101492366880952e-08,1.1017550865043679e-08,1.1020177993927367e-08,1.1022805055194865e-08,1.1025432049562659e-08,1.1028058976252525e-08,1.1030685835517132e-08,1.1033312627357881e-08,1.1035939351601948e-08,1.1038566008547106e-08
13,1.230147885906925e-23,2.1492264059036002e-23,2.767393386667246e-23,3.189784774756103e-23,3.478283199230669e-23,3.67538911472051e-23,3.810085520103426e-23,3.9021491383925694e-23,3.9650816597540297e-23,4.008104726330978e-23,4.0375187901138064e-23,4.057629516891484e-23,4.071379864639641e-23,4.0807816141287875e-23,4.0872101179421075e-23,4.0916056901164756e-23,4.0946112394257386e-23,4.096666345806e-23,4.098071571662173e-23,4.0990324289699495e-23,4.099689439463631e-23,4.1001386874662655e-23,4.100445872678152e-23,4.1006559187965234e-23,4.100799543503831e-23,4.100897750798881e-23,4.1009649027147433e-23,4.101010819673045e-23,4.101042216650811e-23,4.1010636851952643e-23,4.10107836490169e-23,4.101088402554039e-23,4.1010952660745554e-23,4.1010999591952893e-23,4.1011031682455633e-23,4.101105362521887e-23,4.1011068629186367e-23,4.101107888856157e-23,4.101108590369139e-23,4.1011090700479264e-23,4.1011093980414824e-23,4.1011096223160944e-23,4.101109775670026e-23,4.1011098805299925e-23,4.101109952230877e-23,4.1011100012583287e-23,4.1011100347821956e-23,4.1011100577050613e-23,4.1011100733792006e-23,4.101110084096825e-23,4.101110091425295e-23,4.1011100964363383e-23,4.101110099862777e-23,4.1011101022056975e-23,4.101110103807734e-23,4.10111010490317e-23,4.1011101056522064e-23,4.101110106164379e-23,4.1011101065145914e-23,4.101110106754059e-23,4.101110106917802e-23,4.101110107029765e-23,4.1011101071063235e-23,4.1011101071586723e-23,4.1011101071944673e-23,4.101110107218943e-23,4.1011101072356784e-23,4.1011101072471224e-23,4.101110107254947e-23,4.1011101072602985e-23,4.101110107263956e-23,4.1011101072664587e-23,4.101110107268169e-23,4.101110107269338e-23,4.1011101072701386e-23,4.101110107270686e-23,4.1011101072710584e-23,4.101110107271315e-23,4.101110107271489e-23,4.101110107271609e-23,4.101110107271691e-23,4.1011101072717467e-23,4.101110107271785e-23,4.101110107271811e-23,4.1011101072718284e-23,4.1011101072718407e-23,4.1011101072718495e-23,4.1011101072718566e-23,4.1011101072718595e-23,4.101110107271863e-23,4.101110107271864e-23,4.101110107271866e-23,4.101110107271866e-23,4.1011101072718666e-23,4.101110107271868e-23,4.101110107271868e-23,4.101110107271868e-23,4.101110107271868e-23,4.101110107271868e-23,4.101110107271868e-23,4.101110107271868e-23,4.101110107271868e-23,4.101110107271868e-23,4.101110107271868e-23,4.101110107271868e-23,4.101110107271868e-23,4.101110107271868e-23,4.101110107271868e-23,4.101110107271868e-23,4.101110107271868e-23,4.101110107271868e-23,4.101110107271868e-23,4.101110107271868e-23,4.101110107271868e-23,4.101110107271868e-23,4.101110107271868e-23,4.101110107271868e-23,4.101110107271868e-23,4.101110107271868e-23,4.101110107271868e-23,4.101110107271868e-23,4.1011101072718666e-23,4.1011101072718666e-23,4.1011101072718666e-23,4.1011101072718666e-23,4.1011101072718666e-23,4.1011101072718666e-23,4.1011101072718666e-23,4.1011101072718666e-23,4.1011101072718666e-23,4.1011101072718666e-23,4.1011101072718666e-23,4.1011101072718666e-23,4.1011101072718666e-23,4.1011101072718666e-23,4.1011101072718666e-23,4.101110107271868e-23,4.101110107271868e-23,4.101110107271868e-23,4.101110107271868e-23,4.101110107271868e-23,4.101110107271868e-23,4.101110107271868e-23,4.101110107271868e-23,4.101110107271868e-23,4.101110107271868e-23,4.101110107271868e-23,4.101110107271868e-23,4.101110107271868e-23,4.101110107271868e-23,4.101110107271868e-23,4.101110107271868e-23,4.101110107271868e-23,4.101110107271868e-23,4.101110107271868e-23,4.1011101072718666e-23,4.1011101072718666e-23,4.1011101072718666e-23,4.1011101072718666e-23,4.1011101072718666e-23,4.1011101072718666e-23,4.1011101072718666e-23,4.1011101072718666e-23,4.1011101072718666e-23,4.1011101072718666e-23,4.1011101072718666e-23,4.1011101072718666e-23,4.1011101072718666e-23,4.1011101072718666e-23,4.1011101072718666e-23,4.1011101072718666e-23,4.1011101072718666e-23,4.101110107271868e-23,4.101110107271868e-23,4.101110107271868e-23,4.101110107271868e-23,4.101110107271868e-23,4.101110107271868e-23,4.101110107271868e-23,4.1011101072718666e-23,4.101110107271868e-23,4.101110107271868e-23,4.101110107271868e-23,4.101110107271868e-23,4.101110107271868e-23,4.101110107271868e-23,4.101110107271868e-23,4.101110107271868e-23,4.101110107271868e-23,4.101110107271868e-23,4.101110107271868e-23,4.101110107271868e-23,4.101110107271868e-23,4.101110107271868e-23,4.101110107271868e-23,4.101110107271868e-23,4.101110107271868e-23,4.101110107271868e-23,4.101110107271868e-23,4.101110107271868e-23,4.101110107271868e-23,4.101110107271868e-23,4.101110107271868e-23,4.101110107271868e-23,4.101110107271868e-23,4.101110107271868e-23,4.101110107271868e-23,4.101110107271868e-23,4.101110107271868e-23,4.101110107271868e-23,4.101110107271868e-23,4.101110107271868e-23,4.101110107271868e-23,4.101110107271868e-23,4.101110107271868e-23,4.101110107271868e-23,4.101110107271868e-23,4.101110107271868e-23,4.101110107271868e-23,4.101110107271868e-23,4.101110107271868e-23,4.101110107271868e-23,4.101110107271868e-23,4.101110107271868e-23,4.101110107271868e-23,4.101110107271868e-23,4.101110107271868e-23,4.101110107271868e-23,4.101110107271868e-23,4.101110107271868e-23,4.101110107271868e-23,4.101110107271868e-23,4.101110107271868e-23,4.101110107271868e-23,4.101110107271868e-23,4.101110107271868e-23,4.101110107271868e-23,4.101110107271868e-23,4.101110107271868e-23,4.101110107271868e-23,4.101110107271868e-23,4.101110107271868e-23,4.101110107271868e-23,4.101110107271868e-23,4.101110107271868e-23,4.1011101072718666e-23,4.1011101072718666e-23,4.101110107271868e-23,4.101110107271868e-23,4.101110107271868e-23,4.101110107271868e-23,4.101110107271868e-23,4.101110107271868e-23,4.101110107271868e-23,4.1011101072718666e-23,4.1011101072718666e-23,4.1011101072718666e-23,4.1011101072718666e-23,4.1011101072718666e-23,4.101110107271868e-23,4.1011101072718666e-23,4.1011101072718666e-23,4.1011101072718666e-23,4.101110107271868e-23,4.101110107271868e-23,4.101110107271868e-23,4.101110107271868e-23,4.101110107271868e-23,4.101110107271868e-23,4.101110107271868e-23,4.101110107271868e-23,4.101110107271868e-23,4.101110107271868e-23,4.101110107271868e-23,4.101110107271868e-23,4.101110107271868e-23,4.101110107271868e-23,4.101110107271868e-23,4.101110107271868e-23,4.101110107271868e-23,4.101110107271868e-23,4.101110107271868e-23,4.101110107271868e-23,4.101110107271868e-23,4.101110107271868e-23,4.101110107271868e-23,4.101110107271868e-23,4.101110107271868e-23,4.101110107271868e-23,4.1011101072718666e-23,4.1011101072718666e-23,4.1011101072718666e-23,4.1011101072718666e-23,4.1011101072718666e-23,4.1011101072718666e-23,4.1011101072718666e-23,4.1011101072718666e-23,4.1011101072718666e-23,4.1011101072718666e-23,4.1011101072718666e-23,4.1011101072718666e-23,4.1011101072718666e-23,4.1011101072718666e-23,4.1011101072718666e-23,4.1011101072718666e-23,4.1011101072718666e-23,4.1011101072718666e-23,4.1011101072718666e-23,4.101110107271868e-23,4.101110107271868e-23,4.101110107271868e-23,4.101110107271868e-23,4.101110107271868e-23,4.101110107271868e-23,4.101110107271868e-23,4.101110107271868e-23,4.1011101072718666e-23,4.1011101072718666e-23,4.1011101072718666e-23,4.1011101072718666e-23,4.1011101072718666e-23,4.1011101072718666e-23,4.1011101072718666e-23,4.101110107271868e-23,4.101110107271868e-23,4.1011101072718666e-23,4.1011101072718666e-23,4.1011101072718666e-23,4.1011101072718666e-23,4.1011101072718666e-23,4.1011101072718666e-23,4.1011101072718666e-23,4.1011101072718666e-23,4.1011101072718666e-23,4.1011101072718666e-23,4.1011101072718666e-23,4.1011101072718666e-23,4.1011101072718666e-23,4.1011101072718666e-23,4.1011101072718666e-23,4.1011101072718666e-23,4.1011101072718666e-23,4.1011101072718666e-23,4.1011101072718666e-23,4.101110107271868e-23,4.101110107271868e-23,4.101110107271868e-23,4.101110107271868e-23,4.1011101072718666e-23,4.1011101072718666e-23,4.1011101072718666e-23,4.1011101072718666e-23,4.1011101072718666e-23,4.1011101072718666e-23,4.1011101072718666e-23,4.1011101072718666e-23,4.1011101072718666e-23,4.1011101072718666e-23,4.101110107271868e-23,4.101110107271868e-23,4.101110107271868e-23,4.101110107271868e-23,4.101110107271868e-23,4.101110107271868e-23,4.101110107271868e-23,4.101110107271868e-23,4.101110107271868e-23,4.101110107271868e-23,4.101110107271868e-23,4.101110107271868e-23,4.1011101072718666e-23,4.1011101072718666e-23,4.1011101072718666e-23,4.1011101072718666e-23,4.1011101072718666e-23,4.1011101072718666e-23,4.1011101072718666e-23,4.1011101072718666e-23,4.1011101072718666e-23,4.1011101072718666e-23,4.1011101072718666e-23,4.1011101072718666e-23,4.1011101072718666e-23,4.1011101072718666e-23,4.1011101072718666e-23,4.1011101072718666e-23,4.1011101072718666e-23,4.1011101072718666e-23,4.1011101072718666e-23,4.1011101072718666e-23,4.1011101072718666e-23,4.1011101072718666e-23,4.1011101072718666e-23,4.1011101072718666e-23,4.101110107271868e-23,4.101110107271868e-23,4.101110107271868e-23,4.101110107271868e-23,4.101110107271868e-23,4.101110107271868e-23,4.101110107271868e-23,4.101110107271868e-23,4.101110107271868e-23,4.101110107271868e-23,4.101110107271868e-23,4.101110107271868e-23,4.1011101072718666e-23,4.1011101072718666e-23,4.1011101072718666e-23,4.1011101072718666e-23,4.1011101072718666e-23,4.101110107271868e-23,4.101110107271868e-23,4.101110107271868e-23,4.1011101072718666e-23,4.1011101072718666e-23,4.1011101072718666e-23,4.101110107271868e-23,4.101110107271868e-23,4.101110107271868e-23,4.101110107271868e-23,4.101110107271868e-23,4.101110107271868e-23,4.101110107271868e-23,4.101110107271868e-23,4.101110107271868e-23,4.101110107271868e-23,4.101110107271868e-23,4.101110107271868e-23,4.101110107271868e-23,4.101110107271868e-23,4.101110107271868e-23,4.101110107271868e-23,4.101110107271868e-23,4.101110107271868e-23,4.101110107271868e-23,4.101110107271868e-23,4.101110107271868e-23,4.101110107271868e-23,4.101110107271868e-23,4.101110107271868e-23,4.101110107271868e-23,4.101110107271868e-23,4.101110107271868e-23,4.101110107271868e-23,4.101110107271868e-23,4.101110107271868e-23,4.1011101072718666e-23,4.1011101072718666e-23,4.1011101072718666e-23,4.1011101072718666e-23,4.1011101072718666e-23,4.1011101072718666e-23,4.1011101072718666e-23,4.101110107271868e-23,4.101110107271868e-23,4.101110107271868e-23,4.101110107271868e-23,4.101110107271868e-23,4.101110107271868e-23,4.101110107271868e-23,4.101110107271868e-23,4.101110107271868e-23,4.101110107271868e-23,4.101110107271868e-23,4.101110107271868e-23,4.1011101072718666e-23,4.1011101072718666e-23,4.1011101072718666e-23,4.1011101072718666e-23,4.1011101072718666e-23,4.101110107271868e-23,4.101110107271868e-23,4.101110107271868e-23,4.101110107271868e-23,4.101110107271868e-23,4.101110107271868e-23,4.101110107271868e-23,4.101110107271868e-23,4.101110107271868e-23,4.101110107271868e-23,4.101110107271868e-23,4.101110107271868e-23,4.101110107271868e-23,4.101110107271868e-23,4.101110107271868e-23,4.101110107271868e-23,4.101110107271868e-23,4.101110107271868e-23,4.101110107271868e-23,4.1011101072718666e-23,4.1011101072718666e-23,4.1011101072718666e-23,4.1011101072718666e-23,4.1011101072718666e-23,4.101110107271868e-23,4.101110107271868e-23,4.101110107271868e-23,4.101110107271868e-23,4.101110107271868e-23,4.101110107271868e-23,4.101110107271868e-23,4.101110107271868e-23,4.101110107271868e-23,4.101110107271868e-23,4.101110107271868e-23,4.101110107271868e-23,4.101110107271868e-23,4.1011101072718666e-23,4.1011101072718666e-23,4.1011101072718666e-23,4.1011101072718666e-23,4.1011101072718666e-23,4.1011101072718666e-23,4.1011101072718666e-23,4.1011101072718666e-23,4.1011101072718666e-23,4.1011101072718666e-23,4.1011101072718666e-23,4.1011101072718666e-23,4.1011101072718666e-23,4.1011101072718666e-23,4.1011101072718666e-23,4.1011101072718666e-23,4.1011101072718666e-23,4.1011101072718666e-23,4.1011101072718666e-23,4.1011101072718666e-23,4.1011101072718666e-23,4.1011101072718666e-23,4.1011101072718666e-23,4.1011101072718666e-23,4.1011101072718666e-23,4.1011101072718666e-23,4.1011101072718666e-23,4.1011101072718666e-23,4.1011101072718666e-23,4.1011101072718666e-23,4.1011101072718666e-23,4.1011101072718666e-23,4.1011101072718666e-23,4.101110107271868e-23,4.101110107271868e-23,4.101110107271868e-23,4.101110107271868e-23,4.101110107271868e-23,4.101110107271868e-23,4.101110107271868e-23,4.101110107271868e-23,4.1011101072718666e-23,4.1011101072718666e-23,4.1011101072718666e-23,4.1011101072718666e-23,4.1011101072718666e-23,4.1011101072718666e-23,4.1011101072718666e-23,4.1011101072718666e-23,4.1011101072718666e-23,4.1011101072718666e-23,4.1011101072718666e-23,4.1011101072718666e-23,4.1011101072718666e-23,4.1011101072718666e-23,4.1011101072718666e-23,4.1011101072718666e-23,4.1011101072718666e-23,4.101110107271868e-23,4.101110107271868e-23,4.1011101072718666e-23,4.1011101072718666e-23,4.1011101072718666e-23,4.1011101072718666e-23,4.1011101072718666e-23,4.1011101072718666e-23,4.1011101072718666e-23,4.101110107271868e-23,4.101110107271868e-23,4.101110107271868e-23,4.101110107271868e-23,4.101110107271868e-23,4.101110107271868e-23,4.1011101072718666e-23,4.1011101072718666e-23,4.1011101072718666e-23,4.1011101072718666e-23,4.1011101072718666e-23,4.1011101072718666e-23,4.1011101072718666e-23,4.1011101072718666e-23,4.1011101072718666e-23,4.101110107271868e-23,4.101110107271868e-23,4.101110107271868e-23,4.101110107271868e-23,4.101110107271868e-23,4.101110107271868e-23,4.101110107271868e-23,4.101110107271868e-23,4.1011101072718666e-23,4.1011101072718666e-23,4.1011101072718666e-23,4.1011101072718666e-23,4.1011101072718666e-23,4.101110107271868e-23,4.101110107271868e-23,4.101110107271868e-23,4.101110107271868e-23,4.101110107271868e-23,4.101110107271868e-23,4.101110107271868e-23,4.101110107271868e-23,4.101110107271868e-23,4.101110107271868e-23,4.101110107271868e-23,4.101110107271868e-23,4.101110107271868e-23,4.101110107271868e-23,4.101110107271868e-23,4.101110107271868e-23,4.101110107271868e-23,4.1011101072718666e-23,4.1011101072718666e-23,4.1011101072718666e-23,4.1011101072718666e-23,4.101110107271868e-23,4.101110107271868e-23,4.101110107271868e-23,4.101110107271868e-23,4.101110107271868e-23,4.101110107271868e-23,4.101110107271868e-23,4.101110107271868e-23,4.101110107271868e-23,4.101110107271868e-23,4.1011101072718666e-23,4.1011101072718666e-23,4.1011101072718666e-23,4.1011101072718666e-23,4.1011101072718666e-23,4.1011101072718666e-23,4.1011101072718666e-23,4.1011101072718666e-23,4.1011101072718666e-23,4.1011101072718666e-23,4.1011101072718666e-23,4.1011101072718666e-23,4.101110107271868e-23,4.101110107271868e-23,4.101110107271868e-23,4.1011101072718666e-23,4.1011101072718666e-23,4.1011101072718666e-23,4.1011101072718666e-23,4.1011101072718666e-23,4.101110107271868e-23,4.101110107271868e-23,4.101110107271868e-23,4.101110107271868e-23,4.101110107271868e-23,4.101110107271868e-23,4.101110107271868e-23,4.1011101072718666e-23,4.1011101072718666e-23,4.1011101072718666e-23,4.1011101072718666e-23,4.1011101072718666e-23,4.101110107271868e-23,4.101110107271868e-23,4.1011101072718666e-23,4.1011101072718666e-23,4.1011101072718666e-23,4.101110107271868e-23,4.1011101072718666e-23,4.1011101072718666e-23,4.1011101072718666e-23,4.1011101072718666e-23,4.1011101072718666e-23,4.1011101072718666e-23,4.101110107271868e-23,4.101110107271868e-23,4.101110107271868e-23,4.101110107271868e-23,4.101110107271868e-23,4.1011101072718666e-23,4.1011101072718666e-23,4.1011101072718666e-23,4.1011101072718666e-23,4.1011101072718666e-23,4.1011101072718666e-23,4.1011101072718666e-23,4.1011101072718666e-23,4.1011101072718666e-23,4.101110107271868e-23,4.101110107271868e-23,4.101110107271868e-23,4.1011101072718666e-23,4.1011101072718666e-23,4.1011101072718666e-23,4.1011101072718666e-23,4.1011101072718666e-23,4.1011101072718666e-23,4.1011101072718666e-23,4.101110107271868e-23,4.101110107271868e-23,4.101110107271868e-23,4.101110107271868e-23,4.101110107271868e-23,4.101110107271868e-23,4.101110107271868e-23,4.101110107271868e-23,4.101110107271868e-23,4.101110107271868e-23,4.101110107271868e-23,4.101110107271868e-23,4.101110107271868e-23,4.101110107271868e-23,4.1011101072718666e-23,4.1011101072718666e-23,4.1011101072718666e-23,4.1011101072718666e-23,4.1011101072718666e-23,4.1011101072718666e-23,4.1011101072718666e-23,4.1011101072718666e-23,4.1011101072718666e-23,4.1011101072718666e-23,4.1011101072718666e-23,4.1011101072718666e-23,4.101110107271868e-23,4.101110107271868e-23,4.101110107271868e-23,4.101110107271868e-23,4.101110107271868e-23,4.101110107271868e-23,4.101110107271868e-23,4.101110107271868e-23,4.101110107271868e-23,4.101110107271868e-23,4.1011101072718666e-23,4.1011101072718666e-23,4.1011101072718666e-23,4.1011101072718666e-23,4.1011101072718666e-23,4.1011101072718666e-23,4.1011101072718666e-23,4.1011101072718666e-23,4.101110107271868e-23,4.101110107271868e-23,4.101110107271868e-23,4.101110107271868e-23,4.101110107271868e-23,4.101110107271868e-23,4.101110107271868e-23,4.101110107271868e-23,4.101110107271868e-23,4.101110107271868e-23,4.1011101072718666e-23,4.1011101072718666e-23,4.1011101072718666e-23,4.1011101072718666e-23,4.1011101072718666e-23,4.1011101072718666e-23,4.1011101072718666e-23,4.1011101072718666e-23,4.1011101072718666e-23,4.1011101072718666e-23,4.1011101072718666e-23,4.1011101072718666e-23,4.1011101072718666e-23,4.1011101072718666e-23,4.1011101072718666e-23,4.101110107271868e-23,4.101110107271868e-23,4.101110107271868e-23,4.1011101072718666e-23,4.1011101072718666e-23,4.1011101072718666e-23,4.1011101072718666e-23,4.1011101072718666e-23,4.1011101072718666e-23,4.101110107271868e-23,4.101110107271868e-23,4.101110107271868e-23,4.101110107271868e-23,4.101110107271868e-23,4.101110107271868e-23,4.101110107271868e-23,4.101110107271868e-23,4.101110107271868e-23,4.101110107271868e-23,4.101110107271868e-23,4.101110107271868e-23,4.101110107271868e-23,4.101110107271868e-23,4.101110107271868e-23,4.101110107271868e-23,4.101110107271868e-23,4.101110107271868e-23,4.101110107271868e-23,4.101110107271868e-23,4.101110107271868e-23,4.101110107271868e-23,4.101110107271868e-23,4.101110107271868e-23,4.101110107271868e-23,4.101110107271868e-23,4.101110107271868e-23,4.1011101072718666e-23,4.1011101072718666e-23,4.1011101072718666e-23,4.1011101072718666e-23,4.1011101072718666e-23,4.1011101072718666e-23,4.1011101072718666e-23,4.1011101072718666e-23,4.1011101072718666e-23,4.1011101072718666e-23,4.1011101072718666e-23,4.101110107271868e-23,4.101110107271868e-23,4.101110107271868e-23,4.101110107271868e-23,4.101110107271868e-23,4.1011101072718666e-23,4.1011101072718666e-23,4.1011101072718666e-23,4.1011101072718666e-23,4.1011101072718666e-23,4.1011101072718666e-23,4.1011101072718666e-23,4.1011101072718666e-23,4.1011101072718666e-23,4.1011101072718666e-23,4.1011101072718666e-23,4.1011101072718666e-23,4.1011101072718666e-23,4.1011101072718666e-23,4.1011101072718666e-23,4.1011101072718666e-23,4.101110107271868e-23,4.1011101072718666e-23,4.1011101072718666e-23,4.1011101072718666e-23,4.1011101072718666e-23,4.1011101072718666e-23,4.1011101072718666e-23,4.1011101072718666e-23,4.1011101072718666e-23,4.1011101072718666e-23,4.1011101072718666e-23,4.1011101072718666e-23,4.1011101072718666e-23,4.1011101072718666e-23,4.1011101072718666e-23,4.1011101072718666e-23,4.1011101072718666e-23,4.1011101072718666e-23,4.1011101072718666e-23,4.1011101072718666e-23,4.1011101072718666e-23,4.1011101072718666e-23,4.1011101072718666e-23,4.1011101072718666e-23,4.1011101072718666e-23,4.1011101072718666e-23,4.1011101072718666e-23,4.1011101072718666e-23,4.1011101072718666e-23,4.1011101072718666e-23,4.1011101072718666e-23,4.1011101072718666e-23,4.1011101072718666e-23,4.1011101072718666e-23,4.1011101072718666e-23,4.1011101072718666e-23,4.1011101072718666e-23,4.1011101072718666e-23,4.1011101072718666e-23,4.1011101072718666e-23,4.1011101072718666e-23,4.1011101072718666e-23,4.1011101072718666e-23,4.1011101072718666e-23,4.1011101072718666e-23,4.1011101072718666e-23,4.1011101072718666e-23,4.1011101072718666e-23,4.1011101072718666e-23,4.1011101072718666e-23,4.1011101072718666e-23,4.1011101072718666e-23,4.101110107271868e-23,4.1011101072718666e-23,4.1011101072718666e-23,4.1011101072718666e-23,4.1011101072718666e-23,4.1011101072718666e-23,4.1011101072718666e-23,4.1011101072718666e-23,4.1011101072718666e-23,4.1011101072718666e-23,4.1011101072718666e-23,4.1011101072718666e-23,4.1011101072718666e-23,4.1011101072718666e-23,4.1011101072718666e-23,4.1011101072718666e-23,4.1011101072718666e-23,4.1011101072718666e-23,4.1011101072718666e-23,4.1011101072718666e-23,4.1011101072718666e-23,4.1011101072718666e-23,4.1011101072718666e-23,4.101110107271868e-23,4.101110107271868e-23,4.1011101072718666e-23,4.1011101072718666e-23,4.1011101072718666e-23,4.1011101072718666e-23,4.1011101072718666e-23,4.1011101072718666e-23,4.1011101072718666e-23,4.1011101072718666e-23,4.1011101072718666e-23,4.1011101072718666e-23,4.1011101072718666e-23,4.1011101072718666e-23,4.1011101072718666e-23,4.1011101072718666e-23,4.1011101072718666e-23,4.1011101072718666e-23,4.1011101072718666e-23,4.1011101072718666e-23,4.1011101072718666e-23,4.1011101072718666e-23,4.1011101072718666e-23,4.1011101072718666e-23,4.1011101072718666e-23,4.1011101072718666e-23,4.1011101072718666e-23,4.1011101072718666e-23,4.1011101072718666e-23,4.1011101072718666e-23,4.1011101072718666e-23,4.1011101072718666e-23,4.1011101072718666e-23,4.1011101072718666e-23,4.1011101072718666e-23,4.1011101072718666e-23,4.1011101072718666e-23,4.1011101072718666e-23,4.1011101072718666e-23,4.1011101072718666e-23,4.1011101072718666e-23,4.1011101072718666e-23,4.1011101072718666e-23,4.1011101072718666e-23,4.1011101072718666e-23,4.1011101072718666e-23,4.101110107271868e-23,4.1011101072718666e-23,4.1011101072718666e-23,4.1011101072718666e-23,4.1011101072718666e-23,4.1011101072718666e-23,4.1011101072718666e-23,4.1011101072718666e-23,4.1011101072718666e-23,4.1011101072718666e-23,4.1011101072718666e-23,4.1011101072718666e-23,4.1011101072718666e-23,4.1011101072718666e-23,4.1011101072718666e-23,4.1011101072718666e-23,4.1011101072718666e-23,4.1011101072718666e-23,4.1011101072718666e-23,4.1011101072718666e-23,4.1011101072718666e-23,4.1011101072718666e-23,4.1011101072718666e-23,4.1011101072718666e-23,4.1011101072718666e-23,4.1011101072718666e-23,4.1011101072718666e-23,4.1011101072718666e-23,4.1011101072718666e-23,4.1011101072718666e-23,4.1011101072718666e-23,4.1011101072718666e-23,4.1011101072718666e-23,4.1011101072718666e-23,4.1011101072718666e-23,4.1011101072718666e-23,4.1011101072718666e-23,4.1011101072718666e-23,4.1011101072718666e-23,4.1011101072718666e-23,6.0820841363494354e-21,9.917326695851577e-21,1.2600508693800623e-20,1.4722737655273155e-20,1.6616000502249522e-20,1.8470492510785572e-20,2.0400846578224377e-20,2.248302733151964e-20,2.477481981874457e-20,2.732736429695337e-20,3.0191943000104015e-20,3.3424367973704986e-20,3.708828608459595e-20,4.1258161197582576e-20,4.6022408645441393e-20,5.148702722979513e-20,5.778003712606371e-20,6.505705552734024e-20,7.350841487309297e-20,8.336835201131009e-20,9.492697955949569e-20,1.0854601658370288e-19,1.2467963933989498e-19,1.439023676062982e-19,1.6694671675486474e-19,1.9475454431751274e-19,2.2854783236248345e-19,2.6992737599413054e-19,3.2101208157843676e-19,3.846381892537354e-19,4.646482663911706e-19,5.663169097997744e-19,6.969883262203486e-19,8.670486660500318e-19,1.091438430365651e-18,1.392056333985994e-18,1.8016720762381425e-18,2.370464869698737e-18,3.1772737769394857e-18,4.349597619726145e-18,6.100477962021e-18,8.799401317757458e-18,1.3115208652932518e-17,2.0320266327534505e-17,3.298013481380522e-17,5.663777443149706e-17,9.849749147500021e-17,9.849749147522533e-17,9.849749147547449e-17,9.849749147575334e-17,9.849749147607051e-17,9.849749147643813e-17,9.84974914768754e-17,9.84974914788528e-17,9.849749148707074e-17,2.004487933975834e-16,4.489594861216565e-16,1.1623564905608253e-15,3.658489123185813e-15,1.4931653692968234e-14,8.442341338909974e-14,6.688444289910445e-13,6.534347927882837e-12,6.011823348654655e-11,6.011823350892859e-11,4.4690146703049983e-10,2.369167221702966e-09,9.075941365829696e-09,2.6431162310092663e-08,6.186731783344498e-08,1.2209119697807818e-07,2.109349179071311e-07,3.2838364216759956e-07,4.7088702541929053e-07,6.324602482142434e-07,8.059750058082713e-07,9.842157852595754e-07,1.1605159760585216e-06,1.3290133399172606e-06,1.4847510506977974e-06,1.6238596874959666e-06,1.7438049363346685e-06,1.8434896176950273e-06,1.923105205983285e-06,1.983813546437934e-06,2.0273906676583093e-06,2.0559187563714133e-06,2.071557165123769e-06,2.0763905533475174e-06,2.072339270212666e-06,2.0611148825356594e-06,2.0442060043387865e-06,2.0228830413993095e-06,1.9982137402651692e-06,1.9710840731275956e-06,1.9422209496719236e-06,1.9122146252322527e-06,1.8815396060623922e-06,1.8505734602185737e-06,1.8196133247075207e-06,1.7888901288408247e-06,1.7585806817770673e-06,1.7288178356449316e-06,1.6996989579472182e-06,1.6712929455043252e-06,1.6436459973880568e-06,1.6167863425240857e-06,1.5907280941195175e-06,1.565474379287008e-06,1.5410198702092036e-06,1.517352823317308e-06,1.4944567154938112e-06,1.4723115513121869e-06,1.4508949024187749e-06,1.4301827294886266e-06,1.4101500281000122e-06,1.3907713323675884e-06,1.3720211040130128e-06,1.353874029391984e-06,1.3363052428000313e-06,1.3192904909807575e-06,1.3028062508662842e-06,1.286829810329615e-06,1.2713393198667034e-06,1.2563138215177817e-06,1.2417332602021553e-06,1.227578481534394e-06,1.2138312194445294e-06,1.2004740762054588e-06,1.1874904969701048e-06,1.1748647404682338e-06,1.1625818471590323e-06,1.150627605874795e-06,1.1389885197299598e-06,1.1276517719095062e-06,1.1166051918103805e-06,1.1058372218574454e-06,1.0953368852772872e-06,1.0850937549650649e-06,1.0750979236319318e-06,1.065339975194677e-06,1.0558109575851587e-06,1.0465023678535094e-06,1.037406084263428e-06,1.0285144069685169e-06,1.0198199951747319e-06,1.0113158556417863e-06,1.002995323566996e-06,9.948520443155796e-07,9.868799562075887e-07,9.79073274332134e-07,9.71426475339711e-07,9.639342831338523e-07,9.56591655452321e-07,9.493937712472063e-07,9.423360188395325e-07,9.354139847844323e-07,9.286234434071496e-07,9.219603469822245e-07,9.154208164860587e-07,9.090011329174676e-07,9.026977291266049e-07,8.965071821281339e-07,8.904262058736573e-07,8.844516444149097e-07,8.78580465545398e-07,8.728097547035151e-07,8.671367093059798e-07,8.615586333645177e-07,8.560729324195457e-07,8.506771087676351e-07,8.45368756928859e-07,8.401455593877234e-07,8.350052825690626e-07,8.29945773008304e-07,8.249649537557746e-07,8.200608209586929e-07,8.15231440632022e-07,8.104749455927675e-07,8.057895325588455e-07,8.011734593989057e-07,7.966250425210716e-07,7.921426544016856e-07,7.877247212238367e-07,7.83369720651503e-07,7.790761797058598e-07,7.748426727467604e-07,7.706678195552787e-07,7.665502835074235e-07,7.624887698383308e-07,7.584820239860615e-07,7.545288300185855e-07,7.506280091293548e-07,7.467784182062574e-07,7.429789484688589e-07,7.392285241589871e-07,7.355261013078208e-07,7.318706665420112e-07,7.282612359516802e-07,7.24696854007969e-07,7.211765925273408e-07,7.176995496823318e-07,7.142648490533045e-07,7.108716387250148e-07,7.075190904184808e-07,7.042063986612494e-07,7.009327799925077e-07,6.976974722039219e-07,6.944997336016538e-07,6.913388423173039e-07,6.882140956328842e-07,6.851248093355378e-07,6.820703171016807e-07,6.790499699042508e-07,6.760631354438036e-07,6.731091976027774e-07,6.701875559177313e-07,6.67297625081558e-07,6.644388344488254e-07,6.616106275813227e-07,6.588124617897097e-07,6.560438077082515e-07,6.533041488707626e-07,6.505929813394271e-07,6.479098132773272e-07,6.452541646166698e-07,6.426255666785473e-07,6.400235618379684e-07,6.37447703197762e-07,6.348975542566139e-07,6.323726886111018e-07,6.298726896729292e-07,6.273971503540321e-07,6.249456727953834e-07,6.225178681254649e-07,6.201133561787195e-07,6.177317652658201e-07,6.153727319141242e-07,6.130359006508793e-07,6.107209237715131e-07,6.084274611372822e-07,6.061551799473936e-07,6.039037545497983e-07,6.016728662429143e-07,5.994622030877206e-07,5.972714597240764e-07,5.951003371907983e-07,5.929485427712948e-07,5.908157898068326e-07,5.887017975449506e-07,5.866062909867425e-07,5.845290007367082e-07,5.824696628577432e-07,5.804280187274348e-07,5.78403814903698e-07,5.7639680298998e-07,5.744067395153604e-07,5.724333858034023e-07,5.704765078508735e-07,5.685358762149118e-07,5.666112658986781e-07,5.647024562420788e-07,5.628092308147138e-07,5.609313773127386e-07,5.590686874587384e-07,5.572209569048155e-07,5.553879851390973e-07,5.535695753891867e-07,5.517655345385076e-07,5.499756730390874e-07,5.481998048257278e-07,5.464377472348498e-07,5.446893209265239e-07,5.429543498062365e-07,5.412326609443215e-07,5.395240845246573e-07,5.378284537419754e-07,5.36145604760289e-07,5.344753766260776e-07,5.32817611220063e-07,5.311721531814173e-07,5.29538849851946e-07,5.279175512157828e-07,5.263081098408179e-07,5.247103808205998e-07,5.231242217190796e-07,5.215494925202546e-07,5.199860555745148e-07,5.184337755379414e-07,5.16892519339956e-07,5.153621561236054e-07,5.138425572000589e-07,5.123335960052571e-07,5.108351480495392e-07,5.09347090886094e-07,5.078693040528448e-07,5.064016690428914e-07,5.049440692512713e-07,5.034963899607894e-07,5.020585182799776e-07,5.006303431050726e-07,4.992117550956659e-07,4.978026466437843e-07,4.964029118226051e-07,4.95012446352912e-07,4.936311475909533e-07,4.922589144760335e-07,4.908956475044267e-07,4.895412487042981e-07,4.881956216011925e-07,4.868586711869657e-07,4.855303038892989e-07,4.842104275520713e-07,4.82898951403649e-07,4.815957860308217e-07,4.80300843351726e-07,4.790140365906659e-07,4.777352802543672e-07,4.7646449010741617e-07,4.752015831467553e-07,4.7394647757998544e-07,4.7269909280884095e-07,4.7145934939379894e-07,4.7022716904517364e-07,4.6900247459357984e-07,4.67785189975213e-07,4.665752402042845e-07,4.65372551362711e-07,4.6417705057449984e-07,4.629886659892229e-07,4.618073267618149e-07,4.606329630364032e-07,4.594655059262871e-07,4.583048875005739e-07,4.571510407631898e-07,4.5600389963857027e-07,4.5486339895683513e-07,4.537294744340305e-07,4.5260206265733116e-07,4.514811010771838e-07,4.5036652797863236e-07,4.4925828248532045e-07,4.481563045182587e-07,4.4706053481248736e-07,4.459709148845564e-07,4.448873870253494e-07,4.438098942841986e-07,4.4273838045749505e-07,4.416727900759488e-07,4.406130683923446e-07,4.395591613695571e-07,4.385110156694202e-07,4.3746857864474146e-07,4.3643179830966837e-07,4.3540062335818676e-07,4.343750031278446e-07,4.3335488760449125e-07,4.323402274043992e-07,4.313309737653384e-07,4.303270785370423e-07,4.2932849416951886e-07,4.2833517371341953e-07,4.2734707079415875e-07,4.2636413961236956e-07,4.2538633493450187e-07,4.2441361208279297e-07,4.234459269260899e-07,4.2248323587302e-07,4.2152549585825376e-07,4.2057266434122335e-07,4.196246992962298e-07,4.186815592003033e-07,4.177432030300683e-07,4.1680959025168587e-07,4.1588068081354007e-07,4.149564351409212e-07,4.140368141245135e-07,4.131217791183853e-07,4.122112919274246e-07,4.11305314809986e-07,4.104038104579367e-07,4.0950674200140296e-07,4.086140729942589e-07,4.077257674134071e-07,4.068417896536538e-07,4.059621045135705e-07,4.0508667719906227e-07,4.0421547330252204e-07,4.0334845881941347e-07,4.024856001239694e-07,4.0162686397083267e-07,4.007722174905143e-07,3.999216281806551e-07,3.9907506390267373e-07,3.9823249287639976e-07,3.973938836753828e-07,3.9655920521488906e-07,3.957284267668727e-07,3.949015179253505e-07,3.940784486279958e-07,3.9325918914217605e-07,3.924437100532604e-07,3.91631982268844e-07,3.9082397701243357e-07,3.900196658154507e-07,3.8921902051574775e-07,3.884220132615851e-07,3.8762861648981543e-07,3.8683880293365957e-07,3.860525456163028e-07,3.852698178494681e-07,3.844905932235925e-07,3.837148456078955e-07,3.8294254914718965e-07,3.8217367825659306e-07,3.814082076177476e-07,3.8064611217636474e-07,3.7988736713598423e-07,3.791319479616775e-07,3.7837983036921896e-07,3.7763099032136416e-07,3.768854040301866e-07,3.761430479493974e-07,3.7540389877414575e-07,3.7466793343535325e-07,3.7393512909852426e-07,3.732054631592159e-07,3.724789132408492e-07,3.7175545719204987e-07,3.710350730821351e-07,3.703177392008301e-07,3.696034340528236e-07,3.688921363576875e-07,3.681838250442569e-07,3.674784792500589e-07,3.6677607831786713e-07,3.660766017932292e-07,3.6538002942235975e-07,3.646863411477554e-07,3.639955171085249e-07,3.6330753763424207e-07,3.626223832507162e-07,3.6194003466503547e-07,3.6126047277412666e-07,3.605836786541913e-07,3.599096335668972e-07,3.592383189513415e-07,3.585697164223942e-07,3.579038077684402e-07,3.5724057495277025e-07,3.5658000010759026e-07,3.559220655337974e-07,3.5526675369840943e-07,3.5461404723767526e-07,3.5396392893443567e-07,3.5331638174606995e-07,3.5267138878501605e-07,3.520289333193658e-07,3.513889987720635e-07,3.5075156871804355e-07,3.5011662688370715e-07,3.4948415714435656e-07,3.4885414352258883e-07,3.4822657018723916e-07,3.4760142144971783e-07,3.469786817650649e-07,3.4635833572569e-07,3.457403680701618e-07,3.451247636653851e-07,3.445115075224492e-07,3.439005847806373e-07,3.432919807144315e-07,3.4268568072709886e-07,3.4208167035248744e-07,3.414799352554936e-07,3.408804612242645e-07,3.40283234173104e-07,3.396882401439982e-07,3.3909546528957666e-07,3.385048958959969e-07,3.379165183671713e-07,3.373303192151847e-07,3.3674628508009334e-07,3.361644027143376e-07,3.3558465898431306e-07,3.350070408694784e-07,3.3443153546067403e-07,3.3385812996077866e-07,3.3328681167965475e-07,3.327175680387548e-07,3.3215038656390233e-07,3.3158525488707533e-07,3.310221607446906e-07,3.304610919784103e-07,3.299020365306352e-07,3.2934498244546625e-07,3.287899178671044e-07,3.282368310392179e-07,3.2768571030348443e-07,3.2713654409788097e-07,3.265893209558756e-07,3.260440295081315e-07,3.2550065847782256e-07,3.249591966807501e-07,3.2441963302460565e-07,3.238819565093012e-07,3.2334615622252866e-07,3.228122213430358e-07,3.222801411368421e-07,3.2174990495647887e-07,3.212215022420702e-07,3.206949225187266e-07,3.2017015539528843e-07,3.1964719056487913e-07,3.1912601780249397e-07,3.1860662697036074e-07,3.180890079990641e-07,3.1757315091016617e-07,3.170590458021664e-07,3.1654668285367394e-07,3.160360523154336e-07,3.155271445200412e-07,3.1501994987555323e-07,3.1451445886202564e-07,3.1401066204176106e-07,3.135085500436726e-07,3.1300811357222847e-07,3.1250934340416715e-07,3.1201223038792716e-07,3.115167654435183e-07,3.1102293955993675e-07,3.1053074379645535e-07,3.100401692812497e-07,3.0955120721080167e-07,3.0906384884876034e-07,3.0857808552516584e-07,3.080939086368331e-07,3.0761130964633587e-07,3.0713028008040644e-07,3.0665081153050043e-07,3.061728956511269e-07,3.0569652416136473e-07,3.0522168883880885e-07,3.047483815276045e-07,3.042765941297408e-07,3.0380631860939865e-07,3.0333754698981746e-07,3.028702713543253e-07,3.0240448384467636e-07,3.0194017666139765e-07,3.014773420621649e-07,3.0101597236119304e-07,3.0055605993036504e-07,3.0009759719922036e-07,2.996405766498573e-07,2.99184990820599e-07,2.9873083230407845e-07,2.9827809374704114e-07,2.9782676784971686e-07,2.9737684736466624e-07,2.969283250983824e-07,2.9648119390835316e-07,2.960354467037514e-07,2.9559107644482147e-07,2.9514807614217755e-07,2.947064388571469e-07,2.942661576993677e-07,2.938272258283758e-07,2.933896364538108e-07,2.929533828315018e-07,2.925184582654981e-07,2.920848561077838e-07,2.916525697571154e-07,2.912215926596175e-07,2.907919183023052e-07,2.903635402289482e-07,2.8993645201612963e-07,2.8951064729508714e-07,2.890861197353909e-07,2.886628630528763e-07,2.88240871008261e-07,2.878201374022484e-07,2.8740065607971246e-07,2.86982420929907e-07,2.865654258822741e-07,2.8614966490920316e-07,2.8573513202290995e-07,2.8532182127824244e-07,2.849097267698262e-07,2.8449884263146356e-07,2.8408916303784086e-07,2.836806822056852e-07,2.832733943887983e-07,2.828672938778216e-07,2.8246237500479393e-07,2.8205863213886384e-07,2.8165605968788175e-07,2.8125465209570095e-07,2.8085440384569465e-07,2.804553094552889e-07,2.800573634801448e-07,2.7966056051202646e-07,2.792648951794231e-07,2.7887036214396865e-07,2.7847695610569633e-07,2.7808467179812597e-07,2.7769350398900556e-07,2.773034474810692e-07,2.769144971115414e-07,2.7652664775185515e-07,2.761398943048369e-07,2.757542317108369e-07,2.7536965493909926e-07,2.7498615899300864e-07,2.746037389083165e-07,2.742223897530177e-07,2.7384210662713804e-07,2.7346288466248214e-07,2.7308471902179164e-07,2.7270760489919255e-07,2.7233153751950444e-07,2.719565121386743e-07,2.715825240422255e-07,2.712095685452807e-07,2.7083764099459236e-07,2.704667367657355e-07,2.7009685126396636e-07,2.69727979922656e-07,2.6936011820439633e-07,2.689932616008161e-07,2.686274056315826e-07,2.6826254584472856e-07,2.678986778157154e-07,2.6753579714863377e-07,2.671738994753935e-07,2.6681298045348477e-07,2.664530357695895e-07,2.660940611332978e-07,2.6573605228752657e-07,2.653790049938413e-07,2.6502291504841737e-07,2.646677782651513e-07,2.6431359049058334e-07,2.639603475882616e-07,2.63608045456373e-07,2.6325668001279593e-07,2.6290624720351423e-07,2.6255674299726396e-07,2.6220816338652583e-07,2.618605043912517e-07,2.6151376205315794e-07,2.6116793243829886e-07,2.6082301163683674e-07,2.604789957630117e-07,2.601358809540644e-07,2.5979366337177385e-07,2.594523391966243e-07,2.59111904636323e-07,2.587723559202043e-07,2.584336893002088e-07,2.580959010505671e-07,2.5775898746723717e-07,2.5742294487184315e-07,2.5708776959842384e-07,2.5675345801122776e-07,2.5642000649503457e-07,2.5608741145383225e-07,2.557556693140347e-07,2.554247765224189e-07,2.550947295495247e-07,2.5476552487774516e-07,2.5443715901828327e-07,2.5410962850342224e-07,2.537829298810638e-07,2.5345705972051144e-07,2.5313201461403053e-07,2.528077911693387e-07,2.5248438601629016e-07,2.5216179580362733e-07,2.518400171999805e-07,2.5151904689142504e-07,2.51198881585005e-07,2.50879518006049e-07,2.5056095289888804e-07,2.50243183026622e-07,2.4992620516917356e-07,2.496100161273238e-07,2.492946127179025e-07,2.4897999177645474e-07,2.4866615015930855e-07,2.4835308473666216e-07,2.480407923988947e-07,2.477292700513748e-07,2.4741851461890986e-07,2.4710852304467584e-07,2.467992922863616e-07,2.464908193210386e-07,2.461831011393057e-07,2.4587613475361726e-07,2.4556991719025595e-07,2.452644454919915e-07,2.449597167175804e-07,2.446557279421882e-07,2.4435247626022093e-07,2.4404995877919077e-07,2.4374817262383954e-07,2.434471149326482e-07,2.431467828608208e-07,2.428471735801488e-07,2.4254828427962075e-07,2.422501121613396e-07,2.419526544420311e-07,2.4165590835503083e-07,2.4135987114765144e-07,2.410645400860102e-07,2.407699124443345e-07,2.4047598551685494e-07,2.4018275661118315e-07,2.398902230487592e-07,2.3959838216621016e-07,2.393072313149133e-07,2.390167678579631e-07,2.387269891784464e-07,2.3843789266788165e-07,2.3814947573296175e-07,2.378617357957109e-07,2.375746702900723e-07,2.372882766657419e-07,2.3700255238549243e-07,2.3671749492439388e-07,2.3643310177189383e-07,2.3614937043034612e-07,2.3586629841676408e-07,2.3558388325816617e-07,2.3530212249668325e-07,2.3502101368933105e-07,2.3474055440009797e-07,2.3446074221368348e-07,2.3418157472080817e-07,2.3390304952707567e-07,2.3362516425282675e-07,2.3334791652767944e-07,2.3307130399502842e-07,2.3279532431009273e-07,2.3251997513906583e-07,2.3224525416370904e-07,2.319711590765858e-07,2.3169768758015866e-07,2.3142483738995704e-07,2.3115260623334292e-07,2.308809918493016e-07,2.306099919888946e-07,2.3033960441376347e-07,2.3006982689772533e-07,2.2980065722579623e-07,2.2953209319519195e-07,2.2926413261302907e-07,2.2899677329777935e-07,2.287300130781737e-07,2.2846384979817403e-07,2.2819828130950904e-07,2.2793330547229483e-07,2.2766892016201286e-07,2.274051232620309e-07,2.2714191266785896e-07,2.268792862852757e-07,2.2661724203058088e-07,2.2635577782862957e-07,2.2609489161843238e-07,2.2583458135048984e-07,2.255748449748371e-07,2.2531568046324654e-07,2.2505708579312803e-07,2.2479905895299221e-07,2.245415979399746e-07,2.2428470076163093e-07,2.2402836543743982e-07,2.2377258999359526e-07,2.235173724683992e-07,2.2326271090808535e-07,2.230086033696166e-07,2.2275504791905745e-07,2.225020426321697e-07,2.2224958559404715e-07,2.2199767489899716e-07,2.2174630865085243e-07,2.214954849626905e-07,2.2124520195685983e-07,2.2099545776485102e-07,2.2074625052684188e-07,2.2049757839238412e-07,2.2024943952009857e-07,2.2000183207746486e-07,2.1975475424012408e-07,2.195082041936575e-07,2.192621801340176e-07,2.1901668025955126e-07,2.1877170278320917e-07,2.1852724592412398e-07,2.18283307909832e-07,2.1803988698028406e-07,2.177969813786144e-07,2.1755458935892194e-07,2.1731270918234355e-07,2.170713391194409e-07,2.1683047744844248e-07,2.1659012245582247e-07,2.163502724369926e-07,2.161109256933725e-07,2.1587208053476807e-07,2.1563373528253933e-07,2.1539588826141662e-07,2.1515853780629288e-07,2.1492168226058186e-07,2.1468531997396948e-07,2.144494493034935e-07,2.1421406861517014e-07,2.139791762820332e-07,2.1374477068480935e-07,2.1351085021182758e-07,2.1327741325879813e-07,2.130444582291079e-07,2.1281198353330164e-07,2.125799875891561e-07,2.1234846882266896e-07,2.1211742566640632e-07,2.1188685655980032e-07,2.1165675994819902e-07,2.114271342892386e-07,2.111979780427412e-07,2.109692896770641e-07,2.1074106766614461e-07,2.105133104945856e-07,2.1028601665102707e-07,2.100591846311889e-07,2.0983281293874401e-07,2.0960690008299762e-07,2.0938144458041512e-07,2.0915644495541978e-07,2.089318997376429e-07,2.0870780746419246e-07,2.0848416667731274e-07,2.0826165807601985e-07,2.0803891461273718e-07,2.0781661827682387e-07,2.0759476764989506e-07,2.0737336132175407e-07,2.071523978795909e-07,2.0693187591451266e-07,2.0671179402070236e-07,2.0649215079947044e-07,2.0627294485864386e-07,2.060541748134232e-07,2.0583583928252304e-07,2.0561793689177427e-07,2.0540046627340256e-07,2.0518342606543219e-07,2.0496681491205715e-07,2.0475063146333903e-07,2.045348743754398e-07,2.043195423133003e-07,2.0410463393862543e-07,2.038901479291872e-07,2.0367608296407462e-07,2.0346243772870977e-07,2.0324921091424026e-07,2.0303640121759677e-07,2.028240073413732e-07,2.0261202799373017e-07,2.0240046188871818e-07,2.0218930774576403e-07,2.019785642900825e-07,2.0176823025212655e-07,2.0155830436849795e-07,2.0134878537909e-07,2.0113967203305958e-07,2.0093096308208171e-07,2.0072265728385e-07,2.0051475340160656e-07,2.003072502039004e-07,2.0010014646451546e-07,1.9989344096100198e-07,1.9968713248064126e-07,1.9948121981220757e-07,1.9927570174904308e-07,1.9907057709187345e-07,1.988658446450401e-07,1.9866150321906745e-07,1.984575516290938e-07,1.9825398869502678e-07,1.9805081324211911e-07,1.9784802409917696e-07,1.9764562010407273e-07,1.9744360009534386e-07,1.9724196291841973e-07,1.9704070742220545e-07,1.968398324619823e-07,1.966393368969585e-07,1.9643921959183098e-07,1.9623947941493596e-07,1.9604011524028244e-07,1.9584112594539146e-07,1.956425104167894e-07,1.9544426753853211e-07,1.9524639620476035e-07,1.9504889531211018e-07,1.948517637628408e-07,1.9465500046204212e-07,1.9445860432192935e-07,1.9426257425696607e-07,1.940669091873902e-07,1.938716080376582e-07,1.9367666973561385e-07,1.9348209321596257e-07,1.9328787741420386e-07,1.930940212728367e-07,1.929005237397024e-07,1.9270738376278278e-07,1.925146002983264e-07,1.92322172304621e-07,1.9213009874650387e-07,1.9193837859088492e-07,1.9174701080871385e-07,1.9155599437811143e-07,1.913653282773693e-07,1.9117501149212985e-07,1.9098504301005013e-07,1.907954218242409e-07,1.906061469331716e-07,1.9041721733373688e-07,1.902286320328299e-07,1.9004039003973202e-07,1.8985249036665134e-07,1.8966493202951602e-07,1.894777140500637e-07,1.89290835452752e-07,1.8910429526721153e-07,1.889180925236023e-07,1.8873222626093734e-07,1.885466955179374e-07,1.883614993387689e-07,1.88176636771239e-07,1.8799210686701776e-07,1.878079086814652e-07,1.8762404127387408e-07,1.8744050370712432e-07,1.8725729504775167e-07,1.870744143664025e-07,1.868918607367028e-07,1.8670963323638696e-07,1.8652773094701218e-07,1.8634615295304049e-07,1.861648983434332e-07,1.8598396620957825e-07,1.8580335564848745e-07,1.8562306575850235e-07,1.8544309564255925e-07,1.8526344440712951e-07,1.8508411116167513e-07,1.8490509501948406e-07,1.8472639509763716e-07,1.845480105158402e-07,1.8436994039784131e-07,1.8419218387083025e-07,1.8401474006497847e-07,1.838376081150801e-07,1.83660787156314e-07,1.8348427633015973e-07,1.8330807478013158e-07,1.8313218165374466e-07,1.8295659610119188e-07,1.8278131727616603e-07,1.8260634433557025e-07,1.8243167644066287e-07,1.8225731275246792e-07,1.8208325243897587e-07,1.8190949467002838e-07,1.8173603861823028e-07,1.815628834598872e-07,1.813900283743917e-07,1.8121747254375896e-07,1.8104521515382915e-07,1.8087325539257707e-07,1.807015924528726e-07,1.805302255297581e-07,1.8035915381935268e-07,1.801883765233261e-07,1.8001789284528194e-07,1.7984770199312364e-07,1.7967780317592467e-07,1.795081956068591e-07,1.7933887850150663e-07,1.7916985107824935e-07,1.7900111255995192e-07,1.7883266217099604e-07,1.7866449913862287e-07,1.7849662269303483e-07,1.7832903206810086e-07,1.781617265019215e-07,1.7799470522923786e-07,5.878423460114522e-08,5.6483451415941734e-08,6.264745651122554e-08,6.927080494225796e-08,7.57508623264174e-08,8.203234602464036e-08,8.810224084679079e-08,9.395256166549858e-08,9.957754484038488e-08,1.0497334909258626e-07,1.1013792065778618e-07,1.1507085512665375e-07,1.1977324843201642e-07,1.242475408470757e-07,1.2849735823120436e-07,1.3252735423587156e-07,1.3634305659822563e-07,1.399507200260964e-07,1.4335718761732518e-07,1.4656976219174243e-07,1.4959608845758807e-07,1.5244404649792453e-07,1.5512165672046958e-07,1.576369961164458e-07,1.5999812545524506e-07,1.6221302686267496e-07,1.642895511223137e-07,1.6623537393017337e-07,1.680579603319814e-07,1.6976453651813084e-07,1.7136206818150723e-07,1.728572446597294e-07,1.7425646812895968e-07,1.755658471586416e-07,1.7679119398432198e-07,1.7793802492526303e-07,1.7901156341777551e-07,1.8001674519785286e-07,1.8095822521252228e-07,1.8184038589915452e-07,1.8266734651320148e-07,1.8344297322914729e-07,1.841708897800532e-07,1.848544884361358e-07,1.8549694115482437e-07,1.861012107621066e-07,1.8667006205116148e-07,1.8720607270591867e-07,1.8771164397340487e-07,1.881890110290085e-07,1.8864025298989137e-07,1.8906730254390343e-07,1.8947195517290014e-07,1.898558779537592e-07,1.9022061793527878e-07,1.9056761008375105e-07,1.90898184803298e-07,1.912135750395288e-07,1.9151492297308036e-07,1.918032863174599e-07,1.9207964423319713e-07,1.9234490287593946e-07,1.9259990059205962e-07,1.928454127784155e-07,1.9308215642420756e-07,1.933107943499126e-07,1.9353193916103892e-07,1.93746156931262e-07,1.939539706326045e-07,1.9415586332623872e-07,1.9435228112930353e-07,1.945436359715482e-07,1.947303081552723e-07,1.9491264873170662e-07,1.950909817050025e-07,1.95265606077112e-07,1.9543679774195256e-07,1.9560481124133836e-07,1.9576988139113777e-07,1.959322247867952e-07,1.9609204119727026e-07,1.962495148544819e-07,1.964048156461523e-07,1.9655810022007393e-07,1.9670951300372544e-07,1.9685918714772122e-07,1.9700724539766482e-07,1.971538008990639e-07,1.9729895794253557e-07,1.9744281265081846e-07,1.975854536133611e-07,1.9772696247324753e-07,1.9786741446818327e-07,1.9800687893022057e-07,1.9814541974712508e-07,1.9828309578754403e-07,1.984199612946172e-07,1.9855606624788503e-07,1.9869145669779334e-07,1.988261750741218e-07,1.9896026047030442e-07,1.990937489061683e-07,1.9922667356943695e-07,1.993590650390993e-07,1.9949095149113194e-07,1.996223588879265e-07,1.9975331115323106e-07,1.998838303332526e-07,2.0001393674514893e-07,2.0014364911381544e-07,2.0027298469839323e-07,2.004019594077198e-07,2.0053058790813692e-07,2.0065888372137389e-07,2.0078685931664572e-07,2.009145261938193e-07,2.0104189495947437e-07,2.0116897539892717e-07,2.0129577654162758e-07,2.014223067207154e-07,2.0154857363106365e-07,2.0167458437580092e-07,2.0180034551705398e-07,2.0192586311787004e-07,2.0205114278193304e-07,2.0217618969163548e-07,2.0230100863986773e-07,2.0242560406117408e-07,2.0254998006280549e-07,2.0267414044908828e-07,2.0279808874555879e-07,2.0292182822172245e-07,2.0304536191179445e-07,2.0316869263262763e-07,2.0329182300303567e-07,2.0341475545760842e-07,2.035374922626732e-07,2.0366003552917193e-07,2.0378238722591334e-07,2.039045491896431e-07,2.0402652313684955e-07,2.0414831067393485e-07,2.0426991330348488e-07,2.0439133243510328e-07,2.045125693920273e-07,2.046336254176543e-07,2.0475450168230095e-07,2.0487519928917254e-07,2.0499571927956246e-07,2.0511606263752957e-07,2.0523623029484707e-07,2.0535622313491865e-07,2.054760419970489e-07,2.055956876790819e-07,2.0571516094195536e-07,2.0583446251147653e-07,2.0595359308152083e-07,2.0607255331691437e-07,2.061913438548866e-07,2.0630996530704333e-07,2.0642841826342665e-07,2.0654670329224517e-07,2.0666482094191404e-07,2.0678277174330733e-07,2.069005562098376e-07,2.0701817484001512e-07,2.0713562811816886e-07,2.0725291651516668e-07,2.073700404899833e-07,2.0748700049023338e-07,2.0760379695315608e-07,2.0772043030632876e-07,2.078369009680587e-07,2.0795320934926173e-07,2.0806935585228598e-07,2.0818534087262364e-07,2.083011647990192e-07,2.084168280143819e-07,2.0853233089534753e-07,2.0864767381360319e-07,2.0876285713552933e-07,2.08877881222891e-07,2.0899274643350794e-07,2.091074531201263e-07,2.0922200163225715e-07,2.0933639231613925e-07,2.094506255140642e-07,2.0956470156527198e-07,2.0967862080600376e-07,2.097923835696247e-07,2.0990599018686253e-07,2.1001944098574217e-07,2.101327362921943e-07,2.1024587642916607e-07,2.1035886171806385e-07,2.104716924779822e-07,2.105843690259949e-07,2.106968916771873e-07,2.1080926074506462e-07,2.109214765410999e-07,2.1103353937514687e-07,2.1114544955466157e-07,2.1125720738790452e-07,2.1136881317925608e-07,2.1148026723229548e-07,2.1159156984934723e-07,2.11702721331201e-07,2.1181372197713532e-07,2.1192457208554604e-07,2.1203527195330028e-07,2.12145821876073e-07,2.1225622214870974e-07,2.123664730640928e-07,2.1247657491429776e-07,2.1258652799025815e-07,2.1269633258177902e-07,2.1280598897756122e-07,2.129154974652313e-07,2.130248583313947e-07,2.1313407186220352e-07,2.1324313834068888e-07,2.1335205805091705e-07,2.1346083127542703e-07,2.1356945829572503e-07,2.1367793939221155e-07,2.1378627484440889e-07,2.1389446493083647e-07,2.140025099290337e-07,2.1411041011564047e-07,2.142181657663455e-07,2.1432577715608291e-07,2.1443324455844793e-07,2.1454056824646688e-07,2.1464774849216332e-07,2.1475478556692639e-07,2.1486167974084054e-07,2.1496843128337164e-07,2.1507504046302074e-07,2.1518150754744376e-07,2.152878328035264e-07,2.1539401649715792e-07,2.155000588932445e-07,2.156059602564765e-07,2.1571172085004032e-07,2.1581734093657994e-07,2.1592282077783226e-07,2.1602816063466453e-07,2.1613336076745018e-07,2.1623842143544211e-07,2.1634334289681357e-07,2.1644812540948054e-07,2.1655276923049058e-07,2.1665727461570734e-07,2.1676164182057107e-07,2.1686587109989701e-07,2.1696996270714732e-07,2.170739168950904e-07,2.171777339160007e-07,2.1728141402176763e-07,2.1738495746269785e-07,2.1748836448841012e-07,2.1759163534837253e-07,2.1769477029099047e-07,2.1779776956343725e-07,2.1790063341336887e-07,2.180033620865963e-07,2.1810595582848873e-07,2.182084148837926e-07,2.1831073949537643e-07,2.1841292990821887e-07,2.1851498636429256e-07,2.186169091056534e-07,2.1871869837217114e-07,2.188203544049207e-07,2.1892187744340138e-07,2.19023267726185e-07,2.1912452549197436e-07,2.1922565097811977e-07,2.1932664442135868e-07,2.1942750605792046e-07,2.1952823612303634e-07,2.1962883485135757e-07,2.1972930247707263e-07,2.198296392334498e-07,2.1992984535316235e-07,2.2002992106856837e-07,2.201298666102765e-07,2.2022968220922203e-07,2.2032936809543782e-07,2.2042892449822037e-07,2.205283516463937e-07,2.206276497675488e-07,2.207268190891976e-07,2.2082585983801992e-07,2.2092477224004805e-07,2.2102355652057926e-07,2.211222129044786e-07,2.2122074161579216e-07,2.213191428779198e-07,2.2141741691377314e-07,2.215155639452681e-07,2.2161358419429786e-07,2.2171147788196747e-07,2.218092452277435e-07,2.2190688645199633e-07,2.2200440177331634e-07,2.221017914103899e-07,2.2219905558115423e-07,2.222961945025454e-07,2.223932083911565e-07,2.224900974630515e-07,2.2258686193366349e-07,2.2268350201774987e-07,2.227800179294895e-07,2.2287640988267447e-07,2.2297267808978678e-07,2.230688227638048e-07,2.2316484411611225e-07,2.2326074235809823e-07,2.2335651770041242e-07,2.234521703531158e-07,2.2354770052564843e-07,2.2364310842706865e-07,2.2373839426542086e-07,2.2383355824860105e-07,2.2392860058486682e-07,2.240235214782642e-07,2.241183211368391e-07,2.2421299976560756e-07,2.2430755756952818e-07,2.2440199475289967e-07,2.2449631151965296e-07,2.24590508072643e-07,2.2468458461532682e-07,2.247785413494939e-07,2.2487237847677287e-07,2.2496609619826348e-07,2.250596947143579e-07,2.2515317422535245e-07,2.252465349305201e-07,2.2533977702880525e-07,2.254329007186338e-07,2.255259061984928e-07,2.2561879366419302e-07,2.2571156331351046e-07,2.2580421534278755e-07,2.258967499485645e-07,2.2598916732453117e-07,2.2608146766579362e-07,2.2617365116809006e-07,2.262657180225926e-07,2.2635766842381662e-07,2.264495025643727e-07,2.2654122063650915e-07,2.266328228317752e-07,2.267243093414648e-07,2.2681568035606453e-07,2.2690693606600686e-07,2.2699807666059212e-07,2.2708910232918668e-07,2.2718001326053137e-07,2.2727080964257136e-07,2.273614916633222e-07,2.274520595098846e-07,2.2754251336893997e-07,2.2763285342674063e-07,2.2772307986909784e-07,2.2781319288127368e-07,2.2790319264806452e-07,2.2799307935376378e-07,2.2808285318225511e-07,2.2817251431688217e-07,2.2826206294063437e-07,2.2835149923591052e-07,2.284408233845545e-07,2.2853003556838382e-07,2.286191359682763e-07,2.2870812476484673e-07,2.2879700213821014e-07,2.288857682684141e-07,2.2897442333438155e-07,2.2906296751441547e-07,2.2915140098715505e-07,2.2923972393063217e-07,2.2932793652213936e-07,2.2941603893869086e-07,2.2950403135696843e-07,2.2959191395313408e-07,2.2967968690201873e-07,2.297673503792791e-07,2.298549045604041e-07,2.299423496190693e-07,2.300296857286269e-07,2.3011691306311724e-07,2.3020403179549202e-07,2.3029104209839212e-07,2.3037794414373758e-07,2.3046473810371034e-07,2.305514241493987e-07,2.3063800245184804e-07,2.307244731813096e-07,2.3081083650782143e-07,2.3089709260093093e-07,2.3098324163021033e-07,2.310692837639824e-07,2.311552191711485e-07,2.3124104802013767e-07,2.3132677047713845e-07,2.3141238670987995e-07,2.3149789688504357e-07,2.3158330116941455e-07,2.3166859972862135e-07,2.3175379272822568e-07,2.318388803333197e-07,2.319238627086788e-07,2.3200874001863801e-07,2.3209351242707236e-07,2.3217818009759653e-07,2.322627431933117e-07,2.3234720187693596e-07,2.3243155631083095e-07,2.3251580665699377e-07,2.3259995307683012e-07,2.3268399573190908e-07,2.3276793478280094e-07,2.3285177038978276e-07,2.3293550271320088e-07,2.3301913191259372e-07,2.3310265814688374e-07,2.3318608157571676e-07,2.3326940235721928e-07,2.3335262064941099e-07,2.3343573661027903e-07,2.33518750397181e-07,2.3360166216706975e-07,2.336844720766095e-07,2.3376718028214251e-07,2.338497869396007e-07,2.339322922045069e-07,2.3401469623265645e-07,2.340969991776594e-07,2.3417920119458235e-07,2.3426130243756083e-07,2.3434330306020889e-07,2.344252032159747e-07,2.3450700305802822e-07,2.3458870273889036e-07,2.3467030241095305e-07,2.3475180222617678e-07,2.3483320233611576e-07,2.3491450289298306e-07,2.34995704045787e-07,2.3507680594601427e-07,2.3515780874408103e-07,2.3523871258961762e-07,2.3531951763222572e-07,2.3540022402104188e-07,2.3548083190499852e-07,2.355613414310031e-07,2.3564175275029148e-07,2.3572206600916302e-07,2.358022813550329e-07,2.358823989351567e-07,2.3596241889618366e-07,2.360423413837362e-07,2.3612216654583583e-07,2.3620189452735549e-07,2.3628152547373308e-07,2.3636105953006066e-07,2.3644049684132282e-07,2.3651983755194088e-07,2.365990818060387e-07,2.3667822974747826e-07,2.367572815198422e-07,2.3683623726627617e-07,2.3691509712974886e-07,2.3699386125261078e-07,2.370725297771894e-07,2.3715110284543973e-07,2.3722958059895373e-07,2.3730796317878115e-07,2.373862507263254e-07,2.374644433822021e-07,2.375425412864706e-07,2.3762054457971736e-07,2.3769845340069118e-07,2.3777626788934416e-07,2.3785398818470505e-07,2.3793161442546776e-07,2.3800914675055264e-07,2.3808658529768143e-07,2.3816393020529402e-07,2.3824118161027024e-07,2.3831833965008044e-07,2.3839540446178015e-07,2.384723761820448e-07,2.385492549475136e-07,2.386260408943388e-07,2.387027341572839e-07,2.3877933487247664e-07,2.388558431751257e-07,2.3893225920002966e-07,2.390085830818027e-07,2.3908481495418827e-07,2.391609549524442e-07,2.392370032094832e-07,2.393129598589845e-07,2.393888250339564e-07,2.394645988675788e-07,2.3954028149196637e-07,2.396158730393525e-07,2.396913736420486e-07,2.3976678343170677e-07,2.3984210253974523e-07,2.399173310972654e-07,2.399924692350497e-07,2.4006751708376774e-07,2.401424747738569e-07,2.402173424353722e-07,2.4029212019767976e-07,2.4036680819069485e-07,2.4044140654287466e-07,2.405159153836162e-07,2.4059033484198194e-07,2.406646650459809e-07,2.4073890612372226e-07,2.408130582032631e-07,2.4088712141191246e-07,2.4096109587680246e-07,2.4103498172535333e-07,2.411087790838825e-07,2.4118248807911104e-07,2.4125610883748524e-07,2.4132964148464374e-07,2.4140308614625305e-07,2.4147644294784975e-07,2.415497120146298e-07,2.4162289347148673e-07,2.4169598744308617e-07,2.4176899405377095e-07,2.4184191342772173e-07,2.419147456887905e-07,2.4198749096047905e-07,2.4206014936638463e-07,2.4213272102933596e-07,2.422052060719587e-07,2.422776046166985e-07,2.4234991678707906e-07,2.4242214270450437e-07,2.424942824907641e-07,2.4256633626740844e-07,2.4263830415563367e-07,2.4271018627682717e-07,2.4278198275164544e-07,2.428536937006855e-07,2.4292531924400375e-07,2.429968595022541e-07,2.4306831459496615e-07,2.43139684641751e-07,2.432109697619236e-07,2.432821700746629e-07,2.433532856985791e-07,2.434243167528101e-07,2.434952633552102e-07,2.435661256241425e-07,2.4363690367790595e-07,2.4370759763338675e-07,2.437782076086715e-07,2.43848733720371e-07,2.439191760857503e-07,2.4398953482149846e-07,2.440598100441087e-07,2.441300018699293e-07,2.4420011041446064e-07,2.4427013579424185e-07,2.443400781244322e-07,2.4440993752065716e-07,2.4447971409731905e-07,2.4454940796936814e-07,2.4461901925198787e-07,2.446885480591098e-07,2.4475799450548185e-07,2.4482735870466937e-07,2.4489664076965386e-07,2.449658408156361e-07,2.450349589543828e-07,2.4510399529936466e-07,2.451729499637172e-07,2.4524182305946435e-07,2.453106146992021e-07,2.4537932499511546e-07,2.4544795405838064e-07,2.455165020021173e-07,2.45584968937118e-07,2.4565335497461985e-07,2.457216602256182e-07,2.4578988480102956e-07,2.4585802881157324e-07,2.4592609236722996e-07,2.4599407557842266e-07,2.4606197855508726e-07,2.4612980140696996e-07,2.4619754424349996e-07,2.462652071741528e-07,2.4633279030795393e-07,2.464002937537588e-07,2.464677176203955e-07,2.465350620160896e-07,2.466023270491158e-07,2.466695128276768e-07,2.467366194595318e-07,2.4680364705240117e-07,2.468705957136939e-07,2.469374655505019e-07,2.470042566697685e-07,2.470709691782559e-07,2.4713760318262567e-07,2.472041587887599e-07,2.472706361038909e-07,2.473370352334146e-07,2.474033562832371e-07,2.474695993588591e-07,2.475357645655195e-07,2.476018520085212e-07,2.476678617928305e-07,2.477337940233245e-07,2.477996488042982e-07,2.478654262403387e-07,2.479311264355714e-07,2.4799674949379e-07,2.480622955190251e-07,2.481277646147062e-07,2.4819315688422443e-07,2.482584724307517e-07,2.483237113572689e-07,2.483888737665837e-07,2.484539597612365e-07,2.485189694437136e-07,2.485839029161912e-07,2.486487602805647e-07,2.4871354163888883e-07,2.4877824709268195e-07,2.4884287674338894e-07,2.489074306922668e-07,2.4897190904037613e-07,2.49036311888582e-07,2.491006393375754e-07,2.49164891487855e-07,2.492290684397129e-07,2.492931702932753e-07,2.493571971483772e-07,2.4942114910495363e-07,2.494850262625146e-07,2.495488287204015e-07,2.496125565778138e-07,2.4967620993375346e-07,2.49739788887073e-07,2.498032935363703e-07,2.498667239801083e-07,2.499300803166718e-07,2.49993362643973e-07,2.500565710600442e-07,2.501197056625683e-07,2.50182766549236e-07,2.502457538171499e-07,2.503086675638618e-07,2.5037150788609323e-07,2.5043427488078186e-07,2.504969686446123e-07,2.5055958927416395e-07,2.5062213686551597e-07,2.506846115149038e-07,2.5074701331830493e-07,2.5080934237147996e-07,2.508715987700479e-07,2.5093378260945195e-07,2.5099589398493085e-07,2.510579329915856e-07,2.511198997242875e-07,2.511817942778373e-07,2.51243616746779e-07,2.5130536722552307e-07,2.513670458082662e-07,2.514286525890536e-07,2.514901876618637e-07,2.5155165112029107e-07,2.516130430580026e-07,2.5167436356824246e-07,2.517356127442726e-07,2.5179679067924363e-07,2.5185789746586836e-07,2.519189331969292e-07,2.5197989796448895e-07,2.5204079186186585e-07,2.521016149808063e-07,2.521623674133645e-07,2.522230492518015e-07,2.5228366058702763e-07,2.5234420151050045e-07,2.52404672114651e-07,2.524650724901889e-07,2.525254027281928e-07,2.525856629192585e-07,2.5264585315431174e-07,2.5270597352465247e-07,2.5276602412036596e-07,2.52826005030881e-07,2.5288591634656834e-07,2.5294575815791586e-07,2.530055305544224e-07,2.530652336257035e-07,2.531248674612759e-07,2.531844321499792e-07,2.532439277817521e-07,2.5330335444524124e-07,2.5336271222952706e-07,2.5342200122280107e-07,2.5348122151343606e-07,2.535403731905929e-07,2.5359945634205084e-07,2.5365847105553653e-07,2.537174174195497e-07,2.537762955217016e-07,2.538351054494777e-07,2.538938472904225e-07,2.5395252113158853e-07,2.540111270602308e-07,2.540696651634189e-07,2.5412813552809796e-07,2.5418653824078173e-07,2.54244873388163e-07,2.543031410563653e-07,2.5436134133173723e-07,2.5441947430043943e-07,2.544775400484312e-07,2.545355386613192e-07,2.5459347022486765e-07,2.546513348245418e-07,2.5470913254568913e-07,2.547668634735465e-07,2.548245276931381e-07,2.548821252893748e-07,2.5493965634701675e-07,2.549971209506669e-07,2.5505451918483114e-07,2.551118511337984e-07,2.551691168817492e-07,2.552263165127182e-07,2.5528345011060055e-07,2.553405177591629e-07,2.55397519541991e-07,2.5545445554256265e-07,2.555113258441815e-07,2.555681305300349e-07,2.5562486968315895e-07,2.556815433866237e-07,2.55738151723017e-07,2.5579469477477783e-07,2.5585117262453287e-07,2.559075853548382e-07,2.5596393304765423e-07,2.560202157848826e-07,2.5607643364873875e-07,2.561325867207409e-07,2.561886750826944e-07,2.56244698816076e-07,2.5630065800240445e-07,2.5635655272261375e-07,2.5641238305792945e-07,2.5646814908933167e-07,2.5652385089772513e-07,2.565794885635766e-07,2.566350621675469e-07,2.5669057179008556e-07,2.567460175114554e-07,2.568013994117175e-07,2.5685671757081083e-07,2.5691197206886684e-07,2.569671629855034e-07,2.570222904003313e-07,2.570773543928216e-07,2.571323550423276e-07,2.5718729242818094e-07,2.572421666292495e-07,2.5729697772452657e-07,2.573517257928693e-07,2.574064109129665e-07,2.5746103316337886e-07,2.575155926225043e-07,2.5757008936849025e-07,2.576245234798718e-07,2.5767889503449095e-07,2.5773320411025817e-07,2.5778745078497137e-07,2.578416351363066e-07,2.5789575724172606e-07,2.5794981717859274e-07,2.5800381502423227e-07,2.5805775085578895e-07,2.581116247502496e-07,2.5816543678456893e-07,2.5821918703545045e-07,2.5827287557949854e-07,2.5832650249326606e-07,2.5838006785319754e-07,2.5843357173543705e-07,2.584870142161804e-07,2.5854039537149853e-07,2.5859371527714904e-07,2.5864697400897594e-07,2.5870017164255823e-07,2.587533082535526e-07,2.588063839172218e-07,2.5885939870899174e-07,2.5891235270376705e-07,2.5896524597670713e-07,2.590180786026457e-07,2.5907085065659894e-07,2.5912356221303774e-07,2.5917621334646776e-07,2.5922880413139496e-07,2.5928133464208353e-07,2.5933380495274654e-07,2.5938621513743086e-07,2.5943856527005484e-07,2.594908554245034e-07,2.595430856744016e-07,2.59595256093335e-07,2.59647366754779e-07,2.5969941773222836e-07,2.5975140909865653e-07,2.598033409274663e-07,2.5985521329151835e-07,2.5990702626395973e-07,2.5995877991695443e-07,2.6001047432351045e-07,2.600621095560609e-07,2.601136856872055e-07,2.601652027889116e-07,2.6021666093360304e-07,2.6026806019326845e-07,2.6031940064003947e-07,2.603706823456718e-07,2.6042190538181664e-07,2.604730698202118e-07,2.6052417573214247e-07,2.6057522318910265e-07,2.6062621226222906e-07,2.606771430229375e-07,2.607280155421533e-07,2.607788298907697e-07,2.6082958613964764e-07,2.608802843594954e-07,2.609309246208747e-07,2.60981506994317e-07,2.6103203155047497e-07,2.610824983590235e-07,2.611329074903999e-07,2.6118325901464364e-07,2.6123355300168844e-07,2.612837895213547e-07,2.613339686433597e-07,2.6138409043727815e-07,2.614341549726523e-07,2.614841623188516e-07,2.6153411254514424e-07,2.6158400572063574e-07,2.6163384191449087e-07,2.6168362119559987e-07,2.6173334363283865e-07,2.617830092948993e-07,2.6183261825046656e-07,2.6188217056803437e-07,2.6193166631601717e-07,2.619811055627293e-07,2.6203048837635267e-07,2.6207981482496985e-07,2.621290849766176e-07,2.6217829889921886e-07,2.6222745666042637e-07,2.622765583280144e-07,2.623256039695198e-07,2.623745936522839e-07,2.624235274438886e-07,2.6247240541158986e-07,2.6252122762217334e-07,2.6256999414317306e-07,2.6261870504121855e-07,2.626673603833728e-07,2.627159602362055e-07,2.6276450466643487e-07,2.6281299374053974e-07,2.628614275250122e-07,2.629098060861395e-07,2.629581294901563e-07,2.6300639780307763e-07,2.6305461109127067e-07,2.631027694201388e-07,2.631508728559384e-07,2.631989214642749e-07,2.632469153107298e-07,2.632948544598327e-07,2.633427389790241e-07,2.633905689325794e-07,2.6343834438547925e-07,2.6348606540336795e-07,2.6353373205102687e-07,2.6358134439327114e-07,2.6362890249487034e-07,2.636764064209334e-07,2.6372385623585865e-07,2.637712520041694e-07,2.6381859379021866e-07,2.6386588165849155e-07,2.6391311567288685e-07,2.6396029589809056e-07,2.640074223978736e-07,2.640544952361316e-07,2.641015144772424e-07,2.6414848018397364e-07,2.6419539242047256e-07,2.6424225125024535e-07,2.642890567368643e-07,2.643358089435629e-07,2.6438250793375417e-07,2.64429153770522e-07,2.6447574651708833e-07,2.645222862362317e-07,2.6456877299097353e-07,2.646152068440685e-07,2.646615878583022e-07,2.6470791609591595e-07,2.6475419161998057e-07,2.648004144929406e-07,2.6484658477651723e-07,2.648927025332967e-07,2.649387678253954e-07,2.6498478071487925e-07,2.650307412637366e-07,2.6507664953376084e-07,2.6512250558674964e-07,2.6516830948438203e-07,2.6521406128825097e-07,2.6525976105986555e-07,2.6530540886061004e-07,2.653510047518086e-07,2.6539654879467896e-07,2.654420410503636e-07,2.6548748157989824e-07,2.6553287044423226e-07,2.6557820770422974e-07,2.656234934206775e-07,2.6566872765422084e-07,2.6571391046546076e-07,2.6575904191491214e-07,2.65804122063133e-07,2.658491509699177e-07,2.6589412869606293e-07,2.6593905530156403e-07,2.6598393084641717e-07,2.660287553906082e-07,2.6607352899396784e-07,2.6611825171638416e-07,2.6616292361751975e-07,2.6620754475698904e-07,2.6625211519412877e-07,2.662966349887468e-07,2.6634110420001293e-07,2.663855228873431e-07,2.664298911095569e-07,2.664742089260042e-07,2.6651847639563883e-07,2.665626935774051e-07,2.666068605301148e-07,2.666509773125179e-07,2.6669504398328433e-07,2.667390606009682e-07,2.667830272240693e-07,2.6682694391100203e-07,2.6687081072010446e-07,2.6691462770965527e-07,2.669583949376849e-07,2.6700211246231083e-07,2.6704578034128317e-07,2.6708939863270855e-07,2.6713296739476315e-07,2.6717648668479575e-07,2.672199565604574e-07,2.672633770793943e-07,2.6730674830012986e-07,2.673500702778769e-07,2.673933430709535e-07,2.6743656673680733e-07,2.674797413324043e-07,2.6752286691500233e-07,2.6756594354135353e-07,2.676089712682486e-07,2.676519501531045e-07,2.676948802520846e-07,2.677377616219758e-07,2.6778059431951027e-07,2.678233784009917e-07,2.6786611392293627e-07,2.6790880094137295e-07,2.6795143951304377e-07,2.679940296939222e-07,2.6803657154001284e-07,2.680790651074141e-07,2.68121510452075e-07,2.681639076297357e-07,2.6820625669626576e-07,2.682485577076688e-07,2.68290810718804e-07,2.6833301578555694e-07,2.6837517296343304e-07,2.684172823077749e-07,2.6845934387381926e-07,2.6850135771709185e-07,2.685433238922217e-07,2.6858524245453397e-07,2.686271134591449e-07,2.68668936960697e-07,2.687107130138039e-07,2.687524416736814e-07,2.6879412299476654e-07,2.688357570322848e-07,2.6887734383955963e-07,2.6891888347084404e-07,2.689603759820553e-07,2.6900182142669833e-07,2.6904321985898046e-07,2.6908457133317547e-07,2.691258759033322e-07,2.6916713362286954e-07,2.6920834454601257e-07,2.6924950872658547e-07,2.692906262184684e-07,2.6933169707533183e-07,2.6937272135057614e-07,2.694136990977608e-07,2.694546303703825e-07,2.69495515221839e-07,2.695363537054089e-07,2.6957714587427747e-07,2.696178917818177e-07,2.696585914807143e-07,2.696992450240283e-07,2.6973985246484657e-07,2.6978041385595087e-07,2.698209292500965e-07,2.69861398699963e-07,2.699018222586108e-07,2.699421999776681e-07,2.6998253191009826e-07,2.7002281810836964e-07,2.7006305862315923e-07,2.7010325350785873e-07,2.7014340281703423e-07,2.701835066009774e-07,2.7022356491156723e-07,2.7026357780137146e-07,2.7030354532173384e-07,2.703434675240496e-07,2.7038334446034724e-07,2.70423176182982e-07,2.704629627419632e-07,2.705027041908459e-07,2.7054240057965785e-07,2.705820519603725e-07,2.706216583841762e-07,2.7066121990229453e-07,2.7070073656583265e-07,2.7074020842597685e-07,2.7077963553368004e-07,2.7081901794002427e-07,2.7085835569599013e-07,2.708976488521389e-07,2.7093689745948725e-07,2.709761015686456e-07,2.7101526123015835e-07,2.7105437649464493e-07,2.7109344741219454e-07,2.7113247403397496e-07,2.7117145640980555e-07,2.7121039459020446e-07,2.712492886250588e-07,2.712881385646732e-07,2.7132694445905423e-07,2.713657063585125e-07,2.714044243124488e-07,2.7144309837081113e-07,2.714817285835726e-07,2.7152031500038886e-07,2.7155885767090945e-07,2.7159735664470993e-07,2.716358119713239e-07,2.716742237001614e-07,2.717125918805962e-07,2.7175091656196864e-07,2.7178919779347953e-07,2.718274356243586e-07,2.718656301030524e-07,2.7190378127986614e-07,2.7194188920314037e-07,2.719799539224199e-07,2.720179754852705e-07,2.720559539411007e-07,2.72093889338172e-07,2.7213178172560007e-07,2.7216963115230104e-07,2.722074376663401e-07,2.7224520131636334e-07,2.7228292215050977e-07,2.7232060021731154e-07,2.7235823556440504e-07,2.723958282409594e-07,2.724333782946045e-07,2.724708857733995e-07,2.7250835072495315e-07,2.725457731978751e-07,2.7258315323927545e-07,2.726204908978261e-07,2.7265778622061256e-07,2.726950392555894e-07,2.727322500503342e-07,2.7276941865170607e-07,2.728065451083079e-07,2.728436294671155e-07,2.728806717753475e-07,2.7291767208019667e-07,2.7295463042885567e-07,2.729915468688714e-07,2.73028421446775e-07,2.730652542098934e-07,2.7310204520516195e-07,2.731387944795012e-07,2.7317550207971565e-07,2.732121680525211e-07,2.732487924445436e-07,2.73285375302596e-07,2.733219166733357e-07,2.733584166031747e-07,2.733948751385804e-07,2.7343129232593103e-07,2.7346766821160565e-07,2.735040028418784e-07,2.735402962628731e-07,2.7357654852085323e-07,2.7361275966200525e-07,2.736489297319909e-07,2.736850587770488e-07,2.737211468429863e-07,2.7375719397564264e-07,2.737932002212972e-07,2.738291656247416e-07,2.7386509023205895e-07,2.7390097408893504e-07,2.7393681724093664e-07,2.739726197333982e-07,2.740083816118018e-07,2.7404410292161403e-07,2.7407978370792884e-07,2.7411542401632904e-07,2.74151023891938e-07,2.741865833792328e-07,2.742221025237126e-07,2.7425758137060405e-07,2.7429301996461144e-07,2.74328418350479e-07,2.743637765730908e-07,2.7439909467739556e-07,2.7443437270787584e-07,2.744696107093257e-07,2.7450480872631143e-07,2.745399668032299e-07,2.745750849846675e-07,2.7461016331498117e-07,2.7464520183867643e-07,2.746802005992482e-07,2.7471515964218547e-07,2.7475007901100843e-07,2.74784958749965e-07,2.748197989036475e-07,2.748545995147546e-07,2.7488936062760287e-07,2.7492408228663655e-07,2.749587645356638e-07,2.7499340741814647e-07,2.750280109778211e-07,2.7506257525846623e-07,2.750971003034187e-07,2.751315861566693e-07,2.751660328614229e-07,2.7520044046114897e-07,2.7523480899911844e-07,2.752691385188235e-07,2.753034290633743e-07,2.7533768067600924e-07,2.753718933998435e-07,2.7540606727836645e-07,2.7544020235442175e-07,2.754742986702878e-07,2.755083562693883e-07,2.755423751945721e-07,2.75576355488897e-07,2.756102971946613e-07,2.756442003547795e-07,2.756780650118519e-07,2.7571189120855285e-07,2.757456789883749e-07,2.7577942839171196e-07,2.758131394620563e-07,2.7584681224173357e-07,2.75880446772986e-07,2.759140430982871e-07,2.7594760125968284e-07,2.759811212992316e-07,2.7601460325921454e-07,2.760480471815947e-07,2.760814531083971e-07,2.7611482108146966e-07,2.7614815114264973e-07,2.7618144333388723e-07,2.7621469769684056e-07,2.762479142731156e-07,2.7628109310474116e-07,2.763142342330117e-07,2.7634733769959435e-07,2.763804035457044e-07,2.76413431813148e-07,2.7644642254300827e-07,2.764793757771656e-07,2.765122915563767e-07,2.76545169921928e-07,2.7657801091503835e-07,2.7661081457688415e-07,2.7664358094853935e-07,2.7667631007189713e-07,2.767090019860715e-07,2.7674165673300754e-07,2.767742743534092e-07,2.76806854888199e-07,2.7683939837801214e-07,2.7687190486365024e-07,2.7690437438580337e-07,2.769368069849421e-07,2.769692027016561e-07,2.770015615763006e-07,2.770338836495258e-07,2.770661689621977e-07,2.770984175534965e-07,2.7713062946449243e-07,2.771628047353041e-07,2.7719494340595514e-07,2.772270455167587e-07,2.772591111077092e-07,2.77291140218772e-07,2.773231328901566e-07,2.77355089161607e-07,2.773870090729561e-07,2.77418892664203e-07,2.7745073997503786e-07,2.7748255104518133e-07,2.775143259142736e-07,2.775460646221077e-07,2.775777672078419e-07,2.776094337114513e-07,2.7764106417226584e-07,2.7767265862964404e-07,2.7770421712299554e-07,2.7773573969166116e-07,2.777672263749198e-07,2.777986772126379e-07,2.778300922427185e-07,2.7786147150496305e-07,2.778928150382324e-07,2.7792412288160747e-07,2.7795539507416235e-07,2.779866316547909e-07,2.7801783266237396e-07,2.780489981356917e-07,2.780801281136408e-07,2.78111222634599e-07,2.781422817378314e-07,2.7817330546168725e-07,2.7820429384476475e-07,2.782352469255256e-07,2.7826616474258243e-07,2.782970473341955e-07,2.783278947388995e-07,2.783587069949071e-07,2.7838948414061597e-07,2.784202262141822e-07,2.7845093325366864e-07,2.784816052977259e-07,2.7851224238401854e-07,2.7854284455082526e-07,2.785734118360006e-07,2.7860394427750386e-07,2.78634441913272e-07,2.786649047813949e-07,2.786953329193569e-07,2.7872572636504956e-07,2.7875608515613176e-07,2.7878640933036023e-07,2.788166989252445e-07,2.788469539787732e-07,2.7887717452780824e-07,2.7890736061033156e-07,2.789375122635189e-07,2.7896762952469783e-07,2.7899771243143756e-07,2.7902776102110595e-07,2.790577753308269e-07,2.7908775539775656e-07,2.7911770125907286e-07,2.791476129518521e-07,2.791774905132262e-07,2.792073339802004e-07,2.792371433895882e-07,2.792669187787426e-07,2.7929666018415764e-07,2.7932636764279764e-07,2.7935604119140945e-07,2.793856808667907e-07,2.7941528670560523e-07,2.7944485874439443e-07,2.7947439701997025e-07,2.795039015687197e-07,2.7953337242696466e-07,2.7956280963175356e-07,2.7959221321895025e-07,2.79621583225505e-07,2.796509196873918e-07,2.7968022264074203e-07,2.797094921223863e-07,2.797387281675907e-07,2.797679308133417e-07,2.7979710009542834e-07,2.798262360498593e-07,2.798553387128627e-07,2.7988440812033786e-07,2.7991344430805796e-07,2.7994244731200293e-07,2.7997141716801813e-07,2.8000035391194625e-07,2.8002925757945424e-07,2.800581282069896e-07,2.8008696582880524e-07,2.8011577048157476e-07,2.8014454220020564e-07,2.80173281020646e-07,2.8020198697825724e-07,2.802306601084943e-07,2.8025930044680194e-07,2.802879080285462e-07,2.8031648288901143e-07,2.803450250634903e-07,2.80373534587208e-07,2.8040201149534835e-07,2.8043045582305105e-07,2.804588676060042e-07,2.8048724687807846e-07,2.8051559367468464e-07,2.8054390803101817e-07,2.805721899816758e-07,2.8060043956232036e-07,2.806286568072995e-07,2.806568417514283e-07,2.806849944295825e-07,2.807131148763255e-07,2.8074120312613663e-07,2.8076925921396736e-07,2.807972831743168e-07,2.8082527504168283e-07,2.808532348499584e-07,2.8088116263486564e-07,2.809090584301929e-07,2.8093692227029216e-07,2.80964754189508e-07,2.809925542220209e-07,2.810203224021572e-07,2.8104805876432234e-07,2.8107576334250244e-07,2.811034361708267e-07,2.8113107728341703e-07,2.8115868671429495e-07,2.81186264497407e-07,2.812138106666245e-07,2.812413252559902e-07,2.812688082994949e-07,2.8129625983076435e-07,2.8132367988380734e-07,2.813510684921737e-07,2.813784256897022e-07,2.814057515097731e-07,2.814330459865246e-07,2.8146030915298865e-07,2.814875410432129e-07,2.8151474169048604e-07,2.815419111282522e-07,2.815690493899009e-07,2.8159615650889645e-07,2.8162323251861204e-07,2.816502774522025e-07,2.8167729134311943e-07,2.8170427422442427e-07,2.8173122612938033e-07,2.8175814709112566e-07,2.817850371426586e-07,2.818118963172145e-07,2.818387246477024e-07,2.818655221671325e-07,2.8189228890844345e-07,2.819190249044851e-07,2.819457301882229e-07,2.8197240479241157e-07,2.819990487498472e-07,2.820256620932965e-07,2.8205224485568634e-07,2.820787970691595e-07,2.821053187666577e-07,2.82131809980798e-07,2.8215827074395074e-07,2.8218470108879585e-07,2.822111010477119e-07,2.8223747065317347e-07,2.8226380993757186e-07,2.822901189332852e-07,2.8231639767244507e-07,2.8234264618744123e-07,2.823688645104855e-07,2.823950526740014e-07,2.82421210709868e-07,2.824473386502642e-07,2.824734365273981e-07,2.8249950437323823e-07,2.825255422194986e-07,2.8255155009857527e-07,2.825775280421853e-07,2.826034760823405e-07,2.826293942508099e-07,2.826552825793098e-07,2.826811410997128e-07,2.8270696984387466e-07,2.827327688431926e-07,2.8275853812968653e-07,2.8278427773478864e-07,2.828099876901215e-07,2.828356680269498e-07,2.828613187773035e-07,2.828869399722619e-07,2.829125316432963e-07,2.8293809382179103e-07,2.82963626539198e-07,2.829891298268394e-07,2.830146037162151e-07,2.83040048238347e-07,2.830654634242329e-07,2.8309084930542455e-07,2.8311620591289284e-07,2.8314153327769407e-07,2.8316683143092977e-07,2.831921004034937e-07,2.83217340226279e-07,2.8324255093100517e-07,2.83267732547988e-07,2.832928851080591e-07,2.8331800864182667e-07,2.8334310318055156e-07,2.833681687549529e-07,2.8339320539561434e-07,2.8341821313309874e-07,2.8344319199842726e-07,2.8346814202208937e-07,2.8349306323437973e-07,2.8351795566629817e-07,2.835428193481216e-07,2.8356765431008564e-07,2.8359246058287486e-07,2.836172381971151e-07,2.8364198718292976e-07,2.836667075704786e-07,2.836913993903298e-07,2.8371606267255836e-07,2.8374069744749096e-07,2.8376530374532797e-07,2.837898815961825e-07,2.8381443103019093e-07,2.838389520774416e-07,2.838634447679945e-07,2.8388790913167023e-07,2.8391234519899995e-07,2.8393675299927384e-07,2.839611325626304e-07,2.8398548391894945e-07,2.8400980709815095e-07,2.84034102129898e-07,2.840583690439736e-07,2.840826078700582e-07,2.841068186379818e-07,2.841310013775508e-07,2.841551561179786e-07,2.8417928288904984e-07,2.842033817203328e-07,2.8422745264105547e-07,2.842514956812212e-07,2.84275510870022e-07,2.8429949823686133e-07,2.843234578111536e-07,2.843473896221786e-07,2.8437129369930657e-07,2.8439517007177776e-07,2.8441901876882665e-07,2.8444283981973625e-07,2.8446663325355076e-07,2.844903990995074e-07,2.8451413738667946e-07,2.845378481439976e-07,2.8456153140077745e-07,2.845851871858442e-07,2.8460881552822287e-07,2.846324164568092e-07,2.8465599000037383e-07,2.8467953618793955e-07,2.8470305504867906e-07,2.847265466107276e-07,2.8475001090325263e-07,2.8477344795472047e-07,2.8479685779429386e-07,2.848202404509681e-07,2.848435959517992e-07,2.848669243264575e-07,2.848902256034142e-07,2.849134998111049e-07,2.849367469780873e-07,2.849599671328008e-07,2.84983160303496e-07,2.8500632651893796e-07,2.850294658072073e-07,2.850525781968563e-07,2.8507566371605137e-07,2.850987223930693e-07,2.851217542561346e-07,2.8514475933344593e-07,2.85167737653176e-07,2.851906892434181e-07,2.8521361413234607e-07,2.8523651234783935e-07,2.8525938391803e-07,2.8528222887116175e-07,2.853050472350098e-07,2.8532783903749214e-07,2.853506043063907e-07,2.8537334306990295e-07,2.8539605535569305e-07,2.8541874119151845e-07,2.854414006051911e-07,2.8546403362445723e-07,2.8548664027703243e-07,2.8550922059058186e-07,2.8553177459276654e-07,2.855543023119346e-07,2.855768037741374e-07,2.8559927900776443e-07,2.8562172804024085e-07,2.856441508992708e-07,2.8566654761192245e-07,2.8568891820571096e-07,2.857112627082532e-07,2.857335811468169e-07,2.8575587354846807e-07,2.8577813994095713e-07,2.858003803513311e-07,2.858225948068215e-07,2.8584478333430756e-07,2.858669459615193e-07,2.8588908271547706e-07,2.859111936231403e-07,2.859332787114059e-07,2.859553380076827e-07,2.859773715388251e-07,2.8599937933179823e-07,2.8602136141299874e-07,2.86043317810473e-07,2.86065248550537e-07,2.8608715366004824e-07,2.861090331658383e-07,2.8613088709469635e-07,2.861527154734207e-07,2.861745183286888e-07,2.861962956868892e-07,2.862180475750841e-07,2.862397740201498e-07,2.8626147504846783e-07,2.862831506864646e-07,2.8630480096084803e-07,2.863264258980547e-07,2.8634802552560576e-07,2.863695998678785e-07,2.8639114895239664e-07,2.864126728055627e-07,2.864341714536629e-07,2.864556449231079e-07,2.8647709323988423e-07,2.8649851643080704e-07,2.8651991452187384e-07,2.865412875393176e-07,2.8656263550913967e-07,2.865839584577957e-07,2.8660525641125556e-07,2.866265293956304e-07,2.866477774369607e-07,2.8666900056133216e-07,2.866901987946937e-07,2.867113721630603e-07,2.867325206923405e-07,2.867536444084802e-07,2.867747433373686e-07,2.8679581750484235e-07,2.868168669367682e-07,2.8683789165816426e-07,2.868588916965241e-07,2.86879867076401e-07,2.869008178236931e-07,2.869217439640946e-07,2.869426455233578e-07,2.869635225269229e-07,2.8698437500047125e-07,2.8700520296958574e-07,2.870260064597451e-07,2.8704678549649054e-07,2.870675401053191e-07,2.870882703116043e-07,2.8710897614080035e-07,2.8712965761833773e-07,2.871503147695247e-07,2.8717094761954376e-07,2.8719155619340605e-07,2.8721214051751635e-07,2.872327006163635e-07,2.872532365151889e-07,2.872737482392812e-07,2.872942358140892e-07,2.873146992643861e-07,2.873351386148301e-07,2.87355553891029e-07,2.873759451178491e-07,2.873963123203836e-07,2.874166555233387e-07,2.8743697475241505e-07,2.8745727003212076e-07,2.8747754138724864e-07,2.8749778884270193e-07,2.875180124233026e-07,2.875382121542583e-07,2.87558388060272e-07,2.875785401652825e-07,2.8759866849460334e-07,2.8761877307300717e-07,2.87638853925363e-07,2.8765891107582453e-07,2.8767894454928416e-07,2.876989543701379e-07,2.8771894056344897e-07,2.877389031530033e-07,2.877588421643254e-07,2.8777875762112025e-07,2.877986495479505e-07,2.878185179691357e-07,2.8783836290972805e-07,2.8785818439344036e-07,2.8787798244430176e-07,2.8789775708741247e-07,2.879175083469021e-07,2.879372362463733e-07,2.87956940810619e-07,2.8797662206366405e-07,2.8799628002984996e-07,2.880159147331967e-07,2.880355261980325e-07,2.880551144483563e-07,2.880746795072603e-07,2.8809422140055123e-07,2.88113740151469e-07,2.881332357839545e-07,2.8815270832212835e-07,2.881721577896165e-07,2.881915842109454e-07,2.882109876085024e-07,2.882303680080967e-07,2.8824972543212033e-07,2.8826905990490944e-07,2.882883714503987e-07,2.88307660092084e-07,2.883269258538375e-07,2.883461687589283e-07,2.883653888312471e-07,2.883845860946842e-07,2.884037605726277e-07,2.8842291228912047e-07,2.884420412668652e-07,2.884611475303126e-07,2.884802311022894e-07,2.88499292006097e-07,2.8851833026559287e-07,2.8853734590380577e-07,2.8855633894559755e-07,2.885753094130939e-07,2.8859425732930005e-07,2.886131827181064e-07,2.8863208560274876e-07,2.8865096600629085e-07,2.8866982395220463e-07,2.8868865946367624e-07,2.8870747256393e-07,2.8872626327528016e-07,2.887450316219434e-07,2.8876377762720544e-07,2.887825013136441e-07,2.8880120270437736e-07,2.888198818224025e-07,2.8883853869087663e-07,2.888571733325201e-07,2.888757857703915e-07,2.888943760274882e-07,2.889129441267627e-07,2.889314900910768e-07,2.889500139431121e-07,2.8896851570588103e-07,2.889869954021659e-07,2.8900545305465447e-07,2.8902388868626334e-07,2.8904230231944597e-07,2.890606939771495e-07,2.890790636813899e-07,2.890974114559383e-07,2.8911573732288544e-07,2.891340413048099e-07,2.8915232342487964e-07,2.891705837044373e-07,2.8918882216664047e-07,2.8920703883399836e-07,2.8922523372877044e-07,2.89243406873151e-07,2.8926155829056314e-07,2.892796880026718e-07,2.8929779603233784e-07,2.8931588240155205e-07,2.89333947133152e-07,2.8935199024813433e-07,2.8937001176987533e-07,2.8938801172041794e-07,2.8940599012187963e-07,2.8942394699649384e-07,2.894418823664884e-07,2.8945979625387277e-07,2.8947768868096155e-07,2.8949555966973474e-07,2.8951340924229227e-07,2.895312374206383e-07,2.895490442267643e-07,2.895668296829774e-07,2.8958459381114423e-07,2.896023366329876e-07,2.896200581704636e-07,2.896377584461705e-07,2.8965543748079997e-07,2.8967309529690424e-07,2.89690731915787e-07,2.897083473600291e-07,2.8972594165078815e-07,2.8974351481039135e-07,2.8976106686036527e-07,2.8977859782231863e-07,2.897961077179139e-07,2.898135965690043e-07,2.898310643970313e-07,2.8984851122364514e-07,2.898659370705305e-07,2.8988334195909127e-07,2.8990072591099336e-07,2.899180889478714e-07,2.899354310907889e-07,2.8995275236158174e-07,2.8997005278177094e-07,2.8998733237261104e-07,2.9000459115552203e-07,2.9002182915185603e-07,2.900390463829229e-07,2.900562428701337e-07,2.9007341863474676e-07,2.90090573698043e-07,2.901077080813577e-07,2.901248218058869e-07,2.901419148928706e-07,2.9015898736333296e-07,2.9017603923869134e-07,2.901930705400574e-07,2.902100812883703e-07,2.902270715047926e-07,2.902440412104471e-07,2.90260990426448e-07,2.90277919173708e-07,2.9029482747316015e-07,2.9031171534596514e-07,2.9032858281287033e-07,2.9034542989502376e-07,2.903622566131217e-07,2.9037906298815475e-07,2.903958490409188e-07,2.904126147923938e-07,2.904293602633264e-07,2.904460854746136e-07,2.9046279044681425e-07,2.904794752008139e-07,2.904961397572853e-07,2.9051278413695624e-07,2.905294083606112e-07,2.9054601244868516e-07,2.905625964219352e-07,2.9057916030096623e-07,2.9059570410636865e-07,2.906122278586954e-07,2.9062873157850757e-07,2.9064521528632067e-07,2.906616790026297e-07,2.9067812274791423e-07,2.9069454654262936e-07,2.907109504072046e-07,2.907273343621743e-07,2.9074369842777095e-07,2.9076004262427666e-07,2.907763669721414e-07,2.907926714916794e-07,2.9080895620319676e-07,2.908252211269587e-07,2.9084146628321934e-07,2.9085769169220876e-07,2.908738973741351e-07,2.90890083349186e-07,2.9090624963751485e-07,2.9092239625927384e-07,2.909385232345856e-07,2.9095463058353403e-07,2.9097071832619326e-07,2.9098678648262834e-07,2.910028350728644e-07,2.910188641169907e-07,2.9103487363482666e-07,2.910508636464294e-07,2.910668341717715e-07,2.9108278523071454e-07,2.910987168431733e-07,2.911146290291042e-07,2.91130521808225e-07,2.9114639520054893e-07,2.911622492256728e-07,2.9117808390359513e-07,2.91193899253977e-07,2.9120969529648697e-07,2.9122547205103843e-07,2.91241229537125e-07,2.912569677745344e-07,2.9127268678293705e-07,2.9128838658197345e-07,2.9130406719125697e-07,2.9131972863037543e-07,2.9133537091892233e-07,2.913509940764482e-07,2.913665981224717e-07,2.913821830765162e-07,2.9139774895806596e-07,2.9141329578659527e-07,2.9142882358155e-07,2.914443323624456e-07,2.9145982214851625e-07,2.914752929592306e-07,2.914907448139457e-07,2.915061777321108e-07,2.915215917328431e-07,2.915369868356384e-07,2.9155236305958367e-07,2.915677204240254e-07,2.915830589482133e-07,2.9159837865135503e-07,2.9161367955264247e-07,2.91628961671258e-07,2.9164422502640954e-07,2.9165946963711265e-07,2.9167469552253775e-07,2.9168990270177326e-07,2.917050911938848e-07,2.9172026101798475e-07,2.91735412193001e-07,2.9175054473811877e-07,2.9176565867203054e-07,2.917807540138754e-07,2.917958307825906e-07,2.9181088899708246e-07,2.9182592867686714e-07,2.918409498396183e-07,2.9185595250488707e-07,2.9187093669138105e-07,2.9188590241797975e-07,2.9190084970349657e-07,2.919157785667025e-07,2.919306890263529e-07,2.9194558110115747e-07,2.9196045480999816e-07,2.9197531017147883e-07,2.9199014720414607e-07,2.9200496592679225e-07,2.9201976635772694e-07,2.920345485160957e-07,2.920493124204774e-07,2.9206405808905025e-07,2.9207878554107035e-07,2.9209349479430556e-07,2.921081858673255e-07,2.9212285877919465e-07,2.921375135476732e-07,2.9215215019159085e-07,2.9216676872942965e-07,2.9218136917952096e-07,2.9219595156031384e-07,2.922105158903892e-07,2.922250621876577e-07,2.922395904710536e-07,2.922541007581851e-07,2.922685930680163e-07,2.9228306741821603e-07,2.922975238273766e-07,2.9231196231388365e-07,2.923263828954946e-07,2.9234078559100355e-07,2.9235517041832184e-07,2.9236953739526774e-07,2.9238388654030547e-07,2.9239821787174073e-07,2.924125314072104e-07,2.9242682716528647e-07,2.9244110516380974e-07,2.9245536542062114e-07,2.9246960795362424e-07,2.9248383278135847e-07,2.924980399225227e-07,2.9251222939345687e-07,2.9252640121291354e-07,2.925405553983277e-07,2.9255469196823254e-07,2.9256881094000927e-07,2.9258291233177896e-07,2.925969961615765e-07,2.9261106244717465e-07,2.9262511120633637e-07,2.926391424564533e-07,2.926531562156233e-07,2.9266715250180506e-07,2.926811313322412e-07,2.926950927250052e-07,2.92709036697836e-07,2.927229632681771e-07,2.927368724532636e-07,2.9275076427183367e-07,2.927646387409236e-07,2.9277849587829376e-07,2.9279233570123853e-07,2.9280615822749433e-07,2.92819963474505e-07,2.92833751459873e-07,2.928475222012659e-07,2.928612757159304e-07,2.9287501202142075e-07,2.9288873113519125e-07,2.9290243307459297e-07,2.9291611785715706e-07,2.9292978550018484e-07,2.929434360211913e-07,2.9295706943741645e-07,2.929706857662493e-07,2.929842850248771e-07,2.929978672308826e-07,2.9301143240130336e-07,2.930249805535409e-07,2.930385117046941e-07,2.9305202587225805e-07,2.930655230732352e-07,2.930790033245231e-07,2.9309246664372835e-07,2.931059130478753e-07,2.931193425541616e-07,2.9313275517955983e-07,2.931461509412649e-07,2.931595298563228e-07,2.931728919418155e-07,2.9318623721476854e-07,2.931995656924119e-07,2.9321287739143e-07,2.932261723287762e-07,2.932394505218669e-07,2.932527119871592e-07,2.932659567418034e-07,2.9327918480296674e-07,2.932923961872267e-07,2.933055909115354e-07,2.9331876899271474e-07,2.933319304474201e-07,2.933450752926595e-07,2.933582035453037e-07,2.933713152221678e-07,2.9338441034016553e-07,2.9339748891554114e-07,2.934105509659588e-07,2.9342359650685775e-07,2.934366255555829e-07,2.934496381288686e-07,2.9346263424356433e-07,2.934756139157347e-07,2.9348857716254656e-07,2.935015240003199e-07,2.935144544457577e-07,2.935273685155858e-07,2.9354026622626323e-07,2.935531475941086e-07,2.935660126357677e-07,2.9357886136798966e-07,2.935916938067566e-07,2.936045099693871e-07,2.9361730987120556e-07,2.9363009352909784e-07,2.9364286095973097e-07,2.93655612179357e-07,2.936683472043774e-07,2.936810660511291e-07,2.9369376873596786e-07,2.937064552752246e-07,2.937191256855474e-07,2.937317799825508e-07,2.93744418182723e-07,2.9375704030263774e-07,2.937696463582317e-07,2.9378223636590075e-07,2.9379481034179983e-07,2.9380736830217264e-07,2.93819910263099e-07,2.9383243624078026e-07,2.9384494625129857e-07,2.938574403110237e-07,2.938699184357041e-07,2.938823806417041e-07,2.938948269447661e-07,2.939072573613805e-07,2.9391967190719775e-07,2.939320705985395e-07,2.939444534512509e-07,2.9395682048116593e-07,2.9396917170463463e-07,2.9398150713715894e-07,2.9399382679482036e-07,2.940061306936749e-07,2.9401841884954404e-07,2.9403069127833514e-07,2.9404294799587945e-07,2.940551890180486e-07,2.940674143606397e-07,2.940796240397024e-07,2.940918180705492e-07,2.9410399646933583e-07,2.9411615925173605e-07,2.941283064334695e-07,2.9414043803037514e-07,2.941525540580208e-07,2.941646545321224e-07,2.941767394684486e-07,2.9418880888251847e-07,2.9420086279017806e-07,2.9421290120688597e-07,2.9422492414839654e-07,2.942369316302613e-07,2.9424892366804386e-07,2.9426090027721443e-07,2.942728614735446e-07,2.9428480727241546e-07,2.9429673768936846e-07,2.9430865274038967e-07,2.9432055243995764e-07,2.9433243680464034e-07,2.9434430584839807e-07,2.943561595879028e-07,2.94367998038225e-07,2.9437982121502133e-07,2.9439162913323453e-07,2.9440342181204504e-07,2.944151992559691e-07,2.944269614908833e-07,2.9443870852902195e-07,2.944504403852812e-07,2.9446215707526046e-07,2.9447385861405413e-07,2.9448554501697186e-07,2.9449721629924987e-07,2.9450887247606777e-07,2.9452051356266353e-07,2.945321395740445e-07,2.9454375052571543e-07,2.9455534643266794e-07,2.9456692731014195e-07,2.945784931731264e-07,2.94590044036689e-07,2.9460157991613386e-07,2.9461310082657015e-07,2.946246067826358e-07,2.946360977996516e-07,2.9464757389268203e-07,2.946590350755166e-07,2.9467048136664147e-07,2.9468191277756e-07,2.9469332932431283e-07,2.947047310214839e-07,2.947161178852933e-07,2.9472748992965894e-07,2.9473884716963455e-07,2.947501896201796e-07,2.947615172961332e-07,2.947728302123252e-07,2.9478412838351184e-07,2.9479541182474957e-07,2.948066805508062e-07,2.9481793457582344e-07,2.9482917391570637e-07,2.948403985853579e-07,2.948516085982297e-07,2.948628039693422e-07,2.948739847138448e-07,2.9488515084633287e-07,2.9489630238144356e-07,2.9490743933386927e-07,2.9491856171827893e-07,2.9492966954942906e-07,2.9494076284155903e-07,2.949518416097102e-07,2.949629058679886e-07,2.949739556315317e-07,2.9498499091476743e-07,2.949960117319332e-07,2.9500701809783387e-07,2.9501801002690583e-07,2.950289875336408e-07,2.9503995063255447e-07,2.950508993379524e-07,2.950618336649786e-07,2.950727536264283e-07,2.9508365923843586e-07,2.950945505149843e-07,2.951054274699949e-07,2.9511629011797057e-07,2.9512713847397313e-07,2.951379725507496e-07,2.9514879236496697e-07,2.951595979292588e-07,2.951703892584281e-07,2.9518116636645114e-07,2.951919292680007e-07,2.952026779770016e-07,2.952134125079524e-07,2.952241328742157e-07,2.9523483909242136e-07,2.9524553117434494e-07,2.9525620913492824e-07,2.9526687298833917e-07,2.952775227489284e-07,2.9528815843022464e-07,2.952987800469436e-07,2.953093876136219e-07,2.9531998114361064e-07,2.953305606506086e-07,2.9534112614928035e-07,2.953516776543129e-07,2.9536221517786824e-07,2.9537273873566623e-07,2.953832483412228e-07,2.9539374400848423e-07,2.954042257520057e-07,2.954146935845513e-07,2.9542514751810916e-07,2.9543558757444666e-07,2.954460137598439e-07,2.9545642609034626e-07,2.9546682457996537e-07,2.954772092426718e-07,2.9548758009241555e-07,2.9549793714260414e-07,2.955082804085603e-07,2.955186099023951e-07,2.9552892563869817e-07,2.9553922763074876e-07,2.955495158930729e-07,2.955597904382853e-07,2.955700512810579e-07,2.955802984349052e-07,2.955905319136598e-07,2.956007517310326e-07,2.9561095790044707e-07,2.9562115043720435e-07,2.956313293534334e-07,2.956414946576269e-07,2.9565164637213235e-07,2.956617845070978e-07,2.9567190907618653e-07,2.9568202009258894e-07,2.9569211757026946e-07,2.957022015226388e-07,2.95712271963098e-07,2.9572232890547973e-07,2.957323723632727e-07,2.9574240234977225e-07,2.957524188785671e-07,2.9576242196309143e-07,2.9577241161679273e-07,2.957823878531948e-07,2.9579235068570084e-07,2.9580230012825076e-07,2.958122361943864e-07,2.9582215889433185e-07,2.958320682451664e-07,2.958419642590482e-07,2.9585184694938006e-07,2.958617163296285e-07,2.958715724127919e-07,2.958814152118879e-07,2.9589124474067276e-07,2.9590106101305175e-07,2.959108640412188e-07,2.959206538387683e-07,2.959304304189916e-07,2.9594019379492523e-07,2.959499439801865e-07,2.9595968098773016e-07,2.9596940483103475e-07,2.9597911552225886e-07,2.959888130756092e-07,2.959984975039309e-07,2.960081688202886e-07,2.960178270378561e-07,2.9602747216967497e-07,2.9603710422884244e-07,2.9604672322824756e-07,2.960563291811366e-07,2.9606592210062974e-07,2.9607550199968917e-07,2.960850688912909e-07,2.9609462278848866e-07,2.9610416370394497e-07,2.961136916514723e-07,2.9612320664269135e-07,2.9613270869219106e-07,2.96142197811894e-07,2.9615167401546407e-07,2.961611373142654e-07,2.961705877225484e-07,2.961800252528803e-07,2.9618944991802857e-07,2.961988617309642e-07,2.9620826070451305e-07,2.96217646851381e-07,2.962270201844602e-07,2.9623638071676665e-07,2.962457284607559e-07,2.9625506342940967e-07,2.9626438563525873e-07,2.9627369509104164e-07,2.962829918100124e-07,2.9629227580438696e-07,2.9630154708696384e-07,2.963108056698423e-07,2.9632005156773714e-07,2.9632928479127087e-07,2.963385053537057e-07,2.9634771326780746e-07,2.9635690854480545e-07,2.9636609120110823e-07,2.9637526124586817e-07,2.9638441869251126e-07,2.963935635540755e-07,2.96402695842435e-07,2.9641181557060254e-07,2.9642092275103644e-07,2.9643001739621287e-07,2.9643909951879835e-07,2.9644816913114157e-07,2.964572262477958e-07,2.9646627087555475e-07,2.9647530303201766e-07,2.9648432272878765e-07,2.964933299775014e-07,2.9650232479052606e-07,2.965113071805427e-07,2.965202771598617e-07,2.96529234741053e-07,2.9653817993725995e-07,2.9654711275795165e-07,2.9655603321815277e-07,2.9656494133150215e-07,2.9657383710477163e-07,2.965827205560511e-07,2.965915916951445e-07,2.9660045053457646e-07,2.9660929708644045e-07,2.966181313631603e-07,2.9662695337691827e-07,2.9663576314005343e-07,2.966445606647406e-07,2.966533459631645e-07,2.9666211904755203e-07,2.9667087993011924e-07,2.9667962862290004e-07,2.966883651381853e-07,2.9669708948817085e-07,2.9670580168475745e-07,2.9671450174010593e-07,2.9672318966658756e-07,2.9673186547611624e-07,2.96740529180645e-07,2.967491807920996e-07,2.9675782032344085e-07,2.9676644778581857e-07,2.96775063191154e-07,2.9678366655198506e-07,2.9679225788080683e-07,2.9680083718759623e-07,2.968094044862464e-07,2.9681795978821227e-07,2.968265031054542e-07,2.9683503444953853e-07,2.968435538331699e-07,2.9685206126766794e-07,2.9686055676522595e-07,2.9686904033758747e-07,2.968775119964668e-07,2.9688597175388876e-07,2.9689441962173695e-07,2.9690285561182815e-07,2.9691127973605184e-07,2.969196920061853e-07,2.969280924340379e-07,2.9693648103155103e-07,2.9694485781016716e-07,2.9695322278189194e-07,2.969615759584599e-07,2.9696991735158756e-07,2.9697824697302036e-07,2.9698656483448383e-07,2.9699487094784093e-07,2.970031653246243e-07,2.9701144798445615e-07,2.970197189149411e-07,2.9702797815152507e-07,2.970362256985112e-07,2.9704446156758905e-07,2.9705268576944947e-07,2.9706089831690543e-07,2.9706909922041313e-07,2.970772884923273e-07,2.9708546614416536e-07,2.97093632187352e-07,2.9710178663329064e-07,2.971099294937247e-07,2.9711806077993624e-07,2.971261805040369e-07,2.9713428867677944e-07,2.9714238531004254e-07,2.9715047041539205e-07,2.9715854400403564e-07,2.9716660608799257e-07,2.9717465667781933e-07,2.971826957855591e-07,2.9719072342238214e-07,2.9719873959973836e-07,2.9720674432914297e-07,2.9721473762201137e-07,2.972227194897472e-07,2.9723068994330865e-07,2.9723864899462706e-07,2.972465966549477e-07,2.97254532935171e-07,2.9726245784691174e-07,2.9727037140138296e-07,2.972782736098599e-07,2.9728616448377884e-07,2.9729404403446465e-07,2.9730191227284074e-07,2.973097692104346e-07,2.9731761485863835e-07,2.9732544922821485e-07,2.9733327233054814e-07,2.9734108417705043e-07,2.9734888477807687e-07,2.9735667414669733e-07,2.973644522923675e-07,2.9737221922672687e-07,2.973799749609385e-07,2.973877195060548e-07,2.973954528738587e-07,2.974031750744115e-07,2.9741088611975336e-07,2.9741858601950577e-07,2.974262747862701e-07,2.9743395243058515e-07,2.9744161896359933e-07,2.9744927439611466e-07,2.974569187397339e-07,2.9746455200498083e-07,2.974721742027779e-07,2.9747978534429306e-07,2.974873854404268e-07,2.974949745023079e-07,2.9750255254082916e-07,2.9751011956702824e-07,2.9751767559379473e-07,2.9752522062608066e-07,2.975327546803527e-07,2.9754027776576977e-07,2.97547789893682e-07,2.975552910746599e-07,2.975627813195635e-07,2.9757026063931805e-07,2.975777290447002e-07,2.9758518654659974e-07,2.9759263315595224e-07,2.9760006888294444e-07,2.9760749373939093e-07,2.9761490773546483e-07,2.976223108820614e-07,2.9762970319049324e-07,2.976370846699528e-07,2.976444553327348e-07,2.976518151895781e-07,2.976591642504042e-07,2.9766650252613283e-07,2.9767383002766623e-07,2.9768114676544793e-07,2.97688452750349e-07,2.9769574799299176e-07,2.9770303250407006e-07,2.9771030629425843e-07,2.9771756937416623e-07,2.9772482175449016e-07,2.97732063445761e-07,2.9773929445861106e-07,2.977465148036499e-07,2.9775372449154766e-07,2.9776092353285334e-07,2.9776811193794433e-07,2.9777528971761777e-07,2.9778245688255775e-07,2.977896134426782e-07,2.9779675940887924e-07,2.978038947916578e-07,2.978110196024254e-07,2.9781813384904476e-07,2.9782523754451227e-07,2.9783233069854235e-07,2.9783941332158714e-07,2.9784648542405396e-07,2.9785354701651046e-07,2.9786059810932717e-07,2.978676387125219e-07,2.97874668836971e-07,2.978816884928037e-07,2.978886976904061e-07,2.978956964403332e-07,2.9790268475355956e-07,2.9790966263914993e-07,2.979166301082207e-07,2.979235871708462e-07,2.9793053383758037e-07,2.9793747011859934e-07,2.9794439602420136e-07,2.979513115646501e-07,2.9795821675027223e-07,2.9796511159131864e-07,2.979719960981023e-07,2.9797887028074505e-07,2.9798573414952664e-07,2.979925877158548e-07,2.979994309863568e-07,2.980062639747294e-07,2.980130866905046e-07,2.9801989915908663e-07,2.9802670134469934e-07,2.980334933017167e-07,2.980402750220533e-07,2.9804704653022333e-07,2.9805380782192476e-07,2.980605589113767e-07,2.980672998089451e-07,2.9807403052474303e-07,2.980807510689379e-07,2.9808746145136045e-07,2.9809416168402945e-07,2.981008517724125e-07,2.981075317305564e-07,2.98114201567468e-07,2.981208612930466e-07,2.9812751091737406e-07,2.981341504502795e-07,2.981407799020652e-07,2.981473992825416e-07,2.9815400860169916e-07,2.9816060786953977e-07,2.9816719709597373e-07,2.9817377629078944e-07,2.981803454641947e-07,2.9818690462607645e-07,2.981934537864482e-07,2.9819999295499824e-07,2.982065221416842e-07,2.98213041356519e-07,2.9821955060919434e-07,2.98226049909493e-07,2.982325392674912e-07,2.9823901869304436e-07,2.9824548819594234e-07,2.9825194778599923e-07,2.9825839747210147e-07,2.982648372669749e-07,2.9827126717741235e-07,2.982776872140474e-07,2.982840973869325e-07,2.9829049770571345e-07,2.982968881800729e-07,2.983032688199157e-07,2.9830963963488665e-07,2.983160006347372e-07,2.9832235182914884e-07,2.9832869322787094e-07,2.9833502484063654e-07,2.9834134667706856e-07,2.98347658746818e-07,2.983539610595166e-07,2.9836025362498675e-07,2.9836653645279954e-07,2.983728095525932e-07,2.9837907293381494e-07,2.983853266064188e-07,2.9839157057983216e-07,2.9839780486368736e-07,2.9840402946756354e-07,2.984102444012518e-07,2.984164496738605e-07,2.984226452950724e-07,2.984288312699831e-07,2.9843500762198536e-07,2.9844117434715507e-07,2.9844733145873603e-07,2.984534789668288e-07,2.984596168809454e-07,2.984657452103061e-07,2.984718639644232e-07,2.984779731529771e-07,2.9848407278532994e-07,2.9849016287092184e-07,2.9849624341909815e-07,2.985023144395323e-07,2.9850837594151643e-07,2.9851442793426703e-07,2.985204704276028e-07,2.9852650343069575e-07,2.98532526952853e-07,2.985385410036868e-07,2.9854454559220266e-07,2.985505407281687e-07,2.985565264207823e-07,2.985625026793463e-07,2.9856846951316905e-07,2.9857442693161334e-07,2.985803749440536e-07,2.985863135596474e-07,2.985922427876369e-07,2.985981626375144e-07,2.986040731183364e-07,2.986099742395191e-07,2.986158660105087e-07,2.9862174844037735e-07,2.9862762153816346e-07,2.986334853132359e-07,2.9863933977480403e-07,2.986451849321188e-07,2.98651020794328e-07,2.9865684737064425e-07,2.986626646702488e-07,2.9866847270259316e-07,2.9867427147600954e-07,2.98680061000744e-07,2.986858412805513e-07,2.9869161233832074e-07,2.9869737417015695e-07,2.987031267892809e-07,2.987088702045394e-07,2.9871460442529146e-07,2.987203294608833e-07,2.9872604532016625e-07,2.987317520118431e-07,2.98737449545075e-07,2.987431379292927e-07,2.987488171734086e-07,2.9875448728671464e-07,2.987601482780072e-07,2.987658001559155e-07,2.9877144293010603e-07,2.9877707660861616e-07,2.98782701201347e-07,2.987883167169668e-07,2.9879392316386004e-07,2.9879952055275703e-07,2.9880510889089475e-07,2.988106881878838e-07,2.9881625845239337e-07,2.9882181969352395e-07,2.988273719201168e-07,2.988329151427289e-07,2.988384493656994e-07,2.9884397460203365e-07,2.9884949085985926e-07,2.988549981472983e-07,2.9886049647384576e-07,2.988659858477213e-07,2.988714662780745e-07,2.988769377737532e-07,2.988824003435567e-07,2.988878539966101e-07,2.988932987411356e-07,2.9889873458622115e-07,2.989041615406544e-07,2.98909579613143e-07,2.98914988812592e-07,2.9892038914755723e-07,2.989257806272433e-07,2.9893116326020193e-07,2.9893653705482123e-07,2.9894190202020064e-07,2.989472581650033e-07,2.989526054978328e-07,2.9895794402715834e-07,2.989632737619066e-07,2.989685947107542e-07,2.9897390688257293e-07,2.989792102860203e-07,2.9898450492951434e-07,2.989897908215209e-07,2.9899506797092344e-07,2.9900033638628606e-07,2.990055960763907e-07,2.990108470500509e-07,2.9901608931526004e-07,2.9902132288110307e-07,2.9902654775571233e-07,2.9903176394812e-07,2.9903697146670343e-07,2.990421703200493e-07,2.9904736051673105e-07,2.9905254206549966e-07,2.9905771497464603e-07,2.990628792527332e-07,2.9906803490790037e-07,2.990731819488639e-07,2.990783203845323e-07,2.990834502230734e-07,2.9908857147305913e-07,2.9909368414297385e-07,2.9909878824119917e-07,2.99103883776436e-07,2.991089707569898e-07,2.9911404919115867e-07,2.9911911908754533e-07,2.9912418045397664e-07,2.9912923329963486e-07,2.991342776327757e-07,2.991393134615291e-07,2.991443407945546e-07,2.991493596404331e-07,2.9915437000702894e-07,2.9915937190311477e-07,2.991643653368302e-07,2.991693503162821e-07,2.9917432685021596e-07,2.991792949466467e-07,2.99184254614078e-07,2.991892058609605e-07,2.9919414869530005e-07,2.991990831254826e-07,2.992040091599424e-07,2.992089268067871e-07,2.992138360747164e-07,2.992187369715149e-07,2.992236295054112e-07,2.9922851368486025e-07,2.9923338951823564e-07,2.992382570134585e-07,2.992431161790338e-07,2.9924796702283126e-07,2.99252809553395e-07,2.992576437781809e-07,2.9926246970713344e-07,2.9926728734654565e-07,2.9927209670506036e-07,2.992768977913741e-07,2.992816906133043e-07,2.9928647517934996e-07,2.992912514972111e-07,2.992960195750823e-07,2.9930077942125564e-07,2.993055310437365e-07,2.993102744508648e-07,2.993150096503143e-07,2.993197366503789e-07,2.9932445545920856e-07,2.9932916608501406e-07,2.993338685355696e-07,2.9933856281888536e-07,2.9934324894339513e-07,2.993479269170125e-07,2.993525967473214e-07,2.9935725844272094e-07,2.993619120111894e-07,2.993665574607924e-07,2.993711947994827e-07,2.993758240355274e-07,2.993804451766124e-07,2.993850582305789e-07,2.993896632048575e-07,2.993942601095163e-07,2.993988489506391e-07,2.9940342973651817e-07,2.994080024751686e-07,2.994125671745478e-07,2.9941712384264374e-07,2.994216724873937e-07,2.9942621311662686e-07,2.994307457382427e-07,2.994352703602653e-07,2.994397869903309e-07,2.994442956364649e-07,2.994487963068196e-07,2.99453289008634e-07,2.99457773750015e-07,2.994622505389664e-07,2.994667193827185e-07,2.9947118028994484e-07,2.994756332684704e-07,2.994800783253951e-07,2.994845154689818e-07,2.994889447068679e-07,2.994933660470484e-07,2.9949777949702394e-07,2.995021850648791e-07,2.9950658275800137e-07,2.995109725842776e-07,2.99515354551588e-07,2.995197286675792e-07,2.9952409494001387e-07,2.995284533766983e-07,2.9953280398528126e-07,2.9953714677335963e-07,2.995414817487115e-07,2.995458089190286e-07,2.9955012829203895e-07,2.9955443987540777e-07,2.995587436768391e-07,2.9956303970385545e-07,2.9956732796425015e-07,2.995716084656284e-07,2.995758812156209e-07,2.9958014622177195e-07,2.9958440349190514e-07,2.995886530335922e-07,2.9959289485439415e-07,2.995971289619526e-07,2.996013553637872e-07,2.996055740675136e-07,2.996097850807919e-07,2.9961398841088333e-07,2.996181840657164e-07,2.996223720527644e-07,2.996265523795519e-07,2.996307250536105e-07,2.996348900824467e-07,2.9963904747228486e-07,2.996431972345806e-07,2.996473393729964e-07,2.9965147389620894e-07,2.996556008116531e-07,2.9965972012709514e-07,2.996638318498368e-07,2.9966793598735386e-07,2.9967203254712716e-07,2.9967612153623973e-07,2.9968020296340086e-07,2.996842768347406e-07,2.996883431582984e-07,2.9969240194110155e-07,2.9969645319087206e-07,2.997004969151751e-07,2.997045331212964e-07,2.997085618162536e-07,2.997125830077508e-07,2.9971659670312e-07,2.9972060290976945e-07,2.9972460163499905e-07,2.9972859288631534e-07,2.9973257667099787e-07,2.997365529964609e-07,2.9974052186994063e-07,2.9974448329881413e-07,2.997484372904923e-07,2.997523838521084e-07,2.9975632299119264e-07,2.997602547147067e-07,2.9976417903027465e-07,2.9976809594505437e-07,2.9977200546634284e-07,2.997759076013956e-07,2.9977980235752813e-07,2.997836897420067e-07,2.997875697619792e-07,2.9979144242483446e-07,2.997953077378109e-07,2.997991657080853e-07,2.9980301634277047e-07,2.998068596492374e-07,2.998106956345715e-07,2.99814524306092e-07,2.9981834567095436e-07,2.9982215973639164e-07,2.99825966509307e-07,2.998297659972773e-07,2.9983355820702046e-07,2.9983734314617927e-07,2.998411208212275e-07,2.99844891240439e-07,2.9984865441010266e-07,2.998524103376485e-07,2.9985615903011295e-07,2.998599004944168e-07,2.998636347378575e-07,2.998673617675198e-07,2.9987108159048096e-07,2.9987479421378923e-07,2.9987849964464095e-07,2.998821978899992e-07,2.9988588895706574e-07,2.9988957285279346e-07,2.99893249584152e-07,2.9989691915906334e-07,2.9990058158272195e-07,2.99904236863522e-07,2.9990788500824967e-07,2.999115260240684e-07,2.99915159917331e-07,2.999187866957181e-07,2.9992240636584904e-07,2.9992601893516336e-07,2.999296244103278e-07,2.9993322279819393e-07,2.999368141059711e-07,2.999403983405498e-07,2.9994397550890586e-07,2.999475456179226e-07,2.999511086745442e-07,2.99954664685765e-07,2.999582136584161e-07,2.999617555994584e-07,2.9996529051582286e-07,2.9996881841449923e-07,2.9997233930224107e-07,2.999758531859981e-07,2.9997936007264443e-07,2.999828599690911e-07,2.999863528821533e-07,2.9998983881876293e-07,2.9999331778575153e-07,2.999967897899791e-07,3.0000025483741e-07,3.0000371293705117e-07,3.000071640940739e-07,3.0001060831555083e-07,3.000140456077176e-07,3.000174759794008e-07,3.000208994355382e-07,3.0002431598350233e-07,3.0002772562988893e-07,3.000311283817191e-07,3.0003452424568796e-07,3.000379132285648e-07,3.0004129533712427e-07,3.0004467057809626e-07,3.0004803895826946e-07,3.0005140048432644e-07,3.000547551630218e-07,3.000581030011819e-07,3.000614440054681e-07,3.000647781826945e-07,3.000681055393658e-07,3.000714260822541e-07,3.0007473981810497e-07,3.0007804675359407e-07,3.0008134689536066e-07,3.0008464025013494e-07,3.000879268244991e-07,3.0009120662523024e-07,3.0009447965898743e-07,3.000977459323826e-07,3.0010100545202447e-07,3.00104258224569e-07,3.0010750425664516e-07,3.0011074355489e-07,3.001139761259042e-07,3.001172019763133e-07,3.0012042111270743e-07,3.00123633541687e-07,3.001268392698288e-07,3.001300383041179e-07,3.001332306500602e-07,3.001364163156455e-07,3.001395953058234e-07,3.00142767628429e-07,3.0014593328968454e-07,3.0014909229022243e-07,3.001522446537028e-07,3.001553903703734e-07,3.0015852945140627e-07,3.0016166190366234e-07,3.001647877336744e-07,3.0016790694794506e-07,3.001710195529576e-07,3.0017412555522184e-07,3.001772249612266e-07,3.001803177774868e-07,3.0018340401038197e-07,3.001864836664482e-07,3.0018955675212997e-07,3.00192623274426e-07,3.0019568323815603e-07,3.001987366513167e-07,3.0020178351988295e-07,3.0020482385027674e-07,3.0020785764897316e-07,3.0021088492228324e-07,3.002139056766755e-07,3.002169199185555e-07,3.0021992765430116e-07,3.002229288902997e-07,3.002259236329315e-07,3.0022891188861454e-07,3.0023189366368226e-07,3.002348689644964e-07,3.002378377972324e-07,3.0024080016863794e-07,3.0024375608483523e-07,3.002467055522163e-07,3.002496485770761e-07,3.002525851657595e-07,3.0025551532459525e-07,3.0025843905985094e-07,3.0026135637788735e-07,3.002642672849795e-07,3.002671717874701e-07,3.0027006989130176e-07,3.002729616036905e-07,3.002758469296913e-07,3.002787258763702e-07,3.002815984498132e-07,3.0028446465617496e-07,3.0028732450196346e-07,3.0029017799304253e-07,3.002930251359705e-07,3.0029586593687227e-07,3.002987004019212e-07,3.00301528537441e-07,3.003043503495698e-07,3.003071658445514e-07,3.0030997502859407e-07,3.00312777907872e-07,3.0031557448856534e-07,3.003183647768455e-07,3.00321148778939e-07,3.0032392650104527e-07,3.0032669794927334e-07,3.003294631298005e-07,3.0033222204879556e-07,3.003349747123523e-07,3.0033772112665175e-07,3.00340461297671e-07,3.003431952315835e-07,3.003459229348478e-07,3.0034864441337147e-07,3.003513596732538e-07,3.0035406872059914e-07,3.0035677156151165e-07,3.00359468202062e-07,3.003621586482054e-07,3.003648429062656e-07,3.003675209822542e-07,3.003701928821841e-07,3.003728586121449e-07,3.00375518178186e-07,3.0037817158636875e-07,3.0038081884260444e-07,3.0038345995308136e-07,3.003860949238861e-07,3.0038872376082705e-07,3.003913464702335e-07,3.0039396305794026e-07,3.0039657352993925e-07,3.0039917789393416e-07,3.004017761510258e-07,3.004043683118535e-07,3.0040695438095925e-07,3.0040953436445523e-07,3.004121082682234e-07,3.004146760988581e-07,3.004172378603643e-07,3.0041979356057083e-07,3.0042234320488553e-07,3.004248867992514e-07,3.0042742434957227e-07,3.0042995586179757e-07,3.0043248134182713e-07,3.004350007954773e-07,3.0043751423005874e-07,3.004400216480755e-07,3.0044252305850007e-07,3.0044501846633865e-07,3.0044750787741033e-07,3.0044999129764403e-07,3.0045246873288147e-07,3.004549401890215e-07,3.004574056719153e-07,3.004598651874607e-07,3.0046231874144724e-07,3.004647663397677e-07,3.004672079882737e-07,3.0046964369277815e-07,3.004720734591442e-07,3.0047449729316694e-07,3.004769152006887e-07,3.004793271875181e-07,3.004817332594655e-07,3.0048413342234705e-07,3.004865276825327e-07,3.004889160441483e-07,3.004912985145304e-07,3.004936750990252e-07,3.004960458033771e-07,3.004984106333629e-07,3.005007695947982e-07,3.005031226933937e-07,3.0050546993483793e-07,3.0050781132492087e-07,3.00510146869567e-07,3.005124765740155e-07,3.0051480044445643e-07,3.0051711848650044e-07,3.0051943070585097e-07,3.0052173710821025e-07,3.005240376993025e-07,3.0052633248487754e-07,3.0052862147046977e-07,3.0053090466189426e-07,3.005331820648327e-07,3.005354536849589e-07,3.005377195278035e-07,3.005399795992848e-07,3.005422339049313e-07,3.0054448245039084e-07,3.0054672524133113e-07,3.00548962283422e-07,3.005511935822815e-07,3.0055341914355355e-07,3.005556389728625e-07,3.0055785307583034e-07,3.0056006145807965e-07,3.0056226412521454e-07,3.0056446108285107e-07,3.0056665233657884e-07,3.005688378920368e-07,3.0057101775454614e-07,3.0057319193030844e-07,3.0057536042435187e-07,3.005775232424063e-07,3.005796803900196e-07,3.005818318728317e-07,3.005839776963059e-07,3.0058611786606336e-07,3.0058825238763984e-07,3.0059038126655965e-07,3.005925045083684e-07,3.005946221185939e-07,3.005967341027277e-07,3.0059884046634845e-07,3.0060094121483625e-07,3.0060303635352877e-07,3.006051258886272e-07,3.0060720982509133e-07,3.0060928816854124e-07,3.006113609244558e-07,3.0061342809830716e-07,3.0061548969015545e-07,3.006175457214539e-07,3.0061959618236e-07,3.006216410827098e-07,3.006236804282976e-07,3.006257142244869e-07,3.0062774247698726e-07,3.006297651910336e-07,3.0063178237209656e-07,3.00633794025604e-07,3.006358001569799e-07,3.0063780077165033e-07,3.0063979587502264e-07,3.006417854724934e-07,3.006437695694862e-07,3.00645748171364e-07,3.006477212833761e-07,3.0064968891134733e-07,3.0065165105591724e-07,3.0065360773522724e-07,3.0065555894257877e-07,3.0065750468679845e-07,3.0065944497352434e-07,3.0066137980813086e-07,3.0066330919596693e-07,3.0066523314236043e-07,3.006671516526561e-07,3.00669064732151e-07,3.006709723862336e-07,3.0067287462017905e-07,3.0067477143933243e-07,3.006766628489483e-07,3.0067854885442034e-07,3.0068042946098136e-07,3.0068230467395326e-07,3.0068417449884927e-07,3.00686038940528e-07,3.0068789800445087e-07,3.0068975169645434e-07,3.0069160002016956e-07,3.0069344298239757e-07,3.0069528058802426e-07,3.006971128422211e-07,3.0069893975021534e-07,3.0070076131730203e-07,3.0070257754869213e-07,3.007043884496154e-07,3.007061940268104e-07,3.0070799428102354e-07,3.007097892217638e-07,3.0071157885307097e-07,3.0071336317981823e-07,3.007151422075534e-07,3.007169159412996e-07,3.007186843861413e-07,3.0072044754750197e-07,3.0072220543043463e-07,3.0072395804012064e-07,3.0072570538173663e-07,3.0072744746042463e-07,3.0072918428138225e-07,3.007309158497181e-07,3.007326421706512e-07,3.007343632492632e-07,3.007360790903671e-07,3.007377897002039e-07,3.007394950830306e-07,3.007411952436711e-07,3.0074289018784203e-07,3.00744579920559e-07,3.007462644445512e-07,3.0074794377158565e-07,3.0074961790043083e-07,3.0075128683788996e-07,3.0075295058944107e-07,3.0075460916006697e-07,3.0075626255483813e-07,3.007579107788286e-07,3.007595538371063e-07,3.0076119173480196e-07,3.007628244768124e-07,3.007644520683029e-07,3.00766074515257e-07,3.007676918198805e-07,3.0076930399000986e-07,3.0077091102986393e-07,3.0077251294439935e-07,3.0077410973863464e-07,3.0077570141758247e-07,3.007772879862018e-07,3.0077886944963886e-07,3.0078044581281334e-07,3.007820170807421e-07,3.0078358325844807e-07,3.0078514435088287e-07,3.0078670036304433e-07,3.007882512999331e-07,3.007897971665009e-07,3.007913379677792e-07,3.0079287370869026e-07,3.007944043941133e-07,3.007959300269991e-07,3.0079745061839865e-07,3.007989661673192e-07,3.0080047668054145e-07,3.008019821628027e-07,3.0080348261958043e-07,3.0080497805557595e-07,3.0080646847574665e-07,3.0080795388492035e-07,3.008094342879893e-07,3.0081090968992953e-07,3.0081238009562114e-07,3.00813845510054e-07,3.0081530593791967e-07,3.0081676138429956e-07,3.0081821185395277e-07,3.0081965735172444e-07,3.008210978827174e-07,3.0082253345158e-07,3.0082396406324514e-07,3.008253897225778e-07,3.0082681043449306e-07,3.008282262036991e-07,3.0082963703515285e-07,3.008310429336769e-07,3.008324439041084e-07,3.008338399512488e-07,3.0083523107994487e-07,3.008366172950153e-07,3.008379986012922e-07,3.008393750035653e-07,3.008407465066752e-07,3.00842113115407e-07,3.008434748345528e-07,3.0084483166892446e-07,3.0084618362329673e-07,3.008475307054697e-07,3.008488729113779e-07,3.008502102542142e-07,3.0085154273640677e-07,3.008528703624552e-07,3.0085419313725344e-07,3.008555110652338e-07,3.0085682415148224e-07,3.008581324006358e-07,3.0085943581742446e-07,3.008607344065974e-07,3.008620281729084e-07,3.00863317121048e-07,3.008646012557543e-07,3.0086588058174647e-07,3.0086715510365716e-07,3.008684248263617e-07,3.008696897545099e-07,3.008709498927034e-07,3.008722052457654e-07,3.0087345581832457e-07,3.008747016150828e-07,3.008759426407177e-07,3.008771788998057e-07,3.0087841039721015e-07,3.008796371375215e-07,3.008808591253862e-07,3.008820763654743e-07,3.0088328886244306e-07,3.008844966209843e-07,3.008856996456505e-07,3.0088689794113117e-07,3.008880915120343e-07,3.008892803630501e-07,3.0089046449883896e-07,3.008916439239005e-07,3.0089281864291425e-07,3.0089398866048167e-07,3.0089515398123663e-07,3.008963146097755e-07,3.0089747055068363e-07,3.0089862180860436e-07,3.008997683881284e-07,3.0090091029376005e-07,3.00902047530131e-07,3.009031801018056e-07,3.009043080133369e-07,3.009054312693848e-07,3.0090654987442577e-07,3.0090766383308206e-07,3.0090877314988445e-07,3.009098778293677e-07,3.00910977876094e-07,3.0091207329460247e-07,3.009131640894322e-07,3.009142502651164e-07,3.009153318262001e-07,3.009164087771697e-07,3.009174811226019e-07,3.009185488669676e-07,3.009196120147481e-07,3.0092067057035225e-07,3.0092172453874845e-07,3.0092277392394563e-07,3.0092381873059366e-07,3.009248589631854e-07,3.0092589462620793e-07,3.009269257241439e-07,3.0092795226147374e-07,3.00928974242668e-07,3.009299916718507e-07,3.009310045544634e-07,3.009320128932267e-07,3.0093301669526584e-07,3.0093401596275315e-07,3.0093501070114777e-07,3.009360009138715e-07,3.009369866070692e-07,3.009379677828644e-07,3.009389444475691e-07,3.00939916605097e-07,3.0094088425980673e-07,3.0094184741610946e-07,3.0094280607841917e-07,3.0094376025114233e-07,3.0094470993871085e-07,3.009456551454962e-07,3.0094659587588875e-07,3.0094753213427786e-07,3.009484639250541e-07,3.0094939125258053e-07,3.009503141212632e-07,3.009512325354625e-07,3.009521464995329e-07,3.0095305601785786e-07,3.009539610947867e-07,3.0095486173275143e-07,3.009557579416289e-07,3.0095664972058637e-07,3.009575370760169e-07,3.0095842001066833e-07,3.009592985304869e-07,3.0096017263934524e-07,3.009610423415351e-07,3.009619076413762e-07,3.009627685431891e-07,3.009636250512988e-07,3.009644771699769e-07,3.0096532490354233e-07,3.009661682562852e-07,3.0096700723253603e-07,3.0096784183656593e-07,3.0096867207274777e-07,3.0096949794510925e-07,3.0097031945818015e-07,3.009711366162011e-07,3.009719494233597e-07,3.009727578839592e-07,3.009735620022689e-07,3.0097436178254157e-07,3.009751572287582e-07,3.009759483459568e-07,3.009767351375806e-07,3.009775176081868e-07,3.00978295761988e-07,3.009790696032038e-07,3.0097983913608123e-07,3.0098060436485553e-07,3.009813652937432e-07,3.0098212192693426e-07,3.009828742689887e-07,3.009836223245511e-07,3.009843660946343e-07,3.0098510558704696e-07,3.009858408051284e-07,3.0098657175221306e-07,3.009872984334777e-07,3.0098802085254746e-07,3.0098873901369623e-07,3.0098945292110817e-07,3.00990162578961e-07,3.009908679914112e-07,3.009915691626344e-07,3.009922660967757e-07,3.0099295879800174e-07,3.009936472704635e-07,3.009943315183076e-07,3.00995011545677e-07,3.009956873567357e-07,3.009963589552267e-07,3.009970263466972e-07,3.0099768953305513e-07,3.0099834852001227e-07,3.009990033113013e-07,3.00999653911006e-07,3.0100030032322966e-07,3.0100094255209744e-07,3.0100158060170094e-07,3.0100221447614644e-07,3.010028441795314e-07,3.010034697159364e-07,3.0100409108939027e-07,3.0100470830409673e-07,3.0100532136407926e-07,3.010059302734119e-07,3.010065350361595e-07,3.010071356563921e-07,3.0100773213743184e-07,3.010083244856662e-07,3.0100891270284993e-07,3.010094967936945e-07,3.010100767622936e-07,3.0101065261268715e-07,3.010112243489364e-07,3.0101179197505494e-07,3.010123554950528e-07,3.010129149130511e-07,3.0101347023299373e-07,3.010140214589211e-07,3.0101456859483987e-07,3.0101511164476993e-07,3.010156506127154e-07,3.0101618550269066e-07,3.010167163186901e-07,3.010172430647003e-07,3.0101776574473045e-07,3.0101828436280904e-07,3.010187989228354e-07,3.010193094288336e-07,3.010198158847744e-07,3.010203182946054e-07,3.010208166624034e-07,3.010213109920153e-07,3.010218012874998e-07,3.0102228755265397e-07,3.0102276979158386e-07,3.010232480081936e-07,3.010237222064528e-07,3.0102419239001737e-07,3.01024658563525e-07,3.0102512073044645e-07,3.0102557889438547e-07,3.0102603305979825e-07,3.010264832304407e-07,3.0102692941022713e-07,3.010273716030726e-07,3.0102780981288644e-07,3.0102824404361e-07,3.0102867429899003e-07,3.0102910058313105e-07,3.010295228998568e-07,3.010299412530515e-07,3.010303556435376e-07,3.010307660843465e-07,3.010311725705116e-07,3.010315751085081e-07,3.0103197370232944e-07,3.0103236835589503e-07,3.0103275907307405e-07,3.010331458577302e-07,3.0103352871371296e-07,3.0103390764488803e-07,3.0103428265510525e-07,3.010346537482079e-07,3.0103502092804137e-07,3.010353841984653e-07,3.0103574356365857e-07,3.0103609902638744e-07,3.010364505914793e-07,3.0103679826251063e-07,3.0103714204323723e-07,3.010374819375065e-07,3.0103781794913215e-07,3.010381500818986e-07,3.01038478339633e-07,3.0103880272670397e-07,3.0103912324608943e-07,3.0103943990070395e-07,3.010397526962296e-07,3.010400616357544e-07,3.010403667230245e-07,3.0104066796178255e-07,3.0104096535582653e-07,3.0104125890892274e-07,3.01041548624855e-07,3.0104183450736737e-07,3.0104211656023527e-07,3.010423947872146e-07,3.010426691920707e-07,3.010429397785371e-07,3.010432065503724e-07,3.010434695113232e-07,3.0104372866512614e-07,3.0104398401550504e-07,3.0104423556621644e-07,3.0104448332097753e-07,3.010447272835167e-07,3.010449674575561e-07,3.010452038468121e-07,3.010454364550145e-07,3.010456652858448e-07,3.01045890343023e-07,3.010461116302605e-07,3.0104632915043245e-07,3.010465429097899e-07,3.0104675290948144e-07,3.01046959153946e-07,3.010471616469218e-07,3.010473603921053e-07,3.010475553930654e-07,3.0104774665376823e-07,3.0104793417763597e-07,3.010481179656624e-07,3.0104829802949494e-07,3.010484743652224e-07,3.01048646978683e-07,3.010488158736205e-07,3.0104898105377216e-07,3.010491425227643e-07,3.010493002842329e-07,3.010494543418153e-07,3.0104960469914973e-07,3.0104975136146227e-07,3.010498943276976e-07,3.0105003360596046e-07,3.0105016919860216e-07,3.010503011091427e-07,3.010504293411755e-07,3.0105055389324776e-07,3.0105067478426936e-07,3.010507920024816e-07,3.010509055566125e-07,3.010510154377452e-07,3.010511216862938e-07,3.0105122427041766e-07,3.010513232040202e-07,3.0105141849146844e-07,3.010515101363963e-07,3.010515981423676e-07,3.010516825129686e-07,3.010517632517586e-07,3.010518403623075e-07,3.010519138481755e-07,3.010519837129184e-07,3.0105204996009404e-07,3.0105211259325166e-07,3.010521716159394e-07,3.0105222703169443e-07,3.01052278844084e-07,3.0105232705662366e-07,3.0105237167264394e-07,3.0105241269628334e-07,3.0105245013050057e-07,3.0105248397897704e-07,3.0105251424525016e-07,3.0105254093290696e-07,3.010525640453397e-07,3.0105258358612394e-07,3.0105259955874535e-07,3.010526119683628e-07,3.010526208136681e-07,3.0105262610272213e-07,3.010526278377231e-07,3.0105262602206696e-07,3.010526206592332e-07,3.010526117527054e-07,3.0105259930614726e-07,3.010525833225042e-07,3.0105256380575284e-07,3.010525407592208e-07,3.0105251418636924e-07,3.0105248409066024e-07,3.010524504755474e-07,3.010524133444901e-07,3.0105237270094977e-07,3.0105232854837055e-07,3.010522808902004e-07,3.010522297298854e-07,3.0105217507086623e-07,3.0105211691657585e-07,3.010520552704574e-07,3.010519901359258e-07,3.010519215164235e-07,3.0105184941535716e-07,3.010517738361402e-07,3.0105169478181074e-07,3.010516122570631e-07,3.0105152626368394e-07,3.0105143680605856e-07,3.010513438882722e-07,3.0105124751089754e-07,3.010511476800996e-07,3.0105104439855387e-07,3.010509376693876e-07,3.010508274961967e-07,3.0105071388229356e-07,3.010505968310538e-07,3.010504763458508e-07,3.0105035243005866e-07,3.0105022508705745e-07,3.010500943202066e-07,3.0104996013287234e-07,3.0104982252829546e-07,3.01049681510184e-07,3.0104953708155284e-07,3.0104938924586314e-07,3.010492380064568e-07,3.010490833666869e-07,3.0104892532988014e-07,3.0104876389939486e-07,3.010485990785607e-07,3.010484308706991e-07,3.0104825927914574e-07,3.010480843072377e-07,3.0104790595827356e-07,3.010477242355936e-07,3.010475391425033e-07,3.010473506823113e-07,3.010471588583429e-07,3.0104696367388576e-07,3.010467651322586e-07,3.0104656323675115e-07,3.01046357990659e-07,3.0104614939728097e-07,3.010459374599096e-07,3.0104572218180896e-07,3.0104550356630114e-07,3.010452816166519e-07,3.0104505633613314e-07,3.0104482772804127e-07,3.010445957956116e-07,3.010443605421255e-07,3.010441219708571e-07,3.0104388007794937e-07,3.010436348879074e-07,3.0104338638347797e-07,3.0104313457378715e-07,3.0104287946253406e-07,3.010426210530076e-07,3.01042359348452e-07,3.0104209435210924e-07,3.0104182606720683e-07,3.010415544948051e-07,3.0104127964462525e-07,3.010410015136357e-07,3.0104072010688695e-07,3.010404354281558e-07,3.0104014747932886e-07,3.01039856264941e-07,3.010395617878081e-07,3.010392640511119e-07,3.010389630580428e-07,3.0103865881187764e-07,3.010383513157337e-07,3.0103804057283116e-07,3.0103772658636815e-07,3.0103740935954566e-07,3.0103708889555134e-07,3.010367651975227e-07,3.0103643826867525e-07,3.010361081121857e-07,3.0103577473123245e-07,3.010354381289886e-07,3.010350983086161e-07,3.0103475527328415e-07,3.010344090261611e-07,3.010340595764537e-07,3.0103370690808516e-07,3.01033351049016e-07,3.010329919830035e-07,3.0103262972396213e-07,3.0103226427227064e-07,3.0103189563084296e-07,3.01031523802809e-07,3.010311487913036e-07,3.0103077059945573e-07,3.010303892303958e-07,3.010300046872711e-07,3.010296169730751e-07,3.010292260911683e-07,3.0102883204389477e-07,3.0102843483616946e-07,3.0102803446938797e-07,3.010276309460965e-07,3.0102722427065427e-07,3.010268144488718e-07,3.0102640147921107e-07,3.010259853664011e-07,3.0102556611370385e-07,3.0102514372419194e-07,3.010247182009549e-07,3.0102428954708034e-07,3.0102385776516165e-07,3.0102342285964506e-07,3.010229848323501e-07,3.0102254368668997e-07,3.010220994257482e-07,3.0102165205261715e-07,3.0102120157034126e-07,3.0102074798198953e-07,3.010202912906128e-07,3.0101983149926986e-07,3.010193686109973e-07,3.010189026289111e-07,3.010184335559563e-07,3.0101796139521964e-07,3.010174861497418e-07,3.010170078225601e-07,3.0101652641669355e-07,3.0101604193675895e-07,3.010155543811146e-07,3.010150637573381e-07,3.010145700673204e-07,3.0101407331360566e-07,3.010135734993954e-07,3.0101307062762027e-07,3.010125647013156e-07,3.0101205572349315e-07,3.0101154369716524e-07,3.010110286253205e-07,3.010105105109386e-07,3.010099893570899e-07,3.010094651666672e-07,3.010089379427807e-07,3.0100840768839173e-07,3.0100787440638283e-07,3.010073380998219e-07,3.010067987716699e-07,3.0100625642484985e-07,3.010057110624409e-07,3.0100516268735034e-07,3.010046113025417e-07,3.01004056910999e-07,3.010034995156762e-07,3.0100293911950055e-07,3.0100237572547996e-07,3.010018093365427e-07,3.010012399556376e-07,3.010006675856964e-07,3.010000922296989e-07,3.009995138905645e-07,3.0099893257122557e-07,3.0099834827461295e-07,3.0099776100368744e-07,3.0099717076135415e-07,3.0099657755056584e-07,3.009959813742334e-07,3.009953822356279e-07,3.0099478013660553e-07,3.0099417508111135e-07,3.0099356707177166e-07,3.009929561114438e-07,3.009923422030642e-07,3.0099172534952604e-07,3.00991105553733e-07,3.009904828189906e-07,3.0098985714735955e-07,3.0098922854228066e-07,3.0098859700469896e-07,3.0098796254116645e-07,3.009873251522909e-07,3.009866848414235e-07,3.009860416107423e-07,3.009853954651967e-07,3.009847464056759e-07,3.0098409443561556e-07,3.009834395579185e-07,3.009827817754086e-07,3.009821210910184e-07,3.009814575075787e-07,3.009807910279423e-07,3.0098012165496585e-07,3.0097944939149577e-07,3.0097877424037e-07,3.0097809620444576e-07,3.0097741528656266e-07,3.0097673148955406e-07,3.009760448162642e-07,3.009753552695198e-07,3.0097466285217523e-07,3.009739675675071e-07,3.00973269416979e-07,3.009725684047247e-07,3.009718645331868e-07,3.009711578051495e-07,3.009704482234121e-07,3.0096973579083635e-07,3.0096902051028597e-07,3.0096830238469246e-07,3.0096758141642717e-07,3.009668576085222e-07,3.0096613096375643e-07,3.0096540148494174e-07,3.009646691749193e-07,3.009639340359131e-07,3.009631960724682e-07,3.009624552850712e-07,3.0096171167784566e-07,3.0096096525332497e-07,3.00960216014335e-07,3.009594639634558e-07,3.0095870910362293e-07,3.009579514375788e-07,3.0095719096807156e-07,3.0095642769788937e-07,3.0095566162945496e-07,3.009548927664707e-07,3.0095412111079744e-07,3.0095334666544435e-07,3.009525694331725e-07,3.009517894166495e-07,3.0095100661885275e-07,3.0095022104236754e-07,3.009494326899624e-07,3.0094864156435746e-07,3.009478476683278e-07,3.0094705100456016e-07,3.009462515758083e-07,3.009454493847975e-07,3.009446444342549e-07,3.009438367269212e-07,3.0094302626546474e-07,3.009422130526675e-07,3.0094139709102833e-07,3.0094057838357074e-07,3.009397569329136e-07,3.0093893274229074e-07,3.0093810581272436e-07,3.009372761485229e-07,3.009364437519372e-07,3.00935608625633e-07,3.009347707722899e-07,3.0093393019459496e-07,3.009330868952542e-07,3.009322408770247e-07,3.0093139214243235e-07,3.0093054068971874e-07,3.009296865346488e-07,3.0092882966208026e-07,3.0092797009392153e-07,3.009271078183558e-07,3.0092624284221233e-07,3.009253751684629e-07,3.009245047998248e-07,3.0092363173894573e-07,3.009227559884541e-07,3.0092187755250514e-07,3.0092099642947454e-07,3.009201126253884e-07,3.0091922614372325e-07,3.00918336985154e-07,3.009174451528448e-07,3.009165506494773e-07,3.009156534777004e-07,3.009147536401295e-07,3.0091385113943227e-07,3.0091294597819425e-07,3.009120381590542e-07,3.009111276846508e-07,3.0091021455750305e-07,3.00909298780427e-07,3.009083803559304e-07,3.0090745928665787e-07,3.00906535575198e-07,3.009056092241344e-07,3.0090468023611074e-07,3.0090374861372814e-07,3.009028143596123e-07,3.009018774763684e-07,3.0090093796647477e-07,3.0089999583263194e-07,3.008990510773962e-07,3.00898103703402e-07,3.008971537132201e-07,3.0089620110496367e-07,3.008952458942344e-07,3.008942880712232e-07,3.0089332764203053e-07,3.0089236460950383e-07,3.008913989700804e-07,3.008904307448742e-07,3.0088945991844115e-07,3.008884864980057e-07,3.008875104880601e-07,3.008865318897654e-07,3.008855507060788e-07,3.0088456693959244e-07,3.008835805928508e-07,3.008825916668743e-07,3.0088160016876174e-07,3.008806060966425e-07,3.008796094543941e-07,3.0087861024466437e-07,3.0087760847368294e-07,3.0087660413433873e-07,3.008755972356183e-07,3.0087458778110793e-07,3.0087357577181946e-07,3.0087256121016655e-07,3.0087154409873774e-07,3.008705244400438e-07,3.0086950223656615e-07,3.008684774908125e-07,3.0086745020532045e-07,3.008664203826151e-07,3.0086538802518114e-07,3.008643531355477e-07,3.0086331571621206e-07,3.0086227576966496e-07,3.008612332984085e-07,3.008601883049281e-07,3.0085914079175845e-07,3.0085809076137485e-07,3.00857038202376e-07,3.008559831578507e-07,3.0085492559157694e-07,3.008538655171401e-07,3.0085280293781915e-07,3.0085173786013586e-07,3.008506702748367e-07,3.0084960019614274e-07,3.0084852762133186e-07,3.008474525563195e-07,3.008463750003953e-07,3.0084529495684815e-07,3.0084421242830143e-07,3.0084312741713895e-07,3.0084203992585966e-07,3.0084094995523996e-07,3.0083985751259236e-07,3.0083876259578375e-07,3.008376652069579e-07,3.008365653530012e-07,3.0083546303254655e-07,3.008343582488929e-07,3.0083325100466314e-07,3.0083214130231703e-07,3.008310291442626e-07,3.0082991452851265e-07,3.0082879747052744e-07,3.008276779602607e-07,3.00826556003699e-07,3.008254316035372e-07,3.00824304762233e-07,3.008231754822192e-07,3.0082204376584893e-07,3.008209096155728e-07,3.0081977303381794e-07,3.0081863402296887e-07,3.008174925854078e-07,3.008163487235758e-07,3.0081520243988637e-07,3.0081405373670997e-07,3.0081290261641584e-07,3.0081174908144227e-07,3.0081059313417546e-07,3.0080943477697736e-07,3.008082740146742e-07,3.00807110842495e-07,3.0080594526944643e-07,3.0080477729678696e-07,3.008036069258259e-07,3.008024341592039e-07,3.008012589993228e-07,3.008000814483879e-07,3.007989015091588e-07,3.0079771918367346e-07,3.0079653447440274e-07,3.00795347383414e-07,3.007941579137105e-07,3.0079296606696674e-07,3.0079177184599946e-07,3.007905752530522e-07,3.007893762905236e-07,3.007881749604902e-07,3.007869712659664e-07,3.0078576520446854e-07,3.0078455679024244e-07,3.0078334601865737e-07,3.0078213288382904e-07,3.007809173990229e-07,3.0077969956374346e-07,3.007784793794971e-07,3.0077725684910487e-07,3.007760319748073e-07,3.0077480475875414e-07,3.007735752034851e-07,3.0077234331122075e-07,3.0077110908424014e-07,3.0076987252491015e-07,3.0076863363554055e-07,3.0076739241845543e-07,3.007661488759198e-07,3.007649030102566e-07,3.0076365482371627e-07,3.007624043186928e-07,3.0076115149747123e-07,3.0075989636224983e-07,3.0075863891542073e-07,3.007573791592665e-07,3.0075611709596793e-07,3.0075485272799487e-07,3.0075358605755756e-07,3.0075231708693e-07,3.0075104581837906e-07,3.0074977225414685e-07,3.0074849639659595e-07,3.0074721824791464e-07,3.0074593781036857e-07,3.007446550864302e-07,3.0074337007814543e-07,3.00742082789148e-07,3.0074079321792167e-07,3.0073950137034755e-07,3.00738207247623e-07,3.0073691085183625e-07,3.007356121854354e-07,3.007343112505766e-07,3.0073300804950344e-07,3.0073170258446634e-07,3.007303948577377e-07,3.0072908487156655e-07,3.0072777262805745e-07,3.007264581296037e-07,3.0072514138023677e-07,3.007238223764721e-07,3.0072250112628534e-07,3.0072117763020076e-07,3.0071985189030526e-07,3.0071852390867963e-07,3.007171936878282e-07,3.007158612298022e-07,3.007145265368758e-07,3.0071318961129624e-07,3.007118504551248e-07,3.0071050907073794e-07,3.0070916546030247e-07,3.0070781962602445e-07,3.0070647157006975e-07,3.007051212946803e-07,3.0070376880197206e-07,3.0070241409433126e-07,3.0070105717385966e-07,3.006996980426655e-07,3.0069833670311494e-07,3.006969731573176e-07,3.0069560740833297e-07,3.006942394566271e-07,3.0069286930428743e-07,3.006914969552873e-07,3.006901224110465e-07,3.006887456736744e-07,3.0068736674535395e-07,3.006859856287623e-07,3.006846023244746e-07,3.0068321683624914e-07,3.006818291658236e-07,3.0068043931526717e-07,3.006790472868328e-07,3.0067765308260866e-07,3.0067625670481155e-07,3.006748581554916e-07,3.0067345743698694e-07,3.0067205455121896e-07,3.006706495006003e-07,3.0066924228714243e-07,3.006678329130302e-07,3.0066642138038973e-07,3.006650076913702e-07,3.0066359184812593e-07,3.0066217385277344e-07,3.0066075370650227e-07,3.0065933141424946e-07,3.0065790697551114e-07,3.0065648039420414e-07,3.0065505166944316e-07,3.006536208062955e-07,3.00652187805672e-07,3.0065075267291475e-07,3.006493154025131e-07,3.00647876003366e-07,3.00646434472409e-07,3.0064499082125977e-07,3.0064354504278265e-07,3.006420971417711e-07,3.006406471205097e-07,3.0063919498114146e-07,3.0063774072578053e-07,3.0063628435650816e-07,3.006348258754108e-07,3.006333652846341e-07,3.0063190258629527e-07,3.006304377823989e-07,3.006289708751191e-07,3.006275018665957e-07,3.006260307587615e-07,3.0062455755376834e-07,3.006230822537354e-07,3.0062160486076377e-07,3.0062012537606254e-07,3.0061864380408896e-07,3.0061716014471396e-07,3.006156744006811e-07,3.0061418657403553e-07,3.006126966669245e-07,3.006112046813712e-07,3.00609710619464e-07,3.0060821448324407e-07,3.006067162747947e-07,3.006052159961945e-07,3.006037136494868e-07,3.006022092367119e-07,3.006007027599416e-07,3.0059919422124487e-07,3.0059768362266153e-07,3.005961709662417e-07,3.0059465625402203e-07,3.0059313948812034e-07,3.005916206704934e-07,3.0059009980319937e-07,3.005885768883548e-07,3.0058705192795055e-07,3.0058552492398545e-07,3.005839958785679e-07,3.0058246479394315e-07,3.0058093167155e-07,3.0057939651376205e-07,3.0057785932279793e-07,3.0057632010043736e-07,3.0057477884872433e-07,3.0057323556971217e-07,3.0057169026541125e-07,3.0057014293783036e-07,3.0056859359007066e-07,3.005670422212424e-07,3.0056548883561853e-07,3.005639334350987e-07,3.0056237602133705e-07,3.0056081659641637e-07,3.005592551622787e-07,3.0055769172098785e-07,3.005561262744899e-07,3.005545588247967e-07,3.0055298937393155e-07,3.0055141792388163e-07,3.0054984447830817e-07,3.005482690342277e-07,3.005466915983776e-07,3.005451121713928e-07,3.0054353075518616e-07,3.0054194735193635e-07,3.0054036196327223e-07,3.005387745934574e-07,3.005371852379809e-07,3.0053559390519607e-07,3.0053400059508804e-07,3.0053240530961097e-07,3.005308080506777e-07,3.005292088206522e-07,3.0052760762052147e-07,3.005260044530594e-07,3.005243993200435e-07,3.005227922232687e-07,3.005211831648519e-07,3.005195721465872e-07,3.005179591706674e-07,3.005163442390198e-07,3.0051472735361426e-07,3.0051310851621357e-07,3.005114877288707e-07,3.005098649935727e-07,3.005082403121988e-07,3.005066136867219e-07,3.005049851190823e-07,3.005033546112401e-07,3.005017221650822e-07,3.0050008778256873e-07,3.0049845146562864e-07,3.004968132162288e-07,3.004951730360181e-07,3.004935309274239e-07,3.004918868920503e-07,3.004902409318879e-07,3.004885930487946e-07,3.004869432448135e-07,3.0048529152181574e-07,3.004836378817347e-07,3.004819823264598e-07,3.0048032485787244e-07,3.004786654779175e-07,3.0047700418865423e-07,3.0047534099165597e-07,3.0047367588903073e-07,3.0047200888265235e-07,3.004703399744251e-07,3.004686691662586e-07,3.004669964600413e-07,3.0046532185766724e-07,3.0046364536104056e-07,3.0046196697204703e-07,3.004602866925602e-07,3.004586045245068e-07,3.0045692046975354e-07,3.0045523453018985e-07,3.004535467076942e-07,3.0045185700415674e-07,3.00450165421454e-07,3.004484719614519e-07,3.0044677662614335e-07,3.004450794171777e-07,3.004433803387613e-07,3.004416793863069e-07,3.0043997657228783e-07,3.004382718847262e-07,3.004365653361007e-07,3.0043485692714536e-07,3.0043314665417813e-07,3.0043143452419884e-07,3.004297205375772e-07,3.004280046958146e-07,3.004262870010745e-07,3.0042456745601806e-07,3.00422846060806e-07,3.004211228181199e-07,3.004193977298034e-07,3.004176707977135e-07,3.004159420236921e-07,3.004142114098885e-07,3.0041247895711495e-07,3.0041074466828054e-07,3.004090085436466e-07,3.0040727058885256e-07,3.0040553080182903e-07,3.004037891857109e-07,3.004020457423478e-07,3.0040030047422574e-07,3.0039855338126314e-07,3.0039680446709554e-07,3.003950537330335e-07,3.003933011809036e-07,3.003915468123116e-07,3.003897906294795e-07,3.0038803263392884e-07,3.0038627282744365e-07,3.0038451121194607e-07,3.003827477892173e-07,3.003809825610865e-07,3.003792155292572e-07,3.0037744669569436e-07,3.003756760621434e-07,3.0037390363056707e-07,3.003721294023562e-07,3.00370353379606e-07,3.00368575564094e-07,3.003667959567372e-07,3.003650145618693e-07,3.0036323137885697e-07,3.003614464078056e-07,3.003596596573877e-07,3.0035787112289027e-07,3.003560808080081e-07,3.0035428871462487e-07,3.0035249484454686e-07,3.0035069919955975e-07,3.00348901781459e-07,3.0034710259198294e-07,3.003453016342286e-07,3.003434989051929e-07,3.003416944134014e-07,3.0033988815633805e-07,3.00338080136877e-07,3.0033627035607097e-07,3.003344588169382e-07,3.0033264552016696e-07,3.003308304681314e-07,3.003290136624531e-07,3.003271951048526e-07,3.0032537479708335e-07,3.0032355274090724e-07,3.00321728938118e-07,3.0031990339034486e-07,3.0031807609985956e-07,3.0031624706719986e-07,3.003144162951497e-07,3.0031258378521454e-07,3.0031074953925176e-07,3.0030891356261336e-07,3.003070758333147e-07,3.00305236400213e-07,3.003033952276827e-07,3.003015523269415e-07,3.002997077003465e-07,3.0029786134974454e-07,3.0029601327687246e-07,3.0029416348436744e-07,3.002923119715149e-07,3.0029045874218077e-07,3.00288603790303e-07,3.00286747138898e-07,3.0028488876906863e-07,3.0028302868719837e-07,3.002811668995435e-07,3.0027930340386446e-07,3.0027743820303635e-07,3.0027557129888327e-07,3.002737026930536e-07,3.002718323872862e-07,3.002699603832716e-07,3.002680866828227e-07,3.0026621128749505e-07,3.0026433419904603e-07,3.002624554192695e-07,3.0026057494970836e-07,3.002586927921296e-07,3.002568089483195e-07,3.0025492341979135e-07,3.002530362083395e-07,3.0025114731563347e-07,3.002492567434168e-07,3.002473644951235e-07,3.0024547056686016e-07,3.00243574966509e-07,3.0024167769493287e-07,3.0023977874829816e-07,3.0023787813402494e-07,3.0023597585211584e-07,3.0023407190414105e-07,3.0023216629269245e-07,3.0023025901659615e-07,3.0022835008031686e-07,3.002264394805144e-07,3.0022452723123394e-07,3.002226133221051e-07,3.0022069775849133e-07,3.0021878054172537e-07,3.0021686167399594e-07,3.002149411570176e-07,3.0021301899165133e-07,3.00211095181177e-07,3.0020916972580704e-07,3.0020724262761675e-07,3.002053138884351e-07,3.002033835096669e-07,3.0020145149359963e-07,3.0019951784082557e-07,3.001975825535274e-07,3.001956456321546e-07,3.001937070817889e-07,3.0019176690080375e-07,3.001898250924169e-07,3.001878816561512e-07,3.0018593658824974e-07,3.0018398991264883e-07,3.0018204160872814e-07,3.001800916844708e-07,3.001781401421072e-07,3.0017618698325846e-07,3.0017423220968207e-07,3.0017227582232766e-07,3.0017031782348586e-07,3.0016835821423956e-07,3.001663969971067e-07,3.0016443417349575e-07,3.0016246974441694e-07,3.0016050371160427e-07,3.001585360768986e-07,3.0015656684185895e-07,3.001545960082225e-07,3.0015262357736067e-07,3.0015064955107865e-07,3.001486739309827e-07,3.0014669671858943e-07,3.0014471791554383e-07,3.0014273752342905e-07,3.0014075554385706e-07,3.00138771978418e-07,3.0013678682878243e-07,3.0013480009636066e-07,3.001328117829696e-07,3.0013082188998767e-07,3.0012883041472424e-07,3.001268373720097e-07,3.0012484275071043e-07,3.001228465557623e-07,3.001208487893273e-07,3.001188494530206e-07,3.0011684854845375e-07,3.001148460771802e-07,3.0011284204055063e-07,3.001108364401792e-07,3.0010882927788657e-07,3.001068205552267e-07,3.0010481027366764e-07,3.00102798434636e-07,3.0010078503975966e-07,3.000987700886382e-07,3.0009675358966275e-07,3.000947355372702e-07,3.0009271593572946e-07,3.000906947856542e-07,3.0008867208978436e-07,3.000866478496723e-07,3.0008462206466594e-07,3.000825947388767e-07,3.0008056587306074e-07,3.0007853546869187e-07,3.0007650352733015e-07,3.000744700503677e-07,3.0007243503967243e-07,3.000703984966403e-07,3.0006836042304615e-07,3.0006632081995797e-07,3.000642796892683e-07,3.0006223703225916e-07,3.000601928506083e-07,3.0005814714600794e-07,3.000560999196581e-07,3.0005405117351806e-07,3.0005200090879144e-07,3.0004994912767885e-07,3.000478958303562e-07,3.0004584101947466e-07,3.0004378469606605e-07,3.000417268614607e-07,3.0003966751884663e-07,3.000376066679514e-07,3.00035544310702e-07,3.000334804487924e-07,3.0003141508369974e-07,3.0002934821703243e-07,3.0002727985022986e-07,3.00025209984779e-07,3.0002313862220077e-07,3.000210657638524e-07,3.000189914116042e-07,3.0001691556675953e-07,3.000148382308614e-07,3.0001275940541543e-07,3.0001067909192264e-07,3.000085972919476e-07,3.000065140068647e-07,3.000044292383203e-07,3.0000234298768156e-07,3.0000025525637624e-07,2.999981660460089e-07,2.9999607535791186e-07,2.9999398319500527e-07,2.99991889556539e-07,2.999897944451991e-07,2.9998769786237704e-07,2.9998559980942495e-07,2.999835002879016e-07,2.99981399303234e-07,2.9997929684553916e-07,2.9997719292692493e-07,2.999750875459682e-07,2.9997298070387127e-07,2.999708724004111e-07,2.999687626418369e-07,2.999666514250453e-07,2.999645387531186e-07,2.99962424627314e-07,2.9996030904925905e-07,2.9995819202044335e-07,2.9995607354208456e-07,2.999539536160264e-07,2.9995183224353564e-07,2.999497094261102e-07,2.9994758516520664e-07,2.999454594622775e-07,2.999433323187947e-07,2.999412037362335e-07,2.999390737165379e-07,2.999369422596291e-07,2.999348093684618e-07,2.9993267504407354e-07,2.99930539287826e-07,2.999284021014458e-07,2.9992626348599967e-07,2.9992412344307846e-07,2.999219819767845e-07,2.9991983908064145e-07,2.9991769476385627e-07,2.99915549025454e-07,2.99913401866846e-07,2.9991125328937614e-07,2.9990910329447245e-07,2.999069518836767e-07,2.999047990585872e-07,2.9990264482042964e-07,2.9990048917063887e-07,2.99898332110741e-07,2.998961736421134e-07,2.998940137661924e-07,2.9989185248437025e-07,2.998896897979907e-07,2.9988752570871987e-07,2.9988536022385606e-07,2.9988319332687007e-07,2.998810250367047e-07,2.998788553494869e-07,2.9987668426650404e-07,2.998745117890074e-07,2.998723379184164e-07,2.998701626562004e-07,2.998679860035543e-07,2.998658079622368e-07,2.9986362853348434e-07,2.9986144771875737e-07,2.99859265519394e-07,2.998570819368518e-07,2.998548969724737e-07,2.9985271062774666e-07,2.9985052290402425e-07,2.9984833380273383e-07,2.9984614332528613e-07,2.99843951473022e-07,2.998417582473913e-07,2.9983956364985545e-07,2.998373676817253e-07,2.998351703443433e-07,2.998329716377644e-07,2.9983077156746046e-07,2.998285701310134e-07,2.9982636733066934e-07,2.9982416316819714e-07,2.9982195764489796e-07,2.9981975076210226e-07,2.9981754252103995e-07,2.9981533292357116e-07,2.998131219706867e-07,2.9981090966335957e-07,2.9980869600451094e-07,2.998064809948865e-07,2.9980426463319353e-07,2.998020469246576e-07,2.997998278687786e-07,2.997976074671822e-07,2.9979538572059037e-07,2.9979316263243995e-07,2.9979093820205137e-07,2.997887124314325e-07,2.9978648532199054e-07,2.9978425687499984e-07,2.997820270919648e-07,2.9977979597420806e-07,2.99777563523484e-07,2.997753297396312e-07,2.997730946255441e-07,2.9977085818234325e-07,2.9976862041103366e-07,2.9976638131310847e-07,2.997641408898139e-07,2.9976189914312055e-07,2.9975965607321584e-07,2.997574116823095e-07,2.99755165971612e-07,2.997529189424246e-07,2.997506705960312e-07,2.997484209338225e-07,2.99746169961448e-07,2.9974391766727273e-07,2.9974166406539535e-07,2.997394091531472e-07,2.9973715293155027e-07,2.997348954027635e-07,2.9973263656728e-07,2.997303764266379e-07,2.997281149821086e-07,2.9972585223531675e-07,2.997235881873806e-07,2.99721322839546e-07,2.997190561932773e-07,2.9971678824967586e-07,2.997145190060336e-07,2.997122484764257e-07,2.9970997664978713e-07,2.9970770353092285e-07,2.997054291215646e-07,2.997031534229423e-07,2.9970087643673645e-07,2.9969859816365355e-07,2.996963186052917e-07,2.9969403776295914e-07,2.996917556379631e-07,2.996894722316448e-07,2.996871875453178e-07,2.9968490158026483e-07,2.9968261433775195e-07,2.996803258191913e-07,2.996780360259059e-07,2.996757449590843e-07,2.9967345262002395e-07,2.9967115901009833e-07,2.9966886413056414e-07,2.99666567982731e-07,2.9966427056794216e-07,2.996619718874007e-07,2.996596719424539e-07,2.9965737073438155e-07,2.9965506826451365e-07,2.9965276453406267e-07,2.99650459544631e-07,2.996481532969578e-07,2.99645845792647e-07,2.996435370465791e-07,2.9964122701949675e-07,2.996389157522082e-07,2.996366032407775e-07,2.9963428946601443e-07,2.996319744483078e-07,2.996296581833112e-07,2.9962734067389494e-07,2.9962502191559887e-07,2.996227019151529e-07,2.9962038067248495e-07,2.996180581817066e-07,2.9961573446390355e-07,2.996134095009622e-07,2.9961108330313465e-07,2.996087558642001e-07,2.996064271932318e-07,2.9960409728731537e-07,2.996017661495662e-07,2.9959943378067794e-07,2.9959710018411534e-07,2.995947653545381e-07,2.995924292991009e-07,2.995900920184779e-07,2.995877535126436e-07,2.995854137834445e-07,2.9958307283134533e-07,2.99580730658326e-07,2.995783872656775e-07,2.9957604265423107e-07,2.9957369682253124e-07,2.9957134978054266e-07,2.995690015210498e-07,2.995666520477326e-07,2.9956430136204777e-07,2.9956194946520986e-07,2.9955959635883125e-07,2.995572420435112e-07,2.995548865209748e-07,2.9955252979221225e-07,2.995501718585483e-07,2.9954781272111246e-07,2.9954545238138513e-07,2.995430908403573e-07,2.9954072809938745e-07,2.9953836416004506e-07,2.9953599902256007e-07,2.9953363268989105e-07,2.9953126516086513e-07,2.995288964383232e-07,2.995265265234292e-07,2.995241554172954e-07,2.995217831216865e-07,2.995194096351006e-07,2.995170349625298e-07,2.995146591054014e-07,2.9951228205858115e-07,2.9950990383004277e-07,2.995075244197583e-07,2.99505143825284e-07,2.9950276205138966e-07,2.9950037909850194e-07,2.994979949679927e-07,2.994956096606276e-07,2.9949322317768817e-07,2.9949083552043706e-07,2.994884466901103e-07,2.9948605668785113e-07,2.994836655148503e-07,2.9948127317240397e-07,2.994788796616467e-07,2.994764849838546e-07,2.994740891401309e-07,2.994716921317518e-07,2.994692939598553e-07,2.9946689462566764e-07,2.9946449413059544e-07,2.9946209247541236e-07,2.9945968966144453e-07,2.9945728569008193e-07,2.9945488056230263e-07,2.994524742794969e-07,2.9945006684274725e-07,2.99447658253254e-07,2.994452485122096e-07,2.9944283762079437e-07,2.9944042558018347e-07,2.994380123916002e-07,2.9943559805628344e-07,2.9943318257516245e-07,2.994307659496795e-07,2.994283481809166e-07,2.994259292700853e-07,2.9942350921824284e-07,2.994210880267344e-07,2.994186656969172e-07,2.99416242228922e-07,2.99413817625767e-07,2.9941139188707275e-07,2.994089650145105e-07,2.9940653700927426e-07,2.99404107872463e-07,2.994016776053027e-07,2.9939924620891434e-07,2.99396813684561e-07,2.993943800330016e-07,2.9939194525624636e-07,2.993895093548289e-07,2.9938707232996995e-07,2.993846341826804e-07,2.993821949146391e-07,2.993797545265313e-07,2.9937731301973086e-07,2.9937487039533023e-07,2.9937242665446316e-07,2.9936998179835476e-07,2.9936753582456314e-07,2.993650887448199e-07,2.9936264055000967e-07,2.993601912443149e-07,2.9935774082940837e-07,2.9935528930553877e-07,2.9935283667478256e-07,2.993503829378807e-07,2.9934792809588264e-07,2.993454721502067e-07,2.993430151019246e-07,2.9934055695210255e-07,2.9933809770187496e-07,2.9933563735216203e-07,2.993331759047294e-07,2.993307133604186e-07,2.9932824972019e-07,2.993257849851522e-07,2.9932331915658514e-07,2.9932085223556185e-07,2.9931838422371053e-07,2.9931591512110815e-07,2.9931344492822026e-07,2.993109736496965e-07,2.9930850128352714e-07,2.993060278318453e-07,2.993035532932294e-07,2.993010776751823e-07,2.992986009731576e-07,2.992961231898487e-07,2.9929364432340767e-07,2.9929116438349556e-07,2.992886833636225e-07,2.9928620126708893e-07,2.992837180947907e-07,2.9928123384790935e-07,2.9927874852779097e-07,2.9927626213532305e-07,2.992737746715916e-07,2.992712861380278e-07,2.992687965364091e-07,2.9926630586622443e-07,2.9926381412917174e-07,2.99261321326566e-07,2.992588274594594e-07,2.9925633252932135e-07,2.9925383653630307e-07,2.992513394824617e-07,2.9924884136857015e-07,2.992463421955152e-07,2.9924384196496125e-07,2.9924134067762966e-07,2.9923883833449505e-07,2.992363349367677e-07,2.992338304856252e-07,2.992313249820521e-07,2.992288184272138e-07,2.9922631082206567e-07,2.992238021678502e-07,2.9922129246572987e-07,2.9921878171669996e-07,2.9921626992179135e-07,2.9921375708212425e-07,2.992112431988117e-07,2.9920872827275004e-07,2.9920621230531807e-07,2.992036952967548e-07,2.9920117725039174e-07,2.9919865816504e-07,2.991961380421489e-07,2.9919361688353526e-07,2.9919109468988755e-07,2.991885714623182e-07,2.9918604720194237e-07,2.9918352190970907e-07,2.991809955867736e-07,2.991784682341429e-07,2.9917593985321544e-07,2.9917341044457057e-07,2.9917088000952336e-07,2.991683485491325e-07,2.991658160644034e-07,2.9916328255647246e-07,2.991607480264372e-07,2.9915821247529794e-07,2.9915567590407677e-07,2.991531383139287e-07,2.991505997058033e-07,2.991480600808504e-07,2.9914551944012676e-07,2.991429777846667e-07,2.9914043511319733e-07,2.991378914333169e-07,2.991353467402587e-07,2.9913280103648113e-07,2.991302543232563e-07,2.9912770660163077e-07,2.9912515787265994e-07,2.991226081373701e-07,2.9912005739686134e-07,2.9911750565214464e-07,2.991149529048213e-07,2.991123991543454e-07,2.991098444032741e-07,2.9910728865141105e-07,2.9910473190275494e-07,2.991021741544225e-07,2.9909961540956436e-07,2.9909705566891037e-07,2.9909449493344546e-07,2.9909193320421767e-07,2.990893704821873e-07,2.9908680676855785e-07,2.990842420643174e-07,2.990816763702724e-07,2.990791096878131e-07,2.990765420177741e-07,2.9907397336123314e-07,2.9907140371919794e-07,2.9906883309274216e-07,2.990662614827248e-07,2.9906368889042805e-07,2.990611153169248e-07,2.9905854076278105e-07,2.990559652291723e-07,2.9905338871719495e-07,2.990508112286079e-07,2.9904823276454e-07,2.99045653323146e-07,2.990430729084156e-07,2.9904049152141325e-07,2.9903790916068363e-07,2.9903532582951794e-07,2.9903274152506936e-07,2.9903015625785195e-07,2.9902757001938517e-07,2.9902498281377606e-07,2.9902239464210147e-07,2.990198055053343e-07,2.9901721540449634e-07,2.990146243406377e-07,2.9901203231464303e-07,2.990094393278404e-07,2.990068453809892e-07,2.9900425047408516e-07,2.990016546110471e-07,2.9899905778977197e-07,2.989964600131613e-07,2.9899386128122403e-07,2.989912615952105e-07,2.989886609572029e-07,2.9898605936638935e-07,2.9898345682428025e-07,2.9898085333118233e-07,2.9897824889028774e-07,2.9897564350109476e-07,2.9897303716499894e-07,2.989704298829077e-07,2.989678216559259e-07,2.9896521248479585e-07,2.9896260236442617e-07,2.9895999132122676e-07,2.989573793179254e-07,2.989547663799929e-07,2.9895215250431313e-07,2.989495376888687e-07,2.9894692193653634e-07,2.9894430524934284e-07,2.989416876263774e-07,2.9893906906919853e-07,2.9893644957876685e-07,2.9893382915623286e-07,2.989312078023907e-07,2.98928585518225e-07,2.989259622992071e-07,2.989233381607436e-07,2.9892071309367144e-07,2.9891808709826517e-07,2.9891546017779987e-07,2.9891283233267793e-07,2.9891020356411867e-07,2.989075738731143e-07,2.989049432605915e-07,2.989023117275886e-07,2.988996792750377e-07,2.988970459039037e-07,2.9889441161564087e-07,2.9889177640986345e-07,2.9888914028877164e-07,2.9888650325301125e-07,2.9888386530350083e-07,2.988812264412125e-07,2.9887858666702563e-07,2.9887594598202697e-07,2.9887330438704434e-07,2.9887066188303687e-07,2.988680184711862e-07,2.9886537415231434e-07,2.988627289275186e-07,2.988600827972866e-07,2.988574357630731e-07,2.988547878254403e-07,2.9885213898565813e-07,2.9884948924461364e-07,2.9884683860508913e-07,2.9884418706170475e-07,2.988415346228281e-07,2.988388812839572e-07,2.9883622705258716e-07,2.98833571923747e-07,2.988309159000713e-07,2.9882825898250556e-07,2.988256011723191e-07,2.9882294247028424e-07,2.9882028287732887e-07,2.9881762239444697e-07,2.988149610225318e-07,2.988122987625281e-07,2.988096356155095e-07,2.9880697158214286e-07,2.988043066637451e-07,2.988016408626191e-07,2.9879897417461466e-07,2.9879630660563506e-07,2.9879363815535686e-07,2.987909688244136e-07,2.9878829861362625e-07,2.98785627524273e-07,2.987829555571503e-07,2.987802827132024e-07,2.987776089933866e-07,2.987749343983591e-07,2.987722589290963e-07,2.9876958258677825e-07,2.9876690537220535e-07,2.9876422728619194e-07,2.987615483298908e-07,2.9875886850409126e-07,2.9875618780950314e-07,2.9875350624787933e-07,2.987508238191906e-07,2.987481405245859e-07,2.9874545636517457e-07,2.98742771341803e-07,2.9874008545523905e-07,2.9873739870669793e-07,2.9873471109692166e-07,2.9873202262677797e-07,2.9872933329723296e-07,2.987266431091844e-07,2.9872395206354553e-07,2.987212601608977e-07,2.9871856740285465e-07,2.987158737899374e-07,2.987131793230642e-07,2.9871048400314685e-07,2.987077878311046e-07,2.987050908076468e-07,2.9870239293399437e-07,2.986996942109683e-07,2.986969946397807e-07,2.986942942201995e-07,2.986915929544968e-07,2.9868889084271973e-07,2.986861878860259e-07,2.9868348408532614e-07,2.986807794414876e-07,2.9867807395539125e-07,2.986753676281774e-07,2.986726604599207e-07,2.9866995245256367e-07,2.9866724360519347e-07,2.986645339225327e-07,2.98661823402004e-07,2.986591120452602e-07
14,7.3097716986992765e-65,5.720453587603119e-64,1.7814363284101648e-63,4.037512830299351e-63,7.665428532555323e-63,1.3042350727001859e-62,2.0573971272925937e-62,3.069556964200198e-62,4.387332554688758e-62,6.060563262481065e-62,8.142423747022857e-62,1.0689515386899933e-61,1.3761935578963582e-61,1.7423327898171746e-61,2.174091670619599e-61,2.678552980020844e-61,3.263161218687883e-61,3.9357233525223796e-61,4.704409111949808e-61,5.5777510027357215e-61,6.564644121018927e-61,7.674345865490096e-61,8.916475576356307e-61,1.0301014154618612e-60,1.1838303666398664e-60,1.3539046956129406e-60,1.541430726488547e-60,1.747550787572723e-60,1.9734431763241046e-60,2.2203221263665455e-60,2.489437775250815e-60,2.782076134129987e-60,3.0995590579864556e-60,3.44324421625503e-60,3.8145250653729026e-60,4.21483082126307e-60,4.645626431063986e-60,5.10841254685378e-60,5.604725500158613e-60,6.136137273044676e-60,6.704255475141214e-60,7.310723314734229e-60,7.957219576001807e-60,8.645458589237988e-60,9.377190208389942e-60,1.015419978466204e-59,1.0978308139521208e-59,1.1851371540959096e-59,1.2775281676982162e-59,1.3751965628389107e-59,1.4783385847820515e-59,1.5871540130372317e-59,1.7018461589331688e-59,1.822621862985237e-59,1.9496914925303895e-59,2.083268939184892e-59,2.2235716161397326e-59,2.3708204557230236e-59,2.5252399066819814e-59,2.6870579322935453e-59,2.8565060068209914e-59,3.033819113979048e-59,3.2192357436372765e-59,3.4129978899717685e-59,3.6153510484582663e-59,3.8265442135059342e-59,4.04682987591067e-59,4.27646402012766e-59,4.515706122458767e-59,4.764819147873853e-59,5.0240695477393565e-59,5.293727256951549e-59,5.574065692325125e-59,5.865361749168614e-59,6.167895799232581e-59,6.481951688144147e-59,6.807816732220025e-59,7.145781717782725e-59,7.4961408971804935e-59,7.859191986238676e-59,8.235236161632751e-59,8.624578060483084e-59,9.027525775154486e-59,9.444390852218734e-59,9.875488288958427e-59,1.0321136533259532e-58,1.0781657477804695e-58,1.125737646030941e-58,1.1748622260017595e-58,1.2255727094150694e-58,1.2779026617428367e-58,1.331885991812596e-58,1.3875569517092177e-58,1.4449501362543218e-58,1.5041004831573257e-58,1.5650432723750386e-58,1.6278141261106605e-58,1.692449008511546e-58,1.7589842254039035e-58,1.8274564240351254e-58,1.8979025928667445e-58,1.970360061281828e-58,2.0448664993670817e-58,2.1214599176920124e-58,2.200178666918953e-58,2.2810614378706963e-58,2.3641472610245313e-58,2.449475506302418e-58,2.5370858828391553e-58,2.627018438843778e-58,2.719313561280954e-58,2.814011975521701e-58,2.9111547451874145e-58,3.010783271983859e-58,3.112939295424509e-58,3.217664892574916e-58,3.325002477565623e-58,3.434994801839102e-58,3.547684953548843e-58,3.663116357541481e-58,3.7813327745900386e-58,3.902378301914726e-58,4.0262973724768105e-58,4.1531347548062704e-58,4.282935552674658e-58,4.41574520522097e-58,4.5516094863345815e-58,4.6905745045216865e-58,4.832686702702496e-58,4.977992857936389e-58,5.126540081029204e-58,5.2783758168007955e-58,5.433547843295665e-58,5.5921042719097786e-58,5.7540935466061205e-58,5.919564444602775e-58,6.088566075008312e-58,6.261147879605658e-58,6.437359632033178e-58,6.617251437510729e-58,6.800873733100232e-58,6.98827728701445e-58,7.179513198510798e-58,7.374632897585994e-58,7.573688144868753e-58,7.776731031315301e-58,7.983813977790679e-58,8.194989735320516e-58,8.410311384421858e-58,8.629832334970571e-58,8.853606326010227e-58,9.081687425476958e-58,9.314130029975258e-58,9.550988864393176e-58,9.792318982364493e-58,1.0038175764855147e-57,1.0288614920445104e-57,1.0543692486126763e-57,1.0803464825410935e-57,1.1067988628995737e-57,1.1337320914226551e-57,1.1611519025335124e-57,1.1890640632634792e-57,1.2174743732872346e-57,1.2463886647896357e-57,1.2758128025799395e-57,1.3057526839945254e-57,1.3362142388702935e-57,1.3672034295472606e-57,1.398726250834848e-57,1.4307887299750147e-57,1.4633969266222828e-57,1.4965569328820386e-57,1.530274873157418e-57,1.5645569042676525e-57,1.5994092153317775e-57,1.634838027780362e-57,1.6708495953258133e-57,1.707450203907655e-57,1.7446461717594493e-57,1.782443849300349e-57,1.82084961913178e-57,1.859869896023582e-57,1.8995111269009228e-57,1.9397797907696095e-57,1.980682398790204e-57,2.022225494188356e-57,2.0644156521764346e-57,2.1072594800659913e-57,2.1507636171434617e-57,2.1949347346562525e-57,2.239779535883158e-57,2.2853047559736337e-57,2.3315171619979733e-57,2.378423552905617e-57,2.4260307595531589e-57,2.474345644628801e-57,2.523375102606659e-57,2.573126059843809e-57,2.623605474383144e-57,2.6748203360640595e-57,2.726777666409096e-57,2.779484518686125e-57,2.8329479779080045e-57,2.8871751606267423e-57,2.942173215157149e-57,2.997949321302913e-57,3.054510690595636e-57,3.1118645660020523e-57,3.1700182221712685e-57,3.228978965136572e-57,3.2887541325151554e-57,3.3493510934657673e-57,3.41077724846431e-57,3.4730400295652296e-57,3.53614690013551e-57,3.600105354961101e-57,3.6649229201513926e-57,3.730607153288845e-57,3.797165643114377e-57,3.864606009757008e-57,3.9329359046821974e-57,4.002163010462018e-57,4.0722950410389806e-57,4.1433397415008214e-57,4.215304888171989e-57,4.288198288423979e-57,4.362027780854396e-57,4.436801235222767e-57,4.512526552290864e-57,4.589211664059078e-57,4.666864533329517e-57,4.745493154229199e-57,4.825105551670245e-57,4.9057097815221416e-57,4.98731393089134e-57,5.069926117495553e-57,5.153554490297856e-57,5.238207228828292e-57,5.323892543748723e-57,5.410618676460855e-57,5.498393899241781e-57,5.587226515151977e-57,5.677124858048434e-57,5.768097292537945e-57,5.86015221399889e-57,5.953298048509685e-57,6.047543252774783e-57,6.142896314404114e-57,6.239365751362508e-57,6.336960112568716e-57,6.435687977189702e-57,6.535557955271528e-57,6.636578687334861e-57,6.738758844429059e-57,6.84210712814424e-57,6.946632270565675e-57,7.052343034256446e-57,7.159248212239785e-57,7.267356627968395e-57,7.376677135325991e-57,7.487218618467433e-57,7.598989992231649e-57,7.712000201395733e-57,7.826258221493082e-57,7.941773057895509e-57,8.058553746736377e-57,8.176609353965482e-57,8.295948975966878e-57,8.41658173966928e-57,8.53851680159523e-57,8.661763348829457e-57,8.786330598504148e-57,8.912227797902866e-57,9.039464224391749e-57,9.168049185467249e-57,9.29799201864253e-57,9.429302091393953e-57,9.561988801577672e-57,9.696061576548618e-57,9.831529874025523e-57,9.96840318155352e-57,1.0106691016725949e-56,1.0246402926704676e-56,1.0387548488928515e-56,1.0530137310541258e-56,1.0674179028486476e-56,1.0819683309819017e-56,1.0966659850971531e-56,1.1115118378604759e-56,1.1265068648838235e-56,1.1416520447646162e-56,1.1569483590682214e-56,1.1723967923223946e-56,1.1879983320456937e-56,1.2037539687105013e-56,1.2196646957672817e-56,1.2357315095845366e-56,1.2519554095371378e-56,1.2683373979381801e-56,1.2848784800577972e-56,1.3015796641073113e-56,1.3184419612863275e-56,1.3354663857090057e-56,1.3526539544416357e-56,1.3700056875061473e-56,1.3875226078539903e-56,1.4052057413875121e-56,1.4230561169268983e-56,1.4410747662610328e-56,1.459262724111888e-56,1.4776210280897092e-56,1.4961507187932015e-56,1.5148528396914708e-56,1.53372843723733e-56,1.5527785607345614e-56,1.5720042624929924e-56,1.5914065976894711e-56,1.6109866244265164e-56,1.6307454037262388e-56,1.6506839995249605e-56,1.6708034786649609e-56,1.6911049108895918e-56,1.7115893688737567e-56,1.7322579281821189e-56,1.7531116672879604e-56,1.7741516675685785e-56,1.7953790132679915e-56,1.8167947915655055e-56,1.8384000925090928e-56,1.8601960090888207e-56,1.8821836371056576e-56,1.904364075291464e-56,1.9267384252932467e-56,1.9493077915800568e-56,1.972073281567583e-56,1.995036005487334e-56,2.0181970765106711e-56,2.04155761064105e-56,2.0651187267688975e-56,2.0888815466530177e-56,2.112847194916149e-56,2.137016799069914e-56,2.1613914894819815e-56,2.185972399395103e-56,2.210760664871865e-56,2.2357574248752544e-56,2.2609638212132998e-56,2.2863809985317104e-56,2.3120101043812288e-56,2.3378522890951415e-56,2.363908705923313e-56,2.3901805108961074e-56,2.4166688629578735e-56,2.4433749238399966e-56,2.4702998581213816e-56,2.4974448332506325e-56,2.5248110194943973e-56,2.5523995899611595e-56,2.580211720565398e-56,2.6082485901119972e-56,2.636511380159395e-56,2.665001275171324e-56,2.693719462378359e-56,2.7226671318286134e-56,2.7518454764531603e-56,2.7812556919440976e-56,2.810898976830858e-56,2.8407765324351324e-56,2.8708895629481673e-56,2.9012392752982586e-56,2.931826879295949e-56,2.962653587485254e-56,2.993720615250163e-56,3.025029180819357e-56,3.0565805051405857e-56,3.0883758120205233e-56,3.1204163280420472e-56,3.152703282606908e-56,3.185237907843094e-56,3.2180214387288253e-56,3.2510551130422037e-56,3.284340171294802e-56,3.3178778567897726e-56,3.3516694156482657e-56,3.3857160967805202e-56,3.4200191518251834e-56,3.4545798351852563e-56,3.4893994041289254e-56,3.524479118628104e-56,3.5598202414222077e-56,3.595424038054388e-56,3.631291776844239e-56,3.6674247288225633e-56,3.703824167811847e-56,3.7404913703744053e-56,3.7774276158925266e-56,3.81463418639581e-56,3.8521123668071577e-56,3.8898634447236187e-56,3.927888710484873e-56,3.9661894571465603e-56,4.004766980629941e-56,4.0436225795119532e-56,4.082757555107675e-56,4.122173211541756e-56,4.16187085561252e-56,4.201851796879232e-56,4.242117347609615e-56,4.282668822850784e-56,4.323507540382458e-56,4.364634820620945e-56,4.406051986851251e-56,4.447760364984981e-56,4.48976128368494e-56,4.532056074339254e-56,4.574646071051086e-56,4.617532610636681e-56,4.660717032611691e-56,4.7042006792546825e-56,4.7479848955174075e-56,4.79207102910329e-56,4.836460430337208e-56,4.881154452362799e-56,4.926154450935361e-56,4.971461784558102e-56,5.017077814365763e-56,5.063003904350862e-56,5.10924142105153e-56,5.1557917336921515e-56,5.202656214329831e-56,5.249836237590586e-56,5.297333180840559e-56,5.345148424110259e-56,5.393283350126615e-56,5.4417393442961165e-56,5.490517794680812e-56,5.539620092075122e-56,5.5890476299138955e-56,5.638801804352535e-56,5.688884014123848e-56,5.739295660719434e-56,5.790038148303101e-56,5.841112883585814e-56,5.89252127611715e-56,5.94426473799744e-56,5.996344684049971e-56,6.048762531640858e-56,6.101519700939705e-56,6.1546176147296215e-56,6.208057698379701e-56,6.261841379990613e-56,6.315970090275594e-56,6.370445262646268e-56,6.42526833302348e-56,6.480440740156535e-56,6.535963925324525e-56,6.591839332470165e-56,6.648068408149984e-56,6.704652601636945e-56,6.761593364794813e-56,6.8188921520481415e-56,6.876550420527164e-56,6.934569630038228e-56,6.992951242895173e-56,7.0516967241144005e-56,7.11080754137041e-56,7.170285164921128e-56,7.230131067576403e-56,7.2903467248251075e-56,7.35093361483329e-56,7.411893218253829e-56,7.473227018479923e-56,7.534936501465353e-56,7.597023155693889e-56,7.659488472328113e-56,7.722333945191387e-56,7.78556107059594e-56,7.849171347570081e-56,7.913166277614168e-56,7.97754736490853e-56,8.0423161163227415e-56,8.10747404103964e-56,8.173022651129347e-56,8.238963461073206e-56,8.305297988053962e-56,8.37202775173889e-56,8.439154274474547e-56,8.506679081079506e-56,8.574603699085682e-56,8.642929658470216e-56,8.711658491926109e-56,8.780791734642391e-56,8.850330924315537e-56,8.920277601311791e-56,8.990633308583115e-56,9.061399591557861e-56,9.132577998274325e-56,9.204170079414355e-56,9.276177388155434e-56,9.348601480077023e-56,9.421443913689875e-56,9.494706249720104e-56,9.568390051555573e-56,9.642496885170161e-56,9.717028319133707e-56,9.791985924500323e-56,9.867371274828576e-56,9.94318594632155e-56,1.0019431517631598e-55,1.0096109569991957e-55,1.0173221687251313e-55,1.025076945567476e-55,1.0328754464182151e-55,1.0407178304169487e-55,1.0486042569424724e-55,1.0565348856610432e-55,1.0645098764526116e-55,1.0725293894814417e-55,1.0805935851525688e-55,1.0887026241229619e-55,1.0968566672884962e-55,1.1050558758233442e-55,1.1133004111411252e-55,1.121590434898567e-55,1.1299261090141772e-55,1.1383075956615443e-55,1.1467350572613934e-55,1.1552086564681533e-55,1.163728556216787e-55,1.1722949196792116e-55,1.1809079102698455e-55,1.1895676916617497e-55,1.1982744277842213e-55,1.207028282809319e-55,1.2158294211521912e-55,1.224678007484931e-55,1.2335742067352045e-55,1.2425181840664088e-55,1.2515101049057121e-55,1.2605501349138413e-55,1.269638440022069e-55,1.2787751863732487e-55,1.2879605403898567e-55,1.2971946687469487e-55,1.3064777383334313e-55,1.3158099163216684e-55,1.3251913701171515e-55,1.3346222673734475e-55,1.3441027759732198e-55,1.3536330640808116e-55,1.363213300090995e-55,1.372843652633079e-55,1.3825242905984992e-55,1.3922553831268509e-55,1.4020370995991782e-55,1.4118696096332165e-55,1.4217530831020619e-55,1.4316876901282512e-55,1.441673601069297e-55,1.451710986534213e-55,1.4618000173821052e-55,1.4719408647125925e-55,1.4821336998627222e-55,1.4923786944181778e-55,1.5026760202206457e-55,1.513025849348081e-55,1.5234283541102316e-55,1.5338837070825498e-55,1.5443920810743069e-55,1.5549536491189608e-55,1.5655685845205357e-55,1.5762370608366479e-55,1.5869592518294143e-55,1.5977353315265458e-55,1.6085654741961041e-55,1.6194498543614385e-55,1.6303886467518813e-55,1.641382026378766e-55,1.652430168479242e-55,1.6635332485229856e-55,1.674691442230604e-55,1.6859049255719988e-55,1.6971738747408e-55,1.7084984661912882e-55,1.719878876599039e-55,1.7313152828993304e-55,1.7428078622515613e-55,1.7543567920691864e-55,1.7659622499916917e-55,1.777624413907076e-55,1.7893434619516456e-55,1.801119572484076e-55,1.8129529241203184e-55,1.824843695707627e-55,1.8367920663115835e-55,1.848798215276923e-55,1.860862322167344e-55,1.8729845667749746e-55,1.885165129152142e-55,1.8974041895767913e-55,1.9097019285592992e-55,1.9220585268530445e-55,1.9344741654620387e-55,1.9469490256106918e-55,1.9594832887665988e-55,1.972077136646977e-55,1.9847307511922597e-55,1.997444314575822e-55,2.0102180092171366e-55,2.0230520177780203e-55,2.035946523141897e-55,2.0489017084438987e-55,2.0619177570385568e-55,2.0749948525355222e-55,2.0881331787714015e-55,2.101332919794421e-55,2.1145942599359227e-55,2.127917383736197e-55,2.1413024759618656e-55,2.1547497216255494e-55,2.1682593059858256e-55,2.1818314145254268e-55,2.1954662329398245e-55,2.2091639472011722e-55,2.2229247434916505e-55,2.2367488082231525e-55,2.250636328059493e-55,2.2645874898776784e-55,2.2786024808064468e-55,2.2926814881892907e-55,2.306824699625355e-55,2.3210323029236227e-55,2.33530448613531e-55,2.3496414375588994e-55,2.3640433457114566e-55,2.3785103993442638e-55,2.3930427874185927e-55,2.4076406991707902e-55,2.4223043240469934e-55,2.437033851705165e-55,2.4518294720763094e-55,2.4666913752898205e-55,2.4816197517401046e-55,2.496614792000461e-55,2.5116766869248174e-55,2.526805627579603e-55,2.5420018052503494e-55,2.55726541145977e-55,2.5725966379812223e-55,2.5879956767969247e-55,2.603462720102438e-55,2.61899796036614e-55,2.6346015902621133e-55,2.6502738026867964e-55,2.6660147907719333e-55,2.6818247479061673e-55,2.697703867658037e-55,2.713652343849171e-55,2.729670370539262e-55,2.7457581420092812e-55,2.761915852740951e-55,2.7781436974944084e-55,2.7944418712149318e-55,2.8108105691097362e-55,2.8272499865827858e-55,2.8437603192914446e-55,2.860341763097218e-55,2.8769945141005603e-55,2.8937187686368716e-55,2.9105147232629263e-55,2.9273825747476923e-55,2.9443225201072313e-55,2.9613347565647142e-55,2.9784194815906136e-55,2.995576892858382e-55,3.012807188278251e-55,3.0301105660002938e-55,3.047487224383064e-55,3.064937361995875e-55,3.0824611776715364e-55,3.1000588704489783e-55,3.1177306395790802e-55,3.1354766845599295e-55,3.1532972050932234e-55,3.1711924011293605e-55,3.189162472813303e-55,3.2072076205302482e-55,3.225328044903559e-55,3.2435239467504765e-55,3.2617955271285853e-55,3.280142987329603e-55,3.298566528856221e-55,3.317066353421233e-55,3.3356426629735976e-55,3.3542956596998e-55,3.373025545978261e-55,3.391832524438731e-55,3.4107167979072714e-55,3.429678569460149e-55,3.448718042365486e-55,3.467835420142732e-55,3.487030906505841e-55,3.5063047054035985e-55,3.525657021017946e-55,3.5450880577373535e-55,3.564598020165128e-55,3.584187113145362e-55,3.603855541717578e-55,3.6236035111705365e-55,3.643431226971895e-55,3.663338894864891e-55,3.683326720780339e-55,3.703394910876967e-55,3.72354367151493e-55,3.743773209288185e-55,3.7640837310294664e-55,3.784475443752037e-55,3.8049485547224754e-55,3.8255032714023015e-55,3.846139801491494e-55,3.8668583528864184e-55,3.887659133731952e-55,3.908542352371878e-55,3.929508217343624e-55,3.950556937457418e-55,3.971688721711473e-55,3.992903779311223e-55,4.014202319692348e-55,4.0355845525203424e-55,4.057050687670221e-55,4.078600935211778e-55,4.100235505453677e-55,4.12195460892473e-55,4.1437584563567514e-55,4.165647258699793e-55,4.187621227153499e-55,4.209680573079134e-55,4.231825508066784e-55,4.254056243959885e-55,4.2763729927971674e-55,4.2987759668295666e-55,4.321265378494128e-55,4.343841440511639e-55,4.3665043657563136e-55,4.389254367336591e-55,4.412091658578865e-55,4.43501645304139e-55,4.458028964476215e-55,4.4811294068432324e-55,4.504317994322348e-55,4.527594941316732e-55,4.5509604624647894e-55,4.574414772564604e-55,4.597958086656901e-55,4.621590620025843e-55,4.645312588106403e-55,4.669124206564107e-55,4.693025691305278e-55,4.717017258455458e-55,4.74109912432924e-55,4.7652715054581026e-55,4.789534618571605e-55,4.813888680638054e-55,4.838333908797886e-55,4.862870520461497e-55,4.887498733204874e-55,4.912218764844155e-55,4.9370308333974916e-55,4.9619351570734564e-55,4.986931954327351e-55,5.012021443790654e-55,5.037203844322127e-55,5.062479375006715e-55,5.087848255115952e-55,5.113310704166074e-55,5.1388669418307014e-55,5.164517188036014e-55,5.190261662872457e-55,5.216100586701745e-55,5.2420341800510844e-55,5.2680626636871704e-55,5.294186258569397e-55,5.320405185852756e-55,5.3467196669299895e-55,5.3731299233588964e-55,5.39963617696984e-55,5.42623864974801e-55,5.452937563922686e-55,5.479733141918951e-55,5.506625606365501e-55,5.533615180085886e-55,5.560702086109357e-55,5.587886547723851e-55,5.6151687883724206e-55,5.64254903174216e-55,5.6700275017112715e-55,5.697604422360939e-55,5.725280017965991e-55,5.753054513008921e-55,5.780928132224958e-55,5.8089011005259564e-55,5.8369736430282134e-55,5.865145985044695e-55,5.893418352115907e-55,5.921790969979873e-55,5.9502640645455274e-55,5.978837861981135e-55,6.007512588648489e-55,6.036288471092842e-55,6.065165736098644e-55,6.0941446106505984e-55,6.123225321884635e-55,6.152408097148087e-55,6.181693164078972e-55,6.211080750461848e-55,6.240571084289644e-55,6.2701643937607824e-55,6.299860907256673e-55,6.329660853400489e-55,6.359564460968556e-55,6.389571959002307e-55,6.4196835767267635e-55,6.449899543539002e-55,6.4802200890768556e-55,6.510645443168131e-55,6.541175835828469e-55,6.571811497263992e-55,6.602552657949619e-55,6.63339954851961e-55,6.664352399815356e-55,6.695411442857964e-55,6.726576908911641e-55,6.757849029419503e-55,6.789228035979141e-55,6.820714160485903e-55,6.852307634995794e-55,6.884008691760675e-55,6.915817563230017e-55,6.947734482045025e-55,6.979759681073919e-55,7.011893393325597e-55,7.044135852105519e-55,7.076487290869285e-55,7.108947943274681e-55,7.141518043183187e-55,7.174197824633507e-55,7.206987521904456e-55,7.239887369411617e-55,7.272897601833965e-55,7.306018454045023e-55,7.339250161104968e-55,7.372592958261795e-55,7.406047080974556e-55,7.439612764879134e-55,7.473290245827692e-55,7.507079759871403e-55,7.540981543279331e-55,7.574995832476387e-55,7.609122864132337e-55,7.643362875091338e-55,7.677716102392121e-55,7.712182783239485e-55,7.74676315509328e-55,7.781457455604272e-55,7.81626592258947e-55,7.851188794093431e-55,7.886226308345567e-55,7.921378703771946e-55,7.956646218955783e-55,7.992029092729284e-55,8.0275275641328e-55,8.063141872356635e-55,8.098872256838935e-55,8.134718957152787e-55,8.170682213075122e-55,8.206762264637777e-55,8.242959352019428e-55,8.279273715639093e-55,8.315705596042487e-55,8.35225523400508e-55,8.388922870540188e-55,8.425708746756092e-55,8.462613104034163e-55,8.49963618395395e-55,8.536778228246466e-55,8.574039478879247e-55,8.611420177988563e-55,8.648920567914148e-55,8.68654089113945e-55,8.724281390416364e-55,8.762142308678123e-55,8.800123889008363e-55,8.838226374759751e-55,8.876450009405937e-55,8.914795036619112e-55,8.953261700267912e-55,8.991850244458867e-55,9.030560913445237e-55,9.069393951712232e-55,9.108349603912551e-55,9.147428114874669e-55,9.186629729659265e-55,9.225954693455326e-55,9.265403251725793e-55,9.304975650092358e-55,9.344672134338776e-55,9.384492950481537e-55,9.424438344696161e-55,9.464508563381877e-55,9.504703853070602e-55,9.545024460587525e-55,9.585470632850478e-55,9.626042617022887e-55,9.666740660437295e-55,9.707565010592286e-55,9.748515915233408e-55,9.78959362223379e-55,9.830798379728691e-55,9.872130436010424e-55,9.913590039556449e-55,9.955177439034352e-55,9.99689288325894e-55,1.0038736621353146e-54,1.0080708902476903e-54,1.0122809976054955e-54,1.0165040091747735e-54,1.0207399499343091e-54,1.0249888448844664e-54,1.0292507190391175e-54,1.0335255974388135e-54,1.0378135051354681e-54,1.042114467207879e-54,1.0464285087485722e-54,1.0507556548708544e-54,1.0550959307053698e-54,1.0594493614016499e-54,1.0638159721280146e-54,1.0681957880640365e-54,1.0725888344232525e-54,1.0769951364301722e-54,1.0814147193288654e-54,1.085847608380673e-54,1.0902938288633594e-54,1.0947534060837077e-54,1.0992263653517043e-54,1.1037127320040325e-54,1.1082125314042084e-54,1.1127257889182238e-54,1.1172525299425975e-54,1.1217927798886513e-54,1.1263465641854534e-54,1.1309139082775124e-54,1.1354948376317615e-54,1.1400893777418739e-54,1.1446975541072565e-54,1.149319392246203e-54,1.1539549177086089e-54,1.1586041560445263e-54,1.1632671328322371e-54,1.1679438736720374e-54,1.172634404178473e-54,1.1773387499810253e-54,1.1820569367345911e-54,1.1867889901101347e-54,1.1915349357903971e-54,1.196294799487488e-54,1.2010686069264154e-54,1.2058563838501669e-54,1.2106581560163601e-54,1.2154739492138757e-54,1.2203037892367579e-54,1.2251477018928298e-54,1.230005713025913e-54,1.2348778484890684e-54,1.2397641341545044e-54,1.2446645959114869e-54,1.2495792596675902e-54,1.2545081513500203e-54,1.2594512968981738e-54,1.2644087222745046e-54,1.2693804534644862e-54,1.274366516467122e-54,1.2793669372997886e-54,1.284381741997235e-54,1.2894109566131966e-54,1.2944546072143723e-54,1.2995127198906203e-54,1.3045853207539747e-54,1.3096724359312052e-54,1.314774091565588e-54,1.3198903138181654e-54,1.3250211288701885e-54,1.3301665629142092e-54,1.3353266421713834e-54,1.3405013928751786e-54,1.3456908412735155e-54,1.35089501364043e-54,1.3561139362639268e-54,1.3613476354459758e-54,6.41876410747235e-25,2.0945795979065125e-24,4.450354729797542e-24,7.843920404684476e-24,1.2434657171521775e-23,1.840773750822718e-23,2.5978331405487522e-23,3.5396856845355745e-23,4.6955289456942e-23,6.099476343487258e-23,7.791476464841635e-23,9.818429229728803e-23,1.223554634833117e-22,1.5108016304655593e-22,1.8513050833988632e-22,2.2542411829888505e-22,2.7305546619920074e-22,3.2933498088011455e-22,3.958380768945295e-22,4.744669890902639e-22,5.675292315039562e-22,6.77837793813075e-22,8.088399758121129e-22,9.647842525432349e-22,1.1509380720356877e-21,1.3738744805402196e-21,1.6418526523805322e-21,1.9653278544865337e-21,2.357641779911698e-21,2.8359671896705037e-21,3.422615652880987e-21,4.146870785325306e-21,5.047593224622915e-21,6.176977039616135e-21,7.606053841094791e-21,9.432899686076181e-21,1.1795107986648967e-20,1.4889147953269317e-20,1.9001113021701172e-20,2.4556827882190646e-20,3.2205858844105466e-20,4.2966908630456065e-20,5.848854251097551e-20,8.153572242600603e-20,1.169391935308401e-19,1.7354289334752725e-19,2.597061216069445e-19,2.597061216074036e-19,2.5970612160791164e-19,2.597061216084802e-19,2.5970612160912695e-19,2.597061216098765e-19,2.5970612161076803e-19,2.597061216148e-19,2.5970612163155724e-19,4.2250830334967645e-19,7.29052691734649e-19,1.3488720498726762e-18,2.6914404375965264e-18,5.717049796112367e-18,1.2295850653289092e-17,2.4829230978837446e-17,4.497038982552026e-17,7.537566997318446e-17,7.537566998576907e-17,1.6555420973237522e-16,6.72622958795055e-16,3.2804032671841508e-15,1.4119125626629559e-14,5.199336449552853e-14,1.66131358361193e-13,4.649432211261964e-13,1.1463127235018811e-12,2.5064883458429194e-12,4.9047534491568595e-12,8.683185773345452e-12,1.4070078974043192e-11,2.110759426515602e-11,2.9630366375861555e-11,3.929444006894636e-11,4.963623248619111e-11,6.014135250625362e-11,7.031183533018614e-11,7.972261925539817e-11,8.805824416065553e-11,9.512588855342663e-11,1.0084792245768085e-10,1.0524132779562344e-10,1.0839173144370025e-10,1.1042792433607457e-10,1.1150027268884231e-10,1.1176434317357539e-10,1.1136968748972077e-10,1.1045301333780414e-10,1.0913472023652838e-10,1.075178067949087e-10,1.0568831452042797e-10,1.0371666953152938e-10,1.0165946817690221e-10,9.95614047232239e-11,9.745715451087802e-11,9.537310785261697e-11,9.332890503642408e-11,9.133875777128695e-11,8.941256324271893e-11,8.755682818919593e-11,8.577542543066549e-11,8.40702065462097e-11,8.244149344090155e-11,8.088846946990354e-11,7.940948823896544e-11,7.800231557157561e-11,7.666431764861469e-11,7.539260608139517e-11,7.41841487381754e-11,7.303585348268794e-11,7.194463059732267e-11,7.090743852192645e-11,6.992131660105559e-11,6.898340777399255e-11,6.809097353245542e-11,6.724140297578325e-11,6.643221740395444e-11,6.566107157717564e-11,6.492575251876135e-11,6.422417654718171e-11,6.355438506339516e-11,6.291453950101313e-11,6.230291574834437e-11,6.171789827779715e-11,6.11579741584985e-11,6.062172708209871e-11,6.01078314970019e-11,5.961504691738039e-11,5.914221245306435e-11,5.868824159045812e-11,5.825211724088021e-11,5.783288706569561e-11,5.742965907780337e-11,5.7041597518270616e-11,5.6667918996546544e-11,5.630788888952263e-11,5.5960818259708004e-11,5.5626059670826784e-11,5.530300577888921e-11,5.499108573721094e-11,5.4689762854363653e-11,5.439853228431164e-11,5.411691887053967e-11,5.384447514515004e-11,5.3580779473075664e-11,5.332543433116709e-11,5.307806471152599e-11,5.2838316641278535e-11,5.2605855808872654e-11,5.238036628968391e-11,5.216154936293188e-11,5.1949122413144594e-11,5.174281791022258e-11,5.154238246126544e-11,5.134757592965053e-11,5.115817061560722e-11,5.097395049386367e-11,5.079471050438133e-11,5.062025589040901e-11,5.0450401585157856e-11,5.028497163598642e-11,5.012379867021955e-11,4.996672339550474e-11,4.9813594133706225e-11,4.9664266385771104e-11,4.9518602424412014e-11,4.937647091384366e-11,4.923774655407315e-11,4.910230974731955e-11,4.8970046286309305e-11,4.884084706183372e-11,4.871460778877649e-11,4.8591228748955636e-11,4.8470614549909064e-11,4.835267389841935e-11,4.8237319387700377e-11,4.812446729753269e-11,4.8014037405954746e-11,4.790595281250772e-11,4.780013977164697e-11,4.7696527535860156e-11,4.7595048207909e-11,4.7495636601486565e-11,4.739823010986173e-11,4.7302768581862194e-11,4.720919420489954e-11,4.7117451394369314e-11,4.7027486689237196e-11,4.693924865335238e-11,4.6852687781939783e-11,4.676775641348078e-11,4.668440864593971e-11,4.6602600257624117e-11,4.6522288632176616e-11,4.644343268747616e-11,4.636599280823288e-11,4.628993078201857e-11,4.6215209738639474e-11,4.614179409251042e-11,4.606964948795423e-11,4.599874274724038e-11,4.592904182123093e-11,4.586051574225989e-11,4.579313457967424e-11,4.572686939725081e-11,4.5661692212703744e-11,4.559757595919839e-11,4.5534494448658576e-11,4.54724223367998e-11,4.541133508982171e-11,4.53512089525694e-11,4.529202091835189e-11,4.5233748699828474e-11,4.517637070162542e-11,4.5119865993784224e-11,4.50642142866926e-11,4.5009395906865475e-11,4.4955391774477964e-11,4.490218338058157e-11,4.484975276680209e-11,4.479808250479449e-11,4.474715567715479e-11,4.469695585910106e-11,4.46474671005987e-11,4.4598673909648215e-11,4.4550561236362225e-11,4.4503114456930553e-11,4.445631935885793e-11,4.4410162127149714e-11,4.436462933021032e-11,4.4319707907062686e-11,4.4275385154412163e-11,4.4231648714830473e-11,4.418848656501375e-11,4.414588700489935e-11,4.410383864662088e-11,4.40623304044593e-11,4.40213514849136e-11,4.398089137721156e-11,4.394093984416355e-11,4.39014869133252e-11,4.386252286882802e-11,4.382403824288696e-11,4.378602380812033e-11,4.374847057005671e-11,4.3711369759882257e-11,4.367471282745327e-11,4.363849143452902e-11,4.36026974483108e-11,4.3567322935158634e-11,4.353236015469758e-11,4.349780155389823e-11,4.346363976145339e-11,4.3429867582450155e-11,4.33964779931329e-11,4.3363464135883404e-11,4.333081931435764e-11,4.329853698880483e-11,4.3266610771546555e-11,4.323503442261073e-11,4.3203801845530464e-11,4.3172907083191566e-11,4.314234431397364e-11,4.3112107847940347e-11,4.308219212312143e-11,4.305259170196949e-11,4.302330126793619e-11,4.29943156221265e-11,4.2965629679995705e-11,4.293723846856398e-11,4.2909137122911526e-11,4.2881320883684723e-11,4.2853785093959265e-11,4.282652519677441e-11,4.2799536732289096e-11,4.277281533531233e-11,4.274635673280688e-11,4.2720156741485007e-11,4.269421126545951e-11,4.266851629397563e-11,4.264306789928511e-11,4.261786223449063e-11,4.259289553135371e-11,4.256816409855345e-11,4.2543664319579166e-11,4.2519392650881376e-11,4.249534562008396e-11,4.247151982413462e-11,4.244791192776865e-11,4.242451866161113e-11,4.2401336820736397e-11,4.2378363262908874e-11,4.2355594907430166e-11,4.2333028733312364e-11,4.2310661777829377e-11,4.228849113530097e-11,4.226651395580413e-11,4.224472744361177e-11,4.22231288559185e-11,4.220171550190089e-11,4.218048474121235e-11,4.2159433982882424e-11,4.213856068426159e-11,4.211786234983667e-11,4.2097336530125814e-11,4.207698082059626e-11,4.205679286076713e-11,4.2036770333138966e-11,4.2016910962239646e-11,4.1997212513663783e-11,4.197767279315577e-11,4.195828964573337e-11,4.193906095481388e-11,4.191998464133806e-11,4.190105866296928e-11,4.1882281013374095e-11,4.186364972125388e-11,4.184516284975986e-11,4.1826818495633334e-11,4.180861478856704e-11,4.179054989039617e-11,4.177262199454275e-11,4.175482932525751e-11,4.173717013700201e-11,4.1719642713787585e-11,4.1702245368581825e-11,4.1684976442671775e-11,4.1667834305127993e-11,4.165081735217305e-11,4.1633924006652587e-11,4.161715271750466e-11,4.160050195917779e-11,4.158397023111575e-11,4.15675560573499e-11,4.155125798581674e-11,4.153507458812628e-11,4.151900445872306e-11,4.150304621484027e-11,4.1487198495796435e-11,4.1471459962636196e-11,4.145582929766647e-11,4.1440305204057757e-11,4.142488640543031e-11,4.1409571645460096e-11,4.139435968748323e-11,4.1379249314129925e-11,4.136423932699657e-11,4.134932854604229e-11,4.133451580962207e-11,4.1319799973806706e-11,4.130517991224707e-11,4.129065451574416e-11,4.1276222691938704e-11,4.126188336500946e-11,4.1247635475330245e-11,4.123347797930807e-11,4.1219409848862996e-11,4.1205430071271585e-11,4.119153764887928e-11,4.117773159880856e-11,4.116401095268112e-11,4.115037475637947e-11,4.113682206971723e-11,4.112335196627495e-11,4.110996353312944e-11,4.109665587055962e-11,4.108342809186621e-11,4.1070279323110563e-11,4.10572087028893e-11,4.104421538213584e-11,4.103129852385149e-11,4.101845730295546e-11,4.1005690906004064e-11,4.099299853111015e-11,4.0980379387572234e-11,4.0967832695820173e-11,4.095535768712571e-11,4.094295360348509e-11,4.093061969744818e-11,4.091835523183632e-11,4.090615947968907e-11,4.0894031723896535e-11,4.088197125732249e-11,4.086997738239652e-11,4.085804941104324e-11,4.0846186664537054e-11,4.083438847330296e-11,4.082265417678667e-11,4.0810983123307075e-11,4.079937466990603e-11,4.0787828182127046e-11,4.077634303412103e-11,4.076491860812466e-11,4.075355429467014e-11,4.074224949232574e-11,4.073100360747704e-11,4.071981605431554e-11,4.0708686254683073e-11,4.0697613637907676e-11,4.0686597640709265e-11,4.0675637707201493e-11,4.066473328853619e-11,4.0653883842948894e-11,4.064308883561098e-11,4.063234773855894e-11,4.0621660030506046e-11,4.0611025196786125e-11,4.060044272926184e-11,4.0589912126197395e-11,4.057943289216185e-11,4.056900453793959e-11,4.055862658040804e-11,4.0548298542523573e-11,4.0538019953146756e-11,4.05277903469342e-11,4.051760926433281e-11,4.0507476251425717e-11,4.049739085989284e-11,4.048735264688675e-11,4.047736117497956e-11,4.0467416012059096e-11,4.045751673126227e-11,4.044766291089479e-11,4.0437854134342016e-11,4.04280899900179e-11,4.04183700712608e-11,4.040869397629298e-11,4.0399061308113726e-11,4.0389471674454457e-11,4.037992468769987e-11,4.0370419964820204e-11,4.0360957127310586e-11,4.0351535801103824e-11,4.0342155616534626e-11,4.0332816208239373e-11,4.03235172151886e-11,4.031425828047007e-11,4.0305039051365764e-11,4.029585917918997e-11,4.0286718319331514e-11,4.0277616131129875e-11,4.026855227782563e-11,4.0259526426498753e-11,4.0250538248062e-11,4.0241587417159836e-11,4.023267361213492e-11,4.022379651497279e-11,4.021495581131382e-11,4.0206151190145833e-11,4.019738234412686e-11,4.018864896932008e-11,4.017995076517434e-11,4.0171287434491534e-11,4.016265868337095e-11,4.015406422117422e-11,4.0145503760476296e-11,4.013697701701841e-11,4.012848370968194e-11,4.012002356041029e-11,4.0111596294212875e-11,4.010320163905429e-11,4.0094839325957896e-11,4.008650908875152e-11,4.0078210664253994e-11,4.0069943792051114e-11,4.0061708214570876e-11,4.005350367697842e-11,4.0045329927185984e-11,4.003718671583631e-11,4.002907379619251e-11,4.0020990924154787e-11,4.001293785826265e-11,4.000491435946924e-11,3.999692019140378e-11,3.9988955120165956e-11,3.9981018914188846e-11,3.9973111344469076e-11,3.9965232184356347e-11,3.995738120956286e-11,3.994955819813339e-11,3.99417629304116e-11,3.993399518903582e-11,3.9926254758858616e-11,3.991854142699106e-11,3.991085498270447e-11,3.990319521743441e-11,3.98955619247468e-11,3.98879549003401e-11,3.988037394197045e-11,3.9872818849453205e-11,3.986528942463376e-11,3.9857785471366616e-11,3.9850306795482016e-11,3.984285320475822e-11,3.983542450889651e-11,3.9828020519534566e-11,3.982064105017399e-11,3.981328591617374e-11,3.980595493472834e-11,3.979864792486289e-11,3.979136470736754e-11,3.978410510482715e-11,3.9776868941565453e-11,3.9769656043625865e-11,3.9762466238774856e-11,3.9755299356459966e-11,3.974815522778651e-11,3.9741033685512845e-11,3.9733934564013376e-11,3.972685769933574e-11,3.971980292895804e-11,3.9712770092059736e-11,3.9705759029341485e-11,3.9698769583053806e-11,3.9691801596891016e-11,3.968485491610431e-11,3.9677929387413386e-11,3.967102485895884e-11,3.966414118041432e-11,3.9657278202793913e-11,3.9650435778550987e-11,3.964361376153095e-11,3.9636812006955884e-11,3.9630030371417874e-11,3.96232687128389e-11,3.961652689047963e-11,3.96098047649186e-11,3.960310219803276e-11,3.9596419052981505e-11,3.9589755194189195e-11,3.9583110487343274e-11,3.9576484799374465e-11,3.956987799843351e-11,3.956328995389042e-11,3.955672053630697e-11,3.9550169617452926e-11,3.9543637070218476e-11,3.9537122768718007e-11,3.953062658816813e-11,3.9524148404939884e-11,3.951768809651448e-11,3.951124554148892e-11,3.9504820619552466e-11,3.949841321148367e-11,3.949202319912705e-11,3.9485650465378695e-11,3.9479294894196144e-11,3.947295637059463e-11,3.946663478057711e-11,3.946033001117427e-11,3.945404195042091e-11,3.944777048734164e-11,3.9441515511946886e-11,3.943527691520628e-11,3.942905458907094e-11,3.942284842642524e-11,3.941665832109991e-11,3.941048416785377e-11,3.940432586236128e-11,3.939818330121632e-11,3.939205638189673e-11,3.938594500277801e-11,3.9379849063136144e-11,3.9373768463089104e-11,3.936770310362591e-11,3.936165288659401e-11,3.935561771468058e-11,3.934959749142154e-11,3.934359212111081e-11,3.933760150900156e-11,3.933162556099943e-11,3.932566418393176e-11,3.9319717285342774e-11,3.9313784773586234e-11,3.930786655780977e-11,3.930196254788544e-11,3.9296072654463e-11,3.929019678896636e-11,3.9284334863538496e-11,3.927848679107673e-11,3.927265248518364e-11,3.9266831860208206e-11,3.926102483119948e-11,3.925523131390044e-11,3.9249451224764185e-11,3.924368448096896e-11,3.9237931000348514e-11,3.9232190701392653e-11,3.922646350329413e-11,3.922074932590131e-11,3.921504808972695e-11,3.920935971591677e-11,3.920368412629132e-11,3.9198021243272234e-11,3.919237098993317e-11,3.9186733289972374e-11,3.918110806771768e-11,3.917549524807655e-11,3.916989475660336e-11,3.916430651943492e-11,3.915873046329398e-11,3.915316651550121e-11,3.914761460396299e-11,3.9142074657170894e-11,3.9136546604157555e-11,3.9131030374577514e-11,3.9125525898593105e-11,3.912003310693988e-11,3.9114551930902035e-11,3.910908230230911e-11,3.9103624153531556e-11,3.909817741747413e-11,3.909274202756633e-11,3.908731791776388e-11,3.9081905022540016e-11,3.9076503276885624e-11,3.907111261629188e-11,3.906573297674847e-11,3.906036429476457e-11,3.90550065073355e-11,3.9049659551949286e-11,3.904432336656314e-11,3.903899788962294e-11,3.9033683060053164e-11,3.902837881724333e-11,3.9023085101054454e-11,3.901780185180274e-11,3.9012529010268965e-11,3.9007266517699854e-11,3.9002014315761905e-11,3.8996772346598634e-11,3.899154055274064e-11,3.8986318877245454e-11,3.8981107263499454e-11,3.8975905655428597e-11,3.897071399727592e-11,3.8965532233793186e-11,3.896036031003775e-11,3.89551981716015e-11,3.8950045764413216e-11,3.89449030348483e-11,3.893976992965696e-11,3.89346463959762e-11,3.8929532381379095e-11,3.892442783379535e-11,3.891933270154787e-11,3.891424693334607e-11,3.8909170478285204e-11,3.890410328583182e-11,3.889904530584405e-11,3.889399648848681e-11,3.888895678435414e-11,3.8883926144386144e-11,3.8878904519883693e-11,3.887389186250395e-11,3.8868888124249464e-11,3.886389325752326e-11,3.8858907214949284e-11,3.885392994960821e-11,3.884896141490915e-11,3.884400156456908e-11,3.883905035265758e-11,3.883410773356732e-11,3.882917366205743e-11,3.882424809309357e-11,3.88193309820775e-11,3.881442228473906e-11,3.880952195706249e-11,3.880462995536534e-11,3.8799746236317875e-11,3.8794870756840026e-11,3.879000347419227e-11,3.878514434593109e-11,3.878029332992004e-11,3.877545038429855e-11,3.877061546752583e-11,3.8765788538349206e-11,3.8760969555805925e-11,3.875615847922501e-11,3.87513552681983e-11,3.874655988263516e-11,3.874177228269531e-11,3.8736992428825457e-11,3.8732220281785803e-11,3.8727455802558124e-11,3.872269895242882e-11,3.871794969291645e-11,3.871320798583643e-11,3.870847379327939e-11,3.870374707756398e-11,3.869902780129952e-11,3.869431592730616e-11,3.8689611418730684e-11,3.868491423893172e-11,3.868022435151793e-11,3.867554172034177e-11,3.867086630950472e-11,3.866619808338911e-11,3.8661537006585916e-11,3.8656883043940295e-11,3.865223616050794e-11,3.8647596321594457e-11,3.86429634927519e-11,3.863833763979137e-11,3.863371872872021e-11,3.8629106725767036e-11,3.862450159740385e-11,3.861990331031686e-11,3.8615311831465427e-11,3.8610727127937566e-11,3.860614916711254e-11,3.8601577916571114e-11,3.859701334409825e-11,3.859245541770369e-11,3.858790410561554e-11,3.858335937623655e-11,3.85788211982604e-11,3.857428954050903e-11,3.856976437202735e-11,3.856524566208319e-11,3.8560733380123784e-11,3.8556227495820906e-11,3.8551727979044175e-11,3.8547234799839396e-11,3.854274792846574e-11,3.853826733536706e-11,3.85337929912032e-11,3.8529324866779783e-11,3.852486293312152e-11,3.852040716147059e-11,3.8515957523166934e-11,3.851151398985687e-11,3.8507076533268364e-11,3.850264512534689e-11,3.8498219738249826e-11,3.849380034426878e-11,3.848938691589529e-11,3.848497942578913e-11,3.8480577846769435e-11,3.847618215187642e-11,3.847179231430867e-11,3.8467408307403884e-11,3.846303010468794e-11,3.845865767985562e-11,3.845429100676719e-11,3.844993005945595e-11,3.8445574812105664e-11,3.8441225239071975e-11,3.843688131487148e-11,3.843254301419322e-11,3.8428210311867296e-11,3.8423883182881756e-11,3.841956160237244e-11,3.841524554569194e-11,3.841093498829956e-11,3.8406629905771836e-11,3.840233027390582e-11,3.8398036068603906e-11,3.839374726594442e-11,3.8389463842147014e-11,3.8385185773579013e-11,3.8380913036726585e-11,3.8376645608276805e-11,3.837238346507911e-11,3.836812658396298e-11,3.836387494207677e-11,3.8359628516639565e-11,3.835538728502681e-11,3.8351151224732217e-11,3.834692031339432e-11,3.8342694528819523e-11,3.8338473848903594e-11,3.8334258251711565e-11,3.833004771541862e-11,3.832584221834555e-11,3.8321641738939745e-11,3.831744625578215e-11,3.8313255747582166e-11,3.830907019317642e-11,3.830488957152978e-11,3.830071386173524e-11,3.8296543043012934e-11,3.8292377094708555e-11,3.828821599628333e-11,3.828405972732945e-11,3.8279908267561645e-11,3.8275761596815987e-11,3.827161969503678e-11,3.826748254230556e-11,3.826335011884891e-11,3.8259222404912563e-11,3.825509938095216e-11,3.825098102750146e-11,3.8246867325207936e-11,3.824275825489429e-11,3.8238653797414776e-11,3.823455393377798e-11,3.8230458645082836e-11,3.82263679125589e-11,3.8222281717535014e-11,3.821820004145285e-11,3.821412286587404e-11,3.821005017243668e-11,3.82059819428919e-11,3.82019181591529e-11,3.8197858803165006e-11,3.8193803857019206e-11,3.8189753302915814e-11,3.8185707123138355e-11,3.818166530006609e-11,3.8177627816199355e-11,3.817359465413164e-11,3.816956579655665e-11,3.8165541226270165e-11,3.816152092616306e-11,3.8157504879230275e-11,3.8153493068558563e-11,3.814948547733038e-11,3.81454820888387e-11,3.814148288645672e-11,3.8137487853654826e-11,3.813349697396982e-11,3.8129510231116625e-11,3.812552760882458e-11,3.8121549090937725e-11,3.811757466137155e-11,3.8113604304187164e-11,3.8109638003492294e-11,3.81056757434861e-11,3.810171750847421e-11,3.8097763282832274e-11,3.8093813051029313e-11,3.808986679764241e-11,3.808592450730833e-11,3.808198616476593e-11,3.807805175481462e-11,3.80741327224185e-11,3.807020613304947e-11,3.8066283425058904e-11,3.806236458588842e-11,3.805844960332389e-11,3.8054538463615336e-11,3.8050631152479136e-11,3.804672765547229e-11,3.804282795818208e-11,3.803893204626366e-11,3.8035039905462347e-11,3.8031151521557334e-11,3.802726688042121e-11,3.802338596800872e-11,3.801950877034697e-11,3.801563527354207e-11,3.8011765463772786e-11,3.800789932729803e-11,3.8004036850495003e-11,3.800017801966884e-11,3.799632282136405e-11,3.799247124212345e-11,3.7988623268576216e-11,3.798477888741711e-11,3.7980938085419394e-11,3.797710084942298e-11,3.7973267166340074e-11,3.7969437023155736e-11,3.7965610406922725e-11,3.796178730476588e-11,3.7957967703873794e-11,3.795415159151645e-11,3.79503389549943e-11,3.794652978173838e-11,3.7942724059200866e-11,3.793892177490853e-11,3.7935122916460176e-11,3.793132747151989e-11,3.7927535427814476e-11,3.7923746773112974e-11,3.7919961495322905e-11,3.791617958235479e-11,3.791240102217241e-11,3.790862580283924e-11,3.790485391245927e-11,3.7901085339213546e-11,3.7897320071341217e-11,3.789355809713626e-11,3.7889799404961324e-11,3.7886043983213716e-11,3.788229182042384e-11,3.787854290510829e-11,3.7874797225876443e-11,3.787105477137552e-11,3.786731553033608e-11,3.786357949153141e-11,3.785984664380812e-11,3.785611697604756e-11,3.785239047720676e-11,3.784866713627922e-11,3.784494694238834e-11,3.7841229884590935e-11,3.783751595209447e-11,3.783380513412532e-11,3.783009741998405e-11,3.782639279899395e-11,3.782269126057847e-11,3.781899279417664e-11,3.781529738930414e-11,3.7811605035523975e-11,3.780791572243505e-11,3.780422943973277e-11,3.780054617710071e-11,3.779686592432095e-11,3.7793188671244115e-11,3.778951440770094e-11,3.778584312364188e-11,3.7782174809028986e-11,3.7778509453912857e-11,3.7774847048359566e-11,3.7771187582478696e-11,3.7767531046490606e-11,3.7763877430583184e-11,3.776022672505396e-11,3.7756578920215305e-11,3.775293400644745e-11,3.774929197420651e-11,3.7745652813890175e-11,3.774201651605147e-11,3.773838307126616e-11,3.773475247013238e-11,3.773112470329135e-11,3.772749976146691e-11,3.7723877635403384e-11,3.772025831591558e-11,3.7716641793801755e-11,3.771302805999654e-11,3.770941710540614e-11,3.770580892100598e-11,3.770220349781548e-11,3.769860082690114e-11,3.76950008993685e-11,3.7691403706371715e-11,3.7687809239104275e-11,3.768421748880277e-11,3.768062844675434e-11,3.7677042104273417e-11,3.76734584527296e-11,3.7669877483532024e-11,3.7666299188122734e-11,3.7662723557999915e-11,3.765915058468147e-11,3.765558025976499e-11,3.765201257484732e-11,3.76484475215863e-11,3.764488509167887e-11,3.764132527685349e-11,3.7637768068885136e-11,3.7634213459594866e-11,3.7630661440825775e-11,3.762711200447293e-11,3.762356514247188e-11,3.762002084678574e-11,3.761647910944417e-11,3.7612939922454594e-11,3.7609403277921e-11,3.760586916795976e-11,3.760233758473694e-11,3.7598808520446494e-11,3.759528196731938e-11,3.7591757917627335e-11,3.758823636369695e-11,3.7584717297826325e-11,3.75812007124212e-11,3.7577686599897485e-11,3.757417495269871e-11,3.757066576331433e-11,3.756715902426791e-11,3.7563654728108195e-11,3.7560152867432916e-11,3.7556653434855644e-11,3.755315642305847e-11,3.754966182474212e-11,3.754616963260196e-11,3.754267983941567e-11,3.753919243797422e-11,3.753570742112745e-11,3.753222478172108e-11,3.7528744512657596e-11,3.752526660686115e-11,3.752179105728447e-11,3.7518317856943554e-11,3.751484699886074e-11,3.7511378476087713e-11,3.750791228171018e-11,3.750444840885981e-11,3.750098685072767e-11,3.7497527600415775e-11,1.250252752295626e-11,1.1942148405070007e-11,1.3240079255953783e-11,1.464186942882225e-11,1.6015465388124888e-11,1.7349062032353006e-11,1.8640116313018423e-11,1.9887157623848405e-11,2.108916642299966e-11,2.224550574999174e-11,2.33558900643152e-11,2.4420354478447543e-11,2.5439222614680348e-11,2.641307379894854e-11,2.734271037266096e-11,2.8229125783286953e-11,2.9073473988984903e-11,2.987704058432125e-11,3.0641215944916655e-11,3.136747058067216e-11,3.205733280551176e-11,3.271236875355199e-11,3.3334164714429054e-11,3.3924311711102375e-11,3.44843922103256e-11,3.5015968828920494e-11,3.552057488668753e-11,3.599970663936008e-11,3.6454817034215495e-11,3.688731082155197e-11,3.729854086659075e-11,3.7689805511455717e-11,3.806234684863128e-11,3.841734977644675e-11,3.8755941716392856e-11,3.907919288812462e-11,3.938811704509141e-11,3.9683672586894305e-11,3.996676397175063e-11,4.0238243365325806e-11,4.049891246880115e-11,4.074952447714357e-11,4.099078612627253e-11,4.122335979391382e-11,4.144786562478507e-11,4.1664883655319044e-11,4.1874955918209626e-11,4.2078588510858375e-11,4.2276253613869386e-11,4.2468391450550156e-11,4.2655412179477344e-11,4.283769771435181e-11,4.3015603468052646e-11,4.31894600168896e-11,4.3359574687064526e-11,4.352623305973607e-11,4.36897003969868e-11,4.385022299107912e-11,4.4008029436781515e-11,4.416333183040815e-11,4.4316326896916327e-11,4.4467197049560733e-11,4.4616111383513406e-11,4.476322660649208e-11,4.4908687910511855e-11,4.50526297865242e-11,4.519517678603072e-11,4.533644423131534e-11,4.547653887877136e-11,4.5615559536782116e-11,4.5753597641449135e-11,4.589073779257491e-11,4.6027058252310614e-11,4.6162631409249946e-11,4.629752420927591e-11,4.643179855692717e-11,4.6565511687041276e-11,4.669871651061321e-11,4.683146193562111e-11,4.696379316454109e-11,4.7095751970701755e-11,4.7227376954100115e-11,4.73587037786325e-11,4.748976539282251e-11,4.762059223311291e-11,4.7751212412991555e-11,4.788165189804429e-11,4.801193466740064e-11,4.81420828646776e-11,4.827211693643127e-11,4.8402055760415853e-11,4.8531916765130693e-11,4.8661716039620354e-11,4.879146843532174e-11,4.8921187660412094e-11,4.905088636644609e-11,4.918057622974615e-11,4.93102680254151e-11,4.943997169637858e-11,4.956969641707543e-11,4.9699450652192214e-11,4.982924221144371e-11,4.9959078299434256e-11,5.0088965562404114e-11,5.0218910131223034e-11,5.034891766085522e-11,5.0478993367173166e-11,5.060914206077329e-11,5.073936817827377e-11,5.086967581110691e-11,5.100006873260995e-11,5.1130550421876837e-11,5.126112408725425e-11,5.139179268658025e-11,5.1522558947812255e-11,5.165342538637445e-11,5.178439432060985e-11,5.191546788804794e-11,5.2046648059476394e-11,5.217793665123467e-11,5.2309335339904626e-11,5.2440845668594875e-11,5.257246906103756e-11,5.2704206829590003e-11,5.2836060183757225e-11,5.29680302396875e-11,5.310011802544954e-11,5.32323244879137e-11,5.336465050167415e-11,5.3497096872744125e-11,5.3629664343794783e-11,5.3762353599595934e-11,5.3895165271785535e-11,5.402809994206909e-11,5.416115814816647e-11,5.429434038505893e-11,5.4427647109646854e-11,5.4561078743045286e-11,5.469463567431461e-11,5.4828318261477935e-11,5.4962126835348074e-11,5.509606170225619e-11,5.5230123143117173e-11,5.536431141827763e-11,5.549862676817593e-11,5.5633069414517835e-11,5.576763956212746e-11,5.590233740045517e-11,5.6037163104602157e-11,5.617211683614744e-11,5.6307198744655306e-11,5.644240896833428e-11,5.657774763543971e-11,5.671321486403721e-11,5.684881076429461e-11,5.698453543775454e-11,5.712038897853304e-11,5.7256371474309115e-11,5.739248300583964e-11,5.7528723647366967e-11,5.7665093469439316e-11,5.780159253695929e-11,5.79382209100295e-11,5.807497864517566e-11,5.821186579412663e-11,5.834888240563266e-11,5.84860285251978e-11,5.862330419491788e-11,5.876070945439637e-11,5.889824434051596e-11,5.903590888780524e-11,5.917370312857976e-11,5.931162709269014e-11,5.944968080920685e-11,5.958786430438364e-11,5.972617760323275e-11,5.986462072913247e-11,6.000319370451177e-11,6.014189654988376e-11,6.02807292851044e-11,6.04196919285392e-11,6.055878449764448e-11,6.06980070094361e-11,6.083735947887183e-11,6.097684192081722e-11,6.111645434981789e-11,6.125619677900944e-11,6.139606922104687e-11,6.153607168798755e-11,6.167620419126978e-11,6.181646674186023e-11,6.195685935001344e-11,6.20973820259351e-11,6.223803477851393e-11,6.237881761702774e-11,6.25197305500743e-11,6.266077358584295e-11,6.280194673206688e-11,6.294324999645302e-11,6.308468338603581e-11,6.322624690763445e-11,6.33679405667837e-11,6.350976437178231e-11,6.365171832762067e-11,6.379380243991616e-11,6.393601671421927e-11,6.407836115566954e-11,6.422083576893766e-11,6.436344055903689e-11,6.450617553042515e-11,6.464904068741601e-11,6.479203603462825e-11,6.49351615754661e-11,6.507841731360695e-11,6.52218032525338e-11,6.536531939552819e-11,6.550896574569277e-11,6.565274230595419e-11,6.579664907912155e-11,6.594068606861612e-11,6.608485327491539e-11,6.622915070105458e-11,6.637357834921287e-11,6.651813622134179e-11,6.666282431906341e-11,6.680764264397066e-11,6.695259119742815e-11,6.709766998059086e-11,6.724287899452242e-11,6.738821824008255e-11,6.753368771822808e-11,6.76792874291486e-11,6.782501737334984e-11,6.797087755105019e-11,6.811686796264885e-11,6.826298860782296e-11,6.840923948644388e-11,6.855562059811053e-11,6.870213194229087e-11,6.884877351841687e-11,6.899554532557901e-11,6.914244736251925e-11,6.92894796287074e-11,6.94366421225248e-11,6.958393484260936e-11,6.973135778732952e-11,6.987891095483622e-11,7.002659434359312e-11,7.017440795146346e-11,7.032235177578377e-11,7.047042581451084e-11,7.061863006535196e-11,7.076696452530746e-11,7.091542919174404e-11,7.106402406213338e-11,7.121274913294454e-11,7.136160440063447e-11,7.151058986190901e-11,7.165970551388074e-11,7.180895135232266e-11,7.195832737297448e-11,7.21078335722927e-11,7.22574699461553e-11,7.240723648955881e-11,7.25571331991854e-11,7.270716006992446e-11,7.285731709695838e-11,7.300760427549461e-11,7.315802159887276e-11,7.330856906452086e-11,7.345924666631618e-11,7.361005439919266e-11,7.376099225572956e-11,7.39120602312389e-11,7.406325831957621e-11,7.421458651413683e-11,7.436604480940565e-11,7.451763319874626e-11,7.466935167550732e-11,7.482120023316189e-11,7.497317886457533e-11,7.512528756271735e-11,7.527752632053058e-11,7.542989513044375e-11,7.558239398525818e-11,7.573502287781387e-11,7.58877817992419e-11,7.60406707420716e-11,7.619368969830825e-11,7.634683865971484e-11,7.650011761817685e-11,7.665352656454868e-11,7.680706549043316e-11,7.696073438700009e-11,7.711453324527218e-11,7.726846205598012e-11,7.742252081005805e-11,7.757670949799033e-11,7.773102811011106e-11,7.788547663682662e-11,7.804005506782921e-11,7.819476339362821e-11,7.834960160431968e-11,7.850456968823178e-11,7.865966763599035e-11,7.881489543620241e-11,7.897025307847576e-11,7.912574055206431e-11,7.928135784541025e-11,7.943710494725678e-11,7.959298184632726e-11,7.97489885311435e-11,7.990512498995418e-11,8.006139121089676e-11,8.021778718230806e-11,8.037431289116882e-11,8.053096832613783e-11,8.068775347403516e-11,8.084466832252941e-11,8.100171285886675e-11,8.115888707014792e-11,8.131619094322588e-11,8.147362446515597e-11,8.163118762209125e-11,8.178888040074601e-11,8.194670278925877e-11,8.210465476949295e-11,8.226273633082575e-11,8.242094745833423e-11,8.25792881377952e-11,8.273775835466137e-11,8.289635809455733e-11,8.305508734205632e-11,8.321394608356024e-11,8.337293430340617e-11,8.353205198644587e-11,8.369129911739202e-11,8.385067568053656e-11,8.401018166078657e-11,8.416981704205001e-11,8.432958180846018e-11,8.448947594399221e-11,8.464949943354335e-11,8.480965225809032e-11,8.49699344028284e-11,8.513034585120166e-11,8.529088658776744e-11,8.545155659285678e-11,8.561235585003287e-11,8.5773284344747e-11,8.593434205515406e-11,8.609552896605043e-11,8.625684505962162e-11,8.641829031819148e-11,8.657986472355309e-11,8.674156825782134e-11,8.69034009024044e-11,8.706536263935758e-11,8.722745344956254e-11,8.738967331442475e-11,8.755202221532348e-11,8.771450013280582e-11,8.787710704829251e-11,8.803984294226625e-11,8.820270779520687e-11,8.836570158753299e-11,8.852882429958588e-11,8.869207591145912e-11,8.885545640309137e-11,8.901896575424492e-11,8.918260394464259e-11,8.934637095374175e-11,8.951026676106685e-11,8.967429134578337e-11,8.983844468671363e-11,9.0002726763388e-11,9.016713755428032e-11,9.033167703810332e-11,9.049634519333676e-11,9.066114199905321e-11,9.082606743292534e-11,9.099112147218012e-11,9.115630409534255e-11,9.132161528054523e-11,9.148705500520906e-11,9.165262324692496e-11,9.181831998336506e-11,9.198414519189742e-11,9.215009884810516e-11,9.231618092974936e-11,9.248239141504318e-11,9.264873027939764e-11,9.281519749827934e-11,9.298179304918775e-11,9.314851690820351e-11,9.33153690514984e-11,9.348234945454133e-11,9.364945809398988e-11,9.381669494505931e-11,9.398405998357502e-11,9.415155318447795e-11,9.431917452298815e-11,9.448692397403515e-11,9.465480151326534e-11,9.482280711456614e-11,9.499094075363472e-11,9.515920240589426e-11,9.53275920430399e-11,9.549610964044219e-11,9.566475517209593e-11,9.583352861287616e-11,9.600242993600419e-11,9.617145911522494e-11,9.634061612403157e-11,9.65099009359352e-11,9.667931352422617e-11,9.684885386192961e-11,9.701852192218839e-11,9.718831767779396e-11,9.735824110140967e-11,9.752829216562389e-11,9.769847084294128e-11,9.786877710531982e-11,9.803921092570797e-11,9.820977227565241e-11,9.838046112675412e-11,9.85512774514063e-11,9.872222122099873e-11,9.88932924062609e-11,9.906449098011168e-11,9.923581691294488e-11,9.940727017557885e-11,9.957885073940517e-11,9.97505585751487e-11,9.992239365332828e-11,1.0009435594450094e-10,1.0026644541919254e-10,1.0043866204769613e-10,1.0061100580008199e-10,1.0078347664764267e-10,1.0095607455766889e-10,1.0112879950118682e-10,1.0130165144785658e-10,1.0147463036688669e-10,1.0164773622774905e-10,1.0182096899994828e-10,1.0199432865223929e-10,1.0216781515372657e-10,1.0234142847321739e-10,1.02515168579252e-10,1.0268903544245845e-10,1.0286302902711236e-10,1.0303714930351092e-10,1.0321139624023821e-10,1.033857698047879e-10,1.0356026996522034e-10,1.0373489668920312e-10,1.0390964994456463e-10,1.0408452969531717e-10,1.0425953591556252e-10,1.0443466856924268e-10,1.0460992762329218e-10,1.0478531304493949e-10,1.049608248006838e-10,1.0513646285535548e-10,1.0531222717971779e-10,1.0548811773813655e-10,1.0566413449686341e-10,1.0584027742196939e-10,1.0601654647990904e-10,1.0619294163644022e-10,1.0636946285730218e-10,1.0654611010823162e-10,1.0672288335492448e-10,1.0689978256271437e-10,1.0707680769712363e-10,1.0725395872286767e-10,1.0743123560521015e-10,1.0760863830918187e-10,1.0778616679956307e-10,1.0796382104050885e-10,1.0814160099756046e-10,1.0831950663506976e-10,1.0849753791667918e-10,1.086756948078689e-10,1.0885397727042726e-10,1.0903238526955734e-10,1.0921091876889182e-10,1.0938957773189844e-10,1.0956836212310809e-10,1.0974727190491804e-10,1.099263070419447e-10,1.1010546749575974e-10,1.1028475322988769e-10,1.1046416420748267e-10,1.1064370039136886e-10,1.108233617448974e-10,1.1100314823081767e-10,1.1118305980921902e-10,1.1136309644395129e-10,1.1154325809729588e-10,1.1172354473113656e-10,1.1190395630748188e-10,1.1208449278685643e-10,1.122651541339601e-10,1.1244594030848744e-10,1.1262685127251266e-10,1.1280788698709563e-10,1.1298904741426857e-10,1.1317033251406688e-10,1.1335174224738456e-10,1.1353327657588699e-10,1.1371493546018862e-10,1.1389671886092963e-10,1.140786267385298e-10,1.1426065905320506e-10,1.1444281576545516e-10,1.1462509683579757e-10,1.148075022243602e-10,1.149900318901318e-10,1.1517268579407246e-10,1.1535546389399778e-10,1.1553836615072776e-10,1.1572139252476685e-10,1.1590454297457547e-10,1.1608781745939411e-10,1.1627121593892811e-10,1.16454738371567e-10,1.166383847158072e-10,1.1682215493144012e-10,1.1700604897603643e-10,1.1719006680873173e-10,1.1737420838854222e-10,1.1755847367299378e-10,1.1774286262022957e-10,1.1792737518862395e-10,1.1811201133624726e-10,1.182967710209501e-10,1.184816542005404e-10,1.1866666083257742e-10,1.1885179087475244e-10,1.1903704428443514e-10,1.1922242101868402e-10,1.194079210353284e-10,1.1959354429078545e-10,1.197792907414869e-10,1.199651603439274e-10,1.2015115305794212e-10,1.2033726883845673e-10,1.205235076419102e-10,1.2070986942466464e-10,1.2089635414269922e-10,1.2108296175305242e-10,1.212696922113857e-10,1.2145654547371634e-10,1.2164352149522475e-10,1.2183062023319742e-10,1.22017841642453e-10,1.22205185678645e-10,1.2239265229709454e-10,1.225802414533603e-10,1.2276795310201094e-10,1.2295578719953161e-10,1.231437436995706e-10,1.233318225576263e-10,1.2352002372958896e-10,1.2370834716808102e-10,1.238967928294922e-10,1.2408536066678496e-10,1.2427405063517447e-10,1.2446286268889986e-10,1.24651796782186e-10,1.2484085286939777e-10,1.2503003090309073e-10,1.25219330839277e-10,1.254087526306283e-10,1.2559829623169198e-10,1.2578796159414904e-10,1.2597774867174643e-10,1.2616765741935632e-10,1.2635768778899168e-10,1.2654783973540073e-10,1.2673811321062074e-10,1.2692850816556086e-10,1.2711902455784122e-10,1.2730966233606368e-10,1.2750042145409212e-10,1.2769130186537846e-10,1.278823035207897e-10,1.2807342637332652e-10,1.282646703753421e-10,1.284560354768869e-10,1.2864752163401572e-10,1.288391287967366e-10,1.2903085691683174e-10,1.2922270594592337e-10,1.2941467583591105e-10,1.2960676653868363e-10,1.2979897800452703e-10,1.2999131018551257e-10,1.3018376303284072e-10,1.3037633649767417e-10,1.3056903053079546e-10,1.3076184508363915e-10,1.3095478010685735e-10,1.311478355511217e-10,1.3134101136755794e-10,1.3153430750604203e-10,1.317277239171328e-10,1.319212605516508e-10,1.3211491735967908e-10,1.3230869429169916e-10,1.3250259129779408e-10,1.3269660832759012e-10,1.3289074533085033e-10,1.3308500225727956e-10,1.3327937905680716e-10,1.3347387567758495e-10,1.336684920722398e-10,1.3386322818849357e-10,1.3405808397611615e-10,1.342530593841207e-10,1.3444815436130403e-10,1.3464336885713524e-10,1.348387028205882e-10,1.3503415620089368e-10,1.3522972894603753e-10,1.3542542100537492e-10,1.356212323274089e-10,1.3581716286010316e-10,1.3601321255268463e-10,1.362093813530729e-10,1.3640566920952867e-10,1.366020760702004e-10,1.3679860188312027e-10,1.3699524659633723e-10,1.3719201015755302e-10,1.3738889251482365e-10,1.375858936157571e-10,1.3778301340758982e-10,1.3798025183857846e-10,1.3817760885580235e-10,1.3837508440662761e-10,1.3857267843833647e-10,1.387703908980982e-10,1.3896822173298448e-10,1.391661708900426e-10,1.393642383161744e-10,1.3956242395817525e-10,1.397607277628203e-10,1.3995914967636133e-10,1.401576896462041e-10,1.4035634761844832e-10,1.4055512353946785e-10,1.4075401735559165e-10,1.4095302901310823e-10,1.4115215845809866e-10,1.4135140563661845e-10,1.4155077049463003e-10,1.4175025297830257e-10,1.419498530330569e-10,1.4214957060481703e-10,1.4234940563913283e-10,1.4254935808199303e-10,1.4274942787799668e-10,1.4294961497374343e-10,1.431499193135724e-10,1.433503408430495e-10,1.4355087950738807e-10,1.4375153525198512e-10,1.4395230802109046e-10,1.4415319775995639e-10,1.443542044134809e-10,1.4455532792635824e-10,1.4475656824329014e-10,1.4495792530890253e-10,1.451593990676582e-10,1.4536098946403398e-10,1.4556269644224562e-10,1.4576451994678082e-10,1.4596645992174953e-10,1.4616851631130593e-10,1.4637068905940487e-10,1.4657297810994664e-10,1.4677538340716747e-10,1.46977904894428e-10,1.4718054251588188e-10,1.4738329621471812e-10,1.4758616593467933e-10,1.4778915161964937e-10,1.4799225321248432e-10,1.4819547065677445e-10,1.4839880389419267e-10,1.4860225287108482e-10,1.488058175290124e-10,1.4900949781104767e-10,1.4921329366145531e-10,1.494172050203808e-10,1.496212318303137e-10,1.4982537403754657e-10,1.500296315829888e-10,1.5023400440925996e-10,1.504384924578489e-10,1.5064309567185025e-10,1.508478139960806e-10,1.510526473717262e-10,1.512575957381483e-10,1.5146265903842836e-10,1.5166783721653768e-10,1.5187313021354404e-10,1.5207853797133352e-10,1.5228406043197143e-10,1.5248969753563774e-10,1.5269544922678847e-10,1.5290131544588284e-10,1.5310729613539943e-10,1.5331339123510066e-10,1.5351960068591182e-10,1.5372592443200313e-10,1.5393236241313826e-10,1.5413891456938117e-10,1.5434558084401541e-10,1.5455236117761533e-10,1.5475925551083659e-10,1.5496626378497075e-10,1.5517338594006983e-10,1.5538062191737546e-10,1.5558797165789994e-10,1.5579543510274103e-10,1.5600301219187554e-10,1.5621070286646171e-10,1.5641850706600416e-10,1.5662642473133704e-10,1.5683445580308415e-10,1.5704260022160818e-10,1.572508579264609e-10,1.5745922885825932e-10,1.5766771295697167e-10,1.5787631016264406e-10,1.5808502041535439e-10,1.5829384365492793e-10,1.5850277982117285e-10,1.5871182885388302e-10,1.589209906927054e-10,1.59130265277421e-10,1.593396525474598e-10,1.5954915244233903e-10,1.5975876490151867e-10,1.5996848986437318e-10,1.6017832727027662e-10,1.6038827705845045e-10,1.6059833916811042e-10,1.6080851353835884e-10,1.610188001082754e-10,1.6122919881687705e-10,1.6143970960376447e-10,1.6165033240720164e-10,1.6186106716530532e-10,1.6207191381748252e-10,1.6228287230323747e-10,1.6249394256034048e-10,1.6270512452677478e-10,1.629164181422263e-10,1.6312782334411688e-10,1.633393400715084e-10,1.6355096826265216e-10,1.6376270785640687e-10,1.6397455878986834e-10,1.641865210017286e-10,1.6439859443017135e-10,1.64610779013612e-10,1.6482307468917352e-10,1.6503548139525073e-10,1.6524799906984063e-10,1.6546062765072673e-10,1.6567336707530525e-10,1.658862172810442e-10,1.6609917820657228e-10,1.6631224978899777e-10,1.6652543196585245e-10,1.6673872467461045e-10,1.669521278527171e-10,1.6716564143800143e-10,1.6737926536695692e-10,1.6759299957699148e-10,1.6780684400547803e-10,1.6802079858956604e-10,1.682348632663439e-10,1.684490379727736e-10,1.6866332264522035e-10,1.6887771722206202e-10,1.6909222163942265e-10,1.6930683583411654e-10,1.6952155974297965e-10,1.6973639330284037e-10,1.6995133645009372e-10,1.7016638912121437e-10,1.703815512530042e-10,1.705968227819653e-10,1.7081220364443379e-10,1.7102769377709057e-10,1.7124329311603796e-10,1.7145900159743154e-10,1.7167481915769664e-10,1.718907457332605e-10,1.7210678125980097e-10,1.7232292567364303e-10,1.7253917891109086e-10,1.7275554090756863e-10,1.7297201159937003e-10,1.731885909221349e-10,1.7340527881227135e-10,1.7362207520504288e-10,1.7383898003683052e-10,1.740559932422834e-10,1.7427311475762262e-10,1.7449034451814304e-10,1.747076824603402e-10,1.7492512851894532e-10,1.7514268262925243e-10,1.7536034472697794e-10,1.7557811474737548e-10,1.7579599262586177e-10,1.7601397829763205e-10,1.762320716978136e-10,1.7645027276182272e-10,1.7666858142447212e-10,1.7688699762083872e-10,1.77105521285945e-10,1.7732415235543006e-10,1.775428907631175e-10,1.7776173644516266e-10,1.7798068933578561e-10,1.7819974937097962e-10,1.784189164829043e-10,1.7863819060783772e-10,1.788575716803114e-10,1.7907705963489693e-10,1.7929665440559197e-10,1.7951635592769145e-10,1.7973616413532042e-10,1.7995607896371558e-10,1.8017610034693513e-10,1.8039622821899944e-10,1.8061646251480798e-10,1.808368031676783e-10,1.8105725011234234e-10,1.8127780328241445e-10,1.814984626131716e-10,1.8171922803818495e-10,1.8194009949136961e-10,1.8216107690690577e-10,1.823821602188175e-10,1.8260334936086572e-10,1.828246442671604e-10,1.8304604487279184e-10,1.832675511089912e-10,1.8348916291080175e-10,1.837108802119424e-10,1.839327029461197e-10,1.8415463104700438e-10,1.8437666444820642e-10,1.8459880308322308e-10,1.8482104688578495e-10,1.850433957894323e-10,1.8526584972737912e-10,1.854884086329307e-10,1.857110724399238e-10,1.8593384108141645e-10,1.8615671449088099e-10,1.8637969260135484e-10,1.8660277534637657e-10,1.8682596265898806e-10,1.8704925447235098e-10,1.8727265071962377e-10,1.8749615133379372e-10,1.8771975624785546e-10,1.8794346539500964e-10,1.8816727870843524e-10,1.883911961204718e-10,1.886152175645027e-10,1.888393429732376e-10,1.8906357227893273e-10,1.8928790541541186e-10,1.8951234231543247e-10,1.897368829100157e-10,1.8996152713412606e-10,1.9018627491894374e-10,1.9041112619815448e-10,1.9063608090349409e-10,1.9086113896794514e-10,1.9108630032376378e-10,1.9131156490369912e-10,1.915369326400355e-10,1.917624034652375e-10,1.9198797731115173e-10,1.9221365411172657e-10,1.9243943379687218e-10,1.9266531630093728e-10,1.9289130155558463e-10,1.9311738949287183e-10,1.9334358004028682e-10,1.9356987313959733e-10,1.937962687179835e-10,1.9402276670634847e-10,1.9424936703929015e-10,1.9447606964767591e-10,1.9470287446302368e-10,1.9492978141701653e-10,1.9515679044344123e-10,1.9538390147313208e-10,1.956111144379148e-10,1.958384292692933e-10,1.9606584589980273e-10,1.9629336425957605e-10,1.9652098428308657e-10,1.9674870590075604e-10,1.9697652904400744e-10,1.9720445364714135e-10,1.974324796369836e-10,1.9766060694755612e-10,1.9788883551018133e-10,1.9811716525700798e-10,1.9834559611883195e-10,1.9857412802790543e-10,1.9880276091523339e-10,1.990314947129843e-10,1.992603293515295e-10,1.9948926476287938e-10,1.9971830087822382e-10,1.9994743762931387e-10,2.0017667494559328e-10,2.0040601276118125e-10,2.0063545100741294e-10,2.0086498961250653e-10,2.0109462850942208e-10,2.0132436762917705e-10,2.0155420690306797e-10,2.0178414626235582e-10,2.0201418563781714e-10,2.022443249606476e-10,2.024745641619055e-10,2.027049031726469e-10,2.0293534192394368e-10,2.0316588034667448e-10,2.033965183718554e-10,2.0362725593040538e-10,2.0385809295327889e-10,2.0408902937134463e-10,2.043200651154595e-10,2.045512001164859e-10,2.0478243430533492e-10,2.0501376761260863e-10,2.052451999691819e-10,2.0547673130581338e-10,2.0570836155337048e-10,2.0594009064212757e-10,2.0617191850313111e-10,2.0640384506709626e-10,2.0663587026443284e-10,2.0686799402586986e-10,2.071002162816932e-10,2.0733253696306513e-10,2.0756495600029698e-10,2.0779747332388531e-10,2.0803008886339236e-10,2.0826280255121136e-10,2.0849561431686525e-10,2.0872852409091854e-10,2.0896153180399206e-10,2.0919463738574116e-10,2.0942784076690087e-10,2.0966114187807234e-10,2.0989454064944713e-10,2.1012803701138449e-10,2.1036163089426732e-10,2.1059532222821836e-10,2.1082911094359925e-10,2.1106299697069318e-10,2.1129698023985658e-10,2.1153106068152983e-10,2.1176523822524228e-10,2.1199951280146273e-10,2.1223388433910354e-10,2.1246835276939493e-10,2.1270291802455785e-10,2.1293758003252944e-10,2.1317233872345148e-10,2.134071940278798e-10,2.1364214588157786e-10,2.138771942026228e-10,2.1411233892657173e-10,2.1434757998462234e-10,2.1458291730576268e-10,2.1481835082103614e-10,2.150538804591027e-10,2.1528950615029412e-10,2.1552522782520422e-10,2.1576104541295603e-10,2.1599695884352908e-10,2.162329680476493e-10,2.1646907295413573e-10,2.167052734934061e-10,2.1694156959361825e-10,2.171779611873553e-10,2.1741444820335205e-10,2.176510305709422e-10,2.1788770822040492e-10,2.1812448108162705e-10,2.1836134908379307e-10,2.1859831215718842e-10,2.188353702333288e-10,2.1907252323774602e-10,2.193097711020975e-10,2.1954711375641964e-10,2.197845511302166e-10,2.2002208315285817e-10,2.2025970975577575e-10,2.2049743086573526e-10,2.207352464138879e-10,2.209731563306495e-10,2.212111605441445e-10,2.2144925898277816e-10,2.2168745157887732e-10,2.2192573826065395e-10,2.2216411896136125e-10,2.2240259360369184e-10,2.226411621161102e-10,2.2287982443719555e-10,2.231185804919803e-10,2.2335743020996912e-10,2.2359637352152347e-10,2.2383541035618015e-10,2.2407454064013405e-10,2.243137643047545e-10,2.2455308127951023e-10,2.2479249149466236e-10,2.2503199487963213e-10,2.252715913627164e-10,2.2551128087355297e-10,2.2575106334189639e-10,2.25990938697287e-10,2.2623090686906958e-10,2.2647096778638617e-10,2.2671112138001652e-10,2.2695136757701545e-10,2.271917063071249e-10,2.2743213750073267e-10,2.2767266108669313e-10,2.2791327699434122e-10,2.2815398515286647e-10,2.2839478549424674e-10,2.286356779421181e-10,2.288766624288144e-10,2.2911773888396354e-10,2.293589072269297e-10,2.2960016739364793e-10,2.2984151932804692e-10,2.3008296294823807e-10,2.3032449818254034e-10,2.3056612496384879e-10,2.3080784321813402e-10,2.3104965287193095e-10,2.3129155385625234e-10,2.3153354610434436e-10,2.31775629535806e-10,2.3201780409217037e-10,2.322600696938251e-10,2.3250242627353533e-10,2.3274487375973223e-10,2.3298741208139945e-10,2.332300411673117e-10,2.3347276094712125e-10,2.3371557134948743e-10,2.339584723043145e-10,2.3420146374129404e-10,2.344445455879438e-10,2.3468771777505964e-10,2.3493098023136005e-10,2.3517433288550126e-10,2.3541777566711637e-10,2.356613085029527e-10,2.359049313268989e-10,2.3614864406489265e-10,2.3639244664758427e-10,2.3663633900220336e-10,2.3688032105892647e-10,2.371243927465678e-10,2.373685539962984e-10,2.376128047339033e-10,2.3785714488907874e-10,2.3810157439215364e-10,2.3834609317180924e-10,2.3859070115717586e-10,2.3883539827734354e-10,2.3908018446152363e-10,2.3932505963857166e-10,2.39570023737573e-10,2.398150766878527e-10,2.400602184181989e-10,2.4030544885807186e-10,2.4055076793224335e-10,2.407961755780326e-10,2.410416717204144e-10,2.412872562925989e-10,2.415329292154019e-10,2.417786904220247e-10,2.420245398386114e-10,2.422704773973767e-10,2.425165030296291e-10,2.427626166615426e-10,2.430088182235248e-10,2.432551076430543e-10,2.43501484850748e-10,2.4374794977160424e-10,2.4399450234126895e-10,2.442411424855641e-10,2.4448787013366807e-10,2.4473468521213954e-10,2.44981587654692e-10,2.4522857738544124e-10,2.45475654339302e-10,2.457228184411257e-10,2.4597006962197213e-10,2.462174078107652e-10,2.464648329321113e-10,2.467123449227009e-10,2.469599437087724e-10,2.472076292185331e-10,2.4745540138063535e-10,2.4770326012394105e-10,2.479512053802782e-10,2.481992370749881e-10,2.484473551392488e-10,2.4869555950196526e-10,2.489438500924509e-10,2.4919222683961487e-10,2.4944068967224766e-10,2.496892385188274e-10,2.4993787330966837e-10,2.501865939744168e-10,2.504354004414737e-10,2.5068429263998016e-10,2.5093327049903054e-10,2.5118233394802847e-10,2.5143148291618224e-10,2.516807173319848e-10,2.5193003712548606e-10,2.521794422263962e-10,2.5242893256146694e-10,2.5267850806176593e-10,2.529281686557727e-10,2.5317791427268616e-10,2.5342774484516984e-10,2.536776602959355e-10,2.539276605570947e-10,2.541777455585022e-10,2.5442791522959043e-10,2.5467816949854074e-10,2.5492850829505854e-10,2.551789315491128e-10,2.5542943918852977e-10,2.5568003114502783e-10,2.559307073474253e-10,2.5618146772048495e-10,2.564323121965887e-10,2.566832407066188e-10,2.569342531782349e-10,2.571853495397024e-10,2.5743652972076543e-10,2.576877936521729e-10,2.579391412615397e-10,2.5819057247934554e-10,2.584420872347797e-10,2.586936854561841e-10,2.589453670738301e-10,2.5919713201668746e-10,2.594489802152438e-10,2.597009115930684e-10,2.5995292608866545e-10,2.602050236266624e-10,2.604572041374096e-10,2.607094675542518e-10,2.609618137969893e-10,2.6121424279778507e-10,2.6146675449021505e-10,2.6171934880351406e-10,2.619720256648991e-10,2.622247850040083e-10,2.624776267511731e-10,2.627305508339005e-10,2.6298355718504093e-10,2.632366457320246e-10,2.63489816404659e-10,2.637430691316632e-10,2.6399640384394114e-10,2.6424982046990214e-10,2.6450331893933083e-10,2.647568991815908e-10,2.650105611292399e-10,2.652643047104068e-10,2.6551812984949534e-10,2.657720364798768e-10,2.660260245309796e-10,2.6628009393433137e-10,2.665342446160925e-10,2.6678847650756603e-10,2.6704278953811373e-10,2.672971836379571e-10,2.6755165874415296e-10,2.6780621477069387e-10,2.680608516551281e-10,2.683155693270568e-10,2.685703677155748e-10,2.6882524675209903e-10,2.69080206365219e-10,2.6933524648394784e-10,2.695903670395209e-10,2.698455679611783e-10,2.7010084917899614e-10,2.703562106221529e-10,2.706116522201905e-10,2.708671739039077e-10,2.711227756023842e-10,2.713784572445053e-10,2.716342187631474e-10,2.7189006008568995e-10,2.721459811429343e-10,2.7240198186258186e-10,2.7265806217739596e-10,2.729142220149011e-10,2.731704613092394e-10,2.7342677998630337e-10,2.736831779764255e-10,2.7393965520995173e-10,2.741962116172564e-10,2.7445284712835684e-10,2.7470956168024353e-10,2.749663551882269e-10,2.752232275905553e-10,2.75480178815992e-10,2.7573720879553833e-10,2.7599431745836174e-10,2.762515047353041e-10,2.7650877055675894e-10,2.76766114851882e-10,2.7702353755109296e-10,2.7728103858345235e-10,2.775386178808053e-10,2.777962753771738e-10,2.7805401099331566e-10,2.7831182466583176e-10,2.785697163239868e-10,2.788276858966721e-10,2.7908573331559913e-10,2.793438585103782e-10,2.796020614107497e-10,2.798603419487841e-10,2.801187000533659e-10,2.8037713565445855e-10,2.8063564868378735e-10,2.80894239070992e-10,2.8115290674646233e-10,2.8141165164023983e-10,2.8167047368412715e-10,2.8192937280513134e-10,2.8218834893741053e-10,2.8244740201021483e-10,2.827065319535096e-10,2.8296573869802863e-10,2.83225022174445e-10,2.834843823133421e-10,2.8374381905059844e-10,2.8400333230611425e-10,2.842629220162051e-10,2.8452258810957014e-10,2.847823305174041e-10,2.8504214917100403e-10,2.8530204400078345e-10,2.855620149374438e-10,2.85822061911265e-10,2.860821848538741e-10,2.863423836929926e-10,2.8660265836438164e-10,2.868630087962901e-10,2.871234349196179e-10,2.873839366644885e-10,2.8764451396283e-10,2.879051667439557e-10,2.881658949399044e-10,2.8842669848041657e-10,2.886875772972215e-10,2.88948531320506e-10,2.892095604800588e-10,2.894706647110292e-10,2.897318439406091e-10,2.899930981017793e-10,2.902544271241656e-10,2.905158309388264e-10,2.9077730947697676e-10,2.9103886267164655e-10,2.9130049045100087e-10,2.915621927472322e-10,2.9182396949089637e-10,2.92085820613819e-10,2.9234774604612406e-10,2.926097457226052e-10,2.928718195685374e-10,2.931339675194198e-10,2.933961895042482e-10,2.9365848545365746e-10,2.9392085530088347e-10,2.9418329897784374e-10,2.944458164147092e-10,2.9470840754233184e-10,2.949710722922248e-10,2.952338105955147e-10,2.9549662238406264e-10,2.9575950758916293e-10,2.9602246614084584e-10,2.962854979743264e-10,2.9654860301764524e-10,2.9681178120334317e-10,2.9707503246263493e-10,2.973383567274536e-10,2.976017539291084e-10,2.9786522399811026e-10,2.9812876686786436e-10,2.9839238246851265e-10,2.986560707298526e-10,2.989198315887112e-10,2.991836649717522e-10,2.994475708158201e-10,2.9971154904926866e-10,2.9997559960258524e-10,3.0023972241267697e-10,3.005039174028435e-10,3.0076818451254326e-10,3.0103252367059686e-10,3.012969348083018e-10,3.0156141785949724e-10,3.0182597275530845e-10,3.020905994262102e-10,3.023552978049306e-10,3.026200678235008e-10,3.028849094142701e-10,3.0314982250844657e-10,3.034148070448115e-10,3.0367986294244675e-10,3.039449901430528e-10,3.0421018857246353e-10,3.044754581666428e-10,3.047407988566212e-10,3.050062105745065e-10,3.0527169325290823e-10,3.0553724682405153e-10,3.058028712199255e-10,3.060685663729072e-10,3.0633433221522165e-10,3.066001686791666e-10,3.068660756970602e-10,3.0713205320669974e-10,3.073981011293112e-10,3.076642194010358e-10,3.079304079563718e-10,3.081966667246185e-10,3.084629956456478e-10,3.087293946471894e-10,3.089958636619857e-10,3.092624026236397e-10,3.0952901146326193e-10,3.097956901115838e-10,3.100624385043734e-10,3.103292565732781e-10,3.105961442506156e-10,3.1086310146314845e-10,3.1113012815566227e-10,3.1139722425492004e-10,3.1166438969338736e-10,3.119316244039723e-10,3.1219892831830894e-10,3.1246630137002235e-10,3.1273374349387766e-10,3.1300125462096156e-10,3.1326883468423163e-10,3.1353648361693627e-10,3.138042013519e-10,3.1407198782150664e-10,3.1433984295786266e-10,3.1460776669531926e-10,3.1487575896793537e-10,3.15143819706746e-10,3.154119488470484e-10,3.1568014631987396e-10,3.1594841205963147e-10,3.1621674599660617e-10,3.1648514806907436e-10,3.167536182047325e-10,3.1702215634175943e-10,3.1729076241127866e-10,3.1755943634632103e-10,3.1782817807988274e-10,3.1809698754608817e-10,3.1836586467858356e-10,3.1863480940930643e-10,3.1890382167349475e-10,3.191729014030371e-10,3.1944204853219315e-10,3.1971126299437795e-10,3.19980544722128e-10,3.202498936506368e-10,3.2051930971241957e-10,3.20788792841331e-10,3.2105834297094425e-10,3.2132796003441307e-10,3.2159764396639885e-10,3.2186739469990066e-10,3.221372121688693e-10,3.2240709630722615e-10,3.226770470510816e-10,3.22947064328803e-10,3.232171480775425e-10,3.2348729823138384e-10,3.2375751472255806e-10,3.2402779748669116e-10,3.242981464567655e-10,3.2456856156721257e-10,3.248390427520691e-10,3.251095899456577e-10,3.2538020308013996e-10,3.256508820907929e-10,3.2592162691145733e-10,3.261924374786669e-10,3.2646331372360273e-10,3.267342555812425e-10,3.270052629870312e-10,3.272763358744386e-10,3.275474741747863e-10,3.27818677826801e-10,3.280899467627058e-10,3.2836128091805277e-10,3.2863268022645184e-10,3.289041446213104e-10,3.29175674038037e-10,3.2944726841246693e-10,3.297189276758561e-10,3.2999065176658427e-10,3.3026244061715234e-10,3.3053429416257346e-10,3.308062123344053e-10,3.3107819507290675e-10,3.313502423085417e-10,3.3162235397639794e-10,3.3189453001111074e-10,3.3216677034842226e-10,3.324390749230642e-10,3.3271144367231443e-10,3.329838765284593e-10,3.332563734241498e-10,3.3352893429839347e-10,3.338015590843118e-10,3.3407424771644185e-10,3.3434700013020724e-10,3.3461981625914387e-10,3.348926960373525e-10,3.351656394082543e-10,3.354386463004518e-10,3.357117166487125e-10,3.3598485038543e-10,3.3625804745099174e-10,3.3653130777996027e-10,3.3680463130612683e-10,3.370780179632161e-10,3.3735146769054374e-10,3.376249804220905e-10,3.378985560900192e-10,3.381721946346888e-10,3.384458959889709e-10,3.387196600855311e-10,3.389934868626919e-10,3.3926737625844384e-10,3.3954132820558555e-10,3.398153426377804e-10,3.4008941949365934e-10,3.403635587068772e-10,3.4063776021412607e-10,3.4091202395136017e-10,3.4118634985379243e-10,3.414607378574584e-10,3.4173518789820285e-10,3.4200969991202086e-10,3.422842738325347e-10,3.4255890960214697e-10,3.428336071491892e-10,3.4310836641228514e-10,3.4338318732762144e-10,3.4365806983216895e-10,3.439330138604146e-10,3.4420801934854193e-10,3.4448308623226763e-10,3.447582144492134e-10,3.4503340393725874e-10,3.453086546278612e-10,3.455839664594546e-10,3.4585933936863624e-10,3.461347732880181e-10,3.464102681602691e-10,3.466858239185072e-10,3.469614404990807e-10,3.4723711783879184e-10,3.475128558732712e-10,3.4778865453968345e-10,3.480645137741854e-10,3.4834043351308524e-10,3.486164136939148e-10,3.4889245425165187e-10,3.491685551242073e-10,3.4944471624777626e-10,3.497209375574693e-10,3.4999721899321377e-10,3.502735604896892e-10,3.5054996198428027e-10,3.5082642341343555e-10,3.511029447124084e-10,3.513795258199005e-10,3.516561666768792e-10,3.5193286721237343e-10,3.5220962736815554e-10,3.524864470780646e-10,3.5276332628461713e-10,3.5304026492885936e-10,3.533172629291013e-10,3.535943202352093e-10,3.5387143678326375e-10,3.54148612509364e-10,3.5442584735140744e-10,3.5470314124631794e-10,3.5498049412922457e-10,3.5525790594197694e-10,3.5553537661829503e-10,3.5581290609833243e-10,3.5609049431792433e-10,3.5636814121460096e-10,3.566458467258149e-10,3.5692361078904903e-10,3.5720143334184036e-10,3.574793143213651e-10,3.5775725366599635e-10,3.5803525131115383e-10,3.5831330719566007e-10,3.5859142126014816e-10,3.588695934400003e-10,3.5914782367274107e-10,3.5942611189455717e-10,3.597044580473801e-10,3.599828620668442e-10,3.602613238903072e-10,3.6053984345599843e-10,3.6081842070206597e-10,3.6109705556638653e-10,3.6137574798694735e-10,3.6165449790189487e-10,3.619333052586776e-10,3.6221216997602937e-10,3.6249109200267e-10,3.627700712756589e-10,3.63049107735937e-10,3.6332820131689715e-10,3.636073519578854e-10,3.6388655960028286e-10,3.641658241810178e-10,3.6444514563530196e-10,3.647245239072912e-10,3.650039589326748e-10,3.6528345064993397e-10,3.65562998993459e-10,3.6584260390889663e-10,3.6612226533336917e-10,3.664019832036379e-10,3.6668175745597067e-10,3.669615880337937e-10,3.672414748736505e-10,3.675214179142987e-10,3.6780141708720324e-10,3.6808147234575923e-10,3.683615836213193e-10,3.6864175085296194e-10,3.689219739795419e-10,3.6920225293991815e-10,3.694825876734541e-10,3.697629781185843e-10,3.700434242101764e-10,3.7032392589234733e-10,3.7060448310733147e-10,3.708850957912584e-10,3.7116576388129884e-10,3.714464873187398e-10,3.717272660417906e-10,3.720081000031988e-10,3.722889891150841e-10,3.7256993333106153e-10,3.7285093259062687e-10,3.7313198683225927e-10,3.734130959962372e-10,3.7369426001786e-10,3.7397547884377305e-10,3.7425675241019416e-10,3.7453808065704317e-10,3.7481946352140705e-10,3.751009009469934e-10,3.7538239287139366e-10,3.7566393923446735e-10,3.759455399757479e-10,3.7622719503565915e-10,3.765089043532114e-10,3.767906678688287e-10,3.770724855218846e-10,3.773543572527536e-10,3.776362830013185e-10,3.7791826270739717e-10,3.7820029631153153e-10,3.784823837431006e-10,3.7876452496574184e-10,3.790467199034806e-10,3.7932896849899887e-10,3.79611270692678e-10,3.798936264261365e-10,3.80176035637269e-10,3.804584982674558e-10,3.807410142573711e-10,3.810235835467024e-10,3.8130620607625183e-10,3.815888817868582e-10,3.8187161061785747e-10,3.821543925104538e-10,3.824372274056446e-10,3.827201152433004e-10,3.8300305596205844e-10,3.8328604949848656e-10,3.8356909580903124e-10,3.838521948238802e-10,3.8413534648413317e-10,3.8441855073208266e-10,3.847018075125883e-10,3.849851167616246e-10,3.85268478413694e-10,3.8555189241734163e-10,3.8583535871109435e-10,3.8611887723706257e-10,3.864024479322082e-10,3.8668607074814785e-10,3.8696974561997193e-10,3.8725347248747674e-10,3.8753725129204055e-10,3.878210819746115e-10,3.8810496448210907e-10,3.8838889875459304e-10,3.8867288472151185e-10,3.889569223326212e-10,3.892410115302958e-10,3.8952515225871603e-10,3.898093444522107e-10,3.9009358805623155e-10,3.9037788300947923e-10,3.9066222926062955e-10,3.9094662674058316e-10,3.9123107540555144e-10,3.9151557518605044e-10,3.9180012602539524e-10,3.9208472786364785e-10,3.9236938065222503e-10,3.926540843233436e-10,3.9293883881436914e-10,3.9322364407850153e-10,3.935085000553878e-10,3.937934066773902e-10,3.9407836389468994e-10,3.943633716466832e-10,3.9464842987774065e-10,3.949335385281811e-10,3.9521869754303515e-10,3.955039068630298e-10,3.9578916641618055e-10,3.96074476170436e-10,3.963598360568858e-10,3.9664524601705205e-10,3.9693070599570727e-10,3.9721621593069993e-10,3.9750177577336597e-10,3.977873854445669e-10,3.9807304491559787e-10,3.9835875410735765e-10,3.9864451297071646e-10,3.9893032145077384e-10,3.9921617948633726e-10,3.9950208702235346e-10,3.9978804399521626e-10,4.000740503509883e-10,4.003601060364103e-10,4.0064621099078513e-10,4.0093236516341534e-10,4.012185684856662e-10,4.015048209128812e-10,4.01791122378533e-10,4.020774728226547e-10,4.0236387219437835e-10,4.0265032043076235e-10,4.0293681749709173e-10,4.032233633175747e-10,4.03509957830355e-10,4.0379660098702483e-10,4.0408329273006374e-10,4.0437003299961255e-10,4.0465682174241887e-10,4.0494365890148943e-10,4.052305444206715e-10,4.055174782302559e-10,4.0580446029030457e-10,4.060914905470818e-10,4.0637856893616863e-10,4.066656954020671e-10,4.069528698877158e-10,4.072400923392222e-10,4.0752736269607606e-10,4.0781468090360463e-10,4.0810204690645597e-10,4.083894606492687e-10,4.086769220755371e-10,4.089644311263509e-10,4.092519877485671e-10,4.095395918856506e-10,4.098272434802992e-10,4.1011494247900997e-10,4.104026888215949e-10,4.1069048245582735e-10,4.1097832331546296e-10,4.112662113623545e-10,4.1155414653223106e-10,4.1184212876896197e-10,4.121301580262942e-10,4.124182342292151e-10,4.127063573321447e-10,4.1299452727970355e-10,4.132827440126979e-10,4.135710074715531e-10,4.138593176166627e-10,4.141476743807979e-10,4.1443607771645085e-10,4.147245275622284e-10,4.1501302387122673e-10,4.1530156656690745e-10,4.1559015561183394e-10,4.1587879094736117e-10,4.1616747251650885e-10,4.1645620026465975e-10,4.167449741374133e-10,4.1703379407738834e-10,4.173226600326307e-10,4.1761157194595886e-10,4.1790052976278477e-10,4.181895334274529e-10,4.1847858288423e-10,4.1876767808324106e-10,4.1905681896794655e-10,4.193460054795176e-10,4.1963523756354825e-10,4.1992451517691226e-10,4.2021383824513197e-10,4.205032067248069e-10,4.207926205527485e-10,4.2108207968715814e-10,4.2137158406295454e-10,4.2166113363500983e-10,4.2195072834548484e-10,4.222403681379257e-10,4.225300529577664e-10,4.228197827536278e-10,4.231095574679063e-10,4.233993770467965e-10,4.2368924143750806e-10,4.2397915058321223e-10,4.2426910443157665e-10,4.245591029305167e-10,4.248491460185213e-10,4.251392336476184e-10,4.2542936576504184e-10,4.25719542313826e-10,4.2600976324015903e-10,4.2630002848996116e-10,4.265903380082809e-10,4.2688069174280327e-10,4.271710896387662e-10,4.2746153164236657e-10,4.2775201770111386e-10,4.2804254776053426e-10,4.283331217675939e-10,4.2862373966555834e-10,4.289144014053416e-10,4.292051069327233e-10,4.294958561911113e-10,4.2978664912808224e-10,4.30077485691114e-10,4.3036836582796554e-10,4.306592894830952e-10,4.3095025660200053e-10,4.312412671345627e-10,4.3153232102376195e-10,4.318234182202637e-10,4.3211455866692014e-10,4.3240574231247517e-10,4.326969691026714e-10,4.3298823898659977e-10,4.3327955191019685e-10,4.3357090782206525e-10,4.338623066655556e-10,4.3415374839004664e-10,4.3444523294163436e-10,4.347367602679704e-10,4.3502833031802944e-10,4.353199430350677e-10,4.3561159836838903e-10,4.3590329626511527e-10,4.361950366726807e-10,4.364868195381701e-10,4.3677864480909744e-10,4.3707051243294706e-10,4.3736242235692217e-10,4.3765437452864197e-10,4.3794636889570275e-10,4.382384054055408e-10,4.3853048400806085e-10,4.3882260464801316e-10,4.3911476727171065e-10,4.394069718288254e-10,4.3969921826688723e-10,4.399915065338712e-10,4.40283836577415e-10,4.405762083454258e-10,4.4086862178579837e-10,4.411610768463364e-10,4.4145357347515935e-10,4.417461116201306e-10,4.4203869122932927e-10,4.423313122508362e-10,4.4262397463278727e-10,4.4291667832311786e-10,4.4320942327014653e-10,4.4350220942208064e-10,4.437950367286322e-10,4.440879051350896e-10,4.4438081459131863e-10,4.446737650463223e-10,4.449667564472966e-10,4.4525978874298167e-10,4.455528618833286e-10,4.4584597581432615e-10,4.46139130487797e-10,4.4643232584820123e-10,4.4672556184820427e-10,4.4701883843444884e-10,4.4731215555373607e-10,4.47605513158846e-10,4.47898911194304e-10,4.4819234961098006e-10,4.4848582835777207e-10,4.4877934738356473e-10,4.490729066372337e-10,4.4936650606771787e-10,4.4966014562401875e-10,4.4995382525530553e-10,4.50247544910299e-10,4.505413045382928e-10,4.5083510408838526e-10,4.511289435097305e-10,4.514228227516583e-10,4.5171674176498445e-10,4.520107004956933e-10,4.523046988949251e-10,4.5259873691167707e-10,4.528928144976935e-10,4.53186931598105e-10,4.5348108816653056e-10,4.537752841484005e-10,4.540695194952778e-10,4.5436379415682944e-10,4.546581080825903e-10,4.5495246122217457e-10,4.552468535253372e-10,4.555412849429471e-10,4.558357554224655e-10,4.5613026491481694e-10,4.5642481336988696e-10,4.567194007374756e-10,4.570140269685239e-10,4.573086920112082e-10,4.576033958190446e-10,4.5789813833611537e-10,4.5819291951585566e-10,4.584877393083561e-10,4.587825976633598e-10,4.590774945427469e-10,4.593724298736573e-10,4.596674036190648e-10,4.5996241572690677e-10,4.602574661486612e-10,4.605525548348717e-10,4.6084768173573007e-10,4.611428468014472e-10,4.614380499820185e-10,4.6173329123106327e-10,4.6202857049728273e-10,4.623238877285745e-10,4.626192428781165e-10,4.629146358898825e-10,4.6321006672537047e-10,4.635055353347531e-10,4.63801041660851e-10,4.640965856684097e-10,4.643921672927133e-10,4.6468778648559423e-10,4.649834432095957e-10,4.6527913740098323e-10,4.6557486901832894e-10,4.658706380134659e-10,4.661664443357912e-10,4.664622879373107e-10,4.667581687734003e-10,4.670540867859858e-10,4.673500419384634e-10,4.676460341676604e-10,4.679420634383487e-10,4.682381296893086e-10,4.68534232878816e-10,4.688303729611014e-10,4.691265498781954e-10,4.694227635938127e-10,4.697190140539077e-10,4.70015301202877e-10,4.703116249988762e-10,4.706079853975931e-10,4.709043823407023e-10,4.712008157902963e-10,4.714972856934509e-10,4.717937919975987e-10,4.720903346519059e-10,4.723869136196234e-10,4.726835288675022e-10,4.729801803135224e-10,4.732768679261814e-10,4.735735916473356e-10,4.738703514420935e-10,4.741671472518036e-10,4.744639790339637e-10,4.747608467444363e-10,4.750577503345521e-10,4.753546897552578e-10,4.756516649500352e-10,4.759486758782966e-10,4.76245722496781e-10,4.765428047471286e-10,4.768399225895608e-10,4.771370759774268e-10,4.774342648579492e-10,4.777314891747051e-10,4.780287489036791e-10,4.783260439850454e-10,4.786233743749023e-10,4.789207400195149e-10,4.792181408752334e-10,4.795155768928512e-10,4.798130480265011e-10,4.801105542325446e-10,4.804080954585811e-10,4.807056716594533e-10,4.810032827879921e-10,4.813009287954063e-10,4.81598609637231e-10,4.818963252642918e-10,4.821940756330408e-10,4.824918606937514e-10,4.827896804007276e-10,4.830875347041746e-10,4.833854235634821e-10,4.83683346926485e-10,4.839813047495539e-10,4.842792969826795e-10,4.845773235852177e-10,4.848753845059361e-10,4.851734796916749e-10,4.854716091056683e-10,4.857697726984616e-10,4.860679704250223e-10,4.863662022356902e-10,4.866644680861814e-10,4.869627679294942e-10,4.872611017195617e-10,4.875594694099439e-10,4.878578709588393e-10,4.881563063129388e-10,4.88454775425001e-10,4.887532782591362e-10,4.890518147579617e-10,4.893503848803905e-10,4.896489885861408e-10,4.89947625821736e-10,4.902462965431641e-10,4.905450007033421e-10,4.908437382521344e-10,4.911425091478554e-10,4.914413133462064e-10,4.917401508020193e-10,4.920390214726459e-10,4.923379253009174e-10,4.926368622624844e-10,4.92935832282014e-10,4.932348353290008e-10,4.935338713590187e-10,4.938329403309601e-10,4.941320421878952e-10,4.944311768904913e-10,4.947303443927199e-10,4.950295446499607e-10,4.95328777620268e-10,4.956280432561225e-10,4.959273415069475e-10,4.962266723304881e-10,4.965260356872688e-10,4.968254315202569e-10,4.971248598042183e-10,4.974243204676963e-10,4.977238134761652e-10,4.980233387905206e-10,4.983228963622798e-10,4.986224861471052e-10,4.989221080992044e-10,4.992217621741134e-10,4.995214483270351e-10,4.998211665211606e-10,5.001209166954631e-10,5.004206988102821e-10,5.007205128283867e-10,5.010203586978336e-10,5.013202363781357e-10,5.016201458234061e-10,5.019200869903147e-10,5.022200598322985e-10,5.025200643057217e-10,5.028201003649455e-10,5.031201679715966e-10,5.034202670725284e-10,5.037203976302627e-10,5.040205595924352e-10,5.043207529254643e-10,5.046209775758785e-10,5.049212335067904e-10,5.052215206700591e-10,5.055218390181954e-10,5.058221885161852e-10,5.061225691089807e-10,5.064229807563726e-10,5.067234234178521e-10,5.070238970474351e-10,5.073244016016265e-10,5.076249370360858e-10,5.079255033072081e-10,5.08226100370642e-10,5.085267281880831e-10,5.088273867039426e-10,5.091280758837842e-10,5.09428795681663e-10,5.097295460533758e-10,5.100303269576786e-10,5.10331138347736e-10,5.106319801804358e-10,5.1093285241425e-10,5.112337550021644e-10,5.115346879057641e-10,5.118356510773102e-10,5.121366444771889e-10,5.124376680605736e-10,5.127387217839476e-10,5.130398056016335e-10,5.133409194760586e-10,5.136420633602073e-10,5.139432372118026e-10,5.142444409998939e-10,5.145456746560946e-10,5.148469381504629e-10,5.151482314457295e-10,5.154495544881621e-10,5.157509072386441e-10,5.160522896616971e-10,5.16353701703281e-10,5.166551433322437e-10,5.169566144816291e-10,5.172581151347508e-10,5.175596452406774e-10,5.178612047517599e-10,5.18162793633819e-10,5.184644118395207e-10,5.187660593279348e-10,5.190677360563233e-10,5.193694419812279e-10,5.196711770608053e-10,5.199729412478009e-10,5.202747345088829e-10,5.205765567970204e-10,5.208784080724633e-10,5.211802882894986e-10,5.214821974046228e-10,5.217841353812109e-10,5.220861021779746e-10,5.223880977413687e-10,5.226901220366774e-10,5.229921750228467e-10,5.232942566528244e-10,5.235963668936503e-10,5.238985056919464e-10,5.242006730110529e-10,5.245028687979432e-10,5.248050930447245e-10,5.251073456827053e-10,5.254096266742896e-10,5.257119359794018e-10,5.260142735556537e-10,5.263166393604077e-10,5.266190333498596e-10,5.269214554886588e-10,5.27223905734171e-10,5.275263840386662e-10,5.278288903655403e-10,5.281314246827443e-10,5.284339869322645e-10,5.287365770707476e-10,5.290391950684326e-10,5.293418408808762e-10,5.296445144657105e-10,5.299472157820539e-10,5.302499447890658e-10,5.305527014456325e-10,5.308554857097453e-10,5.311582975426206e-10,5.314611368927916e-10,5.31764003734665e-10,5.320668980235645e-10,5.323698197101248e-10,5.326727687608756e-10,5.329757451326012e-10,5.332787487842667e-10,5.335817796759241e-10,5.338848377621893e-10,5.341879230086137e-10,5.344910353677188e-10,5.347941748079572e-10,5.350973412856931e-10,5.354005347546171e-10,5.357037551780176e-10,5.360070025183076e-10,5.363102767292277e-10,5.366135777671562e-10,5.369169056030189e-10,5.372202601945203e-10,5.375236414914239e-10,5.378270494643922e-10,5.38130484063523e-10,5.384339452558117e-10,5.38737433001204e-10,5.390409472546933e-10,5.393444879775016e-10,5.39648055131024e-10,5.399516486737972e-10,5.402552685653435e-10,5.405589147650726e-10,5.408625872339529e-10,5.411662859487791e-10,5.414700108487073e-10,5.417737618822534e-10,5.420775390265417e-10,5.423813422438601e-10,5.426851714921919e-10,5.429890267298208e-10,5.43292907917811e-10,5.435968150161267e-10,5.439007480023083e-10,5.44204706801328e-10,5.445086913946362e-10,5.448127017436772e-10,5.451167378028377e-10,5.454207995328352e-10,5.4572488689285e-10,5.460289998464623e-10,5.463331383566329e-10,5.466373023845563e-10,5.469414918897282e-10,5.472457068307665e-10,5.475499471767086e-10,5.478542128716345e-10,5.481585038893956e-10,5.484628201851727e-10,5.487671617202035e-10,5.490715284567818e-10,5.493759203601754e-10,5.496803373915277e-10,5.49984779503481e-10,5.502892466650156e-10,5.505937388273117e-10,5.508982559523861e-10,5.512027980183143e-10,5.515073649697251e-10,5.518119567762991e-10,5.521165733877152e-10,5.524212147775e-10,5.527258809019584e-10,5.530305717231709e-10,5.533352872002466e-10,5.536400272998003e-10,5.539447919801411e-10,5.542495812035693e-10,5.545543949303431e-10,5.548592331275924e-10,5.551640957418512e-10,5.554689827492535e-10,5.55773894124208e-10,5.56078829793479e-10,5.563837897327358e-10,5.566887739126981e-10,5.569937822878167e-10,5.572988148242905e-10,5.576038714879799e-10,5.579089522311896e-10,5.582140570156623e-10,5.585191858067844e-10,5.588243385649376e-10,5.591295152565027e-10,5.594347158407036e-10,5.597399402788741e-10,5.600451885279471e-10,5.603504605637817e-10,5.606557563411402e-10,5.609610758220773e-10,5.612664189647054e-10,5.615717857383875e-10,5.618771761033466e-10,5.621825900208312e-10,5.624880274549531e-10,5.627934883669715e-10,5.630989727178048e-10,5.634044804687372e-10,5.637100115941026e-10,5.640155660341248e-10,5.643211437715036e-10,5.646267447603786e-10,5.649323689647777e-10,5.652380163376801e-10,5.655436868614392e-10,5.658493804835364e-10,5.661550971773312e-10,5.664608369000054e-10,5.667665996165303e-10,5.670723852894253e-10,5.673781938771401e-10,5.676840253463008e-10,5.679898796572637e-10,5.682957567770152e-10,5.686016566675778e-10,5.689075792900922e-10,5.692135246077823e-10,5.695194925918921e-10,5.698254831942446e-10,5.701314963846144e-10,5.704375321196196e-10,5.707435903683786e-10,5.7104967109231e-10,5.71355774255803e-10,5.716618998204316e-10,5.719680477492496e-10,5.722742180147989e-10,5.725804105674581e-10,5.728866253758157e-10,5.731928624062165e-10,5.734991216171438e-10,5.738054029737085e-10,5.741117064459904e-10,5.744180319895386e-10,5.74724379581462e-10,5.750307491618809e-10,5.75337140710075e-10,5.756435541871999e-10,5.759499895553709e-10,5.762564467834392e-10,5.765629258321409e-10,5.768694266712133e-10,5.771759492517763e-10,5.774824935463273e-10,5.777890595281411e-10,5.780956471477466e-10,5.78402256364592e-10,5.787088871518694e-10,5.790155394710761e-10,5.793222132926821e-10,5.796289085741116e-10,5.799356252773037e-10,5.802423633721321e-10,5.805491228253744e-10,5.808559035896163e-10,5.811627056439861e-10,5.814695289488503e-10,5.817763734673174e-10,5.820832391567375e-10,5.823901259874974e-10,5.826970339221545e-10,5.830039629286825e-10,5.833109129705224e-10,5.836178840148007e-10,5.839248760167179e-10,5.842318889532443e-10,5.845389227809063e-10,5.848459774730736e-10,5.851530529879214e-10,5.854601492868548e-10,5.857672663363805e-10,5.860744041108708e-10,5.863815625688298e-10,5.866887416708191e-10,5.869959413839095e-10,5.87303161684533e-10,5.876104025260545e-10,5.879176638636199e-10,5.882249456806584e-10,5.88532247936477e-10,5.888395705925945e-10,5.891469136179725e-10,5.894542769799298e-10,5.897616606397542e-10,5.900690645539714e-10,5.903764887149819e-10,5.906839330660189e-10,5.909913975832697e-10,5.912988822266001e-10,5.916063869554602e-10,5.919139117410409e-10,5.922214565497563e-10,5.925290213463421e-10,5.928366060983012e-10,5.931442107700638e-10,5.934518353271094e-10,5.937594797406853e-10,5.940671439637967e-10,5.943748279709852e-10,5.946825317272432e-10,5.949902551968757e-10,5.952979983467519e-10,5.956057611424264e-10,5.95913543555798e-10,5.962213455463457e-10,5.965291670923312e-10,5.968370081160643e-10,5.971448686321895e-10,5.97452748588928e-10,5.97760647954106e-10,5.980685666911271e-10,5.983765047704321e-10,5.986844621563842e-10,5.989924388147961e-10,5.99300434716851e-10,5.996084498249504e-10,5.999164840993564e-10,6.002245375146741e-10,6.005326100315786e-10,6.008407016276724e-10,6.011488122515327e-10,6.014569418801435e-10,6.017650904852618e-10,6.020732580217789e-10,6.023814444784611e-10,6.026896497885262e-10,6.029978739388418e-10,6.033061168900261e-10,6.03614378608463e-10,6.039226590653923e-10,6.04230958228314e-10,6.045392760654901e-10,6.048476125328578e-10,6.051559676047832e-10,6.054643412585202e-10,6.057727334402219e-10,6.060811441282073e-10,6.063895732856543e-10,6.066980208788757e-10,6.07006486880964e-10,6.073149712609921e-10,6.076234739727741e-10,6.07931994994687e-10,6.082405342997033e-10,6.085490918370177e-10,6.088576675803718e-10,6.091662615052677e-10,6.094748735698197e-10,6.097835037466363e-10,6.100921520013853e-10,6.104008183015215e-10,6.107095026143637e-10,6.110182049031109e-10,6.113269251625398e-10,6.116356633174817e-10,6.11944419356334e-10,6.122531932386107e-10,6.125619849438478e-10,6.128707944332314e-10,6.131796216791172e-10,6.134884666445614e-10,6.137973293053731e-10,6.141062096227594e-10,6.144151075578355e-10,6.147240230847884e-10,6.150329561685884e-10,6.153419067827526e-10,6.156508748924264e-10,6.159598604689381e-10,6.1626886349616e-10,6.165778838967454e-10,6.168869216655569e-10,6.171959767589881e-10,6.175050491684915e-10,6.178141388493104e-10,6.181232457693057e-10,6.184323698989328e-10,6.187415112035563e-10,6.190506696532779e-10,6.193598452210871e-10,6.196690378485077e-10,6.199782475463191e-10,6.202874742566624e-10,6.205967179525053e-10,6.209059786036738e-10,6.212152561759234e-10,6.215245506397871e-10,6.218338619831709e-10,6.221431901423465e-10,6.224525350937633e-10,6.227618968148017e-10,6.230712752629305e-10,6.233806704152136e-10,6.236900822372847e-10,6.239995106998171e-10,6.243089557718851e-10,6.246184174213907e-10,6.249278956173984e-10,6.252373903313843e-10,6.255469015272657e-10,6.258564291758889e-10,6.261659732500102e-10,6.264755337173586e-10,6.267851105385856e-10,6.27094703693438e-10,6.274043131572371e-10,6.277139388713474e-10,6.280235808217323e-10,6.283332389769406e-10,6.286429133084236e-10,6.28952603783762e-10,6.292623103706851e-10,6.29572033038645e-10,6.298817717585198e-10,6.301915264986536e-10,6.305012972336505e-10,6.308110839233215e-10,6.311208865412342e-10,6.314307050565006e-10,6.31740539433028e-10,6.320503896408053e-10,6.323602556670342e-10,6.326701374702665e-10,6.329800350195253e-10,6.332899482828427e-10,6.335998772257204e-10,6.339098218286549e-10,6.342197820558276e-10,6.345297578766082e-10,6.348397492607058e-10,6.351497561786241e-10,6.354597786001311e-10,6.357698164972828e-10,6.360798698342266e-10,6.363899385831071e-10,6.367000227165977e-10,6.370101221918948e-10,6.373202369937797e-10,6.376303671036075e-10,6.379405124670809e-10,6.382506730481173e-10,6.385608488448156e-10,6.388710398041055e-10,6.391812459233153e-10,6.39491467150667e-10,6.398017034622747e-10,6.401119548269711e-10,6.404222212142916e-10,6.407325025963698e-10,6.410427989421754e-10,6.413531102266355e-10,6.416634364140523e-10,6.419737774751024e-10,6.422841333829597e-10,6.425945041059157e-10,6.429048896172337e-10,6.432152898793528e-10,6.435257048767327e-10,6.438361345720693e-10,6.441465789358672e-10,6.444570379408209e-10,6.44767511555166e-10,6.450779997420676e-10,6.453885024850798e-10,6.456990197527008e-10,6.460095515207727e-10,6.463200977492958e-10,6.466306584122186e-10,6.469412334863272e-10,6.472518229325652e-10,6.475624267206261e-10,6.478730448293315e-10,6.481836772308695e-10,6.484943238939978e-10,6.488049847890517e-10,6.491156598836815e-10,6.494263491632508e-10,6.497370525799538e-10,6.500477701061356e-10,6.503585017264636e-10,6.506692474047933e-10,6.509800071091504e-10,6.512907808183743e-10,6.516015684989146e-10,6.519123701236703e-10,6.522231856619774e-10,6.525340150872494e-10,6.528448583728279e-10,6.531557154865927e-10,6.534665863991782e-10,6.537774710797136e-10,6.540883695083163e-10,6.543992816524704e-10,6.547102074836452e-10,6.550211469643339e-10,6.553321000829942e-10,6.556430668023975e-10,6.559540470956318e-10,6.562650409339692e-10,6.565760482999816e-10,6.568870691380076e-10,6.571981034346796e-10,6.575091511586329e-10,6.578202123085168e-10,6.581312868229106e-10,6.584423746763138e-10,6.587534758573875e-10,6.590645903369838e-10,6.593757180733849e-10,6.596868590397507e-10,6.59998013219448e-10,6.603091805783653e-10,6.6062036108861e-10,6.609315547168849e-10,6.612427614475017e-10,6.615539812459718e-10,6.618652140740051e-10,6.62176459925172e-10,6.624877187602433e-10,6.627989905472513e-10,6.631102752578336e-10,6.634215728821046e-10,6.637328833800188e-10,6.640442067250944e-10,6.643555428889823e-10,6.646668918426576e-10,6.649782535608835e-10,6.652896280194792e-10,6.656010151834186e-10,6.65912415022921e-10,6.662238275208608e-10,6.665352526389664e-10,6.668466903578749e-10,6.67158140660438e-10,6.674696035098224e-10,6.677810788686775e-10,6.680925667171973e-10,6.684040670274057e-10,6.687155797749615e-10,6.690271049295525e-10,6.6933864246561e-10,6.696501923558701e-10,6.699617545731155e-10,6.70273329089067e-10,6.705849158967237e-10,6.708965149156525e-10,6.712081261956599e-10,6.715197496432857e-10,6.718313852643828e-10,6.721430330140507e-10,6.724546928756162e-10,6.72766364836463e-10,6.730780488569134e-10,6.733897448905565e-10,6.737014529266085e-10,6.740131729381183e-10,6.743249049036637e-10,6.746366488086292e-10,6.749484046137015e-10,6.752601722715375e-10,6.755719517916407e-10,6.7588374309437e-10,6.761955462040283e-10,6.765073610771895e-10,6.76819187688339e-10,6.771310260108635e-10,6.774428760188973e-10,6.777547376912573e-10,6.780666109895143e-10,6.78378495895702e-10,6.786903923794227e-10,6.790023004193508e-10,6.793142199877991e-10,6.796261510506304e-10,6.799380936066508e-10,6.802500475921774e-10,6.805620130176061e-10,6.808739898211339e-10,6.811859779935541e-10,6.814979775103193e-10,6.818099883432424e-10,6.821220104850173e-10,6.824340438745279e-10,6.827460885038338e-10,6.830581443463762e-10,6.833702113718814e-10,6.836822895623584e-10,6.83994378880198e-10,6.843064793256307e-10,6.846185908615237e-10,6.849307134416999e-10,6.852428470622447e-10,6.855549916945061e-10,6.858671473061455e-10,6.861793138579544e-10,6.864914913384906e-10,6.86803679720776e-10,6.87115878991638e-10,6.874280891249803e-10,6.877403100809327e-10,6.880525418232905e-10,6.883647843406316e-10,6.88677037603891e-10,6.889893015968372e-10,6.893015763067625e-10,6.896138616704975e-10,6.899261576932906e-10,6.902384643214911e-10,6.905507815572236e-10,6.90863109363971e-10,6.911754477176574e-10,6.914877965945567e-10,6.91800155981945e-10,6.921125258395564e-10,6.924249061448266e-10,6.927372968490461e-10,6.930496979400331e-10,6.933621094172671e-10,6.936745312360876e-10,6.939869633767268e-10,6.942994058150599e-10,6.946118585206586e-10,6.949243214836373e-10,6.952367946696454e-10,6.955492780453693e-10,6.958617715964434e-10,6.961742752785851e-10,6.96486789063645e-10,6.96799312964263e-10,6.971118469266121e-10,6.974243909413437e-10,6.977369449965432e-10,6.980495090349492e-10,6.983620830579286e-10,6.986746670278514e-10,6.989872609028885e-10,6.992998646856816e-10,6.996124783312037e-10,6.999251018265055e-10,7.002377351554621e-10,7.005503782745594e-10,7.00863031164827e-10,7.01175693811333e-10,7.014883661779132e-10,7.018010482685712e-10,7.021137400271949e-10,7.024264414284219e-10,7.027391524603958e-10,7.030518731082197e-10,7.033646033272653e-10,7.036773431114221e-10,7.039900924142025e-10,7.04302851233722e-10,7.04615619524325e-10,7.049283972944958e-10,7.052411844781845e-10,7.055539810567808e-10,7.058667870391287e-10,7.061796023796451e-10,7.064924270758609e-10,7.068052610760024e-10,7.071181043596772e-10,7.074309569142592e-10,7.077438187084722e-10,7.08056689733339e-10,7.083695699379347e-10,7.08682459310537e-10,7.089953578324354e-10,7.09308265488618e-10,7.096211822358383e-10,7.099341080471627e-10,7.102470429242051e-10,7.1055998683516e-10,7.108729397328182e-10,7.111859016128065e-10,7.114988724457842e-10,7.118118522126337e-10,7.121248408868173e-10,7.12437838462839e-10,7.127508448975547e-10,7.130638601569927e-10,7.133768842279183e-10,7.136899170947699e-10,7.140029587358016e-10,7.143160091147721e-10,7.14629068210204e-10,7.149421360003669e-10,7.152552124669129e-10,7.155682975878708e-10,7.158813913342632e-10,7.16194493683902e-10,7.165076046217403e-10,7.168207241079483e-10,7.171338521299275e-10,7.174469886838719e-10,7.177601337042691e-10,7.180732871850946e-10,7.183864491144813e-10,7.186996194259797e-10,7.190127981606348e-10,7.193259852919548e-10,7.196391807465303e-10,7.199523845344825e-10,7.20265596621071e-10,7.205788169989734e-10,7.208920456246507e-10,7.212052824975497e-10,7.21518527567547e-10,7.21831780821944e-10,7.221450422459659e-10,7.224583118128508e-10,7.227715894988649e-10,7.230848752883987e-10,7.233981691532894e-10,7.237114710630287e-10,7.240247810002274e-10,7.243380989417293e-10,7.246514248681019e-10,7.249647587557604e-10,7.252781005840163e-10,7.255914503207536e-10,7.259048079530403e-10,7.262181734549851e-10,7.265315468038327e-10,7.268449279699893e-10,7.271583169452306e-10,7.274717137051431e-10,7.277851182224113e-10,7.280985304781913e-10,7.284119504443e-10,7.28725378100415e-10,7.290388134302901e-10,7.293522563885048e-10,7.29665706979472e-10,7.299791651754572e-10,7.30292630951567e-10,7.306061042860541e-10,7.309195851532421e-10,7.31233073530836e-10,7.315465694070936e-10,7.318600727456903e-10,7.32173583531901e-10,7.324871017409301e-10,7.328006273483805e-10,7.331141603403436e-10,7.334277006888479e-10,7.33741248372543e-10,7.340548033701302e-10,7.343683656640805e-10,7.346819352233428e-10,7.349955120455565e-10,7.353090960754845e-10,7.356226873151966e-10,7.359362857543055e-10,7.362498913600769e-10,7.36563504084299e-10,7.368771239261003e-10,7.371907508612411e-10,7.37504384869662e-10,7.378180259247724e-10,7.381316740159346e-10,7.384453291160101e-10,7.387589912082631e-10,7.390726602628001e-10,7.393863362614828e-10,7.397000191823196e-10,7.400137090107437e-10,7.403274057114365e-10,7.406411092668939e-10,7.409548196639194e-10,7.412685368730691e-10,7.415822608756341e-10,7.41895991647411e-10,7.422097291716662e-10,7.425234734275736e-10,7.428372243855071e-10,7.431509820350189e-10,7.434647463552399e-10,7.4377851732068e-10,7.4409229490092e-10,7.444060790874759e-10,7.447198698481738e-10,7.450336671726687e-10,7.453474710356194e-10,7.456612814201574e-10,7.459750982813564e-10,7.462889216104943e-10,7.466027514089352e-10,7.469165876432291e-10,7.472304302530464e-10,7.475442792992854e-10,7.478581347051983e-10,7.481719964654192e-10,7.484858645645364e-10,7.487997389534436e-10,7.491136196289792e-10,7.494275065700109e-10,7.497413997545614e-10,7.500552991578061e-10,7.503692047690397e-10,7.506831165613889e-10,7.509970345156433e-10,7.513109586117324e-10,7.516248888251548e-10,7.519388251403701e-10,7.522527675475375e-10,7.52566715989414e-10,7.528806704724164e-10,7.531946309561055e-10,7.535085974582302e-10,7.538225699194769e-10,7.541365483296849e-10,7.544505326959802e-10,7.54764522974423e-10,7.550785191331708e-10,7.553925211723566e-10,7.557065290660211e-10,7.560205427955749e-10,7.563345623345187e-10,7.56648587662743e-10,7.569626187659306e-10,7.572766556149034e-10,7.575906981925339e-10,7.579047464803906e-10,7.582188004659669e-10,7.585328601159646e-10,7.58846925414894e-10,7.591609963413569e-10,7.594750728788453e-10,7.597891550016467e-10,7.601032426954245e-10,7.604173359381766e-10,7.607314347102383e-10,7.610455389639296e-10,7.613596487324133e-10,7.616737639654829e-10,7.619878846457679e-10,7.623020107565424e-10,7.6261614227506e-10,7.62930279184564e-10,7.632444214695241e-10,7.635585690887147e-10,7.638727220431997e-10,7.641868803062354e-10,7.645010438576819e-10,7.648152126795598e-10,7.651293867482566e-10,7.654435660486587e-10,7.657577505549925e-10,7.660719402491784e-10,7.663861351211918e-10,7.667003351442818e-10,7.670145403094095e-10,7.673287505763326e-10,7.67642965932714e-10,7.679571863635662e-10,7.682714118481861e-10,7.685856423618675e-10,7.688998778914501e-10,7.692141184089824e-10,7.695283639047747e-10,7.69842614360883e-10,7.701568697535272e-10,7.704711300601354e-10,7.707853952632393e-10,7.71099665343539e-10,7.71413940282703e-10,7.717282200599167e-10,7.720425046576911e-10,7.723567940548675e-10,7.726710882328636e-10,7.729853871705224e-10,7.732996908536624e-10,7.73613999262248e-10,7.739283123663551e-10,7.742426301604724e-10,7.745569526166411e-10,7.748712797240751e-10,7.751856114446279e-10,7.754999477908832e-10,7.758142887200446e-10,7.761286342199805e-10,7.76442984272774e-10,7.767573388588592e-10,7.770716979582571e-10,7.773860615509779e-10,7.777004296193393e-10,7.780148021449648e-10,7.783291791122075e-10,7.786435604925653e-10,7.789579462742258e-10,7.792723364367539e-10,7.795867309604223e-10,7.799011298272015e-10,7.802155330167735e-10,7.805299405095181e-10,7.808443522905033e-10,7.811587683437117e-10,7.814731886413313e-10,7.817876131721435e-10,7.821020419157624e-10,7.82416474853096e-10,7.827309119641559e-10,7.830453532306086e-10,7.8335979863621e-10,7.836742481619838e-10,7.839887017865123e-10,7.843031594723011e-10,7.846176212421732e-10,7.849320870554496e-10,7.852465568973129e-10,7.855610307469496e-10,7.858755085877376e-10,7.861899904009082e-10,7.865044761637859e-10,7.868189658640814e-10,7.871334594789877e-10,7.874479569900053e-10,7.877624583743092e-10,7.880769636280225e-10,7.88391472723403e-10,7.887059856438595e-10,7.890205023715695e-10,7.893350228788638e-10,7.896495471652941e-10,7.899640751984741e-10,7.902786069703846e-10,7.905931424574432e-10,7.909076816372555e-10,7.912222245016695e-10,7.915367710250765e-10,7.918513211930395e-10,7.92165874987651e-10,7.924804323892398e-10,7.927949933783315e-10,7.931095579348474e-10,7.934241260479917e-10,7.937386977009804e-10,7.94053272870402e-10,7.943678515406707e-10,7.946824336951079e-10,7.949970193103364e-10,7.953116083721082e-10,7.956262008070615e-10,7.959407967083807e-10,7.962553960007867e-10,7.965699986686069e-10,7.968846046942367e-10,7.97199214060216e-10,7.975138267498903e-10,7.978284427421601e-10,7.981430620042148e-10,7.984576845471256e-10,7.98772310345398e-10,7.990869393765749e-10,7.994015716240919e-10,7.997162070707653e-10,8.000308456998477e-10,8.003454874776691e-10,8.006601324048992e-10,8.009747804708551e-10,8.012894316444227e-10,8.016040859151649e-10,8.019187432644481e-10,8.02233403670154e-10,8.025480671187981e-10,8.028627335886779e-10,8.031774030666595e-10,8.034920755187437e-10,8.038067509570862e-10,8.041214293531093e-10,8.044361106871079e-10,8.047507949364153e-10,8.050654820913308e-10,8.053801721298168e-10,8.056948650397243e-10,8.060095608003752e-10,8.063242593959897e-10,8.066389608065209e-10,8.069536650162606e-10,8.072683720153775e-10,8.075830817683168e-10,8.07897794282098e-10,8.082125095249663e-10,8.08527227480549e-10,8.088419481362063e-10,8.091566714699837e-10,8.094713974692619e-10,8.097861261144054e-10,8.101008573907577e-10,8.104155912781146e-10,8.107303277624732e-10,8.110450668268319e-10,8.113598084530959e-10,8.116745526262801e-10,8.119892993262293e-10,8.123040485381341e-10,8.126188002450847e-10,8.12933554429801e-10,8.132483110772589e-10,8.135630701702873e-10,8.138778316909447e-10,8.141925956225357e-10,8.145073619488317e-10,8.14822130652276e-10,8.15136901718474e-10,8.154516751362905e-10,8.15766450885032e-10,8.16081228936426e-10,8.163960092825178e-10,8.167107919066641e-10,8.170255767914191e-10,8.173403639215548e-10,8.17655153281775e-10,8.179699448551313e-10,8.18284738624308e-10,8.18599534574723e-10,8.189143326965522e-10,8.192291329514547e-10,8.195439353396889e-10,8.198587398444204e-10,8.201735464495549e-10,8.204883551325607e-10,8.208031658832183e-10,8.211179786831726e-10,8.214327935122164e-10,8.217476103572435e-10,8.220624292045418e-10,8.22377250034207e-10,8.22692072833231e-10,8.230068975833454e-10,8.233217242686383e-10,8.236365528739511e-10,8.239513833815235e-10,8.242662157761628e-10,8.245810500411314e-10,8.248958861658301e-10,8.252107241249051e-10,8.255255639079501e-10,8.25840405496462e-10,8.2615524887656e-10,8.264700940269317e-10,8.267849409432002e-10,8.270997895949257e-10,8.274146399770138e-10,8.277294920712622e-10,8.280443458606365e-10,8.283592013292028e-10,8.286740584617503e-10,8.289889172372374e-10,8.293037776491107e-10,8.296186396768255e-10,8.299335033354813e-10,8.302483685201539e-10,8.305632353010603e-10,8.308781036347811e-10,8.311929735065516e-10,8.315078448992997e-10,8.318227177796785e-10,8.321375921828929e-10,8.324524680491598e-10,8.327673453710222e-10,8.330822241359545e-10,8.333971043128803e-10,8.337119859268947e-10,8.340268689296825e-10,8.343417533128044e-10,8.346566390609865e-10,8.349715261582734e-10,8.35286414591657e-10,8.3560130434453e-10,8.359161954000159e-10,8.362310877461458e-10,8.365459813629372e-10,8.368608762367375e-10,8.371757723527865e-10,8.374906696916515e-10,8.378055682500294e-10,8.381204680016957e-10,8.384353689296233e-10,8.387502710238322e-10,8.390651742690312e-10,8.393800786496322e-10,8.396949841497469e-10,8.400098907542511e-10,8.403247984426882e-10,8.406397072096669e-10,8.409546170336152e-10,8.412695279027698e-10,8.415844397950801e-10,8.418993527068209e-10,8.422142666146811e-10,8.425291815074378e-10,8.428440974028626e-10,8.4315901421836e-10,8.434739319699161e-10,8.437888506479953e-10,8.441037702265863e-10,8.444186906938472e-10,8.44733612047245e-10,8.450485342637462e-10,8.453634573233809e-10,8.456783812216837e-10,8.459933059382251e-10,8.463082314589959e-10,8.466231577698631e-10,8.469380848463939e-10,8.472530126803327e-10,8.475679412686494e-10,8.478828705543993e-10,8.481978005822778e-10,8.485127313094339e-10,8.48827662699561e-10,8.491425947824904e-10,8.494575275203111e-10,8.49772460898367e-10,8.50087394903357e-10,8.504023295150496e-10,8.507172647274444e-10,8.510322005159315e-10,8.513471368781574e-10,8.516620737890142e-10,8.519770112409456e-10,8.522919492192301e-10,8.526068877054108e-10,8.52921826685331e-10,8.532367661454236e-10,8.535517060636742e-10,8.538666464402026e-10,8.541815872597984e-10,8.544965284952049e-10,8.548114701114808e-10,8.551264121484476e-10,8.554413545643672e-10,8.557562973451679e-10,8.560712404750555e-10,8.563861839409161e-10,8.567011277287383e-10,8.570160718229545e-10,8.573310162126743e-10,8.576459608803544e-10,8.57960905802892e-10,8.582758509814882e-10,8.585907963977343e-10,8.589057420359753e-10,8.592206878811059e-10,8.595356339182368e-10,8.598505801205413e-10,8.601655265020934e-10,8.60480473034422e-10,8.607954196984888e-10,8.611103664900534e-10,8.6142531338818e-10,8.617402603815671e-10,8.620552074556473e-10,8.623701545960698e-10,8.626851017876847e-10,8.630000490196238e-10,8.6331499627215e-10,8.636299435342346e-10,8.639448907954393e-10,8.642598380053583e-10,8.645747851955255e-10,8.648897323829484e-10,8.652046794680046e-10,8.655196265005247e-10,8.658345734568569e-10,8.661495203078618e-10,8.66464467033247e-10,8.667794136348755e-10,8.670943600918582e-10,8.674093063966858e-10,8.67724252529456e-10,8.680391984870374e-10,8.683541442358933e-10,8.686690897733592e-10,8.689840350865674e-10,8.692989801586458e-10,8.696139249795001e-10,8.699288695342306e-10,8.702438138196666e-10,8.705587577973784e-10,8.708737014717199e-10,8.711886448270717e-10,8.715035878521794e-10,8.71818530522923e-10,8.721334728318697e-10,8.724484147652542e-10,8.727633563116423e-10,8.730782974522383e-10,8.733932381823265e-10,8.737081784821693e-10,8.740231183395646e-10,8.743380577417184e-10,8.746529966735283e-10,8.749679351298433e-10,8.752828730864076e-10,8.755978105288704e-10,8.759127474587865e-10,8.762276838424498e-10,8.765426196837739e-10,8.768575549512116e-10,8.771724896482033e-10,8.774874237546448e-10,8.778023572567362e-10,8.781172901426944e-10,8.784322224035202e-10,8.787471540197083e-10,8.79062084980171e-10,8.793770152707282e-10,8.796919448579941e-10,8.800068737698484e-10,8.803218019776854e-10,8.806367294610069e-10,8.809516562074035e-10,8.812665822059668e-10,8.815815074459352e-10,8.818964319109377e-10,8.822113555628524e-10,8.825262784399407e-10,8.828412005039151e-10,8.83156121740048e-10,8.834710421377016e-10,8.837859616858205e-10,8.841008803791517e-10,8.844157981838247e-10,8.847307150976678e-10,8.850456310984093e-10,8.853605461917767e-10,8.85675460373011e-10,8.859903735923508e-10,8.863052858581376e-10,8.866201971505138e-10,8.869351074654663e-10,8.872500167868461e-10,8.875649250987114e-10,8.878798323979824e-10,8.881947386752974e-10,8.885096438944047e-10,8.888245480538858e-10,8.891394511387367e-10,8.894543531452701e-10,8.897692540548322e-10,8.900841538489451e-10,8.90399052530579e-10,8.907139500789635e-10,8.910288464769954e-10,8.913437417160564e-10,8.916586357822799e-10,8.919735286643939e-10,8.922884203492438e-10,8.926033108295483e-10,8.929182000794418e-10,8.932330881056862e-10,8.935479748798146e-10,8.938628603829836e-10,8.941777446209367e-10,8.944926275740749e-10,8.948075092299939e-10,8.951223895788081e-10,8.954372686026062e-10,8.957521462910522e-10,8.960670226330917e-10,8.963818976167012e-10,8.966967712273934e-10,8.970116434500342e-10,8.973265142763256e-10,8.976413836932294e-10,8.979562517029102e-10,8.982711182692249e-10,8.985859833891542e-10,8.98900847044344e-10,8.992157092367274e-10,8.995305699434304e-10,8.998454291547244e-10,9.001602868591411e-10,9.004751430466868e-10,9.007899976991649e-10,9.011048508099245e-10,9.014197023592197e-10,9.017345523474433e-10,9.020494007569195e-10,9.023642475729607e-10,9.026790927840447e-10,9.029939363783217e-10,9.033087783388449e-10,9.036236186647941e-10,9.039384573373777e-10,9.042532943440258e-10,9.045681296754538e-10,9.048829633182739e-10,9.051977952558565e-10,9.055126254894675e-10,9.058274539906195e-10,9.061422807596324e-10,9.064571057756203e-10,9.067719290343977e-10,9.070867505185157e-10,9.074015702187899e-10,9.077163881253216e-10,9.080312042244559e-10,9.083460185115105e-10,9.086608309576432e-10,9.089756415582986e-10,9.092904502987772e-10,9.096052571766749e-10,9.099200621774445e-10,9.102348652873937e-10,9.105496664941347e-10,9.108644657871947e-10,9.11179263167267e-10,9.114940585955779e-10,9.118088520754565e-10,9.121236435946323e-10,9.124384331399426e-10,9.127532207015938e-10,9.130680062834041e-10,9.133827898261799e-10,9.136975713643585e-10,9.140123508715682e-10,9.143271283364644e-10,9.146419037443699e-10,9.149566770891554e-10,9.152714483631384e-10,9.155862175376289e-10,9.159009846165195e-10,9.16215749581967e-10,9.165305124253076e-10,9.168452731213982e-10,9.1716003168392e-10,9.174747880872386e-10,9.177895423256875e-10,9.181042943829356e-10,9.184190442474531e-10,9.187337919064956e-10,9.190485373524009e-10,9.19363280570505e-10,9.196780215512057e-10,9.199927602813897e-10,9.203074967509634e-10,9.206222309514608e-10,9.20936962868491e-10,9.212516924912882e-10,9.215664198205443e-10,9.218811448200748e-10,9.22195867495469e-10,9.22510587827562e-10,9.228253058107464e-10,9.231400214323867e-10,9.234547346821461e-10,9.237694455449264e-10,9.240841540133748e-10,9.243988600763038e-10,9.247135637216129e-10,9.250282649402739e-10,9.253429637200969e-10,9.256576600160166e-10,9.259723538810375e-10,9.262870452733422e-10,9.266017341823998e-10,9.269164205941483e-10,9.272311044998627e-10,9.275457858870385e-10,9.278604646962988e-10,9.281751410192528e-10,9.284898147898597e-10,9.288044859996765e-10,9.291191546363015e-10,9.294338206974088e-10,9.297484841572449e-10,9.300631450115969e-10,9.303778032513277e-10,9.306924588628708e-10,9.310071118415885e-10,9.31321762167401e-10,9.316364098324395e-10,9.319510548285245e-10,9.322656971446896e-10,9.325803367682926e-10,9.328949736826417e-10,9.33209607887595e-10,9.33524239395505e-10,9.338388681454446e-10,9.341534941480084e-10,9.34468117393813e-10,9.347827378707165e-10,9.35097355572602e-10,9.354119704808189e-10,9.357265825934884e-10,9.360411918955033e-10,9.363557983747402e-10,9.366704020258273e-10,9.36985002848919e-10,9.372996008038348e-10,9.376141958889774e-10,9.379287881072419e-10,9.382433774368986e-10,9.38557963876375e-10,9.38872547407026e-10,9.39187128024137e-10,9.395017057140506e-10,9.398162804669825e-10,9.40130852273055e-10,9.40445421134772e-10,9.407599870149867e-10,9.410745499217832e-10,9.41389109830813e-10,9.41703666728635e-10,9.420182206375128e-10,9.423327715134964e-10,9.426473193875963e-10,9.429618641890137e-10,9.43276405942345e-10,9.435909446330989e-10,9.439054802507344e-10,9.44220012783817e-10,9.44534542224719e-10,9.448490685620862e-10,9.451635917855921e-10,9.454781118842614e-10,9.457926288646574e-10,9.46107142686717e-10,9.464216533644337e-10,9.467361608600108e-10,9.470506651831607e-10,9.473651663162657e-10,9.476796642549475e-10,9.479941589919914e-10,9.483086505053728e-10,9.486231387951067e-10,9.489376238491416e-10,9.492521056531015e-10,9.495665842131956e-10,9.498810594943033e-10,9.501955314988538e-10,9.505100002311714e-10,9.508244656501282e-10,9.511389277608623e-10,9.514533865523665e-10,9.517678420179317e-10,9.520822941380258e-10,9.523967429175968e-10,9.52711188337394e-10,9.530256303908347e-10,9.533400690653813e-10,9.536545043459646e-10,9.53968936238337e-10,9.542833647237985e-10,9.545977897721784e-10,9.549122114091908e-10,9.552266296081347e-10,9.555410443585363e-10,9.558554556524507e-10,9.561698634780401e-10,9.564842678491842e-10,9.567986687122803e-10,9.57113066078085e-10,9.574274599356856e-10,9.577418502742189e-10,9.580562370926015e-10,9.583706203688369e-10,9.586850001105603e-10,9.58999376288635e-10,9.593137489022207e-10,9.596281179342864e-10,9.599424833905064e-10,9.602568452449857e-10,9.605712034913704e-10,9.608855581358476e-10,9.611999091516286e-10,9.61514256531509e-10,9.618286002695181e-10,9.621429403531733e-10,9.624572767774974e-10,9.627716095286133e-10,9.630859385947229e-10,9.634002639728117e-10,9.637145856444387e-10,9.640289036063345e-10,9.64343217851251e-10,9.64657528368072e-10,9.649718351494315e-10,9.65286138180909e-10,9.65600437430874e-10,9.659147329453865e-10,9.662290246843048e-10,9.665433126230887e-10,9.668575966741011e-10,9.671718770455544e-10,9.67486153569409e-10,9.678004262557338e-10,9.68114695117999e-10,9.684289601444432e-10,9.687432213110051e-10,9.690574786153215e-10,9.693717320482927e-10,9.696859815985053e-10,9.700002272593519e-10,9.703144690206405e-10,9.706287068714173e-10,9.709429408135847e-10,9.71257170811054e-10,9.71571396879746e-10,9.718856190030035e-10,9.72199837178548e-10,9.725140513766637e-10,9.728282616046917e-10,9.731424678468584e-10,9.734566701068874e-10,9.737708683556412e-10,9.740850625905372e-10,9.743992528114244e-10,9.74713439009148e-10,9.75027621159622e-10,9.753417992648284e-10,9.756559733065616e-10,9.759701432856676e-10,9.762843091896044e-10,9.765984710033988e-10,9.769126287317957e-10,9.772267823270279e-10,9.775409318382862e-10,9.778550772478754e-10,9.78169218517058e-10,9.78483355635815e-10,9.787974886087496e-10,9.791116174245348e-10,9.794257420849152e-10,9.797398625601155e-10,9.800539788506388e-10,9.80368090946806e-10,9.806821988475906e-10,9.809963025318045e-10,9.813104019928647e-10,9.816244972116337e-10,9.819385882094953e-10,9.822526749676498e-10,9.825667574643166e-10,9.828808357136769e-10,9.831949096677548e-10,9.835089793423695e-10,9.838230447217973e-10,9.84137105797101e-10,9.844511625751998e-10,9.847652150306137e-10,9.85079263158186e-10,9.853933069512128e-10,9.857073464008417e-10,9.86021381503025e-10,9.863354122320362e-10,9.86649438594029e-10,9.86963460580396e-10,9.872774781786739e-10,9.875914913838053e-10,9.879055001741875e-10,9.882195045495372e-10,9.885335045073053e-10,9.888475000303604e-10,9.891614911060848e-10,9.894754777464119e-10,9.89789459923519e-10,9.901034376345508e-10,9.9041741087098e-10,9.907313796290876e-10,9.91045343884803e-10,9.91359303643368e-10,9.91673258894901e-10,9.919872096259605e-10,9.923011558292707e-10,9.926150974983344e-10,9.929290346197398e-10,9.932429671833704e-10,9.935568951976837e-10,9.938708186401142e-10,9.941847375046651e-10,9.944986517806998e-10,9.948125614664914e-10,9.95126466553491e-10,9.954403670261927e-10,9.95754262872374e-10,9.96068154122377e-10,9.963820407033256e-10,9.966959226392553e-10,9.970097999270123e-10,9.973236725296019e-10,9.976375404820698e-10,9.979514037606008e-10,9.982652623421339e-10,9.985791162093422e-10,9.98892965399278e-10,9.992068098700567e-10,9.995206496177157e-10,9.998344846357778e-10,1.000148314915234e-09,1.0004621404486327e-09,1.000775961226064e-09,1.0010897772448708e-09,1.0014035884820271e-09,1.001717394957473e-09,1.0020311966379561e-09,1.0023449935161886e-09,1.0026587855980536e-09,1.00297257287143e-09,1.0032863553107026e-09,1.0036001329302971e-09,1.0039139057137396e-09,1.0042276736517186e-09,1.0045414367368692e-09,1.0048551949623256e-09,1.005168948318244e-09,1.0054826967948966e-09,1.005796440380185e-09,1.0061101790786336e-09,1.0064239128752624e-09,1.0067376417611784e-09,1.0070513657315117e-09,1.0073650847733301e-09,1.0076787988765769e-09,1.0079925080434926e-09,1.008306212260822e-09,1.0086199115165147e-09,1.0089336058435809e-09,1.0092472951492968e-09,1.009560979495054e-09,1.00987465881715e-09,1.010188333165168e-09,1.0105020025031331e-09,1.0108156668321557e-09,1.0111293261345992e-09,1.011442980405861e-09,1.0117566296372492e-09,1.0120702738246602e-09,1.0123839129585912e-09,1.0126975470261274e-09,1.0130111760346174e-09,1.0133247999561357e-09,1.0136384187974695e-09,1.0139520325512599e-09,1.0142656412074203e-09,1.0145792447401018e-09,1.0148928431647066e-09,1.015206436458241e-09,1.0155200246345998e-09,1.0158336076511703e-09,1.0161471855236738e-09,1.0164607582438996e-09,1.0167743257927252e-09,1.0170878881790981e-09,1.017401445377388e-09,1.0177149973939908e-09,1.0180285442147075e-09,1.018342085843404e-09,1.0186556222503356e-09,1.0189691534422395e-09,1.0192826794068345e-09,1.0195962001394146e-09,1.0199097156305258e-09,1.0202232258806403e-09,1.020536730838358e-09,1.020850230561782e-09,1.0211637250108003e-09,1.0214772141832365e-09,1.0217906980653328e-09,1.022104176660426e-09,1.0224176499552933e-09,1.022731117937037e-09,1.0230445805914194e-09,1.0233580379181647e-09,1.023671489923208e-09,1.023984936569141e-09,1.0242983778805677e-09,1.0246118138413716e-09,1.0249252444400365e-09,1.0252386696691298e-09,1.025552089525415e-09,1.0258655040177652e-09,1.0261789130892226e-09,1.026492316794162e-09,1.0268057150608368e-09,1.027119107884666e-09,1.0274324953298946e-09,1.0277458773283308e-09,1.0280592538910175e-09,1.0283726250362198e-09,1.028685990700488e-09,1.0289993509049295e-09,1.0293127056492005e-09,1.0296260549135567e-09,1.0299393986941735e-09,1.0302527370013626e-09,1.0305660698002303e-09,1.0308793970930502e-09,1.0311927188755401e-09,1.0315060351496489e-09,1.0318193458884798e-09,1.0321326510934658e-09,1.0324459507634482e-09,1.0327592448916537e-09,1.0330725334576877e-09,1.03338581646321e-09,1.0336990938942575e-09,1.0340123657494686e-09,1.0343256320243108e-09,1.0346388927017988e-09,1.034952147782185e-09,1.0352653972545827e-09,1.0355786411226927e-09,1.0358918793669234e-09,1.0362051119859333e-09,1.0365183389678977e-09,1.03683156031911e-09,1.0371447759938098e-09,1.0374579860232653e-09,1.0377711904207512e-09,1.0380843891157755e-09,1.038397582145566e-09,1.0387107694856487e-09,1.0390239511344896e-09,1.0393371270795275e-09,1.0396502973262984e-09,1.039963461854859e-09,1.0402766206656863e-09,1.0405897737677492e-09,1.0409029211230831e-09,1.0412160627347857e-09,1.0415291985990116e-09,1.0418423287086685e-09,1.0421554530572296e-09,1.0424685716375015e-09,1.0427816844423226e-09,1.043094791465305e-09,1.0434078926999168e-09,1.0437209881411503e-09,1.0440340777782906e-09,1.0443471615998444e-09,1.044660239604655e-09,1.0449733117823147e-09,1.045286378128494e-09,1.0455994386362316e-09,1.0459124932997073e-09,1.0462255421194191e-09,1.0465385850720865e-09,1.046851622168913e-09,1.0471646533745894e-09,1.0474776787106529e-09,1.0477906981527284e-09,1.0481037117060612e-09,1.048416719359569e-09,1.048729721085834e-09,1.0490427169174019e-09,1.0493557068313404e-09,1.0496686908148442e-09,1.0499816688644042e-09,1.0502946409730033e-09,1.050607607128841e-09,1.0509205673360692e-09,1.0512335215836611e-09,1.0515464698608953e-09,1.0518594121679545e-09,1.0521723484852245e-09,1.0524852788175102e-09,1.0527982031555687e-09,1.0531111214911086e-09,1.0534240338205614e-09,1.0537369401408762e-09,1.0540498404720486e-09,1.0543627347254118e-09,1.054675622952495e-09,1.0549885051378879e-09,1.055301381277692e-09,1.0556142513528348e-09,1.0559271153758377e-09,1.056239973328275e-09,1.0565528252069843e-09,1.056865671004769e-09,1.0571785107047091e-09,1.0574913443223361e-09,1.0578041718511756e-09,1.058116993256069e-09,1.0584298085497382e-09,1.0587426177146124e-09,1.0590554207609118e-09,1.0593682176686594e-09,1.0596810084409992e-09,1.0599937930633971e-09,1.0603065715326828e-09,1.0606193438428507e-09,1.0609321099883498e-09,1.0612448699607688e-09,1.061557623725493e-09,1.0618703713310186e-09,1.0621831127635368e-09,1.0624958479804912e-09,1.0628085769770942e-09,1.0631212998191049e-09,1.0634340163937622e-09,1.0637467267476866e-09,1.0640594308760086e-09,1.064372128763121e-09,1.064684820405307e-09,1.0649975058066782e-09,1.0653101849508e-09,1.0656228578299374e-09,1.0659355244359722e-09,1.0662481847694031e-09,1.066560838818899e-09,1.0668734865803713e-09,1.067186128047984e-09,1.0674987632134324e-09,1.0678113920744857e-09,1.0681240146141424e-09,1.0684366308414294e-09,1.0687492407453623e-09,1.0690618443138689e-09,1.0693744415779605e-09,1.0696870324642553e-09,1.0699996170015962e-09,1.070312195176193e-09,1.0706247669917974e-09,1.0709373324439239e-09,1.0712498915132427e-09,1.0715624442017008e-09,1.0718749904950211e-09,1.0721875303913383e-09,1.0725000638932846e-09,1.0728125909923521e-09,1.0731251116859392e-09,1.0734376259478336e-09,1.0737501337838472e-09,1.0740626351717191e-09,1.0743751301629587e-09,1.074687618686148e-09,1.0750001007659694e-09,1.0753125763935182e-09,1.0756250455183102e-09,1.0759375082721866e-09,1.0762499644915782e-09,1.0765624142292457e-09,1.0768748574919439e-09,1.077187294255691e-09,1.0774997245202352e-09,1.077812148281574e-09,1.0781245655349366e-09,1.078436976267426e-09,1.0787493804805168e-09,1.0790617781829696e-09,1.0793741693331856e-09,1.079686553946303e-09,1.0799989320390004e-09,1.0803113035361683e-09,1.0806236684844576e-09,1.0809360268757083e-09,1.0812483786918215e-09,1.0815607239446269e-09,1.0818730626035473e-09,1.0821853946670274e-09,1.0824977201447178e-09,1.082810039026325e-09,1.0831223513041094e-09,1.0834346569661446e-09,1.0837469560132595e-09,1.0840592484344032e-09,1.0843715342235125e-09,1.0846838133799065e-09,1.0849960858966984e-09,1.0853083517698637e-09,1.0856206109835875e-09,1.0859328635375302e-09,1.0862451093960547e-09,1.0865573486563777e-09,1.0868695812042149e-09,1.0871818070701926e-09,1.087494026255676e-09,1.0878062387473681e-09,1.0881184445367277e-09,1.0884306436174156e-09,1.0887428359770132e-09,1.089055021607351e-09,1.0893672005397844e-09,1.0896793727524602e-09,1.089991538222484e-09,1.0903036969574442e-09,1.0906158489412738e-09,1.0909279941662412e-09,1.0912401326450738e-09,1.0915522643651524e-09,1.0918643893108244e-09,1.092176507488656e-09,1.0924886188862194e-09,1.0928007235019941e-09,1.0931128213267079e-09,1.0934249123502795e-09,1.09373699657543e-09,1.0940490739854122e-09,1.094361144591393e-09,1.0946732083691646e-09,1.0949852653277094e-09,1.0952973154578652e-09,1.095609358753009e-09,1.0959213952021567e-09,1.0962334248127781e-09,1.0965454475713192e-09,1.096857463467672e-09,1.097169472500536e-09,1.0974814746722339e-09,1.0977934699672806e-09,1.0981054583728897e-09,1.098417439896137e-09,1.0987294145342623e-09,1.0990413822699957e-09,1.0993533431030906e-09,1.0996652970321973e-09,1.0999772440553506e-09,1.1002891841484508e-09,1.1006011173178267e-09,1.100913043563482e-09,1.1012249628702322e-09,1.1015368752367732e-09,1.101848780654987e-09,1.1021606791234696e-09,1.1024725706353722e-09,1.1027844551890032e-09,1.1030963327713078e-09,1.1034082033819936e-09,1.1037200670138365e-09,1.104031923664097e-09,1.1043437733221767e-09,1.104655615983677e-09,1.1049674516270175e-09,1.1052792802871676e-09,1.1055911019309142e-09,1.1059029165540084e-09,1.1062147241697366e-09,1.1065265247748495e-09,1.1068383182786523e-09,1.1071501047895042e-09,1.1074618842613538e-09,1.1077736566658028e-09,1.108085422035565e-09,1.108397180337777e-09,1.108708931607053e-09,1.1090206757839813e-09,1.1093324128863429e-09,1.109644142918897e-09,1.1099558658624308e-09,1.1102675817143627e-09,1.1105792904629803e-09,1.110890992114875e-09,1.1112026866606626e-09,1.1115143741079525e-09,1.1118260544287714e-09,1.1121377276216784e-09,1.1124493937033105e-09,1.1127610526474802e-09,1.113072704448522e-09,1.113384349130671e-09,1.11369598664209e-09,1.1140076169963712e-09,1.1143192401927282e-09,1.1146308562279979e-09,1.1149424651041549e-09,1.1152540667987347e-09,1.1155656613245054e-09,1.115877248654023e-09,1.1161888288072366e-09,1.1165004017595688e-09,1.1168119675167962e-09,1.1171235260660886e-09,1.1174350774011489e-09,1.1177466215230546e-09,1.118058158449937e-09,1.1183696881279645e-09,1.1186812105766918e-09,1.118992725790988e-09,1.1193042337684271e-09,1.1196157345070126e-09,1.1199272279763687e-09,1.1202387142127644e-09,1.1205501931847738e-09,1.1208616648991256e-09,1.1211731293346048e-09,1.1214845864916246e-09,1.1217960363676933e-09,1.1221074789605736e-09,1.1224189142992655e-09,1.1227303423087254e-09,1.1230417630209145e-09,1.1233531764309472e-09,1.123664582532646e-09,1.1239759813177752e-09,1.1242873727839927e-09,1.1245987569227925e-09,1.1249101337322507e-09,1.12522150321301e-09,1.125532865355735e-09,1.125844220171708e-09,1.1261555676178277e-09,1.1264669077082891e-09,1.1267782404601969e-09,1.1270895658283845e-09,1.1274008838301898e-09,1.1277121944653144e-09,1.128023497716329e-09,1.1283347935911753e-09,1.1286460820696906e-09,1.1289573631558305e-09,1.1292686368446996e-09,1.1295799031362054e-09,1.129891162022926e-09,1.130202413494248e-09,1.130513657548887e-09,1.1308248941785346e-09,1.1311361233919308e-09,1.131447345164538e-09,1.1317585595068794e-09,1.1320697664032123e-09,1.1323809658715791e-09,1.13269215787267e-09,1.1330033424455354e-09,1.1333145195320341e-09,1.1336256891591938e-09,1.1339368513125308e-09,1.134248005991971e-09,1.1345591531933396e-09,1.1348702929114362e-09,1.135181425141851e-09,1.1354925498737282e-09,1.135803667121735e-09,1.1361147768603956e-09,1.1364258790973179e-09,1.1367369738160746e-09,1.1370480610203763e-09,1.137359140703673e-09,1.137670212877708e-09,1.1379812775146032e-09,1.1382923346085156e-09,1.1386033841556499e-09,1.138914426180776e-09,1.1392254606448436e-09,1.1395364875548506e-09,1.139847506909287e-09,1.1401585186995072e-09,1.1404695229229606e-09,1.1407805195750266e-09,1.1410915086563077e-09,1.1414024901534574e-09,1.141713464058683e-09,1.1420244303846388e-09,1.1423353891114185e-09,1.1426463402234904e-09,1.142957283750875e-09,1.1432682196744941e-09,1.143579147983776e-09,1.143890068671097e-09,1.1442009817375655e-09,1.1445118871790272e-09,1.1448227849948943e-09,1.1451336751689443e-09,1.1454445577104755e-09,1.1457554326014823e-09,1.1460662998489018e-09,1.1463771594385901e-09,1.1466880113761472e-09,1.1469988556518914e-09,1.1473096922614106e-09,1.1476205211933042e-09,1.1479313424584947e-09,1.1482421560425091e-09,1.1485529619427082e-09,1.1488637601543034e-09,1.149174550675247e-09,1.1494853335021921e-09,1.1497961086164847e-09,1.1501068760331526e-09,1.1504176357359676e-09,1.1507283877251833e-09,1.1510391319888882e-09,1.1513498685345044e-09,1.1516605973446805e-09,1.151971318427566e-09,1.1522820317781951e-09,1.152592737360754e-09,1.1529034352214145e-09,1.1532141253343256e-09,1.1535248076953072e-09,1.1538354822961578e-09,1.1541461491339897e-09,1.1544568082064752e-09,1.1547674595106112e-09,1.1550781030316392e-09,1.1553887387693478e-09,1.1556993667238148e-09,1.1560099869028147e-09,1.1563205992813506e-09,1.1566312038665494e-09,1.1569418006435175e-09,1.157252389618268e-09,1.1575629707837854e-09,1.15787354412954e-09,1.1581841096568749e-09,1.1584946673711554e-09,1.158805217247901e-09,1.1591157592984648e-09,1.1594262935159434e-09,1.1597368198889196e-09,1.160047338436598e-09,1.1603578491234787e-09,1.1606683519668094e-09,1.160978846936167e-09,1.1612893340506898e-09,1.1615998133173075e-09,1.161910284709834e-09,1.1622207482215656e-09,1.1625312038389743e-09,1.1628416515930833e-09,1.1631520914574334e-09,1.1634625234322847e-09,1.1637729475211795e-09,1.164083363683561e-09,1.1643937719846834e-09,1.1647041723639119e-09,1.1650145648014205e-09,1.1653249493536653e-09,1.1656353259924981e-09,1.1659456947097339e-09,1.1662560554944852e-09,1.1665664083543709e-09,1.1668767532798038e-09,1.1671870902666277e-09,1.1674974193055463e-09,1.167807740403146e-09,1.1681180535500781e-09,1.1684283587421302e-09,1.1687386559702433e-09,1.1690489452426656e-09,1.1693592265329362e-09,1.1696694998655364e-09,1.1699797652221478e-09,1.1702900226133384e-09,1.1706002720093045e-09,1.1709105134192282e-09,1.1712207468323683e-09,1.1715309722505485e-09,1.1718411896751204e-09,1.1721513990965905e-09,1.1724616004821716e-09,1.1727717938907553e-09,1.1730819792803936e-09,1.1733921566512736e-09,1.1737023259999508e-09,1.1740124873217861e-09,1.1743226406131157e-09,1.174632785869945e-09,1.174942923088999e-09,1.1752530522653216e-09,1.1755631733990746e-09,1.1758732864792447e-09,1.1761833915053858e-09,1.1764934884740604e-09,1.176803577381135e-09,1.1771136582241793e-09,1.1774237309924975e-09,1.1777337956909443e-09,1.1780438522941457e-09,1.1783539008369574e-09,1.1786639413040634e-09,1.1789739736619098e-09,1.1792839979406637e-09,1.1795940141045074e-09,1.1799040221805392e-09,1.1802140221583503e-09,1.180524014017599e-09,1.1808339977698727e-09,1.1811439734077362e-09,1.181453940930983e-09,1.1817639003245737e-09,1.1820738514462314e-09,1.1823837945834116e-09,1.182693729585475e-09,1.1830036564498325e-09,1.1833135751714837e-09,1.183623485746792e-09,1.1839333881879987e-09,1.1842432824589395e-09,1.1845531685739357e-09,1.1848630465229712e-09,1.185172916318587e-09,1.1854827779526694e-09,1.1857926314029591e-09,1.1861024766764017e-09,1.1864123137669646e-09,1.1867221426765714e-09,1.1870319634015108e-09,1.187341775935583e-09,1.1876515802680422e-09,1.1879613764087828e-09,1.1882711643490481e-09,1.1885809440735052e-09,1.1888907156034791e-09,1.1892004789165562e-09,1.1895102340133752e-09,1.1898199808892519e-09,1.1901297195565405e-09,1.1904394499836674e-09,1.1907491721795292e-09,1.1910588861110216e-09,1.1913685918461868e-09,1.1916782893301953e-09,1.191987978563105e-09,1.1922976595426692e-09,1.192607332287942e-09,1.1929169967650066e-09,1.1932266529741103e-09,1.193536300932309e-09,1.1938459406205762e-09,1.1941555720332598e-09,1.1944651951737407e-09,1.1947748100363467e-09,1.1950844166137079e-09,1.1953940149078551e-09,1.1957036049141754e-09,1.196013186632974e-09,1.1963227600470022e-09,1.1966323251706725e-09,1.1969418819894716e-09,1.1972514305045507e-09,1.197560970747145e-09,1.1978705026367092e-09,1.198180026208588e-09,1.1984895414659089e-09,1.1987990483950766e-09,1.1991085469972407e-09,1.1994180372679347e-09,1.1997275192045677e-09,1.2000369927992228e-09,1.2003464580617023e-09,1.2006559149583421e-09,1.2009653635445844e-09,1.2012748037572115e-09,1.201584235614924e-09,1.2018936590870247e-09,1.2022030742231355e-09,1.2025124810062542e-09,1.2028218794157037e-09,1.2031312694415708e-09,1.2034406511011916e-09,1.2037500243729943e-09,1.2040593892671273e-09,1.2043687457748612e-09,1.2046780938972019e-09,1.2049874335979707e-09,1.205296764945234e-09,1.2056060878551084e-09,1.2059154024164838e-09,1.2062247085511848e-09,1.2065340062579479e-09,1.2068432955606171e-09,1.2071525764423938e-09,1.2074618489040482e-09,1.2077711129356907e-09,1.20808036854795e-09,1.2083896157307314e-09,1.20869885448366e-09,1.2090080847868928e-09,1.2093173066618466e-09,1.209626520093334e-09,1.209935725064386e-09,1.210244921598648e-09,1.2105541096793062e-09,1.2108632892893529e-09,1.2111724604547753e-09,1.2114816231563841e-09,1.2117907773929186e-09,1.2120999231537413e-09,1.212409060451451e-09,1.2127181892601861e-09,1.213027309601575e-09,1.2133364214638314e-09,1.2136455248193542e-09,1.2139546196987497e-09,1.2142637060861144e-09,1.2145727839744205e-09,1.2148818533692152e-09,1.2151909142603575e-09,1.2154999666354882e-09,1.2158090104980652e-09,1.2161180458746194e-09,1.2164270727259852e-09,1.2167360910581973e-09,1.2170451008682718e-09,1.2173541021524369e-09,1.2176630949148057e-09,1.2179720791396545e-09,1.218281054833852e-09,1.2185900219913535e-09,1.2188989806001169e-09,1.219207930652324e-09,1.219516872169606e-09,1.219825805116314e-09,1.2201347295353317e-09,1.2204436454144822e-09,1.220752552715237e-09,1.221061451463686e-09,1.22137034163891e-09,1.2216792232430537e-09,1.2219880963208339e-09,1.2222969607643506e-09,1.222605816660746e-09,1.2229146639637992e-09,1.2232235026752083e-09,1.2235323327955175e-09,1.2238411543181828e-09,1.2241499672619518e-09,1.2244587716060858e-09,1.2247675673627896e-09,1.2250763545017352e-09,1.2253851330354452e-09,1.2256939029656914e-09,1.226002664297705e-09,1.226311417002266e-09,1.2266201610854578e-09,1.226928896550901e-09,1.22723762337717e-09,1.2275463415967779e-09,1.227855051178307e-09,1.2281637521172329e-09,1.2284724444248107e-09,1.2287811280909396e-09,1.2290898031178163e-09,1.2293984694997831e-09,1.2297071272340246e-09,1.2300157763079431e-09,1.2303244167469867e-09,1.2306330485143725e-09,1.2309416716388205e-09,1.2312502860638306e-09,1.2315588918584464e-09,1.2318674889643771e-09,1.232176077397059e-09,1.2324846571624925e-09,1.2327932282419117e-09,1.2331017906250947e-09,1.2334103443164107e-09,1.2337188893440813e-09,1.234027425685125e-09,1.234335953350241e-09,1.2346444722907924e-09,1.2349529825430165e-09,1.235261484091975e-09,1.2355699769284466e-09,1.2358784610499576e-09,1.2361869364774959e-09,1.2364954032078682e-09,1.2368038611963676e-09,1.237112310466763e-09,1.2374207510120264e-09,1.2377291828319607e-09,1.2380376059309638e-09,1.2383460202900352e-09,1.2386544259157384e-09,1.2389628228054384e-09,1.239271210954367e-09,1.2395795903845042e-09,1.2398879610448136e-09,1.240196322951369e-09,1.2405046760845455e-09,1.2408130204947516e-09,1.2411213561477231e-09,1.2414296830361593e-09,1.2417380011780554e-09,1.242046310536707e-09,1.242354611158264e-09,1.2426629029773403e-09,1.2429711860411225e-09,1.2432794603134005e-09,1.243587725800151e-09,1.2438959825169118e-09,1.2442042304821598e-09,1.24451246961594e-09,1.2448206999664604e-09,1.2451289215158262e-09,1.2454371342807765e-09,1.2457453382400883e-09,1.2460535333986997e-09,1.2463617197398867e-09,1.2466698972726207e-09,1.2469780659992062e-09,1.2472862259160128e-09,1.2475943770432093e-09,1.247902519325809e-09,1.2482106527907583e-09,1.2485187774313276e-09,1.2488268932456532e-09,1.2491350002307449e-09,1.2494430983765852e-09,1.2497511876984937e-09,1.250059268173219e-09,1.2503673398169386e-09,1.250675402639768e-09,1.250983456620332e-09,1.2512915017230943e-09,1.2515995379263977e-09,1.25190756534963e-09,1.2522155838925461e-09,1.2525235935667155e-09,1.2528315943883904e-09,1.2531395863437131e-09,1.2534475694494505e-09,1.253755543657821e-09,1.2540635090098967e-09,1.2543714654791037e-09,1.254679413071365e-09,1.2549873517812441e-09,1.2552952816186988e-09,1.2556032025893773e-09,1.255911114647282e-09,1.2562190178170222e-09,1.2565269120953607e-09,1.256834797469398e-09,1.2571426739718121e-09,1.2574505415418843e-09,1.2577584002171125e-09,1.2580662499829562e-09,1.258374090839636e-09,1.2586819227845107e-09,1.2589897458152442e-09,1.259297559927302e-09,1.2596053651054966e-09,1.2599131613977355e-09,1.2602209487489393e-09,1.260528727169496e-09,1.26083649664341e-09,1.2611442572002232e-09,1.2614520088266473e-09,1.2617597515126022e-09,1.2620674852769192e-09,1.2623752100594492e-09,1.2626829259129356e-09,1.262990632823419e-09,1.2632983307829682e-09,1.2636060197997356e-09,1.2639136998724624e-09,1.2642213709856627e-09,1.2645290331148235e-09,1.2648366862828858e-09,1.2651443304973495e-09,1.265451965733353e-09,1.265759591997793e-09,1.2660672092879244e-09,1.2663748176071962e-09,1.2666824169619325e-09,1.2669900073213218e-09,1.2672975887150318e-09,1.2676051610826323e-09,1.2679127244831429e-09,1.2682202789124484e-09,1.2685278243313768e-09,1.2688353607576647e-09,1.2691428881885645e-09,1.2694504066136878e-09,1.2697579160611082e-09,1.2700654164810678e-09,1.2703729078945565e-09,1.2706803902925735e-09,1.2709878636831103e-09,1.2712953280568223e-09,1.271602783418575e-09,1.2719102297560113e-09,1.2722176670744362e-09,1.2725250953656787e-09,1.2728325146302465e-09,1.2731399248648434e-09,1.2734473260693015e-09,1.2737547182297169e-09,1.2740621013539628e-09,1.2743694754487042e-09,1.2746768404965408e-09,1.274984196517356e-09,1.275291543473692e-09,1.275598881407081e-09,1.2759062102715056e-09,1.2762135300799223e-09,1.276520840836347e-09,1.2768281425369687e-09,1.277135435179777e-09,1.2774427187539939e-09,1.277749993259477e-09,1.278057258707619e-09,1.2783645150845282e-09,1.2786717623805386e-09,1.27897900060901e-09,1.2792862297593413e-09,1.279593449832211e-09,1.2799006608211086e-09,1.2802078627213267e-09,1.2805150555428994e-09,1.2808222392731704e-09,1.2811294139087284e-09,1.2814365794601089e-09,1.281743735911493e-09,1.282050883259288e-09,1.2823580215170093e-09,1.282665150674104e-09,1.282972270723074e-09,1.2832793816659201e-09,1.2835864835029992e-09,1.2838935762329786e-09,1.2842006598646832e-09,1.2845077343598458e-09,1.2848147997354818e-09,1.2851218559919729e-09,1.2854289031259625e-09,1.285735941131631e-09,1.2860429700138907e-09,1.286349989766306e-09,1.286657000406936e-09,1.2869640018931785e-09,1.2872709942362346e-09,1.287577977448144e-09,1.2878849515205327e-09,1.2881919164622184e-09,1.2884988722495172e-09,1.2888058188894203e-09,1.2891127563791122e-09,1.2894196847177426e-09,1.289726603891815e-09,1.2900335139220122e-09,1.290340414788564e-09,1.2906473065194644e-09,1.2909541890439296e-09,1.2912610624612332e-09,1.2915679266777037e-09,1.2918747817335991e-09,1.2921816276105103e-09,1.2924884643186805e-09,1.2927952918081428e-09,1.2931021101597316e-09,1.293408919332445e-09,1.2937157193238844e-09,1.2940225101341003e-09,1.2943292917552398e-09,1.2946360641870152e-09,1.2949428274290946e-09,1.2952495814844373e-09,1.2955563263382332e-09,1.295863061984055e-09,1.2961697884373985e-09,1.2964765056952766e-09,1.296783213745263e-09,1.2970899125930025e-09,1.297396602233956e-09,1.2977032826589463e-09,1.298009953879267e-09,1.2983166158863315e-09,1.2986232686784161e-09,1.298929912250448e-09,1.2992365466027205e-09,1.2995431717340922e-09,1.2998497876387268e-09,1.3001563943170604e-09,1.3004629918454883e-09,1.3007695800248258e-09,1.3010761589955253e-09,1.301382728765426e-09,1.3016892892692447e-09,1.3019958405394309e-09,1.3023023825776348e-09,1.302608915377429e-09,1.302915438931145e-09,1.3032219532338382e-09,1.3035284582563021e-09,1.3038349540393719e-09,1.3041414406120016e-09,1.304447917912582e-09,1.304754385958344e-09,1.3050608447089701e-09,1.305367294228255e-09,1.3056737344769593e-09,1.305980165468283e-09,1.3062865871933242e-09,1.306592999664441e-09,1.3068994028349557e-09,1.3072057967444868e-09,1.307512181378898e-09,1.307818556737082e-09,1.3081249228195322e-09,1.308431279616286e-09,1.3087376271386617e-09,1.3090439653705296e-09,1.3093502943136394e-09,1.309656613949571e-09,1.3099629243329169e-09,1.3102692254119072e-09,1.3105755171991043e-09,1.3108817996784816e-09,1.3111880728595e-09,1.3114943367395134e-09,1.3118005913232157e-09,1.3121068366019167e-09,1.312413072570656e-09,1.312719299228931e-09,1.313025516588329e-09,1.313331724625711e-09,1.3136379233469968e-09,1.3139441127534593e-09,1.3142502928359233e-09,1.3145564636036438e-09,1.3148626250503407e-09,1.3151687771413416e-09,1.3154749199599816e-09,1.3157810534277673e-09,1.316087177566218e-09,1.3163932923766808e-09,1.3166993978403107e-09,1.3170054939800438e-09,1.3173115807923403e-09,1.3176176582459254e-09,1.3179237263687702e-09,1.3182297851515942e-09,1.318535834581572e-09,1.3188418746684066e-09,1.3191479054061676e-09,1.3194539267990558e-09,1.3197599388348945e-09,1.3200659415203353e-09,1.320371934848617e-09,1.3206779188144373e-09,1.3209838934243438e-09,1.3212898586784182e-09,1.3215958145627405e-09,1.321901761084769e-09,1.3222076982336964e-09,1.322513626019122e-09,1.3228195444318821e-09,1.3231254534748015e-09,1.3234313531441287e-09,1.3237372434120418e-09,1.3240431243287457e-09,1.3243489958769019e-09,1.324654858030075e-09,1.3249607108122122e-09,1.3252665541981896e-09,1.325572388198363e-09,1.3258782128105292e-09,1.3261840280309423e-09,1.3264898338597994e-09,1.3267956302970827e-09,1.3271014173357844e-09,1.3274071949661219e-09,1.3277129632194257e-09,1.3280187220604527e-09,1.3283244715002257e-09,1.3286302115319322e-09,1.3289359421702075e-09,1.3292416633909279e-09,1.3295473751711598e-09,1.3298530775692708e-09,1.3301587705604769e-09,1.3304644541317156e-09,1.3307701282830112e-09,1.3310757930100124e-09,1.3313814483253469e-09,1.3316870942220912e-09,1.3319927306920944e-09,1.3322983577309393e-09,1.332603975347807e-09,1.3329095835421122e-09,1.333215182291696e-09,1.3335207716153841e-09,1.3338263515057386e-09,1.3341319219633063e-09,1.3344374829844912e-09,1.3347430345624767e-09,1.335048576702073e-09,1.3353541093979503e-09,1.335659632645987e-09,1.335965146440215e-09,1.3362706507989746e-09,1.3365761457094873e-09,1.3368816311663225e-09,1.3371871071637778e-09,1.3374925737136697e-09,1.3377980307951714e-09,1.3381034784340788e-09,1.3384089166263704e-09,1.3387143453426613e-09,1.3390197645949742e-09,1.3393251743833493e-09,1.3396305747054902e-09,1.3399359655512927e-09,1.340241346932871e-09,1.3405467188300235e-09,1.3408520812650329e-09,1.3411574342387626e-09,1.3414627777317622e-09,1.3417681117499865e-09,1.3420734362937049e-09,1.342378751352022e-09,1.3426840569166756e-09,1.342989353011181e-09,1.3432946396158538e-09,1.3435999167339057e-09,1.343905184355982e-09,1.344210442498378e-09,1.3445156911453966e-09,1.344820930297207e-09,1.3451261599460438e-09,1.3454313801110251e-09,1.3457365907769632e-09,1.346041791901675e-09,1.3463469835498179e-09,1.3466521657039366e-09,1.3469573383566182e-09,1.3472625015036786e-09,1.3475676551415163e-09,1.3478727992650253e-09,1.3481779338518865e-09,1.3484830589585249e-09,1.348788174548659e-09,1.3490932806200228e-09,1.349398377178766e-09,1.3497034642194577e-09,1.3500085417353458e-09,1.350313609725276e-09,1.3506186681942038e-09,1.350923717141477e-09,1.3512287565470507e-09,1.3515337864373324e-09,1.3518388068016433e-09,1.3521438176372892e-09,1.3524488189331154e-09,1.3527538107006434e-09,1.353058792930336e-09,1.3533637656372817e-09,1.3536687288009122e-09,1.3539736824108269e-09,1.3542786264780557e-09,1.3545835610067444e-09,1.3548884859910133e-09,1.3551934014277812e-09,1.355498307337295e-09,1.3558032036819327e-09,1.3561080904700102e-09,1.3564129677045778e-09,1.3567178353913512e-09,1.3570226935603894e-09,1.3573275421301674e-09,1.3576323811430073e-09,1.3579372105950158e-09,1.3582420304788052e-09,1.3585468408086077e-09,1.3588516415737597e-09,1.359156432779524e-09,1.3594612143862083e-09,1.3597659864501685e-09,1.3600707489415737e-09,1.3603755018602932e-09,1.3606802452115072e-09,1.3609849789856032e-09,1.3612897031775383e-09,1.3615944177936292e-09,1.3618991228375232e-09,1.3622038182964513e-09,1.362508504182422e-09,1.3628131804833759e-09,1.3631178471979814e-09,1.363422504328222e-09,1.363727151863428e-09,1.3640317898720873e-09,1.3643364182299626e-09,1.3646410370025934e-09,1.3649456461805599e-09,1.3652502457649524e-09,1.3655548357532741e-09,1.3658594161479402e-09,1.3661639869407728e-09,1.3664685481352577e-09,1.3667730997293086e-09,1.3670776417169848e-09,1.3673821741038765e-09,1.3676866968760555e-09,1.3679912100559813e-09,1.3682957136184383e-09,1.3686002075760557e-09,1.3689046919203865e-09,1.369209166653867e-09,1.36951363177353e-09,1.3698180872886342e-09,1.3701225331756652e-09,1.3704269694403814e-09,1.3707313961088035e-09,1.3710358131365367e-09,1.371340220544172e-09,1.3716446183283442e-09,1.3719490064881651e-09,1.3722533850179463e-09,1.3725577539366187e-09,1.3728621132126982e-09,1.373166462858928e-09,1.3734708028735982e-09,1.3737751332867482e-09,1.3740794540307135e-09,1.3743837651483444e-09,1.3746880666287518e-09,1.3749923584660963e-09,1.375296640665544e-09,1.3756009132257304e-09,1.375905176142652e-09,1.3762094294179447e-09,1.3765136730354756e-09,1.3768179070257528e-09,1.3771221313842347e-09,1.3774263460729834e-09,1.3777305511094046e-09,1.3780347464968305e-09,1.3783389322345422e-09,1.378643108314811e-09,1.378947274739012e-09,1.3792514315078656e-09,1.3795555786107815e-09,1.379859716060729e-09,1.3801638438530895e-09,1.380467961980875e-09,1.380772070451109e-09,1.3810761692574212e-09,1.3813802583985659e-09,1.3816843378763799e-09,1.3819884076803083e-09,1.3822924678151489e-09,1.3825965182848927e-09,1.3829005590792376e-09,1.3832045901953514e-09,1.3835086116467366e-09,1.3838126234212297e-09,1.3841166255028749e-09,1.3844206179164869e-09,1.384724600616616e-09,1.385028573767147e-09,1.3853325370901477e-09,1.3856364907992207e-09,1.3859404348137057e-09,1.3862443691350693e-09,1.3865482937665226e-09,1.3868522087299818e-09,1.3871561139921914e-09,1.3874600095646752e-09,1.3877638954471838e-09,1.3880677716264035e-09,1.3883716381211663e-09,1.3886754949287451e-09,1.388979342055886e-09,1.3892831794604674e-09,1.389587007175192e-09,1.389890825181724e-09,1.3901946334910238e-09,1.3904984320971185e-09,1.3908022209998955e-09,1.3911060001970672e-09,1.3914097696925447e-09,1.3917135294778316e-09,1.3920172795556936e-09,1.3923210199214228e-09,1.3926247505784707e-09,1.3929284715297885e-09,1.3932321827644061e-09,1.393535884282881e-09,1.39383957608631e-09,1.3941432581715344e-09,1.3944469305487945e-09,1.3947505932010032e-09,1.3950542461345082e-09,1.3953578893714159e-09,1.3956615228625589e-09,1.3959651466283301e-09,1.3962687606726976e-09,1.3965723649901774e-09,1.3968759595820643e-09,1.3971795444333385e-09,1.3974831195822592e-09,1.397786684983791e-09,1.3980902406761636e-09,1.39839378660648e-09,1.3986973228288704e-09,1.3990008492978145e-09,1.3993043660406098e-09,1.3996078730422414e-09,1.3999113703075175e-09,1.4002148578512143e-09,1.4005183356362902e-09,1.4008218036812473e-09,1.4011252619853167e-09,1.4014287105430075e-09,1.401732149356912e-09,1.4020355784263317e-09,1.4023389977343292e-09,1.4026424073107455e-09,1.4029458071116902e-09,1.4032491971955436e-09,1.4035525775078557e-09,1.4038559480838842e-09,1.4041593088936046e-09,1.4044626599575855e-09,1.4047660012850686e-09,1.4050693328371746e-09,1.4053726546270867e-09,1.4056759666516931e-09,1.4059792689069515e-09,1.4062825614232226e-09,1.4065858441920817e-09,1.4068891171845749e-09,1.4071923804127539e-09,1.4074956338895707e-09,1.4077988775857065e-09,1.4081021115170476e-09,1.4084053356769432e-09,1.408708550071085e-09,1.4090117546902551e-09,1.409314949551563e-09,1.409618134630489e-09,1.409921309934679e-09,1.4102244754790266e-09,1.4105276312292236e-09,1.4108307772034388e-09,1.4111339134056162e-09,1.4114370398290436e-09,1.4117401564735946e-09,1.412043263338143e-09,1.4123463604593285e-09,1.4126494477564412e-09,1.4129525252712641e-09,1.413255593002226e-09,1.4135586509469748e-09,1.4138616991037821e-09,1.4141647374935576e-09,1.4144677660740165e-09,1.4147707848664494e-09,1.4150737938696443e-09,1.415376793080946e-09,1.4156797824700203e-09,1.4159827620956044e-09,1.4162857319246215e-09,1.416588691956272e-09,1.4168916421912297e-09,1.4171945826317627e-09,1.417497513247217e-09,1.4178004341200682e-09,1.4181033451615945e-09,1.4184062463963206e-09,1.418709137836871e-09,1.4190120194504987e-09,1.4193148912758492e-09
15,2.106293863508252e-62,2.5488353392434833e-61,8.472517161845346e-61,1.9603153064108072e-60,3.7372559936983626e-60,6.329619602363531e-60,9.885801375603464e-60,1.4551449466567816e-59,2.047001839016377e-59,2.7783266852269114e-59,3.663166939164887e-59,4.715473973924236e-59,5.949127765428287e-59,7.377955476309508e-59,9.01574530753377e-59,1.0876256777396813e-58,1.2973228321901098e-58,1.5320382910227686e-58,1.7931432166995884e-58,2.0820079420323806e-58,2.4000021918979293e-58,2.7484952487909725e-58,3.128856071329859e-58,3.542453383368832e-58,3.990655737366836e-58,4.4748315616140794e-58,4.9963491930629e-58,5.556576904150446e-58,6.156882919837509e-58,6.798635431239941e-58,7.483202604208245e-58,8.211952587136782e-58,8.986253515746242e-58,9.807473515528281e-58,1.067698070608474e-57,1.1596143203168596e-57,1.2566329117679829e-57,1.358890655792552e-57,1.4665243632493502e-57,1.579670844539963e-57,1.6984669102995153e-57,1.8230493708329503e-57,1.9535550367538522e-57,2.0901207182227096e-57,2.2328832255956448e-57,2.381979369283573e-57,2.537545959504834e-57,2.6997198066296203e-57,2.8686377210022063e-57,3.0444365126543235e-57,3.227252992093433e-57,3.417223969616752e-57,3.614486255520297e-57,3.8191766599524274e-57,4.031431993202213e-57,4.2513890656835533e-57,4.479184687663941e-57,4.7149556694215926e-57,4.958838820964117e-57,5.210970952999218e-57,5.471488875396832e-57,5.740529398681625e-57,6.018229332884059e-57,6.304725488525915e-57,6.600154675909652e-57,6.904653705340728e-57,7.218359387088677e-57,7.541408531101006e-57,7.87393794795736e-57,8.216084447952093e-57,8.567984841420691e-57,8.929775938274167e-57,9.301594549164492e-57,9.683577484281405e-57,1.0075861553938926e-56,1.047858356848859e-56,1.0891880337474793e-56,1.131588867187343e-56,1.1750745382235168e-56,1.2196587278643268e-56,1.265355117057692e-56,1.3121773869363752e-56,1.3601392184965583e-56,1.4092542927696973e-56,1.4595362907064553e-56,1.5109988934460237e-56,1.5636557819388807e-56,1.617520637253362e-56,1.672607140458438e-56,1.7289289725079404e-56,1.7864998144584205e-56,1.8453333473089838e-56,1.9054432521595895e-56,1.9668432099224283e-56,2.0295469017391009e-56,2.0935680085688423e-56,2.1589202114443503e-56,2.225617191412359e-56,2.293672629513528e-56,2.3631002067710013e-56,2.433913604228653e-56,2.5061265029045674e-56,2.5797525838180775e-56,2.654805528012619e-56,2.7312990164178183e-56,2.8092467301466115e-56,2.888662350244525e-56,2.969559557724419e-56,3.051952033578791e-56,3.1358534588761174e-56,3.221277514690642e-56,3.308237882007256e-56,3.396748241802692e-56,3.486822275113659e-56,3.5784736630053433e-56,3.6717160865589694e-56,3.7665632266608115e-56,3.8630287644278254e-56,3.9611263808947365e-56,4.0608697572059094e-56,4.162272574172368e-56,4.265348512917375e-56,4.370111254481782e-56,4.476574479883863e-56,4.584751870049746e-56,4.694657106113562e-56,4.806303869108102e-56,4.919705840053778e-56,5.03487669998862e-56,5.151830129941073e-56,5.270579810810711e-56,5.391139423766464e-56,5.513522649814211e-56,5.637743170082936e-56,5.763814665405144e-56,5.8917508170287625e-56,6.021565305757627e-56,6.153271812729162e-56,6.286884018973705e-56,6.4224156053915075e-56,6.55988025312262e-56,6.699291643209653e-56,6.840663456695884e-56,6.984009374577124e-56,7.129343077895883e-56,7.276678247692844e-56,7.4260285648787575e-56,7.577407710581622e-56,7.730829365838463e-56,7.886307211670581e-56,8.043854929114982e-56,8.203486199198088e-56,8.365214702943853e-56,8.52905412127298e-56,8.695018135477125e-56,8.863120426418097e-56,9.033374674885269e-56,9.205794562283262e-56,9.380393769521001e-56,9.557185977618207e-56,9.736184867502978e-56,9.917404120322426e-56,1.0100857417068462e-55,1.0286558438958234e-55,1.0474520866727476e-55,1.0664758381517739e-55,1.0857284664398308e-55,1.1052113396348182e-55,1.1249258258420691e-55,1.144873293167683e-55,1.1650551097101694e-55,1.1854726435626454e-55,1.2061272628507272e-55,1.2270203356525765e-55,1.2481532300859324e-55,1.269527314251019e-55,1.2911439562519333e-55,1.3130045241926807e-55,1.335110386158436e-55,1.357462910269293e-55,1.3800634646291896e-55,1.4029134173379644e-55,1.426014136496796e-55,1.4493669902139767e-55,1.472973346575024e-55,1.496834573698971e-55,1.5209520396995512e-55,1.5453271126537858e-55,1.5699611606796176e-55,1.5948555518778334e-55,1.6200116543375486e-55,1.6454308361886474e-55,1.6711144655242344e-55,1.6970639104419628e-55,1.7232805390335613e-55,1.749765719412887e-55,1.7765208196866993e-55,1.8035472079423923e-55,1.8308462523132735e-55,1.858419320883753e-55,1.886267781761883e-55,1.9143930030306362e-55,1.942796352793485e-55,1.9714791991858375e-55,2.000442910278015e-55,2.0296888542057065e-55,2.0592183990375686e-55,2.0890329129125613e-55,2.1191337638987967e-55,2.1495223201340223e-55,2.1801999496828495e-55,2.211168020651862e-55,2.2424279011786527e-55,2.273980959329057e-55,2.3058285632418094e-55,2.3379720810047518e-55,2.3704128807204417e-55,2.4031523304694748e-55,2.4361917983963388e-55,2.4695326525637812e-55,2.5031762610785065e-55,2.5371239920760617e-55,2.5713772136189406e-55,2.605937293837264e-55,2.6408056008292408e-55,2.675983502716739e-55,2.7114723675643868e-55,2.747273563477187e-55,2.783388458579708e-55,2.819818420950541e-55,2.856564818745539e-55,2.8936290200009694e-55,2.9310123928918483e-55,2.9687163054873008e-55,3.006742125843205e-55,3.045091222142467e-55,3.0837649624136813e-55,3.1227647148362395e-55,3.162091847436508e-55,3.2017477283589624e-55,3.241733725695594e-55,3.282051207558385e-55,3.32270154204744e-55,3.3636860972669665e-55,3.405006241314264e-55,3.4466633422993756e-55,3.488658768322863e-55,3.53099388745285e-55,3.573670067859068e-55,3.6166886775779664e-55,3.660051084787831e-55,3.7037586575071956e-55,3.7478127638821334e-55,3.7922147720179504e-55,3.836966050012789e-55,3.8820679659723505e-55,3.927521887999642e-55,3.9733291841969216e-55,4.019491222667548e-55,4.066009371512223e-55,4.112884998838835e-55,4.160119472704182e-55,4.207714161297707e-55,4.255670432635572e-55,4.303989654914669e-55,4.3526731961362434e-55,4.401722424501503e-55,4.451138708026128e-55,4.500923414807195e-55,4.551077913076105e-55,4.601603570815603e-55,4.652501756168255e-55,4.7037738372331036e-55,4.755421182117271e-55,4.8074451589168426e-55,4.85984713574486e-55,4.9126284806942315e-55,4.965790561825128e-55,5.019334747340443e-55,5.073262405241598e-55,5.127574903683278e-55,5.1822736107671215e-55,5.237359894638373e-55,5.292835123305246e-55,5.348700664926834e-55,5.404957887595903e-55,5.461608159385152e-55,5.518652848476596e-55,5.576093322884581e-55,5.633930950794379e-55,5.692167100272116e-55,5.750803139426437e-55,5.809840436349145e-55,5.869280359102309e-55,5.929124275834753e-55,5.989373554648828e-55,6.050029563700636e-55,6.111093670981384e-55,6.1725672446590465e-55,6.234451652828964e-55,6.2967482635928285e-55,6.359458445007692e-55,6.4225835652689e-55,6.4861249924434516e-55,6.550084094618228e-55,6.614462239920177e-55,6.679260796427954e-55,6.74448113225828e-55,6.8101246154528e-55,6.876192614171354e-55,6.942686496569091e-55,7.009607630642275e-55,7.076957384598806e-55,7.144737126438945e-55,7.212948224371347e-55,7.281592046343883e-55,7.350669960606591e-55,7.420183335221568e-55,7.490133538280536e-55,7.560521937890365e-55,7.631349902161234e-55,7.702618799185052e-55,7.7743299970258e-55,7.846484863833615e-55,7.919084767705499e-55,7.992131076758494e-55,8.065625159121007e-55,8.1395683828108e-55,8.21396211597981e-55,8.288807726690789e-55,8.364106583176911e-55,8.439860053398683e-55,8.516069505463217e-55,8.592736307575799e-55,8.669861827730323e-55,8.747447434139875e-55,8.825494494800166e-55,8.904004377915973e-55,8.98297845154429e-55,9.062418083786509e-55,9.142324642732758e-55,9.222699496454067e-55,9.303544013092272e-55,9.38485956075715e-55,9.466647507596519e-55,9.548909221620642e-55,9.631646070975202e-55,9.714859423765009e-55,9.798550648037166e-55,9.882721112007853e-55,9.967372183668918e-55,1.005250523123159e-54,1.0138121622690575e-54,1.0224222726263594e-54,1.0310809909987048e-54,1.0397884541918724e-54,1.0485447990215002e-54,1.0573501622971321e-54,1.0662046808305101e-54,1.0751084914248192e-54,1.0840617309021572e-54,1.0930645360607209e-54,1.1021170437235469e-54,1.1112193906953301e-54,1.1203717137791758e-54,1.1295741497977096e-54,1.1388268355554364e-54,1.1481299078633254e-54,1.1574835035253768e-54,1.166887759363265e-54,1.1763428121758013e-54,1.1858487987845959e-54,1.1954058559886509e-54,1.2050141205979163e-54,1.2146737294352155e-54,1.2243848192983558e-54,1.2341475270036375e-54,1.243961989361101e-54,1.2538283431881462e-54,1.2637467252820338e-54,1.2737172724581435e-54,1.2837401215351917e-54,1.293815409315874e-54,1.3039432726050316e-54,1.31412384821814e-54,1.324357272973149e-54,1.334643683672994e-54,1.344983217117036e-54,1.355376010131542e-54,1.3658221995222678e-54,1.3763219220940673e-54,1.386875314662165e-54,1.3974825140445744e-54,1.408143657043585e-54,1.4188588804700087e-54,1.42962832112854e-54,1.4404521158417193e-54,1.4513304014002042e-54,1.4622633146349096e-54,1.4732509923538325e-54,1.4842935713625963e-54,1.4953911884573913e-54,1.5065439804685718e-54,1.5177520842007494e-54,1.5290156364571865e-54,1.5403347740607344e-54,1.5517096338155248e-54,1.5631403525324945e-54,1.574627067015008e-54,1.5861699140795377e-54,1.597769030542873e-54,1.6094245531956693e-54,1.6211366188684185e-54,1.6329053643637688e-54,1.6447309264921854e-54,1.6566134420651957e-54,1.6685530478930604e-54,1.680549880784784e-54,1.6926040775448705e-54,1.70471577499148e-54,1.7168851099320625e-54,1.7291122191856036e-54,1.741397239547267e-54,1.7537403078432727e-54,1.766141560874432e-54,1.7786011354541476e-54,1.791119168377105e-54,1.8036957964815e-54,1.8163311565644082e-54,1.8290253854208314e-54,1.8417786198837946e-54,1.8545909967533596e-54,1.86746265284353e-54,1.8803937249623058e-54,1.893384349920831e-54,1.9064346645293762e-54,1.919544805591453e-54,1.9327149099248478e-54,1.945945114337561e-54,1.9592355556496474e-54,1.9725863706557257e-54,1.9859976961736473e-54,1.999469669021945e-54,2.0130024259874197e-54,2.026596103902512e-54,2.0402508395698768e-54,2.0539667698082456e-54,2.0677440314057248e-54,2.081582761188516e-54,2.0954830959716303e-54,2.1094451725523506e-54,2.1234691277486013e-54,2.137555098368486e-54,2.151703221233001e-54,2.165913633127694e-54,2.1801864708855392e-54,2.1945218713103477e-54,2.208919971211803e-54,2.223380907393158e-54,2.2379048166779466e-54,2.252491835878292e-54,2.267142101787877e-54,2.2818557512193256e-54,2.2966329209970194e-54,2.3114737479148844e-54,2.3263783687862996e-54,2.3413469204332352e-54,2.356379539667856e-54,2.3714763632852083e-54,2.3866375280956407e-54,2.4018631709246748e-54,2.4171534285658788e-54,2.4325084378446946e-54,2.447928335573968e-54,2.4634132585469644e-54,2.4789633435748123e-54,2.4945787274823528e-54,2.5102595470660987e-54,2.5260059391508474e-54,2.5418180405299686e-54,2.5576959880170862e-54,2.5736399184486482e-54,2.589649968592324e-54,2.6057262752880233e-54,2.621868975331852e-54,2.638078205547442e-54,2.6543541027335675e-54,2.670696803711944e-54,2.687106445277418e-54,2.703583164256817e-54,2.720127097444594e-54,2.736738381668576e-54,2.753417153737386e-54,2.7701635504437927e-54,2.78697770860407e-54,2.8038597650381876e-54,2.820809856544188e-54,2.8378281199305484e-54,2.854914692024496e-54,2.8720697096372625e-54,2.889293309542505e-54,2.9065856286019774e-54,2.9239468035965397e-54,2.9413769713322776e-54,2.958876268622907e-54,2.9764448322924933e-54,2.994082799149651e-54,3.011790305992807e-54,3.0295674896433816e-54,3.0474144869005576e-54,3.06533143457249e-54,3.0833184694846506e-54,3.1013757284340245e-54,3.119503348244864e-54,3.1377014657276637e-54,3.155970217660299e-54,3.1743097408996946e-54,3.1927201722122575e-54,3.211201648436874e-54,3.2297543063851e-54,3.2483782828673005e-54,3.26707371466337e-54,3.2858407386130527e-54,3.304679491527572e-54,3.3235901101985903e-54,3.342572731441056e-54,3.361627492078273e-54,3.3807545289243004e-54,3.3999539787541823e-54,3.4192259784100074e-54,3.438570664702882e-54,3.457988174426034e-54,3.4774786443914946e-54,3.4970422114249455e-54,3.5166790123359675e-54,3.5363891839192815e-54,3.556172862986097e-54,3.5760301863613097e-54,3.595961290839813e-54,3.6159663132491853e-54,3.636045390383074e-54,3.656198659083424e-54,3.676426256110675e-54,3.696728318294347e-54,3.7171049824735566e-54,3.7375563854124504e-54,3.758082663953456e-54,3.778683954907138e-54,3.7993603950854225e-54,3.8201121212606485e-54,3.840939270280584e-54,3.8618419789569513e-54,3.882820384075034e-54,3.9038746224539134e-54,3.925004830916463e-54,3.946211146275179e-54,3.9674937053224244e-54,3.9888526448710837e-54,4.0102881017421053e-54,4.031800212733761e-54,4.0533891146576005e-54,4.075054944335708e-54,4.0967978385805366e-54,4.1186179341888143e-54,4.140515367965852e-54,4.1624902767414973e-54,4.1845427973284714e-54,4.206673066513423e-54,4.228881221129127e-54,4.251167397987229e-54,4.2735317338585107e-54,4.2959743655710975e-54,4.318495429974728e-54,4.3410950638380415e-54,4.3637734039774464e-54,4.38653058720436e-54,4.4093667503567895e-54,4.4322820301967154e-54,4.455276563569243e-54,4.478350487285574e-54,4.5015039381375425e-54,4.5247370529362655e-54,4.548049968508938e-54,4.5714428216462905e-54,4.594915749179355e-54,4.618468887898463e-54,4.642102374632895e-54,4.665816346177884e-54,4.6896109393565806e-54,4.713486290962839e-54,4.737442537807737e-54,4.7614798167193684e-54,4.7855982644902214e-54,4.809798017948815e-54,4.834079213907005e-54,4.8584419891341257e-54,4.882886480480881e-54,4.9074128247573306e-54,4.9320211587526556e-54,4.95671161929973e-54,4.981484343205502e-54,5.006339467265214e-54,5.031277128284087e-54,5.0562974630928475e-54,5.081400608487376e-54,5.1065867012748604e-54,5.131855878286882e-54,5.157208276326949e-54,5.182644032190384e-54,5.2081632826908917e-54,5.233766164653298e-54,5.259452814872692e-54,5.285223370174588e-54,5.311077967351131e-54,5.33701674323222e-54,5.363039834630023e-54,5.389147378309273e-54,5.415339511128442e-54,5.441616369893855e-54,5.467978091394441e-54,5.494424812440698e-54,5.520956669864762e-54,5.547573800478043e-54,5.574276341049452e-54,5.60106442843047e-54,5.627938199425352e-54,5.654897790829965e-54,5.681943339475255e-54,5.709074982152324e-54,5.736292855687556e-54,5.763597096871293e-54,5.790987842537256e-54,5.818465229474357e-54,5.846029394489632e-54,5.873680474418065e-54,5.901418606067741e-54,5.929243926250284e-54,5.957156571734814e-54,5.985156679372845e-54,6.013244385973525e-54,6.041419828308147e-54,6.069683143227112e-54,6.09803446751794e-54,6.126473938032367e-54,6.155001691523106e-54,6.183617864837261e-54,6.212322594787304e-54,6.241116018164087e-54,6.269998271771354e-54,6.298969492451267e-54,6.32802981700598e-54,6.357179382206628e-54,6.386418324905253e-54,6.415746781909012e-54,6.445164890011889e-54,6.474672786019256e-54,6.504270606788344e-54,6.533958489084899e-54,6.563736569720105e-54,6.593604985522736e-54,6.623563873308194e-54,6.653613369840905e-54,6.683753611978551e-54,6.713984736499534e-54,6.744306880245401e-54,6.774720180000677e-54,6.80522477259775e-54,6.83582079482635e-54,6.866508383497983e-54,6.89728767543877e-54,6.928158807464802e-54,6.959121916365726e-54,6.990177138968893e-54,7.021324612066552e-54,7.052564472489528e-54,7.083896857026665e-54,7.115321902486795e-54,7.146839745704427e-54,7.178450523483092e-54,7.210154372599939e-54,7.241951429901485e-54,7.273841832199917e-54,7.305825716284125e-54,7.337903218983582e-54,7.370074477090014e-54,7.402339627438861e-54,7.434698806812244e-54,7.467152152021357e-54,7.499699799902867e-54,7.532341887239947e-54,7.565078550845769e-54,7.597909927552537e-54,7.630836154170464e-54,7.663857367486611e-54,7.696973704311596e-54,7.730185301482142e-54,7.763492295780459e-54,7.796894824039901e-54,7.830393023047772e-54,7.863987029640931e-54,7.897676980602988e-54,7.931463012769544e-54,7.96534526292829e-54,7.999323867890371e-54,8.03339896448757e-54,8.067570689525846e-54,8.101839179800268e-54,8.13620457214073e-54,8.17066700333284e-54,8.205226610212267e-54,8.239883529542229e-54,8.274637898182337e-54,8.309489852935457e-54,8.344439530618268e-54,8.379487068015578e-54,8.414632601936817e-54,8.449876269224727e-54,8.485218206654926e-54,8.520658551062031e-54,8.556197439239072e-54,8.591835008012867e-54,8.627571394171792e-54,8.66340673455572e-54,8.69934116597098e-54,8.735374825181809e-54,8.77150784904618e-54,8.807740374370724e-54,8.844072537944065e-54,8.880504476576422e-54,8.917036327099026e-54,8.953668226329767e-54,8.9904003110485e-54,9.027232718072281e-54,9.064165584223746e-54,9.101199046302282e-54,9.138333241110205e-54,9.175568305505896e-54,9.212904376255451e-54,9.25034159014662e-54,9.28788008403021e-54,9.325519994722425e-54,9.363261459033722e-54,9.401104613725342e-54,9.439049595673325e-54,9.477096541650166e-54,9.515245588460647e-54,9.55349687291474e-54,9.59185053185102e-54,9.630306702073393e-54,9.668865520374888e-54,9.70752712355822e-54,9.746291648441338e-54,9.785159231877449e-54,9.824130010630022e-54,9.863204121510687e-54,9.902381701380546e-54,9.941662886997333e-54,9.981047815147679e-54,1.0020536622664002e-53,1.006012944638904e-53,1.0099826423126543e-53,1.0139627689687358e-53,1.0179533382858836e-53,1.0219543639471767e-53,1.0259658596291481e-53,1.02998783901782e-53,1.0340203157916535e-53,1.0380633036337606e-53,1.0421168162257007e-53,1.0461808672456246e-53,1.0502554703774626e-53,1.0543406392994755e-53,1.058436387692585e-53,1.062542729240213e-53,1.0666596776218845e-53,1.0707872465226622e-53,1.0749254496190515e-53,1.0790743005944094e-53,1.083233813124719e-53,1.087404000895859e-53,1.0915848775865842e-53,1.0957764568804577e-53,1.0999787524583554e-53,1.104191777998964e-53,1.1084155471855582e-53,1.1126500736943897e-53,1.1168953712119008e-53,1.121151453415928e-53,1.1254183339899847e-53,1.129696026615572e-53,1.1339845449734573e-53,1.138283902742309e-53,1.1425941136004538e-53,1.1469151912342887e-53,1.15124714932188e-53,1.1555900015470839e-53,1.1599437615911799e-53,1.1643084431347842e-53,1.1686840598564026e-53,1.1730706254346722e-53,1.1774681535554682e-53,1.1818766578999375e-53,1.1862961521489103e-53,1.1907266499817068e-53,1.1951681650810013e-53,1.19962071112813e-53,1.2040843017989685e-53,1.2085589507777764e-53,1.213044671746924e-53,1.2175414783853528e-53,1.222049384377288e-53,1.2265684034061807e-53,1.2310985491471282e-53,1.2356398352762666e-53,1.2401922754830714e-53,1.2447558834480064e-53,1.2493306728521486e-53,1.2539166573767641e-53,1.2585138506998574e-53,1.2631222665052694e-53,1.2677419184690262e-53,1.2723728202766213e-53,1.277014985610462e-53,1.2816684281481432e-53,1.2863331615730205e-53,1.2910091995664302e-53,1.2956965558073918e-53,1.3003952439730452e-53,1.3051052777506448e-53,1.3098266708208303e-53,1.3145594368649658e-53,1.3193035895609842e-53,1.3240591425930662e-53,1.3288261096418778e-53,1.3336045043809023e-53,1.338394340498222e-53,1.3431956316757003e-53,1.3480083915943596e-53,1.3528326339346755e-53,1.3576683723757102e-53,1.3625156206004665e-53,1.3673743922828763e-53,1.3722447011113362e-53,1.3771265607666347e-53,1.3820199849298336e-53,1.3869249872825117e-53,1.3918415815028157e-53,1.3967697812749179e-53,1.401709600273544e-53,1.406661052182971e-53,1.4116241506867178e-53,1.4165989094663925e-53,1.4215853422018985e-53,1.4265834625749231e-53,1.4315932842638578e-53,1.4366148209496985e-53,1.4416480863134908e-53,1.4466930940391475e-53,1.4517498578042677e-53,1.4568183912933606e-53,1.4618987081874113e-53,1.4669908221669042e-53,1.4720947469076347e-53,1.4772104960938775e-53,1.4823380834089143e-53,1.4874775225314312e-53,1.492628827144577e-53,1.4977920109296826e-53,1.5029670875680323e-53,1.5081540707350869e-53,1.5133529741139845e-53,1.5185638113895464e-53,1.523786596239786e-53,1.5290213423502555e-53,1.5342680633975578e-53,1.5395267730594535e-53,1.5447974850223112e-53,1.5500802129653644e-53,1.5553749705743555e-53,1.5606817715250249e-53,1.5660006294981272e-53,1.5713315581806002e-53,1.576674571244871e-53,1.582029682374705e-53,1.5873969052543513e-53,1.5927762535618139e-53,1.5981677409811712e-53,1.6035713811927979e-53,1.6089871878784007e-53,1.6144151747124415e-53,1.6198553553801114e-53,1.6253077435647967e-53,1.6307723529436701e-53,1.6362491972047371e-53,1.6417382900256113e-53,1.6472396450846736e-53,1.6527532760607922e-53,1.6582791966392546e-53,1.6638174204987556e-53,1.6693679613235885e-53,1.674930832794466e-53,1.6805060485897318e-53,1.686093622393411e-53,1.6916935678804507e-53,1.6973058987374442e-53,1.7029306286462658e-53,1.7085677712845855e-53,1.7142173403358993e-53,1.7198793494791115e-53,1.7255538123977e-53,1.7312407427668828e-53,1.736940154276299e-53,1.7426520606017187e-53,1.7483764754266363e-53,1.7541134124315117e-53,1.7598628852933647e-53,1.7656249076971686e-53,1.7713994933190964e-53,1.7771866558454185e-53,1.7829864089577814e-53,1.788798766337171e-53,1.7946237416646288e-53,1.8004613486152862e-53,1.8063116008808372e-53,1.812174512131725e-53,1.8180500960489531e-53,1.8239383663200089e-53,1.829839336623817e-53,1.8357530206430552e-53,1.8416794320529678e-53,1.8476185845396643e-53,1.853570491778891e-53,1.8595351674575548e-53,1.8655126252555208e-53,1.8715028788553933e-53,1.8775059419377789e-53,1.8835218281834404e-53,1.8895505512731875e-53,1.8955921248775253e-53,1.9016465626879273e-53,1.9077138783851968e-53,1.913794085651311e-53,1.9198871981662956e-53,1.925993229607095e-53,1.93211219366483e-53,1.9382441040094716e-53,1.9443889743220327e-53,1.9505468182947262e-53,1.9567176495977252e-53,1.962901481917491e-53,1.9690983289353151e-53,1.9753082043313664e-53,1.9815311217815762e-53,1.98776709496716e-53,1.9940161375804636e-53,2.0002782632964645e-53,2.0065534857906782e-53,2.012841818756368e-53,2.0191432758619916e-53,2.0254578707892297e-53,2.031785617224567e-53,2.0381265288488152e-53,2.0444806193380843e-53,2.0508479023779203e-53,2.0572283916507137e-53,2.0636221008299713e-53,2.0700290436039736e-53,2.076449233653651e-53,2.0828826846594387e-53,2.0893294102968084e-53,2.0957894242585596e-53,2.1022627402198777e-53,2.108749371849935e-53,2.1152493328415784e-53,2.12176263687557e-53,2.128289297633856e-53,2.1348293287968014e-53,2.141382744044867e-53,2.1479495570603935e-53,2.1545297815177297e-53,2.1611234310976947e-53,2.167730519487521e-53,2.174351060368276e-53,2.180985067421315e-53,2.1876325543269733e-53,2.194293534766717e-53,2.2009680224152114e-53,2.207656030953807e-53,2.214357574069232e-53,2.221072665443795e-53,2.227801318757751e-53,2.234543547690976e-53,2.2412993659262e-53,2.2480687871373215e-53,2.2548518250121398e-53,2.261648493230978e-53,2.268458805469538e-53,2.2752827754141757e-53,2.282120416746013e-53,2.288971743140965e-53,1.2026025135331972e-11,2.44798992814668e-11,3.7365515180284956e-11,5.069268132672542e-11,6.447586045695526e-11,7.8733354813027e-11,9.34868120325701e-11,1.0876095768392541e-10,1.2458348985105314e-10,1.4098509364633086e-10,1.5799954943612823e-10,1.7566391949452782e-10,1.94018805336036e-10,2.1310867336427396e-10,2.3298225057739047e-10,2.536929955043489e-10,2.752996527211101e-10,2.978669025274986e-10,3.2146612091121545e-10,3.4617626903691694e-10,3.720849364260212e-10,3.992895680738146e-10,4.278989133561519e-10,4.580347442400817e-10,4.898339027100693e-10,5.234507533882794e-10,5.590601383463568e-10,5.968609588494064e-10,6.370805457647486e-10,6.799800301379126e-10,7.25860993155696e-10,7.750737678228586e-10,8.280278942585884e-10,8.852054131080429e-10,9.471779423894714e-10,1.0146288611355185e-09,1.0883824797845248e-09,1.169442910834131e-09,1.259046624681224e-09,1.3587346538555477e-09,1.4704535538117284e-09,1.596699345993555e-09,1.7407272067548253e-09,1.9068642947152464e-09,2.100988881036196e-09,2.331285629206987e-09,2.595042103764287e-09,2.59504210376566e-09,2.5950421037671795e-09,2.59504210376888e-09,2.5950421037708157e-09,2.5950421037730586e-09,2.5950421037757267e-09,2.595042103787791e-09,2.595042103837933e-09,2.9340178550756844e-09,3.362760382264233e-09,3.921983345421068e-09,4.6776759928510435e-09,5.736251930389683e-09,7.252471901489348e-09,9.37505538417728e-09,1.2070393320936493e-08,1.5044316549760273e-08,1.5044316550961594e-08,1.7878953005720965e-08,2.047717213713499e-08,2.3206133673406333e-08,2.7077960878602252e-08,3.3870713759286446e-08,4.6100398891507845e-08,6.670230223170313e-08,9.839285120111863e-08,1.4288310167513668e-07,2.0023129273919804e-07,2.6857468264546263e-07,3.443415412764463e-07,4.2291266262895673e-07,4.99583139631113e-07,5.705193305148121e-07,6.333247602375911e-07,6.870409988716298e-07,7.317651678668808e-07,7.6819018489076e-07,7.972520981403916e-07,8.199206399789248e-07,8.37098953427193e-07,8.495881156582862e-07,8.580837273820032e-07,8.631854091585505e-07,8.654096613828373e-07,8.65202093602003e-07,8.629477986903221e-07,8.589798298935689e-07,8.535861259589803e-07,8.470152713998394e-07,8.394814021631514e-07,8.311684719365532e-07,8.22234016868042e-07,8.128125037442026e-07,8.030183148182484e-07,7.929484051073377e-07,7.826846597960817e-07,7.722959758240109e-07,7.618400906752293e-07,7.513651811463779e-07,7.409112544436839e-07,7.305113535162259e-07,7.201925975030377e-07,7.099770769196843e-07,6.998826217055874e-07,6.89923458610976e-07,6.801107727496868e-07,6.704531864479569e-07,6.60957167009804e-07,6.516273735332816e-07,6.424669515829225e-07,6.334777833536807e-07,6.246606998819072e-07,6.160156609313793e-07,6.075419073946707e-07,5.992380903084914e-07,5.91102379998793e-07,5.83132558360031e-07,5.753260967829721e-07,5.676802219197446e-07,5.601919711003589e-07,5.528582389759266e-07,5.456758167004334e-07,5.386414247823375e-07,5.317517405586388e-07,5.25003421099069e-07,5.183931222377567e-07,5.119175143089633e-07,5.05573295087708e-07,4.993572003650906e-07,4.932660125062874e-07,4.872965673149041e-07,4.814457594420988e-07,4.757105465998071e-07,4.7008795270638734e-07,4.645750702024457e-07,4.5916906158830566e-07,4.5386716048285023e-07,4.486666719381306e-07,4.435649725255297e-07,4.385595099917406e-07,4.336478026300971e-07,4.2882743841488566e-07,4.2409607393981714e-07,4.1945143320254016e-07,4.1489130626981314e-07,4.104135478355785e-07,4.060160757211253e-07,4.016968693141754e-07,3.974539679780157e-07,3.9328546943526543e-07,3.89189528141064e-07,3.8516435366372846e-07,3.8120820906445616e-07,3.7731940930103384e-07,3.7349631964754657e-07,3.69737354139659e-07,3.6604097404952623e-07,3.6240568639047657e-07,3.5883004246946027e-07,3.5531263644645085e-07,3.518521039619212e-07,3.4844712078133745e-07,3.450964014859867e-07,3.4179869820712533e-07,3.38552799383613e-07,3.3535752857116426e-07,3.3221174329007443e-07,3.291143338956095e-07,3.260642225013971e-07,3.2306036192971466e-07,3.201017347012471e-07,3.171873520552207e-07,3.1431625300548447e-07,3.1148750342952484e-07,3.0870019518742115e-07,3.0595344527578637e-07,3.0324639500201204e-07,3.0057820919789154e-07,2.9794807545576646e-07,2.9535520339185823e-07,2.9279882393699774e-07,2.9027818865127603e-07,2.877925690644818e-07,2.8534125603802277e-07,2.8292355915208227e-07,2.8053880611140866e-07,2.781863421740786e-07,2.7586552960147145e-07,2.7357574712261154e-07,2.713163894267529e-07,2.6908686666449946e-07,2.6688660397112596e-07,2.6471504100609553e-07,2.625716315081366e-07,2.604558428663931e-07,2.58367155705338e-07,2.563050634862956e-07,2.5426907212079604e-07,2.522586995980867e-07,2.5027347562532963e-07,2.483129412815101e-07,2.4637664867723384e-07,2.4446416063656205e-07,2.4257505038158674e-07,2.4070890122885626e-07,2.388653062979904e-07,2.370438682291172e-07,2.3524419890987193e-07,2.3346591921182002e-07,2.31708658733655e-07,2.2997205555822706e-07,2.2825575600827574e-07,2.26559414422321e-07,2.2488269292559312e-07,2.232252612174334e-07,2.215867963571706e-07,2.199669825776543e-07,2.1836551106530112e-07,2.1678207979222217e-07,2.1521639331940428e-07,2.1366816262389568e-07,2.121371049295753e-07,2.1062294353320565e-07,2.0912540764858126e-07,2.076442322578976e-07,2.0617915794394926e-07,2.0472993074654897e-07,2.0329630203345977e-07,2.018780283492389e-07,2.0047487129176088e-07,1.990865973714059e-07,1.9771297789359547e-07,1.9635378883226862e-07,1.9500881071949135e-07,1.9367782851973919e-07,1.923606315258504e-07,1.9105701324919845e-07,1.8976677131530473e-07,1.8848970736142577e-07,1.872256269359165e-07,1.8597433941148263e-07,1.847356578801237e-07,1.83509399067464e-07,1.8229538324611883e-07,1.8109343415028911e-07,1.799033788930202e-07,1.7872504788404402e-07,1.775582747526297e-07,1.7640289627002546e-07,1.7525875228003451e-07,1.7412568562326143e-07,1.7300354206675674e-07,1.7189217023818016e-07,1.707914215590945e-07,1.697011501809799e-07,1.686212129224122e-07,1.675514692084024e-07,1.664917810112963e-07,1.6544201279346245e-07,1.6440203145179644e-07,1.633717062606443e-07,1.623509088216226e-07,1.6133951301162955e-07,1.6033739493156227e-07,1.5934443285763802e-07,1.583605071944012e-07,1.573855004277108e-07,1.5641929707645376e-07,1.554617836600314e-07,1.5451284863834534e-07,1.535723823845773e-07,1.5264027713383178e-07,1.5171642695238266e-07,1.5080072769240022e-07,1.4989307695724479e-07,1.4899337406452863e-07,1.481015200101387e-07,1.472174174325517e-07,1.4634097057877367e-07,1.4547208527288237e-07,1.446106688829379e-07,1.4375663028425763e-07,1.4290987983766657e-07,1.420703293534038e-07,1.4123789206265012e-07,1.4041248259016433e-07,1.3959401692340247e-07,1.3878241239144663e-07,1.3797758763025676e-07,1.3717946256280206e-07,1.3638795836695534e-07,1.3560299746385813e-07,1.348245034812737e-07,1.3405240122975545e-07,1.33286616685785e-07,1.3252707697163612e-07,1.3177371032478187e-07,1.3102644607652456e-07,1.3028521464180506e-07,1.2954994748818128e-07,1.2882057711857825e-07,1.2809703705452779e-07,1.2737926181468893e-07,1.2666718689518515e-07,1.259607487502163e-07,1.2525988477849372e-07,1.2456453330341406e-07,1.2387463355616129e-07,1.2319012565844065e-07,1.2251095060620087e-07,1.2183705025417852e-07,1.2116836730002494e-07,1.2050484526807166e-07,1.1984642849509287e-07,1.191930621186619e-07,1.1854469205616309e-07,1.1790126499704571e-07,1.1726272838497914e-07,1.1662903040726761e-07,1.160001199781074e-07,1.1537594673030104e-07,1.1475646099956987e-07,1.1414161381337064e-07,1.1353135687792578e-07,1.1292564256736762e-07,1.1232442391096393e-07,1.1172765458372185e-07,1.1113528889326595e-07,1.1054728177006229e-07,1.0996358875743631e-07,1.0938416599921378e-07,1.0880897022984648e-07,1.0823795876800162e-07,1.0767108949997853e-07,1.0710832087914119e-07,1.0654961190338382e-07,1.0599492212078187e-07,1.054442116113645e-07,1.048974409812675e-07,1.0435457135269702e-07,1.0381556435611121e-07,1.0328038212178738e-07,1.0274898727166767e-07,1.0222134291139495e-07,1.0169741262273171e-07,1.0117716045759984e-07,1.0066055092177794e-07,1.0014754898162666e-07,9.963812004467086e-08,9.913222995987053e-08,9.862984500706824e-08,9.81309318907548e-08,9.763545773360526e-08,9.714339006898992e-08,9.665469683929796e-08,9.616934638174237e-08,9.568730742679427e-08,9.520854909191174e-08,9.473304087502313e-08,9.426075264844433e-08,9.379165465391536e-08,9.332571749445296e-08,9.286291213204788e-08,9.240320988138962e-08,9.194658240250603e-08,9.149300169770988e-08,9.104244010530039e-08,9.05948702945903e-08,9.015026526187991e-08,8.970859832357574e-08,8.926984311375203e-08,8.883397357682839e-08,8.840096396738058e-08,8.797078883940871e-08,8.754342304711301e-08,8.711884173685002e-08,8.66970203453772e-08,8.627793459614402e-08,8.586156049143124e-08,8.544787431267236e-08,8.50368526096483e-08,8.462847220669882e-08,8.422271019039906e-08,8.38195439090534e-08,8.341895096934946e-08,8.302090923121629e-08,8.262539680505919e-08,8.223239204814544e-08,8.184187356129213e-08,8.145382018236243e-08,8.106821099179836e-08,8.06850252958873e-08,8.030424263540094e-08,7.992584277819932e-08,7.954980571295004e-08,7.917611164990244e-08,7.880474101703334e-08,7.843567445543501e-08,7.806889281762811e-08,7.770437716830044e-08,7.734210877362648e-08,7.698206910373232e-08,7.66242398288834e-08,7.626860281788528e-08,7.591514013280319e-08,7.556383402805247e-08,7.521466694807018e-08,7.486762152407344e-08,7.452268057151243e-08,7.417982708809186e-08,7.383904425016924e-08,7.350031541349371e-08,7.316362410764814e-08,7.282895403357242e-08,7.249628906373937e-08,7.21656132380122e-08,7.183691076273831e-08,7.151016600749476e-08,7.118536350377866e-08,7.086248794227654e-08,7.054152417115138e-08,7.022245719412319e-08,6.990527216780444e-08,6.958995440080341e-08,6.92764893506879e-08,6.896486262319758e-08,6.865505996916093e-08,6.834706728352254e-08,6.804087060318825e-08,6.773645610528771e-08,6.7433810105592e-08,6.713291905599675e-08,6.683376954398883e-08,6.653634828940372e-08,6.62406421461903e-08,6.594663809550749e-08,6.565432324866945e-08,6.536368484208894e-08,6.5074710239262e-08,6.478738692680432e-08,6.450170251314488e-08,6.421764472699805e-08,6.39352014173577e-08,6.365436055042769e-08,6.337511020894349e-08,6.30974385905577e-08,6.282133400854443e-08,6.254678488194939e-08,6.227377974652529e-08,6.200230724617499e-08,6.173235613266992e-08,6.146391526480056e-08,6.119697360667786e-08,6.093152022700631e-08,6.066754429753517e-08,6.040503509189139e-08,6.014398198465761e-08,5.988437444941583e-08,5.962620205864569e-08,5.936945448075178e-08,5.9114121483122365e-08,5.886019292448256e-08,5.8607658760789874e-08,5.835650903838125e-08,5.8106733896307146e-08,5.785832356334931e-08,5.7611268358255654e-08,5.73655586895124e-08,5.7121185051797754e-08,5.687813802672393e-08,5.663640828299931e-08,5.6395986569280626e-08,5.615686372281374e-08,5.591903066275375e-08,5.5682478386062995e-08,5.544719797483565e-08,5.521318058979972e-08,5.4980417470552e-08,5.474889993481429e-08,5.451861937740288e-08,5.428956727009733e-08,5.406173515932722e-08,5.383511466751645e-08,5.360969749002787e-08,5.338547539541722e-08,5.316244022444067e-08,5.294058389000185e-08,5.271989837507673e-08,5.250037573273223e-08,5.228200808517264e-08,5.206478762315698e-08,5.184870660511301e-08,5.163375735615105e-08,5.141993226742649e-08,5.120722379647343e-08,5.099562446509342e-08,5.078512685909346e-08,5.0575723627691823e-08,5.036740748332917e-08,5.016017119969852e-08,4.99540076126575e-08,4.9748909618530456e-08,4.9544870173506265e-08,4.934188229376863e-08,4.913993905420104e-08,4.893903358767413e-08,4.8739159084931714e-08,4.8540308793431977e-08,4.834247601904333e-08,4.814565411880294e-08,4.794983650899324e-08,4.77550166596878e-08,4.7561188095652054e-08,4.736834439315528e-08,4.717647918327851e-08,4.698558614930409e-08,4.679565902520456e-08,4.66066915991144e-08,4.6418677707399897e-08,4.6231611237656665e-08,4.6045486127273333e-08,4.586029636298576e-08,4.567603598058213e-08,4.54926990637417e-08,4.531027974425508e-08,4.5128772201306916e-08,4.494817066102066e-08,4.476846939583024e-08,4.4589662723977525e-08,4.4411745009422867e-08,4.4234710661251165e-08,4.4058554132904255e-08,4.388326992214803e-08,4.37088525702798e-08,4.353529666244027e-08,4.336259682526495e-08,4.3190747729519925e-08,4.301974408682516e-08,4.284958065097321e-08,4.2680252216644475e-08,4.251175361954169e-08,4.234407973563549e-08,4.2177225481077825e-08,4.201118581144452e-08,4.184595572133063e-08,4.1681530244553405e-08,4.1517904453962184e-08,4.135507345948038e-08,4.11930324091981e-08,4.103177648851913e-08,4.087130091992323e-08,4.071160096256174e-08,4.0552671911692706e-08,4.0394509099047015e-08,4.0237107891651125e-08,4.00804636918967e-08,3.992457193715221e-08,3.9769428099367435e-08,3.9615027685007866e-08,3.9461366234086465e-08,3.9308439320541614e-08,3.915624255212431e-08,3.9004771568936295e-08,3.885402204394894e-08,3.870398968274999e-08,3.8554670222992075e-08,3.840605943444724e-08,3.8258153116676456e-08,3.811094710420099e-08,3.7964437258328696e-08,3.781861947431764e-08,3.7673489675770194e-08,3.752904381714331e-08,3.738527788313505e-08,3.724218788692309e-08,3.7099769871411565e-08,3.695801990916543e-08,3.681693410085649e-08,3.667650857608257e-08,3.6536739492169074e-08,3.639762303497524e-08,3.625915541781094e-08,3.6121332881136674e-08,3.598415169293487e-08,3.5847608149031085e-08,3.571169857126401e-08,3.5576419307362764e-08,3.544176673225891e-08,3.530773724657789e-08,3.517432727701696e-08,3.504153327538403e-08,3.490935171957942e-08,3.4777779111730556e-08,3.46468119794212e-08,3.451644687487661e-08,3.4386680375049784e-08,3.425750908036908e-08,3.412892961628872e-08,3.400093863161566e-08,3.387353279863945e-08,3.374670881324977e-08,3.3620463394674384e-08,3.349479328527641e-08,3.3369695249562984e-08,3.324516607600401e-08,3.31212025742128e-08,3.299780157648689e-08,3.2874959937153545e-08,3.275267453241613e-08,3.263094226019759e-08,3.2509760039942203e-08,3.23891248122704e-08,3.226903353901048e-08,3.214948320288362e-08,3.203047080753744e-08,3.191199337697677e-08,3.179404795546937e-08,3.167663160807187e-08,3.155974141969126e-08,3.14433744952063e-08,3.132752795895313e-08,3.1212198954936275e-08,3.109738464668805e-08,3.098308221687618e-08,3.086928886731018e-08,3.075600181856871e-08,3.064321831027938e-08,3.0530935600769645e-08,3.0419150966323764e-08,3.0307861702175915e-08,3.0197065120532835e-08,3.008675855362138e-08,2.9976939349199465e-08,2.986760487525764e-08,2.9758752514878935e-08,2.9650379670610615e-08,2.9542483759746975e-08,2.9435062219467307e-08,2.932811250231983e-08,2.9221632078652105e-08,2.9115618434930585e-08,2.9010069073969566e-08,2.8904981515950208e-08,2.880035329665369e-08,2.8696181968157344e-08,2.8592465098682e-08,2.848920027251503e-08,2.8386385089610435e-08,2.8284017165980757e-08,2.818209413190434e-08,2.80806136343588e-08,2.7979573335297393e-08,2.787897091187691e-08,2.777880405629117e-08,2.7679070475539783e-08,2.7579767892489352e-08,2.748089404200654e-08,2.7382446675989275e-08,2.7284423560530813e-08,2.7186822475462407e-08,2.708964121522084e-08,2.6992877588184416e-08,2.6896529417575505e-08,2.6800594538027552e-08,2.670507080031749e-08,2.6609956069108125e-08,2.651524822135211e-08,2.6420945147856365e-08,2.6327044753661457e-08,2.623354495586626e-08,2.614044368544254e-08,2.6047738886269596e-08,2.5955428515348832e-08,2.586351054206519e-08,2.5771982949109644e-08,2.568084373167007e-08,2.5590090897578945e-08,2.5499722467184232e-08,2.5409736472757572e-08,2.532013095955545e-08,2.523090398442975e-08,2.514205361651374e-08,2.5053577937725213e-08,2.4965475040820693e-08,2.487774303107191e-08,2.4790380024789214e-08,2.470338415048173e-08,2.461675354851689e-08,2.453048637001122e-08,2.444458077810848e-08,2.435903494633323e-08,2.4273847060805663e-08,2.4189015318003248e-08,2.41045379254402e-08,2.402041310148005e-08,2.39366390754105e-08,2.3853214088107163e-08,2.3770136390408144e-08,2.368740424412572e-08,2.360501592107593e-08,2.3522969703829757e-08,2.344126388562425e-08,2.3359896770481642e-08,2.3278866672069676e-08,2.31981719140681e-08,2.3117810830642345e-08,2.3037781765698548e-08,2.2958083074116537e-08,2.2878713118889293e-08,2.2799670274202263e-08,2.2720952923654416e-08,2.2642559460324636e-08,2.256448828709206e-08,2.248673781647094e-08,2.24093064697869e-08,2.2332192679274213e-08,2.2255394885039864e-08,2.2178911536771563e-08,2.2102741093730177e-08,2.2026882023837682e-08,2.195133280460191e-08,2.1876091922413337e-08,2.180115787229034e-08,2.1726529158378428e-08,2.1652204293528273e-08,2.157818179970566e-08,2.1504460206770043e-08,2.1431038053731728e-08,2.1357913888656276e-08,2.128508626661654e-08,2.121255375314296e-08,2.1140314920456665e-08,2.1068368349691344e-08,2.099671263078019e-08,2.092534636109315e-08,2.085426814650139e-08,2.078347660085728e-08,2.0712970345750602e-08,2.0642748011610695e-08,2.0572808236487238e-08,2.050314966579219e-08,2.043377095305249e-08,2.0364670759565885e-08,2.0295847754317895e-08,2.0227300614054784e-08,2.0159028022885577e-08,2.009102867263902e-08,2.00233012625908e-08,1.9955844499671942e-08,1.988865709787921e-08,1.9821737778593608e-08,1.9755085270283146e-08,1.968869830967927e-08,1.9622575639925907e-08,1.955671601070881e-08,1.9491118179907687e-08,1.9425780911756267e-08,1.9360702977841557e-08,1.929588315661603e-08,1.9231320233433434e-08,1.9167013000045392e-08,1.91029602559113e-08,1.9039160807524585e-08,1.8975613465543505e-08,1.8912317050044483e-08,1.8849270386661262e-08,1.8786472307853885e-08,1.872392165229395e-08,1.8661617265262065e-08,1.8599557998973005e-08,1.8537742711316757e-08,1.8476170267101292e-08,1.8414839537045866e-08,1.8353749398409308e-08,1.829289873457571e-08,1.823228643517492e-08,1.8171911395962125e-08,1.811177251876791e-08,1.805186871154499e-08,1.79921988882706e-08,1.7932761968934656e-08,1.7873556879474467e-08,1.781458255165169e-08,1.7755837923180608e-08,1.769732193763164e-08,1.763903354436219e-08,1.7580971698325416e-08,1.752313536045676e-08,1.7465523497744584e-08,1.740813508138566e-08,1.7350969089548374e-08,1.729402450542645e-08,1.7237300317717228e-08,1.718079552151413e-08,1.7124509116182356e-08,1.7068440107103828e-08,1.7012587504765954e-08,1.6956950325271562e-08,1.6901527589924897e-08,1.6846318325334287e-08,1.679132156354747e-08,1.6736536341373065e-08,1.6681961700890833e-08,1.662759669013174e-08,1.657344036123321e-08,1.651949177193088e-08,1.6465749985169445e-08,1.6412214068583567e-08,1.6358883094712538e-08,1.630575614134296e-08,1.625283229105324e-08,1.6200110631338702e-08,1.614759025457203e-08,1.609527025793397e-08,1.6043149743456698e-08,1.599122781789157e-08,1.5939503592705392e-08,1.5887976184263248e-08,1.5836644713469682e-08,1.5785508305797544e-08,1.5734566091073822e-08,1.568381720482188e-08,1.5633260786074843e-08,1.558289597871862e-08,1.553272193084039e-08,1.5482737795796787e-08,1.543294273077419e-08,1.538333589742488e-08,1.533391646203098e-08,1.528468359499256e-08,1.523563647113328e-08,1.5186774269850975e-08,1.5138096174517736e-08,1.5089601372937976e-08,1.504128905684288e-08,1.4993303403154928e-08,1.494535310686748e-08,1.4897582899700172e-08,1.484999199021964e-08,1.4802579591163809e-08,1.4755344919324171e-08,1.4708287195755313e-08,1.4661405645101267e-08,1.4614699496264178e-08,1.456816798220911e-08,1.4521810340103973e-08,1.4475625810505075e-08,1.442961363807857e-08,1.4383773071438114e-08,1.4338103363004583e-08,1.4292603769063216e-08,1.4247273549688471e-08,1.4202111968774438e-08,1.4157118294561802e-08,1.4112291797183498e-08,1.4067631752567403e-08,1.4023137439425747e-08,1.3978808140257511e-08,1.3934643141211224e-08,1.3890641732078733e-08,1.3846803206257168e-08,1.3803126860715018e-08,1.3759611996040989e-08,1.3716257916324171e-08,1.3673063929225108e-08,1.3630029345847721e-08,1.3587153480908078e-08,1.3544435652151101e-08,1.350187518152283e-08,1.3459471393815112e-08,1.3417223617346603e-08,1.3375131183856562e-08,1.333319342844035e-08,1.3291409689523545e-08,1.3249779308558626e-08,1.3208301631180831e-08,1.3166976005577484e-08,1.312580178308301e-08,1.3084778318705947e-08,1.304390497039396e-08,1.3003181099503335e-08,1.2962606070492888e-08,1.2922179250935993e-08,1.2881900011620574e-08,1.2841767726189166e-08,1.2801781772188723e-08,1.2761941529439917e-08,1.2722246381216423e-08,1.2682695713592924e-08,1.2643288915965481e-08,1.260402538058725e-08,1.256490450284632e-08,1.2525925680903426e-08,1.2487088316065422e-08,1.244839181236516e-08,1.2409835577584182e-08,1.237141902107332e-08,1.2333141556114251e-08,1.229500259847371e-08,1.2257001566977478e-08,1.2219137882985053e-08,1.2181410971161564e-08,1.2143820258575533e-08,1.2106365175336086e-08,1.2069045154290434e-08,1.2031859630858302e-08,1.1994808043667497e-08,1.1957889833417769e-08,1.1921104444016213e-08,1.188445132226123e-08,1.1847929916867553e-08,1.1811539679960313e-08,1.177528006591634e-08,1.1739150532163264e-08,1.1703150538378898e-08,1.1667279546816784e-08,1.1631537022882785e-08,1.1595922433829396e-08,1.1560435250078277e-08,1.1525074944208509e-08,1.1489840991597355e-08,1.1454732870378025e-08,1.1419750060170574e-08,1.1384892044186434e-08,1.1350158307818695e-08,1.1315548338738223e-08,1.1281061627025982e-08,1.1246697665553049e-08,1.1212455949386735e-08,1.117833597624022e-08,1.1144337245630564e-08,1.1110459260352896e-08,1.1076701524836372e-08,1.1043063546162758e-08,1.100954483373053e-08,1.0976144899287902e-08,1.0942863256891072e-08,1.090969942293755e-08,1.0876652916096732e-08,1.084372325731185e-08,1.0810909969870712e-08,1.077821257919719e-08,1.0745630613042872e-08,1.0713163601423865e-08,1.0680811076454219e-08,1.0648572572611126e-08,1.0616447626372539e-08,1.0584435776754791e-08,1.0552536564565032e-08,1.0520749532955087e-08,1.0489074227231642e-08,1.045751019475058e-08,1.0426056985055207e-08,1.0394714149858531e-08,1.036348124283813e-08,1.0332357819867642e-08,1.0301343438906363e-08,1.0270437659913134e-08,1.0239640045113189e-08,1.0208950158278902e-08,1.0178367565715211e-08,1.0147891835534544e-08,1.0117522537977553e-08,1.0087259245185192e-08,1.005710153132656e-08,1.0027048972543144e-08,9.997101147130175e-09,9.967257634770182e-09,9.937518017714625e-09,9.90788187993079e-09,9.878348807244932e-09,9.848918387489042e-09,9.819590210391881e-09,9.79036386749445e-09,9.761238952341847e-09,9.73221506019493e-09,9.703291788479184e-09,9.674468736326355e-09,9.645745504392958e-09,9.617121695580783e-09,9.588596914440922e-09,9.560170767548812e-09,9.531842862991569e-09,9.50361281083556e-09,9.475480222842513e-09,9.447444712527127e-09,9.419505895427973e-09,9.39166338860914e-09,9.363916810879586e-09,9.336265782799633e-09,9.308709926786505e-09,9.28124886719645e-09,9.25388222910861e-09,9.255789324296033e-09,9.258819347648047e-09,9.263620817207434e-09,9.270424200383315e-09,9.279400097251592e-09,9.290692108208095e-09,9.304419604911863e-09,9.320678281295535e-09,9.339540869929083e-09,9.361058171197638e-09,9.38526035096792e-09,9.412158446519808e-09,9.44174602128311e-09,9.474000912778504e-09,9.508887023782005e-09,9.546356112693666e-09,9.586349546349029e-09,9.628799984862574e-09,9.673632975521383e-09,9.720768437931123e-09,9.770122029255171e-09,9.821606382564754e-09,9.875132216022541e-09,9.930609313542865e-09,9.98794738080553e-09,1.004705678203866e-08,1.0107849165654606e-08,1.0170237985447823e-08,1.023413892796808e-08,1.029947025403037e-08,1.0366153063872279e-08,1.0434111494498463e-08,1.0503272858058436e-08,1.0573567729203617e-08,1.064492998793762e-08,1.0717296825665229e-08,1.0790608720004835e-08,1.0864809384283255e-08,1.0939845695771791e-08,1.1015667607619434e-08,1.1092228048037721e-08,1.1169482809798455e-08,1.1247390432953954e-08,1.132591208309227e-08,1.1405011427196568e-08,1.1484654508547506e-08,1.1564809622230774e-08,1.1645447192488063e-08,1.1726539652302644e-08,1.1808061326440926e-08,1.1889988318306179e-08,1.1972298400865542e-08,1.2054970912327415e-08,1.2137986655769374e-08,1.2221327804662754e-08,1.2304977812274609e-08,1.2388921325863412e-08,1.247314410625409e-08,1.2557632951455112e-08,1.2642375625027639e-08,1.2727360788316317e-08,1.281257793749345e-08,1.2898017344314618e-08,1.2983670000400395e-08,1.306952756561572e-08,1.3155582319497803e-08,1.3241827116307852e-08,1.332825534263013e-08,1.3414860878436007e-08,1.3501638060540004e-08,1.3588581648701237e-08,1.3675686794103956e-08,1.3762949009985869e-08,1.3850364144613884e-08,1.3937928355787139e-08,1.402563808790059e-08,1.4113490049863601e-08,1.4201481195175886e-08,1.4289608703342791e-08,1.4377869962534723e-08,1.4466262553801044e-08,1.4554784236129902e-08,1.4643432932688872e-08,1.47322067186598e-08,1.4821103809142929e-08,1.4910122548510206e-08,1.4999261400479895e-08,1.5088518938469898e-08,1.5177893837720175e-08,1.526738486710693e-08,1.5356990881650674e-08,1.5446710816218408e-08,1.5536543679109147e-08,1.5626488546333654e-08,1.571654455642058e-08,1.5806710905182352e-08,1.5896986841784045e-08,1.5987371664229902e-08,1.607786471563104e-08,1.6168465380669023e-08,1.625917308222921e-08,1.6349987278649656e-08,1.6440907460643478e-08,1.653193314892211e-08,1.6623063891883464e-08,1.671429926327535e-08,1.680563886031014e-08,1.689708230178135e-08,1.6988629226378884e-08,1.708027929104517e-08,1.7172032169834057e-08,1.7263887552007807e-08,1.735584514135093e-08,1.74479046544913e-08,1.7540065820738604e-08,1.7632328380732685e-08,1.7724692084796438e-08,1.781715669284195e-08,1.7909721973617912e-08,1.8002387703527135e-08,1.8095153667909884e-08,1.8188019657057043e-08,1.8280985468444245e-08,1.8374050905221086e-08,1.846721577564323e-08,1.8560479893704564e-08,1.865384307724554e-08,1.874730514763006e-08,1.884086593130998e-08,1.8934525258012514e-08,1.9028282960392816e-08,1.912213887412947e-08,1.921609283785776e-08,1.9310144692240474e-08,1.9404294281254055e-08,1.9498541450353188e-08,1.959288604728127e-08,1.968732792139527e-08,1.978186692419073e-08,1.9876502908060338e-08,1.997123572721873e-08,2.006606523797738e-08,2.016099129653168e-08,2.025601376101658e-08,2.035113249066245e-08,2.044634734543777e-08,2.054165818625253e-08,2.0637064875027537e-08,2.0732567274475715e-08,2.0828165247831162e-08,2.0923858659124975e-08,2.1019647372925746e-08,2.111553125466357e-08,2.121151016983553e-08,2.1307583985074645e-08,2.1403752567099247e-08,2.1500015783084698e-08,2.159637350092554e-08,2.1692825588463506e-08,2.1789371913427393e-08,2.1886012345076523e-08,2.1982746752488222e-08,2.20795750048755e-08,2.2176496972183583e-08,2.2273512523969715e-08,2.23706215304716e-08,2.2467823862208564e-08,2.2565119389664086e-08,2.266250798376705e-08,2.2759989515562816e-08,2.2857563856322912e-08,2.295523087750653e-08,2.3052990450452444e-08,2.3150842447466885e-08,2.3248786740258783e-08,2.3346823200963977e-08,2.344495170177877e-08,2.354317211535634e-08,2.364148431405014e-08,2.3739888170732547e-08,2.3838383558137545e-08,2.3936970349217802e-08,2.4035648417422394e-08,2.413441763548877e-08,2.4233277876807474e-08,2.4332229015208466e-08,2.4431270924148913e-08,2.453040347733769e-08,2.4629626548621046e-08,2.472894001193302e-08,2.482834374138024e-08,2.4927837611033935e-08,2.5027421495393468e-08,2.5127095268444336e-08,2.5226858804870277e-08,2.5326711979257983e-08,2.5426654666288443e-08,2.5526686740679146e-08,2.5626808077476082e-08,2.5727018551584148e-08,2.5827318038079305e-08,2.5927706411435512e-08,2.6028183548401852e-08,2.6128749323660502e-08,2.6229403612631586e-08,2.6330146290964058e-08,2.64309772342844e-08,2.653189631815144e-08,2.6632903418630433e-08,2.673399841163992e-08,2.6835181173249115e-08,2.6936451579983995e-08,2.7037809507750455e-08,2.7139254832884162e-08,2.7240787431814346e-08,2.7342407181055627e-08,2.7444113957225727e-08,2.7545907637039435e-08,2.764778809734977e-08,2.7749755215662852e-08,2.785180886761252e-08,2.7953948930863027e-08,2.8056175282687945e-08,2.8158487800407158e-08,2.8260886361321707e-08,2.836337084291789e-08,2.8465941122729554e-08,2.856859707835056e-08,2.867133858751361e-08,2.8774165528013955e-08,2.8877077777921702e-08,2.898007521496171e-08,2.9083157717289672e-08,2.918632516305993e-08,2.9289577430759582e-08,2.9392914398557698e-08,2.9496335944970605e-08,2.959984194851746e-08,2.970343228782654e-08,2.980710684169898e-08,2.991086548889555e-08,3.001470810812603e-08,3.011863457882004e-08,3.0222644779832316e-08,3.032673859039508e-08,3.043091588975528e-08,3.0535176557197356e-08,3.063952047242842e-08,3.074394751492948e-08,3.084845756400182e-08,3.0953050499591026e-08,3.1057726201656804e-08,3.116248454985951e-08,3.1267325424317806e-08,3.13722487054194e-08,3.14772542730398e-08,3.158234200724452e-08,3.168751178847151e-08,3.179276349764685e-08,3.189809701494354e-08,3.20035122207053e-08,3.210900899598581e-08,3.221458722162474e-08,3.2320246778033405e-08,3.242598754701534e-08,3.253180940930299e-08,3.26377122460304e-08,3.2743695938549455e-08,3.284976036708305e-08,3.2955905414950794e-08,3.3062130963153856e-08,3.316843689363716e-08,3.327482308687355e-08,3.338128942547482e-08,3.348783579121268e-08,3.359446206573178e-08,3.3701168131646826e-08,3.3807953870973264e-08,3.391481916591581e-08,3.4021763898963114e-08,3.412878795236873e-08,3.423589120863061e-08,3.434307355045478e-08,3.4450334860554056e-08,3.4557675021691306e-08,3.466509391717821e-08,3.477259142922242e-08,3.4880167441223124e-08,3.498782183640184e-08,3.5095554498008206e-08,3.520336530957337e-08,3.531125415409733e-08,3.54192209153039e-08,3.552726547681186e-08,3.563538772232719e-08,3.574358753555066e-08,3.585186480052065e-08,3.5960219401156464e-08,3.60686512214656e-08,3.617716014570486e-08,3.628574605782125e-08,3.6394408842539046e-08,3.6503148384480074e-08,3.6611964567222216e-08,3.6720857276155444e-08,3.6829826395446064e-08,3.6938871810157897e-08,3.704799340530635e-08,3.715719106552297e-08,3.7266464675853816e-08,3.737581412152427e-08,3.7485239287815735e-08,3.759474006000895e-08,3.7704316323505976e-08,3.7813967964042254e-08,3.7923694866591915e-08,3.803349691751231e-08,3.8143374002053876e-08,3.825332600626619e-08,3.8363352816093776e-08,3.8473454317573896e-08,3.858363039676451e-08,3.869388094006215e-08,3.8804205833419206e-08,3.891460496338496e-08,3.902507821769745e-08,3.9135625479883006e-08,3.9246246638944664e-08,3.93569415810526e-08,3.9467710193065914e-08,3.9578552361810325e-08,3.96894679744259e-08,3.980045691751161e-08,3.9911519079137205e-08,4.002265434612548e-08,4.0133862605847306e-08,4.0245143745772815e-08,4.035649765327185e-08,4.0467924216335673e-08,4.057942332245007e-08,4.069099485945594e-08,4.0802638715266406e-08,4.091435477864488e-08,4.1026142935793336e-08,4.113800307606582e-08,4.124993508778307e-08,4.1361938860233926e-08,4.147401427994314e-08,4.158616123589128e-08,4.169837961857299e-08,4.1810669313564364e-08,4.192303021128713e-08,4.2035462200523596e-08,4.214796517034993e-08,4.226053900965623e-08,4.237318360775531e-08,4.248589885365332e-08,4.2598684637001256e-08,4.271154084682984e-08,4.2824467372702676e-08,4.2937464104378955e-08,4.305053093122189e-08,4.3163667743393885e-08,4.327687443059275e-08,4.3390150882706066e-08,4.3503496989768397e-08,4.361691264194965e-08,4.3730397729439435e-08,4.384395214250788e-08,4.3957575771490965e-08,4.4071268506889395e-08,4.41850302392045e-08,4.4298860859178295e-08,4.441276025748885e-08,4.452672832476825e-08,4.464076495232442e-08,4.475487003092471e-08,4.486904345168766e-08,4.498328510575907e-08,4.50975948848872e-08,4.521197268003456e-08,4.53264183820375e-08,4.544093188283046e-08,4.5555513074257567e-08,4.567016184785591e-08,4.578487809547192e-08,4.589966170919306e-08,4.6014512581082894e-08,4.6129430602157774e-08,4.6244415665123864e-08,4.6359467663194046e-08,4.647458648782408e-08,4.658977203068952e-08,4.670502418506721e-08,4.6820342843436374e-08,4.6935727898522876e-08,4.705117924275138e-08,4.7166696769560234e-08,4.728228037156788e-08,4.739792994200496e-08,4.751364537367339e-08,4.7629426559753424e-08,4.7745273393410474e-08,4.786118576849224e-08,4.797716357780387e-08,4.809320671560409e-08,4.820931507613242e-08,4.83254885512387e-08,4.84417270354982e-08,4.855803042271981e-08,4.8674398607506705e-08,4.879083148349866e-08,4.8907328944877536e-08,4.9023890885843594e-08,4.9140517200785366e-08,4.9257207784127025e-08,4.937396253028657e-08,4.949078133394824e-08,4.96076640897393e-08,4.972461069237495e-08,4.984162103670826e-08,4.9958695017705725e-08,5.007583253014914e-08,5.0193033469679345e-08,5.0310297731154e-08,5.042762520964623e-08,5.0545015800961245e-08,5.066246940038919e-08,5.077998590294652e-08,5.089756520534232e-08,5.101520720272301e-08,5.113291179070733e-08,5.1250678865491334e-08,5.1368508322991083e-08,5.148640005915769e-08,5.1604353970151264e-08,5.172236995228787e-08,5.184044790190578e-08,5.195858771536488e-08,5.2076789290045594e-08,5.2195052520755414e-08,5.2313377305052746e-08,5.243176353972469e-08,5.2550211121438156e-08,5.266871994721117e-08,5.278728991426473e-08,5.290592091948114e-08,5.302461286016027e-08,5.314336563357684e-08,5.326217913699502e-08,5.338105326929462e-08,5.349998792516669e-08,5.3618983003617773e-08,5.3738038402646594e-08,5.385715401968745e-08,5.397632975273296e-08,5.409556549969019e-08,5.421486115874158e-08,5.433421662564457e-08,5.4453631803224526e-08,5.457310658753741e-08,5.469264087685711e-08,5.4812234569834933e-08,5.493188756479999e-08,5.5051599759111037e-08,5.5171371054357956e-08,5.5291201347929056e-08,5.541109053867933e-08,5.553103852551087e-08,5.5651045207762714e-08,5.57711104844664e-08,5.5891234254820316e-08,5.601141641818909e-08,5.613165687408434e-08,5.62519555219396e-08,5.637231226149178e-08,5.6492726992096684e-08,5.661319961365864e-08,5.6733730026096076e-08,5.685431812931888e-08,5.6974963822992005e-08,5.7095667007891283e-08,5.7216427584153785e-08,5.7337245451600024e-08,5.745812051147653e-08,5.757905266268652e-08,5.77000418066261e-08,5.7821087843791236e-08,5.794219067473767e-08,5.8063350200909704e-08,5.818456632247371e-08,5.83058389412697e-08,5.842716795724295e-08,5.854855327182651e-08,5.866999478637723e-08,5.8791492402189466e-08,5.891304602108594e-08,5.903465554464827e-08,5.915632087282354e-08,5.9278041908274144e-08,5.9399818552763376e-08,5.952165070795734e-08,5.964353827576524e-08,5.976548115726955e-08,5.988747925653653e-08,6.000953247440929e-08,6.013164071351533e-08,6.025380387595096e-08,6.037602186464494e-08,6.049829458133314e-08,6.062062192850396e-08,6.074300380932513e-08,6.086544012642225e-08,6.098793078260562e-08,6.11104756806921e-08,6.123307472353274e-08,6.135572781432965e-08,6.147843485646191e-08,6.160119575320959e-08,6.172401040724322e-08,6.184687872273526e-08,6.196980060188636e-08,6.209277594909568e-08,6.221580466871263e-08,6.233888666386432e-08,6.246202183836817e-08,6.258521009651755e-08,6.270845134187945e-08,6.28317454782522e-08,6.295509241047203e-08,6.307849204204038e-08,6.320194427766634e-08,6.332544902214374e-08,6.344900617942614e-08,6.357261565403621e-08,6.36962773508194e-08,6.381999117456943e-08,6.394375703009243e-08,6.406757482233074e-08,6.419144445621109e-08,6.431536583691448e-08,6.443933886955782e-08,6.456336345921392e-08,6.468743951162453e-08,6.481156693174824e-08,6.493574562470671e-08,6.505997549582424e-08,6.518425645281704e-08,6.530858840027134e-08,6.543297124394283e-08,6.555740488969439e-08,6.568188924328676e-08,6.580642421134772e-08,6.593100969973898e-08,6.605564561471376e-08,6.618033186212318e-08,6.630506834938245e-08,6.642985498240898e-08,6.655469166783804e-08,6.667957831223355e-08,6.680451482247347e-08,6.692950110492956e-08,6.705453706740588e-08,6.717962261596846e-08,6.730475765807047e-08,6.742994210157719e-08,6.75551758523347e-08,6.768045881884727e-08,6.780579090749187e-08,6.793117202629397e-08,6.805660208278992e-08,6.818208098464758e-08,6.830760863978672e-08,6.843318495507341e-08,6.855880983982562e-08,6.8684483201291e-08,6.881020494811114e-08,6.89359749871789e-08,6.906179322690727e-08,6.918765957660882e-08,6.931357394384309e-08,6.943953623814264e-08,6.956554636738569e-08,6.969160423885185e-08,6.981770976442111e-08,6.994386285014522e-08,7.007006340570806e-08,7.019631134067635e-08,7.032260656304874e-08,7.044894898238089e-08,7.057533850795697e-08,7.070177504767568e-08,7.082825851356583e-08,7.095478881379583e-08,7.108136585785587e-08,7.120798955528027e-08,7.1334659815929e-08,7.146137654980706e-08,7.158813966600098e-08,7.171494907492875e-08,7.184180468657283e-08,7.196870641104245e-08,7.209565415833374e-08,7.222264783902998e-08,7.234968736333216e-08,7.247677264160083e-08,7.260390358464754e-08,7.273108010259801e-08,7.285830210616986e-08,7.298556950640868e-08,7.31128822140041e-08,7.324024014006408e-08,7.336764319556499e-08,7.349509129133593e-08,7.362258433843364e-08,7.375012224802313e-08,7.387770493155608e-08,7.400533229945915e-08,7.413300426524423e-08,7.426072073933808e-08,7.438848163365792e-08,7.451628685976156e-08,7.464413632921164e-08,7.47720299541481e-08,7.489996764652572e-08,7.502794931861679e-08,7.515597488200876e-08,7.528404424933212e-08,7.541215733279468e-08,7.554031404439175e-08,7.566851429708754e-08,7.579675800313018e-08,7.592504507512766e-08,7.60533754257544e-08,7.618174896774668e-08,7.631016561399019e-08,7.643862527728365e-08,7.656712787079382e-08,7.66956733075321e-08,7.6824261500407e-08,7.695289236312831e-08,7.708156580877792e-08,7.72102817507559e-08,7.733904010254816e-08,7.746784077770329e-08,7.759668368984223e-08,7.772556875270805e-08,7.785449588007841e-08,7.798346498580681e-08,7.811247598386407e-08,7.824152878800932e-08,7.837062331291111e-08,7.849975947248698e-08,7.86289371809951e-08,7.875815635278719e-08,7.888741690232632e-08,7.901671874407568e-08,7.914606179262013e-08,7.927544596260948e-08,7.940487116895276e-08,7.953433732624172e-08,7.966384434948004e-08,7.97933921535955e-08,7.99229806539161e-08,8.00526097650141e-08,8.018227940287651e-08,8.031198948217087e-08,8.044173991848076e-08,8.057153062730142e-08,8.07013615243702e-08,8.08312325248211e-08,8.096114354456059e-08,8.109109449940215e-08,8.122108530515385e-08,8.13511158777603e-08,8.148118613324609e-08,8.161129598766309e-08,8.174144535720188e-08,8.187163415800953e-08,8.200186230654203e-08,8.213212971914005e-08,8.226243631229882e-08,8.239278200251606e-08,8.252316670638298e-08,8.265359034083547e-08,8.278405282237048e-08,8.291455406812773e-08,8.304509399474886e-08,8.317567251936289e-08,8.330628955931787e-08,8.343694503141965e-08,8.356763885308452e-08,8.369837094061413e-08,8.382914121344468e-08,8.395994958805782e-08,8.409079598204022e-08,8.4221680313865e-08,8.435260249948714e-08,8.448356245648817e-08,8.461456010502252e-08,8.474559536191199e-08,8.487666814519712e-08,8.500777837231961e-08,8.513892596187981e-08,8.52701108337027e-08,8.540133290540492e-08,8.553259209356542e-08,8.566388831726831e-08,8.579522149628714e-08,8.592659154866536e-08,8.605799839308729e-08,8.618944194847858e-08,8.632092213267726e-08,8.645243886638402e-08,8.658399206786388e-08,8.67155816567937e-08,8.684720755123419e-08,8.697886967011229e-08,8.71105679345564e-08,8.724230226298632e-08,8.737407257415094e-08,8.750587878896532e-08,8.76377208267355e-08,8.776959860694692e-08,8.790151204960083e-08,8.80334610740377e-08,8.816544560047417e-08,8.829746554909213e-08,8.842952084025937e-08,8.856161139373711e-08,8.869373713016975e-08,8.882589796925427e-08,8.895809383166524e-08,8.909032463805387e-08,8.922259030902447e-08,8.935489076478764e-08,8.948722592634507e-08,8.961959571440624e-08,8.975200004984483e-08,8.988443885367054e-08,9.001691204685765e-08,9.014941955047759e-08,9.028196128571309e-08,9.041453717377043e-08,9.054714713605859e-08,9.067979109387089e-08,9.081246896868658e-08,9.094518068205265e-08,9.107792615557976e-08,9.121070531099877e-08,9.134351807005215e-08,9.147636435459745e-08,9.160924408653461e-08,9.174215718786392e-08,9.187510358065715e-08,9.200808318747269e-08,9.214109593013903e-08,9.227414173049658e-08,9.240722051132725e-08,9.254033219558263e-08,9.26734767052275e-08,9.280665396247412e-08,9.293986389073638e-08,9.307310641208966e-08,9.320638144977713e-08,9.333968892663012e-08,9.347302876598021e-08,9.360640089015668e-08,9.37398052226086e-08,9.38732416865728e-08,9.400671020554838e-08,9.414021070233043e-08,9.427374310062196e-08,9.440730732398764e-08,9.454090329597112e-08,9.467453093997531e-08,9.480819017957142e-08,9.494188093915927e-08,9.507560314229426e-08,9.520935671291005e-08,9.534314157501442e-08,9.547695765270149e-08,9.56108048704199e-08,9.57446831518845e-08,9.587859242149909e-08,9.601253260374808e-08,9.614650362308277e-08,9.628050540403079e-08,9.641453787114553e-08,9.654860094870757e-08,9.668269456237716e-08,9.681681863650436e-08,9.69509730959752e-08,9.708515786580058e-08,9.721937287109324e-08,9.735361803680333e-08,9.748789328802711e-08,9.762219855018668e-08,9.775653374861046e-08,9.789089880863555e-08,9.802529365591855e-08,9.815971821585528e-08,9.829417241398849e-08,9.842865617613347e-08,9.856316942819958e-08,9.869771209574824e-08,9.88322841048437e-08,9.89668853816389e-08,9.910151585184122e-08,9.923617544181137e-08,9.937086407759921e-08,9.950558168584458e-08,9.964032819256709e-08,9.977510352459532e-08,9.990990760777594e-08,1.0004474036903965e-07,1.001796017348481e-07,1.0031449163250493e-07,1.0044940998832355e-07,1.0058435672906551e-07,1.00719331781857e-07,1.0085433507364625e-07,1.0098936653157854e-07,1.0112442608275915e-07,1.0125951365435867e-07,1.0139462917382833e-07,1.0152977256833938e-07,1.0166494376533942e-07,1.0180014269232894e-07,1.0193536927729995e-07,1.0207062344721514e-07,1.0220590513058525e-07,1.0234121425482356e-07,1.0247655074853425e-07,1.0261191453805296e-07,1.0274730555236431e-07,1.0288272371947329e-07,1.0301816896749169e-07,1.031536412243e-07,1.0328914041866723e-07,1.0342466647873591e-07,1.0356021933343403e-07,1.036957989110672e-07,1.0383140514000618e-07,1.0396703794926824e-07,1.0410269726698751e-07,1.042383830222752e-07,1.043740951436427e-07,1.0450983356072539e-07,1.0464559820220866e-07,1.047813889970837e-07,1.0491720587459825e-07,1.0505304876400505e-07,1.0518891759449098e-07,1.0532481229555051e-07,1.0546073279737526e-07,1.0559667902788502e-07,1.0573265091743842e-07,1.0586864839567252e-07,1.0600467139231279e-07,1.0614071983715408e-07,1.0627679366005882e-07,1.0641289279090262e-07,1.0654901715980737e-07,1.066851666968655e-07,1.0682134133206866e-07,1.0695754099556725e-07,1.070937656179113e-07,1.0723001512928099e-07,1.0736628946019758e-07,1.0750258854101729e-07,1.0763891230248394e-07,1.0777526067513958e-07,1.079116335896897e-07,1.0804803097693279e-07,1.0818445276765238e-07,1.0832089889272981e-07,1.0845736928325906e-07,1.0859386387042479e-07,1.0873038258498073e-07,1.0886692535841317e-07,1.0900349212188714e-07,1.0914008280638483e-07,1.0927669734393334e-07,1.0941333566599693e-07,1.09549997703085e-07,1.0968668338818579e-07,1.0982339265207936e-07,1.0996012542716688e-07,1.1009688164474282e-07,1.1023366123695761e-07,1.1037046413560247e-07,1.1050729027286624e-07,1.106441395807373e-07,1.1078101199141072e-07,1.1091790743678585e-07,1.1105482585013449e-07,1.1119176716236581e-07,1.1132873130716609e-07,1.1146571821668308e-07,1.1160272782339829e-07,1.1173976005710442e-07,1.1187681485633575e-07,1.120138921508765e-07,1.1215099187285947e-07,1.1228811395673177e-07,1.1242525833478296e-07,1.1256242493977117e-07,1.1269961370464934e-07,1.1283682456372613e-07,1.1297405744961372e-07,1.131113122956044e-07,1.1324858903489258e-07,1.133858876013767e-07,1.1352320792758395e-07,1.1366054994875998e-07,1.1379791359778482e-07,1.1393529880822296e-07,1.1407270551546845e-07,1.1421013365049242e-07,1.143475831486852e-07,1.1448505394389694e-07,1.1462254597056415e-07,1.1476005916238223e-07,1.148975934540238e-07,1.1503514877948086e-07,1.1517272507354139e-07,1.1531032226998583e-07,1.1544794030366969e-07,1.1558557910904007e-07,1.1572323862096135e-07,1.1586091877299679e-07,1.1599861950160272e-07,1.1613634074164498e-07,1.1627408242620007e-07,1.1641184449127506e-07,1.1654962687179511e-07,1.1668742950293297e-07,1.1682525231991953e-07,1.1696309525778983e-07,1.1710095825189667e-07,1.1723884123759968e-07,1.1737674415034233e-07,1.1751466692565708e-07,1.1765260949903351e-07,1.177905718061357e-07,1.1792855378264875e-07,1.1806655536435299e-07,1.1820457648706719e-07,1.1834261708668038e-07,1.1848067709916504e-07,1.186187564605946e-07,1.1875685510696092e-07,1.1889497297447599e-07,1.1903310999937214e-07,1.1917126611793286e-07,1.1930944126652213e-07,1.194476353815461e-07,1.1958584839958425e-07,1.1972408025706888e-07,1.1986233089068982e-07,1.2000060023694804e-07,1.2013888823295273e-07,1.2027719481537853e-07,1.2041551992109352e-07,1.2055386348649e-07,1.2069222544971552e-07,1.2083060574729056e-07,1.2096900431636272e-07,1.2110742109447937e-07,1.2124585601826643e-07,1.213843090253327e-07,1.2152278005324303e-07,1.2166126903937485e-07,1.2179977592129065e-07,1.2193830063664478e-07,1.2207684312301198e-07,1.2221540331818075e-07,1.2235398115998255e-07,1.22492576586352e-07,1.226311895353614e-07,1.2276981994461902e-07,1.2290846775235171e-07,1.2304713289596107e-07,1.2318581531428148e-07,1.2332451494681508e-07,1.2346323173060355e-07,1.2360196560406293e-07,1.237407165059383e-07,1.238794843781164e-07,1.2401826915212126e-07,1.2415707076987045e-07,1.2429588917078237e-07,1.2443472429304062e-07,1.2457357607612535e-07,1.2471244445817416e-07,1.2485132937853478e-07,1.2499023077618568e-07,1.2512914859023584e-07,1.2526808275975289e-07,1.2540703322444697e-07,1.2554599992300519e-07,1.25684982795112e-07,1.2582398177921426e-07,1.259629968164193e-07,1.2610202784564645e-07,1.2624107480624733e-07,1.2638013763818852e-07,1.2651921628129635e-07,1.2665831067504006e-07,1.267974207596163e-07,1.269365464760081e-07,1.2707568776177076e-07,1.272148445581171e-07,1.2735401680537525e-07,1.274932044436442e-07,1.276324074130104e-07,1.2777162565483374e-07,1.2791085910782436e-07,1.2805010771331448e-07,1.2818937141229464e-07,1.283286501444721e-07,1.28467943849793e-07,1.2860725247056727e-07,1.2874657594676912e-07,1.2888591422138796e-07,1.2902526723131342e-07,1.2916463491687576e-07,1.2930401722438786e-07,1.294434140923113e-07,1.2958282546179437e-07,1.2972225127455015e-07,1.298616914718918e-07,1.300011459932376e-07,1.3014061478109342e-07,1.302800977769372e-07,1.3041959492276556e-07,1.305591061601597e-07,1.3069863143011566e-07,1.3083817067447095e-07,1.3097772383520934e-07,1.3111729085424436e-07,1.312568716734578e-07,1.3139646623467425e-07,1.315360744807334e-07,1.316756963523849e-07,1.318153317920056e-07,1.319549807424131e-07,1.3209464314559633e-07,1.322343189439007e-07,1.3237400807964565e-07,1.3251371049684628e-07,1.3265342613472512e-07,1.3279315493763015e-07,1.32932896848406e-07,1.3307265180401653e-07,1.3321241975108225e-07,1.3335220064094062e-07,1.3349199441000952e-07,1.336318010007138e-07,1.337716203581701e-07,1.3391145242356887e-07,1.3405129713848296e-07,1.3419115444715107e-07,1.343310242951587e-07,1.3447090662027046e-07,1.3461080137299062e-07,1.3475070849166995e-07,1.3489062792187734e-07,1.350305596067416e-07,1.3517050348976965e-07,1.3531045951442077e-07,1.3545042762471562e-07,1.3559040776417188e-07,1.357303998770909e-07,1.3587040390770294e-07,1.3601041979906624e-07,1.361504474961747e-07,1.3629048694290045e-07,1.3643053808313068e-07,1.3657060086139526e-07,1.3671067522061166e-07,1.368507611078741e-07,1.3699085846576743e-07,1.3713096723964235e-07,1.3727108737295714e-07,1.3741121881090658e-07,1.3755136149799118e-07,1.3769151538010596e-07,1.378316804001227e-07,1.3797185650322452e-07,1.3811204363500693e-07,1.3825224174019786e-07,1.383924507638278e-07,1.385326706509757e-07,1.3867290134685483e-07,1.3881314279652043e-07,1.3895339494523624e-07,1.3909365773845546e-07,1.392339311213851e-07,1.3937421503968005e-07,1.3951450943637193e-07,1.3965481426173384e-07,1.3979512945903167e-07,1.3993545497629745e-07,1.400757907545525e-07,1.402161367419494e-07,1.4035649288266958e-07,1.404968591244189e-07,1.406372354144409e-07,1.407776216971153e-07,1.40918017919294e-07,1.4105842402621625e-07,1.4119883996497537e-07,1.4133926567951548e-07,1.4147970111990876e-07,1.4162014623068643e-07,1.4176060095835587e-07,1.419010652479834e-07,1.4204153904878112e-07,1.4218202230454008e-07,1.423225149652623e-07,1.424630169752829e-07,1.426035282825262e-07,1.4274404883375482e-07,1.428845785733463e-07,1.4302511745259093e-07,1.4316566541690605e-07,1.433062224128729e-07,1.4344678838740137e-07,1.435873632875645e-07,1.437279470621775e-07,1.438685396564328e-07,1.4400914101889554e-07,1.441497510968915e-07,1.4429036983803552e-07,1.4443099718977148e-07,1.4457163309953902e-07,1.4471227751464709e-07,1.4485293038350342e-07,1.449935916541905e-07,1.45134261274152e-07,1.4527493919129434e-07,1.454156253535655e-07,1.4555631970913217e-07,1.4569702220611569e-07,1.458377327922781e-07,1.459784514163309e-07,1.4611917802682672e-07,1.462599125707282e-07,1.4640065499747392e-07,1.4654140525510266e-07,1.4668216329210868e-07,1.468229290589974e-07,1.4696370250072313e-07,1.4710448356758592e-07,1.47245272208666e-07,1.4738606837286888e-07,1.475268720084446e-07,1.4766768306455483e-07,1.4780850149056574e-07,1.4794932723469016e-07,1.4809016024738325e-07,1.4823100047752192e-07,1.48371847871761e-07,1.4851270238109236e-07,1.486535639557084e-07,1.487944325440577e-07,1.4893530809496783e-07,1.4907619055815822e-07,1.4921707988396692e-07,1.4935797602102693e-07,1.494988789196193e-07,1.4963978852936616e-07,1.4978070479945905e-07,1.4992162768023655e-07,1.5006255712133762e-07,1.5020349307332282e-07,1.5034443548293086e-07,1.5048538430529818e-07,1.506263394878592e-07,1.5076730098129491e-07,1.5090826873801378e-07,1.510492427029107e-07,1.5119022282783648e-07,1.513312090654807e-07,1.5147220136616235e-07,1.5161319967912357e-07,1.5175420395500976e-07,1.5189521414490164e-07,1.5203623019835949e-07,1.5217725206797282e-07,1.5231827970335486e-07,1.5245931305550448e-07,1.5260035207485297e-07,1.527413967131097e-07,1.5288244692063427e-07,1.5302350264860995e-07,1.531645638480367e-07,1.533056304717352e-07,1.5344670247011542e-07,1.5358777979156518e-07,1.5372886238951942e-07,1.5386995021524718e-07,1.5401104322125023e-07,1.54152141357097e-07,1.5429324457525422e-07,1.544343528271723e-07,1.545754660648121e-07,1.5471658424396973e-07,1.5485770730774816e-07,1.5499883521229513e-07,1.5513996790944282e-07,1.55281105350774e-07,1.5542224748921422e-07,1.5556339427616734e-07,1.55704545663321e-07,1.558457016036443e-07,1.5598686204904277e-07,1.5612802695194276e-07,1.5626919626431547e-07,1.5641036993837957e-07,1.5655154792710055e-07,1.5669273018254117e-07,1.5683391665670022e-07,1.5697510730383215e-07,1.5711630207520366e-07,1.572575009240139e-07,1.5739870380180523e-07,1.575399106629521e-07,1.576811214589968e-07,1.5782233614516045e-07,1.5796355467217906e-07,1.5810477699327954e-07,1.5824600306173664e-07,1.5838723283089104e-07,1.5852846625393293e-07,1.586697032879355e-07,1.5881094387809077e-07,1.5895218798226173e-07,1.5909343555312358e-07,1.5923468654464844e-07,1.5937594090983007e-07,1.5951719860263947e-07,1.5965845957684011e-07,1.5979972378556124e-07,1.59940991182672e-07,1.6008226172134836e-07,1.6022353535633511e-07,1.603648120436115e-07,1.6050609173192745e-07,1.6064737437877606e-07,1.607886599376612e-07,1.6092994836193855e-07,1.6107123960653943e-07,1.6121253362530212e-07,1.6135383037218e-07,1.6149512980243332e-07,1.6163643186963568e-07,1.6177773652799444e-07,1.6191904373272085e-07,1.620603534379342e-07,1.622016655982009e-07,1.6234298016794812e-07,1.6248429710260082e-07,1.6262561635502579e-07,1.6276693788201988e-07,1.6290826163774716e-07,1.630495875768222e-07,1.6319091565429696e-07,1.6333224582525137e-07,1.6347357804476037e-07,1.6361491227081218e-07,1.6375624845275063e-07,1.6389758654889502e-07,1.6403892651345848e-07,1.641802683020683e-07,1.643216118704363e-07,1.6446295717383785e-07,1.6460430416775278e-07,1.6474565280747605e-07,1.6488700304907e-07,1.6502835484652113e-07,1.6516970815822757e-07,1.6531106293854467e-07,1.654524191433154e-07,1.655937767279963e-07,1.6573513564907048e-07,1.6587649586164492e-07,1.6601785732234425e-07,1.6615921998658607e-07,1.663005838109143e-07,1.664419487510811e-07,1.6658331476265177e-07,1.6672468180414128e-07,1.6686604982980266e-07,1.6700741879706106e-07,1.6714878866156487e-07,1.6729015937978557e-07,1.6743153090830742e-07,1.6757290320474685e-07,1.677142762241279e-07,1.6785564992369963e-07,1.6799702425985764e-07,1.6813839918972719e-07,1.682797746695551e-07,1.684211506581493e-07,1.6856252710922686e-07,1.6870390398204785e-07,1.6884528123242146e-07,1.6898665881706842e-07,1.6912803669416084e-07,1.6926941482118727e-07,1.694107931547502e-07,1.6955217165184648e-07,1.6969355026987626e-07,1.6983492896607455e-07,1.6997630769809514e-07,1.7011768642334788e-07,1.7025906509858544e-07,1.7040044368339127e-07,1.7054182213353878e-07,1.7068320040725196e-07,1.7082457846208183e-07,1.7096595625600845e-07,1.711073337467182e-07,1.7124871089149573e-07,1.7139008764922145e-07,1.7153146397708002e-07,1.7167283983209026e-07,1.7181421517508636e-07,1.719555899614929e-07,1.7209696415222758e-07,1.7223833770369127e-07,1.7237971057349048e-07,1.7252108272267564e-07,1.7266245410506803e-07,1.7280382468317854e-07,1.7294519441384966e-07,1.7308656325529753e-07,1.7322793116713234e-07,1.733692981075546e-07,1.7351066403444928e-07,1.7365202890694268e-07,1.7379339268383505e-07,1.739347553241221e-07,1.7407611678623758e-07,1.7421747703268508e-07,1.7435883601550456e-07,1.7450019369883566e-07,1.7464155003838866e-07,1.7478290499530867e-07,1.7492425852816432e-07,1.7506561059612151e-07,1.752069611586532e-07,1.7534831017506964e-07,1.7548965760457757e-07,1.7563100340665144e-07,1.7577234754069147e-07,1.7591368996619588e-07,1.76055030642704e-07,1.7619636953269236e-07,1.7633770658988348e-07,1.7647904177595674e-07,1.7662037505174838e-07,1.7676170637538205e-07,1.7690303571060977e-07,1.7704436301478962e-07,1.7718568824797958e-07,1.7732701137071582e-07,1.7746833234225634e-07,1.7760965112169462e-07,1.7775096767082937e-07,1.77892281949301e-07,1.7803359391715917e-07,1.7817490353153555e-07,1.783162107591325e-07,1.7845751555715975e-07,1.7859881788587618e-07,1.787401177058096e-07,1.7888141497684415e-07,1.7902270965996067e-07,1.7916400171677061e-07,1.7930529110697878e-07,1.7944657779131581e-07,1.795878617306915e-07,1.7972914288583327e-07,1.7987042121727517e-07,1.8001169668542909e-07,1.8015296925193442e-07,1.802942388782988e-07,1.8043550552447724e-07,1.8057676915271705e-07,1.8071802972302678e-07,1.808592871972442e-07,1.810005415350682e-07,1.8114179270043998e-07,1.812830406517599e-07,1.81424285352983e-07,1.815655267643791e-07,1.8170676484726566e-07,1.818479995629701e-07,1.8198923087344144e-07,1.8213045874041325e-07,1.822716831247667e-07,1.8241290398912878e-07,1.8255412129442005e-07,1.826953350028278e-07,1.828365450761334e-07,1.829777514756864e-07,1.8311895416426794e-07,1.8326015310328223e-07,1.834013482548754e-07,1.8354253958107428e-07,1.8368372704371482e-07,1.8382491060546565e-07,1.839660902281476e-07,1.8410726587411297e-07,1.8424843750574108e-07,1.8438960508657505e-07,1.8453076857615415e-07,1.846719279386306e-07,1.8481308313659059e-07,1.849542341316913e-07,1.8509538088738147e-07,1.8523652336576923e-07,1.8537766152975118e-07,1.8551879534204912e-07,1.856599247655644e-07,1.8580104976210575e-07,1.8594217029513015e-07,1.860832863273918e-07,1.86224397823065e-07,1.8636550474357527e-07,1.865066070523609e-07,1.8664770471311752e-07,1.8678879768855853e-07,1.8692988594031684e-07,1.870709694338886e-07,1.8721204813143247e-07,1.8735312199686658e-07,1.8749419099313096e-07,1.87635255083088e-07,1.877763142306753e-07,1.87917368400078e-07,1.8805841755313695e-07,1.8819946165542465e-07,1.8834050066948665e-07,1.88481534559204e-07,1.8862256328669777e-07,1.8876358681863655e-07,1.889046051166306e-07,1.8904561814473014e-07,1.8918662586676728e-07,1.8932762824718527e-07,1.894686252499346e-07,1.896096168403122e-07,1.8975060298104823e-07,1.8989158363513e-07,1.9003255876881666e-07,1.9017352834538298e-07,1.903144923288558e-07,1.90455450683757e-07,1.90596403373643e-07,1.907373503624163e-07,1.9087829161880545e-07,1.910192271039262e-07,1.911601567820931e-07,1.9130108061645141e-07,1.9144199857427584e-07,1.9158291061986667e-07,1.9172381671717657e-07,1.9186471683012898e-07,1.9200561092556322e-07,1.921464989676107e-07,1.9228738091949117e-07,1.9242825674866107e-07,1.925691264187674e-07,1.927099898933782e-07,1.9285084713898674e-07,1.9299169812195416e-07,1.931325428060022e-07,1.9327338115532254e-07,1.9341421313669203e-07,1.935550387143557e-07,1.9369585785414072e-07,1.938366705215325e-07,1.9397747668167358e-07,1.9411827630013317e-07,1.9425906934242583e-07,1.9439985577416834e-07,1.9454063555979295e-07,1.9468140866824917e-07,1.9482217506131795e-07,1.949629347060724e-07,1.9510368756836806e-07,1.9524443361448286e-07,1.9538517280946837e-07,1.9552590511924392e-07,1.9566663050955534e-07,1.9580734894711388e-07,1.9594806039880948e-07,1.9608876482827256e-07,1.9622946220272247e-07,1.9637015248848424e-07,1.9651083564984787e-07,1.9665151165629162e-07,1.9679218047242474e-07,1.9693284206454573e-07,1.9707349639920198e-07,1.9721414344238037e-07,1.9735478316087246e-07,1.9749541552097718e-07,1.976360404891104e-07,1.9777665803232348e-07,1.9791726811640602e-07,1.980578707086562e-07,1.981984657755362e-07,1.983390532829782e-07,1.9847963319939416e-07,1.9862020549054591e-07,1.9876077012360725e-07,1.989013270652902e-07,1.9904187628173959e-07,1.9918241774087483e-07,1.9932295141177977e-07,1.9946347725751652e-07,1.9960399524764004e-07,1.9974450534770382e-07,1.9988500752768542e-07,2.0002550175683853e-07,2.0016598799293382e-07,2.003064662097486e-07,2.004469363741035e-07,2.005873984528566e-07,2.0072785241380184e-07,2.0086829822425406e-07,2.0100873585067256e-07,2.011491652629148e-07,2.0128958642675847e-07,2.014299993112742e-07,2.0157040388335552e-07,2.017108001107909e-07,2.0185118796135321e-07,2.0199156740285794e-07,2.0213193840315866e-07,2.0227230092996783e-07,2.024126549516191e-07,2.025530004349869e-07,2.0269333734868504e-07,2.028336656622615e-07,2.0297398534264304e-07,2.0311429635786548e-07,2.0325459867531195e-07,2.0339489226528607e-07,2.0353517709493443e-07,2.036754531323202e-07,2.0381572034594532e-07,2.0395597870430245e-07,2.0409622817577462e-07,2.0423646872883615e-07,2.0437670033204285e-07,2.045169229586714e-07,2.0465713656757155e-07,2.0479734113270235e-07,2.049375366221871e-07,2.0507772300611204e-07,2.0521790025080144e-07,2.0535806832560104e-07,2.0549822720090476e-07,2.0563837684486697e-07,2.057785172248392e-07,2.0591864831266517e-07,2.0605877007596045e-07,2.061988824837871e-07,2.063389855031644e-07,2.064790791067761e-07,2.066191632630647e-07,2.0675923794030667e-07,2.068993031065676e-07,2.07039358733511e-07,2.0717940478937374e-07,2.0731944124354504e-07,2.0745946806177695e-07,2.075994852207998e-07,2.077394926863602e-07,2.0787949042809716e-07,2.0801947841554244e-07,2.0815945661826488e-07,2.082994250061035e-07,2.0843938354846552e-07,2.085793322129932e-07,2.087192709719665e-07,2.0885919979675067e-07,2.089991186556864e-07,2.0913902751766492e-07,2.092789263536377e-07,2.0941881513306437e-07,2.0955869383264265e-07,2.0969856240889e-07,2.0983842083899184e-07,2.099782690931223e-07,2.1011810714098834e-07,2.1025793495320008e-07,2.1039775249792086e-07,2.1053755974897117e-07,2.106773566750209e-07,2.1081714324658568e-07,2.1095691943281893e-07,2.110966852061628e-07,2.1123644053605976e-07,2.1137618539309042e-07,2.1151591974770224e-07,2.116556435708018e-07,2.1179535683262078e-07,2.119350595041111e-07,2.1207475155572108e-07,2.1221443295843313e-07,2.1235410368298834e-07,2.1249376370012928e-07,2.126334129809733e-07,2.1277305149114586e-07,2.1291267921322672e-07,2.130522961102347e-07,2.1319190215443455e-07,2.1333149731697272e-07,2.1347108156963188e-07,2.1361065488237368e-07,2.1375021722689753e-07,2.1388976857459396e-07,2.1402930889636944e-07,2.1416883816369815e-07,2.1430835634812706e-07,2.1444786342043663e-07,2.1458735935238441e-07,2.147268441156366e-07,2.148663176813123e-07,2.1500578001996833e-07,2.1514523110115085e-07,2.152846709042054e-07,2.154240993955911e-07,2.1556351654713718e-07,2.1570292233129678e-07,2.1584231672180282e-07,2.1598169968804137e-07,2.161210711986839e-07,2.1626043122933783e-07,2.1639977975071326e-07,2.1653911673528127e-07,2.166784421530211e-07,2.1681775598112164e-07,2.1695705818867873e-07,2.170963487471211e-07,2.1723562762867622e-07,2.1737489480537252e-07,2.1751415025219576e-07,2.1765339394078882e-07,2.1779262583759333e-07,2.1793184591906565e-07,2.1807105415802229e-07,2.182102505282045e-07,2.1834943499854518e-07,2.1848860754345626e-07,2.1862776813404195e-07,2.1876691674631914e-07,2.1890605334763558e-07,2.1904517791772628e-07,2.191842904237846e-07,2.193233908392891e-07,2.1946247913613132e-07,2.196015552917863e-07,2.1974061927436792e-07,2.1987967105452455e-07,2.2001871061064343e-07,2.2015773791452472e-07,2.2029675293443706e-07,2.2043575564735527e-07,2.2057474602502157e-07,2.2071372404161005e-07,2.2085268966935218e-07,2.2099164288277927e-07,2.2113058365436278e-07,2.212695119504084e-07,2.214084277566431e-07,2.2154733104091077e-07,2.2168622177614224e-07,2.2182509993685897e-07,2.2196396549424944e-07,2.2210281842605004e-07,2.2224165869525623e-07,2.223804862893437e-07,2.2251930117131587e-07,2.2265810331879486e-07,2.2279689270659627e-07,2.2293566930650048e-07,2.230744330932888e-07,2.232131840376035e-07,2.233519221148167e-07,2.2349064730062334e-07,2.2362935956714555e-07,2.237680588913496e-07,2.2390674524159142e-07,2.240454185977708e-07,2.2418407892927874e-07,2.243227262086736e-07,2.2446136041294733e-07,2.2459998151326723e-07,2.2473858949447097e-07,2.2487718432154314e-07,2.2501576596623134e-07,2.2515433440679382e-07,2.2529288961712528e-07,2.2543143156998965e-07,2.2556996024135943e-07,2.2570847560543178e-07,2.2584697763681554e-07,2.2598546630360913e-07,2.2612394158826903e-07,2.2626240346663778e-07,2.2640085190940687e-07,2.2653928689159532e-07,2.2667770838748296e-07,2.26816116372907e-07,2.2695451082051698e-07,2.2709289170579858e-07,2.2723125900393144e-07,2.273696126901003e-07,2.2750795273896807e-07,2.276462791240473e-07,2.2778459182164768e-07,2.2792289080646377e-07,2.2806117605284514e-07,2.281994475369734e-07,2.2833770523184756e-07,2.2847594911429255e-07,2.2861417915444563e-07,2.2875239533591824e-07,2.2889059762981823e-07,2.2902878601118602e-07,2.291669604597848e-07,2.2930512094164315e-07,2.2944326743689225e-07,2.2958139992098463e-07,2.2971951836758212e-07,2.298576227501646e-07,2.2999571305178318e-07,2.3013378924230782e-07,2.302718513010304e-07,2.3040989920064306e-07,2.3054793292077908e-07,2.3068595242690968e-07,2.3082395770322883e-07,2.3096194872379891e-07,2.310999254635013e-07,2.312378878983598e-07,2.313758360045257e-07,2.3151376975673153e-07,2.3165168913232476e-07,2.317895941061734e-07,2.3192748465440454e-07,2.3206536075264586e-07,2.3220322237650296e-07,2.3234106950439741e-07,2.3247890211158017e-07,2.3261672017224461e-07,2.3275452366269437e-07,2.3289231256462127e-07,2.3303008684482167e-07,2.331678464848722e-07,2.3330559145698318e-07,2.3344332174353837e-07,2.3358103731585753e-07,2.3371873815478464e-07,2.3385642423512052e-07,2.3399409553233524e-07,2.3413175202283537e-07,2.3426939368453845e-07,2.3440702049242883e-07,2.3454463242331088e-07,2.3468222945448222e-07,2.3481981156134434e-07,2.3495737872144125e-07,2.350949309124659e-07,2.3523246810763923e-07,2.3536999028663056e-07,2.3550749742683668e-07,2.3564498950369804e-07,2.357824664941454e-07,2.3591992837502181e-07,2.3605737512275722e-07,2.3619480671504776e-07,2.363322231284496e-07,2.3646962433998556e-07,2.3660701032731453e-07,2.367443810671775e-07,2.3688173653701138e-07,2.3701907671250537e-07,2.3715640157300456e-07,2.3729371109542246e-07,2.3743100525557133e-07,2.375682840312542e-07,2.3770554740023214e-07,2.378427953404295e-07,2.379800278282119e-07,2.3811724484046582e-07,2.3825444635613862e-07,2.383916323509741e-07,2.385288028043216e-07,2.3866595769187234e-07,2.388030969921154e-07,2.389402206821441e-07,2.390773287406185e-07,2.392144211447619e-07,2.3935149787304063e-07,2.3948855890147985e-07,2.396256042089544e-07,2.397626337727983e-07,2.398996475711108e-07,2.400366455826107e-07,2.4017362778335146e-07,2.403105941522476e-07,2.4044754466718434e-07,2.4058447930624116e-07,2.407213980473231e-07,2.408583008685458e-07,2.4099518774804583e-07,2.411320586638366e-07,2.412689135941309e-07,2.414057525171564e-07,2.4154257541107197e-07,2.416793822552167e-07,2.41816173026518e-07,2.4195294770266747e-07,2.4208970626292576e-07,2.4222644868557756e-07,2.4236317494912184e-07,2.424998850319133e-07,2.4263657891245696e-07,2.4277325656925257e-07,2.4290991798077824e-07,2.430465631256839e-07,2.431831919825062e-07,2.433198045298814e-07,2.434564007464809e-07,2.435929806110161e-07,2.4372954410210687e-07,2.438660911985641e-07,2.4400262187917943e-07,2.44139136123442e-07,2.442756339087993e-07,2.4441211521485134e-07,2.445485800208026e-07,2.446850283050261e-07,2.448214600466399e-07,2.44957875225333e-07,2.450942738189627e-07,2.4523065580812044e-07,2.453670211699703e-07,2.4550336988552505e-07,2.456397019330159e-07,2.4577601729072725e-07,2.459123159397716e-07,2.460485978574258e-07,2.4618486302392594e-07,2.463211114186146e-07,2.4645734302081763e-07,2.465935578098974e-07,2.4672975576525567e-07,2.4686593686632334e-07,2.470021010926268e-07,2.4713824842350236e-07,2.472743788385652e-07,2.4741049231735196e-07,2.475465888394301e-07,2.4768266838448186e-07,2.478187309328716e-07,2.479547764627451e-07,2.480908049546563e-07,2.482268163881678e-07,2.4836281074413725e-07,2.484987880003691e-07,2.4863474813861e-07,2.487706911368275e-07,2.489066169758571e-07,2.4904252563563826e-07,2.491784170960949e-07,2.493142913371814e-07,2.4945014833892807e-07,2.4958598808191317e-07,2.4972181054512594e-07,2.4985761570919503e-07,2.499934035542625e-07,2.501291740604511e-07,2.5026492720842135e-07,2.5040066297757733e-07,2.5053638134978577e-07,2.506720823025931e-07,2.5080776581785536e-07,2.509434318759095e-07,2.5107908045694044e-07,2.512147115467058e-07,2.513503251150726e-07,2.514859211483061e-07,2.516214996258307e-07,2.5175706052868806e-07,2.518926038375108e-07,2.5202812953277425e-07,2.5216363759498613e-07,2.522991280045547e-07,2.524346007435784e-07,2.525700557918972e-07,2.527054931290086e-07,2.5284091273683084e-07,2.5297631459309194e-07,2.531116986835415e-07,2.5324706498876984e-07,2.533824134860082e-07,2.5351774416252035e-07,2.5365305699213283e-07,2.537883519562264e-07,2.5392362904111167e-07,2.540588882210805e-07,2.5419412948065607e-07,2.5432935280126914e-07,2.5446455816326304e-07,2.5459974554817817e-07,2.547349149391143e-07,2.548700663130382e-07,2.5500519965671656e-07,2.5514031494483785e-07,2.552754121648107e-07,2.5541049129222384e-07,2.5554555231157e-07,2.556805952054946e-07,2.5581561995111155e-07,2.559506265354055e-07,2.560856149373019e-07,2.562205851350315e-07,2.5635553711307547e-07,2.5649047085483243e-07,2.5662538633732005e-07,2.5676028354685643e-07,2.56895162462952e-07,2.5703002306527527e-07,2.571648653343193e-07,2.572996892569607e-07,2.574344948216762e-07,2.5756928199485193e-07,2.577040507657575e-07,2.5783880111163564e-07,2.579735330202548e-07,2.5810824646863735e-07,2.5824294144113845e-07,2.583776179213701e-07,2.585122758909192e-07,2.5864691533120093e-07,2.587815362202439e-07,2.589161385433425e-07,2.5905072228455787e-07,2.591852874211422e-07,2.5931983393876894e-07,2.594543618200137e-07,2.595888710446754e-07,2.5972336159094706e-07,2.598578334516483e-07,2.599922866034476e-07,2.6012672103021854e-07,2.602611367114026e-07,2.603955336309872e-07,2.6052991177049935e-07,2.606642711129557e-07,2.6079861164239656e-07,2.60932933338925e-07,2.6106723618592376e-07,2.6120152016586323e-07,2.6133578526051705e-07,2.6147003145360407e-07,2.616042587267312e-07,2.61738467064064e-07,2.6187265644698093e-07,2.6200682685869863e-07,2.621409782805952e-07,2.62275110698186e-07,2.6240922409180267e-07,2.62543318445637e-07,2.6267739374101204e-07,2.6281144996346877e-07,2.629454870938112e-07,2.6307950511197876e-07,2.632135040052992e-07,2.633474837553914e-07,2.634814443458918e-07,2.636153857583542e-07,2.63749307976762e-07,2.6388321098389764e-07,2.640170947629552e-07,2.6415095929699673e-07,2.6428480457114795e-07,2.644186305654049e-07,2.645524372624909e-07,2.646862246502087e-07,2.6481999270677486e-07,2.649537414176906e-07,2.6508747076882924e-07,2.652211807401839e-07,2.6535487131597994e-07,2.6548854247907785e-07,2.6562219421099536e-07,2.6575582649703615e-07,2.6588943932134036e-07,2.660230326676638e-07,2.661566065209058e-07,2.6629016085950147e-07,2.664236956765295e-07,2.665572109423312e-07,2.666907066472703e-07,2.668241827755015e-07,2.669576393126633e-07,2.6709107623745285e-07,2.6722449353606436e-07,2.673578911922288e-07,2.67491269189996e-07,2.676246275146741e-07,2.6775796614911104e-07,2.6789128507481223e-07,2.680245842769854e-07,2.6815786374209225e-07,2.682911234487869e-07,2.6842436338987816e-07,2.6855758353763154e-07,2.68690783880756e-07,2.6882396440590743e-07,2.689571250956102e-07,2.690902659342229e-07,2.692233869054718e-07,2.6935648799368986e-07,2.6948956918306223e-07,2.6962263046132735e-07,2.697556718055106e-07,2.6988869320209885e-07,2.7002169463867564e-07,2.7015467609631933e-07,2.702876375611805e-07,2.704205790170393e-07,2.7055350044880304e-07,2.7068640183998465e-07,2.7081928317537434e-07,2.709521444388945e-07,2.710849856177018e-07,2.712178066924136e-07,2.713506076505919e-07,2.714833884732313e-07,2.71616149149629e-07,2.717488896603158e-07,2.7188160999314326e-07,2.7201431013100373e-07,2.7214699005710527e-07,2.722796497601479e-07,2.724122892200139e-07,2.7254490842314007e-07,2.7267750735584716e-07,2.728100860020348e-07,2.7294264434671877e-07,2.7307518237455527e-07,2.732077000705184e-07,2.7334019741929164e-07,2.734726744081911e-07,2.7360513101697194e-07,2.737375672346773e-07,2.738699830453228e-07,2.740023784336771e-07,2.7413475338582416e-07,2.7426710788541907e-07,2.7439944191773426e-07,2.7453175546876685e-07,2.746640485221002e-07,2.7479632106511073e-07,2.749285730810899e-07,2.7506080455690265e-07,2.7519301547714334e-07,2.7532520582697234e-07,2.7545737559062936e-07,2.7558952475590545e-07,2.757216533064682e-07,2.7585376122807385e-07,2.759858485114277e-07,2.7611791513087794e-07,2.7624996107725276e-07,2.7638198633962834e-07,2.765139908976455e-07,2.7664597473885613e-07,2.767779378520605e-07,2.7690988021795814e-07,2.770418018235251e-07,2.77173702655e-07,2.7730558269832954e-07,2.774374419390134e-07,2.775692803607511e-07,2.777010979529635e-07,2.7783289469931703e-07,2.7796467058630364e-07,2.7809642559961286e-07,2.782281597246515e-07,2.7835987294751136e-07,2.7849156525195076e-07,2.7862323662782334e-07,2.7875488705898555e-07,2.7888651653248593e-07,2.7901812503280013e-07,2.791497125453622e-07,2.7928127905860857e-07,2.794128245589593e-07,2.795443490275066e-07,2.796758524535411e-07,2.798073348236089e-07,2.7993879612319256e-07,2.800702363380561e-07,2.802016554533516e-07,2.803330534564686e-07,2.8046443032875666e-07,2.805957860711907e-07,2.8072712065838186e-07,2.808584340784384e-07,2.8098972631840407e-07,2.811209973643372e-07,2.8125224720218063e-07,2.8138347581739034e-07,2.815146831990932e-07,2.8164586933326737e-07,2.817770342040609e-07,2.8190817779928503e-07,2.820393001096921e-07,2.821704011151561e-07,2.823014808011424e-07,2.824325391592314e-07,2.825635761746774e-07,2.8269459183363165e-07,2.828255861229059e-07,2.829565590293421e-07,2.8308751053953166e-07,2.8321844064021865e-07,2.8334934931876145e-07,2.8348023655756357e-07,2.8361110235008095e-07,2.8374194668155235e-07,2.838727695351973e-07,2.840035709010839e-07,2.841343507651043e-07,2.842651091140937e-07,2.843958459353634e-07,2.8452656121388126e-07,2.8465725493871706e-07,2.847879270957998e-07,2.849185776743444e-07,2.8504920666049073e-07,2.851798140391983e-07,2.853103997990093e-07,2.8544096392833826e-07,2.855715064124555e-07,2.857020272354849e-07,2.858325263910369e-07,2.8596300386506997e-07,2.860934596405788e-07,2.862238937095253e-07,2.8635430605506166e-07,2.864846966676186e-07,2.866150655351397e-07,2.867454126413624e-07,2.8687573797559056e-07,2.8700604152556273e-07,2.8713632327805505e-07,2.8726658322004005e-07,2.873968213394815e-07,2.875270376236315e-07,2.876572320673227e-07,2.8778740464912615e-07,2.8791755535162484e-07,2.8804768416961777e-07,2.8817779109143806e-07,2.8830787610443995e-07,2.884379391947045e-07,2.8856798035040533e-07,2.8869799955910896e-07,2.888279968158586e-07,2.8895797209324643e-07,2.89087925389911e-07,2.8921785668834323e-07,2.893477659792846e-07,2.894776532489963e-07,2.8960751848461334e-07,2.897373616752565e-07,2.8986718280979577e-07,2.8999698187675193e-07,2.90126758862471e-07,2.902565137549056e-07,2.903862465453439e-07,2.9051595721462527e-07,2.9064564575605494e-07,2.907753121560067e-07,2.9090495640193743e-07,2.9103457848272044e-07,2.911641783883034e-07,2.9129375610685477e-07,2.9142331162297557e-07,2.91552844926211e-07,2.916823560029568e-07,2.9181184484603004e-07,2.919413114431226e-07,2.920707557782699e-07,2.9220017784350256e-07,2.923295776221982e-07,2.924589551078703e-07,2.9258831028670986e-07,2.927176431475393e-07,2.928469536773545e-07,2.9297624186699904e-07,2.931055077036297e-07,2.932347511759512e-07,2.933639722718794e-07,2.934931709825296e-07,2.9362234728933904e-07,2.937515011874756e-07,2.938806326708039e-07,2.9400974171132454e-07,2.94138828308839e-07,2.942678924504521e-07,2.9439693412335736e-07,2.945259533181125e-07,2.94654950025084e-07,2.947839242289194e-07,2.94912875918493e-07,2.950418050837694e-07,2.9517071171198154e-07,2.952995957950342e-07,2.954284573200683e-07,2.955572962758068e-07,2.956861126484848e-07,2.958149064327449e-07,2.9594367761448946e-07,2.960724261823351e-07,2.962011521240664e-07,2.963298554310301e-07,2.9645853609145074e-07,2.965871940938705e-07,2.9671582942801224e-07,2.968444420823888e-07,2.969730320454165e-07,2.9710159930626235e-07,2.972301438543548e-07,2.9735866567935593e-07,2.974871647704968e-07,2.976156411157717e-07,2.9774409470493554e-07,2.978725255231053e-07,2.980009335673482e-07,2.98129318821625e-07,2.982576812784008e-07,2.9838602092504757e-07,2.985143377512619e-07,2.9864263174766174e-07,2.987709029002722e-07,2.988991512004104e-07,2.990273766363678e-07,2.991555791992021e-07,2.9928375887791925e-07,2.9941191566113486e-07,2.9954004953829406e-07,2.9966816050230036e-07,2.997962485378813e-07,2.9992431363738295e-07,3.0005235578742566e-07,3.001803749802174e-07,3.003083712041406e-07,3.004363444495842e-07,3.0056429470533127e-07,3.0069222196167757e-07,3.008201262096761e-07,3.009480074358069e-07,3.0107586563121994e-07,3.0120370078677703e-07,3.013315128904341e-07,3.0145930193160183e-07,3.0158706790356704e-07,3.017148107925816e-07,3.018425305940063e-07,3.0197022728784226e-07,3.020979008703914e-07,3.022255513304341e-07,3.023531786571425e-07,3.0248078284250177e-07,3.026083638751713e-07,3.027359217467975e-07,3.028634564439041e-07,3.029909679583652e-07,3.0311845628441454e-07,3.032459214065017e-07,3.033733633127902e-07,3.035007819971056e-07,3.036281774484447e-07,3.037555496595218e-07,3.038828986170326e-07,3.0401022431215615e-07,3.041375267354668e-07,3.042648058770278e-07,3.043920617274445e-07,3.045192942766306e-07,3.046465035165883e-07,3.0477368943645764e-07,3.049008520235471e-07,3.050279912706036e-07,3.051551071671311e-07,3.052821997048618e-07,3.0540926887369286e-07,3.0553631466376963e-07,3.0566333706539447e-07,3.057903360701939e-07,3.0591731166652643e-07,3.0604426384854e-07,3.061711926036849e-07,3.062980979211927e-07,3.064249797922726e-07,3.0655183821136304e-07,3.0667867316636844e-07,3.068054846460574e-07,3.069322726420598e-07,3.0705903714913047e-07,3.071857781536308e-07,3.073124956419527e-07,3.074391896122989e-07,3.075658600523995e-07,3.0769250695303267e-07,3.078191303050127e-07,3.0794573010033685e-07,3.0807230632811227e-07,3.0819885897558873e-07,3.083253880446497e-07,3.0845189351702846e-07,3.0857837538798843e-07,3.0870483364609763e-07,3.088312682797721e-07,3.0895767928223914e-07,3.090840666447708e-07,3.092104303579694e-07,3.093367704135582e-07,3.094630868020333e-07,3.095893795143024e-07,3.097156485436468e-07,3.098418938758947e-07,3.0996811550567915e-07,3.1009431342375287e-07,3.10220487620575e-07,3.103466380876573e-07,3.1047276481599906e-07,3.1059886779918083e-07,3.1072494702571594e-07,3.1085100248489194e-07,3.109770341700109e-07,3.111030420731292e-07,3.112290261841007e-07,3.113549864946426e-07,3.1148092299569304e-07,3.116068356794033e-07,3.117327245369876e-07,3.1185858955919723e-07,3.1198443073947797e-07,3.1211024806762664e-07,3.122360415325549e-07,3.1236181112903147e-07,3.124875568462183e-07,3.1261327867987795e-07,3.127389766144139e-07,3.128646506454971e-07,3.129903007667659e-07,3.13115926964966e-07,3.1324152924066277e-07,3.133671075716468e-07,3.134926619580254e-07,3.136181923888074e-07,3.1374369885542204e-07,3.138691813513191e-07,3.139946398684276e-07,3.1412007439900415e-07,3.142454849304192e-07,3.1437087145702596e-07,3.1449623397512176e-07,3.1462157246788605e-07,3.147468869316708e-07,3.148721773566879e-07,3.1499744373444e-07,3.151226860591759e-07,3.1524790432350866e-07,3.153730985138935e-07,3.154982686267357e-07,3.1562341465624895e-07,3.157485365870325e-07,3.158736344136251e-07,3.15998708131285e-07,3.1612375772851856e-07,3.1624878319860267e-07,3.163737845335776e-07,3.16498761725284e-07,3.1662371476567047e-07,3.1674864364503224e-07,3.168735483664455e-07,3.169984289047327e-07,3.1712328526007096e-07,3.172481174222992e-07,3.173729253873918e-07,3.174977091451565e-07,3.1762246868966086e-07,3.1774720401131034e-07,3.1787191510535654e-07,3.179966019613986e-07,3.18121264569025e-07,3.182459029230354e-07,3.183705170145347e-07,3.1849510683805893e-07,3.186196723847802e-07,3.187442136483837e-07,3.1886873062590874e-07,3.189932232962827e-07,3.191176916581653e-07,3.1924213570047635e-07,3.193665554251053e-07,3.1949095081929216e-07,3.19615321875347e-07,3.1973966858662314e-07,3.1986399094444833e-07,3.199882889420408e-07,3.2011256257380124e-07,3.2023681182148144e-07,3.203610366946627e-07,3.2048523717536103e-07,3.2060941325798236e-07,3.207335649354568e-07,3.2085769220015894e-07,3.2098179504443514e-07,3.211058734690979e-07,3.2122992745390767e-07,3.2135395699468673e-07,3.2147796208762694e-07,3.216019427209708e-07,3.2172589889078337e-07,3.218498305885821e-07,3.2197373780790073e-07,3.220976205416197e-07,3.2222147878219194e-07,3.2234531252244374e-07,3.2246912175641444e-07,3.2259290647480796e-07,3.2271666667129304e-07,3.2284040234026566e-07,3.229641134741149e-07,3.2308780006242244e-07,3.2321146210237246e-07,3.2333509958941406e-07,3.2345871250543276e-07,3.235823008501233e-07,3.2370586461622596e-07,3.238294037970875e-07,3.2395291838673215e-07,3.2407640837605634e-07,3.2419987375859304e-07,3.243233145280836e-07,3.244467306772372e-07,3.245701222012268e-07,3.246934890892835e-07,3.248168313364621e-07,3.2494014893552037e-07,3.2506344187749116e-07,3.251867101557641e-07,3.2530995377059773e-07,3.254331727105591e-07,3.255563669691748e-07,3.2567953653868177e-07,3.2580268141078525e-07,3.259258015830812e-07,3.2604889704662515e-07,3.261719677946039e-07,3.262950138203377e-07,3.2641803511749607e-07,3.265410316793807e-07,3.2666400350023823e-07,3.267869505711862e-07,3.269098728865251e-07,3.2703277044021237e-07,3.271556432220873e-07,3.272784912302848e-07,3.2740131446297305e-07,3.27524112899738e-07,3.276468865460594e-07,3.2776963539116413e-07,3.2789235942609875e-07,3.280150586494859e-07,3.2813773305227057e-07,3.2826038262884235e-07,3.283830073719928e-07,3.285056072750222e-07,3.286281823322383e-07,3.2875073253707536e-07,3.2887325788316543e-07,3.289957583653949e-07,3.2911823397476014e-07,3.29240684706683e-07,3.293631105540823e-07,3.2948551151177883e-07,3.296078875703629e-07,3.297302387290451e-07,3.2985256497852024e-07,3.299748663125269e-07,3.3009714272569996e-07,3.302193942109002e-07,3.303416207590173e-07,3.304638223689532e-07,3.3058599903368284e-07,3.3070815074909353e-07,3.308302775048396e-07,3.30952379296065e-07,3.3107445611902754e-07,3.3119650796377334e-07,3.3131853482378116e-07,3.314405366961209e-07,3.3156251357527264e-07,3.3168446545435833e-07,3.3180639232711734e-07,3.319282941873086e-07,3.3205017103164356e-07,3.3217202284947194e-07,3.3229384963460016e-07,3.324156513863839e-07,3.325374280960577e-07,3.3265917975649815e-07,3.3278090636482005e-07,3.3290260791328104e-07,3.3302428439669865e-07,3.3314593580847194e-07,3.3326756214360603e-07,3.333891633970853e-07,3.3351073956176073e-07,3.336322906315682e-07,3.3375381659985635e-07,3.3387531746427086e-07,3.339967932175319e-07,3.3411824385390096e-07,3.342396693641656e-07,3.3436106974923494e-07,3.3448244500000904e-07,3.3460379511140717e-07,3.34725120077645e-07,3.3484641989736035e-07,3.3496769455424816e-07,3.3508894404861307e-07,3.352101683777544e-07,3.353313675345779e-07,3.35452541511786e-07,3.355736903018073e-07,3.3569481390541575e-07,3.3581591231668227e-07,3.359369855248188e-07,3.3605803352482915e-07,3.3617905631567764e-07,3.3630005388953123e-07,3.3642102624101026e-07,3.3654197336260457e-07,3.36662895253671e-07,3.3678379190625883e-07,3.36904663310952e-07,3.3702550947069024e-07,3.371463303757053e-07,3.372671260190409e-07,3.373878963949253e-07,3.3750864150563055e-07,3.376293613404725e-07,3.3775005589480937e-07,3.3787072516313074e-07,3.3799136913963223e-07,3.3811198782001896e-07,3.382325812003736e-07,3.3835314927260633e-07,3.384736920306522e-07,3.3859420947334815e-07,3.3871470159135526e-07,3.388351683826553e-07,3.389556098460676e-07,3.3907602597283616e-07,3.3919641675399526e-07,3.393167821873604e-07,3.3943712226759906e-07,3.395574369907879e-07,3.396777263506877e-07,3.397979903429255e-07,3.399182289624387e-07,3.4003844220394984e-07,3.4015863006276684e-07,3.4027879254100157e-07,3.403989296199573e-07,3.405190413048088e-07,3.406391275838781e-07,3.4075918845904385e-07,3.4087922391847245e-07,3.4099923396114366e-07,3.4111921858767934e-07,3.4123917778829797e-07,3.4135911155065367e-07,3.4147901987482563e-07,3.415989027595199e-07,3.41718760198646e-07,3.4183859219308706e-07,3.4195839873323284e-07,3.420781798064314e-07,3.4219793542178996e-07,3.4231766555426364e-07,3.4243737021866376e-07,3.425570494038343e-07,3.4267670310583666e-07,3.427963313189162e-07,3.4291593403966123e-07,3.430355112651872e-07,3.431550629862372e-07,3.4327458920142306e-07,3.433940899046225e-07,3.4351356509174934e-07,3.436330147618257e-07,3.437524389034459e-07,3.438718375227274e-07,3.439912106009071e-07,3.4411055814747944e-07,3.442298801443426e-07,3.4434917659348164e-07,3.444684474910373e-07,3.4458769283174806e-07,3.4470691261834923e-07,3.4482610683301387e-07,3.449452754782521e-07,3.450644185494314e-07,3.4518353604052845e-07,3.45302627950194e-07,3.4542169426962656e-07,3.4554073500442e-07,3.45659750145952e-07,3.457787396821541e-07,3.4589770361705326e-07,3.4601664194527015e-07,3.461355546600288e-07,3.4625444175192617e-07,3.463733032221565e-07,3.464921390659568e-07,3.466109492838711e-07,3.467297338714974e-07,3.468484928192128e-07,3.4696722611880647e-07,3.4708593377146415e-07,3.472046157716874e-07,3.4732327211885e-07,3.4744190281365324e-07,3.4756050783766964e-07,3.4767908719843385e-07,3.477976408811404e-07,3.4791616889211583e-07,3.4803467122308003e-07,3.481531478704378e-07,3.482715988307455e-07,3.4839002410471836e-07,3.4850842368265724e-07,3.4862679756156013e-07,3.4874514572854735e-07,3.4886346818456747e-07,3.4898176493494315e-07,3.491000359683491e-07,3.492182812828548e-07,3.4933650087490736e-07,3.4945469473853436e-07,3.495728628755723e-07,3.4969100527857653e-07,3.498091219405377e-07,3.499272128615812e-07,3.5004527803071454e-07,3.501633174424677e-07,3.50281331107478e-07,3.5039931901095937e-07,3.50517281154928e-07,3.5063521754044194e-07,3.5075312815148793e-07,3.5087101299414297e-07,3.5098887205979744e-07,3.511067053382553e-07,3.512245128360817e-07,3.5134229454189995e-07,3.514600504564023e-07,3.5157778057909845e-07,3.516954848991646e-07,3.51813163415069e-07,3.5193081612674694e-07,3.5204844302618687e-07,3.5216604412046037e-07,3.522836193940569e-07,3.5240116884304777e-07,3.5251869246853654e-07,3.5263619027050983e-07,3.5275366223780225e-07,3.5287110837369315e-07,3.5298852866632047e-07,3.531059231205679e-07,3.5322329172519627e-07,3.5334063448793146e-07,3.534579513907635e-07,3.5357524243191684e-07,3.5369250762023906e-07,3.5380974694427407e-07,3.539269604086432e-07,3.5404414799958805e-07,3.5416130971505555e-07,3.5427844555591534e-07,3.543955555160554e-07,3.545126395976999e-07,3.54629697787434e-07,3.547467300864448e-07,3.5486373649334337e-07,3.549807170081082e-07,3.5509767162019124e-07,3.552146003251313e-07,3.5533150312912874e-07,3.554483800219479e-07,3.555652310027421e-07,3.5568205606515585e-07,3.557988552069328e-07,3.559156284265708e-07,3.5603237571979127e-07,3.561490970901202e-07,3.562657925271175e-07,3.5638246202372116e-07,3.5649910558120424e-07,3.566157231976592e-07,3.5673231487223527e-07,3.5684888059659943e-07,3.569654203683228e-07,3.570819341849405e-07,3.5719842204523827e-07,3.573148839466605e-07,3.574313198840515e-07,3.575477298547813e-07,3.5766411385886905e-07,3.577804718871397e-07,3.5789680394053664e-07,3.5801311002325335e-07,3.581293901166175e-07,3.5824564422398717e-07,3.5836187234658937e-07,3.5847807446528506e-07,3.585942506012039e-07,3.587104007499508e-07,3.588265248899745e-07,3.5894262303064395e-07,3.590586951647044e-07,3.5917474129508304e-07,3.592907614112882e-07,3.59406755518725e-07,3.5952272360448926e-07,3.5963866566951944e-07,3.5975458171407066e-07,3.598704717335426e-07,3.599863357251551e-07,3.6010217368864313e-07,3.6021798561922495e-07,3.6033377151127387e-07,3.604495313640022e-07,3.605652651744879e-07,3.606809729412021e-07,3.607966546610683e-07,3.609123103320881e-07,3.610279399480674e-07,3.6114354350986725e-07,3.612591210135779e-07,3.613746724564613e-07,3.614901978332619e-07,3.616056971465574e-07,3.6172117039302323e-07,3.6183661756823504e-07,3.6195203867089866e-07,3.6206743369629493e-07,3.6218280264258696e-07,3.6229814550943865e-07,3.624134622858066e-07,3.6252875297894613e-07,3.6264401758431216e-07,3.627592560984068e-07,3.628744685188983e-07,3.629896548419858e-07,3.63104815066192e-07,3.6321994918963423e-07,3.6333505720788374e-07,3.63450139120186e-07,3.6356519492314924e-07,3.636802246131245e-07,3.6379522819099885e-07,3.639102056520739e-07,3.640251569941861e-07,3.64140082215882e-07,3.6425498131442595e-07,3.6436985428589805e-07,3.644847011345882e-07,3.645995218459353e-07,3.647143164263423e-07,3.648290848776723e-07,3.6494382719357164e-07,3.650585433621503e-07,3.651732333887091e-07,3.652878972700621e-07,3.654025350045341e-07,3.6551714658809225e-07,3.656317320225011e-07,3.657462913035326e-07,3.6586082443073017e-07,3.6597533139885014e-07,3.660898122069596e-07,3.662042668525333e-07,3.663186953363834e-07,3.664330976507845e-07,3.66547473795401e-07,3.666618237709099e-07,3.667761475722764e-07,3.6689044519838935e-07,3.670047166460907e-07,3.6711896191496897e-07,3.6723318100311627e-07,3.6734737390544166e-07,3.674615406238007e-07,3.6757568115628114e-07,3.676897954993005e-07,3.6780388364748506e-07,3.679179456034191e-07,3.680319813610956e-07,3.6814599092243893e-07,3.682599742839223e-07,3.683739314451026e-07,3.68487862395367e-07,3.686017671370497e-07,3.687156456768619e-07,3.6882949800781995e-07,3.689433241139533e-07,3.690571240229269e-07,3.6917089771265153e-07,3.6928464518681205e-07,3.6939836644570097e-07,3.6951206147705165e-07,3.6962573028543753e-07,3.6973937286891856e-07,3.698529892252261e-07,3.6996657935106885e-07,3.700801432482569e-07,3.7019368091280375e-07,3.7030719234335785e-07,3.704206775384486e-07,3.705341364949596e-07,3.7064756921197097e-07,3.7076097569415193e-07,3.708743559241821e-07,3.709877099108006e-07,3.711010376447735e-07,3.7121433913921983e-07,3.7132761437746695e-07,3.714408633618675e-07,3.715540861006116e-07,3.716672825836261e-07,3.717804528051279e-07,3.7189359677085747e-07,3.720067144771709e-07,3.7211980592306665e-07,3.722328711047184e-07,3.72345910020574e-07,3.724589226711935e-07,3.725719090517853e-07,3.726848691618888e-07,3.727978030005771e-07,3.729107105690531e-07,3.7302359186108135e-07,3.731364468767728e-07,3.732492756141489e-07,3.73362078073011e-07,3.73474854249821e-07,3.735876041451328e-07,3.7370032775676707e-07,3.73813025083375e-07,3.739256961142421e-07,3.7403834086508544e-07,3.7415095932528356e-07,3.742635514939366e-07,3.7437611737107967e-07,3.744886569532278e-07,3.7460117024097234e-07,3.74713657234278e-07,3.748261179240816e-07,3.749385523164539e-07,3.750509604075451e-07,3.751633421958698e-07,3.75275697680725e-07,3.753880268593707e-07,3.7550032973211013e-07,3.756126062954852e-07,3.757248565487321e-07,3.758370804938527e-07,3.75949278127419e-07,3.7606144945151717e-07,3.761735944576457e-07,3.762857131471183e-07,3.763978055203047e-07,3.765098715755527e-07,3.7662191130976804e-07,3.767339247239842e-07,3.768459118139725e-07,3.769578725819871e-07,3.770698070273671e-07,3.771817151473575e-07,3.7729359693966355e-07,3.7740545240378924e-07,3.775172815385888e-07,3.776290843432626e-07,3.777408608161413e-07,3.77852610956731e-07,3.7796433476323437e-07,3.780760322347844e-07,3.7818770336958367e-07,3.782993481679924e-07,3.784109666296002e-07,3.7852255874811897e-07,3.786341245289569e-07,3.787456639666358e-07,3.788571770634354e-07,3.789686638163509e-07,3.790801242219925e-07,3.7919155828337544e-07,3.7930296599863784e-07,3.7941434736685974e-07,3.795257023868149e-07,3.796370310571548e-07,3.797483333765496e-07,3.7985960934447387e-07,3.7997085896013394e-07,3.800820822237548e-07,3.8019327913098163e-07,3.80304449683377e-07,3.804155938794449e-07,3.805267117175995e-07,3.8063780319823284e-07,3.8074886831897825e-07,3.808599070788741e-07,3.809709194784242e-07,3.8108190551769383e-07,3.811928651926279e-07,3.8130379850500736e-07,3.8141470545337665e-07,3.8152558603675205e-07,3.816364402538179e-07,3.8174726810386824e-07,3.818580695868989e-07,3.819688447019982e-07,3.820795934473444e-07,3.8219031581550415e-07,3.823010118202174e-07,3.8241168145294357e-07,3.825223247141901e-07,3.826329416024081e-07,3.827435321174768e-07,3.8285409625855067e-07,3.829646340234066e-07,3.830751454134743e-07,3.8318563042647337e-07,3.832960890616542e-07,3.83406521316995e-07,3.8351692719609327e-07,3.83627306696065e-07,3.837376598161196e-07,3.8384798655591957e-07,3.8395828691152194e-07,3.8406856088835274e-07,3.841788084813323e-07,3.8428902969285684e-07,3.8439922452060346e-07,3.8450939296249265e-07,3.846195350214025e-07,3.8472965069413856e-07,3.8483973998139106e-07,3.8494980288265083e-07,3.8505983939679415e-07,3.851698495227584e-07,3.8527983325928155e-07,3.8538979060835327e-07,3.8549972156984205e-07,3.856096261413392e-07,3.8571950432315264e-07,3.858293561152179e-07,3.8593918151513163e-07,3.860489805236668e-07,3.8615875312074083e-07,3.8626849934543146e-07,3.863782191764058e-07,3.8648791261421563e-07,3.865975796584915e-07,3.8670722030892004e-07,3.8681683456545195e-07,3.8692642242649917e-07,3.8703598388641187e-07,3.871455189547767e-07,3.8725502762849776e-07,3.8736450990552464e-07,3.8747396578584974e-07,3.8758339526925845e-07,3.876927983556915e-07,3.878021750392124e-07,3.879115253258137e-07,3.880208492175492e-07,3.8813014670942887e-07,3.882394178034379e-07,3.8834866249899047e-07,3.884578807941665e-07,3.885670726894466e-07,3.88676238184681e-07,3.887853772797272e-07,3.8889448996880316e-07,3.89003576261965e-07,3.8911263615508453e-07,3.892216696463129e-07,3.8933067673577244e-07,3.894396574238973e-07,3.8954861170934095e-07,3.896575395937055e-07,3.8976644107560906e-07,3.898753161553525e-07,3.8998416483178574e-07,3.9009298710533877e-07,3.902017829767923e-07,3.903105524436707e-07,3.9041929551052656e-07,3.9052801217318905e-07,3.906367024318439e-07,3.907453662878964e-07,3.9085400373952774e-07,3.909626147881763e-07,3.910711994328216e-07,3.9117975767414966e-07,3.912882895110493e-07,3.913967949444272e-07,3.9150527397416804e-07,3.9161372659986515e-07,3.9172215282209237e-07,3.9183055263969106e-07,3.919389260533344e-07,3.920472730629788e-07,3.921555936684534e-07,3.9226388787036554e-07,3.923721556679344e-07,3.924803970626606e-07,3.925886120527702e-07,3.926968006390021e-07,3.92804962821122e-07,3.9291309859996477e-07,3.9302120797748274e-07,3.931292909523542e-07,3.932373475206456e-07,3.9334537768541257e-07,3.934533814466982e-07,3.9356135880438276e-07,3.936693097589267e-07,3.937772343108849e-07,3.938851324602498e-07,3.939930042068514e-07,3.941008495514949e-07,3.942086684965712e-07,3.9431646103475744e-07,3.944242271719041e-07,3.9453196690803876e-07,3.946396802434489e-07,3.9474736717637263e-07,3.948550277084676e-07,3.949626618399801e-07,3.950702695695056e-07,3.9517785089834557e-07,3.952854058275965e-07,3.9539293435624194e-07,3.955004364856219e-07,3.956079122152906e-07,3.957153615456028e-07,3.9582278447716526e-07,3.9593018100970493e-07,3.960375511438231e-07,3.9614489487961234e-07,3.9625221221922366e-07,3.96359503159973e-07,3.9646676770365407e-07,3.965740058501658e-07,3.966812176004499e-07,3.9678840295304126e-07,3.9689556191222167e-07,3.9700269447342037e-07,3.9710980064070213e-07,3.972168804136575e-07,3.9732393379228597e-07,3.974309607770081e-07,3.975379613683313e-07,3.976449355649697e-07,3.9775188337047186e-07,3.978588047836798e-07,3.97965699804743e-07,3.980725684356659e-07,3.981794106746961e-07,3.9828622652319083e-07,3.983930159818268e-07,3.984997790507098e-07,3.9860651572872797e-07,3.98713226020773e-07,3.988199099244268e-07,3.9892656743964586e-07,3.9903319856767306e-07,3.991398033037754e-07,3.992463816622311e-07,3.993529336324725e-07,3.994594592174507e-07,3.995659584177844e-07,3.996724312338742e-07,3.99778877667122e-07,3.998852977176963e-07,3.999916913857001e-07,4.00098058672869e-07,4.002043995782758e-07,4.003107141032141e-07,4.0041700224811947e-07,4.005232640139259e-07,4.0062949940109736e-07,4.00735708410595e-07,4.008418910414823e-07,4.009480472959509e-07,4.010541771746339e-07,4.011602806780647e-07,4.0126635780669355e-07,4.013724085612173e-07,4.014784329405668e-07,4.015844309487029e-07,4.0169040258417064e-07,4.017963478488074e-07,4.0190226674100706e-07,4.0200815926529414e-07,4.0211402541964287e-07,4.0221986520624723e-07,4.0232567863648816e-07,4.0243146568865023e-07,4.0253722637388426e-07,4.026429606937227e-07,4.027486686484394e-07,4.028543502366902e-07,4.0296000546442443e-07,4.0306563432974724e-07,4.031712368317613e-07,4.032768129747673e-07,4.0338236275771893e-07,4.03487886181727e-07,4.0359338324687905e-07,4.0369885395368706e-07,4.0380429830241207e-07,4.03909716298603e-07,4.0401510792911777e-07,4.0412047321466606e-07,4.04225812146749e-07,4.0433112471903226e-07,4.044364109472666e-07,4.045416708246e-07,4.0464690435192674e-07,4.0475211153061384e-07,4.0485729235969647e-07,4.049624468429787e-07,4.050675749780499e-07,4.0517267676992927e-07,4.05277752216041e-07,4.0538280132008273e-07,4.0548782408172333e-07,4.0559282050176197e-07,4.056977905810343e-07,4.058027343206887e-07,4.059076517204792e-07,4.060125427842461e-07,4.0611740751121917e-07,4.0622224590206636e-07,4.063270579494224e-07,4.0643184367225896e-07,4.0653660306244734e-07,4.0664133612111186e-07,4.067460428488211e-07,4.068507232470146e-07,4.069553773168287e-07,4.0706000505895933e-07,4.0716460647543793e-07,4.0726918156546306e-07,4.0737373032990224e-07,4.074782527723221e-07,4.075827488931512e-07,4.0768721869306373e-07,4.07791662172864e-07,4.078960793334246e-07,4.080004701716664e-07,4.081048346980491e-07,4.082091729090506e-07,4.083134848038849e-07,4.084177703872186e-07,4.085220296578477e-07,4.086262626177694e-07,4.087304692681915e-07,4.088346496099562e-07,4.089388036441735e-07,4.0904293137211577e-07,4.0914703279448325e-07,4.092511079134541e-07,4.0935515672892057e-07,4.0945917923241864e-07,4.0956317543965933e-07,4.096671453546603e-07,4.0977108897185826e-07,4.0987500629242426e-07,4.0997889732118514e-07,4.1008276205435304e-07,4.101866004910748e-07,4.1029041263775473e-07,4.1039419849332543e-07,4.104979580618274e-07,4.106016913404627e-07,4.107053983359857e-07,4.108090790425373e-07,4.1091273346513865e-07,4.1101636160513004e-07,4.111199634629922e-07,4.112235390411504e-07,4.1132708834051216e-07,4.1143061136583397e-07,4.115341081103277e-07,4.116375785812092e-07,4.1174102277916354e-07,4.118444407063119e-07,4.11947832360543e-07,4.120511977452291e-07,4.1215453686167395e-07,4.122578497119217e-07,4.123611362956318e-07,4.124643966170624e-07,4.1256763067556566e-07,4.1267083847294675e-07,4.127740200108179e-07,4.128771752900544e-07,4.1298030431254147e-07,4.1308340708250955e-07,4.1318648359529683e-07,4.132895338586821e-07,4.1339255786764717e-07,4.1349555562915036e-07,4.1359852713905724e-07,4.137014724039793e-07,4.1380439142324903e-07,4.1390728419817217e-07,4.140101507307122e-07,4.1411299102374476e-07,4.14215805076721e-07,4.143185928918285e-07,4.1442135447025296e-07,4.145240898069345e-07,4.1462679891676036e-07,4.1472948179617463e-07,4.1483213844443807e-07,4.1493476886318376e-07,4.150373730547369e-07,4.1513995102139195e-07,4.1524250276363093e-07,4.1534502827487997e-07,4.1544752757338096e-07,4.155500006524792e-07,4.1565244751321613e-07,4.1575486815794775e-07,4.1585726258888154e-07,4.15959630810125e-07,4.160619728164977e-07,4.1616428861309466e-07,4.162665781985092e-07,4.163688415804084e-07,4.1647107876303874e-07,4.165732897360976e-07,4.166754745080965e-07,4.1677763307841645e-07,4.1687976545154956e-07,4.1698187162809375e-07,4.1708395160868816e-07,4.1718600539813837e-07,4.1728803299924933e-07,4.173900344060644e-07,4.1749200962396666e-07,4.1759395865389184e-07,4.176958815000801e-07,4.1779777816348205e-07,4.178996486427818e-07,4.1800149294513214e-07,4.1810331106962676e-07,4.182051030165514e-07,4.18306868788941e-07,4.1840860838813006e-07,4.185103218162912e-07,4.186120090749966e-07,4.1871367016770325e-07,4.188153050918818e-07,4.189169138555282e-07,4.190184964552698e-07,4.191200528908634e-07,4.192215831700418e-07,4.1932308729197983e-07,4.1942456525890734e-07,4.195260170733056e-07,4.196274427352016e-07,4.197288422470793e-07,4.198302156112036e-07,4.19931562829514e-07,4.200328839031671e-07,4.2013417883347106e-07,4.2023544762254016e-07,4.203366902737956e-07,4.2043790679113295e-07,4.2053909717085955e-07,4.2064026141721776e-07,4.2074139953013483e-07,4.208425115158459e-07,4.2094359737329645e-07,4.210446571049035e-07,4.211456907127344e-07,4.2124669819946925e-07,4.21347679565062e-07,4.214486348137563e-07,4.215495639434253e-07,4.21650466961586e-07,4.21751343867879e-07,4.2185219466342066e-07,4.219530193503403e-07,4.2205381793064757e-07,4.2215459040475504e-07,4.2225533677818896e-07,4.2235605705077827e-07,4.224567512243078e-07,4.2255741930162854e-07,4.226580612842704e-07,4.2275867717411284e-07,4.228592669733217e-07,4.2295983068250727e-07,4.230603683061878e-07,4.231608798442515e-07,4.232613653004138e-07,4.233618246750956e-07,4.2346225797122914e-07,4.235626651914656e-07,4.236630463372656e-07,4.237634014129571e-07,4.23863730415157e-07,4.2396403334824697e-07,4.2406431021335713e-07,4.241645610155171e-07,4.242647857559444e-07,4.2436498443607215e-07,4.2446515705776775e-07,4.245653036235587e-07,4.2466542413942213e-07,4.2476551859889894e-07,4.248655870088369e-07,4.2496562937115575e-07,4.250656456874826e-07,4.251656359605216e-07,4.2526560019714816e-07,4.2536553838475266e-07,4.2546545053992243e-07,4.2556533666000086e-07,4.256651967472715e-07,4.2576503080289973e-07,4.258648388307221e-07,4.25964620834141e-07,4.260643768098826e-07,4.261641067646273e-07,4.262638106994309e-07,4.263634886166587e-07,4.264631405144962e-07,4.265627664026928e-07,4.266623662796647e-07,4.267619401485189e-07,4.2686148801049214e-07,4.2696100986762195e-07,4.270605057216958e-07,4.271599755761013e-07,4.2725941943203226e-07,4.2735883729226295e-07,4.27458229158468e-07,4.2755759503328184e-07,4.276569349198424e-07,4.2775624881943133e-07,4.2785553673445637e-07,4.2795479867095254e-07,4.280540346236852e-07,4.281532445986595e-07,4.282524285981787e-07,4.283515866245814e-07,4.284507186800686e-07,4.285498247668649e-07,4.28648904887088e-07,4.287479590432378e-07,4.288469872379172e-07,4.289459894731404e-07,4.2904496575187345e-07,4.291439160761045e-07,4.292428404375131e-07,4.2934173885852126e-07,4.2944061133182797e-07,4.29539457859939e-07,4.2963827844425425e-07,4.297370730878379e-07,4.298358417929903e-07,4.2993458454669173e-07,4.30033301382075e-07,4.3013199228603585e-07,4.3023065726117743e-07,4.30329296309429e-07,4.3042790943586575e-07,4.30526496638232e-07,4.306250579212581e-07,4.30723593287295e-07,4.308221027384001e-07,4.3092058627881556e-07,4.310190439080764e-07,4.3111747562952056e-07,4.312158814464196e-07,4.313142613611397e-07,4.3141261537554776e-07,4.315109434902575e-07,4.3160924571101915e-07,4.3170752204749224e-07,4.3180577248649387e-07,4.319039970371225e-07,4.3200219570221316e-07,4.321003684840407e-07,4.32198515385815e-07,4.322966364087165e-07,4.323947315568449e-07,4.3249280083199596e-07,4.325908442365358e-07,4.326888617725912e-07,4.327868534481647e-07,4.3288481925601624e-07,4.3298275920101765e-07,4.3308067329029044e-07,4.331785615227479e-07,4.3327642390370874e-07,4.3337426043318066e-07,4.3347207111552743e-07,4.3356985595223416e-07,4.336676149463003e-07,4.337653481001012e-07,4.338630554206701e-07,4.3396073690196645e-07,4.340583925523914e-07,4.3415602237019897e-07,4.3425362636014246e-07,4.3435120452595743e-07,4.344487568682392e-07,4.345462834000535e-07,4.346437841051177e-07,4.347412589968333e-07,4.3483870807652574e-07,4.3493613134674003e-07,4.350335288097467e-07,4.351309004689845e-07,4.3522824632675604e-07,4.353255663856775e-07,4.354228606481624e-07,4.355201291220448e-07,4.3561737180011666e-07,4.3571458869434625e-07,4.358117797971351e-07,4.3590894511765836e-07,4.3600608465674216e-07,4.3610319841839515e-07,4.3620028640633826e-07,4.3629734861961823e-07,4.363943850640906e-07,4.3649139574138077e-07,4.3658838065368854e-07,4.3668533980839766e-07,4.3678227320030456e-07,4.3687918083602255e-07,4.3697606272272604e-07,4.3707291885358446e-07,4.3716974923596986e-07,4.372665538723117e-07,4.373633327661855e-07,4.374600859178793e-07,4.3755681333423834e-07,4.376535150153121e-07,4.3775019096487123e-07,4.3784684118488463e-07,4.379434656765187e-07,4.380400644473574e-07,4.3813663749745674e-07,4.382331848233646e-07,4.3832970643877077e-07,4.3842620234128845e-07,4.385226725335294e-07,4.386191170188403e-07,4.3871553579940614e-07,4.3881192888526775e-07,4.389082962658437e-07,4.390046379502121e-07,4.3910095394083615e-07,4.391972442412655e-07,4.3929350885398495e-07,4.3938974778073785e-07,4.3948596102898095e-07,4.395821485955394e-07,4.396783104859551e-07,4.397744467023989e-07,4.398705572478177e-07,4.399666421245605e-07,4.400627013370998e-07,4.4015873488726114e-07,4.402547427780979e-07,4.4035072501176336e-07,4.4044668159149193e-07,4.4054261252115025e-07,4.406385178030721e-07,4.4073439743949736e-07,4.408302514326264e-07,4.4092607978735136e-07,4.4102188250308575e-07,4.4111765958759697e-07,4.412134110402633e-07,4.4130913686611217e-07,4.4140483706810134e-07,4.4150051164765423e-07,4.4159616060462417e-07,4.416917839479603e-07,4.417873816819208e-07,4.4188295380138364e-07,4.41978500295877e-07,4.4207402120278457e-07,4.4216951650846846e-07,4.4226498621228533e-07,4.423604303233528e-07,4.4245584884385544e-07,4.4255124177229124e-07,4.4264660911374434e-07,4.4274195087125045e-07,4.428372670471637e-07,4.429325576452683e-07,4.430278226682742e-07,4.431230621186732e-07,4.432182760028284e-07,4.4331346431562886e-07,4.434086270676815e-07,4.4350376425973584e-07,4.435988758969114e-07,4.436939619762227e-07,4.437890225051048e-07,4.4388405748510914e-07,4.439790669230294e-07,4.4407405081583583e-07,4.441690091695995e-07,4.442639419870653e-07,4.443588492740973e-07,4.4445373102835344e-07,4.4454858725515804e-07,4.446434179579026e-07,4.447382231397447e-07,4.448330028034892e-07,4.449277569504881e-07,4.4502248558796687e-07,4.4511718870734464e-07,4.4521186632907854e-07,4.453065184540524e-07,4.454011450759925e-07,4.454957461977999e-07,4.455903218266531e-07,4.456848719649523e-07,4.4577939661900055e-07,4.458738957856606e-07,4.4596836947085786e-07,4.460628176774843e-07,4.4615724041101693e-07,4.4625163767089364e-07,4.463460094609272e-07,4.4644035578116516e-07,4.4653467664381247e-07,4.46628972049025e-07,4.467232419960535e-07,4.4681748649494826e-07,4.469117055378477e-07,4.470058991338903e-07,4.4710006728298503e-07,4.471942099942793e-07,4.472883272668868e-07,4.4738241910541485e-07,4.4747648551264603e-07,4.4757052649187704e-07,4.4766454204612326e-07,4.477585321803249e-07,4.478524968922851e-07,4.479464361897318e-07,4.4804035007586777e-07,4.4813423855277905e-07,4.4822810162473993e-07,4.4832193929108957e-07,4.484157515575207e-07,4.4850953842907344e-07,4.4860329990655436e-07,4.4869703599160144e-07,4.4879074669391474e-07,4.4888443201088555e-07,4.48978091947441e-07,4.4907172650683e-07,4.4916533569373466e-07,4.492589195067733e-07,4.493524779532818e-07,4.4944601103611555e-07,4.495395187570488e-07,4.4963300111970557e-07,4.4972645812794947e-07,4.498198897835635e-07,4.499132960893342e-07,4.500066770535465e-07,4.50100032675282e-07,4.5019336295855887e-07,4.502866679059797e-07,4.503799475228216e-07,4.50473201812342e-07,4.5056643077570617e-07,4.506596344150833e-07,4.507528127452347e-07,4.5084596575035225e-07,4.5093909344334385e-07,4.5103219582904075e-07,4.511252729022788e-07,4.5121832467921703e-07,4.5131135115858205e-07,4.5140435233932404e-07,4.5149732822612665e-07,4.51590278825033e-07,4.516832041378823e-07,4.5177610416824037e-07,4.518689789192906e-07,4.519618283941062e-07,4.520546525962594e-07,4.521474515286042e-07,4.522402251961316e-07,4.523329736004938e-07,4.5242569674561397e-07,4.525183946347562e-07,4.526110672694416e-07,4.52703714656626e-07,4.527963367998066e-07,4.528889336959685e-07,4.529815053554861e-07,4.5307405177930837e-07,4.531665729704953e-07,4.5325906893256753e-07,4.5335153966936963e-07,4.5344398518375376e-07,4.535364054786316e-07,4.536288005562108e-07,4.5372117042348796e-07,4.53813515082066e-07,4.539058345349932e-07,4.5399812878660017e-07,4.5409039783886567e-07,4.5418264169460906e-07,4.5427486036024243e-07,4.5436705383768527e-07,4.544592221291377e-07,4.545513652472973e-07,4.5464348317940024e-07,4.547355759366654e-07,4.5482764351965877e-07,4.5491968593858955e-07,4.55011703192044e-07,4.551036952860316e-07,4.551956622211812e-07,4.55287604001916e-07,4.553795206314626e-07,4.5547141211438383e-07,4.5556327845380274e-07,4.5565511965136523e-07,4.557469357152423e-07,4.5583872664363193e-07,4.559304924425163e-07,4.5602223311716655e-07,4.561139486706554e-07,4.5620563910056816e-07,4.562973044144671e-07,4.563889446156929e-07,4.564805597123742e-07,4.5657214969783024e-07,4.5666371458241275e-07,4.5675525436947335e-07,4.5684676905923095e-07,4.569382586604675e-07,4.5702972317026237e-07,4.5712116259738077e-07,4.5721257694313336e-07,4.573039662143863e-07,4.573953304082665e-07,4.574866695324721e-07,4.5757798358921035e-07,4.576692725828663e-07,4.577605365164647e-07,4.578517753958929e-07,4.5794298921198596e-07,4.580341779873963e-07,4.5812534171621975e-07,4.5821648040359217e-07,4.583075940512807e-07,4.583986826660144e-07,4.58489746249059e-07,4.5858078480259565e-07,4.586717983316686e-07,4.5876278683846977e-07,4.588537503293305e-07,4.5894468880131505e-07,4.590356022669189e-07,4.5912649072722134e-07,4.5921735418463904e-07,4.5930819264277255e-07,4.5939900610645123e-07,4.59489794583983e-07,4.595805580646735e-07,4.596712965699869e-07,4.59762010084934e-07,4.5985269861397323e-07,4.5994336218138257e-07,4.6003400077326964e-07,4.6012461439854846e-07,4.6021520306825105e-07,4.6030576676981485e-07,4.6039630551509806e-07,4.6048681930974874e-07,4.605773081538325e-07,4.606677720519961e-07,4.6075821101296117e-07,4.608486250324276e-07,4.609390141168216e-07,4.610293782706441e-07,4.611197175002077e-07,4.612100318035265e-07,4.613003211867699e-07,4.6139058565535096e-07,4.6148082521307236e-07,4.61571039859822e-07,4.616612296018344e-07,4.617513944408401e-07,4.618415343822165e-07,4.61931649429776e-07,4.62021739586135e-07,4.6211180485550003e-07,4.622018452409433e-07,4.6229186074932274e-07,4.6238185138076194e-07,4.62471817140623e-07,4.6256175803126156e-07,4.6265167405493884e-07,4.62741565220595e-07,4.62831431526141e-07,4.6292127298337516e-07,4.630110895876765e-07,4.631008813454746e-07,4.631906482604688e-07,4.6328039033702206e-07,4.6337010757650695e-07,4.634597999864835e-07,4.6354946756744136e-07,4.636391103250003e-07,4.637287282674804e-07,4.6381832138979003e-07,4.6390788969855505e-07,4.639974331984151e-07,4.640869518930887e-07,4.6417644578646256e-07,4.6426591488223523e-07,4.643553591840907e-07,4.644447786959563e-07,4.6453417342171133e-07,4.646235433656582e-07,4.647128885305101e-07,4.6480220891871295e-07,4.6489150453522633e-07,4.649807753841585e-07,4.650700214687597e-07,4.6515924279314854e-07,4.6524843936142394e-07,4.653376111794775e-07,4.6542675824641236e-07,4.6551588056905975e-07,4.656049781496989e-07,4.6569405099327955e-07,4.6578309910106686e-07,4.658721224802645e-07,4.6596112113347594e-07,4.660500950586427e-07,4.6613904427107044e-07,4.6622796876878404e-07,4.663168685554622e-07,4.664057436350174e-07,4.6649459401129437e-07,4.6658341968664864e-07,4.6667222066815085e-07,4.667609969582625e-07,4.668497485597183e-07,4.6693847547829727e-07,4.6702717771420473e-07,4.671158552747618e-07,4.672045081623578e-07,4.672931363810755e-07,4.673817399354405e-07,4.674703188303007e-07,4.6755887307701846e-07,4.676474026563068e-07,4.67735907588438e-07,4.6782438787478407e-07,4.6791284351998416e-07,4.6800127452437864e-07,4.680896808972187e-07,4.681780626390486e-07,4.682664197546955e-07,4.6835475224785906e-07,4.684430601195021e-07,4.68531343379717e-07,4.686196020321762e-07,4.687078360733364e-07,4.687960455119705e-07,4.6888423034897847e-07,4.689723905922755e-07,4.690605262439895e-07,4.691486373088184e-07,4.692367237889561e-07,4.6932478568926e-07,4.694128230137683e-07,4.695008357666504e-07,4.695888239512426e-07,4.696767875635707e-07,4.6976472662297604e-07,4.6985264113172213e-07,4.699405310817843e-07,4.7002839648342525e-07,4.7011623734946185e-07,4.7020405366381723e-07,4.7029184544261265e-07,4.703796126899e-07,4.704673554070805e-07,4.7055507359856745e-07,4.706427672715151e-07,4.7073043642543667e-07,4.708180810682879e-07,4.7090570119970315e-07,4.7099329682563843e-07,4.710808679497331e-07,4.711684145763226e-07,4.71255936709456e-07,4.713434343525163e-07,4.714309075106064e-07,4.715183561846898e-07,4.716057803829867e-07,4.716931801081601e-07,4.717805553625535e-07,4.718679061605284e-07,4.7195523248731395e-07,4.7204253435668734e-07,4.721298117705067e-07,4.7221706473548646e-07,4.7230429325620467e-07,4.7239149733289876e-07,4.724786769718289e-07,4.7256583217473503e-07,4.7265296294679017e-07,4.7274006929451105e-07,4.72827151221167e-07,4.7291420873174624e-07,4.73001241824692e-07,4.7308825050731415e-07,4.7317523478407196e-07,4.7326219466031963e-07,4.733491301361804e-07,4.7343604121996834e-07,4.735229279146598e-07,4.7360979022444123e-07,4.736966281550473e-07,4.7378344170178473e-07,4.738702308750372e-07,4.739569956804273e-07,4.740437361184249e-07,4.7413045219427047e-07,4.742171439125033e-07,4.743038112775064e-07,4.743904542921057e-07,4.7447707296081887e-07,4.745636672924055e-07,4.7465023728180166e-07,4.747367829383661e-07,4.748233042675138e-07,4.749098012681602e-07,4.7499627394711337e-07,4.750827223092782e-07,4.751691463565974e-07,4.7525554609806e-07,4.7534192153096366e-07,4.7542827266055456e-07,4.755145994952115e-07,4.756009020377572e-07,4.7568718029177197e-07,4.757734342596554e-07,4.758596639473391e-07,4.7594586935746545e-07,4.7603205049406466e-07,4.7611820736263536e-07,4.7620433996698023e-07,4.7629044831168385e-07,4.763765323980808e-07,4.764625922317723e-07,4.765486278179004e-07,4.7663463916152574e-07,4.7672062626305894e-07,4.7680658912943305e-07,4.768925277659257e-07,4.769784421724466e-07,4.770643323591084e-07,4.771501983226106e-07,4.7723604006928e-07,4.773218575977766e-07,4.774076509271644e-07,4.774934200557081e-07,4.775791649826857e-07,4.776648857160804e-07,4.777505822569682e-07,4.77836254611877e-07,4.779219027814515e-07,4.780075267761135e-07,4.780931265958394e-07,4.781787022447653e-07,4.782642537289272e-07,4.78349781051732e-07,4.78435284216646e-07,4.785207632265989e-07,4.786062180879931e-07,4.78691648803434e-07,4.787770553772918e-07,4.788624378126318e-07,4.789477961167401e-07,4.790331302925312e-07,4.791184403438692e-07,4.792037262734255e-07,4.792889880889233e-07,4.793742257923447e-07,4.794594393866097e-07,4.795446288770382e-07,4.796297942699436e-07,4.797149355667748e-07,4.798000527697548e-07,4.798851458864477e-07,4.79970214921802e-07,4.80055259876799e-07,4.801402807570253e-07,4.802252775677945e-07,4.803102503114911e-07,4.803951989956985e-07,4.804801236196009e-07,4.805650241905922e-07,4.806499007112865e-07,4.807347531866443e-07,4.808195816204438e-07,4.80904386017729e-07,4.809891663820599e-07,4.810739227190742e-07,4.811586550307401e-07,4.812433633223839e-07,4.813280475977353e-07,4.814127078627045e-07,4.814973441192113e-07,4.815819563718439e-07,4.816665446204439e-07,4.817511088794531e-07,4.818356491472547e-07,4.819201654291914e-07,4.820046577288685e-07,4.820891260500439e-07,4.821735703912378e-07,4.822579907690553e-07,4.823423871820198e-07,4.824267596290864e-07,4.825111081240935e-07,4.8259543266402e-07,4.826797332638866e-07,4.827640099133149e-07,4.828482626227591e-07,4.829324913991667e-07,4.830166962430308e-07,4.831008771592948e-07,4.831850341504812e-07,4.832691672240141e-07,4.833532763830267e-07,4.834373616352191e-07,4.83521422978722e-07,4.836054604188076e-07,4.836894739655926e-07,4.837734636177072e-07,4.838574293792818e-07,4.839413712624775e-07,4.84025289259022e-07,4.841091833782229e-07,4.841930536255188e-07,4.842769000057108e-07,4.843607225249911e-07,4.844445211829719e-07,4.845282959887277e-07,4.846120469407168e-07,4.846957740494726e-07,4.847794773145378e-07,4.848631567428593e-07,4.849468123367513e-07,4.850304441002401e-07,4.851140520390888e-07,4.851976361638751e-07,4.85281196465838e-07,4.85364732955865e-07,4.854482456382278e-07,4.85531734517925e-07,4.856151995992298e-07,4.85698640882064e-07,4.857820583795049e-07,4.858654520894685e-07,4.859488220175364e-07,4.860321681688879e-07,4.861154905447488e-07,4.861987891511626e-07,4.86282063993316e-07,4.863653150845698e-07,4.864485424105773e-07,4.865317459862999e-07,4.86614925813663e-07,4.866980818989851e-07,4.867812142451715e-07,4.868643228569588e-07,4.869474077378098e-07,4.870304688928645e-07,4.871135063279281e-07,4.871965200461459e-07,4.87279510056158e-07,4.87362476352143e-07,4.874454189435114e-07,4.875283378404406e-07,4.876112330365701e-07,4.876941045421191e-07,4.877769523616968e-07,4.878597764990315e-07,4.879425769592515e-07,4.880253537436342e-07,4.881081068586477e-07,4.881908363086815e-07,4.882735420993163e-07,4.883562242336579e-07,4.884388827161442e-07,4.885215175506935e-07,4.886041287410341e-07,4.88686716295134e-07,4.88769280212132e-07,4.888518205004478e-07,4.889343371615436e-07,4.890168302058002e-07,4.890992996284546e-07,4.89181745445469e-07,4.892641676470975e-07,4.89346566246091e-07,4.894289412442684e-07,4.895112926472216e-07,4.895936204594816e-07,4.896759246852713e-07,4.897582053290792e-07,4.898404623946652e-07,4.899226958885877e-07,4.900049058124955e-07,4.900870921719313e-07,4.901692549719879e-07,4.902513942155583e-07,4.903335099078888e-07,4.904156020555092e-07,4.904976706617008e-07,4.905797157263555e-07,4.906617372588883e-07,4.907437352603151e-07,4.908257097369515e-07,4.909076606929771e-07,4.909895881334026e-07,4.910714920615723e-07,4.911533724824123e-07,4.912352294003305e-07,4.91317062821104e-07,4.913988727468286e-07,4.914806591810688e-07,4.915624221327667e-07,4.916441616023029e-07,4.917258775912193e-07,4.91807570113001e-07,4.91889239168245e-07,4.919708847597976e-07,4.920525068912571e-07,4.921341055693547e-07,4.922156807961705e-07,4.922972325795273e-07,4.92378760920068e-07,4.924602658258015e-07,4.925417472976066e-07,4.926232053429083e-07,4.927046399636122e-07,4.927860511667868e-07,4.928674389555059e-07,4.929488033342056e-07,4.930301443059908e-07,4.931114618778826e-07,4.93192756053179e-07,4.932740268362746e-07,4.933552742315226e-07,4.934364982439964e-07,4.935176988784048e-07,4.935988761355005e-07,4.936800300247819e-07,4.937611605476648e-07,4.938422677097168e-07,4.939233515135106e-07,4.940044119665584e-07,4.940854490699307e-07,4.941664628319649e-07,4.9424745325548e-07,4.943284203382485e-07,4.944093640967061e-07,4.944902845303159e-07,4.945711816435476e-07,4.946520554398474e-07,4.947329059240589e-07,4.948137331011671e-07,4.948945369746199e-07,4.949753175498145e-07,4.950560748294973e-07,4.951368088194192e-07,4.952175195275194e-07,4.952982069529408e-07,4.95378871103106e-07,4.954595119797516e-07,4.955401295900111e-07,4.956207239376514e-07,4.957012950255553e-07,4.957818428596214e-07,4.95862367444812e-07,4.959428687863087e-07,4.9602334688697e-07,4.961038017522376e-07,4.961842333848367e-07,4.962646417959548e-07,4.963450269806253e-07,4.964253889474124e-07,4.965057277009803e-07,4.96586043244744e-07,4.966663355883049e-07,4.967466047306374e-07,4.968268506756058e-07,4.969070734249753e-07,4.969872729931337e-07,4.970674493781563e-07,4.971476025858355e-07,4.972277326168262e-07,4.973078394828783e-07,4.973879231908447e-07,4.97467983735602e-07,4.975480211172278e-07,4.976280353559324e-07,4.97708026450281e-07,4.977879944036198e-07,4.978679392187129e-07,4.979478609030916e-07,4.980277594598554e-07,4.98107634893512e-07,4.981874872072512e-07,4.982673164083104e-07,4.983471224998729e-07,4.984269054864251e-07,4.985066653711948e-07,4.985864021615085e-07,4.986661158570728e-07,4.987458064689843e-07,4.988254739983257e-07,4.989051184533278e-07,4.989847398319422e-07,4.990643381420507e-07,4.991439133864782e-07,4.992234655712646e-07,4.993029947023097e-07,4.99382500782734e-07,4.994619838097265e-07,4.995414438038953e-07,4.996208807600857e-07,4.997002946839033e-07,4.997796855800151e-07,4.998590534527883e-07,4.999383983068643e-07,5.00017720146762e-07,5.000970189772037e-07,5.001762948024843e-07,5.002555476281971e-07,5.003347774570788e-07,5.004139842945889e-07,5.004931681453763e-07,5.00572329013956e-07,5.006514669049165e-07,5.007305818221202e-07,5.008096737713137e-07,5.008887427519203e-07,5.009677887783849e-07,5.01046811849085e-07,5.01125811969587e-07,5.012047891458005e-07,5.012837433781255e-07,5.013626746751326e-07,5.014415830400837e-07,5.01520468477444e-07,5.015993309921664e-07,5.016781705888001e-07,5.01756987271578e-07,5.018357810454845e-07,5.01914551877864e-07,5.019932998472641e-07,5.020720249211482e-07,5.021507271043987e-07,5.02229406401279e-07,5.023080628164018e-07,5.023866963579234e-07,5.024653070235767e-07,5.02543894821365e-07,5.026224597558517e-07,5.027010018316871e-07,5.027795210565679e-07,5.028580174290713e-07,5.02936490956418e-07,5.030149416423883e-07,5.030933694936296e-07,5.031717745141529e-07,5.032501567080483e-07,5.033285160781768e-07,5.034068526326386e-07,5.034851663745759e-07,5.035634573058069e-07,5.036417254371995e-07,5.037199707686307e-07,5.037981933057884e-07,5.038763930530177e-07,5.039545700189459e-07,5.040327242011806e-07,5.041108556074603e-07,5.041889642349864e-07,5.042670501064132e-07,5.043451132134515e-07,5.044231535616546e-07,5.045011711572235e-07,5.045791660069629e-07,5.046571381108424e-07,5.04735087475709e-07,5.048130141062462e-07,5.048909180076646e-07,5.049687991828946e-07,5.050466576381602e-07,5.051244933775483e-07,5.052023064047449e-07,5.052800967257398e-07,5.053578643449177e-07,5.054356092670877e-07,5.05513331497651e-07,5.055910310380658e-07,5.05668707895921e-07,5.05746362075331e-07,5.05823993590411e-07,5.059016024255715e-07,5.059791885958156e-07,5.060567521070157e-07,5.061342929614299e-07,5.062118111648517e-07,5.062893067216957e-07,5.063667796367984e-07,5.064442299147057e-07,5.065216575603573e-07,5.065990625781078e-07,5.066764449731396e-07,5.067538047488809e-07,5.068311419107117e-07,5.069084564563419e-07,5.069857484042582e-07,5.070630177580375e-07,5.071402645095523e-07,5.072174886694092e-07,5.072946902451029e-07,5.073718692396543e-07,5.074490256574546e-07,5.075261595030368e-07,5.076032707810504e-07,5.076803594965113e-07,5.077574256534685e-07,5.078344692604785e-07,5.079114903152809e-07,5.079884888288456e-07,5.080654647998766e-07,5.081424182362089e-07,5.08219349142196e-07,5.082962575226371e-07,5.083731433804837e-07,5.084500067238641e-07,5.085268475557661e-07,5.086036658815806e-07,5.086804617018933e-07,5.087572350274782e-07,5.088339858600886e-07,5.089107142010025e-07,5.089874200615551e-07,5.090641034430779e-07,5.091407643468569e-07,5.09217402784799e-07,5.092940187576395e-07,5.093706122705641e-07,5.094471833264132e-07,5.095237319326405e-07,5.096002580923933e-07,5.096767618113624e-07,5.097532430926292e-07,5.098297019409557e-07,5.099061383629469e-07,5.099825523620812e-07,5.100589439422367e-07,5.10135313109741e-07,5.102116598691598e-07,5.102879842214134e-07,5.103642861764688e-07,5.104405657368711e-07,5.105168229074057e-07,5.105930576924981e-07,5.106692700970331e-07,5.107454601252405e-07,5.108216277833262e-07,5.108977730738437e-07,5.109738960025728e-07,5.110499965740542e-07,5.111260747921602e-07,5.112021306583876e-07,5.112781641852087e-07,5.113541753670194e-07,5.114301642226181e-07,5.115061307526359e-07,5.115820749547108e-07,5.116579968380062e-07,5.117338964036143e-07,5.118097736606873e-07,5.118856286233526e-07,5.119614612743137e-07,5.12037271628851e-07,5.12113059691804e-07,5.1218882546699e-07,5.12264568959074e-07,5.123402901720781e-07,5.124159891156589e-07,5.124916657913262e-07,5.125673202064465e-07,5.126429523597404e-07,5.127185622590446e-07,5.127941499102017e-07,5.128697153201339e-07,5.129452584880325e-07,5.130207794201469e-07,5.130962781228403e-07,5.131717545963089e-07,5.132472088539707e-07,5.133226408935844e-07,5.133980507195219e-07,5.13473438339978e-07,5.135488037579476e-07,5.136241469793834e-07,5.136994680083841e-07,5.137747668497107e-07,5.138500435057372e-07,5.139252979881191e-07,5.140005302933288e-07,5.140757404338229e-07,5.141509284054955e-07,5.142260942180385e-07,5.143012378747639e-07,5.143763593817819e-07,5.14451458745266e-07,5.145265359661974e-07,5.146015910475622e-07,5.146766239958477e-07,5.147516348233685e-07,5.148266235300744e-07,5.14901590123683e-07,5.149765345981351e-07,5.150514569653554e-07,5.151263572338052e-07,5.152012354000761e-07,5.152760914731148e-07,5.153509254578367e-07,5.154257373641354e-07,5.15500527184924e-07,5.155752949321889e-07,5.156500406084641e-07,5.157247642196654e-07,5.157994657730176e-07,5.158741452681626e-07,5.159488027125187e-07,5.16023438110987e-07,5.160980514677695e-07,5.161726427936499e-07,5.162472120817256e-07,5.163217593414257e-07,5.163962845731384e-07,5.164707877947483e-07,5.165452690031909e-07,5.166197282023396e-07,5.166941654018157e-07,5.167685805982214e-07,5.168429738081193e-07,5.169173450211753e-07,5.169916942541686e-07,5.170660215033387e-07,5.171403267769358e-07,5.17214610082762e-07,5.172888714310725e-07,5.173631108088788e-07,5.174373282308882e-07,5.175115237004186e-07,5.175856972262651e-07,5.176598488087081e-07,5.177339784543324e-07,5.178080861645448e-07,5.178821719469215e-07,5.17956235807412e-07,5.180302777505585e-07,5.181042977866134e-07,5.181782959077994e-07,5.18252272125993e-07,5.183262264449861e-07,5.184001588697334e-07,5.184740694049425e-07,5.185479580535934e-07,5.186218248247939e-07,5.186956697183732e-07,5.1876949274359e-07,5.188432939082794e-07,5.189170732127311e-07,5.189908306542929e-07,5.190645662317772e-07,5.191382799806647e-07,5.192119718818167e-07,5.192856419434141e-07,5.19359290174731e-07,5.194329165778801e-07,5.195065211585631e-07,5.195801039214911e-07,5.196536648717036e-07,5.197272040111454e-07,5.198007213468524e-07,5.198742168842517e-07,5.199476906271105e-07,5.200211425861174e-07,5.200945727544888e-07,5.201679811435243e-07,5.202413677577048e-07,5.203147325993917e-07,5.203880756817474e-07,5.204613969960773e-07,5.205346965556431e-07,5.20607974363411e-07,5.206812304244699e-07,5.207544647435976e-07,5.208276773256152e-07,5.209008681748219e-07,5.209740372926209e-07,5.21047184696915e-07,5.211203103789032e-07,5.211934143467391e-07,5.212664966022866e-07,5.213395571574551e-07,5.214125960146363e-07,5.214856131770298e-07,5.215586086499436e-07,5.216315824367683e-07,5.217045345444787e-07,5.217774649778987e-07,5.218503737408037e-07,5.219232608403678e-07,5.219961262819617e-07,5.22068970067131e-07,5.221417921954702e-07,5.222145926777877e-07,5.22287371521174e-07,5.223601287251777e-07,5.224328642968063e-07,5.225055782407593e-07,5.225782705632199e-07,5.226509412710737e-07,5.227235903623793e-07,5.227962178439096e-07,5.228688237236966e-07,5.229414080044304e-07,5.230139706953917e-07,5.230865117930998e-07,5.231590313071298e-07,5.232315292421877e-07,5.233040056012003e-07,5.233764603961227e-07,5.234488936206178e-07,5.235213052849873e-07,5.235936953924705e-07,5.236660639503046e-07,5.237384109616504e-07,5.238107364330199e-07,5.238830403668461e-07,5.239553227697454e-07,5.240275836451532e-07,5.24099822998567e-07,5.241720408345165e-07,5.242442371583472e-07,5.243164119721428e-07,5.243885652831147e-07,5.244606970981543e-07,5.245328074197965e-07,5.246048962544691e-07,5.246769636020642e-07,5.247490094767479e-07,5.24821033873038e-07,5.248930367992919e-07,5.249650182617961e-07,5.250369782651687e-07,5.251089168138257e-07,5.251808339110192e-07,5.25252729562407e-07,5.253246037744923e-07,5.253964565499308e-07,5.254682878948702e-07,5.255400978130908e-07,5.256118863100322e-07,5.256836533907167e-07,5.257553990591298e-07,5.258271233190462e-07,5.258988261784802e-07,5.259705076398064e-07,5.260421677075274e-07,5.261138063894343e-07,5.261854236878827e-07,5.262570196052757e-07,5.263285941517861e-07,5.264001473306239e-07,5.264716791446885e-07,5.265431895993838e-07,5.266146787002172e-07,5.266861464535898e-07,5.267575928653348e-07,5.268290179321802e-07,5.269004216639894e-07,5.269718040657355e-07,5.270431651419648e-07,5.271145048967261e-07,5.27185823336493e-07,5.272571204650688e-07,5.273283962863579e-07,5.27399650812546e-07,5.274708840352397e-07,5.27542095967374e-07,5.276132866131871e-07,5.276844559787862e-07,5.277556040651067e-07,5.278267308787839e-07,5.278978364245687e-07,5.279689207072306e-07,5.28039983729313e-07,5.281110255007995e-07,5.281820460224263e-07,5.282530453059883e-07,5.283240233457846e-07,5.283949801542718e-07,5.284659157303495e-07,5.28536830084128e-07,5.286077232164054e-07,5.2867859513484e-07,5.287494458332198e-07,5.288202753354734e-07,5.288910836374568e-07,5.289618707439359e-07,5.290326366602218e-07,5.291033813898092e-07,5.291741049379266e-07,5.292448073098161e-07,5.293154885114581e-07,5.29386148544743e-07,5.294567874135014e-07,5.295274051265862e-07,5.29598001688615e-07,5.296685771020356e-07,5.297391313734386e-07,5.298096645070744e-07,5.298801765061465e-07,5.299506673785355e-07,5.300211371275556e-07,5.300915857581235e-07,5.301620132743517e-07,5.302324196817123e-07,5.303028049848349e-07,5.303731691882519e-07,5.304435122970634e-07,5.305138343231752e-07,5.305841352575844e-07,5.306544151085946e-07,5.307246738875721e-07,5.307949115961971e-07,5.308651282374059e-07,5.309353238192943e-07,5.31005498345067e-07,5.310756518212963e-07,5.311457842492619e-07,5.312158956283511e-07,5.312859859781313e-07,5.313560552959334e-07,5.314261035875468e-07,5.314961308556702e-07,5.315661371020129e-07,5.316361223399545e-07,5.31706086568369e-07,5.317760297954515e-07,5.318459520244345e-07,5.319158532598719e-07,5.319857335068231e-07,5.320555927698891e-07,5.321254310534246e-07,5.321952483631519e-07,5.322650447040837e-07,5.323348200800095e-07,5.324045744978809e-07,5.324743079594105e-07,5.325440204708208e-07,5.326137120371344e-07,5.326833826632195e-07,5.327530323549561e-07,5.328226611168042e-07,5.328922689503322e-07,5.329618558627403e-07,5.330314218588353e-07,5.331009669457682e-07,5.331704911237719e-07,5.332399944002872e-07,5.333094767793097e-07,5.333789382687175e-07,5.334483788684757e-07,5.335177985854106e-07,5.335871974248782e-07,5.336565753898046e-07,5.337259324883703e-07,5.337952687230889e-07,5.338645840931891e-07,5.339338786212443e-07,5.340031522952038e-07,5.340724051250678e-07,5.341416371160303e-07,5.342108482714733e-07,5.342800385983362e-07,5.343492081007318e-07,5.344183567833465e-07,5.344874846508163e-07,5.34556591707898e-07,5.346256779598739e-07,5.346947434112391e-07,5.347637880665676e-07,5.348328119317938e-07,5.349018150099399e-07,5.349707973076199e-07,5.350397588285374e-07,5.35108699576747e-07,5.351776195589479e-07,5.352465187804067e-07,5.35315397243228e-07,5.353842549543332e-07,5.354530919165236e-07,5.355219081371924e-07,5.35590703619507e-07,5.356594783693646e-07,5.357282323911268e-07,5.357969656837995e-07,5.358656782638851e-07,5.359343701326923e-07,5.360030412895685e-07,5.360716917450828e-07,5.361403214988408e-07,5.362089305583996e-07,5.362775189284736e-07,5.363460866134752e-07,5.364146336186604e-07,5.364831599492485e-07,5.365516656088941e-07,5.366201506006572e-07,5.366886149367325e-07,5.36757058614489e-07,5.368254816415971e-07,5.368938840217676e-07,5.369622657634687e-07,5.370306268665578e-07,5.370989673311282e-07,5.371672871765396e-07,5.37235586399128e-07,5.373038650045242e-07,5.3737212299705e-07,5.374403603803407e-07,5.375085771630622e-07,5.37576773348581e-07,5.376449489404703e-07,5.377131039428331e-07,5.377812383630412e-07,5.378493522059127e-07,5.37917445471962e-07,5.379855181705265e-07,5.380535703054644e-07,5.381216018810453e-07,5.38189612902885e-07,5.382576033741951e-07,5.383255733012596e-07,5.383935226880437e-07,5.384614515389953e-07,5.385293598603867e-07,5.385972476539553e-07,5.38665114929392e-07,5.387329616886259e-07,5.388007879352768e-07,5.388685936774587e-07,5.389363789154727e-07,5.390041436598167e-07,5.390718879162674e-07,5.391396116820427e-07,5.392073149654268e-07,5.392749977717217e-07,5.393426601057135e-07,5.394103019701633e-07,5.394779233730627e-07,5.395455243148786e-07,5.396131048059171e-07,5.396806648515657e-07,5.397482044527267e-07,5.398157236158811e-07,5.398832223461503e-07,5.39950700646144e-07,5.400181585216363e-07,5.40085595978165e-07,5.4015301302029e-07,5.402204096527061e-07,5.402877858803427e-07,5.403551417080138e-07,5.404224771406865e-07,5.404897921828075e-07,5.40557086839431e-07,5.406243611159372e-07,5.406916150157207e-07,5.407588485367757e-07,5.408260616971133e-07,5.408932544981666e-07,5.409604269432282e-07,5.410275790368262e-07,5.410947107834327e-07,5.411618221867735e-07,5.412289132465152e-07,5.41295983981591e-07,5.413630343887479e-07,5.414300644724825e-07,5.414970742392875e-07,5.415640636926312e-07,5.416310328377193e-07,5.416979816780261e-07,5.417649102202168e-07,5.418318184695571e-07,5.418987064263747e-07,5.419655741017191e-07,5.420324214986512e-07,5.420992486216374e-07,5.421660554733942e-07,5.422328420615779e-07,5.422996083892987e-07,5.423663544649872e-07,5.424330802893161e-07,5.424997858651634e-07,5.425664712000932e-07,5.426331363001662e-07,5.426997811692652e-07,5.427664058118519e-07,5.428330102374976e-07,5.428995944431546e-07,5.429661584365325e-07,5.430327022212633e-07,5.430992258058036e-07,5.431657292012681e-07,5.432322123949895e-07,5.432986754013534e-07,5.4336511822464e-07,5.434315408684006e-07,5.434979433408651e-07,5.435643256448563e-07,5.436306877866626e-07,5.436970297627903e-07,5.437633515906498e-07,5.438296532688808e-07,5.438959348025932e-07,5.439621961980582e-07,5.440284374583214e-07,5.440946585874323e-07,5.441608595918831e-07,5.442270404776117e-07,5.442932012469831e-07,5.443593419077249e-07,5.444254624623585e-07,5.444915629157357e-07,5.445576432734093e-07,5.446237035405317e-07,5.446897437302685e-07,5.447557638272632e-07,5.448217638490287e-07,5.448877437985246e-07,5.44953703681095e-07,5.450196435013214e-07,5.450855632648556e-07,5.451514629750521e-07,5.452173426377774e-07,5.452832022571196e-07,5.45349041838635e-07,5.454148613870411e-07,5.454806609061414e-07,5.455464404018261e-07,5.456121998785745e-07,5.45677939342023e-07,5.457436587957199e-07,5.45809358245319e-07,5.458750376953036e-07,5.459406971527665e-07,5.46006336617783e-07,5.460719560966857e-07,5.46137555600193e-07,5.46203135123905e-07,5.462686946772333e-07,5.46334234264695e-07,5.463997538911628e-07,5.464652535605279e-07,5.465307332819476e-07,5.465961930537701e-07,5.466616328838153e-07,5.467270527769594e-07,5.467924527445574e-07,5.468578327779897e-07,5.469231928894204e-07,5.469885330829125e-07,5.470538533639924e-07,5.471191537362847e-07,5.471844342051706e-07,5.472496947767965e-07,5.473149354540067e-07,5.47380156242512e-07,5.47445357146701e-07,5.475105381766107e-07,5.475756993278278e-07,5.47640840608957e-07,5.477059620258151e-07,5.477710635833167e-07,5.478361452849123e-07,5.479012071360067e-07,5.479662491420408e-07,5.480312713047789e-07,5.480962736344154e-07,5.481612561320257e-07,5.482262188039339e-07,5.48291161654507e-07,5.48356084688707e-07,5.484209879113223e-07,5.484858713264492e-07,5.48550734939418e-07,5.486155787547018e-07,5.486804027797622e-07,5.487452070151833e-07,5.488099914667389e-07,5.488747561419943e-07,5.489395010435914e-07,5.490042261732234e-07,5.490689315412619e-07,5.491336171516798e-07,5.491982830077682e-07,5.492629291137732e-07,5.493275554796002e-07,5.493921621023273e-07,5.494567489902669e-07,5.495213161470961e-07,5.495858635813265e-07,5.496503912934667e-07,5.497148992900957e-07,5.497793875763228e-07,5.498438561542287e-07,5.499083050329561e-07,5.499727342169603e-07,5.500371437134227e-07,5.501015335176568e-07,5.501659036399965e-07,5.502302540848533e-07,5.502945848576393e-07,5.503588959630098e-07,5.504231874056783e-07,5.504874591901808e-07,5.505517113224338e-07,5.506159438056866e-07,5.506801566455665e-07,5.507443498461433e-07,5.508085234135363e-07,5.508726773523339e-07,5.509368116664438e-07,5.510009263605853e-07,5.510650214400648e-07,5.511290969092578e-07,5.511931527753622e-07,5.512571890398374e-07,5.513212057091022e-07,5.51385202792745e-07,5.514491802855566e-07,5.51513138196855e-07,5.515770765324652e-07,5.51640995296392e-07,5.517048944939127e-07,5.517687741294212e-07,5.518326342079978e-07,5.51896474733522e-07,5.51960295713996e-07,5.520240971505222e-07,5.520878790513019e-07,5.521516414166427e-07,5.522153842535877e-07,5.5227910756703e-07,5.523428113622693e-07,5.524064956472938e-07,5.524701604193752e-07,5.525338056874109e-07,5.525974314562792e-07,5.526610377298423e-07,5.527246245136929e-07,5.527881918126959e-07,5.528517396283346e-07,5.529152679718794e-07,5.529787768391773e-07,5.530422662456359e-07,5.531057361902185e-07,5.531691866802476e-07,5.532326177159179e-07,5.532960293066558e-07,5.533594214594125e-07,5.534227941710856e-07,5.534861474494539e-07,5.535494812988854e-07,5.536127957235613e-07,5.536760907347973e-07,5.537393663358667e-07,5.538026225257539e-07,5.538658593119782e-07,5.539290767022355e-07,5.539922746954609e-07,5.540554532999401e-07,5.54118612519641e-07,5.541817523597271e-07,5.542448728244432e-07,5.543079739217989e-07,5.543710556517989e-07,5.544341180210378e-07,5.544971610376151e-07,5.545601846994099e-07,5.546231890151946e-07,5.546861739907884e-07,5.547491396297956e-07,5.548120859371943e-07,5.548750129177473e-07,5.549379205840325e-07,5.550008089243421e-07,5.550636779523216e-07,5.551265276726346e-07,5.551893580897981e-07,5.552521692084469e-07,5.553149610378853e-07,5.55377733574399e-07,5.554404868273021e-07,5.555032208010044e-07,5.555659355011022e-07,5.556286309251964e-07,5.556913070907246e-07,5.557539639957661e-07,5.558166016454296e-07,5.558792200445703e-07,5.559418191987164e-07,5.560043991065482e-07,5.560669597900914e-07,5.561295012358542e-07,5.561920234548411e-07,5.562545264520622e-07,5.56317010228418e-07,5.563794747959743e-07
16,0.0,0.0,0.0,0.0,0.0,0.0,0.0,0.0,0.0,0.0,0.0,0.0,0.0,0.0,0.0,0.0,0.0,0.0,0.0,0.0,0.0,0.0,0.0,0.0,0.0,0.0,0.0,0.0,0.0,0.0,0.0,0.0,0.0,0.0,0.0,0.0,0.0,0.0,0.0,0.0,0.0,0.0,0.0,0.0,0.0,0.0,0.0,0.0,0.0,0.0,0.0,0.0,0.0,0.0,0.0,0.0,0.0,0.0,0.0,0.0,0.0,0.0,0.0,0.0,0.0,0.0,0.0,0.0,0.0,0.0,0.0,0.0,0.0,0.0,0.0,0.0,0.0,0.0,0.0,0.0,0.0,0.0,0.0,0.0,0.0,0.0,0.0,0.0,0.0,0.0,0.0,0.0,0.0,0.0,0.0,0.0,0.0,0.0,0.0,0.0,0.0,0.0,0.0,0.0,0.0,0.0,0.0,0.0,0.0,0.0,0.0,0.0,0.0,0.0,0.0,0.0,0.0,0.0,0.0,0.0,0.0,0.0,0.0,0.0,0.0,0.0,0.0,0.0,0.0,0.0,0.0,0.0,0.0,0.0,0.0,0.0,0.0,0.0,0.0,0.0,0.0,0.0,0.0,0.0,0.0,0.0,0.0,0.0,0.0,0.0,0.0,0.0,0.0,0.0,0.0,0.0,0.0,0.0,0.0,0.0,0.0,0.0,0.0,0.0,0.0,0.0,0.0,0.0,0.0,0.0,0.0,0.0,0.0,0.0,0.0,0.0,0.0,0.0,0.0,0.0,0.0,0.0,0.0,0.0,0.0,0.0,0.0,0.0,0.0,0.0,0.0,0.0,0.0,0.0,0.0,0.0,0.0,0.0,0.0,0.0,0.0,0.0,0.0,0.0,0.0,0.0,0.0,0.0,0.0,0.0,0.0,0.0,0.0,0.0,0.0,0.0,0.0,0.0,0.0,0.0,0.0,0.0,0.0,0.0,0.0,0.0,0.0,0.0,0.0,0.0,0.0,0.0,0.0,0.0,0.0,0.0,0.0,0.0,0.0,0.0,0.0,0.0,0.0,0.0,0.0,0.0,0.0,0.0,0.0,0.0,0.0,0.0,0.0,0.0,0.0,0.0,0.0,0.0,0.0,0.0,0.0,0.0,0.0,0.0,0.0,0.0,0.0,0.0,0.0,0.0,0.0,0.0,0.0,0.0,0.0,0.0,0.0,0.0,0.0,0.0,0.0,0.0,0.0,0.0,0.0,0.0,0.0,0.0,0.0,0.0,0.0,0.0,0.0,0.0,0.0,0.0,0.0,0.0,0.0,0.0,0.0,0.0,0.0,0.0,0.0,0.0,0.0,0.0,0.0,0.0,0.0,0.0,0.0,0.0,0.0,0.0,0.0,0.0,0.0,0.0,0.0,0.0,0.0,0.0,0.0,0.0,0.0,0.0,0.0,0.0,0.0,0.0,0.0,0.0,0.0,0.0,0.0,0.0,0.0,0.0,0.0,0.0,0.0,0.0,0.0,0.0,0.0,0.0,0.0,0.0,0.0,0.0,0.0,0.0,0.0,0.0,0.0,0.0,0.0,0.0,0.0,0.0,0.0,0.0,0.0,0.0,0.0,0.0,0.0,0.0,0.0,0.0,0.0,0.0,0.0,0.0,0.0,0.0,0.0,0.0,0.0,0.0,0.0,0.0,0.0,0.0,0.0,0.0,0.0,0.0,0.0,0.0,0.0,0.0,0.0,0.0,0.0,0.0,0.0,0.0,0.0,0.0,0.0,0.0,0.0,0.0,0.0,0.0,0.0,0.0,0.0,0.0,0.0,0.0,0.0,0.0,0.0,0.0,0.0,0.0,0.0,0.0,0.0,0.0,0.0,0.0,0.0,0.0,0.0,0.0,0.0,0.0,0.0,0.0,0.0,0.0,0.0,0.0,0.0,0.0,0.0,0.0,0.0,0.0,0.0,0.0,0.0,0.0,0.0,0.0,0.0,0.0,0.0,0.0,0.0,0.0,0.0,0.0,0.0,0.0,0.0,0.0,0.0,0.0,0.0,0.0,0.0,0.0,0.0,0.0,0.0,0.0,0.0,0.0,0.0,0.0,0.0,0.0,0.0,0.0,0.0,0.0,0.0,0.0,0.0,0.0,0.0,0.0,0.0,0.0,0.0,0.0,0.0,0.0,0.0,0.0,0.0,0.0,0.0,0.0,0.0,0.0,0.0,0.0,0.0,0.0,0.0,0.0,0.0,0.0,0.0,0.0,0.0,0.0,0.0,0.0,0.0,0.0,0.0,0.0,0.0,0.0,0.0,0.0,0.0,0.0,0.0,0.0,0.0,0.0,0.0,0.0,0.0,0.0,0.0,0.0,0.0,0.0,0.0,0.0,0.0,0.0,0.0,0.0,0.0,0.0,0.0,0.0,0.0,0.0,0.0,0.0,0.0,0.0,0.0,0.0,0.0,0.0,0.0,0.0,0.0,0.0,0.0,0.0,0.0,0.0,0.0,0.0,0.0,0.0,0.0,0.0,0.0,0.0,0.0,0.0,0.0,0.0,0.0,0.0,0.0,0.0,0.0,0.0,0.0,0.0,0.0,0.0,0.0,0.0,0.0,0.0,0.0,0.0,0.0,0.0,0.0,0.0,0.0,0.0,0.0,0.0,0.0,0.0,0.0,0.0,0.0,0.0,0.0,0.0,0.0,0.0,0.0,0.0,0.0,0.0,0.0,0.0,0.0,0.0,0.0,0.0,0.0,0.0,0.0,0.0,0.0,0.0,0.0,0.0,0.0,0.0,0.0,0.0,0.0,0.0,0.0,0.0,0.0,0.0,0.0,0.0,0.0,0.0,0.0,0.0,0.0,0.0,0.0,0.0,0.0,0.0,0.0,0.0,0.0,0.0,0.0,0.0,0.0,0.0,0.0,0.0,0.0,0.0,0.0,0.0,0.0,0.0,0.0,0.0,0.0,0.0,0.0,0.0,0.0,0.0,0.0,0.0,0.0,0.0,0.0,0.0,0.0,0.0,0.0,0.0,0.0,0.0,0.0,0.0,0.0,0.0,0.0,0.0,0.0,0.0,0.0,0.0,0.0,0.0,0.0,0.0,0.0,0.0,0.0,0.0,0.0,0.0,0.0,0.0,0.0,0.0,0.0,0.0,0.0,0.0,0.0,0.0,0.0,0.0,0.0,0.0,0.0,0.0,0.0,0.0,0.0,0.0,0.0,0.0,0.0,0.0,0.0,0.0,0.0,0.0,0.0,0.0,0.0,0.0,0.0,0.0,0.0,0.0,0.0,0.0,0.0,0.0,0.0,0.0,0.0,0.0,0.0,0.0,0.0,0.0,0.0,0.0,0.0,0.0,0.0,0.0,0.0,0.0,0.0,0.0,0.0,0.0,0.0,0.0,0.0,0.0,0.0,0.0,0.0,0.0,0.0,0.0,0.0,0.0,0.0,0.0,0.0,0.0,0.0,0.0,0.0,0.0,0.0,0.0,0.0,0.0,0.0,0.0,0.0,0.0,0.0,0.0,0.0,0.0,0.0,0.0,0.0,0.0,0.0,0.0,0.0,0.0,0.0,0.0,0.0,0.0,0.0,0.0,0.0,0.0,0.0,0.0,0.0,0.0,0.0,0.0,0.0,0.0,0.0,0.0,0.0,0.0,0.0,0.0,0.0,0.0,0.0,0.0,0.0,0.0,0.0,0.0,0.0,0.0,0.0,0.0,0.0,0.0,0.0,0.0,0.0,0.0,0.0,0.0,0.0,0.0,0.0,0.0,0.0,0.0,0.0,0.0,0.0,0.0,0.0,0.0,0.0,0.0,0.0,0.0,0.0,0.0,0.0,0.0,0.0,0.0,0.0,0.0,0.0,0.0,0.0,0.0,0.0,0.0,0.0,0.0,0.0,0.0,0.0,0.0,0.0,0.0,0.0,0.0,0.0,0.0,0.0,0.0,0.0,0.0,0.0,0.0,0.0,0.0,0.0,0.0,0.0,0.0,0.0,0.0,0.0,0.0,0.0,0.0,0.0,0.0,0.0,0.0,0.0,0.0,0.0,0.0,0.0,0.0,0.0,0.0,0.0,0.0,0.0,0.0,0.0,0.0,0.0,0.0,0.0,0.0,0.0,0.0,0.0,0.0,0.0,0.0,0.0,0.0,0.0,0.0,0.0,0.0,0.0,0.0,0.0,0.0,0.0,0.0,0.0,0.0,0.0,0.0,0.0,0.0,0.0,0.0,0.0,0.0,0.0,0.0,0.0,0.0,0.0,0.0,0.0,0.0,0.0,0.0,0.0,0.0,0.0,0.0,0.0,0.0,0.0,0.0,0.0,0.0,0.0,0.0,0.0,0.0,0.0,0.0,0.0,0.0,0.0,0.0,0.0,0.0,0.0,0.0,0.0,0.0,0.0,0.0,0.0,0.0,7.516892923318379e-26,2.0988184314319747e-25,3.6305640741255845e-25,5.132179253121253e-25,6.552824830469368e-25,7.911325606242578e-25,9.246801353061644e-25,1.0600360287173827e-24,1.2010516586069426e-24,1.3513467098439604e-24,1.5144702181769151e-24,1.6940807802907732e-24,1.8941212866872606e-24,2.118992601504913e-24,2.3737383340998144e-24,2.664254602198559e-24,2.997539903154581e-24,3.38200255199731e-24,3.8278473685077436e-24,4.3475698664814905e-24,4.9565958500540195e-24,5.674118280260319e-24,6.524203426248351e-24,7.537267465720711e-24,8.752067484988642e-24,1.0218413763316165e-23,1.2000905231985988e-23,1.4184133096072934e-23,1.6880019019107535e-23,2.023829983097556e-23,2.446172011936549e-23,2.982838449681818e-23,3.672518844302325e-23,4.56987215633593e-23,5.753430283873478e-23,7.338134514891739e-23,9.49569353961283e-23,1.2488512349713724e-22,1.6727892045028703e-22,2.287712704985328e-22,3.204085530426771e-22,4.612732559018945e-22,6.857451352151131e-22,1.0588544951592996e-21,1.7108215885000447e-21,2.920609331059957e-21,5.038313058041363e-21,5.038313058052755e-21,5.0383130580653555e-21,5.038313058079463e-21,5.0383130580955046e-21,5.0383130581141026e-21,5.038313058136215e-21,5.038313058236227e-21,5.038313058651883e-21,1.01475356393169e-20,2.2411881089236977e-20,5.687707455641237e-20,1.7394181351351016e-19,6.804070273127753e-19,3.6104144815995824e-18,2.6085180018775177e-17,2.2578699517138e-16,1.8124943291291445e-15,1.812494329791831e-15,1.1790711558222159e-14,5.550807344092406e-14,1.9239834977777867e-13,5.16151045749861e-13,1.1304310290113924e-12,2.1147008793631297e-12,3.5009269575580655e-12,5.2697329482568914e-12,7.36179934695688e-12,9.695629781503494e-12,1.2184308619907511e-11,1.474727787426018e-11,1.7315951036149644e-11,1.9833987420616758e-11,2.2254983441550667e-11,2.4541101916410242e-11,2.6663778388346985e-11,2.860469873495345e-11,3.035541723042511e-11,3.1915699047994076e-11,3.32914028770832e-11,3.4492505524189285e-11,3.5531502337515856e-11,3.6422202419302047e-11,3.717885885570432e-11,3.7815561205256825e-11,3.8345826744275624e-11,3.8782340239895626e-11,3.9136803626418155e-11,3.9419865956405363e-11,3.9641110803821904e-11,3.980908351172097e-11,3.9931344766971104e-11,4.0014540252971906e-11,4.0064478762701375e-11,4.008621326327128e-11,4.0084121068626483e-11,4.0061980566341874e-11,4.002304291752717e-11,3.997009786461545e-11,3.9905533293182336e-11,3.983138854540822e-11,3.974940171573279e-11,3.9661051302329255e-11,3.9567592667631985e-11,3.947008979565292e-11,3.936944283746549e-11,3.9266411920164056e-11,3.916163766544567e-11,3.905565882892539e-11,3.894892743248865e-11,3.8841821722972634e-11,3.873465725293306e-11,3.862769634359885e-11,3.852115615748755e-11,3.8415215578879984e-11,3.8310021073470687e-11,3.820569167545765e-11,3.810232322966972e-11,3.799999199803743e-11,3.7898757724568256e-11,3.7798666238931566e-11,3.769975166747936e-11,3.7602038310151615e-11,3.7505542233301594e-11,3.741027262097559e-11,3.731623292082492e-11,3.722342181560275e-11,3.7131834046332516e-11,3.704146110948593e-11,3.695229184720601e-11,3.686431294650921e-11,3.6777509361384965e-11,3.669186466909693e-11,3.660736137109746e-11,3.6523981146056183e-11,3.644170506323151e-11,3.6360514658953166e-11,3.628038851595276e-11,3.620130769702906e-11,3.6123252370494794e-11,3.6046202727534067e-11,3.597013906569244e-11,3.5895041849030065e-11,3.5820891756553705e-11,3.5747669721303476e-11,3.567535696168666e-11,3.560393500604478e-11,3.5533385711902436e-11,3.546369128039634e-11,3.539483426685641e-11,3.5326797588018775e-11,3.525956452643824e-11,3.519311873270332e-11,3.51274442255636e-11,3.506252539058954e-11,3.4998346977433974e-11,3.4934894096003115e-11,3.487215221197723e-11,3.481010714045531e-11,3.474874504153337e-11,3.468805241265282e-11,3.46280160822948e-11,3.456862320283417e-11,3.450986124334707e-11,3.445171798239046e-11,3.4394181500449673e-11,3.433724017260295e-11,3.428088266121642e-11,3.422509790841848e-11,3.416987512894216e-11,3.411520380289095e-11,3.406107366869838e-11,3.400747471612844e-11,3.395439717945755e-11,3.390183153080531e-11,3.3849768473577496e-11,3.379819893614303e-11,3.374711406548517e-11,3.369650522121008e-11,3.364636396960741e-11,3.3596682077876854e-11,3.3547451508530095e-11,3.349866441393189e-11,3.34503131310137e-11,3.340239017610665e-11,3.335488823997337e-11,3.330780018292074e-11,3.3261119030095276e-11,3.321483796693713e-11,3.316895033466797e-11,3.312344962610179e-11,3.307832948139015e-11,3.303358368399462e-11,3.298920615676578e-11,3.294519095813206e-11,3.290153227841381e-11,3.285822443622573e-11,3.2815261875035383e-11,3.277263915978155e-11,3.273035097361807e-11,3.268839211474789e-11,3.264675749338707e-11,3.260544212869297e-11,3.256444114600305e-11,3.252374977399753e-11,3.248336334195925e-11,3.244327727716702e-11,3.240348710234223e-11,3.23639884331792e-11,3.232477697594972e-11,3.22858485251434e-11,3.224719896128938e-11,3.2208824248643174e-11,3.217072043320671e-11,3.2132883640536665e-11,3.209531007381695e-11,3.205799601179531e-11,3.202093780726451e-11,3.198413188466842e-11,3.194757473882565e-11,3.191126293288992e-11,3.1875193096786944e-11,3.183936192564988e-11,3.1803766178064074e-11,3.1768402674661005e-11,3.173326829680997e-11,3.169835998478054e-11,3.166367473640167e-11,3.1629209606019065e-11,3.159496170283695e-11,3.1560928189877414e-11,3.152710628244793e-11,3.14934932471206e-11,3.146008640042771e-11,3.142688310790217e-11,3.139388078268015e-11,3.1361076884588036e-11,3.132846891903063e-11,3.1296054435970144e-11,3.126383102890017e-11,3.1231796333818386e-11,3.119994802850754e-11,3.116828383130026e-11,3.113680150029811e-11,3.110549883252082e-11,3.107437366305013e-11,3.10434238641959e-11,3.101264734464679e-11,3.098204204870238e-11,3.095160595546657e-11,3.0921337078216374e-11,3.0891233463564595e-11,3.086129319073639e-11,3.083151437093199e-11,3.080189514662943e-11,3.077243369093507e-11,3.074312820693101e-11,3.0713976927051774e-11,3.0684978112475304e-11,3.0656130052534424e-11,3.0627431064149335e-11,3.059887949118929e-11,3.057047370400139e-11,3.054221209886113e-11,3.051409309742062e-11,3.048611514620151e-11,3.04582767161146e-11,3.043057630195642e-11,3.0403012421841885e-11,3.037558361707343e-11,3.0348288451195667e-11,3.032112550997154e-11,3.029409340064171e-11,3.026719075176524e-11,3.02404162126131e-11,3.021376845285584e-11,3.018724616216274e-11,3.016084804981694e-11,3.0134572844317617e-11,3.010841929301176e-11,3.0082386161795186e-11,3.005647223473733e-11,3.0030676313586504e-11,3.000499721771394e-11,2.997943378360183e-11,2.995398486455488e-11,2.9928649330425124e-11,2.990342606721747e-11,2.9878313976987106e-11,2.9853311977293696e-11,2.982841900110666e-11,2.980363399631863e-11,2.977895592588525e-11,2.975438376716653e-11,2.972991651166161e-11,2.970555316494654e-11,2.96812927465063e-11,2.965713428921548e-11,2.963307683910182e-11,2.960911945546369e-11,2.958526121030126e-11,2.956150118818414e-11,2.9537838486126706e-11,2.951427221329615e-11,2.949080149077375e-11,2.9467425451309764e-11,2.94441432392717e-11,2.942095401036432e-11,2.93978569314466e-11,2.937485118032659e-11,2.935193594557549e-11,2.932911042636617e-11,2.9306373832289707e-11,2.928372538314697e-11,2.926116430880546e-11,2.92386898491352e-11,2.9216301253615826e-11,2.919399778139265e-11,2.917177870097759e-11,2.9149643290194015e-11,2.91275908358979e-11,2.910562063399465e-11,2.908373198918104e-11,2.9061924214845252e-11,2.9040196632897178e-11,2.9018548573662168e-11,2.8996979375707148e-11,2.8975488385776632e-11,2.8954074958590884e-11,2.8932738456760935e-11,2.8911478250685867e-11,2.8890293718362148e-11,2.8869184245277156e-11,2.8848149224420773e-11,2.8827188055926412e-11,2.8806300147286185e-11,2.8785484912756533e-11,2.876474177380248e-11,2.8744070158647544e-11,2.8723469502283566e-11,2.870293924631538e-11,2.868247883888684e-11,2.8662087734577744e-11,2.8641765394308848e-11,2.862151128524702e-11,2.860132488072254e-11,2.8581205660206054e-11,2.8561153108879237e-11,2.8541166718092053e-11,2.8521245984807246e-11,2.8501390411800012e-11,2.848159950743742e-11,2.846187278561801e-11,2.8442209765702555e-11,2.842260997239945e-11,2.8403072935875786e-11,2.8383598191369904e-11,2.836418527930115e-11,2.8344833745188716e-11,2.8325543139559974e-11,2.8306313017869988e-11,2.828714294046557e-11,2.826803247241231e-11,2.8248981183562932e-11,2.8229988648457015e-11,2.8211054446172782e-11,2.819217816035221e-11,2.8173359379095367e-11,2.8154597694897707e-11,2.8135892704631384e-11,2.8117244009401707e-11,2.8098651214584873e-11,2.808011392966366e-11,2.8061631768356606e-11,2.804320434829914e-11,2.8024831291211417e-11,2.8006512222689155e-11,2.7988246772258053e-11,2.7970034573345454e-11,2.795187526306873e-11,2.7933768482375116e-11,2.7915713875695847e-11,2.78977110913395e-11,2.78797597810768e-11,2.7861859600235842e-11,2.7844010207672762e-11,2.782621126566277e-11,2.7808462439890604e-11,2.7790763399405018e-11,2.7773113816581054e-11,2.7755513366939628e-11,2.7737961729508397e-11,2.772045858617029e-11,2.770300362216398e-11,2.7685596525853903e-11,2.7668236988544618e-11,2.7650924704621856e-11,2.763365937147474e-11,2.7616440689384498e-11,2.7599268361543092e-11,2.758214209419023e-11,2.7565061596207956e-11,2.754802657933254e-11,2.753103675806985e-11,2.751409184971316e-11,2.749719157418653e-11,2.748033565409002e-11,2.746352381468156e-11,2.7446755783809162e-11,2.7430031291877178e-11,2.741335007183841e-11,2.7396711859103475e-11,2.73801163916643e-11,2.7363563409906957e-11,2.7347052656572077e-11,2.733058387684726e-11,2.7314156818241765e-11,2.729777123062477e-11,2.728142686614048e-11,2.726512347922328e-11,2.724886082653776e-11,2.723263866697068e-11,2.721645676160879e-11,2.7200314873679563e-11,2.718421276857991e-11,2.7168150213794846e-11,2.715212697893128e-11,2.7136142835629033e-11,2.7120197557583503e-11,2.7104290920505188e-11,2.7088422702096645e-11,2.70725926820421e-11,2.7056800641940793e-11,2.7041046365347434e-11,2.702532963766988e-11,2.7009650246325304e-11,2.699400798044257e-11,2.697840263108037e-11,2.6962833991024012e-11,2.694730185495115e-11,2.6931806019283506e-11,2.691634628218032e-11,2.690092244351162e-11,2.6885534304922856e-11,2.687018166972443e-11,2.6854864342915487e-11,2.6839582131154358e-11,2.682433484285365e-11,2.6809122287696215e-11,2.6793944277292914e-11,2.677880062476604e-11,2.6763691144791676e-11,2.674861565360373e-11,2.6733573968953365e-11,2.671856591012298e-11,2.6703591297891485e-11,2.6688649954519713e-11,2.667374170375315e-11,2.6658866370757902e-11,2.6644023782168872e-11,2.6629213765969516e-11,2.6614436151714767e-11,2.6599690770144825e-11,2.6584977453569665e-11,2.6570296035522898e-11,2.6555646350945218e-11,2.654102823605634e-11,2.6526441528415947e-11,2.651188606695771e-11,2.6497361691826823e-11,2.6482868244465776e-11,2.6468405567675802e-11,2.645397350522828e-11,2.6439571902428628e-11,2.6425200605761227e-11,2.6410859462684756e-11,2.6396548322114556e-11,2.6382267034075706e-11,2.6368015449758032e-11,2.6353793421511792e-11,2.633960080282697e-11,2.632543744836589e-11,2.6311303213860413e-11,2.6297197956236708e-11,2.628312153346423e-11,2.6269073804612458e-11,2.6255054629826708e-11,2.6241063870364363e-11,2.622710138850273e-11,2.621316704757671e-11,2.6199260711958702e-11,2.6185382247057793e-11,2.617153151929955e-11,2.6157708396100915e-11,2.61439127458649e-11,2.6130144438036767e-11,2.6116403343006698e-11,2.6102689332126536e-11,2.608900227770459e-11,2.6075342053029526e-11,2.606170853227633e-11,2.6048101590600814e-11,2.603452110405772e-11,2.6020966949600412e-11,2.6007439005116678e-11,2.5993937149380696e-11,2.598046126203424e-11,2.5967011223614076e-11,2.595358691550382e-11,2.594018822008282e-11,2.5926815020265758e-11,2.5913467200080765e-11,2.5900144644332314e-11,2.588684723869106e-11,2.5873574869507776e-11,2.586032742406892e-11,2.5847104790446612e-11,2.5833906857426064e-11,2.5820733514772823e-11,2.5807584652852173e-11,2.5794460162864872e-11,2.5781359936776974e-11,2.5768283867313868e-11,2.5755231847972185e-11,2.574220377296099e-11,2.572919953724848e-11,2.5716219036536262e-11,2.570326216725574e-11,2.569032882654874e-11,2.5677418912258056e-11,2.5664532322948828e-11,2.5651668957890798e-11,2.563882871702928e-11,2.562601150100848e-11,2.5613217211139058e-11,2.560044574944647e-11,2.5587697018524536e-11,2.557497092175282e-11,2.5562267363080862e-11,2.554958624715058e-11,2.5536927479223537e-11,2.552429096521726e-11,2.5511676611671673e-11,2.5499084325766412e-11,2.548651401528755e-11,2.5473965588620627e-11,2.546143895478845e-11,2.5448934023462043e-11,2.543645070483114e-11,2.54239889097128e-11,2.5411548549507117e-11,2.5399129536202014e-11,2.538673178236409e-11,2.537435520111526e-11,2.5361999706186223e-11,2.53496652118432e-11,2.5337351632917138e-11,2.5325058884793553e-11,2.531278688340203e-11,2.530053554523308e-11,2.5288304787282177e-11,2.5276094527099358e-11,2.5263904682801642e-11,2.5251735172977127e-11,2.5239585916745598e-11,2.522745683375892e-11,2.5215347844175517e-11,2.520325886868609e-11,2.5191189828342007e-11,2.5179140644997202e-11,2.5167111240661147e-11,2.515510153810035e-11,2.5143111460403096e-11,2.513114093119945e-11,2.511918987463266e-11,2.5107258215230833e-11,2.509534587802754e-11,2.5083452788576395e-11,2.5071578872838446e-11,2.505972405727099e-11,2.5047888268739374e-11,2.5036071434610092e-11,2.5024273482669987e-11,2.501249434112275e-11,2.5000733938634583e-11,2.4988992204381058e-11,2.4977269067908437e-11,2.4965564459137133e-11,2.4953878308493573e-11,2.494221054679521e-11,2.4930561105301047e-11,2.491892991564499e-11,2.4907316909936074e-11,2.4895722020613653e-11,2.488414518056816e-11,2.4872586323089536e-11,2.4861045381886827e-11,2.484952229099709e-11,2.4838016984934386e-11,2.4826529398560095e-11,2.481505946710741e-11,2.480360712620896e-11,2.4792172311887073e-11,2.4780754960551304e-11,2.4769355008923865e-11,2.4757972394220954e-11,2.4746607053907313e-11,2.4735258925855766e-11,2.4723927948298225e-11,2.4712614059829225e-11,2.4701317199403736e-11,2.469003730633348e-11,2.467877432027163e-11,2.4667528181225842e-11,2.465629882954568e-11,2.464508620593943e-11,2.4633890251433218e-11,2.4622710907377972e-11,2.4611548115509955e-11,2.4600401817878104e-11,2.4589271956867913e-11,2.457815847516566e-11,2.456706131579197e-11,2.4555980422102602e-11,2.454491573776153e-11,2.4533867206756713e-11,2.452283477337611e-11,2.4511818382247613e-11,2.450081797831794e-11,2.4489833506794366e-11,2.4478864913251446e-11,2.4467912143451688e-11,2.4456975143657563e-11,2.4446053860200557e-11,2.443514823995909e-11,2.442425822986082e-11,2.4413383777328393e-11,2.4402524829821924e-11,2.439168133536459e-11,2.4380853242101854e-11,2.4370040498557403e-11,2.4359243053475417e-11,2.434846085585586e-11,2.433769385506797e-11,2.432694200068422e-11,2.4316205242560623e-11,2.4305483530833282e-11,2.4294776815922072e-11,2.428408504850036e-11,2.427340817954649e-11,2.426274616016983e-11,2.4252098941872028e-11,2.42414664763822e-11,2.4230848715688565e-11,2.4220245612033007e-11,2.4209657117898303e-11,2.4199083186128987e-11,2.4188523769534576e-11,2.417797882143046e-11,2.416744829535065e-11,2.4156932145008177e-11,2.4146430324396926e-11,2.41359427877327e-11,2.412546948955907e-11,2.4115010384386153e-11,2.410456542721481e-11,2.4094134573300128e-11,2.4083717777989567e-11,2.407331499690147e-11,2.4062926185977994e-11,2.405255130125543e-11,2.4042190299072707e-11,2.403184313597669e-11,2.4021509768754038e-11,2.4011190154357856e-11,2.400088425002214e-11,2.3990592013178433e-11,2.3980313401484502e-11,2.397004837281577e-11,2.3959796885211723e-11,2.3949558897001453e-11,2.3939334366656654e-11,2.3929123252879843e-11,2.3918925514669004e-11,2.3908741111105748e-11,2.3898570001555485e-11,2.388841214550575e-11,2.387826750271066e-11,2.3868136033158482e-11,2.385801769695303e-11,2.384791245447064e-11,2.3837820266175613e-11,2.382774109289098e-11,2.381767489554074e-11,2.380762163523974e-11,2.3797581273281534e-11,2.3787553771152547e-11,2.3777539090621525e-11,2.3767537193553593e-11,2.375754804204002e-11,2.374757159828959e-11,2.3737607824724424e-11,2.3727656683982044e-11,2.371771813893418e-11,2.3707792152560584e-11,2.3697878687996546e-11,2.368797770860157e-11,2.3678089177876364e-11,2.3668213059621088e-11,2.365834931759158e-11,2.3648497915885208e-11,2.3638658818732035e-11,2.362883199050682e-11,2.3619017395779446e-11,2.360921499930151e-11,2.3599424765908826e-11,2.3589646660793444e-11,2.3579880649130337e-11,2.357012669629879e-11,2.3560384767887934e-11,2.355065482959132e-11,2.3540936847326688e-11,2.353123078715995e-11,2.352153661527607e-11,2.3511854298050225e-11,2.3502183802002123e-11,2.349252509385482e-11,2.348287814038378e-11,2.3473242908587733e-11,2.3463619365682904e-11,2.3454007478841977e-11,2.344440721565405e-11,2.343481854363533e-11,2.3425241430530748e-11,2.341567584430273e-11,2.3406121752960184e-11,2.3396579124705995e-11,2.3387047927874004e-11,2.3377528130901066e-11,2.336801970248668e-11,2.335852261142979e-11,2.3349036826606412e-11,2.3339562317072248e-11,2.3330099052026007e-11,2.332064700080306e-11,2.3311206132893357e-11,2.3301776417891875e-11,2.3292357825553883e-11,2.32829503257648e-11,2.3273553888575906e-11,2.3264168484125985e-11,2.3254794082695254e-11,2.324543065466716e-11,2.323607817070127e-11,2.3226736601479125e-11,2.321740591772961e-11,2.3208086090464705e-11,2.3198777090728814e-11,2.3189478889744646e-11,2.3180191458851275e-11,2.31709147695142e-11,2.3161648793258044e-11,2.3152393501864098e-11,2.3143148867275606e-11,2.3133914861192017e-11,2.3124691455832414e-11,2.3115478623382432e-11,2.3106276336186913e-11,2.3097084566661723e-11,2.308790328736037e-11,2.3078732471027302e-11,2.306957209041785e-11,2.3060422118486608e-11,2.3051282528244933e-11,2.304215329285965e-11,2.303303438559638e-11,2.3023925779843146e-11,2.3014827449098958e-11,2.300573936697026e-11,2.2996661507184167e-11,2.2987593843578847e-11,2.297853635010774e-11,2.296948900083384e-11,2.2960451769917735e-11,2.2951424631641423e-11,2.2942407560399123e-11,2.293340053069232e-11,2.2924403517104524e-11,2.2915416494367595e-11,2.2906439437376167e-11,2.289747232090896e-11,2.288851512006132e-11,2.2879567809946775e-11,2.2870630365779137e-11,2.286170276301562e-11,2.285278497702929e-11,2.2843876983388447e-11,2.283497875771686e-11,2.28260902757804e-11,2.281721151342551e-11,2.2808342446601975e-11,2.2799483051387982e-11,2.2790633303886036e-11,2.2781793180311026e-11,2.2772962657102915e-11,2.276414171063559e-11,2.2755330317462687e-11,2.2746528454257767e-11,2.2737736097736096e-11,2.2728953224693915e-11,2.272017981206889e-11,2.2711415836869894e-11,2.2702661276202842e-11,2.2693916107268585e-11,2.268518030735568e-11,2.267645385385287e-11,2.266773672423009e-11,2.2659028896045363e-11,2.2650330346976615e-11,2.2641641054767066e-11,2.2632960997236496e-11,2.2624290152246353e-11,2.261562849793351e-11,2.2606976012343188e-11,2.2598332673661773e-11,2.2589698460110055e-11,2.2581073350129262e-11,2.257245732214057e-11,2.2563850354657388e-11,2.2555252426317947e-11,2.254666351580164e-11,2.2538083601886126e-11,2.2529512663476847e-11,2.25209506795079e-11,2.2512397629026808e-11,2.250385349110753e-11,2.249534386940722e-11,2.248681747474961e-11,2.2478299926773465e-11,2.2469791206411965e-11,2.2461291294684174e-11,2.2452800171730678e-11,2.24443178174393e-11,2.2435844211577398e-11,2.2427379333995717e-11,2.2418923164625315e-11,2.241047568351594e-11,2.240203687069387e-11,2.2393606706297886e-11,2.2385185170555012e-11,2.2376772243757155e-11,2.2368367906277898e-11,2.2359972138558553e-11,2.2351584921122703e-11,2.234320623467431e-11,2.233483605964785e-11,2.232647437693467e-11,2.2318121167330303e-11,2.2309776411722334e-11,2.230144009106946e-11,2.2293112186404878e-11,2.2284792678831395e-11,2.2276481549519533e-11,2.2268178779720152e-11,2.2259884350746012e-11,2.2251598243988553e-11,2.2243320440896782e-11,2.223505092301408e-11,2.2226789671869534e-11,2.221853666920586e-11,2.221029189672435e-11,2.2202055336216667e-11,2.2193826969551506e-11,2.21856067786632e-11,2.2177394745550054e-11,2.2169190852219703e-11,2.2160995080919024e-11,2.2152807413817342e-11,2.2144627833126758e-11,2.213645632120914e-11,2.2128292860434548e-11,2.2120137433278712e-11,2.2111990022264145e-11,2.2103850609967387e-11,2.209571917904064e-11,2.208759571214423e-11,2.2079480192161385e-11,2.2071372601871508e-11,2.2063272924193694e-11,2.2055181142055856e-11,2.204709723850569e-11,2.2039021196617147e-11,2.203095299955326e-11,2.2022892630493035e-11,2.2014840072712354e-11,2.2006795309500194e-11,2.1998758324373163e-11,2.199072910062921e-11,2.19827076218378e-11,2.197469387154493e-11,2.196668783339477e-11,2.195868949102292e-11,2.195069882822225e-11,2.1942715828756228e-11,2.1934740476495833e-11,2.1926772755358614e-11,2.1918812649277818e-11,2.19108601423389e-11,2.1902915218542888e-11,2.189497786204844e-11,2.1887048057110928e-11,2.187912578787422e-11,2.187121103869517e-11,2.1863303793896874e-11,2.1855404037946212e-11,2.1847511755279116e-11,2.1839626930379346e-11,2.1831749547905793e-11,2.1823879592406113e-11,2.181601704861277e-11,2.1808161901225383e-11,2.18003141350513e-11,2.179247373500308e-11,2.178464068581503e-11,2.1776814972516098e-11,2.1768996580122254e-11,2.1761185493655386e-11,2.1753381698178474e-11,2.1745585178883572e-11,2.173779592096028e-11,2.1730013909701792e-11,2.1722239130315346e-11,2.1714471568259382e-11,2.170671120887509e-11,2.1698958037617272e-11,2.1691212039984024e-11,2.16834732015246e-11,2.1675741507834312e-11,2.1668016944563887e-11,2.166029949740681e-11,2.16525891521018e-11,2.164488589445278e-11,2.1637189710282516e-11,2.162950058547987e-11,2.162181850598789e-11,2.1614143457768712e-11,2.1606475426865865e-11,2.159881439932331e-11,2.15911603613158e-11,2.1583513298972736e-11,2.157587319851318e-11,2.1568240046203315e-11,2.1560613828332742e-11,2.1552994531253028e-11,2.154538214137233e-11,2.153777664511056e-11,2.1530178028958587e-11,2.1522586279452912e-11,2.1515001383156128e-11,2.1507423326728513e-11,2.149985209674948e-11,2.1492287679966226e-11,2.1484730063114495e-11,2.147717923300319e-11,2.146963517645767e-11,2.1462097880357503e-11,2.1454567331621022e-11,2.1447043517255912e-11,2.143952642416908e-11,2.1432016039465383e-11,2.142451235023488e-11,2.1417015343593192e-11,2.1409525006719257e-11,2.1402041326831672e-11,2.1394564291167606e-11,2.1387093887036105e-11,2.1379630101746076e-11,2.1372172922722823e-11,2.1364722337394923e-11,2.135727833314742e-11,2.134984089751148e-11,2.1342410018011877e-11,2.1334985682267915e-11,2.1327567877861058e-11,2.132015659245977e-11,2.1312751813746948e-11,2.1305353529438833e-11,2.1297961727357105e-11,2.1290576395301234e-11,2.128319752110639e-11,2.1275825092650636e-11,2.126845909788242e-11,2.126109952484594e-11,2.125374636136012e-11,7.023649377082845e-12,6.736504852321075e-12,7.470424295322989e-12,8.260034301434067e-12,9.03266543251264e-12,9.781663002906185e-12,1.0505467429803085e-11,1.1203122902149681e-11,1.187393877191439e-11,1.2517453666679279e-11,1.3133419441089894e-11,1.3721784743864648e-11,1.4282677283529954e-11,1.481638525265903e-11,1.5323338416234237e-11,1.580408930753599e-11,1.625929490533124e-11,1.6689699091806773e-11,1.7096116123823756e-11,1.7479415282717346e-11,1.7840506813366972e-11,1.8180329211169076e-11,1.8499837874658473e-11,1.8799995105915417e-11,1.9081761414715794e-11,1.9346088060948774e-11,1.959391075682791e-11,1.9826144437329894e-11,2.004367900711218e-11,2.0247375965644874e-11,2.0438065815843208e-11,2.0616546163397793e-11,2.0783580419415603e-11,2.093989702398617e-11,2.108618911398309e-11,2.122311456668836e-11,2.1351296356087138e-11,2.1471323166166645e-11,2.1583750210988194e-11,2.168910021846516e-11,2.178786453968029e-11,2.1880504350862428e-11,2.1967451920001756e-11,2.2049111914249034e-11,2.2125862728077607e-11,2.219805781544926e-11,2.2266027012351734e-11,2.2330077838662918e-11,2.239049677022945e-11,2.244755047447728e-11,2.2501487004185675e-11,2.2552536945515755e-11,2.2600914517761532e-11,2.264681862281089e-11,2.2690433844093702e-11,2.2731931394139486e-11,2.2771470011464957e-11,2.2809196807806005e-11,2.284524806646348e-11,2.2879749993480463e-11,2.2912819423078026e-11,2.2944564479447572e-11,2.2975085196511906e-11,2.3004474097642715e-11,2.3032816737463977e-11,2.3060192207534565e-11,2.3086673608014938e-11,2.3112328487064073e-11,2.313721925005855e-11,2.3161403540269482e-11,2.3184934592813228e-11,2.3207861563539504e-11,2.3230229834451233e-11,2.32520812972298e-11,2.3273454616194902e-11,2.3294385472286247e-11,2.331490678906003e-11,2.3335048942199884e-11,2.3354839953545163e-11,2.337430567072106e-11,2.339346993346698e-11,2.3412354727488403e-11,2.343098032678985e-11,2.344936542543501e-11,2.3467527259214575e-11,2.3485481718216298e-11,2.3503243450862284e-11,2.3520825959954098e-11,2.3538241691594714e-11,2.3555502117168953e-11,2.3572617809065788e-11,2.3589598510717056e-11,2.3606453201150648e-11,2.3623190154624957e-11,2.363981699568295e-11,2.3656340749888303e-11,2.3672767890794384e-11,2.3689104383135278e-11,2.370535572274084e-11,2.3721526973342482e-11,2.373762280050401e-11,2.3753647502975754e-11,2.3769605041512047e-11,2.378549906553182e-11,2.3801332937664394e-11,2.38171097563589e-11,2.383283237676024e-11,2.3848503429933972e-11,2.3864125340589887e-11,2.387970034340287e-11,2.3895230498114347e-11,2.391071770330724e-11,2.392616370927349e-11,2.3941570129696484e-11,2.395693845263982e-11,2.397227005047616e-11,2.398756618896232e-11,2.400282803583462e-11,2.4018056668616578e-11,2.403325308172305e-11,2.4048418193391588e-11,2.4063552851230754e-11,2.407865783827927e-11,2.409373387800835e-11,2.410878163906069e-11,2.412380173979677e-11,2.4138794752086848e-11,2.41537612050296e-11,2.4168701588659737e-11,2.4183616356856722e-11,2.4198505930222073e-11,2.4213370698799464e-11,2.4228211024547646e-11,2.4243027243482505e-11,2.4257819667981057e-11,2.4272588588432515e-11,2.4287334275141604e-11,2.4302056979866528e-11,2.431675693740073e-11,2.43314343667742e-11,2.4346089472663264e-11,2.4360722446605014e-11,2.43753334677435e-11,2.4389922704126032e-11,2.4404490313489854e-11,2.441903644404347e-11,2.4433561235272517e-11,2.4448064818651922e-11,2.4462547318267184e-11,2.4477008851371187e-11,2.449144952897829e-11,2.4505869456327466e-11,2.4520268733395498e-11,2.453464745520987e-11,2.454900571239427e-11,2.4563343591377658e-11,2.4577661174779184e-11,2.459195854175112e-11,2.4606235768150407e-11,2.4620492926777046e-11,2.463473008785759e-11,2.4648947319012126e-11,2.466314468549988e-11,2.467732225048479e-11,2.4691480075049162e-11,2.4705618218494584e-11,2.4719736738432662e-11,2.473383569086709e-11,2.4747915130382457e-11,2.4761975110209044e-11,2.4776015682338306e-11,2.479003689760855e-11,2.480403880575217e-11,2.4818021455621317e-11,2.4831984895043936e-11,2.484592917103147e-11,2.4859854329789367e-11,2.4873760416828153e-11,2.4887647476909075e-11,2.4901515554203987e-11,2.491536469225118e-11,2.4929194934039815e-11,2.4943006322086763e-11,2.4956798898304587e-11,2.4970572704221413e-11,2.4984327780974117e-11,2.4998064169228492e-11,2.50117819092881e-11,2.5025481041098076e-11,2.503916160426132e-11,2.5052823638065564e-11,2.5066467181477397e-11,2.5080092273213627e-11,2.5093698951635735e-11,2.5107287254921693e-11,2.5120857220973258e-11,2.5134408887452427e-11,2.5147942291784836e-11,2.5161457471206953e-11,2.5174954462713735e-11,2.518843330310755e-11,2.520189402890404e-11,2.5215336676717322e-11,2.5228761282697306e-11,2.524216788289985e-11,2.525555651323011e-11,2.5268927209412377e-11,2.528228000699002e-11,2.5295614941401163e-11,2.5308932047903288e-11,2.5322231361611076e-11,2.5335512917541174e-11,2.5348776750476445e-11,2.536202289510417e-11,2.5375251385974583e-11,2.5388462257504808e-11,2.5401655543981187e-11,2.541483127956096e-11,2.5427989498280536e-11,2.5441130234124223e-11,2.545425352070102e-11,2.5467359391746723e-11,2.5480447880814388e-11,2.5493519021334306e-11,2.5506572846605944e-11,2.5519609389823656e-11,2.5532628684062084e-11,2.5545630762281216e-11,2.5558615657331826e-11,2.5571583401953712e-11,2.5584534028795996e-11,2.559746757034858e-11,2.5610384059033697e-11,2.562328352715537e-11,2.5636166006940935e-11,2.564903153046325e-11,2.566188012972237e-11,2.5674711836602658e-11,2.5687526682888545e-11,2.5700324700272743e-11,2.571310592032952e-11,2.5725870374516823e-11,2.5738618094266482e-11,2.5751349110831628e-11,2.5764063455401565e-11,2.577676115905658e-11,2.5789442252774808e-11,2.5802106767475415e-11,2.581475473394356e-11,2.5827386182837175e-11,2.5840001144783505e-11,2.5852599650306212e-11,2.5865181729787835e-11,2.5877747413562318e-11,2.589029673188811e-11,2.5902829714862556e-11,2.5915346392500443e-11,2.5927846794760017e-11,2.5940330951550713e-11,2.595279889259659e-11,2.5965250647537808e-11,2.5977686245998237e-11,2.5990105717474535e-11,2.6002509091316835e-11,2.601489639693433e-11,2.6027267663515185e-11,2.6039622920195812e-11,2.605196219603809e-11,2.6064285519880052e-11,2.6076592920813867e-11,2.6088884427571458e-11,2.6101160068895912e-11,2.611341987326863e-11,2.6125663869316238e-11,2.613789208547773e-11,2.615010455008103e-11,2.6162301291471348e-11,2.6174482337831617e-11,2.6186647717272723e-11,2.619879745784469e-11,2.6210931587479504e-11,2.622305013405093e-11,2.6235153125392136e-11,2.6247240589061405e-11,2.6259312552846038e-11,2.6271369044281652e-11,2.628341009074874e-11,2.6295435719669722e-11,2.63074459583578e-11,2.6319440834041125e-11,2.6331420373889133e-11,2.6343384604925387e-11,2.635533355416477e-11,2.6367267248523505e-11,2.6379185714839567e-11,2.639108897986433e-11,2.6402977070298578e-11,2.6414850012744993e-11,2.642670783372861e-11,2.6438550559718532e-11,2.645037821706306e-11,2.6462190832110692e-11,2.647398843111417e-11,2.64857710401315e-11,2.649753868532895e-11,2.65092913926613e-11,2.652102918809419e-11,2.6532752097505223e-11,2.6544460146651893e-11,2.6556153361250946e-11,2.6567831766956927e-11,2.6579495389349633e-11,2.6591144253927804e-11,2.6602778386122412e-11,2.6614397811317412e-11,2.6626002554741287e-11,2.6637592641682062e-11,2.664916809723823e-11,2.666072894650796e-11,2.6672275214503395e-11,2.668380692616471e-11,2.669532410635926e-11,2.670682677990967e-11,2.6718314971516455e-11,2.672978870586415e-11,2.6741248007681677e-11,2.675269290119e-11,2.6764123411095157e-11,2.6775539561737385e-11,2.6786941377452062e-11,2.6798328882495225e-11,2.680970210107958e-11,2.6821061057290186e-11,2.6832405775283328e-11,2.6843736279017914e-11,2.685505259243217e-11,2.686635473940367e-11,2.6877642743722917e-11,2.688891662917291e-11,2.69001764194108e-11,2.6911422138058878e-11,2.6922653808673857e-11,2.6933871454824012e-11,2.6945075099754103e-11,2.6956264766947707e-11,2.6967440479715503e-11,2.697860226139399e-11,2.6989750134975674e-11,2.7000884123625445e-11,2.701200425058585e-11,2.7023110538548953e-11,2.7034203010610558e-11,2.7045281689639075e-11,2.70563465984588e-11,2.7067397759811256e-11,2.7078435196407668e-11,2.7089458930863024e-11,2.7100468985787164e-11,2.7111465383654914e-11,2.712244814694525e-11,2.7133417298068617e-11,2.7144372859337456e-11,2.715531485307423e-11,2.7166243301491343e-11,2.717715822675223e-11,2.718805965096928e-11,2.719894759620173e-11,2.720982208444458e-11,2.722068313763698e-11,2.7231530777658208e-11,2.7242365026338496e-11,2.7253185905445346e-11,2.7263993436702808e-11,2.7274787641765193e-11,2.7285568542220634e-11,2.7296336159655167e-11,2.7307090515541578e-11,2.7317831631322504e-11,2.7328559528380547e-11,2.733927422809221e-11,2.7349975751697777e-11,2.7360664120363386e-11,2.737133935529775e-11,2.7382001477637316e-11,2.739265050842822e-11,2.7403286468685518e-11,2.741390937938489e-11,2.7424519261439488e-11,2.743511613560282e-11,2.744570002272871e-11,2.745627094365246e-11,2.7466828918990314e-11,2.747737396932017e-11,2.748790611530478e-11,2.7498425377475517e-11,2.7508931776328376e-11,2.7519425332270697e-11,2.752990606574438e-11,2.7540373997059197e-11,2.755082914652056e-11,2.7561271534338736e-11,2.7571701180700233e-11,2.758211810573197e-11,2.7592522329563972e-11,2.7602913872177873e-11,2.7613292753625017e-11,2.7623658993900606e-11,2.7634012612730186e-11,2.7644353630026156e-11,2.765468206557504e-11,2.766499793917663e-11,2.767530127049285e-11,2.7685592079176176e-11,2.7695870384825093e-11,2.7706136207000297e-11,2.771638956520885e-11,2.772663047890506e-11,2.773685896751038e-11,2.774707505038642e-11,2.775727874684914e-11,2.7767470076171523e-11,2.777764905758402e-11,2.778781571024645e-11,2.77979700533385e-11,2.780811210592017e-11,2.7818241887017333e-11,2.782835941566383e-11,2.78384647107984e-11,2.7848557791284396e-11,2.7858638676074105e-11,2.7868707383937645e-11,2.7878763933631528e-11,2.7888808343910004e-11,2.789884063345164e-11,2.790886082088763e-11,2.7918868924813692e-11,2.792886496378904e-11,2.7938848956322383e-11,2.794882092087468e-11,2.795878087594032e-11,2.7968728839750957e-11,2.797866483071378e-11,2.7988588867124836e-11,2.7998500967218358e-11,2.8008401149208076e-11,2.801828943127618e-11,2.8028165831526277e-11,2.8038030368047368e-11,2.804788305887663e-11,2.805772392200368e-11,2.8067552975497556e-11,2.8077370237041748e-11,2.8087175724618845e-11,2.8096969456083066e-11,2.810675144919572e-11,2.8116521721712907e-11,2.8126280291337033e-11,2.8136027175746625e-11,2.8145762392374497e-11,2.8155485959178632e-11,2.8165197893521242e-11,2.8174898212899192e-11,2.8184586934791706e-11,2.8194264076604167e-11,2.820392965561927e-11,2.8213583689410924e-11,2.8223226195172518e-11,2.8232857190165834e-11,2.8242476691612934e-11,2.825208471672184e-11,2.82616812826345e-11,2.82712664064576e-11,2.8280840105265924e-11,2.8290402396101355e-11,2.8299953295954894e-11,2.8309492821794896e-11,2.831902099051685e-11,2.8328537819013447e-11,2.8338043324133945e-11,2.8347537522683468e-11,2.8357020431402828e-11,2.836649206707582e-11,2.8375952446391468e-11,2.8385401585973534e-11,2.8394839502508426e-11,2.840426621246129e-11,2.8413681732445107e-11,2.8423086078959797e-11,2.8432479268466287e-11,2.8441861317453762e-11,2.845123224226664e-11,2.846059205933696e-11,2.8469940784908815e-11,2.847927843529909e-11,2.8488605026773154e-11,2.8497920575553113e-11,2.8507225097856356e-11,2.8516518609842065e-11,2.852580112750184e-11,2.8535072666993424e-11,2.8544333244363984e-11,2.8553582875611696e-11,2.8562821576712526e-11,2.857204936353835e-11,2.8581266252144843e-11,2.859047225830352e-11,2.859966739788128e-11,2.86088516866628e-11,2.8618025140454742e-11,2.8627187774935207e-11,2.8636339605797636e-11,2.8645480648745322e-11,2.8654610919402912e-11,2.86637304333663e-11,2.867283920619465e-11,2.8681937253408527e-11,2.869102459051628e-11,2.8700101232997684e-11,2.8709167196287156e-11,2.8718222495736543e-11,2.8727267146765476e-11,2.873630116461691e-11,2.874532456464735e-11,2.8754337362175067e-11,2.8763339572390202e-11,2.877233121049698e-11,2.8781312291691738e-11,2.8790282831083286e-11,2.8799242843757973e-11,2.880819234483823e-11,2.8817131349313195e-11,2.8826059872222583e-11,2.8834977928571662e-11,2.8843885533270356e-11,2.8852782701230767e-11,2.8861669447351064e-11,2.8870545786488814e-11,2.887941173346534e-11,2.8888267303073785e-11,2.889711251007127e-11,2.8905947369192893e-11,2.8914771895137282e-11,2.892358610255961e-11,2.8932390006127473e-11,2.8941183620415833e-11,2.8949966959976832e-11,2.8958740039339633e-11,2.8967502873166107e-11,2.8976255475860453e-11,2.898499786187536e-11,2.8993730045634798e-11,2.9002452041520066e-11,2.9011163863936617e-11,2.9019865527201793e-11,2.902855704562642e-11,2.903723843345605e-11,2.9045909705009254e-11,2.9054570874469046e-11,2.9063221956030016e-11,2.9071862963849124e-11,2.908049391206961e-11,2.9089114814764708e-11,2.9097725686073232e-11,2.910632653997876e-11,2.911491739052707e-11,2.912349825175625e-11,2.913206913753427e-11,2.9140630061875343e-11,2.914918103861501e-11,2.915772208166848e-11,2.916625320488275e-11,2.9174774422079284e-11,2.9183285747066005e-11,2.9191787193545053e-11,2.920027877534804e-11,2.920876050613743e-11,2.921723239963453e-11,2.92256944694117e-11,2.9234146729109945e-11,2.9242589192396655e-11,2.925102187278989e-11,2.9259444783907156e-11,2.9267857939221487e-11,2.927626135213781e-11,2.9284655036329346e-11,2.929303900505378e-11,2.9301413271776303e-11,2.93097778499213e-11,2.931813275277933e-11,2.9326477993711275e-11,2.9334813586028096e-11,2.934313954291871e-11,2.935145587780926e-11,2.935976260384353e-11,2.9368059734219795e-11,2.9376347282107684e-11,2.938462526066775e-11,2.939289368303764e-11,2.940115256226469e-11,2.94094019114514e-11,2.94176417436412e-11,2.9425872071856434e-11,2.943409290907972e-11,2.944230426830017e-11,2.94505061624537e-11,2.9458698604456163e-11,2.9466881607218914e-11,2.947505518358266e-11,2.9483219346393864e-11,2.94913741084902e-11,2.949951948265741e-11,2.9507655481675536e-11,2.951578211828887e-11,2.952389940520153e-11,2.953200735510307e-11,2.954010598065941e-11,2.954819529452553e-11,2.955627530926189e-11,2.956434603759438e-11,2.957240749202548e-11,2.958045968512023e-11,2.958850262939494e-11,2.959653633733628e-11,2.9604560821436705e-11,2.961257609414931e-11,2.9620582167918004e-11,2.962857905511475e-11,2.963656676814827e-11,2.9644545319372865e-11,2.965251472110034e-11,2.966047498567519e-11,2.96684261253661e-11,2.967636815244001e-11,2.968430107913707e-11,2.9692224917674366e-11,2.970013968024856e-11,2.970804537902443e-11,2.9715942026160904e-11,2.972382963377958e-11,2.9731708213968244e-11,2.973957777883537e-11,2.9747438340423624e-11,2.975528991076812e-11,2.976313250188099e-11,2.9770966125751654e-11,2.977879079434597e-11,2.978660651960944e-11,2.9794413313463566e-11,2.980221118780713e-11,2.981000015451776e-11,2.98177802254378e-11,2.9825551412424905e-11,2.9833313727282806e-11,2.984106718179683e-11,2.98488117877345e-11,2.985654755684215e-11,2.98642745008429e-11,2.9871992631435367e-11,2.987970196029952e-11,2.988740249910681e-11,2.989509425947254e-11,2.990277725302541e-11,2.991045149135354e-11,2.991811698604581e-11,2.992577374861902e-11,2.993342179064901e-11,2.9941061123607067e-11,2.994869175899284e-11,2.99563137082752e-11,2.996392698291153e-11,2.997153159429818e-11,2.997912755385114e-11,2.9986714872955625e-11,2.9994293562970706e-11,3.000186363523951e-11,3.000942510108328e-11,3.0016977971799413e-11,3.002452225866897e-11,3.003205797294548e-11,3.003958512587391e-11,3.004710372866991e-11,3.005461379253189e-11,3.006211532863323e-11,3.006960834812922e-11,3.0077092862168746e-11,3.0084568881852373e-11,3.009203641829156e-11,3.0099495482545514e-11,3.0106946085677456e-11,3.01143882387365e-11,3.01218219527202e-11,3.012924723863353e-11,3.013666410739493e-11,3.014407257007668e-11,3.0151472637559794e-11,3.015886432076303e-11,3.0166247630630966e-11,3.017362257794426e-11,3.0180989173550456e-11,3.018834742841681e-11,3.019569735330127e-11,3.0203038959005555e-11,3.021037225627564e-11,3.02176972558965e-11,3.022501396869939e-11,3.023232240536855e-11,3.023962257650835e-11,3.024691449283832e-11,3.02541981650932e-11,3.026147360388754e-11,3.0268740819849794e-11,3.027599982359855e-11,3.028325062566873e-11,3.0290493236730024e-11,3.0297727667295965e-11,3.0304953927932863e-11,3.0312172029098705e-11,3.0319381981274715e-11,3.032658379503892e-11,3.033377748080057e-11,3.034096304896294e-11,3.034814051002513e-11,3.035530987437715e-11,3.0362471152395404e-11,3.0369624354462044e-11,3.0376769490902805e-11,3.03839065720649e-11,3.0391035608276434e-11,3.039815660984874e-11,3.0405269587042466e-11,3.0412374550139765e-11,3.041947150935395e-11,3.042656047492663e-11,3.0433641457076316e-11,3.044071446599817e-11,3.044777951184363e-11,3.0454836604785656e-11,3.046188575495988e-11,3.0468926972487844e-11,3.047596026747882e-11,3.048298565001678e-11,3.0490003130171065e-11,3.0497012717994134e-11,3.0504014423520275e-11,3.051100825677069e-11,3.051799422774174e-11,3.052497234641701e-11,3.053194262276233e-11,3.0538905066727355e-11,3.05458596882461e-11,3.05528064972317e-11,3.0559745503583244e-11,3.056667671718046e-11,3.0573600147888476e-11,3.058051580555465e-11,3.058742370003121e-11,3.0594323841111616e-11,3.060121623857178e-11,3.0608100902210676e-11,3.061497784181923e-11,3.062184706711658e-11,3.062870858781552e-11,3.0635562413665406e-11,3.064240855433376e-11,3.0649247019521434e-11,3.0656077818890904e-11,3.0662900962109675e-11,3.0669716458773955e-11,3.0676524318516623e-11,3.068332455094157e-11,3.0690117165642636e-11,3.069690217216109e-11,3.0703679580062814e-11,3.071044939888744e-11,3.071721163815378e-11,3.0723966307354505e-11,3.0730713415969095e-11,3.073745297350065e-11,3.074418498939008e-11,3.075090947307746e-11,3.075762643398707e-11,3.076433588152835e-11,3.077103782510902e-11,3.0777732274081144e-11,3.0784419237810646e-11,3.079109872564969e-11,3.079777074692878e-11,3.080443531096315e-11,3.0811092427049e-11,3.081774210445348e-11,3.082438435248882e-11,3.083101918038607e-11,3.0837646597382496e-11,3.084426661270374e-11,3.0850879235560074e-11,3.0857484475136886e-11,3.086408234060705e-11,3.0870672841139647e-11,3.087725598588173e-11,3.088383178396282e-11,3.089040024450768e-11,3.089696137661076e-11,3.0903515189354584e-11,3.0910061691817646e-11,3.091660089306334e-11,3.092313280212024e-11,3.09296574280227e-11,3.0936174779791655e-11,3.094268486640844e-11,3.094918769686718e-11,3.095568328012782e-11,3.096217162516192e-11,3.0968652740893876e-11,3.097512663626552e-11,3.098159332015842e-11,3.098805280148464e-11,3.099450508911609e-11,3.100095019194912e-11,3.1007388118811276e-11,3.101381887853805e-11,3.102024247996194e-11,3.102665893188957e-11,3.103306824311854e-11,3.1039470422429624e-11,3.104586547858597e-11,3.105225342034825e-11,3.1058634256444977e-11,3.1065007995601677e-11,3.10713746465285e-11,3.1077734217940993e-11,3.108408671848912e-11,3.1090432156877094e-11,3.109677054174291e-11,3.110310188175998e-11,3.110942618548198e-11,3.111574346156541e-11,3.112205371860329e-11,3.112835696518892e-11,3.1134653209867325e-11,3.1140942461221844e-11,3.1147224727787247e-11,3.11535000181148e-11,3.115976834071189e-11,3.1166029704073735e-11,3.117228411670452e-11,3.117853158705609e-11,3.118477212360381e-11,3.1191005734781465e-11,3.1197232429056585e-11,3.120345221483704e-11,3.12096651005278e-11,3.121587109452943e-11,3.122207020522454e-11,3.122826244097963e-11,3.123444781015472e-11,3.124062632112831e-11,3.124679798215719e-11,3.1252962801593925e-11,3.1259120787741306e-11,3.126527194888959e-11,3.127141629331693e-11,3.127755382928781e-11,3.128368456505e-11,3.128980850884788e-11,3.129592566890725e-11,3.13020360534361e-11,3.130813967062844e-11,3.131423652868363e-11,3.132032663576811e-11,3.132641000004779e-11,3.133248662966486e-11,3.133855653276251e-11,3.1344619717459624e-11,3.1350676191866995e-11,3.1356725964082356e-11,3.1362769042189027e-11,3.136880543425774e-11,3.137483514835351e-11,3.138085819252803e-11,3.1386874574801196e-11,3.1392884303207595e-11,3.13988873857525e-11,3.140488383041879e-11,3.141087364521854e-11,3.1416856838123696e-11,3.142283341704999e-11,3.142880339000522e-11,3.143476676488714e-11,3.144072354964478e-11,3.1446673752168725e-11,3.145261738036835e-11,3.145855444212354e-11,3.1464484945316865e-11,3.147040889780521e-11,3.1476326307440186e-11,3.148223718204668e-11,3.148814152949241e-11,3.1494039357528965e-11,3.149993067401079e-11,3.1505815486714795e-11,3.1511693803414096e-11,3.1517565631754166e-11,3.152343097973597e-11,3.152928985497531e-11,3.153514226517355e-11,3.1540988218112706e-11,3.154682772147177e-11,3.155266078293255e-11,3.155848741017204e-11,3.156430761090953e-11,3.15701213927765e-11,3.157592876342242e-11,3.1581729730473104e-11,3.1587524301573795e-11,3.1593312484296215e-11,3.159909428631e-11,3.1604869715172886e-11,3.161063877845839e-11,3.161640148379962e-11,3.162215783863054e-11,3.162790785055814e-11,3.163365152710875e-11,3.1639388875817407e-11,3.1645119904179045e-11,3.165084461970996e-11,3.1656563029887306e-11,3.1662275142204346e-11,3.1667980964101567e-11,3.167368050304867e-11,3.1679373766483935e-11,3.168506076184889e-11,3.1690741496518934e-11,3.16964159779717e-11,3.170208421360863e-11,3.1707746210742915e-11,3.171340197679361e-11,3.171905151912169e-11,3.172469484508456e-11,3.173033196202877e-11,3.173596287727757e-11,3.174158759815604e-11,3.174720613197389e-11,3.175281848603061e-11,3.1758424667616927e-11,3.176402468400781e-11,3.176961854247101e-11,3.177520625026203e-11,3.1780787814628077e-11,3.178636324280147e-11,3.179193254200659e-11,3.179749571945635e-11,3.180305278235614e-11,3.180860373789169e-11,3.1814148593245794e-11,3.181968735559072e-11,3.182522003210687e-11,3.18307466298756e-11,3.183626715610054e-11,3.184178161789604e-11,3.184729002237062e-11,3.18527923766343e-11,3.185828868777681e-11,3.186377896289691e-11,3.1869263209064145e-11,3.1874741433344244e-11,3.188021364276807e-11,3.1885679844425253e-11,3.189114004532689e-11,3.189659425251558e-11,3.190204247296006e-11,3.1907484713693796e-11,3.1912920981704564e-11,3.1918351283977046e-11,3.1923775627480303e-11,3.1929194019178544e-11,3.193460646602252e-11,3.1940012974952676e-11,3.194541355290038e-11,3.1950808206789174e-11,3.195619694353203e-11,3.196157977003528e-11,3.1966956693175306e-11,3.1972327719840085e-11,3.197769285687119e-11,3.1983052111155884e-11,3.198840548959021e-11,3.199375299896805e-11,3.1999094646120954e-11,3.200443043788093e-11,3.200976038118773e-11,3.201508448257407e-11,3.2020402748955295e-11,3.202571518714062e-11,3.20310218038786e-11,3.203632260595598e-11,3.204161760009584e-11,3.204690679301768e-11,3.2052190191565284e-11,3.2057467802347677e-11,3.206273963211154e-11,3.2068005687579555e-11,3.20732659754235e-11,3.207852050233982e-11,3.208376927496699e-11,3.208901230003091e-11,3.209424958416343e-11,3.209948113400047e-11,3.210470695618943e-11,3.2109927057359944e-11,3.2115141444116684e-11,3.212035012308082e-11,3.2125553100889554e-11,3.213075038403936e-11,3.2135941979154e-11,3.2141127892811574e-11,3.214630813156859e-11,3.215148270197037e-11,3.215665161059783e-11,3.216181486392122e-11,3.216697246849769e-11,3.217212443085854e-11,3.217727075747674e-11,3.2182411454823193e-11,3.2187546529442314e-11,3.219267598778288e-11,3.219779983639118e-11,3.220291808158087e-11,3.220803072977905e-11,3.2213137787617927e-11,3.2218239261434586e-11,3.222333515765061e-11,3.222842548269809e-11,3.2233510242981357e-11,3.223858944482613e-11,3.224366309466005e-11,3.224873119885995e-11,3.2253793763810006e-11,3.2258850795870064e-11,3.2263902301366115e-11,3.226894828664386e-11,3.2273988758041726e-11,3.227902372188804e-11,3.2284053184493935e-11,3.2289077152160936e-11,3.2294095631214654e-11,3.229910862789412e-11,3.2304116148487746e-11,3.2309118199285275e-11,3.231411478653996e-11,3.2319105916502624e-11,3.232409159541437e-11,3.2329071829563726e-11,3.2334046625063394e-11,3.233901598819033e-11,3.234397992516176e-11,3.234893844197295e-11,3.235389154495608e-11,3.2358839240587227e-11,3.236378153481549e-11,3.236871843378635e-11,3.237364994373199e-11,3.237857607073148e-11,3.238349682087262e-11,3.238841220031995e-11,3.2393322215279954e-11,3.239822687167052e-11,3.240312617584525e-11,3.2408020133724366e-11,3.241290875146878e-11,3.24177920351412e-11,3.242266999081113e-11,3.2427542624532013e-11,3.243240994236883e-11,3.2437271950357526e-11,3.244212865454985e-11,3.244698006098621e-11,3.245182617565627e-11,3.245666700460435e-11,3.24615025538259e-11,3.246633282930893e-11,3.2471157837050164e-11,3.247597758298207e-11,3.2480792073170586e-11,3.2485601313514153e-11,3.249040530999902e-11,3.249520406853397e-11,3.249999759507894e-11,3.250478589555866e-11,3.2509568975933693e-11,3.2514346842054814e-11,3.251911949983823e-11,3.2523886955206214e-11,3.252864921404022e-11,3.2533406282222384e-11,3.253815816562534e-11,3.254290487011709e-11,3.254764640155077e-11,3.255238276577593e-11,3.2557113968636416e-11,3.2561840015961637e-11,3.256656091358321e-11,3.257127666723683e-11,3.2575987282888515e-11,3.2580692766260387e-11,3.2585393123226896e-11,3.259008835941412e-11,3.2594778480679604e-11,3.259946349273685e-11,3.2604143401407697e-11,3.2608818212487546e-11,3.261348793166849e-11,3.261815256471363e-11,3.262281211732472e-11,3.2627466595251104e-11,3.2632116004133404e-11,3.2636760349800606e-11,3.2641399637892003e-11,3.264603387410165e-11,3.2650663064065785e-11,3.26552872135466e-11,3.2659906328120846e-11,3.26645204135586e-11,3.266912947543351e-11,3.267373351942833e-11,3.267833255117733e-11,3.2682926576229556e-11,3.268751560034611e-11,3.269209962909026e-11,3.269667866805465e-11,3.2701252722828644e-11,3.270582179900129e-11,3.27103859022084e-11,3.2714945037957865e-11,3.2719499211856936e-11,3.2724048429465054e-11,3.272859269634026e-11,3.273313201802673e-11,3.273766640005735e-11,3.2742195847954105e-11,3.2746720367263284e-11,3.2751239963511475e-11,3.2755754642195785e-11,3.276026440882013e-11,3.2764769268877454e-11,3.2769269227862194e-11,3.277376429125477e-11,3.277825446451808e-11,3.278273975313276e-11,3.2787220162569265e-11,3.279169569823493e-11,3.279616636560695e-11,3.2800632170111136e-11,3.2805093117176944e-11,3.280954921228857e-11,3.2814000460745834e-11,3.2818446868009644e-11,3.282288843949127e-11,3.282732518058875e-11,3.283175709667011e-11,3.2836184193122944e-11,3.284060647533287e-11,3.284502394863954e-11,3.2849436618444356e-11,3.285384449009118e-11,3.285824756884451e-11,3.286264586009497e-11,3.2867039369201884e-11,3.287142810145764e-11,3.287581206216132e-11,3.288019125662911e-11,3.288456569018654e-11,3.2888935368099646e-11,3.28933002956752e-11,3.2897660478191145e-11,3.290201592090583e-11,3.2906366629099486e-11,3.291071260802582e-11,3.291505386295741e-11,3.291939039904025e-11,3.292372222166958e-11,3.292804933599553e-11,3.293237174725956e-11,3.2936689460746464e-11,3.294100248150532e-11,3.2945310814786785e-11,3.2949614465858457e-11,3.2953913439907875e-11,3.2958207742080776e-11,3.2962497377557726e-11,3.2966782351523165e-11,3.2971062669108824e-11,3.2975338335527155e-11,3.2979609355893366e-11,3.2983875735356016e-11,3.2988137479038766e-11,3.299239459209367e-11,3.299664707962565e-11,3.300089494675557e-11,3.3005138198588864e-11,3.300937684027916e-11,3.3013610876899e-11,3.301784031345086e-11,3.3022065155080735e-11,3.302628540686348e-11,3.3030501073899223e-11,3.303471216119474e-11,3.30389186738338e-11,3.3043120616861264e-11,3.3047317995330586e-11,3.305151081439871e-11,3.305569907883751e-11,3.3059882793803406e-11,3.306406196430912e-11,3.3068236595356155e-11,3.307240669197571e-11,3.307657225914674e-11,3.308073330184919e-11,3.3084889825091615e-11,3.308904183384265e-11,3.309318933307954e-11,3.309733232775727e-11,3.3101470822830466e-11,3.3105604823267374e-11,3.310973433400148e-11,3.311385935995859e-11,3.31179799061175e-11,3.3122095977367504e-11,3.312620757864378e-11,3.3130314714824056e-11,3.313441739086199e-11,3.3138515611622066e-11,3.3142609382064426e-11,3.3146698707014356e-11,3.315078359136103e-11,3.3154864039985e-11,3.315894005776349e-11,3.316301164955947e-11,3.316707882034023e-11,3.3171141574726e-11,3.3175199917690014e-11,3.317925385405148e-11,3.3183303388656965e-11,3.3187348526317554e-11,3.3191389271865605e-11,3.3195425630119645e-11,3.3199457605871176e-11,3.3203485203927216e-11,3.3207508429065295e-11,3.3211527286100465e-11,3.3215541779874296e-11,3.321955191502004e-11,3.3223557696405976e-11,3.322755912878023e-11,3.323155621688253e-11,3.32355489654876e-11,3.323953737933048e-11,3.324352146314355e-11,3.3247501221689025e-11,3.325147665967239e-11,3.325544778180924e-11,3.325941459283789e-11,3.3263377097457264e-11,3.326733530037057e-11,3.3271289206271935e-11,3.3275238819873736e-11,3.3279184145810327e-11,3.328312518881817e-11,3.328706195355289e-11,3.3290994444675354e-11,3.329492266685138e-11,3.329884662473964e-11,3.330276632299092e-11,3.330668176633082e-11,3.3310592959238173e-11,3.331449990643062e-11,3.331840261250817e-11,3.3322301082098637e-11,3.3326195319829284e-11,3.3330085330305174e-11,3.3333971118129554e-11,3.3337852687894486e-11,3.334173004420637e-11,3.334560319160717e-11,3.33494721347493e-11,3.33533368781725e-11,3.335719742644584e-11,3.3361053784123815e-11,3.3364905955778895e-11,3.336875394594025e-11,3.33725977591716e-11,3.3376437399995706e-11,3.338027287296057e-11,3.3384104182583586e-11,3.338793133336991e-11,3.339175432989933e-11,3.339557317662828e-11,3.3399387878091354e-11,3.340319843876843e-11,3.340700486315508e-11,3.3410807155743024e-11,3.3414605321043064e-11,3.3418399363491136e-11,3.342218928757531e-11,3.3425975097753294e-11,3.342975679849653e-11,3.343353439424435e-11,3.343730788949827e-11,3.344107728861827e-11,3.3444842596104005e-11,3.344860381635597e-11,3.345236095379287e-11,3.345611401286374e-11,3.3459862997994415e-11,3.346360791357904e-11,3.346734876401578e-11,3.347108555370784e-11,3.347481828704384e-11,3.347854696842023e-11,3.348227160221902e-11,3.348599219279679e-11,3.348970874457944e-11,3.3493421261885074e-11,3.349712974909098e-11,3.350083421054734e-11,3.3504534650610633e-11,3.350823107362188e-11,3.35119234839072e-11,3.351561188582507e-11,3.351929628368409e-11,3.352297668178187e-11,3.352665308450831e-11,3.353032549610622e-11,3.353399392095391e-11,3.353765836330835e-11,3.3541318827445704e-11,3.3544975317731005e-11,3.3548627838331794e-11,3.355227639363444e-11,3.355592098787209e-11,3.355956162530866e-11,3.356319831023387e-11,3.3566831046898026e-11,3.357045983953457e-11,3.3574084692403997e-11,3.357770560975031e-11,3.358132259581689e-11,3.3584935654826094e-11,3.3588544791096904e-11,3.359215000867628e-11,3.359575131191186e-11,3.3599348704932906e-11,3.360294219199634e-11,3.360653177728947e-11,3.361011746500863e-11,3.361369925935046e-11,3.3617277164502405e-11,3.362085118464096e-11,3.362442132394473e-11,3.3627987586582684e-11,3.36315499767222e-11,3.3635108498521974e-11,3.363866315621083e-11,3.364221395379026e-11,3.3645760895455935e-11,3.3649303985375344e-11,3.3652843227642316e-11,3.365637862648432e-11,3.3659910185963304e-11,3.366343791020169e-11,3.366696180332892e-11,3.367048186943514e-11,3.3673998112601065e-11,3.367751053696693e-11,3.368101914661571e-11,3.3684523945631216e-11,3.368802493802148e-11,3.369152212802394e-11,3.369501551963523e-11,3.369850511692e-11,3.3701990923945754e-11,3.370547294475691e-11,3.3708951183417776e-11,3.3712425644002955e-11,3.3715896330534584e-11,3.3719363247052626e-11,3.372282639759657e-11,3.372628578619372e-11,3.372974141686297e-11,3.3733193293612196e-11,3.373664142047295e-11,3.3740085801469863e-11,3.374352644058157e-11,3.374696334183575e-11,3.375039650920302e-11,3.3753825946689403e-11,3.375725165824384e-11,3.376067364791205e-11,3.376409191960024e-11,3.3767506477341786e-11,3.377091732507611e-11,3.377432446676216e-11,3.3777727906352097e-11,3.378112764780752e-11,3.378452369507974e-11,3.378791605209196e-11,3.379130472280543e-11,3.379468971113258e-11,3.379807102101165e-11,3.380144865636553e-11,3.380482262109956e-11,3.380819291914832e-11,3.3811559554407517e-11,3.381492253078517e-11,3.381828185217888e-11,3.382163752247815e-11,3.382498954558512e-11,3.382833792537734e-11,3.383168266573569e-11,3.3835023770541e-11,3.383836124369055e-11,3.384169508898617e-11,3.3845025310329126e-11,3.384835191158153e-11,3.385167489657271e-11,3.3854994269173126e-11,3.3858310033214294e-11,3.386162219254074e-11,3.3864930750986404e-11,3.386823571238398e-11,3.387153708053617e-11,3.3874834859277147e-11,3.3878129052419743e-11,3.388141966380412e-11,3.3884706697200966e-11,3.388799015642005e-11,3.389127004527473e-11,3.389454636754831e-11,3.3897819126993254e-11,3.3901088327446265e-11,3.390435397266123e-11,3.3907616066427634e-11,3.3910874612504887e-11,3.3914129614647205e-11,3.3917381076627276e-11,3.392062900221757e-11,3.39238733951311e-11,3.392711425916199e-11,3.393035159802766e-11,3.393358541547296e-11,3.393681571519509e-11,3.394004250099034e-11,3.3943265776533945e-11,3.3946485545550736e-11,3.39497018117569e-11,3.3952914578874265e-11,3.395612385061157e-11,3.395932963069825e-11,3.3962531922804635e-11,3.396573073059837e-11,3.396892605781652e-11,3.39721179081236e-11,3.397530628519531e-11,3.397849119271333e-11,3.398167263433393e-11,3.3984850613712035e-11,3.3988025134608213e-11,3.3991196200606184e-11,3.399436381535529e-11,3.399752798247607e-11,3.4000688705672274e-11,3.400384598857921e-11,3.400699983481617e-11,3.4010150247999646e-11,3.401329723180305e-11,3.401644078983563e-11,3.4019580925680155e-11,3.402271764300963e-11,3.40258509454055e-11,3.402898083644375e-11,3.4032107319758976e-11,3.4035230398977966e-11,3.403835007766465e-11,3.4041466359386065e-11,3.404457924776296e-11,3.404768874635347e-11,3.4050794858747784e-11,3.405389758852105e-11,3.4056996939236587e-11,3.406009291446075e-11,3.406318551775626e-11,3.4066274752680164e-11,3.406936062276099e-11,3.4072443131615286e-11,3.407552228270632e-11,3.4078598079602723e-11,3.408167052584017e-11,3.408473962496179e-11,3.408780538047607e-11,3.4090867795909293e-11,3.409392687477297e-11,3.409698262060031e-11,3.410003503691848e-11,3.4103084127182374e-11,3.410612989491893e-11,3.4109172343627725e-11,3.411221147676618e-11,3.4115247297889016e-11,3.411827981044906e-11,3.412130901792629e-11,3.412433492380347e-11,3.4127357531543485e-11,3.413037684462409e-11,3.413339286650545e-11,3.4136405600648e-11,3.413941505051698e-11,3.41424212195496e-11,3.414542411120757e-11,3.4148423728929806e-11,3.4151420076140837e-11,3.4154413156311895e-11,3.415740297285309e-11,3.4160389529200145e-11,3.416337282877235e-11,3.416635287497405e-11,3.4169329671241606e-11,3.4172303221029796e-11,3.4175273527663124e-11,3.417824059459772e-11,3.4181204425199174e-11,3.4184165022923856e-11,3.4187122391205383e-11,3.419007653323293e-11,3.419302745252782e-11,3.4195975152457076e-11,3.4198919636386957e-11,3.4201860907697174e-11,3.4204798969752874e-11,3.420773382589718e-11,3.421066547953571e-11,3.421359393399109e-11,3.421651919264343e-11,3.4219441258825027e-11,3.4222360135883064e-11,3.422527582715745e-11,3.4228188335985755e-11,3.423109766570203e-11,3.423400381963027e-11,3.423690680110595e-11,3.423980661342724e-11,3.4242703259923516e-11,3.424559674393948e-11,3.424848706876187e-11,3.425137423769285e-11,3.425425825402013e-11,3.425713912108313e-11,3.426001684215512e-11,3.4262891420520575e-11,3.4265762859470103e-11,3.426863116228868e-11,3.4271496332255704e-11,3.427435837264521e-11,3.427721728673074e-11,3.4280073077874215e-11,3.4282925749144974e-11,3.428577530390983e-11,3.42886217454137e-11,3.4291465076937475e-11,3.429430530168119e-11,3.429714242290171e-11,3.429997644386858e-11,3.4302807367809516e-11,3.4305635197924e-11,3.430845993750052e-11,3.4311281589738804e-11,3.431410015786033e-11,3.4316915645044095e-11,3.43197280545762e-11,3.4322537389653084e-11,3.432534365346496e-11,3.4328146849192117e-11,3.4330946980082715e-11,3.433374404931227e-11,3.433653806007201e-11,3.433932901548114e-11,3.43421169188686e-11,3.434490177334335e-11,3.4347683582084195e-11,3.4350462348266527e-11,3.435323807505973e-11,3.435601076563608e-11,3.435878042315288e-11,3.43615470507287e-11,3.4364310651570205e-11,3.436707122886107e-11,3.4369828785719526e-11,3.437258332527305e-11,3.437533485068225e-11,3.4378083365076474e-11,3.4380828871720115e-11,3.438357137348101e-11,3.4386310873625214e-11,3.4389047375277455e-11,3.439178088154781e-11,3.43945113955622e-11,3.4397238920393076e-11,3.4399963459218374e-11,3.4402685015112937e-11,3.4405403591181205e-11,3.4408119190497944e-11,3.441083181619683e-11,3.4413541471350366e-11,3.441624815904745e-11,3.4418951882370424e-11,3.442165264440636e-11,3.442435044822584e-11,3.442704529690686e-11,3.442973719351586e-11,3.443242614112288e-11,3.4435112142792346e-11,3.443779520158108e-11,3.4440475320551295e-11,3.4443152502655224e-11,3.4445826751162736e-11,3.444849806896817e-11,3.445116645913842e-11,3.44538319247139e-11,3.4456494468743125e-11,3.445915409423501e-11,3.44618108042293e-11,3.446446460175357e-11,3.446711548982258e-11,3.446976347145897e-11,3.4472408549680315e-11,3.4475050727488455e-11,3.447769000789575e-11,3.448032639391199e-11,3.44829598885314e-11,3.44855904947325e-11,3.448821821547292e-11,3.4490843053887984e-11,3.449346501286747e-11,3.449608409539912e-11,3.44987003044764e-11,3.450131364311429e-11,3.4503924114239614e-11,3.4506531720767025e-11,3.450913646573128e-11,3.451173835207422e-11,3.451433738276576e-11,3.451693356072509e-11,3.4519526889002933e-11,3.452211737049375e-11,3.4524705008131485e-11,3.452728980486253e-11,3.452987176362434e-11,3.453245088740318e-11,3.4535027179121835e-11,3.453760064160532e-11,3.45401712778541e-11,3.454273909080065e-11,3.454530408339002e-11,3.45478662584744e-11,3.4550425619003453e-11,3.455298216786115e-11,3.455553590801873e-11,3.4558086842282787e-11,3.456063497368425e-11,3.456318030502107e-11,3.4565722839199736e-11,3.4568262579097594e-11,3.457079952768566e-11,3.4573333687763225e-11,3.457586506217106e-11,3.4578393653886515e-11,3.458091946576267e-11,3.458344250058767e-11,3.458596276130005e-11,3.45884802507409e-11,3.4590994971791945e-11,3.459350692729496e-11,3.4596016120129576e-11,3.4598522553135904e-11,3.460102622903532e-11,3.460352715090084e-11,3.4606025321473835e-11,3.4608520743586834e-11,3.4611013420095604e-11,3.461350335379272e-11,3.461599054758681e-11,3.4618475004111686e-11,3.4620956726441764e-11,3.462343571721156e-11,3.46259119793063e-11,3.462838551556047e-11,3.463085632875092e-11,3.463332442170468e-11,3.463578979716987e-11,3.463825245797703e-11,3.4640712406955064e-11,3.464316964686927e-11,3.4645624180569197e-11,3.46480760107335e-11,3.465052514026318e-11,3.465297157185331e-11,3.465541530825915e-11,3.465785635230779e-11,3.4660294706720175e-11,3.466273037445052e-11,3.466516335810994e-11,3.466759366041329e-11,3.46700212841942e-11,3.4672446232201506e-11,3.467486850716187e-11,3.467728811185535e-11,3.4679705049024786e-11,3.4682119321419514e-11,3.468453093167042e-11,3.468693988265451e-11,3.468934617712797e-11,3.469174981775862e-11,3.4694150807281713e-11,3.4696549148417933e-11,3.4698944843909557e-11,3.4701337896441676e-11,3.470372830874423e-11,3.4706116083539066e-11,3.470850122354236e-11,3.4710883731459784e-11,3.471326360997221e-11,3.471564086180562e-11,3.4718015489654774e-11,3.472038749620419e-11,3.472275688416643e-11,3.472512365619564e-11,3.4727487815009816e-11,3.4729849363206964e-11,3.4732208303612e-11,3.473456463883313e-11,3.473691837154152e-11,3.473926950448445e-11,3.474161804017593e-11,3.47439639813608e-11,3.474630733070485e-11,3.4748648090837464e-11,3.4750986264383865e-11,3.475332185412527e-11,3.475565486261758e-11,3.475798529257152e-11,3.476031314658414e-11,3.4762638427364675e-11,3.476496113738315e-11,3.4767281279416325e-11,3.476959885607213e-11,3.477191386996484e-11,3.4774226323726254e-11,3.477653621998667e-11,3.477884356134944e-11,3.478114835045729e-11,3.478345058990832e-11,3.478575028231927e-11,3.478804743029227e-11,3.4790342036429196e-11,3.4792634103373406e-11,3.479492363371049e-11,3.4797210630008184e-11,3.479949509486519e-11,3.480177703096268e-11,3.480405644073674e-11,3.4806333326862006e-11,3.4808607691855064e-11,3.481087953839509e-11,3.481314886897944e-11,3.481541568625529e-11,3.48176799927685e-11,3.4819941791073966e-11,3.4822201083734634e-11,3.4824457873339504e-11,3.4826712162422554e-11,3.482896395354528e-11,3.483121324927583e-11,3.4833460052144074e-11,3.483570436471503e-11,3.4837946189550825e-11,3.484018552913795e-11,3.484242238606475e-11,3.484465676287808e-11,3.48468886620911e-11,3.4849118086238674e-11,3.4851345037846346e-11,3.4853569519436124e-11,3.485579153354168e-11,3.4858011082678207e-11,3.48602281693631e-11,3.486244279612246e-11,3.4864654965463615e-11,3.4866864679899195e-11,3.486907194191677e-11,3.487127675405188e-11,3.487347911880253e-11,3.487567903864426e-11,3.4877876516081986e-11,3.488007155361608e-11,3.4882264153744986e-11,3.488445431894167e-11,3.488664205168324e-11,3.488882735447494e-11,3.4891010229769096e-11,3.489319068006988e-11,3.4895368707825286e-11,3.4897544315518934e-11,3.489971750561187e-11,3.490188828058659e-11,3.490405664289818e-11,3.4906222595019445e-11,3.490838613938198e-11,3.491054727845763e-11,3.491270601469161e-11,3.4914862350537043e-11,3.4917016288455105e-11,3.491916783085994e-11,3.492131698020985e-11,3.49234637389426e-11,3.4925608109494234e-11,3.492775009429721e-11,3.4929889695783777e-11,3.49320269163817e-11,3.4934161758515614e-11,3.4936294224609584e-11,3.493842431708266e-11,3.4940552038352927e-11,3.494267739085192e-11,3.494480037697144e-11,3.494692099910928e-11,3.494903925968792e-11,3.49511551611104e-11,3.495326870577889e-11,3.49553798960912e-11,3.495748873444577e-11,3.495959522323394e-11,3.496169936484791e-11,3.4963801161675544e-11,3.496590061610214e-11,3.496799773051189e-11,3.4970092507286274e-11,3.4972184948800827e-11,3.497427505743109e-11,3.497636283555136e-11,3.497844828553072e-11,3.498053140974805e-11,3.498261221054469e-11,3.498469069029661e-11,3.498676685136671e-11,3.498884069610393e-11,3.499091222686519e-11,3.4992981446013093e-11,3.499504835587887e-11,3.499711295883195e-11,3.499917525718953e-11,3.500123525331915e-11,3.5003292949547246e-11,3.500534834819867e-11,3.5007401451632856e-11,3.500945226215312e-11,3.501150078210342e-11,3.501354701380923e-11,3.5015590959595846e-11,3.501763262178309e-11,3.5019672002689956e-11,3.5021709104633633e-11,3.5023743929927574e-11,3.502577648088125e-11,3.502780675980456e-11,3.5029834769003845e-11,3.503186051078253e-11,3.5033883987440827e-11,3.503590520129054e-11,3.5037924154604186e-11,3.503994084968662e-11,3.5041955288828387e-11,3.5043967474332794e-11,3.50459774084572e-11,3.5047985093512934e-11,3.5049990531755104e-11,3.505199372547322e-11,3.505399467694625e-11,3.5055993388446575e-11,3.5057989862244865e-11,3.505998410061043e-11,3.506197610581693e-11,3.506396588011332e-11,3.506595342576812e-11,3.5067938745040305e-11,3.506992184018561e-11,3.5071902713466156e-11,3.507388136711952e-11,3.507585780341904e-11,3.5077832024572756e-11,3.507980403284666e-11,3.508177383048172e-11,3.508374141971479e-11,3.5085706802862034e-11,3.508766998200067e-11,3.50896309594518e-11,3.509158973742762e-11,3.509354631816258e-11,3.509550070388296e-11,3.509745289680926e-11,3.509940289916133e-11,3.510135071315174e-11,3.510329634101728e-11,3.510523978495742e-11,3.5107181047165305e-11,3.510912012986601e-11,3.511105703522184e-11,3.511299176550457e-11,3.511492432291329e-11,3.5116854709592427e-11,3.5118782927830694e-11,3.5120708979718946e-11,3.512263286745575e-11,3.5124554593304797e-11,3.512647415935734e-11,3.5128391567846586e-11,3.513030682095996e-11,3.5132219920865454e-11,3.51341308697455e-11,3.513603966980335e-11,3.51379463231506e-11,3.513985083203566e-11,3.514175319853386e-11,3.5143653424896686e-11,3.5145551513206957e-11,3.514744746566965e-11,3.514934128446103e-11,3.515123297167647e-11,3.515312252954714e-11,3.515500996018985e-11,3.515689526570825e-11,3.515877844829036e-11,3.516065951010573e-11,3.5162538453233896e-11,3.5164415279880115e-11,3.516628999215124e-11,3.516816259215601e-11,3.5170033082011674e-11,3.5171901463918106e-11,3.517376774009795e-11,3.517563191246302e-11,3.5177493983242144e-11,3.517935395449269e-11,3.5181211828415467e-11,3.518306760706075e-11,3.5184921292574764e-11,3.5186772887095057e-11,3.518862239272367e-11,3.519046981156109e-11,3.5192315145660504e-11,3.519415839716786e-11,3.519599956820977e-11,3.5197838660820605e-11,3.519967567714381e-11,3.520151061927865e-11,3.520334348928509e-11,3.520517428919804e-11,3.5207003021248986e-11,3.520882968744662e-11,3.5210654289893217e-11,3.521247683063184e-11,3.521429731176311e-11,3.521611573535083e-11,3.5217932103477093e-11,3.5219746418235815e-11,3.52215586816635e-11,3.5223368895840495e-11,3.522517706282961e-11,3.522698318468356e-11,3.522878726347973e-11,3.523058930126142e-11,3.523238930010521e-11,3.5234187262048735e-11,3.523598318914927e-11,3.523777708344003e-11,3.523956894700473e-11,3.5241358781855724e-11,3.524314659005468e-11,3.524493237362224e-11,3.5246716134632355e-11,3.524849787509449e-11,3.525027759700301e-11,3.5252055302447616e-11,3.52538309934409e-11,3.525560467201891e-11,3.5257376340187966e-11,3.52591459999837e-11,3.526091365342311e-11,3.526267930252672e-11,3.52644429493096e-11,3.526620459581367e-11,3.5267964244008166e-11,3.5269721895898014e-11,3.527147755355092e-11,3.527323121890782e-11,3.5274982894000306e-11,3.527673258086323e-11,3.527848028145344e-11,3.528022599777858e-11,3.528196973182861e-11,3.5283711485570435e-11,3.528545126101998e-11,3.5287189060174405e-11,3.528892488502376e-11,3.529065873757097e-11,3.529239061973145e-11,3.529412053360792e-11,3.5295848481010345e-11,3.529757446399897e-11,3.52992984845548e-11,3.5301020544674385e-11,3.5302740646249376e-11,3.530445879132289e-11,3.5306174981816955e-11,3.530788921971121e-11,3.530960150698753e-11,3.5311311845591216e-11,3.5313020237450445e-11,3.5314726684536754e-11,3.53164311888354e-11,3.5318133752230044e-11,3.531983437678241e-11,3.5321533064290074e-11,3.532322981675631e-11,3.5324924636158514e-11,3.532661752441632e-11,3.532830848347103e-11,3.5329997515256006e-11,3.5331684621705335e-11,3.533336980475309e-11,3.533505306637352e-11,3.533673440840361e-11,3.533841383279835e-11,3.534009134152373e-11,3.534176693645958e-11,3.534344061955026e-11,3.5345112392705025e-11,3.5346782257847774e-11,3.5348450216879386e-11,3.5350116271718067e-11,3.535178042426538e-11,3.5353442676462226e-11,3.535510303016704e-11,3.535676148732003e-11,3.53584180497792e-11,3.536007271950248e-11,3.53617254983357e-11,3.536337638821587e-11,3.536502539101378e-11,3.536667250860205e-11,3.536831774292094e-11,3.536996109579706e-11,3.5371602569136874e-11,3.5373242164841884e-11,3.5374879884783165e-11,3.53765157308428e-11,3.537814970489468e-11,3.537978180881631e-11,3.5381412044476673e-11,3.538304041377823e-11,3.538466691852626e-11,3.538629156063752e-11,3.538791434196546e-11,3.5389535264370106e-11,3.5391154329726407e-11,3.539277153987537e-11,3.539438689667707e-11,3.539600040199689e-11,3.539761205767079e-11,3.539922186557607e-11,3.540082982753968e-11,3.540243594542867e-11,3.540404022108087e-11,3.5405642656338905e-11,3.5407243253031346e-11,3.5408842013028115e-11,3.5410438938147264e-11,3.541203403022709e-11,3.5413627291168684e-11,3.54152187226683e-11,3.541680832668545e-11,3.541839610489747e-11,3.54199820592551e-11,3.542156619154682e-11,3.5423148503630144e-11,3.542472899726641e-11,3.542630767492259e-11,3.542788453653305e-11,3.54294595857747e-11,3.5431032823887466e-11,3.543260425262984e-11,3.543417387385235e-11,3.543574168933893e-11,3.5437307700902424e-11,3.543887191034463e-11,3.5440434319462834e-11,3.544199493005905e-11,3.544355374390652e-11,3.5445110762846084e-11,3.5446665988648515e-11,3.544821942311845e-11,3.544977106802825e-11,3.545132092515999e-11,3.545286899632749e-11,3.545441528331925e-11,3.54559597878613e-11,3.545750251177033e-11,3.545904345683018e-11,3.546058262465747e-11,3.546212001745862e-11,3.546365563659628e-11,3.546518948396229e-11,3.546672156127511e-11,3.54682518704742e-11,3.5469780413191486e-11,3.54713071912109e-11,3.5472832206302814e-11,3.547435546022318e-11,3.547587695472586e-11,3.54773966915569e-11,3.547891467250057e-11,3.548043089930477e-11,3.548194537363503e-11,3.5483458097379207e-11,3.5484969072313333e-11,3.5486478300012496e-11,3.548798578225332e-11,3.548949152083608e-11,3.5490995517486005e-11,3.5492497773934646e-11,3.549399829192122e-11,3.54954970731812e-11,3.549699411946812e-11,3.5498489432444894e-11,3.5499983013914965e-11,3.5501474865534255e-11,3.550296498910312e-11,3.550445338632638e-11,3.550594005888431e-11,3.550742500853316e-11,3.550890823697986e-11,3.5510389745939625e-11,3.5511869537130023e-11,3.551334761224185e-11,3.5514823973088e-11,3.55162986211322e-11,3.55177715583306e-11,3.551924278632987e-11,3.5520712306759666e-11,3.552218012134493e-11,3.552364623188101e-11,3.5525110639851986e-11,3.552657334725004e-11,3.5528034355563413e-11,3.5529493666547964e-11,3.553095128185027e-11,3.5532407203213745e-11,3.5533861432280464e-11,3.553531397077008e-11,3.553676482029649e-11,3.553821398271962e-11,3.553966145954862e-11,3.5541107252509387e-11,3.554255136327986e-11,3.5543993793567914e-11,3.5545434544948084e-11,3.5546873619183386e-11,3.554831101799828e-11,3.5549746742960816e-11,3.555118079568552e-11,3.555261317792104e-11,3.555404389136582e-11,3.555547293755999e-11,3.555690031826715e-11,3.555832603511822e-11,3.5559750089763445e-11,3.556117248393592e-11,3.556259321912445e-11,3.556401229676982e-11,3.556542971943179e-11,3.556684548785622e-11,3.5568259603943826e-11,3.556967206935072e-11,3.557108288573293e-11,3.55724920547427e-11,3.557389957797762e-11,3.5575305457199875e-11,3.557670969391039e-11,3.557811228981235e-11,3.5579513246466036e-11,3.558091256559907e-11,3.5582310248699836e-11,3.558370629750654e-11,3.558510071361878e-11,3.558649349867692e-11,3.558788465430167e-11,3.5589274182076215e-11,3.559066208388876e-11,3.5592048360504804e-11,3.559343301454229e-11,3.559481604714097e-11,3.559619745998748e-11,3.559757725470433e-11,3.559895543284526e-11,3.5600331996069984e-11,3.560170694596307e-11,3.5603080284104596e-11,3.5604452012147144e-11,3.5605822131677007e-11,3.560719064426651e-11,3.5608557551525e-11,3.560992285504301e-11,3.561128655640653e-11,3.561264865722442e-11,3.561400915908267e-11,3.56153680636381e-11,3.5616725372593625e-11,3.5618081086795596e-11,3.561943520865268e-11,3.562078773946947e-11,3.562213868083335e-11,3.5623488034342063e-11,3.562483580152753e-11,3.562618198392592e-11,3.5627526583206894e-11,3.562886960092007e-11,3.5630211038599236e-11,3.563155089782308e-11,3.563288918016924e-11,3.563422588713161e-11,3.563556102040657e-11,3.563689458148862e-11,3.563822657196643e-11,3.5639556993290165e-11,3.564088584713301e-11,3.564221313501686e-11,3.5643538858488855e-11,3.564486301910859e-11,3.564618561842089e-11,3.564750665797628e-11,3.564882613919981e-11,3.565014406435058e-11,3.5651460433513265e-11,3.565277524946901e-11,3.5654088513380486e-11,3.565540022686944e-11,3.5656710391196695e-11,3.565801900827048e-11,3.565932607930764e-11,3.566063160608939e-11,3.5661935590030414e-11,3.566323803274709e-11,3.566453893555301e-11,3.566583830016364e-11,3.566713612805876e-11,3.566843242074707e-11,3.5669727179767106e-11,3.5671020406632805e-11,3.5672312102849325e-11,3.5673602269945646e-11,3.567489090946394e-11,3.567617802287201e-11,3.567746361170386e-11,3.5678747677450795e-11,3.568003022161778e-11,3.568131124577222e-11,3.568259075136214e-11,3.5683868739899645e-11,3.568514521277057e-11,3.5686420171858395e-11,3.5687693618279426e-11,3.5688965553649386e-11,3.5690235979480546e-11,3.569150489723525e-11,3.5692772308444037e-11,3.569403821461144e-11,3.5695302617180476e-11,3.5696565517702655e-11,3.569782691756933e-11,3.5699086818329314e-11,3.570034522145653e-11,3.5701602128425526e-11,3.570285754073901e-11,3.570411145986235e-11,3.570536388739914e-11,3.570661482448032e-11,3.570786427288343e-11,3.570911223405195e-11,3.571035870939772e-11,3.571160370036696e-11,3.571284720846593e-11,3.5714089235151254e-11,3.5715329781913165e-11,3.57165688502964e-11,3.571780644142702e-11,3.571904255709542e-11,3.5720277198953615e-11,3.5721510367584756e-11,3.572274206547472e-11,3.5723972293566424e-11,3.572520105338821e-11,3.5726428346365954e-11,3.57276541739754e-11,3.572887853765506e-11,3.573010143886921e-11,3.573132287905821e-11,3.573254285985349e-11,3.573376138212668e-11,3.573497844790589e-11,3.57361940584166e-11,3.573740821511711e-11,3.573862091945211e-11,3.57398321728251e-11,3.5741041976677214e-11,3.5742250332478324e-11,3.574345724163366e-11,3.574466270555658e-11,3.57458667256545e-11,3.574706930348386e-11,3.5748270440341246e-11,3.5749470137637675e-11,3.575066839686786e-11,3.575186521950991e-11,3.575306060673733e-11,3.57542545601996e-11,3.575544708125595e-11,3.575663817131537e-11,3.575782783174369e-11,3.575901606406121e-11,3.576020286959425e-11,3.5761388249792254e-11,3.576257220604297e-11,3.576375473972805e-11,3.5764935852275166e-11,3.576611554509136e-11,3.5767293819574684e-11,3.57684706771338e-11,3.576964611916131e-11,3.577082014705609e-11,3.577199276223418e-11,3.5773163966042815e-11,3.5774333759908246e-11,3.5775502145218774e-11,3.577666912336038e-11,3.577783469572443e-11,3.577899886369828e-11,3.578016162868956e-11,3.578132299206051e-11,3.578248295619981e-11,3.578364151949314e-11,3.5784798686243766e-11,3.578595445691869e-11,3.578710883291543e-11,3.578826181550143e-11,3.578941340618142e-11,3.5790563606227166e-11,3.579171241707008e-11,3.579285984008435e-11,3.579400587662114e-11,3.579515052802677e-11,3.579629379569553e-11,3.579743568096045e-11,3.57985761852607e-11,3.57997153098591e-11,3.580085305616418e-11,3.580198942555726e-11,3.5803124419350704e-11,3.580425803898298e-11,3.5805390285695626e-11,3.580652116090202e-11,3.580765066593244e-11,3.580877880214319e-11,3.580990557089913e-11,3.5811030973551725e-11,3.581215501145295e-11,3.581327768589017e-11,3.581439899828942e-11,3.581551894997789e-11,3.5816637542237406e-11,3.581775477645e-11,3.581887065393915e-11,3.58199851760413e-11,3.582109834411303e-11,3.5822210159495507e-11,3.582332062347467e-11,3.5824429737422155e-11,3.5825537502688867e-11,3.582664392053906e-11,3.5827748992324203e-11,3.5828852719399596e-11,3.5829955103012395e-11,3.58310561446336e-11,3.58321558454614e-11,3.5833254206846185e-11,3.5834351230110924e-11,3.583544691655993e-11,3.58365412676046e-11,3.583763428441161e-11,3.583872596841738e-11,3.5839816320758404e-11,3.584090534293115e-11,3.5841993036180585e-11,3.584307940182835e-11,3.584416444116576e-11,3.5845248155519314e-11,3.58463305461906e-11,3.584741161444634e-11,3.58484913616123e-11,3.584956978897756e-11,3.585064689786229e-11,3.585172268955511e-11,3.5852797165363896e-11,3.585387032685143e-11,3.585494217451942e-11,3.5856012710367257e-11,3.585708193546972e-11,3.5858149851182974e-11,3.5859216458751957e-11,3.5860281759461326e-11,3.5861345754605595e-11,3.5862408445459876e-11,3.5863469833314026e-11,3.5864529919464814e-11,3.5865588705103844e-11,3.586664619165359e-11,3.5867702380303866e-11,3.586875727234621e-11,3.586981086910866e-11,3.5870863171699775e-11,3.587191418157059e-11,3.587296390000045e-11,3.5874012328145377e-11,3.587505946730194e-11,3.5876105318766434e-11,3.5877149883769355e-11,3.587819316360166e-11,3.587923515951949e-11,3.588027587279005e-11,3.588131530467709e-11,3.5882353456436676e-11,3.588339032932973e-11,3.588442592461995e-11,3.588546024354865e-11,3.588649328737685e-11,3.588752505737164e-11,3.588855555477971e-11,3.588958478082478e-11,3.589061273679316e-11,3.5891639423952166e-11,3.589266484345902e-11,3.589368899661453e-11,3.589471188466193e-11,3.5895733508933424e-11,3.589675387042318e-11,3.58977729705984e-11,3.589879081063541e-11,3.58998073917725e-11,3.5900822715241236e-11,3.590183678229556e-11,3.590284959415009e-11,3.590386115201779e-11,3.590487145716197e-11,3.59058805107856e-11,3.590688831411999e-11,3.5907894868434696e-11,3.5908900174981806e-11,3.590990423489571e-11,3.591090704945049e-11,3.5911908619847e-11,3.591290894733862e-11,3.5913908033133594e-11,3.5914905878442924e-11,3.591590248449505e-11,3.591689785249619e-11,3.591789198366771e-11,3.591888487923223e-11,3.591987654038396e-11,3.5920866968342577e-11,3.592185616442e-11,3.5922844129522936e-11,3.5923830865141376e-11,3.592481637246075e-11,3.5925800653552795e-11,3.592678370675316e-11,3.5927765536131286e-11,3.59287461416884e-11,3.592972552564152e-11,3.5930703688153366e-11,3.5931680630686074e-11,3.5932656354467275e-11,3.593363086069478e-11,3.593460415057305e-11,3.5935576225239936e-11,3.59365470861686e-11,3.5937516734020974e-11,3.593848517038127e-11,3.593945239635722e-11,3.594041841311793e-11,3.5941383221860074e-11,3.594234682374222e-11,3.594330921999271e-11,3.5944270411767747e-11,3.5945230400251e-11,3.5946189186627637e-11,3.5947146772069675e-11,3.5948103157732557e-11,3.594905834483033e-11,3.5950012334535e-11,3.5950965128032997e-11,3.5951916726466814e-11,3.595286713101617e-11,3.5953816342870657e-11,3.5954764363172135e-11,3.595571119307751e-11,3.5956656833785914e-11,3.595760128646376e-11,3.5958544552269395e-11,3.595948663236514e-11,3.5960427527781484e-11,3.5961367240075904e-11,3.5962305770015146e-11,3.5963243118861966e-11,3.5964179287815155e-11,3.596511427801195e-11,3.5966048090598106e-11,3.596698072675075e-11,3.5967912187608004e-11,3.596884247432668e-11,3.596977158805139e-11,3.597069952993831e-11,3.597162630114083e-11,3.5972551902795996e-11,3.5973476336046605e-11,3.5974399602031723e-11,3.597532170192031e-11,3.597624263684108e-11,3.597716240793773e-11,3.5978081016322314e-11,3.597899846318386e-11,3.597991474963353e-11,3.5980829876811916e-11,3.59817438458543e-11,3.598265665792572e-11,3.598356831408724e-11,3.598447881549659e-11,3.598538816272956e-11,3.598629635862518e-11,3.59872034026702e-11,3.5988109296434316e-11,3.598901404112462e-11,3.598991763786644e-11,3.5990820087744416e-11,3.5991721391884914e-11,3.5992621551441304e-11,3.5993520567517683e-11,3.5994418441233203e-11,3.599531517369108e-11,3.599621076604415e-11,3.5997105219387635e-11,3.599799853480867e-11,3.5998890713481404e-11,3.599978175648488e-11,3.6000671664920215e-11,3.600156043992889e-11,3.600244808257436e-11,3.600333459401943e-11,3.600421997534825e-11,3.6005104227664996e-11,3.60059873520692e-11,3.600686934967118e-11,3.6007750221583385e-11,3.6008629968885774e-11,3.6009508592671517e-11,3.6010386094070543e-11,3.601126247414915e-11,3.601213773402674e-11,3.601301187482879e-11,3.601388489762334e-11,3.601475680347544e-11,3.601562759349845e-11,3.601649726878287e-11,3.601736583042652e-11,3.601823327950949e-11,3.601909961712539e-11,3.601996484436025e-11,3.6020828962338605e-11,3.602169197203287e-11,3.602255387468046e-11,3.602341467031859e-11,3.6024274362811557e-11,3.602513295055663e-11,3.602599043551503e-11,3.602684681870819e-11,3.602770210125714e-11,3.602855628427632e-11,3.6029409368806255e-11,3.603026135586684e-11,3.6031112246729216e-11,3.603196204200486e-11,3.603281074323207e-11,3.603365835136611e-11,3.6034504867443047e-11,3.603535029247192e-11,3.603619462761856e-11,3.6037037873804087e-11,3.603788003223104e-11,3.6038721103915925e-11,3.6039561089869824e-11,3.6040399991312527e-11,3.604123780915464e-11,3.6042074544510244e-11,3.6042910198410216e-11,3.604374477193347e-11,3.604457826612522e-11,3.604541068224357e-11,3.604624202078752e-11,3.604707228330533e-11,3.604790147077086e-11,3.6048729584124e-11,3.604955662451095e-11,3.6050382592884704e-11,3.6051207490337435e-11,3.6052031317920274e-11,3.6052854076671766e-11,3.605367576768448e-11,3.60544963919132e-11,3.605531595044286e-11,3.6056134444314354e-11,3.605695187455771e-11,3.605776824223132e-11,3.6058583548341206e-11,3.605939779399382e-11,3.606021098019442e-11,3.6061023107925646e-11,3.606183417827779e-11,3.6062644192275055e-11,3.6063453150932925e-11,3.606426105524628e-11,3.6065067906280845e-11,3.6065873705064126e-11,3.606667845265335e-11,3.6067482150074194e-11,3.606828479831454e-11,3.6069086398372994e-11,3.606988695130786e-11,3.6070686458133413e-11,3.607148491989287e-11,3.6072282337638864e-11,3.6073078712296584e-11,3.60738740449594e-11,3.607466833657452e-11,3.607546158822731e-11,3.607625380090381e-11,3.607704497562166e-11,3.6077835113397787e-11,3.607862421527538e-11,3.607941228222742e-11,3.608019931527075e-11,3.608098531535577e-11,3.6081770283522017e-11,3.608255422083867e-11,3.6083337128262813e-11,3.608411900681242e-11,3.608489985749235e-11,3.608567968129353e-11,3.6086458479253246e-11,3.6087236252352787e-11,3.608801300156765e-11,3.608878872792503e-11,3.6089563432341645e-11,3.609033711589647e-11,3.609110977959721e-11,3.609188142438699e-11,3.609265205130108e-11,3.6093421661362525e-11,3.609419025548427e-11,3.6094957834720784e-11,3.6095724400029136e-11,3.609648995235901e-11,3.609725449276222e-11,3.6098018022177613e-11,3.609878054161806e-11,3.609954205208957e-11,3.610030255452992e-11,3.610106204993547e-11,3.6101820539310186e-11,3.6102578023609646e-11,3.610333450387893e-11,3.610408998102221e-11,3.61048444560148e-11,3.6105597929864297e-11,3.610635040356887e-11,3.6107101878054765e-11,3.610785235433956e-11,3.610860183334385e-11,3.610935031609205e-11,3.611009780346692e-11,3.6110844296637994e-11,3.611158979634575e-11,3.611233430361358e-11,3.6113077819491546e-11,3.6113820344891044e-11,3.6114561880833435e-11,3.611530242821417e-11,3.611604198800589e-11,3.6116780561198667e-11,3.6117518148735645e-11,3.611825475161379e-11,3.611899037072643e-11,3.61197250070629e-11,3.612045866159222e-11,3.612119133529165e-11,3.6121923029071106e-11,3.612265374387921e-11,3.612338348072676e-11,3.6124112241164355e-11,3.6124840024282755e-11,3.6125566832828416e-11,3.6126292667181924e-11,3.612701752830028e-11,3.612774141712441e-11,3.612846433464368e-11,3.612918628175794e-11,3.6129907259390353e-11,3.613062726842624e-11,3.61313463100642e-11,3.61320643850247e-11,3.6132781494283615e-11,3.6133497638791583e-11,3.6134212819491624e-11,3.6134927037334225e-11,3.613564029325975e-11,3.6136352588192325e-11,3.613706392306903e-11,3.613777429884421e-11,3.6138483716414744e-11,3.61391921767369e-11,3.613989968078601e-11,3.614060622939796e-11,3.6141311823541546e-11,3.614201646417257e-11,3.614272015213124e-11,3.6143422888463324e-11,3.6144124674103144e-11,3.6144825509863703e-11,3.614552539674296e-11,3.6146224335638606e-11,3.614692232750695e-11,3.614761937322513e-11,3.614831547376298e-11,3.6149010629981294e-11,3.614970484282006e-11,3.6150398113200225e-11,3.6151090442078505e-11,3.6151781830319776e-11,3.615247227887102e-11,3.61531617886363e-11,3.615385036051148e-11,3.6154537995419935e-11,3.615522469427353e-11,3.615591045798989e-11,3.615659528747598e-11,3.615727918364652e-11,3.6157962147387236e-11,3.615864417962729e-11,3.615932528126444e-11,3.6160005453204035e-11,3.616068469633576e-11,3.6161363011594784e-11,3.6162040399876914e-11,3.6162716862074605e-11,3.616339239909651e-11,3.616406701183001e-11,3.6164740701177686e-11,3.616541346805198e-11,3.6166085313299295e-11,3.6166756237874886e-11,3.616742624266022e-11,3.616809532854598e-11,3.616876349642507e-11,3.616943074718504e-11,3.6170097081568837e-11,3.617076250093208e-11,3.6171427005698304e-11,3.6172090596904226e-11,3.61727532754064e-11,3.617341504219168e-11,3.6174075898061586e-11,3.6174735843922576e-11,3.617539488066015e-11,3.617605300908988e-11,3.617671023030866e-11,3.61773665449864e-11,3.617802195410023e-11,3.6178676458463894e-11,3.61793300590068e-11,3.6179982756630127e-11,3.618063455219211e-11,3.6181285446509985e-11,3.6181935440507135e-11,3.6182584535052186e-11,3.618323273102305e-11,3.6183880029282965e-11,3.618452643072627e-11,3.6185171936213264e-11,3.618581654662531e-11,3.6186460262815726e-11,3.618710308565974e-11,3.618774501604673e-11,3.618838605479383e-11,3.6189026202815626e-11,3.618966546093064e-11,3.619030383004805e-11,3.619094131100935e-11,3.619157790468188e-11,3.619221361192357e-11,3.619284843360468e-11,3.619348237058582e-11,3.619411542370926e-11,3.6194747593856756e-11,3.619537888188681e-11,3.6196009288646825e-11,3.619663881497554e-11,3.619726746175306e-11,3.61978952298127e-11,3.6198522120028316e-11,3.619914813324565e-11,3.6199773270323186e-11,3.62003975320669e-11,3.6201020919378845e-11,3.6201643433071243e-11,3.620226507404277e-11,3.6202885843044056e-11,3.6203505741080606e-11,3.620412476888864e-11,3.6204742927351156e-11,3.620536021730053e-11,3.620597663954633e-11,3.6206592194960816e-11,3.620720688438419e-11,3.62078207086537e-11,3.6208433668603915e-11,3.6209045765091507e-11,3.620965699893986e-11,3.621026737100225e-11,3.621087688210399e-11,3.621148553306769e-11,3.621209332489007e-11,3.621270025803044e-11,3.621330633362437e-11,3.621391155243944e-11,3.6214515915318056e-11,3.621511942301739e-11,3.621572207643924e-11,3.621632387637584e-11,3.6216924823721104e-11,3.621752491925159e-11,3.621812416377294e-11,3.621872255815139e-11,3.6219320103199907e-11,3.621991679974731e-11,3.622051264860536e-11,3.622110765059679e-11,3.622170180655452e-11,3.622229511728291e-11,3.622288758360945e-11,3.622347920635581e-11,3.6224069986354715e-11,3.6224659924400164e-11,3.62252490213179e-11,3.622583727792143e-11,3.622642469503385e-11,3.6227011273457775e-11,3.622759701401897e-11,3.6228181917526045e-11,3.622876598479208e-11,3.622934921650091e-11,3.622993161377724e-11,3.6230513177183146e-11,3.6231093907575277e-11,3.623167380566901e-11,3.6232252872575575e-11,3.623283110881806e-11,3.623340851529264e-11,3.6233985092770187e-11,3.6234560842094055e-11,3.623513576405374e-11,3.623570985945149e-11,3.623628312909185e-11,3.623685557377056e-11,3.623742719429403e-11,3.6237997991451415e-11,3.623856796604366e-11,3.623913711886943e-11,3.623970545076448e-11,3.624027296249164e-11,3.6240839654827485e-11,3.624140552857879e-11,3.624197058454712e-11,3.624253482352468e-11,3.6243098246293946e-11,3.624366085365753e-11,3.624422264638965e-11,3.6244783625300306e-11,3.624534379117928e-11,3.624590314480781e-11,3.624646168696714e-11,3.6247019418448024e-11,3.624757634003577e-11,3.6248132452518303e-11,3.624868775667637e-11,3.6249242253297476e-11,3.6249795943160616e-11,3.625034882704886e-11,3.625090090574183e-11,3.6251452180071425e-11,3.625200265068468e-11,3.625255231852825e-11,3.6253101184191756e-11,3.6253649248603146e-11,3.625419651250344e-11,3.6254742976034725e-11,3.62552886417575e-11,3.6255833508793435e-11,3.6256377578362224e-11,3.62569208512793e-11,3.625746332831893e-11,3.625800501025086e-11,3.6258545897843524e-11,3.625908599186866e-11,3.6259625293097604e-11,3.626016380230278e-11,3.6260701520236166e-11,3.626123844767524e-11,3.6261774585384794e-11,3.626230993416377e-11,3.626284449467322e-11,3.6263378267769755e-11,3.626391125419184e-11,3.626444345470289e-11,3.6264974870071363e-11,3.626550550104199e-11,3.6266035348384305e-11,3.626656441285742e-11,3.626709269521748e-11,3.6267620196219776e-11,3.626814691662212e-11,3.626867285718514e-11,3.626919801866288e-11,3.626972240180422e-11,3.6270246007332175e-11,3.627076883606978e-11,3.627129088873045e-11,3.627181216607397e-11,3.6272332668844546e-11,3.627285239779766e-11,3.6273371353680725e-11,3.627388953723567e-11,3.6274406949220984e-11,3.6274923590376064e-11,3.627543946145262e-11,3.627595456315388e-11,3.6276468896346676e-11,3.627698246161982e-11,3.6277495259814236e-11,3.6278007291651653e-11,3.62785185578557e-11,3.6279029059221e-11,3.627953879639504e-11,3.6280047770203234e-11,3.6280555981353023e-11,3.62810634305759e-11,3.62815701186251e-11,3.628207604622571e-11,3.6282581214118506e-11,3.628308562304095e-11,3.628358927372324e-11,3.628409216689795e-11,3.6284594303295496e-11,3.628509568365844e-11,3.6285596308721514e-11,3.628609617920652e-11,3.628659529584708e-11,3.6287093659375704e-11,3.628759127051144e-11,3.628808812998856e-11,3.6288584238490473e-11,3.6289079596796275e-11,3.628957420565451e-11,3.629006806576138e-11,3.629056117784084e-11,3.6291053542616716e-11,3.62915451608128e-11,3.629203603314675e-11,3.629252616031764e-11,3.629301554309031e-11,3.629350418217303e-11,3.6293992078276355e-11,3.629447923212354e-11,3.6294965644430277e-11,3.629545131591797e-11,3.629593624727734e-11,3.629642043925298e-11,3.629690389256826e-11,3.629738660790948e-11,3.629786858602476e-11,3.629834982760804e-11,3.629883033336737e-11,3.629931010411249e-11,3.629978914029018e-11,3.630026744284422e-11,3.630074501241107e-11,3.6301221849731864e-11,3.63016979554987e-11,3.6302173330506625e-11,3.630264797519002e-11,3.6303121890510024e-11,3.630359507709911e-11,3.630406753566572e-11,3.630453926690534e-11,3.630501027152677e-11,3.630548055022707e-11,3.6305950103696664e-11,3.630641893285244e-11,3.630688703784822e-11,3.630735441988928e-11,3.6307821079520877e-11,3.630828701743274e-11,3.6308752234330023e-11,3.630921673090393e-11,3.630968050785488e-11,3.631014356587637e-11,3.631060590566981e-11,3.631106752791796e-11,3.631152843332193e-11,3.6311988622576615e-11,3.631244809636885e-11,3.6312906855396195e-11,3.6313364900343715e-11,3.631382223190556e-11,3.631427885077029e-11,3.631473475762702e-11,3.631518995316632e-11,3.631564443816002e-11,3.631609821304498e-11,3.631655127874422e-11,3.631700363587452e-11,3.63174552851164e-11,3.631790622715542e-11,3.6318356462685044e-11,3.631880599237984e-11,3.6319254816908935e-11,3.63197029369628e-11,3.632015035323054e-11,3.6320597066371867e-11,3.6321043077085043e-11,3.632148838604753e-11,3.632193299393568e-11,3.6322376901425506e-11,3.6322820109196594e-11,3.632326261793416e-11,3.6323704428282956e-11,3.6324145540942186e-11,3.632458595658449e-11,3.6325025675882787e-11,3.632546469947069e-11,3.632590302812582e-11,3.63263406624168e-11,3.6326777603045136e-11,3.6327213850683424e-11,3.632764940600652e-11,3.632808426967834e-11,3.632851844236957e-11,3.632895192474747e-11,3.6329384717477514e-11,3.632981682122802e-11,3.633024823666256e-11,3.633067896444726e-11,3.633110900524564e-11,3.633153835972853e-11,3.6331967028525534e-11,3.633239501236709e-11,3.6332822311854916e-11,3.6333248927669124e-11,3.6333674860464305e-11,3.633410011091399e-11,3.633452467966059e-11,3.633494856737619e-11,3.633537177471561e-11,3.633579430233313e-11,3.63362161508843e-11,3.6336637321030926e-11,3.633705781341897e-11,3.633747762871388e-11,3.633789676756112e-11,3.6338315231955703e-11,3.633873301853888e-11,3.633915013196526e-11,3.633956657155436e-11,3.6339982337967196e-11,3.6340397431844486e-11,3.634081185330522e-11,3.6341225604548644e-11,3.6341638684769246e-11,3.634205109500486e-11,3.6342462835944346e-11,3.6342873908216025e-11,3.634328431251927e-11,3.634369404945667e-11,3.634410311968212e-11,3.634451152383856e-11,3.6344919262569554e-11,3.634532633652037e-11,3.634573274633152e-11,3.634613849264193e-11,3.634654357609798e-11,3.6346947997332554e-11,3.634735175697003e-11,3.634775485570067e-11,3.634815729388885e-11,3.6348559072848864e-11,3.6348960192598145e-11,3.6349360653918813e-11,3.634976045748278e-11,3.635015960392774e-11,3.6350558093887276e-11,3.6350955927994e-11,3.635135310688188e-11,3.6351749631175905e-11,3.63521455015212e-11,3.635254071854e-11,3.635293528286714e-11,3.635332919512404e-11,3.6353722455955724e-11,3.635411506597925e-11,3.6354507025816035e-11,3.6354898336159725e-11,3.635528899754004e-11,3.6355679010621805e-11,3.635606837616896e-11,3.635645709439855e-11,3.635684516632789e-11,3.635723259247283e-11,3.635761937344456e-11,3.6358005509858125e-11,3.6358391002348566e-11,3.6358775851530847e-11,3.635916005802643e-11,3.635954362259293e-11,3.635992654543569e-11,3.636030882756725e-11,3.636069046951256e-11,3.6361071471826686e-11,3.636145183519975e-11,3.636183156021248e-11,3.6362210647457046e-11,3.6362589097600074e-11,3.636296691123003e-11,3.636334408895961e-11,3.63637206314059e-11,3.6364096539174e-11,3.636447181288711e-11,3.6364846453144536e-11,3.636522046057312e-11,3.6365593835768823e-11,3.6365966579290193e-11,3.636633869192847e-11,3.6366710174157986e-11,3.636708102649944e-11,3.6367451249703475e-11,3.636782084417484e-11,3.6368189810749815e-11,3.6368558150285683e-11,3.6368925862837376e-11,3.636929294919137e-11,3.636965941002064e-11,3.637002524590443e-11,3.637039045744481e-11,3.6370755045242756e-11,3.637111900990129e-11,3.6371482352025814e-11,3.6371845072201246e-11,3.6372207171032995e-11,3.6372568649269394e-11,3.6372929507110316e-11,3.637328974551883e-11,3.6373649364992566e-11,3.6374008366119354e-11,3.637436674949425e-11,3.637472451571176e-11,3.637508166535289e-11,3.637543819904407e-11,3.6375794117348905e-11,3.637614942089557e-11,3.637650411025116e-11,3.6376858186010874e-11,3.6377211648767946e-11,3.637756449911727e-11,3.637791673764529e-11,3.6378268364916786e-11,3.6378619381623646e-11,3.637896978820557e-11,3.637931958521163e-11,3.6379668773582505e-11,3.638001735353904e-11,3.63803653257894e-11,3.6380712690456716e-11,3.638105944955683e-11,3.63814056022244e-11,3.638175114954295e-11,3.6382096092078285e-11,3.638244043040625e-11,3.638278416512664e-11,3.638312729681411e-11,3.638346982597227e-11,3.638381175342584e-11,3.638415307951867e-11,3.6384493804890587e-11,3.638483393012254e-11,3.638517345582096e-11,3.63855123825355e-11,3.6385850710853685e-11,3.638618844135209e-11,3.638652557461965e-11,3.638686211120144e-11,3.638719805169577e-11,3.6387533396673985e-11,3.6387868146711183e-11,3.638820230237169e-11,3.638853586423359e-11,3.638886883286927e-11,3.638920120885273e-11,3.6389532992749554e-11,3.6389864185139147e-11,3.639019478658631e-11,3.6390524797660063e-11,3.63908542189319e-11,3.63911830509675e-11,3.639151129471384e-11,3.639183894964734e-11,3.639216601735332e-11,3.639249249812758e-11,3.639281839249088e-11,3.639314370103865e-11,3.6393468424278955e-11,3.639379256282913e-11,3.639411611723504e-11,3.6394439088058436e-11,3.639476147586277e-11,3.639508328121513e-11,3.6395404504668664e-11,3.639572514678738e-11,3.639604520813009e-11,3.6396364689236354e-11,3.63966835907061e-11,3.639700191308634e-11,3.6397319656914164e-11,3.6397636822764034e-11,3.6397953411187585e-11,3.639826942274399e-11,3.639858485798593e-11,3.6398899717444134e-11,3.639921400172304e-11,3.639952771135332e-11,3.639984084688584e-11,3.640015340887647e-11,3.640046539787918e-11,3.640077681445452e-11,3.640108765913185e-11,3.6401397932473735e-11,3.6401707635021646e-11,3.640201676734295e-11,3.6402325329994797e-11,3.6402633323491067e-11,3.640294074840007e-11,3.640324760526227e-11,3.640355389463339e-11,3.6403859617057754e-11,3.640416477307731e-11,3.640446936324837e-11,3.6404773388117364e-11,3.6405076848207454e-11,3.6405379744074347e-11,3.640568207625811e-11,3.6405983845356654e-11,3.640628505176623e-11,3.6406585696165104e-11,3.64068857790607e-11,3.640718530098829e-11,3.640748426248258e-11,3.640778266408773e-11,3.6408080506341936e-11,3.640837778978358e-11,3.6408674514952214e-11,3.6408970682389225e-11,3.640926629261966e-11,3.6409561346199073e-11,3.640985584364782e-11,3.641014978549508e-11,3.64104431722778e-11,3.641073600457514e-11,3.64110282828648e-11,3.641132000770107e-11,3.6411611179615297e-11,3.64119017991404e-11,3.6412191866809206e-11,3.6412481383154284e-11,3.6412770348705364e-11,3.641305876394323e-11,3.641334662953472e-11,3.641363394578075e-11,3.6413920713550387e-11,3.6414206933083537e-11,3.641449260499387e-11,3.641477772980419e-11,3.641506230815344e-11,3.6415346340266604e-11,3.6415629826947676e-11,3.6415912768647394e-11,3.6416195165884554e-11,3.641647701917951e-11,3.641675832909986e-11,3.6417039096041755e-11,3.6417319320662334e-11,3.6417599003434905e-11,3.641787814488049e-11,3.641815674552086e-11,3.641843480587552e-11,3.641871232646179e-11,3.641898930780813e-11,3.641926575042824e-11,3.641954165483895e-11,3.641981702156273e-11,3.6420091851115e-11,3.6420366143828065e-11,3.6420639900753115e-11,3.6420913121901315e-11,3.642118580805757e-11,3.642145795937502e-11,3.642172957673203e-11,3.6422000660530305e-11,3.642227121128004e-11,3.642254122949581e-11,3.64228107156889e-11,3.642307967037762e-11,3.642334809405874e-11,3.642361598725011e-11,3.6423883350458985e-11,3.642415018420485e-11,3.6424416488993524e-11,3.6424682265343905e-11,3.642494751373134e-11,3.6425212234696626e-11,3.642547642874858e-11,3.6425740096371104e-11,3.6426003238082804e-11,3.642626585439067e-11,3.6426527945797746e-11,3.642678951279744e-11,3.642705055595502e-11,3.642731107567931e-11,3.642757107252993e-11,3.642783054700572e-11,3.6428089499604345e-11,3.6428347930827344e-11,3.642860584118226e-11,3.642886323117085e-11,3.6429120101282346e-11,3.642937645208062e-11,3.642963228393366e-11,3.642988759742464e-11,3.643014239303173e-11,3.643039667130769e-11,3.643065043264795e-11,3.643090367766906e-11,3.643115640679262e-11,3.643140862052992e-11,3.643166031937718e-11,3.643191150383101e-11,3.6432162174385556e-11,3.643241233153579e-11,3.643266197577402e-11,3.643291110759475e-11,3.64331597274938e-11,3.643340783596066e-11,3.643365543348842e-11,3.6433902520577667e-11,3.643414909766052e-11,3.643439516541413e-11,3.6434640724036845e-11,3.6434885774226034e-11,3.643513031642196e-11,3.6435374351142207e-11,3.6435617878778493e-11,3.643586089991301e-11,3.643610341500224e-11,3.643634542453422e-11,3.643658692899603e-11,3.643682792887232e-11,3.64370684246227e-11,3.643730841678104e-11,3.643754790580882e-11,3.643778689218952e-11,3.643802537640506e-11,3.6438263358939496e-11,3.6438500840219595e-11,3.64387378208223e-11,3.64389743012456e-11,3.643921028188738e-11,3.643944576325529e-11,3.643968074582862e-11,3.643991523009552e-11,3.644014921652287e-11,3.644038270557174e-11,3.644061569778655e-11,3.644084819358618e-11,3.6441080193467104e-11,3.644131169790128e-11,3.644154270736714e-11,3.644177322234186e-11,3.6442003243302154e-11,3.644223277072099e-11,3.644246180506956e-11,3.644269034682991e-11,3.64429183964917e-11,3.6443145954492154e-11,3.6443373021320555e-11,3.644359959746445e-11,3.644382568334414e-11,3.6444051279534196e-11,3.64442763863548e-11,3.644450100441812e-11,3.644472513410558e-11,3.644494877586579e-11,3.6445171930358455e-11,3.644539459785627e-11,3.644561677885323e-11,3.644583847388397e-11,3.6446059683368207e-11,3.6446280407783575e-11,3.644650064760209e-11,3.644672040328658e-11,3.6446939675304453e-11,3.6447158464108354e-11,3.6447376770195356e-11,3.644759459400908e-11,3.6447811935997615e-11,3.644802879664223e-11,3.6448245176407176e-11,3.644846107574542e-11,3.644867649473563e-11,3.644889143498016e-11,3.6449105895851804e-11,3.644931987814095e-11,3.6449533382291675e-11,3.6449746408787123e-11,3.644995895808564e-11,3.64501710306448e-11,3.645038262692212e-11,3.6450593747378564e-11,3.64508043924705e-11,3.6451014562654855e-11,3.6451224258386844e-11,3.645143348013539e-11,3.645164222841522e-11,3.64518505034656e-11,3.6452058305945674e-11,3.6452265636265146e-11,3.6452472494843967e-11,3.6452678882165695e-11,3.645288479867792e-11,3.645309024482244e-11,3.64532952210689e-11,3.645349972787625e-11,3.645370376564538e-11,3.6453907334847094e-11,3.645411043595436e-11,3.645431306941471e-11,3.64545152356794e-11,3.645471693517861e-11,3.6454918168370154e-11,3.6455118935701664e-11,3.645531923764296e-11,3.645551907457768e-11,3.645571844701874e-11,3.6455917355387795e-11,3.645611580013548e-11,3.64563137817021e-11,3.6456511300533895e-11,3.645670835708224e-11,3.645690495178733e-11,3.6457101085081435e-11,3.645729675742857e-11,3.645749196926302e-11,3.645768672102538e-11,3.645788101316031e-11,3.6458074846108355e-11,3.645826822032504e-11,3.645846113622454e-11,3.645865359425916e-11,3.6458845594870926e-11,3.645903713839943e-11,3.6459228225573164e-11,3.645941885656025e-11,3.645960903187914e-11,3.645979875196296e-11,3.6459988017255765e-11,3.6460176827958506e-11,3.6460365185203187e-11,3.646055308874028e-11,3.646074053900958e-11,3.6460927537086997e-11,3.6461114082814595e-11,3.6461300176782814e-11,3.646148581952602e-11,3.646167101122097e-11,3.646185575256852e-11,3.646204004390905e-11,3.646222388567323e-11,3.6462407278297094e-11,3.646259022256031e-11,3.6462772717892864e-11,3.6462954765619164e-11,3.646313636598709e-11,3.646331751937139e-11,3.6463498226196525e-11,3.646367848625498e-11,3.6463858301886686e-11,3.6464037671610396e-11,3.6464216596491986e-11,3.646439507549419e-11,3.6464573113391514e-11,3.646475070638445e-11,3.6464927856136e-11,3.646510456317834e-11,3.6465280827942414e-11,3.646545665084389e-11,3.646563203231305e-11,3.646580697277241e-11,3.646598147264522e-11,3.6466155532356267e-11,3.646632915232761e-11,3.646650233298144e-11,3.646667507474469e-11,3.646684737802619e-11,3.6467019243258776e-11,3.6467190670861647e-11,3.646736166125762e-11,3.64675322148324e-11,3.646770233208284e-11,3.6467872013361413e-11,3.646804125911058e-11,3.64682100697412e-11,3.646837844560081e-11,3.646854638732754e-11,3.6468713895130086e-11,3.646888096948218e-11,3.646904761094893e-11,3.646921381953146e-11,3.646937959603495e-11,3.646954494076831e-11,3.646970985413177e-11,3.64698743365497e-11,3.647003838841349e-11,3.647020201018405e-11,3.6470365202222184e-11,3.647052796497159e-11,3.6470690298830876e-11,3.6470852204218355e-11,3.647101368154438e-11,3.6471174731226405e-11,3.647133535366303e-11,3.647149554927085e-11,3.6471655318459944e-11,3.6471814661643075e-11,3.647197357922464e-11,3.6472132071613376e-11,3.6472290139213116e-11,3.647244778244897e-11,3.647260500172073e-11,3.6472761797431826e-11,3.647291816999865e-11,3.6473074119727616e-11,3.6473229647129314e-11,3.6473384752881414e-11,3.647353943674489e-11,3.647369369974182e-11,3.6473847541964106e-11,3.647400096375724e-11,3.6474153965682465e-11,3.647430654812292e-11,3.6474458711438147e-11,3.6474610456061504e-11,3.647476178238937e-11,3.6474912690822476e-11,3.647506318176114e-11,3.6475213255607555e-11,3.647536291275705e-11,3.647551215361344e-11,3.647566097858002e-11,3.647580938803496e-11,3.647595738242322e-11,3.647610496210908e-11,3.647625212749504e-11,3.64763988789816e-11,3.6476545216967124e-11,3.647669114185054e-11,3.647683665402193e-11,3.647698175388445e-11,3.647712644183303e-11,3.647727071826093e-11,3.6477414583566105e-11,3.6477558038141e-11,3.647770108238063e-11,3.6477843716677614e-11,3.647798594143316e-11,3.6478127757035824e-11,3.647826916387827e-11,3.647841016235281e-11,3.6478550752854566e-11,3.6478690935775164e-11,3.6478830711503924e-11,3.647897008042914e-11,3.647910904295952e-11,3.64792475994568e-11,3.647938575032594e-11,3.647952349595795e-11,3.647966083673046e-11,3.6479797773051553e-11,3.647993430530212e-11,3.648007043386415e-11,3.648020615896202e-11,3.648034148137975e-11,3.6480476401320713e-11,3.648061091903702e-11,3.648074503499734e-11,3.6480878749593355e-11,3.648101206321061e-11,3.648114497623379e-11,3.648127748905018e-11,3.648140960171772e-11,3.6481541315573046e-11,3.6481672630090474e-11,3.648180354591611e-11,3.6481934063491383e-11,3.648206418308734e-11,3.648219390518424e-11,3.6482323230145495e-11,3.648245215834521e-11,3.648258069016147e-11,3.64827088259869e-11,3.648283656618994e-11,3.6482963911153007e-11,3.648309086125657e-11,3.648321741687822e-11,3.648334357841104e-11,3.6483469346210596e-11,3.648359472066522e-11,3.6483719702156006e-11,3.648384429105592e-11,3.6483968487743406e-11,3.648409229259996e-11,3.648421570599542e-11,3.648433872830957e-11,3.648446136026299e-11,3.6484583601150126e-11,3.6484705452941e-11,3.6484826914260275e-11,3.6484947986786306e-11,3.648506867048038e-11,3.648518896571796e-11,3.648530887286668e-11,3.6485428392300854e-11,3.6485547524391966e-11,3.6485666269514624e-11,3.648578462800617e-11,3.648590260033026e-11,3.64860201867795e-11,3.648613738766396e-11,3.648625420357607e-11,3.6486370634679754e-11,3.648648668128117e-11,3.6486602343941063e-11,3.648671762320046e-11,3.6486832519016144e-11,3.6486947031927204e-11,3.648706116229701e-11,3.6487174910503516e-11,3.648728827691325e-11,3.648740126188815e-11,3.6487513865745764e-11,3.648762608900362e-11,3.64877379318876e-11,3.648784939479926e-11,3.6487960478110795e-11,3.648807118217951e-11,3.648818150737465e-11,3.648829145405864e-11,3.648840102259613e-11,3.64885102133494e-11,3.6488619026685175e-11,3.648872746294922e-11,3.648883552252804e-11,3.648894320577038e-11,3.648905051304208e-11,3.6489157444699683e-11,3.648926400110934e-11,3.648937018271189e-11,3.648947598980201e-11,3.6489581422431147e-11,3.6489686481379083e-11,3.648979116696746e-11,3.648989547943377e-11,3.648999941916564e-11,3.649010298652082e-11,3.649020618185527e-11,3.6490309005526225e-11,3.64904114578925e-11,3.6490513539316125e-11,3.6490615250137673e-11,3.649071659073177e-11,3.6490817561436325e-11,3.649091816260471e-11,3.649101839461685e-11,3.649111825780602e-11,3.649121775253416e-11,3.649131687916262e-11,3.6491415638027804e-11,3.649151402949087e-11,3.64916120539079e-11,3.649170971162728e-11,3.6491807003002224e-11,3.6491903928390543e-11,3.6492000488135144e-11,3.6492096682589225e-11,3.649219251210586e-11,3.649228797703777e-11,3.649238307772989e-11,3.6492477814533586e-11,3.649257218780179e-11,3.649266619788189e-11,3.649275984512052e-11,3.6492853129867344e-11,3.6492946052470376e-11,3.649303861327436e-11,3.6493130812705746e-11,3.64932226509007e-11,3.6493314128400896e-11,3.649340524549684e-11,3.649349600253382e-11,3.649358639985429e-11,3.649367643780636e-11,3.649376611673176e-11,3.649385543766419e-11,3.6493944398883316e-11,3.649403300280981e-11,3.6494121249148735e-11,3.649420913825832e-11,3.649429667006127e-11,3.649438384541523e-11,3.64944706644546e-11,3.6494557127633285e-11,3.649464323521597e-11,3.649472898753538e-11,3.649481438495003e-11,3.6494899427803136e-11,3.64949841164285e-11,3.649506845116795e-11,3.649515243236197e-11,3.649523606035098e-11,3.64953193354738e-11,3.649540225806782e-11,3.649548482847285e-11,3.64955670470271e-11,3.649564891406793e-11,3.649573042993461e-11,3.649581159496207e-11,3.6495892409486874e-11,3.649597287390349e-11,3.649605298838105e-11,3.649613275341537e-11,3.6496212169295716e-11,3.6496291236354344e-11,3.6496369954928294e-11,3.6496448325349375e-11,3.649652634850954e-11,3.649660402307964e-11,3.6496681351057475e-11,3.649675833221552e-11,3.649683496689021e-11,3.649691125541457e-11,3.649698719811489e-11,3.6497062795288206e-11,3.649713804745273e-11,3.6497212954643875e-11,3.6497287517390126e-11,3.6497361735979e-11,3.649743561074403e-11,3.649750914199765e-11,3.649758233008767e-11,3.6497655175336945e-11,3.649772767807805e-11,3.6497799838633955e-11,3.6497871657310507e-11,3.649794313451633e-11,3.649801427050186e-11,3.6498085065617e-11,3.64981555201923e-11,3.649822563455909e-11,3.649829540902899e-11,3.649836484393964e-11,3.649843393961606e-11,3.649850269638322e-11,3.649857111456526e-11,3.649863919449162e-11,3.649870693648438e-11,3.6498774340868173e-11,3.64988414079687e-11,3.649890813810619e-11,3.649897453160983e-11,3.64990405888207e-11,3.649910631000058e-11,3.649917169553049e-11,3.649923674571588e-11,3.649930146098395e-11,3.649936584135e-11,3.649942988742917e-11,3.649949359945381e-11,3.649955697774171e-11,3.649962002261352e-11,3.649968273438885e-11,3.6499745113388275e-11,3.649980715992557e-11,3.649986887433061e-11,3.649993025667366e-11,3.649999130801313e-11,3.650005202739512e-11,3.650011241692908e-11,3.650017247545868e-11,3.6500232203722385e-11,3.6500291602073067e-11,3.650035067081961e-11,3.650040941031619e-11,3.650046782083924e-11,3.650052590289937e-11,3.650058365628629e-11,3.650064108176498e-11,3.65006981796473e-11,3.6500754950111296e-11,3.650081139350173e-11,3.650086751013808e-11,3.650092330033392e-11,3.6500978764402935e-11,3.650103390265711e-11,3.650108871541295e-11,3.650114320298042e-11,3.650119736567164e-11,3.650125120380565e-11,3.650130471768266e-11,3.650135790761988e-11,3.650141077392741e-11,3.650146331692398e-11,3.6501515536902934e-11,3.650156743418725e-11,3.6501619009085475e-11,3.650167026190593e-11,3.650172119296043e-11,3.650177180255166e-11,3.650182209099589e-11,3.6501872058600937e-11,3.6501921705669946e-11,3.650197103251497e-11,3.6502020039140163e-11,3.650206872673299e-11,3.6502117094780194e-11,3.6502165143798124e-11,3.65022128741248e-11,3.65022602847297e-11,3.650230737988283e-11,3.650235415604385e-11,3.65024006146195e-11,3.650244675615495e-11,3.6502492580776214e-11,3.650253808883948e-11,3.650258328065369e-11,3.650262815652403e-11,3.650267271664154e-11,3.650271696156381e-11,3.6502760891501835e-11,3.65028045066237e-11,3.650284780732176e-11,3.650289079441578e-11,3.6502933466770565e-11,3.6502975825820975e-11,3.650301787181212e-11,3.650305960488551e-11,3.6503101025340546e-11,3.650314213347165e-11,3.650318292957963e-11,3.6503223413967975e-11,3.6503263586934585e-11,3.650330344877983e-11,3.6503342999800566e-11,3.650338224029676e-11,3.6503421170567053e-11,3.6503459790907343e-11,3.6503498101618485e-11,3.650353610299654e-11,3.6503573795339113e-11,3.6503611178942554e-11,3.650364825410427e-11,3.65036850198891e-11,3.650372148020303e-11,3.650375763192132e-11,3.6503793476275154e-11,3.650382901365965e-11,3.650386424472609e-11,3.650389916869336e-11,3.650393378695317e-11,3.6503968099246325e-11,3.6504002106429975e-11,3.650403580824824e-11,3.650406920515389e-11,3.650410229745846e-11,3.650413508542641e-11,3.650416756937529e-11,3.650419974923593e-11,3.650423162634715e-11,3.650426319999321e-11,3.6504294470494064e-11,3.6504325438953446e-11,3.65043561048694e-11,3.650438646880495e-11,3.65044165310437e-11,3.6504446291874955e-11,3.6504475751590795e-11,3.650450491027439e-11,3.6504533768807636e-11,3.650456232694272e-11,3.650459058508401e-11,3.650461854355015e-11,3.650464620263384e-11,3.650467356262139e-11,3.650470062380018e-11,3.6504727386458154e-11,3.6504753850881057e-11,3.650478001735691e-11,3.6504805886171293e-11,3.650483145761092e-11,3.650485673195947e-11,3.6504881709505327e-11,3.650490639053248e-11,3.650493077532466e-11,3.6504954864169034e-11,3.650497865734972e-11,3.650500215549462e-11,3.6505025357850737e-11,3.650504826568868e-11,3.650507087909445e-11,3.650509319821736e-11,3.650511522338837e-11,3.65051369548471e-11,3.650515839290199e-11,3.6505179537879396e-11,3.650520039000257e-11,3.6505220949571877e-11,3.650524121690314e-11,3.650526119221002e-11,3.6505280875774586e-11,3.6505300267926366e-11,3.650531936893072e-11,3.6505338179065166e-11,3.650535669865317e-11,3.65053749278815e-11,3.650539286678525e-11,3.650541051647502e-11,3.650542787724521e-11,3.65054449472893e-11,3.6505461729123755e-11,3.650547822237775e-11,3.650549442721425e-11,3.6505510343991134e-11,3.650552597296097e-11,3.6505541314399954e-11,3.65055563685831e-11,3.6505571135787204e-11,3.650558561628823e-11,3.650559981036072e-11,3.6505613718281463e-11,3.650562734032402e-11,3.6505640676764354e-11,3.650565372787695e-11,3.650566649393647e-11,3.65056789752161e-11,3.650569117199041e-11,3.650570308453236e-11,3.650571471311549e-11,3.650572605801266e-11,3.6505737119497516e-11,3.650574789784092e-11,3.6505758393315637e-11,3.650576860619486e-11,3.650577853674948e-11,3.650578818525071e-11,3.6505797551970374e-11,3.650580663717891e-11,3.650581544112874e-11,3.6505823964144956e-11,3.650583220644319e-11,3.650584016833259e-11,3.650584785003164e-11,3.6505855251841067e-11,3.650586237403813e-11,3.650586921688442e-11,3.6505875780645585e-11,3.6505882065591234e-11,3.6505888071988776e-11,3.650589380010748e-11,3.650589925035549e-11,3.650590442258103e-11,3.650590931746296e-11,3.6505913935136495e-11,3.650591827609189e-11,3.6505922339934186e-11,3.650592612754878e-11,3.6505929639035313e-11,3.65059328746436e-11,3.650593583463872e-11,3.6505938519283884e-11,3.6505940928744557e-11,3.650594306358295e-11,3.650594492377879e-11,3.650594650966026e-11,3.65059478215264e-11,3.650594885962773e-11,3.6505949624229173e-11,3.6505950115591744e-11,3.650595033397944e-11,3.650595027965329e-11,3.6505949952877905e-11,3.650594935391411e-11,3.650594848302286e-11,3.6505947340466996e-11,3.650594592650803e-11,3.65059442415737e-11,3.650594228557585e-11,3.650594005883282e-11,3.6505937561855315e-11,3.6505934794784934e-11,3.650593175787419e-11,3.650592845138557e-11,3.6505924875650344e-11,3.6505921030706323e-11,3.6505916917016976e-11,3.65059125347865e-11,3.650590788427004e-11,3.6505902965725557e-11,3.650589777940873e-11,3.650589232557949e-11,3.6505886604493124e-11,3.650588061641003e-11,3.6505874361582626e-11,3.6505867840270536e-11,3.650586105272915e-11,3.650585399921469e-11,3.6505846679983207e-11,3.6505839095289934e-11,3.650583124539196e-11,3.650582313054157e-11,3.6505814750874376e-11,3.6505806106996485e-11,3.650579719883115e-11,3.650578802689375e-11,3.650577859094946e-11,3.6505768891728674e-11,3.650575892932184e-11,3.6505748704208634e-11,3.650573821608631e-11,3.6505727465687544e-11,3.65057164526602e-11,3.6505705178684035e-11,3.650569364260506e-11,3.650568184509744e-11,3.650566978643436e-11,3.650565746686984e-11,3.6505644886658e-11,3.650563204604486e-11,3.650561894528244e-11,3.650560558462234e-11,3.650559196431503e-11,3.650557808460816e-11,3.650556394575299e-11,3.650554954799895e-11,3.650553489159485e-11,3.650551997678815e-11,3.650550480382936e-11,3.650548937296818e-11,3.650547368435683e-11,3.6505457738513526e-11,3.6505441535431035e-11,3.650542507543201e-11,3.6505408358766136e-11,3.650539138568287e-11,3.650537415642744e-11,3.6505356671248084e-11,3.650533893038949e-11,3.6505320934097815e-11,3.650530268262145e-11,3.6505284176151165e-11,3.650526541509023e-11,3.650524639952368e-11,3.6505227129753105e-11,3.650520760602081e-11,3.650518782857268e-11,3.6505167797652915e-11,3.650514751350469e-11,3.6505126976372616e-11,3.650510618649577e-11,3.6505085144129215e-11,3.650506384950474e-11,3.650504230286862e-11,3.6505020504464096e-11,3.6504998454538105e-11,3.6504976153310055e-11,3.650495360102188e-11,3.6504930797981543e-11,3.650490774437536e-11,3.6504884440449305e-11,3.650486088644557e-11,3.650483708260444e-11,3.6504813029166404e-11,3.6504788726508526e-11,3.6504764174513144e-11,3.650473937367651e-11,3.6504714324250164e-11,3.650468902642915e-11,3.650466348045168e-11,3.650463768655468e-11,3.650461164497913e-11,3.6504585355962236e-11,3.650455881974201e-11,3.6504532036557314e-11,3.650450500664656e-11,3.650447773045308e-11,3.6504450207610004e-11,3.650442243892641e-11,3.650439442447969e-11,3.650436616449224e-11,3.650433765917999e-11,3.650430890883384e-11,3.6504279913899363e-11,3.650425067386147e-11,3.650422118970841e-11,3.6504191461445185e-11,3.650416148929217e-11,3.6504131273479575e-11,3.650410081428347e-11,3.6504070111837365e-11,3.650403916646003e-11,3.65040079783673e-11,3.6503976548192894e-11,3.650394487499486e-11,3.650391296012571e-11,3.650388080349683e-11,3.650384840525996e-11,3.650381576575993e-11,3.6503782885157956e-11,3.6503749763702484e-11,3.650371640162716e-11,3.650368279916079e-11,3.650364895653681e-11,3.650361487398669e-11,3.650358055174025e-11,3.650354599002919e-11,3.650351118908465e-11,3.650347614913567e-11,3.650344087041432e-11,3.650340535312188e-11,3.6503369597567136e-11,3.6503333603902394e-11,3.6503297372380556e-11,3.650326090323156e-11,3.6503224196686634e-11,3.650318725297573e-11,3.6503150072326656e-11,3.650311265496627e-11,3.650307500112249e-11,3.650303711102434e-11,3.650299898490245e-11,3.650296062297673e-11,3.650292202547863e-11,3.650288319263497e-11,3.650284412467143e-11,3.650280482181773e-11,3.6502765284296616e-11,3.6502725512335424e-11,3.6502685506161034e-11,3.650264526599818e-11,3.6502604792072354e-11,3.650256408460946e-11,3.650252314383366e-11,3.6502481969971e-11,3.6502440563245545e-11,3.650239892386916e-11,3.6502357052103164e-11,3.6502314948134265e-11,3.6502272612202546e-11,3.650223004452426e-11,3.650218724568809e-11,3.650214421497439e-11,3.650210095356645e-11,3.6502057460882026e-11,3.650201373783113e-11,3.650196978454229e-11,3.6501925600797754e-11,3.6501881187200676e-11,3.650183654387616e-11,3.650179167105117e-11,3.650174656891767e-11,3.6501701237701926e-11,3.650165567761137e-11,3.6501609888885916e-11,3.650156387174662e-11,3.650151762641402e-11,3.6501471153109e-11,3.650142445210165e-11,3.6501377523460665e-11,3.6501330367544634e-11,3.650128298437011e-11,3.6501235374669906e-11,3.650118753813587e-11,3.650113947515328e-11,3.65010911859489e-11,3.650104267077972e-11,3.6500993929752225e-11,3.650094496318908e-11,3.65008957712801e-11,3.650084635424162e-11,3.6500796712279685e-11,3.65007468456318e-11,3.650069675449842e-11,3.6500646439096797e-11,3.650059589964695e-11,3.6500545136363155e-11,3.650049414946355e-11,3.650044293915913e-11,3.650039150566979e-11,3.650033984921115e-11,3.650028797000115e-11,3.6500235868243154e-11,3.650018354416089e-11,3.650013099796782e-11,3.650007822973998e-11,3.650002524009053e-11,3.649997202889239e-11,3.64999185961845e-11,3.649986494281132e-11,3.6499811068458085e-11,3.64997569734707e-11,3.649970265807827e-11,3.6499648122495316e-11,3.6499593366931647e-11,3.649953839160624e-11,3.649948319672425e-11,3.649942778261699e-11,3.6499372149143556e-11,3.6499316296870976e-11,3.6499260225901974e-11,3.649920393646109e-11,3.649914742865869e-11,3.649909070283788e-11,3.6499033759113375e-11,3.649897659775167e-11,3.649891921894701e-11,3.64988616229077e-11,3.649880380984211e-11,3.64987457799607e-11,3.6498687533293275e-11,3.6498629070586786e-11,3.6498570391996315e-11,3.649851149648853e-11,3.649845238564808e-11,3.6498393059247935e-11,3.6498333517508545e-11,3.6498273760713214e-11,3.6498213788670217e-11,3.649815360207306e-11,3.649809320107049e-11,3.649803258580081e-11,3.6497971756128914e-11,3.649791071269363e-11,3.649784945556041e-11,3.649778798506481e-11,3.649772630044925e-11,3.64976644040191e-11,3.64976022931214e-11,3.649753997162557e-11,3.649747743669327e-11,3.6497414689311e-11,3.649735173013653e-11,3.6497288558992827e-11,3.6497225176194515e-11,3.649716158195638e-11,3.649709777648251e-11,3.6497033759976475e-11,3.649696953264163e-11,3.649690509468569e-11,3.6496840446307866e-11,3.649677558771137e-11,3.6496710519102917e-11,3.6496645240679985e-11,3.6496579752648e-11,3.649651405521194e-11,3.6496448148567934e-11,3.649638203292176e-11,3.649631570847412e-11,3.649624917542894e-11,3.649618243416451e-11,3.6496115484297986e-11,3.6496048326724273e-11,3.6495980961552454e-11,3.6495913388270136e-11,3.649584560783848e-11,3.649577762023146e-11,3.6495709425632196e-11,3.649564102431605e-11,3.649557241625286e-11,3.649550360186267e-11,3.6495434580887466e-11,3.6495365354695076e-11,3.649529592236694e-11,3.649522628442441e-11,3.649515644104591e-11,3.649508639247249e-11,3.649501613892584e-11,3.649494568051288e-11,3.649487501756838e-11,3.649480415014792e-11,3.649473307856185e-11,3.6494661802981195e-11,3.649459032349953e-11,3.6494518640571366e-11,3.649444675406414e-11,3.649437466438083e-11,3.649430237155108e-11,3.6494229876082716e-11,3.649415717813492e-11,3.649408427734652e-11,3.649401117437073e-11,3.649393786887551e-11,3.6493864362569485e-11,3.649379065419322e-11,3.6493716744273684e-11,3.649364263309317e-11,3.6493568320837264e-11,3.649349380774465e-11,3.649341909386859e-11,3.6493344179540534e-11,3.6493269064843136e-11,3.649319375013665e-11,3.64931182355392e-11,3.6493042521215234e-11,3.6492966607311296e-11,3.649289049407651e-11,3.6492814181700055e-11,3.649273767038049e-11,3.649266096029903e-11,3.6492584051657106e-11,3.649250694464577e-11,3.649242963945337e-11,3.649235213627186e-11,3.6492274435294145e-11,3.649219653671089e-11,3.6492118440711816e-11,3.649204014749206e-11,3.649196165723368e-11,3.6491882970137464e-11,3.649180408638269e-11,3.6491725005490517e-11,3.649164572967038e-11,3.649156625715826e-11,3.649148658868159e-11,3.649140672451275e-11,3.6491326664833536e-11,3.6491246409833126e-11,3.649116595970069e-11,3.6491085314612635e-11,3.649100447475248e-11,3.649092344034383e-11,3.649084221154918e-11,3.6490760788069905e-11,3.649067917155625e-11,3.649059736062626e-11,3.649051535607915e-11,3.6490433158379677e-11,3.6490350767248e-11,3.6490268183077624e-11,3.649018540593226e-11,3.649010243616733e-11,3.649001927389928e-11,3.648993591920259e-11,3.6489852372430936e-11,3.64897686337169e-11,3.648968470323419e-11,3.648960058117398e-11,3.648951626771141e-11,3.648943176304557e-11,3.648934706733815e-11,3.648926218083441e-11,3.648917710364106e-11,3.6489091835991146e-11,3.648900637804179e-11,3.6488920729990954e-11,3.6488834892027844e-11,3.648874886432019e-11,3.648866264706984e-11,3.6488576240447575e-11,3.648848964470477e-11,3.6488402859846056e-11,3.648831588621885e-11,3.6488228723950385e-11,3.648814137314592e-11,3.648805383425403e-11,3.648796610719247e-11,3.64878781922161e-11,3.648779008951732e-11,3.6487701799275835e-11,3.648761332167706e-11,3.648752465689939e-11,3.648743580512237e-11,3.648734676652773e-11,3.648725754128837e-11,3.648716812960239e-11,3.6487078531639805e-11,3.6486988747582975e-11,3.6486898777611466e-11,3.648680862190513e-11,3.648671828064793e-11,3.64866277540119e-11,3.648653704218284e-11,3.648644614533632e-11,3.64863550636468e-11,3.648626379729733e-11,3.648617234643106e-11,3.648608071138561e-11,3.6485988892134833e-11,3.648589688894909e-11,3.648580470200094e-11,3.648571233146344e-11,3.6485619777515376e-11,3.6485527040803415e-11,3.6485434120152374e-11,3.648534101701181e-11,3.6485247731203135e-11,3.6485154262873574e-11,3.648506061201122e-11,3.648496677933822e-11,3.648487276450285e-11,3.6484778567851915e-11,3.6484684189548226e-11,3.648458962978646e-11,3.648449488873916e-11,3.6484399966570736e-11,3.6484304863414564e-11,3.6484209579613216e-11,3.648411411516769e-11,3.648401847031047e-11,3.6483922645216796e-11,3.6483826640060524e-11,3.64837304550187e-11,3.64836340903168e-11,3.648353754596959e-11,3.648344082230492e-11,3.648334391946012e-11,3.648324683757002e-11,3.648314957686991e-11,3.648305213749561e-11,3.648295451961633e-11,3.6482856724045867e-11,3.648275874910047e-11,3.648266059674483e-11,3.648256226659136e-11,3.648246375880687e-11,3.648236507356569e-11,3.64822662110223e-11,3.648216717136322e-11,3.64820679547675e-11,3.6481968561395085e-11,3.6481868991422233e-11,3.648176924501934e-11,3.64816693223569e-11,3.648156922360565e-11,3.648146894893553e-11,3.648136849851092e-11,3.648126787251715e-11,3.648116707183697e-11,3.648106609447713e-11,3.648096494272481e-11,3.648086361611891e-11,3.648076211479369e-11,3.648066043890901e-11,3.648055858863444e-11,3.648045656414098e-11,3.648035436558764e-11,3.6480251993160046e-11,3.6480149447017975e-11,3.648004672733264e-11,3.647994383426913e-11,3.6479840767998474e-11,3.647973752868431e-11,3.647963411650026e-11,3.647953053161076e-11,3.647942677418425e-11,3.647932284438687e-11,3.6479218742388325e-11,3.647911446835446e-11,3.647901002245614e-11,3.647890540485538e-11,3.6478800615717665e-11,3.647869565507001e-11,3.64785905234868e-11,3.647848522075703e-11,3.647837974713931e-11,3.647827410282125e-11,3.64781682879658e-11,3.647806230273706e-11,3.647795614727653e-11,3.647784982181601e-11,3.6477743326461746e-11,3.647763666133773e-11,3.647752982678755e-11,3.647742282291126e-11,3.647731564949434e-11,3.647720830729667e-11,3.6477100796138016e-11,3.647699311625061e-11,3.647688526777783e-11,3.647677725094961e-11,3.6476669065873274e-11,3.647656071272156e-11,3.647645219166239e-11,3.647634350285447e-11,3.647623464655714e-11,3.647612562266333e-11,3.647601643163901e-11,3.6475907073440994e-11,3.6475797548323207e-11,3.647568785648322e-11,3.647557799807911e-11,3.647546797309393e-11,3.647535778188673e-11,3.6475247424595746e-11,3.64751369012864e-11,3.647502621219251e-11,3.647491535746732e-11,3.647480433726581e-11,3.647469315174495e-11,3.647458180106851e-11,3.647447028608983e-11,3.647435860489631e-11,3.647424675967928e-11,3.647413474997485e-11,3.647402257586701e-11,3.6473910237658166e-11,3.647379773537063e-11,3.6473685069203163e-11,3.64735722393031e-11,3.6473459245873076e-11,3.6473346089033854e-11,3.647323276894792e-11,3.6473119285781985e-11,3.6473005639683474e-11,3.647289183016563e-11,3.6472777859335635e-11,3.647266372546165e-11,3.647254942925607e-11,3.647243497091797e-11,3.6472320350601956e-11,3.647220556848315e-11,3.647209062468962e-11,3.647197551939168e-11,3.647186025274598e-11,3.647174482491044e-11,3.6471629236041734e-11,3.6471513486297613e-11,3.647139757583351e-11,3.647128150480184e-11,3.6471165273367e-11,3.6471048881683506e-11,3.647093232990268e-11,3.6470815618179734e-11,3.6470698746672746e-11,3.6470581715537044e-11,3.647046452492684e-11,3.647034717500021e-11,3.6470229665906896e-11,3.647011199780575e-11,3.6469994170849083e-11,3.646987618519458e-11,3.646975804098542e-11,3.646963973841702e-11,3.646952127758149e-11,3.646940265866271e-11,3.646928388273595e-11,3.6469164947296504e-11,3.6469045854956196e-11,3.646892660571766e-11,3.6468807198252356e-11,3.6468687634011595e-11,3.646856791281314e-11,3.6468448034921175e-11,3.646832800002039e-11,3.6468207808703366e-11,3.64680874610141e-11,3.646796695639072e-11,3.6467846297037e-11,3.6467725481036077e-11,3.646760450952621e-11,3.6467483381831184e-11,3.6467362099119567e-11,3.646724066071469e-11,3.646711906730009e-11,3.646699731885559e-11,3.6466875415969216e-11,3.6466753357491664e-11,3.6466631144799587e-11,3.6466508777741454e-11,3.646638625638599e-11,3.646626358093982e-11,3.6466140751421815e-11,3.646601776811618e-11,3.646589463113906e-11,3.646577134063393e-11,3.646564789608839e-11,3.646552429959144e-11,3.6465400549412e-11,3.646527664627399e-11,3.646515259034917e-11,3.6465028381784084e-11,3.6464904020739166e-11,3.646477950744332e-11,3.6464654841797825e-11,3.646453002418627e-11,3.6464405054681064e-11,3.646427993342884e-11,3.646415466059055e-11,3.646402923628654e-11,3.646390366068433e-11,3.646377793397922e-11,3.646365205616947e-11,3.6463526027605624e-11,3.6463399848224075e-11,3.6463273518306614e-11,3.646314703798576e-11,3.6463020407410176e-11,3.646289362677319e-11,3.646276669592726e-11,3.6462639615445344e-11,3.64625123855012e-11,3.6462385005490175e-11,3.646225747636109e-11,3.6462129798087815e-11,3.646200197042724e-11,3.646187399391175e-11,3.646174586860533e-11,3.646161759466426e-11,3.6461489172187864e-11,3.646136060132953e-11,3.6461231882237853e-11,3.6461103015058215e-11,3.6460973999931586e-11,3.646084483700183e-11,3.6460715526417685e-11,3.6460586068319747e-11,3.6460456462855814e-11,3.646032671016434e-11,3.6460196810393653e-11,3.646006676368223e-11,3.6459936570176195e-11,3.645980623003047e-11,3.645967574336462e-11,3.6459545110328987e-11,3.645941433107629e-11,3.6459283405738355e-11,3.645915233446865e-11,3.64590211174035e-11,3.64588897546854e-11,3.645875824645717e-11,3.6458626592860143e-11,3.645849479403627e-11,3.6458362850128865e-11,3.645823076128264e-11,3.645809852762551e-11,3.645796614931288e-11,3.645783362648047e-11,3.645770095927167e-11,3.645756814782044e-11,3.645743519227604e-11,3.645730209279046e-11,3.6457168849340674e-11,3.645703546248086e-11,3.6456901931962906e-11,3.6456768258054894e-11,3.6456634440878663e-11,3.6456500480592225e-11,3.6456366377336846e-11,3.6456232131238775e-11,3.645609774245011e-11,3.6455963211088426e-11,3.6455828537333674e-11,3.645569372129845e-11,3.645555876311996e-11,3.645542366290609e-11,3.6455288421065825e-11,3.6455153037135675e-11,3.645501751178779e-11,3.645488184499434e-11,3.645474603689377e-11,3.6454610087621536e-11,3.645447399699117e-11,3.645433776611697e-11,3.6454201394192503e-11,3.645406488162396e-11,3.6453928228591e-11,3.6453791435182995e-11,3.645365450158604e-11,3.6453517427989364e-11,3.645338021430623e-11,3.645324286090675e-11,3.645310536785637e-11,3.645296773527977e-11,3.645282996330629e-11,3.645269205208217e-11,3.6452554001743375e-11,3.6452415812454774e-11,3.645227748431989e-11,3.6452139017471904e-11,3.6452000412055025e-11,3.645186166820193e-11,3.645172278606248e-11,3.645158376579893e-11,3.645144460727717e-11,3.645130531113888e-11,3.6451165877147086e-11,3.645102630555334e-11,3.645088659625741e-11,3.6450746749925574e-11,3.645060676624883e-11,3.645046664547118e-11,3.645032638751555e-11,3.645018599300134e-11,3.6450045461941586e-11,3.644990479416969e-11,3.644976398997223e-11,3.6449623049478225e-11,3.644948197285013e-11,3.6449340760196083e-11,3.644919941163595e-11,3.644905792734412e-11,3.644891630754004e-11,3.644877455214722e-11,3.644863266138864e-11,3.64484906354106e-11,3.644834847434423e-11,3.644820617833814e-11,3.644806374748576e-11,3.6447921181951956e-11,3.6447778481860706e-11,3.6447635647307506e-11,3.644749267851292e-11,3.644734957555079e-11,3.644720633854051e-11,3.644706296762706e-11,3.644691946294561e-11,3.644677582462205e-11,3.64466320527901e-11,3.644648814757328e-11,3.644634410911046e-11,3.644619993753709e-11,3.6446055632977415e-11,3.6445911195559636e-11,3.644576662541426e-11,3.644562192267337e-11,3.644547708745646e-11,3.6445332119910086e-11,3.644518702007706e-11,3.6445041788327527e-11,3.644489642455637e-11,3.6444750928941594e-11,3.6444605301659995e-11,3.6444459542815616e-11,3.644431365254022e-11,3.644416763096549e-11,3.644402147821234e-11,3.6443875194414915e-11,3.644372877969642e-11,3.644358223420512e-11,3.64434355580406e-11,3.6443288751345344e-11,3.644314181424606e-11,3.644299474686827e-11,3.644284754934261e-11,3.644270022179873e-11,3.644255276436105e-11,3.644240517715372e-11,3.644225746031e-11,3.6442109613950384e-11,3.644196163820659e-11,3.6441813533206056e-11,3.6441665299073455e-11,3.644151693571024e-11,3.6441368443879606e-11,3.644121982313875e-11,3.644107107374972e-11,3.6440922195861326e-11,3.6440773189599845e-11,3.644062405509021e-11,3.644047479245898e-11,3.644032540183316e-11,3.6440175883337345e-11,3.6440026237163914e-11,3.643987646324379e-11,3.6439726561885e-11,3.643957653300639e-11,3.643942637724399e-11,3.643927609412382e-11,3.643912568404001e-11,3.643897514709175e-11,3.6438824483398074e-11,3.64386736930844e-11,3.643852277627059e-11,3.643837173308991e-11,3.643822056366491e-11,3.6438069268104115e-11,3.6437917846544425e-11,3.6437766299127045e-11,3.6437614625948506e-11,3.643746282713988e-11,3.643731090282717e-11,3.6437158853125294e-11,3.643700667817179e-11,3.643685437811028e-11,3.6436701952978965e-11,3.643654940296927e-11,3.643639672817514e-11,3.643624392880025e-11,3.643609100499589e-11,3.643593795655432e-11,3.643578478394673e-11,3.643563148728794e-11,3.6435478066400223e-11,3.643532452175516e-11,3.643517085288832e-11,3.6435017061003993e-11,3.643486314530474e-11,3.643470910616307e-11,3.6434554943717594e-11,3.643440065808797e-11,3.64342462493959e-11,3.643409171776497e-11,3.643393706322996e-11,3.643378228614918e-11,3.6433627386469093e-11,3.6433472364194206e-11,3.643331721973598e-11,3.6433161952933255e-11,3.643300656414183e-11,3.643285105335598e-11,3.6432695420684e-11,3.6432539666397125e-11,3.6432383790394924e-11,3.6432227792871704e-11,3.6432071673837144e-11,3.6431915433689785e-11,3.6431759072368375e-11,3.6431602590046644e-11,3.6431445986825964e-11,3.6431289262831914e-11,3.643113241816763e-11,3.643097545186407e-11,3.643081836871647e-11,3.643066116144275e-11,3.643050383525503e-11,3.643034638915306e-11,3.643018882289194e-11,3.6430031136821647e-11,3.642987333122923e-11,3.642971540593311e-11,3.642955736115448e-11,3.6429399197000145e-11,3.6429240913612474e-11,3.642908251108978e-11,3.6428923989551885e-11,3.642876534899066e-11,3.642860658949349e-11,3.642844771202453e-11,3.6428288715595904e-11,3.642812960080408e-11,3.642797036766097e-11,3.64278110163219e-11,3.6427651546910196e-11,3.6427491959534754e-11,3.642733225431795e-11,3.642717243137297e-11,3.642701249081763e-11,3.642685243274817e-11,3.642669225734085e-11,3.642653196464089e-11,3.642637155479684e-11,3.6426211027919195e-11,3.6426050384124134e-11,3.642588962352263e-11,3.642572874623715e-11,3.642556775237334e-11,3.6425406642048293e-11,3.6425245415390005e-11,3.642508407250363e-11,3.6424922613509055e-11,3.6424761038506134e-11,3.642459934761591e-11,3.642443754065252e-11,3.642427561865574e-11,3.6424113580801653e-11,3.642395142757982e-11,3.6423789158847543e-11,3.6423626775106066e-11,3.642346427610711e-11,3.642330166235528e-11,3.6423138933656475e-11,3.642297609019198e-11,3.642281313208391e-11,3.6422650059466066e-11,3.642248687244132e-11,3.6422323571120655e-11,3.642216015562057e-11,3.6421996626051295e-11,3.642183298252492e-11,3.6421669225163115e-11,3.6421505354061295e-11,3.6421341369355415e-11,3.642117727135345e-11,3.642101305952592e-11,3.642084873460364e-11,3.6420684296532135e-11,3.642051974539748e-11,3.642035508130421e-11,3.6420190304386434e-11,3.642002541474614e-11,3.6419860412495564e-11,3.641969529774875e-11,3.6419530070599215e-11,3.641936473116125e-11,3.6419199279561655e-11,3.6419033715903074e-11,3.641886804029114e-11,3.6418702252848526e-11,3.6418536353679014e-11,3.6418370342859286e-11,3.641820422061446e-11,3.6418037986924995e-11,3.6417871641949593e-11,3.641770518580277e-11,3.6417538618592186e-11,3.6417371940416135e-11,3.6417205151404894e-11,3.6417038251656394e-11,3.641687124127731e-11,3.641670412038104e-11,3.6416536889075144e-11,3.641636954746962e-11,3.641620209565314e-11,3.641603453377823e-11,3.641586686192963e-11,3.6415699080217456e-11,3.6415531188749666e-11,3.641536318763638e-11,3.641519507697407e-11,3.641502685688881e-11,3.641485852748827e-11,3.6414690088924585e-11,3.641452154115311e-11,3.641435288444686e-11,3.6414184118837276e-11,3.641401524445296e-11,3.6413846261384495e-11,3.641367716975463e-11,3.6413507969665015e-11,3.6413338661236454e-11,3.641316924452331e-11,3.641299971971052e-11,3.64128300867439e-11,3.641266034608894e-11,3.6412490497512603e-11,3.641232054120794e-11
17,0.0,0.0,0.0,0.0,0.0,0.0,0.0,0.0,0.0,0.0,0.0,0.0,0.0,0.0,0.0,0.0,0.0,0.0,0.0,0.0,0.0,0.0,0.0,0.0,0.0,0.0,0.0,0.0,0.0,0.0,0.0,0.0,0.0,0.0,0.0,0.0,0.0,0.0,0.0,0.0,0.0,0.0,0.0,0.0,0.0,0.0,0.0,0.0,0.0,0.0,0.0,0.0,0.0,0.0,0.0,0.0,0.0,0.0,0.0,0.0,0.0,0.0,0.0,0.0,0.0,0.0,0.0,0.0,0.0,0.0,0.0,0.0,0.0,0.0,0.0,0.0,0.0,0.0,0.0,0.0,0.0,0.0,0.0,0.0,0.0,0.0,0.0,0.0,0.0,0.0,0.0,0.0,0.0,0.0,0.0,0.0,0.0,0.0,0.0,0.0,0.0,0.0,0.0,0.0,0.0,0.0,0.0,0.0,0.0,0.0,0.0,0.0,0.0,0.0,0.0,0.0,0.0,0.0,0.0,0.0,0.0,0.0,0.0,0.0,0.0,0.0,0.0,0.0,0.0,0.0,0.0,0.0,0.0,0.0,0.0,0.0,0.0,0.0,0.0,0.0,0.0,0.0,0.0,0.0,0.0,0.0,0.0,0.0,0.0,0.0,0.0,0.0,0.0,0.0,0.0,0.0,0.0,0.0,0.0,0.0,0.0,0.0,0.0,0.0,0.0,0.0,0.0,0.0,0.0,0.0,0.0,0.0,0.0,0.0,0.0,0.0,0.0,0.0,0.0,0.0,0.0,0.0,0.0,0.0,0.0,0.0,0.0,0.0,0.0,0.0,0.0,0.0,0.0,0.0,0.0,0.0,0.0,0.0,0.0,0.0,0.0,0.0,0.0,0.0,0.0,0.0,0.0,0.0,0.0,0.0,0.0,0.0,0.0,0.0,0.0,0.0,0.0,0.0,0.0,0.0,0.0,0.0,0.0,0.0,0.0,0.0,0.0,0.0,0.0,0.0,0.0,0.0,0.0,0.0,0.0,0.0,0.0,0.0,0.0,0.0,0.0,0.0,0.0,0.0,0.0,0.0,0.0,0.0,0.0,0.0,0.0,0.0,0.0,0.0,0.0,0.0,0.0,0.0,0.0,0.0,0.0,0.0,0.0,0.0,0.0,0.0,0.0,0.0,0.0,0.0,0.0,0.0,0.0,0.0,0.0,0.0,0.0,0.0,0.0,0.0,0.0,0.0,0.0,0.0,0.0,0.0,0.0,0.0,0.0,0.0,0.0,0.0,0.0,0.0,0.0,0.0,0.0,0.0,0.0,0.0,0.0,0.0,0.0,0.0,0.0,0.0,0.0,0.0,0.0,0.0,0.0,0.0,0.0,0.0,0.0,0.0,0.0,0.0,0.0,0.0,0.0,0.0,0.0,0.0,0.0,0.0,0.0,0.0,0.0,0.0,0.0,0.0,0.0,0.0,0.0,0.0,0.0,0.0,0.0,0.0,0.0,0.0,0.0,0.0,0.0,0.0,0.0,0.0,0.0,0.0,0.0,0.0,0.0,0.0,0.0,0.0,0.0,0.0,0.0,0.0,0.0,0.0,0.0,0.0,0.0,0.0,0.0,0.0,0.0,0.0,0.0,0.0,0.0,0.0,0.0,0.0,0.0,0.0,0.0,0.0,0.0,0.0,0.0,0.0,0.0,0.0,0.0,0.0,0.0,0.0,0.0,0.0,0.0,0.0,0.0,0.0,0.0,0.0,0.0,0.0,0.0,0.0,0.0,0.0,0.0,0.0,0.0,0.0,0.0,0.0,0.0,0.0,0.0,0.0,0.0,0.0,0.0,0.0,0.0,0.0,0.0,0.0,0.0,0.0,0.0,0.0,0.0,0.0,0.0,0.0,0.0,0.0,0.0,0.0,0.0,0.0,0.0,0.0,0.0,0.0,0.0,0.0,0.0,0.0,0.0,0.0,0.0,0.0,0.0,0.0,0.0,0.0,0.0,0.0,0.0,0.0,0.0,0.0,0.0,0.0,0.0,0.0,0.0,0.0,0.0,0.0,0.0,0.0,0.0,0.0,0.0,0.0,0.0,0.0,0.0,0.0,0.0,0.0,0.0,0.0,0.0,0.0,0.0,0.0,0.0,0.0,0.0,0.0,0.0,0.0,0.0,0.0,0.0,0.0,0.0,0.0,0.0,0.0,0.0,0.0,0.0,0.0,0.0,0.0,0.0,0.0,0.0,0.0,0.0,0.0,0.0,0.0,0.0,0.0,0.0,0.0,0.0,0.0,0.0,0.0,0.0,0.0,0.0,0.0,0.0,0.0,0.0,0.0,0.0,0.0,0.0,0.0,0.0,0.0,0.0,0.0,0.0,0.0,0.0,0.0,0.0,0.0,0.0,0.0,0.0,0.0,0.0,0.0,0.0,0.0,0.0,0.0,0.0,0.0,0.0,0.0,0.0,0.0,0.0,0.0,0.0,0.0,0.0,0.0,0.0,0.0,0.0,0.0,0.0,0.0,0.0,0.0,0.0,0.0,0.0,0.0,0.0,0.0,0.0,0.0,0.0,0.0,0.0,0.0,0.0,0.0,0.0,0.0,0.0,0.0,0.0,0.0,0.0,0.0,0.0,0.0,0.0,0.0,0.0,0.0,0.0,0.0,0.0,0.0,0.0,0.0,0.0,0.0,0.0,0.0,0.0,0.0,0.0,0.0,0.0,0.0,0.0,0.0,0.0,0.0,0.0,0.0,0.0,0.0,0.0,0.0,0.0,0.0,0.0,0.0,0.0,0.0,0.0,0.0,0.0,0.0,0.0,0.0,0.0,0.0,0.0,0.0,0.0,0.0,0.0,0.0,0.0,0.0,0.0,0.0,0.0,0.0,0.0,0.0,0.0,0.0,0.0,0.0,0.0,0.0,0.0,0.0,0.0,0.0,0.0,0.0,0.0,0.0,0.0,0.0,0.0,0.0,0.0,0.0,0.0,0.0,0.0,0.0,0.0,0.0,0.0,0.0,0.0,0.0,0.0,0.0,0.0,0.0,0.0,0.0,0.0,0.0,0.0,0.0,0.0,0.0,0.0,0.0,0.0,0.0,0.0,0.0,0.0,0.0,0.0,0.0,0.0,0.0,0.0,0.0,0.0,0.0,0.0,0.0,0.0,0.0,0.0,0.0,0.0,0.0,0.0,0.0,0.0,0.0,0.0,0.0,0.0,0.0,0.0,0.0,0.0,0.0,0.0,0.0,0.0,0.0,0.0,0.0,0.0,0.0,0.0,0.0,0.0,0.0,0.0,0.0,0.0,0.0,0.0,0.0,0.0,0.0,0.0,0.0,0.0,0.0,0.0,0.0,0.0,0.0,0.0,0.0,0.0,0.0,0.0,0.0,0.0,0.0,0.0,0.0,0.0,0.0,0.0,0.0,0.0,0.0,0.0,0.0,0.0,0.0,0.0,0.0,0.0,0.0,0.0,0.0,0.0,0.0,0.0,0.0,0.0,0.0,0.0,0.0,0.0,0.0,0.0,0.0,0.0,0.0,0.0,0.0,0.0,0.0,0.0,0.0,0.0,0.0,0.0,0.0,0.0,0.0,0.0,0.0,0.0,0.0,0.0,0.0,0.0,0.0,0.0,0.0,0.0,0.0,0.0,0.0,0.0,0.0,0.0,0.0,0.0,0.0,0.0,0.0,0.0,0.0,0.0,0.0,0.0,0.0,0.0,0.0,0.0,0.0,0.0,0.0,0.0,0.0,0.0,0.0,0.0,0.0,0.0,0.0,0.0,0.0,0.0,0.0,0.0,0.0,0.0,0.0,0.0,0.0,0.0,0.0,0.0,0.0,0.0,0.0,0.0,0.0,0.0,0.0,0.0,0.0,0.0,0.0,0.0,0.0,0.0,0.0,0.0,0.0,0.0,0.0,0.0,0.0,0.0,0.0,0.0,0.0,0.0,0.0,0.0,0.0,0.0,0.0,0.0,0.0,0.0,0.0,0.0,0.0,0.0,0.0,0.0,0.0,0.0,0.0,0.0,0.0,0.0,0.0,0.0,0.0,0.0,0.0,0.0,0.0,0.0,0.0,0.0,0.0,0.0,0.0,0.0,0.0,0.0,0.0,0.0,0.0,0.0,0.0,0.0,0.0,0.0,0.0,0.0,0.0,0.0,0.0,0.0,0.0,0.0,0.0,0.0,0.0,0.0,0.0,0.0,0.0,0.0,0.0,0.0,0.0,0.0,0.0,0.0,0.0,0.0,0.0,0.0,0.0,0.0,0.0,0.0,0.0,0.0,0.0,0.0,0.0,0.0,0.0,0.0,0.0,0.0,0.0,0.0,0.0,0.0,0.0,0.0,0.0,0.0,0.0,0.0,0.0,0.0,0.0,0.0,0.0,0.0,0.0,0.0,0.0,0.0,0.0,0.0,0.0,5.294224019565361e-25,1.198727812702533e-24,2.0003420461711343e-24,2.928030250376565e-24,3.977564775005635e-24,5.147002001115765e-24,6.4367440133292805e-24,7.849503127310418e-24,9.390242374435226e-24,1.1066134646944179e-23,1.2886564517132989e-23,1.4863186315727316e-23,1.701004706241841e-23,1.9343781326790768e-23,2.1883885829028483e-23,2.4653083890230262e-23,2.7677793409200944e-23,3.09887168568482e-23,3.462157801062256e-23,3.8618038286460854e-23,4.3026835962946895e-23,4.790520555443388e-23,5.332065303100742e-23,5.935318755221151e-23,6.609814441880705e-23,7.366978090779973e-23,8.220589217819588e-23,9.187378691132764e-23,1.0287809448622378e-22,1.1547106668815901e-22,1.299663174702756e-22,1.4675736186991726e-22,1.6634294670481789e-22,1.8936213706541127e-22,2.1664364459596143e-22,2.4927631640374663e-22,2.8871167821349804e-22,3.369160768773123e-22,3.966013954555743e-22,4.715835303492502e-22,5.6735476104763445e-22,6.920261405939707e-22,8.579342024516786e-22,1.084491970537075e-21,1.403487306554047e-21,1.8694771757234632e-21,2.5059130650779087e-21,2.505913065081302e-21,2.5059130650850534e-21,2.505913065089255e-21,2.5059130650940334e-21,2.5059130650995712e-21,2.5059130651061578e-21,2.505913065135948e-21,2.5059130652597507e-21,3.6225008475589664e-21,5.552883269174976e-21,9.220625799838259e-21,1.720328219640867e-20,3.9035494791987426e-20,1.341214430535116e-19,1.0361916907280364e-18,1.5597367931987078e-17,2.0599950497895572e-16,2.0599950506530618e-16,2.411224034584696e-15,1.694633514211052e-14,8.139094857827858e-14,2.8862565552456575e-13,8.05439960504542e-13,1.8578900865977648e-12,3.67579971991855e-12,6.415504458339144e-12,1.0097331164893222e-11,1.4588678046300386e-11,1.9638701677934343e-11,2.4944853627041656e-11,3.0221208262697447e-11,3.5245654047910953e-11,3.9878040749551504e-11,4.4054131478483264e-11,4.776624646758103e-11,5.10411693462072e-11,5.3921932912299045e-11,5.645572370581596e-11,5.86873020275212e-11,6.065626182275812e-11,6.239649565650453e-11,6.393669211836828e-11,6.530117282582988e-11,6.651072656063641e-11,6.758330857101358e-11,6.85345805997865e-11,6.937831225160592e-11,7.012667672608548e-11,7.079047191522068e-11,7.137929105617792e-11,7.190165998694265e-11,7.236515221275411e-11,7.27764887668452e-11,7.314162702820533e-11,7.346584089237244e-11,7.375379364755962e-11,7.400960433541063e-11,7.423690808630099e-11,7.443891079345034e-11,7.461843845192281e-11,7.477798148802381e-11,7.491973441870993e-11,7.504563119350317e-11,7.515737657794644e-11,7.525647393601087e-11,7.534424975942422e-11,7.542187527647933e-11,7.549038545262064e-11,7.555069567239485e-11,7.560361636811532e-11,7.564986583603575e-11,7.5690081456942e-11,7.57248295151939e-11,7.575461378886295e-11,7.577988306394054e-11,7.580103770758242e-11,7.58184354191814e-11,7.583239626350304e-11,7.584320707719865e-11,7.585112532853281e-11,7.585638250006254e-11,7.58591870550913e-11,7.585972704093522e-11,7.585817237519707e-11,7.585467685528137e-11,7.584937992619894e-11,7.584240823713969e-11,7.583387701337337e-11,7.5823891266614e-11,7.581254686394494e-11,7.579993147290292e-11,7.578612539791727e-11,7.577120232157265e-11,7.575522996207598e-11,7.573827065736635e-11,7.572038194772176e-11,7.570161684570294e-11,7.568202444069899e-11,7.56616502070969e-11,7.564053633102523e-11,7.561872200429028e-11,7.55962436881932e-11,7.557313535039611e-11,7.554942867784984e-11,7.552515326844996e-11,7.550033680370886e-11,7.547500520466781e-11,7.54491827727541e-11,7.54228923173e-11,7.53961552710847e-11,7.536899179518373e-11,7.534142087432009e-11,7.531346040356389e-11,7.528512726741962e-11,7.525643741196054e-11,7.522740591075003e-11,7.519804702514598e-11,7.516837425961078e-11,7.513840041249033e-11,7.510813762244279e-11,7.50775974114297e-11,7.504679072411856e-11,7.50157279642811e-11,7.498441902846522e-11,7.495287333694787e-11,7.492109986252518e-11,7.488910715719957e-11,7.485690337676317e-11,7.482449630380742e-11,7.479189336900781e-11,7.475910167098167e-11,7.472612799473185e-11,7.469297882887534e-11,7.465966038172272e-11,7.46261785962835e-11,7.45925391643422e-11,7.455874753951856e-11,7.452480894962679e-11,7.449072840819876e-11,7.445651072529293e-11,7.4422160517664e-11,7.438768221830158e-11,7.435308008542183e-11,7.431835821089823e-11,7.428352052824558e-11,7.424857082009295e-11,7.42135127252595e-11,7.417834974545492e-11,7.414308525150899e-11,7.410772248943415e-11,7.407226458598283e-11,7.403671455399079e-11,7.400107529742603e-11,7.396534961615974e-11,7.392954021049852e-11,7.38936496854571e-11,7.385768055485587e-11,7.38216352451716e-11,7.378551609920878e-11,7.3749325379587e-11,7.371306527208367e-11,7.367673788868501e-11,7.364034527071333e-11,7.360388939163189e-11,7.356737215974019e-11,7.35307954207833e-11,7.349416096041759e-11,7.345747050656526e-11,7.342072573166699e-11,7.338392825478507e-11,7.334707964373695e-11,7.331018141691204e-11,7.327323504529509e-11,7.323624195410994e-11,7.319920352460383e-11,7.316212109554193e-11,7.312499596517474e-11,7.308782939210205e-11,7.305062259725942e-11,7.301337676493597e-11,7.297609304420624e-11,7.293877255025923e-11,7.290141636540228e-11,7.286402554035706e-11,7.282660109558335e-11,7.278914402189332e-11,7.275165528151867e-11,7.271413580950806e-11,7.267658651425579e-11,7.26390082787049e-11,7.260140196088309e-11,7.256376839497375e-11,7.252610839197747e-11,7.248842274070621e-11,7.245071220820426e-11,7.241297754066349e-11,7.237521946405358e-11,7.233743868479089e-11,7.229963589034857e-11,7.226181174980073e-11,7.22239669147091e-11,7.218610201929554e-11,7.21482176811343e-11,7.211031450171722e-11,7.207239306695466e-11,7.203445394766698e-11,7.199649769999413e-11,7.195852486588529e-11,7.192053597347896e-11,7.188253153768448e-11,7.184451206044867e-11,7.180647803112558e-11,7.176842992692871e-11,7.173036821327297e-11,7.169229334413512e-11,7.165420576238026e-11,7.161610590009425e-11,7.157799417890185e-11,7.153987101028218e-11,7.150173679588478e-11,7.146359192771041e-11,7.142543678850425e-11,7.138727175200796e-11,7.134909718317803e-11,7.131091343844445e-11,7.127272086598435e-11,7.123451980592833e-11,7.119631059045415e-11,7.115809354450723e-11,7.111986898526801e-11,7.108163722299473e-11,7.104339856075323e-11,7.100515329501019e-11,7.096690171552103e-11,7.092864410564819e-11,7.089038074252968e-11,7.085211189724029e-11,7.081383783492438e-11,7.077555881495348e-11,7.073727509116711e-11,7.069898691199128e-11,7.066069452033505e-11,7.062239815417145e-11,7.058409804638656e-11,7.054579442495116e-11,7.050748751311544e-11,7.046917752938494e-11,7.043086468796077e-11,7.03925491984403e-11,7.035423126624662e-11,7.031591109239123e-11,7.027758887426353e-11,7.023926480509715e-11,7.020093907404414e-11,7.016261186660864e-11,7.012428336487734e-11,7.008595374714749e-11,7.004762318802081e-11,7.000929185908409e-11,6.997095992842382e-11,6.993262756085747e-11,6.989429491817877e-11,6.985596215910474e-11,6.981762943929699e-11,6.977929691138093e-11,6.97409647252541e-11,6.970263302802973e-11,6.966430196411918e-11,6.962597167526452e-11,6.958764230060714e-11,6.954931397678388e-11,6.951098683797466e-11,6.947266101590488e-11,6.94343366399464e-11,6.939601383736644e-11,6.935769273295923e-11,6.931937344950467e-11,6.928105610754608e-11,6.924274082563257e-11,6.920442772012696e-11,6.916611690555944e-11,6.912780849446877e-11,6.908950259752206e-11,6.905119932350131e-11,6.90128987794077e-11,6.897460107042362e-11,6.893630630008507e-11,6.889801457018222e-11,6.885972598087299e-11,6.882144063076787e-11,6.878315861683083e-11,6.874488003443725e-11,6.870660497766502e-11,6.86683335388431e-11,6.863006580923862e-11,6.859180187812971e-11,6.855354183392391e-11,6.851528576351961e-11,6.847703375255428e-11,6.843878588533383e-11,6.840054224491089e-11,6.836230291310613e-11,6.832406797053685e-11,6.828583749664434e-11,6.824761156974636e-11,6.820939026719733e-11,6.817117366471869e-11,6.813296183754326e-11,6.809475485947748e-11,6.805655280350709e-11,6.801835574153816e-11,6.798016374446749e-11,6.794197688222348e-11,6.790379522371355e-11,6.786561883723854e-11,6.78274477898689e-11,6.778928214784308e-11,6.775112197657642e-11,6.771296734063572e-11,6.767481830373998e-11,6.763667492884807e-11,6.759853727796071e-11,6.75604054124197e-11,6.752227939285266e-11,6.748415927901724e-11,6.744604513000722e-11,6.74079370041693e-11,6.736983495912523e-11,6.733173905187357e-11,6.729364933862138e-11,6.725556587501511e-11,6.721748871591615e-11,6.71794179158148e-11,6.714135352828418e-11,6.710329560647456e-11,6.706524420277851e-11,6.702719936908737e-11,6.698916115685469e-11,6.695112961675504e-11,6.691310479911788e-11,6.687508675327351e-11,6.683707552856153e-11,6.679907117351232e-11,6.676107373617943e-11,6.672308326419473e-11,6.668509980462638e-11,6.664712340407691e-11,6.660915410868579e-11,6.657119196416179e-11,6.65332370154609e-11,6.649528930772602e-11,6.645734888491148e-11,6.6419415791017e-11,6.638149006966836e-11,6.634357176378791e-11,6.630566091601599e-11,6.626775756863245e-11,6.622986176339002e-11,6.61919735416563e-11,6.615409294481873e-11,6.611622001344001e-11,6.607835478783601e-11,6.604049730796898e-11,6.600264761357823e-11,6.596480574389512e-11,6.59269717378405e-11,6.588914563406057e-11,6.585132747085384e-11,6.581351728616874e-11,6.577571511766764e-11,6.573792100259366e-11,6.570013497814188e-11,6.566235708108561e-11,6.562458734776475e-11,6.558682581437667e-11,6.554907251675514e-11,6.551132749052992e-11,6.547359077100015e-11,6.543586239324033e-11,6.53981423920243e-11,6.536043080187435e-11,6.532272765707979e-11,6.528503299161646e-11,6.52473468392879e-11,6.520966923358873e-11,6.517200020785283e-11,6.51343397951019e-11,6.509668802816267e-11,6.505904493962752e-11,6.502141056186567e-11,6.498378492705085e-11,6.494616806706228e-11,6.490856001364381e-11,6.487096079820134e-11,6.483337045226263e-11,6.479578900677761e-11,6.475821649273077e-11,6.472065294068042e-11,6.468309838123808e-11,6.4645552844744e-11,6.460801636129976e-11,6.457048896076613e-11,6.453297067296636e-11,6.449546152746716e-11,6.445796155368739e-11,6.442047078086985e-11,6.438298923838252e-11,6.434551695451592e-11,6.430805395822717e-11,6.427060027812255e-11,6.423315594260126e-11,6.419572097992271e-11,6.415829541814532e-11,6.412087928520919e-11,6.408347260888759e-11,6.404607541680073e-11,6.400868773645815e-11,6.397130959514214e-11,6.393394102007658e-11,6.389658203814844e-11,6.385923267654624e-11,6.382189296177065e-11,6.378456292070693e-11,6.374724257973864e-11,6.370993196527604e-11,6.3672631103456e-11,6.363534002034737e-11,6.359805874207762e-11,6.356078729443501e-11,6.352352570314499e-11,6.348627399405786e-11,6.344903219215781e-11,6.34118003231061e-11,6.337457841233107e-11,6.333736648448983e-11,6.330016456483525e-11,6.326297267829598e-11,6.322579084966256e-11,6.318861910361264e-11,6.31514574646847e-11,6.31143059574035e-11,6.307716460602711e-11,6.304003343493987e-11,6.300291246824348e-11,6.296580172996053e-11,6.292870124399657e-11,6.289161103427381e-11,6.285453112450285e-11,6.281746153832539e-11,6.278040229927907e-11,6.274335343083097e-11,6.270631495635204e-11,6.266928689907198e-11,6.263226928209709e-11,6.259526212859712e-11,6.255826546155687e-11,6.252127930385144e-11,6.24843036782657e-11,6.244733860758443e-11,6.241038411435243e-11,6.237344022116909e-11,6.233650695049185e-11,6.229958432464589e-11,6.226267236596702e-11,6.22257710966832e-11,6.218888053888691e-11,6.215200071463891e-11,6.211513164585862e-11,6.207827335477267e-11,6.204142586261496e-11,6.200458919131931e-11,6.19677633625672e-11,6.193094839807747e-11,6.18941443190842e-11,6.185735114710272e-11,6.182056890352251e-11,6.178379760940772e-11,6.174703728631356e-11,6.171028795518449e-11,6.167354963707186e-11,6.163682235294616e-11,6.160010612370981e-11,6.156340097024131e-11,6.152670691325522e-11,6.149002397345187e-11,6.145335217146742e-11,6.141669152788169e-11,6.138004206318135e-11,6.134340379775424e-11,6.130677675196754e-11,6.127016094614259e-11,6.123355640048014e-11,6.119696313515403e-11,6.11603811702308e-11,6.112381052583669e-11,6.108725122173397e-11,6.10507032779955e-11,6.101416671437126e-11,6.097764155067626e-11,6.094112780659003e-11,6.090462550178454e-11,6.086813465583818e-11,6.083165528830796e-11,6.079518741864563e-11,6.075873106619178e-11,6.072228625031285e-11,6.06858529904414e-11,6.064943130571128e-11,6.061302121529511e-11,6.057662273829034e-11,6.054023589374741e-11,6.050386070065834e-11,6.046749717790592e-11,6.043114534443397e-11,6.039480521904773e-11,6.035847682051175e-11,6.032216016753711e-11,6.028585527876465e-11,6.024956217283256e-11,6.0213280868213e-11,6.017701138338568e-11,6.014075373689182e-11,6.010450794704564e-11,6.006827403214039e-11,6.003205201046018e-11,5.999584190022397e-11,5.995964371966706e-11,5.99234574865293e-11,5.988728321944161e-11,5.98511209359187e-11,5.981497065426348e-11,5.977883239219977e-11,5.974270616759155e-11,5.970659199835673e-11,5.967048990207818e-11,5.963439989639935e-11,5.959832199907627e-11,5.956225622764862e-11,5.952620259970928e-11,5.949016113266645e-11,5.94541318440204e-11,5.941811475114674e-11,5.938210987127277e-11,5.934611722166099e-11,5.931013681974303e-11,5.927416868271266e-11,5.92382128275303e-11,5.92022692713615e-11,5.916633803122552e-11,5.91304191241692e-11,5.909451256704914e-11,5.905861837688343e-11,5.902273657038363e-11,5.898686716436303e-11,5.895101017557343e-11,5.891516562078937e-11,5.887933351650872e-11,5.884351387946333e-11,5.880770672619558e-11,5.877191207315381e-11,5.873612993678956e-11,5.870036033353879e-11,5.866460327982497e-11,5.862885879182107e-11,5.859312688604995e-11,5.85574075786039e-11,5.852170088566073e-11,5.848600682334486e-11,5.84503254077395e-11,5.841465665489456e-11,5.837900058082702e-11,5.834335720146534e-11,5.830772653271895e-11,5.827210859043535e-11,5.823650339046765e-11,5.820091094854925e-11,5.816533128031992e-11,5.812976440154599e-11,5.8094210327873047e-11,5.805866907493552e-11,5.802314065822411e-11,5.798762509321698e-11,5.795212239538641e-11,5.79166325801249e-11,5.788115566279726e-11,5.7845691658673065e-11,5.781024058306736e-11,5.777480245128263e-11,5.773937727840916e-11,5.770396507970623e-11,5.766856586999708e-11,5.763317966472919e-11,5.759780647853217e-11,5.7562446326834146e-11,5.7527099224190755e-11,5.749176518580466e-11,5.745644422596994e-11,5.742113635987341e-11,5.738584160210417e-11,5.7350559967527404e-11,5.731529147075952e-11,5.728003612628868e-11,5.724479394887491e-11,5.720956495298813e-11,5.7174349153089435e-11,5.713914656362705e-11,5.710395719905375e-11,5.706878107373369e-11,5.7033618202121114e-11,5.6998468598174695e-11,5.696333227625845e-11,5.692820925058016e-11,5.689309953531274e-11,5.6858003144578727e-11,5.682292009240762e-11,5.6787850393172275e-11,5.675279406020613e-11,5.671775110769939e-11,5.6682721549696005e-11,5.6647705399970363e-11,5.661270267238675e-11,5.6577713380694546e-11,5.654273753891195e-11,5.6507775160066785e-11,5.647282625802589e-11,5.64378908466904e-11,5.6402968939422386e-11,5.636806054968171e-11,5.6333165691213716e-11,5.6298284377252585e-11,5.626341662126073e-11,5.622856243659352e-11,5.61937218366234e-11,5.61588948344885e-11,5.6124081443494765e-11,5.6089281676836176e-11,5.605449554769124e-11,5.601972306921127e-11,5.598496425431965e-11,5.595021911617545e-11,5.5915487667654455e-11,5.5880769921659305e-11,5.584606589136727e-11,5.581137558947227e-11,5.5776699028905136e-11,5.5742036222266686e-11,5.5707387182339466e-11,5.567275192198505e-11,5.563813045372295e-11,5.560352279029386e-11,5.556892894401238e-11,5.553434892771889e-11,5.549978275389442e-11,5.546523043496722e-11,5.543069198327025e-11,5.5396167411103887e-11,5.536165673107791e-11,5.5327159955414726e-11,5.52926770964406e-11,5.525820816619558e-11,5.52237531767899e-11,5.518931214040171e-11,5.5154885069362255e-11,5.5120471975695605e-11,5.5086072871304916e-11,5.505168776821671e-11,5.501731667828498e-11,5.498295961377094e-11,5.4948616586102414e-11,5.491428760727876e-11,5.4879972689107326e-11,5.484567184326796e-11,5.4811385081484574e-11,5.4777112415486324e-11,5.4742853856659096e-11,5.4708609417042056e-11,5.4674379107963386e-11,5.464016294085307e-11,5.460596092727631e-11,5.457177307853353e-11,5.453759940613769e-11,5.4503439921496864e-11,5.446929463583576e-11,5.4435163560458164e-11,5.440104670657756e-11,5.436694408554408e-11,5.433285570828853e-11,5.429878158595301e-11,5.4264721729876604e-11,5.423067615064152e-11,5.419664485975896e-11,5.416262786788539e-11,5.412862518591643e-11,5.4094636824984375e-11,5.406066279579216e-11,5.402670310917999e-11,5.399275777589407e-11,5.395882680649266e-11,5.3924910211924575e-11,5.389100800294988e-11,5.3857120190035395e-11,5.3823246783759965e-11,5.3789387794669627e-11,5.3755543233263e-11,5.3721713110055595e-11,5.368789743540371e-11,5.365409621971414e-11,5.3620309473330404e-11,5.3586537206668533e-11,5.355277942993785e-11,5.351903615333156e-11,5.348530738689797e-11,5.345159314118349e-11,5.341789342629159e-11,5.3384208251968165e-11,5.335053762850446e-11,5.3316881565788514e-11,5.3283240073859886e-11,5.324961316267728e-11,5.3216000842162226e-11,5.318240312195152e-11,5.314882001212982e-11,5.311525152289837e-11,5.3081697663028794e-11,5.3048158442751716e-11,5.30146338716791e-11,5.298112395952005e-11,5.294762871576767e-11,5.291414814994144e-11,5.288068227179246e-11,5.284723109062964e-11,5.281379461603575e-11,5.2780372857325904e-11,5.2746965823924976e-11,5.271357352515936e-11,5.2680195970347187e-11,5.2646833168753855e-11,5.261348512958678e-11,5.2580151862045155e-11,5.2546833375287594e-11,5.2513529678447926e-11,5.2480240780620954e-11,5.2446966690813514e-11,5.241370741804122e-11,5.238046297129603e-11,5.234723335952753e-11,5.231401859155318e-11,5.228081867630789e-11,5.224763362291217e-11,5.221446343959313e-11,5.218130813535255e-11,5.214816771882801e-11,5.211504219860293e-11,5.208193158376439e-11,5.204883588264503e-11,5.201575510389618e-11,5.198268925595656e-11,5.194963834738717e-11,5.191660238663719e-11,5.188358138212916e-11,5.185057534236452e-11,5.1817584275521916e-11,5.178460818979388e-11,5.175164709383614e-11,5.171870099563515e-11,5.1685769903459847e-11,5.1652853825640954e-11,5.161995277026309e-11,5.1587066745321655e-11,5.1554195758957086e-11,5.1521339819188566e-11,5.1488498934012747e-11,5.1455673111399055e-11,5.142286235926437e-11,5.1390066685521347e-11,5.135728609801239e-11,5.1324520604523885e-11,5.1291770212936186e-11,5.1259034930993425e-11,5.122631476635024e-11,5.119360972644585e-11,5.116091981941707e-11,5.112824505266354e-11,5.109558543376016e-11,5.1062940970038524e-11,5.1030311669326914e-11,5.0997697538999805e-11,5.0965098586423634e-11,5.0932514819087926e-11,5.089994624427682e-11,5.0867392869293846e-11,5.0834854701586e-11,5.080233174835067e-11,5.07698240168676e-11,5.073733151416701e-11,5.070495391123486e-11,5.06724918408418e-11,5.0640045020831574e-11,5.0607613458134265e-11,5.057519715974656e-11,5.0542796132626694e-11,5.051041038385056e-11,5.047803992014856e-11,5.0445684748395796e-11,5.0413344875489506e-11,5.038102030847361e-11,5.0348711053964854e-11,5.0316417118691364e-11,5.028413850939109e-11,5.025187523272883e-11,5.0219627295356244e-11,5.0187394703870994e-11,5.015517746485852e-11,5.012297558529893e-11,5.009078907076665e-11,5.005861792833531e-11,5.0026462164368026e-11,4.9994321785274984e-11,4.9962196797427755e-11,4.9930087207172297e-11,4.989799302081578e-11,4.986591424461831e-11,4.983385088484551e-11,4.980180294769466e-11,4.976977043936446e-11,4.973775336597397e-11,4.9705751733708e-11,4.967376554838293e-11,4.964179481636765e-11,4.960983954355493e-11,4.957789973590048e-11,4.954597539935815e-11,4.951406653984527e-11,4.948217316323794e-11,4.945029527514733e-11,4.941843288184705e-11,4.938658598900441e-11,4.935475460215851e-11,4.932293872716207e-11,4.9291138369602246e-11,4.925935353520305e-11,4.922758422958561e-11,4.9195830458297265e-11,4.916409222690527e-11,4.913236954072037e-11,4.91006624056665e-11,4.90689708269678e-11,4.903729481012727e-11,4.900563436039647e-11,4.897398948323558e-11,4.894236018393254e-11,4.8910746467852256e-11,4.887914834015004e-11,4.884756580609545e-11,4.8815998870735584e-11,4.878444753977218e-11,4.8752911817739574e-11,4.872139171000723e-11,4.868988722157445e-11,4.865839835757493e-11,4.8626925122832476e-11,4.859546752255387e-11,4.8564025561549875e-11,4.8532599244806785e-11,4.8501188577239494e-11,4.8469793563559656e-11,4.843841420884323e-11,4.840705051755195e-11,4.837570249454014e-11,4.8344370144793824e-11,4.831305347258691e-11,4.8281752482806476e-11,4.825046717994412e-11,4.821919756883231e-11,4.81879436539225e-11,4.815670543960507e-11,4.812548293072384e-11,4.8094276131442035e-11,4.8063085046417573e-11,4.80319096799272e-11,4.8000750036441515e-11,4.7969606120609113e-11,4.7938477936119864e-11,4.790736548761872e-11,4.7876268779446105e-11,4.784518781573845e-11,4.7814122600557425e-11,4.778307313824377e-11,4.775203943290381e-11,4.7721021488824586e-11,4.7690019309702254e-11,4.76590329000322e-11,4.7628062263588147e-11,4.759710740438364e-11,4.756616832637168e-11,4.753524503348761e-11,4.7504337529622485e-11,4.747344581866635e-11,4.7442569904455563e-11,4.7411709790785414e-11,4.738086548149187e-11,4.735003698026222e-11,4.731922429083036e-11,4.728842741693116e-11,4.72576463621482e-11,4.722688113018655e-11,4.7196131724526314e-11,4.716539814896655e-11,4.713468040690009e-11,4.710397850187039e-11,4.707329243739725e-11,4.7042622216882564e-11,4.701196784375984e-11,4.698132932148977e-11,4.6950706653364127e-11,4.692009984275113e-11,4.688950889299568e-11,4.6858933807343766e-11,4.682837458922675e-11,4.67978312415352e-11,4.676730376764104e-11,4.673679217066483e-11,4.6706296453818756e-11,4.6675816620179836e-11,4.664535267283631e-11,4.661490461483858e-11,4.6584472449403025e-11,4.655405617911537e-11,4.652365580718603e-11,4.6493271336563875e-11,4.6462902770097475e-11,4.6432550110700354e-11,4.640221336124797e-11,4.637189252449783e-11,4.634158760330511e-11,4.6311298600325644e-11,4.628102551850672e-11,4.625076836060992e-11,4.622052712901933e-11,4.6190301826534174e-11,4.6160092455733685e-11,4.61298990193968e-11,4.6099721519952196e-11,4.6069559959999594e-11,4.603941434201049e-11,4.6009284668402316e-11,4.5979170941841486e-11,4.594907316471457e-11,4.591899133937322e-11,4.588892546815311e-11,4.5858875553502395e-11,4.5828841598088924e-11,4.579882360343587e-11,4.587576667843957e-11,4.595589197910399e-11,4.604339843497072e-11,4.613933515562636e-11,4.624437928156069e-11,4.6359082424255355e-11,4.64838919703056e-11,4.6619154700067554e-11,4.6765120371198984e-11,4.692194651832562e-11,4.708970433077351e-11,4.7268385357130234e-11,4.745790878622471e-11,4.7658129071357756e-11,4.786884368951347e-11,4.808980085285925e-11,4.8320707021387144e-11,4.856123409220539e-11,4.8811026173040143e-11,4.906970586859078e-11,4.933688003700219e-11,4.961214499059293e-11,4.989509113489981e-11,5.0185307051783983e-11,5.048238304595203e-11,5.0785914180110895e-11,5.109550283549143e-11,5.1410760827130225e-11,5.173131112124873e-11,5.2056789189038397e-11,5.2386844038342665e-11,5.272113896003795e-11,5.30593520273616e-11,5.340117638225386e-11,5.3746320336329695e-11,5.40945073197049e-11,5.444547570117834e-11,5.4798978505037836e-11,5.5154783041440017e-11,5.5512670471535724e-11,5.587243532224583e-11,5.6233884963520737e-11,5.659683906030898e-11,5.696112900889442e-11,5.7326597366223e-11,5.7693097278129724e-11,5.80604919129605e-11,5.842865390570271e-11,5.879746481404416e-11,5.916681459146751e-11,5.95366010787214e-11,5.99067295146135e-11,6.027711206889221e-11,6.064766739364e-11,6.10183202014274e-11,6.138900086140588e-11,6.175964501720051e-11,6.213019322899818e-11,6.250059063400209e-11,6.287078662821277e-11,6.324073456568845e-11,6.361039147920936e-11,6.397971781759809e-11,6.434867719890692e-11,6.471723618172008e-11,6.508536405019821e-11,6.545303261509787e-11,6.582021602632162e-11,6.618689060066237e-11,6.655303466029705e-11,6.69186283829695e-11,6.728365366273749e-11,6.764809398029523e-11,6.80119342835705e-11,6.837516087531068e-11,6.873776131162279e-11,6.909972430472568e-11,6.946103963497532e-11,6.98216980688715e-11,7.018169128263442e-11,7.054101179251255e-11,7.08996528890154e-11,7.125760857627707e-11,7.161487351825509e-11,7.197144298560319e-11,7.232731280869091e-11,7.268247933384503e-11,7.303693938110775e-11,7.339069020916518e-11,7.374372947948905e-11,7.409605522347643e-11,7.444766581448913e-11,7.479855993974332e-11,7.514873657513545e-11,7.549819496233244e-11,7.584693458599624e-11,7.619495515610153e-11,7.654225658833916e-11,7.68888389876397e-11,7.723470263262653e-11,7.757984796090885e-11,7.792427555680216e-11,7.826798613803538e-11,7.861098054519029e-11,7.895325973150789e-11,7.929482475276495e-11,7.963567675891269e-11,7.997581698584713e-11,8.031524674800484e-11,8.065396743123015e-11,8.099198048751544e-11,8.132928742715235e-11,8.166588981527345e-11,8.200178926496797e-11,8.233698743585476e-11,8.267148602847577e-11,8.300528677774604e-11,8.333839145199606e-11,8.367080184963056e-11,8.40025197944352e-11,8.433354713946935e-11,8.466388575271949e-11,8.499353752437259e-11,8.532250436115128e-11,8.565078818395772e-11,8.59783909296489e-11,8.630531454420456e-11,8.663156098139691e-11,8.695713220770277e-11,8.728203019591698e-11,8.760625692373674e-11,8.792981437385098e-11,8.825270453351083e-11,8.857492939119504e-11,8.889649094075219e-11,8.921739117509637e-11,8.953763208875824e-11,8.985721567551498e-11,9.017614392998176e-11,9.049441884344105e-11,9.081204240675487e-11,9.112901661111672e-11,9.144534344084277e-11,9.1761024879915e-11,9.207606290919076e-11,9.239045950517448e-11,9.270421664063413e-11,9.301733628475486e-11,9.332982040239618e-11,9.364167095320058e-11,9.395288989242096e-11,9.426347917008305e-11,9.457344073196216e-11,9.48827765170782e-11,9.519148846102113e-11,9.549957849264055e-11,9.580704853520993e-11,9.611390050723614e-11,9.642013632001019e-11,9.672575787744711e-11,9.703076708123125e-11,9.733516582543162e-11,9.7638955997531e-11,9.794213948023275e-11,9.824471814807351e-11,9.85466938706712e-11,9.884806851150817e-11,9.914884392700769e-11,9.944902196797492e-11,9.974860447862646e-11,1.0004759329693325e-10,1.0034599025451458e-10,1.006437971757527e-10,1.0094101588099967e-10,1.0123764818199827e-10,1.015336958849073e-10,1.0182916078924246e-10,1.0212404468905637e-10,1.0241834937073813e-10,1.0271207661543073e-10,1.030052281971325e-10,1.0329780588375046e-10,1.0358981143792092e-10,1.03881246613559e-10,1.0417211315979754e-10,1.044624128203858e-10,1.0475214733138996e-10,1.0504131842300228e-10,1.0532992781923279e-10,1.0561797723779136e-10,1.0590546839034615e-10,1.0619240298196527e-10,1.0647878271242994e-10,1.0676460927363027e-10,1.0704988435296896e-10,1.0733460963116219e-10,1.0761878678279684e-10,1.0790241747619346e-10,1.0818550337423194e-10,1.0846804613308096e-10,1.0875004740307881e-10,1.0903150882664476e-10,1.093124320461597e-10,1.0959281869211818e-10,1.0987267039082393e-10,1.1015198876301617e-10,1.1043077542320889e-10,1.10709031979595e-10,1.1098676003561168e-10,1.1126396118820449e-10,1.1154063702864587e-10,1.1181678914337411e-10,1.1209241911114508e-10,1.1236752850585444e-10,1.1264211889566118e-10,1.1291619184298846e-10,1.1318974890459019e-10,1.1346279163155744e-10,1.1373532156944615e-10,1.1400734025964088e-10,1.1427884923279628e-10,1.1454985001903388e-10,1.148203441416398e-10,1.1509033311823276e-10,1.1535981846061739e-10,1.1562880167533176e-10,1.158972842633122e-10,1.1616526771995592e-10,1.1643275353532538e-10,1.1669974319399558e-10,1.1696623817558134e-10,1.1723223995324133e-10,1.174977499956094e-10,1.1776276976574273e-10,1.180273007219782e-10,1.1829134431633306e-10,1.1855490199617617e-10,1.1881797520339555e-10,1.1908056537467642e-10,1.193426739416941e-10,1.196043023305895e-10,1.1986545196196924e-10,1.2012612425282317e-10,1.203863206133615e-10,1.2064604244936982e-10,1.2090529116134675e-10,1.2116406814457674e-10,1.2142237479007424e-10,1.216802124830411e-10,1.2193758260300563e-10,1.2219448652581784e-10,1.224509256221509e-10,1.2270690125677002e-10,1.229624147903714e-10,1.2321746757913247e-10,1.234720609728924e-10,1.2372619631683788e-10,1.2397987495193195e-10,1.2423309821521263e-10,1.2448586743690256e-10,1.2473818394259668e-10,1.2499004905452306e-10,1.2524146408942292e-10,1.2549243035806557e-10,1.257429491694723e-10,1.259930218252613e-10,1.2624264962304913e-10,1.2649183385605181e-10,1.2674057581002863e-10,1.2698887677294066e-10,1.2723673802260212e-10,1.2748416083413866e-10,1.2773114647454538e-10,1.2797769621086364e-10,1.2822381130345592e-10,1.284694930076433e-10,1.287147425761944e-10,1.2895956125579923e-10,1.2920395028887145e-10,1.2944791091377505e-10,1.2969144436366856e-10,1.299345518676309e-10,1.3017723465053209e-10,1.3041949393266513e-10,1.3066133092982783e-10,1.3090274685443402e-10,1.3114374291192457e-10,1.3138432030579557e-10,1.3162448023462035e-10,1.3186422389252546e-10,1.3210355246974785e-10,1.323424671508895e-10,1.3258096911766443e-10,1.3281905954710842e-10,1.330567396120158e-10,1.3329401048075723e-10,1.3353087331802743e-10,1.3376732928388784e-10,1.340033795342237e-10,1.34239025221102e-10,1.3447426749160485e-10,1.3470910749014073e-10,1.3494354635660508e-10,1.3517758522440662e-10,1.3541122522650793e-10,1.3564446748904382e-10,1.3587731313580012e-10,1.361097632862201e-10,1.3634181905479703e-10,1.3657348155265184e-10,1.3680475188711788e-10,1.3703563116149113e-10,1.3726612047492367e-10,1.3749622092268674e-10,1.377259335966389e-10,1.3795525958297543e-10,1.3818419996664449e-10,1.3841275582627142e-10,1.386409282380595e-10,1.388687182739665e-10,1.390961270021182e-10,1.3932315548668126e-10,1.3954980478851557e-10,1.3977607596361482e-10,1.400019700652165e-10,1.4022748814501592e-10,1.4045263124226785e-10,1.4067740040334787e-10,1.4090179666504802e-10,1.4112582106165393e-10,1.4134947462350587e-10,1.4157275837771128e-10,1.4179567334647667e-10,1.420182205510588e-10,1.4224040100646448e-10,1.4246221572497276e-10,1.4268366571527123e-10,1.42904751982088e-10,1.431254755275966e-10,1.433458373492496e-10,1.4356583844146054e-10,1.437854797950675e-10,1.4400476239884011e-10,1.4422368723294795e-10,1.4444225527993571e-10,1.4466046751670203e-10,1.4487832491834314e-10,1.4509582845106724e-10,1.4531297908213865e-10,1.4552977777807313e-10,1.4574622549249775e-10,1.4596232318462341e-10,1.4617807180699475e-10,1.4639347230915525e-10,1.4660852563676983e-10,1.4682323273275497e-10,1.4703759453596693e-10,1.472516119829462e-10,1.4746528600559062e-10,1.4767861753333842e-10,1.4789160749250636e-10,1.4810425680524971e-10,1.483165663917529e-10,1.4852853716792785e-10,1.4874017004662843e-10,1.4895146593758066e-10,1.4916242574737656e-10,1.493730503792725e-10,1.4958334073331436e-10,1.4979329770632522e-10,1.5000292219209116e-10,1.5021221508107937e-10,1.5042117726088724e-10,1.5062980961569712e-10,1.5083811302632935e-10,1.510460883715419e-10,1.5125373652586845e-10,1.5146105836122154e-10,1.516680547463291e-10,1.518747265477625e-10,1.520810746274888e-10,1.5228709984406775e-10,1.5249280305480478e-10,1.5269818511366478e-10,1.5290324687091912e-10,1.5310798917422316e-10,1.533124128685185e-10,1.535165187955746e-10,1.5372030779221371e-10,1.5392378069511314e-10,1.5412693833871978e-10,1.5432978155135604e-10,1.5453231115866366e-10,1.5473452798598582e-10,1.5493643285424655e-10,1.5513802658175308e-10,1.5533930998327413e-10,1.5554028387230184e-10,1.5574094905791895e-10,1.5594130634726575e-10,1.561413565437684e-10,1.5634110044853586e-10,1.5654053885968876e-10,1.5673967257355875e-10,1.5693850238177873e-10,1.5713702907550375e-10,1.5733525344293812e-10,1.575331762653764e-10,1.57730798325795e-10,1.5792812040301022e-10,1.5812514327426848e-10,1.5832186771236962e-10,1.585182944881606e-10,1.5871442436968618e-10,1.5891025812245468e-10,1.5910579650923382e-10,1.593010402899679e-10,1.5949599022224065e-10,1.5969064706075586e-10,1.5988501155758748e-10,1.600790844622653e-10,1.602728665217497e-10,1.60466358479959e-10,1.6065956107945906e-10,1.60852475058832e-10,1.6104510115429375e-10,1.6123744010052718e-10,1.6142949262869722e-10,1.6162125946685623e-10,1.6181274134306342e-10,1.6200393898023652e-10,1.6219485309938838e-10,1.6238548441980489e-10,1.625758336576903e-10,1.6276590152667937e-10,1.6295568873812538e-10,1.6314519600101285e-10,1.6333442402177242e-10,1.635233735042786e-10,1.637120451514333e-10,1.639004396595232e-10,1.64088557726605e-10,1.6427640004697002e-10,1.6446396731218447e-10,1.6465126021182808e-10,1.6483827943327885e-10,1.6502502566087356e-10,1.6521149957709515e-10,1.6539770186189294e-10,1.6558363319271999e-10,1.6576929424701705e-10,1.6595468569337457e-10,1.661398082045108e-10,1.663246624491554e-10,1.6650924909274685e-10,1.6669356879913876e-10,1.6687762222963633e-10,1.6706141004355195e-10,1.6724493289412e-10,1.674281914428985e-10,1.676111863387883e-10,1.6779391823168395e-10,1.679763877696786e-10,1.6815859559802686e-10,1.6834054235817905e-10,1.685222286955836e-10,1.6870365524705868e-10,1.688848226492982e-10,1.690657315367529e-10,1.692463825422107e-10,1.6942677629570965e-10,1.69606913425245e-10,1.6978679455677544e-10,1.6996642031420247e-10,1.7014579131905014e-10,1.7032490819102542e-10,1.7050377154704589e-10,1.7068238200257831e-10,1.708607401708807e-10,1.710388466629774e-10,1.7121670208732373e-10,1.7139430705177941e-10,1.7157166216106525e-10,1.7174876801728773e-10,1.7192562522239634e-10,1.7210223437281482e-10,1.7227859606637294e-10,1.7245471089745457e-10,1.7263057945838178e-10,1.7280620234059403e-10,1.7298158013158157e-10,1.7315671341908323e-10,1.7333160278604008e-10,1.7350624881538456e-10,1.7368065208784103e-10,1.7385481318194862e-10,1.74028732674909e-10,1.7420241114147563e-10,1.7437584915207795e-10,1.7454904727886834e-10,1.7472200609068422e-10,1.74894726154179e-10,1.7506720803430007e-10,1.7523945229282339e-10,1.7541145949362196e-10,1.7558323019408988e-10,1.7575476495208113e-10,1.7592606432270842e-10,1.760971288602371e-10,1.7626795911529263e-10,1.7643855563756635e-10,1.7660891897569831e-10,1.7677904967561964e-10,1.7694894828155075e-10,1.7711861533577036e-10,1.7728805137865726e-10,1.7745725694913182e-10,1.776262325844116e-10,1.7779497881966452e-10,1.7796349618731133e-10,1.7813178521988224e-10,1.7829984644539395e-10,1.7846768039286856e-10,1.7863528758936949e-10,1.7880266855846965e-10,1.7896982382277958e-10,1.7913675390367062e-10,1.7930345931968941e-10,1.7946994058783502e-10,1.7963619822463155e-10,1.7980223274299827e-10,1.799680446556153e-10,1.8013363447344168e-10,1.8029900270451443e-10,1.804641498557964e-10,1.806290764328737e-10,1.8079378293945955e-10,1.809582698774884e-10,1.811225377472837e-10,1.812865870473678e-10,1.8145041827481783e-10,1.816140319248581e-10,1.8177742849089479e-10,1.8194060846544438e-10,1.821035723382581e-10,1.8226632059755954e-10,1.824288537300968e-10,1.8259117222397318e-10,1.8275327656152364e-10,1.8291516722487842e-10,1.8307684469459136e-10,1.8323830944938306e-10,1.833995619673825e-10,1.8356060272404583e-10,1.8372143219364237e-10,1.8388205084825102e-10,1.8404245916026138e-10,1.842026575984924e-10,1.84362646631012e-10,1.8452242672414308e-10,1.8468199834295022e-10,1.8484136195022151e-10,1.8500051800890383e-10,1.8515946697813298e-10,1.8531820931715512e-10,1.85476745484112e-10,1.856350759330026e-10,1.8579320111954204e-10,1.8595112149518918e-10,1.8610883751185862e-10,1.862663496192643e-10,1.8642365826569775e-10,1.8658076389818078e-10,1.8673766696088203e-10,1.8689436789937216e-10,1.870508671551569e-10,1.872071651698869e-10,1.8736326238151175e-10,1.875191592283098e-10,1.8767485614810612e-10,1.8783035357506007e-10,1.8798565194419776e-10,1.8814075168701314e-10,1.8829565323276684e-10,1.8845035701477086e-10,1.8860486345777612e-10,1.8875917298943107e-10,1.8891328603574872e-10,1.8906720301935147e-10,1.8922092436326157e-10,1.893744504886908e-10,1.8952778181372527e-10,1.8968091875991202e-10,1.8983386174272431e-10,1.8998661117775814e-10,1.901391674792094e-10,1.902915310602116e-10,1.9044370233263005e-10,1.905956817058106e-10,1.9074746958923518e-10,1.908990663904479e-10,1.9105047251572081e-10,1.9120168836978e-10,1.9135271435662359e-10,1.9150355087840111e-10,1.916541983360478e-10,1.918046571296251e-10,1.919549276570147e-10,1.9210501031539717e-10,1.9225490550094876e-10,1.9240461360806346e-10,1.925541350302471e-10,1.9270347015948543e-10,1.9285261938623666e-10,1.930015830998745e-10,1.9315036168853583e-10,1.9329895553934515e-10,1.9344736503691395e-10,1.935955905680485e-10,1.937436325146898e-10,1.9389149125916063e-10,1.9403916718205067e-10,1.9418666066263975e-10,1.9433397207955263e-10,1.9448110180989555e-10,1.9462805022983133e-10,1.9477481771345054e-10,1.9492140463473034e-10,1.95067811365881e-10,1.9521403827759084e-10,1.9536008574035922e-10,1.955059541226053e-10,1.9565164379188274e-10,1.9579715511455436e-10,1.9594248845579165e-10,1.9608764417967637e-10,1.9623262264894186e-10,1.963774242254844e-10,1.9652204926978348e-10,1.9666649814096834e-10,1.9681077119782133e-10,1.9695486879719942e-10,1.970987912950878e-10,1.9724253904634523e-10,1.973861124046837e-10,1.9752951172268345e-10,1.9767273735185091e-10,1.9781578964252796e-10,1.9795866894394084e-10,1.981013756042495e-10,1.9824390997019322e-10,1.9838627238831755e-10,1.985284632031667e-10,1.9867048275847929e-10,1.988123313969221e-10,1.9895400946011374e-10,1.9909551728850967e-10,1.9923685522153469e-10,1.9937802359752784e-10,1.9951902275395457e-10,1.9965985302679403e-10,1.9980051475132145e-10,1.9994100826159155e-10,2.0008133389095221e-10,2.0022149197080855e-10,2.003614828329571e-10,2.0050130680665386e-10,2.0064096422101703e-10,2.0078045540395408e-10,2.0091978068251855e-10,2.0105894038201267e-10,2.0119793482745893e-10,2.0133676434267965e-10,2.0147542925039574e-10,2.0161392987238092e-10,2.0175226652940387e-10,2.018904395411794e-10,2.0202844922648735e-10,2.0216629590298753e-10,2.023039798875864e-10,2.0244150149600537e-10,2.025788610430615e-10,2.0271605884251288e-10,2.0285309520716013e-10,2.0298997044910294e-10,2.0312668487894475e-10,2.0326323880690104e-10,2.0339963254163695e-10,2.0353586639127918e-10,2.0367194066314182e-10,2.0380785566295887e-10,2.039436116960585e-10,2.040792090656068e-10,2.0421464807695694e-10,2.0434992903142165e-10,2.0448505223043225e-10,2.0462001797531777e-10,2.047548265638279e-10,2.0488947829437538e-10,2.0502397346699422e-10,2.0515831237732663e-10,2.052924953212652e-10,2.05426522593114e-10,2.055603944873561e-10,2.05694111298737e-10,2.0582767331878292e-10,2.0596108083702164e-10,2.0609433414452393e-10,2.062274335320865e-10,2.063603792878034e-10,2.0649317169945328e-10,2.0662581105409842e-10,2.0675829763676592e-10,2.0689063173438726e-10,2.0702281363051614e-10,2.071548436091665e-10,2.0728672195181484e-10,2.0741844893985944e-10,2.0755002485594624e-10,2.0768144997910834e-10,2.078127245877812e-10,2.0794384896161437e-10,2.0807482337774783e-10,2.082056481125867e-10,2.0833632344212246e-10,2.0846684964079618e-10,2.0859722698299634e-10,2.0872745574217958e-10,2.0885753619107615e-10,2.0898746860092925e-10,2.0911725324294768e-10,2.0924689038653282e-10,2.0937638030114475e-10,2.0950572325533458e-10,2.096349195167287e-10,2.097639693516956e-10,2.098928730264913e-10,2.1002163080621723e-10,2.1015024295526554e-10,2.102787097372908e-10,2.1040703141505294e-10,2.1053520825054433e-10,2.1066324050500732e-10,2.1079112843885331e-10,2.1091887231183518e-10,2.110464723827499e-10,2.111739289097258e-10,2.1130124215011342e-10,2.1142841236048573e-10,2.115554397966931e-10,2.1168232471376465e-10,2.1180906736600832e-10,2.119356680069448e-10,2.120621268893652e-10,2.121884442653073e-10,2.1231462038644603e-10,2.1244065550295718e-10,2.1256654986421702e-10,2.1269230371967276e-10,2.1281791731812077e-10,2.1294339090663418e-10,2.1306872473171726e-10,2.131939190401923e-10,2.1331897407684452e-10,2.134438900867478e-10,2.1356866731380547e-10,2.1369330600159527e-10,2.1381780639198567e-10,2.1394216872709786e-10,2.140663932480769e-10,2.1419048019553346e-10,2.1431442980865825e-10,2.144382423267049e-10,2.145619179880309e-10,2.1468545703021121e-10,2.1480885968992863e-10,2.1493212620326146e-10,2.1505525680628203e-10,2.1517825173354201e-10,2.1530111121918464e-10,2.1542383549667074e-10,2.1554642479879338e-10,2.1566887935791903e-10,2.157911994050191e-10,2.1591338517093598e-10,2.1603543688585632e-10,2.161573547792009e-10,2.1627913907972806e-10,2.1640079001549123e-10,2.1652230781357498e-10,2.166436927015703e-10,2.1676494490517927e-10,2.1688606464986387e-10,2.1700705216048063e-10,2.1712790766126513e-10,2.1724863137559407e-10,2.1736922352627083e-10,2.1748968433567792e-10,2.1761001402541133e-10,2.177302128163756e-10,2.178502809290562e-10,2.1797021858301603e-10,2.1809002599725086e-10,2.1820970339030546e-10,2.1832925098011776e-10,2.1844866898363685e-10,2.1856795761756475e-10,2.1868711709799922e-10,2.1880614763997366e-10,2.1892504945841028e-10,2.1904382276728736e-10,2.1916246778042532e-10,2.192809847104314e-10,2.1939937376994577e-10,2.1951763517010733e-10,2.1963576912231487e-10,2.197537758369061e-10,2.19871655524287e-10,2.1998940839335215e-10,2.2010703465272973e-10,2.2022453451070995e-10,2.2034190817478122e-10,2.204591558519525e-10,2.205762777485549e-10,2.2069327407033186e-10,2.2081014502262676e-10,2.2092689080990586e-10,2.210435116362353e-10,2.211600077050911e-10,2.2127637921973737e-10,2.213926263819329e-10,2.215087493941247e-10,2.2162474845720127e-10,2.217406237724391e-10,2.2185637553857112e-10,2.2197200395595628e-10,2.2208750922350625e-10,2.2220289153960862e-10,2.223181511018445e-10,2.2243328810793284e-10,2.2254830275445643e-10,2.2266319523805224e-10,2.22777965754227e-10,2.2289261449794661e-10,2.2300714166410869e-10,2.2312154744629224e-10,2.2323583203828026e-10,2.2334999563276785e-10,2.2346403842279358e-10,2.235779606000154e-10,2.23691762355759e-10,2.238054438809761e-10,2.2391900536603962e-10,2.240324470006867e-10,2.2414576897432827e-10,2.2425897147637268e-10,2.2437205469377882e-10,2.244850188149444e-10,2.245978640270991e-10,2.2471059051697564e-10,2.2482319847079613e-10,2.249356880742719e-10,2.2504805951256178e-10,2.251603129704623e-10,2.2527244863218644e-10,2.2538446668130871e-10,2.2549636730097566e-10,2.256081506741025e-10,2.257198169827538e-10,2.2583136640871928e-10,2.259427991331066e-10,2.2605411533679048e-10,2.2616531519993676e-10,2.2627639890230089e-10,2.2638736662317132e-10,2.2649821854128669e-10,2.2660895483492448e-10,2.2671957568199926e-10,2.26830081259963e-10,2.2694047174539017e-10,2.2705074731491263e-10,2.2716090814437636e-10,2.2727095440895445e-10,2.273808862841293e-10,2.2749070394440847e-10,2.276004075630254e-10,2.2770999731465664e-10,2.2781947337170958e-10,2.2792883590736521e-10,2.2803808509340906e-10,2.2814722110179308e-10,2.2825624410367424e-10,2.2836515427001423e-10,2.2847395177110955e-10,2.2858263677691336e-10,2.2869120945664297e-10,2.2879966998009152e-10,2.2890801851469488e-10,2.290162552295727e-10,2.2912438029213776e-10,2.2923239386956925e-10,2.2934029612646185e-10,2.2944808723372209e-10,2.295557673549528e-10,2.2966333665510083e-10,2.297707953004184e-10,2.2987814345499993e-10,2.2998538128282134e-10,2.3009250894752588e-10,2.3019952661332233e-10,2.303064344426318e-10,2.3041323259792175e-10,2.3051992124111102e-10,2.30626500534183e-10,2.307329706375979e-10,2.308393317134287e-10,2.3094558392146525e-10,2.3105172742155382e-10,2.3115776237447389e-10,2.3126368893715913e-10,2.3136950726945877e-10,2.3147521752958332e-10,2.3158081987572795e-10,2.3168631446506827e-10,2.3179170145506243e-10,2.3189698100219904e-10,2.320021532631111e-10,2.321072183932245e-10,2.3221217654832136e-10,2.3231702788342724e-10,2.3242177255343436e-10,2.3252641071181105e-10,2.3263094251375362e-10,2.327353681128222e-10,2.328396876607858e-10,2.32943901311179e-10,2.330480092162842e-10,2.331520115281299e-10,2.3325590839835356e-10,2.333596999780095e-10,2.334633864179582e-10,2.335669678686326e-10,2.3367044448009785e-10,2.337738164020558e-10,2.338770837837497e-10,2.3398024677412546e-10,2.340833055217209e-10,2.3418626017471976e-10,2.342891108809135e-10,2.343918577877245e-10,2.344945010422175e-10,2.345970407911143e-10,2.3469947718066023e-10,2.3480181035684774e-10,2.349040404652704e-10,2.3500616765113597e-10,2.351081920593349e-10,2.3521011383434427e-10,2.3531193312037095e-10,2.354136500611085e-10,2.3551526480003217e-10,2.35616777480079e-10,2.357181882442176e-10,2.358194972347067e-10,2.359207045935433e-10,2.3602181046198345e-10,2.3612281498215025e-10,2.3622371829459864e-10,2.3632452053994146e-10,2.3642522185868413e-10,2.3652582239027807e-10,2.366263222744917e-10,2.367267216506709e-10,2.3682702065763946e-10,2.369272194339662e-10,2.370273181179e-10,2.371273168472489e-10,2.3722721575959005e-10,2.3732701499214983e-10,2.374267146818456e-10,2.3752631496531397e-10,2.376258159784856e-10,2.377252178573516e-10,2.3782452073694894e-10,2.379237247529459e-10,2.380228300411014e-10,2.3812183673508207e-10,2.3822074496914714e-10,2.3831955487741503e-10,2.384182665958547e-10,2.3851688025275737e-10,2.3861539598338324e-10,2.3871381392085736e-10,2.388121341970774e-10,2.389103569444846e-10,2.390084822942219e-10,2.391065103779166e-10,2.392044413265812e-10,2.393022752709588e-10,2.3940001234140856e-10,2.394976526683803e-10,2.395951963812593e-10,2.3969264360977065e-10,2.3978999448243064e-10,2.3988724912924655e-10,2.39984407678354e-10,2.4008147025785173e-10,2.4017843699591046e-10,2.402753080202533e-10,2.403720834580179e-10,2.404687634364962e-10,2.4056534808317824e-10,2.4066183752285546e-10,2.407582318824935e-10,2.4085453128810914e-10,2.409507358652233e-10,2.410468457390121e-10,2.411428610351842e-10,2.41238781877302e-10,2.413346083903857e-10,2.414303406988883e-10,2.41525978926056e-10,2.416215231949721e-10,2.417169736299864e-10,2.4181233035354134e-10,2.419075934897904e-10,2.420027631584335e-10,2.4209783948117114e-10,2.4219282258343474e-10,2.4228771258500945e-10,2.4238250960717907e-10,2.4247721377128816e-10,2.425718251980875e-10,2.426663440067353e-10,2.427607703181486e-10,2.42855104252241e-10,2.4294934592894746e-10,2.4304349546761366e-10,2.431375529868788e-10,2.4323151860563223e-10,2.433253924425477e-10,2.4341917461593944e-10,2.4351286524379103e-10,2.43606464443738e-10,2.4369997233378294e-10,2.437933890302305e-10,2.43886714650162e-10,2.4397994931064324e-10,2.4407309312788663e-10,2.4416614621803724e-10,2.442591086969196e-10,2.4435198068117297e-10,2.444447622839821e-10,2.4453745362160567e-10,2.446300548090138e-10,2.44722565957012e-10,2.448149871824654e-10,2.449073186050257e-10,2.449995603342509e-10,2.45091712483356e-10,2.451837751670161e-10,2.4527574849705914e-10,2.4536763258526526e-10,2.454594275448683e-10,2.455511334896873e-10,2.4564275052815455e-10,2.457342787767074e-10,2.458257183436025e-10,2.4591706934149024e-10,2.460083318811514e-10,2.4609950607333336e-10,2.461905920284686e-10,2.4628158985706764e-10,2.463724996690358e-10,2.4646332157450304e-10,2.4655405568327234e-10,2.4664470210411616e-10,2.467352609467707e-10,2.4682573231997503e-10,2.469161163322028e-10,2.4700641309206347e-10,2.4709662270686097e-10,2.471867452862943e-10,2.4727678093690956e-10,2.473667297667423e-10,2.474565918823608e-10,2.4754636739116075e-10,2.476360563998273e-10,2.477256590156622e-10,2.478151753437844e-10,2.47904605490511e-10,2.479939495621527e-10,2.480832076642059e-10,2.481723799020939e-10,2.4826146638100713e-10,2.4835046720595775e-10,2.484393824815959e-10,2.4852821231244343e-10,2.486169568028781e-10,2.487056160568674e-10,2.487941901783962e-10,2.4888267926955415e-10,2.4897108343670303e-10,2.4905940278156317e-10,2.49147637408574e-10,2.4923578741755466e-10,2.4932385291251334e-10,2.4941183399473286e-10,2.494997307674353e-10,2.4958754333330053e-10,2.496752717929791e-10,2.4976291624840976e-10,2.498504768002781e-10,2.499379535501709e-10,2.500253465974805e-10,2.5011265604513765e-10,2.501998819924035e-10,2.502870245395146e-10,2.503740837855776e-10,2.5046105983200334e-10,2.505479527766279e-10,2.506347627208583e-10,2.50721489762383e-10,2.508081340008491e-10,2.508946955349489e-10,2.509811744616849e-10,2.510675708820385e-10,2.5115388489316507e-10,2.5124011659269667e-10,2.513262660782287e-10,2.514123334472201e-10,2.5149831879795067e-10,2.5158422222626987e-10,2.51670043829838e-10,2.517557837053295e-10,2.5184144194936173e-10,2.5192701865821755e-10,2.5201251392794805e-10,2.5209792785429294e-10,2.5218326053342587e-10,2.522685120610934e-10,2.52353682532431e-10,2.5243877204262467e-10,2.5252378068665866e-10,2.526087085594212e-10,2.52693555755549e-10,2.527783223692397e-10,2.528630084950322e-10,2.529476142271442e-10,2.5303213965863313e-10,2.531165848838004e-10,2.5320094999589414e-10,2.5328523508821507e-10,2.533694402550331e-10,2.534535655871107e-10,2.5353761117815975e-10,2.53621577120949e-10,2.537054635079278e-10,2.5378927043094074e-10,2.538729979821553e-10,2.5395664625364295e-10,2.54040215336581e-10,2.5412370532325206e-10,2.5420711630479544e-10,2.5429044837083495e-10,2.543737016133293e-10,2.544568761235522e-10,2.545399719915487e-10,2.5462298930737053e-10,2.547059281613868e-10,2.5478878864411273e-10,2.548715708448667e-10,2.5495427485371425e-10,2.550369007601314e-10,2.551194486531389e-10,2.5520191862221543e-10,2.552843107562296e-10,2.5536662514437763e-10,2.5544886187344024e-10,2.5553102103485494e-10,2.556131027153992e-10,2.556951070035238e-10,2.5577703398847293e-10,2.558588837549616e-10,2.559406563915166e-10,2.5602235198693486e-10,2.561039706284563e-10,2.561855124025033e-10,2.5626697739610634e-10,2.563483656963457e-10,2.564296773892381e-10,2.5651091256232807e-10,2.565920713012691e-10,2.5667315369230924e-10,2.5675415982117926e-10,2.568350897741393e-10,2.569159436364933e-10,2.569967214938174e-10,2.570774234313908e-10,2.571580495353321e-10,2.5723859989020537e-10,2.5731907457923443e-10,2.5739947368831437e-10,2.574797973019231e-10,2.575600455050384e-10,2.576402183808128e-10,2.5772031601382675e-10,2.5780033848790846e-10,2.578802858869823e-10,2.5796015829692533e-10,2.5803995579634815e-10,2.581196784709554e-10,2.5819932640385784e-10,2.582788996778412e-10,2.5835839837626233e-10,2.584378225814393e-10,2.5851717237566857e-10,2.58596447841778e-10,2.586756490618206e-10,2.5875477611795934e-10,2.588338290919218e-10,2.589128080653945e-10,2.58991713120298e-10,2.5907054433787213e-10,2.591493017991455e-10,2.5922798558621423e-10,2.5930659577934345e-10,2.5938513245969314e-10,2.594635957073306e-10,2.5954198560370714e-10,2.596203022285398e-10,2.5969854566339216e-10,2.5977671598718914e-10,2.5985481328005176e-10,2.599328376219513e-10,2.6001078909272325e-10,2.6008866777194735e-10,2.60166473741149e-10,2.602442070751992e-10,2.6032186785571386e-10,2.603994561613067e-10,2.604769720711274e-10,2.6055441566362396e-10,2.6063178701760627e-10,2.607090862116024e-10,2.607863133236276e-10,2.6086346843193203e-10,2.609405516142227e-10,2.6101756294888837e-10,2.6109450251481405e-10,2.611713703868231e-10,2.612481666442854e-10,2.613248913642562e-10,2.614015446235484e-10,2.6147812649965656e-10,2.615546370693243e-10,2.616310764091946e-10,2.617074445964481e-10,2.6178374170719905e-10,2.618599678177403e-10,2.619361230047396e-10,2.6201220734412006e-10,2.620882209118834e-10,2.621641637837971e-10,2.6224003603600026e-10,2.6231583774311246e-10,2.6239156898168506e-10,2.6246722982670927e-10,2.6254282035326025e-10,2.626183406364869e-10,2.6269379075139704e-10,2.627691707728369e-10,2.6284448077703723e-10,2.6291972083550536e-10,2.6299489102433814e-10,2.630699914173069e-10,2.6314502208877535e-10,2.632199831129973e-10,2.6329487456384346e-10,2.633696965151387e-10,2.6344444904045813e-10,2.635191322136276e-10,2.6359374610723326e-10,2.636682907960204e-10,2.6374276635246535e-10,2.638171728496735e-10,2.638915103603983e-10,2.6396577895777925e-10,2.640399787140892e-10,2.6411410970224185e-10,2.641881719943759e-10,2.642621656630662e-10,2.6433609078032863e-10,2.64409947417936e-10,2.644837356490425e-10,2.645574555444479e-10,2.646311071764472e-10,2.6470469061627166e-10,2.6477820593543256e-10,2.6485165320535453e-10,2.6492503249784724e-10,2.6499834388324464e-10,2.6507158743288157e-10,2.651447632175097e-10,2.652178713081118e-10,2.652909117750785e-10,2.6536388468996406e-10,2.6543679012159114e-10,2.6550962814146284e-10,2.6558239881917793e-10,2.656551022246657e-10,2.657277384284519e-10,2.658003075005742e-10,2.658728095104801e-10,2.659452445276779e-10,2.660176126217435e-10,2.6608991386203056e-10,2.6616214831796457e-10,2.662343160587123e-10,2.663064171529705e-10,2.663784516707277e-10,2.6645041967991487e-10,2.665223212495608e-10,2.6659415644822043e-10,2.666659253445285e-10,2.6673762800683763e-10,2.6680926450316344e-10,2.668808349021893e-10,2.669523392716117e-10,2.670237776789142e-10,2.67095150193355e-10,2.671664568813527e-10,2.6723769781193827e-10,2.6730887305175415e-10,2.6737998266791517e-10,2.674510267291208e-10,2.6752200530033606e-10,2.675929184507242e-10,2.6766376624649455e-10,2.67734548754412e-10,2.678052660418016e-10,2.678759181751612e-10,2.6794650522069937e-10,2.680170272451156e-10,2.6808748431481736e-10,2.681578764961811e-10,2.68228203855176e-10,2.6829846645965266e-10,2.683686643721735e-10,2.6843879766114117e-10,2.6850886639067734e-10,2.6857887062745294e-10,2.6864881043674766e-10,2.6871868588400643e-10,2.6878849703470065e-10,2.688582439540965e-10,2.689279267072853e-10,2.6899754535936487e-10,2.690670999752729e-10,2.691365906198714e-10,2.692060173579188e-10,2.692753802554798e-10,2.693446793742361e-10,2.6941391477962055e-10,2.69483086536534e-10,2.6955219470843897e-10,2.69621239361401e-10,2.6969022055826727e-10,2.697591383630732e-10,2.6982799283996486e-10,2.6989678405234856e-10,2.699655120634347e-10,2.7003417693761965e-10,2.7010277873813645e-10,2.701713175282988e-10,2.702397933698962e-10,2.7030820632920846e-10,2.7037655646782477e-10,2.7044484384868626e-10,2.705130685347458e-10,2.7058123058852987e-10,2.706493300729766e-10,2.707173670512038e-10,2.7078534158530434e-10,2.7085325373774464e-10,2.7092110357096116e-10,2.7098889114718803e-10,2.710566165284521e-10,2.711242797766078e-10,2.711918809539777e-10,2.712594201227107e-10,2.713268973440999e-10,2.7139431268041436e-10,2.714616661927483e-10,2.7152895794294927e-10,2.7159618799174155e-10,2.716633564017397e-10,2.717304632328309e-10,2.717975085474103e-10,2.718644924060238e-10,2.719314148696001e-10,2.719982759989613e-10,2.7206507585511156e-10,2.7213181449884166e-10,2.7219849199043286e-10,2.722651083908756e-10,2.7233166376025e-10,2.7239815815912033e-10,2.724645916477518e-10,2.7253096428609934e-10,2.7259727613467573e-10,2.726635272532447e-10,2.727297177018069e-10,2.7279584754019993e-10,2.728619168280654e-10,2.7292792562532333e-10,2.729938739913938e-10,2.730597619858368e-10,2.7312558966811727e-10,2.731913570981292e-10,2.732570643338191e-10,2.733227114351508e-10,2.7338829846126146e-10,2.73453825470755e-10,2.735192925229553e-10,2.735846996764652e-10,2.73650046990145e-10,2.73715334522669e-10,2.737805623326914e-10,2.7384573047826554e-10,2.7391083901809025e-10,2.7397588801044313e-10,2.740408775141438e-10,2.7410580758666034e-10,2.741706782862713e-10,2.7423548967127196e-10,2.74300241799407e-10,2.743649347278316e-10,2.7442956851535333e-10,2.744941432191616e-10,2.745586588971442e-10,2.7462311560664433e-10,2.7468751340487e-10,2.7475185234941626e-10,2.7481613249788694e-10,2.748803539067325e-10,2.749445166339806e-10,2.750086207362013e-10,2.7507266627046354e-10,2.7513665329295355e-10,2.7520058186179273e-10,2.752644520327307e-10,2.753282638625256e-10,2.753920174077323e-10,2.754557127250836e-10,2.7551934987099327e-10,2.7558292890237617e-10,2.756464498749103e-10,2.7570991284429485e-10,2.75773317867577e-10,2.758366650003901e-10,2.758999542986038e-10,2.7596318581821006e-10,2.760263596146815e-10,2.760894757435423e-10,2.7615253426236794e-10,2.7621553522525655e-10,2.762784786876234e-10,2.7634136470429894e-10,2.76404193331821e-10,2.7646696462532513e-10,2.7652967863970277e-10,2.765923354297419e-10,2.766549350514079e-10,2.767174775593916e-10,2.767799630078952e-10,2.768423914528717e-10,2.769047629485265e-10,2.7696707754893744e-10,2.770293353093619e-10,2.770915362849058e-10,2.7715368052944003e-10,2.7721576809694886e-10,2.7727779904244483e-10,2.7733977341975263e-10,2.774016912832906e-10,2.7746355268724117e-10,2.775253576855461e-10,2.7758710633224184e-10,2.7764879868125087e-10,2.777104347864508e-10,2.777720147011199e-10,2.7783353848038615e-10,2.778950061762155e-10,2.779564178427529e-10,2.7801777353353234e-10,2.780790733021817e-10,2.7814031720171164e-10,2.7820150528542096e-10,2.7826263760644433e-10,2.783237142182421e-10,2.7838473517425906e-10,2.784457005264695e-10,2.7850661032828617e-10,2.7856746463265476e-10,2.7862826349156974e-10,2.7868900695914157e-10,2.7874969508732885e-10,2.788103279287198e-10,2.788709055359217e-10,2.7893142796122173e-10,2.789918952571588e-10,2.7905230747597984e-10,2.791126646698961e-10,2.7917296689130267e-10,2.792332141919774e-10,2.792934066242436e-10,2.793535442399967e-10,2.794136270908197e-10,2.7947365522926124e-10,2.795336287066666e-10,2.7959354757488704e-10,2.7965341188550305e-10,2.797132216897698e-10,2.7977297703960816e-10,2.798326779873461e-10,2.7989232458268905e-10,2.7995191687799964e-10,2.800114549238709e-10,2.800709387726737e-10,2.801303684763883e-10,2.8018974408209855e-10,2.802490656435222e-10,2.8030833321137595e-10,2.803675468363123e-10,2.8042670656929194e-10,2.804858124609983e-10,2.80544864561676e-10,2.8060386292289995e-10,2.8066280759447223e-10,2.807216986274794e-10,2.8078053607202606e-10,2.808393199785077e-10,2.808980503972339e-10,2.8095672737845184e-10,2.810153509723452e-10,2.810739212289599e-10,2.8113243819852016e-10,2.811909019305679e-10,2.812493124752853e-10,2.8130766988315944e-10,2.8136597420351874e-10,2.814242254860706e-10,2.81482423780177e-10,2.8154056913632164e-10,2.8159866160361195e-10,2.816567012314558e-10,2.817146880693638e-10,2.817726221667647e-10,2.818305035729658e-10,2.818883323372343e-10,2.8194610850879445e-10,2.8200383213872294e-10,2.820615032721222e-10,2.821191219601963e-10,2.821766882516872e-10,2.822342021960608e-10,2.822916638411746e-10,2.8234907323604347e-10,2.8240643043002843e-10,2.824637354715076e-10,2.825209884084592e-10,2.825781892906046e-10,2.8263533816587903e-10,2.826924350827276e-10,2.8274948008869836e-10,2.828064732335513e-10,2.8286341456525755e-10,2.829203041316494e-10,2.829771419804015e-10,2.830339281605608e-10,2.8309066271972316e-10,2.831473457058746e-10,2.8320397716547007e-10,2.8326055714929156e-10,2.833170857036446e-10,2.833735628763227e-10,2.8342998871500385e-10,2.83486363267308e-10,2.835426865808904e-10,2.8359895870316247e-10,2.8365517968076186e-10,2.8371134956209633e-10,2.8376746839514486e-10,2.8382353622660544e-10,2.8387955310332287e-10,2.8393551907289375e-10,2.839914341822483e-10,2.840472984811189e-10,2.8410311201115677e-10,2.841588748221477e-10,2.8421458696102184e-10,2.842702484744556e-10,2.843258594094105e-10,2.843814198118155e-10,2.844369297297552e-10,2.844923892092172e-10,2.8454779829684544e-10,2.8460315703867934e-10,2.8465846548198265e-10,2.8471372367276864e-10,2.847689316574294e-10,2.848240894822353e-10,2.848791971935687e-10,2.849342548374781e-10,2.8498926246022444e-10,2.850442201078047e-10,2.8509912782635493e-10,2.851539856618502e-10,2.852087936601956e-10,2.852635518673762e-10,2.853182603271737e-10,2.853729190898919e-10,2.854275281981656e-10,2.854820876981534e-10,2.8553659763551304e-10,2.8559105805608137e-10,2.8564546900492165e-10,2.856998305277051e-10,2.8575414266991563e-10,2.858084054767836e-10,2.858626189936916e-10,2.8591678326598467e-10,2.8597089833864494e-10,2.8602496425696625e-10,2.860789810661401e-10,2.8613294881108207e-10,2.8618686753642653e-10,2.862407372863571e-10,2.8629455810874577e-10,2.863483300464592e-10,2.8640205314435845e-10,2.864557274474779e-10,2.865093530012739e-10,2.865629298494794e-10,2.8661645803549054e-10,2.866699376052861e-10,2.8672336860291075e-10,2.867767510730172e-10,2.868300850592439e-10,2.868833706079086e-10,2.8693660776218914e-10,2.869897965660821e-10,2.870429370638291e-10,2.870960292995293e-10,2.871490733183377e-10,2.8720206916407797e-10,2.872550168785534e-10,2.873079165072829e-10,2.873607680943474e-10,2.874135716841131e-10,2.874663273190713e-10,2.8751903504371753e-10,2.8757169490123766e-10,2.876243069366006e-10,2.8767687119145896e-10,2.877293877120499e-10,2.877818565398439e-10,2.878342777186111e-10,2.878866512914612e-10,2.879389773035312e-10,2.8799125579639617e-10,2.880434868125211e-10,2.880956703971951e-10,2.881478065931868e-10,2.8819989544189363e-10,2.882519369878912e-10,2.883039312737473e-10,2.8835587834287214e-10,2.8840777823789465e-10,2.884596310022348e-10,2.885114366784903e-10,2.88563195306916e-10,2.886149069348947e-10,2.8866657160312966e-10,2.887181893541472e-10,2.8876976023099943e-10,2.888212842754546e-10,2.8887276153163554e-10,2.8892419203816023e-10,2.889755758426235e-10,2.890269129835309e-10,2.8907820350472594e-10,2.8912944744894945e-10,2.891806448577735e-10,2.892317957738105e-10,2.892829002380997e-10,2.893339582933548e-10,2.893849699823415e-10,2.894359353464676e-10,2.8948685442885474e-10,2.8953772726940544e-10,2.8958855391220115e-10,2.8963933439740526e-10,2.896900687663067e-10,2.8974075706173566e-10,2.8979139932434825e-10,2.89841995599691e-10,2.8989254592609894e-10,2.899430503442404e-10,2.8999350889711923e-10,2.9004392162609843e-10,2.9009428857207653e-10,2.9014460977704784e-10,2.9019488528231215e-10,2.9024511512926016e-10,2.9029529935688245e-10,2.903454380092836e-10,2.9039553112812597e-10,2.9044557875316504e-10,2.90495580925657e-10,2.9054553768653643e-10,2.9059544907723836e-10,2.9064531513800163e-10,2.906951359100251e-10,2.907449114343424e-10,2.907946417519318e-10,2.908443269035292e-10,2.908939669294071e-10,2.909435618707779e-10,2.909931117682233e-10,2.9104261666214787e-10,2.910920765935525e-10,2.911414916022526e-10,2.9119086172936563e-10,2.9124018701358505e-10,2.9128946749832495e-10,2.91338703222512e-10,2.9138789422641267e-10,2.914370405519105e-10,2.9148614223597385e-10,2.9153519932050915e-10,2.9158421184571103e-10,2.916331798510918e-10,2.9168210337604406e-10,2.917309824632772e-10,2.9177981715080536e-10,2.9182860747990113e-10,2.9187735348947197e-10,2.9192605522080304e-10,2.919747127101587e-10,2.920233260003159e-10,2.9207189513044733e-10,2.921204201399607e-10,2.92168901068609e-10,2.922173379561357e-10,2.922657308417407e-10,2.9231407976547793e-10,2.9236238476648783e-10,2.9241064588429625e-10,2.9245886315820156e-10,2.925070366274441e-10,2.925551663321884e-10,2.926032523114407e-10,2.926512946038034e-10,2.9269929324854746e-10,2.927472482867534e-10,2.927951597543086e-10,2.9284302769215125e-10,2.9289085213793486e-10,2.929386331327723e-10,2.929863707139086e-10,2.930340649218176e-10,2.930817157948416e-10,2.9312932337150377e-10,2.9317688769059643e-10,2.9322440879138055e-10,2.932718867120598e-10,2.933193214914112e-10,2.9336671316832976e-10,2.934140617810123e-10,2.9346136736833304e-10,2.9350862996917217e-10,2.9355584962082867e-10,2.936030263627547e-10,2.936501602335729e-10,2.936972512711938e-10,2.9374429951398164e-10,2.9379130500022303e-10,2.938382677680144e-10,2.9388518785583053e-10,2.939320653017106e-10,2.939789001438041e-10,2.94025692420424e-10,2.9407244216952307e-10,2.9411914942923923e-10,2.9416581423707405e-10,2.9421243663171126e-10,2.9425901665096563e-10,2.9430555433223016e-10,2.9435204971352363e-10,2.9439850283279754e-10,2.94444913728008e-10,2.9449128243654543e-10,2.945376089959229e-10,2.9458389344429124e-10,2.9463013581869067e-10,2.94676336157307e-10,2.947224944970657e-10,2.9476861087577134e-10,2.9481468533071655e-10,2.948607178996684e-10,2.9490670861986693e-10,2.949526575289159e-10,2.9499856466356407e-10,2.9504443006145614e-10,2.950902537596784e-10,2.9513603579552177e-10,2.951817762064351e-10,2.9522747502894087e-10,2.952731323004572e-10,2.953187480580155e-10,2.9536432233866393e-10,2.95409855179346e-10,2.9545534661702754e-10,2.95500796688634e-10,2.95546205431004e-10,2.9559157288099405e-10,2.956368990754189e-10,2.956821840510243e-10,2.9572742784489455e-10,2.957726304932813e-10,2.958177920326353e-10,2.9586291249987747e-10,2.9590799193156217e-10,2.9595303036426806e-10,2.9599802783447815e-10,2.96042984378681e-10,2.9608790003331647e-10,2.961327748347711e-10,2.9617760881944174e-10,2.962224020236422e-10,2.962671544836732e-10,2.963118662358015e-10,2.963565373162602e-10,2.9640116776120845e-10,2.9644575760681974e-10,2.9649030688921806e-10,2.965348156447067e-10,2.965792839088827e-10,2.9662371171799586e-10,2.9666809910812025e-10,2.967124461150192e-10,2.967567527746496e-10,2.968010191231078e-10,2.9684524519585525e-10,2.968894310291886e-10,2.969335766582573e-10,2.9697768211940206e-10,2.9702174744802943e-10,2.9706577267951487e-10,2.971097578500961e-10,2.971537029947416e-10,2.9719760814931906e-10,2.972414733493673e-10,2.9728529863037524e-10,2.9732908402779953e-10,2.9737282957706547e-10,2.9741653531356345e-10,2.9746020127267014e-10,2.9750382748965843e-10,2.9754741399984603e-10,2.9759096083848165e-10,2.9763446804078047e-10,2.9767793564195e-10,2.977213636773713e-10,2.9776475218167747e-10,2.978081011902228e-10,2.9785141073800334e-10,2.9789468086038173e-10,2.979379115917122e-10,2.9798110296755127e-10,2.9802425502221957e-10,2.9806736779089987e-10,2.9811044130844904e-10,2.9815347560967613e-10,2.9819647072935674e-10,2.9823942670224813e-10,2.982823435632363e-10,2.983252213466668e-10,2.9836806008735634e-10,2.9841085981992667e-10,2.984536205789511e-10,2.984963423991285e-10,2.9853902531472313e-10,2.985816693607236e-10,2.986242745707348e-10,2.9866684097965745e-10,2.9870936862187867e-10,2.9875185753169625e-10,2.987943077450971e-10,2.9883671929308937e-10,2.9887909221173536e-10,2.9892142653492925e-10,2.9896372229702627e-10,2.990059795322127e-10,2.990481982745844e-10,2.9909037855820624e-10,2.9913252041707133e-10,2.991746238856514e-10,2.9921668899768066e-10,2.9925871578674856e-10,2.9930070428714777e-10,2.993426545318419e-10,2.9938456655621787e-10,2.994264403940359e-10,2.994682760779842e-10,2.995100736437885e-10,2.9955183312301477e-10,2.9959355454950127e-10,2.9963523795855687e-10,2.996768833817726e-10,2.997184908538273e-10,2.99760060408413e-10,2.998015920788503e-10,2.9984308589878386e-10,2.9988454190229224e-10,2.999259601215474e-10,2.9996734059166253e-10,3.0000868334403856e-10,3.000499884139009e-10,3.000912558328467e-10,3.001324856351352e-10,3.001736778544245e-10,3.002148325226558e-10,3.002559496747217e-10,3.002970293430334e-10,3.0033807155975596e-10,3.003790763589021e-10,3.004200437741162e-10,3.004609738370808e-10,3.0050186658224e-10,3.005427220419487e-10,3.005835402485716e-10,3.00624321234684e-10,3.0066506503473517e-10,3.0070577168361185e-10,3.0074644120954137e-10,3.007870736475718e-10,3.008276690291098e-10,3.008682273886718e-10,3.0090874875752174e-10,3.0094923316907695e-10,3.0098968065649203e-10,3.0103009125227776e-10,3.0107046498885574e-10,3.011108018976032e-10,3.011511020120202e-10,3.0119136536519905e-10,3.0123159198817286e-10,3.0127178191443664e-10,3.01311935176526e-10,3.013520518061157e-10,3.0139213183437243e-10,3.014321752967436e-10,3.0147218222386674e-10,3.0151215264846967e-10,3.0155208660193404e-10,3.01591984116945e-10,3.0163184522542457e-10,3.016716699596962e-10,3.017114583523457e-10,3.017512104347619e-10,3.0179092623926197e-10,3.0183060579785643e-10,3.0187024914231425e-10,3.0190985630493767e-10,3.01949427317371e-10,3.0198896221197146e-10,3.020284610202426e-10,3.020679237741881e-10,3.0210735050523813e-10,3.0214674124599306e-10,3.021860960275022e-10,3.0222541488190487e-10,3.022646978404665e-10,3.0230394493564295e-10,3.023431561984765e-10,3.0238233165972175e-10,3.0242147135224174e-10,3.024605753072049e-10,3.0249964355632856e-10,3.0253867613068834e-10,3.025776730620288e-10,3.026166343817096e-10,3.0265556012117254e-10,3.0269445031178463e-10,3.027333049854708e-10,3.027721241726432e-10,3.0281090790446125e-10,3.0284965621351005e-10,3.0288836912958245e-10,3.029270466845286e-10,3.0296568891026737e-10,3.030042958369942e-10,3.0304286749608374e-10,3.0308140391848286e-10,3.031199051347197e-10,3.0315837117636844e-10,3.0319680207463397e-10,3.0323519786057603e-10,3.032735585655416e-10,3.0331188421900355e-10,3.0335017485456706e-10,3.033884304993312e-10,3.034266511860579e-10,3.034648369457045e-10,3.035029878096138e-10,3.035411038071252e-10,3.0357918496966836e-10,3.036172313279393e-10,3.0365524291268875e-10,3.0369321975498764e-10,3.037311618851751e-10,3.037690693331789e-10,3.038069421299344e-10,3.0384478030669836e-10,3.038825838924859e-10,3.0392035292027273e-10,3.039580874172047e-10,3.039957874150319e-10,3.0403345294488674e-10,3.040710840367047e-10,3.041086807209025e-10,3.041462430276842e-10,3.0418377098738975e-10,3.0422126463028285e-10,3.0425872398758475e-10,3.0429614908749006e-10,3.0433353996080247e-10,3.043708966385948e-10,3.0440821915009396e-10,3.044455075259033e-10,3.0448276179593247e-10,3.045199819903703e-10,3.0455716813898387e-10,3.045943202718612e-10,3.0463143841881517e-10,3.046685226105207e-10,3.0470557287580733e-10,3.0474258924539315e-10,3.0477957174814495e-10,3.0481652041519513e-10,3.048534352752126e-10,3.0489031635885966e-10,3.049271636953931e-10,3.049639773141241e-10,3.0500075724584456e-10,3.050375035188832e-10,3.050742161633406e-10,3.051108952092507e-10,3.051475406859483e-10,3.051841526230412e-10,3.0522073105000513e-10,3.052572759963698e-10,3.0529378749155175e-10,3.05330265565655e-10,3.0536671024667997e-10,3.054031215651367e-10,3.0543949955012627e-10,3.0547584423092227e-10,3.055121556371234e-10,3.0554843379763503e-10,3.055846787417688e-10,3.0562089049900075e-10,3.0565706909811747e-10,3.0569321456890423e-10,3.0572932694000213e-10,3.057654062409916e-10,3.0580145250080203e-10,3.0583746574848495e-10,3.0587344601281017e-10,3.059093933234753e-10,3.0594530770902916e-10,3.059811891985541e-10,3.0601703782243343e-10,3.0605285360660675e-10,3.060886365814273e-10,3.061243867767376e-10,3.0616010421981334e-10,3.061957889400241e-10,3.0623144096704226e-10,3.0626706032833125e-10,3.0630264705302347e-10,3.0633820116997547e-10,3.0637372270797987e-10,3.0640921169566186e-10,3.0644466816113324e-10,3.0648009213400247e-10,3.0651548364230854e-10,3.065508427148131e-10,3.06586169380031e-10,3.066214636663713e-10,3.0665672560239247e-10,3.0669195521600185e-10,3.067271525366948e-10,3.0676231759234036e-10,3.067974504116249e-10,3.0683255102251885e-10,3.0686761945321856e-10,3.0690265573268136e-10,3.0693765988929847e-10,3.069726319500233e-10,3.0700757194394376e-10,3.0704247989939074e-10,3.070773558443692e-10,3.071121998069694e-10,3.071470118150496e-10,3.0718179189703775e-10,3.0721654007974413e-10,3.0725125639509563e-10,3.0728594086808055e-10,3.073205935271845e-10,3.073552144005876e-10,3.073898035161808e-10,3.0742436090179447e-10,3.0745888658510215e-10,3.0749338059470125e-10,3.075278429583396e-10,3.075622737032527e-10,3.0759667285760855e-10,3.076310404503046e-10,3.076653765073679e-10,3.0769968105627284e-10,3.077339541260316e-10,3.077681957439889e-10,3.0780240593769285e-10,3.078365847348338e-10,3.078707321630714e-10,3.079048482499817e-10,3.079389330231376e-10,3.0797298651025037e-10,3.080070087377152e-10,3.0804099973475617e-10,3.0807495952844064e-10,3.0810888814528824e-10,3.081427856135531e-10,3.0817665196038143e-10,3.082104872131374e-10,3.08244291399269e-10,3.0827806454560085e-10,3.083118066799803e-10,3.0834551782940913e-10,3.083791980217125e-10,3.0841284728389156e-10,3.0844646564261545e-10,3.0848005312544385e-10,3.0851360975987113e-10,3.085471355725613e-10,3.085806305898521e-10,3.0861409484047623e-10,3.0864752835118205e-10,3.086809311479368e-10,3.0871430325895656e-10,3.0874764471019107e-10,3.087809555294096e-10,3.0881423574372107e-10,3.0884748537912545e-10,3.088807044630236e-10,3.089138930223807e-10,3.089470510838908e-10,3.0898017867426763e-10,3.0901327582044836e-10,3.0904634254915834e-10,3.0907937888900577e-10,3.091123848644683e-10,3.0914536050101e-10,3.0917830582714417e-10,3.0921122086972227e-10,3.0924410565532194e-10,3.0927696021017237e-10,3.0930978456099815e-10,3.093425787343442e-10,3.0937534275859905e-10,3.0940807665649755e-10,3.0944078045725844e-10,3.0947345418606545e-10,3.09506097870101e-10,3.095387115354112e-10,3.095712952082305e-10,3.096038489152623e-10,3.09636372683116e-10,3.0966886653827567e-10,3.097013305066859e-10,3.0973376461463475e-10,3.0976616888921887e-10,3.0979854335491e-10,3.0983088803924786e-10,3.0986320296802386e-10,3.098954881672705e-10,3.099277436633415e-10,3.0995996948282673e-10,3.0999216565184873e-10,3.1002433219562126e-10,3.1005646914055733e-10,3.100885765122544e-10,3.1012065433785943e-10,3.101527026432414e-10,3.101847214533384e-10,3.1021671079502703e-10,3.1024867069302795e-10,3.102806011745227e-10,3.1031250226486917e-10,3.103443739900422e-10,3.1037621637554057e-10,3.1040802944777813e-10,3.1043981323223807e-10,3.104715677547543e-10,3.1050329304094086e-10,3.1053498911717025e-10,3.105666560074097e-10,3.10598293738963e-10,3.1062990233878107e-10,3.1066148182848054e-10,3.106930322363767e-10,3.107245535877056e-10,3.1075604590768734e-10,3.1078750922232805e-10,3.1081894355756226e-10,3.1085034893790715e-10,3.108817253888837e-10,3.1091307293624234e-10,3.109443916050503e-10,3.109756814214732e-10,3.110069424105011e-10,3.1103817459744954e-10,3.1106937800709073e-10,3.1110055266611293e-10,3.1113169859910047e-10,3.1116281583126297e-10,3.1119390438758635e-10,3.112249642938788e-10,3.1125599557517587e-10,3.1128699825656186e-10,3.113179723633773e-10,3.1134891792064466e-10,3.113798349533398e-10,3.1141072348659e-10,3.114415835455528e-10,3.1147241515542917e-10,3.115032183412728e-10,3.115339931278236e-10,3.115647395402159e-10,3.115954576024506e-10,3.116261473413474e-10,3.1165680878058207e-10,3.1168744194582173e-10,3.117180468615009e-10,3.1174862355257906e-10,3.11779172044206e-10,3.1180969236041933e-10,3.1184018452648183e-10,3.118706485669147e-10,3.1190108450686496e-10,3.1193149237096635e-10,3.1196187218374434e-10,3.119922239698844e-10,3.1202254775486313e-10,3.120528435622035e-10,3.1208311141719657e-10,3.121133513437668e-10,3.121435633671143e-10,3.121737475115282e-10,3.1220390380173194e-10,3.122340322620496e-10,3.12264132917133e-10,3.12294205791785e-10,3.1232425090971506e-10,3.1235426829569646e-10,3.1238425797440975e-10,3.124142199698381e-10,3.1244415430625795e-10,3.124740610088436e-10,3.1250394010109784e-10,3.12533791608616e-10,3.1256361555340066e-10,3.1259341196121297e-10,3.1262318085604307e-10,3.126529222619467e-10,3.12682636203605e-10,3.127123227049047e-10,3.1274198179039514e-10,3.1277161348341677e-10,3.128012178085234e-10,3.1283079479078314e-10,3.1286034445298554e-10,3.1288986681875206e-10,3.1291936191298093e-10,3.129488297594343e-10,3.129782703827021e-10,3.130076838059694e-10,3.1303707005341737e-10,3.1306642914906194e-10,3.1309576111680965e-10,3.1312506598061675e-10,3.131543437642911e-10,3.131835944920797e-10,3.1321281818754843e-10,3.1324201487382567e-10,3.132711845752537e-10,3.1330032731541103e-10,3.133294431183573e-10,3.133585320077099e-10,3.133875940071188e-10,3.134166291402416e-10,3.1344563743101577e-10,3.134746189026099e-10,3.1350357357948806e-10,3.1353250148454975e-10,3.1356140264109545e-10,3.135902770728427e-10,3.1361912480421346e-10,3.1364794585812766e-10,3.1367674025767395e-10,3.1370550802656714e-10,3.1373424918919635e-10,3.1376296376803833e-10,3.137916517855535e-10,3.1382031326683216e-10,3.138489482345844e-10,3.1387755671218836e-10,3.139061387229967e-10,3.139346942906074e-10,3.1396322343794424e-10,3.13991726187494e-10,3.1402020256498966e-10,3.1404865259163534e-10,3.140770762916345e-10,3.141054736876712e-10,3.1413384480237264e-10,3.141621896594143e-10,3.141905082820118e-10,3.142188006932064e-10,3.14247066916265e-10,3.14275306974158e-10,3.143035208899225e-10,3.1433170868709796e-10,3.1435987038754743e-10,3.1438800601506305e-10,3.1441611559255083e-10,3.144441991428294e-10,3.1447225668892597e-10,3.1450028825373043e-10,3.1452829386067793e-10,3.145562735320623e-10,3.145842272903277e-10,3.146121551587792e-10,3.1464005716040933e-10,3.1466793331772253e-10,3.146957836535939e-10,3.147236081907143e-10,3.147514069520118e-10,3.1477917996018267e-10,3.148069272378038e-10,3.1483464880801647e-10,3.1486234469313826e-10,3.148900149152721e-10,3.1491765949777755e-10,3.149452784627628e-10,3.1497287183375764e-10,3.150004396317876e-10,3.150279818803114e-10,3.1505549860232337e-10,3.1508298981929226e-10,3.1511045555566904e-10,3.151378958309343e-10,3.151653106693863e-10,3.1519270009289673e-10,3.1522006412383877e-10,3.152474027849984e-10,3.152747160988097e-10,3.15302004087752e-10,3.1532926677322963e-10,3.1535650417812873e-10,3.1538371632573277e-10,3.154109032364734e-10,3.1543806493359923e-10,3.154652014390112e-10,3.1549231277486723e-10,3.155193989638915e-10,3.155464600284328e-10,3.1557349598949644e-10,3.1560050687020026e-10,3.156274926931656e-10,3.1565445347893493e-10,3.156813892501554e-10,3.157083000296048e-10,3.1573518583859244e-10,3.1576204669942707e-10,3.157888826341298e-10,3.1581569366465535e-10,3.158424798129599e-10,3.1586924110062537e-10,3.1589597755192687e-10,3.1592268918511167e-10,3.159493760237949e-10,3.1597603808937245e-10,3.16002675404517e-10,3.1602928799057365e-10,3.160558758697656e-10,3.1608243906351587e-10,3.1610897759425785e-10,3.161354914832004e-10,3.1616198075153164e-10,3.1618844542151684e-10,3.1621488551461877e-10,3.162413010530023e-10,3.162676920580995e-10,3.1629405855185076e-10,3.1632040055689156e-10,3.1634671809198443e-10,3.163730111800626e-10,3.163992798419769e-10,3.1642552410127605e-10,3.1645174397841297e-10,3.164779394948823e-10,3.165041106723751e-10,3.1653025753213674e-10,3.1655638009578503e-10,3.165824783851629e-10,3.1660855241945015e-10,3.166346022236175e-10,3.1666062781685487e-10,3.166866292209184e-10,3.167126064572358e-10,3.167385595470891e-10,3.167644885117438e-10,3.167903933741932e-10,3.168162741530449e-10,3.168421308702158e-10,3.1686796354767495e-10,3.168937722057258e-10,3.16919556866268e-10,3.1694531755023835e-10,3.1697105427896914e-10,3.1699676707363556e-10,3.1702245595530296e-10,3.1704812094509253e-10,3.1707376206435296e-10,3.1709937933372504e-10,3.171249727744383e-10,3.171505424078497e-10,3.1717608825488113e-10,3.1720161033585987e-10,3.1722710867264865e-10,3.172525832867319e-10,3.172780341967991e-10,3.1730346142516177e-10,3.173288649926869e-10,3.1735424492034027e-10,3.1737960122921393e-10,3.1740493393973155e-10,3.1743024307283685e-10,3.1745552864949396e-10,3.174807906904359e-10,3.1750602921687406e-10,3.175312442487932e-10,3.175564358073392e-10,3.175816039131703e-10,3.176067485865733e-10,3.1763186984829355e-10,3.176569677204472e-10,3.1768204222275567e-10,3.1770709337592766e-10,3.177321212003903e-10,3.177571257164419e-10,3.1778210694555003e-10,3.178070649078386e-10,3.178319996238446e-10,3.178569111141058e-10,3.17881799399213e-10,3.1790666449966096e-10,3.1793150643611473e-10,3.1795632522858725e-10,3.1798112089771244e-10,3.180058934640413e-10,3.1803064294725853e-10,3.180553693687065e-10,3.180800727497071e-10,3.181047531078814e-10,3.18129410465882e-10,3.18154044843238e-10,3.181786562597585e-10,3.1820324473677244e-10,3.182278102940248e-10,3.1825235295193504e-10,3.182768727305866e-10,3.1830136965014296e-10,3.1832584373094485e-10,3.183502949931447e-10,3.183747234569107e-10,3.183991291426382e-10,3.1842351206993164e-10,3.1844787225925126e-10,3.184722097305424e-10,3.1849652450410607e-10,3.18520816599387e-10,3.1854508603751183e-10,3.185693328379053e-10,3.185935570205732e-10,3.1861775860567704e-10,3.18641937613009e-10,3.18666094061954e-10,3.18690227973453e-10,3.187143393672585e-10,3.1873842826367553e-10,3.187624946817679e-10,3.187865386416547e-10,3.188105601636519e-10,3.188345592668421e-10,3.188585359709567e-10,3.188824902964138e-10,3.1890642226310005e-10,3.189303318906179e-10,3.189542191986711e-10,3.1897808420694495e-10,3.1900192693568414e-10,3.1902574740367995e-10,3.19049545630569e-10,3.190733216370467e-10,3.1909707544221113e-10,3.1912080706545985e-10,3.1914451652699133e-10,3.191682038460434e-10,3.1919186904233094e-10,3.1921551213527216e-10,3.192391331445792e-10,3.192627320899371e-10,3.1928630899060157e-10,3.193098638660176e-10,3.193333967354979e-10,3.193569076191613e-10,3.1938039653615995e-10,3.1940386350592265e-10,3.194273085471916e-10,3.1945073168063353e-10,3.194741329249725e-10,3.194975122996859e-10,3.1952086982409565e-10,3.195442055183506e-10,3.1956751939972235e-10,3.195908114886393e-10,3.1961408180494297e-10,3.1963733036758587e-10,3.196605571955013e-10,3.196837623075332e-10,3.197069457240989e-10,3.197301074643164e-10,3.197532475463626e-10,3.1977636598949707e-10,3.1979946281371213e-10,3.1982253803768887e-10,3.1984559168055575e-10,3.198686237610177e-10,3.1989163429906174e-10,3.199146233132714e-10,3.199375908219349e-10,3.199605368456575e-10,3.199834614026225e-10,3.2000636451152597e-10,3.2002924619127835e-10,3.2005210646226023e-10,3.2007494534241707e-10,3.2009776285080494e-10,3.2012055900629784e-10,3.201433338276957e-10,3.201660873340627e-10,3.201888195445138e-10,3.2021153047736476e-10,3.2023422015129187e-10,3.2025688858586897e-10,3.202795357991215e-10,3.203021618104261e-10,3.2032476663929275e-10,3.2034735030380185e-10,3.2036991282197506e-10,3.203924542130801e-10,3.204149744957797e-10,3.2043747368897875e-10,3.2045995181113365e-10,3.2048240888102904e-10,3.205048449173017e-10,3.205272599385318e-10,3.2054965396338657e-10,3.205720270117739e-10,3.205943790997274e-10,3.206167102476976e-10,3.2063902047298324e-10,3.20661309795372e-10,3.20683578232103e-10,3.207058258023926e-10,3.2072805252573767e-10,3.207502584197024e-10,3.207724435013608e-10,3.207946077900637e-10,3.208167513048701e-10,3.2083887406395405e-10,3.208609760867452e-10,3.208830573907308e-10,3.209051179928275e-10,3.209271579139136e-10,3.2094917716860117e-10,3.2097117577877803e-10,3.209931537615586e-10,3.210151111353601e-10,3.2103704791825187e-10,3.210589641287111e-10,3.2108085978529147e-10,3.211027349053693e-10,3.211245895077353e-10,3.211464236103004e-10,3.2116823723132615e-10,3.2119003038962423e-10,3.2121180310209136e-10,3.212335553887864e-10,3.2125528726523806e-10,3.2127699875207684e-10,3.2129868986492417e-10,3.2132036062301293e-10,3.2134201104450165e-10,3.213636411472787e-10,3.213852509506531e-10,3.214068404702141e-10,3.214284097251955e-10,3.2144995873352676e-10,3.214714875128692e-10,3.2149299608170667e-10,3.2151448445716627e-10,3.2153595265894076e-10,3.215574007041534e-10,3.215788286092921e-10,3.2160023639371415e-10,3.2162162407507044e-10,3.2164299167074914e-10,3.2166433919764773e-10,3.216856666745416e-10,3.217069741191239e-10,3.2172826155001445e-10,3.217495289849346e-10,3.2177077644065715e-10,3.2179200393419336e-10,3.2181321148420627e-10,3.218343991081515e-10,3.2185556682433387e-10,3.218767146512713e-10,3.2189784260407876e-10,3.2191895070245e-10,3.2194003896210924e-10,3.2196110740250024e-10,3.2198215604046447e-10,3.220031848936562e-10,3.2202419397973823e-10,3.2204518331708656e-10,3.220661529222265e-10,3.2208710281284636e-10,3.221080330048816e-10,3.22128943516679e-10,3.22149834367338e-10,3.2217070557301357e-10,3.22191557151494e-10,3.2221238912026603e-10,3.222332014963752e-10,3.2225399429821636e-10,3.222747675425405e-10,3.222955212461618e-10,3.2231625542712427e-10,3.2233697010151237e-10,3.223576652863562e-10,3.2237834100147876e-10,3.2239899726225457e-10,3.2241963408696625e-10,3.224402514937094e-10,3.2246084949759966e-10,3.224814281175733e-10,3.225019873699935e-10,3.2252252727094017e-10,3.2254304783937637e-10,3.225635490911428e-10,3.2258403104415143e-10,3.226044937160915e-10,3.2262493712284833e-10,3.2264536128189847e-10,3.2266576621095296e-10,3.2268615192633486e-10,3.2270651844694774e-10,3.22726865787793e-10,3.2274719396584645e-10,3.2276750299893415e-10,3.227877929046716e-10,3.2280806369874073e-10,3.228283153992894e-10,3.2284854802184805e-10,3.2286876158480485e-10,3.2288895610375414e-10,3.229091315975574e-10,3.2292928808062156e-10,3.2294942557012475e-10,3.229695440850394e-10,3.229896436408581e-10,3.2300972425579436e-10,3.2302978594491793e-10,3.2304982872527534e-10,3.230698526143914e-10,3.230898576285887e-10,3.231098437855883e-10,3.231298111004389e-10,3.2314975959065327e-10,3.2316968927328884e-10,3.2318960016561766e-10,3.232094922831116e-10,3.2322936564226055e-10,3.2324922026133793e-10,3.2326905615586087e-10,3.2328887334280706e-10,3.2330867183831023e-10,3.2332845165914986e-10,3.233482128222138e-10,3.233679553439071e-10,3.233876792419268e-10,3.23407384531612e-10,3.234270712288499e-10,3.2344673935091257e-10,3.234663889145214e-10,3.2348601993655756e-10,3.235056324326315e-10,3.2352522641932995e-10,3.2354480191321414e-10,3.2356435893103905e-10,3.235838974893187e-10,3.236034176041172e-10,3.236229192919038e-10,3.2364240256957254e-10,3.236618674524706e-10,3.236813139576136e-10,3.237007421025398e-10,3.2372015190097095e-10,3.237395433702757e-10,3.237589165274488e-10,3.237782713861128e-10,3.2379760796649766e-10,3.238169262846293e-10,3.238362263536699e-10,3.238555081918795e-10,3.2387477181475495e-10,3.238940172394545e-10,3.239132444809114e-10,3.2393245355666104e-10,3.2395164448120637e-10,3.23970817271316e-10,3.2398997194363074e-10,3.240091085139705e-10,3.2402822699844465e-10,3.2404732741355737e-10,3.2406640977505535e-10,3.240854740985327e-10,3.24104520400361e-10,3.2412354869654555e-10,3.2414255900330336e-10,3.2416155133658286e-10,3.241805257124926e-10,3.241994821464415e-10,3.2421842065497343e-10,3.242373412538381e-10,3.242562439589611e-10,3.242751287858439e-10,3.2429399575124257e-10,3.24312844870941e-10,3.2433167616052786e-10,3.243504896360837e-10,3.2436928531311987e-10,3.243880632075987e-10,3.244068233357081e-10,3.2442556571189136e-10,3.2444429035353343e-10,3.2446299727609565e-10,3.2448168649519385e-10,3.245003580266156e-10,3.245190118858981e-10,3.24537648088931e-10,3.2455626665154015e-10,3.245748675891093e-10,3.245934509176025e-10,3.2461201665254464e-10,3.2463056480940635e-10,3.246490954043683e-10,3.246676084527008e-10,3.2468610397006554e-10,3.24704581972224e-10,3.247230424747083e-10,3.2474148549285913e-10,3.2475991104330304e-10,3.247783191396503e-10,3.2479670979883514e-10,3.248150830370513e-10,3.2483343886916513e-10,3.248517773091639e-10,3.2487009837373863e-10,3.24888402078221e-10,3.2490668843816565e-10,3.2492495746873987e-10,3.2494320918601457e-10,3.2496144360509427e-10,3.249796607416663e-10,3.249978606106467e-10,3.250160432276168e-10,3.250342086078918e-10,3.250523567672985e-10,3.250704877203011e-10,3.2508860148251753e-10,3.2510669806970555e-10,3.2512477749671066e-10,3.2514283977898076e-10,3.25160884931627e-10,3.251789129701767e-10,3.251969239099068e-10,3.252149177655821e-10,3.252328945530388e-10,3.252508542875069e-10,3.2526879698394396e-10,3.2528672265701284e-10,3.25304631322601e-10,3.2532252299524393e-10,3.253403976906967e-10,3.253582554238503e-10,3.2537609621006194e-10,3.2539392006309066e-10,3.2541172699870023e-10,3.2542951703330863e-10,3.2544729018119874e-10,3.254650464552547e-10,3.254827858750831e-10,3.255005084525897e-10,3.2551821420365145e-10,3.255359031436049e-10,3.255535752858301e-10,3.2557123064629575e-10,3.255888692399495e-10,3.256064910816731e-10,3.256240961861765e-10,3.256416845689418e-10,3.25659256244543e-10,3.2567681122794395e-10,3.256943495340774e-10,3.2571187117760876e-10,3.2572937617352323e-10,3.257468645376524e-10,3.2576433628243885e-10,3.2578179142431004e-10,3.257992299769273e-10,3.258166519573414e-10,3.258340573780518e-10,3.258514462544407e-10,3.2586881860277133e-10,3.2588617443650365e-10,3.2590351376974e-10,3.2592083661832277e-10,3.259381429966496e-10,3.2595543291950615e-10,3.259727064012362e-10,3.259899634565144e-10,3.2600720410032047e-10,3.260244283468091e-10,3.260416362107774e-10,3.2605882770693697e-10,3.260760028503072e-10,3.2609316165476776e-10,3.261103041351456e-10,3.2612743030593587e-10,3.2614454018188904e-10,3.261616337772375e-10,3.2617871110681636e-10,3.2619577218503455e-10,3.2621281702641205e-10,3.2622984564405374e-10,3.2624685805500334e-10,3.2626385427235137e-10,3.2628083431062926e-10,3.262977981844927e-10,3.263147459080577e-10,3.2633167749603685e-10,3.263485929630323e-10,3.263654923222846e-10,3.263823755892825e-10,3.263992427780174e-10,3.2641609390281996e-10,3.2643292897812434e-10,3.2644974801804616e-10,3.264665510371424e-10,3.2648333804939276e-10,3.2650010906916656e-10,3.2651686411123033e-10,3.2653360318952776e-10,3.2655032631880804e-10,3.2656703351223726e-10,3.265837247844225e-10,3.2660040014981695e-10,3.2661705962255985e-10,3.266337032165653e-10,3.2665033094634143e-10,3.2666694282560693e-10,3.2668353886902356e-10,3.2670011909080736e-10,3.267166835048529e-10,3.267332321251104e-10,3.2674976496577966e-10,3.26766282040952e-10,3.2678278336475516e-10,3.2679926895117604e-10,3.268157388143599e-10,3.2683219296824765e-10,3.2684863142690275e-10,3.2686505420423904e-10,3.268814613144722e-10,3.2689785277169024e-10,3.269142285891139e-10,3.2693058878164957e-10,3.269469333626093e-10,3.2696326234641953e-10,3.2697957574672004e-10,3.269958735770871e-10,3.27012155852016e-10,3.2702842258527427e-10,3.2704467379075555e-10,3.2706090948229415e-10,3.270771296736936e-10,3.270933343787474e-10,3.271095236113525e-10,3.2712569738535065e-10,3.271418557147221e-10,3.271579986127661e-10,3.271741260936287e-10,3.2719023817099796e-10,3.2720633485853874e-10,3.2722241617018324e-10,3.272384821194557e-10,3.272545327200695e-10,3.2727056798593515e-10,3.2728658793088444e-10,3.2730259256814843e-10,3.2731858191177915e-10,3.273345559753522e-10,3.2735051477249765e-10,3.273664583167846e-10,3.2738238662185694e-10,3.273982997014445e-10,3.27414197569135e-10,3.274300802383733e-10,3.2744594772179104e-10,3.2746180003502513e-10,3.2747763719052233e-10,3.2749345920200695e-10,3.2750926608289696e-10,3.2752505784680003e-10,3.275408345072082e-10,3.2755659607740537e-10,3.275723425711793e-10,3.275880740017798e-10,3.276037903826615e-10,3.276194917270855e-10,3.276351780490902e-10,3.2765084936178974e-10,3.276665056785803e-10,3.276821470129082e-10,3.2769777337769934e-10,3.2771338478718523e-10,3.2772898125410664e-10,3.2774456279224266e-10,3.277601294146955e-10,3.277756811345895e-10,3.277912179657317e-10,3.278067399210647e-10,3.278222470140618e-10,3.2783773925801645e-10,3.278532166661227e-10,3.278686792515702e-10,3.2788412702750843e-10,3.2789956000753006e-10,3.2791497820491505e-10,3.279303816326146e-10,3.2794577030394593e-10,3.2796114423216216e-10,3.2797650343017625e-10,3.2799184791133255e-10,3.280071776860791e-10,3.280224927730273e-10,3.28037793182424e-10,3.280530789275317e-10,3.2806835002147064e-10,3.280836064773573e-10,3.280988483083314e-10,3.281140755273071e-10,3.28129288146627e-10,3.2814448618072297e-10,3.281596696422636e-10,3.2817483854404954e-10,3.2818999289915083e-10,3.2820513272059607e-10,3.282202580214225e-10,3.2823536881384885e-10,3.2825046511171796e-10,3.2826554692831993e-10,3.282806142759648e-10,3.282956671679085e-10,3.283107056170404e-10,3.2832572963605583e-10,3.2834073923796463e-10,3.283557344356823e-10,3.283707152421078e-10,3.2838568166936083e-10,3.2840063373170884e-10,3.2841557144147136e-10,3.2843049481128335e-10,3.284454038539895e-10,3.284602985825086e-10,3.284751790094919e-10,3.2849004514797766e-10,3.2850489701058763e-10,3.2851973461015865e-10,3.2853455795931973e-10,3.285493670709006e-10,3.2856416195776727e-10,3.285789426323316e-10,3.2859370910794256e-10,3.2860846139675995e-10,3.286231995115201e-10,3.2863792346511036e-10,3.2865263326997155e-10,3.28667328938971e-10,3.2868201048463324e-10,3.2869667791969867e-10,3.2871133125665736e-10,3.2872597050825487e-10,3.2874059568708874e-10,3.2875520680570447e-10,3.287698038767681e-10,3.2878438691270035e-10,3.287989559261561e-10,3.2881351092968147e-10,3.288280519357941e-10,3.288425789571035e-10,3.288570920060202e-10,3.28871591095249e-10,3.2888607623704533e-10,3.289005474439874e-10,3.289150047285123e-10,3.2892944810318645e-10,3.289438775807138e-10,3.2895829317334845e-10,3.2897269489299e-10,3.2898708275245195e-10,3.2900145676413406e-10,3.2901581694040787e-10,3.290301632937057e-10,3.2904449583646065e-10,3.2905881458102024e-10,3.2907311953969857e-10,3.290874107249263e-10,3.2910168814933156e-10,3.2911595182425006e-10,3.2913020176274173e-10,3.2914443797708746e-10,3.2915866047959033e-10,3.2917286928227014e-10,3.291870643975923e-10,3.292012458378154e-10,3.2921541361497423e-10,3.2922956774144585e-10,3.2924370822956856e-10,3.292578350913925e-10,3.2927194833926405e-10,3.292860479852852e-10,3.2930013404164976e-10,3.293142065205736e-10,3.2932826543414586e-10,3.2934231079455756e-10,3.293563426139225e-10,3.293703609046093e-10,3.2938436567834855e-10,3.2939835694743854e-10,3.294123347239219e-10,3.294262990199635e-10,3.294402498474062e-10,3.294541872188235e-10,3.294681111456334e-10,3.2948202164035854e-10,3.294959187149313e-10,3.295098023813252e-10,3.295236726515572e-10,3.2953752953764413e-10,3.295513730513603e-10,3.2956520320509006e-10,3.295790200106014e-10,3.295928234798123e-10,3.296066136248886e-10,3.296203904574798e-10,3.296341539896321e-10,3.296479042332867e-10,3.296616412003086e-10,3.296753649023817e-10,3.296890753519755e-10,3.297027725605879e-10,3.29716456540015e-10,3.2973012730220613e-10,3.297437848583368e-10,3.2975742922200095e-10,3.297710604036039e-10,3.297846784152697e-10,3.297982832688115e-10,3.2981187497600375e-10,3.298254535487367e-10,3.29839018998733e-10,3.298525713376951e-10,3.298661105775216e-10,3.298796367297626e-10,3.298931498062379e-10,3.2990664981864786e-10,3.2992013677874894e-10,3.299336106982154e-10,3.299470715887825e-10,3.2996051946193225e-10,3.299739543295292e-10,3.2998737620323156e-10,3.3000078509467333e-10,3.300141810154669e-10,3.300275639772448e-10,3.3004093399140706e-10,3.300542910699724e-10,3.3006763522427047e-10,3.300809664660318e-10,3.3009428480654557e-10,3.3010759025785523e-10,3.3012088283117545e-10,3.3013416253823907e-10,3.3014742939190435e-10,3.301606834009006e-10,3.301739245780435e-10,3.301871529349383e-10,3.302003684830164e-10,3.3021357123350447e-10,3.3022676119852044e-10,3.3023993838919824e-10,3.3025310281678483e-10,3.302662544931599e-10,3.302793934295303e-10,3.302925196373585e-10,3.3030563312797216e-10,3.3031873391273385e-10,3.3033182200297104e-10,3.3034489741065045e-10,3.3035796014542295e-10,3.303710102211023e-10,3.303840476478896e-10,3.3039707243624563e-10,3.304100845993346e-10,3.304230841475311e-10,3.3043607109215124e-10,3.304490454445589e-10,3.3046200721582036e-10,3.3047495641757653e-10,3.3048789306069516e-10,3.305008171569445e-10,3.305137287171515e-10,3.3052662775289834e-10,3.305395142752665e-10,3.305523882954568e-10,3.3056524982468327e-10,3.3057809887416864e-10,3.3059093545496533e-10,3.306037595786354e-10,3.306165712560775e-10,3.306293704984527e-10,3.3064215731591313e-10,3.306549317217679e-10,3.3066769372605384e-10,3.3068044333991107e-10,3.3069318057440225e-10,3.3070590544068497e-10,3.307186179498678e-10,3.30731318112999e-10,3.3074400594127626e-10,3.3075668144553607e-10,3.3076934463682626e-10,3.3078199552649065e-10,3.307946341254901e-10,3.30807260444805e-10,3.308198744954208e-10,3.3083247628832176e-10,3.30845065834006e-10,3.3085764314458564e-10,3.3087020823048316e-10,3.308827611024451e-10,3.3089530177185485e-10,3.309078302493853e-10,3.309203465460783e-10,3.3093285067287606e-10,3.3094534264066327e-10,3.3095782246034717e-10,3.3097029014284e-10,3.309827456989857e-10,3.309951891397721e-10,3.310076204759437e-10,3.310200397172091e-10,3.3103244687614673e-10,3.310448419639125e-10,3.3105722499058646e-10,3.3106959596696336e-10,3.310819549042881e-10,3.310943018127705e-10,3.3110663670296383e-10,3.3111895958626603e-10,3.311312704731827e-10,3.3114356937481657e-10,3.3115585630143776e-10,3.311681312644504e-10,3.311803942737519e-10,3.311926453405156e-10,3.3120488447546916e-10,3.312171116892299e-10,3.312293269926324e-10,3.3124153039632325e-10,3.3125372191139007e-10,3.312659015475571e-10,3.312780693161795e-10,3.312902252278364e-10,3.313023692932671e-10,3.313145015227035e-10,3.3132662192700975e-10,3.313387305167974e-10,3.313508273027545e-10,3.313629122952815e-10,3.3137498550530307e-10,3.31387046943164e-10,3.31399096619484e-10,3.3141113454485e-10,3.3142316072975377e-10,3.314351751847956e-10,3.314471779208348e-10,3.314591689476886e-10,3.314711482766101e-10,3.3148311591735844e-10,3.3149507188107106e-10,3.3150701617758654e-10,3.315189488179805e-10,3.3153086981247783e-10,3.315427791715191e-10,3.31554676905612e-10,3.3156656302535907e-10,3.315784375409583e-10,3.3159030046291305e-10,3.316021518016013e-10,3.3161399156667677e-10,3.316258197700669e-10,3.3163763642157783e-10,3.316494415313263e-10,3.316612351096931e-10,3.316730171671275e-10,3.3168478771406526e-10,3.316965467607255e-10,3.317082943165144e-10,3.3172003039365427e-10,3.3173175500152187e-10,3.317434681503613e-10,3.3175516985055565e-10,3.3176686011246167e-10,3.3177853894664166e-10,3.3179020636259434e-10,3.3180186237097493e-10,3.3181350698169196e-10,3.318251402056709e-10,3.3183676205343767e-10,3.318483725338701e-10,3.318599716579572e-10,3.3187155943564913e-10,3.3188313587746203e-10,3.318947009934634e-10,3.319062547937165e-10,3.3191779728874266e-10,3.3192932848883023e-10,3.3194084840327026e-10,3.3195235704262075e-10,3.319638544169306e-10,3.3197534053661176e-10,3.319868154116897e-10,3.319982790519343e-10,3.3200973146805157e-10,3.320211726698347e-10,3.320326026672032e-10,3.320440214703727e-10,3.3205542908935976e-10,3.3206682553426463e-10,3.3207821081511137e-10,3.320895849421244e-10,3.321009479248515e-10,3.3211229977400264e-10,3.321236404990143e-10,3.3213497010966175e-10,3.32146288616597e-10,3.3215759602950905e-10,3.321688923584193e-10,3.321801776133673e-10,3.3219145180411086e-10,3.322027149406709e-10,3.322139670330338e-10,3.3222520809114137e-10,3.322364381248389e-10,3.322476571439812e-10,3.3225886515849774e-10,3.3227006217845494e-10,3.3228124821396496e-10,3.322924232742924e-10,3.323035873695672e-10,3.323147405094337e-10,3.3232588270422597e-10,3.3233701396345295e-10,3.323481342970091e-10,3.323592437147377e-10,3.323703422265392e-10,3.3238142984200665e-10,3.3239250657119527e-10,3.3240357242344785e-10,3.3241462740915807e-10,3.3242567153784746e-10,3.324367048191909e-10,3.3244772726296326e-10,3.324587388789175e-10,3.324697396766246e-10,3.324807296661999e-10,3.324917088571322e-10,3.325026772591133e-10,3.3251363488194053e-10,3.3252458173526015e-10,3.325355178287478e-10,3.325464431720971e-10,3.3255735777482833e-10,3.325682616468727e-10,3.3257915479765385e-10,3.3259003723699725e-10,3.3260090897436603e-10,3.3261177001948303e-10,3.3262262038203287e-10,3.326334600715623e-10,3.3264428909791755e-10,3.3265510747010713e-10,3.3266591519796526e-10,3.326767122909684e-10,3.3268749875899865e-10,3.3269827461152374e-10,3.327090398580246e-10,3.327197945080199e-10,3.327305385710888e-10,3.3274127205716965e-10,3.3275199497486685e-10,3.327627073341931e-10,3.327734091446279e-10,3.327841004156098e-10,3.327947811566848e-10,3.3280545137782953e-10,3.3281611108694504e-10,3.3282676029501936e-10,3.3283739901099557e-10,3.328480272443296e-10,3.32858645004345e-10,3.328692523006441e-10,3.328798491427732e-10,3.328904355395651e-10,3.3290101150089597e-10,3.3291157703603857e-10,3.3292213215438777e-10,3.3293267686489914e-10,3.3294321117773244e-10,3.3295373510184683e-10,3.329642486466855e-10,3.329747518214865e-10,3.329852446355623e-10,3.3299572709819333e-10,3.330061992188152e-10,3.3301666100662795e-10,3.330271124709862e-10,3.330375536211219e-10,3.330479844663575e-10,3.330584050160601e-10,3.330688152793941e-10,3.3307921526563217e-10,3.3308960498441647e-10,3.3309998444420546e-10,3.3311035365462437e-10,3.331207126248968e-10,3.331310613642452e-10,3.3314139988186913e-10,3.331517281869629e-10,3.3316204628869717e-10,3.3317235419627703e-10,3.3318265191890837e-10,3.3319293946572723e-10,3.332032168459595e-10,3.332134840687223e-10,3.3322374114206116e-10,3.3323398807718127e-10,3.332442248822152e-10,3.332544515662985e-10,3.332646681384437e-10,3.332748746078267e-10,3.332850709835336e-10,3.33295257273104e-10,3.3330543348871284e-10,3.333155996378726e-10,3.333257557296683e-10,3.3333590177310755e-10,3.333460377775108e-10,3.3335616375144056e-10,3.333662797041655e-10,3.3337638564470086e-10,3.3338648158202574e-10,3.333965675253326e-10,3.33406643483325e-10,3.334167094650866e-10,3.334267654796849e-10,3.3343681153608664e-10,3.334468476431999e-10,3.3345687380979814e-10,3.3346689004516545e-10,3.3347689635897176e-10,3.3348689275856913e-10,3.3349687925355593e-10,3.3350685585288486e-10,3.335168225654513e-10,3.3352677940023e-10,3.33536726365983e-10,3.3354666347175904e-10,3.3355659072636797e-10,3.335665081386654e-10,3.3357641571748013e-10,3.33586313472217e-10,3.3359620141074417e-10,3.336060795421385e-10,3.3361594787568385e-10,3.336258064198582e-10,3.33635655183749e-10,3.3364549417591095e-10,3.3365532340532676e-10,3.3366514288068306e-10,3.336749526108089e-10,3.3368475260446816e-10,3.3369454287086553e-10,3.337043234179094e-10,3.337140942549349e-10,3.337238553902571e-10,3.3373360683282624e-10,3.337433485914933e-10,3.3375308067478187e-10,3.3376280309244337e-10,3.3377251585131305e-10,3.3378221896116054e-10,3.3379191243055057e-10,3.3380159626815985e-10,3.3381127048263086e-10,3.3382093508271136e-10,3.3383059007703044e-10,3.338402354742394e-10,3.3384987128296166e-10,3.338594975123463e-10,3.338691141700512e-10,3.338787212656165e-10,3.3388831880664973e-10,3.338979068023971e-10,3.339074852612777e-10,3.3391705419201466e-10,3.339266136032952e-10,3.339361635033381e-10,3.339457039010235e-10,3.3395523480480717e-10,3.33964756223197e-10,3.339742681651957e-10,3.3398377063856933e-10,3.339932636522304e-10,3.3400274721513525e-10,3.3401222133487154e-10,3.3402168602039947e-10,3.34031141280191e-10,3.3404058712282316e-10,3.3405002355654037e-10,3.3405945059022006e-10,3.3406886823207137e-10,3.340782764906563e-10,3.340876753743541e-10,3.3409706489145903e-10,3.3410644505087655e-10,3.341158158607773e-10,3.341251773289877e-10,3.341345294649769e-10,3.34143872276657e-10,3.3415320577241416e-10,3.3416252996069746e-10,3.341718448498361e-10,3.341811504489051e-10,3.341904467649931e-10,3.341997338070678e-10,3.3420901158345356e-10,3.342182801025702e-10,3.3422753937272903e-10,3.3423678940216364e-10,3.3424603019964444e-10,3.342552617729181e-10,3.3426448413055585e-10,3.3427369728079606e-10,3.3428290123195504e-10,3.342920959922725e-10,3.343012815701805e-10,3.343104579738685e-10,3.343196252116198e-10,3.343287832916249e-10,3.3433793222214507e-10,3.3434707201157914e-10,3.3435620266808616e-10,3.343653241998376e-10,3.343744366149935e-10,3.3438353992196e-10,3.343926341286145e-10,3.3440171924361857e-10,3.344107952748488e-10,3.344198622306841e-10,3.344289201193092e-10,3.3443796894875766e-10,3.3444700872690807e-10,3.3445603946248247e-10,3.344650611637609e-10,3.3447407383813135e-10,3.3448307749248835e-10,3.344920721381743e-10,3.3450105778176035e-10,3.345100344310234e-10,3.34519002094649e-10,3.3452796078066503e-10,3.345369104967487e-10,3.34545851251184e-10,3.345547830520568e-10,3.34563705907382e-10,3.345726198252992e-10,3.34581524813841e-10,3.3459042088101243e-10,3.345993080351697e-10,3.346081862835971e-10,3.346170556350287e-10,3.346259160972783e-10,3.346347676785565e-10,3.3464361038631547e-10,3.346524442289637e-10,3.3466126921436017e-10,3.346700853508386e-10,3.3467889264581933e-10,3.346876911075539e-10,3.3469648074398095e-10,3.3470526156331837e-10,3.3471403357302153e-10,3.3472279678124267e-10,3.3473155119595393e-10,3.347402968250883e-10,3.3474903367654695e-10,3.347577617580882e-10,3.347664810780017e-10,3.3477519164312096e-10,3.347838934629329e-10,3.347925865451206e-10,3.348012708967094e-10,3.348099465255565e-10,3.348186134399001e-10,3.348272716475364e-10,3.3483592115660863e-10,3.348445619743935e-10,3.3485319410898596e-10,3.348618175681969e-10,3.3487043236006505e-10,3.348790384920724e-10,3.3488763597209235e-10,3.3489622480764865e-10,3.349048050073603e-10,3.3491337657874557e-10,3.3492193952923505e-10,3.349304938672275e-10,3.3493903959949517e-10,3.3494757673432185e-10,3.3495610527922316e-10,3.349646252424512e-10,3.3497313663138446e-10,3.349816394538859e-10,3.349901337176481e-10,3.349986194304008e-10,3.3500709659984315e-10,3.350155652338377e-10,3.3502402533960266e-10,3.350324769252372e-10,3.3504091999842714e-10,3.350493545667519e-10,3.3505778063797924e-10,3.3506619821942956e-10,3.350746073189825e-10,3.350830079444523e-10,3.3509140010326974e-10,3.3509978380293067e-10,3.351081590516421e-10,3.351165258565094e-10,3.351248842253006e-10,3.351332341656273e-10,3.351415756852208e-10,3.3514990879126877e-10,3.351582334917236e-10,3.351665497941333e-10,3.351748577059434e-10,3.351831572347568e-10,3.35191448388189e-10,3.3519973117366597e-10,3.3520800559869516e-10,3.352162716712601e-10,3.3522452939852784e-10,3.3523277878809253e-10,3.352410198474171e-10,3.352492525841921e-10,3.352574770059234e-10,3.3526569311992706e-10,3.3527390093359954e-10,3.3528210045543267e-10,3.352902916912364e-10,3.352984746493268e-10,3.353066493373044e-10,3.3531481576189223e-10,3.3532297393166724e-10,3.3533112385367596e-10,3.353392655349797e-10,3.3534739898314406e-10,3.353555242058021e-10,3.353636412102677e-10,3.353717500039746e-10,3.35379850594318e-10,3.353879429886766e-10,3.353960271944648e-10,3.3540410321902894e-10,3.3541217106989265e-10,3.354202307542815e-10,3.354282822796163e-10,3.3543632565325074e-10,3.354443608823814e-10,3.354523879746652e-10,3.354604069374566e-10,3.3546841777754067e-10,3.3547642050284893e-10,3.354844151204945e-10,3.3549240163776574e-10,3.3550038006198356e-10,3.3550835040048984e-10,3.355163126605345e-10,3.3552426684936577e-10,3.3553221297416527e-10,3.355401510425159e-10,3.355480810615366e-10,3.3555600303845824e-10,3.355639169806161e-10,3.355718228951385e-10,3.355797207892187e-10,3.355876106703491e-10,3.3559549254563203e-10,3.356033664221883e-10,3.3561123230802963e-10,3.356190902089844e-10,3.356269401329163e-10,3.3563478208678137e-10,3.35642616078347e-10,3.356504421143882e-10,3.356582602022996e-10,3.3566607034901713e-10,3.3567387256178814e-10,3.356816668477534e-10,3.356894532141591e-10,3.3569723166812484e-10,3.3570500221663645e-10,3.3571276486722286e-10,3.3572051962656507e-10,3.3572826650200413e-10,3.357360055008006e-10,3.3574373663003887e-10,3.3575145989631104e-10,3.3575917530705366e-10,3.357668828693532e-10,3.3577458259067736e-10,3.3578227447725127e-10,3.357899585367186e-10,3.357976347761303e-10,3.3580530320227056e-10,3.358129638226328e-10,3.358206166437199e-10,3.358282616730115e-10,3.35835898917356e-10,3.3584352838405745e-10,3.3585115007960413e-10,3.358587640113559e-10,3.3586637018621057e-10,3.358739686112389e-10,3.358815592933939e-10,3.35889142239858e-10,3.3589671745656196e-10,3.359042849520625e-10,3.3591184473254684e-10,3.3591939680510983e-10,3.3592694117656026e-10,3.3593447785411063e-10,3.3594200684451104e-10,3.359495281545896e-10,3.3595704179140835e-10,3.359645477617621e-10,3.3597204607281504e-10,3.359795367309392e-10,3.3598701974377647e-10,3.3599449511802095e-10,3.3600196286047154e-10,3.3600942297801793e-10,3.36016875477643e-10,3.360243203666083e-10,3.3603175765061883e-10,3.3603918733799203e-10,3.360466094340743e-10,3.360540239457867e-10,3.360614308816539e-10,3.36068830247096e-10,3.360762220493748e-10,3.3608360629591773e-10,3.3609098299223534e-10,3.360983521458098e-10,3.3610571376361213e-10,3.3611306785215887e-10,3.3612041441832764e-10,3.361277534693179e-10,3.3613508501127635e-10,3.36142409051205e-10,3.36149725595945e-10,3.3615703465247633e-10,3.3616433622710655e-10,3.361716303267918e-10,3.3617891695842103e-10,3.3618619612874757e-10,3.361934678442049e-10,3.3620073211172906e-10,3.36207988937888e-10,3.362152383295369e-10,3.36222480293398e-10,3.3622971483609293e-10,3.3623694196436364e-10,3.362441616848551e-10,3.362513740045067e-10,3.362585789297178e-10,3.3626577646729636e-10,3.3627296662380584e-10,3.3628014940580127e-10,3.362873248203408e-10,3.362944928736277e-10,3.3630165357283494e-10,3.3630880692421753e-10,3.3631595293443866e-10,3.3632309161014774e-10,3.363302229580161e-10,3.3633734698449434e-10,3.3634446369646286e-10,3.363515731002861e-10,3.3635867520271204e-10,3.3636577001069263e-10,3.3637285753012236e-10,3.363799377678082e-10,3.363870107303954e-10,3.363940764244514e-10,3.364011348565498e-10,3.3640818603324393e-10,3.364152299610797e-10,3.3642226664661553e-10,3.364292960964003e-10,3.364363183170102e-10,3.364433333148911e-10,3.3645034109646117e-10,3.364573416683319e-10,3.3646433503703646e-10,3.364713212090395e-10,3.364783001908662e-10,3.3648527198903433e-10,3.36492236610194e-10,3.3649919406046263e-10,3.365061443465418e-10,3.365130874748002e-10,3.365200234517845e-10,3.365269522837573e-10,3.3653387397743345e-10,3.3654078853916643e-10,3.365476959749439e-10,3.365545962920883e-10,3.3656148949658154e-10,3.3656837559483763e-10,3.3657525459328015e-10,3.3658212649832275e-10,3.365889913162584e-10,3.3659584905373725e-10,3.3660269971704823e-10,3.3660954331249585e-10,3.366163798466125e-10,3.3662320932549703e-10,3.3663003175578777e-10,3.3663684714373926e-10,3.3664365549573e-10,3.366504568181659e-10,3.3665725111747205e-10,3.3666403840055675e-10,3.366708186720063e-10,3.3667759193939747e-10,3.366843582088663e-10,3.3669111748679227e-10,3.366978697792223e-10,3.367046150928736e-10,3.367113534337971e-10,3.3671808480836283e-10,3.3672480922284926e-10,3.3673152668332186e-10,3.367382371965313e-10,3.367449407687377e-10,3.367516374056468e-10,3.3675832711389197e-10,3.3676500989950585e-10,3.367716857690444e-10,3.3677835472862077e-10,3.367850167845355e-10,3.367916719428973e-10,3.36798320210007e-10,3.368049615920991e-10,3.3681159609541163e-10,3.36818223726115e-10,3.368248444898262e-10,3.3683145839390286e-10,3.36838065444427e-10,3.368446656466814e-10,3.3685125900733333e-10,3.3685784553321606e-10,3.3686442522901765e-10,3.368709981018162e-10,3.3687756415778227e-10,3.368841234028858e-10,3.368906758433138e-10,3.368972214854505e-10,3.3690376033510963e-10,3.3691029239872444e-10,3.36916817682105e-10,3.3692333619152294e-10,3.369298479330751e-10,3.36936352912903e-10,3.369428511371214e-10,3.3694934261179013e-10,3.369558273430902e-10,3.369623053368923e-10,3.3696877659959566e-10,3.3697524113718444e-10,3.369816989556139e-10,3.3698815006171726e-10,3.3699459446018027e-10,3.3700103215778217e-10,3.370074631604208e-10,3.370138874743447e-10,3.370203051056374e-10,3.370267160600628e-10,3.370331203438184e-10,3.3703951796276596e-10,3.370459089230116e-10,3.3705229323075494e-10,3.370586708919521e-10,3.370650419126788e-10,3.3707140629853005e-10,3.370777640557395e-10,3.3708411519032616e-10,3.370904597083752e-10,3.3709679761558045e-10,3.371031289182237e-10,3.3710945362219626e-10,3.3711577173346574e-10,3.3712208325811454e-10,3.371283882014692e-10,3.3713468656993275e-10,3.371409783695583e-10,3.371472636060243e-10,3.37153542285347e-10,3.3715981441348614e-10,3.371660799963849e-10,3.3717233903986946e-10,3.371785915498816e-10,3.3718483753266315e-10,3.37191076993457e-10,3.3719730993853567e-10,3.372035363738951e-10,3.3720975630502756e-10,3.3721596973801126e-10,3.372221766787817e-10,3.3722837713305435e-10,3.3723457110703817e-10,3.372407586061099e-10,3.3724693963620133e-10,3.372531142034647e-10,3.372592823136476e-10,3.3726544397255073e-10,3.3727159918588327e-10,3.372777479596003e-10,3.3728389029941783e-10,3.372900262111453e-10,3.372961557006906e-10,3.3730227877383584e-10,3.3730839543641344e-10,3.3731450569402046e-10,3.3732060955255087e-10,3.373267070178641e-10,3.3733279809579815e-10,3.373388827918687e-10,3.3734496111203806e-10,3.373510330621498e-10,3.3735709864768183e-10,3.373631578747644e-10,3.373692107486444e-10,3.3737525727522343e-10,3.3738129745985213e-10,3.373873313093078e-10,3.373933588289026e-10,3.373993800240199e-10,3.3740539490064365e-10,3.3741140346426974e-10,3.374174057207733e-10,3.374234016756014e-10,3.3742939133489297e-10,3.374353747040453e-10,3.374413517887434e-10,3.374473225947945e-10,3.374532871278227e-10,3.374592453934494e-10,3.3746519739725386e-10,3.3747114314504986e-10,3.3747708264238295e-10,3.37483015894919e-10,3.3748894290822447e-10,3.374948636881526e-10,3.3750077824024995e-10,3.375066865701237e-10,3.375125886832922e-10,3.37518484585622e-10,3.375243742825728e-10,3.375302577796665e-10,3.375361350825842e-10,3.375420061970699e-10,3.3754787112852867e-10,3.3755372988241597e-10,3.375595824645449e-10,3.3756542888054397e-10,3.3757126913576844e-10,3.375771032358805e-10,3.375829311865192e-10,3.3758875299312165e-10,3.375945686614622e-10,3.3760037819675163e-10,3.3760618160475203e-10,3.376119788908926e-10,3.37617770060757e-10,3.376235551198441e-10,3.3762933407373544e-10,3.376351069278999e-10,3.376408736879488e-10,3.376466343592375e-10,3.3765238894737986e-10,3.376581374577746e-10,3.3766387989605976e-10,3.376696162675661e-10,3.376753465778017e-10,3.376810708319504e-10,3.376867890361675e-10,3.376925011955373e-10,3.3769820731559596e-10,3.3770390740175226e-10,3.3770960145942566e-10,3.37715289493695e-10,3.3772097151082417e-10,3.377266475158703e-10,3.377323175139127e-10,3.3773798151102237e-10,3.377436395121377e-10,3.3774929152339583e-10,3.377549375492366e-10,3.3776057759548096e-10,3.3776621166771283e-10,3.3777183977108287e-10,3.377774619110306e-10,3.3778307809283146e-10,3.377886883220798e-10,3.3779429260408085e-10,3.377998909444374e-10,3.3780548334811364e-10,3.3781106982054183e-10,3.378166503674671e-10,3.3782222499387567e-10,3.378277937051089e-10,3.3783335650703195e-10,3.3783891340415955e-10,3.3784446440215995e-10,3.378500095064412e-10,3.3785554872236447e-10,3.3786108205537674e-10,3.378666095104892e-10,3.3787213109332703e-10,3.3787764680881816e-10,3.378831566626733e-10,3.378886606598795e-10,3.3789415880590547e-10,3.378996511059075e-10,3.379051375651533e-10,3.379106181890179e-10,3.3791609298318424e-10,3.379215619520712e-10,3.3792702510137256e-10,3.379324824363461e-10,3.379379339622923e-10,3.379433796844581e-10,3.3794881960779497e-10,3.379542537381339e-10,3.379596820802866e-10,3.3796510463956715e-10,3.3797052142126e-10,3.3797593243038374e-10,3.379813376722675e-10,3.379867371521809e-10,3.3799213087591253e-10,3.3799751884746463e-10,3.380029010727181e-10,3.380082775567168e-10,3.380136483047757e-10,3.3801901332198766e-10,3.380243726135589e-10,3.380297261846086e-10,3.38035074040359e-10,3.380404161860699e-10,3.380457526268262e-10,3.380510833680573e-10,3.380564084142697e-10,3.3806172777093253e-10,3.380670414435595e-10,3.3807234943660747e-10,3.3807765175558333e-10,3.3808294840563e-10,3.3808823939184036e-10,3.3809352471937443e-10,3.380988043931539e-10,3.3810407841842325e-10,3.381093468002901e-10,3.38114609543933e-10,3.381198666543691e-10,3.381251181366937e-10,3.3813036399596897e-10,3.3813560423723483e-10,3.381408388657964e-10,3.3814606788639796e-10,3.381512913043632e-10,3.3815650912457326e-10,3.381617213524646e-10,3.3816692799252034e-10,3.3817212905051687e-10,3.381773245306147e-10,3.381825144383804e-10,3.381876987786903e-10,3.3819287755665266e-10,3.381980507773047e-10,3.3820321844565934e-10,3.3820838056674185e-10,3.382135371455288e-10,3.382186881871614e-10,3.3822383369647613e-10,3.382289736785457e-10,3.382341081384091e-10,3.382392370809644e-10,3.3824436051125185e-10,3.382494784344021e-10,3.3825459085529226e-10,3.382596977786315e-10,3.3826479920970317e-10,3.3826989515325636e-10,3.382749856143731e-10,3.3828007059799393e-10,3.382851501091074e-10,3.382902241525944e-10,3.3829529273342895e-10,3.3830035585654877e-10,3.3830541352697056e-10,3.383104657494807e-10,3.383155125289517e-10,3.383205538705811e-10,3.3832558977903644e-10,3.383306202590522e-10,3.3833564531609133e-10,3.383406649548203e-10,3.3834567918004115e-10,3.383506879965962e-10,3.3835569140951446e-10,3.3836068942354034e-10,3.383656820437572e-10,3.383706692748112e-10,3.3837565112179084e-10,3.38380627589347e-10,3.3838559868252416e-10,3.3839056440602615e-10,3.3839552476486663e-10,3.384004797638118e-10,3.3840542940770635e-10,3.3841037370130916e-10,3.3841531264961424e-10,3.3842024625738294e-10,3.3842517452943923e-10,3.38430097470601e-10,3.384350150857244e-10,3.3843992737963887e-10,3.384448343569324e-10,3.3844973602271356e-10,3.3845463238160193e-10,3.3845952343846073e-10,3.3846440919796985e-10,3.384692896651008e-10,3.384741648444345e-10,3.384790347409752e-10,3.384838993594104e-10,3.384887587041003e-10,3.384936127805415e-10,3.384984615931917e-10,3.3850330514680844e-10,3.3850814344608503e-10,3.3851297649579336e-10,3.385178043007084e-10,3.3852262686550657e-10,3.385274441949889e-10,3.3853225629377963e-10,3.3853706316668255e-10,3.385418648186262e-10,3.3854666125401454e-10,3.385514524777368e-10,3.385562384943421e-10,3.3856101930869395e-10,3.3856579492545183e-10,3.385705653492204e-10,3.385753305847765e-10,3.3858009063683826e-10,3.3858484551013196e-10,3.385895952092424e-10,3.3859433973890273e-10,3.385990791036823e-10,3.3860381330862274e-10,3.386085423578662e-10,3.3861326625629627e-10,3.38617985008581e-10,3.386226986193092e-10,3.386274070934248e-10,3.3863211043525136e-10,3.3863680864939e-10,3.3864150174031986e-10,3.386461897132407e-10,3.3865087257240733e-10,3.386555503225173e-10,3.386602229680023e-10,3.3866489051383127e-10,3.3866955296477433e-10,3.386742103248825e-10,3.3867886259850404e-10,3.386835097911373e-10,3.3868815190703427e-10,3.386927889507164e-10,3.3869742092666817e-10,3.3870204783964393e-10,3.387066696941381e-10,3.3871128649472286e-10,3.3871589824589003e-10,3.3872050495236016e-10,3.3872510661861574e-10,3.3872970324921124e-10,3.3873429484862355e-10,3.387388814215688e-10,3.387434629723049e-10,3.387480395057464e-10,3.387526110262342e-10,3.3875717753850895e-10,3.3876173904672617e-10,3.387662955555975e-10,3.387708470695456e-10,3.387753935931709e-10,3.3877993513106177e-10,3.387844716876442e-10,3.3878900326700387e-10,3.387935298745513e-10,3.387980515142313e-10,3.388025681905946e-10,3.388070799081338e-10,3.3881158667132233e-10,3.388160884846438e-10,3.388205853525705e-10,3.3882507727958263e-10,3.3882956427013236e-10,3.3883404632874017e-10,3.388385234597627e-10,3.3884299566770494e-10,3.388474629570219e-10,3.3885192533215775e-10,3.388563827975563e-10,3.3886083535761743e-10,3.3886528301684097e-10,3.388697257793701e-10,3.3887416365018376e-10,3.388785966333575e-10,3.388830247333678e-10,3.3888744795463016e-10,3.388918663014535e-10,3.3889627977840836e-10,3.3890068838983267e-10,3.3890509214010445e-10,3.3890949103364476e-10,3.389138850748431e-10,3.389182742680651e-10,3.389226586177284e-10,3.3892703812615264e-10,3.389314128017801e-10,3.389357826469399e-10,3.3894014766601495e-10,3.3894450786335096e-10,3.389488632433082e-10,3.3895321381042117e-10,3.3895755956869606e-10,3.3896190052265456e-10,3.389662366766412e-10,3.3897056803499097e-10,3.389748946022115e-10,3.3897921638230526e-10,3.3898353337974367e-10,3.389878455988017e-10,3.3899215304391893e-10,3.389964557193753e-10,3.3900075362945506e-10,3.3900504677837194e-10,3.3900933517062067e-10,3.390136188104214e-10,3.390178977019199e-10,3.390221718497486e-10,3.3902644125793934e-10,3.3903070593083565e-10,3.390349658727043e-10,3.390392210880382e-10,3.3904347158073455e-10,3.390477173552306e-10,3.3905195841539143e-10,3.390561947664532e-10,3.3906042641197626e-10,3.390646533562666e-10,3.3906887560366116e-10,3.390730931585173e-10,3.3907730602483187e-10,3.3908151420696526e-10,3.3908571770915263e-10,3.3908991653565776e-10,3.39094110690617e-10,3.390983001783392e-10,3.391024850030148e-10,3.391066651688094e-10,3.391108406800083e-10,3.391150115408056e-10,3.39119177755457e-10,3.391233393281111e-10,3.391274962628547e-10,3.3913164856403095e-10,3.3913579623580144e-10,3.3913993928285397e-10,3.391440777082977e-10,3.391482115168592e-10,3.3915234071277806e-10,3.391564653000998e-10,3.3916058528305124e-10,3.3916470066578335e-10,3.391688114524655e-10,3.391729176472472e-10,3.391770192542965e-10,3.391811162777737e-10,3.3918520872179824e-10,3.3918929659047037e-10,3.391933798879647e-10,3.3919745861803316e-10,3.3920153278556775e-10,3.3920560239462987e-10,3.3920966744864385e-10,3.392137279520571e-10,3.392177839091289e-10,3.3922183532388613e-10,3.3922588220042066e-10,3.392299245428291e-10,3.3923396235521666e-10,3.392379956416556e-10,3.392420244062656e-10,3.3924604865331793e-10,3.392500683865332e-10,3.3925408361032e-10,3.39258094328439e-10,3.39262100545145e-10,3.392661022644822e-10,3.392700994905235e-10,3.39274092227243e-10,3.392780804788776e-10,3.392820642493961e-10,3.3928604354288623e-10,3.392900183631871e-10,3.392939887146556e-10,3.3929795460118257e-10,3.393019160266306e-10,3.3930587299537464e-10,3.393098255112729e-10,3.393137735781774e-10,3.3931771720048063e-10,3.393216563819996e-10,3.393255911267749e-10,3.3932952143872443e-10,3.3933344732200485e-10,3.393373687805244e-10,3.3934128581834273e-10,3.393451984393831e-10,3.3934910664763456e-10,3.393530104471868e-10,3.393569098419649e-10,3.393608048359108e-10,3.3936469543308704e-10,3.3936858163746045e-10,3.393724634528127e-10,3.393763408833555e-10,3.393802139329922e-10,3.393840826056663e-10,3.3938794690531996e-10,3.393918068359181e-10,3.393956624013872e-10,3.393995136057515e-10,3.3940336045284273e-10,3.3940720294665563e-10,3.394110410911212e-10,3.3941487489012893e-10,3.394187043474449e-10,3.3942252946738435e-10,3.394263502533764e-10,3.394301667100003e-10,3.3943397884098527e-10,3.3943778664989954e-10,3.3944159014086397e-10,3.394453893176113e-10,3.3944918418425205e-10,3.3945297474516206e-10,3.39456761003132e-10,3.3946054296257814e-10,3.394643206273991e-10,3.3946809400143125e-10,3.394718630885527e-10,3.3947562789260506e-10,3.3947938841770556e-10,3.39483144667565e-10,3.3948689664617855e-10,3.3949064435711193e-10,3.394943878043818e-10,3.394981269918945e-10,3.395018619236004e-10,3.3950559260310037e-10,3.3950931903429985e-10,3.395130412211207e-10,3.395167591671788e-10,3.395204728767343e-10,3.3952418235327657e-10,3.395278876006166e-10,3.3953158862274735e-10,3.395352854234054e-10,3.3953897800646665e-10,3.395426663757144e-10,3.3954635053496015e-10,3.395500304878964e-10,3.3955370623866253e-10,3.39557377790657e-10,3.395610451480515e-10,3.395647083142189e-10,3.395683672931727e-10,3.3957202208863906e-10,3.3957567270446564e-10,3.395793191445009e-10,3.395829614123399e-10,3.395865995116708e-10,3.3959023344634716e-10,3.3959386322049924e-10,3.3959748883765907e-10,3.3960111030172693e-10,3.396047276159403e-10,3.3960834078439974e-10,3.3961194981102586e-10,3.39615554699181e-10,3.396191554527948e-10,3.3962275207562566e-10,3.3962634457165186e-10,3.396299329440415e-10,3.3963351719686446e-10,3.3963709733374877e-10,3.39640673358463e-10,3.396442452748398e-10,3.396478130863581e-10,3.3965137679685563e-10,3.396549364100494e-10,3.3965849192961425e-10,3.396620433595394e-10,3.3966559070297146e-10,3.396691339638288e-10,3.3967267314559523e-10,3.3967620825257427e-10,3.3967973928808524e-10,3.3968326625576825e-10,3.396867891595301e-10,3.396903080026621e-10,3.3969382278939e-10,3.396973335226739e-10,3.397008402067423e-10,3.3970434284486006e-10,3.397078414408439e-10,3.397113359984933e-10,3.3971482652171624e-10,3.3971831301333244e-10,3.3972179547745085e-10,3.397252739176466e-10,3.397287483377452e-10,3.397322187411731e-10,3.397356851316471e-10,3.3973914751263956e-10,3.397426058879068e-10,3.3974606026112543e-10,3.3974951063590366e-10,3.397529570161101e-10,3.3975639940477723e-10,3.3975983780584266e-10,3.397632722228664e-10,3.3976670265945995e-10,3.397701291192191e-10,3.3977355160565766e-10,3.397769701225672e-10,3.3978038467331055e-10,3.397837952616793e-10,3.397872018913965e-10,3.397906045658366e-10,3.3979400328823593e-10,3.397973980618987e-10,3.39800788891792e-10,3.3980417578039284e-10,3.398075587314202e-10,3.398109377486397e-10,3.3981431283548674e-10,3.398176839955471e-10,3.39821051232389e-10,3.398244145495602e-10,3.398277739504771e-10,3.39831129438783e-10,3.3983448101806847e-10,3.398378286917766e-10,3.3984117246372796e-10,3.398445123369277e-10,3.3984784831519564e-10,3.398511804020396e-10,3.3985450860086913e-10,3.3985783291557674e-10,3.3986115334906995e-10,3.3986446990523644e-10,3.398677825875014e-10,3.398710913993814e-10,3.398743963443754e-10,3.398776974259816e-10,3.3988099464767137e-10,3.3988428801278466e-10,3.398875775253922e-10,3.398908631883713e-10,3.3989414500535295e-10,3.3989742297968657e-10,3.3990069711516015e-10,3.3990396741513854e-10,3.3990723388302106e-10,3.399104965222859e-10,3.399137553363688e-10,3.3991701032878467e-10,3.399202615030026e-10,3.3992350886243007e-10,3.399267524106213e-10,3.399299921510491e-10,3.399332280870118e-10,3.399364602217202e-10,3.399396885588768e-10,3.3994291310201555e-10,3.3994613385433655e-10,3.399493508193645e-10,3.3995256400051973e-10,3.399557734012841e-10,3.3995897902516805e-10,3.3996218087528977e-10,3.3996537895515923e-10,3.3996857326830357e-10,3.3997176381804816e-10,3.3997495060799315e-10,3.399781336411756e-10,3.3998131292120115e-10,3.3998448845145885e-10,3.3998766023525787e-10,3.3999082827629577e-10,3.399939925774738e-10,3.399971531424113e-10,3.400003099744194e-10,3.400034630769782e-10,3.4000661245338874e-10,3.4000975810709386e-10,3.40012900041357e-10,3.4001603825961935e-10,3.4001917276518166e-10,3.400223035614314e-10,3.4002543065170885e-10,3.400285540393885e-10,3.400316737277021e-10,3.400347897200968e-10,3.4003790202000395e-10,3.400410106306662e-10,3.4004411555548427e-10,3.4004721679758355e-10,3.400503143606929e-10,3.400534082476998e-10,3.400564984620788e-10,3.4005958500721397e-10,3.4006266788641453e-10,3.400657471029779e-10,3.400688226601494e-10,3.400718945612734e-10,3.400749628097289e-10,3.40078027408726e-10,3.400810883616196e-10,3.40084145671664e-10,3.4008719934217903e-10,3.4009024937646395e-10,3.400932957777725e-10,3.400963385493435e-10,3.4009937769459503e-10,3.4010241321670303e-10,3.4010544511892986e-10,3.401084734046737e-10,3.4011149807710156e-10,3.4011451913937684e-10,3.401175365949866e-10,3.4012055044713184e-10,3.4012356069898623e-10,3.4012656735382907e-10,3.4012957041494305e-10,3.4013256988563976e-10,3.4013556576921057e-10,3.401385580685569e-10,3.4014154678713533e-10,3.401445319281897e-10,3.401475134949414e-10,3.401504914905901e-10,3.401534659184328e-10,3.401564367816532e-10,3.4015940408343795e-10,3.4016236782730843e-10,3.401653280159357e-10,3.401682846528744e-10,3.401712377413047e-10,3.4017418728448995e-10,3.4017713328547655e-10,3.401800757475411e-10,3.401830146738813e-10,3.4018595006768984e-10,3.4018888193206816e-10,3.4019181027041826e-10,3.4019473508576115e-10,3.401976563815666e-10,3.4020057416057955e-10,3.4020348842630797e-10,3.4020639918167466e-10,3.4020930643007075e-10,3.4021221017450345e-10,3.402151104182555e-10,3.402180071640443e-10,3.402209004158072e-10,3.402237901763392e-10,3.4022667644879454e-10,3.40229559236346e-10,3.4023243854209054e-10,3.4023531436919224e-10,3.4023818672081297e-10,3.402410556001415e-10,3.4024392101019845e-10,3.402467829540802e-10,3.4024964143508297e-10,3.4025249645632854e-10,3.4025534802084924e-10,3.4025819613184115e-10,3.402610407924032e-10,3.402638820055901e-10,3.402667197746402e-10,3.402695541026066e-10,3.402723849926041e-10,3.402752124477122e-10,3.4027803647106304e-10,3.402808570657474e-10,3.402836742348556e-10,3.402864879814967e-10,3.402892983090741e-10,3.402921052200769e-10,3.402949087177532e-10,3.4029770880544277e-10,3.4030050548611707e-10,3.4030329876277383e-10,3.4030608863862004e-10,3.403088751166577e-10,3.4031165820004396e-10,3.4031443789169975e-10,3.403172141944768e-10,3.4031998711202496e-10,3.4032275664709593e-10,3.4032552280279573e-10,3.4032828558210423e-10,3.4033104498792074e-10,3.4033380102364963e-10,3.40336553692106e-10,3.403393029964643e-10,3.4034204893970295e-10,3.403447915248553e-10,3.4034753075495707e-10,3.403502666330344e-10,3.4035299916209617e-10,3.403557283452123e-10,3.4035845418540276e-10,3.4036117668566356e-10,3.4036389584908785e-10,3.403666116785748e-10,3.4036932417719034e-10,3.4037203334795504e-10,3.4037473919387243e-10,3.403774417179929e-10,3.4038014092330507e-10,3.4038283681268254e-10,3.403855293892126e-10,3.403882186558973e-10,3.403909046158032e-10,3.4039358727175306e-10,3.4039626662683177e-10,3.4039894268399167e-10,3.404016154463281e-10,3.404042849166323e-10,3.4040695109796385e-10,3.4040961399331066e-10,3.404122736055706e-10,3.404149299378397e-10,3.4041758299299404e-10,3.4042023277378293e-10,3.4042287928384016e-10,3.404255225254815e-10,3.4042816250185673e-10,3.404307992159313e-10,3.4043343267060225e-10,3.404360628688933e-10,3.404386898137178e-10,3.404413135080176e-10,3.404439339547169e-10,3.4044655115675277e-10,3.4044916511707537e-10,3.404517758386e-10,3.4045438332424446e-10,3.4045698757697645e-10,3.4045958859965003e-10,3.404621863952513e-10,3.404647809666555e-10,3.4046737231674754e-10,3.4046996044850937e-10,3.404725453648657e-10,3.4047512706862154e-10,3.4047770556275843e-10,3.404802808501021e-10,3.404828529336466e-10,3.4048542181622553e-10,3.4048798750077203e-10,3.404905499901592e-10,3.4049310928705957e-10,3.4049566539479054e-10,3.4049821831610294e-10,3.40500768053677e-10,3.405033146106006e-10,3.4050585798955676e-10,3.405083981935178e-10,3.4051093522534894e-10,3.4051346908790257e-10,3.405159997840584e-10,3.4051852731669273e-10,3.405210516886221e-10,3.4052357290263835e-10,3.4052609096186337e-10,3.4052860586887925e-10,3.405311176266369e-10,3.4053362623794246e-10,3.405361317057706e-10,3.4053863403278357e-10,3.4054113322164816e-10,3.405436292757261e-10,3.40546122197545e-10,3.4054861198996416e-10,3.4055109865579637e-10,3.405535821978185e-10,3.405560626189955e-10,3.405585399220946e-10,3.4056101410988974e-10,3.405634851851697e-10,3.405659531508377e-10,3.405684180097066e-10,3.4057087976442877e-10,3.4057333841796986e-10,3.405757939730988e-10,3.405782464325893e-10,3.405806957992817e-10,3.4058314207590534e-10,3.405855852653053e-10,3.405880253702453e-10,3.405904623934906e-10,3.4059289633786557e-10,3.4059532720607787e-10,3.4059775500106233e-10,3.406001797254935e-10,3.406026013821041e-10,3.4060501997378155e-10,3.4060743550313636e-10,3.4060984797313456e-10,3.4061225738657886e-10,3.4061466374596087e-10,3.406170670541631e-10,3.406194673139595e-10,3.4062186452809883e-10,3.4062425869929164e-10,3.4062664983035007e-10,3.4062903792389273e-10,3.4063142298285626e-10,3.406338050100032e-10,3.4063618400793607e-10,3.406385599794502e-10,3.406409329272895e-10,3.406433028541131e-10,3.4064566976268116e-10,3.4064803365574624e-10,3.4065039453602536e-10,3.40652752406235e-10,3.406551072690925e-10,3.406574591273321e-10,3.406598079836651e-10,3.406621538407909e-10,3.406644967014276e-10,3.4066683656832574e-10,3.4066917344409903e-10,3.4067150733123444e-10,3.406738382328876e-10,3.4067616615163873e-10,3.406784910901328e-10,3.4068081305104943e-10,3.406831320370696e-10,3.4068544805084343e-10,3.406877610948873e-10,3.406900711723609e-10,3.406923782856684e-10,3.406946824374776e-10,3.406969836305216e-10,3.4069928186742705e-10,3.407015771508811e-10,3.407038694835056e-10,3.4070615886802945e-10,3.407084453071324e-10,3.4071072880332696e-10,3.40713009359476e-10,3.407152869781807e-10,3.4071756166208376e-10,3.4071983341376597e-10,3.4072210223597227e-10,3.407243681312937e-10,3.40726631102496e-10,3.4072889115208174e-10,3.407311482826259e-10,3.407334024968583e-10,3.407356537974557e-10,3.407379021870203e-10,3.407401476681703e-10,3.407423902436923e-10,3.4074462991594956e-10,3.4074686668765993e-10,3.4074910056140863e-10,3.407513315399341e-10,3.407535596260612e-10,3.407557848218231e-10,3.40758007130149e-10,3.407602265536304e-10,3.407624430948325e-10,3.4076465675647235e-10,3.40766867541086e-10,3.407690754513217e-10,3.40771280489502e-10,3.407734826586388e-10,3.407756819611202e-10,3.4077787839954645e-10,3.4078007197655313e-10,3.407822626946675e-10,3.407844505564484e-10,3.4078663556453073e-10,3.4078881772153083e-10,3.407909970299439e-10,3.4079317349243986e-10,3.4079534711151463e-10,3.407975178897391e-10,3.4079968582970413e-10,3.408018509339869e-10,3.408040132054164e-10,3.40806172645901e-10,3.4080832925841044e-10,3.4081048304543986e-10,3.408126340095592e-10,3.408147821533118e-10,3.408169274792732e-10,3.4081906998994253e-10,3.408212096878972e-10,3.408233465756551e-10,3.408254806557809e-10,3.4082761193080716e-10,3.4082974040323993e-10,3.4083186607563825e-10,3.4083398895052674e-10,3.408361090304581e-10,3.4083822631791796e-10,3.4084034081545595e-10,3.408424525255825e-10,3.4084456145088904e-10,3.408466675937407e-10,3.4084877095670073e-10,3.408508715424678e-10,3.4085296935325867e-10,3.4085506439172885e-10,3.408571566603711e-10,3.4085924616169136e-10,3.408613328981611e-10,3.4086341687241566e-10,3.4086549808674664e-10,3.408675765437433e-10,3.4086965224589703e-10,3.4087172519590575e-10,3.408737953958327e-10,3.4087586284839383e-10,3.408779275560467e-10,3.408799895212968e-10,3.408820487466103e-10,3.4088410523442867e-10,3.408861589872945e-10,3.408882100076256e-10,3.408902582978804e-10,3.4089230386055874e-10,3.4089434669827063e-10,3.408963868131913e-10,3.4089842420789836e-10,3.4090045888488145e-10,3.409024908465992e-10,3.4090452009546306e-10,3.4090654663393103e-10,3.4090857046449247e-10,3.4091059158950464e-10,3.4091261001155433e-10,3.4091462573297874e-10,3.40916638756266e-10,3.4091864908383945e-10,3.4092065671813987e-10,3.4092266166159865e-10,3.4092466391662257e-10,3.409266634856682e-10,3.4092866037114354e-10,3.409306545755547e-10,3.409326461011904e-10,3.409346349505125e-10,3.409366211260171e-10,3.409386046300543e-10,3.4094058546494337e-10,3.4094256363326515e-10,3.409445391373936e-10,3.4094651197970285e-10,3.4094848216258275e-10,3.409504496885851e-10,3.409524145598786e-10,3.4095437677897314e-10,3.4095633634822105e-10,3.409582932701335e-10,3.4096024754697227e-10,3.4096219918118064e-10,3.4096414817515526e-10,3.409660945312011e-10,3.409680382518301e-10,3.4096997933941343e-10,3.409719177964105e-10,3.4097385362489575e-10,3.409757868274206e-10,3.4097771740634554e-10,3.4097964536405756e-10,3.409815707029211e-10,3.4098349342529937e-10,3.4098541353354937e-10,3.409873310300658e-10,3.4098924591716253e-10,3.4099115819722166e-10,3.409930678725766e-10,3.4099497494561625e-10,3.409968794186944e-10,3.409987812941291e-10,3.4100068057426496e-10,3.410025772614623e-10,3.410044713580509e-10,3.4100636286644166e-10,3.4100825178887584e-10,3.41010138127737e-10,3.4101202188549896e-10,3.4101390306420264e-10,3.410157816663097e-10,3.410176576941775e-10,3.410195311501099e-10,3.410214020364536e-10,3.4102327035550074e-10,3.410251361095886e-10,3.4102699930100693e-10,3.410288599321631e-10,3.410307180052658e-10,3.410325735227225e-10,3.410344264867142e-10,3.41036276899611e-10,3.410381247637224e-10,3.4103997008136517e-10,3.41041812854932e-10,3.4104365308650515e-10,3.410454907784995e-10,3.4104732593321173e-10,3.410491585529078e-10,3.41050988639901e-10,3.4105281619648197e-10,3.4105464122484207e-10,3.4105646372745043e-10,3.410582837063346e-10,3.4106010116407643e-10,3.4106191610278893e-10,3.4106372852481874e-10,3.4106553843231017e-10,3.410673458276659e-10,3.4106915071321645e-10,3.4107095309100746e-10,3.4107275296338844e-10,3.4107455033261154e-10,3.410763452009212e-10,3.4107813757076044e-10,3.4107992744434394e-10,3.41081714823764e-10,3.4108349971135093e-10,3.410852821094372e-10,3.410870620201087e-10,3.4108883944571037e-10,3.4109061438848275e-10,3.410923868506436e-10,3.410941568344419e-10,3.4109592434219613e-10,3.410976893760153e-10,3.4109945193818573e-10,3.411012120310319e-10,3.4110296965659415e-10,3.4110472481721164e-10,3.4110647751514004e-10,3.4110822775257173e-10,3.41109975531735e-10,3.4111172085485046e-10,3.4111346372435075e-10,3.4111520414200055e-10,3.4111694211025807e-10,3.4111867763133303e-10,3.411204107074292e-10,3.411221413407516e-10,3.4112386953363054e-10,3.4112559528803743e-10,3.411273186063026e-10,3.411290394906151e-10,3.411307579431964e-10,3.411324739660486e-10,3.4113418756171003e-10,3.4113589873219176e-10,3.4113760747969495e-10,3.4113931380641014e-10,3.4114101771454455e-10,3.411427192061186e-10,3.4114441828378114e-10,3.411461149492205e-10,3.411478092047793e-10,3.411495010526525e-10,3.411511904949043e-10,3.4115287753390396e-10
18,9.516176810036218e-43,3.5074969863308896e-42,6.842636112144581e-42,1.0724126758515923e-41,1.495968664574121e-41,1.94365810271479e-41,2.407815118551188e-41,2.8832169758384276e-41,3.3663008629340177e-41,3.8546343721669724e-41,4.346555988107494e-41,4.840930392209775e-41,5.336981641908334e-41,5.834179334242308e-41,6.332160869874659e-41,6.830678347831462e-41,7.329562275630108e-41,7.828696767147119e-41,8.328002585060596e-41,8.827425551092098e-41,9.326928619117195e-41,9.826486459002459e-41,1.0326081750226803e-40,1.0825702650016228e-40,1.1325341060355609e-40,1.1824991444425839e-40,1.2324650015187292e-40,1.2824314184012326e-40,1.3323982180623395e-40,1.3823652794681904e-40,1.432332519852325e-40,1.4822998826159777e-40,1.5322673290817566e-40,1.5822348327556633e-40,1.6322023755346988e-40,1.6821699451044304e-40,1.7321375329827494e-40,1.7821051333484248e-40,1.83207274230778e-40,1.8820403570795688e-40,1.932007975874673e-40,1.9819755973772818e-40,2.031943220790467e-40,2.0819108454738083e-40,2.131878471014282e-40,2.18184609717542e-40,2.2318137237366066e-40,2.2817813505786844e-40,2.3317489776494754e-40,2.381716604798722e-40,2.4316842320612825e-40,2.4816518594002546e-40,2.531619486794774e-40,2.5815871142063377e-40,2.6315547416319494e-40,2.681522369093584e-40,2.731489996576507e-40,2.781457624084988e-40,2.8314252515555574e-40,2.881392879075042e-40,2.9313605065589515e-40,2.981328134070341e-40,3.0312957615438067e-40,3.0812633890342127e-40,3.131231016536237e-40,3.181198644060701e-40,3.231166271596913e-40,3.281133899099529e-40,3.3311015266179658e-40,3.3810691541456e-40,3.431036781700158e-40,3.4810044092199986e-40,3.5309720367567885e-40,3.5809396643062607e-40,3.6309072918669324e-40,3.680874919441683e-40,3.730842546959349e-40,3.780810174487456e-40,3.830777802064766e-40,3.880745429656259e-40,3.930713057183596e-40,3.980680684765835e-40,4.0306483123579565e-40,4.080615939965016e-40,4.130583567503701e-40,4.180551195102887e-40,4.230518822676206e-40,4.280486450254482e-40,4.330454077885824e-40,4.380421705498685e-40,4.430389333117259e-40,4.480356960721372e-40,4.530324588360969e-40,4.580292215948145e-40,4.630259843577507e-40,4.680227471196224e-40,4.730195098799822e-40,4.780162726401223e-40,4.830130354023876e-40,4.88009798164882e-40,4.93006560929384e-40,4.9800332369481266e-40,5.0300008646104254e-40,5.079968492286295e-40,5.129936119913646e-40,5.179903747553561e-40,5.229871375204856e-40,5.2798390028626445e-40,5.329806630508106e-40,5.379774258163983e-40,5.429741885860103e-40,5.479709513556862e-40,5.529677141243751e-40,5.579644768914777e-40,5.62961239660078e-40,5.679580024307585e-40,5.729547651986063e-40,5.779515279667129e-40,5.829482907354644e-40,5.879450535115297e-40,5.929418162836628e-40,5.979385790560701e-40,6.0293534182957965e-40,6.079321046038689e-40,6.1292886737473154e-40,6.179256301466512e-40,6.229223929192036e-40,6.279191556920233e-40,6.329159184668754e-40,6.3791268124251875e-40,6.42909444013999e-40,6.479062067872114e-40,6.529029695622917e-40,6.5789973233993985e-40,6.62896495115749e-40,6.678932578972445e-40,6.728900206745095e-40,6.778867834529875e-40,6.828835462324262e-40,6.878803090083899e-40,6.928770717855384e-40,6.978738345626244e-40,7.028705973415234e-40,7.078673601211701e-40,7.128641229010757e-40,7.1786088568245565e-40,7.228576484612777e-40,7.2785441124029705e-40,7.3285117402023635e-40,7.378479368005035e-40,7.428446995821846e-40,7.478414623647774e-40,7.528382251472668e-40,7.578349879276232e-40,7.628317507132313e-40,7.678285134998292e-40,7.728252762795993e-40,7.778220390627725e-40,7.82818801847466e-40,7.878155646324607e-40,7.928123274152492e-40,7.978090901988532e-40,8.028058529838954e-40,8.078026157722126e-40,8.127993785591574e-40,8.177961413454498e-40,8.227929041333923e-40,8.277896669216785e-40,8.327864297108046e-40,8.377831925006884e-40,8.42779955291805e-40,8.477767180803907e-40,8.52773480872049e-40,8.577702436621116e-40,8.627670064535851e-40,8.67763769244164e-40,8.72760532036539e-40,8.77757294829801e-40,8.827540576204374e-40,8.877508204117196e-40,8.927475832047118e-40,8.977443459973281e-40,9.027411087901897e-40,9.077378715848515e-40,9.127346343769257e-40,9.177313971701798e-40,9.227281599665756e-40,9.277249227610581e-40,9.327216855564555e-40,9.377184483526647e-40,9.42715211147089e-40,9.477119739438178e-40,9.527087367421496e-40,9.577054995404057e-40,9.627022623373508e-40,9.676990251345465e-40,9.72695787932562e-40,9.776925507289533e-40,9.826893135288433e-40,9.876860763288012e-40,9.92682839129944e-40,9.976796019292236e-40,1.002676364725711e-39,1.0076731275263154e-39,1.0126698903247434e-39,1.0176666531269155e-39,1.0226634159259823e-39,1.0276601787291417e-39,1.0326569415305475e-39,1.0376537043357048e-39,1.0426504671381483e-39,1.0476472299383745e-39,1.0526439927424606e-39,1.057640755544269e-39,1.0626375183492472e-39,1.0676342811558831e-39,1.0726310439629526e-39,1.0776278067676687e-39,1.0826245695763067e-39,1.087621332382409e-39,1.0926180951874827e-39,1.0976148579950887e-39,1.1026116208006822e-39,1.1076083836071918e-39,1.1126051464146668e-39,1.1176019092250913e-39,1.1225986720336263e-39,1.1275954348400837e-39,1.1325921976481653e-39,1.137588960453844e-39,1.1425857232645289e-39,1.1475824860715083e-39,1.1525792488843237e-39,1.157576011698656e-39,1.1625727745076491e-39,1.1675695373220003e-39,1.1725663001320517e-39,1.1775630629476548e-39,1.1825598257598142e-39,1.1875565885731576e-39,1.192553351386461e-39,1.1975501142005573e-39,1.2025468770149529e-39,1.2075436398309152e-39,1.2125404026461248e-39,1.2175371654623296e-39,1.2225339282791394e-39,1.2275306910928743e-39,1.2325274539105474e-39,1.2375242167254714e-39,1.2425209795460786e-39,1.247517742361618e-39,1.2525145051782835e-39,1.257511267995421e-39,1.2625080308133012e-39,1.2675047936314425e-39,1.2725015564507534e-39,1.2774983192706482e-39,1.282495082091163e-39,1.287491844911247e-39,1.2924886077329998e-39,1.2974853705506426e-39,1.3024821333741341e-39,1.3074788961939456e-39,1.3124756590186743e-39,1.3174724218386784e-39,1.3224691846637292e-39,1.3274659474865268e-39,1.3324627103052165e-39,1.3374594731325538e-39,1.342456235957191e-39,1.3474529987813472e-39,1.3524497616063661e-39,1.3574465244330748e-39,1.3624432872586897e-39,1.3674400500865043e-39,1.3724368129139932e-39,1.3774335757375365e-39,1.3824303385673895e-39,1.3874271013930296e-39,1.392423864218665e-39,1.3974206270455127e-39,1.4024173898771196e-39,1.4074141527050549e-39,1.4124109155339225e-39,1.417407678363821e-39,1.4224044411895839e-39,1.4274012040209883e-39,1.4323979668486425e-39,1.4373947296806726e-39,1.4423914925136187e-39,1.4473882553461055e-39,1.4523850181794343e-39,1.4573817810097383e-39,1.4623785438413915e-39,1.4673753066733162e-39,1.4723720695090274e-39,1.477368832342398e-39,1.4823655951757825e-39,1.487362358009612e-39,1.492359120844629e-39,1.497355883675779e-39,1.502352646511722e-39,1.5073494093484314e-39,1.5123461721843936e-39,1.5173429350229993e-39,1.5223396978614303e-39,1.5273364607012826e-39,1.532333223536398e-39,1.5373299863733705e-39,1.5423267492138535e-39,1.547323512051828e-39,1.5523202748936155e-39,1.5573170377325294e-39,1.5623138005760424e-39,1.567310563412231e-39,1.572307326252753e-39,1.5773040890941633e-39,1.5823008519362594e-39,1.5872976147787074e-39,1.5922943776219548e-39,1.5972911404655748e-39,1.6022879033059338e-39,1.6072846661475906e-39,1.6122814289895183e-39,1.6172781918332587e-39,1.6222749546795658e-39,1.6272717175230125e-39,1.63226848036736e-39,1.6372652432096623e-39,1.6422620060584086e-39,1.6472587689043806e-39,1.6522555317475726e-39,1.6572522945954056e-39,1.662249057439693e-39,1.6672458202878228e-39,1.6722425831331162e-39,1.67723934598329e-39,1.682236108833853e-39,1.6872328716842147e-39,1.6922296345356664e-39,1.697226397384189e-39,1.7022231602326845e-39,1.707219923082207e-39,1.712216685935651e-39,1.7172134487864464e-39,1.722210211638453e-39,1.7272069744903866e-39,1.7322037373404425e-39,1.7372005001932338e-39,1.7421972630436643e-39,1.7471940258982683e-39,1.7521907887498195e-39,1.7571875516061612e-39,1.7621843144619222e-39,1.7671810773162584e-39,1.7721778401701935e-39,1.7771746030247672e-39,1.7821713658810897e-39,1.7871681287339212e-39,1.7921648915903604e-39,1.797161654443619e-39,1.802158417301605e-39,1.8071551801601847e-39,1.8121519430154693e-39,1.817148705874662e-39,1.8221454687340944e-39,1.8271422315948315e-39,1.8321389944525436e-39,1.8371357573141548e-39,1.842132520173904e-39,1.8471292830359593e-39,1.8521260458965265e-39,1.8571228087534108e-39,1.8621195716149115e-39,1.8671163344739204e-39,1.8721130973334572e-39,1.877109860193668e-39,1.8821066230571544e-39,1.8871033859191027e-39,1.8921001487799665e-39,1.8970969116454237e-39,1.9020936745109648e-39,1.9070904373741823e-39,1.912087200238171e-39,1.917083963105543e-39,1.9220807259732173e-39,1.927077488836567e-39,1.932074251702434e-39,1.937071014568497e-39,1.9420677774336232e-39,1.947064540297824e-39,1.9520613031666972e-39,1.957058066035642e-39,1.962054828905621e-39,1.9670515917727548e-39,1.9720483546438734e-39,1.9770451175087754e-39,1.9820418803780607e-39,1.987038643250607e-39,1.9920354061227968e-39,1.9970321689904217e-39,2.002028931861208e-39,2.0070256947321376e-39,2.0120224576016425e-39,2.0170192204742195e-39,2.0220159833477603e-39,2.0270127462209158e-39,2.0320095090930497e-39,2.037006271964941e-39,2.0420030348410585e-39,2.0469997977113794e-39,2.0519965605853835e-39,2.056993323459779e-39,2.061990086334302e-39,2.066986849208892e-39,2.0719836120853872e-39,2.076980374961907e-39,2.081977137836299e-39,2.08697390071115e-39,2.0919706635872362e-39,2.0969674264658837e-39,2.101964189341854e-39,2.1069609522213024e-39,2.1119577151011492e-39,2.1169544779825628e-39,2.1219512408582335e-39,2.1269480037401922e-39,2.1319447666235885e-39,2.136941529500692e-39,2.1419382923825485e-39,2.1469350552629056e-39,2.1519318181450392e-39,2.1569285810269494e-39,2.161925343909866e-39,2.166922106794061e-39,2.1719188696750727e-39,2.1769156325579346e-39,2.1819123954400522e-39,2.1869091583253154e-39,2.191905921208941e-39,2.1969026840926437e-39,2.2018994469803457e-39,2.2068962098630314e-39,2.2118929727485282e-39,2.2168897356348788e-39,2.22188649852414e-39,2.2268832614088577e-39,2.2318800242945907e-39,2.236876787183013e-39,2.2418735500690414e-39,2.246870312956518e-39,2.2518670758438004e-39,2.2568638387345693e-39,2.2618606016204315e-39,2.2668573645094275e-39,2.2718541273993684e-39,2.2768508902900642e-39,2.2818476531784266e-39,2.28684441606962e-39,2.2918411789638097e-39,2.2968379418553486e-39,2.3018347047460918e-39,2.3068314676396104e-39,2.3118282305306913e-39,2.316824993420308e-39,2.3218217563128568e-39,2.3268185192087654e-39,2.3318152821025888e-39,2.33681204499457e-39,2.3418088078887788e-39,2.346805570782103e-39,2.351802333677617e-39,2.3567990965759025e-39,2.3617958594725335e-39,2.3667926223673892e-39,2.371789385265633e-39,2.3767861481614533e-39,2.3817829110606757e-39,2.3867796739571804e-39,2.391776436853301e-39,2.3967731997555848e-39,2.4017699626519025e-39,2.406766725551055e-39,2.4117634884480994e-39,2.4167602513486573e-39,2.4217570142473903e-39,2.4267537771494056e-39,2.43175054004853e-39,2.4367473029506677e-39,2.4417440658508595e-39,2.446740828754428e-39,2.4517375916601406e-39,2.4567343545639223e-39,2.461731117466597e-39,2.466727880372111e-39,2.471724643275944e-39,2.4767214061773664e-39,2.4817181690821426e-39,2.4867149319897125e-39,2.4917116948911855e-39,2.496708457798896e-39,2.501705220705526e-39,2.506701983610497e-39,2.511698746514271e-39,2.5166955094207194e-39,2.5216922723293412e-39,2.5266890352362736e-39,2.531685798146218e-39,2.5366825610544924e-39,2.5416793239611638e-39,2.5466760868697475e-39,2.551672849777534e-39,2.5566696126879536e-39,2.5616663756007242e-39,2.5666631385077196e-39,2.5716599014210804e-39,2.5766566643297417e-39,2.581653427239912e-39,2.5866501901529586e-39,2.5916469530686695e-39,2.596643715978557e-39,2.6016404788913252e-39,2.6066372418065757e-39,2.6116340047195516e-39,2.616630767631194e-39,2.621627530545522e-39,2.626624293463141e-39,2.6316210563750562e-39,2.6366178192888242e-39,2.6416145822060558e-39,2.6466113451206075e-39,2.651608108033912e-39,2.6566048709505405e-39,2.6616016338691653e-39,2.666598396786199e-39,2.671595159701901e-39,2.6765919226199173e-39,2.6815886855360204e-39,2.6865854484557548e-39,2.6915822113732582e-39,2.6965789742975264e-39,2.701575737215713e-39,2.706572500133159e-39,2.7115692630570232e-39,2.7165660259752092e-39,2.721562788895246e-39,2.7265595518183123e-39,2.7315563147440023e-39,2.7365530776640196e-39,2.741549840585855e-39,2.7465466035115746e-39,2.7515433664343677e-39,2.756540129356813e-39,2.7615368922812183e-39,2.7665336552076395e-39,2.7715304181331527e-39,2.7765271810582147e-39,2.7815239439842425e-39,2.786520706909291e-39,2.7915174698334787e-39,2.796514232759212e-39,2.801510995688415e-39,2.8065077586152474e-39,2.811504521540827e-39,2.8165012844694086e-39,2.821498047400516e-39,2.826494810329051e-39,2.8314915732602683e-39,2.8364883361949888e-39,2.8414850991237526e-39,2.8464818620504472e-39,2.851478624984718e-39,2.856475387916264e-39,2.8614721508466172e-39,2.8664689137766212e-39,2.871465676711235e-39,2.876462439642117e-39,2.8814592025748415e-39,2.8864559655097074e-39,2.8914527284433946e-39,2.8964494913756396e-39,2.901446254311412e-39,2.9064430172441532e-39,2.911439780178855e-39,2.916436543114503e-39,2.9214333060503908e-39,2.9264300689855008e-39,2.9314268319234408e-39,2.936423594860026e-39,2.9414203577941786e-39,2.946417120731653e-39,2.951413883667935e-39,2.956410646605774e-39,2.9614074095462616e-39,2.966404172481197e-39,2.9714009354197364e-39,2.976397698359668e-39,2.981394461297894e-39,2.986391224240267e-39,2.991387987182586e-39,2.9963847501253666e-39,3.001381513064875e-39,3.006378276008165e-39,3.0113750389501094e-39,3.016371801890782e-39,3.0213685648342707e-39,3.026365327778448e-39,3.031362090722195e-39,3.0363588536649886e-39,3.0413556166094565e-39,3.0463523795533476e-39,3.0513491424993855e-39,3.056345905444291e-39,3.0613426683903795e-39,3.066339431340069e-39,3.071336194283887e-39,3.076332957229696e-39,3.081329720178248e-39,3.086326483125795e-39,3.091323246071312e-39,3.09632000901827e-39,3.1013167719696955e-39,3.106313534915801e-39,3.1113102978637224e-39,3.116307060813081e-39,3.121303823761682e-39,3.126300586712781e-39,3.131297349663395e-39,3.136294112614687e-39,3.141290875565509e-39,3.146287638519123e-39,3.151284401471238e-39,3.156281164421161e-39,3.161277927373897e-39,3.166274690328614e-39,3.1712714532866865e-39,3.176268216238811e-39,3.181264979193075e-39,3.186261742150896e-39,3.191258505103112e-39,3.1962552680578837e-39,3.2012520310111647e-39,3.206248793969711e-39,3.2112455569243655e-39,3.2162423198803904e-39,3.221239082839134e-39,3.226235845796429e-39,3.2312326087519006e-39,3.2362293717108e-39,3.241226134671911e-39,3.246222897627538e-39,3.2512196605859056e-39,3.256216423546804e-39,3.261213186505066e-39,3.2662099494624305e-39,3.271206712426655e-39,3.276203475388325e-39,3.281200238349122e-39,3.2861970013119e-39,3.291193764277104e-39,3.296190527237587e-39,3.301187290200685e-39,3.3061840531617437e-39,3.31118081612623e-39,3.316177579088369e-39,3.321174342052931e-39,3.3261711050161963e-39,3.3311678679785664e-39,3.3361646309427355e-39,3.341161393909805e-39,3.3461581568745394e-39,3.3511549198417056e-39,3.356151682808531e-39,3.361148445776728e-39,3.366145208745161e-39,3.371141971711654e-39,3.376138734680567e-39,3.381135497650662e-39,3.386132260617156e-39,3.391129023585174e-39,3.396125786555125e-39,3.401122549524392e-39,3.406119312496036e-39,3.4111160754661835e-39,3.4161128384382476e-39,3.421109601409343e-39,3.426106364378628e-39,3.4311031273514995e-39,3.436099890322197e-39,3.441096653292048e-39,3.446093416263659e-39,3.451090179237959e-39,3.4560869422115524e-39,3.461083705183812e-39,3.466080468157176e-39,3.471077231129808e-39,3.476073994105287e-39,3.481070757077961e-39,3.486067520053822e-39,3.4910642830289766e-39,3.496061046005594e-39,3.5010578089802154e-39,3.506054571955018e-39,3.511051334931459e-39,3.5160480979090955e-39,3.521044860887389e-39,3.5260416238675623e-39,3.531038386846121e-39,3.536035149825741e-39,3.5410319128019543e-39,3.546028675780651e-39,3.5510254387604786e-39,3.5560222017432305e-39,3.561018964724456e-39,3.56601572770353e-39,3.5710124906862516e-39,3.576009253667858e-39,3.581006016650749e-39,3.5860027796328315e-39,3.5909995426173465e-39,3.595996305600166e-39,3.600993068584752e-39,3.605989831571946e-39,3.6109865945543254e-39,3.615983357539844e-39,3.620980120526786e-39,3.625976883513064e-39,3.630973646497894e-39,3.635970409484197e-39,3.640967172473081e-39,3.6459639354607586e-39,3.6509606984480326e-39,3.6559574614360686e-39,3.660954224423712e-39,3.6659509874099496e-39,3.6709477504014734e-39,3.6759445133926775e-39,3.680941276379471e-39,3.6859380393671667e-39,3.69093480235766e-39,3.6959315653506176e-39,3.700928328339216e-39,3.705925091332557e-39,3.7109218543250065e-39,3.7159186173160096e-39,3.7209153803060574e-39,3.725912143298522e-39,3.730908906292549e-39,3.735905669286186e-39,3.7409024322772523e-39,3.74589919526843e-39,3.750895958264474e-39,3.7558927212593587e-39,3.760889484253537e-39,3.765886247253176e-39,3.770883010251145e-39,3.775879773244545e-39,3.7808765362370635e-39,3.785873299232568e-39,3.790870062229386e-39,3.79586682522835e-39,3.800863588226367e-39,3.8058603512256936e-39,3.810857114221185e-39,3.815853877219671e-39,3.8208506402156975e-39,3.825847403214618e-39,3.83084416621572e-39,3.835840929213955e-39,3.840837692215996e-39,3.84583445521605e-39,3.8508312182154123e-39,3.855827981216352e-39,3.860824744217604e-39,3.8658215072227155e-39,3.870818270226439e-39,3.875815033233454e-39,3.8808117962359547e-39,3.8858085592399033e-39,3.890805322242602e-39,3.8958020852486575e-39,3.9007988482555556e-39,3.9057956112617333e-39,3.910792374269898e-39,3.915789137273808e-39,3.920785900279696e-39,3.925782663285523e-39,3.93077942629167e-39,3.9357761893007906e-39,3.940772952311543e-39,3.9457697153217966e-39,3.9507664783275e-39,3.955763241335874e-39,3.960760004342248e-39,3.965756767351633e-39,3.970753530362028e-39,3.9757502933754464e-39,3.9807470563870564e-39,3.9857438193945797e-39,3.990740582404573e-39,3.995737345415908e-39,4.000734108429582e-39,4.005730871442176e-39,4.010727634456381e-39,4.015724397472498e-39,4.0207211604844764e-39,4.0257179234964e-39,4.03071468650993e-39,4.035711449522321e-39,4.040708212536585e-39,4.045704975555438e-39,4.0507017385739795e-39,4.055698501584804e-39,4.0606952645985366e-39,4.06569202761423e-39,4.0706887906306996e-39,4.075685553649689e-39,4.080682316668661e-39,4.085679079688568e-39,4.09067584270372e-39,4.095672605721754e-39,4.1006693687417884e-39,4.105666131760804e-39,4.1106628947818255e-39,4.115659657804433e-39,4.120656420826704e-39,4.125653183844952e-39,4.130649946864692e-39,4.135646709886051e-39,4.140643472910201e-39,4.145640235932954e-39,4.1506369989575524e-39,4.155633761984206e-39,4.1606305250040286e-39,4.165627288026179e-39,4.170624051049681e-39,4.175620814075289e-39,4.1806175771027874e-39,4.185614340128968e-39,4.19061110315731e-39,4.195607866179148e-39,4.200604629203186e-39,4.2056013922283386e-39,4.210598155255893e-39,4.2155949182849265e-39,4.2205916813131265e-39,4.225588444343799e-39,4.2305852073702605e-39,4.2355819703961166e-39,4.240578733423039e-39,4.245575496452731e-39,4.250572259484482e-39,4.255569022516189e-39,4.26056578554846e-39,4.265562548579365e-39,4.2705593116096216e-39,4.275556074641405e-39,4.28055283767276e-39,4.285549600705619e-39,4.290546363740742e-39,4.295543126776855e-39,4.300539889809526e-39,4.30553665284172e-39,4.310533415876231e-39,4.315530178909055e-39,4.3205269419436893e-39,4.325523704980154e-39,4.330520468018619e-39,4.335517231053862e-39,4.340513994087274e-39,4.34551075712342e-39,4.350507520159715e-39,4.35550428319902e-39,4.36050104623753e-39,4.365497809272667e-39,4.370494572309406e-39,4.3754913353450235e-39,4.380488098385501e-39,4.3854848614256884e-39,4.3904816244638975e-39,4.3954783875072153e-39,4.400475150546905e-39,4.405471913585415e-39,4.410468676625912e-39,4.4154654396655756e-39,4.420462202706887e-39,4.42545896575008e-39,4.430455728794831e-39,4.4354524918361264e-39,4.44044925487683e-39,4.445446017918901e-39,4.450442780960588e-39,4.45543954400654e-39,4.460436307053356e-39,4.465433070100516e-39,4.470429833144318e-39,4.475426596189667e-39,4.480423359232894e-39,4.4854201222795354e-39,4.4904168853272715e-39,4.4954136483742455e-39,4.5004104114231274e-39,4.5054071744689777e-39,4.510403937515377e-39,4.5154007005645086e-39,4.520397463612484e-39,4.525394226661846e-39,4.530390989711546e-39,4.5353877527622255e-39,4.5403845158098996e-39,4.545381278860855e-39,4.550378041912109e-39,4.555374804964782e-39,4.560371568018111e-39,4.56536833106953e-39,4.570365094122498e-39,4.57536185717147e-39,4.5803586202222484e-39,4.585355383274738e-39,4.590352146329541e-39,4.595348909385777e-39,4.6003456724392855e-39,4.605342435498041e-39,4.610339198554347e-39,4.615335961607367e-39,4.620332724663191e-39,4.625329487718491e-39,4.630326250776499e-39,4.6353230138312653e-39,4.640319776888075e-39,4.645316539941197e-39,4.650313302996142e-39,4.6553100660520956e-39,4.660306829110524e-39,4.665303592170487e-39,4.670300355231994e-39,4.675297118295198e-39,4.680293881350868e-39,4.685290644408728e-39,4.6902874074665786e-39,4.6952841705265646e-39,4.7002809335885546e-39,4.7052776966471534e-39,4.710274459712364e-39,4.7152712227745995e-39,4.7202679858335004e-39,4.7252647488986656e-39,4.7302615119611006e-39,4.7352582750243936e-39,4.740255038090306e-39,4.745251801156795e-39,4.750248564221192e-39,4.755245327281651e-39,4.7602420903486573e-39,4.765238853417487e-39,4.7702356164833394e-39,4.775232379555422e-39,4.780229142624208e-39,4.78522590569025e-39,4.7902226687582755e-39,4.795219431827264e-39,4.800216194893748e-39,4.805212957961719e-39,4.810209721031385e-39,4.8152064840978443e-39,4.8202032471662e-39,4.825200010236356e-39,4.8301967733065516e-39,4.8351935363753175e-39,4.840190299449561e-39,4.845187062525203e-39,4.850183825593794e-39,4.8551805886635476e-39,4.86017735173464e-39,4.865174114808763e-39,4.870170877883155e-39,4.875167640959422e-39,4.880164404036949e-39,4.885161167112733e-39,4.890157930184735e-39,4.895154693257977e-39,4.900151456333376e-39,4.9051482194101666e-39,4.910144982488634e-39,4.915141745568293e-39,4.9201385086449086e-39,4.925135271719038e-39,4.9301320347939855e-39,4.93512879787121e-39,4.940125560950678e-39,4.94512232403086e-39,4.9501190871132637e-39,4.9551158501916465e-39,4.960112613272509e-39,4.965109376354292e-39,4.970106139433573e-39,4.975102902514534e-39,4.980099665596856e-39,4.985096428676384e-39,1.3339783935831357e-16,1.5030540242438848e-16,1.617193793230067e-16,1.7380927837313833e-16,1.8704313497774836e-16,2.0159188072094764e-16,2.176276715134435e-16,2.3534473677595213e-16,2.549654949450169e-16,2.7674648383935196e-16,3.0098519692190544e-16,3.2802821065257045e-16,3.5828099877381033e-16,3.922199087717122e-16,4.304068937207251e-16,4.735077564329165e-16,5.223148854523899e-16,5.7777576413808285e-16,6.410289437421404e-16,7.134497309276793e-16,7.967086093412289e-16,8.928464822137533e-16,1.0043723161274717e-15,1.1343908767795798e-15,1.2867712615372905e-15,1.4663712856936404e-15,1.6793391383200305e-15,1.9335231319440023e-15,2.2390344799652526e-15,2.609029499293927e-15,3.0608107976639683e-15,3.61739909261728e-15,4.309810603049773e-15,5.18041074370354e-15,6.287940913294016e-15,7.715200181486853e-15,9.581035939682791e-15,1.2059503852588949e-14,1.541128789605613e-14,2.0036734721782283e-14,2.6568312424210654e-14,3.6037780617994977e-14,5.019119424838575e-14,7.21111839052347e-14,1.075150151909451e-13,1.6763917082887293e-13,2.6600171754944565e-13,2.6600171754996713e-13,2.6600171755054405e-13,2.660017175511899e-13,2.6600171755192436e-13,2.660017175527758e-13,2.660017175537884e-13,2.6600171755836813e-13,2.6600171757740157e-13,4.702984643689238e-13,9.000314300983089e-13,1.923853889715087e-12,4.749423770464878e-12,1.4093926594101315e-11,5.1827766746184515e-11,2.2960537848538527e-10,1.0666152031198396e-09,4.261185915291103e-09,4.261185916604582e-09,1.3417562858988272e-08,3.26319059357215e-08,6.368062379322024e-08,1.0462766797612368e-07,1.5081333782902444e-07,1.968230359695463e-07,2.3799791615946951e-07,2.7107625815444105e-07,2.9420620434444937e-07,3.066938717140282e-07,3.0874159810362794e-07,3.0130492307492853e-07,2.860879376957762e-07,2.655381745646992e-07,2.425534785006333e-07,2.1980929597330403e-07,1.9911735520098698e-07,1.8126372211463765e-07,1.6627473740717472e-07,1.5378836290747686e-07,1.4332699210017636e-07,1.3444036017287637e-07,1.2675876089282805e-07,1.1999983042659195e-07,1.1395653067582277e-07,1.0848035605842637e-07,1.0346569318845837e-07,9.883722819280942e-08,9.454054253750382e-08,9.053540612497751e-08,8.679114211308353e-08,8.328349719877445e-08,7.999256670988415e-08,7.6901439379868e-08,7.399532290647849e-08,7.12609849135803e-08,6.868639733598358e-08,6.626050981449332e-08,6.397310343864414e-08,6.18146935511982e-08,5.977646185882139e-08,5.78502056040764e-08,5.6028296423802055e-08,5.430364457903022e-08,5.266966615286209e-08,5.112025196835988e-08,4.964973765411475e-08,4.8252874665166266e-08,4.6924802254529736e-08,4.5661020483329534e-08,4.445736437723223e-08,4.3309979327769694e-08,4.221529781580863e-08,4.117001750256444e-08,4.017108070553858e-08,3.921565525417631e-08,3.830111669495145e-08,3.742503180240378e-08,3.658514334166043e-08,3.5779356015460105e-08,3.5005723529711036e-08,3.426243670398428e-08,3.3547812556938546e-08,3.286028429480148e-08,3.219839213517808e-08,3.156077490045934e-08,3.0946162318403586e-08,3.035336797231787e-08,2.9781282845434147e-08,2.9228869409112746e-08,2.8695156208595945e-08,2.8179232901977647e-08,2.768024571427775e-08,2.7197393268191097e-08,2.6729922761500616e-08,2.6277126455482867e-08,2.5838338453164282e-08,2.5412932027948308e-08,2.5000315762409204e-08,2.4599932686337777e-08,2.421125695246877e-08,2.3833791915094718e-08,2.3467068182627523e-08,2.3110641810892747e-08,2.276409263315958e-08,2.2427022716591395e-08,2.2099054934811275e-08,2.177983164586569e-08,2.1469013468629554e-08,2.116627814794229e-08,2.087131950219917e-08,2.0583846446030776e-08,2.0303582082212277e-08,2.0030262857867904e-08,1.97636377786755e-08,1.9503467677797967e-08,1.9249524534325103e-08,1.900159083775022e-08,1.8759458995061272e-08,1.852293077649116e-08,1.829181679947356e-08,1.806593604318813e-08,1.7845115396897162e-08,1.7629189235582642e-08,1.7417999022840552e-08,1.7211392938932988e-08,1.700922553085096e-08,1.681135738470106e-08,1.6617654818028682e-08,1.642798958970076e-08,1.6242238628115248e-08,1.606028377487896e-08,1.5882011543753475e-08,1.5707312893318603e-08,1.553608301284937e-08,1.5368221120398104e-08,1.520363027217393e-08,1.5042217182822155e-08,1.4883892055112326e-08,1.4728568419595441e-08,1.4576162982686187e-08,1.4426595482948584e-08,1.4279788555159264e-08,1.4135667601508255e-08,1.399416066966677e-08,1.3855198337096188e-08,1.371871360150622e-08,1.3584641776744256e-08,1.3452920394094881e-08,1.332348910862904e-08,1.3196289609926292e-08,1.3071265537804275e-08,1.2948362401631946e-08,1.2827527503866736e-08,1.270870986727098e-08,1.2591860165595351e-08,1.247693065760613e-08,1.2363875124167703e-08,1.2252648808412643e-08,1.21432083585898e-08,1.2035511773605212e-08,1.1929518351061621e-08,1.1825188637742907e-08,1.1722484382006508e-08,1.1621368488909887e-08,1.1521804976878793e-08,1.1423758936369804e-08,1.1327196490455443e-08,1.1232084757080124e-08,1.1138391812960336e-08,1.1046086659054822e-08,1.0955139187405774e-08,1.0865520149680653e-08,1.0777201126531864e-08,1.069015449890151e-08,1.0604353419856934e-08,1.0519771788076239e-08,1.0436384221963018e-08,1.0354166035949287e-08,1.0273093215614085e-08,1.0193142396240293e-08,1.0114290840381989e-08,1.0036516417274521e-08,9.95979758295589e-09,9.884113360638949e-09,9.809443322510927e-09,9.735767572364595e-09,9.663066727655574e-09,9.591321903208501e-09,9.52051469613959e-09,9.45062716991851e-09,9.381641840263638e-09,9.313541660464586e-09,9.246310008234131e-09,9.179930672399373e-09,9.114387840698751e-09,9.049666087097401e-09,8.985750360450857e-09,8.922625973138932e-09,8.860278590214128e-09,8.798694218881944e-09,8.737859198290843e-09,8.677760190235334e-09,8.618384169133719e-09,8.559718413174884e-09,8.501750495604222e-09,8.444468276242714e-09,8.387859893308338e-09,8.331913755425095e-09,8.276618534040454e-09,8.221963155965004e-09,8.167936796460534e-09,8.114528872147117e-09,8.061729034306189e-09,8.009527162533337e-09,7.957913358465094e-09,7.906877939755033e-09,7.85641143421348e-09,7.806504574160897e-09,7.757148290956549e-09,7.708333709711435e-09,7.660052144182007e-09,7.612295091674808e-09,7.56505422837563e-09,7.5183214046674e-09,7.47208864056457e-09,7.42634812134663e-09,7.381092193349135e-09,7.336313359819445e-09,7.292004276780288e-09,7.248157749719807e-09,7.2047667290118735e-09,7.161824306983211e-09,7.1193237138701005e-09,7.077258314825576e-09,7.03562160627516e-09,6.994407212837993e-09,6.953608884186042e-09,6.913220491994855e-09,6.873236026957191e-09,6.833649595916674e-09,6.794455419166659e-09,6.7556478277120945e-09,6.717221260399187e-09,6.679170261792805e-09,6.641489479409236e-09,6.604173661345656e-09,6.567217653996057e-09,6.530616399633119e-09,6.494364934484995e-09,6.458458386196531e-09,6.42289197202146e-09,6.3876609964689175e-09,6.352760849931098e-09,6.318187006175223e-09,6.283935020452645e-09,6.250000527963924e-09,6.216379242189368e-09,6.1830669527578356e-09,6.150059523770662e-09,6.1173528926577284e-09,6.084943068096518e-09,6.052826128583571e-09,6.020998221051103e-09,5.989455559280573e-09,5.9581944224222776e-09,5.927211153547548e-09,5.896502158475348e-09,5.866063904336474e-09,5.835892918286905e-09,5.805985786217039e-09,5.7763391515229624e-09,5.746949713928987e-09,5.717814228304868e-09,5.6889295034812404e-09,5.660292401167702e-09,5.631899835003024e-09,5.603748769189677e-09,5.575836217749031e-09,5.548159243318067e-09,5.52071495629897e-09,5.493500513729952e-09,5.466513118558978e-09,5.439750018585427e-09,5.4132085056174825e-09,5.386885914560239e-09,5.3607796226054946e-09,5.334887048346297e-09,5.309205651051638e-09,5.283732929781227e-09,5.2584664226600235e-09,5.233403706150589e-09,5.208542394226876e-09,5.183880137666732e-09,5.159414623507423e-09,5.135143574051121e-09,5.111064746597268e-09,5.087175932193829e-09,5.063474955660479e-09,5.0399596745487555e-09,5.01662797865891e-09,4.993477789379909e-09,4.970507059130944e-09,4.947713770782606e-09,4.925095937095424e-09,4.902651600171695e-09,4.880378830930974e-09,4.858275728661082e-09,4.836340420112459e-09,4.814571059625762e-09,4.792965828099319e-09,4.771522932833216e-09,4.750240606900909e-09,4.729117108715334e-09,4.708150721588649e-09,4.6873397532511035e-09,4.666682535628094e-09,4.646177424073226e-09,4.625822797157453e-09,4.605617056256664e-09,4.585558625131627e-09,4.565645949529472e-09,4.545877496838874e-09,4.52625175560778e-09,4.5067672353214655e-09,4.487422466007685e-09,4.4682159977996905e-09,4.449146400688844e-09,4.430212264138707e-09,4.4114121967595725e-09,4.392744826027268e-09,4.37420879787948e-09,4.355802776509091e-09,4.33752544394691e-09,4.319375499955178e-09,4.301351661468889e-09,4.283452662537604e-09,4.2656772538838335e-09,4.2480242027407055e-09,4.230492292604459e-09,4.21308032281015e-09,4.195787108463303e-09,4.1786114798895005e-09,4.161552282829236e-09,4.144608377824024e-09,4.12777864012108e-09,4.111061959456017e-09,4.094457239757109e-09,4.077963398957183e-09,4.061579368768646e-09,4.045304094474912e-09,4.029136534579605e-09,4.013075660985928e-09,3.997120458211471e-09,3.981269923699169e-09,3.9655230674385786e-09,3.9498789116351515e-09,3.934336490688356e-09,3.9188948509692065e-09,3.9035530505664206e-09,3.888310159160562e-09,3.873165258003615e-09,3.858117439407807e-09,3.8431658068015935e-09,3.8283094745170905e-09,3.813547567672741e-09,3.798879221899727e-09,3.7843035832568546e-09,3.769819808085539e-09,3.755427062827055e-09,3.74112452386895e-09,3.7269113774191504e-09,3.71278681930965e-09,3.698750054988507e-09,3.6848002992399087e-09,3.670936776041612e-09,3.6571587185335716e-09,3.6434653688033144e-09,3.6298559778107606e-09,3.616329805213246e-09,3.602886119275449e-09,3.5895241967169163e-09,3.576243322606392e-09,3.5630427902469547e-09,3.5499219010290324e-09,3.536879964362264e-09,3.523916297513567e-09,3.51103022554424e-09,3.4982210811478725e-09,3.4854882045808993e-09,3.472830943541445e-09,3.4602486530680087e-09,3.4477406954441375e-09,3.435306440064863e-09,3.422945263387693e-09,3.4106565487685783e-09,3.398439686513052e-09,3.3862940735554423e-09,3.374219113561985e-09,3.3622142166915144e-09,3.350278799656834e-09,3.3384122855324185e-09,3.326614103677442e-09,3.3148836896488876e-09,3.303220485179791e-09,3.291623938027623e-09,3.2800935019252214e-09,3.268628636491868e-09,3.2572288072436268e-09,3.2458934851540756e-09,3.2346221471022693e-09,3.2234142754893136e-09,3.2122693582083154e-09,3.201186888590363e-09,3.190166365314746e-09,3.179207292361839e-09,3.1683091789290727e-09,3.157471539366039e-09,3.146693893118638e-09,3.135975764629643e-09,3.1253166833203355e-09,3.1147161834477605e-09,3.104173804220321e-09,3.0936890894575045e-09,3.0832615878279124e-09,3.0728908525415794e-09,3.0625764414374106e-09,3.052317916841234e-09,3.0421148455642893e-09,3.0319667988798846e-09,3.0218733523594527e-09,3.0118340858922283e-09,3.001848583679845e-09,2.9919164339200223e-09,2.9820372291630827e-09,2.972210566016713e-09,2.9624360449570346e-09,2.9527132706339377e-09,2.9430418515805626e-09,2.9334214002137377e-09,2.9238515327916634e-09,2.914331869359814e-09,2.904862033735898e-09,2.8954416533999933e-09,2.8860703595461786e-09,2.8767477869375304e-09,2.8674735739112828e-09,2.858247362326336e-09,2.8490687975530463e-09,2.839937528374819e-09,2.83085320698134e-09,2.8218154889191955e-09,2.8128240330588984e-09,2.8038785015492e-09,2.7949785597668066e-09,2.786123876281997e-09,2.7773141228647985e-09,2.7685489743878235e-09,2.7598281088076093e-09,2.7511512071322953e-09,2.742517953406409e-09,2.733928034619703e-09,2.7253811407403553e-09,2.716876964634377e-09,2.708415202034721e-09,2.699995551539559e-09,2.6916177145519404e-09,2.683281395241663e-09,2.674986300535639e-09,2.6667321400620853e-09,2.658518626217679e-09,2.65034547385055e-09,2.642212400602907e-09,2.6341191266705112e-09,2.6260653748363617e-09,2.618050870328743e-09,2.6100753409583037e-09,2.602138517000936e-09,2.5942401311276853e-09,2.5863799185505736e-09,2.5785576167610854e-09,2.570772965655688e-09,2.5630257074696505e-09,2.555315586752855e-09,2.5476423503537202e-09,2.5400057473639107e-09,2.5324055291248765e-09,2.524841449191997e-09,2.517313263311822e-09,2.5098207293904507e-09,2.502363607468313e-09,2.4949416597126954e-09,2.4875546503889217e-09,2.4802023458226466e-09,2.4728845143958813e-09,2.4656009265086196e-09,2.4583513545897397e-09,2.4511355729916407e-09,2.443953358101682e-09,2.436804488196153e-09,2.4296887434956325e-09,2.422605906105078e-09,2.4155557600180574e-09,2.4085380910801486e-09,2.401552686982785e-09,2.3945993372276015e-09,2.387677833106194e-09,2.3807879677065204e-09,2.37392953590163e-09,2.3671023342622905e-09,2.3603061611022222e-09,2.353540816438361e-09,2.3468061019781392e-09,2.340101821099724e-09,2.333427778825063e-09,2.3267837818337845e-09,2.3201696384095376e-09,2.3135851584410814e-09,2.3070301534031816e-09,2.3005044363373485e-09,2.2940078218473e-09,2.2875401260542675e-09,2.2811011666116924e-09,2.2746907626990467e-09,2.2683087349554694e-09,2.2619549055008925e-09,2.2556290979232346e-09,2.249331137253023e-09,2.2430608499632572e-09,2.236818063866744e-09,2.2306026083399056e-09,2.2244143139641656e-09,2.2182530128378472e-09,2.2121185383290473e-09,2.206010725184477e-09,2.1999294095009557e-09,2.19387442864671e-09,2.1878456213150124e-09,2.181842827519044e-09,2.1758658885244222e-09,2.16991464688152e-09,2.163988946373271e-09,2.1580886320484634e-09,2.152213550173718e-09,2.1463635482179493e-09,2.1405384748698556e-09,2.1347381800476904e-09,2.1289625148214367e-09,2.123211331402853e-09,2.117484483204185e-09,2.1117818247702213e-09,2.1061032117947876e-09,2.1004485010757253e-09,2.094817550558979e-09,2.0892102192543697e-09,2.0836263672892683e-09,2.0780658558719897e-09,2.0725285472945317e-09,2.0670143048764212e-09,2.061522993032707e-09,2.056054477198928e-09,2.0506086238361827e-09,2.045185300435703e-09,2.039784375506559e-09,2.0344057185659846e-09,2.0290492000946823e-09,2.0237146916169047e-09,2.0184020655747524e-09,2.013111195395952e-09,2.0078419554641725e-09,2.002594221111671e-09,1.9973678686117253e-09,1.9921627751696493e-09,1.986978818906288e-09,1.9818158788593237e-09,1.97667383496868e-09,1.971552568077791e-09,1.966451959907264e-09,1.961371893050613e-09,1.956312250997535e-09,1.951272918090283e-09,1.946253779531276e-09,1.9412547213570717e-09,1.9362756304487252e-09,1.93131639452514e-09,1.926376902124929e-09,1.9214570426064045e-09,1.9165567061306318e-09,1.9116757836735872e-09,1.906814167010564e-09,1.901971748682015e-09,1.897148422038306e-09,1.8923440811504826e-09,1.887558620946962e-09,1.8827919370115663e-09,1.8780439257946917e-09,1.8733144843819137e-09,1.8686035106908654e-09,1.863910903257682e-09,1.8592365614693865e-09,1.854580385359652e-09,1.8499422757181607e-09,1.845322134014986e-09,1.8407198624105547e-09,1.8361353638014653e-09,1.8315685417409267e-09,1.8270193004697265e-09,1.8224875449094189e-09,1.8179731806585228e-09,1.8134761139748988e-09,1.8089962517924655e-09,1.8045335016412352e-09,1.8000877717563136e-09,1.7956589710002247e-09,1.791247008873326e-09,1.786851795505956e-09,1.7824732416480917e-09,1.7781112587176395e-09,1.7737657586238902e-09,1.7694366539976725e-09,1.7651238580608759e-09,1.7608272846067224e-09,1.7565468480387092e-09,1.752282463340657e-09,1.7480340461178843e-09,1.7438015124400184e-09,1.739584779058048e-09,1.7353837633006869e-09,1.7311983830012832e-09,1.7270285565699657e-09,1.7228742030107025e-09,1.7187352418217682e-09,1.7146115930792278e-09,1.7105031773925323e-09,1.7064099159144635e-09,1.7023317303072065e-09,1.6982685427852744e-09,1.69422027607793e-09,1.6901868534363264e-09,1.6861681986276638e-09,1.682164235907986e-09,1.678174890071236e-09,1.6742000863854086e-09,1.6702397506240426e-09,1.6662938090901276e-09,1.6623621885257022e-09,1.6584448161899965e-09,1.6545416197910227e-09,1.6506525275397425e-09,1.6467774681338078e-09,1.6429163707070607e-09,1.639069164888573e-09,1.635235780726677e-09,1.6314161487911102e-09,1.627610200070683e-09,1.623817866003897e-09,1.620039078470737e-09,1.6162737697960922e-09,1.612521872782464e-09,1.608783320631683e-09,1.605058046993993e-09,1.6013459859228997e-09,1.5976470719101316e-09,1.5939612398818539e-09,1.5902884252040516e-09,1.586628563630095e-09,1.5829815913176235e-09,1.579347444851149e-09,1.5757260612073984e-09,1.5721173778129653e-09,1.5685213324108396e-09,1.5649378632050504e-09,1.5613669087769593e-09,1.5578084080892301e-09,1.5542623005006313e-09,1.550728525758696e-09,1.5472070239611291e-09,1.5436977356550283e-09,1.5402006016936954e-09,1.5367155633175856e-09,1.5332425621544802e-09,1.529781540175879e-09,1.526332439742438e-09,1.522895203569115e-09,1.5194697747145274e-09,1.516056096604617e-09,1.5126541130128834e-09,1.5092637680800392e-09,1.5058850062563765e-09,1.5025177723616479e-09,1.4991620115807358e-09,1.4958176693670018e-09,1.4924846916058525e-09,1.489163024436431e-09,1.4858526143570877e-09,1.4825534082217425e-09,1.4792653531728857e-09,1.4759883966942782e-09,1.472722486585771e-09,1.4694675709522334e-09,1.466223598256447e-09,1.46299051726084e-09,1.4597682770156291e-09,1.4565568268950427e-09,1.4533561165812138e-09,1.4501660960603062e-09,1.4469867156264966e-09,1.4438179258629699e-09,1.4406596776595052e-09,1.437511922199437e-09,1.4343746109702328e-09,1.4312476957351644e-09,1.4281311285490613e-09,1.4250248617442268e-09,1.4219288479875073e-09,1.418843040191103e-09,1.4157673915191864e-09,1.4127018554683393e-09,1.4096463857782724e-09,1.4066009364808688e-09,1.40356546187685e-09,1.4005399165376034e-09,1.397524255281101e-09,1.3945184332359896e-09,1.391522405808986e-09,1.388536128545435e-09,1.3855595573859015e-09,1.382592648477631e-09,1.3796353582372099e-09,1.3766876433208203e-09,1.3737494606437707e-09,1.3708207673967666e-09,1.367901520984605e-09,1.3649916790876048e-09,1.3620911996120028e-09,1.3592000407215865e-09,1.3563181608173721e-09,1.3534455185438993e-09,1.3505820727836747e-09,1.3477277826549879e-09,1.344882607514339e-09,1.3420465069522653e-09,1.3392194407926876e-09,1.3364013690903482e-09,1.333592252124739e-09,1.3307920504068735e-09,1.328000724674898e-09,1.3252182358907544e-09,1.3224445452312796e-09,1.3196796141073468e-09,1.3169234041680253e-09,1.3141758772090438e-09,1.311436995310593e-09,1.3087067207403938e-09,1.3059850159785187e-09,1.3032718437614534e-09,1.300567166976902e-09,1.2978709487512543e-09,1.2951831524039331e-09,1.292503741473655e-09,1.2898326796976465e-09,1.287169931017305e-09,1.2845154595852507e-09,1.2818692297315207e-09,1.2792312059895649e-09,1.2766013531305715e-09,1.2739796360712319e-09,1.2713660199490324e-09,1.2687604701028298e-09,1.266162952047062e-09,1.2635734314831435e-09,1.260991874316683e-09,1.2584182466348663e-09,1.2558525147131523e-09,1.2532946450135985e-09,1.2507446041815345e-09,1.2482023590482305e-09,1.2456678766242868e-09,1.2431411240997124e-09,1.2406220688541924e-09,1.2381106784379955e-09,1.2356069205745638e-09,1.2331107631497298e-09,1.2306221742803408e-09,1.2281411222028735e-09,1.2256675753427845e-09,1.223201502280988e-09,1.2207428718091722e-09,1.2182916528559238e-09,1.2158478145202704e-09,1.2134113260798103e-09,1.2109821569650524e-09,1.208560276775285e-09,1.2061456552866307e-09,1.2037382624213865e-09,1.201338068272443e-09,1.1989450430763998e-09,1.1965664989045906e-09,1.1941876655462074e-09,1.191815948257965e-09,1.1894512830741255e-09,1.1870936404752237e-09,1.1847429916951924e-09,1.182399308104453e-09,1.1800625611892117e-09,1.1777327225955467e-09,1.1754097641222363e-09,1.173093657729534e-09,1.1707843754972924e-09,1.1684818896631843e-09,1.1661861726140346e-09,1.1638971968791882e-09,1.1616149351337235e-09,1.1593393601946388e-09,1.1570704450229373e-09,1.1548081627513429e-09,1.1525524865560346e-09,1.1503033898618607e-09,1.1480608461839817e-09,1.1458248291813316e-09,1.1435953126495712e-09,1.1413722705209238e-09,1.1391556768626628e-09,1.1369455058753443e-09,1.1347417318958488e-09,1.1325443293912972e-09,1.1303532729629972e-09,1.1281685373400479e-09,1.1259900973885443e-09,1.1238179280809172e-09,1.1216520045582863e-09,1.119492302058879e-09,1.1173387959546598e-09,1.1151914617456611e-09,1.1130502750569875e-09,1.1109152116376758e-09,1.108786247344868e-09,1.1066633582054896e-09,1.1045465203297168e-09,1.1024357099429765e-09,1.1003309034146609e-09,1.0982320772182081e-09,1.0961392079576883e-09,1.09405227235073e-09,1.091971247229867e-09,1.0898961095480781e-09,1.0878268363597592e-09,1.0857634048773071e-09,1.083705792383596e-09,1.0816539762963402e-09,1.0796079341320706e-09,1.0775676435358262e-09,1.0755330822552471e-09,1.0735042281563547e-09,1.0714810592042004e-09,1.0694635534832452e-09,1.0674516891748362e-09,1.0654454446129688e-09,1.0634447981663013e-09,1.0614497283668042e-09,1.0594602138309256e-09,1.0574762332918135e-09,1.0554977655698881e-09,1.0535247896169136e-09,1.05155728446504e-09,1.049595229263123e-09,1.04763860326006e-09,1.045687385796046e-09,1.0437415563376633e-09,1.0418010944155763e-09,1.039865979687624e-09,1.0379361919210341e-09,1.0360117109396623e-09,1.03409251670623e-09,1.0321785892582723e-09,1.030269908753953e-09,1.028366455426006e-09,1.0264682096017642e-09,1.0245751517338273e-09,1.0226872623295851e-09,1.020804522023261e-09,1.0189269115212823e-09,1.0170544116371318e-09,1.0151870032894344e-09,1.0133246674328161e-09,1.0114673851733827e-09,1.0096151376913314e-09,1.0077679062470401e-09,1.0059256721883522e-09,1.0040884169708383e-09,1.0022561221269935e-09,1.0004287692901268e-09,9.986063401479578e-10,9.967888165251153e-10,9.949761802916535e-10,9.93168413420206e-10,9.913654979673576e-10,9.895674160756933e-10,9.877741499717864e-10,9.859856819681861e-10,9.842019944598863e-10,9.824230699245469e-10,9.806488909267398e-10,9.788794401065e-10,9.77114700190163e-10,9.75354653987232e-10,9.735992843811277e-10,9.718485743444505e-10,9.701025069185097e-10,9.683610652442381e-10,9.666242325198063e-10,9.648919920325202e-10,9.63164327148096e-10,9.614412213048859e-10,9.597226580220134e-10,9.580086208985902e-10,9.562990936021776e-10,9.5459405988226e-10,9.528935035641406e-10,9.511974085441988e-10,9.495057588056077e-10,9.47818538376745e-10,9.461357313889488e-10,9.44457322033912e-10,9.427832945833386e-10,9.411136333753052e-10,9.394483228223684e-10,9.377873474082356e-10,9.361306916987315e-10,9.34478340297076e-10,9.328302779136102e-10,9.311864893153972e-10,9.295469593354432e-10,9.279116728812061e-10,9.262806149285511e-10,9.246537705168433e-10,9.230311247606941e-10,9.214126628329838e-10,9.197983699914893e-10,9.181882315521919e-10,9.16582232878912e-10,9.1498035942599e-10,9.133825967029688e-10,9.117889302972886e-10,9.101993458440135e-10,9.086138290540059e-10,9.070323656969565e-10,9.054549416054714e-10,9.038815426903227e-10,9.023121549123702e-10,9.007467642951076e-10,8.991853569253495e-10,8.976279189596596e-10,8.960744366294859e-10,8.945248961688167e-10,4.131424647824688e-10,4.2828852158777003e-10,4.836394334372287e-10,5.406676541316892e-10,5.963180881416651e-10,6.502682978926488e-10,7.024160935986418e-10,7.526919964752112e-10,8.010448385485251e-10,8.474399359264216e-10,8.918580090496439e-10,9.34294021320794e-10,9.747559162955898e-10,1.0132632901289887e-09,1.0498460362381432e-09,1.08454299451209e-09,1.1174006324145946e-09,1.1484717799903835e-09,1.1778144359679846e-09,1.2054906572787185e-09,1.2315655403545824e-09,1.2561062987726066e-09,1.2791814388238428e-09,1.3008600319726327e-09,1.3212110812396868e-09,1.340302976956744e-09,1.3582030363642854e-09,1.3749771205468827e-09,1.3906893221576764e-09,1.405401716889675e-09,1.4191741718871674e-09,1.4320642044122023e-09,1.4441268844584555e-09,1.4554147753574323e-09,1.4659779068243402e-09,1.4758637754838153e-09,1.4851173682934668e-09,1.4937812048185704e-09,1.5018953947075786e-09,1.509497707230749e-09,1.51662365010151e-09,1.5233065551830985e-09,1.5295776690333416e-09,1.535466246545502e-09,1.5409996462193307e-09,1.5462034258354908e-09,1.551101437533236e-09,1.5557159214794439e-09,1.5600675974592796e-09,1.5641757538945073e-09,1.5680583338922604e-09,1.5717320180341511e-09,1.5752123037146846e-09,1.5785135808783541e-09,1.581649204133139e-09,1.5846315611731244e-09,1.5874721375578825e-09,1.5901815779180974e-09,1.5927697436414366e-09,1.5952457671593516e-09,1.5976181029358645e-09,1.5998945753089389e-09,1.6020824232986949e-09,1.6041883425254536e-09,1.6062185243903054e-09,1.608178692646875e-09,1.6100741375160534e-09,1.6119097474689045e-09,1.6136900388288192e-09,1.615419183310716e-09,1.6171010336281692e-09,1.618739147288401e-09,1.6203368086908062e-09,1.6218970496413548e-09,1.6234226683804507e-09,1.6249162472377295e-09,1.626380168985715e-09,1.6278166320014844e-09,1.6292276643076256e-09,1.630615136572081e-09,1.6319807741449325e-09,1.6333261681932062e-09,1.6346527860014748e-09,1.6359619805079467e-09,1.637254999109708e-09,1.6385329918102957e-09,1.6397970187489e-09,1.641048057152111e-09,1.6422870077693702e-09,1.6435147008064166e-09,1.6447319014059925e-09,1.6459393147166033e-09,1.6471375905649817e-09,1.6483273277720016e-09,1.6495090781373029e-09,1.6506833501114876e-09,1.6518506121954365e-09,1.6530112960663375e-09,1.6541657994665438e-09,1.6553144888673921e-09,1.6564577019249738e-09,1.6575957497494756e-09,1.6587289189906714e-09,1.6598574737674431e-09,1.6609816574445683e-09,1.6621016942685534e-09,1.6632177908789458e-09,1.6643301376993594e-09,1.6654389102203122e-09,1.6665442701804975e-09,1.6676463666594008e-09,1.6687453370745033e-09,1.6698413081123074e-09,1.6709343965739206e-09,1.6720247101702496e-09,1.6731123482402402e-09,1.674197402408368e-09,1.6752799572059792e-09,1.6763600906365275e-09,1.6774378746898975e-09,1.6785133758433198e-09,1.679586655463936e-09,1.6806577702462941e-09,1.681726772574833e-09,1.6827937108667522e-09,1.683858629900783e-09,1.684921571091935e-09,1.685982572760414e-09,1.6870416703997756e-09,1.6880988968874133e-09,1.6891542826931739e-09,1.690207856075623e-09,1.691259643261392e-09,1.692309668600156e-09,1.693357954730786e-09,1.6944045227015563e-09,1.6954493921074828e-09,1.6964925812016502e-09,1.697534107009665e-09,1.6985739854166812e-09,1.6996122312692308e-09,1.7006488584630689e-09,1.7016838799975079e-09,1.7027173080687367e-09,1.7037491541271531e-09,1.7047794289336318e-09,1.7058081426178295e-09,1.7068353047299044e-09,1.70786092428525e-09,1.7088850098050387e-09,1.7099075693588286e-09,1.7109286105984553e-09,1.711948140794923e-09,1.712966166861106e-09,1.7139826953911923e-09,1.7149977326758648e-09,1.7160112847300903e-09,1.7170233573179248e-09,1.7180339559652712e-09,1.7190430859761303e-09,1.7200507524690288e-09,1.7210569603733496e-09,1.7220617144477705e-09,1.7230650192992195e-09,1.7240668793840195e-09,1.7250672990297483e-09,1.7260662824413233e-09,1.7270638337074927e-09,1.7280599568142232e-09,1.7290546556493547e-09,1.7300479340111e-09,1.731039795614163e-09,1.7320302440931807e-09,1.7330192830189092e-09,1.7340069158879812e-09,1.7349931461379886e-09,1.7359779771480758e-09,1.7369614122468583e-09,1.7379434547089427e-09,1.7389241077660798e-09,1.7399033746040224e-09,1.7408812583688481e-09,1.7418577621722788e-09,1.7428328890823909e-09,1.7438066421391738e-09,1.7447790243542968e-09,1.7457500387053524e-09,1.746719688143522e-09,1.7476879755939926e-09,1.7486549039571597e-09,1.7496204761105414e-09,1.7505846949082428e-09,1.751547563186298e-09,1.752509083754899e-09,1.7534692594109756e-09,1.754428092931288e-09,1.7553855870752154e-09,1.7563417445848912e-09,1.7572965681887329e-09,1.7582500605975872e-09,1.7592022245083069e-09,1.7601530625970298e-09,1.76110257754649e-09,1.762050772006264e-09,1.7629976486187328e-09,1.763943210015538e-09,1.7648874588148751e-09,1.7658303976220663e-09,1.76677202903449e-09,1.767712355636436e-09,1.7686513800018374e-09,1.7695891046973257e-09,1.7705255322727108e-09,1.7714606652706816e-09,1.7723945062240644e-09,1.773327057655798e-09,1.7742583220793277e-09,1.7751883019988276e-09,1.7761169999094636e-09,1.777044418302468e-09,1.777970559642321e-09,1.77889542640211e-09,1.779819021041844e-09,1.780741346012359e-09,1.7816624037551493e-09,1.7825821967039954e-09,1.7835007272839306e-09,1.784417997911536e-09,1.7853340109955677e-09,1.7862487689364527e-09,1.787162274128162e-09,1.7880745289530724e-09,1.788985535788497e-09,1.7898952970031448e-09,1.790803814960102e-09,1.7917110920112207e-09,1.7926171305029972e-09,1.7935219327734247e-09,1.794425501153356e-09,1.7953278379666949e-09,1.7962289455289393e-09,1.7971288261469385e-09,1.7980274821256393e-09,1.7989249157569097e-09,1.7998211293280369e-09,1.8007161251183188e-09,1.8016099053994768e-09,1.802502472439055e-09,1.8033938284947544e-09,1.804283975814979e-09,1.8051729166458888e-09,1.8060606532259945e-09,1.806947187783683e-09,1.8078325225435198e-09,1.8087166597247175e-09,1.8095996015346557e-09,1.8104813501748843e-09,1.8113619078424889e-09,1.8122412767311235e-09,1.8131194590209194e-09,1.8139964568859842e-09,1.8148722724989601e-09,1.8157469080233594e-09,1.8166203656120669e-09,1.8174926474219672e-09,1.818363755593998e-09,1.819233692265382e-09,1.820102459567765e-09,1.8209700596168225e-09,1.8218364945458317e-09,1.8227017664625581e-09,1.8235658774752555e-09,1.8244288296734624e-09,1.8252906251568932e-09,1.82615126601165e-09,1.8270107543158638e-09,1.8278690921485943e-09,1.8287262815773699e-09,1.8295823246642184e-09,1.8304372234669027e-09,1.8312909800344242e-09,1.8321435964106689e-09,1.8329950746402793e-09,1.8338454167417173e-09,1.8346946247549986e-09,1.8355427006998925e-09,1.8363896465852286e-09,1.8372354644226177e-09,1.8380801562159657e-09,1.8389237239627009e-09,1.8397661696560282e-09,1.8406074952787167e-09,1.8414477028126326e-09,1.8422867942324762e-09,1.8431247715072553e-09,1.8439616365997314e-09,1.8447973914687064e-09,1.8456320380660552e-09,1.8464655783378793e-09,1.8472980142262151e-09,1.848129347664284e-09,1.8489595805851674e-09,1.8497887149149617e-09,1.850616752565898e-09,1.8514436954576035e-09,1.8522695454946087e-09,1.8530943045820386e-09,1.853917974618544e-09,1.854740557494137e-09,1.8555620550958025e-09,1.8563824693059893e-09,1.857201802001577e-09,1.8580200550535592e-09,1.8588372303279877e-09,1.8596533296874176e-09,1.8604683549832795e-09,1.86128230807095e-09,1.8620951907922501e-09,1.8629070049889012e-09,1.863717752496191e-09,1.864527435144383e-09,1.8653360547581663e-09,1.8661436131591273e-09,1.86695011215981e-09,1.867755553571712e-09,1.868559939209032e-09,1.8693632708503674e-09,1.8701655503077635e-09,1.8709667793677366e-09,1.8717669598161055e-09,1.8725660934329985e-09,1.8733641819951988e-09,1.8741612272704193e-09,1.874957231031183e-09,1.8757521950358817e-09,1.8765461210413817e-09,1.877339010799948e-09,1.8781308660576596e-09,1.878921688559798e-09,1.8797114800427523e-09,1.8805002422400193e-09,1.8812879768805757e-09,1.882074685693861e-09,1.8828603703865043e-09,1.8836450326815675e-09,1.884428674289979e-09,1.8852112969241102e-09,1.8859929022721234e-09,1.8867734920341522e-09,1.8875530679153485e-09,1.8883316315823153e-09,1.8891091847296214e-09,1.889885729035797e-09,1.89066126617601e-09,1.8914357978195558e-09,1.8922093256332516e-09,1.892981851277176e-09,1.8937533764106935e-09,1.894523902685039e-09,1.895293431745732e-09,1.896061965242175e-09,1.896829504810692e-09,1.8975960520896784e-09,1.898361608709578e-09,1.899126176297262e-09,1.899889756475802e-09,1.900652350864472e-09,1.9014139610777363e-09,1.9021745887260623e-09,1.9029342354154814e-09,1.903692902748482e-09,1.9044505923228575e-09,1.905207305733287e-09,1.9059630445693447e-09,1.9067178104158355e-09,1.9074716048571457e-09,1.9082244294696837e-09,1.908976285827489e-09,1.909727175500199e-09,1.910477100056867e-09,1.9112260610568867e-09,1.9119740600543407e-09,1.912721098605872e-09,1.9134671782630695e-09,1.9142123005711e-09,1.9149564670726607e-09,1.915699679307506e-09,1.9164419388109043e-09,1.917183247106806e-09,1.9179236057258706e-09,1.9186630161974477e-09,1.9194014800353233e-09,1.920138998750428e-09,1.920875573859479e-09,1.921611206869821e-09,1.9223458992860654e-09,1.9230796526067127e-09,1.9238124683322147e-09,1.9245443479537506e-09,1.925275292962091e-09,1.926005304841078e-09,1.926734385072731e-09,1.9274625351347722e-09,1.928189756504993e-09,1.9289160506506747e-09,1.9296414190436776e-09,1.930365863151883e-09,1.9310893844241332e-09,1.9318119843221005e-09,1.9325336642986375e-09,1.9332544258072905e-09,1.9339742702916733e-09,1.9346931991948355e-09,1.9354112139557e-09,1.9361283160103975e-09,1.93684450679133e-09,1.9375597877267648e-09,1.9382741602427635e-09,1.938987625760908e-09,1.939700185699476e-09,1.9404118414737077e-09,1.941122594495454e-09,1.941832446171611e-09,1.9425413979103575e-09,1.9432494511112573e-09,1.9439566071714323e-09,1.9446628674883297e-09,1.945368233452584e-09,1.946072706449514e-09,1.946776287870375e-09,1.9474789790935593e-09,1.948180781496476e-09,1.948881696456075e-09,1.949581725343997e-09,1.9502808695282646e-09,1.9509791303744707e-09,1.9516765092452845e-09,1.9523730074998473e-09,1.9530686264938515e-09,1.95376336758501e-09,1.954457232112598e-09,1.9551502214282026e-09,1.9558423368751906e-09,1.956533579792651e-09,1.9572239515180133e-09,1.9579134533864363e-09,1.958602086727386e-09,1.9592898528690943e-09,1.959976753136284e-09,1.9606627888498363e-09,1.9613479613363277e-09,1.9620322718952384e-09,1.9627157218465707e-09,1.9633983125015718e-09,1.964080045164474e-09,1.964760921139261e-09,1.9654409417259994e-09,1.966120108222846e-09,1.966798421910757e-09,1.967475884107156e-09,1.9681524960877315e-09,1.9688282591374068e-09,1.9695031745398655e-09,1.970177243573373e-09,1.9708504675075864e-09,1.9715228476321627e-09,1.9721943852102863e-09,1.972865081509612e-09,1.9735349377949797e-09,1.9742039553301675e-09,1.9748721353739914e-09,1.97553947918286e-09,1.9762059880107347e-09,1.9768716631092445e-09,1.977536505726128e-09,1.9782005171076405e-09,1.9788636984947115e-09,1.979526051127857e-09,1.9801875762446086e-09,1.9808482750791687e-09,1.9815081488610583e-09,1.9821671988228744e-09,1.9828254261902683e-09,1.98348283218428e-09,1.98413941803018e-09,1.984795184937732e-09,1.9854501341267796e-09,1.986104266809188e-09,1.9867575841940285e-09,1.9874100874921067e-09,1.988061777904131e-09,1.9887126566366647e-09,1.9893627248831135e-09,1.9900119838417832e-09,1.9906604347072908e-09,1.991308078671091e-09,1.9919549169241636e-09,1.992600950653346e-09,1.9932461810336973e-09,1.9938906092516345e-09,1.9945342364857612e-09,1.9951770639111484e-09,1.995819092701229e-09,1.996460324022082e-09,1.9971007590522906e-09,1.997740398950794e-09,1.9983792448827345e-09,1.999017298007644e-09,1.999654559486358e-09,2.000291030470632e-09,2.000926712113184e-09,2.0015616055673337e-09,2.0021957119806543e-09,2.0028290324987677e-09,2.0034615682645633e-09,2.004093320418038e-09,2.0047242900982165e-09,2.0053544784421265e-09,2.005983886583469e-09,2.0066125156500156e-09,2.0072403667742078e-09,2.007867441075931e-09,2.0084937396831084e-09,2.0091192637205924e-09,2.009744014304406e-09,2.010367992551215e-09,2.0109911995773404e-09,2.0116136364925676e-09,2.0122353044051613e-09,2.0128562044257927e-09,2.013476337655618e-09,2.014095705199298e-09,2.0147143081590243e-09,2.01533214762994e-09,2.0159492247076727e-09,2.0165655404864304e-09,2.0171810960575718e-09,2.017795892509735e-09,2.018409930929746e-09,2.019023212401419e-09,2.019635738007305e-09,2.0202475088269977e-09,2.020858525937134e-09,2.0214687904149968e-09,2.022078303331417e-09,2.022687065755344e-09,2.023295078754271e-09,2.023902343404474e-09,2.024508860764539e-09,2.0251146318961263e-09,2.025719657858725e-09,2.026323939708919e-09,2.026927478504681e-09,2.0275302752978893e-09,2.0281323311397514e-09,2.028733647076925e-09,2.029334224160885e-09,2.029934063433724e-09,2.0305331659381183e-09,2.031131532714045e-09,2.0317291648005236e-09,2.032326063231404e-09,2.0329222290450864e-09,2.0335176632690812e-09,2.0341123669351057e-09,2.0347063410741806e-09,2.0352995867054697e-09,2.0358921048580896e-09,2.0364838965487696e-09,2.0370749627995403e-09,2.0376653046275546e-09,2.038254923048348e-09,2.0388438190760236e-09,2.0394319937175455e-09,2.0400194479885627e-09,2.0406061828929418e-09,2.0411921994385747e-09,2.041777498622813e-09,2.0423620814477205e-09,2.0429459489170483e-09,2.0435291020241105e-09,2.044111541768922e-09,2.044693269141586e-09,2.045274285127128e-09,2.0458545907291948e-09,2.0464341869224698e-09,2.0470130746959053e-09,2.047591255035623e-09,2.0481687289182164e-09,2.0487454973251128e-09,2.0493215612341978e-09,2.049896921614727e-09,2.0504715794523194e-09,2.051045535712939e-09,2.0516187913661527e-09,2.0521913473795648e-09,2.0527632047198757e-09,2.0533343643521806e-09,2.053904827235262e-09,2.0544745943316014e-09,2.055043666599337e-09,2.0556120449951705e-09,2.056179730472991e-09,2.056746723986942e-09,2.0573130264873244e-09,2.05787863892307e-09,2.058443562242676e-09,2.0590077973896045e-09,2.059571345307563e-09,2.06013420693972e-09,2.0606963832252555e-09,2.061257875103176e-09,2.0618186835096208e-09,2.0623788093781305e-09,2.06293825364085e-09,2.063497017228426e-09,2.06405510107043e-09,2.064612506090023e-09,2.0651692332214697e-09,2.0657252833836077e-09,2.0662806574995315e-09,2.0668353564888233e-09,2.0673893812688255e-09,2.0679427327572814e-09,2.06849541186912e-09,2.0690474195184573e-09,2.0695987566143975e-09,2.0701494240684587e-09,2.0706994227883036e-09,2.0712487536784944e-09,2.0717974176458584e-09,2.072345415591842e-09,2.072892748417629e-09,2.073439417022442e-09,2.0739854223039115e-09,2.0745307651580517e-09,2.0750754464786996e-09,2.0756194671589996e-09,2.076162828089515e-09,2.076705530158459e-09,2.077247574255261e-09,2.077788961264692e-09,2.078329692071044e-09,2.078869767556787e-09,2.079409188602708e-09,2.0799479560879726e-09,2.080486070890225e-09,2.081023533885265e-09,2.081560345947279e-09,2.0820965079489888e-09,2.0826320207604025e-09,2.0831668852527107e-09,2.083701102293021e-09,2.084234672747192e-09,2.084767597479779e-09,2.0852998773537017e-09,2.0858315132303793e-09,2.086362505969413e-09,2.086892856428801e-09,2.0874225654657068e-09,2.0879516339343068e-09,2.0884800626882283e-09,2.0890078525791005e-09,2.089535004458232e-09,2.0900615191720665e-09,2.090587397570546e-09,2.0911126404968837e-09,2.0916372487958194e-09,2.092161223309974e-09,2.0926845648810417e-09,2.093207274346435e-09,2.093729352544809e-09,2.0942508003126794e-09,2.094771618484554e-09,2.095291807893797e-09,2.0958113693722085e-09,2.096330303749834e-09,2.096848611855319e-09,2.0973662945156224e-09,2.097883352556947e-09,2.0983997868031262e-09,2.098915598077041e-09,2.099430787199512e-09,2.099945354990235e-09,2.100459302268152e-09,2.1009726298489125e-09,2.1014853385488666e-09,2.101997429180596e-09,2.102508902556835e-09,2.1030197594893332e-09,2.1035300007861575e-09,2.1040396272557633e-09,2.104548639700702e-09,2.1050570389338306e-09,2.105564825754837e-09,2.106072000965915e-09,2.1065785653710225e-09,2.1070845197626277e-09,2.107589864937732e-09,2.108094601701546e-09,2.1085987308446737e-09,2.109102253160754e-09,2.1096051694394717e-09,2.1101074804731537e-09,2.1106091870570286e-09,2.1111102899762806e-09,2.1116107900106044e-09,2.1121106879472752e-09,2.112609984574758e-09,2.113108680672981e-09,2.1136067770228734e-09,2.114104274404516e-09,2.1146011735922036e-09,2.1150974753693935e-09,2.1155931805086448e-09,2.116088289786168e-09,2.116582803970551e-09,2.117076723832015e-09,2.117570050147182e-09,2.1180627836810596e-09,2.118554925198224e-09,2.119046475469727e-09,2.119537435258882e-09,2.12002780532817e-09,2.120517586440364e-09,2.1210067793540506e-09,2.1214953848295687e-09,2.1219834036255533e-09,2.122470836499538e-09,2.122957684205471e-09,2.1234439474986483e-09,2.1239296271296617e-09,2.124414723850841e-09,2.1248992384128835e-09,2.1253831715647348e-09,2.125866524052543e-09,2.1263492966234467e-09,2.1268314900221064e-09,2.127313104992273e-09,2.127794142276524e-09,2.1282746026157386e-09,2.128754486749787e-09,2.1292337954171477e-09,2.1297125293550195e-09,2.1301906892996576e-09,2.1306682759855136e-09,2.1311452901460598e-09,2.131621732513448e-09,2.1320976038186877e-09,2.132572904791539e-09,2.1330476361603802e-09,2.1335217986525146e-09,2.1339953929937157e-09,2.1344684199087917e-09,2.1349408801211884e-09,2.1354127743546596e-09,2.135884103328752e-09,2.1363548677618266e-09,2.136825068373725e-09,2.137294705883662e-09,2.1377637810057645e-09,2.1382322944536426e-09,2.138700246943539e-09,2.139167639185678e-09,2.1396344718928037e-09,2.1401007457747353e-09,2.140566461541641e-09,2.1410316198987127e-09,2.1414962215536663e-09,2.1419602672118447e-09,2.1424237575781925e-09,2.142886693353753e-09,2.143349075241298e-09,2.1438109039415774e-09,2.144272180153919e-09,2.1447329045758457e-09,2.1451930779037367e-09,2.145652700835668e-09,2.1461117740652614e-09,2.1465702982860467e-09,2.1470282741904384e-09,2.1474857024696944e-09,2.1479425838148712e-09,2.1483989189131156e-09,2.1488547084526137e-09,2.149309953120274e-09,2.149764653601648e-09,2.1502188105810207e-09,2.15067242474147e-09,2.151125496763797e-09,2.151578027331953e-09,2.152030017124212e-09,2.152481466819185e-09,2.1529323770946313e-09,2.15338274862719e-09,2.153832582091679e-09,2.154281878162007e-09,2.154730637511812e-09,2.155178860813028e-09,2.1556265487363055e-09,2.1560737019520287e-09,2.156520321128352e-09,2.1569664069325374e-09,2.1574119600314522e-09,2.157856981090963e-09,2.1583014707743813e-09,2.1587454297454363e-09,2.159188858666756e-09,2.159631758198184e-09,2.1600741290004705e-09,2.160515971731888e-09,2.160957287051386e-09,2.161398075614651e-09,2.161838338078594e-09,2.1622780750957407e-09,2.1627172873207288e-09,2.1631559754054576e-09,2.1635941400031518e-09,2.164031781762613e-09,2.1644689013328172e-09,2.164905499362648e-09,2.165341576499056e-09,2.16577713338834e-09,2.1662121706755126e-09,2.1666466890043596e-09,2.1670806890184273e-09,2.167514171359028e-09,2.1679471366671096e-09,2.168379585582564e-09,2.1688115187454712e-09,2.16924293679152e-09,2.1696738403599677e-09,2.170104230085346e-09,2.1705341066047568e-09,2.1709634705468727e-09,2.171392322547383e-09,2.171820663235851e-09,2.1722484932488146e-09,2.1726758132088476e-09,2.1731026237480132e-09,2.173528925493346e-09,2.173954719073037e-09,2.174380005112018e-09,2.1748047842343055e-09,2.1752290570647356e-09,2.1756528242240836e-09,2.176076086335035e-09,2.1764988440171715e-09,2.1769210978923917e-09,2.1773428485782866e-09,2.1777640966923655e-09,2.1781848428517615e-09,2.1786050876721856e-09,2.1790248317682553e-09,2.1794440757540406e-09,2.179862820244879e-09,2.1802810658475792e-09,2.180698813175644e-09,2.1811160628389354e-09,2.1815328154464487e-09,2.1819490716062244e-09,2.1823648319253515e-09,2.1827800970098304e-09,2.183194867465103e-09,2.183609143895528e-09,2.1840229269037026e-09,2.1844362170920425e-09,2.1848490150625975e-09,2.185261321415315e-09,2.185673136749903e-09,2.1860844616645674e-09,2.186495296757454e-09,2.1869056426248842e-09,2.18731549986271e-09,2.1877248690657276e-09,2.1881337508277066e-09,2.188542145741511e-09,2.188950054399504e-09,2.189357477393091e-09,2.1897644153114703e-09,2.1901708687447493e-09,2.1905768382810026e-09,2.190982324506685e-09,2.191387328010123e-09,2.1917918493768953e-09,2.192195889188778e-09,2.192599448033535e-09,2.19300252649155e-09,2.1934051251463682e-09,2.1938072445780427e-09,2.1942088853673115e-09,2.19461004809301e-09,2.1950107333340846e-09,2.1954109416677363e-09,2.1958106736705974e-09,2.196209929917523e-09,2.196608710986233e-09,2.19700701744631e-09,2.197404849874546e-09,2.197802208842139e-09,2.1981990949201174e-09,2.1985955086707322e-09,2.1989914506802544e-09,2.199386921508741e-09,2.1997819217221027e-09,2.2001764518915324e-09,2.2005705125812266e-09,2.2009641043554884e-09,2.2013572277782617e-09,2.201749883416236e-09,2.2021420718300634e-09,2.202533793581608e-09,2.202925049231136e-09,2.2033158393399614e-09,2.203706164464524e-09,2.204096025167674e-09,2.204485422004878e-09,2.2048743555322396e-09,2.2052628263100063e-09,2.2056508348851723e-09,2.206038381815814e-09,2.206425467654862e-09,2.206812092955713e-09,2.2071982582688567e-09,2.2075839641463456e-09,2.2079692111372796e-09,2.2083539997920714e-09,2.2087383306571782e-09,2.2091222042812683e-09,2.2095056212106256e-09,2.209888581991741e-09,2.2102710871666266e-09,2.210653137284056e-09,2.211034732887549e-09,2.2114158745147086e-09,2.2117965627101768e-09,2.212176798014632e-09,2.2125565809683416e-09,2.212935912110866e-09,2.213314791980236e-09,2.2136932211141973e-09,2.214071200049753e-09,2.21444872932298e-09,2.214825809469323e-09,2.215202441023025e-09,2.2155786245179538e-09,2.2159543604868934e-09,2.2163296494620863e-09,2.2167044919747493e-09,2.217078888555472e-09,2.217452839733916e-09,2.2178263460392306e-09,2.21819940799925e-09,2.218572026141507e-09,2.218944200992578e-09,2.2193159330784217e-09,2.2196872229228318e-09,2.2200580710519183e-09,2.2204284779886944e-09,2.2207984442554237e-09,2.221167970374141e-09,2.2215370568656095e-09,2.2219057042510604e-09,2.222273913049728e-09,2.2226416837804463e-09,2.2230090169598213e-09,2.223375913108125e-09,2.2237423727403783e-09,2.2241083963720967e-09,2.2244739845199194e-09,2.2248391376958713e-09,2.2252038564143594e-09,2.225568141188429e-09,2.2259319925299124e-09,2.2262954109500853e-09,2.226658396959581e-09,2.2270209510679025e-09,2.227383073784162e-09,2.2277447656167947e-09,2.228106027073383e-09,2.2284668586611634e-09,2.228827260885122e-09,2.22918723425103e-09,2.229546779261522e-09,2.229905896422231e-09,2.230264586239179e-09,2.2306228492115914e-09,2.2309806858412006e-09,2.2313380966295815e-09,2.2316950820855027e-09,2.2320516426904606e-09,2.2324077789514685e-09,2.2327634913682797e-09,2.233118780436801e-09,2.2334736466549818e-09,2.233828090516944e-09,2.2341821125138556e-09,2.2345357131537247e-09,2.2348888929171523e-09,2.2352416523008375e-09,2.235593991798437e-09,2.235945911899964e-09,2.236297413097047e-09,2.2366484958773865e-09,2.2369991607345294e-09,2.237349408155525e-09,2.2376992386277493e-09,2.2380486526392564e-09,2.2383976506767464e-09,2.238746233225428e-09,2.239094400771251e-09,2.2394421538013918e-09,2.2397894927935285e-09,2.2401364182336508e-09,2.2404829306047473e-09,2.240829030388311e-09,2.2411747180649176e-09,2.2415199941176163e-09,2.2418648590218458e-09,2.2422093132587693e-09,2.242553357308026e-09,2.2428969916449986e-09,2.243240216744967e-09,2.2435830330880814e-09,2.243925441148087e-09,2.244267441405088e-09,2.244609034323598e-09,2.2449502203757426e-09,2.245291000047146e-09,2.2456313738037234e-09,2.245971342116998e-09,2.2463109054591205e-09,2.246650064300254e-09,2.246988819105407e-09,2.2473271703461618e-09,2.2476651184907086e-09,2.2480026640077454e-09,2.248339807364143e-09,2.2486765490245426e-09,2.24901288945484e-09,2.2493488291203938e-09,2.2496843684856795e-09,2.2500195080142245e-09,2.250354248168643e-09,2.2506885894131215e-09,2.2510225322061588e-09,2.2513560770093e-09,2.2516892242842392e-09,2.2520219744900486e-09,2.2523543280857982e-09,2.252686285529609e-09,2.2530178472828927e-09,2.2533490137950486e-09,2.2536797855266727e-09,2.2540101629340916e-09,2.2543401464588976e-09,2.2546697365648716e-09,2.2549989337256084e-09,2.255327738379366e-09,2.255656150977454e-09,2.2559841719767806e-09,2.2563118018242685e-09,2.256639040967206e-09,2.256965889857842e-09,2.2572923489513146e-09,2.2576184186833236e-09,2.257944099518691e-09,2.2582693918932186e-09,2.2585942962587612e-09,2.2589188130604365e-09,2.2592429427438268e-09,2.2595666857535507e-09,2.2598900425346033e-09,2.2602130135302397e-09,2.2605355991846435e-09,2.260857799941204e-09,2.261179616239713e-09,2.2615010485237676e-09,2.2618220972336373e-09,2.2621427628087936e-09,2.262463045689496e-09,2.2627829463115454e-09,2.2631024651195527e-09,2.2634216025470518e-09,2.2637403590331717e-09,2.26405873501199e-09,2.264376730920887e-09,2.26469434719472e-09,2.2650115842708636e-09,2.2653284425791894e-09,2.2656449225540166e-09,2.2659610246298042e-09,2.2662767492384276e-09,2.266592096811559e-09,2.2669070677803836e-09,2.267221662575657e-09,2.2675358816269423e-09,2.2678497253636543e-09,2.2681631942148857e-09,2.2684762886083507e-09,2.2687890089722317e-09,2.2691013557280785e-09,2.2694133293126837e-09,2.2697249301467056e-09,2.2700361586605923e-09,2.270347015268681e-09,2.270657500400223e-09,2.2709676144750297e-09,2.271277357920048e-09,2.2715867311603356e-09,2.2718957346140968e-09,2.272204368704188e-09,2.272512633849267e-09,2.2728205304711845e-09,2.273128058984544e-09,2.2734352198163024e-09,2.273742013380737e-09,2.2740484400958526e-09,2.2743545003756172e-09,2.2746601946424762e-09,2.2749655233062975e-09,2.2752704867898167e-09,2.275575085502758e-09,2.2758793198619126e-09,2.2761831902808566e-09,2.2764866971674677e-09,2.276789840943583e-09,2.2770926220179445e-09,2.277395040801033e-09,2.277697097703208e-09,2.27799879313479e-09,2.2783001275089086e-09,2.2786011012304195e-09,2.278901714710633e-09,2.2792019683574216e-09,2.2795018625788797e-09,2.2798013977818366e-09,2.2801005743724236e-09,2.2803993927560377e-09,2.280697853339565e-09,2.28099595652847e-09,2.281293702726423e-09,2.281591092337246e-09,2.2818881257641487e-09,2.2821848034103544e-09,2.282481125678027e-09,2.2827770929681783e-09,2.2830727056829183e-09,2.2833679642236336e-09,2.2836628689875174e-09,2.283957420376313e-09,2.284251618788204e-09,2.2845454646217484e-09,2.2848389582789085e-09,2.2851321001495185e-09,2.285424890633898e-09,2.2857173301291818e-09,2.2860094190313533e-09,2.28630115773459e-09,2.2865925466341397e-09,2.2868835861252043e-09,2.2871742765997853e-09,2.2874646184539488e-09,2.287754612079817e-09,2.288044257864396e-09,2.28833355620296e-09,2.28862250748841e-09,2.288911112109458e-09,2.2891993704550054e-09,2.2894872829151206e-09,2.28977484988041e-09,2.2900620717376788e-09,2.290348948876015e-09,2.2906354816828543e-09,2.29092167054405e-09,2.291207515847118e-09,2.291493017977502e-09,2.291778177322006e-09,2.292062994258996e-09,2.292347469183138e-09,2.2926316024729833e-09,2.292915394513099e-09,2.2931988456906367e-09,2.2934819563774236e-09,2.2937647269583083e-09,2.294047157819366e-09,2.2943292493411697e-09,2.29461100190164e-09,2.2948924158808355e-09,2.2951734916591656e-09,2.2954542296133667e-09,2.295734630125392e-09,2.2960146935709377e-09,2.296294420327687e-09,2.2965738107717433e-09,2.2968528652808636e-09,2.2971315842298074e-09,2.29740996799431e-09,2.297688016948936e-09,2.2979657314714582e-09,2.298243111934153e-09,2.298520158704937e-09,2.2987968721607205e-09,2.2990732526739426e-09,2.2993493006184653e-09,2.2996250163622458e-09,2.2999004002778847e-09,2.3001754527356654e-09,2.3004501741062714e-09,2.300724564767078e-09,2.300998625070284e-09,2.301272355393104e-09,2.301545756103386e-09,2.301818827568115e-09,2.302091570156247e-09,2.302363984233212e-09,2.302636070164385e-09,2.302907828317072e-09,2.303179259055952e-09,2.303450362746028e-09,2.303721139750945e-09,2.3039915904343086e-09,2.3042617151603717e-09,2.304531514291172e-09,2.30480098818829e-09,2.3050701372165567e-09,2.3053389617350164e-09,2.305607462105465e-09,2.3058756386862216e-09,2.3061434918402602e-09,2.3064110219246728e-09,2.3066782293029278e-09,2.3069451143294577e-09,2.3072116773628196e-09,2.307477918761166e-09,2.3077438388821405e-09,2.308009438082484e-09,2.3082747167257365e-09,2.3085396751526536e-09,2.308804313727052e-09,2.309068632802645e-09,2.3093326327347975e-09,2.309596313876589e-09,2.309859676582396e-09,2.3101227212056017e-09,2.310385448097978e-09,2.3106478576118908e-09,2.3109099500981076e-09,2.3111717259095712e-09,2.3114331854009313e-09,2.311694328913248e-09,2.311955156802791e-09,2.3122156694180417e-09,2.3124758671068666e-09,2.3127357502192185e-09,2.312995319102587e-09,2.313254574104114e-09,2.313513515572977e-09,2.313772143854376e-09,2.3140304592943973e-09,2.3142884622403633e-09,2.3145461530370325e-09,2.314803532029366e-09,2.315060599561748e-09,2.315317355979616e-09,2.315573801623342e-09,2.315829936839882e-09,2.316085761970875e-09,2.3163412773582442e-09,2.3165964833441304e-09,2.3168513802703212e-09,2.317105968477867e-09,2.317360248312651e-09,2.3176142201046247e-09,2.317867884198985e-09,2.318121240933368e-09,2.31837429064724e-09,2.3186270336797486e-09,2.3188794703687704e-09,2.3191316010519042e-09,2.319383426066014e-09,2.319634945748752e-09,2.319886160433663e-09,2.3201370704613705e-09,2.320387676165033e-09,2.3206379778799188e-09,2.320887975939903e-09,2.3211376706803845e-09,2.321387062433582e-09,2.321636151534164e-09,2.321884938313933e-09,2.3221334231063077e-09,2.322381606242622e-09,2.322629488053564e-09,2.3228770688743417e-09,2.323124349032325e-09,2.323371328859728e-09,2.3236180086854015e-09,2.323864388838886e-09,2.3241104696496447e-09,2.3243562514482056e-09,2.3246017345602518e-09,2.3248469193147766e-09,2.325091806038744e-09,2.3253363950599234e-09,2.3255806867041192e-09,2.325824681300868e-09,2.326068379170628e-09,2.3263117806429237e-09,2.326554886040734e-09,2.326797695688045e-09,2.327040209911024e-09,2.327282429034004e-09,2.3275243533794414e-09,2.3277659832698317e-09,2.32800731902805e-09,2.3282483609760068e-09,2.3284891094359915e-09,2.328729564729306e-09,2.3289697271756777e-09,2.3292095970990428e-09,2.3294491748166225e-09,2.329688460649082e-09,2.3299274549155548e-09,2.3301661579353914e-09,2.3304045700270497e-09,2.3306426915076677e-09,2.3308805226967796e-09,2.33111806391033e-09,2.3313553154638056e-09,2.331592277678346e-09,2.331828950865805e-09,2.332065335346466e-09,2.3323014314328314e-09,2.332537239438714e-09,2.332772759683446e-09,2.3330079924737154e-09,2.3332429381300767e-09,2.333477596963383e-09,2.333711969286261e-09,2.3339460554130875e-09,2.334179855655461e-09,2.334413370324065e-09,2.334646599731049e-09,2.3348795441876533e-09,2.335112204004935e-09,2.335344579492499e-09,2.3355766709662716e-09,2.3358084787245043e-09,2.3360400030847986e-09,2.3362712443505386e-09,2.3365022028335335e-09,2.3367328788407362e-09,2.3369632726799197e-09,2.337193384658663e-09,2.337423215083921e-09,2.337652764261968e-09,2.3378820324991657e-09,2.338111020101089e-09,2.3383397273732423e-09,2.3385681546205366e-09,2.338796302152323e-09,2.339024170263389e-09,2.3392517592607244e-09,2.339479069449719e-09,2.3397061011307757e-09,2.339932854612973e-09,2.3401593301945637e-09,2.340385528177822e-09,2.3406114488653463e-09,2.340837092557025e-09,2.341062459552405e-09,2.3412875501544792e-09,2.3415123646626888e-09,2.341736903376548e-09,2.3419611665904224e-09,2.3421851546135935e-09,2.342408867739636e-09,2.342632306266693e-09,2.3428554704927616e-09,2.3430783607145818e-09,2.34330097722987e-09,2.3435233203371225e-09,2.3437453903314114e-09,2.3439671875088234e-09,2.344188712165409e-09,2.344409964596409e-09,2.344630945096468e-09,2.344851653959472e-09,2.34507209148087e-09,2.345292257955366e-09,2.345512153674942e-09,2.3457317789345045e-09,2.34595113402539e-09,2.3461702192410197e-09,2.346389034871235e-09,2.346607581211957e-09,2.346825858550133e-09,2.347043867180822e-09,2.347261607392963e-09,2.3474790794768677e-09,2.34769628372216e-09,2.3479132204191397e-09,2.3481298898573994e-09,2.3483462923246065e-09,2.348562428110851e-09,2.348778297503199e-09,2.3489939007901165e-09,2.3492092382590755e-09,2.349424310196486e-09,2.3496391168905457e-09,2.3498536586268648e-09,2.3500679356917434e-09,2.350281948371047e-09,2.3504956969496734e-09,2.350709181713617e-09,2.3509224029471133e-09,2.3511353609345638e-09,2.35134805596031e-09,2.3515604883097946e-09,2.351772658262222e-09,2.3519845661031355e-09,2.352196212115442e-09,2.352407596580152e-09,2.3526187197805864e-09,2.3528295819976087e-09,2.353040183513045e-09,2.35325052460776e-09,2.3534606055626912e-09,2.353670426656554e-09,2.353879988170321e-09,2.3540892903834557e-09,2.354298333576952e-09,2.354507118027564e-09,2.3547156440144447e-09,2.3549239118167904e-09,2.355131921711977e-09,2.355339673975277e-09,2.3555471688874423e-09,2.355754406723664e-09,2.3559613877615107e-09,2.3561681122765807e-09,2.3563745805441702e-09,2.3565807928404825e-09,2.3567867494418474e-09,2.3569924506207003e-09,2.357197896654628e-09,2.357403087816247e-09,2.3576080243798646e-09,2.3578127066169153e-09,2.3580171348047075e-09,2.358221309213095e-09,2.3584252301150167e-09,2.3586288977826917e-09,2.3588323124887647e-09,2.35903547450497e-09,2.3592383841042845e-09,2.3594410415558816e-09,2.3596434471288455e-09,2.359845601096394e-09,2.3600475037273374e-09,2.3602491552909894e-09,2.3604505560570274e-09,2.3606517062935365e-09,2.36085260626838e-09,2.3610532562561027e-09,2.3612536565201463e-09,2.361453807327776e-09,2.361653708944653e-09,2.3618533616414722e-09,2.3620527656847293e-09,2.362251921339733e-09,2.36245082887153e-09,2.36264948854891e-09,2.3628479006363555e-09,2.363046065396757e-09,2.363243983098577e-09,2.36344165400461e-09,2.363639078377069e-09,2.3638362564819478e-09,2.3640331885846428e-09,2.3642298749463947e-09,2.3644263158290456e-09,2.364622511497261e-09,2.364818462212067e-09,2.3650141682362765e-09,2.365209629831771e-09,2.365404847259621e-09,2.365599820781223e-09,2.365794550657316e-09,2.3659890371486206e-09,2.3661832805137262e-09,2.3663772810170435e-09,2.366571038912885e-09,2.366764554462492e-09,2.366957827924833e-09,2.3671508595592713e-09,2.3673436496230746e-09,2.367536198374435e-09,2.3677285060707335e-09,2.367920572970488e-09,2.3681123993319693e-09,2.3683039854087518e-09,2.3684953314588826e-09,2.368686437738777e-09,2.3688773045019377e-09,2.3690679320081526e-09,2.3692583205105476e-09,2.369448470264189e-09,2.369638381523991e-09,2.3698280545438335e-09,2.370017489578249e-09,2.370206686880766e-09,2.370395646704837e-09,2.3705843693042254e-09,2.3707728549307493e-09,2.370961103837879e-09,2.3711491162776002e-09,2.3713368925008232e-09,2.3715244327614364e-09,2.3717117373093735e-09,2.3718988063963582e-09,2.3720856402727453e-09,2.3722722391880227e-09,2.372458603393756e-09,2.3726447331424488e-09,2.3728306286785083e-09,2.373016290254445e-09,2.373201718117206e-09,2.373386912519189e-09,2.3735718737114688e-09,2.373756601929788e-09,2.373941097430428e-09,2.3741253604602623e-09,2.3743093912659224e-09,2.374493190094713e-09,2.374676757193222e-09,2.374860092806448e-09,2.3750431971833573e-09,2.375226070567658e-09,2.3754087132064953e-09,2.3755911253442436e-09,2.3757733072257905e-09,2.375955259095928e-09,2.376136981198877e-09,2.3763184737788707e-09,2.3764997370794803e-09,2.376680771344699e-09,2.376861576816377e-09,2.3770421537381485e-09,2.377222502354679e-09,2.377402622906781e-09,2.3775825156364267e-09,2.3777621807844374e-09,2.377941618594962e-09,2.3781208293078453e-09,2.3782998131637182e-09,2.3784785704034605e-09,2.3786571012676126e-09,2.378835405996267e-09,2.3790134848292374e-09,2.3791913380061507e-09,2.3793689657721004e-09,2.3795463683540366e-09,2.3797235459973115e-09,2.3799004989396254e-09,2.380077227420899e-09,2.380253731675937e-09,2.380430011943129e-09,2.3806060684615716e-09,2.3807819014675833e-09,2.380957511195941e-09,2.3811328978867592e-09,2.381308061774491e-09,2.3814830030951296e-09,2.3816577220818192e-09,2.3818322189743397e-09,2.382006494006981e-09,2.382180547413413e-09,2.382354379426787e-09,2.382527990284351e-09,2.3827013802187665e-09,2.3828745494638652e-09,2.3830474982486915e-09,2.3832202268153157e-09,2.3833927353922386e-09,2.3835650242120765e-09,2.3837370935074285e-09,2.383908943510238e-09,2.384080574452699e-09,2.3842519865660377e-09,2.3844231800790963e-09,2.3845941552259786e-09,2.3847649122392694e-09,2.3849354513478846e-09,2.385105772780685e-09,2.3852758767690872e-09,2.385445763542098e-09,2.3856154333372705e-09,2.3857848863675423e-09,2.3859541228703827e-09,2.3861231430745252e-09,2.3862919472077814e-09,2.3864605354989368e-09,2.3866289081731877e-09,2.3867970654625016e-09,2.3869650075922398e-09,2.387132734789672e-09,2.3873002472801308e-09,2.387467545292601e-09,2.387634629052075e-09,2.3878014987847687e-09,2.38796815471626e-09,2.3881345970725076e-09,2.388300826078266e-09,2.3884668419588577e-09,2.3886326449387377e-09,2.3887982352425794e-09,2.388963613094642e-09,2.389128778718734e-09,2.389293732338881e-09,2.3894584741724356e-09,2.3896230044560054e-09,2.389787323403389e-09,2.389951431238618e-09,2.39011532818426e-09,2.3902790144632586e-09,2.3904424902961166e-09,2.390605755905206e-09,2.390768811512066e-09,2.390931657337381e-09,2.3910942936023246e-09,2.391256720527764e-09,2.391418938333488e-09,2.3915809472398344e-09,2.3917427474670624e-09,2.391904339234441e-09,2.3920657227601205e-09,2.392226898260984e-09,2.3923878659647285e-09,2.3925486260840818e-09,2.3927091788375864e-09,2.3928695244441786e-09,2.3930296631239763e-09,2.3931895950918944e-09,2.393349320561684e-09,2.393508839754792e-09,2.3936681528866154e-09,2.3938272601745107e-09,2.3939861618324704e-09,2.394144858082564e-09,2.39430334913729e-09,2.3944616352115316e-09,2.3946197165207594e-09,2.3947775932800467e-09,2.394935265707265e-09,2.3950927340164625e-09,2.3952499984155876e-09,2.3954070591233253e-09,2.395563916354114e-09,2.395720570323121e-09,2.3958770212399708e-09,2.396033269319881e-09,2.3961893147742993e-09,2.396345157819808e-09,2.3965007986629502e-09,2.3966562375239416e-09,2.396811474608653e-09,2.3969665101296227e-09,2.3971213442974935e-09,2.3972759773287167e-09,2.397430409429e-09,2.3975846408068252e-09,2.3977386716787388e-09,2.397892502253809e-09,2.398046132736925e-09,2.398199563342245e-09,2.398352794277948e-09,2.398505825754656e-09,2.3986586579803983e-09,2.3988112911656456e-09,2.3989637255182416e-09,2.3991159612388817e-09,2.3992679985495437e-09,2.399419837651981e-09,2.3995714787536057e-09,2.3997229220630325e-09,2.399874167785109e-09,2.40002521613151e-09,2.400176067297444e-09,2.40032672150458e-09,2.4004771789479894e-09,2.400627439837908e-09,2.4007775043813777e-09,2.400927372782011e-09,2.4010770452462687e-09,2.4012265219760065e-09,2.4013758031778213e-09,2.401524889058303e-09,2.4016737798200348e-09,2.401822475670781e-09,2.4019709768078124e-09,2.4021192834420156e-09,2.402267395771302e-09,2.4024153139978827e-09,2.402563038327668e-09,2.4027105689604322e-09,2.402857906110177e-09,2.4030050499693373e-09,2.4031520007373175e-09,2.4032987586204696e-09,2.4034453238199944e-09,2.4035916965356775e-09,2.4037378769704054e-09,2.403883865324874e-09,2.4040296618001962e-09,2.404175266590189e-09,2.4043206799034858e-09,2.404465901941421e-09,2.404610932899848e-09,2.4047557729788964e-09,2.404900422377502e-09,2.4050448812960225e-09,2.405189149931329e-09,2.4053332284828644e-09,2.405477117149564e-09,2.405620816130113e-09,2.40576432562239e-09,2.4059076458226706e-09,2.4060507769300756e-09,2.406193719141812e-09,2.4063364726542005e-09,2.4064790376654647e-09,2.4066214143701436e-09,2.4067636029666092e-09,2.4069056036460415e-09,2.4070474166129323e-09,2.4071890420591475e-09,2.407330480179948e-09,2.40747173117535e-09,2.407612795231078e-09,2.4077536725469823e-09,2.407894363317866e-09,2.4080348677365356e-09,2.408175185995199e-09,2.4083153182956804e-09,2.4084552648260663e-09,2.408595025783749e-09,2.4087346013593953e-09,2.408873991750005e-09,2.4090131971386337e-09,2.4091522177263407e-09,2.4092910537042616e-09,2.4094297052636314e-09,2.409568172596962e-09,2.4097064558964458e-09,2.409844555352663e-09,2.409982471158528e-09,2.4101202035043387e-09,2.4102577525812407e-09,2.410395118579658e-09,2.410532301689909e-09,2.4106693021046954e-09,2.41080612001333e-09,2.410942755603966e-09,2.411079209066518e-09,2.4112154805958682e-09,2.411351570372171e-09,2.4114874785897516e-09,2.4116232054336036e-09,2.411758751098241e-09,2.41189411576729e-09,2.4120292996333677e-09,2.4121643028829517e-09,2.412299125703071e-09,2.4124337682811056e-09,2.412568230805953e-09,2.4127025134632828e-09,2.412836616440364e-09,2.4129705399246973e-09,2.4131042841015133e-09,2.4132378491582337e-09,2.4133712352818532e-09,2.4135044426549966e-09,2.4136374714661764e-09,2.413770321901548e-09,2.413902994145097e-09,2.4140354883820017e-09,2.414167804797147e-09,2.4142999435748223e-09,2.414431904900179e-09,2.4145636889570564e-09,2.4146952959296056e-09,2.414826726002304e-09,2.4149579793585522e-09,2.4150890561819536e-09,2.4152199566546186e-09,2.415350680961426e-09,2.4154812292850876e-09,2.415611601806978e-09,2.4157417987099233e-09,2.4158718201766106e-09,2.416001666389657e-09,2.416131337529934e-09,2.416260833778645e-09,2.4163901553185515e-09,2.4165193023294358e-09,2.416648274993898e-09,2.4167770734911124e-09,2.4169056980026247e-09,2.4170341487082648e-09,2.4171624257893337e-09,2.417290529425412e-09,2.4174184597970718e-09,2.4175462170823287e-09,2.41767380146164e-09,2.417801213113855e-09,2.4179284522182325e-09,2.418055518954412e-09,2.4181824134993253e-09,2.4183091360323546e-09,2.4184356867316926e-09,2.418562065775379e-09,2.41868827334118e-09,2.4188143096069414e-09,2.4189401747500123e-09,2.419065868947619e-09,2.4191913923768782e-09,2.419316745214681e-09,2.4194419276376307e-09,2.4195669398232408e-09,2.419691781946625e-09,2.419816454183179e-09,2.41994095670968e-09,2.4200652897017387e-09,2.420189453335024e-09,2.42031344778468e-09,2.4204372732258476e-09,2.4205609298334682e-09,2.4206844177823116e-09,2.4208077372469087e-09,2.420930888401499e-09,2.421053871420308e-09,2.4211766864773935e-09,2.421299333746332e-09,2.4214218134007543e-09,2.4215441256140815e-09,2.421666270559483e-09,2.4217882484105683e-09,2.4219100593388947e-09,2.422031703517728e-09,2.4221531811197826e-09,2.4222744923168114e-09,2.4223956372809004e-09,2.4225166161845983e-09,2.4226374291985114e-09,2.4227580764954766e-09,2.4228785582450962e-09,2.4229988746200346e-09,2.423119025790472e-09,2.4232390119264775e-09,2.4233588331999843e-09,2.4234784897797926e-09,2.4235979818368454e-09,2.4237173095411445e-09,2.423836473062463e-09,2.4239554725704516e-09,2.424074308234398e-09,2.4241929802236615e-09,2.424311488707257e-09,2.424429833853906e-09,2.4245480158324347e-09,2.4246660348112116e-09,2.424783890958591e-09,2.4249015844426764e-09,2.425019115432085e-09,2.42513648409324e-09,2.4252536905943224e-09,2.425370735102744e-09,2.4254876177863996e-09,2.4256043388108227e-09,2.4257208983443228e-09,2.425837296551985e-09,2.4259535336011148e-09,2.426069609657952e-09,2.426185524888588e-09,2.4263012794588734e-09,2.4264168735345737e-09,2.426532307281754e-09,2.4266475808648174e-09,2.426762694449422e-09,2.4268776482005863e-09,2.426992442283031e-09,2.4271070768618986e-09,2.427221552100893e-09,2.427335868165634e-09,2.42745002521803e-09,2.4275640234232443e-09,2.4276778629449917e-09,2.4277915439467246e-09,2.4279050665964023e-09,2.428018431048068e-09,2.428131637469996e-09,2.4282446860239726e-09,2.4283575768731473e-09,2.4284703101800664e-09,2.428582886106946e-09,2.4286953048158644e-09,2.4288075664685308e-09,2.4289196712280604e-09,2.429031619255206e-09,2.4291434107104677e-09,2.429255045756031e-09,2.4293665245505485e-09,2.429477847258866e-09,2.4295890140415085e-09,2.4297000250561048e-09,2.429810880468201e-09,2.4299215804321856e-09,2.4300321251085174e-09,2.4301425146612867e-09,2.4302527492447485e-09,2.4303628290212037e-09,2.4304727541503144e-09,2.4305825247905633e-09,2.43069214110128e-09,2.4308016032429153e-09,2.43091091137059e-09,2.43102006564731e-09,2.431129066226032e-09,2.4312379132697932e-09,2.431346606932002e-09,2.431455147372945e-09,2.4315635347512543e-09,2.431671769220977e-09,2.4317798509437163e-09,2.4318877800745972e-09,2.4319955567679406e-09,2.4321031811829187e-09,2.4322106534774595e-09,2.432317973804541e-09,2.4324251423239705e-09,2.432532159190184e-09,2.4326390245575594e-09,2.4327457385808905e-09,2.4328523014197784e-09,2.4329587132349657e-09,2.433064974169338e-09,2.4331710843841487e-09,2.433277044030522e-09,2.4333828532678715e-09,2.433488512246878e-09,2.433594021123895e-09,2.4336993800543736e-09,2.4338045891920815e-09,2.433909648690417e-09,2.4340145587002073e-09,2.434119319377189e-09,2.4342239308764734e-09,2.4343283933475307e-09,2.434432706945998e-09,2.4345368718251824e-09,2.4346408881358834e-09,2.4347447560276383e-09,2.434848475660985e-09,2.4349520471836618e-09,2.4350554707490256e-09,2.4351587465067655e-09,2.435261874609841e-09,2.435364855209144e-09,2.4354676884565566e-09,2.435570374504402e-09,2.4356729135021657e-09,2.4357753056012082e-09,2.4358775509523795e-09,2.4359796497055766e-09,2.436081602012074e-09,2.4361834080214488e-09,2.4362850678848816e-09,2.4363865817513347e-09,2.4364879497709387e-09,2.4365891720923595e-09,2.4366902488670672e-09,2.4367911802425088e-09,2.4368919663688526e-09,2.4369926073939196e-09,2.4370931034685003e-09,2.4371934547397116e-09,2.4372936613537805e-09,2.4373937234623266e-09,2.4374936412124293e-09,2.437593414752657e-09,2.437693044229689e-09,2.4377925297918686e-09,2.437891871586614e-09,2.4379910697612978e-09,2.4380901244629235e-09,2.4381890358401464e-09,2.4382878040374268e-09,2.4383864292011593e-09,2.4384849114812606e-09,2.438583251020406e-09,2.438681447966494e-09,2.438779502467401e-09,2.4388774146667363e-09,2.438975184710773e-09,2.439072812744792e-09,2.4391702989128945e-09,2.439267643361716e-09,2.4393648462368246e-09,2.439461907683476e-09,2.43955882784743e-09,2.4396556068696825e-09,2.439752244901551e-09,2.4398487420779577e-09,2.4399450985478784e-09,2.4400413144557312e-09,2.440137389946737e-09,2.440233325159302e-09,2.4403291202442902e-09,2.440424775339668e-09,2.44052029059059e-09,2.4406156661412522e-09,2.440710902133898e-09,2.4408059987097653e-09,2.4409009560123673e-09,2.4409957741860506e-09,2.4410904533694487e-09,2.4411849937108854e-09,2.4412793953442663e-09,2.44137365841474e-09,2.4414677830658753e-09,2.4415617694381994e-09,2.4416556176732455e-09,2.4417493279121112e-09,2.44184290029605e-09,2.4419363349659597e-09,2.4420296320651688e-09,2.4421227917294126e-09,2.442215814100711e-09,2.4423086993216954e-09,2.4424014475304463e-09,2.4424940588682492e-09,2.442586533474647e-09,2.4426788714897397e-09,2.4427710730524965e-09,2.4428631383027283e-09,2.442955067379364e-09,2.4430468604233566e-09,2.4431385175711263e-09,2.4432300389635917e-09,2.443321424737075e-09,2.443412675033286e-09,2.4435037899879077e-09,2.4435947697414665e-09,2.443685614430854e-09,2.4437763241929878e-09,2.4438668991685143e-09,2.4439573394917956e-09,2.4440476453014414e-09,2.4441378167359408e-09,2.4442278539319456e-09,2.444317757026622e-09,2.4444075261568103e-09,2.444497161459324e-09,2.4445866630707357e-09,2.4446760311291216e-09,2.444765265767376e-09,2.4448543671244577e-09,2.4449433353356394e-09,2.445032170536818e-09,2.4451208728644316e-09,2.44520944245308e-09,2.4452978794384526e-09,2.4453861839564135e-09,2.445474356141115e-09,2.445562396129135e-09,2.445650304054072e-09,2.44573808005175e-09,2.4458257242563525e-09,2.44591323680234e-09,2.446000617823279e-09,2.446087867455046e-09,2.446174985830561e-09,2.4462619730838332e-09,2.4463488293523563e-09,2.446435554762184e-09,2.446522149453438e-09,2.4466086135534483e-09,2.4466949471994443e-09,2.4467811505235194e-09,2.4468672236605016e-09,2.446953166739945e-09,2.4470389799336625e-09,2.447124663261378e-09,2.447210216965885e-09,2.4472956411455075e-09,2.44738093592942e-09,2.447466101451898e-09,2.447551137843402e-09,2.4476360452359405e-09,2.447720823761043e-09,2.44780547354977e-09,2.4478899947334634e-09,2.4479743874419833e-09,2.4480586518085898e-09,2.448142787962941e-09,2.4482267960363285e-09,2.448310676158336e-09,2.4483944284589833e-09,2.448478053070044e-09,2.448561550121924e-09,2.4486449197414018e-09,2.4487281620603346e-09,2.4488112772087227e-09,2.4488942653121776e-09,2.4489771265116497e-09,2.4490598609234673e-09,2.4491424686811707e-09,2.449224949910954e-09,2.4493073047509582e-09,2.4493895333226453e-09,2.449471635755683e-09,2.449553612179003e-09,2.449635462720779e-09,2.4497171875089383e-09,2.449798786670877e-09,2.4498802603362056e-09,2.4499616086323863e-09,2.450042831683665e-09,2.4501239296231023e-09,2.45020490257926e-09,2.450285750672018e-09,2.45036647402959e-09,2.4504470727820403e-09,2.4505275470555247e-09,2.450607896976292e-09,2.450688122671088e-09,2.4507682242663823e-09,2.4508482018882733e-09,2.4509280556634514e-09,2.451007785717731e-09,2.4510873921745915e-09,2.4511668751638092e-09,2.4512462348099905e-09,2.4513254712364087e-09,2.4514045845704775e-09,2.4514835749367345e-09,2.451562442460292e-09,2.451641187266138e-09,2.4517198094781397e-09,2.451798309221028e-09,2.451876686621251e-09,2.4519549418026537e-09,2.4520330748894883e-09,2.45211108600458e-09,2.452188975272154e-09,2.4522667428189267e-09,2.4523443887601863e-09,2.452421913234315e-09,2.4524993163538042e-09,2.4525765982450743e-09,2.4526537590293677e-09,2.4527307988325366e-09,2.452807717775234e-09,2.452884515982145e-09,2.4529611935708484e-09,2.4530377506784235e-09,2.4531141874121736e-09,2.4531905038994965e-09,2.4532667002624714e-09,2.453342776624471e-09,2.4534187331030336e-09,2.4534945698245627e-09,2.4535702869135353e-09,2.4536458844862723e-09,2.4537213626613655e-09,2.4537967215645553e-09,2.4538719613190218e-09,2.453947082039559e-09,2.454022083852347e-09,2.4540969668768005e-09,2.4541717312332614e-09,2.454246377046478e-09,2.454320904428233e-09,2.4543953135519757e-09,2.4544696043935967e-09,2.4545437772158213e-09,2.4546178320913893e-09,2.454691769139263e-09,2.454765588479742e-09,2.454839290232973e-09,2.454912874516043e-09,2.454986341457701e-09,2.4550596911647767e-09,2.4551329237624308e-09,2.455206039365869e-09,2.455279038099085e-09,2.455351920073075e-09,2.4554246854124507e-09,2.455497334234196e-09,2.4555698666574455e-09,2.4556422828003205e-09,2.455714582779024e-09,2.4557867667222304e-09,2.4558588347308087e-09,2.455930786905229e-09,2.456002623407851e-09,2.456074344335468e-09,2.456145949806169e-09,2.45621743993434e-09,2.4562888148399114e-09,2.456360074638584e-09,2.4564312194482602e-09,2.4565022493817808e-09,2.4565731645606768e-09,2.4566439650989458e-09,2.4567146511131983e-09,2.4567852227193446e-09,2.4568556800344144e-09,2.456926023171906e-09,2.4569962522499976e-09,2.4570663673873693e-09,2.4571363686785742e-09,2.4572062562825303e-09,2.4572760302754593e-09,2.45734569078485e-09,2.457415237926695e-09,2.4574846718168894e-09,2.457553992567919e-09,2.457623200292473e-09,2.4576922951192348e-09,2.4577612771353357e-09,2.457830146478551e-09,2.4578989032558458e-09,2.457967547582928e-09,2.4580360795695983e-09,2.458104499333837e-09,2.458172806987774e-09,2.4582410026415027e-09,2.4583090864182007e-09,2.458377058422216e-09,2.4584449187698563e-09,2.4585126675740486e-09,2.4585803049482057e-09,2.45864783100475e-09,2.4587152458568112e-09,2.4587825495912235e-09,2.4588497424268504e-09,2.4589168243061272e-09,2.4589837954637395e-09,2.459050655979421e-09,2.459117405984894e-09,2.459184045530458e-09,2.45925057479118e-09,2.459316993851033e-09,2.4593833028379533e-09,2.4594495018491714e-09,2.4595155910046173e-09,2.459581570402617e-09,2.4596474401660094e-09,2.4597132004027838e-09,2.4597788512231553e-09,2.459844392738782e-09,2.459909825061054e-09,2.459975148297406e-09,2.460040362560873e-09,2.4601054679626806e-09,2.4601704646106917e-09,2.4602353526167986e-09,2.4603001320886685e-09,2.4603648031400395e-09,2.460429365873744e-09,2.460493820406121e-09,2.4605581668441793e-09,2.4606224052858844e-09,2.460686535876138e-09,2.4607505586884603e-09,2.4608144738431892e-09,2.460878281450151e-09,2.46094198159413e-09,2.4610055744534725e-09,2.461069060069511e-09,2.4611324385707343e-09,2.46119571006886e-09,2.461258874667443e-09,2.4613219324778547e-09,2.4613848836074896e-09,2.4614477281640268e-09,2.4615104662562483e-09,2.461573097991423e-09,2.4616356234946753e-09,2.4616980428212006e-09,2.4617603561310446e-09,2.461822563511904e-09,2.4618846650739154e-09,2.4619466609211808e-09,2.462008551162222e-09,2.46207033590343e-09,2.4621320152527753e-09,2.4621935893216038e-09,2.462255058198628e-09,2.4623164220163826e-09,2.4623776808718102e-09,2.4624388348346027e-09,2.462499884059906e-09,2.4625608286381356e-09,2.462621668673212e-09,2.462682404269429e-09,2.4627430355336122e-09,2.4628035625708434e-09,2.4628639854871484e-09,2.462924304387546e-09,2.462984519361914e-09,2.463044630560787e-09,2.463104638044551e-09,2.4631645419314894e-09,2.46322434232742e-09,2.4632840393375433e-09,2.463343633064697e-09,2.4634031236134924e-09,2.4634625110901247e-09,2.46352179559744e-09,2.4635809772388253e-09,2.4636400561168236e-09,2.4636990323422224e-09,2.4637579060120156e-09,2.4638166772292985e-09,2.463875346101143e-09,2.4639339127316304e-09,2.4639923772182236e-09,2.464050739669465e-09,2.4641090001872983e-09,2.4641671588749015e-09,2.4642252158325393e-09,2.464283171168302e-09,2.4643410249806995e-09,2.4643987773743027e-09,2.4644564284504566e-09,2.4645139783104833e-09,2.464571427057601e-09,2.4646287747941255e-09,2.464686021621876e-09,2.464743167643182e-09,2.464800212959551e-09,2.464857157672692e-09,2.4649140018851772e-09,2.4649707456962147e-09,2.4650273892087813e-09,2.465083932524022e-09,2.4651403757427513e-09,2.465196718966291e-09,2.465252962295538e-09,2.465309105832382e-09,2.4653651496764626e-09,2.4654210939507586e-09,2.465476938686005e-09,2.465532684049079e-09,2.4655883301247696e-09,2.46564387701172e-09,2.465699324807484e-09,2.4657546736166963e-09,2.4658099235295514e-09,2.4658650746544428e-09,2.4659201270895266e-09,2.4659750809335186e-09,2.466029936284905e-09,2.46608469324434e-09,2.4661393519111207e-09,2.46619391238378e-09,2.466248374760841e-09,2.4663027391426197e-09,2.4663570056281853e-09,2.4664111743147395e-09,2.466465245304697e-09,2.466519218710006e-09,2.4665730945751066e-09,2.4666268730543343e-09,2.4666805542278353e-09,2.4667341381940224e-09,2.466787625051114e-09,2.4668410148973533e-09,2.46689430782762e-09,2.4669475039439695e-09,2.4670006033431436e-09,2.467053606119849e-09,2.467106512373592e-09,2.467159322200985e-09,2.4672120356992868e-09,2.4672646529666244e-09,2.4673171741003725e-09,2.467369599195269e-09,2.46742192835002e-09,2.4674741616623674e-09,2.467526299225941e-09,2.4675783411384664e-09,2.467630287497583e-09,2.4676821383888212e-09,2.4677338939374098e-09,2.467785554211741e-09,2.4678371193163663e-09,2.467888589347412e-09,2.4679399644002914e-09,2.4679912445750913e-09,2.4680424299606464e-09,2.468093520658239e-09,2.4681445167543224e-09,2.4681954183539003e-09,2.4682462255488927e-09,2.4682969384350693e-09,2.468347557103871e-09,2.468398081660509e-09,2.4684485121898166e-09,2.4684988487882846e-09,2.4685490915517664e-09,2.4685992405742357e-09,2.4686492959512168e-09,2.4686992577765228e-09,2.4687491261451947e-09,2.4687989011605787e-09,2.468848582886109e-09,2.468898171445617e-09,2.46894766692291e-09,2.46899706941488e-09,2.4690463790131742e-09,2.469095595811308e-09,2.4691447199031694e-09,2.469193751381702e-09,2.469242690340543e-09,2.4692915368735767e-09,2.469340291069871e-09,2.4693889530289067e-09,2.4694375228396823e-09,2.469486000595613e-09,2.469534386391965e-09,2.4695826803150214e-09,2.4696308824629643e-09,2.4696789929297364e-09,2.4697270118024642e-09,2.4697749391747822e-09,2.469822775140067e-09,2.469870519788762e-09,2.4699181732140467e-09,2.469965735507398e-09,2.4700132067609442e-09,2.4700605870663423e-09,2.470107876515044e-09,2.470155075199971e-09,2.4702021832090375e-09,2.4702492006365833e-09,2.4702961275728697e-09,2.470342964109644e-09,2.470389710337767e-09,2.470436366346818e-09,2.470482932229387e-09,2.4705294080770117e-09,2.470575793976299e-09,2.470622090020342e-09,2.470668296299451e-09,2.470714412917054e-09,2.4707604399246304e-09,2.4708063774507543e-09,2.4708522255732344e-09,2.470897984382009e-09,2.4709436539667476e-09,2.470989234417927e-09,2.4710347258251736e-09,2.4710801282753814e-09,2.4711254418611827e-09,2.471170666670268e-09,2.4712158027920886e-09,2.471260850315582e-09,2.4713058093369423e-09,2.471350679936246e-09,2.4713954622054017e-09,2.471440156232851e-09,2.471484762108671e-09,2.4715292799211727e-09,2.4715737097565605e-09,2.4716180517090453e-09,2.4716623058619577e-09,2.4717064723052326e-09,2.47175055112744e-09,2.4717945424160975e-09,2.471838446259427e-09,2.471882262751513e-09,2.4719259919610028e-09,2.4719696339951855e-09,2.4720131889380796e-09,2.472056656807654e-09,2.4721000379042585e-09,2.472143332091891e-09,2.4721865395172944e-09,2.4722296603210896e-09,2.472272694541075e-09,2.4723156422772895e-09,2.4723585036177694e-09,2.4724012786494856e-09,2.4724439674557073e-09,2.4724865701359954e-09,2.472529086772149e-09,2.472571517426177e-09,2.472613862214731e-09,2.472656121214986e-09,2.4726982945124965e-09,2.472740382193745e-09,2.4727823843437935e-09,2.4728243010505693e-09,2.4728661323988357e-09,2.4729078784745503e-09,2.472949539363652e-09,2.472991115151488e-09,2.473032605922703e-09,2.4730740117644522e-09,2.4731153327618526e-09,2.473156569000829e-09,2.4731977205652595e-09,2.4732387875405995e-09,2.473279770012741e-09,2.4733206680657347e-09,2.4733614817832403e-09,2.4734022112520775e-09,2.4734428565567e-09,2.473483417781562e-09,2.473523895011082e-09,2.473564288329267e-09,2.4736045978235592e-09,2.4736448235734894e-09,2.4736849656641993e-09,2.4737250241816507e-09,2.4737649992089617e-09,2.473804890829619e-09,2.473844699128473e-09,2.4738844241886002e-09,2.4739240660939723e-09,2.4739636249278388e-09,2.4740031007740037e-09,2.4740424937160225e-09,2.4740818038368226e-09,2.4741210312195847e-09,2.4741601759471265e-09,2.4741992381036205e-09,2.4742382177714975e-09,2.4742771150336157e-09,2.474315929971792e-09,2.4743546626707175e-09,2.4743933132119744e-09,2.4744318816783356e-09,2.4744703681521023e-09,2.4745087727170808e-09,2.474547095453093e-09,2.474585336442099e-09,2.4746234957574487e-09,2.4746615735149816e-09,2.474699569762408e-09,2.4747374845898925e-09,2.474775318082482e-09,2.4748130703218563e-09,2.4748507413878924e-09,2.4748883313623877e-09,2.4749258403280527e-09,2.474963268365686e-09,2.475000615556432e-09,2.475037881981021e-09,2.4750750677218923e-09,2.475112172859419e-09,2.475149197473266e-09,2.475186141646937e-09,2.4752230054597223e-09,2.475259788991878e-09,2.475296492325021e-09,2.4753331155390685e-09,2.4753696587154175e-09,2.47540612193397e-09,2.4754425052748806e-09,2.475478808818221e-09,2.475515032644374e-09,2.475551176833862e-09,2.475587241465664e-09,2.4756232266194674e-09,2.475659132376352e-09,2.475694958814752e-09,2.4757307060151266e-09,2.47576637405836e-09,2.4758019630227596e-09,2.47583747298669e-09,2.4758729040301684e-09,2.4759082562325162e-09,2.475943529673109e-09,2.4759787244307752e-09,2.4760138405846407e-09,2.4760488782135748e-09,2.476083837397798e-09,2.4761187182122567e-09,2.476153520740968e-09,2.4761882451186217e-09,2.4762228912448806e-09,2.476257459377128e-09,2.4762919495361896e-09,2.4763263617976543e-09,2.476360696241006e-09,2.4763949529458217e-09,2.4764291319888288e-09,2.4764632334458426e-09,2.4764972573771324e-09,2.4765312039151942e-09,2.4765650730869223e-09,2.476598864987007e-09,2.4766325796919363e-09,2.476666217277039e-09,2.4766997778235437e-09,2.476733261403231e-09,2.4767666680985903e-09,2.4767999979850686e-09,2.4768332511354723e-09,2.476866427639702e-09,2.4768995275616107e-09,2.4769325509844376e-09,2.4769654979818648e-09,2.476998368632063e-09,2.477031163011286e-09,2.477063881204246e-09,2.4770965232652374e-09,2.4771290892903005e-09,2.477161579352675e-09,2.4771939935243622e-09,2.4772263318852403e-09,2.4772585945075945e-09,2.4772907814693217e-09,2.4773228928464027e-09,2.4773549287145855e-09,2.4773868891512786e-09,2.4774187742289444e-09,2.477450584024816e-09,2.477482318614479e-09,2.4775139780728892e-09,2.4775455624762136e-09,2.477577071898668e-09,2.4776085064179637e-09,2.4776398661082453e-09,2.4776711510425228e-09,2.4777023612979787e-09,2.477733496949172e-09,2.4777645580703506e-09,2.477795544735014e-09,2.4778264570191648e-09,2.4778572949974056e-09,2.477888058745416e-09,2.477918748337617e-09,2.4779493638470414e-09,2.4779799053469246e-09,2.4780103729129293e-09,2.4780407666188403e-09,2.4780710865396913e-09,2.4781013327506186e-09,2.478131505322047e-09,2.4781616043307204e-09,2.4781916298477964e-09,2.4782215819494825e-09,2.4782514607084683e-09,2.478281266198394e-09,2.478310998492878e-09,2.4783406576665346e-09,2.478370243791235e-09,2.478399756940581e-09,2.4784291971854876e-09,2.4784585646003504e-09,2.478487859260481e-09,2.4785170812370003e-09,2.4785462306025658e-09,2.4785753074323593e-09,2.478604311796272e-09,2.47863324376923e-09,2.478662103422937e-09,2.4786908908291124e-09,2.478719606061199e-09,2.4787482491995537e-09,2.4787768202870605e-09,2.4788053194283167e-09,2.4788337466834096e-09,2.4788621021256574e-09,2.4788903858282087e-09,2.4789185978601627e-09,2.478946738295626e-09,2.478974807205287e-09,2.4790028046593755e-09,2.4790307307318663e-09,2.4790585854925692e-09,2.4790863690140443e-09,2.479114081368438e-09,2.4791417226254704e-09,2.4791692928568355e-09,2.479196792134657e-09,2.4792242205290203e-09,2.479251578113349e-09,2.479278864956147e-09,2.479306081128075e-09,2.4793332267011004e-09,2.479360301746798e-09,2.4793873063341604e-09,2.479414240535325e-09,2.479441104419062e-09,2.479467898057627e-09,2.4794946215121358e-09,2.4795212748779323e-09,2.47954785820009e-09,2.4795743715560047e-09,2.4796008150189098e-09,2.479627188657036e-09,2.4796534925421968e-09,2.47967972674196e-09,2.4797058913265e-09,2.4797319863665827e-09,2.479758011931206e-09,2.479783968091349e-09,2.479809854914279e-09,2.4798356724705514e-09,2.4798614208299577e-09,2.4798871000626677e-09,2.4799127102363204e-09,2.47993825141991e-09,2.4799637236845973e-09,2.479989127005084e-09,2.480014461724208e-09,2.4800397276430877e-09,2.4800649249157547e-09,2.4800900536133084e-09,2.4801151138040695e-09,2.4801401055582498e-09,2.4801650289427826e-09,2.4801898840255925e-09,2.480214670864533e-09,2.4802393895618272e-09,2.4802640401535484e-09,2.4802886227168966e-09,2.480313137320542e-09,2.480337584032898e-09,2.48036196292224e-09,2.480386274056682e-09,2.4804105175036317e-09,2.4804346933310715e-09,2.480458801607326e-09,2.480482842398942e-09,2.4805068157742122e-09,2.480530721802306e-09,2.480554560547278e-09,2.480578332078084e-09,2.4806020364628267e-09,2.4806256737614887e-09,2.480649244057564e-09,2.4806727474069756e-09,2.4806961838765677e-09,2.480719553535812e-09,2.480742856450828e-09,2.4807660926896175e-09,2.4807892623174797e-09,2.480812365402767e-09,2.4808354020102624e-09,2.4808583722071714e-09,2.4808812760554322e-09,2.4809041136367768e-09,2.4809268850023646e-09,2.480949590223774e-09,2.4809722293670176e-09,2.4809948024978187e-09,2.4810173096826207e-09,2.4810397509874533e-09,2.481062126478622e-09,2.481084436221953e-09,2.481106680283437e-09,2.4811288587281945e-09,2.4811509716226833e-09,2.4811730190323185e-09,2.4811950010226547e-09,2.481216917658865e-09,2.481238769007249e-09,2.4812605551331524e-09,2.4812822761015004e-09,2.4813039319779216e-09,2.4813255228271644e-09,2.4813470487145272e-09,2.4813685097054524e-09,2.481389905863456e-09,2.4814112372552577e-09,2.4814325039453514e-09,2.481453705998394e-09,2.481474843479132e-09,2.4814959164520455e-09,2.481516924976593e-09,2.4815378691327122e-09,2.4815587489701186e-09,2.481579564557675e-09,2.481600315964115e-09,2.481621003240927e-09,2.4816416264654537e-09,2.481662185697358e-09,2.481682681000777e-09,2.481703112437524e-09,2.481723480079527e-09,2.481743783981778e-09,2.481764024212062e-09,2.481784200832144e-09,2.4818043139072648e-09,2.4818243635018253e-09,2.481844349678743e-09,2.481864272499773e-09,2.4818841320298294e-09,2.481903928332019e-09,2.4819236614698952e-09,2.481943331506336e-09,2.481962938505184e-09,2.481982482529401e-09,2.4820019636421175e-09,2.48202138190601e-09,2.4820407373841813e-09,2.482060030141147e-09,2.4820792602351453e-09,2.482098427734043e-09,2.482117532696939e-09,2.482136575188429e-09,2.48215555527039e-09,2.482174473005419e-09,2.4821933284558956e-09,2.4822121216843786e-09,2.4822308527532275e-09,2.482249521724196e-09,2.482268128660125e-09,2.4822866736231673e-09,2.4823051566751064e-09,2.4823235778774835e-09,2.4823419372929256e-09,2.4823602349826453e-09,2.4823784710091482e-09,2.4823966454338776e-09,2.4824147583187984e-09,2.482432809724205e-09,2.4824507997155393e-09,2.4824687283467633e-09,2.4824865956865223e-09,2.482504401792939e-09,2.482522146728721e-09,2.482539830554822e-09,2.482557453332806e-09,2.4825750151228526e-09,2.4825925159857697e-09,2.4826099559832207e-09,2.482627335175973e-09,2.4826446536249774e-09,2.4826619113908143e-09,2.482679108534723e-09,2.4826962451168503e-09,2.482713321198744e-09,2.48273033684025e-09,2.482747292101352e-09,2.4827641870634936e-09,2.4827810217291867e-09,2.4827977962135806e-09,2.482814510560227e-09,2.482831164830596e-09,2.4828477590792466e-09,2.48286429337243e-09,2.482880767766668e-09,2.482897182324512e-09,2.4829135371044014e-09,2.482929832165583e-09,2.4829460675689853e-09,2.4829622433739857e-09,2.4829783596403884e-09,2.4829944164274985e-09,2.4830104137948946e-09,2.483026351802307e-09,2.48304223050877e-09,2.4830580499738624e-09,2.4830738102569674e-09,2.483089511417691e-09,2.4831051535145294e-09,2.4831207366070354e-09,2.4831362607540074e-09,2.483151726014785e-09,2.4831671324480647e-09,2.4831824801129982e-09,2.4831977690682493e-09,2.4832129993727252e-09,2.4832281710791595e-09,2.4832432842616928e-09,2.4832583389662153e-09,2.4832733352537512e-09,2.4832882731849464e-09,2.483303152813526e-09,2.4833179742030717e-09,2.483332737410141e-09,2.4833474424920415e-09,2.4833620895079677e-09,2.483376678515739e-09,2.4833912095734038e-09,2.4834056827390043e-09,2.4834200980704855e-09,2.483434455626098e-09,2.4834487554625913e-09,2.4834629976387023e-09,2.483477182210118e-09,2.483491309240732e-09,2.483505378782217e-09,2.483519390893221e-09,2.48353334563162e-09,2.4835472430550583e-09,2.483561083220892e-09,2.4835748661861894e-09,2.4835885920085408e-09,2.4836022607446682e-09,2.4836158724523516e-09,2.4836294271885287e-09,2.4836429250101983e-09,2.4836563659741846e-09,2.4836697501373416e-09,2.483683077556832e-09,2.4836963482893236e-09,2.483709562391526e-09,2.483722719920181e-09,2.483735820931844e-09,2.4837488654832423e-09,2.4837618536307243e-09,2.4837747854330515e-09,2.4837876609403688e-09,2.4838004802174754e-09,2.4838132433113e-09,2.483825950285431e-09,2.483838601193987e-09,2.48385119605136e-09,2.483863735037249e-09,2.4838762180875216e-09,2.48388864529395e-09,2.483901016714515e-09,2.4839133324051406e-09,2.4839255924216723e-09,2.4839377968196454e-09,2.483949945655071e-09,2.483962038983292e-09,2.4839740768601742e-09,2.4839860593408326e-09,2.4839979864810075e-09,2.484009858336097e-09,2.484021674963247e-09,2.4840334364120013e-09,2.4840451427432136e-09,2.4840567940104175e-09,2.4840683902687247e-09,2.484079931573339e-09,2.4840914179789446e-09,2.4841028495407537e-09,2.484114226313583e-09,2.4841255483522293e-09,2.484136815711536e-09,2.484148028446282e-09,2.4841591866111814e-09,2.4841702902607608e-09,2.4841813394495967e-09,2.4841923342316316e-09,2.4842032746626013e-09,2.4842141607962713e-09,2.4842249926870855e-09,2.484235770389254e-09,2.4842464939570532e-09,2.484257163444812e-09,2.484267778906314e-09,2.484278340396024e-09,2.484288847967836e-09,2.484299301678493e-09,2.484309701572922e-09,2.4843200477140152e-09,2.4843303401545423e-09,2.484340578945361e-09,2.4843507641414188e-09,2.4843608957959838e-09,2.4843709739636962e-09,2.4843809986966694e-09,2.4843909700494264e-09,2.484400888075093e-09,2.484410752826886e-09,2.4844205643585147e-09,2.4844303227229843e-09,2.4844400279735958e-09,2.484449680163619e-09,2.4844592793460836e-09,2.484468825574027e-09,2.4844783189004032e-09,2.484487759378284e-09,2.4844971470608294e-09,2.4845064820005824e-09,2.4845157642504297e-09,2.4845249938632128e-09,2.484534170891386e-09,2.484543295387812e-09,2.4845523674050675e-09,2.484561386994501e-09,2.484570354210709e-09,2.484579269105257e-09,2.4845881317305104e-09,2.4845969421387515e-09,2.4846057003822307e-09,2.484614406513222e-09,2.4846230605833807e-09,2.48463166264566e-09,2.4846402127524544e-09,2.4846487109540196e-09,2.4846571573039584e-09,2.4846655518536502e-09,2.484673894655058e-09,2.4846821857595047e-09,2.4846904252192663e-09,2.484698613086148e-09,2.4847067494106297e-09,2.4847148342464566e-09,2.4847228676439198e-09,2.4847308496545547e-09,2.4847387803358376e-09,2.4847466597218524e-09,2.48475448788018e-09,2.4847622648573263e-09,2.484769990704877e-09,2.4847776654736304e-09,2.484785289215363e-09,2.484792861978832e-09,2.4848003838174567e-09,2.4848078547815584e-09,2.4848152749222813e-09,2.4848226442903115e-09,2.4848299629363954e-09,2.4848372309114713e-09,2.484844448264907e-09,2.4848516150637545e-09,2.4848587313175858e-09,2.4848657971147355e-09,2.484872812494521e-09,2.484879777506724e-09,2.4848866922021132e-09,2.4848935566308704e-09,2.4849003708434547e-09,2.4849071348899825e-09,2.484913848820979e-09,2.484920512686217e-09,2.4849271265360694e-09,2.484933690420601e-09,2.4849402043898247e-09,2.484946668493861e-09,2.4849530827824187e-09,2.484959447305569e-09,2.484965762113109e-09,2.4849720272547365e-09,2.4849782427802937e-09,2.484984408749395e-09,2.4849905251824755e-09,2.484996592157267e-09,2.4850026097147367e-09,2.485008577903934e-09,2.48501449677448e-09,2.485020366375843e-09,2.485026186757139e-09,2.4850319579676744e-09,2.4850376800566345e-09,2.4850433530764e-09,2.4850489770672835e-09,2.4850545520867964e-09,2.4850600781813806e-09,2.4850655554000135e-09,2.4850709837916046e-09,2.485076363405077e-09,2.4850816942894585e-09,2.4850869764930536e-09,2.4850922100650167e-09,2.4850973950539827e-09,2.48510253150866e-09,2.485107619471439e-09,2.4851126590076324e-09,2.4851176501506067e-09,2.485122592953246e-09,2.485127487464081e-09,2.4851323337315812e-09,2.4851371318039533e-09,2.4851418817295375e-09,2.485146583556527e-09,2.485151237333101e-09,2.485155843107441e-09,2.4851604009274955e-09,2.485164910841416e-09,2.485169372897155e-09,2.485173787142663e-09,2.4851781536270577e-09,2.485182472394295e-09,2.4851867434961696e-09,2.485190966979083e-09,2.4851951428906686e-09,2.485199271278687e-09,2.4852033521905996e-09,2.4852073856741416e-09,2.4852113717767083e-09,2.485215310545732e-09,2.4852192020291046e-09,2.485223046273192e-09,2.4852268433261128e-09,2.485230593234954e-09,2.4852342960471676e-09,2.485237951966303e-09,2.4852415605665103e-09,2.4852451223666932e-09,2.4852486372612182e-09,2.485252105296126e-09,2.4852555265155715e-09,2.4852589009501938e-09,2.485262228698688e-09,2.485265509757792e-09,2.4852687441881294e-09,2.4852719320379747e-09,2.4852750733537795e-09,2.4852781681826265e-09,2.485281216570884e-09,2.48528421856504e-09,2.4852871742115887e-09,2.485290083557019e-09,2.4852929466476065e-09,2.4852957635298525e-09,2.4852985342499567e-09,2.485301258854197e-09,2.4853039373887962e-09,2.48530656989767e-09,2.4853091564333456e-09,2.4853116970297153e-09,2.4853141917500878e-09,2.4853166406283473e-09,2.4853190437122825e-09,2.485321401048656e-09,2.4853237126834604e-09,2.4853259786624374e-09,2.485328199031328e-09,2.485330373835815e-09,2.4853325031215618e-09,2.485334586934254e-09,2.4853366253193635e-09,2.4853386183225076e-09,2.485340565989038e-09,2.4853424683644642e-09,2.4853443254941467e-09,2.4853461374244037e-09,2.4853479041985757e-09,2.485349625863084e-09,2.485351302463063e-09,2.485352934048036e-09,2.485354520649633e-09,2.4853560623261477e-09,2.4853575591185916e-09,2.4853590110717346e-09,2.4853604182305262e-09,2.4853617806399055e-09,2.485363098344637e-09,2.485364371389531e-09,2.4853655997999413e-09,2.4853667836787396e-09,2.485367923012789e-09,2.485369017865783e-09,2.4853700682821938e-09,2.4853710743068404e-09,2.4853720359840163e-09,2.4853729533582422e-09,2.4853738264739933e-09,2.485374655375494e-09,2.4853754401071463e-09,2.485376180713213e-09,2.4853768772379076e-09,2.4853775297254545e-09,2.4853781382199672e-09,2.4853787027655935e-09,2.485379223406318e-09,2.48537970018807e-09,2.48538013314933e-09,2.4853805223376457e-09,2.485380867800842e-09,2.4853811695766717e-09,2.4853814276748887e-09,2.4853816422168017e-09,2.4853818132294686e-09,2.485381940702812e-09,2.485382024708413e-09,2.4853820652904702e-09,2.4853820624931464e-09,2.485382016359889e-09,2.4853819269339567e-09,2.4853817942587996e-09,2.4853816183785975e-09,2.485381399334529e-09,2.4853811371620335e-09,2.4853808319343202e-09,2.485380483659413e-09,2.485380092397637e-09,2.4853796581896024e-09,2.485379181078132e-09,2.485378661106159e-09,2.4853780983166537e-09,2.485377492752653e-09,2.4853768444568867e-09,2.485376153472186e-09,2.485375419841678e-09,2.4853746436078484e-09,2.485373824813477e-09,2.4853729635212942e-09,2.4853720597142022e-09,2.4853711134936555e-09,2.485370124881935e-09,2.4853690939290446e-09,2.48536802066444e-09,2.4853669051639383e-09,2.4853657473934227e-09,2.4853645474700826e-09,2.4853633054110152e-09,2.4853620212530195e-09,2.485360695048327e-09,2.485359326835032e-09,2.4853579166549325e-09,2.4853564645502115e-09,2.48535497056281e-09,2.4853534347347993e-09,2.4853518571081604e-09,2.48535023769723e-09,2.4853485766264355e-09,2.4853468738557058e-09,2.485345129453268e-09,2.4853433434610234e-09,2.4853415159216143e-09,2.4853396468758736e-09,2.485337736365674e-09,2.4853357844325493e-09,2.485333791118125e-09,2.4853317564640102e-09,2.485329680511586e-09,2.4853275633022485e-09,2.485325404877363e-09,2.4853232052784513e-09,2.4853209645467194e-09,2.485318682723382e-09,2.485316359849794e-09,2.485313995967049e-09,2.4853115911163032e-09,2.4853091453386918e-09,2.4853066586751664e-09,2.4853041311669406e-09,2.4853015628549113e-09,2.485298953789377e-09,2.485296303982719e-09,2.4852936135035536e-09,2.4852908823849437e-09,2.485288110666944e-09,2.4852852983896456e-09,2.485282445595136e-09,2.485279552322988e-09,2.4852766186140938e-09,2.4852736445090642e-09,2.4852706300484386e-09,2.485267575272669e-09,2.4852644802221508e-09,2.485261344937441e-09,2.485258169458853e-09,2.4852549538269567e-09,2.4852516980816457e-09,2.485248402263166e-09,2.4852450664118188e-09,2.4852416905682974e-09,2.4852382747722878e-09,2.485234819063898e-09,2.485231323483261e-09,2.48522778807067e-09,2.48522421286555e-09,2.4852205979081128e-09,2.4852169432383433e-09,2.4852132488959452e-09,2.485209514920844e-09,2.4852057413527323e-09,2.485201928231469e-09,2.4851980755968036e-09,2.485194183488473e-09,2.485190251945748e-09,2.485186281008278e-09,2.4851822707160504e-09,2.485178221108256e-09,2.485174132224499e-09,2.485170004104125e-09,2.485165836786525e-09,2.485161630310966e-09,2.485157384716965e-09,2.485153100043611e-09,2.4851487763301783e-09,2.485144413616147e-09,2.4851400119404745e-09,2.485135571341652e-09,2.4851310918599088e-09,2.4851265735338913e-09,2.4851220164022984e-09,2.4851174205043948e-09,2.4851127858789975e-09,2.4851081125650217e-09,2.485103400601364e-09,2.4850986500267858e-09,2.4850938608800275e-09,2.4850890331998355e-09,2.4850841670251103e-09,2.485079262394154e-09,2.4850743193459568e-09,2.4850693379190075e-09,2.485064318150618e-09,2.4850592600824725e-09,2.485054163750166e-09,2.485049029192851e-09,2.4850438564491653e-09,2.485038645557433e-09,2.4850333965559697e-09,2.4850281094829965e-09,2.4850227843768667e-09,2.4850174212728567e-09,2.4850120202178713e-09,2.4850065812387207e-09,2.4850011043837933e-09,2.4849955896843495e-09,2.4849900371908106e-09,2.4849844469096003e-09,2.4849788189078444e-09,2.4849731532190876e-09,2.484967449875812e-09,2.484961708917632e-09,2.4849559303822566e-09,2.4849501143075526e-09,2.4849442607357505e-09,2.4849383696908357e-09,2.4849324412239867e-09,2.4849264753683995e-09,2.48492047216165e-09,2.484914431641312e-09,2.484908353844825e-09,2.4849022388097363e-09,2.4848960865732754e-09,2.4848898971729718e-09,2.4848836706461536e-09,2.4848774070301367e-09,2.4848711063621723e-09,2.4848647686612983e-09,2.4848583940170956e-09,2.4848519824173864e-09,2.4848455339131407e-09,2.4848390485442035e-09,2.4848325263452864e-09,2.4848259673545883e-09,2.484819371608909e-09,2.4848127391450915e-09,2.484806070000091e-09,2.48479936421069e-09,2.484792621814099e-09,2.484785842846889e-09,2.4847790273459478e-09,2.4847721753478296e-09,2.48476528688923e-09,2.484758362007238e-09,2.484751400737268e-09,2.4847444031171387e-09,2.484737369182812e-09,2.4847302989712814e-09,2.484723192518753e-09,2.484716049861661e-09,2.4847088710363857e-09,2.484701656076213e-09,2.4846944050251787e-09,2.4846871179137773e-09,2.484679794778837e-09,2.4846724356579445e-09,2.484665040584619e-09,2.484657609600027e-09,2.484650142735948e-09,2.4846426400295684e-09,2.4846351015174226e-09,2.484627527240092e-09,2.4846199172174534e-09,2.484612271504231e-09,2.484604590127453e-09,2.4845968731261043e-09,2.4845891205283552e-09,2.4845813323825317e-09,2.484573508715554e-09,2.4845656495654263e-09,2.4845577549678566e-09,2.4845498249584578e-09,2.4845418595729364e-09,2.4845338588469157e-09,2.4845258228158724e-09,2.4845177515153578e-09,2.4845096449808194e-09,2.4845015032477054e-09,2.4844933263514793e-09,2.4844851143272137e-09,2.484476867205045e-09,2.484468585040699e-09,2.4844602678407663e-09,2.4844519156586397e-09,2.4844435285253727e-09,2.4844351064790814e-09,2.484426649545352e-09,2.4844181577689426e-09,2.4844096311816766e-09,2.4844010698187443e-09,2.4843924737148354e-09,2.4843838429051065e-09,2.484375177425439e-09,2.484366477308861e-09,2.4843577425912154e-09,2.4843489733071026e-09,2.484340169491651e-09,2.48433133117939e-09,2.48432245840161e-09,2.4843135511918485e-09,2.4843046096148852e-09,2.4842956336635697e-09,2.4842866233883664e-09,2.484277578824205e-09,2.484268500005407e-09,2.4842593869669337e-09,2.4842502397342118e-09,2.4842410583681723e-09,2.484231842876949e-09,2.4842225933030526e-09,2.484213309681356e-09,2.4842039920460056e-09,2.4841946404312538e-09,2.4841852548712174e-09,2.4841758354002782e-09,2.484166382052671e-09,2.484156894862217e-09,2.4841473738623218e-09,2.4841378190884832e-09,2.4841282305742184e-09,2.4841186083512414e-09,2.4841089524602826e-09,2.4840992629281066e-09,2.4840895397913522e-09,2.4840797830849033e-09,2.4840699928385264e-09,2.4840601690792875e-09,2.4840503118720932e-09,2.4840404212181035e-09,2.4840304971601346e-09,2.4840205397377815e-09,2.4840105489777646e-09,2.4840005249178095e-09,2.4839904675893815e-09,2.483980377026863e-09,2.4839702532634737e-09,2.4839600963320762e-09,2.4839499062684213e-09,2.483939683102891e-09,2.4839294268699654e-09,2.483919137603955e-09,2.483908815337307e-09,2.483898460103728e-09,2.483888071927268e-09,2.483877650868944e-09,2.4838671969342325e-09,2.483856710162913e-09,2.4838461905911898e-09,2.4838356382509287e-09,2.4838250531753294e-09,2.483814435397438e-09,2.483803784950192e-09,2.483793101866468e-09,2.483782386179227e-09,2.483771637921343e-09,2.4837608571256415e-09,2.483750043824353e-09,2.483739198058594e-09,2.483728319838587e-09,2.4837174092191668e-09,2.4837064662335965e-09,2.4836954908914703e-09,2.4836844832477546e-09,2.4836734433286835e-09,2.4836623711643883e-09,2.483651266789628e-09,2.4836401302475626e-09,2.4836289615397714e-09,2.483617760722825e-09,2.483606527827615e-09,2.483595262883578e-09,2.483583965922264e-09,2.4835726369769912e-09,2.483561276079609e-09,2.4835498832622833e-09,2.4835384585561844e-09,2.4835270019967882e-09,2.48351551361265e-09,2.483503993437208e-09,2.4834924415024476e-09,2.4834808578405006e-09,2.483469242483627e-09,2.4834575954630823e-09,2.483445916811239e-09,2.4834342065608187e-09,2.483422464742292e-09,2.48341069138807e-09,2.483398886530192e-09,2.483387050200226e-09,2.483375182430119e-09,2.483363283250584e-09,2.4833513526949843e-09,2.4833393907942913e-09,2.4833273975801786e-09,2.4833153730869002e-09,2.483303317339715e-09,2.4832912303752653e-09,2.483279112222744e-09,2.4832669629147073e-09,2.4832547824822944e-09,2.4832425708829676e-09,2.4832303283687547e-09,2.483218054753638e-09,2.4832057501699613e-09,2.4831934145544677e-09,2.4831810480347397e-09,2.483168650610487e-09,2.483156222299935e-09,2.4831437631706916e-09,2.4831312732183595e-09,2.4831187524854404e-09,2.483106201003269e-09,2.4830936188027706e-09,2.483081005958371e-09,2.483068362368967e-09,2.4830556882020306e-09,2.4830429834385346e-09,2.4830302481114597e-09,2.4830174822517795e-09,2.4830046859012607e-09,2.4829918590656287e-09,2.4829790017877947e-09,2.4829661141061787e-09,2.4829531958327217e-09,2.482940247630535e-09,2.482927268910739e-09,2.482914259897648e-09,2.4829012206278324e-09,2.4828881511323843e-09,2.482875051442435e-09,2.48286192158825e-09,2.482848761600081e-09,2.4828355715086492e-09,2.4828223513441952e-09,2.482809101137125e-09,2.482795820917841e-09,2.4827825107161893e-09,2.4827691705636933e-09,2.482755800489363e-09,2.4827424005240268e-09,2.4827289706973103e-09,2.4827155110394053e-09,2.4827020215827642e-09,2.4826885023548304e-09,2.482674953386069e-09,2.4826613747073723e-09,2.482647766342562e-09,2.482634128340305e-09,2.4826204607107535e-09,2.4826067634909826e-09,2.482593036712595e-09,2.482579280401027e-09,2.482565494588797e-09,2.4825516793064437e-09,2.482537834583335e-09,2.4825239604485863e-09,2.4825100569337186e-09,2.482496124067706e-09,2.482482161874997e-09,2.482468170392031e-09,2.4824541496467628e-09,2.482440099668277e-09,2.4824260204859766e-09,2.4824119121291814e-09,2.4823977746281787e-09,2.482383608012074e-09,2.4823694123104127e-09,2.4823551875521773e-09,2.482340933767392e-09,2.482326650985247e-09,2.4823123392355337e-09,2.482297998546278e-09,2.4822836289471526e-09,2.4822692304680697e-09,2.482254803137065e-09,2.4822403469672366e-09,2.4822258620243316e-09,2.4822113483298746e-09,2.482196805823978e-09,2.4821822347354237e-09,2.4821676349045767e-09,2.4821530064388672e-09,2.4821383493480495e-09,2.4821236636683544e-09,2.48210894942762e-09,2.4820942066564144e-09,2.4820794353825006e-09,2.4820646356347975e-09,2.4820498074423037e-09,2.482034950833578e-09,2.482020065838073e-09,2.4820051524840646e-09,2.4819902108000478e-09,2.4819752408142626e-09,2.4819602425578466e-09,2.4819452160562484e-09,2.4819301613397263e-09,2.4819150784364657e-09,2.481899967375117e-09,2.4818848281838935e-09,2.4818696608920646e-09,2.481854465527449e-09,2.4818392421185433e-09,2.481823990693922e-09,2.481808711281994e-09,2.4817934039109242e-09,2.481778068609319e-09,2.481762705405587e-09,2.481747314327071e-09,2.4817318954028466e-09,2.4817164486609055e-09,2.481700974129564e-09,2.481685471836601e-09,2.48166994181019e-09,2.4816543840788744e-09,2.4816387986707577e-09,2.4816231856121033e-09,2.4816075449339916e-09,2.481591876662933e-09,2.4815761808266297e-09,2.4815604574544106e-09,2.4815447065720103e-09,2.481528928208101e-09,2.4815131223912914e-09,2.481497289130978e-09,2.481481428511292e-09,2.481465540506736e-09,2.481449625155559e-09,2.481433682489541e-09,2.4814177125366633e-09,2.481401715324623e-09,2.4813856908811255e-09,2.4813696392335234e-09,2.48135356043106e-09,2.4813374544383443e-09,2.481321321344689e-09,2.481305161157814e-09,2.481288973907639e-09,2.4812727596115415e-09,2.4812565183081096e-09,2.4812402500205133e-09,2.4812239547763264e-09,2.48120763260284e-09,2.4811912835277447e-09,2.4811749075778565e-09,2.481158504780692e-09,2.4811420751635545e-09,2.481125618753929e-09,2.4811091355781814e-09,2.4810926256639094e-09,2.4810760890383298e-09,2.4810595257284136e-09,2.4810429357614465e-09,2.4810263191646603e-09,2.4810096759645557e-09,2.480993006188329e-09,2.480976309863242e-09,2.4809595870408752e-09,2.4809428376482004e-09,2.4809260618676905e-09,2.4809092596081963e-09,2.4808924309420077e-09,2.4808755758874937e-09,2.4808586944718002e-09,2.48084178672201e-09,2.4808248526649993e-09,2.4808078923272563e-09,2.48079090573534e-09,2.480773892916181e-09,2.480756853895945e-09,2.4807397887017818e-09,2.4807226973576035e-09,2.4807055798975172e-09,2.4806884363401217e-09,2.4806712666996146e-09,2.480654071047118e-09,2.4806368493638287e-09,2.480619601695681e-09,2.480602328062431e-09,2.4805850284943137e-09,2.4805677030166313e-09,2.4805503516556737e-09,2.4805329744382906e-09,2.480515571388103e-09,2.480498142537272e-09,2.4804806879070123e-09,2.480463207524823e-09,2.4804457014163916e-09,2.480428169609051e-09,2.4804106121281597e-09,2.480393029000065e-09,2.480375420250689e-09,2.4803577859061593e-09,2.4803401259919924e-09,2.480322440536786e-09,2.4803047295626746e-09,2.48028699309746e-09,2.480269231166855e-09,2.4802514437969416e-09,2.4802336310130862e-09,2.480215792853622e-09,2.480197929320534e-09,2.480180040442698e-09,2.4801621262520087e-09,2.4801441868010936e-09,2.480126222080195e-09,2.480108232125087e-09,2.480090216962107e-09,2.4800721766171927e-09,2.4800541111159054e-09,2.480036020483612e-09,2.4800179047450257e-09,2.4799997639284837e-09,2.4799815980559354e-09,2.4799634071566612e-09,2.479945191255918e-09,2.4799269503750015e-09,2.479908684542846e-09,2.4798903937838667e-09,2.4798720781218515e-09,2.4798537375854337e-09,2.479835372198332e-09,2.4798169819853265e-09,2.4797985669724885e-09,2.479780127184897e-09,2.479761662646614e-09,2.4797431733846e-09,2.4797246594233226e-09,2.479706120787848e-09,2.479687557502787e-09,2.4796689695943537e-09,2.4796503570870303e-09,2.479631720005667e-09,2.4796130583751214e-09,2.4795943722212855e-09,2.47957566156844e-09,2.479556926442115e-09,2.4795381668664386e-09,2.4795193828686105e-09,2.479500574469083e-09,2.479481741696306e-09,2.479462884574431e-09,2.4794440031273886e-09,2.4794250973807554e-09,2.479406167358931e-09,2.4793872130869845e-09,2.4793682344527514e-09,2.4793492318936536e-09,2.4793302050230394e-09,2.4793111539734557e-09,2.4792920787935387e-09,2.4792729795587114e-09,2.4792538562230147e-09,2.4792347088317948e-09,2.4792155374309417e-09,2.4791963419953157e-09,2.4791771225940195e-09,2.4791578792377444e-09,2.4791386119495398e-09,2.479119320755745e-09,2.4791000056801387e-09,2.4790806667467594e-09,2.479061303980133e-09,2.479041917404337e-09,2.4790225070436935e-09,2.4790030729224647e-09,2.4789836150648598e-09,2.478964133495102e-09,2.478944628237241e-09,2.4789250993155522e-09,2.478905546754624e-09,2.4788859705797435e-09,2.4788663708103536e-09,2.478846747475101e-09,2.478827100596751e-09,2.4788074301989977e-09,2.4787877363054596e-09,2.478768018941217e-09,2.478748278240604e-09,2.4787285139019888e-09,2.4787087262655893e-09,2.478688915256227e-09,2.4786690808947544e-09,2.4786492232053862e-09,2.478629342213114e-09,2.478609437935255e-09,2.478589510409448e-09,2.478569559645109e-09,2.478549585672651e-09,2.478529588514958e-09,2.478509568195996e-09,2.4784895247384646e-09,2.478469458166477e-09,2.478449368503824e-09,2.478429255773715e-09,2.478409120000472e-09,2.4783889612057337e-09,2.4783687794167834e-09,2.4783485746537246e-09,2.4783283469408213e-09,2.478308096301397e-09,2.4782878227570566e-09,2.478267526336633e-09,2.478247207059729e-09,2.4782268649502497e-09,2.478206500031355e-09,2.478186112327146e-09,2.4781657018596863e-09,2.4781452686530232e-09,2.4781248127301624e-09,2.4781043341144088e-09,2.4780838328295194e-09,2.4780633088973282e-09,2.4780427623402554e-09,2.4780221931840975e-09,2.4780016014510444e-09,2.4779809871646253e-09,2.4779603503530577e-09,2.4779396910212482e-09,2.4779190092101256e-09,2.4778983049374975e-09,2.477877578226064e-09,2.477856829098526e-09,2.4778360575778373e-09,2.4778152636870538e-09,2.477794447451001e-09,2.477773608888707e-09,2.477752747984764e-09,2.4777318648756994e-09,2.477710959469146e-09,2.4776900318416977e-09,2.4776690820007102e-09,2.4776481099705744e-09,2.4776271157750706e-09,2.477606099436416e-09,2.4775850609807163e-09,2.477564000426379e-09,2.4775429178132507e-09,2.477521813118583e-09,2.477500686402677e-09,2.477479537692984e-09,2.477458366993812e-09,2.477437174332894e-09,2.4774159597328175e-09,2.4773947232163344e-09,2.477373464805565e-09,2.477352184523621e-09,2.477330882391977e-09,2.4773095584332307e-09,2.4772882126701447e-09,2.477266845122517e-09,2.4772454558173322e-09,2.4772240447743426e-09,2.4772026120164694e-09,2.4771811575652995e-09,2.477159681442722e-09,2.47713818367199e-09,2.477116664274754e-09,2.477095123273783e-09,2.4770735606907803e-09,2.477051976547326e-09,2.4770303708656766e-09,2.4770087436677437e-09,2.476987094976848e-09,2.4769654248143668e-09,2.476943733196066e-09,2.476922020159836e-09,2.4769002857151273e-09,2.476878529885038e-09,2.4768567526928016e-09,2.47683495421838e-09,2.47681313431654e-09,2.476791293171828e-09,2.4767694307496792e-09,2.476747547078929e-09,2.4767256421757534e-09,2.476703716063381e-09,2.4766817687637567e-09,2.4766598002984703e-09,2.476637810702856e-09,2.4766157999588643e-09,2.4765937681264074e-09,2.4765717152162702e-09,2.476549641249039e-09,2.4765275463054677e-09,2.4765054302336234e-09,2.47648329322122e-09,2.476461135241485e-09,2.4764389563131506e-09,2.47641675645621e-09,2.476394535693807e-09,2.4763722940471696e-09,2.4763500315367063e-09,2.4763277481839543e-09,2.4763054440106485e-09,2.476283119038486e-09,2.476260773288361e-09,2.476238406782053e-09,2.4762160195408875e-09,2.4761936115857806e-09,2.4761711829380728e-09,2.4761487336189118e-09,2.476126263650272e-09,2.4761037730529857e-09,2.4760812618656403e-09,2.4760587300513834e-09,2.4760361776968297e-09,2.476013604795579e-09,2.475991011370635e-09,2.475968397439565e-09,2.4759457630378684e-09,2.4759231081734713e-09,2.4759004328653476e-09,2.475877737148127e-09,2.47585502102984e-09,2.475832284535131e-09,2.4758095276868636e-09,2.4757867505022368e-09,2.4757639530062665e-09,2.4757411352044453e-09,2.4757182971590818e-09,2.4756954388501896e-09,2.4756725602967335e-09,2.4756496615606197e-09,2.4756267426266872e-09,2.4756038035236153e-09,2.4755808442742067e-09,2.475557864899581e-09,2.4755348654196954e-09,2.4755118458236772e-09,2.4754888062268346e-09,2.475465746558574e-09,2.4754426668660716e-09,2.475419567171663e-09,2.4753964474962364e-09,2.4753733078608323e-09,2.47535014828487e-09,2.475326968789502e-09,2.4753037693956155e-09,2.475280550123401e-09,2.4752573109927034e-09,2.4752340520247553e-09,2.4752107732404495e-09,2.4751874746593803e-09,2.4751641563016716e-09,2.4751408181885023e-09,2.4751174603400054e-09,2.4750940827761132e-09,2.475070685510829e-09,2.4750472685848847e-09,2.4750238319963995e-09,2.4750003757769202e-09,2.4749768999422805e-09,2.474953404513404e-09,2.4749298895124105e-09,2.4749063549570616e-09,2.4748828008687354e-09,2.474859227267517e-09,2.474835634173825e-09,2.474812021590445e-09,2.474788389582801e-09,2.474764738130158e-09,2.47474106726531e-09,2.4747173770082703e-09,2.4746936673802986e-09,2.4746699384020176e-09,2.4746461900846703e-09,2.474622422386397e-09,2.474598635535066e-09,2.474574829376657e-09,2.474551003904031e-09,2.4745271592249734e-09,2.4745032953350698e-09,2.4744794122513197e-09,2.474455509993731e-09,2.4744315885831984e-09,2.474407648036384e-09,2.4743836883772565e-09,2.4743597096236538e-09,2.474335711794641e-09,2.4743116949108975e-09,2.4742876589919287e-09,2.4742636040578722e-09,2.474239530127498e-09,2.474215437220646e-09,2.4741913253559885e-09,2.474167194554984e-09,2.47414304483669e-09,2.4741188762191006e-09,2.4740946887232902e-09,2.4740704823688298e-09,2.4740462571729205e-09,2.4740220131586712e-09,2.4739977503440654e-09,2.4739734687482613e-09,2.473949168390413e-09,2.473924849289354e-09,2.473900511465932e-09,2.473876154937993e-09,2.4738517797253655e-09,2.473827385849148e-09,2.4738029733304803e-09,2.473778542149478e-09,2.473754092420836e-09,2.4737296240772914e-09,2.473705137164533e-09,2.473680631700364e-09,2.4736561077077507e-09,2.4736315652038824e-09,2.4736070042079505e-09,2.473582424738984e-09,2.4735578268425543e-09,2.473533210460384e-09,2.473508575685724e-09,2.4734839225156797e-09,2.4734592509568726e-09,2.473434561057411e-09,2.4734098528113532e-09,2.473385126245392e-09,2.4733603813778023e-09,2.4733356182248646e-09,2.473310836811038e-09,2.473286037136881e-09,2.4732612192669507e-09,2.473236383176179e-09,2.4732115288957924e-09,2.4731866564467653e-09,2.473161765847482e-09,2.4731368571166098e-09,2.473111930272415e-09,2.4730869853339877e-09,2.473062022318848e-09,2.4730370412487553e-09,2.4730120421409245e-09,2.4729870250121823e-09,2.4729619898844827e-09,2.4729369367748546e-09,2.4729118657245956e-09,2.4728867766829977e-09,2.472861669738843e-09,2.4728365448873096e-09,2.472811402147245e-09,2.4727862415367948e-09,2.472761063074251e-09,2.472735866778469e-09,2.4727106526665346e-09,2.4726854207593195e-09,2.4726601710746496e-09,2.4726349036297888e-09,2.4726096184447827e-09,2.4725843155367753e-09,2.4725589949250018e-09,2.4725336566260565e-09,2.472508300661122e-09,2.4724829270448465e-09,2.472457535799941e-09,2.4724321269422054e-09,2.4724067004905387e-09,2.4723812564629504e-09,2.472355794877703e-09,2.4723303157530385e-09,2.4723048191069367e-09,2.4722793049528476e-09,2.472253773323298e-09,2.472228224223014e-09,2.4722026576835296e-09,2.472177073694197e-09,2.4721514723015847e-09,2.472125853513075e-09,2.4721002173259095e-09,2.4720745638286594e-09,2.472048892967789e-09,2.472023204752749e-09,2.471997499296082e-09,2.4719717765241273e-09,2.471946036482781e-09,2.4719202791909457e-09,2.4718945046670424e-09,2.471868712928882e-09,2.471842903994278e-09,2.4718170778806724e-09,2.4717912346066554e-09,2.4717653741904596e-09,2.4717394966483128e-09,2.471713601999405e-09,2.471687690262447e-09,2.4716617614522915e-09,2.471635815587944e-09,2.4716098526876325e-09,2.4715838727694267e-09,2.4715578758365962e-09,2.4715318619467643e-09,2.4715058310793157e-09,2.4714797832644274e-09,2.47145371851891e-09,2.471427636861575e-09,2.4714015383093216e-09,2.4713754228798166e-09,2.4713492905904917e-09,2.4713231414591123e-09,2.47129697550331e-09,2.471270792754904e-09,2.4712445931884498e-09,2.4712183768636577e-09,2.471192143784687e-09,2.4711658939686318e-09,2.471139627432776e-09,2.4711133441944846e-09,2.47108704427227e-09,2.4710607276820068e-09,2.471034394441722e-09,2.471008044569041e-09,2.4709816780813985e-09,2.4709552949951847e-09,2.470928895328947e-09,2.4709024791123675e-09,2.470876046326152e-09,2.470849597023963e-09,2.4708231312061373e-09,2.4707966488954574e-09,2.470770150107218e-09,2.470743634859015e-09,2.4707171031678327e-09,2.47069055505072e-09,2.470663990553904e-09,2.470637409612365e-09,2.470610812316141e-09,2.4705841986674253e-09,2.470557568677625e-09,2.4705309223652904e-09,2.470504259746506e-09,2.470477580839258e-09,2.470450885659565e-09,2.470424174224806e-09,2.4703974465523303e-09,2.470370702658808e-09,2.470343942579319e-09,2.470317166276088e-09,2.470290373819428e-09,2.4702635652098993e-09,2.470236740464295e-09,2.470209899605168e-09,2.470183042635088e-09,2.47015616958859e-09,2.4701292804583103e-09,2.470102375282512e-09,2.4700754540701976e-09,2.4700485168397414e-09,2.4700215636068574e-09,2.469994594391689e-09,2.4699676092036854e-09,2.4699406080648816e-09,2.469913590990818e-09,2.4698865578781573e-09,2.469859509095594e-09,2.4698324443147007e-09,2.469805363659614e-09,2.469778267162387e-09,2.469751154825773e-09,2.4697240266684866e-09,2.4696968827086567e-09,2.4696697229635514e-09,2.4696425474485165e-09,2.4696153561807342e-09,2.4695881491765568e-09,2.4695609264528954e-09,2.469533688025279e-09,2.4695064339107727e-09,2.469479164125554e-09,2.469451878686746e-09,2.469424577606475e-09,2.469397260909449e-09,2.469369928604919e-09,2.469342580712342e-09,2.469315217246358e-09,2.4692878382253255e-09,2.469260443664636e-09,2.4692330335809114e-09,2.469205607990115e-09,2.4691781669078552e-09,2.4691507103509818e-09,2.469123238338168e-09,2.469095750880156e-09,2.469068247996405e-09,2.469040729702735e-09,2.4690131960152908e-09,2.4689856469503075e-09,2.4689580825238536e-09,2.4689305027520115e-09,2.4689029076508724e-09,2.4688752972365877e-09,2.468847671524862e-09,2.4688200305324285e-09,2.4687923742749258e-09,2.4687647027684175e-09,2.468737016028888e-09,2.46870931407639e-09,2.468681596915036e-09,2.468653864572286e-09,2.46862611706209e-09,2.468598354396847e-09,2.46857057659313e-09,2.4685427836713413e-09,2.4685149756345713e-09,2.468487152537915e-09,2.4684593143465893e-09,2.4684314611031353e-09,2.4684035928053797e-09,2.46837570948681e-09,2.4683478111580752e-09,2.468319897827991e-09,2.468291969524361e-09,2.468264026270762e-09,2.4682360680560708e-09,2.4682080949096814e-09,2.4681801068471282e-09,2.4681521038842783e-09,2.4681240860367487e-09,2.4680960533229088e-09,2.468068005748197e-09,2.4680399433400422e-09,2.4680118660968646e-09,2.4679837740734952e-09,2.4679556672449676e-09,2.4679275456414818e-09,2.4678994092780853e-09,2.4678712581828346e-09,2.46784309233457e-09,2.467814911784221e-09,2.467786716536423e-09,2.4677585066069878e-09,2.4677302820091925e-09,2.4677020427614867e-09,2.467673788877876e-09,2.4676455203722447e-09,2.467617237261781e-09,2.467588939561427e-09,2.4675606272867275e-09,2.467532300451462e-09,2.4675039590735e-09,2.4674756031672312e-09,2.4674472327504653e-09,2.4674188478320045e-09,2.4673904484318192e-09,2.4673620345648725e-09,2.4673336062439728e-09,2.467305163490824e-09,2.467276706313982e-09,2.4672482347103865e-09,2.4672197487544426e-09,2.4671912484041383e-09,2.4671627336924614e-09,2.4671342046348485e-09,2.467105661246659e-09,2.467077103543385e-09,2.4670485315397503e-09,2.4670199452507702e-09,2.466991344698994e-09,2.4669627298877647e-09,2.4669341008272364e-09,2.466905457548325e-09,2.466876800059593e-09,2.4668481283710867e-09,2.4668194425055325e-09,2.4667907424779414e-09,2.4667620282982835e-09,2.466733299983922e-09,2.466704557549404e-09,2.466675801009677e-09,2.466647030379569e-09,2.466618245639738e-09,2.4665894469071792e-09,2.4665606339910715e-09,2.466531807250004e-09,2.4665029663928543e-09,2.4664741115324253e-09,2.4664452426868375e-09,2.4664163598424942e-09,2.4663874630491073e-09,2.4663585523686603e-09,2.4663296277281905e-09,2.466300689187118e-09,2.466271736717053e-09,2.4662427703784923e-09,2.4662137901718414e-09,2.46618479611857e-09,2.466155788236043e-09,2.4661267664937025e-09,2.466097730935041e-09,2.4660686816294787e-09,2.4660396185212367e-09,2.466010541646777e-09,2.4659814510187096e-09,2.465952346655236e-09,2.46592322856924e-09,2.4658940967760848e-09,2.4658649512890724e-09,2.4658357921233006e-09,2.465806619292998e-09,2.4657774328142046e-09,2.465748232699084e-09,2.465719018963093e-09,2.465689791622064e-09,2.4656605506878686e-09,2.4656312961761573e-09,2.465602028102643e-09,2.465572746478993e-09,2.465543451320982e-09,2.4655141426427857e-09,2.4654848204595733e-09,2.465455484788249e-09,2.465426135632888e-09,2.4653967730196374e-09,2.465367396966551e-09,2.4653380074603993e-09,2.465308604542596e-09,2.465279188219643e-09,2.4652497585057033e-09,2.4652203154144826e-09,2.465190858959577e-09,2.4651613891566066e-09,2.465131906012715e-09,2.465102409561416e-09,2.4650728997977735e-09,2.4650433767447235e-09,2.4650138404057086e-09,2.464984290806227e-09,2.464954727957008e-09,2.464925151868152e-09,2.46489556256525e-09,2.464865960050833e-09,2.464836344339606e-09,2.4648067154567177e-09,2.464777073415611e-09,2.4647474182066537e-09,2.464717749864315e-09,2.4646880683980138e-09,2.464658373830104e-09,2.4646286661519546e-09,2.4645989454078246e-09,2.46456921159187e-09,2.4645394646999653e-09,2.464509704798437e-09,2.4644799318462945e-09,2.4644501458971177e-09,2.464420346944705e-09,2.4643905350099353e-09,2.46436071010519e-09,2.4643308722445263e-09,2.464301021435989e-09,2.4642711576992774e-09,2.4642412810465403e-09,2.4642113914934662e-09,2.4641814890539183e-09,2.4641515737365156e-09,2.4641216455599175e-09,2.4640917045362838e-09,2.4640617506791186e-09,2.4640317840040657e-09,2.4640018045211772e-09,2.463971812246904e-09,2.463941807195045e-09,2.4639117893778534e-09,2.463881758809615e-09,2.4638517155034244e-09,2.4638216594731577e-09,2.463791590732313e-09,2.4637615092954234e-09,2.4637314151732632e-09,2.463701308382684e-09,2.4636711889340564e-09,2.463641056771466e-09,2.4636109121233524e-09,2.463580754791755e-09,2.4635505848542866e-09,2.4635204023274905e-09,2.463490207226109e-09,2.46345999956424e-09,2.463429779354629e-09,2.4633995466075675e-09,2.463369301337815e-09,2.4633390435591925e-09,2.4633087732879606e-09,2.4632784904735562e-09,2.463248195309907e-09,2.463217887644534e-09,2.463187567522726e-09,2.4631572349701324e-09,2.463126890006891e-09,2.4630965326455303e-09,2.4630661628928525e-09,2.4630357807683722e-09,2.463005386285895e-09,2.4629749794420453e-09,2.462944560269442e-09,2.4629141287749684e-09,2.462883684972125e-09,2.4628532288720513e-09,2.4628227604874173e-09,2.4627922798356567e-09,2.462761786926996e-09,2.46273128177897e-09,2.4627007643977e-09,2.462670234799903e-09,2.462639692996146e-09,2.462609139000987e-09,2.462578572829855e-09,2.46254799449076e-09,2.4625174040030565e-09,2.4624868013748123e-09,2.462456186624047e-09,2.4624255597579494e-09,2.462394920792322e-09,2.462364269736843e-09,2.4623336066025073e-09,2.4623029314250644e-09,2.4622722441919566e-09,2.4622415449223262e-09,2.4622108336314086e-09,2.46218011033127e-09,2.4621493750362016e-09,2.462118627758002e-09,2.462087868508957e-09,2.4620570973020433e-09,2.4620263141477317e-09,2.46199551906426e-09,2.461964712061328e-09,2.461933893152109e-09,2.4619030623494844e-09,2.4618722196660923e-09,2.4618413651155137e-09,2.4618104987086788e-09,2.4617796204604754e-09,2.4617487303816016e-09,2.461717828483685e-09,2.4616869147810565e-09,2.4616559892884403e-09,2.4616250520253385e-09,2.4615941029864203e-09,2.4615631421964535e-09,2.4615321696666357e-09,2.461501185407641e-09,2.4614701894332018e-09,2.461439181737491e-09,2.461408162390268e-09,2.4613771313436605e-09,2.4613460886330536e-09,2.461315034269724e-09,2.461283968262692e-09,2.4612528906323335e-09,2.461221801383778e-09,2.4611907005348757e-09,2.461159588095185e-09,2.461128464078144e-09,2.461097328496928e-09,2.4610661813603527e-09,2.461035022683047e-09,2.4610038524842824e-09,2.4609726707672933e-09,2.460941477547456e-09,2.460910272837116e-09,2.4608790566487706e-09,2.4608478289950664e-09,2.460816589890554e-09,2.4607853393394893e-09,2.460754077362371e-09,2.4607228039717675e-09,2.4606915191754414e-09,2.4606602229897544e-09,2.4606289154189242e-09,2.4605975964842616e-09,2.460566266215135e-09,2.460534924564267e-09,2.4605035715982944e-09,2.4604722073175298e-09,2.460440831731418e-09,2.4604094448503445e-09,2.4603780466872657e-09,2.460346637255408e-09,2.4603152165691223e-09,2.4602837846379595e-09,2.4602523414732746e-09,2.4602208870892325e-09,2.4601894214971405e-09,2.4601579447090758e-09,2.4601264567365866e-09,2.4600949575907485e-09,2.4600634472869267e-09,2.4600319258266595e-09,2.4600003932465905e-09,2.45996884953495e-09,2.459937294711194e-09,2.4599057287898276e-09,2.4598741517806293e-09,2.4598425636956646e-09,2.4598109645478127e-09,2.4597793543458007e-09,2.4597477331066194e-09,2.4597161008397e-09,2.4596844575577446e-09,2.459652803271643e-09,2.4596211379940125e-09,2.4595894617359653e-09,2.4595577745104843e-09,2.4595260763287495e-09,2.459494367203121e-09,2.459462647145142e-09,2.45943091616699e-09,2.459399174280073e-09,2.4593674214975506e-09,2.459335657830087e-09,2.4593038832886475e-09,2.4592720978678156e-09,2.4592403016330344e-09,2.459208494544873e-09,2.4591766766274083e-09,2.459144847897713e-09,2.4591130083659342e-09,2.4590811580430693e-09,2.459049296939171e-09,2.45901742507155e-09,2.458985542447421e-09,2.4589536490773586e-09,2.4589217449796557e-09,2.4588898301624097e-09,2.458857904626464e-09,2.4588259684025375e-09,2.458794021490567e-09,2.458762063904374e-09,2.4587300956633384e-09,2.45869811675826e-09,2.4586661272203043e-09,2.458634127055223e-09,2.458602116274673e-09,2.4585700948888594e-09,2.458538062901934e-09,2.4585060203529477e-09,2.4584739672295883e-09,2.458441903535601e-09,2.4584098293025753e-09,2.458377744532145e-09,2.458345649248423e-09,2.4583135434327437e-09,2.458281427124184e-09,2.45824930032807e-09,2.4582171630558455e-09,2.4581850153157286e-09,2.4581528571209306e-09,2.4581206884828736e-09,2.4580885094121934e-09,2.4580563199207253e-09,2.458024119977721e-09,2.4579919097174237e-09,2.4579596890324523e-09,2.457927457969993e-09,2.457895216536817e-09,2.4578629647651447e-09,2.4578307026455575e-09,2.4577984301958695e-09,2.4577661474264313e-09,2.457733854351002e-09,2.4577015509795696e-09,2.4576692373218206e-09,2.4576369133908577e-09,2.4576045791946425e-09,2.4575722348078215e-09,2.4575398800659503e-09,2.4575075151503383e-09,2.4574751400171867e-09,2.4574427546782943e-09,2.4574103591433797e-09,2.4573779534287722e-09,2.4573455375368985e-09,2.457313111482903e-09,2.457280675278062e-09,2.457248228933154e-09,2.4572157724598936e-09,2.4571833058692073e-09,2.457150829172022e-09,2.4571183423788254e-09,2.457085845502007e-09,2.457053338553098e-09,2.45702082154128e-09,2.4569882944776724e-09,2.4569557573744046e-09,2.4569232102416388e-09,2.4568906530906466e-09,2.4568580859331137e-09,2.4568255087786183e-09,2.4567929216389284e-09,2.4567603245248094e-09,2.4567277174476335e-09,2.4566951004167428e-09,2.456662473448587e-09,2.4566298365457766e-09,2.4565971897244414e-09,2.45656453296896e-09,2.4565318663590862e-09,2.4564991898422706e-09,2.456466503509477e-09,2.4564338071967566e-09,2.45640110108365e-09,2.4563683851289947e-09,2.456335659341441e-09,2.4563029237332465e-09,2.4562701783127184e-09,2.4562374230955848e-09,2.4562046580611932e-09,2.4561718833008637e-09,2.456139098738843e-09,2.45610630444023e-09,2.4560735003705993e-09,2.4560406865763765e-09,2.456007863054127e-09,2.455975029818549e-09,2.4559421868792255e-09,2.4559093342441766e-09,2.4558764719314545e-09,2.45584359993672e-09,2.455810718295961e-09,2.455777826998093e-09,2.4557449260642605e-09,2.455712015493199e-09,2.4556790953066505e-09,2.4556461655157666e-09,2.4556132261227527e-09,2.4555802771172804e-09,2.4555473185913676e-09,2.4555143504729005e-09,2.4554813727978003e-09,2.455448385579035e-09,2.4554153888269492e-09,2.455382382552527e-09,2.4553493667508677e-09,2.4553163414711953e-09,2.455283306688263e-09,2.4552502624233117e-09,2.4552172086870633e-09,2.455184145491332e-09,2.455151072845215e-09,2.4551179907596066e-09,2.4550848992464857e-09,2.4550517983122086e-09,2.4550186879759724e-09,2.454985568234839e-09,2.454952439105259e-09,2.4549193006014106e-09,2.4548861527289913e-09,2.454852995505076e-09,2.4548198289285743e-09,2.4547866530231273e-09,2.454753467814127e-09,2.454720273242035e-09,2.4546870693910796e-09,2.4546538562391644e-09,2.454620633808882e-09,2.4545874021021653e-09,2.4545541611307876e-09,2.4545209109107135e-09,2.4544876514458707e-09,2.4544543827477935e-09,2.4544211048274313e-09,2.454387817695363e-09,2.4543545213609046e-09,2.4543212158340243e-09,2.4542879011262787e-09,2.454254577246853e-09,2.454221244206834e-09,2.4541879020152137e-09,2.4541545506830283e-09,2.454121190219717e-09,2.4540878206357875e-09,2.4540544419441505e-09,2.4540210541492874e-09,2.453987657262949e-09,2.453954251298029e-09,2.4539208362616484e-09,2.4538874121665965e-09,2.4538539790215646e-09,2.4538205368366517e-09,2.4537870856221397e-09,2.4537536253877836e-09,2.4537201561435293e-09,2.453686677899952e-09,2.453653190667908e-09,2.4536196944537812e-09,2.4535861892712975e-09,2.4535526751289497e-09,2.4535191520373133e-09,2.4534856200046015e-09,2.453452079043089e-09,2.4534185291652696e-09,2.4533849703610818e-09,2.453351402682511e-09,2.4533178261017703e-09,2.4532842406403924e-09,2.4532506463099264e-09,2.4532170431182773e-09,2.453183431075813e-09,2.4531498101931443e-09,2.4531161804803883e-09,2.4530825419448436e-09,2.4530488945999912e-09,2.453015238454717e-09,2.4529815735172986e-09,2.4529478997981614e-09,2.4529142173183435e-09,2.4528805260529712e-09,2.452846826047933e-09,2.4528131173005595e-09,2.4527793998199353e-09,2.452745673617617e-09,2.452711938713881e-09,2.4526781950837688e-09,2.4526444427715744e-09,2.4526106817752615e-09,2.4525769121116717e-09,2.4525431337708414e-09,2.4525093467825078e-09,2.4524755511483906e-09,2.452441746876589e-09,2.4524079339807764e-09,2.4523741124697063e-09,2.4523402823519845e-09,2.452306443637624e-09,2.452272596341482e-09,2.45223874045621e-09,2.452204876011511e-09,2.452171003007587e-09,2.4521371214534616e-09,2.452103231360777e-09,2.4520693327382395e-09,2.4520354255866414e-09,2.4520015099492563e-09,2.4519675857841677e-09,2.4519336531441732e-09,2.451899712017892e-09,2.45186576242045e-09,2.451831804369171e-09,2.4517978378419818e-09,2.4517638628835153e-09,2.4517298794907322e-09,2.4516958876673923e-09,2.4516618873907015e-09,2.451627878794974e-09,2.451593861764585e-09,2.45155983634367e-09,2.451525802544037e-09,2.451491760375105e-09,2.4514577098487923e-09,2.4514236509730615e-09,2.451389583757863e-09,2.451355508222398e-09,2.4513214243538683e-09,2.4512873321741347e-09,2.451253231692471e-09,2.4512191229173895e-09,2.4511850058745484e-09,2.4511508805262427e-09,2.4511167469287594e-09,2.4510826050757202e-09,2.4510484549763695e-09,2.4510142966404704e-09,2.4509801300770383e-09,2.4509459552940193e-09,2.450911772301489e-09,2.4508775811097977e-09,2.450843381726543e-09,2.450809174162273e-09,2.450774958424029e-09,2.4507407345232865e-09,2.4507065024702097e-09,2.450672262272641e-09,2.450638013939176e-09,2.4506037574793768e-09,2.4505694929027337e-09,2.4505352202159383e-09,2.4505009394321924e-09,2.450466650558391e-09,2.450432353606776e-09,2.450398048582216e-09,2.4503637354910764e-09,2.450329414351794e-09,2.4502950851684293e-09,2.450260747950482e-09,2.4502264027075584e-09,2.4501920494470955e-09,2.4501576881792146e-09,2.450123318912136e-09,2.4500889416593206e-09,2.4500545564232523e-09,2.450020163216151e-09,2.449985762046948e-09,2.44995135292396e-09,2.449916935857027e-09,2.449882510855663e-09,2.4498480779279513e-09,2.449813637082306e-09,2.449779188328959e-09,2.449744731675414e-09,2.4497102671318517e-09,2.449675794707138e-09,2.449641314409959e-09,2.4496068262146403e-09,2.449572330228688e-09,2.4495378263702296e-09,2.4495033146730244e-09,2.449468795148229e-09,2.4494342678045006e-09,2.4493997326508066e-09,2.4493651896956745e-09,2.4493306389486508e-09,2.449296080418168e-09,2.449261514115353e-09,2.4492269400425752e-09,2.4491923582148153e-09,2.4491577686372175e-09,2.449123171329307e-09,2.4490885662810298e-09,2.449053953514198e-09,2.44901933303507e-09,2.448984704851855e-09,2.448950068973487e-09,2.44891542540755e-09,2.4488807741653377e-09,2.4488461152548014e-09,2.4488114486815415e-09,2.4487767744573324e-09,2.4487420925938336e-09,2.4487074030947642e-09,2.448672705970432e-09,2.448638001230058e-09,2.448603288880047e-09,2.4485685689325536e-09,2.4485338413951557e-09,2.4484991062753603e-09,2.4484643635790257e-09,2.4484296133139135e-09,2.4483948555085005e-09,2.448360090174133e-09,2.4483253172505073e-09,2.448290536818992e-09,2.4482557488739647e-09,2.448220953406961e-09,2.4481861504452502e-09,2.4481513399645146e-09,2.4481165220301413e-09,2.448081696601123e-09,2.4480468637035892e-09,2.448012023345138e-09,2.4479771755337643e-09,2.4479423202781036e-09,2.447907457587232e-09,2.447872587457749e-09,2.4478377099337338e-09,2.447802824974447e-09,2.4477679326369747e-09,2.4477330328994064e-09,2.4476981257704736e-09,2.4476632112689114e-09,2.4476282894043933e-09,2.447593360175999e-09,2.4475584236165897e-09,2.4475234796855874e-09,2.4474885284280058e-09,2.4474535698394643e-09,2.4474186039413417e-09,2.447383630736528e-09,2.447348650230073e-09,2.44731366243214e-09,2.4472786673527076e-09,2.44724366499698e-09,2.4472086553829083e-09,2.447173638519915e-09,2.4471386143710053e-09,2.447103582995448e-09,2.447068544395989e-09,2.4470334985602262e-09,2.446998445511065e-09,2.4469633852580577e-09,2.4469283178035244e-09,2.4468932431578563e-09,2.4468581613269264e-09,2.4468230723227867e-09,2.4467879761512974e-09,2.446752872820268e-09,2.4467177622621727e-09,2.446682644711413e-09,2.446647519955783e-09,2.446612388071987e-09,2.4465772490762655e-09,2.4465421029682263e-09,2.4465069497603847e-09,2.446471789457887e-09,2.4464366220715993e-09,2.446401447609531e-09,2.4463662660793747e-09,2.446331077489373e-09,2.4462958818465566e-09,2.4462606791628485e-09,2.446225469442105e-09,2.4461902526944808e-09,2.4461550289277412e-09,2.4461197981502217e-09,2.44608456036879e-09,2.446049315593438e-09,2.446014063832365e-09,2.4459788050879357e-09,2.4459435393767963e-09,2.4459082667035432e-09,2.4458729870707163e-09,2.445837700501857e-09,2.445802406998088e-09,2.4457671066091464e-09,2.445731799182288e-09,2.4456964849027363e-09,2.4456611637159007e-09,2.4456258356359945e-09,2.4455905006605523e-09,2.4455551588035928e-09,2.4455198100778586e-09,2.4454844544841063e-09,2.4454490920315965e-09,2.445413722727062e-09,2.4453783465826e-09,2.445342963604017e-09,2.4453075737991238e-09,2.4452721771764127e-09,2.4452367737433306e-09,2.4452013635078724e-09,2.445165946479695e-09,2.445130522663182e-09,2.4450950920712326e-09,2.445059654714172e-09,2.4450242105786065e-09,2.4449887596942924e-09,2.4449533020651248e-09,2.4449178376958476e-09,2.4448823665930353e-09,2.4448468887690972e-09,2.444811404230044e-09,2.444775912984084e-09,2.4447404150393203e-09,2.4447049103999553e-09,2.444669399074586e-09,2.4446338810743736e-09,2.4445983564054777e-09,2.444562825074191e-09,2.4445272870914818e-09,2.444491742463286e-09,2.444456191195603e-09,2.4444206333037815e-09,2.4443850687871123e-09,2.4443494976544318e-09,2.4443139199163843e-09,2.4442783355797923e-09,2.4442427446503677e-09,2.444207147139832e-09,2.444171543053613e-09,2.4441359323988768e-09,2.444100315183979e-09,2.4440646914164185e-09,2.444029061103978e-09,2.443993424249922e-09,2.4439577808713102e-09,2.443922130970641e-09,2.4438864745557867e-09,2.443850811634443e-09,2.443815142214368e-09,2.443779466300709e-09,2.443743783905659e-09,2.4437080950345736e-09,2.443672399703662e-09,2.4436366978950005e-09,2.4436009896447224e-09,2.4435652749455395e-09,2.443529553811488e-09,2.44349382624126e-09,2.4434580922511267e-09,2.4434223518454546e-09,2.443386605035069e-09,2.443350851817377e-09,2.4433150922114906e-09,2.4432793262150833e-09,2.4432435538504383e-09,2.443207775113893e-09,2.443171990012413e-09
19,1.943696321901797e-68,2.994569916795966e-67,1.2403262681227476e-66,3.439583044299224e-66,7.633329930353261e-66,1.4794511600206126e-65,2.612544535777663e-65,4.307485262109328e-65,6.735530670261518e-65,1.0096137392116065e-64,1.461883658053344e-64,2.0565160761104722e-64,2.823061134381886e-64,3.794665697181167e-64,5.0082753960908916e-64,6.50483819827789e-64,8.329508960763331e-64,1.0531854580741277e-63,1.3166059428595381e-63,1.629113089888004e-63,1.9971104894814983e-63,2.4275251230317187e-63,2.927827881355528e-63,3.5060540664229933e-63,4.1708238683179045e-63,4.93136282190877e-63,5.797522238640629e-63,6.779799623209758e-63,7.889359064601471e-63,9.138051610519495e-63,1.0538435619999375e-62,1.2103797102012003e-62,1.3848170034429116e-62,1.5786356663465467e-62,1.7933947794090469e-62,2.0307343061131107e-62,2.2923771177015978e-62,2.5801310174047894e-62,2.895890763537486e-62,3.2416400886498404e-62,3.6194537210451753e-62,4.031499400692592e-62,4.480039897870439e-62,4.967435025262151e-62,5.496143653804727e-62,6.068725724241534e-62,6.687844256637589e-62,7.356267360935173e-62,8.076870243899775e-62,8.852637213916072e-62,9.686663689513993e-62,1.058215819950423e-61,1.1542444385827462e-61,1.257096300319979e-61,1.3671273919653204e-61,1.4847058114131502e-61,1.610211967109919e-61,1.744038777609722e-61,1.8865918707214866e-61,2.0382897833086502e-61,2.1995641593501487e-61,2.3708599498000456e-61,2.5526356105801002e-61,2.7453633018680147e-61,2.9495290860771093e-61,3.16563312633311e-61,3.3941898846256415e-61,3.635728319611898e-61,3.89079208527724e-61,4.1599397279715816e-61,4.443744884279307e-61,4.742796478077038e-61,5.057698918885665e-61,5.3890722980081054e-61,5.737552586087909e-61,6.103791829941524e-61,6.488458348477378e-61,6.892236931518865e-61,7.315829034500919e-61,7.759952974714553e-61,8.225344127300625e-61,8.712755123973209e-61,9.222956045485166e-61,9.75673461924107e-61,1.031489641359349e-60,1.0898265036501613e-60,1.1507682326445887e-60,1.2144008551277291e-60,1.2808122601923774e-60,1.3500922185804055e-60,1.4223324024385005e-60,1.4976264045779794e-60,1.576069758138214e-60,1.657759955628258e-60,1.742796468927086e-60,1.831280768117852e-60,1.9233163412416468e-60,2.019008713597809e-60,2.1184654670820696e-60,2.2217962595210617e-60,2.3291128440706666e-60,2.440529088468176e-60,2.5561609943855115e-60,2.6761267167659335e-60,2.800546582873479e-60,2.9295431120668514e-60,3.0632410346361855e-60,3.2017673110978875e-60,3.345251151441273e-60,3.4938240345201136e-60,3.647619727131393e-60,3.806774303020041e-60,3.971426162197212e-60,4.141716050234632e-60,4.3177870773552643e-60,4.499784737544682e-60,4.687856927231218e-60,4.882153965261109e-60,5.082828611353097e-60,5.290036085581654e-60,5.503934086475314e-60,5.724682811464219e-60,5.9524449750669e-60,6.187385828036627e-60,6.429673176203316e-60,6.679477400167953e-60,6.936971473571078e-60,7.202330982261139e-60,7.475734143321588e-60,7.757361823944296e-60,8.047397560050418e-60,8.346027576213552e-60,8.65344080346939e-60,8.96982889893505e-60,9.29538626357194e-60,9.630310062937825e-60,9.974800243723453e-60,1.032905955468998e-59,1.069329356429248e-59,1.1067710679398495e-59,1.1452522165136522e-59,1.1847942162718945e-59,1.2254187708483484e-59,1.267147875249636e-59,1.3100038177571379e-59,1.3540091817850477e-59,1.3991868477109378e-59,1.4455599948537919e-59,1.4931521032469837e-59,1.5419869555280334e-59,1.5920886388145163e-59,1.6434815465596548e-59,1.6961903804179475e-59,1.7502401520721827e-59,1.805656185256275e-59,1.862464117340386e-59,1.9206899013067806e-59,1.9803598078520805e-59,2.0415004268505435e-59,2.1041386694207206e-59,2.1683017697047696e-59,2.2340172868342688e-59,2.3013131066420798e-59,2.3702174436538593e-59,2.440758842664651e-59,2.512966180923449e-59,2.586868669796136e-59,2.662495856599481e-59,2.739877626507887e-59,2.8190442043680034e-59,2.900026156503026e-59,2.9828543925580873e-59,3.0675601674963247e-59,3.154175083097978e-59,3.242731090161138e-59,3.333260490092663e-59,3.425795936830172e-59,3.520370438654909e-59,3.61701735993556e-59,3.715770423196582e-59,3.816663710716427e-59,3.91973166640442e-59,4.025009097648845e-59,4.132531177166688e-59,4.242333444681977e-59,4.354451809013361e-59,4.4689225497093235e-59,4.585782318708602e-59,4.705068142534455e-59,4.826817423825707e-59,4.951067943173179e-59,5.077857861198295e-59,5.207225719970317e-59,5.339210445022856e-59,5.473851347107196e-59,5.6111881241471535e-59,5.751260862891775e-59,5.894110040650393e-59,6.039776527449372e-59,6.188301587318e-59,6.339726880482983e-59,6.49409446489675e-59,6.651446798288928e-59,6.811826740033464e-59,6.9752775523869555e-59,7.1418429030311885e-59,7.311566866097617e-59,7.484493924761805e-59,7.660668972199959e-59,7.8401373142131975e-59,8.022944670156687e-59,8.209137175418394e-59,8.398761383146543e-59,8.591864265393018e-59,8.788493215795494e-59,8.988696050584356e-59,9.192521010771844e-59,9.400016763695025e-59,9.611232405351169e-59,9.826217461224725e-59,1.0045021888879857e-58,1.0267696079643075e-58,1.049429085969035e-58,1.0724857492761751e-58,1.0959447681260705e-58,1.1198113568400645e-58,1.1440907739409576e-58,1.168788322397042e-58,1.1939093497848424e-58,1.2194592484186786e-58,1.2454434556150355e-58,1.2718674537266567e-58,1.2987367705056692e-58,1.3260569791013505e-58,1.3538336983021298e-58,1.3820725928168146e-58,1.4107793732392986e-58,1.4399597964536272e-58,1.4696196655783931e-58,1.49976483034871e-58,1.5304011871605155e-58,1.5615346793012124e-58,1.5931712970993855e-58,1.625317078111888e-58,1.6579781072893522e-58,1.6911605171663415e-58,1.724870488017548e-58,1.7591142480125146e-58,1.793898073500439e-58,1.8292282889894187e-58,1.8651112675492625e-58,1.9015534307316493e-58,1.938561248985959e-58,1.976141241690472e-58,2.0142999773535983e-58,2.0530440737996566e-58,2.0923801983328718e-58,2.1323150679118258e-58,2.172855449323696e-58,2.214008159353399e-58,2.2557800649649606e-58,2.2981780834203114e-58,2.3412091826200266e-58,2.38488038099428e-58,2.429198748001621e-58,2.4741714039506425e-58,2.519805520542052e-58,2.566108320677022e-58,2.6130870788802452e-58,2.660749121525432e-58,2.709101826635897e-58,2.758152624450023e-58,2.8079089973956626e-58,2.8583784803110914e-58,2.909568660596617e-58,2.9614871784132397e-58,3.014141726815663e-58,3.0675400519090814e-58,3.1216899531996933e-58,3.1765992834111935e-58,3.2322759490196895e-58,3.2887279102110466e-58,3.345963181151491e-58,3.4039898299654305e-58,3.462815979210142e-58,3.522449805814941e-58,3.582899541298514e-58,3.6441734720794424e-58,3.706279939342826e-58,3.7692273395798294e-58,3.833024124437784e-58,3.8976788010666485e-58,3.963199932221691e-58,4.0295961364165454e-58,4.09687608822417e-58,4.165048518294079e-58,4.234122213635276e-58,4.304106017530107e-58,4.375008830098502e-58,4.4468396081763806e-58,4.5196073655747906e-58,4.5933211731862426e-58,4.6679901593713636e-58,4.7436235098071406e-58,4.82023046783028e-58,4.897820334629938e-58,4.976402469306426e-58,5.055986289143769e-58,5.136581269635779e-58,5.218196944893477e-58,5.300842907659884e-58,5.3845288092793906e-58,5.46926436033334e-58,5.555059330272663e-58,5.64192354811627e-58,5.729866902011481e-58,5.818899340129882e-58,5.909030870196157e-58,6.000271559935682e-58,6.0926315372215026e-58,6.1861209902242006e-58,6.280750167547698e-58,6.376529378380357e-58,6.473468992814974e-58,6.57157944182471e-58,6.670871217527276e-58,6.771354873337631e-58,6.873041023962093e-58,6.97594034590308e-58,7.080063577311819e-58,7.185421518518972e-58,7.292025031569833e-58,7.399885040981797e-58,7.509012533843659e-58,7.619418559531416e-58,7.731114230494776e-58,7.844110721785212e-58,7.958419271842937e-58,8.074051182136055e-58,8.191017817605697e-58,8.309330606746683e-58,8.429001041757834e-58,8.550040678840755e-58,8.672461138207578e-58,8.796274104349941e-58,8.921491325930646e-58,9.04812461636532e-58,9.176185853713885e-58,9.305686980814175e-58,9.436640005800382e-58,9.569057001645341e-58,9.702950107022997e-58,9.838331525777376e-58,9.975213527785971e-58,1.0113608448472532e-57,1.0253528689291925e-57,1.0394986718018957e-57,1.0537995068649658e-57,1.0682566341697133e-57,1.0828713204173421e-57,1.0976448390207623e-57,1.112578470049163e-57,1.127673500325711e-57,1.1429312233709834e-57,1.1583529394468884e-57,1.1739399556089772e-57,1.1896935856580534e-57,1.2056151501981681e-57,1.2217059766293355e-57,1.2379673992065202e-57,1.2544007589846891e-57,1.2710074039148403e-57,1.287788688779843e-57,1.3047459752695535e-57,1.3218806320006746e-57,1.3391940344644953e-57,1.3566875651209137e-57,1.374362613369802e-57,1.3922205755916205e-57,1.410262855112727e-57,1.4284908622913738e-57,1.4469060145067647e-57,1.4655097361386148e-57,1.4843034586165104e-57,1.503288620451849e-57,1.5224666672385586e-57,1.5418390516354788e-57,1.5614072334033992e-57,1.581172679479557e-57,1.6011368639024923e-57,1.621301267865077e-57,1.641667379752253e-57,1.6622366951423027e-57,1.6830107167859427e-57,1.703990954669509e-57,1.7251789260017509e-57,1.7465761552772994e-57,1.7681841741927677e-57,1.790004521807154e-57,1.8120387444306365e-57,1.8342883956811378e-57,1.856755036485264e-57,1.8794402351835256e-57,1.902345567423146e-57,1.9254726162232637e-57,1.9488229720342724e-57,1.9723982326736524e-57,1.9962000033945658e-57,2.02022989687113e-57,2.0444895332576852e-57,2.0689805401775034e-57,2.093704552681268e-57,2.1186632134040447e-57,2.1438581724355235e-57,2.169291087411992e-57,2.194963623517306e-57,2.2208774534932384e-57,2.2470342576548308e-57,2.2734357238985268e-57,2.3000835477578769e-57,2.3269794323648975e-57,2.3541250885150787e-57,2.3815222346032282e-57,2.409172596762424e-57,2.4370779087519257e-57,2.4652399120583916e-57,2.493660355839669e-57,2.5223409970831784e-57,2.551283600426656e-57,2.5804899382624766e-57,2.609961790846916e-57,2.639700946150052e-57,2.669709199980358e-57,2.699988355953199e-57,2.7305402255276025e-57,2.761366628011992e-57,2.792469390565151e-57,2.8238503482619434e-57,2.8555113440507614e-57,2.887454228821495e-57,2.9196808613294417e-57,2.9521931083288616e-57,2.9849928445336157e-57,3.0180819525518986e-57,3.0514623230924205e-57,3.0851358547932526e-57,3.119104454350521e-57,3.153370036416538e-57,3.187934523787341e-57,3.222799847294367e-57,3.2579679458022156e-57,3.2934407663211785e-57,3.329220263944854e-57,3.365308401923437e-57,3.4017071515538045e-57,3.438418492408785e-57,3.475444412154097e-57,3.512786906653876e-57,3.550447979953457e-57,3.588429644364817e-57,3.626733920398232e-57,3.665362836757768e-57,3.7043184304555737e-57,3.7436027468084285e-57,3.7832178393390304e-57,3.8231657699248805e-57,3.863448608784504e-57,3.904068434442477e-57,3.945027333723576e-57,3.9863274018562114e-57,4.027970742487735e-57,4.0699594675689374e-57,4.1122956975454523e-57,4.1549815612495754e-57,4.1980191958946355e-57,4.2414107471946023e-57,4.2851583693680614e-57,4.329264225033892e-57,4.373730485386455e-57,4.418559330040327e-57,4.463752947192384e-57,4.509313533645009e-57,4.5552432945558994e-57,4.601544443860335e-57,4.64821920395002e-57,4.695269805895023e-57,4.742698489305373e-57,4.790507502485943e-57,4.838699102304194e-57,4.887275554379087e-57,4.9362391329045244e-57,4.9855921208600204e-57,5.0353368098683496e-57,5.0854755002191913e-57,5.136010501002649e-57,5.186944130064592e-57,5.238278713942843e-57,5.290016587980108e-57,5.34216009636484e-57,5.394711592038993e-57,5.447673436644473e-57,5.501048000928256e-57,5.55483766423182e-57,5.609044814835057e-57,5.663671849916674e-57,5.718721175577677e-57,5.774195206774271e-57,5.830096367348259e-57,5.886427090147294e-57,5.943189816895009e-57,6.000386998304999e-57,6.058021094122816e-57,6.116094572992256e-57,6.174609912650253e-57,6.233569599808298e-57,6.292976130103902e-57,6.35283200848196e-57,6.413139748651502e-57,6.473901873637073e-57,6.535120915464055e-57,6.596799415258916e-57,6.658939923164965e-57,6.721544998659745e-57,6.784617210273488e-57,6.848159135632104e-57,6.912173361616513e-57,6.97666248432717e-57,7.041629109038318e-57,7.107075850108894e-57,7.173005331361612e-57,7.239420185760676e-57,7.306323055469745e-57,7.373716591993397e-57,7.441603456174369e-57,7.509986318103699e-57,7.578867857138329e-57,7.64825076202551e-57,7.718137730908034e-57,7.788531471183068e-57,7.859434699739202e-57,7.930850142732864e-57,8.00278053589728e-57,8.075228624089112e-57,8.148197161845149e-57,8.221688913183518e-57,8.295706651308755e-57,8.370253159184256e-57,8.44533122914507e-57,8.520943663032883e-57,8.597093272058133e-57,8.673782877239828e-57,8.751015309007826e-57,8.828793407250415e-57,8.90712002155342e-57,8.985998011102878e-57,9.06543024464567e-57,9.145419600465694e-57,9.22596896655155e-57,9.307081240564062e-57,9.38875932973282e-57,9.471006151006999e-57,9.553824631059579e-57,9.637217706223687e-57,9.721188322482127e-57,9.805739435575148e-57,9.890874011077351e-57,9.976595024249399e-57,1.0062905460015369e-56,1.0149808313260664e-56,1.0237306588581832e-56,1.0325403300220273e-56,1.0414101472465904e-56,1.05034041395315e-56,1.0593314345154622e-56,1.0683835143126186e-56,1.0774969597093758e-56,1.0866720780703163e-56,1.0959091777195934e-56,1.1052085680068575e-56,1.1145705592611865e-56,1.1239954627982053e-56,1.1334835909372852e-56,1.143035257001719e-56,1.152650775298358e-56,1.1623304611507373e-56,1.1720746308668406e-56,1.181883601773602e-56,1.191757692187812e-56,1.2016972214434157e-56,1.211702509868828e-56,1.221773878807862e-56,1.231911650621123e-56,1.2421161486649744e-56,1.252387697323387e-56,1.2627266219868663e-56,1.2731332490425273e-56,1.283607905928825e-56,1.2941509210844415e-56,1.304762623957985e-56,1.3154433450374314e-56,1.3261934158212312e-56,1.3370131688257527e-56,1.3479029375961053e-56,1.3588630567144489e-56,1.3698938617747013e-56,1.3809956894042063e-56,1.392168877271011e-56,1.4034137640618543e-56,1.4147306894922687e-56,1.4261199943198394e-56,1.4375820203423888e-56,1.4491171103808627e-56,1.460725608307833e-56,1.4724078590199395e-56,1.4841642084715526e-56,1.4959950036508956e-56,1.5079005925675646e-56,1.519881324318781e-56,1.5319375490237522e-56,1.5440696178407976e-56,1.5562778829867297e-56,1.568562697738374e-56,1.5809244164141713e-56,1.5933633943651157e-56,1.6058799880348158e-56,1.6184745548999548e-56,1.631147453489735e-56,1.643899043407834e-56,1.6567296852981985e-56,1.669639740882065e-56,1.682629572925276e-56,1.6956995452776117e-56,1.7088500228317984e-56,1.7220813715550104e-56,1.735393958495107e-56,1.7487881517553956e-56,1.7622643205106435e-56,1.7758228349858354e-56,1.7894640665186308e-56,1.803188387499714e-56,1.8169961713760273e-56,1.83088779270987e-56,1.8448636271100987e-56,1.858924051296431e-56,1.873069443019496e-56,1.8873001811585399e-56,1.9016166456584456e-56,1.9160192175373614e-56,1.9305082789053225e-56,1.9450842129786342e-56,1.959747404041483e-56,1.974498237451544e-56,1.9893370996984205e-56,2.0042643783408799e-56,2.019280462024176e-56,2.0343857404939458e-56,2.0495806046185708e-56,2.0648654463163313e-56,2.0802406586274256e-56,2.0957066357010307e-56,2.1112637727804936e-56,2.1269124661847644e-56,2.142653113385353e-56,2.158486112917077e-56,2.1744118644543007e-56,2.1904307687487853e-56,2.206543227686483e-56,2.2227496442407795e-56,2.2390504225080225e-56,2.2554459677051044e-56,2.271936686157579e-56,2.288522985291992e-56,2.3052052736717516e-56,2.321983960959106e-56,2.338859457956331e-56,2.3558321765632625e-56,2.372902529812228e-56,2.3900709318726143e-56,2.4073377980210975e-56,2.424703544645228e-56,2.4421685892975913e-56,2.4597333506399626e-56,2.4773982484504667e-56,2.4951637036603863e-56,2.513030138311837e-56,2.5309979756045437e-56,2.549067639842746e-56,2.5672395564826264e-56,2.5855141521317756e-56,2.603891854505762e-56,2.6223730924765814e-56,2.6409582960678794e-56,2.6596478964328565e-56,2.6784423258547123e-56,2.6973420177746187e-56,2.7163474067946405e-56,2.73545892863252e-56,2.754677020183863e-56,2.774002119467203e-56,2.79343466568072e-56,2.812975099143706e-56,2.832623861359179e-56,2.852381394956747e-56,2.872248143735608e-56,2.892224552664312e-56,2.912311067854619e-56,2.9325081365714438e-56,2.952816207261264e-56,2.9732357295063604e-56,2.9937671540822615e-56,3.014410932885772e-56,3.0351675190373835e-56,3.056037366790757e-56,3.0770209315762763e-56,3.098118669974651e-56,3.1193310397522977e-56,3.140658499868109e-56,3.162101510413455e-56,3.183660532690317e-56,3.2053360291511043e-56,3.2271284634460447e-56,3.249038300380039e-56,3.271066005969362e-56,3.29321204739043e-56,3.3154768929754504e-56,3.3378610122982065e-56,3.3603648760851314e-56,3.382988956237085e-56,3.4057337258553827e-56,3.428599659242829e-56,3.4515872318833636e-56,3.474696920427534e-56,3.4979292027412756e-56,3.5212845578872613e-56,3.5447634661077593e-56,3.5683664088424416e-56,3.5920938687637947e-56,3.6159463296832016e-56,3.639924276625025e-56,3.6640281958548174e-56,3.6882585748176577e-56,3.7126159021578617e-56,3.737100667691812e-56,3.7617133625160483e-56,3.786454478866242e-56,3.811324510206877e-56,3.836323951214861e-56,3.8614532977962627e-56,3.8867130470458477e-56,3.9121036972638174e-56,3.937625747970595e-56,3.9632796999118613e-56,3.989066055073266e-56,4.014985316598094e-56,4.0410379888804634e-56,4.067224577567812e-56,4.093545589459246e-56,4.120001532595466e-56,4.146592916271711e-56,4.173320251015199e-56,4.200184048552745e-56,4.22718482184319e-56,4.2543230850576785e-56,4.281599353626677e-56,4.309014144166497e-56,4.336567974590723e-56,4.364261363994131e-56,4.392094832738038e-56,4.420068902408701e-56,4.4481840958054615e-56,4.476440937005897e-56,4.504839951287239e-56,4.533381665185653e-56,4.562066606496484e-56,4.5908953042305415e-56,4.619868288681693e-56,4.648986091328565e-56,4.678249244944564e-56,4.707658283498256e-56,4.737213742277313e-56,4.76691615776866e-56,4.79676606774472e-56,4.826764011211048e-56,4.856910528410908e-56,4.887206160875263e-56,4.91765145134019e-56,4.9482469438725355e-56,4.978993183735084e-56,5.009890717491244e-56,5.040940092950495e-56,5.072141859178726e-56,5.103496566489356e-56,5.135004766457233e-56,5.166667011981968e-56,5.198483857168345e-56,5.23045585743158e-56,5.262583569436767e-56,5.294867551114087e-56,5.327308361649106e-56,5.3599065615005745e-56,5.3926627124549455e-56,5.425577377538145e-56,5.4586511210495875e-56,5.491884508554312e-56,5.525278106920857e-56,5.558832484287115e-56,5.5925482100299615e-56,5.626425854871613e-56,5.660465990802941e-56,5.694669191072661e-56,5.72903603025517e-56,5.7635670842054935e-56,5.798262930001869e-56,5.833124146018861e-56,5.86815131202398e-56,5.903345009006297e-56,5.938705819251802e-56,5.974234326341303e-56,6.009931115124584e-56,6.045796771792635e-56,6.081831883772013e-56,6.11803703986147e-56,6.1544128301348155e-56,6.190959845928114e-56,6.227678679924319e-56,6.264569926093041e-56,6.301634179689175e-56,6.338872037257335e-56,6.376284096728806e-56,6.413870957289436e-56,6.451633219439165e-56,6.489571484959775e-56,6.527686356993879e-56,6.565978439967616e-56,6.604448339561721e-56,6.643096662889098e-56,6.681924018327673e-56,6.720931015564884e-56,6.7601182656011365e-56,6.799486380743815e-56,6.83903597465228e-56,6.878767662232179e-56,6.918682059830091e-56,6.95877978505332e-56,6.999061456835703e-56,7.039527695440792e-56,7.080179122430146e-56,7.1210163607431125e-56,7.162040034569034e-56,7.203250769506838e-56,7.2446491924804e-56,7.286235931729909e-56,7.328011616814533e-56,7.369976878642919e-56,7.412132349431434e-56,7.454478662755088e-56,7.497016453527168e-56,7.539746358024407e-56,7.58266901380985e-56,7.625785059846741e-56,7.669095136410667e-56,7.712599885116354e-56,7.756299948882658e-56,7.800195972047035e-56,7.8442886002854155e-56,7.888578480581965e-56,7.933066261308535e-56,7.977752592171517e-56,8.022638124228181e-56,8.067723509837269e-56,8.113009402777993e-56,8.158496458199183e-56,8.204185332545715e-56,8.25007668368568e-56,8.296171170766301e-56,8.342469454303844e-56,8.388972196251016e-56,8.435680059858718e-56,8.482593709798212e-56,8.529713812015213e-56,8.577041033864607e-56,8.62457604412254e-56,8.672319512801851e-56,8.720272111384962e-56,8.76843451272792e-56,8.81680739100063e-56,8.865391421799154e-56,8.914187282058468e-56,8.963195650099124e-56,9.012417205550111e-56,9.061852629513797e-56,9.111502604453062e-56,9.161367814151738e-56,9.211448943872084e-56,9.261746680161041e-56,9.312261710953567e-56,9.362994725571146e-56,9.413946414778065e-56,9.465117470662016e-56,9.516508586748255e-56,9.568120457915446e-56,9.619953780407752e-56,9.672009251911237e-56,9.724287571416755e-56,9.776789439415342e-56,9.829515557746018e-56,9.882466629601229e-56,9.93564335962263e-56,9.989046453803782e-56,1.0042676619578012e-55,1.0096534565697555e-55,1.0150621002450578e-55,1.0204936641392775e-55,1.0259482195554284e-55,1.0314258379338061e-55,1.0369265908516817e-55,1.0424505500343654e-55,1.047997787339195e-55,1.0535683747738703e-55,1.0591623844823614e-55,1.0647798887488289e-55,1.0704209599984235e-55,1.076085670791567e-55,1.081774093845998e-55,1.087486301999954e-55,1.0932223682433345e-55,1.0989823657138957e-55,1.1047663676825742e-55,1.1105744475656893e-55,1.1164066789140027e-55,1.1222631354309175e-55,1.1281438909515737e-55,1.1340490194643095e-55,1.1399785950926969e-55,1.145932692105368e-55,1.1519113849113967e-55,1.1579147480625526e-55,1.1639428562532955e-55,1.1699957843104431e-55,1.176073607224779e-55,1.1821764001193306e-55,1.1883042382613846e-55,1.1944571970594316e-55,1.2006353520620942e-55,1.2068387789758228e-55,1.213067553629013e-55,1.2193217520048868e-55,1.2256014502418672e-55,1.231906724599613e-55,1.2382376514983928e-55,1.2445943074972063e-55,1.2509767692980192e-55,1.2573851137426328e-55,1.2638194178226298e-55,1.2702797586856194e-55,1.2767662136057434e-55,1.2832788600023077e-55,1.2898177754579068e-55,1.296383037674083e-55,1.3029747245111376e-55,1.3095929139795039e-55,1.3162376842288537e-55,1.322909113549168e-55,1.329607280385763e-55,1.3363322633261346e-55,1.3430841410939364e-55,1.3498629925741963e-55,1.3566688967899577e-55,1.3635019329096383e-55,1.3703621802423462e-55,1.3772497182618498e-55,1.3841646265692958e-55,1.3911069849056262e-55,1.3980768731836564e-55,1.4050743714497645e-55,1.4120995598982402e-55,1.4191525188683942e-55,1.426233328846481e-55,1.4333420704677368e-55,1.440478824505729e-55,1.447643671888197e-55,1.4548366936971511e-55,1.4620579711552444e-55,1.469307585632901e-55,1.4765856186469827e-55,1.4838921518632585e-55,1.4912272670877431e-55,1.4985910462816746e-55,1.505983571560234e-55,1.5134049251818071e-55,1.5208551895506762e-55,1.5283344472189714e-55,1.5358427808903848e-55,1.5433802734072097e-55,1.550947007775869e-55,1.558543067143121e-55,1.5661685347992953e-55,1.573823494195599e-55,1.5815080289263505e-55,1.5892222227290673e-55,3.849349923778414e-28,1.687019736359909e-27,4.561413952765623e-27,9.83578553041766e-27,1.855617313930187e-26,3.2041845206175104e-26,5.195352295919835e-26,8.037887414651579e-26,1.199401593518898e-25,1.7393034895229761e-25,2.4648595213808367e-25,3.4280737481888787e-25,4.694410893606523e-25,6.3464259092915e-25,8.488455057785415e-25,1.1252709793939623e-24,1.4807235730260203e-24,1.936636733702007e-24,2.520454517869759e-24,3.267469645917521e-24,4.223285635602214e-24,5.4471394276110095e-24,7.016420847326709e-24,9.032872214607548e-24,1.1631170027099903e-23,1.4990919767857552e-23,1.9353596799090865e-23,2.504674229603765e-23,3.251894069737162e-23,4.2391045825157244e-23,5.553226917495774e-23,7.317493924528811e-23,9.709049123186673e-23,1.2986430476630122e-22,1.7533353378783999e-22,2.3930000897914596e-22,3.3071937685556273e-22,4.637383633080451e-22,6.612905450995625e-22,9.616579604344585e-22,1.4309025709912144e-21,2.1874410893687838e-21,3.453037577353878e-21,5.664670645748962e-21,9.736283112875077e-21,1.7719042157692057e-20,3.253485597515873e-20,3.253485597523925e-20,3.253485597532831e-20,3.2534855975428025e-20,3.253485597554139e-20,3.2534855975672805e-20,3.253485597582914e-20,3.253485597653606e-20,3.2534855979474067e-20,6.97785154987249e-20,1.6679365239375815e-19,4.58393150100045e-19,1.4998090043906297e-18,5.994172867522621e-18,2.889826871199909e-17,1.5580439043184153e-16,8.292019928395273e-16,3.673067116414995e-15,3.67306711766032e-15,1.988108944392351e-14,1.5348443958135493e-13,1.2952974695936379e-12,8.944659895898645e-12,4.8911698974236724e-11,2.175492884185364e-10,8.068698020589792e-10,2.5430406899659685e-09,6.923261105309572e-09,1.653856097463118e-08,3.5201608447489856e-08,6.773548040340275e-08,1.1941530442373004e-07,1.9520265999654367e-07,2.989841180964125e-07,4.329981383203025e-07,5.975548782207536e-07,7.910711110223217e-07,1.0103711242598762e-06,1.2511536142451632e-06,1.5085095349437443e-06,1.7773959018274963e-06,2.053008482158899e-06,2.3310338652548863e-06,2.6077884251238986e-06,2.88026610762744e-06,3.146121310230967e-06,3.4036112087522253e-06,3.651517064586375e-06,3.889058567519425e-06,4.115810352380865e-06,4.331625957111315e-06,4.5365717179310185e-06,4.7308712716586236e-06,4.914860236227496e-06,5.088950055920155e-06,5.253599753441029e-06,5.409294294086162e-06,5.556528348994268e-06,5.695794382104704e-06,5.827574142687176e-06,5.952332801500624e-06,6.070515110041043e-06,6.18254308661475e-06,6.2888148373191546e-06,6.389704206090606e-06,6.4855610177243425e-06,6.576711733299243e-06,6.663460381603899e-06,6.7460896642096824e-06,6.824862158603497e-06,6.90002156428878e-06,6.971793952257087e-06,7.040388990223477e-06,7.106001124887453e-06,7.168810709029431e-06,7.228985066326445e-06,7.286679490237079e-06,7.342038175824367e-06,7.395195085398504e-06,7.44627474983255e-06,7.4953930084562334e-06,7.542657690744741e-06,7.588169243435387e-06,7.632021306710262e-06,7.674301243121068e-06,7.715090622850153e-06,7.754465668696278e-06,7.792497664084009e-06,7.829253327139645e-06,7.864795153654912e-06,7.899181731643394e-06,7.932468029853114e-06,7.96470566258925e-06,7.995943132735245e-06,8.026226055155669e-06,8.055597361836832e-06,8.084097490133026e-06,8.111764558772198e-06,8.13863452360525e-06,8.164741328061179e-06,8.19011703809906e-06,8.2147919675237e-06,8.238794793690634e-06,8.262152664425228e-06,8.284891296882347e-06,8.30703506900624e-06,8.328607104281758e-06,8.349629350209768e-06,8.370122651125287e-06,8.390106815755376e-06,8.409600679980916e-06,8.428622165174556e-06,8.447188332431685e-06,8.465315433086492e-06,8.483018955728895e-06,8.500313670048226e-06,8.517213667727898e-06,8.533732400612374e-06,8.549882716366941e-06,8.565676891747882e-06,8.581126663838233e-06,8.596243259154179e-06,8.611037420987566e-06,8.625519434994484e-06,8.639699153170472e-06,8.6535860164043e-06,8.66718907559975e-06,8.680517011513748e-06,8.693578153461688e-06,8.706380496845546e-06,8.718931719683844e-06,8.731239198159269e-06,8.743310021281409e-06,8.755151004698849e-06,8.766768703723917e-06,8.77816942563036e-06,8.789359241246387e-06,8.800343995943429e-06,8.811129319980137e-06,8.8217206383043e-06,8.832123179824825e-06,8.842341986182766e-06,8.852381920061748e-06,8.862247673055607e-06,8.871943773132899e-06,8.88147459170556e-06,8.890844350346717e-06,8.900057127159273e-06,8.909116862819645e-06,8.918027366337805e-06,8.926792320496556e-06,8.93541528705769e-06,8.943899711696376e-06,8.952248928698343e-06,8.960466165433143e-06,8.96855454661198e-06,8.976517098348205e-06,8.984356752018806e-06,8.992076347953175e-06,8.999678638948029e-06,9.007166293621485e-06,9.014541899609042e-06,9.021807966636823e-06,9.028966929418424e-06,9.036021150452061e-06,9.042972922689657e-06,9.049824472081411e-06,9.056577960012839e-06,9.063235485635863e-06,9.069799088098446e-06,9.076270748686118e-06,9.082652392853368e-06,9.088945892203105e-06,9.095153066339363e-06,9.101275684687528e-06,9.107315468206826e-06,9.113274091062959e-06,9.119153182158085e-06,9.12495432674071e-06,9.130679067789381e-06,9.136328907464017e-06,9.141905308436187e-06,9.147409695173748e-06,9.152843455211045e-06,9.158207940324647e-06,9.163504467655348e-06,9.1687343208717e-06,9.17389875122139e-06,9.178998978507437e-06,9.18403619211946e-06,9.18901155194502e-06,9.193926189321494e-06,9.198781207885467e-06,9.203577684435315e-06,9.208316669718882e-06,9.212999189258091e-06,9.217626244080806e-06,9.222198811457561e-06,9.22671784560437e-06,9.231184278364383e-06,9.235599019869854e-06,9.239962959142678e-06,9.244276964746588e-06,9.248541885359899e-06,9.252758550340356e-06,9.25692777027514e-06,9.261050337511254e-06,9.26512702667418e-06,9.2691585951597e-06,9.273145783618271e-06,9.277089316402616e-06,9.280989902029131e-06,9.284848233612686e-06,9.288664989278378e-06,9.292440832569101e-06,9.296176412836905e-06,9.299872365623704e-06,9.303529313028303e-06,9.307147864061995e-06,9.310728614992227e-06,9.314272149674518e-06,9.317779039884447e-06,9.321249845620883e-06,9.324685115410609e-06,9.328085386605761e-06,9.331451185667897e-06,9.33478302844197e-06,9.338081420426236e-06,9.341346857042504e-06,9.34457982384883e-06,9.347780796842231e-06,9.350950242646168e-06,9.354088618776804e-06,9.357196373835906e-06,9.36027394775009e-06,9.36332177197097e-06,9.366340269680164e-06,9.369329855988159e-06,9.372290938129583e-06,9.375223915650318e-06,9.378129180583393e-06,9.381007117628007e-06,9.38385810433848e-06,9.386682511260493e-06,9.389480702113578e-06,9.392253033945865e-06,9.394999857283116e-06,9.397721516287695e-06,9.400418348882664e-06,9.403090686920207e-06,9.405738856298222e-06,9.408363177116412e-06,9.410963963762162e-06,9.413541525078678e-06,9.416096164488794e-06,9.418628180093853e-06,9.42113786478231e-06,9.423625506372087e-06,9.426091387720536e-06,9.428535786796044e-06,9.430958976817946e-06,9.433361226349306e-06,9.435742799386951e-06,9.438103955466253e-06,9.440444949758707e-06,9.442766033167605e-06,9.445067452403462e-06,9.447349450079263e-06,9.449612264795059e-06,9.45185613122296e-06,9.45408128018798e-06,9.456287938745334e-06,9.458476330258346e-06,9.460646674476755e-06,9.462799187607741e-06,9.46493408237751e-06,9.467051568123372e-06,9.469151850840958e-06,9.47123513326463e-06,9.473301614922857e-06,9.475351492213704e-06,9.477384958451424e-06,9.479402203937195e-06,9.48140341601441e-06,9.483388779129203e-06,9.485358474883595e-06,9.487312682094452e-06,9.489251576840748e-06,9.491175332522756e-06,9.493084119909657e-06,9.494978107187465e-06,9.496857460014301e-06,9.498722341567118e-06,9.500572912576553e-06,9.50240933139501e-06,9.504231754011441e-06,9.506040334138341e-06,9.50783522320533e-06,9.509616570431211e-06,9.511384522854824e-06,9.51313922537943e-06,9.514880820809464e-06,9.51660944988899e-06,9.518325251338957e-06,9.520028361893587e-06,9.521718916335126e-06,9.52339704752311e-06,9.525062886457368e-06,9.526716562264936e-06,9.528358202272769e-06,9.529987932015566e-06,9.53160587527879e-06,9.533212154127362e-06,9.53480688893487e-06,9.536390198415931e-06,9.537962199639301e-06,9.53952300808181e-06,9.541072737640691e-06,9.542611500661178e-06,9.544139407964709e-06,9.545656568875539e-06,9.547163091243466e-06,9.548659081476895e-06,9.55014464455653e-06,9.551619884061982e-06,9.553084902201678e-06,9.554539799828631e-06,9.55598467646659e-06,9.55741963033181e-06,9.558844758351472e-06,9.560260156191418e-06,9.561665918269126e-06,9.563062137782576e-06,9.564448906715767e-06,9.565826315878378e-06,9.567194454907783e-06,9.568553412299907e-06,9.569903275419229e-06,9.571244130515178e-06,9.572576062751914e-06,9.573899156211353e-06,9.575213493932423e-06,9.576519157894542e-06,9.577816229061702e-06,9.579104787387728e-06,9.580384911830776e-06,9.581656680373661e-06,9.58292017003626e-06,9.58417545689059e-06,9.585422616074884e-06,9.586661721818112e-06,9.587892847424891e-06,9.589116065333047e-06,9.590331447088476e-06,9.591539063372148e-06,9.592738984023414e-06,9.59393127804018e-06,9.595116013594202e-06,9.596293258048725e-06,9.597463077966548e-06,9.598625539110121e-06,9.599780706478803e-06,9.600928644303216e-06,9.602069416059994e-06,9.603203084479283e-06,9.60432971156418e-06,9.605449358595852e-06,9.606562086143268e-06,9.607667954075814e-06,9.608767021573663e-06,9.609859347136162e-06,9.610944988595506e-06,9.61202400311622e-06,9.6130964472152e-06,9.614162376771468e-06,9.615221847027416e-06,9.616274912604047e-06,9.61732162750559e-06,9.618362045131769e-06,9.619396218283645e-06,9.620424199174135e-06,9.621446039435106e-06,9.622461790125127e-06,9.623471501739652e-06,9.624475224215344e-06,9.625473006941385e-06,9.626464898763416e-06,9.627450947994957e-06,9.62843120242182e-06,9.6294057093105e-06,9.630374515415e-06,9.631337666983304e-06,9.632295209766719e-06,9.633247189022798e-06,9.63419364952709e-06,9.635134635568424e-06,9.636070190972633e-06,9.637000359093917e-06,9.637925182832417e-06,9.638844704628752e-06,9.639758966478e-06,9.640668009934873e-06,9.641571876119677e-06,9.642470605719284e-06,9.643364238998055e-06,9.64425281580092e-06,9.64513637555954e-06,9.646014957290903e-06,9.646888599630208e-06,9.647757340796115e-06,9.648621218619378e-06,9.649480270544585e-06,9.6503345336337e-06,9.651184044572354e-06,9.652028839672924e-06,9.65286895488034e-06,9.653704425776601e-06,9.654535287584419e-06,9.655361575174388e-06,9.65618332306582e-06,9.657000565437194e-06,9.657813336116812e-06,9.658621668608334e-06,9.65942559607211e-06,9.66022515134822e-06,9.661020366949365e-06,9.66181127507124e-06,9.662597907592237e-06,9.663380296074773e-06,9.664158471777409e-06,9.664932465652933e-06,9.66570230834833e-06,9.666468030228646e-06,9.667229661349223e-06,9.667987231477966e-06,9.668740770109353e-06,9.669490306440783e-06,9.670235869394314e-06,9.670977487616386e-06,9.671715189480612e-06,9.672449003091582e-06,9.673178956285716e-06,9.673905076639264e-06,9.67462739146407e-06,9.675345927818296e-06,9.676060712505739e-06,9.676771772079508e-06,9.677479132842506e-06,9.678182820854658e-06,9.678882861933082e-06,9.679579281655652e-06,9.680272105363144e-06,9.680961358162504e-06,9.68164706493038e-06,9.682329250315505e-06,9.683007938737928e-06,9.68368315439618e-06,9.684354921268476e-06,9.685023263114872e-06,9.685688203478222e-06,9.686349765690864e-06,9.687007972871895e-06,9.687662847933021e-06,9.68831441358074e-06,9.688962692316202e-06,9.689607706439622e-06,9.690249478052964e-06,9.69088802906045e-06,9.691523381172627e-06,9.69215555590098e-06,9.692784574582028e-06,9.693410458350861e-06,9.694033228159352e-06,9.694652904773358e-06,9.695269508783428e-06,9.695883060594094e-06,9.696493580432624e-06,9.697101088354234e-06,9.697705604230715e-06,9.698307147770279e-06,9.698905738507766e-06,9.699501395809537e-06,9.700094138875152e-06,9.700683986738439e-06,9.701270958271514e-06,9.701855072184181e-06,9.702436347026463e-06,9.703014801190208e-06,9.703590452911348e-06,9.704163320271644e-06,9.70473342119918e-06,9.705300773470336e-06,9.705865394712573e-06,9.706427302404587e-06,9.706986513879077e-06,9.707543046321825e-06,9.708096916779551e-06,9.708648142151319e-06,9.709196739199516e-06,9.709742724545532e-06,9.710286114674177e-06,9.71082692593328e-06,9.711365174536305e-06,9.711900876562734e-06,9.71243404796068e-06,9.712964704548299e-06,9.713492862013171e-06,9.71401853591309e-06,9.714541741682584e-06,9.715062494629403e-06,9.71558080993738e-06,9.71609670266734e-06,9.716610187758504e-06,9.71712128003044e-06,9.717629994181885e-06,9.718136344794764e-06,9.718640346334e-06,9.719142013148875e-06,9.71964135947442e-06,9.720138399431653e-06,9.720633147030911e-06,9.72112561617062e-06,9.72161582063771e-06,9.722103774112566e-06,9.722589490167339e-06,9.723072982266855e-06,9.72355426377044e-06,9.724033347931865e-06,9.724510247907113e-06,9.724984976737199e-06,9.725457547375467e-06,9.725927972663722e-06,9.726396265351002e-06,9.726862438085197e-06,9.727326503415167e-06,9.727788473796675e-06,9.728248361588191e-06,9.728706179051249e-06,9.729161938355518e-06,9.729615651576282e-06,9.730067330698314e-06,9.73051698761332e-06,9.730964634123522e-06,9.731410281942755e-06,9.731853942695123e-06,9.73229562791416e-06,9.732735349048684e-06,9.733173117463537e-06,9.73360894443505e-06,9.734042841156138e-06,9.734474818735003e-06,9.734904888198513e-06,9.735333060488793e-06,9.735759346469566e-06,9.736183756922056e-06,9.736606302547674e-06,9.737026993967801e-06,9.737445841727994e-06,9.73786285629275e-06,9.738278048051211e-06,9.738691427316695e-06,9.739103004326308e-06,9.739512789241856e-06,9.73992079215052e-06,9.7403270230682e-06,9.740731491933418e-06,9.741134208616804e-06,9.741535182915908e-06,9.741934424557428e-06,9.742331943197726e-06,9.742727748423348e-06,9.743121849751705e-06,9.743514256632249e-06,9.743904978446358e-06,9.744294024508405e-06,9.74468140406563e-06,9.745067126300111e-06,9.745451200329024e-06,9.745833635202897e-06,9.746214439908826e-06,9.746593623369903e-06,9.746971194447158e-06,9.747347161938733e-06,9.747721534580376e-06,9.74809432104674e-06,9.748465529951404e-06,9.7488351698481e-06,9.749203249229795e-06,9.749569776529786e-06,9.749934760124334e-06,9.750298208329205e-06,9.750660129406384e-06,9.751020531553764e-06,9.751379422920353e-06,9.751736811590268e-06,9.752092705600284e-06,9.752447112924813e-06,9.75280004149215e-06,9.753151499166786e-06,9.753501493764858e-06,9.753850033045887e-06,9.754197124718435e-06,9.754542776439332e-06,9.754886995810238e-06,9.75522979038358e-06,9.755571167660239e-06,9.755911135090008e-06,9.756249700071874e-06,9.756586869955349e-06,9.756922652039163e-06,9.757257053577276e-06,9.757590081770696e-06,9.75792174377324e-06,9.758252046690789e-06,9.758580997581838e-06,9.758908603458277e-06,9.759234871281747e-06,9.759559807976843e-06,9.7598834204139e-06,9.760205715418703e-06,9.760526699773993e-06,9.760846380216504e-06,9.761164763439237e-06,9.761481856088337e-06,9.761797664774849e-06,9.762112196058495e-06,9.762425456455362e-06,9.762737452443404e-06,9.763048190457028e-06,9.763357676885798e-06,9.763665918081881e-06,9.763972920353796e-06,9.764278689969719e-06,9.764583233156718e-06,9.764886556103307e-06,9.765188664956225e-06,9.765489565823213e-06,9.765789264772505e-06,9.766087767833226e-06,9.766385080997437e-06,9.766681210216471e-06,9.766976161405673e-06,9.767269940442054e-06,9.767562553162483e-06,9.767854005370466e-06,9.76814430283027e-06,9.768433451272049e-06,9.768721456387782e-06,9.769008323832469e-06,9.769294059227923e-06,9.76957866815834e-06,9.769862156175959e-06,9.770144528793467e-06,9.770425791491585e-06,9.770705949716796e-06,9.770985008881968e-06,9.771262974366097e-06,9.771539851511791e-06,9.771815645631226e-06,9.772090362002395e-06,9.772364005872474e-06,9.772636582455254e-06,9.772908096931389e-06,9.773178554448007e-06,9.773447960122593e-06,9.773716319041742e-06,9.773983636259474e-06,9.774249916799811e-06,9.774515165652487e-06,9.774779387782836e-06,9.775042588121107e-06,9.775304771568631e-06,9.775565942997524e-06,9.775826107249616e-06,9.776085269136962e-06,9.776343433444724e-06,9.776600604923818e-06,9.776856788301486e-06,9.777111988275352e-06,9.777366209513389e-06,9.777619456657137e-06,9.777871734318308e-06,9.77812304708143e-06,9.778373399504615e-06,9.778622796117777e-06,9.778871241424125e-06,9.7791187398987e-06,9.779365295992623e-06,9.779610914128688e-06,9.779855598701693e-06,9.780099354085517e-06,9.780342184621156e-06,9.78058409462975e-06,9.780825088404906e-06,9.781065170212929e-06,9.781304344297738e-06,9.781542614877043e-06,9.781779986144146e-06,9.782016462268783e-06,9.78225204739323e-06,9.782486745636591e-06,9.782720561095661e-06,9.782953497842287e-06,9.783185559924525e-06,9.783416751366961e-06,9.783647076170389e-06,9.783876538313223e-06,9.784105141750209e-06,9.78433289041338e-06,9.784559788211273e-06,9.784785839031028e-06,9.785011046737234e-06,9.785235415172947e-06,9.785458948155537e-06,9.785681649483185e-06,9.785903522934432e-06,9.786124572262298e-06,9.78634480120078e-06,9.786564213461315e-06,9.786782812734459e-06,9.787000602689761e-06,9.787217586977525e-06,9.78743376922416e-06,9.787649153034525e-06,9.787863742002094e-06,9.788077539690325e-06,9.788290549646308e-06,9.788502775396296e-06,9.788714220447789e-06,9.788924888288178e-06,9.789134782383553e-06,9.789343906183122e-06,9.789552263114828e-06,9.789759856588868e-06,9.789966689995485e-06,9.790172766706375e-06,9.790378090074287e-06,9.790582663433392e-06,9.790786490099472e-06,9.790989573369748e-06,9.791191916523162e-06,9.79139352282044e-06,9.791594395504311e-06,9.791794537799907e-06,9.791993952914296e-06,9.792192644036818e-06,9.792390614339308e-06,9.792587866976756e-06,9.792784405085913e-06,9.792980231785034e-06,9.793175350180435e-06,9.793369763356613e-06,9.793563474383182e-06,9.793756486313144e-06,9.793948802179699e-06,9.794140425003787e-06,9.794331357787862e-06,9.794521603519137e-06,9.794711165167725e-06,9.79490004568811e-06,9.795088248018773e-06,9.795275775081685e-06,9.795462629784718e-06,9.795648815019807e-06,9.795834333660503e-06,9.796019188568544e-06,9.796203382588517e-06,9.796386918549233e-06,9.796569799265573e-06,9.79675202753767e-06,9.796933606149723e-06,9.79711453787157e-06,9.797294825458251e-06,9.797474471650111e-06,9.797653479173054e-06,9.797831850738362e-06,9.798009589043149e-06,9.798186696770397e-06,9.798363176588197e-06,9.798539031151125e-06,9.798714263100066e-06,9.798888875062991e-06,9.799062869650106e-06,9.799236249461685e-06,9.799409017083265e-06,9.799581175087936e-06,9.799752726032498e-06,9.799923672462654e-06,9.800094016910648e-06,9.800263761894707e-06,9.800432909920867e-06,9.800601463481836e-06,9.800769425056447e-06,9.800936797111822e-06,9.801103582101675e-06,9.801269782468156e-06,9.801434888857314e-06,9.801599929015093e-06,9.801764391790138e-06,9.801928279573993e-06,9.802091594745701e-06,9.802254339672192e-06,9.802416516707528e-06,9.802578128195294e-06,9.802739176466157e-06,9.80289966383862e-06,9.803059592618415e-06,9.80321896510149e-06,9.803377783571393e-06,9.8035360502998e-06,9.803693767547052e-06,9.803850937561924e-06,9.804007562581866e-06,9.804163644832909e-06,9.804319186527714e-06,9.804474189874476e-06,9.804628657062759e-06,9.804782590274375e-06,9.804935991679785e-06,9.805088863438538e-06,9.805241207699295e-06,9.805393026599982e-06,9.805544322267832e-06,9.805695096819284e-06,9.805845352360343e-06,9.805995090986328e-06,9.806144314782322e-06,9.806293025822549e-06,9.806441226172492e-06,9.806588917884601e-06,9.806736103003219e-06,9.806882783562087e-06,9.807028961584734e-06,9.807174639084674e-06,9.807319818065519e-06,9.80746450052203e-06,9.807608688435963e-06,9.8077523837819e-06,9.807895588525176e-06,9.808038304619852e-06,9.808180534011473e-06,9.808322278635258e-06,9.808463540417249e-06,9.808604321274273e-06,9.808744623113527e-06,9.808884447833897e-06,9.809023797322118e-06,9.809162673458715e-06,9.809301078113663e-06,9.809439013148822e-06,9.809576480415938e-06,9.809713481758385e-06,9.80985001901012e-06,9.809986093997006e-06,9.81012170853544e-06,9.810256864433844e-06,9.810391563488969e-06,9.810525807493783e-06,9.8106595982289e-06,9.810792937467811e-06,9.81092582697478e-06,9.81105826850679e-06,9.811190263810606e-06,9.811321814626217e-06,9.811452922684375e-06,9.811583589707736e-06,9.811713817411458e-06,9.811843607500858e-06,9.811972961675564e-06,9.812101881625332e-06,9.812230369031224e-06,9.812358425569122e-06,9.812486052904295e-06,9.812613252695663e-06,9.812740026592662e-06,9.812866376238456e-06,9.812992303268524e-06,9.813117809308669e-06,9.813242895979664e-06,9.813367564892505e-06,9.813491817652041e-06,9.813615655854633e-06,9.813739081088387e-06,9.813862094937594e-06,9.813984698975216e-06,9.814106894767951e-06,9.814228683875848e-06,9.814350067851832e-06,9.814471048240408e-06,9.81459162657961e-06,9.81471180439953e-06,9.81483158322533e-06,9.814950964571826e-06,9.815069949949523e-06,9.815188540860834e-06,9.815306738801366e-06,9.815424545259723e-06,9.815541961717695e-06,9.815658989650109e-06,9.815775630525094e-06,9.815891885804023e-06,9.816007756941301e-06,9.816123245385059e-06,9.81623835257652e-06,9.816353079950143e-06,9.81646742893428e-06,9.81658140095016e-06,9.816694997413248e-06,9.816808219731223e-06,9.816921069306741e-06,9.817033547535387e-06,9.81714565580636e-06,9.81725739550286e-06,9.817368768001556e-06,9.81747977467266e-06,9.817590416880679e-06,9.817700695983523e-06,9.817810613332949e-06,9.817920170274823e-06,9.81802936814816e-06,9.818138208287772e-06,9.818246692020595e-06,9.818354820668384e-06,9.818462595546506e-06,9.818570017964778e-06,9.818677089226998e-06,9.818783810631127e-06,9.818890183468603e-06,9.818996209027219e-06,9.819101888586683e-06,9.819207223421787e-06,9.819312214801891e-06,9.819416863990345e-06,9.819521172244884e-06,9.81962514081798e-06,9.819728770956045e-06,9.819832063900568e-06,9.819935020886396e-06,9.820037643143445e-06,9.82013993189737e-06,9.820241888366856e-06,9.820343513765883e-06,9.82044480930224e-06,9.8205457761795e-06,9.820646415595226e-06,9.820746728742052e-06,9.820846716807434e-06,9.820946380972669e-06,9.821045722414696e-06,9.821144742305318e-06,9.821243441811124e-06,9.821341822093149e-06,9.8214398843065e-06,9.821537629604925e-06,9.821606574390029e-06,9.821651466584488e-06,9.821699488367806e-06,9.821752963616148e-06,9.821812355792616e-06,9.821878052760593e-06,9.821950497414222e-06,9.822030194306758e-06,9.822117705774317e-06,9.822213646203646e-06,9.822318675356208e-06,9.822433491083663e-06,9.822558821710918e-06,9.822695418333821e-06,9.822844047247564e-06,9.823005482684638e-06,9.823180500007211e-06,9.823369869459806e-06,9.823574350559485e-06,9.82379468716394e-06,9.824031603238e-06,9.824285799312398e-06,9.824557949614219e-06,9.824848699831268e-06,9.82515866546606e-06,9.825488430724365e-06,9.825838547888582e-06,9.826209537105986e-06,9.826601886548094e-06,9.827016052877412e-06,9.82745246197234e-06,9.827911509859586e-06,9.828393563813324e-06,9.828898963582337e-06,9.829428022701838e-06,9.829981029868752e-06,9.830558250349196e-06,9.831159927400815e-06,9.83178628368281e-06,9.832437522645738e-06,9.833113829887116e-06,9.833815374461192e-06,9.834542310137309e-06,9.835294776600901e-06,9.836072900594627e-06,9.836876796994767e-06,9.837706569824182e-06,9.838562313203741e-06,9.839444112236229e-06,9.84035204383126e-06,9.8412861774704e-06,9.842246575913138e-06,9.84323329585202e-06,9.844246388504821e-06,9.845285900174349e-06,9.846351872748173e-06,9.84744434415496e-06,9.848563348790356e-06,9.849708917896625e-06,9.850881079911469e-06,9.852079860776473e-06,9.853305284226362e-06,9.854557372046411e-06,9.855836144299127e-06,9.857141619536464e-06,9.858473814983203e-06,9.859832746708382e-06,9.861218429768841e-06,9.86263087834761e-06,9.864070105871116e-06,9.865536125115275e-06,9.867028948299098e-06,9.868548587165147e-06,9.87009505305581e-06,9.871668356970894e-06,9.873268509633866e-06,9.87489552153199e-06,9.87654940296235e-06,9.878230164069382e-06,9.879937814874174e-06,9.881672365305455e-06,9.883433825218474e-06,9.88522220441298e-06,9.88703751265928e-06,9.888879759703034e-06,9.890748955279693e-06,9.892645109124922e-06,9.894568230971063e-06,9.896518330568577e-06,9.898495417682058e-06,9.900499502087565e-06,9.902530593584424e-06,9.904588701990614e-06,9.90667383714271e-06,9.908786008897436e-06,9.910925227120503e-06,9.913091501700207e-06,9.915284842535349e-06,9.917505259535369e-06,9.91975276261757e-06,9.922027361700927e-06,9.924329066710272e-06,9.926657887564438e-06,9.929013834177884e-06,9.931396916458924e-06,9.933807144301545e-06,9.93624452758553e-06,9.938709076172097e-06,9.941200799901343e-06,9.943719708586574e-06,9.94626581202088e-06,9.948839119956337e-06,9.951439642118008e-06,9.954067388184164e-06,9.956722367810685e-06,9.959404590616971e-06,9.96211406615961e-06,9.964850803951354e-06,9.967614813460292e-06,9.970406104091213e-06,9.97322468524628e-06,9.97607056621202e-06,9.978943756248325e-06,9.98184426455344e-06,9.984772100258587e-06,9.987727272462206e-06,9.990709790178013e-06,9.993719662332496e-06,9.996756897831441e-06,9.9998215055057e-06,1.0002913494107445e-05,1.0006032872321488e-05,1.0009179648770139e-05,1.001235383198753e-05,1.0015555430471481e-05,1.0018784452623754e-05,1.0022040906784682e-05,1.0025324801213462e-05,1.0028636144112501e-05,1.0031974943585063e-05,1.0035341207674167e-05,1.0038734944378035e-05,1.0042156161567467e-05,1.004560486706893e-05,1.0049081068634778e-05,1.0052584773932554e-05,1.0056115990555004e-05,1.0059674726025714e-05,1.0063260987792662e-05,1.0066874783219283e-05,1.0070516119597835e-05,1.0074185004140358e-05,1.0077881443994071e-05,1.0081605446210137e-05,1.0085357017789178e-05,1.0089136165639647e-05,1.0092942896594054e-05,1.0096777217421045e-05,1.0100639134795478e-05,1.010452865529612e-05,1.0108445785474317e-05,1.0112390531785066e-05,1.0116362900600086e-05,1.0120362898234996e-05,1.012439053090091e-05,1.0128445804751989e-05,1.0132528725869124e-05,1.013663930024587e-05,1.0140777533811012e-05,1.0144943432414329e-05,1.014913700183209e-05,1.015335824776596e-05,1.015760717582914e-05,1.0161883791597485e-05,1.0166188100537302e-05,1.0170520108053393e-05,1.0174879819472439e-05,1.0179267240062006e-05,1.0183682374995604e-05,1.018812522939138e-05,1.0192595808281558e-05,1.019709411662985e-05,1.020162015934514e-05,1.0206173941223507e-05,1.0210755467014557e-05,1.0215364741411652e-05,1.0220001769012647e-05,1.0224666554350552e-05,1.0229359101888353e-05,1.0234079416016805e-05,1.0238827501059089e-05,1.0243603361260465e-05,1.0248407000812195e-05,1.0253238423803927e-05,1.0258097634285511e-05,1.026298463622694e-05,1.0267899433528338e-05,1.0272842030017195e-05,1.0277812429463771e-05,1.0282810635557048e-05,1.0287836651921129e-05,1.0292890482074935e-05,1.0297972129583454e-05,1.0303081597830394e-05,1.0308218890165257e-05,1.0313384009877063e-05,1.0318576960181222e-05,1.0323797744217304e-05,1.0329046365080096e-05,1.0334322825784779e-05,1.0339627129283268e-05,1.034495927848107e-05,1.0350319276178784e-05,1.0355707125129528e-05,1.0361122828020886e-05,1.0366566387474648e-05,1.0372037806048075e-05,1.0377537086233749e-05,1.0383064230462171e-05,1.0388619241131001e-05,1.0394202120462725e-05,1.039981287072494e-05,1.0405451494094386e-05,1.0411117992681592e-05,1.0416812368527321e-05,1.0422534623614472e-05,1.0428284759860453e-05,1.043406277911778e-05,1.0439868683179428e-05,1.0445702473773941e-05,1.0451564152579116e-05,1.0457453721183981e-05,1.0463371181136445e-05,1.046931653391732e-05,1.0475289780960574e-05,1.0481290923614245e-05,1.048731996318095e-05,1.0493376900897134e-05,1.0499461737939925e-05,1.0505574475430673e-05,1.0511715114422797e-05,1.0517883655901074e-05,1.0524080100829017e-05,1.0530304450069693e-05,1.0536556704444505e-05,1.0542836864710808e-05,1.0549144931563587e-05,1.0555480905660024e-05,1.0561844787578802e-05,1.0568236577822929e-05,1.0574656276872145e-05,1.0581103885143424e-05,1.0587579402971208e-05,1.0594082830655577e-05,1.0600614168450867e-05,1.0607173416515211e-05,1.0613760574955748e-05,1.0620375643841362e-05,1.0627018623210145e-05,1.063368951298848e-05,1.064038831305143e-05,1.0647115023258913e-05,1.0653869643394534e-05,1.066065217315187e-05,1.066746261225568e-05,1.0674300960297675e-05,1.0681167216835285e-05,1.0688061381379385e-05,1.0694983453303489e-05,1.070193343212949e-05,1.0708911317162346e-05,1.0715917107710817e-05,1.0722950802922428e-05,1.0730012402030595e-05,1.0737101904151523e-05,1.0744219308332813e-05,1.0751364613628919e-05,1.0758537818993948e-05,1.0765738923335588e-05,1.0772967925521981e-05,1.078022482434635e-05,1.078750961855935e-05,1.0794822306867991e-05,1.0802162887921171e-05,1.0809531360312856e-05,1.0816927722617904e-05,1.082435197327432e-05,1.0831804110747045e-05,1.083928413343077e-05,1.0846792039664346e-05,1.0854327827749505e-05,1.0861891495892632e-05,1.0869483042294744e-05,1.087710246509245e-05,1.088474976237181e-05,1.0892424932161747e-05,1.0900127972459355e-05,1.0907858881196535e-05,1.0915617656255407e-05,1.092340429548037e-05,1.0931218796636842e-05,1.0939061157492046e-05,1.0946931375749867e-05,1.0954829448981226e-05,1.0962755374836257e-05,1.0970709150818864e-05,1.0978690774444753e-05,1.0986700243172003e-05,1.0994737554372782e-05,1.1002802705397823e-05,1.1010895693556382e-05,1.101901651610749e-05,1.1027165170255958e-05,1.1035341653161991e-05,1.1043545961956833e-05,1.105177809365992e-05,1.1060038045343185e-05,1.1068325813939758e-05,1.1076641396391137e-05,1.1084984789577367e-05,1.1093355990332656e-05,1.1101754995439742e-05,1.1110181801655016e-05,1.1118636405647344e-05,1.1127118804079717e-05,1.11356289936553e-05,1.1144166970696894e-05,1.1152732731903158e-05,1.1161326273698304e-05,1.1169947592508891e-05,1.1178596684707437e-05,1.1187273546639819e-05,1.1195978174556823e-05,1.1204710564776489e-05,1.1213470713464943e-05,1.1222258616781478e-05,1.1231074270842472e-05,1.1239917671705076e-05,1.1248788815426462e-05,1.1257687697972016e-05,1.1266614315285563e-05,1.1275568663266542e-05,1.1284550737834187e-05,1.1293560534646702e-05,1.1302598049571906e-05,1.1311663278342929e-05,1.1320756216723576e-05,1.1329876860198371e-05,1.133902520440632e-05,1.1348201245064037e-05,1.1357404977427549e-05,1.136663639710905e-05,1.1375895499534815e-05,1.1385182280107112e-05,1.1394496734163474e-05,1.1403838857029301e-05,1.1413208643954421e-05,1.1422606090196018e-05,1.1432031190910103e-05,1.1441483941250017e-05,1.145096433633795e-05,1.1460472371213876e-05,1.147000804093919e-05,1.147957134048758e-05,1.1489162264801565e-05,1.149878080878907e-05,1.1508426967322467e-05,1.1518100735228782e-05,1.1527802107295045e-05,1.1537531078267019e-05,1.154728764285824e-05,1.155707179573565e-05,1.1566883531540626e-05,1.1576722844862706e-05,1.1586589730240941e-05,1.1596484182227988e-05,1.1606406195282593e-05,1.161635576384874e-05,1.1626332882326957e-05,1.1636337545125928e-05,1.1646369746538676e-05,1.1656429480800758e-05,1.166651674220106e-05,1.1676631524975441e-05,1.1686773823286562e-05,1.1696943631280294e-05,1.1707140943079207e-05,1.171736575275901e-05,1.1727618054256094e-05,1.1737897841614765e-05,1.1748205108881936e-05,1.1758539849899736e-05,1.1768902058485703e-05,1.1779291728560068e-05,1.1789708853925748e-05,1.1800153428364683e-05,1.1810625445587101e-05,1.1821124899353066e-05,1.1831651783303533e-05,1.1842206091092476e-05,1.1852787816290934e-05,1.1863396952461422e-05,1.1874033493122176e-05,1.1884697431811911e-05,1.1895388761929011e-05,1.190610747696539e-05,1.191685357036863e-05,1.1927627035318726e-05,1.1938427865209481e-05,1.1949256053319817e-05,1.1960111592962693e-05,1.1970994477316679e-05,1.1981904699569902e-05,1.1992842252869914e-05,1.200380713034134e-05,1.2014799325069437e-05,1.202581883009749e-05,1.2036865638452777e-05,1.2047939743115615e-05,1.2059041137033258e-05,1.2070169813125156e-05,1.2081325764280465e-05,1.2092508983329161e-05,1.2103719463144193e-05,1.211495719648099e-05,1.2126222176075113e-05,1.2137514394693381e-05,1.2148833845011359e-05,1.2160180519636625e-05,1.2171554411304255e-05,1.2182955512554089e-05,1.21943838159325e-05,1.220583931400283e-05,1.2217321999260807e-05,1.2228831864165685e-05,1.2240368901157465e-05,1.2251933102652474e-05,1.2263524461029172e-05,1.2275142968628866e-05,1.2286788617855369e-05,1.2298461400816305e-05,1.2310161309854643e-05,1.2321888337197411e-05,1.2333642475020422e-05,1.234542371549609e-05,1.2357232050778297e-05,1.2369067472948152e-05,1.2380929974090339e-05,1.239281954624855e-05,1.2404736181426692e-05,1.2416679871756201e-05,1.2428650608900298e-05,1.2440648384926622e-05,1.2452673191761606e-05,1.2464725021235317e-05,1.2476803865197637e-05,1.2488909715451723e-05,1.2501042563791394e-05,1.2513202401722653e-05,1.2525389221442898e-05,1.253760301441444e-05,1.254984377229061e-05,1.2562111486726783e-05,1.257440614930744e-05,1.258672775147893e-05,1.2599076285091578e-05,1.2611451741521098e-05,1.2623854112259167e-05,1.2636283388765553e-05,1.264873956250957e-05,1.2661222624891457e-05,1.2673732567292545e-05,1.2686269381075421e-05,1.2698833057582e-05,1.271142358810963e-05,1.2724040963952144e-05,1.273668517632582e-05,1.2749356216470252e-05,1.2762054075590576e-05,1.2774778744855158e-05,1.2787530215370383e-05,1.2800308478326128e-05,1.2813113524809217e-05,1.2825945345834899e-05,1.2838803932538677e-05,1.285168927576666e-05,1.2864601366599732e-05,1.2877540195986117e-05,1.2890505754845319e-05,1.2903498034159037e-05,1.2916517024734716e-05,1.2929562717527776e-05,1.2942635103251486e-05,1.2955734172747567e-05,1.2968859916814713e-05,1.2982012326210453e-05,1.2995191391715654e-05,1.3008397104052313e-05,1.3021629453725406e-05,1.3034888431506532e-05,1.304817402803395e-05,1.3061486233901166e-05,1.3074825039694985e-05,1.3088190435875823e-05,1.3101582413203369e-05,1.311500096204434e-05,1.3128446072930686e-05,1.3141917736301807e-05,1.3155415942656652e-05,1.316894068232788e-05,1.318249194569833e-05,1.3196069723194551e-05,1.3209674005148965e-05,1.3223304781881985e-05,1.323696204368167e-05,1.325064578080713e-05,1.3264355983524199e-05,1.3278092642086857e-05,1.3291855746704598e-05,1.3305645287485496e-05,1.3319461254676578e-05,1.3333303638264567e-05,1.3347172428458575e-05,1.3361067615429936e-05,1.3374989189175884e-05,1.3388937139741388e-05,1.3402911457194455e-05,1.3416912131487286e-05,1.3430939152566875e-05,1.3444992510468452e-05,1.3459072195041021e-05,1.3473178196241737e-05,1.3487310504006385e-05,1.3501469108141302e-05,1.3515653998488122e-05,1.3529865164894162e-05,1.3544102597169753e-05,1.3558366285095477e-05,1.3572656218436752e-05,1.358697238692612e-05,1.3601314780294979e-05,1.3615683388236404e-05,1.3630078200407345e-05,1.364449920651278e-05,1.3658946396134937e-05,1.3673419758844367e-05,1.3687919284205024e-05,1.370244496203273e-05,1.3716996781743983e-05,1.373157473286269e-05,1.37461788048954e-05,1.3760808987306198e-05,1.37754652696322e-05,1.3790147641289526e-05,1.380485609171089e-05,1.3819590610251087e-05,1.3834351186422067e-05,1.3849137809527123e-05,1.3863950468925654e-05,1.3878789153938878e-05,1.3893653853896483e-05,1.3908544558037492e-05,1.3923461255744307e-05,1.3938403936160268e-05,1.3953372588567043e-05,1.3968367202267017e-05,1.3983387766289432e-05,1.3998434269955996e-05,1.4013506702301646e-05,1.4028605052532502e-05,1.404372930976655e-05,1.4058879463109046e-05,1.4074055501667414e-05,1.4089257414390068e-05,1.4104485190500855e-05,1.4119738818938067e-05,1.4135018288783368e-05,1.4150323588875745e-05,1.4165654708211799e-05,1.4181011635871752e-05,1.4196394360690895e-05,1.4211802871720692e-05,1.4227237157779867e-05,1.4242697207584198e-05,1.4258183010392801e-05,1.4273694554713807e-05,1.4289231829478086e-05,1.430479482357413e-05,1.4320383525668447e-05,1.4335997924593165e-05,1.4351638009119435e-05,1.4367303767817044e-05,1.4382995189746448e-05,1.4398712263456814e-05,1.4414454977635615e-05,1.4430223320948703e-05,1.4446017282075942e-05,1.446183684968826e-05,1.4477682012313328e-05,1.4493552758620563e-05,1.4509449077197244e-05,1.4525370956619928e-05,1.454131838542378e-05,1.4557291352192397e-05,1.4573289845433703e-05,1.4589313853649415e-05,1.4605363365372633e-05,1.4621438369021609e-05,1.463753885306428e-05,1.4653664805984582e-05,1.466981621619414e-05,1.4685993072132198e-05,1.4702195362195187e-05,1.4718423074734238e-05,1.4734676198103053e-05,1.4750954720644238e-05,1.4767258630711156e-05,1.4783587916498514e-05,1.4799942566574758e-05,1.4816322569083391e-05,1.4832727912335022e-05,1.4849158584568137e-05,1.4865614573996204e-05,1.4882095868882232e-05,1.4898602457439795e-05,1.4915134327898528e-05,1.493169146837333e-05,1.4948273867090023e-05,1.4964881512194092e-05,1.4981514391777909e-05,1.4998172494035825e-05,1.5014855807043264e-05,1.5031564318897876e-05,1.504829801768115e-05,1.5065056891457825e-05,1.5081840928287615e-05,1.509865011619393e-05,1.5115484443224151e-05,1.5132343897380555e-05,1.5149228466627063e-05,1.5166138139009429e-05,1.5183072902465652e-05,1.520003274495157e-05,1.5217017654410094e-05,1.523402761876817e-05,1.525106262593815e-05,1.526812266382455e-05,1.5285207720312353e-05,1.5302317783272587e-05,1.5319452840568046e-05,1.5336612880009205e-05,1.5353797889504372e-05,1.5371007856837606e-05,1.5388242769814745e-05,1.5405502616230515e-05,1.542278738387105e-05,1.5440097060498552e-05,1.5457431633868453e-05,1.5474791091721293e-05,1.5492175421809386e-05,1.550958461181828e-05,1.5527018649466356e-05,1.5544477522438284e-05,1.5561961218449896e-05,1.55794697250912e-05,1.559700303012105e-05,1.5614561121096348e-05,1.563214398567526e-05,1.5649751611481084e-05,1.566738398614726e-05,1.56850410972021e-05,1.5702722932256457e-05,1.572042947888586e-05,1.5738160724642367e-05,1.5755916657074106e-05,1.577369726371772e-05,1.5791502532090944e-05,1.5809332449708174e-05,1.582718700405514e-05,1.584506618263832e-05,1.5862969972925512e-05,1.5880898362383667e-05,1.5898851338457913e-05,1.5916828888583938e-05,1.593483100022375e-05,1.595285766075527e-05,1.5970908857624778e-05,1.5988984578186335e-05,1.6007084809840484e-05,1.602520953999682e-05,1.604335875596634e-05,1.6061532445124355e-05,1.6079730594667514e-05,1.6097953192211436e-05,1.6116200224934844e-05,1.613447168015014e-05,1.6152767545272773e-05,1.617108780734248e-05,1.6189432453606125e-05,1.6207801471652045e-05,1.6226194848577533e-05,1.6244612571630403e-05,1.6263054627951854e-05,1.6281521004826957e-05,1.6300011689692708e-05,1.631852666965287e-05,1.633706593164057e-05,1.635562946292502e-05,1.6374217250852656e-05,1.6392829282502682e-05,1.6411465545024656e-05,1.643012602558186e-05,1.644881071116088e-05,1.6467519589137374e-05,1.648625264651795e-05,1.6505009870491084e-05,1.6523791247991943e-05,1.65425967660597e-05,1.65614264120297e-05,1.658028017282722e-05,1.6599158035404175e-05,1.66180599870046e-05,1.663698601462031e-05,1.665593610524828e-05,1.6674910245940576e-05,1.6693908423632597e-05,1.6712930625367026e-05,1.673197683816082e-05,1.675104704903865e-05,1.6770141244916852e-05,1.678925941282035e-05,1.6808401539615654e-05,1.6827567612292258e-05,1.684675761781662e-05,1.6865971543128342e-05,1.688520937508957e-05,1.6904471100658744e-05,1.692375670673188e-05,1.6943066180209293e-05,1.696239950799199e-05,1.6981756676956016e-05,1.700113767397233e-05,1.702054248590882e-05,1.7039971099617455e-05,1.70594235019609e-05,1.7078899679765215e-05,1.709839961986478e-05,1.7117923309084837e-05,1.7137470734240828e-05,1.7157041882146966e-05,1.7176636739600024e-05,1.7196255293394825e-05,1.721589753031356e-05,1.7235563437134365e-05,1.7255253000627084e-05,1.72749662076155e-05,1.72947030447954e-05,1.7314463498845394e-05,1.7334247556566226e-05,1.7354055204765672e-05,1.737388643008475e-05,1.7393741219182658e-05,1.7413619558880867e-05,1.7433521435780802e-05,1.7453446836641304e-05,1.7473395748140672e-05,1.7493368157014376e-05,1.7513364049827996e-05,1.7533383413297903e-05,1.7553426234090272e-05,1.7573492498892664e-05,1.7593582194267716e-05,1.7613695306897513e-05,1.7633831823425196e-05,1.7653991730472316e-05,1.767417501462119e-05,1.769438166246143e-05,1.7714611660691423e-05,1.773486499586253e-05,1.7755141654566012e-05,1.7775441623386594e-05,1.779576488890436e-05,1.7816111437736284e-05,1.7836481256368e-05,1.78568743313745e-05,1.7877290649324627e-05,1.789773019676476e-05,1.7918192960235406e-05,1.793867892626347e-05,1.7959188081316077e-05,1.7979720412056285e-05,1.800027590492708e-05,1.80208545464369e-05,1.8041456323096204e-05,1.8062081221413758e-05,1.8082729227856167e-05,1.81034003288949e-05,1.812409451103521e-05,1.8144811760750637e-05,1.8165552064498743e-05,1.818631540877003e-05,1.8207101779996893e-05,1.822791116461795e-05,1.8248743549097288e-05,1.82695989198969e-05,1.8290477263407024e-05,1.8311378566080188e-05,1.833230281436597e-05,1.8353249994626846e-05,1.8374220093311503e-05,1.8395213096802922e-05,1.841622899156002e-05,1.8437267763927973e-05,1.8458329400362992e-05,1.8479413887148008e-05,1.8500521210722398e-05,1.8521651357434306e-05,1.854280431374856e-05,1.856398006595708e-05,1.8585178600406128e-05,1.8606399903483403e-05,1.8627643961532027e-05,1.8648910760910277e-05,1.8670200287953702e-05,1.8691512528992057e-05,1.8712847470383616e-05,1.8734205098425863e-05,1.8755585399444186e-05,1.8776988359756547e-05,1.8798413965743133e-05,1.881986220360384e-05,1.8841333059769923e-05,1.8862826520481474e-05,1.88843425721531e-05,1.8905881200820503e-05,1.8927442392927575e-05,1.8949026134745736e-05,1.8970632412547605e-05,1.899226121255301e-05,1.9013912521108907e-05,1.9035586324445958e-05,1.905728260890562e-05,1.907900136071402e-05,1.9100742566091448e-05,1.9122506211348258e-05,1.914429228263444e-05,1.9166100766244577e-05,1.918793164836005e-05,1.9209784915329027e-05,1.923166055333048e-05,1.9253558548577483e-05,1.9275478887309752e-05,1.929742155575242e-05,1.931938654010475e-05,1.9341373826600948e-05,1.9363383401573792e-05,1.9385415250970665e-05,1.9407469361121318e-05,1.9429545718222906e-05,1.9451644308472112e-05,1.9473765118061994e-05,1.9495908133181748e-05,1.9518073340007768e-05,1.9540260724742173e-05,1.956247027356736e-05,1.9584701972634156e-05,1.9606955808104828e-05,1.9629231766192892e-05,1.9651529833036035e-05,1.9673849994813578e-05,1.969619223766294e-05,1.971855654777096e-05,1.974094291127657e-05,1.9763351314331203e-05,1.9785781743087203e-05,1.9808234183679753e-05,1.9830708622246132e-05,1.9853205044944204e-05,1.987572343793263e-05,1.9898263787284294e-05,1.9920826079179215e-05,1.9943410299729863e-05,1.9966016435004014e-05,1.9988644471229217e-05,2.0011294394525388e-05,2.00339661908381e-05,2.005665984651365e-05,2.007937534751487e-05,2.010211268006162e-05,2.012487183017458e-05,2.0147652784003713e-05,2.0170455527624893e-05,2.019328004716667e-05,2.0216126328710094e-05,2.0238994358357018e-05,2.0261884122145725e-05,2.0284795606331556e-05,2.030772879675867e-05,2.0330683679724575e-05,2.035366024125434e-05,2.0376658467415555e-05,2.039967834380672e-05,2.0422719857492238e-05,2.0445782994042313e-05,2.0468867739410374e-05,2.0491974079929297e-05,2.051510200155221e-05,2.053825149029801e-05,2.0561422532205346e-05,2.058461511353019e-05,2.060782922022634e-05,2.0631064838350034e-05,2.0654321953927256e-05,2.0677600553091037e-05,2.0700900621726693e-05,2.0724222146170915e-05,2.0747565112342917e-05,2.077092950626575e-05,2.0794315314262416e-05,2.081772252188546e-05,2.0841151115430928e-05,2.086460108091799e-05,2.0888072404453727e-05,2.0911565072004457e-05,2.093507906969193e-05,2.0958614383507443e-05,2.0982170999567177e-05,2.10057489037996e-05,2.102934808230648e-05,2.105296852110612e-05,2.1076610206275994e-05,2.1100273123655604e-05,2.11239572595726e-05,2.1147662600066272e-05,2.1171389130853934e-05,2.119513683814711e-05,2.1218905707957396e-05,2.1242695726326905e-05,2.1266506879295023e-05,2.129033915285487e-05,2.13141925330419e-05,2.133806700588039e-05,2.13619625573967e-05,2.138587917362028e-05,2.140981684056061e-05,2.143377554424523e-05,2.1457755270692987e-05,2.1481756005927e-05,2.1505777735964773e-05,2.152982044682383e-05,2.1553884124523994e-05,2.1577968755090602e-05,2.160207432452237e-05,2.1626200818844497e-05,2.1650348224073594e-05,2.167451652622319e-05,2.1698705711308613e-05,2.1722915765340766e-05,2.174714667434898e-05,2.1771398424324513e-05,2.17956710012921e-05,2.1819964391230708e-05,2.184427858021599e-05,2.1868613554233754e-05,2.1892969299292438e-05,2.1917345801303896e-05,2.194174304648023e-05,2.1966161020732395e-05,2.1990599710070992e-05,2.2015059100565877e-05,2.2039539178111362e-05,2.2064039928764682e-05,2.208856133856372e-05,2.2113103393501212e-05,2.213766607959125e-05,2.216224938285275e-05,2.2186853289278656e-05,2.2211477784888582e-05,2.2236122855698205e-05,2.22607884877304e-05,2.2285474667021103e-05,2.231018137951118e-05,2.233490861124133e-05,2.235965634809155e-05,2.2384424576189268e-05,2.2409213281771972e-05,2.2434022450620114e-05,2.2458852068751348e-05,2.2483702122231694e-05,2.25085725976816e-05,2.2533463479843235e-05,2.2558374755319635e-05,2.25833064102534e-05,2.260825843055242e-05,2.2633230802348233e-05,2.265822351151794e-05,2.268323654414683e-05,2.270826988624199e-05,2.2733323523823285e-05,2.275839744289194e-05,2.2783491629555007e-05,2.2808606069722436e-05,2.283374074947456e-05,2.28588956546551e-05,2.2884070771581883e-05,2.2909266086164103e-05,2.2934481584376843e-05,2.2959717252297484e-05,2.2984973075967645e-05,2.301024904135188e-05,2.303554513453741e-05,2.306086134174462e-05,2.3086197648555595e-05,2.3111554041211217e-05,2.3136930505779843e-05,2.3162327028277176e-05,2.3187743594705796e-05,2.3213180191291758e-05,2.3238636803763767e-05,2.326411341832159e-05,2.3289610021091817e-05,2.33151265979543e-05,2.3340663134821466e-05,2.3366219618032672e-05,2.339179603348475e-05,2.3417392367621666e-05,2.3443008605749193e-05,2.3468644733799053e-05,2.3494300738797396e-05,2.3519976606310154e-05,2.3545672322389072e-05,2.3571387873179954e-05,2.3597123244744876e-05,2.3622878422783716e-05,2.3648653393558894e-05,2.367444814313105e-05,2.370026265764865e-05,2.3726096923171914e-05,2.375195092564213e-05,2.377782465114694e-05,2.380371808579125e-05,2.3829631215656995e-05,2.3855564026809972e-05,2.3881516505295233e-05,2.3907488637337488e-05,2.3933480408760972e-05,2.3959491805683687e-05,2.398552281429667e-05,2.4011573420625704e-05,2.4037643610753492e-05,2.406373337074789e-05,2.4089842686985834e-05,2.4115971544933004e-05,2.4142119931009006e-05,2.416828783134103e-05,2.4194475230939906e-05,2.4220682116622306e-05,2.4246908476086146e-05,2.4273154294210244e-05,2.4299419556993855e-05,2.4325704250935785e-05,2.435200836178186e-05,2.4378331875341556e-05,2.4404674777917796e-05,2.4431037056059173e-05,2.445741869482548e-05,2.4483819681678536e-05,2.4510240001766874e-05,2.4536679641599313e-05,2.4563138587212522e-05,2.4589616824704423e-05,2.4616114340154586e-05,2.4642631119740367e-05,2.466916714953371e-05,2.4695722415746442e-05,2.4722296904567743e-05,2.4748890601953473e-05,2.477550349421995e-05,2.4802135567459908e-05,2.4828786807759438e-05,2.485545720131839e-05,2.4882146734018646e-05,2.4908855392532664e-05,2.4935583162659985e-05,2.4962330030721582e-05,2.498909598266463e-05,2.5015881004761626e-05,2.504268508314271e-05,2.5069508204196814e-05,2.5096350353721967e-05,2.512321151795177e-05,2.5150091683190372e-05,2.5176990835565824e-05,2.5203908961255462e-05,2.523084604643692e-05,2.5257802077304732e-05,2.5284777040014107e-05,2.5311770920751246e-05,2.5338783705730544e-05,2.536581538110917e-05,2.5392865933122994e-05,2.5419935347489625e-05,2.5447023611322077e-05,2.5474130710366156e-05,2.5501256631284246e-05,2.552840135936681e-05,2.5555564881281645e-05,2.5582747182915508e-05,2.5609948250832258e-05,2.56371680714976e-05,2.5664406630810804e-05,2.5691663915143323e-05,2.571893991054437e-05,2.5746234603415884e-05,2.5773547979536007e-05,2.580088002587168e-05,2.5828230728298718e-05,2.585560007307038e-05,2.588298804614893e-05,2.5910394634300387e-05,2.593781982321986e-05,2.596526359981186e-05,2.599272594986064e-05,2.60202068598466e-05,2.604770631601406e-05,2.6075224304128548e-05,2.6102760811307714e-05,2.6130315823505744e-05,2.6157889326896783e-05,2.6185481307711437e-05,2.6213091752203974e-05,2.624072064696461e-05,2.626836797785937e-05,2.6296033731412347e-05,2.6323717893894757e-05,2.635142045162658e-05,2.6379141390885754e-05,2.6406880697940693e-05,2.6434638359026123e-05,2.6462414360586236e-05,2.649020868899289e-05,2.6518021330482813e-05,2.6545852271376446e-05,2.6573701497994335e-05,2.6601568996692575e-05,2.6629454753810033e-05,2.665735875560574e-05,2.6685280988520188e-05,2.6713221438954833e-05,2.67411800929838e-05,2.676915693716915e-05,2.679715195778514e-05,2.6825165141188577e-05,2.6853196474131552e-05,2.6881245942246267e-05,2.6909313532227452e-05,2.693739923051808e-05,2.6965503023517852e-05,2.699362489748737e-05,2.7021764838862025e-05,2.7049922834110755e-05,2.7078098869462836e-05,2.710629293159057e-05,2.7134505006841322e-05,2.7162735081106955e-05,2.7190983141144527e-05,2.7219249173543203e-05,2.7247533164531955e-05,2.727583510040967e-05,2.7304154967646163e-05,2.7332492752829915e-05,2.7360848442195568e-05,2.7389222022304728e-05,2.741761347957764e-05,2.7446022800339414e-05,2.7474449971140408e-05,2.7502894978381212e-05,2.7531357808642213e-05,2.7559838447720102e-05,2.7588336883109012e-05,2.7616853100731684e-05,2.7645387087163155e-05,2.7673938829322556e-05,2.770250831259193e-05,2.773109552376074e-05,2.7759700449784556e-05,2.7788323077127096e-05,2.7816963392025154e-05,2.784562138099416e-05,2.787429703063158e-05,2.7902990327215837e-05,2.7931701257639072e-05,2.7960429808176094e-05,2.7989175965378176e-05,2.801793971567283e-05,2.804672104574298e-05,2.8075519941986423e-05,2.810433639096334e-05,2.8133170379188968e-05,2.81620218935456e-05,2.819089092041229e-05,2.8219777445745885e-05,2.8248681456533036e-05,2.827760293930818e-05,2.8306541880853902e-05,2.833549826733734e-05,2.8364472085519634e-05,2.8393463321943668e-05,2.8422471963251317e-05,2.845149799687285e-05,2.848054140759907e-05,2.85096021829184e-05,2.853868030941754e-05,2.8567775773624853e-05,2.8596888562338876e-05,2.8626018662036892e-05,2.8655166059247525e-05,2.8684330740758513e-05,2.8713512693129814e-05,2.8742711903022535e-05,2.877192835699652e-05,2.8801162041655804e-05,2.8830412943752997e-05,2.8859681049846373e-05,2.888896634647309e-05,2.891826882063427e-05,2.8947588458701532e-05,2.897692524744179e-05,2.9006279173269754e-05,2.9035650223185003e-05,2.9065038383588378e-05,2.90944436416435e-05,2.912386598356885e-05,2.915330539609695e-05,2.9182761865964125e-05,2.921223537991354e-05,2.924172592465033e-05,2.9271233487688678e-05,2.9300758054040472e-05,2.933029961137205e-05,2.9359858146253494e-05,2.9389433645521062e-05,2.9419026095798483e-05,2.9448635483908595e-05,2.9478261796624077e-05,2.9507905020577323e-05,2.9537565142549988e-05,2.956724214917096e-05,2.9596936027393787e-05,2.962664676442724e-05,2.965637434594409e-05,2.96861187594603e-05,2.9715879991641347e-05,2.974565802911438e-05,2.9775452858834324e-05,2.9805264467517896e-05,2.9835092841899697e-05,2.9864937968985272e-05,2.9894799835415875e-05,2.9924678427960657e-05,2.995457373359592e-05,2.998448573905948e-05,3.0014414431177812e-05,3.004435979674151e-05,3.007432182274733e-05,3.010430049564048e-05,3.0134295802697478e-05,3.016430773062769e-05,3.0194336266229897e-05,3.0224381396390094e-05,3.0254443107993862e-05,3.0284521387919994e-05,3.0314616223664017e-05,3.0344727600866082e-05,3.037485550707965e-05,3.040499992897402e-05,3.0435160853514698e-05,3.0465338267679527e-05,3.049553215834655e-05,3.0525742512431534e-05,3.055596931680451e-05,3.058621255849416e-05,3.061647222407692e-05,3.064674830107166e-05,3.067704077612214e-05,3.070734963618581e-05,3.0737674868130753e-05,3.076801645904032e-05,3.0798374395695136e-05,3.0828748665197216e-05,3.0859139254381915e-05,3.0889546150321984e-05,3.091996933991317e-05,3.095040881000464e-05,3.098086454807775e-05,3.101133654068579e-05,3.104182477506294e-05,3.107232923805249e-05,3.1102849916670145e-05,3.113338679795024e-05,3.116393986914567e-05,3.119450911694005e-05,3.122509452849432e-05,3.1255696090778414e-05,3.128631379091523e-05,3.131694761583054e-05,3.134759755300334e-05,3.137826358879423e-05,3.140894571076897e-05,3.143964390573524e-05,3.147035816069234e-05,3.1501088462951505e-05,3.153183479966883e-05,3.156259715780119e-05,3.159337552438588e-05,3.162416988654261e-05,3.165498023134903e-05,3.168580654596957e-05,3.171664881750881e-05,3.174750703292187e-05,3.1778381179779506e-05,3.1809271244809945e-05,3.184017721527453e-05,3.187109907828089e-05,3.190203682102546e-05,3.1932990430634356e-05,3.196395989413983e-05,3.199494519891968e-05,3.2025946331973104e-05,3.2056963280256355e-05,3.208799603156197e-05,3.2119044572483686e-05,3.215010889082234e-05,3.2181188973375856e-05,3.221228480720254e-05,3.224339638011655e-05,3.2274523678328454e-05,3.230566668996488e-05,3.233682540189345e-05,3.236799980127972e-05,3.239918987559325e-05,3.243039561198536e-05,3.246161699753274e-05,3.24928540195811e-05,3.252410666539877e-05,3.25553749222921e-05,3.258665877743759e-05,3.261795821891109e-05,3.264927323245634e-05,3.268060380650254e-05,3.2711949927598406e-05,3.2743311583497144e-05,3.277468876137239e-05,3.28060814485263e-05,3.283748963232401e-05,3.286891330008916e-05,3.290035243911702e-05,3.293180703675745e-05,3.296327708033848e-05,3.2994762557204884e-05,3.302626345470538e-05,3.3057779760841676e-05,3.308931146164924e-05,3.31208585449405e-05,3.31524209983338e-05,3.31839988088338e-05,3.321559196470448e-05,3.324720045276883e-05,3.327882426045078e-05,3.3310463375276685e-05,3.334211778448075e-05,3.337378747525427e-05,3.340547243539234e-05,3.343717265219987e-05,3.3468888113068295e-05,3.3500618804726584e-05,3.353236471605525e-05,3.3564125833791194e-05,3.359590214535295e-05,3.362769363821486e-05,3.365950029970097e-05,3.369132211737739e-05,3.3723159078949194e-05,3.375501117168458e-05,3.3786878383078944e-05,3.3818760700663377e-05,3.385065811192264e-05,3.3882570604292804e-05,3.391449816517716e-05,3.394644078225282e-05,3.397839844316149e-05,3.401037113518838e-05,3.404235884613418e-05,3.407436156328598e-05,3.410637927434179e-05,3.413841196650795e-05,3.4170459627952174e-05,3.420252224557511e-05,3.423459980753841e-05,3.426669230115905e-05,3.429879971398784e-05,3.433092203357311e-05,3.436305924760024e-05,3.439521134370099e-05,3.442737830930731e-05,3.4459560132245555e-05,3.4491756799947145e-05,3.452396830012854e-05,3.455619462040858e-05,3.4588435748302406e-05,3.462069167164877e-05,3.4652962377965845e-05,3.4685247854937445e-05,3.47175480902152e-05,3.474986307140222e-05,3.478219278628848e-05,3.481453722246421e-05,3.4846896367637414e-05,3.4879270209517666e-05,3.491165873607893e-05,3.494406193436556e-05,3.4976479792482544e-05,3.50089122981689e-05,3.50413594389443e-05,3.507382120273779e-05,3.5106297577163986e-05,3.5138788550015264e-05,3.5171294109039436e-05,3.520381424202092e-05,3.5236348936485716e-05,3.5268898180338497e-05,3.5301461961315826e-05,3.533404026747997e-05,3.536663308624938e-05,3.539924040550659e-05,3.5431862213188955e-05,3.546449849700163e-05,3.5497149244392976e-05,3.5529814443706e-05,3.556249408250303e-05,3.55951881487512e-05,3.5627896630185676e-05,3.566061951451889e-05,3.5693356789709334e-05,3.572610844376963e-05,3.575887446415966e-05,3.579165483920784e-05,3.582444955652972e-05,3.5857258604049415e-05,3.589008196927301e-05,3.592291964076883e-05,3.5955771605917544e-05,3.5988637852663525e-05,3.602151836889785e-05,3.60544131426499e-05,3.608732216182964e-05,3.612024541465942e-05,3.615318288875332e-05,3.6186134571780364e-05,3.621910045217814e-05,3.625208051767509e-05,3.6285074756172893e-05,3.631808315568596e-05,3.635110570399594e-05,3.638414238896347e-05,3.6417193199580256e-05,3.645025812304211e-05,3.6483337147295836e-05,3.651643026000103e-05,3.654953744979409e-05,3.658265870460354e-05,3.66157940122705e-05,3.6648943360624445e-05,3.6682106738183835e-05,3.671528413281949e-05,3.674847553218074e-05,3.6781680924921183e-05,3.681490029878292e-05,3.684813364148539e-05,3.688138094144042e-05,3.691464218702489e-05,3.6947917365982044e-05,3.69812064661626e-05,3.7014509476030105e-05,3.704782638344013e-05,3.708115717662171e-05,3.711450184371768e-05,3.714786037278532e-05,3.7181232751979855e-05,3.721461896943938e-05,3.72480190133222e-05,3.7281432871499155e-05,3.731486053291958e-05,3.734830198480947e-05,3.738175721566042e-05,3.741522621366802e-05,3.744870896712481e-05,3.748220546402607e-05,3.7515715692570016e-05,3.754923964090988e-05,3.758277729742657e-05,3.7616328650541366e-05,3.7649893687885297e-05,3.76834723979505e-05,3.771706476900953e-05,3.775067078884046e-05,3.7784290446468576e-05,3.78179237297407e-05,3.785157062690753e-05,3.788523112627589e-05,3.791890521601281e-05,3.795259288447641e-05,3.79862941199017e-05,3.802000891054784e-05,3.805373724482376e-05,3.808747911082926e-05,3.812123449702729e-05,3.815500339167181e-05,3.818878578288615e-05,3.822258165938875e-05,3.8256391009253487e-05,3.829021382089378e-05,3.832405008260529e-05,3.835789978254354e-05,3.8391762909289554e-05,3.8425639451702606e-05,3.845952939718107e-05,3.849343273469043e-05,3.8527349452223844e-05,3.8561279538843095e-05,3.8595222983432045e-05,3.8629179772083584e-05,3.866314989477079e-05,3.8697133339775235e-05,3.8731130095383494e-05,3.87651401501066e-05,3.879916349233404e-05,3.8833200110243926e-05,3.886724999283954e-05,3.890131312812481e-05,3.893538950490411e-05,3.896947911144637e-05,3.900358193623538e-05,3.9037697967747576e-05,3.907182719446609e-05,3.910596960487981e-05,3.9140125187439524e-05,3.917429393074412e-05,3.920847582303209e-05,3.9242670852963744e-05,3.927687900942501e-05,3.931110028065623e-05,3.93453346551658e-05,3.937958212129813e-05,3.941384266811075e-05,3.944811628388333e-05,3.9482402957116675e-05,3.9516702676415615e-05,3.9551015430379374e-05,3.958534120757665e-05,3.9619679996595146e-05,3.9654031786038994e-05,3.9688396565670266e-05,3.9722774321699035e-05,3.975716504404789e-05,3.9791568721200544e-05,3.982598534212089e-05,3.986041489484254e-05,3.989485736813933e-05,3.992931275104167e-05,3.996378103202316e-05,3.9998262199355346e-05,4.0032756242417265e-05,4.006726314953881e-05,4.010178290940457e-05,4.0136315510189206e-05,4.01708609414666e-05,4.020541919175785e-05,4.0239990249538936e-05,4.027457410322977e-05,4.0309170742139675e-05,4.034378015472433e-05,4.0378402329722006e-05,4.041303725496363e-05,4.044768492100486e-05,4.0482345315669034e-05,4.051701842774308e-05,4.0551704245983956e-05,4.058640275915456e-05,4.062111395608176e-05,4.0655837825481474e-05,4.069057435562571e-05,4.0725323535941114e-05,4.076008535562073e-05,4.07948598031016e-05,4.0829646866955113e-05,4.086444653626228e-05,4.0899258799728944e-05,4.0934083647865664e-05,4.096892106613958e-05,4.1003771045175915e-05,4.103863357384623e-05,4.1073508640901416e-05,4.11083962353157e-05,4.114329634544622e-05,4.1178208961066045e-05,4.121313407065314e-05,4.124807166314528e-05,4.1283021727135015e-05,4.131798425203681e-05,4.135295922650961e-05,4.138794663949469e-05,4.142294647989674e-05,4.1457958736732514e-05,4.149298339884596e-05,4.152802045525945e-05,4.156306989486487e-05,4.159813170668591e-05,4.163320587968188e-05,4.166829240280995e-05,4.1703391265118195e-05,4.173850245426534e-05,4.177362596218734e-05,4.180876177587802e-05,4.1843909884663286e-05,4.1879070277583215e-05,4.191424294383565e-05,4.194942787215545e-05,4.198462505171304e-05,4.201983447159811e-05,4.2055056120774575e-05,4.209028998834724e-05,4.21255360634361e-05,4.216079433496418e-05,4.219606479209878e-05,4.2231347423981276e-05,4.226664221961118e-05,4.230194916784189e-05,4.2337268257265994e-05,4.237259947896575e-05,4.2407942820743714e-05,4.2443298271764675e-05,4.247866582134912e-05,4.251404545914136e-05,4.254943717367481e-05,4.258484095329745e-05,4.262025678812193e-05,4.2655684667009994e-05,4.2691124579269286e-05,4.2726576513568855e-05,4.2762040460415076e-05,4.279751640824463e-05,4.283300434608825e-05,4.286850426317613e-05,4.290401614868557e-05,4.293953999254805e-05,4.297507578383732e-05,4.301062351028941e-05,4.304618316220419e-05,4.30817547289464e-05,4.3117338200115164e-05,4.315293356407334e-05,4.3188540810585666e-05,4.322415992856572e-05,4.325979090818629e-05,4.329543373738929e-05,4.33310884072985e-05,4.336675490581031e-05,4.340243322243301e-05,4.3438123346264944e-05,4.3473825267839264e-05,4.350953897527552e-05,4.354526445734174e-05,4.3581001704799145e-05,4.3616750706708254e-05,4.3652511451213956e-05,4.36882839287058e-05,4.372406812821979e-05,4.375986403941744e-05,4.37956716514553e-05,4.3831490954082226e-05,4.386732193651092e-05,4.390316458635552e-05,4.393901889625464e-05,4.3974884854215096e-05,4.4010762449557815e-05,4.404665167201377e-05,4.408255251044485e-05,4.4118464955408525e-05,4.4154388993640384e-05,4.41903246182184e-05,4.42262718158731e-05,4.4262230577121535e-05,4.4298200891753e-05,4.433418274876368e-05,4.4370176137927937e-05,4.440618104793976e-05,4.444219746872089e-05,4.447822539027739e-05,4.451426480167943e-05,4.455031569325616e-05,4.458637805309498e-05,4.462245187228252e-05,4.465853713917177e-05,4.469463384292857e-05,4.473074197387913e-05,4.4766861520824906e-05,4.480299247614371e-05,4.4839134827001284e-05,4.487528856235247e-05,4.491145367284074e-05,4.49476301479659e-05,4.4983817976928636e-05,4.502001714976991e-05,4.5056227656061744e-05,4.509244948548153e-05,4.51286826259952e-05,4.516492706933441e-05,4.520118280549361e-05,4.5237449823111336e-05,4.5273728111959775e-05,4.531001766161421e-05,4.534631846205769e-05,4.538263050243132e-05,4.541895377261982e-05,4.5455288262425144e-05,4.5491633961648127e-05,4.552799085994994e-05,4.556435894668503e-05,4.560073821194359e-05,4.563712864538728e-05,4.567353023658381e-05,4.5709942975582356e-05,4.5746366851588324e-05,4.578280185481662e-05,4.581924797370989e-05,4.5855705200272994e-05,4.589217352320095e-05,4.592865293222644e-05,4.5965143418330134e-05,4.600164496885366e-05,4.603815757486974e-05,4.6074681226210336e-05,4.6111215912229074e-05,4.61477616222292e-05,4.618431834805198e-05,4.622088607803754e-05,4.6257464803026425e-05,4.629405451210072e-05,4.633065519618683e-05,4.636726684244275e-05,4.6403889443003396e-05,4.6440522987306154e-05,4.647716746500321e-05,4.651382286604923e-05,4.6550489180430734e-05,4.658716639775211e-05,4.662385450831445e-05,4.666055350175403e-05,4.669726336804053e-05,4.6733984097008806e-05,4.677071567848444e-05,4.680745810304372e-05,4.684421136041517e-05,4.688097544003645e-05,4.691775033191136e-05,4.695453602748511e-05,4.699133251420768e-05,4.702813978348832e-05,4.706495782422314e-05,4.710178662803331e-05,4.713862618357087e-05,4.7175476482041304e-05,4.721233751302561e-05,4.7249209266281564e-05,4.728609173181671e-05,4.732298490004196e-05,4.735988876057741e-05,4.73968033035301e-05,4.743372851913772e-05,4.7470664397124405e-05,4.750761092779117e-05,4.754456810147431e-05,4.7581535907304194e-05,4.761851433614623e-05,4.765550337825208e-05,4.769250302334178e-05,4.772951326153658e-05,4.7766534082930784e-05,4.7803565477505054e-05,4.7840607435580394e-05,4.7877659947167046e-05,4.791472300239853e-05,4.7951796591579194e-05,4.7988880704762586e-05,4.802597533218871e-05,4.806308046362065e-05,4.810019608981099e-05,4.813732220085068e-05,4.817445878653033e-05,4.821160583717672e-05,4.824876334310482e-05,4.828593129467221e-05,4.8323109681808e-05,4.8360298494582145e-05,4.8397497723624716e-05,4.843470735868736e-05,4.847192739050611e-05,4.850915780881423e-05,4.854639860410784e-05,4.858364976649953e-05,4.862091128652692e-05,4.8658183154333694e-05,4.869546536040124e-05,4.8732757894540495e-05,4.877006074733979e-05,4.880737390896389e-05,4.8844697369785205e-05,4.8882031120343224e-05,4.891937515044481e-05,4.895672945067895e-05,4.8994094011350386e-05,4.9031468822814865e-05,4.906885387537819e-05,4.910624915940179e-05,4.9143654665250694e-05,4.9181070383253874e-05,4.921849630379308e-05,4.925593241725187e-05,4.929337871399295e-05,4.933083518470181e-05,4.9368301819397036e-05,4.9405778608306896e-05,4.944326554208844e-05,4.9480762611128185e-05,4.951826980586924e-05,4.955578711671398e-05,4.9593314534102964e-05,4.963085204847354e-05,4.966839965025501e-05,4.97059573299221e-05,4.9743525077916085e-05,4.978110288470366e-05,4.981869074075915e-05,4.985628863656587e-05,4.989389656257954e-05,4.993151450930749e-05,4.996914246724862e-05,5.000678042709324e-05,5.0044428378964826e-05,5.008208631358e-05,5.011975422154456e-05,5.015743209323117e-05,5.01951199192174e-05,5.023281769023708e-05,5.0270525396514006e-05,5.030824302902832e-05,5.034597057780739e-05,5.0383708033945e-05,5.04214553877592e-05,5.0459212629582316e-05,5.049697975053066e-05,5.0534756740650124e-05,5.0572543590809724e-05,5.06103402916271e-05,5.0648146833713476e-05,5.068596320768817e-05,5.072378940417949e-05,5.0761625413821924e-05,5.079947122727453e-05,5.083732683514144e-05,5.087519222810254e-05,5.0913067396813884e-05,5.0950952331938154e-05,5.098884702416824e-05,5.1026751464385586e-05,5.106466564284973e-05,5.110258955049117e-05,5.1140523177961445e-05,5.117846651627265e-05,5.121641955558026e-05,5.125438228714157e-05,5.129235470115346e-05,5.133033678861417e-05,5.136832854026913e-05,5.140632994685749e-05,5.144434099912512e-05,5.148236168783713e-05,5.1520392003910704e-05,5.1558431937814824e-05,5.159648148047695e-05,5.163454062268603e-05,5.1672609355223726e-05,5.171068766902109e-05,5.174877555465379e-05,5.1786873003389734e-05,5.182498000527547e-05,5.18630965515723e-05,5.19012226331108e-05,5.1939358240676854e-05,5.197750336662754e-05,5.201565799883272e-05,5.205382212978862e-05,5.2091995750058715e-05,5.213017885066142e-05,5.2168371422497826e-05,5.2206573456422676e-05,5.224478494329796e-05,5.2283005873955545e-05,5.232123623970447e-05,5.235947603121259e-05,5.239772523904738e-05,5.24359838544616e-05,5.247425186751725e-05,5.251252927055082e-05,5.255081605443318e-05,5.2589112209079675e-05,5.2627417727252795e-05,5.2665732597895696e-05,5.27040568120969e-05,5.274239036234357e-05,5.278073323770387e-05,5.2819085430153894e-05,5.28574469307888e-05,5.289581773039211e-05,5.293419782008659e-05,5.2972587191437956e-05,5.3010985834261815e-05,5.304939374116582e-05,5.308781090131134e-05,5.312623730748695e-05,5.316467294910592e-05,5.320311781812155e-05,5.324157190595816e-05,5.3280035202458676e-05,5.331850770028391e-05,5.335698938979039e-05,5.3395480261132606e-05,5.3433980306251866e-05,5.3472489516778904e-05,5.351100788251472e-05,5.354953539592314e-05,5.3588072047515715e-05,5.362661782784667e-05,5.366517272770414e-05,5.370373673970775e-05,5.374230985693599e-05,5.3780892066121815e-05,5.381948336056747e-05,5.3858083730118316e-05,5.3896693167643585e-05,5.3935311662921454e-05,5.397393920783689e-05,5.401257579406007e-05,5.405122141267715e-05,5.4089876054722685e-05,5.412853971025307e-05,5.4167212371416776e-05,5.4205894030006134e-05,5.42445846758474e-05,5.428328430119434e-05,5.432199289740598e-05,5.436071045503784e-05,5.439943696417691e-05,5.4438172419139814e-05,5.447691680957061e-05,5.451567012719531e-05,5.455443236245619e-05,5.459320350710901e-05,5.463198355219565e-05,5.4670772489187516e-05,5.470957030985128e-05,5.47483770048117e-05,5.478719256564154e-05,5.4826016983647764e-05,5.486485024993341e-05,5.4903692356164173e-05,5.494254329339162e-05,5.498140305340832e-05,5.502027162719576e-05,5.5059149006268013e-05,5.509803518160275e-05,5.5136930145379056e-05,5.5175833888267465e-05,5.5214746402058945e-05,5.525366767770874e-05,5.529259770739857e-05,5.533153648192821e-05,5.537048399184351e-05,5.5409440229842723e-05,5.54484051869582e-05,5.5487378854809e-05,5.552636122440533e-05,5.5565352287464284e-05,5.560435203535088e-05,5.5643360459548964e-05,5.568237755150217e-05,5.572140330325662e-05,5.576043770535516e-05,5.579948074913763e-05,5.583853242742977e-05,5.587759273024768e-05,5.591666164973993e-05,5.595573917816351e-05,5.599482530605006e-05,5.6033920025169964e-05,5.6073023326891644e-05,5.611213520218747e-05,5.615125564314e-05,5.619038464148899e-05,5.6229522188859556e-05,5.626866827721293e-05,5.6307822896605615e-05,5.634698604140221e-05,5.638615769927333e-05,5.6425337863781104e-05,5.646452652665955e-05,5.650372368007853e-05,5.6542929314159915e-05,5.6582143421233977e-05,5.662136599290347e-05,5.6660597020863766e-05,5.6699836497180524e-05,5.6739084413191586e-05,5.677834075983558e-05,5.6817605529144636e-05,5.685687871351838e-05,5.689616030304962e-05,5.693545029201191e-05,5.697474866860531e-05,5.701405542588807e-05,5.7053370556312086e-05,5.70926940511049e-05,5.713202590203541e-05,5.717136610068369e-05,5.721071463880832e-05,5.725007150812232e-05,5.728943670139279e-05,5.732881020820386e-05,5.736819202094738e-05,5.7407582132340665e-05,5.744698053316523e-05,5.748638721571012e-05,5.752580217155791e-05,5.756522539262475e-05,5.7604656870410535e-05,5.764409659679377e-05,5.768354456339303e-05,5.7723000762789574e-05,5.7762465185613696e-05,5.780193782456493e-05,5.784141867038273e-05,5.7880907716280546e-05,5.792040495285737e-05,5.795991037289359e-05,5.7999423967688795e-05,5.803894572863486e-05,5.807847564876283e-05,5.811801371846729e-05,5.815755993010016e-05,5.819711427597822e-05,5.823667674769218e-05,5.82762473371655e-05,5.831582603621259e-05,5.835541283674156e-05,5.8395007730572014e-05,5.8434610710311345e-05,5.8474221766299216e-05,5.851384089165801e-05,5.855346807800141e-05,5.859310331716756e-05,5.863274660138847e-05,5.867239792216438e-05,5.871205727148064e-05,5.875172464153901e-05,5.879140002381395e-05,5.883108341091932e-05,5.887077479423915e-05,5.891047416623077e-05,5.895018151866756e-05,5.898989684349131e-05,5.902962013236495e-05,5.906935137802054e-05,5.9109090571946264e-05,5.9148837706257894e-05,5.9188592774564524e-05,5.922835576553617e-05,5.926812667281545e-05,5.930790548951694e-05,5.934769220590175e-05,5.93874868146209e-05,5.9427289308701845e-05,5.946709967872078e-05,5.9506917917150203e-05,5.9546744016239726e-05,5.958657796814851e-05,5.9626419764898914e-05,5.966626939796635e-05,5.970612686055938e-05,5.974599214414084e-05,5.978586524102869e-05,5.9825746143296885e-05,5.986563484293142e-05,5.990553133212549e-05,5.9945435602361435e-05,5.998534764697296e-05,6.002526745746985e-05,6.006519502633092e-05,6.010513034525164e-05,6.014507340621588e-05,6.0185024202121997e-05,6.02249827252531e-05,6.02649489662669e-05,6.0304922918318325e-05,6.034490457372488e-05,6.038489392447671e-05,6.042489096265201e-05,6.0464895680137645e-05,6.050490806950316e-05,6.054492812147128e-05,6.0584955832764474e-05,6.0624991192038285e-05,6.06650341920804e-05,6.070508482534936e-05,6.074514308400067e-05,6.078520896015318e-05,6.082528244577443e-05,6.086536353395766e-05,6.090545221682808e-05,6.094554848594935e-05,6.098565233400654e-05,6.102576375458667e-05,6.106588273794058e-05,6.110600927602258e-05,6.114614336267507e-05,6.118628498979188e-05,6.122643414954128e-05,6.126659083429198e-05,6.130675503642542e-05,6.134692674823888e-05,6.138710596208049e-05,6.142729267048222e-05,6.146748686445168e-05,6.150768853839703e-05,6.15478976841961e-05,6.158811429310186e-05,6.162833835847732e-05,6.166856987239785e-05,6.170880882722568e-05,6.174905521547308e-05,6.178930902892311e-05,6.182957026062651e-05,6.186983890266221e-05,6.191011494812304e-05,6.19503983891529e-05,6.19906892175253e-05,6.203098742612288e-05,6.207129300778788e-05,6.211160595438726e-05,6.215192625743107e-05,6.219225391136778e-05,6.223258890827446e-05,6.227293123930639e-05,6.231328089840019e-05,6.235363787675664e-05,6.239400216783456e-05,6.24343737643218e-05,6.247475265759574e-05,6.251513884076248e-05,6.255553230644155e-05,6.259593304695135e-05,6.263634105467014e-05,6.267675632228337e-05,6.271717884225393e-05,6.275760860940451e-05,6.279804561349335e-05,6.283848984552404e-05,6.287894130030511e-05,6.291939997063135e-05,6.295986584899075e-05,6.300033892747217e-05,6.304081919881728e-05,6.308130665557604e-05,6.312180129263318e-05,6.316230309785941e-05,6.320281206726049e-05,6.324332819179636e-05,6.328385146500352e-05,6.332438187901716e-05,6.336491942624372e-05,6.340546409971056e-05,6.344601589236655e-05,6.348657479705019e-05,6.352714080591537e-05,6.356771391161987e-05,6.360829410786586e-05,6.364888138507838e-05,6.368947573759044e-05,6.373007715755925e-05,6.377068563748047e-05,6.381130117029408e-05,6.385192374927723e-05,6.389255336714637e-05,6.393319001549494e-05,6.397383368746893e-05,6.401448437522374e-05,6.405514207293557e-05,6.40958067731652e-05,6.413647846732011e-05,6.417715714932511e-05,6.421784281037786e-05,6.425853544487033e-05,6.429923504488349e-05,6.433994160332788e-05,6.438065511253628e-05,6.442137556605544e-05,6.446210295626653e-05,6.450283727603876e-05,6.454357851799076e-05,6.458432667575133e-05,6.46250817398881e-05,6.466584370531124e-05,6.470661256651836e-05,6.474738831108272e-05,6.478817093538018e-05,6.482896043176481e-05,6.486975679261651e-05,6.491056001138197e-05,6.495137008144494e-05,6.499218699437687e-05,6.503301074308544e-05,6.507384132082477e-05,6.511467871997981e-05,6.51555229344205e-05,6.519637395650043e-05,6.523723177907544e-05,6.527809639420826e-05,6.531896779663716e-05,6.535984597831669e-05,6.540073093206463e-05,6.544162265043162e-05,6.548252112710448e-05,6.552342635477237e-05,6.556433832622504e-05,6.560525703462742e-05,6.564618247275792e-05,6.568711463336244e-05,6.5728053509426e-05,6.576899909401619e-05,6.580995138027245e-05,6.585091036119818e-05,6.589187602939923e-05,6.593284837804288e-05,6.597382739881237e-05,6.60148130872121e-05,6.605580543455292e-05,6.609680443486734e-05,6.61378100805548e-05,6.617882236475827e-05,6.621984128091598e-05,6.626086682099158e-05,6.630189897864489e-05,6.634293774656421e-05,6.638398311832526e-05,6.64250350868436e-05,6.646609364490888e-05,6.650715878557497e-05,6.654823050300725e-05,6.658930878874331e-05,6.66303936367671e-05,6.667148503921944e-05,6.671258299003974e-05,6.67536874819344e-05,6.679479850825512e-05,6.683591606183506e-05,6.687704013599418e-05,6.691817072429582e-05,6.69593078188273e-05,6.700045141318108e-05,6.704160150085585e-05,6.708275807441184e-05,6.712392112687698e-05,6.716509065253097e-05,6.720626664338004e-05,6.724744909437351e-05,6.728863799549259e-05,6.732983334198975e-05,6.737103512668333e-05,6.741224334251714e-05,6.745345798334548e-05,6.749467904194434e-05,6.753590651205637e-05,6.757714038576399e-05,6.761838065688152e-05,6.765962731998998e-05,6.770088036649382e-05,6.774213978900053e-05,6.778340558195586e-05,6.78246777382362e-05,6.786595625192571e-05,6.790724111515056e-05,6.794853232149474e-05,6.798982986434277e-05,6.803113373691358e-05,6.807244393260119e-05,6.81137604445733e-05,6.815508326667631e-05,6.819641239182614e-05,6.823774781233729e-05,6.827908952229722e-05,6.832043751473479e-05,6.836179178340569e-05,6.840315232146556e-05,6.844451912215009e-05,6.8485892178745e-05,6.852727148496801e-05,6.856865703346817e-05,6.861004881878526e-05,6.865144683327023e-05,6.869285106985413e-05,6.87342615221132e-05,6.877567818468066e-05,6.881710105004996e-05,6.88585301109973e-05,6.889996536123307e-05,6.894140679549356e-05,6.898285440576096e-05,6.902430818402566e-05,6.906576812615284e-05,6.910723422457028e-05,6.914870647270481e-05,6.919018486399489e-05,6.923166939226636e-05,6.927316005039465e-05,6.931465683064214e-05,6.935615973008551e-05,6.939766873917095e-05,6.943918385279568e-05,6.948070506365237e-05,6.952223236438177e-05,6.956376574920878e-05,6.960530521171327e-05,6.964685074525406e-05,6.968840234355829e-05,6.972995999994766e-05,6.97715237078787e-05,6.981309346159121e-05,6.985466925286234e-05,6.989625107637604e-05,6.993783892553451e-05,6.997943279364149e-05,7.002103267434779e-05,7.006263856113421e-05,7.010425044833508e-05,7.01458683286064e-05,7.018749219486026e-05,7.022912204133326e-05,7.027075786185437e-05,7.031239964951942e-05,7.035404739804012e-05,7.039570110086963e-05,7.043736075186316e-05,7.047902634456383e-05,7.052069787236036e-05,7.056237532953506e-05,7.06040587091587e-05,7.064574800400512e-05,7.068744320879427e-05,7.072914431638234e-05,7.077085132181934e-05,7.081256421637542e-05,7.085428299506873e-05,7.089600765224164e-05,7.093773817993917e-05,7.097947457480956e-05,7.102121682591346e-05,7.106296492974352e-05,7.110471887909567e-05,7.11464786675702e-05,7.118824428944167e-05,7.123001573847622e-05,7.127179300854992e-05,7.13135760919039e-05,7.135536498311163e-05,7.139715967739732e-05,7.143896016559695e-05,7.148076644295092e-05,7.152257850264593e-05,7.156439633829856e-05,7.160621994444474e-05,7.164804931507244e-05,7.168988444210472e-05,7.17317253207979e-05,7.177357194567514e-05,7.181542430803267e-05,7.185728240249985e-05,7.189914622394719e-05,7.194101576497913e-05,7.198289101980005e-05,7.202477198219795e-05,7.206665864589384e-05,7.210855100464359e-05,7.215044905164581e-05,7.219235278440044e-05,7.223426219089768e-05,7.227617726765891e-05,7.231809800772499e-05,7.236002440620438e-05,7.240195645612539e-05,7.244389415195235e-05,7.248583748691358e-05,7.252778645587215e-05,7.25697410517829e-05,7.261170126759482e-05,7.265366709801586e-05,7.269563853650599e-05,7.27376155776826e-05,7.277959821502697e-05,7.2821586442868e-05,7.28635802566715e-05,7.29055796457726e-05,7.294758460618047e-05,7.29895951306088e-05,7.30316112161611e-05,7.307363285498118e-05,7.311566004092816e-05,7.315769276821403e-05,7.319973103036333e-05,7.324177482154115e-05,7.328382413631294e-05,7.332587896495214e-05,7.336793930717102e-05,7.341000515333203e-05,7.345207649799941e-05,7.349415333523595e-05,7.35362356589148e-05,7.357832346289889e-05,7.362041674393197e-05,7.366251549159234e-05,7.370461970092286e-05,7.374672936709333e-05,7.378884448256419e-05,7.383096504246043e-05,7.387309104035711e-05,7.39152224705155e-05,7.395735932697383e-05,7.399950160362368e-05,7.404164929448286e-05,7.408380239398333e-05,7.412596089541708e-05,7.416812479308755e-05,7.421029408154646e-05,7.425246875465963e-05,7.429464880533063e-05,7.433683422906337e-05,7.437902502076851e-05,7.44212211707121e-05,7.446342267525545e-05,7.450562952837931e-05,7.454784172427172e-05,7.459005925735205e-05,7.463228212096639e-05,7.467451030936399e-05,7.47167438168651e-05,7.475898263743527e-05,7.48012267658854e-05,7.484347619498469e-05,7.488573091950191e-05,7.49279909334162e-05,7.497025623011324e-05,7.501252680378688e-05,7.505480265099239e-05,7.509708376426654e-05,7.513937013784943e-05,7.518166176553606e-05,7.522395864093791e-05,7.526626075969396e-05,7.530856811519081e-05,7.535088070154796e-05,7.539319851293019e-05,7.543552154362209e-05,7.547784978778091e-05,7.552018323988845e-05,7.556252189334761e-05,7.560486574265739e-05,7.564721478219844e-05,7.56895690049274e-05,7.5731928406668e-05,7.577429298325639e-05,7.581666272410104e-05,7.585903762756169e-05,7.590141768638067e-05,7.594380289392664e-05,7.59861932461896e-05,7.602858873650232e-05,7.607098935938936e-05,7.611339510882011e-05,7.615580597893984e-05,7.61982219642427e-05,7.624064305891928e-05,7.628306925722821e-05,7.632550055386271e-05,7.636793694216404e-05,7.641037841701059e-05,7.64528249724102e-05,7.649527660303099e-05,7.653773330206966e-05,7.658019506571994e-05,7.662266188721339e-05,7.666513376083948e-05,7.670761068119887e-05,7.675009264227427e-05,7.679257963736037e-05,7.683507166254171e-05,7.687756871183984e-05,7.692007078029027e-05,7.696257786075251e-05,7.700508994800107e-05,7.704760703719979e-05,7.7090129121341e-05,7.713265619461743e-05,7.717518825247144e-05,7.721772528944455e-05,7.726026729960183e-05,7.730281427722308e-05,7.734536621659433e-05,7.738792311303468e-05,7.743048495928408e-05,7.747305174964323e-05,7.75156234803557e-05,7.755820014481959e-05,7.760078173700746e-05,7.764336825237747e-05,7.768595968468378e-05,7.772855602857743e-05,7.777115727821183e-05,7.781376342830225e-05,7.785637447355806e-05,7.789899040793702e-05,7.794161122577756e-05,7.798423692121074e-05,7.802686748987945e-05,7.806950292569248e-05,7.811214322310067e-05,7.815478837533117e-05,7.819743837917314e-05,7.824009322789254e-05,7.828275291616883e-05,7.832541743843379e-05,7.836808679067758e-05,7.841076096361844e-05,7.845343995383572e-05,7.849612375684586e-05,7.853881236661586e-05,7.858150577703696e-05,7.862420398190573e-05,7.866690697796477e-05,7.870961475959013e-05,7.875232731943795e-05,7.879504465221065e-05,7.88377667540118e-05,7.888049361854012e-05,7.892322524036109e-05,7.896596161328565e-05,7.90087027335558e-05,7.905144859482512e-05,7.909419919022616e-05,7.913695451727061e-05,7.917971456896499e-05,7.922247933931177e-05,7.926524882272713e-05,7.930802301649817e-05,7.935080191329636e-05,7.939358550794346e-05,7.943637379495185e-05,7.947916676872835e-05,7.952196442421642e-05,7.956476675649391e-05,7.960757375915191e-05,7.965038542650172e-05,7.969320175459973e-05,7.973602273659052e-05,7.977884836822484e-05,7.982167864555422e-05,7.986451356192704e-05,7.990735311061707e-05,7.99501972873151e-05,7.999304608658848e-05,8.003589950350785e-05,8.007875753231562e-05,8.012162016792012e-05,8.016448740498372e-05,8.020735923809019e-05,8.025023566203279e-05,8.029311667403977e-05,8.033600226389067e-05,8.037889242990857e-05,8.042178716438422e-05,8.046468646446112e-05,8.050759032236973e-05,8.055049873421505e-05,8.059341169669246e-05,8.063632920276499e-05,8.067925124447521e-05,8.07221778183198e-05,8.076510892030576e-05,8.080804454471758e-05,8.085098468834496e-05,8.089392934420679e-05,8.093687850422484e-05,8.097983216814555e-05,8.102279032343265e-05,8.106575297188052e-05,8.110872010594855e-05,8.115169172069004e-05,8.119466781050338e-05,8.123764837063044e-05,8.128063339650333e-05,8.132362288125663e-05,8.136661682086029e-05,8.140961520957711e-05,8.145261804240338e-05,8.149562531545827e-05,8.153863702109442e-05,8.158165315799095e-05,8.162467371584406e-05,8.16676986945541e-05,8.171072808404758e-05,8.175376188151262e-05,8.179680008202437e-05,8.183984268014927e-05,8.188288967335005e-05,8.19259410516425e-05,8.196899681240548e-05,8.201205695043176e-05,8.205512146000925e-05,8.209819033711891e-05,8.21412635750403e-05,8.218434117227249e-05,8.222742312215919e-05,8.227050941679286e-05,8.23136000541036e-05,8.235669502861013e-05,8.239979433431953e-05,8.244289796428678e-05,8.248600591541444e-05,8.252911818244091e-05,8.25722347620355e-05,8.2615355649067e-05,8.265848083650543e-05,8.270161031782924e-05,8.274474408993965e-05,8.278788214730459e-05,8.283102448616499e-05,8.287417110324962e-05,8.291732198830708e-05,8.29604771405568e-05,8.300363655106557e-05,8.304680021861188e-05,8.308996813664403e-05,8.313314030031857e-05,8.317631670484759e-05,8.32194973469644e-05,8.326268221959346e-05,8.330587131810706e-05,8.334906463426092e-05,8.339226216487273e-05,8.34354639083592e-05,8.347866985704509e-05,8.352188000669291e-05,8.356509435247125e-05,8.360831288866058e-05,8.365153561240392e-05,8.369476251744352e-05,8.373799359767717e-05,8.378122884961865e-05,8.382446826570422e-05,8.386771184039189e-05,8.391095957405895e-05,8.395421145774224e-05,8.399746748865302e-05,8.404072766365176e-05,8.408399197331823e-05,8.412726041635557e-05,8.417053298606934e-05,8.421380967517179e-05,8.425709048255109e-05,8.430037540048449e-05,8.434366442569617e-05,8.438695755447481e-05,8.443025477929997e-05,8.447355609607482e-05,8.451686150124419e-05,8.456017098832084e-05,8.460348455638584e-05,8.464680219617952e-05,8.469012390272021e-05,8.473344967288358e-05,8.47767795031334e-05,8.482011338581253e-05,8.48634513186006e-05,8.490679329358013e-05,8.495013930902473e-05,8.49934893572426e-05,8.503684343756575e-05,8.508020153978873e-05,8.512356365972085e-05,8.5166929797111e-05,8.521029994417938e-05,8.525367409911102e-05,8.529705225326907e-05,8.534043440235859e-05,8.538382054317128e-05,8.542721066990536e-05,8.547060477985497e-05,8.55140028645054e-05,8.555740492076395e-05,8.56008109445822e-05,8.564422093241998e-05,8.568763487682309e-05,8.573105277259701e-05,8.577447461851709e-05,8.58179004072413e-05,8.586133013492134e-05,8.590476379565706e-05,8.594820138507326e-05,8.59916428990778e-05,8.603508833254191e-05,8.607853768325111e-05,8.612199094377452e-05,8.616544810794421e-05,8.620890917270159e-05,8.62523741338007e-05,8.62958429873911e-05,8.633931572682663e-05,8.638279234766396e-05,8.64262728454486e-05,8.646975721619326e-05,8.651324545540789e-05,8.655673755762949e-05,8.660023351833998e-05,8.66437333340133e-05,8.668723699767864e-05,8.673074450615533e-05,8.677425585748227e-05,8.681777104112524e-05,8.686129005480772e-05,8.690481289545701e-05,8.694833955234106e-05,8.699187002988163e-05,8.703540432288637e-05,8.7078942419724e-05,8.712248432038051e-05,8.716603001859354e-05,8.720957951193205e-05,8.725313279291299e-05,8.729668986003643e-05,8.734025070491158e-05,8.738381532435576e-05,8.742738371493026e-05,8.74709558713673e-05,8.75145317890846e-05,8.755811146444744e-05,8.760169489211896e-05,8.764528206644102e-05,8.76888729835801e-05,8.773246763889845e-05,8.777606602828362e-05,8.781966814703857e-05,8.786327399087341e-05,8.79068835539112e-05,8.795049683294166e-05,8.799411382295108e-05,8.803773451936792e-05,8.808135891666611e-05,8.81249870122881e-05,8.816861880143852e-05,8.821225427890615e-05,8.825589344066515e-05,8.829953628139045e-05,8.834318279684941e-05,8.838683298337938e-05,8.843048683325354e-05,8.84741443456883e-05,8.851780551542275e-05,8.856147033759268e-05,8.86051388077763e-05,8.864881092099254e-05,8.869248667314346e-05,8.873616605997698e-05,8.877984907627115e-05,8.882353571820264e-05,8.886722598094365e-05,8.891091985956803e-05,8.895461735087627e-05,8.899831844954194e-05,8.904202315120282e-05,8.908573145176869e-05,8.912944334665925e-05,8.917315883084039e-05,8.921687790241445e-05,8.926060055228413e-05,8.93043267793566e-05,8.934805658080712e-05,8.93917899506768e-05,8.943552688087371e-05,8.947926736988956e-05,8.952301141296776e-05,8.956675900592989e-05,8.961051014369437e-05,8.965426482339756e-05,8.969802303988339e-05,8.974178478943897e-05,8.978555006651673e-05,8.982931886722051e-05,8.98730911870437e-05,8.991686702275943e-05,8.996064636786585e-05,9.000442921869376e-05,9.004821557196486e-05,9.00920054222071e-05,9.013579876545417e-05,9.017959559695356e-05,9.022339591300767e-05,9.026719970934408e-05,9.031100698046495e-05,9.035481772354485e-05,9.039863193431049e-05,9.04424496078413e-05,9.048627073852718e-05,9.053009532382554e-05,9.057392335787997e-05,9.0617754837893e-05,9.066158975896502e-05,9.070542811738451e-05,9.074926990551808e-05,9.079311512071635e-05,9.083696376204244e-05,9.088081582325442e-05,9.092467129463098e-05,9.096853018334044e-05,9.101239247729742e-05,9.105625817438481e-05,9.110012727117514e-05,9.114399975938223e-05,9.118787563723365e-05,9.123175490043674e-05,9.127563754457167e-05,9.131952356482218e-05,9.136341295834685e-05,9.140730572005931e-05,9.145120184589415e-05,9.149510133173878e-05,9.153900417284238e-05,9.158291036530573e-05,9.162681990739943e-05,9.16707327888579e-05,9.171464900952812e-05,9.175856856227498e-05,9.180249144866602e-05,9.184641765866819e-05,9.189034718965976e-05,9.193428004128e-05,9.197821620606773e-05,9.202215567822763e-05,9.206609845645036e-05,9.211004453577467e-05,9.215399391226787e-05,9.219794658089422e-05,9.224190253750446e-05,9.228586177877349e-05,9.232982429928827e-05,9.237379009532435e-05,9.241775916297587e-05,9.246173149916794e-05,9.250570709792247e-05,9.254968595573664e-05,9.25936680682931e-05,9.263765343196918e-05,9.268164204183661e-05,9.272563389456658e-05,9.276962898576181e-05,9.281362731134879e-05,9.285762886357949e-05,9.29016336450769e-05,9.294564164812912e-05,9.298965286883769e-05,9.303366730367049e-05,9.307768494771526e-05,9.312170579765763e-05,9.31657298499388e-05,9.32097570974555e-05,9.325378753904282e-05,9.329782116964359e-05,9.334185798512747e-05,9.338589798167128e-05,9.342994115465131e-05,9.347398750063953e-05,9.351803701472918e-05,9.356208969307213e-05,9.360614553290819e-05,9.365020452934166e-05,9.369426667964664e-05,9.373833197692741e-05,9.37824004181531e-05,9.382647199992094e-05,9.387054671803206e-05,9.391462456771704e-05,9.395870554583571e-05,9.400278964717123e-05,9.404687686906332e-05,9.409096720770357e-05,9.413506065845579e-05,9.417915721686373e-05,9.422325687918224e-05,9.426735964140915e-05,9.431146549967926e-05,9.43555744497823e-05,9.439968648797362e-05,9.444380160999203e-05,9.448791981194444e-05,9.453204108956881e-05,9.457616543945806e-05,9.462029285789982e-05,9.466442333884782e-05,9.470855688090128e-05,9.475269347833394e-05,9.479683312849958e-05,9.484097582665447e-05,9.488512156790339e-05,9.492927034989111e-05,9.497342216832782e-05,9.501757701929557e-05,9.506173489875631e-05,9.510589580262247e-05,9.515005972681323e-05,9.519422666756752e-05,9.523839662101779e-05,9.528256958369945e-05,9.532674555033044e-05,9.537092451797829e-05,9.541510648249499e-05,9.545929143969509e-05,9.550347938618209e-05,9.554767031745955e-05,9.559186422959002e-05,9.563606111922164e-05,9.568026098282834e-05,9.572446381523566e-05,9.576866961360211e-05,9.581287837379248e-05,9.585709009186e-05,9.590130476372461e-05,9.594552238554928e-05,9.598974295377874e-05,9.603396646449366e-05,9.607819291340995e-05,9.612242229399655e-05,9.616665460819991e-05,9.621088984904544e-05,9.625512801318122e-05,9.629936909643115e-05,9.634361309519204e-05,9.638786000556916e-05,9.643210982311421e-05,9.647636254484609e-05,9.65206181662926e-05,9.65648766835964e-05,9.660913809238697e-05,9.665340239055792e-05,9.6697669573392e-05,9.674193963701417e-05,9.678621257773225e-05,9.683048839040229e-05,9.687476707365096e-05,9.691904862187647e-05,9.696333303248614e-05,9.700762030098724e-05,9.705191042298401e-05,9.709620339607842e-05,9.714049921542478e-05,9.718479787774377e-05,9.722909937927133e-05,9.727340371599614e-05,9.731771088393106e-05,9.736202087900757e-05,9.740633369846839e-05,9.745064933870333e-05,9.749496779517984e-05,9.753928906446333e-05,9.758361314296795e-05,9.762794002616304e-05,9.767226971080107e-05,9.771660218517416e-05,9.776093746157576e-05,9.780527552779387e-05,9.78496163804914e-05,9.789396001595821e-05,9.793830643050663e-05,9.798265562055616e-05,9.802700758190233e-05,9.807136230869024e-05,9.811571980124944e-05,9.816008005476243e-05,9.82044430648355e-05,9.824880882790374e-05,9.829317734031834e-05,9.833754859849336e-05,9.838192259645165e-05,9.842629933306868e-05,9.84706788056176e-05,9.85150610085051e-05,9.855944593897794e-05,9.860383359323452e-05,9.864822396692967e-05,9.869261705669605e-05,9.8737012858909e-05,9.878141136994729e-05,9.882581258388842e-05,9.88702165012706e-05,9.891462311684647e-05,9.895903242629857e-05,9.900344442610947e-05,9.904785911289412e-05,9.909227648253742e-05,9.913669653212947e-05,9.91811192575405e-05,9.9225544655329e-05,9.926997272145854e-05,9.93144034525393e-05,9.9358836845327e-05,9.940327289524095e-05,9.944771160058094e-05,9.949215295607186e-05,9.953659695822416e-05,9.958104360404719e-05,9.962549288922893e-05,9.96699448107924e-05,9.971439936475229e-05,9.975885654782306e-05,9.980331635598192e-05,9.984777878603342e-05,9.989224383436307e-05,9.99367114972364e-05,9.998118177132094e-05,0.00010002565465257319,0.00010007013013770155,0.00010011460822311977,0.00010015908890518913,0.0001002035721805904,0.0001002480580454351,0.0001002925464967711,0.00010033703753029942,0.00010038153114275457,0.00010042602733047074,0.00010047052609022281,0.0001005150274192455,0.00010055953131342674,0.00010060403776757137,0.00010064854677937,0.00010069305834527008,0.00010073757246165181,0.00010078208912513402,0.00010082660833237563,0.00010087113007980254,0.00010091565436377309,0.00010096018118104943,0.00010100471052904887,0.00010104924240116999,0.00010109377679626181,0.00010113831371076401,0.00010118285314122381,0.00010122739508333886,0.00010127193953422323,0.00010131648649040699,0.00010136103594773397,0.00010140558790317113,0.00010145014235360042,0.00010149469929502651,0.00010153925872443262,0.00010158382063805951,0.00010162838503248072,0.00010167295190437448,0.00010171752125005296,0.0001017620930661919,0.00010180666734925486,0.00010185124409656349,0.0001018958233034242,0.00010194040496700923,0.00010198498908370096,0.0001020295756503167,0.00010207416466266924,0.00010211875611896918,0.00010216335001373318,0.00010220794634508107,0.00010225254510926607,0.00010229714630271177,0.00010234174992201593,0.00010238635596381472,0.00010243096442399301,0.00010247557530045715,0.00010252018858914564,0.00010256480428654305,0.00010260942238991171,0.00010265404289493871,0.00010269866579861454,0.00010274329109764449,0.00010278791878849412,0.0001028325488671185,0.00010287718133198937,0.00010292181617851408,0.00010296645340309547,0.00010301109300267538,0.00010305573497169073,0.00010310037931254626,0.00010314502601723313,0.00010318967508340857,0.00010323432650775224,0.00010327898028685181,0.00010332363641771617,0.00010336829489683528,0.00010341295572067161,0.00010345761888637456,0.00010350228438997188,0.0001035469522284267,0.000103591622398341,0.00010363629489652549,0.00010368096971959489,0.0001037256468643714,0.00010377032632687713,0.0001038150081044542,0.00010385969219378715,0.00010390437859151771,0.00010394906729425296,0.00010399375829870369,0.00010403845160083416,0.00010408314719873462,0.00010412784508820607,0.0001041725452664413,0.00010421724772917522,0.00010426195247473954,0.00010430665949869174,0.0001043513687983746,0.00010439608037502456,0.00010444079421586102,0.00010448551032201881,0.00010453022869056204,0.00010457494931802064,0.0001046196722002376,0.0001046643973361516,0.00010470912472137214,0.00010475385435193118,0.00010479858622606839,0.0001048433203397525,0.0001048880566898683,0.00010493279527286563,0.00010497753608537433,0.00010502227912391703,0.00010506702438726661,0.00010511177186624245,0.00010515652156606918,0.00010520127347954204,0.00010524602760037332,0.00010529078393168407,0.00010533554246696682,0.00010538030320301315,0.0001054250661368167,0.00010546983126437612,0.00010551459858372408,0.00010555936809024303,0.00010560413978248287,0.00010564891365575434,0.00010569368970804669,0.00010573846793562748,0.00010578324833524747,0.00010582803090367245,0.00010587281563780218,0.0001059176025339394,0.00010596239159013872,0.00010600718280247282,0.00010605197616763841,0.00010609677167887775,0.0001061415693407438,0.00010618636914615325,0.00010623117109199514,0.00010627597517492006,0.00010632078139195175,0.00010636558973998456,0.00010641040021572306,0.00010645521281644617,0.00010650002753821368,0.00010654484437780519,0.00010658966333315783,0.00010663448440086185,0.00010667930757761206,0.00010672413286015908,0.00010676896024528222,0.00010681378972806069,0.00010685862130940137,0.00010690345498419274,0.00010694829074849918,0.0001069931286007353,0.00010703796853678467,0.00010708281055391334,0.00010712765464904441,0.00010717250081894409,0.00010721734906049378,0.00010726219937064531,0.00010730705174610264,0.00010735190618420888,0.00010739676268131876,0.00010744162123017414,0.00010748648183396714,0.00010753134449083939,0.00010757620919478408,0.00010762107594271053,0.00010766594473310526,0.00010771081556073564,0.00010775568842162858,0.00010780056331495815,0.00010784544023666098,0.0001078903191848881,0.00010793520015482676,0.00010798008314580183,0.00010802496815167681,0.00010806985517102567,0.00010811474420082862,0.00010815963523769263,0.00010820452827906911,0.00010824942332175033,0.00010829432036420075,0.00010833921939986886,0.00010838412042828793,0.00010842902344615431,0.00010847392845078558,0.00010851883543766187,0.00010856374440464625,0.00010860865534870303,0.00010865356826711868,0.00010869848315614034,0.00010874340001402008,0.00010878831883687075,0.00010883323962187493,0.00010887816236613101,0.00010892308706641549,0.00010896801371994656,0.00010901294232496392,0.00010905787287582976,0.00010910280537233279,0.00010914773980867608,0.00010919267618429349,0.00010923761449377104,0.00010928255473639366,0.00010932749690826125,0.00010937244100633924,0.00010941738702787906,0.00010946233497053225,0.00010950728483045114,0.00010955223660498579,0.00010959719029104757,0.00010964214588280726,0.0001096871033831867,0.00010973206278701773,0.00010977702409036665,0.00010982198729034063,0.00010986695238435123,0.00010991191936979625,0.00010995688824327764,0.00011000185899829332,0.00011004683163925384,0.00011009180615962313,0.00011013678255624813,0.00011018176082655467,0.00011022674096790292,0.00011027172297849034,0.00011031670685242427,0.00011036169258833629,0.00011040668018199357,0.0001104516696331637,0.00011049666094011056,0.00011054165409467168,0.00011058664909699154,0.00011063164594318225,0.0001106766446316146,0.00011072164515893863,0.00011076664752182255,0.0001108116517187764,0.00011085665774742426,0.00011090166560152084,0.00011094667527982987,0.00011099168677914962,0.00011103670009774152,0.00011108171523241106,0.00011112673217895927,0.00011117175093693873,0.00011121677150233318,0.00011126179387165117,0.00011130681804262194,0.00011135184401222031,0.00011139687177779327,0.00011144190133642094,0.00011148693268601992,0.00011153196582185066,0.00011157700074384557,0.00011162203744688916,0.0001116670759272533,0.0001117121161847578,0.00011175715821541579,0.00011180220201660108,0.00011184724758579785,0.00011189229491939924,0.00011193734401489045,0.0001119823948696608,0.00011202744748095397,0.00011207250184566461,0.00011211755796075415,0.0001121626158235457,0.00011220767543194287,0.00011225273678406343,0.00011229779987463906,0.00011234286470194021,0.00011238793126231195,0.00011243299955491739,0.00011247806957566267,0.00011252314132200567,0.00011256821479124733,0.00011261328998096334,0.00011265836688750987,0.00011270344550916148,0.00011274852584134311,0.00011279360788379543,0.0001128386916327342,0.00011288377708503489,0.00011292886423802687,0.00011297395308898618,0.00011301904363447109,0.0001130641358733369,0.00011310922980188026,0.0001131543254172767,0.00011319942271718009,0.00011324452169865101,0.00011328962235890686,0.00011333472469529475,0.00011337982870446123,0.00011342493438481059,0.00011347004173266432,0.00011351515074606767,0.00011356026142158065,0.00011360537375689632,0.0001136504877495795,0.00011369560339665991,0.00011374072069645799,0.00011378583964382141,0.00011383096023709464,0.00011387608247315648,0.00011392120635064788,0.00011396633186648755,0.00011401145901769215,0.00011405658780147418,0.00011410171821534448,0.00011414685025837352,0.00011419198392401037,0.00011423711921171873,0.00011428225611873458,0.00011432739464216242,0.00011437253477959391,0.00011441767653050723,0.00011446281988556251,0.00011450796484863662,0.00011455311141489453,0.00011459825958173709,0.00011464340934605797,0.00011468856070596469,0.00011473371365936582,0.00011477886820114187,0.00011482402433068837,0.0001148691820448513,0.00011491434134106946,0.00011495950221488222,0.00011500466466708409,0.00011504982869332025,0.00011509499429136687,0.00011514016145815091,0.00011518533019096412,0.00011523050048698025,0.00011527567234410647,0.00011532084575924755,0.00011536602073003007,0.00011541119725357939,0.0001154563753274581,0.0001155015549494584,0.00011554673611652653,0.00011559191882612227,0.00011563710307736,0.00011568228886421322,0.00011572747618578237,0.00011577266503948042,0.00011581785542273566,0.00011586304733291333,0.00011590824076739013,0.00011595343572349376,0.00011599863219872674,0.00011604383019063893,0.00011608902969651088,0.0001161342307140596,0.0001161794332405526,0.00011622463726853588,0.00011626984280463916,0.0001163150498418763,0.00011636025837775345,0.0001164054684092701,0.00011645067993418813,0.0001164958929499197,0.00011654110744684826,0.00011658632343652963,0.00011663154090931058,0.00011667675986274264,0.00011672198029406781,0.00011676720220197401,0.00011681242558178011,0.00011685765043201579,0.00011690287675011627,0.00011694810453338296,0.00011699333378012239,0.00011703856448647513,0.00011708379665033135,0.00011712903026955147,0.00011717426534157933,0.00011721950186362849,0.00011726473983233296,0.00011730997924669838,0.00011735522010753625,0.00011740046240511411,0.000117445706139982,0.00011749095130980064,0.0001175361979119711,0.00011758144594432868,0.00011762669540376809,0.00011767194628853715,0.00011771719859581573,0.00011776245232304858,0.00011780770746756877,0.00011785296402943168,0.00011789822200163417,0.00011794348138277956,0.00011798874217251723,0.00011803400436669173,0.00011807926796411642,0.00011812453296114373,0.00011816979935614462,0.00011821506714615577,0.00011826033632891742,0.0001183056069018788,0.00011835087886465358,0.00011839615221078377,0.00011844142694051669,0.00011848670304938836,0.0001185319805359528,0.00011857725939829501,0.00011862253963303485,0.00011866782124259916,0.0001187131042157559,0.00011875838855508637,0.00011880367425755239,0.00011884896132068415,0.00011889424974188217,0.00011893953951909537,0.0001189848306497397,0.00011903012313137863,0.00011907541696148134,0.00011912071214004509,0.00011916600866005227,0.00011921130652343244,0.00011925660572297605,0.0001193019062593115,0.00011934720812916698,0.00011939251133075713,0.00011943781586216322,0.000119483121719281,0.00011952842890118991,0.00011957373740499109,0.00011961904722805413,0.00011966435837017758,0.00011970967082526495,0.00011975498459275213,0.00011980029967234319,0.00011984561605717336,0.00011989093374703803,0.0001199362527394152,0.00011998157303232072,0.00012002689462222686,0.0001200722175086866,0.00012011754168805997,0.000120162867158456,0.00012020819391713642,0.0001202535219609855,0.00012029885128990708,0.00012034418190026458,0.00012038951378676647,0.00012043484695219274,0.000120480181391756,0.00012052551710302114,0.00012057085408389927,0.0001206161923317546,0.00012066153184765606,0.00012070687262294862,0.00012075221465824578,0.00012079755795104331,0.00012084290249934974,0.00012088824830067144,0.00012093359535216392,0.00012097894365368176,0.00012102429320005854,0.000121069643990245,0.0001211149960216006,0.00012116034929184549,0.00012120570379842561,0.00012125105953978751,0.00012129641651312623,0.0001213417747162186,0.00012138713414641354,0.0001214324948015732,0.00012147785667986122,0.00012152321977871235,0.00012156858409551814,0.00012161394962765008,0.00012165931637375972,0.00012170468432989623,0.00012175005349607436,0.0001217954238683279,0.00012184079544537272,0.00012188616822494221,0.00012193154220404076,0.00012197691737892254,0.00012202229375017157,0.00012206767131614125,0.00012211305007072014,0.00012215843000525436,0.00012220381113385223,0.0001222491934463534,0.00012229457693877936,0.00012233996161179706,0.0001223853474627746,0.00012243073448732126,0.0001224761226841853,0.00012252151205113893,0.00012256690258562904,0.0001226122942857859,0.00012265768714922638,0.00012270308117346356,0.0001227484763578602,0.00012279387269629688,0.00012283927019016602,0.00012288466883614817,0.0001229300686330131,0.00012297546957565478,0.00012302087166395377,0.00012306627489497236,0.00012311167926828536,0.00012315708477876201,0.0001232024914256313,0.0001232478992065285,0.0001232933081205854,0.00012333871816299835,0.0001233841293326406,0.0001234295416274579,0.00012347495504528487,0.00012352036958378682,0.00012356578523993117,0.00012361120201350665,0.00012365661989670925,0.00012370203889568404,0.0001237474590071789,0.00012379288022449449,0.00012383830254534124,0.00012388372596949023,0.00012392915049441296,0.000123974576119461,0.00012402000283943937,0.0001240654306535177,0.00012411085955940467,0.0001241562895560558,0.0001242017206395155,0.0001242471528079365,0.00012429258605765658,0.00012433802039087718,0.00012438345580399027,0.00012442889229294797,0.00012447432985891914,0.00012451976849441832,0.00012456520820017315,0.00012461064897245134,0.0001246560908119909,0.00012470153371467216,0.0001247469776790385,0.00012479242270274797,0.00012483786878370815,0.00012488331591969031,0.0001249287641093996,0.0001249742133480807,0.00012501966363578907,0.00012506511497038867,0.00012511056734920134,0.00012515602077061062,0.0001252014752306032,0.00012524693072825258,0.00012529238726231485,0.00012533784482948927,0.00012538330342687977,0.0001254287630555102,0.0001254742237104193,0.0001255196853903105,0.00012556514809307132,0.00012561061181728795,0.0001256560765585926,0.00012570154231686373,0.00012574700908979836,0.00012579247687456683,0.0001258379456692399,0.00012588341547200698,0.00012592888628004166,0.00012597435809100685,0.00012601983090525075,0.0001260653047186294,0.0001261107795294081,0.00012615625533516126,0.0001262017321347701,0.0001262472099261298,0.00012629268870611285,0.0001263381684720825,0.00012638364922756164,0.00012642913096111872,0.0001264746136753701,0.0001265200973689846,0.0001265655820357316,0.00012661106767982471,0.00012665655429694423,0.00012670204188287593,0.00012674753043621294,0.00012679301995622384,0.00012683851044010617,0.0001268840018859105,0.0001269294942914978,0.00012697498765467568,0.00012702048197349704,0.00012706597724566248,0.0001271114734699223,0.00012715697064338578,0.00012720246876428098,0.00012724796783050927,0.00012729346783911494,0.00012733896878981953,0.00012738447068064065,0.00012742997350638968,0.00012747547726847197,0.0001275209819636512,0.00012756648758973087,0.00012761199414474173,0.0001276575016268746,0.00012770301003383095,0.0001277485193633414,0.0001277940296127895,0.0001278395407819232,0.00012788505286782795,0.00012793056586830298,0.0001279760797817813,0.0001280215946055337,0.0001280671103372463,0.000128112626976382,0.00012815814452018368,0.00012820366296603132,0.0001282491823164944,0.00012829470256156173,0.00012834022370307018,0.00012838574573758723,0.00012843126866647002,0.00012847679248530395,0.00012852231719336077,0.00012856784278723952,0.00012861336926542515,0.0001286588966258074,0.0001287044248669413,0.00012874995398666584,0.00012879548398208484,0.00012884101485355123,0.00012888654659645417,0.00012893207921005546,0.00012897761269326514,0.00012902314704389976,0.0001290686822570413,0.0001291142183327412,0.0001291597552689494,0.0001292052930659991,0.0001292508317168509,0.00012929637122294625,0.0001293419115822413,0.00012938745279112996,0.00012943299485027694,0.0001294785377545106,0.00012952408150448765,0.00012956962609714684,0.00012961517153220082,0.00012966071780449843,0.00012970626491416812,0.00012975181285859537,0.00012979736163625636,0.00012984291124494465,0.00012988846168388742,0.00012993401294478265,0.00012997956503524354,0.00013002511794859921,0.00013007067168370275,0.0001301162262377204,0.0001301617816103043,0.00013020733779837024,0.00013025289479929035,0.00013029845261187408,0.00013034401123349754,0.00013038957066362311,0.00013043513089705728,0.00013048069193634208,0.00013052625377830374,0.00013057181642043485,0.00013061737986082295,0.000130662944098175,0.0001307085091329451,0.00013075407495603022,0.00013079964157451155,0.00013084520897711647,0.0001308907771623648,0.00013093634613876311,0.00013098191589558215,0.0001310274864335923,0.00013107305775463256,0.00013111862984864075,0.0001311642027178715,0.00013120977636145076,0.00013125535077568204,0.0001313009259591859,0.0001313465019126444,0.00013139207863015155,0.00013143765611122965,0.00013148323435442584,0.0001315288133592054,0.00013157439312083477,0.00013161997363870658,0.00013166555491183168,0.00013171113693840632,0.00013175671971464388,0.00013180230323997234,0.0001318478875115399,0.00013189347252834038,0.0001319390582885765,0.0001319846447898442,0.00013203023203054622,0.00013207582000850923,0.0001321214087234859,0.0001321669981718033,0.0001322125883524542,0.0001322581792629033,0.00013230377090056792,0.00013234936326625706,0.00013239495635517575,0.00013244055016958892,0.00013248614470341892,0.00013253173995619977,0.0001325773359260812,0.0001326229326115499,0.00013266853000956985,0.0001327141281202583,0.00013275972694012965,0.0001328053264683125,0.00013285092670531844,0.00013289652764480846,0.00013294212928642826,0.0001329877316288097,0.00013303333467011466,0.00013307893840859046,0.00013312454284238913,0.00013317014796965544,0.00013321575378865967,0.00013326136029764688,0.00013330696749507944,0.0001333525753786053,0.00013339818394573932,0.00013344379319527814,0.00013348940312558688,0.00013353501373459015,0.00013358062502065796,0.00013362623698215045,0.0001336718496183472,0.0001337174629250489,0.00013376307690201838,0.00013380869154668173,0.0001338543068578388,0.00013389992283239482,0.00013394553947030868,0.00013399115676917446,0.00013403677472419252,0.0001340823933394831,0.00013412801261029054,0.00013417363253476308,0.00013421925311116938,0.0001342648743377437,0.00013431049621195426,0.00013435611873369564,0.00013440174190049254,0.00013444736571000812,0.00013449299016147535,0.00013453861525125364,0.00013458424097937175,0.0001346298673433162,0.0001346754943414468,0.00013472112197235217,0.00013476675023478793,0.00013481237913089033,0.00013485800864692323,0.00013490363878962167,0.0001349492695559481,0.00013499490094455194,0.00013504053295186055,0.000135086165578911,0.00013513179882223495,0.00013517743268058176,0.00013522306715211716,0.00013526870223359012,0.0001353143379264774,0.00013535997422893832,0.00013540561113537522,0.0001354512486465901,0.00013549688675929808,0.00013554252547385293,0.00013558816478760768,0.0001356338046992507,0.00013567944520616584,0.00013572508630712438,0.00013577072800047157,0.0001358163702846212,0.00013586201315755477,0.00013590765661345043,0.00013595330065861166,0.0001359989452904582,0.00013604459050107576,0.00013609023629204198,0.00013613588266627783,0.00013618152961165672,0.0001362271771328168,0.00013627282522811672,0.00013631847389452973,0.00013636412313060143,0.0001364097729363104,0.00013645542330763946,0.00013650107424498727,0.00013654672574440511,0.0001365923778052465,0.0001366380304256537,0.00013668368360413415,0.00013672933733904554,0.00013677499162839806,0.00013682064647110214,0.00013686630186390133,0.00013691195780733762,0.00013695761429904598,0.00013700327133649344,0.00013704892892344098,0.00013709458704839423,0.00013714024571480783,0.00013718590491989505,0.00013723156466341452,0.00013727722494400916,0.0001373228857580368,0.00013736854710502252,0.0001374142089821163,0.00013745987138827335,0.0001375055343231524,0.00013755119778470802,0.00013759686177180051,0.000137642526279846,0.00013768819130892428,0.00013773385685761632,0.00013777952292497587,0.00013782518950730094,0.00013787085660520634,0.0001379165242164939,0.00013796219233960097,0.00013800786097379182,0.00013805353011281916,0.00013809919975839058,0.00013814486990970795,0.0001381905405632508,0.00013823621171801725,0.00013828188337263605,0.00013832755552565515,0.00013837322817479613,0.0001384189013186791,0.00013846457495816578,0.00013851024908680972,0.00013855592370579008,0.00013860159881420005,0.0001386472744077005,0.00013869295048612247,0.00013873862704829289,0.0001387843040914678,0.00013882998161664459,0.00013887565961861044,0.00013892133809637847,0.00013896701705061928,0.00013901269647905977,0.00013905837637982494,0.00013910405675041744,0.0001391497375902123,0.0001391954188968403,0.00013924110066866803,0.00013928678290484297,0.00013933246560361267,0.00013937814876364033,0.00013942383238186172,0.00013946951645748003,0.0001395152009894562,0.0001395608859767101,0.00013960657141568326,0.00013965225730629266,0.00013969794364757362,0.00013974363043570208,0.0001397893176722924,0.0001398350053518085,0.00013988069347384508,0.00013992638203391073,0.0001399720710383962,0.00014001776048260263,0.00014006345036236508,0.00014010914067816996,0.00014015483142681203,0.00014020052260800154,0.0001402462142182998,0.00014029190625950536,0.00014033759872782435,0.00014038329162168825,0.00014042898494055032,0.00014047467868245168,0.00014052037284546787,0.00014056606742738608,0.00014061176242785608,0.00014065745784449187,0.00014070315367585521,0.00014074884991980652,0.0001407945465764717,0.00014084024364363276,0.00014088594111958118,0.00014093163900196707,0.00014097733729115332,0.000141023035984423,0.00014106873507956105,0.00014111443457564166,0.00014116013447227648,0.00014120583476646137,0.0001412515354556013,0.00014129723653998364,0.00014134293801848936,0.00014138863988785583,0.0001414343421473086,0.00014148004479592343,0.00014152574783119967,0.00014157145125343688,0.00014161715505840963,0.00014166285924631738,0.00014170856381478215,0.0001417542687626932,0.00014179997408830125,0.00014184567979054288,0.00014189138586755137,0.00014193709231858343,0.00014198279914091457,0.00014202850633363194,0.0001420742138949655,0.00014211992182432132,0.00014216563011894832,0.00014221133877753863,0.00014225704779621232,0.00014230275717900203,0.00014234846692123942,0.00014239417702203064,0.0001424398874795357,0.00014248559829199998,0.0001425313094548245,0.00014257702097322884,0.00014262273284261853,0.00014266844505863275,0.00014271415762499008,0.0001427598705362569,0.00014280558379680135,0.00014285129739718643,0.00014289701133930461,0.00014294272562313917,0.000142988440245158,0.0001430341552042585,0.00014307987049801493,0.00014312558612667367,0.00014317130208814523,0.00014321701838282782,0.00014326273500590609,0.00014330845195645574,0.00014335416923620065,0.00014339988684058816,0.00014344560476807407,0.00014349132302149916,0.00014353704159254959,0.00014358276048250665,0.00014362847969054139,0.00014367419921547741,0.00014371991905690024,0.00014376563921079716,0.00014381135967833292,0.0001438570804548585,0.00014390280154233804,0.00014394852293672216,0.00014399424463801277,0.00014403996664367317,0.00014408568895210735,0.00014413141156267105,0.00014417713447736043,0.00014422285768756998,0.0001442685811954659,0.00014431430499958837,0.00014436002909887558,0.00014440575349187253,0.00014445147817476267,0.00014449720315086036,0.0001445429284152462,0.00014458865396718552,0.00014463437980571673,0.0001446801059277113,0.00014472583233268732,0.00014477155901968934,0.00014481728599227025,0.0001448630132387224,0.0001449087407634766,0.00014495446856378752,0.0001450001966393285,0.00014504592498789287,0.00014509165360828465,0.00014513738249860586,0.00014518311165788236,0.00014522884108550944,0.00014527457077941446,0.00014532030074056518,0.000145366030961925,0.00014541176144488763,0.00014545749219126877,0.00014550322319374078,0.00014554895445414184,0.00014559468597121402,0.00014564041774320553,0.00014568614976914472,0.00014573188204592696,0.00014577761457332106,0.00014582334734994612,0.00014586908037508197,0.00014591481364663742,0.000145960547163259,0.0001460062809233072,0.0001460520149250362,0.0001460977491690537,0.00014614348365106698,0.00014618921837193592,0.00014623495332865842,0.00014628068852318897,0.00014632642394906114,0.00014637215961133449,0.000146417895500775,0.00014646363162065633,0.00014650936796817456,0.00014655510454262435,0.00014660084134271098,0.00014664657836696896,0.00014669231561408068,0.00014673805308232038,0.00014678379077153104,0.00014682952867881097,0.00014687526680343246,0.00014692100514441704,0.0001469667436995602,0.00014701248246797038,0.00014705822144947756,0.0001471039606420876,0.00014714970004192464,0.0001471954396504274,0.00014724117946434494,0.00014728691948338394,0.00014733265970606237,0.0001473784001313617,0.00014742414075733185,0.0001474698815829078,0.00014751562260673564,0.00014756136382822822,0.00014760710524473834,0.00014765284685443894,0.00014769858865851858,0.00014774433065336875,0.00014779007283603136,0.00014783581521024327,0.00014788155777252038,0.00014792730052063253,0.00014797304345277784,0.00014801878656890994,0.00014806452986637194,0.000148110273345739,0.0001481560170035437,0.00014820176084046386,0.00014824750485316728,0.00014829324904200452,0.00014833899340422214,0.00014838473793997138,0.0001484304826471568,0.00014847622752444946,0.0001485219725697711,0.00014856771778325002,0.00014861346316291733,0.00014865920870742348,0.00014870495441539423,0.0001487507002858637,0.00014879644631766122,0.00014884219250738085,0.00014888793885655798,0.0001489336853621598,0.00014897943202350373,0.0001490251788382122,0.00014907092580670155,0.00014911667292574665,0.0001491624201962337,0.00014920816761592443,0.00014925391517971596,0.00014929966289310007,0.0001493454107519316,0.0001493911587549126,0.00014943690690016103,0.00014948265518658905,0.00014952840361319206,0.00014957415217808903,0.0001496199008805094,0.00014966564971817694,0.0001497113986905216,0.00014975714779821785,0.00014980289703694276,0.00014984864640708002,0.00014989439590577883,0.00014994014553325856,0.00014998589528782702,0.00015003164516728569,0.00015007739517115435,0.00015012314529841954,0.00015016889554819618,0.0001502146459182744,0.00015026039640791508,0.00015030614701483412,0.00015035189774157702,0.00015039764858146138,0.00015044339953553738,0.00015048915060262704,0.00015053490178084,0.0001505806530718228,0.00015062640447114056,0.0001506721559771639,0.00015071790758705363,0.00015076365930520306,0.0001508094111266667,0.00015085516305091495,0.0001509009150744814,0.0001509466672002441,0.00015099241942829257,0.00015103817175183914,0.00015108392416707795,0.0001511296766817663,0.0001511754292912292,0.00015122118199354203,0.00015126693478644435,0.0001513126876704116,0.0001513584406433785,0.00015140419370408703,0.00015144994685052375,0.00015149570008299816,0.00015154145339949413,0.00015158720679874342,0.00015163296027875548,0.00015167871383989603,0.00015172446747814322,0.0001517702211960434,0.00015181597499036836,0.00015186172886201413,0.0001519074828059429,0.000151953236822852,0.00015199899091051855,0.00015204474506857462,0.00015209049929657228,0.00015213625359246285,0.00015218200795077635,0.0001522277623795474,0.00015227351687195487,0.0001523192714273851,0.0001523650260446838,0.0001524107807225208,0.00015245653545972756,0.00015250229025506475,0.0001525480451074118,0.00015259380001539876,0.0001526395549784121,0.00015268530999417947,0.00015273106506200954,0.00015277682018074228,0.00015282257534913828,0.00015286833056600243,0.00015291408582971823,0.0001529598411397641,0.00015300559649195054,0.00015305135189079962,0.00015309710733151703,0.00015314286281347767,0.0001531886183362582,0.00015323437389623407,0.00015328012949452756,0.00015332588512917655,0.00015337164079892195,0.00015341739650278572,0.00015346315223955698,0.00015350890800784226,0.00015355466380667909,0.00015360041961315877,0.00015364617546923125,0.00015369193135205924,0.0001537376872606303,0.00015378344319356816,0.00015382919914970386,0.0001538749551299377,0.00015392071112908047,0.00015396646714794412,0.0001540122231853326,0.0001540579792400983,0.000154103735312877,0.00015414949139897594,0.00015419524749875176,0.00015424100361055196,0.00015428675973440132,0.00015433251586878435,0.00015437827201223028,0.00015442402816255018,0.00015446978432062203,0.000154515540484423,0.00015456129665115424,0.00015460705282331825,0.00015465280899698016,0.0001546985651716096,0.00015474432134588887,0.00015479007752102012,0.0001548358336917238,0.00015488158985868042,0.00015492734601638255,0.00015497310217426184,0.0001550188583235903,0.00015506461446375966,0.00015511037059454943,0.0001551561267160936,0.0001552018828245073,0.0001552476389199496,0.0001552933950013091,0.00015533915106778483,0.00015538490711723268,0.00015543066314944976,0.0001554764191629751,0.000155522175156112,0.00015556793112852038,0.00015561368707891704,0.00015565944300626863,0.00015570519890989302,0.00015575095478677706,0.00015579671063753068,0.00015584246646071378,0.00015588822226079218,0.00015593397802468728,0.00015597973375738986,0.0001560254894585023,0.00015607124512548323,0.00015611700075788884,0.00015616275635445826,0.0001562085119141804,0.00015625426743587416,0.00015630002291859186,0.00015634577836103796,0.00015639153376241076,0.0001564372891208654,0.0001564830444357186,0.0001565287997017299,0.00015657455492600216,0.00015662031010677926,0.00015666606523536178,0.00015671182031417092,0.00015675757534378028,0.0001568033303221093,0.00015684908524789094,0.0001568948401199425,0.00015694059493715073,0.00015698634969862183,0.00015703210440289,0.00015707785905117247,0.00015712361363823724,0.0001571693681667449,0.0001572151226320378,0.00015726087703490813,0.00015730663137407158,0.00015735238564850953,0.00015739813985610247,0.00015744389399781846,0.00015748964807156093,0.0001575354020766687,0.00015758115600960582,0.00015762690987292956,0.00015767266366380442,0.0001577184173791134,0.00015776417102174813,0.00015780992458862413,0.0001578556780766277,0.00015790143148899946,0.00015794718482229709,0.0001579929380757421,0.00015803869124715142,0.00015808444433710507,0.00015813019734360606,0.000158175950266181,0.00015822170310279184,0.00015826745585240971,0.00015831320851511114,0.00015835896108909835,0.0001584047135728134,0.00015845046596616897,0.00015849621826802163,0.00015854197047503817,0.00015858772258932027,0.00015863347460851025,0.00015867922653159882,0.0001587249783573603,0.00015877073008484628,0.00015881648171271398,0.00015886223324081377,0.00015890798466678958,0.0001589537359902363,0.00015899948720999912,0.00015904523832452344,0.00015909098933082397,0.00015913674023252674,0.00015918249102236115,0.0001592282417077847,0.00015927399228529338,0.00015931974274955814,0.00015936549310222847,0.00015941124334007154,0.00015945699346472434,0.0001595027434808229,0.00015954849337404867,0.00015959424314973428,0.00015963999280691144,0.00015968574234399887,0.0001597314917599257,0.00015977724105323507,0.00015982299022587946,0.00015986873927488092,0.00015991448820081188,0.0001599602369990016,0.00016000598567030643,0.00016005173421437677,0.0001600974826315219,0.00016014323091734665,0.00016018897907175316,0.00016023472709470954,0.00016028047498243888,0.00016032622273919587,0.00016037197035972432,0.00016041771784278358,0.00016046346518946034,0.00016050921239767793,0.00016055495946716211,0.0001606007063965084,0.00016064645318471859,0.0001606921998293387,0.0001607379463335717,0.00016078369269137012,0.0001608294389064265,0.00016087518497234012,0.0001609209308911203,0.0001609666766608852,0.00016101242228146542,0.00016105816775272884,0.00016110391307137446,0.00016114965823532478,0.00016119540324463968,0.00016124114810294344,0.0001612868928063059,0.00016133263735554554,0.00016137838174305592,0.00016142412597222418,0.00016146987004433117,0.00016151561395338638,0.00016156135770096423,0.0001616071012861722,0.00016165284471116948,0.00016169858796771016,0.00016174433105923833,0.00016179007398339914,0.00016183581673991952,0.00016188155932933201,0.00016192730174750412,0.0001619730439950878,0.00016201878607118755,0.00016206452797447893,0.00016211026970768276,0.00016215601126265118,0.0001622017526412704,0.00016224749383986605,0.00016229323486555028,0.00016233897571252243,0.00016238471637925898,0.00016243045686777747,0.00016247619717207673,0.00016252193729845274,0.00016256767723662934,0.0001626134169930395,0.00016265915656145526,0.00016270489594305635,0.0001627506351387467,0.000162796374150947,0.00016284211296773053,0.00016288785159426626,0.0001629335900286921,0.0001629793282725325,0.00016302506632204968,0.00016307080417740378,0.0001631165418355512,0.00016316227929726712,0.0001632080165623201,0.00016325375362960968,0.00016329949050157428,0.0001633452271694823,0.00016339096363677781,0.00016343669990189736,0.0001634824359639988,0.00016352817182208696,0.00016357390747409614,0.00016361964292176207,0.00016366537816106462,0.0001637111131938365,0.00016375684802103033,0.00016380258263890978,0.00016384831704191252,0.00016389405122536305,0.00016393978520743633,0.00016398551897230007,0.00016403125252112643,0.00016407698585576758,0.00016412271897362244,0.0001641684518743238,0.00016421418455688774,0.00016425991702053594,0.00016430564926256142,0.00016435138128343213,0.0001643971130826125,0.0001644428446585336,0.00016448857601394703,0.00016453430714069824,0.00016458003804192025,0.00016462576871649202,0.00016467149916196873,0.00016471722938265343,0.00016476295936918833,0.00016480868912594748,0.00016485441865086178,0.00016490014794319345,0.0001649458770020106,0.00016499160582640797,0.00016503733441515495,0.0001650830627652004,0.00016512879088385028,0.0001651745187616628,0.00016522024639982325,0.00016526597379557052,0.00016531170095246037,0.0001653574278680655,0.00016540315454046934,0.00016544888096907973,0.00016549460715209826,0.00016554033308998267,0.0001655860587818385,0.000165631784226113,0.0001656775094233894,0.00016572323437312404,0.00016576895907236127,0.00016581468351691697,0.00016586040770966604,0.00016590613165114626,0.00016595185533714636,0.0001659975787681521,0.0001660433019431969,0.00016608902486225005,0.00016613474752572244,0.0001661804699284676,0.00016622619207082423,0.00016627191395393205,0.00016631763557556193,0.00016636335693764003,0.0001664090780340451,0.00016645479886689155,0.00016650051943522504,0.00016654623973696327,0.00016659195977573779,0.00016663767954360766,0.00016668339904315918,0.00016672911827251015,0.00016677483723231062,0.00016682055592062996,0.0001668662743376615,0.0001669119924810149,0.00016695771035095,0.0001670034279457117,0.00016704914526485335,0.00016709486230731492,0.000167140579072555,0.00016718629555796053,0.0001672320117641762,0.00016727772769164475,0.00016732344333804267,0.00016736915870351957,0.00016741487378407104,0.00016746058858477011,0.00016750630309819465,0.00016755201732572458,0.00016759773126742404,0.00016764344492229669,0.00016768915828921854,0.00016773487136632404,0.0001677805841532804,0.00016782629665029405,0.0001678720088551214,0.0001679177207677455,0.0001679634323866379,0.00016800914371133176,0.00016805485474109445,0.00016810056547453034,0.0001681462759101127,0.0001681919860490192,0.00016823769588882915,0.00016828340542848029,0.00016832911466901356,0.0001683748236079954,0.00016842053224302436,0.00016846624057666602,0.00016851194860703628,0.00016855765633205108,0.00016860336375122925,0.000168649070864157,0.00016869477767099986,0.0001687404841715474,0.00016878619035976306,0.00016883189623802895,0.00016887760180559307,0.00016892330706143012,0.00016896901200419496,0.00016901471663410172,0.00016906042094964996,0.00016910612494940478,0.00016915182863724872,0.0001691975320038487,0.00016924323505357398,0.00016928893778520685,0.0001693346401987323,0.00016938034229080552,0.00016942604406175332,0.00016947174551068867,0.00016951744663673814,0.00016956314743759286,0.00016960884791574263,0.00016965454806771392,0.00016970024789716832,0.0001697459473964807,0.00016979164656974355,0.00016983734541229628,0.00016988304392671989,0.00016992874210958113,0.0001699744399618785,0.00017002013747564684,0.00017006583466240528,0.00017011153151552706,0.0001701572280341455,0.0001702029242177473,0.00017024862006464474,0.0001702943155742718,0.00017034001074607279,0.00017038570557996983,0.00017043140007323886,0.0001704770942244113,0.00017052278803527076,0.00017056848150486372,0.00017061417463082602,0.00017065986741348116,0.00017070555985163657,0.0001707512519434182,0.00017079694368999317,0.0001708426350895605,0.0001708883261413625,0.00017093401684411852,0.00017097970719743254,0.00017102539720036195,0.0001710710868519006,0.0001711167761514137,0.00017116246510269706,0.00017120815369593432,0.00017125384193257342,0.00017129952981607296,0.00017134521734356743,0.00017139090451301543,0.00017143659132573996,0.00017148227777987512,0.0001715279638757538,0.00017157364961025334,0.0001716193349790185,0.00017166501999086242,0.0001717107046400902,0.00017175638892652641,0.00017180207284797646,0.0001718477564016032,0.00017189343959219324,0.00017193912241505297,0.0001719848048715864,0.00017203048695995138,0.0001720761686791694,0.0001721218500285945,0.00017216753100728145,0.00017221321161412328,0.0001722588918489114,0.00017230457171097096,0.00017235025119882906,0.00017239593031308763,0.00017244160905090241,0.00017248728741240058,0.00017253296539691826,0.0001725786430036916,0.00017262432023262153,0.00017266999708267586,0.00017271567355092637,0.00017276134963814267,0.00017280702534352453,0.00017285270066781257,0.00017289837560719747,0.0001729440501626135,0.00017298972433272883,0.00017303539811877535,0.00017308107151675303,0.00017312674452720167,0.00017317241714968817,0.00017321808938217714,0.00017326376122609951,0.00017330943267914906,0.00017335510373684955,0.0001734007744101405,0.00017344644468709724,0.000173492114570359,0.00017353778405939223,0.00017358345315246309,0.00017362912185019667,0.0001736747901513449,0.00017372045805503998,0.00017376612556038208,0.00017381179266655214,0.00017385745937308102,0.00017390312567897639,0.00017394879158329985,0.00017399445708601697,0.00017404012218516098,0.0001740857868811498,0.0001741314511724681,0.00017417711505783863,0.00017422277853773523,0.0001742684416116864,0.00017431410427711918,0.00017435976653466022,0.00017440542838219921,0.00017445108982067905,0.0001744967508482348,0.00017454241146481664,0.00017458807166935452,0.00017463373145721424,0.00017467939083540602,0.0001747250498008389,0.00017477070834909106,0.0001748163664832394,0.00017486202419904494,0.0001749076814975738,0.00017495333837799543,0.00017499899483927744,0.00017504465088095432,0.0001750903065025345,0.00017513596170248185,0.0001751816164788649,0.00017522727083586176,0.00017527292476772667,0.00017531857827561757,0.0001753642313580376,0.00017540988401668168,0.0001754555362474674,0.00017550118804648024,0.00017554683942270786,0.00017559249036971686,0.00017563814088730282,0.00017568379097438283,0.00017572944062941616,0.00017577508985423305,0.0001758207386471132,0.00017586638700647526,0.00017591203493109346,0.00017595768242193485,0.00017600332947825676,0.0001760489760964197,0.00017609462227872392,0.0001761402680237789,0.00017618591333047465,0.00017623155819860632,0.0001762772026263522,0.00017632284661395976,0.00017636849016011523,0.0001764141332638319,0.00017645977592535127,0.00017650541814185985,0.00017655105991590681,0.00017659670124480905,0.00017664234212702072,0.00017668798256403686,0.00017673362255207442,0.0001767792620942323,0.00017682490119042793,0.00017687053983479967,0.00017691617802895591,0.00017696181577249475,0.00017700745306466808,0.00017705308990335179,0.00017709872628996674,0.00017714436222084204,0.00017718999769896656,0.0001772356327239984,0.00017728126729256408,0.00017732690140506634,0.00017737253506098694,0.0001774181682581096,0.00017746380099635596,0.00017750943327549736,0.0001775550650946367,0.00017760069645297104,0.00017764632734985745,0.00017769195778457442,0.00017773758775650655,0.00017778321726468494,0.00017782884630855372,0.00017787447488778365,0.00017792010300068633,0.00017796573064190866,0.00017801135781970637,0.00017805698453107494,0.0001781026107742621,0.00017814823654835866,0.00017819386185241942,0.0001782394866849917,0.0001782851110418418,0.000178330734931906,0.00017837635834896582,0.00017842198129209522,0.00017846760376173275,0.00017851322575625033,0.00017855884727520973,0.0001786044683169891,0.00017865008888214742,0.00017869570897028876,0.0001787413285776434,0.00017878694770776953,0.00017883256635876712,0.00017887818452969748,0.00017892380221842452,0.00017896941942619217,0.00017901503615113502,0.00017906065239503037,0.00017910626815434628,0.00017915188342705734,0.00017919749821435174,0.00017924311251638753,0.00017928872633183097,0.0001793343396597468,0.00017937995250270707,0.00017942556485462245,0.00017947117671678796,0.00017951678808769992,0.00017956239896917036,0.0001796080093648429,0.00017965361926200983,0.00017969922866656243,0.00017974483757744652,0.0001797904459931037,0.00017983605391520073,0.0001798816613416816,0.00017992726827287725,0.0001799728747023836,0.00018001848063818764,0.00018006408607535853,0.0001801096910134169,0.00018015529545268685,0.00018020089939126919,0.00018024650282795547,0.00018029210576322744,0.00018033770819718037,0.0001803833101274475,0.00018042891155536494,0.00018047451247867372,0.00018052011289672462,0.00018056571280935407,0.00018061131221612644,0.00018065691112214292,0.00018070250951277562,0.00018074810739614102,0.00018079370477028497,0.00018083930163490533,0.00018088489798917157,0.00018093049383299621,0.00018097608916470056,0.00018102168398434783,0.00018106727829076785,0.00018111287208381134,0.0001811584653627474,0.0001812040581262084,0.00018124965037428072,0.00018129524210606896,0.0001813408333214856,0.00018138642401898628,0.00018143201419849747,0.00018147760385912997,0.0001815231930018115,0.00018156878162258654,0.00018161436972185402,0.00018165995730307115,0.00018170554435916438,0.0001817511308926814,0.0001817967169027619,0.00018184230238879395,0.00018188788734948048,0.00018193347178720206,0.0001819790556967954,0.00018202463907970786,0.00018207022193533434,0.00018211580426759466,0.00018216138606645815,0.0001822069673364124,0.00018225254807628533,0.00018229812828593172,0.00018234370796387149,0.0001823892871098594,0.0001824348657241856,0.00018248044380482717,0.00018252602135177486,0.00018257159836408498,0.0001826171748447797,0.00018266275078675313,0.0001827083261920233,0.00018275390106065514,0.00018279947539208224,0.0001828450491847127,0.00018289062243832287,0.00018293619515272308,0.00018298176732513364,0.00018302733895870173,0.00018307291005016923,0.0001831184805999644,0.00018316405060714422,0.00018320962007118075,0.00018325518899142828,0.0001833007573667526,0.0001833463251968897,0.00018339189248097186,0.00018343745922024194,0.00018348302541108856,0.0001835285910535662,0.00018357415614898997,0.00018361972069520706,0.0001836652846893925,0.00018371084813484349,0.00018375641103034757,0.0001838019733742138,0.0001838475351654127,0.00018389309640693302,0.0001839386570926863,0.00018398421722452894,0.00018402977680103986,0.00018407533582421876,0.00018412089429040702,0.00018416645220023877,0.00018421200955331067,0.00018425756634707065,0.00018430312258398073,0.0001843486782631733,0.00018439423338571703,0.00018443978794426986,0.0001844853419421361,0.00018453089537842244,0.00018457644825294495,0.00018462200056498633,0.00018466755231387032,0.0001847131034987953,0.00018475865411994038,0.0001848042041755915,0.00018484975366572461,0.00018489530258920824,0.00018494085094637296,0.00018498639873645747,0.00018503194595821787,0.00018507749261098924,0.0001851230386945243,0.00018516858420791497,0.00018521412915226406,0.0001852596735245855,0.00018530521732542936,0.00018535076055760965,0.00018539630321338292,0.00018544184529537024,0.0001854873868037023,0.00018553292773721124,0.00018557846809563858,0.000185624007878098,0.00018566954708418645,0.00018571508571265443,0.00018576062376519342,0.00018580616123856433,0.00018585169813460496,0.00018589723444950977,0.00018594277018428953,0.00018598830533841834,0.00018603383991166298,0.00018607937390571644,0.00018612490731459652,0.0001861704401406489,0.00018621597238334186,0.00018626150404141598,0.00018630703511485287,0.00018635256560311315,0.00018639809550323078,0.0001864436248192677,0.00018648915354420903,0.00018653468168509214,0.00018658020923714307,0.0001866257362015943,0.00018667126257455332,0.00018671678835876913,0.00018676231355521522,0.00018680783815762053,0.00018685336216755385,0.00018689888558412726,0.0001869444084063179,0.00018698993063824809,0.00018703545227824505,0.00018708097332154354,0.00018712649376953174,0.0001871720136237289,0.00018721753287933025,0.00018726305153828274,0.00018730856959941702,0.00018735408706242553,0.00018739960392633994,0.00018744512019291463,0.00018749063585811958,0.00018753615092268505,0.00018758166538843546,0.0001876271792497953,0.0001876726925090815,0.00018771820516646874,0.00018776371722053028,0.00018780922867083557,0.0001878547395167983,0.00018790024976350132,0.0001879457593984141,0.00018799126842739623,0.00018803677684979195,0.00018808228466484053,0.00018812779187186797,0.00018817329847359312,0.0001882188044632769,0.0001882643098436489,0.0001883098146138718,0.00018835531877397504,0.00018840082231817227,0.0001884463252551084,0.00018849182757934627,0.00018853732929056364,0.00018858283038825451,0.0001886283308724036,0.00018867383073800845,0.00018871932999708004,0.000188764828635739,0.0001888103266579697,0.00018885582406338123,0.0001889013208485899,0.00018894681701835483
20,1.883538224092922e-23,4.7189889424776134e-23,7.828548134752317e-23,1.1143120654872866e-22,1.458324661778118e-22,1.8108810926027156e-22,2.1692625691123305e-22,2.531619957247933e-22,2.8966929083452843e-22,3.263621339977089e-22,3.6318178937763145e-22,4.0008812822968943e-22,4.370537264350954e-22,4.740598389502637e-22,5.110936514988491e-22,5.48146403422407e-22,5.852121050368036e-22,6.222866611108418e-22,6.593672715231447e-22,6.964520217379243e-22,7.335396025840005e-22,7.706291189632326e-22,8.077199587840517e-22,8.448117035605031e-22,8.819040671329086e-22,9.189968538464451e-22,9.560899298539878e-22,9.931832036787406e-22,1.030276612764218e-21,1.0673701143538502e-21,1.1044636791876663e-21,1.1415572872724235e-21,1.1786509249448496e-21,1.2157445828244567e-21,1.2528382545214193e-21,1.2899319356991106e-21,1.3270256233491661e-21,1.3641193154072914e-21,1.4012130105207617e-21,1.4383067076750259e-21,1.4754004062571424e-21,1.5124941057840048e-21,1.5495878060093214e-21,1.5866815066716418e-21,1.6237752076346982e-21,1.6608689088227606e-21,1.6979626101484615e-21,1.735056311582104e-21,1.772150013101606e-21,1.809243714634661e-21,1.846337416211358e-21,1.8834311178229514e-21,1.920524819463797e-21,1.9576185211059662e-21,1.994712222748485e-21,2.031805924410835e-21,2.0688996260885266e-21,2.1059933277794043e-21,2.143087029443496e-21,2.180180731141497e-21,2.2172744328160577e-21,2.2543681345010035e-21,2.291461836164275e-21,2.328555537837268e-21,2.3656492395218955e-21,2.4027429412202178e-21,2.439836642930285e-21,2.476930344615549e-21,2.514024046309622e-21,2.551117748013402e-21,2.588211449731623e-21,2.62530515142791e-21,2.662398853138882e-21,2.699492554855751e-21,2.736586256581039e-21,2.7736799583203806e-21,2.8107736600104605e-21,2.84786736171263e-21,2.8849610634484055e-21,2.922054765199518e-21,2.959148466903487e-21,2.9962421686427587e-21,3.0333358703914455e-21,3.0704295721515368e-21,3.107523273867902e-21,3.1446169756201834e-21,3.181710677353844e-21,3.2188043790967797e-21,3.2558980808749427e-21,3.2929917826392416e-21,3.3300854844085255e-21,3.367179186164868e-21,3.404272887951915e-21,3.441366589700465e-21,3.478460291477779e-21,3.515553993243522e-21,3.552647695000972e-21,3.5897413967611854e-21,3.626835098530365e-21,3.6639288003057964e-21,3.7010225020948635e-21,3.738116203892222e-21,3.775209905693341e-21,3.81230360750514e-21,3.84939730928101e-21,3.886491011062123e-21,3.923584712855959e-21,3.96067841465548e-21,3.997772116444616e-21,4.034865818241501e-21,4.071959520065281e-21,4.109053221896725e-21,4.146146923714582e-21,4.18324062552288e-21,4.220334327336996e-21,4.257428029177226e-21,4.294521730988207e-21,4.331615432804862e-21,4.3687091346293115e-21,4.405802836503262e-21,4.44289653834722e-21,4.479990240196011e-21,4.5170839420537296e-21,4.5541776439168336e-21,4.59127134575082e-21,4.6283650475920565e-21,4.665458749441733e-21,4.70255245129721e-21,4.739646153161245e-21,4.776739855033611e-21,4.81383355687483e-21,4.850927258728367e-21,4.888020960587455e-21,4.92511466248163e-21,4.962208364352495e-21,4.9993020662638026e-21,5.036395768150916e-21,5.073489470045171e-21,5.1105831719468195e-21,5.1476768738213204e-21,5.184770575699551e-21,5.221864277585016e-21,5.258957979481218e-21,5.296051681379965e-21,5.3331453832845106e-21,5.370239085197758e-21,5.407332787090524e-21,5.444426488988043e-21,5.481520190892145e-21,5.5186138928010475e-21,5.555707594716618e-21,5.592801296638228e-21,5.6298949985647715e-21,5.666988700471868e-21,5.704082402418403e-21,5.7411761043670516e-21,5.778269806266022e-21,5.815363508197436e-21,5.852457210134945e-21,5.8895509120767254e-21,5.926644614001758e-21,5.963738315934946e-21,6.000832017869124e-21,6.0379257198410926e-21,6.0750194217926864e-21,6.112113123746654e-21,6.149206825710383e-21,6.186300527674789e-21,6.223394229644255e-21,6.260487931624438e-21,6.297581633607564e-21,6.334675335575629e-21,6.371769037570278e-21,6.408862739546827e-21,6.445956441531883e-21,6.4830501435209e-21,6.520143845515829e-21,6.557237547518369e-21,6.5943312494991604e-21,6.631424951487139e-21,6.66851865348392e-21,6.7056123554845814e-21,6.742706057486493e-21,6.779799759497871e-21,6.816893461491589e-21,6.853987163493202e-21,6.89108086551947e-21,6.928174567530235e-21,6.965268269548669e-21,7.002361971571707e-21,7.039455673578913e-21,7.076549375610396e-21,7.113643077651058e-21,7.150736779693656e-21,7.187830481722103e-21,7.224924183752608e-21,7.262017885790263e-21,7.299111587813744e-21,7.33620528986493e-21,7.373298991918435e-21,7.41039269398081e-21,7.447486396025898e-21,7.484580098054996e-21,7.521673800110669e-21,7.558767502150518e-21,7.595861204216733e-21,7.632954906265693e-21,7.670048608342676e-21,7.707142310404231e-21,7.744236012493338e-21,7.781329714563296e-21,7.818423416618854e-21,7.855517118701709e-21,7.89261082076778e-21,7.929704522859241e-21,7.966798224958054e-21,8.003891927063735e-21,8.040985629151143e-21,8.07807933126717e-21,8.115173033366741e-21,8.15226673545434e-21,8.189360437566238e-21,8.226454139658265e-21,8.263547841759792e-21,8.300641543865965e-21,8.337735245996729e-21,8.374828948111512e-21,8.411922650212839e-21,8.449016352323327e-21,8.4861100544183e-21,8.523203756551883e-21,8.560297458655933e-21,8.597391160803198e-21,8.63448486295922e-21,8.671578565078219e-21,8.708672267238524e-21,8.745765969367661e-21,8.78285967153948e-21,8.819953373680589e-21,8.857047075830672e-21,8.894140777979869e-21,8.931234480136221e-21,8.968328182297214e-21,9.005421884463981e-21,9.042515586631541e-21,9.079609288806028e-21,9.11670299098541e-21,9.153796693138835e-21,9.190890395325828e-21,9.227984097487499e-21,9.265077799689587e-21,9.302171501859359e-21,9.339265204033978e-21,9.376358906215379e-21,9.413452608399667e-21,9.450546310589021e-21,9.487640012783493e-21,9.5247337149825e-21,9.561827417186363e-21,9.59892111939331e-21,9.636014821607146e-21,9.673108523791473e-21,9.71020222601477e-21,9.747295928208816e-21,9.78438963044657e-21,9.821483332649809e-21,9.858577034893606e-21,9.895670737111352e-21,9.932764439299492e-21,9.969858141554367e-21,1.0006951843785448e-20,1.0044045546022576e-20,1.0081139248262981e-20,1.0118232950509498e-20,1.0155326652757395e-20,1.0192420355013583e-20,1.0229514057271189e-20,1.0266607759500088e-20,1.0303701461770357e-20,1.0340795164011328e-20,1.0377888866258988e-20,1.0414982568512427e-20,1.045207627080042e-20,1.0489169973058574e-20,1.0526263675324782e-20,1.0563357377592573e-20,1.0600451079841446e-20,1.0637544782124212e-20,1.0674638484382376e-20,1.0711732186670025e-20,1.0748825888962667e-20,1.0785919591263752e-20,1.0823013293566525e-20,1.0860106995844996e-20,1.0897200698128485e-20,1.0934294400416578e-20,1.0971388102741876e-20,1.1008481805035745e-20,1.1045575507337862e-20,1.1082669209643791e-20,1.1119762911952806e-20,1.115685661423743e-20,1.1193950316553076e-20,1.1231044018877738e-20,1.1268137721202342e-20,1.1305231423540203e-20,1.1342325125877862e-20,1.1379418828222771e-20,1.1416512530540243e-20,1.1453606232862865e-20,1.1490699935219951e-20,1.1527793637551433e-20,1.1564887339916003e-20,1.1601981042256456e-20,1.1639074744631205e-20,1.1676168446955135e-20,1.1713262149309102e-20,1.1750355851670343e-20,1.1787449554033073e-20,1.1824543256399246e-20,1.1861636958772522e-20,1.189873066114731e-20,1.1935824363502892e-20,1.197291806586439e-20,1.2010011768228745e-20,1.2047105470602871e-20,1.208419917300028e-20,1.2121292875376857e-20,1.2158386577757849e-20,1.2195480280122808e-20,1.2232573982537594e-20,1.2269667684930392e-20,1.230676138730362e-20,1.2343855089707856e-20,1.2380948792089598e-20,1.2418042494502469e-20,1.2455136196894418e-20,1.249222989931465e-20,1.2529323601740698e-20,1.2566417304171796e-20,1.260351100660218e-20,1.2640604709016455e-20,1.267769841143339e-20,1.271479211385594e-20,1.275188581630489e-20,1.2788979518737123e-20,1.2826073221172706e-20,1.2863166923612321e-20,1.2900260626030944e-20,1.2937354328479393e-20,1.2974448030907957e-20,1.3011541733364811e-20,1.3048635435801981e-20,1.3085729138269846e-20,1.3122822840739291e-20,1.3159916543190563e-20,1.319701024564701e-20,1.3234103948105565e-20,1.3271197650572e-20,1.3308291353016573e-20,1.3345385055489072e-20,1.3382478757938713e-20,1.3419572460418532e-20,1.345666616290501e-20,1.3493759865368788e-20,1.3530853567860444e-20,1.356794727035605e-20,1.3605040972858195e-20,1.3642134675341634e-20,1.3679228377852196e-20,1.3716322080343775e-20,1.375341578286156e-20,1.3790509485360596e-20,1.3827603187839936e-20,1.3864696890348587e-20,1.3901790592837913e-20,1.3938884295331295e-20,1.3975977997827797e-20,1.4013071700354278e-20,1.4050165402861105e-20,1.4087259105367905e-20,1.412435280790588e-20,1.4161446510446554e-20,1.419854021296951e-20,1.423563391549433e-20,1.4272727618048888e-20,1.4309821320606115e-20,1.434691502312592e-20,1.4384008725667165e-20,1.4421102428212863e-20,1.4458196130743425e-20,1.4495289833276875e-20,1.4532383535840328e-20,1.456947723840546e-20,1.4606570940973917e-20,1.464366464352599e-20,1.4680758346104635e-20,1.471785204864165e-20,1.4754945751208327e-20,1.479203945379684e-20,1.4829133156390633e-20,1.4866226858942045e-20,1.490332056151926e-20,1.494041426410276e-20,1.4977507966669077e-20,1.5014601669260278e-20,1.5051695371855578e-20,1.5088789074456972e-20,1.5125882777041778e-20,1.5162976479630394e-20,1.5200070182243912e-20,1.5237163884818544e-20,1.527425758741967e-20,1.5311351290022694e-20,1.534844499262809e-20,1.538553869523955e-20,1.5422632397856982e-20,1.545972610047645e-20,1.549681980307966e-20,1.5533913505691207e-20,1.557100720830262e-20,1.560810091094031e-20,1.564519461355785e-20,1.5682288316203737e-20,1.5719382018849252e-20,1.5756475721503326e-20,1.5793569424119215e-20,1.58306631267809e-20,1.5867756829448352e-20,1.5904850532076314e-20,1.5941944234732154e-20,1.5979037937385948e-20,1.601613164004799e-20,1.6053225342711938e-20,1.6090319045380046e-20,1.612741274805225e-20,1.6164506450708967e-20,1.620160015337182e-20,1.623869385603448e-20,1.6275787558724253e-20,1.6312881261396843e-20,1.634997496407358e-20,1.6387068666777378e-20,1.6424162369442773e-20,1.646125607213148e-20,1.6498349774822237e-20,1.6535443477538046e-20,1.6572537180218017e-20,1.660963088290571e-20,1.664672458561422e-20,1.66838182883079e-20,1.672091199100746e-20,1.675800569370726e-20,1.6795099396435327e-20,1.683219309912614e-20,1.6869286801839882e-20,1.6906380504559152e-20,1.694347420728242e-20,1.6980567909991212e-20,1.701766161272025e-20,1.7054755315473827e-20,1.7091849018209112e-20,1.7128942720931987e-20,1.7166036423678728e-20,1.7203130126407627e-20,1.724022382912632e-20,1.7277317531864784e-20,1.731441123462723e-20,1.7351504937375346e-20,1.7388598640109434e-20,1.7425692342867372e-20,1.7462786045607827e-20,1.749987974836813e-20,1.7536973451154076e-20,1.7574067153924136e-20,1.7611160856680374e-20,1.7648254559458204e-20,1.7685348262224072e-20,1.7722441965012973e-20,1.775953566778443e-20,1.779662937054617e-20,1.783372307336077e-20,1.7870816776126675e-20,1.7907910478914177e-20,1.7945004181689722e-20,1.7982097884484774e-20,1.8019191587271936e-20,1.8056285290078197e-20,1.8093378992867697e-20,1.8130472695678406e-20,1.8167566398474002e-20,1.8204660101294308e-20,1.8241753804135503e-20,1.827884750695795e-20,1.8315941209774673e-20,1.8353034912608114e-20,1.8390128615430333e-20,1.8427222318237678e-20,1.84643160210676e-20,1.850140972392187e-20,1.8538503426720364e-20,1.85755971295756e-20,1.861269083242281e-20,1.8649784535253418e-20,1.868687823807457e-20,1.8723971940916298e-20,1.876106564377487e-20,1.8798159346624368e-20,1.8835253049489096e-20,1.8872346752344782e-20,1.890944045518733e-20,1.8946534158048837e-20,1.8983627860900944e-20,1.9020721563773133e-20,1.905781526666555e-20,1.9094908969510892e-20,1.9132002672405972e-20,1.9169096375259692e-20,1.920619007813139e-20,1.9243283781023304e-20,1.9280377483935368e-20,1.931747118680567e-20,1.9354564889694366e-20,1.9391658592602955e-20,1.9428752295494192e-20,1.946584599837709e-20,1.950293970127794e-20,1.9540033404203634e-20,1.957712710708473e-20,1.961422080998417e-20,1.9651314512903243e-20,1.968840821580857e-20,1.9725501918703493e-20,1.9762595621618057e-20,1.9799689324550705e-20,1.983678302747124e-20,1.987387673038149e-20,1.99109704333096e-20,1.9948064136225987e-20,1.9985157839163446e-20,2.0022251542090382e-20,2.005934524506654e-20,2.0096438947998002e-20,2.01335326509209e-20,2.0170626353889333e-20,2.020772005681694e-20,2.024481375976363e-20,2.028190746272967e-20,2.0319001165717682e-20,2.035609486865862e-20,2.0393188571620677e-20,2.0430282274606185e-20,2.046737597757046e-20,2.050446968052866e-20,2.054156338350389e-20,2.057865708649968e-20,2.0615750789484022e-20,2.0652844492461393e-20,2.068993819545127e-20,2.0727031898431823e-20,2.076412560140533e-20,2.0801219304392978e-20,2.0838313007398073e-20,2.0875406710396645e-20,2.0912500413380606e-20,2.094959411638356e-20,2.09866878194093e-20,2.10237815224177e-20,2.106087522544675e-20,2.1097968928498513e-20,2.1135062631506254e-20,2.117215633450038e-20,2.1209250037547046e-20,2.1246343740576493e-20,2.1283437443598527e-20,2.1320531146615085e-20,2.1357624849672828e-20,2.1394718552690996e-20,2.1431812255727408e-20,2.1468905958783324e-20,2.1505999661828443e-20,2.1543093364864098e-20,2.1580187067917964e-20,2.1617280770958295e-20,2.1654374474018424e-20,2.169146817706627e-20,2.1728561880132266e-20,2.1765655583191986e-20,2.180274928626638e-20,2.183984298932903e-20,2.1876936692381235e-20,2.1914030395451192e-20,2.195112409851076e-20,2.1988217801588573e-20,2.2025311504686745e-20,2.2062405207741743e-20,2.2099498910816275e-20,2.2136592613909867e-20,2.2173686316990025e-20,2.2210780020091195e-20,2.2247873723208346e-20,2.2284967426318104e-20,2.2322061129413224e-20,2.2359154832524562e-20,2.239624853562997e-20,2.243334223872513e-20,2.2470435941841795e-20,2.2507529644970162e-20,2.254462334808743e-20,2.2581717051198576e-20,2.2618810754325526e-20,2.265590445744542e-20,2.2692998160580954e-20,2.2730091863705322e-20,2.2767185566847197e-20,2.280427927000905e-20,2.2841372973125072e-20,2.2878466676264624e-20,2.2915560379422163e-20,2.2952654082566934e-20,2.298974778569928e-20,2.302684148885031e-20,2.3063935192021467e-20,2.3101028895154005e-20,2.3138122598306317e-20,2.3175216301470166e-20,2.3212310004624753e-20,2.3249403707799063e-20,2.3286497410966147e-20,2.3323591114148678e-20,2.3360684817318807e-20,2.3397778520508774e-20,2.3434872223689132e-20,2.3471965926855615e-20,2.3509059630041832e-20,2.3546153333244826e-20,2.3583247036466128e-20,2.3620340739649775e-20,2.3657434442851776e-20,2.369452814607053e-20,2.3731621849253343e-20,2.3768715552454312e-20,2.3805809255643008e-20,2.3842902958874626e-20,2.3879996662072197e-20,2.3917090365284962e-20,2.3954184068515497e-20,2.3991277771738057e-20,2.4028371474944497e-20,2.406546517817586e-20,2.4102558881421978e-20,2.4139652584631593e-20,2.417674628785908e-20,2.4213839991100447e-20,2.4250933694334276e-20,2.4288027397554625e-20,2.4325121100821325e-20,2.4362214804077387e-20,2.4399308507323898e-20,2.4436402210584564e-20,2.447349591386536e-20,2.4510589617108614e-20,2.454768332037385e-20,2.4584777023621557e-20,2.4621870726890267e-20,2.4658964430148042e-20,2.469605813342235e-20,2.473315183668751e-20,2.4770245539945082e-20,2.480733924321489e-20,2.4844432946503567e-20,2.4881526649785734e-20,2.4918620353082485e-20,2.4955714056371523e-20,2.499280775967787e-20,2.5029901462975478e-20,2.506699516626268e-20,2.510408886956852e-20,2.5141182572885142e-20,2.5178276276172224e-20,2.521536997947363e-20,2.5252463682791367e-20,2.5289557386099883e-20,2.5326651089422086e-20,2.5363744792735785e-20,2.540083849607043e-20,2.5437932199393236e-20,2.5475025902705228e-20,2.5512119606036962e-20,2.554921330935711e-20,2.5586307012668894e-20,2.5623400715997705e-20,2.566049441934331e-20,2.569758812267898e-20,2.573468182600513e-20,2.577177552935173e-20,2.580886923268706e-20,2.5845962936037264e-20,2.5883056639376204e-20,2.5920150342733757e-20,2.5957244046079995e-20,2.5994337749443205e-20,2.603143145279802e-20,2.6068525156145383e-20,2.6105618859509324e-20,2.6142712562885107e-20,2.6179806266255395e-20,2.621689996964204e-20,2.6253993673017872e-20,2.6291087376410597e-20,2.6328181079768743e-20,2.636527478314613e-20,2.6402368486534936e-20,2.64394621899416e-20,2.6476555893338632e-20,2.6513649596725157e-20,2.655074330013571e-20,2.6587837003533547e-20,2.6624930706944614e-20,2.666202441035011e-20,2.6699118113768007e-20,2.673621181717489e-20,2.677330552060176e-20,2.681039922404457e-20,2.6847492927454707e-20,2.6884586630882343e-20,2.69216803343237e-20,2.6958774037755958e-20,2.6995867741179113e-20,2.7032961444615063e-20,2.7070055148071217e-20,2.710714885151637e-20,2.7144242554957195e-20,2.7181336258406963e-20,2.721842996185376e-20,2.725552366528994e-20,2.7292617368764424e-20,2.73297110722319e-20,2.7366804775669577e-20,2.740389847911892e-20,2.744099218258541e-20,2.7478085886069186e-20,2.7515179589521037e-20,2.7552273293007073e-20,2.7589366996488915e-20,2.762646069996144e-20,2.7663554403424364e-20,2.770064810690549e-20,2.7737741810398724e-20,2.7774835513886644e-20,2.781192921736224e-20,2.7849022920832657e-20,2.788611662434011e-20,2.7923210327838674e-20,2.7960304031329645e-20,2.7997397734862145e-20,2.8034491438385345e-20,2.8071585141876455e-20,2.810867884535703e-20,2.814577254885785e-20,2.81828662523729e-20,2.821995995590252e-20,2.825705365942471e-20,2.8294147362959116e-20,2.833124106646295e-20,2.836833476998347e-20,2.840542847349651e-20,2.844252217702178e-20,2.8479615880563865e-20,2.851670958409604e-20,2.855380328764511e-20,2.859089699118543e-20,2.862799069471608e-20,2.8665084398259235e-20,2.8702178101800545e-20,2.873927180537754e-20,2.877636550894825e-20,2.881345921253406e-20,2.8850552916088915e-20,2.8887646619657116e-20,2.8924740323217836e-20,2.896183402679409e-20,2.8998927730384416e-20,2.903602143396757e-20,2.9073115137563857e-20,2.911020884113025e-20,2.914730254471518e-20,2.918439624829039e-20,2.9221489951877985e-20,2.9258583655481834e-20,2.9295677359099664e-20,2.9332771062710465e-20,2.9369864766290535e-20,2.940695846988709e-20,2.944405217347427e-20,2.9481145877076666e-20,2.9518239580696283e-20,2.955533328432959e-20,2.959242698795454e-20,2.962952069155045e-20,2.9666614395159424e-20,2.970370809878231e-20,2.9740801802417413e-20,2.9777895506049634e-20,2.9814989209693476e-20,2.9852082913351263e-20,2.988917661697912e-20,2.992627032060436e-20,2.9963364024238897e-20,3.000045772786475e-20,3.0037551431508646e-20,3.007464513519096e-20,3.0111738838862e-20,3.014883254248075e-20,3.018592624611772e-20,3.0223019949768374e-20,3.0260113653432974e-20,3.0297207357113246e-20,3.03343010607843e-20,3.037139476446922e-20,3.0408488468126763e-20,3.0445582171793963e-20,3.0482675875481476e-20,3.051976957916153e-20,3.055686328285317e-20,3.059395698655865e-20,3.0631050690261397e-20,3.0668144393930505e-20,3.070523809761592e-20,3.074233180131458e-20,3.0779425505028973e-20,3.081651920873438e-20,3.08536129124558e-20,3.089070661619037e-20,3.092780031987792e-20,3.096489402357496e-20,3.1001987727287654e-20,3.103908143101594e-20,3.1076175134755534e-20,3.111326883849061e-20,3.115036254223695e-20,3.1187456245938635e-20,3.122454994965367e-20,3.1261643653380165e-20,3.129873735711824e-20,3.133583106087186e-20,3.1372924764618793e-20,3.141001846838309e-20,3.1447112172116566e-20,3.148420587584403e-20,3.1521299579584674e-20,3.155839328334262e-20,3.159548698710963e-20,3.163258069089029e-20,3.1669674394664547e-20,3.1706768098432184e-20,3.1743861802193363e-20,3.1780955505969776e-20,3.181804920973581e-20,3.1855142913517286e-20,3.1892236617313837e-20,3.1929330321121485e-20,3.196642402490107e-20,3.200351772867672e-20,3.204061143246532e-20,3.2077705136249307e-20,3.211479884004458e-20,3.2151892543853127e-20,3.218898624767664e-20,3.2226079951474316e-20,3.2263173655261905e-20,3.2300267359066707e-20,3.233736106286687e-20,3.237445476669552e-20,3.241154847052e-20,3.244864217431695e-20,3.248573587812504e-20,3.252282958193096e-20,3.255992328576888e-20,3.259701698960061e-20,3.263411069342428e-20,3.2671204397281913e-20,3.270829810111225e-20,3.2745391804934874e-20,3.278248550877243e-20,3.281957921260358e-20,3.285667291644977e-20,3.289376662030648e-20,3.293086032417816e-20,3.296795402801909e-20,3.3005047731858e-20,3.3042141435711596e-20,3.3079235139553244e-20,3.3116328843430894e-20,3.315342254732096e-20,3.3190516251205e-20,3.322760995506794e-20,3.3264703658939646e-20,3.330179736280381e-20,3.333889106668269e-20,3.337598477057418e-20,3.341307847445983e-20,3.345017217835997e-20,3.34872658822334e-20,3.352435958611794e-20,3.356145329001897e-20,3.3598546993913946e-20,3.363564069781956e-20,3.3672734401721234e-20,3.370982810563557e-20,3.374692180952364e-20,3.378401551344299e-20,3.382110921735829e-20,3.38582029212861e-20,3.3895296625222676e-20,3.3932390329140897e-20,3.3969484033067544e-20,3.400657773697021e-20,3.4043671440883673e-20,3.408076514481168e-20,3.411785884875393e-20,3.415495255271037e-20,3.419204625664258e-20,3.42291399606202e-20,3.4266233664574e-20,3.430332736850401e-20,3.4340421072451844e-20,3.437751477640453e-20,3.441460848037197e-20,3.445170218431706e-20,3.4488795888272694e-20,3.452588959220484e-20,3.45629832961511e-20,3.460007700010435e-20,3.4637170704073983e-20,3.467426440805743e-20,3.471135811205299e-20,3.4748451816059246e-20,3.478554552000953e-20,3.482263922397018e-20,3.4859732927939727e-20,3.4896826631923724e-20,3.4933920335916184e-20,3.4971014039891045e-20,3.5008107743911684e-20,3.504520144790895e-20,3.508229515188292e-20,3.511938885590294e-20,3.515648255990156e-20,3.5193576263912476e-20,3.52306699679371e-20,3.526776367197036e-20,3.5304857375980747e-20,3.534195107996951e-20,3.537904478400581e-20,3.5416138488052634e-20,3.545323219207633e-20,3.5490325896150955e-20,3.5527419600200566e-20,3.556451330422898e-20,3.5601607008269276e-20,3.5638700712320115e-20,3.567579441635169e-20,3.571288812039153e-20,3.574998182444726e-20,3.578707552847449e-20,3.5824169232516016e-20,3.5861262936571273e-20,3.5898356640636816e-20,3.5935450344679596e-20,3.5972544048769165e-20,3.600963775287086e-20,3.604673145691499e-20,3.6083825160971143e-20,3.612091886503774e-20,3.6158012569119784e-20,3.6195106273213554e-20,3.623219997731579e-20,3.626929368143366e-20,3.630638738552865e-20,3.634348108959973e-20,3.638057479368266e-20,3.641766849777762e-20,3.645476220188632e-20,3.649185590600487e-20,3.652894961013558e-20,3.6566043314242165e-20,3.6603137018326474e-20,3.6640230722421146e-20,3.6677324426532995e-20,3.6714418130657814e-20,3.6751511834789266e-20,3.678860553893638e-20,3.682569924305932e-20,3.6862792947195976e-20,3.689988665134254e-20,3.6936980355468906e-20,3.697407405960518e-20,3.701116776375171e-20,3.704826146787978e-20,3.3687323002141065e-14,7.040750688669442e-14,1.0892649240357249e-13,1.4936490338123044e-13,1.919130365583964e-13,2.3677363106715753e-13,2.8416197644206556e-13,3.343089347235938e-13,3.8746431126459597e-13,4.439004925020666e-13,5.039164154326895e-13,5.678419614799316e-13,6.360428873808056e-13,7.089264261945824e-13,7.869477153132141e-13,8.706172375459911e-13,9.605094979894976e-13,1.0572732057220504e-12,1.1616432880768554e-12,1.2744551397492479e-12,1.396661603639871e-12,1.5293533008023991e-12,1.6737830805361162e-12,1.8313955581912428e-12,2.0038629602319326e-12,2.193128819930577e-12,2.4014614840119165e-12,2.6315199279609775e-12,2.8864350702315804e-12,3.1699106662038936e-12,3.4863490026648563e-12,3.841008059660306e-12,4.2401986128833046e-12,4.691531947395853e-12,5.2042314065600135e-12,5.78952371647141e-12,6.461128384448967e-12,7.2358642991885725e-12,8.13438958313312e-12,9.182079314099393e-12,1.041001837571392e-11,1.1856032558417626e-11,1.3565590834164985e-11,1.5592301061439785e-11,1.7997709797032026e-11,2.0850650169241048e-11,2.4100752588648275e-11,2.4100752588665226e-11,2.410075258868398e-11,2.410075258870498e-11,2.410075258872886e-11,2.4100752588756558e-11,2.4100752588789487e-11,2.4100752588938396e-11,2.4100752589557263e-11,2.804514367737532e-11,3.2774917192675414e-11,3.866597463165563e-11,4.6614959587047187e-11,5.864347501161174e-11,7.88046434905874e-11,1.1343515148622564e-10,1.6726029002331514e-10,2.3524380020671634e-10,2.352438002346408e-10,3.058601033770326e-10,3.6670997203040786e-10,4.1670633192648725e-10,4.6006650279964145e-10,5.004119031598871e-10,5.377544394062415e-10,5.69087525241344e-10,5.90563697919748e-10,5.993958771892107e-10,5.947034288954478e-10,5.774059151199695e-10,5.496282104107729e-10,5.140360197474897e-10,4.733192824356816e-10,4.298744946123075e-10,3.856655665378027e-10,3.4221581772614344e-10,3.0066155039201015e-10,2.618093276971958e-10,2.2618000709939531e-10,1.9404803789067636e-10,1.6548440617916944e-10,1.4040343345426977e-10,1.1860903829125615e-10,9.983597558851738e-11,8.378343950726838e-11,7.014036209672817e-11,5.860305208481291e-11,4.888646313312251e-11,4.0730549956762047e-11,3.390306865190527e-11,2.819995461699826e-11,2.3444159452809587e-11,1.9483595161573642e-11,1.618863983276393e-11,1.3449507895000349e-11,1.1173676159746769e-11,9.28347746829202e-12,7.713919471407537e-12,6.4107504296091665e-12,5.328771591794422e-12,4.43038259629928e-12,3.68433942437471e-12,3.064701539027312e-12,2.5499444551664244e-12,2.1222150746327288e-12,1.7667089975250775e-12,1.4711512481972406e-12,1.2253641554319062e-12,1.020908341432314e-12,8.507848146534557e-13,7.09187988295858e-13,5.913010488863766e-13,4.931264843908096e-13,4.113457654733739e-13,3.4320317730038384e-13,2.864096446671946e-13,2.390631017660199e-13,1.9958254937495534e-13,1.6665343445873067e-13,1.3918239598214548e-13,1.1625975949962471e-13,9.712844358426053e-14,8.115817308090969e-14,6.782408586966708e-14,5.668897816734762e-14,4.7388564165366646e-14,3.9619233798606605e-14,3.312788161023791e-14,2.770345333543753e-14,2.3169917668991487e-14,1.938042095354627e-14,1.621242408441589e-14,1.356365528232867e-14,1.1348740813409491e-14,9.496399245108335e-15,7.94710431123841e-15,6.651137599691439e-15,5.566965458023101e-15,4.659886093976259e-15,3.900901310743023e-15,3.2657754719559514e-15,2.7342504650303764e-15,2.289390635389434e-15,1.9170360611675615e-15,1.6053461590699508e-15,1.3444186238316036e-15,1.1259712075564191e-15,9.430759301274583e-16,7.899370441303955e-16,6.617055217926006e-16,5.54324032624967e-16,4.643973813400165e-16,3.8908420936699053e-16,3.2600645800411593e-16,2.7317367053225706e-16,2.289196934003923e-16,1.918497393639454e-16,1.6079611139039703e-16,1.347811664264762e-16,1.1298633201769792e-16,9.47261840227427e-17,7.94267567227589e-17,6.66073926204769e-17,5.586555302295108e-17,4.686410537187002e-17,3.932068264607279e-17,3.2998776453541396e-17,2.7700280809890576e-17,2.3259249900203565e-17,1.953667184572097e-17,1.6416092829903823e-17,1.3799953011760009e-17,1.1606518273092901e-17,9.767310772635704e-18,8.224957106562716e-18,6.931386114839108e-18,5.846319452613822e-18,4.93600730885753e-18,4.1721694169078e-18,3.531107984109229e-18,2.992964603573008e-18,2.5410977554308542e-18,2.1615613101822525e-18,1.8426676320543274e-18,1.574621546644112e-18,1.3492136696947311e-18,1.159563462826044e-18,9.999039472732837e-19,8.654013170075961e-19,7.520037901225162e-19,6.563149564947452e-19,5.7548764920446365e-19,5.071350120776896e-19,4.4925597549894575e-19,4.0017280493824907e-19,3.5847876546644656e-19,3.229942628497125e-19,2.927300876667674e-19,2.6685661155401353e-19,2.446779712842396e-19,2.256104326654481e-19,2.0916425721379653e-19,1.9492850424358819e-19,1.8255829301022012e-19,1.7176412647642818e-19,1.6230294288159023e-19,1.53970615354429e-19,1.4659566511181172e-19,1.4003399177073004e-19,1.3416445611751e-19,1.2888517733874686e-19,1.241104290796896e-19,1.1976803738424585e-19,1.1579719932421533e-19,1.1214665419954038e-19,1.087731502888322e-19,1.0564015930271388e-19,1.0271679850362573e-19,9.997692681500206e-20,9.739838688598811e-20,9.496236940183253e-20,9.265287993514284e-20,9.0456291732417e-20,8.836097053164084e-20,8.635695979381136e-20,8.44357165720481e-20,8.258988980565717e-20,8.081313423291005e-20,7.909995416098188e-20,7.744557223225375e-20,7.58458192049338e-20,7.429704131138925e-20,7.279602240059145e-20,7.133991844986907e-20,6.992620247794793e-20,6.855261815469114e-20,6.72171407432959e-20,6.591794417153831e-20,6.465337325786538e-20,6.342192026261881e-20,6.222220507128976e-20,6.105295843994836e-20,5.991300778553505e-20,5.880126514746458e-20,5.771671695863908e-20,5.665841534032841e-20,5.56254706809529e-20,5.461704529450196e-20,5.363234799249751e-20,5.2670629422174416e-20,5.173117805823887e-20,5.081331673564969e-20,4.991639964872386e-20,4.9039809744728474e-20,4.8182956447951087e-20,4.734527366696411e-20,4.652621804166474e-20,4.5725267395337613e-20,4.49419193613697e-20,4.4175690159565175e-20,4.342611350081553e-20,4.269273959977043e-20,4.1975134286465866e-20,4.127287819776409e-20,4.058556603967962e-20,3.9912805912670966e-20,3.9254218691507836e-20,3.86094374518229e-20,3.797810693704541e-20,3.7359883071964637e-20,3.675443249053959e-20,3.616143211377307e-20,3.558056873768276e-20,3.501153865748733e-20,3.445404730342721e-20,3.390780890215147e-20,3.337254615388053e-20,3.2847989925856603e-20,3.233387896048619e-20,3.182995959773498e-20,3.133598551135759e-20,3.0851717455589224e-20,3.0376923020500355e-20,2.9911376405714776e-20,2.94548581953826e-20,2.9007155146171064e-20,2.8568059984100847e-20,2.8137371207248835e-20,2.7714892901043154e-20,2.7300434553239345e-20,2.6893810883379853e-20,2.649484167217056e-20,2.610335160719718e-20,2.571917012169613e-20,2.534213124527213e-20,2.4972073463223548e-20,2.46088395790605e-20,2.425227657673371e-20,2.3902235491959842e-20,2.355857129301401e-20,2.32211427559003e-20,2.2889812349964982e-20,2.25644461275147e-20,2.2244913614895442e-20,2.1931087707969146e-20,2.1622844571129607e-20,2.1320063542017846e-20,2.1022627036655434e-20,2.073042045884837e-20,2.0443332112299025e-20,2.0161253115916326e-20,1.9884077322133662e-20,1.9611701237601395e-20,1.934402394621808e-20,1.9080947035343996e-20,1.882237452533431e-20,1.8568212797515712e-20,1.8318370529631254e-20,1.8072758629226557e-20,1.783129017194526e-20,1.7593880339277125e-20,1.7360446361436878e-20,1.7130907459123768e-20,1.6905184788720873e-20,1.6683201388470518e-20,1.6464882126998564e-20,1.6250153652680745e-20,1.6038944345698002e-20,1.5831184270167383e-20,1.5626805128858307e-20,1.5425740219140166e-20,1.5227924389387397e-20,1.503329399749657e-20,1.4841786871761323e-20,1.4653342269443546e-20,1.4467900841882388e-20,1.42854045933036e-20,1.4105796850065936e-20,1.3929022222981698e-20,1.3755026574695443e-20,1.3583756986639453e-20,1.3415161727612859e-20,1.324919022303295e-20,1.3085793025134369e-20,1.2924921784030263e-20,1.2766529219711946e-20,1.2610569095272412e-20,1.2456996187765344e-20,1.2305766266748818e-20,1.215683606563406e-20,1.2010163259601751e-20,1.1865706440961497e-20,1.172342509641964e-20,1.1583279584883262e-20,1.1445231115571706e-20,1.1309241728322466e-20,1.1175274270946343e-20,1.1043292380665444e-20,1.0913260464747107e-20,1.078514368157126e-20,1.0658907922313967e-20,1.0534519793403378e-20,1.0411946598583833e-20,1.029115632298757e-20,1.0172117616562481e-20,1.0054799777659304e-20,9.939172738135972e-21,9.825207048014488e-21,9.71287386086368e-21,9.602144919787331e-21,9.492992543051255e-21,9.385389611178175e-21,9.279309553161156e-21,9.174726334743724e-21,9.071614444471447e-21,8.969948882835636e-21,8.869705149572208e-21,8.77085923278078e-21,8.673387597837507e-21,8.577267175618647e-21,8.482475352902328e-21,8.388989960440345e-21,8.29678926522299e-21,8.20585195870027e-21,8.116157147965164e-21,8.027684346513788e-21,7.940413464813905e-21,7.854324801637323e-21,7.769399035404352e-21,7.685617215805602e-21,7.602960754910779e-21,7.521411421097598e-21,7.440951328371546e-21,7.361562931291221e-21,7.283229016648484e-21,7.205932695574552e-21,7.129657397299684e-21,7.05438686209272e-21,6.980105134214182e-21,6.906796555627222e-21,6.834445760326976e-21,6.763037666533094e-21,6.6925574716622624e-21,6.622990646178381e-21,6.554322928011176e-21,6.486540316389145e-21,6.419629066655925e-21,6.3535756849284036e-21,6.288366922699969e-21,6.223989771694176e-21,6.160431458945019e-21,6.097679441680295e-21,6.0357214031203116e-21,5.974545247205751e-21,5.914139094020037e-21,5.854491275781019e-21,5.795590332143154e-21,5.7374250061842175e-21,5.679984240058999e-21,5.623257171094955e-21,5.5672331277151775e-21,5.511901625634425e-21,5.4572523640974956e-21,5.4032752220675374e-21,5.3499602548049925e-21,5.297297690147408e-21,5.245277925255488e-21,5.193891523035222e-21,5.143129208995258e-21,5.092981867969005e-21,5.043440540976865e-21,4.994496422178251e-21,4.946140855735436e-21,4.898365333065271e-21,4.851161489710223e-21,4.8045211030749876e-21,4.758436088830831e-21,4.712898498953996e-21,4.667900518547508e-21,4.62343446382214e-21,4.579492779197175e-21,4.536068034874276e-21,4.493152924424659e-21,4.450740262654852e-21,4.408822983052511e-21,4.367394135646732e-21,4.326446884766703e-21,4.28597450719042e-21,4.245970388778087e-21,4.206428024217579e-21,4.1673410139313774e-21,4.128703062245642e-21,4.090507975514301e-21,4.052749660158555e-21,4.015422120884465e-21,3.978519458815198e-21,3.942035869718409e-21,3.9059656422994804e-21,3.8703031563833416e-21,3.835042881393752e-21,3.800179374461669e-21,3.7657072793939136e-21,3.73162132421198e-21,3.697916320565796e-21,3.664587161442462e-21,3.631628820152042e-21,3.599036348621589e-21,3.566804876152402e-21,3.534929608133394e-21,3.503405824348461e-21,3.4722288778737356e-21,3.441394193919029e-21,3.4108972677545545e-21,3.3807336646915757e-21,3.3508990181178295e-21,3.321389027889143e-21,3.2921994602027908e-21,3.263326145728119e-21,3.2347649786175882e-21,3.2065119154143228e-21,3.1785629739435073e-21,3.1509142323351698e-21,3.123561827795005e-21,3.0965019558563536e-21,3.069730869086505e-21,3.043244876242283e-21,3.0170403412769734e-21,2.991113682482031e-21,2.9654613714013643e-21,2.9400799320161114e-21,2.9149659398268534e-21,2.8901160209973238e-21,2.8655268514775033e-21,2.841195156130653e-21,2.8171177079180465e-21,2.7932913272046296e-21,2.7697128808042644e-21,2.746379281247757e-21,2.723287486027788e-21,2.7004344969016072e-21,2.6778173590083187e-21,2.6554331603220092e-21,2.6332790308234017e-21,2.611352141810194e-21,2.589649705295943e-21,2.5681689732688107e-21,2.5469072370194754e-21,2.525861826552412e-21,2.505030109890948e-21,2.4844094926984204e-21,2.4639974169619335e-21,2.4437913613116517e-21,2.423788839913591e-21,2.403987402046677e-21,2.384384631263302e-21,2.3649781452327474e-21,2.3457655949805574e-21,2.3267446642529555e-21,2.3079130693994933e-21,2.2892685583028416e-21,2.27080891023076e-21,2.252531935242845e-21,2.2344354737066387e-21,2.2165173958374025e-21,2.1987756011588284e-21,2.1812080181101995e-21,2.1638126035665196e-21,2.1465873423939198e-21,2.129530246993596e-21,2.1126393568673178e-21,2.0959127382284025e-21,2.0793484835727932e-21,2.0629447112370752e-21,2.046699565037182e-21,2.0306112138384525e-21,2.0146778512384494e-21,1.9988976950056863e-21,1.9832689869904645e-21,1.9677899924891146e-21,1.9524590000449132e-21,1.9372743210091916e-21,1.92223428924401e-21,1.9073372607440695e-21,1.892581613327997e-21,1.8779657462732376e-21,1.8634880799885362e-21,1.8491470557465017e-21,1.834941135382996e-21,1.820868800848229e-21,1.8069285540317695e-21,1.793118916420062e-21,1.7794384288128513e-21,1.7658856510297372e-21,1.752459161607809e-21,1.7391575575836496e-21,1.725979454146329e-21,1.71292348440296e-21,1.6999882991082348e-21,1.687172566397905e-21,1.6744749715545522e-21,1.6618942167000903e-21,1.6494290206065051e-21,1.6370781184689335e-21,1.6248402615690272e-21,1.6127142171084773e-21,1.6006987679801433e-21,1.5887927125207453e-21,1.5769948643127814e-21,1.5653040518009845e-21,1.5537191185139038e-21,1.542238922216848e-21,1.5308623352987667e-21,1.5195882441397501e-21,1.5084155491302855e-21,1.497343164443185e-21,1.486370017720123e-21,1.4754950499972548e-21,1.4647172155286599e-21,1.4540354815014145e-21,1.4434488279305574e-21,1.4329562474084547e-21,1.4225567450056876e-21,1.412249338032974e-21,1.4020330558625108e-21,1.3919069398088056e-21,1.38187004299728e-21,1.3719214300862982e-21,1.3620601771087883e-21,1.3522853714305344e-21,1.3425961114976344e-21,1.332991506728243e-21,1.3234706773032367e-21,1.3140327541078305e-21,1.3046768784627833e-21,1.2954022020847308e-21,1.2862078869008798e-21,1.277093104929216e-21,1.2680570380655564e-21,1.259098878073942e-21,1.2502178263471233e-21,1.2414130937985277e-21,1.2326839007555971e-21,1.2240294768268414e-21,1.2154490607758109e-21,1.2069419003413413e-21,1.1985072522553991e-21,1.1901443819404594e-21,1.1818525635112953e-21,1.1736310796257642e-21,1.1654792213723977e-21,1.1573962881588796e-21,1.1493815876002654e-21,1.141434435396965e-21,1.1335541552416975e-21,1.1257400787035532e-21,1.1179915451373705e-21,1.110307901553388e-21,1.1026885025214815e-21,1.0951327101169002e-21,1.0876398937690333e-21,1.0802094301869639e-21,1.0728407032364437e-21,1.06553310387245e-21,1.0582860300472102e-21,1.0510988866034755e-21,1.0439710851946902e-21,1.0369020441825513e-21,1.029891188577005e-21,1.02293794993794e-21,1.0160417662516848e-21,1.009202081920492e-21,1.0024183475645752e-21,9.956900201412114e-22,9.890165625928022e-22,9.823974440699958e-22,9.758321395434064e-22,9.693201300071772e-22,9.628609021194975e-22,9.564539484543757e-22,9.500987671586825e-22,9.437948620363794e-22,9.375417423837613e-22,9.313389229411127e-22,9.251859238924453e-22,9.190822706994741e-22,9.130274940832323e-22,9.070211299566482e-22,9.010627193618455e-22,8.951518083897557e-22,8.892879481461614e-22,8.834706945926518e-22,8.77699608633044e-22,8.719742559596535e-22,8.662942070132138e-22,8.60659036920952e-22,8.550683254316631e-22,8.49521656926065e-22,8.440186201443959e-22,8.385588084264038e-22,8.331418194987422e-22,8.277672554023085e-22,8.2243472249367e-22,8.171438313608865e-22,8.118941968283732e-22,8.066854377190548e-22,8.0151717707478125e-22,7.963890419854749e-22,7.913006634570961e-22,7.862516764560201e-22,7.812417198869159e-22,7.762704364318815e-22,7.71337472608988e-22,7.664424786785401e-22,7.615851086149677e-22,7.567650200273008e-22,7.519818741704544e-22,7.472353358628539e-22,7.425250734567124e-22,7.378507587937517e-22,7.33212067136983e-22,7.2860867719067355e-22,7.240402709911242e-22,7.195065339073888e-22,7.150071546330552e-22,7.105418250494474e-22,7.061102402797704e-22,7.017120985787468e-22,6.973471013600009e-22,6.930149531453054e-22,6.887153614758356e-22,6.844480369459391e-22,6.802126930881301e-22,6.760090464537946e-22,6.71836816470809e-22,6.676957254467021e-22,6.635854985300147e-22,6.595058636845287e-22,6.554565516960342e-22,6.514372960582069e-22,6.474478329981053e-22,6.434879013996968e-22,6.395572428138772e-22,6.35655601426883e-22,6.317827240391408e-22,6.279383599835657e-22,6.241222611174347e-22,6.203341818200876e-22,6.165738789315155e-22,6.128411117866109e-22,6.091356420531268e-22,6.054572338556393e-22,6.018056536656629e-22,5.981806702819225e-22,5.945820548217417e-22,5.910095806905299e-22,5.87463023519791e-22,5.8394216124405385e-22,5.804467739352001e-22,5.769766438613536e-22,5.735315554650434e-22,5.701112952985894e-22,5.667156520478966e-22,5.6334441647666605e-22,5.599973813956146e-22,5.566743416650938e-22,5.533750941556117e-22,5.500994377470167e-22,5.468471732530701e-22,5.436181034598276e-22,5.404120331018905e-22,5.372287687516871e-22,5.340681189557723e-22,5.309298940477664e-22,5.278139062295242e-22,5.247199695498395e-22,5.216478998234686e-22,5.185975146630682e-22,5.155686334384464e-22,5.125610772490804e-22,5.095746689559692e-22,5.066092331111164e-22,5.036645959302631e-22,5.007405853098544e-22,4.978370307960438e-22,4.9495376356544805e-22,4.920906164127537e-22,4.892474237182795e-22,4.864240214483705e-22,4.83620247128595e-22,4.808359398379862e-22,4.780709401693438e-22,4.753250902284828e-22,4.725982336075553e-22,4.698902154205203e-22,4.672008822111984e-22,4.6453008194518275e-22,4.618776640659464e-22,4.592434794041627e-22,4.5662738020625455e-22,4.54029220101192e-22,4.51448854089018e-22,4.488861385074626e-22,4.4634093107332645e-22,4.438130908422733e-22,4.413024780789872e-22,4.388089544605066e-22,4.363323829060402e-22,4.338726276170418e-22,4.314295540406424e-22,4.290030288743346e-22,4.265929200673619e-22,4.241990967591071e-22,4.2182142931793784e-22,4.194597892896383e-22,4.171140494118401e-22,4.147840835868739e-22,4.124697668757862e-22,4.1017097548335136e-22,4.0788758674555094e-22,4.0561947912132313e-22,4.033665321786305e-22,4.011286265839891e-22,3.989056440901087e-22,3.966974675213648e-22,3.945039807691328e-22,3.923250687786303e-22,3.9016061753671187e-22,3.880105140553808e-22,3.8587464637742846e-22,3.837529035698856e-22,3.8164517564473793e-22,3.795513536556285e-22,3.7747132961465925e-22,3.7540499650240804e-22,3.7335224829254797e-22,3.7131297986352516e-22,3.692870870559978e-22,3.672744666301572e-22,3.6527501627699616e-22,3.6328863459442457e-22,3.6131522108339525e-22,3.5935467614491523e-22,3.5740690104709084e-22,3.554717979364765e-22,3.5354926985543783e-22,3.516392206667256e-22,3.4974155510090478e-22,3.478561787346117e-22,3.45982997964332e-22,3.4412192000742604e-22,3.422728529070235e-22,3.404357055087239e-22,3.386103874581567e-22,3.3679680919271347e-22,3.3499488193225775e-22,3.332045176739987e-22,3.314256291811143e-22,3.2965812997593396e-22,3.2790193434068463e-22,3.2615695729719855e-22,3.244231146023859e-22,3.2270032273432065e-22,3.2098849893338057e-22,3.192875611188509e-22,3.175974279304701e-22,3.1591801869945174e-22,3.1424925347999185e-22,3.1259105299299153e-22,3.109433386426513e-22,3.0930603251635447e-22,3.076790573613623e-22,3.060623365897149e-22,3.0445579427790354e-22,3.0285935514080196e-22,3.012729445419695e-22,2.996964884709802e-22,2.9813471474203435e-22,2.9657792018399797e-22,2.950308610020378e-22,2.9349346640921673e-22,2.919656657279646e-22,2.904473887258737e-22,2.88938565722344e-22,2.8743912759441183e-22,2.859490058050149e-22,2.844681323949472e-22,2.829964399842838e-22,2.8153386174081904e-22,2.8008033139995817e-22,2.78635783254587e-22,2.772001521461203e-22,2.757733734620915e-22,2.743553831291009e-22,2.729461176096168e-22,2.7154551391483106e-22,2.701535095203408e-22,2.6877004248929352e-22,2.673950513699564e-22,2.660284752243347e-22,2.6467025361957896e-22,2.633203266237787e-22,2.619786348007147e-22,2.6064511920484864e-22,2.5931972137890768e-22,2.5800238334624073e-22,2.5669304760919983e-22,2.553916571412953e-22,2.540981553888076e-22,2.5281248624858247e-22,2.5153459410136784e-22,2.5026442376548853e-22,2.4900192051465248e-22,2.47747030071076e-22,2.4649969859991e-22,2.45259872704963e-22,2.440274994159024e-22,2.4280252622050775e-22,2.4158490101091738e-22,2.403745720985755e-22,2.391714882268633e-22,2.37975598547398e-22,2.367868526275458e-22,2.356052004402678e-22,2.344305923608825e-22,2.332629791668165e-22,2.3210231202368336e-22,2.309485425139515e-22,2.29801622584465e-22,2.286615045794301e-22,2.275281412170039e-22,2.2640148560313265e-22,2.252814912137745e-22,2.2416811190070356e-22,2.2306130187782013e-22,2.2196101572939324e-22,2.208672083947895e-22,2.197798351961279e-22,2.1869885177087396e-22,2.176242141390728e-22,2.165558786578268e-22,2.1549380203585503e-22,2.1443794131477343e-22,2.1338825389040095e-22,2.1234469748228493e-22,2.1130723015065676e-22,2.1027581028492996e-22,2.0925039659633256e-22,2.0823094813399678e-22,2.072174242493288e-22,2.062097846268371e-22,2.0520798927227616e-22,2.042119984824066e-22,2.0322177288546378e-22,2.0223727340543032e-22,2.0125846128360482e-22,2.0028529805185924e-22,1.9931774554101944e-22,1.983557658938173e-22,1.9739932152723286e-22,1.9644837516609135e-22,1.9550288981373714e-22,1.9456282876686459e-22,1.9362815561253332e-22,1.9269883419129434e-22,1.917748286526777e-22,1.9085610341449504e-22,1.8994262316369112e-22,1.8903435285782996e-22,1.8813125773276872e-22,1.8723330328584877e-22,1.863404552852484e-22,1.8545267974510742e-22,1.8456994296403741e-22,1.8369221147841223e-22,1.8281945208817345e-22,1.8195163184587256e-22,1.8108871805567418e-22,1.8023067827045692e-22,1.7937748029084886e-22,1.7852909216163298e-22,1.7768548216997256e-22,1.7684661884563227e-22,1.760124709535901e-22,1.7518300749740704e-22,1.7435819771598543e-22,1.7353801107729085e-22,1.727224172839721e-22,1.7191138626171722e-22,1.711048881722589e-22,1.703028933916705e-22,1.6950537252359024e-22,1.6871229639254716e-22,1.6792363603961543e-22,1.671393627245201e-22,1.6635944792366032e-22,1.6558386332309217e-22,1.6481258082320609e-22,1.6404557253428965e-22,1.6328281077270087e-22,1.6252426806667126e-22,1.6176991713561072e-22,1.6101973091492364e-22,1.602736825352648e-22,1.5953174532974843e-22,1.5879389282637993e-22,1.5806009875023718e-22,1.5733033702049156e-22,1.5660458175390844e-22,1.55882807243353e-22,1.551649879874236e-22,1.544510986669347e-22,1.537411141472742e-22,1.5303500948088975e-22,1.5233275990324846e-22,1.5163434082940514e-22,1.509397278576667e-22,1.5024889676100024e-22,1.4956182349713152e-22,1.488784841958287e-22,1.4819885515294687e-22,1.4752291284770207e-22,1.4685063392619696e-22,1.4618199520986098e-22,1.4551697368123375e-22,1.448555464946875e-22,1.4419769096817776e-22,1.4354338458365587e-22,1.4289260499215882e-22,1.422453300010659e-22,1.4160153757800554e-22,1.4096120585004522e-22,1.4032431310517054e-22,1.396908377933702e-22,1.3906075849522703e-22,1.9376568365351404e-22,2.3121311170285565e-22,2.666442044228218e-22,3.0110515535877413e-22,3.346045718938414e-22,3.670846241037545e-22,3.984926022835385e-22,4.287860439307813e-22,4.579328095857788e-22,4.859106500734389e-22,5.12706624988737e-22,5.383164246122745e-22,5.627436238940943e-22,5.8599889371413295e-22,6.080991921337552e-22,6.290669554367406e-22,6.489293057910092e-22,6.6771728917142435e-22,6.854651542854568e-22,7.022096802939699e-22,7.179895587112996e-22,7.328448325483288e-22,7.468163939236644e-22,7.599455397534653e-22,7.722735839278935e-22,7.838415233880142e-22,7.9468975489532565e-22,8.048578386652254e-22,8.143843049853607e-22,8.233064996171086e-22,8.316604639034881e-22,8.3948084556411495e-22,8.468008363740407e-22,8.53652133126027e-22,8.600649185125435e-22,8.660678589160922e-22,8.716881163212831e-22,8.769513718837602e-22,8.818818589285376e-22,8.865024034603147e-22,8.908344704846367e-22,8.94898214670212e-22,8.987125340960461e-22,9.022951260122877e-22,9.05662543712276e-22,9.088302537586924e-22,9.118126929456739e-22,9.146233244934014e-22,9.172746930592077e-22,9.19778478256484e-22,9.221455464328122e-22,9.243860005236041e-22,9.265092278593077e-22,9.285239458290828e-22,9.304382453820834e-22,9.322596323215207e-22,9.339950664156654e-22,9.356509983655625e-22,9.372334046581667e-22,9.387478203757531e-22,9.401993700209712e-22,9.41592796445939e-22,9.42932487953994e-22,9.442225036582708e-22,9.454665971890643e-22,9.466682388263959e-22,9.47830636149143e-22,9.48956753275531e-22,9.500493287860966e-22,9.511108923995629e-22,9.521437804807679e-22,9.531501504527185e-22,9.541319941824142e-22,9.550911504085191e-22,9.560293162691906e-22,9.569480579992637e-22,9.578488208397114e-22,9.58732938225394e-22,9.596016402943272e-22,9.604560617667307e-22,9.612972492404518e-22,9.621261679402365e-22,9.62943707961907e-22,9.637506900530974e-22,9.645478709513085e-22,9.653359483235664e-22,9.66115565331379e-22,9.668873148454737e-22,9.676517433482527e-22,9.68409354531362e-22,9.69160612619177e-22,9.699059454426994e-22,9.706457472729187e-22,9.713803814382653e-22,9.721101827412464e-22,9.728354596854844e-22,9.735564965375045e-22,9.74273555222722e-22,9.749868770776366e-22,9.75696684465702e-22,9.764031822668642e-22,9.771065592540114e-22,9.77806989358337e-22,9.785046328395716e-22,9.791996373639403e-22,9.798921389965683e-22,9.805822631183328e-22,9.812701252697826e-22,9.819558319293751e-22,9.826394812302168e-22,9.833211636230025e-22,9.840009624809729e-22,9.846789546648766e-22,9.853552110360142e-22,9.860297969387481e-22,9.867027726364733e-22,9.873741937101816e-22,9.88044111435993e-22,9.887125731277087e-22,9.893796224492285e-22,9.900452997185893e-22,9.907096421518532e-22,9.913726841290084e-22,9.920344574138221e-22,9.926949913619089e-22,9.933543131203292e-22,9.940124477942338e-22,9.946694186101376e-22,9.95325247078759e-22,9.959799531226731e-22,9.966335552028962e-22,9.97286070438162e-22,9.979375147136256e-22,9.985879027749647e-22,9.992372483295058e-22,9.99885564118728e-22,1.000532862002022e-21,1.0011791530240778e-21,1.0018244474844077e-21,1.002468754990138e-21,1.0031120845179069e-21,1.0037544444672937e-21,1.0043958426933981e-21,1.0050362865640212e-21,1.0056757829939982e-21,1.0063143384798399e-21,1.0069519591346052e-21,1.0075886507197572e-21,1.0082244186721005e-21,1.008859268128405e-21,1.0094932039513233e-21,1.0101262307499224e-21,1.0107583529021776e-21,1.011389574568639e-21,1.0120198997165185e-21,1.0126493321287696e-21,1.013277875421051e-21,1.0139055330568058e-21,1.0145323083545816e-21,1.015158204498924e-21,1.0157832245613973e-21,1.0164073714989709e-21,1.0170306481649963e-21,1.0176530573209226e-21,1.0182746016366734e-21,1.0188952837041592e-21,1.0195151060410065e-21,1.02013407109428e-21,1.020752181248822e-21,1.0213694388299711e-21,1.021985846108707e-21,1.0226014053055222e-21,1.023216118592242e-21,1.023829988102227e-21,1.0244430159237864e-21,1.025055204109453e-21,1.0256665546764765e-21,1.0262770696116006e-21,1.0268867508687039e-21,1.0274956003758726e-21,1.028103620033388e-21,1.028710811717479e-21,1.0293171772837538e-21,1.0299227185612535e-21,1.0305274373621847e-21,1.0311313354817538e-21,1.0317344146943983e-21,1.0323366767587848e-21,1.0329381234178876e-21,1.0335387563996854e-21,1.0341385774184082e-21,1.0347375881741894e-21,1.035335790356337e-21,1.0359331856385295e-21,1.0365297756864919e-21,1.0371255621538914e-21,1.0377205466838875e-21,1.0383147309092877e-21,1.038908116454763e-21,1.0395007049343573e-21,1.0400924979537178e-21,1.0406834971059775e-21,1.041273703988678e-21,1.0418631201789292e-21,1.0424517472498911e-21,1.0430395867681373e-21,1.0436266402922754e-21,1.0442129093730914e-21,1.0447983955568391e-21,1.0453831003818605e-21,1.045967025380242e-21,1.0465501720798851e-21,1.0471325419984487e-21,1.0477141366494454e-21,1.048294957540464e-21,1.0488750061732774e-21,1.0494542840439175e-21,1.050032792642912e-21,1.0506105334554841e-21,1.0511875079645614e-21,1.0517637176367561e-21,1.0523391639442286e-21,1.0529138483511952e-21,1.0534877723165545e-21,1.054060937293405e-21,1.0546333447304347e-21,1.0552049960710657e-21,1.0557758927536483e-21,1.056346036211962e-21,1.056915427874811e-21,1.0574840691671884e-21,1.0580519615070086e-21,1.0586191063093928e-21,1.0591855049842358e-21,1.059751158938214e-21,1.0603160695711802e-21,1.0608802382798494e-21,1.0614436664559316e-21,1.06200635548681e-21,1.0625683067558534e-21,1.0631295216413079e-21,1.0636900015162934e-21,1.0642497477529571e-21,1.0648087617155336e-21,1.0653670447655393e-21,1.065924598259776e-21,1.0664814235505579e-21,1.0670375219876941e-21,1.0675928949151431e-21,1.0681475436713066e-21,1.0687014695933268e-21,1.0692546740138021e-21,1.0698071582592106e-21,1.0703589236538887e-21,1.0709099715189737e-21,1.0714603031684992e-21,1.0720099199130089e-21,1.0725588230604939e-21,1.0731070139169656e-21,1.0736544937802337e-21,1.074201263944548e-21,1.0747473257033864e-21,1.0752926803448446e-21,1.0758373291504496e-21,1.0763812734044715e-21,1.0769245143815001e-21,1.077467053353854e-21,1.0780088915906732e-21,1.0785500303512764e-21,1.079090470906194e-21,1.0796302145101933e-21,1.0801692624185375e-21,1.0807076158750262e-21,1.081245276129966e-21,1.0817822444253577e-21,1.0823185219984548e-21,1.0828541100872083e-21,1.0833890099225884e-21,1.0839232227323722e-21,1.0844567497417585e-21,1.0849895921706971e-21,1.085521751236727e-21,1.0860532281499637e-21,1.0865840241311388e-21,1.0871141403769942e-21,1.0876435780959912e-21,1.0881723384842382e-21,1.0887004227395628e-21,1.089227832055147e-21,1.0897545676204682e-21,1.0902806306224051e-21,1.0908060222414884e-21,1.0913307436579275e-21,1.0918547960475873e-21,1.0923781805829994e-21,1.092900898432861e-21,1.0934229507637273e-21,1.0939443387378583e-21,1.0944650635141673e-21,1.0949851262490836e-21,1.0955045280938475e-21,1.096023270199689e-21,1.0965413537136923e-21,1.0970587797743713e-21,1.0975755495251225e-21,1.0980916641000009e-21,1.098607124633595e-21,1.0991219322567215e-21,1.0996360880948529e-21,1.100149593271762e-21,1.100662448908554e-21,1.1011746561230512e-21,1.1016862160294926e-21,1.102197129739247e-21,1.1027073983617058e-21,1.1032170229992393e-21,1.1037260047571447e-21,1.1042343447322116e-21,1.1047420440213877e-21,1.1052491037177702e-21,1.1057555249114385e-21,1.1062613086891827e-21,1.1067664561359396e-21,1.1072709683312664e-21,1.1077748463540825e-21,1.1082780912853086e-21,1.1087807041835093e-21,1.1092826861286796e-21,1.1097840381847016e-21,1.1102847614152818e-21,1.1107848568807019e-21,1.111284325639425e-21,1.111783168744146e-21,1.1122813872509301e-21,1.1127789822070563e-21,1.113275954659081e-21,1.1137723056506683e-21,1.114268036222009e-21,1.1147631474126897e-21,1.1152576402570643e-21,1.115751515787762e-21,1.1162447750346697e-21,1.116737419028196e-21,1.1172294487845908e-21,1.1177208653305734e-21,1.1182116696853245e-21,1.1187018628691464e-21,1.1191914458873439e-21,1.1196804197527465e-21,1.1201687854816154e-21,1.1206565440661247e-21,1.1211436965161701e-21,1.121630243831654e-21,1.1221161870106424e-21,1.12260152704752e-21,1.123086264935393e-21,1.1235704016631976e-21,1.1240539382196103e-21,1.1245368755875418e-21,1.1250192147498094e-21,1.1255009566865413e-21,1.125982102373477e-21,1.1264626527868529e-21,1.1269426088980406e-21,1.12742197167633e-21,1.1279007420887384e-21,1.1283789211000737e-21,1.1288565096722495e-21,1.1293335087648097e-21,1.1298099193346473e-21,1.1302857423365617e-21,1.130760978722608e-21,1.1312356294429314e-21,1.131709695444719e-21,1.132183177672137e-21,1.1326560770693906e-21,1.133128394575731e-21,1.1336001311290803e-21,1.134071287664753e-21,1.1345418651177534e-21,1.135011864417219e-21,1.135481286489104e-21,1.1359501322610648e-21,1.1364184026577123e-21,1.1368860985997754e-21,1.1373532210065388e-21,1.1378197707956239e-21,1.1382857488818618e-21,1.1387511561733299e-21,1.1392159935822265e-21,1.1396802620200432e-21,1.1401439623887828e-21,1.1406070955887277e-21,1.141069662523872e-21,1.1415316640925255e-21,1.1419931011913229e-21,1.1424539747132462e-21,1.142914285552626e-21,1.1433740345981184e-21,1.1438332227381666e-21,1.1442918508570752e-21,1.1447499198380678e-21,1.1452074305618153e-21,1.1456643839091943e-21,1.1461207807544816e-21,1.1465766219751364e-21,1.1470319084460693e-21,1.147486641030468e-21,1.1479408205996312e-21,1.1483944480194808e-21,1.1488475241564517e-21,1.1493000498709686e-21,1.1497520260230205e-21,1.1502034534703238e-21,1.1506543330688923e-21,1.1511046656724469e-21,1.151554452132348e-21,1.1520036932985596e-21,1.1524523900184779e-21,1.1529005431374557e-21,1.153348153499021e-21,1.1537952219448032e-21,1.1542417493133739e-21,1.1546877364442102e-21,1.1551331841715246e-21,1.1555780933280371e-21,1.1560224647469162e-21,1.1564662992570513e-21,1.1569095976841167e-21,1.1573523608576883e-21,1.1577945895993685e-21,1.1582362847301444e-21,1.158677447071002e-21,1.159118077439545e-21,1.1595581766512969e-21,1.1599977455203245e-21,1.1604367848590315e-21,1.1608752954776227e-21,1.1613132781843109e-21,1.1617507337887005e-21,1.1621876630888698e-21,1.16262406689072e-21,1.1630599459951553e-21,1.1634953012005153e-21,1.1639301333041767e-21,1.1643644431021012e-21,1.1647982313869186e-21,1.1652314989505742e-21,1.16566424658277e-21,1.1660964750710952e-21,1.1665281852067517e-21,1.1669593777638646e-21,1.1673900535298504e-21,1.1678202132864677e-21,1.1682498578112977e-21,1.1686789878818512e-21,1.1691076042732777e-21,1.16953570775958e-21,1.1699632991041401e-21,1.1703903790932603e-21,1.1708169484872655e-21,1.1712430080522512e-21,1.1716685585536137e-21,1.172093600753547e-21,1.1725181354088966e-21,1.1729421632891926e-21,1.1733656851473305e-21,1.1737887017392965e-21,1.1742112138192083e-21,1.1746332221407592e-21,1.1750547274545193e-21,1.175475730509742e-21,1.1758962320541822e-21,1.1763162328341711e-21,1.1767357335938188e-21,1.1771547350763212e-21,1.1775732380215887e-21,1.1779912431695047e-21,1.178408751257988e-21,1.1788257630231063e-21,1.1792422791980414e-21,1.1796583005179006e-21,1.1800738277136746e-21,1.1804888615134709e-21,1.1809034026481937e-21,1.1813174518389916e-21,1.181731009813515e-21,1.182144077294512e-21,1.1825566550030862e-21,1.1829687436613568e-21,1.1833803439853826e-21,1.1837914566948998e-21,1.1842020825015247e-21,1.1846122221199459e-21,1.1850218762627263e-21,1.1854310456404385e-21,1.1858397309635463e-21,1.1862479329398842e-21,1.1866556522700853e-21,1.1870628896618958e-21,1.1874696458183684e-21,1.1878759214403386e-21,1.1882817172276727e-21,1.1886870338758083e-21,1.1890918720880472e-21,1.1894962325554137e-21,1.1899001159730043e-21,1.1903035230324226e-21,1.19070645442617e-21,1.1911089108411416e-21,1.1915108929648944e-21,1.191912401485525e-21,1.1923134370874851e-21,1.1927140004542154e-21,1.1931140922674024e-21,1.1935137132070532e-21,1.1939128639527182e-21,1.1943115451826313e-21,1.1947097575731563e-21,1.1951075017968956e-21,1.1955047785295455e-21,1.1959015884389392e-21,1.1962979321981055e-21,1.196693810478193e-21,1.197089223944909e-21,1.1974841732643858e-21,1.197878659102629e-21,1.1982726821216937e-21,1.1986662429826887e-21,1.1990593423483157e-21,1.1994519808754403e-21,1.1998441592230936e-21,1.2002358780489489e-21,1.2006271380063307e-21,1.201017939748795e-21,1.2014082839292409e-21,1.2017981711988087e-21,1.2021876022070423e-21,1.2025765776022603e-21,1.2029650980312174e-21,1.2033531641397661e-21,1.203740776572032e-21,1.204127935970336e-21,1.2045146429775562e-21,1.2049008982325037e-21,1.2052867023729652e-21,1.2056720560357748e-21,1.2060569598634872e-21,1.2064414144875501e-21,1.2068254205413871e-21,1.2072089786571904e-21,1.207592089465375e-21,1.2079747535973627e-21,1.2083569716807203e-21,1.2087387443426876e-21,1.2091200722077297e-21,1.2095009559035096e-21,1.2098813960517032e-21,1.2102613932745468e-21,1.2106409481925977e-21,1.2110200614258389e-21,1.2113987335912357e-21,1.2117769653085026e-21,1.2121547571906855e-21,1.2125321098535132e-21,1.2129090239123872e-21,1.2132854999752632e-21,1.2136615386564833e-21,1.214037140562584e-21,1.214412306303662e-21,1.2147870364866812e-21,1.2151613317176765e-21,1.2155351926019134e-21,1.2159086197401671e-21,1.2162816137388016e-21,1.2166541751968432e-21,1.217026304715843e-21,1.2173980028908748e-21,1.2177692703199883e-21,1.218140107602391e-21,1.2185105153308359e-21,1.2188804941023017e-21,1.2192500445075982e-21,1.2196191671344014e-21,1.2199878625822541e-21,1.2203561314324384e-21,1.2207239742753726e-21,1.221091391699694e-21,1.2214583842881429e-21,1.2218249526265255e-21,1.2221910972985656e-21,1.2225568188825247e-21,1.222922117967186e-21,1.223286995128847e-21,1.2236514509463117e-21,1.2240154859970092e-21,1.2243791008580805e-21,1.2247422961055696e-21,1.2251050723116617e-21,1.2254674300509285e-21,1.2258293698953853e-21,1.2261908924160193e-21,1.2265519981821637e-21,1.2269126877635383e-21,1.2272729617273224e-21,1.2276328206399422e-21,1.2279922650676874e-21,1.2283512955736569e-21,1.2287099127212443e-21,1.2290681170734043e-21,1.2294259091908633e-21,1.2297832896342155e-21,1.230140258962271e-21,1.2304968177322813e-21,1.2308529665007277e-21,1.2312087058231333e-21,1.2315640362545175e-21,1.231918958345791e-21,1.2322734726550532e-21,1.232627579730713e-21,1.2329812801238174e-21,1.233334574383409e-21,1.233687463057087e-21,1.234039946692815e-21,1.234392025836794e-21,1.2347437010348618e-21,1.2350949728296517e-21,1.2354458417654627e-21,1.2357963083841635e-21,1.2361463732258162e-21,1.2364960368318568e-21,1.236845299740502e-21,1.2371941624897833e-21,1.237542625616631e-21,1.2378906896569034e-21,1.2382383551456952e-21,1.2385856226165826e-21,1.238932492602929e-21,1.2392789656364548e-21,1.2396250422474253e-21,1.2399707229669855e-21,1.2403160083234739e-21,1.2406608988448023e-21,1.2410053950579522e-21,1.2413494974888637e-21,1.241693206662424e-21,1.242036523102762e-21,1.2423794473328204e-21,1.242721979874563e-21,1.2430641212491447e-21,1.2434058719758977e-21,1.243747232575512e-21,1.2440882035653887e-21,1.244428785462676e-21,1.244768978783654e-21,1.2451087840438653e-21,1.2454482017572038e-21,1.2457872324372418e-21,1.2461258765963575e-21,1.2464641347464579e-21,1.2468020073976102e-21,1.2471394950595538e-21,1.2474765982409023e-21,1.2478133174500784e-21,1.2481496531923741e-21,1.248485605975779e-21,1.2488211763035682e-21,1.2491563646802666e-21,1.249491171609134e-21,1.2498255975928513e-21,1.2501596431315074e-21,1.2504933087259926e-21,1.250826594875869e-21,1.2511595020795692e-21,1.2514920308348043e-21,1.2518241816383105e-21,1.2521559549858502e-21,1.2524873513724288e-21,1.2528183712918501e-21,1.2531490152375738e-21,1.2534792837017275e-21,1.2538091771756916e-21,1.2541386961498038e-21,1.2544678411135687e-21,1.2547966125562052e-21,1.2551250109648492e-21,1.2554530368271063e-21,1.2557806906282739e-21,1.2561079728538575e-21,1.256434883988736e-21,1.2567614245155036e-21,1.2570875949171263e-21,1.2574133956727664e-21,1.2577388272682982e-21,1.258063890181255e-21,1.2583885848907926e-21,1.258712911877279e-21,1.2590368716137898e-21,1.2593604645763852e-21,1.2596836912464112e-21,1.2600065520959761e-21,1.260329047599155e-21,1.2606511782275562e-21,1.260972944454525e-21,1.2612943467553907e-21,1.2616153855991053e-21,1.261936061451087e-21,1.2622563747817944e-21,1.2625763260623478e-21,1.2628959157586635e-21,1.2632151443371856e-21,1.2635340122639862e-21,1.2638525200014606e-21,1.2641706680179068e-21,1.2644884567747365e-21,1.2648058867357957e-21,1.265122958360044e-21,1.2654396721075684e-21,1.2657560284426249e-21,1.266072027822101e-21,1.266387670702715e-21,1.2667029575452338e-21,1.2670178888057013e-21,1.2673324649395976e-21,1.2676466864026752e-21,1.2679605536480697e-21,1.2682740671301277e-21,1.2685872273020997e-21,1.2689000346166076e-21,1.2692124895240647e-21,1.2695245924758309e-21,1.2698363439202039e-21,1.270147744306787e-21,1.2704587940840928e-21,1.2707694936996985e-21,1.271079843599237e-21,1.2713898442292392e-21,1.2716994960346337e-21,1.2720087994597876e-21,1.2723177549484128e-21,1.2726263629432495e-21,1.2729346238862994e-21,1.2732425382188674e-21,1.2735501063814124e-21,1.2738573288139135e-21,1.2741642059551994e-21,1.2744707382435415e-21,1.2747769261164847e-21,1.275082770010758e-21,1.2753882703625032e-21,1.2756934276069387e-21,1.2759982421786533e-21,1.276302714511398e-21,1.2766068450381936e-21,1.2769106341914687e-21,1.2772140824037244e-21,1.2775171901049044e-21,1.2778199577241368e-21,1.2781223856917618e-21,1.2784244744375844e-21,1.278726224388334e-21,1.2790276359703274e-21,1.2793287096118252e-21,1.2796294457370506e-21,1.2799298447720393e-21,1.2802299071410164e-21,1.280529633268422e-21,1.2808290235756169e-21,1.2811280784855056e-21,1.28142679841974e-21,1.2817251837995976e-21,1.2820232350440004e-21,1.2823209525729308e-21,1.2826183368052898e-21,1.2829153881590064e-21,1.283212107050829e-21,1.2835084938970406e-21,1.2838045491149326e-21,1.2841002731189564e-21,1.2843956663236853e-21,1.2846907291429243e-21,1.2849854619897958e-21,1.285279865277409e-21,1.2855739394164152e-21,1.285867684818074e-21,1.286161101893026e-21,1.2864541910509887e-21,1.2867469527009683e-21,1.2870393872512671e-21,1.287331495108701e-21,1.2876232766822398e-21,1.287914732377222e-21,1.2882058625992722e-21,1.288496667753497e-21,1.2887871482443996e-21,1.2890773044752543e-21,1.2893671368488904e-21,1.2896566457680082e-21,1.2899458316342277e-21,1.2902346948484544e-21,1.290523235811378e-21,1.2908114549224274e-21,1.2910993525804344e-21,1.29138692918405e-21,1.2916741851312968e-21,1.2919611208186786e-21,1.2922477366429656e-21,1.2925340330002409e-21,1.2928200102849764e-21,1.293105668892143e-21,1.29339100921526e-21,1.293676031648267e-21,1.2939607365830927e-21,1.2942451244125008e-21,1.294529195526449e-21,1.2948129503163908e-21,1.2950963891719475e-21,1.2953795124838031e-21,1.2956623206397036e-21,1.2959448140276004e-21,1.2962269930354584e-21,1.2965088580500019e-21,1.2967904094576906e-21,1.2970716476440662e-21,1.2973525729940458e-21,1.2976331858923729e-21,1.2979134867224542e-21,1.2981934758674755e-21,1.2984731537099644e-21,1.2987525206327076e-21,1.299031577015633e-21,1.2993103232410714e-21,1.2995887596883202e-21,1.2998668867384098e-21,1.300144704766955e-21,1.3004222141542046e-21,1.3006994152775654e-21,1.3009763085144688e-21,1.3012528942402347e-21,1.3015291728318674e-21,1.3018051446641735e-21,1.3020808101127947e-21,1.3023561695514337e-21,1.3026312233531529e-21,1.3029059718915497e-21,1.3031804155377946e-21,1.3034545546642264e-21,1.3037283896412042e-21,1.3040019208406801e-21,1.304275148632036e-21,1.304548073384322e-21,1.3048206954666222e-21,1.3050930152471565e-21,1.305365033093338e-21,1.3056367493724269e-21,1.305908164452475e-21,1.3061792786961048e-21,1.3064500924702527e-21,1.306720606139601e-21,1.306990820068361e-21,1.307260734620089e-21,1.3075303501578149e-21,1.3077996670439036e-21,1.3080686856404615e-21,1.3083374063089404e-21,1.3086058294095608e-21,1.3088739553025477e-21,1.3091417843479885e-21,1.3094093169046886e-21,1.3096765533312465e-21,1.3099434939854e-21,1.310210139224859e-21,1.3104764894062574e-21,1.310742544885891e-21,1.3110083060195005e-21,1.3112737731621795e-21,1.311538946668414e-21,1.3118038268925735e-21,1.3120684141883035e-21,1.3123327089079236e-21,1.312596711404394e-21,1.3128604220294362e-21,1.3131238411336588e-21,1.3133869690690766e-21,1.3136498061859066e-21,1.3139123528318581e-21,1.3141746093587618e-21,1.3144365761135134e-21,1.314698253445395e-21,1.314959641701013e-21,1.3152207412278109e-21,1.3154815523720431e-21,1.315742075479892e-21,1.3160023108966323e-21,1.316262258967167e-21,1.316521920035229e-21,1.3167812944464828e-21,1.3170403825414619e-21,1.3172991846653149e-21,1.3175577011595808e-21,1.3178159323658464e-21,1.3180738786199572e-21,1.3183315402734616e-21,1.3185889176609139e-21,1.3188460111206852e-21,1.3191028209946528e-21,1.319359347620176e-21,1.3196155913347817e-21,1.3198715524757415e-21,1.3201272313821664e-21,1.3203826283894165e-21,1.3206377438334774e-21,1.3208925780494545e-21,1.3211471313732157e-21,1.321401404137424e-21,1.3216553966790802e-21,1.321909109330203e-21,1.322162542423549e-21,1.3224156962944472e-21,1.3226685712696411e-21,1.3229211676831964e-21,1.3231734858658878e-21,1.3234255261487739e-21,1.3236772888611142e-21,1.3239287743331644e-21,1.3241799828934534e-21,1.3244309148712629e-21,1.3246815705934213e-21,1.3249319503881562e-21,1.3251820545822988e-21,1.3254318835028205e-21,1.3256814374737534e-21,1.3259307168236883e-21,1.3261797218777791e-21,1.3264284529573856e-21,1.3266769103884646e-21,1.3269250944945155e-21,1.3271730055987418e-21,1.3274206440239172e-21,1.3276680100919198e-21,1.3279151041245026e-21,1.328161926442914e-21,1.3284084773678859e-21,1.3286547572197272e-21,1.328900766318117e-21,1.3291465049823893e-21,1.3293919735314049e-21,1.329637172283508e-21,1.3298821015565775e-21,1.3301267616679894e-21,1.330371152934736e-21,1.3306152756733464e-21,1.3308591301996745e-21,1.331102716829306e-21,1.3313460358773185e-21,1.3315890876582947e-21,1.3318318724865043e-21,1.3320743906753445e-21,1.3323166425383185e-21,1.3325586283879299e-21,1.3328003485365986e-21,1.3330418032958436e-21,1.3332829929776214e-21,1.3335239178925858e-21,1.3337645783511269e-21,1.3340049746623141e-21,1.3342451071376164e-21,1.3344849760851624e-21,1.3347245818134913e-21,1.3349639246315216e-21,1.3352030048457283e-21,1.335441822763871e-21,1.3356803786930573e-21,1.335918672939442e-21,1.3361567058090626e-21,1.336394477607401e-21,1.3366319886393926e-21,1.3368692392096836e-21,1.3371062296224773e-21,1.3373429601815842e-21,1.3375794311905042e-21,1.3378156429513642e-21,1.3380515957668585e-21,1.3382872899377191e-21,1.3385227257664753e-21,1.3387579035562676e-21,1.3389928236056297e-21,1.3392274862147613e-21,1.3394618916838916e-21,1.3396960403180145e-21,1.3399299324041373e-21,1.3401635682462698e-21,1.3403969481435695e-21,1.3406300723926185e-21,1.3408629412916886e-21,1.341095555136186e-21,1.3413279142242977e-21,1.3415600188484672e-21,1.3417918693070954e-21,1.3420234658941826e-21,1.3422548089051959e-21,1.3424858986332651e-21,1.3427167353726857e-21,1.3429473194151919e-21,1.3431776510563805e-21,1.3434077305876566e-21,1.3436375583007049e-21,1.3438671344876357e-21,1.3440964594398127e-21,1.3443255334474759e-21,1.3445543568016066e-21,1.3447829297938735e-21,1.345011252709845e-21,1.3452393258405798e-21,1.3454671494751256e-21,1.3456947239016954e-21,1.345922049407924e-21,1.3461491262830194e-21,1.34637595481136e-21,1.346602535281058e-21,1.3468288679791849e-21,1.3470549531902576e-21,1.3472807911986126e-21,1.3475063822919095e-21,1.3477317267534985e-21,1.3479568248711533e-21,1.3481816769223112e-21,1.3484062831894001e-21,1.3486306439639897e-21,1.3488547595245148e-21,1.3490786301532276e-21,1.349302256132791e-21,1.3495256377447134e-21,1.3497487752670245e-21,1.3499716689821123e-21,1.3501943191703065e-21,1.3504167261121968e-21,1.3506388900872748e-21,1.3508608113735725e-21,1.3510824902499495e-21,1.3513039269950746e-21,1.3515251218869551e-21,1.3517460752030868e-21,1.3519667872203181e-21,1.3521872582167337e-21,1.3524074884665442e-21,1.3526274782460465e-21,1.352847227831776e-21,1.3530667374984614e-21,1.3532860075209263e-21,1.3535050381734472e-21,1.3537238297324391e-21,1.3539423824664576e-21,1.354160696651501e-21,1.3543787725607271e-21,1.3545966104577762e-21,1.3548142106207102e-21,1.3550315733344402e-21,1.3552486988602392e-21,1.355465587468324e-21,1.3556822394325292e-21,1.3558986550201214e-21,1.3561148344985633e-21,1.3563307781389198e-21,1.3565464862138496e-21,1.3567619589835623e-21,1.3569771967272993e-21,1.3571921997052233e-21,1.3574069681881397e-21,1.3576215024425312e-21,1.3578358027351172e-21,1.35804986933201e-21,1.358263702499766e-21,1.358477302503685e-21,1.3586906696097424e-21,1.3589038040834946e-21,1.3591167061880958e-21,1.3593293761892626e-21,1.3595418143505626e-21,1.3597540209351135e-21,1.3599659962064987e-21,1.3601777404255198e-21,1.360389253858693e-21,1.3606005367654292e-21,1.3608115894086997e-21,1.3610224120483254e-21,1.3612330049461581e-21,1.3614433683626813e-21,1.3616535025598566e-21,1.3618634077948549e-21,1.362073084327753e-21,1.362282532418781e-21,1.3624917523265259e-21,1.3627007443094317e-21,1.3629095086257636e-21,1.3631180455333537e-21,1.3633263552894447e-21,1.3635344381512e-21,1.3637422943754772e-21,1.3639499242185153e-21,1.3641573279365813e-21,1.3643645057818536e-21,1.3645714580165212e-21,1.3647781848921482e-21,1.364984686666815e-21,1.365190963587965e-21,1.365397015912964e-21,1.3656028438930215e-21,1.3658084477840188e-21,1.3660138278406373e-21,1.3662189843131131e-21,1.3664239174547544e-21,1.3666286275161198e-21,1.3668331147500781e-21,1.3670373794044365e-21,1.3672414217354478e-21,1.367445241990969e-21,1.3676488404212856e-21,1.3678522172741559e-21,1.3680553728028967e-21,1.3682583072525533e-21,1.3684610208767904e-21,1.3686635139206249e-21,1.3688657866337966e-21,1.3690678392640182e-21,1.369269672055156e-21,1.3694712852604735e-21,1.369672679124491e-21,1.369873853892988e-21,1.3700748098117634e-21,1.370275547126426e-21,1.3704760660846816e-21,1.3706763669286702e-21,1.370876449904821e-21,1.3710763152575542e-21,1.371275963231179e-21,1.371475394069313e-21,1.3716746080152898e-21,1.3718736053117502e-21,1.3720723862025086e-21,1.372270950930493e-21,1.3724692997373498e-21,1.3726674328649374e-21,1.3728653505548267e-21,1.3730630530484531e-21,1.3732605405867419e-21,1.373457813409788e-21,1.3736548717586007e-21,1.373851715873498e-21,1.374048345992251e-21,1.3742447623556219e-21,1.3744409652021266e-21,1.3746369547703992e-21,1.3748327313014625e-21,1.375028295028393e-21,1.3752236461911174e-21,1.3754187850275569e-21,1.3756137117750093e-21,1.375808426669376e-21,1.3760029299475614e-21,1.3761972218462226e-21,1.3763913026001157e-21,1.3765851724466856e-21,1.3767788316207706e-21,1.376972280353856e-21,1.3771655188828711e-21,1.3773585474433716e-21,1.3775513662680326e-21,1.3777439755897861e-21,1.3779363756422628e-21,1.3781285666596476e-21,1.378320548873354e-21,1.378512322516679e-21,1.378703887821645e-21,1.3788952450193206e-21,1.3790863943419272e-21,1.379277336020326e-21,1.3794680702862795e-21,1.3796585973660289e-21,1.379848917496742e-21,1.3800390309047777e-21,1.3802289378205771e-21,1.3804186384764068e-21,1.3806081330942358e-21,1.3807974219048303e-21,1.3809865051397989e-21,1.3811753830271396e-21,1.38136405579309e-21,1.3815525236653596e-21,1.3817407868718152e-21,1.3819288456380501e-21,1.3821167001931952e-21,1.382304350762126e-21,1.3824917975711332e-21,1.3826790408454443e-21,1.3828660808115751e-21,1.3830529176938877e-21,1.3832395517174543e-21,1.383425983106808e-21,1.3836122120883723e-21,1.383798238885169e-21,1.3839840637171556e-21,1.3841696868105103e-21,1.3843551083882788e-21,1.3845403286746337e-21,1.384725347889743e-21,1.3849101662570243e-21,1.3850947839982847e-21,1.3852792013356161e-21,1.385463418495719e-21,1.3856474356884667e-21,1.3858312531403311e-21,1.3860148710718067e-21,1.3861982897027033e-21,1.3863815092541708e-21,1.3865645299451453e-21,1.3867473519944511e-21,1.3869299756222815e-21,1.3871124010470779e-21,1.387294628487626e-21,1.3874766581617178e-21,1.3876584902871541e-21,1.3878401250823673e-21,1.3880215627641849e-21,1.3882028035491536e-21,1.3883838476561457e-21,1.3885646953001188e-21,1.388745346697877e-21,1.3889258020639951e-21,1.3891060616161997e-21,1.389286125568228e-21,1.3894659941382342e-21,1.3896456675382725e-21,1.3898251459832972e-21,1.3900044296878403e-21,1.390183518866272e-21,1.3903624137324005e-21,1.390541114504531e-21,1.3907196213858314e-21,1.3908979345948715e-21,1.3910760543434765e-21,1.3912539808447665e-21,1.3914317143101789e-21,1.3916092549521623e-21,1.3917866029824946e-21,1.3919637586118972e-21,1.392140722051526e-21,1.392317493511527e-21,1.3924940732035433e-21,1.3926704613403836e-21,1.3928466581257001e-21,1.3930226637735038e-21,1.393198478492577e-21,1.3933741024911744e-21,1.3935495359792619e-21,1.3937247791649779e-21,1.3938998322563298e-21,1.3940746954626423e-21,1.394249368990795e-21,1.3944238530480958e-21,1.3945981478427947e-21,1.3947722535814763e-21,1.3949461704708834e-21,1.3951198987173361e-21,1.395293438528052e-21,1.3954667901066897e-21,1.3956399536614776e-21,1.3958129293970693e-21,1.3959857175183554e-21,1.396158318230448e-21,1.3963307317381431e-21,1.3965029582458761e-21,1.3966749979613297e-21,1.3968468510814296e-21,1.3970185178135904e-21,1.397189998359975e-21,1.397361292924054e-21,1.3975324017092283e-21,1.3977033249178729e-21,1.3978740627524242e-21,1.3980446154147478e-21,1.3982149831072435e-21,1.3983851660296314e-21,1.3985551643864368e-21,1.3987249783771636e-21,1.3988946082027667e-21,1.3990640540633059e-21,1.39923331615991e-21,1.3994023946916397e-21,1.3995712898590932e-21,1.3997400018611198e-21,1.3999085308975962e-21,1.400076877167121e-21,1.4002450408677517e-21,1.4004130222008034e-21,1.4005808213621694e-21,1.4007484385511792e-21,1.4009158739647843e-21,1.4010831278005745e-21,1.4012502002560484e-21,1.4014170915294234e-21,1.4015838018157535e-21,1.4017503313123139e-21,1.4019166802150397e-21,1.402082848720508e-21,1.4022488370238806e-21,1.4024146453230474e-21,1.4025802738095933e-21,1.4027457226813857e-21,1.4029109921318597e-21,1.4030760823552077e-21,1.4032409935470657e-21,1.4034057259019526e-21,1.4035702796130424e-21,1.4037346548736486e-21,1.4038988518773301e-21,1.4040628708170407e-21,1.4042267118860481e-21,1.404390375276902e-21,1.404553861181184e-21,1.4047171697934015e-21,1.4048803013034197e-21,1.4050432559036311e-21,1.4052060337852508e-21,1.4053686351398082e-21,1.4055310601581579e-21,1.4056933090303882e-21,1.405855381948137e-21,1.4060172791007932e-21,1.4061790006772787e-21,1.406340546870588e-21,1.4065019178672027e-21,1.4066631138595987e-21,1.4068241350348001e-21,1.4069849815810014e-21,1.407145653689889e-21,1.4073061515447467e-21,1.4074664753383602e-21,1.407626625256853e-21,1.4077866014875969e-21,1.407946404219192e-21,1.4081060336384803e-21,1.4082654899315612e-21,1.4084247732857028e-21,1.4085838838874571e-21,1.4087428219233659e-21,1.4089015875790246e-21,1.4090601810443016e-21,1.4092186024971103e-21,1.4093768521285635e-21,1.4095349301200987e-21,1.409692836658936e-21,1.4098505719291051e-21,1.4100081361150477e-21,1.4101655294012666e-21,1.4103227519717917e-21,1.4104798040102656e-21,1.4106366857003692e-21,1.4107933972253305e-21,1.4109499387683286e-21,1.4111063105122143e-21,1.4112625126428677e-21,1.41141854533614e-21,1.4115744087765228e-21,1.4117301031471833e-21,1.4118856286280412e-21,1.4120409854049992e-21,1.4121961736565397e-21,1.4123511935639101e-21,1.4125060453086309e-21,1.4126607290704767e-21,1.4128152450288569e-21,1.4129695933657613e-21,1.4131237742606134e-21,1.4132777878929943e-21,1.4134316344390674e-21,1.4135853140850657e-21,1.4137388270066899e-21,1.4138921733826623e-21,1.4140453533916739e-21,1.4141983672115938e-21,1.4143512150210753e-21,1.4145038969992044e-21,1.4146564133227518e-21,1.4148087641693236e-21,1.4149609497164993e-21,1.4151129701413194e-21,1.4152648256204303e-21,1.415416516329955e-21,1.415568042447189e-21,1.4157194041489926e-21,1.415870601610257e-21,1.4160216350080775e-21,1.4161725045169021e-21,1.4163232103128767e-21,1.4164737525696068e-21,1.4166241314648728e-21,1.4167743471704341e-21,1.4169243998635389e-21,1.4170742897173738e-21,1.4172240169059674e-21,1.4173735816030084e-21,1.417522983982694e-21,1.4176722242186306e-21,1.4178213024833332e-21,1.4179702189509283e-21,1.4181189737933554e-21,1.4182675671837594e-21,1.418415999294525e-21,1.4185642702973718e-21,1.418712380365209e-21,1.4188603296693104e-21,1.4190081183814207e-21,1.4191557466729234e-21,1.4193032147147368e-21,1.4194505226783824e-21,1.4195976707342936e-21,1.419744659053119e-21,1.4198914878053619e-21,1.4200381571624415e-21,1.420184667291349e-21,1.420331018363644e-21,1.4204772105490416e-21,1.4206232440159372e-21,1.4207691189344118e-21,1.4209148354728608e-21,1.421060393800261e-21,1.4212057940852532e-21,1.4213510364961697e-21,1.4214961212002463e-21,1.4216410483659894e-21,1.4217858181610074e-21,1.4219304307540543e-21,1.422074886310868e-21,1.422219184999012e-21,1.4223633269859795e-21,1.4225073124381116e-21,1.4226511415203859e-21,1.4227948144014295e-21,1.4229383312462078e-21,1.4230816922213202e-21,1.423224897492026e-21,1.4233679472233045e-21,1.4235108415810269e-21,1.4236535807309514e-21,1.423796164836369e-21,1.4239385940639309e-21,1.4240808685771731e-21,1.4242229885406021e-21,1.4243649541167968e-21,1.4245067654725496e-21,1.4246484227694366e-21,1.4247899261712085e-21,1.4249312758411828e-21,1.4250724719429813e-21,1.4252135146395495e-21,1.4253544040948977e-21,1.4254951404702917e-21,1.4256357239269909e-21,1.4257761546291973e-21,1.4259164327380333e-21,1.4260565584150414e-21,1.4261965318220695e-21,1.4263363531197488e-21,1.426476022468827e-21,1.4266155400345785e-21,1.4267549059744363e-21,1.4268941204489405e-21,1.4270331836171076e-21,1.427172095641811e-21,1.4273108566827595e-21,1.4274494668991205e-21,1.42758792644981e-21,1.4277262354962974e-21,1.4278643941972186e-21,1.4280024027100528e-21,1.4281402611962491e-21,1.4282779698132083e-21,1.4284155287181002e-21,1.4285529380707392e-21,1.428690198030461e-21,1.428827308753927e-21,1.428964270397936e-21,1.429101083121643e-21,1.4292377470814573e-21,1.429374262435112e-21,1.4295106293398127e-21,1.429646847952109e-21,1.429782918428849e-21,1.4299188409265417e-21,1.4300546156015934e-21,1.4301902426089873e-21,1.4303257221078436e-21,1.4304610542502841e-21,1.4305962391931112e-21,1.4307312770918508e-21,1.4308661681021467e-21,1.4310009123782474e-21,1.431135510075094e-21,1.4312699613470716e-21,1.4314042663494253e-21,1.4315384252372688e-21,1.4316724381624003e-21,1.4318063052798312e-21,1.4319400267434162e-21,1.4320736027050464e-21,1.4322070333210357e-21,1.432340318743069e-21,1.4324734591241615e-21,1.4326064546173256e-21,1.4327393053748523e-21,1.4328720115495179e-21,1.4330045732934317e-21,1.4331369907587062e-21,1.4332692640976165e-21,1.4334013934612135e-21,1.4335333790016707e-21,1.4336652208701713e-21,1.433796919217215e-21,1.4339284741953276e-21,1.4340598859544123e-21,1.4341911546454637e-21,1.434322280418767e-21,1.4344532634239786e-21,1.4345841038120672e-21,1.4347148017349393e-21,1.4348453573387063e-21,1.4349757707751982e-21,1.4351060421924733e-21,1.4352361717422718e-21,1.435366159575627e-21,1.4354960058326951e-21,1.4356257106681686e-21,1.4357552742301129e-21,1.4358846966664367e-21,1.4360139781256622e-21,1.4361431187557526e-21,1.4362721187035571e-21,1.4364009781188957e-21,1.4365296971476387e-21,1.4366582759384088e-21,1.4367867146376843e-21,1.436915013392538e-21,1.4370431723497858e-21,1.4371711916560887e-21,1.4372990714580151e-21,1.4374268119016333e-21,1.437554413133544e-21,1.4376818752987129e-21,1.4378091985434327e-21,1.4379363830147389e-21,1.438063428857035e-21,1.4381903362155313e-21,1.4383171052346338e-21,1.4384437360611924e-21,1.4385702288389597e-21,1.4386965837123935e-21,1.4388228008260625e-21,1.4389488803243632e-21,1.4390748223513962e-21,1.4392006270510475e-21,1.4393262945672235e-21,1.4394518250477067e-21,1.4395772186272848e-21,1.4397024754539938e-21,1.4398275956704602e-21,1.4399525794208539e-21,1.4400774268457748e-21,1.4402021380883862e-21,1.4403267132924978e-21,1.440451152599773e-21,1.4405754561509568e-21,1.4406996240905045e-21,1.4408236565590284e-21,1.4409475536981973e-21,1.441071315647652e-21,1.4411949425518195e-21,1.44131843455121e-21,1.4414417917859958e-21,1.4415650143959613e-21,1.4416881025238288e-21,1.441811056309159e-21,1.4419338758922859e-21,1.4420565614101834e-21,1.4421791130092285e-21,1.4423015308259844e-21,1.4424238150002084e-21,1.4425459656714272e-21,1.4426679829789418e-21,1.4427898670621454e-21,1.4429116180597727e-21,1.4430332361089642e-21,1.4431547213505842e-21,1.443276073924528e-21,1.4433972939678934e-21,1.443518381618063e-21,1.4436393370139965e-21,1.443760160293117e-21,1.4438808515990458e-21,1.4440014110576738e-21,1.4441218388125969e-21,1.4442421350011109e-21,1.4443622997599515e-21,1.444482333226447e-21,1.444602235535613e-21,1.4447220068271711e-21,1.4448416472361304e-21,1.4449611568990219e-21,1.4450805359509304e-21,1.445199784529602e-21,1.445318902770036e-21,1.4454378908079784e-21,1.445556748778911e-21,1.445675476818477e-21,1.4457940750615736e-21,1.445912543643557e-21,1.4460308826991301e-21,1.4461490923632536e-21,1.446267172770513e-21,1.4463851240552992e-21,1.4465029463521782e-21,1.4466206397908816e-21,1.446738204515103e-21,1.4468556406521088e-21,1.4469729483365666e-21,1.4470901277021157e-21,1.4472071788827568e-21,1.4473241020107166e-21,1.4474408972195373e-21,1.4475575646422829e-21,1.4476741044114852e-21,1.4477905166598863e-21,1.4479068015201784e-21,1.4480229591242154e-21,1.448138989604413e-21,1.4482548930930025e-21,1.448370669721601e-21,1.4484863196211031e-21,1.4486018429214455e-21,1.4487172397604036e-21,1.4488325102650103e-21,1.4489476545665129e-21,1.4490626727965049e-21,1.4491775650874004e-21,1.4492923315679574e-21,1.4494069723661116e-21,1.4495214876152993e-21,1.4496358774447542e-21,1.4497501419850186e-21,1.4498642813643872e-21,1.4499782957168618e-21,1.4500921851696619e-21,1.4502059498517685e-21,1.4503195898925911e-21,1.4504331054212036e-21,1.4505464965689316e-21,1.4506597634641143e-21,1.4507729062309063e-21,1.4508859250011843e-21,1.4509988199037848e-21,1.4511115910681222e-21,1.4512242386196177e-21,1.4513367626877459e-21,1.4514491633993458e-21,1.4515614408849148e-21,1.4516735952678582e-21,1.45178562668127e-21,1.4518975352481493e-21,1.4520093210962468e-21,1.4521209843519017e-21,1.4522325251457577e-21,1.4523439436008338e-21,1.4524552398418836e-21,1.4525664139997663e-21,1.4526774661999172e-21,1.4527883965647416e-21,1.452899205223462e-21,1.4530098923008545e-21,1.4531204579235609e-21,1.4532309022164644e-21,1.4533412253061303e-21,1.4534514273172977e-21,1.4535615083696718e-21,1.4536714685980765e-21,1.4537813081231597e-21,1.453891027069279e-21,1.4540006255619722e-21,1.4541101037239499e-21,1.4542194616829544e-21,1.454328699554881e-21,1.4544378174747192e-21,1.4545468155581143e-21,1.4546556939319606e-21,1.4547644527208314e-21,1.4548730920467442e-21,1.4549816120338596e-21,1.455090012803018e-21,1.4551982944784886e-21,1.4553064571846545e-21,1.455414501042986e-21,1.4555224261785271e-21,1.455630232709466e-21,1.4557379207628184e-21,1.4558454904572088e-21,1.4559529419136109e-21,1.4560602752562755e-21,1.4561674906047553e-21,1.4562745880887672e-21,1.4563815678232157e-21,1.4564884299274276e-21,1.456595174525741e-21,1.4567018017389728e-21,1.4568083116870003e-21,1.4569147044919087e-21,1.4570209802742705e-21,1.4571271391548333e-21,1.4572331812492642e-21,1.457339106683918e-21,1.4574449155799464e-21,1.4575506080544983e-21,1.457656184227843e-21,1.457761644219446e-21,1.4578669881498616e-21,1.4579722161370512e-21,1.458077328300985e-21,1.4581823247611743e-21,1.4582872056370852e-21,1.4583919710474697e-21,1.4584966211102393e-21,1.4586011559450922e-21,1.4587055756704775e-21,1.4588098804042945e-21,1.4589140702657878e-21,1.4590181453715643e-21,1.4591221058410039e-21,1.459225951788294e-21,1.4593296833375139e-21,1.4594333006033042e-21,1.4595368037030202e-21,1.4596401927574103e-21,1.4597434678768139e-21,1.4598466291819944e-21,1.4599496767899446e-21,1.4600526108162709e-21,1.4601554313762691e-21,1.4602581385921335e-21,1.4603607325762009e-21,1.4604632134476204e-21,1.4605655813203807e-21,1.4606678363135792e-21,1.4607699785357432e-21,1.460872008108877e-21,1.4609739251474995e-21,1.461075729766551e-21,1.4611774220816638e-21,1.4612790022083724e-21,1.4613804702610669e-21,1.4614818263558235e-21,1.461583070606856e-21,1.4616842031290532e-21,1.4617852240368772e-21,1.4618861334444915e-21,1.4619869314680865e-21,1.4620876182213234e-21,1.4621881938169663e-21,1.4622886583691795e-21,1.4623890119957947e-21,1.4624892548037974e-21,1.462589386910722e-21,1.4626894084271127e-21,1.4627893194707765e-21,1.4628891201513132e-21,1.462988810585095e-21,1.4630883908839365e-21,1.46318786116012e-21,1.463287221526261e-21,1.4633864720960466e-21,1.4634856129808577e-21,1.4635846442932331e-21,1.4636835661459066e-21,1.4637823786502012e-21,1.4638810819186537e-21,1.4639796760639042e-21,1.4640781611951801e-21,1.4641765374261775e-21,1.4642748048688334e-21,1.4643729636335437e-21,1.4644710138316346e-21,1.464568955574168e-21,1.4646667889718022e-21,1.464764514135951e-21,1.4648621311770615e-21,1.464959640205791e-21,1.46505704133309e-21,1.4651543346690498e-21,1.4652515203242079e-21,1.4653485984076967e-21,1.4654455690309936e-21,1.4655424323038107e-21,1.4656391883349502e-21,1.465735837234428e-21,1.465832379112073e-21,1.4659288140777183e-21,1.4660251422399158e-21,1.4661213637075315e-21,1.4662174785906555e-21,1.4663134869969713e-21,1.466409389036564e-21,1.466505184816912e-21,1.4666008744471622e-21,1.4666964580354207e-21,1.4667919356907304e-21,1.4668873075210023e-21,1.4669825736348423e-21,1.467077734139047e-21,1.4671727891422258e-21,1.4672677387518226e-21,1.4673625830756046e-21,1.4674573222216528e-21,1.467551956296081e-21,1.4676464854068566e-21,1.46774090966104e-21,1.4678352291657121e-21,1.4679294440277156e-21,1.468023554353883e-21,1.468117560250899e-21,1.4682114618252165e-21,1.4683052591833594e-21,1.468398952431678e-21,1.4684925416762727e-21,1.4685860270240528e-21,1.4686794085800265e-21,1.4687726864495955e-21,1.4688658607391254e-21,1.4689589315541922e-21,1.4690518990003303e-21,1.4691447631829218e-21,1.4692375242072226e-21,1.4693301821784153e-21,1.4694227372014846e-21,1.4695151893813741e-21,1.4696075388228924e-21,1.469699785630719e-21,1.4697919299094799e-21,1.469883971763561e-21,1.4699759112973631e-21,1.4700677486150756e-21,1.4701594838208377e-21,1.470251117019094e-21,1.4703426483128122e-21,1.4704340778062726e-21,1.4705254056033021e-21,1.4706166318070873e-21,1.470707756521174e-21,1.4707987798492874e-21,1.4708897018938954e-21,1.4709805227591216e-21,1.471071242546646e-21,1.4711618613605552e-21,1.4712523793030587e-21,1.4713427964761805e-21,1.4714331129836413e-21,1.4715233289266658e-21,1.4716134444081077e-21,1.4717034595302231e-21,1.4717933743950618e-21,1.4718831891046169e-21,1.4719729037607157e-21,1.472062518465106e-21,1.4721520333195002e-21,1.472241448425278e-21,1.4723307638839424e-21,1.4724199797967744e-21,1.4725090962649888e-21,1.4725981133896064e-21,1.4726870312721743e-21,1.472775850012526e-21,1.4728645697119298e-21,1.4729531904709648e-21,1.4730417123908596e-21,1.473130135570693e-21,1.4732184601120803e-21,1.4733066861139294e-21,1.4733948136770088e-21,1.4734828429013133e-21,1.4735707738866656e-21,1.4736586067328034e-21,1.4737463415394705e-21,1.4738339784064998e-21,1.4739215174326464e-21,1.4740089587175893e-21,1.474096302360553e-21,1.4741835484605827e-21,1.4742706971170992e-21,1.474357748428407e-21,1.4744447024942709e-21,1.4745315594117437e-21,1.4746183192803851e-21,1.4747049821985651e-21,1.4747915482645928e-21,1.4748780175801094e-21,1.4749643902365427e-21,1.4750506663356765e-21,1.4751368459747223e-21,1.4752229292518426e-21,1.4753089162648121e-21,1.4753948071112183e-21,1.4754806018884733e-21,1.4755663006938532e-21,1.4756519036255354e-21,1.475737410780179e-21,1.4758228222541164e-21,1.4759081381450631e-21,1.475993358547967e-21,1.476078483562684e-21,1.4761635132857498e-21,1.476248447811355e-21,1.4763332872400533e-21,1.476418031663684e-21,1.4765026811788032e-21,1.4765872358847983e-21,1.4766716958736273e-21,1.4767560612432963e-21,1.4768403320898886e-21,1.4769245085086635e-21,1.4770085905954815e-21,1.4770925784470824e-21,1.4771764721562274e-21,1.4772602718216796e-21,1.477343977534609e-21,1.4774275893938527e-21,1.4775111074909437e-21,1.4775945319226735e-21,1.4776778627846788e-21,1.4777611001690012e-21,1.4778442441736424e-21,1.4779272948915046e-21,1.4780102524150631e-21,1.4780931168403566e-21,1.4781758882627177e-21,1.478258566773483e-21,1.4783411524694844e-21,1.478423645443296e-21,1.4785060457874982e-21,1.478588353595121e-21,1.4786705689627645e-21,1.4787526919880098e-21,1.478834722754915e-21,1.4789166613612933e-21,1.4789985078975636e-21,1.4790802624603362e-21,1.4791619251396133e-21,1.4792434960298448e-21,1.4793249752247184e-21,1.4794063628167117e-21,1.47948765889802e-21,1.479568863558742e-21,1.4796499768931793e-21,1.4797309989947617e-21,1.4798119299528091e-21,1.4798927698614993e-21,1.4799735188129743e-21,1.4800541768977885e-21,1.4801347442052834e-21,1.4802152208333641e-21,1.4802956068703501e-21,1.480375902408574e-21,1.4804561075377945e-21,1.480536222350164e-21,1.4806162469363945e-21,1.4806961813879584e-21,1.4807760257967456e-21,1.4808557802522214e-21,1.4809354448457496e-21,1.481015019667989e-21,1.4810945048090384e-21,1.4811739003600961e-21,1.4812532064109599e-21,1.481332423052802e-21,1.481411550375147e-21,1.4814905884683126e-21,1.4815695374215958e-21,1.481648397326524e-21,1.4817271682714803e-21,1.48180585034699e-21,1.4818844436417948e-21,1.481962948247011e-21,1.4820413642508357e-21,1.4821196917409016e-21,1.4821979308089799e-21,1.4822760815434597e-21,1.4823541440337163e-21,1.4824321183679129e-21,1.4825100046354154e-21,1.4825878029248277e-21,1.482665513324842e-21,1.4827431359240385e-21,1.4828206708120201e-21,1.482898118075308e-21,1.4829754778019455e-21,1.4830527500826845e-21,1.4831299350028313e-21,1.48320703265156e-21,1.4832840431183217e-21,1.4833609664889287e-21,1.4834378028516595e-21,1.483514552293821e-21,1.4835912149018538e-21,1.4836677907642222e-21,1.4837442799686955e-21,1.4838206826026607e-21,1.4838969987540491e-21,1.483973228507014e-21,1.484049371953899e-21,1.484125429174081e-21,1.4842014002581764e-21,1.4842772852931289e-21,1.4843530843666317e-21,1.4844287975623164e-21,1.4845044249681874e-21,1.4845799666703142e-21,1.484655422755173e-21,1.484730793309694e-21,1.4848060784193722e-21,1.4848812781688495e-21,1.4849563926447294e-21,1.4850314219341948e-21,1.4851063661199582e-21,1.485181225292531e-21,1.4852559995308589e-21,1.485330688922949e-21,1.48540529355558e-21,1.4854798135130942e-21,1.4855542488807636e-21,1.4856285997434124e-21,1.4857028661860787e-21,1.4857770482936191e-21,1.4858511461527425e-21,1.4859251598441468e-21,1.4859990894536373e-21,1.4860729350675523e-21,1.4861466967684933e-21,1.486220374641765e-21,1.4862939687712937e-21,1.4863674792415005e-21,1.4864409061358804e-21,1.486514249538667e-21,1.4865875095333424e-21,1.4866606862052075e-21,1.4867337796357863e-21,1.48680678991032e-21,1.486879717110376e-21,1.4869525613219357e-21,1.4870253226261184e-21,1.487098001107877e-21,1.4871705968494297e-21,1.487243109932998e-21,1.487315540443764e-21,1.4873878884619359e-21,1.487460154071246e-21,1.4875323373552048e-21,1.4876044383959767e-21,1.487676457276137e-21,1.4877483940780452e-21,1.487820248884117e-21,1.4878920217764406e-21,1.4879637128385247e-21,1.4880353221496226e-21,1.4881068497939976e-21,1.4881782958529586e-21,1.488249660408189e-21,1.4883209435420026e-21,1.4883921453352872e-21,1.4884632658696803e-21,1.4885343052271577e-21,1.4886052634882694e-21,1.4886761407354227e-21,1.4887469370489328e-21,1.4888176525106864e-21,1.4888882872014625e-21,1.4889588412021014e-21,1.4890293145929738e-21,1.4890997074561187e-21,1.489170019871357e-21,1.4892402519195343e-21,1.4893104036839593e-21,1.4893804752392063e-21,1.4894504666684115e-21,1.4895203780533898e-21,1.4895902094723733e-21,1.4896599610058478e-21,1.4897296327355138e-21,1.4897992247387952e-21,1.4898687371289804e-21,1.4899381698859768e-21,1.4900075231920927e-21,1.4900767970917507e-21,1.4901459916634548e-21,1.490215106988559e-21,1.4902841431453372e-21,1.4903531002134519e-21,1.4904219782719806e-21,1.4904907773998562e-21,1.4905594976761781e-21,1.490628139178781e-21,1.4906967019885845e-21,1.4907651861832873e-21,1.4908335918421275e-21,1.4909019190429398e-21,1.490970167863903e-21,1.4910383383847719e-21,1.491106430683993e-21,1.491174444837361e-21,1.4912423809246364e-21,1.4913102390241991e-21,1.4913780192092807e-21,1.4914457215695108e-21,1.491513346171888e-21,1.491580893097623e-21,1.4916483624218713e-21,1.4917157542297299e-21,1.4917830685928647e-21,1.4918503055895815e-21,1.491917465297586e-21,1.491984547794032e-21,1.4920515531559028e-21,1.4921184814598199e-21,1.4921853327841764e-21,1.4922521072057032e-21,1.4923188048001957e-21,1.4923854256447535e-21,1.4924519698186497e-21,1.492518437394945e-21,1.4925848284496692e-21,1.4926511430618005e-21,1.4927173813070367e-21,1.4927835432613934e-21,1.4928496290012515e-21,1.4929156386027916e-21,1.4929815721429628e-21,1.4930474296948078e-21,1.493113211337609e-21,1.4931789171439448e-21,1.4932445471928374e-21,1.4933101015592454e-21,1.4933755803168425e-21,1.4934409835428203e-21,1.4935063113120486e-21,1.4935715636998833e-21,1.4936367407816906e-21,1.4937018426317497e-21,1.4937668693233432e-21,1.4938318209395307e-21,1.4938966975476608e-21,1.4939614992255459e-21,1.4940262260459567e-21,1.4940908780856764e-21,1.4941554554174658e-21,1.494219958116911e-21,1.4942843862573166e-21,1.4943487399156991e-21,1.4944130191657072e-21,1.4944772240795349e-21,1.4945413547336057e-21,1.4946054111999699e-21,1.4946693935542036e-21,1.4947333018598759e-21,1.4947971362203513e-21,1.4948608966797791e-21,1.4949245833219812e-21,1.4949881962202214e-21,1.495051735449836e-21,1.4951152010789546e-21,1.495178593185909e-21,1.4952419118460488e-21,1.4953051571283255e-21,1.4953683291034956e-21,1.4954314278482574e-21,1.4954944534357758e-21,1.495557405938545e-21,1.495620285429266e-21,1.4956830919807389e-21,1.4957458256655344e-21,1.4958084865598224e-21,1.4958710747289078e-21,1.4959335902519323e-21,1.4959960331953123e-21,1.4960584036350982e-21,1.4961207016426086e-21,1.4961829272894016e-21,1.4962450806483095e-21,1.4963071617917907e-21,1.4963691707892246e-21,1.4964311077198415e-21,1.4964929726478691e-21,1.4965547656488811e-21,1.4966164867911042e-21,1.4966781361485116e-21,1.4967397137920555e-21,1.4968012197926603e-21,1.4968626542220987e-21,1.4969240171524971e-21,1.4969853086550534e-21,1.4970465287989382e-21,1.4971076776589472e-21,1.4971687553247637e-21,1.4972297617942657e-21,1.497290697218583e-21,1.4973515616386713e-21,1.4974123551269749e-21,1.4974730777518044e-21,1.4975337295861228e-21,1.4975943106993516e-21,1.4976548211619072e-21,1.497715261043662e-21,1.4977756304164096e-21,1.4978359293488686e-21,1.4978961579115534e-21,1.4979563161742569e-21,1.4980164042071576e-21,1.4980764220789264e-21,1.4981363698612942e-21,1.4981962476263581e-21,1.4982560554405923e-21,1.498315793364788e-21,1.4983754614825022e-21,1.4984350598572272e-21,1.4984945885591817e-21,1.4985540476584116e-21,1.4986134372222649e-21,1.498672757319485e-21,1.4987320080229052e-21,1.498791189394094e-21,1.4988503015090307e-21,1.4989093444341934e-21,1.4989683182316561e-21,1.4990272229865236e-21,1.4990860587549962e-21,1.499144825608275e-21,1.4992035236155757e-21,1.4992621528422286e-21,1.4993207133602072e-21,1.4993792052366106e-21,1.499437628539447e-21,1.499495983337142e-21,1.4995542696976267e-21,1.4996124876885888e-21,1.4996706373727561e-21,1.499728718828016e-21,1.499786732125037e-21,1.4998446773164844e-21,1.499902554477247e-21,1.4999603636625448e-21,1.500018104975482e-21,1.500075778448715e-21,1.5001333841634491e-21,1.5001909221829441e-21,1.5002483925770118e-21,1.5003057954110528e-21,1.5003631307556981e-21,1.5004203986735799e-21,1.5004775992334523e-21,1.5005347325016458e-21,1.5005917985457649e-21,1.5006487974318258e-21,1.50070572922711e-21,1.5007625939976698e-21,1.5008193918115036e-21,1.5008761227329453e-21,1.50093278682921e-21,1.5009893841661837e-21,1.5010459148107035e-21,1.501102378828643e-21,1.5011587762863017e-21,1.5012151072493543e-21,1.5012713717819939e-21,1.5013275699565206e-21,1.5013837018319358e-21,1.5014397674762785e-21,1.501495766955707e-21,1.501551700332403e-21,1.5016075676798572e-21,1.5016633690569672e-21,1.5017191045303043e-21,1.5017747741676129e-21,1.5018303780299244e-21,1.501885916185214e-21,1.501941388698083e-21,1.501996795633409e-21,1.502052137057e-21,1.5021074130328784e-21,1.5021626236298e-21,1.5022177689039777e-21,1.502272848927931e-21,1.5023278637642162e-21,1.5023828134769687e-21,1.5024376981292886e-21,1.5024925177872198e-21,1.5025472725146737e-21,1.5026019623771149e-21,1.502656587434888e-21,1.5027111477586412e-21,1.5027656434082496e-21,1.5028200744421379e-21,1.5028744409400445e-21,1.5029287429561481e-21,1.5029829805536183e-21,1.5030371537977157e-21,1.5030912627508318e-21,1.503145307477705e-21,1.5031992880416087e-21,1.503253204506665e-21,1.503307056936142e-21,1.503360845401094e-21,1.5034145699412978e-21,1.5034682306443803e-21,1.5035218275645747e-21,1.5035753607657222e-21,1.5036288303114989e-21,1.5036822362633648e-21,1.5037355786845767e-21,1.5037888576396563e-21,1.50384207319029e-21,1.5038952253984746e-21,1.5039483143272147e-21,1.5040013400412455e-21,1.504054302600927e-21,1.504107202067147e-21,1.5041600385054369e-21,1.5042128119771165e-21,1.5042655225442347e-21,1.5043181702690585e-21,1.5043707552145355e-21,1.504423277441747e-21,1.5044757370114751e-21,1.504528133990253e-21,1.5045804684362331e-21,1.5046327404131184e-21,1.5046849499817032e-21,1.5047370972027033e-21,1.5047891821387499e-21,1.5048412048515859e-21,1.5048931654025984e-21,1.5049450638535475e-21,1.5049969002656715e-21,1.5050486747002476e-21,1.5051003872194704e-21,1.5051520378824543e-21,1.5052036267517959e-21,1.505255153888466e-21,1.5053066193531924e-21,1.5053580232071443e-21,1.505409365511167e-21,1.50546064632705e-21,1.5055118657145006e-21,1.5055630236876945e-21,1.50561412044659e-21,1.5056651559148657e-21,1.5057161301938655e-21,1.5057670433488843e-21,1.5058178954362413e-21,1.5058686865216776e-21,1.5059194166600854e-21,1.505970085915899e-21,1.5060206943484114e-21,1.5060712420171084e-21,1.5061217289810268e-21,1.5061721553014833e-21,1.5062225210375354e-21,1.5062728262505256e-21,1.5063230709976022e-21,1.5063732553399816e-21,1.5064233793384736e-21,1.5064734430505145e-21,1.5065234465392804e-21,1.5065733898747849e-21,1.506623273072914e-21,1.5066730962376895e-21,1.5067228594135785e-21,1.5067725626605025e-21,1.506822206037796e-21,1.5068717896047257e-21,1.5069213134187952e-21,1.5069707775397254e-21,1.5070201820284792e-21,1.507069526940492e-21,1.5071188123364119e-21,1.5071680382743482e-21,1.5072172048128448e-21,1.507266312011483e-21,1.5073153599291518e-21,1.5073643486222317e-21,1.507413278150939e-21,1.5074621485745623e-21,1.5075109599485824e-21,1.5075597123322963e-21,1.5076084057852052e-21,1.5076570403648955e-21,1.507705616127497e-21,1.5077541331335563e-21,1.5078025914401166e-21,1.5078509911050443e-21,1.5078993321855831e-21,1.5079476147436618e-21,1.5079958388304319e-21,1.5080440045068454e-21,1.5080921118290424e-21,1.5081401608566506e-21,1.5081881516460355e-21,1.5082360842553977e-21,1.5082839587412e-21,1.508331775161803e-21,1.5083795335744395e-21,1.5084272340346176e-21,1.508474876600477e-21,1.5085224613286239e-21,1.508569988276919e-21,1.5086174575019455e-21,1.5086648690611011e-21,1.5087122230132614e-21,1.508759519409689e-21,1.508806758309449e-21,1.5088539397681613e-21,1.508901063845997e-21,1.508948130597556e-21,1.5089951400792565e-21,1.5090420923479047e-21,1.5090889874594109e-21,1.5091358254704356e-21,1.5091826064378793e-21,1.5092293304139537e-21,1.5092759974611468e-21,1.5093226076316405e-21,1.5093691609821323e-21,1.5094156575663013e-21,1.5094620974456861e-21,1.5095084806721935e-21,1.50955480730516e-21,1.5096010773955847e-21,1.5096472910003503e-21,1.5096934481763158e-21,1.5097395489774687e-21,1.5097855934605444e-21,1.5098315816805715e-21,1.5098775136931888e-21,1.5099233895538185e-21,1.5099692093176173e-21,1.5100149730398569e-21,1.5100606807760955e-21,1.5101063325807077e-21,1.51015192850908e-21,1.5101974686167385e-21,1.510242952958424e-21,1.510288381587946e-21,1.5103337545615277e-21,1.5103790719349678e-21,1.5104243337589154e-21,1.5104695400905457e-21,1.5105146909842986e-21,1.5105597864937032e-21,1.510604826677228e-21,1.5106498115849747e-21,1.510694741272626e-21,1.5107396157948107e-21,1.5107844352056434e-21,1.5108291995601375e-21,1.510873908910628e-21,1.5109185633131301e-21,1.5109631628204158e-21,1.5110077074860346e-21,1.5110521973640313e-21,1.5110966325115565e-21,1.5111410129789508e-21,1.5111853388213672e-21,1.5112296100922586e-21,1.5112738268444396e-21,1.5113179891332427e-21,1.5113620970111144e-21,1.5114061505324083e-21,1.5114501497490136e-21,1.5114940947155197e-21,1.5115379854850122e-21,1.5115818221111454e-21,1.511625604646303e-21,1.511669333143958e-21,1.5117130076552078e-21,1.5117566282394566e-21,1.5118001949428206e-21,1.5118437078231283e-21,1.51188716689576e-21,1.5119305723013003e-21,1.5119739240245948e-21,1.5120172221130779e-21,1.5120604666808923e-21,1.5121036577192283e-21,1.5121467953016615e-21,1.5121898794804131e-21,1.512232910307898e-21,1.512275887837165e-21,1.5123188121189303e-21,1.5123616832055539e-21,1.5124045011561193e-21,1.5124472660132904e-21,1.5124899778332321e-21,1.5125326366678091e-21,1.5125752425694013e-21,1.512617795588943e-21,1.5126602957802833e-21,1.5127027431942156e-21,1.5127451378826106e-21,1.5127874798974856e-21,1.5128297692902826e-21,1.512872006111654e-21,1.5129141904149622e-21,1.5129563222514707e-21,1.5129984016733815e-21,1.5130404287307188e-21,1.5130824034752936e-21,1.513124325959306e-21,1.5131661962326938e-21,1.5132080143465787e-21,1.5132497803532367e-21,1.5132914943039798e-21,1.5133331562495742e-21,1.513374766241026e-21,1.5134163243286764e-21,1.5134578305654401e-21,1.5134992850002214e-21,1.5135406876835782e-21,1.5135820386681202e-21,1.5136233380036284e-21,1.513664585740319e-21,1.5137057819298888e-21,1.5137469266222511e-21,1.5137880198681472e-21,1.5138290617178017e-21,1.5138700522219366e-21,1.513910991431192e-21,1.51395187939537e-21,1.5139927161647226e-21,1.5140335017890998e-21,1.5140742363198197e-21,1.514114919806532e-21,1.5141555522992183e-21,1.5141961338467985e-21,1.5142366645013458e-21,1.514277144311675e-21,1.5143175733278602e-21,1.5143579515996232e-21,1.5143982791781287e-21,1.5144385561094588e-21,1.5144787824455477e-21,1.514518958235852e-21,1.514559083530775e-21,1.5145991583793363e-21,1.5146391828298161e-21,1.514679156933613e-21,1.5147190807399615e-21,1.514758954296389e-21,1.5147987776524163e-21,1.5148385508585853e-21,1.5148782739633512e-21,1.514917947015781e-21,1.514957570064334e-21,1.514997143159486e-21,1.5150366663493987e-21,1.5150761396816623e-21,1.5151155632078066e-21,1.5151549369752945e-21,1.5151942610322437e-21,1.51523353542868e-21,1.5152727602116638e-21,1.5153119354319423e-21,1.5153510611369932e-21,1.5153901373753445e-21,1.5154291641952247e-21,1.5154681416453343e-21,1.51550706977449e-21,1.5155459486300367e-21,1.5155847782600315e-21,1.5156235587139139e-21,1.515662290038524e-21,1.5157009722829875e-21,1.5157396054966345e-21,1.5157781897263397e-21,1.5158167250188405e-21,1.5158552114229746e-21,1.515893648986537e-21,1.5159320377577167e-21,1.5159703777839458e-21,1.5160086691130856e-21,1.5160469117929054e-21,1.5160851058704242e-21,1.516123251394904e-21,1.5161613484143414e-21,1.5161993969614139e-21,1.5162373971193602e-21,1.5162753489024198e-21,1.5163132523684488e-21,1.516351107564347e-21,1.5163889145379606e-21,1.516426673338253e-21,1.516464384010845e-21,1.516502046600468e-21,1.5165396611526584e-21,1.5165772277257838e-21,1.5166147463548806e-21,1.5166522170930064e-21,1.5166896399855323e-21,1.516727015076812e-21,1.5167643424179125e-21,1.5168016220492818e-21,1.516838854023669e-21,1.5168760383856361e-21,1.5169131751831197e-21,1.5169502644592634e-21,1.5169873062640043e-21,1.5170243006429087e-21,1.5170612476414562e-21,1.5170981473068723e-21,1.5171349996849317e-21,1.5171718048222572e-21,1.51720856276593e-21,1.5172452735598902e-21,1.5172819372537183e-21,1.5173185538890964e-21,1.517355123516363e-21,1.5173916461773247e-21,1.517428121919886e-21,1.5174645507901605e-21,1.5175009328337274e-21,1.5175372680985491e-21,1.5175735566263122e-21,1.5176097984648187e-21,1.5176459936596705e-21,1.5176821422560017e-21,1.5177182443002627e-21,1.5177542998366336e-21,1.5177903089135789e-21,1.5178262715752485e-21,1.5178621878646896e-21,1.5178980578297597e-21,1.5179338815154152e-21,1.5179696589661381e-21,1.5180053902255903e-21,1.5180410753405359e-21,1.5180767143560114e-21,1.5181123073184326e-21,1.5181478542727754e-21,1.518183355262364e-21,1.5182188103309946e-21,1.5182542195251025e-21,1.51828958288917e-21,1.5183249004689554e-21,1.5183601723106464e-21,1.518395398454784e-21,1.5184305789493984e-21,1.5184657138359882e-21,1.5185008031621559e-21,1.5185358469711542e-21,1.5185708453076555e-21,1.5186057982162345e-21,1.5186407057426503e-21,1.518675567929634e-21,1.518710384821685e-21,1.518745156460536e-21,1.5187798828918195e-21,1.5188145641623946e-21,1.518849200314228e-21,1.5188837913920384e-21,1.518918337439829e-21,1.518952838501088e-21,1.5189872946214022e-21,1.5190217058436134e-21,1.5190560722106921e-21,1.5190903937675847e-21,1.5191246705557328e-21,1.5191589026189531e-21,1.5191930900048031e-21,1.5192272327537302e-21,1.5192613309109694e-21,1.5192953845214772e-21,1.5193293936252546e-21,1.5193633582685919e-21,1.5193972784934562e-21,1.5194311543414088e-21,1.519464985858706e-21,1.519498773086439e-21,1.519532516069102e-21,1.5195662148507889e-21,1.5195998694726202e-21,1.5196334799783265e-21,1.5196670464119278e-21,1.5197005688152954e-21,1.51973404723436e-21,1.5197674817087187e-21,1.5198008722811657e-21,1.5198342189958486e-21,1.5198675218965967e-21,1.5199007810240389e-21,1.5199339964227737e-21,1.5199671681331762e-21,1.5200002962002513e-21,1.5200333806656246e-21,1.5200664215721562e-21,1.5200994189600873e-21,1.5201323728721635e-21,1.520165283354266e-21,1.520198150446501e-21,1.5202309741934483e-21,1.5202637546345374e-21,1.5202964918124045e-21,1.5203291857703979e-21,1.5203618365499386e-21,1.5203944441947203e-21,1.5204270087440253e-21,1.5204595302411158e-21,1.520492008728561e-21,1.5205244442492228e-21,1.5205568368429891e-21,1.5205891865513989e-21,1.5206214934189471e-21,1.5206537575152442e-21,1.520685978797165e-21,1.5207181573865915e-21,1.5207502933002537e-21,1.5207823865802159e-21,1.520814437267784e-21,1.5208464454062638e-21,1.5208784110352315e-21,1.5209103341950273e-21,1.5209422149284392e-21,1.5209740532767442e-21,1.5210058492822052e-21,1.5210376029846725e-21,1.521069314425535e-21,1.5211009836461394e-21,1.5211326106881723e-21,1.5211641955929006e-21,1.5211957384008131e-21,1.5212272391530492e-21,1.5212586978915008e-21,1.5212901146553837e-21,1.5213214894867032e-21,1.5213528224282489e-21,1.5213841135166501e-21,1.5214153627944476e-21,1.5214465703034734e-21,1.521477736081028e-21,1.5215088601721643e-21,1.5215399426183088e-21,1.5215709834550077e-21,1.5216019827261697e-21,1.521632940471023e-21,1.5216638567316524e-21,1.5216947315464063e-21,1.5217255649578718e-21,1.5217563570037663e-21,1.521787107725364e-21,1.5218178171653152e-21,1.5218484853587104e-21,1.5218791123503075e-21,1.5219096981794061e-21,1.5219402428856236e-21,1.5219707465082258e-21,1.5220012090878101e-21,1.5220316306642432e-21,1.5220620112778255e-21,1.522092350968341e-21,1.5221226497758575e-21,1.5221529077392867e-21,1.5221831248993048e-21,1.5222133012953648e-21,1.5222434369671393e-21,1.522273531953609e-21,1.5223035862957278e-21,1.52233360003296e-21,1.522363573204327e-21,1.5223935058496663e-21,1.5224233980079439e-21,1.5224532497187471e-21,1.5224830610220026e-21,1.5225128319549685e-21,1.5225425625593632e-21,1.522572252874015e-21,1.5226019029378887e-21,1.5226315127901862e-21,1.5226610824697471e-21,1.522690612020301e-21,1.5227201014690466e-21,1.5227495508653156e-21,1.522778960245397e-21,1.522808329648115e-21,1.5228376591118699e-21,1.5228669486765384e-21,1.5228961983803605e-21,1.5229254082621301e-21,1.5229545783591665e-21,1.5229837087147778e-21,1.5230127993631533e-21,1.5230418503457394e-21,1.5230708616980594e-21,1.5230998334608964e-21,1.5231287656738078e-21,1.5231576583742741e-21,1.523186511598322e-21,1.5232153253862988e-21,1.523244099776375e-21,1.5232728348069747e-21,1.5233015305159955e-21,1.5233301869427264e-21,1.5233588041248055e-21,1.5233873821009074e-21,1.5234159209084369e-21,1.5234444205857719e-21,1.523472881171363e-21,1.5235013027027616e-21,1.5235296852180256e-21,1.5235580287545873e-21,1.5235863333513647e-21,1.5236145990455533e-21,1.5236428258752563e-21,1.5236710138779715e-21,1.523699163091935e-21,1.523727273554897e-21,1.523755345303799e-21,1.5237833783772213e-21,1.5238113728128896e-21,1.5238393286479898e-21,1.5238672459192282e-21,1.52389512466522e-21,1.5239229649225246e-21,1.5239507667294405e-21,1.5239785301230455e-21,1.5240062551410394e-21,1.5240339418186756e-21,1.5240615901942641e-21,1.5240892003071414e-21,1.5241167721932963e-21,1.5241443058858655e-21,1.5241718014310029e-21,1.5241992588590611e-21,1.5242266782088257e-21,1.5242540595185567e-21,1.524281402822061e-21,1.524308708158012e-21,1.5243359755633132e-21,1.5243632050747616e-21,1.5243903967288285e-21,1.5244175505631921e-21,1.5244446666141725e-21,1.5244717449184095e-21,1.52449878551278e-21,1.524525788433619e-21,1.5245527537201848e-21,1.5245796814033002e-21,1.5246065715230703e-21,1.5246334241161265e-21,1.5246602392171833e-21,1.5246870168660225e-21,1.5247137570954776e-21,1.5247404599432094e-21,1.5247671254476295e-21,1.5247937536430913e-21,1.5248203445648614e-21,1.524846898250884e-21,1.5248734147369027e-21,1.5248998940591831e-21,1.5249263362533608e-21,1.524952741355481e-21,1.524979109402089e-21,1.5250054404284718e-21,1.5250317344708623e-21,1.5250579915653033e-21,1.5250842117483818e-21,1.5251103950547868e-21,1.525136541520814e-21,1.525162651182128e-21,1.5251887240747748e-21,1.5252147602339539e-21,1.5252407596959183e-21,1.5252667224961194e-21,1.5252926486701434e-21,1.525318538252844e-21,1.5253443912794407e-21,1.5253702077879978e-21,1.5253959878121695e-21,1.5254217313844464e-21,1.5254474385497857e-21,1.5254731093343347e-21,1.5254987437768778e-21,1.5255243419108676e-21,1.5255499037733558e-21,1.525575429398948e-21,1.52560091882277e-21,1.5256263720801708e-21,1.525651789205957e-21,1.5256771702355932e-21,1.5257025152035506e-21,1.5257278241450548e-21,1.5257530970953739e-21,1.5257783340902951e-21,1.5258035351641135e-21,1.525828700350539e-21,1.5258538296850403e-21,1.5258789232027429e-21,1.5259039809383643e-21,1.5259290029261732e-21,1.5259539892014259e-21,1.5259789397980594e-21,1.5260038547515437e-21,1.5260287340965363e-21,1.5260535778673019e-21,1.5260783860981002e-21,1.5261031588235782e-21,1.526127896078144e-21,1.526152597896371e-21,1.5261772643125185e-21,1.526201895361082e-21,1.5262264910762144e-21,1.5262510514922736e-21,1.526275576643391e-21,1.5263000665639681e-21,1.5263245212886164e-21,1.526348940848742e-21,1.526373325284044e-21,1.5263976746235707e-21,1.5264219889034484e-21,1.5264462681606515e-21,1.5264705124168268e-21,1.526494721720537e-21,1.5265188961002195e-21,1.5265430355897578e-21,1.5265671402228944e-21,1.526591210033442e-21,1.5266152450550242e-21,1.526639245321475e-21,1.5266632108667082e-21,1.5266871417245156e-21,1.526711037927864e-21,1.5267348995108292e-21,1.526758726506984e-21,1.5267825189511775e-21,1.5268062768727614e-21,1.5268300003092377e-21,1.5268536892926238e-21,1.5268773438566925e-21,1.5269009640349109e-21,1.5269245498600213e-21,1.5269481013658885e-21,1.5269716185856624e-21,1.5269951015525377e-21,1.5270185502996639e-21,1.5270419648601971e-21,1.5270653452675904e-21,1.5270886915546515e-21,1.527112003754504e-21,1.5271352818987299e-21,1.5271585260233528e-21,1.5271817361597619e-21,1.527204912341196e-21,1.5272280546003246e-21,1.5272511629702332e-21,1.527274237483719e-21,1.5272972781732946e-21,1.5273202850722182e-21,1.5273432582128715e-21,1.5273661976278835e-21,1.5273891033501838e-21,1.5274119754122908e-21,1.5274348138473394e-21,1.5274576186874653e-21,1.5274803899653905e-21,1.5275031277129655e-21,1.527525831963201e-21,1.527548502749562e-21,1.5275711401033704e-21,1.5275937440572237e-21,1.527616314643121e-21,1.5276388518941333e-21,1.5276613558420383e-21,1.527683826519376e-21,1.5277062639583246e-21,1.5277286681910772e-21,1.5277510392496561e-21,1.5277733771660556e-21,1.5277956819728862e-21,1.527817953702347e-21,1.5278401923860526e-21,1.5278623980562062e-21,1.527884570744884e-21,1.5279067104836537e-21,1.5279288173046616e-21,1.5279508912357098e-21,1.5279729323172552e-21,1.5279949405761538e-21,1.5280169160446581e-21,1.528038858754585e-21,1.528060768737697e-21,1.5280826460257295e-21,1.5281044906501223e-21,1.5281263026414986e-21,1.5281480820334254e-21,1.5281698288563005e-21,1.528191543143287e-21,1.528213224924003e-21,1.5282348742306014e-21,1.5282564910946523e-21,1.5282780755463763e-21,1.5282996276184836e-21,1.5283211473427476e-21,1.5283426347494237e-21,1.5283640898706232e-21,1.5283855127373656e-21,1.5284069033805643e-21,1.5284282618358404e-21,1.5284495881216822e-21,1.5284708822818537e-21,1.5284921443421997e-21,1.5285133743358088e-21,1.5285345722930314e-21,1.5285557382446313e-21,1.5285768722219566e-21,1.5285979742550547e-21,1.5286190443753187e-21,1.528640082613932e-21,1.5286610890015611e-21,1.5286820635691315e-21,1.528703006347255e-21,1.5287239173669095e-21,1.5287447966607756e-21,1.5287656442535734e-21,1.5287864601822618e-21,1.5288072444750714e-21,1.5288279971626078e-21,1.5288487182757787e-21,1.5288694078448319e-21,1.5288900659006004e-21,1.5289106924733552e-21,1.5289312875940151e-21,1.5289518512923006e-21,1.5289723835990377e-21,1.5289928845446894e-21,1.5290133541594384e-21,1.5290337924737119e-21,1.5290541995176733e-21,1.5290745753216875e-21,1.5290949199159252e-21,1.5291152333306364e-21,1.5291355155960553e-21,1.5291557667428546e-21,1.5291759867994909e-21,1.5291961757975829e-21,1.5292163337666758e-21,1.5292364607368084e-21,1.5292565567380433e-21,1.5292766218007671e-21,1.5292966559545923e-21,1.5293166592287438e-21,1.5293366316535971e-21,1.5293565732585146e-21,1.5293764840746387e-21,1.5293963641306028e-21,1.529416213456602e-21,1.5294360320823236e-21,1.529455820037395e-21,1.5294755773516844e-21,1.529495304055142e-21,1.5295150001760715e-21,1.529534665745099e-21,1.5295543007917182e-21,1.5295739053454682e-21,1.5295934794401453e-21,1.5296130230920672e-21,1.5296325363434921e-21,1.5296520192195152e-21,1.5296714717497018e-21,1.5296908939635774e-21,1.5297102858902066e-21,1.529729647559085e-21,1.5297489789994227e-21,1.529768280240288e-21,1.5297875513111452e-21,1.5298067922409834e-21,1.5298260030589888e-21,1.5298451837942796e-21,1.5298643344762784e-21,1.5298834551329561e-21,1.5299025457952307e-21,1.5299216064904326e-21,1.529940637248133e-21,1.5299596380970233e-21,1.5299786090667252e-21,1.5299975501851747e-21,1.5300164614819616e-21,1.5300353429857639e-21,1.5300541947253292e-21,1.5300730167291717e-21,1.530091809026655e-21,1.5301105716458114e-21,1.5301293046159423e-21,1.5301480079650457e-21,1.530166681795068e-21,1.5301853259183025e-21,1.5302039405772774e-21,1.5302225257299351e-21,1.5302410814049246e-21,1.5302596076308254e-21,1.5302781044418164e-21,1.530296571848553e-21,1.530315009897645e-21,1.5303334186111232e-21,1.5303517980174683e-21,1.5303701481440377e-21,1.5303884690214934e-21,1.5304067606762673e-21,1.5304250231369658e-21,1.5304432564318488e-21,1.5304614605890683e-21,1.5304796356369262e-21,1.530497781603469e-21,1.5305158985167855e-21,1.5305339864051049e-21,1.5305520452962115e-21,1.5305700752181119e-21,1.5305880761992596e-21,1.5306060482680244e-21,1.5306239914521061e-21,1.530641905777281e-21,1.5306597912729605e-21,1.5306776479672884e-21,1.5306954758880165e-21,1.5307132750629788e-21,1.5307310455198944e-21,1.5307487872864707e-21,1.5307665003902326e-21,1.5307841848592987e-21,1.5308018407210893e-21,1.5308194680033765e-21,1.5308370667333644e-21,1.5308546369393321e-21,1.5308721786483399e-21,1.530889691887224e-21,1.5309071766872617e-21,1.530924633071169e-21,1.5309420610681016e-21,1.5309594607047246e-21,1.5309768320107498e-21,1.5309941750110543e-21,1.5310114897344394e-21,1.5310287762078055e-21,1.5310460344581485e-21,1.5310632645133378e-21,1.531080466400243e-21,1.531097640146183e-21,1.5311147857758138e-21,1.5311319033229719e-21,1.5311489928084763e-21,1.5311660542620369e-21,1.531183087708524e-21,1.5312000931781442e-21,1.5312170706964225e-21,1.5312340202892254e-21,1.5312509419858898e-21,1.5312678358121347e-21,1.5312847017948197e-21,1.5313015399609955e-21,1.5313183503371738e-21,1.531335132950694e-21,1.5313518878277657e-21,1.5313686149959292e-21,1.5313853144812769e-21,1.5314019863102872e-21,1.5314186305117338e-21,1.5314352471094373e-21,1.5314518361322936e-21,1.531468397605643e-21,1.5314849315621867e-21,1.5315014380137844e-21,1.5315179169978458e-21,1.5315343685401896e-21,1.5315507926650253e-21,1.5315671894011312e-21,1.531583558773775e-21,1.5315999008093882e-21,1.5316162155343127e-21,1.531632502974923e-21,1.5316487631574475e-21,1.5316649961085232e-21,1.5316812018571728e-21,1.5316973804212754e-21,1.5317135318348862e-21,1.5317296561219357e-21,1.5317457533086664e-21,1.5317618234211202e-21,1.5317778664854337e-21,1.5317938825276294e-21,1.5318098715732197e-21,1.5318258336496137e-21,1.5318417687843351e-21,1.5318576769965216e-21,1.5318735583194267e-21,1.5318894127762946e-21,1.5319052403933347e-21,1.5319210411962335e-21,1.5319368152109755e-21,1.5319525624626115e-21,1.5319682829774348e-21,1.5319839767842952e-21,1.5319996439094797e-21,1.5320152843651795e-21,1.5320308981912822e-21,1.5320464854102786e-21,1.5320620460310582e-21,1.5320775801309607e-21,1.5320930876813192e-21,1.5321085687270771e-21,1.5321240232930802e-21,1.5321394514045334e-21,1.532154853087731e-21,1.5321702283678561e-21,1.5321855772755032e-21,1.5322008998210387e-21,1.5322161960455612e-21,1.5322314659682613e-21,1.532246709615123e-21,1.5322619270114602e-21,1.5322771181825642e-21,1.5322922831538336e-21,1.5323074219504919e-21,1.5323225345983134e-21,1.5323376211213302e-21,1.5323526815455789e-21,1.5323677158961827e-21,1.532382724198404e-21,1.5323977064768653e-21,1.5324126627569642e-21,1.5324275930637522e-21,1.5324424974224108e-21,1.532457375857727e-21,1.532472228395091e-21,1.5324870550592136e-21,1.5325018558751315e-21,1.5325166308677941e-21,1.5325313800620034e-21,1.5325461034989842e-21,1.5325608011559546e-21,1.5325754731041086e-21,1.5325901193537217e-21,1.532604739928714e-21,1.5326193348546577e-21,1.5326339041553856e-21,1.5326484478563812e-21,1.5326629659820244e-21,1.5326774585570323e-21,1.5326919256060528e-21,1.5327063671539416e-21,1.5327207832249676e-21,1.5327351738438151e-21,1.5327495390350085e-21,1.5327638788221272e-21,1.5327781932315293e-21,1.5327924822870279e-21,1.532806746012667e-21,1.5328209844329746e-21,1.5328351975724543e-21,1.5328493854555162e-21,1.5328635481064263e-21,1.5328776855484004e-21,1.5328917978080556e-21,1.5329058849084803e-21,1.5329199468739295e-21,1.5329339837287073e-21,1.5329479954970976e-21,1.5329619822036768e-21,1.5329759438716549e-21,1.5329898805256446e-21,1.5330037921893962e-21,1.5330176788878025e-21,1.5330315406452786e-21,1.5330453774842416e-21,1.5330591894296687e-21,1.5330729765052708e-21,1.533086738735383e-21,1.5331004761438391e-21,1.5331141887543845e-21,1.5331278765914136e-21,1.5331415396788717e-21,1.5331551780397146e-21,1.5331687916982357e-21,1.5331823806781193e-21,1.533195945002038e-21,1.533209484698181e-21,1.5332229997852042e-21,1.5332364902892108e-21,1.5332499562335074e-21,1.5332633976416173e-21,1.5332768145373418e-21,1.533290206944262e-21,1.533303574886016e-21,1.5333169183861996e-21,1.5333302374685748e-21,1.5333435321561602e-21,1.533356802473197e-21,1.5333700484425702e-21,1.533383270087495e-21,1.5333964674329546e-21,1.5334096405001272e-21,1.5334227893137903e-21,1.5334359138971996e-21,1.533449014273512e-21,1.5334620904660948e-21,1.5334751424983455e-21,1.533488170393555e-21,1.5335011741749101e-21,1.53351415386598e-21,1.533527109488757e-21,1.5335400410616183e-21,1.5335529486260417e-21,1.5335658321864778e-21,1.5335786917706195e-21,1.5335915274062518e-21,1.5336043391101006e-21,1.533617126912355e-21,1.5336298908296827e-21,1.533642630887599e-21,1.533655347109181e-21,1.5336680395171395e-21,1.5336807081372332e-21,1.5336933529842638e-21,1.5337059740896341e-21,1.5337185714732074e-21,1.5337311451578116e-21,1.5337436951662634e-21,1.5337562215214058e-21,1.5337687242457983e-21,1.5337812033627249e-21,1.533793658894581e-21,1.5338060908641424e-21,1.5338184992941871e-21,1.533830884207327e-21,1.5338432456284122e-21,1.5338555835738358e-21,1.5338678980719032e-21,1.5338801891464142e-21,1.5338924568116907e-21,1.5339047010984424e-21,1.5339169220263825e-21,1.533929119618074e-21,1.5339412938961057e-21,1.533953444882837e-21,1.5339655726010313e-21,1.5339776770724033e-21,1.5339897583196539e-21,1.5340018163650508e-21,1.534013851231271e-21,1.5340258629405727e-21,1.5340378515156975e-21,1.5340498169773201e-21,1.5340617593493277e-21,1.5340736786539283e-21,1.5340855749123153e-21,1.5340974481472428e-21,1.5341092983808792e-21,1.534121125635347e-21,1.5341329299342198e-21,1.5341447112969675e-21,1.534156469745912e-21,1.5341682053045505e-21,1.5341799179946839e-21,1.5341916078381192e-21,1.5342032748568352e-21,1.534214919073004e-21,1.5342265405086775e-21,1.5342381391851686e-21,1.5342497151256192e-21,1.534261268344319e-21,1.5342727988822562e-21,1.5342843067422157e-21,1.534295791952956e-21,1.534307254536483e-21,1.5343186945143466e-21,1.5343301119080705e-21,1.5343415067395353e-21,1.5343528790303298e-21,1.5343642288023912e-21,1.5343755560772343e-21,1.53438686087661e-21,1.5343981432220977e-21,1.5344094031353101e-21,1.5344206406380456e-21,1.534431855751677e-21,1.5344430484978243e-21,1.534454218898482e-21,1.5344653669739993e-21,1.5344764927473022e-21,1.534487596238649e-21,1.5344986774700274e-21,1.5345097364628345e-21,1.534520773238387e-21,1.534531787818552e-21,1.5345427802240356e-21,1.534553750476471e-21,1.5345646985972525e-21,1.534575624607708e-21,1.53458652852904e-21,1.5345974103814783e-21,1.534608270188334e-21,1.5346191079698696e-21,1.5346299237472572e-21,1.5346407175416046e-21,1.5346514893741594e-21,1.5346622392637405e-21,1.5346729672347826e-21,1.5346836733091934e-21,1.534694357506061e-21,1.5347050198466243e-21,1.5347156603518656e-21,1.5347262790430875e-21,1.534736875940783e-21,1.5347474510650416e-21,1.534758004439945e-21,1.5347685360837599e-21,1.534779046018279e-21,1.5347895342640629e-21,1.5348000008421626e-21,1.5348104457734904e-21,1.5348208690788716e-21,1.5348312707790508e-21,1.5348416508946994e-21,1.5348520094468465e-21,1.53486234645711e-21,1.5348726619445032e-21,1.5348829559304916e-21,1.534893228436487e-21,1.5349034794809292e-21,1.5349137090853805e-21,1.5349239172742657e-21,1.5349341040632028e-21,1.5349442694752633e-21,1.5349544135360805e-21,1.534964536248711e-21,1.5349746376518669e-21,1.5349847177589277e-21,1.5349947765915685e-21,1.5350048141682572e-21,1.5350148305137643e-21,1.5350248256447696e-21,1.5350347995826672e-21,1.5350447523480165e-21,1.5350546839614894e-21,1.5350645944423176e-21,1.535074483812056e-21,1.5350843520909516e-21,1.5350941992985024e-21,1.535104025455603e-21,1.5351138305820656e-21,1.5351236146769406e-21,1.5351333778243677e-21,1.5351431199810953e-21,1.5351528411891629e-21,1.5351625414668667e-21,1.535172220835487e-21,1.5351818793149356e-21,1.5351915169253903e-21,1.5352011336867948e-21,1.5352107296193967e-21,1.5352203047431607e-21,1.5352298590781604e-21,1.535239392644307e-21,1.5352489054621296e-21,1.5352583975479194e-21,1.5352678689308407e-21,1.5352773196213455e-21,1.5352867496407346e-21,1.5352961590150288e-21,1.5353055477580327e-21,1.5353149158917603e-21,1.5353242634355851e-21,1.5353335904101016e-21,1.5353428968324586e-21,1.5353521827232895e-21,1.5353614481111727e-21,1.5353706930037908e-21,1.5353799174253629e-21,1.5353891213960168e-21,1.5353983049345496e-21,1.5354074680610724e-21,1.5354166107951688e-21,1.5354257331574191e-21,1.535434835164622e-21,1.535443916839273e-21,1.535452978199873e-21,1.5354620192660295e-21,1.53547104005728e-21,1.5354800405928987e-21,1.5354890208928375e-21,1.5354979809763697e-21,1.535506920862292e-21,1.535515840571104e-21,1.5355247401217268e-21,1.5355336195335252e-21,1.5355424788259578e-21,1.5355513180182948e-21,1.5355601371305633e-21,1.5355689361808279e-21,1.5355777151889625e-21,1.5355864741742806e-21,1.5355952131503013e-21,1.5356039321527746e-21,1.5356126311852142e-21,1.5356213102720592e-21,1.5356299694319927e-21,1.5356386086843933e-21,1.5356472280390533e-21,1.535655827542639e-21,1.5356644071872214e-21,1.5356729670058052e-21,1.5356815070022957e-21,1.5356900272111133e-21,1.5356985276459473e-21,1.5357070083232438e-21,1.5357154692698253e-21,1.5357239104971952e-21,1.535732332026654e-21,1.5357407338770835e-21,1.535749116067563e-21,1.5357574786238805e-21,1.5357658215452564e-21,1.5357741448672502e-21,1.5357824486066388e-21,1.5357907327804983e-21,1.5357989974074632e-21,1.5358072424739397e-21,1.5358154680934339e-21,1.5358236741948304e-21,1.5358318608224009e-21,1.53584002802537e-21,1.5358481757437674e-21,1.5358563040670049e-21,1.5358644129933271e-21,1.5358725025417807e-21,1.535880572730888e-21,1.535888623578924e-21,1.5358966551046495e-21,1.5359046673266568e-21,1.5359126602634242e-21,1.5359206339335732e-21,1.5359285883556205e-21,1.5359365235479883e-21,1.5359444395295258e-21,1.5359523363179656e-21,1.5359602139323267e-21,1.53596807239109e-21,1.535975911712632e-21,1.5359837319148462e-21,1.5359915330166888e-21,1.5359993150363294e-21,1.5360070779923697e-21,1.5360148219026741e-21,1.5360225467814562e-21,1.5360302526594173e-21,1.5360379395433792e-21,1.5360456074548e-21,1.5360532564094427e-21,1.5360608864335873e-21,1.5360684975372155e-21,1.5360760897414211e-21,1.536083663064187e-21,1.5360912175239994e-21,1.53609875313804e-21,1.5361062699261108e-21,1.5361137679053217e-21,1.536121247093909e-21,1.5361287075095824e-21,1.5361361491707324e-21,1.5361435720953496e-21,1.536150976301692e-21,1.536158361807245e-21,1.5361657286302937e-21,1.536173076788683e-21,1.5361804063006346e-21,1.5361877171837937e-21,1.5361950094560645e-21,1.5362022831351338e-21,1.5362095382396221e-21,1.5362167747870965e-21,1.5362239927951432e-21,1.5362311922821066e-21,1.5362383732715975e-21,1.536245535764977e-21,1.5362526797958688e-21,1.536259805391419e-21,1.5362669125182542e-21,1.5362740012452225e-21,1.5362810715825663e-21,1.5362881235364433e-21,1.5362951571283125e-21,1.5363021723767e-21,1.536309169298158e-21,1.5363161479108904e-21,1.5363231082324284e-21,1.536330050280297e-21,1.536336974072182e-21,1.5363438796252943e-21,1.536350766957393e-21,1.5363576360861043e-21,1.5363644870286341e-21,1.5363713198026662e-21,1.5363781344259289e-21,1.5363849309154784e-21,1.5363917092888809e-21,1.5363984695635313e-21,1.5364052117569373e-21,1.5364119358861808e-21,1.536418641968904e-21,1.5364253300224264e-21,1.5364320000639965e-21,1.536438652110963e-21,1.536445286180602e-21,1.5364519022902162e-21,1.5364585004569439e-21,1.5364650806984047e-21,1.536471643031585e-21,1.536478187473694e-21,1.536484714041942e-21,1.5364912227536217e-21,1.5364977136258903e-21,1.5365041866757771e-21,1.5365106419203319e-21,1.5365170793774655e-21,1.5365234990629402e-21,1.5365299009945595e-21,1.5365362851894836e-21,1.5365426516641615e-21,1.5365490004364733e-21,1.5365553315231994e-21,1.536561644941017e-21,1.5365679406748456e-21,1.5365742188346962e-21,1.5365804793498098e-21,1.5365867222629655e-21,1.5365929475920706e-21,1.53659915535408e-21,1.5366053455658695e-21,1.5366115182442996e-21,1.53661767340635e-21,1.5366238110665566e-21,1.5366299312479042e-21,1.5366360339615366e-21,1.5366421192259487e-21,1.5366481870579578e-21,1.5366542374745434e-21,1.5366602704918464e-21,1.5366662861271224e-21,1.5366722843969266e-21,1.5366782653181273e-21,1.5366842289068584e-21,1.5366901751803732e-21,1.5366961041550658e-21,1.5367020158475954e-21,1.5367079102744468e-21,1.5367137874458243e-21,1.5367196473986755e-21,1.5367254901284194e-21,1.5367313156590327e-21,1.5367371240068386e-21,1.5367429151883728e-21,1.5367486892204308e-21,1.5367544461191436e-21,1.5367601859011174e-21,1.5367659085859052e-21,1.53677161417607e-21,1.5367773027107626e-21,1.5367829741894835e-21,1.5367886286358094e-21,1.5367942660623844e-21,1.5367998864871539e-21,1.53680548992629e-21,1.536811076396226e-21,1.5368166459132169e-21,1.5368221984936289e-21,1.5368277341570454e-21,1.5368332529096464e-21,1.5368387547780801e-21,1.5368442397749985e-21,1.5368497079161606e-21,1.5368551592184116e-21,1.5368605937025192e-21,1.5368660113732246e-21,1.5368714122531423e-21,1.5368767963597942e-21,1.5368821637087338e-21,1.5368875143150732e-21,1.5368928481953323e-21,1.5368981653655543e-21,1.5369034658416266e-21,1.5369087496397232e-21,1.5369140167758205e-21,1.5369192672661652e-21,1.5369245011265015e-21,1.536929718373106e-21,1.5369349190215104e-21,1.5369401030879297e-21,1.5369452705882205e-21,1.5369504215383817e-21,1.5369555559542567e-21,1.5369606738518996e-21,1.5369657752464965e-21,1.5369708601549252e-21,1.5369759285925231e-21,1.5369809805752284e-21,1.5369860161187493e-21,1.5369910352390361e-21,1.5369960379469591e-21,1.5370010242809777e-21,1.537005994216488e-21,1.5370109478027415e-21,1.5370158850394772e-21,1.5370208059510364e-21,1.5370257105495293e-21,1.5370305988505578e-21,1.5370354708697863e-21,1.5370403266227807e-21,1.53704516612531e-21,1.537049989393223e-21,1.5370547964414335e-21,1.537059587286371e-21,1.5370643619427317e-21,1.5370691204260873e-21,1.5370738627530673e-21,1.5370785889382644e-21,1.5370832989975184e-21,1.5370879929466754e-21,1.5370926708004106e-21,1.537097332574607e-21,1.5371019782848655e-21,1.5371066079463959e-21,1.5371112215746998e-21,1.5371158191854358e-21,1.5371204007936101e-21,1.5371249664147408e-21,1.5371295160642455e-21,1.5371340497576152e-21,1.5371385675098765e-21,1.5371430693364886e-21,1.537147555252889e-21,1.5371520252743193e-21,1.5371564794159203e-21,1.5371609176930324e-21,1.5371653401208346e-21,1.5371697467150568e-21,1.5371741374878244e-21,1.5371785124612862e-21,1.5371828716443098e-21,1.5371872150540896e-21,1.5371915427059693e-21,1.5371958546149183e-21,1.5372001507960481e-21,1.5372044312645466e-21,1.5372086960121913e-21,1.5372129451217937e-21,1.5372171785432732e-21,1.537221396324727e-21,1.5372255984463314e-21,1.5372297849612658e-21,1.5372339558616715e-21,1.537238111169593e-21,1.5372422509009958e-21,1.5372463750701881e-21,1.5372504836921276e-21,1.537254576781828e-21,1.5372586543544432e-21,1.5372627164244076e-21,1.537266763006799e-21,1.537270794116551e-21,1.5372748097684744e-21,1.5372788099774582e-21,1.5372827947583376e-21,1.5372867641259148e-21,1.537290718095042e-21,1.5372946566804717e-21,1.5372985798970794e-21,1.5373024877595195e-21,1.5373063802825211e-21,1.5373102574809081e-21,1.5373141193694045e-21,1.5373179659626615e-21,1.537321797275422e-21,1.5373256133223685e-21,1.5373294141183195e-21,1.5373331996776631e-21,1.5373369700271576e-21,1.5373407251445416e-21,1.5373444650825748e-21,1.537348189842555e-21,1.5373518994391505e-21,1.537355593886912e-21,1.5373592732001821e-21,1.5373629373931813e-21,1.5373665864830127e-21,1.5373702204805448e-21,1.5373738394021912e-21,1.5373774432622105e-21,1.5373810320749739e-21,1.5373846058550414e-21,1.537388164616919e-21,1.5373917083749012e-21,1.537395237143531e-21,1.53739875093705e-21,1.5374022497703446e-21,1.5374057336567162e-21,1.5374092026115496e-21,1.5374126566489229e-21,1.5374160957831826e-21,1.537419520028907e-21,1.5374229293996209e-21,1.5374263239101887e-21,1.5374297035747942e-21,1.5374330684077457e-21,1.537436418423204e-21,1.5374397536355615e-21,1.5374430740589328e-21,1.5374463797076e-21,1.5374496705957505e-21,1.5374529467374378e-21,1.5374562081471285e-21,1.5374594548391698e-21,1.5374626868268772e-21,1.5374659041248746e-21,1.5374691067472224e-21,1.537472294705595e-21,1.5374754680218015e-21,1.5374786267020158e-21,1.5374817707629466e-21,1.5374849002187126e-21,1.5374880150832926e-21,1.5374911153708093e-21,1.537494201095186e-21,1.537497272270168e-21,1.5375003289102947e-21,1.5375033710144737e-21,1.537506398645289e-21,1.5375094117681585e-21,1.5375124104019056e-21,1.5375153945750129e-21,1.537518364296809e-21,1.5375213195811025e-21,1.5375242604426232e-21,1.5375271868925398e-21,1.5375300989474213e-21,1.537532996619884e-21,1.5375358799244966e-21,1.5375387488716474e-21,1.5375416034835515e-21,1.5375444437658044e-21,1.5375472697348537e-21,1.5375500814045716e-21,1.5375528787886153e-21,1.5375556619007764e-21,1.5375584307546522e-21,1.5375611853641192e-21,1.5375639257427913e-21,1.5375666519043118e-21,1.5375693638626791e-21,1.5375720616309955e-21,1.5375747452231114e-21,1.5375774146526812e-21,1.5375800699334291e-21,1.5375827110788414e-21,1.537585338102497e-21,1.5375879510180177e-21,1.5375905498389022e-21,1.537593134578671e-21,1.5375957052510587e-21,1.5375982618695032e-21,1.5376008044475368e-21,1.5376033329984951e-21,1.5376058475360294e-21,1.5376083480584027e-21,1.5376108346256184e-21,1.5376133072032337e-21,1.53761576582134e-21,1.537618210493214e-21,1.5376206412098437e-21,1.537623058050126e-21,1.5376254609641519e-21,1.537627849985558e-21,1.5376302251275426e-21,1.5376325864035257e-21,1.5376349338268326e-21,1.5376372674107886e-21,1.5376395871687002e-21,1.5376418931071275e-21,1.5376441852574367e-21,1.5376464636192143e-21,1.5376487282057363e-21,1.5376509790325868e-21,1.5376532161466975e-21,1.537655439456247e-21,1.5376576490856517e-21,1.5376598450059165e-21,1.5376620272327112e-21,1.5376641957790595e-21,1.5376663506579351e-21,1.5376684918825193e-21,1.5376706194659782e-21,1.5376727334216334e-21,1.5376748337623794e-21,1.5376769205013115e-21,1.5376789936515958e-21,1.5376810532261931e-21,1.5376830992382132e-21,1.5376851317007323e-21,1.53768715062675e-21,1.5376891560293089e-21,1.537691147921339e-21,1.53769312631589e-21,1.537695091256093e-21,1.5376970426678291e-21,1.5376989806470617e-21,1.5377009051808647e-21,1.5377028162820455e-21,1.5377047139525787e-21,1.5377065982334787e-21,1.5377084691149803e-21,1.5377103266115098e-21,1.5377121707463687e-21,1.5377140015227816e-21,1.5377158189567695e-21,1.537717623061312e-21,1.5377194138481947e-21,1.537721191331273e-21,1.5377229555301526e-21,1.5377247064365395e-21,1.5377264440839446e-21,1.537728168473864e-21,1.5377298796326075e-21,1.5377315775590972e-21,1.5377332622709716e-21,1.537734933780731e-21,1.537736592101026e-21,1.5377382372446764e-21,1.5377398692389164e-21,1.5377414880537603e-21,1.5377430937429749e-21,1.5377446863062262e-21,1.5377462657560079e-21,1.5377478321049696e-21,1.5377493853656888e-21,1.5377509255507908e-21,1.5377524526727965e-21,1.5377539667442747e-21,1.537755467777791e-21,1.5377569557859031e-21,1.5377584307811238e-21,1.5377598927759115e-21,1.5377613417828182e-21,1.5377627778143593e-21,1.5377642008830009e-21,1.5377656110011865e-21,1.5377670081813681e-21,1.5377683924156622e-21,1.5377697637757589e-21,1.537771122217029e-21,1.5377724677699383e-21,1.5377738004468428e-21,1.5377751202608629e-21,1.53777642722234e-21,1.5377777213463367e-21,1.5377790026430081e-21,1.5377802711258826e-21,1.5377815268069221e-21,1.537782769702082e-21,1.5377839998162141e-21,1.5377852171649917e-21,1.537786421761493e-21,1.5377876136177446e-21,1.5377887927459366e-21,1.537789959162095e-21,1.537791112867607e-21,1.5377922538702186e-21,1.5377933822239503e-21,1.5377944979366688e-21,1.537795600911316e-21,1.5377966912857673e-21,1.537797769029746e-21,1.53779883415543e-21,1.5377998866749686e-21,1.5378009266004969e-21,1.5378019539442305e-21,1.5378029687180812e-21,1.5378039709342766e-21,1.5378049606048752e-21,1.5378059377418965e-21,1.537806902357466e-21,1.5378078544635533e-21,1.5378087940722208e-21,1.5378097211955149e-21,1.5378106358454727e-21,1.5378115380340058e-21,1.537812427773189e-21,1.5378133050749536e-21,1.5378141699513132e-21,1.5378150224141067e-21,1.5378158624754617e-21,1.537816690147142e-21,1.5378175054410924e-21,1.5378183083692584e-21,1.5378190989435534e-21,1.5378198771758766e-21,1.5378206430780618e-21,1.5378213966620007e-21,1.5378221379391904e-21,1.5378228669224764e-21,1.5378235836226735e-21,1.5378242880453694e-21,1.537824980221806e-21,1.5378256601447404e-21,1.5378263278321013e-21,1.5378269832957569e-21,1.53782762654737e-21,1.5378282575987169e-21,1.5378288764615422e-21,1.5378294831476332e-21,1.537830077663744e-21,1.5378306600363217e-21,1.5378312302623115e-21,1.5378317883583173e-21,1.5378323343436186e-21,1.5378328682083833e-21,1.537833389984119e-21,1.5378338996765634e-21,1.5378343972972999e-21,1.5378348828580282e-21,1.5378353563702175e-21,1.5378358178411677e-21,1.5378362672955127e-21,1.5378367047322926e-21,1.5378371301657463e-21,1.5378375436093092e-21,1.5378379450737214e-21,1.5378383345706118e-21,1.5378387121114587e-21,1.5378390777077712e-21,1.5378394313710653e-21,1.5378397731127871e-21,1.5378401029444164e-21,1.537840420877445e-21,1.5378407269232835e-21,1.5378410210934037e-21,1.5378413034005234e-21,1.5378415738548147e-21,1.5378418324644438e-21,1.537842079245712e-21,1.5378423142083044e-21,1.5378425373635928e-21,1.5378427487228409e-21,1.5378429483016472e-21,1.5378431361002879e-21,1.537843312139768e-21,1.5378434764286465e-21,1.5378436289783115e-21,1.5378437698000107e-21,1.5378438989050305e-21,1.5378440163046491e-21,1.5378441220101872e-21,1.5378442160327982e-21,1.5378442983837836e-21,1.5378443690743734e-21,1.5378444281158254e-21,1.5378444755192989e-21,1.5378445112960049e-21,1.5378445354571528e-21,1.5378445480139413e-21,1.5378445489775154e-21,1.537844538358929e-21,1.5378445161694717e-21,1.5378444824203428e-21,1.5378444371243129e-21,1.5378443802873756e-21,1.5378443119257042e-21,1.5378442320460614e-21,1.5378441406622137e-21,1.5378440377928051e-21,1.5378439234364107e-21,1.537843797627502e-21,1.5378436603224397e-21,1.5378435115858758e-21,1.5378433514114765e-21,1.5378431798101696e-21,1.537842996792951e-21,1.5378428023708493e-21,1.537842596554808e-21,1.5378423793558003e-21,1.5378421507848266e-21,1.5378419108527997e-21,1.537841659570658e-21,1.5378413969493342e-21,1.5378411229997942e-21,1.5378408377328558e-21,1.5378405411595005e-21,1.5378402332905553e-21,1.5378399141369301e-21,1.5378395837090228e-21,1.5378392420192388e-21,1.53783888907668e-21,1.5378385248928376e-21,1.5378381494785379e-21,1.5378377628446264e-21,1.5378373650018982e-21,1.5378369559611018e-21,1.5378365357330615e-21,1.5378361043285351e-21,1.5378356617583117e-21,1.5378352080301213e-21,1.5378347431639516e-21,1.5378342671610273e-21,1.5378337800353745e-21,1.5378332817976528e-21,1.5378327724585801e-21,1.5378322520288662e-21,1.5378317205192054e-21,1.537831177940235e-21,1.5378306243026683e-21,1.5378300596170887e-21,1.5378294838942103e-21,1.5378288971445993e-21,1.5378282993788986e-21,1.5378276906058175e-21,1.5378270708400161e-21,1.5378264400882007e-21,1.5378257983648038e-21,1.5378251456782071e-21,1.5378244820389567e-21,1.5378238074576643e-21,1.5378231219448148e-21,1.5378224255110163e-21,1.5378217181740638e-21,1.537820999922854e-21,1.5378202707889794e-21,1.5378195307763812e-21,1.5378187798952729e-21,1.5378180181562039e-21,1.5378172455696187e-21,1.5378164621459738e-21,1.5378156678956939e-21,1.5378148628292648e-21,1.5378140469570742e-21,1.5378132202895014e-21,1.537812382826218e-21,1.5378115346100515e-21,1.5378106756187995e-21,1.5378098058737455e-21,1.537808925385219e-21,1.5378080341606547e-21,1.5378071322169245e-21,1.5378062195605803e-21,1.5378052962001268e-21,1.5378043621503296e-21,1.5378034174188586e-21,1.5378024620161193e-21,1.5378014959525649e-21,1.5378005192387621e-21,1.5377995318839986e-21,1.5377985338991094e-21,1.5377975252943434e-21,1.5377965061092833e-21,1.5377954762704145e-21,1.5377944358664335e-21,1.537793384884508e-21,1.537792323332063e-21,1.537791251222255e-21,1.5377901685638562e-21,1.537789075367267e-21,1.5377879716426356e-21,1.5377868574000845e-21,1.5377857326497914e-21,1.5377845974018084e-21,1.537783451666367e-21,1.5377822954534604e-21,1.5377811287732231e-21,1.537779951635741e-21,1.537778764051165e-21,1.5377775660314053e-21,1.537776357581675e-21,1.5377751387158045e-21,1.5377739094429164e-21,1.537772669773092e-21,1.5377714197164605e-21,1.5377701592829916e-21,1.5377688884826864e-21,1.537767607325463e-21,1.53776631582141e-21,1.5377650139804314e-21,1.5377637018126688e-21,1.5377623793277241e-21,1.5377610465358068e-21,1.5377597034467633e-21,1.5377583500705566e-21,1.5377569864171093e-21,1.53775561249628e-21,1.5377542283180148e-21,1.5377528338922095e-21,1.5377514292287218e-21,1.5377500143373935e-21,1.5377485892281568e-21,1.5377471539108147e-21,1.537745708395226e-21,1.5377442526912316e-21,1.5377427868076885e-21,1.5377413107572788e-21,1.5377398245469622e-21,1.5377383281875684e-21,1.537736821688695e-21,1.5377353050540751e-21,1.5377337783169808e-21,1.53773224144178e-21,1.5377306944902678e-21,1.5377291374420934e-21,1.5377275703190334e-21,1.5377259931127381e-21,1.5377244058507468e-21,1.5377228085369577e-21,1.5377212011886813e-21,1.5377195837968653e-21,1.537717956385771e-21,1.5377163189610963e-21,1.5377146715331171e-21,1.537713014111501e-21,1.5377113467058933e-21,1.5377096693259355e-21,1.5377079819813883e-21,1.5377062846815515e-21,1.537704577436022e-21,1.5377028602584972e-21,1.5377011331482896e-21,1.5376993961234025e-21,1.5376976491914064e-21,1.5376958923617775e-21,1.5376941256444933e-21,1.537692349047471e-21,1.5376905625821951e-21,1.5376887662573738e-21,1.5376869600825977e-21,1.5376851440676387e-21,1.5376833182209271e-21,1.5376814825531155e-21,1.5376796370731865e-21,1.537677781790678e-21,1.5376759167150491e-21,1.5376740418557397e-21,1.5376721572220919e-21,1.5376702628237274e-21,1.537668358669976e-21,1.537666444770446e-21,1.537664521134097e-21,1.5376625877706194e-21,1.5376606446893975e-21,1.537658691899019e-21,1.5376567294103884e-21,1.5376547572330147e-21,1.5376527753576505e-21,1.5376507838449101e-21,1.5376487826535893e-21,1.537646771809997e-21,1.5376447513234106e-21,1.5376427212031254e-21,1.5376406814584602e-21,1.5376386320986452e-21,1.537636573133047e-21,1.537634504569333e-21,1.537632426409787e-21,1.5376303386932118e-21,1.5376282413971366e-21,1.5376261345419578e-21,1.5376240181352722e-21,1.5376218921884557e-21,1.5376197567089137e-21,1.5376176117072196e-21,1.537615457191995e-21,1.5376132931724705e-21,1.5376111196577854e-21,1.5376089366571591e-21,1.5376067441878724e-21,1.5376045422346349e-21,1.5376023308597322e-21,1.53760010998026e-21,1.5375978796865445e-21,1.537595639961739e-21,1.5375933908154252e-21,1.5375911322430469e-21,1.5375888642539989e-21,1.5375865869347505e-21,1.5375843001904744e-21,1.5375820040755871e-21,1.5375796985813318e-21,1.5375773837345552e-21,1.5375750595383156e-21,1.5375727259982779e-21,1.5375703831051453e-21,1.5375680309401855e-21,1.5375656694320105e-21,1.5375632986319148e-21,1.5375609185280485e-21,1.5375585291401436e-21,1.5375561304708817e-21,1.5375537225346036e-21,1.5375513053387913e-21,1.5375488788923997e-21,1.5375464432042805e-21,1.5375439982834083e-21,1.5375415441386696e-21,1.5375390807790963e-21,1.5375366082134257e-21,1.5375341264505771e-21,1.537531635499627e-21,1.5375291353692251e-21,1.5375266260682827e-21,1.5375241076058091e-21,1.5375215799904229e-21,1.5375190432311028e-21,1.5375164973366214e-21,1.537513942315943e-21,1.5375113781745771e-21,1.5375088049292235e-21,1.5375062225829143e-21,1.5375036311452483e-21,1.53750103062514e-21,1.5374984210317473e-21,1.537495802373606e-21,1.5374931746594684e-21,1.5374905378957208e-21,1.5374878920976067e-21,1.5374852372680688e-21,1.537482573411467e-21,1.5374799005546183e-21,1.537477218687972e-21,1.5374745278261756e-21,1.5374718279787866e-21,1.537469119153511e-21,1.5374664013598404e-21,1.537463674604606e-21,1.5374609388996908e-21,1.5374581942500151e-21,1.5374554406672042e-21,1.537452678159891e-21,1.5374499067322492e-21,1.5374471264012728e-21,1.5374443371674015e-21,1.5374415390432303e-21,1.5374387320379537e-21,1.5374359161548874e-21,1.5374330914044378e-21,1.5374302578057377e-21,1.5374274153540268e-21,1.5374245640308003e-21,1.537421703939945e-21,1.537418834994621e-21,1.5374159572362176e-21,1.5374130706722121e-21,1.5374101753112878e-21,1.537407271160498e-21,1.537404358232101e-21,1.5374014365308626e-21,1.5373985060663167e-21,1.5373955668486973e-21,1.5373926188833496e-21,1.5373896621833589e-21,1.5373866967511112e-21,1.5373837225982644e-21,1.5373807397330946e-21,1.537377748164252e-21,1.5373747478997654e-21,1.5373717389483405e-21,1.5373687213183904e-21,1.5373656950181432e-21,1.53736266005602e-21,1.5373596164404796e-21,1.5373565641798681e-21,1.5373535032824669e-21,1.53735043375679e-21,1.5373473556108664e-21,1.5373442688533962e-21,1.537341173492362e-21,1.5373380695389211e-21,1.5373349569954368e-21,1.5373318358735289e-21,1.5373287061827804e-21,1.537325567929533e-21,1.5373224211228501e-21,1.5373192657710598e-21,1.5373161018823736e-21,1.5373129294647063e-21,1.5373097485265405e-21,1.537306559075925e-21,1.5373033611216012e-21,1.5373001546831397e-21,1.5372969397337708e-21,1.5372937163138437e-21,1.537290484432368e-21,1.5372872440774916e-21,1.5372839952713576e-21,1.5372807380188693e-21,1.5372774723278936e-21,1.5372741982061122e-21,1.537270915664323e-21,1.5372676247060804e-21,1.5372643253435725e-21,1.5372610175834097e-21,1.537257701433627e-21,1.5372543769025487e-21,1.5372510439979836e-21,1.5372477027284765e-21,1.5372443531011454e-21,1.5372409951265847e-21,1.5372376288098973e-21,1.5372342541604512e-21,1.537230871186717e-21,1.5372274798959015e-21,1.537224080296662e-21,1.5372206723964628e-21,1.537217256204028e-21,1.5372138317268788e-21,1.537210398973522e-21,1.5372069579513497e-21,1.5372035086688315e-21,1.537200051133431e-21,1.5371965853534333e-21,1.5371931113381059e-21,1.537189629093672e-21,1.5371861386285591e-21,1.5371826399509527e-21,1.5371791330686523e-21,1.5371756179898396e-21,1.5371720947222679e-21,1.5371685632738173e-21,1.537165023652429e-21,1.5371614758657903e-21,1.5371579199223878e-21,1.53715435582977e-21,1.5371507835958625e-21,1.5371472032285725e-21,1.5371436147357832e-21,1.537140018125452e-21,1.5371364134051817e-21,1.5371328005831092e-21,1.5371291796669052e-21,1.5371255506642194e-21,1.5371219135830884e-21,1.5371182684316246e-21,1.5371146152187275e-21,1.5371109539494586e-21,1.5371072846332366e-21,1.5371036072778318e-21,1.5370999218908024e-21,1.537096228480078e-21,1.5370925270528512e-21,1.5370888176184317e-21,1.5370851001830578e-21,1.5370813747550846e-21,1.5370776413421432e-21,1.5370738999530128e-21,1.5370701505929761e-21,1.5370663932711107e-21,1.5370626279956242e-21,1.5370588547737206e-21,1.5370550736131961e-21,1.5370512845218593e-21,1.5370474875069625e-21,1.537043682578154e-21,1.537039869738904e-21,1.5370360490007277e-21,1.537032220370007e-21,1.5370283838543547e-21,1.5370245394614519e-21,1.5370206871990042e-21,1.5370168270747026e-21,1.537012959095679e-21,1.5370090832700685e-21,1.5370051996048035e-21,1.5370013081093276e-21,1.536997408789196e-21,1.5369935016525936e-21,1.5369895867073323e-21,1.5369856639539096e-21,1.53698173342394e-21,1.5369777950972833e-21,1.5369738489920206e-21,1.5369698951158804e-21,1.536965933476872e-21,1.536961964081057e-21,1.5369579869369764e-21,1.536954002052325e-21,1.5369500094344442e-21,1.536946009090491e-21,1.5369420010283635e-21,1.5369379852554063e-21,1.5369339617790992e-21,1.5369299306068099e-21,1.5369258917459192e-21,1.5369218452042766e-21,1.5369177909850481e-21,1.5369137291050145e-21,1.53690965956554e-21,1.5369055823745314e-21,1.536901497539931e-21,1.5368974050688468e-21,1.5368933049687287e-21,1.5368891972471277e-21,1.5368850819109817e-21,1.536880958968348e-21,1.5368768284262964e-21,1.5368726902922613e-21,1.536868544573483e-21,1.5368643912774655e-21,1.5368602304114017e-21,1.5368560619827948e-21,1.5368518859989067e-21,1.536847702467111e-21,1.5368435113947864e-21,1.5368393127889805e-21,1.536835106657328e-21,1.5368308930072138e-21,1.5368266718457162e-21,1.5368224431800328e-21,1.5368182070189146e-21,1.5368139633653206e-21,1.5368097122312778e-21,1.5368054536219341e-21,1.5368011875451223e-21,1.5367969140078995e-21,1.536792633017447e-21,1.5367883445808973e-21,1.5367840487056316e-21,1.5367797453989748e-21,1.5367754346696366e-21,1.5367711165206191e-21,1.5367667909625142e-21,1.5367624580029122e-21,1.5367581176455356e-21,1.5367537699010647e-21,1.536749414775474e-21,1.536745052278556e-21,1.536740682409554e-21,1.5367363051835886e-21,1.5367319206051874e-21,1.5367275286814625e-21,1.5367231294194363e-21,1.5367187228301358e-21,1.5367143089093036e-21,1.5367098876743256e-21,1.5367054591318833e-21,1.5367010232859117e-21,1.5366965801439084e-21,1.5366921297124642e-21,1.5366876720020467e-21,1.5366832070158474e-21,1.5366787347629729e-21,1.536674255249427e-21,1.5366697684830814e-21,1.5366652744706863e-21,1.5366607732193402e-21,1.5366562647359617e-21,1.5366517490276756e-21,1.5366472260857384e-21,1.5366426959630075e-21,1.5366381586222675e-21,1.5366336140848712e-21,1.536629062355451e-21,1.5366245034461707e-21,1.536619937359517e-21,1.5366153641039649e-21,1.5366107836857507e-21,1.5366061961139659e-21,1.5366016013935064e-21,1.5365969995317849e-21,1.5365923905360135e-21,1.5365877744126615e-21,1.5365831511670327e-21,1.536578520813057e-21,1.5365738833498645e-21,1.5365692387870118e-21,1.5365645871316774e-21,1.5365599283905115e-21,1.5365552625712058e-21,1.5365505896793272e-21,1.5365459097223755e-21,1.5365412227071844e-21,1.5365365286406619e-21,1.536531827529675e-21,1.5365271193810502e-21,1.5365224042017063e-21,1.536517681998295e-21,1.5365129527778772e-21,1.5365082165473675e-21,1.5365034733133237e-21,1.536498723082521e-21,1.536493965861967e-21,1.5364892016583342e-21,1.5364844304784381e-21,1.5364796523292259e-21,1.5364748672172124e-21,1.5364700751493037e-21,1.5364652761322626e-21,1.5364604701728956e-21,1.5364556572785447e-21,1.5364508374541693e-21,1.5364460107079626e-21,1.5364411770467558e-21,1.5364363364606476e-21,1.536431489004729e-21,1.5364266346376839e-21,1.5364217733833757e-21,1.5364169052443544e-21,1.5364120302320499e-21,1.53640714835123e-21,1.5364022596043984e-21,1.5363973640105339e-21,1.5363924615648132e-21,1.5363875522779172e-21,1.5363826361613405e-21,1.53637771320312e-21,1.536372783431985e-21,1.5363678468386422e-21,1.536362903444277e-21,1.5363579532455847e-21,1.5363529962554337e-21,1.536348032474566e-21,1.5363430619116713e-21,1.5363380845804433e-21,1.536333100466921e-21,1.536328109596655e-21,1.5363231119725052e-21,1.5363181075985776e-21,1.5363130964808428e-21,1.536308078629338e-21,1.5363030540479717e-21,1.5362980227442643e-21,1.5362929847235207e-21,1.5362879399818102e-21,1.536282888560131e-21,1.536277830430515e-21,1.5362727656108156e-21,1.5362676941080583e-21,1.5362626159268182e-21,1.5362575310764948e-21,1.5362524395678721e-21,1.5362473413901519e-21,1.536242236567208e-21,1.5362371250998474e-21,1.5362320069943137e-21,1.5362268822575405e-21,1.5362217508952978e-21,1.536216612914389e-21,1.5362114683247147e-21,1.536206317122581e-21,1.5362011593255283e-21,1.5361959949337848e-21,1.5361908239560272e-21,1.5361856463986553e-21,1.5361804622678917e-21,1.5361752715706399e-21,1.5361700743112033e-21,1.5361648704977223e-21,1.5361596601356686e-21,1.5361544432335295e-21,1.5361492197957286e-21,1.5361439898269713e-21,1.536138753340109e-21,1.53613351033272e-21,1.5361282608163391e-21,1.536123004798404e-21,1.5361177422826052e-21,1.5361124732759523e-21,1.5361071977849277e-21,1.53610191581591e-21,1.5360966273750909e-21,1.5360913324687495e-21,1.5360860311033708e-21,1.5360807232851317e-21,1.5360754090204909e-21,1.5360700883154765e-21,1.5360647611765998e-21,1.5360594276099587e-21,1.5360540876219331e-21,1.5360487412191984e-21,1.536043388407143e-21,1.5360380291922721e-21,1.5360326635812725e-21,1.5360272915799268e-21,1.536021913194884e-21,1.5360165284321912e-21,1.5360111372980562e-21,1.5360057397987158e-21,1.5360003359403969e-21,1.5359949257292352e-21,1.5359895091715338e-21,1.5359840862736776e-21,1.5359786570411726e-21,1.5359732214809016e-21,1.5359677795987597e-21,1.5359623314010284e-21,1.535956876893564e-21,1.5359514160829552e-21,1.535945948975733e-21,1.5359404755774734e-21,1.5359349958931626e-21,1.5359295099307548e-21,1.5359240176959026e-21,1.5359185191945317e-21,1.5359130144326773e-21,1.5359075034167963e-21,1.5359019861525093e-21,1.535896462646283e-21,1.535890932904827e-21,1.5358853969319514e-21,1.5358798547362983e-21,1.5358743063228663e-21,1.5358687516974392e-21,1.5358631908710564e-21,1.5358576238375814e-21,1.5358520506140983e-21,1.5358464712032564e-21,1.5358408856111783e-21,1.5358352938439071e-21,1.535829695900888e-21,1.5358240918090457e-21,1.5358184815518781e-21,1.5358128651437022e-21,1.535807242592031e-21,1.5358016138981567e-21,1.5357959790728944e-21,1.5357903381140701e-21,1.5357846910460692e-21,1.5357790378572934e-21,1.5357733785593233e-21,1.5357677131582135e-21,1.5357620416590884e-21,1.535756364068145e-21,1.5357506803935243e-21,1.5357449906398547e-21,1.5357392948126161e-21,1.535733592917598e-21,1.5357278849611474e-21,1.5357221709490122e-21,1.5357164508891765e-21,1.5357107247799235e-21,1.5357049926377384e-21,1.5356992544629639e-21,1.535693510261496e-21,1.5356877600400216e-21,1.5356820038082305e-21,1.535676241560263e-21,1.5356704733134351e-21,1.5356646990700253e-21,1.5356589188325594e-21,1.5356531326125384e-21,1.5356473404198053e-21,1.5356415422490017e-21,1.5356357381105945e-21,1.5356299280102985e-21,1.5356241119547524e-21,1.535618289948802e-21,1.5356124619991604e-21,1.535606628111425e-21,1.5356007882971842e-21,1.5355949425497929e-21,1.535589090881785e-21,1.5355832332989767e-21,1.5355773698069818e-21,1.5355715004117799e-21,1.5355656251190893e-21,1.5355597439345665e-21,1.5355538568640455e-21,1.5355479639145614e-21,1.5355420650877799e-21,1.5355361603938178e-21,1.5355302498367804e-21,1.5355243334224461e-21,1.5355184111567207e-21,1.5355124830451932e-21,1.5355065490934964e-21,1.5355006093071625e-21,1.5354946636923311e-21,1.5354887122548057e-21,1.5354827550000833e-21,1.535476791933771e-21,1.5354708230616008e-21,1.5354648483892959e-21,1.5354588679221436e-21,1.5354528816665219e-21,1.5354468896257219e-21,1.5354408918118701e-21,1.5354348882239894e-21,1.5354288788693086e-21,1.5354228637549115e-21,1.535416842885666e-21,1.5354108162673554e-21,1.5354047839055699e-21,1.5353987458056988e-21,1.5353927019736094e-21,1.5353866524146936e-21,1.5353805971353757e-21,1.535374536140145e-21,1.5353684694350943e-21,1.5353623970258456e-21,1.535356318917855e-21,1.5353502351168585e-21,1.5353441456285513e-21,1.5353380504583099e-21,1.5353319496116348e-21,1.5353258430943078e-21,1.5353197309116068e-21,1.5353136130693412e-21,1.535307489573032e-21,1.5353013604282034e-21,1.5352952256267403e-21,1.535289085213997e-21,1.5352829391569804e-21,1.5352767874734696e-21,1.535270630169109e-21,1.5352644672493618e-21,1.535258298719803e-21,1.5352521245858324e-21,1.5352459448530706e-21,1.5352397595269538e-21,1.5352335686132305e-21,1.5352273721169216e-21,1.535221170043664e-21,1.5352149624038938e-21,1.53520874919085e-21,1.5352025304178082e-21,1.5351963060916939e-21,1.535190076216047e-21,1.5351838407962746e-21,1.535177599837847e-21,1.535171353346001e-21,1.5351651013265687e-21,1.5351588437848674e-21,1.5351525807257854e-21,1.5351463121567841e-21,1.5351400380793324e-21,1.535133758502284e-21,1.5351274734299958e-21,1.5351211828678765e-21,1.535114886820915e-21,1.5351085852951456e-21,1.5351022782957638e-21,1.5350959658275588e-21,1.5350896478961478e-21,1.5350833245064168e-21,1.535076995667133e-21,1.5350706613791862e-21,1.5350643216502899e-21,1.5350579764865792e-21,1.5350516258905976e-21,1.5350452698687478e-21,1.5350389084223535e-21,1.5350325415682506e-21,1.5350261693044697e-21,1.5350197916334314e-21,1.5350134085640104e-21,1.5350070201010916e-21,1.5350006262498458e-21,1.5349942270155935e-21,1.534987822403764e-21,1.5349814124159134e-21,1.5349749970668687e-21,1.5349685763551025e-21,1.5349621502840644e-21,1.5349557188650815e-21,1.5349492820989585e-21,1.5349428399891828e-21,1.5349363925467926e-21,1.5349299397732587e-21,1.534923481674681e-21,1.5349170182566912e-21,1.5349105495240934e-21,1.534904075481694e-21,1.5348975961349712e-21,1.5348911114900079e-21,1.5348846215511987e-21,1.534878126323933e-21,1.5348716258138265e-21,1.534865120025517e-21,1.5348586089092582e-21,1.5348520926604626e-21,1.5348455710419187e-21,1.534839044193291e-21,1.5348325120927462e-21,1.5348259747445836e-21,1.53481943215921e-21,1.5348128843311997e-21,1.5348063312736011e-21,1.5347997729895664e-21,1.5347932094846341e-21,1.5347866407638754e-21,1.534780066831886e-21,1.5347734876939713e-21,1.534766903344156e-21,1.5347603138175214e-21,1.5347537190975775e-21,1.5347471191866538e-21,1.5347405140983974e-21,1.5347339038335045e-21,1.5347272883990968e-21,1.5347206677990884e-21,1.5347140420395894e-21,1.534707411125508e-21,1.5347007750618232e-21,1.5346941338537436e-21,1.5346874875031374e-21,1.5346808360240669e-21,1.5346741794126617e-21,1.534667517677015e-21,1.5346608508221679e-21,1.5346541788531678e-21,1.5346475017748462e-21,1.5346408195925804e-21,1.5346341323114074e-21,1.5346274399353538e-21,1.5346207424708634e-21,1.534614039922488e-21,1.5346073322945676e-21,1.5346006195937397e-21,1.5345939018230162e-21,1.5345871790457298e-21,1.5345804510965837e-21,1.534573718149246e-21,1.5345669801422035e-21,1.5345602371113235e-21,1.5345534890326004e-21,1.5345467359184142e-21,1.5345399777767855e-21,1.5345332146100113e-21,1.534526446424073e-21,1.5345196732235053e-21,1.5345128950140668e-21,1.5345061118003308e-21,1.5344993235871295e-21,1.534492530379553e-21,1.5344857321824346e-21,1.534478929000712e-21,1.5344721208395806e-21,1.5344653077033664e-21,1.5344584895978785e-21,1.5344516665266206e-21,1.5344448384959293e-21,1.5344380055096818e-21,1.5344311675734501e-21,1.5344243246916694e-21,1.5344174768689572e-21,1.5344106241111172e-21,1.5344037664226163e-21,1.5343969038084189e-21,1.5343900362734343e-21,1.5343831638218461e-21,1.5343762864586366e-21,1.5343694041893297e-21,1.534362517018446e-21,1.5343556249504991e-21,1.5343487279910164e-21,1.5343418261444324e-21,1.5343349194161064e-21,1.5343280078099003e-21,1.5343210913306632e-21,1.5343141699839561e-21,1.5343072437744934e-21,1.5343003127069255e-21,1.5342933767856464e-21,1.5342864360162864e-21,1.5342794904031189e-21,1.534272539950869e-21,1.5342655846644368e-21,1.5342586245486026e-21,1.5342516596080837e-21,1.5342446898468859e-21,1.5342377152715268e-21,1.5342307358858318e-21,1.5342237516945584e-21,1.5342167627024549e-21,1.5342097689143409e-21,1.5342027703344327e-21,1.5341957669683391e-21,1.534188758820457e-21,1.5341817458966542e-21,1.5341747281980232e-21,1.53416770573363e-21,1.534160678505606e-21,1.5341536465184648e-21,1.5341466097797743e-21,1.5341395682912155e-21,1.534132522058558e-21,1.534125471087029e-21,1.534118415379558e-21,1.5341113549426667e-21,1.53410428978338e-21,1.5340972198990859e-21,1.5340901453003883e-21,1.534083065990028e-21
21,7.521948371022087e-84,1.1596706935880327e-82,4.804105979973775e-82,1.3323696946489836e-81,2.9570613200709504e-81,5.731478968859682e-81,1.012150140044571e-80,1.668849274141773e-80,2.6096063880183325e-80,3.911710255003977e-80,5.6641040255237545e-80,7.968131931793057e-80,1.0938301752739159e-79,1.4703059232051737e-79,1.9405571059374545e-79,2.5204513760614168e-79,3.2274866410422577e-79,4.080870565547331e-79,5.101600183392544e-79,6.312541555245384e-79,7.738509400590407e-79,9.40634669775256e-79,1.1345004199263895e-78,1.3585619882796528e-78,1.6161598306115503e-78,1.9108689883401907e-78,2.246507006516029e-78,2.627141845953847e-78,3.0570997854295406e-78,3.540973317440297e-78,4.0836290355102714e-78,4.690215516066709e-78,5.366171192705597e-78,6.117232222891343e-78,6.949440351156557e-78,7.869150764819062e-78,8.883039940646707e-78,9.99811348940154e-78,1.1221713996004078e-77,1.2561528844405073e-77,1.4025598051629176e-77,1.562232208009754e-77,1.7360469660532413e-77,1.924918558948864e-77,2.129799854142673e-77,2.3516828864139373e-77,2.591599636628203e-77,2.8506228108934615e-77,3.129866618317494e-77,3.430487547932053e-77,3.753685147062468e-77,4.1007027964457734e-77,4.472828486400411e-77,4.871395591754383e-77,5.2977836471202295e-77,5.753419121028915e-77,6.2397761889061864e-77,6.7583775064158e-77,7.310794981220175e-77,7.898650547269537e-77,8.523616932353319e-77,9.187418432621572e-77,9.891831679871173e-77,1.0638686413853015e-76,1.1429866249508188e-76,1.2267309446130581e-76,1.3153009675268834e-76,1.4089016787280464e-76,1.5077437581206672e-76,1.6120436568352985e-76,1.7220236739100065e-76,1.837912032656714e-76,1.9599429575291044e-76,2.0883567501324403e-76,2.2233998657839972e-76,2.365324989792015e-76,2.514391113380773e-76,2.6708636107409896e-76,2.835014314481147e-76,3.007121591678681e-76,3.1874704198339895e-76,3.3763524638822325e-76,3.5740661507800726e-76,3.780916746087148e-76,3.997216429262267e-76,4.2232843706500935e-76,4.459446805466885e-76,4.706037110861057e-76,4.963395880980794e-76,5.231871001928248e-76,5.511817728319477e-76,5.803598757922555e-76,6.107584307859769e-76,6.424152188400203e-76,6.753687880467169e-76,7.096584608627169e-76,7.453243417642171e-76,7.824073247264628e-76,8.209491007179139e-76,8.60992165193e-76,9.025798256096168e-76,9.457562088899687e-76,9.905662689205763e-76,1.0370557940458844e-75,1.0852714144505453e-75,1.1352606098224446e-75,1.1870717166525703e-75,1.2407539357123922e-75,1.2963573395125664e-75,1.3539328798177953e-75,1.4135323950404699e-75,1.475208617605628e-75,1.5390151814374222e-75,1.6050066294363058e-75,1.6732384208772968e-75,1.74376693881626e-75,1.816649497329077e-75,1.8919443492526675e-75,1.9697106933367546e-75,2.0500086817942513e-75,2.1328994273149613e-75,2.218445010989668e-75,2.306708489358109e-75,2.397753901828817e-75,2.491646277980977e-75,2.5884516451966536e-75,2.688237035740438e-75,2.791070494187803e-75,2.897021084798734e-75,3.006158898831796e-75,3.118555061760323e-75,3.2342817409932994e-75,3.3534121527771806e-75,3.476020569799031e-75,3.6021823280702153e-75,3.7319738349684987e-75,3.8654725756465414e-75,4.002757121145834e-75,4.1439071352263696e-75,4.2890033816207294e-75,4.438127731725983e-75,4.591363171510683e-75,4.748793808894047e-75,4.91050488095529e-75,5.076582761304144e-75,5.24711496728143e-75,5.422190167053097e-75,5.601898187275748e-75,5.786330019967514e-75,5.97557782983148e-75,6.169734961525439e-75,6.368895946852938e-75,6.573156511993177e-75,6.78261358458131e-75,6.997365301547572e-75,7.21751101526016e-75,7.443151301182348e-75,7.674387966019331e-75,7.911324053389001e-75,8.154063851830874e-75,8.4027129017015e-75,8.657378002792683e-75,8.918167220965465e-75,9.18518989586791e-75,9.458556647044916e-75,9.7383793824041e-75,1.002477130466024e-74,1.0317846918442615e-74,1.0617722037684267e-74,1.0924513792654237e-74,1.1238340636949809e-74,1.1559322354648e-74,1.1887580068040973e-74,1.2223236243445559e-74,1.2566414699731847e-74,1.2917240614488509e-74,1.3275840531471183e-74,1.3642342367627894e-74,1.4016875419856904e-74,1.4399570373022197e-74,1.4790559306147102e-74,1.5189975699687796e-74,1.5597954442695287e-74,1.6014631839983722e-74,1.6440145618634545e-74,1.6874634936086524e-74,1.7318240386472757e-74,1.7771104007055336e-74,1.8233369286728843e-74,1.8705181171953653e-74,1.9186686073872726e-74,1.967803187636685e-74,2.017936794154692e-74,2.0690845117568575e-74,2.121261574542691e-74,2.1744833666532157e-74,2.2287654229114474e-74,2.2841234294947858e-74,2.3405732247708173e-74,2.3981307997956534e-74,2.456812299164353e-74,2.5166340216032038e-74,2.577612420764731e-74,2.639764105951265e-74,2.703105842594842e-74,2.7676545532425167e-74,2.833427317953377e-74,2.900441375303991e-74,2.9687141227590745e-74,3.038263117688495e-74,3.1091060777273424e-74,3.181260881736514e-74,3.2547455704721748e-74,3.3295783470288637e-74,3.405777577878891e-74,3.4833617932625696e-74,3.5623496880365736e-74,3.64276012227189e-74,3.7246121221588555e-74,3.807924880327636e-74,3.892717756852918e-74,3.979010279905983e-74,4.066822146176006e-74,4.1561732219220566e-74,4.247083543399108e-74,4.3395733176899255e-74,4.433662923171883e-74,4.529372910462667e-74,4.62672400305096e-74,4.725737097798532e-74,4.826433265964765e-74,4.928833753338771e-74,5.032959981646628e-74,5.138833548542717e-74,5.246476228547568e-74,5.3559099741376865e-74,5.46715691560881e-74,5.580239362645643e-74,5.695179804106397e-74,5.812000909503042e-74,5.9307255291730064e-74,6.051376695172993e-74,6.173977621859165e-74,6.298551706612177e-74,6.425122530478584e-74,6.5537138589077386e-74,6.6843496423571086e-74,6.817054016891888e-74,6.951851305288671e-74,7.08876601695507e-74,7.227822849490694e-74,7.369046688377769e-74,7.512462608592613e-74,7.658095874726536e-74,7.805971941765667e-74,7.956116455810933e-74,8.108555254713562e-74,8.263314368751176e-74,8.42042002130301e-74,8.579898629505374e-74,8.74177680495457e-74,8.906081354167221e-74,9.072839279900767e-74,9.242077780730881e-74,9.413824252984371e-74,9.588106290048127e-74,9.764951684469766e-74,9.944388427214988e-74,1.0126444709307004e-73,1.0311148922700437e-73,1.0498529659508526e-73,1.0688615714194497e-73,1.088143608347232e-73,1.1077019967163023e-73,1.1275396768782205e-73,1.1476596096309896e-73,1.1680647762706055e-73,1.1887581786518138e-73,1.2097428393239466e-73,1.2310218014598065e-73,1.2525981290629663e-73,1.2744749069512365e-73,1.2966552408615332e-73,1.3191422574412853e-73,1.341939104432387e-73,1.3650489506476282e-73,1.3884749860549154e-73,1.4122204218976124e-73,1.4362884906428487e-73,1.4606824461906165e-73,1.4854055638156733e-73,1.5104611403018153e-73,1.5358524939816632e-73,1.5615829647959785e-73,1.587655914410297e-73,1.614074726221604e-73,1.640842805467981e-73,1.6679635791952216e-73,1.6954404964754924e-73,1.7232770283602133e-73,1.751476667980479e-73,1.780042930588271e-73,1.808979353706294e-73,1.8382894970691703e-73,1.8679769427564986e-73,1.8980452952675462e-73,1.928498181543996e-73,1.9593392510755782e-73,1.990572175910165e-73,2.0222006508116703e-73,2.054228393265774e-73,2.086659143468053e-73,2.1194966645702965e-73,2.1527447425381305e-73,2.186407186421678e-73,2.2204878281851977e-73,2.254990523054274e-73,2.289919149333212e-73,2.3252776085784986e-73,2.361069825655759e-73,2.397299748797841e-73,2.4339713496574363e-73,2.471088623365645e-73,2.508655588655971e-73,2.5466762878550087e-73,2.5851547869848106e-73,2.6240951758220748e-73,2.663501567895853e-73,2.70337810068316e-73,2.7437289355518903e-73,2.7845582579664563e-73,2.8258702773076587e-73,2.86766922716623e-73,2.909959365381322e-73,2.9527449739303646e-73,2.9960303592338634e-73,3.039819851972509e-73,3.084117807392152e-73,3.12892860516396e-73,3.174256649556936e-73,3.2201063694691564e-73,3.266482218486038e-73,3.313388674996124e-73,3.3608302421940755e-73,3.4088114481849215e-73,3.457336845942065e-73,3.5064110135326974e-73,3.55603855407574e-73,3.606224095793627e-73,3.656972292213217e-73,3.708287821988417e-73,3.760175389234413e-73,3.8126397233218776e-73,3.8656855792115665e-73,3.919317737265507e-73,3.9735410034348906e-73,4.028360209372012e-73,4.083780212392e-73,4.1398058955874865e-73,4.1964421678215565e-73,4.25369396396731e-73,4.311566244693057e-73,4.370063996840929e-73,4.4291922332076665e-73,4.488955992714822e-73,4.54936034061149e-73,4.610410368286779e-73,4.67211119349455e-73,4.734467960325206e-73,4.797485839434267e-73,4.861170027829445e-73,4.9255257492427735e-73,4.990558253881984e-73,5.056272818721579e-73,5.122674747579814e-73,5.1897693709161745e-73,5.2575620461957294e-73,5.326058157778162e-73,5.395263117075188e-73,5.465182362416084e-73,5.5358213593809766e-73,5.607185600758423e-73,5.679280606466207e-73,5.752111923742623e-73,5.825685127270244e-73,5.900005819178724e-73,5.975079628976507e-73,6.050912213694375e-73,6.127509258174138e-73,6.20487647477743e-73,6.283019603591213e-73,6.361944412574025e-73,6.441656697560904e-73,6.522162282182365e-73,6.603467018109269e-73,6.685576785001646e-73,6.768497490754645e-73,6.85223507117341e-73,6.936795490594688e-73,7.02218474145586e-73,7.108408844514174e-73,7.195473848850363e-73,7.283385832276414e-73,7.37215090092017e-73,7.461775189478009e-73,7.552264861444809e-73,7.643626108865261e-73,7.735865152599715e-73,7.828988242267099e-73,7.923001656474606e-73,8.017911702773925e-73,8.113724717500363e-73,8.210447066381125e-73,8.308085144032487e-73,8.406645374316195e-73,8.506134210343266e-73,8.606558134514047e-73,8.707923658577748e-73,8.810237323663932e-73,8.913505700498408e-73,9.017735389253474e-73,9.12293301979985e-73,9.229105251458041e-73,9.336258773536851e-73,9.44440030489897e-73,9.553536594353238e-73,9.663674420436817e-73,9.77482059202898e-73,9.886981947656418e-73,1.0000165355897557e-72,1.0114377715805943e-72,1.0229625956328576e-72,1.0345917036788785e-72,1.0463257946764072e-72,1.058165570622868e-72,1.0701117365575769e-72,1.0821650005621153e-72,1.0943260737858017e-72,1.1065956704291987e-72,1.1189745077704545e-72,1.1314633061358149e-72,1.1440627889513815e-72,1.1567736827278554e-72,1.169596717035246e-72,1.182532624582774e-72,1.1955821411525396e-72,1.2087460056493998e-72,1.22202496006149e-72,1.235419749532898e-72,1.2489311223216893e-72,1.2625598297990366e-72,1.2763066264928306e-72,1.2901722700635036e-72,1.3041575213324296e-72,1.3182631442393315e-72,1.3324899059311285e-72,1.3468385766909957e-72,1.3613099299792577e-72,1.3759047424267154e-72,1.3906237938677614e-72,1.4054678673138915e-72,1.4204377489519587e-72,1.4355342281884638e-72,1.4507580976482202e-72,1.466110153136099e-72,1.4815911936947233e-72,1.4972020215991345e-72,1.5129434423432336e-72,1.5288162646375164e-72,1.5448213004491565e-72,1.5609593650079391e-72,1.5772312767614983e-72,1.5936378574494924e-72,1.6101799320616816e-72,1.626858328835745e-72,1.6436738793036347e-72,1.6606274182931138e-72,1.6777197838873284e-72,1.6949518174927028e-72,1.7123243637787605e-72,1.7298382707409473e-72,1.7474943897096164e-72,1.7652935752530747e-72,1.783236685341224e-72,1.8013245812211057e-72,1.8195581275028999e-72,1.8379381921063034e-72,1.85646564632054e-72,1.8751413647531135e-72,1.8939662254030147e-72,1.9129411095923015e-72,1.932066902047735e-72,1.9513444908456232e-72,1.9707747674209753e-72,1.9903586266192474e-72,2.0100969666790378e-72,2.0299906892073572e-72,2.0500406992233894e-72,2.0702479051743323e-72,2.0906132188996456e-72,2.1111375556102994e-72,2.1318218340457744e-72,2.1526669762761943e-72,2.1736739078356063e-72,2.1948435577066387e-72,2.216176858329592e-72,2.237674745576445e-72,2.2593381587626297e-72,2.281168040693636e-72,2.303165337614683e-72,2.3253309992548843e-72,2.347665978843535e-72,2.3701712330582795e-72,2.392847722100649e-72,2.4156964096501046e-72,2.438718262845227e-72,2.4619142524315065e-72,2.485285352550818e-72,2.5088325409551037e-72,2.532556798884411e-72,2.5564591111057577e-72,2.580540465880475e-72,2.604801855087212e-72,2.629244274112823e-72,2.653868721869035e-72,2.678676200854186e-72,2.703667717139482e-72,2.728844280351267e-72,2.754206903636494e-72,2.77975660380964e-72,2.805494401227799e-72,2.831421319813152e-72,2.857538387107784e-72,2.8838466342726236e-72,2.9103470960526076e-72,2.937040810783513e-72,2.963928820440161e-72,2.991012170638449e-72,3.0182919105806446e-72,3.045769093147242e-72,3.073444774810329e-72,3.101320015753305e-72,3.1293958796951986e-72,3.157673434106394e-72,3.186153750131606e-72,3.214837902475576e-72,3.2437269696249147e-72,3.2728220336980545e-72,3.3021241804975575e-72,3.331634499456672e-72,3.361354083809791e-72,3.3912840304383096e-72,3.421425439889071e-72,3.45177941646703e-72,3.4823470681975247e-72,3.513129506811038e-72,3.5441278477339454e-72,3.575343210153514e-72,3.606776717005305e-72,3.6384294949330865e-72,3.670302674347282e-72,3.7023973894265937e-72,3.7347147780933556e-72,3.767255982009447e-72,3.800022146618086e-72,3.8330144211736105e-72,3.8662339586840227e-72,3.899681915902207e-72,3.9333594534413833e-72,3.967267735678156e-72,4.001407930726821e-72,4.0357812105957905e-72,4.0703887511389133e-72,4.1052317319011943e-72,4.140311336323641e-72,4.1756287516670277e-72,4.211185169066778e-72,4.246981783376961e-72,4.283019793425779e-72,4.319300401837032e-72,4.355824815057701e-72,4.392594243424619e-72,4.429609901165131e-72,4.46687300631819e-72,4.5043847808627245e-72,4.542146450592727e-72,4.580159245250939e-72,4.618424398416124e-72,4.656943147608845e-72,4.695716734203551e-72,4.734746403509702e-72,4.774033404777138e-72,4.81357899111459e-72,4.8533844196131e-72,4.893450951264354e-72,4.933779850922226e-72,4.974372387514863e-72,5.015229833846625e-72,5.05635346663566e-72,5.097744566627988e-72,5.139404418485559e-72,5.181334310815074e-72,5.223535536209948e-72,5.266009391282486e-72,5.308757176565895e-72,5.351780196598236e-72,5.395079759950625e-72,5.438657179141948e-72,5.482513770677991e-72,5.526650855102834e-72,5.571069756991809e-72,5.615771804885184e-72,5.660758331398613e-72,5.70603067311635e-72,5.75159017072169e-72,5.797438168904446e-72,5.843576016312579e-72,5.890005065808948e-72,5.936726674216937e-72,5.983742202386825e-72,6.0310530152709e-72,6.078660481929327e-72,6.126565975458884e-72,6.174770872957816e-72,6.223276555758598e-72,6.272084409197215e-72,6.32119582268849e-72,6.370612189811198e-72,6.420334908175481e-72,6.470365379566332e-72,6.520705009816929e-72,6.57135520896106e-72,6.62231739107426e-72,6.6735929743959e-72,6.72518338135336e-72,6.777090038464212e-72,6.829314376398288e-72,6.88185782989535e-72,6.934721838007136e-72,6.987907843866183e-72,7.041417294698386e-72,7.095251642051997e-72,7.149412341531022e-72,7.203900853044408e-72,7.258718640496217e-72,7.313867172164265e-72,7.369347920456064e-72,7.425162361938361e-72,7.48131197740933e-72,7.53779825195429e-72,7.594622674796952e-72,7.651786739321133e-72,7.709291943297248e-72,7.767139788639058e-72,7.825331781470818e-72,7.88386943218112e-72,7.942754255509542e-72,8.001987770264388e-72,8.061571499601726e-72,8.121506970975286e-72,8.181795716079071e-72,8.242439270775375e-72,8.303439175393042e-72,8.364796974381578e-72,8.426514216606604e-72,8.488592455108985e-72,8.551033247324969e-72,8.613838154904938e-72,8.677008743851122e-72,8.740546584508222e-72,8.804453251517367e-72,8.868730323786374e-72,8.933379384628776e-72,8.99840202161647e-72,9.063799826739316e-72,9.129574396240588e-72,9.195727330752323e-72,9.26226023531303e-72,9.329174719252315e-72,9.396472396204808e-72,9.46415488431999e-72,9.532223806045829e-72,9.600680788156514e-72,9.66952746189508e-72,9.73876546280941e-72,9.808396430933485e-72,9.87842201058165e-72,9.948843850532394e-72,1.0019663604026279e-71,1.0090882928597653e-71,1.0162503486262385e-71,1.0234526943499355e-71,1.0306954971164841e-71,1.037978924449423e-71,1.0453031443210432e-71,1.0526683251535172e-71,1.0600746358013812e-71,1.0675222455756299e-71,1.0750113242224287e-71,1.0825420419450957e-71,1.0901145693814144e-71,1.0977290776279007e-71,1.1053857382176615e-71,1.113084723137057e-71,1.1208262048256086e-71,1.1286103561658697e-71,1.1364373504872772e-71,1.1443073615771625e-71,1.152220563663017e-71,1.1601771314347549e-71,1.1681772400168207e-71,1.176221065007877e-71,1.1843087824457257e-71,1.1924405688241892e-71,1.200616601082874e-71,1.2088370566208904e-71,1.2171021132994703e-71,1.225411949418717e-71,1.2337667437478849e-71,1.2421666755020557e-71,1.2506119243605067e-71,1.2591026704499857e-71,1.2676390943666888e-71,1.276221377156404e-71,1.284849700312825e-71,1.293524245810797e-71,1.3022451960718548e-71,1.3110127339726608e-71,1.3198270428550924e-71,1.3286883065266427e-71,1.337596709252535e-71,1.3465524357500879e-71,1.3555556712076238e-71,1.3646066012772402e-71,1.3737054120681644e-71,1.3828522901536565e-71,1.392047422584734e-71,1.4012909968537705e-71,1.4105832009232111e-71,1.4199242232365e-71,1.4293142526941886e-71,1.4387534786615698e-71,1.4482420909581499e-71,1.4577802798995372e-71,1.4673682362427928e-71,1.4770061512211788e-71,1.4866942165378146e-71,1.496432624372156e-71,1.5062215673643188e-71,1.5160612386215641e-71,1.5259518317240281e-71,1.5358935407266739e-71,1.5458865601649933e-71,1.5559310850230978e-71,1.5660273107698403e-71,1.57617543335977e-71,1.5863756491937512e-71,1.5966281551538024e-71,1.6069331486081168e-71,1.6172908274023195e-71,1.627701389846919e-71,1.638165034729873e-71,1.6486819613089455e-71,1.6592523693299306e-71,1.6698764589981728e-71,1.6805544310217537e-71,1.6912864865665046e-71,1.7020728272890827e-71,1.712913655320848e-71,1.7238091732632704e-71,1.734759584213177e-71,1.7457650917323024e-71,1.7568258998702566e-71,1.7679422131646214e-71,1.7791142366240116e-71,1.7903421757542692e-71,1.8016262365203685e-71,1.8129666253890504e-71,1.824363549290223e-71,1.835817215664987e-71,1.847327832419195e-71,1.8588956079568693e-71,1.870520751159913e-71,1.8822034713898796e-71,1.8939439785073486e-71,1.905742482839921e-71,1.917599195230912e-71,1.9295143269871022e-71,1.9414880899193086e-71,1.9535206963212355e-71,1.9656123589734937e-71,1.9777632911401446e-71,1.9899737065741e-71,2.00224381954166e-71,2.0145738447761627e-71,2.026963997518787e-71,2.039414493495075e-71,2.0519255489208385e-71,2.0644973804983835e-71,2.0771302054234192e-71,2.089824241406183e-71,2.1025797066372493e-71,2.1153968198007073e-71,2.128275800071121e-71,2.141216867128198e-71,2.1542202411435623e-71,2.167286142768989e-71,2.1804147931776116e-71,2.193606414034207e-71,2.206861227491014e-71,2.2201794562140087e-71,2.2335613233654576e-71,2.2470070525816576e-71,2.2605168680012763e-71,2.274090994302792e-71,2.287729656638079e-71,2.301433080661607e-71,2.3152014925296323e-71,2.3290351188901793e-71,2.3429341869110308e-71,2.3568989242387965e-71,2.3709295590518516e-71,2.3850263200227002e-71,2.3991894363130116e-71,2.4134191376064147e-71,2.4277156540851623e-71,2.442079216429596e-71,2.4565100558198664e-71,2.4710084039735006e-71,2.485574493094214e-71,2.5002085558949716e-71,2.5149108255854945e-71,2.5296815359028716e-71,2.5445209210815963e-71,2.559429215842364e-71,2.574406655460875e-71,2.5894534757030732e-71,2.6045699128423753e-71,2.61975620366102e-71,2.6350125854477393e-71,2.6503392960152004e-71,2.6657365736590493e-71,2.6812046572333366e-71,2.6967437860806854e-71,2.7123542000577956e-71,2.7280361395366727e-71,2.7437898453923407e-71,2.7596155590337617e-71,2.7755135223543165e-71,2.791483977793639e-71,2.807527168304826e-71,2.8236433373510866e-71,2.8398327289067826e-71,2.856095587469236e-71,2.8724321580425554e-71,2.888842686157369e-71,2.9053274178629273e-71,2.9218865997368635e-71,2.9385204788552988e-71,2.9552293028369692e-71,2.9720133198091956e-71,2.9888727784182573e-71,3.0058079278158197e-71,3.022819017703308e-71,3.039906298300848e-71,3.057070020335544e-71,3.0743104350722838e-71,3.0916277942931233e-71,3.109022350303633e-71,3.12649435591374e-71,3.1440440644838592e-71,3.1616717299051677e-71,3.1793776065711044e-71,3.1971619494266557e-71,3.2150250139125056e-71,3.2329670559998916e-71,3.250988332216716e-71,3.2690890995939734e-71,3.2872696157130965e-71,3.3055301386494097e-71,3.323870927024332e-71,3.342292240010073e-71,3.360794337258097e-71,3.379377478989381e-71,3.398041925957225e-71,3.416787939424093e-71,3.435615781205127e-71,3.454525713634349e-71,3.4735179995827304e-71,3.4925929024283054e-71,3.5117506861200905e-71,3.5309916151343494e-71,3.5503159544592482e-71,3.569723969655899e-71,3.5892159267832675e-71,3.6087920924382202e-71,3.628452733754946e-71,3.6481981184267705e-71,3.66802851465988e-71,3.6879441912175624e-71,3.707945417387594e-71,3.728032462986931e-71,3.748205598391309e-71,3.7684650944821105e-71,3.7888112227220925e-71,3.809244255096393e-71,3.829764464114654e-71,3.850372122848127e-71,3.87106750489197e-71,3.891850884399301e-71,3.912722536034358e-71,3.933682735056599e-71,3.954731757216694e-71,3.9758698788367e-71,3.997097376770695e-71,4.018414528403576e-71,4.0398216116939396e-71,4.061318905112035e-71,4.082906687710807e-71,4.1045852390713e-71,4.1263548393178366e-71,4.148215769121121e-71,4.170168309676081e-71,4.192212742787296e-71,4.214349350726317e-71,4.236578416352432e-71,4.258900223097928e-71,4.281315054911204e-71,4.303823196304066e-71,4.326424932309328e-71,4.349120548551336e-71,4.3719103311649664e-71,4.394794566878779e-71,4.417773542945414e-71,4.440847547179664e-71,4.464016867940586e-71,4.487281794140217e-71,4.510642615243573e-71,4.534099621228599e-71,4.5576531027086606e-71,4.58130335080961e-71,4.60505065721635e-71,4.6288953141609956e-71,4.652837614418723e-71,4.676877851376331e-71,4.701016318893204e-71,4.725253311428733e-71,4.749589124043754e-71,4.774024052268932e-71,4.7985583922573545e-71,4.823192440699726e-71,4.847926494840803e-71,4.87276085246724e-71,4.897695811946147e-71,4.92273167224929e-71,4.947868732838785e-71,4.973107293739308e-71,4.9984476556083306e-71,5.0238901195642854e-71,5.04943498734085e-71,5.0750825612535115e-71,5.100833144157347e-71,5.126687039451186e-71,5.15264455113582e-71,5.178705983763044e-71,5.2048716424123025e-71,5.231141832788423e-71,5.257516861131079e-71,5.283997034243323e-71,5.310582659473427e-71,5.337274044807779e-71,5.364071498726386e-71,5.3909753302510215e-71,5.417985849069521e-71,5.445103365387317e-71,5.4723281899830415e-71,5.4996606341973375e-71,5.527101009940303e-71,5.554649629699384e-71,5.5823068064981095e-71,5.610072853957468e-71,5.6379480862963085e-71,5.665932818278502e-71,5.694027365240591e-71,5.722232043086615e-71,5.750547168297661e-71,5.778973057898329e-71,5.8075100295147536e-71,5.836158401369648e-71,5.864918492240694e-71,5.893790621470961e-71,5.9227751089764844e-71,5.951872275260656e-71,5.9810824413639774e-71,6.010405928963016e-71,6.039843060278184e-71,6.069394158086275e-71,6.099059545787538e-71,6.128839547336826e-71,6.15873448724393e-71,5.98459362303706e-40,6.672981386935779e-40,7.492914665674152e-40,8.474424652179831e-40,9.652091043535502e-40,1.1071152877000108e-39,1.2791164820287696e-39,1.4891036669363454e-39,1.747605423667832e-39,2.0687741903858748e-39,2.471782291170512e-39,2.9828128892992717e-39,3.637921189340449e-39,4.487178867249898e-39,5.600726694397488e-39,7.077689862233078e-39,9.059427915661077e-39,1.1749412135501388e-38,1.5443340172605341e-38,2.0575235595541892e-38,2.778879260745091e-38,3.8049075381041645e-38,5.281955487890436e-38,7.434638186047872e-38,1.0612123187530569e-37,1.5364614743552459e-37,2.257176327386401e-37,3.366195300336121e-37,5.0993704173462025e-37,7.853226992072238e-37,1.2307582121297887e-36,1.9652976144642634e-36,3.2023291804933533e-36,5.3341684362636774e-36,9.102545743318418e-36,1.5953834524704575e-35,2.880696292174524e-35,5.378277878109311e-35,1.0428088004660433e-34,2.1109745787606073e-34,4.490403467291768e-34,1.0117441624992952e-33,2.4386569044571603e-33,6.367526656377432e-33,1.8302407219892358e-32,5.913466241970709e-32,1.9946154051468938e-31,1.9946154051545484e-31,1.9946154051630144e-31,1.9946154051724933e-31,1.994615405183272e-31,1.9946154051957667e-31,1.9946154052106244e-31,1.994615405277824e-31,1.9946154055571116e-31,8.908798495272409e-31,4.9811939955903035e-30,3.7253634489508775e-29,4.049630464322889e-28,6.978222035100148e-27,1.9893300253028514e-25,8.565119539471127e-24,4.157896723252435e-22,1.4544012967281588e-20,1.45440129735132e-20,4.717857609342901e-19,1.556123957675375e-17,4.1532390210710216e-16,7.116187123919704e-15,7.99406305065963e-14,6.314106804392379e-13,3.714816561322865e-12,1.7003257558942253e-11,6.269156685307472e-11,1.917905135672649e-10,4.995870145946711e-10,1.1333242839730128e-09,2.283023712164146e-09,4.152499138193935e-09,6.917026900231845e-09,1.0681414121118766e-08,1.5452830980342955e-08,2.1136389298802535e-08,2.7552319337665747e-08,3.4466814598963434e-08,4.1626546736895034e-08,4.878876321375106e-08,5.5742571707068095e-08,6.232051229020536e-08,6.840182219446166e-08,7.390979700122606e-08,7.880569953650726e-08,8.308121069176984e-08,8.675080351217965e-08,8.984485650470102e-08,9.24038887969365e-08,9.447400995801366e-08,9.610350780329253e-08,9.734041508059825e-08,9.823086970833782e-08,9.881808932557827e-08,9.914180289247227e-08,9.923800971497136e-08,9.913896373277454e-08,9.887330538681898e-08,9.846628379909645e-08,9.794002824771372e-08,9.731384046197053e-08,9.660448864269758e-08,9.582649098164261e-08,9.49923813614413e-08,9.411295334233066e-08,9.319748087162736e-08,9.225391567460912e-08,9.128906225243626e-08,9.030873197016829e-08,8.931787800563159e-08,8.832071303840984e-08,8.732081154328257e-08,8.63211984675706e-08,8.53244259494766e-08,8.433263958232294e-08,8.334763558055077e-08,8.237091005468022e-08,8.14037014535933e-08,8.04470271094489e-08,7.950171469388099e-08,7.856842929284446e-08,7.764769670877281e-08,7.673992351819345e-08,7.584541433884303e-08,7.496438669693469e-08,7.409698383206406e-08,7.324328572726865e-08,7.240331861276005e-08,7.157706315721344e-08,7.07644615274746e-08,6.996542347622488e-08,6.91798315886691e-08,6.840754580959906e-08,6.764840734087032e-08,6.690224200616263e-08,6.616886400788486e-08,6.544807496810565e-08,6.473967127972067e-08,6.40434424708424e-08,6.335917366658127e-08,6.268664695110076e-08,6.202564253467363e-08,6.137593975114212e-08,6.073731790899842e-08,6.010955701567136e-08,5.9492438389840033e-08,5.8885745179990984e-08,5.828926279858591e-08,5.770277928502379e-08,5.7126085605436826e-08,5.655897589812938e-08,5.600124767317408e-08,5.545270196981719e-08,5.4913143480062e-08,5.438238064104334e-08,5.386022570117767e-08,5.334649476375445e-08,5.284100781070871e-08,5.234358871183037e-08,5.1854065215192995e-08,5.137226893014398e-08,5.089803529681682e-08,5.043120354801753e-08,4.99716166645765e-08,4.9519121322194323e-08,4.9073567835315495e-08,4.8634810096912935e-08,4.820270551272376e-08,4.7777114935315315e-08,4.735790259474311e-08,4.694493602838398e-08,4.653808600909617e-08,4.6137226473149736e-08,4.574223444788444e-08,4.5352989979157126e-08,4.4969376059608254e-08,4.459127855607275e-08,4.42185861391472e-08,4.3851190212806296e-08,4.3488984844965474e-08,4.3131866699307465e-08,4.277973496805734e-08,4.243249130619709e-08,4.2090039766638043e-08,4.1752286737135876e-08,4.141914087805201e-08,4.109051306180372e-08,4.076631631385881e-08,4.0446465754321277e-08,4.0130878542426755e-08,3.98194738209237e-08,3.951217266261004e-08,3.920889801816812e-08,3.890957466528217e-08,3.8614129159185e-08,3.8322489784367806e-08,3.803458650793469e-08,3.775035093394555e-08,3.74697162591389e-08,3.7192617229889395e-08,3.691899010056854e-08,3.66487725921833e-08,3.6381903853798405e-08,3.611832442380793e-08,3.585797619251889e-08,3.560080236610203e-08,3.5346747431435247e-08,3.509575712198568e-08,3.4847778384726485e-08,3.460275934772166e-08,3.43606492894509e-08,3.412139860763437e-08,3.3884958790782616e-08,3.365128238874603e-08,3.34203229854634e-08,3.31920351712283e-08,3.296637451892861e-08,3.2743297554969094e-08,3.2522761737876605e-08,3.2304725432337606e-08,3.2089147886666004e-08,3.187598921063635e-08,3.166521035246569e-08,3.145677307833489e-08,3.1250639952859484e-08,3.1046774316598966e-08,3.084514026692479e-08,3.064570264119195e-08,3.04484269962541e-08,3.0253279592125085e-08,3.006022737294565e-08,2.9869237951327426e-08,2.9680279591271638e-08,2.9493321193361205e-08,2.9308332277695848e-08,2.9125282969874154e-08,2.8944143986099816e-08,2.8764886619018868e-08,2.858748272379563e-08,2.8411904704386924e-08,2.823812550182179e-08,2.806611857972917e-08,2.7895857912665687e-08,2.772731797427597e-08,2.7560473725584207e-08,2.7395300603637856e-08,2.7231774510195813e-08,2.706987180112495e-08,2.6909569275704515e-08,2.6750844167087343e-08,2.6593674131812632e-08,2.6438037240066114e-08,2.628391196659369e-08,2.613127718145738e-08,2.5980112141162998e-08,2.583039647993909e-08,2.5682110201310883e-08,2.5535233669882003e-08,2.5389747603361225e-08,2.5245633064835894e-08,2.510287145479016e-08,2.496144450413134e-08,2.4821334266924148e-08,2.468252311321465e-08,2.454499372222366e-08,2.4408729075778506e-08,2.4273712451717205e-08,2.4139927417102336e-08,2.400735782374119e-08,2.3875987799637792e-08,2.3745801745275553e-08,2.3616784326320118e-08,2.348892046936608e-08,2.3362195355506055e-08,2.3236594415474893e-08,2.3112103324440918e-08,2.2988707996930218e-08,2.286639458179045e-08,2.2745149457383783e-08,2.262495922715711e-08,2.2505810714957878e-08,2.238769095981905e-08,2.2270587212930536e-08,2.215448693250164e-08,2.203937777973172e-08,2.1925247614944916e-08,2.1812084493194496e-08,2.1699876661316092e-08,2.158861255294913e-08,2.147828078575416e-08,2.1368870156827183e-08,2.1260369641091403e-08,2.115276838605924e-08,2.10460557084257e-08,2.0940221091708792e-08,2.083525418339268e-08,2.07311447905375e-08,2.0627882876746367e-08,2.052545856074593e-08,2.0423862111938578e-08,2.0323083947949507e-08,2.0223114632253524e-08,2.0123944871097584e-08,2.002556551069529e-08,1.992796753447932e-08,1.983114206114579e-08,1.973508034183624e-08,1.9639773757724923e-08,1.954521381755118e-08,1.9451392155292452e-08,1.9358300527959415e-08,1.9265930813326826e-08,1.9174275007610212e-08,1.908332522343175e-08,1.8993073688167428e-08,1.8903512740915904e-08,1.8814634831427056e-08,1.8726432517514447e-08,1.863889846356391e-08,1.8552025438114614e-08,1.8465806312698084e-08,1.8380234059576077e-08,1.8295301750140712e-08,1.8211002553056906e-08,1.812732973270727e-08,1.8044276647358388e-08,1.7961836747818747e-08,1.7880003575554526e-08,1.779877076128571e-08,1.7718132023561048e-08,1.76380811669778e-08,1.755861208076707e-08,1.7479718737880537e-08,1.740139519259534e-08,1.732363558045816e-08,1.7246434115011792e-08,1.716978508864649e-08,1.709368286996206e-08,1.701812190293188e-08,1.6943096705460015e-08,1.6868601868259274e-08,1.6794632053640804e-08,1.6721181994341906e-08,1.6648246492378277e-08,1.657582041796304e-08,1.6503898708649638e-08,1.6432476366962923e-08,1.6361548461407853e-08,1.629111012364903e-08,1.622115654855921e-08,1.6151682992701325e-08,1.608268477342843e-08,1.6014157267958993e-08,1.594609591229728e-08,1.5878496200994725e-08,1.5811353685104344e-08,1.5744663971956534e-08,1.5678422724259626e-08,1.5612625659160466e-08,1.5547268547368175e-08,1.548234721244314e-08,1.541785752961987e-08,1.5353795425482103e-08,1.529015687705245e-08,1.5226937910739712e-08,1.5164134601895864e-08,1.510174307391086e-08,1.503975949749494e-08,1.497818009010242e-08,1.491700111493657e-08,1.4856218880603696e-08,1.479582974005861e-08,1.4735830090569353e-08,1.4676216372183004e-08,1.4616985067834704e-08,1.4558132702184461e-08,1.449965584136805e-08,1.4441551092464208e-08,1.43838151023611e-08,1.432644455780615e-08,1.4269436183836398e-08,1.4212786744696022e-08,1.4156493042043934e-08,1.4100551914885745e-08,1.4044960239097583e-08,1.3989714926677187e-08,1.3934812925350949e-08,1.3880251218052257e-08,1.382602682245099e-08,1.3772136789995034e-08,1.3718578206733923e-08,1.3665348190895247e-08,1.3612443894135212e-08,1.3559862500472429e-08,1.3507601225373348e-08,1.3455657315876633e-08,1.3404028050033394e-08,1.3352710736241588e-08,1.3301702713005817e-08,1.3251001349045852e-08,1.320060404175268e-08,1.3150508217547115e-08,1.3100711331331595e-08,1.3051210866260337e-08,1.300200433297603e-08,1.2953089269481508e-08,1.290446324080574e-08,1.2856123838535087e-08,1.2808068680446393e-08,1.2760295410223618e-08,1.2712801696940347e-08,1.2665585235166648e-08,1.261864374416512e-08,1.2571974967536515e-08,1.2525576673248325e-08,1.2479446653034232e-08,1.2433582722267537e-08,1.2387982719488702e-08,1.2342644506223107e-08,1.2297565966582118e-08,1.2252745007019647e-08,1.2208179556056659e-08,1.2163867563894734e-08,1.2119807002292665e-08,1.2075995864124135e-08,1.2032432163269657e-08,1.1989113934167736e-08,1.1946039231679756e-08,1.1903206130777814e-08,1.1860612726295999e-08,1.1818257132702947e-08,1.1776137483737654e-08,1.1734251932336868e-08,1.1692598650164278e-08,1.1651175827874557e-08,1.1609981674104363e-08,1.1569014415910391e-08,1.1528272298034789e-08,1.148775358319723e-08,1.1447456551517745e-08,1.1407379500332834e-08,1.1367520743976519e-08,1.1327878613779148e-08,1.1288451457625837e-08,1.1249237639861182e-08,1.1210235541055056e-08,1.1171443558109557e-08,1.1132860102825046e-08,1.1094483603498015e-08,1.10563125036783e-08,1.1018345262129072e-08,1.0980580352705857e-08,1.0943016264112337e-08,1.0905651499799324e-08,1.086848457773737e-08,1.0831514030253732e-08,1.079473840389961e-08,1.0758156259163807e-08,1.0721766170468563e-08,1.0685566725732222e-08,1.0649556526821777e-08,1.0613734188436602e-08,1.0578098338978334e-08,1.0542647619544834e-08,1.0507380684280858e-08,1.0472296199939324e-08,1.043739284592528e-08,1.0402669314261973e-08,1.0368124309074342e-08,1.0333756546702464e-08,1.0299564755727972e-08,1.0265547675930454e-08,1.0231704059555825e-08,1.0198032670345668e-08,1.0164532282925738e-08,1.0131201683899599e-08,1.0098039670889908e-08,1.0065045052577306e-08,1.0032216648594444e-08,9.999553289378948e-09,9.96705381615741e-09,9.934717080603817e-09,9.902541945056752e-09,9.870527282050635e-09,9.838671974371262e-09,9.806974914908682e-09,9.775435006656054e-09,9.74405116240235e-09,9.712822304742326e-09,9.68174736593854e-09,9.650825287838525e-09,9.620055021747796e-09,9.589435528287703e-09,9.558965777305538e-09,9.528644747925367e-09,9.49847142824249e-09,9.468444815285365e-09,9.438563914933655e-09,9.40882774189254e-09,9.379235319404575e-09,9.349785679389826e-09,9.320477862195753e-09,9.291310916513652e-09,9.262283899398832e-09,9.233395876087847e-09,9.204645919888415e-09,9.176033112172386e-09,9.147556542204331e-09,9.119215307399583e-09,9.091008512246147e-09,9.062935269515914e-09,9.03499469945363e-09,9.007185929914883e-09,8.97950809589451e-09,8.951960340024666e-09,8.924541812187605e-09,8.897251669294284e-09,8.87008907580995e-09,8.843053202865652e-09,8.816143228714879e-09,8.789358338520436e-09,8.76269772429212e-09,8.736160584846557e-09,8.709746125636542e-09,8.683453558787931e-09,8.657282102996184e-09,8.631230983462213e-09,8.605299431800288e-09,8.57948668596767e-09,8.553791990254213e-09,8.52821459519937e-09,8.502753757475883e-09,8.477408739892975e-09,8.452178811277618e-09,8.427063246527259e-09,8.402061326259712e-09,8.377172337213764e-09,8.35239557175745e-09,8.327730328093269e-09,8.303175910064834e-09,8.278731627185034e-09,8.254396794522585e-09,8.230170732693372e-09,8.206052767750178e-09,8.182042231124142e-09,8.158138459661633e-09,8.134340795595723e-09,8.110648586255158e-09,8.08706118423406e-09,8.063577947265396e-09,8.040198238188181e-09,8.016921424890784e-09,7.99374688022813e-09,7.970673982081136e-09,7.94770211318159e-09,7.924830661126077e-09,7.902059018320615e-09,7.879386581923597e-09,7.856812753840839e-09,7.834336940579966e-09,7.811958553311634e-09,7.789677007857778e-09,7.767491724470015e-09,7.745402127913716e-09,7.723407647431258e-09,7.70150771666448e-09,7.679701773662578e-09,7.657989260533075e-09,7.636369624231419e-09,7.614842315319011e-09,7.593406789059889e-09,7.572062504567114e-09,7.550808925190773e-09,7.529645518426126e-09,7.508571755648545e-09,7.487587112307739e-09,7.466691067917425e-09,7.445883105829135e-09,7.425162713350747e-09,7.404529381573e-09,7.383982605492775e-09,7.363521883853181e-09,7.343146719095262e-09,7.322856617428571e-09,7.302651088869147e-09,7.282529646977879e-09,7.26249180883024e-09,7.242537095228114e-09,7.222665030470353e-09,7.202875142416215e-09,7.183166962334428e-09,7.163540025063131e-09,7.1439938687234845e-09,7.124528034910315e-09,7.105142068573222e-09,7.0858355180305135e-09,7.066607934779542e-09,7.0474588737392275e-09,7.028387892994913e-09,7.0093945538193776e-09,6.990478420697128e-09,6.97163906128447e-09,6.952876046383196e-09,6.934188949787628e-09,6.915577348570833e-09,6.897040822650074e-09,6.878578955029633e-09,6.860191331699901e-09,6.841877541619063e-09,6.823637176689613e-09,6.805469831733059e-09,6.787375104435405e-09,6.769352595358201e-09,6.7514019078905795e-09,6.733522648258476e-09,6.715714425437613e-09,6.6979768511423785e-09,6.680309539911175e-09,6.662712108958865e-09,6.645184178208432e-09,6.627725370200993e-09,6.610335310139438e-09,6.593013625866691e-09,6.575759947807904e-09,6.558573908974002e-09,6.541455144904844e-09,6.5244032937171775e-09,6.507417996054144e-09,6.490498894967157e-09,6.4736456360782775e-09,6.456857867270367e-09,6.440135239169653e-09,6.423477404442331e-09,6.4068840185363236e-09,6.390354738875829e-09,6.373889225553087e-09,6.357487140583593e-09,6.3411481487242646e-09,6.324871916760747e-09,6.3086581138936596e-09,6.292506411476803e-09,6.27641648305539e-09,6.2603880045287625e-09,6.244420653876031e-09,6.228514111266208e-09,6.212668059037948e-09,6.196882181689283e-09,6.181156165817952e-09,6.165489700183466e-09,6.14988247542965e-09,6.134334184467955e-09,6.11884452221067e-09,6.103413185606919e-09,6.088039873620595e-09,6.072724287194422e-09,6.057466129423321e-09,6.0422651049374325e-09,6.027120920710382e-09,6.012033285606656e-09,5.997001910312815e-09,5.982026507477606e-09,5.967106791608362e-09,5.952242479218381e-09,5.9374332882777775e-09,5.9226789389761885e-09,5.907979153362616e-09,5.893333655091624e-09,5.878742169676879e-09,5.864204424554087e-09,5.8497201487343495e-09,5.835289073098478e-09,5.820910930243084e-09,5.806585454518215e-09,5.792312381910059e-09,5.778091450192665e-09,5.763922398799756e-09,5.749804968849777e-09,5.735738903129124e-09,5.721723945996956e-09,5.707759843560063e-09,5.693846343450526e-09,5.67998319493777e-09,5.666170149014441e-09,5.652406958081139e-09,5.638693376221665e-09,5.6250291589654336e-09,5.611414063478303e-09,5.597847848508355e-09,5.58433027420914e-09,5.570861102349454e-09,5.557440096047759e-09,5.544067020132191e-09,5.530741640783108e-09,5.517463725642398e-09,5.50423304378592e-09,5.491049365735575e-09,5.477912463579503e-09,5.464822110694045e-09,5.451778081920579e-09,5.438780153407174e-09,5.425828102733094e-09,5.4129217088963276e-09,5.400060752334983e-09,5.38724501474376e-09,5.3744742791346665e-09,5.361748329917447e-09,5.349066952779306e-09,5.336429934888959e-09,5.323837064429398e-09,5.31128813110575e-09,5.298782925853977e-09,5.286321240855293e-09,5.273902869589483e-09,5.2615276068108184e-09,5.249195248412644e-09,5.2369055917775415e-09,5.224658435276354e-09,5.21245357855219e-09,5.200290822522489e-09,5.188169969227828e-09,5.1760908219919005e-09,5.164053185300376e-09,5.152056864763984e-09,5.1401016672037605e-09,5.128187400581318e-09,5.116313874070233e-09,5.104480897853671e-09,5.0926882833361e-09,5.080935843128366e-09,5.069223390710918e-09,5.0575507410067315e-09,5.0459177097586885e-09,5.034324113898318e-09,5.0227697715359375e-09,5.011254501725393e-09,4.999778124649906e-09,4.988340461534935e-09,4.976941334609657e-09,4.96558056729377e-09,4.954257983994633e-09,4.9429734100646405e-09,4.931726671931022e-09,4.920517597038529e-09,4.90934601383802e-09,4.898211751800172e-09,4.887114641350259e-09,4.876054513930093e-09,4.865031201953647e-09,4.854044538844042e-09,4.843094358935894e-09,4.832180497530516e-09,4.821302790847359e-09,4.810461076225215e-09,4.799655191810124e-09,4.788884976578964e-09,4.778150270621639e-09,4.767450914830191e-09,4.756786751070256e-09,4.746157622099963e-09,4.735563371577434e-09,4.7250038439771645e-09,4.714478884813769e-09,4.703988340530824e-09,4.693532058011104e-09,4.683109885475241e-09,4.6727216718249765e-09,4.662367266860556e-09,4.652046521177856e-09,4.641759286237757e-09,4.6315054144231125e-09,4.621284758825257e-09,4.611097173458589e-09,4.600942513089193e-09,4.5908206333436565e-09,4.580731390640934e-09,4.570674642213235e-09,4.560650246087698e-09,4.550658061079076e-09,4.540697946799261e-09,4.530769763641933e-09,4.5208733727823e-09,4.511008636167346e-09,4.501175416495797e-09,4.491373577241929e-09,4.48160298264077e-09,4.471863497676828e-09,4.462154988053418e-09,4.452477320260238e-09,4.442830361588e-09,4.4332139798092015e-09,4.423628043659226e-09,4.414072422499853e-09,4.4045469864044825e-09,4.395051606313816e-09,4.385586153668586e-09,4.376150500714528e-09,4.36674452034392e-09,4.357368086187894e-09,4.348021072543906e-09,4.338703354396082e-09,4.329414807440098e-09,4.3201553079655225e-09,4.310924732946469e-09,4.301722960162585e-09,4.292549867877387e-09,4.283405335100489e-09,4.274289241520833e-09,4.265201467417163e-09,4.256141893697917e-09,4.24711040196087e-09,4.23810687441577e-09,4.229131193907239e-09,4.220183243909689e-09,4.211262908515746e-09,4.202370072445569e-09,4.193504621024732e-09,4.184666440184315e-09,4.175855416497475e-09,4.167071437112331e-09,4.1583143897622635e-09,4.14958416272748e-09,4.140880645075578e-09,4.132203726273491e-09,4.123553296428169e-09,4.1149292461717094e-09,4.106331466852783e-09,4.0977598502815194e-09,4.089214288844089e-09,4.080694675533152e-09,4.0722009038581684e-09,4.063732867900618e-09,4.055290462342791e-09,4.046873582361404e-09,4.038482123710483e-09,4.030115982632811e-09,4.021800653791066e-09,4.013484761853455e-09,4.005193879915094e-09,3.996927906389764e-09,3.988686740227548e-09,3.980470280896386e-09,3.972278428421067e-09,3.964111083263808e-09,3.955968146445419e-09,3.947849519510854e-09,3.939755104557402e-09,3.931684804086873e-09,3.9236385211386426e-09,3.915616159260069e-09,3.907617622483216e-09,3.899642815336417e-09,3.891691642830857e-09,3.883764010468401e-09,3.875859824338228e-09,3.8679789906706065e-09,3.86012141654946e-09,3.852287009364833e-09,3.844475676996964e-09,3.8366873277917436e-09,3.82892187056148e-09,3.821179214578357e-09,3.813459269569996e-09,3.805761945728991e-09,3.798087153692375e-09,3.790434804555627e-09,3.782804809850277e-09,3.775197081576163e-09,3.767611532095031e-09,3.760048074347313e-09,3.752506621604011e-09,3.7449870875929904e-09,3.737489386480566e-09,3.730013432860677e-09,3.7225591417508757e-09,3.7151264285379357e-09,3.7077152091917764e-09,3.700325399966184e-09,3.6929569175082577e-09,3.685609678959147e-09,3.678283601815935e-09,3.6709786040232787e-09,3.6636946039151778e-09,3.656431520219032e-09,3.6491892720750646e-09,3.6419677789705394e-09,3.6347669609361165e-09,3.627586738243223e-09,3.6204270316255008e-09,3.613287762155558e-09,3.6061688513472156e-09,3.599070221066379e-09,3.59199179358567e-09,3.5849334915169462e-09,3.577895237882605e-09,3.570876956037302e-09,3.5638785698616776e-09,3.556900003353511e-09,3.5499411810725192e-09,3.5430020278689507e-09,3.5360824689942635e-09,3.5291824299996396e-09,3.5223018368882814e-09,3.5154406159400944e-09,3.508598693836008e-09,3.5017759976016037e-09,3.4949724545762745e-09,3.488187992534959e-09,3.481422539472742e-09,3.4746760238224226e-09,3.4679483743943633e-09,3.4612395201936375e-09,3.454549390703124e-09,3.4478779156642788e-09,3.441225025234099e-09,3.4345906498270936e-09,3.427974720183149e-09,3.421377167474246e-09,3.414797923062085e-09,3.4082369187447755e-09,3.4016940865704776e-09,3.3951693589562217e-09,3.3886626686825985e-09,3.3821739486537443e-09,3.375703132296692e-09,3.369250153294912e-09,3.3628149456086613e-09,3.3563974435000157e-09,3.349997581603588e-09,3.343615294819628e-09,3.3372505183970022e-09,3.330903187772651e-09,3.324573238856221e-09,3.3182606077156164e-09,3.3119652307723792e-09,3.305687044738745e-09,3.299425986624897e-09,3.2931819937310755e-09,3.2869550036554373e-09,3.280744954281247e-09,3.2745517837780313e-09,3.26837543061635e-09,3.2622158335280632e-09,3.2560729315438788e-09,3.249946663982486e-09,3.2438369704187616e-09,3.2377437907367087e-09,3.2316670650582988e-09,3.2256067338506193e-09,3.2195627377800257e-09,3.213535017820978e-09,3.2075235152203565e-09,3.2015281714768666e-09,3.1955489283692893e-09,3.1895857279540864e-09,3.1836385125251725e-09,3.1777072246607746e-09,3.1717918072023286e-09,3.1658922032380655e-09,3.160008356157205e-09,3.1541402095070776e-09,3.1482877071908136e-09,3.1424507933227585e-09,3.1366294122942464e-09,3.1308235087279313e-09,3.1250330275049325e-09,3.119257913753804e-09,3.1134981128883117e-09,3.1077535704533944e-09,3.1020242323643e-09,3.0963100447352238e-09,3.0906109539096078e-09,3.084926906489225e-09,3.079257849314246e-09,3.073603729446241e-09,3.0679644942076595e-09,3.0623400911247975e-09,3.0567304680182927e-09,3.0511355729127728e-09,3.045555353999492e-09,3.0399897597833475e-09,3.0344387389629586e-09,3.0289022405074176e-09,3.023380213552993e-09,3.017872607498859e-09,3.012379371949965e-09,3.006900456730276e-09,3.0014358119358926e-09,2.995985387838151e-09,2.9905491349269858e-09,2.985127003912588e-09,2.979718945748375e-09,2.9743249116484066e-09,2.968944852839781e-09,2.9686035407099537e-09,2.9682632203556187e-09,2.9679308170793655e-09,2.9676075918894944e-09,2.96729429805072e-09,2.966991584932202e-09,2.966700027813124e-09,2.9664201305053033e-09,2.966152326875534e-09,2.965896983102866e-09,2.965654400673752e-09,2.965424819978287e-09,2.9652084243652243e-09,2.965005344517959e-09,2.964815663026283e-09,2.964639419042173e-09,2.964476612922073e-09,2.964327210774101e-09,2.9641911488441014e-09,2.9640683376885527e-09,2.9639586660961792e-09,2.9638620047318316e-09,2.9637782094868696e-09,2.963707124530071e-09,2.9636485850572943e-09,2.9636024197493275e-09,2.9635684529471273e-09,2.963546506558544e-09,2.9635364017149203e-09,2.963537960194583e-09,2.9635510056330963e-09,2.9635753645384445e-09,2.9636108671310827e-09,2.9636573480282554e-09,2.963714646786914e-09,2.9637826083250615e-09,2.963861083234116e-09,2.9639499279998634e-09,2.964049005140454e-09,2.9641581832763706e-09,2.9642773371422905e-09,2.9644063475490045e-09,2.9645451013046112e-09,2.9646934911029027e-09,2.9648514153835475e-09,2.9650187781719934e-09,2.965195488901847e-09,2.965381462225662e-09,2.96557661781636e-09,2.9657808801632324e-09,2.965994178365239e-09,2.9662164459224395e-09,2.9664476205301053e-09,2.9666876438720383e-09,2.9669364614218284e-09,2.9671940222458277e-09,2.9674602788107323e-09,2.967735186800333e-09,2.968018704936521e-09,2.9683107948076635e-09,2.9686114207023353e-09,2.96892054945288e-09,2.969238150284636e-09,2.9695641946708913e-09,2.9698986561975674e-09,2.9702415104319125e-09,2.970592734800708e-09,2.97095230847159e-09,2.971320212243967e-09,2.9716964284444017e-09,2.9720809408276037e-09,2.9724737344840812e-09,2.972874795751444e-09,2.973284112133195e-09,2.973701672218974e-09,2.9741274656147546e-09,2.974561482871659e-09,2.9750037154224973e-09,2.9754541555218233e-09,2.9759127961883062e-09,2.97637963115287e-09,2.976854654807796e-09,2.9773378621596536e-09,2.977829248788276e-09,2.978328810803767e-09,2.9788365448093004e-09,2.9793524478656404e-09,2.9798765174551483e-09,2.9804087514549744e-09,2.9809491481058183e-09,2.9814977059836213e-09,2.982054423976565e-09,2.982619301260469e-09,2.9831923372765417e-09,2.983773531711485e-09,2.984362884476061e-09,2.9849603956907845e-09,2.9855660656673373e-09,2.9861798948932546e-09,2.986801884017927e-09,2.9874320338380457e-09,2.988070345287351e-09,2.9887168194224723e-09,2.9893714574134603e-09,2.99003426053421e-09,2.9907052301519026e-09,2.991384367719211e-09,2.992071674765603e-09,2.99276715289059e-09,2.9934708037555665e-09,2.994182629080254e-09,2.9949026306317807e-09,2.995630810223578e-09,2.996367169705569e-09,2.99711171096712e-09,2.997864435929009e-09,2.9986253465329057e-09,2.9993944447433992e-09,3.0001717325447505e-09,3.000957211933044e-09,3.0017508849308655e-09,3.0025527535532637e-09,3.003362819830214e-09,3.004181085795364e-09,3.0050075534825625e-09,3.005842224933788e-09,3.006685102183162e-09,3.0075361872545118e-09,3.0083954821791525e-09,3.0092629889794997e-09,3.0101387096664857e-09,3.0110226462422424e-09,3.01191480070037e-09,3.0128151750173258e-09,3.013723771167338e-09,3.0146405911039476e-09,3.015565636769642e-09,3.0164989100890745e-09,3.01744041297622e-09,3.018390147321097e-09,3.0193481150007845e-09,3.020314317883339e-09,3.021288757803624e-09,3.0222714365869837e-09,3.0232623560400485e-09,3.0242615179476704e-09,3.025268924075367e-09,3.026284576170652e-09,3.0273084759610266e-09,3.028340625151035e-09,3.0293810254262198e-09,3.030429678450012e-09,3.031486585868174e-09,3.0325517492994835e-09,3.0336251703490448e-09,3.0347068505956614e-09,3.0357967915969125e-09,3.036894994892208e-09,3.0380014619938506e-09,3.039116194387078e-09,3.040239193548742e-09,3.0413704609283793e-09,3.0425099979509633e-09,3.0436578060253684e-09,3.044813886530038e-09,3.0459782408267024e-09,3.0471508702555915e-09,3.0483317761314736e-09,3.049520959749984e-09,3.050718422383468e-09,3.0519241652825386e-09,3.0531381896759773e-09,3.0543604967663367e-09,3.0555910877448876e-09,3.056829963770628e-09,3.058077125984315e-09,3.059332575503489e-09,3.0605963134280874e-09,3.061868340829946e-09,3.0631486587648183e-09,3.0644372682622894e-09,3.065734170331972e-09,3.0670393659668473e-09,3.0683528561265725e-09,3.0696746417566063e-09,3.0710047237856866e-09,3.072343103114064e-09,3.0736897806226207e-09,3.0750447571712858e-09,3.0764080335983133e-09,3.077779610721847e-09,3.0791594893367984e-09,3.0805476702215614e-09,3.081944154124562e-09,3.0833489417820758e-09,3.0847620339065368e-09,3.0861834311893087e-09,3.0876131343002787e-09,3.0890511438917912e-09,3.0904974605922533e-09,3.0919520850103968e-09,3.0934150177238533e-09,3.09488625932305e-09,3.0963658103451166e-09,3.097853671316628e-09,3.099349842745823e-09,3.1008543251191382e-09,3.1023671189002753e-09,3.1038882245393832e-09,3.1054176424627608e-09,3.1069553730777774e-09,3.1085014167776673e-09,3.110055773924833e-09,3.111618444866815e-09,3.1131894299319104e-09,3.11476872942855e-09,3.116356343645804e-09,3.1179522728534223e-09,3.119556517302622e-09,3.121169077234124e-09,3.1227899528375985e-09,3.124419144315079e-09,3.126056651841427e-09,3.127702475572031e-09,3.129356615641163e-09,3.131019072165787e-09,3.1326898452433986e-09,3.1343689349518735e-09,3.136056341351413e-09,3.1377520644827956e-09,3.1394561043714872e-09,3.141168461016755e-09,3.142889134405266e-09,3.1446181245036346e-09,3.1463554312642893e-09,3.148101054614316e-09,3.1498549944667273e-09,3.1516172507151897e-09,3.153387823235167e-09,3.1551667118857865e-09,3.1569539165056355e-09,3.158749436912927e-09,3.160553272919141e-09,3.162365424306085e-09,3.1641858908428624e-09,3.1660146722795537e-09,3.1678517683474948e-09,3.1696971787667152e-09,3.171550903233646e-09,3.1734129414224723e-09,3.1752832929998844e-09,3.1771619576141066e-09,3.179048934888616e-09,3.1809442244365743e-09,3.1828478258573725e-09,3.1847597387217695e-09,3.186679962585383e-09,3.1886084969922333e-09,3.190545341476865e-09,3.1924904955409147e-09,3.194443958670449e-09,3.1964057303469054e-09,3.1983758100289993e-09,3.200354197148678e-09,3.202340891146777e-09,3.204335891424675e-09,3.2063391973735395e-09,3.208350808370591e-09,3.210370723752294e-09,3.212398942898235e-09,3.2144354651244012e-09,3.21648028974733e-09,3.2185334160362526e-09,3.2205948432849154e-09,3.222664570752634e-09,3.2247425976783098e-09,3.2268289233024014e-09,3.2289235468358802e-09,3.2310264674755713e-09,3.2331376844066027e-09,3.235257196791715e-09,3.237385003779274e-09,3.2395211045053756e-09,3.2416654981009267e-09,3.243818183655928e-09,3.24597916027224e-09,3.2481484270067614e-09,3.2503259829241097e-09,3.2525118270680853e-09,3.2547059584655825e-09,3.2569083761324855e-09,3.259119079056635e-09,3.261338066223794e-09,3.263565336600628e-09,3.2658008891387495e-09,3.2680447227727753e-09,3.2702968364277086e-09,3.272557229009149e-09,3.2748258994078904e-09,3.277102846503486e-09,3.279388069151898e-09,3.281681566209471e-09,3.2839833365137684e-09,3.2862933788630258e-09,3.2886116920786016e-09,3.2909382749386245e-09,3.29327312622436e-09,3.2956162447000585e-09,3.2979676291047266e-09,3.30032727817049e-09,3.3026951906174056e-09,3.305071365150192e-09,3.3074558004578196e-09,3.30984849521576e-09,3.3122494480907123e-09,3.314658657716644e-09,3.317076122742477e-09,3.319501841776216e-09,3.321935813428162e-09,3.3243780362902314e-09,3.326828508940967e-09,3.32928722994335e-09,3.3317541978526022e-09,3.3342294111979784e-09,3.3367128685066936e-09,3.3392045683179035e-09,3.341704509058574e-09,3.3442126892659282e-09,3.3467291073965624e-09,3.349253761907431e-09,3.3517866512395085e-09,3.354327773825702e-09,3.3568771280708973e-09,3.359434712399639e-09,3.3620005251914534e-09,3.3645745648239003e-09,3.367156829661631e-09,3.3697473180517662e-09,3.372346028341454e-09,3.374952958850498e-09,3.377568107892154e-09,3.380191473766783e-09,3.3828230547801087e-09,3.385462849161202e-09,3.38811085520061e-09,3.390767071148931e-09,3.3934314952655925e-09,3.396104125728332e-09,3.3987849607597314e-09,3.401473998604967e-09,3.4041712373739513e-09,3.406876675281036e-09,3.4095903104857026e-09,3.4123121411405024e-09,3.415042165378655e-09,3.417780381329571e-09,3.4205267871005297e-09,3.423281380800874e-09,3.4260441605090534e-09,3.428815124305386e-09,3.431594270258027e-09,3.4343815964120114e-09,3.4371771008184413e-09,3.4399807815025278e-09,3.442792636480201e-09,3.4456126637571142e-09,3.4484408613282786e-09,3.451277227175486e-09,3.4541217592684105e-09,3.4569744555647716e-09,3.459835314012387e-09,3.4627043325455107e-09,3.4655815090906165e-09,3.4684668415590664e-09,3.4713603278470965e-09,3.4742619658548712e-09,3.4771717534548564e-09,3.4800896885152093e-09,3.4830157688909996e-09,3.4859499924397366e-09,3.4888923569848825e-09,3.4918428603328977e-09,3.494801500305643e-09,3.497768274709565e-09,3.5007431813293964e-09,3.5037262179448003e-09,3.5067173823286362e-09,3.5097166722397905e-09,3.512724085396202e-09,3.5157396195473805e-09,3.518763272443523e-09,3.5217950417746294e-09,3.5248349252233516e-09,3.527882920502547e-09,3.53093902529027e-09,3.5340032372586225e-09,3.5370755540584593e-09,3.540155973355098e-09,3.543244492778957e-09,3.546341109964069e-09,3.549445822520109e-09,3.552558628054271e-09,3.555679524160439e-09,3.5588085084385082e-09,3.56194557844743e-09,3.565090731773032e-09,3.5682439659884087e-09,3.5714052785879173e-09,3.5745746671287803e-09,3.577752129134019e-09,3.580937662136993e-09,3.584131263631291e-09,3.587332931113495e-09,3.5905426620680195e-09,3.5937604539725063e-09,3.596986304293052e-09,3.6002202104833854e-09,3.603462169992328e-09,3.60671218025506e-09,3.609970238696898e-09,3.6132363427349727e-09,3.616510489777478e-09,3.6197926772151913e-09,3.6230829024514498e-09,3.62638116285495e-09,3.6296874557887002e-09,3.6330017786246574e-09,3.6363241287081115e-09,3.639654503364223e-09,3.642992899955676e-09,3.6463393157876037e-09,3.649693748167178e-09,3.6530561944065226e-09,3.656426651797735e-09,3.6598051176224147e-09,3.6631915891562066e-09,3.666586063667993e-09,3.6699885384152962e-09,3.673399010644975e-09,3.6768174776219563e-09,3.680243936524298e-09,3.6836783845991164e-09,3.6871208190596006e-09,3.6905712371035755e-09,3.6940296359281074e-09,3.6974960127246617e-09,3.700970364663564e-09,3.7044526889157674e-09,3.7079429826405474e-09,3.7114412429852786e-09,3.7149474671349454e-09,3.7184616521366573e-09,3.7219837951566912e-09,3.725513893319668e-09,3.7290519437219695e-09,3.732597943465675e-09,3.736151889639233e-09,3.739713779328411e-09,3.743283609534179e-09,3.746861377460935e-09,3.750447080096974e-09,3.7540407144865495e-09,3.757642277674929e-09,3.761251766686167e-09,3.764869178503887e-09,3.7684945102305225e-09,3.772127758828949e-09,3.7757689212961455e-09,3.779417994619702e-09,3.783074975790134e-09,3.786739861777611e-09,3.790412649546655e-09,3.794093336056532e-09,3.797781918260321e-09,3.8014783930979685e-09,3.8051827575084925e-09,3.8088950084082066e-09,3.812615142720038e-09,3.816343157357192e-09,3.8200790492218365e-09,3.823822815198059e-09,3.8275744521944345e-09,3.831333957089277e-09,3.8351013267399865e-09,3.838876558039314e-09,3.842659647794941e-09,3.846450592883618e-09,3.850249390143204e-09,3.854056036403066e-09,3.857870528510949e-09,3.8616928632632445e-09,3.865523037500128e-09,3.869361047990559e-09,3.873206891541265e-09,3.877060564946345e-09,3.880922064987952e-09,3.88479138845511e-09,3.888668532119437e-09,3.89255349268892e-09,3.896446266950021e-09,3.900346851649948e-09,3.904255243522994e-09,3.908171439301262e-09,3.912095435680007e-09,3.9160272294422925e-09,3.919966817255982e-09,3.92391419583734e-09,3.927869361875562e-09,3.931832312077408e-09,3.9358030431008105e-09,3.9397815516185814e-09,3.9437678343162594e-09,3.9477618878520315e-09,3.951763708880387e-09,3.955773294046535e-09,3.959790639987193e-09,3.963815743341003e-09,3.967848600743455e-09,3.971889208816526e-09,3.975937564153234e-09,3.979993663386781e-09,3.984057503074305e-09,3.988129079838155e-09,3.992208390289999e-09,3.996295430990059e-09,4.000390198512897e-09,4.004492689439717e-09,4.008602900317919e-09,4.012720827693363e-09,4.016846468137872e-09,4.020979818168833e-09,4.025120874335369e-09,4.02926963318032e-09,4.033426091208568e-09,4.037590244935619e-09,4.0417620908785886e-09,4.045941625543892e-09,4.050128845429284e-09,4.054323747027992e-09,4.058526326823828e-09,4.062736581300309e-09,4.06695450692981e-09,4.071180100174167e-09,4.075413357509235e-09,4.079654275375192e-09,4.083902850208779e-09,4.088159078444738e-09,4.092422956592117e-09,4.096694481042521e-09,4.10097364821937e-09,4.1052604545411005e-09,4.109554896413509e-09,4.113856970264213e-09,4.118166672485463e-09,4.122483999474046e-09,4.126808947604312e-09,4.131141513296841e-09,4.1354816929108545e-09,4.139829482822434e-09,4.144184879396123e-09,4.148547878999663e-09,4.152918477973579e-09,4.157296672701123e-09,4.161682459495174e-09,4.1660758347094846e-09,4.170476794703859e-09,4.174885335758176e-09,4.179301454238107e-09,4.183725146425427e-09,4.188156408652061e-09,4.1925952372242425e-09,4.1970416284446695e-09,4.201495578616861e-09,4.2059570839973235e-09,4.210426140924142e-09,4.21490274565126e-09,4.2193868944748724e-09,4.2238785836200625e-09,4.228377809358662e-09,4.2328845679864495e-09,4.2373988557280826e-09,4.241920668871396e-09,4.2464500036361776e-09,4.250986856212169e-09,4.25553122294856e-09,4.260083099974354e-09,4.264642483542604e-09,4.2692093698942155e-09,4.273783755204921e-09,4.278365635699406e-09,4.282955007584229e-09,4.287551867007407e-09,4.292156210260597e-09,4.2967680334858975e-09,4.301387332866043e-09,4.306014104577451e-09,4.310648344800905e-09,4.315290049714481e-09,4.319939215454559e-09,4.324595838199157e-09,4.329259914102434e-09,4.333931439315279e-09,4.3386104099768494e-09,4.343296822240436e-09,4.347990672237294e-09,4.352691956097157e-09,4.3574006699588475e-09,4.362116809927743e-09,4.3668403721239214e-09,4.371571352672515e-09,4.376309747677256e-09,4.381055553250193e-09,4.385808765491043e-09,4.390569380486286e-09,4.3953373943232926e-09,4.40011280308641e-09,4.404895602863189e-09,4.409685789694828e-09,4.414483359732245e-09,4.419288309002013e-09,4.4241006335796164e-09,4.428920329519634e-09,4.433747392869529e-09,4.438581819691382e-09,4.443423606032934e-09,4.448272747946714e-09,4.453129241451879e-09,4.457993082600024e-09,4.462864267419642e-09,4.467742791923637e-09,4.472628652154958e-09,4.477521844121852e-09,4.4824223638391145e-09,4.487330207317132e-09,4.492245370561576e-09,4.497167849576585e-09,4.502097640355957e-09,4.507034738900605e-09,4.511979141198378e-09,4.5169308432260834e-09,4.521889840984585e-09,4.5268561304433115e-09,4.531829707577287e-09,4.5368105683576635e-09,4.541798708751195e-09,4.546794124720397e-09,4.551796812225655e-09,4.556806767222131e-09,4.5618239856605394e-09,4.566848463489659e-09,4.571880196643522e-09,4.57691918108345e-09,4.581965412736157e-09,4.587018887534268e-09,4.592079601407167e-09,4.597147550281087e-09,4.6022227300787424e-09,4.607305136717444e-09,4.612394766111554e-09,4.617491614178989e-09,4.622595676818465e-09,4.62770694993815e-09,4.632825429436788e-09,4.637951111222278e-09,4.643083991166535e-09,4.648224065189195e-09,4.653371329152623e-09,4.658525778948901e-09,4.663687410459371e-09,4.668856219568924e-09,4.674032202131792e-09,4.6792153540266805e-09,4.684405671121749e-09,4.689603149278873e-09,4.6948077843585225e-09,4.7000195722184165e-09,4.7052385087106235e-09,4.710464589686559e-09,4.715697810989249e-09,4.720938168468237e-09,4.726185657961623e-09,4.731440275307579e-09,4.736702016338218e-09,4.741970876882791e-09,4.747246852778533e-09,4.752529939838404e-09,4.7578201338952915e-09,4.76311743075548e-09,4.768421826238968e-09,4.773733316168358e-09,4.779051896338121e-09,4.784377562561196e-09,4.789710310598756e-09,4.795050136334528e-09,4.8003970355247495e-09,4.805751003964916e-09,4.811112037480877e-09,4.816480131788614e-09,4.821855282664996e-09,4.827237485987077e-09,4.832626737488284e-09,4.838023032946309e-09,4.843426368107834e-09,4.8488367387618615e-09,4.8542541407421035e-09,4.859678569784886e-09,4.865110021576679e-09,4.8705484919025464e-09,4.8759939765706e-09,4.881446471310539e-09,4.886905971873241e-09,4.892372474013279e-09,4.897845973434463e-09,4.903326465953812e-09,4.9088139472813036e-09,4.914308413180002e-09,4.919809859338695e-09,4.9253182814772986e-09,4.930833675402515e-09,4.936356036801264e-09,4.941885361368117e-09,4.94742164488384e-09,4.952964883055139e-09,4.958515071590684e-09,4.964072206215568e-09,4.969636282620611e-09,4.975207296528429e-09,4.980785243654355e-09,4.986370119716201e-09,4.991961920400101e-09,4.9975606414244276e-09,5.0031662784610435e-09,5.008778827218366e-09,5.014398283398213e-09,5.020024642694449e-09,5.025657900778919e-09,5.031298053351541e-09,5.036945096094322e-09,5.042599024690668e-09,5.048259834824517e-09,5.053927522172497e-09,5.059602082410204e-09,5.065283511212389e-09,5.07097180424934e-09,5.076666957194804e-09,5.082368965712071e-09,5.088077825466839e-09,5.093793532122634e-09,5.099516081340203e-09,5.1052454687800445e-09,5.110981690097756e-09,5.1167247409489736e-09,5.122474616985391e-09,5.128231313857987e-09,5.133994827215326e-09,5.139765152722237e-09,5.145542286006328e-09,5.15132622269004e-09,5.157116958432137e-09,5.16291448889379e-09,5.168718809686853e-09,5.1745299164292205e-09,5.18034780478664e-09,5.186172470360669e-09,5.19200390879871e-09,5.197842115725434e-09,5.2036870867820485e-09,5.209538817560279e-09,5.215397303696485e-09,5.221262540812165e-09,5.227134524535779e-09,5.233013250458913e-09,5.238898714208908e-09,5.244790911401667e-09,5.250689837646568e-09,5.256595488542794e-09,5.262507859690816e-09,5.2684269467238e-09,5.2743527452319255e-09,5.280285250817256e-09,5.286224459080202e-09,5.292170365620025e-09,5.2981229660472774e-09,5.304082255933618e-09,5.310048230877885e-09,5.316020886477041e-09,5.322000218321673e-09,5.327986222000751e-09,5.333978893099855e-09,5.339978227186879e-09,5.345984219887658e-09,5.351996866763757e-09,5.35801616339593e-09,5.364042105366182e-09,5.370074688255816e-09,5.376113907634134e-09,5.382159759072473e-09,5.3882122381518395e-09,5.39427134044442e-09,5.4003370615179866e-09,5.406409396950042e-09,5.412488342301505e-09,5.418573893135305e-09,5.4246660450217715e-09,5.430764793531435e-09,5.436870134213737e-09,5.4429820626363704e-09,5.4491005743669975e-09,5.455225664947502e-09,5.461357329945344e-09,5.467495564909413e-09,5.473640365410392e-09,5.479791726986586e-09,5.4859496452084256e-09,5.4921141155965314e-09,5.498285133717013e-09,5.504462695109798e-09,5.510646795349192e-09,5.516837429958966e-09,5.523034594479393e-09,5.529238284462652e-09,5.535448495448574e-09,5.541665222981479e-09,5.547888462599306e-09,5.554118209838404e-09,5.560354460243962e-09,5.56659720934363e-09,5.5728464526731784e-09,5.5791021857668556e-09,5.5853644041770375e-09,5.591633103403837e-09,5.597908279015054e-09,5.6041899265231404e-09,5.610478041491601e-09,5.616772619373432e-09,5.6230736557413684e-09,5.629381146118736e-09,5.635695086026132e-09,5.642015470973887e-09,5.648342296506609e-09,5.654675558135785e-09,5.661015251405681e-09,5.6673613718270255e-09,5.673713914909218e-09,5.680072876188296e-09,5.686438251153295e-09,5.692810035336196e-09,5.6991882242359774e-09,5.70557281340068e-09,5.711963798329147e-09,5.718361174530265e-09,5.724764937521294e-09,5.731175082815249e-09,5.737591605918044e-09,5.744014502345687e-09,5.750443767643677e-09,5.7568793972450786e-09,5.763321386694676e-09,5.7697697314990575e-09,5.776224427164872e-09,5.782685469197906e-09,5.7891528531030974e-09,5.7956265743820406e-09,5.802106628543899e-09,5.808593011091357e-09,5.815085717521564e-09,5.821584743331513e-09,5.82809008403525e-09,5.834601735124166e-09,5.841119692102829e-09,5.847643950463235e-09,5.854174505712591e-09,5.86071135334376e-09,5.867254488854011e-09,5.873803907741175e-09,5.8803596054979106e-09,5.886921577618199e-09,5.89348981960204e-09,5.90006432694994e-09,5.906645095137964e-09,5.913232119673351e-09,5.919825396044161e-09,5.926424919725271e-09,5.933030686238768e-09,5.939642691075785e-09,5.9462609296764085e-09,5.9528853975982566e-09,5.959516090286544e-09,5.96615300326369e-09,5.972796131992566e-09,5.979445471974203e-09,5.986101018688653e-09,5.992762767631549e-09,5.999430714284977e-09,6.006104854137252e-09,6.012785182658497e-09,6.0194716953823865e-09,6.026164387723007e-09,6.032863255226893e-09,6.039568293361345e-09,6.0462794976062946e-09,6.052996863305501e-09,6.059720386230196e-09,6.066450061716172e-09,6.073185885211282e-09,6.079927852274299e-09,6.08667595835347e-09,6.093430198916739e-09,6.10019056943786e-09,6.106957065454384e-09,6.113729682415819e-09,6.120508415801957e-09,6.127293261084305e-09,6.134084213765279e-09,6.140881269275908e-09,6.147684423178827e-09,6.154493670915287e-09,6.161309007957035e-09,6.168130429863752e-09,6.174957931970422e-09,6.181791509829574e-09,6.1886311589126675e-09,6.195476874717763e-09,6.2023286527018e-09,6.2091864883671e-09,6.2160503771787424e-09,6.222920314638092e-09,6.229796296192369e-09,6.2366783173391655e-09,6.243566373552531e-09,6.2504604603239114e-09,6.257360573075478e-09,6.264266707372144e-09,6.271178858695227e-09,6.278097022431876e-09,6.2850211941141995e-09,6.291951369215856e-09,6.298887543220139e-09,6.30582971160967e-09,6.312777869853729e-09,6.319732013434253e-09,6.3266921378304465e-09,6.333658238522028e-09,6.340630310990287e-09,6.347608350710767e-09,6.354592353164513e-09,6.36158231383058e-09,6.368578228189332e-09,6.375580091719833e-09,6.382587899901606e-09,6.389601648214893e-09,6.396621332141983e-09,6.403646947157576e-09,6.4106784887446224e-09,6.417715952383658e-09,6.4247593335488846e-09,6.4318086277333355e-09,6.438863830409595e-09,6.44592493706394e-09,6.4529919431710416e-09,6.4600648442153204e-09,6.467143635668818e-09,6.474228313031525e-09,6.481318871777766e-09,6.488415307388591e-09,6.495517615317297e-09,6.502625791105099e-09,6.509739830205644e-09,6.516859728095537e-09,6.523985480292597e-09,6.531117082230809e-09,6.538254529412198e-09,6.545397817329024e-09,6.552546941460436e-09,6.5597018972921976e-09,6.566862680311922e-09,6.574029285999665e-09,6.581201709843587e-09,6.588379947331376e-09,6.595563993952824e-09,6.60275384520183e-09,6.60994949654478e-09,6.617150943477719e-09,6.624358181449937e-09,6.6315712059835e-09,6.638790012632121e-09,6.646014596817373e-09,6.653244954029862e-09,6.660481079774675e-09,6.667722969718836e-09,6.674970618981996e-09,6.6822240232272045e-09,6.689483177982596e-09,6.696748078708952e-09,6.704018720932138e-09,6.711295100104306e-09,6.718577211739382e-09,6.7258650513209795e-09,6.733158614355861e-09,6.7404578963276505e-09,6.747762892757027e-09,6.755073599107811e-09,6.762390010893674e-09,6.769712123558873e-09,6.7770399326872376e-09,6.784373433743138e-09,6.79171262221064e-09,6.799057493603867e-09,6.806408043427005e-09,6.813764267161706e-09,6.821126160326244e-09,6.828493718477343e-09,6.835866936986793e-09,6.8432458114180995e-09,6.85063033728485e-09,6.858020510085813e-09,6.865416325316021e-09,6.872817778536119e-09,6.880224865161999e-09,6.887637580747234e-09,6.89505592082416e-09,6.902479880853889e-09,6.9099094563070185e-09,6.917344642779161e-09,6.924785435736946e-09,6.932231830806805e-09,6.9396838232841356e-09,6.94714140864687e-09,6.954604582691912e-09,6.9620733407911976e-09,6.96954767845828e-09,6.977027591235268e-09,6.9845130746388456e-09,6.9920041240819e-09,6.9995007351404476e-09,7.0070029033324414e-09,7.01451062420179e-09,7.022023893266865e-09,7.029542706011868e-09,7.0370670579636055e-09,7.044596944654761e-09,7.052132361611147e-09,7.0596733043544765e-09,7.0672197684005494e-09,7.074771749317675e-09,7.082329242558543e-09,7.089892243660915e-09,7.097460748184372e-09,7.105034751641167e-09,7.1126142495594e-09,7.120199237464132e-09,7.1277897109703565e-09,7.1353856654281356e-09,7.142987096465908e-09,7.150593999626064e-09,7.15820637012848e-09,7.1658242037167265e-09,7.173447496391965e-09,7.1810762433358254e-09,7.188710440055746e-09,7.19635008220521e-09,7.20399516521836e-09,7.21164568454884e-09,7.21930163579385e-09,7.226963014622263e-09,7.234629816270224e-09,7.242302036673108e-09,7.24997967109341e-09,7.257662715190011e-09,7.2653511644842885e-09,7.273045014516523e-09,7.28074426082101e-09,7.288448898961424e-09,7.296158924471034e-09,7.303874332924052e-09,7.3115951198883075e-09,7.319321280864027e-09,7.327052811457049e-09,7.334789707207877e-09,7.342531963655989e-09,7.350279576373842e-09,7.3580325408418765e-09,7.365790852770834e-09,7.37355450761787e-09,7.381323500992146e-09,7.389097828394229e-09,7.396877485420359e-09,7.4046624676241185e-09,7.412452770636358e-09,7.4202483899155295e-09,7.428049321047308e-09,7.435855559638196e-09,7.44366710124356e-09,7.451483941433805e-09,7.459306075779363e-09,7.467133499856288e-09,7.474966209229284e-09,7.482804199472496e-09,7.490647466168446e-09,7.49849600488329e-09,7.50634981120682e-09,7.514208880578015e-09,7.522073208841998e-09,7.529942791446767e-09,7.537817624106807e-09,7.545697702138955e-09,7.553583021259933e-09,7.561473576960018e-09,7.569369364926634e-09,7.577270380818744e-09,7.58517662013149e-09,7.593088078497182e-09,7.601004751455059e-09,7.608926634646849e-09,7.616853723533878e-09,7.62478601392265e-09,7.632723501303224e-09,7.64066618127559e-09,7.648614049355861e-09,7.656567101293168e-09,7.664525332526891e-09,7.672488738847311e-09,7.680457315719838e-09,7.688431058812226e-09,7.696409963724653e-09,7.704394025917745e-09,7.712383241245566e-09,7.720377605224427e-09,7.7283771134352e-09,7.73638176147519e-09,7.744391544948925e-09,7.752406459558651e-09,7.76042650079708e-09,7.768451664348139e-09,7.776481945822295e-09,7.784517340845158e-09,7.792557845029756e-09,7.80060345398749e-09,7.808654163319393e-09,7.81670996868824e-09,7.824770865736298e-09,7.83283685006619e-09,7.84090791730591e-09,7.848984063083337e-09,7.857065283037328e-09,7.86515157280171e-09,7.87324292798774e-09,7.881339344259806e-09,7.889440817270622e-09,7.897547342578877e-09,7.905658915885271e-09,7.913775532806633e-09,7.921897188984734e-09,7.930023880175846e-09,7.938155601812566e-09,7.946292349634828e-09,7.954434119310808e-09,7.962580906495913e-09,7.970732706805774e-09,7.97888951590723e-09,7.987051329476519e-09,7.995218143121693e-09,8.003389952578668e-09,8.011566753489924e-09,8.019748541366135e-09,8.027935311969502e-09,8.036127061013074e-09,8.044323784106682e-09,8.05252547687991e-09,8.060732135013072e-09,8.068943754220339e-09,8.077160330114463e-09,8.085381858402828e-09,8.093608334752583e-09,8.10183975480297e-09,8.110076114259134e-09,8.118317408783798e-09,8.126563634091194e-09,8.134814785669202e-09,8.143070859497571e-09,8.151331851101729e-09,8.159597756195725e-09,8.167868570594393e-09,8.176144289666616e-09,8.184424909190333e-09,8.192710424991182e-09,8.201000832753047e-09,8.209296128094117e-09,8.217596306714073e-09,8.225901364336428e-09,8.234211296592476e-09,8.242526099291723e-09,8.250845768065572e-09,8.259170298625118e-09,8.267499686646634e-09,8.275833927880166e-09,8.284173017993791e-09,8.292516952703052e-09,8.300865727710383e-09,8.309219338825165e-09,8.317577781711541e-09,8.32594105191117e-09,8.334309145265172e-09,8.342682057483066e-09,8.351059784346977e-09,8.35944232146122e-09,8.367829664602506e-09,8.376221809484428e-09,8.384618751849728e-09,8.393020487669e-09,8.401427012151211e-09,8.409838321284408e-09,8.418254410796669e-09,8.426675276399352e-09,8.435100913882858e-09,8.44353131894437e-09,8.451966487296734e-09,8.46040641472748e-09,8.468851096959579e-09,8.477300529744414e-09,8.485754708805197e-09,8.494213629878452e-09,8.502677288742702e-09,8.511145681122571e-09,8.519618802734952e-09,8.52809664943283e-09,8.536579216886332e-09,8.545066500881074e-09,8.553558497100452e-09,8.562055201397919e-09,8.570556609453949e-09,8.579062717169775e-09,8.587573520173612e-09,8.596089014242856e-09,8.60460919515618e-09,8.613134058694905e-09,8.621663600629147e-09,8.630197816964206e-09,8.638736702980912e-09,8.647280254728936e-09,8.655828467940784e-09,8.664381338426599e-09,8.672938861935576e-09,8.681501034274063e-09,8.690067851234896e-09,8.698639308570713e-09,8.707215402077094e-09,8.71579612750631e-09,8.724381480704667e-09,8.732971457592748e-09,8.74156605364694e-09,8.750165264877147e-09,8.758769087048047e-09,8.767377515912958e-09,8.77599054732068e-09,8.784608177051554e-09,8.793230400890897e-09,8.801857214703495e-09,8.810488614248568e-09,8.819124595322786e-09,8.82776515378324e-09,8.836410285418176e-09,8.845059986041744e-09,8.853714251457992e-09,8.862373077531836e-09,8.871036459967534e-09,8.879704394711415e-09,8.888376877545487e-09,8.897053904277865e-09,8.905735470742505e-09,8.914421572773797e-09,8.923112206203738e-09,8.931807367043639e-09,8.940507050768275e-09,8.949211253406697e-09,8.957919970731444e-09,8.966633198602494e-09,8.975350932882238e-09,8.984073169405831e-09,8.992799904019243e-09,9.001531132554698e-09,9.010266850892056e-09,9.019007054779806e-09,9.02775174023958e-09,9.036500903040122e-09,9.045254539041846e-09,9.05401264407841e-09,9.062775214047366e-09,9.071542244758397e-09,9.080313732114496e-09,9.089089671942277e-09,9.097870060136608e-09,9.106654892542318e-09,9.115444164990666e-09,9.124237873495868e-09,9.133036013804579e-09,9.141838581860386e-09,9.150645573494438e-09,9.159456984587398e-09,9.16827281102675e-09,9.177093048762795e-09,9.185917693581441e-09,9.194746741407357e-09,9.203580188110095e-09,9.212418029604062e-09,9.221260261746606e-09,9.230106880555503e-09,9.238957881725468e-09,9.247813261300508e-09,9.256673015104817e-09,9.265537139019357e-09,9.274405629014736e-09,9.28327848101753e-09,9.292155690897211e-09,9.30103725454647e-09,9.30992316788205e-09,9.318813426809427e-09,9.327708027258929e-09,9.336606965144308e-09,9.345510236336313e-09,9.354417836884006e-09,9.36332976259313e-09,9.372246009423725e-09,9.38116657329252e-09,9.390091450141463e-09,9.399020635892929e-09,9.407954126441954e-09,9.416891917784121e-09,9.425834005806553e-09,9.434780386383328e-09,9.443731055630764e-09,9.452686009319797e-09,9.461645243569404e-09,9.470608754209973e-09,9.479576537146911e-09,9.488548588504393e-09,9.497524903944905e-09,9.506505479682608e-09,9.515490311569943e-09,9.524479395545297e-09,9.533472727634763e-09,9.542470303773388e-09,9.551472119875136e-09,9.560478171931721e-09,9.569488455912565e-09,9.578502967798844e-09,9.587521703534431e-09,9.596544659322978e-09,9.605571830695757e-09,9.614603213959202e-09,9.623638804877248e-09,9.632678599561835e-09,9.641722593958336e-09,9.650770784049343e-09,9.659823165835449e-09,9.668879735306224e-09,9.677940488443163e-09,9.687005421244176e-09,9.696074529700924e-09,9.705147809810012e-09,9.714225257569806e-09,9.72330686916712e-09,9.732392640222983e-09,9.7414825668699e-09,9.750576645185546e-09,9.759674871070698e-09,9.768777240789232e-09,9.777883750190882e-09,9.786994395297846e-09,9.796109172162928e-09,9.805228076754857e-09,9.814351105030658e-09,9.823478253121016e-09,9.83260951701599e-09,9.841744892731373e-09,9.850884376091801e-09,9.860027963542204e-09,9.869175650910937e-09,9.878327434222102e-09,9.887483309517161e-09,9.896643272793818e-09,9.90580732012016e-09,9.914975447604792e-09,9.924147651230575e-09,9.933323927046546e-09,9.942504271111671e-09,9.951688679473022e-09,9.96087714816245e-09,9.970069673204215e-09,9.979266250700932e-09,9.98846687674544e-09,9.997671547328435e-09,1.000688025858905e-08,1.0016093006519833e-08,1.002530978723057e-08,1.0034530596690799e-08,1.0043755431146942e-08,1.0052984286480956e-08,1.0062217158938386e-08,1.0071454044521558e-08,1.0080694939300456e-08,1.0089939839345255e-08,1.00991887407653e-08,1.0108441639655004e-08,1.011769853205201e-08,1.0126959414107392e-08,1.0136224281858921e-08,1.0145493131426586e-08,1.015476595890334e-08,1.0164042760351673e-08,1.0173323531928536e-08,1.0182608269698311e-08,1.0191896969773245e-08,1.0201189628256899e-08,1.0210486241239989e-08,1.0219786804865714e-08,1.0229091315221673e-08,1.0238399768428886e-08,1.0247712160609052e-08,1.0257028487960717e-08,1.0266348746415441e-08,1.0275672932209868e-08,1.0285001041475669e-08,1.0294333070281897e-08,1.0303669014815858e-08,1.0313008871174169e-08,1.0322352635506077e-08,1.0331700303947076e-08,1.0341051872644343e-08,1.0350407337670653e-08,1.035976669520825e-08,1.0369129941391172e-08,1.0378497072447903e-08,1.0387868084421287e-08,1.0397242973488938e-08,1.0406621735844254e-08,1.0416004367613414e-08,1.0425390864850306e-08,1.0434781223865658e-08,1.0444175440746188e-08,1.0453573511695753e-08,1.0462975432851001e-08,1.047238120034338e-08,1.0481790810374748e-08,1.0491204259162907e-08,1.0500621542767427e-08,1.0510042657497875e-08,1.0519467599458599e-08,1.0528896364843694e-08,1.0538328949727422e-08,1.0547765350489105e-08,1.055720556316775e-08,1.056664958396414e-08,1.0576097409064402e-08,1.0585549034694808e-08,1.0595004457047121e-08,1.0604463672404389e-08,1.0613926676873621e-08,1.0623393466579175e-08,1.0632864037866047e-08,1.0642338386876262e-08,1.0651816509801052e-08,1.0661298402865414e-08,1.0670784062227088e-08,1.0680273484067318e-08,1.0689766664892286e-08,1.0699263600693002e-08,1.0708764287675362e-08,1.0718268721965113e-08,1.0727776899967375e-08,1.0737288817885064e-08,1.0746804471895606e-08,1.075632385817403e-08,1.0765846973093108e-08,1.077537381284019e-08,1.0784904373539656e-08,1.0794438651603874e-08,1.0803976643185099e-08,1.0813518344427917e-08,1.0823063751677052e-08,1.0832612861267212e-08,1.0842165669350945e-08,1.085172217211316e-08,1.0861282365914308e-08,1.0870846246940666e-08,1.0880413811486227e-08,1.088998505582098e-08,1.089955997618921e-08,1.090913856886587e-08,1.0918720830119291e-08,1.0928306756225083e-08,1.0937896343376132e-08,1.0947489588076313e-08,1.0957086486333401e-08,1.0966687034520169e-08,1.0976291228924136e-08,1.098589906586136e-08,1.0995510541562701e-08,1.1005125652317538e-08,1.1014744394403054e-08,1.1024366764161337e-08,1.1033992757947283e-08,1.1043622371888947e-08,1.1053255602361404e-08,1.106289244567796e-08,1.1072532898008957e-08,1.1082176955885323e-08,1.1091824615498004e-08,1.1101475873154875e-08,1.1111130725180274e-08,1.1120789167858914e-08,1.1130451197530428e-08,1.1140116810499662e-08,1.1149786003078073e-08,1.1159458771621865e-08,1.1169135112397638e-08,1.1178815021776518e-08,1.1188498496070529e-08,1.1198185531554742e-08,1.1207876124674676e-08,1.1217570271691244e-08,1.1227267968963703e-08,1.1236969212817766e-08,1.124667399953858e-08,1.125638232553459e-08,1.1266094187293765e-08,1.127580958088571e-08,1.1285528502829498e-08,1.129525094936603e-08,1.1304976917042804e-08,1.1314706402356412e-08,1.1324439401004191e-08,1.1334175909795947e-08,1.134391592505646e-08,1.1353659443113028e-08,1.1363406460357016e-08,1.1373156973145647e-08,1.1382910977775501e-08,1.1392668470781023e-08,1.1402429448408798e-08,1.141219390713696e-08,1.1421961843289338e-08,1.1431733253252042e-08,1.144150813340957e-08,1.1451286480148352e-08,1.1461068289857342e-08,1.1470853558914358e-08,1.1480642283740374e-08,1.1490434460652903e-08,1.1500230086091295e-08,1.1510029156559081e-08,1.1519831668376396e-08,1.1529637617939058e-08,1.153944700159732e-08,1.1549259815905637e-08,1.1559076057196266e-08,1.1568895721864464e-08,1.1578718806336207e-08,1.158854530703618e-08,1.159837522038033e-08,1.1608208542790436e-08,1.1618045270693649e-08,1.1627885400848636e-08,1.1637728928997884e-08,1.1647575851946643e-08,1.1657426166088884e-08,1.166727986795606e-08,1.1677136953813667e-08,1.1686997420139676e-08,1.16968612634858e-08,1.1706728480244387e-08,1.1716599066750682e-08,1.172647301965734e-08,1.1736350335316444e-08,1.1746231010182515e-08,1.1756115040564145e-08,1.1766002423170947e-08,1.1775893154411024e-08,1.178578723068112e-08,1.1795684648360865e-08,1.1805585404085321e-08,1.1815489494245808e-08,1.1825396915314654e-08,1.1835307663504621e-08,1.184522173580929e-08,1.185513912843973e-08,1.1865059837883555e-08,1.1874983860620175e-08,1.1884911193130975e-08,1.1894841831915724e-08,1.1904775773443683e-08,1.1914713014056125e-08,1.192465355042571e-08,1.193459737915888e-08,1.1944544496645194e-08,1.1954494899313604e-08,1.196444858373991e-08,1.1974405546391535e-08,1.198436578425295e-08,1.1994329292866711e-08,1.2004296069250452e-08,1.2014266109921326e-08,1.2024239411361896e-08,1.2034215970118853e-08,1.2044195782562925e-08,1.2054178845469477e-08,1.2064165155244779e-08,1.2074154708426468e-08,1.2084147501453953e-08,1.2094143531001393e-08,1.2104142793527968e-08,1.2114145285573936e-08,1.212415100366841e-08,1.2134159944374662e-08,1.2144172104204833e-08,1.2154187479724037e-08,1.2164206067459595e-08,1.2174227863976615e-08,1.2184252865823314e-08,1.2194281069546335e-08,1.2204312471719171e-08,1.2214347068518182e-08,1.2224384857343645e-08,1.223442583418239e-08,1.224446999568884e-08,1.2254517338435658e-08,1.2264567859040907e-08,1.2274621553991228e-08,1.228467841989729e-08,1.2294738453347796e-08,1.2304801650895157e-08,1.2314868009132472e-08,1.232493752465786e-08,1.2335010194013682e-08,1.2345086013811524e-08,1.235516498065687e-08,1.2365247091114167e-08,1.237533234170685e-08,1.2385420728884743e-08,1.2395512249807915e-08,1.2405606900700813e-08,1.2415704678177244e-08,1.2425805578895646e-08,1.2435909599606966e-08,1.2446016736746306e-08,1.2456126986694128e-08,1.246624034633783e-08,1.2476356812205523e-08,1.2486476380954631e-08,1.2496599049059303e-08,1.2506724813519581e-08,1.2516853670744389e-08,1.252698561731284e-08,1.2537120649860578e-08,1.2547258765010043e-08,1.2557399959597744e-08,1.2567544230216622e-08,1.2577691573077693e-08,1.2587841985123874e-08,1.259799546303184e-08,1.2608152003545624e-08,1.2618311603056174e-08,1.2628474258355483e-08,1.2638639965992824e-08,1.2648808722876955e-08,1.2658980525280318e-08,1.2669155370383785e-08,1.2679333254447643e-08,1.2689514174192513e-08,1.2699698126221732e-08,1.2709885107549435e-08,1.2720075114500296e-08,1.273026814358527e-08,1.2740464191884079e-08,1.2750663255991255e-08,1.2760865332240285e-08,1.2771070417605785e-08,1.2781278508676661e-08,1.2791489602220011e-08,1.2801703694859757e-08,1.2811920783388915e-08,1.2822140864447707e-08,1.2832363934221015e-08,1.2842589990326715e-08,1.285281902906271e-08,1.28630510471011e-08,1.2873286041231776e-08,1.2883524007996979e-08,1.2893764944422733e-08,1.2904008846445753e-08,1.2914255711811828e-08,1.2924505536456448e-08,1.2934758317395169e-08,1.2945014051437248e-08,1.2955272735165213e-08,1.2965534365384093e-08,1.297579893859121e-08,1.2986066451634223e-08,1.2996336901385664e-08,1.3006610284450623e-08,1.3016886597793855e-08,1.3027165837741561e-08,1.3037448001474856e-08,1.3047733085396765e-08,1.3058021086140945e-08,1.3068312000673841e-08,1.307860582552611e-08,1.3088902558251357e-08,1.3099202194910209e-08,1.3109504732080624e-08,1.311981016682032e-08,1.3130118495861568e-08,1.314042971585099e-08,1.3150743823675315e-08,1.3161060816088326e-08,1.3171380689873503e-08,1.3181703441327629e-08,1.3192029067819982e-08,1.3202357566225917e-08,1.3212688933034206e-08,1.3223023165057506e-08,1.323336025905211e-08,1.3243700211891378e-08,1.3254043020208924e-08,1.3264388680850418e-08,1.3274737190637633e-08,1.3285088546393926e-08,1.3295442744901426e-08,1.3305799782856726e-08,1.3316159657165267e-08,1.3326522364611492e-08,1.333688790195259e-08,1.3347256266083726e-08,1.3357627453660078e-08,1.3368001461624555e-08,1.3378378286415476e-08,1.3388757925486296e-08,1.3399140375347832e-08,1.3409525632807015e-08,1.3419913695026235e-08,1.3430304558132092e-08,1.3440698219313948e-08,1.3451094675408654e-08,1.3461493923116068e-08,1.3471895959122747e-08,1.3482300780838336e-08,1.3492708384675257e-08,1.350311876775888e-08,1.3513531926714022e-08,1.3523947858690548e-08,1.3534366559766228e-08,1.354478802743617e-08,1.3555212258427017e-08,1.356563924952783e-08,1.3576068997613408e-08,1.3586501499568443e-08,1.3596936752168386e-08,1.3607374752388524e-08,1.3617815497014001e-08,1.3628258982926312e-08,1.3638705206967641e-08,1.3649154165978998e-08,1.3659605857014447e-08,1.3670060276887783e-08,1.368051742233002e-08,1.3690977290233542e-08,1.3701439877901596e-08,1.371190518150006e-08,1.372237319832284e-08,1.3732843924948607e-08,1.3743317358730587e-08,1.3753793496179586e-08,1.3764272334531562e-08,1.3774753870561428e-08,1.3785238101094547e-08,1.3795725023027621e-08,1.3806214633371993e-08,1.3816706928915132e-08,1.3827201906582525e-08,1.3837699563337858e-08,1.3848199895998633e-08,1.3858702901546995e-08,1.3869208576975188e-08,1.3879716918932937e-08,1.3890227924563686e-08,1.3900741590836619e-08,1.3911257914569843e-08,1.3921776892696305e-08,1.3932298522141543e-08,1.394282279979899e-08,1.3953349722658781e-08,1.3963879287623244e-08,1.3974411491630422e-08,1.3984946331666904e-08,1.3995483804647937e-08,1.4006023907543048e-08,1.4016566637185693e-08,1.4027111990691496e-08,1.4037659964987478e-08,1.4048210556916361e-08,1.4058763763473173e-08,1.4069319581650149e-08,1.4079878008451819e-08,1.409043904076124e-08,1.4101002675501742e-08,1.411156890975586e-08,1.4122137740357934e-08,1.4132709164421524e-08,1.4143283178775264e-08,1.4153859780465285e-08,1.4164438966428785e-08,1.4175020733724479e-08,1.4185605079298796e-08,1.4196192000195235e-08,1.4206781493266718e-08,1.421737355558709e-08,1.4227968184110855e-08,1.4238565375850493e-08,1.424916512786726e-08,1.4259767437015487e-08,1.4270372300369956e-08,1.4280979714926682e-08,1.4291589677695036e-08,1.430220218567168e-08,1.4312817235868954e-08,1.4323434825300884e-08,1.4334054950970895e-08,1.4344677609897569e-08,1.4355302799101621e-08,1.4365930515596635e-08,1.4376560756489007e-08,1.4387193518695746e-08,1.4397828799194471e-08,1.4408466595083722e-08,1.441910690338595e-08,1.4429749721140649e-08,1.4440395045375122e-08,1.445104287312735e-08,1.446169320143639e-08,1.4472346027338354e-08,1.4483001347882693e-08,1.4493659160109064e-08,1.4504319461065915e-08,1.451498224780291e-08,1.4525647517373012e-08,1.4536315266822259e-08,1.4546985493210728e-08,1.4557658193597022e-08,1.4568333365093702e-08,1.45790110046538e-08,1.4589691109398017e-08,1.4600373676415896e-08,1.4611058702732133e-08,1.4621746185429055e-08,1.4632436121633799e-08,1.4643128508329241e-08,1.4653823342712477e-08,1.4664520621711605e-08,1.4675220342556983e-08,1.468592250225918e-08,1.4696627097833165e-08,1.47073341265167e-08,1.4718043585244551e-08,1.4728755471184453e-08,1.473946978143379e-08,1.4750186513088024e-08,1.476090566324553e-08,1.4771627229007778e-08,1.4782351207477141e-08,1.4793077595764804e-08,1.4803806390965465e-08,1.4814537590196238e-08,1.4825271190567172e-08,1.4836007189191431e-08,1.484674558318996e-08,1.485748636973902e-08,1.4868229545836925e-08,1.4878975108673686e-08,1.4889723055360612e-08,1.4900473383110029e-08,1.491122608889437e-08,1.492198116999636e-08,1.49327386233997e-08,1.4943498446314802e-08,1.4954260635881576e-08,1.496502518923722e-08,1.4975792103522244e-08,1.4986561375882533e-08,1.499733300350667e-08,1.5008106983458183e-08,1.501888331292895e-08,1.5029661989073336e-08,1.5040443009042983e-08,1.5051226370032785e-08,1.506201206913681e-08,1.5072800103646225e-08,1.5083590470505295e-08,1.5094383167003483e-08,1.510517819030843e-08,1.5115975537576104e-08,1.5126775206406575e-08,1.5137577193129518e-08,1.5148381495385992e-08,1.5159188110269522e-08,1.516999703500257e-08,1.5180808266774572e-08,1.5191621802762843e-08,1.5202437640145868e-08,1.521325577609548e-08,1.522407620791778e-08,1.523489893273796e-08,1.5245723947652237e-08,1.525655124995311e-08,1.5267380836594152e-08,1.5278212705174696e-08,1.5289046852878077e-08,1.52998832766189e-08,1.5310721974116693e-08,1.532156294201137e-08,1.5332406177549423e-08,1.5343251678373813e-08,1.5354099441160327e-08,1.536494946340793e-08,1.5375801742366483e-08,1.5386656275197613e-08,1.539751305916037e-08,1.540837209163773e-08,1.5419233369519283e-08,1.543009689048445e-08,1.5440962651237166e-08,1.5451830649509348e-08,1.5462700882076478e-08,1.5473573346434225e-08,1.548444803992869e-08,1.5495324959458414e-08,1.5506204102719896e-08,1.551708546675778e-08,1.5527969048559683e-08,1.553885484562016e-08,1.5549742855344297e-08,1.5560633074621133e-08,1.5571525501092942e-08,1.5582420131849822e-08,1.559331696399521e-08,1.5604215994697168e-08,1.561511722164453e-08,1.5626020642652914e-08,1.5636926253747188e-08,1.5647834052808202e-08,1.5658744036739924e-08,1.566965620330161e-08,1.5680570549378924e-08,1.56914870724534e-08,1.570240576994651e-08,1.5713326639114285e-08,1.5724249677199267e-08,1.5735174881166526e-08,1.5746102248574107e-08,1.575703177687935e-08,1.576796346298316e-08,1.5778897304473847e-08,1.5789833298687267e-08,1.5800771442732108e-08,1.5811711733584286e-08,1.5822654169416722e-08,1.5833598747080875e-08,1.5844545464017947e-08,1.5855494317305276e-08,1.5866445304393215e-08,1.5877398422529338e-08,1.5888353669083835e-08,1.589931104150999e-08,1.5910270536939345e-08,1.592123215277039e-08,1.5932195886328727e-08,1.5943161734880535e-08,1.5954129695852614e-08,1.5965099766498358e-08,1.5976071944280224e-08,1.5987046226432286e-08,1.599802261033937e-08,1.6009001093234728e-08,1.6019981672691674e-08,1.6030964345857116e-08,1.6041949110195667e-08,1.6052935962934934e-08,1.606392490165031e-08,1.6074915923526232e-08,1.6085909025677304e-08,1.6096904205824107e-08,1.6107901461218823e-08,1.6118900789278315e-08,1.6129902187248367e-08,1.61409056525753e-08,1.61519111826055e-08,1.616291877471875e-08,1.6173928426285166e-08,1.6184940134843615e-08,1.619595389751029e-08,1.6206969711625785e-08,1.621798757495122e-08,1.6229007484453518e-08,1.624002943770295e-08,1.6251053432300495e-08,1.626207946536034e-08,1.6273107534346222e-08,1.628413763660974e-08,1.6295169769390197e-08,1.630620393023985e-08,1.6317240116615777e-08,1.6328278325942442e-08,1.6339318555739376e-08,1.635036080298915e-08,1.6361405065889432e-08,1.6372451340750602e-08,1.638349962554486e-08,1.639454991772902e-08,1.6405602214883474e-08,1.6416656514017494e-08,1.642771281273571e-08,1.6438771108480865e-08,1.6449831398692665e-08,1.6460893680923476e-08,1.6471957952520716e-08,1.648302421071832e-08,1.6494092453059965e-08,1.650516267719287e-08,1.651623488011467e-08,1.6527309060000627e-08,1.6538385213315973e-08,1.654946333789442e-08,1.6560543431399083e-08,1.657162549114819e-08,1.658270951461462e-08,1.659379549921483e-08,1.6604883442418796e-08,1.6615973341683114e-08,1.6627065194760984e-08,1.6638158998510063e-08,1.6649254750578884e-08,1.6660352448707625e-08,1.6671452090092333e-08,1.668255367235324e-08,1.6693657192911178e-08,1.6704762649282994e-08,1.6715870038867232e-08,1.6726979359169605e-08,1.6738090607623462e-08,1.674920378193288e-08,1.676031887925273e-08,1.677143589732147e-08,1.6782554833325253e-08,1.6793675685148127e-08,1.6804798449936436e-08,1.6815923125453006e-08,1.6827049709043347e-08,1.6838178198078303e-08,1.6849308590391553e-08,1.6860440883074383e-08,1.687157507376975e-08,1.6882711160110208e-08,1.6893849139525038e-08,1.690498900953711e-08,1.691613076763876e-08,1.692727441134921e-08,1.6938419938162394e-08,1.6949567345795715e-08,1.6960716631326995e-08,1.6971867792618434e-08,1.698302082710663e-08,1.699417573229429e-08,1.7005332505792502e-08,1.7016491145007626e-08,1.7027651647484e-08,1.7038814010824983e-08,1.7049978232431022e-08,1.7061144310023303e-08,1.70723122409764e-08,1.7083482022968476e-08,1.709465365348403e-08,1.7105827130056545e-08,1.7117002450140815e-08,1.7128179611492203e-08,1.7139358611516942e-08,1.715053944779796e-08,1.7161722118339035e-08,1.7172906619753832e-08,1.7184092950060072e-08,1.7195281107123032e-08,1.7206471087991334e-08,1.7217662890409204e-08,1.7228856512218193e-08,1.7240051950570176e-08,1.725124920288273e-08,1.726244826761597e-08,1.727364914149902e-08,1.7284851822391615e-08,1.729605630770047e-08,1.730726259531969e-08,1.731847068265284e-08,1.7329680567343635e-08,1.7340892246967376e-08,1.735210571907643e-08,1.7363320981279815e-08,1.7374538030987972e-08,1.738575686613194e-08,1.739697748412975e-08,1.7408199882672917e-08,1.7419424059232417e-08,1.7430650011361157e-08,1.7441877736868542e-08,1.7453107233392506e-08,1.746433849811258e-08,1.7475571528912184e-08,1.748680632343885e-08,1.749804287932249e-08,1.75092811939682e-08,1.752052126503302e-08,1.7531763090209176e-08,1.7543006666696786e-08,1.755425199338375e-08,1.7565499066888795e-08,1.7576747884994824e-08,1.758799844539193e-08,1.7599250745684093e-08,1.7610504783466485e-08,1.762176055629146e-08,1.7633018062028056e-08,1.7644277298273472e-08,1.765553826247535e-08,1.7666800952381632e-08,1.7678065365988933e-08,1.768933150038383e-08,1.7700599353113893e-08,1.7711868922259973e-08,1.772314020535675e-08,1.773441320001549e-08,1.7745687903903307e-08,1.7756964314693853e-08,1.7768242430024984e-08,1.7779522247589882e-08,1.779080376507224e-08,1.7802086979770227e-08,1.7813371889926402e-08,1.782465849307208e-08,1.783594678656424e-08,1.7847236768353327e-08,1.785852843602666e-08,1.786982178725342e-08,1.7881116819745543e-08,1.7892413531010356e-08,1.7903711918856434e-08,1.7915011981023784e-08,1.792631371525089e-08,1.793761711918091e-08,1.7948922190334566e-08,1.796022892653543e-08,1.7971537325552393e-08,1.798284738496306e-08,1.7994159102169677e-08,1.8005472475443848e-08,1.8016787502368776e-08,1.802810418028377e-08,1.803942250730268e-08,1.8050742480773358e-08,1.8062064098677112e-08,1.80733873586546e-08,1.8084712258494197e-08,1.809603879567018e-08,1.810736696807123e-08,1.8118696773360335e-08,1.8130028209187895e-08,1.8141361273393965e-08,1.815269596362098e-08,1.816403227825122e-08,1.8175370214229695e-08,1.8186709768852692e-08,1.819805094048149e-08,1.8209393726894364e-08,1.8220738125869302e-08,1.823208413493935e-08,1.824343175191142e-08,1.825478097451593e-08,1.826613180113892e-08,1.8277484228198707e-08,1.828883825452154e-08,1.8300193876989535e-08,1.831155109404068e-08,1.8322909903137027e-08,1.8334270301974327e-08,1.8345632288417537e-08,1.83569958603105e-08,1.836836101553979e-08,1.8379727751553103e-08,1.8391096066247082e-08,1.840246595764729e-08,1.8413837422893514e-08,1.8425210460221236e-08,1.8436585067251152e-08,1.8447961241704096e-08,1.8459338981425595e-08,1.8470718284353774e-08,1.8482099148271408e-08,1.8493481570650375e-08,1.850486554924613e-08,1.8516251081698547e-08,1.8527638166912672e-08,1.8539026801730336e-08,1.8550416983882635e-08,1.8561808711493272e-08,1.8573201981920087e-08,1.8584596793417493e-08,1.859599314359185e-08,1.8607391030291455e-08,1.861879045117111e-08,1.8630191404263934e-08,1.864159388726508e-08,1.8652997897999453e-08,1.866440343422544e-08,1.86758104940043e-08,1.868721907448213e-08,1.8698629174080777e-08,1.8710040791085087e-08,1.8721453921798456e-08,1.873286856519142e-08,1.874428471876708e-08,1.8755702380289143e-08,1.8767121547750248e-08,1.8778542219125784e-08,1.8789964391884984e-08,1.8801388063874965e-08,1.881281323301065e-08,1.8824239897033537e-08,1.8835668054023107e-08,1.8847097701676946e-08,1.8858528837939187e-08,1.8869961460146404e-08,1.888139556685435e-08,1.8892831155598015e-08,1.8904268224207836e-08,1.8915706770400415e-08,1.892714679226706e-08,1.893858828758328e-08,1.8950031254162067e-08,1.8961475689921447e-08,1.8972921592667152e-08,1.89843689602137e-08,1.8995817790361485e-08,1.9007268080957055e-08,1.9018719830290464e-08,1.9030173035852272e-08,1.9041627695516974e-08,1.9053083807340985e-08,1.9064541368430002e-08,1.9076000377734602e-08,1.908746083259292e-08,1.909892273108682e-08,1.911038607096492e-08,1.912185085013422e-08,1.9133317066603463e-08,1.914478471794504e-08,1.9156253802225153e-08,1.9167724317232845e-08,1.9179196261006098e-08,1.9190669631405722e-08,1.9202144426236063e-08,1.9213620643393935e-08,1.9225098281084687e-08,1.9236577336777222e-08,1.9248057808640083e-08,1.9259539694281302e-08,1.927102299185961e-08,1.9282507699165916e-08,1.929399381418042e-08,1.930548133473613e-08,1.931697025882207e-08,1.9328460584423204e-08,1.9339952309208803e-08,1.9351445431213107e-08,1.9362939948454723e-08,1.9374435858737905e-08,1.938593315982722e-08,1.9397431850072585e-08,1.9408931927046257e-08,1.9420433389173285e-08,1.9431936233492044e-08,1.9443440458515497e-08,1.9454946062073966e-08,1.9466453042035048e-08,1.9477961396519633e-08,1.948947112335771e-08,1.9500982220553395e-08,1.9512494685940262e-08,1.952400851743226e-08,1.953552371344411e-08,1.954704027138409e-08,1.955855818903746e-08,1.957007746469273e-08,1.958159809620078e-08,1.959312008174988e-08,1.9604643419025953e-08,1.961616810598081e-08,1.9627694140678644e-08,1.963922152105653e-08,1.9650750245158025e-08,1.966228031075986e-08,1.9673811716114057e-08,1.9685344459056875e-08,1.9696878537285087e-08,1.9708413948988886e-08,1.971995069206552e-08,1.9731488764613395e-08,1.9743028164564482e-08,1.9754568889795715e-08,1.9766110938518026e-08,1.9777654308568606e-08,1.9789198997826676e-08,1.9800745004618018e-08,1.981229232663739e-08,1.9823840961762916e-08,1.983539090804526e-08,1.984694216383125e-08,1.985849472686943e-08,1.9870048594989394e-08,1.988160376629562e-08,1.9893160239116825e-08,1.9904718011108845e-08,1.991627707986512e-08,1.9927837444077645e-08,1.993939910142998e-08,1.9950962050077205e-08,1.9962526287895166e-08,1.9974091813047656e-08,1.998565862340366e-08,1.9997226716645784e-08,2.0008796091804195e-08,2.002036674606142e-08,2.0031938677839933e-08,2.0043511884949934e-08,2.0055086365185273e-08,2.006666211678259e-08,2.007823913779911e-08,2.0089817426229746e-08,2.0101396980173424e-08,2.011297779761586e-08,2.012455987657998e-08,2.0136143215308157e-08,2.014772781135624e-08,2.015931366309067e-08,2.0170900768520484e-08,2.018248912562759e-08,2.019407873249104e-08,2.0205669587142443e-08,2.021726168785307e-08,2.0228855032423143e-08,2.024044961778655e-08,2.0252045444882353e-08,2.026364250921881e-08,2.0275240809645517e-08,2.028684034419947e-08,2.029844111092109e-08,2.0310043107933036e-08,2.0321646333299995e-08,2.0333250785013815e-08,2.0344856461341413e-08,2.0356463360203864e-08,2.0368071479438512e-08,2.0379680817426444e-08,2.0391291372029603e-08,2.0402903141716017e-08,2.0414516123913428e-08,2.0426130317087974e-08,2.0437745719504344e-08,2.0449362328806427e-08,2.046098014391231e-08,2.0472599161437262e-08,2.0484219380799643e-08,2.0495840799334337e-08,2.0507463415273455e-08,2.0519087226875275e-08,2.0530712232258265e-08,2.0542338429569756e-08,2.055396581650106e-08,2.056559439139967e-08,2.057722415278998e-08,2.0588855097972695e-08,2.0600487225478072e-08,2.061212053326392e-08,2.0623755019408034e-08,2.0635390682244227e-08,2.0647027519954435e-08,2.0658665530145172e-08,2.0670304711352354e-08,2.0681945061906086e-08,2.0693586579240877e-08,2.0705229261717417e-08,2.0716873107764583e-08,2.0728518115189332e-08,2.0740164282206273e-08,2.0751811606973687e-08,2.0763460087590697e-08,2.0775109722176827e-08,2.0786760508696366e-08,2.0798412446311537e-08,2.0810065531536948e-08,2.0821719763259876e-08,2.0833375139413238e-08,2.08450316584825e-08,2.0856689318390493e-08,2.0868348117454962e-08,2.0880008053684374e-08,2.0891669125427527e-08,2.0903331330644295e-08,2.0914994667218477e-08,2.0926659133537467e-08,2.0938324727641615e-08,2.0949991447892794e-08,2.0961659292338228e-08,2.097332825925982e-08,2.098499834719813e-08,2.099666955316555e-08,2.10083418758527e-08,2.102001531309471e-08,2.1031689863946613e-08,2.1043365526084096e-08,2.1055042297661035e-08,2.1066720176929095e-08,2.1078399161949397e-08,2.1090079250960263e-08,2.1101760442313176e-08,2.111344273316612e-08,2.1125126123300074e-08,2.113681060989839e-08,2.114849619131179e-08,2.11601828658042e-08,2.117187063142567e-08,2.1183559486397815e-08,2.1195249429670574e-08,2.1206940458212108e-08,2.1218632570507168e-08,2.123032576507649e-08,2.1242020039688476e-08,2.1253715392852728e-08,2.1265411822646803e-08,2.1277109327339917e-08,2.1288807905140447e-08,2.130050755421426e-08,2.1312208272760484e-08,2.1323910059108474e-08,2.1335612911246732e-08,2.1347316827462328e-08,2.1359021806106277e-08,2.1370727845339734e-08,2.1382434943056862e-08,2.1394143097874087e-08,2.1405852308242915e-08,2.1417562571326972e-08,2.142927388598041e-08,2.144098625039814e-08,2.1452699662783002e-08,2.146441412158249e-08,2.1476129624700263e-08,2.1487846170438918e-08,2.1499563757088468e-08,2.151128238284116e-08,2.1523002046121352e-08,2.1534722744782013e-08,2.154644447726169e-08,2.1558167241732583e-08,2.156989103623489e-08,2.158161585902353e-08,2.1593341709020198e-08,2.1605068583979817e-08,2.161679648223576e-08,2.1628525401893065e-08,2.1640255341056336e-08,2.1651986298387145e-08,2.166371827191055e-08,2.1675451259861313e-08,2.168718526050378e-08,2.1698920272117615e-08,2.1710656292947405e-08,2.1722393321332444e-08,2.1734131355311462e-08,2.1745870393228345e-08,2.175761043339504e-08,2.176935147369246e-08,2.178109351290005e-08,2.1792836549698773e-08,2.180458058106481e-08,2.181632560680162e-08,2.1828071623863865e-08,2.1839818630536075e-08,2.1851566626191493e-08,2.1863315608284346e-08,2.187506557534066e-08,2.188681652556041e-08,2.1898568457191785e-08,2.1910321368561196e-08,2.1922075257982267e-08,2.193383012356246e-08,2.1945585964059228e-08,2.1957342777187367e-08,2.196910056149399e-08,2.1980859315189584e-08,2.1992619036670235e-08,2.200437972392211e-08,2.2016141375763448e-08,2.2027903990191646e-08,2.203966756549744e-08,2.2051432100057863e-08,2.2063197592078807e-08,2.2074964039575887e-08,2.2086731441338042e-08,2.2098499795582757e-08,2.211026910080816e-08,2.2122039354910994e-08,2.2133810556317483e-08,2.2145582703561786e-08,2.2157355794578624e-08,2.2169129827634235e-08,2.2180904801339382e-08,2.2192680714057297e-08,2.2204457564020458e-08,2.221623534951878e-08,2.2228014068885534e-08,2.2239793720620936e-08,2.2251574302629675e-08,2.2263355813209015e-08,2.2275138251195337e-08,2.228692161463658e-08,2.2298705901740478e-08,2.2310491111125313e-08,2.23222772409386e-08,2.2334064289576484e-08,2.2345852255297136e-08,2.2357641136514367e-08,2.236943093164082e-08,2.238122163888122e-08,2.2393013256546326e-08,2.2404805782889116e-08,2.2416599216580597e-08,2.2428393555813786e-08,2.2440188798930815e-08,2.2451984943934515e-08,2.2463781989815738e-08,2.247557993458876e-08,2.2487378776660076e-08,2.2499178514367417e-08,2.25109791464802e-08,2.2522780670317815e-08,2.2534583084797946e-08,2.2546386388630716e-08,2.255819057989641e-08,2.2569995656850084e-08,2.258180161765539e-08,2.2593608461291494e-08,2.2605416186082306e-08,2.261722478987681e-08,2.262903427109003e-08,2.2640844628524494e-08,2.2652655860318342e-08,2.2664467964849334e-08,2.2676280940286637e-08,2.2688094785471438e-08,2.2699909498531014e-08,2.2711725077446956e-08,2.272354152141263e-08,2.2735358828375736e-08,2.2747176996560552e-08,2.275899602428732e-08,2.2770815910737825e-08,2.2782636653719537e-08,2.279445825169991e-08,2.2806280703043175e-08,2.281810400608663e-08,2.2829928159314364e-08,2.284175316124911e-08,2.285357901000194e-08,2.286540570388532e-08,2.2877233241690606e-08,2.2889061621408116e-08,2.2900890841746193e-08,2.291272090149689e-08,2.2924551798707267e-08,2.2936383531401714e-08,2.2948216098273815e-08,2.2960049497706922e-08,2.2971883728223657e-08,2.298371878811651e-08,2.299555467586511e-08,2.3007391389878077e-08,2.3019228928531634e-08,2.303106729031126e-08,2.3042906474298865e-08,2.3054746477250145e-08,2.306658729956913e-08,2.3078428938008687e-08,2.3090271391995563e-08,2.310211465928666e-08,2.3113958738685784e-08,2.31258036291664e-08,2.313764932867192e-08,2.3149495834890958e-08,2.3161343146557077e-08,2.317319126294256e-08,2.3185040181938043e-08,2.3196889902658938e-08,2.3208740423066967e-08,2.322059174081772e-08,2.3232443855729724e-08,2.3244296764229426e-08,2.32561504666988e-08,2.326800496094527e-08,2.3279860245499697e-08,2.3291716318673488e-08,2.3303573179081556e-08,2.3315430825323915e-08,2.332728925540865e-08,2.3339148468107946e-08,2.3351008461725956e-08,2.3362869234770795e-08,2.3374730786062152e-08,2.3386593113378267e-08,2.339845621624423e-08,2.341032009170636e-08,2.3422184739625535e-08,2.3434050157114523e-08,2.3445916343286122e-08,2.345778329667109e-08,2.3469651015661797e-08,2.348151949944746e-08,2.3493388745165948e-08,2.3505258751983645e-08,2.351712951835499e-08,2.3529001042596187e-08,2.354087332348878e-08,2.355274635907133e-08,2.356462014881995e-08,2.3576494690790634e-08,2.358836998269447e-08,2.3600246023852503e-08,2.361212281264432e-08,2.3624000347310316e-08,2.363587862582776e-08,2.364775764723431e-08,2.365963740997209e-08,2.3671517913013614e-08,2.3683399154838545e-08,2.3695281133400488e-08,2.370716384679517e-08,2.371904729406182e-08,2.3730931473567952e-08,2.3742816384171023e-08,2.3754702024863055e-08,2.3766588392711554e-08,2.3778475487394698e-08,2.3790363306345115e-08,2.3802251849120123e-08,2.3814141113807813e-08,2.3826031098967757e-08,2.3837921803174894e-08,2.3849813225424685e-08,2.3861705363659594e-08,2.387359821650159e-08,2.3885491781573615e-08,2.3897386057893616e-08,2.3909281044920943e-08,2.392117674043634e-08,2.3933073143166535e-08,2.3944970251677752e-08,2.3956868064289653e-08,2.3968766580111322e-08,2.398066579731479e-08,2.3992565714115123e-08,2.4004466329449207e-08,2.4016367641133223e-08,2.4028269647530114e-08,2.4040172348644393e-08,2.4052075741904393e-08,2.406397982643875e-08,2.4075884601279777e-08,2.4087790063731453e-08,2.4099696213333758e-08,2.4111603048140205e-08,2.4123510566042715e-08,2.413541876663309e-08,2.4147327647681774e-08,2.4159237208186068e-08,2.4171147447021402e-08,2.418305836201697e-08,2.4194969951942407e-08,2.420688221571798e-08,2.4218795151456728e-08,2.4230708758803186e-08,2.4242623035109644e-08,2.4254537978903277e-08,2.4266453589223864e-08,2.4278369864996838e-08,2.4290286804014337e-08,2.4302204405538094e-08,2.4314122667288305e-08,2.4326041588690197e-08,2.433796116750347e-08,2.4349881403489033e-08,2.436180229372146e-08,2.4373723836945537e-08,2.438564603299133e-08,2.4397568879620157e-08,2.4409492376232995e-08,2.4421416520355174e-08,2.443334131070626e-08,2.444526674630438e-08,2.44571928254552e-08,2.4469119547315653e-08,2.448104690944609e-08,2.4492974910897344e-08,2.450490355045721e-08,2.451683282705503e-08,2.452876273854179e-08,2.4540693283392507e-08,2.4552624461171483e-08,2.456455626980573e-08,2.457648870785427e-08,2.458842177403875e-08,2.4600355466860853e-08,2.4612289785097354e-08,2.4624224727242138e-08,2.4636160292587902e-08,2.4648096478997513e-08,2.4660033284677283e-08,2.4671970708781243e-08,2.4683908749776388e-08,2.469584740677548e-08,2.470778667776817e-08,2.471972656143692e-08,2.473166705646079e-08,2.47436081616496e-08,2.4755549875672926e-08,2.4767492196933993e-08,2.4779435124096768e-08,2.4791378656096466e-08,2.480332279092311e-08,2.4815267527607942e-08,2.4827212865516486e-08,2.4839158801660925e-08,2.485110533532086e-08,2.486305246555792e-08,2.48750001893075e-08,2.4886948507729776e-08,2.4898897419290723e-08,2.4910846920697736e-08,2.492279701185263e-08,2.4934747690942818e-08,2.494669895720495e-08,2.4958650808492395e-08,2.49706032442992e-08,2.4982556262228083e-08,2.499450986131269e-08,2.5006464040533254e-08,2.5018418798288537e-08,2.5030374133296602e-08,2.5042330044441204e-08,2.5054286530165025e-08,2.5066243588822294e-08,2.507820121926924e-08,2.5090159420140256e-08,2.5102118190213355e-08,2.5114077528108122e-08,2.5126037432555392e-08,2.5137997901850136e-08,2.5149958935020553e-08,2.516192053059815e-08,2.5173882687237415e-08,2.518584540333137e-08,2.519780867808627e-08,2.5209772510095697e-08,2.522173689783804e-08,2.5233701840118833e-08,2.5245667335386245e-08,2.5257633382388358e-08,2.526959998003015e-08,2.5281567126102588e-08,2.529353482029889e-08,2.5305503061086926e-08,2.5317471847042287e-08,2.5329441176862047e-08,2.53414110490904e-08,2.5353381462448703e-08,2.5365352415845547e-08,2.5377323907627947e-08,2.538929593669032e-08,2.5401268501619105e-08,2.5413241600978354e-08,2.5425215233798435e-08,2.5437189398530966e-08,2.5449164093891105e-08,2.546113931868676e-08,2.54731150715564e-08,2.5485091351014026e-08,2.549706815646922e-08,2.550904548533946e-08,2.552102333723775e-08,2.553300171130081e-08,2.5544980605808557e-08,2.5556960018456642e-08,2.5568939948743045e-08,2.5580920395277302e-08,2.559290135682703e-08,2.56048828319126e-08,2.5616864819661888e-08,2.5628847318575297e-08,2.564083032754933e-08,2.5652813844976475e-08,2.566479786970343e-08,2.5676782400397572e-08,2.568876743611871e-08,2.5700752974978237e-08,2.571273901588209e-08,2.5724725557852288e-08,2.5736712599302884e-08,2.5748700139061963e-08,2.5760688175742566e-08,2.5772676708246646e-08,2.5784665735318226e-08,2.5796655255367244e-08,2.5808645267534154e-08,2.5820635770563984e-08,2.583262676302335e-08,2.5844618243293262e-08,2.585661021059188e-08,2.586860266323084e-08,2.5880595600360147e-08,2.589258902055297e-08,2.590458292271134e-08,2.5916577304659623e-08,2.5928572165603543e-08,2.5940567505172933e-08,2.5952563321592096e-08,2.596455961213142e-08,2.5976556378626913e-08,2.598855361772421e-08,2.600055132874341e-08,2.601254951068225e-08,2.602454816117261e-08,2.603654727965129e-08,2.604854686486129e-08,2.6060546915511106e-08,2.607254743019938e-08,2.6084548408066956e-08,2.609654984763656e-08,2.6108551747719328e-08,2.6120554107104556e-08,2.613255692442129e-08,2.6144560198471442e-08,2.615656392879485e-08,2.6168568112419757e-08,2.6180572749250627e-08,2.619257783724767e-08,2.6204583376775463e-08,2.621658936500572e-08,2.622859580111753e-08,2.6240602684945075e-08,2.6252610014367355e-08,2.626461778771931e-08,2.6276626004561938e-08,2.6288634663458035e-08,2.6300643763252108e-08,2.631265330248619e-08,2.6324663279946752e-08,2.6336673694643942e-08,2.6348684545018557e-08,2.636069582997202e-08,2.6372707548357784e-08,2.638471969925377e-08,2.639673228094799e-08,2.640874529240309e-08,2.642075873236e-08,2.6432772599748953e-08,2.6444786893144237e-08,2.6456801611557506e-08,2.646881675370819e-08,2.6480832318403454e-08,2.649284830348193e-08,2.6504864709482534e-08,2.6516881534314362e-08,2.6528898776807278e-08,2.6540916435951075e-08,2.6552934510227298e-08,2.6564952998743117e-08,2.657697190041964e-08,2.6588991213240714e-08,2.6601010936808624e-08,2.661303106966601e-08,2.662505161060613e-08,2.6637072558508083e-08,2.664909391203157e-08,2.666111567016058e-08,2.6673137831484163e-08,2.6685160394870903e-08,2.6697183359505753e-08,2.6709206723928577e-08,2.672123048736672e-08,2.6733254647844253e-08,2.6745279204457764e-08,2.6757304156201157e-08,2.67693295018532e-08,2.6781355240034103e-08,2.6793381369812526e-08,2.680540788968777e-08,2.6817434798857684e-08,2.682946209620727e-08,2.684148978039561e-08,2.68535178501313e-08,2.6865546304317598e-08,2.6877575141786438e-08,2.6889604361408022e-08,2.6901633961957954e-08,2.691366394234002e-08,2.6925694301317536e-08,2.693772503775236e-08,2.6949756150407592e-08,2.6961787638287188e-08,2.6973819500278135e-08,2.6985851734707448e-08,2.6997884341040956e-08,2.7009917317710698e-08,2.7021950663898173e-08,2.7033984378476983e-08,2.7046018459399203e-08,2.705805290650343e-08,2.707008771838908e-08,2.708212289391459e-08,2.7094158431905513e-08,2.710619433117396e-08,2.7118230590534224e-08,2.7130267208890227e-08,2.7142304185109846e-08,2.7154341518177487e-08,2.7166379206580766e-08,2.717841724944826e-08,2.7190455645575984e-08,2.7202494393728207e-08,2.7214533492967672e-08,2.722657294194299e-08,2.723861273952447e-08,2.725065288472702e-08,2.7262693376516454e-08,2.7274734213411833e-08,2.728677539456712e-08,2.7298816918784294e-08,2.7310858784915025e-08,2.7322900991778213e-08,2.73349435382556e-08,2.7346986423306335e-08,2.7359029645795587e-08,2.7371073204481877e-08,2.738311709751684e-08,2.7395161325358322e-08,2.740720588603714e-08,2.7419250778568693e-08,2.7431296001745246e-08,2.7443341554516583e-08,2.745538743575019e-08,2.7467433644165538e-08,2.7479480178878683e-08,2.749152703860389e-08,2.750357422222942e-08,2.751562172848176e-08,2.752766955669888e-08,2.7539717705583338e-08,2.7551766173965002e-08,2.756381496078145e-08,2.757586406456444e-08,2.7587913484871597e-08,2.759996322011307e-08,2.761201326950197e-08,2.7624063631753608e-08,2.763611430560218e-08,2.7648165290327362e-08,2.766021658454075e-08,2.7672268187283032e-08,2.7684320097460035e-08,2.7696372313912728e-08,2.7708424835487625e-08,2.7720477661010317e-08,2.7732530789661692e-08,2.77445842203927e-08,2.7756637951901342e-08,2.776869198318655e-08,2.7780746313205054e-08,2.7792800940656933e-08,2.7804855864591692e-08,2.78169110817664e-08,2.7828966595434853e-08,2.7841022402225888e-08,2.785307850116267e-08,2.7865134891167187e-08,2.7877191571171105e-08,2.7889248540132577e-08,2.79013057968433e-08,2.7913363339644767e-08,2.792542116855997e-08,2.7937479282221916e-08,2.7949537679340756e-08,2.7961596358911182e-08,2.797365531986532e-08,2.798571456116181e-08,2.7997774081111062e-08,2.800983387934162e-08,2.8021893955045285e-08,2.8033954306630258e-08,2.8046014933297965e-08,2.80580758339424e-08,2.807013700731635e-08,2.8082198452324044e-08,2.809426016826233e-08,2.810632215373845e-08,2.8118384407192455e-08,2.813044692870618e-08,2.8142509716787442e-08,2.8154572770160206e-08,2.8166636087894485e-08,2.8178699668945227e-08,2.8190763512141337e-08,2.820282761662873e-08,2.821489198122048e-08,2.8226956604918533e-08,2.8239021486562793e-08,2.825108662516725e-08,2.8263152019680753e-08,2.8275217669110368e-08,2.8287283572627285e-08,2.829934972883122e-08,2.831141613671434e-08,2.8323482795400118e-08,2.8335549703655354e-08,2.8347616860607243e-08,2.835968426511258e-08,2.8371751916210255e-08,2.8383819812757315e-08,2.839588795381737e-08,2.8407956338343742e-08,2.842002496526721e-08,2.843209383361768e-08,2.8444162942236273e-08,2.8456232290166477e-08,2.8468301876372965e-08,2.8480371699806925e-08,2.849244175950624e-08,2.8504512054269897e-08,2.85165825834898e-08,2.852865334567946e-08,2.8540724339978447e-08,2.855279556533248e-08,2.8564867020804296e-08,2.8576938705582225e-08,2.8589010618489696e-08,2.8601082758057968e-08,2.8613155123598455e-08,2.862522771409073e-08,2.8637300528491695e-08,2.8649373565814558e-08,2.8661446825098597e-08,2.8673520305314917e-08,2.8685594005415458e-08,2.869766792446132e-08,2.870974206169357e-08,2.872181641526067e-08,2.8733890984791784e-08,2.874596576926108e-08,2.8758040767672675e-08,2.87701159787043e-08,2.8782191401762355e-08,2.879426703564017e-08,2.8806342879207398e-08,2.8818418931581193e-08,2.8830495191858293e-08,2.8842571658896383e-08,2.885464833181909e-08,2.8866725209548442e-08,2.887880229109767e-08,2.8890879575507564e-08,2.8902957061720307e-08,2.891503474877617e-08,2.8927112635658996e-08,2.8939190721584287e-08,2.895126900522952e-08,2.896334748574844e-08,2.897542616212572e-08,2.898750503343468e-08,2.8999584098481458e-08,2.901166335672432e-08,2.9023742806620313e-08,2.9035822447602268e-08,2.9047902278597585e-08,2.90599822985818e-08,2.9072062506584817e-08,2.9084142901618384e-08,2.909622348252222e-08,2.910830424867086e-08,2.9120385198918298e-08,2.9132466331422736e-08,2.9144547647679315e-08,2.915662914433797e-08,2.9168710821197392e-08,2.9180792677278576e-08,2.9192874711586997e-08,2.920495692311477e-08,2.9217039310996096e-08,2.922912187428652e-08,2.9241204611851737e-08,2.9253287522809083e-08,2.9265370605596026e-08,2.9277453860808115e-08,2.9289537286222115e-08,2.9301620881148534e-08,2.931370464463382e-08,2.9325788575698297e-08,2.933787267347935e-08,2.9349956936970327e-08,2.9362041365159922e-08,2.9374125957221212e-08,2.9386210712024564e-08,2.9398295628711318e-08,2.9410380706254862e-08,2.9422465943969442e-08,2.943455134023778e-08,2.944663689487036e-08,2.9458722606463318e-08,2.9470808474243587e-08,2.9482894497260637e-08,2.9494980674551622e-08,2.950706700514558e-08,2.951915348809896e-08,2.953124012226638e-08,2.9543326907077445e-08,2.9555413841344335e-08,2.956750092425414e-08,2.9579588154601306e-08,2.9591675531878418e-08,2.9603763054833683e-08,2.96158507227346e-08,2.9627938535783728e-08,2.9640026490511626e-08,2.9652114587172973e-08,2.9664202824879378e-08,2.9676291202771985e-08,2.9688379719537534e-08,2.9700468374883837e-08,2.971255716757157e-08,2.972464609647775e-08,2.9736735161072842e-08,2.9748824360216147e-08,2.97609136930136e-08,2.9773003158394862e-08,2.9785092755584155e-08,2.9797182483393726e-08,2.9809272341510065e-08,2.9821362327399935e-08,2.9833452442424676e-08,2.98455426845856e-08,2.9857633052132966e-08,2.9869723545859004e-08,2.988181416395458e-08,2.989390490550269e-08,2.990599576963865e-08,2.991808675523274e-08,2.993017786170217e-08,2.9942269087749524e-08,2.995436043293189e-08,2.996645189593341e-08,2.997854347619324e-08,2.999063517255797e-08,3.000272698421786e-08,3.0014818910155936e-08,3.0026910949535044e-08,3.0039003101484804e-08,3.005109536484963e-08,3.006318773909573e-08,3.0075280223112435e-08,3.008737281499884e-08,3.0099465515957814e-08,3.011155832401491e-08,3.0123651238282534e-08,3.013574425780649e-08,3.0147837381734917e-08,3.015993060918962e-08,3.01720239392152e-08,3.0184117370970475e-08,3.019621090337679e-08,3.0208304535752746e-08,3.0220398267183967e-08,3.023249209680636e-08,3.024458602368183e-08,3.025668004688371e-08,3.026877416549619e-08,3.028086837814202e-08,3.0292962685018566e-08,3.030505708466657e-08,3.031715157607973e-08,3.032924615867381e-08,3.0341340831328496e-08,3.03534355932586e-08,3.036553044358737e-08,3.0377625381395225e-08,3.038972040580063e-08,3.04018155158942e-08,3.041391071085029e-08,3.0426005989594775e-08,3.0438101351712604e-08,3.045019679461793e-08,3.046229231932612e-08,3.04743879247019e-08,3.0486483610662425e-08,3.049857937491995e-08,3.051067521743e-08,3.052277113673712e-08,3.053486713172217e-08,3.054696320211762e-08,3.055905934678169e-08,3.0571155565251664e-08,3.0583251855962786e-08,3.059534821888641e-08,3.060744465226284e-08,3.061954115566391e-08,3.063163772822864e-08,3.064373436899711e-08,3.065583107723871e-08,3.0667927852042625e-08,3.06800246929494e-08,3.069212159814965e-08,3.070421856747268e-08,3.071631559998211e-08,3.0728412694911674e-08,3.0740509850998077e-08,3.075260706762088e-08,3.0764704343917574e-08,3.0776801679114467e-08,3.078889907215431e-08,3.0800996522522804e-08,3.081309402912717e-08,3.082519159116612e-08,3.0837289207813534e-08,3.084938687815734e-08,3.086148460109318e-08,3.0873582376983946e-08,3.0885680203438395e-08,3.089777808061542e-08,3.090987600691168e-08,3.092197398211589e-08,3.093407200475448e-08,3.094617007457776e-08,3.095826819049376e-08,3.097036635164098e-08,3.0982464557237156e-08,3.099456280660636e-08,3.100666109866984e-08,3.101875943267346e-08,3.1030857807740875e-08,3.104295622226107e-08,3.10550546769783e-08,3.106715317045125e-08,3.10792517015952e-08,3.1091350269578164e-08,3.11034488736647e-08,3.111554751311124e-08,3.112764618696108e-08,3.113974489342365e-08,3.115184363364262e-08,3.116394240581845e-08,3.117604120906083e-08,3.1188140042634556e-08,3.120023890578984e-08,3.1212337797998203e-08,3.122443671763429e-08,3.1236535664288465e-08,3.124863463678055e-08,3.126073363500796e-08,3.127283265845959e-08,3.12849317049029e-08,3.129703077433471e-08,3.130912986566798e-08,3.132122897842446e-08,3.1333328111661096e-08,3.1345427264443204e-08,3.135752643632853e-08,3.136962562663906e-08,3.138172483365381e-08,3.1393824056999587e-08,3.140592329577715e-08,3.14180225494407e-08,3.143012181718812e-08,3.144222109776968e-08,3.145432039104768e-08,3.14664196959014e-08,3.147851901135463e-08,3.14906183367555e-08,3.1502717671252005e-08,3.151481701409215e-08,3.15269163644518e-08,3.153901572173117e-08,3.1551115084617555e-08,3.156321445305436e-08,3.1575313825626724e-08,3.158741320129574e-08,3.159951257994851e-08,3.1611611960525195e-08,3.1623711342253936e-08,3.1635810724421797e-08,3.164791010602226e-08,3.1660009486339736e-08,3.167210886463556e-08,3.16842082401306e-08,3.169630761195309e-08,3.170840697926488e-08,3.1720506341262876e-08,3.1732605697508954e-08,3.1744705047102734e-08,3.1756804388917495e-08,3.176890372228751e-08,3.178100304636333e-08,3.179310236071147e-08,3.180520166424908e-08,3.181730095628799e-08,3.182940023604134e-08,3.184149950282342e-08,3.18535987556183e-08,3.186569799385398e-08,3.1877797216481035e-08,3.1889896423173355e-08,3.190199561295345e-08,3.1914094784944665e-08,3.192619393839422e-08,3.193829307253372e-08,3.195039218640358e-08,3.196249127965979e-08,3.197459035127228e-08,3.198668940044668e-08,3.199878842651603e-08,3.2010887428657026e-08,3.2022986406106384e-08,3.2035085358012245e-08,3.204718428358587e-08,3.20592831822522e-08,3.2071382053132146e-08,3.208348089552192e-08,3.209557970851081e-08,3.210767849144422e-08,3.2119777243633765e-08,3.213187596424759e-08,3.2143974652798206e-08,3.2156073307870774e-08,3.216817192898419e-08,3.2180270515267434e-08,3.2192369066320976e-08,3.220446758128261e-08,3.2216566059303864e-08,3.222866449964213e-08,3.2240762901558074e-08,3.225286126477965e-08,3.2264959587515553e-08,3.227705786958635e-08,3.228915611021922e-08,3.2301254308601526e-08,3.2313352463996297e-08,3.23254505763405e-08,3.233754864304743e-08,3.234964666512744e-08,3.236174464123067e-08,3.237384257063595e-08,3.238594045247854e-08,3.2398038286216035e-08,3.2410136071255655e-08,3.2422233806189954e-08,3.243433149084131e-08,3.244642912431072e-08,3.2458526705802724e-08,3.247062423423581e-08,3.2482721709715765e-08,3.2494819131077276e-08,3.25069164976238e-08,3.251901380855618e-08,3.2531111063097735e-08,3.254320826045967e-08,3.2555305400048285e-08,3.2567402481001376e-08,3.257949950265069e-08,3.259159646419395e-08,3.260369336494584e-08,3.261579020428275e-08,3.2627886981354515e-08,3.2639983695447386e-08,3.2652080346293975e-08,3.266417693228009e-08,3.26762734529838e-08,3.268836990789331e-08,3.2700466296179573e-08,3.271256261711748e-08,3.2724658869934747e-08,3.273675505398659e-08,3.2748851168484336e-08,3.2760947212764596e-08,3.277304318606841e-08,3.278513908775411e-08,3.2797234917058664e-08,3.2809330671954684e-08,3.2821426354186685e-08,3.2833521961853767e-08,3.284561749425758e-08,3.285771295056334e-08,3.286980833014142e-08,3.288190363229256e-08,3.289399885449471e-08,3.2906093999575465e-08,3.291818906505026e-08,3.293028405023376e-08,3.2942378954355806e-08,3.295447377703646e-08,3.2966568516993655e-08,3.2978663173798404e-08,3.299075774677188e-08,3.300285223510164e-08,3.3014946638332914e-08,3.302704095540317e-08,3.303913518571812e-08,3.3051229328676934e-08,3.306332338356483e-08,3.3075417349608846e-08,3.3087511225878294e-08,3.3099605012077216e-08,3.311169870839357e-08,3.312379231219595e-08,3.313588582360231e-08,3.3147979241933835e-08,3.316007256656221e-08,3.317216579670113e-08,3.318425893170409e-08,3.31963519709128e-08,3.320844491361835e-08,3.322053775901023e-08,3.323263050656243e-08,3.3244723156061663e-08,3.3256815705682334e-08,3.3268908154992036e-08,3.328100050392997e-08,3.329309275126091e-08,3.330518489672025e-08,3.331727693927925e-08,3.3329368878474934e-08,3.3341460713497576e-08,3.335355244368862e-08,3.336564406833993e-08,3.337773558736011e-08,3.338982699897077e-08,3.340191830321184e-08,3.3414009498863816e-08,3.3426100586045675e-08,3.3438191562683374e-08,3.345028242931547e-08,3.346237318609428e-08,3.347446382999479e-08,3.3486554361678076e-08,3.3498644780305644e-08,3.3510735085190874e-08,3.352282527561288e-08,3.3534915350997164e-08,3.354700531062682e-08,3.355909515382426e-08,3.357118487988708e-08,3.3583274488788507e-08,3.3595363978522475e-08,3.360745334988664e-08,3.3619542600627244e-08,3.3631631731010164e-08,3.364372074006818e-08,3.3655809627356874e-08,3.36678983923219e-08,3.3679987033842176e-08,3.3692075551639156e-08,3.3704163944871206e-08,3.371625221289322e-08,3.3728340355693664e-08,3.374042837143505e-08,3.3752516260022534e-08,3.376460402135423e-08,3.3776691653569725e-08,3.378877915659079e-08,3.3800866529719545e-08,3.3812953772421773e-08,3.382504088366539e-08,3.383712786337411e-08,3.38492147105266e-08,3.386130142459606e-08,3.3873388004826486e-08,3.388547445036103e-08,3.38975607611494e-08,3.3909646936197006e-08,3.3921732974069226e-08,3.3933818875480264e-08,3.3945904639130564e-08,3.3957990264345856e-08,3.397007575054469e-08,3.398216109700031e-08,3.39942463039712e-08,3.400633136912859e-08,3.401841629261022e-08,3.4030501073724085e-08,3.404258571208146e-08,3.405467020657599e-08,3.4066754556764435e-08,3.407883876249737e-08,3.409092282237293e-08,3.410300673608925e-08,3.411509050260125e-08,3.412717412224853e-08,3.41392575933364e-08,3.415134091562684e-08,3.4163424088765244e-08,3.417550711171293e-08,3.418758998388636e-08,3.419967270481506e-08,3.421175527361892e-08,3.422383768995366e-08,3.423591995298105e-08,3.424800206198081e-08,3.426008401656814e-08,3.427216581551845e-08,3.428424745935718e-08,3.4296328946285036e-08,3.430841027634707e-08,3.432049144883433e-08,3.433257246292425e-08,3.4344653317948606e-08,3.435673401300191e-08,3.436881454870009e-08,3.438089492295601e-08,3.4392975135416564e-08,3.440505518372058e-08,3.44171350715611e-08,3.4429214795607194e-08,3.444129435601675e-08,3.4453373752065645e-08,3.4465452982563734e-08,3.447753204715573e-08,3.448961094522751e-08,3.450168967607772e-08,3.4513768239186725e-08,3.452584663389982e-08,3.4537924859533536e-08,3.455000291589589e-08,3.4562080801337645e-08,3.457415851620957e-08,3.458623605960528e-08,3.459831343117619e-08,3.461039062955037e-08,3.4622467654659216e-08,3.4634544505712596e-08,3.464662118257331e-08,3.465869768385512e-08,3.467077400946805e-08,3.468285015841281e-08,3.46949261307311e-08,3.4707001925045924e-08,3.471907754092162e-08,3.473115297813296e-08,3.4743228235749924e-08,3.4755303313236056e-08,3.4767378209767886e-08,3.477945292526859e-08,3.479152745764359e-08,3.480360180850707e-08,3.481567597697653e-08,3.482774996124476e-08,3.483982376068644e-08,3.4851897375221206e-08,3.48639708041567e-08,3.487604404730143e-08,3.488811710325426e-08,3.4900189971775693e-08,3.491226265223749e-08,3.4924335144342084e-08,3.4936407447018346e-08,3.494847955975691e-08,3.496055148156523e-08,3.497262321300855e-08,3.4984694753110043e-08,3.499676610077444e-08,3.500883725629205e-08,3.5020908217504115e-08,3.503297898465635e-08,3.504504955719646e-08,3.505711993433778e-08,3.50691901164467e-08,3.50812601017936e-08,3.509332989010441e-08,3.510539948091857e-08,3.511746887357119e-08,3.512953806771852e-08,3.514160706205931e-08,3.5153675856598726e-08,3.5165744450749314e-08,3.517781284378202e-08,3.518988103525125e-08,3.5201949024070896e-08,3.521401680997884e-08,3.522608439262565e-08,3.5238151771125063e-08,3.525021894467319e-08,3.5262285913537756e-08,3.5274352676379573e-08,3.528641923283839e-08,3.529848558233539e-08,3.5310551724477964e-08,3.532261765808913e-08,3.533468338311972e-08,3.53467488989408e-08,3.5358814204784846e-08,3.537087930012129e-08,3.538294418445435e-08,3.5395008857015796e-08,3.540707331716949e-08,3.5419137564990605e-08,3.543120159936214e-08,3.544326541980813e-08,3.5455329025666876e-08,3.5467392416626114e-08,3.547945559210958e-08,3.549151855127353e-08,3.550358129339898e-08,3.551564381940627e-08,3.55277061262466e-08,3.553976821459614e-08,3.5551830084087097e-08,3.556389173305026e-08,3.557595316258671e-08,3.5588014371535423e-08,3.560007535876253e-08,3.5612136125132904e-08,3.562419666689147e-08,3.563625698665772e-08,3.56483170827631e-08,3.5660376954673415e-08,3.5672436601793037e-08,3.568449602358879e-08,3.569655521943627e-08,3.570861418898863e-08,3.5720672931794264e-08,3.5732731446429684e-08,3.5744789733210614e-08,3.57568477910581e-08,3.576890561986017e-08,3.578096321914777e-08,3.579302058746205e-08,3.580507772518187e-08,3.58171346314357e-08,3.582919130562997e-08,3.584124774721549e-08,3.5853303955710336e-08,3.586535993048818e-08,3.587741567093205e-08,3.5889471176334544e-08,3.590152644664918e-08,3.5913581480957174e-08,3.5925636278820406e-08,3.593769083974666e-08,3.594974516299967e-08,3.596179924795297e-08,3.597385309444868e-08,3.59859067017432e-08,3.5997960069128526e-08,3.601001319671074e-08,3.602206608351321e-08,3.603411872825076e-08,3.604617113074699e-08,3.6058223291160296e-08,3.6070275208394e-08,3.608232688222661e-08,3.609437831174419e-08,3.610642949653154e-08,3.611848043601783e-08,3.613053112980492e-08,3.614258157737841e-08,3.615463177775089e-08,3.616668173120332e-08,3.617873143644571e-08,3.6190780893260775e-08,3.6202830101347084e-08,3.6214879060052493e-08,3.622692776829131e-08,3.623897622575947e-08,3.625102443204847e-08,3.626307238725677e-08,3.6275120089479254e-08,3.6287167539083455e-08,3.629921473551618e-08,3.631126167781056e-08,3.632330836620918e-08,3.6335354799092386e-08,3.634740097686254e-08,3.63594468986186e-08,3.637149256426983e-08,3.638353797244125e-08,3.6395583123157174e-08,3.6407628015711784e-08,3.641967264968994e-08,3.64317170244975e-08,3.6443761139917374e-08,3.645580499374238e-08,3.646784858797484e-08,3.647989192083719e-08,3.649193499201583e-08,3.650397780074951e-08,3.651602034693546e-08,3.652806262953508e-08,3.6540104648180874e-08,3.655214640280321e-08,3.6564187892290175e-08,3.657622911618257e-08,3.658827007347199e-08,3.660031076477412e-08,3.6612351189235545e-08,3.6624391346183795e-08,3.663643123510282e-08,3.66484708556384e-08,3.6660510207901434e-08,3.667254928947368e-08,3.668458810221709e-08,3.669662664314106e-08,3.670866491184444e-08,3.672070291056376e-08,3.67327406364546e-08,3.6744778089709535e-08,3.675681527080356e-08,3.676885217706856e-08,3.6780888809089485e-08,3.679292516662478e-08,3.68049612486881e-08,3.6816997054905497e-08,3.6829032585446e-08,3.684106783874112e-08,3.685310281465245e-08,3.686513751278742e-08,3.6877171932995004e-08,3.6889206074016095e-08,3.690123993568041e-08,3.691327351771469e-08,3.692530681963469e-08,3.6937339840431775e-08,3.694937257994413e-08,3.696140503740988e-08,3.6973437212560516e-08,3.698546910481905e-08,3.6997500713770065e-08,3.700953203877756e-08,3.7021563079321785e-08,3.703359383532627e-08,3.704562430581439e-08,3.7057654490510396e-08,3.706968438873728e-08,3.708171400057126e-08,3.7093743324133034e-08,3.71057723600124e-08,3.71178011072899e-08,3.7129829566336384e-08,3.714185773582708e-08,3.715388561554312e-08,3.71659132049627e-08,3.7177940503309304e-08,3.7189967510558436e-08,3.72019942258016e-08,3.7214020648802155e-08,3.722604677968417e-08,3.723807261676971e-08,3.725009815995504e-08,3.726212340887284e-08,3.727414836303e-08,3.728617302195484e-08,3.7298197385153055e-08,3.7310221452127747e-08,3.732224522241357e-08,3.733426869554089e-08,3.734629187109544e-08,3.735831474845047e-08,3.737033732694271e-08,3.7382359606229284e-08,3.739438158591929e-08,3.740640326541538e-08,3.7418424644292945e-08,3.7430445722113075e-08,3.744246649867668e-08,3.745448697287135e-08,3.746650714542831e-08,3.7478527013432486e-08,3.749054657861361e-08,3.750256583952283e-08,3.7514584796143335e-08,3.752660344783245e-08,3.753862179332016e-08,3.755063983369037e-08,3.756265756761144e-08,3.7574674994745547e-08,3.7586692114506584e-08,3.759870892645462e-08,3.761072542991547e-08,3.7622741624856734e-08,3.763475751061644e-08,3.764677308657523e-08,3.7658788352522723e-08,3.767080330749477e-08,3.768281795150826e-08,3.7694832283847775e-08,3.77068463041214e-08,3.7718860011936e-08,3.773087340695802e-08,3.7742886489742114e-08,3.775489925666744e-08,3.776691170950039e-08,3.777892384743587e-08,3.7790935670111415e-08,3.7802947176579977e-08,3.781495836711155e-08,3.7826969240784427e-08,3.783897979726526e-08,3.7850990036064376e-08,3.786299995632108e-08,3.787500955841848e-08,3.788701884182263e-08,3.789902780514249e-08,3.791103644854012e-08,3.792304477114564e-08,3.793505277293941e-08,3.7947060453532127e-08,3.795906781226997e-08,3.797107484855725e-08,3.7983081562065546e-08,3.799508795235569e-08,3.8007094019003556e-08,3.801909976147441e-08,3.8031105178231053e-08,3.804311027092678e-08,3.805511503912821e-08,3.806711947975114e-08,3.807912359467236e-08,3.809112738349267e-08,3.810313084368503e-08,3.8115133976241014e-08,3.8127136780724566e-08,3.813913925634305e-08,3.8151141402680546e-08,3.816314321976326e-08,3.817514470651721e-08,3.8187145863039514e-08,3.819914668835223e-08,3.8211147182093245e-08,3.822314734395913e-08,3.8235147173490475e-08,3.8247146670249996e-08,3.825914583371222e-08,3.8271144663585356e-08,3.828314315901032e-08,3.829514132012674e-08,3.830713914630717e-08,3.831913663688314e-08,3.833113379283925e-08,3.83431306111515e-08,3.835512709272363e-08,3.8367123236820405e-08,3.837911904339124e-08,3.8391114512023985e-08,3.840310964181201e-08,3.8415104432608655e-08,3.8427098883662234e-08,3.843909299469231e-08,3.845108676561157e-08,3.8463080195874335e-08,3.8475073285181255e-08,3.848706603232434e-08,3.8499058437320746e-08,3.851105050007874e-08,3.8523042219443605e-08,3.853503359539659e-08,3.854702462775975e-08,3.8559015315952285e-08,3.8571005660227275e-08,3.8582995658686526e-08,3.859498531109585e-08,3.8606974617526685e-08,3.8618963577771485e-08,3.8630952190901124e-08,3.864294045664977e-08,3.86549283746563e-08,3.8666915944535314e-08,3.8678903165871104e-08,3.869089003782885e-08,3.8702876560948826e-08,3.8714862733580833e-08,3.8726848555959714e-08,3.8738834027264356e-08,3.875081914811443e-08,3.876280391676669e-08,3.8774788333335285e-08,3.878677239719767e-08,3.879875610860695e-08,3.881073946619372e-08,3.882272246969728e-08,3.8834705119295636e-08,3.884668741438112e-08,3.88586693544662e-08,3.887065093889421e-08,3.8882632167499786e-08,3.8894613039658186e-08,3.890659355494102e-08,3.891857371312357e-08,3.893055351374338e-08,3.894253295645017e-08,3.895451204043812e-08,3.896649076549785e-08,3.897846913204128e-08,3.8990447137553896e-08,3.9002424783502985e-08,3.9014402069008784e-08,3.9026378993817526e-08,3.903835555695e-08,3.905033175895226e-08,3.906230759810273e-08,3.9074283074589805e-08,3.908625818658763e-08,3.909823293649521e-08,3.911020732282068e-08,3.912218134447282e-08,3.913415500160498e-08,3.914612829334854e-08,3.9158101219884136e-08,3.917007377956653e-08,3.918204597360901e-08,3.919401780088752e-08,3.920598926061894e-08,3.9217960353053035e-08,3.9229931077536234e-08,3.924190143356561e-08,3.925387142055998e-08,3.9265841038429886e-08,3.9277810286910965e-08,3.9289779164492556e-08,3.930174767179671e-08,3.9313715808445986e-08,3.932568357385978e-08,3.933765096759085e-08,3.934961798902588e-08,3.93615846382568e-08,3.937355091457276e-08,3.93855168173955e-08,3.9397482346484664e-08,3.940944750173431e-08,3.9421412282362256e-08,3.943337668768802e-08,3.944534071778864e-08,3.945730437237143e-08,3.946926765058235e-08,3.948123055221927e-08,3.94931930770413e-08,3.950515522390678e-08,3.951711699444998e-08,3.9529078385934477e-08,3.954103939895916e-08,3.955300003292538e-08,3.9564960287536595e-08,3.957692016234958e-08,3.9588879657038774e-08,3.9600838771178486e-08,3.961279750455788e-08,3.9624755856458436e-08,3.963671382637232e-08,3.964867141437052e-08,3.966062862005168e-08,3.967258544267707e-08,3.968454188191175e-08,3.969649793674326e-08,3.970845360813239e-08,3.972040889510554e-08,3.97323637976647e-08,3.974431831408088e-08,3.975627244445611e-08,3.976822618937557e-08,3.978017954797218e-08,3.9792132519793374e-08,3.9804085103712045e-08,3.981603730069661e-08,3.9827989109329134e-08,3.983994053075367e-08,3.985189156250549e-08,3.986384220507941e-08,3.9875792458474714e-08,3.988774232176956e-08,3.9899691794677885e-08,3.9911640876568475e-08,3.992358956750874e-08,3.9935537866953576e-08,3.994748577500996e-08,3.995943329042243e-08,3.997138041295095e-08,3.998332714304833e-08,3.999527347952847e-08,4.000721942199042e-08,4.0019164971178214e-08,4.003111012492425e-08,4.004305488356485e-08,4.005499924688547e-08,4.006694321458235e-08,4.0078886786550336e-08,4.009082996174379e-08,4.0102772740469934e-08,4.011471512154007e-08,4.012665710540187e-08,4.013859869106827e-08,4.015053987869873e-08,4.016248066712755e-08,4.017442105642284e-08,4.0186361046265654e-08,4.019830063718257e-08,4.02102398269296e-08,4.0222178616073e-08,4.0234117004238674e-08,4.0246054991150256e-08,4.025799257628497e-08,4.0269929759097795e-08,4.0281866540003925e-08,4.029380291787684e-08,4.030573889225785e-08,4.031767446352193e-08,4.032960963041987e-08,4.0341544392914846e-08,4.03534787507593e-08,4.036541270488554e-08,4.0377346252241246e-08,4.038927939409535e-08,4.040121212940633e-08,4.041314445842179e-08,4.042507638047924e-08,4.043700789524047e-08,4.044893900222785e-08,4.046086970119117e-08,4.0472799991976755e-08,4.048472987404738e-08,4.0496659347661215e-08,4.050858841098651e-08,4.0520517064391085e-08,4.053244530835432e-08,4.054437314096678e-08,4.0556300562715955e-08,4.056822757288078e-08,4.0580154172037506e-08,4.059208035916227e-08,4.06040061334963e-08,4.0615931495079474e-08,4.062785644355838e-08,4.0639780978742085e-08,4.0651705100016414e-08,4.0663628807219997e-08,4.067555209980545e-08,4.068747497734084e-08,4.069939743999059e-08,4.071131948664087e-08,4.0723241117520164e-08,4.0735162331850614e-08,4.0747083130148635e-08,4.0759003510732226e-08,4.077092347492576e-08,4.078284302033015e-08,4.0794762147800406e-08,4.0806680856614015e-08,4.081859914659089e-08,4.083051701739962e-08,4.0842434468664027e-08,4.0854351500046555e-08,4.086626811111068e-08,4.087818430180559e-08,4.089010007138814e-08,4.0902015419383124e-08,4.091393034641515e-08,4.0925844851044405e-08,4.09377589333941e-08,4.094967259298789e-08,4.0961585830242196e-08,4.097349864336716e-08,4.098541103363866e-08,4.0997322998204376e-08,4.100923453903541e-08,4.102114565505977e-08,4.1033056346020376e-08,4.1044966611414914e-08,4.1056876450972115e-08,4.106878586434731e-08,4.108069485139265e-08,4.1092603411424455e-08,4.1104511543975e-08,4.1116419249358764e-08,4.112832652664402e-08,4.114023337506745e-08,4.1152139795605916e-08,4.1164045787362654e-08,4.1175951349762044e-08,4.1187856482340707e-08,4.1199761185188016e-08,4.121166545730253e-08,4.1223569299193296e-08,4.1235472709835245e-08,4.1247375689411454e-08,4.125927823706239e-08,4.127118035288633e-08,4.1283082036172535e-08,4.129498328696796e-08,4.1306884104734535e-08,4.131878448913178e-08,4.133068443949466e-08,4.1342583956253383e-08,4.135448303852588e-08,4.1366381686088714e-08,4.137827989859258e-08,4.1390177675793394e-08,4.140207501739389e-08,4.141397192251508e-08,4.1425868391564837e-08,4.1437764423760394e-08,4.144966001893331e-08,4.146155517647233e-08,4.147344989649314e-08,4.1485344178165176e-08,4.149723802193348e-08,4.150913142678446e-08,4.152102439171311e-08,4.153291691801475e-08,4.154480900468052e-08,4.1556700651376194e-08,4.156859185762401e-08,4.158048262314781e-08,4.159237294769404e-08,4.160426283058597e-08,4.1616152272137156e-08,4.162804127139339e-08,4.1639929828223775e-08,4.165181794286279e-08,4.166370561419751e-08,4.167559284233378e-08,4.1687479626539265e-08,4.1699365966879946e-08,4.171125186292616e-08,4.172313731411222e-08,4.1735022320322234e-08,4.174690688101212e-08,4.1758790996826644e-08,4.1770674666339425e-08,4.178255788965019e-08,4.179444066617745e-08,4.1806322996878324e-08,4.1818204879447115e-08,4.18300863141538e-08,4.1841967301696484e-08,4.1853847840507365e-08,4.186572793141358e-08,4.187760757327097e-08,4.188948676567292e-08,4.1901365507865655e-08,4.191324380103965e-08,4.1925121643896615e-08,4.1936999036310804e-08,4.194887597793424e-08,4.196075246752483e-08,4.1972628507484314e-08,4.1984504095174894e-08,4.199637922952672e-08,4.2008253912654144e-08,4.202012814332856e-08,4.2032001921053726e-08,4.20438752452548e-08,4.2055748116064036e-08,4.206762053295466e-08,4.2079492495608983e-08,4.209136400351434e-08,4.210323505676207e-08,4.211510565483702e-08,4.212697579742001e-08,4.2138845484004563e-08,4.2150714714572604e-08,4.216258348831297e-08,4.2174451805824985e-08,4.218631966624691e-08,4.219818706982587e-08,4.221005401526517e-08,4.2221920502756214e-08,4.223378653173271e-08,4.224565210210758e-08,4.2257517213777135e-08,4.226938186621762e-08,4.2281246058022345e-08,4.2293109791284506e-08,4.23049730642449e-08,4.231683587675542e-08,4.2328698228527105e-08,4.234056011922469e-08,4.2352421548555126e-08,4.236428251620908e-08,4.237614302190501e-08,4.238800306529814e-08,4.239986264624108e-08,4.2411721764155144e-08,4.2423580418871036e-08,4.243543861009843e-08,4.2447296337528056e-08,4.2459153600810405e-08,4.2471010399686115e-08,4.248286673387985e-08,4.2494722602368746e-08,4.250657800633437e-08,4.2518432944217394e-08,4.2530287417001956e-08,4.254214142346471e-08,4.255399496314144e-08,4.2565848035880345e-08,4.2577700641256917e-08,4.2589552779605726e-08,4.260140445008704e-08,4.261325565258186e-08,4.262510638637846e-08,4.26369566519212e-08,4.264880644302373e-08,4.266065577048266e-08,4.2672504628415896e-08,4.268435301657363e-08,4.269620093460898e-08,4.270804838223193e-08,4.2719895359650366e-08,4.2731741865602545e-08,4.274358790027544e-08,4.2755433463418975e-08,4.276727855457028e-08,4.277912317411979e-08,4.2790967320778076e-08,4.2802810994651105e-08,4.28146541952667e-08,4.2826496922819515e-08,4.283833917674334e-08,4.2850180956733555e-08,4.286202226223585e-08,4.2873863093502276e-08,4.288570344998527e-08,4.2897543331005535e-08,4.290938273721309e-08,4.292122166760026e-08,4.2933060122042404e-08,4.294489810021129e-08,4.295673560243117e-08,4.296857262734445e-08,4.298040917514276e-08,4.299224524441157e-08,4.300408083760376e-08,4.301591595247458e-08,4.3027750588877435e-08,4.3039584746975976e-08,4.305141842628605e-08,4.306325162629175e-08,4.3075084346967685e-08,4.308691658767454e-08,4.3098748348687174e-08,4.3110579629283305e-08,4.3122410429425355e-08,4.3134240748746796e-08,4.3146070586822246e-08,4.315789994357414e-08,4.3169728818685555e-08,4.318155721208395e-08,4.319338512345002e-08,4.3205212551558795e-08,4.321703949723664e-08,4.32288659598533e-08,4.324069194070721e-08,4.325251743630697e-08,4.326434244801231e-08,4.327616697570016e-08,4.3287991018744095e-08,4.329981457704044e-08,4.331163765027657e-08,4.332346023820553e-08,4.333528234068615e-08,4.334710395702937e-08,4.335892508771749e-08,4.3370745731238885e-08,4.3382565888425564e-08,4.339438555863848e-08,4.340620474048225e-08,4.3418023435384414e-08,4.342984164280846e-08,4.344165936374622e-08,4.345347659463315e-08,4.3465293337440744e-08,4.347710959088659e-08,4.3488925355394966e-08,4.350074063043304e-08,4.3512555415631326e-08,4.352436971163547e-08,4.353618351635618e-08,4.354799683261332e-08,4.355980965494549e-08,4.35716219879945e-08,4.358343382926485e-08,4.359524517881104e-08,4.360705603651504e-08,4.361886640204758e-08,4.363067627487916e-08,4.3642485655270975e-08,4.365429454269548e-08,4.3666102936997774e-08,4.367791083727835e-08,4.36897182442108e-08,4.370152515707866e-08,4.371333157509143e-08,4.372513749900869e-08,4.373694292804938e-08,4.3748747861424764e-08,4.376055229998367e-08,4.377235624285299e-08,4.37841596898471e-08,4.379596264041728e-08,4.3807765094761704e-08,4.381956705240672e-08,4.383136851301691e-08,4.384316947644637e-08,4.385496994204749e-08,4.3866769910118413e-08,4.3878569380144096e-08,4.389036835173652e-08,4.3902166824868926e-08,4.3913964799343735e-08,4.392576227420459e-08,4.393755925031724e-08,4.394935572638085e-08,4.396115170278684e-08,4.397294717902308e-08,4.39847421549206e-08,4.3996536630093044e-08,4.400833060449721e-08,4.402012407764433e-08,4.40319170493056e-08,4.404370951922422e-08,4.4055501487193364e-08,4.4067292952250216e-08,4.407908391535467e-08,4.4090874374992815e-08,4.410266433262952e-08,4.411445378755518e-08,4.412624273854189e-08,4.413803118572898e-08,4.4149819128348686e-08,4.416160656732835e-08,4.4173393503378615e-08,4.41851799338965e-08,4.419696585764472e-08,4.420875127687393e-08,4.422053619039054e-08,4.4232320597948925e-08,4.424410449919137e-08,4.425588789458173e-08,4.426767078353098e-08,4.4279453166040366e-08,4.4291235040971045e-08,4.4303016408563286e-08,4.431479726873714e-08,4.4326577621475946e-08,4.4338357465914636e-08,4.435013680191109e-08,4.436191562947442e-08,4.437369394764702e-08,4.4385471757541036e-08,4.43972490578177e-08,4.440902584817432e-08,4.442080212890751e-08,4.4432577899500166e-08,4.444435315989298e-08,4.445612790974308e-08,4.44679021488094e-08,4.447967587647684e-08,4.449144909358463e-08,4.4503221798595546e-08,4.4514993992474116e-08,4.4526765674565485e-08,4.4538536842423596e-08,4.4550307498590394e-08,4.4562077642073606e-08,4.4573847272793916e-08,4.458561638993853e-08,4.459738499299018e-08,4.460915308197947e-08,4.462092065785693e-08,4.4632687719625894e-08,4.464445426751566e-08,4.46562202995848e-08,4.4667985817343746e-08,4.4679750819249446e-08,4.469151530561753e-08,4.470327927627706e-08,4.4715042731299726e-08,4.472680567082061e-08,4.473856809291489e-08,4.475032999849101e-08,4.476209138695042e-08,4.477385225824697e-08,4.478561261252523e-08,4.479737244870864e-08,4.480913176701016e-08,4.482089056723388e-08,4.483264884902678e-08,4.484440661311903e-08,4.4856163857434416e-08,4.486792058248827e-08,4.487967678734132e-08,4.4891432473829364e-08,4.490318764047418e-08,4.4914942286924235e-08,4.4926696413696e-08,4.493845001927541e-08,4.495020310529384e-08,4.4961955669129993e-08,4.497370771245441e-08,4.498545923368522e-08,4.499721023314249e-08,4.500896071107135e-08,4.5020710668116e-08,4.5032460101330065e-08,4.5044209011748995e-08,4.505595739922569e-08,4.506770526406379e-08,4.50794526053211e-08,4.509119942305629e-08,4.5102945716506423e-08,4.511469148588573e-08,4.512643673115541e-08,4.513818145204898e-08,4.514992564921106e-08,4.516166932041648e-08,4.517341246656737e-08,4.518515508728056e-08,4.5196897182358426e-08,4.520863875156331e-08,4.522037979438172e-08,4.523212031127746e-08,4.52438603012377e-08,4.525559976475008e-08,4.5267338702075546e-08,4.527907711227719e-08,4.529081499400942e-08,4.530255234587817e-08,4.531428917278796e-08,4.532602547062163e-08,4.5337761239693256e-08,4.5349496480498865e-08,4.5361231192388416e-08,4.5372965375344986e-08,4.538469902901675e-08,4.5396432153278894e-08,4.5408164747457664e-08,4.541989681169053e-08,4.54316283457676e-08,4.544335934948912e-08,4.54550898234861e-08,4.546681976567919e-08,4.547854917690049e-08,4.549027805688131e-08,4.55020064050091e-08,4.551373422240711e-08,4.552546150672013e-08,4.5537188258997595e-08,4.554891447883005e-08,4.556064016600932e-08,4.557236532031457e-08,4.5584089941533665e-08,4.5595814029368856e-08,4.560753758305807e-08,4.561926060448965e-08,4.563098309126688e-08,4.5642705043702846e-08,4.5654426461138974e-08,4.566614734446708e-08,4.5677867693103993e-08,4.568958750656804e-08,4.570130678435317e-08,4.571302552689157e-08,4.572474373370959e-08,4.573646140471126e-08,4.57481785395178e-08,4.575989513825069e-08,4.57716112008846e-08,4.578332672663564e-08,4.579504171444911e-08,4.580675616507965e-08,4.581847007868826e-08,4.583018345421492e-08,4.5841896291800284e-08,4.585360859121917e-08,4.586532035248102e-08,4.5877031575712916e-08,4.588874225961342e-08,4.590045240312113e-08,4.5912162010083537e-08,4.592387107638355e-08,4.593557960373212e-08,4.5947287590582794e-08,4.595899503749537e-08,4.597070194424611e-08,4.598240831031995e-08,4.59941141366677e-08,4.600581942127594e-08,4.601752416482638e-08,4.6029228366856734e-08,4.604093202755409e-08,4.605263514644173e-08,4.6064337723593095e-08,4.607603975841161e-08,4.608774125098724e-08,4.6099442200888485e-08,4.611114260802137e-08,4.612284247214017e-08,4.6134541793118485e-08,4.614624057030866e-08,4.615793880389831e-08,4.616963649402067e-08,4.618133364028978e-08,4.619303024222666e-08,4.620472629933492e-08,4.6216421812773436e-08,4.622811678066213e-08,4.6239811203376414e-08,4.625150508095221e-08,4.6263198413178826e-08,4.627489119971577e-08,4.628658344018029e-08,4.629827513445925e-08,4.63099662826907e-08,4.6321656884246975e-08,4.63333469392375e-08,4.634503644716183e-08,4.635672540801657e-08,4.6368413821607657e-08,4.638010168765309e-08,4.639178900564019e-08,4.640347577601923e-08,4.641516199815472e-08,4.6426847671794745e-08,4.643853279722583e-08,4.6450217373730056e-08,4.646190140110091e-08,4.647358487951633e-08,4.648526780886474e-08,4.6496950188452754e-08,4.65086320182735e-08,4.65203132981364e-08,4.6531994028265775e-08,4.654367420850215e-08,4.65553538373905e-08,4.6567032915472726e-08,4.657871144266396e-08,4.6590389418695967e-08,4.660206684324414e-08,4.661374371638559e-08,4.662542003775868e-08,4.663709580633185e-08,4.664877102516585e-08,4.666044568985644e-08,4.667211980214712e-08,4.668379336193171e-08,4.669546636904791e-08,4.670713882275854e-08,4.671881072314514e-08,4.673048207001405e-08,4.6742152863110716e-08,4.675382310192394e-08,4.676549278709024e-08,4.677716191774403e-08,4.67888304948438e-08,4.680049851751611e-08,4.681216598371267e-08,4.682383289533205e-08,4.683549925205007e-08,4.6847165053011285e-08,4.685883029849016e-08,4.6870494986476885e-08,4.6882159119931974e-08,4.6893822697188245e-08,4.6905485718043185e-08,4.691714818238901e-08,4.692881008981833e-08,4.694047144020515e-08,4.695213223343049e-08,4.696379246949698e-08,4.6975452147731004e-08,4.698711126777923e-08,4.6998769830119796e-08,4.701042783453025e-08,4.702208528043081e-08,4.7033742167923627e-08,4.704539849672718e-08,4.705705426638583e-08,4.706870947721881e-08,4.708036412879023e-08,4.7092018220926834e-08,4.7103671753326176e-08,4.7115324725936934e-08,4.712697713846066e-08,4.7138628990746695e-08,4.7150280282612846e-08,4.7161931012684315e-08,4.717358118534213e-08,4.7185230794361106e-08,4.71968798422624e-08,4.720852832993113e-08,4.722017625523701e-08,4.723182361909161e-08,4.7243470420985016e-08,4.7255116661250874e-08,4.726676233883109e-08,4.727840745275106e-08,4.729005200549706e-08,4.7301695994970336e-08,4.731333942186462e-08,4.7324982285705917e-08,4.733662458511712e-08,4.7348266321613275e-08,4.735990749423719e-08,4.7371548103171416e-08,4.738318814803005e-08,4.73948276283825e-08,4.740646654462421e-08,4.741810489610853e-08,4.742974268258912e-08,4.744137990415979e-08,4.745301656065299e-08,4.7464652651679664e-08,4.747628817740872e-08,4.74879231371486e-08,4.749955753099622e-08,4.7511191359294805e-08,4.752282462034033e-08,4.753445731561344e-08,4.7546089444400706e-08,4.755772100599193e-08,4.756935200062032e-08,4.758098242809281e-08,4.759261228832882e-08,4.760424158110126e-08,4.761587030601675e-08,4.762749846296164e-08,4.763912605228888e-08,4.765075307298745e-08,4.766237952524612e-08,4.767400540895882e-08,4.7685630723541065e-08,4.7697255469654655e-08,4.770887964641929e-08,4.772050325295236e-08,4.773212629190419e-08,4.774374876031975e-08,4.775537065887605e-08,4.7766991987468086e-08,4.7778612745749515e-08,4.779023293381379e-08,4.7801852551460786e-08,4.781347159829742e-08,4.782509007429892e-08,4.78367079791862e-08,4.784832531299398e-08,4.7859942075436544e-08,4.7871558266234424e-08,4.7883173885403723e-08,4.789478893251198e-08,4.7906403407677505e-08,4.791801731054062e-08,4.792963064079947e-08,4.794124339859779e-08,4.795285558383883e-08,4.7964467195893924e-08,4.797607823494481e-08,4.7987688700478194e-08,4.799929859275829e-08,4.8010907911334804e-08,4.8022516656219126e-08,4.803412482716396e-08,4.804573242301239e-08,4.805733944557274e-08,4.8068945894081436e-08,4.808055176744008e-08,4.809215706645506e-08,4.810376179007264e-08,4.811536593858593e-08,4.812696951180963e-08,4.813857250950524e-08,4.815017493157879e-08,4.816177677792838e-08,4.817337804818866e-08,4.818497874189256e-08,4.819657886012752e-08,4.820817840145511e-08,4.8219777366195805e-08,4.823137575399235e-08,4.824297356530018e-08,4.825457079910614e-08,4.826616745444138e-08,4.827776353369059e-08,4.8289359035008184e-08,4.830095395860832e-08,4.8312548304121435e-08,4.8324142071244976e-08,4.833573526043852e-08,4.8347327871274174e-08,4.835891990340489e-08,4.8370511356530286e-08,4.8382102230882615e-08,4.839369252639711e-08,4.8405282242087125e-08,4.841687137858562e-08,4.84284599355716e-08,4.844004791307847e-08,4.845163531008891e-08,4.846322212724546e-08,4.8474808364247455e-08,4.8486394020748537e-08,4.849797909659906e-08,4.8509563591918864e-08,4.8521147505743314e-08,4.853273083907799e-08,4.8544313591136484e-08,4.855589576152705e-08,4.8567477350723584e-08,4.8579058357724155e-08,4.8590638783293326e-08,4.860221862766388e-08,4.8613797889120856e-08,4.86253765681873e-08,4.863695466478699e-08,4.864853217880116e-08,4.866010910961749e-08,4.867168545768657e-08,4.868326122208738e-08,4.8694836403607064e-08,4.8706411002184175e-08,4.8717985016985206e-08,4.872955844814084e-08,4.874113129561875e-08,4.8752703558597345e-08,4.876427523748458e-08,4.8775846331981895e-08,4.8787416841974035e-08,4.879898676725125e-08,4.881055610746986e-08,4.8822124863150454e-08,4.883369303349241e-08,4.8845260618489166e-08,4.885682761832468e-08,4.8868394031642674e-08,4.8879959859912336e-08,4.889152510075887e-08,4.890308975646773e-08,4.891465382631765e-08,4.892621730983889e-08,4.8937780206910886e-08,4.894934251726549e-08,4.8960904240569434e-08,4.897246537572617e-08,4.898402592512589e-08,4.8995585887168195e-08,4.9007145261644097e-08,4.901870404869116e-08,4.903026224790026e-08,4.90418198592279e-08,4.9053376882268945e-08,4.9064933317190444e-08,4.907648916397202e-08,4.908804442154892e-08,4.909959909095721e-08,4.9111153171714074e-08,4.912270666360471e-08,4.913425956611851e-08,4.9145811879587724e-08,4.915736360357911e-08,4.916891473856303e-08,4.9180465283668515e-08,4.919201523841118e-08,4.920356460311636e-08,4.9215113377847905e-08,4.9226661562299655e-08,4.923820915625879e-08,4.92497561604001e-08,4.92613025732107e-08,4.9272848395111434e-08,4.928439362555644e-08,4.929593826520855e-08,4.930748231495916e-08,4.931902577162281e-08,4.933056863671459e-08,4.934211090999266e-08,4.935365259108958e-08,4.936519368045417e-08,4.9376734177591575e-08,4.938827408261287e-08,4.939981339392224e-08,4.9411352113567906e-08,4.9422890240329184e-08,4.943442777410909e-08,4.944596471501753e-08,4.9457501062600554e-08,4.9469036816577675e-08,4.948057197709829e-08,4.949210654421338e-08,4.95036405173501e-08,4.951517389687145e-08,4.9526706682236285e-08,4.953823887330303e-08,4.9549770470058614e-08,4.956130147283558e-08,4.9572831881751894e-08,4.958436169428215e-08,4.959589091214205e-08,4.960741953486095e-08,4.9618947562391366e-08,4.963047499455018e-08,4.964200183134086e-08,4.965352807236519e-08,4.9665053717668e-08,4.96765787669574e-08,4.968810322026163e-08,4.969962707740798e-08,4.9711150338303625e-08,4.972267300223306e-08,4.973419506990935e-08,4.9745716540888866e-08,4.975723741487895e-08,4.9768757691888837e-08,4.978027737172025e-08,4.979179645463341e-08,4.980331493965724e-08,4.981483282691934e-08,4.98263501173195e-08,4.9837866809068345e-08,4.984938290292007e-08,4.986089839860523e-08,4.987241329602321e-08,4.9883927594870324e-08,4.9895441295777714e-08,4.9906954397465774e-08,4.991846690035183e-08,4.992997880427111e-08,4.994149011024851e-08,4.9953000815838726e-08,4.996451092204498e-08,4.9976020428767095e-08,4.998752933592016e-08,4.999903764292371e-08,5.001054535034139e-08,5.002205245781339e-08,5.0033558965189406e-08,5.0045064872182636e-08,5.005657017823608e-08,5.006807488486342e-08,5.007957899000803e-08,5.009108249420686e-08,5.010258539750069e-08,5.011408769977763e-08,5.012558940066072e-08,5.013709050032235e-08,5.014859099824985e-08,5.0160090894077676e-08,5.0171590188752785e-08,5.01830888811748e-08,5.019458697179309e-08,5.020608446021035e-08,5.02175813463183e-08,5.022907763004686e-08,5.024057331109223e-08,5.02520683894243e-08,5.026356286488244e-08,5.0275056737810136e-08,5.0286550007315044e-08,5.0298042673401706e-08,5.0309534736455194e-08,5.032102619595773e-08,5.0332517051226805e-08,5.034400730311737e-08,5.035549695281028e-08,5.0366985993927885e-08,5.0378474435736335e-08,5.03899622721398e-08,5.040144950353371e-08,5.041293613045186e-08,5.042442215228737e-08,5.04359075700863e-08,5.04473923826055e-08,5.045887659009586e-08,5.0470360192511256e-08,5.048184318919911e-08,5.0493325580841497e-08,5.0504807367234624e-08,5.051628854789015e-08,5.052776912336536e-08,5.0539249091995014e-08,5.055072845469865e-08,5.0562207211165714e-08,5.0573685361397224e-08,5.058516290519648e-08,5.059663984241768e-08,5.0608116173105995e-08,5.0619591896865746e-08,5.063106701372081e-08,5.0642541523421265e-08,5.065401542590423e-08,5.066548872148384e-08,5.067696140941021e-08,5.0688433489699154e-08,5.0699904962315706e-08,5.0711375827059494e-08,5.0722846084237686e-08,5.0734315733123845e-08,5.0745784773894326e-08,5.0757253207265535e-08,5.076872103133384e-08,5.078018824678123e-08,5.07916548536394e-08,5.0803120851742954e-08,5.0814586240947134e-08,5.082605101927939e-08,5.08375151920064e-08,5.084897875361455e-08,5.086044170586548e-08,5.087190404932969e-08,5.088336578281313e-08,5.0894826906504326e-08,5.090628741984339e-08,5.091774732339877e-08,5.092920661691934e-08,5.094066530085857e-08,5.095212337374096e-08,5.096358083618523e-08,5.097503768808626e-08,5.098649392915488e-08,5.099794955941608e-08,5.100940457876389e-08,5.102085898647953e-08,5.103231278361425e-08,5.104376596843094e-08,5.10552185427334e-08,5.106667050534146e-08,5.1078121856600216e-08,5.1089572595557235e-08,5.110102272293423e-08,5.1112472239001225e-08,5.112392114221553e-08,5.113536943299722e-08,5.114681711115232e-08,5.1158264176453604e-08,5.1169710629966316e-08,5.118115647129755e-08,5.119260169927939e-08,5.1204046314289756e-08,5.1215490316739874e-08,5.122693370545016e-08,5.123837648093871e-08,5.12498186429755e-08,5.126126019144466e-08,5.127270112619608e-08,5.128414144764108e-08,5.1295581154823025e-08,5.130702024795562e-08,5.13184587275265e-08,5.132989659216416e-08,5.1341333842479616e-08,5.1352770478546725e-08,5.136420650003642e-08,5.137564190686792e-08,5.138707669892413e-08,5.13985108775132e-08,5.140994443951395e-08,5.142137738642863e-08,5.143280971812246e-08,5.1444241434432844e-08,5.1455672535219826e-08,5.1467103021197095e-08,5.147853289069243e-08,5.148996214443982e-08,5.150139078220223e-08,5.151281880414809e-08,5.1524246208723196e-08,5.153567299817223e-08,5.154709917116656e-08,5.1558524727621656e-08,5.156994966748437e-08,5.158137399076035e-08,5.159279769622664e-08,5.160422078691956e-08,5.161564325939716e-08,5.162706511473463e-08,5.163848635260897e-08,5.1649906972555904e-08,5.166132697564849e-08
