,0,1,2,3,4,5,6,7,8,9,10,11,12,13,14,15,16,17,18,19,20,21,22,23,24,25,26,27,28,29,30,31,32,33,34,35,36,37,38,39,40,41,42,43,44,45,46,47,48,49,50,51,52,53,54,55,56,57,58,59,60,61,62,63,64,65,66,67,68,69,70,71,72,73,74,75,76,77,78,79,80,81,82,83,84,85,86,87,88,89,90,91,92,93,94,95,96,97,98,99,100,101,102,103,104,105,106,107,108,109,110,111,112,113,114,115,116,117,118,119,120,121,122,123,124,125,126,127,128,129,130,131,132,133,134,135,136,137,138,139,140,141,142,143,144,145,146,147,148,149,150,151,152,153,154,155,156,157,158,159,160,161,162,163,164,165,166,167,168,169,170,171,172,173,174,175,176,177,178,179,180,181,182,183,184,185,186,187,188,189,190,191,192,193,194,195,196,197,198,199,200,201,202,203,204,205,206,207,208,209,210,211,212,213,214,215,216,217,218,219,220,221,222,223,224,225,226,227,228,229,230,231,232,233,234,235,236,237,238,239,240,241,242,243,244,245,246,247,248,249,250,251,252,253,254,255,256,257,258,259,260,261,262,263,264,265,266,267,268,269,270,271,272,273,274,275,276,277,278,279,280,281,282,283,284,285,286,287,288,289,290,291,292,293,294,295,296,297,298,299,300,301,302,303,304,305,306,307,308,309,310,311,312,313,314,315,316,317,318,319,320,321,322,323,324,325,326,327,328,329,330,331,332,333,334,335,336,337,338,339,340,341,342,343,344,345,346,347,348,349,350,351,352,353,354,355,356,357,358,359,360,361,362,363,364,365,366,367,368,369,370,371,372,373,374,375,376,377,378,379,380,381,382,383,384,385,386,387,388,389,390,391,392,393,394,395,396,397,398,399,400,401,402,403,404,405,406,407,408,409,410,411,412,413,414,415,416,417,418,419,420,421,422,423,424,425,426,427,428,429,430,431,432,433,434,435,436,437,438,439,440,441,442,443,444,445,446,447,448,449,450,451,452,453,454,455,456,457,458,459,460,461,462,463,464,465,466,467,468,469,470,471,472,473,474,475,476,477,478,479,480,481,482,483,484,485,486,487,488,489,490,491,492,493,494,495,496,497,498,499,500,501,502,503,504,505,506,507,508,509,510,511,512,513,514,515,516,517,518,519,520,521,522,523,524,525,526,527,528,529,530,531,532,533,534,535,536,537,538,539,540,541,542,543,544,545,546,547,548,549,550,551,552,553,554,555,556,557,558,559,560,561,562,563,564,565,566,567,568,569,570,571,572,573,574,575,576,577,578,579,580,581,582,583,584,585,586,587,588,589,590,591,592,593,594,595,596,597,598,599,600,601,602,603,604,605,606,607,608,609,610,611,612,613,614,615,616,617,618,619,620,621,622,623,624,625,626,627,628,629,630,631,632,633,634,635,636,637,638,639,640,641,642,643,644,645,646,647,648,649,650,651,652,653,654,655,656,657,658,659,660,661,662,663,664,665,666,667,668,669,670,671,672,673,674,675,676,677,678,679,680,681,682,683,684,685,686,687,688,689,690,691,692,693,694,695,696,697,698,699,700,701,702,703,704,705,706,707,708,709,710,711,712,713,714,715,716,717,718,719,720,721,722,723,724,725,726,727,728,729,730,731,732,733,734,735,736,737,738,739,740,741,742,743,744,745,746,747,748,749,750,751,752,753,754,755,756,757,758,759,760,761,762,763,764,765,766,767,768,769,770,771,772,773,774,775,776,777,778,779,780,781,782,783,784,785,786,787,788,789,790,791,792,793,794,795,796,797,798,799,800,801,802,803,804,805,806,807,808,809,810,811,812,813,814,815,816,817,818,819,820,821,822,823,824,825,826,827,828,829,830,831,832,833,834,835,836,837,838,839,840,841,842,843,844,845,846,847,848,849,850,851,852,853,854,855,856,857,858,859,860,861,862,863,864,865,866,867,868,869,870,871,872,873,874,875,876,877,878,879,880,881,882,883,884,885,886,887,888,889,890,891,892,893,894,895,896,897,898,899,900,901,902,903,904,905,906,907,908,909,910,911,912,913,914,915,916,917,918,919,920,921,922,923,924,925,926,927,928,929,930,931,932,933,934,935,936,937,938,939,940,941,942,943,944,945,946,947,948,949,950,951,952,953,954,955,956,957,958,959,960,961,962,963,964,965,966,967,968,969,970,971,972,973,974,975,976,977,978,979,980,981,982,983,984,985,986,987,988,989,990,991,992,993,994,995,996,997,998,999,1000,1001,1002,1003,1004,1005,1006,1007,1008,1009,1010,1011,1012,1013,1014,1015,1016,1017,1018,1019,1020,1021,1022,1023,1024,1025,1026,1027,1028,1029,1030,1031,1032,1033,1034,1035,1036,1037,1038,1039,1040,1041,1042,1043,1044,1045,1046,1047,1048,1049,1050,1051,1052,1053,1054,1055,1056,1057,1058,1059,1060,1061,1062,1063,1064,1065,1066,1067,1068,1069,1070,1071,1072,1073,1074,1075,1076,1077,1078,1079,1080,1081,1082,1083,1084,1085,1086,1087,1088,1089,1090,1091,1092,1093,1094,1095,1096,1097,1098,1099,1100,1101,1102,1103,1104,1105,1106,1107,1108,1109,1110,1111,1112,1113,1114,1115,1116,1117,1118,1119,1120,1121,1122,1123,1124,1125,1126,1127,1128,1129,1130,1131,1132,1133,1134,1135,1136,1137,1138,1139,1140,1141,1142,1143,1144,1145,1146,1147,1148,1149,1150,1151,1152,1153,1154,1155,1156,1157,1158,1159,1160,1161,1162,1163,1164,1165,1166,1167,1168,1169,1170,1171,1172,1173,1174,1175,1176,1177,1178,1179,1180,1181,1182,1183,1184,1185,1186,1187,1188,1189,1190,1191,1192,1193,1194,1195,1196,1197,1198,1199,1200,1201,1202,1203,1204,1205,1206,1207,1208,1209,1210,1211,1212,1213,1214,1215,1216,1217,1218,1219,1220,1221,1222,1223,1224,1225,1226,1227,1228,1229,1230,1231,1232,1233,1234,1235,1236,1237,1238,1239,1240,1241,1242,1243,1244,1245,1246,1247,1248,1249,1250,1251,1252,1253,1254,1255,1256,1257,1258,1259,1260,1261,1262,1263,1264,1265,1266,1267,1268,1269,1270,1271,1272,1273,1274,1275,1276,1277,1278,1279,1280,1281,1282,1283,1284,1285,1286,1287,1288,1289,1290,1291,1292,1293,1294,1295,1296,1297,1298,1299,1300,1301,1302,1303,1304,1305,1306,1307,1308,1309,1310,1311,1312,1313,1314,1315,1316,1317,1318,1319,1320,1321,1322,1323,1324,1325,1326,1327,1328,1329,1330,1331,1332,1333,1334,1335,1336,1337,1338,1339,1340,1341,1342,1343,1344,1345,1346,1347,1348,1349,1350,1351,1352,1353,1354,1355,1356,1357,1358,1359,1360,1361,1362,1363,1364,1365,1366,1367,1368,1369,1370,1371,1372,1373,1374,1375,1376,1377,1378,1379,1380,1381,1382,1383,1384,1385,1386,1387,1388,1389,1390,1391,1392,1393,1394,1395,1396,1397,1398,1399,1400,1401,1402,1403,1404,1405,1406,1407,1408,1409,1410,1411,1412,1413,1414,1415,1416,1417,1418,1419,1420,1421,1422,1423,1424,1425,1426,1427,1428,1429,1430,1431,1432,1433,1434,1435,1436,1437,1438,1439,1440,1441,1442,1443,1444,1445,1446,1447,1448,1449,1450,1451,1452,1453,1454,1455,1456,1457,1458,1459,1460,1461,1462,1463,1464,1465,1466,1467,1468,1469,1470,1471,1472,1473,1474,1475,1476,1477,1478,1479,1480,1481,1482,1483,1484,1485,1486,1487,1488,1489,1490,1491,1492,1493,1494,1495,1496,1497,1498,1499,1500,1501,1502,1503,1504,1505,1506,1507,1508,1509,1510,1511,1512,1513,1514,1515,1516,1517,1518,1519,1520,1521,1522,1523,1524,1525,1526,1527,1528,1529,1530,1531,1532,1533,1534,1535,1536,1537,1538,1539,1540,1541,1542,1543,1544,1545,1546,1547,1548,1549,1550,1551,1552,1553,1554,1555,1556,1557,1558,1559,1560,1561,1562,1563,1564,1565,1566,1567,1568,1569,1570,1571,1572,1573,1574,1575,1576,1577,1578,1579,1580,1581,1582,1583,1584,1585,1586,1587,1588,1589,1590,1591,1592,1593,1594,1595,1596,1597,1598,1599,1600,1601,1602,1603,1604,1605,1606,1607,1608,1609,1610,1611,1612,1613,1614,1615,1616,1617,1618,1619,1620,1621,1622,1623,1624,1625,1626,1627,1628,1629,1630,1631,1632,1633,1634,1635,1636,1637,1638,1639,1640,1641,1642,1643,1644,1645,1646,1647,1648,1649,1650,1651,1652,1653,1654,1655,1656,1657,1658,1659,1660,1661,1662,1663,1664,1665,1666,1667,1668,1669,1670,1671,1672,1673,1674,1675,1676,1677,1678,1679,1680,1681,1682,1683,1684,1685,1686,1687,1688,1689,1690,1691,1692,1693,1694,1695,1696,1697,1698,1699,1700,1701,1702,1703,1704,1705,1706,1707,1708,1709,1710,1711,1712,1713,1714,1715,1716,1717,1718,1719,1720,1721,1722,1723,1724,1725,1726,1727,1728,1729,1730,1731,1732,1733,1734,1735,1736,1737,1738,1739,1740,1741,1742,1743,1744,1745,1746,1747,1748,1749,1750,1751,1752,1753,1754,1755,1756,1757,1758,1759,1760,1761,1762,1763,1764,1765,1766,1767,1768,1769,1770,1771,1772,1773,1774,1775,1776,1777,1778,1779,1780,1781,1782,1783,1784,1785,1786,1787,1788,1789,1790,1791,1792,1793,1794,1795,1796,1797,1798,1799,1800,1801,1802,1803,1804,1805,1806,1807,1808,1809,1810,1811,1812,1813,1814,1815,1816,1817,1818,1819,1820,1821,1822,1823,1824,1825,1826,1827,1828,1829,1830,1831,1832,1833,1834,1835,1836,1837,1838,1839,1840,1841,1842,1843,1844,1845,1846,1847,1848,1849,1850,1851,1852,1853,1854,1855,1856,1857,1858,1859,1860,1861,1862,1863,1864,1865,1866,1867,1868,1869,1870,1871,1872,1873,1874,1875,1876,1877,1878,1879,1880,1881,1882,1883,1884,1885,1886,1887,1888,1889,1890,1891,1892,1893,1894,1895,1896,1897,1898,1899,1900,1901,1902,1903,1904,1905,1906,1907,1908,1909,1910,1911,1912,1913,1914,1915,1916,1917,1918,1919,1920,1921,1922,1923,1924,1925,1926,1927,1928,1929,1930,1931,1932,1933,1934,1935,1936,1937,1938,1939,1940,1941,1942,1943,1944,1945,1946,1947,1948,1949,1950,1951,1952,1953,1954,1955,1956,1957,1958,1959,1960,1961,1962,1963,1964,1965,1966,1967,1968,1969,1970,1971,1972,1973,1974,1975,1976,1977,1978,1979,1980,1981,1982,1983,1984,1985,1986,1987,1988,1989,1990,1991,1992,1993,1994,1995,1996,1997,1998,1999,2000,2001,2002,2003,2004,2005,2006,2007,2008,2009,2010,2011,2012,2013,2014,2015,2016,2017,2018,2019,2020,2021,2022,2023,2024,2025,2026,2027,2028,2029,2030,2031,2032,2033,2034,2035,2036,2037,2038,2039,2040,2041,2042,2043,2044,2045,2046,2047,2048,2049,2050,2051,2052,2053,2054,2055,2056,2057,2058,2059,2060,2061,2062,2063,2064,2065,2066,2067,2068,2069,2070,2071,2072,2073,2074,2075,2076,2077,2078,2079,2080,2081,2082,2083,2084,2085,2086,2087,2088,2089,2090,2091,2092,2093,2094,2095,2096,2097,2098,2099,2100,2101,2102,2103,2104,2105,2106,2107,2108,2109,2110,2111,2112,2113,2114,2115,2116,2117,2118,2119,2120,2121,2122,2123,2124,2125,2126,2127,2128,2129,2130,2131,2132,2133,2134,2135,2136,2137,2138,2139,2140,2141,2142,2143,2144,2145,2146,2147,2148,2149,2150,2151,2152,2153,2154,2155,2156,2157,2158,2159,2160,2161,2162,2163,2164,2165,2166,2167,2168,2169,2170,2171,2172,2173,2174,2175,2176,2177,2178,2179,2180,2181,2182,2183,2184,2185,2186,2187,2188,2189,2190,2191,2192,2193,2194,2195,2196,2197,2198,2199,2200,2201,2202,2203,2204,2205,2206,2207,2208,2209,2210,2211,2212,2213,2214,2215,2216,2217,2218,2219,2220,2221,2222,2223,2224,2225,2226,2227,2228,2229,2230,2231,2232,2233,2234,2235,2236,2237,2238,2239,2240,2241,2242,2243,2244,2245,2246,2247,2248,2249,2250,2251,2252,2253,2254,2255,2256,2257,2258,2259,2260,2261,2262,2263,2264,2265,2266,2267,2268,2269,2270,2271,2272,2273,2274,2275,2276,2277,2278,2279,2280,2281,2282,2283,2284,2285,2286,2287,2288,2289,2290,2291,2292,2293,2294,2295,2296,2297,2298,2299,2300,2301,2302,2303,2304,2305,2306,2307,2308,2309,2310,2311,2312,2313,2314,2315,2316,2317,2318,2319,2320,2321,2322,2323,2324,2325,2326,2327,2328,2329,2330,2331,2332,2333,2334,2335,2336,2337,2338,2339,2340,2341,2342,2343,2344,2345,2346,2347,2348,2349,2350,2351,2352,2353,2354,2355,2356,2357,2358,2359,2360,2361,2362,2363,2364,2365,2366,2367,2368,2369,2370,2371,2372,2373,2374,2375,2376,2377,2378,2379,2380,2381,2382,2383,2384,2385,2386,2387,2388,2389,2390,2391,2392,2393,2394,2395,2396,2397,2398,2399,2400,2401,2402,2403,2404,2405,2406,2407,2408,2409,2410,2411,2412,2413,2414,2415,2416,2417,2418,2419,2420,2421,2422,2423,2424,2425,2426,2427,2428,2429,2430,2431,2432,2433,2434,2435,2436,2437,2438,2439,2440,2441,2442,2443,2444,2445,2446,2447,2448,2449,2450,2451,2452,2453,2454,2455,2456,2457,2458,2459,2460,2461,2462,2463,2464,2465,2466,2467,2468,2469,2470,2471,2472,2473,2474,2475,2476,2477,2478,2479,2480,2481,2482,2483,2484,2485,2486,2487,2488,2489,2490,2491,2492,2493,2494,2495,2496,2497,2498,2499,2500,2501,2502,2503,2504,2505,2506,2507,2508,2509,2510,2511,2512,2513,2514,2515,2516,2517,2518,2519,2520,2521,2522,2523,2524,2525,2526,2527,2528,2529,2530,2531,2532,2533,2534,2535,2536,2537,2538,2539,2540,2541,2542,2543,2544,2545,2546,2547,2548,2549,2550,2551,2552,2553,2554,2555,2556,2557,2558,2559,2560,2561,2562,2563,2564,2565,2566,2567,2568,2569,2570,2571,2572,2573,2574,2575,2576,2577,2578,2579,2580,2581,2582,2583,2584,2585,2586,2587,2588,2589,2590,2591,2592,2593,2594,2595,2596,2597,2598,2599,2600,2601,2602,2603,2604,2605,2606,2607,2608,2609,2610,2611,2612,2613,2614,2615,2616,2617,2618,2619,2620,2621,2622,2623,2624,2625,2626,2627,2628,2629,2630,2631,2632,2633,2634,2635,2636,2637,2638,2639,2640,2641,2642,2643,2644,2645,2646,2647,2648,2649,2650,2651,2652,2653,2654,2655,2656,2657,2658,2659,2660,2661,2662,2663,2664,2665,2666,2667,2668,2669,2670,2671,2672,2673,2674,2675,2676,2677,2678,2679,2680,2681,2682,2683,2684,2685,2686,2687,2688,2689,2690,2691,2692,2693,2694,2695,2696,2697,2698,2699,2700,2701,2702,2703,2704,2705,2706,2707,2708,2709,2710,2711,2712,2713,2714,2715,2716,2717,2718,2719,2720,2721,2722,2723,2724,2725,2726,2727,2728,2729,2730,2731,2732,2733,2734,2735,2736,2737,2738,2739,2740,2741,2742,2743,2744,2745,2746,2747,2748,2749,2750,2751,2752,2753,2754,2755,2756,2757,2758,2759,2760,2761,2762,2763,2764,2765,2766,2767,2768,2769,2770,2771,2772,2773,2774,2775,2776,2777,2778,2779,2780,2781,2782,2783,2784,2785,2786,2787,2788,2789,2790,2791,2792,2793,2794,2795,2796,2797,2798,2799,2800,2801,2802,2803,2804,2805,2806,2807,2808,2809,2810,2811,2812,2813,2814,2815,2816,2817,2818,2819,2820,2821,2822,2823,2824,2825,2826,2827,2828,2829,2830,2831,2832,2833,2834,2835,2836,2837,2838,2839,2840,2841,2842,2843,2844,2845,2846,2847,2848,2849,2850,2851,2852,2853,2854,2855,2856,2857,2858,2859,2860,2861,2862,2863,2864,2865,2866,2867,2868,2869,2870,2871,2872,2873,2874,2875,2876,2877,2878,2879,2880,2881,2882,2883,2884,2885,2886,2887,2888,2889,2890,2891,2892,2893,2894,2895,2896,2897,2898,2899,2900,2901,2902,2903,2904,2905,2906,2907,2908,2909,2910,2911,2912,2913,2914,2915,2916,2917,2918,2919,2920,2921,2922,2923,2924,2925,2926,2927,2928,2929,2930,2931,2932,2933,2934,2935,2936,2937,2938,2939,2940,2941,2942,2943,2944,2945,2946,2947,2948,2949,2950,2951,2952,2953,2954,2955,2956,2957,2958,2959,2960,2961,2962,2963,2964,2965,2966,2967,2968,2969,2970,2971,2972,2973,2974,2975,2976,2977,2978,2979,2980,2981,2982,2983,2984,2985,2986,2987,2988,2989,2990,2991,2992,2993,2994,2995,2996,2997,2998,2999,3000,3001,3002,3003,3004,3005,3006,3007,3008,3009,3010,3011,3012,3013,3014,3015,3016,3017,3018,3019,3020,3021,3022,3023,3024,3025,3026,3027,3028,3029,3030,3031,3032,3033,3034,3035,3036,3037,3038,3039,3040,3041,3042,3043,3044,3045,3046,3047,3048,3049,3050,3051,3052,3053,3054,3055,3056,3057,3058,3059,3060,3061,3062,3063,3064,3065,3066,3067,3068,3069,3070,3071,3072,3073,3074,3075,3076,3077,3078,3079,3080,3081,3082,3083,3084,3085,3086,3087,3088,3089,3090,3091,3092,3093,3094,3095,3096,3097,3098,3099,3100,3101,3102,3103,3104,3105,3106,3107,3108,3109,3110,3111,3112,3113,3114,3115,3116,3117,3118,3119,3120,3121,3122,3123,3124,3125,3126,3127,3128,3129,3130,3131,3132,3133,3134,3135,3136,3137,3138,3139,3140,3141,3142,3143,3144,3145,3146,3147,3148,3149,3150,3151,3152,3153,3154,3155,3156,3157,3158,3159,3160,3161,3162,3163,3164,3165,3166,3167,3168,3169,3170,3171,3172,3173,3174,3175,3176,3177,3178,3179,3180,3181,3182,3183,3184,3185,3186,3187,3188,3189,3190,3191,3192,3193,3194,3195,3196,3197,3198,3199,3200,3201,3202,3203,3204,3205,3206,3207,3208,3209,3210,3211,3212,3213,3214,3215,3216,3217,3218,3219,3220,3221,3222,3223,3224,3225,3226,3227,3228,3229,3230,3231,3232,3233,3234,3235,3236,3237,3238,3239,3240,3241,3242,3243,3244,3245,3246,3247,3248,3249,3250,3251,3252,3253,3254,3255,3256,3257,3258,3259,3260,3261,3262,3263,3264,3265,3266,3267,3268,3269,3270,3271,3272,3273,3274,3275,3276,3277,3278,3279,3280,3281,3282,3283,3284,3285,3286,3287,3288,3289,3290,3291,3292,3293,3294,3295,3296,3297,3298,3299,3300,3301,3302,3303,3304,3305,3306,3307,3308,3309,3310,3311,3312,3313,3314,3315,3316,3317,3318,3319,3320,3321,3322,3323,3324,3325,3326,3327,3328,3329,3330,3331,3332,3333,3334,3335,3336,3337,3338,3339,3340,3341,3342,3343,3344,3345,3346,3347,3348,3349,3350,3351,3352,3353,3354,3355,3356,3357,3358,3359,3360,3361,3362,3363,3364,3365,3366,3367,3368,3369,3370,3371,3372,3373,3374,3375,3376,3377,3378,3379,3380,3381,3382,3383,3384,3385,3386,3387,3388,3389,3390,3391,3392,3393,3394,3395,3396,3397,3398,3399,3400,3401,3402,3403,3404,3405,3406,3407,3408,3409,3410,3411,3412,3413,3414,3415,3416,3417,3418,3419,3420,3421,3422,3423,3424,3425,3426,3427,3428,3429,3430,3431,3432,3433,3434,3435,3436,3437,3438,3439,3440,3441,3442,3443,3444,3445,3446,3447,3448,3449,3450,3451,3452,3453,3454,3455,3456,3457,3458,3459,3460,3461,3462,3463,3464,3465,3466,3467,3468,3469,3470,3471,3472,3473,3474,3475,3476,3477,3478,3479,3480,3481,3482,3483,3484,3485,3486,3487,3488,3489,3490,3491,3492,3493,3494,3495,3496,3497,3498,3499,3500,3501,3502,3503,3504,3505,3506,3507,3508,3509,3510,3511,3512,3513,3514,3515,3516,3517,3518,3519,3520,3521,3522,3523,3524,3525,3526,3527,3528,3529,3530,3531,3532,3533,3534,3535,3536,3537,3538,3539,3540,3541,3542,3543,3544,3545,3546,3547,3548,3549,3550,3551,3552,3553,3554,3555,3556,3557,3558,3559,3560,3561,3562,3563,3564,3565,3566,3567,3568,3569,3570,3571,3572,3573,3574,3575,3576,3577,3578,3579,3580,3581,3582,3583,3584,3585,3586,3587,3588,3589,3590,3591,3592,3593,3594,3595,3596,3597,3598,3599,3600,3601,3602,3603,3604,3605,3606,3607,3608,3609,3610,3611,3612,3613,3614,3615,3616,3617,3618,3619,3620,3621,3622,3623,3624,3625,3626,3627,3628,3629,3630,3631,3632,3633,3634,3635,3636,3637,3638,3639,3640,3641,3642,3643,3644,3645,3646,3647,3648,3649,3650,3651,3652,3653,3654,3655,3656,3657,3658,3659,3660,3661,3662,3663,3664,3665,3666,3667,3668,3669,3670,3671,3672,3673,3674,3675,3676,3677,3678,3679,3680,3681,3682,3683,3684,3685,3686,3687,3688,3689,3690,3691,3692,3693,3694,3695,3696,3697,3698,3699,3700,3701,3702,3703,3704,3705,3706,3707,3708,3709,3710,3711,3712,3713,3714,3715,3716,3717,3718,3719,3720,3721,3722,3723,3724,3725,3726,3727,3728,3729,3730,3731,3732,3733,3734,3735,3736,3737,3738,3739,3740,3741,3742,3743,3744,3745,3746,3747,3748,3749,3750,3751,3752,3753,3754,3755,3756,3757,3758,3759,3760,3761,3762,3763,3764,3765,3766,3767,3768,3769,3770,3771,3772,3773,3774,3775,3776,3777,3778,3779,3780,3781,3782,3783,3784,3785,3786,3787,3788,3789,3790,3791,3792,3793,3794,3795,3796,3797,3798,3799,3800,3801,3802,3803,3804,3805,3806,3807,3808,3809,3810,3811,3812,3813,3814,3815,3816,3817,3818,3819,3820,3821,3822,3823,3824,3825,3826,3827,3828,3829,3830,3831,3832,3833,3834,3835,3836,3837,3838,3839,3840,3841,3842,3843,3844,3845,3846,3847,3848,3849,3850,3851,3852,3853,3854,3855,3856,3857,3858,3859,3860,3861,3862,3863,3864,3865,3866,3867,3868,3869,3870,3871,3872,3873,3874,3875,3876,3877,3878,3879,3880,3881,3882,3883,3884,3885,3886,3887,3888,3889,3890,3891,3892,3893,3894,3895,3896,3897,3898,3899,3900,3901,3902,3903,3904,3905,3906,3907,3908,3909,3910,3911,3912,3913,3914,3915,3916,3917,3918,3919,3920,3921,3922,3923,3924,3925,3926,3927,3928,3929,3930,3931,3932,3933,3934,3935,3936,3937,3938,3939,3940,3941,3942,3943,3944,3945,3946,3947,3948,3949,3950,3951,3952,3953,3954,3955,3956,3957,3958,3959,3960,3961,3962,3963,3964,3965,3966,3967,3968,3969,3970,3971,3972,3973,3974,3975,3976,3977,3978,3979,3980,3981,3982,3983,3984,3985,3986,3987,3988,3989,3990,3991,3992,3993,3994,3995,3996,3997,3998,3999,4000,4001,4002,4003,4004,4005,4006,4007,4008,4009,4010,4011,4012,4013,4014,4015,4016,4017,4018,4019,4020,4021,4022,4023,4024,4025,4026,4027,4028,4029,4030,4031,4032,4033,4034,4035,4036,4037,4038,4039,4040,4041,4042,4043,4044,4045,4046,4047,4048,4049,4050,4051,4052,4053,4054,4055,4056,4057,4058,4059,4060,4061,4062,4063,4064,4065,4066,4067,4068,4069,4070,4071,4072,4073,4074,4075,4076,4077,4078,4079,4080,4081,4082,4083,4084,4085,4086,4087,4088,4089,4090,4091,4092,4093,4094,4095,4096,4097,4098,4099,4100,4101,4102,4103,4104,4105,4106,4107,4108,4109,4110,4111,4112,4113,4114,4115,4116,4117,4118,4119,4120,4121,4122,4123,4124,4125,4126,4127,4128,4129,4130,4131,4132,4133,4134,4135,4136,4137,4138,4139,4140,4141,4142,4143,4144,4145,4146,4147,4148,4149,4150,4151,4152,4153,4154,4155,4156,4157,4158,4159,4160,4161,4162,4163,4164,4165,4166,4167,4168,4169,4170,4171,4172,4173,4174,4175,4176,4177,4178,4179,4180,4181,4182,4183,4184,4185,4186,4187,4188,4189,4190,4191,4192,4193,4194,4195,4196,4197,4198,4199,4200,4201,4202,4203,4204,4205,4206,4207,4208,4209,4210,4211,4212,4213,4214,4215,4216,4217,4218,4219,4220,4221,4222,4223,4224,4225,4226,4227,4228,4229,4230,4231,4232,4233,4234,4235,4236,4237,4238,4239,4240,4241,4242,4243,4244,4245,4246,4247,4248,4249,4250,4251,4252,4253,4254,4255,4256,4257,4258,4259,4260,4261,4262,4263,4264,4265,4266,4267,4268,4269,4270,4271,4272,4273,4274,4275,4276,4277,4278,4279,4280,4281,4282,4283,4284,4285,4286,4287,4288,4289,4290,4291,4292,4293,4294,4295,4296,4297,4298,4299,4300,4301,4302,4303,4304,4305,4306,4307,4308,4309,4310,4311,4312,4313,4314,4315,4316,4317,4318,4319,4320,4321,4322,4323,4324,4325,4326,4327,4328,4329,4330,4331,4332,4333,4334,4335,4336,4337,4338,4339,4340,4341,4342,4343,4344,4345,4346,4347,4348,4349,4350,4351,4352,4353,4354,4355,4356,4357,4358,4359,4360,4361,4362,4363,4364,4365,4366,4367,4368,4369,4370,4371,4372,4373,4374,4375,4376,4377,4378,4379,4380,4381,4382,4383,4384,4385,4386,4387,4388,4389,4390,4391,4392,4393,4394,4395,4396,4397,4398,4399,4400,4401,4402,4403,4404,4405,4406,4407,4408,4409,4410,4411,4412,4413,4414,4415,4416,4417,4418,4419,4420,4421,4422,4423,4424,4425,4426,4427,4428,4429,4430,4431,4432,4433,4434,4435,4436,4437,4438,4439,4440,4441,4442,4443,4444,4445,4446,4447,4448,4449,4450,4451,4452,4453,4454,4455,4456,4457,4458,4459,4460,4461,4462,4463,4464,4465,4466,4467,4468,4469,4470,4471,4472,4473,4474,4475,4476,4477,4478,4479,4480,4481,4482,4483,4484,4485,4486,4487,4488,4489,4490,4491,4492,4493,4494,4495,4496,4497,4498,4499,4500,4501,4502,4503,4504,4505,4506,4507,4508,4509,4510,4511,4512,4513,4514,4515,4516,4517,4518,4519,4520,4521,4522,4523,4524,4525,4526,4527,4528,4529,4530,4531,4532,4533,4534,4535,4536,4537,4538,4539,4540,4541,4542,4543,4544,4545,4546,4547,4548,4549,4550,4551,4552,4553,4554,4555,4556,4557,4558,4559,4560,4561,4562,4563,4564,4565,4566,4567,4568,4569,4570,4571,4572,4573,4574,4575,4576,4577,4578,4579,4580,4581,4582,4583,4584,4585,4586,4587,4588,4589,4590,4591,4592,4593,4594,4595,4596,4597,4598,4599,4600,4601,4602,4603,4604,4605,4606,4607,4608,4609,4610,4611,4612,4613,4614,4615,4616,4617,4618,4619,4620,4621,4622,4623,4624,4625,4626,4627,4628,4629,4630,4631,4632,4633,4634,4635,4636,4637,4638,4639,4640,4641,4642,4643,4644,4645,4646,4647,4648,4649,4650,4651,4652,4653,4654,4655,4656,4657,4658,4659,4660,4661,4662,4663,4664,4665,4666,4667,4668,4669,4670,4671,4672,4673,4674,4675,4676,4677,4678,4679,4680,4681,4682,4683,4684,4685,4686,4687,4688,4689,4690,4691,4692,4693,4694,4695,4696,4697,4698,4699,4700,4701,4702,4703,4704,4705,4706,4707,4708,4709,4710,4711,4712,4713,4714,4715,4716,4717,4718,4719,4720,4721,4722,4723,4724,4725,4726,4727,4728,4729,4730,4731,4732,4733,4734,4735,4736,4737,4738,4739,4740,4741,4742,4743,4744,4745,4746,4747,4748,4749,4750,4751,4752,4753,4754,4755,4756,4757,4758,4759,4760,4761,4762,4763,4764,4765,4766,4767,4768,4769,4770,4771,4772,4773,4774,4775,4776,4777,4778,4779,4780,4781,4782,4783,4784,4785,4786,4787,4788,4789,4790,4791,4792,4793,4794,4795,4796,4797,4798,4799,4800,4801,4802,4803,4804,4805,4806,4807,4808,4809,4810,4811,4812,4813,4814,4815,4816,4817,4818,4819,4820,4821,4822,4823,4824,4825,4826,4827,4828,4829,4830,4831,4832,4833,4834,4835,4836,4837,4838,4839,4840,4841,4842,4843,4844,4845,4846,4847,4848,4849,4850,4851,4852,4853,4854,4855,4856,4857,4858,4859,4860,4861,4862,4863,4864,4865,4866,4867,4868,4869,4870,4871,4872,4873,4874,4875,4876,4877,4878,4879,4880,4881,4882,4883,4884,4885,4886,4887,4888,4889,4890,4891,4892,4893,4894,4895,4896,4897,4898,4899,4900,4901,4902,4903,4904,4905,4906,4907,4908,4909,4910,4911,4912,4913,4914,4915,4916,4917,4918,4919,4920,4921,4922,4923,4924,4925,4926,4927,4928,4929,4930,4931,4932,4933,4934,4935,4936,4937,4938,4939,4940,4941,4942,4943,4944,4945,4946,4947,4948,4949,4950,4951,4952,4953,4954,4955,4956,4957,4958,4959,4960,4961,4962,4963,4964,4965,4966,4967,4968,4969,4970,4971,4972,4973,4974,4975,4976,4977,4978,4979,4980,4981,4982,4983,4984,4985,4986,4987,4988,4989,4990,4991,4992,4993,4994,4995,4996,4997,4998,4999,5000,5001,5002,5003,5004,5005,5006,5007,5008,5009,5010,5011,5012,5013,5014,5015,5016,5017,5018,5019,5020,5021,5022,5023,5024,5025,5026,5027,5028,5029,5030,5031,5032,5033,5034,5035,5036,5037,5038,5039,5040,5041,5042,5043,5044,5045,5046,5047,5048,5049,5050,5051,5052,5053,5054,5055,5056,5057,5058,5059,5060,5061,5062,5063,5064,5065,5066,5067,5068,5069,5070,5071,5072,5073,5074,5075,5076,5077,5078,5079,5080,5081,5082,5083,5084,5085,5086,5087,5088,5089,5090,5091,5092,5093,5094,5095,5096,5097,5098,5099,5100,5101,5102,5103,5104,5105,5106,5107,5108,5109,5110,5111,5112,5113,5114,5115,5116,5117,5118,5119,5120,5121,5122,5123,5124,5125,5126,5127,5128,5129,5130,5131,5132,5133,5134,5135,5136,5137,5138,5139,5140,5141,5142,5143,5144,5145,5146,5147,5148,5149,5150,5151,5152,5153,5154,5155,5156,5157,5158,5159,5160,5161,5162,5163,5164,5165,5166,5167,5168,5169,5170,5171,5172,5173,5174,5175,5176,5177,5178,5179,5180,5181,5182,5183,5184,5185,5186,5187,5188,5189,5190,5191,5192,5193,5194,5195,5196,5197,5198,5199,5200,5201,5202,5203,5204,5205,5206,5207,5208,5209,5210,5211,5212,5213,5214,5215,5216,5217,5218,5219,5220,5221,5222,5223,5224,5225,5226,5227,5228,5229,5230,5231,5232,5233,5234,5235,5236,5237,5238,5239,5240,5241,5242,5243,5244,5245,5246,5247,5248,5249,5250,5251,5252,5253,5254,5255,5256,5257,5258,5259,5260,5261,5262,5263,5264,5265,5266,5267,5268,5269,5270,5271,5272,5273,5274,5275,5276,5277,5278,5279,5280,5281,5282,5283,5284,5285,5286,5287,5288,5289,5290,5291,5292,5293,5294,5295,5296,5297,5298,5299,5300,5301,5302,5303,5304,5305,5306,5307,5308,5309,5310,5311,5312,5313,5314,5315,5316,5317,5318,5319,5320,5321,5322,5323,5324,5325,5326,5327,5328,5329,5330,5331,5332,5333,5334,5335,5336,5337,5338,5339,5340,5341,5342,5343,5344,5345,5346,5347,5348,5349,5350,5351,5352,5353,5354,5355,5356,5357,5358,5359,5360,5361,5362,5363,5364,5365,5366,5367,5368,5369,5370,5371,5372,5373,5374,5375,5376,5377,5378,5379,5380,5381,5382,5383,5384,5385,5386,5387,5388,5389,5390,5391,5392,5393,5394,5395,5396,5397,5398,5399,5400,5401,5402,5403,5404,5405,5406,5407,5408,5409,5410,5411,5412,5413,5414,5415,5416,5417,5418,5419,5420,5421,5422,5423,5424,5425,5426,5427,5428,5429,5430,5431,5432,5433,5434,5435,5436,5437,5438,5439,5440,5441,5442,5443,5444,5445,5446,5447,5448,5449,5450,5451,5452,5453,5454,5455,5456,5457,5458,5459,5460,5461,5462,5463,5464,5465,5466,5467,5468,5469,5470,5471,5472,5473,5474,5475,5476,5477,5478,5479,5480,5481,5482,5483,5484,5485,5486,5487,5488,5489,5490,5491,5492,5493,5494,5495,5496,5497,5498,5499,5500,5501,5502,5503,5504,5505,5506,5507,5508,5509,5510,5511,5512,5513,5514,5515,5516,5517,5518,5519,5520,5521,5522,5523,5524,5525,5526,5527,5528,5529,5530,5531,5532,5533,5534,5535,5536,5537,5538,5539,5540,5541,5542,5543,5544,5545,5546,5547,5548,5549,5550,5551,5552,5553,5554,5555,5556,5557,5558,5559,5560,5561,5562,5563,5564,5565,5566,5567,5568,5569,5570,5571,5572,5573,5574,5575,5576,5577,5578,5579,5580,5581,5582,5583,5584,5585,5586,5587,5588,5589,5590,5591,5592,5593,5594,5595,5596,5597,5598,5599,5600,5601,5602,5603,5604,5605,5606,5607,5608,5609,5610,5611,5612,5613,5614,5615,5616,5617,5618,5619,5620,5621,5622,5623,5624,5625,5626,5627,5628,5629,5630,5631,5632,5633,5634,5635,5636,5637,5638,5639,5640,5641,5642,5643,5644,5645,5646,5647,5648,5649,5650,5651,5652,5653,5654,5655,5656,5657,5658,5659,5660,5661,5662,5663,5664,5665,5666,5667,5668,5669,5670,5671,5672,5673,5674,5675,5676,5677,5678,5679,5680,5681,5682,5683,5684,5685,5686,5687,5688,5689,5690,5691,5692,5693,5694,5695,5696,5697,5698,5699,5700,5701,5702,5703,5704,5705,5706,5707,5708,5709,5710,5711,5712,5713,5714,5715,5716,5717,5718,5719,5720,5721,5722,5723,5724,5725,5726,5727,5728,5729,5730,5731,5732,5733,5734,5735,5736,5737,5738,5739,5740,5741,5742,5743,5744,5745,5746,5747,5748,5749,5750,5751,5752,5753,5754,5755,5756,5757,5758,5759,5760,5761,5762,5763,5764,5765,5766,5767,5768,5769,5770,5771,5772,5773,5774,5775,5776,5777,5778,5779,5780,5781,5782,5783,5784,5785,5786,5787,5788,5789,5790,5791,5792,5793,5794,5795,5796,5797,5798,5799,5800,5801,5802,5803,5804,5805,5806,5807,5808,5809,5810,5811,5812,5813,5814,5815,5816,5817,5818,5819,5820,5821,5822,5823,5824,5825,5826,5827,5828,5829,5830,5831,5832,5833,5834,5835,5836,5837,5838,5839,5840,5841,5842,5843,5844,5845,5846,5847,5848,5849,5850,5851,5852,5853,5854,5855,5856,5857,5858,5859,5860,5861,5862,5863,5864,5865,5866,5867,5868,5869,5870,5871,5872,5873,5874,5875,5876,5877,5878,5879,5880,5881,5882,5883,5884,5885,5886,5887,5888,5889,5890,5891,5892,5893,5894,5895,5896,5897,5898,5899,5900,5901,5902,5903,5904,5905,5906,5907,5908,5909,5910,5911,5912,5913,5914,5915,5916,5917,5918,5919,5920,5921,5922,5923,5924,5925,5926,5927,5928,5929,5930,5931,5932,5933,5934,5935,5936,5937,5938,5939,5940,5941,5942,5943,5944,5945,5946,5947,5948,5949,5950,5951,5952,5953,5954,5955,5956,5957,5958,5959,5960,5961,5962,5963,5964,5965,5966,5967,5968,5969,5970,5971,5972,5973,5974,5975,5976,5977,5978,5979,5980,5981,5982,5983,5984,5985,5986,5987,5988,5989,5990,5991,5992,5993,5994,5995,5996,5997,5998,5999,6000,6001,6002,6003,6004,6005,6006,6007,6008,6009,6010,6011,6012,6013,6014,6015,6016,6017,6018,6019,6020,6021,6022,6023,6024,6025,6026,6027,6028,6029,6030,6031,6032,6033,6034,6035,6036,6037,6038,6039,6040,6041,6042,6043,6044,6045,6046,6047,6048,6049,6050,6051,6052,6053,6054,6055,6056,6057,6058,6059,6060,6061,6062,6063,6064,6065,6066,6067,6068,6069,6070,6071,6072,6073,6074,6075,6076,6077,6078,6079,6080,6081,6082,6083,6084,6085,6086,6087,6088,6089,6090,6091,6092,6093,6094,6095,6096,6097,6098,6099,6100,6101,6102,6103,6104,6105,6106,6107,6108,6109,6110,6111,6112,6113,6114,6115,6116,6117,6118,6119,6120,6121,6122,6123,6124,6125,6126,6127,6128,6129,6130,6131,6132,6133,6134,6135,6136,6137,6138,6139,6140,6141,6142,6143,6144,6145,6146,6147,6148,6149,6150,6151,6152,6153,6154,6155,6156,6157,6158,6159,6160,6161,6162,6163,6164,6165,6166,6167,6168,6169,6170,6171,6172,6173,6174,6175,6176,6177,6178,6179,6180,6181,6182,6183,6184,6185,6186,6187,6188,6189,6190,6191,6192,6193,6194,6195,6196,6197,6198,6199,6200,6201,6202,6203,6204,6205,6206,6207,6208,6209,6210,6211,6212,6213,6214,6215,6216,6217,6218,6219,6220,6221,6222,6223,6224,6225,6226,6227,6228,6229,6230,6231,6232,6233,6234,6235,6236,6237,6238,6239,6240,6241,6242,6243,6244,6245,6246,6247,6248,6249,6250,6251,6252,6253,6254,6255,6256,6257,6258,6259,6260,6261,6262,6263,6264,6265,6266,6267,6268,6269,6270,6271,6272,6273,6274,6275,6276,6277,6278,6279,6280,6281,6282,6283,6284,6285,6286,6287,6288,6289,6290,6291,6292,6293,6294,6295,6296,6297,6298,6299,6300,6301,6302,6303,6304,6305,6306,6307,6308,6309,6310,6311,6312,6313,6314,6315,6316,6317,6318,6319,6320,6321,6322,6323,6324,6325,6326,6327,6328,6329,6330,6331,6332,6333,6334,6335,6336,6337,6338,6339,6340,6341,6342,6343,6344,6345,6346,6347,6348,6349,6350,6351,6352,6353,6354,6355,6356,6357,6358,6359,6360,6361,6362,6363,6364,6365,6366,6367,6368,6369,6370,6371,6372,6373,6374,6375,6376,6377,6378,6379,6380,6381,6382,6383,6384,6385,6386,6387,6388,6389,6390,6391,6392,6393,6394,6395,6396,6397,6398,6399,6400,6401,6402,6403,6404,6405,6406,6407,6408,6409,6410,6411,6412,6413,6414,6415,6416,6417,6418,6419,6420,6421,6422,6423,6424,6425,6426,6427,6428,6429,6430,6431,6432,6433,6434,6435,6436,6437,6438,6439,6440,6441,6442,6443,6444,6445,6446,6447,6448,6449,6450,6451,6452,6453,6454,6455,6456,6457,6458,6459,6460,6461,6462,6463,6464,6465,6466,6467,6468,6469,6470,6471,6472,6473,6474,6475,6476,6477,6478,6479,6480,6481,6482,6483,6484,6485,6486,6487,6488,6489,6490,6491,6492,6493,6494,6495,6496,6497,6498,6499,6500,6501,6502,6503,6504,6505,6506,6507,6508,6509,6510,6511,6512,6513,6514,6515,6516,6517,6518,6519,6520,6521,6522,6523,6524,6525,6526,6527,6528,6529,6530,6531,6532,6533,6534,6535,6536,6537,6538,6539,6540,6541,6542,6543,6544,6545,6546,6547,6548,6549,6550,6551,6552,6553,6554,6555,6556,6557,6558,6559,6560,6561,6562,6563,6564,6565,6566,6567,6568,6569,6570,6571,6572,6573,6574,6575,6576,6577,6578,6579,6580,6581,6582,6583,6584,6585,6586,6587,6588,6589,6590,6591,6592,6593,6594,6595,6596,6597,6598,6599,6600,6601,6602,6603,6604,6605,6606,6607,6608,6609,6610,6611,6612,6613,6614,6615,6616,6617,6618,6619,6620,6621,6622,6623,6624,6625,6626,6627,6628,6629,6630,6631,6632,6633,6634,6635,6636,6637,6638,6639,6640,6641,6642,6643,6644,6645,6646,6647,6648,6649,6650,6651,6652,6653,6654,6655,6656,6657,6658,6659,6660,6661,6662,6663,6664,6665,6666,6667,6668,6669,6670,6671,6672,6673,6674,6675,6676,6677,6678,6679,6680,6681,6682,6683,6684,6685,6686,6687,6688,6689,6690,6691,6692,6693,6694,6695,6696,6697,6698,6699,6700,6701,6702,6703,6704,6705,6706,6707,6708,6709,6710,6711,6712,6713,6714,6715,6716,6717,6718,6719,6720,6721,6722,6723,6724,6725,6726,6727,6728,6729,6730,6731,6732,6733,6734,6735,6736,6737,6738,6739,6740,6741,6742,6743,6744,6745,6746,6747,6748,6749,6750,6751,6752,6753,6754,6755,6756,6757,6758,6759,6760,6761,6762,6763,6764,6765,6766,6767,6768,6769,6770,6771,6772,6773,6774,6775,6776,6777,6778,6779,6780,6781,6782,6783,6784,6785,6786,6787,6788,6789,6790,6791,6792,6793,6794,6795,6796,6797,6798,6799,6800,6801,6802,6803,6804,6805,6806,6807,6808,6809,6810,6811,6812,6813,6814,6815,6816,6817,6818,6819,6820,6821,6822,6823,6824,6825,6826,6827,6828,6829,6830,6831,6832,6833,6834,6835,6836,6837,6838,6839,6840,6841,6842,6843,6844,6845,6846,6847,6848,6849,6850,6851,6852,6853,6854,6855,6856,6857,6858,6859,6860,6861,6862,6863,6864,6865,6866,6867,6868,6869,6870,6871,6872,6873,6874,6875,6876,6877,6878,6879,6880,6881,6882,6883,6884,6885,6886,6887,6888,6889,6890,6891,6892,6893,6894,6895,6896,6897,6898,6899,6900,6901,6902,6903,6904,6905,6906,6907,6908,6909,6910,6911,6912,6913,6914,6915,6916,6917,6918,6919,6920,6921,6922,6923,6924,6925,6926,6927,6928,6929,6930,6931,6932,6933,6934,6935,6936,6937,6938,6939,6940,6941,6942,6943,6944,6945,6946,6947,6948,6949,6950,6951,6952,6953,6954,6955,6956,6957,6958,6959,6960,6961,6962,6963,6964,6965,6966,6967,6968,6969,6970,6971,6972,6973,6974,6975,6976,6977,6978,6979,6980,6981,6982,6983,6984,6985,6986,6987,6988,6989,6990,6991,6992,6993,6994,6995,6996,6997,6998,6999,7000
0,0.11665889391414719,0.11665889391414719,0.11665889391414719,0.11665889391414719,0.11665889391414719,0.11665889391414719,0.11665889391414722,0.11665889391414722,0.11665889391414722,0.11665889391414722,0.11665889391414722,0.11665889391414722,0.11665889391414722,0.11665889391414722,0.11665889391414722,0.11665889391414722,0.11665889391414722,0.11665889391414722,0.11665889391414722,0.11665889391414722,0.11665889391414722,0.11665889391414722,0.11665889391414722,0.11665889391414722,0.11665889391414722,0.11665889391414722,0.11665889391414722,0.11665889391414722,0.11665889391414722,0.11665889391414722,0.11665889391414722,0.11665889391414722,0.11665889391414722,0.11665889391414722,0.11665889391414722,0.11665889391414722,0.11665889391414722,0.11665889391414722,0.11665889391414722,0.11665889391414722,0.11665889391414722,0.11665889391414722,0.11665889391414722,0.11665889391414722,0.11665889391414722,0.11665889391414722,0.11665889391414722,0.11665889391414722,0.11665889391414722,0.11665889391414722,0.11665889391414722,0.11665889391414722,0.11665889391414722,0.11665889391414722,0.11665889391414722,0.11665889391414722,0.11665889391414722,0.11665889391414722,0.11665889391414722,0.11665889391414722,0.11665889391414722,0.11665889391414722,0.11665889391414722,0.11665889391414722,0.11665889391414722,0.11665889391414722,0.11665889391414722,0.11665889391414722,0.11665889391414722,0.11665889391414722,0.11665889391414722,0.11665889391414722,0.11665889391414722,0.11665889391414722,0.11665889391414722,0.11665889391414722,0.11665889391414722,0.11665889391414722,0.11665889391414722,0.11665889391414722,0.11665889391414722,0.11665889391414722,0.11665889391414722,0.11665889391414722,0.11665889391414722,0.11665889391414722,0.11665889391414722,0.11665889391414722,0.11665889391414722,0.11665889391414722,0.11665889391414722,0.11665889391414722,0.11665889391414722,0.11665889391414722,0.11665889391414722,0.11665889391414722,0.11665889391414722,0.11665889391414722,0.11665889391414722,0.11665889391414722,0.11665889391414722,0.11665889391414722,0.11665889391414722,0.11665889391414722,0.11665889391414722,0.11665889391414722,0.11665889391414722,0.11665889391414722,0.11665889391414722,0.11665889391414722,0.11665889391414722,0.11665889391414722,0.11665889391414722,0.11665889391414722,0.11665889391414722,0.11665889391414722,0.11665889391414722,0.11665889391414722,0.11665889391414722,0.11665889391414722,0.11665889391414722,0.11665889391414722,0.11665889391414722,0.11665889391414722,0.11665889391414722,0.11665889391414722,0.11665889391414722,0.11665889391414722,0.11665889391414722,0.11665889391414722,0.11665889391414722,0.11665889391414722,0.11665889391414722,0.11665889391414722,0.11665889391414722,0.11665889391414722,0.11665889391414722,0.11665889391414722,0.11665889391414722,0.11665889391414722,0.11665889391414722,0.11665889391414722,0.11665889391414722,0.11665889391414722,0.11665889391414722,0.11665889391414722,0.11665889391414722,0.11665889391414722,0.11665889391414722,0.11665889391414722,0.11665889391414722,0.11665889391414722,0.11665889391414722,0.11665889391414722,0.11665889391414722,0.11665889391414722,0.11665889391414722,0.11665889391414722,0.11665889391414722,0.11665889391414722,0.11665889391414722,0.11665889391414722,0.11665889391414722,0.11665889391414722,0.11665889391414722,0.11665889391414722,0.11665889391414722,0.11665889391414722,0.11665889391414722,0.11665889391414722,0.11665889391414722,0.11665889391414722,0.11665889391414722,0.11665889391414722,0.11665889391414722,0.11665889391414722,0.11665889391414722,0.11665889391414722,0.11665889391414722,0.11665889391414722,0.11665889391414722,0.11665889391414722,0.11665889391414722,0.11665889391414722,0.11665889391414722,0.11665889391414722,0.11665889391414722,0.11665889391414722,0.11665889391414722,0.11665889391414722,0.11665889391414722,0.11665889391414722,0.11665889391414722,0.11665889391414722,0.11665889391414722,0.11665889391414722,0.11665889391414722,0.11665889391414722,0.11665889391414722,0.11665889391414722,0.11665889391414722,0.11665889391414722,0.11665889391414722,0.11665889391414722,0.11665889391414722,0.11665889391414722,0.11665889391414722,0.11665889391414722,0.11665889391414722,0.11665889391414722,0.11665889391414722,0.11665889391414722,0.11665889391414722,0.11665889391414722,0.11665889391414722,0.11665889391414722,0.11665889391414722,0.11665889391414722,0.11665889391414722,0.11665889391414722,0.11665889391414722,0.11665889391414722,0.11665889391414722,0.11665889391414722,0.11665889391414722,0.11665889391414722,0.11665889391414722,0.11665889391414722,0.11665889391414722,0.11665889391414722,0.11665889391414722,0.11665889391414722,0.11665889391414722,0.11665889391414722,0.11665889391414722,0.11665889391414722,0.11665889391414722,0.11665889391414722,0.11665889391414722,0.11665889391414722,0.11665889391414722,0.11665889391414722,0.11665889391414722,0.11665889391414722,0.11665889391414722,0.11665889391414722,0.11665889391414722,0.11665889391414722,0.11665889391414722,0.11665889391414722,0.11665889391414722,0.11665889391414722,0.11665889391414722,0.11665889391414722,0.11665889391414722,0.11665889391414722,0.11665889391414722,0.11665889391414722,0.11665889391414722,0.11665889391414722,0.11665889391414722,0.11665889391414722,0.11665889391414722,0.11665889391414722,0.11665889391414722,0.11665889391414722,0.11665889391414722,0.11665889391414722,0.11665889391414722,0.11665889391414722,0.11665889391414722,0.11665889391414722,0.11665889391414722,0.11665889391414722,0.11665889391414722,0.11665889391414722,0.11665889391414722,0.11665889391414722,0.11665889391414722,0.11665889391414722,0.11665889391414722,0.11665889391414722,0.11665889391414722,0.11665889391414722,0.11665889391414722,0.11665889391414722,0.11665889391414722,0.11665889391414722,0.11665889391414722,0.11665889391414722,0.11665889391414722,0.11665889391414722,0.11665889391414722,0.11665889391414722,0.11665889391414722,0.11665889391414722,0.11665889391414722,0.11665889391414722,0.11665889391414722,0.11665889391414722,0.11665889391414722,0.11665889391414722,0.11665889391414722,0.11665889391414722,0.11665889391414722,0.11665889391414722,0.11665889391414722,0.11665889391414722,0.11665889391414722,0.11665889391414722,0.11665889391414722,0.11665889391414722,0.11665889391414722,0.11665889391414722,0.11665889391414722,0.11665889391414722,0.11665889391414722,0.11665889391414722,0.11665889391414722,0.11665889391414722,0.11665889391414722,0.11665889391414722,0.11665889391414722,0.11665889391414722,0.11665889391414722,0.11665889391414722,0.11665889391414722,0.11665889391414722,0.11665889391414722,0.11665889391414722,0.11665889391414722,0.11665889391414722,0.11665889391414722,0.11665889391414722,0.11665889391414722,0.11665889391414722,0.11665889391414722,0.11665889391414722,0.11665889391414722,0.11665889391414722,0.11665889391414722,0.11665889391414722,0.11665889391414722,0.11665889391414722,0.11665889391414722,0.11665889391414722,0.11665889391414722,0.11665889391414722,0.11665889391414722,0.11665889391414722,0.11665889391414722,0.11665889391414722,0.11665889391414722,0.11665889391414722,0.11665889391414722,0.11665889391414722,0.11665889391414722,0.11665889391414722,0.11665889391414722,0.11665889391414722,0.11665889391414722,0.11665889391414722,0.11665889391414722,0.11665889391414722,0.11665889391414722,0.11665889391414722,0.11665889391414722,0.11665889391414722,0.11665889391414722,0.11665889391414722,0.11665889391414722,0.11665889391414722,0.11665889391414722,0.11665889391414722,0.11665889391414722,0.11665889391414722,0.11665889391414722,0.11665889391414722,0.11665889391414722,0.11665889391414722,0.11665889391414722,0.11665889391414722,0.11665889391414722,0.11665889391414722,0.11665889391414722,0.11665889391414722,0.11665889391414722,0.11665889391414722,0.11665889391414722,0.11665889391414722,0.11665889391414722,0.11665889391414722,0.11665889391414722,0.11665889391414722,0.11665889391414722,0.11665889391414722,0.11665889391414722,0.11665889391414722,0.11665889391414722,0.11665889391414722,0.11665889391414722,0.11665889391414722,0.11665889391414722,0.11665889391414722,0.11665889391414722,0.11665889391414722,0.11665889391414722,0.11665889391414722,0.11665889391414722,0.11665889391414722,0.11665889391414722,0.11665889391414722,0.11665889391414722,0.11665889391414722,0.11665889391414722,0.11665889391414722,0.11665889391414722,0.11665889391414722,0.11665889391414722,0.11665889391414722,0.11665889391414722,0.11665889391414722,0.11665889391414722,0.11665889391414722,0.11665889391414722,0.11665889391414722,0.11665889391414722,0.11665889391414722,0.11665889391414722,0.11665889391414722,0.11665889391414722,0.11665889391414722,0.11665889391414722,0.11665889391414722,0.11665889391414722,0.11665889391414722,0.11665889391414722,0.11665889391414722,0.11665889391414722,0.11665889391414722,0.11665889391414722,0.11665889391414722,0.11665889391414722,0.11665889391414722,0.11665889391414722,0.11665889391414722,0.11665889391414722,0.11665889391414722,0.11665889391414722,0.11665889391414722,0.11665889391414722,0.11665889391414722,0.11665889391414722,0.11665889391414722,0.11665889391414722,0.11665889391414722,0.11665889391414722,0.11665889391414722,0.11665889391414722,0.11665889391414722,0.11665889391414722,0.11665889391414722,0.11665889391414722,0.11665889391414722,0.11665889391414722,0.11665889391414722,0.11665889391414722,0.11665889391414722,0.11665889391414722,0.11665889391414722,0.11665889391414722,0.11665889391414722,0.11665889391414722,0.11665889391414722,0.11665889391414722,0.11665889391414722,0.11665889391414722,0.11665889391414722,0.11665889391414722,0.11665889391414722,0.11665889391414722,0.11665889391414722,0.11665889391414722,0.11665889391414722,0.11665889391414722,0.11665889391414722,0.11665889391414722,0.11665889391414722,0.11665889391414722,0.11665889391414722,0.11665889391414722,0.11665889391414722,0.11665889391414722,0.11665889391414722,0.11665889391414722,0.11665889391414722,0.11665889391414722,0.11665889391414722,0.11665889391414722,0.11665889391414722,0.11665889391414722,0.11665889391414722,0.11665889391414722,0.11665889391414722,0.11665889391414722,0.11665889391414722,0.11665889391414722,0.11665889391414722,0.11665889391414722,0.11665889391414722,0.11665889391414722,0.11665889391414722,0.11665889391414722,0.11665889391414722,0.11665889391414722,0.11665889391414722,0.11665889391414722,0.11665889391414722,0.11665889391414722,0.11665889391414722,0.11665889391414722,0.11665889391414722,0.11665889391414722,0.11665889391414722,0.11665889391414722,0.11665889391414722,0.11665889391414722,0.11665889391414722,0.11665889391414722,0.11665889391414722,0.11665889391414722,0.11665889391414722,0.11665889391414722,0.11665889391414722,0.11665889391414722,0.11665889391414722,0.11665889391414722,0.11665889391414722,0.11665889391414722,0.11665889391414722,0.11665889391414722,0.11665889391414722,0.11665889391414722,0.11665889391414722,0.11665889391414722,0.11665889391414722,0.11665889391414722,0.11665889391414722,0.11665889391414722,0.11665889391414722,0.11665889391414722,0.11665889391414722,0.11665889391414722,0.11665889391414722,0.11665889391414722,0.11665889391414722,0.11665889391414722,0.11665889391414722,0.11665889391414722,0.11665889391414722,0.11665889391414722,0.11665889391414722,0.11665889391414722,0.11665889391414722,0.11665889391414722,0.11665889391414722,0.11665889391414722,0.11665889391414722,0.11665889391414722,0.11665889391414722,0.11665889391414722,0.11665889391414722,0.11665889391414722,0.11665889391414722,0.11665889391414722,0.11665889391414722,0.11665889391414722,0.11665889391414722,0.11665889391414722,0.11665889391414722,0.11665889391414722,0.11665889391414722,0.11665889391414722,0.11665889391414722,0.11665889391414722,0.11665889391414722,0.11665889391414722,0.11665889391414722,0.11665889391414722,0.11665889391414722,0.11665889391414722,0.11665889391414722,0.11665889391414722,0.11665889391414722,0.11665889391414722,0.11665889391414722,0.11665889391414722,0.11665889391414722,0.11665889391414722,0.11665889391414722,0.11665889391414722,0.11665889391414722,0.11665889391414722,0.11665889391414722,0.11665889391414722,0.11665889391414722,0.11665889391414722,0.11665889391414722,0.11665889391414722,0.11665889391414722,0.11665889391414722,0.11665889391414722,0.11665889391414722,0.11665889391414722,0.11665889391414722,0.11665889391414722,0.11665889391414722,0.11665889391414722,0.11665889391414722,0.11665889391414722,0.11665889391414722,0.11665889391414722,0.11665889391414722,0.11665889391414722,0.11665889391414722,0.11665889391414722,0.11665889391414722,0.11665889391414722,0.11665889391414722,0.11665889391414722,0.11665889391414722,0.11665889391414722,0.11665889391414722,0.11665889391414722,0.11665889391414722,0.11665889391414722,0.11665889391414722,0.11665889391414722,0.11665889391414722,0.11665889391414722,0.11665889391414722,0.11665889391414722,0.11665889391414722,0.11665889391414722,0.11665889391414722,0.11665889391414722,0.11665889391414722,0.11665889391414722,0.11665889391414722,0.11665889391414722,0.11665889391414722,0.11665889391414722,0.11665889391414722,0.11665889391414722,0.11665889391414722,0.11665889391414722,0.11665889391414722,0.11665889391414722,0.11665889391414722,0.11665889391414722,0.11665889391414722,0.11665889391414722,0.11665889391414722,0.11665889391414722,0.11665889391414722,0.11665889391414722,0.11665889391414722,0.11665889391414722,0.11665889391414722,0.11665889391414722,0.11665889391414722,0.11665889391414722,0.11665889391414722,0.11665889391414722,0.11665889391414722,0.11665889391414722,0.11665889391414722,0.11665889391414722,0.11665889391414722,0.11665889391414722,0.11665889391414722,0.11665889391414722,0.11665889391414722,0.11665889391414722,0.11665889391414722,0.11665889391414722,0.11665889391414722,0.11665889391414722,0.11665889391414722,0.11665889391414722,0.11665889391414722,0.11665889391414722,0.11665889391414722,0.11665889391414722,0.11665889391414722,0.11665889391414722,0.11665889391414722,0.11665889391414722,0.11665889391414722,0.11665889391414722,0.11665889391414722,0.11665889391414722,0.11665889391414722,0.11665889391414722,0.11665889391414722,0.11665889391414722,0.11665889391414722,0.11665889391414722,0.11665889391414722,0.11665889391414722,0.11665889391414722,0.11665889391414722,0.11665889391414722,0.11665889391414722,0.11665889391414722,0.11665889391414722,0.11665889391414722,0.11665889391414722,0.11665889391414722,0.11665889391414722,0.11665889391414722,0.11665889391414722,0.11665889391414722,0.11665889391414722,0.11665889391414722,0.11665889391414722,0.11665889391414722,0.11665889391414722,0.11665889391414722,0.11665889391414722,0.11665889391414722,0.11665889391414722,0.11665889391414722,0.11665889391414722,0.11665889391414722,0.11665889391414722,0.11665889391414722,0.11665889391414722,0.11665889391414722,0.11665889391414722,0.11665889391414722,0.11665889391414722,0.11665889391414722,0.11665889391414722,0.11665889391414722,0.11665889391414722,0.11665889391414722,0.11665889391414722,0.11665889391414722,0.11665889391414722,0.11665889391414722,0.11665889391414722,0.11665889391414722,0.11665889391414722,0.11665889391414722,0.11665889391414722,0.11665889391414722,0.11665889391414722,0.11665889391414722,0.11665889391414722,0.11665889391414722,0.11665889391414722,0.11665889391414722,0.11665889391414722,0.11665889391414722,0.11665889391414722,0.11665889391414722,0.11665889391414722,0.11665889391414722,0.11665889391414722,0.11665889391414722,0.11665889391414722,0.11665889391414722,0.11665889391414722,0.11665889391414722,0.11665889391414722,0.11665889391414722,0.11665889391414722,0.11665889391414722,0.11665889391414722,0.11665889391414722,0.11665889391414722,0.11665889391414722,0.11665889391414722,0.11665889391414722,0.11665889391414722,0.11665889391414722,0.11665889391414722,0.11665889391414722,0.11665889391414722,0.11665889391414722,0.11665889391414722,0.11665889391414722,0.11665889391414722,0.11665889391414722,0.11665889391414722,0.11665889391414722,0.11665889391414722,0.11665889391414722,0.11665889391414722,0.11665889391414722,0.11665889391414722,0.11665889391414722,0.11665889391414722,0.11665889391414722,0.11665889391414722,0.11665889391414722,0.11665889391414722,0.11665889391414722,0.11665889391414722,0.11665889391414722,0.11665889391414722,0.11665889391414722,0.11665889391414722,0.11665889391414722,0.11665889391414722,0.11665889391414722,0.11665889391414722,0.11665889391414722,0.11665889391414722,0.11665889391414722,0.11665889391414722,0.11665889391414722,0.11665889391414722,0.11665889391414722,0.11665889391414722,0.11665889391414722,0.11665889391414722,0.11665889391414722,0.11665889391414722,0.11665889391414722,0.11665889391414722,0.11665889391414722,0.11665889391414722,0.11665889391414722,0.11665889391414722,0.11665889391414722,0.11665889391414722,0.11665889391414722,0.11665889391414722,0.11665889391414722,0.11665889391414722,0.11665889391414722,0.11665889391414722,0.11665889391414722,0.11665889391414722,0.11665889391414722,0.11665889391414722,0.11665889391414722,0.11665889391414722,0.11665889391414722,0.11665889391414722,0.11665889391414722,0.11665889391414722,0.11665889391414722,0.11665889391414722,0.11665889391414722,0.11665889391414722,0.11665889391414722,0.11665889391414722,0.11665889391414722,0.11665889391414722,0.11665889391414722,0.11665889391414722,0.11665889391414722,0.11665889391414722,0.11665889391414722,0.11665889391414722,0.11665889391414722,0.11665889391414722,0.11665889391414722,0.11665889391414722,0.11665889391414722,0.11665889391414722,0.11665889391414722,0.11665889391414722,0.11665889391414722,0.11665889391414722,0.11665889391414722,0.11665889391414722,0.11665889391414722,0.11665889391414722,0.11665889391414722,0.11665889391414722,0.11665889391414722,0.11665889391414722,0.11665889391414722,0.11665889391414722,0.11665889391414722,0.11665889391414722,0.11665889391414722,0.11665889391414722,0.11665889391414722,0.11665889391414722,0.11665889391414722,0.11665889391414722,0.11665889391414722,0.11665889391414722,0.11665889391414722,0.11665889391414722,0.11665889391414722,0.11665889391414722,0.11665889391414722,0.11665889391414722,0.11665889391414722,0.11665889391414722,0.11665889391414722,0.11665889391414722,0.11665889391414722,0.11665889391414722,0.11665889391414722,0.11665889391414722,0.11665889391414722,0.11665889391414722,0.11665889391414722,0.11665889391414722,0.11665889391414722,0.11665889391414722,0.11665889391414722,0.11665889391414722,0.11665889391414722,0.11665889391414722,0.11665889391414722,0.11665889391414722,0.11665889391414722,0.11665889391414722,0.11665889391414722,0.11665889391414722,0.11665889391414722,0.11665889391414722,0.11665889391414722,0.11665889391414722,0.11665889391414722,0.11665889391414722,0.11665889391414722,0.11665889391414722,0.11665889391414722,0.11665889391414722,0.11665889391414722,0.11665889391414722,0.11665889391414722,0.11665889391414722,0.11665889391414722,0.11665889391414722,0.11665889391414722,0.11665889391414722,0.11665889391414722,0.11665889391414722,0.11665889391414722,0.11665889391414722,0.11665889391414722,0.11665889391414722,0.11665889391414722,0.11665889391414722,0.11665889391414722,0.11665889391414722,0.11665889391414722,0.11665889391414722,0.11665889391414722,0.11665889391414722,0.11665889391414722,0.11665889391414722,0.11665889391414722,0.11665889391414722,0.11665889391414722,0.11665889391414722,0.11665889391414722,0.11665889391414722,0.11665889391414722,0.11665889391414722,0.11665889391414722,0.11665889391414722,0.11665889391414722,0.11665889391414722,0.11665889391414722,0.11665889391414722,0.11665889391414722,0.11665889391414722,0.11665889391414722,0.11665889391414722,0.11665889391414722,0.11665889391414722,0.11665889391414722,0.11665889391414722,0.11665889391414722,0.11665889391414722,0.11665889391414722,0.11665889391414722,0.11665889391414722,0.11665889391414722,0.11665889391414722,0.11665889391414722,0.11665889391414722,0.11665889391414722,0.11665889391414722,0.11665889391414722,0.11665889391414722,0.11665889391414722,0.11665889391414722,0.11665889391414722,0.11665889391414712,0.11665889391414708,0.1166588939141471,0.11665889391414709,0.11665889391414705,0.11665889391414717,0.11665889391414719,0.11665889391414715,0.11665889391414715,0.1166588939141471,0.11665889391414695,0.11665889391414701,0.116658893914147,0.11665889391414698,0.11665889391414695,0.11665889391414698,0.11665889391414719,0.11665889391414713,0.11665889391414719,0.11665889391414712,0.11665889391414713,0.11665889391414712,0.11665889391414713,0.11665889391414716,0.11665889391414719,0.11665889391414717,0.11665889391414717,0.1166588939141472,0.11665889391414723,0.11665889391414722,0.11665889391414723,0.11665889391414724,0.1166588939141472,0.11665889391414722,0.11665889391414744,0.11665889391414742,0.1166588939141475,0.11665889391414762,0.11665889391414748,0.1166588939141475,0.11665889391414755,0.11665889391414747,0.11665889391414742,0.11665889391414744,0.1166588939141474,0.11665889391414733,0.11665889391414735,0.1166588939141473,0.11665889391414755,0.11665889391414766,0.11665889391414784,0.11665889391414781,0.11665889391414783,0.11665889391414784,0.116658893914148,0.11665889391414798,0.11665889391414799,0.11665889391414799,0.11665889391414799,0.11665889391414797,0.11665889391414795,0.11665889391414799,0.11665889391414798,0.11665889391414817,0.11665889391414788,0.116658893914148,0.11665889391414799,0.11665889391414803,0.11665889391414799,0.116658893914148,0.11665889391414806,0.11665889391414849,0.11665889391414849,0.11665889391414853,0.11665889391414853,0.1166588939141485,0.1166588939141485,0.1166588939141485,0.11665889391414852,0.1166588939141485,0.1166588939141485,0.11665889391414852,0.11665889391414849,0.11665889391414853,0.11665889391414831,0.1166588939141482,0.11665889391414822,0.11665889391414865,0.1166588939141486,0.1166588939141486,0.11665889391414845,0.1166588939141484,0.11665889391414835,0.11665889391414831,0.11665889391414838,0.11665889391414841,0.11665889391414844,0.11665889391414844,0.11665889391414808,0.11665889391414824,0.11665889391414834,0.11665889391414865,0.1166588939141486,0.11665889391414866,0.11665889391414867,0.1166588939141487,0.1166588939141488,0.11665889391414822,0.11665889391414824,0.11665889391414822,0.11665889391414823,0.11665889391414812,0.11665889391414816,0.11665889391414822,0.11665889391414816,0.11665889391414805,0.11665889391414788,0.11665889391414792,0.1166588939141481,0.1166588939141484,0.11665889391414694,0.11665889391414946,0.11665889391414393,0.11665889391414004,0.11665889391414072,0.11665889391413523,0.11665889391409565,0.11665889391409175,0.11665889391351289,0.11665889391352663,0.11665889391355146,0.116658893913471,0.1166588939134669,0.11665889391346301,0.11665889391346308,0.11665889391346305,0.11665889391346346,0.11665889391346303,0.11665889391345222,0.11665889391345147,0.1166588939134292,0.11665889391341891,0.11665889391341885,0.11665889391346074,0.11665889391345947,0.11665889391347005,0.1166588939134732,0.11665889391348576,0.11665889391348838,0.11665889391355005,0.11665889391349735,0.11665889391349693,0.11665889391350201,0.11665889391354427,0.11665889391358744,0.11665889391358586,0.11665889391358054,0.11665889391358958,0.1166588939136217,0.11665889391362314,0.11665889391361353,0.11665889391361663,0.11665889391360319,0.116658893913605,0.11665889391361725,0.11665889391361692,0.11665889391361595,0.11665889391361288,0.11665889391361242,0.11665889391361381,0.11665889391361575,0.1166588939136215,0.11665889391363203,0.11665889391363392,0.11665889391363557,0.11665889391363302,0.11665889391362849,0.11665889391364799,0.11665889391365158,0.11665889391365142,0.11665889391365239,0.11665889391365289,0.11665889391370322,0.1166588939137024,0.11665889391370247,0.11665889391370109,0.11665889391370114,0.11665889391369624,0.11665889391369443,0.11665889391369427,0.11665889391370354,0.11665889391370636,0.11665885461616898,0.11665885461620933,0.11665885461620613,0.11665885461620716,0.11665885461620057,0.116658854616201,0.11665885461620268,0.11665885461618744,0.11665885461618543,0.11665885461620057,0.11665885461620071,0.11665885461620051,0.11665885461619936,0.11665885461619942,0.11665885461620182,0.1166588546162018,0.11665885461620168,0.11665885461620167,0.11665885461620164,0.11665885461620201,0.11665885461620204,0.11665885461620201,0.11665885461620168,0.1166588546162021,0.11665885461619388,0.11665885461618923,0.11665885461618872,0.11665885461618614,0.1166588546161857,0.11665885461618626,0.11665885461618634,0.11665885461617756,0.11665885461617655,0.1166588546161766,0.11665885461617598,0.1166588546161884,0.11665885461617212,0.11665885461618702,0.11665885461618608,0.11665885461618605,0.11665885461619335,0.11665885461620064,0.11665885461619903,0.11665885461620229,0.11665885461620609,0.11665885461618589,0.11665885461617573,0.11665885461617305,0.1166588546161748,0.11665885461616746,0.11665885461616848,0.11665885461619042,0.11665885461619432,0.11665885461619403,0.1166588546161625,0.11665885461615143,0.11665885461609388,0.11665885461609196,0.11665885461610052,0.11665885461610331,0.11665885461610313,0.11665885461610248,0.11665885461608114,0.11665885461608151,0.1166588546160827,0.11665885461608261,0.11665885461608017,0.11665885461607127,0.11665885461595703,0.11665885461596588,0.1166588546159306,0.11665885461596417,0.11665885461596882,0.11665885461597,0.11665885461598509,0.11665885461596902,0.11665885461598628,0.11665885461597002,0.11665885461596254,0.11665885461598047,0.1166588546159789,0.11665885461597157,0.11665885461597876,0.116658854615986,0.11665885461597868,0.1166588546159914,0.11665885461598306,0.11665885461598267,0.11665885461598306,0.11665885461598444,0.11665885461599525,0.11665885461599497,0.1166588546159944,0.11665885461604944,0.11665885461605896,0.11665885461606115,0.11665885461606312,0.11665885461607138,0.11665885461607126,0.11665885461606869,0.11665885461602271,0.1166588546160223,0.11665885461599457,0.11665885461599669,0.1166588546159777,0.11665885461601261,0.11665885461599594,0.11665885461599497,0.11665885461599314,0.11665885461599941,0.11665885461599965,0.11665885461602857,0.11665885461602328,0.11665885461601846,0.11665885461601436,0.11665885461599712,0.11665885461593832,0.11665885461593771,0.11665885461594346,0.11665885461594072,0.11665885461594067,0.11665885461594125,0.11665885461594855,0.11665885461597125,0.1166588546159713,0.11665885461597122,0.11665885461595119,0.1166588546159739,0.11665885461594074,0.1166588546159151,0.11665885461590222,0.11665885461601981,0.11665885461602069,0.11665885461602814,0.11665885461603726,0.11665885461606292,0.1166588546160638,0.11665885461604286,0.11665885461600456,0.11665885461595614,0.11665885461598045,0.1166588546159766,0.11665885461597819,0.11665885461598163,0.11665885461597299,0.11665885461599507,0.11665885461599887,0.116658854616004,0.11665885461598605,0.11665885461602196,0.11665885461603498,0.11665885461603086,0.11665885461602528,0.11665885461603254,0.11665885461601551,0.11665885461600084,0.11665885461602858,0.11665885461603322,0.11665885461602642,0.11665885461602718,0.11665885461602812,0.11665885461603256,0.11665885461603188,0.11665885461592403,0.11665885461591319,0.11665885461592473,0.11665885461598427,0.11665885461604325,0.1166588546161017,0.11665885461605875,0.11665885461605872,0.11665885461605675,0.11665885461603488,0.11665885461602853,0.11665885461578472,0.11665885461557089,0.11665885461541432,0.11665885461527678,0.11665885461524299,0.11665885461521262,0.11665885461518495,0.11665885461515273,0.11665885461519415,0.11665885461521061,0.11665885461522071,0.11665885461523036,0.1166588546152466,0.11665885461529958,0.11665885461534742,0.11665885461534727,0.11665885461534711,0.11665885461537201,0.11665885461539492,0.11665885461545719,0.11665885461544363,0.1166588546154452,0.11665885461559407,0.11665885461559522,0.11665885461559643,0.11665885461557654,0.11665885461556275,0.11665885461555536,0.11665885461555249,0.11665885461555434,0.11665885461555883,0.1166588546155828,0.11665885461554844,0.11665885461554125,0.11665885461577805,0.11665885461578368,0.11665885461578855,0.11665885461578118,0.11665885461577687,0.11665885461577283,0.11665885461575778,0.11665885461555049,0.11665885461530469,0.11665885461529227,0.11665885461529242,0.11665885461529243,0.1166591600198379,0.11665916001983105,0.11665916001983057,0.11665916001983033,0.11665916001982023,0.11665916001981547,0.11665916001982626,0.11665916002001887,0.1166591600200198,0.11665916002001339,0.11665916002001428,0.11665916002003635,0.11665916001998897,0.11665916001999027,0.11665916001996182,0.11665916001996247,0.1166591600199627,0.11665916001997849,0.11665916001990502,0.11665916001982889,0.11665916001984067,0.11665916001983656,0.116659160019944,0.1166591600199598,0.11665916001992702,0.11665916001993466,0.11665916001994656,0.11665916001994757,0.11665916001995384,0.1166591600199467,0.11665916001999445,0.11665916002020504,0.11665916002025087,0.11665916002022807,0.11665916002021001,0.11665916002018528,0.11665916002025495,0.11665916002024145,0.11665916002022726,0.11665916002021315,0.11665916002017242,0.11665916002015847,0.11665916002014436,0.11665916002014934,0.11665916002010772,0.11665916002006887,0.11665916002003217,0.11665916002002687,0.11665916002002116,0.11665916002001375,0.11665916002001375,0.11665916002001377,0.1166591600200137,0.11665916002001378,0.11665916002011545,0.11665916002023684,0.11665916002024151,0.11665916002024153,0.11665916002028512,0.11665916002032826,0.11665916002037098,0.11665916002041302,0.11665916002033706,0.11665916002025974,0.11665916002017993,0.11665916002000147,0.11665916002023083,0.11665916002025173,0.1166591600201306,0.11665916002021666,0.1166591600202195,0.11665916002027284,0.11665916002050579,0.11665916002073685,0.11665916002075552,0.11665916002077387,0.11665916002076264,0.11665916002083532,0.11665916002090211,0.11665916002089957,0.1166591600209053,0.116659160020926,0.11665916002094243,0.116659160020958,0.11665916002097543,0.11665916002099136,0.11665916002084632,0.11665916002058897,0.11665916002034236,0.11665916002010376,0.11665916001987339,0.11665916001964638,0.11665916001942159,0.11665916001945968,0.11665916001949694,0.1166591600195328,0.11665916001956765,0.1166591600195618,0.11665916001957052,0.11665916001956385,0.1166591600195572,0.11665916001956644,0.11665916001956395,0.11665916001956227,0.1166591600195946,0.11665916001959294,0.11665916001968052,0.1166591600197732,0.1166591600198545,0.11665916001985045,0.11665916001984405,0.11665916001988208,0.11665916001998954,0.11665916002001137,0.1166591600200091,0.11665916001997734,0.11665916001996993,0.11665916001996197,0.1166591600199763,0.11665916002003007,0.1166591600198319,0.11665916001983766,0.11665916001980992,0.11665916001972311,0.11665916001956209,0.11665916001952222,0.11665916001935833,0.11665916001936583,0.11665916001938048,0.11665916001938675,0.11665916001939368,0.11665916001940681,0.11665916001932954,0.11665916001931861,0.11665916001931859,0.11665916001925102,0.11665916001924183,0.11665916001933474,0.11665916001933471,0.11665916001933246,0.1166591600193333,0.11665916001933328,0.11665916001934949,0.11665916001935853,0.116659160019367,0.116659160019378,0.11665916001937487,0.1166591600193718,0.11665916001936343,0.1166591600193547,0.11665916001934518,0.11665916001933853,0.11665916001933267,0.11665916001935717,0.1166591600193812,0.11665916001939365,0.11665916001939958,0.11665916001939305,0.11665916001936348,0.11665916001933102,0.11665916001932163,0.11665916001931823,0.11665916001931509,0.11665916001931184,0.11665916001930858,0.11665916001929078,0.11665916001918711,0.11665916001925469,0.11665916001916148,0.11665916001905158,0.1166591600191493,0.11665916001916944,0.11665916001916399,0.11665916001916421,0.11665916001901572,0.11665916001902031,0.11665916001886696,0.11665916001884896,0.11665916001885637,0.11665916001886313,0.11665916001886908,0.11665916001890225,0.11665916001889999,0.11665916001889814,0.11665916001889758,0.11665916001889705,0.11665916001889944,0.11665916001893363,0.1166591600189421,0.11665916001893765,0.11665916001893428,0.11665916001890508,0.11665916001891252,0.11665916001906364,0.116659160019027,0.11665916001910741,0.11665916001914307,0.11665916001915363,0.11665916001924616,0.11665916001931421,0.11665916001932299,0.11665916001933199,0.11665916001938403,0.11665916001915991,0.1166591600189992,0.11665916001888849,0.11665916001879288,0.11665916001879056,0.11665916001876474,0.11665916001863587,0.11665916001849895,0.1166591600184888,0.11665916001847845,0.11665916001847298,0.11665916001847024,0.11665916001846842,0.11665916001846163,0.11665916001846159,0.11665916001846884,0.11665916001846637,0.11665916001846602,0.11665916001846642,0.11665916001848423,0.11665916001850234,0.11665916001852042,0.11665916001853878,0.11665916001855753,0.11665916001857655,0.11665916001859561,0.1166591600186149,0.1166591600186343,0.11665916001865378,0.11665916001861014,0.11665916001862674,0.11665916001863835,0.11665916001865878,0.1166591600186588,0.11665916001866443,0.11665916001866972,0.11665916001867471,0.11665916001867291,0.11665916001867335,0.11665916001867362,0.11665916001867374,0.11665916001867377,0.1166591600186692,0.11665916001866465,0.11665916001866014,0.11665916001865555,0.11665916001865113,0.11665916001865106,0.11665916001865106,0.11665916001865112,0.11665916001865118,0.11665916001865115,0.11665916001865113,0.11665916001864873,0.11665916001864857,0.11665916001864957,0.11665916001865964,0.11665916001866831,0.11665916001866684,0.11665916001876415,0.11665916001861225,0.1166591600184556,0.11665916001829538,0.11665916001816286,0.11665916001802887,0.11665916001789037,0.11665916001775119,0.11665916001759997,0.11665916001744835,0.116659160017469,0.1166591600174928,0.11665916001749184,0.11665916001749076,0.11665916001748894,0.1166591600174869,0.11665916001750859,0.11665916001753071,0.11665916001755304,0.11665916001754667,0.11665916001756928,0.11665916001759173,0.11665916001758098,0.11665916001753404,0.11665916001738594,0.11665916001733422,0.11665916001738748,0.11665916001733818,0.11665916001734782,0.11665916001742552,0.1166591600174257,0.11665916001742582,0.11665916001742378,0.11665916001741973,0.11665916001740874,0.11665916001740873,0.11665916001744045,0.11665916001745064,0.11665916001747223,0.11665916001747112,0.1166591600174691,0.11665916001746945,0.1166591600174649,0.11665916001745988,0.11665916001745424,0.11665916001744835,0.11665916001744195,0.11665916001744193,0.11665916001729595,0.11665916001750772,0.11665916001750275,0.11665916001752809,0.11665916001751654,0.11665916001751013,0.1166591600175083,0.11665916001750111,0.11665916001750105,0.11665916001750111,0.11665916001750103,0.11665916001750104,0.11665916001750098,0.11665916001750119,0.1166591600175014,0.11665916001750158,0.1166591600175016,0.11665916001750137,0.11665916001751218,0.11665916001752012,0.11665916001752631,0.11665916001753081,0.11665916001753547,0.11665916001754427,0.11665916001752949,0.11665916001751682,0.11665916001750917,0.11665916001750284,0.11665916001749749,0.11665916001749757,0.11665916001749753,0.11665916001749763,0.11665916001749768,0.11665916001749776,0.11665916001749779,0.11665916001749782,0.11665916001749131,0.11665916001749142,0.11665916001749133,0.11665916001749128,0.11665916001750128,0.11665916001750125,0.11665916001750122,0.11665916001750122,0.11665916001750122,0.1166591600175012,0.11665916001749622,0.116659160017491,0.11665916001749031,0.11665916001748723,0.11665916001747924,0.11665916001747606,0.11665916001747324,0.11665916001746458,0.11665916001745513,0.11665916001749888,0.11665916001749815,0.1166591600174982,0.11665916001750531,0.11665916001760782,0.11665916001761593,0.1166591600177741,0.11665916001778322,0.11665916001788322,0.11665916001788237,0.11665916001788136,0.11665916001783674,0.11665916001783569,0.11665916001783457,0.11665916001783339,0.11665916001780412,0.11665916001779852,0.116659160017793,0.11665916001778329,0.11665916001777468,0.11665916001775982,0.11665916001775649,0.11665916001776702,0.1166591600177639,0.11665916001776354,0.11665916001775209,0.11665916001776204,0.11665916001769298,0.11665916001773254,0.11665916001777375,0.11665916001781207,0.11665916001782947,0.11665916001782733,0.11665916001782982,0.11665916001783241,0.116659160017834,0.11665916001783468,0.11665916001783523,0.11665916001783598,0.1166591600178361,0.11665916001783613,0.11665916001783348,0.11665916001783275,0.11665916001788632,0.11665916001788633,0.11665916001788355,0.11665916001788355,0.11665916001788194,0.11665916001793337,0.11665916001790404,0.11665916001790821,0.11665916001791223,0.11665916001791073,0.1166591600179092,0.11665916001789296,0.11665916001777346,0.11665916001770013,0.1166591600177037,0.11665916001771962,0.11665916001772082,0.11665916001772006,0.11665916001771973,0.11665916001771949,0.11665916001771941,0.11665916001771928,0.11665916001773262,0.11665916001774608,0.11665916001775953,0.11665916001775962,0.11665916001776391,0.11665916001787847,0.11665916001787431,0.11665916001787087,0.11665916001786782,0.11665916001786489,0.11665916001786207,0.11665916001785925,0.11665916001785658,0.11665916001785785,0.11665916001785026,0.11665916001785608,0.11665916001786217,0.11665916001772682,0.1166591600175913,0.11665916001745266,0.11665916001745266,0.11665916001745147,0.11665916001745145,0.11665916001745291,0.11665916001745294,0.11665916001745281,0.11665916001745283,0.11665916001745182,0.11665916001745168,0.11665916001737134,0.11665916001724468,0.11665916001724902,0.1166591600172533,0.11665916001728831,0.11665916001731935,0.11665916001738816,0.11665916001746453,0.11665916001754215,0.11665916001754958,0.1166591600175565,0.11665916001759759,0.1166591600175065,0.11665916001754498,0.1166591600174595,0.11665916001746379,0.11665916001746376,0.11665916001745726,0.11665916001744558,0.11665916001745157,0.11665916001745126,0.11665916001745168,0.1166591600174425,0.1166591600174506,0.11665916001745133,0.11665916001745696,0.11665916001745677,0.11665916001745241,0.11665916001744801,0.11665916001744366,0.11665916001743676,0.1166591600174323,0.11665916001742756,0.11665916001742774,0.11665916001741931,0.11665916001741934,0.11665916001741936,0.11665916001741934,0.11665916001741937,0.11665916001741933,0.11665916001741981,0.11665916001741981,0.11665916001741983,0.11665916001742131,0.11665916001742158,0.11665916001742141,0.11665916001742181,0.11665916001742206,0.11665916001742246,0.11665916001742338,0.11665916001742462,0.11665916001742606,0.11665916001742822,0.11665916001743339,0.11665916001743375,0.11665916001744628,0.11665916001742947,0.11665916001743135,0.11665916001743586,0.11665916001743838,0.11665916001748941,0.11665916001750204,0.11665916001750204,0.11665916001751639,0.11665916001750964,0.11665916001750963,0.11665916001751424,0.11665916001751424,0.11665916001751923,0.11665916001751922,0.11665916001751922,0.11665916001751923,0.11665916001751922,0.11665916001751925,0.11665916001751889,0.11665916001752091,0.11665916001751843,0.11665916001752079,0.11665916001752229,0.11665916001752395,0.11665916001752785,0.1166591600175086,0.11665916001750859,0.11665916001750853,0.11665916001750855,0.11665916001750849,0.11665916001750772,0.11665916001750778,0.11665916001750772,0.11665916001750772,0.11665916001750697,0.11665916001750624,0.11665916001750556,0.11665916001750484,0.11665916001750413,0.11665916001750343,0.11665916001750275,0.11665916001750197,0.11665916001750135,0.11665916001750068,0.11665916001749994,0.11665916001751582,0.11665916001751514,0.11665916001754251,0.11665916001756714,0.11665916001759995,0.11665916001759867,0.11665916001759732,0.11665916001762963,0.11665916001762688,0.11665916001762587,0.11665916001762236,0.1166591600176423,0.11665916001766011,0.116659160017669,0.11665916001766458,0.11665916001766462,0.11665916001766459,0.11665916001766459,0.11665916001766456,0.1166591600176645,0.1166591600176645,0.11665916001766453,0.11665916001766449,0.11665916001766401,0.1166591600176684,0.1166591600176728,0.11665916001767568,0.11665916001767858,0.11665916001767852,0.11665916001767858,0.11665916001767863,0.11665916001767858,0.11665916001767856,0.11665916001767855,0.11665916001767856,0.11665916001767856,0.11665916001767859,0.11665916001767858,0.11665916001767856,0.11665916001767858,0.11665916001767854,0.11665916001767859,0.11665916001767858,0.11665916001767858,0.11665916001767859,0.11665916001767858,0.11665916001767856,0.11665916001767856,0.11665916001767855,0.11665916001767856,0.11665916001767856,0.11665916001767858,0.11665916001767858,0.11665916001767859,0.11665916001767862,0.11665916001767859,0.11665916001767856,0.11665916001767856,0.11665916001767855,0.11665916001767859,0.11665916001767858,0.11665916001767858,0.11665916001767858,0.11665916001767858,0.11665916001767858,0.11665916001767856,0.11665916001767858,0.11665916001767859,0.11665916001767856,0.11665916001767855,0.11665916001767848,0.1166591600176785,0.11665916001767851,0.11665916001767851,0.1166591600176785,0.11665916001767851,0.11665916001767854,0.11665916001767852,0.11665916001767856,0.11665916001767852,0.11665916001767851,0.11665916001767852,0.11665916001767854,0.11665916001767854,0.11665916001767852,0.11665916001767854,0.11665916001767848,0.11665916001767858,0.1166591600176785,0.11665916001767852,0.11665916001767851,0.1166591600176785,0.11665916001767851,0.11665916001767851,0.11665916001767852,0.1166591600176785,0.11665916001767852,0.11665916001767851,0.11665916001767854,0.11665916001767854,0.11665916001767851,0.11665916001767851,0.11665916001767852,0.11665916001767851,0.11665916001767856,0.11665916001767858,0.11665916001767854,0.11665916001767858,0.11665916001767858,0.11665916001767858,0.11665916001767856,0.11665916001767855,0.11665916001767855,0.11665916001767858,0.11665916001767858,0.11665916001767851,0.11665916001767856,0.11665916001767855,0.11665916001767856,0.11665916001767859,0.11665916001767856,0.11665916001767856,0.11665916001767858,0.11665916001767855,0.11665916001767859,0.11665916001767856,0.11665916001767859,0.11665916001767859,0.1166591600176786,0.11665916001767859,0.11665916001767858,0.11665916001767859,0.11665916001767858,0.11665916001767859,0.11665916001767856,0.11665916001767856,0.11665916001767856,0.11665916001767856,0.11665916001767856,0.11665916001767858,0.11665916001767855,0.11665916001767854,0.1166591600176785,0.11665916001767855,0.11665916001767851,0.11665916001767858,0.11665916001767855,0.11665916001767856,0.11665916001767855,0.11665916001767859,0.11665916001767854,0.11665916001767854,0.11665916001767855,0.11665916001767858,0.11665916001767854,0.11665916001767858,0.11665916001767858,0.11665916001767858,0.11665916001767856,0.11665916001767859,0.11665916001767858,0.11665916001767858,0.11665916001767858,0.11665916001767859,0.11665916001767858,0.11665916001767858,0.11665916001767858,0.1166591600176786,0.11665916001767858,0.11665916001767856,0.11665916001767859,0.11665916001767855,0.11665916001767858,0.11665916001767856,0.11665916001767856,0.11665916001767854,0.11665916001767856,0.11665916001767858,0.11665916001767858,0.11665916001767855,0.11665916001767858,0.11665916001767858,0.11665916001767856,0.11665916001767858,0.11665916001767858,0.11665916001767859,0.11665916001767858,0.1166591600176786,0.11665916001767858,0.11665916001767858,0.11665916001767858,0.11665916001767859,0.11665916001767858,0.11665916001767856,0.11665916001767859,0.11665916001767859,0.11665916001767859,0.11665916001767858,0.11665916001767862,0.11665916001767858,0.11665916001767859,0.11665916001767855,0.11665916001767856,0.11665916001767856,0.11665916001767863,0.11665916001767856,0.1166591600176786,0.11665916001767856,0.11665916001767862,0.1166591600176786,0.1166591600176786,0.11665916001767856,0.1166591600176786,0.11665916001767855,0.11665916001767866,0.11665916001767851,0.11665916001767855,0.11665916001767856,0.11665916001767854,0.11665916001767856,0.11665916001767851,0.11665916001767854,0.11665916001767856,0.11665916001767856,0.11665916001767856,0.11665916001767855,0.11665916001767856,0.11665916001767858,0.11665916001767854,0.11665916001767856,0.11665916001767855,0.11665916001767858,0.11665916001767854,0.11665916001767856,0.11665916001767855,0.11665916001767855,0.11665916001767852,0.11665916001767856,0.11665916001767854,0.11665916001767856,0.11665916001767852,0.11665916001767856,0.11665916001767859,0.11665916001767856,0.11665916001767859,0.11665916001767856,0.11665916001767852,0.1166591600176786,0.11665916001767855,0.11665916001767858,0.11665916001767856,0.11665916001767866,0.11665916001767859,0.11665916001767863,0.11665916001767856,0.11665916001767858,0.11665916001767863,0.1166591600176786,0.11665916001767856,0.11665916001767856,0.11665916001767865,0.11665916001767856,0.11665916001767858,0.11665916001767868,0.11665916001767858,0.11665916001767869,0.11665916001767865,0.11665916001767862,0.11665916001767868,0.11665916001767865,0.11665916001767866,0.11665916001767863,0.1166591600176786,0.11665916001767863,0.11665916001767863,0.1166591600176786,0.11665916001767856,0.11665916001767859,0.11665916001767865,0.1166591600176786,0.1166591600176786,0.11665916001767868,0.11665916001767862,0.11665916001767862,0.11665916001767866,0.11665916001767859,0.11665916001767859,0.11665916001767866,0.11665916001767866,0.11665916001767866,0.11665916001767866,0.11665916001767866,0.11665916001767862,0.11665916001767866,0.11665916001767868,0.11665916001767844,0.11665916001767866,0.11665916001767862,0.11665916001767863,0.11665916001767858,0.11665916001767859,0.11665916001767852,0.11665916001767859,0.11665916001767858,0.11665916001767856,0.11665916001767854,0.11665916001767854,0.11665916001767856,0.11665916001767854,0.11665916001767854,0.11665916001767858,0.11665916001767856,0.11665916001767856,0.11665916001767854,0.11665916001767856,0.11665916001767856,0.11665916001767855,0.11665916001767859,0.11665916001767856,0.11665916001767858,0.11665916001767856,0.11665916001767859,0.11665916001767859,0.11665916001767859,0.11665916001767855,0.11665916001767862,0.11665916001767856,0.1166591600176786,0.11665916001767862,0.11665916001767858,0.11665916001767856,0.11665916001767858,0.11665916001767858,0.11665916001767859,0.1166591600176786,0.11665916001767856,0.11665916001767858,0.11665916001767858,0.11665916001767858,0.11665916001767858,0.11665916001767859,0.11665916001767858,0.11665916001767859,0.11665916001767859,0.11665916001767856,0.11665916001767858,0.11665916001767858,0.11665916001767858,0.1166591600176786,0.11665916001767858,0.11665916001767855,0.11665916001767858,0.11665916001767863,0.11665916001767863,0.11665916001767859,0.11665916001767862,0.11665916001767859,0.11665916001767863,0.1166591600176786,0.11665916001767859,0.11665916001767859,0.11665916001767856,0.11665916001767858,0.1166591600176786,0.11665916001767858,0.11665916001767859,0.11665916001767858,0.11665916001767858,0.11665916001767858,0.11665916001767858,0.11665916001767858,0.11665916001767858,0.11665916001767854,0.11665916001767858,0.11665916001767859,0.11665916001767858,0.11665916001767858,0.11665916001767858,0.11665916001767858,0.11665916001767855,0.11665916001767855,0.11665916001767855,0.11665916001767855,0.11665916001767856,0.11665916001767854,0.11665916001767854,0.11665916001767854,0.11665916001767856,0.11665916001767855,0.11665916001767855,0.11665916001767855,0.11665916001767858,0.11665916001767852,0.11665916001767858,0.11665916001767856,0.11665916001767858,0.11665916001767858,0.11665916001767856,0.11665916001767858,0.11665916001767858,0.11665916001767854,0.11665916001767854,0.11665916001767856,0.11665916001767858,0.11665916001767858,0.11665916001767855,0.11665916001767855,0.11665916001767855,0.11665916001767856,0.11665916001767856,0.11665916001767856,0.11665916001767859,0.1166591600176786,0.11665916001767863,0.11665916001767859,0.11665916001767858,0.11665916001767858,0.11665916001767858,0.11665916001767856,0.11665916001767856,0.11665916001767856,0.11665916001767859,0.11665916001767855,0.11665916001767855,0.11665916001767854,0.11665916001767856,0.11665916001767856,0.11665916001767856,0.11665916001767854,0.11665916001767851,0.11665916001767854,0.11665916001767854,0.11665916001767855,0.11665916001767854,0.11665916001767855,0.11665916001767851,0.11665916001767851,0.11665916001767851,0.1166591600176785,0.11665916001767848,0.11665916001767848,0.11665916001767852,0.11665916001767854,0.11665916001767854,0.1166591600176785,0.1166591600176785,0.11665916001767851,0.11665916001767851,0.11665916001767851,0.11665916001767858,0.11665916001767856,0.11665916001767855,0.11665916001767851,0.11665916001767855,0.11665916001767852,0.11665916001767854,0.11665916001767852,0.11665916001767852,0.11665916001767848,0.11665916001767847,0.11665916001767855,0.11665916001767856,0.11665916001767848,0.11665916001767847,0.1166591600176785,0.11665916001767848,0.11665916001767854,0.11665916001767852,0.11665916001767851,0.11665916001767854,0.11665916001767854,0.11665916001767858,0.11665916001767855,0.11665916001767852,0.11665916001767852,0.1166591600176785,0.11665916001767854,0.11665916001767854,0.11665916001767856,0.11665916001767854,0.11665916001767856,0.11665916001767852,0.11665916001767856,0.11665916001767851,0.1166591600176785,0.11665916001767858,0.11665916001767855,0.11665916001767856,0.11665916001767856,0.11665916001767856,0.11665916001767856,0.11665916001767856,0.11665916001767858,0.11665916001767858,0.11665916001767856,0.11665916001767856,0.1166591600176786,0.11665916001767856,0.11665916001767859,0.11665916001767859,0.11665916001767859,0.1166591600176786,0.1166591600176786,0.11665916001767855,0.11665916001767858,0.11665916001767858,0.11665916001767856,0.1166591600176786,0.11665916001767858,0.11665916001767856,0.11665916001767859,0.11665916001767858,0.11665916001767856,0.11665916001767858,0.11665916001767856,0.11665916001767858,0.1166591600176786,0.11665916001767859,0.11665916001767856,0.11665916001767859,0.11665916001767855,0.11665916001767856,0.11665916001767858,0.11665916001767858,0.11665916001767858,0.11665916001767858,0.11665916001767856,0.11665916001767858,0.11665916001767858,0.11665916001767856,0.11665916001767856,0.11665916001767855,0.11665916001767854,0.11665916001767856,0.11665916001767856,0.11665916001767858,0.11665916001767856,0.11665916001767856,0.11665916001767855,0.11665916001767858,0.11665916001767856,0.11665916001767856,0.11665916001767855,0.1166591600176786,0.11665916001767862,0.11665916001767862,0.11665916001767851,0.11665916001767858,0.11665916001767856,0.11665916001767858,0.11665916001767856,0.11665916001767856,0.11665916001767856,0.11665916001767862,0.11665916001767858,0.11665916001767858,0.11665916001767856,0.11665916001767856,0.11665916001767856,0.11665916001767859,0.11665916001767855,0.11665916001767858,0.1166591600176786,0.11665916001767859,0.1166591600176786,0.11665916001767856,0.11665916001767856,0.11665916001767858,0.11665916001767856,0.11665916001767862,0.11665916001767858,0.11665916001767862,0.11665916001767858,0.11665916001767859,0.11665916001767854,0.11665916001767855,0.11665916001767858,0.11665916001767859,0.11665916001767858,0.11665916001767851,0.11665916001767851,0.11665916001767859,0.11665916001767854,0.11665916001767854,0.11665916001767854,0.11665916001767852,0.11665916001767854,0.11665916001767851,0.11665916001767855,0.11665916001767855,0.11665916001767855,0.11665916001767847,0.11665916001767856,0.11665916001767859,0.11665916001767855,0.11665916001767856,0.11665916001767851,0.11665916001767858,0.11665916001767852,0.11665916001767855,0.11665916001767856,0.11665916001767852,0.11665916001767851,0.11665916001767851,0.11665916001767855,0.11665916001767855,0.11665916001767854,0.11665916001767852,0.11665916001767854,0.1166591600176785,0.11665916001767854,0.11665916001767855,0.11665916001767852,0.11665916001767854,0.1166591600176785,0.11665916001767855,0.11665916001767852,0.11665916001767855,0.11665916001767854,0.11665916001767852,0.11665916001767858,0.11665916001767858,0.11665916001767855,0.1166591600176786,0.11665916001767856,0.11665916001767858,0.11665916001767855,0.11665916001767855,0.11665916001767856,0.11665916001767858,0.11665916001767858,0.11665916001767856,0.11665916001767856,0.11665916001767858,0.11665916001767856,0.11665916001767855,0.11665916001767856,0.11665916001767858,0.11665916001767858,0.11665916001767856,0.11665916001767858,0.11665916001767856,0.11665916001767855,0.11665916001767859,0.11665916001767856,0.11665916001767858,0.11665916001767865,0.11665916001767858,0.11665916001767859,0.11665916001767859,0.11665916001767856,0.1166591600176786,0.11665916001767858,0.11665916001767858,0.11665916001767855,0.11665916001767859,0.11665916001767855,0.11665916001767854,0.11665916001767859,0.11665916001767856,0.11665916001767858,0.11665916001767859,0.11665916001767856,0.11665916001767859,0.11665916001767856,0.11665916001767856,0.11665916001767858,0.11665916001767856,0.11665916001767856,0.11665916001767856,0.11665916001767856,0.1166591600176786,0.11665916001767854,0.11665916001767856,0.11665916001767858,0.11665916001767858,0.11665916001767856,0.11665916001767855,0.11665916001767855,0.11665916001767851,0.11665916001767856,0.11665916001767856,0.11665916001767855,0.11665916001767858,0.11665916001767856,0.11665916001767865,0.11665916001767856,0.11665916001767858,0.11665916001767856,0.11665916001767858,0.11665916001767855,0.11665916001767854,0.11665916001767856,0.11665916001767855,0.11665916001767855,0.11665916001767856,0.11665916001767852,0.11665916001767854,0.11665916001767856,0.11665916001767852,0.11665916001767856,0.11665916001767851,0.11665916001767852,0.11665916001767855,0.11665916001767856,0.11665916001767851,0.11665916001767851,0.11665916001767851,0.1166591600176785,0.1166591600176785,0.11665916001767854,0.11665916001767852,0.11665916001767854,0.11665916001767852,0.11665916001767851,0.11665916001767852,0.11665916001767855,0.11665916001767852,0.11665916001767851,0.11665916001767854,0.1166591600176785,0.1166591600176785,0.11665916001767851,0.1166591600176785,0.11665916001767851,0.11665916001767852,0.11665916001767848,0.11665916001767852,0.1166591600176785,0.11665916001767856,0.11665916001767854,0.11665916001767855,0.11665916001767851,0.11665916001767852,0.11665916001767852,0.11665916001767851,0.11665916001767856,0.11665916001767855,0.11665916001767854,0.11665916001767851,0.11665916001767855,0.11665916001767855,0.11665916001767856,0.11665916001767858,0.11665916001767856,0.11665916001767858,0.11665916001767856,0.11665916001767859,0.1166591600176786,0.11665916001767858,0.11665916001767858,0.11665916001767858,0.11665916001767856,0.11665916001767862,0.11665916001767858,0.11665916001767856,0.11665916001767856,0.11665916001767856,0.11665916001767854,0.11665916001767855,0.11665916001767855,0.11665916001767856,0.11665916001767858,0.11665916001767855,0.11665916001767858,0.11665916001767856,0.11665916001767856,0.1166591600176786,0.11665916001767862,0.11665916001767858,0.11665916001767858,0.11665916001767856,0.11665916001767856,0.11665916001767856,0.11665916001767856,0.11665916001767858,0.11665916001767859,0.11665916001767858,0.11665916001767856,0.11665916001767859,0.11665916001767856,0.11665916001767856,0.11665916001767859,0.11665916001767859,0.11665916001767856,0.11665916001767859,0.11665916001767858,0.11665916001767858,0.11665916001767856,0.11665916001767854,0.11665916001767856,0.11665916001767859,0.11665916001767858,0.11665916001767856,0.11665916001767858,0.11665916001767856,0.11665916001767856,0.11665916001767858,0.11665916001767858,0.11665916001767858,0.11665916001767862,0.11665916001767862,0.11665916001767859,0.11665916001767858,0.11665916001767859,0.11665916001767856,0.11665916001767858,0.11665916001767858,0.11665916001767856,0.11665916001767858,0.11665916001767859,0.11665916001767856,0.11665916001767856,0.11665916001767859,0.11665916001767856,0.11665916001767856,0.11665916001767854,0.11665916001767859,0.11665916001767858,0.11665916001767858,0.11665916001767854,0.11665916001767856,0.11665916001767855,0.11665916001767858,0.11665916001767856,0.11665916001767856,0.11665916001767856,0.11665916001767856,0.11665916001767858,0.11665916001767858,0.11665916001767851,0.11665916001767858,0.11665916001767858,0.11665916001767856,0.11665916001767856,0.11665916001767858,0.11665916001767858,0.11665916001767856,0.11665916001767856,0.11665916001767851,0.11665916001767851,0.11665916001767855,0.11665916001767852,0.11665916001767852,0.11665916001767858,0.11665916001767854,0.11665916001767855,0.11665916001767858,0.11665916001767858,0.11665916001767858,0.11665916001767852,0.11665916001767854,0.11665916001767856,0.11665916001767858,0.11665916001767859,0.11665916001767859,0.11665916001767856,0.11665916001767858,0.11665916001767859,0.11665916001767856,0.11665916001767856,0.11665916001767856,0.11665916001767858,0.11665916001767856,0.11665916001767854,0.11665916001767862,0.11665916001767858,0.11665916001767856,0.11665916001767858,0.11665916001767859,0.11665916001767858,0.11665916001767856,0.11665916001767865,0.11665916001767855,0.11665916001767859,0.11665916001767858,0.11665916001767856,0.11665916001767858,0.1166591600176786,0.1166591600176786,0.11665916001767859,0.11665916001767854,0.11665916001767858,0.11665916001767859,0.1166591600176786,0.11665916001767856,0.11665916001767856,0.11665916001767855,0.11665916001767858,0.11665916001767855,0.11665916001767858,0.11665916001767856,0.11665916001767856,0.11665916001767856,0.11665916001767855,0.11665916001767856,0.11665916001767856,0.11665916001767855,0.11665916001767856,0.11665916001767856,0.11665916001767855,0.11665916001767859,0.1166591600176786,0.11665916001767856,0.11665916001767856,0.11665916001767856,0.11665916001767858,0.11665916001767856,0.11665916001767856,0.11665916001767858,0.11665916001767856,0.11665916001767859,0.11665916001767859,0.11665916001767856,0.11665916001767859,0.11665916001767847,0.1166591600176786,0.11665916001767856,0.11665916001767856,0.11665916001767858,0.11665916001767858,0.11665916001767856,0.11665916001767858,0.11665916001767856,0.11665916001767856,0.11665916001767856,0.11665916001767856,0.11665916001767856,0.11665916001767856,0.11665916001767858,0.11665916001767858,0.11665916001767858,0.11665916001767854,0.11665916001767859,0.11665916001767854,0.11665916001767862,0.11665916001767856,0.11665916001767855,0.11665916001767855,0.11665916001767859,0.11665916001767858,0.11665916001767856,0.11665916001767858,0.11665916001767856,0.11665916001767855,0.11665916001767858,0.11665916001767856,0.11665916001767854,0.11665916001767848,0.11665916001767858,0.11665916001767851,0.11665916001767852,0.11665916001767854,0.11665916001767854,0.11665916001767851,0.11665916001767852,0.11665916001767852,0.11665916001767852,0.11665916001767855,0.11665916001767847,0.11665916001767848,0.11665916001767852,0.11665916001767854,0.11665916001767851,0.11665916001767848,0.1166591600176785,0.1166591600176785,0.11665916001767851,0.11665916001767851,0.11665916001767852,0.11665916001767851,0.11665916001767852,0.11665916001767851,0.1166591600176785,0.11665916001767855,0.11665916001767851,0.11665916001767856,0.11665916001767854,0.11665916001767856,0.11665916001767851,0.11665916001767854,0.11665916001767852,0.11665916001767854,0.11665916001767848,0.11665916001767854,0.11665916001767851,0.11665916001767855,0.11665916001767852,0.11665916001767851,0.11665916001767848,0.11665916001767852,0.11665916001767856,0.11665916001767859,0.11665916001767855,0.11665916001767856,0.11665916001767855,0.11665916001767855,0.11665916001767855,0.1166591600176785,0.11665916001767859,0.11665916001767856,0.11665916001767855,0.11665916001767858,0.11665916001767855,0.11665916001767858,0.11665916001767856,0.11665916001767852,0.11665916001767855,0.11665916001767852,0.11665916001767855,0.11665916001767856,0.11665916001767858,0.11665916001767856,0.11665916001767859,0.11665916001767859,0.11665916001767859,0.11665916001767856,0.11665916001767856,0.11665916001767856,0.11665916001767859,0.11665916001767859,0.11665916001767856,0.11665916001767858,0.11665916001767863,0.11665916001767856,0.11665916001767856,0.11665916001767858,0.11665916001767856,0.11665916001767859,0.11665916001767859,0.11665916001767859,0.11665916001767859,0.11665916001767858,0.11665916001767856,0.11665916001767859,0.11665916001767863,0.1166591600176786,0.11665916001767859,0.11665916001767859,0.11665916001767856,0.11665916001767859,0.1166591600176786,0.11665916001767859,0.11665916001767855,0.11665916001767858,0.11665916001767858,0.11665916001767858,0.11665916001767858,0.11665916001767858,0.11665916001767856,0.11665916001767856,0.11665916001767858,0.11665916001767858,0.11665916001767856,0.11665916001767856,0.11665916001767858,0.11665916001767851,0.11665916001767854,0.1166591600176785,0.11665916001767856,0.11665916001767855,0.11665916001767854,0.11665916001767856,0.11665916001767854,0.11665916001767855,0.11665916001767852,0.11665916001767856,0.11665916001767858,0.11665916001767856,0.11665916001767858,0.1166591600176786,0.11665916001767858,0.11665916001767858,0.11665916001767858,0.11665916001767855,0.1166591600176786,0.11665916001767856,0.11665916001767859,0.11665916001767858,0.11665916001767858,0.11665916001767858,0.11665916001767856,0.11665916001767856,0.11665916001767859,0.11665916001767859,0.11665916001767856,0.11665916001767856,0.1166591600176786,0.11665916001767858,0.11665916001767855,0.11665916001767856,0.11665916001767855,0.11665916001767858,0.11665916001767856,0.11665916001767856,0.11665916001767855,0.11665916001767859,0.11665916001767858,0.11665916001767855,0.11665916001767855,0.11665916001767858,0.11665916001767858,0.11665916001767858,0.11665916001767858,0.11665916001767858,0.11665916001767858,0.11665916001767856,0.11665916001767856,0.11665916001767858,0.11665916001767856,0.11665916001767858,0.11665916001767858,0.11665916001767856,0.11665916001767858,0.11665916001767862,0.11665916001767856,0.11665916001767862,0.11665916001767858,0.11665916001767862,0.11665916001767859,0.11665916001767858,0.11665916001767858,0.11665916001767859,0.11665916001767856,0.11665916001767858,0.11665916001767855,0.11665916001767859,0.11665916001767859,0.11665916001767858,0.11665916001767856,0.11665916001767856,0.11665916001767856,0.11665916001767858,0.11665916001767858,0.11665916001767859,0.11665916001767856,0.11665916001767855,0.1166591600176786,0.11665916001767856,0.11665916001767856,0.11665916001767866,0.1166591600176786,0.11665916001767862,0.11665916001767859,0.11665916001767859,0.11665916001767863,0.1166591600176786,0.1166591600176786,0.11665916001767858,0.11665916001767863,0.11665916001767859,0.11665916001767863,0.11665916001767862,0.1166591600176786,0.1166591600176786,0.11665916001767858,0.11665916001767862,0.1166591600176786,0.11665916001767862,0.1166591600176786,0.11665916001767858,0.11665916001767863,0.11665916001767856,0.11665916001767865,0.11665916001767862,0.11665916001767859,0.11665916001767868,0.11665916001767863,0.11665916001767862,0.11665916001767862,0.11665916001767863,0.1166591600176786,0.11665916001767865,0.11665916001767862,0.11665916001767863,0.11665916001767862,0.11665916001767868,0.11665916001767859,0.11665916001767859,0.11665916001767859,0.11665916001767862,0.11665916001767865,0.11665916001767865,0.11665916001767865,0.11665916001767865,0.11665916001767862,0.11665916001767863,0.11665916001767862,0.11665916001767862,0.11665916001767856,0.11665916001767858,0.11665916001767865,0.11665916001767859,0.11665916001767862,0.11665916001767859,0.11665916001767863,0.11665916001767858,0.11665916001767858,0.11665916001767865,0.11665916001767859,0.11665916001767859,0.11665916001767858,0.11665916001767856,0.11665916001767858,0.11665916001767858,0.11665916001767858,0.11665916001767858,0.11665916001767859,0.11665916001767858,0.11665916001767855,0.11665916001767859,0.11665916001767856,0.11665916001767856,0.11665916001767858,0.11665916001767858,0.11665916001767856,0.11665916001767855,0.11665916001767856,0.11665916001767859,0.11665916001767858,0.11665916001767859,0.11665916001767859,0.11665916001767858,0.11665916001767852,0.11665916001767856,0.11665916001767856,0.11665916001767858,0.11665916001767859,0.11665916001767855,0.11665916001767856,0.11665916001767859,0.11665916001767856,0.11665916001767856,0.11665916001767859,0.11665916001767858,0.11665916001767858,0.11665916001767856,0.11665916001767858,0.11665916001767856,0.11665916001767854,0.11665916001767858,0.11665916001767855,0.11665916001767856,0.11665916001767854,0.11665916001767856,0.11665916001767859,0.11665916001767856,0.11665916001767852,0.11665916001767862,0.1166591600176786,0.11665916001767856,0.11665916001767856,0.11665916001767858,0.11665916001767858,0.11665916001767856,0.11665916001767855,0.11665916001767859,0.11665916001767855,0.11665916001767856,0.11665916001767856,0.11665916001767859,0.11665916001767856,0.11665916001767858,0.11665916001767856,0.11665916001767859,0.11665916001767856,0.11665916001767858,0.11665916001767859,0.11665916001767856,0.11665916001767856,0.11665916001767856,0.11665916001767856,0.11665916001767854,0.11665916001767859,0.11665916001767854,0.11665916001767858,0.11665916001767856,0.11665916001767856,0.11665916001767855,0.11665916001767856,0.11665916001767856,0.11665916001767856,0.1166591600176786,0.11665916001767856,0.11665916001767859,0.11665916001767854,0.11665916001767856,0.11665916001767855,0.11665916001767858,0.11665916001767858,0.11665916001767859,0.11665916001767855,0.11665916001767858,0.11665916001767856,0.11665916001767856,0.11665916001767858,0.11665916001767859,0.11665916001767862,0.11665916001767858,0.11665916001767856,0.11665916001767856,0.11665916001767859,0.11665916001767859,0.11665916001767859,0.11665916001767858,0.11665916001767862,0.11665916001767862,0.11665916001767859,0.11665916001767858,0.1166591600176786,0.11665916001767856,0.11665916001767856,0.11665916001767858,0.11665916001767858,0.11665916001767856,0.1166591600176786,0.11665916001767855,0.11665916001767859,0.11665916001767856,0.11665916001767856,0.1166591600176786,0.11665916001767859,0.11665916001767859,0.11665916001767859,0.11665916001767856,0.11665916001767856,0.11665916001767856,0.11665916001767858,0.11665916001767856,0.11665916001767858,0.11665916001767858,0.11665916001767856,0.11665916001767858,0.11665916001767858,0.11665916001767856,0.11665916001767856,0.11665916001767856,0.11665916001767856,0.11665916001767851,0.11665916001767859,0.11665916001767856,0.11665916001767856,0.11665916001767858,0.11665916001767858,0.11665916001767856,0.11665916001767854,0.11665916001767859,0.11665916001767858,0.11665916001767858,0.11665916001767856,0.11665916001767856,0.11665916001767859,0.11665916001767858,0.1166591600176786,0.11665916001767859,0.11665916001767855,0.11665916001767859,0.11665916001767863,0.11665916001767863,0.11665916001767862,0.11665916001767859,0.11665916001767858,0.11665916001767859,0.11665916001767863,0.11665916001767856,0.11665916001767856,0.11665916001767858,0.11665916001767858,0.11665916001767858,0.11665916001767858,0.11665916001767863,0.11665916001767858,0.11665916001767858,0.11665916001767856,0.11665916001767858,0.11665916001767858,0.11665916001767858,0.11665916001767856,0.11665916001767856,0.11665916001767854,0.1166591600176786,0.11665916001767862,0.11665916001767858,0.11665916001767859,0.1166591600176786,0.11665916001767855,0.11665916001767858,0.11665916001767855,0.11665916001767855,0.11665916001767859,0.11665916001767858,0.11665916001767856,0.11665916001767856,0.11665916001767858,0.1166591600176786,0.11665916001767856,0.11665916001767856,0.11665916001767858,0.11665916001767859,0.11665916001767859,0.11665916001767863,0.1166591600176786,0.11665916001767859,0.11665916001767856,0.11665916001767859,0.11665916001767858,0.11665916001767858,0.11665916001767859,0.11665916001767858,0.11665916001767858,0.11665916001767858,0.11665916001767855,0.11665916001767855,0.11665916001767854,0.11665916001767855,0.11665916001767855,0.11665916001767858,0.11665916001767858,0.11665916001767856,0.11665916001767858,0.11665916001767856,0.11665916001767855,0.11665916001767858,0.11665916001767858,0.11665916001767858,0.11665916001767856,0.11665916001767859,0.11665916001767858,0.11665916001767856,0.11665916001767859,0.11665916001767856,0.11665916001767858,0.11665916001767856,0.11665916001767858,0.11665916001767858,0.11665916001767858,0.11665916001767856,0.11665916001767858,0.11665916001767856,0.11665916001767858,0.11665916001767858,0.11665916001767858,0.11665916001767858,0.1166591600176786,0.1166591600176786,0.11665916001767856,0.11665916001767858,0.11665916001767856,0.11665916001767866,0.11665916001767855,0.11665916001767856,0.11665916001767858,0.11665916001767863,0.11665916001767859,0.11665916001767858,0.11665916001767856,0.11665916001767856,0.11665916001767856,0.11665916001767856,0.1166591600176786,0.1166591600176786,0.11665916001767863,0.11665916001767858,0.11665916001767859,0.11665916001767858,0.11665916001767858,0.11665916001767865,0.11665916001767858,0.11665916001767858,0.11665916001767859,0.11665916001767856,0.11665916001767856,0.11665916001767856,0.11665916001767859,0.11665916001767856,0.11665916001767856,0.11665916001767858,0.11665916001767858,0.11665916001767852,0.11665916001767858,0.11665916001767856,0.11665916001767859,0.11665916001767858,0.11665916001767856,0.11665916001767858,0.11665916001767858,0.11665916001767856,0.11665916001767858,0.11665916001767862,0.11665916001767858,0.11665916001767859,0.11665916001767859,0.11665916001767855,0.11665916001767856,0.11665916001767859,0.11665916001767858,0.11665916001767858,0.11665916001767858,0.11665916001767858,0.11665916001767856,0.11665916001767859,0.11665916001767858,0.11665916001767855,0.11665916001767858,0.11665916001767856,0.11665916001767858,0.11665916001767859,0.11665916001767859,0.11665916001767863,0.11665916001767865,0.11665916001767862,0.11665916001767856,0.11665916001767858,0.1166591600176786,0.11665916001767854,0.11665916001767859,0.11665916001767856,0.1166591600176786,0.11665916001767856,0.11665916001767859,0.11665916001767858,0.11665916001767865,0.11665916001767863,0.11665916001767859,0.1166591600176786,0.11665916001767863,0.11665916001767855,0.11665916001767862,0.11665916001767859,0.11665916001767856,0.11665916001767858,0.11665916001767856,0.11665916001767858,0.11665916001767856,0.11665916001767854,0.11665916001767858,0.11665916001767856,0.11665916001767858,0.11665916001767856,0.11665916001767855,0.11665916001767855,0.11665916001767856,0.11665916001767858,0.11665916001767852,0.11665916001767852,0.11665916001767886,0.11665916001767863,0.11665916001767865,0.11665916001767851,0.11665916001767898,0.1166591600176786,0.11665916001767865,0.11665916001767863,0.11665916001767866,0.11665916001767868,0.11665916001767863,0.11665916001767863,0.11665916001767859,0.1166591600176786,0.11665916001767859,0.1166591600176785,0.11665916001767848,0.11665916001767845,0.11665916001767852,0.11665916001767856,0.11665916001767852,0.11665916001767854,0.11665916001767852,0.11665916001767852,0.11665916001767851,0.11665916001767854,0.11665916001767848,0.11665916001767855,0.11665916001767855,0.11665916001767847,0.11665916001767852,0.11665916001767851,0.11665916001767851,0.11665916001767851,0.11665916001767851,0.1166591600176785,0.11665916001767851,0.11665916001767848,0.11665916001767851,0.1166591600176785,0.11665916001767848,0.11665916001767848,0.11665916001767847,0.11665916001767847,0.11665916001767855,0.1166591600176785,0.11665916001767847,0.11665916001767847,0.11665916001767856,0.1166591600176785,0.1166591600176786,0.11665916001767848,0.11665916001767854,0.11665916001767854,0.11665916001767855,0.11665916001767854,0.11665916001767851,0.11665916001767855,0.11665916001767848,0.11665916001767851,0.11665916001767855,0.11665916001767854,0.11665916001767851,0.11665916001767852,0.11665916001767852,0.11665916001767854,0.11665916001767854,0.11665916001767854,0.11665916001767852,0.11665916001767852,0.11665916001767851,0.11665916001767851,0.1166591600176785,0.11665916001767852,0.11665916001767852,0.11665916001767855,0.11665916001767855,0.11665916001767855,0.11665916001767854,0.11665916001767854,0.11665916001767858,0.11665916001767855,0.11665916001767852,0.11665916001767856,0.11665916001767856,0.11665916001767851,0.11665916001767851,0.11665916001767854,0.11665916001767851,0.11665916001767854,0.11665916001767854,0.11665916001767851,0.11665916001767852,0.1166591600176785,0.11665916001767854,0.11665916001767859,0.11665916001767848,0.11665916001767855,0.11665916001767854,0.11665916001767854,0.11665916001767852,0.11665916001767852,0.11665916001767852,0.11665916001767854,0.11665916001767852,0.11665916001767854,0.11665916001767852,0.11665916001767852,0.11665916001767856,0.11665916001767859,0.11665916001767852,0.11665916001767858,0.11665916001767856,0.11665916001767856,0.11665916001767856,0.11665916001767859,0.11665916001767855,0.11665916001767848,0.11665916001767858,0.11665916001767854,0.11665916001767856,0.11665916001767858,0.11665916001767859,0.11665916001767858,0.11665916001767856,0.11665916001767852,0.11665916001767858,0.1166591600176786,0.11665916001767858,0.11665916001767856,0.11665916001767856,0.1166591600176786,0.11665916001767856,0.11665916001767858,0.11665916001767856,0.11665916001767856,0.11665916001767854,0.11665916001767856,0.11665916001767858,0.11665916001767858,0.11665916001767858,0.11665916001767858,0.11665916001767856,0.11665916001767858,0.11665916001767859,0.11665916001767859,0.11665916001767859,0.11665916001767848,0.11665916001767869,0.11665916001767859,0.11665916001767859,0.11665916001767854,0.11665916001767862,0.11665916001767848,0.11665916001767856,0.11665916001767859,0.11665916001767856,0.11665916001767858,0.11665916001767858,0.11665916001767858,0.11665916001767858,0.11665916001767859,0.11665916001767856,0.11665916001767855,0.11665916001767858,0.1166591600176786,0.11665916001767863,0.11665916001767858,0.1166591600176786,0.11665916001767856,0.11665916001767858,0.11665916001767859,0.11665916001767858,0.11665916001767858,0.11665916001767858,0.11665916001767859,0.11665916001767854,0.1166591600176786,0.11665916001767858,0.11665916001767856,0.11665916001767856,0.11665916001767858,0.11665916001767858,0.1166591600176786,0.11665916001767859,0.1166591600176786,0.11665916001767856,0.11665916001767858,0.11665916001767858,0.11665916001767859,0.1166591600176786,0.11665916001767856,0.1166591600176786,0.11665916001767856,0.11665916001767858,0.11665916001767858,0.11665916001767859,0.1166591600176786,0.11665916001767859,0.11665916001767858,0.11665916001767858,0.11665916001767858,0.1166591600176786,0.11665916001767856,0.11665916001767859,0.11665916001767856,0.11665916001767858,0.11665916001767856,0.11665916001767856,0.11665916001767856,0.11665916001767852,0.11665916001767856,0.11665916001767858,0.11665916001767858,0.11665916001767855,0.11665916001767856,0.11665916001767856,0.11665916001767859,0.11665916001767858,0.11665916001767858,0.11665916001767856,0.11665916001767858,0.11665916001767858,0.11665916001767855,0.11665916001767856,0.11665916001767859,0.11665916001767856,0.11665916001767859,0.11665916001767858,0.11665916001767856,0.11665916001767856,0.11665916001767858,0.11665916001767859,0.11665916001767856,0.11665916001767854,0.11665916001767855,0.11665916001767858,0.11665916001767858,0.11665916001767859,0.11665916001767858,0.11665916001767856,0.1166591600176786,0.11665916001767858,0.11665916001767858,0.11665916001767858,0.11665916001767858,0.11665916001767859,0.11665916001767855,0.11665916001767856,0.11665916001767855,0.11665916001767852,0.11665916001767855,0.11665916001767858,0.11665916001767856,0.11665916001767858,0.11665916001767856,0.11665916001767856,0.11665916001767856,0.11665916001767858,0.11665916001767856,0.11665916001767856,0.11665916001767865,0.11665916001767859,0.11665916001767858,0.11665916001767862,0.11665916001767859,0.11665916001767859,0.11665916001767856,0.11665916001767856,0.11665916001767856,0.11665916001767858,0.11665916001767856,0.11665916001767858,0.11665916001767855,0.11665916001767858,0.11665916001767856,0.11665916001767859,0.11665916001767855,0.11665916001767859,0.11665916001767856,0.11665916001767858,0.11665916001767858,0.11665916001767855,0.11665916001767855,0.11665916001767865,0.1166591600176785,0.11665916001767851,0.11665916001767851,0.11665916001767854,0.11665916001767855,0.11665916001767854,0.11665916001767851,0.1166591600176785,0.11665916001767854,0.11665916001767854,0.11665916001767854,0.11665916001767851,0.11665916001767859,0.11665916001767856,0.11665916001767854,0.11665916001767854,0.11665916001767858,0.11665916001767858,0.11665916001767858,0.11665916001767858,0.11665916001767858,0.11665916001767856,0.11665916001767858,0.11665916001767858,0.11665916001767858,0.11665916001767852,0.11665916001767855,0.11665916001767858,0.11665916001767855,0.11665916001767859,0.11665916001767858,0.11665916001767855,0.11665916001767858,0.11665916001767856,0.11665916001767858,0.11665916001767859,0.11665916001767851,0.11665916001767858,0.11665916001767856,0.11665916001767856,0.1166591600176785,0.11665916001767858,0.11665916001767855,0.11665916001767856,0.11665916001767855,0.11665916001767858,0.11665916001767856,0.11665916001767856,0.11665916001767856,0.11665916001767856,0.11665916001767859,0.11665916001767856,0.11665916001767856,0.11665916001767858,0.11665916001767858,0.11665916001767856,0.11665916001767856,0.11665916001767856,0.11665916001767856,0.11665916001767858,0.11665916001767858,0.11665916001767854,0.11665916001767855,0.11665916001767854,0.11665916001767854,0.11665916001767855,0.11665916001767858,0.11665916001767856,0.11665916001767852,0.11665916001767854,0.11665916001767855,0.11665916001767854,0.11665916001767858,0.11665916001767859,0.11665916001767859,0.11665916001767852,0.11665916001767855,0.11665916001767851,0.11665916001767856,0.11665916001767854,0.11665916001767856,0.11665916001767856,0.11665916001767854,0.11665916001767859,0.11665916001767858,0.11665916001767848,0.11665916001767862,0.11665916001767855,0.11665916001767854,0.11665916001767854,0.11665916001767856,0.11665916001767856,0.11665916001767856,0.11665916001767851,0.11665916001767856,0.1166591600176785,0.11665916001767863,0.11665916001767851,0.11665916001767859,0.11665916001767856,0.11665916001767852,0.11665916001767856,0.11665916001767852,0.11665916001767858,0.11665916001767852,0.11665916001767865,0.11665916001767854,0.11665916001767858,0.11665916001767851,0.1166591600176786,0.11665916001767856,0.11665916001767858,0.11665916001767856,0.11665916001767858,0.11665916001767856,0.11665916001767858,0.11665916001767856,0.11665916001767856,0.11665916001767858,0.1166591600176786,0.11665916001767856,0.11665916001767866,0.11665916001767856,0.11665916001767856,0.11665916001767858,0.11665916001767858,0.11665916001767862,0.11665916001767859,0.11665916001767859,0.11665916001767862,0.11665916001767859,0.11665916001767859,0.11665916001767862,0.11665916001767858,0.11665916001767862,0.1166591600176786,0.11665916001767862,0.11665916001767862,0.1166591600176786,0.11665916001767862,0.11665916001767863,0.11665916001767859,0.11665916001767863,0.11665916001767859,0.1166591600176786,0.1166591600176786,0.11665916001767856,0.11665916001767859,0.11665916001767862,0.11665916001767858,0.11665916001767863,0.11665916001767859,0.11665916001767858,0.11665916001767869,0.1166591600176786,0.11665916001767863,0.1166591600176786,0.11665916001767862,0.1166591600176786,0.1166591600176786,0.1166591600176786,0.11665916001767859,0.11665916001767865,0.11665916001767858,0.11665916001767859,0.11665916001767858,0.11665916001767859,0.11665916001767856,0.11665916001767858,0.11665916001767858,0.11665916001767855,0.11665916001767856,0.11665916001767855,0.11665916001767858,0.11665916001767856,0.11665916001767855,0.11665916001767856,0.11665916001767859,0.11665916001767859,0.11665916001767854,0.1166591600176786,0.11665916001767855,0.11665916001767856,0.11665916001767858,0.11665916001767858,0.11665916001767856,0.11665916001767855,0.11665916001767862,0.11665916001767856,0.11665916001767858,0.11665916001767858,0.11665916001767862,0.11665916001767856,0.11665916001767856,0.1166591600176786,0.11665916001767862,0.11665916001767862,0.11665916001767862,0.1166591600176786,0.11665916001767866,0.11665916001767858,0.11665916001767862,0.1166591600176786,0.11665916001767863,0.11665916001767862,0.11665916001767862,0.1166591600176786,0.1166591600176786,0.11665916001767858,0.11665916001767862,0.11665916001767859,0.11665916001767859,0.11665916001767866,0.1166591600176786,0.11665916001767863,0.11665916001767862,0.11665916001767863,0.11665916001767859,0.11665916001767856,0.11665916001767862,0.11665916001767866,0.11665916001767858,0.1166591600176786,0.11665916001767863,0.11665916001767863,0.11665916001767856,0.11665916001767866,0.1166591600176786,0.1166591600176786,0.11665916001767862,0.11665916001767865,0.1166591600176786,0.11665916001767862,0.1166591600176786,0.11665916001767863,0.11665916001767858,0.11665916001767859,0.11665916001767863,0.11665916001767863,0.11665916001767863,0.1166591600176786,0.11665916001767863,0.11665916001767863,0.11665916001767862,0.11665916001767859,0.11665916001767866,0.1166591600176786,0.11665916001767862,0.11665916001767859,0.1166591600176786,0.1166591600176786,0.11665916001767862,0.1166591600176786,0.11665916001767862,0.11665916001767863,0.11665916001767858,0.11665916001767859,0.11665916001767863,0.11665916001767863,0.11665916001767856,0.11665916001767859,0.11665916001767859,0.11665916001767863,0.11665916001767859,0.11665916001767868,0.11665916001767859,0.1166591600176786,0.11665916001767859,0.11665916001767858,0.11665916001767865,0.11665916001767858,0.11665916001767858,0.11665916001767862,0.11665916001767862,0.11665916001767858,0.11665916001767866,0.11665916001767863,0.1166591600176786,0.11665916001767859,0.11665916001767856,0.11665916001767865,0.11665916001767863,0.11665916001767865,0.11665916001767862,0.11665916001767858,0.11665916001767884,0.11665916001767873,0.11665916001767876,0.11665916001767876,0.11665916001767869,0.11665916001767875,0.11665916001767876,0.11665916001767876,0.11665916001767876,0.11665916001767876,0.11665916001767873,0.11665916001767876,0.11665916001767876,0.11665916001767877,0.11665916001767873,0.11665916001767875,0.11665916001767875,0.11665916001767876,0.11665916001767872,0.11665916001767876,0.11665916001767877,0.11665916001767876,0.11665916001767875,0.11665916001767875,0.11665916001767877,0.1166591600176788,0.11665916001767877,0.11665916001767879,0.11665916001767876,0.1166591600176788,0.11665916001767875,0.11665916001767881,0.11665916001767875,0.11665916001767877,0.11665916001767876,0.11665916001767876,0.11665916001767877,0.11665916001767873,0.11665916001767875,0.11665916001767875,0.1166591600176787,0.11665916001767877,0.11665916001767877,0.11665916001767876,0.11665916001767875,0.11665916001767877,0.11665916001767886,0.11665916001767876,0.11665916001767875,0.11665916001767875,0.11665916001767876,0.11665916001767877,0.1166591600176788,0.11665916001767877,0.11665916001767876,0.11665916001767877,0.11665916001767872,0.11665916001767876,0.11665916001767875,0.11665916001767877,0.11665916001767877,0.11665916001767872,0.11665916001767875,0.11665916001767879,0.11665916001767876,0.11665916001767877,0.11665916001767875,0.11665916001767875,0.11665916001767877,0.11665916001767877,0.11665916001767875,0.11665916001767875,0.11665916001767876,0.11665916001767876,0.11665916001767876,0.11665916001767877,0.11665916001767876,0.11665916001767876,0.11665916001767876,0.11665916001767877,0.11665916001767872,0.11665916001767873,0.11665916001767876,0.11665916001767873,0.11665916001767877,0.1166591600176788,0.1166591600176787,0.11665916001767876,0.11665916001767873,0.1166591600176788,0.11665916001767877,0.11665916001767877,0.11665916001767876,0.11665916001767875,0.11665916001767873,0.11665916001767873,0.11665916001767876,0.11665916001767873,0.11665916001767875,0.11665916001767875,0.11665916001767872,0.11665916001767873,0.11665916001767876,0.11665916001767875,0.11665916001767873,0.11665916001767876,0.11665916001767877,0.11665916001767876,0.11665916001767875,0.11665916001767876,0.11665916001767876,0.11665916001767869,0.11665916001767876,0.11665916001767877,0.11665916001767876,0.11665916001767876,0.11665916001767875,0.11665916001767876,0.11665916001767877,0.11665916001767876,0.11665916001767876,0.11665916001767877,0.11665916001767879,0.11665916001767875,0.11665916001767877,0.11665916001767875,0.11665916001767877,0.11665916001767879,0.11665916001767873,0.11665916001767875,0.11665916001767875,0.11665916001767873,0.11665916001767875,0.11665916001767877,0.11665916001767876,0.11665916001767876,0.11665916001767875,0.11665916001767875,0.11665916001767876,0.11665916001767872,0.11665916001767875,0.11665916001767875,0.11665916001767875,0.11665916001767872,0.11665916001767876,0.11665916001767875,0.11665916001767877,0.11665916001767876,0.1166591600176788,0.11665916001767879,0.11665916001767876,0.11665916001767876,0.11665916001767877,0.11665916001767876,0.11665916001767876,0.11665916001767875,0.11665916001767875,0.11665916001767875,0.11665916001767876,0.11665916001767877,0.11665916001767877,0.11665916001767875,0.11665916001767873,0.11665916001767873,0.11665916001767877,0.11665916001767876,0.11665916001767876,0.11665916001767875,0.11665916001767875,0.11665916001767876,0.11665916001767875,0.11665916001767876,0.11665916001767875,0.11665916001767886,0.11665916001767877,0.11665916001767877,0.11665916001767876,0.11665916001767879,0.11665916001767881,0.1166591600176788,0.11665916001767898,0.1166591600176788,0.11665916001767884,0.1166591600176788,0.11665916001767883,0.11665916001767883,0.1166591600176788,0.11665916001767886,0.11665916001767879,0.11665916001767884,0.11665916001767884,0.11665916001767883,0.11665916001767883,0.11665916001767884,0.11665916001767883,0.11665916001767886,0.11665916001767881,0.11665916001767886,0.11665916001767886,0.11665916001767887,0.11665916001767883,0.11665916001767884,0.11665916001767886,0.11665916001767886,0.11665916001767886,0.11665916001767884,0.11665916001767879,0.11665916001767883,0.11665916001767884,0.1166591600176788,0.11665916001767884,0.11665916001767879,0.11665916001767886,0.11665916001767884,0.11665916001767886,0.11665916001767884,0.11665916001767884,0.11665916001767884,0.11665916001767886,0.11665916001767887,0.11665916001767884,0.11665916001767887,0.11665916001767883,0.11665916001767884,0.1166591600176788,0.11665916001767881,0.11665916001767887,0.11665916001767879,0.11665916001767884,0.11665916001767883,0.11665916001767884,0.11665916001767883,0.11665916001767886,0.11665916001767884,0.11665916001767881,0.11665916001767884,0.11665916001767886,0.1166591600176788,0.11665916001767881,0.11665916001767884,0.11665916001767884,0.11665916001767883,0.11665916001767881,0.11665916001767883,0.11665916001767881,0.1166591600176788,0.11665916001767879,0.11665916001767883,0.11665916001767877,0.11665916001767887,0.11665916001767877,0.11665916001767883,0.11665916001767886,0.1166591600176788,0.11665916001767883,0.11665916001767881,0.11665916001767877,0.11665916001767876,0.11665916001767877,0.11665916001767881,0.11665916001767876,0.11665916001767877,0.11665916001767877,0.11665916001767877,0.11665916001767877,0.11665916001767877,0.11665916001767876,0.11665916001767875,0.11665916001767876,0.11665916001767876,0.11665916001767876,0.11665916001767876,0.11665916001767886,0.11665916001767877,0.11665916001767877,0.1166591600176788,0.11665916001767879,0.11665916001767879,0.11665916001767879,0.11665916001767879,0.1166591600176788,0.1166591600176788,0.11665916001767877,0.11665916001767877,0.1166591600176788,0.11665916001767881,0.11665916001767879,0.11665916001767879,0.11665916001767876,0.1166591600176788,0.11665916001767877,0.11665916001767877,0.11665916001767881,0.11665916001767876,0.11665916001767879,0.1166591600176788,0.11665916001767876,0.1166591600176788,0.11665916001767877,0.11665916001767877,0.11665916001767876,0.11665916001767876,0.11665916001767877,0.11665916001767876,0.11665916001767875,0.11665916001767877,0.11665916001767879,0.11665916001767877,0.11665916001767879,0.11665916001767876,0.11665916001767877,0.11665916001767875,0.11665916001767876,0.11665916001767876,0.11665916001767872,0.11665916001767876,0.11665916001767876,0.11665916001767876,0.11665916001767876,0.11665916001767877,0.11665916001767879,0.11665916001767875,0.11665916001767876,0.11665916001767876,0.11665916001767876,0.11665916001767875,0.11665916001767876,0.11665916001767877,0.11665916001767877,0.11665916001767876,0.11665916001767877,0.11665916001767877,0.11665916001767877,0.11665916001767875,0.11665916001767876,0.11665916001767875,0.11665916001767875,0.11665916001767876,0.11665916001767877,0.11665916001767876,0.11665916001767877,0.11665916001767875,0.11665916001767884,0.11665916001767895,0.11665916001767881,0.11665916001767887,0.11665916001767875,0.11665916001767881,0.1166591600176788,0.11665916001767881,0.11665916001767879,0.11665916001767879,0.1166591600176788,0.1166591600176788,0.11665916001767877,0.11665916001767876,0.11665916001767875,0.11665916001767877,0.11665916001767876,0.11665916001767875,0.11665916001767875,0.11665916001767876,0.11665916001767873,0.11665916001767879,0.11665916001767877,0.11665916001767877,0.11665916001767877,0.11665916001767876,0.11665916001767876,0.11665916001767876,0.11665916001767876,0.11665916001767876,0.11665916001767875,0.11665916001767876,0.11665916001767873,0.11665916001767873,0.11665916001767873,0.11665916001767876,0.11665916001767876,0.11665916001767869,0.11665916001767876,0.11665916001767873,0.11665916001767876,0.11665916001767877,0.11665916001767879,0.11665916001767875,0.11665916001767872,0.11665916001767875,0.11665916001767876,0.11665916001767876,0.11665916001767876,0.11665916001767876,0.11665916001767873,0.11665916001767877,0.11665916001767873,0.11665916001767877,0.11665916001767876,0.11665916001767876,0.11665916001767876,0.11665916001767876,0.11665916001767876,0.11665916001767879,0.11665916001767877,0.11665916001767876,0.11665916001767877,0.11665916001767875,0.11665916001767877,0.11665916001767875,0.11665916001767877,0.11665916001767873,0.11665916001767873,0.11665916001767876,0.11665916001767873,0.11665916001767877,0.11665916001767875,0.11665916001767875,0.11665916001767876,0.11665916001767875,0.11665916001767876,0.11665916001767877,0.11665916001767876,0.11665916001767877,0.11665916001767876,0.11665916001767876,0.11665916001767875,0.11665916001767877,0.11665916001767877,0.11665916001767877,0.11665916001767876,0.11665916001767876,0.11665916001767879,0.11665916001767873,0.11665916001767877,0.11665916001767877,0.11665916001767875,0.11665916001767877,0.11665916001767877,0.11665916001767873,0.11665916001767877,0.11665916001767876,0.11665916001767877,0.11665916001767877,0.1166591600176788,0.11665916001767877,0.11665916001767872,0.11665916001767872,0.11665916001767875,0.11665916001767877,0.11665916001767875,0.11665916001767879,0.11665916001767875,0.11665916001767875,0.11665916001767872,0.11665916001767873,0.11665916001767875,0.11665916001767876,0.11665916001767872,0.11665916001767873,0.11665916001767872,0.11665916001767873,0.11665916001767876,0.11665916001767875,0.11665916001767876,0.11665916001767872,0.11665916001767872,0.11665916001767873,0.11665916001767875,0.11665916001767877,0.11665916001767877,0.11665916001767876,0.11665916001767876,0.11665916001767875,0.11665916001767872,0.11665916001767872,0.11665916001767869,0.11665916001767876,0.11665916001767876,0.11665916001767877,0.11665916001767877,0.1166591600176787,0.11665916001767872,0.1166591600176787,0.11665916001767876,0.11665916001767876,0.11665916001767873,0.1166591600176787,0.11665916001767875,0.11665916001767875,0.11665916001767872,0.11665916001767876,0.11665916001767876,0.11665916001767876,0.11665916001767875,0.11665916001767877,0.11665916001767879,0.11665916001767879,0.11665916001767877,0.11665916001767877,0.11665916001767876,0.11665916001767877,0.11665916001767876,0.11665916001767876,0.11665916001767877,0.11665916001767877,0.11665916001767875,0.11665916001767876,0.11665916001767875,0.11665916001767879,0.11665916001767881,0.11665916001767879,0.11665916001767877,0.11665916001767879,0.1166591600176788,0.11665916001767877,0.11665916001767879,0.11665916001767881,0.11665916001767879,0.1166591600176788,0.11665916001767877,0.11665916001767877,0.11665916001767876,0.11665916001767881,0.11665916001767876,0.11665916001767877,0.11665916001767881,0.1166591600176788,0.11665916001767875,0.11665916001767883,0.11665916001767881,0.11665916001767883,0.11665916001767881,0.11665916001767877,0.11665916001767876,0.11665916001767877,0.11665916001767879,0.11665916001767877,0.1166591600176788,0.11665916001767879,0.11665916001767879,0.1166591600176788,0.11665916001767879,0.11665916001767876,0.11665916001767875,0.11665916001767876,0.11665916001767876,0.11665916001767875,0.11665916001767875,0.11665916001767876,0.11665916001767876,0.11665916001767875,0.11665916001767876,0.11665916001767876,0.11665916001767876,0.11665916001767875,0.11665916001767877,0.11665916001767868,0.11665916001767876,0.11665916001767877,0.11665916001767875,0.11665916001767873,0.11665916001767877,0.11665916001767876,0.11665916001767876,0.11665916001767876,0.11665916001767877,0.11665916001767876,0.11665916001767876,0.11665916001767875,0.11665916001767875,0.11665916001767879,0.11665916001767873,0.11665916001767876,0.11665916001767877,0.11665916001767875,0.11665916001767877,0.11665916001767876,0.11665916001767877,0.11665916001767873,0.11665916001767876,0.11665916001767876,0.11665916001767877,0.11665916001767875,0.1166591600176787,0.11665916001767872,0.1166591600176787,0.11665916001767872,0.11665916001767873,0.11665916001767873,0.11665916001767869,0.11665916001767872,0.11665916001767875,0.11665916001767876,0.11665916001767872,0.11665916001767877,0.11665916001767876,0.11665916001767876,0.11665916001767876,0.11665916001767876,0.11665916001767875,0.11665916001767875,0.11665916001767876,0.11665916001767869,0.11665916001767873,0.11665916001767872,0.11665916001767873,0.11665916001767875,0.11665916001767876,0.11665916001767872,0.11665916001767876,0.11665916001767875,0.11665916001767873,0.11665916001767872,0.11665916001767875,0.11665916001767872,0.11665916001767872,0.11665916001767873,0.11665916001767873,0.11665916001767872,0.11665916001767876,0.11665916001767877,0.11665916001767876,0.11665916001767877,0.11665916001767873,0.11665916001767876,0.11665916001767873,0.11665916001767876,0.11665916001767873,0.11665916001767876,0.11665916001767876,0.11665916001767877,0.11665916001767875,0.11665916001767877,0.11665916001767876,0.11665916001767876,0.11665916001767876,0.11665916001767876,0.11665916001767876,0.11665916001767873,0.11665916001767879,0.11665916001767877,0.11665916001767876,0.11665916001767876,0.11665916001767876,0.1166591600176787,0.11665916001767876,0.11665916001767876,0.11665916001767875,0.1166591600176788,0.1166591600176788,0.11665916001767876,0.11665916001767876,0.11665916001767877,0.11665916001767877,0.11665916001767875,0.11665916001767876,0.11665916001767876,0.11665916001767876,0.11665916001767875,0.11665916001767876,0.11665916001767875,0.11665916001767876,0.11665916001767876,0.11665916001767875,0.11665916001767877,0.11665916001767875,0.11665916001767876,0.11665916001767877,0.11665916001767876,0.11665916001767876,0.11665916001767877,0.11665916001767876,0.11665916001767876,0.11665916001767877,0.11665916001767877,0.11665916001767875,0.11665916001767875,0.11665916001767876,0.11665916001767876,0.11665916001767877,0.11665916001767876,0.11665916001767876,0.11665916001767877,0.11665916001767875,0.11665916001767876,0.11665916001767873,0.11665916001767876,0.11665916001767876,0.11665916001767877,0.11665916001767868,0.11665916001767876,0.11665916001767873,0.11665916001767876,0.11665916001767872,0.11665916001767875,0.11665916001767876,0.11665916001767873,0.11665916001767873,0.1166591600176787,0.11665916001767873,0.11665916001767877,0.11665916001767875,0.11665916001767876,0.11665916001767872,0.11665916001767876,0.11665916001767872,0.11665916001767875,0.11665916001767877,0.11665916001767876,0.11665916001767876,0.11665916001767877,0.11665916001767873,0.11665916001767875,0.11665916001767876,0.11665916001767876,0.11665916001767875,0.11665916001767875,0.11665916001767872,0.11665916001767876,0.1166591600176787,0.11665916001767875,0.11665916001767877,0.11665916001767877,0.11665916001767875,0.11665916001767875,0.11665916001767876,0.11665916001767876,0.11665916001767877,0.11665916001767876,0.11665916001767875,0.11665916001767876,0.11665916001767877,0.11665916001767868,0.11665916001767875,0.11665916001767872,0.11665916001767876,0.11665916001767868,0.11665916001767876,0.11665916001767875,0.11665916001767873,0.11665916001767873,0.11665916001767875,0.11665916001767876,0.11665916001767877,0.11665916001767875,0.11665916001767876,0.11665916001767877,0.11665916001767876,0.11665916001767875,0.11665916001767872,0.11665916001767877,0.11665916001767873,0.11665916001767876,0.11665916001767876,0.11665916001767873,0.11665916001767873,0.11665916001767875,0.11665916001767875,0.11665916001767876,0.11665916001767875,0.11665916001767875,0.11665916001767876,0.11665916001767875,0.11665916001767876,0.1166591600176788,0.11665916001767875,0.11665916001767877,0.11665916001767876,0.11665916001767875,0.11665916001767879,0.11665916001767877,0.11665916001767875,0.11665916001767877,0.11665916001767875,0.11665916001767876,0.11665916001767877,0.11665916001767872,0.11665916001767876,0.11665916001767876,0.11665916001767876,0.11665916001767876,0.11665916001767877,0.11665916001767876,0.11665916001767876,0.11665916001767879,0.11665916001767876,0.11665916001767873,0.11665916001767875,0.11665916001767876,0.11665916001767875,0.11665916001767875,0.11665916001767876,0.11665916001767876,0.11665916001767876,0.11665916001767877,0.11665916001767876,0.11665916001767876,0.11665916001767873,0.11665916001767879,0.11665916001767869,0.11665916001767879,0.11665916001767875,0.11665916001767876,0.11665916001767876,0.11665916001767877,0.11665916001767879,0.11665916001767875,0.11665916001767875,0.11665916001767877,0.11665916001767876,0.11665916001767873,0.11665916001767877,0.11665916001767876,0.11665916001767879,0.11665916001767879,0.11665916001767876,0.11665916001767877,0.11665916001767875,0.11665916001767877,0.11665916001767873,0.11665916001767876,0.11665916001767872,0.11665916001767877,0.11665916001767873,0.11665916001767873,0.11665916001767875,0.11665916001767879,0.11665916001767868,0.11665916001767877,0.11665916001767876,0.11665916001767875,0.11665916001767873,0.11665916001767873,0.11665916001767875,0.11665916001767876,0.11665916001767873,0.11665916001767875,0.11665916001767876,0.11665916001767876,0.11665916001767877,0.11665916001767875,0.11665916001767873,0.11665916001767875,0.11665916001767875,0.11665916001767876,0.11665916001767875,0.11665916001767876,0.11665916001767879,0.11665916001767879,0.11665916001767873,0.11665916001767877,0.11665916001767875,0.11665916001767877,0.11665916001767876,0.11665916001767876,0.11665916001767875,0.11665916001767876,0.11665916001767875,0.11665916001767876,0.11665916001767876,0.11665916001767877,0.11665916001767879,0.11665916001767877,0.11665916001767879,0.11665916001767877,0.11665916001767875,0.11665916001767876,0.11665916001767876,0.11665916001767876,0.11665916001767876,0.11665916001767873,0.11665916001767876,0.11665916001767875,0.11665916001767876,0.11665916001767876,0.11665916001767877,0.11665916001767877,0.11665916001767875,0.11665916001767876,0.11665916001767873,0.11665916001767876,0.11665916001767875,0.11665916001767873,0.11665916001767876,0.11665916001767877,0.11665916001767872,0.11665916001767877,0.11665916001767877,0.11665916001767879,0.11665916001767876,0.11665916001767875,0.11665916001767876,0.11665916001767877,0.11665916001767876,0.11665916001767875,0.11665916001767876,0.11665916001767877,0.11665916001767876,0.11665916001767876,0.11665916001767877,0.11665916001767876,0.11665916001767875,0.11665916001767875,0.11665916001767875,0.11665916001767875,0.11665916001767876,0.11665916001767875,0.11665916001767875,0.11665916001767869,0.11665916001767875,0.11665916001767879,0.11665916001767876,0.11665916001767873,0.11665916001767875,0.11665916001767876,0.11665916001767873,0.11665916001767876,0.11665916001767876,0.11665916001767876,0.11665916001767876,0.11665916001767875,0.11665916001767876,0.11665916001767876,0.11665916001767875,0.11665916001767877,0.11665916001767875,0.11665916001767875,0.11665916001767876,0.11665916001767876,0.1166591600176788,0.11665916001767877,0.11665916001767877,0.11665916001767876,0.11665916001767875,0.11665916001767876,0.11665916001767879,0.11665916001767876,0.11665916001767881,0.11665916001767879,0.11665916001767877,0.1166591600176788,0.11665916001767877,0.11665916001767879,0.11665916001767881,0.11665916001767881,0.11665916001767881,0.1166591600176788,0.11665916001767877,0.11665916001767877,0.11665916001767876,0.11665916001767881,0.11665916001767877,0.1166591600176788,0.11665916001767879,0.11665916001767877,0.1166591600176788,0.11665916001767877,0.11665916001767879,0.11665916001767876,0.11665916001767879,0.11665916001767877,0.1166591600176788,0.11665916001767883,0.1166591600176788,0.11665916001767883,0.11665916001767876,0.11665916001767883,0.11665916001767875,0.11665916001767876,0.1166591600176788,0.11665916001767876,0.1166591600176788,0.11665916001767879,0.11665916001767876,0.11665916001767876,0.11665916001767876,0.11665916001767877,0.11665916001767876,0.11665916001767876,0.11665916001767875,0.11665916001767876,0.11665916001767876,0.11665916001767875,0.11665916001767877,0.11665916001767877,0.11665916001767877,0.11665916001767879,0.11665916001767884,0.1166591600176788,0.1166591600176788,0.1166591600176788,0.11665916001767876,0.1166591600176788,0.11665916001767879,0.1166591600176788,0.11665916001767876,0.11665916001767877,0.11665916001767877,0.11665916001767877,0.11665916001767876,0.11665916001767876,0.11665916001767876,0.11665916001767876,0.11665916001767875,0.11665916001767875,0.11665916001767875,0.11665916001767875,0.11665916001767877,0.11665916001767875,0.11665916001767875,0.11665916001767877,0.11665916001767876,0.11665916001767876,0.11665916001767875,0.11665916001767876,0.11665916001767876,0.11665916001767876,0.11665916001767876,0.11665916001767881,0.11665916001767879,0.11665916001767876,0.1166591600176788,0.11665916001767877,0.11665916001767877,0.11665916001767879,0.11665916001767881,0.11665916001767876,0.11665916001767876,0.11665916001767876,0.11665916001767876,0.11665916001767875,0.11665916001767877,0.11665916001767875,0.11665916001767876,0.11665916001767875,0.11665916001767876,0.11665916001767876,0.11665916001767876,0.11665916001767876,0.11665916001767876,0.11665916001767875,0.11665916001767873,0.11665916001767877,0.1166591600176788,0.11665916001767876,0.11665916001767875,0.11665916001767876,0.11665916001767877,0.11665916001767869,0.1166591600176787,0.11665916001767872,0.11665916001767872,0.11665916001767869,0.11665916001767873,0.11665916001767873,0.1166591600176787,0.11665916001767873,0.11665916001767873,0.11665916001767875,0.1166591600176787,0.11665916001767875,0.11665916001767865,0.11665916001767875,0.11665916001767872,0.11665916001767872,0.11665916001767873,0.1166591600176787,0.11665916001767876,0.11665916001767872,0.11665916001767875,0.11665916001767875,0.11665916001767876,0.11665916001767873,0.11665916001767873,0.11665916001767872,0.1166591600176787,0.11665916001767876,0.1166591600176787,0.11665916001767876,0.11665916001767875,0.11665916001767876,0.11665916001767876,0.11665916001767873,0.11665916001767876,0.11665916001767877,0.11665916001767876,0.11665916001767875,0.11665916001767876,0.11665916001767876,0.11665916001767873,0.11665916001767875,0.11665916001767877,0.11665916001767875,0.11665916001767876,0.11665916001767879,0.11665916001767876,0.11665916001767876,0.11665916001767876,0.11665916001767873,0.11665916001767879,0.11665916001767877,0.11665916001767879,0.11665916001767879,0.11665916001767877,0.11665916001767876,0.11665916001767877,0.11665916001767876,0.11665916001767875,0.11665916001767875,0.11665916001767876,0.11665916001767873,0.11665916001767876,0.11665916001767876,0.11665916001767876,0.11665916001767876,0.11665916001767876,0.11665916001767876,0.11665916001767876,0.11665916001767875,0.11665916001767876,0.11665916001767875,0.11665916001767881,0.11665916001767876,0.11665916001767881,0.11665916001767879,0.11665916001767879,0.11665916001767877,0.11665916001767879,0.11665916001767875,0.11665916001767876,0.11665916001767876,0.11665916001767876,0.11665916001767875,0.11665916001767877,0.11665916001767879,0.1166591600176788,0.11665916001767881,0.11665916001767876,0.11665916001767875,0.11665916001767876,0.11665916001767877,0.11665916001767876,0.11665916001767875,0.1166591600176788,0.11665916001767877,0.11665916001767876,0.11665916001767876,0.11665916001767877,0.11665916001767876,0.11665916001767876,0.1166591600176788,0.1166591600176788,0.11665916001767876,0.11665916001767876,0.11665916001767875,0.11665916001767877,0.11665916001767875,0.11665916001767877,0.11665916001767876,0.11665916001767875,0.11665916001767877,0.11665916001767877,0.11665916001767879,0.11665916001767877,0.11665916001767876,0.11665916001767876,0.11665916001767876,0.11665916001767875,0.1166591600176788,0.11665916001767876,0.11665916001767876,0.11665916001767875,0.11665916001767877,0.11665916001767876,0.11665916001767875,0.11665916001767877,0.11665916001767876,0.11665916001767877,0.11665916001767875,0.11665916001767875,0.11665916001767876,0.11665916001767876,0.11665916001767876,0.11665916001767877,0.11665916001767873,0.11665916001767875,0.11665916001767877,0.11665916001767875,0.11665916001767875,0.11665916001767879,0.11665916001767875,0.11665916001767876,0.11665916001767877,0.11665916001767877,0.11665916001767879,0.11665916001767879,0.11665916001767877,0.11665916001767876,0.11665916001767875,0.1166591600176788,0.11665916001767881,0.11665916001767875,0.11665916001767877,0.11665916001767877,0.11665916001767876,0.11665916001767875,0.11665916001767873,0.11665916001767877,0.11665916001767876,0.11665916001767877,0.11665916001767875,0.11665916001767879,0.11665916001767872,0.11665916001767875,0.11665916001767876,0.11665916001767875,0.11665916001767876,0.11665916001767869,0.11665916001767875,0.11665916001767875,0.11665916001767875,0.11665916001767873,0.11665916001767879,0.11665916001767876,0.11665916001767876,0.11665916001767879,0.11665916001767876,0.11665916001767876,0.11665916001767876,0.11665916001767875,0.11665916001767876,0.11665916001767876,0.11665916001767876,0.11665916001767877,0.11665916001767873,0.11665916001767875,0.11665916001767876,0.11665916001767877,0.11665916001767875,0.11665916001767876,0.11665916001767877,0.11665916001767879,0.11665916001767876,0.11665916001767876,0.11665916001767876,0.11665916001767877,0.11665916001767876,0.11665916001767876,0.11665916001767873,0.1166591600176788,0.11665916001767876,0.11665916001767876,0.11665916001767875,0.11665916001767872,0.11665916001767876,0.11665916001767876,0.11665916001767875,0.11665916001767876,0.11665916001767876,0.11665916001767876,0.11665916001767876,0.1166591600176788,0.11665916001767877,0.11665916001767875,0.11665916001767875,0.11665916001767875,0.11665916001767876,0.11665916001767884,0.1166591600176788,0.11665916001767879,0.11665916001767881,0.11665916001767881,0.11665916001767877,0.11665916001767879,0.11665916001767886,0.1166591600176788,0.11665916001767879,0.11665916001767883,0.11665916001767879,0.11665916001767877,0.11665916001767873,0.11665916001767881,0.11665916001767875,0.11665916001767875,0.11665916001767875,0.1166591600176788,0.11665916001767879,0.1166591600176788,0.11665916001767881,0.1166591600176788,0.11665916001767877,0.1166591600176788,0.11665916001767879,0.11665916001767875,0.11665916001767881,0.1166591600176788,0.11665916001767881,0.11665916001767879,0.11665916001767881,0.11665916001767877,0.11665916001767884,0.11665916001767877,0.11665916001767886,0.11665916001767879,0.11665916001767879,0.11665916001767881,0.11665916001767884,0.11665916001767884,0.11665916001767881,0.11665916001767884,0.11665916001767884,0.11665916001767884,0.11665916001767886,0.11665916001767884,0.11665916001767883,0.11665916001767887,0.11665916001767883,0.11665916001767883,0.11665916001767881,0.11665916001767881,0.11665916001767883,0.11665916001767883,0.11665916001767884,0.11665916001767886,0.11665916001767881,0.11665916001767883,0.11665916001767886,0.11665916001767886,0.11665916001767881,0.11665916001767886,0.11665916001767881,0.11665916001767886,0.11665916001767886,0.11665916001767881,0.11665916001767883,0.11665916001767886,0.11665916001767883,0.1166591600176788,0.11665916001767884,0.11665916001767884,0.11665916001767881,0.11665916001767883,0.11665916001767886,0.11665916001767886,0.11665916001767905,0.1166591600176789,0.11665916001767894,0.11665916001767893,0.11665916001767893,0.11665916001767888,0.11665916001767895,0.11665916001767884,0.116659160017679,0.11665916001767902,0.116659160017679,0.11665916001767901,0.11665916001767898,0.116659160017679,0.116659160017679,0.11665916001767901,0.11665916001767901,0.11665916001767895,0.11665916001767897,0.11665916001767898,0.11665916001767897,0.11665916001767897,0.11665916001767898,0.11665916001767897,0.116659160017679,0.11665916001767895,0.11665916001767897,0.11665916001767898,0.11665916001767898,0.11665916001767901,0.116659160017679,0.116659160017679,0.11665916001767904,0.11665916001767895,0.11665916001767901,0.116659160017679,0.11665916001767898,0.11665916001767893,0.116659160017679,0.116659160017679,0.116659160017679,0.11665916001767902,0.11665916001767901,0.11665916001767904,0.11665916001767902,0.11665916001767897,0.11665916001767901,0.11665916001767902,0.11665916001767898,0.116659160017679,0.11665916001767901,0.11665916001767901,0.11665916001767912,0.11665916001767905,0.11665916001767904,0.11665916001767902,0.11665916001767905,0.11665916001767904,0.11665916001767902,0.11665916001767904,0.11665916001767905,0.11665916001767902,0.11665916001767901,0.11665916001767904,0.116659160017679,0.11665916001767902,0.116659160017679,0.11665916001767902,0.11665916001767905,0.11665916001767904,0.11665916001767902,0.11665916001767904,0.11665916001767901,0.11665916001767904,0.11665916001767904,0.11665916001767897,0.11665916001767902,0.11665916001767902,0.11665916001767902,0.11665916001767904,0.11665916001767902,0.11665916001767905,0.11665916001767905,0.11665916001767902,0.11665916001767902,0.11665916001767902,0.11665916001767904,0.11665916001767902,0.11665916001767908,0.11665916001767904,0.11665916001767904,0.11665916001767898,0.11665916001767902,0.11665916001767902,0.11665916001767902,0.11665916001767894,0.11665916001767904,0.11665916001767905,0.11665916001767904,0.11665916001767904,0.11665916001767904,0.11665916001767901,0.11665916001767905,0.11665916001767904,0.116659160017679,0.11665916001767898,0.11665916001767904,0.11665916001767905,0.1166591600176791,0.11665916001767901,0.11665916001767901,0.11665916001767905,0.11665916001767905,0.11665916001767904,0.11665916001767904,0.11665916001767902,0.11665916001767904,0.11665916001767901,0.11665916001767901,0.11665916001767909,0.11665916001767901,0.116659160017679,0.11665916001767902,0.11665916001767904,0.11665916001767904,0.11665916001767904,0.116659160017679,0.11665916001767901,0.11665916001767904,0.11665916001767904,0.11665916001767905,0.11665916001767904,0.11665916001767901,0.11665916001767905,0.11665916001767904,0.116659160017679,0.11665916001767897,0.11665916001767897,0.11665916001767897,0.11665916001767902,0.11665916001767902,0.11665916001767901,0.11665916001767902,0.11665916001767895,0.11665916001767905,0.11665916001767902,0.11665916001767901,0.11665916001767902,0.11665916001767901,0.11665916001767905,0.116659160017679,0.11665916001767901,0.11665916001767901,0.11665916001767904,0.11665916001767898,0.116659160017679,0.11665916001767895,0.11665916001767901,0.11665916001767897,0.11665916001767898,0.11665916001767894,0.11665916001767893,0.11665916001767894,0.11665916001767894,0.11665916001767894,0.11665916001767894,0.11665916001767893,0.11665916001767894,0.11665916001767895,0.11665916001767897,0.11665916001767897,0.11665916001767895,0.11665916001767894,0.11665916001767895,0.1166591600176793,0.11665916001767895,0.11665916001767894,0.11665916001767901,0.11665916001767901,0.116659160017679,0.11665916001767905,0.11665916001767905,0.11665916001767894,0.11665916001767898,0.11665916001767898,0.116659160017679,0.11665916001767897,0.11665916001767894,0.116659160017679,0.116659160017679,0.116659160017679,0.11665916001767891,0.11665916001767894,0.11665916001767898,0.11665916001767894,0.11665916001767894,0.11665916001767895,0.11665916001767894,0.11665916001767893,0.11665916001767893,0.11665916001767893,0.11665916001767894,0.11665916001767894,0.11665916001767893,0.11665916001767895,0.11665916001767894,0.11665916001767894,0.11665916001767897,0.11665916001767894,0.11665916001767893,0.11665916001767895,0.11665916001767895,0.11665916001767894,0.11665916001767894,0.11665916001767895,0.11665916001767893,0.11665916001767897,0.11665916001767897,0.11665916001767897,0.11665916001767897,0.11665916001767895,0.11665916001767893,0.11665916001767894,0.11665916001767893,0.11665916001767888,0.11665916001767894,0.11665916001767893,0.11665916001767893,0.11665916001767894,0.11665916001767894,0.11665916001767897,0.11665916001767894,0.11665916001767895,0.11665916001767895,0.11665916001767895,0.11665916001767895,0.11665916001767895,0.11665916001767897,0.116659160017679,0.11665916001767895,0.11665916001767897,0.11665916001767898,0.11665916001767898,0.11665916001767898,0.11665916001767901,0.11665916001767897,0.11665916001767901,0.11665916001767895,0.11665916001767898,0.116659160017679,0.11665916001767897,0.11665916001767904,0.11665916001767895,0.11665916001767901,0.11665916001767897,0.11665916001767897,0.11665916001767897,0.11665916001767897,0.11665916001767898,0.11665916001767895,0.11665916001767895,0.11665916001767901,0.116659160017679,0.116659160017679,0.11665916001767895,0.11665916001767898,0.11665916001767893,0.11665916001767894,0.11665916001767895,0.11665916001767893,0.11665916001767895,0.11665916001767897,0.11665916001767897,0.11665916001767898,0.11665916001767898,0.11665916001767901,0.116659160017679,0.11665916001767898,0.11665916001767897,0.11665916001767897,0.11665916001767897,0.11665916001767898,0.11665916001767898,0.11665916001767897,0.116659160017679,0.11665916001767897,0.11665916001767894,0.11665916001767895,0.11665916001767898,0.11665916001767897,0.11665916001767895,0.11665916001767897,0.11665916001767897,0.11665916001767897,0.11665916001767898,0.11665916001767898,0.11665916001767897,0.11665916001767897,0.11665916001767895,0.11665916001767898,0.11665916001767901,0.11665916001767897,0.11665916001767897,0.11665916001767898,0.11665916001767902,0.11665916001767898,0.11665916001767895,0.116659160017679,0.11665916001767895,0.116659160017679,0.11665916001767897,0.11665916001767897,0.11665916001767897,0.11665916001767895,0.116659160017679,0.11665916001767895,0.11665916001767895,0.116659160017679,0.11665916001767894,0.11665916001767895,0.11665916001767895,0.11665916001767893,0.11665916001767898,0.116659160017679,0.11665916001767893,0.11665916001767894,0.11665916001767895,0.11665916001767895,0.11665916001767894,0.11665916001767895,0.11665916001767893,0.11665916001767897,0.11665916001767891,0.11665916001767904,0.11665916001767895,0.11665916001767895,0.116659160017679,0.116659160017679,0.11665916001767893,0.11665916001767894,0.11665916001767894,0.11665916001767894,0.11665916001767894,0.11665916001767894,0.11665916001767894,0.11665916001767895,0.11665916001767891,0.11665916001767893,0.11665916001767897,0.11665916001767895,0.11665916001767894,0.11665916001767895,0.11665916001767893,0.11665916001767893,0.11665916001767891,0.11665916001767894,0.11665916001767894,0.11665916001767887,0.11665916001767893,0.11665916001767888,0.11665916001767891,0.11665916001767894,0.11665916001767891,0.11665916001767895,0.11665916001767895,0.11665916001767893,0.1166591600176789,0.11665916001767895,0.11665916001767894,0.11665916001767894,0.11665916001767893,0.11665916001767895,0.11665916001767898,0.11665916001767895,0.11665916001767898,0.11665916001767895,0.11665916001767897,0.11665916001767898,0.11665916001767898,0.11665916001767904,0.11665916001767902,0.11665916001767902,0.11665916001767901,0.11665916001767902,0.11665916001767893,0.11665916001767895,0.11665916001767894,0.11665916001767894,0.11665916001767897,0.11665916001767895,0.11665916001767894,0.11665916001767894,0.11665916001767897,0.11665916001767897,0.11665916001767893,0.11665916001767894,0.11665916001767894,0.11665916001767895,0.11665916001767894,0.11665916001767894,0.11665916001767895,0.11665916001767895,0.11665916001767894,0.11665916001767898,0.11665916001767898,0.11665916001767898,0.11665916001767895,0.11665916001767897,0.11665916001767895,0.11665916001767898,0.11665916001767895,0.11665916001767898,0.116659160017679,0.11665916001767898,0.11665916001767897,0.11665916001767895,0.11665916001767897,0.11665916001767897,0.11665916001767897,0.11665916001767893,0.11665916001767895,0.11665916001767893,0.11665916001767894,0.1166591600176789,0.11665916001767893,0.11665916001767894,0.11665916001767894,0.11665916001767894,0.11665916001767895,0.11665916001767887,0.1166591600176789,0.11665916001767894,0.11665916001767894,0.11665916001767895,0.11665916001767895,0.11665916001767891,0.11665916001767888,0.1166591600176789,0.11665916001767894,0.11665916001767893,0.11665916001767891,0.11665916001767884,0.1166591600176789,0.1166591600176789,0.11665916001767887,0.11665916001767887,0.11665916001767887,0.11665916001767891,0.1166591600176789,0.11665916001767886,0.11665916001767887,0.11665916001767888,0.11665916001767887,0.11665916001767886,0.11665916001767887,0.11665916001767888,0.11665916001767887,0.11665916001767888,0.11665916001767886,0.11665916001767886,0.11665916001767891,0.11665916001767886,0.11665916001767883,0.11665916001767884,0.11665916001767884,0.11665916001767891,0.11665916001767884,0.11665916001767884,0.11665916001767886,0.11665916001767886,0.11665916001767884,0.11665916001767884,0.11665916001767883,0.11665916001767884,0.11665916001767891,0.11665916001767888,0.11665916001767884,0.11665916001767886,0.11665916001767887,0.11665916001767888,0.1166591600176789,0.11665916001767888,0.11665916001767887,0.11665916001767888,0.11665916001767886,0.11665916001767893,0.11665916001767884,0.11665916001767886,0.11665916001767886,0.11665916001767888,0.11665916001767887,0.11665916001767887,0.11665916001767884,0.11665916001767888,0.11665916001767887,0.11665916001767886,0.11665916001767886,0.11665916001767888,0.1166591600176789,0.11665916001767886,0.11665916001767888,0.11665916001767881,0.11665916001767887,0.11665916001767883,0.11665916001767868,0.1166591600176788,0.1166591600176788,0.11665916001767881,0.1166591600176788,0.11665916001767877,0.11665916001767881,0.1166591600176788,0.11665916001767884,0.11665916001767875,0.11665916001767883,0.11665916001767877,0.11665916001767876,0.11665916001767876,0.11665916001767875,0.11665916001767876,0.11665916001767876,0.11665916001767876,0.11665916001767877,0.11665916001767876,0.11665916001767876,0.11665916001767876,0.11665916001767876,0.11665916001767876,0.11665916001767873,0.11665916001767879,0.11665916001767877,0.11665916001767877,0.1166591600176788,0.1166591600176788,0.11665916001767879,0.11665916001767877,0.11665916001767881,0.11665916001767876,0.11665916001767877,0.11665916001767879,0.11665916001767877,0.11665916001767877,0.11665916001767877,0.11665916001767877,0.11665916001767879,0.11665916001767873,0.11665916001767876,0.11665916001767887,0.11665916001767884,0.11665916001767886,0.11665916001767883,0.11665916001767877,0.11665916001767876,0.11665916001767886,0.11665916001767886,0.11665916001767884,0.11665916001767884,0.11665916001767884,0.11665916001767876,0.1166591600176788,0.11665916001767883,0.1166591600176788,0.11665916001767884,0.1166591600176788,0.11665916001767879,0.11665916001767883,0.11665916001767877,0.11665916001767877,0.11665916001767877,0.11665916001767879,0.1166591600176788,0.1166591600176788,0.1166591600176788,0.11665916001767879,0.1166591600176788,0.11665916001767879,0.11665916001767884,0.11665916001767877,0.1166591600176788,0.1166591600176788,0.11665916001767877,0.11665916001767879,0.11665916001767883,0.11665916001767879,0.11665916001767884,0.11665916001767884,0.11665916001767883,0.1166591600176788,0.11665916001767884,0.11665916001767875,0.11665916001767881,0.11665916001767881,0.11665916001767876,0.11665916001767883,0.1166591600176788,0.11665916001767877,0.11665916001767883,0.11665916001767879,0.11665916001767879,0.11665916001767881,0.1166591600176788,0.11665916001767881,0.11665916001767883,0.11665916001767883,0.11665916001767879,0.11665916001767879,0.1166591600176789,0.11665916001767888,0.11665916001767884,0.11665916001767883,0.11665916001767886,0.11665916001767883,0.11665916001767884,0.11665916001767884,0.11665916001767886,0.11665916001767884,0.11665916001767886,0.11665916001767886,0.11665916001767886,0.11665916001767884,0.11665916001767883,0.11665916001767884,0.11665916001767883,0.11665916001767876,0.11665916001767884,0.11665916001767884,0.11665916001767873,0.11665916001767881,0.11665916001767881,0.11665916001767883,0.11665916001767879,0.11665916001767879,0.11665916001767883,0.1166591600176788,0.11665916001767881,0.11665916001767876,0.11665916001767877,0.11665916001767875,0.11665916001767876,0.11665916001767875,0.11665916001767875,0.11665916001767875,0.11665916001767879,0.11665916001767875,0.11665916001767877,0.11665916001767876,0.11665916001767875,0.11665916001767872,0.11665916001767875,0.11665916001767876,0.11665916001767875,0.11665916001767873,0.11665916001767876,0.11665916001767877,0.11665916001767876,0.11665916001767873,0.11665916001767876,0.11665916001767873,0.11665916001767873,0.11665916001767875,0.11665916001767875,0.11665916001767873,0.11665916001767875,0.11665916001767876,0.11665916001767877,0.11665916001767876,0.11665916001767876,0.11665916001767877,0.11665916001767877,0.11665916001767875,0.11665916001767876,0.11665916001767876,0.11665916001767877,0.11665916001767875,0.11665916001767877,0.11665916001767875,0.11665916001767873,0.11665916001767877,0.11665916001767875,0.11665916001767876,0.11665916001767877,0.11665916001767876,0.11665916001767875,0.11665916001767877,0.11665916001767876,0.11665916001767875,0.11665916001767872,0.11665916001767875,0.11665916001767876,0.11665916001767875,0.11665916001767873,0.11665916001767876,0.11665916001767876,0.11665916001767876,0.11665916001767876,0.11665916001767875,0.11665916001767872,0.11665916001767875,0.11665916001767877,0.11665916001767875,0.11665916001767876,0.11665916001767876,0.11665916001767876,0.11665916001767875,0.11665916001767876,0.11665916001767877,0.11665916001767875,0.11665916001767875,0.11665916001767877,0.11665916001767876,0.11665916001767875,0.11665916001767879,0.11665916001767873,0.11665916001767883,0.11665916001767879,0.11665916001767876,0.11665916001767875,0.11665916001767876,0.11665916001767877,0.11665916001767876,0.11665916001767877,0.11665916001767873,0.11665916001767875,0.11665916001767877,0.11665916001767875,0.11665916001767876,0.11665916001767876,0.11665916001767875,0.11665916001767876,0.1166591600176788,0.11665916001767881,0.11665916001767873,0.11665916001767877,0.11665916001767879,0.11665916001767875,0.11665916001767877,0.11665916001767879,0.11665916001767877,0.11665916001767876,0.11665916001767877,0.11665916001767879,0.11665916001767879,0.1166591600176788,0.11665916001767876,0.11665916001767875,0.1166591600176788,0.11665916001767877,0.11665916001767883,0.11665916001767877,0.11665916001767876,0.11665916001767875,0.11665916001767877,0.11665916001767875,0.11665916001767876,0.11665916001767876,0.11665916001767875,0.11665916001767877,0.11665916001767877,0.11665916001767866,0.11665916001767877,0.11665916001767876,0.11665916001767872,0.11665916001767876,0.11665916001767877,0.11665916001767876,0.11665916001767876,0.11665916001767877,0.11665916001767876,0.11665916001767876,0.11665916001767877,0.11665916001767876,0.11665916001767877,0.11665916001767879,0.11665916001767879,0.11665916001767876,0.1166591600176788,0.11665916001767879,0.11665916001767876,0.11665916001767876,0.11665916001767877,0.11665916001767877,0.11665916001767879,0.11665916001767873,0.11665916001767875,0.11665916001767872,0.11665916001767876,0.11665916001767877,0.11665916001767875,0.11665916001767875,0.11665916001767875,0.11665916001767876,0.1166591600176787,0.11665916001767875,0.11665916001767876,0.11665916001767875,0.11665916001767875,0.11665916001767876,0.11665916001767876,0.11665916001767876,0.11665916001767876,0.11665916001767877,0.11665916001767876,0.11665916001767876,0.11665916001767876,0.11665916001767876,0.11665916001767879,0.1166591600176787,0.1166591600176787,0.11665916001767876,0.11665916001767876,0.11665916001767879,0.11665916001767877,0.11665916001767875,0.11665916001767868,0.11665916001767875,0.11665916001767875,0.1166591600176787,0.11665916001767872,0.11665916001767897,0.11665916001767886,0.11665916001767879,0.11665916001767879,0.11665916001767877,0.1166591600176788,0.11665916001767876,0.11665916001767875,0.11665916001767877,0.11665916001767879,0.11665916001767877,0.11665916001767875,0.11665916001767881,0.11665916001767876,0.11665916001767879,0.11665916001767876,0.11665916001767876,0.11665916001767876,0.1166591600176787,0.11665916001767881,0.11665916001767877,0.11665916001767886,0.11665916001767879,0.11665916001767883,0.11665916001767868,0.11665916001767877,0.11665916001767877,0.11665916001767876,0.11665916001767873,0.11665916001767879,0.11665916001767879,0.11665916001767876,0.11665916001767877,0.11665916001767876,0.11665916001767876,0.1166591600176787,0.11665916001767876,0.1166591600176787,0.11665916001767877,0.11665916001767875,0.11665916001767875,0.11665916001767879,0.11665916001767876,0.11665916001767876,0.11665916001767875,0.11665916001767877,0.1166591600176788,0.1166591600176788,0.11665916001767879,0.11665916001767876,0.11665916001767876,0.11665916001767879,0.11665916001767875,0.11665916001767879,0.11665916001767879,0.1166591600176788,0.11665916001767877,0.11665916001767879,0.11665916001767877,0.11665916001767876,0.11665916001767879,0.11665916001767881,0.11665916001767879,0.11665916001767877,0.11665916001767881,0.11665916001767881,0.1166591600176788,0.11665916001767877,0.1166591600176788,0.1166591600176788,0.1166591600176788,0.11665916001767883,0.11665916001767875,0.11665916001767884,0.1166591600176788,0.11665916001767883,0.1166591600176788,0.11665916001767881,0.11665916001767883,0.11665916001767876,0.1166591600176788,0.1166591600176788,0.11665916001767884,0.11665916001767879,0.1166591600176788,0.11665916001767881,0.11665916001767883,0.11665916001767881,0.1166591600176788,0.11665916001767879,0.11665916001767879,0.11665916001767877,0.11665916001767881,0.11665916001767877,0.1166591600176788,0.1166591600176788,0.11665916001767881,0.11665916001767883,0.11665916001767883,0.11665916001767884,0.1166591600176788,0.1166591600176788,0.1166591600176788,0.1166591600176788,0.1166591600176788,0.1166591600176788,0.11665916001767881,0.11665916001767881,0.11665916001767879,0.11665916001767875,0.11665916001767884,0.1166591600176788,0.1166591600176788,0.11665916001767881,0.11665916001767881,0.11665916001767879,0.11665916001767883,0.1166591600176788,0.11665916001767887,0.11665916001767884,0.11665916001767886,0.11665916001767883,0.11665916001767883,0.1166591600176788,0.11665916001767883,0.1166591600176788,0.11665916001767876,0.11665916001767884,0.11665916001767875,0.1166591600176788,0.11665916001767879,0.11665916001767879,0.11665916001767879,0.1166591600176788,0.11665916001767881,0.11665916001767879,0.1166591600176788,0.11665916001767881,0.1166591600176788,0.11665916001767877,0.11665916001767883,0.1166591600176788,0.11665916001767884,0.11665916001767883,0.11665916001767884,0.1166591600176788,0.11665916001767881,0.1166591600176788,0.11665916001767881,0.11665916001767886,0.11665916001767886,0.11665916001767881,0.11665916001767881,0.1166591600176788,0.11665916001767884,0.11665916001767886,0.11665916001767884,0.11665916001767884,0.11665916001767883,0.11665916001767881,0.11665916001767883,0.11665916001767883,0.11665916001767875,0.11665916001767887,0.11665916001767884,0.11665916001767884,0.11665916001767886,0.11665916001767881,0.11665916001767886,0.11665916001767884,0.11665916001767884,0.11665916001767884,0.11665916001767881,0.11665916001767884,0.11665916001767881,0.11665916001767886,0.11665916001767883,0.11665916001767879,0.11665916001767877,0.11665916001767884,0.11665916001767876,0.1166591600176788,0.11665916001767881,0.11665916001767883,0.11665916001767879,0.11665916001767881,0.11665916001767881,0.1166591600176788,0.11665916001767883,0.1166591600176788,0.11665916001767881,0.1166591600176788,0.1166591600176788,0.11665916001767881,0.11665916001767879,0.11665916001767881,0.11665916001767881,0.11665916001767886,0.11665916001767884,0.11665916001767886,0.11665916001767883,0.11665916001767881,0.11665916001767886,0.11665916001767879,0.11665916001767881,0.11665916001767877,0.11665916001767881,0.11665916001767884,0.1166591600176788,0.1166591600176788,0.11665916001767884,0.11665916001767883,0.11665916001767886,0.1166591600176788,0.1166591600176788,0.11665916001767886,0.11665916001767883,0.1166591600176788,0.11665916001767881,0.11665916001767884,0.11665916001767881,0.11665916001767881,0.11665916001767881,0.11665916001767883,0.11665916001767883,0.1166591600176788,0.11665916001767883,0.11665916001767886,0.11665916001767884,0.11665916001767884,0.11665916001767884,0.11665916001767881,0.11665916001767877,0.11665916001767877,0.11665916001767879,0.11665916001767877,0.11665916001767879,0.11665916001767886,0.11665916001767886,0.11665916001767886,0.11665916001767884,0.11665916001767884,0.11665916001767881,0.11665916001767884,0.11665916001767886,0.11665916001767884,0.11665916001767886,0.11665916001767886,0.11665916001767886,0.11665916001767884,0.11665916001767884,0.11665916001767886,0.11665916001767881,0.11665916001767884,0.11665916001767884,0.11665916001767883,0.11665916001767884,0.11665916001767886,0.11665916001767883,0.11665916001767884,0.11665916001767887,0.11665916001767886,0.1166591600176788,0.11665916001767886,0.11665916001767883,0.11665916001767884,0.11665916001767884,0.1166591600176788,0.11665916001767883,0.11665916001767886,0.11665916001767884,0.11665916001767884,0.11665916001767883,0.11665916001767884,0.11665916001767886,0.11665916001767884,0.11665916001767884,0.11665916001767883,0.11665916001767887,0.11665916001767886,0.11665916001767886,0.11665916001767881,0.11665916001767886,0.11665916001767887,0.11665916001767886,0.11665916001767886,0.11665916001767886,0.11665916001767881,0.11665916001767883,0.11665916001767883,0.11665916001767887,0.11665916001767886,0.11665916001767886,0.11665916001767887,0.11665916001767887,0.11665916001767886,0.11665916001767881,0.11665916001767886,0.11665916001767883,0.11665916001767884,0.11665916001767886,0.11665916001767883,0.11665916001767884,0.11665916001767883,0.11665916001767884,0.11665916001767883,0.11665916001767884,0.11665916001767881,0.11665916001767886,0.11665916001767886,0.11665916001767904,0.1166591600176789,0.11665916001767891,0.11665916001767894,0.11665916001767887,0.11665916001767887,0.11665916001767884,0.11665916001767891,0.11665916001767888,0.11665916001767887,0.11665916001767895,0.11665916001767887,0.11665916001767887,0.1166591600176789,0.1166591600176789,0.11665916001767887,0.11665916001767888,0.11665916001767893,0.11665916001767888,0.11665916001767886,0.1166591600176789,0.11665916001767887,0.11665916001767886,0.11665916001767893,0.11665916001767883,0.11665916001767893,0.11665916001767891,0.11665916001767891,0.1166591600176789,0.11665916001767894,0.11665916001767888,0.1166591600176789,0.11665916001767891,0.11665916001767891,0.11665916001767891,0.1166591600176789,0.11665916001767886,0.11665916001767893,0.11665916001767893,0.11665916001767891,0.11665916001767891,0.11665916001767893,0.11665916001767886,0.11665916001767893,0.11665916001767894,0.11665916001767888,0.11665916001767891,0.1166591600176789,0.11665916001767891,0.11665916001767891,0.11665916001767894,0.11665916001767895,0.11665916001767891,0.11665916001767891,0.11665916001767891,0.11665916001767893,0.11665916001767891,0.11665916001767891,0.11665916001767893,0.11665916001767891,0.11665916001767893,0.11665916001767891,0.11665916001767891,0.11665916001767893,0.1166591600176789,0.11665916001767894,0.11665916001767893,0.11665916001767893,0.11665916001767894,0.11665916001767893,0.11665916001767895,0.11665916001767897,0.11665916001767897,0.11665916001767891,0.11665916001767897,0.11665916001767897,0.11665916001767898,0.116659160017679,0.11665916001767897,0.11665916001767898,0.11665916001767895,0.11665916001767898,0.11665916001767895,0.11665916001767895,0.11665916001767898,0.11665916001767898,0.11665916001767897,0.11665916001767898,0.11665916001767897,0.11665916001767895,0.11665916001767901,0.11665916001767894,0.11665916001767895,0.11665916001767895,0.11665916001767894,0.11665916001767893,0.11665916001767894,0.11665916001767897,0.11665916001767904,0.11665916001767897,0.11665916001767898,0.11665916001767897,0.11665916001767901,0.11665916001767895,0.11665916001767895,0.11665916001767895,0.11665916001767894,0.11665916001767898,0.11665916001767898,0.11665916001767901,0.11665916001767894,0.11665916001767894,0.11665916001767895,0.11665916001767894,0.11665916001767897,0.11665916001767893,0.11665916001767894,0.11665916001767894,0.11665916001767894,0.11665916001767894,0.11665916001767893,0.11665916001767895,0.11665916001767894,0.11665916001767901,0.11665916001767897,0.11665916001767902,0.116659160017679,0.11665916001767898,0.11665916001767898,0.11665916001767898,0.11665916001767901,0.116659160017679,0.11665916001767904,0.11665916001767901,0.11665916001767898,0.11665916001767898,0.11665916001767898,0.11665916001767895,0.11665916001767897,0.11665916001767898,0.11665916001767898,0.116659160017679,0.11665916001767894,0.11665916001767894,0.11665916001767893,0.11665916001767894,0.11665916001767894,0.11665916001767894,0.11665916001767897,0.11665916001767888,0.11665916001767901,0.11665916001767895,0.11665916001767895,0.11665916001767891,0.116659160017679,0.11665916001767894,0.11665916001767894,0.11665916001767894,0.116659160017679,0.11665916001767895,0.11665916001767898,0.11665916001767898,0.11665916001767895,0.11665916001767898,0.11665916001767898,0.11665916001767897,0.11665916001767895,0.11665916001767897,0.11665916001767897,0.11665916001767906,0.116659160017679,0.116659160017679,0.11665916001767901,0.11665916001767904,0.11665916001767901,0.11665916001767902,0.11665916001767904,0.11665916001767901,0.11665916001767897,0.11665916001767893,0.11665916001767894,0.11665916001767894,0.11665916001767893,0.11665916001767895,0.11665916001767895,0.11665916001767894,0.11665916001767895,0.11665916001767895,0.11665916001767894,0.11665916001767894,0.11665916001767893,0.11665916001767894,0.11665916001767895,0.11665916001767895,0.11665916001767894,0.11665916001767895,0.11665916001767894,0.11665916001767894,0.11665916001767894,0.11665916001767895,0.11665916001767894,0.11665916001767895,0.11665916001767894,0.11665916001767894,0.11665916001767895,0.11665916001767895,0.11665916001767895,0.11665916001767897,0.11665916001767897,0.11665916001767895,0.11665916001767897,0.11665916001767897,0.11665916001767895,0.11665916001767898,0.11665916001767893,0.11665916001767893,0.11665916001767894,0.11665916001767895,0.11665916001767893,0.11665916001767894,0.11665916001767894,0.11665916001767894,0.11665916001767894,0.1166591600176789,0.11665916001767898,0.11665916001767893,0.11665916001767895,0.11665916001767893,0.11665916001767894,0.11665916001767894,0.11665916001767894,0.11665916001767891,0.11665916001767894,0.11665916001767895,0.11665916001767895,0.11665916001767895,0.11665916001767898,0.11665916001767895,0.11665916001767898,0.11665916001767898,0.11665916001767897,0.11665916001767897,0.11665916001767894,0.11665916001767897,0.11665916001767897,0.11665916001767897,0.116659160017679,0.11665916001767893,0.11665916001767895,0.11665916001767894,0.11665916001767902,0.11665916001767901,0.116659160017679,0.11665916001767894,0.11665916001767901,0.11665916001767895,0.11665916001767898,0.11665916001767897,0.11665916001767895,0.11665916001767901,0.11665916001767894,0.11665916001767894,0.11665916001767894,0.11665916001767894,0.11665916001767895,0.11665916001767894,0.11665916001767894,0.11665916001767894,0.11665916001767897,0.11665916001767895,0.11665916001767895,0.11665916001767895,0.11665916001767894,0.11665916001767894,0.11665916001767894,0.11665916001767895,0.11665916001767894,0.11665916001767893,0.116659160017679,0.11665916001767894,0.11665916001767895,0.11665916001767895,0.11665916001767898,0.11665916001767894,0.11665916001767893,0.11665916001767894,0.11665916001767895,0.11665916001767893,0.11665916001767895,0.11665916001767894,0.11665916001767894,0.11665916001767898,0.11665916001767894,0.11665916001767895,0.11665916001767893,0.11665916001767894,0.11665916001767894,0.11665916001767894,0.11665916001767895,0.11665916001767894,0.11665916001767894,0.11665916001767897,0.11665916001767894,0.11665916001767894,0.11665916001767895,0.11665916001767894,0.11665916001767894,0.11665916001767895,0.11665916001767894,0.11665916001767895,0.11665916001767894,0.11665916001767893,0.11665916001767895,0.11665916001767894,0.11665916001767895,0.11665916001767895,0.11665916001767895,0.11665916001767897,0.11665916001767895,0.11665916001767898,0.11665916001767898,0.11665916001767897,0.11665916001767897,0.11665916001767897,0.11665916001767897,0.11665916001767898,0.11665916001767897,0.11665916001767901,0.11665916001767897,0.11665916001767897,0.11665916001767897,0.11665916001767898,0.11665916001767897,0.11665916001767895,0.11665916001767898,0.116659160017679,0.11665916001767897,0.11665916001767895,0.11665916001767895,0.11665916001767901,0.116659160017679,0.116659160017679,0.11665916001767898,0.11665916001767895,0.11665916001767891,0.116659160017679,0.11665916001767897,0.11665916001767901,0.116659160017679,0.11665916001767901,0.11665916001767893,0.11665916001767897,0.11665916001767897,0.11665916001767897,0.11665916001767901,0.11665916001767895,0.11665916001767897,0.11665916001767901,0.11665916001767901,0.116659160017679,0.11665916001767901,0.11665916001767898,0.11665916001767902,0.11665916001767904,0.11665916001767895,0.11665916001767901,0.116659160017679,0.11665916001767898,0.11665916001767898,0.11665916001767901,0.116659160017679,0.11665916001767897,0.11665916001767901,0.11665916001767897,0.11665916001767904,0.11665916001767902,0.11665916001767895,0.11665916001767904,0.11665916001767901,0.11665916001767898,0.116659160017679,0.11665916001767902,0.11665916001767895,0.11665916001767897,0.11665916001767897,0.11665916001767895,0.11665916001767897,0.11665916001767898,0.11665916001767902,0.11665916001767898,0.11665916001767897,0.11665916001767898,0.11665916001767901,0.11665916001767897,0.11665916001767897,0.11665916001767898,0.11665916001767897,0.11665916001767895,0.11665916001767895,0.11665916001767898,0.11665916001767897,0.116659160017679,0.11665916001767894,0.11665916001767895,0.11665916001767902,0.116659160017679,0.11665916001767897,0.11665916001767895,0.11665916001767898,0.11665916001767897,0.11665916001767897,0.11665916001767897,0.11665916001767895,0.11665916001767897,0.11665916001767895,0.116659160017679,0.11665916001767895,0.11665916001767894,0.11665916001767895,0.11665916001767894,0.11665916001767893,0.11665916001767894,0.11665916001767895,0.11665916001767897,0.11665916001767893,0.11665916001767895,0.11665916001767893,0.11665916001767895,0.116659160017679,0.11665916001767894,0.11665916001767897,0.11665916001767897,0.11665916001767897,0.11665916001767895,0.11665916001767897,0.11665916001767898,0.11665916001767897,0.11665916001767895,0.11665916001767904,0.11665916001767901,0.11665916001767898,0.11665916001767895,0.11665916001767897
1,0.0,0.0,0.0,0.0,0.0,0.0,0.0,0.0,0.0,0.0,0.0,0.0,0.0,0.0,0.0,0.0,0.0,0.0,0.0,0.0,0.0,0.0,0.0,0.0,0.0,0.0,0.0,0.0,0.0,0.0,0.0,0.0,0.0,0.0,0.0,0.0,0.0,0.0,0.0,0.0,0.0,0.0,0.0,0.0,0.0,0.0,0.0,0.0,0.0,0.0,0.0,0.0,0.0,0.0,0.0,0.0,0.0,0.0,0.0,0.0,0.0,0.0,0.0,0.0,0.0,0.0,0.0,0.0,0.0,0.0,0.0,0.0,0.0,0.0,0.0,0.0,0.0,0.0,0.0,0.0,0.0,0.0,0.0,0.0,0.0,0.0,0.0,0.0,0.0,0.0,0.0,0.0,0.0,0.0,0.0,0.0,0.0,0.0,0.0,0.0,0.0,0.0,0.0,0.0,0.0,0.0,0.0,0.0,0.0,0.0,0.0,0.0,0.0,0.0,0.0,0.0,0.0,0.0,0.0,0.0,0.0,0.0,0.0,0.0,0.0,0.0,0.0,0.0,0.0,0.0,0.0,0.0,0.0,0.0,0.0,0.0,0.0,0.0,0.0,0.0,0.0,0.0,0.0,0.0,0.0,0.0,0.0,0.0,0.0,0.0,0.0,0.0,0.0,0.0,0.0,0.0,0.0,0.0,0.0,0.0,0.0,0.0,0.0,0.0,0.0,0.0,0.0,0.0,0.0,0.0,0.0,0.0,0.0,0.0,0.0,0.0,0.0,0.0,0.0,0.0,0.0,0.0,0.0,0.0,0.0,0.0,0.0,0.0,0.0,0.0,0.0,0.0,0.0,0.0,0.0,0.0,0.0,0.0,0.0,0.0,0.0,0.0,0.0,0.0,0.0,0.0,0.0,0.0,0.0,0.0,0.0,0.0,0.0,0.0,0.0,0.0,0.0,0.0,0.0,0.0,0.0,0.0,0.0,0.0,0.0,0.0,0.0,0.0,0.0,0.0,0.0,0.0,0.0,0.0,0.0,0.0,0.0,0.0,0.0,0.0,0.0,0.0,0.0,0.0,0.0,0.0,0.0,0.0,0.0,0.0,0.0,0.0,0.0,0.0,0.0,0.0,0.0,0.0,0.0,0.0,0.0,0.0,0.0,0.0,0.0,0.0,0.0,0.0,0.0,0.0,0.0,0.0,0.0,0.0,0.0,0.0,0.0,0.0,0.0,0.0,0.0,0.0,0.0,0.0,0.0,0.0,0.0,0.0,0.0,0.0,0.0,0.0,0.0,0.0,0.0,0.0,0.0,0.0,0.0,0.0,0.0,0.0,0.0,0.0,0.0,0.0,0.0,0.0,0.0,0.0,0.0,0.0,0.0,0.0,0.0,0.0,0.0,0.0,0.0,0.0,0.0,0.0,0.0,0.0,0.0,0.0,0.0,0.0,0.0,0.0,0.0,0.0,0.0,0.0,0.0,0.0,0.0,0.0,0.0,0.0,0.0,0.0,0.0,0.0,0.0,0.0,0.0,0.0,0.0,0.0,0.0,0.0,0.0,0.0,0.0,0.0,0.0,0.0,0.0,0.0,0.0,0.0,0.0,0.0,0.0,0.0,0.0,0.0,0.0,0.0,0.0,0.0,0.0,0.0,0.0,0.0,0.0,0.0,0.0,0.0,0.0,0.0,0.0,0.0,0.0,0.0,0.0,0.0,0.0,0.0,0.0,0.0,0.0,0.0,0.0,0.0,0.0,0.0,0.0,0.0,0.0,0.0,0.0,0.0,0.0,0.0,0.0,0.0,0.0,0.0,0.0,0.0,0.0,0.0,0.0,0.0,0.0,0.0,0.0,0.0,0.0,0.0,0.0,0.0,0.0,0.0,0.0,0.0,0.0,0.0,0.0,0.0,0.0,0.0,0.0,0.0,0.0,0.0,0.0,0.0,0.0,0.0,0.0,0.0,0.0,0.0,0.0,0.0,0.0,0.0,0.0,0.0,0.0,0.0,0.0,0.0,0.0,0.0,0.0,0.0,0.0,0.0,0.0,0.0,0.0,0.0,0.0,0.0,0.0,0.0,0.0,0.0,0.0,0.0,0.0,0.0,0.0,0.0,0.0,0.0,0.0,0.0,0.0,0.0,0.0,0.0,0.0,0.0,0.0,0.0,0.0,0.0,0.0,0.0,0.0,0.0,0.0,0.0,0.0,0.0,0.0,0.0,0.0,0.0,0.0,0.0,0.0,0.0,0.0,0.0,0.0,0.0,0.0,0.0,0.0,0.0,0.0,0.0,0.0,0.0,0.0,0.0,0.0,0.0,0.0,0.0,0.0,0.0,0.0,0.0,0.0,0.0,0.0,0.0,0.0,0.0,0.0,0.0,0.0,0.0,0.0,0.0,0.0,0.0,0.0,0.0,0.0,0.0,0.0,0.0,0.0,0.0,0.0,0.0,0.0,0.0,0.0,0.0,0.0,0.0,0.0,0.0,0.0,0.0,0.0,0.0,0.0,0.0,0.0,0.0,0.0,0.0,0.0,0.0,0.0,0.0,0.0,0.0,0.0,0.0,0.0,0.0,0.0,0.0,0.0,0.0,0.0,0.0,0.0,0.0,0.0,0.0,0.0,0.0,0.0,0.0,0.0,0.0,0.0,0.0,0.0,0.0,0.0,0.0,0.0,0.0,0.0,0.0,0.0,0.0,0.0,0.0,0.0,0.0,0.0,0.0,0.0,0.0,0.0,0.0,0.0,0.0,0.0,0.0,0.0,0.0,0.0,0.0,0.0,0.0,0.0,0.0,0.0,0.0,0.0,0.0,0.0,0.0,0.0,0.0,0.0,0.0,0.0,0.0,0.0,0.0,0.0,0.0,0.0,0.0,0.0,0.0,0.0,0.0,0.0,0.0,0.0,0.0,0.0,0.0,0.0,0.0,0.0,0.0,0.0,0.0,0.0,0.0,0.0,0.0,0.0,0.0,0.0,0.0,0.0,0.0,0.0,0.0,0.0,0.0,0.0,0.0,0.0,0.0,0.0,0.0,0.0,0.0,0.0,0.0,0.0,0.0,0.0,0.0,0.0,0.0,0.0,0.0,0.0,0.0,0.0,0.0,0.0,0.0,0.0,0.0,0.0,0.0,0.0,0.0,0.0,0.0,0.0,0.0,0.0,0.0,0.0,0.0,0.0,0.0,0.0,0.0,0.0,0.0,0.0,0.0,0.0,0.0,0.0,0.0,0.0,0.0,0.0,0.0,0.0,0.0,0.0,0.0,0.0,0.0,0.0,0.0,0.0,0.0,0.0,0.0,0.0,0.0,0.0,0.0,0.0,0.0,0.0,0.0,0.0,0.0,0.0,0.0,0.0,0.0,0.0,0.0,0.0,0.0,0.0,0.0,0.0,0.0,0.0,0.0,0.0,0.0,0.0,0.0,0.0,0.0,0.0,0.0,0.0,0.0,0.0,0.0,0.0,0.0,0.0,0.0,0.0,0.0,0.0,0.0,0.0,0.0,0.0,0.0,0.0,0.0,0.0,0.0,0.0,0.0,0.0,0.0,0.0,0.0,0.0,0.0,0.0,0.0,0.0,0.0,0.0,0.0,0.0,0.0,0.0,0.0,0.0,0.0,0.0,0.0,0.0,0.0,0.0,0.0,0.0,0.0,0.0,0.0,0.0,0.0,0.0,0.0,0.0,0.0,0.0,0.0,0.0,0.0,0.0,0.0,0.0,0.0,0.0,0.0,0.0,0.0,0.0,0.0,0.0,0.0,0.0,0.0,0.0,0.0,0.0,0.0,0.0,0.0,0.0,0.0,0.0,0.0,0.0,0.0,0.0,0.0,0.0,0.0,0.0,0.0,0.0,0.0,0.0,0.0,0.0,0.0,0.0,0.0,0.0,0.0,0.0,0.0,0.0,0.0,0.0,0.0,0.0,0.0,0.0,0.0,0.0,0.0,0.0,0.0,0.0,0.0,0.0,0.0,0.0,0.0,0.0,0.0,0.0,0.0,0.0,0.0,0.0,0.0,0.0,0.0,0.0,0.0,0.0,0.0,0.0,0.0,0.0,0.0,0.0,0.0,0.0,0.0,0.0,0.0,0.0,0.0,0.0,0.0,0.0,0.0,0.0,0.0,0.0,0.0,0.0,0.0,0.0,0.0,0.0,0.0,0.0,0.0,0.0,0.0,0.0,0.0,0.0,0.0,0.0,0.0,0.0,0.0,0.0,0.0,0.0,0.0,0.0,0.0,0.0,0.0,0.0,0.0,0.0,0.0,0.0,0.0,0.0,0.0,0.0,0.0,0.0,0.0,0.0,0.0,0.0,0.0,0.0,0.0,0.0,0.0,0.0,0.0,0.0,0.0,0.0,0.0,0.0,0.0,0.0,0.0,0.0,0.0,0.0,0.0,0.0,0.0,0.0,0.0,0.0,0.0,0.0,0.0,0.0,0.0,0.0,0.0,0.0,0.0,0.0,0.0,0.0,0.0,0.0,0.0,0.0,0.0,0.0,0.0,0.0,0.0,0.0,0.0,0.0,0.0,0.0,0.0,0.0,0.0,0.0,0.0,0.0,0.0,0.0,0.0,0.0,0.0,0.0,0.0,0.0,0.0,0.0,0.0,0.0,0.0,0.0,0.0,0.0,0.0,0.0,0.0,0.0,0.0,0.0,0.0,0.0,0.0,0.0,0.0,0.0,0.0,0.0,0.0,0.0,0.0,0.0,0.0,0.0,0.0,0.0,0.0,0.0,0.0,0.0,0.0,0.0,0.0,0.0,0.0,0.0,0.0,0.0,0.0,0.0,0.0,0.0,0.0,0.0,0.0,0.0,0.0,0.0,0.0,0.0,0.0,0.0,0.0,0.0,0.0,0.0,0.0,0.0,0.0,0.0,0.0,0.0,0.0,0.0,0.0,0.0,0.0,0.0,0.0,0.0,0.0,0.0,0.0,0.0,0.0,0.0,0.0,0.0,0.0,0.0,0.0,-2.267143238161999e-28,-8.67187454322278e-30,1.2216939196568218e-28,2.866969114797395e-28,-7.232797568042445e-28,-3.5691799898230174e-30,-1.1944827826146034e-28,-2.553942523132542e-29,-1.0707663743470273e-27,-4.695553306875003e-30,1.0895075031207432e-33,1.6685628548799557e-33,-5.608137624979421e-30,-5.8960070079324995e-33,1.6823304850559155e-31,1.7145228394954765e-31,-5.701454824817556e-31,-2.058602896481165e-32,-1.75187009408042e-33,1.5272119828556795e-31,2.2332965225341794e-31,2.264684126836758e-31,2.6608738913075414e-31,-7.923403831522562e-30,1.079051234030286e-32,1.4741821439163885e-29,1.6204471929162076e-29,1.6219925267657788e-29,1.594350769311238e-29,-2.9674715102706953e-29,1.357400117799878e-29,1.0036411000295922e-27,9.92427868661858e-28,9.926189924514337e-28,1.3259493745650679e-27,1.344005802373924e-27,1.9381535391053277e-27,1.9411884804564035e-27,2.5588833103560527e-27,2.5137899288657357e-27,2.2570375948468943e-27,2.2258832283520006e-27,2.354617904641071e-27,2.359752242845885e-27,2.359728027476254e-27,2.3533807428418898e-27,1.601382200481988e-27,2.371802404159911e-27,2.2109625691477884e-27,-1.299502072280439e-26,-1.3186023904260813e-26,7.80518843991126e-28,-2.510939306303607e-28,-2.649646178875023e-28,-2.7455974424159237e-28,2.3051042411275212e-29,2.4510108130564192e-28,-1.7232800294820923e-27,-3.0630329838585834e-27,5.792334271151482e-28,5.7735845262617965e-28,5.908507796028858e-28,6.16358531276247e-28,9.832300347829493e-27,1.0162839471515508e-26,1.0421127171092338e-26,1.491300860245375e-26,-3.091145433780803e-26,-6.703357126477323e-28,-4.387516884187696e-26,1.6344183979419352e-28,-6.554230682772224e-28,5.389667079259514e-27,2.1926136542971667e-27,7.316645749356793e-27,6.535954438431467e-26,6.443230369593415e-26,-4.677611675825185e-25,1.8980061525328055e-27,-2.0237395052968767e-26,-6.3149894975418366e-27,8.383284640739773e-26,8.503745888502726e-26,9.161319920254182e-26,3.3042848182997796e-26,3.349791974985451e-26,8.884974120847556e-25,8.856637638313937e-25,9.23955678694531e-25,9.239607463403e-25,9.223189660881062e-25,9.231458097578496e-25,9.233508485855027e-25,9.21258347489355e-25,9.759842943555262e-25,9.736849709870045e-25,9.827156322982328e-25,9.821147150894767e-25,1.6150604746952537e-24,1.654896591540079e-24,4.15411860919929e-25,4.154109323090444e-25,4.158962182409688e-25,4.349780255375145e-25,4.229341964646288e-25,4.093968155431536e-25,4.0917230559715906e-25,4.07158670615328e-25,4.0818015940717797e-25,2.8639121131089607e-25,3.0087741712854167e-25,3.011873127789199e-25,3.0152371596717827e-25,2.7668023939146934e-25,-9.295791005610304e-25,4.0349714667016443e-28,8.573964194179657e-28,-1.0070773259020441e-23,-2.7168746765843386e-26,1.1338027508077556e-25,9.793958416558119e-26,1.046101079388751e-25,1.350107079634681e-25,1.2486011425190726e-25,1.9439408070325304e-25,1.9011973323045605e-25,2.0537173971745755e-25,2.057113267880998e-25,2.4869978692433336e-25,2.488964943591576e-25,2.147031846584316e-25,2.2260794589728057e-25,2.2276843307412586e-25,2.2200090273180914e-25,2.6625305558371905e-25,2.723313561418341e-25,2.2443660843547757e-25,2.249908830509471e-25,2.1961750424992e-25,-3.55266122358618e-26,-9.949265867588696e-27,3.015732297645523e-27,7.532139887105167e-27,-8.734258770398155e-27,-3.344370750684148e-26,-2.013503045132122e-27,2.3160091646233807e-27,-1.5615894935337422e-24,7.086328596553375e-27,3.410765705459101e-26,3.7498124424247566e-26,6.425671129022674e-26,-1.6934760571171737e-25,-1.159030654467323e-27,-5.970576789728079e-28,-9.15007595213926e-27,3.069476680480212e-29,4.661932460325862e-27,-5.492845285237643e-27,1.0178353890766351e-26,9.670803053099575e-27,1.2104459623611286e-25,1.0422367053055852e-25,1.0552119413408038e-25,8.048831982677921e-26,8.078472497497906e-26,-1.1663515527842964e-25,9.461272278533061e-25,4.163558453852741e-25,4.160432777688966e-25,4.1610229415869635e-25,4.158430159360297e-25,4.144832158259926e-25,4.1002212192958514e-25,4.102498616243406e-25,4.105500131319434e-25,4.114976487848025e-25,3.1054801879306908e-25,3.105859547623484e-25,3.101778565563197e-25,3.4603094999091837e-25,3.4457636314891314e-25,3.7913659993924393e-25,3.797057089273054e-25,3.848068792052472e-25,3.7554436583431567e-25,3.717065298205897e-25,3.7516205358307146e-25,3.753136684441289e-25,1.2792784900264059e-24,1.2413544793945041e-24,1.2549889717170045e-24,1.2549885793687223e-24,1.2549887518905583e-24,1.2298879109634494e-24,1.2284712035879202e-24,2.0013834367797074e-24,2.0007134889353027e-24,2.0848935500100792e-24,2.076630131605844e-24,2.076657005776154e-24,2.096731612506871e-24,2.151442481986125e-24,2.036252817891465e-24,2.0389821617078334e-24,2.1723458107824707e-24,5.9566476258680705e-24,5.961363824030028e-24,5.96369900738399e-24,5.9640978548939255e-24,5.969091902457375e-24,5.945641129700529e-24,5.9457067654838995e-24,5.912993069128079e-24,6.178492524013102e-24,5.549230926957303e-24,5.527118997015887e-24,5.526061781128294e-24,5.5231265975565996e-24,5.450152427182148e-24,5.450115940137436e-24,5.451582058702631e-24,5.453080954855242e-24,5.439172720672248e-24,4.134859621429221e-24,4.134758567457846e-24,4.135690747414324e-24,3.9946116850568785e-24,3.994453736120437e-24,3.994227843749454e-24,3.994983540787448e-24,4.1568949079797455e-24,4.151513995878132e-24,4.151594455685184e-24,3.7790585084318296e-24,3.7808465944466696e-24,3.131216347382006e-24,3.145847859629038e-24,3.145805314380797e-24,3.145249187124837e-24,3.128075373856844e-24,3.127765629892171e-24,3.1626219261577974e-24,3.1473059504293495e-24,3.106593161417638e-24,3.1065954898400024e-24,3.1146405658729417e-24,3.115205937624053e-24,3.271250881546159e-24,3.2577136389679827e-24,3.2577136092659272e-24,3.2590219008368696e-24,3.2679499742955022e-24,3.2688823272213642e-24,3.2889025118220615e-24,3.287907303369767e-24,3.2808084762392008e-24,3.2894056367433567e-24,3.290294693696236e-24,3.2903607049798116e-24,3.290214984902991e-24,3.3036547476889315e-24,3.3036649524665686e-24,3.3036395989636276e-24,3.254642307371706e-24,3.2618063858599292e-24,3.524077305075003e-24,3.3034038570909687e-24,2.8274971666254463e-24,2.9644561974082497e-24,2.9719522169091673e-24,2.9358008991490332e-24,3.0776117080738864e-24,3.076619318664304e-24,3.076600138544224e-24,3.0762610923363873e-24,3.0253687394707817e-24,2.2782784957654093e-24,2.2814028170415284e-24,2.2812835939218246e-24,2.281285091044374e-24,2.281440999640138e-24,2.31172377071546e-24,2.302190556619416e-24,2.2981525803031978e-24,2.2997871071586816e-24,2.2996479131881166e-24,2.2996948282287616e-24,2.2960551159971063e-24,2.333544124180511e-24,2.3336901826802203e-24,2.3336337380903722e-24,2.3333375164481436e-24,2.2898997215942198e-24,2.2744724549755153e-24,2.161577884926008e-24,2.1501660115836984e-24,1.9818225016789463e-24,1.981858282866338e-24,1.929224665825196e-24,1.9172581782323002e-24,1.9170870131945666e-24,1.40330317697034e-24,1.4033264680044967e-24,1.4034673808962217e-24,1.4048803166809568e-24,2.2337486053385363e-24,2.2337541844154818e-24,2.2330203893894402e-24,2.233181845219999e-24,2.2299199263636055e-24,2.2312560889367044e-24,2.230033651058499e-24,2.2307912280302656e-24,2.232251101753684e-24,2.230647641696503e-24,2.230571510883997e-24,2.210544000158907e-24,2.2178214984039428e-24,3.520762585955565e-24,3.52016311012446e-24,3.570163782089488e-24,3.570155999860334e-24,3.570497555374518e-24,2.2231974979344574e-24,2.226050026450341e-24,2.2258992612020564e-24,2.2257006031893747e-24,2.6286252899406375e-24,2.6289728732816863e-24,2.61752663117898e-24,2.6131084314022977e-24,2.612372125604374e-24,2.609860092165857e-24,2.5321069855537244e-24,2.532072581376056e-24,2.536733803186587e-24,2.536207632450409e-24,2.5360484245470594e-24,2.5360484163133463e-24,2.5360589298432942e-24,2.5210772573896596e-24,2.4728289291308317e-24,7.259961734199904e-24,7.258972521658035e-24,7.258976046517711e-24,7.209110751642708e-24,7.114002539571552e-24,6.865844258698576e-24,6.877650053207212e-24,6.8686754476212e-24,6.825916410783393e-24,6.5917466867103876e-24,6.593547445839642e-24,6.873573824748599e-24,6.868161606055363e-24,6.85620539833261e-24,7.550891825012618e-24,7.551379315160364e-24,7.551542081264652e-24,7.630451924912033e-24,7.626619713251273e-24,8.78153453578155e-24,8.806905831247133e-24,8.795534598970199e-24,8.795632948027509e-24,8.795628527229189e-24,8.795553247815427e-24,8.794819257647848e-24,8.79778301450453e-24,8.79830526035786e-24,8.814509820078587e-24,8.676137999328995e-24,8.676135109667778e-24,8.603376191643943e-24,8.601180444325349e-24,8.424802493330826e-24,8.424802493501567e-24,8.445381082189265e-24,7.744729272262125e-24,7.74602994922147e-24,7.748014993189528e-24,7.74090996089147e-24,7.739350033018224e-24,7.735548100784265e-24,7.73128989828785e-24,7.731321665217251e-24,7.730909592500692e-24,7.441687626262785e-24,7.449082716436063e-24,7.44901789606578e-24,7.44902132719698e-24,7.45168945261086e-24,7.451711431136428e-24,7.451711431144536e-24,7.11974746198075e-24,7.172569042151907e-24,7.157218138178162e-24,6.949889714781277e-24,6.94040062728819e-24,6.932392464856872e-24,6.961079775525632e-24,6.981270214302327e-24,6.993353708528792e-24,6.990415731169429e-24,6.994249611258348e-24,6.991341035095576e-24,6.954082351975969e-24,6.631341878381286e-24,6.630240544004021e-24,6.630620044909803e-24,6.690030711256756e-24,6.677454474654665e-24,6.677037863219214e-24,6.677846346003095e-24,6.69172785797338e-24,6.691768739769585e-24,6.691768719522746e-24,6.69004133403887e-24,6.693418072722966e-24,6.695833833373197e-24,6.94548152335163e-24,6.94552469116389e-24,6.950715971654108e-24,6.951132854438644e-24,6.920032888106127e-24,6.920032867334845e-24,6.911966211495804e-24,6.91135214678614e-24,6.911295299482089e-24,6.915713468536493e-24,6.93824009796039e-24,6.945430125042607e-24,6.945174047679535e-24,6.94519275795078e-24,6.944723645589654e-24,6.944723645589563e-24,6.915840163435171e-24,6.348664403572188e-24,6.360498903241335e-24,6.3605157511633556e-24,6.352234332103675e-24,6.342887143004889e-24,6.342887143011879e-24,6.343641965222812e-24,6.343179176374871e-24,6.591875435878396e-24,6.5956375678743765e-24,6.567871866630242e-24,6.564998382994325e-24,6.565026060985726e-24,6.570899567132816e-24,6.534705225014423e-24,6.437288773642678e-24,6.561323605893409e-24,5.903205922337288e-24,5.90014442207109e-24,5.967936318853276e-24,5.946944257481755e-24,5.948702157118242e-24,5.9589904046469096e-24,5.946712754062903e-24,7.005467583388216e-24,7.002874704764411e-24,6.978387837897166e-24,7.045298934353725e-24,7.054437252972945e-24,7.081969492269295e-24,7.082252786346869e-24,7.13182414074722e-24,7.13166512489921e-24,7.134040219377633e-24,7.131931950253947e-24,7.131933520382574e-24,7.131935282661688e-24,7.141009413612959e-24,7.145793784250343e-24,7.148633743910499e-24,7.149296196332606e-24,7.16297432438574e-24,7.163573510302969e-24,7.738945367301339e-24,7.736456205006772e-24,7.736456204487688e-24,7.736093052494731e-24,7.736093052853047e-24,7.722450652946676e-24,7.719104515743032e-24,7.719104515786395e-24,7.718766363851898e-24,7.732486443112798e-24,7.69193895626669e-24,7.701786339355345e-24,7.66501940544557e-24,7.655876857338094e-24,7.782941064441281e-24,7.780430533809239e-24,8.060586712224868e-24,8.002217069721696e-24,7.97987315120677e-24,7.978145544723099e-24,8.116685039818208e-24,8.116685039818903e-24,8.088534152514558e-24,8.074661988058734e-24,8.074091755112984e-24,8.074078283133412e-24,8.102398774460669e-24,8.08780003956199e-24,8.048603492607877e-24,8.045760512426661e-24,8.047674944913223e-24,7.885224441521723e-24,7.885224441002359e-24,7.530653276477905e-24,7.540584195645777e-24,7.536934544616116e-24,7.536934544504864e-24,7.51560513494736e-24,7.509662468729584e-24,7.499063907658349e-24,7.50034225155978e-24,7.499958709240312e-24,7.500093701117597e-24,7.50010184115372e-24,7.534249086073209e-24,7.534181859376664e-24,7.247235165005855e-24,7.226443083521103e-24,7.226448510416428e-24,7.224173871945768e-24,7.22410986108082e-24,7.223767046506345e-24,7.223043464998828e-24,7.221281366463012e-24,7.221162352390392e-24,7.203056939019295e-24,7.203056939019015e-24,7.203064215946486e-24,7.203201725505304e-24,7.203213010516552e-24,7.208993446724495e-24,7.209646616278635e-24,7.205700390672067e-24,7.203231434108998e-24,7.210510586271342e-24,7.209456437711331e-24,7.209456437771977e-24,7.207746933817332e-24,7.324985355850498e-24,7.329465186139785e-24,7.330248755214418e-24,7.31852809432775e-24,7.294920925539226e-24,7.291232220528912e-24,7.250605459122626e-24,7.250605459116784e-24,7.192718970350131e-24,7.534219955754425e-24,7.534219954119414e-24,7.513153848305037e-24,7.570162559982055e-24,7.204228084817794e-24,7.206123923114321e-24,7.20600306594007e-24,7.573676251718331e-24,4.924251513102761e-23,4.924251513106242e-23,4.9373423052332667e-23,4.9373423052275455e-23,4.935669682647459e-23,4.935669303289741e-23,4.9356693190842657e-23,4.935669319082357e-23,4.9356693192248384e-23,4.935688401808743e-23,4.935688399772536e-23,4.939269039336474e-23,4.939269038683452e-23,4.939269036095668e-23,4.939269035853285e-23,4.939269035853311e-23,4.9464866634777824e-23,4.970462100517235e-23,4.9704620947577856e-23,4.9704620947571743e-23,4.973485296590497e-23,4.973409603675712e-23,4.973409646045596e-23,4.9733196664446004e-23,4.9720595809122624e-23,4.9724828151365913e-23,4.9724828158001955e-23,4.972482815988953e-23,4.972628706894737e-23,4.972629221958507e-23,4.9726292219590735e-23,4.972633097972837e-23,4.972642086040324e-23,4.955224146364545e-23,4.9552241463502117e-23,4.945696348018279e-23,4.9393637439934356e-23,4.9196611143923163e-23,4.919660978449588e-23,4.9148189710305175e-23,4.914818970855965e-23,4.914821274982871e-23,4.914881741058287e-23,4.915629081575999e-23,4.9156290815621157e-23,4.916390540403867e-23,4.9140155657069595e-23,4.9140226641016594e-23,4.9140238144862507e-23,4.9151134153856383e-23,4.915113375798276e-23,4.915113375798602e-23,4.916656951465762e-23,4.916656929908191e-23,4.916656929852136e-23,4.9166569298525264e-23,4.9165764761433274e-23,4.916576476143066e-23,4.9165406997059394e-23,4.9165425348616145e-23,4.916542526819046e-23,4.9165425331592507e-23,4.916541928079015e-23,4.914951765788953e-23,4.914949091615761e-23,4.9149490918997576e-23,4.914949091900713e-23,4.9149490918979026e-23,4.91494909206485e-23,4.914949092587329e-23,4.9185158557293044e-23,4.9185158557385274e-23,4.914205937945795e-23,4.914205937945794e-23,4.9142058811593845e-23,4.91420588175523e-23,4.9142058824169337e-23,4.914191025271763e-23,4.9141910252715536e-23,4.9142902374730717e-23,4.9142907618329103e-23,4.914290762348573e-23,2.672873970314558e-23,2.6729193193278613e-23,2.6729246760253344e-23,2.672924676363414e-23,2.672924676363198e-23,2.664922823210185e-23,2.6492224313588085e-23,2.649222431358812e-23,2.6496989092931796e-23,2.64959324921619e-23,2.6767683173710127e-23,2.676014002051355e-23,2.6760140170225834e-23,2.6760140170248774e-23,2.676038039114437e-23,2.676832645619172e-23,2.6768201253372253e-23,2.6768346150840724e-23,2.6768346150840307e-23,2.6768346150850063e-23,2.6769755331524005e-23,2.676975530398845e-23,2.665250828473541e-23,2.6652509619948137e-23,2.6652509619897173e-23,2.076920631195763e-23,2.0769206311960853e-23,2.0626427068391775e-23,2.0626427068386012e-23,2.063204020635785e-23,2.0632040281558523e-23,2.0624447253232165e-23,2.0716773346095908e-23,2.0718090084340794e-23,2.0717916984753272e-23,2.071791698482303e-23,2.0605777490894594e-23,2.0496855956650078e-23,2.0499515690929807e-23,2.0499497898015276e-23,2.051086960853504e-23,2.0510869608388812e-23,2.0510349546956316e-23,2.0553934760383922e-23,2.0541877702746944e-23,2.0587390764121056e-23,2.0636717036235006e-23,2.0685955649626654e-23,2.0765847731221562e-23,2.076563373609061e-23,2.0765633736089945e-23,2.0767767959884544e-23,3.387074388936983e-24,3.4490692625197604e-24,3.4536170752375564e-24,3.5014080187191324e-24,3.501446007822642e-24,3.501446007797494e-24,3.501385348406572e-24,3.516751854771522e-24,4.9171126197824724e-24,3.2617085981631027e-24,3.2705498857256427e-24,3.270549885356954e-24,3.2705498853569867e-24,3.2711878191142006e-24,3.2802394258019136e-24,3.2899776092143843e-24,3.2901258229733673e-24,3.2706830092114628e-24,3.270683008716556e-24,3.2706830103720775e-24,3.2641333407055038e-24,3.332044391989054e-24,3.2963434022010307e-24,3.2934058319355462e-24,3.2923020291039385e-24,3.2731681791601633e-24,3.2734257274413798e-24,3.2282765551854223e-24,3.2354582898107333e-24,3.524747446248495e-24,3.5247474546557336e-24,3.520849545118255e-24,3.5208495453041996e-24,3.520852945454282e-24,3.520660128403928e-24,4.055018579458476e-24,3.948905147120113e-24,3.0544994351224833e-24,3.05457458748749e-24,3.054574587449555e-24,3.0558166023674437e-24,3.0558166023711715e-24,3.055849421101804e-24,3.059763473711796e-24,3.0597634737117968e-24,3.0446479981111427e-24,3.0979295155711957e-24,9.885938563712324e-25,9.753722402342903e-25,9.738835243399829e-25,9.738835243063746e-25,8.732877945099214e-25,7.8495459291497555e-25,7.242317651734783e-25,-2.8642114559143086e-25,-8.801053450902344e-25,-6.226250207129492e-26,-1.3225250473817066e-35,5.569551291056453e-25,9.806369717044747e-25,-5.598396804783804e-25,-9.149585191367069e-27,7.972556143962627e-25,7.973626215853408e-25,1.7420203104121483e-24,1.722150062647366e-24,2.1373841220215045e-24,2.2401756791467466e-24,2.221925122832848e-24,3.8131740538336534e-23,3.615785435547535e-23,3.615776550914905e-23,3.625421059979358e-23,3.6245725177921796e-23,3.6254054849591866e-23,3.626660964757431e-23,3.626660964757296e-23,3.626660964927466e-23,3.626897020690658e-23,3.626897020689629e-23,3.626887802588794e-23,3.6275095687573047e-23,3.627509568695634e-23,3.6275095686956335e-23,3.6275095682105123e-23,3.6275480390611387e-23,3.6275480390428474e-23,3.6272310496420717e-23,3.627231047288554e-23,3.6272310472696243e-23,3.627359715049926e-23,3.6163101219002965e-23,3.616340368830487e-23,3.619575507287318e-23,3.6103024458930464e-23,3.610314081246447e-23,3.6103086165872666e-23,3.6102628031860473e-23,3.610256690068899e-23,3.6102925858139516e-23,3.6101331511251715e-23,3.620958702480748e-23,3.6209600417856517e-23,3.621856608264641e-23,3.618270105647804e-23,3.6182439390285654e-23,3.6123279838401735e-23,3.6123279821618356e-23,3.612193584334406e-23,3.6121935843343824e-23,3.6121302387661814e-23,3.612334928106148e-23,3.612847107142035e-23,3.6124395588773997e-23,3.612439558877398e-23,3.6167591828850654e-23,3.616754820934788e-23,3.6167473456993785e-23,3.616747751030555e-23,3.616749598120821e-23,3.61675169607364e-23,3.616756764298828e-23,3.603073154877383e-23,3.6108433552947033e-23,3.6108433553082244e-23,3.6108321982650483e-23,3.610832198265451e-23,3.610832198267038e-23,3.611370574423887e-23,3.6113013268539143e-23,3.611425082370336e-23,3.611431727316036e-23,3.611427281182672e-23,3.6110228912825395e-23,3.6110230375204773e-23,3.6110230375204844e-23,3.611023037520473e-23,3.611022175749846e-23,3.5981692259379146e-23,3.598199116016713e-23,3.598161747286341e-23,3.5978231125315407e-23,3.5977972566754256e-23,3.589877349297259e-23,3.589787536537029e-23,3.5897728202533996e-23,3.589732504435637e-23,3.589723037435102e-23,3.589723037452323e-23,3.5806400149362376e-23,3.580065773021573e-23,3.580839745671724e-23,3.5808397456720944e-23,3.611544593549102e-23,3.611544591253864e-23,3.344043840272979e-23,3.3440453410620897e-23,3.366588380180144e-23,3.368276261413243e-23,3.375470690983603e-23,3.3759457619193123e-23,3.3759429807953136e-23,3.3755784066453917e-23,3.3406811363065033e-23,3.340660031578004e-23,3.398180233155143e-23,3.3957999881008614e-23,3.395799990092988e-23,3.397672359097856e-23,3.3980364813959566e-23,3.398035921743591e-23,3.405518228169741e-23,3.4055421054141703e-23,3.401120298724539e-23,3.40125004696421e-23,3.4012500469642944e-23,3.401250046964304e-23,3.4012500471144773e-23,3.4012500534662787e-23,3.401250053720767e-23,3.401250053720887e-23,3.401250053728384e-23,3.401250053730483e-23,3.4012500561269837e-23,3.4012500664940574e-23,3.4012500664890945e-23,3.401250066489094e-23,3.401250066522686e-23,3.4012500653272165e-23,3.401250065518152e-23,3.4012500655181996e-23,3.401250065519361e-23,3.401250065519389e-23,3.401250065522304e-23,3.401250065522362e-23,3.401250065522376e-23,3.4012500597207744e-23,3.401250059720808e-23,3.4012500560741805e-23,3.4012500560259817e-23,3.4012500559967936e-23,3.4012500563179086e-23,3.4012500563331354e-23,3.401250056369113e-23,3.4012500563274196e-23,3.401250056326704e-23,3.4012500563270787e-23,3.401250056342527e-23,3.401250056342541e-23,3.4012500564689744e-23,3.4012500561505365e-23,3.4012500561424344e-23,3.401250056142435e-23,3.401250056225501e-23,3.401250055376623e-23,3.401250055388569e-23,3.40125005543069e-23,3.4012500830609605e-23,3.401250094623188e-23,3.401250104445722e-23,3.401250099678514e-23,3.401250101043701e-23,3.4012501014275667e-23,3.4012501014803904e-23,3.401250101491888e-23,3.4012501010521837e-23,3.401250095849824e-23,3.401250095662725e-23,3.4012500957307995e-23,3.4012500957225617e-23,3.40125009572398e-23,3.401250095720601e-23,3.401250095462608e-23,3.4012500954805127e-23,3.401250096452201e-23,3.401250095111068e-23,3.4012500946199873e-23,3.401250094619989e-23,3.401250091195621e-23,3.4012500911990954e-23,3.4012500959593303e-23,3.4012500959592216e-23,3.401250096066142e-23,3.4012500960661404e-23,3.4012500960719997e-23,3.401250096071999e-23,3.401250096072e-23,3.4012500990069093e-23,3.4012500994152173e-23,3.401250107849124e-23,3.401250107849101e-23,3.4012501078484424e-23,3.401250105128169e-23,3.401250683555221e-23,3.401250683573687e-23,3.401250683574717e-23,3.401250683574717e-23,3.401250683574742e-23,3.4012506835437056e-23,3.4012506825754927e-23,3.4012506825753387e-23,3.401250683323399e-23,3.401250683323266e-23,3.401250684345347e-23,3.401250684358261e-23,3.4012506843574686e-23,3.401250684812635e-23,3.401250684191422e-23,3.401250684110785e-23,3.401250684107607e-23,3.401250684754934e-23,3.40125068548352e-23,3.40125068515658e-23,3.401250681214655e-23,3.4012506810095026e-23,3.401250681919371e-23,3.4012506898419656e-23,3.4012506785385624e-23,3.401250678554339e-23,3.40125067856889e-23,3.4012506785692046e-23,3.4012506785691816e-23,3.401250678569182e-23,3.401250678537165e-23,3.401250678779239e-23,3.401250678780592e-23,3.4012506785767806e-23,3.40125067727718e-23,3.401250648723267e-23,3.401250648680809e-23,3.401250648680224e-23,3.401250648680452e-23,3.401250648716582e-23,3.401250648698963e-23,3.401250649914989e-23,3.4012506501697424e-23,3.40125064999708e-23,3.401250658034005e-23,3.4012506523221537e-23,3.401250658839316e-23,3.4012506574570086e-23,3.40125065752381e-23,3.4012506580835207e-23,3.401250658284907e-23,3.401250657656725e-23,3.401250657573103e-23,3.401250657038027e-23,3.4012506572057514e-23,3.401250657164784e-23,3.401250660444937e-23,3.401250660281654e-23,3.4012506597352965e-23,3.401250659747265e-23,3.4012506595055385e-23,3.401250659541139e-23,3.401250659541159e-23,3.4012506595403343e-23,3.4012506591529167e-23,3.4012506591034066e-23,3.4012506591001417e-23,3.401250659092952e-23,3.4012506583236736e-23,3.401250660091224e-23,3.40125066017158e-23,3.401250660199771e-23,3.401250660219565e-23,3.401250660292054e-23,3.4012506602874574e-23,3.401250660200932e-23,3.4012506583867024e-23,3.401250652686925e-23,3.401250652685674e-23,3.401250655386759e-23,3.4012506553482135e-23,3.4012506570518334e-23,3.4012506552868645e-23,3.401250655324371e-23,3.4012506550609774e-23,3.401250655028474e-23,3.4012506548718344e-23,3.401250654734769e-23,3.401250654763471e-23,3.401250655099659e-23,3.401250654746983e-23,3.401250653631737e-23,3.401250655401526e-23,3.401250655276608e-23,3.401250655921722e-23,3.401250655799341e-23,3.4012506554145196e-23,3.401250655407897e-23,3.401250655402221e-23,3.4012506554026606e-23,3.401250655402641e-23,3.4012506554599666e-23,3.4012506554681533e-23,3.401250655451379e-23,3.401250655279109e-23,3.401250655152987e-23,3.4012506552965934e-23,3.401250655296677e-23,3.4012506553921147e-23,3.4012506553921576e-23,3.401250655392155e-23,3.4012506564927565e-23,3.4012506568048996e-23,3.401250656716404e-23,3.4012506569942353e-23,3.401250657255172e-23,3.40125065733488e-23,3.401250663335899e-23,3.401250663115173e-23,3.401250658244156e-23,3.401250658293747e-23,3.4012506587246606e-23,3.401250657929779e-23,3.401250657923839e-23,3.4012506580687336e-23,3.4012506585815524e-23,3.401250658276901e-23,3.4012506578405836e-23,3.4012506580309767e-23,3.401250658560107e-23,3.4012506585114776e-23,3.401250658505138e-23,3.401250658704656e-23,3.401250658705103e-23,3.4012506620395135e-23,3.401250660905502e-23,3.401250661990936e-23,3.4012506630482134e-23,3.4012506631177104e-23,3.4012506632971396e-23,3.4012506635343726e-23,3.40125066392923e-23,3.4012506638755475e-23,3.4012506635727796e-23,3.401250665096446e-23,3.4012506660829167e-23,3.401250663408985e-23,3.4012506601129935e-23,3.4012506613597874e-23,3.401250658927508e-23,3.4012506589834133e-23,3.401250655792947e-23,3.401250647805648e-23,3.401250647262931e-23,3.401250647198266e-23,3.4012506458345557e-23,3.401250642917021e-23,3.4012506431703154e-23,3.401250640732559e-23,3.4012506372160786e-23,3.401250637202812e-23,3.401250636136917e-23,3.4012506341548926e-23,3.40125063469349e-23,3.401250634865014e-23,3.4012506372383806e-23,3.4012506395032526e-23,3.4012506316777046e-23,3.4012506351702065e-23,3.401250635206656e-23,3.401250637516946e-23,3.401250633083273e-23,3.401250633083339e-23,3.401250633102776e-23,3.401250633566685e-23,3.4012506335731216e-23,3.401250633493196e-23,3.4012506334123534e-23,3.401250633484579e-23,3.40125063348732e-23,3.4012506334813267e-23,3.4012506333472504e-23,3.4012506333462365e-23,3.4012506333782264e-23,3.4012506320541384e-23,3.4012506245129884e-23,3.4012506244863434e-23,3.401250622612458e-23,3.4012506225620057e-23,3.40125062266264e-23,3.4012506224685557e-23,3.4012506224685374e-23,3.401250622467339e-23,3.4012506224768964e-23,3.4012506224707715e-23,3.401250495364429e-23,3.401250495340804e-23,3.401250495345386e-23,3.4012504953546967e-23,3.4012504957818954e-23,3.40125049566217e-23,3.401250495608741e-23,3.401250493124945e-23,3.401250493138972e-23,3.4012504930756923e-23,3.4012504798447105e-23,3.4012504798453606e-23,3.401250478228066e-23,3.4012504785093337e-23,3.4012504771457367e-23,3.4012504769853023e-23,3.4012504769860264e-23,3.401250478017e-23,3.40125048144338e-23,3.4012504814342904e-23,3.401250481427976e-23,3.401250482093957e-23,3.401250482581069e-23,3.401250482574608e-23,3.4012504827903295e-23,3.4012504827901573e-23,3.4012504824276484e-23,3.401250479318604e-23,3.4012504793189395e-23,3.401250481103463e-23,3.4012504810257256e-23,3.4012504815715417e-23,3.4012504813354525e-23,3.401250482148881e-23,3.401250482143152e-23,3.4012504822527824e-23,3.401250482253236e-23,3.401250482252823e-23,3.40125048260421e-23,3.401250482610461e-23,3.401250482609981e-23,3.401250482631471e-23,3.4012504826317665e-23,3.401250482697855e-23,3.401250482570307e-23,3.401250482959092e-23,3.401250483160813e-23,3.4012504831630265e-23,3.401250483157393e-23,3.401250483394722e-23,3.4012504824808236e-23,3.401250478449774e-23,3.4012504789874954e-23,3.401250475579958e-23,3.401250474780755e-23,3.40125048170886e-23,3.401250481708458e-23,3.40125048409063e-23,3.4012504840915935e-23,3.4012504820253195e-23,3.4012504821627313e-23,3.401250482490955e-23,3.401250482395597e-23,3.4012504823949584e-23,3.4012504823825006e-23,3.401250482419181e-23,3.4012504819368166e-23,3.401250481938117e-23,3.401250481905074e-23,3.401250482625138e-23,3.4012504826200256e-23,3.40125048262191e-23,3.401250482871467e-23,3.401250482778659e-23,3.401250482651013e-23,3.4012504826523106e-23,3.401250482651304e-23,3.401250482628465e-23,3.40125048294795e-23,3.4012504828197104e-23,3.4012504824400334e-23,3.401250482308297e-23,3.4012504828628575e-23,3.4012504836078905e-23,3.401250483465336e-23,3.401250483491952e-23,3.401250487224696e-23,3.401250487230226e-23,3.401250487260518e-23,3.401250487260374e-23,3.401250487203493e-23,3.4012504874544254e-23,3.401250487472268e-23,3.401250487452885e-23,3.4012504877605294e-23,3.401250487758864e-23,3.401250487760347e-23,3.4012504872908225e-23,3.40125048720828e-23,3.4012504853471884e-23,3.4012504852879835e-23,3.401250485287871e-23,3.4012504855327984e-23,3.401250485533545e-23,3.401250485643022e-23,3.401250484934012e-23,3.4012504845063026e-23,3.401250484505022e-23,3.4012504808700196e-23,3.401250480873189e-23,3.40125048087179e-23,3.40125048087122e-23,3.4012504808710846e-23,3.4012504814434663e-23,3.401250481299123e-23,3.401250481297501e-23,3.4012504812932616e-23,3.4012504812973524e-23,3.4012504812945394e-23,3.4012504815600295e-23,3.401250481846526e-23,3.40125048184439e-23,3.4012504818456605e-23,3.401250481844161e-23,3.4012504818556275e-23,3.401250481852277e-23,3.4012504816267206e-23,3.4012504816663006e-23,3.4012504816658886e-23,3.4012504816685635e-23,3.401250481894965e-23,3.4012504819591016e-23,3.4012504819813596e-23,3.401250481980559e-23,3.401250481991249e-23,3.4012504819905043e-23,3.4012504819915605e-23,3.4012504691768724e-23,3.401250469177102e-23,3.4012504691863816e-23,3.4012504688239396e-23,3.4012504688178036e-23,3.4012504688245656e-23,3.401250468820423e-23,3.401250468821617e-23,3.4012504688256106e-23,3.4012504688064794e-23,3.4012504688056125e-23,3.401250468789e-23,3.4012504687904645e-23,3.401250468736802e-23,3.4012504686159436e-23,3.401250468609321e-23,3.401250468609574e-23,3.4012504686085985e-23,3.401250468670598e-23,3.401250469574825e-23,3.4012504695675145e-23,3.4012504694955807e-23,3.401250469439506e-23,3.4012504694161825e-23,3.401250469422208e-23,3.401250469442618e-23,3.4012504694426135e-23,3.4012504694633815e-23,3.4012504694787206e-23,3.4012504696857204e-23,3.4012504697620306e-23,3.4012504697367904e-23,3.4012504697673826e-23,3.401250469757622e-23,3.4012504697576183e-23,3.401250469757621e-23,3.401250469718266e-23,3.401250469730173e-23,3.4012504697306696e-23,3.4012504697307354e-23,3.401250469729529e-23,3.401250469729224e-23,3.401250469722764e-23,3.401250469722798e-23,3.4012504697227955e-23,3.4012504697227967e-23,3.4012504697227955e-23,3.4012504697227955e-23,3.401250469722796e-23,3.401250469721113e-23,3.401250469771089e-23,3.4012504693670545e-23,3.401250469367054e-23,3.401250469049594e-23,3.401250468853091e-23,3.4012504662591626e-23,3.4012504681771756e-23,3.4012504681595743e-23,3.401250468160986e-23,3.401250468157733e-23,3.401250469262949e-23,3.401250469067079e-23,3.40125046907056e-23,3.4012504673569186e-23,3.401250460774854e-23,3.401250460779454e-23,3.4012504605111786e-23,3.401250460509048e-23,3.401250460509103e-23,3.401250460508682e-23,3.401250460466686e-23,3.4012504604234285e-23,3.4012504601614996e-23,3.401250460209457e-23,3.4012504605638425e-23,3.4012504601177665e-23,3.401250460322146e-23,3.4012504604678334e-23,3.4012504604530304e-23,3.401250460378497e-23,3.40125045989059e-23,3.4012504602485914e-23,3.401250460079069e-23,3.401250460080305e-23,3.4012504600804017e-23,3.4012504582678875e-23,3.401250458224928e-23,3.401250458432417e-23,3.401250468212901e-23,3.4012504682615984e-23,3.401250468259191e-23,3.401250468259434e-23,3.401250468166059e-23,3.4012504693969044e-23,3.4012504704779437e-23,3.4012504709458116e-23,3.401250470354867e-23,3.401250469384204e-23,3.4012504699779895e-23,3.401250470087806e-23,3.401250470142656e-23,3.401250470082351e-23,3.401250469516153e-23,3.401250469109378e-23,3.401250468682417e-23,3.4012504688108505e-23,3.4012504689388566e-23,3.401250468930058e-23,3.401250469506195e-23,3.4012504568511235e-23,3.4012504568608325e-23,3.401250443791287e-23,3.4012504433322626e-23,3.4012504433323584e-23,3.401250443330609e-23,3.401250443350043e-23,3.4012504433498386e-23,3.4012504433508295e-23,3.4012504433500455e-23,3.401250443343905e-23,3.4012504433585825e-23,3.401250443465555e-23,3.401250443465506e-23,3.401250443465482e-23,3.4012504434654097e-23,3.401250443461354e-23,3.401250443447972e-23,3.4012504435358935e-23,3.4012504435415147e-23,3.401250443541185e-23,3.4012504435904464e-23,3.4012504435883035e-23,3.4012504436444915e-23,3.401250443968924e-23,3.401250443951076e-23,3.4012504439674245e-23,3.4012504439152596e-23,3.4012504404967463e-23,3.401250440554397e-23,3.4012504405496194e-23,3.401250440514154e-23,3.401250440071592e-23,3.401250439869788e-23,3.40125043986738e-23,3.4012504399543944e-23,3.401250440125263e-23,3.4012504398130447e-23,3.401250439742441e-23,3.401250439770137e-23,3.4012504388112414e-23,3.4012504386364207e-23,3.401250438621677e-23,3.401250438467045e-23,3.4012504390710615e-23,3.4012504397211833e-23,3.4012504396836357e-23,3.4012504396946207e-23,3.4012504396945466e-23,3.401250440390981e-23,3.40125043960419e-23,3.4012504405066663e-23,3.4012504405021395e-23,3.401250440866254e-23,3.4012504379967566e-23,3.4012504416918785e-23,3.401250441690083e-23,3.401250441672173e-23,3.40125044167506e-23,3.401250417783789e-23,3.401250417783221e-23,3.4012504177827624e-23,3.401250417783333e-23,3.401250417777399e-23,3.401250417779171e-23,3.401250417779688e-23,3.4012504178246094e-23,3.401250417916436e-23,3.401250417914787e-23,3.401250417920072e-23,3.401250417925629e-23,3.401250417927995e-23,3.401250416520003e-23,3.40125041655734e-23,3.40125041617143e-23,3.4012504161703274e-23,3.4012504161620084e-23,3.401250412203307e-23,3.401250412197483e-23,3.4012504121961015e-23,3.401250412193433e-23,3.4012504121759424e-23,3.401250412126124e-23,3.401250412088472e-23,3.4012504120645043e-23,3.4012504120647847e-23,3.401250412051734e-23,3.40125041204288e-23,3.401250412043184e-23,3.401250412042675e-23,3.4012504123842094e-23,3.4012504123152167e-23,3.4012504117792524e-23,3.401250411779659e-23,3.401250412232561e-23,3.401250412188271e-23,3.401250412188159e-23,3.4012504121881763e-23,3.401250412188801e-23,3.4012504121587995e-23,3.401250412126312e-23,3.401250412125992e-23,3.4012504121261043e-23,3.401250412125917e-23,3.4012504117592537e-23,3.401250411758094e-23,3.401250411372787e-23,3.401250411352502e-23,3.4012504092607287e-23,3.401250409031832e-23,3.40125040920649e-23,3.401250409217122e-23,3.4012504096493853e-23,3.401250409645747e-23,3.401250409645847e-23,3.4012504098886654e-23,3.40125040988642e-23,3.4012504059941904e-23,3.401250405934533e-23,3.401250405955479e-23,3.4012504059756546e-23,3.4012504059782595e-23,3.401250406807824e-23,3.401250406807822e-23,3.401250406820272e-23,3.401250406828694e-23,3.401250403083133e-23,3.401250401553829e-23,3.401250397591816e-23,3.401250398419741e-23,3.4012503973594256e-23,3.401250397362698e-23,3.401250397357498e-23,3.401250397369043e-23,3.4012503987238125e-23,3.4012503987308966e-23,3.401250390453915e-23,3.4012503904539e-23,3.4012503868839283e-23,3.401250383910555e-23,3.401250387329458e-23,3.401250387325533e-23,3.401250387321155e-23,3.401250386913752e-23,3.401250386906175e-23,3.401250374578776e-23,3.401250374577051e-23,3.40125037730895e-23,3.4012503772167527e-23,3.401250377211391e-23,3.40125037720815e-23,3.4012503775372283e-23,3.40125037752064e-23,3.4012503775153494e-23,3.401250378649985e-23,3.4012503801289706e-23,3.401250380126931e-23,3.4012503803529334e-23,3.4012503803791687e-23,3.4012503803054e-23,3.4012503802932066e-23,3.401250380256833e-23,3.401250380284425e-23,3.4012503802847806e-23,3.401250380284716e-23,3.4012503802909214e-23,3.4012503802966925e-23,3.401250380296716e-23,3.4012503803117905e-23,3.401250380311629e-23,3.401250380320507e-23,3.4012503804560936e-23,3.401250380462427e-23,3.401250380463117e-23,3.401250380462405e-23,3.401250380464327e-23,3.4012503804678586e-23,3.401250380322569e-23,3.401250380244892e-23,3.40125038024464e-23,3.401250380391764e-23,3.401250380369577e-23,3.401250380357737e-23,3.4012503803595497e-23,3.401250380323991e-23,3.4012503803128426e-23,3.401250380281355e-23,3.4012503799498846e-23,3.4012503799630825e-23,3.401250380024968e-23,3.401250380351206e-23,3.401250380351749e-23,3.4012503807947395e-23,3.401250381114327e-23,3.401250381085059e-23,3.401250381085105e-23,3.401250380762031e-23,3.4012503807619755e-23,3.401250380759246e-23,3.4012503816689816e-23,3.4012503816104344e-23,3.401250381634326e-23,3.4012503816340806e-23,3.4012503799668294e-23,3.401250376833583e-23,3.4012503768974896e-23,3.4012503768645317e-23,3.4012503770029385e-23,3.4012503770031084e-23,3.401250377003375e-23,3.401250377003547e-23,3.4012503770052554e-23,3.4012503770050444e-23,3.401250377008308e-23,3.4012503770083093e-23,3.4012503770024977e-23,3.401250377002218e-23,3.4012503770022173e-23,3.401250377004601e-23,3.4012504530446436e-23,3.401250452953485e-23,3.401250452950593e-23,3.401250452946283e-23,3.401250452954301e-23,3.401250460114988e-23,3.401250460115203e-23,3.401250460115204e-23,3.401250460125862e-23,3.40125046009207e-23,3.401250460072285e-23,3.4012504602100046e-23,3.4012504602354717e-23,3.401250460235473e-23,3.4012504600653677e-23,3.4012504600655475e-23,3.4012504600670004e-23,3.4012504600724665e-23,3.401250460072714e-23,3.401250459767042e-23,3.4012504597670425e-23,3.401250459766441e-23,3.4012504603250197e-23,3.4012504603186226e-23,3.4012504603234275e-23,3.401250460324589e-23,3.401250460326327e-23,3.401250460326645e-23,3.401250460150811e-23,3.401250460150875e-23,3.4012504601915635e-23,3.4012504602169095e-23,3.401250460216669e-23,3.401250460216792e-23,3.4012504602171687e-23,3.401250459486787e-23,3.401250459489102e-23,3.401250459489103e-23,3.401250459488986e-23,3.4012504607459554e-23,3.401250460745955e-23,3.401250460745978e-23,3.401250460746437e-23,3.4012504607916333e-23,3.40125046078846e-23,3.4012504607877366e-23,3.401250460794197e-23,3.401250460794124e-23,3.4012504607940637e-23,3.4012504607952245e-23,3.4012504607951704e-23,3.401250460794483e-23,3.401250460794441e-23,3.401250460794445e-23,3.401250460814127e-23,3.4012504608099105e-23,3.401250460822516e-23,3.401250460824799e-23,3.401250460622645e-23,3.4012504605015995e-23,3.401250460501602e-23,3.401250460501904e-23,3.401250458931352e-23,3.4012504544504114e-23,3.4012504544503015e-23,3.401250454450296e-23,3.401250454315126e-23,3.4012504543174695e-23,3.40125045431747e-23,3.4012504543434e-23,3.401250454341764e-23,3.401250454341845e-23,3.4012504543418487e-23,3.401250454342574e-23,3.401250454342542e-23,3.4012504543437253e-23,3.40125045434252e-23,3.4012504543386625e-23,3.401250454347102e-23,3.401250454387994e-23,3.401250454388232e-23,3.401250454387632e-23,3.401250454394816e-23,3.4012504543946865e-23,3.4012504543948435e-23,3.4012504543935974e-23,3.401250454393591e-23,3.4012504544031977e-23,3.4012504540970155e-23,3.4012504541069314e-23,3.4012504541048114e-23,3.401250454104805e-23,3.4012504541048055e-23,3.4012504541048043e-23,3.401250454103786e-23,3.401250454102156e-23,3.4012504540749327e-23,3.401250454074931e-23,3.401250454065145e-23,3.401250454066509e-23,3.401250454078972e-23,3.4012504540793455e-23,3.40125045407958e-23,3.4012504539917506e-23,3.4012504498065775e-23,3.401250449807459e-23,3.401250435883039e-23,3.4012504237617504e-23,3.4012504270952426e-23,3.4012504266385096e-23,3.40125042663852e-23,3.4012504266377866e-23,3.401250426637786e-23,3.401250426636324e-23,3.4012504266353387e-23,3.4012504266352035e-23,3.4012504265458853e-23,3.401250426778299e-23,3.4012504267724136e-23,3.401250425561113e-23,3.401250428086142e-23,3.401250428402706e-23,3.401250428401855e-23,3.401250427932788e-23,3.401250427955379e-23,3.4012504279527745e-23,3.4012504279556474e-23,3.4012504283800997e-23,3.4012504283789394e-23,3.4012504277777763e-23,3.401250427772982e-23,3.401250427767643e-23,3.4012504277792775e-23,3.401250427757529e-23,3.4012504277587774e-23,3.4012504226592637e-23,3.401250422828826e-23,3.401250422823429e-23,3.401250422822207e-23,3.401250422817689e-23,3.4012504228293054e-23,3.401250422827825e-23,3.4012504228278513e-23,3.401250422859211e-23,3.4012504228592006e-23,3.4012504228592e-23,3.4012504228591965e-23,3.401250423547327e-23,3.401250423547764e-23,3.401250424059274e-23,3.401250431775951e-23,3.4012504355212484e-23,3.401250435521142e-23,3.4012504355620475e-23,3.401250435561942e-23,3.401250435637508e-23,3.4012504356128224e-23,3.401250435886721e-23,3.4012504375975664e-23,3.401250456066981e-23,3.401250456055182e-23,3.401250453909442e-23,3.4012504539098386e-23,3.401250455719289e-23,3.4012504556985055e-23,3.4012504558556027e-23,3.401250455855044e-23,3.401250451032222e-23,3.401250451031815e-23,3.40125045086587e-23,3.4012504513033456e-23,3.401250451305075e-23,3.4012504513040233e-23,3.40125045128968e-23,3.401250451192426e-23,3.4012504510854513e-23,3.4012504510849793e-23,3.401250451084935e-23,3.4012504511183563e-23,3.4012504512934585e-23,3.401250449916579e-23,3.4012504499175677e-23,3.401250449933904e-23,3.401250449932324e-23,3.401250449942558e-23,3.401250449940039e-23,3.401250449938389e-23,3.401250449881773e-23,3.4012504498817116e-23,3.4012504498868955e-23,3.4012504498869396e-23,3.4012504498814994e-23,3.401250449935268e-23,3.401250449934956e-23,3.40125044991754e-23,3.4012504499221045e-23,3.401250449945304e-23,3.4012504499465754e-23,3.401250449937153e-23,3.401250449692512e-23,3.4012504496925845e-23,3.401250449759111e-23,3.401250449784216e-23,3.4012504497946627e-23,3.401250449794528e-23,3.401250449794524e-23,3.401250449780205e-23,3.401250449792394e-23,3.401250449785588e-23,3.401250449785739e-23,3.4012504498038486e-23,3.4012504498040267e-23,3.401250449803978e-23,3.4012504498024615e-23,3.401250449804845e-23,3.4012504499156986e-23,3.4012504499100616e-23,3.401250449910235e-23,3.401250449910349e-23,3.4012504499123085e-23,3.4012504499050446e-23,3.40125044992807e-23,3.401250449928601e-23,3.401250449923341e-23,3.401250449916075e-23,3.401250449916399e-23,3.401250449906463e-23,3.401250449906252e-23,3.401250449906489e-23,3.401250450657101e-23,3.4012504512978596e-23,3.401250451287831e-23,3.401250450943411e-23,3.401250450859184e-23,3.401250450093127e-23,3.4012504500936085e-23,3.401250449224174e-23,3.401250449223523e-23,3.4012504493003515e-23,3.401250449249776e-23,3.401250449250184e-23,3.401250449236715e-23,3.4012504492446254e-23,3.401250449244634e-23,3.401250449244903e-23,3.401250449245047e-23,3.40125044926585e-23,3.401250449263503e-23,3.40125044926084e-23,3.401250449260663e-23,3.4012504492606897e-23,3.4012504492607214e-23,3.4012504492592456e-23,3.401250449253655e-23,3.401250449253491e-23,3.4012504492534957e-23,3.4012504492534616e-23,3.401250449656772e-23,3.4012504497152146e-23,3.401250449900187e-23,3.4012504499000945e-23,3.4012504500123266e-23,3.4012504500123695e-23,3.401250450012818e-23,3.401250450120722e-23,3.4012504501045736e-23,3.401250450115817e-23,3.4012504501231904e-23,3.4012504500873214e-23,3.4012504501717266e-23,3.401250450075994e-23,3.4012504500760243e-23,3.4012504500758133e-23,3.4012504505850457e-23,3.401250450589825e-23,3.4012504505912776e-23,3.401250450591013e-23,3.4012504505808727e-23,3.4012504505186655e-23,3.40125045058576e-23,3.401250450541718e-23,3.401250450534799e-23,3.401250450535263e-23,3.401250450535413e-23,3.4012504505367617e-23,3.401250450536937e-23,3.401250451740987e-23,3.4012504517672827e-23,3.401250451632688e-23,3.401250451643478e-23,3.401250451643406e-23,3.40125045172531e-23,3.401250451725802e-23,3.4012504517211387e-23,3.4012504496992255e-23,3.4012504497024534e-23,3.401250450082436e-23,3.401250450378715e-23,3.401250450378494e-23,3.401250450379268e-23,3.401250450379225e-23,3.4012504503792637e-23,3.4012504503816834e-23,3.401250450381539e-23,3.401250450390473e-23,3.4012504504037216e-23,3.4012504503594536e-23,3.401250450314874e-23,3.401250450392221e-23,3.401250450356564e-23,3.401250450406384e-23,3.4012504504423495e-23,3.4012504504425634e-23,3.4012504504604615e-23,3.4012504506050185e-23,3.401250450428978e-23,3.401250450428871e-23,3.401250450433616e-23,3.401250450433431e-23,3.4012504504399897e-23,3.401250450437975e-23,3.401250450437986e-23,3.401250450427177e-23,3.401250450407043e-23,3.401250450408662e-23,3.401250450408631e-23,3.401250450415042e-23,3.401250450415916e-23,3.4012504504159385e-23,3.4012504504159326e-23,3.4012504504158815e-23,3.401250450415874e-23,3.401250450416548e-23,3.401250450418482e-23,3.4012504504193045e-23,3.401250450433788e-23,3.401250450396644e-23,3.4012504503943264e-23,3.4012504503943376e-23,3.401250450398453e-23,3.401250450398298e-23,3.4012504503981133e-23,3.401250450398107e-23,3.4012504503980774e-23,3.4012504504043005e-23,3.401250450404189e-23,3.4012504504041765e-23,3.401250450404171e-23,3.401250450404183e-23,3.401250450408593e-23,3.4012504506404144e-23,3.401250450631533e-23,3.401250450631258e-23,3.40125045063126e-23,3.401250450629374e-23,3.4012504506343765e-23,3.401250449939299e-23,3.401250450687118e-23,3.401250450678747e-23,3.401250450274638e-23,3.4012504502772496e-23,3.40125045064194e-23,3.401250452110422e-23,3.4012504523823866e-23,3.4012504523866465e-23,3.40125045238711e-23,3.401250451676212e-23,3.4012504494582656e-23,3.401250449464779e-23,3.4012504494638086e-23,3.4012504494280907e-23,3.401250449427925e-23,3.401250448765824e-23,3.4012504475817834e-23,3.4012504475779013e-23,3.4012504467372084e-23,3.401250446729256e-23,3.401250446737208e-23,3.4012504467512326e-23,3.401250446750662e-23,3.401250446750797e-23,3.40125044632786e-23,3.401250446950039e-23,3.401250446950067e-23,3.401250446942342e-23,3.4012504471051734e-23,3.401250444260363e-23,3.401250443343907e-23,3.4012504433381154e-23,3.401250443346028e-23,3.401250443345621e-23,3.401250445189592e-23,3.401250445181674e-23,3.401250445100279e-23,3.401250444857225e-23,3.4012504462516034e-23,3.401250446280166e-23,3.4012504462811477e-23,3.401250446280028e-23,3.401250446291171e-23,3.401250446331306e-23,3.4012504463453943e-23,3.401250446338102e-23,3.4012504463345986e-23,3.40125044522728e-23,3.401250445231454e-23,3.40125044523201e-23,3.401250443351479e-23,3.40125044217875e-23,3.4012504421798015e-23,3.401250442126347e-23,3.4012504421333724e-23,3.401250442114947e-23,3.4012504420469906e-23,3.401250442067948e-23,3.4012504448002205e-23,3.4012504448002223e-23,3.401250444782134e-23,3.4012504447830765e-23,3.4012504447830765e-23,3.4012504447907143e-23,3.4012504447907155e-23,3.401250444790715e-23,3.401250444790719e-23,3.4012504447907214e-23,3.4012504447907225e-23,3.401250444790721e-23,3.4012504447907196e-23,3.4012504447907167e-23,3.4012504447907167e-23,3.401250444790717e-23,3.401250444790294e-23,3.401250444789737e-23,3.401250444788498e-23,3.401250444787989e-23,3.401250444788e-23,3.4012504390951115e-23,3.4012504390951115e-23,3.401250439496015e-23,3.401250439496015e-23,3.401250439486153e-23,3.401250439486154e-23,3.40125043984951e-23,3.4012504398424215e-23,3.4012504405372027e-23,3.4012504405360113e-23,3.401250440537517e-23,3.401250440531782e-23,3.4012504405318084e-23,3.4012504405313105e-23,3.401250440789587e-23,3.401250437472459e-23,3.401250438799444e-23,3.4012504387265047e-23,3.401250438670316e-23,3.4012504388009876e-23,3.4012504388011145e-23,3.4012504388012227e-23,3.401250439460956e-23,3.4012504388149095e-23,3.4012504392483825e-23,3.4012504392497537e-23,3.40125043925185e-23,3.401250439251785e-23,3.401250439255686e-23,3.4012504392556423e-23,3.4012504392623485e-23,3.4012504392625184e-23,3.4012504392659514e-23,3.4012504392724237e-23,3.4012504392724313e-23,3.4012504392495444e-23,3.401250439395694e-23,3.401250439860078e-23,3.4012504395807535e-23,3.4012504387038094e-23,3.401250438621365e-23,3.4012504385981184e-23,3.4012504385240875e-23,3.401250438522426e-23,3.401250438597226e-23,3.4012504385966367e-23,3.4012504397273253e-23,3.4012504397209535e-23,3.4012504397231605e-23,3.4012504400505986e-23,3.4012504400993405e-23,3.4012504401027794e-23,3.4012504398394034e-23,3.401250439838988e-23,3.401250439800757e-23,3.401250439801193e-23,3.401250439626759e-23,3.401250434497625e-23,3.401250434497705e-23,3.401250433524974e-23,3.4012504329593995e-23,3.401250432969061e-23,3.401250432995305e-23,3.401250433072452e-23,3.4012504330666986e-23,3.401250433057657e-23,3.401250433059999e-23,3.4012504330593624e-23,3.401250433235768e-23,3.4012504342494987e-23,3.4012504332221595e-23,3.401250433119682e-23,3.4012504327527605e-23,3.4012504327550387e-23,3.40125043275271e-23,3.401250432763296e-23,3.401250432361089e-23,3.4012504324170805e-23,3.401250432416791e-23,3.401250432388786e-23,3.401250432389325e-23,3.4012504319990353e-23,3.401250432074777e-23,3.4012504319509623e-23,3.401250431952347e-23,3.4012504322451886e-23,3.4012504322379005e-23,3.4012504324232183e-23,3.4012504324236415e-23,3.401250432402414e-23,3.401250434096455e-23,3.401250434098533e-23,3.4012504341092034e-23,3.401250433638405e-23,3.401250433455047e-23,3.401250433450895e-23,3.4012504334487143e-23,3.401250432888894e-23,3.401250432909186e-23,3.401250432910115e-23,3.4012504324153613e-23,3.4012504343867424e-23,3.4012504350741e-23,3.401250433389361e-23,3.401250434061544e-23,3.4012504337352434e-23,3.4012504330890824e-23,3.401250433079532e-23,3.4012504330828864e-23,3.4012504325912894e-23,3.401250432592473e-23,3.401250432590863e-23,3.401250430468402e-23,3.401250430499913e-23,3.401250430502254e-23,3.401250429162952e-23,3.401250433358975e-23,3.401250433358225e-23,3.4012504313264445e-23,3.401250431782999e-23,3.401250431781745e-23,3.401250432385588e-23,3.4012504299385906e-23,3.401250430584961e-23,3.401250431936264e-23,3.401250432106523e-23,3.401250437691065e-23,3.4012504366086724e-23,3.4012504363024567e-23,3.401250436825757e-23,3.4012504365610043e-23,3.401250436659136e-23,3.4012504303021687e-23,3.401250430241109e-23,3.4012504309027875e-23,3.401250430902788e-23,3.401250430902788e-23,3.4012504309028874e-23,3.4012504309029515e-23,3.401250430902857e-23,3.401250430902856e-23,3.401250430902856e-23,3.4012504309027094e-23,3.4012504309028916e-23,3.4012504309028933e-23,3.4012504309028957e-23,3.401250430902566e-23,3.401250430902571e-23,3.401250430902629e-23,3.4012504309026277e-23,3.401250430902706e-23,3.401250430902705e-23,3.401250430902707e-23,3.401250430902628e-23,3.401250430902627e-23,3.401250430902593e-23,3.401250430902595e-23,3.401250430902595e-23,3.4012504309025953e-23,3.4012504309025877e-23,3.401250430902594e-23,3.4012504309026265e-23,3.4012504309025654e-23,3.401250430902564e-23,3.4012504309025607e-23,3.4012504309024e-23,3.4012504309024e-23,3.401250430902452e-23,3.401250430902449e-23,3.401250430902442e-23,3.4012504309023026e-23,3.401250430902301e-23,3.4012504309022727e-23,3.4012504309022656e-23,3.401250430902264e-23,3.4012504309022315e-23,3.401250430902194e-23,3.40125043090218e-23,3.40125043090217e-23,3.401250430902172e-23,3.4012504309022415e-23,3.40125043090228e-23,3.4012504309022815e-23,3.4012504309023156e-23,3.401250430902313e-23,3.40125043090232e-23,3.4012504309023197e-23,3.40125043090236e-23,3.401250430902362e-23,3.4012504309022944e-23,3.401250430902508e-23,3.401250430902508e-23,3.401250430910834e-23,3.401250431022968e-23,3.4012504310229013e-23,3.401250431022962e-23,3.401250431022946e-23,3.401250431022831e-23,3.401250431024019e-23,3.4012504310200196e-23,3.401250431019902e-23,3.401250431014076e-23,3.40125043101337e-23,3.4012504310430463e-23,3.4012504310430687e-23,3.401250431039147e-23,3.401250431039148e-23,3.401250431039748e-23,3.4012504310420037e-23,3.4012504310656105e-23,3.4012504310080954e-23,3.401250431008004e-23,3.401250431008045e-23,3.4012504310082776e-23,3.401250430951816e-23,3.401250430936902e-23,3.401250431646789e-23,3.4012504316466956e-23,3.4012504316468243e-23,3.4012504316469595e-23,3.4012504316471264e-23,3.401250431647119e-23,3.401250431643091e-23,3.401250432020676e-23,3.401250432020366e-23,3.401250432020412e-23,3.401250432020441e-23,3.401250432020375e-23,3.40125043337638e-23,3.401250433376378e-23,3.401250433376252e-23,3.4012504333762416e-23,3.401250433376318e-23,3.4012504333770274e-23,3.401250433377028e-23,3.4012504333769904e-23,3.4012504333768746e-23,3.401250433376776e-23,3.401250433376782e-23,3.4012504333767805e-23,3.401250433373777e-23,3.4012504333562405e-23,3.401250433354051e-23,3.4012504333489584e-23,3.4012504333501826e-23,3.4012504333504324e-23,3.4012504333509984e-23,3.4012504333492934e-23,3.4012504333496625e-23,3.4012504333497965e-23,3.4012504333299e-23,3.4012504333287016e-23,3.4012504333318526e-23,3.401250433320663e-23,3.4012504333386704e-23,3.401250433340816e-23,3.40125043355286e-23,3.4012504334806e-23,3.401250433236946e-23,3.401250433241937e-23,3.4012504391014004e-23,3.40125043865709e-23,3.40125043911354e-23,3.4012504390555497e-23,3.401250439053787e-23,3.401250439026405e-23,3.4012504383376065e-23,3.401250438686412e-23,3.4012504385888314e-23,3.4012504386157567e-23,3.4012504386325045e-23,3.401250438677643e-23,3.4012504390197623e-23,3.4012504387583735e-23,3.401250438779326e-23,3.401250438851445e-23,3.4012504389814095e-23,3.4012504391233974e-23,3.4012504391348614e-23,3.4012504386351676e-23,3.4012504380655795e-23,3.4012504379758534e-23,3.401250438066896e-23,3.401250438100218e-23,3.401250438134233e-23,3.4012504381326667e-23,3.401250438058144e-23,3.4012504380972126e-23,3.401250437965275e-23,3.4012504379659816e-23,3.401250437988067e-23,3.4012504379896243e-23,3.4012504379899164e-23,3.401250437903501e-23,3.4012504378971993e-23,3.4012504370295146e-23,3.401250436943199e-23,3.4012504369632696e-23,3.4012504369639273e-23,3.401250436963057e-23,3.4012504368022434e-23,3.4012504368029775e-23,3.4012504368038003e-23,3.401250436946441e-23,3.401250436954448e-23,3.4012504369710285e-23,3.4012504369717073e-23,3.4012504370567285e-23,3.4012504380132565e-23,3.4012504379642254e-23,3.401250437791699e-23,3.4012504378939356e-23,3.401250438189746e-23,3.4012504381811594e-23,3.401250438167945e-23,3.401250438145619e-23,3.401250438177276e-23,3.4012504382590635e-23,3.401250438300089e-23,3.4012504382283954e-23,3.401250438199233e-23,3.4012504381859936e-23,3.4012504380881355e-23,3.401250437141307e-23,3.401250437141359e-23,3.401250437690191e-23,3.401250437882802e-23,3.4012504377288585e-23,3.401250437689124e-23,3.4012504371564245e-23,3.401250437281514e-23,3.4012504383430226e-23,3.401250438341331e-23,3.4012504383445766e-23,3.401250438347101e-23,3.401250439072927e-23,3.401250438725249e-23,3.401250438756867e-23,3.401250438744058e-23,3.4012504387411143e-23,3.401250439006594e-23,3.401250439501837e-23,3.4012504396812947e-23,3.4012504396918906e-23,3.4012504427671795e-23,3.401250444456547e-23,3.4012504479261304e-23,3.4012504472993345e-23,3.4012504504730364e-23,3.401250450461917e-23,3.401250450450732e-23,3.4012504508957506e-23,3.4012504500502246e-23,3.401250441829309e-23,3.401250438359229e-23,3.4012504383045945e-23,3.401250438305458e-23,3.401250438167556e-23,3.4012504381745384e-23,3.401250438542722e-23,3.401250438639509e-23,3.4012504367434105e-23,3.4012504367371986e-23,3.401250442121934e-23,3.401250442121423e-23,3.4012504421214223e-23,3.40125038818563e-23,3.4012503883012936e-23,3.401250388302284e-23,3.4012503882534033e-23,3.401250388256035e-23,3.4012503882560364e-23,3.401250433051082e-23,3.4012504575320833e-23,3.401250457532011e-23,3.4012504575320075e-23,3.4012504575306874e-23,3.4012504574050406e-23,3.4012504574599797e-23,3.401250456685319e-23,3.401250456678788e-23,3.4012504566811277e-23,3.4012504563473437e-23,3.40125045635664e-23,3.401250456357257e-23,3.40125045636746e-23,3.401250456247256e-23,3.4012504562290466e-23,3.4012504562290296e-23,3.401250468955022e-23,3.401250468761526e-23,3.4012504687716736e-23,3.401250468514545e-23,3.401250469013954e-23,3.401250469034094e-23,3.4012504692794155e-23,3.4012504709947774e-23,3.4012504686400676e-23,3.4012504686386794e-23,3.4012504622329516e-23,3.401250462150339e-23,3.40125046199942e-23,3.401250462079353e-23,3.401250462241567e-23,3.4012504622066464e-23,3.4012504622064125e-23,3.4012504624102315e-23,3.401250462413184e-23,3.4012504624131825e-23,3.401250462373197e-23,3.401250462373198e-23,3.401250462373662e-23,3.401250462831105e-23,3.401250495745474e-23,3.40125049525094e-23,3.401250495251021e-23,3.4012504952473147e-23,3.4012504926428577e-23,3.4012504925826106e-23,3.4012504925894714e-23,3.401250492589396e-23,3.401250492589142e-23,3.4012504928266156e-23,3.4012504937813204e-23,3.401250493780595e-23,3.4012504937803506e-23,3.401250493780191e-23,3.4012504937841657e-23,3.401250493783025e-23,3.401250493718939e-23,3.4012504937217746e-23,3.4012504937261074e-23,3.4012504937221213e-23,3.4012504937268445e-23,3.40125049371609e-23,3.4012504937281505e-23,3.401250493718055e-23,3.401250493718238e-23,3.401250493718231e-23,3.4012504937182534e-23,3.401250493718257e-23,3.4012504937182546e-23,3.401250493717817e-23,3.401250493717831e-23,3.401250493717831e-23,3.40125049371783e-23,3.401250493717927e-23,3.401250493807057e-23,3.4012504938070543e-23,3.4012504937366986e-23,3.401250493709792e-23,3.401250493714527e-23,3.401250493714529e-23,3.4012504937827604e-23,3.401250493784198e-23,3.401250493782092e-23,3.401250493778911e-23,3.40125049377891e-23,3.401250493778889e-23,3.4012504937789406e-23,3.4012504937784986e-23,3.401250493724678e-23,3.401250493717185e-23,3.4012504937171913e-23,3.4012504937202646e-23,3.401250493720125e-23,3.401250493716171e-23,3.4012504937344176e-23,3.4012504937344135e-23,3.4012504941676184e-23,3.401250494288082e-23,3.4012504942879244e-23,3.401250496100631e-23,3.4012504961653846e-23,3.401250496175191e-23,3.4012504961750407e-23,3.4012504960418983e-23,3.4012504961689064e-23,3.4012504963384556e-23,3.4012504964687044e-23,3.4012504952459405e-23,3.4012504952606125e-23,3.4012504954198555e-23,3.401250495620566e-23,3.401250495661303e-23,3.401250495661444e-23,3.4012504956613996e-23,3.401250495641809e-23,3.4012504953950056e-23,3.40125049539322e-23,3.4012504952486324e-23,3.4012504952509317e-23,3.401250494190531e-23,3.4012504941942675e-23,3.4012504939876967e-23,3.4012504979434426e-23,3.401250497176892e-23,3.40125049745289e-23,3.401250497338054e-23,3.401250497419947e-23,3.401250497418197e-23,3.40125049741787e-23,3.4012504974177516e-23,3.401250497417635e-23,3.401250497417701e-23,3.4012504974176963e-23,3.401250497417739e-23,3.4012504974176916e-23,3.401250497417412e-23,3.401250497417569e-23,3.4012504974178773e-23,3.4012504974177475e-23,3.4012504974178e-23,3.4012504974180313e-23,3.401250497418176e-23,3.401250497418224e-23,3.401250497418256e-23,3.4012504974181924e-23,3.401250497418566e-23,3.4012504974182323e-23,3.4012504974182347e-23,3.401250497418237e-23,3.4012504974179144e-23,3.4012504974179643e-23,3.401250497417757e-23,3.401250497417599e-23,3.4012504974184245e-23,3.4012504974181677e-23,3.4012504974174036e-23,3.401250497417457e-23,3.40125049741721e-23,3.4012504974178386e-23,3.401250497417839e-23,3.401250497417394e-23,3.40125049741738e-23,3.4012504974178145e-23,3.401250497417816e-23,3.4012504974177504e-23,3.401250497417601e-23,3.4012504974173983e-23,3.4012504974173995e-23,3.401250497417275e-23,3.4012504974174236e-23,3.401250497416862e-23,3.401250497416833e-23,3.401250497416996e-23,3.401250497417115e-23,3.40125049741689e-23,3.401250497417185e-23,3.4012504974171956e-23,3.401250497417196e-23,3.4012504974172955e-23,3.401250497417197e-23,3.401250497417213e-23,3.401250497417129e-23,3.401250497417318e-23,3.401250497417141e-23,3.4012504974172943e-23,3.4012504974172496e-23,3.401250497417249e-23,3.4012504974172144e-23,3.401250497417349e-23,3.4012504974174806e-23,3.401250497417488e-23,3.401250497417609e-23,3.4012504974178374e-23,3.401250497417839e-23,3.4012504974179485e-23,3.401250497417663e-23,3.401250497417041e-23,3.401250497418532e-23,3.4012504974171403e-23,3.4012504974144696e-23,3.401250497416855e-23,3.401250497419419e-23,3.401250497421006e-23,3.4012504974210094e-23,3.401250497425459e-23,3.401250497423878e-23,3.4012504974247746e-23,3.4012504974284486e-23,3.40125049742712e-23,3.4012504974256127e-23,3.401250497425612e-23,3.401250497430578e-23,3.4012504974295294e-23,3.4012504974320285e-23,3.4012504973924526e-23,3.4012504973919624e-23,3.401250497392311e-23,3.401250497393543e-23,3.4012504973495347e-23,3.401250497349593e-23,3.4012504973508906e-23,3.4012504973515366e-23,3.401250497351543e-23,3.4012504973515354e-23,3.4012504973513614e-23,3.401250497348762e-23,3.4012504973550495e-23,3.401250497355042e-23,3.4012504973548585e-23,3.401250497354782e-23,3.401250497355625e-23,3.401250497358684e-23,3.4012504973586994e-23,3.4012504973585895e-23,3.4012504973563843e-23,3.4012504973591114e-23,3.40125049735907e-23,3.4012504973368205e-23,3.4012504973752933e-23,3.401250497375265e-23,3.401250497375966e-23,3.401250496709655e-23,3.401250496704181e-23,3.401250496704463e-23,3.401250496746451e-23,3.401250496734516e-23,3.401250496726294e-23,3.401250496754699e-23,3.401250496763979e-23,3.4012504988966387e-23,3.4012504990202536e-23,3.401250498977565e-23,3.4012504989174185e-23,3.4012504984838656e-23,3.401250498504311e-23,3.4012504978550125e-23,3.401250498139982e-23,3.401250498154376e-23,3.401250497817093e-23,3.401250497817341e-23,3.401250497817295e-23,3.401250497817055e-23,3.401250497817113e-23,3.4012504978171164e-23,3.4012504978171193e-23,3.4012504978172657e-23,3.4012504978168413e-23,3.4012504978168325e-23,3.401250497821778e-23,3.4012504978213376e-23,3.401250497821294e-23,3.4012504978212935e-23,3.4012504978223555e-23,3.401250497822462e-23,3.401250497822584e-23,3.4012504978225524e-23,3.401250497823281e-23,3.4012504978228786e-23,3.4012504978259584e-23,3.401250497828821e-23,3.401250497832143e-23,3.401250497826423e-23,3.4012504977900906e-23,3.401250497748767e-23,3.401250497760538e-23,3.401250497760735e-23,3.401250497760723e-23,3.4012504977607214e-23,3.401250497760724e-23,3.4012504977658325e-23,3.401250497765781e-23,3.401250497764521e-23,3.4012504977608084e-23,3.401250497769478e-23,3.4012504977672495e-23,3.401250497773243e-23,3.4012504977805967e-23,3.401250497778356e-23,3.40125049776511e-23,3.401250497763388e-23,3.401250497764907e-23,3.401250497760956e-23,3.401250497760742e-23,3.401250497760669e-23,3.4012504977605557e-23,3.401250497760052e-23,3.40125049776071e-23,3.401250497541305e-23,3.4012504976308005e-23,3.4012504976305854e-23,3.4012504975530333e-23,3.401250497553002e-23,3.4012504974143926e-23,3.4012504973870265e-23,3.401250497439177e-23,3.4012504974086103e-23,3.4012504973963875e-23,3.401250497257877e-23,3.401250497425108e-23,3.401250497388605e-23,3.4012504973784395e-23,3.4012504973112494e-23,3.401250497391907e-23,3.4012504972061226e-23,3.4012504972104884e-23,3.401250497211395e-23,3.401250497195408e-23,3.401250497433688e-23,3.401250497429753e-23,3.4012504974235685e-23,3.401250497424562e-23,3.40125049742416e-23,3.401250497416497e-23,3.4012504974150573e-23,3.401250497413944e-23,3.4012504972165986e-23,3.4012504972169795e-23,3.401250496960534e-23,3.401250437523888e-23,3.4012504371072283e-23,3.401250437472235e-23,3.4012504374726337e-23,3.4012504372464245e-23,3.401250437069725e-23,3.401250437065937e-23,3.4012504370608133e-23,3.4012504373687835e-23,3.401250437221304e-23,3.401250436921127e-23,3.401250436469835e-23,3.4012504363271144e-23,3.40125043674204e-23,3.401250436586693e-23,3.40125043703033e-23,3.401250437028446e-23,3.401250436714837e-23,3.401250435849877e-23,3.4012504358407213e-23,3.4012504349433395e-23,3.401250435011757e-23,3.401250435308255e-23,3.401250435303066e-23,3.401250435301969e-23,3.4012504350429515e-23,3.401250433897934e-23,3.4012504345692567e-23,3.401250436571269e-23,3.401250437270327e-23,3.401250437270327e-23,3.401250437482712e-23,3.401250437549534e-23,3.4012504399294545e-23,3.40125059120958e-23,3.401250591552397e-23,3.401250591550156e-23,3.4012505915109803e-23,3.4012505917888455e-23,3.401250591788847e-23,3.4012505917877875e-23,3.401250591788666e-23,3.4012505917781814e-23,3.4012506092952266e-23,3.401250609296778e-23,3.4012506092296487e-23,3.4012506093296215e-23,3.401250609113811e-23,3.401250609112123e-23,3.401250609330705e-23,3.401250609123313e-23,3.401250609120471e-23,3.40125060918195e-23,3.401250609181953e-23,3.4012506091793105e-23,3.401250609202701e-23,3.4012506093186495e-23,3.4012506093186536e-23,3.4012506268938346e-23,3.401250625542437e-23,3.401250625542468e-23,3.401250625565173e-23,3.4012506259072745e-23,3.401250625907275e-23,3.4012506259941083e-23,3.4012506259984976e-23,3.401250625998079e-23,3.4012506261801797e-23,3.401250624719497e-23,3.4012506217480793e-23,3.401250622076392e-23,3.401250622207064e-23,3.40125062207681e-23,3.4012506220771707e-23,3.4012506220771683e-23,3.401250622104903e-23,3.40125062206006e-23,3.4012506220448035e-23,3.40125062224245e-23,3.401250622435317e-23,3.401250622433754e-23,3.401250622433526e-23,3.401250622595916e-23,3.4012506233129514e-23,3.4012506232181325e-23,3.401250623144585e-23,3.4012506232047266e-23,3.4012506232667275e-23,3.401250623266679e-23,3.4012506233446187e-23,3.401250623344332e-23,3.40125062334781e-23,3.401250623354405e-23,3.401250623355113e-23,3.4012506233344166e-23,3.4012506233343995e-23,3.4012506233204505e-23,3.4012506231752664e-23,3.401250623380349e-23,3.401250623481861e-23,3.401250623481871e-23,3.401250623482122e-23,3.401250623464375e-23,3.401250623393838e-23,3.4012506234537757e-23,3.401250623465768e-23,3.4012506234672057e-23,3.401250623711301e-23,3.401250623669585e-23,3.4012506236892907e-23,3.4012506237105524e-23,3.4012506239409916e-23,3.4012506241259104e-23,3.401250624124206e-23,3.401250623528505e-23,3.4012506235517314e-23,3.4012506221606085e-23,3.4012506216568304e-23,3.40125062239244e-23,3.401250621007954e-23,3.4012506211552446e-23,3.401250621110076e-23,3.401250621079906e-23,3.4012506209600743e-23,3.401250620973595e-23,3.4012506209668405e-23,3.4012506209359355e-23,3.4012506209359855e-23,3.401250620338818e-23,3.4012506196817965e-23,3.401250619686692e-23,3.4012506196982675e-23,3.401250619035863e-23,3.4012506188302384e-23,3.401250618667251e-23,3.401250618556329e-23,3.4012506186137447e-23,3.4012506186711235e-23,3.4012506183913206e-23,3.4012506184108156e-23,3.401250618410963e-23,3.401250618399455e-23,3.4012506189224706e-23,3.4012506189217977e-23,3.401250618915357e-23,3.401250618962593e-23,3.401250618964333e-23,3.401250619016434e-23,3.401250618985832e-23,3.40125061899379e-23,3.401250619000686e-23,3.401250619011938e-23,3.40125061900966e-23,3.401250619003008e-23,3.401250618979854e-23,3.4012506189886404e-23,3.401250619044938e-23,3.401250619094467e-23,3.401250619095604e-23,3.401250619065844e-23,3.401250619141904e-23,3.4012506183141506e-23,3.4012506184519085e-23,3.401250618475818e-23,3.4012506184721817e-23,3.4012506183646104e-23,3.401250615457617e-23,3.4012506156397663e-23,3.4012506156412075e-23,3.401250615558393e-23,3.4012506155588294e-23,3.4012506158049815e-23,3.40125061583487e-23,3.401250615832606e-23,3.4012506158406166e-23,3.401250615837598e-23,3.4012506161092476e-23,3.4012506161088497e-23,3.4012506161088685e-23,3.4012506162127804e-23,3.40125061629334e-23,3.4012506163071585e-23,3.4012506163201806e-23,3.4012506163274205e-23,3.4012506163274787e-23,3.401250616330992e-23,3.4012506166957764e-23,3.4012506166596064e-23,3.40125061666069e-23,3.401250616643919e-23,3.4012506166404846e-23,3.4012506166415726e-23,3.401250616641117e-23,3.4012506166185335e-23,3.401250616635827e-23,3.4012506166366713e-23,3.401250616632539e-23,3.401250616617542e-23,3.401250616617543e-23,3.401250616619621e-23,3.401250616633969e-23,3.401250616659616e-23,3.4012506166357715e-23,3.40125061655844e-23,3.401250616636903e-23,3.401250616640148e-23,3.4012506166874686e-23,3.401250616656003e-23,3.4012506166382336e-23,3.401250616639361e-23,3.401250616386838e-23,3.4012506163826035e-23,3.401250616504741e-23,3.4012506164503067e-23,3.4012506164444075e-23,3.4012506164339174e-23,3.4012506162884006e-23,3.401250616217932e-23,3.401250616217898e-23,3.4012506162226834e-23,3.401250616281847e-23,3.4012506162809673e-23,3.401250616741126e-23,3.4012506167065686e-23,3.4012506172415067e-23,3.401250617243875e-23,3.401250618838608e-23,3.4012506186762063e-23,3.401250616977612e-23,3.401250616730718e-23,3.401250601129591e-23,3.4012506011223905e-23,3.4012506010707046e-23,3.401250599283746e-23,3.401250599304074e-23,3.4012505990768317e-23,3.40125059924643e-23,3.4012505994786245e-23,3.4012505994742663e-23,3.401250650765368e-23,3.401250650692862e-23,3.401250650785331e-23,3.401250650784101e-23,3.4012506507575866e-23,3.401250650655171e-23,3.401250650650339e-23,3.401250658099252e-23,3.401250656632303e-23,3.401250656587304e-23,3.4012506567593145e-23,3.4012506569500855e-23,3.401250656871861e-23,3.4012506559219564e-23,3.4012506557122765e-23,3.4012506557275097e-23,3.401250651949594e-23,3.4012506519989856e-23,3.4012506519981816e-23,3.4012506522126417e-23,3.4012506522041946e-23,3.401250652273671e-23,3.4012506522736675e-23,3.4012506523270767e-23,3.4012506516848947e-23,3.4012506515756995e-23,3.401250651579245e-23,3.401250651275675e-23,3.401250651275516e-23,3.4012506510839743e-23,3.4012506512034957e-23,3.40125065165127e-23,3.4012506515185376e-23,3.401250644185885e-23,3.401250644187827e-23,3.40125064418781e-23,3.4012506443208434e-23,3.4012506442436516e-23,3.401250645083015e-23,3.401250645076565e-23,3.401250645075645e-23,3.401250645110173e-23,3.401250645147737e-23,3.401250645128135e-23,3.401250644975445e-23,3.4012506440120034e-23,3.4012506307342434e-23,3.401250630845658e-23,3.401250631877558e-23,3.40125063056114e-23,3.401250630562864e-23,3.4012506306219044e-23,3.401250631042458e-23,3.401250634299769e-23,3.401250633643649e-23,3.401250634773484e-23,3.401250634709775e-23,3.4012506347106887e-23,3.4012506347158597e-23,3.4012506346927495e-23,3.401250636068211e-23,3.4012506354713546e-23,3.401250635473777e-23,3.401250635044916e-23,3.401250635104745e-23,3.401250634974803e-23,3.401250635105512e-23,3.4012506342085204e-23,3.401250634103779e-23,3.4012506323357675e-23,3.4012506320854383e-23,3.4012506319331336e-23,3.4012506319319617e-23,3.4012506319479937e-23,3.401250631964255e-23,3.4012506319988667e-23,3.401250631979857e-23,3.401250632533678e-23,3.401250632551147e-23,3.401250632546309e-23,3.401250632569275e-23,3.401250632591121e-23,3.4012506326620395e-23,3.4012506326660456e-23,3.401250632678324e-23,3.4012506323827785e-23,3.4012506323825604e-23,3.4012506326761325e-23,3.4012506325859e-23,3.401250632602395e-23,3.401250632620824e-23,3.4012506325931984e-23,3.4012506327441795e-23,3.401250633363062e-23,3.401250633284443e-23,3.4012506334909346e-23,3.4012506335136734e-23,3.40125063351273e-23,3.401250634554942e-23,3.4012506346353836e-23,3.401250635170579e-23,3.4012506353205716e-23,3.401250635679609e-23,3.401250635454487e-23,3.4012506354576137e-23,3.4012506354576166e-23,3.401250635458393e-23,3.4012506348455326e-23,3.4012506348386e-23,3.401250634929384e-23,3.4012506348995025e-23,3.401250635074689e-23,3.4012506350742885e-23,3.4012506350530114e-23,3.401250635665095e-23,3.401250635631769e-23,3.4012506552067786e-23,3.4012506552119285e-23,3.4012506554441885e-23,3.401250655523668e-23,3.4012506555249597e-23,3.4012506546701296e-23,3.4012506546700585e-23,3.401250653706085e-23,3.401250653739127e-23,3.4012506537288513e-23,3.401250653708342e-23,3.401250652578634e-23,3.401250652633596e-23,3.401250652633293e-23,3.4012506526376834e-23,3.401250652848282e-23,3.401250652777349e-23,3.401250652777464e-23,3.401250652777157e-23,3.4012506527154476e-23,3.4012506450847984e-23,3.401250645419219e-23,3.4012506454507586e-23,3.401250645481946e-23,3.401250645485322e-23,3.4012506455845733e-23,3.401250644915939e-23,3.401250645171693e-23,3.401250646402969e-23,3.4012506498745617e-23,3.401250649815857e-23,3.40125064890685e-23,3.401250648629939e-23,3.4012506486208164e-23,3.401250648600668e-23,3.4012506486006696e-23,3.401250641932514e-23,3.401250641932835e-23,3.401250642178024e-23,3.401250642194955e-23,3.401250642233568e-23,3.4012506422327293e-23,3.401250642764366e-23,3.4012506427638976e-23,3.4012506431826545e-23,3.4012506431748787e-23,3.40125064315204e-23,3.4012506432889163e-23,3.401250643288788e-23,3.401250643287879e-23,3.401250642867337e-23,3.4012506428113905e-23,3.401250643115926e-23,3.401250643115906e-23,3.401250643122429e-23,3.4012506076780684e-23,3.4012506074642454e-23,3.401250607463221e-23,3.4012506075326034e-23,3.401250607523411e-23,3.401250607534228e-23,3.401250607501098e-23,3.4012506075572934e-23,3.4012506076912263e-23,3.401250607690103e-23,3.401250607689951e-23,3.4012506076899403e-23,3.401250607689966e-23,3.401250607744967e-23,3.4012506077496954e-23,3.4012506075115514e-23,3.4012506074896667e-23,3.401250604633007e-23,3.401250604633049e-23,3.401250604632964e-23,3.4012509817243617e-23,3.401250981725011e-23,3.4012509817374285e-23,3.4012509817391723e-23,3.401250981739172e-23,3.401250981739889e-23,3.4012509817067475e-23,3.4012509817673354e-23,3.401250981372374e-23,3.4012509814061894e-23,3.401250981405852e-23,3.4012509816047287e-23,3.4012509816048556e-23,3.4012509804888683e-23,3.401250970447291e-23,3.401250970366878e-23,3.401250970355022e-23,3.401250970356154e-23,3.4012509702218015e-23,3.401250969999001e-23,3.401250970330809e-23,3.401250970319989e-23,3.401250970301277e-23,3.4012509703030205e-23,3.401250970296945e-23,3.4012509701028456e-23,3.4012509700018765e-23,3.40125097281511e-23,3.401250972366831e-23,3.4012509724217774e-23,3.4012509739971e-23,3.40125097399703e-23,3.401250973999064e-23,3.4012509739989235e-23,3.4012509739993954e-23,3.4012509739985984e-23,3.401250973998513e-23,3.4012509739979125e-23,3.4012509739589666e-23,3.401250687540651e-23,3.401250690688343e-23,3.4012506907441863e-23,3.401250690757274e-23,3.4012506907572513e-23,3.4012506919169876e-23,3.401250691914382e-23,3.4012506918910715e-23,3.4012506918810104e-23,3.401250691882513e-23,3.4012506933767335e-23,3.401250686918898e-23,3.4012506869219477e-23,3.401250687005108e-23,3.4012506870445277e-23,3.401250687101614e-23,3.4012506870762325e-23,3.401250686998826e-23,3.401250686602301e-23,3.4012506864522807e-23,3.401250686450578e-23,3.401250685967401e-23,3.4012506861733406e-23,3.401250687091789e-23,3.40125068701307e-23,3.4012506863294903e-23,3.401250686333303e-23,3.4012506864988485e-23,3.401250686668728e-23,3.4012506866689925e-23,3.401250686694608e-23,3.401250687613045e-23,3.4012506877536076e-23,3.401250687986792e-23,3.401250688122342e-23,3.401250688263421e-23,3.4012506882635235e-23,3.401250687998433e-23,3.401250688154936e-23,3.401250688228774e-23,3.4012506879837235e-23,3.401250687515626e-23,3.401250687376137e-23,3.40125068742725e-23,3.4012506872842033e-23,3.401250687291417e-23,3.4012506873672155e-23,3.401250687312278e-23,3.4012506874738347e-23,3.4012506879495937e-23,3.40125068794713e-23,3.401250687947035e-23,3.401250687975808e-23,3.4012506879789334e-23,3.401250688009624e-23,3.40125068844234e-23,3.40125068920408e-23,3.4012506892241933e-23,3.4012506892031397e-23,3.401250689203198e-23,3.4012506892131384e-23,3.401250689466076e-23,3.401250689463392e-23,3.401250689424691e-23,3.40125068937674e-23,3.401250689516541e-23,3.4012506895504536e-23,3.4012506895500586e-23,3.4012506895495866e-23,3.401250689714417e-23,3.40125068967833e-23,3.401250689678442e-23,3.401250691753326e-23,3.4012506876067096e-23,3.4012506874220365e-23,3.401250687392949e-23,3.401250718551415e-23,3.401250717451058e-23,3.401250717278741e-23,3.4012507170171216e-23,3.4012507161874865e-23,3.401250716149293e-23,3.4012507154571166e-23,3.4012507151912814e-23,3.401250715048706e-23,3.4012507150474544e-23,3.4012507132026395e-23,3.401250713294431e-23,3.401250713294434e-23,3.4012507133165925e-23,3.401250713277854e-23,3.401250712880393e-23,3.40125071295108e-23,3.40125071295108e-23,3.401250712987747e-23,3.401250713390686e-23,3.401250713390656e-23,3.4012507119481113e-23,3.4012507116433386e-23,3.401250711646887e-23,3.401250711632981e-23,3.4012507108622067e-23,3.401250711211215e-23,3.401250711199858e-23,3.4012507111657235e-23,3.4012507111549906e-23,3.401250711422857e-23,3.4012507113453267e-23,3.401250711149674e-23,3.401250711148472e-23,3.401250711350364e-23,3.4012507115459124e-23,3.4012507115677126e-23,3.4012507115540686e-23,3.4012507116987243e-23,3.401250711699383e-23,3.401250711699178e-23,3.401250711687008e-23,3.4012507120112936e-23,3.4012507118706474e-23,3.40125071176981e-23,3.4012507117694544e-23,3.401250711720677e-23,3.4012507131617916e-23,3.40125071253353e-23,3.401250712623004e-23,3.4012507146353314e-23,3.4012507151965735e-23,3.401250715202981e-23,3.4012507153141894e-23,3.4012507171149685e-23,3.401250717228519e-23,3.4012507180211207e-23,3.4012507185693865e-23,3.401250718579725e-23,3.4012507185792736e-23,3.401250717450744e-23,3.401250717745912e-23,3.401250719560315e-23,3.40125071955987e-23,3.401250719564225e-23,3.401250719506357e-23,3.401250719540105e-23,3.4012507208082213e-23,3.4012507213345483e-23,3.401250721322862e-23,3.40125072133707e-23,3.401250721283252e-23,3.401250721368277e-23,3.40125072121188e-23,3.4012507212835166e-23,3.4012507209490726e-23,3.401250720249785e-23,3.401250720503819e-23,3.4012507203458253e-23,3.4012507202883866e-23,3.4012507159752016e-23,3.40125071400642e-23,3.40125071410938e-23,3.401250715206513e-23,3.401250716092903e-23,3.401250716093125e-23,3.4012507098418394e-23,3.4012507101247544e-23,3.401250710296782e-23,3.401250712740714e-23,3.4012507128138224e-23,3.4012507121874684e-23,3.4012507121852473e-23,3.4012507121835364e-23,3.40125071219064e-23,3.4012507121652063e-23,3.4012507121654626e-23,3.4012507121523676e-23,3.4012507120600825e-23,3.401250699646964e-23,3.401250701045029e-23,3.4012506881825866e-23,3.4012506898778334e-23,3.401250692465112e-23,3.401250697651402e-23,3.4012506991188154e-23,3.4012507003297485e-23,3.4012507003622803e-23,3.4012507141147e-23,3.401250714282511e-23,3.401250714371606e-23,3.4012507150040364e-23,3.4012507149999174e-23,3.401250714998701e-23,3.401250713131071e-23,3.401250713131064e-23,3.401250713136473e-23,3.4012507129638566e-23,3.4012507129710577e-23,3.401250712976776e-23,3.4012507129767265e-23,3.401250710415107e-23,3.4012507108168297e-23,3.4012507108475054e-23,3.401250710841159e-23,3.4012507108412476e-23,3.401250710841154e-23,3.401250710954223e-23,3.4012507107728374e-23,3.401250712518317e-23,3.4012507124679055e-23,3.401250709272317e-23,3.401250710374048e-23,3.401250710240008e-23,3.401250709862224e-23,3.4012507091602555e-23,3.4012507091172523e-23,3.401250702350785e-23,3.4012507024505167e-23,3.401250702450023e-23,3.401250700941716e-23,3.4012507005431295e-23,3.4012507003126815e-23,3.401250700486653e-23,3.401250700641446e-23,3.401250701531394e-23,3.4012507012305657e-23,3.4012507013532473e-23,3.40125070096575e-23,3.4012507012173714e-23,3.401250701402922e-23,3.401250700179146e-23,3.4012507001791465e-23,3.401250700259129e-23,3.401250700495588e-23,3.4012507004959446e-23,3.4012506952154976e-23,3.4012506952250926e-23,3.401250695225315e-23,3.401250695380149e-23,3.401250695382137e-23,3.4012506953822e-23,3.4012506956131386e-23,3.40125069525793e-23,3.401250696510148e-23,3.401250696709262e-23,3.4012506962600983e-23,3.4012506962496176e-23,3.401250696479619e-23,3.401250695941269e-23,3.401250695942057e-23,3.4012506955862303e-23,3.401250695587348e-23,3.401250695598335e-23,3.401250695542974e-23,3.401250695484741e-23,3.401250692751239e-23,3.4012506926134316e-23,3.4012506922322605e-23,3.4012506925464184e-23,3.401250692494513e-23,3.4012506924944803e-23,3.4012506924944786e-23,3.4012506925119594e-23,3.401250692508719e-23,3.4012506925124013e-23,3.401250691910943e-23,3.4012506918057623e-23,3.4012506911620164e-23,3.40125069101426e-23,3.401250690987885e-23,3.4012506907051076e-23,3.401250690826322e-23,3.4012506906490794e-23,3.4012506906490806e-23,3.401250690373864e-23,3.401250690371187e-23,3.4012506911129207e-23,3.401250691187378e-23,3.401250691280233e-23,3.401250691272333e-23,3.401250688109315e-23,3.401250679233539e-23,3.401250993076778e-23,3.401250993076734e-23,3.40125099248608e-23,3.401250992487689e-23,3.4012509925574913e-23,3.401250989514466e-23,3.401250989514474e-23,3.4012509612312563e-23,3.401250982319624e-23,3.40125098231538e-23,3.4012509842194566e-23,3.401250984235258e-23,3.401250984385667e-23,3.40125099174412e-23,3.401250991689339e-23,3.4012509911363134e-23,3.401250988457273e-23,3.4012509884579e-23,3.401250988457942e-23,3.401250988445843e-23,3.401250984432787e-23,3.4012509845264064e-23,3.4012509827385265e-23,3.4012509827262625e-23,3.401250982749053e-23,3.40125098269965e-23,3.401250982698998e-23,3.4012509828405535e-23,3.4012509826824683e-23,3.401250982682465e-23,3.4012509826869846e-23,3.4012509827082816e-23,3.401250982490024e-23,3.4012509824900934e-23,3.4012509824900663e-23,3.401250982510528e-23,3.40125098242915e-23,3.401250982404351e-23,3.4012509813983224e-23,3.401250981394403e-23,3.401250981386241e-23,3.4012509813857946e-23,3.4012509814156234e-23,3.4012509810707715e-23,3.401250980803159e-23,3.4012509808037274e-23,3.401250980803397e-23,3.401250980802995e-23,3.4012509803804783e-23,3.4012509805028567e-23,3.4012509805028585e-23,3.401250980490911e-23,3.40125098049091e-23,3.401250980489323e-23,3.401250980493604e-23,3.401250980488349e-23,3.40125098048569e-23,3.4012509804906257e-23,3.4012509804844185e-23,3.401250980482405e-23,3.401250980481762e-23,3.401250980486778e-23,3.401250980488472e-23,3.401250980490518e-23,3.401250980494835e-23,3.4012509804943655e-23,3.4012509804881425e-23,3.401250939139604e-23,3.4012509391427565e-23,3.401250939067482e-23,3.4012509390642534e-23,3.4012509390652056e-23,3.4012509390652056e-23,3.401250939069185e-23,3.4012509391573585e-23,3.401250939156372e-23,3.401250939148176e-23,3.4012509588603724e-23,3.401250958862164e-23,3.4012509580324646e-23,3.401250957985181e-23,3.4012509468771796e-23,3.4012509335466164e-23,3.401250932542342e-23,3.40125093252605e-23,3.40125093291602e-23,3.4012509326187464e-23,3.401250932644186e-23,3.4012509326395755e-23,3.401250932838366e-23,3.401250931056481e-23,3.4012509411760655e-23,3.4012509404916674e-23,3.4012509404895474e-23,3.401250940953768e-23,3.4012509452088434e-23,3.4012509440617284e-23,3.401250944059749e-23,3.4012509440247056e-23,3.401250944025752e-23,3.401250944734965e-23,3.4012509446209874e-23,3.4012509446848844e-23,3.4012509446834297e-23,3.4012509446823706e-23,3.4012509446826756e-23,3.4012509448950504e-23,3.401250944894556e-23,3.4012509454326604e-23,3.4012509454339505e-23,3.401250945828624e-23,3.4012509460170733e-23,3.4012509458667346e-23,3.401250945453217e-23,3.4012509457982386e-23,3.401250945238674e-23,3.401250945794899e-23,3.401250945794891e-23,3.4012509454531945e-23,3.4012509454013464e-23,3.401250945400451e-23,3.401250945495388e-23,3.4012509452892924e-23,3.40125094528929e-23,3.4012509452875503e-23,3.4012509465071375e-23,3.4012509465072045e-23,3.4012509457806767e-23,3.401250945862184e-23,3.401250945864928e-23,3.401250945864939e-23,3.4012509458649385e-23,3.4012509458649373e-23,3.4012509458485727e-23,3.4012509458485644e-23,3.401250945850491e-23,3.401250945850491e-23,3.4012509458504905e-23,3.401250945847711e-23,3.4012509458425465e-23,3.401250945842542e-23,3.4012509456930977e-23,3.401250945532755e-23,3.4012509455313784e-23,3.4012509454932765e-23,3.401250945337903e-23,3.401250945126605e-23,3.4012509459446646e-23,3.401250945963419e-23,3.4012509459377286e-23,3.4012509459875684e-23,3.401250946280322e-23,3.401250945746986e-23,3.4012509457363864e-23,3.401250945741403e-23,3.401250945741472e-23,3.4012509456212867e-23,3.401250945512445e-23,3.401250945531909e-23,3.401250945785164e-23,3.401250945848219e-23,3.4012509458492503e-23,3.401250943626702e-23,3.4012509438226046e-23,3.401250942902985e-23,3.4012509428720047e-23,3.40125094287931e-23,3.401250943634592e-23,3.401250943869965e-23,3.401250943550575e-23,3.4012509435500357e-23,3.4012509441634615e-23,3.401250943955983e-23,3.4012509439040235e-23,3.4012509438173e-23,3.401250943486385e-23,3.401250942977809e-23,3.4012509430158634e-23,3.4012509430271535e-23,3.4012509430414957e-23,3.4012509430517707e-23,3.401250943050321e-23,3.401250943084483e-23,3.4012509430847304e-23,3.401250943105129e-23,3.4012509431051634e-23,3.401250943107108e-23,3.4012509431162324e-23,3.40125094311339e-23,3.401250943080599e-23,3.4012509431317395e-23,3.40125094313343e-23,3.4012509431335116e-23,3.4012509431414926e-23,3.401250943143632e-23,3.401250943124327e-23,3.401250943056501e-23,3.4012509430551426e-23,3.401250943040351e-23,3.4012509430145533e-23,3.4012509430396825e-23,3.401250943084206e-23,3.401250943081091e-23,3.4012509430810904e-23,3.401250943075675e-23,3.4012509431549373e-23,3.401250943165448e-23,3.401250943177901e-23,3.401250943207744e-23,3.401250943248345e-23,3.4012509433377867e-23,3.40125094294933e-23,3.401250943967427e-23,3.401250944332326e-23,3.401250944395129e-23,3.4012509440844483e-23,3.401250943982969e-23,3.401250943416538e-23,3.401250943381681e-23,3.4012509435694437e-23,3.4012509437092305e-23,3.401250943457245e-23,3.401250943453749e-23,3.4012509437976236e-23,3.4012509437949305e-23,3.401250943791084e-23,3.401250944098085e-23,3.4012509440654465e-23,3.401250944156333e-23,3.4012509437899623e-23,3.4012509437848683e-23,3.401250943741775e-23,3.4012509437390746e-23,3.401250943738536e-23,3.4012509438335514e-23,3.401250943814273e-23,3.4012509438295553e-23,3.40125094383742e-23,3.4012509438374035e-23,3.401250943837402e-23,3.401250943837529e-23,3.401250943837513e-23,3.401250940868616e-23,3.401250940868477e-23,3.4012509408685844e-23,3.4012509410509664e-23,3.4012509404747855e-23,3.4012509405202184e-23,3.401250941853074e-23,3.401250942025039e-23,3.4012509443697455e-23,3.401250944557665e-23,3.401250937488985e-23,3.4012509337819774e-23,3.401250933876256e-23,3.401250931851367e-23,3.4012509318513666e-23,3.4012509318513666e-23,3.4012509318513684e-23,3.4012509318513725e-23,3.401250931843955e-23,3.4012509318831355e-23,3.401250932347109e-23,3.4012509323650823e-23,3.4012509321393545e-23,3.4012509338861115e-23,3.4012509363668707e-23,3.401250935729226e-23,3.401250935729226e-23,3.40125093572753e-23,3.4012509400551035e-23,3.4012509395538627e-23,3.4012509400822956e-23,3.401250945099589e-23,3.4012509450991386e-23,3.40125094331595e-23,3.4012509433159524e-23,3.401250943315705e-23,3.401250943438482e-23,3.4012509433721276e-23,3.401250943706717e-23,3.401250943705782e-23,3.401250942707856e-23,3.4012509492715617e-23,3.4012509490689446e-23,3.401250948950476e-23,3.4012509483666743e-23,3.40125094837294e-23,3.401250948408145e-23,3.401250948193294e-23,3.4012509477928227e-23,3.4012509551094234e-23,3.401250958330295e-23,3.401250958327711e-23,3.4012509583680265e-23,3.401250958478745e-23,3.4012509583069414e-23,3.4012509583406316e-23,3.4012509608539743e-23,3.4012509605258157e-23,3.4012509618801686e-23,3.401250961886032e-23,3.4012509618770335e-23,3.4012509621060674e-23,3.401250962093768e-23,3.4012509616414345e-23,3.4012509607897524e-23,3.401250960582601e-23,3.401250960455721e-23,3.401250960471553e-23,3.401250960474167e-23,3.401250960792779e-23,3.401250960604298e-23,3.401250960608633e-23,3.4012509605948824e-23,3.4012509605994886e-23,3.4012509607717015e-23,3.4012509607705125e-23,3.4012509607704613e-23,3.401250960718162e-23,3.401250960179076e-23,3.4012509601875537e-23,3.4012509601612255e-23,3.4012509601213563e-23,3.4012509601292503e-23,3.4012509601328015e-23,3.401250960078492e-23,3.4012509600786964e-23,3.40125096007152e-23,3.4012509600643466e-23,3.4012509600634855e-23,3.401250960063889e-23,3.4012509600817727e-23,3.4012509600518517e-23,3.401250960055848e-23,3.4012509599519264e-23,3.401250960446326e-23,3.401250960470054e-23,3.4012509603587915e-23,3.401250960373284e-23,3.401250960373291e-23,3.4012509598282544e-23,3.401250959791599e-23,3.401250959999185e-23,3.4012509600088274e-23,3.401250959997972e-23,3.401250958765383e-23,3.401250959044412e-23,3.401250959701758e-23,3.401250959633577e-23,3.401250959633535e-23,3.4012509596337877e-23,3.4012509596337877e-23,3.401250959624785e-23,3.401250959625006e-23,3.4012509596340486e-23,3.4012509589223285e-23,3.401250958839969e-23,3.401250958839973e-23,3.401250958839973e-23,3.401250958840024e-23,3.401250958840024e-23,3.4012509588399046e-23,3.401250958839718e-23,3.401250959357007e-23,3.401250958927528e-23,3.4012509585114756e-23,3.401250958050001e-23,3.4012509580499983e-23,3.401250958109524e-23,3.4012509587242313e-23,3.4012509588425724e-23,3.4012509587383214e-23,3.4012509587436505e-23,3.401250958735114e-23,3.401250958735115e-23,3.4012509587351146e-23,3.401250958735118e-23,3.401250958740249e-23,3.401250956230894e-23,3.401250955708917e-23,3.4012509563432463e-23,3.4012509563420273e-23,3.401250955944878e-23,3.4012509559448766e-23,3.4012509561035395e-23,3.401250952726266e-23,3.401250950861035e-23,3.401250949316751e-23,3.4012509478587497e-23,3.4012509478746277e-23,3.401250947836818e-23,3.401250949133081e-23,3.401250948308642e-23,3.401250948297137e-23,3.401250948297136e-23,3.401251010672398e-23,3.401251077020296e-23,3.401251076914222e-23,3.4012510769142256e-23,3.401251076920035e-23,3.401251076917407e-23,3.401251078882264e-23,3.401251078899265e-23,3.4012510773417564e-23,3.4012510773420773e-23,3.4012510772972986e-23,3.401251077295621e-23,3.4012510789365067e-23,3.4012510788823904e-23,3.4012510788823846e-23,3.401251083288459e-23,3.4012510833113816e-23,3.4012510833112335e-23,3.4012510832255276e-23,3.4012510832173956e-23,3.4012510832178317e-23,3.4012510831366397e-23,3.401251083137084e-23,3.4012510826202045e-23,3.401251082777902e-23,3.401251082136638e-23,3.401251082046199e-23,3.401251100429559e-23,3.401251100429558e-23,3.401251100549657e-23,3.4012510989215193e-23,3.4012510989215275e-23,3.401251099247296e-23,3.4012510992201536e-23,3.4012510991232577e-23,3.4012510991385373e-23,3.401251098105733e-23,3.401251098105551e-23,3.401251097766569e-23,3.401251097779811e-23,3.401251101809044e-23,3.4012511018102397e-23,3.4012511019496404e-23,3.4012511023973186e-23,3.4012511027312307e-23,3.401251099556755e-23,3.40125109944979e-23,3.4012510994594085e-23,3.4012510991780945e-23,3.4012510975902343e-23,3.401251097670093e-23,3.401251097502036e-23,3.401251096911217e-23,3.401251096851108e-23,3.4012510968480013e-23,3.401251096903776e-23,3.4012510969051357e-23,3.401251096905215e-23,3.401251096868893e-23,3.401251095401353e-23,3.401251095401344e-23,3.4012510953778564e-23,3.401251095340677e-23,3.4012510954521106e-23,3.401251095452065e-23,3.401251106124348e-23,3.401251107543642e-23,3.4012511075483113e-23,3.401251109461777e-23,3.4012511094537095e-23,3.4012511094527714e-23,3.4012511094533515e-23,3.4012511091394375e-23,3.401251109105059e-23,3.401251109108934e-23,3.4012511090872773e-23,3.4012511091127497e-23,3.401251108937994e-23,3.4012511086431644e-23,3.401251108573268e-23,3.401251108236778e-23,3.401251109829601e-23,3.4012511098203814e-23,3.4012511093558043e-23,3.4012511105858634e-23,3.4012511105738833e-23,3.401251108392031e-23,3.4012511083692736e-23,3.4012511092956637e-23,3.4012511140509627e-23,3.4012511140637856e-23,3.4012511140627176e-23,3.401251114061015e-23,3.401251113799871e-23,3.401251156775773e-23,3.40125115680058e-23,3.401251160453851e-23,3.401251161441936e-23,3.4012511595305347e-23,3.4012511473868346e-23,3.4012511451051807e-23,3.401251145279925e-23,3.4012511468162996e-23,3.401251147139329e-23,3.4012511471393325e-23,3.4012511475460177e-23,3.40125114783465e-23,3.401251151112155e-23,3.401251149961367e-23,3.4012511499663077e-23,3.401251150152504e-23,3.4012511510038736e-23,3.401251150838529e-23,3.4012511513218113e-23,3.401251151562709e-23,3.401251151707287e-23,3.4012511505963303e-23,3.401251152754502e-23,3.401251152952488e-23,3.4012511525536965e-23,3.401251152553699e-23,3.4012511537893015e-23,3.401251142665407e-23,3.4012511426654086e-23,3.401251142179828e-23,3.4012511426728754e-23,3.401251126844522e-23,3.4012511268497763e-23,3.401251126838812e-23,3.4012511268388213e-23,3.4012511170419364e-23,3.401251117108942e-23,3.4012511170296207e-23,3.40125111670323e-23,3.401251108397964e-23,3.401251127956046e-23,3.4012511278081974e-23,3.401251128194322e-23,3.4012511281943514e-23,3.401251127886513e-23,3.4012511278865124e-23,3.401251127893118e-23,3.4012511279000447e-23,3.4012511280430095e-23,3.4012511267987375e-23,3.4012511268093664e-23,3.401251126809344e-23,3.401251124817433e-23,3.401251124812705e-23,3.4012511232971597e-23,3.401251122161277e-23,3.4012511206332185e-23,3.401251120629753e-23,3.40125112084029e-23,3.4012511208444e-23,3.40125112008908e-23,3.4012511200629786e-23,3.401251120272702e-23,3.401251120241902e-23,3.401251119941109e-23,3.401251119948996e-23,3.4012511203168436e-23,3.4012511231769025e-23,3.401251122181584e-23,3.401251122181584e-23,3.40125112175505e-23,3.401251121755049e-23,3.401251121818469e-23,3.4012511216266506e-23,3.4012511216465916e-23,3.4012511221256984e-23,3.401251117199895e-23,3.4012511180161414e-23,3.401251118058436e-23,3.401251118704105e-23,3.4012511168567654e-23,3.4012511168051095e-23,3.4012511168138646e-23,3.401251119979572e-23,3.401251119834101e-23,3.401251119834099e-23,3.4012511206570346e-23,3.4012511217667795e-23,3.4012511214897695e-23,3.401251120846819e-23,3.4012511208481406e-23,3.4012511208602523e-23,3.4012511208645235e-23,3.401251120882875e-23,3.40125112088328e-23,3.4012511208673165e-23,3.4012511208575505e-23,3.401251120866278e-23,3.401251120863289e-23,3.401251120866969e-23,3.401251120867423e-23,3.4012511208697033e-23,3.4012511208986263e-23,3.401251120889518e-23,3.4012511208933936e-23,3.4012511208954766e-23,3.401251120892923e-23,3.4012511208927036e-23,3.401251120866509e-23,3.4012511208609723e-23,3.401251120871769e-23,3.401251120891977e-23,3.401251120887836e-23,3.401251120874674e-23,3.4012511208851534e-23,3.4012511208830763e-23,3.40125112087761e-23,3.401251120857561e-23,3.401251120858475e-23,3.401251120857762e-23,3.4012511208568e-23,3.401251120856137e-23,3.4012511208174696e-23,3.401251120818328e-23,3.401251120821079e-23,3.401251120813494e-23,3.4012511209270316e-23,3.401251120939145e-23,3.40125112094954e-23,3.401251120946224e-23,3.401251120945238e-23,3.4012511209677184e-23,3.4012511210156286e-23,3.401251120982304e-23,3.4012511209820053e-23,3.4012511209507836e-23,3.401251120936448e-23,3.4012511209362657e-23,3.4012511209334057e-23,3.401251120933412e-23,3.401251120947409e-23,3.4012511209488094e-23,3.4012511209492343e-23,3.4012511209492314e-23,3.4012511209121774e-23,3.401251120921717e-23,3.4012511209219717e-23,3.4012511209219717e-23,3.40125112091216e-23,3.401251120994731e-23,3.401251120938864e-23,3.401251120938341e-23,3.401251120938087e-23,3.4012511209362804e-23,3.4012511209346846e-23,3.4012511209423965e-23,3.401251120944995e-23,3.401251120946673e-23,3.4012511209483174e-23,3.4012511209474176e-23,3.401251120958984e-23,3.4012511209598267e-23,3.401251120960388e-23,3.401251120962366e-23,3.401251121063845e-23,3.4012511210794897e-23,3.4012511210659245e-23,3.401251121065338e-23,3.401251121039899e-23,3.401251121038757e-23,3.401251121043784e-23,3.401251121044598e-23,3.401251121031421e-23,3.401251121041063e-23,3.401251121064917e-23,3.4012511209664653e-23,3.4012511209664653e-23,3.401251120976889e-23,3.401251121034265e-23,3.4012511210548766e-23,3.401251121039459e-23,3.401251121039675e-23,3.4012511211113573e-23,3.401251121161951e-23,3.401251121114134e-23,3.401251121109058e-23,3.401251121102556e-23,3.4012511211025593e-23,3.4012511211021855e-23,3.40125112110029e-23,3.4012511211429834e-23,3.401251121142983e-23,3.401251121142984e-23,3.4012511211429863e-23,3.4012511211429887e-23,3.401251121142989e-23,3.4012511211429887e-23,3.401251121142988e-23,3.401251121516254e-23,3.4012511215162546e-23,3.4012511214361205e-23,3.401251109855904e-23,3.401251112248914e-23,3.4012511122489146e-23,3.4012511122489146e-23,3.401251111815629e-23,3.401251111826596e-23,3.401251111185399e-23,3.401251109648289e-23,3.4012511096578917e-23,3.401251109404547e-23,3.4012511087631753e-23,3.4012511087697216e-23,3.4012511069471077e-23,3.4012511075082704e-23,3.401251107070192e-23,3.401251108832722e-23,3.4012511088327246e-23,3.401251110753234e-23,3.4012511107532326e-23,3.4012511107532326e-23,3.401251110753146e-23,3.401251110750218e-23,3.40125111022389e-23,3.4012511090078703e-23,3.401251109007869e-23,3.401251109007869e-23,3.4012511194345e-23,3.4012511205047605e-23,3.4012510817293714e-23,3.401251081727463e-23,3.401251082339339e-23,3.4012510820517924e-23,3.401251082051508e-23,3.40125108199764e-23,3.401251083332318e-23,3.401251083332337e-23,3.40125082192343e-23,3.401250821924463e-23,3.401250821924462e-23,3.401250812267083e-23,3.401250811902524e-23,3.401250812224291e-23,3.401250815923192e-23,3.401250815663463e-23,3.401250818423436e-23,3.401250818260725e-23,3.401250818275558e-23,3.401250818289632e-23,3.4012508182896656e-23,3.4012508232097784e-23,3.401250823762593e-23,3.401250823762583e-23,3.4012508248879347e-23,3.4012508250538633e-23,3.4012508250498725e-23,3.401250825206537e-23,3.401250825202394e-23,3.4012508246206184e-23,3.4012506966226784e-23,3.401250693765681e-23,3.401250695460633e-23,3.401250693034325e-23,3.401250693034327e-23,3.401250693034343e-23,3.4012506930346024e-23,3.4012506930346006e-23,3.401250693024956e-23,3.4012506930249145e-23,3.4012506930249157e-23,3.4012506692446626e-23,3.401250484964878e-23,3.401250484959467e-23,3.4012504849595786e-23,3.4012504811491354e-23,3.401250495848948e-23,3.4012504994703716e-23,3.401250499429927e-23,3.4012504994299287e-23,3.401250499566053e-23,3.401250497277062e-23,3.401250497397841e-23,3.401250493040442e-23,3.4012504931737944e-23,3.401250493173795e-23,3.4012504931737615e-23,3.401250493173819e-23,3.4012504931738185e-23,3.4012504933751424e-23,3.401250514166391e-23,3.4012505141676315e-23,3.40125051416763e-23,3.401250514167631e-23,3.401250520894625e-23,3.4012505208939953e-23,3.401250520986557e-23,3.401250520986556e-23,3.4012505209865526e-23,3.401250520986553e-23,3.4012505296681115e-23,3.401250533908316e-23,3.401250529134921e-23,3.401250530040428e-23,3.4012505300404176e-23,3.401250529781534e-23,3.401250532033871e-23,3.401250532033592e-23,3.4012505330956226e-23,3.401250533064653e-23,3.401250533064654e-23,3.401250533065336e-23,3.401250533065336e-23,3.4012505330661224e-23,3.401250533066124e-23,3.4012502892311986e-23,3.4012502892311204e-23,3.401250289226647e-23,3.40125028999096e-23,3.4012502913355645e-23,3.401250291365033e-23,3.401250294786501e-23,3.4012502936805194e-23,3.4012502936838113e-23,3.401250293700455e-23,3.4012502937004546e-23,3.401250293235022e-23,3.401250291847206e-23,3.401250291847207e-23,3.4012502918472084e-23,3.401250291865296e-23,3.401250292274531e-23,3.4012502922766265e-23,3.401250291854193e-23,3.401250291690001e-23,3.4012502921404766e-23,3.401250292140461e-23,3.4012502921404625e-23,3.4012502966799895e-23,3.4012502966799895e-23,3.401250296675135e-23,3.4012502966751306e-23,3.401250297397757e-23,3.401250297403958e-23,3.401250297403972e-23,3.401250297400605e-23,3.4012502970290355e-23,3.401250297137938e-23,3.4012502971254784e-23,3.401250297448615e-23,3.4012502971246567e-23,3.401250299996288e-23,3.401250300056589e-23,3.401250300177636e-23,3.4012503002024036e-23,3.4012503001013634e-23,3.401250299885662e-23,3.4012502998982756e-23,3.4012502998668664e-23,3.401250299866865e-23,3.401250300237959e-23,3.401250298647153e-23,3.4012503017232306e-23,3.40125030179348e-23,3.4012503017934816e-23,3.40125029942319e-23,3.4012503100940534e-23,3.401250311943448e-23,3.4012503119415825e-23,3.4012503119415825e-23,3.401250311882255e-23,3.40125031193817e-23,3.401250311941446e-23,3.40125031221082e-23,3.401250312805934e-23,3.4012503120834524e-23,3.401250312055919e-23,3.401250311983602e-23,3.4012503102189855e-23,3.401250310647191e-23,3.4012503106474115e-23,3.4012503106560484e-23,3.4012503106301646e-23,3.401250311251224e-23,3.401250311205153e-23,3.401250311001342e-23,3.401250311103952e-23,3.401250311101433e-23,3.4012503112442875e-23,3.4012503112442887e-23,3.401250311080227e-23,3.401250310821127e-23,3.401250310821128e-23,3.401250310895226e-23,3.401250310801566e-23,3.401250310793824e-23,3.401250310782642e-23,3.401250310907459e-23,3.401250309439673e-23,3.4012503099709227e-23,3.401250310024449e-23,3.4012503098599625e-23,3.401250310131365e-23,3.401250313764813e-23,3.401250317528184e-23,3.4012503175284674e-23,3.4012503175284686e-23,3.401250317534123e-23,3.401250317534122e-23,3.4012503174622453e-23,3.401250317461381e-23,3.4012503174804855e-23,3.4012503179764e-23,3.401250316379157e-23,3.4012503243838535e-23,3.401250326538873e-23,3.4012503122466615e-23,3.4012503123394774e-23,3.401250317100955e-23,3.401250316891118e-23,3.401250317220482e-23,3.401250313737964e-23,3.4012503205699956e-23,3.4012503218233147e-23,3.401250322260812e-23,3.4012503217431836e-23,3.401250321372996e-23,3.4012503255750824e-23,3.401250324925345e-23,3.4012503267723675e-23,3.401250326071887e-23,3.401250326274942e-23,3.401250326274942e-23,3.401250321046138e-23,3.4012503210741974e-23,3.401250317235193e-23,3.4012503220387963e-23,3.4012503220423833e-23,3.4012503220423857e-23,3.401250322038951e-23,3.40125032203521e-23,3.401250322027493e-23,3.4012503221088916e-23,3.401250322111282e-23,3.401250322111282e-23,3.401250322120791e-23,3.40125032216499e-23,3.4012503194254226e-23,3.401250320328599e-23,3.4012503203986173e-23,3.4012503204341725e-23,3.401250320434175e-23,3.40125032024269e-23,3.401250319637806e-23,3.4012503193472916e-23,3.401250319303439e-23,3.401250319310708e-23,3.4012503192002325e-23,3.4012503191840854e-23,3.401250319110171e-23,3.401250319280432e-23,3.4012503191448186e-23,3.4012503192534495e-23,3.401250319418931e-23,3.401250320797858e-23,3.4012503200923616e-23,3.401250319628058e-23,3.401250319776261e-23,3.4012503197560374e-23,3.4012503195085506e-23,3.40125031952717e-23,3.4012503197387024e-23,3.4012503223963394e-23,3.401250318294347e-23,3.4012503184554093e-23,3.401250304094156e-23,3.4012503035799245e-23,3.401250303579925e-23,3.401250303745758e-23,3.401250303745753e-23,3.4012503053251145e-23,3.40125030859314e-23,3.40125030474788e-23,3.401250303353649e-23,3.4012502926600445e-23,3.401250292615931e-23,3.401250292615939e-23,3.4012502926159846e-23,3.4012502925054376e-23,3.401250297444606e-23,3.4012502973634155e-23,3.401250294273479e-23,3.401250293786838e-23,3.401250293247477e-23,3.4012502939181644e-23,3.401250296411818e-23,3.40125029635847e-23,3.401250296363771e-23,3.4012502959687655e-23,3.401250298246219e-23,3.401250299929446e-23,3.401250302136967e-23,3.401250302861025e-23,3.401250302495573e-23,3.401250302839801e-23,3.401250302839802e-23,3.4012503027924955e-23,3.401250302717171e-23,3.401250303833474e-23,3.4012503015932844e-23,3.4012503061420696e-23,3.4012503009390906e-23,3.401250297825033e-23,3.4012502999610705e-23,3.40125029408037e-23,3.4012502911143694e-23,3.4012502910043713e-23,3.401250290889599e-23,3.401250291393817e-23,3.401250291393781e-23,3.401250292919977e-23,3.4012502925185514e-23,3.401250292464215e-23,3.4012502924538393e-23,3.401250290940632e-23,3.4012502909379094e-23,3.401250292148439e-23,3.401250291430853e-23,3.401250291200732e-23,3.401250291200731e-23,3.4012502901480536e-23,3.401250290148573e-23,3.401250290227523e-23,3.401250290469785e-23,3.401250290469786e-23,3.4012502889773365e-23,3.40125028896584e-23,3.40125028213602e-23,3.4012502824728666e-23,3.401250291163867e-23,3.4012502911638677e-23,3.401250291163989e-23,3.4012502892357425e-23,3.401250289235743e-23,3.40125028923574e-23,3.401250289235741e-23,3.401250289235832e-23,3.401250289136543e-23,3.401250290022516e-23,3.4012502888615256e-23,3.401250288861526e-23,3.401250289535019e-23,3.4012502895350204e-23,3.401250289536478e-23,3.4012502885370316e-23,3.401250288605362e-23,3.4012502868868185e-23,3.401250286209241e-23,3.401250285412643e-23,3.401250285951602e-23,3.401250285951606e-23,3.4012502856886836e-23,3.4012502855280734e-23,3.401250285528082e-23,3.401250287998825e-23,3.401250288028183e-23,3.401250288028174e-23,3.4012502879270964e-23,3.401250284394195e-23,3.4012502887964085e-23,3.401250288707001e-23,3.401250288395626e-23,3.401250288467086e-23,3.4012502886405145e-23,3.401250288640512e-23,3.4012502886514395e-23,3.4012502886512814e-23,3.401250288975525e-23,3.401250289105424e-23,3.4012502890843723e-23,3.401250290733087e-23,3.401250312947781e-23,3.401250315558815e-23,3.4012503161773424e-23,3.4012503161773424e-23,3.401250316177431e-23,3.4012503160976063e-23,3.401250316003687e-23,3.401250316056958e-23,3.401250314440292e-23,3.401250314383223e-23,3.4012503143383003e-23,3.401250314338042e-23,3.401250313968752e-23,3.401250313968732e-23,3.401250313800503e-23,3.401250312127412e-23,3.401250311552165e-23,3.4012503115523147e-23,3.401250311553598e-23,3.40125031409857e-23,3.4012503130275324e-23,3.401250313019081e-23,3.401250312948764e-23,3.401250312841768e-23,3.401250312742731e-23,3.4012503127234656e-23,3.4012503126451253e-23,3.401250319924676e-23,3.401250297445832e-23,3.4012502957475645e-23,3.40125029316519e-23,3.4012502929754967e-23,3.40125029297552e-23,3.401250293043948e-23,3.4012502930432886e-23,3.4012502930432886e-23,3.40125029304329e-23,3.401250292985451e-23,3.4012502932243324e-23,3.401250293575012e-23,3.401250293465382e-23,3.4012502900384223e-23,3.401250290038421e-23,3.4012502900043677e-23,3.4012502900043835e-23,3.401250289991714e-23,3.4012502899916906e-23,3.401250289991452e-23,3.401250288851265e-23,3.401250281250084e-23,3.4012502801360973e-23,3.401250217699378e-23,3.401250217636779e-23,3.4012502136630867e-23,3.4012502136630867e-23,3.401250213663086e-23,3.401250213632039e-23,3.4012502132702694e-23,3.401250213321954e-23,3.401250215308562e-23,3.401250212272705e-23,3.401250212272436e-23,3.401250212271249e-23,3.40125021331437e-23,3.401250213293961e-23,3.4012502120650855e-23,3.4012502120651514e-23,3.401250212457672e-23,3.4012502126993547e-23,3.401250212889479e-23,3.401250214738951e-23,3.40125021471512e-23,3.401250214729291e-23,3.4012502147268273e-23,3.401250214474748e-23,3.4012502144747726e-23,3.401250214476888e-23,3.40125021409572e-23,3.4012502140960524e-23,3.401250214111117e-23,3.4012502141054416e-23,3.401250221856545e-23,3.4012502220325735e-23,3.401250222032842e-23,3.4012502221154894e-23,3.4012502221154823e-23,3.401250222105758e-23,3.401250222105759e-23,3.401250222112389e-23,3.4012502181157946e-23,3.4012502146773314e-23,3.4012502143552236e-23,3.401250213318944e-23,3.4012502133189354e-23,3.4012502132441816e-23,3.401250213252426e-23,3.401250213894624e-23,3.4012502131362254e-23,3.401250213131813e-23,3.401250213132303e-23,3.401250213465951e-23,3.401250213506053e-23,3.40125021397388e-23,3.4012502120486704e-23,3.40125021204865e-23,3.401250212059907e-23,3.40125021007763e-23,3.4012502100762384e-23,3.4012502100755543e-23,3.401250210719121e-23,3.401250217755405e-23,3.4012502314719054e-23,3.4012502314731914e-23,3.401250231449221e-23,3.4012502094833743e-23,3.401250204159956e-23,3.4012502041557777e-23,3.4012502039713744e-23,3.4012502039475306e-23,3.401250203922798e-23,3.401250206579114e-23,3.4012501879830014e-23,3.401250187983002e-23,3.401250189957315e-23,3.4012501899573147e-23,3.4012501899573147e-23,3.4012501929808013e-23,3.401250192159789e-23,3.401250192546835e-23,3.4012501925468335e-23,3.401250194799869e-23,3.4012501951138234e-23,3.401250195128182e-23,3.401250195147949e-23,3.401250195090793e-23,3.4012501973739335e-23,3.4012501961819563e-23,3.4012501962784586e-23,3.401250196309834e-23,3.4012501963097855e-23,3.4012501971945037e-23,3.4012501953889073e-23,3.401250196091554e-23,3.4012502019105776e-23,3.401250203006885e-23,3.401250201561285e-23,3.4012502015012863e-23,3.4012502018880875e-23,3.4012502017714214e-23,3.4012502059134885e-23,3.4012502059135414e-23,3.401250207020316e-23,3.401250205480533e-23,3.401250205480533e-23,3.401250205601212e-23,3.401250205418179e-23,3.401250201207679e-23,3.401250197089112e-23,3.4012501965892034e-23,3.4012501966143996e-23,3.401250196614214e-23,3.40125019437899e-23,3.4012501942807564e-23,3.401250192101815e-23,3.401250190143578e-23,3.4012501900887696e-23,3.401250190266133e-23,3.4012501716052606e-23,3.4012501682256526e-23,3.401250168225654e-23,3.40125016854527e-23,3.4012501685423355e-23,3.401250168546259e-23,3.4012501687574245e-23,3.401250168513581e-23,3.401250169104082e-23,3.4012501669086264e-23,3.401250154124524e-23,3.401250154293762e-23,3.4012501542832346e-23,3.401250154223949e-23,3.401250154584744e-23,3.401250154113719e-23,3.4012501540599395e-23,3.4012501542174886e-23,3.401250154219839e-23,3.401250154385643e-23,3.401250154380445e-23,3.4012501648734666e-23,3.401250164325695e-23,3.4012501643244784e-23,3.401250164545565e-23,3.401250163897687e-23,3.4012501639163303e-23,3.401250164221897e-23,3.401250163966019e-23,3.401250158276849e-23,3.401250157207775e-23,3.4012501566005483e-23,3.4012501574863615e-23,3.4012501542109834e-23,3.401250159126324e-23,3.401250158738479e-23,3.4012501579598777e-23,3.4012501548577116e-23,3.401250154167725e-23,3.4012501547961063e-23,3.401250154803837e-23,3.401250154917648e-23,3.4012501549485344e-23,3.4012501678450005e-23,3.401250167845e-23,3.4012501685527245e-23,3.4012501685648345e-23,3.401250168564835e-23,3.4012501709198345e-23,3.4012501683674425e-23,3.4012501682779504e-23,3.401250168341058e-23,3.4012501195030134e-23,3.401250119188572e-23,3.4012501190828735e-23,3.4012501192641277e-23,3.4012501199470293e-23,3.401250120307473e-23,3.401250120475875e-23,3.401250120457443e-23,3.401250120412635e-23,3.401250119713666e-23,3.401250120177474e-23,3.4012501215323375e-23,3.401250107983721e-23,3.4012501079837236e-23,3.401250108095163e-23,3.4012501080366825e-23,3.4012501080224085e-23,3.4012501080945445e-23,3.4012501061075147e-23,3.401250106457827e-23,3.40125010651431e-23,3.4012501128212343e-23,3.401250113750795e-23,3.4012501137866026e-23,3.4012501137866014e-23,3.401250113786614e-23,3.4012501144094477e-23,3.4012501144094477e-23,3.4012501147627766e-23,3.401250114706802e-23,3.401250114710001e-23,3.4012501147092934e-23,3.401250111887051e-23,3.401250107739364e-23,3.4012501066536664e-23,3.401250106567772e-23,3.4012501066527895e-23,3.401250107171444e-23,3.4012501071573634e-23,3.4012501071573634e-23,3.4012501071573646e-23,3.401250107155984e-23,3.40125010717627e-23,3.4012501068797845e-23,3.4012501069022946e-23,3.4012501069022946e-23,3.4012501001371184e-23,3.4012501136921163e-23,3.401250117112658e-23,3.4012501172223486e-23,3.401250119573668e-23,3.401250119573672e-23,3.401250119573706e-23,3.4012501195737e-23,3.401250124274284e-23,3.401249920208661e-23,3.40124992020866e-23,3.40124992020866e-23,3.401249925634572e-23,3.401249925690533e-23,3.401249925690532e-23,3.401249925698197e-23,3.401249925631962e-23,3.4012499256894326e-23,3.401249929908179e-23,3.401249937513141e-23,3.401249937226516e-23,3.401249937226517e-23,3.401249934529804e-23,3.401249935531527e-23,3.401249943191516e-23,3.4012499431549453e-23,3.401249939921072e-23,3.401249939921073e-23,3.4012499400586327e-23,3.4012499416020615e-23,3.4012499237547106e-23,3.4012499247700873e-23,3.401249924311335e-23,3.401249921699588e-23,3.4012499217845615e-23,3.4012499225074693e-23,3.401249922507468e-23,3.4012499243593743e-23,3.4012499236828673e-23,3.401249923970961e-23,3.401249943115507e-23,3.401249943648849e-23,3.401249944362066e-23,3.4012499437217334e-23,3.4012499439043753e-23,3.4012499453227573e-23,3.4012499450056096e-23,3.401249945005733e-23,3.4012499465604007e-23,3.4012499463449085e-23,3.4012499477629255e-23,3.401249948206935e-23,3.40124989975385e-23,3.401249903146931e-23,3.401249903441636e-23,3.401249903193613e-23,3.4012499032124496e-23,3.401249903008213e-23,3.401249891703819e-23,3.4012498927414727e-23,3.401249879356657e-23,3.401249879356658e-23,3.401249880250753e-23,3.4012498890762925e-23,3.401249889080208e-23,3.401249888133891e-23,3.4012498881338904e-23,3.4012498880012476e-23,3.4012498857380795e-23,3.4012498880342085e-23,3.4012498901018214e-23,3.4012498904171283e-23,3.4012498879055195e-23,3.401249888465201e-23,3.401249888441296e-23,3.4012498884020706e-23,3.401249888961375e-23,3.401249888957483e-23,3.401249895427657e-23,3.401249895427652e-23,3.401249894828728e-23,3.401249894325522e-23,3.4012498925664104e-23,3.4012498928062553e-23,3.401249892747059e-23,3.401249892537841e-23,3.4012498918873767e-23,3.4012498919561596e-23,3.4012498860813356e-23,3.401249887685103e-23,3.4012498867926525e-23,3.4012498877339696e-23,3.401249887733969e-23,3.401249871252194e-23,3.4012498706067836e-23,3.401249870772497e-23,3.401249887184746e-23,3.401249887167152e-23,3.401249887279831e-23,3.401249886264754e-23,3.401249886231726e-23,3.4012498865070926e-23,3.4012498860762146e-23,3.4012498864579364e-23,3.4012498864579376e-23,3.401249886915559e-23,3.401249887029666e-23,3.4012498870296675e-23,3.4012498862868967e-23,3.4012498863168365e-23,3.401249882699171e-23,3.401249882699189e-23,3.4012498826956016e-23,3.401249882746177e-23,3.4012498837133734e-23,3.4012498839418113e-23,3.401249884229273e-23,3.4012498846539234e-23,3.401249886811926e-23,3.4012498868289706e-23,3.401249886833437e-23,3.401249880590703e-23,3.4012498806862115e-23,3.401249880476984e-23,3.401249880086765e-23,3.401249883197323e-23,3.4012498834721543e-23,3.401249891948978e-23,3.401249891826511e-23,3.401249891712689e-23,3.401249891175708e-23,3.401249891183502e-23,3.401249891125826e-23,3.401249889492782e-23,3.4012498873443273e-23,3.401249884526337e-23,3.40124990381974e-23,3.401249916354121e-23,3.401249916341222e-23,3.401249914930195e-23,3.40124991473511e-23,3.401249914748496e-23,3.401249914804409e-23,3.4012499148044096e-23,3.401249937640126e-23,3.401249939048602e-23,3.401249938263434e-23,3.4012499375105406e-23,3.4012499367151506e-23,3.4012499367266205e-23,3.401249936726623e-23,3.401249936742731e-23,3.4012499367426354e-23,3.401249936601837e-23,3.4012499366018347e-23,3.4012499405973935e-23,3.401249944369938e-23,3.4012499756307956e-23,3.4012499756307974e-23,3.401249975631264e-23,3.4012499734992364e-23,3.4012499733829636e-23,3.4012499733892783e-23,3.401249971825269e-23,3.401249971750429e-23,3.4012499717477975e-23,3.4012499717533817e-23,3.401249963248949e-23,3.401249963243362e-23,3.401249963443061e-23,3.4012499646152187e-23,3.4012499646151417e-23,3.401249964759538e-23,3.401249964238383e-23,3.40124997356739e-23,3.401249938147794e-23,3.4012499403606807e-23,3.401249936324108e-23,3.401249936217945e-23,3.4012499367054986e-23,3.4012499367434424e-23,3.401249936761376e-23,3.4012499367499035e-23,3.4012499366127256e-23,3.4012499366207196e-23,3.40124993662079e-23,3.401249937828947e-23,3.401249909205994e-23,3.401249911983569e-23,3.4012499123661334e-23,3.4012499124741343e-23,3.4012499123761063e-23,3.401249920445496e-23,3.401249920797193e-23,3.401249920950967e-23,3.4012499209524884e-23,3.40124992108977e-23,3.401249920345961e-23,3.4012499209995646e-23,3.4012499209995475e-23,3.401249920644568e-23,3.4012499206678683e-23,3.401249920672808e-23,3.401249920817798e-23,3.40124992071866e-23,3.4012499237923534e-23,3.4012499248781e-23,3.401249924877532e-23,3.4012499248790674e-23,3.401249926025595e-23,3.4012499267034505e-23,3.401249926726232e-23,3.40124992679482e-23,3.4012499266407596e-23,3.4012499410085984e-23,3.401249940926039e-23,3.40124994062719e-23,3.4012499407247524e-23,3.4012499410303945e-23,3.401249942862461e-23,3.401249943055428e-23,3.401249940839786e-23,3.401249940819199e-23,3.401249940863463e-23,3.4012499402748026e-23,3.401249941697549e-23,3.4012499422106437e-23,3.4012499421559744e-23,3.401249942263251e-23,3.4012499422390554e-23,3.401249942032014e-23,3.4012499416693585e-23,3.401249941652903e-23,3.401249941715559e-23,3.4012499418813383e-23,3.401249941875251e-23,3.401249941931764e-23,3.401249942129928e-23,3.401249941044857e-23,3.401249941045842e-23,3.401249941347813e-23,3.40124994133845e-23,3.401249941338463e-23,3.401249942491616e-23,3.401249942089455e-23,3.401249941570085e-23,3.4012499417634504e-23,3.401249941769421e-23,3.4012499417450415e-23,3.401249942760418e-23,3.40124994275945e-23,3.4012499427361796e-23,3.401249942866056e-23,3.4012499425092575e-23,3.401249942656437e-23,3.401249945029641e-23,3.401249945075072e-23,3.4012499450912367e-23,3.4012499424053244e-23,3.4012499425226175e-23,3.4012499417925045e-23,3.4012499421812105e-23,3.401249943228006e-23,3.401249943521404e-23,3.401249943520106e-23,3.4012499435630993e-23,3.4012499434809505e-23,3.401249940089198e-23,3.401249939053334e-23,3.4012499313162314e-23,3.401249932947233e-23,3.401249932851897e-23,3.401249932429782e-23,3.4012499327549795e-23,3.401249933628664e-23,3.401249886209559e-23,3.401249886211064e-23,3.40124988554018e-23,3.4012498953516926e-23,3.401249895361039e-23,3.401249929629037e-23,3.401249993738872e-23,3.4012499923869633e-23,3.4012499923925804e-23,3.401249994953581e-23,3.401249994953564e-23,3.401249995818404e-23,3.401249995496507e-23,3.4012499957696505e-23,3.401250000472797e-23,3.4012499997909867e-23,3.401249992942974e-23,3.401249992400855e-23,3.4012499924143035e-23,3.401249976490614e-23,3.4012499765856967e-23,3.401249977096417e-23,3.4012499768498285e-23,3.4012499767304277e-23,3.401249977544498e-23,3.401249977548801e-23,3.4012499695832674e-23,3.4012499682464136e-23,3.40124996790313e-23,3.401249970716796e-23,3.4012499707521155e-23,3.401249970760166e-23,3.4012499707916274e-23,3.401249970791623e-23,3.4012499684879677e-23,3.4012499682739354e-23,3.401249968076529e-23,3.401249968088848e-23,3.4012499671391085e-23,3.4012499669160596e-23,3.4012499663675487e-23,3.401249965859738e-23,3.401249964902015e-23,3.4012499649793374e-23,3.401249965189891e-23,3.4012499649516634e-23,3.4012499653993845e-23,3.401249964970704e-23,3.401249964653622e-23,3.4012499646367367e-23,3.401249964851671e-23,3.4012499634056085e-23,3.401249964081385e-23,3.4012499654041576e-23,3.401249965269685e-23,3.401249965529168e-23,3.4012499662205413e-23,3.401249965958863e-23,3.4012499645817964e-23,3.401249965346096e-23,3.4012499661899115e-23,3.4012499658993316e-23,3.401249965273501e-23,3.40124996531671e-23,3.4012499655225657e-23,3.401249964820698e-23,3.4012499653986827e-23,3.4012499652903585e-23,3.401249965415918e-23,3.40124996625599e-23,3.4012499660048834e-23,3.401249965662479e-23,3.4012499654680134e-23,3.401249965561438e-23,3.40124996547453e-23,3.4012499657602554e-23,3.4012499657680465e-23,3.4012499658210355e-23,3.40124996574212e-23,3.401249964806511e-23,3.4012499640758166e-23,3.401249964214151e-23,3.4012499645883804e-23,3.4012499649383315e-23,3.4012499648896825e-23,3.4012499638769494e-23,3.401249963632756e-23,3.40124996422483e-23,3.4012499642129433e-23,3.401249964496408e-23,3.4012499645529304e-23,3.4012499651839563e-23,3.4012499652312253e-23,3.4012499653834183e-23,3.4012499654441385e-23,3.401249965446991e-23,3.4012499627224353e-23,3.40124996270183e-23,3.4012499625324795e-23,3.401249962758713e-23,3.401249962928573e-23,3.401249962622734e-23,3.401249962769553e-23,3.401249963033394e-23,3.401249962497282e-23,3.401249962963775e-23,3.401249963095812e-23,3.4012499657262906e-23,3.401249966192806e-23,3.4012499701313493e-23,3.4012499697744463e-23,3.40124997074197e-23,3.40124997220525e-23,3.40124997223447e-23,3.401249972367464e-23,3.4012499725304575e-23,3.4012499725972326e-23,3.401249973331066e-23,3.401249973486955e-23,3.4012499736149286e-23,3.4012499730056593e-23,3.4012499730058603e-23,3.40124997296562e-23,3.4012499718344784e-23,3.4012499715036085e-23,3.401249972032875e-23,3.4012499719101573e-23,3.401249971973848e-23,3.401249972288033e-23,3.4012499732603854e-23,3.401249973138839e-23,3.401249973314999e-23,3.4012499729619256e-23,3.401249975249759e-23,3.401249975178376e-23,3.4012499747599095e-23,3.401249977225907e-23,3.4012499772521873e-23,3.401249976862698e-23,3.401249976980098e-23,3.401249976995609e-23,3.401249976733022e-23,3.401249976767091e-23,3.401249976870765e-23,3.4012499759891315e-23,3.4012499761243234e-23,3.401249976112449e-23,3.4012499761103344e-23,3.401249975714336e-23,3.4012499770072384e-23,3.401249977169385e-23,3.4012499772072176e-23,3.4012499774499225e-23,3.4012499767800376e-23,3.401249976249594e-23,3.4012499758691036e-23,3.401249975913641e-23,3.401249975908319e-23,3.40124997599804e-23,3.401249976304444e-23,3.4012499769791364e-23,3.4012499776657315e-23,3.401249977758948e-23,3.4012499777581906e-23,3.401249977843779e-23,3.4012499777692514e-23,3.401249977834017e-23,3.4012499773440886e-23,3.401249977655403e-23,3.4012499775803777e-23,3.4012499788625617e-23,3.4012499788640346e-23,3.4012499786681314e-23,3.4012499793579455e-23,3.4012499793452596e-23,3.4012499793052846e-23,3.4012499792975146e-23,3.401249979474792e-23,3.4012499803961815e-23,3.401249980500757e-23,3.4012499821444267e-23,3.401249981509006e-23,3.401249980588075e-23,3.4012499767665277e-23,3.4012499761556427e-23,3.4012499765844554e-23,3.4012499796169093e-23,3.401249979540036e-23,3.4012499792702725e-23,3.4012499374473666e-23,3.4012499363442357e-23,3.401249938557426e-23,3.4012499380632575e-23,3.4012499393128027e-23,3.401249938847894e-23,3.401249939672015e-23,3.401249938974794e-23,3.4012499398147576e-23,3.401249939785741e-23,3.4012499386445506e-23,3.401249926268613e-23,3.4012499269540853e-23,3.401249926953047e-23,3.401249933122764e-23,3.4012499228053455e-23,3.401249923520573e-23,3.401249923772089e-23,3.401249923772038e-23,3.401249923828838e-23,3.401249922472606e-23,3.401249922742947e-23,3.401249922742931e-23,3.401249922160078e-23,3.401249922159612e-23,3.401249923611673e-23,3.4012499237233026e-23,3.401249924170691e-23,3.4012499241706516e-23,3.4012499270909275e-23,3.40124992709242e-23,3.401249927091833e-23,3.4012499270919073e-23,3.401249929699487e-23,3.4012499296977555e-23,3.4012499285755146e-23,3.40124992828901e-23,3.401249928576189e-23,3.4012499689407034e-23,3.401249968834651e-23,3.401249968289406e-23,3.401249962709502e-23,3.4012499575497894e-23,3.4012499575497576e-23,3.401249957666881e-23,3.4012499576607225e-23,3.401249957658795e-23,3.4012499576587936e-23,3.401249957659338e-23,3.401249957559171e-23,3.4012499575591716e-23,3.401250037104316e-23,3.401250034941599e-23,3.4012500349414816e-23,3.401250034936542e-23,3.401250035323203e-23,3.4012500351148123e-23,3.4012500354673254e-23,3.401249995034741e-23,3.401249995035214e-23,3.401249995494778e-23,3.401249995495416e-23,3.4012499954951055e-23,3.4012499952839997e-23,3.401250006475319e-23,3.4012500089014717e-23,3.4012500089078546e-23,3.401250130993051e-23,3.401250140880893e-23,3.401250143483442e-23,3.401250143338034e-23,3.401250143465947e-23,3.401250141480463e-23,3.4012501374192136e-23,3.401250135255201e-23,3.4012501353274125e-23,3.4012501353309584e-23,3.401250135373683e-23,3.4012501338767215e-23,3.4012501342759905e-23,3.4012501346873036e-23,3.401250134348892e-23,3.4012501343488035e-23,3.401250133845481e-23,3.401250134483944e-23,3.401250134483496e-23,3.401250134466976e-23,3.401250132979532e-23,3.401250132990992e-23,3.4012501945726346e-23,3.401250194572701e-23,3.401250194573109e-23,3.401250194639435e-23,3.4012501946087546e-23,3.4012501947138474e-23,3.4012501944124494e-23,3.4012501905422495e-23,3.401250190541053e-23,3.401250187251299e-23,3.4012501873710625e-23,3.40125017679678e-23,3.4012501750645353e-23,3.4012501750728367e-23,3.401250175103573e-23,3.401250175002187e-23,3.4012501714554374e-23,3.40125016828292e-23,3.4012501693891887e-23,3.40125016966952e-23,3.40125017223488e-23,3.4012500753050277e-23,3.40125007708402e-23,3.4012500770818984e-23,3.401250077080765e-23,3.4012500746577076e-23,3.4012500730971695e-23,3.4012500730984555e-23,3.40125007180516e-23,3.4012500703347825e-23,3.401250068730623e-23,3.401250068658188e-23,3.401250066572005e-23,3.401250066906959e-23,3.401250064115e-23,3.4012500621436486e-23,3.401250062018808e-23,3.401250061122906e-23,3.401250055325425e-23,3.401250054984488e-23,3.4012500546239267e-23,3.4012500559344236e-23,3.401250058040449e-23,3.401250057617458e-23,3.401250058988153e-23,3.4012500560259764e-23,3.401250055975119e-23,3.401250054974689e-23,3.401250054974687e-23,3.4012500548620595e-23,3.4012500634591256e-23,3.401250069088861e-23,3.401250069088663e-23,3.401250069006703e-23,3.401250068685299e-23,3.4012500729778433e-23,3.401250074379627e-23,3.4012500733385396e-23,3.401250070457518e-23,3.401250125321834e-23,3.4012501249303184e-23,3.401250133306057e-23,3.401250133344184e-23,3.4012501341623866e-23,3.4012501341665684e-23,3.401250134167234e-23,3.4012501341810375e-23,3.401250134179213e-23,3.4012501357475425e-23,3.401250135729812e-23,3.4012501358131386e-23,3.401250135718124e-23,3.401250135759162e-23,3.401250136573353e-23,3.40125013671491e-23,3.40125013725376e-23,3.4012501380491204e-23,3.401250137827859e-23,3.401250138642572e-23,3.401250138644191e-23,3.401250138666419e-23,3.401250139168671e-23,3.401250139856193e-23,3.4012501450467866e-23,3.4012501449701044e-23,3.4012501354197847e-23,3.401250133513564e-23,3.401250133581819e-23,3.401250132744798e-23,3.401250132571248e-23,3.401250132867477e-23,3.4012501331028976e-23,3.4012501318494886e-23,3.401250132526385e-23,3.4012501325850806e-23,3.401250132698561e-23,3.401250132543895e-23,3.401250129918566e-23,3.401250132811778e-23,3.401250132986152e-23,3.401250135259165e-23,3.4012501352625076e-23,3.4012501340506605e-23,3.4012501352544696e-23,3.401250135149159e-23,3.401250133383455e-23,3.401250133425092e-23,3.4012501332906635e-23,3.401250133213973e-23,3.4012501332117925e-23,3.401250133385505e-23,3.4012501333763035e-23,3.401250132752643e-23,3.401250132769788e-23,3.401250151697172e-23,3.4012501513287853e-23,3.4012501508202277e-23,3.401250151199748e-23,3.401250151562024e-23,3.4012501530644045e-23,3.4012501529840977e-23,3.4012501560764507e-23,3.4012501622902125e-23,3.401250162301976e-23,3.401250162776864e-23,3.40125014565626e-23,3.4012501455643844e-23,3.4012501451317695e-23,3.401250147224194e-23,3.4012501541423263e-23,3.401250144521302e-23,3.4012501433437885e-23,3.401250146439222e-23,3.401250141119963e-23,3.4012501393861853e-23,3.40125012336003e-23,3.4012501270312636e-23,3.40125012551437e-23,3.4012501262849775e-23,3.401250122836357e-23,3.4012501227314734e-23,3.4012501321273043e-23,3.401250132084803e-23,3.4012501339902566e-23,3.4012501340015325e-23,3.401250134501859e-23,3.4012501314297707e-23,3.4012501314297695e-23,3.4012501357961444e-23,3.401250135375515e-23,3.401250132905355e-23,3.4012501320138656e-23,3.4012501320119413e-23,3.401250155662901e-23,3.401250174398648e-23,3.4012501773485843e-23,3.401250180782179e-23,3.401250142769559e-23,3.4012501427696454e-23,3.401250142755257e-23,3.4012501522826384e-23,3.4012501524330706e-23,3.401250152484519e-23,3.401250152601795e-23,3.401250153871357e-23,3.401250154096745e-23,3.401250154142128e-23,3.401250149642829e-23,3.4012501481655506e-23,3.401250151114646e-23,3.4012501717662974e-23,3.401250166102267e-23,3.401250165504243e-23,3.401250165061661e-23,3.401250164823851e-23,3.4012501644552586e-23,3.401250164455255e-23,3.4012501644382116e-23,3.401250165114429e-23,3.401250165084184e-23,3.4012501650842016e-23,3.401250165083942e-23,3.401250165167854e-23,3.401250165167643e-23,3.4012501651802165e-23,3.401250165177186e-23,3.4012501689779143e-23,3.401250170703887e-23,3.401250172480072e-23,3.401250173247612e-23,3.401250170089899e-23,3.4012501702714407e-23,3.4012501677105757e-23,3.401250167710549e-23,3.401250164887966e-23,3.401250165742738e-23,3.401250163093643e-23,3.4012501610283435e-23,3.401250161028362e-23,3.40125013422881e-23,3.401250134210864e-23,3.401250134241497e-23,3.401250122487595e-23,3.4012501224743063e-23,3.4012501225142696e-23,3.4012501230475697e-23,3.401250123048375e-23,3.4012501231630555e-23,3.4012501234305087e-23,3.401250124277922e-23,3.4012501261195267e-23,3.401250126514181e-23,3.4012501264371435e-23,3.401250126724716e-23,3.401250189264818e-23,3.4012501892026373e-23,3.4012501909784625e-23,3.401250195231848e-23,3.401250195814677e-23,3.401250195561765e-23,3.4012502093115423e-23,3.401250212932977e-23,3.4012502120892226e-23,3.4012502120905315e-23,3.4012502122942076e-23,3.4012502130083774e-23,3.4012502126150847e-23,3.401250212497141e-23,3.401250212497748e-23,3.401250212532764e-23,3.4012502026168117e-23,3.401250202578725e-23,3.401250202535998e-23,3.401250217650632e-23,3.40125024491434e-23,3.401250244573352e-23,3.401250243456345e-23,3.40125024342698e-23,3.401250243433731e-23,3.401250244528882e-23,3.401250254837135e-23,3.4012502546378775e-23,3.401250254269418e-23,3.4012502545780113e-23,3.401250254578072e-23,3.4012502545792074e-23,3.401250254641078e-23,3.401250345459356e-23,3.4012503510571745e-23,3.401250348533383e-23,3.401250350933393e-23,3.4012503510533664e-23,3.401250348509168e-23,3.4012503484555945e-23,3.401250348454107e-23,3.40125034845233e-23,3.4012503420240664e-23,3.4012503426930144e-23,3.4012503421673556e-23,3.4012503409803526e-23,3.401250345256881e-23,3.401250371551685e-23,3.4012503747730486e-23,3.4012503752281284e-23,3.401250376310152e-23,3.401250376379349e-23,3.401250376362798e-23,3.4012503763627825e-23,3.401250376157162e-23,3.401250376173177e-23,3.401250380021333e-23,3.40125037811023e-23,3.401250378110188e-23,3.401250378110189e-23,3.4012503779866703e-23,3.401250378417011e-23,3.401250378946814e-23,3.401250382932863e-23,3.401250382932863e-23,3.4012503827768316e-23,3.4012503827768257e-23,3.401250386714122e-23,3.4012503472106237e-23,3.401250346697544e-23,3.401250343595766e-23,3.401250343453334e-23,3.401250343453333e-23,3.401250343474444e-23,3.40125034346962e-23,3.4012503434748515e-23,3.401250342267042e-23,3.4012503422670234e-23,3.40125033604683e-23,3.401250335341964e-23,3.4012503354617416e-23,3.401250334630746e-23,3.4012503339857075e-23,3.401250335470797e-23,3.401250339664794e-23,3.4012503396664826e-23,3.401250339666529e-23,3.401250339666582e-23,3.4012503396665766e-23,3.401250339664958e-23,3.40125033966496e-23,3.4012504100494155e-23,3.401250411387476e-23,3.401250411386837e-23,3.401249924980011e-23,3.4012499339874924e-23,3.401249943121723e-23,3.4012499446623546e-23,3.401249944617743e-23,3.4012499446194855e-23,3.4012499452457636e-23,3.401249945552836e-23,3.4012499262331576e-23,3.4012499275379345e-23,3.4012499273112945e-23,3.401249926944827e-23,3.401249935726603e-23,3.401249935727374e-23,3.4012499357273386e-23,3.401249935411542e-23,3.401249935410805e-23,3.401249935408494e-23,3.401249935443455e-23,3.401249935262831e-23,3.40124993323456e-23,3.4012499320524847e-23,3.401249925707653e-23,3.4012499257076834e-23,3.401249926822902e-23,3.4012499268052283e-23,3.4012499265143364e-23,3.401249933471559e-23,3.4012499382469526e-23,3.401249938246575e-23,3.401249936879767e-23,3.4012499383161304e-23,3.4012499392485425e-23,3.401249939248516e-23,3.401249942260743e-23,3.401249942079008e-23,3.4012499420790565e-23,3.401249932076916e-23,3.401249960592498e-23,3.4012499588158344e-23,3.4012499588158344e-23,3.401249957387232e-23,3.4012499573831425e-23,3.4012499733762774e-23,3.4012499722753223e-23,3.401249972506914e-23,3.4012499725052555e-23,3.4012499725166595e-23,3.401249971705367e-23,3.401250035086951e-23,3.4012500291675573e-23,3.401250030973055e-23,3.4012500197786524e-23,3.401250016487939e-23,3.401250016784228e-23,3.401250016562836e-23,3.401250016562836e-23,3.4012500165271757e-23,3.4012500132093693e-23,3.401250013219055e-23,3.401250024817683e-23,3.4012500247630646e-23,3.40125002637216e-23,3.4012500290326024e-23,3.401250028270027e-23,3.401250028928094e-23,3.40125002642771e-23,3.401250026427873e-23,3.401250021784719e-23,3.401250010899345e-23,3.401250012237313e-23,3.4012500120921383e-23,3.401250012330458e-23,3.4012500145850885e-23,3.401250015564547e-23,3.4012500188747137e-23,3.4012500188658446e-23,3.4012500188668126e-23,3.401250018949398e-23,3.401250016890096e-23,3.4012500030688203e-23,3.401250003165634e-23,3.401250002279106e-23,3.401250001763405e-23,3.4012500019856434e-23,3.4012500407110153e-23,3.401250040277861e-23,3.401250040795082e-23,3.4012500408847704e-23,3.401250041116457e-23,3.401250040687445e-23,3.401250040336826e-23,3.4012500397136936e-23,3.4012500397134714e-23,3.401250039667932e-23,3.401250039699624e-23,3.401250039816327e-23,3.401250039499323e-23,3.401250039499324e-23,3.4012500392545525e-23,3.4012500587847323e-23,3.4012500587706534e-23,3.4012500530644177e-23,3.401250053783287e-23,3.40125005376612e-23,3.401250053766063e-23,3.401250053529685e-23,3.401250055555439e-23,3.401250055551793e-23,3.401250055618978e-23,3.401250052969358e-23,3.4012500529646106e-23,3.401250052964612e-23,3.4012500529652665e-23,3.401250086504331e-23,3.401250086080273e-23,3.4012500860875605e-23,3.401250086576582e-23,3.401250086577117e-23,3.401250085942961e-23,3.4012500851098466e-23,3.4012500854896847e-23,3.4012500849091527e-23,3.4012500845654534e-23,3.401250084735568e-23,3.4012500848764146e-23,3.401250080511578e-23,3.4012500800368426e-23,3.401250080443813e-23,3.4012500833664433e-23,3.4012500751862445e-23,3.40125007844036e-23,3.4012500781670325e-23,3.401250079470042e-23,3.401250081844074e-23,3.4012501035311614e-23,3.401250103949694e-23,3.4012500930572434e-23,3.4012500893856427e-23,3.401250086372552e-23,3.4012500853983864e-23,3.401250082955559e-23,3.4012500899245704e-23,3.4012500849640935e-23,3.4012500846411635e-23,3.4012501032796985e-23,3.401250101094483e-23,3.4012501222036576e-23,3.401250121226061e-23,3.401250120923501e-23,3.401250121475392e-23,3.4012501213118876e-23,3.4012501213123696e-23,3.4012501229093856e-23,3.401250122538954e-23,3.401250122592102e-23,3.401250123652528e-23,3.401250122232615e-23,3.401250121424522e-23,3.401250120603764e-23,3.4012501205602836e-23,3.4012501811930604e-23,3.401250181160027e-23,3.4012501813464624e-23,3.401250180605508e-23,3.401250181965613e-23,3.401250181151815e-23,3.401250183773888e-23,3.4012501841558345e-23,3.401250184155796e-23,3.401250184155821e-23,3.40125018415582e-23
2,0.0,0.0,0.0,0.0,0.0,0.0,0.0,0.0,0.0,0.0,0.0,0.0,0.0,0.0,0.0,0.0,0.0,0.0,0.0,0.0,0.0,0.0,0.0,0.0,0.0,0.0,0.0,0.0,0.0,0.0,0.0,0.0,0.0,0.0,0.0,0.0,0.0,0.0,0.0,0.0,0.0,0.0,0.0,0.0,0.0,0.0,0.0,0.0,0.0,0.0,0.0,0.0,0.0,0.0,0.0,0.0,0.0,0.0,0.0,0.0,0.0,0.0,0.0,0.0,0.0,0.0,0.0,0.0,0.0,0.0,0.0,0.0,0.0,0.0,0.0,0.0,0.0,0.0,0.0,0.0,0.0,0.0,0.0,0.0,0.0,0.0,0.0,0.0,0.0,0.0,0.0,0.0,0.0,0.0,0.0,0.0,0.0,0.0,0.0,0.0,0.0,0.0,0.0,0.0,0.0,0.0,0.0,0.0,0.0,0.0,0.0,0.0,0.0,0.0,0.0,0.0,0.0,0.0,0.0,0.0,0.0,0.0,0.0,0.0,0.0,0.0,0.0,0.0,0.0,0.0,0.0,0.0,0.0,0.0,0.0,0.0,0.0,0.0,0.0,0.0,0.0,0.0,0.0,0.0,0.0,0.0,0.0,0.0,0.0,0.0,0.0,0.0,0.0,0.0,0.0,0.0,0.0,0.0,0.0,0.0,0.0,0.0,0.0,0.0,0.0,0.0,0.0,0.0,0.0,0.0,0.0,0.0,0.0,0.0,0.0,0.0,0.0,0.0,0.0,0.0,0.0,0.0,0.0,0.0,0.0,0.0,0.0,0.0,0.0,0.0,0.0,0.0,0.0,0.0,0.0,0.0,0.0,0.0,0.0,0.0,0.0,0.0,0.0,0.0,0.0,0.0,0.0,0.0,0.0,0.0,0.0,0.0,0.0,0.0,0.0,0.0,0.0,0.0,0.0,0.0,0.0,0.0,0.0,0.0,0.0,0.0,0.0,0.0,0.0,0.0,0.0,0.0,0.0,0.0,0.0,0.0,0.0,0.0,0.0,0.0,0.0,0.0,0.0,0.0,0.0,0.0,0.0,0.0,0.0,0.0,0.0,0.0,0.0,0.0,0.0,0.0,0.0,0.0,0.0,0.0,0.0,0.0,0.0,0.0,0.0,0.0,0.0,0.0,0.0,0.0,0.0,0.0,0.0,0.0,0.0,0.0,0.0,0.0,0.0,0.0,0.0,0.0,0.0,0.0,0.0,0.0,0.0,0.0,0.0,0.0,0.0,0.0,0.0,0.0,0.0,0.0,0.0,0.0,0.0,0.0,0.0,0.0,0.0,0.0,0.0,0.0,0.0,0.0,0.0,0.0,0.0,0.0,0.0,0.0,0.0,0.0,0.0,0.0,0.0,0.0,0.0,0.0,0.0,0.0,0.0,0.0,0.0,0.0,0.0,0.0,0.0,0.0,0.0,0.0,0.0,0.0,0.0,0.0,0.0,0.0,0.0,0.0,0.0,0.0,0.0,0.0,0.0,0.0,0.0,0.0,0.0,0.0,0.0,0.0,0.0,0.0,0.0,0.0,0.0,0.0,0.0,0.0,0.0,0.0,0.0,0.0,0.0,0.0,0.0,0.0,0.0,0.0,0.0,0.0,0.0,0.0,0.0,0.0,0.0,0.0,0.0,0.0,0.0,0.0,0.0,0.0,0.0,0.0,0.0,0.0,0.0,0.0,0.0,0.0,0.0,0.0,0.0,0.0,0.0,0.0,0.0,0.0,0.0,0.0,0.0,0.0,0.0,0.0,0.0,0.0,0.0,0.0,0.0,0.0,0.0,0.0,0.0,0.0,0.0,0.0,0.0,0.0,0.0,0.0,0.0,0.0,0.0,0.0,0.0,0.0,0.0,0.0,0.0,0.0,0.0,0.0,0.0,0.0,0.0,0.0,0.0,0.0,0.0,0.0,0.0,0.0,0.0,0.0,0.0,0.0,0.0,0.0,0.0,0.0,0.0,0.0,0.0,0.0,0.0,0.0,0.0,0.0,0.0,0.0,0.0,0.0,0.0,0.0,0.0,0.0,0.0,0.0,0.0,0.0,0.0,0.0,0.0,0.0,0.0,0.0,0.0,0.0,0.0,0.0,0.0,0.0,0.0,0.0,0.0,0.0,0.0,0.0,0.0,0.0,0.0,0.0,0.0,0.0,0.0,0.0,0.0,0.0,0.0,0.0,0.0,0.0,0.0,0.0,0.0,0.0,0.0,0.0,0.0,0.0,0.0,0.0,0.0,0.0,0.0,0.0,0.0,0.0,0.0,0.0,0.0,0.0,0.0,0.0,0.0,0.0,0.0,0.0,0.0,0.0,0.0,0.0,0.0,0.0,0.0,0.0,0.0,0.0,0.0,0.0,0.0,0.0,0.0,0.0,0.0,0.0,0.0,0.0,0.0,0.0,0.0,0.0,0.0,0.0,0.0,0.0,0.0,0.0,0.0,0.0,0.0,0.0,0.0,0.0,0.0,0.0,0.0,0.0,0.0,0.0,0.0,0.0,0.0,0.0,0.0,0.0,0.0,0.0,0.0,0.0,0.0,0.0,0.0,0.0,0.0,0.0,0.0,0.0,0.0,0.0,0.0,0.0,0.0,0.0,0.0,0.0,0.0,0.0,0.0,0.0,0.0,0.0,0.0,0.0,0.0,0.0,0.0,0.0,0.0,0.0,0.0,0.0,0.0,0.0,0.0,0.0,0.0,0.0,0.0,0.0,0.0,0.0,0.0,0.0,0.0,0.0,0.0,0.0,0.0,0.0,0.0,0.0,0.0,0.0,0.0,0.0,0.0,0.0,0.0,0.0,0.0,0.0,0.0,0.0,0.0,0.0,0.0,0.0,0.0,0.0,0.0,0.0,0.0,0.0,0.0,0.0,0.0,0.0,0.0,0.0,0.0,0.0,0.0,0.0,0.0,0.0,0.0,0.0,0.0,0.0,0.0,0.0,0.0,0.0,0.0,0.0,0.0,0.0,0.0,0.0,0.0,0.0,0.0,0.0,0.0,0.0,0.0,0.0,0.0,0.0,0.0,0.0,0.0,0.0,0.0,0.0,0.0,0.0,0.0,0.0,0.0,0.0,0.0,0.0,0.0,0.0,0.0,0.0,0.0,0.0,0.0,0.0,0.0,0.0,0.0,0.0,0.0,0.0,0.0,0.0,0.0,0.0,0.0,0.0,0.0,0.0,0.0,0.0,0.0,0.0,0.0,0.0,0.0,0.0,0.0,0.0,0.0,0.0,0.0,0.0,0.0,0.0,0.0,0.0,0.0,0.0,0.0,0.0,0.0,0.0,0.0,0.0,0.0,0.0,0.0,0.0,0.0,0.0,0.0,0.0,0.0,0.0,0.0,0.0,0.0,0.0,0.0,0.0,0.0,0.0,0.0,0.0,0.0,0.0,0.0,0.0,0.0,0.0,0.0,0.0,0.0,0.0,0.0,0.0,0.0,0.0,0.0,0.0,0.0,0.0,0.0,0.0,0.0,0.0,0.0,0.0,0.0,0.0,0.0,0.0,0.0,0.0,0.0,0.0,0.0,0.0,0.0,0.0,0.0,0.0,0.0,0.0,0.0,0.0,0.0,0.0,0.0,0.0,0.0,0.0,0.0,0.0,0.0,0.0,0.0,0.0,0.0,0.0,0.0,0.0,0.0,0.0,0.0,0.0,0.0,0.0,0.0,0.0,0.0,0.0,0.0,0.0,0.0,0.0,0.0,0.0,0.0,0.0,0.0,0.0,0.0,0.0,0.0,0.0,0.0,0.0,0.0,0.0,0.0,0.0,0.0,0.0,0.0,0.0,0.0,0.0,0.0,0.0,0.0,0.0,0.0,0.0,0.0,0.0,0.0,0.0,0.0,0.0,0.0,0.0,0.0,0.0,0.0,0.0,0.0,0.0,0.0,0.0,0.0,0.0,0.0,0.0,0.0,0.0,0.0,0.0,0.0,0.0,0.0,0.0,0.0,0.0,0.0,0.0,0.0,0.0,0.0,0.0,0.0,0.0,0.0,0.0,0.0,0.0,0.0,0.0,0.0,0.0,0.0,0.0,0.0,0.0,0.0,0.0,0.0,0.0,0.0,0.0,0.0,0.0,0.0,0.0,0.0,0.0,0.0,0.0,0.0,0.0,0.0,0.0,0.0,0.0,0.0,0.0,0.0,0.0,0.0,0.0,0.0,0.0,0.0,0.0,0.0,0.0,0.0,0.0,0.0,0.0,0.0,0.0,0.0,0.0,0.0,0.0,0.0,0.0,0.0,0.0,0.0,0.0,0.0,0.0,0.0,0.0,0.0,0.0,0.0,0.0,0.0,0.0,0.0,0.0,0.0,0.0,0.0,0.0,0.0,0.0,0.0,0.0,0.0,0.0,0.0,0.0,0.0,0.0,0.0,0.0,0.0,0.0,0.0,0.0,0.0,0.0,0.0,0.0,0.0,0.0,0.0,0.0,0.0,0.0,0.0,0.0,0.0,0.0,0.0,0.0,0.0,0.0,0.0,0.0,0.0,0.0,0.0,0.0,0.0,0.0,0.0,0.0,0.0,0.0,0.0,0.0,0.0,0.0,0.0,0.0,0.0,0.0,0.0,0.0,0.0,0.0,0.0,0.0,0.0,0.0,0.0,0.0,0.0,0.0,0.0,0.0,0.0,0.0,0.0,0.0,0.0,0.0,0.0,0.0,0.0,0.0,0.0,0.0,0.0,0.0,0.0,0.0,0.0,0.0,0.0,0.0,0.0,0.0,0.0,0.0,0.0,0.0,0.0,0.0,0.0,0.0,0.0,0.0,0.0,0.0,0.0,0.0,0.0,0.0,0.0,0.0,0.0,0.0,0.0,0.0,0.0,0.0,0.0,0.0,0.0,0.0,0.0,0.0,0.0,0.0,0.0,0.0,0.0,0.0,0.0,0.0,0.0,0.0,0.0,0.0,0.0,0.0,0.0,0.0,0.0,7.031121330502841e-28,8.562077541098198e-28,8.562077541099208e-28,8.562077541101028e-28,8.30935998134508e-28,2.6842641922522e-27,2.666145297603865e-27,2.666145297603985e-27,2.666149443890665e-27,2.6691210337248113e-27,2.6691949033660187e-27,2.668872464856567e-27,2.668871599623385e-27,2.669096668864798e-27,2.6684822529632162e-27,2.668482096497989e-27,2.668456322921786e-27,2.6684563218217597e-27,2.6684564886556057e-27,2.668460905654118e-27,2.6682675551189855e-27,2.671775425605641e-27,2.675058147782117e-27,2.67451152413311e-27,2.674506866114833e-27,2.673562104580783e-27,2.6735622519535535e-27,2.6735602547020154e-27,2.6734964909087816e-27,2.6590391300629725e-27,2.658252692969435e-27,2.658252692968887e-27,2.6581511451112768e-27,2.658151086118006e-27,2.6581510142211187e-27,2.6581510142217494e-27,2.658374373678486e-27,2.658374373678765e-27,2.6719827736627964e-27,5.335620528532318e-27,5.357473733068245e-27,5.357473732870901e-27,5.410943210202317e-27,5.4152645994150965e-27,4.812965613703428e-27,4.7224396400777124e-27,1.7432322053445072e-26,1.7230209537445614e-26,1.7226859466225968e-26,1.722685945907488e-26,1.720977037643349e-26,1.6982728792710442e-26,1.6842555966967528e-26,1.6894420597091122e-26,1.689442059709119e-26,1.6890019237915918e-26,1.8873874709178328e-26,1.887410673134806e-26,1.8670795538752212e-26,1.9059304789412787e-26,1.9059325040421246e-26,1.9062697731284747e-26,1.9287039540762084e-26,8.57026409444378e-27,8.570264059347386e-27,8.570386936614736e-27,8.570183663289121e-27,8.51674320516928e-27,8.509067400556638e-27,4.835134155127788e-27,4.8343835122974425e-27,-3.938007219600077e-30,-1.3958099282485079e-34,-1.2533619428729824e-29,9.331974794739548e-38,2.939756758693677e-29,2.9397567586936707e-29,-2.187627567327065e-28,-7.438919309811259e-27,2.400604538291735e-35,2.4020642537240045e-35,-2.864777061849871e-25,6.511569835811946e-35,-1.0745943390823812e-29,-6.594661926648948e-29,1.5589945925196075e-25,1.6076848708401063e-25,1.6075123361610054e-25,1.6075123361710786e-25,6.468751984629779e-26,6.468765258616972e-26,6.500282966155055e-26,1.3621612184495331e-25,1.3687631613164026e-25,1.3681648059141902e-25,1.3683230776526217e-25,1.368323077660309e-25,1.3708972056818356e-25,1.3709025098022464e-25,1.3749802029700255e-25,1.3710862013697444e-25,1.37105755463977e-25,1.3710573046028868e-25,1.3812454118245974e-25,1.381245411814335e-25,1.3801594310596099e-25,1.3800047809809124e-25,1.3800107396094327e-25,1.433186284306815e-25,1.433186284306862e-25,1.3251026269072045e-25,5.1030125682074325e-26,5.1020437695226786e-26,5.1020437694870366e-26,4.875610969109908e-26,4.9859719327545485e-26,5.0094718529427006e-26,3.8460890123301444e-26,3.8461088194034486e-26,3.7316215031397435e-26,3.581687649946571e-26,-1.4407525641979075e-26,4.2453928365054027e-36,7.13244311459059e-27,7.198573056078358e-27,7.198573056078348e-27,7.007171087675711e-27,-5.071311519395801e-26,-9.249873208571707e-27,2.785222742386477e-28,2.7832399241098274e-28,2.7832399241097723e-28,2.78323992410956e-28,3.1450818405034327e-26,3.145082289635891e-26,3.1451777659198366e-26,3.1447903997730265e-26,3.121449932736606e-26,3.303165637584148e-26,3.3093941509475723e-26,3.440243326329031e-26,6.711456719524109e-26,6.68817917719851e-26,6.676344083906427e-26,6.655282587617561e-26,6.682859267979877e-26,6.826415128767863e-26,6.826415128767181e-26,6.826415128717428e-26,9.578031892376759e-25,9.578031915732053e-25,9.578031915731036e-25,9.589582738353503e-25,9.589564528710248e-25,9.588142703621874e-25,9.647957580381927e-25,9.651020928963348e-25,9.651020928963302e-25,1.0466580207618107e-24,1.0466580207630828e-24,1.0466580207732023e-24,1.04665802077322e-24,1.1320255607040966e-24,1.1245388365567917e-24,1.124538836556767e-24,1.126690162810018e-24,1.1266838623249498e-24,1.1290804168798e-24,1.1292408070390506e-24,1.1256341547642942e-24,1.1259216046644222e-24,1.1259216032508763e-24,1.125921603364586e-24,1.125959962587912e-24,1.1246132658121899e-24,1.1246132658262393e-24,1.1252995579126575e-24,1.1251977783582371e-24,1.1488432555922981e-24,1.2358792586851202e-24,1.2367403684605e-24,1.2305731525658133e-24,1.2359100228452546e-24,1.2359100228461675e-24,1.1940240068711342e-24,1.194024345431884e-24,1.1940243454318839e-24,1.1889946579854808e-24,1.188994657985974e-24,1.1889946571199357e-24,1.188994657074004e-24,1.1889642683594847e-24,1.1901625455030302e-24,1.2464797235249073e-24,1.2459589743291347e-24,1.2459589732265414e-24,1.2459589732277978e-24,1.2459626578051858e-24,1.2457774732215818e-24,1.2457774732216793e-24,1.2457774732218389e-24,1.2520806015000798e-24,1.2520806017691373e-24,1.2520806017686285e-24,1.2520806017663684e-24,1.2521598000628901e-24,1.2521597838064051e-24,1.2521597838062508e-24,1.2521434913635079e-24,1.2526392667543938e-24,1.2613676678518975e-24,1.2613707006833645e-24,1.2613707063248969e-24,1.256890427018838e-24,1.2568904270187463e-24,1.2568704841846453e-24,1.2550517100454812e-24,1.255032890390654e-24,1.2550328903907986e-24,1.2582405336094777e-24,1.2561761088151444e-24,1.2562028744593926e-24,1.2562028744594216e-24,1.2562028744572043e-24,1.2562028744577823e-24,1.256202874418714e-24,1.2562028744187607e-24,1.2562169584794753e-24,1.256216942304477e-24,1.2562169423043604e-24,1.2558101036996413e-24,1.2558101037002895e-24,1.2827256745491876e-24,1.2832822175893605e-24,1.2832822175748797e-24,1.283282217574879e-24,1.2830884664397296e-24,1.2791132910710147e-24,1.2791132903870581e-24,1.2793398177537488e-24,1.2793391152408366e-24,3.486312455223599e-25,3.509518915658302e-25,3.509453953067349e-25,3.5094662611608056e-25,3.5094662612044234e-25,3.5099879036108793e-25,3.519148462793826e-25,3.514440215297605e-25,3.514439673313064e-25,3.4859290016423136e-25,3.4859290024609954e-25,3.4859290047881904e-25,3.476460333630905e-25,3.4764603337395306e-25,3.4764610397946393e-25,3.476348947416827e-25,3.4919653596142484e-25,3.540299329865986e-25,3.540053304209855e-25,3.540083382907388e-25,2.1100451506945296e-25,2.1100740145899724e-25,2.1083420883821924e-25,2.108342088381508e-25,1.982391270310233e-24,1.9823912703100346e-24,1.9825571604390267e-24,1.9861516433788147e-24,1.9861495947676376e-24,1.9863373898973926e-24,1.986337754829678e-24,1.986327703097603e-24,1.960532047593686e-24,1.9605320300217416e-24,1.9603795804366275e-24,1.9603795804369592e-24,1.9604145352559427e-24,1.9604166949258535e-24,1.9604166949256004e-24,1.962675754139161e-24,1.962192011898323e-24,1.9621920118865406e-24,1.9621895010577185e-24,1.9621660048226158e-24,1.962171141633008e-24,1.9621711416328936e-24,1.9621711416328855e-24,1.9619055712405486e-24,1.9619397358122456e-24,1.966212801826996e-24,1.966212801827262e-24,1.9662128018305058e-24,1.966092201004174e-24,1.966092201004029e-24,1.9661413916940362e-24,1.978614589015223e-24,1.9675556604369037e-24,1.9675556039651023e-24,1.9675556039643143e-24,1.9674215546697204e-24,1.9674215547300505e-24,1.967421554727277e-24,1.9692745066422465e-24,1.9899175707174883e-24,1.9900439506307825e-24,1.990043950630711e-24,1.99084959753339e-24,2.049399056258907e-24,2.0496141580172137e-24,2.0496076321323528e-24,2.0496076326201616e-24,2.0503949083264906e-24,2.050395843118007e-24,2.0511614784194724e-24,2.0511614784481684e-24,2.0511533802869183e-24,2.0511533802877247e-24,2.0511533802873228e-24,2.0511838448552926e-24,2.0488604426060308e-24,2.048860442594121e-24,2.048860441227169e-24,2.0488900269982077e-24,2.0488900269979597e-24,2.048889742395678e-24,2.0488897423804978e-24,2.0488897423802326e-24,2.04888974238032e-24,2.0473795640157207e-24,2.0473795640194147e-24,2.047379563918031e-24,2.0473795632558298e-24,2.0473795632557295e-24,2.047379563255247e-24,2.0398519456513297e-24,2.039851945651303e-24,2.0398519456513018e-24,2.0398519456513033e-24,2.039851945654253e-24,2.0398662319267823e-24,2.039866231926859e-24,2.0398662443441393e-24,2.0398662443449015e-24,2.039866244194138e-24,2.0383182264256895e-24,2.038318226426355e-24,2.0383156373366835e-24,2.0383156373365696e-24,2.0394091589778892e-24,2.0396239643552807e-24,2.0417703272988525e-24,2.041770383840302e-24,2.0338745544350925e-24,2.0338717740211463e-24,2.033888530073807e-24,2.191397574546721e-24,2.302270728535752e-24,2.3022663233530477e-24,2.2910697187823418e-24,2.2923427565876596e-24,2.3020917231434568e-24,2.3011111789036986e-24,2.3011263824350307e-24,2.301140228614529e-24,2.3011732331469942e-24,2.301173233147402e-24,2.301173236701115e-24,2.2684693942484377e-24,2.2684693942487763e-24,2.263564080569217e-24,2.326743065993487e-24,2.3267430659894456e-24,2.2629244002711883e-24,2.2629244002665613e-24,2.2579326878335394e-24,2.2579326878292554e-24,2.2579004522254336e-24,2.26108415621055e-24,2.2575517207486107e-24,2.2575517207027594e-24,2.2564859491170428e-24,2.256485949116929e-24,2.2566182446738364e-24,2.256582375130858e-24,2.2565823758533725e-24,2.2565823758702875e-24,2.256582375871466e-24,2.256599314229917e-24,2.2565993142309544e-24,2.256598195512374e-24,2.256598195514068e-24,2.256598195515383e-24,2.2565981955169723e-24,2.2566055751928323e-24,2.256603695483303e-24,2.2503272586170317e-24,2.249535703986594e-24,2.2495363040023344e-24,2.248795204147534e-24,2.24630205378378e-24,2.2477939786642755e-24,2.2469773234889206e-24,2.246977323489196e-24,2.246977323490232e-24,2.261916199734576e-24,2.261916199734688e-24,2.261916199734163e-24,2.2619161997324793e-24,2.261916199775229e-24,2.2619057317171407e-24,2.2607430305543167e-24,2.2408315308364335e-24,2.240927923876761e-24,2.240927923777251e-24,2.2395895426188845e-24,2.2395895684730426e-24,2.2395895684715086e-24,2.239589568470629e-24,2.2395899620852615e-24,2.227769195489393e-24,2.2280433846479736e-24,2.228043384649747e-24,2.2280433849292543e-24,2.227200916290121e-24,2.227654625790828e-24,2.2276546257908272e-24,2.2624175330976038e-24,2.255501570179433e-24,2.2555476252619675e-24,2.2608287220779132e-24,2.2608281712493203e-24,2.260888638466124e-24,2.2608886384659617e-24,2.2608886384657975e-24,2.378191031619874e-24,2.3781910316197377e-24,2.378016612670137e-24,2.3780166126706384e-24,2.3890243786108944e-24,2.3890243786110942e-24,2.3886690686129832e-24,2.3881728982743984e-24,2.388172898273793e-24,2.38823466283525e-24,2.3882346628350482e-24,2.3882346628349795e-24,2.3882346628346544e-24,2.388417105220322e-24,2.3871452551239567e-24,2.3871204922638914e-24,2.453783247065909e-24,2.4537826797293333e-24,2.4537826797273724e-24,2.4629611115762597e-24,2.462961111568304e-24,2.5134207630294432e-24,2.517424549716315e-24,2.5174245497156434e-24,2.5174245497124395e-24,2.517424549712538e-24,2.5174245564937837e-24,2.5391471385402138e-24,2.5391623974867113e-24,2.5391623974868534e-24,2.538987828300335e-24,2.5521159001172858e-24,2.5521135956296915e-24,2.5520743444398767e-24,2.5523735374004174e-24,2.5523735374004053e-24,2.552373537400458e-24,2.5609352814500427e-24,2.5609352814504082e-24,2.560969240535144e-24,2.5609692405352274e-24,2.5610092640908732e-24,2.5623506906962156e-24,2.562350690699509e-24,2.56386767307228e-24,2.5638676730740465e-24,2.56386767305316e-24,2.5638676730957718e-24,2.5638676730979134e-24,2.564613650485427e-24,2.5646136504856202e-24,2.5644559990788325e-24,2.5644559990799783e-24,2.575412609979551e-24,2.5754126099762387e-24,2.5754125039920635e-24,2.5754248422468844e-24,2.5754248500413196e-24,2.5775700130252606e-24,2.5299528790962234e-24,2.5700636702857066e-24,2.5736730284525426e-24,2.5736730284523137e-24,2.573673028452194e-24,2.573673028452133e-24,2.573673028460487e-24,2.5736730284603372e-24,2.5736728713503366e-24,2.573672871341439e-24,2.5736728713413834e-24,2.5715097224324626e-24,2.571509722432579e-24,2.571509722432972e-24,2.5533644569280254e-24,2.5533644569334683e-24,2.55336445693285e-24,2.553364456933261e-24,2.553364456933677e-24,2.5533644569340785e-24,2.5533644569396816e-24,2.5533644569400265e-24,2.5624324177549882e-24,2.563035794958922e-24,2.5630098278085318e-24,2.557293436671839e-24,2.5582135984669172e-24,2.5582135984591226e-24,2.5573133310629393e-24,2.557084177616219e-24,2.5570841776163276e-24,2.5570841776163206e-24,2.5570841776163306e-24,2.5328775530733637e-24,2.532861106182886e-24,2.5328677179852682e-24,2.5635297717841973e-24,2.5632851848893676e-24,2.5632851848892677e-24,2.5632851848891887e-24,2.563285184889091e-24,2.565416798795238e-24,2.5654167987952386e-24,2.565416798795234e-24,2.5654167714707406e-24,2.56541677147074e-24,2.5654167714707402e-24,2.5654167715473027e-24,2.567709373878786e-24,2.5692369263108708e-24,2.5692369263110945e-24,2.569236926311285e-24,2.567677362326911e-24,2.5676773623287264e-24,2.5676773623253836e-24,2.5402600354991168e-24,2.541861506208004e-24,1.9861518013859137e-24,1.986151801383645e-24,1.986151801381287e-24,1.986129824746581e-24,1.9861293413483527e-24,1.9861293413457736e-24,1.9940945838434887e-24,1.6572760153408115e-24,1.6572775427811406e-24,1.6572775427811255e-24,1.6572775427811e-24,1.6649297320452525e-24,1.6649297320455626e-24,1.665267001104682e-24,1.6651130640061123e-24,1.66515866679016e-24,1.5291875971608637e-24,1.442163533909487e-24,1.4437702485316886e-24,1.4437702484523691e-24,1.4504525707432835e-24,1.450567981258322e-24,1.4117044530085509e-24,1.409165498531e-24,1.4058575048973538e-24,1.2892428283940913e-24,1.2892431963224122e-24,1.2892432225221052e-24,1.4210039581627266e-24,1.3577455687566209e-24,1.3416484229115666e-24,1.341646664665403e-24,1.351083996770544e-24,1.3871274828737783e-24,1.6068837272146664e-24,1.594717053176685e-24,1.7710081358422166e-24,1.7735475971836384e-24,1.8421577511710923e-24,1.9507087903430944e-24,1.9504457090357818e-24,1.9505636520709004e-24,1.9505636654334742e-24,1.952178486592168e-24,1.9571563742454753e-24,1.7113138842532027e-24,1.711767724424671e-24,2.0884128929050907e-24,2.0611811004596255e-24,2.061180124550014e-24,2.055055082184066e-24,1.96290353654263e-24,2.007335118120729e-24,2.0088626819365394e-24,2.011020426343208e-24,2.008196989418892e-24,2.0094503923992636e-24,2.016604476108118e-24,2.013913443198231e-24,1.9998761311209208e-24,1.99968361629831e-24,1.999271777939082e-24,2.0393591793103545e-24,2.0393592064329875e-24,1.961164687998887e-24,1.961739389325178e-24,1.9616362909200232e-24,1.96163629075595e-24,1.9491836899183784e-24,1.9491836899181668e-24,1.9491823803183643e-24,1.9494156990904485e-24,1.922364902374038e-24,1.9202417340757195e-24,1.9154850140834878e-24,1.9159784271971168e-24,1.922105608024105e-24,1.9187876313449542e-24,1.918787648414761e-24,1.9185413848880938e-24,1.9185413852846725e-24,1.917452815024439e-24,1.9174528850030305e-24,1.918377737768303e-24,1.918362776437395e-24,1.9183627764373942e-24,1.9182704679830116e-24,1.918269730763357e-24,1.9183691027680967e-24,1.9183691028307994e-24,1.918369102817657e-24,1.9184753064278577e-24,1.9179410935805575e-24,1.9246232167515777e-24,9.013970670575581e-24,9.019977745296724e-24,9.019978323751874e-24,9.022185964210775e-24,9.022185964181429e-24,8.787510787302575e-24,8.779954110693241e-24,8.77995410107092e-24,8.780998076627083e-24,8.798899982038808e-24,8.82881358624575e-24,8.828813578283438e-24,9.118089336781218e-24,9.118089336435501e-24,9.136180346426828e-24,9.222770121323196e-24,9.226754686405771e-24,9.029085462853787e-24,9.029085462860652e-24,9.02906390388287e-24,9.029037183923525e-24,9.200407737264052e-24,9.826657046069442e-24,9.626538278681131e-24,9.625692592745041e-24,2.6386013305809033e-23,2.6386013305808275e-23,2.638899402622041e-23,2.6388994026219705e-23,2.6388994026219623e-23,2.6428562733130885e-23,2.6428562733137165e-23,2.647826086070414e-23,2.6478260860713115e-23,2.647826086072163e-23,2.647826086051851e-23,2.6478260860522485e-23,2.6597487667487943e-23,2.6606495727162996e-23,2.6606506896025e-23,2.660650689602246e-23,2.660650689602701e-23,2.660650178141834e-23,2.6461370285855002e-23,2.646137028585503e-23,2.6461370285855013e-23,2.6464255542596816e-23,2.6464255542594244e-23,2.681798026538246e-23,2.681798017665603e-23,2.681798017665539e-23,2.68179801766554e-23,2.5285492842957992e-23,2.5235294509148016e-23,2.5235294509141675e-23,2.5235294509142577e-23,2.5235294509143432e-23,2.5235294509143103e-23,2.5235294509142777e-23,2.523529450913927e-23,2.5235294509113633e-23,2.5235294509097767e-23,2.5235294509078274e-23,2.5235294509081707e-23,2.5235294509081968e-23,2.5235294509081807e-23,2.523529450908173e-23,2.523529450908169e-23,2.5235294509081621e-23,2.523529450908159e-23,2.5235294509084475e-23,2.5235294509087384e-23,2.5235294509090303e-23,2.5242646301185125e-23,2.5242646301186045e-23,2.5242646292941392e-23,2.5242646292940487e-23,2.5242646292939744e-23,2.5242646292939083e-23,2.5242646292938448e-23,2.524264629293783e-23,2.5242646292937222e-23,2.5242646292936643e-23,2.524264629293692e-23,2.524264629293527e-23,2.5242646292936526e-23,2.5242646292937622e-23,2.5242646292907394e-23,2.5242646292878071e-23,2.524264629284807e-23,2.5242646292848073e-23,2.5242646292847814e-23,2.5242646292847808e-23,2.524264629284813e-23,2.524264629284813e-23,2.5242646292848096e-23,2.524264629284811e-23,2.5242646292847894e-23,2.5242646292847858e-23,2.5242646292830476e-23,2.5242646292803063e-23,2.524264629280401e-23,2.524264629280493e-23,2.524264629281251e-23,2.5242646292819232e-23,2.524264629283412e-23,2.5242646292850662e-23,2.5242646292867504e-23,2.5242646292869094e-23,2.5242646292870587e-23,2.5242646292879482e-23,2.52426467881918e-23,2.524264678820012e-23,2.524264678818163e-23,2.5242646724841283e-23,2.5242646724841274e-23,2.5242649878195495e-23,2.5242649878192962e-23,2.5242649878194255e-23,2.524264987819418e-23,2.5242649878193685e-23,2.5242649878191698e-23,2.4431873454487186e-23,2.4415530740117687e-23,2.441553074007006e-23,2.447504848252007e-23,2.4475048482519154e-23,2.447504848251823e-23,2.4475048482517315e-23,2.4475048482677167e-23,2.451739019791616e-23,2.4517390197915158e-23,2.451739019791519e-23,2.4506235432217602e-23,2.4506235431897997e-23,2.4506235431897997e-23,2.4506302226075023e-23,2.4506302226829076e-23,2.4506302226829067e-23,2.4506302226829584e-23,2.4506302130101237e-23,2.4506302131607533e-23,2.4506182395925627e-23,2.4478325476456969e-23,2.4478325476456933e-23,2.4478325476457018e-23,2.4550627993937703e-23,2.4550627993937703e-23,2.4550628012554175e-23,2.455062801255443e-23,2.455057798596138e-23,2.4550577985961827e-23,2.455057798635608e-23,2.4550577985108948e-23,2.4550624161343817e-23,2.4560371526831362e-23,2.4560391565136557e-23,2.456039156513722e-23,2.4560391565137753e-23,2.4560391565148503e-23,2.456182157902363e-23,2.4561821579023636e-23,2.4563024925315312e-23,2.456302492531389e-23,2.456302295902597e-23,2.456212494081805e-23,2.4562124940818048e-23,2.4564544203454779e-23,2.4564540567403874e-23,2.4564540567403868e-23,2.4564519470192746e-23,2.456452617864335e-23,2.4564526178643362e-23,2.4564526178643283e-23,2.456451289263161e-23,2.4564512892632686e-23,2.4564512892633203e-23,2.456450083803129e-23,2.456450083803162e-23,2.4564500838032437e-23,2.456448856794874e-23,2.4565368769139492e-23,2.45653687691397e-23,2.4565366701536168e-23,2.4565392453983064e-23,2.45653924539829e-23,2.4566296307772795e-23,2.4566296307772786e-23,2.4566296307772815e-23,2.4566330927169132e-23,2.456633092716911e-23,2.4566330927169038e-23,2.456635287690399e-23,2.3962024522633192e-23,2.3962024524631215e-23,2.3970981418913236e-23,2.3967903195229747e-23,2.3967903195229658e-23,2.396790319523127e-23,2.3985116841681847e-23,2.3985116841685112e-23,2.3985116627154854e-23,2.3982161787167348e-23,2.3981899773148786e-23,2.398189977315553e-23,2.3962401504690422e-23,2.3966427497694976e-23,2.3966427497699096e-23,2.3870050130092726e-23,2.3999014094256964e-23,2.4139995054403895e-23,2.5587802037509278e-23,2.5586847960002237e-23,2.5586585092248282e-23,2.5586585092249184e-23,2.5586585263500503e-23,2.5612740589814813e-23,2.5612740570464036e-23,2.5612524090943383e-23,2.5579535050796077e-23,2.5579535050796074e-23,2.5579535050796074e-23,2.5579535050796065e-23,2.5578571019352123e-23,2.5574817721471972e-23,2.557482108586284e-23,2.5573635739286226e-23,2.557363573928686e-23,2.5573635739286884e-23,2.55736357392869e-23,2.557363573928688e-23,2.557363573928367e-23,2.5573635739277983e-23,2.5573635739278015e-23,2.5573635739264656e-23,2.5573635739203997e-23,2.557363573920401e-23,2.5573635739204003e-23,2.5573635739204003e-23,2.5573635739204003e-23,2.5573635739214527e-23,2.5573635739587614e-23,2.5573635739587608e-23,2.5573635739560014e-23,2.5573635739562508e-23,2.5573635739537785e-23,2.5573635739537782e-23,2.5573635739537826e-23,2.557363583110946e-23,2.5573635831109582e-23,2.5573635831109582e-23,2.5573635831109565e-23,2.557363583110953e-23,2.5573635831182587e-23,2.557363583095183e-23,2.557363583095184e-23,2.5573635830745652e-23,2.5573635830745652e-23,2.5573635830746622e-23,2.5573635830616683e-23,2.5573635830616683e-23,2.557363583061668e-23,2.5573635830968182e-23,2.557363583096754e-23,2.5573635830967542e-23,2.5573635830967536e-23,2.5573635830967545e-23,2.557363583259786e-23,2.5573635832573093e-23,2.5573635832573188e-23,2.557363583256761e-23,2.5573635561973113e-23,2.5573635561973118e-23,2.5573635561975608e-23,2.5573635560623483e-23,2.5573635559678277e-23,2.5573635558476037e-23,2.5573635558476034e-23,2.557363555902827e-23,2.5573635559028255e-23,2.5573635559028252e-23,2.5573635559028255e-23,2.5573635559028258e-23,2.5573635559028258e-23,2.5573635559028252e-23,2.5573635558881292e-23,2.5573635558881283e-23,2.5573635556146387e-23,2.5573635556145053e-23,2.5573635556146102e-23,2.55736355561461e-23,2.5573635556146087e-23,2.5573635561595303e-23,2.5573635561595306e-23,2.5573635560932333e-23,2.5573635560932327e-23,2.5573635556542373e-23,2.5573635556542367e-23,2.5573635556542376e-23,2.5573635472823462e-23,2.5573635472823107e-23,2.5573635467616175e-23,2.5573635467616243e-23,2.557363546761562e-23,2.5573635491757785e-23,2.5573635358651875e-23,2.5573635358586447e-23,2.557363535858724e-23,2.5573635358587234e-23,2.5573635358589835e-23,2.557363535858987e-23,2.5573635358581824e-23,2.5573635358581827e-23,2.5573635358581833e-23,2.5573635358581824e-23,2.557363535858181e-23,2.5573635358582838e-23,2.5573635358593044e-23,2.5573635353140875e-23,2.557363535128193e-23,2.5573635351281746e-23,2.5573635351281743e-23,2.5573635351281743e-23,2.5573635351280832e-23,2.5573635351327264e-23,2.5573635351333714e-23,2.5573635350368613e-23,2.5573635350368613e-23,2.557363535036843e-23,2.557363534385167e-23,2.557363534385167e-23,2.5573635344969403e-23,2.55736353449694e-23,2.5573635345015253e-23,2.5573635345015256e-23,2.5573635345015253e-23,2.557363534659026e-23,2.557363534659017e-23,2.557363534960987e-23,2.5573635349609872e-23,2.5573635350854683e-23,2.5573635350808797e-23,2.557363535080879e-23,2.5573635350808797e-23,2.557363535080882e-23,2.557363535080815e-23,2.557363535110272e-23,2.5573635351102597e-23,2.5573635344263107e-23,2.5573635344263145e-23,2.5573635363312922e-23,2.5573635363313095e-23,2.5573635361903965e-23,2.5573635361903968e-23,2.5573635361903942e-23,2.5573635366208828e-23,2.5573635366208825e-23,2.5573635366702025e-23,2.5573635366702025e-23,2.5573635361466346e-23,2.5573635363169987e-23,2.5573635363169987e-23,2.5573635363169855e-23,2.557363537438686e-23,2.5573635374400322e-23,2.5573635374400314e-23,2.5573635371900357e-23,2.5573635371900366e-23,2.5573635371912518e-23,2.557363537191252e-23,2.557363537191329e-23,2.5573635371952852e-23,2.557363537195286e-23,2.557363537190857e-23,2.5573635106421515e-23,2.5573635106421535e-23,2.5573635106421626e-23,2.557363510719792e-23,2.5573635107198117e-23,2.5573635107181178e-23,2.5573635107181178e-23,2.557363510728307e-23,2.5573635109394637e-23,2.557363510942825e-23,2.5573635109428253e-23,2.5573635108555254e-23,2.557363509984763e-23,2.5573635134988446e-23,2.5573635135212363e-23,2.557363513521236e-23,2.5573635135239055e-23,2.5573635136242804e-23,2.5573635136238252e-23,2.557363513657033e-23,2.5573635136570335e-23,2.5573635136570335e-23,2.5573635136570338e-23,2.5573635136571278e-23,2.5573635139473074e-23,2.557363513947307e-23,2.557363513953172e-23,2.5573635139531714e-23,2.5573635139531705e-23,2.5573635139597248e-23,2.5573635139597262e-23,2.5573635139597245e-23,2.5573635139597262e-23,2.557363513936323e-23,2.55736351394592e-23,2.5573635139459024e-23,2.5573635139459018e-23,2.5573635139458904e-23,2.557363513945892e-23,2.5573635139458919e-23,2.5573635139458904e-23,2.557363513945889e-23,2.5573635139458895e-23,2.557363513993871e-23,2.5573635139291957e-23,2.5573635138864356e-23,2.5573635138864348e-23,2.557363514202627e-23,2.5573635077701208e-23,2.5573635081578976e-23,2.5573635085441418e-23,2.5573635085405753e-23,2.5573635083280348e-23,2.5573635083280354e-23,2.5573635082826434e-23,2.5573635082826445e-23,2.557363508282643e-23,2.5573635083367796e-23,2.5573635083371954e-23,2.5573635083371957e-23,2.5573635083385058e-23,2.557363508248429e-23,2.5573635082364376e-23,2.5573635082364388e-23,2.557363508233235e-23,2.5573635083392034e-23,2.557363508339203e-23,2.5573635083392034e-23,2.557363507863145e-23,2.5573635076847426e-23,2.55736350748734e-23,2.557363507341761e-23,2.5573635073437934e-23,2.5573635072395808e-23,2.557363507239645e-23,2.55736350652374e-23,2.557363506523736e-23,2.5573635067596403e-23,2.5573635067596103e-23,2.5573635067596582e-23,2.5573635077149013e-23,2.5573635077147e-23,2.5573635067076966e-23,2.5573635095994812e-23,2.5573635095995203e-23,2.5573635094773717e-23,2.5573635108168443e-23,2.5573635108168434e-23,2.5573635108165857e-23,2.55736351081675e-23,2.5573635108162563e-23,2.5573635108160858e-23,2.557363510810566e-23,2.5573635108105657e-23,2.5573635104975474e-23,2.5573635104971675e-23,2.557363510497051e-23,2.5573635104969873e-23,2.557363513561283e-23,2.5573635135612827e-23,2.557363513561282e-23,2.5573635132192885e-23,2.5573635134197832e-23,2.5573635134197682e-23,2.5573635134197685e-23,2.5573635134198664e-23,2.55736351341655e-23,2.5573635134371758e-23,2.557363513433773e-23,2.5573635134427144e-23,2.5573635134462395e-23,2.5573635130567755e-23,2.5573635130567773e-23,2.557363513053798e-23,2.557363513053798e-23,2.557363513053798e-23,2.557363515397724e-23,2.5573635154319133e-23,2.557363515431881e-23,2.5573635154318845e-23,2.557363515431884e-23,2.5573635154469194e-23,2.557363515446921e-23,2.5573635151466376e-23,2.5573635150997292e-23,2.5573635151009088e-23,2.5573635151009094e-23,2.5573635150334184e-23,2.5573635150321386e-23,2.557363515032139e-23,2.557363514525258e-23,2.5573635145252572e-23,2.5573635145521487e-23,2.557363514536457e-23,2.5573635145785744e-23,2.557363514578574e-23,2.5573635145807828e-23,2.5573635145733572e-23,2.5573635128220126e-23,2.557363512787347e-23,2.5573635127873484e-23,2.55736351278892e-23,2.5573635127889192e-23,2.5573635127895692e-23,2.5573635127887514e-23,2.557363512877664e-23,2.557363514703386e-23,2.557363514623759e-23,2.5573635179091848e-23,2.5573635179080475e-23,2.5573635184100018e-23,2.557363518410013e-23,2.5573635183485763e-23,2.557363518348593e-23,2.5573635183478998e-23,2.557363518347444e-23,2.5573635183474438e-23,2.557363518345731e-23,2.5573635183457314e-23,2.5573635183457302e-23,2.557363518345735e-23,2.5573635184216554e-23,2.557363518330445e-23,2.5573635183304443e-23,2.5573635183278718e-23,2.5573635188442826e-23,2.5573635188450634e-23,2.5573635188450628e-23,2.5573635188118516e-23,2.557363518811701e-23,2.5573635188116997e-23,2.5573635188110643e-23,2.5573635188110787e-23,2.557363518812503e-23,2.5573635188125046e-23,2.5573635198290653e-23,2.5573635198293304e-23,2.5573635198293313e-23,2.5573635198293322e-23,2.5573635280040963e-23,2.5573635280040966e-23,2.5573635280040972e-23,2.5573635281201808e-23,2.557363528102985e-23,2.5573635281025863e-23,2.557363528117853e-23,2.5573635281150004e-23,2.557363528113362e-23,2.5573635281230755e-23,2.5573635278476378e-23,2.5573635278505465e-23,2.5573635278383405e-23,2.557363527839892e-23,2.5573635278330484e-23,2.5573635279424916e-23,2.5573635259176582e-23,2.5573635259176582e-23,2.55736352591482e-23,2.557363525927283e-23,2.5573635259683297e-23,2.5573635259672288e-23,2.5573635259663798e-23,2.557363525966478e-23,2.557363525966479e-23,2.557363526627238e-23,2.5573635265878378e-23,2.557363526588678e-23,2.5573635270582572e-23,2.557363526723546e-23,2.55736352671806e-23,2.5573635267733946e-23,2.5573635267733952e-23,2.5573635267733975e-23,2.5573635267733984e-23,2.557363526651608e-23,2.5573635264690018e-23,2.5573635264690018e-23,2.557363526469002e-23,2.5573635264690012e-23,2.5573635264690077e-23,2.557363526468758e-23,2.5573635264714348e-23,2.5573635264787758e-23,2.5573635264704441e-23,2.5573635264704818e-23,2.5573635265013682e-23,2.5573635265488908e-23,2.5573635266630095e-23,2.5573635266630098e-23,2.5573635266630083e-23,2.5573635264321327e-23,2.557363526433653e-23,2.557363526433653e-23,2.5573635264336523e-23,2.5573635264336556e-23,2.5573635264336544e-23,2.5573635264342977e-23,2.557363526434334e-23,2.5573635264300706e-23,2.5573635264300362e-23,2.5573635264300354e-23,2.5573635264300356e-23,2.557363526430034e-23,2.5573635264313496e-23,2.55736352643135e-23,2.5573635264310295e-23,2.5573635264310295e-23,2.5573635264309993e-23,2.5573635264309978e-23,2.557363526431612e-23,2.557363526429792e-23,2.557363526429792e-23,2.557363526449696e-23,2.557363526449696e-23,2.5573635264506682e-23,2.5573635264506277e-23,2.5573635264506277e-23,2.557363526450627e-23,2.5573635264271783e-23,2.55736352642298e-23,2.5573635264229803e-23,2.5573635264202544e-23,2.5573635264202544e-23,2.5573635363713192e-23,2.557363536369659e-23,2.5573635363696597e-23,2.5573635363696597e-23,2.557363536369658e-23,2.557363536369657e-23,2.5573635363666622e-23,2.557363536369103e-23,2.5573635363691037e-23,2.557363536369104e-23,2.5573635363719842e-23,2.5573635363720836e-23,2.5573635363726117e-23,2.557363536370517e-23,2.5573635363705166e-23,2.557363536370516e-23,2.5573635363705163e-23,2.5573635363931784e-23,2.5573635363839e-23,2.557363536395497e-23,2.557363536395497e-23,2.5573635363954956e-23,2.5573635364592212e-23,2.5573635365138885e-23,2.5573635365138887e-23,2.557363536513887e-23,2.557363536513887e-23,2.5573635365138867e-23,2.5573635365138864e-23,2.5573635365138858e-23,2.5573635365139308e-23,2.5573635364476056e-23,2.5573635364476056e-23,2.5573635364553153e-23,2.5573635364553162e-23,2.5573635364553268e-23,2.5573635364553412e-23,2.5573635364553412e-23,2.5573635364553403e-23,2.5573635364553412e-23,2.5573635364553444e-23,2.5573635364553444e-23,2.5573635364599147e-23,2.5573635364599145e-23,2.557363536459914e-23,2.5573635364599115e-23,2.5573635364599103e-23,2.5573635364599103e-23,2.5573635364599115e-23,2.557363536446501e-23,2.5573635364465015e-23,2.5573635364465006e-23,2.5573635364465003e-23,2.5573635364465e-23,2.5573635364465003e-23,2.5573635364465e-23,2.5573635364465e-23,2.55736353644203e-23,2.5573635364412688e-23,2.5573635364382228e-23,2.557363536438222e-23,2.5573635364382225e-23,2.5573635352962694e-23,2.5573635352560122e-23,2.5573635352560122e-23,2.5573635378727576e-23,2.5573635355494036e-23,2.5573635355473097e-23,2.5573635355473238e-23,2.5573635355475504e-23,2.557363535547552e-23,2.5573635351432256e-23,2.557363535143225e-23,2.5573635349822848e-23,2.5573635357997292e-23,2.557363535799728e-23,2.5573635357997283e-23,2.5573635360011023e-23,2.5573635356352576e-23,2.557363535635258e-23,2.5573635356354115e-23,2.557363535628165e-23,2.55736353562677e-23,2.55736353562677e-23,2.55736353593085e-23,2.5573635359308477e-23,2.557363535930942e-23,2.5573635359309426e-23,2.557363535930942e-23,2.5573635359309426e-23,2.5573635359277714e-23,2.55736353591165e-23,2.5573635359116504e-23,2.557363532462457e-23,2.5573635324624564e-23,2.5573635323117518e-23,2.557363532311752e-23,2.557363532311752e-23,2.557363532311336e-23,2.5573635327599396e-23,2.5573635327599373e-23,2.557363532774289e-23,2.5573635324297244e-23,2.5573635324353086e-23,2.5573635324353074e-23,2.5573635324353074e-23,2.5573635324353086e-23,2.557363532435352e-23,2.557363532170332e-23,2.5573635321739942e-23,2.557363532403172e-23,2.5573635406046664e-23,2.5573635411743192e-23,2.55736354117432e-23,2.557363541173801e-23,2.5573635411730126e-23,2.5573635411730147e-23,2.5573635411727352e-23,2.557363541172472e-23,2.5573635412025228e-23,2.5573635412025228e-23,2.5573635412025222e-23,2.5573635412024417e-23,2.5573635412024405e-23,2.5573635412024394e-23,2.557363541196922e-23,2.5573635411995761e-23,2.5573635411995761e-23,2.5573635411995753e-23,2.5573635412000857e-23,2.5573635411862155e-23,2.5573635411862155e-23,2.5573635411862167e-23,2.5573635411862158e-23,2.5573635412142134e-23,2.5573635412005498e-23,2.5573635411779632e-23,2.557363541177963e-23,2.557363541177963e-23,2.5573635411779635e-23,2.5573635413084187e-23,2.5573635450431726e-23,2.5573635450431717e-23,2.5573635450760903e-23,2.5573635451079432e-23,2.5573635451079758e-23,2.5573635451079758e-23,2.5573635451079753e-23,2.5573635452307007e-23,2.5573635458917764e-23,2.557363545840642e-23,2.5573635458386455e-23,2.557363545950269e-23,2.5573635459502687e-23,2.557363545509155e-23,2.5573635455323605e-23,2.557363545569599e-23,2.5573635455695975e-23,2.557363544906254e-23,2.5573635446304495e-23,2.5573635446333935e-23,2.5573635446405402e-23,2.5573635446405402e-23,2.557363544640541e-23,2.5573635411982696e-23,2.5573635411982484e-23,2.557363541199533e-23,2.5573635411995338e-23,2.557363541255069e-23,2.5573635412550686e-23,2.557363541254982e-23,2.5573635412553463e-23,2.557363541255345e-23,2.5573635412553122e-23,2.5573635412556076e-23,2.5573635412556067e-23,2.5573635412543774e-23,2.5573635412543654e-23,2.5573635412543113e-23,2.5573635412543116e-23,2.5573635412543113e-23,2.557363542599906e-23,2.557363542599906e-23,2.557363543299917e-23,2.557363543300265e-23,2.5573635433013827e-23,2.5573635433016483e-23,2.55736354330038e-23,2.5573635433009395e-23,2.5573635432991193e-23,2.5573635432997138e-23,2.5573635432997138e-23,2.5573635433416475e-23,2.5573635433530192e-23,2.5573635433530183e-23,2.5573635433582763e-23,2.5573635433582766e-23,2.5573635433582875e-23,2.5573635433546287e-23,2.5573635430320672e-23,2.5573635430327137e-23,2.5573635430327146e-23,2.557363543030816e-23,2.5573635430308165e-23,2.5573635427459172e-23,2.557363542746006e-23,2.5573635427460074e-23,2.557363542746006e-23,2.5573635427480155e-23,2.5573635427423408e-23,2.5573635427423393e-23,2.557363542742338e-23,2.5573635427422382e-23,2.557363542716771e-23,2.5573635427146905e-23,2.557363542772494e-23,2.5573635427799757e-23,2.5573635427799766e-23,2.557363542832084e-23,2.5573635428320833e-23,2.557363542832083e-23,2.5573635428320016e-23,2.557363542832886e-23,2.557363542832886e-23,2.5573635428323484e-23,2.5573635428323472e-23,2.55736354510489e-23,2.557363545288666e-23,2.5573635452886696e-23,2.5573635452841548e-23,2.5573635452841548e-23,2.5573635452841548e-23,2.5573635452850682e-23,2.5573635452850682e-23,2.5573635452850503e-23,2.557363545219024e-23,2.5573635452190248e-23,2.557363540853035e-23,2.5573635408530357e-23,2.5573635408507024e-23,2.5573635408507024e-23,2.5573635408507026e-23,2.5573635408507018e-23,2.5573635408507038e-23,2.5573635408519698e-23,2.5573635408519692e-23,2.5573635408518382e-23,2.557363540842797e-23,2.557363534351909e-23,2.5573635343521887e-23,2.5573635343521884e-23,2.5573635343521887e-23,2.557363533114496e-23,2.557363533112262e-23,2.5573635373771668e-23,2.5573635373760895e-23,2.5573635373090166e-23,2.5573635373057717e-23,2.5573635373037128e-23,2.557363537305744e-23,2.5573635370463724e-23,2.5573635370555554e-23,2.5573635370566318e-23,2.5573635372597743e-23,2.5573635372597734e-23,2.557363537259853e-23,2.5573635372598536e-23,2.55736353726731e-23,2.557363537295566e-23,2.5573635372955675e-23,2.5573635373148186e-23,2.5573635373148788e-23,2.5573635373149332e-23,2.5573635373150346e-23,2.5573635373169092e-23,2.5573635373040546e-23,2.557363537304512e-23,2.5573635373009078e-23,2.557363537300908e-23,2.5573635372991087e-23,2.5573635373172275e-23,2.5573635373259123e-23,2.5573635374049722e-23,2.5573635374085228e-23,2.5573635374085225e-23,2.5573635374085228e-23,2.557363538361302e-23,2.557363538795081e-23,2.557363538796894e-23,2.5573635387968933e-23,2.557363538796894e-23,2.5573635387957166e-23,2.5573635387957178e-23,2.5573635383902472e-23,2.557363538399962e-23,2.55736353839664e-23,2.5573635385208194e-23,2.5573635385417696e-23,2.5573635385417702e-23,2.5573635385417714e-23,2.5573635385417708e-23,2.5573635385417837e-23,2.5573635385905788e-23,2.557363538604476e-23,2.5573635386046753e-23,2.557363538619545e-23,2.557363538619545e-23,2.5573635386010107e-23,2.557363538601011e-23,2.5573635386010078e-23,2.557363538614384e-23,2.5573635386151904e-23,2.5573635386151895e-23,2.5573635387180376e-23,2.557363538707358e-23,2.557363538707025e-23,2.5573635386244233e-23,2.5573635386242352e-23,2.557363538622233e-23,2.5573635386222328e-23,2.5573635386222046e-23,2.5573635386222154e-23,2.557363538638431e-23,2.5573635386381075e-23,2.5573635386381087e-23,2.5573635386470134e-23,2.5573635386470125e-23,2.557363538647742e-23,2.557363585176211e-23,2.55736358517621e-23,2.557363585173826e-23,2.557363585173827e-23,2.5573635851840698e-23,2.5573635851840692e-23,2.5573635851839657e-23,2.5573635851839666e-23,2.5573635851834353e-23,2.5573635851822407e-23,2.5573635851822416e-23,2.5573635851873356e-23,2.557363585195522e-23,2.5573635851955206e-23,2.5573635852822909e-23,2.557363585276281e-23,2.5573635852762656e-23,2.5573635852759593e-23,2.557363585275973e-23,2.5573635852759726e-23,2.557363585275973e-23,2.5573635852759726e-23,2.5573635852759726e-23,2.5573635852759723e-23,2.557363585275972e-23,2.5573635852771528e-23,2.5573635852771522e-23,2.5573635852768036e-23,2.5573635852610467e-23,2.55736358526129e-23,2.5573635852595562e-23,2.5573635852932626e-23,2.557363585293262e-23,2.5573635852931692e-23,2.557363585292858e-23,2.557363585950331e-23,2.5573635859493936e-23,2.5573635859493924e-23,2.5573635859494098e-23,2.5573635859531572e-23,2.5573635859531566e-23,2.557363585953157e-23,2.5573635859534837e-23,2.5573635859534837e-23,2.5573635859534837e-23,2.5573635859534843e-23,2.5573635859534846e-23,2.5573635859534787e-23,2.5573635859534767e-23,2.5573635859529498e-23,2.5573635859529495e-23,2.557363585953027e-23,2.5573635859530285e-23,2.5573635859530282e-23,2.5573635859074393e-23,2.557363585907439e-23,2.5573635859072433e-23,2.5573635859072436e-23,2.5573635858702487e-23,2.5573635858918458e-23,2.557363585894114e-23,2.5573635858941324e-23,2.5573635858941333e-23,2.5573635858940046e-23,2.5573635858951013e-23,2.5573635858951e-23,2.5573635858943514e-23,2.5573635858939094e-23,2.557363585893909e-23,2.5573635858939094e-23,2.5573635858939097e-23,2.5573635858939094e-23,2.557363585893908e-23,2.5573635858939026e-23,2.5573635858939017e-23,2.5573635858931136e-23,2.5573635858936901e-23,2.5573635858937724e-23,2.557363585893776e-23,2.5573635856531723e-23,2.5573635856531343e-23,2.5573635856531352e-23,2.5573635856430636e-23,2.5573635856428943e-23,2.557363585642912e-23,2.557363585644909e-23,2.5573635856449147e-23,2.5573635856449153e-23,2.557363585645011e-23,2.5573635856447628e-23,2.5573635856449508e-23,2.5573635856449464e-23,2.5573635856449702e-23,2.5573635856449435e-23,2.5573635856449185e-23,2.5573635856445385e-23,2.5573635856445394e-23,2.5573635856445385e-23,2.5573635856541027e-23,2.557363585654102e-23,2.5573635856541044e-23,2.5573635856540556e-23,2.5573635856540553e-23,2.5573635856540553e-23,2.5573635926807477e-23,2.557363592588763e-23,2.5573635925884296e-23,2.5573635925887605e-23,2.5573635925887588e-23,2.5573635911184402e-23,2.5573635911184396e-23,2.557363591119649e-23,2.557363591119649e-23,2.5573635911196662e-23,2.557363591119386e-23,2.5573635911193864e-23,2.5573635911147376e-23,2.557363591719007e-23,2.5573635917190073e-23,2.557363591631318e-23,2.5573635916313154e-23,2.5573635916304385e-23,2.5573635916255276e-23,2.5573635916255284e-23,2.5573635916247564e-23,2.5573635916247567e-23,2.5573635916247564e-23,2.5573635915822658e-23,2.5573635915863392e-23,2.557363591586338e-23,2.5573635915857574e-23,2.5573635915857565e-23,2.5573635915840364e-23,2.557363591621056e-23,2.557363591621055e-23,2.557363591584432e-23,2.557363591584871e-23,2.557363591586563e-23,2.557363591576802e-23,2.5573635915740118e-23,2.557363591573297e-23,2.5573635915732636e-23,2.5573635915731722e-23,2.5573635915588077e-23,2.5573635915588077e-23,2.5573635915588115e-23,2.5573635915588115e-23,2.557363591557e-23,2.557363591557096e-23,2.5573635915570973e-23,2.5573635902610258e-23,2.5573635919996768e-23,2.5573635919996745e-23,2.557363591779592e-23,2.5573635917795923e-23,2.557363591768013e-23,2.5573635917680204e-23,2.557363594313273e-23,2.5573635956438178e-23,2.5573635666891635e-23,2.5573635666891787e-23,2.5573635674744533e-23,2.557363567473187e-23,2.5573635674732405e-23,2.5573635674732393e-23,2.5573635674732396e-23,2.557363567473247e-23,2.5573635674743052e-23,2.5573635674764678e-23,2.5573635674554156e-23,2.557363567455416e-23,2.5573635674532812e-23,2.557363567453324e-23,2.5573635674676937e-23,2.5573635675160176e-23,2.5573635675160176e-23,2.557363567516135e-23,2.5573635675160908e-23,2.5573635675160935e-23,2.557363567689735e-23,2.5573635676897363e-23,2.5573635676897357e-23,2.5573635676897343e-23,2.5573635676915707e-23,2.5573635676915713e-23,2.5573635676915698e-23,2.5573635676898495e-23,2.557363567693321e-23,2.5573635676933204e-23,2.5573635676933204e-23,2.557363567693328e-23,2.557363567693328e-23,2.557363567682525e-23,2.5573635676823433e-23,2.5573635676644843e-23,2.557363567664485e-23,2.5573635676672306e-23,2.557363567666872e-23,2.5573635676581655e-23,2.557363567658165e-23,2.5573635676581916e-23,2.5573635676581857e-23,2.5573635676581896e-23,2.5573635676361702e-23,2.5573635676361696e-23,2.557363567636013e-23,2.5573635676360433e-23,2.5573635676474743e-23,2.557363567647474e-23,2.557363567647475e-23,2.5573635676474743e-23,2.5573635676476527e-23,2.557363567647652e-23,2.557363567647262e-23,2.5573635676482358e-23,2.557363567649064e-23,2.5573635676490633e-23,2.557363567650161e-23,2.557363567649865e-23,2.5573635676507387e-23,2.557363567644967e-23,2.5573635676369828e-23,2.5573635676369942e-23,2.5573635676366707e-23,2.5573635676348622e-23,2.5573635676348052e-23,2.557363567638777e-23,2.5573635676387816e-23,2.5573635676387807e-23,2.5573635676580406e-23,2.55736356765804e-23,2.5573635676582857e-23,2.5573635676582857e-23,2.5573635676582842e-23,2.5573635676580685e-23,2.5573635676588702e-23,2.5573635676588687e-23,2.5573635676575827e-23,2.5573635676575824e-23,2.5573635676575942e-23,2.557363567657607e-23,2.5573635676642657e-23,2.5573635676642666e-23,2.557363567664266e-23,2.5573635676642666e-23,2.5573635676642343e-23,2.5573635676642343e-23,2.5573635676647238e-23,2.5573635676647244e-23,2.5573635676647244e-23,2.5573635676647174e-23,2.557363567664717e-23,2.5573635676647165e-23,2.5573635676649783e-23,2.557363567665003e-23,2.5573635676650057e-23,2.5573635676650054e-23,2.557363567642978e-23,2.557363567642979e-23,2.5573635676428018e-23,2.557363567642925e-23,2.5573635674585198e-23,2.557363567458469e-23,2.55736356745847e-23,2.55736356745847e-23,2.5573635674424828e-23,2.557363567442483e-23,2.557363567442473e-23,2.5573635674424737e-23,2.557363567344627e-23,2.557363567344628e-23,2.5573635673446273e-23,2.557363567344627e-23,2.5573635667012943e-23,2.557363566701293e-23,2.557363566701741e-23,2.5573635667050902e-23,2.5573635667172055e-23,2.5573635667159727e-23,2.5573635667159703e-23,2.5573635668267833e-23,2.5573635668305693e-23,2.55736356683043e-23,2.557363566830485e-23,2.5573635668304846e-23,2.5573635668304852e-23,2.557363566781383e-23,2.5573635667813833e-23,2.5573635668774568e-23,2.5573635668728212e-23,2.5573635668728212e-23,2.5573635668503854e-23,2.5573635668493002e-23,2.5573635668492852e-23,2.557363566217387e-23,2.557363566217311e-23,2.5573635660411992e-23,2.5573635660411992e-23,2.5573635660397613e-23,2.5573635660397616e-23,2.5573635660397616e-23,2.5573635660401057e-23,2.5573635660528072e-23,2.5573635660529883e-23,2.5573635660474152e-23,2.5573635660474147e-23,2.5573635660474138e-23,2.5573635660609834e-23,2.5573635660609834e-23,2.5573635660610592e-23,2.5573635660610604e-23,2.55736356605744e-23,2.5573635660574402e-23,2.557363566057441e-23,2.557363566057366e-23,2.5573635660573582e-23,2.5573635660577434e-23,2.5573635660762772e-23,2.557363566076549e-23,2.5573635660771735e-23,2.5573635660775396e-23,2.557363566077539e-23,2.5573635660826363e-23,2.5573635660822572e-23,2.5573635660822566e-23,2.5573635660822566e-23,2.5573635660780316e-23,2.5573635660780328e-23,2.5573635660780257e-23,2.5573635660780254e-23,2.5573635660780254e-23,2.557363566078032e-23,2.5573635660780313e-23,2.5573635660806568e-23,2.5573635660806565e-23,2.557363566085604e-23,2.5573635660856044e-23,2.55736356608558e-23,2.557363566085676e-23,2.557363566085724e-23,2.5573635660857225e-23,2.5573635660857228e-23,2.5573635660858233e-23,2.557363566085824e-23,2.557363566090425e-23,2.5573635660904087e-23,2.5573635660904087e-23,2.55736356609027e-23,2.557363566090271e-23,2.5573635660888417e-23,2.55736356608884e-23,2.557363566088842e-23,2.557363566088841e-23,2.557363566088842e-23,2.5573635660888414e-23,2.5573635660880824e-23,2.557363565881431e-23,2.557363566601077e-23,2.5573635666012682e-23,2.557363566601269e-23,2.5573635666012688e-23,2.5573635666031637e-23,2.557363565902797e-23,2.5573635659031985e-23,2.5573635659031985e-23,2.5573635659031988e-23,2.5573635659031977e-23,2.5573635674896584e-23,2.5573635674901215e-23,2.5573635674866509e-23,2.5573635674866506e-23,2.557363567495452e-23,2.5573635676232512e-23,2.55736356762662e-23,2.557363567626619e-23,2.557363568100233e-23,2.5573635681005954e-23,2.557363568100364e-23,2.5573635680976428e-23,2.557363568101039e-23,2.5573635680986067e-23,2.5573635682556025e-23,2.5573635682556025e-23,2.5573635682563584e-23,2.5573635682563593e-23,2.557363567908136e-23,2.557363568364351e-23,2.5573635683647448e-23,2.5573635683647448e-23,2.5573635683647445e-23,2.5573635683585515e-23,2.557363568355947e-23,2.5573635683559466e-23,2.5573635691856434e-23,2.5573635691856428e-23,2.5573635691856425e-23,2.5573635691856434e-23,2.5573635691855123e-23,2.5573635691830984e-23,2.5573635691830979e-23,2.557363569183095e-23,2.5573635691830964e-23,2.5573635691830952e-23,2.5573635691998104e-23,2.5573635691998104e-23,2.5573635691998107e-23,2.5573635691951085e-23,2.5573635701747026e-23,2.5573635695422402e-23,2.5573635695422402e-23,2.5573635695434924e-23,2.5573635695457575e-23,2.557363569581681e-23,2.5573635695816804e-23,2.5573635695816807e-23,2.5573635740724582e-23,2.557363574072459e-23,2.5573635740724585e-23,2.5573635740724476e-23,2.5573635740726797e-23,2.557363574072681e-23,2.5573635740726818e-23,2.5573635740726812e-23,2.5573635740726812e-23,2.5573635740726803e-23,2.5573635740726806e-23,2.5573635740726818e-23,2.5573635740726812e-23,2.5573635740727056e-23,2.557363574072705e-23,2.557363574072706e-23,2.557363574071625e-23,2.557363574073664e-23,2.5573635740733548e-23,2.5573635740768016e-23,2.5573635741037954e-23,2.5573635821440642e-23,2.5573635821440642e-23,2.5573635819100618e-23,2.5573635819100618e-23,2.557363581910062e-23,2.5573635819100618e-23,2.5573635819100623e-23,2.557363581910155e-23,2.5573635819182126e-23,2.557363581918552e-23,2.557363581917635e-23,2.557363581911423e-23,2.557363581861778e-23,2.5573635818617786e-23,2.5573635818617783e-23,2.5573635573985604e-23,2.5573635573985622e-23,2.5573635573985616e-23,2.5573635573980452e-23,2.5573635573394606e-23,2.5573635573394606e-23,2.5573635573402133e-23,2.557363557342044e-23,2.557363557334515e-23,2.5573635573345148e-23,2.5573635573346943e-23,2.5573635573352968e-23,2.557363557342449e-23,2.557363557342451e-23,2.557363557339355e-23,2.5573635573393543e-23,2.557363557339577e-23,2.5573635573395773e-23,2.5573635574002602e-23,2.5573635574002807e-23,2.557363557454115e-23,2.5573635574278102e-23,2.5573635574238923e-23,2.5573635576107533e-23,2.5573635576495587e-23,2.5573635576495578e-23,2.5573635576495584e-23,2.5573635576495578e-23,2.557363557649557e-23,2.5573635576495564e-23,2.5573635576495525e-23,2.557363557649551e-23,2.5573635576495525e-23,2.5573635576480394e-23,2.5573635578775094e-23,2.5573635578778015e-23,2.5573635578103134e-23,2.5573635578103143e-23,2.5573635578106834e-23,2.5573635577646308e-23,2.5573635577649426e-23,2.557363557751941e-23,2.557363557745119e-23,2.5573635577447646e-23,2.5573635584250964e-23,2.5573635585028057e-23,2.557363558502305e-23,2.5573635584886936e-23,2.5573635584638375e-23,2.5573635584774603e-23,2.5573635584773677e-23,2.5573635584774365e-23,2.5573635584774362e-23,2.5573635582968056e-23,2.5573635582967965e-23,2.5573635536893982e-23,2.5573635536893988e-23,2.5573635539361635e-23,2.557363553936162e-23,2.5573635539356443e-23,2.5573635539338654e-23,2.5573635537557422e-23,2.557363553755799e-23,2.557363553755678e-23,2.5573635537556784e-23,2.557363553755678e-23,2.5573635537556787e-23,2.5573635537167372e-23,2.557363553715971e-23,2.55736355371597e-23,2.5573635537041395e-23,2.5573635535245524e-23,2.5573635533258883e-23,2.5573635533277138e-23,2.5573635533277133e-23,2.5573635533277135e-23,2.557363553328141e-23,2.5573635533127145e-23,2.5573635533127145e-23,2.5573635533127142e-23,2.557363553269547e-23,2.557363553269548e-23,2.55736355126379e-23,2.5573635512637909e-23,2.5573635512637906e-23,2.5573635512638335e-23,2.557363551263837e-23,2.557363551263837e-23,2.5573635512376764e-23,2.5573635507236136e-23,2.5573635511368724e-23,2.55736355113683e-23,2.5573635511368295e-23,2.557363551136212e-23,2.5573635511362115e-23,2.5573635511362115e-23,2.5573635511362136e-23,2.5573635513200682e-23,2.5573635504246386e-23,2.5573635504252975e-23,2.5573635503811445e-23,2.557363550381145e-23,2.5573635503800028e-23,2.5573635535419527e-23,2.557363553910434e-23,2.5573635539101763e-23,2.557363553910177e-23,2.557363553899232e-23,2.5573635545027286e-23,2.5573635545027298e-23,2.5573635559696453e-23,2.5573635554000534e-23,2.557363556789759e-23,2.5573635567897595e-23,2.5573635567897595e-23,2.5573635567897595e-23,2.557363556749824e-23,2.5573635620999427e-23,2.5573635621265668e-23,2.5573635621265668e-23,2.5573635621265668e-23,2.557363562126567e-23,2.5573635621265665e-23,2.5573635621265674e-23,2.557363562126567e-23,2.557363562126567e-23,2.5573635621265674e-23,2.557363562126568e-23,2.5573635621265674e-23,2.5573635621265324e-23,2.5573635621265347e-23,2.557363562126534e-23,2.557363562126534e-23,2.5573635621265336e-23,2.5573635621265327e-23,2.557363562126533e-23,2.5573635621265336e-23,2.5573635621265344e-23,2.5573635621265339e-23,2.5573635621265336e-23,2.557363562126534e-23,2.5573635621265347e-23,2.557363562126534e-23,2.557363562126534e-23,2.557363562126507e-23,2.5573635621265068e-23,2.5573635621265074e-23,2.5573635621265086e-23,2.557363562126507e-23,2.5573635621265183e-23,2.5573635621265192e-23,2.5573635621265192e-23,2.5573635621265168e-23,2.5573635621265192e-23,2.5573635621265256e-23,2.557363562125887e-23,2.557363562125888e-23,2.5573635621258723e-23,2.5573635621260134e-23,2.5573635621260137e-23,2.5573635621260137e-23,2.5573635621260134e-23,2.557363562126045e-23,2.5573635621260446e-23,2.5573635621260457e-23,2.5573635621260346e-23,2.5573635621260046e-23,2.5573635621260052e-23,2.557363562126006e-23,2.5573635621260046e-23,2.557363562126011e-23,2.5573635621260102e-23,2.5573635621260055e-23,2.5573635621260058e-23,2.5573635621260055e-23,2.5573635621259252e-23,2.5573635621259247e-23,2.5573635621259088e-23,2.557363562125909e-23,2.5573635621259082e-23,2.5573635621259085e-23,2.5573635621259085e-23,2.5573635621259088e-23,2.5573635621259194e-23,2.55736356212592e-23,2.557363562208434e-23,2.557363562208433e-23,2.5573635622081843e-23,2.5573635622081928e-23,2.5573635622082098e-23,2.5573635621343688e-23,2.5573635621343668e-23,2.5573635624164404e-23,2.5573635624164407e-23,2.5573635624164416e-23,2.557363562373227e-23,2.557363562373227e-23,2.5573635623732178e-23,2.5573635623730494e-23,2.5573635623479197e-23,2.5573635623479203e-23,2.5573635623446988e-23,2.5573635623449513e-23,2.557363562344952e-23,2.5573635623449237e-23,2.5573635623448925e-23,2.557363562344886e-23,2.5573635623448857e-23,2.5573635623448857e-23,2.5573635623448855e-23,2.5573635623448857e-23,2.5573635623449013e-23,2.5573635623450106e-23,2.557363562345014e-23,2.5573635623450136e-23,2.557363562345014e-23,2.5573635623450148e-23,2.5573635623449425e-23,2.5573635623446142e-23,2.5573635623446142e-23,2.5573635623446683e-23,2.5573635623446677e-23,2.5573635623446677e-23,2.5573635623486218e-23,2.557363562348621e-23,2.5573635623486212e-23,2.5573635623485733e-23,2.557363562416619e-23,2.5573635624166197e-23,2.5573635624167696e-23,2.5573635624167343e-23,2.5573635624165724e-23,2.557363562416574e-23,2.5573635624165718e-23,2.557363562416572e-23,2.5573635624166094e-23,2.55736356241661e-23,2.5573635624166097e-23,2.557363562412761e-23,2.5573635624118866e-23,2.557363562411864e-23,2.557363563489035e-23,2.557363563489035e-23,2.5573635633265934e-23,2.5573635633267635e-23,2.5573635633305868e-23,2.5573635633305287e-23,2.557363563327199e-23,2.5573635633271985e-23,2.5573635633274198e-23,2.5573635616325362e-23,2.5573635616386003e-23,2.5573635616386008e-23,2.5573635614785085e-23,2.557363561478442e-23,2.5573635614784424e-23,2.5573635614791906e-23,2.5573635614790792e-23,2.557363561479079e-23,2.55736356147906e-23,2.55736356147906e-23,2.5573635614790598e-23,2.5573635614790578e-23,2.5573635614775816e-23,2.5573635612935642e-23,2.5573635612988797e-23,2.557363561298879e-23,2.5573635612988786e-23,2.5573635612983467e-23,2.5573635612978103e-23,2.55736356129781e-23,2.557363561302169e-23,2.5573635613059962e-23,2.5573635613648188e-23,2.5573635613648194e-23,2.5573635613648197e-23,2.5573635613648185e-23,2.5573635613647395e-23,2.5573635613902577e-23,2.557363561390258e-23,2.557363561390308e-23,2.5573635612662316e-23,2.5573635613015364e-23,2.557363561299237e-23,2.5573635612991504e-23,2.5573635612994933e-23,2.5573635613123915e-23,2.5573635612832574e-23,2.5573635612832565e-23,2.5573635612860286e-23,2.5573635612860292e-23,2.557363561140332e-23,2.5573635611403335e-23,2.5573635600063397e-23,2.5573635600063394e-23,2.5573635600063388e-23,2.5573635600063388e-23,2.5573635600058213e-23,2.55736356000582e-23,2.5573635600198446e-23,2.557363560019844e-23,2.5573635600198455e-23,2.5573635600254082e-23,2.5573635600254085e-23,2.5573635604787914e-23,2.557363560543268e-23,2.5573635605432676e-23,2.5573635606469994e-23,2.557363560646998e-23,2.5573635607617626e-23,2.5573635607661337e-23,2.5573635607662988e-23,2.5573635607662004e-23,2.5573635607661977e-23,2.5573635607660038e-23,2.5573635605304882e-23,2.5573635605304894e-23,2.5573635605304894e-23,2.557363560530488e-23,2.5573635605304885e-23,2.5573635605372067e-23,2.557363560537207e-23,2.557363560537207e-23,2.5573635605362793e-23,2.5573635605362795e-23,2.557363560532714e-23,2.557363560532715e-23,2.5573635605357526e-23,2.5573635605357523e-23,2.5573635604214825e-23,2.5573635604208742e-23,2.557363557135592e-23,2.5573635584833163e-23,2.55736355846942e-23,2.557363558469223e-23,2.557363558469224e-23,2.5573635584692383e-23,2.5573635584692388e-23,2.5573635584721335e-23,2.5573635586653007e-23,2.5573635586653004e-23,2.5573635586681963e-23,2.5573635586681966e-23,2.5573635586663108e-23,2.5573635586663134e-23,2.557363558666312e-23,2.5573635552614147e-23,2.5573635552622607e-23,2.5573635552622616e-23,2.5573635552623624e-23,2.557363555262362e-23,2.5573635552623624e-23,2.5573635552623624e-23,2.5573635552620453e-23,2.5573635552623436e-23,2.5573635552623421e-23,2.5573635552623433e-23,2.5573636051347024e-23,2.5573636080023594e-23,2.5573636080023423e-23,2.5573636080023426e-23,2.5573636079984024e-23,2.557363607998404e-23,2.557363607998537e-23,2.5573636079985364e-23,2.557363607997745e-23,2.5573636079778304e-23,2.557363607977831e-23,2.557363607977831e-23,2.5573636079778306e-23,2.5573636079661765e-23,2.5573636079661762e-23,2.5573636079273126e-23,2.5573636079272894e-23,2.5573636079264195e-23,2.5573636079264195e-23,2.5573636079264198e-23,2.5573636079264257e-23,2.557363607925874e-23,2.5573636078295614e-23,2.557363607727372e-23,2.557363607726981e-23,2.557363605981116e-23,2.5573636059811163e-23,2.557363608130568e-23,2.5573636081342546e-23,2.5573636081342998e-23,2.557363608134337e-23,2.5573636081343377e-23,2.5573636081343383e-23,2.5573636080891088e-23,2.5573636081012188e-23,2.5573636081013407e-23,2.5573636081013404e-23,2.5573636081013407e-23,2.5573636081013407e-23,2.557363608098293e-23,2.5573636080983135e-23,2.5573635587964765e-23,2.5573635603279828e-23,2.5573635606766068e-23,2.5573635606766074e-23,2.5573635606850442e-23,2.5573635607421639e-23,2.5573635606880614e-23,2.5573635606838408e-23,2.5573635606841603e-23,2.557363560683958e-23,2.5573635606837938e-23,2.557363560684638e-23,2.5573635606844644e-23,2.557363560684464e-23,2.557363560641055e-23,2.557363560644696e-23,2.557363560788633e-23,2.5573635607886326e-23,2.557363560788633e-23,2.557363560790227e-23,2.55736356079028e-23,2.5573635607898078e-23,2.5573635607861097e-23,2.5573635607906518e-23,2.5573635607905822e-23,2.5573635607905854e-23,2.5573635607905863e-23,2.5573635607905845e-23,2.557363560790585e-23,2.5573635607616818e-23,2.5573635607639887e-23,2.557363560763989e-23,2.5573635607639893e-23,2.5573635607810075e-23,2.5573635607812435e-23,2.5573635607812432e-23,2.5573635607824795e-23,2.5573635607824795e-23,2.5573635607824795e-23,2.55736356078248e-23,2.5573635607827504e-23,2.5573635607827484e-23,2.5573635607827493e-23,2.5573635607827496e-23,2.557363560782749e-23,2.5573635607827598e-23,2.55736356078276e-23,2.5573635607804374e-23,2.5573635607804218e-23,2.557363560778596e-23,2.5573635607838498e-23,2.5573635607838507e-23,2.557363560783857e-23,2.5573635607835906e-23,2.55736356078359e-23,2.5573635607838795e-23,2.5573635606441088e-23,2.5573635606441097e-23,2.5573635606441103e-23,2.5573635606441165e-23,2.5573635606441168e-23,2.5573635606444782e-23,2.557363560657284e-23,2.5573635606575153e-23,2.5573635606575156e-23,2.5573635606359856e-23,2.557363560633144e-23,2.5573635606331444e-23,2.557363560452289e-23,2.5573635604522887e-23,2.557363560279808e-23,2.557363560218591e-23,2.557363560218547e-23,2.5573635602259088e-23,2.5573635602236348e-23,2.557363560224118e-23,2.5573635602241176e-23,2.557363560023862e-23,2.5573635632160652e-23,2.557363563232229e-23,2.5573635631408244e-23,2.557363563140825e-23,2.5573635631408238e-23,2.5573635631417404e-23,2.5573635631417466e-23,2.5573635633131925e-23,2.5573635633131963e-23,2.5573635633131954e-23,2.557363563313001e-23,2.5573635633129544e-23,2.5573635633131258e-23,2.557363563313125e-23,2.557363563313125e-23,2.5573635633130823e-23,2.5573635633130828e-23,2.5573635633130817e-23,2.5573635633130823e-23,2.5573635633130826e-23,2.5573635633127032e-23,2.557363563312626e-23,2.5573635633126247e-23,2.5573635633126253e-23,2.5573635633118086e-23,2.5573635633119194e-23,2.5573635633119194e-23,2.5573635633117986e-23,2.5573635633117998e-23,2.5573635633120572e-23,2.5573635633117116e-23,2.5573635633115623e-23,2.5573635633115618e-23,2.5573635633115612e-23,2.557363563311561e-23,2.557363563311567e-23,2.557363563311549e-23,2.5573635633117025e-23,2.557363563311848e-23,2.557363563311637e-23,2.5573635633116628e-23,2.557363563311274e-23,2.5573635633112773e-23,2.5573635633112785e-23,2.5573635633112752e-23,2.5573635633112773e-23,2.5573635633111577e-23,2.5573635633110298e-23,2.5573635633110296e-23,2.5573635633109772e-23,2.557363563311344e-23,2.55736356331107e-23,2.5573635633110695e-23,2.5573635633111083e-23,2.557363563311108e-23,2.5573635633111086e-23,2.5573635633109893e-23,2.5573635633109417e-23,2.5573635633109667e-23,2.5573635633109887e-23,2.5573635633109887e-23,2.5573635633109855e-23,2.5573635633109855e-23,2.5573635633109843e-23,2.557363563310986e-23,2.557363563311025e-23,2.5573635633110257e-23,2.5573635633110257e-23,2.55736356331094e-23,2.5573635633111074e-23,2.5573635633111095e-23,2.5573635633111086e-23,2.557363563311108e-23,2.5573635633111086e-23,2.5573635633111083e-23,2.5573635633111442e-23,2.5573635633110275e-23,2.5573635633110636e-23,2.5573635633110645e-23,2.5573635633139965e-23,2.5573635633112085e-23,2.557363563311233e-23,2.5573635633112232e-23,2.5573635633112238e-23,2.5573635633108982e-23,2.5573635633124922e-23,2.557363563313801e-23,2.5573635633136823e-23,2.5573635633136823e-23,2.5573635633168294e-23,2.5573635633168388e-23,2.5573635633168386e-23,2.5573635633148952e-23,2.5573635633144282e-23,2.5573635633144288e-23,2.5573635633144282e-23,2.5573635632759892e-23,2.557363563275841e-23,2.557363563275841e-23,2.5573635632735184e-23,2.557363563259205e-23,2.5573635632592055e-23,2.557363563259205e-23,2.5573635632662315e-23,2.5573635632657892e-23,2.557363563265255e-23,2.557363563265734e-23,2.5573635632657333e-23,2.5573635632652267e-23,2.5573635632651911e-23,2.5573635632655867e-23,2.557363563265502e-23,2.5573635632646163e-23,2.5573635632644506e-23,2.5573635632645038e-23,2.5573635632645026e-23,2.557363563264663e-23,2.557363563264521e-23,2.5573635632354423e-23,2.557363563335246e-23,2.5573635633352753e-23,2.5573635633321955e-23,2.5573635633322422e-23,2.5573635633322416e-23,2.5573635633457143e-23,2.5573635633463614e-23,2.557363563394871e-23,2.5573635633976364e-23,2.5573635633961074e-23,2.5573635633944033e-23,2.557363563396609e-23,2.5573635632482723e-23,2.557363563248272e-23,2.5573635632511713e-23,2.5573635633376983e-23,2.557363563305706e-23,2.5573635633057072e-23,2.55736356341364e-23,2.5573635634138915e-23,2.5573635634071286e-23,2.5573635634069743e-23,2.557363563406975e-23,2.557363563406975e-23,2.5573635634069655e-23,2.557363563407028e-23,2.5573635634070284e-23,2.5573635634070292e-23,2.5573635634069875e-23,2.5573635634069678e-23,2.5573635634076384e-23,2.5573635634087425e-23,2.557363563408744e-23,2.557363563408743e-23,2.5573635634087428e-23,2.5573635634090523e-23,2.557363563409052e-23,2.5573635634090517e-23,2.5573635634090528e-23,2.5573635634090514e-23,2.5573635634121444e-23,2.5573635634121412e-23,2.557363563413279e-23,2.557363563413279e-23,2.5573635634132782e-23,2.5573635634133184e-23,2.5573635634133187e-23,2.5573635634133175e-23,2.557363563413318e-23,2.5573635634133175e-23,2.5573635634133167e-23,2.5573635634133175e-23,2.5573635634093453e-23,2.5573635634093464e-23,2.5573635634095113e-23,2.5573635634095095e-23,2.5573635634095113e-23,2.557363563409511e-23,2.557363563408347e-23,2.5573635634084965e-23,2.5573635634079538e-23,2.557363563409516e-23,2.5573635634095254e-23,2.5573635634095242e-23,2.557363563409518e-23,2.5573635634104823e-23,2.5573635634121708e-23,2.5573635634121706e-23,2.5573635634129393e-23,2.5573635634129434e-23,2.5573635634156397e-23,2.5573635634216744e-23,2.5573635634302817e-23,2.5573635634300404e-23,2.5573635633748154e-23,2.5573635633748157e-23,2.557363563374816e-23,2.5573635633748157e-23,2.557363563374816e-23,2.5573635633748513e-23,2.5573635633748507e-23,2.557363563374851e-23,2.5573635633748507e-23,2.55736356337236e-23,2.5573635633723607e-23,2.5573635633722637e-23,2.5573635633722637e-23,2.55736356337466e-23,2.5573635628138813e-23,2.5573635628117515e-23,2.5573635628117513e-23,2.5573635628117518e-23,2.5573635628117533e-23,2.557363562883822e-23,2.5573635629733873e-23,2.5573635623885442e-23,2.5573635623885433e-23,2.557363562091562e-23,2.5573635620915567e-23,2.5573635620915573e-23,2.5573635620162992e-23,2.557363538356755e-23,2.5573635388374723e-23,2.5573635388374717e-23,2.5573635388374094e-23,2.557363539394912e-23,2.557363539395639e-23,2.5573635391015903e-23,2.557363539101591e-23,2.5573635391015912e-23,2.557363539081321e-23,2.557363539135812e-23,2.5573635391350798e-23,2.5573635390170702e-23,2.5573635390170687e-23,2.5573635390170696e-23,2.5573635390183556e-23,2.557363539014724e-23,2.5573635390147233e-23,2.5573635390147453e-23,2.5573635390147474e-23,2.557363539014748e-23,2.5573635390147492e-23,2.5573635390147486e-23,2.5573635384343091e-23,2.55736353843432e-23,2.5573635384355073e-23,2.557363539476182e-23,2.557363538868435e-23,2.5573635388684033e-23,2.5573635388684033e-23,2.557363538868403e-23,2.5573635390848013e-23,2.5573635390898574e-23,2.5573635390898577e-23,2.5573635390898568e-23,2.557363538641666e-23,2.5573635386443083e-23,2.5573635386443095e-23,2.5573635384932208e-23,2.557363538493222e-23,2.557363538493221e-23,2.5573635384932214e-23,2.557363538496998e-23,2.557363538496998e-23,2.5573635384969988e-23,2.5573635385037967e-23,2.557363538503581e-23,2.557363538503582e-23,2.5573635385035807e-23,2.557363538503581e-23,2.557363538503582e-23,2.5573635385035807e-23,2.5573635383052137e-23,2.5573635383052134e-23,2.557363538124811e-23,2.5573635381248106e-23,2.5573635381248106e-23,2.557363538124811e-23,2.557363538124971e-23,2.5573635393455215e-23,2.557363539345522e-23,2.5573635393455212e-23,2.5573635393506925e-23,2.5573635393506928e-23,2.5573635393468066e-23,2.5573635393468063e-23,2.5573635393433186e-23,2.557363539345945e-23,2.557363540576875e-23,2.557363540576875e-23,2.5573635405768748e-23,2.5573635404027038e-23,2.557363540401533e-23,2.5573635404586782e-23,2.5573635404586785e-23,2.557363540458679e-23,2.557363540405795e-23,2.5573635404068272e-23,2.5573635404068275e-23,2.557363540406133e-23,2.557363540412367e-23,2.5573635404123646e-23,2.557363540412365e-23,2.557363540412365e-23,2.5573635404221915e-23,2.557363540333967e-23,2.5573635403339683e-23,2.5573635403013083e-23,2.5573635403486763e-23,2.5573635403486763e-23,2.5573635403486772e-23,2.5573635403484457e-23,2.5573635403480833e-23,2.5573635402948522e-23,2.5573635402948534e-23,2.5573635404437824e-23,2.557363540445078e-23,2.5573635404466923e-23,2.557363540449691e-23,2.557363540449184e-23,2.5573635402908306e-23,2.5573635410545407e-23,2.5573635409991015e-23,2.5573635409991018e-23,2.5573635409989966e-23,2.5573635409989974e-23,2.5573635409968945e-23,2.5573635411334934e-23,2.557363541132524e-23,2.5573635411766743e-23,2.5573635411766734e-23,2.5573635411766728e-23,2.557363541170754e-23,2.557363541170819e-23,2.5573635412110875e-23,2.5573635412101894e-23,2.5573635412101885e-23,2.5573635407691354e-23,2.557363540769134e-23,2.5573635407809894e-23,2.55736354073388e-23,2.5573635407338803e-23,2.5573635407279008e-23,2.557363540743063e-23,2.5573635406718576e-23,2.5573635406737255e-23,2.55736354068617e-23,2.5573635407918868e-23,2.5573635407948094e-23,2.5573635398887868e-23,2.557363539888242e-23,2.5573635398956567e-23,2.5573635398956573e-23,2.557363540098274e-23,2.5573635400982743e-23,2.5573635400611172e-23,2.557363540061117e-23,2.5573635401461384e-23,2.5573635401261476e-23,2.557363540126147e-23,2.5573635401156358e-23,2.5573635400867997e-23,2.5573635400867988e-23,2.5573635400807923e-23,2.5573635400807944e-23,2.5573635400818573e-23,2.557363540080923e-23,2.5573635400455772e-23,2.5573635400427798e-23,2.5573635400427795e-23,2.5573635400429185e-23,2.5573635400376664e-23,2.557363540061866e-23,2.5573635400618648e-23,2.5573635400616474e-23,2.5573635400561666e-23,2.5573635400561663e-23,2.557363540041395e-23,2.5573635400404473e-23,2.5573635400408546e-23,2.5573635400408543e-23,2.5573635401840854e-23,2.5573635401840854e-23,2.5573635401181463e-23,2.5573635401116514e-23,2.5573635401116514e-23,2.5573635401772552e-23,2.5573635401772558e-23,2.5573635401776498e-23,2.5573635401776507e-23,2.5573635401776504e-23,2.557363539906211e-23,2.5573635399060821e-23,2.557363539908502e-23,2.5573635397126237e-23,2.557363539709517e-23,2.557363539709776e-23,2.557363539709516e-23,2.557363539710418e-23,2.5573635397104182e-23,2.557363539941534e-23,2.557363539941533e-23,2.557363539941534e-23,2.557363539941536e-23,2.5573635401807828e-23,2.55736354018075e-23,2.55736354018088e-23,2.5573635401808816e-23,2.5573635401858974e-23,2.557363540185898e-23,2.5573635401854075e-23,2.5573635401854078e-23,2.5573635401854548e-23,2.5573635401484996e-23,2.5573635401485005e-23,2.5573635401394777e-23,2.5573635401390313e-23,2.557363540168017e-23,2.557363540168013e-23,2.5573635401680129e-23,2.5573635401676567e-23,2.5573635400294867e-23,2.557363540029486e-23,2.5573635399933206e-23,2.5573635398275274e-23,2.557363539834106e-23,2.5573635398235286e-23,2.5573635398161936e-23,2.557363539816195e-23,2.5573635395311056e-23,2.5573635395311118e-23,2.557363539508981e-23,2.5573635394197205e-23,2.5573635394197296e-23,2.557363539427596e-23,2.557363539427595e-23,2.5573635393275594e-23,2.557363539431953e-23,2.55736353937326e-23,2.55736353908006e-23,2.5573635390964587e-23,2.5573635389084613e-23,2.5573635389084624e-23,2.5573635389084618e-23,2.5573635389084613e-23,2.5573635389084615e-23,2.5573635389102342e-23,2.5573635389102345e-23,2.5573635389102357e-23,2.5573635384940578e-23,2.55736353848391e-23,2.5573635387012507e-23,2.5573635387014006e-23,2.5573635387014023e-23,2.5573635387039702e-23,2.557363538698562e-23,2.557363538870694e-23,2.557363539965529e-23,2.5573635399430967e-23,2.5573635399772857e-23,2.557363539977285e-23,2.5573635402059446e-23,2.557363540192382e-23,2.557363540198391e-23,2.5573635402132268e-23,2.5573635291996643e-23,2.5573635276907622e-23,2.5573635276907607e-23,2.557363527685302e-23,2.5573635295254396e-23,2.557363529525438e-23,2.5573635296393462e-23,2.5573635296397368e-23,2.5573635296172613e-23,2.5573635296172616e-23,2.5573635296172537e-23,2.557363529617253e-23,2.5573635296172534e-23,2.5573635296172543e-23,2.557363529974595e-23,2.5573635299745957e-23,2.557363529967731e-23,2.557363530142401e-23,2.5573635301063443e-23,2.557363530109296e-23,2.5573635300858375e-23,2.5573635300560848e-23,2.557363530114871e-23,2.557363530114871e-23,2.5573635301148707e-23,2.55736353011487e-23,2.5573635301138918e-23,2.557363529174672e-23,2.5573635291733186e-23,2.5573635291737494e-23,2.55736352927981e-23,2.557363529314938e-23,2.557363529270281e-23,2.5573635293451755e-23,2.5573635293451747e-23,2.557363529329668e-23,2.5573635293296678e-23,2.5573635292549546e-23,2.5573635291701003e-23,2.557363528928731e-23,2.557363542763176e-23,2.5573635427584777e-23,2.5573635412405224e-23,2.5573635412405216e-23,2.5573635412877224e-23,2.5573635412846343e-23,2.5573635412507648e-23,2.5573635412410843e-23,2.5573635412397545e-23,2.5573635412397548e-23,2.5573635412397607e-23,2.557363541260342e-23,2.557363541260342e-23,2.5573635412072368e-23,2.5573635412072368e-23,2.5573635412091764e-23,2.5573635415228506e-23,2.5573635414918757e-23,2.557363541491875e-23,2.5573635414908757e-23,2.5573635414933915e-23,2.557363541493391e-23,2.557363541492918e-23,2.557363541490539e-23,2.557363541490711e-23,2.5573635414801905e-23,2.5573635412146154e-23,2.5573635410540544e-23,2.5573635414319526e-23,2.5573635414319523e-23,2.5573635414322197e-23,2.5573635414322197e-23,2.5573635414154257e-23,2.5573635414154325e-23,2.5573635414143642e-23,2.5573635414026334e-23,2.557363541402634e-23,2.5573635414026337e-23,2.5573635414026337e-23,2.5573635414026343e-23,2.5573635413808594e-23,2.5573635413870343e-23,2.5573635413870795e-23,2.5573635413783665e-23,2.557363541378367e-23,2.557363541378367e-23,2.5573635413269845e-23,2.557363541321599e-23,2.5573635413816253e-23,2.5573635413816247e-23,2.5573635413829098e-23,2.55736354126004e-23,2.5573635412600427e-23,2.5573635412600433e-23,2.557363541260043e-23,2.557363541260043e-23,2.5573635412547533e-23,2.5573635412547518e-23,2.557363541120843e-23,2.5573635411259523e-23,2.5573635411259523e-23,2.557363541125952e-23,2.5573635412418496e-23,2.5573635412418496e-23,2.55736354124185e-23,2.557363541247044e-23,2.5573635412478343e-23,2.5573635412359121e-23,2.557363541235911e-23,2.5573635412214838e-23,2.5573635423686123e-23,2.557363542368224e-23,2.5573635423682247e-23,2.5573635423721003e-23,2.5573635423719405e-23,2.5573635423707276e-23,2.5573635423708948e-23,2.5573635418098896e-23,2.55736354108039e-23,2.557363541057877e-23,2.5573635410578774e-23,2.5573635410578768e-23,2.557363541057881e-23,2.557363541058233e-23,2.55736354105908e-23,2.5573635410590796e-23,2.5573635410590805e-23,2.5573635410590805e-23,2.557363541058958e-23,2.5573635410589588e-23,2.5573635410589582e-23,2.55736354105896e-23,2.5573635411758752e-23,2.5573635414610537e-23,2.5573635414516926e-23,2.55736354151642e-23,2.5573635411979025e-23,2.5573635411980595e-23,2.5573635411980595e-23,2.557363541182749e-23,2.55736354118275e-23,2.557363541981067e-23,2.5573635419798114e-23,2.5573635419807083e-23,2.55736354441543e-23,2.5573635444154316e-23,2.55736354441543e-23,2.5573635434668817e-23,2.5573635435148554e-23,2.557363543514271e-23,2.5573635435142712e-23,2.5573635435112663e-23,2.5573635435247713e-23,2.5573635435250293e-23,2.5573635435250284e-23,2.5573635435249793e-23,2.5573635435287947e-23,2.557363543959109e-23,2.5573635439591082e-23,2.5573635437674935e-23,2.5573635437674935e-23,2.5573635437674932e-23,2.5573635437674926e-23,2.5573635438440538e-23,2.557363543843981e-23,2.5573635438439818e-23,2.557363543843983e-23,2.5573635438477336e-23,2.5573635438477342e-23,2.55736354384063e-23,2.5573635438308018e-23,2.5573635438308018e-23,2.5573635438308015e-23,2.5573635438308018e-23,2.5573635438307448e-23,2.557363544111384e-23,2.5573635441096303e-23,2.5573635441096056e-23,2.557363544117247e-23,2.557363544117247e-23,2.5573635441172463e-23,2.5573635438507996e-23,2.5573635557173813e-23,2.5573635560117113e-23,2.5573635560622946e-23,2.5573635560216895e-23,2.5573635560221594e-23,2.5573635560320262e-23,2.557363556031516e-23,2.5573635560315154e-23,2.557363556031521e-23,2.5573635560315213e-23,2.5573635560314496e-23,2.5573635560314502e-23,2.557363556029879e-23,2.5573635560298427e-23,2.5573635560298424e-23,2.5573635560298427e-23,2.5573635560298424e-23,2.5573635335166785e-23,2.5573635335166782e-23,2.5573635335166788e-23,2.5573635335207178e-23,2.5573635335207187e-23,2.5573635335207184e-23,2.5573635335207193e-23,2.5573635335207184e-23,2.557363533520721e-23,2.5573635335206052e-23,2.5573635335206067e-23,2.5573635335206076e-23,2.5573635335242784e-23,2.557363533524279e-23,2.5573635335242786e-23,2.5573635335236674e-23,2.5573635325762627e-23,2.5573635323570783e-23,2.557363532358474e-23,2.5573635311381115e-23,2.5573635311381297e-23,2.557363531139584e-23,2.557363531139584e-23,2.557363531139584e-23,2.5573635311396147e-23,2.5573635310869026e-23,2.5573635310451281e-23,2.5573635310451287e-23,2.5573635310451281e-23,2.557363531045128e-23,2.5573635315211017e-23,2.557363531521103e-23,2.5573635315214035e-23,2.5573635315214343e-23,2.5573635315215016e-23,2.5573635315213077e-23,2.5573635315213077e-23,2.5573635315212233e-23,2.5573635315212233e-23,2.5573635315190734e-23,2.5573635315190734e-23,2.5573635315678722e-23,2.5573635323703514e-23,2.5573635323703517e-23,2.5573635325938913e-23,2.557363532593889e-23,2.5573635325938893e-23,2.557363532593889e-23,2.5573635325868404e-23,2.55736353258684e-23,2.557363534623844e-23,2.557363534774629e-23,2.557363534774628e-23,2.5573635346321727e-23,2.5573635331610324e-23,2.5573635340147836e-23,2.5573635335465017e-23,2.5573635335465005e-23,2.5573635335618563e-23,2.5573635335618563e-23,2.5573635333238483e-23,2.5573635319896602e-23,2.557363531993837e-23,2.5573635320017228e-23,2.55736353200829e-23,2.5573635320082903e-23,2.5573635320082903e-23,2.5573635320122426e-23,2.557363532012243e-23,2.5573635320125324e-23,2.5573635320252597e-23,2.5573635320252597e-23,2.557363532023171e-23,2.5573635320577357e-23,2.557363532057737e-23,2.5573635320577616e-23,2.5573635320577613e-23,2.5573635320577604e-23,2.5573635320577607e-23,2.557363532104105e-23,2.557363532104103e-23,2.5573635321099923e-23,2.5573635321184024e-23,2.5573635323317593e-23,2.5573635320388573e-23,2.5573635321780734e-23,2.5573635321780734e-23,2.5573635321644888e-23,2.5573635321644903e-23,2.5573635322110408e-23,2.5573635322110408e-23,2.5573635322680778e-23,2.5573635323956442e-23,2.5573635323956445e-23,2.5573635323956448e-23,2.5573635323956445e-23,2.55736353132709e-23,2.5573635313270728e-23,2.5573635313270728e-23,2.5573635313270763e-23,2.5573635313270763e-23,2.5573635313270763e-23,2.5573635312204008e-23,2.5573635289014073e-23,2.5573635262804728e-23,2.5573635261784622e-23,2.557363526176806e-23,2.5573635291722788e-23,2.5573635291881098e-23,2.557363529979178e-23,2.557363529606189e-23,2.5573635296061896e-23,2.557363529606489e-23,2.5573635296064868e-23,2.5573635296067833e-23,2.5573635293456125e-23,2.557363529328892e-23,2.5573635283760416e-23,2.5573635283760413e-23,2.557363528378574e-23,2.5573635288900714e-23,2.5573635288900708e-23,2.5573635296618825e-23,2.5573635296618816e-23,2.5573635295804046e-23,2.5573635295804052e-23,2.557363529580405e-23,2.5573635288699408e-23,2.5573635288699417e-23,2.5573635288699417e-23,2.5573635288838775e-23,2.557363528883877e-23,2.5573635291101434e-23,2.557363529200853e-23,2.5573635289916747e-23,2.557363528991675e-23,2.557363528978911e-23,2.5573635288838695e-23,2.5573635288908302e-23,2.557363528890831e-23,2.5573635288876226e-23,2.5573635287834526e-23,2.5573635287841288e-23,2.5573635287888332e-23,2.5573635287058738e-23,2.5573635287061357e-23,2.557363528598773e-23,2.557363528598773e-23,2.5573635285987745e-23,2.5573635285843777e-23,2.5573635285843777e-23,2.557363528584377e-23,2.5573635285843774e-23,2.557363528584875e-23,2.5573635285778125e-23,2.557363528740381e-23,2.557363528740382e-23,2.55736352874038e-23,2.5573635285017342e-23,2.5573635274718102e-23,2.5573635276205026e-23,2.557363527614756e-23,2.5573635272626527e-23,2.5573635272626474e-23,2.5573635268832078e-23,2.5573635269196617e-23,2.5573635264529613e-23,2.5573635263153262e-23,2.5573635264318127e-23,2.5573635265007428e-23,2.5573635265004172e-23,2.5573635265513737e-23,2.5573635266287588e-23,2.557363526450966e-23,2.5573635264509653e-23,2.5573635264509653e-23,2.5573635264512333e-23,2.5573635256388877e-23,2.557363525620022e-23,2.5573635256098227e-23,2.5573635256263343e-23,2.5573635256263334e-23,2.557363526500687e-23,2.5573635266664458e-23,2.557363523054804e-23,2.5573635230658046e-23,2.557363523065805e-23,2.5573635230658028e-23,2.5573635230635647e-23,2.5573635245945923e-23,2.5573635214786477e-23,2.5573635215022417e-23,2.557363521546382e-23,2.557363521750571e-23,2.557363521779436e-23,2.5573635218149855e-23,2.55736352183448e-23,2.5573635218466885e-23,2.5573635218460796e-23,2.5573635218466982e-23,2.557363521833512e-23,2.557363521951821e-23,2.5573635219518192e-23,2.5573635197888934e-23,2.5573635197888934e-23,2.5573635197898817e-23,2.5573635213328447e-23,2.5573635208204602e-23,2.5573635208181166e-23,2.5573635195493914e-23,2.557363519550274e-23,2.5573635195502733e-23,2.5573635195502736e-23,2.5573635195502328e-23,2.557363519374003e-23,2.5573635193740018e-23,2.5573635193740024e-23,2.5573635254729546e-23,2.5573635254731342e-23,2.5573635254728967e-23,2.557363525472896e-23,2.5573635254811725e-23,2.5573635300391248e-23,2.5573635288158137e-23,2.557363528777477e-23,2.557363528778609e-23,2.5573635287786096e-23,2.5573635286598614e-23,2.5573635288505637e-23,2.5573635292029313e-23,2.5573635292029313e-23,2.5573635292029313e-23,2.557363529402208e-23,2.5573635293266677e-23,2.5573635293284383e-23,2.557363529328426e-23,2.5573635297763965e-23,2.5573635299136076e-23,2.557363529901668e-23,2.5573635299016687e-23,2.557363529992808e-23,2.5573635300220287e-23,2.5573635300220293e-23,2.5573635300220284e-23,2.557363529925705e-23,2.5573635299279307e-23,2.5573635299279307e-23,2.5573635299279298e-23,2.5573635305469052e-23,2.5573635305469052e-23,2.5573635305098718e-23,2.5573635305098715e-23,2.557363532600574e-23,2.557363532600575e-23,2.5573635335912765e-23,2.5573635335912762e-23,2.5573635340318333e-23,2.5573635340318333e-23,2.557363534030276e-23,2.5573635340305647e-23,2.5573635340305644e-23,2.5573635340326723e-23,2.5573635341987415e-23,2.557363534198741e-23,2.5573635342195427e-23,2.5573635360021317e-23,2.557363536002566e-23,2.5573635359611728e-23,2.5573635363112685e-23,2.557363536504668e-23,2.557363536504669e-23,2.5573635364412696e-23,2.5573635364349716e-23,2.5573635364858738e-23,2.557363536485874e-23,2.5573635364663594e-23,2.5573635364663594e-23,2.557363536466359e-23,2.5573635364436967e-23,2.5573635364436965e-23,2.5573635364441637e-23,2.5573635364441625e-23,2.5573635368240465e-23,2.5573635368155803e-23,2.55736353690727e-23,2.5573635366853164e-23,2.5573635366853173e-23,2.5573635366844633e-23,2.5573635403812672e-23,2.5573635403812666e-23,2.5573635403812602e-23,2.55736354038126e-23,2.5573635400408887e-23,2.55736354004089e-23,2.5573635400408232e-23,2.5573635400408235e-23,2.5573635400408235e-23,2.557363539967252e-23,2.5573635399672522e-23,2.557363543844938e-23,2.5573635438452175e-23,2.5573635438451273e-23,2.5573635438451285e-23,2.5573635438451287e-23,2.5573635438451296e-23,2.5573635438451258e-23,2.5573635438466995e-23,2.5573635438467004e-23,2.5573635438516904e-23,2.557363543851691e-23,2.5573635438516912e-23,2.5573635438454676e-23,2.557363543845467e-23,2.5573635438462596e-23,2.5573635403713678e-23,2.5573635403713687e-23,2.5573635455276162e-23,2.557363545599156e-23,2.5573635456086612e-23,2.5573635456138378e-23,2.557363546320587e-23,2.5573635463185693e-23,2.557363546318566e-23,2.5573635463079117e-23,2.557363552254255e-23,2.5573635523078867e-23,2.5573635513711658e-23,2.5573635513711658e-23,2.557363551371167e-23,2.557363551371642e-23,2.5573635513698545e-23,2.5573635513102955e-23,2.5573635513102958e-23,2.557363551310303e-23,2.5573635513102437e-23,2.5573635513102437e-23,2.5573635513102426e-23,2.5573635513103154e-23,2.557363551310245e-23,2.5573635513078375e-23,2.5573635513078372e-23,2.5573635513078372e-23,2.557363551307836e-23,2.557363551047482e-23,2.557363551047536e-23,2.5573635487740024e-23,2.557363548773815e-23,2.55736354875599e-23,2.5573635487555357e-23,2.5573635487555522e-23,2.5573635487555472e-23,2.5573635487491052e-23,2.5573635487491063e-23,2.5573635487487343e-23,2.5573635487487346e-23,2.5573635487484363e-23,2.5573635487484366e-23,2.5573635487461805e-23,2.5573635487461805e-23,2.5573635487461817e-23,2.55736354874618e-23,2.5573635487461802e-23,2.55736354874618e-23,2.5573635487470407e-23,2.557363548747041e-23,2.5573635487455164e-23,2.5573635487455152e-23,2.557363548745514e-23,2.5573635487455134e-23,2.5573635490578864e-23,2.5573635490580383e-23,2.5573635813561806e-23,2.5573635813551015e-23,2.5573635813562887e-23,2.5573635813596853e-23,2.5573635793283858e-23,2.557363579328385e-23,2.5573635793276735e-23,2.557363579327673e-23,2.557363579327704e-23,2.5573635793294787e-23,2.557363579329478e-23,2.5573635793294787e-23,2.5573635794391456e-23,2.5573635794598352e-23,2.5573635794598346e-23,2.5573635794598343e-23,2.5573635794577234e-23,2.5573635794577237e-23,2.557363575458541e-23,2.5573635749576786e-23,2.5573635749576783e-23,2.5573635749581314e-23,2.5573635749581273e-23,2.5573635749577024e-23,2.5573635750165547e-23,2.5573635750757003e-23,2.55736357507498e-23,2.5573635750422986e-23,2.5573635750409056e-23,2.5573635750409062e-23,2.557363575043795e-23,2.557363575164018e-23,2.5573635751643258e-23,2.5573635751643229e-23,2.5573635748709192e-23,2.557363576282696e-23,2.557363576284733e-23,2.5573635762847814e-23,2.5573635785980415e-23,2.5573635787942285e-23,2.5573635787940634e-23,2.5573635787940622e-23,2.5573635787947452e-23,2.5573635791452244e-23,2.5573635791510825e-23,2.5573635796113455e-23,2.557363579611346e-23,2.5573635794873132e-23,2.557363579149253e-23,2.5573635791492516e-23,2.5573635791489293e-23,2.5573635791962118e-23,2.5573635795125117e-23,2.5573635795125273e-23,2.5573635795125282e-23,2.5573635801738343e-23,2.5573635801738343e-23,2.5573635801738454e-23,2.5573635801738454e-23,2.5573635801737887e-23,2.55736358017379e-23,2.5573635801737908e-23,2.5573635801734925e-23,2.5573635800950782e-23,2.5573635800950594e-23,2.5573635800950597e-23,2.5573635800968505e-23,2.557363580097801e-23,2.5573635800990458e-23,2.5573635800990455e-23,2.5573635800990185e-23,2.557363580098321e-23,2.557363580098316e-23,2.5573635800983167e-23,2.5573635800983164e-23,2.5573635800596256e-23,2.5573635800594278e-23,2.5573635800700607e-23,2.557363580071619e-23,2.5573635800716192e-23,2.5573635800719603e-23,2.5573635800719603e-23,2.557363580286366e-23,2.5573635802906258e-23,2.5573635802906258e-23,2.5573635802909623e-23,2.5573635802909658e-23,2.5573635797564967e-23,2.557363579756156e-23,2.5573635797561564e-23,2.557363579067679e-23,2.5573635790677058e-23,2.5573635790677044e-23,2.557363578730141e-23,2.5573635786281003e-23,2.5573635786338667e-23,2.5573635786338667e-23,2.5573635786338673e-23,2.5573635786342467e-23,2.5573635786367317e-23,2.5573635786367323e-23,2.5573635786367323e-23,2.5573635786369947e-23,2.557363578637856e-23,2.557363578637855e-23,2.5573635786029774e-23,2.557363577992309e-23,2.5573635779914782e-23,2.5573635806166327e-23,2.5573635809438216e-23,2.5573635809223994e-23,2.5573635809223996e-23,2.5573635802192712e-23,2.5573635801949614e-23,2.5573635802028513e-23,2.5573635801978517e-23,2.5573635801956556e-23,2.557363580194049e-23,2.5573635801876222e-23,2.557363580200517e-23,2.5573635802005186e-23,2.557363580210039e-23,2.5573635802008706e-23,2.557363580198148e-23,2.55736358017578e-23,2.557363580175909e-23,2.5573635801759087e-23,2.5573635801770525e-23,2.5573635801761033e-23,2.5573635801758015e-23,2.557363580175802e-23,2.5573635801758012e-23,2.5573635801778192e-23,2.557363580196917e-23,2.5573635801946005e-23,2.5573635801913982e-23,2.557363580228884e-23,2.5573635804051398e-23,2.5573635804024814e-23,2.5573635804024908e-23,2.557363580330353e-23,2.5573635803303525e-23,2.55736358032207e-23,2.5573635802981272e-23,2.5573635802981422e-23,2.5573635802986286e-23,2.5573635676902782e-23,2.557363567696829e-23,2.5573635676968284e-23,2.5573635676968284e-23,2.5573635676968284e-23,2.5573635676938135e-23,2.5573635676938126e-23,2.5573635677165552e-23,2.5573635677165452e-23,2.5573635677534557e-23,2.557363567750647e-23,2.5573635677017372e-23,2.557363567586688e-23,2.5573635675862552e-23,2.5573635676128854e-23,2.5573635676173047e-23,2.557363567617305e-23,2.557363567617311e-23,2.557363567617206e-23,2.5573635675869287e-23,2.5573635675863724e-23,2.5573635675863724e-23,2.5573635675863724e-23,2.557363567586518e-23,2.5573635675865176e-23,2.557363567586518e-23,2.5573635675865173e-23,2.557363567586517e-23,2.5573635675862505e-23,2.5573635675862505e-23,2.5573635675862505e-23,2.5573635675862273e-23,2.5573635675863022e-23,2.5573635675845816e-23,2.557363567448842e-23,2.5573635674488693e-23,2.5573635674488687e-23,2.5573635674478454e-23,2.5573635672366185e-23,2.5573635672366206e-23,2.5573635672366185e-23,2.5573635663913752e-23,2.5573635663862535e-23,2.5573635663862535e-23,2.5573635663862538e-23,2.557363566386255e-23,2.557363566386255e-23,2.5573635663862535e-23,2.5573635664071397e-23,2.55736356640714e-23,2.557363566404466e-23,2.5573635664044655e-23,2.557363566489118e-23,2.5573635674134325e-23,2.5573635674130405e-23,2.5573635674130405e-23,2.557363567454871e-23,2.5573635674548728e-23,2.5573635674699247e-23,2.5573635674703006e-23,2.5573635674702997e-23,2.5573635674698145e-23,2.557363567469814e-23,2.5573635674698154e-23,2.557363567747042e-23,2.557363567747042e-23,2.5573635677470422e-23,2.557363567747043e-23,2.5573635676917014e-23,2.5573635676917067e-23,2.5573635675581315e-23,2.5573635678709823e-23,2.557363567943049e-23,2.5573635679429684e-23,2.5573635681004205e-23,2.5573635679003138e-23,2.5573635679003114e-23,2.5573635679003117e-23,2.5573635679003117e-23,2.5573635654170884e-23,2.5573635652127132e-23,2.5573635651451578e-23,2.557363567451542e-23,2.5573635667774366e-23,2.5573635667773987e-23,2.557363570357805e-23,2.5573635703578037e-23,2.557363570357804e-23,2.5573635703572372e-23,2.5573635703774036e-23,2.5573635703774033e-23,2.5573635703774042e-23,2.5573635703774033e-23,2.5573635724353548e-23,2.5573635724547214e-23,2.5573635726935095e-23,2.5573635726785005e-23,2.5573635726906693e-23,2.557363572686443e-23,2.5573635726030215e-23,2.557363572619868e-23,2.557363572614025e-23,2.5573635726140635e-23,2.5573635726146815e-23,2.5573635726221188e-23,2.557363572679166e-23,2.5573635723042414e-23,2.5573635723042417e-23,2.5573635723042993e-23,2.557363572304299e-23,2.5573635723042998e-23,2.5573635723042995e-23,2.5573635723043004e-23,2.55736357230426e-23,2.557363572327568e-23,2.5573635723275726e-23,2.5573635723270504e-23,2.5573635723270504e-23,2.5573635722823924e-23,2.5573635722824442e-23,2.557363572282444e-23,2.5573635722823475e-23,2.5573635722756204e-23,2.5573635722756204e-23,2.5573635722685586e-23,2.557363572415056e-23,2.5573635724150543e-23,2.5573635724822356e-23,2.557363572482236e-23,2.557363572487528e-23,2.557363572487528e-23,2.5573635724799287e-23,2.5573635724757422e-23,2.5573635724757295e-23,2.5573635724757292e-23,2.5573635724489935e-23,2.557363572448994e-23,2.5573635724490055e-23,2.557363572446949e-23,2.557363572446949e-23,2.5573635724469496e-23,2.5573635725625924e-23,2.5573635725617075e-23,2.5573635727147296e-23,2.5573635728325685e-23,2.5573635728325682e-23,2.557363572832565e-23,2.5573635728325652e-23,2.5573635728325652e-23,2.557363572833181e-23,2.557363572833169e-23,2.5573635728331812e-23,2.5573635728331753e-23,2.5573635728721735e-23,2.5573635728666616e-23,2.5573635727828965e-23,2.557363572861811e-23,2.5573635728618115e-23,2.5573635728618115e-23,2.5573635728745295e-23,2.5573635728815563e-23,2.5573635728815557e-23,2.557363572881557e-23,2.5573635728815563e-23,2.557363572883573e-23,2.5573635728835732e-23,2.557363572409911e-23,2.5573635720436645e-23,2.557363572202817e-23,2.5573635721097317e-23,2.557363572109733e-23,2.5573635721097326e-23,2.557363573639252e-23,2.5573635736392515e-23,2.5573635734666533e-23,2.5573635734666536e-23,2.5573635715454286e-23,2.5573635715454283e-23,2.5573635715970945e-23,2.5573635713821856e-23,2.5573635713983663e-23,2.5573635713983672e-23,2.5573635714307897e-23,2.5573636448546865e-23,2.5573636448546874e-23,2.5573636448546868e-23,2.5573636448546848e-23,2.557363644876885e-23,2.5573636448768848e-23,2.557363644876827e-23,2.557363644876827e-23,2.557363644877069e-23,2.557363645867302e-23,2.5573636460754818e-23,2.557363646076462e-23,2.557363646076461e-23,2.557363646074366e-23,2.557363645983188e-23,2.557363645983188e-23,2.557363645983187e-23,2.557363645983188e-23,2.5573636460168455e-23,2.557363645966591e-23,2.5573636459612772e-23,2.5573636459612763e-23,2.5573636459612784e-23,2.5573636458890378e-23,2.5573636458891007e-23,2.5573636463903476e-23,2.5573636463903485e-23,2.5573636296672354e-23,2.557363629667234e-23,2.55736362966715e-23,2.5573636296671493e-23,2.557363629667182e-23,2.5573636299674088e-23,2.5573636299674576e-23,2.557363629944925e-23,2.557363629910342e-23,2.5573636298887136e-23,2.557363629853058e-23,2.5573636298530582e-23,2.5573636298530585e-23,2.557363624045058e-23,2.5573636240453802e-23,2.5573636220679345e-23,2.5573636220679342e-23,2.557363622458196e-23,2.557363616687719e-23,2.5573636166922546e-23,2.5573636166922513e-23,2.557363616692252e-23,2.557363616692251e-23,2.5573636169739315e-23,2.5573636169725724e-23,2.5573636161948562e-23,2.5573636158268592e-23,2.5573636158286738e-23,2.5573636158286706e-23,2.5573636158286706e-23,2.557363616148981e-23,2.557363616148982e-23,2.5573636161489813e-23,2.5573636161951953e-23,2.557363616303489e-23,2.5573636163046562e-23,2.557363613287827e-23,2.5573636132877705e-23,2.5573636132877714e-23,2.5573636132877702e-23,2.5573636132865304e-23,2.5573636132865304e-23,2.5573636133475647e-23,2.5573636124501032e-23,2.557363612450113e-23,2.557363612313718e-23,2.557363612505646e-23,2.557363612775225e-23,2.5573636127481422e-23,2.5573636127481428e-23,2.5573636127363996e-23,2.5573636127364e-23,2.557363612683152e-23,2.5573636126704517e-23,2.5573636126449382e-23,2.5573636126449385e-23,2.5573636126449394e-23,2.5573636126449382e-23,2.5573636126449382e-23,2.5573636126449382e-23,2.5573636126449385e-23,2.5573636126449385e-23,2.5573636129600033e-23,2.557363613017611e-23,2.5573636133427016e-23,2.5573636134427136e-23,2.557363613443455e-23,2.5573636134576903e-23,2.557363613419928e-23,2.5573636133654774e-23,2.557363613365521e-23,2.5573636133655206e-23,2.5573636133655206e-23,2.557363613301775e-23,2.5573636133017747e-23,2.5573636133017742e-23,2.5573636133017786e-23,2.5573636135432457e-23,2.5573636135339622e-23,2.5573636135384247e-23,2.557363613537957e-23,2.557363613537957e-23,2.557363613180678e-23,2.5573636131806774e-23,2.5573636131808663e-23,2.557363613149567e-23,2.557363613149566e-23,2.5573636131783143e-23,2.5573636135286187e-23,2.5573636153127652e-23,2.5573636153127638e-23,2.5573636153127338e-23,2.5573636158790194e-23,2.557363615879022e-23,2.5573636113739605e-23,2.5573636113739605e-23,2.557363611373951e-23,2.5573636113739508e-23,2.5573636110970358e-23,2.5573635580794182e-23,2.5573635573506008e-23,2.5573635572118114e-23,2.5573635574280227e-23,2.5573635575204612e-23,2.5573635634926522e-23,2.5573635634456595e-23,2.5573635634996967e-23,2.557363562843096e-23,2.5573635628430935e-23,2.557363560683021e-23,2.5573635605102864e-23,2.557363560510287e-23,2.557363560694092e-23,2.5573635606940938e-23,2.5573635606898626e-23,2.5573635606898626e-23,2.5573635606898626e-23,2.5573635606898623e-23,2.557363560671525e-23,2.557363560696397e-23,2.5573635610551795e-23,2.5573635593919746e-23,2.5573635593919746e-23,2.557363559391974e-23,2.5573635593919746e-23,2.5573635593616662e-23,2.5573635593616653e-23,2.557363559287228e-23,2.5573635592872977e-23,2.5573635592880465e-23,2.557363559418075e-23,2.557363559418075e-23,2.55736355943693e-23,2.5573635593432086e-23,2.5573635593432074e-23,2.557363558756611e-23,2.557363559107737e-23,2.5573635591077377e-23,2.557363559111271e-23,2.557363559111271e-23,2.557363559111271e-23,2.5573635592803476e-23,2.5573635591218566e-23,2.5573635591289704e-23,2.557363559176041e-23,2.5573635591760407e-23,2.55736355944142e-23,2.5573635595449946e-23,2.5573635592721288e-23,2.557363559288137e-23,2.557363559271986e-23,2.5573635589729426e-23,2.557363556757668e-23,2.5573635567576665e-23,2.55736355675139e-23,2.5573635569551968e-23,2.557363556949484e-23,2.557363556908755e-23,2.5573635569087554e-23,2.557363556908952e-23,2.5573635569089526e-23,2.5573635569076014e-23,2.5573635568904865e-23,2.5573635568948423e-23,2.557363556894843e-23,2.557363556889459e-23,2.5573635568929832e-23,2.5573635568929838e-23,2.5573635568929823e-23,2.5573635569099e-23,2.55736355691063e-23,2.5573635569106268e-23,2.557363556915336e-23,2.5573635569153355e-23,2.557363556958142e-23,2.5573635569569298e-23,2.5573635569569295e-23,2.5573635569569245e-23,2.5573635569582628e-23,2.5573635569582584e-23,2.5573635569553244e-23,2.5573635569553253e-23,2.5573635569553258e-23,2.5573635569746992e-23,2.5573635569748082e-23,2.557363556974808e-23,2.5573635569748082e-23,2.5573635569748085e-23,2.5573635569748132e-23,2.557363556972825e-23,2.5573635569728986e-23,2.5573635569730502e-23,2.5573635569722183e-23,2.5573635569722186e-23,2.5573635569722183e-23,2.5573635569722183e-23,2.5573635569722183e-23,2.557363556970771e-23,2.557363557019162e-23,2.557363557030424e-23,2.5573635570310183e-23,2.5573635570310192e-23,2.5573635570312848e-23,2.557363557031545e-23,2.557363557257328e-23,2.5573635572496917e-23,2.5573635573825034e-23,2.5573635573452555e-23,2.557363557340685e-23,2.5573635572372896e-23,2.5573635571681852e-23,2.5573635571758462e-23,2.5573635571764904e-23,2.557363557107555e-23,2.5573635571392722e-23,2.5573635571302853e-23,2.557363557130364e-23,2.5573635571319853e-23,2.5573635571353387e-23,2.5573635571623022e-23,2.5573635572312964e-23,2.5573635572287552e-23,2.5573635572575572e-23,2.557363557255564e-23,2.557363557265456e-23,2.5573635572601177e-23,2.5573635572601177e-23,2.5573635572649325e-23,2.5573635572648103e-23,2.557363557264772e-23,2.557363557257238e-23,2.5573635572494087e-23,2.5573635572498695e-23,2.557363557250481e-23,2.5573635572504813e-23,2.5573635572463747e-23,2.5573635572463756e-23,2.5573635572463747e-23,2.5573635572463762e-23,2.5573635572460385e-23,2.557363557246547e-23,2.557363557243906e-23,2.5573635572443632e-23,2.5573635572444305e-23,2.5573635572394722e-23,2.5573635572385838e-23,2.5573635572385844e-23,2.5573635572392962e-23,2.5573635572407276e-23,2.557363557240592e-23,2.5573635572405916e-23,2.5573635572407147e-23,2.5573635572404232e-23,2.5573635572629615e-23,2.557363557263134e-23,2.557363557267574e-23,2.5573635572688367e-23,2.5573635572688358e-23,2.5573635572688358e-23,2.5573635572688358e-23,2.5573635572688358e-23,2.557363557268836e-23,2.5573635572688364e-23,2.557363557268836e-23,2.5573635572688346e-23,2.5573635572688337e-23,2.5573635573791918e-23,2.5573635573791927e-23,2.5573635581105826e-23,2.557363558110652e-23,2.5573635581106517e-23,2.557363558110652e-23,2.557363558110652e-23,2.5573635581106514e-23,2.5573635583026457e-23,2.5573635574141624e-23,2.5573635574141624e-23,2.5573635565969353e-23,2.557363556581503e-23,2.557363556580984e-23,2.5573635560695897e-23,2.5573635560695888e-23,2.55736355606807e-23,2.5573635560680695e-23,2.5573635560680686e-23,2.5573635560680695e-23,2.5573635560680674e-23,2.5573635560680662e-23,2.557363556068066e-23,2.5573635561033799e-23,2.5573635561033799e-23,2.5573635561033799e-23,2.5573635561033807e-23,2.55736355610338e-23,2.5573635561033796e-23,2.5573635561033796e-23,2.5573635551495682e-23,2.5573635551495687e-23,2.557363554759165e-23,2.5573635547591865e-23,2.5573635547652053e-23,2.557363555325161e-23,2.5573635553251805e-23,2.5573635553251794e-23,2.557363560050833e-23,2.5573635567167604e-23,2.5573635567167596e-23,2.5573635567167593e-23,2.5573635567167601e-23,2.5573635566987242e-23,2.5573635567406524e-23,2.5573635567406515e-23,2.557363556823563e-23,2.557363556817685e-23,2.5573635568176852e-23,2.557363556818028e-23,2.5573635568002902e-23,2.5573635556455592e-23,2.557363555645558e-23,2.557363555762271e-23,2.557363555762271e-23,2.5573635557622705e-23,2.5573635553673138e-23,2.5573635553547016e-23,2.5573635553382947e-23,2.5573635552885668e-23,2.5573635552885668e-23,2.557363555288521e-23,2.5573635556234014e-23,2.5573635553401934e-23,2.5573635553401925e-23,2.5573635553401934e-23,2.5573635553398205e-23,2.557363555338505e-23,2.557363555338504e-23,2.5573635644573678e-23,2.5573635644573678e-23,2.5573635644573693e-23,2.5573635717196836e-23,2.5573635717196827e-23,2.557363575527781e-23,2.557363576434585e-23,2.557363592458654e-23,2.557363593840792e-23,2.557363593176499e-23,2.557363593176504e-23,2.5573635931765048e-23,2.557363593180252e-23,2.5573635957409562e-23,2.5573635951087374e-23,2.5573635951087374e-23,2.5573635955829662e-23,2.5573635955829665e-23,2.5573635955829665e-23,2.5573635955829668e-23,2.5573635955829665e-23,2.5573635955829665e-23,2.557363595780954e-23,2.5573635964056662e-23,2.557363596405665e-23,2.5573635964056656e-23,2.557363596405665e-23,2.5573635964056233e-23,2.557363596059934e-23,2.5573635960599348e-23,2.5573635960599354e-23,2.5573635960599334e-23,2.557363604561247e-23,2.5573636048497567e-23,2.5573636048497576e-23,2.557363604849773e-23,2.5573636061185924e-23,2.5573636061185927e-23,2.5573636061185933e-23,2.5573636016183995e-23,2.5573635983826082e-23,2.5573635983826053e-23,2.557363598382606e-23,2.557363598382606e-23,2.557363598382607e-23,2.5573635984527773e-23,2.5573635984527802e-23,2.557363598452778e-23,2.557363598332569e-23,2.5573635986437105e-23,2.5573635986437096e-23,2.557363601311965e-23,2.5573636013119648e-23,2.557363601311965e-23,2.557363601311965e-23,2.5573636015890882e-23,2.5573636015890885e-23,2.557363601589088e-23,2.55736360167702e-23,2.5573636014520132e-23,2.5573636014520138e-23,2.5573636014520138e-23,2.557363601452014e-23,2.5573636014520138e-23,2.557363601452896e-23,2.557363601452895e-23,2.5573636014337898e-23,2.557363601431534e-23,2.5573636012575862e-23,2.5573636012575865e-23,2.5573636012575865e-23,2.5573636012575862e-23,2.557363601257587e-23,2.557363601257581e-23,2.557363601321022e-23,2.5573636014589727e-23,2.557363601393161e-23,2.5573636013779682e-23,2.5573636013779697e-23,2.5573636013789133e-23,2.5573636017611042e-23,2.5573636017611042e-23,2.5573636017589806e-23,2.5573636004835522e-23,2.5573636004865283e-23,2.5573636004865286e-23,2.5573636004870346e-23,2.5573636004405573e-23,2.5573636012808574e-23,2.5573636018382257e-23,2.5573636024003398e-23,2.5573636024003398e-23,2.5573636023079562e-23,2.557363602307955e-23,2.5573636023079538e-23,2.5573636018245115e-23,2.5573636018245127e-23,2.5573635941620533e-23,2.557363594162053e-23,2.5573635943516045e-23,2.557363594351695e-23,2.5573635943516947e-23,2.5573635945475317e-23,2.5573635945475335e-23,2.557363594547535e-23,2.5573635945493723e-23,2.55736359453719e-23,2.5573635945372382e-23,2.5573635942505428e-23,2.5573635942505425e-23,2.5573635942505428e-23,2.5573635942505425e-23,2.5573635942465494e-23,2.5573635942642473e-23,2.5573635942302088e-23,2.557363594471995e-23,2.557363594470682e-23,2.5573635944706817e-23,2.5573635946126118e-23,2.5573635944605637e-23,2.5573635947271067e-23,2.5573635947271058e-23,2.5573635947748027e-23,2.557363594774801e-23,2.5573635947748012e-23,2.5573635947748012e-23,2.5573635947748012e-23,2.557363594841945e-23,2.5573635936853443e-23,2.5573635936853437e-23,2.557363593685344e-23,2.5573635936853422e-23,2.5573635937291402e-23,2.5573635937291402e-23,2.557363583343515e-23,2.5573635836648844e-23,2.5573635829392785e-23,2.557363582942814e-23,2.557363582942814e-23,2.557363582942337e-23,2.5573635829423368e-23,2.5573635826540642e-23,2.557363582654065e-23,2.557363582654077e-23,2.5573635826540765e-23,2.557363582650232e-23,2.557363582692022e-23,2.5573635800042075e-23,2.55736357978169e-23,2.5573635947946e-23,2.557363594794601e-23,2.5573635948047243e-23,2.557363594787433e-23,2.5573635945178408e-23,2.557363594517841e-23,2.5573635970121966e-23,2.5573635960991032e-23,2.5573635960991014e-23,2.557363601580652e-23,2.557363614312123e-23,2.5573636143451735e-23,2.5573636143451732e-23,2.557363614347715e-23,2.5573636139004346e-23,2.557363613900434e-23,2.5573636128070436e-23,2.5573636127909998e-23,2.557363612527301e-23,2.5573636117207645e-23,2.5573636118855744e-23,2.557363611885612e-23,2.557363611885313e-23,2.5573636118852138e-23,2.5573636118852147e-23,2.557363611885214e-23,2.557363611885113e-23,2.5573636118851127e-23,2.5573636118851107e-23,2.5573636117436217e-23,2.5573636117436226e-23,2.557363608729003e-23,2.55736360872923e-23,2.5573636087292304e-23,2.557363608695498e-23,2.5573636086954987e-23,2.557363608606582e-23,2.5573636086065808e-23,2.557363608816045e-23,2.5573636087347805e-23,2.557363608983852e-23,2.5573636074553075e-23,2.5573636074555832e-23,2.5573636070106362e-23,2.557363606846659e-23,2.5573636068466577e-23,2.5573636068466586e-23,2.5573636068466577e-23,2.5573636068595076e-23,2.5573636072459535e-23,2.5573636072147702e-23,2.55736360721848e-23,2.5573636072184804e-23,2.5573636100795296e-23,2.55736361007953e-23,2.5573636057030204e-23,2.5573636057668345e-23,2.5573636089993952e-23,2.5573636116380435e-23,2.557363611638042e-23,2.5573636116380415e-23,2.5573636116238242e-23,2.557363611628093e-23,2.5573636118801657e-23,2.5573636112096843e-23,2.557363601831021e-23,2.5573636018082256e-23,2.5573636018082203e-23,2.5573636019978343e-23,2.5573636019979904e-23,2.5573636019979745e-23,2.5573636019979757e-23,2.557363601997975e-23,2.5573636019938926e-23,2.557363602001245e-23,2.5573636068389083e-23,2.5573636085104668e-23,2.557363599460185e-23,2.55736359946512e-23,2.5573635994651216e-23,2.5573635994653772e-23,2.5573635994653772e-23,2.5573635995406603e-23,2.557363599540663e-23,2.5573635995406638e-23,2.5573635995406632e-23,2.5573635995333978e-23,2.5573635995333978e-23,2.557363599533398e-23,2.5573636006150903e-23,2.557363601147452e-23,2.557363603732504e-23,2.55736359869145e-23,2.5573635986895845e-23,2.5573636039126132e-23,2.5573636039142522e-23,2.557363596686945e-23,2.5573636026697927e-23,2.5573636033714665e-23,2.5573636033714653e-23,2.5573636034794233e-23,2.557363603476893e-23,2.5573636034768933e-23,2.5573636039264303e-23,2.5573636003007505e-23,2.557363600408006e-23,2.5573635992096857e-23,2.5573635992101122e-23,2.5573635992101448e-23,2.5573635992112953e-23,2.55736359793166e-23,2.5573636006810855e-23,2.5573636006810852e-23,2.5573636006810852e-23,2.5573636006143142e-23,2.5573636002205556e-23,2.5573635987141493e-23,2.5573635987141488e-23,2.5573635987141493e-23,2.557363598666202e-23,2.5573635986662024e-23,2.5573635986685634e-23,2.557363598668563e-23,2.5573635986685552e-23,2.5573635986685546e-23,2.5573635986685546e-23,2.5573635986685554e-23,2.5573635986685622e-23,2.5573635986685625e-23,2.5573635978130412e-23,2.5573635978115293e-23,2.5573635978543137e-23,2.5573635978544242e-23,2.557363597854425e-23,2.5573635978544248e-23,2.5573635978544254e-23,2.557363597965636e-23,2.5573635979656363e-23,2.5573635980125126e-23,2.5573636001085907e-23,2.557363600108592e-23,2.557363600108591e-23,2.5573635999955316e-23,2.5573636000196548e-23,2.5573636000196592e-23,2.5573636002012352e-23,2.55736360023622e-23,2.5573636002362194e-23,2.557363600236219e-23,2.5573636002362194e-23,2.557363600236219e-23,2.5573636015719216e-23,2.5573636014826002e-23,2.5573636031356303e-23,2.5573635951582116e-23,2.5573635949266384e-23,2.5573635949243664e-23,2.5573635949243653e-23,2.5573635946079674e-23,2.5573635968010432e-23,2.557363596801043e-23,2.557363596801022e-23,2.5573635968010855e-23,2.5573635968007134e-23,2.557363596800711e-23,2.557363596601888e-23,2.5573635966018915e-23,2.5573635966018915e-23,2.5573635965978258e-23,2.557363596597846e-23,2.5573635965980083e-23,2.557363596566546e-23,2.5573635965633388e-23,2.5573635965473092e-23,2.5573635965420027e-23,2.5573635959966962e-23,2.5573635959966953e-23,2.5573635967756922e-23,2.5573635967829502e-23,2.5573635967829508e-23,2.5573635967829505e-23,2.5573635970721457e-23,2.5573635978761814e-23,2.5573635981767216e-23,2.5573635982019024e-23,2.5573635982047885e-23,2.5573635941843202e-23,2.557363594184533e-23,2.5573635941845388e-23,2.557363594184541e-23,2.5573635384524764e-23,2.5573635222739816e-23,2.5573635222739804e-23,2.5573635227679158e-23,2.5573635227679167e-23,2.5573635227679176e-23,2.557363522956299e-23,2.557363522956299e-23,2.5573635229523782e-23,2.5573635229523773e-23,2.5573635229523785e-23,2.557363522769706e-23,2.5573635221010464e-23,2.557363522101046e-23,2.5573635152606085e-23,2.55736351511605e-23,2.5573635151160492e-23,2.557363515116046e-23,2.5573635150899085e-23,2.5573635150899082e-23,2.5573635150900046e-23,2.5573635150907872e-23,2.5573635150672197e-23,2.5573635150672206e-23,2.5573635150672227e-23,2.557363512887919e-23,2.557363512910499e-23,2.5573635129104988e-23,2.5573635185168916e-23,2.5573635185150654e-23,2.5573635185150657e-23,2.5573635184396772e-23,2.5573635184396783e-23,2.55736351614423e-23,2.5573635161560707e-23,2.5573635161560687e-23,2.5573635161560693e-23,2.5573635161560698e-23,2.5573635161558844e-23,2.55736351793781e-23,2.5573635168394073e-23,2.5573635168394082e-23,2.5573635168394073e-23,2.5573635167752027e-23,2.5573635167752033e-23,2.5573635167764567e-23,2.5573635167764567e-23,2.557363516781205e-23,2.5573635167812057e-23,2.5573635177810803e-23,2.55736351778108e-23,2.557363517781079e-23,2.55736351778108e-23,2.5573635177810794e-23,2.5573635177902606e-23,2.557363517774671e-23,2.5573635150133257e-23,2.5573635150768817e-23,2.55736351507688e-23,2.5573635150768805e-23,2.5573635150768796e-23,2.55736351507688e-23,2.5573635150778503e-23,2.5573635132638174e-23,2.557363513263818e-23,2.557363513263818e-23,2.5573635128772132e-23,2.5573635128772126e-23,2.557363512876175e-23,2.557363512901368e-23,2.5573635111312635e-23,2.5573635111312632e-23,2.5573635118469474e-23,2.5573635103679618e-23,2.557363510357384e-23,2.5573635103573844e-23,2.557363510357384e-23,2.5573635103558736e-23,2.5573635103558733e-23,2.5573635103561716e-23,2.5573635103989908e-23,2.5573635116339002e-23,2.5573635116339e-23,2.5573635116338996e-23,2.5573635116338984e-23,2.5573635138901158e-23,2.5573635141958684e-23,2.5573635141956912e-23,2.5573635141956912e-23,2.557363513898347e-23,2.557363513838117e-23,2.5573635139466248e-23,2.5573635093998476e-23,2.5573635093441644e-23,2.5573635093441635e-23,2.5573635098288907e-23,2.5573635098288904e-23,2.5573635098288907e-23,2.557363509828889e-23,2.5573635098269873e-23,2.5573635098269864e-23,2.5573634977277256e-23,2.5573634977872814e-23,2.5573634977872805e-23,2.5573634977872814e-23,2.557363497791512e-23,2.5573634977955084e-23,2.557363502652647e-23,2.5573635024497555e-23,2.5573635024473043e-23,2.557363502447322e-23,2.557363502447322e-23,2.5573635026801585e-23,2.5573635026801588e-23,2.557363502681015e-23,2.5573635024653986e-23,2.5573635024653978e-23,2.5573635024653986e-23,2.5573635045389533e-23,2.557363504538953e-23,2.557363504538953e-23,2.5573635045389536e-23,2.557363504538953e-23,2.5573635045384064e-23,2.5573635044233796e-23,2.557363504450098e-23,2.5573635044500983e-23,2.5573635044501004e-23,2.557363504450109e-23,2.557363504399728e-23,2.557363504399728e-23,2.5573635043997284e-23,2.5573635043982323e-23,2.557363505519789e-23,2.5573635055192066e-23,2.557363504304284e-23,2.557363503551784e-23,2.5573635035517826e-23,2.5573635035517835e-23,2.5573635060381233e-23,2.557363506038123e-23,2.5573635090173326e-23,2.5573635090173312e-23,2.5573635090173314e-23,2.5573635090255446e-23,2.557363509013579e-23,2.557363509153238e-23,2.557363509146129e-23,2.5573635089315856e-23,2.5573635089315856e-23,2.557363508920723e-23,2.5573635089207234e-23,2.5573635126722464e-23,2.5573635129415154e-23,2.557363513400769e-23,2.557363513432935e-23,2.5573635134329355e-23,2.5573635134329352e-23,2.5573635134329346e-23,2.5573635134501812e-23,2.557363513449683e-23,2.5573635147710627e-23,2.5573635147710616e-23,2.5573635145549152e-23,2.5573635142827733e-23,2.5573635142856444e-23,2.5573635142834918e-23,2.5573635142834903e-23,2.557363514737849e-23,2.5573635167229147e-23,2.5573635167250088e-23,2.557363516725009e-23,2.557363516725009e-23,2.5573635167929533e-23,2.5573635170706773e-23,2.5573635170706782e-23,2.557363517008037e-23,2.5573635170080358e-23,2.557363517008036e-23,2.5573635146313097e-23,2.5573635146313097e-23,2.55736351463131e-23,2.557363514623675e-23,2.557363514623675e-23,2.557363513817029e-23,2.5573635138170283e-23,2.5573635138170295e-23,2.5573635138175675e-23,2.557363513817568e-23,2.5573635129831535e-23,2.557363512983154e-23,2.5573635129831532e-23,2.557363512983153e-23,2.5573635129831532e-23,2.557363512983154e-23,2.5573635129669402e-23,2.5573635129669404e-23,2.5573635129669404e-23,2.5573635129669407e-23,2.5573635130010183e-23,2.5573635129612458e-23,2.5573635126591428e-23,2.5573635132631277e-23,2.5573635142650403e-23,2.557363514331213e-23,2.5573635143312045e-23,2.5573635143242212e-23,2.5573635143238644e-23,2.557363514323197e-23,2.5573635145008633e-23,2.5573635145234128e-23,2.5573635144974835e-23,2.5573635144974838e-23,2.55736351441924e-23,2.5573635135790733e-23,2.5573635135790747e-23,2.5573635130582963e-23,2.5573635130582958e-23,2.5573635130582958e-23,2.5573635130301006e-23,2.557363513030101e-23,2.5573635130270185e-23,2.557363513026862e-23,2.5573635119772715e-23,2.5573635119771066e-23,2.5573635120007605e-23,2.5573635120007602e-23,2.557363512189528e-23,2.557363512189528e-23,2.5573635131305143e-23,2.5573635123452177e-23,2.5573635123217316e-23,2.5573635123217316e-23,2.5573635123217322e-23,2.557363512321732e-23,2.557363511786163e-23,2.5573635117861634e-23,2.557363511779586e-23,2.5573635117795857e-23,2.5573635117776523e-23,2.557363511597153e-23,2.55736351159863e-23,2.5573635155718265e-23,2.5573635155718265e-23,2.5573635155718268e-23,2.557363515571827e-23,2.557363515571837e-23,2.5573635156571354e-23,2.557363515657136e-23,2.5573635156571354e-23,2.5573635156571354e-23,2.557363515740446e-23,2.557363515740445e-23,2.5573635157404444e-23,2.5573635153528848e-23,2.5573635153406756e-23,2.5573635153406753e-23,2.557363515326207e-23,2.5573635153697626e-23,2.5573635159087967e-23,2.5573635159088005e-23,2.5573635158993463e-23,2.5573635160879115e-23,2.557363516087913e-23,2.557363515498901e-23,2.557363515498974e-23,2.557363515498981e-23,2.5573635161416124e-23,2.5573635161855991e-23,2.5573635161855994e-23,2.5573635161855997e-23,2.5573635161856e-23,2.5573635159062503e-23,2.557363514346311e-23,2.5573635143463096e-23,2.5573635143463096e-23,2.5573635143463093e-23,2.5573635143459105e-23,2.5573635143459093e-23,2.5573635131163728e-23,2.5573635131163725e-23,2.5573635131163722e-23,2.557363513178348e-23,2.557363513989977e-23,2.5573635139346706e-23,2.557363513697025e-23,2.5573635136970247e-23,2.5573635134074458e-23,2.5573635134074455e-23,2.557363513407446e-23,2.5573635131663927e-23,2.557363513166394e-23,2.5573635131725118e-23,2.5573635131682785e-23,2.5573635130737285e-23,2.5573635121912614e-23,2.557363512191261e-23,2.5573635095884815e-23,2.5573635095884806e-23,2.557363509581676e-23,2.5573635095816778e-23,2.5573635095684764e-23,2.5573635095684764e-23,2.557363509568477e-23,2.557363509568476e-23,2.5573635095684752e-23,2.5573635095622142e-23,2.5573635078785692e-23,2.5573635078775354e-23,2.5573635078775345e-23,2.5573635078775345e-23,2.557363507877535e-23,2.5573635078749217e-23,2.5573635078121767e-23,2.5573635092295264e-23,2.5573635093290485e-23,2.5573635109903917e-23,2.5573635106000523e-23,2.5573635106000517e-23,2.5573635106000526e-23,2.5573635106000514e-23,2.5573635106000617e-23,2.557363510600062e-23,2.5573635106000617e-23,2.5573635106000594e-23,2.5573635114159418e-23,2.557363510815344e-23,2.557363510815342e-23,2.55736351081534e-23,2.5573635106654947e-23,2.557363510665495e-23,2.5573635106654944e-23,2.5573635106542467e-23,2.5573635141392792e-23,2.5573635141392786e-23,2.557363514139274e-23,2.5573635141266503e-23,2.557363518783496e-23,2.557363518783496e-23,2.55736351864541e-23,2.557363518672407e-23,2.5573635185886975e-23,2.5573635150488144e-23,2.5573635150488144e-23,2.5573635159855003e-23,2.557363516185728e-23,2.5573635164986304e-23,2.557363516237909e-23,2.5573635170312836e-23,2.5573635170313518e-23,2.5573635170313523e-23,2.5573635170313526e-23,2.5573635170293173e-23,2.5573635170293182e-23,2.5573635241352318e-23,2.557363524157682e-23,2.5573635243003925e-23,2.5573635243003928e-23,2.5573635243002482e-23,2.5573635243002482e-23,2.5573635242534374e-23,2.5573635240993395e-23,2.557363524099339e-23,2.5573635240993392e-23,2.5573635240993395e-23,2.55736352409934e-23,2.5573635254184925e-23,2.5573635254682177e-23,2.5573635254751272e-23,2.5573635250584862e-23,2.5573635250600998e-23,2.5573635260965964e-23,2.5573635260965964e-23,2.5573635260965964e-23,2.5573635260801968e-23,2.5573635260801974e-23,2.55736352236615e-23,2.5573635223984565e-23,2.557363522398457e-23,2.5573635219156386e-23,2.5573635219156383e-23,2.557363521915639e-23,2.557363521915639e-23,2.557363521915638e-23,2.557363527007323e-23,2.5573635273549472e-23,2.5573635273586424e-23,2.5573635273586418e-23,2.5573635272815138e-23,2.5573635272815135e-23,2.557363527239308e-23,2.5573635272397523e-23,2.5573635272397526e-23,2.5573635272397626e-23,2.5573635251584737e-23,2.557363525446805e-23,2.557363525446804e-23,2.5573635251232865e-23,2.5573635246947656e-23,2.5573635246947668e-23,2.5573635246599063e-23,2.5573635246599765e-23,2.5573635246582442e-23,2.5573635246582445e-23,2.5573635246601846e-23,2.557363524660379e-23,2.5573635246333354e-23,2.5573635246333348e-23,2.557363524633335e-23,2.5573635246234028e-23,2.5573635248063403e-23,2.5573635251765866e-23,2.5573635253243504e-23,2.5573635255528386e-23,2.557363526172357e-23,2.5573635261723567e-23,2.5573635261723567e-23,2.5573635258496944e-23,2.55736352560371e-23,2.5573635256040396e-23,2.5573635256043955e-23,2.557363525604396e-23,2.5573635256674216e-23,2.557363525667495e-23,2.5573635238763197e-23,2.5573635238787533e-23,2.5573635238787533e-23,2.5573635237885614e-23,2.5573635250792063e-23,2.5573635237229862e-23,2.557363523799238e-23,2.557363523799236e-23,2.5573635244551584e-23,2.557363524455159e-23,2.557363524966408e-23,2.5573635249664076e-23,2.5573635249664074e-23,2.5573635249664076e-23,2.557363524162963e-23,2.5573635255898966e-23,2.557363525872246e-23,2.557363525962396e-23,2.5573635259625936e-23,2.557363527131052e-23,2.5573635271310514e-23,2.5573635271241266e-23,2.557363527225296e-23,2.5573635272253246e-23,2.557363524506281e-23,2.5573635245062798e-23,2.5573635245062795e-23,2.557363524542795e-23,2.557363524542796e-23,2.5573635244250008e-23,2.5573635244250017e-23,2.5573635244250014e-23,2.557363524418822e-23,2.5573635244186825e-23,2.5573635242975173e-23,2.557363524297517e-23,2.5573635241830353e-23,2.5573635241636937e-23,2.5573635241637592e-23,2.5573635241637592e-23,2.5573635241854195e-23,2.5573635241854186e-23,2.5573635241854186e-23,2.5573635241916123e-23,2.557363524191863e-23,2.5573635241827655e-23,2.5573635241827658e-23,2.5573635241827658e-23,2.5573635241827658e-23,2.557363524182766e-23,2.5573635242762332e-23,2.5573635242762326e-23,2.5573635242759326e-23,2.5573635242745e-23,2.5573635242438683e-23,2.5573635242409842e-23,2.557363524303358e-23,2.5573635247627527e-23,2.5573635247627524e-23,2.5573635247627512e-23,2.5573635241154908e-23,2.5573635241161123e-23,2.557363524101543e-23,2.557363524101543e-23,2.5573635241015433e-23,2.557363524101543e-23,2.5573635240863203e-23,2.557363524039852e-23,2.557363524042578e-23,2.5573635240014793e-23,2.5573635240014805e-23,2.557363525092697e-23,2.557363523255681e-23,2.5573635185577068e-23,2.5573635209117532e-23,2.557363520911753e-23,2.5573635209539935e-23,2.557363520702832e-23,2.5573635233702682e-23,2.557363523407132e-23,2.5573635234051886e-23,2.557363522507358e-23,2.557363522507358e-23,2.5573635225073572e-23,2.5573635225073587e-23,2.5573635225073605e-23,2.5573635225073607e-23,2.5573635224615485e-23,2.5573635248782124e-23,2.5573635245308655e-23,2.5573635246776128e-23,2.5573635254074564e-23,2.5573635254095238e-23,2.5573635254095114e-23,2.557363524770018e-23,2.557363524845387e-23,2.5573635248453837e-23,2.5573635248453832e-23,2.5573635299039497e-23,2.5573635299039494e-23,2.5573635290148055e-23,2.5573635290148043e-23,2.5573635289389743e-23,2.5573635289389752e-23,2.5573635289389758e-23,2.5573635289354426e-23,2.5573635289354417e-23,2.5573635292683302e-23,2.5573635335266696e-23,2.557363533526681e-23,2.5573635338794925e-23,2.557363533879493e-23,2.5573635339268622e-23,2.5573635339268617e-23,2.5573635339268625e-23,2.5573635345687938e-23,2.5573635342867942e-23,2.5573635342867933e-23,2.5573635342732302e-23,2.557363534273229e-23,2.5573635342732314e-23,2.5573635345936126e-23,2.557363534873707e-23,2.5573635349544212e-23,2.557363534953839e-23,2.5573635338368596e-23,2.5573635338312913e-23,2.5573635336449875e-23,2.5573635336449875e-23,2.5573635336449884e-23,2.55736353301869e-23,2.5573635330186727e-23,2.557363532922715e-23,2.5573635318535353e-23,2.557363531894194e-23,2.557363531759922e-23,2.5573635317599228e-23,2.5573635317599216e-23,2.557363531759921e-23,2.5573635317599136e-23,2.5573635314337025e-23,2.5573635315767822e-23,2.5573635308957352e-23,2.557363530775575e-23,2.5573635307755782e-23,2.5573635304374425e-23,2.5573635303644573e-23,2.55736353035351e-23,2.5573635303320833e-23,2.557363530332083e-23,2.5573635301451914e-23,2.557363529752178e-23,2.557363529895181e-23,2.55736352979742e-23,2.55736352979742e-23,2.5573635297974202e-23,2.5573635297974205e-23,2.5573635297251364e-23,2.5573635297825097e-23,2.55736352978249e-23,2.557363529863321e-23,2.557363529863321e-23,2.5573635296650026e-23,2.5573635297331965e-23,2.5573635296608572e-23,2.557363529792046e-23,2.557363529302847e-23,2.557363529625449e-23,2.557363529625451e-23,2.5573635295437997e-23,2.5573635294030046e-23,2.5573635294030043e-23,2.5573635294030046e-23,2.557363529403005e-23,2.557363529403004e-23,2.557363529377054e-23,2.5573635293613195e-23,2.5573635293613204e-23,2.5573635294828962e-23,2.5573635295306988e-23,2.5573635295306988e-23,2.5573635295504806e-23,2.5573635295362783e-23,2.5573635295682473e-23,2.557363529565348e-23,2.5573635296085586e-23,2.55736353011538e-23,2.5573635301153812e-23,2.5573635301329525e-23,2.5573635301084164e-23,2.5573635301084164e-23,2.5573635300957137e-23,2.5573635300957137e-23,2.557363530096971e-23,2.5573635307249776e-23,2.55736353078268e-23,2.557363530658698e-23,2.5573635306586985e-23,2.557363530658693e-23,2.5573635313064964e-23,2.5573635313064964e-23,2.5573635313064967e-23,2.557363534705391e-23,2.5573635347053892e-23,2.5573635347053886e-23,2.557363534705596e-23,2.5573635346624866e-23,2.557363534849999e-23,2.557363534937003e-23,2.557363534937308e-23,2.5573635349373078e-23,2.5573635353680677e-23,2.557363535503081e-23,2.5573635380290257e-23,2.5573635381184118e-23,2.5573635381184127e-23,2.5573635382255205e-23,2.5573635376229815e-23,2.5573635376229806e-23,2.5573635376229876e-23,2.5573635376429114e-23,2.5573635376047698e-23,2.55736353826236e-23,2.5573635375380047e-23,2.557363537466185e-23,2.5573635380567642e-23,2.5573635382644482e-23,2.557363538269564e-23,2.557363538312606e-23,2.5573635381524335e-23,2.5573635381363196e-23,2.5573635381363234e-23,2.5573635381167558e-23,2.557363538163758e-23,2.5573635381007947e-23,2.5573635380998428e-23,2.557363537948345e-23,2.5573635375561482e-23,2.557363537652465e-23,2.5573635376524652e-23,2.5573635376478673e-23,2.5573635374013106e-23,2.55736353740131e-23,2.557363539383669e-23,2.5573635393686197e-23,2.5573635394154502e-23,2.55736353945797e-23,2.55736353953647e-23,2.557363539462177e-23,2.5573635394621785e-23,2.5573635394621782e-23,2.557363539462178e-23,2.5573635394621776e-23,2.5573635395428068e-23,2.5573635395428068e-23,2.5573635396791253e-23,2.5573635397113762e-23,2.557363539711375e-23,2.5573635397981227e-23,2.5573635398608344e-23,2.5573635398608183e-23,2.557363540233865e-23,2.5573635402338635e-23,2.5573635418022004e-23,2.5573635410505484e-23,2.557363541088502e-23,2.557363542054782e-23,2.5573635420480633e-23,2.5573635424793856e-23,2.5573635424804474e-23,2.557363542637702e-23,2.5573635426375587e-23,2.557363542637558e-23,2.5573635427013795e-23,2.557363542701381e-23,2.557363542695722e-23,2.557363542871982e-23,2.5573635464626852e-23,2.557363475956715e-23,2.5573634758545702e-23,2.5573634759272363e-23,2.5573634759182273e-23,2.5573634759082144e-23,2.5573634759087023e-23,2.5573634759087014e-23,2.5573634759087014e-23,2.5573634758192357e-23,2.5573634748371254e-23,2.557363474853769e-23,2.5573634752631887e-23,2.5573634752631884e-23,2.5573634752631884e-23,2.5573634742178336e-23,2.557363474217831e-23,2.5573634698981026e-23,2.5573634698942593e-23,2.557363469894259e-23,2.557363469892797e-23,2.5573634698928625e-23,2.5573634701523664e-23,2.5573634701523655e-23,2.5573634696192242e-23,2.5573634709960875e-23,2.5573634709960866e-23,2.557363471032229e-23,2.5573634710323564e-23,2.5573634715294477e-23,2.557363471139279e-23,2.5573634711391769e-23,2.5573634711389012e-23,2.5573634734300346e-23,2.5573634734300337e-23,2.5573634734300326e-23,2.5573634734296138e-23,2.5573634734296153e-23,2.5573634734465053e-23,2.557363481980481e-23,2.5573634819804812e-23,2.5573634819731103e-23,2.5573634819707904e-23,2.5573634819707766e-23,2.5573634819707772e-23,2.5573634826370697e-23,2.557363482516125e-23,2.5573634825161246e-23,2.5573634825230153e-23,2.5573634825230147e-23,2.557363482521543e-23,2.5573634825215433e-23,2.5573634825215445e-23,2.5573634825215442e-23,2.5573634832053437e-23,2.557363483205345e-23,2.5573634832049986e-23,2.5573634826762193e-23,2.557363482676219e-23,2.5573634826762187e-23,2.5573634863916566e-23,2.557363486859957e-23,2.5573634868599574e-23,2.557363486859957e-23,2.5573634868607493e-23,2.5573634868607508e-23,2.557363486860751e-23,2.5573634868748015e-23,2.5573634868748015e-23,2.557363486874801e-23,2.5573634858583327e-23,2.557363485858334e-23,2.5573634858574693e-23,2.5573634843989785e-23,2.5573634843989782e-23,2.5573634875343902e-23,2.5573634875357397e-23,2.5573634875357397e-23,2.557363487535732e-23,2.5573634877052286e-23,2.5573634877070603e-23,2.5573634870373027e-23,2.5573634870373024e-23,2.5573634871923146e-23,2.557363487192035e-23,2.5573634871921644e-23,2.5573634871921427e-23,2.557363492117457e-23,2.5573634921174293e-23,2.5573634932066195e-23,2.5573635005784696e-23,2.5573634976569958e-23,2.5573634965515733e-23,2.5573634965515727e-23,2.5573634965607215e-23,2.5573634964851484e-23,2.557363496485119e-23,2.557363496485119e-23,2.5573634906882148e-23,2.557363490691539e-23,2.5573634210297505e-23,2.5573634478622934e-23,2.5573634478622922e-23,2.557363447862293e-23,2.557363447971544e-23,2.5573634479715526e-23,2.5573634503478392e-23,2.5573634494558617e-23,2.5573634494558626e-23,2.5573634494558623e-23,2.5573634493767768e-23,2.557363449376776e-23,2.557363468677109e-23,2.5573634686771086e-23,2.5573634684175968e-23,2.557363468013786e-23,2.5573634680137857e-23,2.55736346800895e-23,2.557363465702723e-23,2.557363465702723e-23,2.5573634657027212e-23,2.557363465702721e-23,2.5573634639413555e-23,2.5573634639413555e-23,2.5573634639413558e-23,2.5573634639413378e-23,2.5573634656093167e-23,2.5573634651897804e-23,2.557363465195239e-23,2.5573634662127e-23,2.5573634662127003e-23,2.557363466885915e-23,2.5573634668859136e-23,2.5573634670335745e-23,2.5573634670336e-23,2.55736346703359e-23,2.5573634670335894e-23,2.5573634663350073e-23,2.557363466335009e-23,2.5573634663350078e-23,2.5573634663350076e-23,2.557363466335008e-23,2.557363466337741e-23,2.5573634668944647e-23,2.557363466885973e-23,2.5573634647475888e-23,2.5573634647475885e-23,2.5573634637450573e-23,2.5573634637450585e-23,2.5573634637827968e-23,2.557363463782791e-23,2.5573634636164594e-23,2.5573634636164582e-23,2.557363463705082e-23,2.557363463705081e-23,2.557363463459856e-23,2.5573634628618805e-23,2.5573634628850795e-23,2.557363462885079e-23,2.5573634628810713e-23,2.55736346238695e-23,2.5573634623869496e-23,2.5573634622890777e-23,2.5573634625120296e-23,2.5573634625120287e-23,2.557363465334005e-23,2.5573634648931823e-23,2.557363464893182e-23,2.5573634648931817e-23,2.5573634630650218e-23,2.557363463064844e-23,2.5573634630648478e-23,2.557363457322374e-23,2.557363457323019e-23,2.557363457363156e-23,2.5573634573631557e-23,2.557363457363156e-23,2.5573634573631568e-23,2.5573634578020415e-23,2.5573634578020412e-23,2.5573634512478173e-23,2.5573634512478173e-23,2.5573634512478173e-23,2.5573634509243045e-23,2.5573634509206605e-23,2.5573634509206778e-23,2.5573634532988446e-23,2.5573634542004396e-23,2.5573634565272948e-23,2.5573634468669e-23,2.5573634468668998e-23,2.557363446848669e-23,2.557363446849966e-23,2.557363446816276e-23,2.5573634468162756e-23,2.5573634469510843e-23,2.557363440689158e-23,2.5573634406891574e-23,2.5573634406892167e-23,2.557363440689217e-23,2.5573634406891938e-23,2.5573634406891926e-23,2.557363441962168e-23,2.557363441962168e-23,2.5573634419461244e-23,2.557363441114923e-23,2.5573634411149223e-23,2.5573634411149214e-23,2.5573634410240625e-23,2.5573634410240657e-23,2.557363443695489e-23,2.557363444361383e-23,2.557363444361378e-23,2.5573634435743263e-23,2.5573634436950113e-23,2.5573634436950116e-23,2.5573634436950128e-23,2.557363443145112e-23,2.5573634431451133e-23,2.557363443145112e-23,2.5573634431746088e-23,2.5573634431746085e-23,2.5573634431746056e-23,2.557363442387952e-23,2.5573634350847092e-23,2.557363435306904e-23,2.557363435001679e-23,2.5573634350016775e-23,2.5573634350016778e-23,2.557363438689655e-23,2.557363438689655e-23,2.5573634473236434e-23,2.5573634473236443e-23,2.557363446524277e-23,2.5573634465242767e-23,2.557363446389774e-23,2.5573634463897734e-23,2.557363446389774e-23,2.557363446389773e-23,2.5573634463897737e-23,2.5573634463721574e-23,2.5573634463721568e-23,2.5573634463721433e-23,2.5573634463720798e-23,2.5573634463720807e-23,2.5573634463720798e-23,2.5573634463720798e-23,2.5573634464997124e-23,2.5573634417177352e-23,2.5573634417176764e-23,2.557363443994657e-23,2.5573634533835892e-23,2.5573634533835886e-23,2.5573634533835892e-23,2.5573634533837264e-23,2.5573634533957426e-23,2.5573634549668258e-23,2.5573634526611938e-23,2.557363453050907e-23,2.557363453050907e-23,2.5573634530509075e-23,2.55736344593205e-23,2.5573634459320494e-23,2.5573634459320494e-23,2.557363446132674e-23,2.5573634461330122e-23,2.5573634464161403e-23,2.557363446416263e-23,2.557363446416263e-23,2.557363446416263e-23,2.5573634464162625e-23,2.5573634464162634e-23,2.5573634461236893e-23,2.5573634461236902e-23,2.5573634460698458e-23,2.5573634463801375e-23,2.5573634463801378e-23,2.5573634463801367e-23,2.557363446320193e-23,2.557363446320185e-23,2.557363446192118e-23,2.5573634401866618e-23,2.557363440182157e-23,2.5573634402222302e-23,2.5573634402202935e-23,2.557363440223696e-23,2.5573634402236972e-23,2.5573634402236966e-23,2.5573634402256902e-23,2.5573634402399678e-23,2.5573634402399666e-23,2.5573634403060896e-23,2.557363440308489e-23,2.5573634402733862e-23,2.557363440273386e-23,2.557363440835962e-23,2.5573634408359622e-23,2.5573634409057022e-23,2.557363440249368e-23,2.5573634402180654e-23,2.5573634402180663e-23,2.5573634402180686e-23,2.5573634402180704e-23,2.5573634426767764e-23,2.557363442377099e-23,2.557363442404998e-23,2.5573634447066532e-23,2.5573634609133552e-23,2.557363460913356e-23,2.5573634609133558e-23,2.5573634609133555e-23,2.5573634609133575e-23,2.5573634609147005e-23,2.5573634610138858e-23,2.557363461228233e-23,2.5573634608133706e-23,2.5573634613243353e-23,2.5573634611592225e-23,2.5573634611593294e-23,2.557363461157714e-23,2.557363461157721e-23,2.557363461157721e-23,2.5573634615686042e-23,2.5573634615686054e-23,2.5573634615686042e-23,2.55736346022296e-23,2.5573634609998492e-23,2.5573634610274008e-23,2.5573634740050482e-23,2.5573634740051637e-23,2.5573634740021768e-23,2.5573634740021774e-23,2.557363473999002e-23,2.5573634741235196e-23,2.557363474127776e-23,2.5573634963232147e-23,2.5573634938932936e-23,2.557363477824643e-23,2.5573634778246423e-23,2.5573634777072292e-23,2.5573634769829487e-23,2.557363477234935e-23,2.5573634757039955e-23,2.557363475703994e-23,2.5573634754785072e-23,2.5573634722603828e-23,2.5573634703264644e-23,2.5573634703264647e-23,2.5573634703264653e-23,2.5573634703264665e-23,2.5573634703264665e-23,2.5573634664191494e-23,2.5573634701022113e-23,2.5573634701021516e-23,2.5573634701021528e-23,2.5573634701021522e-23,2.5573634701021525e-23,2.5573634698915345e-23,2.5573634690984904e-23,2.557363469052844e-23,2.5573634691493135e-23,2.557363469766161e-23,2.5573634697661612e-23,2.5573634713504426e-23,2.5573634713504437e-23,2.5573634713504432e-23,2.5573634716601977e-23,2.557363471625366e-23,2.557363470047168e-23,2.557363470047168e-23,2.5573634700471667e-23,2.557363470024853e-23,2.5573634658086667e-23,2.5573634658086694e-23,2.5573634650256097e-23,2.5573634650256085e-23,2.5573634650931833e-23,2.557363465093183e-23,2.5573634650937026e-23,2.557363465075386e-23,2.5573634653859728e-23,2.5573634653859725e-23,2.5573634653859737e-23,2.5573634653859728e-23,2.5573634653859728e-23,2.5573634653859725e-23,2.55736346537634e-23,2.557363465478499e-23,2.5573634654784977e-23,2.5573634650756714e-23,2.557363465075521e-23,2.5573634639692782e-23,2.5573634620288e-23,2.5573634619963152e-23,2.5573634646033042e-23,2.557363464603304e-23,2.557363461112126e-23,2.5573634611121257e-23,2.5573634611127993e-23,2.5573634611127998e-23,2.5573634611127998e-23,2.5573634611429695e-23,2.5573634611123232e-23,2.557363460805251e-23,2.557363460805324e-23,2.557363460814551e-23,2.557363460814552e-23,2.5573634608145522e-23,2.5573634608145525e-23,2.557363460814552e-23,2.557363460814966e-23,2.557363460814966e-23,2.5573634540596148e-23,2.557363454059611e-23,2.5573634540378035e-23,2.5573634540378035e-23,2.5573634540378038e-23,2.557363454037525e-23,2.5573634598496656e-23,2.5573634598496668e-23,2.5573634598496656e-23,2.5573634599194042e-23,2.557363459757456e-23,2.5573634576552554e-23,2.557363457773693e-23,2.5573634577736926e-23,2.5573634577736932e-23,2.5573634577736935e-23,2.5573634577736932e-23,2.5573634577736938e-23,2.557363457773694e-23,2.5573634548081555e-23,2.557363454799671e-23,2.5573634547945183e-23,2.5573634547945195e-23,2.5573634547212518e-23,2.5573634547212527e-23,2.557363577951525e-23,2.5573635760299657e-23,2.557363576029966e-23,2.5573635695066004e-23,2.5573635689976777e-23,2.557363568997679e-23,2.5573635689976792e-23,2.5573635689976795e-23,2.5573635689976795e-23,2.5573635689976786e-23,2.5573635667873067e-23,2.5573635667873058e-23,2.5573635667873055e-23,2.5573635662443655e-23,2.5573635662443655e-23,2.557363566244365e-23,2.5573635662439226e-23,2.557363566243922e-23,2.557363566243923e-23,2.557363566228389e-23,2.5573635681626007e-23,2.5573635681626e-23,2.557363568172018e-23,2.5573635680310805e-23,2.5573635680310802e-23,2.5573635679747182e-23,2.5573635679747188e-23,2.5573635679747182e-23,2.5573635679747176e-23,2.5573635679803408e-23,2.557363567980343e-23,2.5573635679234534e-23,2.557363567753725e-23,2.5573635678098122e-23,2.5573635691850342e-23,2.5573635691903624e-23,2.5573635691903636e-23,2.5573635672572464e-23,2.5573635673936972e-23,2.5573635673937066e-23,2.557363567501028e-23,2.5573635675010271e-23,2.5573635700373998e-23,2.5573635700944525e-23,2.557363571401155e-23,2.5573635756416e-23,2.5573635756541267e-23,2.557363575654127e-23,2.5573635756541275e-23,2.5573635756219983e-23,2.557363575621998e-23,2.5573635755995773e-23,2.5573635755995764e-23,2.557363575591976e-23,2.5573635755919765e-23,2.5573635755734904e-23,2.5573635755734922e-23,2.557363576250725e-23,2.5573635754252747e-23,2.5573635755163102e-23,2.5573635755163105e-23,2.557363575550128e-23,2.557363575590579e-23,2.5573635755905806e-23,2.5573635755729338e-23,2.5573635755729353e-23,2.5573635755732703e-23,2.557363575547861e-23,2.5573635755478626e-23,2.5573635755478623e-23,2.5573635758201235e-23,2.5573635758201238e-23,2.5573635758225894e-23,2.557363575850706e-23,2.5573635758507087e-23,2.557363575850723e-23,2.5573635758507093e-23,2.5573635758126315e-23,2.5573635765834155e-23,2.5573635765861194e-23,2.557363576552956e-23,2.557363576260465e-23,2.5573635762611755e-23,2.5573635762611763e-23,2.5573635762741776e-23,2.557363576297803e-23,2.5573635763383167e-23,2.557363575394575e-23,2.557363579068489e-23,2.557363579068491e-23,2.557363579068397e-23,2.5573635790683973e-23,2.5573635790684014e-23,2.5573635791880165e-23,2.5573635791880174e-23,2.5573635791970899e-23,2.5573635791970893e-23,2.5573635791970887e-23,2.5573635791970893e-23,2.5573635791982163e-23,2.5573635791985457e-23,2.5573635829105873e-23,2.5573635828583618e-23,2.557363584782135e-23,2.5573635847821342e-23,2.5573635847808934e-23,2.5573635847808946e-23,2.5573635847808937e-23,2.5573635847808943e-23,2.5573635847808687e-23,2.557363584780869e-23,2.5573635847808687e-23,2.5573635847808693e-23,2.5573635847808693e-23,2.5573635847806769e-23,2.5573635848049852e-23,2.55736358507961e-23,2.5573635850802087e-23,2.5573635850802084e-23,2.557363583994921e-23,2.557363583829847e-23,2.557363583829848e-23,2.557363583569363e-23,2.557363585913862e-23,2.5573635855376076e-23,2.5573635855404182e-23,2.557363601854613e-23,2.5573636018590367e-23,2.557363601465683e-23,2.5573636014307673e-23,2.5573636014307662e-23,2.5573636014307665e-23,2.5573636014307662e-23,2.557363601388582e-23
3,0.06202118410625546,0.06202118410625545,0.06202118410625545,0.06202118410625545,0.062021184106255435,0.062021184106255456,0.062021184106255435,0.062021184106255435,0.062021184106255435,0.062021184106255435,0.06202118410625543,0.062021184106255414,0.06202118410625542,0.06202118410625542,0.06202118410625542,0.06202118410625542,0.06202118410625542,0.062021184106255414,0.062021184106255414,0.062021184106255414,0.062021184106255414,0.06202118410625542,0.062021184106255414,0.06202118410625542,0.06202118410625542,0.06202118410625542,0.06202118410625542,0.06202118410625542,0.06202118410625542,0.06202118410625542,0.06202118410625542,0.06202118410625542,0.062021184106255414,0.06202118410625542,0.06202118410625542,0.06202118410625542,0.062021184106255414,0.06202118410625542,0.062021184106255414,0.062021184106255414,0.06202118410625542,0.062021184106255414,0.06202118410625542,0.06202118410625542,0.062021184106255414,0.062021184106255414,0.062021184106255414,0.062021184106255414,0.06202118410625542,0.062021184106255414,0.062021184106255414,0.062021184106255414,0.062021184106255414,0.062021184106255414,0.062021184106255414,0.06202118410625542,0.062021184106255414,0.06202118410625542,0.062021184106255414,0.062021184106255414,0.062021184106255414,0.062021184106255414,0.06202118410625542,0.06202118410625542,0.062021184106255414,0.06202118410625542,0.062021184106255414,0.06202118410625542,0.06202118410625542,0.062021184106255414,0.062021184106255414,0.06202118410625542,0.06202118410625542,0.06202118410625542,0.06202118410625542,0.06202118410625542,0.06202118410625542,0.06202118410625542,0.06202118410625542,0.06202118410625542,0.06202118410625542,0.06202118410625542,0.06202118410625542,0.06202118410625542,0.06202118410625542,0.062021184106255414,0.06202118410625542,0.062021184106255414,0.06202118410625542,0.062021184106255414,0.062021184106255414,0.062021184106255414,0.062021184106255414,0.062021184106255414,0.062021184106255414,0.062021184106255414,0.062021184106255414,0.062021184106255414,0.062021184106255414,0.062021184106255414,0.06202118410625542,0.062021184106255414,0.06202118410625542,0.062021184106255414,0.06202118410625542,0.06202118410625542,0.06202118410625542,0.06202118410625542,0.06202118410625542,0.06202118410625542,0.062021184106255414,0.062021184106255414,0.062021184106255414,0.062021184106255414,0.062021184106255414,0.062021184106255414,0.06202118410625542,0.06202118410625542,0.062021184106255414,0.06202118410625542,0.06202118410625542,0.06202118410625542,0.06202118410625542,0.06202118410625542,0.06202118410625542,0.06202118410625542,0.06202118410625542,0.06202118410625542,0.06202118410625542,0.06202118410625542,0.062021184106255414,0.062021184106255414,0.062021184106255414,0.06202118410625542,0.06202118410625542,0.06202118410625542,0.062021184106255414,0.062021184106255414,0.062021184106255414,0.062021184106255414,0.062021184106255414,0.062021184106255414,0.062021184106255414,0.062021184106255414,0.062021184106255414,0.062021184106255414,0.062021184106255414,0.062021184106255414,0.062021184106255414,0.06202118410625542,0.062021184106255414,0.06202118410625542,0.06202118410625542,0.06202118410625542,0.06202118410625542,0.06202118410625542,0.062021184106255414,0.062021184106255414,0.062021184106255414,0.06202118410625542,0.06202118410625542,0.062021184106255414,0.06202118410625542,0.06202118410625542,0.06202118410625542,0.062021184106255414,0.062021184106255414,0.062021184106255414,0.06202118410625542,0.06202118410625542,0.06202118410625542,0.06202118410625542,0.06202118410625542,0.06202118410625542,0.062021184106255414,0.062021184106255414,0.062021184106255414,0.062021184106255414,0.06202118410625542,0.062021184106255414,0.06202118410625542,0.062021184106255414,0.062021184106255414,0.062021184106255414,0.062021184106255414,0.06202118410625542,0.062021184106255414,0.06202118410625542,0.06202118410625542,0.062021184106255414,0.062021184106255414,0.062021184106255414,0.062021184106255414,0.062021184106255414,0.062021184106255414,0.06202118410625542,0.06202118410625542,0.06202118410625542,0.06202118410625542,0.06202118410625542,0.062021184106255414,0.06202118410625542,0.062021184106255414,0.062021184106255414,0.062021184106255414,0.062021184106255414,0.062021184106255414,0.062021184106255414,0.062021184106255414,0.06202118410625542,0.06202118410625542,0.062021184106255414,0.062021184106255414,0.062021184106255414,0.062021184106255414,0.062021184106255414,0.06202118410625542,0.06202118410625542,0.062021184106255414,0.062021184106255414,0.062021184106255414,0.062021184106255414,0.06202118410625542,0.062021184106255414,0.062021184106255414,0.06202118410625542,0.062021184106255414,0.06202118410625542,0.06202118410625542,0.06202118410625542,0.06202118410625542,0.06202118410625542,0.06202118410625542,0.062021184106255414,0.062021184106255414,0.062021184106255414,0.06202118410625542,0.06202118410625542,0.06202118410625542,0.06202118410625542,0.06202118410625542,0.06202118410625542,0.06202118410625542,0.06202118410625542,0.06202118410625542,0.06202118410625542,0.06202118410625542,0.06202118410625542,0.06202118410625542,0.06202118410625542,0.06202118410625542,0.06202118410625542,0.06202118410625542,0.06202118410625542,0.062021184106255414,0.062021184106255414,0.062021184106255414,0.06202118410625542,0.06202118410625542,0.06202118410625542,0.062021184106255414,0.06202118410625542,0.062021184106255414,0.062021184106255414,0.06202118410625542,0.062021184106255414,0.062021184106255414,0.062021184106255414,0.062021184106255414,0.062021184106255414,0.062021184106255414,0.062021184106255414,0.06202118410625542,0.062021184106255414,0.062021184106255414,0.06202118410625542,0.062021184106255414,0.06202118410625542,0.06202118410625542,0.06202118410625542,0.062021184106255414,0.062021184106255414,0.062021184106255414,0.06202118410625542,0.06202118410625542,0.062021184106255414,0.06202118410625542,0.06202118410625542,0.062021184106255414,0.06202118410625542,0.06202118410625542,0.062021184106255414,0.06202118410625542,0.06202118410625542,0.06202118410625542,0.06202118410625542,0.06202118410625542,0.06202118410625542,0.06202118410625542,0.06202118410625542,0.06202118410625542,0.062021184106255414,0.06202118410625542,0.06202118410625542,0.062021184106255414,0.06202118410625542,0.06202118410625542,0.062021184106255414,0.062021184106255414,0.062021184106255414,0.062021184106255414,0.062021184106255414,0.062021184106255414,0.062021184106255414,0.06202118410625542,0.06202118410625542,0.06202118410625542,0.06202118410625542,0.06202118410625542,0.06202118410625542,0.06202118410625542,0.06202118410625542,0.06202118410625542,0.062021184106255414,0.062021184106255414,0.062021184106255414,0.06202118410625542,0.06202118410625542,0.06202118410625542,0.06202118410625542,0.062021184106255414,0.062021184106255414,0.062021184106255414,0.062021184106255414,0.062021184106255414,0.06202118410625542,0.06202118410625542,0.06202118410625542,0.06202118410625542,0.06202118410625542,0.06202118410625542,0.06202118410625542,0.06202118410625542,0.06202118410625542,0.062021184106255414,0.06202118410625542,0.06202118410625542,0.06202118410625542,0.062021184106255414,0.062021184106255414,0.06202118410625542,0.06202118410625542,0.06202118410625542,0.06202118410625542,0.062021184106255414,0.062021184106255414,0.06202118410625542,0.062021184106255414,0.062021184106255414,0.062021184106255414,0.062021184106255414,0.062021184106255414,0.062021184106255414,0.062021184106255414,0.06202118410625542,0.06202118410625542,0.06202118410625542,0.062021184106255414,0.06202118410625542,0.06202118410625542,0.062021184106255414,0.06202118410625542,0.06202118410625542,0.062021184106255414,0.06202118410625542,0.062021184106255414,0.06202118410625542,0.062021184106255414,0.06202118410625542,0.06202118410625542,0.06202118410625542,0.06202118410625542,0.062021184106255414,0.062021184106255414,0.06202118410625542,0.062021184106255414,0.06202118410625542,0.062021184106255414,0.062021184106255414,0.062021184106255414,0.062021184106255414,0.062021184106255414,0.062021184106255414,0.062021184106255414,0.06202118410625542,0.062021184106255414,0.06202118410625542,0.06202118410625542,0.062021184106255414,0.062021184106255414,0.062021184106255414,0.062021184106255414,0.06202118410625542,0.06202118410625542,0.06202118410625542,0.062021184106255414,0.062021184106255414,0.06202118410625542,0.06202118410625542,0.06202118410625542,0.062021184106255414,0.062021184106255414,0.06202118410625542,0.06202118410625542,0.062021184106255414,0.062021184106255414,0.06202118410625542,0.06202118410625542,0.062021184106255414,0.06202118410625542,0.06202118410625542,0.06202118410625542,0.062021184106255414,0.06202118410625542,0.06202118410625542,0.06202118410625542,0.06202118410625542,0.06202118410625542,0.062021184106255414,0.062021184106255414,0.062021184106255414,0.062021184106255414,0.06202118410625542,0.062021184106255414,0.062021184106255414,0.062021184106255414,0.06202118410625542,0.06202118410625542,0.06202118410625542,0.06202118410625542,0.06202118410625542,0.06202118410625542,0.06202118410625542,0.062021184106255414,0.06202118410625542,0.062021184106255414,0.062021184106255414,0.06202118410625542,0.062021184106255414,0.06202118410625542,0.06202118410625542,0.06202118410625542,0.062021184106255414,0.062021184106255414,0.06202118410625542,0.062021184106255414,0.06202118410625542,0.062021184106255414,0.06202118410625542,0.062021184106255414,0.062021184106255414,0.06202118410625542,0.06202118410625542,0.06202118410625542,0.062021184106255414,0.062021184106255414,0.062021184106255414,0.062021184106255414,0.062021184106255414,0.06202118410625542,0.06202118410625542,0.062021184106255414,0.06202118410625542,0.06202118410625542,0.06202118410625542,0.06202118410625542,0.06202118410625542,0.06202118410625542,0.062021184106255414,0.06202118410625542,0.06202118410625542,0.06202118410625542,0.062021184106255414,0.062021184106255414,0.06202118410625542,0.06202118410625542,0.06202118410625542,0.062021184106255414,0.06202118410625542,0.062021184106255414,0.06202118410625542,0.062021184106255414,0.062021184106255414,0.06202118410625542,0.06202118410625542,0.06202118410625542,0.062021184106255414,0.06202118410625542,0.062021184106255414,0.06202118410625542,0.06202118410625542,0.062021184106255414,0.062021184106255414,0.06202118410625542,0.06202118410625542,0.06202118410625542,0.06202118410625542,0.06202118410625542,0.06202118410625542,0.06202118410625542,0.06202118410625542,0.062021184106255414,0.062021184106255414,0.062021184106255414,0.062021184106255414,0.06202118410625542,0.062021184106255414,0.062021184106255414,0.06202118410625542,0.06202118410625542,0.06202118410625542,0.06202118410625542,0.06202118410625542,0.06202118410625542,0.06202118410625542,0.06202118410625542,0.06202118410625542,0.06202118410625542,0.06202118410625542,0.06202118410625542,0.06202118410625542,0.062021184106255414,0.06202118410625542,0.062021184106255414,0.062021184106255414,0.062021184106255414,0.06202118410625542,0.062021184106255414,0.06202118410625542,0.06202118410625542,0.06202118410625542,0.062021184106255414,0.062021184106255414,0.06202118410625542,0.06202118410625542,0.062021184106255414,0.06202118410625542,0.06202118410625542,0.06202118410625542,0.06202118410625542,0.06202118410625542,0.06202118410625542,0.06202118410625542,0.06202118410625542,0.06202118410625542,0.062021184106255414,0.062021184106255414,0.06202118410625542,0.062021184106255414,0.062021184106255414,0.06202118410625542,0.062021184106255414,0.062021184106255414,0.062021184106255414,0.06202118410625542,0.06202118410625542,0.062021184106255414,0.062021184106255414,0.06202118410625542,0.06202118410625542,0.06202118410625542,0.06202118410625542,0.06202118410625542,0.062021184106255414,0.06202118410625542,0.06202118410625542,0.06202118410625542,0.06202118410625542,0.06202118410625542,0.062021184106255414,0.062021184106255414,0.062021184106255414,0.062021184106255414,0.062021184106255414,0.06202118410625542,0.062021184106255414,0.06202118410625542,0.062021184106255414,0.06202118410625542,0.062021184106255414,0.06202118410625542,0.062021184106255414,0.06202118410625542,0.062021184106255414,0.06202118410625542,0.06202118410625542,0.062021184106255414,0.062021184106255414,0.06202118410625542,0.06202118410625542,0.062021184106255414,0.062021184106255414,0.062021184106255414,0.062021184106255414,0.062021184106255414,0.06202118410625542,0.062021184106255414,0.06202118410625542,0.06202118410625542,0.06202118410625542,0.06202118410625542,0.06202118410625542,0.062021184106255414,0.06202118410625542,0.06202118410625542,0.06202118410625542,0.062021184106255414,0.06202118410625542,0.06202118410625542,0.062021184106255414,0.06202118410625542,0.06202118410625542,0.06202118410625542,0.062021184106255414,0.06202118410625542,0.062021184106255414,0.062021184106255414,0.06202118410625542,0.062021184106255414,0.062021184106255414,0.06202118410625542,0.062021184106255414,0.06202118410625542,0.06202118410625542,0.062021184106255414,0.062021184106255414,0.06202118410625542,0.062021184106255414,0.062021184106255414,0.062021184106255414,0.062021184106255414,0.062021184106255414,0.062021184106255414,0.062021184106255414,0.062021184106255414,0.062021184106255414,0.062021184106255414,0.062021184106255414,0.062021184106255414,0.06202118410625542,0.06202118410625542,0.06202118410625542,0.06202118410625542,0.06202118410625542,0.062021184106255414,0.06202118410625542,0.06202118410625542,0.06202118410625542,0.06202118410625542,0.06202118410625542,0.06202118410625542,0.062021184106255414,0.062021184106255414,0.062021184106255414,0.062021184106255414,0.06202118410625542,0.062021184106255414,0.06202118410625542,0.06202118410625542,0.06202118410625542,0.062021184106255414,0.06202118410625542,0.062021184106255414,0.06202118410625542,0.062021184106255414,0.062021184106255414,0.062021184106255414,0.062021184106255414,0.062021184106255414,0.062021184106255414,0.06202118410625542,0.06202118410625542,0.062021184106255414,0.062021184106255414,0.06202118410625542,0.06202118410625542,0.062021184106255414,0.06202118410625542,0.062021184106255414,0.06202118410625542,0.06202118410625542,0.062021184106255414,0.06202118410625542,0.062021184106255414,0.06202118410625542,0.06202118410625542,0.06202118410625542,0.062021184106255414,0.062021184106255414,0.06202118410625542,0.06202118410625542,0.062021184106255414,0.06202118410625542,0.062021184106255414,0.06202118410625542,0.06202118410625542,0.06202118410625542,0.062021184106255414,0.06202118410625542,0.062021184106255414,0.06202118410625542,0.06202118410625542,0.06202118410625542,0.062021184106255414,0.06202118410625542,0.062021184106255414,0.06202118410625542,0.062021184106255414,0.06202118410625542,0.062021184106255414,0.06202118410625542,0.062021184106255414,0.062021184106255414,0.062021184106255414,0.06202118410625542,0.06202118410625542,0.06202118410625542,0.06202118410625542,0.06202118410625542,0.06202118410625542,0.062021184106255414,0.06202118410625542,0.06202118410625542,0.06202118410625542,0.06202118410625542,0.06202118410625542,0.06202118410625542,0.06202118410625542,0.06202118410625542,0.06202118410625542,0.06202118410625542,0.062021184106255414,0.06202118410625542,0.062021184106255414,0.062021184106255414,0.062021184106255414,0.062021184106255414,0.062021184106255414,0.062021184106255414,0.06202118410625542,0.062021184106255414,0.062021184106255414,0.06202118410625542,0.062021184106255414,0.06202118410625542,0.06202118410625542,0.06202118410625542,0.06202118410625542,0.062021184106255414,0.06202118410625542,0.06202118410625542,0.062021184106255414,0.06202118410625542,0.06202118410625542,0.06202118410625542,0.06202118410625542,0.06202118410625542,0.062021184106255414,0.06202118410625542,0.06202118410625542,0.06202118410625542,0.06202118410625542,0.06202118410625542,0.06202118410625542,0.062021184106255414,0.06202118410625542,0.06202118410625542,0.06202118410625542,0.062021184106255414,0.06202118410625542,0.06202118410625542,0.06202118410625542,0.06202118410625542,0.06202118410625542,0.06202118410625542,0.06202118410625542,0.06202118410625542,0.06202118410625542,0.06202118410625542,0.062021184106255414,0.062021184106255414,0.062021184106255414,0.062021184106255414,0.062021184106255414,0.06202118410625542,0.06202118410625542,0.06202118410625542,0.062021184106255414,0.06202118410625542,0.06202118410625542,0.062021184106255414,0.06202118410625542,0.06202118410625542,0.06202118410625542,0.06202118410625542,0.06202118410625542,0.06202118410625542,0.06202118410625542,0.06202118410625542,0.06202118410625542,0.06202118410625542,0.062021184106255414,0.06202118410625542,0.062021184106255414,0.06202118410625542,0.06202118410625542,0.06202118410625542,0.062021184106255414,0.06202118410625542,0.06202118410625542,0.062021184106255414,0.06202118410625542,0.062021184106255414,0.062021184106255414,0.062021184106255414,0.06202118410625542,0.06202118410625542,0.062021184106255414,0.062021184106255414,0.06202118410625542,0.062021184106255414,0.062021184106255414,0.06202118410625542,0.062021184106255414,0.06202118410625542,0.062021184106255414,0.062021184106255414,0.06202118410625542,0.06202118410625542,0.06202118410625542,0.062021184106255414,0.062021184106255414,0.062021184106255414,0.062021184106255414,0.062021184106255414,0.062021184106255414,0.062021184106255414,0.06202118410625542,0.062021184106255414,0.06202118410625542,0.06202118410625542,0.06202118410625542,0.062021184106255414,0.062021184106255414,0.062021184106255414,0.062021184106255414,0.062021184106255414,0.062021184106255414,0.062021184106255414,0.06202118410625542,0.06202118410625542,0.062021184106255414,0.06202118410625542,0.062021184106255414,0.06202118410625542,0.062021184106255414,0.062021184106255414,0.062021184106255414,0.06202118410625542,0.062021184106255414,0.06202118410625542,0.062021184106255414,0.06202118410625542,0.062021184106255414,0.062021184106255414,0.06202118410625542,0.062021184106255414,0.06202118410625542,0.06202118410625542,0.06202118410625542,0.062021184106255414,0.062021184106255414,0.06202118410625542,0.06202118410625542,0.062021184106255414,0.062021184106255414,0.062021184106255414,0.06202118410625542,0.062021184106255414,0.062021184106255414,0.06202118410625542,0.062021184106255414,0.062021184106255414,0.06202118410625542,0.06202118410625542,0.06202118410625542,0.06202118410625542,0.06202118410625542,0.06202118410625542,0.06202118410625542,0.06202118410625542,0.06202118410625542,0.062021184106255414,0.062021184106255414,0.06202118410625542,0.062021184106255414,0.062021184106255414,0.062021184106255414,0.06202118410625542,0.06202118410625542,0.06202118410625542,0.06202118410625542,0.06202118410625542,0.06202118410625542,0.06202118410625542,0.06202118410625542,0.062021184106255414,0.062021184106255414,0.06202118410625542,0.06202118410625542,0.062021184106255414,0.06202118410625542,0.06202118410625542,0.06202118410625542,0.062021184106255414,0.062021184106255414,0.062021184106255414,0.062021184106255414,0.062021184106255414,0.06202118410625542,0.06202118410625542,0.062021184106255414,0.062021184106255414,0.062021184106255414,0.06202118410625542,0.06202118410625542,0.062021184106255414,0.06202118410625542,0.06202118410625542,0.062021184106255414,0.062021184106255414,0.062021184106255414,0.06202118410625542,0.062021184106255414,0.06202118410625542,0.06202118410625542,0.06202118410625542,0.06202118410625542,0.06202118410625542,0.062021184106255414,0.06202118410625542,0.06202118410625542,0.06202118410625542,0.06202118410625542,0.06202118410625542,0.06202118410625542,0.062021184106255414,0.06202118410625542,0.062021184106255414,0.062021184106255414,0.062021184106255414,0.062021184106255414,0.06202118410625542,0.06202118410625542,0.06202118410625542,0.06202118410625542,0.06202118410625542,0.06202118410625542,0.06202118410625542,0.06202118410625542,0.06202118410625542,0.062021184106255414,0.06202118410625542,0.06202118410625542,0.062021184106255414,0.06202118410625542,0.062021184106255414,0.06202118410625542,0.06202118410625542,0.06202118410625542,0.06202118410625542,0.062021184106255414,0.06202118410625542,0.06202118410625542,0.062021184106255414,0.062021184106255414,0.062021184106255414,0.06202118410625542,0.06202118410625542,0.06202118410625542,0.06202118410625542,0.062021184106255414,0.06202118410625542,0.062021184106255414,0.06202118410625542,0.06202118410625542,0.06202118410625542,0.06202118410625542,0.06202118410625542,0.062021184106255414,0.0620173111437597,0.06201339957591849,0.062009448989437714,0.06200545887749071,0.06200142866066919,0.06199735770144576,0.0619932453142055,0.06198909077219895,0.061984893312316706,0.06198065213830465,0.06197636642284788,0.06197203530882661,0.061967657909955585,0.06196323331096504,0.06195876056743152,0.061954238705337915,0.061949666720421966,0.06194504357735119,0.06194036820875883,0.06193563951415316,0.06193085635872094,0.06192601757202923,0.061921121946633066,0.061916168236590755,0.06191115515588671,0.0619060813767607,0.061900945527941065,0.061895746192777816,0.06189048190727075,0.061885151157987255,0.061879752379863324,0.061874283953881115,0.0618687442046143,0.06186313139763373,0.06185744373676366,0.06185167936117652,0.06184583634232101,0.061839912680663245,0.06183390630223433,0.06182781505496982,0.061821636704820396,0.06181536893162447,0.06180900932472036,0.06180255537827835,0.061796004486333406,0.061789353937494226,0.06178260090930269,0.06177574246221637,0.061768775533185875,0.061761696928787864,0.06175450331788766,0.06174719122377989,0.06173975701577353,0.061732196900166035,0.06172450691055841,0.06171668289744939,0.06170872051704936,0.061700615219236615,0.06169236223458238,0.06168395656035534,0.0616753929454095,0.06166666587384797,0.06165776954734296,0.06164869786598004,0.061639444407473334,0.061630002404596984,0.06162036472062703,0.06161052382260616,0.06160047175218075,0.061590200093752635,0.06157969993964451,0.061568961851942126,0.061557975820626394,0.06154673121757209,0.0615352167459002,0.06152342038413637,0.06151132932451961,0.06149892990472608,0.06148620753215645,0.061473146599807384,0.06145973039259606,0.061445940982826686,0.06143175911327585,0.06141716406612154,0.06140213351563886,0.06138664336223264,0.06137066754493072,0.061354177828962894,0.061337143564398074,0.06131953141107559,0.06130130502409618,0.06128242469302692,0.061262846926539924,0.0612425239724651,0.06122140326104795,0.061199426756477986,0.06117653019830554,0.06115264220999431,0.0611276832462835,0.06110156434386914,0.061074185630607875,0.0610454345363806,0.06101518363277111,0.06098328800762864,0.06094958205226249,0.06091387550082378,0.06087594850924866,0.0608355454891861,0.06079236731199668,0.060746061356221584,0.060696208669690326,0.06064230722457649,0.06058374981450505,0.060519794504846486,0.06044952458652473,0.06037179351781355,0.06028514807708906,0.06018771943313597,0.060077066351891154,0.059949946329811925,0.05980197786944903,0.05962714026221095,0.05941704076621808,0.059159885266926726,0.058839189567764835,0.05843264061069747,0.057912406453959314,0.05724933936129188,0.05642280475236427,0.055432599398477465,0.05430381165969618,0.05307959245190118,0.05180745015293894,0.0505278719626736,0.04926893790372617,0.04804591641106142,0.04686378314088051,0.045721142831367544,0.04461439474738677,0.04354102644572141,0.04250121598984825,0.04149768853801553,0.04053452422686773,0.03961580636327061,0.03874467298480019,0.03792290259438664,0.03715090731134918,0.036427945452362685,0.03575240713690159,0.035122089579429,0.03453442699731876,0.03398666767013213,0.033476003146666884,0.032999658571110306,0.03255495316606942,0.032139338569472174,0.03175042110369233,0.03138597261088342,0.031043933303649247,0.030722409177001343,0.0304196658370655,0.030134120092377186,0.02986433027019304,0.029608985939971362,0.0293668975188422,0.02913698608076635,0.02891827358057593,0.028709873623954593,0.028510982855595973,0.028320872998056704,0.028138883544586442,0.027964415090183208,0.027796923272907552,0.02763591328923141,0.02748093494356387,0.027331578190164237,0.02718746912549466,0.027048266390602413,0.026913657945692476,0.026783358178396385,0.02665710531518096,0.026534659102758863,0.026415798731844003,0.026300320980344034,0.02618803854537549,0.026078778553653686,0.025972381223606022,0.025868698665891136,0.025767593806580658,0.025668939420036473,0.025572617259208702,0.02547851727375244,0.02539408238980224,0.025303955730983676,0.02521577118986735,0.025129444519329764,0.02504489688294222,0.024962054376002886,0.024880847621764422,0.024801211413654357,0.024723084392285044,0.024646408755877494,0.02457112999587362,0.024497196652756188,0.024424560096784256,0.024353174328540582,0.024282995792076174,0.024213983207667985,0.024146097415927995,0.02407930123638277,0.024013559336792816,0.02394883811294551,0.02388510557773994,0.02382233125929119,0.02376048610654472,0.023699542402139253,0.02363947368142792,0.023580254658905717,0.023521861157705097,0.02346427004566615,0.023407459176049167,0.023351407331600137,0.023296094173004746,0.02324150019052785,0.02318760665986117,0.023134395599131517,0.02308184973035934,0.023029952442885335,0.022978687758247525,0.022928040300185453,0.022877995261616928,0.022828538378774,0.02277965590370254,0.022731334579374513,0.02268356161641056,0.022636324671242887,0.022589611825007783,0.022543411563755257,0.0224977127614684,0.02245250466091334,0.022407776857901053,0.022363519285745054,0.022319722200806053,0.022276376168572375,0.022233472049664072,0.022191000988785785,0.022148954401814643,0.022107323965665462,0.02206610160611978,0.022025279490180752,0.02198485001362605,0.021944805793655937,0.02190513966004873,0.02186584464677051,0.021826913983966825,0.02178834109133902,0.021750119569798287,0.021712243195517452,0.021674705913303824,0.021637501830399385,0.021600625209974765,0.021564070468453548,0.021527832165189338,0.021491905001738237,0.02145628381428455,0.021420963570425396,0.02138593936420356,0.021351206411521242,0.021316760046933482,0.021282595718314132,0.021248708984577765,0.02121509551127937,0.021181751066806354,0.02114867151995314,0.02111585283622061,0.02108329107467863,0.021050982385166856,0.021018923005691807,0.02098710925914179,0.02095553755136119,0.020924204368133605,0.02089310627297415,0.020862239904845165,0.020831601975692393,0.02080118926860624,0.02077099863572811,0.02074102699567223,0.02071127133244215,0.020681728693126053,0.020652396186156517,0.02062327097961462,0.02059435029950571,0.020565631428158593,0.02053711170312661,0.020508788514690485,0.02048065930568487,0.0204527215688557,0.020424972846523736,0.020397410728415628,0.02037003285133218,0.020342836897148567,0.020315820592048332,0.02028898170519926,0.02026231804790411,0.02023582747199691,0.02020950786953793,0.020183357171313747,0.0201573733459876,0.020131554399071317,0.02010589837265546,0.020080403343419755,0.020055067422510446,0.020029888754651975,0.020004865517244286,0.019979995919548257,0.019955278202092825,0.019930710635640028,0.019906291520870516,0.019882019187395517,0.019857891993322555,0.019833908324120443,0.01981006659284649,0.019786365238731663,0.019762802727238758,0.01973937754814341,0.01971608821695812,0.019692933273048486,0.019669911279518337,0.019647020822381178,0.019624260510488822,0.019601628974791112,0.019579124867588126,0.019556746863792357,0.019534493657270467,0.01951236396309923,0.01949035651614082,0.01946847007070966,0.019446703400319655,0.01942505529697734,0.01940352457113557,0.019382110051110582,0.019360810583012023,0.01933962502979782,0.01931855227149957,0.019297591204700395,0.01927674074218129,0.019255999812493717,0.01923536735991157,0.019214842344002996,0.019194423739104446,0.01917411053434018,0.019153901733310864,0.01913379635365876,0.019113793426920853,0.019093891998175613,0.01907409112557015,0.019054389881288433,0.019034787349413707,0.019015282627018928,0.018995874823347712,0.018976563059902442,0.01895734646994481,0.018938224198804917,0.018919195403065296,0.018900259250583293,0.01888141492044408,0.018862661601970573,0.018843998496309085,0.018825424814581108,0.018806939778088547,0.01878854261850906,0.01877023257713105,0.018752008905217443,0.018733870863633432,0.018715817722881577,0.01869784876236465,0.01867996327090895,0.01866216054619008,0.018644439894822364,0.018626800632075002,0.018609242081648044,0.01859176357557977,0.018574364454364004,0.01855704406651918,0.018539801768511704,0.018522636924778305,0.018505548907113215,0.018488537095344388,0.018471600876837715,0.018454739645477992,0.018437952803250328,0.018421239758922795,0.018404599928365045,0.018388032734283924,0.018371537606165233,0.018355113980180433,0.018338761299058755,0.018322479012028582,0.018306266574536136,0.018290123448570287,0.018274049102662202,0.018258043009867386,0.018242104650768937,0.018226233511335222,0.01821042908336924,0.018194690864373017,0.018179018357460067,0.0181634110709382,0.018147868519343642,0.01813239022262952,0.018116975705240623,0.018101624497213108,0.018088623124463674,0.01807338796948489,0.018058214815795993,0.018043103212831205,0.018028052714787357,0.0180130628806807,0.01799813327422752,0.017983263464001396,0.01796845302249803,0.017953701527446513,0.017939008560833303,0.017924373709044428,0.01790979656265516,0.017895276716855032,0.017880813770737903,0.017866407327756507,0.017852056995357992,0.0178377623850992,0.017823523112321778,0.01780933879664964,0.017795209061576465,0.017781133534106396,0.017767111845338752,0.017753143629719338,0.017739228525670073,0.017725366175284984,0.017711556224068694,0.017697798321107943,0.01768409211899921,0.017670437273748136,0.017656833444844974,0.017643280295256854,0.017629777490476593,0.017616324700029568,0.017602921596540262,0.017589567855713688,0.01757626315665722,0.01756300718083289,0.017549799613475095,0.017536640142599157,0.017523528459154187,0.017510464257154544,0.017497447233389155,0.01748447708756998,0.017471553522146355,0.017458676242499895,0.017445844956705335,0.017433059375607334,0.01742031921264491,0.01740762418396145,0.01739497400833374,0.017382368407113224,0.017369807104217597,0.017357289826092248,0.01734481630179091,0.017332386262632216,0.01731999944230819,0.01730765557719648,0.01729535440598818,0.017283095669603014,0.01727087911134,0.017258704476791273,0.017246571513383616,0.01723447997165108,0.017222429603899542,0.017210420164946713,0.017198451411514253,0.017186523101741395,0.017174634996558996,0.017162786859481804,0.017150978455135066,0.017139209550821724,0.017127479915796093,0.017115789320897995,0.017104137538869347,0.017092524345032507,0.017080949516292618,0.017069412831559237,0.01705791407146729,0.017046453018531256,0.017035029457222777,0.01702364317372934,0.017012293956078808,0.017000981594049745,0.01698970587918517,0.016978466604764396,0.016967263565587656,0.016956096558455338,0.01694496538184399,0.016933869835784748,0.01692280972195293,0.016911784843644983,0.016900795005765273,0.016889840015076728,0.016878919679374455,0.016868033808280516,0.016857182212956862,0.01684636470603928,0.01683558110177646,0.01682483121582298,0.016814114865339323,0.016803431868944792,0.016792782046664304,0.016782165219986673,0.016771581211838024,0.01676102984642412,0.016750510949544384,0.016740024348143572,0.016729569870590228,0.016719147346529246,0.016708756607104656,0.016698397484728095,0.016688069813074434,0.01667777342695142,0.016667508162626483,0.016657273857576153,0.016647070350554703,0.01663689748150047,0.016626755091618643,0.01661664302329467,0.01660656111974214,0.016596509226311746,0.01658648718863195,0.016576494853765354,0.016566532069957163,0.016556598686735924,0.01654669455437127,0.016536819524763765,0.016526973450473485,0.01651715618528828,0.01650736758410929,0.016497607502905267,0.01648787579860767,0.01647817232942026,0.01646849695439887,0.016458849533619344,0.016449229928336855,0.01643963800075447,0.016430073613888166,0.01642053663195941,0.016411026920107347,0.016401544344435064,0.016392088772024194,0.016382660070874664,0.016373258109965382,0.016363882759187716,0.016354533889339187,0.01634521137218151,0.016335915080354577,0.01632664488741255,0.016317400667792727,0.01630818229681956,0.016298989650685616,0.016289822606461647,0.016280681042056155,0.01627156483624412,0.016262473868627104,0.016253408019641806,0.016244367170554493,0.01623535120347443,0.016226360001328956,0.016217393447806365,0.016208451427411306,0.016199533825434154,0.01619064052795107,0.016181771421799267,0.016172926394525135,0.01616410533474586,0.016155308131311472,0.016146534674225298,0.01613778485430784,0.016129058562647205,0.01612035569140813,0.016111676133437988,0.016103019782208555,0.016094386531997844,0.016085776277541944,0.016077188914792075,0.016068624339934688,0.016060082449951173,0.016051563142521444,0.01604306631602207,0.016034591869416824,0.016026139702414312,0.016017709715347234,0.016009301809196484,0.01600091588558932,0.015992551846805238,0.01598420959570106,0.015975889035803294,0.015967590071267905,0.015959312606825198,0.015951056547900577,0.015942821800489365,0.015934608271033567,0.01592641586687951,0.015918244495642244,0.015910094065699574,0.015901964486058927,0.015893855666127638,0.015885767515944012,0.015877699946201796,0.015869652868147503,0.01586162619324575,0.015853619834097357,0.015845633703542982,0.015837667714948815,0.015829721782312553,0.015821795819999894,0.01581388974291271,0.015806003466683195,0.015798136907496593,0.015790289981774567,0.015782462606591028,0.01577465469952236,0.015766866178648767,0.015759096962547074,0.01575134697030853,0.015743616121498147,0.01573590433615362,0.015728211534828392,0.015720537638541136,0.015712882568833686,0.015705246247627112,0.015697628597357308,0.015690029540925556,0.015682449001694316,0.015674886903481986,0.015667343170561218,0.01565981772765506,0.015652310499932914,0.01564482141300723,0.0156373503928658,0.015629897366093503,0.015622462259573177,0.015615045000667611,0.015607645517133192,0.015600263737183907,0.015592899589433563,0.015585553002915978,0.015578223907073736,0.01557091223176891,0.015563617907262644,0.015556340864221077,0.015549081033710641,0.015541838347193781,0.01553461273652963,0.015527404133967023,0.015520212472143038,0.015513037684079974,0.015505879703183102,0.015498738463235627,0.015491613898398102,0.01548450594320461,0.015477414532560232,0.01547033960173812,0.015463281086374814,0.015456238922474911,0.015449213046398456,0.015442203394868603,0.015435209904950935,0.015428232514059398,0.015421271160053717,0.015414325780771627,0.015407396314882776,0.015400482701194717,0.015393584878878772,0.015386702787391923,0.015379836366548084,0.015372985556497847,0.015366150297708329,0.015359330530992981,0.015352526197656579,0.015345737238945063,0.015338963596635271,0.01533220521283481,0.01532546202994656,0.015318733990686631,0.015312021038126272,0.015305323115553918,0.015298640166609121,0.01529197213519499,0.01528531896564247,0.015278680602455672,0.015272056990433373,0.015265448074739231,0.015258853800762593,0.015252274114350813,0.015245708961544915,0.015239158288461865,0.01523262204182358,0.015226100168511142,0.015219592615552672,0.015213099330441035,0.015206620260891795,0.01520015535487609,0.015193704560629526,0.015187267826702261,0.015180845101900235,0.0151744363352524,0.015168041476107048,0.015161660474045048,0.015155293278924507,0.015148939840868972,0.015142600110248223,0.015136274037691733,0.015129961574084746,0.015123662670565781,0.015117377278525057,0.015111105349599812,0.015104846835592965,0.01509860168892928,0.015092369861671681,0.015086151306578609,0.01507994597646122,0.015073753824462636,0.015067574803912336,0.015061408868396645,0.015055255971722158,0.015049116067938448,0.015042989111324971,0.015036875056391334,0.015030773857875587,0.015024685470743523,0.015018609850186082,0.015012546951618844,0.015006496730679785,0.015000459143229169,0.01499443414535165,0.014988421693338761,0.014982421743706027,0.014976434253184092,0.014970459178721125,0.014964496477478254,0.014958546106799099,0.014952608024282391,0.014946682187716954,0.014940768555095563,0.014934867084618622,0.014928977734693502,0.014923100463925832,0.014917235231125954,0.014911381995304805,0.014905540715672683,0.01489971135163794,0.014893893862805718,0.014888088208973521,0.01488229435014267,0.014876512246497919,0.014870741858419105,0.014864983146480595,0.014859236071434133,0.01485350059423166,0.014847776676008083,0.014842064278084098,0.014836363361965041,0.014830673889337875,0.014824995822075429,0.014819329122231734,0.014813673752035315,0.014808029673916034,0.014802396850429667,0.01479677524435923,0.014791164818644545,0.01478556553640166,0.014779977360935205,0.01477440025567706,0.014768834184273969,0.014763279110531062,0.014757734998462748,0.01475220181211843,0.014746679515921235,0.014741168074203087,0.014735667451715312,0.014730177613171701,0.014724698523582887,0.014719230148050202,0.014713772451913352,0.014708325400594555,0.014702888959700969,0.014697463094989942,0.014692047772399373,0.01468664295800025,0.014681248618025574,0.014675864718864408,0.014670491227056921,0.014665128109297631,0.014659775332439205,0.01465443286346426,0.014649100669527222,0.014643778717916073,0.014638466976086778,0.014633165411581986,0.014627873992224611,0.014622592685847093,0.01461732146047312,0.014612060284263971,0.014606809125532244,0.014601567952744997,0.014596336734492163,0.014591115439506346,0.014585904036664016,0.014580702494978403,0.01457551078360071,0.014570328871817742,0.014565156729053896,0.014559994324869003,0.014554841628956474,0.01454969861116674,0.014544565241414491,0.014539441489815558,0.014534327326594695,0.014529222722082956,0.014524127646855943,0.014519042071397094,0.014513965966536913,0.014508899303121969,0.014503842052146406,0.014498794184737354,0.014493755672139048,0.014488726485710958,0.01448370659698083,0.014478695977577026,0.014473694599232088,0.014468702433798575,0.01446371945327689,0.014458745629769778,0.014453780935506736,0.014448825342835172,0.014443878824221032,0.014438941352251286,0.014434012899624035,0.014429093439156911,0.014424182943780088,0.014419281386547503,0.014414388740668109,0.014409504979322016,0.014404630075951436,0.014399764004059762,0.014394906737262628,0.014390058249287272,0.014385218513971745,0.014380387505264571,0.014375565197225423,0.01437075156401612,0.014365946579919395,0.014361150219314693,0.014356362456663014,0.014351583266591512,0.014346812623802543,0.014342050503134373,0.01433729687946983,0.014332551727829795,0.014327815023337409,0.01432308674121164,0.014318366856783298,0.014313655345481178,0.014308952182836517,0.014304257344482142,0.014299570806107859,0.014294892543558492,0.014290222532867736,0.014285560749993511,0.014280907171078898,0.014276261772333978,0.014271624530085816,0.014266995420752947,0.014262374420852035,0.01425776150698309,0.014253156655865686,0.01424855984430766,0.014243971049161757,0.014239390247506216,0.014234817416324009,0.014230252532867917,0.014225695574377922,0.014221146518209143,0.014216605341813463,0.014212072022741072,0.014207546538615596,0.014203028867159533,0.01419851898617927,0.014194016873581836,0.014189522507349558,0.014185035865562157,0.014180556926375095,0.014176085668039743,0.014171622068894591,0.014167166107361904,0.014162717761946894,0.01415827701124783,0.014153843833939618,0.014149418208789252,0.014145000114637016,0.014140589530414607,0.014136186435133084,0.014131790807887255,0.01412740262785406,0.01412302187429211,0.014118648526540906,0.01411428256402205,0.01410992396623633,0.014105572712765291,0.014101228783268702,0.01409689215748721,0.014092562815240878,0.014088240736424883,0.014083925901017053,0.014079618289069123,0.0140753178807111,0.014071024656150144,0.014066738595669788,0.014062459679629765,0.014058187888464184,0.014053923202685219,0.014049665602869256,0.014045415069689973,0.014041171583877196,0.01403693512623549,0.014032705677658897,0.01402848321908181,0.014024267731539194,0.014020059196132783,0.014015857594027802,0.014011662906475196,0.014007475114786014,0.014003294200344907,0.0139991201445947,0.013994952929087135,0.013990792535404905,0.013986638945213169,0.013982492140246217,0.013978352102307178,0.01397421881326759,0.013970092255067502,0.013965972409711912,0.0139618592592805,0.0139577527859129,0.013953652971818293,0.0139495597992724,0.013945473250613646,0.01394139330825493,0.013937319954666723,0.013933253172387224,0.013929192944019505,0.013925139252231112,0.013921092079754168,0.01391705140938439,0.013913017223981274,0.013908989506467531,0.013904968239829101,0.013900953407114532,0.013896944991434797,0.013892942975962988,0.01388894734393401,0.0138849580786443,0.013880975163451506,0.013876998581774245,0.013873028317091736,0.013869064352943565,0.013865106672931525,0.013861155260710774,0.013857210100005964,0.013853271174591253,0.01384933846830509,0.013845411965037975,0.013841491648748334,0.013837577503452473,0.013833669513212006,0.013829767662159041,0.01382587193447801,0.013821982314413785,0.0138180987862619,0.013814221334376398,0.013810349943168845,0.013806484597108065,0.013802625280716607,0.013798771978572873,0.013794924675310393,0.013791083355617628,0.013787248004237713,0.013783418605968146,0.01377959514566059,0.013775777608219906,0.013771965978607626,0.013768160241834738,0.013764360382968658,0.013760566387126394,0.013760520237656388,0.013760502833448226,0.01376049550111522,0.013760491700191864,0.013760489139513513,0.013760487016444145,0.013760485049815844,0.013760483141147164,0.013760481255957538,0.01376047938218666,0.01376047751562909,0.01376047565483021,0.013760473799298584,0.01376047194887984,0.013760470103536994,0.013760468263273786,0.013760466428107588,0.013760464598060174,0.013760462773154262,0.013760460953412433,0.01376045913885659,0.013760457329508254,0.013760455525387969,0.013760453726515425,0.013760451932909598,0.013760450144588854,0.013760448361570695,0.01376044658387188,0.013760444811508435,0.013760443044495637,0.01376044128284801,0.013760439526579352,0.013760437775702721,0.01376043603023047,0.013760434290174225,0.013760432555544889,0.0137604308263527,0.013760429102607125,0.013760427384316976,0.013760425671490339,0.013760423964134672,0.013760422262256492,0.013760420565862118,0.01376041887495701,0.013760417189545897,0.01376041550963324,0.013760413835222194,0.013760412166315525,0.013760410502915495,0.013760408845023712,0.013760407192641183,0.013760405545768137,0.013760403904404448,0.013760402268549245,0.013760400638201047,0.013760399013358014,0.013760397394017474,0.01376039578017636,0.01376039417183092,0.013760392568977023,0.013760390971609809,0.013760389379724007,0.013760387793313877,0.013760386212372749,0.01376038463689411,0.013760383066870609,0.01376038150229424,0.01376037994315672,0.01376037838944933,0.013760376841162637,0.013760375298286992,0.013760373760812242,0.013760372228727648,0.013760370702022252,0.013760369180684429,0.013760367664702332,0.013760366154063548,0.01376036464875497,0.013760363148764335,0.013760361654077641,0.013760360164680952,0.013760358680559998,0.013760357201700116,0.013760355728086341,0.013760354259703279,0.013760352796535083,0.013760351338565806,0.013760349885779077,0.013760348438158158,0.013760346995686058,0.013760345558345427,0.013760344126118615,0.013760342698987797,0.013760341276934733,0.013760339859940608,0.013760338447987323,0.013760337041055566,0.013760335639125966,0.013760334242179158,0.013760332850195229,0.013760331463154517,0.013760330081035839,0.013760328703819989,0.013760327331485713,0.013760325964012164,0.013760324601378333,0.013760323243562904,0.013760321890544356,0.013760320542301105,0.013760319198811337,0.01376031786005305,0.013760316526004082,0.013760315196642172,0.013760313871944775,0.0137603125518893,0.013760311236453021,0.013760309925613017,0.013760308619346306,0.013760307317629738,0.013760306020440094,0.013760304727753955,0.013760303439547851,0.013760302155798178,0.01376030087648128,0.013760299601573387,0.013760298331050639,0.0137602970648891,0.013760295803064766,0.01376029454555354,0.013760293292331227,0.01376029204337368,0.013760290798656618,0.013760289558155567,0.013760288321846833,0.013760287089705158,0.013760285861706396,0.013760284637826033,0.013760283418039592,0.013760282202322564,0.013760280990650298,0.01376027978299827,0.013760278579341992,0.01376027737965669,0.013760276183917773,0.013760274992100544,0.013760273804180583,0.01376027262013323,0.013760271439933606,0.013760270263557304,0.013760269090979712,0.013760267922176314,0.01376026675712255,0.013760265595793962,0.013760264438165862,0.013760263284214081,0.013760262133913839,0.013760260987240956,0.013760259844171022,0.013760258704679717,0.013760257568742775,0.013760256436335926,0.013760255307434974,0.013760254182015883,0.01376025306005456,0.013760251941527017,0.013760250826409318,0.013760249714677462,0.013760248606307732,0.013760247501276341,0.013760246399559268,0.013760245301133359,0.013760244205974803,0.013760243114060258,0.013760242025366205,0.013760240939869462,0.01376023985754671,0.013760238778374775,0.013760237702330565,0.013760236629391112,0.013760235559533537,0.013760234492734915,0.013760233428972536,0.01376023236822383,0.013760231310466184,0.01376023025567719,0.013760229203834393,0.013760228154915594,0.013760227108898633,0.013760226065761463,0.013760225025482175,0.013760223988038759,0.013760222953409505,0.013760221921572722,0.013760220892506891,0.013760219866190547,0.013760218842602312,0.01376021782172096,0.013760216803525342,0.013760215787994468,0.01376021477510737,0.013760213764843257,0.013760212757181442,0.013760211752101329,0.013760210749582447,0.013760209749604417,0.013760208752147002,0.013760207757189731,0.01376020676471341,0.013760205774697328,0.013760204787122128,0.013760203801967973,0.013760202819215708,0.013760201838845203,0.013760200860837188,0.013760199885172825,0.013760198911832866,0.013760197940798325,0.013760196972050323,0.013760196005570107,0.013760195041339086,0.013760194079338709,0.013760193119550606,0.013760192161956484,0.013760191206538193,0.01376019025327767,0.01376018930215702,0.013760188353158415,0.013760187406264187,0.013760186461456754,0.013760185518718653,0.013760184578032566,0.013760183639381276,0.013760182702747679,0.013760181768114787,0.013760180835465756,0.013760179904783829,0.013760178976052367,0.013760178049254888,0.013760177124374967,0.013760176201396338,0.013760175280302833,0.01376017436107841,0.013760173443707136,0.013760172528173183,0.013760171614460878,0.013760170702554619,0.01376016979243894,0.013760168884098483,0.013760167977517999,0.01376016707268239,0.013760166169576614,0.013760165268185761,0.013760164368494995,0.013760163470489702,0.01376016257415531,0.013760161679477367,0.01376016078644152,0.013760159895033519,0.013760159005239272,0.013760158117044743,0.013760157230436026,0.013760156345399453,0.013760155461921223,0.013760154579987747,0.013760153699585524,0.013760152820701267,0.013760151943321714,0.013760151067433292,0.013760150193023664,0.013760149320079688,0.01376014844858842,0.013760147578537123,0.013760146709913079,0.013760145842704019,0.01376014497689727,0.013760144112480584,0.013760143249441728,0.013760142387768591,0.013760141527449114,0.013760140668471364,0.013760139810823642,0.013760138954494633,0.013760138099471944,0.013760137245744146,0.013760136393300006,0.01376013554212811,0.013760134692217266,0.013760133843556444,0.013760132996134487,0.01376013214994052,0.01376013130496321,0.013760130461192495,0.013760129618617192,0.01376012877722716,0.013760127937011401,0.013760127097960085,0.013760126260062507,0.013760125423308516,0.013760124587687966,0.013760123753190629,0.013760122919806956,0.013760122087526949,0.013760121256340583,0.013760120426238406,0.013760119597210631,0.0137601187692475,0.013760117942339892,0.0137601171164786,0.013760116291654204,0.013760115467857454,0.013760114645079183,0.013760113823310573,0.013760113002542406,0.0137601121827659,0.013760111363972271,0.0137601105461528,0.013760109729298848,0.013760108913401858,0.013760108098453355,0.013760107284444913,0.013760106471368227,0.013760105659215007,0.013760104847977095,0.013760104037646388,0.013760103228214865,0.013760102419674552,0.013760101612017586,0.013760100805236134,0.013760099999322435,0.01376009919426885,0.013760098390067749,0.013760097586711534,0.013760096784192922,0.0137600959825044,0.013760095181638718,0.01376009438158861,0.0137600935823469,0.013760092783906303,0.013760091986259926,0.013760091189400697,0.013760090393321772,0.013760089598015956,0.01376008880347701,0.0137600880096979,0.01376008721667199,0.013760086424392687,0.013760085632853329,0.013760084842047538,0.013760084051968881,0.013760083262611003,0.013760082473967587,0.013760081686032577,0.013760080898799588,0.013760080112262508,0.013760079326415299,0.013760078541251908,0.013760077756766381,0.013760076972952826,0.013760076189805407,0.013760075407318197,0.013760074625485605,0.01376007384430195,0.013760073063761627,0.013760072283859058,0.01376007150458872,0.013760070725945182,0.013760069947923007,0.013760069170516788,0.013760068393721271,0.013760067617531195,0.013760066841941396,0.013760066066946589,0.013760065292541849,0.013760064518722028,0.013760063745482111,0.013760062972817151,0.013760062200722225,0.01376006142919248,0.013760060658223073,0.01376005988780927,0.013760059117946234,0.013760058348629471,0.013760057579854266,0.013760056811616043,0.013760056043910205,0.013760055276732321,0.013760054510077894,0.013760053743942522,0.013760052978321826,0.013760052213211485,0.013760051448607216,0.013760050684504766,0.013760049920899946,0.013760049157788595,0.013760048395166563,0.013760047633029803,0.013760046871374276,0.013760046110195972,0.013760045349490938,0.01376004458925527,0.013760043829485067,0.013760043070176477,0.013760042311325705,0.013760041552928965,0.013760040794982538,0.013760040037482716,0.013760039280425851,0.01376003852380831,0.013760037767626512,0.0137600370118769,0.013760036256555964,0.013760035501660215,0.013760034747186204,0.013760033993130532,0.013760033239489801,0.01376003248626067,0.013760031733439817,0.013760030981023977,0.01376003022900989,0.013760029477394351,0.013760028726174203,0.01376002797534623,0.013760027224907297,0.013760026474854506,0.013760025725184581,0.013760024975894543,0.013760024226981391,0.01376002347844179,0.013760022730273233,0.0137600219824731,0.013760021235037827,0.013760020487964863,0.013760019741251987,0.013760018994895675,0.013760018248893386,0.013760017503242294,0.013760016757939772,0.013760016012983062,0.013760015268369475,0.01376001452409649,0.013760013780161532,0.01376001303656182,0.013760012293294868,0.013760011550358177,0.013760010807749313,0.013760010065465745,0.01376000932350493,0.013760008581864517,0.013760007840542142,0.01376000709953539,0.013760006358841906,0.01376000561845935,0.013760004878385426,0.013760004138617835,0.013760003399154336,0.013760002659992662,0.013760001921130614,0.013760001182566003,0.013760000444296629,0.013759999706320376,0.01375999896863509,0.013759998231238683,0.013759997494129051,0.013759996757304136,0.013759996020761962,0.013759995284500441,0.013759994548517555,0.013759993812811329,0.013759993077379807,0.013759992342221193,0.013759991607333414,0.01375999087271456,0.013759990138362752,0.013759989404276111,0.013759988670452807,0.013759987936890995,0.013759987203588274,0.013759986470543661,0.013759985737755137,0.013759985005221121,0.013759984272939715,0.013759983540909041,0.013759982809127595,0.013759982077593588,0.013759981346305458,0.013759980615261532,0.013759979884460139,0.013759979153899668,0.013759978423578552,0.013759977693494888,0.013759976963647577,0.013759976234034984,0.013759975504655481,0.013759974775507505,0.013759974046589737,0.013759973317900345,0.013759972589438058,0.013759971861201788,0.013759971133189658,0.013759970405399979,0.01375996967783124,0.013759968950482676,0.013759968223352691,0.013759967496439813,0.013759966769742685,0.013759966043260035,0.013759965316990475,0.01375996459093284,0.013759963865085531,0.013759963139447402,0.01375996241401719,0.013759961688793735,0.013759960963775514,0.013759960238960764,0.013759959514349556,0.013759958789940263,0.013759958065731284,0.013759957341721593,0.013759956617909875,0.01375995589429524,0.013759955170875944,0.013759954447651756,0.013759953724621085,0.0137599530017828,0.0137599522791358,0.013759951556678987,0.01375995083441126,0.01375995011233156,0.013759949390438812,0.013759948668731965,0.013759947947209975,0.013759947225871809,0.013759946504716432,0.013759945783742851,0.013759945062950054,0.013759944342337046,0.013759943621902849,0.01375994290164649,0.013759942181567014,0.013759941461663459,0.013759940741934885,0.013759940022380372,0.013759939302998975,0.013759938583789792,0.013759937864751905,0.01375993714588444,0.013759936427186559,0.013759935708657262,0.013759934990295744,0.013759934272101234,0.013759933554072406,0.013759932836209098,0.01375993211851016,0.013759931400974822,0.01375993068360222,0.01375992996639154,0.013759929249342011,0.013759928532452842,0.01375992781572322,0.013759927099152401,0.013759926382739438,0.013759925666483899,0.013759924950384852,0.013759924234441619,0.013759923518652769,0.013759922803018474,0.013759922087538045,0.013759921372210514,0.013759920657035185,0.013759919942011185,0.013759919227137917,0.0137599185124148,0.013759917797840592,0.01375991708341507,0.013759916369138142,0.013759915655008606,0.013759914941025813,0.013759914227188332,0.01375991351349703,0.013759912799950546,0.013759912086548252,0.013759911373289522,0.013759910660173761,0.013759909947200348,0.013759909234368678,0.013759908521678159,0.013759907809128202,0.01375990709671823,0.013759906384447677,0.013759905672315937,0.013759904960322443,0.013759904248466397,0.013759903536747829,0.013759902825165838,0.01375990211371979,0.013759901402409219,0.013759900691233673,0.013759899980192654,0.013759899269285565,0.013759898558511828,0.013759897847871086,0.01375989713736275,0.013759896426986318,0.013759895716741292,0.013759895006627184,0.013759894296643503,0.013759893586789777,0.013759892877065524,0.013759892167470276,0.013759891458003572,0.01375989074866494,0.013759890039453921,0.013759889330370067,0.013759888621412926,0.013759887912582062,0.013759887203877027,0.013759886495297377,0.013759885786842696,0.013759885078512573,0.013759884370306553,0.013759883662224246,0.01375988295426523,0.013759882246429087,0.013759881538715438,0.013759880831123854,0.013759880123653942,0.01375987941630525,0.013759878709077515,0.013759878001970365,0.0137598772949833,0.01375987658811599,0.013759875881368046,0.013759875174739113,0.013759874468228819,0.013759873761836773,0.013759873055562592,0.013759872349406005,0.013759871643366839,0.013759870937444523,0.01375987023163862,0.013759869525948905,0.013759868820375037,0.013759868114916685,0.013759867409573537,0.013759866704345423,0.013759865999231834,0.01375986529423254,0.013759864589346851,0.013759863884574683,0.01375986317991579,0.013759862475369736,0.013759861770936318,0.013759861066615448,0.013759860362406525,0.013759859658309627,0.01375985895432388,0.013759858250449406,0.01375985754668505,0.013759856843031923,0.013759856139489041,0.013759855436056246,0.013759854732733286,0.013759854029519703,0.013759853326415671,0.01375985262342013,0.013759851920533379,0.013759851217755014,0.01375985051508478,0.01375984981252242,0.013759849110067689,0.01375984840772045,0.013759847705480333,0.013759847003346903,0.013759846301320098,0.013759845599399712,0.01375984489758551,0.01375984419587719,0.01375984349427455,0.013759842792777342,0.013759842091385338,0.013759841390098318,0.013759840688916048,0.013759839987838305,0.01375983928686485,0.01375983858599549,0.013759837885229994,0.013759837184568144,0.013759836484009733,0.013759835783554544,0.013759835083202368,0.013759834382952993,0.013759833682806222,0.013759832982761863,0.013759832282819693,0.013759831582979512,0.01375983088324106,0.013759830183604252,0.013759829484068812,0.01375982878463464,0.013759828085301708,0.01375982738606946,0.013759826686937822,0.013759825987906638,0.013759825288975541,0.013759824590144383,0.013759823891413525,0.013759823192782173,0.013759822494250165,0.013759821795817948,0.013759821097484908,0.013759820399250904,0.013759819701115818,0.013759819003079411,0.013759818305141537,0.013759817607302013,0.013759816909560725,0.013759816211917483,0.013759815514372256,0.013759814816924586,0.013759814119574547,0.013759813422321921,0.013759812725166607,0.013759812028108434,0.013759811331147146,0.013759810634282669,0.013759809937514854,0.013759809240843548,0.013759808544268604,0.013759807847789862,0.013759807151407108,0.013759806455120425,0.01375980575892983,0.013759805062834576,0.013759804366834837,0.013759803670930488,0.013759802975121346,0.013759802279407157,0.013759801583788703,0.013759800888264612,0.01375980019283537,0.013759799497500528,0.013759798802260123,0.013759798107113842,0.013759797412062095,0.013759796717104414,0.013759796022240794,0.013759795327470898,0.013759794632794723,0.013759793938211631,0.013759793243722587,0.01375979254932715,0.013759791855024765,0.013759791160815486,0.013759790466699265,0.01375978977267596,0.013759789078745449,0.01375978838490766,0.01375978769116242,0.013759786997509618,0.013759786303949424,0.01375978561048124,0.013759784917105264,0.013759784223821344,0.013759783530629472,0.013759782837529277,0.013759782144520812,0.013759781451603986,0.013759780758778324,0.013759780066044459,0.013759779373401932,0.013759778680850633,0.01375977798839019,0.013759777296021089,0.013759776603742932,0.013759775911555607,0.013759775219459045,0.013759774527453167,0.013759773835537826,0.013759773143712984,0.01375977245197854,0.013759771760334393,0.013759771068780334,0.013759770377316528,0.013759769685942759,0.013759768994658939,0.01375976830346498,0.013759767612360816,0.013759766921346336,0.01375976623042147,0.013759765539586142,0.013759764848840292,0.013759764158183778,0.013759763467616532,0.013759762777138555,0.013759762086749665,0.013759761396449806,0.013759760706238919,0.013759760016116954,0.013759759326083773,0.013759758636139357,0.013759757946283608,0.013759757256516427,0.013759756566837818,0.013759755877247598,0.013759755187745762,0.01375975449833211,0.013759753809006797,0.013759753119769635,0.013759752430620557,0.013759751741559488,0.01375975105258637,0.013759750363701128,0.013759749674903713,0.013759748986194049,0.013759748297572032,0.013759747609037625,0.013759746920590782,0.013759746232231394,0.013759745543959423,0.013759744855774803,0.013759744167677458,0.013759743479667342,0.013759742791744372,0.01375974210390851,0.013759741416159684,0.013759740728497836,0.0137597400409229,0.01375973935343482,0.013759738666033519,0.013759737978718958,0.013759737291491065,0.013759736604349789,0.013759735917295065,0.013759735230326853,0.01375973454344508,0.013759733856649692,0.013759733169940634,0.013759732483317869,0.013759731796781307,0.013759731110330912,0.013759730423965784,0.01375972973768654,0.013759729051493579,0.01375972836538651,0.013759727679365537,0.01375972699342981,0.013759726307581146,0.013759725621818151,0.01375972493614086,0.013759724250549193,0.013759723565043137,0.013759722879622604,0.013759722194287559,0.01375972150903795,0.013759720823873748,0.0137597201387949,0.013759719453801292,0.013759718768893047,0.013759718084069925,0.013759717399331947,0.013759716714678627,0.013759716030110808,0.013759715345628013,0.013759714661230221,0.013759713976917326,0.01375971329268935,0.013759712608546169,0.01375971192448777,0.0137597112405141,0.013759710556625133,0.013759709872820738,0.013759709189101028,0.013759708505465608,0.01375970782191501,0.013759707138448905,0.013759706455067229,0.01375970577176995,0.013759705088557036,0.013759704405428437,0.013759703722384107,0.01375970303942402,0.013759702356548126,0.013759701673756387,0.013759700991048767,0.013759700308425252,0.013759699625885764,0.013759698943430262,0.01375969826105774,0.013759697578770762,0.01375969689656703,0.013759696214447184,0.013759695532411095,0.013759694850458764,0.013759694168590166,0.013759693486805277,0.013759692805104116,0.01375969212348709,0.013759691441953175,0.013759690760502723,0.013759690079135746,0.013759689397852319,0.01375968871665199,0.013759688035535352,0.01375968735450207,0.013759686673552365,0.013759685992685558,0.013759685311902187,0.013759684631202059,0.013759683950585128,0.01375968327005137,0.013759682589600737,0.013759681909233207,0.013759681228948753,0.013759680548747327,0.013759679868628898,0.013759679188593445,0.013759678508640901,0.013759677828771494,0.013759677148984743,0.013759676469280805,0.013759675789659438,0.013759675110121125,0.013759674430665407,0.013759673751292546,0.01375967307200238,0.013759672392794867,0.013759671713670091,0.013759671034627793,0.013759670355668056,0.013759669676790848,0.01375966899799615,0.013759668319283916,0.013759667640654128,0.013759666962106757,0.013759666283641748,0.01375966560525911,0.013759664926958792,0.013759664248740774,0.01375966357060504,0.013759662892551552,0.013759662214580267,0.01375966153669117,0.013759660858884228,0.013759660181159416,0.0137596595035167,0.013759658825956058,0.013759658148477467,0.013759657471080886,0.013759656793766303,0.013759656116533677,0.01375965543938297,0.013759654762314171,0.01375965408532729,0.013759653408422255,0.013759652731599056,0.01375965205485765,0.013759651378198037,0.013759650701620168,0.013759650025124035,0.013759649348709598,0.013759648672376832,0.01375964799612572,0.013759647319956237,0.013759646643868348,0.013759645967862034,0.013759645291937265,0.013759644616093874,0.013759643940332078,0.013759643264651546,0.013759642589052785,0.013759641913535339,0.01375964123809915,0.013759640562744526,0.013759639887471233,0.013759639212279282,0.013759638537168646,0.013759637862139299,0.0137596371871912,0.013759636512324336,0.013759635837538692,0.013759635162834224,0.013759634488210923,0.013759633813668763,0.013759633139207715,0.013759632464827759,0.013759631790528873,0.013759631116311037,0.013759630442174224,0.01375962976811841,0.013759629094143582,0.013759628420249706,0.013759627746436765,0.013759627072704738,0.013759626399053596,0.013759625725483345,0.013759625051993943,0.013759624378585349,0.013759623705257568,0.013759623032010568,0.013759622358844318,0.013759621685758788,0.013759621012753968,0.013759620339829835,0.01375961966698638,0.013759618994223566,0.013759618321541389,0.013759617648939817,0.013759616976418837,0.013759616303978414,0.013759615631618533,0.013759614959339155,0.013759614287140287,0.013759613615021895,0.013759612942983961,0.013759612271026489,0.013759611599149438,0.013759610927352787,0.013759610255636517,0.013759609584000599,0.013759608912445018,0.013759608240969761,0.013759607569574757,0.013759606898260064,0.013759606227025566,0.013759605555871373,0.01375960488479739,0.013759604213803608,0.013759603542890004,0.013759602872056548,0.013759602201303237,0.013759601530630026,0.013759600860036872,0.013759600189523801,0.013759599519090787,0.013759598848737833,0.013759598178464923,0.01375959750827202,0.013759596838159104,0.013759596168126153,0.013759595498173148,0.013759594828300055,0.01375959415850688,0.013759593488793586,0.013759592819160156,0.013759592149606576,0.013759591480132826,0.013759590810738883,0.01375959014142474,0.013759589472190362,0.013759588803035745,0.013759588133960861,0.013759587464965693,0.013759586796050221,0.01375958612721443,0.013759585458458299,0.013759584789781823,0.013759584121184972,0.013759583452667723,0.013759582784230067,0.013759582115871985,0.013759581447593447,0.013759580779394452,0.013759580111274969,0.013759579443234984,0.013759578775274485,0.01375957810739344,0.013759577439591842,0.013759576771869671,0.013759576104226911,0.013759575436663538,0.013759574769179538,0.013759574101774896,0.013759573434449597,0.013759572767203616,0.013759572100036933,0.01375957143294954,0.013759570765941413,0.013759570099012531,0.013759569432162883,0.01375956876539245,0.01375956809870122,0.013759567432089169,0.013759566765556282,0.013759566099102541,0.013759565432727928,0.013759564766432432,0.01375956410021603,0.013759563434078739,0.013759562768020525,0.013759562102041338,0.013759561436141193,0.013759560770320048,0.013759560104577897,0.013759559438914722,0.013759558773330512,0.013759558107825238,0.013759557442398892,0.013759556777051452,0.013759556111782907,0.013759555446593233,0.013759554781482415,0.013759554116450442,0.013759553451497297,0.013759552786622957,0.013759552121827414,0.01375955145711064,0.013759550792472625,0.013759550127913349,0.0137595494634328,0.013759548799030968,0.013759548134707823,0.013759547470463351,0.01375954680629755,0.013759546142210382,0.01375954547820184,0.013759544814271912,0.013759544150420583,0.013759543486647832,0.013759542822953635,0.01375954215933799,0.01375954149580087,0.013759540832342274,0.013759540168962164,0.013759539505660546,0.013759538842437387,0.013759538179292674,0.0137595375162264,0.013759536853238542,0.01375953619032909,0.013759535527498016,0.013759534864745319,0.013759534202070971,0.013759533539474964,0.013759532876957286,0.013759532214517903,0.013759531552156826,0.013759530889873962,0.013759530227669358,0.013759529565543003,0.013759528903494857,0.013759528241524929,0.013759527579633191,0.01375952691781964,0.013759526256084465,0.01375952559442712,0.01375952493284779,0.01375952427134767,0.013759523609924666,0.013759522948579584,0.013759522287313258,0.013759521626124888,0.013759520965013988,0.013759520303981483,0.013759519643027398,0.01375951898215062,0.013759518321351898,0.013759517660631137,0.013759516999988328,0.013759516339423449,0.013759515678936475,0.013759515018527405,0.01375951435819621,0.013759513697942892,0.013759513037767426,0.013759512377669786,0.013759511717649978,0.013759511057707969,0.013759510397843759,0.013759509738057384,0.013759509078348735,0.013759508418717715,0.01375950775916442,0.013759507099689596,0.013759506440292581,0.013759505780972688,0.01375950512173022,0.013759504462565596,0.013759503803478502,0.01375950314446881,0.013759502485537044,0.013759501826682908,0.013759501167906241,0.013759500509207077,0.013759499850585413,0.013759499192041141,0.01375949853357516,0.013759497875186405,0.013759497216875156,0.013759496558641738,0.01375949590048608,0.013759495242406846,0.013759494584405021,0.013759493926480668,0.013759493268633686,0.013759492610864421,0.01375949195317227,0.01375949129555748,0.01375949063802,0.013759489980559782,0.013759489323176883,0.013759488665871266,0.013759488008642939,0.01375948735149188,0.013759486694418059,0.013759486037421479,0.013759485380502118,0.013759484723659959,0.013759484066895004,0.013759483410207204,0.013759482753596567,0.013759482097062964,0.013759481440606455,0.013759480784227007,0.013759480127924866,0.013759479471699818,0.013759478815551835,0.013759478159480839,0.013759477503486892,0.013759476847570092,0.013759476191730078,0.013759475535967127,0.013759474880281265,0.01375947422467238,0.013759473569140606,0.01375947291368508,0.013759472258307006,0.013759471603005816,0.013759470947781523,0.013759470292634158,0.013759469637563321,0.013759468982569486,0.013759468327652678,0.013759467672812617,0.013759467018049351,0.013759466363362947,0.013759465708753431,0.013759465054220606,0.013759464399764623,0.013759463745385324,0.013759463091082726,0.013759462436856837,0.013759461782707648,0.013759461128634904,0.013759460474639561,0.01375945982072034,0.013759459166877791,0.013759458513111791,0.013759457859422371,0.013759457205809716,0.013759456552273478,0.01375945589881387,0.013759455245430804,0.013759454592124305,0.013759453938894325,0.013759453285740856,0.013759452632663868,0.013759451979663367,0.01375945132673929,0.01375945067389171,0.01375945002112055,0.013759449368425805,0.013759448715807386,0.013759448063265508,0.013759447410800076,0.013759446758410643,0.01375944610609703,0.013759445453860552,0.013759444801700467,0.013759444149616528,0.013759443497608803,0.01375944284567676,0.013759442193820704,0.013759441542041779,0.01375944089033942,0.013759440238713243,0.013759439587163169,0.013759438935689493,0.013759438284292018,0.013759437632970481,0.013759436981725414,0.01375943633055637,0.013759435679463387,0.01375943502844646,0.013759434377505604,0.013759433726641028,0.013759433075852487,0.013759432425139976,0.013759431774503481,0.013759431123942994,0.01375943047345851,0.013759429823050007,0.013759429172717481,0.013759428522460917,0.013759427872280293,0.013759427222175609,0.01375942657214684,0.013759425922193976,0.01375942527231691,0.013759424622515764,0.013759423972790482,0.013759423323140937,0.013759422673567239,0.013759422024069337,0.013759421374647257,0.01375942072530099,0.013759420076030711,0.013759419426835997,0.013759418777717023,0.013759418128673763,0.013759417479706233,0.01375941683081441,0.013759416181998297,0.013759415533257859,0.013759414884593094,0.01375941423600399,0.013759413587490534,0.013759412939052699,0.013759412290690476,0.013759411642403872,0.01375941099419284,0.013759410346057387,0.01375940969799749,0.013759409050013143,0.013759408402104331,0.013759407754271032,0.013759407106513247,0.013759406458830947,0.01375940581122412,0.013759405163692761,0.013759404516236853,0.013759403868856372,0.013759403221551314,0.013759402574321662,0.013759401927167403,0.01375940128008853,0.01375940063308502,0.013759399986156856,0.013759399339304035,0.01375939869252654,0.01375939804582435,0.013759397399197454,0.013759396752645842,0.013759396106169504,0.013759395459768411,0.013759394813442568,0.013759394167191945,0.01375939352101654,0.013759392874916333,0.013759392228891311,0.013759391582941457,0.013759390937066759,0.013759390291267205,0.013759389645542795,0.01375938899989349,0.013759388354319283,0.013759387708820172,0.01375938706339614,0.013759386418047156,0.013759385772773228,0.013759385127574327,0.01375938448245045,0.013759383837401586,0.0137593831924277,0.0137593825475288,0.01375938190270486,0.013759381257955875,0.013759380613281837,0.013759379968682704,0.01375937932415849,0.013759378679709175,0.013759378035334741,0.013759377391035174,0.013759376746810468,0.013759376102660575,0.013759375458585528,0.013759374814585298,0.013759374170659866,0.01375937352680922,0.013759372883033343,0.013759372239332232,0.01375937159570588,0.013759370952154246,0.013759370308677328,0.013759369665275118,0.01375936902194759,0.013759368378694741,0.013759367735516557,0.013759367092413021,0.013759366449384127,0.013759365806429856,0.013759365163550185,0.013759364520745106,0.01375936387801461,0.013759363235358682,0.01375936259277731,0.013759361950270475,0.013759361307838135,0.01375936066548034,0.013759360023197043,0.013759359380988233,0.013759358738853892,0.01375935809679404,0.013759357454808602,0.013759356812897599,0.013759356171061013,0.013759355529298828,0.013759354887611036,0.01375935424599762,0.013759353604458562,0.013759352962993857,0.013759352321603486,0.01375935168028744,0.0137593510390457,0.01375935039787826,0.01375934975678509,0.01375934911576622,0.013759348474821588,0.013759347833951182,0.013759347193155004,0.013759346552433046,0.013759345911785294,0.013759345271211712,0.013759344630712317,0.013759343990287073,0.013759343349935983,0.013759342709659015,0.013759342069456167,0.013759341429327433,0.013759340789272783,0.01375934014929198,0.013759339509385517,0.013759338869553031,0.013759338229794582,0.013759337590109876,0.01375933695049947,0.01375933631096309,0.013759335671500693,0.013759335032112194,0.01375933439279887,0.013759333753558823,0.013759333114392255,0.013759332475299382,0.01375933183628059,0.01375933119733569,0.013759330558464674,0.013759329919667516,0.013759329280944211,0.013759328642294745,0.013759328003719103,0.013759327365217268,0.013759326726789218,0.013759326088434968,0.013759325450153952,0.01375932481194689,0.013759324173813892,0.013759323535754629,0.013759322897769096,0.013759322259857187,0.013759321622018742,0.013759320984254255,0.013759320346563424,0.013759319708946236,0.013759319071402681,0.01375931843393269,0.013759317796536342,0.013759317159213654,0.013759316521964523,0.013759315884788915,0.013759315247686725,0.013759314610658423,0.013759313973703443,0.013759313336821979,0.013759312700014023,0.01375931206327949,0.013759311426618482,0.01375931079003084,0.013759310153516549,0.013759309517075824,0.013759308880708575,0.013759308244414742,0.01375930760819431,0.013759306972046552,0.013759306335972495,0.013759305699971637,0.013759305064043688,0.01375930442819055,0.013759303792409997,0.01375930315670288,0.013759302521069057,0.013759301885508408,0.013759301250021182,0.013759300614607364,0.013759299979266447,0.013759299343998803,0.013759298708804378,0.013759298073683137,0.013759297438635075,0.013759296803660169,0.013759296168758628,0.013759295533930457,0.013759294899175057,0.013759294264492771,0.013759293629883592,0.013759292995347821,0.013759292360884691,0.013759291726494623,0.0137592910921776,0.013759290457934075,0.01375928982376363,0.013759289189666271,0.013759288555642046,0.013759287921691081,0.013759287287813166,0.013759286654007415,0.013759286020274144,0.013759285386613808,0.013759284753025272,0.013759284119509376,0.01375928348606724,0.013759282852697556,0.01375928221940115,0.013759281586176914,0.013759280953025813,0.013759280319947718,0.013759279686943175,0.013759279054011432,0.013759278421152474,0.01375927778836628,0.013759277155652847,0.013759276523011638,0.013759275890443205,0.013759275257946601,0.013759274625522868,0.013759273993171929,0.013759273360893755,0.013759272728689155,0.0137592720965573,0.01375927146449807,0.013759270832511463,0.013759270200597404,0.013759269568755932,0.013759268936987035,0.013759268305290697,0.013759267673666902,0.013759267042115641,0.013759266410636899,0.013759265779230655,0.01375926514789691,0.01375926451663564,0.013759263885446833,0.01375926325433047,0.013759262623286543,0.013759261992315041,0.013759261361415948,0.013759260730589442,0.013759260099835328,0.013759259469153589,0.013759258838544208,0.013759258208007172,0.01375925757754246,0.013759256947150056,0.013759256316829921,0.01375925568658194,0.013759255056406567,0.013759254426303272,0.013759253796272316,0.013759253166313627,0.01375925253642683,0.013759251906612025,0.013759251276870383,0.013759250647200634,0.013759250017603069,0.013759249388077667,0.01375924875862391,0.0137592481292425,0.013759247499933307,0.013759246870696384,0.01375924624153153,0.01375924561243878,0.01375924498341799,0.013759244354468996,0.013759243725592618,0.013759243096788278,0.013759242468055967,0.01375924183939567,0.013759241210807134,0.013759240582290388,0.013759239953845596,0.013759239325473039,0.013759238697173656,0.013759238068945823,0.013759237440789386,0.013759236812704873,0.01375923618469211,0.013759235556751473,0.0137592349288825,0.01375923430108578,0.013759233673360415,0.01375923304570686,0.01375923241812518,0.013759231790615261,0.013759231163177127,0.013759230535810648,0.013759229908516062,0.01375922928129323,0.013759228654142136,0.013759228027062765,0.0137592274000551,0.013759226773119151,0.013759226146254872,0.013759225519462267,0.013759224892741327,0.013759224266092034,0.01375922363951436,0.013759223013008321,0.013759222386573877,0.013759221760211035,0.013759221133919775,0.01375922050770008,0.01375921988155195,0.013759219255475146,0.013759218629470077,0.013759218003536305,0.013759217377674257,0.0137592167518837,0.013759216126164627,0.013759215500517013,0.01375921487494084,0.01375921424943612,0.01375921362400282,0.013759212998640927,0.013759212373350439,0.013759211748131335,0.013759211122983596,0.013759210497907171,0.013759209872902153,0.013759209247968458,0.013759208623106093,0.01375920799831503,0.013759207373595263,0.013759206748946772,0.013759206124369552,0.013759205499863408,0.013759204875428841,0.013759204251065357,0.013759203626773547,0.013759203002552461,0.013759202378402596,0.013759201754323911,0.013759201130316413,0.013759200506380067,0.013759199882514863,0.013759199258720793,0.013759198634997324,0.013759198011345137,0.013759197387764077,0.01375919676425411,0.013759196140815362,0.013759195517447736,0.01375919489415113,0.013759194270925588,0.01375919364777094,0.013759193024687434,0.013759192401674497,0.013759191778732463,0.013759191155861229,0.013759190533060916,0.0137591899103312,0.013759189287672726,0.013759188665085041,0.013759188042567717,0.013759187420122582,0.013759186797748266,0.013759186175444799,0.013759185553212178,0.013759184931050383,0.01375918430895941,0.013759183686939234,0.013759183064989848,0.013759182443111239,0.013759181821303397,0.013759181199566308,0.013759180577899958,0.01375917995630433,0.01375917933477941,0.013759178713325198,0.013759178091941661,0.013759177470628804,0.01375917684938661,0.013759176228215058,0.013759175607114147,0.013759174986083856,0.013759174365124176,0.013759173744235086,0.01375917312341659,0.01375917250266865,0.013759171881991276,0.01375917126138444,0.013759170640848143,0.01375917002038236,0.01375916939998709,0.013759168779662307,0.01375916815940801,0.013759167539224175,0.013759166919110798,0.01375916629906786,0.013759165679095357,0.01375916505919327,0.01375916443936158,0.013759163819600287,0.013759163199909365,0.013759162580288814,0.013759161960738613,0.013759161341258755,0.013759160721849222,0.013759160102509995,0.013759159483241072,0.013759158864042439,0.01375915824491408,0.01375915762585599,0.013759157006868139,0.013759156387950531,0.013759155769103144,0.01375915515032597,0.013759154531618994,0.013759153912982202,0.013759153294415587,0.013759152675919121,0.013759152057492818,0.01375915143913664,0.013759150820850587,0.013759150202634636,0.013759149584488784,0.013759148966413013,0.013759148348407316,0.01375914773047167,0.013759147112606075,0.013759146494810514,0.01375914587708497,0.013759145259429433,0.013759144641843883,0.01375914402432832,0.013759143406882723,0.013759142789507075,0.013759142172201378,0.013759141554965604,0.013759140937799749,0.013759140320703807,0.013759139703677748,0.013759139086721574,0.013759138469835263,0.013759137853018806,0.013759137236272189,0.013759136619595404,0.013759136002988432,0.013759135386451255,0.013759134769983864,0.013759134153586261,0.013759133537258423,0.013759132921000328,0.013759132304811999,0.013759131688693369,0.013759131072644452,0.013759130456665242,0.013759129840755733,0.013759129224915885,0.013759128609145693,0.013759127993445162,0.013759127377814262,0.013759126762252988,0.01375912614676132,0.013759125531339254,0.013759124915986772,0.013759124300703866,0.013759123685490515,0.013759123070346716,0.013759122455272447,0.013759121840267709,0.013759121225332481,0.013759120610466741,0.013759119995670468,0.0137591193809437,0.01375911876628636,0.01375911815169845,0.013759117537179982,0.013759116922730909,0.013759116308351223,0.013759115694041353,0.013759115079800462,0.013759114465628951,0.013759113851526825,0.013759113237494054,0.013759112623530703,0.013759112009636518,0.013759111395812491,0.013759110782057415,0.013759110168371119,0.013759109554754081,0.013759108941206256,0.01375910832772765,0.013759107714318243,0.01375910710097802,0.013759106487706934,0.013759105874505382,0.013759105261373035,0.013759104648309785,0.013759104035315689,0.013759103422390732,0.0137591028095349,0.013759102196748193,0.013759101584030596,0.013759100971382087,0.013759100358802654,0.01375909974629229,0.013759099133850986,0.013759098521478717,0.013759097909175476,0.013759097296941256,0.013759096684776043,0.013759096072679815,0.013759095460652567,0.013759094848694293,0.013759094236804967,0.013759093624984583,0.01375909301323313,0.01375909240155059,0.013759091789936954,0.013759091178392203,0.013759090566916331,0.013759089955509332,0.013759089344171175,0.013759088732901867,0.013759088121701384,0.013759087510569715,0.013759086899506858,0.01375908628851279,0.013759085677587502,0.01375908506673098,0.013759084455943196,0.013759083845224172,0.013759083234573864,0.013759082623992277,0.013759082013479378,0.013759081403035186,0.013759080792659667,0.01375908018235281,0.013759079572114597,0.013759078961945026,0.013759078351844083,0.013759077741811756,0.013759077131848027,0.013759076521952893,0.013759075912126339,0.013759075302368385,0.013759074692678988,0.013759074083058133,0.013759073473505808,0.013759072864021992,0.013759072254606682,0.013759071645259857,0.01375907103598151,0.013759070426771621,0.013759069817630191,0.01375906920855719,0.013759068599552626,0.013759067990616469,0.013759067381748714,0.013759066772949354,0.013759066164218368,0.013759065555555743,0.013759064946960801,0.013759064338434204,0.013759063729975929,0.013759063121585964,0.013759062513264302,0.013759061905010937,0.01375906129682585,0.01375906068870902,0.013759060080660458,0.013759059472680121,0.013759058864768015,0.013759058256924122,0.013759057649148436,0.01375905704144094,0.013759056433801611,0.013759055826230469,0.013759055218727466,0.013759054611292598,0.013759054003925872,0.013759053396627252,0.013759052789396738,0.013759052182234317,0.013759051575139975,0.013759050968113693,0.01375905036115547,0.013759049754265283,0.01375904914744313,0.013759048540688983,0.013759047934002849,0.013759047327384694,0.013759046720834528,0.013759046114352323,0.013759045507938078,0.013759044901591778,0.013759044295313402,0.013759043689102943,0.013759043082960382,0.013759042476885723,0.013759041870878938,0.013759041264940023,0.01375904065906895,0.013759040053265732,0.013759039447530342,0.013759038841862768,0.013759038236263002,0.013759037630731023,0.013759037025266827,0.013759036419870398,0.013759035814541722,0.013759035209280788,0.013759034604087585,0.013759033998962538,0.013759033393905171,0.013759032788915484,0.013759032183993412,0.013759031579138905,0.013759030974351386,0.013759030369632216,0.013759029764980803,0.013759029160397333,0.013759028555881478,0.013759027951433217,0.01375902734705253,0.013759026742739412,0.013759026138493856,0.013759025534315834,0.013759024930205352,0.013759024326162383,0.013759023722186927,0.013759023118278766,0.013759022514438082,0.013759021910664818,0.013759021306958887,0.013759020703320041,0.013759020099749213,0.013759019496245577,0.013759018892809602,0.013759018289440986,0.013759017686140112,0.01375901708290663,0.013759016479740533,0.013759015876641793,0.013759015273610425,0.013759014670646408,0.013759014067748982,0.013759013464919308,0.013759012862156897,0.013759012259461766,0.013759011656833681,0.013759011054273327,0.013759010451779704,0.01375900984935355,0.013759009246994613,0.01375900864470271,0.01375900804247845,0.01375900744032131,0.013759006838231313,0.013759006236208437,0.013759005634252683,0.013759005032364033,0.013759004430542485,0.013759003828787704,0.013759003227100011,0.013759002625479397,0.013759002023925843,0.01375900142243934,0.01375900082101988,0.013759000219667443,0.013758999618382022,0.0137589990171636,0.013758998416012169,0.013758997814927528,0.013758997213909866,0.01375899661295915,0.013758996012075387,0.013758995411258558,0.013758994810508653,0.01375899420982543,0.013758993609209437,0.013758993008659836,0.01375899240817741,0.013758991807761614,0.013758991207413137,0.013758990607131498,0.013758990006916117,0.013758989406767813,0.013758988806686214,0.013758988206671688,0.013758987606723385,0.01375898700684257,0.013758986407028256,0.01375898580728042,0.013758985207599488,0.01375898460798639,0.013758984008439355,0.01375898340895915,0.013758982809544955,0.013758982210197482,0.013758981610916744,0.013758981011702738,0.013758980412555417,0.013758979813474705,0.013758979214461849,0.013758978615515819,0.013758978016634445,0.013758977417819977,0.013758976819073475,0.013758976220393364,0.013758975621778387,0.013758975023230802,0.013758974424748922,0.013758973826333294,0.013758973227984335,0.01375897262970132,0.013758972031485416,0.01375897143333596,0.013758970835252255,0.013758970237235688,0.01375896963928553,0.013758969041401725,0.013758968443584301,0.013758967845833373,0.013758967248148787,0.013758966650530453,0.013758966052978439,0.013758965455492765,0.013758964858073314,0.013758964260720152,0.013758963663433276,0.013758963066212677,0.013758962469058328,0.013758961871970218,0.013758961274948432,0.013758960677992869,0.013758960081103552,0.013758959484279985,0.013758958887523353,0.013758958290832448,0.013758957694207787,0.01375895709764918,0.013758956501157795,0.01375895590473149,0.013758955308371441,0.013758954712077475,0.013758954115849575,0.013758953519687528,0.013758952923591784,0.013758952327562069,0.013758951731598437,0.013758951135700859,0.013758950539869079,0.013758949944103446,0.013758949348403805,0.01375894875277019,0.013758948157202161,0.013758947561700449,0.013758946966264689,0.013758946370894953,0.013758945775591011,0.01375894518035307,0.013758944585181006,0.013758943990074643,0.01375894339503429,0.013758942800059685,0.013758942205151036,0.013758941610308219,0.013758941015531231,0.013758940420819986,0.013758939826174526,0.013758939231594885,0.013758938637080984,0.013758938042632974,0.013758937448250698,0.013758936853934084,0.013758936259683243,0.013758935665497627,0.013758935071378079,0.013758934477323913,0.01375893388333618,0.013758933289413872,0.01375893269555744,0.01375893210176629,0.013758931508040705,0.01375893091438048,0.013758930320785923,0.013758929727257218,0.013758929133794106,0.013758928540396584,0.013758927947064629,0.013758927353798214,0.01375892676059787,0.013758926167462753,0.013758925574393309,0.013758924981389057,0.013758924388450302,0.013758923795577012,0.013758923202769214,0.013758922610026854,0.013758922017349939,0.013758921424738465,0.013758920832192507,0.01375892023971181,0.013758919647296586,0.013758919054946774,0.013758918462662938,0.013758917870443683,0.013758917278290777,0.013758916686202364,0.013758916094179185,0.013758915502221278,0.013758914910328561,0.013758914318501791,0.013758913726739751,0.01375891313504142,0.013758912543410091,0.013758911951843682,0.01375891136034256,0.013758910768906674,0.01375891017753602,0.013758909586231287,0.013758908994992443,0.013758908403817341,0.013758907812707364,0.013758907221662973,0.013758906630682993,0.013758906039768305,0.013758905448919024,0.01375890485813461,0.013758904267415299,0.013758903676761605,0.013758903086172402,0.013758902495648234,0.013758901905189079,0.01375890131479489,0.013758900724465783,0.01375890013420168,0.013758899544002518,0.013758898953868063,0.013758898363798863,0.013758897773794557,0.013758897183856457,0.013758896593982065,0.013758896004172698,0.013758895414428199,0.013758894824748581,0.013758894235133856,0.013758893645583165,0.0137588930560982,0.013758892466677997,0.013758891877322627,0.013758891288032073,0.013758890698806285,0.013758890109645313,0.013758889520549144,0.013758888931517605,0.013758888342550927,0.013758887753648983,0.01375888716481177,0.013758886576038666,0.01375888598733209,0.013758885398689066,0.013758884810110403,0.013758884221596542,0.013758883633147423,0.013758883044763208,0.013758882456444948,0.01375888186819091,0.013758881280001684,0.01375888069187709,0.013758880103815744,0.013758879515818974,0.013758878927886775,0.01375887834001922,0.013758877752216426,0.013758877164478545,0.013758876576804767,0.013758875989195505,0.013758875401650744,0.01375887481417038,0.013758874226754566,0.013758873639403821,0.013758873052117144,0.013758872464894685,0.013758871877737375,0.013758871290643772,0.013758870703614463,0.013758870116649667,0.01375886952974924,0.01375886894291316,0.013758868356141435,0.013758867769434392,0.013758867182791117,0.013758866596212168,0.013758866009697527,0.013758865423247188,0.013758864836861135,0.013758864250539356,0.01375886366428184,0.013758863078088572,0.013758862491959546,0.013758861905894749,0.01375886131989412,0.01375886073395771,0.013758860148085519,0.013758859562277176,0.01375885897653313,0.013758858390853328,0.01375885780523772,0.013758857219686338,0.013758856634198947,0.01375885604877574,0.013758855463417504,0.013758854878122721,0.013758854292892886,0.013758853707726056,0.013758853122623059,0.013758852537583873,0.013758851952609313,0.01375885136769865,0.013758850782851993,0.013758850198069425,0.013758849613350738,0.013758849028695994,0.013758848444105291,0.01375884785957812,0.013758847275115263,0.013758846690716565,0.013758846106381789,0.013758845522110522,0.013758844937902408,0.01375884435375891,0.013758843769679265,0.013758843185663627,0.013758842601711806,0.013758842017823751,0.013758841433999566,0.013758840850238952,0.01375884026654309,0.013758839682910272,0.013758839099341221,0.01375883851583616,0.013758837932394668,0.013758837349016919,0.013758836765702873,0.013758836182452517,0.013758835599266498,0.01375883501614353,0.013758834433084234,0.013758833850088574,0.013758833267156751,0.01375883268428846,0.013758832101483319,0.013758831518742526,0.013758830936064989,0.013758830353451271,0.013758829770902509,0.013758829188415726,0.013758828605993468,0.013758828023633757,0.013758827441337626,0.013758826859106352,0.013758826276937468,0.01375882569483211,0.013758825112791162,0.01375882453081332,0.01375882394889876,0.013758823367046846,0.013758822785258527,0.013758822203533744,0.013758821621872417,0.013758821040274614,0.01375882045873998,0.01375881987726881,0.013758819295861115,0.013758818714517514,0.013758818133237045,0.013758817552019187,0.013758816970864651,0.013758816389773432,0.013758815808745562,0.013758815227780968,0.013758814646879646,0.013758814066041587,0.013758813485266773,0.013758812904555204,0.013758812323906858,0.013758811743321726,0.013758811162799802,0.013758810582341064,0.01375881000194556,0.013758809421613255,0.013758808841344106,0.013758808261138109,0.013758807680995333,0.013758807100915675,0.01375880652089896,0.013758805940945456,0.013758805361054966,0.013758804781227317,0.013758804201463193,0.013758803621762098,0.01375880304212432,0.013758802462549378,0.01375880188303748,0.013758801303588322,0.013758800724202339,0.013758800144879381,0.013758799565619456,0.013758798986422405,0.013758798407288287,0.013758797828217059,0.013758797249208863,0.013758796670263524,0.013758796091381191,0.013758795512561685,0.013758794933805073,0.013758794355111362,0.013758793776480507,0.013758793197912417,0.013758792619407031,0.013758792040964736,0.013758791462585254,0.013758790884269144,0.013758790306015138,0.013758789727823927,0.01375878914969535,0.013758788571629642,0.013758787993626703,0.013758787415686511,0.013758786837809053,0.013758786259994302,0.013758785682243835,0.01375878510455434,0.013758784526927302,0.01375878394936322,0.013758783371861953,0.013758782794423377,0.013758782217047317,0.0137587816397339,0.01375878106248314,0.013758780485294917,0.013758779908169289,0.013758779331106107,0.013758778754106357,0.013758778177168253,0.01375877760029286,0.01375877702347998,0.013758776446729532,0.013758775870041649,0.013758775293416268,0.013758774716853208,0.013758774140352701,0.013758773563914773,0.013758772987539136,0.013758772411225847,0.013758771834974896,0.013758771258786719,0.013758770682660949,0.013758770106597592,0.013758769530596578,0.013758768954657932,0.013758768378781762,0.013758767802967553,0.013758767227215633,0.013758766651525966,0.013758766075898456,0.01375876550033364,0.013758764924830719,0.013758764349390086,0.01375876377401243,0.013758763198696792,0.013758762623443567,0.013758762048251593,0.0137587614731224,0.013758760898055632,0.013758760323051325,0.013758759748108711,0.013758759173228465,0.01375875859841028,0.013758758023653747,0.013758757448959607,0.013758756874327694,0.013758756299757962,0.013758755725250375,0.013758755150804899,0.01375875457642176,0.013758754002100592,0.013758753427841552,0.013758752853644533,0.013758752279509517,0.013758751705436573,0.013758751131425509,0.013758750557476685,0.01375874998358983,0.013758749409764955,0.013758748836002045,0.013758748262301047,0.013758747688662023,0.013758747115085034,0.013758746541569984,0.013758745968116841,0.013758745394725604,0.013758744821396253,0.013758744248128783,0.013758743674923187,0.013758743101779441,0.013758742528697543,0.01375874195567748,0.013758741382719236,0.013758740809822798,0.013758740236988158,0.013758739664215307,0.013758739091504232,0.013758738518854917,0.013758737946266749,0.013758737373740261,0.013758736801275345,0.01375873622887134,0.013758735656530097,0.013758735084250144,0.013758734512031759,0.013758733939875452,0.01375873336778095,0.01375873279574888,0.013758732223778075,0.013758731651868198,0.01375873108002076,0.013758730508234904,0.013758729936510634,0.013758729364847918,0.013758728793246758,0.013758728221707126,0.013758727650229043,0.01375872707881265,0.013758726507457615,0.013758725936164309,0.013758725364932306,0.013758724793761798,0.013758724222652646,0.013758723651605088,0.01375872308061871,0.013758722509694118,0.01375872193883091,0.013758721368029112,0.013758720797288827,0.013758720226609256,0.013758719655991673,0.013758719085435472,0.013758718514940642,0.013758717944506995,0.013758717374134803,0.013758716803823977,0.01375871623357446,0.013758715663386267,0.013758715093259216,0.01375871452319362,0.013758713953189321,0.013758713383246298,0.013758712813364523,0.013758712243543992,0.013758711673784693,0.013758711104086436,0.013758710534449351,0.013758709964873675,0.013758709395359201,0.01375870882590587,0.013758708256513411,0.013758707687182426,0.013758707117912569,0.013758706548703762,0.013758705979556135,0.013758705410469472,0.013758704841443915,0.013758704272478122,0.0137587037035749,0.013758703134732668,0.013758702565951433,0.01375870199723101,0.0137587014285719,0.013758700859973827,0.013758700291436932,0.013758699722959282,0.0137586991545443,0.013758698586190278,0.01375869801789725,0.013758697449665323,0.013758696881494122,0.013758696313383726,0.013758695745334391,0.013758695177345915,0.013758694609418417,0.01375869404155174,0.013758693473745925,0.01375869290600119,0.013758692338317134,0.01375869177069286,0.013758691203130512,0.013758690635629157,0.013758690068188431,0.013758689500806399,0.013758688933487013,0.013758688366228407,0.01375868779903,0.013758687231892873,0.013758686664816716,0.013758686097800715,0.013758685530846035,0.013758684963951844,0.013758684397117294,0.013758683830344651,0.013758683263632767,0.013758682696981515,0.013758682130390873,0.013758681563860868,0.013758680997391482,0.013758680430982719,0.01375867986463456,0.013758679298347001,0.01375867873211893,0.013758678165952058,0.01375867759984521,0.013758677033801443,0.013758676467816035,0.013758675901891391,0.013758675336027273,0.013758674770226909,0.01375867420448418,0.01375867363880169,0.01375867307317999,0.013758672507618898,0.01375867194211796,0.01375867137667753,0.013758670811297448,0.01375867024597721,0.013758669680718044,0.013758669115520646,0.013758668550382235,0.013758667985304224,0.013758667420286561,0.013758666855329255,0.013758666290431425,0.013758665725594053,0.013758665160817793,0.013758664596101864,0.013758664031446136,0.013758663466850694,0.013758662902315576,0.013758662337840729,0.013758661773425985,0.01375866120907165,0.013758660644776162,0.013758660080542317,0.013758659516368552,0.013758658952255068,0.013758658388201554,0.013758657824208329,0.013758657260274228,0.01375865669640125,0.013758656132588481,0.01375865556883578,0.013758655005143313,0.013758654441510856,0.013758653877938476,0.013758653314426189,0.013758652750973977,0.013758652187581821,0.013758651624249732,0.01375865106097768,0.013758650497765649,0.013758649934613643,0.013758649371521473,0.0137586488084895,0.013758648245517598,0.013758647682605431,0.013758647119753381,0.013758646556961242,0.013758645994229072,0.013758645431556821,0.013758644868944542,0.013758644306392134,0.013758643743899616,0.01375864318146698,0.013758642619094277,0.013758642056781211,0.01375864149452821,0.01375864093233539,0.013758640370202002,0.013758639808128416,0.013758639246114672,0.013758638684160733,0.013758638122266558,0.01375863756043217,0.013758636998657542,0.013758636436942659,0.013758635875287528,0.013758635313692416,0.013758634752156728,0.013758634190680854,0.013758633629264626,0.013758633067908045,0.013758632506611131,0.013758631945373887,0.013758631384195837,0.013758630823077793,0.013758630262019478,0.013758629701020956,0.013758629140081316,0.013758628579201888,0.013758628018382001,0.01375862745762167,0.013758626896918792,0.013758626336277582,0.013758625775695935,0.013758625215173806,0.013758624654711267,0.013758624094308173,0.013758623533964634,0.013758622973681063,0.013758622413456429,0.013758621853291257,0.013758621293185263,0.013758620733138221,0.013758620173151307,0.013758619613223892,0.01375861905335585,0.013758618493547266,0.013758617933798036,0.013758617374108198,0.013758616814477752,0.01375861625490667,0.013758615695394936,0.013758615135942544,0.013758614576549318,0.013758614017215719,0.013758613457940577,0.01375861289872658,0.013758612339570256,0.013758611780473612,0.013758611221436054,0.01375861066245785,0.013758610103538972,0.013758609544679327,0.013758608985878896,0.013758608427137747,0.013758607868455688,0.013758607309832914,0.013758606751269267,0.013758606192764691,0.013758605634319339,0.013758605075933105,0.01375860451760636,0.01375860395933838,0.013758603401129551,0.013758602842979783,0.013758602284889081,0.013758601726857467,0.013758601168884915,0.01375860061097137,0.013758600053117069,0.013758599495320784,0.013758598937582566,0.013758598379904941,0.013758597822286526,0.013758597264727751,0.013758596707227304,0.01375859614978564,0.0137585955924031,0.013758595035079516,0.01375859447781486,0.013758593920609121,0.0137585933634623,0.013758592806374387,0.013758592249345362,0.013758591692375218,0.013758591135463946,0.013758590578611537,0.01375859002181797,0.01375858946508326,0.013758588908407431,0.013758588351790434,0.01375858779523223,0.013758587238732828,0.013758586682292203,0.013758586125910358,0.01375858556958726,0.013758585013322926,0.013758584457117324,0.013758583900970458,0.013758583344882305,0.013758582788852867,0.013758582232882125,0.013758581676970073,0.013758581121116704,0.013758580565321997,0.013758580009585948,0.013758579453908548,0.013758578898289785,0.013758578342729642,0.01375857778722813,0.013758577231785227,0.013758576676400942,0.013758576121075252,0.0137585755658082,0.01375857501059984,0.013758574455450555,0.013758573900359193,0.01375857334532626,0.013758572790351788,0.013758572235435793,0.013758571680578258,0.013758571125779188,0.013758570571038572,0.013758570016356407,0.013758569461732671,0.013758568907167366,0.01375856835266049,0.013758567798212011,0.01375856724382193,0.01375856668949024,0.013758566135216928,0.013758565581001978,0.013758565026845393,0.013758564472747151,0.013758563918707242,0.013758563364725666,0.013758562810802401,0.013758562256937428,0.01375856170313076,0.013758561149382374,0.013758560595692262,0.013758560042060403,0.013758559488486805,0.013758558934971445,0.01375855838151432,0.0137585578281154,0.013758557274774617,0.013758556721492024,0.013758556168267625,0.013758555615101404,0.013758555061993345,0.013758554508943447,0.013758553955951686,0.013758553403018067,0.013758552850142571,0.013758552297325186,0.013758551744565918,0.013758551191864738,0.01375855063922155,0.013758550086636522,0.013758549534109649,0.013758548981640724,0.013758548429229819,0.013758547876876945,0.013758547324582109,0.013758546772345278,0.013758546220166446,0.01375854566804559,0.013758545115982712,0.013758544563977796,0.013758544012030832,0.013758543460141819,0.013758542908310726,0.01375854235653756,0.013758541804822316,0.013758541253164927,0.013758540701565411,0.013758540150023901,0.01375853959854027,0.013758539047114524,0.013758538495747322,0.013758537944437231,0.013758537393184792,0.013758536841990321,0.013758536290853576,0.013758535739774461,0.013758535188753274,0.01375853463778981,0.013758534086884164,0.013758533536036247,0.013758532985246019,0.013758532434513603,0.013758531883838734,0.013758531333222569,0.013758530782663338,0.01375853023216212,0.013758529681718548,0.013758529131332606,0.013758528581003985,0.01375852803073301,0.01375852748051958,0.0137585269303638,0.013758526380265394,0.013758525830224714,0.01375852528024216,0.01375852473031676,0.013758524180448938,0.013758523630638713,0.013758523080886138,0.013758522531190606,0.013758521981553007,0.01375852143197292,0.01375852088245058,0.013758520332985457,0.013758519783577814,0.013758519234227648,0.013758518684934962,0.013758518135699737,0.013758517586521964,0.013758517037401644,0.013758516488338764,0.013758515939333235,0.013758515390385268,0.01375851484149458,0.013758514292661273,0.013758513743885283,0.013758513195166654,0.013758512646505346,0.013758512097901387,0.013758511549354776,0.013758511000865486,0.013758510452433485,0.013758509904058787,0.01375850935574144,0.013758508807481357,0.013758508259278534,0.013758507711132956,0.013758507163044621,0.013758506615013506,0.01375850606703961,0.013758505519122924,0.013758504971263425,0.013758504423461283,0.013758503875716284,0.01375850332802838,0.013758502780396987,0.013758502232822135,0.013758501685305461,0.01375850113784653,0.01375850059044425,0.013758500043099078,0.013758499495811,0.013758498948579998,0.013758498401406081,0.013758497854289224,0.013758497307229419,0.013758496760226654,0.013758496213280926,0.013758495666392213,0.013758495119560517,0.01375849457278582,0.013758494026068113,0.013758493479407405,0.013758492932803566,0.013758492386256704,0.013758491839766775,0.013758491293333784,0.013758490746957723,0.01375849020063857,0.013758489654376323,0.013758489108170964,0.013758488562022497,0.013758488015930891,0.013758487469896151,0.013758486923918263,0.013758486377997805,0.013758485832133589,0.013758485286326191,0.013758484740575597,0.013758484194881803,0.013758483649244833,0.013758483103664228,0.013758482558140774,0.013758482012674208,0.01375848146726416,0.013758480921910404,0.01375848037661355,0.013758479831374022,0.013758479286190672,0.0137584787410643,0.013758478195994605,0.013758477650981591,0.013758477106025235,0.01375847656112552,0.013758476016282472,0.01375847547149608,0.013758474926766311,0.013758474382093133,0.013758473837476635,0.013758473292916839,0.013758472748413412,0.013758472203966548,0.013758471659576227,0.013758471115242261,0.013758470570965065,0.013758470026744385,0.013758469482580426,0.013758468938472762,0.01375846839442154,0.013758467850426854,0.013758467306488597,0.01375846676260688,0.013758466218781561,0.01375846567501269,0.013758465131300262,0.013758464587644178,0.013758464044044367,0.013758463500501151,0.013758462957014325,0.013758462413583878,0.013758461870209722,0.013758461326891935,0.013758460783630286,0.013758460240425253,0.013758459697276607,0.013758459154183816,0.013758458611147764,0.013758458068168297,0.01375845752524477,0.013758456982377678,0.01375845643956607,0.013758455896814951,0.013758455354117568,0.01375845481147538,0.013758454268889497,0.013758453726359775,0.013758453183886372,0.013758452641469044,0.013758452099107891,0.01375845155680195,0.013758451014553344,0.013758450472361029,0.013758449930224514,0.013758449388144127,0.01375844884611986,0.01375844830415171,0.013758447762239655,0.013758447220383697,0.013758446678583818,0.013758446136839984,0.01375844559515221,0.013758445053520476,0.01375844451194477,0.013758443970425173,0.013758443428961528,0.013758442887553944,0.013758442346202385,0.013758441804906747,0.013758441263667095,0.013758440722483401,0.013758440181355669,0.013758439640283877,0.013758439099268018,0.01375843855830809,0.013758438017404069,0.013758437476555956,0.013758436935763733,0.013758436395027399,0.013758435854346905,0.013758435313722266,0.013758434773153482,0.01375843423264045,0.013758433692183325,0.013758433151782053,0.013758432611436512,0.013758432071146829,0.013758431530912855,0.013758430990734769,0.013758430450612438,0.013758429910546023,0.013758429370535334,0.013758428830580366,0.01375842829068112,0.013758427750837507,0.0137584272110496,0.013758426671317391,0.01375842613164093,0.01375842559201993,0.013758425052454509,0.013758424512945648,0.013758423973490926,0.013758423434092684,0.013758422894750074,0.013758422355463078,0.013758421816231686,0.013758421277055882,0.013758420737935182,0.013758420198873064,0.013758419659865545,0.013758419120914153,0.01375841858201555,0.013758418043173017,0.01375841750438588,0.013758416965655032,0.013758416426979333,0.013758415888358829,0.013758415349793907,0.013758414811284403,0.013758414272830413,0.013758413734431863,0.013758413196088753,0.013758412657801084,0.013758412119568816,0.013758411581391948,0.013758411043271081,0.013758410505205028,0.013758409967195632,0.013758409429240327,0.013758408891340222,0.013758408353495817,0.01375840781570655,0.013758407277971571,0.013758406740295676,0.013758406202672347,0.013758405665104367,0.013758405127591496,0.013758404590134032,0.013758404052732022,0.013758403515385048,0.013758402978093795,0.013758402440858289,0.013758401903676961,0.013758401366550968,0.013758400829480209,0.013758400292464607,0.013758399755505281,0.013758399218600127,0.013758398681750997,0.013758398144957938,0.013758397608218214,0.013758397071533686,0.013758396534904325,0.013758395998330092,0.013758395461810952,0.013758394925346917,0.013758394388937962,0.013758393852584093,0.013758393316285282,0.013758392780041295,0.013758392243852979,0.013758391707719335,0.013758391171640509,0.013758390635616603,0.013758390099647794,0.013758389563734045,0.01375838902787529,0.0137583884920715,0.013758387956322662,0.013758387420628787,0.013758386884989846,0.01375838634940583,0.013758385813876737,0.01375838527840255,0.013758384742983267,0.013758384207618867,0.013758383672309353,0.013758383137054703,0.01375838260185491,0.013758382066709972,0.013758381531619863,0.013758380996584524,0.013758380461603915,0.01375837992667813,0.013758379391807159,0.013758378856989955,0.01375837832222854,0.01375837778752189,0.013758377252870074,0.013758376718273114,0.01375837618373074,0.013758375649243084,0.01375837511481016,0.013758374580432024,0.01375837404610843,0.013758373511840333,0.013758372977626094,0.013758372443466838,0.013758371909362266,0.01375837137531234,0.013758370841317489,0.013758370307377196,0.013758369773491477,0.013758369239660328,0.013758368705883291,0.013758368172161375,0.013758367638493182,0.01375836710487985,0.01375836657132057,0.01375836603781585,0.013758365504366198,0.013758364970971068,0.013758364437630453,0.013758363904344338,0.013758363371112721,0.01375836283793558,0.013758362304812921,0.013758361771745069,0.013758361238733493,0.013758360705774653,0.013758360172869688,0.013758359640019058,0.013758359107223025,0.01375835857448107,0.013758358041794021,0.013758357509161061,0.013758356976582,0.013758356444057896,0.013758355911587854,0.013758355379171878,0.01375835484681079,0.013758354314504095,0.013758353782251652,0.013758353250055266,0.013758352717911137,0.013758352185821433,0.013758351653785899,0.013758351121804839,0.01375835058987793,0.01375835005800522,0.013758349526187203,0.013758348994422997,0.013758348462713054,0.013758347931057284,0.013758347399455818,0.013758346867908599,0.013758346336415497,0.013758345804977095,0.013758345273593367,0.013758344742262753,0.013758344210986302,0.013758343679763868,0.013758343148595599,0.01375834261748107,0.01375834208642118,0.013758341555414992,0.013758341024462863,0.0137583404935648,0.013758339962721024,0.013758339431930462,0.013758338901194782,0.013758338370512636,0.013758337839886236,0.013758337309312588,0.013758336778792986,0.013758336248327438,0.013758335717914766,0.013758335187557027,0.013758334657253242,0.01375833412700342,0.013758333596807535,0.0137583330666667,0.01375833253657862,0.013758332006544772,0.01375833147656356,0.013758330946635892,0.013758330416761989,0.013758329886942387,0.013758329357177612,0.013758328827466592,0.013758328297809489,0.013758327768206218,0.013758327238656757,0.013758326709161108,0.013758326179719229,0.013758325650331154,0.013758325120996845,0.013758324591716657,0.013758324062489929,0.013758323533317086,0.013758323004196755,0.013758322475130732,0.013758321946118871,0.01375832141716071,0.013758320888256202,0.013758320359405454,0.0137583198306083,0.013758319301864875,0.013758318773175114,0.013758318244538973,0.013758317715956496,0.01375831718742755,0.013758316658952656,0.013758316130530999,0.013758315602162945,0.013758315073848464,0.013758314545587562,0.013758314017380266,0.013758313489226523,0.01375831296112633,0.013758312433079666,0.01375831190508653,0.01375831137714776,0.013758310849261705,0.013758310321429506,0.013758309793649979,0.013758309265924248,0.013758308738252045,0.013758308210633643,0.013758307683068682,0.013758307155556801,0.013758306628098425,0.013758306100694444,0.013758305573343005,0.013758305046044826,0.0137583045188,0.013758303991608541,0.01375830346447046,0.013758302937385733,0.013758302410354353,0.013758301883376305,0.0137583013564516,0.013758300829580211,0.013758300302762127,0.013758299775997344,0.013758299249285844,0.013758298722627623,0.013758298196022676,0.013758297669470992,0.013758297142972557,0.013758296616527353,0.013758296090135399,0.013758295563796647,0.01375829503751111,0.013758294511278772,0.013758293985099632,0.013758293458973668,0.013758292932900876,0.01375829240688125,0.013758291880914769,0.013758291355001425,0.013758290829141215,0.013758290303334132,0.013758289777580156,0.013758289251879288,0.01375828872623151,0.013758288200636808,0.013758287675095179,0.01375828714960662,0.013758286624171109,0.01375828609878864,0.013758285573459206,0.013758285048182795,0.013758284522959402,0.013758283997789012,0.01375828347267161,0.013758282947607205,0.013758282422595766,0.013758281897637297,0.013758281372731777,0.013758280847879206,0.013758280323079571,0.013758279798332863,0.013758279273639066,0.013758278748998177,0.013758278224410187,0.013758277699875074,0.013758277175392845,0.013758276650963481,0.013758276126586975,0.013758275602263307,0.013758275077992491,0.013758274553774489,0.013758274029609314,0.013758273505496946,0.01375827298143737,0.013758272457430581,0.013758271933476585,0.013758271409575341,0.013758270885726866,0.013758270361931139,0.01375826983818815,0.013758269314497888,0.013758268790860353,0.01375826826727552,0.01375826774374339,0.013758267220263952,0.013758266696837199,0.013758266173463115,0.013758265650141686,0.013758265126872915,0.013758264603656785,0.013758264080493283,0.01375826355738241,0.013758263034324144,0.013758262511318488,0.013758261988365418,0.013758261465464935,0.013758260942617019,0.013758260419821677,0.013758259897078875,0.01375825937438863,0.013758258851750922,0.013758258329165734,0.01375825780663306,0.013758257284152886,0.013758256761725218,0.013758256239350028,0.013758255717027322,0.013758255194757072,0.013758254672539291,0.013758254150373949,0.013758253628261047,0.013758253106200569,0.013758252584192505,0.013758252062236855,0.013758251540333596,0.013758251018482734,0.013758250496684247,0.013758249974938132,0.013758249453244374,0.013758248931602964,0.013758248410013892,0.013758247888477052,0.01375824736699264,0.013758246845560677,0.013758246324180625,0.013758245802853198,0.013758245281577966,0.013758244760355011,0.013758244239183917,0.013758243718065501,0.013758243196999304,0.013758242675985074,0.013758242155023364,0.01375824163411391,0.01375824111325665,0.013758240592451603,0.013758240071698744,0.013758239550998077,0.013758239030349584,0.01375823850975327,0.013758237989208982,0.0137582374687169,0.01375823694827687,0.01375823642788896,0.013758235907553156,0.013758235387269451,0.013758234867037832,0.013758234346858246,0.013758233826730776,0.013758233306655366,0.013758232786632135,0.013758232266660808,0.013758231746741529,0.01375823122687427,0.013758230707059012,0.013758230187295705,0.013758229667584412,0.013758229147925136,0.013758228628318821,0.013758228108762864,0.013758227589259204,0.013758227069807758,0.013758226550408249,0.013758226031060507,0.013758225511764819,0.013758224992519708,0.013758224473329273,0.013758223954188905,0.01375822343510005,0.013758222916063812,0.013758222397079434,0.013758221878146647,0.01375822135926599,0.013758220840437353,0.013758220321660353,0.013758219802935122,0.013758219284261627,0.013758218765639988,0.013758218247070126,0.013758217728552038,0.013758217210085738,0.013758216691671234,0.013758216173308519,0.013758215654996969,0.013758215136737612,0.013758214618529942,0.01375821410037399,0.013758213582269772,0.013758213064217232,0.01375821254621631,0.013758212028267235,0.013758211510369671,0.013758210992523712,0.01375821047472927,0.013758209956986466,0.01375820943929545,0.013758208921656068,0.013758208404068306,0.013758207886532162,0.013758207369047747,0.01375820685161468,0.013758206334233134,0.013758205816903136,0.013758205299624323,0.013758204782397353,0.01375820426522148,0.01375820374809759,0.013758203231025067,0.013758202714004176,0.013758202197034766,0.013758201680116888,0.01375820116325041,0.01375820064643584,0.013758200129672273,0.01375819961296014,0.01375819909629944,0.013758198579690177,0.0137581980631323,0.013758197546625828,0.013758197030170732,0.013758196513767015,0.013758195997414676,0.01375819548111346,0.013758194964864011,0.013758194448665679,0.013758193932518372,0.013758193416422766,0.013758192900378496,0.013758192384385531,0.013758191868443856,0.013758191352553286,0.013758190836714082,0.013758190320926181,0.01375818980518965,0.013758189289504247,0.013758188773870101,0.013758188258287167,0.01375818774275523,0.0137581872272747,0.013758186711845371,0.01375818619646692,0.01375818568114002,0.013758185165864606,0.01375818465064032,0.013758184135466206,0.01375818362034387,0.01375818310527265,0.013758182590252575,0.013758182075283733,0.01375818156036582,0.01375818104549906,0.013758180530683384,0.013758180015918779,0.013758179501205245,0.013758178986542758,0.013758178471931313,0.013758177957370906,0.013758177442861536,0.013758176928403188,0.01375817641399585,0.013758175899638448,0.013758175385333096,0.013758174871078775,0.01375817435687536,0.013758173842722998,0.013758173328621474,0.01375817281457091,0.01375817230057125,0.013758171786622368,0.013758171272724577,0.013758170758877666,0.013758170245080444,0.013758169731335302,0.01375816921764082,0.013758168703997476,0.013758168190404924,0.013758167676863291,0.013758167163372526,0.013758166649932686,0.013758166136543584,0.013758165623205289,0.013758165109917748,0.01375816459668095,0.013758164083494825,0.013758163570358719,0.013758163057274302,0.013758162544240627,0.013758162031257702,0.013758161518325637,0.01375816100544518,0.013758160492614429,0.013758159979834383,0.01375815946710508,0.013758158954426374,0.013758158441798412,0.013758157929221096,0.013758157416694446,0.013758156904218395,0.013758156391793109,0.013758155879418447,0.013758155367094146,0.013758154854820605,0.013758154342597756,0.013758153830425461,0.013758153318303792,0.013758152806232504,0.013758152294211925,0.013758151782241863,0.01375815127032237,0.013758150758453533,0.013758150246635195,0.013758149734867319,0.013758149223149902,0.013758148711483047,0.013758148199866668,0.013758147688300769,0.013758147176785328,0.013758146665320343,0.013758146153905823,0.013758145642541733,0.013758145131228087,0.013758144619964855,0.013758144108752045,0.013758143597589647,0.013758143086480568,0.013758142575421503,0.013758142064412521,0.013758141553451668,0.013758141042541177,0.013758140531681038,0.013758140020871237,0.013758139510111763,0.013758138999402621,0.013758138488743526,0.013758137978134983,0.013758137467578289,0.013758136957072068,0.013758136446616397,0.013758135936211533,0.013758135425856044,0.013758134915551109,0.013758134405294237,0.013758133895087565,0.01375813338493345,0.01375813287483064,0.013758132364776899,0.013758131854770235,0.013758131344813754,0.013758130834907446,0.013758130325051287,0.013758129815245419,0.013758129305490148,0.013758128795785505,0.013758128286130931,0.013758127776526524,0.01375812726697173,0.013758126757467529,0.013758126248014969,0.01375812573861248,0.013758125229258547,0.013758124719954653,0.013758124210700804,0.013758123701496996,0.013758123192343232,0.013758122683239487,0.013758122174185755,0.013758121665182033,0.013758121156228306,0.01375812064732454,0.013758120138471153,0.013758119629668457,0.013758119120914944,0.0137581186122111,0.01375811810355715,0.013758117594953203,0.013758117086399018,0.013758116577895694,0.013758116069441193,0.013758115561036822,0.013758115052682336,0.013758114544379047,0.01375811403612437,0.013758113527919532,0.01375811301976436,0.013758112511659164,0.013758112003603796,0.013758111495599058,0.013758110987643209,0.01375811047973647,0.013758109971880612,0.013758109464074257,0.01375810895631805,0.013758108448611908,0.013758107940954745,0.013758107433347695,0.013758106925789949,0.013758106418282078,0.013758105910823682,0.01375810540341523,0.013758104896056503,0.013758104388747477,0.013758103881488125,0.013758103374278123,0.01375810286711729,0.013758102360006585,0.013758101852945773,0.013758101345934587,0.013758100838973096,0.01375810033206126,0.01375809982519903,0.013758099318386346,0.013758098811624164,0.0137580983049107,0.013758097798246842,0.013758097291632338,0.013758096785067855,0.013758096278552503,0.013758095772086585,0.013758095265670492,0.013758094759303837,0.013758094252986828,0.013758093746720627,0.013758093240502426,0.013758092734336359,0.013758092228217183,0.013758091722147425,0.013758091216127161,0.013758090710156313,0.013758090204238323,0.013758089698366302,0.013758089192544922,0.013758088686771225,0.013758088181047526,0.013758087675375268,0.013758087169750187,0.013758086664174723,0.013758086158647655,0.01375808565316929,0.013758085147741576,0.013758084642362941,0.01375808413703402,0.013758083631754407,0.013758083126523768,0.013758082621341967,0.013758082116210131,0.01375808161112777,0.013758081106094623,0.013758080601110684,0.013758080096176004,0.013758079591290724,0.0137580790864534,0.013758078581666422,0.013758078076928306,0.01375807757223975,0.013758077067600401,0.013758076563010608,0.013758076058469612,0.013758075553977952,0.013758075049535214,0.013758074545142385,0.01375807404079715,0.01375807353650205,0.013758073032255923,0.013758072528058907,0.01375807202391098,0.01375807151981217,0.013758071015762438,0.013758070511761788,0.013758070007810186,0.01375806950390764,0.013758069000054265,0.013758068496249764,0.01375806799249436,0.013758067488787967,0.0137580669851306,0.013758066481522209,0.013758065977963332,0.013758065474452954,0.013758064970991487,0.013758064467579774,0.013758063964216229,0.013758063460901662,0.013758062957636062,0.013758062454419401,0.013758061951251798,0.013758061448132967,0.013758060945063466,0.013758060442042436,0.013758059939070297,0.013758059436147031,0.01375805893327167,0.013758058430446217,0.013758057927669907,0.01375805742494201,0.013758056922262979,0.013758056419632783,0.013758055917051388,0.013758055414518808,0.013758054912034981,0.013758054409600106,0.013758053907213845,0.013758053404876389,0.013758052902587565,0.013758052400346861,0.013758051898155606,0.013758051396012987,0.013758050893919231,0.01375805039187419,0.013758049889877852,0.013758049387930212,0.013758048886031257,0.013758048384181067,0.013758047882379748,0.013758047380626694,0.013758046878922398,0.013758046377266709,0.013758045875659644,0.013758045374101231,0.013758044872591394,0.013758044371130169,0.013758043869717577,0.013758043368353547,0.013758042867038188,0.01375804236577136,0.013758041864553048,0.013758041363383324,0.013758040862262115,0.013758040361189444,0.013758039860165707,0.013758039359191418,0.013758038858264245,0.01375803835738554,0.013758037856555352,0.01375803735577363,0.01375803685504044,0.01375803635435572,0.013758035853719434,0.013758035353131593,0.013758034852592181,0.013758034352101201,0.01375803385165862,0.01375803335126445,0.013758032850918697,0.013758032350620878,0.01375803185037184,0.013758031350171208,0.013758030850018949,0.013758030349915037,0.013758029849859413,0.013758029349852124,0.013758028849893038,0.013758028349982611,0.013758027850120542,0.013758027350306514,0.013758026850540478,0.01375802635082391,0.013758025851154805,0.01375802535153392,0.013758024851961611,0.013758024352437536,0.01375802385296168,0.013758023353534042,0.013758022854154587,0.013758022354825775,0.013758021855542469,0.013758021356307363,0.013758020857120452,0.013758020357981461,0.013758019858890717,0.013758019359848559,0.013758018860854577,0.013758018361908736,0.013758017863010672,0.013758017364160498,0.013758016865358673,0.013758016366604956,0.013758015867899431,0.013758015369242073,0.013758014870632612,0.013758014372070538,0.013758013873557219,0.013758013375091955,0.013758012876674925,0.013758012378305812,0.013758011879985094,0.013758011381711668,0.013758010883486677,0.013758010385309537,0.013758009887180364,0.013758009389099156,0.013758008891065925,0.013758008393080662,0.013758007895144466,0.013758007397255214,0.013758006899413427,0.013758006401619663,0.013758005903874037,0.013758005406176327,0.013758004908525981,0.013758004410923983,0.013758003913369931,0.013758003415863808,0.013758002918405184,0.013758002420995232,0.013758001923632631,0.013758001426318025,0.013758000929050896,0.013758000431831742,0.013757999934660394,0.01375799943753728,0.013757998940461511,0.01375799844343334,0.013757997946453186,0.01375799744952073,0.013757996952636149,0.013757996455799216,0.013757995959010005,0.01375799546226849,0.01375799496557478,0.013757994468928723,0.013757993972330377,0.01375799347577997,0.013757992979276995,0.013757992482822176,0.013757991986413243,0.013757991490053259,0.013757990993740461,0.013757990497475765,0.013757990001258696,0.013757989505089724,0.013757989008968755,0.013757988512893692,0.01375798801686705,0.013757987520888646,0.013757987024957442,0.013757986529073537,0.013757986033237588,0.013757985537448692,0.013757985041707473,0.0137579845460137,0.013757984050367473,0.013757983554768753,0.013757983059217575,0.013757982563714279,0.013757982068257226,0.013757981572848639,0.013757981077486388,0.013757980582174149,0.013757980086906915,0.013757979591686498,0.013757979096515063,0.013757978601391132,0.013757978106314578,0.013757977611285388,0.01375797711630345,0.013757976621368987,0.013757976126481962,0.013757975631642608,0.013757975136850382,0.013757974642105838,0.013757974147408248,0.013757973652757985,0.013757973158155076,0.01375797266359948,0.013757972169091156,0.013757971674629945,0.013757971180214911,0.013757970685846914,0.013757970191528517,0.013757969697256187,0.013757969203031233,0.013757968708853392,0.01375796821472329,0.013757967720640724,0.01375796722660537,0.013757966732617213,0.01375796623867586,0.013757965744781548,0.013757965250934881,0.013757964757135163,0.013757964263382987,0.013757963769679759,0.01375796327602142,0.013757962782410354,0.013757962288846329,0.013757961795329832,0.013757961301860466,0.013757960808438224,0.013757960315063086,0.01375795982173505,0.013757959328453825,0.013757958835220262,0.013757958342032226,0.013757957848892135,0.013757957355799015,0.013757956862753561,0.013757956369754746,0.013757955876802463,0.01375795538389722,0.01375795489103937,0.013757954398229346,0.013757953905465537,0.01375795341274683,0.013757952920076949,0.013757952427454574,0.01375795193487849,0.01375795144234982,0.013757950949867757,0.013757950457432498,0.013757949965044196,0.013757949472702764,0.013757948980408245,0.013757948488160622,0.013757947995959594,0.013757947503805707,0.013757947011698723,0.013757946519638561,0.01375794602762525,0.01375794553565861,0.01375794504373901,0.013757944551866137,0.013757944060040155,0.013757943568261053,0.01375794307652864,0.013757942584842997,0.013757942093204108,0.01375794160161195,0.013757941110066618,0.013757940618568007,0.013757940127116315,0.013757939635711218,0.013757939144352601,0.013757938653040803,0.013757938161774941,0.013757937670554603,0.013757937179383064,0.013757936688258199,0.013757936197180012,0.013757935706148486,0.013757935215163603,0.013757934724225419,0.013757934233333817,0.013757933742488699,0.013757933251690516,0.013757932760938854,0.013757932270233876,0.01375793177957535,0.01375793128896341,0.01375793079839805,0.013757930307879262,0.013757929817407045,0.01375792932698137,0.01375792883660222,0.013757928346269627,0.013757927855983813,0.01375792736574499,0.01375792687555172,0.013757926385405194,0.01375792589530531,0.013757925405251191,0.013757924915244088,0.013757924425283452,0.013757923935369275,0.013757923445501545,0.013757922955680223,0.013757922465905311,0.01375792197617688,0.013757921486494849,0.013757920996859463,0.013757920507271067,0.013757920017728312,0.01375791952823154,0.013757919038783947,0.013757918549380223,0.01375791806002285,0.013757917570711814,0.013757917081447113,0.013757916592227136,0.013757916103055086,0.013757915613929347,0.01375791512484976,0.013757914635816689,0.013757914146829827,0.013757913657889276,0.013757913168994974,0.013757912680146847,0.013757912191345945,0.013757911702591415,0.013757911213882527,0.01375791072521942,0.013757910236602283,0.013757909748031389,0.013757909259508547,0.013757908771030346,0.013757908282598522,0.013757907794212577,0.013757907305872839,0.013757906817578958,0.013757906329330842,0.013757905841129407,0.01375790535297439,0.01375790486486533,0.013757904376802065,0.013757903888785044,0.013757903400814257,0.013757902912890179,0.013757902425011712,0.013757901937179415,0.013757901449393357,0.013757900961652803,0.013757900473958145,0.013757899986309654,0.013757899498706956,0.013757899011150373,0.013757898523639924,0.013757898036175609,0.013757897548757475,0.013757897061385284,0.013757896574058516,0.013757896086778987,0.013757895599546198,0.013757895112357555,0.013757894625215086,0.01375789413811869,0.013757893651067757,0.01375789316406308,0.01375789267710023,0.013757892190186773,0.013757891703320485,0.013757891216499287,0.01375789072972405,0.013757890242994515,0.013757889756310905,0.013757889269672674,0.013757888783080742,0.013757888296534767,0.013757887810036581,0.013757887323581873,0.013757886837174358,0.013757886350811441,0.013757885864494179,0.0137578853782222,0.013757884891996565,0.013757884405815818,0.013757883919681826,0.013757883433593528,0.01375788294755115,0.013757882461554334,0.013757881975605646,0.013757881489700242,0.01375788100384163,0.013757880518027626,0.013757880032259263,0.013757879546536811,0.013757879060860298,0.013757878575229011,0.013757878089642909,0.013757877604103496,0.013757877118608788,0.013757876633158875,0.013757876147755735,0.01375787566239832,0.013757875177086399,0.013757874691820101,0.01375787420659845,0.013757873721423253,0.01375787323629334,0.013757872751209703,0.013757872266170737,0.013757871781177673,0.01375787129623066,0.013757870811329486,0.013757870326473092,0.013757869841663014,0.013757869356897701,0.013757868872178046,0.013757868387503454,0.01375786790287461,0.013757867418291157,0.013757866933753124,0.013757866449260536,0.013757865964813383,0.013757865480410976,0.013757864996054046,0.013757864511743366,0.013757864027478158,0.013757863543258446,0.01375786305908326,0.013757862574954137,0.013757862090870219,0.013757861606831711,0.013757861122837719,0.013757860638890123,0.013757860154987802,0.013757859671130777,0.013757859187318302,0.013757858703551736,0.013757858219830471,0.01375785773615399,0.013757857252523221,0.013757856768937704,0.013757856285397772,0.013757855801902431,0.013757855318452797,0.013757854835048414,0.013757854351689263,0.013757853868375502,0.013757853385106954,0.013757852901883428,0.013757852418705167,0.013757851935572057,0.01375785145248413,0.013757850969441175,0.013757850486443133,0.013757850003490588,0.01375784952058489,0.013757849037722801,0.0137578485549058,0.013757848072133988,0.013757847589407223,0.01375784710672558,0.013757846624089092,0.013757846141497646,0.01375784565894817,0.013757845176446988,0.01375784469399013,0.01375784421157896,0.013757843729212916,0.013757843246891844,0.013757842764615813,0.013757842282384802,0.013757841800198777,0.013757841318057875,0.013757840835959687,0.013757840353908942,0.013757839871902263,0.013757839389941198,0.013757838908024789,0.013757838426153454,0.013757837944327559,0.013757837462546538,0.01375783698081035,0.013757836499118754,0.013757836017471747,0.013757835535869897,0.013757835054312282,0.0137578345728004,0.013757834091333547,0.013757833609911438,0.01375783312853416,0.01375783264720182,0.013757832165914342,0.013757831684671632,0.01375783120347374,0.013757830722319793,0.013757830241210694,0.01375782976014641,0.013757829279126927,0.013757828798152223,0.013757828317222267,0.013757827836337036,0.013757827355496499,0.013757826874701888,0.013757826393951967,0.013757825913246704,0.013757825432586154,0.013757824951970121,0.013757824471399076,0.013757823990873,0.013757823510391341,0.013757823029954437,0.013757822549562019,0.013757822069214318,0.013757821588911147,0.013757821108652925,0.013757820628439346,0.013757820148270426,0.013757819668145283,0.013757819188065554,0.013757818708030512,0.013757818228040073,0.013757817748094188,0.013757817268192906,0.013757816788336241,0.013757816308524152,0.01375781582875661,0.01375781534903367,0.013757814869355497,0.013757814389721292,0.013757813910131748,0.01375781343058687,0.013757812951086586,0.01375781247162971,0.013757811992217516,0.01375781151285071,0.013757811033528395,0.01375781055425056,0.013757810075017182,0.013757809595828266,0.013757809116683804,0.013757808637583784,0.013757808158528197,0.013757807679517032,0.013757807200550285,0.013757806721627948,0.01375780624275001,0.013757805763916461,0.013757805285127296,0.013757804806382508,0.013757804327682088,0.013757803849026017,0.013757803370414127,0.013757802891846362,0.01375780241332316,0.013757801934844344,0.013757801456409873,0.013757800978019718,0.013757800499675085,0.01375780002137354,0.013757799543116246,0.013757799064903297,0.013757798586734612,0.013757798108610195,0.013757797630531633,0.013757797152496901,0.013757796674507538,0.013757796196562857,0.013757795718660183,0.013757795240801297,0.013757794762986535,0.013757794285215582,0.013757793807488834,0.01375779332980657,0.013757792852168476,0.01375779237457308,0.01375779189702521,0.013757791419518883,0.013757790942058886,0.013757790464641758,0.013757789987268803,0.01375778950993847,0.013757789032654242,0.013757788555414235,0.013757788078217266,0.013757787601064478,0.01375778712395594,0.013757786646887081,0.013757786169866528,0.01375778569288603,0.01375778521595182,0.01375778473906308,0.013757784262218761,0.013757783785418564,0.013757783308662161,0.01375778283194983,0.013757782355281382,0.013757781878656993,0.013757781402076424,0.01375778092553982,0.013757780449045381,0.013757779972597061,0.013757779496193098,0.013757779019831195,0.01375777854351411,0.013757778067240973,0.013757777591011778,0.013757777114826723,0.013757776638685671,0.013757776162588409,0.013757775686537172,0.01375777521052746,0.013757774734561669,0.013757774258641404,0.013757773782763447,0.013757773306929327,0.013757772831139044,0.01375777235539245,0.013757771879689741,0.013757771404030839,0.013757770928415744,0.013757770452844533,0.01375776997731827,0.01375776950183577,0.013757769026397016,0.01375776855100202,0.01375776807565075,0.013757767600343222,0.01375776712507941,0.013757766649859305,0.013757766174682915,0.013757765699550213,0.013757765224461194,0.01375776474941586,0.0137577642744142,0.013757763799456205,0.01375776332454186,0.013757762849671163,0.013757762374844097,0.013757761900060667,0.013757761425320864,0.013757760950624667,0.013757760475972082,0.013757760001363096,0.013757759526797697,0.013757759052275876,0.013757758577797628,0.013757758103362943,0.01375775762897182,0.013757757154624246,0.0137577566803194,0.013757756206058087,0.013757755731840305,0.013757755257666053,0.013757754783535315,0.013757754309448084,0.013757753835404347,0.013757753361404109,0.013757752887447355,0.013757752413534073,0.013757751939664265,0.013757751465837905,0.013757750992055008,0.013757750518315544,0.013757750044619524,0.013757749570966921,0.013757749097357743,0.01375774862379198,0.013757748150269615,0.013757747676790649,0.013757747203355066,0.013757746729962866,0.013757746256613756,0.013757745783308017,0.013757745310045547,0.013757744836825831,0.013757744363650019,0.013757743890517801,0.013757743417428905,0.013757742944383328,0.013757742471381056,0.013757741998422092,0.01375774152550641,0.013757741052634014,0.01375774057980489,0.013757740107019042,0.013757739634276454,0.013757739161577116,0.013757738688921826,0.013757738216309883,0.013757737743741338,0.013757737271216272,0.01375773679873489,0.013757736326298025,0.013757735853902933,0.013757735381551589,0.01375773490924267,0.01375773443697656,0.013757733964752519,0.013757733492571166,0.013757733020433049,0.013757732548338694,0.013757732076287386,0.013757731604279129,0.013757731132314665,0.013757730660393232,0.013757730188514079,0.013757729716677408,0.013757729244884425,0.01375772877313529,0.01375772830142928,0.013757727829766378,0.013757727358145845,0.013757726886568414,0.013757726415034062,0.013757725943542487,0.013757725472095368,0.013757725000693053,0.013757724529333012,0.013757724058014682,0.013757723586738919,0.013757723115505207,0.013757722644314452,0.013757722173166642,0.01375772170206177,0.013757721230999836,0.013757720759980824,0.01375772028900459,0.013757719818071262,0.013757719347180829,0.013757718876333692,0.013757718405530795,0.013757717934769242,0.013757717464050315,0.013757716993374249,0.013757716522741357,0.013757716052151309,0.013757715581604114,0.013757715111099748,0.013757714640638203,0.013757714170219476,0.013757713699843563,0.013757713229510443,0.013757712759220128,0.013757712288972589,0.013757711818767828,0.013757711348605843,0.013757710878486614,0.013757710408410144,0.013757709938376418,0.013757709468385428,0.013757708998437165,0.01375770852853234,0.013757708058670217,0.01375770758885081,0.013757707119074104,0.01375770664934009,0.013757706179647718,0.013757705709998016,0.013757705240390978,0.013757704770826608,0.01375770430130488,0.0137577038318258,0.013757703362389349,0.013757702892995534,0.01375770242364433,0.013757701954335734,0.013757701485069745,0.013757701015846367,0.013757700546665606,0.013757700077527477,0.013757699608431819,0.013757699139378937,0.013757698670368435,0.013757698201400489,0.013757697732475108,0.013757697263592302,0.013757696794752026,0.013757696325954256,0.013757695857198991,0.01375769538848587,0.013757694919816819,0.01375769445119043,0.013757693982606869,0.01375769351406702,0.01375769304556825,0.013757692577112207,0.013757692108698686,0.01375769164032716,0.013757691171997856,0.013757690703710856,0.013757690235464701,0.0137576897672611,0.013757689299098751,0.013757688830979015,0.013757688362904507,0.013757687894872365,0.013757687426882569,0.013757686958935129,0.013757686491030041,0.013757686023166576,0.013757685555345466,0.013757685087568902,0.013757684619835422,0.013757684152140508,0.013757683684487513,0.013757683216876872,0.013757682749309441,0.013757682281783635,0.01375768181429858,0.013757681346855401,0.013757680879458984,0.01375768041210212,0.013757679944787358,0.013757679477516015,0.01375767901028691,0.013757678543098822,0.01375767807595312,0.013757677608849607,0.013757677141788296,0.013757676674769164,0.013757676207792197,0.013757675740857553,0.013757675273964263,0.013757674807112305,0.013757674340302868,0.013757673873536116,0.013757673406812165,0.013757672940129955,0.013757672473489895,0.013757672006892279,0.013757671540336861,0.013757671073823446,0.013757670607352123,0.013757670140922896,0.013757669674535773,0.013757669208190796,0.013757668741888301,0.013757668275627237,0.013757667809408248,0.013757667343231701,0.013757666877096744,0.013757666411004583,0.013757665944953791,0.013757665478944912,0.013757665012977987,0.01375766454705281,0.013757664081169142,0.013757663615328212,0.013757663149529269,0.013757662683771921,0.013757662218056618,0.013757661752383217,0.013757661286751677,0.013757660821162122,0.013757660355614414,0.01375765989010872,0.01375765942464484,0.01375765895922276,0.01375765849384233,0.013757658028504129,0.013757657563207884,0.013757657097952654,0.013757656632740138,0.013757656167569465,0.013757655702440613,0.013757655237353589,0.013757654772308383,0.01375765430730499,0.01375765384234261,0.013757653377422737,0.013757652912543043,0.013757652447706114,0.013757651982910686,0.013757651518157825,0.013757651053446856,0.013757650588777643,0.013757650124149912,0.013757649659563987,0.01375764919501997,0.013757648730517665,0.013757648266056919,0.013757647801637752,0.013757647337260223,0.013757646872924271,0.013757646408630458,0.013757645944378318,0.013757645480167646,0.013757645015998615,0.013757644551871215,0.01375764408778544,0.013757643623741274,0.013757643159738703,0.013757642695777726,0.013757642231858843,0.0137576417679816,0.013757641304145987,0.013757640840352034,0.013757640376599769,0.013757639912888621,0.0137576394492187,0.01375763898559049,0.013757638522004068,0.013757638058459292,0.01375763759495594,0.013757637131494116,0.013757636668073836,0.013757636204695086,0.013757635741357944,0.013757635278061805,0.013757634814807383,0.013757634351594447,0.01375763388842297,0.013757633425293065,0.0137576329622045,0.013757632499157381,0.013757632036151726,0.013757631573186734,0.01375763111026393,0.013757630647382675,0.013757630184542666,0.013757629721745455,0.013757629258987882,0.013757628796271461,0.013757628333596632,0.013757627870963548,0.013757627408371824,0.013757626945821451,0.013757626483312425,0.01375762602084473,0.013757625558418276,0.013757625096033281,0.013757624633689467,0.013757624171387093,0.013757623709126183,0.013757623246904802,0.013757622784724097,0.013757622322585523,0.013757621860489302,0.013757621398434434,0.013757620936420861,0.013757620474448591,0.013757620012517586,0.013757619550626737,0.013757619088778213,0.013757618626970941,0.013757618165204811,0.013757617703478123,0.013757617241791762,0.013757616780148743,0.01375761631854736,0.013757615856989439,0.013757615395470386,0.013757614933992454,0.0137576144725594,0.013757614011163634,0.013757613549808763,0.013757613088495184,0.013757612627223208,0.01375761216599192,0.013757611704799909,0.013757611243650799,0.01375761078254325,0.0137576103214763,0.013757609860450399,0.013757609399465978,0.013757608938522228,0.013757608477618873,0.013757608016756519,0.013757607555935898,0.013757607095156343,0.013757606634417743,0.013757606173720146,0.01375760571306355,0.013757605252448103,0.013757604791873481,0.013757604331340234,0.013757603870847575,0.013757603410395763,0.013757602949984281,0.013757602489613928,0.013757602029283082,0.013757601568994858,0.013757601108748787,0.013757600648543544,0.013757600188378589,0.013757599728254386,0.013757599268172039,0.01375759880813014,0.013757598348128465,0.013757597888167768,0.013757597428245814,0.013757596968365838,0.013757596508527948,0.013757596048730876,0.013757595588974573,0.013757595129258981,0.013757594669584037,0.013757594209949847,0.01375759375035568,0.01375759329080443,0.013757592831293085,0.013757592371822717,0.013757591912392802,0.01375759145300351,0.013757590993654836,0.013757590534346893,0.013757590075079736,0.013757589615853213,0.01375758915666749,0.013757588697521394,0.01375758823841694,0.013757587779353467,0.013757587320330882,0.01375758686134866,0.013757586402408262,0.013757585943505036,0.01375758548464541,0.013757585025826118,0.013757584567047901,0.013757584108309632,0.013757583649611932,0.013757583190955342,0.013757582732338963,0.013757582273763188,0.01375758181522796,0.013757581356733325,0.013757580898279342,0.013757580439865925,0.01375757998149292,0.013757579523160231,0.013757579064868913,0.013757578606617462,0.013757578148406802,0.013757577690236625,0.013757577232106707,0.013757576774017576,0.01375757631596894,0.013757575857960877,0.013757575399993303,0.013757574942066413,0.0137575744841798,0.013757574026333675,0.01375757356852801,0.013757573110762809,0.013757572653038048,0.013757572195353729,0.013757571737709848,0.013757571280106443,0.01375757082254342,0.013757570365019994,0.013757569907537888,0.01375756945009629,0.013757568992694872,0.013757568535334528,0.01375756807801378,0.013757567620733421,0.013757567163493427,0.013757566706293776,0.013757566249134502,0.01375756579201557,0.013757565334940325,0.013757564877902043,0.013757564420905056,0.013757563963948312,0.013757563507031053,0.013757563050153956,0.013757562593317717,0.013757562136521531,0.013757561679765296,0.01375756122304938,0.013757560766373644,0.013757560309738178,0.013757559853142937,0.013757559396587871,0.013757558940073134,0.013757558483598602,0.013757558027164449,0.013757557570770433,0.013757557114415158,0.013757556658101095,0.013757556201827167,0.013757555745595125,0.013757555289401856,0.013757554833248633,0.013757554377135661,0.013757553921062812,0.013757553465029817,0.013757553009037273,0.013757552553084827,0.013757552097172505,0.013757551641300181,0.01375755118546902,0.013757550729676622,0.0137575502739245,0.013757549818213406,0.013757549362542632,0.013757548906910486,0.013757548451318465,0.013757547995767018,0.01375754754025563,0.0137575470847839,0.013757546629351112,0.013757546173959452,0.013757545718607801,0.013757545263295735,0.013757544808024614,0.013757544352792781,0.013757543897601442,0.013757543442448639,0.013757542987337156,0.013757542532265713,0.013757542077233965,0.01375754162224188,0.01375754116728981,0.013757540712377695,0.013757540257506898,0.013757539802675788,0.013757539347884172,0.013757538893131796,0.01375753843841967,0.013757537983747235,0.013757537529112041,0.013757537074517295,0.013757536619963958,0.013757536165450538,0.013757535710977068,0.01375753525654348,0.013757534802149826,0.013757534347796049,0.013757533893482294,0.013757533439208389,0.013757532984974237,0.013757532530779621,0.013757532076625136,0.013757531622510009,0.013757531168434981,0.013757530714402035,0.013757530260407214,0.013757529806452068,0.013757529352535795,0.013757528898659055,0.013757528444822123,0.013757527991024006,0.013757527537267021,0.013757527083549782,0.0137575266298716,0.013757526176233175,0.013757525722634457,0.013757525269075383,0.013757524815555975,0.013757524362076598,0.013757523908635046,0.01375752345523422,0.013757523001873875,0.013757522548552946,0.01375752209527111,0.01375752164202909,0.013757521188826916,0.013757520735663593,0.01375752028254084,0.013757519829457207,0.013757519376413256,0.013757518923408794,0.013757518470443509,0.013757518017518141,0.013757517564632322,0.01375751711178563,0.013757516658978852,0.01375751620621123,0.0137575157534818,0.013757515300793565,0.01375751484814474,0.013757514395535799,0.013757513942966686,0.013757513490436423,0.013757513037945576,0.013757512585493686,0.013757512133079642,0.013757511680707256,0.013757511228374148,0.013757510776080341,0.013757510323826501,0.0137575098716125,0.013757509419437325,0.013757508967301409,0.01375750851520549,0.01375750806314907,0.013757507611130404,0.013757507159151673,0.01375750670721265,0.01375750625531244,0.013757505803452147,0.013757505351631208,0.013757504899850321,0.013757504448107933,0.013757503996404958,0.013757503544739697,0.013757503093115195,0.013757502641530892,0.013757502189984444,0.013757501738478468,0.013757501287011262,0.013757500835583383,0.013757500384194685,0.013757499932845326,0.013757499481535228,0.013757499030264353,0.013757498579035075,0.013757498127843243,0.013757497676690053,0.01375749722557505,0.013757496774500277,0.013757496323465047,0.013757495872466918,0.013757495421509624,0.013757494970591611,0.013757494519713217,0.013757494068873435,0.013757493618075527,0.013757493167314387,0.013757492716592044,0.013757492265909292,0.013757491815265243,0.013757491364660422,0.013757490914094674,0.013757490463568004,0.013757490013080322,0.013757489562630133,0.013757489112220874,0.013757488661850972,0.013757488211519708,0.013757487761227469,0.013757487310974325,0.013757486860760148,0.013757486410584595,0.013757485960448273,0.013757485510351252,0.013757485060293229,0.01375748461027409,0.013757484160293884,0.013757483710352882,0.013757483260450848,0.013757482810588143,0.013757482360764108,0.013757481910979379,0.013757481461233215,0.013757481011526,0.01375748056185794,0.013757480112228847,0.013757479662639484,0.013757479213088002,0.013757478763575642,0.013757478314103832,0.01375747786466902,0.013757477415271443,0.0137574769659148,0.013757476516596676,0.013757476067317235,0.013757475618076961,0.013757475168875714,0.013757474719714259,0.013757474270590467,0.013757473821505481,0.013757473372459382,0.01375747292345258,0.013757472474485942,0.013757472025556303,0.013757471576665342,0.013757471127813203,0.013757470678999543,0.013757470230224918,0.013757469781487952,0.013757469332790992,0.013757468884132646,0.013757468435513044,0.013757467986932259,0.013757467538390735,0.013757467089887438,0.013757466641422805,0.013757466192998006,0.013757465744610788,0.013757465296262206,0.013757464847952303,0.013757464399684219,0.01375746395145164,0.013757463503257966,0.013757463055102772,0.013757462606986254,0.013757462158908653,0.01375746171086938,0.013757461262868765,0.01375746081490665,0.013757460366983117,0.013757459919098085,0.013757459471251772,0.013757459023443021,0.013757458575673932,0.013757458127943491,0.013757457680252888,0.013757457232600462,0.01375745678498561,0.013757456337409314,0.01375745588987153,0.013757455442372241,0.013757454994910639,0.013757454547488676,0.013757454100105274,0.013757453652759188,0.013757453205452842,0.013757452758184732,0.013757452310955128,0.013757451863763842,0.013757451416611407,0.013757450969497178,0.013757450522421116,0.013757450075383844,0.013757449628387288,0.013757449181427364,0.01375744873450535,0.013757448287620731,0.013757447840775365,0.013757447393969741,0.013757446947201291,0.013757446500471194,0.013757446053779642,0.013757445607126611,0.01375744516051178,0.01375744471393536,0.01375744426739721,0.01375744382089742,0.013757443374439298,0.013757442928016169,0.013757442481631268,0.013757442035283526,0.013757441588975395,0.013757441142705589,0.013757440696474103,0.013757440250280925,0.01375743980412599,0.013757439358009329,0.013757438911930934
4,0.031010592053127735,0.03101059205312773,0.03101059205312773,0.031010592053127735,0.03101059205312773,0.03101059205312774,0.03101059205312773,0.031010592053127735,0.03101059205312773,0.03101059205312773,0.03101059205312773,0.031010592053127735,0.03101059205312773,0.03101059205312773,0.03101059205312773,0.03101059205312773,0.03101059205312774,0.03101059205312773,0.031010592053127735,0.031010592053127735,0.03101059205312773,0.03101059205312773,0.031010592053127735,0.03101059205312774,0.03101059205312773,0.03101059205312774,0.03101059205312774,0.03101059205312774,0.03101059205312774,0.03101059205312774,0.03101059205312774,0.03101059205312773,0.031010592053127735,0.03101059205312773,0.03101059205312774,0.03101059205312774,0.03101059205312773,0.03101059205312774,0.03101059205312773,0.03101059205312773,0.03101059205312773,0.03101059205312773,0.03101059205312773,0.03101059205312774,0.03101059205312773,0.03101059205312773,0.03101059205312773,0.03101059205312773,0.03101059205312774,0.031010592053127735,0.031010592053127735,0.031010592053127735,0.031010592053127735,0.031010592053127735,0.03101059205312773,0.03101059205312773,0.031010592053127735,0.03101059205312774,0.03101059205312773,0.031010592053127735,0.031010592053127735,0.031010592053127735,0.03101059205312773,0.03101059205312773,0.031010592053127735,0.03101059205312774,0.03101059205312773,0.03101059205312773,0.03101059205312773,0.031010592053127735,0.031010592053127735,0.03101059205312774,0.03101059205312773,0.03101059205312773,0.03101059205312774,0.03101059205312773,0.03101059205312774,0.03101059205312773,0.03101059205312773,0.03101059205312773,0.03101059205312773,0.03101059205312774,0.03101059205312773,0.03101059205312774,0.03101059205312773,0.03101059205312773,0.03101059205312773,0.03101059205312773,0.03101059205312773,0.03101059205312773,0.03101059205312773,0.03101059205312773,0.03101059205312773,0.03101059205312773,0.03101059205312773,0.03101059205312773,0.03101059205312773,0.031010592053127735,0.031010592053127735,0.03101059205312773,0.03101059205312773,0.03101059205312773,0.03101059205312773,0.031010592053127735,0.03101059205312773,0.03101059205312773,0.03101059205312774,0.03101059205312774,0.03101059205312773,0.03101059205312774,0.031010592053127735,0.031010592053127735,0.031010592053127735,0.03101059205312773,0.031010592053127735,0.03101059205312773,0.03101059205312774,0.03101059205312774,0.031010592053127735,0.03101059205312774,0.03101059205312774,0.03101059205312774,0.03101059205312774,0.03101059205312774,0.03101059205312773,0.03101059205312774,0.03101059205312773,0.03101059205312773,0.03101059205312773,0.03101059205312773,0.03101059205312773,0.031010592053127735,0.031010592053127735,0.03101059205312773,0.03101059205312773,0.03101059205312773,0.03101059205312773,0.03101059205312773,0.031010592053127735,0.031010592053127735,0.031010592053127735,0.03101059205312773,0.031010592053127735,0.031010592053127735,0.031010592053127735,0.03101059205312773,0.03101059205312773,0.03101059205312773,0.03101059205312773,0.03101059205312773,0.03101059205312773,0.03101059205312773,0.03101059205312774,0.03101059205312773,0.03101059205312773,0.03101059205312773,0.03101059205312773,0.03101059205312773,0.031010592053127735,0.03101059205312773,0.03101059205312774,0.03101059205312773,0.03101059205312773,0.03101059205312774,0.03101059205312774,0.03101059205312773,0.03101059205312773,0.03101059205312773,0.03101059205312773,0.03101059205312774,0.03101059205312774,0.03101059205312774,0.03101059205312774,0.03101059205312774,0.03101059205312773,0.03101059205312773,0.031010592053127735,0.03101059205312773,0.03101059205312774,0.03101059205312773,0.03101059205312773,0.03101059205312773,0.03101059205312773,0.031010592053127735,0.031010592053127735,0.03101059205312774,0.031010592053127735,0.03101059205312773,0.03101059205312773,0.03101059205312773,0.031010592053127735,0.031010592053127735,0.03101059205312773,0.03101059205312773,0.031010592053127735,0.03101059205312774,0.03101059205312774,0.03101059205312774,0.03101059205312773,0.03101059205312774,0.03101059205312773,0.03101059205312774,0.031010592053127735,0.031010592053127735,0.031010592053127735,0.031010592053127735,0.031010592053127735,0.031010592053127735,0.03101059205312773,0.03101059205312773,0.03101059205312773,0.03101059205312773,0.03101059205312773,0.03101059205312773,0.03101059205312773,0.031010592053127735,0.03101059205312774,0.03101059205312773,0.03101059205312773,0.03101059205312773,0.031010592053127735,0.03101059205312773,0.03101059205312774,0.031010592053127735,0.03101059205312773,0.03101059205312774,0.03101059205312773,0.03101059205312774,0.03101059205312774,0.03101059205312773,0.03101059205312774,0.03101059205312773,0.03101059205312773,0.03101059205312773,0.03101059205312773,0.03101059205312773,0.03101059205312773,0.03101059205312773,0.03101059205312774,0.03101059205312774,0.03101059205312774,0.03101059205312774,0.03101059205312774,0.03101059205312774,0.03101059205312773,0.03101059205312773,0.03101059205312774,0.03101059205312773,0.03101059205312774,0.03101059205312773,0.03101059205312773,0.03101059205312774,0.03101059205312774,0.03101059205312773,0.03101059205312773,0.03101059205312773,0.03101059205312773,0.03101059205312774,0.03101059205312773,0.03101059205312774,0.03101059205312773,0.03101059205312774,0.03101059205312773,0.031010592053127735,0.03101059205312773,0.031010592053127735,0.03101059205312773,0.031010592053127735,0.03101059205312773,0.03101059205312773,0.03101059205312773,0.03101059205312773,0.03101059205312773,0.03101059205312773,0.03101059205312773,0.03101059205312773,0.031010592053127735,0.03101059205312774,0.03101059205312773,0.03101059205312773,0.031010592053127735,0.031010592053127735,0.031010592053127735,0.03101059205312774,0.03101059205312773,0.03101059205312773,0.03101059205312773,0.03101059205312773,0.031010592053127735,0.03101059205312773,0.03101059205312773,0.031010592053127735,0.03101059205312773,0.03101059205312773,0.03101059205312773,0.03101059205312773,0.03101059205312773,0.03101059205312773,0.03101059205312773,0.03101059205312773,0.03101059205312773,0.03101059205312773,0.03101059205312774,0.03101059205312774,0.031010592053127735,0.03101059205312773,0.03101059205312774,0.03101059205312773,0.031010592053127735,0.031010592053127735,0.031010592053127735,0.03101059205312773,0.03101059205312773,0.031010592053127735,0.03101059205312773,0.03101059205312774,0.03101059205312774,0.03101059205312774,0.03101059205312774,0.03101059205312774,0.03101059205312774,0.03101059205312774,0.03101059205312774,0.031010592053127735,0.031010592053127735,0.031010592053127735,0.03101059205312774,0.03101059205312774,0.03101059205312773,0.03101059205312774,0.031010592053127735,0.031010592053127735,0.031010592053127735,0.03101059205312773,0.03101059205312773,0.03101059205312773,0.03101059205312774,0.03101059205312774,0.03101059205312774,0.03101059205312774,0.03101059205312774,0.03101059205312774,0.03101059205312773,0.03101059205312773,0.031010592053127735,0.03101059205312773,0.03101059205312773,0.03101059205312773,0.031010592053127735,0.031010592053127735,0.03101059205312773,0.03101059205312773,0.03101059205312774,0.03101059205312774,0.031010592053127735,0.03101059205312773,0.03101059205312774,0.03101059205312773,0.031010592053127735,0.03101059205312773,0.031010592053127735,0.031010592053127735,0.031010592053127735,0.03101059205312773,0.03101059205312774,0.03101059205312774,0.03101059205312774,0.031010592053127735,0.03101059205312774,0.03101059205312774,0.031010592053127735,0.03101059205312774,0.03101059205312774,0.031010592053127735,0.03101059205312774,0.031010592053127735,0.03101059205312774,0.031010592053127735,0.03101059205312773,0.03101059205312773,0.03101059205312773,0.03101059205312774,0.03101059205312773,0.031010592053127735,0.03101059205312773,0.031010592053127735,0.03101059205312773,0.031010592053127735,0.03101059205312773,0.03101059205312773,0.03101059205312773,0.03101059205312773,0.03101059205312773,0.031010592053127735,0.03101059205312774,0.031010592053127735,0.03101059205312774,0.03101059205312773,0.031010592053127735,0.03101059205312773,0.03101059205312773,0.03101059205312773,0.03101059205312773,0.03101059205312774,0.03101059205312774,0.031010592053127735,0.031010592053127735,0.03101059205312774,0.03101059205312774,0.03101059205312773,0.031010592053127735,0.031010592053127735,0.03101059205312773,0.03101059205312773,0.031010592053127735,0.03101059205312773,0.03101059205312774,0.03101059205312774,0.031010592053127735,0.03101059205312774,0.03101059205312773,0.03101059205312773,0.031010592053127735,0.03101059205312774,0.03101059205312773,0.03101059205312773,0.03101059205312774,0.03101059205312774,0.03101059205312773,0.03101059205312773,0.03101059205312773,0.03101059205312773,0.03101059205312773,0.03101059205312773,0.03101059205312773,0.031010592053127735,0.03101059205312773,0.03101059205312774,0.03101059205312773,0.03101059205312774,0.03101059205312773,0.03101059205312773,0.03101059205312773,0.03101059205312773,0.03101059205312774,0.031010592053127735,0.031010592053127735,0.03101059205312773,0.03101059205312773,0.03101059205312773,0.03101059205312773,0.03101059205312773,0.031010592053127735,0.03101059205312773,0.03101059205312773,0.03101059205312773,0.03101059205312774,0.03101059205312773,0.03101059205312774,0.03101059205312773,0.03101059205312773,0.03101059205312774,0.03101059205312773,0.03101059205312773,0.031010592053127735,0.031010592053127735,0.031010592053127735,0.031010592053127735,0.031010592053127735,0.03101059205312773,0.03101059205312773,0.031010592053127735,0.03101059205312774,0.03101059205312774,0.03101059205312774,0.03101059205312774,0.03101059205312774,0.03101059205312774,0.03101059205312773,0.03101059205312774,0.03101059205312773,0.03101059205312773,0.03101059205312773,0.03101059205312773,0.03101059205312773,0.03101059205312773,0.03101059205312773,0.03101059205312773,0.03101059205312773,0.03101059205312773,0.03101059205312773,0.031010592053127735,0.031010592053127735,0.03101059205312773,0.03101059205312773,0.03101059205312774,0.03101059205312773,0.03101059205312774,0.03101059205312773,0.03101059205312774,0.03101059205312774,0.03101059205312773,0.031010592053127735,0.03101059205312774,0.03101059205312773,0.03101059205312774,0.03101059205312773,0.03101059205312774,0.03101059205312773,0.03101059205312774,0.03101059205312774,0.031010592053127735,0.031010592053127735,0.03101059205312773,0.031010592053127735,0.03101059205312773,0.031010592053127735,0.03101059205312773,0.03101059205312774,0.03101059205312773,0.03101059205312774,0.03101059205312774,0.03101059205312773,0.03101059205312774,0.03101059205312774,0.03101059205312774,0.03101059205312774,0.03101059205312774,0.03101059205312774,0.03101059205312774,0.03101059205312773,0.03101059205312773,0.03101059205312773,0.03101059205312773,0.03101059205312773,0.031010592053127735,0.03101059205312773,0.031010592053127735,0.03101059205312773,0.03101059205312773,0.03101059205312773,0.031010592053127735,0.03101059205312773,0.03101059205312773,0.03101059205312773,0.031010592053127735,0.03101059205312773,0.03101059205312773,0.03101059205312774,0.03101059205312773,0.03101059205312773,0.03101059205312774,0.03101059205312774,0.03101059205312773,0.03101059205312773,0.031010592053127735,0.03101059205312773,0.03101059205312774,0.03101059205312773,0.031010592053127735,0.03101059205312774,0.03101059205312773,0.031010592053127735,0.03101059205312773,0.03101059205312774,0.03101059205312774,0.031010592053127735,0.03101059205312773,0.03101059205312773,0.03101059205312774,0.03101059205312774,0.03101059205312774,0.03101059205312774,0.031010592053127735,0.03101059205312774,0.03101059205312773,0.03101059205312774,0.03101059205312774,0.03101059205312774,0.03101059205312773,0.031010592053127735,0.03101059205312773,0.03101059205312773,0.031010592053127735,0.03101059205312773,0.031010592053127735,0.03101059205312773,0.031010592053127735,0.03101059205312773,0.031010592053127735,0.03101059205312774,0.031010592053127735,0.03101059205312774,0.031010592053127735,0.03101059205312774,0.03101059205312773,0.031010592053127735,0.031010592053127735,0.03101059205312774,0.03101059205312773,0.03101059205312773,0.031010592053127735,0.031010592053127735,0.03101059205312773,0.03101059205312773,0.03101059205312773,0.03101059205312773,0.03101059205312774,0.03101059205312773,0.03101059205312773,0.03101059205312774,0.03101059205312773,0.031010592053127735,0.03101059205312773,0.03101059205312773,0.03101059205312773,0.031010592053127735,0.03101059205312773,0.03101059205312773,0.031010592053127735,0.03101059205312773,0.03101059205312773,0.03101059205312773,0.031010592053127735,0.03101059205312773,0.03101059205312773,0.03101059205312773,0.03101059205312773,0.03101059205312773,0.03101059205312773,0.03101059205312773,0.03101059205312773,0.03101059205312774,0.03101059205312773,0.03101059205312773,0.031010592053127735,0.03101059205312774,0.03101059205312773,0.03101059205312773,0.031010592053127735,0.031010592053127735,0.031010592053127735,0.03101059205312773,0.031010592053127735,0.031010592053127735,0.031010592053127735,0.031010592053127735,0.03101059205312773,0.03101059205312773,0.03101059205312774,0.03101059205312773,0.03101059205312773,0.03101059205312773,0.03101059205312773,0.03101059205312773,0.03101059205312773,0.03101059205312774,0.03101059205312774,0.03101059205312774,0.03101059205312773,0.03101059205312774,0.031010592053127735,0.031010592053127735,0.031010592053127735,0.03101059205312773,0.03101059205312773,0.031010592053127735,0.03101059205312773,0.03101059205312774,0.03101059205312774,0.031010592053127735,0.03101059205312773,0.031010592053127735,0.03101059205312773,0.031010592053127735,0.031010592053127735,0.03101059205312773,0.031010592053127735,0.03101059205312773,0.031010592053127735,0.03101059205312773,0.03101059205312774,0.031010592053127735,0.03101059205312773,0.03101059205312774,0.03101059205312774,0.03101059205312773,0.03101059205312774,0.03101059205312773,0.03101059205312774,0.03101059205312774,0.03101059205312773,0.03101059205312774,0.03101059205312773,0.03101059205312773,0.03101059205312773,0.03101059205312773,0.03101059205312773,0.031010592053127735,0.03101059205312774,0.03101059205312774,0.03101059205312773,0.03101059205312773,0.03101059205312773,0.03101059205312774,0.03101059205312774,0.03101059205312774,0.03101059205312773,0.03101059205312774,0.03101059205312773,0.03101059205312774,0.03101059205312773,0.03101059205312774,0.031010592053127735,0.03101059205312773,0.03101059205312773,0.03101059205312773,0.031010592053127735,0.03101059205312774,0.031010592053127735,0.03101059205312773,0.03101059205312773,0.031010592053127735,0.03101059205312773,0.03101059205312774,0.03101059205312774,0.03101059205312774,0.03101059205312774,0.03101059205312774,0.03101059205312773,0.031010592053127735,0.03101059205312774,0.03101059205312773,0.03101059205312773,0.03101059205312774,0.03101059205312774,0.03101059205312774,0.03101059205312774,0.03101059205312773,0.03101059205312774,0.03101059205312774,0.03101059205312773,0.03101059205312774,0.03101059205312773,0.031010592053127735,0.03101059205312773,0.031010592053127735,0.03101059205312773,0.031010592053127735,0.03101059205312773,0.031010592053127735,0.03101059205312773,0.03101059205312773,0.03101059205312773,0.03101059205312773,0.03101059205312774,0.03101059205312773,0.03101059205312774,0.031010592053127735,0.03101059205312774,0.03101059205312773,0.031010592053127735,0.03101059205312774,0.03101059205312774,0.03101059205312774,0.03101059205312773,0.03101059205312773,0.03101059205312773,0.03101059205312774,0.03101059205312774,0.03101059205312774,0.03101059205312773,0.03101059205312773,0.03101059205312774,0.03101059205312773,0.03101059205312774,0.03101059205312774,0.03101059205312774,0.03101059205312773,0.03101059205312774,0.03101059205312774,0.03101059205312773,0.03101059205312773,0.03101059205312774,0.03101059205312774,0.03101059205312774,0.03101059205312774,0.03101059205312774,0.03101059205312773,0.031010592053127735,0.031010592053127735,0.03101059205312773,0.03101059205312773,0.03101059205312773,0.03101059205312774,0.03101059205312773,0.03101059205312774,0.031010592053127735,0.03101059205312774,0.03101059205312774,0.031010592053127735,0.03101059205312774,0.03101059205312774,0.03101059205312774,0.03101059205312774,0.03101059205312774,0.03101059205312773,0.03101059205312773,0.03101059205312774,0.03101059205312774,0.03101059205312774,0.03101059205312773,0.03101059205312774,0.031010592053127735,0.03101059205312774,0.03101059205312774,0.03101059205312774,0.031010592053127735,0.03101059205312774,0.03101059205312774,0.03101059205312773,0.03101059205312773,0.03101059205312773,0.03101059205312773,0.03101059205312773,0.03101059205312773,0.03101059205312774,0.031010592053127735,0.03101059205312773,0.03101059205312774,0.031010592053127735,0.031010592053127735,0.03101059205312773,0.031010592053127735,0.03101059205312774,0.03101059205312773,0.03101059205312773,0.03101059205312773,0.03101059205312773,0.03101059205312774,0.031010592053127735,0.03101059205312773,0.031010592053127735,0.031010592053127735,0.03101059205312773,0.03101059205312773,0.031010592053127735,0.03101059205312774,0.031010592053127735,0.03101059205312774,0.03101059205312773,0.03101059205312773,0.031010592053127735,0.03101059205312773,0.03101059205312773,0.031010592053127735,0.03101059205312773,0.031010592053127735,0.031010592053127735,0.03101059205312773,0.03101059205312773,0.03101059205312773,0.03101059205312774,0.031010592053127735,0.03101059205312774,0.031010592053127735,0.031010592053127735,0.03101059205312773,0.03101059205312774,0.03101059205312773,0.03101059205312773,0.031010592053127735,0.03101059205312774,0.03101059205312773,0.031010592053127735,0.03101059205312773,0.03101059205312773,0.03101059205312773,0.03101059205312774,0.03101059205312773,0.03101059205312773,0.031010592053127735,0.03101059205312774,0.03101059205312773,0.03101059205312773,0.031010592053127735,0.03101059205312773,0.03101059205312773,0.031010592053127735,0.03101059205312773,0.03101059205312773,0.03101059205312773,0.03101059205312773,0.03101059205312773,0.03101059205312774,0.03101059205312774,0.03101059205312774,0.03101059205312774,0.03101059205312773,0.03101059205312774,0.03101059205312773,0.03101059205312773,0.031010592053127735,0.031010592053127735,0.03101059205312774,0.03101059205312773,0.031010592053127735,0.03101059205312773,0.03101059205312774,0.03101059205312774,0.03101059205312774,0.03101059205312774,0.03101059205312774,0.03101059205312773,0.03101059205312774,0.03101059205312773,0.03101059205312773,0.031010592053127735,0.03101059205312773,0.03101059205312774,0.031010592053127735,0.03101059205312773,0.03101059205312773,0.03101059205312773,0.031010592053127735,0.031010592053127735,0.03101059205312773,0.031010592053127735,0.031010592053127735,0.03101059205312774,0.03101059205312773,0.031010592053127735,0.03101059205312773,0.03101059205312773,0.03101059205312774,0.03101059205312773,0.031010592053127735,0.03101059205312773,0.03101059205312774,0.031010592053127735,0.031010592053127735,0.031010592053127735,0.03101059205312773,0.031010592053127735,0.03101059205312774,0.03101059205312773,0.03101059205312773,0.03101059205312774,0.03101059205312774,0.03101059205312773,0.03101059205312773,0.03101059205312773,0.03101059205312773,0.03101059205312774,0.03101059205312774,0.03101059205312773,0.03101059205312773,0.03101059205312773,0.031010592053127735,0.031010592053127735,0.031010592053127735,0.031010592053127735,0.03101059205312773,0.03101059205312774,0.03101059205312773,0.03101059205312773,0.03101059205312773,0.03101059205312773,0.03101059205312773,0.03101059205312773,0.03101059205312773,0.031010592053127735,0.03101059205312774,0.03101059205312774,0.031010592053127735,0.03101059205312774,0.031010592053127735,0.03101059205312774,0.03101059205312773,0.03101059205312774,0.03101059205312774,0.03101059205312773,0.03101059205312773,0.03101059205312773,0.031010592053127735,0.031010592053127735,0.03101059205312773,0.03101059205312773,0.03101059205312773,0.03101059205312773,0.03101059205312773,0.03101059205312773,0.03101059205312774,0.03101059205312773,0.03101059205312773,0.03101059205312773,0.03101059205312774,0.03101059205312774,0.03101059205312774,0.031010592053127735,0.031002902448487156,0.030995126170093774,0.03098726502354623,0.030979319935761005,0.030971291176014378,0.03096317851887149,0.030954981363994577,0.030946698824015826,0.030938329788760943,0.030929872971993046,0.03092132694523972,0.030912690162086597,0.030903960975421176,0.030895137649484053,0.030886218368075338,0.03087720123991339,0.03086808430188502,0.03085886552071003,0.0308495427934369,0.03084011394702135,0.030830576737221407,0.03082092884694143,0.03081116788413904,0.030801291379366495,0.03079129678299702,0.030781181462170567,0.030770942697482574,0.03076057767942474,0.030750083504584098,0.03073945717159827,0.030728695576863568,0.030717795509986646,0.030706753648966433,0.030695566555095248,0.03068423066756135,0.030672742297726915,0.0306610976230856,0.03064929268084017,0.030637323361103964,0.03062518539969622,0.030612874370478507,0.030600385677231688,0.030587714545018393,0.03057485601099441,0.03056180491463493,0.030548555887325815,0.030535103341268324,0.030521441457644745,0.030507564173994074,0.03049346517070764,0.030479137856618366,0.030464575353553645,0.030449770479812188,0.030434715732437796,0.030419403268209338,0.03040382488321579,0.03038797199091573,0.030371835598512052,0.030355406281512905,0.030338674156299674,0.030321628850516067,0.030304259471069888,0.03028655456951482,0.03026850210455771,0.030250089401385977,0.03023130310754065,0.030212129144891013,0.030192552657398633,0.03017255795415014,0.030152128447176654,0.030131246583475133,0.030109893770581327,0.03008805029493993,0.030065695232285826,0.030042806349000608,0.030019359993436006,0.029995330975916074,0.029970692436017965,0.02994541569549438,0.029919470094958975,0.029892822812171198,0.029865438659411905,0.029837279857039472,0.0298083057798397,0.029778472672207536,0.029747733327550516,0.029716036726420477,0.029683327627000253,0.029649546100281792,0.029614627000969635,0.02957849936322883,0.0295410857084152,0.02950230124919655,0.029462052971271538,0.0294202385698108,0.029376745212736585,0.029331448096591297,0.02928420875271967,0.029234873051304726,0.029183268837756446,0.029129203118995254,0.029072458695513958,0.029012790106219613,0.0289499187155059,0.028883526721577915,0.02881324979772923,0.028738667986803263,0.028659294344065465,0.02857456065105799,0.02848379928146984,0.028386219960015474,0.02828087966893653,0.028166643256022146,0.028042131275897997,0.027905650092361827,0.027755097039072696,0.027587830116404474,0.02740048678122788,0.027188729181033884,0.02694688321848114,0.02666742630203334,0.026340268086069284,0.025951776316002855,0.025483576348426778,0.024911423104276843,0.024205134276818627,0.023331778194224658,0.02226494001160504,0.02099959124997763,0.01956384706065471,0.01801597195666345,0.01642684703410067,0.014860724037544551,0.013364603007406646,0.011966840101031244,0.0106807247395649,0.009509268876175661,0.008449345190318031,0.007494637569864383,0.00663749198933566,0.005869951430039544,0.005184256134455827,0.004573035014014034,0.0040293513321152,0.0035467012397341455,0.0031190090446178266,0.0027406291332653294,0.0024063504047708217,0.002111397044588374,0.0018514220216235978,0.0016224926530120092,0.0014210694821224657,0.001243980490718245,0.0010883926913231967,0.0009517828100159977,0.000831908325413998,0.000726779712542238,0.0006346344050410583,0.0005539127388677679,0.0004832359700897171,0.00042138634689938253,0.00036728914831728253,0.00031999656365405417,0.0002786732690974755,0.00024258355273711673,0.00021107984196269133,0.00018359249452404793,0.00015962072412035522,0.0001387245418655911,0.00012051760573707893,0.00010466088037581442,9.085701933024196e-05,7.884539081339847e-05,6.839767620511138e-05,5.931397797659009e-05,5.1419380407268094e-05,4.456091249137009e-05,3.8604867856481413e-05,3.343444138128312e-05,2.8947646514670422e-05,2.5055481282621375e-05,2.1680314385369726e-05,1.875446597194683e-05,1.621896048753115e-05,1.4022431425519635e-05,1.2120160203805446e-05,1.047323324472357e-05,9.047803225346224e-06,7.81444203414937e-06,6.7475744045002554e-06,5.824982468440926e-06,5.027372610567047e-06,4.378075438432297e-06,3.7769711039933248e-06,3.257690629627845e-06,2.809207290627645e-06,2.4219627550753037e-06,2.0876743295567326e-06,1.799167066635661e-06,1.5502275923403973e-06,1.3354769069568457e-06,1.150259748831988e-06,9.90548403652656e-07,8.528591086318264e-07,7.341794357017144e-07,6.319052330899048e-07,5.437858920746138e-07,4.678768551829044e-07,4.0249842382072724e-07,3.462000428303966e-07,2.977293440820023e-07,2.560053241847725e-07,2.2009511180151455e-07,1.8919385066747335e-07,1.6260728582346343e-07,1.3973669441188322e-07,1.2006584917678922e-07,1.0314974380680406e-07,8.860484456022246e-08,7.6100664040727e-08,6.535247965178843e-08,5.611504284827753e-08,4.817714577923635e-08,4.13569295987725e-08,3.5497834221379014e-08,3.046510257109739e-08,2.6142764196609806e-08,2.243103304351798e-08,1.924406302331872e-08,1.6508012638042707e-08,1.4159376371459619e-08,1.2143546473950041e-08,1.0413573502432215e-08,8.929098393383865e-09,7.655432501106437e-09,6.5627652482903155e-09,5.6254818139778275e-09,4.821575683438476e-09,4.132142973272263e-09,3.540947195543846e-09,3.03404474538329e-09,2.599462676290645e-09,2.2269215122004732e-09,1.9075968410678313e-09,1.633914293335828e-09,1.3993732653568873e-09,1.1983953709844775e-09,1.0261941797730973e-09,8.786632634103332e-10,7.522799956520431e-10,6.440228947706751e-10,5.513006186631678e-10,4.718909736076735e-10,4.0388853321274014e-10,3.4565965786481286e-10,2.958038744411568e-10,2.5312072029425307e-10,2.1658128319436913e-10,1.8530377428682115e-10,1.585325654346325e-10,1.3562020167270854e-10,1.1601196882689117e-10,9.923265359711152e-11,8.487518773532523e-11,7.259090777974335e-11,6.208120223273685e-11,5.309034905728093e-11,4.539937457671249e-11,3.882078872358655e-11,3.31940719241005e-11,2.8381806913411108e-11,2.426636343531968e-11,2.0747057211010055e-11,1.7737715574671055e-11,1.516459169125254e-11,1.2964577676179456e-11,1.1083673902007365e-11,9.475677887228534e-12,8.101061362572646e-12,6.926008608025961e-12,5.921592954959127e-12,5.0630716764550744e-12,4.3292822927197795e-12,3.702125747430985e-12,3.166123996309086e-12,2.708041319689483e-12,2.31656020826696e-12,1.9820039823977e-12,1.6960994204346764e-12,1.4517736439391714e-12,1.242980328528631e-12,1.0645510163653293e-12,9.120679161423995e-13,7.817550913008934e-13,6.70385385189106e-13,5.752008148956824e-13,4.938444854722885e-13,4.2430236577541775e-13,3.6485349768295786e-13,3.140274216872245e-13,2.7056777433826233e-13,2.3340116566905904e-13,2.016105718954092e-13,1.7441259001553497e-13,1.51137994718148e-13,1.3121511955887816e-13,1.1415565252226176e-13,9.954249626597688e-14,8.701939336813139e-14,7.628206060946578e-14,6.707061292736136e-14,5.916309017100347e-14,5.2369926154315307e-14,4.6529223175949315e-14,4.1502714905312814e-14,3.7172317562432626e-14,3.343718374917402e-14,3.021118586595377e-14,2.742076651645755e-14,2.5003102506816892e-14,2.2904536739100944e-14,2.1079238996120305e-14,1.9488062206587887e-14,1.809756576130016e-14,1.6879181441660734e-14,1.580850126063885e-14,1.4864669310566673e-14,1.4029862525008843e-14,1.328884733273882e-14,1.2628601146855555e-14,1.203798919417431e-14,1.150748861132348e-14,1.1028952934606014e-14,1.059541096676027e-14,1.0200895162574984e-14,9.840295075486188e-15,9.509232265867596e-15,9.203953518029878e-15,8.9212396816831e-15,8.658327862055447e-15,8.412844993341251e-15,8.182751138842042e-15,7.966291081188941e-15,7.761953006084524e-15,7.568433224847598e-15,7.384606058488509e-15,7.209498125303902e-15,7.042266390424325e-15,6.882179420299336e-15,6.728601374630957e-15,6.58097833947699e-15,6.438826651913668e-15,6.3017229262786264e-15,6.1692955352141634e-15,6.041217329269369e-15,5.9171994141141e-15,5.796985839993279e-15,5.680349042951535e-15,5.567085964197936e-15,5.457014719640659e-15,5.349971754505913e-15,5.245809403890456e-15,5.144393807974598e-15,5.045603118654651e-15,4.9493259667319436e-15,4.855460146000337e-15,4.763911478561446e-15,4.6745928526468646e-15,4.587423378083038e-15,4.502327668949863e-15,4.419235225288237e-15,4.338079894876036e-15,4.258799413376418e-15,4.181335002922809e-15,4.105631025919479e-15,4.031634680947021e-15,3.95929574347966e-15,3.888566335272657e-15,3.819400725216876e-15,3.751755153592789e-15,3.685587677605557e-15,3.620858035965606e-15,3.557527529842817e-15,3.4955589152930363e-15,3.434916308726508e-15,3.375565103022894e-15,3.3174718899698406e-15,3.2606043950774127e-15,3.2049314146060665e-15,3.1504227566278483e-15,3.097049196420473e-15,3.044782425780482e-15,2.993595012098959e-15,2.9434603587393394e-15,2.894352669124835e-15,2.8462469133331458e-15,2.799118796921171e-15,2.752944732054279e-15,2.707701809772116e-15,2.6633677758667914e-15,2.61992100703913e-15,2.577340482772365e-15,2.5356057729992552e-15,2.4946970117777776e-15,2.4545948796680795e-15,2.415280585261306e-15,2.3767358477490335e-15,2.3389428794270298e-15,2.3018843726269595e-15,2.2655434826748805e-15,2.229903810969285e-15,2.1949493941597914e-15,2.165719662582461e-15,2.1319649903965153e-15,2.09885667554e-15,2.066379669650966e-15,2.0345193922072284e-15,2.00326170508605e-15,1.972592889713535e-15,1.9424996271710817e-15,1.912968977506813e-15,1.883988366233882e-15,1.8555455665166628e-15,1.8276286854052654e-15,1.8002261502935043e-15,1.7733266977172765e-15,1.7469193605276597e-15,1.7209934583270869e-15,1.6955385867882185e-15,1.6705446086184648e-15,1.6460016441525668e-15,1.6219000640142023e-15,1.5982304804519602e-15,1.5749837392040763e-15,1.5521509135253522e-15,1.5297232959117064e-15,1.5076923929062003e-15,1.486049918281322e-15,1.4647877866028714e-15,1.4438981078423566e-15,1.4233731817738323e-15,1.4032054925096837e-15,1.3833877035272908e-15,1.3639126527538192e-15,1.3447733463169652e-15,1.325962956392435e-15,1.3074748152983362e-15,1.2893024111713042e-15,1.2714393843187704e-15,1.2538795217608926e-15,1.2366167553279584e-15,1.2196451565283282e-15,1.2029589331274914e-15,1.1865524258205856e-15,1.1704201043969286e-15,1.1545565646546856e-15,1.1389565249152672e-15,1.12361482320487e-15,1.108526413880102e-15,1.093686364807267e-15,1.0790898542770494e-15,1.0647321683920544e-15,1.0506086982856964e-15,1.036714937432133e-15,1.0230464791065972e-15,1.0095990138721171e-15,9.963683272961348e-16,9.833502971643328e-16,9.705408913869128e-16,9.57936166204522e-16,9.455322635540635e-16,9.333254089048894e-16,9.213119094269218e-16,9.094881519210986e-16,8.978506004637608e-16,8.86395795780686e-16,8.75120352118409e-16,8.64020956123304e-16,8.5309436490881875e-16,8.423374033011088e-16,8.317469640648965e-16,8.213200059398703e-16,8.110535506109722e-16,8.009446828338157e-16,7.909905482390048e-16,7.81188351536014e-16,7.715353554905802e-16,7.620288802095614e-16,7.526663008578855e-16,7.434450468345387e-16,7.343626001919676e-16,7.254164946300513e-16,7.166043144088578e-16,7.079236929457203e-16,6.993723117983e-16,6.909478995326901e-16,6.826482306577433e-16,6.744711245675571e-16,6.664144443503961e-16,6.58476096221249e-16,6.506540283094736e-16,6.429462295995529e-16,6.353507290442894e-16,6.278655947787857e-16,6.204889331650951e-16,6.132188881890425e-16,6.060536399159655e-16,5.989914044003703e-16,5.920304326473733e-16,5.851690097998748e-16,5.784054545095671e-16,5.717381180394169e-16,5.651653836522446e-16,5.5868566587688e-16,5.522974097923411e-16,5.45999090426035e-16,5.397892120882103e-16,5.336663076336391e-16,5.27628938086099e-16,5.216756917082737e-16,5.158051836360898e-16,5.100160552034032e-16,5.043069735480178e-16,4.986766309046832e-16,4.931237440807153e-16,4.876470538402764e-16,4.822453246561741e-16,4.769173440229541e-16,4.716619220434531e-16,4.664778908778112e-16,4.613641043569714e-16,4.563194374844096e-16,4.513427857840316e-16,4.464330656583952e-16,4.4158921286222776e-16,4.368101827939052e-16,4.3209494994060024e-16,4.2744250757836726e-16,4.2285186701725067e-16,4.183220578187027e-16,4.1385212681072546e-16,4.0944113810688592e-16,4.050881726805847e-16,4.007923280027743e-16,3.965527176510057e-16,3.923684711818273e-16,3.882387335495236e-16,3.8416266490697365e-16,3.801394404114406e-16,3.761682497764512e-16,3.722482969060993e-16,3.6837879987119183e-16,3.6455899044314866e-16,3.6078811385963553e-16,3.57065428572395e-16,3.5339020595582585e-16,3.497617300898693e-16,3.4617929748459233e-16,3.426422168336993e-16,3.391498088063235e-16,3.357014057791921e-16,3.322963516277458e-16,3.2893400149250183e-16,3.2561372156603996e-16,3.2233488887361397e-16,3.190968910776298e-16,3.158991262417187e-16,3.1274100265960135e-16,3.0962193865066983e-16,3.0654136236415864e-16,3.034987115940264e-16,3.0049343360811005e-16,2.9752498495706e-16,2.945928312769126e-16,2.9169644714223367e-16,2.8883531589262814e-16,2.86008929466518e-16,2.832167882333963e-16,2.8045840081469814e-16,2.7773328409332955e-16,2.7504096268319387e-16,2.723809692130914e-16,2.6975284401662924e-16,2.671561347571279e-16,2.6459039663800583e-16,2.6205519210919657e-16,2.5955009068638016e-16,2.570746689956834e-16,2.5462851034999917e-16,2.5221120502706453e-16,2.498223497462257e-16,2.474615477638617e-16,2.451284087215029e-16,2.428225485311426e-16,2.4054358921978023e-16,2.3829115888542263e-16,2.3606489154010147e-16,2.338644270152536e-16,2.316894108589932e-16,2.295394942398723e-16,2.27414333812308e-16,2.2531359166637513e-16,2.2323693521031985e-16,2.2118403706073132e-16,2.191545749939811e-16,2.1714823182922466e-16,2.1516469522432914e-16,2.1320365787346973e-16,2.1126481710779963e-16,2.0934787501357968e-16,2.0745253830960128e-16,2.0557851817988707e-16,2.0372553028256842e-16,2.0189329467861946e-16,2.0008153572086512e-16,1.9828998187483527e-16,1.9651836595407812e-16,1.9476642474149093e-16,1.9303389902174191e-16,1.913205335500526e-16,1.8962607689581846e-16,1.8795028144367704e-16,1.8629290337254348e-16,1.846537025446058e-16,1.8303244235615315e-16,1.814288897951019e-16,1.7984281533828024e-16,1.7827399289420053e-16,1.767221997439948e-16,1.751872164912808e-16,1.7366882699501743e-16,1.7216681831604979e-16,1.7068098067652493e-16,1.6921110739367867e-16,1.6775699484092116e-16,1.6631844237138022e-16,1.648952522937919e-16,1.6348722981492174e-16,1.6209418299136987e-16,1.6071592268214855e-16,1.5935226250273614e-16,1.5800301877958418e-16,1.5666801050537768e-16,1.5534705929533307e-16,1.5403998932783165e-16,1.5274662736475718e-16,1.514668026193462e-16,1.502003467780414e-16,1.4894709393285085e-16,1.4770688056371533e-16,1.4647954548124689e-16,1.4526492979708702e-16,1.440628768841366e-16,1.428732323446874e-16,1.4169584396891247e-16,1.4053056170268791e-16,1.3937723761253723e-16,1.3823572585090756e-16,1.3710588262532288e-16,1.3598756616310538e-16,1.348806366801556e-16,1.3378495634938708e-16,1.3270038927042785e-16,1.3162680143690816e-16,1.305640607088674e-16,1.295120367825183e-16,1.2847060116144258e-16,1.2743962712816955e-16,1.26418989715859e-16,1.2540856568271377e-16,1.2440823348261203e-16,1.2341787324135265e-16,1.224373667258108e-16,1.2146659732178804e-16,1.2050545003041825e-16,1.1955381133849162e-16,1.1861156938810309e-16,1.176786137957708e-16,1.167548356809335e-16,1.1584012762659334e-16,1.149343836728998e-16,1.14037499290938e-16,1.1314937135713097e-16,1.1226989813843291e-16,1.1139897929645236e-16,1.1053651577233048e-16,1.0968240986186492e-16,1.0883656517333908e-16,1.0799888659471738e-16,1.0716928027918587e-16,1.0634765363118206e-16,1.055339152716219e-16,1.0472797503584698e-16,1.0392974394465789e-16,1.0313913420841295e-16,1.0235605917607308e-16,1.015804333346059e-16,1.0081217229917425e-16,1.0005119277909476e-16,9.929741261211516e-17,9.855075067868617e-17,9.781112688129742e-17,9.707846222257935e-17,9.635267870547449e-17,9.563369932000244e-17,9.492144808651283e-17,9.421584999480864e-17,9.351683099966917e-17,9.282431800713557e-17,9.21382388682107e-17,9.145852235736482e-17,9.078509815078918e-17,9.011789683484426e-17,8.945684987200211e-17,8.880188960519171e-17,8.815294923488642e-17,8.750996280746864e-17,8.68728652063615e-17,8.624159213788514e-17,8.56160801200205e-17,8.499626647076114e-17,8.43820892975884e-17,8.377348746485122e-17,8.317040068829014e-17,8.257276929845883e-17,8.198053447856413e-17,8.139363810441795e-17,8.08120227902067e-17,8.02356318578386e-17,7.966440933176249e-17,7.909829996840453e-17,7.853724909388723e-17,7.798120282698642e-17,7.743010791001894e-17,7.688391174091888e-17,7.634256236411555e-17,7.580600846143896e-17,7.527419934335299e-17,7.474708494016495e-17,7.422461579350036e-17,7.37067430492215e-17,7.319341844450134e-17,7.268459430475294e-17,7.218022353350581e-17,7.168025960490264e-17,7.118465655526484e-17,7.06933689726921e-17,7.02063519983453e-17,6.972356131037853e-17,6.924495311851561e-17,6.87704841579884e-17,6.830011168252662e-17,6.783379345563227e-17,6.73714877454635e-17,6.691315331736494e-17,6.645874942715489e-17,6.600823581451333e-17,6.556157269646834e-17,6.511872076026521e-17,6.467964115994137e-17,6.424429550570669e-17,6.381264586062343e-17,6.338465473554244e-17,6.296028507785923e-17,6.253950027278388e-17,6.21222641330757e-17,6.170854089444064e-17,6.129829520992816e-17,6.089149214389276e-17,6.04880971681092e-17,6.008807615532684e-17,5.969139537288439e-17,5.929802147942211e-17,5.890792151919596e-17,5.852106291641583e-17,5.813741347004678e-17,5.775694135098471e-17,5.737961510066533e-17,5.700540360559247e-17,5.663427612346861e-17,5.626620225942113e-17,5.590115197317642e-17,5.553909554056913e-17,5.5180003616942397e-17,5.482384655141074e-17,5.447059691915109e-17,5.412022564275857e-17,5.377270467495355e-17,5.3428006271528176e-17,5.3086103012643314e-17,5.274696777523064e-17,5.2410573745010904e-17,5.207689440587903e-17,5.1745903546654573e-17,5.1417575241934615e-17,5.1091883857901604e-17,5.076880404757294e-17,5.044831074510149e-17,5.0130379165826524e-17,4.9814984798623e-17,4.9502103401685697e-17,4.919171100547766e-17,4.8883783902818907e-17,4.8578298652318543e-17,4.8275232059401254e-17,4.797456120967307e-17,4.767626341484912e-17,4.738031624470839e-17,4.708669751368025e-17,4.6795385280595663e-17,4.650635784575387e-17,4.6219593743935713e-17,4.593507174395125e-17,4.56527708454941e-17,4.537267027645138e-17,4.5094749489914925e-17,4.481898816134541e-17,4.4545366186088326e-17,4.427386367621177e-17,4.400446095892728e-17,4.3737138576935634e-17,4.347187726904178e-17,4.320865799379818e-17,4.294746191018731e-17,4.268827037770314e-17,4.243106495953748e-17,4.2175827402540316e-17,4.192253972803115e-17,4.167118394163073e-17,4.1421742447712965e-17,4.117419776611863e-17,4.0928532600331157e-17,4.068472983045955e-17,4.044277253775608e-17,4.020264397149928e-17,3.996432754942335e-17,3.972780686731221e-17,3.9493065695941434e-17,3.9260087976003926e-17,3.9028857815837435e-17,3.879935949006714e-17,3.8571577369382054e-17,3.834549620132485e-17,3.812110066772449e-17,3.789837568860478e-17,3.767730633953421e-17,3.745787785321387e-17,3.724007562135294e-17,3.702388516261149e-17,3.680929217047316e-17,3.659628247708806e-17,3.638484206046925e-17,3.617495704278615e-17,3.596661368866724e-17,3.575979840356535e-17,3.5554497732333025e-17,3.535069835621759e-17,3.514838709498804e-17,3.494755090010378e-17,3.4748176846284106e-17,3.4550252161101373e-17,3.4353764190656284e-17,3.415870041997123e-17,3.396504839756014e-17,3.377279594042241e-17,3.358193085058297e-17,3.339244110126193e-17,3.32043147868001e-17,3.301754012123794e-17,3.283210543681579e-17,3.2647999182967936e-17,3.2465209919573683e-17,3.228372632839614e-17,3.2103537212535004e-17,3.1924631467646805e-17,3.174699811014159e-17,3.157062626156621e-17,3.1395505156899835e-17,3.122162413222048e-17,3.1048972631120343e-17,3.0877540196974964e-17,3.0707316486723556e-17,3.053829125663327e-17,3.0370454350099543e-17,3.0203795738657006e-17,3.0038305459586524e-17,2.987397367730286e-17,2.9710790632620155e-17,2.9548746668192414e-17,2.9387832221031146e-17,2.922803782285463e-17,2.9069354094624156e-17,2.891177175064391e-17,2.875528159433714e-17,2.859987452071753e-17,2.844554150962499e-17,2.829227363065667e-17,2.8140062062477596e-17,2.798889799446631e-17,2.783877277944751e-17,2.7689677825857565e-17,2.7541604624646574e-17,2.7394544748754407e-17,2.7248489851641502e-17,2.7103431667014564e-17,2.6959362006612274e-17,2.6816272762427112e-17,2.6674155901957402e-17,2.6533003469836532e-17,2.6392807586355564e-17,2.625356044675784e-17,2.6115254320302345e-17,2.5977881549395515e-17,2.584143454905772e-17,2.5705905806042176e-17,2.5571287877782336e-17,2.543757339204885e-17,2.5304755046017526e-17,2.517282560553319e-17,2.504177790425269e-17,2.4911604843198076e-17,2.478229938978444e-17,2.4653854577215754e-17,2.45262635038093e-17,2.4399519332398214e-17,2.4273615288860705e-17,2.4148544663709787e-17,2.4024300806251198e-17,2.390087713274238e-17,2.377826711676177e-17,2.3656464293054196e-17,2.353546212108315e-17,2.341525454395347e-17,2.3295835117007213e-17,2.3177197612569577e-17,2.3059335856404124e-17,2.294224373461719e-17,2.2825915187797686e-17,2.2710344211489832e-17,2.2595524777462186e-17,2.2481451160744223e-17,2.2368117429146175e-17,2.225551779529074e-17,2.214364652446202e-17,2.2032497934068076e-17,2.1922066393082563e-17,2.1812346223907985e-17,2.1703332105127906e-17,2.1595018445583358e-17,2.1487399815322357e-17,2.1380470833694324e-17,2.127422616858209e-17,2.116866053430554e-17,2.1063768696468866e-17,2.0959545464213885e-17,2.0855985694303662e-17,2.075308428956028e-17,2.0650836198356192e-17,2.0549236414311016e-17,2.0448279974075217e-17,2.0347961963313842e-17,2.0248277506447913e-17,2.0149221578107523e-17,2.0050789805803874e-17,1.9952977221013975e-17,1.9855779121077565e-17,1.9759190844885847e-17,1.9663207772472462e-17,1.9567825324605403e-17,1.9473038962382948e-17,1.9378844186834828e-17,1.9285236538525136e-17,1.9192211484125106e-17,1.9099764882814183e-17,1.900789226333703e-17,1.8916589319077446e-17,1.882585178326384e-17,1.873567542352377e-17,1.8646056048431214e-17,1.8556991583112173e-17,1.8468473683175185e-17,1.838049948001699e-17,1.8293066701910787e-17,1.8206170500557553e-17,1.8119806892707977e-17,1.80339719308447e-17,1.7948661701839236e-17,1.7863872327698213e-17,1.7779599962808327e-17,1.7695840795029283e-17,1.761259104510353e-17,1.752984696632491e-17,1.744760484420204e-17,1.736586099613254e-17,1.728461177107813e-17,1.720385354924631e-17,1.7123582742009282e-17,1.7043795790929954e-17,1.6964489167996937e-17,1.6885659375474772e-17,1.6885659215658556e-17,1.688565908233943e-17,1.688565895927646e-17,1.6885658840130835e-17,1.688565872260896e-17,1.6885658605901895e-17,1.6885658489727807e-17,1.688565837398982e-17,1.688565825865571e-17,1.688565814371574e-17,1.6885658029168053e-17,1.6885657915013443e-17,1.6885657801253615e-17,1.6885657687890552e-17,1.6885657574926262e-17,1.6885657462362766e-17,1.688565735020201e-17,1.6885657238445905e-17,1.6885657127096284e-17,1.6885657016154926e-17,1.688565690562355e-17,1.6885656795503813e-17,1.6885656685797318e-17,1.6885656576505586e-17,1.6885656467630088e-17,1.6885656359172246e-17,1.688565625113342e-17,1.688565614351488e-17,1.688565603631787e-17,1.6885655929543587e-17,1.6885655823193135e-17,1.6885655717267576e-17,1.688565561176791e-17,1.6885655506695074e-17,1.6885655402049975e-17,1.6885655297833438e-17,1.6885655194046235e-17,1.688565509068909e-17,1.6885654987762683e-17,1.6885654885267606e-17,1.6885654783204422e-17,1.6885654681573638e-17,1.6885654580375704e-17,1.688565447961103e-17,1.6885654379279963e-17,1.6885654279382818e-17,1.6885654179919824e-17,1.688565408089118e-17,1.6885653982297028e-17,1.688565388413747e-17,1.688565378641256e-17,1.6885653689122287e-17,1.688565359226662e-17,1.688565349584546e-17,1.6885653399858672e-17,1.6885653304306076e-17,1.6885653209187438e-17,1.68856531145025e-17,1.6885653020250918e-17,1.6885652926432375e-17,1.6885652833046426e-17,1.6885652740092653e-17,1.688565264757057e-17,1.688565255547963e-17,1.6885652463819297e-17,1.6885652372588963e-17,1.6885652281787967e-17,1.688565219141564e-17,1.688565210147127e-17,1.6885652011954082e-17,1.688565192286331e-17,1.6885651834198116e-17,1.688565174595762e-17,1.688565165814095e-17,1.688565157074717e-17,1.6885651483775323e-17,1.6885651397224395e-17,1.6885651311093323e-17,1.6885651225381132e-17,1.68856511400867e-17,1.6885651055208896e-17,1.6885650970746576e-17,1.6885650886698568e-17,1.688565080306366e-17,1.6885650719840623e-17,1.688565063702819e-17,1.6885650554625077e-17,1.6885650472629968e-17,1.6885650391041545e-17,1.6885650309858424e-17,1.6885650229079225e-17,1.6885650148702535e-17,1.6885650068726933e-17,1.6885649989150952e-17,1.6885649909973103e-17,1.6885649831191928e-17,1.6885649752805892e-17,1.688564967481344e-17,1.688564959721304e-17,1.6885649520003092e-17,1.6885649443182036e-17,1.6885649366748188e-17,1.688564929069999e-17,1.6885649215035774e-17,1.688564913975386e-17,1.688564906485259e-17,1.688564899033026e-17,1.688564891618516e-17,1.6885648842415566e-17,1.688564876901974e-17,1.688564869599593e-17,1.6885648623342378e-17,1.688564855105731e-17,1.6885648479138935e-17,1.688564840758545e-17,1.688564833639506e-17,1.6885648265565926e-17,1.6885648195096235e-17,1.688564812498413e-17,1.688564805522778e-17,1.6885647985825313e-17,1.6885647916774882e-17,1.6885647848074585e-17,1.6885647779722564e-17,1.6885647711716924e-17,1.6885647644055772e-17,1.68856475767372e-17,1.688564750975931e-17,1.6885647443120182e-17,1.68856473768179e-17,1.6885647310850543e-17,1.6885647245216188e-17,1.6885647179912887e-17,1.688564711493876e-17,1.688564705029181e-17,1.6885646985970114e-17,1.6885646921971727e-17,1.6885646858294715e-17,1.6885646794937126e-17,1.6885646731897005e-17,1.6885646669172403e-17,1.6885646606761392e-17,1.6885646544661997e-17,1.688564648287226e-17,1.6885646421390244e-17,1.6885646360213997e-17,1.688564629934157e-17,1.688564623877098e-17,1.6885646178500313e-17,1.6885646118527606e-17,1.688564605885091e-17,1.6885645999468284e-17,1.6885645940377798e-17,1.6885645881577478e-17,1.688564582306542e-17,1.6885645764839662e-17,1.688564570689829e-17,1.6885645649239363e-17,1.688564559186095e-17,1.6885645534761147e-17,1.6885645477938017e-17,1.6885645421389645e-17,1.6885645365114135e-17,1.688564530910957e-17,1.6885645253374052e-17,1.688564519790568e-17,1.6885645142702577e-17,1.688564508776284e-17,1.688564503308459e-17,1.6885644978665938e-17,1.6885644924505044e-17,1.6885644870600018e-17,1.6885644816949015e-17,1.6885644763550173e-17,1.6885644710401658e-17,1.688564465750162e-17,1.6885644604848236e-17,1.688564455243966e-17,1.68856445002741e-17,1.6885644448349717e-17,1.6885644396664728e-17,1.6885644345217302e-17,1.6885644294005673e-17,1.688564424302804e-17,1.6885644192282648e-17,1.6885644141767705e-17,1.6885644091481465e-17,1.688564404142215e-17,1.6885643991588058e-17,1.6885643941977424e-17,1.6885643892588516e-17,1.688564384341962e-17,1.6885643794469008e-17,1.6885643745735e-17,1.688564369721588e-17,1.6885643648909953e-17,1.6885643600815553e-17,1.6885643552931e-17,1.6885643505254647e-17,1.6885643457784822e-17,1.6885643410519876e-17,1.6885643363458194e-17,1.6885643316598127e-17,1.688564326993807e-17,1.6885643223476404e-17,1.6885643177211533e-17,1.6885643131141846e-17,1.68856430852658e-17,1.688564303958178e-17,1.6885642994088253e-17,1.6885642948783635e-17,1.6885642903666424e-17,1.6885642858735027e-17,1.6885642813987937e-17,1.6885642769423638e-17,1.688564272504062e-17,1.6885642680837384e-17,1.6885642636812428e-17,1.6885642592964278e-17,1.6885642549291478e-17,1.6885642505792535e-17,1.6885642462466017e-17,1.688564241931047e-17,1.6885642376324456e-17,1.6885642333506546e-17,1.688564229085534e-17,1.6885642248369408e-17,1.688564220604739e-17,1.6885642163887865e-17,1.6885642121889444e-17,1.6885642080050782e-17,1.6885642038370515e-17,1.688564199684729e-17,1.6885641955479757e-17,1.6885641914266594e-17,1.6885641873206476e-17,1.6885641832298082e-17,1.6885641791540125e-17,1.688564175093129e-17,1.6885641710470286e-17,1.688564167015586e-17,1.6885641629986734e-17,1.688564158996165e-17,1.688564155007935e-17,1.6885641510338598e-17,1.688564147073816e-17,1.6885641431276832e-17,1.6885641391953382e-17,1.6885641352766603e-17,1.688564131371533e-17,1.6885641274798355e-17,1.688564123601448e-17,1.6885641197362564e-17,1.688564115884145e-17,1.688564112044997e-17,1.6885641082186986e-17,1.6885641044051382e-17,1.6885641006042008e-17,1.6885640968157776e-17,1.6885640930397572e-17,1.6885640892760266e-17,1.6885640855244815e-17,1.688564081785012e-17,1.68856407805751e-17,1.688564074341869e-17,1.6885640706379853e-17,1.6885640669457533e-17,1.688564063265069e-17,1.6885640595958302e-17,1.6885640559379328e-17,1.6885640522912762e-17,1.68856404865576e-17,1.688564045031285e-17,1.688564041417752e-17,1.6885640378150633e-17,1.6885640342231207e-17,1.6885640306418278e-17,1.6885640270710893e-17,1.68856402351081e-17,1.6885640199608964e-17,1.688564016421253e-17,1.6885640128917924e-17,1.688564009372418e-17,1.6885640058630387e-17,1.6885640023635657e-17,1.688563998873909e-17,1.6885639953939818e-17,1.6885639919236936e-17,1.6885639884629584e-17,1.6885639850116897e-17,1.6885639815698e-17,1.6885639781372073e-17,1.688563974713825e-17,1.6885639712995717e-17,1.6885639678943618e-17,1.688563964498117e-17,1.6885639611107515e-17,1.688563957732188e-17,1.6885639543623445e-17,1.6885639510011413e-17,1.6885639476485015e-17,1.6885639443043467e-17,1.6885639409685987e-17,1.688563937641183e-17,1.688563934322022e-17,1.688563931011039e-17,1.6885639277081606e-17,1.6885639244133145e-17,1.6885639211264272e-17,1.6885639178474255e-17,1.688563914576237e-17,1.688563911312791e-17,1.6885639080570176e-17,1.688563904808844e-17,1.6885639015682034e-17,1.688563898335026e-17,1.6885638951092433e-17,1.6885638918907888e-17,1.688563888679595e-17,1.688563885475595e-17,1.6885638822787245e-17,1.688563879088917e-17,1.6885638759061073e-17,1.6885638727302338e-17,1.6885638695612322e-17,1.6885638663990377e-17,1.6885638632435906e-17,1.6885638600948302e-17,1.6885638569526918e-17,1.6885638538171173e-17,1.688563850688046e-17,1.688563847565418e-17,1.6885638444491753e-17,1.6885638413392594e-17,1.688563838235613e-17,1.6885638351381788e-17,1.688563832046899e-17,1.6885638289617175e-17,1.6885638258825795e-17,1.6885638228094292e-17,1.688563819742213e-17,1.6885638166808745e-17,1.6885638136253626e-17,1.688563810575624e-17,1.6885638075316032e-17,1.6885638044932518e-17,1.688563801460516e-17,1.688563798433344e-17,1.688563795411687e-17,1.6885637923954942e-17,1.6885637893847156e-17,1.6885637863793026e-17,1.6885637833792057e-17,1.688563780384377e-17,1.688563777394768e-17,1.6885637744103317e-17,1.6885637714310216e-17,1.6885637684567905e-17,1.688563765487592e-17,1.6885637625233812e-17,1.6885637595641125e-17,1.688563756609741e-17,1.6885637536602226e-17,1.6885637507155136e-17,1.68856374777557e-17,1.6885637448403494e-17,1.6885637419098082e-17,1.6885637389839055e-17,1.688563736062598e-17,1.688563733145845e-17,1.6885637302336055e-17,1.6885637273258386e-17,1.6885637244225036e-17,1.6885637215235618e-17,1.688563718628973e-17,1.688563715738698e-17,1.688563712852698e-17,1.688563709970935e-17,1.6885637070933708e-17,1.6885637042199677e-17,1.6885637013506884e-17,1.6885636984854962e-17,1.6885636956243547e-17,1.6885636927672284e-17,1.68856368991408e-17,1.6885636870648753e-17,1.688563684219577e-17,1.6885636813781533e-17,1.6885636785405682e-17,1.6885636757067875e-17,1.6885636728767777e-17,1.6885636700505048e-17,1.6885636672279364e-17,1.6885636644090403e-17,1.6885636615937815e-17,1.6885636587821303e-17,1.6885636559740538e-17,1.688563653169521e-17,1.6885636503685007e-17,1.688563647570961e-17,1.6885636447768722e-17,1.6885636419862034e-17,1.6885636391989255e-17,1.688563636415008e-17,1.6885636336344224e-17,1.688563630857138e-17,1.688563628083127e-17,1.6885636253123604e-17,1.6885636225448102e-17,1.6885636197804487e-17,1.688563617019248e-17,1.68856361426118e-17,1.688563611506218e-17,1.6885636087543358e-17,1.6885636060055065e-17,1.6885636032597027e-17,1.6885636005168983e-17,1.6885635977770685e-17,1.6885635950401874e-17,1.6885635923062294e-17,1.6885635895751698e-17,1.688563586846984e-17,1.6885635841216462e-17,1.688563581399133e-17,1.6885635786794193e-17,1.6885635759624828e-17,1.688563573248298e-17,1.688563570536841e-17,1.6885635678280906e-17,1.688563565122025e-17,1.6885635624186175e-17,1.6885635597178486e-17,1.688563557019699e-17,1.6885635543241413e-17,1.6885635516311554e-17,1.6885635489407212e-17,1.6885635462528157e-17,1.6885635435674176e-17,1.6885635408845073e-17,1.6885635382040617e-17,1.6885635355260626e-17,1.688563532850489e-17,1.6885635301773204e-17,1.6885635275065366e-17,1.6885635248381184e-17,1.6885635221720465e-17,1.6885635195083017e-17,1.6885635168468635e-17,1.6885635141877156e-17,1.688563511530837e-17,1.6885635088762095e-17,1.6885635062238144e-17,1.688563503573635e-17,1.688563500925652e-17,1.688563498279849e-17,1.688563495636206e-17,1.6885634929947074e-17,1.6885634903553365e-17,1.6885634877180738e-17,1.688563485082904e-17,1.6885634824498104e-17,1.6885634798187756e-17,1.6885634771897842e-17,1.688563474562819e-17,1.6885634719378645e-17,1.688563469314904e-17,1.6885634666939224e-17,1.6885634640749048e-17,1.6885634614578344e-17,1.6885634588426964e-17,1.688563456229476e-17,1.6885634536181578e-17,1.688563451008727e-17,1.6885634484011686e-17,1.6885634457954683e-17,1.6885634431916116e-17,1.6885634405895838e-17,1.688563437989371e-17,1.68856343539096e-17,1.6885634327943367e-17,1.688563430199487e-17,1.6885634276063973e-17,1.6885634250150552e-17,1.688563422425446e-17,1.688563419837557e-17,1.6885634172513764e-17,1.68856341466689e-17,1.688563412084085e-17,1.688563409502951e-17,1.6885634069234717e-17,1.688563404345637e-17,1.6885634017694357e-17,1.6885633991948544e-17,1.6885633966218814e-17,1.6885633940505057e-17,1.688563391480713e-17,1.6885633889124944e-17,1.6885633863458375e-17,1.6885633837807314e-17,1.688563381217163e-17,1.6885633786551216e-17,1.688563376094597e-17,1.6885633735355782e-17,1.688563370978054e-17,1.6885633684220133e-17,1.6885633658674475e-17,1.6885633633143442e-17,1.6885633607626947e-17,1.6885633582124864e-17,1.6885633556637107e-17,1.6885633531163565e-17,1.6885633505704158e-17,1.688563348025876e-17,1.6885633454827276e-17,1.6885633429409636e-17,1.6885633404005742e-17,1.688563337861548e-17,1.688563335323876e-17,1.6885633327875497e-17,1.68856333025256e-17,1.688563327718895e-17,1.688563325186549e-17,1.6885633226555123e-17,1.688563320125776e-17,1.6885633175973316e-17,1.6885633150701704e-17,1.6885633125442827e-17,1.6885633100196607e-17,1.6885633074962968e-17,1.6885633049741828e-17,1.688563302453309e-17,1.6885632999336685e-17,1.6885632974152522e-17,1.6885632948980538e-17,1.688563292382065e-17,1.6885632898672764e-17,1.6885632873536818e-17,1.688563284841273e-17,1.6885632823300426e-17,1.6885632798199837e-17,1.6885632773110877e-17,1.6885632748033488e-17,1.688563272296758e-17,1.68856326979131e-17,1.6885632672869952e-17,1.6885632647838095e-17,1.6885632622817445e-17,1.6885632597807926e-17,1.6885632572809485e-17,1.6885632547822042e-17,1.688563252284551e-17,1.6885632497879868e-17,1.6885632472925027e-17,1.688563244798094e-17,1.6885632423047515e-17,1.688563239812471e-17,1.6885632373212447e-17,1.6885632348310672e-17,1.688563232341933e-17,1.6885632298538347e-17,1.688563227366767e-17,1.688563224880724e-17,1.6885632223956997e-17,1.688563219911687e-17,1.6885632174286813e-17,1.6885632149466763e-17,1.6885632124656677e-17,1.68856320998565e-17,1.6885632075066163e-17,1.6885632050285623e-17,1.6885632025514802e-17,1.6885632000753678e-17,1.688563197600216e-17,1.688563195126021e-17,1.6885631926527805e-17,1.6885631901804877e-17,1.688563187709137e-17,1.6885631852387203e-17,1.688563182769238e-17,1.6885631803006828e-17,1.68856317783305e-17,1.6885631753663338e-17,1.6885631729005308e-17,1.688563170435635e-17,1.6885631679716425e-17,1.6885631655085476e-17,1.6885631630463463e-17,1.6885631605850353e-17,1.6885631581246077e-17,1.6885631556650605e-17,1.688563153206389e-17,1.6885631507485885e-17,1.6885631482916568e-17,1.688563145835587e-17,1.6885631433803746e-17,1.6885631409260173e-17,1.6885631384725095e-17,1.6885631360198478e-17,1.688563133568028e-17,1.6885631311170462e-17,1.688563128666898e-17,1.6885631262175806e-17,1.6885631237690885e-17,1.6885631213214183e-17,1.6885631188745668e-17,1.68856311642853e-17,1.6885631139833032e-17,1.688563111538884e-17,1.6885631090952677e-17,1.688563106652451e-17,1.688563104210431e-17,1.688563101769203e-17,1.6885630993287645e-17,1.6885630968891105e-17,1.688563094450239e-17,1.6885630920121465e-17,1.6885630895748282e-17,1.6885630871382818e-17,1.688563084702506e-17,1.6885630822674922e-17,1.6885630798332422e-17,1.6885630773997508e-17,1.6885630749670147e-17,1.6885630725350314e-17,1.688563070103797e-17,1.6885630676733088e-17,1.688563065243564e-17,1.6885630628145592e-17,1.688563060386291e-17,1.688563057958757e-17,1.688563055531955e-17,1.6885630531058798e-17,1.688563050680531e-17,1.6885630482559044e-17,1.688563045831997e-17,1.688563043408807e-17,1.6885630409863308e-17,1.6885630385645666e-17,1.6885630361435112e-17,1.6885630337231618e-17,1.6885630313035152e-17,1.6885630288845697e-17,1.6885630264663225e-17,1.6885630240487713e-17,1.688563021631913e-17,1.6885630192157454e-17,1.6885630168002656e-17,1.688563014385471e-17,1.6885630119713593e-17,1.6885630095579278e-17,1.6885630071451745e-17,1.6885630047330964e-17,1.688563002321694e-17,1.6885629999109616e-17,1.6885629975008982e-17,1.6885629950915013e-17,1.6885629926827687e-17,1.6885629902746956e-17,1.6885629878672838e-17,1.6885629854605308e-17,1.6885629830544333e-17,1.6885629806489902e-17,1.6885629782441964e-17,1.6885629758400538e-17,1.688562973436557e-17,1.688562971033705e-17,1.6885629686314964e-17,1.6885629662299283e-17,1.6885629638289988e-17,1.6885629614287064e-17,1.68856295902905e-17,1.6885629566300267e-17,1.6885629542316347e-17,1.68856295183387e-17,1.6885629494367344e-17,1.6885629470402237e-17,1.6885629446443366e-17,1.6885629422490708e-17,1.6885629398544256e-17,1.688562937460399e-17,1.688562935066988e-17,1.688562932674192e-17,1.6885629302820096e-17,1.688562927890438e-17,1.6885629254994763e-17,1.6885629231091217e-17,1.688562920719374e-17,1.6885629183302304e-17,1.6885629159416902e-17,1.6885629135537503e-17,1.688562911166411e-17,1.6885629087796698e-17,1.688562906393525e-17,1.688562904007975e-17,1.6885629016230186e-17,1.688562899238654e-17,1.68856289685488e-17,1.688562894471695e-17,1.6885628920890962e-17,1.6885628897070858e-17,1.688562887325658e-17,1.6885628849448147e-17,1.688562882564551e-17,1.6885628801848684e-17,1.6885628778057638e-17,1.6885628754272378e-17,1.6885628730492866e-17,1.688562870671911e-17,1.6885628682951097e-17,1.6885628659188798e-17,1.6885628635432205e-17,1.6885628611681304e-17,1.6885628587936098e-17,1.6885628564196553e-17,1.6885628540462658e-17,1.6885628516734413e-17,1.6885628493011797e-17,1.688562846929481e-17,1.688562844558342e-17,1.688562842187763e-17,1.6885628398177426e-17,1.688562837448278e-17,1.6885628350793713e-17,1.6885628327110182e-17,1.6885628303432186e-17,1.6885628279759725e-17,1.6885628256092764e-17,1.6885628232431315e-17,1.6885628208775352e-17,1.688562818512487e-17,1.688562816147986e-17,1.688562813784032e-17,1.688562811420622e-17,1.688562809057756e-17,1.688562806695433e-17,1.6885628043336503e-17,1.688562801972409e-17,1.6885627996117095e-17,1.6885627972515467e-17,1.6885627948919233e-17,1.6885627925328356e-17,1.6885627901742824e-17,1.688562787816265e-17,1.6885627854587822e-17,1.688562783101832e-17,1.688562780745414e-17,1.688562778389527e-17,1.6885627760341685e-17,1.6885627736793417e-17,1.6885627713250427e-17,1.6885627689712716e-17,1.6885627666180267e-17,1.6885627642653073e-17,1.6885627619131124e-17,1.688562759561443e-17,1.6885627572102953e-17,1.6885627548596704e-17,1.6885627525095672e-17,1.688562750159984e-17,1.6885627478109215e-17,1.6885627454623772e-17,1.6885627431143515e-17,1.688562740766844e-17,1.6885627384198535e-17,1.6885627360733772e-17,1.6885627337274167e-17,1.6885627313819708e-17,1.6885627290370393e-17,1.6885627266926192e-17,1.688562724348712e-17,1.6885627220053162e-17,1.6885627196624295e-17,1.6885627173200544e-17,1.6885627149781883e-17,1.68856271263683e-17,1.6885627102959795e-17,1.6885627079556366e-17,1.6885627056157997e-17,1.688562703276469e-17,1.6885627009376437e-17,1.6885626985993223e-17,1.6885626962615043e-17,1.6885626939241905e-17,1.6885626915873783e-17,1.6885626892510682e-17,1.688562686915259e-17,1.6885626845799503e-17,1.6885626822451415e-17,1.6885626799108312e-17,1.6885626775770207e-17,1.6885626752437076e-17,1.6885626729108924e-17,1.6885626705785734e-17,1.688562668246751e-17,1.688562665915424e-17,1.6885626635845924e-17,1.6885626612542547e-17,1.6885626589244117e-17,1.688562656595061e-17,1.688562654266204e-17,1.6885626519378392e-17,1.6885626496099655e-17,1.6885626472825833e-17,1.688562644955692e-17,1.6885626426292904e-17,1.6885626403033777e-17,1.6885626379779545e-17,1.68856263565302e-17,1.688562633328573e-17,1.6885626310046133e-17,1.688562628681141e-17,1.6885626263581538e-17,1.6885626240356546e-17,1.68856262171364e-17,1.68856261939211e-17,1.6885626170710642e-17,1.6885626147505032e-17,1.6885626124304238e-17,1.688562610110829e-17,1.6885626077917168e-17,1.6885626054730857e-17,1.6885626031549372e-17,1.688562600837268e-17,1.688562598520081e-17,1.6885625962033744e-17,1.688562593887147e-17,1.688562591571399e-17,1.6885625892561297e-17,1.6885625869413388e-17,1.6885625846270267e-17,1.6885625823131914e-17,1.6885625799998337e-17,1.6885625776869524e-17,1.688562575374548e-17,1.6885625730626195e-17,1.688562570751166e-17,1.6885625684401877e-17,1.6885625661296856e-17,1.6885625638196562e-17,1.6885625615101007e-17,1.6885625592010167e-17,1.6885625568924048e-17,1.6885625545842665e-17,1.6885625522765994e-17,1.6885625499694056e-17,1.6885625476626807e-17,1.688562545356433e-17,1.6885625430506548e-17,1.688562540745348e-17,1.6885625384405107e-17,1.6885625361361438e-17,1.6885625338322456e-17,1.6885625315288174e-17,1.688562529225856e-17,1.6885625269233658e-17,1.6885625246213427e-17,1.6885625223197865e-17,1.688562520018698e-17,1.6885625177180764e-17,1.688562515417921e-17,1.6885625131182315e-17,1.6885625108190086e-17,1.688562508520252e-17,1.68856250622196e-17,1.6885625039241332e-17,1.688562501626772e-17,1.6885624993298738e-17,1.6885624970334406e-17,1.6885624947374704e-17,1.6885624924419635e-17,1.6885624901469203e-17,1.6885624878523396e-17,1.6885624855582205e-17,1.6885624832645656e-17,1.6885624809713725e-17,1.6885624786786398e-17,1.688562476386368e-17,1.6885624740945586e-17,1.68856247180321e-17,1.688562469512321e-17,1.688562467221893e-17,1.688562464931925e-17,1.6885624626424158e-17,1.6885624603533667e-17,1.6885624580647765e-17,1.6885624557766454e-17,1.6885624534889728e-17,1.6885624512017544e-17,1.6885624489150016e-17,1.6885624466287022e-17,1.6885624443428615e-17,1.688562442057478e-17,1.6885624397725506e-17,1.6885624374880796e-17,1.688562435204066e-17,1.688562432920508e-17,1.688562430637409e-17,1.6885624283547627e-17,1.6885624260725715e-17,1.6885624237908363e-17,1.688562421509556e-17,1.6885624192287292e-17,1.6885624169483576e-17,1.6885624146684402e-17,1.688562412388977e-17,1.688562410109967e-17,1.6885624078314095e-17,1.6885624055533077e-17,1.6885624032756567e-17,1.6885624009984597e-17,1.6885623987217146e-17,1.6885623964454232e-17,1.6885623941695832e-17,1.6885623918941947e-17,1.6885623896192588e-17,1.6885623873447735e-17,1.6885623850707395e-17,1.6885623827971574e-17,1.6885623805240254e-17,1.688562378251343e-17,1.6885623759791127e-17,1.688562373707333e-17,1.688562371436002e-17,1.6885623691651208e-17,1.6885623668946894e-17,1.6885623646247064e-17,1.688562362355174e-17,1.6885623600860895e-17,1.6885623578174543e-17,1.688562355549267e-17,1.6885623532815288e-17,1.688562351014237e-17,1.6885623487473945e-17,1.6885623464809996e-17,1.6885623442150524e-17,1.688562341949552e-17,1.688562339684499e-17,1.688562337419893e-17,1.688562335155734e-17,1.6885623328920215e-17,1.6885623306287556e-17,1.6885623283659352e-17,1.6885623261035613e-17,1.6885623238416333e-17,1.6885623215801506e-17,1.6885623193191137e-17,1.6885623170585225e-17,1.6885623147983756e-17,1.6885623125386746e-17,1.688562310279417e-17,1.6885623080206044e-17,1.6885623057622365e-17,1.6885623035043132e-17,1.6885623012468333e-17,1.6885622989897975e-17,1.6885622967332045e-17,1.6885622944770568e-17,1.6885622922213515e-17,1.68856228996609e-17,1.688562287711271e-17,1.688562285456895e-17,1.6885622832029615e-17,1.6885622809494715e-17,1.688562278696423e-17,1.688562276443817e-17,1.6885622741916527e-17,1.68856227193993e-17,1.688562269688649e-17,1.6885622674378086e-17,1.6885622651874116e-17,1.688562262937455e-17,1.6885622606879397e-17,1.6885622584388655e-17,1.6885622561902314e-17,1.688562253942039e-17,1.688562251694286e-17,1.6885622494469744e-17,1.6885622472001023e-17,1.68856224495367e-17,1.688562242707679e-17,1.6885622404621263e-17,1.6885622382170146e-17,1.6885622359723418e-17,1.6885622337281077e-17,1.688562231484313e-17,1.6885622292409578e-17,1.688562226998041e-17,1.6885622247555627e-17,1.688562222513523e-17,1.6885622202719217e-17,1.6885622180307593e-17,1.6885622157900347e-17,1.688562213549748e-17,1.688562211309899e-17,1.6885622090704876e-17,1.688562206831515e-17,1.6885622045929778e-17,1.6885622023548793e-17,1.688562200117218e-17,1.6885621978799934e-17,1.6885621956432063e-17,1.6885621934068553e-17,1.688562191170941e-17,1.688562188935463e-17,1.6885621867004203e-17,1.6885621844658155e-17,1.6885621822316462e-17,1.6885621799979135e-17,1.6885621777646156e-17,1.688562175531754e-17,1.6885621732993276e-17,1.6885621710673366e-17,1.6885621688357813e-17,1.6885621666046614e-17,1.6885621643739754e-17,1.6885621621437254e-17,1.6885621599139102e-17,1.6885621576845295e-17,1.6885621554555833e-17,1.6885621532270716e-17,1.6885621509989943e-17,1.688562148771351e-17,1.6885621465441412e-17,1.688562144317366e-17,1.6885621420910248e-17,1.6885621398651163e-17,1.688562137639642e-17,1.688562135414602e-17,1.6885621331899935e-17,1.6885621309658193e-17,1.6885621287420774e-17,1.6885621265187706e-17,1.688562124295895e-17,1.688562122073452e-17,1.6885621198514412e-17,1.6885621176298634e-17,1.6885621154087183e-17,1.6885621131880052e-17,1.688562110967725e-17,1.688562108747876e-17,1.688562106528459e-17,1.688562104309474e-17,1.6885621020909205e-17,1.6885620998727983e-17,1.688562097655108e-17,1.6885620954378488e-17,1.6885620932210205e-17,1.6885620910046243e-17,1.688562088788658e-17,1.6885620865731233e-17,1.6885620843580197e-17,1.688562082143346e-17,1.6885620799291028e-17,1.6885620777152907e-17,1.6885620755019085e-17,1.6885620732889565e-17,1.688562071076435e-17,1.688562068864343e-17,1.688562066652681e-17,1.6885620644414497e-17,1.688562062230646e-17,1.688562060020273e-17,1.68856205781033e-17,1.688562055600816e-17,1.6885620533917314e-17,1.688562051183076e-17,1.6885620489748493e-17,1.6885620467670513e-17,1.688562044559683e-17,1.6885620423527425e-17,1.688562040146231e-17,1.688562037940148e-17,1.6885620357344944e-17,1.6885620335292686e-17,1.6885620313244705e-17,1.688562029120101e-17,1.688562026916159e-17,1.6885620247126445e-17,1.6885620225095584e-17,1.6885620203068998e-17,1.688562018104669e-17,1.6885620159028656e-17,1.6885620137014892e-17,1.68856201150054e-17,1.6885620093000188e-17,1.6885620070999246e-17,1.6885620049002577e-17,1.6885620027010164e-17,1.6885620005022032e-17,1.6885619983038164e-17,1.6885619961058564e-17,1.688561993908322e-17,1.6885619917112143e-17,1.6885619895145328e-17,1.6885619873182778e-17,1.6885619851224483e-17,1.688561982927046e-17,1.6885619807320685e-17,1.688561978537518e-17,1.6885619763433922e-17,1.688561974149692e-17,1.688561971956417e-17,1.688561969763568e-17,1.688561967571144e-17,1.688561965379146e-17,1.6885619631875727e-17,1.6885619609964247e-17,1.6885619588057006e-17,1.688561956615402e-17,1.6885619544255292e-17,1.6885619522360796e-17,1.6885619500470547e-17,1.6885619478584557e-17,1.688561945670279e-17,1.6885619434825278e-17,1.6885619412951998e-17,1.688561939108297e-17,1.6885619369218184e-17,1.6885619347357628e-17,1.6885619325501316e-17,1.688561930364923e-17,1.6885619281801392e-17,1.6885619259957787e-17,1.688561923811842e-17,1.6885619216283277e-17,1.688561919445237e-17,1.68856191726257e-17,1.688561915080325e-17,1.6885619128985042e-17,1.6885619107171056e-17,1.6885619085361302e-17,1.6885619063555772e-17,1.6885619041754464e-17,1.6885619019957393e-17,1.688561899816453e-17,1.688561897637591e-17,1.68856189545915e-17,1.6885618932811312e-17,1.6885618911035355e-17,1.6885618889263602e-17,1.6885618867496067e-17,1.688561884573276e-17,1.6885618823973667e-17,1.688561880221879e-17,1.6885618780468136e-17,1.6885618758721673e-17,1.6885618736979467e-17,1.6885618715241444e-17,1.688561869350763e-17,1.688561867177804e-17,1.688561865005266e-17,1.6885618628331476e-17,1.6885618606614508e-17,1.6885618584901774e-17,1.688561856319321e-17,1.688561854148886e-17,1.6885618519788708e-17,1.688561849809276e-17,1.6885618476401023e-17,1.6885618454713477e-17,1.688561843303014e-17,1.6885618411350998e-17,1.688561838967606e-17,1.688561836800533e-17,1.688561834633879e-17,1.6885618324676446e-17,1.6885618303018295e-17,1.6885618281364347e-17,1.6885618259714583e-17,1.6885618238069022e-17,1.688561821642766e-17,1.688561819479047e-17,1.6885618173157504e-17,1.6885618151528732e-17,1.6885618129904122e-17,1.6885618108283703e-17,1.6885618086667476e-17,1.6885618065055432e-17,1.6885618043447574e-17,1.68856180218439e-17,1.6885618000244414e-17,1.6885617978649103e-17,1.6885617957057986e-17,1.6885617935471033e-17,1.688561791388826e-17,1.6885617892309694e-17,1.68856178707353e-17,1.6885617849165086e-17,1.6885617827599052e-17,1.6885617806037225e-17,1.688561778447953e-17,1.6885617762926004e-17,1.688561774137665e-17,1.6885617719831476e-17,1.6885617698290492e-17,1.6885617676753652e-17,1.6885617655220995e-17,1.688561763369251e-17,1.6885617612168186e-17,1.6885617590648033e-17,1.688561756913204e-17,1.6885617547620222e-17,1.688561752611257e-17,1.688561750460908e-17,1.6885617483109757e-17,1.6885617461614597e-17,1.6885617440123598e-17,1.6885617418636762e-17,1.688561739715409e-17,1.6885617375675573e-17,1.6885617354201213e-17,1.688561733273101e-17,1.6885617311264966e-17,1.688561728980308e-17,1.6885617268345358e-17,1.6885617246891783e-17,1.688561722544236e-17,1.6885617203997096e-17,1.6885617182555992e-17,1.6885617161119014e-17,1.688561713968621e-17,1.6885617118257545e-17,1.6885617096833035e-17,1.6885617075412682e-17,1.6885617053996452e-17,1.6885617032584382e-17,1.688561701117646e-17,1.6885616989772685e-17,1.6885616968373055e-17,1.6885616946977572e-17,1.6885616925586216e-17,1.6885616904199014e-17,1.688561688281596e-17,1.6885616861437033e-17,1.688561684006226e-17,1.6885616818691616e-17,1.6885616797325118e-17,1.6885616775962752e-17,1.688561675460453e-17,1.6885616733250443e-17,1.688561671190048e-17,1.688561669055466e-17,1.6885616669212964e-17,1.6885616647875423e-17,1.6885616626541992e-17,1.688561660521271e-17,1.6885616583887534e-17,1.6885616562566507e-17,1.6885616541249612e-17,1.6885616519936827e-17,1.6885616498628178e-17,1.6885616477323652e-17,1.6885616456023255e-17,1.6885616434726978e-17,1.6885616413434833e-17,1.6885616392146796e-17,1.6885616370862898e-17,1.688561634958311e-17,1.6885616328307448e-17,1.6885616307035906e-17,1.6885616285768487e-17,1.6885616264505182e-17,1.6885616243245994e-17,1.6885616221990926e-17,1.6885616200739965e-17,1.6885616179493103e-17,1.688561615825038e-17,1.6885616137011772e-17,1.688561611577727e-17,1.6885616094546887e-17,1.6885616073320585e-17,1.688561605209838e-17,1.688561603088032e-17,1.6885616009666388e-17,1.6885615988456556e-17,1.6885615967250828e-17,1.6885615946049215e-17,1.6885615924851715e-17,1.6885615903658304e-17,1.6885615882469007e-17,1.6885615861283808e-17,1.6885615840102717e-17,1.688561581892572e-17,1.6885615797752825e-17,1.6885615776584047e-17,1.688561575541936e-17,1.688561573425877e-17,1.688561571310228e-17,1.6885615691949882e-17,1.6885615670801584e-17,1.688561564965738e-17,1.688561562851727e-17,1.688561560738126e-17,1.6885615586249333e-17,1.6885615565121506e-17,1.6885615543997768e-17,1.6885615522878116e-17,1.688561550176256e-17,1.688561548065109e-17,1.6885615459543715e-17,1.6885615438440413e-17,1.6885615417341213e-17,1.6885615396246092e-17,1.6885615375155055e-17,1.6885615354068097e-17,1.6885615332985232e-17,1.6885615311906452e-17,1.6885615290831747e-17,1.6885615269761124e-17,1.6885615248694587e-17,1.6885615227632124e-17,1.6885615206573748e-17,1.6885615185519444e-17,1.688561516446922e-17,1.6885615143423075e-17,1.6885615122381008e-17,1.6885615101343015e-17,1.6885615080309093e-17,1.6885615059279257e-17,1.6885615038253482e-17,1.6885615017231785e-17,1.6885614996214154e-17,1.6885614975200598e-17,1.6885614954191118e-17,1.68856149331857e-17,1.6885614912184358e-17,1.6885614891187078e-17,1.6885614870193865e-17,1.6885614849204723e-17,1.688561482821965e-17,1.6885614807238635e-17,1.6885614786261684e-17,1.6885614765288794e-17,1.688561474431997e-17,1.688561472335521e-17,1.6885614702394525e-17,1.6885614681437875e-17,1.6885614660485297e-17,1.6885614639536788e-17,1.6885614618592324e-17,1.6885614597651916e-17,1.6885614576715566e-17,1.688561455578328e-17,1.688561453485504e-17,1.6885614513930863e-17,1.6885614493010737e-17,1.6885614472094664e-17,1.6885614451182645e-17,1.6885614430274676e-17,1.6885614409370752e-17,1.688561438847088e-17,1.6885614367575056e-17,1.6885614346683295e-17,1.688561432579557e-17,1.688561430491189e-17,1.6885614284032264e-17,1.6885614263156687e-17,1.6885614242285135e-17,1.688561422141764e-17,1.6885614200554183e-17,1.6885614179694772e-17,1.6885614158839406e-17,1.6885614137988072e-17,1.6885614117140783e-17,1.6885614096297534e-17,1.6885614075458325e-17,1.6885614054623152e-17,1.6885614033792014e-17,1.688561401296491e-17,1.6885613992141847e-17,1.688561397132282e-17,1.6885613950507827e-17,1.688561392969687e-17,1.6885613908889935e-17,1.6885613888087035e-17,1.6885613867288175e-17,1.6885613846493342e-17,1.688561382570254e-17,1.688561380491576e-17,1.6885613784133022e-17,1.6885613763354302e-17,1.688561374257961e-17,1.6885613721808943e-17,1.68856137010423e-17,1.6885613680279684e-17,1.688561365952109e-17,1.688561363876652e-17,1.6885613618015977e-17,1.6885613597269456e-17,1.6885613576526954e-17,1.6885613555788463e-17,1.6885613535053997e-17,1.688561351432355e-17,1.688561349359712e-17,1.6885613472874707e-17,1.688561345215631e-17,1.688561343144193e-17,1.688561341073156e-17,1.6885613390025207e-17,1.6885613369322868e-17,1.6885613348624542e-17,1.6885613327930224e-17,1.6885613307239922e-17,1.6885613286553635e-17,1.688561326587135e-17,1.6885613245193075e-17,1.6885613224518812e-17,1.6885613203848555e-17,1.6885613183182303e-17,1.6885613162520052e-17,1.6885613141861812e-17,1.6885613121207576e-17,1.6885613100557345e-17,1.688561307991111e-17,1.6885613059268883e-17,1.6885613038630664e-17,1.6885613017996438e-17,1.688561299736621e-17,1.688561297673998e-17,1.6885612956117754e-17,1.6885612935499534e-17,1.6885612914885286e-17,1.688561289427505e-17,1.688561287366881e-17,1.688561285306657e-17,1.688561283246832e-17,1.6885612811874054e-17,1.6885612791283792e-17,1.6885612770697518e-17,1.6885612750115228e-17,1.6885612729536934e-17,1.688561270896264e-17,1.6885612688392322e-17,1.688561266782599e-17,1.6885612647263657e-17,1.688561262670531e-17,1.6885612606150944e-17,1.6885612585600563e-17,1.6885612565054216e-17,1.6885612544511815e-17,1.688561252397339e-17,1.6885612503438943e-17,1.6885612482908478e-17,1.6885612462382e-17,1.6885612441859497e-17,1.6885612421340978e-17,1.688561240082643e-17,1.6885612380315866e-17,1.6885612359809276e-17,1.6885612339306667e-17,1.6885612318808024e-17,1.688561229831337e-17,1.6885612277822666e-17,1.6885612257335942e-17,1.68856122368532e-17,1.6885612216374426e-17,1.6885612195899634e-17,1.68856121754288e-17,1.6885612154961934e-17,1.688561213449905e-17,1.688561211404014e-17,1.688561209358518e-17,1.6885612073134197e-17,1.688561205268718e-17,1.6885612032244125e-17,1.688561201180504e-17,1.688561199136992e-17,1.6885611970938755e-17,1.6885611950511553e-17,1.6885611930088323e-17,1.688561190966905e-17,1.6885611889253737e-17,1.688561186884239e-17,1.688561184843499e-17,1.6885611828031548e-17,1.6885611807632067e-17,1.688561178723654e-17,1.6885611766844973e-17,1.6885611746457362e-17,1.6885611726073704e-17,1.688561170569401e-17,1.6885611685318232e-17,1.6885611664946423e-17,1.688561164457856e-17,1.6885611624214638e-17,1.688561160385471e-17,1.6885611583498707e-17,1.6885611563146666e-17,1.6885611542798562e-17,1.6885611522454416e-17,1.688561150211421e-17,1.688561148177796e-17,1.6885611461445642e-17,1.6885611441117276e-17,1.6885611420792845e-17,1.6885611400472358e-17,1.6885611380155816e-17,1.688561135984322e-17,1.6885611339534554e-17,1.6885611319229857e-17,1.6885611298929082e-17,1.6885611278632237e-17,1.6885611258339338e-17,1.6885611238050394e-17,1.6885611217765365e-17,1.6885611197484272e-17,1.688561117720711e-17,1.6885611156933907e-17,1.6885611136664637e-17,1.68856111163993e-17,1.68856110961379e-17,1.6885611075880433e-17,1.6885611055626907e-17,1.6885611035377285e-17,1.6885611015131577e-17,1.688561099488979e-17,1.6885610974651916e-17,1.688561095441799e-17,1.688561093418798e-17,1.688561091396191e-17,1.6885610893739772e-17,1.688561087352157e-17,1.6885610853307205e-17,1.6885610833096848e-17,1.6885610812890388e-17,1.6885610792687858e-17,1.6885610772489253e-17,1.6885610752294552e-17,1.6885610732103775e-17,1.6885610711916913e-17,1.688561069173397e-17,1.688561067155491e-17,1.6885610651379777e-17,1.688561063120857e-17,1.688561061104125e-17,1.6885610590877908e-17,1.6885610570718466e-17,1.6885610550562937e-17,1.6885610530411316e-17,1.688561051026361e-17,1.6885610490119817e-17,1.6885610469979927e-17,1.6885610449843956e-17,1.6885610429711878e-17,1.6885610409583725e-17,1.6885610389459464e-17,1.6885610369339102e-17,1.6885610349222656e-17,1.6885610329110107e-17,1.6885610309001476e-17,1.688561028889674e-17,1.6885610268795904e-17,1.688561024869897e-17,1.6885610228605934e-17,1.6885610208516805e-17,1.6885610188431587e-17,1.6885610168350258e-17,1.6885610148272826e-17,1.68856101281993e-17,1.6885610108129664e-17,1.6885610088063923e-17,1.688561006800208e-17,1.6885610047944125e-17,1.6885610027890076e-17,1.688561000783991e-17,1.688560998779365e-17,1.6885609967751268e-17,1.6885609947712793e-17,1.6885609927678154e-17,1.6885609907647466e-17,1.6885609887620654e-17,1.6885609867597728e-17,1.6885609847578687e-17,1.6885609827563514e-17,1.6885609807552246e-17,1.688560978754485e-17,1.688560976754136e-17,1.6885609747541748e-17,1.6885609727546016e-17,1.688560970755416e-17,1.688560968756618e-17,1.68856096675821e-17,1.68856096476019e-17,1.688560962762558e-17,1.6885609607653136e-17,1.6885609587684567e-17,1.6885609567719872e-17,1.6885609547759047e-17,1.688560952780211e-17,1.6885609507849086e-17,1.6885609487899927e-17,1.6885609467954624e-17,1.6885609448013197e-17,1.6885609428075637e-17,1.6885609408141958e-17,1.688560938821214e-17,1.6885609368286202e-17,1.6885609348364127e-17,1.688560932844591e-17,1.6885609308531573e-17,1.68856092886211e-17,1.688560926871449e-17,1.6885609248811745e-17,1.6885609228912868e-17,1.6885609209017857e-17,1.6885609189126708e-17,1.688560916923943e-17,1.688560914935601e-17,1.6885609129476445e-17,1.688560910960075e-17,1.688560908972891e-17,1.6885609069860935e-17,1.6885609049996826e-17,1.6885609030136557e-17,1.688560901028016e-17,1.688560899042761e-17,1.6885608970578923e-17,1.6885608950734092e-17,1.6885608930893115e-17,1.6885608911055997e-17,1.688560889122272e-17,1.6885608871393303e-17,1.6885608851567737e-17,1.6885608831746026e-17,1.688560881192816e-17,1.6885608792114153e-17,1.6885608772303995e-17,1.688560875249767e-17,1.6885608732695206e-17,1.688560871289659e-17,1.6885608693101815e-17,1.688560867331089e-17,1.6885608653523812e-17,1.6885608633740565e-17,1.6885608613961162e-17,1.688560859418562e-17,1.6885608574413904e-17,1.688560855464604e-17,1.6885608534882013e-17,1.6885608515121827e-17,1.6885608495365478e-17,1.6885608475612962e-17,1.688560845586428e-17,1.6885608436119457e-17,1.6885608416378462e-17,1.6885608396641314e-17,1.688560837690799e-17,1.68856083571785e-17,1.688560833745285e-17,1.688560831773102e-17,1.688560829801303e-17,1.688560827829887e-17,1.6885608258588535e-17,1.6885608238882025e-17,1.6885608219179352e-17,1.6885608199480503e-17,1.688560817978548e-17,1.6885608160094296e-17,1.6885608140406938e-17,1.6885608120723404e-17,1.68856081010437e-17,1.6885608081367805e-17,1.688560806169575e-17,1.68856080420275e-17,1.6885608022363062e-17,1.6885608002702457e-17,1.6885607983045652e-17,1.6885607963392683e-17,1.6885607943743535e-17,1.6885607924098205e-17,1.6885607904456672e-17,1.6885607884819006e-17,1.6885607865185145e-17,1.68856078455551e-17,1.6885607825928872e-17,1.6885607806306456e-17,1.688560778668786e-17,1.6885607767073076e-17,1.68856077474621e-17,1.6885607727854936e-17,1.688560770825159e-17,1.6885607688652053e-17,1.6885607669056325e-17,1.688560764946441e-17,1.6885607629876294e-17,1.6885607610292e-17,1.6885607590711495e-17,1.688560757113481e-17,1.6885607551561925e-17,1.688560753199285e-17,1.6885607512427574e-17,1.6885607492866103e-17,1.688560747330844e-17,1.6885607453754565e-17,1.688560743420451e-17,1.6885607414658242e-17,1.688560739511578e-17,1.6885607375577112e-17,1.6885607356042244e-17,1.6885607336511176e-17,1.6885607316983904e-17,1.6885607297460425e-17,1.688560727794075e-17,1.6885607258424864e-17,1.6885607238912778e-17,1.6885607219404482e-17,1.688560719989998e-17,1.6885607180399276e-17,1.6885607160902347e-17,1.6885607141409228e-17,1.6885607121919886e-17,1.6885607102434344e-17,1.688560708295259e-17,1.6885607063474624e-17,1.6885607044000443e-17,1.6885607024530046e-17,1.6885607005063436e-17,1.6885606985600614e-17,1.6885606966141576e-17,1.688560694668633e-17,1.6885606927234854e-17,1.688560690778717e-17,1.6885606888343263e-17,1.688560686890314e-17,1.6885606849466795e-17,1.6885606830034227e-17,1.688560681060544e-17,1.688560679118042e-17,1.6885606771759204e-17,1.6885606752341754e-17,1.6885606732928075e-17,1.6885606713518177e-17,1.688560669411205e-17,1.68856066747097e-17,1.6885606655311126e-17,1.6885606635916318e-17,1.6885606616525288e-17,1.6885606597138027e-17,1.688560657775454e-17,1.6885606558374822e-17,1.6885606538998867e-17,1.688560651962669e-17,1.6885606500258278e-17,1.6885606480893622e-17,1.6885606461532754e-17,1.6885606442175645e-17,1.6885606422822292e-17,1.6885606403472714e-17,1.68856063841269e-17,1.6885606364784846e-17,1.6885606345446553e-17,1.6885606326112013e-17,1.6885606306781247e-17,1.6885606287454242e-17,1.6885606268130995e-17,1.6885606248811502e-17,1.6885606229495765e-17,1.688560621018379e-17,1.6885606190875585e-17,1.6885606171571114e-17,1.688560615227041e-17,1.688560613297346e-17,1.6885606113680273e-17,1.6885606094390833e-17,1.6885606075105135e-17,1.6885606055823202e-17,1.6885606036545016e-17,1.688560601727058e-17,1.68856059979999e-17,1.688560597873297e-17,1.6885605959469777e-17,1.688560594021034e-17,1.6885605920954645e-17,1.68856059017027e-17,1.6885605882454504e-17,1.688560586321005e-17,1.688560584396934e-17,1.688560582473238e-17,1.6885605805499166e-17,1.688560578626968e-17,1.6885605767043947e-17,1.688560574782196e-17,1.68856057286037e-17,1.6885605709389188e-17,1.688560569017841e-17,1.6885605670971373e-17,1.688560565176807e-17,1.6885605632568527e-17,1.6885605613372697e-17,1.688560559418061e-17,1.688560557499225e-17,1.688560555580763e-17,1.6885605536626743e-17,1.688560551744959e-17,1.688560549827621e-17,1.6885605479106537e-17,1.6885605459940576e-17,1.6885605440778346e-17,1.688560542161985e-17,1.6885605402465067e-17,1.6885605383314032e-17,1.6885605364166714e-17,1.6885605345023112e-17,1.6885605325883254e-17,1.6885605306747125e-17,1.6885605287614715e-17,1.6885605268486028e-17,1.6885605249361063e-17,1.688560523023982e-17,1.6885605211122306e-17,1.6885605192008508e-17,1.6885605172898427e-17,1.6885605153792068e-17,1.688560513468943e-17,1.688560511559051e-17,1.6885605096495307e-17,1.6885605077403822e-17,1.688560505831605e-17,1.6885605039232005e-17,1.6885605020151666e-17,1.6885605001075043e-17,1.6885604982002137e-17,1.6885604962932937e-17,1.688560494386745e-17,1.6885604924805684e-17,1.688560490574762e-17,1.6885604886693272e-17,1.6885604867642626e-17,1.6885604848595703e-17,1.6885604829552483e-17,1.688560481051296e-17,1.6885604791477156e-17,1.688560477244505e-17,1.6885604753416648e-17,1.6885604734391958e-17,1.6885604715370975e-17,1.6885604696353692e-17,1.6885604677340114e-17,1.6885604658330218e-17,1.6885604639324053e-17,1.6885604620321574e-17,1.68856046013228e-17,1.6885604582327713e-17,1.6885604563336345e-17,1.688560454434866e-17,1.6885604525364686e-17,1.68856045063844e-17,1.6885604487407805e-17,1.688560446843491e-17,1.6885604449465713e-17,1.688560443050021e-17,1.6885604411538393e-17,1.6885604392580278e-17,1.6885604373625852e-17,1.688560435467511e-17,1.6885604335728068e-17,1.6885604316784717e-17,1.6885604297845054e-17,1.688560427890908e-17,1.688560425997679e-17,1.688560424104819e-17,1.6885604222123275e-17,1.688560420320205e-17,1.6885604184284502e-17,1.6885604165370647e-17,1.6885604146460474e-17,1.6885604127553983e-17,1.6885604108651175e-17,1.688560408975205e-17,1.6885604070856602e-17,1.688560405196481e-17,1.688560403307671e-17,1.688560401419228e-17,1.6885603995311525e-17,1.6885603976434454e-17,1.688560395756106e-17,1.6885603938691345e-17,1.68856039198253e-17,1.6885603900962932e-17,1.6885603882104232e-17,1.6885603863249218e-17,1.6885603844397864e-17,1.688560382555019e-17,1.6885603806706192e-17,1.6885603787865864e-17,1.6885603769029206e-17,1.688560375019621e-17,1.6885603731366876e-17,1.688560371254123e-17,1.6885603693719235e-17,1.6885603674900918e-17,1.6885603656086265e-17,1.6885603637275285e-17,1.688560361846796e-17,1.68856035996643e-17,1.6885603580864304e-17,1.688560356206797e-17,1.6885603543275297e-17,1.6885603524486294e-17,1.688560350570094e-17,1.6885603486919262e-17,1.6885603468141226e-17,1.6885603449366864e-17,1.6885603430596156e-17,1.6885603411829106e-17,1.688560339306571e-17,1.6885603374305963e-17,1.6885603355549892e-17,1.6885603336797454e-17,1.6885603318048683e-17,1.6885603299303552e-17,1.6885603280562087e-17,1.6885603261824262e-17,1.6885603243090103e-17,1.6885603224359584e-17,1.6885603205632726e-17,1.6885603186909506e-17,1.688560316818994e-17,1.6885603149474023e-17,1.6885603130761755e-17,1.6885603112053133e-17,1.6885603093348175e-17,1.6885603074646847e-17,1.688560305594918e-17,1.6885603037255142e-17,1.688560301856475e-17,1.6885602999877988e-17,1.688560298119487e-17,1.6885602962515412e-17,1.6885602943839595e-17,1.6885602925167427e-17,1.6885602906498898e-17,1.6885602887833996e-17,1.688560286917274e-17,1.6885602850515125e-17,1.688560283186114e-17,1.6885602813210808e-17,1.68856027945641e-17,1.6885602775921027e-17,1.6885602757281578e-17,1.6885602738645765e-17,1.6885602720013582e-17,1.688560270138503e-17,1.688560268276009e-17,1.6885602664138814e-17,1.688560264552115e-17,1.6885602626907128e-17,1.6885602608296728e-17,1.6885602589689964e-17,1.688560257108683e-17,1.6885602552487333e-17,1.688560253389145e-17,1.6885602515299204e-17,1.6885602496710575e-17,1.6885602478125554e-17,1.688560245954418e-17,1.6885602440966406e-17,1.6885602422392266e-17,1.6885602403821732e-17,1.6885602385254846e-17,1.6885602366691556e-17,1.68856023481319e-17,1.6885602329575854e-17,1.6885602311023426e-17,1.6885602292474634e-17,1.6885602273929445e-17,1.688560225538788e-17,1.6885602236849926e-17,1.6885602218315593e-17,1.6885602199784865e-17,1.6885602181257758e-17,1.6885602162734247e-17,1.6885602144214347e-17,1.6885602125698062e-17,1.6885602107185383e-17,1.6885602088676324e-17,1.6885602070170867e-17,1.688560205166902e-17,1.6885602033170782e-17,1.688560201467615e-17,1.6885601996185128e-17,1.6885601977697695e-17,1.6885601959213883e-17,1.6885601940733658e-17,1.688560192225705e-17,1.6885601903784042e-17,1.6885601885314638e-17,1.688560186684883e-17,1.6885601848386633e-17,1.688560182992802e-17,1.688560181147301e-17,1.6885601793021604e-17,1.6885601774573805e-17,1.6885601756129615e-17,1.688560173768899e-17,1.6885601719251973e-17,1.688560170081856e-17,1.6885601682388743e-17,1.6885601663962503e-17,1.688560164553988e-17,1.6885601627120837e-17,1.6885601608705397e-17,1.6885601590293537e-17,1.6885601571885317e-17,1.6885601553480653e-17,1.68856015350796e-17,1.6885601516682107e-17,1.6885601498288206e-17,1.6885601479897886e-17,1.6885601461511166e-17,1.6885601443128035e-17,1.6885601424748494e-17,1.688560140637257e-17,1.688560138800024e-17,1.6885601369631436e-17,1.6885601351266227e-17,1.688560133290465e-17,1.688560131454664e-17,1.6885601296192177e-17,1.688560127784131e-17,1.6885601259494004e-17,1.6885601241150286e-17,1.6885601222810142e-17,1.6885601204473548e-17,1.6885601186140562e-17,1.688560116781116e-17,1.6885601149485296e-17,1.688560113116303e-17,1.6885601112844365e-17,1.688560109452925e-17,1.688560107621771e-17,1.6885601057909755e-17,1.6885601039605372e-17,1.688560102130455e-17,1.6885601003007304e-17,1.688560098471363e-17,1.6885600966423516e-17,1.688560094813697e-17,1.6885600929854005e-17,1.68856009115746e-17,1.6885600893298763e-17,1.6885600875026492e-17,1.6885600856757786e-17,1.6885600838492655e-17,1.6885600820231083e-17,1.6885600801973054e-17,1.688560078371862e-17,1.6885600765467733e-17,1.6885600747220407e-17,1.6885600728976642e-17,1.6885600710736462e-17,1.6885600692499825e-17,1.688560067426674e-17,1.6885600656037223e-17,1.6885600637811254e-17,1.688560061958884e-17,1.688560060136999e-17,1.6885600583154693e-17,1.6885600564942958e-17,1.688560054673478e-17,1.6885600528530137e-17,1.6885600510329055e-17,1.6885600492131528e-17,1.6885600473937557e-17,1.6885600455747128e-17,1.688560043756025e-17,1.6885600419376936e-17,1.688560040119716e-17,1.688560038302093e-17,1.6885600364848257e-17,1.688560034667913e-17,1.6885600328513552e-17,1.688560031035151e-17,1.6885600292193015e-17,1.6885600274038072e-17,1.688560025588667e-17,1.6885600237738807e-17,1.688560021959449e-17,1.688560020145371e-17,1.6885600183316473e-17,1.6885600165182773e-17,1.6885600147052623e-17,1.688560012892602e-17,1.6885600110802943e-17,1.6885600092683415e-17,1.688560007456739e-17,1.6885600056454925e-17,1.688560003834598e-17,1.6885600020240583e-17,1.688560000213873e-17,1.6885599984040415e-17,1.688559996594562e-17,1.6885599947854373e-17,1.688559992976664e-17,1.6885599911682438e-17,1.6885599893601777e-17,1.6885599875524648e-17,1.6885599857451043e-17,1.6885599839380976e-17,1.6885599821314428e-17,1.688559980325143e-17,1.6885599785191942e-17,1.6885599767135994e-17,1.6885599749083566e-17,1.6885599731034665e-17,1.6885599712989275e-17,1.6885599694947422e-17,1.6885599676909085e-17,1.6885599658874274e-17,1.6885599640842984e-17,1.6885599622815217e-17,1.688559960479097e-17,1.6885599586770245e-17,1.688559956875303e-17,1.6885599550739375e-17,1.6885599532729203e-17,1.6885599514722568e-17,1.688559949671942e-17,1.6885599478719807e-17,1.688559946072369e-17,1.6885599442731097e-17,1.6885599424742033e-17,1.6885599406756464e-17,1.6885599388774336e-17,1.6885599370795793e-17,1.6885599352820765e-17,1.6885599334849247e-17,1.6885599316881233e-17,1.688559929891674e-17,1.6885599280955752e-17,1.6885599262998323e-17,1.6885599245044345e-17,1.6885599227093876e-17,1.6885599209146943e-17,1.6885599191203466e-17,1.6885599173263515e-17,1.6885599155327074e-17,1.6885599137394133e-17,1.6885599119464693e-17,1.688559910153878e-17,1.6885599083616342e-17,1.688559906569741e-17,1.688559904778198e-17,1.6885599029870044e-17,1.6885599011961616e-17,1.6885598994056686e-17,1.6885598976155244e-17,1.68855989582573e-17,1.6885598940362853e-17,1.6885598922471907e-17,1.6885598904584495e-17,1.6885598886700534e-17,1.6885598868820078e-17,1.6885598850943112e-17,1.6885598833069632e-17,1.688559881519965e-17,1.6885598797333136e-17,1.6885598779470135e-17,1.6885598761610623e-17,1.6885598743754606e-17,1.6885598725902073e-17,1.6885598708053032e-17,1.6885598690207476e-17,1.6885598672365403e-17,1.688559865452682e-17,1.6885598636691726e-17,1.688559861886011e-17,1.6885598601031977e-17,1.6885598583207317e-17,1.6885598565386188e-17,1.6885598547568504e-17,1.6885598529754302e-17,1.688559851194358e-17,1.688559849413633e-17,1.688559847633259e-17,1.6885598458532356e-17,1.6885598440735602e-17,1.688559842294231e-17,1.6885598405152505e-17,1.6885598387366138e-17,1.6885598369583245e-17,1.6885598351803827e-17,1.6885598334027885e-17,1.688559831625543e-17,1.6885598298486453e-17,1.6885598280720942e-17,1.6885598262958897e-17,1.6885598245200316e-17,1.688559822744522e-17,1.6885598209693594e-17,1.6885598191945447e-17,1.6885598174200767e-17,1.6885598156459544e-17,1.6885598138721816e-17,1.688559812098753e-17,1.6885598103256703e-17,1.688559808552935e-17,1.688559806780546e-17,1.6885598050085028e-17,1.6885598032368078e-17,1.688559801465459e-17,1.6885597996944544e-17,1.6885597979237964e-17,1.6885597961534843e-17,1.6885597943835187e-17,1.6885597926138987e-17,1.6885597908446245e-17,1.6885597890756964e-17,1.6885597873071137e-17,1.6885597855388774e-17,1.6885597837709865e-17,1.688559782003442e-17,1.688559780236242e-17,1.6885597784693882e-17,1.6885597767028784e-17,1.688559774936714e-17,1.688559773170896e-17,1.6885597714054232e-17,1.6885597696402955e-17,1.688559767875513e-17,1.6885597661110757e-17,1.688559764346988e-17,1.688559762583242e-17,1.688559760819842e-17,1.688559759056784e-17,1.6885597572940704e-17,1.6885597555317e-17,1.688559753769677e-17,1.688559752007998e-17,1.688559750246663e-17,1.6885597484856727e-17,1.6885597467250273e-17,1.6885597449647254e-17,1.688559743204768e-17,1.688559741445153e-17,1.688559739685884e-17,1.68855973792696e-17,1.688559736168379e-17,1.6885597344101422e-17,1.688559732652247e-17,1.6885597308946972e-17,1.688559729137491e-17,1.688559727380629e-17,1.6885597256241108e-17,1.6885597238679357e-17,1.6885597221121036e-17,1.6885597203566147e-17,1.688559718601472e-17,1.68855971684667e-17,1.6885597150922112e-17,1.688559713338095e-17,1.6885597115843237e-17,1.688559709830894e-17,1.688559708077807e-17,1.6885597063250632e-17,1.688559704572665e-17,1.6885597028206072e-17,1.6885597010688916e-17,1.6885596993175187e-17,1.6885596975664897e-17,1.6885596958158025e-17,1.688559694065455e-17,1.688559692315453e-17,1.6885596905657926e-17,1.6885596888164757e-17,1.6885596870675045e-17,1.6885596853188704e-17,1.6885596835705806e-17,1.6885596818226284e-17,1.6885596800750214e-17,1.6885596783277583e-17,1.688559676580835e-17,1.688559674834254e-17,1.6885596730880163e-17,1.6885596713421195e-17,1.688559669596563e-17,1.6885596678513468e-17,1.6885596661064718e-17,1.6885596643619386e-17,1.6885596626177468e-17,1.6885596608738968e-17,1.688559659130387e-17,1.688559657387219e-17,1.688559655644392e-17,1.68855965390191e-17,1.688559652159766e-17,1.6885596504179615e-17,1.6885596486764968e-17,1.688559646935374e-17,1.688559645194592e-17,1.6885596434541498e-17,1.6885596417140483e-17,1.6885596399742877e-17,1.688559638234866e-17,1.6885596364957864e-17,1.688559634757047e-17,1.6885596330186472e-17,1.6885596312805885e-17,1.688559629542868e-17,1.68855962780549e-17,1.6885596260684507e-17,1.6885596243317516e-17,1.6885596225953923e-17,1.6885596208593732e-17,1.688559619123693e-17,1.688559617388353e-17,1.6885596156533522e-17,1.688559613918691e-17,1.6885596121843685e-17,1.6885596104503862e-17,1.688559608716744e-17,1.6885596069834415e-17,1.6885596052504777e-17,1.6885596035178535e-17,1.6885596017855664e-17,1.6885596000536204e-17,1.6885595983220125e-17,1.6885595965907445e-17,1.6885595948598142e-17,1.688559593129223e-17,1.6885595913989698e-17,1.6885595896690564e-17,1.6885595879394813e-17,1.6885595862102446e-17,1.6885595844813456e-17,1.6885595827527868e-17,1.6885595810245655e-17,1.6885595792966827e-17,1.6885595775691375e-17,1.6885595758419296e-17,1.6885595741150616e-17,1.6885595723885307e-17,1.6885595706623398e-17,1.6885595689364853e-17,1.6885595672109688e-17,1.6885595654857886e-17,1.6885595637609482e-17,1.688559562036443e-17,1.6885595603122776e-17,1.6885595585884495e-17,1.688559556864958e-17,1.6885595551418084e-17,1.6885595534189913e-17,1.688559551696511e-17,1.688559549974369e-17,1.6885595482525647e-17,1.6885595465310985e-17,1.6885595448099667e-17,1.6885595430891733e-17,1.6885595413687173e-17,1.6885595396485977e-17,1.6885595379288147e-17,1.688559536209368e-17,1.6885595344902603e-17,1.6885595327714874e-17,1.6885595310530516e-17,1.6885595293349517e-17,1.688559527617188e-17,1.6885595258997607e-17,1.6885595241826706e-17,1.688559522465915e-17,1.6885595207494956e-17,1.688559519033414e-17,1.6885595173176678e-17,1.6885595156022568e-17,1.688559513887181e-17,1.6885595121724427e-17,1.6885595104580402e-17,1.6885595087439737e-17,1.688559507030242e-17,1.6885595053168467e-17,1.688559503603787e-17,1.6885595018910623e-17,1.6885595001786714e-17,1.6885594984666168e-17,1.6885594967548965e-17,1.6885594950435136e-17,1.6885594933324632e-17,1.6885594916217493e-17,1.6885594899113722e-17,1.6885594882013288e-17,1.6885594864916216e-17,1.6885594847822454e-17,1.688559483073205e-17,1.688559481364502e-17,1.688559479656133e-17,1.6885594779480975e-17,1.688559476240397e-17,1.6885594745330308e-17,1.6885594728259984e-17,1.688559471119301e-17,1.6885594694129377e-17,1.6885594677069096e-17,1.688559466001215e-17,1.6885594642958553e-17,1.6885594625908298e-17,1.688559460886138e-17,1.688559459181781e-17,1.6885594574777564e-17,1.6885594557740664e-17,1.6885594540707108e-17,1.6885594523676874e-17,1.6885594506649992e-17,1.6885594489626438e-17,1.688559447260622e-17,1.6885594455589334e-17,1.6885594438575783e-17,1.688559442156557e-17,1.6885594404558683e-17,1.688559438755514e-17,1.688559437055492e-17,1.688559435355804e-17,1.6885594336564475e-17,1.688559431957425e-17,1.6885594302587358e-17,1.688559428560379e-17,1.6885594268623546e-17,1.688559425164664e-17,1.6885594234673053e-17,1.6885594217702793e-17,1.6885594200735847e-17,1.688559418377224e-17,1.688559416681195e-17,1.6885594149854984e-17,1.688559413290133e-17,1.6885594115950987e-17,1.6885594099003956e-17,1.6885594082060225e-17,1.6885594065119847e-17,1.688559404818278e-17,1.6885594031249026e-17,1.6885594014318588e-17,1.6885593997391492e-17,1.6885593980467726e-17,1.6885593963547282e-17,1.688559394663011e-17,1.6885593929716298e-17,1.6885593912805795e-17,1.688559389589861e-17,1.6885593878994736e-17,1.688559386209417e-17,1.6885593845196915e-17,1.688559382830297e-17,1.688559381141235e-17,1.6885593794525035e-17,1.688559377764103e-17,1.6885593760760328e-17,1.6885593743882935e-17,1.6885593727008846e-17,1.688559371013807e-17,1.688559369327059e-17,1.6885593676406424e-17,1.6885593659545563e-17,1.6885593642688013e-17,1.6885593625833765e-17,1.6885593608982803e-17,1.688559359213516e-17,1.6885593575290818e-17,1.6885593558449787e-17,1.6885593541612047e-17,1.688559352477761e-17,1.688559350794647e-17,1.6885593491118636e-17,1.68855934742941e-17,1.6885593457472864e-17,1.6885593440654926e-17,1.6885593423840273e-17,1.6885593407028932e-17,1.6885593390220873e-17,1.688559337341612e-17,1.6885593356614662e-17,1.6885593339816488e-17,1.68855933230216e-17,1.6885593306230014e-17,1.688559328944173e-17,1.6885593272656726e-17,1.688559325587501e-17,1.688559323909659e-17,1.688559322232146e-17,1.6885593205549613e-17,1.6885593188781062e-17,1.6885593172015787e-17,1.688559315525381e-17,1.6885593138495075e-17,1.6885593121739678e-17,1.6885593104987557e-17,1.6885593088238712e-17,1.6885593071493155e-17,1.6885593054750895e-17,1.6885593038011908e-17,1.6885593021276208e-17,1.6885593004543747e-17,1.6885592987814605e-17,1.6885592971088754e-17,1.6885592954366175e-17,1.688559293764689e-17,1.6885592920930873e-17,1.6885592904218128e-17,1.688559288750867e-17,1.6885592870802485e-17,1.688559285409958e-17,1.6885592837399936e-17,1.688559282070357e-17,1.6885592804010492e-17,1.688559278732068e-17,1.6885592770634117e-17,1.6885592753950852e-17,1.688559273727087e-17,1.6885592720594152e-17,1.688559270392063e-17,1.6885592687250444e-17,1.6885592670583523e-17,1.6885592653919865e-17,1.6885592637259487e-17,1.6885592620602384e-17,1.688559260394852e-17,1.688559258729795e-17,1.6885592570650642e-17,1.6885592554006558e-17,1.6885592537365787e-17,1.6885592520728285e-17,1.6885592504094028e-17,1.6885592487463053e-17,1.6885592470835332e-17,1.6885592454210865e-17,1.6885592437589673e-17,1.6885592420971733e-17,1.688559240435706e-17,1.688559238774561e-17,1.6885592371137433e-17,1.6885592354532496e-17,1.6885592337930888e-17,1.6885592321332484e-17,1.6885592304737346e-17,1.6885592288145463e-17,1.6885592271556926e-17,1.6885592254971563e-17,1.688559223838944e-17,1.688559222181058e-17,1.6885592205234977e-17,1.6885592188662618e-17,1.6885592172093513e-17,1.6885592155527662e-17,1.6885592138965037e-17,1.6885592122405688e-17,1.6885592105849627e-17,1.6885592089296774e-17,1.688559207274717e-17,1.6885592056200805e-17,1.6885592039657698e-17,1.6885592023117794e-17,1.6885592006581146e-17,1.6885591990047768e-17,1.6885591973517643e-17,1.688559195699076e-17,1.6885591940467114e-17,1.6885591923946712e-17,1.688559190742955e-17,1.6885591890915627e-17,1.6885591874404947e-17,1.6885591857897493e-17,1.688559184139329e-17,1.688559182489234e-17,1.688559180839462e-17,1.6885591791900132e-17,1.6885591775408887e-17,1.6885591758920838e-17,1.6885591742436067e-17,1.6885591725954516e-17,1.6885591709476216e-17,1.6885591693001146e-17,1.6885591676529302e-17,1.6885591660060694e-17,1.688559164359532e-17,1.6885591627133174e-17,1.688559161067426e-17,1.6885591594218584e-17,1.6885591577766135e-17,1.6885591561316906e-17,1.6885591544870907e-17,1.688559152842815e-17,1.6885591511988614e-17,1.6885591495552303e-17,1.6885591479119212e-17,1.6885591462689356e-17,1.6885591446262714e-17,1.6885591429839308e-17,1.6885591413419113e-17,1.6885591397002156e-17,1.6885591380588423e-17,1.688559136417791e-17,1.688559134777061e-17,1.688559133136654e-17,1.6885591314965676e-17,1.6885591298568046e-17,1.6885591282173646e-17,1.6885591265782448e-17,1.6885591249394464e-17,1.68855912330097e-17,1.6885591216628158e-17,1.6885591200249822e-17,1.688559118387471e-17,1.688559116750282e-17,1.688559115113413e-17,1.6885591134768657e-17,1.6885591118406412e-17,1.6885591102047363e-17,1.6885591085691537e-17,1.6885591069338922e-17,1.6885591052989508e-17,1.6885591036643306e-17,1.6885591020300317e-17,1.688559100396052e-17,1.6885590987623933e-17,1.6885590971290577e-17,1.688559095496042e-17,1.688559093863344e-17,1.6885590922309692e-17,1.6885590905989152e-17,1.6885590889671814e-17,1.688559087335761e-17,1.688559085704668e-17,1.6885590840738957e-17,1.6885590824434434e-17,1.6885590808133117e-17,1.6885590791834995e-17,1.6885590775540077e-17,1.6885590759248377e-17,1.6885590742959854e-17,1.688559072667453e-17,1.6885590710392403e-17,1.6885590694113454e-17,1.6885590677837713e-17,1.6885590661565186e-17,1.6885590645295848e-17,1.6885590629029712e-17,1.6885590612766762e-17,1.6885590596507013e-17,1.6885590580250454e-17,1.6885590563997088e-17,1.6885590547746914e-17,1.6885590531499932e-17,1.688559051525613e-17,1.6885590499015546e-17,1.6885590482778114e-17,1.688559046654392e-17,1.6885590450312873e-17,1.6885590434085034e-17,1.6885590417860362e-17,1.688559040163889e-17,1.6885590385420608e-17,1.6885590369205514e-17,1.6885590352993602e-17,1.6885590336784877e-17,1.6885590320579332e-17,1.6885590304376974e-17,1.6885590288177804e-17,1.68855902719818e-17,1.6885590255788994e-17,1.6885590239599365e-17,1.688559022341292e-17,1.688559020722966e-17,1.6885590191049567e-17,1.688559017487266e-17,1.6885590158698918e-17,1.6885590142528366e-17,1.688559012636099e-17,1.6885590110196785e-17,1.688559009403576e-17,1.688559007787788e-17,1.688559006172316e-17,1.6885590045571648e-17,1.6885590029423314e-17,1.6885590013278178e-17,1.6885589997136192e-17,1.688558998099737e-17,1.6885589964861726e-17,1.6885589948729256e-17,1.688558993259996e-17,1.688558991647382e-17,1.688558990035086e-17,1.6885589884231058e-17,1.6885589868114432e-17,1.6885589852000965e-17,1.688558983589067e-17,1.6885589819783538e-17,1.6885589803679574e-17,1.6885589787578775e-17,1.6885589771481134e-17,1.6885589755386668e-17,1.688558973929536e-17,1.6885589723207223e-17,1.688558970712224e-17,1.6885589691040424e-17,1.6885589674961753e-17,1.688558965888626e-17,1.6885589642813915e-17,1.6885589626744732e-17,1.688558961067871e-17,1.6885589594615842e-17,1.688558957855613e-17,1.688558956249958e-17,1.6885589546446186e-17,1.6885589530395945e-17,1.6885589514348856e-17,1.688558949830493e-17,1.688558948226415e-17,1.6885589466226523e-17,1.688558945019205e-17,1.6885589434160723e-17,1.6885589418132558e-17,1.6885589402107545e-17,1.6885589386085678e-17,1.6885589370066964e-17,1.6885589354051414e-17,1.6885589338038996e-17,1.6885589322029723e-17,1.6885589306023596e-17,1.6885589290020622e-17,1.6885589274020785e-17,1.6885589258024094e-17,1.6885589242030547e-17,1.6885589226040145e-17,1.6885589210052883e-17,1.6885589194068768e-17,1.68855891780878e-17,1.6885589162109964e-17,1.6885589146135265e-17,1.6885589130163716e-17,1.6885589114195304e-17,1.6885589098230026e-17,1.6885589082267897e-17,1.68855890663089e-17,1.6885589050353038e-17,1.6885589034400332e-17,1.6885589018450744e-17,1.6885589002504282e-17,1.6885588986560965e-17,1.6885588970620792e-17,1.6885588954683746e-17,1.6885588938749828e-17,1.6885588922819057e-17,1.688558890689141e-17,1.6885588890966896e-17,1.688558887504551e-17,1.6885588859127256e-17,1.688558884321213e-17,1.6885588827300133e-17,1.6885588811391264e-17,1.6885588795485524e-17,1.6885588779582917e-17,1.688558876368343e-17,1.6885588747787074e-17,1.688558873189385e-17,1.6885588716003744e-17,1.6885588700116764e-17,1.6885588684232908e-17,1.6885588668352173e-17,1.6885588652474566e-17,1.6885588636600087e-17,1.6885588620728723e-17,1.6885588604860478e-17,1.688558858899536e-17,1.6885588573133355e-17,1.6885588557274475e-17,1.6885588541418716e-17,1.688558852556607e-17,1.6885588509716547e-17,1.6885588493870137e-17,1.6885588478026843e-17,1.688558846218667e-17,1.6885588446349606e-17,1.688558843051566e-17,1.6885588414684828e-17,1.6885588398857117e-17,1.68855883830325e-17,1.688558836721102e-17,1.6885588351392644e-17,1.688558833557738e-17,1.6885588319765247e-17,1.6885588303956207e-17,1.6885588288150275e-17,1.688558827234745e-17,1.6885588256547734e-17,1.6885588240751118e-17,1.6885588224957617e-17,1.6885588209167223e-17,1.6885588193379928e-17,1.6885588177595752e-17,1.6885588161814664e-17,1.6885588146036687e-17,1.6885588130261805e-17,1.688558811449007e-17,1.688558809872141e-17,1.6885588082955863e-17,1.688558806719341e-17,1.6885588051434062e-17,1.6885588035677795e-17,1.6885588019924647e-17,1.6885588004174586e-17,1.6885587988427625e-17,1.688558797268376e-17,1.6885587956942994e-17,1.6885587941205333e-17,1.6885587925470765e-17,1.6885587909739283e-17,1.688558789401091e-17,1.6885587878285623e-17,1.6885587862563425e-17,1.688558784684433e-17,1.688558783112833e-17,1.6885587815415425e-17,1.6885587799705608e-17,1.688558778399888e-17,1.6885587768295247e-17,1.68855877525947e-17,1.6885587736897248e-17,1.6885587721202888e-17,1.68855877055116e-17,1.688558768982342e-17,1.688558767413831e-17,1.688558765845631e-17,1.688558764277737e-17,1.6885587627101538e-17,1.6885587611428777e-17,1.6885587595759102e-17,1.6885587580092513e-17,1.6885587564429005e-17,1.688558754876858e-17,1.6885587533111242e-17,1.688558751745698e-17,1.6885587501805806e-17,1.688558748615771e-17,1.6885587470512692e-17,1.6885587454870754e-17,1.6885587439231892e-17,1.6885587423596117e-17,1.6885587407963402e-17,1.6885587392333784e-17,1.6885587376707236e-17,1.688558736108376e-17,1.6885587345463367e-17,1.6885587329846044e-17,1.6885587314231803e-17,1.6885587298620615e-17,1.6885587283012482e-17,1.6885587267407448e-17,1.68855872518055e-17,1.688558723620661e-17,1.6885587220610792e-17,1.688558720501805e-17,1.6885587189428366e-17,1.688558717384176e-17,1.6885587158258222e-17,1.6885587142677754e-17,1.688558712710035e-17,1.688558711152602e-17,1.6885587095954745e-17,1.6885587080386542e-17,1.68855870648214e-17,1.6885587049259323e-17,1.688558703370032e-17,1.6885587018144365e-17,1.688558700259149e-17,1.6885586987041666e-17,1.6885586971494897e-17,1.6885586955951197e-17,1.688558694041056e-17,1.688558692487298e-17,1.6885586909338457e-17,1.6885586893806994e-17,1.6885586878278587e-17,1.6885586862753238e-17,1.688558684723095e-17,1.6885586831711737e-17,1.6885586816195555e-17,1.6885586800682432e-17,1.6885586785172373e-17,1.6885586769665355e-17,1.68855867541614e-17,1.688558673866048e-17,1.6885586723162624e-17,1.688558670766783e-17,1.6885586692176072e-17,1.6885586676687374e-17,1.6885586661201705e-17,1.688558664571912e-17,1.6885586630239552e-17,1.6885586614763056e-17,1.6885586599289602e-17,1.6885586583819198e-17,1.6885586568351842e-17,1.688558655288752e-17,1.6885586537426255e-17,1.6885586521968038e-17,1.6885586506512857e-17,1.6885586491060724e-17,1.6885586475611644e-17,1.6885586460165603e-17,1.6885586444722603e-17,1.688558642928264e-17,1.6885586413845712e-17,1.6885586398411824e-17,1.6885586382980987e-17,1.6885586367553194e-17,1.6885586352128433e-17,1.688558633670671e-17,1.6885586321288015e-17,1.688558630587238e-17,1.6885586290459756e-17,1.688558627505018e-17,1.688558625964364e-17,1.688558624424014e-17,1.6885586228839658e-17,1.6885586213442233e-17,1.6885586198047816e-17,1.6885586182656444e-17,1.6885586167268103e-17,1.6885586151882792e-17,1.688558613650052e-17,1.6885586121121272e-17,1.6885586105745044e-17,1.688558609037186e-17,1.6885586075001705e-17,1.6885586059634562e-17,1.6885586044270464e-17,1.6885586028909394e-17,1.6885586013551342e-17,1.6885585998196322e-17,1.68855859828443e-17,1.6885585967495427e-17,1.688558595214951e-17,1.6885585936806587e-17,1.688558592146669e-17,1.688558590612981e-17,1.6885585890795957e-17,1.6885585875465126e-17,1.688558586013731e-17,1.688558584481248e-17,1.6885585829490713e-17,1.688558581417197e-17,1.688558579885624e-17,1.688558578354352e-17,1.6885585768233824e-17,1.688558575292714e-17,1.6885585737623473e-17,1.6885585722322825e-17,1.6885585707025188e-17,1.6885585691730565e-17,1.688558567643896e-17,1.6885585661150366e-17,1.688558564586478e-17,1.688558563058222e-17,1.688558561530266e-17,1.6885585600026123e-17,1.6885585584752592e-17,1.688558556948207e-17,1.6885585554214557e-17,1.6885585538950053e-17,1.6885585523688558e-17,1.688558550843007e-17,1.6885585493174587e-17,1.6885585477922112e-17,1.6885585462672648e-17,1.6885585447426185e-17,1.6885585432182724e-17,1.6885585416942277e-17,1.6885585401704827e-17,1.6885585386470382e-17,1.6885585371238945e-17,1.68855853560105e-17,1.6885585340785056e-17,1.6885585325562626e-17,1.6885585310343188e-17,1.6885585295126755e-17,1.6885585279913313e-17,1.6885585264702873e-17,1.688558524949543e-17,1.6885585234290994e-17,1.688558521908956e-17,1.6885585203891124e-17,1.6885585188695675e-17,1.6885585173503225e-17,1.688558515831376e-17,1.6885585143127294e-17,1.6885585127943836e-17,1.688558511276335e-17,1.6885585097585858e-17,1.6885585082411373e-17,1.6885585067239852e-17,1.6885585052071345e-17,1.6885585036905824e-17,1.6885585021743298e-17,1.6885585006583758e-17,1.68855849914272e-17,1.6885584976273636e-17,1.6885584961123134e-17,1.688558494597559e-17,1.6885584930831054e-17,1.688558491568942e-17,1.688558490055079e-17,1.688558488541514e-17,1.68855848702825e-17,1.6885584855152835e-17,1.688558484002614e-17,1.6885584824902438e-17,1.688558480978171e-17,1.688558479466398e-17,1.6885584779549216e-17,1.6885584764437433e-17,1.6885584749328642e-17,1.688558473422282e-17,1.6885584719119975e-17,1.6885584704020136e-17,1.688558468892325e-17,1.688558467382938e-17,1.688558465873845e-17,1.6885584643650493e-17,1.688558462856552e-17,1.688558461348351e-17,1.6885584598404455e-17,1.6885584583328476e-17,1.688558456825539e-17,1.6885584553185287e-17,1.6885584538118145e-17,1.6885584523053977e-17,1.688558450799279e-17,1.6885584492934565e-17,1.688558447787932e-17,1.688558446282707e-17,1.688558444777775e-17,1.6885584432731404e-17,1.6885584417688026e-17,1.6885584402647617e-17,1.6885584387610208e-17,1.688558437257573e-17,1.6885584357544248e-17,1.688558434251575e-17,1.6885584327490176e-17,1.688558431246756e-17,1.6885584297447903e-17,1.688558428243122e-17,1.6885584267417493e-17,1.6885584252406734e-17,1.688558423739893e-17,1.68855842223941e-17,1.6885584207392217e-17,1.6885584192393296e-17,1.688558417739735e-17,1.6885584162404345e-17,1.68855841474143e-17,1.6885584132427196e-17,1.6885584117443073e-17,1.688558410246189e-17,1.688558408748367e-17,1.6885584072508413e-17,1.688558405753609e-17,1.688558404256674e-17,1.688558402760034e-17,1.6885584012636887e-17,1.688558399767639e-17,1.6885583982718847e-17,1.6885583967764254e-17,1.6885583952812612e-17,1.688558393786392e-17,1.6885583922918177e-17,1.688558390797538e-17,1.6885583893035537e-17,1.688558387809863e-17,1.6885583863164687e-17,1.6885583848233683e-17,1.6885583833305624e-17,1.6885583818380508e-17,1.688558380345831e-17,1.6885583788539087e-17,1.6885583773622802e-17,1.688558375870947e-17,1.6885583743799074e-17,1.6885583728891634e-17,1.688558371398712e-17,1.688558369908556e-17,1.6885583684186936e-17,1.688558366929125e-17,1.6885583654398528e-17,1.6885583639508723e-17,1.688558362462186e-17,1.6885583609737944e-17,1.6885583594856962e-17,1.6885583579978928e-17,1.6885583565103828e-17,1.688558355023167e-17,1.6885583535362434e-17,1.688558352049613e-17,1.6885583505632775e-17,1.688558349077232e-17,1.6885583475914816e-17,1.688558346106023e-17,1.688558344620857e-17,1.688558343135986e-17,1.688558341651408e-17,1.6885583401671234e-17,1.6885583386831315e-17,1.6885583371994327e-17,1.6885583357160263e-17,1.6885583342329138e-17,1.6885583327500945e-17,1.688558331267572e-17,1.6885583297853395e-17,1.6885583283033962e-17,1.688558326821746e-17,1.6885583253403887e-17,1.688558323859323e-17,1.6885583223785503e-17,1.6885583208980698e-17,1.6885583194178802e-17,1.6885583179379848e-17,1.6885583164583803e-17,1.6885583149790677e-17,1.688558313500048e-17,1.6885583120213213e-17,1.6885583105428856e-17,1.688558309064748e-17,1.688558307586896e-17,1.6885583061093357e-17,1.6885583046320676e-17,1.688558303155091e-17,1.6885583016784063e-17,1.6885583002020146e-17,1.6885582987259138e-17,1.6885582972501036e-17,1.6885582957745845e-17,1.688558294299357e-17,1.6885582928244213e-17,1.6885582913497768e-17,1.6885582898754223e-17,1.688558288401362e-17,1.6885582869275933e-17,1.6885582854541136e-17,1.6885582839809242e-17,1.6885582825080266e-17,1.6885582810354196e-17,1.688558279563101e-17,1.6885582780910764e-17,1.6885582766193408e-17,1.688558275147896e-17,1.688558273676741e-17,1.6885582722058785e-17,1.6885582707353025e-17,1.6885582692650217e-17,1.6885582677950287e-17,1.688558266325331e-17,1.68855826485592e-17,1.688558263386799e-17,1.688558261917969e-17,1.6885582604494286e-17,1.6885582589811785e-17,1.6885582575132178e-17,1.6885582560455473e-17,1.6885582545781662e-17,1.6885582531110784e-17,1.6885582516442775e-17,1.6885582501777666e-17,1.6885582487115426e-17,1.6885582472456058e-17,1.6885582457799604e-17,1.6885582443146042e-17,1.688558242849541e-17,1.6885582413847664e-17,1.6885582399202822e-17,1.688558238456087e-17,1.6885582369921812e-17,1.688558235528564e-17,1.688558234065236e-17,1.6885582326021977e-17,1.6885582311394484e-17,1.6885582296769878e-17,1.688558228214817e-17,1.6885582267529346e-17,1.6885582252913378e-17,1.6885582238300306e-17,1.6885582223690146e-17,1.688558220908286e-17,1.6885582194478472e-17,1.6885582179876965e-17,1.688558216527834e-17,1.688558215068261e-17,1.6885582136089758e-17,1.688558212149979e-17,1.6885582106912705e-17,1.68855820923285e-17,1.6885582077747193e-17,1.688558206316875e-17,1.6885582048593195e-17,1.6885582034020516e-17,1.6885582019450714e-17,1.6885582004883796e-17,1.688558199031975e-17,1.6885581975758596e-17,1.688558196120031e-17,1.6885581946644898e-17,1.688558193209239e-17,1.6885581917542735e-17,1.6885581902995967e-17,1.6885581888452047e-17,1.688558187391101e-17,1.6885581859372853e-17,1.6885581844837573e-17,1.6885581830305174e-17,1.6885581815775623e-17,1.6885581801248965e-17,1.688558178672519e-17,1.6885581772204265e-17,1.6885581757686207e-17,1.6885581743171025e-17,1.6885581728658696e-17,1.688558171414925e-17,1.6885581699642666e-17,1.6885581685138947e-17,1.6885581670638094e-17,1.6885581656140112e-17,1.6885581641645e-17,1.6885581627152746e-17,1.6885581612663365e-17,1.6885581598176828e-17,1.6885581583693163e-17,1.688558156921237e-17,1.6885581554734437e-17,1.6885581540259366e-17,1.6885581525787152e-17,1.6885581511317813e-17,1.688558149685132e-17,1.6885581482387692e-17,1.6885581467926926e-17,1.6885581453469016e-17,1.6885581439013956e-17,1.6885581424561766e-17,1.6885581410112435e-17,1.6885581395665957e-17,1.6885581381222327e-17,1.6885581366781556e-17,1.6885581352343636e-17,1.688558133790858e-17,1.688558132347637e-17,1.6885581309047024e-17,1.6885581294620524e-17,1.6885581280196867e-17,1.6885581265776074e-17,1.6885581251358128e-17,1.6885581236943035e-17,1.6885581222530793e-17,1.6885581208121395e-17,1.688558119371485e-17,1.6885581179311157e-17,1.6885581164910303e-17,1.688558115051231e-17,1.6885581136117158e-17,1.6885581121724856e-17,1.6885581107335392e-17,1.688558109294878e-17,1.6885581078565012e-17,1.6885581064184084e-17,1.6885581049806003e-17,1.6885581035430764e-17,1.6885581021058362e-17,1.6885581006688805e-17,1.6885580992322094e-17,1.6885580977958225e-17,1.6885580963597188e-17,1.6885580949238998e-17,1.6885580934883653e-17,1.6885580920531136e-17,1.688558090618146e-17,1.6885580891834635e-17,1.688558087749063e-17,1.6885580863149468e-17,1.688558084881115e-17,1.6885580834475656e-17,1.6885580820143002e-17,1.6885580805813184e-17,1.68855807914862e-17,1.688558077716205e-17,1.688558076284074e-17,1.6885580748522256e-17,1.68855807342066e-17,1.688558071989378e-17,1.68855807055838e-17,1.6885580691276638e-17,1.6885580676972307e-17,1.6885580662670813e-17,1.6885580648372145e-17,1.6885580634076303e-17,1.6885580619783293e-17,1.6885580605493102e-17,1.688558059120575e-17,1.6885580576921217e-17,1.6885580562639513e-17,1.6885580548360628e-17,1.6885580534084575e-17,1.6885580519811336e-17,1.6885580505540934e-17,1.6885580491273353e-17,1.6885580477008593e-17,1.6885580462746654e-17,1.6885580448487528e-17,1.6885580434231237e-17,1.6885580419977762e-17,1.688558040572711e-17,1.6885580391479268e-17,1.6885580377234258e-17,1.6885580362992055e-17,1.688558034875268e-17,1.6885580334516115e-17,1.688558032028236e-17,1.688558030605143e-17,1.6885580291823317e-17,1.6885580277598017e-17,1.6885580263375532e-17,1.6885580249155865e-17,1.6885580234939007e-17,1.6885580220724963e-17,1.688558020651373e-17,1.688558019230531e-17,1.6885580178099705e-17,1.6885580163896915e-17,1.6885580149696923e-17,1.6885580135499753e-17,1.688558012130539e-17,1.6885580107113835e-17,1.688558009292508e-17,1.6885580078739143e-17,1.688558006455601e-17,1.6885580050375674e-17,1.6885580036198158e-17,1.6885580022023446e-17,1.6885580007851535e-17,1.688557999368244e-17,1.688557997951614e-17,1.6885579965352652e-17,1.6885579951191964e-17,1.6885579937034074e-17,1.6885579922878988e-17,1.6885579908726707e-17,1.688557989457722e-17,1.688557988043054e-17,1.6885579866286652e-17,1.6885579852145566e-17,1.688557983800728e-17,1.6885579823871805e-17,1.6885579809739112e-17,1.6885579795609224e-17,1.6885579781482127e-17,1.688557976735783e-17,1.6885579753236337e-17,1.6885579739117637e-17,1.688557972500172e-17,1.6885579710888604e-17,1.6885579696778283e-17,1.6885579682670753e-17,1.6885579668566034e-17,1.6885579654464073e-17,1.6885579640364913e-17,1.6885579626268545e-17,1.6885579612174975e-17,1.6885579598084194e-17,1.6885579583996195e-17,1.6885579569910957e-17,1.6885579555828582e-17,1.688557954174896e-17,1.6885579527672096e-17,1.688557951359805e-17,1.6885579499526787e-17,1.688557948545831e-17,1.688557947139262e-17,1.6885579457329718e-17,1.68855794432696e-17,1.6885579429212262e-17,1.6885579415157707e-17,1.6885579401105937e-17,1.6885579387056947e-17,1.6885579373010736e-17,1.688557935896732e-17,1.6885579344926677e-17,1.6885579330888814e-17,1.6885579316853712e-17,1.6885579302821418e-17,1.6885579288791884e-17,1.6885579274765145e-17,1.6885579260741167e-17,1.6885579246719984e-17,1.6885579232701562e-17,1.6885579218685932e-17,1.6885579204673073e-17,1.688557919066298e-17,1.6885579176655664e-17,1.6885579162651112e-17,1.6885579148649345e-17,1.6885579134650355e-17,1.6885579120654138e-17,1.6885579106660655e-17,1.6885579092669985e-17,1.6885579078682076e-17,1.6885579064696943e-17,1.6885579050714572e-17,1.6885579036734964e-17,1.688557902275814e-17,1.6885579008784066e-17,1.6885578994812773e-17,1.6885578980844246e-17,1.6885578966878487e-17,1.68855789529155e-17,1.6885578938955273e-17,1.6885578924997812e-17,1.688557891104313e-17,1.6885578897091198e-17,1.6885578883142024e-17,1.6885578869195622e-17,1.688557885525198e-17,1.6885578841311102e-17,1.6885578827372984e-17,1.6885578813437624e-17,1.688557879950503e-17,1.6885578785575198e-17,1.6885578771648112e-17,1.6885578757723792e-17,1.6885578743802234e-17,1.6885578729883424e-17,1.688557871596738e-17,1.6885578702054094e-17,1.6885578688143567e-17,1.6885578674235792e-17,1.6885578660330732e-17,1.688557864642845e-17,1.688557863252894e-17,1.6885578618632186e-17,1.6885578604738188e-17,1.688557859084693e-17,1.6885578576958445e-17,1.6885578563072768e-17,1.688557854918979e-17,1.6885578535309557e-17,1.6885578521432048e-17,1.68855785075573e-17,1.6885578493685317e-17,1.6885578479816083e-17,1.688557846594957e-17,1.6885578452085825e-17,1.6885578438224824e-17,1.688557842436657e-17,1.6885578410511062e-17,1.6885578396658295e-17,1.6885578382808276e-17,1.688557836896101e-17,1.6885578355116482e-17,1.6885578341274694e-17,1.6885578327435655e-17,1.6885578313599352e-17,1.6885578299765792e-17,1.688557828593498e-17,1.6885578272106905e-17,1.6885578258281578e-17,1.6885578244458954e-17,1.68855782306391e-17,1.6885578216821995e-17,1.68855782030076e-17,1.6885578189195972e-17,1.6885578175387073e-17,1.6885578161580907e-17,1.688557814777747e-17,1.688557813397678e-17,1.6885578120178827e-17,1.6885578106383604e-17,1.6885578092591085e-17,1.6885578078801332e-17,1.6885578065014308e-17,1.688557805123002e-17,1.6885578037448463e-17,1.688557802366965e-17,1.688557800989356e-17,1.6885577996120195e-17,1.688557798234957e-17,1.6885577968581674e-17,1.68855779548165e-17,1.688557794105407e-17,1.6885577927294345e-17,1.6885577913537326e-17,1.6885577899783068e-17,1.6885577886031543e-17,1.6885577872282736e-17,1.6885577858536653e-17,1.6885577844793324e-17,1.6885577831052702e-17,1.6885577817314797e-17,1.6885577803579613e-17,1.6885577789847163e-17,1.6885577776117424e-17,1.6885577762390415e-17,1.6885577748666124e-17,1.6885577734944554e-17,1.6885577721225712e-17,1.6885577707509587e-17,1.688557769379617e-17,1.6885577680085478e-17,1.6885577666377504e-17,1.6885577652672254e-17,1.688557763896972e-17,1.688557762526989e-17,1.6885577611572795e-17,1.6885577597878404e-17,1.6885577584186733e-17,1.688557757049778e-17,1.6885577556811544e-17,1.6885577543128018e-17,1.6885577529447204e-17,1.6885577515769098e-17,1.6885577502093714e-17,1.6885577488421038e-17,1.6885577474751074e-17,1.6885577461083815e-17,1.688557744741928e-17,1.6885577433757445e-17,1.6885577420098322e-17,1.6885577406441898e-17,1.688557739278819e-17,1.6885577379137197e-17,1.6885577365488988e-17,1.688557735184346e-17,1.6885577338200644e-17,1.6885577324560472e-17,1.6885577310923005e-17,1.6885577297288247e-17,1.6885577283656188e-17,1.6885577270026838e-17,1.688557725640019e-17,1.6885577242776232e-17,1.6885577229154987e-17,1.6885577215536486e-17,1.6885577201920695e-17,1.68855771883076e-17,1.6885577174697216e-17,1.6885577161089513e-17,1.6885577147484534e-17,1.6885577133882194e-17,1.688557712028254e-17,1.6885577106685656e-17,1.6885577093091503e-17,1.6885577079500018e-17,1.6885577065911143e-17,1.6885577052324943e-17,1.688557703874145e-17,1.6885577025160663e-17,1.688557701158256e-17,1.6885576998007167e-17,1.688557698443448e-17,1.6885576970864485e-17,1.6885576957297187e-17,1.6885576943732563e-17,1.6885576930170642e-17,1.6885576916611458e-17,1.688557690305496e-17,1.6885576889501115e-17,1.688557687594996e-17,1.6885576862401488e-17,1.6885576848855704e-17,1.6885576835312617e-17,1.688557682177221e-17,1.688557680823449e-17,1.688557679469946e-17,1.688557678116711e-17,1.6885576767637445e-17,1.6885576754110487e-17,1.6885576740586225e-17,1.688557672706462e-17,1.68855767135457e-17,1.6885576700029446e-17,1.6885576686515892e-17,1.6885576673005013e-17,1.688557665949683e-17,1.6885576645991307e-17,1.688557663248847e-17,1.6885576618988314e-17,1.6885576605490864e-17,1.6885576591996073e-17,1.6885576578503948e-17,1.6885576565014503e-17,1.6885576551527728e-17,1.6885576538043642e-17,1.6885576524562252e-17,1.6885576511083516e-17,1.6885576497607427e-17,1.688557648413405e-17,1.688557647066333e-17,1.6885576457195303e-17,1.6885576443729956e-17,1.6885576430267262e-17,1.6885576416807246e-17,1.6885576403349895e-17,1.6885576389895213e-17,1.68855763764432e-17,1.688557636299386e-17,1.6885576349547193e-17,1.6885576336103197e-17,1.6885576322661864e-17,1.6885576309223193e-17,1.6885576295787182e-17,1.688557628235382e-17,1.6885576268923112e-17,1.688557625549511e-17,1.688557624206979e-17,1.688557622864713e-17,1.6885576215227132e-17,1.68855762018098e-17,1.6885576188395156e-17,1.688557617498313e-17,1.6885576161573796e-17,1.688557614816711e-17,1.6885576134763094e-17,1.6885576121361734e-17,1.6885576107963027e-17,1.6885576094566998e-17,1.6885576081173616e-17,1.6885576067782896e-17,1.6885576054394876e-17,1.688557604100948e-17,1.688557602762681e-17,1.6885576014246718e-17,1.688557600086929e-17,1.688557598749452e-17,1.6885575974122402e-17,1.688557596075303e-17,1.6885575947386224e-17,1.6885575934022097e-17,1.6885575920660587e-17,1.6885575907301736e-17,1.6885575893945594e-17,1.6885575880592055e-17,1.688557586724117e-17,1.6885575853892913e-17,1.6885575840547285e-17,1.6885575827204337e-17,1.6885575813864037e-17,1.68855758005264e-17,1.688557578719141e-17,1.688557577385906e-17,1.6885575760529348e-17,1.6885575747202295e-17,1.6885575733877895e-17,1.6885575720556148e-17,1.6885575707237042e-17,1.6885575693920584e-17,1.6885575680606765e-17,1.688557566729556e-17,1.6885575653987027e-17,1.688557564068113e-17,1.6885575627377892e-17,1.6885575614077284e-17,1.688557560077934e-17,1.6885575587484022e-17,1.6885575574191352e-17,1.6885575560901317e-17,1.688557554761394e-17,1.6885575534329166e-17,1.6885575521047047e-17,1.6885575507767566e-17,1.6885575494490726e-17,1.6885575481216517e-17,1.688557546794496e-17,1.688557545467602e-17,1.688557544140973e-17,1.688557542814607e-17,1.688557541488504e-17,1.6885575401626652e-17,1.6885575388370895e-17,1.6885575375117773e-17,1.688557536186729e-17,1.688557534861943e-17,1.68855753353742e-17,1.6885575322131622e-17,1.688557530889166e-17,1.6885575295654323e-17,1.688557528241964e-17,1.6885575269187568e-17,1.6885575255958127e-17,1.6885575242731305e-17,1.6885575229507125e-17,1.6885575216285572e-17,1.688557520306664e-17,1.6885575189850344e-17,1.6885575176636665e-17,1.688557516342561e-17,1.6885575150217174e-17,1.688557513701134e-17,1.688557512380817e-17,1.688557511060762e-17,1.6885575097409685e-17,1.6885575084214372e-17,1.6885575071021687e-17,1.688557505783161e-17,1.6885575044644172e-17,1.6885575031459348e-17,1.6885575018277143e-17,1.6885575005097558e-17,1.6885574991920592e-17,1.6885574978746242e-17,1.6885574965574493e-17,1.6885574952405378e-17,1.6885574939238886e-17,1.6885574926075004e-17,1.6885574912913738e-17,1.688557489975509e-17,1.6885574886599064e-17,1.6885574873445646e-17,1.6885574860294848e-17,1.688557484714667e-17,1.6885574834001088e-17,1.6885574820858132e-17,1.6885574807717777e-17,1.6885574794580044e-17,1.6885574781444922e-17,1.6885574768312406e-17,1.68855747551825e-17,1.6885574742055205e-17,1.6885574728930522e-17,1.6885574715808447e-17,1.688557470268898e-17,1.688557468957212e-17,1.6885574676457864e-17,1.688557466334622e-17,1.688557465023718e-17,1.6885574637130757e-17,1.6885574624026967e-17,1.6885574610925747e-17,1.6885574597827128e-17,1.6885574584731115e-17,1.6885574571637704e-17,1.6885574558546896e-17,1.688557454545869e-17,1.688557453237309e-17,1.6885574519290093e-17,1.6885574506209694e-17,1.6885574493131893e-17,1.688557448005669e-17,1.688557446698409e-17,1.688557445391409e-17,1.688557444084668e-17,1.6885574427781876e-17,1.6885574414719668e-17,1.688557440166006e-17,1.6885574388603053e-17,1.6885574375548632e-17,1.6885574362496814e-17,1.688557434944759e-17,1.6885574336400956e-17,1.688557432335693e-17,1.6885574310315486e-17,1.688557429727662e-17,1.6885574284240392e-17,1.688557427120673e-17,1.6885574258175654e-17,1.6885574245147185e-17,1.688557423212131e-17,1.6885574219098008e-17,1.6885574206077314e-17,1.6885574193059192e-17,1.6885574180043736e-17,1.688557416703078e-17,1.688557415402043e-17,1.6885574141012664e-17,1.6885574128007475e-17,1.6885574115004875e-17,1.6885574102004873e-17,1.6885574089007465e-17,1.6885574076012627e-17,1.6885574063020384e-17,1.6885574050030717e-17,1.688557403704363e-17,1.6885574024059126e-17,1.6885574011077206e-17,1.6885573998097877e-17,1.6885573985121124e-17,1.6885573972146935e-17,1.688557395917534e-17,1.6885573946206332e-17,1.688557393323991e-17,1.6885573920276058e-17,1.6885573907314793e-17,1.6885573894356086e-17,1.6885573881399976e-17,1.6885573868446424e-17,1.688557385549547e-17,1.6885573842547073e-17,1.6885573829601264e-17,1.688557381665803e-17,1.6885573803717395e-17,1.6885573790779315e-17,1.6885573777843792e-17,1.6885573764910843e-17,1.688557375198047e-17,1.688557373905268e-17,1.688557372612744e-17,1.688557371320479e-17,1.688557370028471e-17,1.6885573687367203e-17,1.6885573674452255e-17,1.6885573661539894e-17,1.6885573648630095e-17,1.6885573635722867e-17,1.6885573622818197e-17,1.6885573609916096e-17,1.6885573597016566e-17,1.688557358411962e-17,1.6885573571225224e-17,1.6885573558333394e-17,1.6885573545444125e-17,1.6885573532557422e-17,1.688557351967327e-17,1.6885573506791703e-17,1.6885573493912692e-17,1.688557348103625e-17,1.6885573468162368e-17,1.6885573455291045e-17,1.6885573442422283e-17,1.6885573429556088e-17,1.688557341669245e-17,1.6885573403831383e-17,1.6885573390972833e-17,1.6885573378116866e-17,1.6885573365263453e-17,1.6885573352412607e-17,1.6885573339564318e-17,1.6885573326718603e-17,1.6885573313875457e-17,1.6885573301034814e-17,1.6885573288196747e-17,1.6885573275361265e-17,1.6885573262528322e-17,1.6885573249697925e-17,1.6885573236870085e-17,1.688557322404479e-17,1.6885573211222057e-17,1.6885573198401872e-17,1.6885573185584235e-17,1.6885573172769155e-17,1.6885573159956625e-17,1.6885573147146654e-17,1.6885573134339208e-17,1.6885573121534328e-17,1.688557310873198e-17,1.688557309593223e-17,1.6885573083134968e-17,1.6885573070340238e-17,1.68855730575481e-17,1.68855730447585e-17,1.688557303197146e-17,1.6885573019186947e-17,1.6885573006404997e-17,1.6885572993625583e-17,1.688557298084871e-17,1.688557296807439e-17,1.6885572955302616e-17,1.688557294253338e-17,1.6885572929766686e-17,1.6885572917002537e-17,1.6885572904240928e-17,1.6885572891481864e-17,1.6885572878725327e-17,1.688557286597132e-17,1.6885572853219833e-17,1.688557284047088e-17,1.6885572827724532e-17,1.688557281498068e-17,1.6885572802239364e-17,1.688557278950058e-17,1.6885572776764358e-17,1.6885572764030677e-17,1.6885572751299525e-17,1.6885572738570912e-17,1.6885572725844826e-17,1.6885572713121264e-17,1.6885572700400247e-17,1.688557268768176e-17,1.6885572674965818e-17,1.6885572662252443e-17,1.6885572649541552e-17,1.6885572636833197e-17,1.688557262412737e-17,1.6885572611424083e-17,1.6885572598723327e-17,1.68855725860251e-17,1.6885572573329398e-17,1.6885572560636223e-17,1.6885572547945586e-17,1.6885572535257473e-17,1.688557252257185e-17,1.6885572509888776e-17,1.688557249720823e-17,1.6885572484530232e-17,1.6885572471854732e-17,1.6885572459181758e-17,1.6885572446511312e-17,1.6885572433843386e-17,1.6885572421178018e-17,1.6885572408515145e-17,1.688557239585475e-17,1.688557238319693e-17,1.6885572370541646e-17,1.688557235788885e-17,1.688557234523859e-17,1.6885572332590845e-17,1.688557231994563e-17,1.6885572307302923e-17,1.6885572294662727e-17,1.6885572282025055e-17,1.68855722693899e-17,1.688557225675725e-17,1.6885572244127127e-17,1.688557223149953e-17,1.6885572218874432e-17,1.6885572206251862e-17,1.6885572193631795e-17,1.688557218101426e-17,1.6885572168399226e-17,1.6885572155786708e-17,1.6885572143176705e-17,1.688557213056922e-17,1.6885572117964232e-17,1.6885572105361767e-17,1.688557209276181e-17,1.6885572080164357e-17,1.6885572067569422e-17,1.688557205497699e-17,1.6885572042387074e-17,1.6885572029799646e-17,1.688557201721475e-17,1.6885572004632327e-17,1.6885571992052412e-17,1.6885571979475047e-17,1.6885571966900173e-17,1.6885571954327807e-17,1.6885571941757947e-17,1.6885571929190582e-17,1.6885571916625732e-17,1.688557190406338e-17,1.6885571891503535e-17,1.6885571878946185e-17,1.6885571866391353e-17,1.688557185383901e-17,1.688557184128917e-17,1.6885571828741835e-17,1.6885571816197e-17,1.6885571803654663e-17,1.6885571791114825e-17,1.6885571778577486e-17,1.688557176604265e-17,1.6885571753510306e-17,1.688557174098047e-17,1.6885571728453144e-17,1.688557171592829e-17,1.6885571703405938e-17,1.6885571690886084e-17,1.6885571678368714e-17,1.688557166585385e-17,1.688557165334148e-17,1.6885571640831606e-17,1.6885571628324225e-17,1.6885571615819328e-17,1.6885571603316925e-17,1.6885571590817023e-17,1.6885571578319614e-17,1.6885571565824698e-17,1.6885571553332285e-17,1.688557154084235e-17,1.6885571528354887e-17,1.6885571515869986e-17,1.6885571503387516e-17,1.6885571490907534e-17,1.688557147843003e-17,1.688557146595502e-17,1.688557145348244e-17,1.6885571441012405e-17,1.688557142854486e-17,1.688557141607976e-17,1.6885571403617178e-17,1.6885571391157083e-17,1.688557137869947e-17,1.6885571366244344e-17,1.68855713537917e-17,1.6885571341341558e-17,1.6885571328893906e-17,1.688557131644872e-17,1.688557130400601e-17,1.6885571291565772e-17,1.6885571279128012e-17,1.6885571266692782e-17,1.6885571254259992e-17,1.6885571241829685e-17,1.688557122940186e-17,1.6885571216976496e-17,1.6885571204553616e-17,1.6885571192133202e-17,1.688557117971527e-17,1.6885571167299833e-17,1.688557115488686e-17,1.6885571142476352e-17,1.6885571130068325e-17,1.6885571117662776e-17,1.6885571105259713e-17,1.6885571092859124e-17,1.6885571080460995e-17,1.6885571068065353e-17,1.6885571055672166e-17,1.6885571043281444e-17,1.6885571030893207e-17,1.6885571018507428e-17,1.6885571006124118e-17,1.688557099374329e-17,1.688557098136493e-17,1.6885570968989045e-17,1.6885570956615623e-17,1.6885570944244663e-17,1.688557093187619e-17,1.6885570919510216e-17,1.6885570907146658e-17,1.6885570894785565e-17,1.6885570882426956e-17,1.6885570870070793e-17,1.6885570857717105e-17,1.6885570845365787e-17,1.6885570833017004e-17,1.688557082067072e-17,1.6885570808326888e-17,1.688557079598551e-17,1.6885570783646598e-17,1.688557077131015e-17,1.6885570758976147e-17,1.688557074664461e-17,1.6885570734315544e-17,1.6885570721988995e-17,1.688557070966483e-17,1.6885570697343168e-17,1.688557068502393e-17,1.6885570672707147e-17,1.6885570660392813e-17,1.688557064808095e-17,1.688557063577152e-17,1.6885570623464573e-17,1.688557061116008e-17,1.6885570598858044e-17,1.688557058655845e-17,1.688557057426138e-17,1.6885570561966696e-17,1.68855705496745e-17,1.6885570537384724e-17,1.6885570525097402e-17,1.6885570512812557e-17,1.6885570500530163e-17,1.6885570488250196e-17,1.6885570475972658e-17,1.6885570463697618e-17,1.6885570451424992e-17,1.68855704391548e-17,1.688557042688708e-17,1.688557041462181e-17,1.6885570402358993e-17,1.6885570390098615e-17,1.6885570377840663e-17,1.6885570365585172e-17,1.6885570353332138e-17,1.6885570341081557e-17,1.6885570328833403e-17,1.68855703165877e-17,1.6885570304344455e-17,1.6885570292103657e-17,1.6885570279865294e-17,1.6885570267629383e-17,1.6885570255395898e-17,1.688557024316486e-17,1.688557023093625e-17,1.688557021871009e-17,1.6885570206486368e-17,1.6885570194265085e-17,1.6885570182046243e-17,1.6885570169829835e-17,1.688557015761585e-17,1.6885570145404316e-17,1.6885570133195233e-17,1.688557012098858e-17,1.688557010878438e-17,1.688557009658258e-17,1.688557008438324e-17,1.688557007218633e-17,1.688557005999186e-17,1.6885570047799792e-17,1.6885570035610196e-17,1.688557002342303e-17,1.68855700112383e-17,1.6885569999055972e-17,1.6885569986876098e-17,1.6885569974698653e-17,1.6885569962523626e-17,1.6885569950351037e-17,1.688556993818088e-17,1.688556992601316e-17,1.6885569913847858e-17,1.688556990168499e-17,1.688556988952456e-17,1.6885569877366545e-17,1.6885569865210968e-17,1.6885569853057824e-17,1.688556984090709e-17,1.6885569828758794e-17,1.6885569816612918e-17,1.688556980446947e-17,1.688556979232844e-17,1.6885569780189833e-17,1.688556976805365e-17,1.6885569755919945e-17,1.6885569743788613e-17,1.688556973165971e-17,1.688556971953323e-17,1.688556970740916e-17,1.688556969528751e-17,1.688556968316829e-17,1.688556967105148e-17,1.6885569658937024e-17,1.688556964682506e-17,1.6885569634715497e-17,1.6885569622608368e-17,1.688556961050366e-17,1.6885569598401373e-17,1.6885569586301498e-17,1.6885569574204035e-17,1.6885569562108998e-17,1.6885569550016374e-17,1.6885569537926107e-17,1.6885569525838314e-17,1.6885569513752915e-17,1.6885569501669942e-17,1.688556948958938e-17,1.6885569477511237e-17,1.6885569465435518e-17,1.68855694533622e-17,1.68855694412913e-17,1.6885569429222796e-17,1.6885569417156704e-17,1.688556940509302e-17,1.6885569393031732e-17,1.6885569380972865e-17,1.6885569368916426e-17,1.6885569356862385e-17,1.6885569344810754e-17,1.6885569332761532e-17,1.6885569320714714e-17,1.6885569308670302e-17,1.6885569296628297e-17,1.6885569284588668e-17,1.688556927255145e-17,1.6885569260516633e-17,1.6885569248484224e-17,1.6885569236454216e-17,1.688556922442662e-17,1.6885569212401415e-17,1.6885569200378608e-17,1.688556918835824e-17,1.6885569176340278e-17,1.6885569164324703e-17,1.6885569152311532e-17,1.6885569140300773e-17,1.68855691282924e-17,1.6885569116286436e-17,1.6885569104282867e-17,1.68855690922817e-17,1.6885569080282926e-17,1.6885569068286552e-17,1.688556905629256e-17,1.688556904430098e-17,1.6885569032311805e-17,1.6885569020325014e-17,1.6885569008340605e-17,1.68855689963586e-17,1.6885568984378995e-17,1.6885568972401785e-17,1.6885568960426978e-17,1.688556894845455e-17,1.6885568936484525e-17,1.6885568924516883e-17,1.6885568912551638e-17,1.6885568900588784e-17,1.6885568888628328e-17,1.688556887667023e-17,1.6885568864714552e-17,1.688556885276125e-17,1.6885568840810335e-17,1.68855688288618e-17,1.688556881691565e-17,1.6885568804971903e-17,1.6885568793030552e-17,1.6885568781091583e-17,1.6885568769155002e-17,1.68855687572208e-17,1.6885568745288995e-17,1.6885568733359566e-17,1.688556872143253e-17,1.6885568709507873e-17,1.6885568697585602e-17,1.6885568685665714e-17,1.688556867374821e-17,1.6885568661833086e-17,1.688556864992034e-17,1.688556863800998e-17,1.6885568626102004e-17,1.6885568614196407e-17,1.6885568602293183e-17,1.6885568590392323e-17,1.688556857849386e-17,1.688556856659777e-17,1.688556855470407e-17,1.6885568542812744e-17,1.688556853092382e-17,1.6885568519037244e-17,1.6885568507153045e-17,1.6885568495271225e-17,1.6885568483391772e-17,1.6885568471514704e-17,1.6885568459640045e-17,1.6885568447767753e-17,1.6885568435897856e-17,1.688556842403036e-17,1.6885568412165164e-17,1.688556840030234e-17,1.6885568388441885e-17,1.6885568376583793e-17,1.688556836472807e-17,1.6885568352874726e-17,1.6885568341023752e-17,1.6885568329175104e-17,1.688556831732892e-17,1.6885568305485026e-17,1.6885568293643573e-17,1.6885568281804454e-17,1.68855682699677e-17,1.6885568258133268e-17,1.688556824630126e-17,1.688556823447162e-17,1.6885568222644314e-17,1.688556821081939e-17,1.688556819899683e-17,1.6885568187176514e-17,1.6885568175358685e-17,1.6885568163543092e-17,1.688556815172992e-17,1.6885568139919158e-17,1.688556812811078e-17,1.6885568116304758e-17,1.6885568104501097e-17,1.6885568092699793e-17,1.688556808090085e-17,1.6885568069104276e-17,1.6885568057310054e-17,1.6885568045518182e-17,1.6885568033728632e-17,1.6885568021941503e-17,1.6885568010156725e-17,1.6885567998374268e-17,1.6885567986594186e-17,1.688556797481646e-17,1.6885567963041095e-17,1.6885567951268086e-17,1.6885567939497446e-17,1.6885567927729148e-17,1.6885567915963288e-17,1.688556790419969e-17,1.6885567892438457e-17,1.6885567880679632e-17,1.6885567868923115e-17,1.6885567857168936e-17,1.6885567845417115e-17,1.6885567833667633e-17,1.688556782192052e-17,1.6885567810175746e-17,1.688556779843332e-17,1.6885567786693255e-17,1.6885567774955563e-17,1.6885567763220218e-17,1.688556775148722e-17,1.6885567739756568e-17,1.6885567728028258e-17,1.6885567716302315e-17,1.6885567704578708e-17,1.688556769285744e-17,1.688556768113853e-17,1.6885567669421948e-17,1.688556765770772e-17,1.688556764599583e-17,1.6885567634286284e-17,1.6885567622579086e-17,1.688556761087423e-17,1.688556759917171e-17,1.6885567587471527e-17,1.6885567575773697e-17,1.6885567564078202e-17,1.6885567552385047e-17,1.688556754069424e-17,1.688556752900577e-17,1.6885567517319637e-17,1.6885567505635843e-17,1.6885567493954387e-17,1.6885567482275268e-17,1.6885567470598484e-17,1.6885567458924036e-17,1.688556744725191e-17,1.6885567435582113e-17,1.6885567423914654e-17,1.6885567412249537e-17,1.6885567400586746e-17,1.688556738892629e-17,1.6885567377268175e-17,1.6885567365612388e-17,1.6885567353958934e-17,1.6885567342307816e-17,1.6885567330659034e-17,1.6885567319012566e-17,1.6885567307368452e-17,1.6885567295726655e-17,1.6885567284087194e-17,1.688556727245005e-17,1.688556726081525e-17,1.6885567249182777e-17,1.688556723755262e-17,1.6885567225924813e-17,1.688556721429932e-17,1.6885567202676163e-17,1.6885567191055312e-17,1.68855671794368e-17,1.688556716782061e-17,1.688556715620673e-17,1.6885567144595182e-17,1.6885567132985972e-17,1.6885567121379086e-17,1.6885567109774526e-17,1.6885567098172283e-17,1.6885567086572367e-17,1.6885567074974768e-17,1.6885567063379502e-17,1.6885567051786547e-17,1.6885567040195922e-17,1.6885567028607614e-17,1.6885567017021626e-17,1.6885567005437974e-17,1.6885566993856642e-17,1.6885566982277643e-17,1.6885566970700968e-17,1.6885566959126616e-17,1.6885566947554627e-17,1.6885566935984912e-17,1.6885566924417528e-17,1.6885566912852445e-17,1.6885566901289654e-17,1.6885566889729157e-17,1.6885566878170982e-17,1.6885566866615113e-17,1.688556685506157e-17,1.6885566843510342e-17,1.6885566831961424e-17,1.688556682041483e-17,1.6885566808870553e-17,1.688556679732857e-17,1.688556678578894e-17,1.6885566774251568e-17,1.688556676271654e-17,1.6885566751183815e-17,1.6885566739653405e-17,1.6885566728125284e-17,1.6885566716599484e-17,1.6885566705075982e-17,1.6885566693554783e-17,1.688556668203594e-17,1.6885566670519434e-17,1.6885566659005236e-17,1.6885566647493296e-17,1.688556663598366e-17,1.6885566624476304e-17,1.6885566612971246e-17,1.6885566601468504e-17,1.6885566589968055e-17,1.6885566578469915e-17,1.6885566566974082e-17,1.6885566555480536e-17,1.6885566543989298e-17,1.6885566532500364e-17,1.6885566521013736e-17,1.6885566509529453e-17,1.6885566498047422e-17,1.6885566486567693e-17,1.6885566475090254e-17,1.6885566463615132e-17,1.6885566452142302e-17,1.6885566440671775e-17,1.688556642920355e-17,1.6885566417737616e-17,1.6885566406273976e-17,1.6885566394812634e-17,1.688556638335359e-17,1.688556637189685e-17,1.68855663604424e-17,1.6885566348990237e-17,1.6885566337540377e-17,1.6885566326092807e-17,1.688556631464753e-17,1.6885566303204556e-17,1.6885566291763864e-17,1.6885566280325458e-17,1.688556626888939e-17,1.6885566257455582e-17,1.688556624602408e-17,1.6885566234594867e-17,1.6885566223167937e-17,1.6885566211743283e-17,1.6885566200320916e-17,1.6885566188900833e-17,1.6885566177483042e-17,1.6885566166067534e-17,1.6885566154654326e-17,1.6885566143243397e-17,1.6885566131834755e-17,1.68855661204284e-17,1.6885566109024324e-17,1.688556609762254e-17,1.6885566086223046e-17,1.6885566074825824e-17,1.6885566063430903e-17,1.6885566052038254e-17,1.6885566040647898e-17,1.6885566029259813e-17,1.688556601787402e-17,1.6885566006490504e-17,1.688556599510927e-17,1.688556598373032e-17,1.688556597235365e-17,1.6885565960979267e-17,1.688556594960714e-17,1.6885565938237347e-17,1.6885565926869824e-17,1.6885565915504594e-17,1.6885565904141675e-17,1.6885565892781003e-17,1.6885565881422607e-17,1.6885565870066492e-17,1.6885565858712642e-17,1.688556584736106e-17,1.6885565836011752e-17,1.6885565824664688e-17,1.6885565813319894e-17,1.6885565801977353e-17,1.6885565790637092e-17,1.6885565779299174e-17,1.688556576796353e-17,1.6885565756630152e-17,1.688556574529905e-17,1.6885565733970228e-17,1.6885565722643646e-17,1.688556571131934e-17,1.6885565699997347e-17,1.688556568867766e-17,1.6885565677360145e-17,1.688556566604489e-17,1.6885565654731908e-17,1.6885565643421214e-17,1.6885565632112776e-17,1.6885565620806553e-17,1.6885565609502608e-17,1.6885565598201026e-17,1.6885565586901647e-17,1.6885565575604534e-17,1.6885565564309703e-17,1.6885565553017147e-17,1.6885565541726834e-17,1.688556553043878e-17,1.688556551915299e-17,1.688556550786947e-17,1.6885565496588207e-17,1.6885565485309203e-17,1.6885565474032464e-17,1.6885565462757978e-17,1.6885565451485732e-17,1.688556544021575e-17,1.6885565428948053e-17,1.688556541768262e-17,1.688556540641944e-17,1.6885565395158506e-17,1.6885565383899852e-17,1.688556537264346e-17,1.6885565361389324e-17,1.6885565350137443e-17,1.6885565338887822e-17,1.6885565327640455e-17,1.6885565316395345e-17,1.6885565305152502e-17,1.6885565293911897e-17,1.688556528267355e-17,1.688556527143747e-17,1.6885565260203624e-17,1.6885565248972063e-17,1.688556523774273e-17,1.6885565226515652e-17,1.6885565215290824e-17,1.6885565204068245e-17,1.6885565192847903e-17,1.6885565181629833e-17,1.6885565170414018e-17,1.6885565159200437e-17,1.6885565147989103e-17,1.688556513678003e-17,1.68855651255732e-17,1.6885565114368625e-17,1.6885565103166295e-17,1.6885565091966205e-17,1.688556508076837e-17,1.688556506957278e-17,1.6885565058379425e-17,1.688556504718833e-17,1.6885565035999475e-17,1.688556502481285e-17,1.6885565013628493e-17,1.6885565002446374e-17,1.68855649912665e-17,1.688556498008887e-17,1.6885564968913487e-17,1.6885564957740344e-17,1.6885564946569418e-17,1.6885564935400753e-17,1.6885564924234294e-17,1.6885564913070107e-17,1.6885564901908138e-17,1.6885564890748437e-17,1.6885564879590976e-17,1.6885564868435746e-17,1.6885564857282766e-17,1.6885564846132017e-17,1.6885564834983517e-17,1.688556482383725e-17,1.688556481269322e-17,1.688556480155142e-17,1.688556479041185e-17,1.688556477927451e-17,1.688556476813942e-17,1.6885564757006577e-17,1.688556474587595e-17,1.6885564734747563e-17,1.6885564723621407e-17,1.6885564712497485e-17,1.6885564701375797e-17,1.688556469025634e-17,1.6885564679139118e-17,1.688556466802413e-17,1.6885564656911378e-17,1.6885564645800858e-17,1.6885564634692572e-17,1.6885564623586516e-17,1.6885564612482723e-17,1.6885564601381086e-17,1.6885564590281703e-17,1.688556457918456e-17,1.688556456808963e-17,1.688556455699694e-17,1.6885564545906465e-17,1.6885564534818233e-17,1.688556452373222e-17,1.688556451264843e-17,1.688556450156687e-17,1.6885564490487516e-17,1.68855644794104e-17,1.6885564468335504e-17,1.688556445726284e-17,1.688556444619239e-17,1.6885564435124164e-17,1.6885564424058168e-17,1.688556441299437e-17,1.6885564401932808e-17,1.6885564390873483e-17,1.6885564379816362e-17,1.6885564368761496e-17,1.6885564357708818e-17,1.688556434665834e-17,1.68855643356101e-17,1.6885564324564072e-17,1.6885564313520276e-17,1.6885564302478688e-17,1.6885564291439325e-17,1.688556428040217e-17,1.688556426936723e-17,1.6885564258334516e-17,1.688556424730401e-17,1.6885564236275724e-17,1.6885564225249658e-17,1.6885564214225756e-17,1.6885564203204068e-17,1.68855641921846e-17,1.688556418116738e-17,1.688556417015237e-17,1.6885564159139577e-17,1.688556414812899e-17,1.6885564137120626e-17,1.6885564126114448e-17,1.688556411511049e-17,1.6885564104108754e-17,1.6885564093109226e-17,1.6885564082111867e-17,1.6885564071116696e-17,1.6885564060123784e-17,1.688556404913309e-17,1.6885564038144652e-17,1.688556402715837e-17,1.6885564016174303e-17,1.6885564005192533e-17,1.6885563994212868e-17,1.6885563983235403e-17,1.6885563972260154e-17,1.6885563961287114e-17,1.6885563950316275e-17,1.6885563939347598e-17,1.6885563928381162e-17,1.6885563917416948e-17,1.6885563906454915e-17,1.6885563895495086e-17,1.6885563884537472e-17,1.6885563873582046e-17,1.6885563862628808e-17,1.688556385167777e-17,1.6885563840728947e-17,1.6885563829782328e-17,1.6885563818837903e-17,1.6885563807895672e-17,1.6885563796955657e-17,1.6885563786017832e-17,1.6885563775082205e-17,1.6885563764148784e-17,1.6885563753217544e-17,1.6885563742288502e-17,1.6885563731361635e-17,1.688556372043698e-17,1.6885563709514468e-17,1.6885563698594205e-17,1.6885563687676173e-17,1.6885563676760326e-17,1.6885563665846654e-17,1.6885563654935176e-17,1.6885563644025914e-17,1.6885563633118827e-17,1.6885563622213925e-17,1.6885563611311208e-17,1.688556360041064e-17,1.6885563589512288e-17,1.6885563578616147e-17,1.6885563567722206e-17,1.6885563556830446e-17,1.6885563545940884e-17,1.6885563535053503e-17,1.68855635241683e-17,1.688556351328527e-17,1.688556350240447e-17,1.6885563491525847e-17,1.688556348064941e-17,1.6885563469775156e-17,1.6885563458903084e-17,1.688556344803319e-17,1.6885563437165485e-17,1.6885563426299962e-17,1.6885563415436623e-17,1.6885563404575463e-17,1.6885563393716466e-17,1.6885563382859678e-17,1.6885563372005072e-17,1.6885563361152657e-17,1.6885563350302412e-17,1.6885563339454382e-17,1.6885563328608438e-17,1.688556331776475e-17,1.688556330692324e-17,1.6885563296083922e-17,1.688556328524676e-17,1.6885563274411783e-17,1.688556326357895e-17,1.6885563252748316e-17,1.6885563241919872e-17,1.6885563231093604e-17,1.6885563220269505e-17,1.688556320944759e-17,1.6885563198627842e-17,1.6885563187810276e-17,1.688556317699487e-17,1.6885563166181663e-17,1.688556315537061e-17,1.688556314456173e-17,1.6885563133755034e-17,1.6885563122950502e-17,1.688556311214815e-17,1.688556310134797e-17,1.6885563090549963e-17,1.688556307975412e-17,1.6885563068960464e-17,1.6885563058168964e-17,1.6885563047379642e-17,1.6885563036592484e-17,1.68855630258075e-17,1.6885563015024682e-17,1.688556300424403e-17,1.6885562993465554e-17,1.6885562982689227e-17,1.68855629719151e-17,1.6885562961143094e-17,1.6885562950373284e-17,1.688556293960564e-17,1.6885562928840155e-17,1.688556291807685e-17,1.6885562907315697e-17,1.688556289655671e-17,1.6885562885799886e-17,1.6885562875045212e-17,1.6885562864292724e-17,1.6885562853542383e-17,1.6885562842794292e-17,1.6885562832048287e-17,1.6885562821304454e-17,1.6885562810562785e-17,1.6885562799823257e-17,1.6885562789085887e-17,1.6885562778350695e-17,1.6885562767617657e-17,1.6885562756886757e-17,1.6885562746158024e-17,1.6885562735431454e-17,1.6885562724707044e-17,1.6885562713984785e-17,1.6885562703264683e-17,1.6885562692546753e-17,1.6885562681830978e-17,1.6885562671117347e-17,1.688556266040589e-17,1.688556264969655e-17,1.6885562638989375e-17,1.688556262828435e-17,1.688556261758153e-17,1.6885562606880822e-17,1.6885562596182266e-17,1.6885562585485876e-17,1.6885562574791625e-17,1.6885562564099515e-17,1.6885562553409574e-17,1.6885562542721773e-17,1.6885562532036128e-17,1.6885562521352634e-17,1.6885562510671312e-17,1.6885562499992108e-17,1.688556248931506e-17,1.688556247864018e-17,1.6885562467967452e-17,1.6885562457296842e-17,1.688556244662838e-17,1.6885562435962077e-17,1.688556242529793e-17,1.6885562414635907e-17,1.6885562403976004e-17,1.6885562393318278e-17,1.6885562382662696e-17,1.688556237200925e-17,1.6885562361357976e-17,1.688556235070882e-17,1.688556234006182e-17,1.6885562329416933e-17,1.6885562318774223e-17,1.6885562308133648e-17,1.6885562297495214e-17,1.6885562286858913e-17,1.6885562276224757e-17,1.6885562265592746e-17,1.6885562254962904e-17,1.688556224433519e-17,1.688556223370961e-17,1.6885562223086153e-17,1.688556221246485e-17,1.688556220184567e-17,1.6885562191228563e-17,1.6885562180613623e-17,1.688556217000084e-17,1.688556215939021e-17,1.6885562148781705e-17,1.6885562138175344e-17,1.688556212757112e-17,1.6885562116969028e-17,1.6885562106369073e-17,1.6885562095771263e-17,1.688556208517558e-17,1.6885562074582024e-17,1.6885562063990605e-17,1.688556205340131e-17,1.6885562042814155e-17,1.6885562032229182e-17,1.688556202164631e-17,1.6885562011065573e-17,1.6885562000486936e-17,1.6885561989910425e-17,1.688556197933605e-17,1.6885561968763773e-17,1.6885561958193665e-17,1.6885561947625684e-17,1.6885561937059813e-17,1.6885561926496085e-17,1.688556191593447e-17,1.6885561905375e-17,1.688556189481764e-17,1.6885561884262413e-17,1.6885561873709272e-17,1.6885561863158288e-17,1.6885561852609437e-17,1.6885561842062715e-17,1.6885561831518097e-17,1.6885561820975612e-17,1.688556181043526e-17,1.6885561799897006e-17,1.6885561789360896e-17,1.68855617788269e-17,1.6885561768295034e-17,1.6885561757765282e-17,1.6885561747237634e-17,1.6885561736712125e-17,1.688556172618873e-17,1.6885561715667452e-17,1.6885561705148297e-17,1.6885561694631252e-17,1.6885561684116322e-17,1.6885561673603524e-17,1.688556166309284e-17,1.688556165258428e-17,1.6885561642077844e-17,1.6885561631573508e-17,1.688556162107129e-17,1.6885561610571183e-17,1.6885561600073143e-17,1.688556158957727e-17,1.688556157908351e-17,1.688556156859186e-17,1.6885561558102334e-17,1.688556154761493e-17,1.688556153712963e-17,1.688556152664644e-17,1.688556151616537e-17,1.6885561505686416e-17,1.688556149520953e-17,1.6885561484734776e-17,1.6885561474262142e-17,1.6885561463791594e-17,1.6885561453323182e-17,1.688556144285687e-17,1.688556143239268e-17,1.688556142193059e-17,1.6885561411470598e-17,1.688556140101269e-17,1.6885561390556912e-17,1.6885561380103267e-17,1.6885561369651698e-17,1.6885561359202258e-17,1.6885561348754905e-17,1.6885561338309666e-17,1.6885561327866528e-17,1.68855613174255e-17,1.6885561306986572e-17,1.6885561296549745e-17,1.6885561286115078e-17,1.688556127568248e-17,1.6885561265251963e-17,1.6885561254823524e-17,1.6885561244397205e-17,1.6885561233973e-17,1.688556122355085e-17,1.6885561213130835e-17,1.6885561202712922e-17,1.6885561192297117e-17,1.6885561181883408e-17,1.6885561171471843e-17,1.6885561161062333e-17,1.688556115065491e-17,1.6885561140249597e-17,1.688556112984637e-17,1.6885561119445243e-17,1.6885561109046213e-17,1.688556109864928e-17,1.6885561088254434e-17,1.6885561077861648e-17,1.6885561067470997e-17,1.6885561057082454e-17,1.688556104669599e-17,1.6885561036311623e-17,1.6885561025929354e-17,1.6885561015549167e-17,1.6885561005171067e-17,1.6885560994795063e-17,1.6885560984421163e-17,1.6885560974049355e-17,1.6885560963679625e-17,1.6885560953311986e-17,1.688556094294644e-17,1.6885560932582984e-17,1.6885560922221628e-17,1.688556091186236e-17,1.6885560901505173e-17,1.688556089115008e-17,1.688556088079706e-17,1.6885560870446145e-17,1.6885560860097307e-17,1.6885560849750582e-17,1.6885560839405917e-17,1.688556082906334e-17,1.6885560818722887e-17,1.6885560808384467e-17,1.688556079804811e-17,1.688556078771388e-17,1.6885560777381722e-17,1.688556076705164e-17,1.6885560756723655e-17,1.688556074639775e-17,1.6885560736073954e-17,1.688556072575221e-17,1.688556071543254e-17,1.6885560705114966e-17,1.6885560694799476e-17,1.68855606844861e-17,1.6885560674174757e-17,1.6885560663865494e-17,1.688556065355831e-17,1.6885560643253197e-17,1.688556063295017e-17,1.688556062264919e-17,1.688556061235033e-17,1.6885560602053528e-17,1.68855605917588e-17,1.6885560581466165e-17,1.6885560571175614e-17,1.6885560560887126e-17,1.688556055060071e-17,1.688556054031641e-17,1.6885560530034132e-17,1.6885560519753937e-17,1.6885560509475816e-17,1.6885560499199834e-17,1.6885560488925857e-17,1.688556047865396e-17,1.6885560468384132e-17,1.6885560458116368e-17,1.688556044785068e-17,1.688556043758707e-17,1.6885560427325524e-17,1.6885560417066037e-17,1.6885560406808626e-17,1.688556039655328e-17,1.6885560386300005e-17,1.688556037604877e-17,1.6885560365799634e-17,1.6885560355552565e-17,1.68855603453076e-17,1.6885560335064688e-17,1.6885560324823816e-17,1.6885560314585018e-17,1.6885560304348284e-17,1.6885560294113606e-17,1.6885560283880977e-17,1.6885560273650437e-17,1.6885560263421965e-17,1.6885560253195536e-17,1.6885560242971186e-17,1.68855602327489e-17,1.6885560222528673e-17,1.6885560212310508e-17,1.6885560202094405e-17,1.688556019188037e-17,1.6885560181668377e-17,1.6885560171458462e-17,1.6885560161250663e-17,1.6885560151044877e-17,1.6885560140841134e-17,1.688556013063943e-17,1.6885560120439804e-17,1.6885560110242267e-17,1.688556010004675e-17,1.68855600898533e-17,1.6885560079661904e-17,1.688556006947258e-17,1.6885560059285313e-17,1.6885560049100083e-17,1.6885560038916915e-17,1.68855600287358e-17,1.6885560018556816e-17,1.688556000837981e-17,1.688555999820486e-17,1.688555998803194e-17,1.6885559977861093e-17,1.6885559967692303e-17,1.688555995752557e-17,1.688555994736088e-17,1.688555993719824e-17,1.688555992703766e-17,1.6885559916879122e-17
5,0.0,0.0,0.0,0.0,0.0,0.0,0.0,0.0,0.0,0.0,0.0,0.0,0.0,0.0,0.0,0.0,0.0,0.0,0.0,0.0,0.0,0.0,0.0,0.0,0.0,0.0,0.0,0.0,0.0,0.0,0.0,0.0,0.0,0.0,0.0,0.0,0.0,0.0,0.0,0.0,0.0,0.0,0.0,0.0,0.0,0.0,0.0,0.0,0.0,0.0,0.0,0.0,0.0,0.0,0.0,0.0,0.0,0.0,0.0,0.0,0.0,0.0,0.0,0.0,0.0,0.0,0.0,0.0,0.0,0.0,0.0,0.0,0.0,0.0,0.0,0.0,0.0,0.0,0.0,0.0,0.0,0.0,0.0,0.0,0.0,0.0,0.0,0.0,0.0,0.0,0.0,0.0,0.0,0.0,0.0,0.0,0.0,0.0,0.0,0.0,0.0,0.0,0.0,0.0,0.0,0.0,0.0,0.0,0.0,0.0,0.0,0.0,0.0,0.0,0.0,0.0,0.0,0.0,0.0,0.0,0.0,0.0,0.0,0.0,0.0,0.0,0.0,0.0,0.0,0.0,0.0,0.0,0.0,0.0,0.0,0.0,0.0,0.0,0.0,0.0,0.0,0.0,0.0,0.0,0.0,0.0,0.0,0.0,0.0,0.0,0.0,0.0,0.0,0.0,0.0,0.0,0.0,0.0,0.0,0.0,0.0,0.0,0.0,0.0,0.0,0.0,0.0,0.0,0.0,0.0,0.0,0.0,0.0,0.0,0.0,0.0,0.0,0.0,0.0,0.0,0.0,0.0,0.0,0.0,0.0,0.0,0.0,0.0,0.0,0.0,0.0,0.0,0.0,0.0,0.0,0.0,0.0,0.0,0.0,0.0,0.0,0.0,0.0,0.0,0.0,0.0,0.0,0.0,0.0,0.0,0.0,0.0,0.0,0.0,0.0,0.0,0.0,0.0,0.0,0.0,0.0,0.0,0.0,0.0,0.0,0.0,0.0,0.0,0.0,0.0,0.0,0.0,0.0,0.0,0.0,0.0,0.0,0.0,0.0,0.0,0.0,0.0,0.0,0.0,0.0,0.0,0.0,0.0,0.0,0.0,0.0,0.0,0.0,0.0,0.0,0.0,0.0,0.0,0.0,0.0,0.0,0.0,0.0,0.0,0.0,0.0,0.0,0.0,0.0,0.0,0.0,0.0,0.0,0.0,0.0,0.0,0.0,0.0,0.0,0.0,0.0,0.0,0.0,0.0,0.0,0.0,0.0,0.0,0.0,0.0,0.0,0.0,0.0,0.0,0.0,0.0,0.0,0.0,0.0,0.0,0.0,0.0,0.0,0.0,0.0,0.0,0.0,0.0,0.0,0.0,0.0,0.0,0.0,0.0,0.0,0.0,0.0,0.0,0.0,0.0,0.0,0.0,0.0,0.0,0.0,0.0,0.0,0.0,0.0,0.0,0.0,0.0,0.0,0.0,0.0,0.0,0.0,0.0,0.0,0.0,0.0,0.0,0.0,0.0,0.0,0.0,0.0,0.0,0.0,0.0,0.0,0.0,0.0,0.0,0.0,0.0,0.0,0.0,0.0,0.0,0.0,0.0,0.0,0.0,0.0,0.0,0.0,0.0,0.0,0.0,0.0,0.0,0.0,0.0,0.0,0.0,0.0,0.0,0.0,0.0,0.0,0.0,0.0,0.0,0.0,0.0,0.0,0.0,0.0,0.0,0.0,0.0,0.0,0.0,0.0,0.0,0.0,0.0,0.0,0.0,0.0,0.0,0.0,0.0,0.0,0.0,0.0,0.0,0.0,0.0,0.0,0.0,0.0,0.0,0.0,0.0,0.0,0.0,0.0,0.0,0.0,0.0,0.0,0.0,0.0,0.0,0.0,0.0,0.0,0.0,0.0,0.0,0.0,0.0,0.0,0.0,0.0,0.0,0.0,0.0,0.0,0.0,0.0,0.0,0.0,0.0,0.0,0.0,0.0,0.0,0.0,0.0,0.0,0.0,0.0,0.0,0.0,0.0,0.0,0.0,0.0,0.0,0.0,0.0,0.0,0.0,0.0,0.0,0.0,0.0,0.0,0.0,0.0,0.0,0.0,0.0,0.0,0.0,0.0,0.0,0.0,0.0,0.0,0.0,0.0,0.0,0.0,0.0,0.0,0.0,0.0,0.0,0.0,0.0,0.0,0.0,0.0,0.0,0.0,0.0,0.0,0.0,0.0,0.0,0.0,0.0,0.0,0.0,0.0,0.0,0.0,0.0,0.0,0.0,0.0,0.0,0.0,0.0,0.0,0.0,0.0,0.0,0.0,0.0,0.0,0.0,0.0,0.0,0.0,0.0,0.0,0.0,0.0,0.0,0.0,0.0,0.0,0.0,0.0,0.0,0.0,0.0,0.0,0.0,0.0,0.0,0.0,0.0,0.0,0.0,0.0,0.0,0.0,0.0,0.0,0.0,0.0,0.0,0.0,0.0,0.0,0.0,0.0,0.0,0.0,0.0,0.0,0.0,0.0,0.0,0.0,0.0,0.0,0.0,0.0,0.0,0.0,0.0,0.0,0.0,0.0,0.0,0.0,0.0,0.0,0.0,0.0,0.0,0.0,0.0,0.0,0.0,0.0,0.0,0.0,0.0,0.0,0.0,0.0,0.0,0.0,0.0,0.0,0.0,0.0,0.0,0.0,0.0,0.0,0.0,0.0,0.0,0.0,0.0,0.0,0.0,0.0,0.0,0.0,0.0,0.0,0.0,0.0,0.0,0.0,0.0,0.0,0.0,0.0,0.0,0.0,0.0,0.0,0.0,0.0,0.0,0.0,0.0,0.0,0.0,0.0,0.0,0.0,0.0,0.0,0.0,0.0,0.0,0.0,0.0,0.0,0.0,0.0,0.0,0.0,0.0,0.0,0.0,0.0,0.0,0.0,0.0,0.0,0.0,0.0,0.0,0.0,0.0,0.0,0.0,0.0,0.0,0.0,0.0,0.0,0.0,0.0,0.0,0.0,0.0,0.0,0.0,0.0,0.0,0.0,0.0,0.0,0.0,0.0,0.0,0.0,0.0,0.0,0.0,0.0,0.0,0.0,0.0,0.0,0.0,0.0,0.0,0.0,0.0,0.0,0.0,0.0,0.0,0.0,0.0,0.0,0.0,0.0,0.0,0.0,0.0,0.0,0.0,0.0,0.0,0.0,0.0,0.0,0.0,0.0,0.0,0.0,0.0,0.0,0.0,0.0,0.0,0.0,0.0,0.0,0.0,0.0,0.0,0.0,0.0,0.0,0.0,0.0,0.0,0.0,0.0,0.0,0.0,0.0,0.0,0.0,0.0,0.0,0.0,0.0,0.0,0.0,0.0,0.0,0.0,0.0,0.0,0.0,0.0,0.0,0.0,0.0,0.0,0.0,0.0,0.0,0.0,0.0,0.0,0.0,0.0,0.0,0.0,0.0,0.0,0.0,0.0,0.0,0.0,0.0,0.0,0.0,0.0,0.0,0.0,0.0,0.0,0.0,0.0,0.0,0.0,0.0,0.0,0.0,0.0,0.0,0.0,0.0,0.0,0.0,0.0,0.0,0.0,0.0,0.0,0.0,0.0,0.0,0.0,0.0,0.0,0.0,0.0,0.0,0.0,0.0,0.0,0.0,0.0,0.0,0.0,0.0,0.0,0.0,0.0,0.0,0.0,0.0,0.0,0.0,0.0,0.0,0.0,0.0,0.0,0.0,0.0,0.0,0.0,0.0,0.0,0.0,0.0,0.0,0.0,0.0,0.0,0.0,0.0,0.0,0.0,0.0,0.0,0.0,0.0,0.0,0.0,0.0,0.0,0.0,0.0,0.0,0.0,0.0,0.0,0.0,0.0,0.0,0.0,0.0,0.0,0.0,0.0,0.0,0.0,0.0,0.0,0.0,0.0,0.0,0.0,0.0,0.0,0.0,0.0,0.0,0.0,0.0,0.0,0.0,0.0,0.0,0.0,0.0,0.0,0.0,0.0,0.0,0.0,0.0,0.0,0.0,0.0,0.0,0.0,0.0,0.0,0.0,0.0,0.0,0.0,0.0,0.0,0.0,0.0,0.0,0.0,0.0,0.0,0.0,0.0,0.0,0.0,0.0,0.0,0.0,0.0,0.0,0.0,0.0,0.0,0.0,0.0,0.0,0.0,0.0,0.0,0.0,0.0,0.0,0.0,0.0,0.0,0.0,0.0,0.0,0.0,0.0,0.0,0.0,0.0,0.0,0.0,0.0,0.0,0.0,0.0,0.0,0.0,0.0,0.0,0.0,0.0,0.0,0.0,0.0,0.0,0.0,0.0,0.0,0.0,0.0,0.0,0.0,0.0,0.0,0.0,0.0,0.0,0.0,0.0,0.0,0.0,0.0,0.0,0.0,0.0,0.0,0.0,0.0,0.0,0.0,0.0,0.0,0.0,3.7961487384467315e-06,7.650516240048413e-06,1.1558240828591564e-05,1.551594470239807e-05,1.952135304819211e-05,2.3573010332481716e-05,2.7670069855777268e-05,3.18121381885673e-05,3.5999160548305924e-05,4.023133659526205e-05,4.450905877045002e-05,4.8832867295366604e-05,5.320341747581251e-05,5.762145606179666e-05,6.208780427835478e-05,6.660334576342282e-05,7.116901810912841e-05,7.578580706309074e-05,8.045474267100804e-05,8.517689687462608e-05,8.995338217112363e-05,9.478535107443121e-05,9.967399617549541e-05,0.00010462055066155819,0.00010962628919309761,0.00011469252906576715,0.00011982063160451127,0.00012501200375731854,0.00013026809986366156,0.0001355904235841947,0.00014098052998143666,0.0001464400277488782,0.00015197058158956364,0.00015757391474503175,0.0001632518116808193,0.00016900612094158482,0.0001748387581655426,0.00018075170929683531,0.00018674703398548244,0.000192826869190216,0.00019899343301614018,0.0002052490287790533,0.0002115960493288647,0.00021803698164986885,0.0002245744117527699,0.00023121102988449887,0.00023794963608206622,0.00024479314609613734,0.00025174459770781725,0.0002588071574900037,0.0002659841280149232,0.00027327895558649194,0.0002806952385052529,0.0002882367359381633,0.00029590737742752146,0.00030371127310921696,0.0003116527246840258,0.00031973623723436056,0.0003279665319446634,0.00033634855981725574,0.00034488751647593444,0.00035358885816093067,0.00036245831903150815,0.00037150192990186704,0.00038072603856659676,0.0003901373318403631,0.0003997428595535339,0.00040955006063600035,0.0004195667915643449,0.0004298013574046826,0.00044026254574356944,0.0004509596638294015,0.0004619025793027556,0.0004731017648929492,0.0004845683476149458,0.0004963141629474883,0.0005083518146421728,0.0005206947408519505,0.0005333572873905575,0.0005463547890525631,0.0005597036600626752,0.0005734214948938921,0.0005875271808911488,0.0006020410243706508,0.0006169848921488353,0.000632382370765355,0.0006482589461129204,0.0006646422065936712,0.0006815620735766208,0.0006990510635344262,0.0007171445872081208,0.0007358812920741801,0.00075530345573295,0.000775457439375449,0.000796394212464494,0.0008181699621682786,0.000840846804146228,0.000864493615131045,0.0008891870126078612,0.0009150125130891981,0.0009420659085431322,0.0009704549107008395,0.0010003011265836083,0.0010317424460743675,0.0010649359457981058,0.0011000614445726327,0.0011373258875273682,0.0011769687926187064,0.001219269070643862,0.0012645536368469034,0.0013132083804381907,0.0013656922668483394,0.001422555641227602,0.0014844642186598932,0.0015522308387590422,0.001626857900367868,0.001709594559883873,0.0018020143431423778,0.001906120769784641,0.0020244904179317455,0.0021604631155198407,0.0023183826337586683,0.00250386574433952,0.0027240024764206765,0.002987208799964355,0.0033021141240411177,0.003674552208511609,0.004102366137007211,0.004570594528015744,0.005052419558186051,0.005517550977527202,0.005941842124410749,0.006311608283964095,0.00662247770138609,0.006876061548760847,0.007076889305243924,0.007230403366324957,0.0073419309947761425,0.007416308624732958,0.00745786004487882,0.0074705226027213,0.007457989715240391,0.007423796515887665,0.007371331355819661,0.007303795282872481,0.007224143741937834,0.007135037130935283,0.0070388130851778904,0.0069374821154485474,0.006832742024991921,0.006726004551718337,0.006618428175848469,0.006510952531947217,0.006404331470093837,0.0062991631345864305,0.006195916362050873,0.006094953290094101,0.005996548401965347,0.0059009043886577685,0.005808165264533032,0.005718427163408548,0.005631747206065926,0.005548150778924397,0.005467637512370827,0.005390186199307537,0.005315758850556541,0.005244304047637521,0.005175759722944549,0.005110055471491464,0.005047114478575806,0.004986855130803528,0.0049291923648498125,0.004874038797915086,0.004821305675260697,0.004770903663716274,0.004722743514873597,0.004676736617230987,0.0046327954535225055,0.004590833977063152,0.004550767917473925,0.004512515026774982,0.00447599527318823,0.004441130989955729,0.004407846986469809,0.004376070624115704,0.0043457318656505844,0.0043167632990966254,0.004289100141154981,0.004262680222986579,0.0042374439613904625,0.0042133343176393515,0.004190296746530184,0.004170157741872409,0.004149026483625135,0.00412882209818872,0.004109499272243774,0.0040910147579968055,0.004073327357404481,0.004056397862400231,0.0040401889807292896,0.004024665257576885,0.004009792997889573,0.003995540189196745,0.0039818764248863965,0.0039687728321593455,0.003956201995778622,0.003944137892696038,0.0039325558233639915,0.003921432346530183,0.003910745217053723,0.0039004733259956756,0.003890596643218141,0.003881096162424715,0.003871953848789351,0.003863152588865143,0.003854676142898906,0.0038465090993042767,0.0038386368317833725,0.0038310454579007073,0.003823721800168502,0.0038166533491460343,0.003809828228192136,0.003803235160199874,0.0037968634359835797,0.0037907028845424852,0.003784743844471708,0.003778977137293,0.0037733940420861633,0.0037679862712084134,0.0037627459481191336,0.0037576655851067104,0.003752738063545329,0.0037479566143751733,0.0037433147998902835,0.003738806496548242,0.003734425878735512,0.003730167403245125,0.003726025794683972,0.0037219960319201553,0.0037180733347408207,0.0037142531516250205,0.0037105311480477147,0.0037069031955072264,0.0037033653610049843,0.0036999138970279202,0.0036965452324242485,0.0036932559633248564,0.0036900428449788115,0.003686902783433368,0.0036838328285387456,0.003680830166217557,0.0036778921120514648,0.0036750161048499192,0.0036721997005461373,0.0036694405664103244,0.0036667364757455487,0.003664085302499145,0.0036614850165065265,0.0036589336788114806,0.0036564294372497517,0.0036539705221375154,0.0036515552429016735,0.003649181983283032,0.003646849198708387,0.0036445554122456003,0.0036422992117995665,0.003640079246889953,0.0036378942256784074,0.003635742912417546,0.003633624124527708,0.0036315367304049113,0.0036294796468837242,0.0036274518369385383,0.0036254523076948366,0.0036234801083196585,0.003621534328045342,0.0036196140943661934,0.0036177185713383896,0.0036158469577790833,0.0036139984858370934,0.003612172419368333,0.003610368052546192,0.003608584708494935,0.003606821737947956,0.0036050785180696213,0.0036033544512823275,0.003601648963958117,0.0035999615056177135,0.0035982915477538726,0.0035966385828844474,0.00359500212361106,0.0035933817017649635,0.003591776867513263,0.00359018718870646,0.0035886122498527072,0.003587051651656848,0.003585505010097826,0.0035839719559753206,0.003582452134019372,0.003580945202577723,0.0035794508328215167,0.00357796870828992,0.00357649852432257,0.003575039987617364,0.003573592815629655,0.003572156736277647,0.0035707314873942597,0.0035693168163293443,0.003567912479547904,0.0035665182423677364,0.003565133878366581,0.0035637591691900015,0.003562393904208803,0.0035610378801715394,0.003559690900914223,0.0035583527770721305,0.0035570233257604627,0.003555702370393103,0.00355438974035116,0.0035530852708296136,0.0035517888024322996,0.0035505001811871493,0.0035492192581648633,0.0035479458894053574,0.0035466799353807716,0.0035454212613390055,0.0035441697367647514,0.003542925235317308,0.003541687634610901,0.003540456816134759,0.0035392326650689706,0.003538015070134256,0.003536803923548245,0.0035355991206449558,0.0035344005600212863,0.003533208143282193,0.003532021774944734,0.003530841362371893,0.0035296668155683913,0.00352849804718588,0.003527334972351505,0.0035261775086693425,0.0035250255759631797,0.0035238790963476635,0.0035227379940970752,0.003521602195558907,0.003520471629046363,0.0035193462248410546,0.0035182259150888006,0.0035171106336589235,0.0035160003161953867,0.003514894900012298,0.0035137943240121493,0.0035126985286533436,0.0035116074558810737,0.003510521049023788,0.0035094392529995905,0.0035083620138875228,0.0035072892791313173,0.003506220997381715,0.0035051571185311433,0.0035040975935818094,0.0035030423748139737,0.0035019914154862932,0.0035009446699298423,0.003499902093530036,0.003498863642486191,0.0034978292742692215,0.003496798947125763,0.003495772620157659,0.003494750253405904,0.0034937318076393134,0.003492717244498653,0.0034917065264068133,0.0034906996165985087,0.003489696478940888,0.003488697078086796,0.0034877013793731234,0.0034867093488100995,0.003485720953072224,0.003484736159423733,0.0034837549357418208,0.0034827772505514817,0.003481803072940461,0.0034808323725270527,0.0034798651195129373,0.0034789012845382384,0.0034779408388752485,0.0034769837543164707,0.0034760300028956626,0.0034750795573720095,0.0034741323908648765,0.0034731884769667867,0.003472247789687683,0.003471310303457502,0.0034703759931176722,0.0034694448339070813,0.00346851680146378,0.0034675918717512392,0.0034666700211930064,0.003465751226644496,0.003464835464921655,0.003463922713580965,0.0034630129503732377,0.003462106153388371,0.0034612023010218776,0.0034603013719728556,0.0034594033451494483,0.003458508199936078,0.003457615916067273,0.003456726473285473,0.0034558398517220545,0.0034551641612771975,0.0034542804206722745,0.0034533995203492626,0.00345252143866412,0.0034516461545398337,0.003450773647309878,0.0034499038966398637,0.003449036882589991,0.0034481725852217714,0.0034473109851927666,0.003446452063345721,0.0034455958007960767,0.0034447421788691077,0.0034438911792636054,0.0034430427838254255,0.0034421969747229046,0.0034413537343183404,0.0034405130452352327,0.0034396748902646157,0.0034388392525248855,0.0034380061153564,0.003437175462212082,0.0034363472768799896,0.003435521543175922,0.0034346982452515703,0.003433877367480355,0.003433058894361439,0.00343224281059426,0.003431429101080349,0.0034306177508860664,0.003429808745294737,0.0034290020697894095,0.0034281977097934038,0.003427395651121141,0.0034265958797385066,0.0034257983817260673,0.0034250031433783875,0.0034242101510040253,0.0034234193911936443,0.003422630850644862,0.003421844516186434,0.003421060374831787,0.0034202784136919645,0.003419498620039693,0.0034187209812380753,0.0034179454848437415,0.003417172118516634,0.0034164008700601402,0.0034156317273706053,0.003414864678484135,0.003414099711563576,0.0034133368148819014,0.0034125759768331714,0.003411817185926521,0.0034110604308378962,0.0034103057002561866,0.003409552982952121,0.0034088022679367377,0.0034080535442915583,0.0034073068011538678,0.003406562027786663,0.0034058192135537984,0.003405078347862456,0.003404339420330475,0.003403602420614539,0.0034028673384018035,0.003402134163825154,0.0034014028864899144,0.0034006734964616837,0.003399945984037361,0.0033992203392715905,0.003398496552523796,0.0033977746142381878,0.0033970545147806114,0.0033963362445892263,0.003395619794399421,0.0033949051549016884,0.003394192316945773,0.0033934812713451957,0.003392772009006467,0.00339206452099178,0.0033913587983999158,0.0033906548323862557,0.0033899526141945944,0.0033892521351400716,0.003388553386605547,0.0033878563599638208,0.003387161046763858,0.0033864674386673483,0.0033857755273339917,0.003385085304491981,0.003384396761932959,0.0033837098915158645,0.003383024685303165,0.003382341135139652,0.003381659233075631,0.0033809789712241824,0.0033803003417387347,0.003379623336883843,0.0033789479489371144,0.0033782741702615806,0.00337760199327855,0.0033769314104428474,0.003376262414288882,0.0033755949974177877,0.0033749291524335775,0.0033742648720963228,0.0033736021491103363,0.0033729409762707097,0.0033722813463959046,0.0033716232524398835,0.0033709666873891204,0.0033703116442709877,0.0033696581160652253,0.00336900609592161,0.0033683555770017497,0.0033677065525516293,0.0033670590158195787,0.0033664129601281446,0.003365768378847227,0.0033651252652373296,0.003364483612980196,0.0033638434154553564,0.003363204666195741,0.0033625673587829056,0.003361931486963232,0.0033612970442830183,0.0033606640246279483,0.003360032421675048,0.003359402229228329,0.0033587734411465574,0.0033581460513287934,0.0033575200536605124,0.0033568954422096868,0.003356272210966398,0.003355650353947782,0.0033550298653277763,0.003354410739271434,0.003353792969847506,0.0033531765513296493,0.0033525614779799473,0.003351947744093295,0.003351335344014558,0.00335072427210332,0.003350114522772343,0.003349506090471288,0.003348898969675881,0.0033482931549126257,0.0033476886407346296,0.0033470854217354583,0.003346483492541218,0.0033458828478152352,0.003345283482252181,0.003344685390601079,0.0033440885676058536,0.0033434930080555327,0.0033428987067865316,0.0033423056586599966,0.0033417138585664047,0.003341123301446743,0.0033405339822765545,0.003339945896040073,0.0033393590377578516,0.0033387734024862862,0.0033381889853124702,0.0033376057813475023,0.0033370237856995407,0.003336442993691708,0.0033358634003431173,0.003335285000976099,0.0033347077909843684,0.0033341317655051477,0.0033335569198878535,0.0033329832495038736,0.0033324107496353734,0.003331839415901114,0.0033312692435500495,0.0033307002282065563,0.003330132365304694,0.0033295656503521333,0.0033290000788973625,0.003328435646531575,0.00332787234882093,0.00332731018141464,0.003326749139967845,0.0033261892201600575,0.003325630417698897,0.0033250727283341487,0.0033245161477868115,0.0033239606718478056,0.00332340629633155,0.003322853017055401,0.003322300829910308,0.0033217497308539756,0.003321199715564121,0.003320650780165852,0.003320102920518007,0.003319556132604935,0.0033190104124884426,0.0033184657561291914,0.003317922159553069,0.0033173796188612557,0.0033168381301664656,0.0033162976894003005,0.0033157582928954564,0.0033152199368004917,0.003314682617273444,0.003314146330560714,0.003313611072815,0.0033130768402413074,0.0033125436291533295,0.003312011435907059,0.0033114802567420607,0.003310950087988703,0.0033104209259936937,0.0033098927671241997,0.003309365607765167,0.003308839444333011,0.0033083142732558126,0.003307790090972035,0.0033072668939569975,0.0033067446786973825,0.0033062234417043966,0.0033057031794995165,0.003305183888627789,0.0033046655656534217,0.0033041482071593147,0.0033036318097468573,0.0033031163700359785,0.0033026018846651177,0.003302088350290706,0.0033015757635873706,0.0033010641212112453,0.003300553419951112,0.003300043656490081,0.003299534827581904,0.0032990269299706144,0.003298519960453982,0.003298013915825702,0.003297508792900345,0.0032970045885051093,0.0032965012994942457,0.0032959989227311502,0.0032954974550973458,0.0032949968934908183,0.003294497234822333,0.003293998476026037,0.003293500614048425,0.0032930036458519883,0.003292507568415193,0.0032920123787357936,0.003291518073819822,0.003291024650692586,0.003290532106394699,0.003290040437982181,0.003289549642526212,0.003289059717111579,0.003288570658842423,0.003288082464834215,0.0032875951322229543,0.0032871086581472827,0.003286623039762923,0.0032861382743108298,0.0032856543587698574,0.0032851712904909155,0.0032846890666922033,0.003284207684623746,0.003283727141512991,0.0032832474346175884,0.0032827685612127826,0.003282290518578751,0.0032818133040225174,0.0032813369149516606,0.0032808613486098493,0.003280386602309793,0.0032799126734216794,0.00327943955931184,0.003278967257360342,0.0032784957649667963,0.003278025079530838,0.0032775551984710496,0.0032770861192069943,0.0032766178392054537,0.003276150355910911,0.003275683666777804,0.0032752177692760816,0.003274752660855451,0.0032742883391594273,0.003273824801701483,0.0032733620458862854,0.003272900069355657,0.0032724388696655023,0.00327197844429113,0.0032715187908579167,0.0032710599069514508,0.003270601790173553,0.0032701444381341544,0.0032696878484680656,0.0032692320188240204,0.0032687769468117004,0.0032683226301107476,0.0032678690663603548,0.003267416253259998,0.0032669641884996007,0.00326651286977444,0.0032660622948009967,0.0032656124613019066,0.0032651633670105866,0.003264715009670725,0.0032642673870449165,0.0032638204967859333,0.0032633743370365405,0.003262928905154539,0.003262484199121015,0.0032620402166991386,0.0032615969557293722,0.0032611544140435165,0.0032607125894642463,0.00326027147985412,0.0032598310830613104,0.003259391396951544,0.0032589524194006955,0.0032585141482945773,0.00325807658152865,0.00325763971700782,0.003257203552646572,0.0032567680863688346,0.0032563333161076857,0.0032558992398153347,0.0032554658554321946,0.0032550331609204667,0.0032546011542507864,0.0032541698334036767,0.0032537391963681963,0.0032533092411274715,0.003252879965704808,0.003252451368118069,0.0032520234463886003,0.0032515961985494016,0.0032511696226460666,0.0032507437167247767,0.0032503184788448404,0.003249893907074149,0.0032494699994891326,0.0032490467541746986,0.003248624169224192,0.0032482022427339397,0.0032477809728248892,0.0032473603576098175,0.003246940395215351,0.0032465210837848302,0.003246102421443813,0.0032456844063519933,0.003245267036668374,0.00324485031055994,0.0032444342262016195,0.0032440187817717645,0.003243603975465405,0.0032431898054851396,0.003242776270031846,0.003242363367308353,0.003241951095561425,0.0032415394530072796,0.003241128437876028,0.0032407180484182526,0.003240308282938126,0.0032398991396000885,0.003239490616714491,0.0032390827125612018,0.0032386754254949738,0.0032382687536440047,0.0032378626955108514,0.0032374572491440973,0.003237052413058648,0.0032366481854067923,0.00323624456460094,0.003235841548939279,0.003235439136827114,0.003235037326575841,0.0032346361165375213,0.0032342355050431907,0.003233835490510317,0.0032334360712880515,0.00323303724575124,0.003232639012291442,0.003232241369293642,0.0032318443151779746,0.003231447848347914,0.003231051967192177,0.003230656670143499,0.0032302619556154057,0.003229867822069759,0.0032294742678567923,0.003229081291586761,0.0032286888916144203,0.0032282970663929443,0.0032279058143697306,0.0032275151340160984,0.0032271250238277483,0.003226735482285309,0.0032263465078775336,0.0032259580990974023,0.0032255702544462233,0.0032251829724306734,0.003224796251562687,0.003224410090361181,0.0032240244873467587,0.003223639441056072,0.003223254950073371,0.0032228710128397366,0.0032224876279497634,0.0032221047939640863,0.0032217225094488887,0.0032213407729774187,0.0032209595830515426,0.0032205789383215476,0.003220198837345429,0.0032198192787065896,0.0032194402610023713,0.003219061782816695,0.0032186838426505513,0.0032183064392853128,0.003217929571369462,0.0032175532374474894,0.003217177436121413,0.0032168021660279027,0.003216427425811613,0.0032160532141124903,0.003215679529577651,0.003215306370859066,0.003214933736629201,0.003214561625535582,0.003214190036245712,0.0032138189674178943,0.003213448417749382,0.0032130783860240585,0.0032127088707094094,0.003212339870614471,0.003211971384437025,0.003211603410879957,0.00321123594865123,0.0032108689964636533,0.003210502553035208,0.003210136617091941,0.0032097711873485574,0.003209406262561564,0.00320904184145326,0.0032086779226001513,0.0032083145049160394,0.0032079515871487586,0.003207589168219817,0.0032072272467252717,0.0032068658214307933,0.003206504891105365,0.003206144454524945,0.003205784510467416,0.003205425057717245,0.0032050660950608896,0.003204707621292975,0.003204349635137485,0.003203992135432564,0.0032036351211367797,0.003203278590943532,0.003202922543696634,0.003202566978182069,0.003202211893280458,0.0032018572877766886,0.0032015031604933656,0.003201149510176225,0.0032007963357555463,0.003200443636120045,0.0032000914099246333,0.0031997396563079464,0.003199388373865306,0.0031990375616875863,0.0031986872185320145,0.003198337343269793,0.003197987934775024,0.0031976389919500694,0.0031972905136496022,0.003196942498768664,0.0031965949461865073,0.003196247854828362,0.003195901223561219,0.0031955550513005832,0.0031952093369445717,0.0031948640794036806,0.003194519277595422,0.0031941749304374347,0.0031938310368501994,0.003193487595760868,0.0031931446060974905,0.003192802066795445,0.0031924599767768833,0.0031921183350058324,0.00319177714041466,0.0031914363919512464,0.003191096088567181,0.003190756229217733,0.0031904168128630123,0.0031900778384632697,0.0031897393049859185,0.003189401211402708,0.0031890635566842697,0.003188726339808077,0.0031883895597550034,0.0031880532155106286,0.0031877173060600897,0.0031873818303966676,0.003187046787514766,0.003186712176412359,0.0031863779960916512,0.0031860442455610267,0.0031857109238181023,0.0031853780298990676,0.003185045562765577,0.0031847135214949905,0.003184381905089158,0.0031840507125699296,0.003183719943029625,0.0031833895953882166,0.003183059668712355,0.0031827301620801136,0.003182401074485252,0.003182072405007319,0.003181744152694978,0.003181416316585915,0.0031810888957646117,0.00318076188924384,0.0031804352961077613,0.0031801091154208673,0.003179783346250754,0.0031794579876681904,0.003179133038746532,0.0031788084985667044,0.0031784843662011554,0.0031781606407421106,0.0031778373212697606,0.003177514406874833,0.0031771918966527713,0.003176869789662826,0.003176548085063732,0.0031762267819293944,0.003175905879364169,0.0031755853764754193,0.0031752652723724428,0.0031749455661705217,0.003174626256984802,0.0031743073439343844,0.0031739888261402595,0.0031736707027283577,0.0031733529728264526,0.003173035635565175,0.0031727186900780448,0.0031724021355013818,0.003172085970974355,0.0031717701956389434,0.0031714548086399287,0.0031711398091248916,0.0031708251962441853,0.0031705109691753993,0.0031701971270250793,0.0031698836690182237,0.003169570594270103,0.0031692579019608792,0.0031689455911941672,0.003168633661190976,0.0031683221111740473,0.0031680109402141715,0.003167700147545029,0.0031673897323400875,0.003167079693821675,0.00316677003113575,0.003166460743460685,0.0031661518299793637,0.003165843289913043,0.0031655351224503564,0.0031652273267896475,0.003164919902131717,0.0031646128476800184,0.003164306162640517,0.0031639998462217023,0.003163693897634488,0.0031633883160923928,0.003163083100817519,0.003162778251022029,0.0031624737659221723,0.003162169644745999,0.0031621696447459977,0.0031621696447459995,0.0031621696447459995,0.0031621696447459977,0.003162169644745998,0.0031621696447459973,0.0031621696447459973,0.0031621696447459973,0.0031621696447459977,0.0031621696447459964,0.0031621696447459964,0.0031621696447459964,0.003162169644745995,0.0031621696447459973,0.0031621696447459964,0.0031621696447459964,0.003162169644745997,0.0031621696447459964,0.003162169644745996,0.0031621696447459964,0.003162169644745995,0.003162169644745995,0.0031621696447459956,0.003162169644745995,0.0031621696447459956,0.0031621696447459956,0.0031621696447459973,0.003162169644745997,0.0031621696447459956,0.0031621696447459956,0.0031621696447459956,0.0031621696447459956,0.003162169644745996,0.0031621696447459956,0.0031621696447459956,0.003162169644745996,0.0031621696447459956,0.003162169644745995,0.0031621696447459964,0.0031621696447459964,0.0031621696447459956,0.003162169644745995,0.003162169644745994,0.003162169644745994,0.0031621696447459947,0.0031621696447459943,0.0031621696447459943,0.0031621696447459943,0.003162169644745995,0.0031621696447459947,0.003162169644745995,0.0031621696447459947,0.0031621696447459943,0.003162169644745995,0.003162169644745995,0.003162169644745995,0.003162169644745995,0.0031621696447459956,0.003162169644745994,0.0031621696447459956,0.003162169644745994,0.0031621696447459947,0.0031621696447459947,0.003162169644745994,0.0031621696447459943,0.0031621696447459947,0.0031621696447459947,0.0031621696447459934,0.0031621696447459947,0.0031621696447459943,0.003162169644745995,0.0031621696447459956,0.0031621696447459943,0.0031621696447459943,0.0031621696447459947,0.003162169644745994,0.0031621696447459956,0.003162169644745996,0.003162169644745995,0.0031621696447459956,0.0031621696447459956,0.0031621696447459956,0.003162169644745996,0.003162169644745995,0.003162169644745995,0.0031621696447459964,0.0031621696447459964,0.0031621696447459943,0.0031621696447459956,0.003162169644745995,0.0031621696447459964,0.003162169644745997,0.0031621696447459964,0.0031621696447459964,0.0031621696447459964,0.003162169644745996,0.0031621696447459964,0.003162169644745996,0.0031621696447459964,0.0031621696447459964,0.003162169644745997,0.0031621696447459964,0.003162169644745996,0.003162169644745996,0.0031621696447459956,0.003162169644745996,0.003162169644745996,0.0031621696447459956,0.0031621696447459956,0.0031621696447459956,0.0031621696447459956,0.0031621696447459956,0.003162169644745995,0.003162169644745995,0.003162169644745994,0.003162169644745995,0.0031621696447459947,0.003162169644745996,0.003162169644745995,0.0031621696447459956,0.003162169644745995,0.003162169644745997,0.003162169644745995,0.003162169644745995,0.0031621696447459956,0.003162169644745996,0.003162169644745995,0.0031621696447459964,0.0031621696447459964,0.0031621696447459964,0.003162169644745996,0.0031621696447459964,0.0031621696447459964,0.0031621696447459964,0.0031621696447459964,0.0031621696447459964,0.003162169644745996,0.0031621696447459956,0.0031621696447459956,0.0031621696447459964,0.0031621696447459964,0.0031621696447459964,0.0031621696447459973,0.003162169644745996,0.0031621696447459964,0.0031621696447459973,0.003162169644745997,0.003162169644745996,0.003162169644745996,0.0031621696447459964,0.0031621696447459964,0.0031621696447459964,0.003162169644745997,0.0031621696447459956,0.003162169644745995,0.0031621696447459947,0.003162169644745995,0.0031621696447459956,0.0031621696447459943,0.0031621696447459947,0.0031621696447459947,0.0031621696447459943,0.0031621696447459934,0.0031621696447459943,0.0031621696447459943,0.0031621696447459934,0.0031621696447459943,0.003162169644745994,0.0031621696447459943,0.003162169644745994,0.003162169644745995,0.003162169644745995,0.003162169644745995,0.003162169644745995,0.0031621696447459947,0.0031621696447459947,0.0031621696447459964,0.0031621696447459947,0.003162169644745996,0.003162169644745996,0.0031621696447459977,0.0031621696447459977,0.0031621696447459973,0.0031621696447459964,0.0031621696447459977,0.0031621696447459956,0.0031621696447459956,0.0031621696447459925,0.003162169644745996,0.0031621696447459973,0.0031621696447459964,0.0031621696447459973,0.003162169644745996,0.003162169644745997,0.003162169644745998,0.0031621696447459964,0.003162169644745997,0.0031621696447459964,0.003162169644745997,0.003162169644745997,0.003162169644745995,0.003162169644745995,0.003162169644745995,0.0031621696447459964,0.003162169644745996,0.0031621696447459964,0.003162169644745995,0.003162169644745995,0.0031621696447459947,0.0031621696447459964,0.003162169644745995,0.003162169644745996,0.0031621696447459947,0.003162169644745996,0.0031621696447459964,0.0031621696447459956,0.003162169644745996,0.003162169644745995,0.0031621696447459947,0.003162169644745997,0.0031621696447459956,0.0031621696447459964,0.003162169644745996,0.003162169644745998,0.0031621696447459964,0.0031621696447459973,0.0031621696447459956,0.0031621696447459964,0.0031621696447459973,0.003162169644745997,0.003162169644745996,0.0031621696447459964,0.003162169644745998,0.0031621696447459956,0.0031621696447459956,0.0031621696447459956,0.0031621696447459943,0.003162169644745996,0.003162169644745995,0.0031621696447459956,0.0031621696447459956,0.0031621696447459943,0.003162169644745995,0.0031621696447459947,0.0031621696447459943,0.0031621696447459947,0.003162169644745995,0.0031621696447459964,0.0031621696447459956,0.003162169644745998,0.0031621696447459995,0.0031621696447459986,0.0031621696447459986,0.003162169644746,0.003162169644745999,0.003162169644745998,0.003162169644746,0.0031621696447459977,0.0031621696447459977,0.0031621696447459995,0.003162169644745999,0.003162169644745999,0.0031621696447459995,0.0031621696447460008,0.003162169644746,0.003162169644746001,0.0031621696447460016,0.003162169644746003,0.003162169644746007,0.0031621696447460064,0.0031621696447460064,0.0031621696447460055,0.003162169644746007,0.0031621696447460047,0.003162169644746007,0.003162169644746008,0.003162169644746008,0.003162169644746008,0.003162169644746008,0.003162169644746008,0.003162169644746007,0.0031621696447460055,0.003162169644746007,0.0031621696447460077,0.0031621696447460073,0.0031621696447460077,0.003162169644746009,0.003162169644746009,0.0031621696447460086,0.0031621696447460086,0.003162169644746008,0.0031621696447460086,0.003162169644746008,0.003162169644746009,0.003162169644746008,0.0031621696447460086,0.003162169644746007,0.0031621696447460086,0.003162169644746008,0.0031621696447460086,0.003162169644746009,0.003162169644746008,0.003162169644746007,0.0031621696447460073,0.0031621696447460073,0.0031621696447460077,0.0031621696447460086,0.003162169644746008,0.0031621696447460077,0.003162169644746008,0.0031621696447460077,0.003162169644746008,0.0031621696447460086,0.003162169644746008,0.0031621696447460086,0.003162169644746008,0.0031621696447460077,0.0031621696447460077,0.003162169644746008,0.0031621696447460077,0.0031621696447460086,0.003162169644746008,0.0031621696447460077,0.003162169644746008,0.003162169644746009,0.003162169644746009,0.0031621696447460077,0.0031621696447460086,0.003162169644746008,0.003162169644746009,0.0031621696447460086,0.0031621696447460086,0.003162169644746008,0.0031621696447460064,0.0031621696447460073,0.0031621696447460086,0.0031621696447460073,0.0031621696447460077,0.0031621696447460073,0.003162169644746007,0.0031621696447460077,0.0031621696447460073,0.0031621696447460073,0.0031621696447460073,0.0031621696447460064,0.0031621696447460073,0.0031621696447460077,0.0031621696447460073,0.0031621696447460073,0.0031621696447460073,0.003162169644746007,0.0031621696447460073,0.003162169644746007,0.0031621696447460064,0.003162169644746007,0.0031621696447460073,0.003162169644746007,0.0031621696447460064,0.0031621696447460064,0.003162169644746007,0.003162169644746007,0.003162169644746007,0.003162169644746007,0.0031621696447460077,0.0031621696447460064,0.0031621696447460073,0.003162169644746007,0.003162169644746007,0.003162169644746007,0.0031621696447460073,0.0031621696447460073,0.0031621696447460077,0.003162169644746007,0.003162169644746007,0.0031621696447460073,0.0031621696447460077,0.0031621696447460077,0.0031621696447460073,0.0031621696447460073,0.0031621696447460073,0.0031621696447460077,0.0031621696447460077,0.003162169644746008,0.0031621696447460086,0.0031621696447460086,0.003162169644746009,0.0031621696447460073,0.003162169644746007,0.0031621696447460073,0.0031621696447460073,0.003162169644746007,0.0031621696447460073,0.003162169644746007,0.0031621696447460077,0.0031621696447460064,0.003162169644746007,0.003162169644746007,0.003162169644746007,0.003162169644746007,0.003162169644746007,0.003162169644746007,0.0031621696447460064,0.0031621696447460064,0.0031621696447460064,0.003162169644746007,0.0031621696447460064,0.003162169644746007,0.003162169644746006,0.003162169644746006,0.0031621696447460055,0.0031621696447460055,0.003162169644746005,0.0031621696447460055,0.003162169644746006,0.003162169644746007,0.003162169644746007,0.0031621696447460055,0.0031621696447460055,0.0031621696447460064,0.0031621696447460055,0.003162169644746006,0.0031621696447460073,0.0031621696447460073,0.003162169644746007,0.0031621696447460055,0.003162169644746007,0.003162169644746007,0.003162169644746007,0.0031621696447460064,0.003162169644746006,0.0031621696447460047,0.0031621696447460042,0.0031621696447460073,0.0031621696447460073,0.003162169644746005,0.003162169644746005,0.0031621696447460055,0.003162169644746005,0.003162169644746007,0.0031621696447460064,0.003162169644746006,0.0031621696447460064,0.003162169644746007,0.0031621696447460073,0.003162169644746007,0.0031621696447460064,0.0031621696447460064,0.0031621696447460055,0.0031621696447460064,0.0031621696447460073,0.0031621696447460073,0.003162169644746007,0.003162169644746007,0.0031621696447460064,0.0031621696447460073,0.0031621696447460055,0.0031621696447460055,0.0031621696447460077,0.003162169644746007,0.0031621696447460073,0.0031621696447460077,0.0031621696447460077,0.0031621696447460077,0.0031621696447460077,0.0031621696447460077,0.0031621696447460077,0.0031621696447460073,0.0031621696447460077,0.0031621696447460077,0.0031621696447460077,0.003162169644746008,0.0031621696447460077,0.003162169644746008,0.0031621696447460086,0.0031621696447460086,0.0031621696447460064,0.0031621696447460077,0.003162169644746008,0.0031621696447460077,0.003162169644746008,0.003162169644746008,0.0031621696447460077,0.0031621696447460086,0.0031621696447460077,0.0031621696447460077,0.0031621696447460077,0.0031621696447460077,0.0031621696447460077,0.0031621696447460086,0.003162169644746008,0.0031621696447460073,0.0031621696447460073,0.003162169644746007,0.0031621696447460073,0.0031621696447460073,0.0031621696447460073,0.0031621696447460073,0.0031621696447460073,0.0031621696447460073,0.003162169644746007,0.0031621696447460073,0.0031621696447460073,0.0031621696447460073,0.003162169644746007,0.0031621696447460064,0.0031621696447460073,0.003162169644746007,0.003162169644746008,0.0031621696447460077,0.0031621696447460073,0.0031621696447460073,0.0031621696447460077,0.0031621696447460077,0.0031621696447460077,0.0031621696447460073,0.0031621696447460086,0.0031621696447460086,0.0031621696447460086,0.003162169644746006,0.0031621696447460077,0.0031621696447460077,0.003162169644746008,0.0031621696447460073,0.0031621696447460073,0.0031621696447460077,0.0031621696447460086,0.003162169644746008,0.003162169644746008,0.0031621696447460077,0.003162169644746008,0.003162169644746008,0.003162169644746008,0.0031621696447460073,0.0031621696447460077,0.0031621696447460086,0.0031621696447460086,0.003162169644746008,0.0031621696447460077,0.0031621696447460077,0.003162169644746008,0.0031621696447460073,0.0031621696447460086,0.0031621696447460077,0.003162169644746009,0.003162169644746007,0.003162169644746008,0.003162169644746007,0.0031621696447460064,0.0031621696447460073,0.0031621696447460073,0.0031621696447460073,0.003162169644746006,0.0031621696447460055,0.0031621696447460073,0.0031621696447460064,0.0031621696447460064,0.003162169644746007,0.0031621696447460064,0.003162169644746007,0.003162169644746006,0.0031621696447460064,0.003162169644746007,0.003162169644746007,0.003162169644746005,0.0031621696447460073,0.0031621696447460077,0.003162169644746007,0.0031621696447460073,0.003162169644746006,0.003162169644746008,0.0031621696447460064,0.003162169644746007,0.0031621696447460077,0.0031621696447460064,0.003162169644746006,0.0031621696447460055,0.003162169644746007,0.003162169644746007,0.003162169644746007,0.003162169644746006,0.003162169644746007,0.0031621696447460055,0.0031621696447460064,0.003162169644746007,0.0031621696447460064,0.0031621696447460064,0.0031621696447460055,0.003162169644746007,0.0031621696447460064,0.0031621696447460064,0.0031621696447460064,0.0031621696447460064,0.0031621696447460073,0.0031621696447460073,0.0031621696447460064,0.003162169644746008,0.003162169644746007,0.0031621696447460073,0.003162169644746007,0.003162169644746007,0.0031621696447460077,0.0031621696447460077,0.003162169644746008,0.0031621696447460077,0.0031621696447460077,0.003162169644746008,0.003162169644746008,0.0031621696447460073,0.0031621696447460077,0.0031621696447460077,0.0031621696447460077,0.0031621696447460073,0.003162169644746008,0.0031621696447460073,0.0031621696447460077,0.003162169644746008,0.0031621696447460077,0.0031621696447460077,0.0031621696447460095,0.0031621696447460073,0.003162169644746008,0.003162169644746008,0.0031621696447460073,0.0031621696447460086,0.0031621696447460073,0.003162169644746007,0.0031621696447460064,0.0031621696447460077,0.003162169644746007,0.0031621696447460064,0.003162169644746008,0.0031621696447460073,0.0031621696447460077,0.0031621696447460086,0.0031621696447460077,0.003162169644746008,0.0031621696447460077,0.0031621696447460077,0.0031621696447460077,0.0031621696447460077,0.0031621696447460077,0.0031621696447460077,0.0031621696447460077,0.003162169644746008,0.0031621696447460064,0.0031621696447460073,0.0031621696447460077,0.0031621696447460073,0.003162169644746007,0.0031621696447460064,0.003162169644746007,0.0031621696447460055,0.003162169644746007,0.0031621696447460073,0.003162169644746007,0.0031621696447460073,0.003162169644746007,0.0031621696447460095,0.003162169644746007,0.003162169644746007,0.0031621696447460073,0.0031621696447460073,0.003162169644746007,0.0031621696447460064,0.003162169644746007,0.003162169644746007,0.003162169644746007,0.0031621696447460077,0.0031621696447460064,0.0031621696447460064,0.0031621696447460073,0.003162169644746006,0.003162169644746007,0.003162169644746006,0.0031621696447460064,0.003162169644746007,0.0031621696447460073,0.003162169644746006,0.0031621696447460064,0.003162169644746006,0.0031621696447460055,0.0031621696447460055,0.0031621696447460064,0.003162169644746006,0.0031621696447460064,0.0031621696447460064,0.003162169644746006,0.003162169644746006,0.003162169644746007,0.003162169644746007,0.003162169644746006,0.0031621696447460064,0.003162169644746005,0.0031621696447460055,0.0031621696447460064,0.0031621696447460055,0.003162169644746006,0.0031621696447460064,0.003162169644746005,0.0031621696447460064,0.0031621696447460055,0.0031621696447460077,0.0031621696447460064,0.003162169644746007,0.003162169644746006,0.0031621696447460064,0.003162169644746006,0.003162169644746006,0.0031621696447460073,0.003162169644746007,0.0031621696447460064,0.0031621696447460055,0.0031621696447460073,0.0031621696447460073,0.0031621696447460073,0.003162169644746008,0.0031621696447460073,0.0031621696447460077,0.0031621696447460077,0.003162169644746008,0.0031621696447460086,0.003162169644746007,0.0031621696447460073,0.0031621696447460073,0.003162169644746007,0.003162169644746009,0.003162169644746007,0.003162169644746007,0.003162169644746007,0.003162169644746007,0.003162169644746007,0.003162169644746007,0.003162169644746007,0.003162169644746008,0.0031621696447460077,0.0031621696447460073,0.003162169644746008,0.003162169644746008,0.0031621696447460077,0.0031621696447460086,0.003162169644746008,0.003162169644746007,0.003162169644746007,0.0031621696447460064,0.0031621696447460073,0.0031621696447460073,0.0031621696447460073,0.0031621696447460073,0.0031621696447460077,0.0031621696447460073,0.0031621696447460073,0.0031621696447460077,0.0031621696447460064,0.0031621696447460073,0.0031621696447460073,0.0031621696447460073,0.0031621696447460073,0.0031621696447460077,0.003162169644746007,0.0031621696447460073,0.003162169644746007,0.003162169644746007,0.0031621696447460077,0.0031621696447460086,0.0031621696447460077,0.0031621696447460073,0.0031621696447460077,0.0031621696447460077,0.0031621696447460077,0.0031621696447460077,0.003162169644746008,0.0031621696447460073,0.0031621696447460086,0.003162169644746009,0.003162169644746008,0.0031621696447460077,0.0031621696447460077,0.0031621696447460073,0.0031621696447460073,0.0031621696447460073,0.003162169644746007,0.0031621696447460073,0.0031621696447460077,0.003162169644746007,0.003162169644746007,0.0031621696447460073,0.003162169644746007,0.003162169644746007,0.0031621696447460064,0.0031621696447460073,0.0031621696447460073,0.003162169644746007,0.0031621696447460064,0.003162169644746007,0.0031621696447460064,0.0031621696447460073,0.0031621696447460073,0.0031621696447460073,0.003162169644746007,0.003162169644746007,0.003162169644746007,0.0031621696447460073,0.0031621696447460064,0.0031621696447460073,0.003162169644746007,0.003162169644746007,0.003162169644746007,0.0031621696447460073,0.0031621696447460073,0.003162169644746007,0.0031621696447460073,0.003162169644746006,0.0031621696447460064,0.0031621696447460073,0.0031621696447460064,0.0031621696447460064,0.003162169644746008,0.0031621696447460064,0.003162169644746007,0.003162169644746008,0.003162169644746008,0.003162169644746008,0.0031621696447460064,0.0031621696447460064,0.0031621696447460073,0.0031621696447460077,0.003162169644746008,0.003162169644746008,0.0031621696447460077,0.003162169644746008,0.0031621696447460077,0.0031621696447460073,0.0031621696447460073,0.003162169644746007,0.0031621696447460073,0.003162169644746007,0.0031621696447460064,0.003162169644746009,0.0031621696447460077,0.0031621696447460077,0.003162169644746008,0.003162169644746008,0.003162169644746008,0.0031621696447460077,0.0031621696447460095,0.003162169644746007,0.003162169644746008,0.0031621696447460077,0.003162169644746008,0.003162169644746008,0.003162169644746008,0.003162169644746009,0.0031621696447460086,0.0031621696447460064,0.003162169644746008,0.003162169644746008,0.0031621696447460086,0.0031621696447460077,0.0031621696447460077,0.0031621696447460077,0.0031621696447460073,0.003162169644746007,0.003162169644746007,0.003162169644746007,0.003162169644746007,0.003162169644746007,0.003162169644746007,0.0031621696447460073,0.0031621696447460077,0.0031621696447460073,0.003162169644746008,0.0031621696447460077,0.0031621696447460073,0.003162169644746008,0.003162169644746008,0.0031621696447460073,0.0031621696447460077,0.0031621696447460073,0.003162169644746008,0.0031621696447460077,0.0031621696447460077,0.0031621696447460077,0.0031621696447460077,0.003162169644746008,0.0031621696447460086,0.003162169644746008,0.003162169644746008,0.003162169644746005,0.0031621696447460095,0.0031621696447460086,0.003162169644746009,0.0031621696447460095,0.0031621696447460103,0.00316216964474601,0.0031621696447460108,0.0031621696447460103,0.0031621696447460103,0.0031621696447460103,0.0031621696447460095,0.00316216964474601,0.00316216964474601,0.0031621696447460103,0.0031621696447460108,0.0031621696447460103,0.0031621696447460095,0.0031621696447460108,0.0031621696447460086,0.0031621696447460103,0.0031621696447460095,0.003162169644746009,0.0031621696447460086,0.0031621696447460095,0.00316216964474601,0.003162169644746009,0.0031621696447460103,0.00316216964474601,0.00316216964474601,0.003162169644746011,0.00316216964474601,0.00316216964474601,0.003162169644746007,0.003162169644746009,0.003162169644746009,0.0031621696447460095,0.00316216964474601,0.0031621696447460095,0.0031621696447460095,0.003162169644746009,0.003162169644746009,0.003162169644746009,0.00316216964474601,0.0031621696447460077,0.0031621696447460086,0.003162169644746008,0.0031621696447460086,0.0031621696447460077,0.003162169644746008,0.003162169644746008,0.003162169644746008,0.0031621696447460086,0.0031621696447460086,0.0031621696447460086,0.0031621696447460086,0.0031621696447460086,0.0031621696447460086,0.003162169644746008,0.0031621696447460095,0.0031621696447460077,0.003162169644746009,0.003162169644746008,0.0031621696447460086,0.0031621696447460077,0.003162169644746008,0.0031621696447460077,0.003162169644746008,0.0031621696447460064,0.0031621696447460073,0.0031621696447460073,0.0031621696447460077,0.0031621696447460073,0.0031621696447460064,0.003162169644746007,0.003162169644746007,0.0031621696447460073,0.0031621696447460077,0.003162169644746007,0.0031621696447460073,0.003162169644746007,0.003162169644746007,0.0031621696447460073,0.0031621696447460055,0.003162169644746008,0.0031621696447460077,0.003162169644746007,0.0031621696447460073,0.003162169644746007,0.0031621696447460077,0.0031621696447460077,0.003162169644746006,0.0031621696447460073,0.003162169644746006,0.003162169644746007,0.0031621696447460077,0.003162169644746008,0.0031621696447460077,0.003162169644746008,0.003162169644746008,0.003162169644746008,0.0031621696447460073,0.0031621696447460077,0.0031621696447460077,0.0031621696447460086,0.0031621696447460077,0.003162169644746007,0.0031621696447460073,0.003162169644746009,0.0031621696447460064,0.0031621696447460073,0.003162169644746008,0.0031621696447460073,0.003162169644746008,0.003162169644746008,0.003162169644746008,0.003162169644746008,0.0031621696447460073,0.0031621696447460073,0.0031621696447460073,0.0031621696447460095,0.003162169644746008,0.003162169644746008,0.003162169644746008,0.0031621696447460073,0.003162169644746008,0.0031621696447460086,0.0031621696447460073,0.0031621696447460064,0.003162169644746007,0.0031621696447460077,0.003162169644746007,0.0031621696447460073,0.0031621696447460073,0.0031621696447460064,0.003162169644746007,0.0031621696447460073,0.003162169644746007,0.003162169644746007,0.003162169644746007,0.0031621696447460073,0.003162169644746006,0.0031621696447460064,0.003162169644746005,0.003162169644746007,0.003162169644746007,0.0031621696447460064,0.0031621696447460073,0.003162169644746007,0.003162169644746007,0.0031621696447460064,0.0031621696447460077,0.003162169644746008,0.0031621696447460077,0.003162169644746008,0.003162169644746008,0.003162169644746008,0.003162169644746008,0.0031621696447460077,0.0031621696447460077,0.0031621696447460086,0.003162169644746007,0.0031621696447460073,0.0031621696447460077,0.0031621696447460073,0.0031621696447460073,0.0031621696447460073,0.003162169644746007,0.0031621696447460073,0.0031621696447460077,0.003162169644746007,0.0031621696447460073,0.003162169644746008,0.003162169644746007,0.003162169644746007,0.003162169644746007,0.003162169644746007,0.003162169644746007,0.0031621696447460073,0.003162169644746007,0.003162169644746007,0.0031621696447460073,0.003162169644746007,0.003162169644746007,0.0031621696447460064,0.0031621696447460077,0.003162169644746008,0.003162169644746008,0.003162169644746008,0.0031621696447460077,0.0031621696447460077,0.0031621696447460077,0.0031621696447460077,0.003162169644746008,0.0031621696447460077,0.0031621696447460077,0.003162169644746008,0.0031621696447460077,0.0031621696447460077,0.0031621696447460086,0.003162169644746007,0.003162169644746009,0.0031621696447460077,0.0031621696447460086,0.003162169644746008,0.003162169644746008,0.0031621696447460077,0.0031621696447460077,0.0031621696447460073,0.0031621696447460077,0.0031621696447460073,0.003162169644746008,0.003162169644746008,0.0031621696447460077,0.0031621696447460073,0.0031621696447460077,0.0031621696447460077,0.0031621696447460077,0.003162169644746008,0.003162169644746008,0.0031621696447460073,0.0031621696447460077,0.003162169644746008,0.0031621696447460077,0.0031621696447460077,0.0031621696447460095,0.003162169644746009,0.003162169644746009,0.0031621696447460077,0.0031621696447460086,0.0031621696447460095,0.003162169644746009,0.0031621696447460086,0.0031621696447460077,0.0031621696447460095,0.003162169644746008,0.0031621696447460095,0.003162169644746009,0.003162169644746009,0.0031621696447460086,0.0031621696447460077,0.0031621696447460086,0.003162169644746008,0.003162169644746009,0.003162169644746008,0.003162169644746008,0.003162169644746009,0.0031621696447460077,0.0031621696447460095,0.0031621696447460086,0.003162169644746008,0.0031621696447460108,0.003162169644746009,0.003162169644746009,0.003162169644746009,0.0031621696447460095,0.0031621696447460086,0.00316216964474601,0.0031621696447460086,0.003162169644746009,0.0031621696447460086,0.00316216964474601,0.0031621696447460086,0.0031621696447460077,0.003162169644746008,0.0031621696447460086,0.0031621696447460095,0.0031621696447460095,0.0031621696447460095,0.0031621696447460095,0.003162169644746009,0.00316216964474601,0.0031621696447460086,0.003162169644746009,0.0031621696447460077,0.0031621696447460077,0.00316216964474601,0.0031621696447460086,0.003162169644746009,0.0031621696447460077,0.0031621696447460086,0.0031621696447460073,0.0031621696447460073,0.0031621696447460095,0.0031621696447460077,0.0031621696447460077,0.0031621696447460073,0.0031621696447460073,0.003162169644746007,0.0031621696447460073,0.0031621696447460073,0.003162169644746007,0.0031621696447460077,0.0031621696447460073,0.003162169644746007,0.0031621696447460073,0.003162169644746007,0.003162169644746007,0.003162169644746007,0.0031621696447460073,0.0031621696447460064,0.003162169644746007,0.0031621696447460077,0.003162169644746008,0.003162169644746008,0.003162169644746008,0.003162169644746008,0.003162169644746008,0.0031621696447460064,0.0031621696447460077,0.0031621696447460077,0.0031621696447460077,0.003162169644746008,0.0031621696447460073,0.003162169644746008,0.003162169644746008,0.0031621696447460077,0.003162169644746008,0.0031621696447460077,0.003162169644746007,0.0031621696447460073,0.0031621696447460073,0.0031621696447460073,0.0031621696447460073,0.003162169644746007,0.003162169644746007,0.003162169644746007,0.0031621696447460073,0.003162169644746007,0.003162169644746007,0.0031621696447460073,0.003162169644746007,0.003162169644746006,0.003162169644746009,0.0031621696447460086,0.0031621696447460077,0.0031621696447460073,0.003162169644746008,0.0031621696447460086,0.0031621696447460077,0.0031621696447460073,0.003162169644746008,0.0031621696447460064,0.0031621696447460073,0.0031621696447460073,0.003162169644746008,0.0031621696447460077,0.003162169644746008,0.0031621696447460077,0.003162169644746008,0.0031621696447460073,0.003162169644746008,0.0031621696447460086,0.0031621696447460073,0.0031621696447460073,0.0031621696447460073,0.003162169644746007,0.0031621696447460064,0.0031621696447460077,0.0031621696447460064,0.0031621696447460073,0.0031621696447460073,0.003162169644746007,0.0031621696447460073,0.003162169644746007,0.0031621696447460073,0.003162169644746007,0.003162169644746009,0.003162169644746007,0.0031621696447460077,0.0031621696447460064,0.0031621696447460073,0.003162169644746007,0.003162169644746008,0.0031621696447460077,0.003162169644746008,0.0031621696447460073,0.003162169644746008,0.0031621696447460073,0.0031621696447460077,0.0031621696447460077,0.0031621696447460077,0.0031621696447460086,0.003162169644746008,0.0031621696447460077,0.0031621696447460077,0.003162169644746008,0.003162169644746008,0.0031621696447460086,0.0031621696447460073,0.0031621696447460095,0.0031621696447460095,0.003162169644746008,0.0031621696447460077,0.003162169644746008,0.0031621696447460077,0.0031621696447460077,0.0031621696447460073,0.003162169644746007,0.0031621696447460073,0.0031621696447460086,0.003162169644746007,0.0031621696447460077,0.003162169644746007,0.003162169644746007,0.0031621696447460086,0.0031621696447460073,0.003162169644746008,0.003162169644746008,0.0031621696447460073,0.003162169644746007,0.003162169644746007,0.0031621696447460073,0.003162169644746007,0.003162169644746007,0.0031621696447460073,0.0031621696447460073,0.0031621696447460073,0.0031621696447460077,0.003162169644746007,0.003162169644746007,0.0031621696447460073,0.003162169644746007,0.0031621696447460055,0.0031621696447460077,0.003162169644746007,0.0031621696447460073,0.0031621696447460073,0.0031621696447460073,0.003162169644746007,0.0031621696447460064,0.003162169644746008,0.003162169644746008,0.003162169644746008,0.0031621696447460073,0.0031621696447460077,0.003162169644746008,0.0031621696447460077,0.0031621696447460086,0.003162169644746008,0.0031621696447460073,0.003162169644746008,0.003162169644746009,0.0031621696447460095,0.0031621696447460086,0.0031621696447460077,0.0031621696447460073,0.0031621696447460073,0.003162169644746009,0.0031621696447460077,0.0031621696447460077,0.003162169644746008,0.003162169644746008,0.0031621696447460077,0.003162169644746008,0.003162169644746009,0.0031621696447460073,0.0031621696447460073,0.0031621696447460073,0.0031621696447460073,0.0031621696447460073,0.0031621696447460073,0.003162169644746007,0.003162169644746007,0.0031621696447460064,0.0031621696447460086,0.0031621696447460086,0.0031621696447460073,0.0031621696447460077,0.003162169644746008,0.0031621696447460064,0.003162169644746007,0.0031621696447460064,0.0031621696447460064,0.0031621696447460086,0.003162169644746008,0.0031621696447460073,0.0031621696447460077,0.003162169644746008,0.003162169644746008,0.0031621696447460073,0.0031621696447460077,0.003162169644746008,0.003162169644746008,0.003162169644746008,0.003162169644746009,0.0031621696447460086,0.0031621696447460073,0.003162169644746007,0.0031621696447460077,0.0031621696447460073,0.0031621696447460073,0.0031621696447460073,0.0031621696447460073,0.0031621696447460073,0.0031621696447460073,0.003162169644746007,0.003162169644746007,0.003162169644746007,0.003162169644746007,0.003162169644746007,0.003162169644746007,0.0031621696447460073,0.003162169644746007,0.0031621696447460073,0.003162169644746007,0.003162169644746007,0.003162169644746008,0.003162169644746008,0.003162169644746008,0.0031621696447460073,0.0031621696447460086,0.0031621696447460077,0.0031621696447460077,0.0031621696447460077,0.0031621696447460077,0.003162169644746008,0.003162169644746008,0.003162169644746008,0.0031621696447460077,0.003162169644746008,0.0031621696447460077,0.0031621696447460077,0.0031621696447460077,0.003162169644746008,0.0031621696447460077,0.003162169644746008,0.0031621696447460077,0.003162169644746008,0.003162169644746008,0.0031621696447460077,0.003162169644746008,0.0031621696447460077,0.00316216964474601,0.0031621696447460073,0.0031621696447460073,0.0031621696447460077,0.003162169644746009,0.003162169644746008,0.0031621696447460077,0.0031621696447460077,0.003162169644746008,0.003162169644746007,0.0031621696447460064,0.003162169644746009,0.003162169644746008,0.0031621696447460095,0.003162169644746008,0.0031621696447460086,0.0031621696447460077,0.0031621696447460073,0.0031621696447460095,0.0031621696447460073,0.0031621696447460073,0.0031621696447460077,0.0031621696447460073,0.0031621696447460073,0.003162169644746007,0.0031621696447460073,0.003162169644746007,0.0031621696447460073,0.0031621696447460077,0.003162169644746008,0.003162169644746006,0.0031621696447460077,0.0031621696447460077,0.003162169644746008,0.003162169644746008,0.0031621696447460077,0.003162169644746008,0.0031621696447460077,0.003162169644746007,0.0031621696447460073,0.0031621696447460095,0.0031621696447460077,0.0031621696447460077,0.003162169644746008,0.0031621696447460077,0.0031621696447460077,0.0031621696447460086,0.0031621696447460077,0.0031621696447460077,0.0031621696447460073,0.003162169644746007,0.003162169644746007,0.003162169644746008,0.003162169644746008,0.0031621696447460073,0.003162169644746008,0.0031621696447460077,0.003162169644746008,0.0031621696447460077,0.003162169644746008,0.0031621696447460095,0.0031621696447460095,0.0031621696447460095,0.003162169644746008,0.0031621696447460077,0.003162169644746008,0.0031621696447460064,0.003162169644746008,0.0031621696447460077,0.0031621696447460086,0.0031621696447460073,0.003162169644746008,0.0031621696447460077,0.0031621696447460095,0.003162169644746009,0.0031621696447460086,0.003162169644746008,0.003162169644746009,0.0031621696447460064,0.003162169644746009,0.003162169644746008,0.003162169644746007,0.0031621696447460073,0.003162169644746007,0.003162169644746007,0.003162169644746007,0.0031621696447460064,0.0031621696447460073,0.003162169644746007,0.0031621696447460073,0.003162169644746007,0.0031621696447460064,0.003162169644746007,0.003162169644746007,0.0031621696447460073,0.0031621696447460064,0.003162169644746006,0.0031621696447460155,0.003162169644746009,0.0031621696447460095,0.003162169644746006,0.0031621696447460194,0.0031621696447460164,0.0031621696447460173,0.0031621696447460173,0.0031621696447460177,0.0031621696447460177,0.0031621696447460173,0.003162169644746017,0.0031621696447460164,0.0031621696447460164,0.003162169644746016,0.003162169644746013,0.0031621696447460177,0.0031621696447460155,0.0031621696447460173,0.003162169644746018,0.003162169644746017,0.0031621696447460173,0.0031621696447460177,0.0031621696447460173,0.0031621696447460173,0.0031621696447460177,0.0031621696447460164,0.003162169644746018,0.0031621696447460177,0.0031621696447460155,0.0031621696447460173,0.003162169644746017,0.0031621696447460164,0.003162169644746017,0.0031621696447460173,0.003162169644746017,0.003162169644746017,0.0031621696447460164,0.0031621696447460173,0.003162169644746017,0.0031621696447460164,0.003162169644746016,0.0031621696447460155,0.003162169644746016,0.003162169644746018,0.003162169644746016,0.0031621696447460155,0.003162169644746016,0.0031621696447460177,0.003162169644746017,0.0031621696447460194,0.003162169644746016,0.0031621696447460177,0.0031621696447460173,0.0031621696447460177,0.0031621696447460173,0.003162169644746017,0.0031621696447460177,0.0031621696447460164,0.0031621696447460164,0.0031621696447460177,0.0031621696447460177,0.0031621696447460173,0.0031621696447460177,0.0031621696447460173,0.0031621696447460173,0.0031621696447460173,0.0031621696447460177,0.0031621696447460177,0.0031621696447460173,0.003162169644746017,0.003162169644746017,0.003162169644746017,0.0031621696447460173,0.0031621696447460173,0.0031621696447460177,0.003162169644746018,0.003162169644746018,0.0031621696447460177,0.003162169644746017,0.003162169644746018,0.003162169644746018,0.0031621696447460173,0.003162169644746018,0.0031621696447460177,0.0031621696447460173,0.0031621696447460173,0.0031621696447460177,0.003162169644746017,0.0031621696447460173,0.0031621696447460173,0.003162169644746017,0.0031621696447460173,0.003162169644746017,0.0031621696447460177,0.003162169644746019,0.0031621696447460164,0.003162169644746018,0.003162169644746017,0.003162169644746017,0.003162169644746017,0.0031621696447460164,0.0031621696447460164,0.003162169644746017,0.0031621696447460164,0.0031621696447460173,0.003162169644746017,0.0031621696447460173,0.003162169644746018,0.003162169644746019,0.0031621696447460173,0.0031621696447460186,0.0031621696447460186,0.0031621696447460186,0.0031621696447460186,0.0031621696447460194,0.003162169644746018,0.003162169644746016,0.0031621696447460186,0.0031621696447460173,0.0031621696447460177,0.003162169644746018,0.0031621696447460177,0.0031621696447460173,0.003162169644746016,0.0031621696447460147,0.0031621696447460155,0.0031621696447460164,0.003162169644746016,0.003162169644746016,0.0031621696447460164,0.0031621696447460173,0.003162169644746017,0.003162169644746017,0.0031621696447460164,0.003162169644746016,0.003162169644746017,0.0031621696447460164,0.003162169644746016,0.003162169644746016,0.0031621696447460164,0.0031621696447460164,0.0031621696447460164,0.003162169644746016,0.0031621696447460164,0.0031621696447460164,0.003162169644746017,0.003162169644746016,0.003162169644746023,0.0031621696447460203,0.0031621696447460203,0.0031621696447460194,0.0031621696447460203,0.003162169644746021,0.0031621696447460238,0.003162169644746024,0.0031621696447460233,0.003162169644746023,0.003162169644746023,0.003162169644746023,0.003162169644746023,0.0031621696447460225,0.0031621696447460216,0.0031621696447460225,0.003162169644746022,0.003162169644746023,0.003162169644746024,0.0031621696447460238,0.0031621696447460246,0.0031621696447460233,0.0031621696447460246,0.0031621696447460246,0.003162169644746024,0.003162169644746025,0.003162169644746025,0.003162169644746026,0.0031621696447460246,0.003162169644746027,0.0031621696447460264,0.003162169644746026,0.0031621696447460255,0.003162169644746024,0.003162169644746024,0.003162169644746025,0.003162169644746025,0.0031621696447460255,0.003162169644746024,0.003162169644746025,0.0031621696447460246,0.0031621696447460246,0.0031621696447460255,0.003162169644746024,0.0031621696447460255,0.0031621696447460238,0.0031621696447460246,0.0031621696447460246,0.003162169644746025,0.0031621696447460255,0.0031621696447460246,0.0031621696447460246,0.0031621696447460246,0.003162169644746024,0.0031621696447460255,0.003162169644746024,0.0031621696447460246,0.0031621696447460246,0.0031621696447460246,0.0031621696447460246,0.0031621696447460246,0.0031621696447460246,0.003162169644746023,0.003162169644746024,0.0031621696447460246,0.0031621696447460246,0.003162169644746024,0.003162169644746024,0.003162169644746024,0.003162169644746025,0.0031621696447460246,0.003162169644746024,0.003162169644746024,0.0031621696447460238,0.003162169644746024,0.0031621696447460238,0.0031621696447460238,0.0031621696447460246,0.003162169644746024,0.003162169644746025,0.003162169644746025,0.0031621696447460238,0.0031621696447460238,0.003162169644746024,0.003162169644746024,0.0031621696447460238,0.0031621696447460233,0.0031621696447460233,0.003162169644746024,0.0031621696447460246,0.0031621696447460246,0.0031621696447460246,0.0031621696447460246,0.0031621696447460255,0.003162169644746024,0.003162169644746024,0.003162169644746024,0.003162169644746024,0.003162169644746024,0.0031621696447460233,0.0031621696447460238,0.0031621696447460233,0.0031621696447460233,0.0031621696447460238,0.003162169644746024,0.003162169644746024,0.0031621696447460246,0.003162169644746024,0.003162169644746024,0.003162169644746024,0.003162169644746024,0.003162169644746024,0.0031621696447460246,0.0031621696447460264,0.003162169644746024,0.003162169644746024,0.0031621696447460255,0.003162169644746025,0.003162169644746025,0.0031621696447460238,0.0031621696447460238,0.003162169644746024,0.003162169644746024,0.0031621696447460238,0.003162169644746024,0.0031621696447460238,0.0031621696447460233,0.0031621696447460233,0.0031621696447460238,0.003162169644746023,0.00316216964474602,0.003162169644746019,0.0031621696447460194,0.003162169644746019,0.003162169644746019,0.003162169644746019,0.00316216964474602,0.0031621696447460173,0.0031621696447460173,0.0031621696447460177,0.003162169644746018,0.0031621696447460186,0.0031621696447460177,0.0031621696447460173,0.003162169644746017,0.0031621696447460186,0.003162169644746018,0.003162169644746018,0.0031621696447460177,0.003162169644746019,0.0031621696447460186,0.003162169644746018,0.0031621696447460186,0.0031621696447460194,0.0031621696447460194,0.0031621696447460186,0.0031621696447460186,0.003162169644746018,0.0031621696447460177,0.0031621696447460186,0.003162169644746018,0.0031621696447460186,0.0031621696447460177,0.003162169644746018,0.003162169644746019,0.003162169644746018,0.003162169644746019,0.0031621696447460186,0.003162169644746018,0.003162169644746019,0.0031621696447460186,0.003162169644746019,0.003162169644746019,0.003162169644746017,0.003162169644746019,0.003162169644746018,0.0031621696447460186,0.003162169644746017,0.0031621696447460186,0.0031621696447460186,0.0031621696447460203,0.003162169644746019,0.0031621696447460194,0.003162169644746019,0.003162169644746019,0.003162169644746019,0.003162169644746018,0.0031621696447460194,0.003162169644746018,0.0031621696447460177,0.0031621696447460177,0.003162169644746018,0.003162169644746018,0.0031621696447460186,0.003162169644746018,0.0031621696447460186,0.0031621696447460186,0.0031621696447460186,0.0031621696447460186,0.0031621696447460186,0.003162169644746018,0.003162169644746018,0.0031621696447460186,0.0031621696447460186,0.0031621696447460186,0.003162169644746019,0.0031621696447460207,0.003162169644746021,0.0031621696447460203,0.003162169644746021,0.0031621696447460225,0.0031621696447460238,0.0031621696447460216,0.0031621696447460225,0.0031621696447460216,0.0031621696447460225,0.0031621696447460207,0.0031621696447460216,0.0031621696447460216,0.003162169644746021,0.0031621696447460225,0.003162169644746022,0.00316216964474602,0.0031621696447460216,0.0031621696447460207,0.0031621696447460203,0.003162169644746021,0.003162169644746022,0.003162169644746022,0.003162169644746022,0.0031621696447460203,0.0031621696447460216,0.0031621696447460194,0.003162169644746021,0.003162169644746019,0.0031621696447460207,0.00316216964474602,0.003162169644746019,0.0031621696447460203,0.0031621696447460207,0.003162169644746022,0.00316216964474602,0.003162169644746022,0.00316216964474602,0.0031621696447460207,0.0031621696447460164,0.00316216964474602,0.003162169644746017,0.003162169644746017,0.003162169644746017,0.003162169644746016,0.0031621696447460164,0.003162169644746016,0.003162169644746015,0.003162169644746015,0.003162169644746015,0.003162169644746016,0.003162169644746015,0.0031621696447460173,0.003162169644746015,0.003162169644746015,0.0031621696447460147,0.0031621696447460147,0.003162169644746015,0.0031621696447460142,0.0031621696447460147,0.003162169644746015,0.0031621696447460147,0.0031621696447460147,0.003162169644746015,0.0031621696447460142,0.0031621696447460155,0.0031621696447460147,0.003162169644746015,0.003162169644746015,0.0031621696447460147,0.003162169644746015,0.0031621696447460155,0.0031621696447460147,0.0031621696447460155,0.0031621696447460142,0.0031621696447460147,0.003162169644746015,0.0031621696447460142,0.0031621696447460147,0.003162169644746015,0.0031621696447460142,0.003162169644746015,0.0031621696447460147,0.0031621696447460142,0.003162169644746017,0.003162169644746015,0.0031621696447460155,0.0031621696447460147,0.0031621696447460147,0.003162169644746015,0.0031621696447460147,0.0031621696447460147,0.0031621696447460147,0.003162169644746016,0.0031621696447460142,0.0031621696447460147,0.0031621696447460142,0.003162169644746015,0.0031621696447460147,0.003162169644746016,0.003162169644746016,0.003162169644746016,0.003162169644746016,0.0031621696447460155,0.003162169644746016,0.003162169644746017,0.003162169644746016,0.0031621696447460164,0.0031621696447460164,0.003162169644746017,0.003162169644746016,0.003162169644746017,0.003162169644746015,0.0031621696447460155,0.003162169644746016,0.0031621696447460155,0.003162169644746016,0.0031621696447460155,0.003162169644746016,0.0031621696447460147,0.0031621696447460147,0.0031621696447460147,0.003162169644746016,0.0031621696447460147,0.003162169644746014,0.0031621696447460147,0.003162169644746015,0.003162169644746015,0.0031621696447460155,0.0031621696447460147,0.003162169644746016,0.003162169644746014,0.003162169644746015,0.0031621696447460142,0.0031621696447460147,0.0031621696447460147,0.0031621696447460147,0.0031621696447460142,0.0031621696447460142,0.003162169644746014,0.003162169644746014,0.0031621696447460134,0.003162169644746014,0.003162169644746015,0.0031621696447460134,0.0031621696447460142,0.003162169644746014,0.0031621696447460142,0.0031621696447460134,0.003162169644746013,0.003162169644746014,0.003162169644746015,0.003162169644746013,0.0031621696447460134,0.0031621696447460147,0.0031621696447460142,0.0031621696447460125,0.0031621696447460147,0.003162169644746014,0.003162169644746014,0.003162169644746014,0.0031621696447460142,0.003162169644746014,0.0031621696447460142,0.0031621696447460142,0.003162169644746014,0.003162169644746013,0.003162169644746014,0.003162169644746014,0.0031621696447460142,0.0031621696447460142,0.0031621696447460142,0.0031621696447460147,0.0031621696447460147,0.003162169644746014,0.0031621696447460142,0.003162169644746015,0.0031621696447460142,0.0031621696447460142,0.003162169644746014,0.0031621696447460142,0.003162169644746014,0.003162169644746014,0.0031621696447460142,0.003162169644746014,0.0031621696447460142,0.0031621696447460125,0.0031621696447460134,0.0031621696447460147,0.0031621696447460142,0.003162169644746013,0.0031621696447460134,0.003162169644746014,0.0031621696447460142,0.0031621696447460134,0.003162169644746015,0.0031621696447460134,0.003162169644746014,0.003162169644746014,0.0031621696447460134,0.003162169644746015,0.003162169644746013,0.0031621696447460134,0.003162169644746014,0.0031621696447460147,0.003162169644746013,0.0031621696447460142,0.0031621696447460142,0.0031621696447460134,0.003162169644746012,0.003162169644746012,0.003162169644746014,0.0031621696447460125,0.0031621696447460125,0.003162169644746012,0.0031621696447460116,0.003162169644746011,0.0031621696447460073,0.0031621696447460064,0.003162169644746007,0.003162169644746005,0.0031621696447460064,0.0031621696447460064,0.0031621696447460064,0.003162169644746005,0.0031621696447460055,0.0031621696447460055,0.0031621696447460055,0.0031621696447460055,0.0031621696447460055,0.003162169644746004,0.0031621696447460042,0.0031621696447460042,0.0031621696447460055,0.0031621696447460042,0.0031621696447460064,0.003162169644746006,0.0031621696447460055,0.0031621696447460055,0.0031621696447460055,0.0031621696447460064,0.003162169644746007,0.0031621696447460055,0.0031621696447460047,0.0031621696447460042,0.0031621696447460055,0.003162169644746004,0.003162169644746006,0.0031621696447460042,0.0031621696447460047,0.003162169644746004,0.0031621696447460042,0.0031621696447460095,0.0031621696447460086,0.0031621696447460095,0.0031621696447460103,0.003162169644746009,0.0031621696447460108,0.0031621696447460103,0.0031621696447460103,0.00316216964474601,0.00316216964474601,0.0031621696447460125,0.0031621696447460103,0.0031621696447460103,0.0031621696447460103,0.0031621696447460103,0.0031621696447460108,0.003162169644746011,0.0031621696447460108,0.003162169644746011,0.003162169644746012,0.003162169644746011,0.0031621696447460116,0.0031621696447460125,0.003162169644746013,0.003162169644746013,0.003162169644746012,0.003162169644746012,0.0031621696447460134,0.0031621696447460125,0.0031621696447460134,0.003162169644746013,0.0031621696447460125,0.0031621696447460134,0.003162169644746013,0.0031621696447460125,0.0031621696447460125,0.0031621696447460134,0.003162169644746013,0.003162169644746013,0.0031621696447460134,0.0031621696447460125,0.0031621696447460125,0.0031621696447460125,0.003162169644746013,0.0031621696447460116,0.003162169644746012,0.003162169644746013,0.003162169644746012,0.003162169644746014,0.003162169644746014,0.003162169644746011,0.003162169644746013,0.003162169644746012,0.003162169644746014,0.0031621696447460125,0.003162169644746013,0.0031621696447460125,0.0031621696447460125,0.0031621696447460125,0.003162169644746012,0.0031621696447460125,0.003162169644746012,0.0031621696447460125,0.0031621696447460125,0.0031621696447460116,0.0031621696447460125,0.0031621696447460125,0.003162169644746012,0.003162169644746012,0.003162169644746013,0.003162169644746013,0.0031621696447460125,0.0031621696447460125,0.003162169644746013,0.0031621696447460125,0.003162169644746011,0.003162169644746013,0.0031621696447460134,0.0031621696447460125,0.003162169644746013,0.003162169644746013,0.0031621696447460134,0.0031621696447460134,0.003162169644746013,0.003162169644746013,0.0031621696447460134,0.003162169644746014,0.0031621696447460125,0.0031621696447460134,0.003162169644746012,0.003162169644746013,0.003162169644746013,0.0031621696447460125,0.0031621696447460125,0.003162169644746012,0.003162169644746012,0.003162169644746012,0.003162169644746013,0.003162169644746012,0.003162169644746013,0.0031621696447460125,0.0031621696447460125,0.0031621696447460125,0.003162169644746012,0.003162169644746013,0.003162169644746013,0.003162169644746013,0.003162169644746011,0.0031621696447460125,0.0031621696447460125,0.003162169644746013,0.0031621696447460125,0.0031621696447460142,0.003162169644746014,0.0031621696447460125,0.0031621696447460125,0.003162169644746013,0.0031621696447460125,0.0031621696447460125,0.003162169644746012,0.0031621696447460125,0.0031621696447460125,0.0031621696447460125,0.0031621696447460134,0.0031621696447460125,0.0031621696447460125,0.0031621696447460125,0.0031621696447460116,0.003162169644746013,0.003162169644746013,0.0031621696447460125,0.0031621696447460125,0.0031621696447460125,0.0031621696447460134,0.0031621696447460125,0.003162169644746013,0.0031621696447460125,0.0031621696447460155,0.0031621696447460134,0.0031621696447460134,0.003162169644746013,0.003162169644746014,0.0031621696447460147,0.0031621696447460142,0.0031621696447460194,0.0031621696447460147,0.0031621696447460164,0.003162169644746014,0.0031621696447460147,0.003162169644746015,0.0031621696447460142,0.0031621696447460155,0.0031621696447460134,0.003162169644746015,0.0031621696447460147,0.0031621696447460147,0.0031621696447460147,0.003162169644746015,0.0031621696447460142,0.0031621696447460155,0.0031621696447460142,0.003162169644746016,0.003162169644746016,0.0031621696447460155,0.0031621696447460147,0.003162169644746015,0.003162169644746016,0.003162169644746015,0.003162169644746015,0.0031621696447460147,0.003162169644746014,0.0031621696447460147,0.003162169644746015,0.0031621696447460142,0.003162169644746015,0.003162169644746014,0.003162169644746015,0.0031621696447460155,0.003162169644746015,0.003162169644746015,0.0031621696447460155,0.003162169644746015,0.003162169644746016,0.0031621696447460155,0.0031621696447460155,0.0031621696447460155,0.0031621696447460147,0.0031621696447460155,0.003162169644746014,0.0031621696447460147,0.0031621696447460155,0.0031621696447460134,0.003162169644746015,0.003162169644746015,0.003162169644746015,0.0031621696447460147,0.003162169644746015,0.003162169644746015,0.0031621696447460142,0.003162169644746015,0.003162169644746015,0.0031621696447460134,0.0031621696447460147,0.0031621696447460147,0.0031621696447460147,0.0031621696447460147,0.0031621696447460142,0.003162169644746015,0.0031621696447460147,0.0031621696447460142,0.003162169644746014,0.0031621696447460147,0.0031621696447460134,0.003162169644746016,0.0031621696447460134,0.0031621696447460142,0.003162169644746016,0.003162169644746014,0.0031621696447460147,0.0031621696447460142,0.0031621696447460134,0.003162169644746013,0.003162169644746013,0.0031621696447460147,0.003162169644746013,0.0031621696447460134,0.0031621696447460134,0.003162169644746014,0.003162169644746014,0.0031621696447460134,0.0031621696447460134,0.0031621696447460125,0.0031621696447460125,0.0031621696447460125,0.0031621696447460134,0.003162169644746013,0.0031621696447460155,0.0031621696447460134,0.0031621696447460134,0.0031621696447460142,0.0031621696447460134,0.003162169644746014,0.003162169644746014,0.003162169644746014,0.003162169644746014,0.003162169644746014,0.0031621696447460134,0.003162169644746014,0.0031621696447460142,0.0031621696447460142,0.0031621696447460134,0.0031621696447460142,0.0031621696447460125,0.0031621696447460142,0.0031621696447460134,0.0031621696447460134,0.0031621696447460142,0.0031621696447460125,0.003162169644746014,0.003162169644746014,0.0031621696447460125,0.0031621696447460142,0.003162169644746014,0.003162169644746013,0.003162169644746013,0.0031621696447460134,0.003162169644746013,0.003162169644746013,0.0031621696447460125,0.0031621696447460134,0.0031621696447460134,0.003162169644746013,0.0031621696447460134,0.0031621696447460125,0.0031621696447460125,0.0031621696447460125,0.0031621696447460125,0.0031621696447460125,0.0031621696447460116,0.003162169644746013,0.003162169644746013,0.003162169644746013,0.003162169644746013,0.003162169644746013,0.003162169644746014,0.003162169644746012,0.003162169644746013,0.003162169644746013,0.0031621696447460134,0.003162169644746013,0.003162169644746013,0.0031621696447460134,0.003162169644746013,0.0031621696447460125,0.003162169644746013,0.003162169644746013,0.003162169644746013,0.003162169644746012,0.0031621696447460125,0.003162169644746012,0.0031621696447460125,0.003162169644746013,0.0031621696447460134,0.003162169644746013,0.003162169644746013,0.0031621696447460125,0.003162169644746015,0.0031621696447460186,0.0031621696447460147,0.003162169644746016,0.003162169644746013,0.0031621696447460142,0.003162169644746014,0.003162169644746014,0.0031621696447460142,0.003162169644746014,0.0031621696447460142,0.003162169644746014,0.0031621696447460134,0.003162169644746013,0.0031621696447460125,0.003162169644746013,0.0031621696447460125,0.003162169644746012,0.003162169644746012,0.003162169644746012,0.0031621696447460125,0.003162169644746014,0.003162169644746013,0.003162169644746013,0.003162169644746013,0.0031621696447460125,0.003162169644746012,0.0031621696447460125,0.003162169644746013,0.0031621696447460125,0.0031621696447460125,0.0031621696447460125,0.003162169644746012,0.0031621696447460116,0.003162169644746012,0.0031621696447460125,0.0031621696447460125,0.003162169644746011,0.003162169644746013,0.0031621696447460116,0.0031621696447460125,0.003162169644746013,0.003162169644746013,0.0031621696447460125,0.003162169644746012,0.003162169644746012,0.0031621696447460125,0.0031621696447460125,0.0031621696447460125,0.0031621696447460125,0.003162169644746012,0.0031621696447460134,0.003162169644746012,0.003162169644746013,0.003162169644746013,0.003162169644746013,0.0031621696447460125,0.003162169644746013,0.0031621696447460134,0.003162169644746014,0.0031621696447460134,0.0031621696447460125,0.0031621696447460125,0.003162169644746012,0.003162169644746013,0.0031621696447460125,0.003162169644746013,0.0031621696447460125,0.003162169644746012,0.003162169644746012,0.0031621696447460125,0.0031621696447460134,0.0031621696447460125,0.0031621696447460125,0.0031621696447460125,0.0031621696447460125,0.003162169644746013,0.003162169644746013,0.0031621696447460125,0.003162169644746013,0.0031621696447460125,0.0031621696447460125,0.003162169644746012,0.0031621696447460134,0.0031621696447460134,0.0031621696447460134,0.003162169644746013,0.003162169644746013,0.003162169644746014,0.0031621696447460116,0.003162169644746013,0.0031621696447460134,0.0031621696447460125,0.003162169644746013,0.003162169644746013,0.0031621696447460125,0.0031621696447460134,0.0031621696447460125,0.003162169644746014,0.003162169644746013,0.0031621696447460142,0.003162169644746013,0.003162169644746011,0.0031621696447460116,0.003162169644746013,0.003162169644746013,0.003162169644746012,0.003162169644746013,0.0031621696447460125,0.0031621696447460125,0.003162169644746012,0.0031621696447460125,0.0031621696447460125,0.003162169644746013,0.0031621696447460116,0.003162169644746012,0.003162169644746012,0.0031621696447460125,0.003162169644746013,0.0031621696447460125,0.003162169644746012,0.0031621696447460116,0.0031621696447460116,0.003162169644746012,0.003162169644746012,0.0031621696447460125,0.0031621696447460125,0.0031621696447460125,0.003162169644746012,0.0031621696447460125,0.003162169644746012,0.0031621696447460116,0.003162169644746011,0.0031621696447460125,0.003162169644746013,0.003162169644746013,0.0031621696447460125,0.0031621696447460116,0.0031621696447460116,0.003162169644746011,0.0031621696447460125,0.003162169644746013,0.0031621696447460116,0.0031621696447460116,0.003162169644746012,0.0031621696447460125,0.0031621696447460116,0.003162169644746013,0.0031621696447460134,0.003162169644746013,0.003162169644746013,0.003162169644746013,0.003162169644746014,0.003162169644746014,0.003162169644746013,0.0031621696447460134,0.003162169644746013,0.003162169644746014,0.0031621696447460125,0.0031621696447460125,0.003162169644746013,0.003162169644746013,0.003162169644746012,0.0031621696447460125,0.0031621696447460125,0.003162169644746014,0.0031621696447460142,0.0031621696447460134,0.0031621696447460134,0.003162169644746014,0.003162169644746014,0.0031621696447460134,0.003162169644746014,0.0031621696447460142,0.0031621696447460134,0.0031621696447460134,0.0031621696447460134,0.003162169644746013,0.0031621696447460125,0.003162169644746014,0.003162169644746013,0.0031621696447460134,0.0031621696447460142,0.003162169644746014,0.003162169644746013,0.0031621696447460147,0.003162169644746014,0.0031621696447460142,0.003162169644746014,0.003162169644746013,0.003162169644746013,0.003162169644746013,0.003162169644746014,0.003162169644746014,0.003162169644746014,0.0031621696447460142,0.003162169644746014,0.0031621696447460142,0.0031621696447460134,0.0031621696447460125,0.0031621696447460125,0.0031621696447460125,0.0031621696447460125,0.003162169644746012,0.003162169644746012,0.003162169644746012,0.0031621696447460125,0.003162169644746013,0.0031621696447460125,0.0031621696447460125,0.0031621696447460125,0.003162169644746012,0.0031621696447460125,0.0031621696447460108,0.003162169644746012,0.003162169644746013,0.003162169644746012,0.003162169644746012,0.0031621696447460134,0.0031621696447460125,0.003162169644746013,0.0031621696447460134,0.0031621696447460134,0.003162169644746013,0.003162169644746013,0.003162169644746013,0.003162169644746013,0.003162169644746014,0.0031621696447460125,0.003162169644746013,0.003162169644746013,0.003162169644746012,0.003162169644746013,0.003162169644746013,0.003162169644746013,0.003162169644746012,0.0031621696447460125,0.003162169644746013,0.003162169644746013,0.0031621696447460125,0.0031621696447460116,0.0031621696447460116,0.003162169644746011,0.003162169644746011,0.003162169644746012,0.003162169644746012,0.003162169644746011,0.003162169644746011,0.003162169644746012,0.0031621696447460125,0.0031621696447460116,0.003162169644746013,0.0031621696447460125,0.0031621696447460125,0.0031621696447460125,0.0031621696447460125,0.0031621696447460125,0.0031621696447460125,0.003162169644746013,0.003162169644746011,0.0031621696447460116,0.0031621696447460116,0.003162169644746012,0.0031621696447460125,0.0031621696447460134,0.003162169644746011,0.003162169644746012,0.003162169644746012,0.003162169644746012,0.0031621696447460116,0.0031621696447460125,0.0031621696447460116,0.0031621696447460116,0.003162169644746012,0.003162169644746012,0.0031621696447460116,0.003162169644746013,0.003162169644746014,0.0031621696447460134,0.003162169644746014,0.003162169644746012,0.003162169644746013,0.003162169644746012,0.003162169644746013,0.0031621696447460125,0.0031621696447460125,0.0031621696447460134,0.0031621696447460134,0.0031621696447460125,0.003162169644746013,0.0031621696447460125,0.003162169644746013,0.003162169644746013,0.003162169644746013,0.0031621696447460125,0.0031621696447460125,0.003162169644746014,0.0031621696447460134,0.0031621696447460125,0.0031621696447460125,0.0031621696447460125,0.0031621696447460116,0.0031621696447460125,0.0031621696447460125,0.003162169644746013,0.003162169644746014,0.003162169644746014,0.003162169644746013,0.003162169644746013,0.003162169644746013,0.003162169644746013,0.003162169644746012,0.003162169644746013,0.003162169644746013,0.003162169644746013,0.0031621696447460125,0.0031621696447460134,0.003162169644746013,0.003162169644746013,0.003162169644746013,0.003162169644746013,0.0031621696447460134,0.0031621696447460125,0.003162169644746013,0.0031621696447460134,0.003162169644746013,0.0031621696447460125,0.0031621696447460125,0.0031621696447460125,0.003162169644746012,0.0031621696447460125,0.003162169644746013,0.0031621696447460125,0.003162169644746012,0.0031621696447460125,0.0031621696447460125,0.0031621696447460125,0.0031621696447460125,0.003162169644746013,0.0031621696447460125,0.0031621696447460125,0.0031621696447460125,0.003162169644746012,0.003162169644746013,0.0031621696447460125,0.0031621696447460125,0.0031621696447460108,0.0031621696447460125,0.003162169644746012,0.003162169644746013,0.0031621696447460116,0.003162169644746012,0.0031621696447460125,0.003162169644746012,0.0031621696447460125,0.003162169644746011,0.0031621696447460116,0.0031621696447460125,0.0031621696447460125,0.003162169644746013,0.0031621696447460116,0.0031621696447460125,0.0031621696447460116,0.003162169644746012,0.003162169644746013,0.0031621696447460125,0.0031621696447460125,0.0031621696447460134,0.003162169644746012,0.0031621696447460125,0.0031621696447460125,0.0031621696447460125,0.0031621696447460125,0.003162169644746013,0.003162169644746012,0.003162169644746013,0.003162169644746011,0.0031621696447460125,0.003162169644746013,0.0031621696447460134,0.0031621696447460125,0.0031621696447460125,0.003162169644746013,0.003162169644746013,0.003162169644746014,0.0031621696447460125,0.0031621696447460125,0.0031621696447460125,0.003162169644746013,0.0031621696447460108,0.0031621696447460125,0.003162169644746011,0.0031621696447460125,0.003162169644746011,0.003162169644746013,0.003162169644746012,0.0031621696447460116,0.003162169644746012,0.0031621696447460125,0.003162169644746013,0.0031621696447460134,0.0031621696447460125,0.003162169644746013,0.0031621696447460125,0.0031621696447460125,0.003162169644746012,0.0031621696447460116,0.0031621696447460134,0.0031621696447460116,0.0031621696447460125,0.0031621696447460134,0.0031621696447460116,0.003162169644746012,0.0031621696447460125,0.0031621696447460125,0.003162169644746013,0.003162169644746013,0.003162169644746013,0.003162169644746013,0.0031621696447460125,0.0031621696447460125,0.003162169644746014,0.0031621696447460125,0.0031621696447460134,0.003162169644746013,0.0031621696447460125,0.003162169644746014,0.0031621696447460134,0.0031621696447460125,0.003162169644746013,0.003162169644746013,0.0031621696447460125,0.0031621696447460134,0.003162169644746011,0.0031621696447460134,0.0031621696447460125,0.003162169644746013,0.0031621696447460134,0.003162169644746013,0.003162169644746013,0.003162169644746013,0.0031621696447460134,0.0031621696447460125,0.003162169644746012,0.0031621696447460125,0.0031621696447460125,0.0031621696447460125,0.003162169644746012,0.0031621696447460125,0.0031621696447460125,0.003162169644746013,0.003162169644746013,0.003162169644746012,0.0031621696447460125,0.0031621696447460125,0.003162169644746014,0.003162169644746011,0.0031621696447460134,0.003162169644746012,0.0031621696447460125,0.003162169644746013,0.003162169644746013,0.003162169644746014,0.0031621696447460125,0.0031621696447460125,0.0031621696447460125,0.003162169644746013,0.003162169644746012,0.003162169644746013,0.003162169644746013,0.0031621696447460134,0.003162169644746014,0.003162169644746012,0.003162169644746013,0.0031621696447460125,0.0031621696447460125,0.003162169644746012,0.003162169644746013,0.003162169644746011,0.003162169644746013,0.003162169644746012,0.003162169644746012,0.003162169644746012,0.003162169644746013,0.0031621696447460108,0.0031621696447460125,0.0031621696447460125,0.003162169644746012,0.003162169644746012,0.0031621696447460116,0.003162169644746013,0.003162169644746013,0.0031621696447460125,0.0031621696447460125,0.003162169644746013,0.003162169644746013,0.0031621696447460134,0.003162169644746013,0.0031621696447460125,0.0031621696447460125,0.0031621696447460125,0.0031621696447460125,0.0031621696447460125,0.003162169644746013,0.003162169644746014,0.003162169644746014,0.003162169644746012,0.003162169644746013,0.003162169644746013,0.0031621696447460134,0.0031621696447460125,0.003162169644746013,0.003162169644746013,0.003162169644746013,0.0031621696447460125,0.0031621696447460134,0.003162169644746013,0.0031621696447460134,0.003162169644746014,0.0031621696447460134,0.003162169644746014,0.0031621696447460134,0.0031621696447460125,0.003162169644746013,0.0031621696447460125,0.003162169644746012,0.003162169644746012,0.003162169644746012,0.003162169644746013,0.0031621696447460125,0.0031621696447460125,0.0031621696447460125,0.003162169644746013,0.0031621696447460125,0.0031621696447460125,0.003162169644746013,0.0031621696447460125,0.0031621696447460125,0.0031621696447460125,0.003162169644746012,0.003162169644746013,0.0031621696447460134,0.003162169644746011,0.0031621696447460125,0.003162169644746013,0.0031621696447460134,0.0031621696447460125,0.0031621696447460125,0.0031621696447460125,0.003162169644746013,0.0031621696447460125,0.0031621696447460125,0.0031621696447460125,0.0031621696447460125,0.003162169644746013,0.0031621696447460125,0.003162169644746013,0.0031621696447460125,0.003162169644746012,0.003162169644746012,0.0031621696447460125,0.003162169644746013,0.0031621696447460125,0.0031621696447460125,0.0031621696447460125,0.0031621696447460108,0.003162169644746012,0.0031621696447460134,0.0031621696447460125,0.003162169644746012,0.0031621696447460125,0.003162169644746013,0.003162169644746012,0.003162169644746013,0.003162169644746013,0.0031621696447460125,0.003162169644746013,0.003162169644746012,0.003162169644746013,0.003162169644746013,0.003162169644746013,0.0031621696447460134,0.003162169644746013,0.0031621696447460125,0.0031621696447460134,0.003162169644746013,0.003162169644746014,0.0031621696447460134,0.003162169644746013,0.003162169644746013,0.003162169644746013,0.003162169644746013,0.003162169644746014,0.0031621696447460134,0.0031621696447460142,0.0031621696447460134,0.003162169644746014,0.003162169644746014,0.003162169644746014,0.003162169644746014,0.0031621696447460142,0.003162169644746014,0.0031621696447460142,0.003162169644746014,0.003162169644746013,0.003162169644746014,0.0031621696447460134,0.0031621696447460142,0.0031621696447460134,0.003162169644746014,0.003162169644746014,0.0031621696447460134,0.003162169644746014,0.0031621696447460134,0.003162169644746014,0.003162169644746012,0.003162169644746014,0.0031621696447460134,0.003162169644746014,0.0031621696447460142,0.0031621696447460142,0.0031621696447460147,0.0031621696447460125,0.0031621696447460147,0.0031621696447460125,0.003162169644746013,0.003162169644746014,0.003162169644746013,0.003162169644746014,0.003162169644746014,0.0031621696447460134,0.003162169644746013,0.003162169644746013,0.0031621696447460134,0.003162169644746013,0.003162169644746013,0.0031621696447460125,0.0031621696447460125,0.003162169644746013,0.003162169644746013,0.003162169644746014,0.003162169644746014,0.0031621696447460134,0.003162169644746014,0.003162169644746015,0.003162169644746014,0.0031621696447460134,0.003162169644746014,0.003162169644746013,0.003162169644746014,0.0031621696447460134,0.003162169644746014,0.003162169644746013,0.0031621696447460134,0.0031621696447460134,0.0031621696447460134,0.0031621696447460125,0.003162169644746013,0.0031621696447460125,0.0031621696447460125,0.003162169644746012,0.0031621696447460125,0.0031621696447460125,0.0031621696447460125,0.0031621696447460134,0.0031621696447460125,0.003162169644746013,0.0031621696447460134,0.0031621696447460134,0.003162169644746013,0.003162169644746013,0.003162169644746013,0.0031621696447460125,0.0031621696447460134,0.003162169644746013,0.0031621696447460142,0.003162169644746014,0.0031621696447460125,0.003162169644746014,0.0031621696447460134,0.0031621696447460134,0.003162169644746014,0.0031621696447460142,0.003162169644746013,0.003162169644746013,0.0031621696447460134,0.003162169644746013,0.003162169644746013,0.003162169644746014,0.0031621696447460125,0.003162169644746013,0.003162169644746012,0.003162169644746013,0.0031621696447460125,0.0031621696447460125,0.0031621696447460125,0.003162169644746012,0.003162169644746012,0.0031621696447460125,0.0031621696447460134,0.003162169644746014,0.0031621696447460125,0.0031621696447460125,0.0031621696447460125,0.003162169644746013,0.0031621696447460108,0.003162169644746011,0.003162169644746011,0.003162169644746011,0.003162169644746011,0.0031621696447460116,0.0031621696447460125,0.003162169644746011,0.003162169644746012,0.003162169644746012,0.0031621696447460125,0.0031621696447460116,0.0031621696447460125,0.00316216964474601,0.003162169644746013,0.003162169644746012,0.003162169644746012,0.003162169644746012,0.0031621696447460116,0.0031621696447460125,0.0031621696447460116,0.0031621696447460125,0.0031621696447460125,0.003162169644746013,0.003162169644746012,0.003162169644746012,0.003162169644746012,0.003162169644746011,0.003162169644746013,0.0031621696447460116,0.0031621696447460125,0.003162169644746012,0.0031621696447460125,0.0031621696447460125,0.0031621696447460125,0.003162169644746012,0.0031621696447460125,0.0031621696447460125,0.0031621696447460125,0.0031621696447460125,0.0031621696447460125,0.003162169644746012,0.0031621696447460125,0.003162169644746013,0.0031621696447460125,0.003162169644746013,0.0031621696447460134,0.003162169644746013,0.003162169644746013,0.0031621696447460134,0.003162169644746013,0.0031621696447460142,0.003162169644746014,0.003162169644746014,0.0031621696447460134,0.003162169644746013,0.0031621696447460125,0.003162169644746013,0.003162169644746013,0.0031621696447460125,0.0031621696447460125,0.0031621696447460125,0.003162169644746012,0.003162169644746013,0.003162169644746013,0.003162169644746013,0.003162169644746013,0.003162169644746013,0.003162169644746013,0.003162169644746013,0.003162169644746013,0.003162169644746013,0.0031621696447460125,0.003162169644746014,0.0031621696447460125,0.003162169644746014,0.003162169644746014,0.003162169644746014,0.0031621696447460134,0.0031621696447460142,0.0031621696447460125,0.0031621696447460134,0.0031621696447460134,0.003162169644746013,0.0031621696447460125,0.003162169644746014,0.003162169644746014,0.003162169644746014,0.0031621696447460142,0.0031621696447460125,0.0031621696447460125,0.003162169644746013,0.0031621696447460134,0.003162169644746013,0.003162169644746012,0.0031621696447460142,0.0031621696447460134,0.003162169644746013,0.003162169644746013,0.003162169644746013,0.003162169644746013,0.003162169644746013,0.0031621696447460142,0.0031621696447460142,0.003162169644746013,0.003162169644746013,0.0031621696447460125,0.003162169644746013,0.003162169644746013,0.003162169644746013,0.003162169644746013,0.0031621696447460125,0.0031621696447460134,0.0031621696447460134,0.0031621696447460134,0.0031621696447460134,0.0031621696447460134,0.003162169644746013,0.003162169644746013,0.0031621696447460125,0.003162169644746014,0.003162169644746012,0.0031621696447460125,0.003162169644746012,0.003162169644746013,0.0031621696447460125,0.003162169644746013,0.003162169644746013,0.0031621696447460125,0.003162169644746013,0.003162169644746012,0.0031621696447460125,0.0031621696447460125,0.0031621696447460125,0.0031621696447460125,0.0031621696447460125,0.003162169644746012,0.0031621696447460125,0.0031621696447460134,0.0031621696447460125,0.0031621696447460125,0.003162169644746014,0.0031621696447460125,0.0031621696447460125,0.0031621696447460134,0.0031621696447460134,0.0031621696447460134,0.0031621696447460134,0.0031621696447460134,0.0031621696447460134,0.0031621696447460125,0.003162169644746014,0.0031621696447460147,0.0031621696447460125,0.0031621696447460134,0.0031621696447460134,0.0031621696447460125,0.0031621696447460125,0.0031621696447460116,0.0031621696447460134,0.003162169644746013,0.003162169644746013,0.0031621696447460125,0.0031621696447460134,0.0031621696447460116,0.0031621696447460125,0.0031621696447460125,0.003162169644746012,0.0031621696447460125,0.003162169644746011,0.0031621696447460125,0.003162169644746012,0.0031621696447460125,0.003162169644746012,0.003162169644746014,0.0031621696447460125,0.0031621696447460134,0.0031621696447460134,0.003162169644746013,0.003162169644746013,0.003162169644746013,0.0031621696447460125,0.0031621696447460125,0.003162169644746013,0.003162169644746013,0.003162169644746013,0.0031621696447460125,0.0031621696447460125,0.003162169644746013,0.0031621696447460134,0.0031621696447460125,0.003162169644746013,0.003162169644746014,0.003162169644746014,0.003162169644746013,0.003162169644746013,0.0031621696447460125,0.003162169644746013,0.0031621696447460125,0.003162169644746013,0.003162169644746012,0.0031621696447460142,0.0031621696447460134,0.003162169644746013,0.0031621696447460125,0.003162169644746012,0.0031621696447460134,0.003162169644746013,0.0031621696447460125,0.0031621696447460134,0.003162169644746013,0.003162169644746013,0.003162169644746013,0.0031621696447460142,0.0031621696447460134,0.0031621696447460125,0.0031621696447460125,0.0031621696447460125,0.0031621696447460134,0.003162169644746015,0.0031621696447460134,0.003162169644746014,0.0031621696447460147,0.0031621696447460147,0.003162169644746014,0.003162169644746014,0.003162169644746016,0.0031621696447460142,0.0031621696447460134,0.0031621696447460142,0.003162169644746014,0.003162169644746014,0.003162169644746012,0.0031621696447460142,0.003162169644746013,0.003162169644746013,0.0031621696447460125,0.0031621696447460142,0.003162169644746014,0.003162169644746014,0.003162169644746014,0.003162169644746014,0.0031621696447460134,0.0031621696447460142,0.003162169644746014,0.003162169644746013,0.0031621696447460147,0.003162169644746014,0.0031621696447460142,0.003162169644746014,0.0031621696447460147,0.0031621696447460134,0.003162169644746015,0.003162169644746013,0.0031621696447460155,0.0031621696447460142,0.003162169644746014,0.0031621696447460142,0.003162169644746015,0.003162169644746015,0.0031621696447460147,0.003162169644746015,0.0031621696447460147,0.0031621696447460147,0.0031621696447460147,0.003162169644746015,0.003162169644746015,0.003162169644746016,0.0031621696447460142,0.0031621696447460147,0.0031621696447460147,0.0031621696447460142,0.0031621696447460147,0.0031621696447460147,0.003162169644746015,0.003162169644746015,0.0031621696447460147,0.0031621696447460147,0.0031621696447460155,0.003162169644746015,0.0031621696447460147,0.003162169644746015,0.0031621696447460142,0.0031621696447460155,0.003162169644746015,0.003162169644746014,0.0031621696447460147,0.003162169644746015,0.003162169644746015,0.003162169644746014,0.003162169644746015,0.0031621696447460147,0.0031621696447460147,0.0031621696447460147,0.003162169644746015,0.003162169644746015,0.003162169644746021,0.003162169644746017,0.0031621696447460177,0.0031621696447460173,0.0031621696447460177,0.0031621696447460164,0.003162169644746018,0.0031621696447460155,0.0031621696447460194,0.0031621696447460203,0.0031621696447460194,0.00316216964474602,0.0031621696447460194,0.00316216964474602,0.0031621696447460194,0.0031621696447460194,0.00316216964474602,0.003162169644746018,0.0031621696447460186,0.003162169644746019,0.0031621696447460186,0.0031621696447460186,0.003162169644746019,0.0031621696447460186,0.0031621696447460194,0.0031621696447460186,0.0031621696447460186,0.003162169644746019,0.003162169644746019,0.00316216964474602,0.0031621696447460194,0.0031621696447460194,0.0031621696447460207,0.003162169644746018,0.0031621696447460194,0.0031621696447460194,0.003162169644746019,0.003162169644746018,0.0031621696447460194,0.0031621696447460194,0.00316216964474602,0.0031621696447460207,0.00316216964474602,0.0031621696447460207,0.00316216964474602,0.0031621696447460186,0.00316216964474602,0.00316216964474602,0.0031621696447460194,0.0031621696447460194,0.00316216964474602,0.00316216964474602,0.003162169644746023,0.003162169644746021,0.0031621696447460207,0.00316216964474602,0.0031621696447460207,0.0031621696447460203,0.00316216964474602,0.0031621696447460203,0.0031621696447460207,0.00316216964474602,0.0031621696447460194,0.003162169644746021,0.003162169644746019,0.00316216964474602,0.0031621696447460194,0.0031621696447460203,0.0031621696447460207,0.0031621696447460203,0.0031621696447460207,0.0031621696447460203,0.0031621696447460194,0.0031621696447460203,0.0031621696447460203,0.003162169644746019,0.00316216964474602,0.0031621696447460203,0.0031621696447460207,0.0031621696447460203,0.0031621696447460203,0.003162169644746021,0.0031621696447460207,0.0031621696447460194,0.0031621696447460207,0.0031621696447460203,0.0031621696447460203,0.00316216964474602,0.003162169644746022,0.0031621696447460207,0.0031621696447460207,0.0031621696447460194,0.00316216964474602,0.00316216964474602,0.0031621696447460203,0.0031621696447460186,0.0031621696447460207,0.0031621696447460207,0.0031621696447460203,0.0031621696447460207,0.0031621696447460203,0.0031621696447460194,0.0031621696447460207,0.0031621696447460203,0.0031621696447460194,0.0031621696447460194,0.0031621696447460207,0.0031621696447460216,0.0031621696447460225,0.0031621696447460194,0.0031621696447460194,0.003162169644746021,0.0031621696447460207,0.0031621696447460203,0.0031621696447460203,0.0031621696447460203,0.0031621696447460207,0.00316216964474602,0.0031621696447460203,0.003162169644746022,0.00316216964474602,0.0031621696447460194,0.00316216964474602,0.0031621696447460203,0.0031621696447460207,0.0031621696447460203,0.0031621696447460194,0.0031621696447460207,0.0031621696447460203,0.0031621696447460203,0.003162169644746021,0.0031621696447460207,0.0031621696447460194,0.003162169644746021,0.0031621696447460203,0.00316216964474602,0.00316216964474602,0.00316216964474602,0.003162169644746019,0.0031621696447460207,0.0031621696447460207,0.00316216964474602,0.0031621696447460207,0.003162169644746018,0.00316216964474602,0.00316216964474602,0.0031621696447460194,0.00316216964474602,0.0031621696447460194,0.0031621696447460207,0.0031621696447460194,0.00316216964474602,0.0031621696447460194,0.0031621696447460203,0.0031621696447460186,0.00316216964474602,0.0031621696447460186,0.0031621696447460203,0.003162169644746019,0.003162169644746019,0.003162169644746018,0.003162169644746018,0.003162169644746018,0.003162169644746018,0.003162169644746018,0.003162169644746018,0.0031621696447460177,0.003162169644746018,0.003162169644746018,0.003162169644746019,0.003162169644746019,0.003162169644746018,0.003162169644746018,0.003162169644746018,0.003162169644746028,0.003162169644746019,0.003162169644746018,0.00316216964474602,0.00316216964474602,0.003162169644746019,0.0031621696447460207,0.003162169644746021,0.003162169644746018,0.0031621696447460194,0.0031621696447460194,0.003162169644746019,0.0031621696447460186,0.003162169644746018,0.0031621696447460194,0.0031621696447460194,0.0031621696447460194,0.0031621696447460173,0.0031621696447460186,0.0031621696447460194,0.0031621696447460186,0.003162169644746018,0.003162169644746018,0.003162169644746018,0.003162169644746018,0.003162169644746018,0.003162169644746018,0.003162169644746018,0.003162169644746018,0.0031621696447460177,0.003162169644746018,0.0031621696447460177,0.003162169644746018,0.003162169644746018,0.003162169644746018,0.0031621696447460177,0.0031621696447460186,0.003162169644746018,0.003162169644746018,0.0031621696447460186,0.0031621696447460186,0.0031621696447460177,0.0031621696447460186,0.0031621696447460186,0.0031621696447460186,0.0031621696447460186,0.003162169644746018,0.0031621696447460177,0.0031621696447460177,0.0031621696447460177,0.0031621696447460164,0.003162169644746018,0.0031621696447460177,0.003162169644746018,0.003162169644746018,0.003162169644746018,0.0031621696447460186,0.0031621696447460177,0.003162169644746018,0.0031621696447460186,0.003162169644746018,0.0031621696447460186,0.003162169644746018,0.0031621696447460186,0.0031621696447460194,0.003162169644746018,0.003162169644746019,0.003162169644746019,0.003162169644746019,0.003162169644746019,0.00316216964474602,0.0031621696447460186,0.00316216964474602,0.0031621696447460186,0.0031621696447460186,0.0031621696447460194,0.003162169644746019,0.0031621696447460207,0.0031621696447460186,0.0031621696447460194,0.003162169644746019,0.003162169644746019,0.0031621696447460186,0.003162169644746019,0.003162169644746019,0.0031621696447460186,0.0031621696447460186,0.00316216964474602,0.003162169644746019,0.0031621696447460194,0.0031621696447460186,0.003162169644746019,0.0031621696447460173,0.0031621696447460186,0.003162169644746019,0.003162169644746018,0.0031621696447460186,0.0031621696447460186,0.003162169644746019,0.003162169644746019,0.003162169644746019,0.00316216964474602,0.00316216964474602,0.003162169644746019,0.0031621696447460186,0.0031621696447460186,0.0031621696447460186,0.003162169644746019,0.0031621696447460194,0.003162169644746019,0.00316216964474602,0.0031621696447460186,0.003162169644746018,0.0031621696447460186,0.003162169644746019,0.0031621696447460186,0.003162169644746018,0.003162169644746019,0.0031621696447460186,0.0031621696447460186,0.0031621696447460186,0.003162169644746019,0.003162169644746019,0.0031621696447460186,0.0031621696447460186,0.003162169644746019,0.00316216964474602,0.0031621696447460186,0.0031621696447460186,0.003162169644746019,0.00316216964474602,0.0031621696447460194,0.0031621696447460186,0.00316216964474602,0.003162169644746018,0.0031621696447460194,0.003162169644746019,0.003162169644746019,0.0031621696447460186,0.0031621696447460186,0.0031621696447460194,0.003162169644746018,0.0031621696447460186,0.0031621696447460194,0.0031621696447460177,0.0031621696447460186,0.003162169644746019,0.0031621696447460173,0.003162169644746019,0.0031621696447460194,0.0031621696447460173,0.0031621696447460186,0.0031621696447460186,0.003162169644746018,0.0031621696447460186,0.0031621696447460186,0.0031621696447460173,0.003162169644746019,0.0031621696447460173,0.0031621696447460207,0.0031621696447460186,0.003162169644746018,0.0031621696447460194,0.0031621696447460194,0.0031621696447460177,0.003162169644746018,0.0031621696447460186,0.0031621696447460177,0.0031621696447460186,0.0031621696447460186,0.003162169644746018,0.003162169644746018,0.0031621696447460177,0.003162169644746018,0.003162169644746019,0.0031621696447460186,0.0031621696447460186,0.0031621696447460186,0.0031621696447460177,0.0031621696447460177,0.003162169644746017,0.0031621696447460173,0.003162169644746018,0.003162169644746016,0.0031621696447460173,0.003162169644746017,0.0031621696447460173,0.003162169644746018,0.0031621696447460173,0.0031621696447460186,0.003162169644746018,0.0031621696447460177,0.003162169644746017,0.0031621696447460186,0.0031621696447460177,0.003162169644746018,0.003162169644746018,0.003162169644746018,0.003162169644746019,0.003162169644746018,0.003162169644746019,0.0031621696447460186,0.0031621696447460186,0.003162169644746019,0.003162169644746019,0.0031621696447460203,0.00316216964474602,0.00316216964474602,0.0031621696447460194,0.00316216964474602,0.003162169644746018,0.0031621696447460186,0.0031621696447460186,0.003162169644746018,0.003162169644746019,0.0031621696447460186,0.0031621696447460186,0.0031621696447460177,0.003162169644746019,0.003162169644746019,0.003162169644746018,0.003162169644746018,0.003162169644746018,0.0031621696447460186,0.003162169644746018,0.003162169644746018,0.0031621696447460186,0.0031621696447460186,0.0031621696447460186,0.003162169644746019,0.003162169644746019,0.003162169644746019,0.0031621696447460186,0.0031621696447460186,0.0031621696447460186,0.003162169644746019,0.0031621696447460186,0.003162169644746019,0.0031621696447460194,0.003162169644746019,0.0031621696447460186,0.0031621696447460186,0.003162169644746019,0.0031621696447460186,0.0031621696447460186,0.0031621696447460177,0.0031621696447460186,0.003162169644746018,0.003162169644746018,0.003162169644746017,0.003162169644746018,0.0031621696447460186,0.003162169644746018,0.003162169644746018,0.0031621696447460186,0.0031621696447460164,0.003162169644746017,0.0031621696447460177,0.0031621696447460177,0.003162169644746018,0.003162169644746018,0.0031621696447460173,0.003162169644746017,0.0031621696447460173,0.0031621696447460177,0.0031621696447460177,0.0031621696447460173,0.003162169644746016,0.0031621696447460164,0.003162169644746017,0.003162169644746016,0.003162169644746016,0.0031621696447460164,0.0031621696447460173,0.0031621696447460173,0.003162169644746016,0.003162169644746016,0.0031621696447460164,0.0031621696447460164,0.003162169644746016,0.003162169644746016,0.0031621696447460164,0.003162169644746016,0.0031621696447460164,0.003162169644746016,0.0031621696447460155,0.0031621696447460173,0.003162169644746016,0.0031621696447460155,0.0031621696447460155,0.003162169644746016,0.0031621696447460173,0.003162169644746015,0.0031621696447460147,0.0031621696447460155,0.003162169644746015,0.0031621696447460155,0.0031621696447460155,0.0031621696447460147,0.0031621696447460147,0.0031621696447460173,0.003162169644746016,0.0031621696447460155,0.003162169644746016,0.0031621696447460164,0.0031621696447460164,0.003162169644746017,0.0031621696447460164,0.0031621696447460164,0.0031621696447460164,0.0031621696447460155,0.0031621696447460173,0.0031621696447460155,0.0031621696447460155,0.0031621696447460155,0.003162169644746017,0.0031621696447460164,0.003162169644746015,0.003162169644746016,0.0031621696447460164,0.003162169644746016,0.003162169644746016,0.003162169644746016,0.0031621696447460164,0.0031621696447460173,0.003162169644746016,0.003162169644746017,0.0031621696447460147,0.003162169644746016,0.0031621696447460147,0.0031621696447460108,0.003162169644746014,0.003162169644746014,0.003162169644746014,0.0031621696447460134,0.003162169644746012,0.003162169644746014,0.0031621696447460134,0.0031621696447460142,0.0031621696447460125,0.0031621696447460142,0.003162169644746013,0.0031621696447460134,0.0031621696447460125,0.0031621696447460125,0.003162169644746013,0.003162169644746013,0.003162169644746013,0.0031621696447460134,0.003162169644746013,0.0031621696447460134,0.003162169644746013,0.003162169644746013,0.003162169644746013,0.0031621696447460125,0.0031621696447460134,0.0031621696447460134,0.0031621696447460134,0.003162169644746014,0.003162169644746014,0.003162169644746014,0.0031621696447460134,0.0031621696447460142,0.003162169644746013,0.003162169644746014,0.003162169644746014,0.0031621696447460134,0.0031621696447460134,0.003162169644746014,0.0031621696447460134,0.003162169644746014,0.003162169644746012,0.0031621696447460125,0.003162169644746016,0.0031621696447460155,0.003162169644746015,0.0031621696447460142,0.0031621696447460134,0.003162169644746013,0.003162169644746016,0.003162169644746015,0.003162169644746015,0.0031621696447460147,0.003162169644746015,0.003162169644746013,0.0031621696447460142,0.0031621696447460147,0.003162169644746014,0.003162169644746015,0.003162169644746014,0.003162169644746014,0.0031621696447460147,0.0031621696447460134,0.0031621696447460134,0.0031621696447460134,0.003162169644746014,0.003162169644746014,0.003162169644746014,0.003162169644746014,0.003162169644746014,0.003162169644746014,0.003162169644746014,0.003162169644746016,0.003162169644746014,0.003162169644746014,0.003162169644746014,0.0031621696447460134,0.0031621696447460134,0.0031621696447460142,0.003162169644746014,0.0031621696447460147,0.0031621696447460147,0.0031621696447460147,0.003162169644746014,0.003162169644746015,0.003162169644746013,0.003162169644746014,0.0031621696447460142,0.0031621696447460134,0.0031621696447460142,0.003162169644746014,0.003162169644746014,0.0031621696447460142,0.003162169644746014,0.003162169644746014,0.0031621696447460142,0.0031621696447460134,0.003162169644746014,0.0031621696447460147,0.0031621696447460147,0.003162169644746014,0.0031621696447460134,0.003162169644746017,0.0031621696447460164,0.003162169644746015,0.0031621696447460147,0.0031621696447460147,0.0031621696447460147,0.003162169644746015,0.003162169644746016,0.003162169644746016,0.0031621696447460155,0.0031621696447460155,0.0031621696447460147,0.003162169644746016,0.003162169644746015,0.0031621696447460147,0.003162169644746015,0.003162169644746015,0.003162169644746013,0.0031621696447460147,0.0031621696447460147,0.003162169644746012,0.0031621696447460134,0.0031621696447460134,0.003162169644746014,0.0031621696447460134,0.0031621696447460125,0.0031621696447460134,0.0031621696447460125,0.003162169644746012,0.0031621696447460108,0.0031621696447460116,0.0031621696447460116,0.0031621696447460125,0.0031621696447460134,0.003162169644746014,0.0031621696447460134,0.0031621696447460147,0.003162169644746014,0.0031621696447460147,0.003162169644746015,0.0031621696447460147,0.0031621696447460142,0.0031621696447460147,0.0031621696447460147,0.003162169644746015,0.003162169644746015,0.003162169644746016,0.003162169644746016,0.0031621696447460155,0.003162169644746015,0.003162169644746016,0.0031621696447460147,0.003162169644746015,0.0031621696447460155,0.0031621696447460155,0.003162169644746015,0.0031621696447460147,0.0031621696447460155,0.0031621696447460164,0.0031621696447460147,0.0031621696447460142,0.0031621696447460142,0.0031621696447460142,0.0031621696447460134,0.003162169644746014,0.003162169644746014,0.003162169644746014,0.003162169644746013,0.003162169644746014,0.003162169644746013,0.003162169644746013,0.0031621696447460134,0.003162169644746013,0.003162169644746013,0.003162169644746013,0.0031621696447460134,0.003162169644746012,0.003162169644746013,0.003162169644746013,0.0031621696447460125,0.0031621696447460116,0.003162169644746013,0.003162169644746013,0.0031621696447460125,0.0031621696447460116,0.003162169644746013,0.003162169644746013,0.0031621696447460134,0.003162169644746013,0.003162169644746013,0.0031621696447460116,0.003162169644746012,0.0031621696447460134,0.0031621696447460125,0.0031621696447460134,0.0031621696447460134,0.003162169644746013,0.003162169644746013,0.0031621696447460125,0.003162169644746014,0.0031621696447460125,0.003162169644746012,0.003162169644746013,0.0031621696447460125,0.003162169644746012,0.003162169644746013,0.003162169644746012,0.0031621696447460147,0.003162169644746013,0.0031621696447460125,0.003162169644746012,0.0031621696447460125,0.003162169644746013,0.003162169644746012,0.003162169644746013,0.003162169644746012,0.0031621696447460125,0.0031621696447460134,0.003162169644746013,0.003162169644746013,0.003162169644746013,0.003162169644746013,0.003162169644746013,0.003162169644746014,0.0031621696447460142,0.003162169644746012,0.0031621696447460134,0.003162169644746014,0.003162169644746013,0.003162169644746013,0.003162169644746014,0.0031621696447460134,0.0031621696447460134,0.003162169644746014,0.0031621696447460134,0.003162169644746014,0.003162169644746014,0.0031621696447460134,0.0031621696447460125,0.003162169644746014,0.003162169644746014,0.0031621696447460142,0.0031621696447460134,0.0031621696447460125,0.003162169644746012,0.003162169644746013,0.003162169644746012,0.0031621696447460125,0.0031621696447460125,0.0031621696447460125,0.0031621696447460134,0.0031621696447460134,0.0031621696447460108,0.0031621696447460134,0.0031621696447460134,0.003162169644746011,0.0031621696447460125,0.003162169644746013,0.003162169644746013,0.003162169644746013,0.0031621696447460134,0.0031621696447460134,0.003162169644746013,0.0031621696447460134,0.0031621696447460134,0.0031621696447460134,0.0031621696447460134,0.003162169644746014,0.0031621696447460134,0.003162169644746014,0.003162169644746014,0.003162169644746013,0.0031621696447460125,0.003162169644746013,0.003162169644746013,0.0031621696447460134,0.003162169644746012,0.003162169644746012,0.003162169644746012,0.003162169644746013,0.003162169644746013,0.003162169644746012,0.0031621696447460125,0.0031621696447460125,0.0031621696447460125,0.003162169644746011,0.003162169644746012,0.0031621696447460125,0.0031621696447460125,0.0031621696447460125,0.0031621696447460134,0.0031621696447460134,0.003162169644746013,0.003162169644746013,0.0031621696447460134,0.003162169644746013,0.003162169644746013,0.0031621696447460134,0.0031621696447460125,0.003162169644746014,0.003162169644746011,0.003162169644746011,0.0031621696447460125,0.003162169644746013,0.003162169644746014,0.003162169644746013,0.0031621696447460125,0.0031621696447460108,0.003162169644746012,0.003162169644746012,0.003162169644746011,0.0031621696447460116,0.003162169644746018,0.003162169644746015,0.0031621696447460134,0.003162169644746014,0.0031621696447460134,0.003162169644746014,0.003162169644746013,0.0031621696447460125,0.0031621696447460134,0.003162169644746014,0.003162169644746013,0.003162169644746012,0.003162169644746014,0.003162169644746013,0.003162169644746014,0.003162169644746013,0.003162169644746012,0.0031621696447460125,0.003162169644746011,0.0031621696447460142,0.0031621696447460134,0.003162169644746015,0.0031621696447460134,0.003162169644746015,0.0031621696447460108,0.003162169644746013,0.003162169644746013,0.0031621696447460125,0.003162169644746012,0.003162169644746014,0.0031621696447460134,0.003162169644746012,0.0031621696447460125,0.003162169644746013,0.003162169644746013,0.0031621696447460116,0.0031621696447460125,0.003162169644746011,0.0031621696447460134,0.0031621696447460125,0.0031621696447460125,0.0031621696447460142,0.003162169644746013,0.003162169644746013,0.0031621696447460125,0.003162169644746013,0.0031621696447460142,0.0031621696447460142,0.003162169644746014,0.003162169644746013,0.0031621696447460134,0.003162169644746014,0.0031621696447460125,0.003162169644746014,0.0031621696447460134,0.0031621696447460142,0.0031621696447460134,0.003162169644746014,0.0031621696447460134,0.003162169644746013,0.003162169644746014,0.0031621696447460142,0.003162169644746014,0.003162169644746014,0.0031621696447460142,0.003162169644746014,0.003162169644746014,0.0031621696447460134,0.003162169644746014,0.003162169644746014,0.003162169644746014,0.003162169644746015,0.0031621696447460125,0.003162169644746015,0.003162169644746014,0.003162169644746015,0.003162169644746014,0.003162169644746014,0.0031621696447460147,0.0031621696447460125,0.0031621696447460142,0.0031621696447460142,0.0031621696447460147,0.003162169644746014,0.0031621696447460142,0.0031621696447460142,0.003162169644746015,0.0031621696447460147,0.003162169644746014,0.003162169644746014,0.0031621696447460134,0.003162169644746013,0.0031621696447460142,0.0031621696447460134,0.003162169644746014,0.003162169644746014,0.0031621696447460142,0.0031621696447460147,0.0031621696447460147,0.003162169644746015,0.003162169644746014,0.003162169644746014,0.0031621696447460142,0.003162169644746014,0.0031621696447460142,0.003162169644746014,0.0031621696447460142,0.0031621696447460142,0.003162169644746014,0.003162169644746013,0.003162169644746015,0.0031621696447460142,0.003162169644746014,0.0031621696447460142,0.0031621696447460142,0.0031621696447460134,0.0031621696447460147,0.003162169644746014,0.0031621696447460164,0.0031621696447460147,0.003162169644746015,0.003162169644746015,0.0031621696447460147,0.0031621696447460134,0.0031621696447460147,0.0031621696447460142,0.003162169644746013,0.0031621696447460147,0.003162169644746012,0.003162169644746014,0.003162169644746014,0.0031621696447460134,0.003162169644746014,0.003162169644746014,0.0031621696447460142,0.003162169644746014,0.0031621696447460142,0.0031621696447460142,0.0031621696447460142,0.003162169644746014,0.0031621696447460147,0.003162169644746014,0.003162169644746015,0.0031621696447460147,0.003162169644746015,0.0031621696447460142,0.0031621696447460142,0.0031621696447460134,0.0031621696447460142,0.003162169644746015,0.003162169644746015,0.0031621696447460147,0.0031621696447460142,0.003162169644746014,0.003162169644746015,0.003162169644746015,0.0031621696447460147,0.003162169644746015,0.0031621696447460142,0.0031621696447460147,0.003162169644746015,0.0031621696447460147,0.003162169644746012,0.003162169644746015,0.0031621696447460134,0.0031621696447460134,0.003162169644746014,0.003162169644746013,0.0031621696447460142,0.0031621696447460134,0.003162169644746013,0.0031621696447460125,0.0031621696447460125,0.0031621696447460125,0.003162169644746012,0.0031621696447460125,0.003162169644746013,0.0031621696447460125,0.003162169644746012,0.003162169644746014,0.0031621696447460125,0.0031621696447460134,0.003162169644746014,0.003162169644746014,0.003162169644746013,0.003162169644746014,0.0031621696447460142,0.0031621696447460134,0.003162169644746014,0.003162169644746013,0.0031621696447460134,0.003162169644746013,0.003162169644746012,0.0031621696447460125,0.0031621696447460125,0.0031621696447460125,0.003162169644746013,0.0031621696447460125,0.0031621696447460125,0.0031621696447460116,0.003162169644746011,0.0031621696447460108,0.0031621696447460116,0.0031621696447460103,0.0031621696447460103,0.00316216964474601,0.0031621696447460108,0.003162169644746011,0.00316216964474601,0.0031621696447460108,0.0031621696447460116,0.0031621696447460108,0.0031621696447460116,0.0031621696447460103,0.0031621696447460103,0.003162169644746011,0.0031621696447460108,0.0031621696447460103,0.0031621696447460103,0.003162169644746011,0.003162169644746011,0.003162169644746011,0.0031621696447460116,0.0031621696447460116,0.0031621696447460116,0.0031621696447460108,0.003162169644746011,0.003162169644746012,0.0031621696447460116,0.0031621696447460116,0.003162169644746012,0.003162169644746011,0.003162169644746011,0.0031621696447460108,0.003162169644746012,0.003162169644746012,0.0031621696447460125,0.0031621696447460142,0.003162169644746013,0.0031621696447460125,0.003162169644746012,0.0031621696447460116,0.003162169644746012,0.0031621696447460125,0.0031621696447460125,0.0031621696447460125,0.003162169644746013,0.0031621696447460125,0.0031621696447460125,0.0031621696447460116,0.0031621696447460116,0.0031621696447460125,0.003162169644746011,0.003162169644746013,0.003162169644746012,0.003162169644746012,0.0031621696447460125,0.0031621696447460125,0.0031621696447460116,0.0031621696447460116,0.003162169644746013,0.003162169644746013,0.003162169644746012,0.003162169644746013,0.003162169644746013,0.0031621696447460125,0.003162169644746013,0.0031621696447460116,0.0031621696447460125,0.0031621696447460134,0.0031621696447460134,0.003162169644746014,0.003162169644746013,0.003162169644746014,0.003162169644746014,0.003162169644746013,0.003162169644746013,0.0031621696447460134,0.003162169644746014,0.003162169644746014,0.0031621696447460134,0.0031621696447460125,0.0031621696447460142,0.003162169644746015,0.0031621696447460142,0.003162169644746014,0.003162169644746013,0.003162169644746012,0.003162169644746013,0.0031621696447460125,0.003162169644746013,0.003162169644746013,0.003162169644746013,0.003162169644746013,0.003162169644746013,0.0031621696447460125,0.003162169644746012,0.003162169644746013,0.0031621696447460125,0.0031621696447460134,0.0031621696447460125,0.003162169644746013,0.003162169644746013,0.0031621696447460125,0.0031621696447460125,0.003162169644746013,0.0031621696447460125,0.0031621696447460125,0.003162169644746013,0.003162169644746013,0.0031621696447460134,0.00316216964474601,0.0031621696447460103,0.0031621696447460108,0.0031621696447460095,0.00316216964474601,0.0031621696447460086,0.0031621696447460108,0.0031621696447460103,0.00316216964474601,0.003162169644746012,0.00316216964474601,0.00316216964474601,0.0031621696447460103,0.0031621696447460103,0.003162169644746009,0.00316216964474601,0.00316216964474601,0.0031621696447460103,0.0031621696447460095,0.0031621696447460108,0.00316216964474601,0.00316216964474601,0.0031621696447460116,0.0031621696447460095,0.0031621696447460116,0.003162169644746011,0.003162169644746011,0.0031621696447460108,0.0031621696447460125,0.0031621696447460108,0.003162169644746011,0.0031621696447460116,0.003162169644746011,0.003162169644746011,0.0031621696447460116,0.00316216964474601,0.003162169644746011,0.0031621696447460116,0.0031621696447460108,0.0031621696447460116,0.0031621696447460116,0.0031621696447460103,0.0031621696447460116,0.003162169644746012,0.0031621696447460108,0.003162169644746011,0.003162169644746011,0.0031621696447460116,0.0031621696447460116,0.0031621696447460125,0.0031621696447460125,0.0031621696447460116,0.003162169644746011,0.003162169644746011,0.0031621696447460116,0.003162169644746011,0.003162169644746011,0.0031621696447460116,0.0031621696447460116,0.0031621696447460116,0.003162169644746011,0.0031621696447460116,0.0031621696447460116,0.003162169644746011,0.003162169644746012,0.0031621696447460116,0.003162169644746012,0.0031621696447460125,0.0031621696447460116,0.0031621696447460125,0.0031621696447460125,0.003162169644746013,0.003162169644746011,0.003162169644746013,0.003162169644746013,0.0031621696447460134,0.003162169644746014,0.0031621696447460134,0.0031621696447460134,0.003162169644746013,0.0031621696447460134,0.003162169644746013,0.003162169644746013,0.003162169644746013,0.0031621696447460134,0.003162169644746013,0.003162169644746013,0.003162169644746013,0.003162169644746013,0.003162169644746014,0.0031621696447460125,0.003162169644746013,0.0031621696447460125,0.0031621696447460125,0.0031621696447460125,0.003162169644746012,0.003162169644746013,0.0031621696447460147,0.0031621696447460134,0.0031621696447460134,0.003162169644746013,0.003162169644746014,0.0031621696447460125,0.003162169644746013,0.0031621696447460125,0.003162169644746012,0.0031621696447460134,0.0031621696447460134,0.0031621696447460142,0.0031621696447460125,0.0031621696447460125,0.0031621696447460125,0.0031621696447460125,0.003162169644746013,0.003162169644746011,0.003162169644746013,0.003162169644746012,0.003162169644746012,0.003162169644746012,0.003162169644746012,0.0031621696447460125,0.003162169644746012,0.0031621696447460142,0.003162169644746013,0.0031621696447460142,0.003162169644746014,0.0031621696447460134,0.0031621696447460134,0.003162169644746014,0.003162169644746014,0.003162169644746014,0.0031621696447460147,0.003162169644746014,0.0031621696447460134,0.003162169644746014,0.0031621696447460134,0.0031621696447460125,0.003162169644746013,0.003162169644746013,0.0031621696447460134,0.0031621696447460134,0.0031621696447460125,0.003162169644746013,0.0031621696447460125,0.0031621696447460125,0.003162169644746012,0.003162169644746012,0.003162169644746013,0.003162169644746012,0.0031621696447460142,0.003162169644746012,0.0031621696447460125,0.003162169644746011,0.003162169644746014,0.003162169644746012,0.003162169644746012,0.0031621696447460125,0.0031621696447460134,0.003162169644746012,0.003162169644746013,0.003162169644746013,0.0031621696447460125,0.0031621696447460134,0.003162169644746013,0.003162169644746013,0.003162169644746013,0.003162169644746013,0.003162169644746013,0.003162169644746016,0.003162169644746014,0.0031621696447460134,0.003162169644746014,0.0031621696447460142,0.003162169644746014,0.003162169644746014,0.0031621696447460147,0.0031621696447460134,0.003162169644746012,0.0031621696447460233,0.0031621696447460255,0.003162169644746025,0.003162169644746025,0.0031621696447460255,0.0031621696447460246,0.003162169644746025,0.003162169644746026,0.0031621696447460255,0.0031621696447460255,0.0031621696447460255,0.003162169644746024,0.0031621696447460246,0.0031621696447460246,0.0031621696447460246,0.0031621696447460246,0.003162169644746026,0.0031621696447460246,0.003162169644746025,0.0031621696447460264,0.0031621696447460264,0.0031621696447460255,0.0031621696447460264,0.0031621696447460264,0.003162169644746025,0.0031621696447460255,0.0031621696447460255,0.0031621696447460246,0.003162169644746025,0.003162169644746025,0.003162169644746024,0.0031621696447460246,0.0031621696447460246,0.003162169644746024,0.0031621696447460246,0.0031621696447460238,0.0031621696447460238,0.003162169644746024,0.003162169644746024,0.0031621696447460238,0.0031621696447460238,0.003162169644746024,0.0031621696447460238,0.003162169644746024,0.0031621696447460225,0.0031621696447460246,0.003162169644746023,0.0031621696447460246,0.0031621696447460238,0.003162169644746024,0.003162169644746024,0.003162169644746024,0.0031621696447460233,0.003162169644746024,0.0031621696447460238,0.003162169644746024,0.003162169644746024,0.0031621696447460246,0.003162169644746024,0.003162169644746025,0.0031621696447460246,0.003162169644746024,0.0031621696447460246,0.0031621696447460238,0.0031621696447460246,0.0031621696447460246,0.003162169644746024,0.0031621696447460255,0.0031621696447460233,0.003162169644746024,0.003162169644746024,0.0031621696447460255,0.0031621696447460255,0.003162169644746025,0.003162169644746024,0.003162169644746026,0.0031621696447460246,0.0031621696447460246,0.0031621696447460246,0.003162169644746024,0.0031621696447460255,0.0031621696447460246,0.0031621696447460238,0.0031621696447460238,0.003162169644746024,0.0031621696447460246,0.0031621696447460238,0.0031621696447460238,0.003162169644746024,0.003162169644746024,0.003162169644746024,0.003162169644746024,0.0031621696447460246,0.0031621696447460238,0.003162169644746024,0.0031621696447460238,0.0031621696447460246,0.0031621696447460238,0.0031621696447460233,0.0031621696447460255,0.0031621696447460238,0.003162169644746024,0.003162169644746024,0.0031621696447460246,0.0031621696447460238,0.0031621696447460238,0.003162169644746024,0.0031621696447460246,0.0031621696447460238,0.003162169644746024,0.0031621696447460233,0.003162169644746024,0.003162169644746025,0.0031621696447460233,0.0031621696447460246,0.0031621696447460238,0.0031621696447460238,0.0031621696447460238,0.0031621696447460233,0.003162169644746024,0.0031621696447460238,0.0031621696447460238,0.003162169644746024,0.0031621696447460238,0.0031621696447460238,0.0031621696447460238,0.0031621696447460238,0.0031621696447460238,0.003162169644746024,0.0031621696447460238,0.0031621696447460238,0.003162169644746024,0.0031621696447460238,0.0031621696447460238,0.0031621696447460238,0.0031621696447460238,0.0031621696447460238,0.003162169644746024,0.003162169644746024,0.003162169644746024,0.003162169644746024,0.0031621696447460246,0.003162169644746024,0.003162169644746024,0.003162169644746024,0.0031621696447460246,0.0031621696447460246,0.0031621696447460246,0.0031621696447460255,0.003162169644746024,0.003162169644746024,0.0031621696447460246,0.0031621696447460246,0.003162169644746024,0.003162169644746024,0.0031621696447460246,0.003162169644746025,0.0031621696447460246,0.003162169644746024,0.003162169644746024,0.003162169644746026,0.003162169644746025,0.003162169644746025,0.003162169644746025,0.003162169644746024,0.0031621696447460238,0.003162169644746025,0.0031621696447460246,0.0031621696447460255,0.003162169644746025,0.0031621696447460255,0.0031621696447460238,0.0031621696447460246,0.0031621696447460246,0.0031621696447460246,0.0031621696447460255,0.003162169644746024,0.0031621696447460246,0.0031621696447460255,0.003162169644746026,0.003162169644746025,0.0031621696447460255,0.003162169644746025,0.0031621696447460255,0.003162169644746026,0.003162169644746024,0.003162169644746026,0.0031621696447460255,0.003162169644746025,0.003162169644746025,0.0031621696447460255,0.003162169644746025,0.0031621696447460246,0.0031621696447460255,0.0031621696447460246,0.0031621696447460264,0.0031621696447460255,0.003162169644746024,0.003162169644746026,0.0031621696447460255,0.003162169644746025,0.003162169644746025,0.003162169644746026,0.003162169644746024,0.003162169644746025,0.0031621696447460246,0.003162169644746024,0.003162169644746024,0.0031621696447460246,0.0031621696447460255,0.0031621696447460246,0.003162169644746024,0.003162169644746025,0.0031621696447460255,0.0031621696447460246,0.0031621696447460246,0.003162169644746025,0.0031621696447460246,0.003162169644746024,0.0031621696447460238,0.0031621696447460246,0.0031621696447460246,0.003162169644746025,0.003162169644746024,0.003162169644746024,0.003162169644746026,0.003162169644746025,0.003162169644746024,0.0031621696447460246,0.0031621696447460246,0.0031621696447460246,0.0031621696447460246,0.0031621696447460246,0.003162169644746024,0.003162169644746024,0.0031621696447460246,0.0031621696447460255,0.003162169644746024,0.003162169644746024,0.003162169644746024,0.0031621696447460238,0.0031621696447460238,0.003162169644746024,0.0031621696447460246,0.0031621696447460246,0.0031621696447460238,0.003162169644746024,0.0031621696447460233,0.0031621696447460238,0.003162169644746025,0.0031621696447460238,0.003162169644746024,0.0031621696447460246,0.0031621696447460246,0.003162169644746024,0.0031621696447460246,0.003162169644746025,0.0031621696447460246,0.003162169644746024,0.003162169644746026,0.003162169644746025,0.0031621696447460246,0.003162169644746024,0.0031621696447460246
6,1.6764077198331464e-41,6.429087402868083e-41,1.5328105541683023e-40,2.9184445308402114e-40,4.861219669712593e-40,7.407631696906931e-40,1.0592884450809365e-39,1.4443632188869819e-39,1.898005593119714e-39,2.4217435547030856e-39,3.0167340045395725e-39,3.683852879246449e-39,4.423763385980334e-39,5.236967665790798e-39,6.123845910042848e-39,7.08468597704394e-39,8.119705816001966e-39,9.229070445104806e-39,1.0412904806318482e-38,1.167130349827561e-38,1.3004338145439406e-38,1.441206297759736e-38,1.589451905432209e-38,1.7451737463482134e-38,1.9083741742964206e-38,2.0790549714257464e-38,2.2572174870734554e-38,2.4428627428775324e-38,2.6359915123615644e-38,2.8366043811916377e-38,3.044701792799313e-38,3.260284082924623e-38,3.483351505769964e-38,3.7139042538022737e-38,3.9519424727461105e-38,4.1974662729354323e-38,4.450475737908555e-38,4.710970930915728e-38,4.978951899846281e-38,5.25441868095917e-38,5.537371301707512e-38,5.82780978287721e-38,6.12573414020608e-38,6.431144385609907e-38,6.74404052811052e-38,7.064422574538799e-38,7.392290530066661e-38,7.727644398609964e-38,8.070484183133585e-38,8.420809885882303e-38,8.778621508555775e-38,9.143919052440857e-38,9.516702518511903e-38,9.89697190750662e-38,1.0284727219983572e-37,1.0679968456365636e-37,1.1082695616973025e-37,1.149290870204815e-37,1.19106077117746e-37,1.2335792646291334e-37,1.2768463505703584e-37,1.3208620290091009e-37,1.3656262999513963e-37,1.4111391634018083e-37,1.4574006193637966e-37,1.5044106678399787e-37,1.5521693088323368e-37,1.6006765423423728e-37,1.6499323683712219e-37,1.699936786919747e-37,1.7506897979885972e-37,1.8021914015782653e-37,1.8544415976891252e-37,1.907440386321462e-37,1.9611877674754873e-37,2.015683741151363e-37,2.0709283073492174e-37,2.126921466069135e-37,2.1836632173111896e-37,2.2411535610754343e-37,2.299392497361915e-37,2.358380026170655e-37,2.418116147501679e-37,2.478600861355013e-37,2.5398341677306535e-37,2.6018160666286213e-37,2.664546558048925e-37,2.7280256419915638e-37,2.792253318456547e-37,2.8572295874438757e-37,2.922954448953554e-37,2.9894279029855833e-37,3.0566499495399637e-37,3.124620588616697e-37,3.1933398202157837e-37,3.2628076443372253e-37,3.3330240609810186e-37,3.4039890701471656e-37,3.4757026718356734e-37,3.548164866046538e-37,3.6213756527797577e-37,3.6953350320353313e-37,3.770043003813265e-37,3.8454995681135535e-37,3.921704724936199e-37,3.9986584742812015e-37,4.07636081614856e-37,4.154811750538276e-37,4.234011277450341e-37,4.313959396884771e-37,4.394656108841556e-37,4.4761014133206984e-37,4.558295310322196e-37,4.64123779984605e-37,4.724928881892267e-37,4.809368556460836e-37,4.894556823551764e-37,4.980493683165036e-37,5.0671791353006825e-37,5.1546131799586775e-37,5.242795817139029e-37,5.3317270468417376e-37,5.421406869066803e-37,5.511835283814227e-37,5.603012291084006e-37,5.694937890876148e-37,5.7876120831906375e-37,5.881034868027481e-37,5.9752062453866865e-37,6.070126215268247e-37,6.16579477767217e-37,6.262211932598449e-37,6.359377680047085e-37,6.4572920200180785e-37,6.555954952511426e-37,6.655366477527128e-37,6.755526595065212e-37,6.85643530512563e-37,6.958092607708404e-37,7.060498502813533e-37,7.163652990441018e-37,7.2675560705908596e-37,7.372207743263058e-37,7.477608008457614e-37,7.583756866174528e-37,7.690654316413798e-37,7.798300359175427e-37,7.906694994459411e-37,8.015838222265755e-37,8.125730042594455e-37,8.236370455445512e-37,8.347759460818925e-37,8.459897058714695e-37,8.57278324913282e-37,8.686418032073304e-37,8.800801407536143e-37,8.915933375521339e-37,9.031813936028888e-37,9.148443089058794e-37,9.265820834611057e-37,9.383947172685677e-37,9.502822103282665e-37,9.622445626401998e-37,9.74281774204369e-37,9.863938450207738e-37,9.985807750894158e-37,1.0108425644102916e-36,1.0231792129834034e-36,1.0355907208087508e-36,1.0480770878863339e-36,1.0606383142161526e-36,1.0732743997982068e-36,1.0859853446324969e-36,1.0987711487190225e-36,1.1116318120577833e-36,1.1245673346487799e-36,1.1375777164920126e-36,1.1506629575874807e-36,1.1638230579351844e-36,1.1770580175351243e-36,1.1903678363873003e-36,1.2037525144917117e-36,1.2172120518483587e-36,1.230746448457243e-36,1.2443557043183613e-36,1.2580398194317152e-36,1.2717987937973051e-36,1.2856326274151302e-36,1.2995413202851908e-36,1.3135248724074872e-36,1.3275832837820194e-36,1.3417165544087872e-36,1.3559246842877907e-36,1.3702076734190296e-36,1.3845655218025037e-36,1.3989982294382131e-36,1.4135057963261586e-36,1.4280882224663395e-36,1.4427455078587563e-36,1.4574776525034059e-36,1.4722846564002932e-36,1.4871665195494164e-36,1.5021232419507757e-36,1.5171548236043705e-36,1.5322612645102013e-36,1.5474425646682672e-36,1.5626987240785698e-36,1.578029742741108e-36,1.59343562065588e-36,1.6089163578228896e-36,1.6244719542421332e-36,1.6401024099136126e-36,1.6558077248373277e-36,1.6715878990132786e-36,1.6874429324414652e-36,1.7033728251218886e-36,1.719377577054546e-36,1.7354571882394366e-36,1.751611658676565e-36,1.7678409883659293e-36,1.7841451773075284e-36,1.8005242255013636e-36,1.816978132947434e-36,1.8335068996457396e-36,1.850110525596282e-36,1.8667890107990585e-36,1.8835423552540715e-36,1.90037055896132e-36,1.9172736219208046e-36,1.9342515441325238e-36,1.9513043255964817e-36,1.968431966312673e-36,1.9856344662810995e-36,2.0029118255017614e-36,2.0202640439746596e-36,2.037691121699793e-36,2.0551930586771627e-36,2.072769854906767e-36,2.0904215103886062e-36,2.1081480251226812e-36,2.1259493991089926e-36,2.143825632347539e-36,2.1617767248383217e-36,2.17980267658134e-36,2.1979034875765938e-36,2.2160791578240833e-36,2.2343296873238085e-36,2.2526550760757692e-36,2.271055324079965e-36,2.2895304313363964e-36,2.308080397845061e-36,2.326705223605964e-36,2.345404908619103e-36,2.364179452884477e-36,2.3830288564020868e-36,2.401953119171932e-36,2.4209522411940125e-36,2.4400262224683296e-36,2.4591750629948822e-36,2.4783987627736702e-36,2.497697321804696e-36,2.5170707400879557e-36,2.5365190176234516e-36,2.5560421544111823e-36,2.5756401504511483e-36,2.5953130057433498e-36,2.6150607202877867e-36,2.6348832940844596e-36,2.6547807271333677e-36,2.674753019434512e-36,2.6948001709878914e-36,2.7149221817935073e-36,2.7351190518513587e-36,2.755390781161445e-36,2.775737369723766e-36,2.7961588175383237e-36,2.8166551246051167e-36,2.8372262909241448e-36,2.8578723164954087e-36,2.878593201318908e-36,2.8993889453946433e-36,2.920259548722614e-36,2.94120501130282e-36,2.9622253331352626e-36,2.9833205142199403e-36,3.0044905545568534e-36,3.0257354541460006e-36,3.047055212987387e-36,3.068449831081006e-36,3.089919308426861e-36,3.111463645024952e-36,3.1330828408752784e-36,3.154776895977841e-36,3.1765458103326375e-36,3.198389583939671e-36,3.2203082167989396e-36,3.242301708910444e-36,3.2643700602741834e-36,3.2865132708901586e-36,3.308731340758369e-36,3.331024269878814e-36,3.353392058251497e-36,3.375834705876414e-36,3.398352212753566e-36,3.4209445788829556e-36,3.4436118042645804e-36,3.46635388889844e-36,3.489170832784535e-36,3.512062635922866e-36,3.535029298313432e-36,3.5580708199562336e-36,3.5811872008512695e-36,3.604378440998542e-36,3.6276445403980506e-36,3.650985499049795e-36,3.6744013169537746e-36,3.6978919941099906e-36,3.7214575305184417e-36,3.7450979261791285e-36,3.768813181092052e-36,3.79260329525721e-36,3.8164682686746034e-36,3.840408101344233e-36,3.864422793266096e-36,3.888512344440195e-36,3.912676754866531e-36,3.936916024545101e-36,3.961230153475905e-36,3.985619141658947e-36,4.010082989094224e-36,4.034621695781737e-36,4.059235261721485e-36,4.083923686913468e-36,4.108686971357687e-36,4.133525115054142e-36,4.1584381180028297e-36,4.183425980203756e-36,4.208488701656917e-36,4.233626282362314e-36,4.258838722319946e-36,4.284126021529814e-36,4.309488179991917e-36,4.334925197706256e-36,4.3604370746728315e-36,4.386023810891641e-36,4.411685406362686e-36,4.437421861085968e-36,4.4632331750614844e-36,4.4891193482892356e-36,4.515080380769224e-36,4.541116272501448e-36,4.5672270234859066e-36,4.5934126337226015e-36,4.6196731032115315e-36,4.646008431952696e-36,4.6724186199461e-36,4.698903667191738e-36,4.7254635736896096e-36,4.752098339439718e-36,4.7788079644420615e-36,4.8055924486966445e-36,4.8324517922034584e-36,4.859385994962509e-36,4.8863950569737977e-36,4.9134789782373196e-36,4.9406377587530765e-36,4.96787139852107e-36,4.9951798975412964e-36,5.022563255813762e-36,5.050021473338462e-36,5.0775545501153964e-36,5.105162486144567e-36,5.1328452814259744e-36,5.1606029359596154e-36,5.188435449745492e-36,5.216342822783606e-36,5.244325055073956e-36,5.2723821466165394e-36,5.30051409741136e-36,5.328720907458416e-36,5.3570025767577064e-36,5.3853591053092294e-36,5.41379049311299e-36,5.442296740168989e-36,5.470877846477222e-36,5.49953381203769e-36,5.528264636850396e-36,5.557070320915336e-36,5.585950864232511e-36,5.614906266801923e-36,5.643936528623569e-36,5.673041649697451e-36,5.70222163002357e-36,5.7314764696019226e-36,5.760806168432515e-36,5.7902107265153404e-36,5.8196901438504e-36,5.849244420437696e-36,5.8788735562772165e-36,5.908577551368983e-36,5.938356405712983e-36,5.968210119309223e-36,5.998138692157697e-36,6.028142124258404e-36,6.058220415611351e-36,6.08837356621653e-36,6.118601576073946e-36,6.148904445183598e-36,6.17928217354548e-36,6.209734761159603e-36,6.240262208025964e-36,6.270864514144559e-36,6.30154167951539e-36,6.332293704138455e-36,6.363120588013763e-36,6.394022331141299e-36,6.42499893352107e-36,6.45605039515308e-36,6.487176716037321e-36,6.518377896173801e-36,6.549653935562515e-36,6.581004834203466e-36,6.612430592096651e-36,6.643931209242072e-36,6.675506685639731e-36,6.707157021289623e-36,6.738882216191751e-36,6.770682270346115e-36,6.802557183752711e-36,6.834506956411546e-36,6.866531588322615e-36,6.898631079485923e-36,6.930805429901464e-36,6.96305463956924e-36,6.995378708489252e-36,7.027777636661502e-36,7.060251424085986e-36,7.092800070762704e-36,7.125423576691658e-36,7.158121941872847e-36,7.190895166306273e-36,7.223743249991935e-36,7.256666192929834e-36,7.289663995119966e-36,7.322736656562335e-36,7.355884177256939e-36,7.389106557203778e-36,7.422403796402854e-36,7.455775894854164e-36,7.489222852557712e-36,7.522744669513495e-36,7.556341345721513e-36,7.590012881181766e-36,7.62375927589425e-36,7.657580529858976e-36,7.691476643075933e-36,7.725447615545128e-36,7.759493447266559e-36,7.793614138240228e-36,7.827809688466125e-36,7.862080097944264e-36,7.896425366674639e-36,7.930845494657248e-36,7.965340481892092e-36,7.999910328379172e-36,8.034555034118489e-36,8.069274599110041e-36,8.10406902335383e-36,8.138938306849852e-36,8.173882449598111e-36,8.208901451598605e-36,8.243995312851345e-36,8.279164033356311e-36,8.314407613113518e-36,8.349726052122955e-36,8.385119350384627e-36,8.420587507898534e-36,8.456130524664678e-36,8.491748400683054e-36,8.527441135953667e-36,8.563208730476518e-36,8.599051184251603e-36,8.634968497278924e-36,8.670960669558481e-36,8.707027701090275e-36,8.743169591874302e-36,8.779386341910567e-36,8.815677951199062e-36,8.8520444197398e-36,8.888485747532768e-36,8.925001934577976e-36,8.96159298087541e-36,8.998258886425085e-36,9.034999651226998e-36,9.071815275281147e-36,9.10870575858753e-36,9.145671101146148e-36,9.182711302957003e-36,9.219826364020095e-36,9.257016284335421e-36,9.294281063902993e-36,9.331620702722789e-36,9.369035200794821e-36,9.406524558119092e-36,9.444088774695596e-36,9.481727850524335e-36,9.519441785605309e-36,9.557230579938521e-36,9.595094233523969e-36,9.63303274636165e-36,9.671046118451572e-36,9.709134349793723e-36,9.747297440388112e-36,9.785535390234739e-36,9.8238481993336e-36,9.862235867684691e-36,9.900698395288018e-36,9.939235782143576e-36,9.977848028251378e-36,1.0016535133611415e-35,1.0055297098223686e-35,1.0094133922088193e-35,1.0133045605204935e-35,1.017203214757391e-35,1.0211093549195123e-35,1.025022981006857e-35,1.0289440930194252e-35,1.032872690957217e-35,1.0368087748202323e-35,1.0407523446084715e-35,1.0447034003219339e-35,1.0486619419606197e-35,1.05262796952453e-35,1.0566014830136628e-35,1.0605824824280201e-35,1.0645709677676004e-35,1.0685669390324041e-35,1.0725703962224313e-35,1.0765813393376823e-35,1.0805997683781571e-35,1.0846256833438552e-35,1.0886590842347766e-35,1.0926999710509216e-35,1.0967483437922906e-35,1.1008042024588828e-35,1.1048675470506983e-35,1.1089383775677377e-35,1.1130166940100007e-35,1.1171024963774873e-35,1.121195784670197e-35,1.1252965588881307e-35,1.1294048190312878e-35,1.1335205650996688e-35,1.1376437970932728e-35,1.1417745150121007e-35,1.1459127188561516e-35,1.1500584086254265e-35,1.154211584319925e-35,1.1583722459396468e-35,1.1625403934845923e-35,1.1667160269547615e-35,1.1708991463501539e-35,1.17508975167077e-35,1.1792878429166098e-35,1.1834934200876735e-35,1.1877064831839603e-35,1.1919270322054708e-35,1.1961550671522048e-35,1.2003905880241627e-35,1.2046335948213438e-35,1.2088840875437481e-35,1.2131420661913765e-35,1.2174075307642287e-35,1.2216804812623038e-35,1.2259609176856027e-35,1.2302488400341254e-35,1.2345442483078716e-35,1.2388471425068413e-35,1.2431575226310348e-35,1.2474753886804518e-35,1.2518007406550917e-35,1.2561335785549557e-35,1.2604739023800427e-35,1.2648217121303537e-35,1.2691770078058888e-35,1.2735397894066463e-35,1.277910056932628e-35,1.2822878103838334e-35,1.286673049760262e-35,1.2910657750619143e-35,1.29546598628879e-35,1.299873683440889e-35,1.304288866518212e-35,1.3087115355207587e-35,1.3131416904485293e-35,1.3175793313015233e-35,1.3220244580797401e-35,1.326477070783181e-35,1.3309371694118452e-35,1.335404753965733e-35,1.339879824444844e-35,1.3443623808491793e-35,1.3488524231787378e-35,1.35334995143352e-35,1.3578549656135255e-35,1.3623674657187553e-35,1.3668874517492078e-35,1.371414923704884e-35,1.375949881585784e-35,1.3804923253919072e-35,1.3850422551232543e-35,1.3895996707798248e-35,1.3941645723616187e-35,1.3987369598686365e-35,1.4033168333008776e-35,1.4079041926583425e-35,1.4124990379410306e-35,1.4171013691489425e-35,1.4217111862820782e-35,1.4263284893404368e-35,1.4309532783240198e-35,1.435585553232826e-35,1.440225314066856e-35,1.444872560826109e-35,1.449527293510586e-35,1.4541895121202863e-35,1.4588592166552103e-35,1.463536407115358e-35,1.4682210835007286e-35,1.4729132458113234e-35,1.4776128940471414e-35,1.482320028208183e-35,1.4870346482944483e-35,1.4917567543059374e-35,1.4964863462426494e-35,1.5012234241045853e-35,1.5059679878917452e-35,1.510720037604128e-35,1.5154795732417344e-35,1.5202465948045648e-35,1.5250211022926182e-35,1.5298030957058956e-35,1.5345925750443965e-35,1.5393895403081207e-35,1.544193991497068e-35,1.5490059286112396e-35,1.5538253516506345e-35,1.5586522606152527e-35,1.563486655505095e-35,1.5683285363201605e-35,1.5731779030604497e-35,1.5780347557259625e-35,1.5828990943166993e-35,1.5877709188326588e-35,1.5926502292738424e-35,1.5975370256402495e-35,1.60243130793188e-35,1.607333076148734e-35,1.612242330290812e-35,1.617159070358113e-35,1.6220832963506377e-35,1.627015008268386e-35,1.6319542061113585e-35,1.636900889879554e-35,1.6418550595729728e-35,1.6468167151916158e-35,1.651785856735482e-35,1.6567624842045717e-35,1.6617465975988852e-35,1.6667381969184224e-35,1.6717372821631826e-35,1.676743853333167e-35,1.6817579104283742e-35,1.6867794534488057e-35,1.69180848239446e-35,1.6968449972653383e-35,1.7018889980614395e-35,1.7069404847827649e-35,1.7119994574293137e-35,1.717065916001086e-35,1.7221398604980827e-35,1.727221290920302e-35,1.732310207267745e-35,1.7374066095404112e-35,1.7425104977383016e-35,1.7476218718614153e-35,1.7527407319097524e-35,1.7578670778833134e-35,1.7630009097820976e-35,1.7681422276061058e-35,1.773291031355337e-35,1.778447321029792e-35,1.7836110966294704e-35,1.7887823581543726e-35,1.7939611056044992e-35,1.7991473389798485e-35,1.8043410582804212e-35,1.8095422635062175e-35,1.8147509546572376e-35,1.8199671317334806e-35,1.8251907947349477e-35,1.8304219436616388e-35,1.8356605785135531e-35,1.8409066992906907e-35,1.846160305993052e-35,1.8514213986206367e-35,1.856689977173445e-35,1.8619660416514767e-35,1.8672495920547327e-35,1.8725406283832113e-35,1.877839150636914e-35,1.8831451588158407e-35,1.8884586529199904e-35,1.8937796329493642e-35,1.8991080989039612e-35,1.9044440507837814e-35,1.9097874885888257e-35,1.9151384123190935e-35,1.9204968219745845e-35,1.925862717555299e-35,1.9312360990612373e-35,1.936616966492399e-35,1.9420053198487842e-35,1.9474011591303927e-35,1.9528044843372253e-35,1.9582152954692814e-35,1.9636335925265605e-35,1.9690593755090636e-35,1.9744926444167908e-35,1.979933399249741e-35,1.9853816400079146e-35,1.9908373666913123e-35,1.9963005792999332e-35,2.001771277833778e-35,2.007249462292846e-35,2.012735132677137e-35,2.0182282889866523e-35,2.0237289312213908e-35,2.0292370593813528e-35,2.0347526734665388e-35,2.0402757734769473e-35,2.0458063594125798e-35,2.051344431273436e-35,2.0568899890595156e-35,2.062443032770819e-35,2.0680035624073457e-35,2.0735715779690968e-35,2.0791470794560706e-35,2.0847300668682685e-35,2.0903205402056896e-35,2.0959184994683342e-35,2.1015239446562026e-35,2.1071368757692948e-35,2.1127572928076096e-35,2.1183851957711488e-35,2.1240205846599115e-35,2.129663459473898e-35,2.1353138202131074e-35,2.1409716668775398e-35,2.1466369994671968e-35,2.1523098179820768e-35,2.157990122422181e-35,2.163677912787508e-35,2.1693731890780593e-35,2.1750759512938338e-35,2.1807861994348319e-35,2.186503933501053e-35,2.1922291534924977e-35,2.1979618594091667e-35,2.2037020512510588e-35,2.209449729018175e-35,2.2152048927105132e-35,2.2209675423280758e-35,2.2267376778708627e-35,2.2325152993388718e-35,2.238300406732105e-35,2.2440930000505623e-35,2.2498930792942425e-35,2.2557006444631466e-35,2.2615156955572743e-35,2.2673382325766252e-35,2.2731682555212e-35,2.2790057643909982e-35,2.2848507591860196e-35,2.2907032399062646e-35,2.2965632065517338e-35,2.3024306591224263e-35,2.308305597618342e-35,2.314188022039482e-35,2.320077932385844e-35,2.3259753286574304e-35,2.33188021085424e-35,2.3377925789762732e-35,2.3437124330235294e-35,2.34963977299601e-35,2.3555745988937133e-35,2.3615169107166406e-35,2.3674667084647917e-35,2.373423992138166e-35,2.3793887617367644e-35,2.385361017260585e-35,2.3913407587096296e-35,2.3973279860838982e-35,2.4033226993833912e-35,2.409324898608107e-35,2.4153345837580476e-35,2.42135175483321e-35,2.4273764118335964e-35,2.433408554759207e-35,2.43944818361004e-35,2.4454952983860973e-35,2.4515498990873784e-35,2.4576119857138823e-35,2.463681558265609e-35,2.4697586167425603e-35,2.4758431611447353e-35,2.481935191472133e-35,2.488034707724755e-35,2.4941417099026004e-35,2.5002561980056706e-35,2.506378172033962e-35,2.512507631987479e-35,2.5186445778662183e-35,2.524789009670181e-35,2.5309409273993675e-35,2.537100331053778e-35,2.543267220633412e-35,2.549441596138269e-35,2.55562345756835e-35,2.5618128049236554e-35,2.568009638204183e-35,2.574213957409935e-35,2.58042576254091e-35,2.5866450535971087e-35,2.5928718305785314e-35,2.599106093485177e-35,2.605347842317047e-35,2.61159707707414e-35,2.6178537977564565e-35,2.624118004363997e-35,2.6303896968967596e-35,2.6366688753547464e-35,2.6429555397379577e-35,2.649249690046392e-35,2.65555132628005e-35,2.6618604484389307e-35,2.668177056523035e-35,2.6745011505323634e-35,2.680832730466915e-35,2.6871717963266907e-35,2.69351834811169e-35,2.6998723858219125e-35,2.706233909457359e-35,2.7126029190180284e-35,2.7189794145039224e-35,2.725363395915039e-35,2.7317548632513793e-35,2.7381538165129433e-35,2.7445602556997297e-35,2.75097418081174e-35,2.757395591848975e-35,2.763824488811433e-35,2.770260871699115e-35,2.77670474051202e-35,2.7831560952501494e-35,2.7896149359135015e-35,2.7960812625020776e-35,2.802555075015877e-35,2.8090363734549003e-35,2.8155251578191474e-35,2.822021428108617e-35,2.828525184323311e-35,2.8350364264632283e-35,2.841555154528369e-35,2.848081368518733e-35,2.8546150684343213e-35,2.861156254275132e-35,2.867704926041168e-35,2.874261083732426e-35,2.880824727348909e-35,2.8873958568906144e-35,2.893974472357543e-35,2.900560573749696e-35,2.907154161067072e-35,2.913755234309672e-35,2.920363793477496e-35,2.9269798385705425e-35,2.933603369588813e-35,2.940234386532306e-35,2.946872889401024e-35,2.9535188781949653e-35,2.96017235291413e-35,2.966833313558518e-35,2.97350176012813e-35,2.9801776926229653e-35,2.9868611110430237e-35,2.9935520153883066e-35,3.0002504056588125e-35,3.006956281854542e-35,3.0136696439754943e-35,3.0203904920216713e-35,3.0271188259930723e-35,3.0338546458896963e-35,3.040597951711543e-35,3.047348743458614e-35,3.054107021130908e-35,3.060872784728426e-35,3.067646034251168e-35,3.0744267696991323e-35,3.081214991072321e-35,3.0880106983707334e-35,3.0948138915943684e-35,3.101624570743229e-35,3.108442735817311e-35,3.115268386816618e-35,3.122101523741148e-35,3.128942146590901e-35,3.135790255365878e-35,3.142645850066079e-35,3.149508930691503e-35,3.1563794972421506e-35,3.1632575497180223e-35,3.170143088119117e-35,3.1770361124454347e-35,3.183936622696976e-35,3.1908446188737416e-35,3.197760100975731e-35,3.204683069002943e-35,3.21161352295538e-35,3.2185514628330407e-35,3.225496888635924e-35,3.232449800364031e-35,3.2394101980173605e-35,3.2463780815959143e-35,3.253353451099693e-35,3.260336306528694e-35,3.267326647882918e-35,3.274324475162366e-35,3.281329788367038e-35,3.288342587496933e-35,3.295362872552052e-35,3.3023906435323943e-35,3.30942590043796e-35,3.3164686432687507e-35,3.3235188720247636e-35,3.3305765867060006e-35,3.3376417873124606e-35,3.344714473844144e-35,3.3517946463010526e-35,3.3588823046831825e-35,3.3659774489905376e-35,3.3730800792231156e-35,3.380190195380917e-35,3.387307797463942e-35,3.39443288547219e-35,3.401565459405662e-35,3.408705519264357e-35,3.4158530650482774e-35,3.423008096757419e-35,3.4301706143917855e-35,3.437340617951374e-35,3.444518107436187e-35,3.4517030828462243e-35,3.4588955441814844e-35,3.466095491441968e-35,3.473302924627675e-35,3.4805178437386074e-35,3.487740248774762e-35,3.4949701397361403e-35,3.5022075166227425e-35,3.5094523794345677e-35,3.5167047281716164e-35,3.523964562833889e-35,3.5312318834213855e-35,3.5385066899341047e-35,3.545788982372047e-35,3.5530787607352137e-35,3.560376025023604e-35,3.567680775237218e-35,3.574993011376055e-35,3.582312733440116e-35,3.5896399414294003e-35,3.5969746353439087e-35,3.6043168151836406e-35,3.6116664809485954e-35,3.619023632638775e-35,3.6263882702541767e-35,3.633760393794803e-35,3.6411400032606526e-35,3.648527098651725e-35,3.6559216799680214e-35,3.6633237472095425e-35,3.670733300376286e-35,3.678150339468252e-35,3.6855748644854433e-35,3.693006875427857e-35,3.7004463722954943e-35,3.707893355088355e-35,3.7153478238064403e-35,3.7228097784497494e-35,7.710098046419923e-06,1.5496719490102573e-05,2.3360701515798895e-05,3.130306126546693e-05,3.932495559130328e-05,4.742765336994488e-05,5.561251636025667e-05,6.388098597815718e-05,7.223457424565537e-05,8.067485772228513e-05,8.920347359636877e-05,9.78221173563457e-05,0.00010653254163569128,0.00011533655593316813,0.0001242360270004376,0.0001332328797456016,0.00014232909854172807,0.0001515267288668957,0.0001608278792128156,0.00017023472323429942,0.0001797495021053469,0.00018937452707026118,0.00019911218217772008,0.00020896492719436012,0.00021893530069782595,0.00022902592335208942,0.00023923950136964914,0.00024957883016913914,0.000260046798237,0.00027064639120465817,0.0002813806961527926,0.0002922529061568796,0.0003032663250895975,0.0003144243726958484,0.00032573058995889,0.00033718864477973344,0.0003488023379831871,0.00036057560968549233,0.00037251254603953783,0.0003846173863857676,0.0003968945308456765,0.00040934854837996467,0.0004219841853524647,0.00043480637463726764,0.00044782024530786086,0.0004610311329546227,0.0004744445906803295,0.00048806640082661663,0.0005019025874872612,0.0005159594298802783,0.0005302434766345288,0.0005447615610843879,0.0005595208176419599,0.0005745286993501202,0.0005897929967108844,0.0006053218579069369,0.000621123810531906,0.0006372077849758597,0.0006535831396092728,0.0006702596879357097,0.0006872477278979805,0.0007045580735434249,0.0007222020892775087,0.0007401917269593517,0.0007585395661291443,0.000777258857669776,0.0007963635712854444,0.0008158684471663863,0.0008357890523091075,0.0008561418419870529,0.0008769442269429118,0.0008982146469445314,0.0009199726514372126,0.0009422389881007039,0.0009650357002763296,0.000988386234308305,0.0010123155580358423,0.001036850291827659,0.001062018853765559,0.001087851620824279,0.001114381108177254,0.0011416421690939624,0.0011696722182893738,0.001198511482054205,0.0012282032790543779,0.0012587943363434459,0.0012903351459520745,0.0013228803683453217,0.0013564892902322562,0.0013912263455735346,0.0014271617103988152,0.0014643719840879545,0.0015029409723758597,0.0015429605905055502,0.0015845319089181505,0.0016277663687892967,0.0016727872009257867,0.0017197310893690618,0.0017687501310031937,0.0018200141552009647,0.0018737134840037572,0.0019300622345786007,0.001989302293668799,0.0020517081304565685,0.0021175926632157954,0.002187314460693027,0.0022612866480090513,0.0023399880083136153,0.0024239769391070547,0.0025139091562985955,0.002610560369080301,0.002714855619710999,0.0028279076610958674,0.0029510677342694724,0.0030859935629536793,0.0032347415392933935,0.00339989328450844,0.003584731527848401,0.0037934872207050882,0.004031689476243829,0.004306662152467776,0.004628221461445602,0.0050096224005411714,0.005468730117303128,0.00602913461680302,0.0067202580904008715,0.007574298345517535,0.008617094902796255,0.00985303413304965,0.01125251034713739,0.012754408301506584,0.014284372480296842,0.015775383288679567,0.017178948021222582,0.018466013723497682,0.01962252836536635,0.02064414142258863,0.021532202050792783,0.022291423227370086,0.022928789428637502,0.023453130568954737,0.023874848245298137,0.024205475181259477,0.024457028136333617,0.024641307529905936,0.024769317909338198,0.024850899384017626,0.024894569803097195,0.024907527272823082,0.024895751478200095,0.024864152502631808,0.024816732271199553,0.024756738464488264,0.024686801253450463,0.024609049710346866,0.024525208296829557,0.024436675490800353,0.024344587188100803,0.024249867513088996,0.02415326941649176,0.02405540708692291,0.02395678185056505,0.023857802910336203,0.02375880400278057,0.0236600568268783,0.02356178191515503,0.023464157474150586,0.023367326607828504,0.023271403247030812,0.02317647703974344,0.023082617401992443,0.022989876887309888,0.022898294000081858,0.022807895552212187,0.022718698642709163,0.022630712324704316,0.02254393901125958,0.022458375662481555,0.0223740147894524,0.022290845301067244,0.022208853220702176,0.022128022290356063,0.022048334479157102,0.02196977041337869,0.021892309731794155,0.021815931387466726,0.021740613896225194,0.021666335542856168,0.02159307455033665,0.021520809218225488,0.021449518034171895,0.021379179763752754,0.021315839981329788,0.021247267242523345,0.021179587652800445,0.0211127817717296,0.02104683051026574,0.02098171524341842,0.020917417848694525,0.02085392071611588,0.02079120674600916,0.02072925934530967,0.020668062419351887,0.020607600357607465,0.020547858021371063,0.020488820734886448,0.02043047426527792,0.020372804810015025,0.02031579898044099,0.020259443787323285,0.02020372662566985,0.02014863525980995,0.020094157808617705,0.02004028273166762,0.019986998815384977,0.019934295159896608,0.019882161165898252,0.019830586523827343,0.01977956120077449,0.019729075429761028,0.01967911969968247,0.019629684744762746,0.01958076153516471,0.019532341267697765,0.019484415358017815,0.01943697543127183,0.01939001331503341,0.019343521032034055,0.01929749079213051,0.019251914988181875,0.019206786186394403,0.019162097123079543,0.01911784069785252,0.01907400996826954,0.01903059814489217,0.018987598586684622,0.018945004795953267,0.018902810413758183,0.01886100921717916,0.01881959511356703,0.018778562137418294,0.018737904446689053,0.018697616319609513,0.018657692151218215,0.01861812644934503,0.01857891383298588,0.018540049028202613,0.01850152686646432,0.018463342280185542,0.018425490302793862,0.018387966063122603,0.0183507647848375,0.01831388178391749,0.01827731246622879,0.01824105232516228,0.018205096940392622,0.01816944197457468,0.01813408317222143,0.018099016357627864,0.018064237432987903,0.01802974237593108,0.017995527240961734,0.01796158815241602,0.01792792130762768,0.017894522972313972,0.017861389480796998,0.017828517233895606,0.017795902697143203,0.017763542400386766,0.017731432934875207,0.01769957095353396,0.01766795316879751,0.017636576351005764,0.017605437328089897,0.01757453298386041,0.017543860256717874,0.01751341613866962,0.017483197674460976,0.017453201959847085,0.017423426141284358,0.017393867414334446,0.017364523022875153,0.017335390258144002,0.01730646645753307,0.01727774900398099,0.01724923532504788,0.017220922891288088,0.017192809216423532,0.017164891855903808,0.01713716840614233,0.017109636503697873,0.017082293824460967,0.017055138082807217,0.017028167031386196,0.017001378459231293,0.016974770192397813,0.016948340091945804,0.016922086054331452,0.016896006009680935,0.016870097922257805,0.016844359788891188,0.0168187896387874,0.01679338553270102,0.01676814556260024,0.016743067850478396,0.016718150548558547,0.01669339183817654,0.016668789929337877,0.016644343060088794,0.016620049496641615,0.016595907531670676,0.016571915484575147,0.016548071700912305,0.016524374551786538,0.016500822433351364,0.016477413766470272,0.016454146995957923,0.016431020590545915,0.016408033042104895,0.016385182865509627,0.016362468597615806,0.016339888797812414,0.016317442046770922,0.016295126946729088,0.016272942119613092,0.016250886208874635,0.01622895787762257,0.016207155808716355,0.01618547870408583,0.016163925284821294,0.016142494290582562,0.016121184479016285,0.01609999462700168,0.016078923527336263,0.016057969990982357,0.016037132845779005,0.016016410936225085,0.015995803123356307,0.015975308284088007,0.015954925311324444,0.015934653113423326,0.01591449061427013,0.015894436752343203,0.015874490481083546,0.0158546507684372,0.015834916596573934,0.015815286961515303,0.015795760873191983,0.015776337355067425,0.01575701544363698,0.015737794188575755,0.01571867265244925,0.01569964991033624,0.015680725049741766,0.015661897170296552,0.015643165383317868,0.015624528812877545,0.01560598659365406,0.015587537872086346,0.01556918180558828,0.015550917562696822,0.015532744322569531,0.01551466127545025,0.015496667621730688,0.015478762572099368,0.015460945347515619,0.015443215178186972,0.015425571305353472,0.015408012979311402,0.015390539459681054,0.015373150015673449,0.015355843925276318,0.015338620475712989,0.015321478963069048,0.015304418692369896,0.015287438976815731,0.015270539138374058,0.01525371850722779,0.01523697642184837,0.015220312228770013,0.015203725282341164,0.01518721494468587,0.015170780585838645,0.015154421583322985,0.015138137322062026,0.015121927194456134,0.01510579059975152,0.015089726944779953,0.015073735643455299,0.015057816115682186,0.015041967789102386,0.015026190097684773,0.015010482482094717,0.014994844389426235,0.014979275273159488,0.014963774593079055,0.014948341815155815,0.014932976411503948,0.014917677860080962,0.014902445645079556,0.014887279256908957,0.014872178190091479,0.014857141946451243,0.014842170032855482,0.014827261961715063,0.014812417250840135,0.014797635423366054,0.014782916007329002,0.014768258536731409,0.01475366255079445,0.014739127592877143,0.014724653211708174,0.014712411292561938,0.014698050243295646,0.014683748441515997,0.01466950545648295,0.01465532086214047,0.014641194237044285,0.014627125164188405,0.014613113231191846,0.014599158029175057,0.014585259154370424,0.014571416206959105,0.014557628791266222,0.014543896515530853,0.01453021899240196,0.014516595838158664,0.014503026673233667,0.01448951112180552,0.014476048811949482,0.014462639375292517,0.014449282447552317,0.014435977668114334,0.014422724679644082,0.014409523128751612,0.014396372665115401,0.014383272942257786,0.014370223617202015,0.014357224350175047,0.014344274804807386,0.014331374648074968,0.01431852355019022,0.014305721184682253,0.014292967228410896,0.014280261360545247,0.014267603264173043,0.014254992625340196,0.014242429133004001,0.014229912479375556,0.014217442358894201,0.014205018469606633,0.014192640512210775,0.014180308190197846,0.0141680212100022,0.014155779280690136,0.01414358211413031,0.014131429424784153,0.014119320929944215,0.014107256349464808,0.014095235405855699,0.014083257824092851,0.014071323331745952,0.014059431658907358,0.014047582538128076,0.014035775704417585,0.01402401089520521,0.01401228785044593,0.01400060631221406,0.013988966024842424,0.013977366735302268,0.013965808192764523,0.013954290148514879,0.013942812356129411,0.013931374571382675,0.013919976551813845,0.013908618057930236,0.013897298851945225,0.013886018698388881,0.01387477736392682,0.013863574616204187,0.013852410225728537,0.013841283965534535,0.013830195609603873,0.013819144934562776,0.013808131718922985,0.013797155742651208,0.013786216787539959,0.01377531463793155,0.013764449079644019,0.013753619900470967,0.013742826889793246,0.013732069838805375,0.013721348540630802,0.013710662790024652,0.013700012383491089,0.013689397119232201,0.01367881679714424,0.013668271218789689,0.013657760187160013,0.013647283507204132,0.01363684098551854,0.013626432430158654,0.013616057650761895,0.013605716458523147,0.013595408666185029,0.013585134088344252,0.013574892540460003,0.013564683839812344,0.01355450780516285,0.0135443642566819,0.013534253016113535,0.013524173906531291,0.013514126752472861,0.013504111379879329,0.013494127616030832,0.01348417528962746,0.013474254230756008,0.013464364270713477,0.013454505242371998,0.013444676979659953,0.013434879317890907,0.013425112093593894,0.013415375144773685,0.013405668310648607,0.013395991431651258,0.013386344349254885,0.01337672690639442,0.013367138947148556,0.01335758031684772,0.013348050861934696,0.01333855043008296,0.013329078870106918,0.013319636031562982,0.013310221766178052,0.013300835925844719,0.013291478363865671,0.013282148934678299,0.013272847494020561,0.013263573898227243,0.013254328005335006,0.013245109673903889,0.0132359187637139,0.01322675513561957,0.013217618651502118,0.013208509174144302,0.013199426567620232,0.013190370696769286,0.013181341427403096,0.013172338626526899,0.013163362162034242,0.013154411902532389,0.013145487717872512,0.013136589478763772,0.013127717056840202,0.013118870324683523,0.01311004915574856,0.013101253424437758,0.013092483006034963,0.013083737776691737,0.013075017613490546,0.013066322394357116,0.01305765199809813,0.013049006304369521,0.013040385193681952,0.013031788547380173,0.013023216247666669,0.013014668177525668,0.013006144220779949,0.012997644262060702,0.012989168186796173,0.01298071588121006,0.012972287232346225,0.012963882128036402,0.012955500456835899,0.012947142108085036,0.012938806971883822,0.012930494939087584,0.012922205901282374,0.012913939750719883,0.012905696380761921,0.012897475684850087,0.012889277557654188,0.012881101894648965,0.012872948591448198,0.012864817544765745,0.012856708651977238,0.012848621810991024,0.012840556920684039,0.012832513880146957,0.012824492589789628,0.012816492950173161,0.012808514862638678,0.012800558229203679,0.012792622952562407,0.01278470893595213,0.012776816083350104,0.012768944299325638,0.012761093489070336,0.012753263558398412,0.012745454413760616,0.012737665962135238,0.012729898111167169,0.012722150769104162,0.012714423844738946,0.012706717247550854,0.012699030887604622,0.012691364675213741,0.012683718521791324,0.01267609233887183,0.012668486038759943,0.012660899534392984,0.012653332739041366,0.01264578556659822,0.0126382579316065,0.012630749749135679,0.012623260934385948,0.012615791403798801,0.012608341073966625,0.012600909861981301,0.012593497685569725,0.012586104462764121,0.012578730112131026,0.01257137455296074,0.012564037705084196,0.012556719488518957,0.012549419823929698,0.012542138632462136,0.012534875835746178,0.0125276313558878,0.012520405115492668,0.012513197037617104,0.01250600704576863,0.012498835063957084,0.012491681016636063,0.012484544828759384,0.012477426425650693,0.012470325733125587,0.012463242677446815,0.012456177185320081,0.012449129183889223,0.012442098600734433,0.012435085363868592,0.012428089401733277,0.01242111064319571,0.012414149017469513,0.0124072044543908,0.012400276884025587,0.012393366236925366,0.012386472444007996,0.0123795954366475,0.012372735146592253,0.012365891505995682,0.01235906444740172,0.012352253903761934,0.012345459808407736,0.012338682095060158,0.012331920697824648,0.012325175551184906,0.012318446590009524,0.012311733749539311,0.012305036965387872,0.012298356173538758,0.01229169131034535,0.012285042312519659,0.012278409117138062,0.012271791661635553,0.012265189883803325,0.012258603721785928,0.012252033114076202,0.012245477999522011,0.012238938317311123,0.01223241400698227,0.012225905008397929,0.012219411261756612,0.01221293270771138,0.012206469286790927,0.012200020940451053,0.012193587610229298,0.012187169238018937,0.012180765765974481,0.012174377136598453,0.012168003292718013,0.01216164417746088,0.012155299734291773,0.012148969907172659,0.012142654639965346,0.012136353877039471,0.01213006756310623,0.012123795643153032,0.012117538062468075,0.012111294766678118,0.01210506570162327,0.012098850813478012,0.012092650048668933,0.012086463354034287,0.01208029067657749,0.012074131963583368,0.012067987162678099,0.012061856221695371,0.012055739088986495,0.012049635713024589,0.012043546042318505,0.012037470026035035,0.012031407613458285,0.012025358753981797,0.01201932339749279,0.012013301494074242,0.012007292994056552,0.012001297848022336,0.011995316006861928,0.011989347421711902,0.01198339204390261,0.011977449825093469,0.011971520717143214,0.011965604672202194,0.011959701642663172,0.011953811581153516,0.011947934440555077,0.01194207017399234,0.011936218734832737,0.01193038007668482,0.011924554153399275,0.0119187409189313,0.01191294032803806,0.011907152334791915,0.01190137689419063,0.011895613961190123,0.011889863491086271,0.011884125439352406,0.011878399761693892,0.011872686414046332,0.011866985352563504,0.011861296533623849,0.011855619913826755,0.011849955449990767,0.01184430309915269,0.011838662818565156,0.0118330345656961,0.011827418298226682,0.011821813974050825,0.011816221551282494,0.011810640988223806,0.011805072243397373,0.011799515275531672,0.011793970043563851,0.011788436506633661,0.011782914624053746,0.011777404355389964,0.011771905660385992,0.011766418498978599,0.011760942831304749,0.011755478617701496,0.011750025818692255,0.01174458439499855,0.011739154307534121,0.011733735517403747,0.011728327985901977,0.011722931674511924,0.011717546544898568,0.01171217255892944,0.011706809678640635,0.011701457866257559,0.011696117084195923,0.011690787295029705,0.011685468461536187,0.011680160546664172,0.01167486351354045,0.011669577325468687,0.01166430194592443,0.011659037338565376,0.011653783467222744,0.011648540295890922,0.01164330778875183,0.011638085910130536,0.011632874624546926,0.011627673896674925,0.011622483691364737,0.011617303973669607,0.011612134708693558,0.011606975861811464,0.011601827398532705,0.011596689284595544,0.011591561485674216,0.011586443967953346,0.011581336697338558,0.011576239640326806,0.011571152763226008,0.011566076032733186,0.01156100941558349,0.01155595287877834,0.011550906389360687,0.011545869914562844,0.011540843421747321,0.011535826878487568,0.011530820252449345,0.011525823511462056,0.011520836623509343,0.011515859556713161,0.011510892279357558,0.01150593475986528,0.011500986966775963,0.011496048868808714,0.01149112043480021,0.01148620163376599,0.011481292434754539,0.01147639280718844,0.011471502720391708,0.011466622143908527,0.01146175104740962,0.011456889400717648,0.011452037173810124,0.011447194336775402,0.011442360859838853,0.011437536713361564,0.011432721867837142,0.011427916293890901,0.011423119962277732,0.011418332843884561,0.011413554909725671,0.011408786130948664,0.011404026478868583,0.01139927592479939,0.011394534440308055,0.01138980199705096,0.01138507856678781,0.011380364121500414,0.011375658633075724,0.011370962073766663,0.011366274415813785,0.011361595631604727,0.011356925693657175,0.011352264574593004,0.011347612247101044,0.011342968684159446,0.011338333858781082,0.011333707744027623,0.011329090313100355,0.011324481539351191,0.011319881396235142,0.01131528985732211,0.011310706896296046,0.011306132486954152,0.011301566603216476,0.011297009219095802,0.01129246030872579,0.011287919846341239,0.01128338780631031,0.011278864163182937,0.011274348891350585,0.011269841965589824,0.011265343360690348,0.011260853051549247,0.011256371013170407,0.011251897220663686,0.011247431649244705,0.011242974274236685,0.011238525071053987,0.011234084015242242,0.011229651082422885,0.011225226248226184,0.01122080948858913,0.011216400779446823,0.011212000096940905,0.011207607417110051,0.011203222716195014,0.011198845970534105,0.011194477156559668,0.011190116250808157,0.011185763229911343,0.011181418070597656,0.011177080749694288,0.01117275124405419,0.011168429530720277,0.011164115586957391,0.011159809389861587,0.011155510916758418,0.011151220145014015,0.01114693705214517,0.011142661615710644,0.011138393813377534,0.011134133622856038,0.011129881022049998,0.011125635988929409,0.01112139850140291,0.011117168537794738,0.011112946076119951,0.011108731094845331,0.011104523572289499,0.011100323486927017,0.01109613081732299,0.01109194554214682,0.011087767640117038,0.011083597090061785,0.01107943387088121,0.011075277961588989,0.011071129341244419,0.011066987989018569,0.011062853884147406,0.011058727005960563,0.011054607333872424,0.011050494847376137,0.011046389526044099,0.011042291349537662,0.011038200297591406,0.011034116350028265,0.011030039486734852,0.011025969687701944,0.011021906932980125,0.01101785120270526,0.011013802477091696,0.011009760736431838,0.011005725961095976,0.011001698131531075,0.010997677228261536,0.010993663231889158,0.01098965612308862,0.01098565588261302,0.010981662491291148,0.01097767593002474,0.010973696179791775,0.010969723221643687,0.010965757036705426,0.010961797606175617,0.010957844911326236,0.010953898933503313,0.010949959654117642,0.010946027054670083,0.010942101116689588,0.010938181821844055,0.01093426915182362,0.010930363088396745,0.010926463613444968,0.01092257070881587,0.01091868435651059,0.010914804538599557,0.010910931237176505,0.010907064434450664,0.01090320411267619,0.0108993502541706,0.010895502841328538,0.010891661856608583,0.010887827282535595,0.010883999101701106,0.010880177296762644,0.0108763618504435,0.010872552745532072,0.010868749964884124,0.010864953491412869,0.010861163308108759,0.01085737939801433,0.010853601744241246,0.01084983032996547,0.010846065138406292,0.010842306152894025,0.010838553356778335,0.010834806733484489,0.010831066266499705,0.010827331939372334,0.010823603735713665,0.010819881639194449,0.010816165633546745,0.010812455702562547,0.01080875183009506,0.010805054000056857,0.010801362196420096,0.010797676403216269,0.010793996604535857,0.010790322784528104,0.01078665492740068,0.010782993017419468,0.010779337038908208,0.010775686976248275,0.010772042813890721,0.010768404536306994,0.01076477212808252,0.010761145573804113,0.010757524858145085,0.01075390996579559,0.01075030088155729,0.010746697590287773,0.010743100076824334,0.010739508326136281,0.010735922323217816,0.010732342053139951,0.01072876750098999,0.010725198651922705,0.010721635491148178,0.010718078003946039,0.01071452617563313,0.010710979991582378,0.010707439437219302,0.010703904498021877,0.010700375159520246,0.010696851407296436,0.010693333226984137,0.01068982060426792,0.010686313524888604,0.010682811974629634,0.010679315939328441,0.010675825404874006,0.010675825475704217,0.010675825501969726,0.010675825511229056,0.010675825514490441,0.010675825515650272,0.010675825516074829,0.010675825516242838,0.010675825516322021,0.010675825516371147,0.010675825516410812,0.010675825516448237,0.010675825516485958,0.010675825516524875,0.010675825516565306,0.010675825516607354,0.010675825516651078,0.010675825516696496,0.010675825516743623,0.010675825516792466,0.010675825516843034,0.010675825516895337,0.010675825516949379,0.010675825517005166,0.010675825517062707,0.010675825517122007,0.01067582551718307,0.01067582551724591,0.010675825517310512,0.010675825517376895,0.010675825517445068,0.010675825517515032,0.010675825517586793,0.01067582551766035,0.010675825517735705,0.01067582551781287,0.010675825517891842,0.010675825517972625,0.010675825518055224,0.01067582551813964,0.010675825518225875,0.010675825518313928,0.010675825518403818,0.010675825518495522,0.010675825518589064,0.010675825518684423,0.010675825518781617,0.010675825518880641,0.0106758255189815,0.010675825519084189,0.010675825519188708,0.010675825519295057,0.010675825519403234,0.010675825519513243,0.01067582551962509,0.010675825519738762,0.010675825519854264,0.010675825519971592,0.01067582552009075,0.010675825520211726,0.010675825520334536,0.010675825520459153,0.010675825520585599,0.010675825520713857,0.010675825520843925,0.010675825520975811,0.010675825521109506,0.010675825521245005,0.010675825521382298,0.010675825521521402,0.010675825521662295,0.010675825521804986,0.010675825521949466,0.01067582552209572,0.010675825522243762,0.010675825522393576,0.010675825522545158,0.010675825522698515,0.010675825522853634,0.010675825523010508,0.010675825523169138,0.010675825523329513,0.010675825523491635,0.010675825523655494,0.010675825523821084,0.010675825523988403,0.010675825524157445,0.010675825524328202,0.010675825524500656,0.010675825524674831,0.010675825524850696,0.010675825525028255,0.010675825525207497,0.01067582552538842,0.010675825525571012,0.010675825525755274,0.010675825525941193,0.01067582552612877,0.010675825526317989,0.010675825526508852,0.010675825526701346,0.010675825526895466,0.010675825527091204,0.010675825527288553,0.010675825527487505,0.010675825527688051,0.010675825527890192,0.010675825528093916,0.010675825528299208,0.010675825528506072,0.010675825528714497,0.010675825528924467,0.010675825529135987,0.010675825529349038,0.010675825529563617,0.010675825529779713,0.010675825529997332,0.010675825530216445,0.010675825530437066,0.010675825530659166,0.010675825530882749,0.010675825531107807,0.010675825531334332,0.010675825531562301,0.010675825531791729,0.010675825532022593,0.010675825532254888,0.010675825532488605,0.010675825532723738,0.010675825532960275,0.010675825533198211,0.010675825533437535,0.010675825533678246,0.010675825533920323,0.010675825534163769,0.01067582553440857,0.010675825534654721,0.01067582553490221,0.010675825535151026,0.010675825535401166,0.010675825535652626,0.01067582553590538,0.010675825536159438,0.010675825536414784,0.010675825536671409,0.010675825536929306,0.010675825537188467,0.010675825537448882,0.010675825537710537,0.010675825537973438,0.010675825538237564,0.010675825538502909,0.010675825538769465,0.010675825539037228,0.010675825539306181,0.010675825539576323,0.01067582553984764,0.010675825540120134,0.010675825540393789,0.010675825540668591,0.010675825540944546,0.01067582554122163,0.010675825541499845,0.010675825541779179,0.010675825542059631,0.010675825542341182,0.010675825542623823,0.010675825542907559,0.010675825543192371,0.01067582554347825,0.010675825543765194,0.010675825544053198,0.010675825544342241,0.010675825544632327,0.01067582554492344,0.010675825545215576,0.010675825545508723,0.010675825545802885,0.010675825546098036,0.010675825546394188,0.010675825546691314,0.010675825546989426,0.010675825547288496,0.010675825547588525,0.010675825547889501,0.010675825548191431,0.010675825548494288,0.010675825548798078,0.010675825549102779,0.010675825549408406,0.01067582554971494,0.010675825550022366,0.01067582555033069,0.010675825550639891,0.010675825550949978,0.010675825551260931,0.010675825551572737,0.010675825551885404,0.010675825552198913,0.010675825552513268,0.010675825552828451,0.010675825553144457,0.010675825553461292,0.010675825553778927,0.010675825554097376,0.010675825554416615,0.01067582555473665,0.010675825555057465,0.010675825555379057,0.010675825555701417,0.010675825556024551,0.010675825556348429,0.010675825556673065,0.010675825556998439,0.010675825557324554,0.010675825557651397,0.010675825557978965,0.010675825558307251,0.010675825558636241,0.010675825558965936,0.010675825559296337,0.010675825559627424,0.010675825559959195,0.010675825560291646,0.010675825560624774,0.010675825560958559,0.010675825561293015,0.010675825561628117,0.010675825561963878,0.010675825562300283,0.010675825562637306,0.01067582556297497,0.010675825563313259,0.010675825563652167,0.010675825563991683,0.010675825564331812,0.010675825564672546,0.010675825565013865,0.010675825565355788,0.010675825565698285,0.010675825566041363,0.010675825566385015,0.010675825566729238,0.010675825567074023,0.010675825567419361,0.010675825567765258,0.010675825568111703,0.010675825568458685,0.0106758255688062,0.010675825569154244,0.010675825569502827,0.010675825569851924,0.01067582557020153,0.010675825570551651,0.010675825570902284,0.010675825571253409,0.01067582557160503,0.01067582557195715,0.01067582557230974,0.010675825572662825,0.010675825573016388,0.010675825573370414,0.01067582557372491,0.010675825574079872,0.01067582557443529,0.010675825574791154,0.010675825575147476,0.010675825575504241,0.010675825575861445,0.010675825576219097,0.01067582557657716,0.010675825576935654,0.010675825577294564,0.010675825577653902,0.010675825578013646,0.010675825578373804,0.010675825578734368,0.010675825579095327,0.010675825579456686,0.010675825579818438,0.010675825580180579,0.0106758255805431,0.010675825580906004,0.01067582558126928,0.010675825581632933,0.010675825581996952,0.010675825582361336,0.010675825582726093,0.010675825583091198,0.010675825583456654,0.010675825583822464,0.01067582558418862,0.010675825584555114,0.010675825584921953,0.010675825585289126,0.010675825585656624,0.010675825586024456,0.010675825586392608,0.010675825586761093,0.010675825587129886,0.010675825587498999,0.01067582558786842,0.010675825588238144,0.010675825588608174,0.010675825588978508,0.010675825589349139,0.010675825589720068,0.010675825590091285,0.010675825590462786,0.010675825590834574,0.010675825591206644,0.010675825591578996,0.010675825591951623,0.010675825592324523,0.010675825592697684,0.01067582559307112,0.010675825593444816,0.010675825593818772,0.010675825594192986,0.01067582559456746,0.01067582559494218,0.010675825595317158,0.010675825595692372,0.01067582559606783,0.010675825596443532,0.01067582559681948,0.010675825597195649,0.01067582559757205,0.010675825597948694,0.010675825598325561,0.010675825598702653,0.010675825599079966,0.010675825599457501,0.010675825599835247,0.010675825600213212,0.010675825600591389,0.01067582560096978,0.010675825601348372,0.01067582560172717,0.010675825602106174,0.010675825602485376,0.010675825602864775,0.010675825603244371,0.01067582560362416,0.01067582560400414,0.010675825604384301,0.010675825604764658,0.010675825605145196,0.010675825605525917,0.010675825605906812,0.010675825606287895,0.010675825606669147,0.010675825607050571,0.010675825607432169,0.010675825607813936,0.010675825608195869,0.010675825608577971,0.01067582560896023,0.010675825609342653,0.010675825609725235,0.01067582561010798,0.010675825610490871,0.010675825610873919,0.01067582561125712,0.01067582561164047,0.010675825612023963,0.010675825612407607,0.01067582561279139,0.010675825613175323,0.01067582561355939,0.010675825613943597,0.010675825614327939,0.01067582561471242,0.010675825615097029,0.010675825615481771,0.010675825615866648,0.010675825616251649,0.010675825616636776,0.010675825617022027,0.010675825617407405,0.010675825617792898,0.010675825618178522,0.010675825618564257,0.01067582561895011,0.010675825619336082,0.010675825619722168,0.010675825620108364,0.010675825620494666,0.010675825620881083,0.010675825621267605,0.010675825621654238,0.010675825622040974,0.01067582562242781,0.01067582562281475,0.010675825623201794,0.010675825623588927,0.010675825623976168,0.0106758256243635,0.010675825624750933,0.010675825625138462,0.010675825625526077,0.010675825625913783,0.010675825626301582,0.01067582562668947,0.010675825627077444,0.010675825627465505,0.010675825627853646,0.010675825628241877,0.010675825628630183,0.010675825629018577,0.010675825629407049,0.010675825629795603,0.010675825630184228,0.010675825630572934,0.010675825630961715,0.010675825631350574,0.010675825631739503,0.010675825632128497,0.010675825632517568,0.01067582563290671,0.010675825633295916,0.010675825633685191,0.010675825634074541,0.010675825634463948,0.010675825634853418,0.01067582563524295,0.010675825635632552,0.01067582563602221,0.01067582563641193,0.010675825636801707,0.010675825637191544,0.010675825637581437,0.010675825637971387,0.010675825638361404,0.010675825638751467,0.010675825639141576,0.010675825639531743,0.010675825639921966,0.010675825640312235,0.01067582564070256,0.010675825641092929,0.010675825641483344,0.010675825641873811,0.010675825642264323,0.010675825642654884,0.010675825643045481,0.010675825643436125,0.010675825643826816,0.010675825644217544,0.010675825644608323,0.010675825644999139,0.010675825645389995,0.010675825645780884,0.010675825646171816,0.010675825646562782,0.01067582564695379,0.010675825647344829,0.010675825647735906,0.010675825648127026,0.010675825648518166,0.010675825648909348,0.01067582564930056,0.010675825649691802,0.010675825650083076,0.010675825650474384,0.010675825650865717,0.010675825651257083,0.010675825651648473,0.010675825652039896,0.010675825652431345,0.01067582565282282,0.010675825653214325,0.01067582565360585,0.010675825653997396,0.010675825654388972,0.010675825654780568,0.010675825655172182,0.010675825655563829,0.010675825655955491,0.010675825656347173,0.01067582565673888,0.010675825657130602,0.010675825657522342,0.010675825657914105,0.010675825658305885,0.010675825658697678,0.010675825659089493,0.010675825659481317,0.010675825659873163,0.010675825660265027,0.0106758256606569,0.010675825661048787,0.01067582566144069,0.010675825661832606,0.010675825662224532,0.010675825662616477,0.010675825663008426,0.010675825663400394,0.010675825663792368,0.010675825664184352,0.010675825664576347,0.010675825664968348,0.01067582566536036,0.01067582566575238,0.010675825666144407,0.01067582566653644,0.010675825666928486,0.010675825667320536,0.010675825667712593,0.010675825668104651,0.010675825668496716,0.010675825668888786,0.01067582566928086,0.010675825669672937,0.01067582567006502,0.010675825670457108,0.010675825670849199,0.010675825671241292,0.010675825671633382,0.010675825672025473,0.010675825672417576,0.010675825672809672,0.010675825673201769,0.010675825673593866,0.010675825673985959,0.010675825674378057,0.010675825674770153,0.010675825675162245,0.010675825675554331,0.010675825675946422,0.010675825676338511,0.010675825676730592,0.010675825677122676,0.010675825677514747,0.01067582567790682,0.010675825678298893,0.010675825678690956,0.010675825679083015,0.010675825679475066,0.010675825679867114,0.010675825680259158,0.010675825680651192,0.010675825681043227,0.010675825681435248,0.010675825681827268,0.010675825682219272,0.01067582568261128,0.010675825683003272,0.010675825683395259,0.010675825683787237,0.010675825684179206,0.010675825684571158,0.010675825684963102,0.010675825685355043,0.010675825685746978,0.010675825686138896,0.010675825686530803,0.010675825686922703,0.01067582568731459,0.01067582568770647,0.010675825688098335,0.010675825688490187,0.010675825688882033,0.010675825689273862,0.010675825689665673,0.010675825690057488,0.010675825690449283,0.010675825690841058,0.010675825691232826,0.010675825691624573,0.01067582569201632,0.010675825692408035,0.01067582569279975,0.010675825693191449,0.010675825693583127,0.01067582569397479,0.010675825694366443,0.01067582569475808,0.010675825695149703,0.010675825695541305,0.010675825695932895,0.010675825696324467,0.010675825696716018,0.010675825697107563,0.010675825697499091,0.010675825697890594,0.010675825698282083,0.01067582569867355,0.010675825699065009,0.010675825699456442,0.010675825699847864,0.010675825700239266,0.010675825700630645,0.010675825701022016,0.01067582570141336,0.010675825701804685,0.010675825702195997,0.010675825702587282,0.010675825702978552,0.010675825703369798,0.010675825703761029,0.010675825704152242,0.010675825704543432,0.010675825704934605,0.010675825705325753,0.010675825705716882,0.010675825706107995,0.010675825706499083,0.01067582570689015,0.010675825707281195,0.010675825707672221,0.010675825708063226,0.010675825708454212,0.010675825708845172,0.010675825709236112,0.01067582570962703,0.010675825710017933,0.010675825710408805,0.01067582571079965,0.010675825711190487,0.010675825711581285,0.010675825711972071,0.010675825712362835,0.010675825712753571,0.010675825713144292,0.010675825713534981,0.010675825713925651,0.010675825714316299,0.010675825714706922,0.010675825715097518,0.010675825715488092,0.010675825715878648,0.010675825716269169,0.010675825716659672,0.010675825717050152,0.010675825717440602,0.01067582571783103,0.010675825718221437,0.010675825718611812,0.010675825719002165,0.010675825719392497,0.010675825719782804,0.010675825720173083,0.010675825720563336,0.010675825720953571,0.01067582572134377,0.010675825721733954,0.010675825722124109,0.010675825722514238,0.010675825722904337,0.010675825723294416,0.010675825723684466,0.010675825724074484,0.010675825724464488,0.010675825724854461,0.010675825725244403,0.010675825725634322,0.010675825726024213,0.01067582572641408,0.010675825726803909,0.01067582572719372,0.010675825727583504,0.010675825727973267,0.010675825728362991,0.010675825728752695,0.010675825729142375,0.01067582572953202,0.010675825729921644,0.010675825730311238,0.0106758257307008,0.01067582573109034,0.010675825731479852,0.010675825731869332,0.010675825732258793,0.010675825732648215,0.010675825733037617,0.010675825733426993,0.010675825733816337,0.01067582573420565,0.010675825734594937,0.010675825734984195,0.010675825735373425,0.010675825735762628,0.010675825736151803,0.010675825736540948,0.010675825736930064,0.010675825737319152,0.010675825737708209,0.010675825738097236,0.010675825738486243,0.010675825738875211,0.010675825739264152,0.010675825739653068,0.01067582574004195,0.010675825740430803,0.010675825740819631,0.010675825741208426,0.010675825741597195,0.010675825741985936,0.010675825742374643,0.010675825742763325,0.01067582574315197,0.010675825743540595,0.010675825743929182,0.010675825744317744,0.010675825744706272,0.010675825745094772,0.010675825745483241,0.010675825745871684,0.010675825746260102,0.01067582574664848,0.01067582574703683,0.010675825747425148,0.01067582574781344,0.010675825748201704,0.010675825748589928,0.010675825748978128,0.010675825749366293,0.010675825749754434,0.010675825750142542,0.010675825750530617,0.010675825750918671,0.010675825751306682,0.010675825751694672,0.010675825752082625,0.01067582575247055,0.01067582575285845,0.010675825753246309,0.010675825753634146,0.010675825754021945,0.010675825754409717,0.010675825754797455,0.010675825755185164,0.010675825755572844,0.010675825755960494,0.010675825756348107,0.010675825756735688,0.01067582575712325,0.010675825757510771,0.01067582575789826,0.010675825758285722,0.010675825758673154,0.010675825759060545,0.010675825759447912,0.010675825759835248,0.010675825760222555,0.010675825760609827,0.010675825760997067,0.010675825761384278,0.01067582576177147,0.010675825762158617,0.010675825762545731,0.010675825762932816,0.010675825763319864,0.010675825763706882,0.010675825764093871,0.010675825764480827,0.01067582576486775,0.010675825765254644,0.010675825765641505,0.010675825766028333,0.01067582576641513,0.010675825766801891,0.010675825767188628,0.010675825767575326,0.010675825767961994,0.010675825768348631,0.010675825768735239,0.01067582576912181,0.010675825769508348,0.010675825769894858,0.010675825770281335,0.010675825770667776,0.010675825771054194,0.010675825771440575,0.01067582577182692,0.010675825772213238,0.01067582577259952,0.01067582577298577,0.010675825773371991,0.01067582577375818,0.010675825774144335,0.010675825774530459,0.010675825774916553,0.010675825775302612,0.010675825775688638,0.01067582577607463,0.010675825776460592,0.010675825776846514,0.010675825777232409,0.010675825777618279,0.010675825778004109,0.010675825778389906,0.010675825778775669,0.010675825779161402,0.010675825779547104,0.010675825779932775,0.01067582578031841,0.010675825780704015,0.010675825781089582,0.010675825781475119,0.010675825781860625,0.010675825782246098,0.01067582578263153,0.010675825783016941,0.010675825783402315,0.010675825783787656,0.010675825784172963,0.010675825784558241,0.010675825784943483,0.010675825785328689,0.010675825785713869,0.010675825786099009,0.01067582578648412,0.010675825786869203,0.010675825787254244,0.01067582578763926,0.010675825788024246,0.010675825788409189,0.010675825788794105,0.01067582578917899,0.010675825789563833,0.010675825789948648,0.010675825790333425,0.010675825790718175,0.010675825791102895,0.01067582579148758,0.01067582579187223,0.010675825792256845,0.010675825792641426,0.010675825793025982,0.010675825793410499,0.010675825793794985,0.010675825794179434,0.010675825794563857,0.010675825794948244,0.010675825795332597,0.010675825795716914,0.010675825796101213,0.010675825796485463,0.010675825796869683,0.010675825797253874,0.01067582579763803,0.010675825798022155,0.010675825798406244,0.010675825798790303,0.010675825799174326,0.010675825799558319,0.010675825799942272,0.010675825800326196,0.010675825800710085,0.010675825801093943,0.01067582580147777,0.01067582580186156,0.010675825802245308,0.01067582580262904,0.010675825803012733,0.010675825803396391,0.010675825803780013,0.010675825804163604,0.010675825804547158,0.010675825804930688,0.01067582580531418,0.010675825805697642,0.010675825806081063,0.010675825806464458,0.01067582580684782,0.010675825807231143,0.010675825807614435,0.010675825807997691,0.010675825808380912,0.01067582580876411,0.010675825809147265,0.010675825809530387,0.010675825809913482,0.010675825810296542,0.010675825810679565,0.010675825811062556,0.010675825811445518,0.010675825811828445,0.010675825812211333,0.010675825812594195,0.010675825812977019,0.010675825813359808,0.010675825813742568,0.010675825814125297,0.010675825814507989,0.010675825814890646,0.010675825815273264,0.010675825815655864,0.010675825816038419,0.010675825816420948,0.010675825816803439,0.0106758258171859,0.010675825817568325,0.010675825817950723,0.01067582581833308,0.010675825818715408,0.010675825819097696,0.010675825819479958,0.010675825819862185,0.010675825820244381,0.010675825820626539,0.010675825821008665,0.010675825821390756,0.010675825821772813,0.010675825822154842,0.010675825822536827,0.010675825822918792,0.010675825823300712,0.010675825823682601,0.010675825824064459,0.010675825824446289,0.01067582582482808,0.010675825825209834,0.010675825825591564,0.010675825825973257,0.010675825826354911,0.010675825826736539,0.010675825827118126,0.010675825827499682,0.010675825827881206,0.010675825828262703,0.010675825828644158,0.010675825829025584,0.010675825829406977,0.010675825829788333,0.010675825830169657,0.010675825830550947,0.010675825830932203,0.010675825831313428,0.01067582583169462,0.010675825832075771,0.010675825832456897,0.01067582583283799,0.01067582583321905,0.010675825833600069,0.010675825833981054,0.010675825834362013,0.010675825834742938,0.01067582583512383,0.010675825835504684,0.010675825835885508,0.010675825836266296,0.010675825836647052,0.010675825837027775,0.010675825837408465,0.010675825837789124,0.010675825838169744,0.010675825838550337,0.01067582583893089,0.010675825839311415,0.010675825839691901,0.01067582584007236,0.010675825840452782,0.010675825840833172,0.01067582584121352,0.010675825841593847,0.010675825841974131,0.01067582584235439,0.010675825842734611,0.010675825843114798,0.010675825843494953,0.010675825843875079,0.010675825844255167,0.010675825844635225,0.010675825845015243,0.010675825845395236,0.01067582584577519,0.010675825846155111,0.010675825846535003,0.010675825846914854,0.01067582584729468,0.010675825847674467,0.010675825848054222,0.010675825848433943,0.010675825848813629,0.010675825849193289,0.010675825849572908,0.01067582584995249,0.010675825850332051,0.01067582585071157,0.01067582585109106,0.010675825851470516,0.010675825851849936,0.01067582585222932,0.010675825852608678,0.010675825852988001,0.01067582585336729,0.010675825853746542,0.010675825854125763,0.010675825854504955,0.010675825854884111,0.010675825855263232,0.010675825855642323,0.010675825856021373,0.010675825856400404,0.010675825856779385,0.010675825857158342,0.010675825857537267,0.010675825857916153,0.010675825858295015,0.010675825858673839,0.01067582585905263,0.010675825859431387,0.010675825859810105,0.010675825860188795,0.010675825860567456,0.010675825860946085,0.010675825861324671,0.010675825861703226,0.01067582586208175,0.010675825862460239,0.010675825862838693,0.010675825863217114,0.010675825863595504,0.010675825863973861,0.010675825864352185,0.01067582586473048,0.010675825865108735,0.010675825865486963,0.010675825865865157,0.010675825866243311,0.010675825866621436,0.010675825866999528,0.010675825867377588,0.010675825867755614,0.010675825868133607,0.010675825868511566,0.01067582586888949,0.010675825869267384,0.010675825869645238,0.010675825870023067,0.010675825870400859,0.010675825870778621,0.010675825871156343,0.010675825871534036,0.010675825871911699,0.010675825872289322,0.010675825872666921,0.010675825873044482,0.010675825873422003,0.010675825873799501,0.010675825874176963,0.010675825874554387,0.010675825874931781,0.010675825875309145,0.010675825875686471,0.010675825876063772,0.01067582587644103,0.010675825876818264,0.010675825877195464,0.010675825877572626,0.010675825877949754,0.010675825878326852,0.010675825878703917,0.01067582587908095,0.010675825879457949,0.010675825879834913,0.010675825880211846,0.010675825880588748,0.01067582588096561,0.01067582588134244,0.01067582588171924,0.010675825882096007,0.010675825882472744,0.010675825882849443,0.01067582588322611,0.010675825883602745,0.010675825883979346,0.010675825884355911,0.010675825884732447,0.010675825885108946,0.010675825885485421,0.010675825885861861,0.010675825886238263,0.010675825886614636,0.010675825886990974,0.010675825887367275,0.010675825887743547,0.010675825888119782,0.010675825888495987,0.010675825888872162,0.0106758258892483,0.010675825889624407,0.010675825890000481,0.010675825890376522,0.010675825890752534,0.010675825891128504,0.010675825891504452,0.010675825891880358,0.010675825892256238,0.010675825892632078,0.010675825893007885,0.01067582589338366,0.010675825893759405,0.010675825894135113,0.010675825894510793,0.010675825894886436,0.010675825895262052,0.01067582589563763,0.010675825896013175,0.010675825896388684,0.010675825896764166,0.01067582589713961,0.010675825897515027,0.010675825897890411,0.010675825898265762,0.010675825898641076,0.010675825899016358,0.010675825899391615,0.010675825899766827,0.010675825900142013,0.010675825900517173,0.010675825900892288,0.010675825901267373,0.010675825901642426,0.01067582590201745,0.010675825902392438,0.010675825902767394,0.010675825903142316,0.010675825903517202,0.010675825903892065,0.010675825904266885,0.010675825904641681,0.010675825905016438,0.010675825905391163,0.010675825905765855,0.010675825906140515,0.010675825906515144,0.010675825906889737,0.010675825907264304,0.010675825907638829,0.010675825908013326,0.010675825908387794,0.01067582590876222,0.010675825909136625,0.010675825909510984,0.010675825909885316,0.010675825910259623,0.010675825910633884,0.010675825911008116,0.010675825911382318,0.010675825911756488,0.010675825912130621,0.01067582591250473,0.010675825912878797,0.010675825913252836,0.010675825913626842,0.01067582591400082,0.010675825914374758,0.01067582591474866,0.010675825915122537,0.010675825915496382,0.010675825915870196,0.010675825916243966,0.010675825916617712,0.010675825916991425,0.0106758259173651,0.01067582591773875,0.01067582591811236,0.010675825918485942,0.010675825918859487,0.010675825919233007,0.010675825919606495,0.01067582591997994,0.010675825920353363,0.010675825920726746,0.010675825921100104,0.010675825921473418,0.01067582592184671,0.010675825922219972,0.01067582592259319,0.010675825922966384,0.010675825923339542,0.010675825923712665,0.01067582592408576,0.01067582592445882,0.01067582592483185,0.010675825925204845,0.010675825925577809,0.010675825925950736,0.010675825926323634,0.010675825926696502,0.010675825927069334,0.010675825927442133,0.010675825927814901,0.010675825928187638,0.010675825928560341,0.010675825928933009,0.01067582592930565,0.010675825929678253,0.010675825930050828,0.010675825930423365,0.010675825930795873,0.010675825931168342,0.01067582593154078,0.010675825931913192,0.01067582593228557,0.010675825932657916,0.01067582593303023,0.010675825933402508,0.010675825933774757,0.010675825934146977,0.010675825934519155,0.010675825934891308,0.010675825935263429,0.010675825935635512,0.01067582593600757,0.010675825936379594,0.01067582593675158,0.01067582593712354,0.010675825937495461,0.01067582593786736,0.010675825938239215,0.010675825938611045,0.010675825938982836,0.010675825939354594,0.010675825939726328,0.010675825940098027,0.010675825940469686,0.010675825940841327,0.010675825941212929,0.01067582594158449,0.010675825941956029,0.010675825942327532,0.010675825942699,0.010675825943070438,0.01067582594344184,0.010675825943813218,0.010675825944184564,0.010675825944555874,0.010675825944927152,0.010675825945298402,0.01067582594566961,0.010675825946040792,0.01067582594641194,0.010675825946783058,0.01067582594715414,0.01067582594752519,0.010675825947896213,0.010675825948267196,0.010675825948638152,0.010675825949009076,0.010675825949379965,0.010675825949750821,0.010675825950121653,0.01067582595049244,0.010675825950863204,0.010675825951233942,0.010675825951604635,0.010675825951975306,0.010675825952345938,0.010675825952716541,0.010675825953087106,0.010675825953457651,0.010675825953828152,0.010675825954198626,0.01067582595456906,0.010675825954939471,0.010675825955309847,0.010675825955680191,0.010675825956050504,0.010675825956420781,0.010675825956791021,0.01067582595716124,0.010675825957531424,0.010675825957901576,0.010675825958271693,0.010675825958641782,0.010675825959011842,0.010675825959381862,0.010675825959751849,0.010675825960121808,0.010675825960491738,0.010675825960861631,0.010675825961231495,0.010675825961601323,0.010675825961971126,0.010675825962340891,0.010675825962710625,0.010675825963080324,0.010675825963449997,0.010675825963819632,0.010675825964189237,0.010675825964558818,0.010675825964928361,0.01067582596529787,0.01067582596566735,0.010675825966036792,0.010675825966406207,0.010675825966775588,0.010675825967144935,0.010675825967514256,0.010675825967883539,0.010675825968252794,0.010675825968622016,0.010675825968991201,0.010675825969360364,0.01067582596972949,0.010675825970098586,0.010675825970467647,0.01067582597083668,0.010675825971205682,0.010675825971574649,0.010675825971943583,0.010675825972312487,0.010675825972681357,0.010675825973050196,0.010675825973419003,0.010675825973787781,0.01067582597415652,0.010675825974525238,0.010675825974893915,0.010675825975262565,0.010675825975631182,0.010675825975999769,0.010675825976368318,0.010675825976736834,0.010675825977105327,0.010675825977473782,0.010675825977842205,0.010675825978210597,0.010675825978578956,0.010675825978947284,0.01067582597931558,0.010675825979683848,0.010675825980052083,0.010675825980420281,0.010675825980788456,0.010675825981156597,0.010675825981524705,0.010675825981892777,0.010675825982260816,0.010675825982628825,0.010675825982996809,0.010675825983364761,0.010675825983732672,0.010675825984100558,0.010675825984468415,0.010675825984836235,0.01067582598520402,0.010675825985571779,0.010675825985939507,0.010675825986307199,0.010675825986674863,0.010675825987042495,0.010675825987410095,0.010675825987777663,0.010675825988145201,0.010675825988512702,0.010675825988880172,0.010675825989247609,0.010675825989615025,0.010675825989982405,0.010675825990349747,0.010675825990717062,0.01067582599108435,0.010675825991451594,0.010675825991818816,0.010675825992186002,0.010675825992553158,0.010675825992920286,0.010675825993287374,0.010675825993654431,0.010675825994021459,0.010675825994388455,0.010675825994755424,0.010675825995122352,0.010675825995489255,0.010675825995856127,0.010675825996222965,0.010675825996589774,0.010675825996956554,0.010675825997323297,0.010675825997690007,0.010675825998056693,0.010675825998423344,0.010675825998789964,0.010675825999156549,0.010675825999523105,0.010675825999889631,0.010675826000256124,0.010675826000622588,0.010675826000989014,0.010675826001355412,0.010675826001721778,0.010675826002088112,0.010675826002454416,0.010675826002820693,0.010675826003186933,0.01067582600355314,0.010675826003919319,0.010675826004285464,0.010675826004651575,0.010675826005017661,0.010675826005383712,0.010675826005749732,0.010675826006115718,0.010675826006481676,0.010675826006847598,0.010675826007213491,0.010675826007579355,0.010675826007945186,0.010675826008310987,0.010675826008676758,0.010675826009042492,0.0106758260094082,0.010675826009773876,0.010675826010139519,0.010675826010505127,0.010675826010870708,0.010675826011236258,0.010675826011601773,0.01067582601196726,0.010675826012332712,0.010675826012698137,0.010675826013063532,0.01067582601342889,0.010675826013794217,0.010675826014159511,0.010675826014524785,0.01067582601489001,0.010675826015255217,0.01067582601562039,0.010675826015985535,0.010675826016350644,0.010675826016715718,0.010675826017080768,0.010675826017445786,0.010675826017810771,0.010675826018175726,0.010675826018540654,0.010675826018905541,0.010675826019270399,0.010675826019635223,0.010675826020000024,0.010675826020364789,0.010675826020729523,0.010675826021094232,0.010675826021458898,0.01067582602182354,0.010675826022188152,0.01067582602255273,0.010675826022917277,0.010675826023281794,0.01067582602364628,0.010675826024010732,0.010675826024375156,0.010675826024739548,0.010675826025103904,0.01067582602546823,0.010675826025832532,0.010675826026196796,0.010675826026561034,0.010675826026925234,0.010675826027289406,0.010675826027653549,0.010675826028017662,0.010675826028381739,0.010675826028745786,0.010675826029109808,0.010675826029473787,0.010675826029837746,0.010675826030201669,0.01067582603056556,0.010675826030929422,0.010675826031293256,0.010675826031657051,0.01067582603202082,0.010675826032384558,0.010675826032748267,0.010675826033111938,0.010675826033475588,0.010675826033839198,0.010675826034202775,0.010675826034566323,0.010675826034929838,0.010675826035293328,0.010675826035656786,0.010675826036020209,0.010675826036383607,0.010675826036746975,0.010675826037110307,0.010675826037473605,0.010675826037836875,0.010675826038200116,0.01067582603856332,0.010675826038926507,0.01067582603928965,0.010675826039652772,0.010675826040015851,0.01067582604037891,0.010675826040741932,0.01067582604110493,0.01067582604146789,0.010675826041830814,0.010675826042193717,0.010675826042556588,0.010675826042919419,0.010675826043282231,0.010675826043645004,0.010675826044007743,0.010675826044370462,0.010675826044733149,0.010675826045095805,0.010675826045458426,0.010675826045821011,0.010675826046183575,0.010675826046546103,0.010675826046908598,0.010675826047271065,0.010675826047633497,0.010675826047995902,0.01067582604835828,0.01067582604872063,0.010675826049082937,0.010675826049445234,0.010675826049807517,0.010675826050169718,0.010675826050531913,0.010675826050894073,0.010675826051256193,0.010675826051618265,0.010675826051980345,0.01067582605234238,0.010675826052704384,0.010675826053066355,0.010675826053428294,0.010675826053790204,0.010675826054152083,0.010675826054513936,0.010675826054875761,0.010675826055237541,0.010675826055599306,0.01067582605596103,0.010675826056322734,0.010675826056684403,0.010675826057046032,0.010675826057407635,0.010675826057769209,0.010675826058130751,0.010675826058492264,0.010675826058853744,0.01067582605921519,0.010675826059576616,0.010675826059938002,0.010675826060299352,0.010675826060660684,0.010675826061021977,0.010675826061383242,0.010675826061744479,0.010675826062105683,0.010675826062466856,0.010675826062827999,0.010675826063189108,0.010675826063550192,0.010675826063911239,0.010675826064272257,0.01067582606463325,0.010675826064994207,0.010675826065355139,0.010675826065716036,0.0106758260660769,0.010675826066437737,0.010675826066798542,0.010675826067159321,0.010675826067520058,0.010675826067880766,0.01067582606824145,0.01067582606860211,0.010675826068962727,0.01067582606932332,0.01067582606968388,0.010675826070044407,0.010675826070404909,0.010675826070765376,0.010675826071125816,0.010675826071486226,0.010675826071846601,0.010675826072206943,0.010675826072567259,0.010675826072927545,0.0106758260732878,0.010675826073648026,0.010675826074008217,0.01067582607436838,0.010675826074728511,0.010675826075088617,0.010675826075448688,0.010675826075808727,0.01067582607616874,0.010675826076528718,0.01067582607688867,0.010675826077248589,0.010675826077608475,0.010675826077968333,0.010675826078328161,0.01067582607868796,0.010675826079047726,0.01067582607940746,0.010675826079767164,0.010675826080126839,0.01067582608048648,0.010675826080846095,0.010675826081205679,0.01067582608156523,0.010675826081924753,0.010675826082284246,0.010675826082643707,0.01067582608300314,0.010675826083362538,0.010675826083721912,0.010675826084081257,0.010675826084440562,0.010675826084799845,0.01067582608515909,0.010675826085518305,0.010675826085877495,0.010675826086236651,0.010675826086595779,0.010675826086954875,0.010675826087313944,0.010675826087672983,0.010675826088031987,0.010675826088390966,0.010675826088749911,0.01067582608910883,0.010675826089467709,0.010675826089826566,0.010675826090185392,0.010675826090544181,0.010675826090902948,0.010675826091261683,0.010675826091620383,0.010675826091979049,0.010675826092337701,0.010675826092696307,0.010675826093054891,0.010675826093413443,0.010675826093771964,0.010675826094130448,0.010675826094488906,0.010675826094847332,0.010675826095205733,0.010675826095564108,0.010675826095922445,0.010675826096280757,0.010675826096639036,0.01067582609699729,0.010675826097355505,0.010675826097713694,0.01067582609807185,0.010675826098429979,0.010675826098788081,0.010675826099146149,0.010675826099504184,0.010675826099862193,0.01067582610022017,0.01067582610057812,0.010675826100936033,0.01067582610129392,0.010675826101651775,0.010675826102009603,0.0106758261023674,0.010675826102725168,0.010675826103082913,0.01067582610344061,0.010675826103798284,0.010675826104155925,0.010675826104513541,0.010675826104871116,0.01067582610522868,0.010675826105586204,0.010675826105943698,0.010675826106301162,0.010675826106658596,0.010675826107016,0.010675826107373372,0.010675826107730714,0.010675826108088026,0.010675826108445313,0.010675826108802569,0.010675826109159792,0.01067582610951699,0.010675826109874154,0.01067582611023129,0.01067582611058839,0.010675826110945466,0.01067582611130251,0.010675826111659523,0.010675826112016507,0.010675826112373462,0.010675826112730389,0.010675826113087277,0.010675826113444148,0.010675826113800977,0.010675826114157778,0.010675826114514552,0.010675826114871292,0.010675826115228007,0.010675826115584692,0.010675826115941346,0.01067582611629797,0.01067582611665456,0.010675826117011128,0.01067582611736766,0.010675826117724165,0.01067582611808064,0.01067582611843708,0.010675826118793499,0.010675826119149879,0.010675826119506236,0.010675826119862558,0.010675826120218855,0.01067582612057512,0.010675826120931355,0.010675826121287557,0.010675826121643733,0.010675826121999878,0.010675826122355998,0.010675826122712076,0.010675826123068135,0.010675826123424161,0.010675826123780156,0.010675826124136121,0.010675826124492058,0.010675826124847965,0.010675826125203835,0.010675826125559687,0.010675826125915503,0.010675826126271291,0.01067582612662705,0.010675826126982773,0.010675826127338469,0.010675826127694136,0.010675826128049773,0.010675826128405381,0.010675826128760961,0.010675826129116509,0.01067582612947203,0.010675826129827514,0.010675826130182975,0.010675826130538408,0.0106758261308938,0.010675826131249174,0.010675826131604511,0.01067582613195982,0.010675826132315101,0.010675826132670353,0.010675826133025573,0.010675826133380766,0.010675826133735926,0.010675826134091054,0.01067582613444616,0.010675826134801232,0.01067582613515627,0.010675826135511282,0.010675826135866259,0.010675826136221216,0.010675826136576137,0.01067582613693103,0.010675826137285894,0.010675826137640732,0.010675826137995538,0.010675826138350308,0.01067582613870505,0.010675826139059765,0.010675826139414452,0.010675826139769109,0.010675826140123738,0.01067582614047833,0.010675826140832895,0.010675826141187431,0.010675826141541939,0.010675826141896414,0.010675826142250863,0.01067582614260528,0.01067582614295967,0.010675826143314034,0.010675826143668358,0.010675826144022658,0.010675826144376935,0.01067582614473117,0.010675826145085386,0.010675826145439564,0.010675826145793718,0.010675826146147845,0.010675826146501942,0.010675826146856,0.010675826147210039,0.010675826147564042,0.010675826147918014,0.010675826148271958,0.010675826148625873,0.010675826148979758,0.010675826149333614,0.010675826149687439,0.01067582615004124,0.01067582615039501,0.010675826150748748,0.01067582615110246,0.010675826151456147,0.010675826151809792,0.010675826152163413,0.010675826152517005,0.010675826152870571,0.010675826153224105,0.010675826153577607,0.010675826153931077,0.010675826154284522,0.01067582615463794,0.010675826154991325,0.010675826155344681,0.010675826155698006,0.010675826156051307,0.010675826156404571,0.010675826156757806,0.010675826157111013,0.010675826157464196,0.010675826157817344,0.01067582615817046,0.010675826158523553,0.010675826158876613,0.010675826159229646,0.010675826159582649,0.010675826159935623,0.010675826160288567,0.010675826160641477,0.010675826160994365,0.010675826161347221,0.010675826161700043,0.01067582616205284,0.01067582616240561,0.010675826162758341,0.010675826163111055,0.010675826163463732,0.010675826163816385,0.010675826164169008,0.010675826164521592,0.01067582616487416,0.010675826165226693,0.010675826165579196,0.010675826165931662,0.010675826166284113,0.010675826166636525,0.010675826166988915,0.010675826167341269,0.010675826167693596,0.010675826168045894,0.01067582616839816,0.010675826168750398,0.010675826169102608,0.010675826169454793,0.010675826169806944,0.010675826170159065,0.010675826170511157,0.010675826170863224,0.010675826171215257,0.010675826171567267,0.010675826171919244,0.01067582617227119,0.010675826172623106,0.010675826172974998,0.01067582617332685,0.010675826173678682,0.010675826174030482,0.010675826174382253,0.010675826174733997,0.010675826175085711,0.010675826175437395,0.010675826175789046,0.010675826176140676,0.010675826176492273,0.010675826176843841,0.010675826177195381,0.010675826177546893,0.010675826177898374,0.010675826178249819,0.010675826178601244,0.010675826178952635,0.010675826179304003,0.010675826179655333,0.010675826180006643,0.01067582618035792,0.01067582618070917,0.010675826181060392,0.010675826181411578,0.01067582618176273,0.010675826182113865,0.010675826182464963,0.01067582618281603,0.010675826183167076,0.010675826183518096,0.010675826183869077,0.010675826184220034,0.010675826184570955,0.010675826184921853,0.01067582618527272,0.010675826185623561,0.010675826185974364,0.010675826186325153,0.010675826186675903,0.010675826187026626,0.010675826187377325,0.01067582618772799,0.010675826188078628,0.01067582618842923,0.010675826188779814,0.010675826189130358,0.010675826189480882,0.010675826189831367,0.010675826190181837,0.010675826190532265,0.010675826190882668,0.010675826191233041,0.010675826191583387,0.010675826191933706,0.010675826192283995,0.010675826192634252,0.010675826192984484,0.01067582619333469,0.010675826193684866,0.010675826194035008,0.010675826194385127,0.010675826194735206,0.010675826195085263,0.01067582619543529,0.010675826195785288,0.01067582619613526,0.010675826196485197,0.010675826196835112,0.010675826197184999,0.01067582619753485,0.010675826197884675,0.010675826198234475,0.010675826198584237,0.010675826198933978,0.010675826199283688,0.01067582619963337,0.010675826199983024,0.010675826200332642,0.010675826200682238,0.010675826201031807,0.01067582620138134,0.01067582620173085,0.010675826202080326,0.010675826202429777,0.0106758262027792,0.010675826203128588,0.010675826203477953,0.010675826203827291,0.010675826204176595,0.010675826204525877,0.010675826204875121,0.010675826205224337,0.010675826205573537,0.01067582620592269,0.010675826206271827,0.01067582620662093,0.010675826206970006,0.010675826207319052,0.01067582620766807,0.01067582620801706,0.010675826208366018,0.010675826208714954,0.01067582620906385,0.010675826209412723,0.010675826209761569,0.010675826210110389,0.010675826210459177,0.01067582621080794,0.010675826211156671,0.010675826211505375,0.010675826211854048,0.010675826212202692,0.01067582621255131,0.0106758262128999,0.010675826213248458,0.01067582621359699,0.010675826213945491,0.010675826214293962,0.010675826214642406,0.010675826214990825,0.010675826215339202,0.010675826215687563,0.010675826216035895,0.010675826216384195,0.010675826216732466,0.010675826217080709,0.010675826217428927,0.010675826217777106,0.010675826218125267,0.010675826218473392,0.010675826218821497,0.010675826219169566,0.010675826219517603,0.010675826219865623,0.01067582622021361,0.01067582622056157,0.010675826220909497,0.010675826221257394,0.010675826221605268,0.010675826221953101,0.010675826222300922,0.010675826222648703,0.010675826222996463,0.010675826223344188,0.010675826223691886,0.010675826224039555,0.010675826224387197,0.010675826224734808,0.010675826225082397,0.010675826225429954,0.01067582622577748,0.010675826226124984,0.010675826226472451,0.010675826226819897,0.010675826227167312,0.0106758262275147,0.010675826227862052,0.01067582622820938,0.010675826228556683,0.010675826228903961,0.010675826229251199,0.010675826229598416,0.010675826229945605,0.010675826230292762,0.010675826230639887,0.010675826230986995,0.010675826231334062,0.010675826231681102,0.010675826232028122,0.010675826232375108,0.010675826232722065,0.010675826233068998,0.010675826233415897,0.010675826233762772,0.010675826234109613,0.010675826234456433,0.010675826234803225,0.010675826235149982,0.010675826235496714,0.010675826235843414,0.010675826236190093,0.010675826236536737,0.01067582623688335,0.010675826237229942,0.010675826237576506,0.010675826237923035,0.010675826238269539,0.010675826238616015,0.010675826238962464,0.010675826239308883,0.010675826239655274,0.010675826240001634,0.01067582624034797,0.010675826240694275,0.01067582624104055,0.0106758262413868,0.010675826241733024,0.010675826242079214,0.010675826242425369,0.010675826242771509,0.010675826243117616,0.0106758262434637,0.010675826243809746,0.010675826244155775,0.010675826244501762,0.01067582624484773,0.010675826245193667,0.010675826245539576,0.010675826245885462,0.010675826246231307,0.010675826246577133,0.010675826246922931,0.010675826247268701,0.010675826247614437,0.010675826247960154,0.010675826248305835,0.010675826248651486,0.01067582624899711,0.010675826249342706,0.010675826249688282,0.010675826250033825,0.010675826250379342,0.010675826250724822,0.010675826251070275,0.010675826251415716,0.010675826251761104,0.01067582625210648,0.010675826252451821,0.010675826252797132,0.010675826253142423,0.010675826253487682,0.01067582625383291,0.010675826254178112,0.010675826254523292,0.010675826254868435,0.010675826255213558,0.010675826255558645,0.010675826255903709,0.010675826256248737,0.010675826256593747,0.010675826256938723,0.010675826257283676,0.010675826257628593,0.010675826257973493,0.010675826258318356,0.010675826258663193,0.010675826259008002,0.010675826259352785,0.01067582625969754,0.010675826260042268,0.01067582626038696,0.010675826260731628,0.010675826261076268,0.010675826261420867,0.010675826261765447,0.01067582626211001,0.010675826262454533,0.010675826262799037,0.01067582626314351,0.010675826263487953,0.010675826263832369,0.010675826264176756,0.010675826264521118,0.010675826264865452,0.010675826265209753,0.010675826265554036,0.010675826265898287,0.010675826266242507,0.010675826266586695,0.01067582626693086,0.010675826267275,0.0106758262676191,0.010675826267963184,0.010675826268307233,0.010675826268651259,0.010675826268995254,0.010675826269339226,0.010675826269683166,0.010675826270027082,0.010675826270370968,0.010675826270714818,0.01067582627105865,0.010675826271402452,0.010675826271746224,0.010675826272089971,0.010675826272433683,0.010675826272777371,0.010675826273121037,0.010675826273464667,0.010675826273808272,0.010675826274151848,0.010675826274495395,0.010675826274838918,0.010675826275182411,0.01067582627552587,0.010675826275869308,0.010675826276212722,0.0106758262765561,0.010675826276899456,0.010675826277242784,0.01067582627758608,0.010675826277929354,0.010675826278272595,0.010675826278615812,0.010675826278958996,0.010675826279302162,0.010675826279645292,0.010675826279988391,0.01067582628033147,0.010675826280674514,0.01067582628101753,0.010675826281360528,0.010675826281703492,0.010675826282046434,0.01067582628238934,0.010675826282732215,0.010675826283075068,0.010675826283417891,0.01067582628376069,0.010675826284103457,0.010675826284446202,0.010675826284788916,0.0106758262851316,0.010675826285474262,0.010675826285816887,0.010675826286159493,0.01067582628650207,0.010675826286844612,0.010675826287187128,0.010675826287529624,0.010675826287872087,0.010675826288214526,0.01067582628855693,0.010675826288899314,0.01067582628924167,0.010675826289583988,0.01067582628992629,0.010675826290268562,0.010675826290610802,0.010675826290953016,0.010675826291295203,0.010675826291637365,0.010675826291979494,0.010675826292321597,0.010675826292663672,0.010675826293005721,0.010675826293347747,0.010675826293689735,0.010675826294031705,0.010675826294373641,0.010675826294715557,0.010675826295057441,0.010675826295399291,0.01067582629574112,0.010675826296082918,0.01067582629642469,0.010675826296766434,0.010675826297108157,0.010675826297449837,0.010675826297791503,0.010675826298133136,0.01067582629847474,0.010675826298816322,0.010675826299157871,0.010675826299499399,0.010675826299840893,0.010675826300182363,0.0106758263005238,0.01067582630086522,0.010675826301206604,0.010675826301547963,0.010675826301889289,0.010675826302230596,0.010675826302571871,0.010675826302913114,0.010675826303254336,0.01067582630359553,0.010675826303936696,0.010675826304277835,0.010675826304618947,0.010675826304960032,0.010675826305301086,0.010675826305642115,0.010675826305983115,0.010675826306324085,0.010675826306665033,0.010675826307005946,0.010675826307346838,0.010675826307687705,0.010675826308028538,0.010675826308369342,0.010675826308710121,0.010675826309050873,0.010675826309391599,0.010675826309732293,0.010675826310072965,0.010675826310413607,0.010675826310754227,0.010675826311094807,0.010675826311435368,0.0106758263117759,0.010675826312116407,0.010675826312456888,0.010675826312797338,0.010675826313137753,0.010675826313478133,0.010675826313818509,0.010675826314158842,0.010675826314499157,0.010675826314839442,0.010675826315179698,0.010675826315519938,0.010675826315860134,0.010675826316200317,0.010675826316540465,0.010675826316880587,0.010675826317220683,0.01067582631756075,0.010675826317900792,0.010675826318240805,0.010675826318580788,0.010675826318920747,0.010675826319260671,0.010675826319600573,0.010675826319940443,0.010675826320280296,0.010675826320620118,0.01067582632095991,0.010675826321299677,0.010675826321639416,0.010675826321979123,0.010675826322318813,0.010675826322658474,0.010675826322998102,0.010675826323337707,0.010675826323677279,0.010675826324016834,0.010675826324356355,0.010675826324695848,0.010675826325035314,0.010675826325374754,0.010675826325714165,0.010675826326053553,0.010675826326392909,0.010675826326732238,0.010675826327071543,0.010675826327410817,0.010675826327750068,0.010675826328089286,0.010675826328428482,0.010675826328767653,0.010675826329106786,0.010675826329445904,0.010675826329784989,0.010675826330124049,0.010675826330463078,0.010675826330802085,0.010675826331141058,0.010675826331480006,0.010675826331818931,0.010675826332157827,0.010675826332496691,0.010675826332835535,0.010675826333174349,0.010675826333513135,0.010675826333851893,0.010675826334190622,0.010675826334529327,0.010675826334868004,0.010675826335206655,0.010675826335545278,0.010675826335883877,0.010675826336222443,0.010675826336560992,0.0106758263368995,0.010675826337237992,0.010675826337576457,0.010675826337914886,0.010675826338253295,0.010675826338591671,0.01067582633893003,0.010675826339268356,0.010675826339606655,0.01067582633994493,0.010675826340283169,0.010675826340621386,0.01067582634095958,0.01067582634129774,0.010675826341635875,0.010675826341973985,0.010675826342312063,0.010675826342650123,0.010675826342988153,0.010675826343326153,0.010675826343664126,0.010675826344002074,0.01067582634434,0.010675826344677885,0.01067582634501575,0.010675826345353589,0.010675826345691402,0.010675826346029179,0.010675826346366936,0.01067582634670467,0.010675826347042373,0.010675826347380048,0.010675826347717696,0.010675826348055322,0.010675826348392918,0.010675826348730488,0.010675826349068026,0.010675826349405542,0.010675826349743024,0.010675826350080492,0.010675826350417923,0.01067582635075533,0.010675826351092715,0.010675826351430063,0.010675826351767394,0.01067582635210469,0.010675826352441959,0.010675826352779211,0.010675826353116424,0.010675826353453615,0.010675826353790784,0.010675826354127923,0.010675826354465031,0.010675826354802112,0.01067582635513917,0.010675826355476203,0.010675826355813206,0.010675826356150182,0.010675826356487134,0.010675826356824056,0.010675826357160955,0.010675826357497824,0.010675826357834666,0.010675826358171483,0.010675826358508266,0.010675826358845035,0.010675826359181762,0.010675826359518468,0.010675826359855145,0.0106758263601918,0.010675826360528431,0.010675826360865025,0.0106758263612016,0.010675826361538146,0.010675826361874668,0.010675826362211156,0.010675826362547623,0.010675826362884062,0.010675826363220474,0.010675826363556863,0.010675826363893226,0.010675826364229557,0.010675826364565865,0.01067582636490214,0.010675826365238393,0.010675826365574617,0.010675826365910817,0.010675826366246992,0.010675826366583136,0.010675826366919253,0.010675826367255344,0.010675826367591401,0.010675826367927447,0.010675826368263464,0.010675826368599433,0.010675826368935394,0.010675826369271316,0.010675826369607228,0.010675826369943105,0.010675826370278958,0.010675826370614781,0.01067582637095058,0.010675826371286352,0.010675826371622095,0.010675826371957811,0.010675826372293504,0.010675826372629173,0.01067582637296482,0.01067582637330043,0.010675826373636012,0.010675826373971574,0.010675826374307102,0.010675826374642608,0.010675826374978088,0.010675826375313535,0.010675826375648961,0.010675826375984361,0.010675826376319733,0.010675826376655075,0.010675826376990397,0.010675826377325687,0.010675826377660956,0.01067582637799619,0.010675826378331404,0.010675826378666585,0.010675826379001744,0.010675826379336876,0.010675826379671986,0.010675826380007067,0.010675826380342113,0.010675826380677144,0.01067582638101214,0.010675826381347115,0.010675826381682064,0.010675826382016983,0.010675826382351875,0.010675826382686738,0.010675826383021577,0.010675826383356395,0.010675826383691182,0.010675826384025939,0.010675826384360673,0.010675826384695379,0.010675826385030064,0.010675826385364715,0.010675826385699347,0.010675826386033946,0.010675826386368523,0.01067582638670307,0.010675826387037592,0.010675826387372085,0.010675826387706555,0.010675826388040998,0.01067582638837541,0.010675826388709805,0.010675826389044164,0.010675826389378508,0.010675826389712817,0.010675826390047103,0.010675826390381359,0.01067582639071559,0.010675826391049796,0.010675826391383973,0.010675826391718128,0.01067582639205225,0.010675826392386345,0.010675826392720415,0.010675826393054458,0.010675826393388483,0.010675826393722474,0.010675826394056443,0.010675826394390384,0.0106758263947243,0.010675826395058182,0.010675826395392041,0.01067582639572588,0.010675826396059691,0.010675826396393473,0.010675826396727222,0.010675826397060951,0.010675826397394656,0.010675826397728329,0.010675826398061982,0.010675826398395608,0.0106758263987292,0.010675826399062774,0.010675826399396321,0.010675826399729835,0.010675826400063333,0.010675826400396795,0.01067582640073024,0.01067582640106365,0.010675826401397035,0.010675826401730391,0.010675826402063722,0.010675826402397035,0.010675826402730322,0.01067582640306358,0.010675826403396807,0.01067582640373001,0.010675826404063183,0.010675826404396335,0.010675826404729454,0.010675826405062554,0.010675826405395623,0.010675826405728672,0.010675826406061685,0.01067582640639468,0.010675826406727646,0.010675826407060588,0.010675826407393504,0.01067582640772639,0.010675826408059252,0.010675826408392083,0.010675826408724892,0.010675826409057674,0.010675826409390432,0.010675826409723166,0.010675826410055867,0.010675826410388542,0.010675826410721193,0.010675826411053819,0.010675826411386414,0.010675826411718995,0.010675826412051538,0.010675826412384066,0.010675826412716556,0.010675826413049025,0.01067582641338147,0.010675826413713885,0.010675826414046278,0.010675826414378638,0.010675826414710977,0.010675826415043286,0.010675826415375565,0.010675826415707823,0.010675826416040058,0.010675826416372262,0.010675826416704441,0.010675826417036599,0.010675826417368727,0.010675826417700826,0.010675826418032901,0.010675826418364951,0.010675826418696976,0.010675826419028974,0.010675826419360943,0.01067582641969289,0.010675826420024811,0.01067582642035671,0.01067582642068857,0.010675826421020412,0.010675826421352232,0.010675826421684022,0.010675826422015783,0.010675826422347523,0.010675826422679242,0.010675826423010931,0.010675826423342593,0.010675826423674224,0.010675826424005828,0.010675826424337415,0.010675826424668968,0.010675826425000496,0.010675826425331998,0.010675826425663478,0.010675826425994924,0.010675826426326352,0.010675826426657748,0.010675826426989117,0.010675826427320468,0.010675826427651795,0.010675826427983082,0.01067582642831435,0.010675826428645596,0.010675826428976812,0.010675826429307997,0.010675826429639166,0.010675826429970302,0.010675826430301419,0.010675826430632503,0.010675826430963563,0.010675826431294597,0.010675826431625608,0.010675826431956593,0.010675826432287552,0.010675826432618487,0.010675826432949391,0.010675826433280269,0.010675826433611124,0.01067582643394195,0.010675826434272746,0.010675826434603521,0.010675826434934274,0.010675826435265002,0.010675826435595701,0.010675826435926374,0.010675826436257023,0.010675826436587647,0.010675826436918242,0.010675826437248813,0.010675826437579356,0.010675826437909871,0.010675826438240362,0.01067582643857083,0.010675826438901262,0.01067582643923168,0.01067582643956207,0.010675826439892426,0.010675826440222762,0.010675826440553074,0.010675826440883355,0.010675826441213614,0.010675826441543844,0.010675826441874052,0.010675826442204233,0.010675826442534385,0.010675826442864517,0.010675826443194621,0.010675826443524704,0.01067582644385475,0.010675826444184777,0.010675826444514782,0.010675826444844756,0.010675826445174709,0.010675826445504633,0.010675826445834528,0.0106758264461644,0.010675826446494247,0.010675826446824068,0.010675826447153862,0.010675826447483628,0.010675826447813369,0.010675826448143093,0.010675826448472784,0.01067582644880245,0.010675826449132092,0.010675826449461703,0.010675826449791289,0.010675826450120851,0.01067582645045039,0.010675826450779904,0.010675826451109385,0.01067582645143885,0.010675826451768278,0.010675826452097689,0.01067582645242707,0.010675826452756427,0.010675826453085756,0.010675826453415062,0.010675826453744344,0.01067582645407359,0.010675826454402822,0.010675826454732026,0.010675826455061203,0.010675826455390357,0.010675826455719486,0.01067582645604858,0.010675826456377657,0.010675826456706705,0.010675826457035728,0.010675826457364722,0.010675826457693698,0.010675826458022642,0.010675826458351563,0.01067582645868046,0.010675826459009332,0.010675826459338173,0.010675826459666995,0.010675826459995787,0.01067582646032455,0.010675826460653294,0.010675826460982007,0.010675826461310699,0.01067582646163936,0.010675826461968005,0.010675826462296617,0.010675826462625203,0.010675826462953765,0.010675826463282304,0.010675826463610812,0.010675826463939303,0.01067582646426776,0.010675826464596196,0.010675826464924605,0.010675826465252992,0.010675826465581349,0.01067582646590968,0.010675826466237994,0.010675826466566276,0.010675826466894531,0.010675826467222763,0.01067582646755097,0.010675826467879143,0.010675826468207302,0.01067582646853543,0.010675826468863534,0.010675826469191615,0.010675826469519669,0.01067582646984769,0.010675826470175693,0.01067582647050367,0.010675826470831623,0.010675826471159547,0.010675826471487447,0.010675826471815324,0.010675826472143175,0.010675826472470994,0.010675826472798796,0.010675826473126565,0.010675826473454308,0.01067582647378203,0.010675826474109727,0.010675826474437397,0.010675826474765037,0.010675826475092659,0.010675826475420255,0.010675826475747822,0.010675826476075368,0.010675826476402887,0.010675826476730384,0.010675826477057853,0.010675826477385296,0.010675826477712716,0.010675826478040105,0.010675826478367473,0.010675826478694814,0.01067582647902213,0.010675826479349419,0.010675826479676681,0.01067582648000392,0.010675826480331134,0.010675826480658322,0.010675826480985487,0.010675826481312623,0.010675826481639736,0.010675826481966822,0.010675826482293888,0.010675826482620917,0.010675826482947933,0.010675826483274918,0.010675826483601882,0.010675826483928815,0.010675826484255723,0.010675826484582613,0.01067582648490947,0.010675826485236304,0.010675826485563108,0.010675826485889894,0.010675826486216653,0.010675826486543385,0.010675826486870096,0.010675826487196775,0.010675826487523432,0.010675826487850062,0.010675826488176672,0.010675826488503256,0.010675826488829813,0.010675826489156345,0.01067582648948285,0.010675826489809324,0.01067582649013578,0.010675826490462212,0.01067582649078862,0.010675826491114997,0.010675826491441354,0.010675826491767678,0.010675826492093988,0.01067582649242026,0.010675826492746518,0.010675826493072749,0.010675826493398953,0.01067582649372513,0.010675826494051282,0.010675826494377408,0.010675826494703512,0.010675826495029591,0.010675826495355643,0.010675826495681669,0.010675826496007674,0.01067582649633365,0.010675826496659598,0.010675826496985528,0.010675826497311426,0.010675826497637307,0.010675826497963153,0.010675826498288984,0.010675826498614784,0.01067582649894056,0.010675826499266306,0.010675826499592036,0.010675826499917739,0.010675826500243416,0.010675826500569061,0.010675826500894688,0.01067582650122029,0.010675826501545865,0.010675826501871412,0.010675826502196934,0.01067582650252244,0.010675826502847909,0.010675826503173358,0.010675826503498785,0.010675826503824181,0.010675826504149557,0.010675826504474906,0.010675826504800232,0.010675826505125531,0.010675826505450807,0.010675826505776056,0.010675826506101277,0.010675826506426475,0.010675826506751649,0.010675826507076802,0.010675826507401918,0.010675826507727023,0.010675826508052093,0.010675826508377142,0.010675826508702167,0.010675826509027165,0.010675826509352134,0.010675826509677085,0.010675826510002007,0.010675826510326905,0.01067582651065178,0.010675826510976623,0.010675826511301455,0.010675826511626255,0.010675826511951028,0.010675826512275775,0.0106758265126005,0.010675826512925196,0.010675826513249869,0.01067582651357452,0.010675826513899143,0.01067582651422374,0.010675826514548318,0.010675826514872866,0.01067582651519739,0.01067582651552189,0.01067582651584637,0.010675826516170819,0.010675826516495245,0.010675826516819647,0.010675826517144021,0.010675826517468375,0.010675826517792697,0.010675826518117005,0.010675826518441274,0.01067582651876553,0.01067582651908975,0.010675826519413952,0.010675826519738129,0.010675826520062284,0.01067582652038641,0.010675826520710509,0.010675826521034583,0.010675826521358638,0.010675826521682663,0.010675826522006661,0.010675826522330642,0.010675826522654596,0.010675826522978524,0.010675826523302429,0.010675826523626303,0.010675826523950159,0.010675826524273986,0.010675826524597795,0.010675826524921567,0.010675826525245326,0.01067582652556905,0.010675826525892758,0.010675826526216433,0.010675826526540089,0.010675826526863719,0.01067582652718733,0.010675826527510899,0.010675826527834463,0.010675826528157989,0.010675826528481498,0.010675826528804977,0.010675826529128431,0.010675826529451865,0.010675826529775273,0.010675826530098652,0.01067582653042201,0.010675826530745343,0.01067582653106865,0.010675826531391935,0.010675826531715192,0.010675826532038425,0.010675826532361632,0.010675826532684816,0.010675826533007984,0.010675826533331113,0.010675826533654223,0.010675826533977311,0.010675826534300372,0.010675826534623402,0.010675826534946418,0.010675826535269405,0.010675826535592363,0.010675826535915301,0.010675826536238213,0.010675826536561102,0.010675826536883962,0.010675826537206801,0.010675826537529616,0.010675826537852403,0.01067582653817517,0.010675826538497909,0.010675826538820626,0.010675826539143318,0.010675826539465983,0.01067582653978862,0.010675826540111236,0.01067582654043383,0.010675826540756399,0.010675826541078945,0.010675826541401461,0.01067582654172396,0.010675826542046424,0.01067582654236887,0.01067582654269129,0.010675826543013685,0.010675826543336056,0.0106758265436584,0.010675826543980723,0.010675826544303019,0.010675826544625294,0.01067582654494754,0.010675826545269763,0.010675826545591963,0.010675826545914134,0.010675826546236276,0.010675826546558406,0.010675826546880507,0.010675826547202581,0.010675826547524633,0.010675826547846658,0.010675826548168657,0.01067582654849064,0.010675826548812592,0.010675826549134522,0.01067582654945643,0.01067582654977831,0.010675826550100161,0.010675826550421992,0.0106758265507438,0.010675826551065587,0.01067582655138734,0.010675826551709072,0.010675826552030783,0.010675826552352463,0.010675826552674121,0.010675826552995756,0.010675826553317365,0.010675826553638945,0.010675826553960512,0.01067582655428205,0.010675826554603559,0.010675826554925041,0.010675826555246504,0.010675826555567947,0.010675826555889356,0.010675826556210749,0.010675826556532111,0.010675826556853453,0.01067582655717477,0.010675826557496057,0.01067582655781733,0.010675826558138573,0.010675826558459786,0.010675826558780983,0.010675826559102151,0.010675826559423299,0.010675826559744419,0.010675826560065516,0.010675826560386589,0.010675826560707634,0.010675826561028662,0.010675826561349659,0.010675826561670631,0.010675826561991585,0.010675826562312512,0.010675826562633411,0.010675826562954295,0.010675826563275143,0.010675826563595971,0.010675826563916777,0.010675826564237555,0.010675826564558307,0.01067582656487904,0.010675826565199746,0.01067582656552043,0.010675826565841089,0.010675826566161721,0.010675826566482327,0.010675826566802911,0.010675826567123474,0.010675826567444004,0.010675826567764519,0.010675826568085007,0.01067582656840547,0.010675826568725913,0.010675826569046325,0.010675826569366716,0.01067582656968708,0.010675826570007428,0.010675826570327743,0.010675826570648039,0.01067582657096831,0.010675826571288552,0.010675826571608774,0.010675826571928969,0.010675826572249147,0.01067582657256929,0.010675826572889418,0.010675826573209521,0.010675826573529593,0.010675826573849646,0.010675826574169671,0.010675826574489674,0.01067582657480965,0.010675826575129605,0.010675826575449538,0.01067582657576944,0.010675826576089323,0.010675826576409178,0.01067582657672901,0.010675826577048821,0.0106758265773686,0.010675826577688365,0.010675826578008103,0.010675826578327816,0.010675826578647504,0.010675826578967174,0.010675826579286809,0.010675826579606425,0.01067582657992602,0.010675826580245584,0.01067582658056513,0.010675826580884647,0.010675826581204147,0.010675826581523615,0.010675826581843063,0.010675826582162486,0.010675826582481882,0.010675826582801255,0.010675826583120608,0.010675826583439933,0.010675826583759237,0.010675826584078512,0.010675826584397767,0.010675826584716995,0.010675826585036203,0.010675826585355387,0.010675826585674541,0.010675826585993675,0.010675826586312784,0.010675826586631866,0.010675826586950926,0.010675826587269965,0.010675826587588977,0.010675826587907965,0.01067582658822693,0.010675826588545868,0.010675826588864788,0.010675826589183679,0.010675826589502543,0.010675826589821392,0.010675826590140212,0.01067582659045901,0.010675826590777784,0.01067582659109653,0.010675826591415251,0.010675826591733951,0.01067582659205263,0.010675826592371285,0.010675826592689912,0.01067582659300852,0.010675826593327093,0.010675826593645656,0.010675826593964188,0.010675826594282697,0.010675826594601182,0.010675826594919644,0.01067582659523808,0.010675826595556492,0.010675826595874877,0.010675826596193245,0.010675826596511586,0.010675826596829903,0.010675826597148191,0.010675826597466463,0.010675826597784707,0.010675826598102931,0.01067582659842112,0.010675826598739294,0.010675826599057442,0.010675826599375566,0.010675826599693666,0.010675826600011746,0.010675826600329803,0.010675826600647828,0.010675826600965837,0.010675826601283819,0.01067582660160178,0.01067582660191971,0.01067582660223762,0.010675826602555507,0.010675826602873376,0.010675826603191213,0.010675826603509029,0.010675826603826818,0.01067582660414458,0.010675826604462329,0.010675826604780052,0.010675826605097746,0.010675826605415413,0.010675826605733059,0.01067582660605068,0.01067582660636828,0.010675826606685854,0.010675826607003402,0.010675826607320936,0.010675826607638432,0.01067582660795592,0.010675826608273372,0.010675826608590809,0.010675826608908215,0.010675826609225596,0.010675826609542962,0.010675826609860299,0.010675826610177611,0.0106758266104949,0.010675826610812168,0.010675826611129405,0.01067582661144662,0.010675826611763818,0.010675826612080986,0.010675826612398135,0.010675826612715258,0.01067582661303236,0.01067582661334943,0.010675826613666482,0.010675826613983506,0.01067582661430051,0.010675826614617495,0.010675826614934452,0.010675826615251384,0.010675826615568288,0.010675826615885174,0.010675826616202038,0.010675826616518877,0.010675826616835695,0.010675826617152483,0.01067582661746925,0.010675826617785995,0.010675826618102709,0.010675826618419412,0.010675826618736079,0.010675826619052727,0.010675826619369349,0.01067582661968595,0.010675826620002524,0.010675826620319073,0.010675826620635601,0.01067582662095211,0.010675826621268588,0.010675826621585048,0.010675826621901476,0.010675826622217893,0.010675826622534279,0.010675826622850642,0.01067582662316698,0.010675826623483297,0.010675826623799586,0.010675826624115859,0.010675826624432104,0.010675826624748327,0.01067582662506452,0.010675826625380698,0.010675826625696853,0.01067582662601298,0.010675826626329087,0.01067582662664516,0.010675826626961213,0.010675826627277249,0.01067582662759326,0.010675826627909243,0.010675826628225204,0.01067582662854115,0.010675826628857066,0.010675826629172954,0.010675826629488823,0.010675826629804671,0.01067582663012049,0.01067582663043629,0.010675826630752066,0.010675826631067819,0.010675826631383542,0.010675826631699243,0.01067582663201492,0.010675826632330578,0.01067582663264621,0.010675826632961821,0.010675826633277404,0.01067582663359296,0.010675826633908503,0.010675826634224015,0.010675826634539507,0.010675826634854974,0.010675826635170416,0.010675826635485835,0.010675826635801236,0.010675826636116607,0.010675826636431962,0.010675826636747283,0.010675826637062591,0.010675826637377869,0.010675826637693125,0.01067582663800836,0.010675826638323569,0.010675826638638758,0.010675826638953915,0.010675826639269052,0.010675826639584165,0.010675826639899256,0.010675826640214327,0.01067582664052937,0.010675826640844389,0.01067582664115939,0.010675826641474359,0.010675826641789312,0.01067582664210424,0.01067582664241914,0.010675826642734016,0.010675826643048881,0.010675826643363709,0.010675826643678516,0.010675826643993306,0.010675826644308068,0.010675826644622808,0.010675826644937526,0.010675826645252219,0.010675826645566886,0.010675826645881532,0.01067582664619616,0.010675826646510761,0.010675826646825332,0.010675826647139886,0.010675826647454418,0.010675826647768921,0.010675826648083407,0.010675826648397864,0.010675826648712304,0.010675826649026715,0.010675826649341105,0.01067582664965547,0.010675826649969813,0.010675826650284128,0.010675826650598427,0.010675826650912703,0.010675826651226955,0.010675826651541181,0.01067582665185538,0.010675826652169564,0.010675826652483721,0.010675826652797855,0.010675826653111963,0.010675826653426054,0.010675826653740117,0.010675826654054157,0.010675826654368172,0.01067582665468216,0.01067582665499613,0.010675826655310078,0.010675826655624002,0.010675826655937902,0.010675826656251781,0.010675826656565633,0.010675826656879462,0.010675826657193264,0.010675826657507048,0.010675826657820813,0.010675826658134553,0.010675826658448271,0.010675826658761961,0.010675826659075627,0.010675826659389272,0.010675826659702889,0.01067582666001649,0.010675826660330064,0.010675826660643616,0.010675826660957144,0.010675826661270645,0.010675826661584125,0.01067582666189759,0.01067582666221102,0.01067582666252443,0.010675826662837817,0.010675826663151181,0.010675826663464526,0.010675826663777845,0.010675826664091139,0.01067582666440441,0.01067582666471766,0.010675826665030887,0.01067582666534409,0.010675826665657275,0.010675826665970427,0.010675826666283559,0.010675826666596671,0.010675826666909752,0.010675826667222818,0.010675826667535864,0.010675826667848878,0.01067582666816187,0.010675826668474846,0.010675826668787795,0.010675826669100715,0.01067582666941362,0.010675826669726494,0.010675826670039345,0.010675826670352178,0.01067582667066499,0.010675826670977773,0.010675826671290538,0.010675826671603274,0.010675826671916,0.010675826672228689,0.010675826672541359,0.010675826672854008,0.010675826673166638,0.010675826673479237,0.010675826673791813,0.01067582667410437,0.010675826674416904,0.010675826674729409,0.010675826675041898,0.01067582667535436,0.010675826675666798,0.01067582667597922,0.010675826676291612,0.010675826676603984,0.010675826676916331,0.01067582667722866,0.010675826677540957,0.010675826677853243,0.010675826678165494,0.010675826678477735,0.010675826678789939,0.010675826679102128,0.010675826679414293,0.010675826679726438,0.010675826680038556,0.01067582668035065,0.010675826680662722,0.01067582668097477,0.010675826681286797,0.010675826681598818,0.010675826681910796,0.010675826682222752,0.010675826682534688,0.010675826682846593,0.010675826683158484,0.010675826683470353,0.010675826683782195,0.010675826684094015,0.010675826684405813,0.010675826684717588,0.01067582668502934,0.010675826685341066,0.010675826685652772,0.010675826685964455,0.010675826686276113,0.010675826686587743,0.010675826686899361,0.010675826687210946,0.010675826687522517,0.01067582668783406,0.010675826688145576,0.010675826688457079,0.010675826688768557,0.010675826689080008,0.010675826689391432,0.010675826689702841,0.010675826690014226,0.010675826690325583,0.010675826690636922,0.010675826690948237,0.010675826691259528,0.010675826691570774,0.010675826691882008,0.010675826692193236,0.010675826692504437,0.010675826692815615,0.010675826693126764,0.0106758266934379,0.010675826693749006,0.010675826694060106,0.010675826694371173,0.010675826694682209,0.01067582669499323,0.010675826695304222,0.010675826695615195,0.01067582669592615,0.010675826696237076,0.01067582669654798,0.010675826696858858,0.010675826697169719,0.010675826697480554,0.01067582669779137,0.01067582669810216,0.010675826698412926,0.010675826698723669,0.01067582669903439,0.010675826699345085,0.010675826699655762,0.010675826699966414,0.010675826700277046,0.010675826700587655,0.01067582670089824,0.0106758267012088,0.010675826701519344,0.010675826701829852,0.010675826702140352,0.01067582670245082,0.010675826702761269,0.010675826703071692,0.0106758267033821,0.010675826703692477,0.010675826704002836,0.010675826704313171,0.01067582670462348,0.010675826704933772,0.010675826705244034,0.010675826705554274,0.0106758267058645,0.0106758267061747,0.010675826706484868,0.01067582670679502,0.010675826707105152,0.010675826707415258,0.010675826707725334,0.01067582670803539,0.010675826708345427,0.010675826708655443,0.010675826708965438,0.010675826709275409,0.010675826709585357,0.010675826709895283,0.010675826710205187,0.010675826710515066,0.010675826710824923,0.010675826711134762,0.010675826711444568,0.010675826711754361,0.010675826712064126,0.010675826712373873,0.010675826712683597,0.010675826712993296,0.010675826713302975,0.010675826713612628,0.010675826713922257,0.010675826714231871,0.010675826714541455,0.010675826714851015,0.01067582671516056,0.010675826715470078,0.010675826715779574,0.01067582671608905,0.010675826716398499,0.010675826716707928,0.010675826717017332,0.010675826717326713,0.010675826717636075,0.010675826717945413,0.01067582671825473,0.010675826718564018,0.010675826718873299,0.01067582671918254,0.010675826719491766,0.010675826719800963,0.010675826720110144,0.010675826720419303,0.010675826720728436,0.010675826721037542,0.010675826721346636,0.010675826721655702,0.010675826721964748,0.010675826722273768,0.010675826722582766,0.01067582672289174,0.0106758267232007,0.010675826723509632,0.01067582672381854,0.010675826724127428,0.010675826724436297,0.010675826724745137,0.01067582672505395,0.010675826725362736,0.010675826725671514,0.010675826725980272,0.010675826726288999,0.010675826726597707,0.010675826726906389,0.010675826727215046,0.01067582672752369,0.010675826727832304,0.0106758267281409,0.010675826728449474,0.010675826728758019,0.010675826729066544,0.010675826729375051,0.010675826729683533,0.010675826729991995,0.010675826730300432,0.010675826730608847,0.010675826730917243,0.010675826731225609,0.01067582673153396,0.010675826731842288,0.010675826732150586,0.010675826732458862,0.010675826732767124,0.010675826733075358,0.01067582673338357,0.010675826733691763,0.010675826733999928,0.010675826734308074,0.0106758267346162,0.010675826734924301,0.010675826735232376,0.010675826735540437,0.010675826735848463,0.010675826736156482,0.01067582673646447,0.010675826736772436,0.010675826737080382,0.010675826737388303,0.010675826737696207,0.010675826738004076,0.010675826738311935,0.010675826738619767,0.010675826738927582,0.010675826739235365,0.010675826739543134,0.010675826739850873,0.0106758267401586,0.010675826740466299,0.010675826740773978,0.01067582674108163,0.01067582674138926,0.010675826741696873,0.010675826742004459,0.010675826742312027,0.010675826742619573,0.010675826742927089,0.01067582674323459,0.010675826743542064,0.010675826743849518,0.010675826744156949,0.010675826744464358,0.010675826744771747,0.010675826745079114,0.01067582674538645,0.010675826745693735,0.010675826746001036,0.010675826746308318,0.01067582674661557,0.0106758267469228,0.010675826747230015,0.010675826747537198,0.010675826747844354,0.0106758267481515,0.010675826748458617,0.010675826748765715,0.010675826749072788,0.010675826749379846,0.010675826749686881,0.010675826749993891,0.010675826750300876,0.010675826750607836,0.010675826750914788,0.010675826751221704,0.010675826751528601,0.010675826751835479,0.010675826752142332,0.010675826752449165,0.010675826752755966,0.010675826753062754,0.010675826753369519,0.010675826753676265,0.010675826753982981,0.010675826754289673,0.010675826754596354,0.010675826754903006,0.010675826755209639,0.01067582675551625,0.010675826755822833,0.010675826756129396,0.010675826756435941,0.010675826756742461,0.01067582675704896,0.01067582675735544,0.010675826757661894,0.010675826757968326,0.010675826758274738,0.010675826758581126,0.010675826758887489,0.010675826759193829,0.010675826759500144,0.010675826759806443,0.01067582676011272,0.010675826760418977,0.010675826760725204,0.010675826761031421,0.010675826761337612,0.010675826761643777,0.010675826761949924,0.010675826762256046,0.010675826762562146,0.010675826762868225,0.010675826763174282,0.010675826763480315,0.010675826763786329,0.010675826764092324,0.010675826764398289,0.010675826764704235,0.010675826765010164,0.01067582676531606,0.010675826765621938,0.010675826765927796,0.010675826766233633,0.010675826766539446,0.010675826766845241,0.010675826767151007,0.010675826767456759,0.010675826767762481,0.010675826768068181,0.010675826768373867,0.010675826768679524,0.010675826768985168,0.010675826769290778,0.010675826769596377,0.010675826769901947,0.010675826770207496,0.010675826770513023,0.01067582677081853,0.010675826771124011,0.010675826771429472,0.01067582677173491,0.010675826772040332,0.010675826772345721,0.010675826772651102,0.010675826772956452,0.01067582677326178,0.010675826773567083,0.010675826773872375,0.01067582677417764,0.010675826774482882,0.0106758267747881,0.010675826775093298,0.010675826775398472,0.010675826775703622,0.010675826776008755,0.01067582677631387,0.01067582677661896,0.010675826776924023,0.010675826777229067,0.01067582677753409,0.010675826777839091,0.010675826778144071,0.010675826778449027,0.010675826778753963,0.010675826779058878,0.010675826779363769,0.01067582677966864,0.010675826779973488,0.010675826780278319,0.010675826780583122,0.0106758267808879,0.010675826781192664,0.010675826781497401,0.010675826781802114,0.01067582678210681,0.010675826782411482,0.01067582678271613,0.010675826783020762,0.010675826783325367,0.010675826783629955,0.010675826783934523,0.010675826784239062,0.010675826784543579,0.010675826784848078,0.010675826785152559,0.01067582678545701,0.010675826785761443,0.010675826786065858,0.010675826786370243,0.010675826786674612,0.010675826786978955,0.01067582678728328,0.01067582678758758,0.010675826787891862,0.010675826788196124,0.010675826788500356,0.010675826788804575,0.01067582678910877,0.010675826789412935,0.010675826789717091,0.010675826790021221,0.010675826790325322,0.010675826790629409,0.010675826790933476,0.010675826791237512,0.010675826791541537,0.010675826791845531,0.010675826792149505,0.010675826792453462,0.010675826792757394,0.010675826793061298,0.010675826793365192,0.010675826793669053,0.010675826793972899,0.01067582679427671,0.010675826794580514,0.010675826794884295,0.010675826795188052,0.010675826795491783,0.010675826795795498,0.010675826796099195,0.010675826796402863,0.010675826796706514,0.010675826797010141,0.010675826797313747,0.010675826797617331,0.01067582679792089,0.010675826798224434,0.010675826798527953,0.01067582679883145,0.010675826799134924,0.010675826799438383,0.010675826799741814,0.010675826800045224,0.010675826800348611,0.01067582680065198,0.010675826800955327,0.010675826801258646,0.01067582680156195,0.010675826801865228,0.010675826802168492,0.01067582680247173,0.010675826802774943,0.01067582680307814,0.010675826803381309,0.010675826803684459,0.010675826803987584,0.010675826804290698,0.010675826804593782,0.010675826804896846,0.010675826805199889,0.01067582680550291,0.010675826805805911,0.010675826806108886,0.01067582680641184,0.010675826806714774,0.010675826807017685,0.010675826807320571,0.010675826807623443,0.010675826807926298,0.010675826808229124,0.010675826808531925,0.010675826808834707,0.010675826809137472,0.01067582680944021,0.010675826809742932,0.010675826810045627,0.010675826810348302,0.010675826810650955,0.010675826810953587,0.010675826811256199,0.010675826811558787,0.010675826811861357,0.0106758268121639,0.010675826812466425,0.010675826812768928,0.010675826813071412,0.010675826813373868,0.010675826813676305,0.010675826813978719,0.010675826814281118,0.01067582681458349,0.01067582681488584,0.010675826815188173,0.010675826815490487,0.010675826815792773,0.01067582681609504,0.01067582681639728,0.010675826816699508,0.010675826817001709,0.010675826817303889,0.010675826817606052,0.01067582681790819,0.010675826818210304,0.010675826818512408,0.01067582681881448,0.010675826819116536,0.010675826819418567,0.010675826819720576,0.010675826820022565,0.010675826820324533,0.010675826820626474,0.010675826820928404,0.010675826821230302,0.010675826821532185,0.010675826821834048,0.010675826822135885,0.010675826822437702,0.0106758268227395,0.01067582682304126,0.010675826823343015,0.01067582682364475,0.010675826823946457,0.010675826824248145,0.010675826824549813,0.010675826824851454,0.010675826825153079,0.010675826825454685,0.01067582682575627,0.010675826826057827,0.010675826826359367,0.01067582682666088,0.01067582682696238,0.010675826827263854,0.010675826827565304,0.010675826827866738,0.010675826828168148,0.010675826828469537,0.010675826828770909,0.01067582682907225,0.010675826829373576,0.010675826829674875,0.010675826829976155,0.010675826830277416,0.010675826830578656,0.010675826830879876,0.010675826831181071,0.010675826831482247,0.010675826831783398,0.010675826832084533,0.010675826832385648,0.010675826832686733,0.010675826832987808,0.010675826833288856,0.010675826833589884,0.010675826833890891,0.010675826834191868,0.010675826834492834,0.010675826834793777,0.010675826835094694,0.010675826835395594,0.010675826835696471,0.010675826835997325,0.010675826836298159,0.010675826836598977,0.010675826836899766,0.010675826837200532,0.010675826837501285,0.010675826837802018,0.010675826838102724,0.010675826838403409,0.010675826838704073,0.010675826839004716,0.010675826839305328,0.010675826839605924,0.01067582683990651,0.010675826840207063,0.010675826840507602,0.010675826840808117,0.010675826841108614,0.010675826841409082,0.010675826841709537,0.010675826842009966,0.01067582684231038,0.010675826842610767,0.010675826842911134,0.010675826843211481,0.010675826843511807,0.010675826843812112,0.010675826844112392,0.010675826844412657,0.010675826844712893,0.010675826845013114,0.01067582684531331,0.010675826845613481,0.01067582684591365,0.010675826846213784,0.010675826846513898,0.01067582684681399,0.010675826847114055,0.010675826847414109,0.01067582684771414,0.010675826848014148,0.010675826848314127,0.010675826848614102,0.010675826848914039,0.010675826849213964,0.010675826849513867,0.010675826849813747,0.010675826850113607,0.010675826850413446,0.010675826850713263,0.01067582685101306,0.010675826851312834,0.010675826851612587,0.010675826851912314,0.010675826852212028,0.010675826852511715,0.010675826852811383,0.010675826853111034,0.010675826853410663,0.010675826853710269,0.010675826854009857,0.01067582685430942,0.010675826854608956,0.010675826854908478,0.010675826855207982,0.010675826855507461,0.01067582685580692,0.010675826856106359,0.010675826856405774,0.010675826856705168,0.010675826857004547,0.0106758268573039,0.010675826857603236,0.010675826857902544,0.01067582685820183,0.010675826858501106,0.010675826858800355,0.010675826859099579,0.0106758268593988,0.010675826859697979,0.010675826859997139,0.010675826860296283,0.010675826860595405,0.010675826860894508,0.010675826861193586,0.010675826861492647,0.010675826861791683,0.010675826862090704,0.010675826862389704,0.010675826862688675,0.010675826862987629,0.01067582686328656,0.010675826863585473,0.010675826863884368,0.010675826864183236,0.010675826864482086,0.010675826864780918,0.010675826865079728,0.010675826865378516,0.010675826865677283,0.010675826865976028,0.010675826866274747,0.010675826866573451,0.010675826866872127,0.010675826867170793,0.010675826867469427,0.010675826867768046,0.010675826868066647,0.010675826868365221,0.01067582686866378,0.010675826868962316,0.010675826869260828,0.010675826869559327,0.010675826869857796,0.010675826870156249,0.010675826870454675,0.010675826870753087,0.010675826871051472,0.010675826871349842,0.010675826871648192,0.010675826871946514,0.010675826872244823,0.010675826872543107,0.010675826872841366,0.010675826873139617,0.010675826873437834,0.010675826873736033,0.010675826874034216,0.010675826874332371,0.010675826874630508,0.010675826874928629,0.010675826875226724,0.010675826875524796,0.010675826875822851,0.01067582687612089,0.0106758268764189,0.010675826876716888,0.010675826877014861,0.01067582687731281,0.010675826877610739,0.01067582687790865,0.010675826878206543,0.01067582687850441,0.010675826878802258,0.010675826879100084,0.010675826879397887,0.01067582687969567,0.010675826879993432,0.010675826880291159,0.010675826880588884,0.010675826880886582,0.01067582688118426,0.010675826881481927,0.010675826881779564,0.010675826882077175,0.010675826882374775,0.01067582688267235,0.010675826882969908,0.010675826883267441,0.010675826883564955,0.010675826883862453,0.010675826884159923,0.010675826884457377,0.010675826884754804,0.010675826885052218,0.010675826885349609,0.01067582688564698,0.010675826885944331,0.010675826886241658,0.010675826886538968,0.010675826886836257,0.01067582688713352,0.010675826887430767,0.010675826887727993,0.010675826888025194,0.010675826888322377,0.01067582688861954,0.010675826888916683,0.010675826889213801,0.0106758268895109,0.010675826889807984,0.010675826890105043,0.010675826890402081,0.010675826890699094,0.010675826890996094,0.010675826891293067,0.010675826891590022,0.010675826891886958,0.010675826892183871,0.010675826892480762,0.010675826892777634,0.010675826893074487,0.010675826893371319,0.010675826893668123,0.01067582689396491,0.01067582689426168,0.010675826894558428,0.010675826894855155,0.010675826895151863,0.010675826895448548,0.010675826895745213,0.010675826896041856,0.010675826896338482,0.010675826896635083,0.010675826896931667,0.010675826897228229,0.010675826897524766,0.010675826897821289,0.010675826898117791,0.010675826898414271,0.010675826898710725,0.010675826899007167,0.010675826899303584,0.010675826899599977,0.010675826899896353,0.010675826900192713,0.01067582690048905,0.010675826900785364,0.010675826901081657,0.010675826901377932,0.010675826901674183,0.010675826901970418,0.01067582690226663,0.01067582690256282,0.010675826902858987,0.010675826903155137,0.010675826903451273,0.010675826903747378,0.010675826904043466,0.010675826904339535,0.010675826904635585,0.010675826904931612,0.010675826905227616,0.010675826905523605,0.010675826905819568,0.010675826906115514,0.010675826906411444,0.010675826906707347,0.010675826907003227,0.010675826907299096,0.010675826907594931,0.010675826907890755,0.010675826908186555,0.010675826908482336,0.010675826908778096,0.010675826909073842,0.010675826909369562,0.010675826909665261,0.010675826909960943,0.010675826910256595,0.010675826910552234,0.010675826910847853,0.010675826911143447,0.010675826911439023,0.010675826911734576,0.010675826912030107,0.010675826912325619,0.010675826912621119,0.010675826912916594,0.010675826913212045,0.01067582691350748,0.010675826913802894,0.010675826914098284,0.010675826914393654,0.010675826914689008,0.010675826914984336,0.010675826915279645,0.010675826915574936,0.010675826915870204,0.010675826916165454,0.010675826916460684,0.010675826916755891,0.010675826917051077,0.010675826917346249,0.010675826917641396,0.010675826917936525,0.010675826918231624,0.010675826918526709,0.010675826918821777,0.010675826919116825,0.010675826919411852,0.01067582691970686,0.010675826920001845,0.010675826920296805,0.010675826920591752,0.010675826920886675,0.010675826921181575,0.010675826921476467,0.010675826921771325,0.010675826922066159,0.010675826922360986,0.010675826922655784,0.01067582692295056,0.010675826923245322,0.010675826923540063,0.010675826923834779,0.010675826924129472,0.010675826924424153,0.01067582692471881,0.010675826925013449,0.010675826925308067,0.010675826925602663,0.01067582692589724,0.0106758269261918,0.010675826926486333,0.010675826926780846,0.010675826927075345,0.010675826927369824,0.010675826927664282,0.010675826927958718,0.010675826928253127,0.010675826928547521,0.010675826928841892,0.010675826929136253,0.010675826929430584,0.010675826929724899,0.010675826930019188,0.010675826930313465,0.010675826930607719,0.010675826930901942,0.010675826931196156,0.01067582693149035,0.010675826931784517,0.010675826932078667,0.010675826932372796,0.010675826932666907,0.010675826932961,0.010675826933255066,0.010675826933549118,0.010675826933843146,0.010675826934137156,0.010675826934431145,0.01067582693472511,0.010675826935019058,0.010675826935312984,0.010675826935606895,0.010675826935900787,0.010675826936194658,0.010675826936488494,0.01067582693678232,0.010675826937076126,0.010675826937369905,0.010675826937663677,0.010675826937957421,0.01067582693825115,0.010675826938544856,0.01067582693883855,0.010675826939132197,0.010675826939425839,0.010675826939719465,0.010675826940013067,0.010675826940306655,0.010675826940600213,0.010675826940893758,0.010675826941187285,0.01067582694148079,0.010675826941774273,0.01067582694206774,0.010675826942361188,0.010675826942654607,0.010675826942948016,0.010675826943241394,0.010675826943534758,0.010675826943828105,0.010675826944121426,0.010675826944414732,0.01067582694470801,0.01067582694500128,0.01067582694529452,0.010675826945587748,0.010675826945880937,0.010675826946174128,0.01067582694646729,0.010675826946760432,0.010675826947053551,0.010675826947346657,0.010675826947639739,0.010675826947932796,0.010675826948225841,0.01067582694851886,0.010675826948811862,0.01067582694910484,0.0106758269493978,0.010675826949690737,0.010675826949983664,0.010675826950276562,0.01067582695056944,0.010675826950862305,0.010675826951155142,0.01067582695144796,0.010675826951740755,0.010675826952033535,0.010675826952326295,0.010675826952619039,0.010675826952911758,0.01067582695320445,0.010675826953497128,0.01067582695378979,0.010675826954082425,0.010675826954375047,0.010675826954667646,0.010675826954960228,0.010675826955252786,0.010675826955545328,0.010675826955837846,0.010675826956130344,0.010675826956422826,0.010675826956715288,0.010675826957007726,0.010675826957300143,0.010675826957592543,0.010675826957884924,0.010675826958177283,0.01067582695846962,0.010675826958761944,0.010675826959054245,0.010675826959346527,0.010675826959638788,0.010675826959931023,0.010675826960223248,0.010675826960515443,0.010675826960807626,0.01067582696109978,0.010675826961391922,0.010675826961684043,0.010675826961976139,0.010675826962268226,0.010675826962560286,0.010675826962852328,0.010675826963144343,0.010675826963436346,0.01067582696372833,0.010675826964020294,0.010675826964312232,0.010675826964604153,0.010675826964896053,0.010675826965187934,0.010675826965479793,0.010675826965771637,0.010675826966063458,0.010675826966355263,0.010675826966647043,0.010675826966938808,0.01067582696723055,0.01067582696752227,0.010675826967813974,0.01067582696810565,0.01067582696839731,0.010675826968688957,0.010675826968980577,0.010675826969272178,0.01067582696956376,0.010675826969855322,0.010675826970146865,0.010675826970438384,0.010675826970729881,0.010675826971021374,0.010675826971312832,0.010675826971604279,0.010675826971895702,0.010675826972187104,0.010675826972478486,0.010675826972769855,0.010675826973061197,0.010675826973352533,0.010675826973643833,0.010675826973935121,0.010675826974226381,0.010675826974517627,0.01067582697480885,0.010675826975100059,0.01067582697539124,0.010675826975682404,0.010675826975973555,0.010675826976264674,0.010675826976555792,0.010675826976846874,0.010675826977137943,0.01067582697742899,0.010675826977720017,0.010675826978011024,0.010675826978302012,0.010675826978592982,0.01067582697888393,0.010675826979174859,0.010675826979465765,0.010675826979756657,0.010675826980047525,0.010675826980338378,0.010675826980629206,0.010675826980920018,0.010675826981210805,0.01067582698150158,0.010675826981792329,0.010675826982083064,0.010675826982373775,0.010675826982664468,0.01067582698295514,0.010675826983245791,0.010675826983536424,0.010675826983827038,0.010675826984117632,0.010675826984408205,0.010675826984698758,0.010675826984989291,0.010675826985279805,0.0106758269855703,0.010675826985860778,0.010675826986151224,0.01067582698644167,0.010675826986732079,0.010675826987022479,0.010675826987312856,0.010675826987603209,0.01067582698789355,0.010675826988183866,0.010675826988474165,0.010675826988764443,0.0106758269890547,0.010675826989344942,0.010675826989635161,0.010675826989925362,0.010675826990215541,0.010675826990505701,0.010675826990795842,0.01067582699108597,0.010675826991376066,0.010675826991666151,0.010675826991956216,0.010675826992246255,0.010675826992536276,0.010675826992826282,0.010675826993116267,0.010675826993406232,0.010675826993696179,0.010675826993986103,0.010675826994276008,0.010675826994565894,0.01067582699485576,0.010675826995145608,0.010675826995435428,0.010675826995725238,0.010675826996015027,0.010675826996304795,0.01067582699659454,0.01067582699688427,0.010675826997173976,0.010675826997463661,0.010675826997753334,0.01067582699804298,0.010675826998332616,0.010675826998622224,0.010675826998911815,0.010675826999201393,0.010675826999490943,0.010675826999780471,0.01067582700006999,0.01067582700035948,0.010675827000648959,0.010675827000938411,0.010675827001227847,0.010675827001517263,0.010675827001806656,0.01067582700209603,0.010675827002385388,0.010675827002674729,0.010675827002964045,0.010675827003253348,0.010675827003542629,0.01067582700383189,0.01067582700412113,0.010675827004410346,0.010675827004699549,0.010675827004988736,0.010675827005277893,0.010675827005567037,0.010675827005856162,0.010675827006145264,0.010675827006434347,0.010675827006723409,0.01067582700701246,0.010675827007301485,0.010675827007590493,0.010675827007879486,0.01067582700816845,0.0106758270084574,0.01067582700874633,0.010675827009035237,0.010675827009324129,0.010675827009613,0.010675827009901849,0.010675827010190682,0.010675827010479495,0.010675827010768286,0.010675827011057062,0.010675827011345809,0.010675827011634545,0.01067582701192326,0.010675827012211953,0.010675827012500631,0.010675827012789286,0.010675827013077923,0.01067582701336654,0.010675827013655138,0.010675827013943715,0.010675827014232274,0.010675827014520821,0.01067582701480934,0.010675827015097838,0.010675827015386323,0.010675827015674785,0.010675827015963231,0.010675827016251653,0.010675827016540053,0.010675827016828444,0.01067582701711681,0.010675827017405154,0.010675827017693483,0.010675827017981787,0.010675827018270079,0.01067582701855835,0.010675827018846597,0.010675827019134826,0.010675827019423037,0.010675827019711231,0.010675827019999404,0.010675827020287555,0.010675827020575684,0.0106758270208638,0.0106758270211519,0.01067582702143997,0.010675827021728028,0.010675827022016063,0.010675827022304074,0.010675827022592073,0.010675827022880054,0.010675827023168017,0.010675827023455955,0.010675827023743876,0.01067582702403178,0.010675827024319661,0.010675827024607521,0.010675827024895364,0.01067582702518319,0.010675827025470994,0.010675827025758781,0.010675827026046544,0.010675827026334291,0.010675827026622016,0.010675827026909725,0.010675827027197417,0.010675827027485084,0.010675827027772734,0.010675827028060364,0.010675827028347976,0.01067582702863557,0.010675827028923132,0.010675827029210678,0.010675827029498212,0.010675827029785732,0.010675827030073222,0.010675827030360702,0.010675827030648156,0.010675827030935602,0.010675827031223018,0.010675827031510416,0.010675827031797806,0.01067582703208516,0.010675827032372501,0.010675827032659829,0.01067582703294713,0.010675827033234412,0.010675827033521679,0.010675827033808925,0.01067582703409615,0.010675827034383356,0.01067582703467055,0.010675827034957714,0.010675827035244865,0.010675827035532005,0.010675827035819107,0.010675827036106207,0.010675827036393276,0.010675827036680331,0.010675827036967366,0.010675827037254382,0.010675827037541377,0.010675827037828354,0.010675827038115314,0.010675827038402256,0.010675827038689174,0.010675827038976075,0.010675827039262955,0.010675827039549822,0.010675827039836666,0.010675827040123488,0.010675827040410292,0.010675827040697082,0.010675827040983842,0.010675827041270592,0.010675827041557322,0.010675827041844029,0.01067582704213072,0.01067582704241739,0.010675827042704044,0.01067582704299068,0.010675827043277297,0.010675827043563891,0.010675827043850464,0.010675827044137021,0.010675827044423556,0.010675827044710073,0.010675827044996571,0.01067582704528305,0.010675827045569512,0.010675827045855952,0.010675827046142384,0.010675827046428795,0.010675827046715181,0.010675827047001547,0.01067582704728789,0.01067582704757422,0.010675827047860527,0.010675827048146817,0.010675827048433085,0.010675827048719333,0.01067582704900557,0.010675827049291783,0.010675827049577976,0.010675827049864145,0.010675827050150305,0.010675827050436444,0.01067582705072256,0.01067582705100866,0.01067582705129474,0.0106758270515808,0.010675827051866836,0.010675827052152859,0.01067582705243886,0.010675827052724842,0.010675827053010815,0.010675827053296756,0.01067582705358268,0.010675827053868592,0.010675827054154482,0.010675827054440352,0.010675827054726207,0.010675827055012034,0.010675827055297852,0.010675827055583646,0.010675827055869417,0.010675827056155175,0.010675827056440912,0.010675827056726634,0.010675827057012338,0.010675827057298014,0.010675827057583676,0.010675827057869318,0.010675827058154945,0.010675827058440545,0.010675827058726134,0.010675827059011702,0.010675827059297248,0.010675827059582782,0.01067582705986829,0.010675827060153784,0.010675827060439251,0.010675827060724707,0.010675827061010144,0.010675827061295554,0.010675827061580953,0.010675827061866323,0.010675827062151684,0.010675827062437023,0.010675827062722344,0.010675827063007648,0.01067582706329293,0.010675827063578195,0.01067582706386344,0.010675827064148663,0.010675827064433865,0.010675827064719057,0.010675827065004223,0.010675827065289375,0.010675827065574505,0.010675827065859617,0.010675827066144712,0.010675827066429786,0.010675827066714846,0.010675827066999882,0.010675827067284897,0.010675827067569896,0.010675827067854877,0.010675827068139835,0.010675827068424784,0.010675827068709707,0.010675827068994614,0.010675827069279503,0.010675827069564365,0.010675827069849217,0.010675827070134048,0.010675827070418862,0.010675827070703654,0.010675827070988424,0.01067582707127318,0.01067582707155791,0.010675827071842631,0.01067582707212732,0.010675827072412,0.010675827072696655,0.010675827072981299,0.010675827073265918,0.01067582707355052,0.010675827073835107,0.01067582707411968,0.010675827074404218,0.01067582707468875,0.010675827074973257,0.010675827075257745,0.010675827075542219,0.01067582707582667,0.010675827076111097,0.010675827076395514,0.010675827076679908,0.01067582707696429,0.010675827077248656,0.010675827077532988,0.010675827077817307,0.01067582707810161,0.010675827078385897,0.010675827078670161,0.010675827078954408,0.010675827079238639,0.010675827079522828,0.010675827079807016,0.01067582708009119,0.010675827080375344,0.010675827080659478,0.010675827080943594,0.01067582708122769,0.010675827081511765,0.010675827081795822,0.010675827082079868,0.010675827082363889,0.010675827082647894,0.010675827082931877,0.01067582708321584,0.01067582708349979,0.010675827083783718,0.010675827084067628,0.01067582708435152,0.010675827084635396,0.010675827084919244,0.010675827085203078,0.010675827085486898,0.010675827085770695,0.010675827086054473,0.010675827086338236,0.010675827086621974,0.010675827086905697,0.0106758270871894,0.010675827087473083,0.010675827087756752,0.0106758270880404,0.010675827088324031,0.010675827088607636,0.010675827088891225,0.0106758270891748,0.010675827089458356,0.010675827089741892,0.010675827090025406,0.010675827090308907,0.010675827090592387,0.010675827090875849,0.01067582709115929,0.010675827091442712,0.010675827091726119,0.010675827092009508,0.010675827092292877,0.010675827092576223,0.010675827092859561,0.01067582709314287,0.01067582709342617,0.010675827093709442,0.010675827093992701,0.01067582709427594,0.010675827094559154,0.010675827094842353,0.010675827095125537,0.010675827095408699,0.010675827095691842,0.010675827095974968,0.010675827096258078,0.010675827096541165,0.010675827096824232,0.010675827097107283,0.010675827097390319,0.01067582709767333,0.01067582709795632,0.010675827098239303,0.010675827098522259,0.010675827098805197,0.01067582709908812,0.010675827099371017,0.010675827099653905,0.010675827099936771,0.010675827100219625,0.010675827100502452,0.010675827100785261,0.01067582710106805,0.01067582710135083,0.010675827101633577,0.010675827101916315,0.010675827102199031,0.010675827102481729,0.010675827102764412,0.010675827103047071,0.010675827103329717,0.01067582710361234,0.010675827103894949,0.010675827104177537,0.01067582710446011,0.010675827104742658,0.010675827105025189,0.010675827105307708,0.010675827105590202,0.010675827105872676,0.010675827106155143,0.010675827106437583,0.010675827106720005,0.01067582710700241,0.010675827107284793,0.010675827107567155,0.0106758271078495,0.010675827108131834,0.010675827108414143,0.010675827108696436,0.010675827108978709,0.010675827109260965,0.010675827109543201,0.010675827109825417,0.010675827110107618,0.0106758271103898,0.010675827110671963,0.010675827110954106,0.010675827111236231,0.010675827111518339,0.010675827111800434,0.010675827112082498,0.010675827112364557,0.010675827112646589,0.010675827112928601,0.0106758271132106,0.010675827113492574,0.010675827113774536,0.01067582711405648,0.0106758271143384,0.01067582711462031,0.010675827114902196,0.010675827115184064,0.010675827115465913,0.010675827115747745,0.010675827116029562,0.010675827116311357,0.010675827116593133,0.010675827116874889,0.010675827117156627,0.010675827117438346,0.01067582711772005,0.01067582711800173,0.010675827118283396,0.010675827118565046,0.010675827118846674,0.010675827119128286,0.010675827119409875,0.010675827119691448,0.010675827119973004,0.010675827120254538,0.010675827120536054,0.010675827120817551,0.010675827121099032,0.010675827121380493,0.01067582712166194,0.010675827121943367,0.01067582712222477,0.010675827122506166,0.010675827122787534,0.010675827123068887,0.010675827123350225,0.010675827123631536,0.010675827123912839,0.01067582712419412,0.01067582712447538,0.010675827124756622,0.010675827125037849,0.010675827125319061,0.010675827125600246,0.010675827125881415,0.010675827126162567,0.0106758271264437,0.010675827126724814,0.010675827127005919,0.010675827127286992,0.010675827127568056,0.010675827127849098,0.010675827128130125,0.010675827128411124,0.010675827128692115,0.010675827128973085,0.010675827129254035,0.010675827129534975,0.010675827129815886,0.010675827130096785,0.010675827130377668,0.010675827130658526,0.010675827130939368,0.010675827131220188,0.01067582713150099,0.010675827131781779,0.010675827132062544,0.010675827132343288,0.010675827132624027,0.010675827132904738,0.010675827133185432,0.01067582713346611,0.010675827133746773,0.010675827134027413,0.010675827134308032,0.01067582713458864,0.010675827134869222,0.010675827135149793,0.01067582713543034,0.010675827135710867,0.010675827135991384,0.010675827136271878,0.010675827136552355,0.010675827136832815,0.010675827137113255,0.010675827137393672,0.01067582713767408,0.010675827137954464,0.010675827138234829,0.010675827138515179,0.010675827138795512,0.010675827139075828,0.010675827139356118,0.010675827139636393,0.010675827139916653,0.010675827140196898,0.010675827140477113,0.010675827140757321,0.010675827141037509,0.010675827141317673,0.010675827141597823,0.010675827141877954,0.010675827142158069,0.010675827142438164,0.01067582714271824,0.0106758271429983,0.010675827143278345,0.010675827143558372,0.010675827143838372,0.010675827144118357,0.010675827144398325,0.010675827144678273,0.010675827144958207,0.010675827145238122,0.010675827145518017,0.010675827145797895,0.010675827146077751,0.01067582714635759,0.010675827146637418,0.010675827146917219,0.010675827147197007,0.01067582714747678,0.010675827147756532,0.010675827148036264,0.010675827148315982,0.010675827148595678,0.010675827148875357,0.010675827149155015,0.01067582714943466,0.010675827149714278,0.010675827149993886,0.01067582715027348,0.010675827150553043,0.010675827150832597,0.010675827151112132,0.010675827151391641,0.010675827151671138,0.01067582715195062,0.01067582715223008,0.010675827152509523,0.01067582715278895,0.01067582715306836,0.010675827153347747,0.010675827153627117,0.010675827153906471,0.010675827154185805
7,3.1947348762207682e-24,8.808333161968665e-24,1.6253351086803575e-23,2.5085011135051575e-23,3.496655420157763e-23,4.564300630300158e-23,5.692131629026505e-23,6.865531730486156e-23,8.073434048711124e-23,9.307459395267082e-23,1.0561263546582942e-22,1.1830043033559295e-22,1.311016095482781e-22,1.4398863664785643e-22,1.56940662666104e-22,1.6994190200317847e-22,1.829804027408972e-22,1.9604711559702114e-22,2.0913518899277227e-22,2.222394353198342e-22,2.3535592682945065e-22,2.484816896636595e-22,2.6161447219392545e-22,2.7475256962091897e-22,2.8789469117189073e-22,3.0103985955041575e-22,3.141873348057144e-22,3.2733655669102437e-22,3.404871010207927e-22,3.536386466269208e-22,3.6679095034001063e-22,3.7994382804664325e-22,3.930971403470789e-22,4.0625078169611715e-22,4.1940467218120385e-22,4.325587512973026e-22,4.4571297323359475e-22,4.5886730330485085e-22,4.720217152494756e-22,4.8517618918375e-22,4.983307100529035e-22,5.114852664583585e-22,5.246398497697894e-22,5.377944534528285e-22,5.50949072560035e-22,5.6410370334550605e-22,5.772583429730654e-22,5.904129892953282e-22,6.035676406864228e-22,6.167222959153355e-22,6.298769540500166e-22,6.430316143847722e-22,6.561862763852936e-22,6.69340939647034e-22,6.8249560386369495e-22,6.956502688033644e-22,7.088049342904527e-22,7.219596001920136e-22,7.351142664073899e-22,7.482689328603679e-22,7.61423599493244e-22,7.745782662623272e-22,7.877329331345398e-22,8.008876000848351e-22,8.140422670942504e-22,8.271969341484277e-22,8.403516012364958e-22,8.535062683502245e-22,8.666609354833813e-22,8.798156026312482e-22,8.929702697902527e-22,9.0612493695769e-22,9.192796041315127e-22,9.324342713101689e-22,9.455889384924852e-22,9.58743605677573e-22,9.7189827286476e-22,9.850529400535347e-22,9.982076072435119e-22,1.0113622744344e-21,1.0245169416259785e-21,1.0376716088180781e-21,1.0508262760105734e-21,1.0639809432033699e-21,1.0771356103963911e-21,1.090290277589584e-21,1.1034449447829077e-21,1.1165996119763284e-21,1.1297542791698242e-21,1.1429089463633762e-21,1.156063613556971e-21,1.169218280750598e-21,1.1823729479442496e-21,1.1955276151379193e-21,1.2086822823316032e-21,1.2218369495252974e-21,1.2349916167189993e-21,1.248146283912706e-21,1.2613009511064188e-21,1.2744556183001352e-21,1.287610285493854e-21,1.3007649526875739e-21,1.3139196198812967e-21,1.3270742870750204e-21,1.340228954268745e-21,1.35338362146247e-21,1.3665382886561958e-21,1.3796929558499216e-21,1.3928476230436469e-21,1.4060022902373736e-21,1.4191569574311e-21,1.4323116246248268e-21,1.4454662918185541e-21,1.4586209590122805e-21,1.4717756262060087e-21,1.4849302933997355e-21,1.4980849605934632e-21,1.511239627787189e-21,1.524394294980917e-21,1.5375489621746442e-21,1.5507036293683713e-21,1.5638582965620987e-21,1.5770129637558254e-21,1.590167630949553e-21,1.60332229814328e-21,1.6164769653370085e-21,1.629631632530735e-21,1.6427862997244613e-21,1.6559409669181888e-21,1.6690956341119153e-21,1.6822503013056432e-21,1.695404968499371e-21,1.708559635693099e-21,1.721714302886827e-21,1.7348689700805548e-21,1.748023637274282e-21,1.7611783044680124e-21,1.7743329716617396e-21,1.787487638855467e-21,1.8006423060491946e-21,1.813796973242922e-21,1.82695164043665e-21,1.8401063076303775e-21,1.853260974824105e-21,1.8664156420178314e-21,1.8795703092115585e-21,1.892724976405286e-21,1.9058796435990135e-21,1.919034310792741e-21,1.9321889779864685e-21,1.9453436451801964e-21,1.9584983123739247e-21,1.971652979567652e-21,1.98480764676138e-21,1.9979623139551083e-21,2.0111169811488362e-21,2.0242716483425637e-21,2.0374263155362912e-21,2.050580982730019e-21,2.0637356499237466e-21,2.0768903171174745e-21,2.090044984311203e-21,2.1031996515049307e-21,2.1163543186986578e-21,2.129508985892385e-21,2.1426636530861136e-21,2.155818320279841e-21,2.1689729874735682e-21,2.1821276546672953e-21,2.195282321861023e-21,2.20843698905475e-21,2.221591656248477e-21,2.2347463234422046e-21,2.2479009906359317e-21,2.2610556578296585e-21,2.2742103250233853e-21,2.2873649922171128e-21,2.3005196594108395e-21,2.3136743266045663e-21,2.3268289937982938e-21,2.3399836609920213e-21,2.353138328185749e-21,2.366292995379477e-21,2.3794476625732057e-21,2.3926023297669332e-21,2.4057569969606607e-21,2.418911664154388e-21,2.432066331348115e-21,2.4452209985418425e-21,2.4583756657355696e-21,2.471530332929297e-21,2.484685000123024e-21,2.497839667316751e-21,2.510994334510478e-21,2.524149001704205e-21,2.5373036688979317e-21,2.550458336091658e-21,2.5636130032853844e-21,2.5767676704791112e-21,2.589922337672835e-21,2.6030770048665598e-21,2.6162316720602854e-21,2.6293863392540114e-21,2.6425410064477374e-21,2.6556956736414642e-21,2.6688503408351902e-21,2.6820050080289173e-21,2.6951596752226437e-21,2.7083143424163697e-21,2.7214690096100957e-21,2.7346236768038214e-21,2.7477783439975466e-21,2.760933011191272e-21,2.774087678384997e-21,2.7872423455787227e-21,2.80039701277245e-21,2.8135516799661747e-21,2.8267063471598974e-21,2.839861014353622e-21,2.8530156815473456e-21,2.866170348741071e-21,2.879325015934795e-21,2.8924796831285195e-21,2.9056343503222436e-21,2.918789017515968e-21,2.9319436847096926e-21,2.945098351903416e-21,2.9582530190971394e-21,2.9714076862908623e-21,2.984562353484586e-21,2.9977170206783125e-21,3.0108716878720355e-21,3.0240263550657592e-21,3.037181022259482e-21,3.0503356894532056e-21,3.0634903566469286e-21,3.0766450238406527e-21,3.0897996910343757e-21,3.102954358228098e-21,3.1161090254218224e-21,3.1292636926155443e-21,3.142418359809268e-21,3.155573027002991e-21,3.168727694196714e-21,3.181882361390437e-21,3.1950370285841597e-21,3.2081916957778826e-21,3.2213463629716056e-21,3.2345010301653294e-21,3.2476556973590513e-21,3.2608103645527724e-21,3.2739650317464946e-21,3.2871196989402176e-21,3.3002743661339402e-21,3.3134290333276625e-21,3.3265837005213855e-21,3.339738367715108e-21,3.352893034908832e-21,3.3660477021025537e-21,3.379202369296276e-21,3.3923570364900004e-21,3.405511703683724e-21,3.4186663708774464e-21,3.4318210380711694e-21,3.444975705264893e-21,3.4581303724586154e-21,3.471285039652338e-21,3.48443970684606e-21,3.497594374039784e-21,3.510749041233506e-21,3.523903708427228e-21,3.537058375620951e-21,3.550213042814674e-21,3.563367710008397e-21,3.5765223772021186e-21,3.5896770443958416e-21,3.602831711589564e-21,3.615986378783285e-21,3.6291410459770076e-21,3.642295713170729e-21,3.6554503803644505e-21,3.668605047558173e-21,3.6817597147518935e-21,3.694914381945616e-21,3.708069049139338e-21,3.721223716333059e-21,3.73437838352678e-21,3.7475330507205025e-21,3.760687717914223e-21,3.773842385107944e-21,3.786997052301666e-21,3.800151719495387e-21,3.8133063866891084e-21,3.82646105388283e-21,3.839615721076551e-21,3.852770388270272e-21,3.865925055463992e-21,3.879079722657714e-21,3.892234389851434e-21,3.905389057045156e-21,3.918543724238876e-21,3.931698391432597e-21,3.944853058626318e-21,3.958007725820038e-21,3.971162393013758e-21,3.98431706020748e-21,3.9974717274012e-21,4.01062639459492e-21,4.02378106178864e-21,4.036935728982361e-21,4.050090396176082e-21,4.063245063369801e-21,4.076399730563522e-21,4.0895543977572424e-21,4.102709064950964e-21,4.115863732144684e-21,4.129018399338405e-21,4.142173066532124e-21,4.1553277337258446e-21,4.1684824009195646e-21,4.181637068113285e-21,4.194791735307006e-21,4.207946402500727e-21,4.221101069694447e-21,4.234255736888167e-21,4.247410404081886e-21,4.260565071275606e-21,4.2737197384693245e-21,4.2868744056630445e-21,4.300029072856764e-21,4.313183740050483e-21,4.3263384072442014e-21,4.339493074437921e-21,4.352647741631639e-21,4.365802408825359e-21,4.378957076019076e-21,4.392111743212796e-21,4.4052664104065145e-21,4.418421077600234e-21,4.431575744793952e-21,4.444730411987671e-21,4.45788507918139e-21,4.471039746375109e-21,4.484194413568828e-21,4.497349080762547e-21,4.510503747956266e-21,4.523658415149984e-21,4.536813082343703e-21,4.5499677495374216e-21,4.5631224167311386e-21,4.5762770839248586e-21,4.589431751118577e-21,4.602586418312296e-21,4.615741085506013e-21,4.628895752699732e-21,4.642050419893452e-21,4.655205087087172e-21,4.66835975428089e-21,4.681514421474609e-21,4.6946690886683264e-21,4.707823755862047e-21,4.720978423055764e-21,4.734133090249483e-21,4.7472877574432026e-21,4.760442424636922e-21,4.77359709183064e-21,4.786751759024358e-21,4.7999064262180765e-21,4.813061093411796e-21,4.826215760605515e-21,4.839370427799232e-21,4.852525094992951e-21,4.8656797621866704e-21,4.878834429380389e-21,4.891989096574108e-21,4.905143763767826e-21,4.918298430961545e-21,4.9314530981552636e-21,4.944607765348981e-21,4.9577624325427005e-21,4.970917099736419e-21,4.984071766930135e-21,4.997226434123854e-21,5.010381101317572e-21,5.023535768511291e-21,5.036690435705009e-21,5.049845102898727e-21,5.062999770092445e-21,5.076154437286164e-21,5.089309104479883e-21,5.102463771673601e-21,5.1156184388673185e-21,5.128773106061037e-21,5.1419277732547555e-21,5.1550824404484755e-21,5.168237107642194e-21,5.181391774835912e-21,5.194546442029631e-21,5.207701109223344e-21,5.2208557764170626e-21,5.23401044361078e-21,5.247165110804498e-21,5.260319777998217e-21,5.273474445191935e-21,5.2866291123856535e-21,5.299783779579371e-21,5.31293844677309e-21,5.326093113966808e-21,5.339247781160524e-21,5.352402448354242e-21,5.3655571155479614e-21,5.378711782741679e-21,5.391866449935399e-21,5.4050211171291176e-21,5.418175784322838e-21,5.431330451516556e-21,5.444485118710275e-21,5.457639785903993e-21,5.4707944530977115e-21,5.483949120291431e-21,5.49710378748515e-21,5.510258454678868e-21,5.523413121872586e-21,5.536567789066305e-21,5.549722456260025e-21,5.562877123453742e-21,5.576031790647461e-21,5.58918645784118e-21,5.602341125034898e-21,5.6154957922286155e-21,5.628650459422334e-21,5.641805126616053e-21,5.654959793809772e-21,5.66811446100349e-21,5.681269128197209e-21,5.694423795390928e-21,5.7075784625846464e-21,5.720733129778366e-21,5.7338877969720826e-21,5.7470424641658e-21,5.760197131359518e-21,5.773351798553237e-21,5.786506465746956e-21,5.7996611329406735e-21,5.812815800134392e-21,5.825970467328112e-21,5.83912513452183e-21,5.852279801715548e-21,5.8654344689092674e-21,5.878589136102987e-21,5.891743803296705e-21,5.904898470490423e-21,5.9180531376841406e-21,5.931207804877857e-21,5.944362472071575e-21,5.957517139265292e-21,5.970671806459011e-21,5.983826473652729e-21,5.996981140846449e-21,6.010135808040164e-21,6.023290475233882e-21,6.036445142427602e-21,6.0495998096213194e-21,6.062754476815038e-21,6.075909144008754e-21,6.089063811202475e-21,6.102218478396194e-21,6.115373145589912e-21,6.1285278127836295e-21,6.1416824799773495e-21,6.154837147171069e-21,6.167991814364792e-21,6.181146481558511e-21,6.194301148752233e-21,6.2074558159459524e-21,6.22061048313967e-21,6.233765150333389e-21,6.2469198175271064e-21,6.260074484720825e-21,6.273229151914543e-21,6.286383819108262e-21,6.2995384863019796e-21,6.312693153495699e-21,6.3258478206894165e-21,6.339002487883135e-21,6.352157155076853e-21,6.365311822270572e-21,6.378466489464289e-21,6.391621156658008e-21,6.4047758238517274e-21,6.417930491045447e-21,6.431085158239163e-21,6.444239825432881e-21,6.457394492626598e-21,6.4705491598203176e-21,6.483703827014037e-21,6.4968584942077545e-21,6.510013161401473e-21,6.5231678285951915e-21,6.5363224957889115e-21,6.549477162982633e-21,6.562631830176351e-21,6.5757864973700714e-21,6.58894116456379e-21,6.602095831757507e-21,6.6152504989512246e-21,6.628405166144944e-21,6.6415598333386616e-21,6.65471450053238e-21,6.667869167726098e-21,6.68102383491982e-21,6.694178502113536e-21,6.707333169307254e-21,6.720487836500973e-21,6.7336425036946924e-21,6.7467971708884094e-21,6.759951838082127e-21,6.7731065052758456e-21,6.786261172469564e-21,6.799415839663281e-21,6.812570506856998e-21,6.825725174050715e-21,6.838879841244432e-21,6.852034508438147e-21,6.865189175631864e-21,6.878343842825583e-21,6.891498510019298e-21,6.904653177213014e-21,6.91780784440673e-21,6.93096251160045e-21,6.944117178794166e-21,6.957271845987882e-21,6.970426513181599e-21,6.983581180375316e-21,6.996735847569034e-21,7.009890514762751e-21,7.023045181956467e-21,7.036199849150184e-21,7.049354516343899e-21,7.062509183537616e-21,7.075663850731333e-21,7.088818517925047e-21,7.101973185118764e-21,7.11512785231248e-21,7.128282519506196e-21,7.141437186699913e-21,7.15459185389363e-21,7.167746521087346e-21,7.180901188281064e-21,7.19405585547478e-21,7.207210522668495e-21,7.220365189862211e-21,7.233519857055928e-21,7.246674524249643e-21,7.25982919144336e-21,7.272983858637074e-21,7.286138525830791e-21,7.299293193024508e-21,7.312447860218224e-21,7.325602527411939e-21,7.338757194605656e-21,7.351911861799372e-21,7.365066528993088e-21,7.378221196186804e-21,7.391375863380521e-21,7.404530530574238e-21,7.417685197767952e-21,7.430839864961669e-21,7.443994532155384e-21,7.4571491993491e-21,7.470303866542815e-21,7.483458533736532e-21,7.496613200930246e-21,7.50976786812396e-21,7.522922535317677e-21,7.536077202511396e-21,7.54923186970511e-21,7.562386536898825e-21,7.575541204092544e-21,7.58869587128626e-21,7.601850538479974e-21,7.61500520567369e-21,7.628159872867407e-21,7.641314540061122e-21,7.654469207254838e-21,7.667623874448553e-21,7.680778541642272e-21,7.693933208835986e-21,7.707087876029701e-21,7.720242543223417e-21,7.733397210417135e-21,7.746551877610849e-21,7.759706544804566e-21,7.772861211998282e-21,7.786015879192e-21,7.799170546385717e-21,7.812325213579433e-21,7.82547988077315e-21,7.838634547966867e-21,7.851789215160582e-21,7.864943882354297e-21,7.878098549548014e-21,7.89125321674173e-21,7.904407883935445e-21,7.917562551129161e-21,7.93071721832288e-21,7.943871885516595e-21,7.957026552710312e-21,7.970181219904026e-21,7.983335887097743e-21,7.996490554291458e-21,8.009645221485175e-21,8.022799888678892e-21,8.035954555872608e-21,8.049109223066323e-21,8.06226389026004e-21,8.075418557453756e-21,8.088573224647471e-21,8.101727891841186e-21,8.114882559034902e-21,8.128037226228622e-21,8.141191893422337e-21,8.154346560616056e-21,8.167501227809771e-21,8.180655895003488e-21,8.193810562197202e-21,8.20696522939092e-21,8.220119896584635e-21,8.233274563778353e-21,8.246429230972069e-21,8.259583898165784e-21,8.272738565359501e-21,8.285893232553217e-21,8.299047899746932e-21,8.312202566940646e-21,8.325357234134363e-21,8.338511901328082e-21,8.351666568521797e-21,8.364821235715512e-21,8.37797590290923e-21,8.391130570102945e-21,8.40428523729666e-21,8.417439904490376e-21,8.430594571684093e-21,8.443749238877807e-21,8.456903906071524e-21,8.470058573265241e-21,8.483213240458956e-21,8.496367907652672e-21,8.509522574846387e-21,8.522677242040104e-21,8.53583190923382e-21,8.548986576427534e-21,8.562141243621249e-21,8.575295910814965e-21,8.588450578008682e-21,8.601605245202397e-21,8.614759912396112e-21,8.627914579589831e-21,8.641069246783546e-21,8.654223913977263e-21,8.667378581170979e-21,8.680533248364697e-21,8.693687915558413e-21,8.706842582752128e-21,8.719997249945847e-21,8.73315191713956e-21,8.746306584333278e-21,8.759461251526993e-21,8.772615918720712e-21,8.785770585914427e-21,8.798925253108144e-21,8.812079920301858e-21,8.825234587495575e-21,8.83838925468929e-21,8.851543921883006e-21,8.864698589076721e-21,8.877853256270437e-21,8.891007923464152e-21,8.904162590657868e-21,8.917317257851583e-21,8.930471925045299e-21,8.943626592239014e-21,8.956781259432731e-21,8.96993592662645e-21,8.983090593820167e-21,8.99624526101388e-21,9.009399928207598e-21,9.022554595401315e-21,9.035709262595032e-21,9.048863929788746e-21,9.062018596982461e-21,9.075173264176178e-21,9.088327931369894e-21,9.101482598563612e-21,9.114637265757327e-21,9.127791932951044e-21,9.140946600144758e-21,9.154101267338474e-21,9.167255934532192e-21,9.180410601725908e-21,9.193565268919623e-21,9.20671993611334e-21,9.219874603307057e-21,9.233029270500773e-21,9.24618393769449e-21,9.259338604888204e-21,9.27249327208192e-21,9.285647939275636e-21,9.298802606469352e-21,9.311957273663067e-21,9.325111940856784e-21,9.3382666080505e-21,9.351421275244216e-21,9.364575942437935e-21,9.37773060963165e-21,9.390885276825367e-21,9.404039944019083e-21,9.4171946112128e-21,9.430349278406514e-21,9.443503945600231e-21,9.456658612793946e-21,9.469813279987662e-21,9.482967947181377e-21,9.496122614375093e-21,9.509277281568808e-21,9.522431948762525e-21,9.53558661595624e-21,9.548741283149956e-21,9.561895950343673e-21,9.575050617537389e-21,9.588205284731106e-21,9.601359951924822e-21,9.614514619118541e-21,9.627669286312256e-21,9.640823953505972e-21,9.653978620699687e-21,9.667133287893404e-21,9.680287955087118e-21,9.693442622280834e-21,9.706597289474551e-21,9.719751956668266e-21,9.732906623861982e-21,9.746061291055697e-21,9.759215958249413e-21,9.77237062544313e-21,9.785525292636847e-21,9.798679959830562e-21,9.811834627024278e-21,9.824989294217995e-21,9.838143961411708e-21,9.851298628605425e-21,9.864453295799144e-21,9.877607962992856e-21,9.890762630186575e-21,9.903917297380289e-21,9.917071964574007e-21,9.930226631767721e-21,9.943381298961435e-21,9.95653596615515e-21,9.969690633348866e-21,9.98284530054258e-21,9.995999967736297e-21,1.0009154634930011e-20,1.0022309302123725e-20,1.003546396931744e-20,1.0048618636511158e-20,1.0061773303704872e-20,1.0074927970898588e-20,1.0088082638092302e-20,1.0101237305286016e-20,1.0114391972479733e-20,1.0127546639673447e-20,1.0140701306867161e-20,1.0153855974060877e-20,1.0167010641254591e-20,1.0180165308448305e-20,1.0193319975642019e-20,1.0206474642835733e-20,1.0219629310029448e-20,1.0232783977223162e-20,1.0245938644416875e-20,1.025909331161059e-20,1.0272247978804304e-20,1.0285402645998018e-20,1.0298557313191733e-20,1.0311711980385446e-20,1.0324866647579158e-20,1.0338021314772872e-20,1.0351175981966586e-20,1.0364330649160299e-20,1.0377485316354013e-20,1.0390639983547727e-20,1.0403794650741438e-20,1.041694931793515e-20,1.0430103985128861e-20,1.0443258652322575e-20,1.0456413319516284e-20,1.0469567986709998e-20,1.0482722653903711e-20,1.0495877321097422e-20,1.0509031988291133e-20,1.0522186655484844e-20,1.0535341322678555e-20,1.0548495989872266e-20,1.0561650657065981e-20,1.0574805324259692e-20,1.0587959991453405e-20,1.0601114658647119e-20,1.0614269325840831e-20,1.0627423993034543e-20,1.0640578660228254e-20,1.0653733327421965e-20,1.0666887994615676e-20,1.068004266180939e-20,1.0693197329003101e-20,1.0706351996196815e-20,1.0719506663390525e-20,1.0732661330584239e-20,1.0745815997777953e-20,1.0758970664971662e-20,1.0772125332165373e-20,1.0785279999359084e-20,1.0798434666552798e-20,1.081158933374651e-20,1.0824744000940223e-20,1.0837898668133932e-20,1.0851053335327645e-20,1.0864208002521357e-20,1.087736266971507e-20,1.089051733690878e-20,1.0903672004102492e-20,1.0916826671296203e-20,1.0929981338489915e-20,1.0943136005683628e-20,1.0956290672877339e-20,1.0969445340071051e-20,1.0982600007264765e-20,1.0995754674458476e-20,1.1008909341652187e-20,1.1022064008845898e-20,1.1035218676039609e-20,1.1048373343233321e-20,1.106152801042703e-20,1.1074682677620743e-20,1.1087837344814453e-20,1.1100992012008164e-20,1.1114146679201876e-20,1.1127301346395587e-20,1.11404560135893e-20,1.1153610680783012e-20,1.1166765347976721e-20,1.1179920015170432e-20,1.1193074682364145e-20,1.1206229349557857e-20,1.1219384016751568e-20,1.123253868394528e-20,1.1245693351138993e-20,1.1258848018332706e-20,1.1272002685526417e-20,1.1285157352720129e-20,1.1298312019913838e-20,1.1311466687107552e-20,1.1324621354301262e-20,1.1337776021494976e-20,1.1350930688688685e-20,1.13640853558824e-20,1.1377240023076112e-20,1.1390394690269823e-20,1.1403549357463535e-20,1.1416704024657246e-20,1.1429858691850959e-20,1.1443013359044668e-20,1.1456168026238379e-20,1.146932269343209e-20,1.1482477360625804e-20,1.1495632027819513e-20,1.1508786695013227e-20,1.1521941362206938e-20,1.153509602940065e-20,1.1548250696594363e-20,1.1561405363788073e-20,1.1574560030981785e-20,1.1587714698175498e-20,1.1600869365369207e-20,1.1614024032562918e-20,1.1627178699756633e-20,1.1640333366950344e-20,1.1653488034144057e-20,1.1666642701337766e-20,1.167979736853148e-20,1.169295203572519e-20,1.1706106702918904e-20,1.1719261370112618e-20,1.173241603730633e-20,1.1745570704500041e-20,1.1758725371693754e-20,1.1771880038887465e-20,1.1785034706081177e-20,1.1798189373274888e-20,1.1811344040468603e-20,1.1824498707662313e-20,1.1837653374856025e-20,1.1850808042049736e-20,1.186396270924345e-20,1.187711737643716e-20,1.1890272043630872e-20,1.1903426710824585e-20,1.1916581378018299e-20,1.192973604521201e-20,1.1942890712405722e-20,1.1956045379599433e-20,1.1969200046793148e-20,1.1982354713986856e-20,1.1995509381180572e-20,1.2008664048374283e-20,1.2021818715567992e-20,1.2034973382761705e-20,1.2048128049955416e-20,1.206128271714913e-20,1.2074437384342839e-20,1.2087592051536555e-20,1.2100746718730266e-20,1.2113901385923978e-20,1.2127056053117687e-20,1.2140210720311398e-20,1.215336538750511e-20,1.2166520054698822e-20,1.2179674721892534e-20,1.2192829389086248e-20,1.2205984056279959e-20,1.2219138723473672e-20,1.2232293390667381e-20,1.2245448057861095e-20,1.2258602725054808e-20,1.2271757392248522e-20,1.2284912059442231e-20,1.2298066726635945e-20,1.2311221393829654e-20,1.2324376061023367e-20,1.2337530728217078e-20,1.2350685395410793e-20,1.2363840062604504e-20,1.2376994729798217e-20,1.239014939699193e-20,1.2403304064185643e-20,1.2416458731379351e-20,1.2429613398573064e-20,1.2442768065766778e-20,1.2455922732960487e-20,1.2469077400154201e-20,1.248223206734791e-20,1.2495386734541624e-20,1.2508541401735334e-20,1.2521696068929048e-20,1.253485073612276e-20,1.2548005403316476e-20,1.2561160070510187e-20,1.2574314737703896e-20,1.2587469404897607e-20,1.2600624072091317e-20,1.2613778739285028e-20,1.2626933406478743e-20,1.2640088073672451e-20,1.2653242740866162e-20,1.266639740805987e-20,1.2679552075253581e-20,1.269270674244729e-20,1.2705861409641004e-20,1.2719016076834717e-20,1.2732170744028429e-20,1.2745325411222137e-20,1.2758480078415848e-20,1.2771634745609556e-20,1.2784789412803268e-20,1.279794407999698e-20,1.2811098747190692e-20,1.2824253414384403e-20,1.2837408081578118e-20,1.285056274877183e-20,1.2863717415965539e-20,1.2876872083159248e-20,1.2890026750352965e-20,1.2903181417546678e-20,1.291633608474039e-20,1.2929490751934103e-20,1.2942645419127813e-20,1.2955800086321527e-20,1.2968954753515238e-20,1.2982109420708954e-20,1.2995264087902663e-20,1.3008418755096376e-20,1.3021573422290087e-20,1.3034728089483796e-20,1.3047882756677509e-20,1.3061037423871224e-20,1.3074192091064937e-20,1.3087346758258649e-20,1.3100501425452357e-20,1.311365609264607e-20,3.582694481929891e-08,7.234118344346057e-08,1.0953211913835243e-07,1.473962633469507e-07,1.8593558044469684e-07,2.2515624864399614e-07,2.650677387508428e-07,3.056821338203966e-07,3.4701363065855967e-07,3.890781779863913e-07,4.3189321714558067e-07,4.75477499620084e-07,5.198509622430525e-07,5.650346456255923e-07,6.110506452259839e-07,6.57922087180128e-07,7.05673123028112e-07,7.543289391913373e-07,8.039157778848937e-07,8.544609675091094e-07,9.059929606997583e-07,9.585413790615485e-07,1.0121370637691772e-06,1.0668121315853497e-06,1.122600036034963e-06,1.1795356336253287e-06,1.2376552551054874e-06,1.2969967819093929e-06,1.3575997279614882e-06,1.4195053271275467e-06,1.4827566266158042e-06,1.5473985867252588e-06,1.6134781873926477e-06,1.6810445420056824e-06,1.7501490190431737e-06,1.8208453722266542e-06,1.8931898796028865e-06,1.9672414926628886e-06,2.043061996018063e-06,2.1207161785459406e-06,2.2002720172189597e-06,2.2818008743607004e-06,2.365377709711096e-06,2.451081308582209e-06,2.5389945274495796e-06,2.6292045586004184e-06,2.7218032155992333e-06,2.8168872414735328e-06,2.9145586416530436e-06,3.0149250443060812e-06,3.1181000901704933e-06,3.22420385539077e-06,3.3333633100502513e-06,3.445712816390659e-06,3.5613946704561372e-06,3.680559691857567e-06,3.803367866355125e-06,3.92998904725827e-06,4.0606037216380665e-06,4.195403848549792e-06,4.334593777208849e-06,4.47839125409638e-06,4.627028529154155e-06,4.780753572495504e-06,4.939831414892239e-06,5.104545626148354e-06,5.275199949387652e-06,5.4521201091306835e-06,5.635655816060891e-06,5.8261829931938365e-06,6.024106252425581e-06,6.2298616546453225e-06,6.443919791986595e-06,6.666789235675705e-06,6.899020402188107e-06,7.141209896142402e-06,7.394005400293384e-06,7.658111193614543e-06,7.934294392910881e-06,8.223392030106893e-06,8.526319097407803e-06,8.844077716884362e-06,9.177767620371977e-06,9.528598161204971e-06,9.897902122924062e-06,1.028715164269651e-05,1.0697976634101703e-05,1.1132186172750267e-05,1.1591793410906307e-05,1.2079044709607463e-05,1.2596453837612813e-05,1.314684228098884e-05,1.3733386960501321e-05,1.4359676973202318e-05,1.5029781386913764e-05,1.574833064678263e-05,1.652061484520866e-05,1.7352703013150484e-05,1.8251588787698496e-05,1.9225369404427603e-05,2.028346710796535e-05,2.143690496923965e-05,2.2698653076592363e-05,2.4084066548934496e-05,2.5611444493090456e-05,2.7302749859335453e-05,2.9184545653382436e-05,3.12892254254972e-05,3.365664895287301e-05,3.633634324062149e-05,3.939050343365345e-05,4.289814292032679e-05,4.696092153744327e-05,5.1711467497437816e-05,5.732547521207475e-05,6.403963595887405e-05,7.217877171933844e-05,8.219781559253466e-05,9.474828416456279e-05,0.00011078607107309864,0.00013175031263680984,0.00015986621272165316,0.00019866425470142727,0.00025386751222885115,0.00033485435024536997,0.00045682861777874737,0.0006432561170969213,0.0009265917370413609,0.0013437140622323724,0.0019246192924831289,0.0026801906522592174,0.003598312043659367,0.004650537282733062,0.005803388810499872,0.0070279376749483825,0.008304970611013552,0.009625630775022561,0.010988611971763656,0.012395657650205788,0.01384714366179141,0.015339035626951433,0.016861886461938133,0.01840177896932722,0.019942431078264537,0.021467480517571753,0.022962258775493637,0.024414809685409797,0.025816229628372114,0.027160539471215644,0.028444300766023646,0.029666135405314598,0.030826247154592222,0.03192599557454464,0.03296754152067994,0.03395356562017088,0.034887052475397425,0.03577113013701483,0.03660895405277381,0.037403625753416436,0.03815813804180351,0.03887534002887231,0.03955791676538393,0.040208379421273616,0.040829062930128605,0.041422128780565545,0.04198957123591721,0.04253322571781887,0.04305477843531075,0.043555776606305927,0.044037638810251495,0.04450166515858754,0.04494904707586977,0.045380876561650164,0.04579815486100983,0.046201800510444334,0.04659265675360668,0.046971498341645455,0.0473390377436458,0.04769593079834407,0.04804278185185173,0.04838014841145456,0.04870854536156739,0.049028448778782326,0.04934029937407715,0.04964450561929487,0.049941446558176776,0.05023147435533932,0.050514916599539224,0.05079207838810727,0.05106324421318742,0.05132867967112523,0.051588633009832865,0.051822295217806125,0.0520723892252336,0.05231763892760049,0.052558236386768424,0.052794362569110055,0.053026187893131696,0.05325387292918079,0.053477569104379376,0.05369741936908093,0.053913558802297146,0.05412611517071762,0.05433520945132462,0.054540956300487026,0.05474346448006317,0.0549428372640786,0.055139172800596346,0.05533256445206195,0.05552310110381213,0.05571086745070826,0.05589594426161237,0.056078408624262964,0.05625833417049357,0.05643579128566804,0.05661084730234526,0.05678356668095287,0.056954011173131765,0.0571222399803119,0.057288309896635,0.05745227544159537,0.05761418898595502,0.057774100867533554,0.0579320595001977,0.058088111472838704,0.058242301647053976,0.058394673243721905,0.05854526792557716,0.058694125877230316,0.058841285871569726,0.05898678534649091,0.0591306604619165,0.05927294616278948,0.059413676235514905,0.05955288336069297,0.05969059916257869,0.05982685425728472,0.05996167829791139,0.060095100012320365,0.06022714724778056,0.06035784700642556,0.0604872254807145,0.06061530808628693,0.06074211949380126,0.060867683661421056,0.060992023859298486,0.06111516269979598,0.06123712216013739,0.06135792361123068,0.061477587833899366,0.061596135049110816,0.06171358493397578,0.06182995664227011,0.061945268823914865,0.062059539643606436,0.062172786795747066,0.06228502752445456,0.062396278636984166,0.06250655651925334,0.06261587715033187,0.06272425611795192,0.06283170862338605,0.06293824950798872,0.06304389325289082,0.06314865399803349,0.06325254554912782,0.06335558138960398,0.06345777469160613,0.06355913832323383,0.06365968486182375,0.06375942659876022,0.06385837555031833,0.06395654346692549,0.06405394183862684,0.06415058190420149,0.06424647465874377,0.06434163086038555,0.06443606103653082,0.06452977549202102,0.06462278431360659,0.06471509737746775,0.06480672435455502,0.06489767471617505,0.06498795774012193,0.06507758251511347,0.06516655794597678,0.06525489276016253,0.0653425955102535,0.06542967457979042,0.06551613818760667,0.06560199439204806,0.06568725109533895,0.06577191604756275,0.06585599684938064,0.06593950095849875,0.06602243568985935,0.06610480822260927,0.06618662560076782,0.06626789473885486,0.06634862242264798,0.06642881531439211,0.06650847995471006,0.06658762276603036,0.06666625005475081,0.06674436801543814,0.06682198273154474,0.06689910017934911,0.06697572623014834,0.0670518666529606,0.06712752711516726,0.06720271318780188,0.06727743034582606,0.06735168397047245,0.06742547935161858,0.06749882168995952,0.06757171609853892,0.06764416760551926,0.06771618115501374,0.06778776160970347,0.06785891375203236,0.06792964228716206,0.06799995184243982,0.0680698469711739,0.06813933215248656,0.06820841179636207,0.06827709024001521,0.06834537175282815,0.06841326053670538,0.06848076072831269,0.06854787639927927,0.06861461155821702,0.0686809701528094,0.06874695606614385,0.0688125731269984,0.06887782510352612,0.06894271570716211,0.06900724859355091,0.06907142736327355,0.06913525556371897,0.069198736689295,0.0692618741829797,0.069324671436592,0.06938713179327197,0.0694492585469896,0.06951105494395178,0.06957252418357986,0.06963366941967294,0.06969449376060821,0.06975500027050853,0.06981519197063812,0.06987507183946831,0.06993464281349755,0.06999390778845734,0.07005286961974597,0.07011153112340895,0.07016989507741776,0.07022796421920532,0.07028574125130656,0.07034322883853572,0.07040042961017899,0.07045734615983762,0.07051398104673248,0.07057033679508487,0.07062641589610928,0.07068222080811103,0.07073775395664379,0.07079301773706065,0.07084801451063506,0.07090274660922533,0.07095721633483093,0.07101142595918705,0.07106537772570293,0.07111907384865422,0.07117251651416225,0.07122570788016917,0.07127865007833421,0.07133134521278299,0.07138379536163908,0.07143600257679109,0.07148796888471735,0.07153969628705929,0.07159118676093984,0.07164244225871558,0.07169346470911275,0.07174425601743308,0.07179481806559017,0.07184515271367556,0.07189526179833872,0.07194514713406924,0.07199481051571983,0.07204425371472682,0.0720934784823627,0.07214248654901244,0.07219127962487337,0.07223985940014778,0.07228822754531762,0.0723363857115138,0.07238433553070459,0.07243207861641328,0.0724796165630094,0.0725269509456867,0.07257408332554885,0.07262101524220646,0.07266774821910656,0.07271428376247875,0.07276062336169399,0.07280676848952697,0.0728527206032091,0.07289848114194215,0.07294405152898914,0.0729894331738296,0.07303462746962286,0.0730732717780615,0.07311812035848234,0.07316278553898445,0.07320726865446102,0.07325157102476716,0.07329569395525111,0.07333963873730359,0.07338340664811772,0.07342699895282068,0.07347041690163701,0.07351366173208503,0.07355673466871208,0.0735996369236156,0.07364236969549223,0.07368493417132707,0.07372733152538279,0.0737695629200518,0.07381162950564436,0.07385353242117473,0.07389527279321959,0.07393685173693126,0.0739782703568954,0.07401952974583158,0.07406063098626221,0.07410157514920214,0.07414236329485845,0.07418299647323676,0.07422347572378186,0.07426380207559374,0.07430397654765511,0.0743440001487538,0.07438387387742373,0.07442359872427767,0.07446317566845576,0.07450260567989633,0.07454188971934284,0.07458102873760321,0.07462002367818656,0.07465887547375609,0.07469758504864525,0.07473615331847727,0.07477458118988611,0.07481286956121026,0.07485101932218273,0.07488903135434916,0.07492690653068834,0.07496464571615552,0.07500224976753382,0.0750397195338629,0.07507705585620454,0.07511425956783123,0.0751513314943744,0.07518827245387123,0.0752250832568719,0.07526176470629713,0.07529831759818058,0.07533474272147193,0.07537104085740616,0.07540721278030178,0.07544325925778078,0.07547918105045949,0.07551497891215862,0.07555065359111225,0.07558620582664606,0.07562163635268251,0.07565694589567558,0.07569213517686849,0.07572720491230144,0.07576215581039752,0.07579698857222097,0.07583170389487598,0.07586630246797674,0.07590078497533499,0.07593515209574739,0.0759694045023372,0.07600354286102488,0.07603756783278642,0.07607148007277914,0.07610528023086674,0.07613896895136434,0.07617254687290761,0.07620601462897521,0.07623937284757647,0.07627262215154178,0.07630576315847024,0.0763387964808075,0.07637172272633146,0.07640454249710842,0.07643725639028841,0.07646986499829361,0.07650236890867262,0.07653476870416166,0.07656706496273145,0.07659925825709267,0.07663134915638681,0.0766633382245934,0.07669522602112606,0.0767270131009872,0.07675870001448905,0.07679028730769331,0.07682177552223521,0.07685316519542347,0.0768844568603586,0.07691565104583646,0.07694674827641113,0.07697774907273935,0.07700865395094156,0.07703946342353529,0.07707017799888219,0.07710079818150116,0.07713132447162172,0.07716175736567596,0.0771920973563241,0.07722234493269825,0.07725250057980573,0.07728256477900677,0.07731253800792114,0.07734242074058885,0.0773722134473384,0.07740191659498584,0.07743153064757329,0.07746105606359313,0.07749049329997817,0.07751984280963355,0.07754910504197325,0.07757828044279245,0.07760736945527476,0.07763637251828448,0.07766529006828878,0.07769412253825336,0.077722870357869,0.07775153395365646,0.07778011374918367,0.07780861016448232,0.07783702361685704,0.07786535452056935,0.07789360328656948,0.07792177032292188,0.07794985603506262,0.07797786082511116,0.0780057850923883,0.0780336292333478,0.07806139364156056,0.0780890787078363,0.07811668482011193,0.0781442123636108,0.07817166172084962,0.07819903327151972,0.07822632739268652,0.07825354445871524,0.07828068484134641,0.07830774890969355,0.07833473703029024,0.07836164956709082,0.07838848688151794,0.07841524933244358,0.07844193727629446,0.07846855106701439,0.07849509105608464,0.07852155759251422,0.07854795102289241,0.0785742716915094,0.07860051994024882,0.07862669610866702,0.07865280053399167,0.0786788335511777,0.07870479549302672,0.07873068668947576,0.07875650746921513,0.07878225815796297,0.07880793907909081,0.07883355055468988,0.0788590929039961,0.07888456644419065,0.07890997149045274,0.07893530835591547,0.07896057735185746,0.07898577878652041,0.07901091296704488,0.07903598019829877,0.07906098078310529,0.07908591502224893,0.07911078321468783,0.0791355856572648,0.07916032264493927,0.07918499447074762,0.07920960142581415,0.07923414379935063,0.07925862187878326,0.07928303594961333,0.07930738629548002,0.07933167319827897,0.07935589693793266,0.0793800577926882,0.07940415603913503,0.07942819195169938,0.07945216580359853,0.07947607786596617,0.07949992840814533,0.0795237176980932,0.07954744600196516,0.0795711135840653,0.0795947207070446,0.0796182676325596,0.07964175461952677,0.07966518192581507,0.07968854980771647,0.07971185851975614,0.07973510831518779,0.07975829944570022,0.07978143216100197,0.07980450670920057,0.07982752333743443,0.07985048229104455,0.07987338381387604,0.07989622814828146,0.07991901553513771,0.07994174621381246,0.07996442042226136,0.07998703839702123,0.0800096003731279,0.08003210658422605,0.08005455726243381,0.08007695263870032,0.08009929294247158,0.08012157840181516,0.08014380924343212,0.08016598569267179,0.08018810797353772,0.08021017630869914,0.08023219091950246,0.08025415202598138,0.0802760598469977,0.08029791459981298,0.08031971650064215,0.08034146576434596,0.08036316260458021,0.0803848072336927,0.08040639986281903,0.08042794070185567,0.08044942995948255,0.0804708678431499,0.08049225455911578,0.08051359031244056,0.08053487530699853,0.08055610974548763,0.08057729382943712,0.08059842775921837,0.08061951173405241,0.08064054595201937,0.08066153061006733,0.08068246590401912,0.0807033520285826,0.08072418917735907,0.08074497754285068,0.08076571731646956,0.0807864086885488,0.08080705184833799,0.08082764698402821,0.08084819428274317,0.08086869393057568,0.08088914611258699,0.08090955101262844,0.08092990881418703,0.08095021969884786,0.08097048384755458,0.08099070144020172,0.08101087265577966,0.0810309976722474,0.08105107666657249,0.08107110981477111,0.08109109729185528,0.08111103927154416,0.08113093592737569,0.08115078743148291,0.08117059395505528,0.08119035566838567,0.08121007274084041,0.08122974534076371,0.08124937363579607,0.08126895779256783,0.08128849797689583,0.08130799435343018,0.08132744708620737,0.08134685633838792,0.08136622227209642,0.08138554504872567,0.08140482482853721,0.08142406177106547,0.08144325603540549,0.08146240777921143,0.08148151715952512,0.08150058433280474,0.08151960945434321,0.08153859267869903,0.08155753415967508,0.08157643405028674,0.08159529250263718,0.08161410966807521,0.08163288569722364,0.08165162073983674,0.08167031494492685,0.08168896846072307,0.08170758143466003,0.08172615401343249,0.08174468634297417,0.08176317856845898,0.08178163083431125,0.08180004328420966,0.08181841606110425,0.08183674930732597,0.0818550431639135,0.08187329777207475,0.08189151327164423,0.08190968980203127,0.08192782750176712,0.0819459265087823,0.08196398696025153,0.08198200899270305,0.08199999274193873,0.08201793834308328,0.08203584593058003,0.08205371563819562,0.08207154759902283,0.08208934194548732,0.08210709880935,0.08212481832171321,0.08214250061302161,0.08216014581306334,0.08217775405099595,0.08219532545532492,0.082212860153918,0.08223035827400095,0.08224781994217333,0.0822652452844593,0.0822826344261811,0.08229998749207611,0.08231730460627297,0.0823345858922882,0.08235183147302948,0.08236904147080977,0.08238621600734068,0.08240335520373963,0.08242045918053421,0.08243752805766556,0.08245456195449241,0.08247156098979917,0.0824885252817819,0.08250545494807841,0.08252235010575458,0.08253921087130754,0.08255603736068716,0.08257282968927332,0.08258958797189668,0.08260631232283802,0.08262300285583174,0.08263965968407097,0.08265628292020573,0.08267287267634972,0.082689429064091,0.082705952194432,0.08272244217799421,0.08273889912473287,0.08275532314413388,0.08277171434516599,0.08278807283627251,0.08280439872542146,0.08282069212004001,0.08283695312706027,0.08285318185285998,0.08286937840349416,0.08288554288425355,0.08290167540027207,0.0829177760558658,0.08293384495512462,0.08294988220148689,0.08296588789800748,0.08298186214714699,0.08299780505100995,0.08301371671119119,0.0830295972288234,0.08304544670455591,0.08306126523859532,0.08307705293068182,0.08309280988009969,0.08310853618567826,0.0831242319458036,0.08313989725839002,0.08315553222094058,0.08317113693048477,0.08318671148363281,0.08320225597653216,0.08321777050497382,0.08323325516413888,0.08324871004895541,0.08326413525386409,0.08327953087288839,0.08329489699961895,0.08331023372720833,0.08332554114841925,0.08334081935559592,0.08335606844066062,0.08337128849512976,0.08338647961011161,0.08340164187631195,0.0834167753840307,0.08343188022316599,0.08344695648322298,0.08346200425327903,0.08347702362210387,0.08349201467798996,0.08350697750887125,0.08352191220235437,0.08353681884540301,0.08355169752504245,0.08356654832752267,0.0835813713389042,0.08359616664483761,0.08361093433058954,0.08362567448106539,0.08364038718079177,0.08365507251393169,0.08366973056428106,0.08368436141527334,0.08369896515000279,0.0837135418511626,0.08372809160112502,0.08374261448189163,0.08375711057511404,0.0837715799620932,0.08378602272378013,0.08380043894078085,0.08381482869335603,0.08382919206142524,0.08384352912456117,0.08385783996194392,0.08387212465259443,0.08388638327501427,0.08390061590743518,0.08391482262775697,0.08392900351354947,0.08394315864205475,0.08395728809018826,0.08397139193453948,0.08398547025138364,0.0839995231166618,0.0840135506060065,0.08402755279473671,0.0840415297578436,0.08405548157001072,0.08406940830560251,0.08408331003868721,0.08409718684301148,0.08411103879201742,0.08412486595885701,0.08413866841635982,0.08415244623706247,0.08416619949319841,0.08417992825670217,0.08419363259927579,0.0842073125922493,0.08422096830651495,0.08423459981293847,0.08424820718196734,0.08426179048380097,0.08427534978833812,0.08428888516517458,0.08430239668362716,0.08431588441273175,0.08432934842124527,0.0843427887776434,0.08435620555015329,0.0843695988066072,0.08438296861476534,0.08439631504191525,0.08440963815517814,0.08442293802138924,0.08443621470710408,0.08444946827860086,0.08446269880191001,0.08447590634278847,0.084489090966734,0.08450225273897069,0.08451539172446973,0.08452850798793607,0.08454160159383237,0.08455467260634993,0.08456772108942354,0.08458074710673703,0.08459375072172591,0.08460673199755925,0.08461969099717051,0.08463262778322976,0.08464554241817598,0.08465843496419367,0.0846713054832218,0.08468415403695541,0.08469698068684675,0.08470978549410633,0.08472256851970558,0.08473532982437344,0.08474806946860433,0.08476078751265476,0.08477348401654725,0.08478615904006795,0.08479881264276865,0.0848114448839756,0.08482405582277515,0.0848366455180318,0.0848492140283794,0.084861761412224,0.08487428772774588,0.08488679303290078,0.08489927738542002,0.08491174084281507,0.08492418346237779,0.08493660530116369,0.0849490064160238,0.08496138686359343,0.08497374670027587,0.08498608598227855,0.08499840476557656,0.08501070310594244,0.0850229810589316,0.0850352386798809,0.08504747602392905,0.08505969314599672,0.08507189010082968,0.08508406694287553,0.08509622372646496,0.08510836050569325,0.0851204773344511,0.08513257426642602,0.08514465135510274,0.08515670865376516,0.08516874621549898,0.08518076409318151,0.08519276233950095,0.08520474100694471,0.08521670014780389,0.08522863981417128,0.0852405600579525,0.08525246093085212,0.0852643424843845,0.08527620476987206,0.08528804783844637,0.08529987174104926,0.08531167652843312,0.0853234622511626,0.08533522895961489,0.0853469767039811,0.08535870553426679,0.08537041550029303,0.0853821066516973,0.08539377903793434,0.0854054327082771,0.0854170677118173,0.08542868409746691,0.08544028191395833,0.0854518612098456,0.08546342203350638,0.08547496443313829,0.08548648845676826,0.08549799415224299,0.0855094815672381,0.08552095074925177,0.08553240174561581,0.08554383460348983,0.08555524936985442,0.0855666460915291,0.08557802481516008,0.08558938558722798,0.08560072845404099,0.08561205346174273,0.0856233606563091,0.08563465008355499,0.08564592178912715,0.08565717581850937,0.08566841221702233,0.08567963102982437,0.08569083230191236,0.08570201607812238,0.08571318240313039,0.08572433132145466,0.08573546287744993,0.08574657711531854,0.08575767407909948,0.08576875381268396,0.08576879870443027,0.08576881487865166,0.08576882099157004,0.08576882357854157,0.08576882492921627,0.08576882584575883,0.08576882660919614,0.08576882731797743,0.08576882800658771,0.08576882868710321,0.08576882936374956,0.0857688300380022,0.08576883071037333,0.08576883138103776,0.08576883205005224,0.08576883271743248,0.08576883338317985,0.08576883404729081,0.08576883470976028,0.08576883537058284,0.08576883602975309,0.08576883668726565,0.08576883734311541,0.08576883799729759,0.08576883864980751,0.08576883930064066,0.08576883994979294,0.0857688405972602,0.08576884124303874,0.08576884188712507,0.08576884252951575,0.08576884317020766,0.0857688438091979,0.08576884444648374,0.08576884508206271,0.08576884571593248,0.08576884634809093,0.08576884697853622,0.08576884760726666,0.08576884823428076,0.0857688488595772,0.08576884948315508,0.08576885010501327,0.08576885072515114,0.08576885134356818,0.08576885196026393,0.08576885257523834,0.08576885318849155,0.08576885380002369,0.08576885440983517,0.08576885501792657,0.08576885562429862,0.08576885622895229,0.08576885683188873,0.08576885743310914,0.08576885803261491,0.08576885863040772,0.08576885922648929,0.08576885982086149,0.08576886041352653,0.08576886100448644,0.0857688615937438,0.085768862181301,0.08576886276716082,0.0857688633513261,0.08576886393379968,0.08576886451458475,0.08576886509368452,0.08576886567110242,0.08576886624684193,0.08576886682090679,0.0857688673933007,0.08576886796402748,0.08576886853309129,0.08576886910049629,0.08576886966624679,0.08576887023034704,0.08576887079280167,0.08576887135361508,0.08576887191279219,0.08576887247033772,0.08576887302625673,0.0857688735805542,0.08576887413323522,0.08576887468430512,0.08576887523376929,0.08576887578163309,0.08576887632790196,0.08576887687258172,0.08576887741567793,0.08576887795719647,0.08576887849714313,0.0857688790355239,0.08576887957234484,0.08576888010761217,0.08576888064133181,0.08576888117351021,0.08576888170415362,0.08576888223326849,0.08576888276086132,0.0857688832869386,0.08576888381150707,0.08576888433457305,0.08576888485614347,0.08576888537622505,0.08576888589482468,0.0857688864119492,0.08576888692760556,0.08576888744180075,0.08576888795454178,0.0857688884658357,0.08576888897568967,0.08576888948411081,0.08576888999110636,0.08576889049668351,0.08576889100084965,0.08576889150361194,0.08576889200497788,0.08576889250495466,0.08576889300354983,0.08576889350077077,0.08576889399662499,0.08576889449111989,0.08576889498426307,0.08576889547606208,0.08576889596652441,0.08576889645565766,0.08576889694346944,0.08576889742996731,0.08576889791515897,0.08576889839905202,0.08576889888165412,0.08576889936297297,0.08576889984301601,0.08576890032179127,0.0857689007993063,0.08576890127556878,0.0857689017505864,0.0857689022243669,0.08576890269691799,0.08576890316824734,0.08576890363836268,0.08576890410727171,0.08576890457498211,0.0857689050415017,0.08576890550683805,0.08576890597099891,0.08576890643399196,0.08576890689582493,0.08576890735650546,0.08576890781604116,0.0857689082744397,0.08576890873170878,0.08576890918785603,0.08576890964288893,0.08576891009681528,0.08576891054964261,0.08576891100137847,0.0857689114520304,0.08576891190160604,0.08576891235011279,0.08576891279755824,0.08576891324394988,0.08576891368929518,0.08576891413360153,0.08576891457687635,0.08576891501912717,0.08576891546036125,0.08576891590058602,0.08576891633980888,0.08576891677803705,0.08576891721527781,0.08576891765153849,0.08576891808682627,0.08576891852114839,0.08576891895451197,0.08576891938692432,0.08576891981839242,0.08576892024892352,0.0857689206785245,0.08576892110720262,0.08576892153496478,0.08576892196181794,0.0857689223877691,0.08576892281282526,0.08576892323699319,0.08576892366027987,0.085768924082692,0.08576892450423657,0.08576892492492012,0.08576892534474949,0.0857689257637314,0.08576892618187246,0.08576892659917941,0.0857689270156588,0.08576892743131713,0.08576892784616104,0.08576892826019694,0.08576892867343139,0.08576892908587076,0.08576892949752142,0.0857689299083898,0.08576893031848215,0.08576893072780488,0.0857689311363641,0.08576893154416612,0.0857689319512172,0.08576893235752318,0.08576893276309049,0.08576893316792507,0.08576893357203294,0.08576893397542001,0.08576893437809242,0.0857689347800562,0.085768935181317,0.08576893558188077,0.08576893598175332,0.08576893638094038,0.08576893677944777,0.0857689371772812,0.08576893757444629,0.08576893797094866,0.08576893836679392,0.08576893876198775,0.08576893915653545,0.08576893955044272,0.0857689399437149,0.08576894033635743,0.08576894072837567,0.0857689411197749,0.0857689415105605,0.08576894190073768,0.08576894229031178,0.08576894267928785,0.08576894306767113,0.08576894345546675,0.08576894384267966,0.08576894422931511,0.08576894461537793,0.08576894500087316,0.08576894538580576,0.08576894577018059,0.08576894615400255,0.0857689465372764,0.08576894692000707,0.08576894730219924,0.08576894768385761,0.08576894806498686,0.08576894844559163,0.0857689488256767,0.08576894920524644,0.08576894958430545,0.0857689499628583,0.08576895034090948,0.08576895071846331,0.08576895109552424,0.08576895147209683,0.08576895184818513,0.08576895222379366,0.08576895259892657,0.08576895297358819,0.08576895334778258,0.08576895372151404,0.0857689540947867,0.08576895446760456,0.08576895483997181,0.0857689552118924,0.08576895558337047,0.08576895595440993,0.08576895632501452,0.08576895669518834,0.08576895706493526,0.08576895743425918,0.08576895780316367,0.0857689581716528,0.0857689585397302,0.08576895890739954,0.08576895927466457,0.085768959641529,0.08576896000799641,0.0857689603740703,0.08576896073975411,0.08576896110505172,0.08576896146996658,0.08576896183450207,0.08576896219866165,0.08576896256244881,0.0857689629258668,0.085768963288919,0.08576896365160877,0.08576896401393959,0.08576896437591447,0.0857689647375368,0.08576896509880969,0.08576896545973646,0.0857689658203201,0.08576896618056383,0.08576896654047085,0.08576896690004408,0.08576896725928677,0.08576896761820173,0.08576896797679195,0.08576896833506059,0.08576896869301051,0.08576896905064463,0.08576896940796601,0.0857689697649773,0.08576897012168126,0.08576897047808087,0.08576897083417886,0.08576897118997807,0.08576897154548115,0.08576897190069092,0.08576897225560998,0.08576897261024105,0.08576897296458676,0.08576897331864969,0.08576897367243251,0.08576897402593778,0.08576897437916801,0.08576897473212577,0.08576897508481351,0.08576897543723372,0.0857689757893889,0.08576897614128151,0.08576897649291383,0.08576897684428839,0.08576897719540749,0.0857689775462735,0.08576897789688874,0.08576897824725552,0.08576897859737614,0.0857689789472528,0.08576897929688775,0.08576897964628326,0.08576897999544149,0.08576898034436457,0.08576898069305479,0.08576898104151418,0.08576898138974491,0.08576898173774906,0.08576898208552877,0.08576898243308595,0.08576898278042278,0.08576898312754112,0.08576898347444316,0.08576898382113081,0.08576898416760603,0.0857689845138707,0.08576898485992687,0.08576898520577636,0.08576898555142097,0.08576898589686272,0.08576898624210343,0.08576898658714492,0.085768986931989,0.08576898727663751,0.08576898762109224,0.08576898796535493,0.0857689883094274,0.08576898865331131,0.0857689889970084,0.08576898934052035,0.0857689896838489,0.08576899002699559,0.08576899036996224,0.08576899071275033,0.08576899105536162,0.08576899139779762,0.08576899174005996,0.08576899208215015,0.08576899242406992,0.08576899276582055,0.08576899310740378,0.08576899344882107,0.08576899379007384,0.08576899413116365,0.08576899447209196,0.08576899481286027,0.08576899515346993,0.0857689954939225,0.08576899583421925,0.08576899617436162,0.08576899651435108,0.08576899685418891,0.08576899719387651,0.08576899753341517,0.08576899787280631,0.0857689982120512,0.08576899855115118,0.0857689988901075,0.08576899922892145,0.08576899956759433,0.0857689999061274,0.0857690002445218,0.08576900058277893,0.08576900092089988,0.08576900125888594,0.08576900159673828,0.08576900193445802,0.0857690022720464,0.08576900260950454,0.08576900294683365,0.08576900328403482,0.08576900362110919,0.08576900395805785,0.08576900429488198,0.08576900463158255,0.08576900496816077,0.08576900530461763,0.08576900564095424,0.08576900597717162,0.08576900631327088,0.08576900664925295,0.08576900698511891,0.08576900732086974,0.08576900765650641,0.08576900799202998,0.08576900832744142,0.08576900866274165,0.08576900899793165,0.08576900933301244,0.0857690096679849,0.08576901000284987,0.0857690103376084,0.08576901067226142,0.08576901100680975,0.08576901134125449,0.08576901167559638,0.0857690120098361,0.08576901234397485,0.08576901267801337,0.08576901301195226,0.08576901334579264,0.08576901367953518,0.08576901401318085,0.08576901434673043,0.08576901468018472,0.08576901501354459,0.08576901534681068,0.08576901567998384,0.08576901601306494,0.0857690163460547,0.08576901667895388,0.08576901701176315,0.08576901734448333,0.0857690176771152,0.0857690180096594,0.0857690183421168,0.08576901867448794,0.08576901900677364,0.0857690193389745,0.08576901967109134,0.08576902000312477,0.08576902033507551,0.08576902066694418,0.08576902099873152,0.08576902133043819,0.08576902166206476,0.08576902199361196,0.08576902232508037,0.08576902265647064,0.08576902298778344,0.08576902331901937,0.08576902365017898,0.085769023981263,0.0857690243122719,0.08576902464320638,0.085769024974067,0.08576902530485428,0.08576902563556886,0.08576902596621132,0.08576902629678218,0.08576902662728203,0.08576902695771146,0.08576902728807097,0.08576902761836148,0.08576902794858306,0.08576902827873635,0.08576902860882189,0.08576902893884016,0.08576902926879183,0.08576902959867733,0.08576902992849714,0.08576903025825175,0.08576903058794169,0.08576903091756742,0.08576903124712948,0.08576903157662832,0.08576903190606452,0.08576903223543834,0.08576903256475037,0.08576903289400103,0.08576903322319081,0.08576903355232013,0.08576903388138948,0.08576903421039936,0.08576903453934992,0.08576903486824183,0.08576903519707563,0.08576903552585179,0.08576903585457045,0.08576903618323212,0.08576903651183723,0.08576903684038623,0.0857690371688795,0.08576903749731743,0.08576903782570035,0.08576903815402878,0.08576903848230305,0.08576903881052356,0.0857690391386906,0.08576903946680468,0.08576903979486636,0.08576904012287555,0.08576904045083278,0.08576904077873852,0.08576904110659306,0.08576904143439674,0.08576904176215001,0.08576904208985325,0.08576904241750649,0.08576904274511032,0.085769043072665,0.08576904340017093,0.0857690437276284,0.08576904405503773,0.08576904438239923,0.08576904470971328,0.08576904503698014,0.08576904536420017,0.08576904569137364,0.08576904601850081,0.08576904634558215,0.08576904667261785,0.08576904699960816,0.08576904732655345,0.08576904765345394,0.08576904798031001,0.08576904830712191,0.08576904863388989,0.08576904896061432,0.08576904928729534,0.08576904961393336,0.08576904994052852,0.08576905026708122,0.08576905059359156,0.08576905092006,0.08576905124648672,0.0857690515728719,0.08576905189921613,0.0857690522255191,0.08576905255178142,0.08576905287800331,0.08576905320418486,0.0857690535303265,0.08576905385642838,0.08576905418249077,0.08576905450851388,0.08576905483449794,0.0857690551604433,0.08576905548634997,0.08576905581221829,0.08576905613804843,0.08576905646384105,0.0857690567895958,0.0857690571153129,0.08576905744099277,0.08576905776663553,0.08576905809224157,0.08576905841781088,0.08576905874334383,0.08576905906884075,0.08576905939430161,0.0857690597197264,0.0857690600451156,0.08576906037046939,0.08576906069578825,0.08576906102107174,0.08576906134632038,0.08576906167153435,0.0857690619967138,0.08576906232185906,0.08576906264697017,0.08576906297204728,0.08576906329709066,0.08576906362210045,0.08576906394707688,0.08576906427202002,0.08576906459693014,0.08576906492180732,0.08576906524665191,0.08576906557146385,0.08576906589624333,0.08576906622099066,0.08576906654570593,0.08576906687038925,0.08576906719504082,0.08576906751966074,0.08576906784424927,0.0857690681688065,0.08576906849333257,0.08576906881782766,0.08576906914229185,0.08576906946672538,0.08576906979112837,0.08576907011550096,0.08576907043984323,0.0857690707641554,0.0857690710884376,0.08576907141268997,0.0857690717369126,0.08576907206110565,0.08576907238526923,0.08576907270940354,0.08576907303350872,0.08576907335758475,0.08576907368163189,0.08576907400565033,0.08576907432963997,0.08576907465360115,0.08576907497753389,0.08576907530143829,0.08576907562531459,0.08576907594916276,0.08576907627298304,0.08576907659677553,0.08576907692054031,0.0857690772442774,0.08576907756798705,0.08576907789166938,0.08576907821532441,0.08576907853895234,0.08576907886255322,0.08576907918612715,0.08576907950967433,0.08576907983319482,0.08576908015668852,0.08576908048015576,0.08576908080359665,0.08576908112701125,0.08576908145039963,0.08576908177376194,0.08576908209709826,0.08576908242040852,0.08576908274369305,0.08576908306695179,0.08576908339018507,0.08576908371339283,0.08576908403657516,0.0857690843597322,0.08576908468286398,0.08576908500597055,0.08576908532905209,0.08576908565210847,0.08576908597514016,0.08576908629814699,0.08576908662112946,0.08576908694408691,0.08576908726701989,0.08576908758992839,0.08576908791281249,0.08576908823567225,0.08576908855850769,0.0857690888813192,0.08576908920410656,0.08576908952686997,0.08576908984960946,0.08576909017232512,0.08576909049501703,0.08576909081768527,0.08576909114032984,0.08576909146295103,0.08576909178554872,0.08576909210812303,0.08576909243067403,0.08576909275320178,0.08576909307570632,0.0857690933981878,0.08576909372064624,0.08576909404308171,0.08576909436549426,0.08576909468788403,0.08576909501025101,0.08576909533259529,0.08576909565491693,0.085769095977216,0.08576909629949259,0.08576909662174671,0.08576909694397844,0.08576909726618785,0.08576909758837503,0.08576909791053995,0.08576909823268276,0.08576909855480352,0.08576909887690226,0.08576909919897906,0.08576909952103397,0.08576909984306695,0.08576910016507809,0.08576910048706751,0.08576910080903533,0.08576910113098148,0.08576910145290616,0.08576910177480937,0.08576910209669099,0.08576910241855128,0.08576910274039033,0.08576910306220793,0.08576910338400423,0.08576910370577931,0.08576910402753321,0.0857691043492661,0.08576910467097791,0.08576910499266867,0.08576910531433847,0.08576910563598737,0.08576910595761536,0.0857691062792226,0.08576910660080905,0.08576910692237481,0.08576910724391983,0.08576910756544423,0.08576910788694807,0.08576910820843135,0.0857691085298942,0.0857691088513365,0.08576910917275846,0.08576910949416004,0.08576910981554131,0.08576911013690224,0.08576911045824279,0.08576911077956333,0.08576911110086369,0.08576911142214387,0.08576911174340396,0.08576911206464422,0.08576911238586404,0.08576911270706411,0.08576911302824426,0.08576911334940458,0.08576911367054502,0.08576911399166577,0.08576911431276661,0.08576911463384775,0.0857691149549091,0.08576911527595084,0.08576911559697298,0.08576911591797572,0.08576911623895864,0.08576911655992193,0.08576911688086583,0.08576911720179027,0.08576911752269525,0.08576911784358088,0.08576911816444711,0.085769118485294,0.08576911880612163,0.08576911912693,0.08576911944771902,0.08576911976848894,0.08576912008923965,0.08576912040997127,0.08576912073068368,0.0857691210513771,0.08576912137205146,0.08576912169270685,0.08576912201334337,0.08576912233396077,0.08576912265455926,0.08576912297513883,0.08576912329569965,0.08576912361624156,0.08576912393676463,0.08576912425726885,0.08576912457775436,0.08576912489822112,0.08576912521866917,0.08576912553909855,0.0857691258595093,0.08576912617990137,0.0857691265002749,0.08576912682062986,0.08576912714096621,0.08576912746128407,0.08576912778158337,0.08576912810186424,0.08576912842212664,0.0857691287423706,0.0857691290625962,0.08576912938280339,0.0857691297029922,0.08576913002316272,0.08576913034331492,0.08576913066344884,0.0857691309835645,0.08576913130366191,0.08576913162374114,0.08576913194380212,0.08576913226384496,0.08576913258386965,0.08576913290387621,0.08576913322386459,0.085769133543835,0.08576913386378728,0.08576913418372158,0.08576913450363781,0.08576913482353606,0.08576913514341632,0.08576913546327856,0.08576913578312295,0.08576913610294937,0.08576913642275792,0.08576913674254859,0.08576913706232135,0.0857691373820763,0.08576913770181346,0.08576913802153274,0.0857691383412343,0.08576913866091809,0.0857691389805841,0.08576913930023239,0.08576913961986293,0.08576913993947584,0.08576914025907106,0.08576914057864862,0.08576914089820852,0.08576914121775078,0.08576914153727545,0.08576914185678258,0.08576914217627209,0.08576914249574405,0.08576914281519844,0.08576914313463539,0.08576914345405481,0.08576914377345672,0.08576914409284114,0.08576914441220819,0.08576914473155774,0.08576914505088987,0.08576914537020498,0.0857691456895028,0.08576914600878308,0.08576914632804603,0.08576914664729154,0.08576914696652,0.08576914728573058,0.08576914760492386,0.08576914792409986,0.08576914824325856,0.08576914856240005,0.08576914888152427,0.08576914920063128,0.08576914951972102,0.08576914983879363,0.08576915015784906,0.08576915047688728,0.08576915079590829,0.08576915111491222,0.08576915143389896,0.0857691517528689,0.08576915207182147,0.08576915239075694,0.08576915270967532,0.08576915302857666,0.08576915334746094,0.08576915366632815,0.08576915398517834,0.0857691543040115,0.08576915462282766,0.0857691549416269,0.08576915526040908,0.08576915557917446,0.08576915589792278,0.08576915621665414,0.08576915653536854,0.08576915685406604,0.08576915717274668,0.08576915749141038,0.08576915781005721,0.08576915812868721,0.08576915844730033,0.08576915876589654,0.08576915908447598,0.08576915940303859,0.08576915972158436,0.08576916004011335,0.08576916035862599,0.08576916067712119,0.0857691609955998,0.08576916131406168,0.08576916163250684,0.08576916195093526,0.08576916226934694,0.08576916258774192,0.0857691629061201,0.08576916322448139,0.08576916354282615,0.08576916386115434,0.08576916417946583,0.08576916449776072,0.08576916481603906,0.08576916513430069,0.08576916545254565,0.08576916577077387,0.08576916608898577,0.08576916640718087,0.0857691667253595,0.08576916704352147,0.08576916736166688,0.08576916767979575,0.08576916799790814,0.08576916831600394,0.08576916863408314,0.08576916895214594,0.08576916927019217,0.0857691695882219,0.08576916990623504,0.08576917022423176,0.08576917054221202,0.08576917086017599,0.0857691711781234,0.08576917149605434,0.08576917181396883,0.08576917213186688,0.0857691724497485,0.08576917276761364,0.08576917308546245,0.08576917340329482,0.08576917372111086,0.0857691740389105,0.08576917435669372,0.08576917467446064,0.0857691749922112,0.08576917530994542,0.08576917562766326,0.08576917594536476,0.08576917626304999,0.0857691765807189,0.08576917689837149,0.08576917721600777,0.08576917753362778,0.0857691778512315,0.08576917816881892,0.08576917848639008,0.08576917880394498,0.08576917912148369,0.08576917943900607,0.08576917975651228,0.0857691800740022,0.08576918039147596,0.08576918070893347,0.08576918102637479,0.08576918134379988,0.08576918166120884,0.0857691819786015,0.08576918229597809,0.08576918261333845,0.0857691829306827,0.08576918324801075,0.08576918356532265,0.08576918388261841,0.08576918419989805,0.0857691845171616,0.08576918483440898,0.08576918515164023,0.08576918546885551,0.08576918578605455,0.08576918610323765,0.08576918642040451,0.08576918673755532,0.08576918705469022,0.08576918737180889,0.08576918768891151,0.08576918800599807,0.08576918832306855,0.08576918864012305,0.08576918895716147,0.08576918927418385,0.08576918959119027,0.08576918990818062,0.08576919022515501,0.08576919054211339,0.08576919085905575,0.08576919117598213,0.08576919149289254,0.08576919180978694,0.0857691921266654,0.08576919244352789,0.08576919276037442,0.08576919307720501,0.08576919339401967,0.08576919371081836,0.08576919402760112,0.08576919434436793,0.08576919466111887,0.08576919497785379,0.08576919529457287,0.08576919561127609,0.08576919592796335,0.08576919624463482,0.08576919656129035,0.08576919687793,0.08576919719455378,0.08576919751116165,0.08576919782775372,0.08576919814432991,0.0857691984608903,0.08576919877743475,0.08576919909396338,0.08576919941047624,0.08576919972697322,0.08576920004345441,0.08576920035991979,0.08576920067636934,0.0857692009928031,0.08576920130922104,0.08576920162562324,0.08576920194200957,0.0857692022583802,0.085769202574735,0.08576920289107404,0.08576920320739728,0.08576920352370485,0.08576920383999663,0.08576920415627262,0.08576920447253292,0.08576920478877743,0.0857692051050062,0.0857692054212193,0.08576920573741659,0.08576920605359828,0.08576920636976419,0.08576920668591444,0.08576920700204894,0.08576920731816773,0.08576920763427084,0.08576920795035824,0.08576920826643,0.08576920858248606,0.08576920889852643,0.0857692092145512,0.08576920953056025,0.08576920984655363,0.08576921016253139,0.0857692104784935,0.08576921079443996,0.08576921111037084,0.085769211426286,0.08576921174218562,0.08576921205806962,0.08576921237393796,0.08576921268979071,0.08576921300562783,0.08576921332144936,0.08576921363725533,0.08576921395304568,0.08576921426882042,0.0857692145845796,0.08576921490032326,0.08576921521605126,0.08576921553176368,0.0857692158474606,0.08576921616314194,0.08576921647880775,0.08576921679445801,0.08576921711009271,0.08576921742571185,0.08576921774131549,0.08576921805690357,0.08576921837247617,0.0857692186880332,0.0857692190035748,0.08576921931910086,0.08576921963461137,0.08576921995010643,0.08576922026558596,0.08576922058105,0.08576922089649858,0.08576922121193162,0.08576922152734925,0.08576922184275138,0.08576922215813804,0.08576922247350927,0.08576922278886502,0.08576922310420533,0.08576922341953018,0.08576922373483954,0.08576922405013351,0.08576922436541198,0.08576922468067509,0.08576922499592271,0.08576922531115493,0.08576922562637171,0.0857692259415731,0.08576922625675908,0.08576922657192966,0.08576922688708481,0.0857692272022246,0.08576922751734897,0.08576922783245795,0.08576922814755156,0.08576922846262981,0.08576922877769264,0.08576922909274017,0.08576922940777229,0.0857692297227891,0.08576923003779048,0.08576923035277655,0.0857692306677473,0.08576923098270263,0.08576923129764266,0.08576923161256741,0.08576923192747674,0.08576923224237079,0.08576923255724948,0.08576923287211292,0.08576923318696103,0.08576923350179379,0.08576923381661126,0.08576923413141341,0.08576923444620031,0.08576923476097188,0.08576923507572823,0.08576923539046921,0.08576923570519496,0.08576923601990542,0.08576923633460058,0.08576923664928052,0.08576923696394519,0.08576923727859463,0.08576923759322877,0.08576923790784766,0.08576923822245135,0.08576923853703972,0.08576923885161293,0.08576923916617084,0.08576923948071355,0.08576923979524112,0.08576924010975336,0.08576924042425042,0.0857692407387323,0.08576924105319896,0.08576924136765027,0.08576924168208659,0.08576924199650772,0.08576924231091318,0.0857692426253039,0.08576924293967955,0.08576924325403963,0.08576924356838461,0.08576924388271467,0.08576924419702943,0.08576924451132885,0.08576924482561335,0.08576924513988268,0.08576924545413689,0.08576924576837591,0.08576924608259981,0.08576924639680855,0.0857692467110022,0.08576924702518067,0.08576924733934405,0.08576924765349234,0.08576924796762543,0.08576924828174347,0.08576924859584632,0.08576924890993416,0.08576924922400679,0.08576924953806438,0.08576924985210696,0.08576925016613438,0.08576925048014641,0.08576925079414331,0.08576925110812536,0.08576925142209245,0.08576925173604438,0.08576925204998133,0.08576925236390327,0.08576925267781003,0.08576925299170171,0.08576925330557836,0.08576925361944004,0.08576925393328665,0.08576925424711829,0.08576925456093451,0.08576925487473588,0.0857692551885222,0.08576925550229329,0.08576925581604927,0.0857692561297907,0.08576925644351711,0.08576925675722848,0.08576925707092488,0.0857692573846061,0.0857692576982724,0.08576925801192377,0.08576925832556016,0.08576925863918156,0.085769258952788,0.08576925926637942,0.08576925957995592,0.08576925989351745,0.08576926020706399,0.08576926052059557,0.08576926083411221,0.08576926114761385,0.08576926146110057,0.08576926177457235,0.0857692620880292,0.08576926240147113,0.08576926271489813,0.08576926302831027,0.08576926334170734,0.08576926365508951,0.08576926396845673,0.08576926428180906,0.08576926459514651,0.08576926490846899,0.08576926522177665,0.08576926553506943,0.08576926584834722,0.0857692661616101,0.08576926647485802,0.08576926678809138,0.08576926710130958,0.08576926741451295,0.08576926772770142,0.08576926804087506,0.08576926835403403,0.085769268667178,0.08576926898030701,0.08576926929342123,0.08576926960652052,0.085769269919605,0.08576927023267454,0.0857692705457293,0.08576927085876915,0.0857692711717942,0.08576927148480444,0.08576927179779983,0.0857692721107804,0.08576927242374632,0.08576927273669704,0.08576927304963317,0.08576927336255454,0.08576927367546104,0.08576927398835284,0.08576927430122973,0.08576927461409187,0.08576927492693925,0.08576927523977178,0.08576927555258954,0.08576927586539249,0.08576927617818075,0.08576927649095416,0.08576927680371285,0.08576927711645672,0.08576927742918587,0.08576927774190023,0.0857692780545999,0.08576927836728483,0.0857692786799549,0.08576927899261018,0.08576927930525098,0.08576927961787725,0.08576927993048843,0.0857692802430848,0.08576928055566656,0.08576928086823367,0.08576928118078628,0.08576928149332434,0.08576928180584723,0.08576928211835531,0.08576928243084866,0.08576928274332742,0.08576928305579129,0.08576928336824056,0.08576928368067521,0.085769283993095,0.08576928430550015,0.08576928461789073,0.08576928493026656,0.08576928524262777,0.08576928555497428,0.08576928586730612,0.08576928617962327,0.0857692864919258,0.08576928680421361,0.08576928711648688,0.08576928742874544,0.08576928774098935,0.08576928805321866,0.08576928836543334,0.08576928867763338,0.0857692889898188,0.08576928930198957,0.08576928961414583,0.0857692899262874,0.08576929023841441,0.08576929055052679,0.08576929086262465,0.08576929117470788,0.08576929148677649,0.08576929179883051,0.08576929211086982,0.08576929242289465,0.08576929273490491,0.08576929304690062,0.08576929335888175,0.08576929367084826,0.08576929398280027,0.08576929429473766,0.08576929460666051,0.08576929491856879,0.08576929523046253,0.0857692955423417,0.08576929585420627,0.0857692961660564,0.0857692964778919,0.0857692967897129,0.08576929710151933,0.08576929741331124,0.08576929772508865,0.0857692980368515,0.0857692983485999,0.08576929866033371,0.08576929897205303,0.08576929928375787,0.08576929959544818,0.08576929990712397,0.08576930021878525,0.08576930053043204,0.08576930084206431,0.08576930115368218,0.08576930146528555,0.08576930177687438,0.08576930208844878,0.08576930240000873,0.08576930271155417,0.08576930302308508,0.0857693033346016,0.08576930364610365,0.08576930395759122,0.08576930426906436,0.08576930458052304,0.08576930489196727,0.08576930520339707,0.08576930551481242,0.08576930582621328,0.08576930613759974,0.08576930644897178,0.08576930676032944,0.08576930707167264,0.08576930738300137,0.08576930769431576,0.08576930800561575,0.08576930831690123,0.08576930862817238,0.08576930893942909,0.08576930925067142,0.08576930956189939,0.08576930987311292,0.08576931018431204,0.08576931049549681,0.08576931080666718,0.08576931111782322,0.08576931142896482,0.08576931174009209,0.085769312051205,0.08576931236230352,0.0857693126733877,0.08576931298445757,0.08576931329551302,0.08576931360655411,0.08576931391758091,0.08576931422859335,0.08576931453959143,0.08576931485057519,0.0857693151615446,0.08576931547249968,0.08576931578344045,0.08576931609436692,0.08576931640527902,0.08576931671617682,0.08576931702706031,0.08576931733792949,0.08576931764878439,0.08576931795962499,0.08576931827045126,0.08576931858126324,0.08576931889206095,0.08576931920284435,0.08576931951361344,0.08576931982436832,0.08576932013510886,0.08576932044583518,0.0857693207565472,0.08576932106724494,0.08576932137792842,0.08576932168859763,0.08576932199925262,0.0857693223098933,0.0857693226205198,0.08576932293113203,0.08576932324172998,0.08576932355231374,0.08576932386288325,0.0857693241734385,0.0857693244839795,0.08576932479450633,0.08576932510501892,0.08576932541551725,0.0857693257260014,0.0857693260364713,0.08576932634692704,0.08576932665736858,0.08576932696779588,0.08576932727820898,0.08576932758860789,0.08576932789899266,0.08576932820936316,0.08576932851971954,0.0857693288300617,0.08576932914038973,0.08576932945070354,0.08576932976100314,0.08576933007128866,0.08576933038155998,0.08576933069181725,0.08576933100206022,0.0857693313122891,0.0857693316225038,0.08576933193270447,0.08576933224289084,0.0857693325530631,0.08576933286322123,0.08576933317336523,0.0857693334834946,0.08576933379361004,0.08576933410371165,0.08576933441379926,0.0857693347238726,0.08576933503393185,0.08576933534397699,0.08576933565400803,0.08576933596402493,0.08576933627402775,0.08576933658401646,0.08576933689399108,0.08576933720395157,0.08576933751389805,0.08576933782383062,0.08576933813374907,0.08576933844365324,0.08576933875354335,0.08576933906341941,0.08576933937328145,0.08576933968312947,0.08576933999296334,0.08576934030278319,0.08576934061258891,0.08576934092238062,0.08576934123215832,0.0857693415419219,0.08576934185167143,0.08576934216140698,0.0857693424711285,0.085769342780836,0.08576934309052937,0.08576934340020882,0.08576934370987419,0.08576934401952559,0.08576934432916297,0.0857693446387863,0.08576934494839568,0.08576934525799104,0.0857693455675724,0.08576934587713975,0.08576934618669307,0.08576934649623247,0.08576934680575815,0.0857693471152697,0.08576934742476731,0.08576934773425117,0.08576934804372038,0.08576934835317591,0.08576934866261751,0.08576934897204504,0.08576934928145874,0.08576934959085832,0.08576934990024393,0.0857693502096157,0.08576935051897355,0.08576935082831741,0.08576935113764729,0.0857693514469633,0.08576935175626539,0.08576935206555335,0.08576935237482738,0.0857693526840876,0.08576935299333387,0.08576935330256627,0.0857693536117846,0.08576935392098925,0.08576935423017999,0.08576935453935675,0.08576935484851947,0.08576935515766825,0.08576935546680305,0.08576935577592391,0.08576935608503071,0.08576935639412366,0.08576935670320306,0.08576935701226886,0.0857693573213207,0.08576935763035917,0.08576935793938402,0.08576935824839435,0.08576935855739137,0.08576935886637413,0.08576935917534378,0.08576935948429867,0.08576935979324009,0.0857693601021672,0.08576936041108049,0.0857693607199799,0.08576936102886548,0.08576936133773724,0.0857693616465954,0.08576936195543973,0.08576936226427075,0.08576936257308787,0.08576936288189121,0.0857693631906805,0.0857693634994556,0.08576936380821684,0.0857693641169642,0.08576936442569781,0.08576936473441767,0.08576936504312374,0.08576936535181602,0.08576936566049449,0.08576936596915916,0.08576936627781014,0.08576936658644731,0.08576936689507066,0.08576936720368031,0.08576936751227615,0.08576936782085827,0.08576936812942666,0.0857693684379813,0.08576936874652216,0.08576936905504927,0.0857693693635625,0.08576936967206207,0.08576936998054786,0.0857693702890199,0.08576937059747824,0.08576937090592285,0.08576937121435375,0.08576937152277096,0.08576937183117446,0.08576937213956416,0.08576937244794021,0.08576937275630256,0.08576937306465111,0.08576937337298625,0.08576937368130767,0.08576937398961502,0.08576937429790876,0.08576937460618887,0.08576937491445526,0.08576937522270821,0.08576937553094742,0.08576937583917287,0.0857693761473846,0.08576937645558268,0.08576937676376703,0.0857693770719378,0.08576937738009506,0.08576937768823836,0.08576937799636804,0.08576937830448406,0.08576937861258639,0.0857693789206752,0.08576937922875043,0.0857693795368121,0.08576937984485997,0.08576938015289357,0.0857693804609138,0.08576938076892064,0.08576938107691384,0.08576938138489353,0.08576938169285941,0.08576938200081181,0.08576938230875038,0.08576938261667563,0.08576938292458725,0.08576938323248523,0.08576938354036967,0.08576938384824048,0.08576938415609776,0.08576938446394143,0.08576938477177153,0.08576938507958798,0.0857693853873909,0.08576938569518025,0.08576938600295597,0.0857693863107182,0.0857693866184668,0.08576938692620188,0.08576938723392344,0.08576938754163134,0.08576938784932576,0.08576938815700656,0.08576938846467386,0.08576938877232762,0.08576938907996783,0.08576938938759451,0.08576938969520778,0.08576939000280738,0.0857693903103936,0.08576939061796617,0.08576939092552521,0.08576939123307077,0.08576939154060283,0.08576939184812128,0.0857693921556263,0.08576939246311782,0.08576939277059582,0.08576939307806031,0.08576939338551134,0.08576939369294881,0.08576939400037281,0.08576939430778341,0.08576939461518045,0.08576939492256405,0.08576939522993418,0.08576939553729078,0.08576939584463392,0.08576939615196359,0.08576939645927986,0.08576939676658259,0.08576939707387192,0.08576939738114753,0.08576939768840997,0.08576939799565891,0.08576939830289446,0.08576939861011645,0.08576939891732507,0.08576939922452026,0.08576939953170198,0.08576939983887057,0.08576940014602567,0.08576940045316726,0.08576940076029545,0.08576940106741017,0.08576940137451143,0.08576940168159926,0.0857694019886737,0.08576940229573476,0.08576940260278237,0.08576940290981679,0.0857694032168378,0.08576940352384564,0.08576940383083992,0.08576940413782104,0.08576940444478859,0.08576940475174288,0.08576940505868408,0.08576940536561128,0.08576940567252508,0.0857694059794255,0.08576940628631258,0.08576940659318631,0.08576940690004668,0.08576940720689369,0.08576940751372734,0.08576940782054765,0.08576940812735465,0.08576940843414829,0.08576940874092863,0.08576940904769562,0.08576940935444925,0.08576940966118957,0.08576940996791654,0.08576941027463024,0.0857694105813306,0.08576941088801764,0.08576941119469138,0.0857694115013518,0.08576941180799895,0.08576941211463272,0.08576941242125329,0.08576941272786046,0.08576941303445436,0.08576941334103501,0.08576941364760235,0.08576941395415641,0.0857694142606972,0.0857694145672247,0.08576941487373897,0.08576941518023991,0.08576941548672763,0.08576941579320208,0.08576941609966325,0.08576941640611119,0.08576941671254582,0.08576941701896727,0.0857694173253754,0.08576941763177033,0.08576941793815197,0.08576941824452043,0.08576941855087565,0.0857694188572176,0.08576941916354633,0.08576941946986186,0.08576941977616413,0.08576942008245322,0.08576942038872903,0.08576942069499167,0.08576942100124112,0.08576942130747733,0.08576942161370033,0.08576942191991016,0.08576942222610677,0.08576942253229014,0.08576942283846041,0.08576942314461745,0.08576942345076131,0.08576942375689196,0.08576942406300944,0.08576942436911371,0.08576942467520486,0.08576942498128282,0.08576942528734761,0.08576942559339926,0.08576942589943773,0.08576942620546305,0.08576942651147518,0.08576942681747418,0.08576942712346004,0.0857694274294327,0.0857694277353923,0.08576942804133872,0.08576942834727198,0.08576942865319216,0.08576942895909918,0.08576942926499306,0.08576942957087387,0.08576942987674148,0.08576943018259602,0.08576943048843745,0.08576943079426573,0.08576943110008091,0.08576943140588296,0.08576943171167191,0.08576943201744784,0.08576943232321059,0.08576943262896028,0.08576943293469685,0.0857694332404204,0.08576943354613084,0.08576943385182811,0.08576943415751241,0.08576943446318358,0.08576943476884169,0.08576943507448674,0.08576943538011876,0.08576943568573767,0.08576943599134351,0.08576943629693633,0.08576943660251606,0.08576943690808275,0.08576943721363643,0.085769437519177,0.0857694378247046,0.08576943813021914,0.0857694384357206,0.08576943874120907,0.08576943904668455,0.08576943935214694,0.08576943965759636,0.08576943996303271,0.0857694402684561,0.08576944057386653,0.08576944087926369,0.08576944118464803,0.08576944149001942,0.08576944179537768,0.085769442100723,0.08576944240605527,0.08576944271137464,0.08576944301668053,0.08576944332197371,0.08576944362725411,0.08576944393252157,0.08576944423777604,0.08576944454301758,0.08576944484824615,0.08576944515346178,0.08576944545866444,0.08576944576385402,0.08576944606903059,0.08576944637419429,0.08576944667934498,0.08576944698448273,0.08576944728960752,0.0857694475947194,0.08576944789981834,0.08576944820490433,0.08576944850997738,0.0857694488150375,0.08576944912008472,0.08576944942511895,0.08576944973014027,0.08576945003514869,0.08576945034014423,0.08576945064512682,0.0857694509500965,0.08576945125505331,0.08576945155999717,0.08576945186492814,0.08576945216984624,0.08576945247475143,0.0857694527796437,0.08576945308452309,0.08576945338938965,0.08576945369424331,0.08576945399908402,0.0857694543039119,0.0857694546087269,0.085769454913529,0.08576945521831832,0.08576945552309469,0.08576945582785826,0.08576945613260896,0.08576945643734672,0.08576945674207176,0.08576945704678386,0.08576945735148314,0.08576945765616953,0.08576945796084316,0.08576945826550389,0.08576945857015185,0.08576945887478692,0.08576945917940916,0.08576945948401858,0.08576945978861518,0.08576946009319897,0.08576946039776993,0.08576946070232815,0.08576946100687341,0.08576946131140592,0.08576946161592565,0.08576946192043258,0.08576946222492669,0.08576946252940802,0.08576946283387657,0.08576946313833228,0.08576946344277525,0.08576946374720543,0.08576946405162279,0.08576946435602742,0.08576946466041928,0.08576946496479834,0.08576946526916464,0.08576946557351821,0.08576946587785897,0.0857694661821873,0.08576946648650292,0.0857694667908058,0.08576946709509589,0.08576946739937323,0.08576946770363786,0.08576946800788972,0.08576946831212878,0.08576946861635519,0.08576946892056882,0.08576946922476976,0.08576946952895793,0.08576946983313344,0.08576947013729616,0.08576947044144617,0.08576947074558353,0.08576947104970814,0.08576947135382,0.08576947165791922,0.08576947196200567,0.08576947226607945,0.08576947257014055,0.08576947287418894,0.08576947317822463,0.08576947348224762,0.0857694737862579,0.08576947409025559,0.08576947439424054,0.08576947469821286,0.08576947500217244,0.08576947530611942,0.08576947561005369,0.08576947591397531,0.08576947621788428,0.08576947652178057,0.08576947682566421,0.08576947712953516,0.08576947743339354,0.08576947773723921,0.0857694780410723,0.08576947834489265,0.08576947864870048,0.08576947895249558,0.08576947925627808,0.08576947956004793,0.08576947986380516,0.0857694801675498,0.08576948047128176,0.08576948077500113,0.08576948107870792,0.0857694813824021,0.08576948168608349,0.0857694819897522,0.08576948229340836,0.08576948259705192,0.08576948290068297,0.08576948320430176,0.08576948350790757,0.08576948381150078,0.08576948411508119,0.08576948441864903,0.08576948472220434,0.08576948502574704,0.08576948532927715,0.08576948563279475,0.08576948593629971,0.08576948623979218,0.08576948654327203,0.08576948684673937,0.08576948715019421,0.08576948745363651,0.08576948775706633,0.08576948806048365,0.08576948836388855,0.08576948866728068,0.08576948897066033,0.08576948927402737,0.08576948957738192,0.08576948988072369,0.08576949018405298,0.08576949048736975,0.0857694907906739,0.08576949109396564,0.08576949139724475,0.08576949170051174,0.08576949200376607,0.0857694923070078,0.08576949261023707,0.08576949291345393,0.08576949321665807,0.08576949351984996,0.08576949382302923,0.08576949412619603,0.08576949442935039,0.08576949473249211,0.0857694950356213,0.08576949533873805,0.08576949564184233,0.0857694959449342,0.08576949624801358,0.08576949655108053,0.08576949685413517,0.08576949715717735,0.08576949746020707,0.08576949776322433,0.08576949806622915,0.08576949836922154,0.08576949867220145,0.08576949897516895,0.085769499278124,0.08576949958106661,0.08576949988399686,0.08576950018691473,0.08576950048982013,0.08576950079271312,0.08576950109559371,0.08576950139846184,0.08576950170131768,0.08576950200416096,0.08576950230699211,0.08576950260981062,0.08576950291261688,0.08576950321541049,0.08576950351819172,0.08576950382096082,0.08576950412371737,0.08576950442646163,0.08576950472919334,0.08576950503191294,0.0857695053346198,0.08576950563731435,0.08576950593999674,0.08576950624266658,0.08576950654532356,0.08576950684796843,0.08576950715060094,0.08576950745322139,0.08576950775582944,0.08576950805842508,0.08576950836100834,0.0857695086635792,0.08576950896613776,0.0857695092686833,0.08576950957121643,0.0857695098737382,0.08576951017624738,0.0857695104787436,0.08576951078122749,0.08576951108369983,0.08576951138615932,0.08576951168860693,0.0857695119910424,0.08576951229346545,0.08576951259587638,0.08576951289827472,0.08576951320066079,0.0857695135030348,0.08576951380539617,0.08576951410774532,0.08576951441008211,0.08576951471240664,0.08576951501471884,0.08576951531701876,0.08576951561930643,0.08576951592158183,0.08576951622384495,0.08576951652609584,0.08576951682833443,0.08576951713056079,0.0857695174327749,0.08576951773497674,0.08576951803716627,0.08576951833934353,0.08576951864150857,0.08576951894366132,0.08576951924580202,0.08576951954793012,0.08576951985004626,0.08576952015215003,0.08576952045424166,0.08576952075632045,0.08576952105838764,0.08576952136044246,0.08576952166248511,0.08576952196451548,0.08576952226653381,0.08576952256853977,0.08576952287053351,0.08576952317251506,0.08576952347448441,0.08576952377644162,0.08576952407838652,0.08576952438031929,0.08576952468223983,0.08576952498414839,0.0857695252860445,0.0857695255879285,0.0857695258898002,0.08576952619165987,0.08576952649350723,0.08576952679534246,0.08576952709716566,0.0857695273989765,0.08576952770077531,0.08576952800256192,0.08576952830433633,0.08576952860609854,0.08576952890784871,0.08576952920958666,0.08576952951131246,0.08576952981302613,0.08576953011472757,0.08576953041641697,0.08576953071809419,0.08576953101975929,0.08576953132141245,0.0857695316230533,0.08576953192468222,0.08576953222629849,0.0857695325279029,0.08576953282949505,0.08576953313107526,0.08576953343264344,0.08576953373419964,0.08576953403574367,0.08576953433727545,0.08576953463879518,0.08576953494030273,0.08576953524179823,0.0857695355432816,0.08576953584475265,0.08576953614621172,0.08576953644765864,0.08576953674909364,0.0857695370505166,0.08576953735192742,0.0857695376533262,0.08576953795471286,0.08576953825608746,0.08576953855745001,0.08576953885880045,0.08576953916013891,0.08576953946146529,0.08576953976277953,0.08576954006408147,0.08576954036537171,0.08576954066664946,0.0857695409679155,0.08576954126916961,0.08576954157041163,0.08576954187164172,0.08576954217285943,0.08576954247406535,0.08576954277526015,0.08576954307644191,0.08576954337761188,0.0857695436787698,0.08576954397991564,0.08576954428104948,0.08576954458217087,0.08576954488327998,0.08576954518437774,0.08576954548546353,0.08576954578653714,0.08576954608759904,0.0857695463886489,0.08576954668968663,0.08576954699071247,0.08576954729172633,0.08576954759272795,0.08576954789371782,0.08576954819469576,0.08576954849566176,0.08576954879661573,0.0857695490975578,0.08576954939848785,0.08576954969940594,0.08576955000031225,0.0857695503012064,0.08576955060208863,0.08576955090295832,0.0857695512038166,0.08576955150466292,0.08576955180549731,0.08576955210631973,0.08576955240713027,0.0857695527079293,0.08576955300871587,0.0857695533094906,0.08576955361025342,0.0857695539110043,0.08576955421174329,0.08576955451247037,0.08576955481318546,0.08576955511388878,0.08576955541458012,0.08576955571525957,0.08576955601592706,0.085769556316583,0.0857695566172261,0.08576955691785788,0.08576955721847797,0.08576955751908608,0.08576955781968221,0.08576955812026645,0.08576955842083807,0.08576955872139808,0.085769559021946,0.08576955932248205,0.08576955962300697,0.08576955992351998,0.08576956022402116,0.08576956052451042,0.08576956082498774,0.08576956112545296,0.08576956142590655,0.08576956172634832,0.08576956202677821,0.08576956232719632,0.08576956262760256,0.08576956292799658,0.08576956322837896,0.0857695635287496,0.08576956382910812,0.08576956412945518,0.0857695644297904,0.08576956473011377,0.08576956503042535,0.08576956533072505,0.08576956563101303,0.08576956593128895,0.08576956623155334,0.08576956653180594,0.08576956683204671,0.08576956713227574,0.08576956743249291,0.08576956773269832,0.08576956803289193,0.08576956833307377,0.08576956863324381,0.08576956893340203,0.08576956923354855,0.08576956953368325,0.08576956983380618,0.0857695701339175,0.08576957043401694,0.0857695707341046,0.08576957103418044,0.08576957133424447,0.08576957163429683,0.08576957193433743,0.08576957223436563,0.0857695725343826,0.08576957283438728,0.0857695731343808,0.08576957343436269,0.0857695737343329,0.08576957403429113,0.08576957433423768,0.08576957463417247,0.08576957493409543,0.08576957523400681,0.08576957553390642,0.08576957583379431,0.08576957613367063,0.0857695764335351,0.08576957673338767,0.08576957703322852,0.08576957733305794,0.08576957763287597,0.08576957793268192,0.08576957823247618,0.08576957853225867,0.08576957883202946,0.08576957913178863,0.08576957943153606,0.08576957973127187,0.08576958003099551,0.08576958033070788,0.08576958063040854,0.08576958093009736,0.08576958122977471,0.08576958152944031,0.08576958182909426,0.08576958212873653,0.08576958242836687,0.08576958272798586,0.08576958302759315,0.08576958332718886,0.08576958362677281,0.08576958392634522,0.0857695842259061,0.08576958452545502,0.08576958482499247,0.0857695851245182,0.0857695854240316,0.08576958572353414,0.08576958602302462,0.0857695863225038,0.0857695866219715,0.08576958692142679,0.08576958722087112,0.08576958752030378,0.08576958781972438,0.08576958811913357,0.08576958841853118,0.08576958871791766,0.08576958901729244,0.08576958931665553,0.08576958961600706,0.08576958991534689,0.08576959021467524,0.085769590513992,0.08576959081329708,0.0857695911125902,0.08576959141187177,0.0857695917111422,0.08576959201040107,0.08576959230964835,0.0857695926088841,0.0857695929081082,0.08576959320732078,0.08576959350652176,0.08576959380571118,0.08576959410488913,0.08576959440405549,0.08576959470321027,0.08576959500235354,0.08576959530148523,0.0857695956006054,0.08576959589971399,0.08576959619881103,0.08576959649789652,0.08576959679697048,0.08576959709603287,0.08576959739508389,0.08576959769412325,0.08576959799315116,0.08576959829216764,0.08576959859117239,0.08576959889016568,0.08576959918914727,0.08576959948811748,0.0857695997870762,0.08576960008602347,0.08576960038495922,0.0857696006838834,0.0857696009827961,0.08576960128169729,0.08576960158058705,0.08576960187946531,0.08576960217833203,0.08576960247718735,0.08576960277603113,0.08576960307486341,0.08576960337368426,0.08576960367249366,0.08576960397129153,0.08576960427007797,0.08576960456885303,0.0857696048676165,0.08576960516636849,0.08576960546510874,0.08576960576383788,0.08576960606255561,0.08576960636126192,0.0857696066599568,0.08576960695864011,0.08576960725731206,0.08576960755597254,0.08576960785462155,0.08576960815325836,0.08576960845188458,0.08576960875049953,0.08576960904910291,0.08576960934769477,0.08576960964627522,0.08576960994484424,0.08576961024340186,0.08576961054194807,0.08576961084048285,0.08576961113900625,0.08576961143751831,0.08576961173601848,0.08576961203450774,0.08576961233298554,0.08576961263145193,0.08576961292990697,0.08576961322835061,0.0857696135267829,0.08576961382520379,0.0857696141236133,0.08576961442201139,0.08576961472039815,0.08576961501877362,0.08576961531713771,0.0857696156154903,0.08576961591383153,0.08576961621216134,0.08576961651047985,0.08576961680878699,0.08576961710708274,0.08576961740536733,0.08576961770364054,0.08576961800190244,0.0857696183001531,0.08576961859839227,0.08576961889662024,0.08576961919483692,0.08576961949304189,0.08576961979123558,0.08576962008941794,0.08576962038758945,0.08576962068574932,0.08576962098389782,0.08576962128203477,0.08576962158016069,0.08576962187827523,0.08576962217637848,0.08576962247447067,0.08576962277255146,0.08576962307062085,0.08576962336867898,0.08576962366672577,0.08576962396476122,0.08576962426278528,0.0857696245607981,0.08576962485879962,0.08576962515678982,0.08576962545476878,0.08576962575273644,0.08576962605069285,0.08576962634863793,0.08576962664657169,0.08576962694449417,0.08576962724240537,0.0857696275403054,0.08576962783819417,0.08576962813607156,0.08576962843393775,0.08576962873179265,0.08576962902963636,0.0857696293274687,0.08576962962528986,0.08576962992309979,0.08576963022089847,0.08576963051868593,0.08576963081646215,0.08576963111422713,0.08576963141198088,0.08576963170972336,0.08576963200745466,0.08576963230517472,0.08576963260288356,0.08576963290058152,0.08576963319826827,0.08576963349594388,0.0857696337936087,0.08576963409126176,0.08576963438890388,0.08576963468653481,0.08576963498415432,0.08576963528176261,0.08576963557935921,0.08576963587694492,0.08576963617451974,0.085769636472083,0.08576963676963506,0.08576963706717598,0.08576963736470572,0.08576963766222429,0.08576963795973168,0.08576963825722791,0.08576963855471292,0.0857696388521869,0.08576963914964957,0.08576963944710114,0.08576963974454159,0.08576964004197091,0.085769640339389,0.08576964063679612,0.08576964093419187,0.08576964123157653,0.0857696415289501,0.08576964182631241,0.08576964212366397,0.08576964242100411,0.08576964271833311,0.08576964301565099,0.08576964331295778,0.08576964361025344,0.08576964390753793,0.0857696442048113,0.08576964450207358,0.08576964479932482,0.08576964509656487,0.08576964539379377,0.08576964569101159,0.08576964598821828,0.08576964628541389,0.08576964658259843,0.08576964687977195,0.08576964717693433,0.08576964747408554,0.08576964777122568,0.08576964806835476,0.0857696483654729,0.08576964866257977,0.08576964895967559,0.08576964925676037,0.08576964955383408,0.08576964985089673,0.08576965014794836,0.08576965044498955,0.08576965074201899,0.08576965103903733,0.08576965133604467,0.08576965163304108,0.08576965193002631,0.08576965222700043,0.08576965252396342,0.08576965282091632,0.08576965311785728,0.08576965341478725,0.08576965371170608,0.08576965400861389,0.08576965430551069,0.08576965460239656,0.08576965489927137,0.08576965519613512,0.08576965549298786,0.08576965578982954,0.08576965608666022,0.08576965638347976,0.08576965668028842,0.08576965697708662,0.08576965727387324,0.0857696575706488,0.08576965786741342,0.08576965816416811,0.08576965846091085,0.08576965875764257,0.08576965905436368,0.08576965935107346,0.08576965964777214,0.08576965994446008,0.08576966024113679,0.08576966053780265,0.085769660834458,0.08576966113110182,0.08576966142773464,0.08576966172435639,0.0857696620209673,0.08576966231756722,0.08576966261415614,0.08576966291073418,0.0857696632073012,0.08576966350385729,0.08576966380040296,0.08576966409693737,0.0857696643934611,0.08576966468997256,0.08576966498647429,0.08576966528296492,0.08576966557944464,0.0857696658759116,0.08576966617236922,0.08576966646881602,0.08576966676525173,0.08576966706167642,0.0857696673580904,0.08576966765449336,0.08576966795088549,0.08576966824726703,0.0857696685436373,0.0857696688399959,0.08576966913634435,0.08576966943268188,0.0857696697290085,0.08576967002532425,0.0857696703216295,0.08576967061792377,0.08576967091420677,0.08576967121047889,0.08576967150674018,0.08576967180299058,0.08576967209923002,0.0857696723954586,0.08576967269167642,0.0857696729878832,0.08576967328407996,0.08576967358026498,0.08576967387643927,0.08576967417260262,0.0857696744687552,0.08576967476489693,0.08576967506102827,0.08576967535714831,0.08576967565325741,0.08576967594935574,0.08576967624544311,0.08576967654151967,0.08576967683758542,0.08576967713364035,0.08576967742968442,0.08576967772571766,0.08576967802174008,0.08576967831775169,0.08576967861375241,0.08576967890974233,0.08576967920572154,0.08576967950168982,0.08576967979764724,0.08576968009359395,0.08576968038952978,0.08576968068545478,0.08576968098136901,0.0857696812772724,0.085769681573165,0.08576968186904685,0.08576968216491788,0.0857696824607781,0.08576968275662751,0.08576968305246595,0.08576968334829381,0.08576968364411068,0.08576968393991696,0.08576968423571246,0.08576968453149725,0.08576968482727118,0.08576968512303434,0.08576968541878678,0.08576968571452846,0.0857696860102593,0.08576968630597946,0.08576968660168865,0.08576968689738725,0.08576968719307505,0.08576968748875217,0.08576968778441849,0.08576968808007411,0.08576968837571898,0.08576968867135332,0.0857696889669767,0.08576968926258938,0.08576968955819114,0.08576968985378262,0.085769690149363,0.08576969044493268,0.08576969074049168,0.08576969103604108,0.08576969133157863,0.08576969162710549,0.08576969192262159,0.08576969221812696,0.08576969251362164,0.08576969280910558,0.08576969310457856,0.08576969340004113,0.085769693695493,0.08576969399093434,0.08576969428636524,0.08576969458178507,0.08576969487719417,0.08576969517259263,0.08576969546798036,0.08576969576335741,0.08576969605872378,0.08576969635407948,0.08576969664942444,0.08576969694475874,0.0857696972400824,0.08576969753539539,0.08576969783069766,0.0857696981259897,0.08576969842127002,0.08576969871654057,0.08576969901180029,0.0857696993070494,0.08576969960228782,0.08576969989751553,0.08576970019273263,0.08576970048793901,0.08576970078313476,0.08576970107831991,0.08576970137349438,0.08576970166865829,0.08576970196381152,0.08576970225895415,0.08576970255408617,0.08576970284920735,0.08576970314431809,0.0857697034394182,0.08576970373450771,0.08576970402958656,0.08576970432465483,0.0857697046197125,0.08576970491475959,0.08576970520979596,0.08576970550482226,0.0857697057998385,0.08576970609484327,0.08576970638983732,0.08576970668482047,0.08576970697979333,0.08576970727475569,0.08576970756970739,0.08576970786464853,0.08576970815957907,0.08576970845449901,0.08576970874940841,0.0857697090443072,0.08576970933919542,0.08576970963407306,0.08576970992894015,0.08576971022379667,0.08576971051864264,0.08576971081347805,0.08576971110830282,0.08576971140311708,0.08576971169792078,0.08576971199271392,0.08576971228749654,0.08576971258226859,0.08576971287703006,0.08576971317178105,0.08576971346652146,0.08576971376125134,0.08576971405597067,0.08576971435067951,0.0857697146453778,0.08576971494006558,0.08576971523474282,0.08576971552940953,0.08576971582406569,0.0857697161187114,0.08576971641334656,0.08576971670797116,0.0857697170025853,0.08576971729718887,0.085769717591782,0.08576971788636453,0.0857697181809366,0.08576971847549805,0.08576971877004873,0.08576971906458924,0.08576971935911931,0.08576971965363892,0.08576971994814808,0.08576972024264674,0.08576972053713494,0.0857697208316127,0.08576972112607996,0.08576972142053672,0.08576972171498307,0.08576972200941894,0.08576972230384435,0.08576972259825927,0.08576972289266377,0.08576972318705778,0.08576972348144134,0.08576972377581449,0.08576972407017715,0.08576972436452937,0.08576972465887119,0.08576972495320254,0.08576972524752338,0.08576972554183382,0.08576972583613386,0.08576972613042345,0.0857697264247026,0.08576972671897132,0.08576972701322962,0.08576972730747752,0.08576972760171495,0.08576972789594205,0.08576972819015867,0.0857697284843649,0.08576972877856072,0.08576972907274613,0.08576972936692112,0.08576972966108568,0.08576972995523992,0.08576973024938372,0.0857697305435171,0.08576973083764011,0.08576973113175271,0.08576973142585499,0.08576973171994683,0.08576973201402822,0.0857697323080993,0.08576973260215995,0.08576973289621027,0.08576973319025016,0.08576973348427969,0.08576973377829887,0.08576973407230763,0.08576973436630604,0.0857697346602941,0.08576973495427177,0.08576973524823912,0.08576973554219608,0.08576973583614271,0.08576973613007895,0.08576973642400491,0.08576973671792044,0.08576973701182566,0.08576973730572046,0.08576973759960495,0.08576973789347866,0.08576973818734246,0.08576973848119605,0.08576973877503914,0.085769739068872,0.08576973936269458,0.08576973965650678,0.0857697399503087,0.08576974024410022,0.08576974053788149,0.08576974083165241,0.08576974112541302,0.08576974141916337,0.08576974171290294,0.0857697420066326,0.08576974230035174,0.0857697425940606,0.08576974288775918,0.08576974318144762,0.08576974347512581,0.08576974376879373,0.08576974406245134,0.0857697443560988,0.08576974464973593,0.08576974494336245,0.08576974523697896,0.08576974553058514,0.08576974582418107,0.08576974611776668,0.08576974641134223,0.0857697467049073,0.08576974699846213,0.08576974729200651,0.08576974758554082,0.08576974787906488,0.08576974817257867,0.08576974846608221,0.0857697487595755,0.08576974905305856,0.08576974934653127,0.08576974963999381,0.08576974993344606,0.08576975022688806,0.08576975052031982,0.0857697508137414,0.08576975110715271,0.08576975140055382,0.08576975169394468,0.08576975198732534,0.08576975228069576,0.08576975257405599,0.08576975286740593,0.08576975316074571,0.08576975345407521,0.0857697537473945,0.08576975404070357,0.08576975433400243,0.08576975462729114,0.08576975492056955,0.08576975521383785,0.08576975550709591,0.08576975580034377,0.08576975609358138,0.08576975638680878,0.08576975668002605,0.08576975697323354,0.08576975726643113,0.08576975755961794,0.08576975785279423,0.08576975814596059,0.08576975843911681,0.08576975873226288,0.08576975902539868,0.0857697593185244,0.0857697596116399,0.08576975990474525,0.08576976019784045,0.08576976049092548,0.08576976078400032,0.08576976107706503,0.08576976137011959,0.085769761663164,0.08576976195619825,0.08576976224922235,0.0857697625422364,0.08576976283524027,0.08576976312823395,0.08576976342121753,0.08576976371419096,0.08576976400715426,0.08576976430010742,0.08576976459305051,0.08576976488598341,0.08576976517890621,0.08576976547181889,0.08576976576472115,0.0857697660576136,0.08576976635049596,0.08576976664336826,0.08576976693623035,0.08576976722908237,0.08576976752192449,0.08576976781475629,0.08576976810757794,0.08576976840038958,0.08576976869319142,0.08576976898598294,0.08576976927876417,0.08576976957153554,0.0857697698642967,0.08576977015704776,0.08576977044978878,0.08576977074251971,0.08576977103524051,0.08576977132795124,0.08576977162065193,0.08576977191334252,0.08576977220602303,0.08576977249869348,0.08576977279135375,0.08576977308400413,0.08576977337664443,0.08576977366927464,0.08576977396189497,0.0857697742545051,0.08576977454710523,0.0857697748396951,0.08576977513227513,0.08576977542484505,0.085769775717405,0.08576977600995486,0.08576977630249467,0.08576977659502451,0.08576977688754432,0.085769777180054,0.08576977747255382,0.08576977776504364,0.08576977805752334,0.08576977834999298,0.08576977864245261,0.08576977893490233,0.08576977922734198,0.08576977951977172,0.0857697798121913,0.08576978010460089,0.08576978039700063,0.08576978068939024,0.08576978098176964,0.08576978127413924,0.08576978156649877,0.08576978185884872,0.08576978215118651,0.08576978244351553,0.08576978273583516,0.08576978302814478,0.08576978332044444,0.08576978361273402,0.08576978390501375,0.08576978419728344,0.08576978448954373,0.08576978478179337,0.085769785074033,0.08576978536626285,0.08576978565848271,0.08576978595069261,0.08576978624289258,0.08576978653508258,0.08576978682726266,0.08576978711943276,0.0857697874115929,0.08576978770374312,0.08576978799588338,0.0857697882880137,0.08576978858013407,0.08576978887224451,0.085769789164345,0.08576978945643556,0.08576978974851618,0.08576979004058694,0.08576979033264767,0.08576979062469856,0.08576979091673947,0.08576979120877049,0.08576979150079159,0.08576979179280275,0.08576979208480402,0.08576979237679536,0.08576979266877681,0.08576979296074834,0.08576979325270997,0.08576979354466173,0.0857697938366036,0.0857697941285355,0.0857697944204576,0.08576979471236976,0.08576979500427204,0.08576979529616448,0.08576979558804693,0.08576979587991951,0.0857697961717822,0.08576979646363497,0.08576979675547783,0.08576979704731086,0.08576979733913406,0.08576979763094736,0.08576979792275082,0.08576979821454442,0.08576979850632825,0.08576979879810223,0.08576979908986583,0.08576979938162048,0.08576979967336475,0.08576979996509919,0.08576980025682379,0.08576980054853853,0.0857698008402434,0.08576980113193876,0.08576980142362259,0.08576980171529709,0.08576980200696145,0.0857698022986175,0.08576980259026343,0.08576980288189952,0.08576980317352546,0.08576980346514174,0.08576980375674834,0.08576980404834507,0.08576980433993198,0.08576980463150909,0.08576980492307636,0.08576980521463377,0.08576980550618145,0.08576980579771928,0.08576980608924735,0.08576980638076528,0.08576980667227371,0.08576980696377165,0.08576980725526047,0.08576980754673962,0.08576980783820873,0.08576980812966817,0.08576980842111842,0.08576980871255678,0.08576980900398687,0.08576980929540721,0.08576980958681782,0.08576980987821858,0.08576981016960951,0.08576981046099073,0.0857698107523619,0.08576981104372307,0.08576981133507504,0.08576981162641718,0.08576981191774956,0.08576981220907215,0.08576981250038446,0.08576981279168751,0.08576981308298039,0.08576981337426295,0.0857698136655368,0.08576981395680085,0.08576981424805512,0.08576981453929966,0.08576981483053443,0.08576981512175949,0.08576981541297476,0.0857698157041804,0.08576981599537624,0.0857698162865625,0.08576981657773872,0.08576981686890535,0.08576981716006239,0.08576981745120972,0.0857698177423474,0.0857698180334752,0.08576981832459336,0.08576981861570182,0.0857698189068005,0.08576981919788954,0.08576981948896881,0.0857698197800384,0.08576982007109829,0.08576982036214849,0.08576982065318903,0.08576982094421982,0.08576982123524093,0.08576982152625238,0.0857698218172541,0.08576982210824616,0.08576982239922849,0.08576982269020127,0.08576982298116438,0.08576982327211778,0.08576982356306152,0.08576982385399619,0.08576982414492054,0.08576982443583528,0.0857698247267403,0.08576982501763555,0.08576982530852134,0.08576982559939739,0.08576982589026383,0.08576982618112053,0.0857698264719677,0.08576982676280477,0.08576982705363262,0.08576982734445064,0.08576982763525905,0.08576982792605778,0.08576982821684666,0.08576982850762589,0.08576982879839556,0.0857698290891556,0.08576982937990628,0.08576982967064703,0.08576982996137861,0.08576983025210043,0.08576983054281288,0.08576983083351568,0.0857698311242086,0.08576983141489189,0.08576983170556561,0.0857698319962297,0.08576983228688419,0.08576983257752906,0.08576983286816434,0.08576983315878982,0.08576983344940467,0.08576983374001095,0.08576983403060788,0.08576983432119527,0.08576983461177297,0.0857698349023413,0.08576983519289968,0.08576983548344867,0.08576983577398838,0.08576983606451818,0.08576983635503853,0.0857698366455495,0.08576983693605052,0.08576983722654201,0.08576983751702393,0.08576983780749536,0.0857698380979583,0.0857698383884116,0.08576983867885539,0.0857698389692895,0.0857698392597141,0.0857698395501292,0.0857698398405345,0.08576984013093046,0.08576984042131681,0.08576984071169368,0.08576984100206093,0.08576984129241864,0.08576984158276676,0.08576984187310513,0.08576984216343364,0.08576984245375319,0.08576984274406317,0.08576984303436376,0.08576984332465475,0.08576984361493638,0.08576984390520824,0.08576984419547076,0.08576984448572379,0.08576984477596726,0.08576984506620111,0.08576984535642582,0.08576984564664071,0.08576984593684629,0.08576984622704142,0.08576984651722772,0.08576984680740449,0.08576984709757177,0.08576984738772998,0.08576984767787832,0.08576984796801713,0.08576984825814646,0.08576984854826629,0.08576984883837606,0.08576984912847695,0.08576984941856818,0.08576984970865065,0.08576984999872377,0.08576985028878752,0.08576985057884152,0.08576985086888557,0.08576985115892016,0.08576985144894522,0.08576985173896087,0.08576985202896704,0.08576985231896372,0.08576985260895095,0.08576985289892877,0.08576985318889707,0.08576985347885571,0.08576985376880517,0.08576985405874503,0.08576985434867615,0.08576985463859751,0.08576985492850918,0.08576985521841135,0.08576985550830415,0.08576985579818747,0.08576985608806141,0.08576985637792593,0.08576985666778097,0.08576985695762661,0.08576985724746279,0.08576985753728962,0.08576985782710679,0.08576985811691479,0.08576985840671333,0.08576985869650244,0.08576985898628214,0.08576985927605243,0.08576985956581328,0.08576985985556478,0.08576986014530683,0.08576986043503947,0.0857698607247622,0.08576986101447606,0.08576986130418031,0.08576986159387559,0.08576986188356131,0.08576986217323762,0.08576986246290434,0.08576986275256177,0.08576986304220988,0.08576986333184868,0.08576986362147751,0.08576986391109745,0.08576986420070808,0.08576986449030939,0.08576986477990128,0.08576986506948385,0.08576986535905703,0.08576986564862085,0.0857698659381753,0.08576986622772044,0.08576986651725622,0.08576986680678261,0.08576986709629968,0.08576986738580733,0.08576986767530564,0.08576986796479465,0.08576986825427432,0.08576986854374463,0.0857698688332056,0.0857698691226573,0.08576986941209959,0.08576986970153255,0.08576986999095618,0.08576987028037053,0.0857698705697755,0.08576987085917118,0.08576987114855757,0.0857698714379346,0.08576987172730227,0.08576987201666063,0.08576987230600969,0.08576987259534946,0.08576987288467992,0.08576987317400106,0.0857698734633129,0.08576987375261538,0.08576987404190863,0.08576987433119251,0.08576987462046716,0.0857698749097325,0.08576987519898852,0.08576987548823525,0.08576987577747276,0.08576987606670092,0.08576987635591984,0.0857698766451294,0.08576987693432975,0.08576987722352078,0.08576987751270257,0.08576987780187507,0.0857698780910383,0.08576987838019225,0.08576987866933691,0.08576987895847232,0.08576987924759844,0.08576987953671533,0.08576987982582296,0.08576988011492133,0.08576988040401043,0.08576988069309033,0.08576988098216089,0.08576988127122227,0.0857698815602744,0.08576988184931723,0.08576988213835082,0.08576988242737524,0.08576988271639034,0.08576988300539623,0.08576988329439292,0.08576988358338038,0.08576988387235855,0.08576988416132754,0.08576988445028727,0.0857698847392378,0.08576988502817909,0.0857698853171112,0.08576988560603409,0.08576988589494768,0.08576988618385215,0.08576988647274739,0.08576988676163337,0.0857698870505102,0.08576988733937776,0.0857698876282362,0.08576988791708537,0.08576988820592539,0.08576988849475616,0.08576988878357777,0.08576988907239014,0.08576988936119337,0.08576988964998741,0.08576988993877226,0.08576989022754793,0.08576989051631435,0.08576989080507166,0.08576989109381977,0.08576989138255872,0.08576989167128847,0.08576989196000909,0.08576989224872045,0.0857698925374227,0.08576989282611576,0.08576989311479964,0.08576989340347439,0.08576989369213998,0.08576989398079643,0.0857698942694437,0.08576989455808182,0.08576989484671078,0.08576989513533059,0.08576989542394126,0.08576989571254284,0.08576989600113524,0.08576989628971843,0.08576989657829265,0.08576989686685757,0.08576989715541337,0.08576989744396007,0.08576989773249782,0.08576989802102628,0.08576989830954555,0.08576989859805588,0.08576989888655691,0.08576989917504878,0.08576989946353153,0.08576989975200522,0.08576990004046971,0.08576990032892512,0.08576990061737139,0.08576990090580854,0.08576990119423669,0.08576990148265565,0.08576990177106555,0.08576990205946637,0.0857699023478581,0.08576990263624071,0.08576990292461424,0.08576990321297875,0.08576990350133408,0.08576990378968032,0.08576990407801745,0.0857699043663455,0.0857699046546645,0.08576990494297447,0.08576990523127527,0.08576990551956705,0.0857699058078498,0.0857699060961234,0.08576990638438736,0.0857699066726432,0.08576990696088978,0.08576990724912709,0.08576990753735535,0.08576990782557471,0.08576990811378486,0.08576990840198671,0.08576990869017795,0.08576990897836123,0.08576990926653559,0.0857699095547005,0.08576990984285636,0.08576991013100337,0.08576991041914112,0.08576991070726972,0.08576991099538939,0.08576991128350003,0.08576991157160165,0.08576991185969428,0.08576991214777782,0.08576991243585234,0.08576991272391786,0.08576991301197429,0.08576991330002168,0.08576991358806035,0.08576991387608983,0.08576991416411019,0.0857699144521216,0.08576991474012391,0.0857699150281173,0.08576991531610165,0.08576991560407687,0.0857699158920432,0.0857699161800006,0.08576991646794903,0.08576991675588842,0.08576991704381877,0.0857699173317401,0.08576991761965243,0.08576991790755564,0.08576991819544987,0.0857699184833352,0.08576991877121166,0.08576991905907907,0.08576991934693776,0.08576991963478728,0.08576991992262803,0.08576992021045957,0.08576992049828219,0.08576992078609581,0.08576992107390047,0.08576992136169607,0.0857699216494828,0.08576992193726031,0.08576992222502909,0.08576992251278885,0.08576992280053976,0.08576992308828162,0.08576992337601463,0.08576992366373863,0.08576992395145366,0.08576992423915979,0.085769924526857,0.08576992481454535,0.0857699251022245,0.0857699253898949,0.08576992567755652,0.08576992596520897,0.0857699262528525,0.08576992654048712,0.08576992682811277,0.08576992711572971,0.08576992740333747,0.08576992769093643,0.08576992797852634,0.08576992826610744,0.08576992855367956,0.08576992884124285,0.08576992912879715,0.08576992941634269,0.08576992970387926,0.08576992999140703,0.08576993027892574,0.08576993056643534,0.08576993085393608,0.08576993114142847,0.08576993142891162,0.08576993171638586,0.08576993200385119,0.08576993229130758,0.08576993257875516,0.08576993286619383,0.08576993315362366,0.08576993344104457,0.08576993372845658,0.08576993401585976,0.08576993430325401,0.08576993459063943,0.08576993487801594,0.08576993516538362,0.08576993545274242,0.08576993574009294,0.08576993602743398,0.0857699363147662,0.08576993660208947,0.08576993688940397,0.08576993717670961,0.0857699374640064,0.08576993775129431,0.08576993803857354,0.08576993832584374,0.08576993861310515,0.0857699389003584,0.0857699391876021,0.08576993947483715,0.08576993976206314,0.08576994004928035,0.08576994033648871,0.08576994062368824,0.0857699409108788,0.08576994119806063,0.08576994148523368,0.08576994177239787,0.0857699420595533,0.08576994234669989,0.08576994263383815,0.08576994292096704,0.08576994320808719,0.08576994349519844,0.08576994378230084,0.085769944069394,0.08576994435647887,0.08576994464355489,0.08576994493062214,0.08576994521768065,0.08576994550473027,0.08576994579177116,0.08576994607880326,0.08576994636582656,0.08576994665284104,0.08576994693984667,0.08576994722684372,0.08576994751383188,0.08576994780081115,0.08576994808778177,0.08576994837474353,0.08576994866169657,0.08576994894864083,0.08576994923557633,0.08576994952250305,0.0857699498094209,0.08576995009633,0.0857699503832304,0.08576995067012207,0.08576995095700488,0.08576995124387903,0.08576995153074436,0.08576995181760094,0.08576995210444877,0.08576995239128792,0.0857699526781182,0.08576995296493982,0.08576995325175264,0.08576995353855678,0.08576995382535214,0.0857699541121372,0.08576995439891358,0.08576995468568151,0.0857699549724419,0.08576995525919358,0.08576995554593651,0.08576995583267073,0.08576995611939618,0.085769956406113,0.08576995669282118,0.08576995697952047,0.08576995726621023,0.0857699575528912,0.08576995783956325,0.08576995812622622,0.08576995841288101,0.08576995869952697,0.08576995898616546,0.08576995927279522,0.08576995955941502,0.08576995984602544,0.08576996013262782,0.08576996041922325,0.08576996070580989,0.08576996099238796,0.08576996127895732,0.08576996156551786,0.08576996185206946,0.08576996213861217,0.08576996242514622,0.08576996271167153,0.08576996299818847,0.0857699632846964,0.08576996357119482,0.08576996385768457,0.08576996414416646,0.08576996443063976,0.08576996471710434,0.08576996500356024,0.08576996529000755,0.08576996557644613,0.08576996586287605,0.08576996614929736,0.08576996643570997,0.08576996672211397,0.08576996700850913,0.08576996729489517,0.08576996758127298,0.08576996786764235,0.08576996815400303,0.08576996844035513,0.08576996872669862,0.08576996901303288,0.08576996929935919,0.0857699695856767,0.08576996987198567,0.08576997015828515,0.08576997044457675,0.08576997073085972,0.08576997101713421,0.08576997130339993,0.08576997158965709,0.08576997187590514,0.08576997216214516,0.08576997244837684,0.08576997273459935,0.08576997302081339,0.08576997330701863,0.08576997359321514,0.08576997387940342,0.08576997416558291,0.08576997445175405,0.08576997473791648,0.08576997502407048,0.0857699753102157,0.08576997559635233,0.08576997588248036,0.0857699761685998,0.08576997645471086,0.0857699767408136,0.0857699770269078,0.08576997731299273,0.0857699775990693,0.08576997788513732,0.08576997817119668,0.08576997845724744,0.08576997874328975,0.08576997902932289,0.08576997931534788,0.08576997960136441,0.08576997988737245,0.08576998017337165,0.0857699804593625,0.08576998074534493,0.08576998103131864,0.08576998131728378,0.08576998160324027,0.08576998188918744,0.08576998217512699,0.08576998246105653,0.08576998274697886,0.08576998303289272,0.08576998331879798,0.08576998360469475,0.08576998389058095,0.08576998417646063,0.08576998446233108,0.08576998474819399,0.08576998503404798,0.0857699853198923,0.08576998560572938,0.08576998589155777,0.08576998617737817,0.08576998646319042,0.08576998674899337,0.08576998703478796,0.08576998732057384,0.08576998760635118,0.08576998789212022,0.085769988177881,0.08576998846363289,0.08576998874937614,0.08576998903511093,0.08576998932083726,0.08576998960655505,0.08576998989226424,0.08576999017796563,0.08576999046365794,0.08576999074934197,0.08576999103501727,0.08576999132068405,0.08576999160634224,0.0857699918919921,0.08576999217763334,0.08576999246326629,0.08576999274889031,0.08576999303450672,0.08576999332011408,0.08576999360571305,0.08576999389130356,0.08576999417688559,0.08576999446245917,0.08576999474802423,0.08576999503358086,0.08576999531912907,0.08576999560466875,0.0857699958901999,0.08576999617572272,0.08576999646123708,0.08576999674674295,0.08576999703224038,0.08576999731772932,0.08576999760320957,0.0857699978886816,0.08576999817414523,0.0857699984596,0.08576999874504675,0.08576999903048511,0.08576999931591493,0.08576999960133638,0.08576999988674927,0.08577000017215383,0.0857700004575497,0.0857700007429374,0.08577000102831668,0.0857700013136875,0.08577000159905046,0.08577000188440449,0.08577000216974981,0.08577000245508708,0.0857700027404158,0.08577000302573613,0.08577000331104802,0.08577000359635156,0.08577000388164671,0.08577000416693334,0.08577000445221165,0.08577000473748154,0.0857700050227431,0.08577000530799657,0.08577000559324131,0.08577000587847772,0.08577000616370563,0.08577000644892512,0.08577000673413625,0.08577000701933901,0.08577000730453334,0.08577000758971928,0.08577000787489672,0.085770008160066,0.08577000844522684,0.08577000873037928,0.08577000901552341,0.08577000930065913,0.08577000958578652,0.08577000987090551,0.08577001015601607,0.08577001044111836,0.08577001072621218,0.08577001101129765,0.0857700112963748,0.0857700115814436,0.08577001186650401,0.08577001215155608,0.08577001243659955,0.08577001272163419,0.08577001300666129,0.08577001329167998,0.08577001357669034,0.08577001386169238,0.08577001414668607,0.08577001443167133,0.08577001471664832,0.08577001500161698,0.08577001528657727,0.08577001557152927,0.08577001585647291,0.08577001614140822,0.0857700164263352,0.08577001671125416,0.08577001699616457,0.08577001728106656,0.08577001756596027,0.08577001785084569,0.08577001813572276,0.08577001842059159,0.08577001870545217,0.08577001899030416,0.08577001927514792,0.0857700195599835,0.08577001984481085,0.08577002012962932,0.08577002041443992,0.08577002069924221,0.08577002098403609,0.08577002126882166,0.08577002155359886,0.0857700218383679,0.08577002212312856,0.08577002240787959,0.0857700226926238,0.08577002297735982,0.08577002326208757,0.08577002354680714,0.08577002383151835,0.0857700241162211,0.08577002440091556,0.08577002468560167,0.08577002497027979,0.08577002525494978,0.08577002553961131,0.08577002582426457,0.08577002610890952,0.0857700263935462,0.08577002667817467,0.0857700269627953,0.08577002724740725,0.08577002753201098,0.0857700278166063,0.08577002810119345,0.0857700283857721,0.08577002867034299,0.08577002895490536,0.08577002923945952,0.08577002952400552,0.08577002980854322,0.08577003009307273,0.08577003037759401,0.08577003066210635,0.08577003094661108,0.08577003123110781,0.08577003151559626,0.08577003180007632,0.08577003208454824,0.08577003236901216,0.08577003265346764,0.08577003293791485,0.0857700332223538,0.08577003350678476,0.08577003379120698,0.08577003407562128,0.08577003436002731,0.0857700346444253,0.08577003492881498,0.08577003521319648,0.08577003549756958,0.08577003578193468,0.08577003606629167,0.08577003635064034,0.0857700366349809,0.08577003691931308,0.08577003720363724,0.08577003748795316,0.08577003777226093,0.08577003805656044,0.08577003834085183,0.08577003862513499,0.0857700389094098,0.08577003919367668,0.085770039477935,0.08577003976218624,0.08577004004642853,0.08577004033066292,0.08577004061488887,0.08577004089910661,0.08577004118331594,0.08577004146751693,0.08577004175171067,0.08577004203589575,0.08577004232007238,0.08577004260424102,0.08577004288840168,0.08577004317255393,0.08577004345669831,0.0857700437408345,0.08577004402496255,0.08577004430908243,0.0857700445931942,0.08577004487729781,0.08577004516139305,0.08577004544548082,0.08577004572955992,0.08577004601363158,0.08577004629769364,0.0857700465817489,0.08577004686579645,0.08577004714983495,0.08577004743386527,0.08577004771788756,0.08577004800190166,0.08577004828590776,0.0857700485699057,0.08577004885389547,0.08577004913787693,0.08577004942185044,0.0857700497058156,0.08577004998977295,0.08577005027372218,0.08577005055766321,0.08577005084159621,0.08577005112552112,0.08577005140943801,0.08577005169334749,0.085770051977249,0.08577005226114111,0.08577005254502575,0.0857700528289023,0.08577005311277074,0.0857700533966309,0.08577005368048274,0.08577005396432648,0.08577005424816218,0.08577005453199,0.08577005481580989,0.08577005509962139,0.08577005538342494,0.08577005566722021,0.0857700559510064,0.08577005623478577,0.08577005651855704,0.08577005680232029,0.08577005708607525,0.08577005736982211,0.08577005765356092,0.08577005793729164,0.08577005822101431,0.08577005850472912,0.08577005878843547,0.08577005907213475,0.08577005935582536,0.08577005963950803,0.08577005992318228,0.08577006020684863,0.08577006049050728,0.08577006077415786,0.08577006105780016,0.08577006134143397,0.08577006162506018,0.08577006190867939,0.08577006219228955,0.08577006247589139,0.08577006275948551,0.08577006304307132,0.08577006332664933,0.08577006361021935,0.08577006389378136,0.08577006417733538,0.08577006446088134,0.08577006474441928,0.08577006502794937,0.08577006531147127,0.08577006559498523,0.08577006587849108,0.08577006616198898,0.08577006644547897,0.08577006672896084,0.08577006701243474,0.08577006729590059,0.0857700675793584,0.0857700678628083,0.08577006814625016,0.08577006842968407,0.08577006871310999,0.0857700689965279,0.08577006927993784,0.08577006956333964,0.08577006984673359,0.08577007013011964,0.08577007041349771,0.08577007069686816,0.08577007098023146,0.08577007126358555,0.08577007154693159,0.08577007183026963,0.0857700721135997,0.08577007239692179,0.08577007268023594,0.08577007296354215,0.08577007324684047,0.08577007353013054,0.08577007381341287,0.08577007409668708,0.08577007437995345,0.08577007466321183,0.08577007494646231,0.08577007522970478,0.08577007551293933,0.08577007579616591,0.08577007607938457,0.08577007636259526,0.08577007664579786,0.0857700769289922,0.0857700772121792,0.0857700774953581,0.08577007777852899,0.08577007806169239,0.08577007834484751,0.0857700786279947,0.08577007891113396,0.08577007919426528,0.08577007947738868,0.08577007976050416,0.08577008004361172,0.08577008032671132,0.08577008060980287,0.08577008089288618,0.08577008117596199,0.08577008145903012,0.08577008174208872,0.08577008202514086,0.08577008230818507,0.08577008259122133,0.08577008287424971,0.08577008315727122,0.08577008344028378,0.08577008372328847,0.08577008400628529,0.0857700842892741,0.08577008457225507,0.08577008485522816,0.08577008513819336,0.08577008542115071,0.08577008570409958,0.08577008598704054,0.08577008626997389,0.08577008655289968,0.08577008683581773,0.08577008711872783,0.08577008740162904,0.08577008768452321,0.08577008796740941,0.08577008825028794,0.08577008853315847,0.0857700888160214,0.08577008909887665,0.08577008938172376,0.08577008966456279,0.08577008994739406,0.08577009023021764,0.08577009051303328,0.085770090795841,0.08577009107864046,0.08577009136143242,0.08577009164421637,0.08577009192699239,0.08577009220976094,0.08577009249252167,0.08577009277527449,0.08577009305801965,0.08577009334075683,0.08577009362348614,0.0857700939062075,0.08577009418892095,0.08577009447162655,0.08577009475432468,0.08577009503701417,0.08577009531969546,0.08577009560236994,0.0857700958850364,0.08577009616769504,0.08577009645034607,0.08577009673298908,0.08577009701562671,0.0857700972982544,0.08577009758087352,0.08577009786348537,0.08577009814608928,0.08577009842868547,0.08577009871127385,0.08577009899385468,0.08577009927642743,0.0857700995589923,0.08577009984154828,0.08577010012409776,0.08577010040663863,0.08577010068917242,0.0857701009716985,0.08577010125421705,0.0857701015367275,0.08577010181923068,0.08577010210172546,0.08577010238421247,0.08577010266669159,0.08577010294916301,0.0857701032316253,0.08577010351408117,0.08577010379652858,0.08577010407896891,0.08577010436140149,0.08577010464382628,0.0857701049262431,0.08577010520865233,0.08577010549105397,0.08577010577344733,0.08577010605583343,0.08577010633821228,0.08577010662058264,0.08577010690294522,0.08577010718530012,0.0857701074676472,0.0857701077499871,0.08577010803231867,0.08577010831464274,0.08577010859695859,0.08577010887926727,0.08577010916156796,0.0857701094438606,0.08577010972614532,0.08577011000842273,0.08577011029069187,0.08577011057295378,0.08577011085520779,0.08577011113745431,0.08577011141969294,0.0857701117019239,0.08577011198414715,0.08577011226636268,0.08577011254857046,0.08577011283077093,0.08577011311296362,0.08577011339514813,0.08577011367732483,0.08577011395949383,0.08577011424165554,0.08577011452380917,0.08577011480595521,0.08577011508809348,0.08577011537022451,0.08577011565234727,0.08577011593446235,0.08577011621656976,0.08577011649866984,0.08577011678076189,0.0857701170628463,0.08577011734492325,0.08577011762699227,0.08577011790905362,0.08577011819110711,0.08577011847315329,0.0857701187551915,0.08577011903722206,0.08577011931924489,0.08577011960125996,0.08577011988326737,0.08577012016526715,0.08577012044725928,0.08577012072924377,0.08577012101122053,0.08577012129318975,0.08577012157515146,0.08577012185710528,0.08577012213905041,0.08577012242098882,0.08577012270291963,0.0857701229848427,0.08577012326675812,0.0857701235486659,0.08577012383056598,0.08577012411245842,0.08577012439434499,0.08577012467622208,0.08577012495809191,0.08577012523995374,0.08577012552180793,0.08577012580365452,0.0857701260854934,0.08577012636732467,0.0857701266491483,0.08577012693096425,0.08577012721277384,0.08577012749457438,0.08577012777636786,0.08577012805815329,0.08577012833993132,0.08577012862170162,0.08577012890346403,0.0857701291852188,0.08577012946696608,0.08577012974870585,0.08577013003043821,0.08577013031216282,0.08577013059388018,0.08577013087558945,0.08577013115729105,0.0857701314389851,0.08577013172067154,0.08577013200235034,0.08577013228402147,0.08577013256568508,0.08577013284734113,0.08577013312899001,0.08577013341063132,0.08577013369226498,0.08577013397389104,0.0857701342555095,0.08577013453712047,0.08577013481872385,0.08577013510031962,0.08577013538190721,0.08577013566348722,0.08577013594505964,0.08577013622662451,0.08577013650818195,0.0857701367897316,0.08577013707127353,0.08577013735280804,0.08577013763433496,0.08577013791585442,0.0857701381973663,0.08577013847887062,0.08577013876036722,0.0857701390418563,0.08577013932333774,0.0857701396048122,0.0857701398862785,0.08577014016773726,0.0857701404491885,0.08577014073063222,0.08577014101206837,0.08577014129349693,0.08577014157491794,0.08577014185633135,0.08577014213773726,0.08577014241913546,0.08577014270052635,0.08577014298190978,0.08577014326328551,0.08577014354465363,0.08577014382601492,0.08577014410736852,0.08577014438871401,0.08577014467005202,0.08577014495138252,0.08577014523270543,0.08577014551402079,0.0857701457953287,0.08577014607662903,0.08577014635792184,0.08577014663920715,0.08577014692048492,0.08577014720175517,0.08577014748301791,0.08577014776427311,0.0857701480455208,0.08577014832676101,0.08577014860799372,0.0857701488892189,0.08577014917043667,0.08577014945164699,0.08577014973284977,0.08577015001404495,0.08577015029523267,0.08577015057641285,0.08577015085758478,0.08577015113874993,0.08577015141990764,0.08577015170105781,0.08577015198220045,0.08577015226333563,0.0857701525444624,0.08577015282558187,0.08577015310669316,0.0857701533877967,0.08577015366889412,0.08577015394998429,0.085770154231067,0.08577015451214248,0.08577015479321047,0.0857701550742708,0.08577015535532365,0.0857701556363699,0.08577015591740672,0.08577015619843756,0.08577015647945972,0.08577015676047514,0.08577015704148308,0.08577015732248433,0.08577015760347698,0.08577015788446209,0.08577015816544035,0.08577015844641116,0.08577015872737437,0.08577015900833265,0.08577015928928106,0.08577015957022434,0.08577015985115867,0.08577016013208487,0.08577016041300341,0.08577016069391442,0.08577016097481815,0.08577016125571435,0.08577016153660319,0.0857701618174846,0.08577016209835868,0.08577016237922525,0.08577016266008546,0.085770162940937,0.08577016322178081,0.08577016350261837,0.0857701637834479,0.08577016406427003,0.08577016434508473,0.08577016462589183,0.0857701649066915,0.0857701651874837,0.08577016546826725,0.08577016574904477,0.08577016602981488,0.08577016631057655,0.08577016659133181,0.0857701668720796,0.08577016715282,0.08577016743355301,0.08577016771427866,0.08577016799499686,0.08577016827570762,0.08577016855641097,0.08577016883710621,0.08577016911779409,0.08577016939847451,0.08577016967914759,0.08577016995981326,0.0857701702404716,0.0857701705211225,0.08577017080176605,0.08577017108240224,0.08577017136303099,0.08577017164365235,0.08577017192426638,0.08577017220487304,0.08577017248547235,0.08577017276606429,0.08577017304664881,0.08577017332722597,0.08577017360779575,0.08577017388835823,0.08577017416891328,0.08577017444946103,0.08577017473000141,0.08577017501053445,0.0857701752910601,0.08577017557157839,0.08577017585208938,0.08577017613259295,0.08577017641308925,0.08577017669357868,0.08577017697406071,0.08577017725453541,0.0857701775350028,0.0857701778154628,0.08577017809591546,0.08577017837636076,0.08577017865679878,0.08577017893722944,0.08577017921765276,0.08577017949806874,0.08577017977847734,0.0857701800588787,0.08577018033927263,0.08577018061965931,0.0857701809000386,0.0857701811804106,0.08577018146077531,0.0857701817411326,0.08577018202148268,0.0857701823018254,0.08577018258216082,0.08577018286248903,0.08577018314280996,0.08577018342312362,0.08577018370343034,0.08577018398372938,0.08577018426402096,0.08577018454430523,0.08577018482458218,0.08577018510485183,0.08577018538511422,0.08577018566536924,0.08577018594561703,0.08577018622585747,0.08577018650609064,0.08577018678631654,0.0857701870665351,0.08577018734674592,0.08577018762694934,0.08577018790714537,0.08577018818733399,0.08577018846751507,0.08577018874768799,0.08577018902785455,0.0857701893080135,0.08577018958816558,0.08577018986831059,0.08577019014844896,0.08577019042858043,0.08577019070870448,0.08577019098882091,0.08577019126893017,0.08577019154903212,0.08577019182912643,0.08577019210921358,0.0857701923892939,0.08577019266936764,0.0857701929494334,0.08577019322949153,0.08577019350954229,0.08577019378958581,0.08577019406962243,0.08577019434965183,0.08577019462967389,0.08577019490968886,0.08577019518969578,0.08577019546969436,0.08577019574968617,0.08577019602967147,0.08577019630964977,0.08577019658962136,0.08577019686958576,0.08577019714954291,0.08577019742949281,0.08577019770943552,0.085770197989371,0.08577019826929931,0.0857701985492204,0.08577019882913434,0.08577019910904074,0.08577019938893918,0.08577019966883127,0.08577019994871635,0.08577020022859412,0.08577020050846458,0.08577020078832777,0.08577020106818381,0.08577020134803263,0.08577020162787424,0.0857702019077086,0.08577020218753581,0.08577020246735577,0.08577020274716858,0.08577020302697413,0.08577020330677253,0.0857702035865637,0.0857702038663477,0.08577020414612449,0.08577020442589413,0.0857702047056565,0.08577020498541169,0.0857702052651594,0.0857702055448998,0.08577020582463306,0.08577020610435915,0.08577020638407797,0.08577020666379034,0.08577020694349548,0.08577020722319346,0.08577020750288425,0.08577020778256789,0.08577020806224438,0.08577020834191364,0.08577020862157578,0.0857702089012307,0.08577020918087849,0.08577020946051911,0.08577020974015262,0.08577021001977887,0.08577021029939796,0.08577021057900998,0.08577021085861465,0.08577021113821229,0.08577021141780279,0.08577021169738615,0.0857702119769623,0.08577021225653132,0.08577021253609318,0.08577021281564794,0.0857702130951957,0.08577021337473537,0.08577021365426787,0.08577021393379299,0.08577021421331027,0.0857702144928212,0.08577021477232485,0.08577021505182128,0.08577021533131088,0.08577021561079341,0.08577021589026888,0.08577021616973825,0.08577021644920033,0.08577021672865598,0.08577021700810436,0.08577021728754397,0.08577021756697649,0.08577021784640182,0.0857702181258201,0.08577021840523127,0.08577021868463568,0.08577021896403304,0.08577021924342186,0.08577021952280323,0.08577021980217972,0.08577022008154928,0.0857702203609117,0.08577022064026651,0.08577022091961461,0.08577022119895648,0.08577022147829151,0.08577022175761673,0.08577022203693649,0.08577022231624923,0.08577022259555413,0.08577022287485203,0.08577022315414352,0.08577022343342777,0.08577022371270497,0.08577022399197512,0.08577022427123812,0.08577022455049407,0.08577022482974285,0.08577022510898509,0.08577022538822064,0.085770225667449,0.08577022594666994,0.08577022622588336,0.0857702265050899,0.08577022678428937,0.08577022706348157,0.08577022734266669,0.08577022762184482,0.08577022790101585,0.08577022818017979,0.08577022845933664,0.08577022873848641,0.08577022901762889,0.0857702292967646,0.08577022957589328,0.08577022985501466,0.08577023013412921,0.08577023041323631,0.08577023069233669,0.0857702309714301,0.08577023125051647,0.08577023152959598,0.08577023180866866,0.08577023208773388,0.08577023236679207,0.08577023264584341,0.08577023292488761,0.08577023320392485,0.0857702334829551,0.08577023376197829,0.08577023404099446,0.08577023432000348,0.08577023459900561,0.08577023487800076,0.08577023515698899,0.08577023543597,0.08577023571494391,0.08577023599391133,0.08577023627287121,0.08577023655182404,0.08577023683076991,0.08577023710970874,0.0857702373886406,0.08577023766756543,0.08577023794648367,0.08577023822539445,0.08577023850429928,0.08577023878319655,0.08577023906208689,0.08577023934096978,0.08577023961984556,0.08577023989871432,0.08577024017757628,0.08577024045643121,0.08577024073527906,0.08577024101411986,0.0857702412929538,0.08577024157178084,0.08577024185060088,0.085770242129414,0.08577024240821987,0.08577024268701879,0.08577024296581079,0.08577024324459585,0.08577024352337391,0.08577024380214501,0.08577024408090918,0.08577024435966635,0.0857702446384166,0.08577024491715957,0.08577024519589553,0.08577024547462452,0.08577024575334652,0.08577024603206149,0.08577024631076949,0.08577024658947088,0.08577024686816534,0.08577024714685269,0.08577024742553296,0.08577024770420638,0.08577024798287282,0.08577024826153234,0.08577024854018482,0.08577024881883032,0.08577024909746923,0.08577024937610093,0.08577024965472574,0.08577024993334365,0.08577025021195449,0.08577025049055845,0.08577025076915551,0.08577025104774565,0.08577025132632923,0.08577025160490544,0.08577025188347469,0.08577025216203704,0.08577025244059157,0.08577025271914034,0.08577025299768225,0.08577025327621718,0.08577025355474485,0.08577025383326566,0.08577025411177953,0.08577025439028654,0.08577025466878654,0.08577025494727976,0.08577025522576595,0.0857702555042453,0.08577025578271769,0.08577025606118302,0.08577025633964247,0.08577025661809544,0.085770256896541,0.08577025717497896,0.08577025745340996,0.08577025773183408,0.08577025801025118,0.08577025828866147,0.08577025856706545,0.08577025884546183,0.08577025912385136,0.08577025940223397,0.0857702596806108,0.08577025995898127,0.08577026023734358,0.08577026051569864,0.08577026079404546,0.08577026107238675,0.08577026135072124,0.08577026162904657,0.08577026190736733,0.08577026218568137,0.08577026246398846,0.0857702627422883,0.08577026302058166,0.08577026329886919,0.08577026357714872,0.08577026385542108,0.08577026413368684,0.08577026441194577,0.08577026469019758,0.08577026496844276,0.08577026524668145,0.08577026552491329,0.08577026580313789,0.08577026608135559,0.08577026635956647,0.08577026663777045,0.08577026691596766,0.08577026719415788,0.08577026747234133,0.08577026775051771,0.08577026802868745,0.08577026830685042,0.08577026858500689,0.08577026886315642,0.0857702691413,0.08577026941943572,0.08577026969756388,0.08577026997568526,0.0857702702538001,0.08577027053190824,0.085770270810009,0.08577027108810317,0.0857702713661909,0.08577027164427171,0.08577027192234703,0.08577027220041479,0.08577027247847498,0.08577027275652838,0.08577027303457496,0.08577027331261486,0.08577027359064802,0.08577027386867433,0.08577027414669433,0.08577027442470625,0.0857702747027119,0.08577027498071056,0.0857702752587027,0.08577027553668809,0.0857702758146667,0.08577027609263858,0.08577027637060355,0.08577027664856185,0.08577027692651322,0.08577027720445848,0.08577027748239642,0.08577027776032735,0.08577027803825141,0.08577027831616882,0.08577027859407879,0.085770278871984,0.08577027914988072,0.08577027942777088,0.08577027970565396,0.08577027998353068,0.08577028026140066,0.08577028053926361,0.08577028081711993,0.08577028109496955,0.08577028137281238,0.08577028165064847,0.08577028192847776,0.08577028220630023,0.08577028248411607,0.08577028276192525,0.08577028303972722,0.0857702833175228,0.08577028359531144,0.08577028387309336,0.0857702841508687,0.08577028442863707,0.08577028470639876,0.08577028498415362,0.08577028526190174,0.08577028553964298,0.08577028581737757,0.08577028609510545,0.08577028637282655,0.08577028665054091,0.08577028692824853,0.08577028720594936,0.08577028748364349,0.0857702877613308,0.08577028803901149,0.08577028831668582,0.08577028859435291,0.08577028887201316,0.08577028914966685,0.08577028942731327,0.08577028970495353,0.08577028998258705,0.08577029026021384,0.08577029053783383,0.0857702908154472,0.08577029109305373,0.0857702913706515,0.08577029164824464,0.08577029192583045,0.08577029220340955,0.08577029248098246,0.08577029275854868,0.08577029303610792,0.08577029331366057,0.08577029359120661,0.08577029386874593,0.08577029414627865,0.08577029442380464,0.08577029470132388,0.0857702949788365,0.08577029525634228,0.08577029553384143,0.08577029581133369,0.0857702960888195,0.0857702963662994,0.08577029664377192,0.08577029692123778,0.0857702971986959,0.08577029747614817,0.08577029775359381,0.08577029803103277,0.085770298308465,0.0857702985858907,0.08577029886330956,0.08577029914072166,0.08577029941812712,0.08577029969552599,0.0857702999729175,0.08577030025030316,0.08577030052768203,0.0857703008050536,0.08577030108241837,0.08577030135977737,0.08577030163712963,0.08577030191447486,0.08577030219181346,0.0857703024691456,0.08577030274647172,0.08577030302379052,0.08577030330110261,0.08577030357840836,0.08577030385570684,0.08577030413299909,0.08577030441028431,0.08577030468756375,0.08577030496483574,0.08577030524210105,0.08577030551935987,0.08577030579661217,0.08577030607385781,0.0857703063510968,0.08577030662832826,0.08577030690555323,0.08577030718277177,0.08577030745998412,0.0857703077371896,0.08577030801438852,0.08577030829158239,0.08577030856876937,0.08577030884594862,0.08577030912312132,0.08577030940028725,0.08577030967744656,0.08577030995459918,0.0857703102317451,0.08577031050888428,0.08577031078601684,0.08577031106314276,0.08577031134026225,0.08577031161737486,0.08577031189448119,0.08577031217158061,0.08577031244867202,0.08577031272575784,0.08577031300283708,0.08577031327991023,0.08577031355697687,0.08577031383403691,0.08577031411109085,0.08577031438813729,0.08577031466517715,0.08577031494221073,0.08577031521923774,0.0857703154962581,0.08577031577327193,0.0857703160502791,0.08577031632727944,0.08577031660427434,0.085770316881262,0.08577031715824247,0.08577031743521654,0.08577031771218431,0.08577031798914536,0.08577031826609975,0.08577031854304792,0.08577031881998896,0.0857703190969237,0.08577031937385182,0.0857703196507734,0.08577031992768862,0.08577032020459703,0.08577032048149884,0.08577032075839439,0.08577032103528309,0.08577032131216546,0.08577032158904212,0.08577032186591113,0.08577032214277364,0.08577032241962936,0.08577032269647827,0.08577032297332098,0.08577032325015717,0.08577032352698716,0.08577032380381154,0.08577032408062803,0.08577032435743807,0.08577032463424164,0.08577032491103831,0.08577032518782818,0.08577032546461187,0.0857703257413891,0.0857703260181594,0.08577032629492312,0.08577032657168125,0.08577032684843254,0.08577032712517711,0.08577032740191538,0.08577032767864683,0.08577032795537172,0.08577032823208965,0.08577032850880155,0.08577032878550683,0.08577032906220663,0.08577032933889896,0.08577032961558421,0.08577032989226385,0.08577033016893623,0.0857703304456024,0.085770330722262,0.08577033099891512,0.08577033127556173,0.08577033155220176,0.08577033182883527,0.08577033210546081,0.085770332382081,0.08577033265869498,0.08577033293530309,0.08577033321190405,0.08577033348849833,0.08577033376508739,0.0857703340416689,0.08577033431824382,0.08577033459481198,0.08577033487137396,0.08577033514792783,0.0857703354244766,0.08577033570101908,0.08577033597755483,0.08577033625408431,0.08577033653060726,0.0857703368071237,0.08577033708363371,0.08577033736013726,0.0857703376366353,0.08577033791312569,0.08577033818960948,0.08577033846608706,0.08577033874255813,0.08577033901902276,0.08577033929548095,0.08577033957193288,0.08577033984837819,0.0857703401248169,0.08577034040124916,0.08577034067767496,0.08577034095409436,0.08577034123050717,0.0857703415069135,0.08577034178331316,0.0857703420597066,0.08577034233609328,0.08577034261247381,0.08577034288884781,0.08577034316521527,0.0857703434415762,0.08577034371793026,0.08577034399427846,0.08577034427062008,0.08577034454695424,0.08577034482328308,0.08577034509960654,0.0857703453759223,0.08577034565223184,0.08577034592853501,0.08577034620483157,0.08577034648112153,0.08577034675740454,0.08577034703368182,0.08577034730995259,0.085770347586217,0.0857703478624746,0.08577034813872497,0.08577034841497,0.08577034869120873,0.08577034896744092,0.08577034924366693,0.08577034951988637,0.08577034979609999,0.08577035007230646,0.0857703503485066,0.08577035062470025,0.08577035090088753,0.08577035117706801,0.0857703514532424,0.0857703517294104,0.08577035200557132,0.08577035228172643,0.08577035255787525,0.08577035283401763,0.08577035311015176,0.08577035338628132,0.08577035366240437,0.08577035393852113,0.08577035421463139,0.08577035449073513,0.08577035476683269,0.08577035504292384,0.08577035531900859,0.08577035559508704,0.08577035587115914,0.08577035614722474,0.08577035642328458,0.08577035669933739,0.08577035697538377,0.08577035725142297,0.08577035752745604,0.08577035780348329,0.08577035807950421,0.08577035835551877,0.0857703586315269,0.0857703589075292,0.08577035918352441,0.08577035945951324,0.08577035973549645,0.0857703600114725,0.08577036028744232,0.08577036056340576,0.08577036083936293,0.08577036111531347,0.08577036139125786,0.08577036166719601,0.08577036194312761,0.08577036221905146,0.08577036249497004,0.08577036277088258,0.08577036304678941,0.08577036332268935,0.08577036359858209,0.08577036387446921,0.08577036415035003,0.08577036442622434,0.08577036470209226,0.085770364977954,0.08577036525380922,0.08577036552965822,0.08577036580550089,0.08577036608133509,0.08577036635716505,0.08577036663298873,0.08577036690880681,0.0857703671846177,0.08577036746042227,0.08577036773622053,0.08577036801201236,0.08577036828779791,0.08577036856357714,0.08577036883935
8,0.0,0.0,0.0,0.0,0.0,0.0,0.0,0.0,0.0,0.0,0.0,0.0,0.0,0.0,0.0,0.0,0.0,0.0,0.0,0.0,0.0,0.0,0.0,0.0,0.0,0.0,0.0,0.0,0.0,0.0,0.0,0.0,0.0,0.0,0.0,0.0,0.0,0.0,0.0,0.0,0.0,0.0,0.0,0.0,0.0,0.0,0.0,0.0,0.0,0.0,0.0,0.0,0.0,0.0,0.0,0.0,0.0,0.0,0.0,0.0,0.0,0.0,0.0,0.0,0.0,0.0,0.0,0.0,0.0,0.0,0.0,0.0,0.0,0.0,0.0,0.0,0.0,0.0,0.0,0.0,0.0,0.0,0.0,0.0,0.0,0.0,0.0,0.0,0.0,0.0,0.0,0.0,0.0,0.0,0.0,0.0,0.0,0.0,0.0,0.0,0.0,0.0,0.0,0.0,0.0,0.0,0.0,0.0,0.0,0.0,0.0,0.0,0.0,0.0,0.0,0.0,0.0,0.0,0.0,0.0,0.0,0.0,0.0,0.0,0.0,0.0,0.0,0.0,0.0,0.0,0.0,0.0,0.0,0.0,0.0,0.0,0.0,0.0,0.0,0.0,0.0,0.0,0.0,0.0,0.0,0.0,0.0,0.0,0.0,0.0,0.0,0.0,0.0,0.0,0.0,0.0,0.0,0.0,0.0,0.0,0.0,0.0,0.0,0.0,0.0,0.0,0.0,0.0,0.0,0.0,0.0,0.0,0.0,0.0,0.0,0.0,0.0,0.0,0.0,0.0,0.0,0.0,0.0,0.0,0.0,0.0,0.0,0.0,0.0,0.0,0.0,0.0,0.0,0.0,0.0,0.0,0.0,0.0,0.0,0.0,0.0,0.0,0.0,0.0,0.0,0.0,0.0,0.0,0.0,0.0,0.0,0.0,0.0,0.0,0.0,0.0,0.0,0.0,0.0,0.0,0.0,0.0,0.0,0.0,0.0,0.0,0.0,0.0,0.0,0.0,0.0,0.0,0.0,0.0,0.0,0.0,0.0,0.0,0.0,0.0,0.0,0.0,0.0,0.0,0.0,0.0,0.0,0.0,0.0,0.0,0.0,0.0,0.0,0.0,0.0,0.0,0.0,0.0,0.0,0.0,0.0,0.0,0.0,0.0,0.0,0.0,0.0,0.0,0.0,0.0,0.0,0.0,0.0,0.0,0.0,0.0,0.0,0.0,0.0,0.0,0.0,0.0,0.0,0.0,0.0,0.0,0.0,0.0,0.0,0.0,0.0,0.0,0.0,0.0,0.0,0.0,0.0,0.0,0.0,0.0,0.0,0.0,0.0,0.0,0.0,0.0,0.0,0.0,0.0,0.0,0.0,0.0,0.0,0.0,0.0,0.0,0.0,0.0,0.0,0.0,0.0,0.0,0.0,0.0,0.0,0.0,0.0,0.0,0.0,0.0,0.0,0.0,0.0,0.0,0.0,0.0,0.0,0.0,0.0,0.0,0.0,0.0,0.0,0.0,0.0,0.0,0.0,0.0,0.0,0.0,0.0,0.0,0.0,0.0,0.0,0.0,0.0,0.0,0.0,0.0,0.0,0.0,0.0,0.0,0.0,0.0,0.0,0.0,0.0,0.0,0.0,0.0,0.0,0.0,0.0,0.0,0.0,0.0,0.0,0.0,0.0,0.0,0.0,0.0,0.0,0.0,0.0,0.0,0.0,0.0,0.0,0.0,0.0,0.0,0.0,0.0,0.0,0.0,0.0,0.0,0.0,0.0,0.0,0.0,0.0,0.0,0.0,0.0,0.0,0.0,0.0,0.0,0.0,0.0,0.0,0.0,0.0,0.0,0.0,0.0,0.0,0.0,0.0,0.0,0.0,0.0,0.0,0.0,0.0,0.0,0.0,0.0,0.0,0.0,0.0,0.0,0.0,0.0,0.0,0.0,0.0,0.0,0.0,0.0,0.0,0.0,0.0,0.0,0.0,0.0,0.0,0.0,0.0,0.0,0.0,0.0,0.0,0.0,0.0,0.0,0.0,0.0,0.0,0.0,0.0,0.0,0.0,0.0,0.0,0.0,0.0,0.0,0.0,0.0,0.0,0.0,0.0,0.0,0.0,0.0,0.0,0.0,0.0,0.0,0.0,0.0,0.0,0.0,0.0,0.0,0.0,0.0,0.0,0.0,0.0,0.0,0.0,0.0,0.0,0.0,0.0,0.0,0.0,0.0,0.0,0.0,0.0,0.0,0.0,0.0,0.0,0.0,0.0,0.0,0.0,0.0,0.0,0.0,0.0,0.0,0.0,0.0,0.0,0.0,0.0,0.0,0.0,0.0,0.0,0.0,0.0,0.0,0.0,0.0,0.0,0.0,0.0,0.0,0.0,0.0,0.0,0.0,0.0,0.0,0.0,0.0,0.0,0.0,0.0,0.0,0.0,0.0,0.0,0.0,0.0,0.0,0.0,0.0,0.0,0.0,0.0,0.0,0.0,0.0,0.0,0.0,0.0,0.0,0.0,0.0,0.0,0.0,0.0,0.0,0.0,0.0,0.0,0.0,0.0,0.0,0.0,0.0,0.0,0.0,0.0,0.0,0.0,0.0,0.0,0.0,0.0,0.0,0.0,0.0,0.0,0.0,0.0,0.0,0.0,0.0,0.0,0.0,0.0,0.0,0.0,0.0,0.0,0.0,0.0,0.0,0.0,0.0,0.0,0.0,0.0,0.0,0.0,0.0,0.0,0.0,0.0,0.0,0.0,0.0,0.0,0.0,0.0,0.0,0.0,0.0,0.0,0.0,0.0,0.0,0.0,0.0,0.0,0.0,0.0,0.0,0.0,0.0,0.0,0.0,0.0,0.0,0.0,0.0,0.0,0.0,0.0,0.0,0.0,0.0,0.0,0.0,0.0,0.0,0.0,0.0,0.0,0.0,0.0,0.0,0.0,0.0,0.0,0.0,0.0,0.0,0.0,0.0,0.0,0.0,0.0,0.0,0.0,0.0,0.0,0.0,0.0,0.0,0.0,0.0,0.0,0.0,0.0,0.0,0.0,0.0,0.0,0.0,0.0,0.0,0.0,0.0,0.0,0.0,0.0,0.0,0.0,0.0,0.0,0.0,0.0,0.0,0.0,0.0,0.0,0.0,0.0,0.0,0.0,0.0,0.0,0.0,0.0,0.0,0.0,0.0,0.0,0.0,0.0,0.0,0.0,0.0,0.0,0.0,0.0,0.0,0.0,0.0,0.0,0.0,0.0,0.0,0.0,0.0,0.0,0.0,0.0,0.0,0.0,0.0,0.0,0.0,0.0,0.0,0.0,0.0,0.0,0.0,0.0,0.0,0.0,0.0,0.0,0.0,0.0,0.0,0.0,0.0,0.0,0.0,0.0,0.0,0.0,0.0,0.0,0.0,0.0,0.0,0.0,0.0,0.0,0.0,0.0,0.0,0.0,0.0,0.0,0.0,0.0,0.0,0.0,0.0,0.0,0.0,0.0,0.0,0.0,0.0,0.0,0.0,0.0,0.0,0.0,0.0,0.0,0.0,0.0,0.0,0.0,0.0,0.0,0.0,0.0,0.0,0.0,0.0,0.0,0.0,0.0,0.0,0.0,0.0,0.0,0.0,0.0,0.0,0.0,0.0,0.0,0.0,0.0,0.0,0.0,0.0,0.0,0.0,0.0,0.0,0.0,0.0,0.0,0.0,0.0,0.0,0.0,0.0,0.0,0.0,0.0,0.0,0.0,0.0,0.0,0.0,0.0,0.0,0.0,0.0,0.0,0.0,0.0,0.0,0.0,0.0,0.0,0.0,0.0,0.0,0.0,0.0,0.0,0.0,0.0,0.0,0.0,0.0,0.0,0.0,0.0,0.0,0.0,0.0,0.0,0.0,0.0,0.0,0.0,0.0,0.0,0.0,0.0,0.0,0.0,0.0,0.0,0.0,0.0,0.0,0.0,0.0,0.0,0.0,0.0,0.0,0.0,0.0,0.0,0.0,0.0,0.0,0.0,0.0,0.0,0.0,0.0,0.0,0.0,0.0,0.0,0.0,0.0,0.0,0.0,0.0,0.0,0.0,0.0,0.0,0.0,0.0,0.0,0.0,0.0,0.0,0.0,0.0,0.0,0.0,0.0,0.0,0.0,0.0,0.0,0.0,0.0,0.0,0.0,0.0,0.0,0.0,0.0,0.0,0.0,0.0,0.0,0.0,0.0,0.0,0.0,0.0,0.0,0.0,0.0,0.0,0.0,0.0,0.0,0.0,0.0,0.0,0.0,0.0,0.0,0.0,0.0,0.0,0.0,0.0,0.0,0.0,0.0,0.0,0.0,0.0,0.0,0.0,0.0,0.0,0.0,0.0,0.0,0.0,0.0,0.0,0.0,0.0,0.0,0.0,0.0,0.0,0.0,0.0,0.0,0.0,0.0,0.0,7.681375765532024e-08,1.3401409741728756e-07,1.768759895999345e-07,2.0928406264834734e-07,2.340925383486627e-07,2.533944769007983e-07,2.6872219371342345e-07,2.811958675819143e-07,2.9163339020740495e-07,3.0063135530652593e-07,3.0862463724627817e-07,3.159301335479363e-07,3.227788240306943e-07,3.293392286259438e-07,3.357345454949298e-07,3.420551539490619e-07,3.4836772318131205e-07,3.5472183987060406e-07,3.611548242207581e-07,3.6769522637304923e-07,3.743653620132132e-07,3.8118315024852097e-07,3.8816344524522737e-07,3.9531900138382477e-07,4.02661173590057e-07,4.1020042669830044e-07,4.179467074025232e-07,4.2590971774311467e-07,4.340991182203581e-07,4.425246809432887e-07,4.5119640747987546e-07,4.601246220994468e-07,4.693200481447443e-07,4.787938730549629e-07,4.885578061511093e-07,4.986241323504828e-07,5.090057633760544e-07,5.197162891417163e-07,5.307700297417222e-07,5.421820892147316e-07,5.5396841253234e-07,5.661458456189198e-07,5.787321996896266e-07,5.917463204452928e-07,6.052081625250554e-07,6.191388700133577e-07,6.335608637245211e-07,6.484979359249794e-07,6.639753530646356e-07,6.800199681396553e-07,6.966603422481797e-07,7.139268781374252e-07,7.318519653632338e-07,7.504701395695741e-07,7.698182565719903e-07,7.899356835473468e-07,8.108645083768255e-07,8.326497703727469e-07,8.553397138807696e-07,8.789860678840664e-07,9.036443546149545e-07,9.293742306632787e-07,9.562398646019705e-07,9.843103555321855e-07,1.0136601983458554e-06,1.0443697998674589e-06,1.0765260559687846e-06,1.1102229936336694e-06,1.145562489932018e-06,1.1826550769279424e-06,1.221620844981361e-06,1.262590458360893e-06,1.3057063000868038e-06,1.3511237628142154e-06,1.3990127117606008e-06,1.449559141940366e-06,1.5029670628193947e-06,1.559460645437509e-06,1.6192866751303598e-06,1.6827173606988954e-06,1.7500535603617734e-06,1.8216284968925255e-06,1.897812048688104e-06,1.9790157211507365e-06,2.065698424905734e-06,2.158373212785854e-06,2.257615164842749e-06,2.36407064671706e-06,2.478468225785903e-06,2.60163158771644e-06,2.734494890550055e-06,2.8781210900620148e-06,3.0337239146933752e-06,3.2026943423227165e-06,3.3866326647813754e-06,3.5873875251682946e-06,3.807103713071671e-06,4.048281032024699e-06,4.313847260495896e-06,4.6072491829372915e-06,4.932566979099111e-06,5.294659034523625e-06,5.699346747463876e-06,6.1536523830739475e-06,6.6661080067745185e-06,7.247160648840092e-06,7.909709242401203e-06,8.669824189234459e-06,9.547723316285355e-06,1.0569112843463074e-05,1.1767055727859547e-05,1.3184614363331533e-05,1.487864996587109e-05,1.6925382076680598e-05,1.942868014651258e-05,2.2532687029886314e-05,2.6441467941869884e-05,3.1450328210100806e-05,3.7996982163163604e-05,4.6747355050082635e-05,5.874311603064776e-05,7.566120174794855e-05,0.0001002775805413907,0.0001372963330379421,0.00019478567179434227,0.0002864291995623258,0.0004342249298946179,0.0006694768561937436,0.0010277783062660267,0.0015361402361234347,0.0021997291611065934,0.0029994312401829377,0.0039011309996050832,0.004868062672207078,0.0058693410859454965,0.006883374303303608,0.007897593897496209,0.008906235938798029,0.009907529474732288,0.010901136689862872,0.011886264325252088,0.012860656408897409,0.013820478722678881,0.014760844144613964,0.015676588444694575,0.016562969921233704,0.01741613093367432,0.018233303284382888,0.019012815407499124,0.019753977991181188,0.020456913043937645,0.021122370674127124,0.02175155887244186,0.022345997918913448,0.022907402574683086,0.023437590656830515,0.02393841455082834,0.024411711607227465,0.02485926953242173,0.025282803355168307,0.025683941134259782,0.026064216127946203,0.02642506364357069,0.026767821195806063,0.027093730933192152,0.027403943557276777,0.02769952316108881,0.027981452569584717,0.028250638885529665,0.028507919031864767,0.028754065149774192,0.028989789760685617,0.029215750636132232,0.02943255534625152,0.029640765475561385,0.029840900507404386,0.03003344138774408,0.030218833783673876,0.030397491054288458,0.03056979695802042,0.03073610811267992,0.030896756232308045,0.031052050160086525,0.031202277711850898,0.03134770735929362,0.031488589753096805,0.03162515911300424,0.031757634493002736,0.03188622093512358,0.03201111052207733,0.03213248333940208,0.03225050835441643,0.03235565678222392,0.032467709274434806,0.03257685058097971,0.032683212863712084,0.032786920860852595,0.03288809219290491,0.03298683778000039,0.0330832622727354,0.03317746446532807,0.03326953767657265,0.03335957010509389,0.033447645163757686,0.0335338417819189,0.03361823469288446,0.03370089469434368,0.03378188889346276,0.0338612809360301,0.03393913121692832,0.034015497077120184,0.034090432987069375,0.0341639907179317,0.03423621950049481,0.034307166174052696,0.03437687532513328,0.034445389417735624,0.034512748912673925,0.03457899238287564,0.03464415661886328,0.03470827672726741,0.03477138622442259,0.03483351712320163,0.03489470001493343,0.03495496414484239,0.03501433748552285,0.035072846803439486,0.0351305177221661,0.03518737478340804,0.03524344149950799,0.03529874041083107,0.03535329313150943,0.03540712039771971,0.03546024211161899,0.035512677382520424,0.03556444456556718,0.03561556129919639,0.03566604454011268,0.03571591059412066,0.03576517514946389,0.03581385330515078,0.03586195959868259,0.035909508031744926,0.03595651209518644,0.03600298479352162,0.03604893866511518,0.03609438580478648,0.03613933788201717,0.03618380616235478,0.03622780152140777,0.03627133446623448,0.036314415148800315,0.03635705338149078,0.03639925865186381,0.03644104013669298,0.036482406713836055,0.036523366976475354,0.03656392924375267,0.036604101572268496,0.03664389176684565,0.03668330739171945,0.036722355775567164,0.036761044028691625,0.036799379044655835,0.03683736751334291,0.03687501592614598,0.03691233058461599,0.036949317608246594,0.03698598293985922,0.03702233235455991,0.03705837146366509,0.03709410572205591,0.03712954043442597,0.03716468075946834,0.03719953171586304,0.03723409818755377,0.03726838492831464,0.03730239656597964,0.03733613760788375,0.037369612443904875,0.037402825351406016,0.03743578049876654,0.03746848194907198,0.03750093366403994,0.03753313950693041,0.03756510324580772,0.03759682855795769,0.0376283190310678,0.03765957816716168,0.03769060938523539,0.03772141602397344,0.037752001344242316,0.0377823685317787,0.03781252069854384,0.037842460886945394,0.03787219206983011,0.037901717154594644,0.03793103898346642,0.03796016033729823,0.03798908393539822,0.03801781243893606,0.03804634845193256,0.038074694523274014,0.03810285314785857,0.03813082676913706,0.038158617779296515,0.03818622852161053,0.038213661291655356,0.03824091833874819,0.03826800186618815,0.03829491403444883,0.03832165696109808,0.03834823272206134,0.038374643352968266,0.03840089085021456,0.038426977171873766,0.03845290423915656,0.03847867393668819,0.03850428811405952,0.03852974858614202,0.0385550571351727,0.03858021550982436,0.038605225427467006,0.03863008857383691,0.03865480660650989,0.03867938115157817,0.0387038138071384,0.03872810614316052,0.03875225970269618,0.038776276001831304,0.03880015653069812,0.0388239027543651,0.03884751611154332,0.03887099801904439,0.03889434986881573,0.03891757302995119,0.038940668849069444,0.03896363865049606,0.03898648373749106,0.0390092053919549,0.03903180487542709,0.039054283428851186,0.03907664227430869,0.03909888261424061,0.03912100563225065,0.03914301249357207,0.03916490434571022,0.03918668231825022,0.03920834752349969,0.039229901057401706,0.03925134399908495,0.03927267741143505,0.03929390234167538,0.03931501982147741,0.039336030867426236,0.039356936481763145,0.03937773765042662,0.039398435346763586,0.03941903052950427,0.0394395241440773,0.03945991712224637,0.039480210383046874,0.039500404831596975,0.03952050136111668,0.03954050085235665,0.039560404173622096,0.039580212182680624,0.039599925723112474,0.03961954562817043,0.03963907272014818,0.03965850780972579,0.03967785169756483,0.039697105173230614,0.03971626901586828,0.03973534399395734,0.03975433086674655,0.039773230383002914,0.0397920432819309,0.0398107702930897,0.039829412136623325,0.03984796952376252,0.03986644315674188,0.03988483372847776,0.039903141923302056,0.03992136841714104,0.03993951387719539,0.039957578963133504,0.03997556432552451,0.03999347060676414,0.040011298443287074,0.04002904846180749,0.040046721282193824,0.040064317516613636,0.04008183777000182,0.04009928264006947,0.04011665271739681,0.04013394858558484,0.04015117082127054,0.040168319994707345,0.04018539666879893,0.04020240139920282,0.04021933473838957,0.040236197229184166,0.04025298940927334,0.04026971181009123,0.04028636495708104,0.04030294936976383,0.040319465562554224,0.040335914042519225,0.04035229531068616,0.04036860986451756,0.04038485819507468,0.04039802823379501,0.04041415746309238,0.040430221760303225,0.04044622159954279,0.040462157449070106,0.04047802977167922,0.04049383902506776,0.04050958566133674,0.04052527012971253,0.040540892872465685,0.04055645432774493,0.040571954929011,0.04058739510551385,0.040602775281095994,0.04061809587591256,0.04063335730515503,0.040648559979985566,0.04066370430709248,0.04067879068942619,0.04069381952495323,0.040708791207525,0.04072370612772602,0.040738564671249096,0.04075336722105095,0.04076811415528118,0.04078280584809154,0.040797442670328185,0.040812024989005206,0.04082655316735105,0.04084102756507185,0.040855448538007856,0.04086981643822634,0.04088413161614298,0.04089839441694325,0.040912605182586645,0.040926764251992126,0.04094087196025014,0.04095492864056474,0.040968934621619865,0.04098289022934446,0.04099679578664539,0.04101065161301814,0.04102445802522952,0.041038215336864456,0.041051923858835736,0.041065583898699805,0.04107919576130414,0.041092759748517886,0.041106276159631465,0.04111974529102499,0.041133167436290155,0.04114654288635865,0.04115987192945262,0.0411731548511442,0.04118639193402484,0.041199583458758966,0.041212729703654145,0.041225830943602056,0.04123888745122894,0.0412518994970462,0.04126486734897019,0.04127779127251683,0.041290671531513966,0.04130350838607342,0.04131630209468751,0.04132905291354142,0.04134176109516783,0.04135442689346017,0.041367050557719,0.0413796323338993,0.04139217246828608,0.04140467120338189,0.04141712877964656,0.04142954543662065,0.04144192141191394,0.04145425693946384,0.04146655225212015,0.04147880758027603,0.041491023153040645,0.04150319919749307,0.04151533593831138,0.0415274335985532,0.04153949239943657,0.041551512560283575,0.04156349429857906,0.04157543783001238,0.04158734336905486,0.041599211127608025,0.04161104131562214,0.04162283414173897,0.04163458981287829,0.04164630853428052,0.041657990509500316,0.04166963593951774,0.04168124502551197,0.04169281796611612,0.04170435495835443,0.041715856197810625,0.04172732187815757,0.04173875219181322,0.0417501473295085,0.041761507480453805,0.04177283283250353,0.04178412357188572,0.04179537988328248,0.04180660195028372,0.04181778995435934,0.04182894407628544,0.04184006449518951,0.041851151389007246,0.041862204933735624,0.041873225304138104,0.04188421267371015,0.04189516721521241,0.04190608909934971,0.0419169784957356,0.04192783557249751,0.04193866049673416,0.04194945343410798,0.04196021454905646,0.04197094400587609,0.04198164196491277,0.04199230858782253,0.04200294403427726,0.04201354846270068,0.04202412202964505,0.042034664891983216,0.04204517720356502,0.04205565911868027,0.04206611078997013,0.042076532368860504,0.042086924005673716,0.04209728584997932,0.04210761804939324,0.04211792075117048,0.04212819410156515,0.042138438245087395,0.04214865332547076,0.042158839486204185,0.042168996868794086,0.04217912561400962,0.04218922586164018,0.04219929775040278,0.042209341418159574,0.042219357001681085,0.04222934463679072,0.04223930445841491,0.04224923660040819,0.04225914119575347,0.04226901837645862,0.04227886827362421,0.04228869101741623,0.04229848673711103,0.04230825556098445,0.04231799761660504,0.04232771303058939,0.042337401928638475,0.04234706443561674,0.04235670067553889,0.04236631077146295,0.04237589484558266,0.04238545301940276,0.04239498541355474,0.042404492147833886,0.04241397334121793,0.04242342911192428,0.04243285957757608,0.042442264853868046,0.042451645057717535,0.042461000303649,0.042470330705142105,0.04247963637665579,0.042488917430714396,0.04249817397916893,0.042507406133717306,0.04251661400394045,0.04252579770060723,0.042534957331707715,0.042544093005953555,0.04255320483102623,0.04256229291381786,0.04257135736042494,0.04258039827655799,0.042589415766905565,0.04259840993559338,0.04260738088607815,0.04261632872113298,0.04262525354278163,0.04263415545267431,0.04264303455157669,0.04265189093960101,0.042660724716358525,0.04266953598051923,0.04267832483000174,0.04268709136349286,0.04269583567699882,0.04270455786746431,0.042713258030595246,0.042721936261211936,0.04273059265425403,0.04273922730382369,0.04274784030310996,0.042756431744770174,0.042765001722125405,0.04277355032567384,0.042782077646547303,0.042790583775384056,0.04279906880187839,0.04280753281583429,0.042815975906381885,0.0428243981614895,0.042832799668452486,0.0428411805149364,0.04284954078761532,0.0428578805726574,0.04286619995570559,0.04287449902189575,0.04288277785578095,0.042891036541452335,0.042899275162550626,0.04290749380210622,0.04291569254269846,0.04292387146633064,0.042932030654666796,0.04294017018880622,0.042948290149362064,0.04295639061646713,0.04296447166977996,0.04297253338848515,0.042980575851297234,0.04298859913646645,0.04299660332178081,0.04300458848479405,0.04301255470195696,0.043020502049912854,0.043028430604590474,0.04303634044162108,0.04304423163601071,0.043052104262434464,0.04305995839511399,0.04306779410786239,0.04307561147401382,0.0430834105665169,0.043091191457891705,0.04309895422024088,0.043106698925267764,0.043114425644234775,0.043122134448012335,0.04312982540706589,0.043137498591458934,0.04314515407084217,0.043152791914499916,0.043160412191308964,0.04316801496975719,0.043175600317945054,0.0431831683035896,0.04319071899403501,0.0431982524562236,0.043205768756741564,0.04321326796177315,0.043220750137194223,0.04322821534850946,0.043235663660460895,0.04324309513897299,0.04325050984760427,0.04325790785038274,0.043265289210881734,0.04327265399253043,0.04328000225831749,0.043287334070864575,0.043294649492500316,0.04330194858513614,0.0433092314097862,0.043316498028321535,0.0433237485017731,0.043330982890665136,0.04333820125528154,0.0433454036555767,0.043352590151092836,0.043359760801228484,0.043366915664975775,0.043374054801111436,0.04338117826778847,0.04338828612315705,0.04339537842507077,0.043402455230961395,0.043409516598170876,0.043416562582848046,0.0434235932414784,0.04343060863099191,0.04343760880675292,0.043444593824355414,0.043451563739628614,0.043458518607346834,0.04346545848226028,0.04347238341883834,0.04347929347128864,0.043486188693433805,0.043493069138820076,0.04349993486096025,0.04350678591280217,0.04351362234724436,0.04352044421672094,0.04352725157345651,0.043534044469443416,0.043540822956366285,0.04354758708565809,0.04355433690848741,0.04356107247576112,0.04356779383810141,0.043574501046412736,0.04358119414911442,0.04358787319803252,0.04359453824194702,0.04360118933045591,0.043607826512533844,0.04361444983705238,0.043621059352668363,0.04362765510771646,0.04363423715035412,0.043640805528473776,0.04364736028972698,0.04365390148152611,0.04366042915104577,0.04366694334522635,0.0436734441107735,0.04367993149416119,0.04368640554163164,0.0436928662991578,0.04369931381257309,0.043705748127431956,0.04371216928906686,0.04371857734257977,0.04372497233284906,0.04373135430463256,0.04373772330229068,0.043744079370043425,0.04375042255191767,0.043756752891713054,0.04376307043299927,0.04376937521916833,0.04377566729338252,0.04378194669859458,0.04378821347754923,0.043794467672784367,0.04380070932663251,0.04380693848124489,0.04381315517850122,0.043819359460148664,0.04382555136771084,0.04383173094247794,0.0438378982256463,0.04384405325811188,0.04385019608061005,0.04385632673368225,0.04386244525767715,0.043868551692769375,0.043874646078908765,0.04388072845585665,0.04388679886322607,0.04389285734042749,0.04389890392664677,0.043904938660932036,0.043910961582155954,0.04391697272896555,0.04392297213965358,0.04392895985287672,0.04393493590660052,0.04394090033875188,0.04394685318679594,0.04395279448899491,0.04395872428191564,0.043964642603857094,0.043970549491054015,0.043976444981086577,0.04398232911033533,0.043988201915517215,0.04399406343272898,0.0439999136983534,0.04400575274845605,0.04401158061903855,0.044017397345649044,0.04402320296394619,0.04402899750935633,0.044034781017110294,0.044040553522323986,0.0440463150598617,0.04405206566448985,0.04405780537092058,0.04406353421355456,0.04406925222674338,0.04407495944451882,0.044080655901232446,0.04408634163005888,0.04409201666507061,0.04409768103982312,0.04410333478777004,0.04410897794214634,0.04411461053595975,0.0441202326021686,0.04412584417357422,0.04413144528282976,0.044137035962439994,0.04414261624476753,0.04414818616203648,0.04415374574632301,0.04415929502957473,0.044164834043569676,0.04417036281977574,0.044175881390100855,0.04418138978574152,0.044186888037917815,0.04419237617775163,0.044197854236032605,0.044203322244040846,0.044208780232091,0.04421422823086587,0.044219666270818456,0.04422509438223197,0.04423051259533133,0.04423592094049566,0.04424131944706711,0.04424670814471273,0.04425208706333361,0.04425745623255298,0.04426281568173013,0.0442681654401244,0.04427350553688691,0.04427883600104075,0.04428415686148653,0.04428946814694986,0.04429476988613507,0.044300062107575255,0.04430534483973146,0.04431061811082771,0.04431588194864831,0.04432113638208249,0.044326381438625106,0.04433161714609281,0.04433684353218439,0.04434206062448147,0.044347268450450165,0.044352467037440065,0.04435765641267363,0.04436283660332043,0.044368007636303906,0.04437316953857031,0.0443783223374489,0.044383466059065256,0.04438860072999269,0.044393726376137116,0.044398843024379304,0.044403950700944834,0.04440904943195765,0.04441413924344077,0.04441922016130012,0.044424292211336744,0.04442935541925118,0.044434409810626505,0.044439455411242924,0.04444449224635278,0.04444952034059537,0.04445453971962007,0.04445955040838561,0.044464552431988484,0.04446954581512467,0.044474530582685926,0.04447950675936497,0.044484474370012524,0.04448943343881528,0.04449438399000194,0.04449932604848752,0.04450425963744783,0.04450918478190565,0.04451410150502827,0.04451900983106021,0.04452390978379031,0.044528801386904585,0.0445336846639099,0.04453855963839934,0.04454342633375083,0.044548284773316134,0.0445531349802103,0.044557976977659744,0.044562810788652985,0.04456763643617092,0.04457245394306184,0.04457726333207343,0.0445820646258784,0.0445868578470679,0.04459164301812084,0.044596420161451274,0.04460118929935982,0.04460595045412839,0.04461070364782845,0.04461544890255108,0.04462018624026578,0.04462491568285616,0.0446296372521203,0.04463435096976892,0.044639056857435445,0.044643754936661804,0.044648445228902676,0.044653127755545564,0.0446578025378827,0.04466246959712304,0.044667128954396805,0.04467178063075467,0.04467642464716043,0.04468106102450165,0.044685689783584684,0.04469031094513386,0.04469492452978583,0.04469953055814095,0.04470412905061618,0.04470872002779024,0.04471330350980425,0.04471787951697746,0.044722448069503984,0.04472700918728066,0.044731562890684494,0.044736109199561565,0.044740648133669875,0.04474517971295312,0.044749703957022206,0.0447542208855305,0.04475873051809136,0.044763232874147484,0.0447677279731997,0.04477221583456378,0.04477669647752017,0.04478116992127702,0.044785636184970556,0.044790095287666726,0.04479454724834731,0.04479899208596071,0.04480342981932417,0.04480786046724084,0.04481228404841778,0.04481670058148773,0.044821110085130164,0.04482551257767081,0.04482990807762556,0.044834296603361364,0.044838678173177104,0.044843052805307204,0.04484742051790986,0.04485178132908523,0.044856135256864015,0.04486048231921352,0.04486482253402915,0.04486915591914362,0.04487348249232435,0.044877802271273665,0.04488211527362933,0.04488642151696463,0.0448907210187887,0.04489501379654707,0.04489929986762157,0.04490357924933093,0.04490785195885978,0.0449121180135445,0.04491637743032351,0.04492063022639885,0.04492487641873126,0.04492911602444927,0.044933349060289715,0.04493757554293035,0.04494179548943386,0.044946008916342574,0.044950215840318615,0.04495441627783194,0.044958610245519094,0.04496279775987364,0.044966978837322424,0.044971153494134136,0.04497532174661793,0.04497948361100501,0.04498363910346902,0.04498778824012579,0.04499193103703406,0.044996067510195546,0.045000197675555506,0.04500432154900402,0.04500843914635205,0.04501255048339645,0.04501665557586736,0.0450207544394211,0.04502075445594844,0.045020754461633346,0.045020754463497174,0.04502075446402258,0.04502075446407951,0.045020754463972676,0.04502075446380892,0.04502075446362562,0.04502075446343591,0.04502075446324436,0.04502075446305262,0.04502075446286123,0.0450207544626704,0.04502075446248024,0.0450207544622907,0.045020754462101846,0.04502075446191368,0.04502075446172619,0.04502075446153937,0.04502075446135325,0.045020754461167815,0.04502075446098309,0.045020754460799055,0.045020754460615736,0.0450207544604331,0.04502075446025118,0.045020754460069985,0.04502075445988947,0.04502075445970966,0.04502075445953059,0.04502075445935222,0.0450207544591746,0.04502075445899767,0.04502075445882147,0.045020754458646006,0.04502075445847125,0.04502075445829722,0.04502075445812391,0.04502075445795135,0.045020754457779484,0.04502075445760834,0.04502075445743799,0.04502075445726832,0.0450207544570994,0.04502075445693123,0.04502075445676377,0.04502075445659704,0.04502075445643105,0.0450207544562658,0.04502075445610129,0.04502075445593749,0.04502075445577442,0.04502075445561209,0.04502075445545051,0.045020754455289656,0.04502075445512954,0.04502075445497016,0.04502075445481151,0.045020754454653575,0.04502075445449642,0.045020754454339944,0.04502075445418424,0.04502075445402923,0.04502075445387495,0.04502075445372142,0.04502075445356861,0.04502075445341652,0.045020754453265144,0.04502075445311453,0.04502075445296459,0.04502075445281541,0.04502075445266695,0.04502075445251918,0.04502075445237213,0.04502075445222581,0.04502075445208007,0.04502075445193519,0.04502075445179101,0.045020754451647514,0.045020754451504746,0.04502075445136265,0.045020754451221286,0.04502075445108061,0.04502075445094063,0.04502075445080135,0.045020754450662795,0.04502075445052489,0.045020754450387654,0.045020754450251166,0.04502075445011532,0.04502075444998019,0.045020754449845705,0.04502075444971191,0.04502075444957879,0.045020754449446344,0.04502075444931456,0.04502075444918348,0.04502075444905304,0.045020754448923284,0.04502075444879418,0.0450207544486657,0.04502075444853789,0.04502075444841076,0.045020754448284274,0.045020754448158416,0.0450207544480332,0.045020754447908644,0.04502075444778471,0.045020754447661425,0.04502075444753878,0.045020754447416746,0.04502075444729534,0.04502075444717456,0.04502075444705439,0.045020754446934826,0.045020754446815914,0.04502075444669757,0.045020754446579894,0.04502075444646277,0.04502075444634626,0.04502075444623034,0.04502075444611505,0.0450207544460003,0.04502075444588617,0.04502075444577264,0.04502075444565967,0.04502075444554728,0.0450207544454355,0.045020754445324246,0.04502075444521358,0.04502075444510345,0.04502075444499393,0.045020754444884944,0.04502075444477653,0.045020754444668666,0.04502075444456138,0.045020754444454594,0.04502075444434835,0.04502075444424267,0.045020754444137535,0.04502075444403291,0.04502075444392884,0.04502075444382529,0.045020754443722256,0.045020754443619755,0.045020754443517774,0.04502075444341629,0.045020754443315304,0.04502075444321488,0.04502075444311493,0.04502075444301547,0.0450207544429165,0.04502075444281804,0.04502075444272005,0.04502075444262257,0.04502075444252556,0.04502075444242905,0.04502075444233302,0.04502075444223745,0.04502075444214238,0.04502075444204775,0.04502075444195358,0.045020754441859885,0.04502075444176666,0.04502075444167388,0.04502075444158153,0.045020754441489653,0.04502075444139822,0.04502075444130724,0.04502075444121667,0.04502075444112656,0.04502075444103688,0.04502075444094763,0.04502075444085879,0.045020754440770396,0.045020754440682396,0.045020754440594855,0.045020754440507675,0.04502075444042097,0.04502075444033461,0.04502075444024871,0.04502075444016319,0.045020754440078053,0.04502075443999331,0.04502075443990901,0.045020754439825034,0.045020754439741496,0.04502075443965831,0.04502075443957556,0.04502075443949317,0.045020754439411115,0.04502075443932947,0.04502075443924817,0.045020754439167254,0.0450207544390867,0.04502075443900649,0.04502075443892666,0.04502075443884715,0.04502075443876804,0.045020754438689255,0.045020754438610804,0.045020754438532734,0.045020754438454956,0.04502075443837757,0.045020754438300475,0.04502075443822374,0.04502075443814732,0.04502075443807124,0.045020754437995476,0.04502075443792006,0.04502075443784492,0.04502075443777016,0.04502075443769566,0.045020754437621505,0.04502075443754764,0.0450207544374741,0.04502075443740087,0.045020754437327906,0.04502075443725524,0.04502075443718292,0.04502075443711083,0.04502075443703906,0.04502075443696759,0.045020754436896425,0.045020754436825496,0.0450207544367549,0.04502075443668453,0.04502075443661451,0.04502075443654475,0.04502075443647522,0.04502075443640599,0.04502075443633702,0.04502075443626833,0.04502075443619987,0.0450207544361317,0.04502075443606379,0.04502075443599611,0.04502075443592873,0.04502075443586155,0.045020754435794653,0.045020754435728026,0.04502075443566161,0.04502075443559546,0.04502075443552956,0.045020754435463876,0.04502075443539844,0.04502075443533325,0.04502075443526827,0.045020754435203536,0.04502075443513905,0.04502075443507478,0.045020754435010704,0.04502075443494689,0.0450207544348833,0.045020754434819905,0.04502075443475672,0.04502075443469379,0.04502075443463104,0.04502075443456853,0.04502075443450624,0.045020754434444095,0.0450207544343822,0.04502075443432052,0.04502075443425905,0.04502075443419776,0.045020754434136695,0.04502075443407581,0.04502075443401511,0.04502075443395469,0.045020754433894375,0.04502075443383426,0.04502075443377433,0.04502075443371463,0.045020754433655066,0.045020754433595725,0.04502075443353656,0.045020754433477556,0.045020754433418735,0.0450207544333601,0.045020754433301655,0.04502075443324335,0.04502075443318524,0.04502075443312728,0.045020754433069514,0.04502075443301189,0.04502075443295444,0.04502075443289719,0.045020754432840086,0.04502075443278312,0.04502075443272633,0.04502075443266968,0.04502075443261322,0.04502075443255691,0.045020754432500774,0.04502075443244475,0.045020754432388906,0.045020754432333186,0.04502075443227766,0.045020754432222254,0.04502075443216701,0.04502075443211191,0.04502075443205694,0.04502075443200211,0.045020754431947446,0.04502075443189292,0.04502075443183856,0.045020754431784285,0.045020754431730155,0.04502075443167617,0.04502075443162232,0.0450207544315686,0.045020754431515014,0.045020754431461585,0.04502075443140824,0.04502075443135505,0.045020754431301976,0.045020754431249026,0.045020754431196214,0.04502075443114353,0.04502075443109096,0.04502075443103853,0.045020754430986194,0.04502075443093397,0.045020754430881875,0.045020754430829917,0.045020754430778034,0.04502075443072629,0.04502075443067468,0.04502075443062316,0.045020754430571776,0.04502075443052048,0.045020754430469295,0.04502075443041824,0.045020754430367266,0.04502075443031644,0.04502075443026571,0.04502075443021505,0.04502075443016452,0.04502075443011408,0.045020754430063745,0.04502075443001353,0.04502075442996339,0.045020754429913365,0.04502075442986345,0.04502075442981359,0.045020754429763866,0.045020754429714226,0.045020754429664696,0.045020754429615235,0.04502075442956589,0.04502075442951661,0.04502075442946744,0.045020754429418365,0.04502075442936937,0.04502075442932046,0.045020754429271656,0.045020754429222924,0.04502075442917429,0.045020754429125745,0.04502075442907728,0.0450207544290289,0.0450207544289806,0.04502075442893237,0.04502075442888426,0.045020754428836185,0.04502075442878824,0.04502075442874033,0.04502075442869252,0.045020754428644796,0.04502075442859715,0.04502075442854957,0.04502075442850208,0.04502075442845464,0.0450207544284073,0.04502075442836004,0.04502075442831283,0.0450207544282657,0.04502075442821864,0.04502075442817166,0.04502075442812473,0.04502075442807792,0.04502075442803114,0.045020754427984436,0.04502075442793783,0.04502075442789127,0.04502075442784479,0.04502075442779835,0.045020754427752004,0.045020754427705714,0.04502075442765951,0.04502075442761337,0.045020754427567256,0.04502075442752123,0.045020754427475294,0.04502075442742936,0.04502075442738353,0.045020754427337745,0.04502075442729203,0.04502075442724639,0.04502075442720079,0.04502075442715525,0.04502075442710979,0.04502075442706437,0.045020754427019,0.045020754426973716,0.045020754426928454,0.04502075442688327,0.04502075442683812,0.04502075442679305,0.04502075442674801,0.045020754426703044,0.045020754426658115,0.045020754426613255,0.04502075442656846,0.045020754426523715,0.04502075442647901,0.04502075442643434,0.04502075442638973,0.045020754426345205,0.0450207544263007,0.045020754426256256,0.04502075442621187,0.045020754426167514,0.04502075442612321,0.045020754426078946,0.04502075442603475,0.04502075442599059,0.045020754425946496,0.045020754425902434,0.045020754425858414,0.045020754425814435,0.04502075442577051,0.04502075442572666,0.045020754425682846,0.045020754425639034,0.045020754425595284,0.04502075442555158,0.04502075442550793,0.04502075442546433,0.04502075442542074,0.04502075442537721,0.04502075442533374,0.04502075442529029,0.04502075442524691,0.04502075442520354,0.045020754425160216,0.04502075442511693,0.04502075442507367,0.04502075442503049,0.04502075442498734,0.04502075442494423,0.04502075442490113,0.04502075442485809,0.045020754424815075,0.04502075442477213,0.04502075442472917,0.045020754424686275,0.04502075442464345,0.045020754424600615,0.04502075442455784,0.04502075442451509,0.04502075442447237,0.04502075442442969,0.045020754424387056,0.04502075442434445,0.045020754424301895,0.04502075442425935,0.04502075442421686,0.04502075442417441,0.045020754424131955,0.04502075442408958,0.04502075442404722,0.04502075442400491,0.0450207544239626,0.045020754423920346,0.04502075442387809,0.045020754423835914,0.04502075442379374,0.045020754423751606,0.04502075442370953,0.04502075442366744,0.0450207544236254,0.04502075442358341,0.04502075442354143,0.04502075442349947,0.04502075442345755,0.045020754423415646,0.04502075442337379,0.04502075442333198,0.04502075442329017,0.0450207544232484,0.04502075442320666,0.045020754423164965,0.04502075442312326,0.04502075442308163,0.04502075442303998,0.04502075442299839,0.04502075442295682,0.04502075442291527,0.045020754422873746,0.04502075442283226,0.0450207544227908,0.04502075442274936,0.04502075442270795,0.04502075442266655,0.04502075442262521,0.045020754422583874,0.045020754422542573,0.04502075442250127,0.045020754422460015,0.04502075442241877,0.04502075442237757,0.04502075442233637,0.04502075442229518,0.04502075442225404,0.045020754422212955,0.045020754422171884,0.04502075442213082,0.04502075442208977,0.04502075442204879,0.045020754422007814,0.04502075442196683,0.04502075442192591,0.04502075442188496,0.04502075442184406,0.04502075442180322,0.04502075442176234,0.04502075442172151,0.045020754421680714,0.04502075442163993,0.045020754421599175,0.04502075442155844,0.0450207544215177,0.04502075442147701,0.04502075442143636,0.045020754421395706,0.04502075442135508,0.04502075442131445,0.04502075442127387,0.04502075442123331,0.04502075442119276,0.04502075442115226,0.04502075442111173,0.045020754421071264,0.04502075442103079,0.04502075442099037,0.04502075442094993,0.04502075442090954,0.04502075442086916,0.04502075442082881,0.04502075442078851,0.04502075442074817,0.04502075442070786,0.04502075442066761,0.04502075442062732,0.045020754420587075,0.04502075442054685,0.04502075442050663,0.04502075442046645,0.045020754420426266,0.04502075442038612,0.04502075442034599,0.04502075442030586,0.045020754420265735,0.04502075442022566,0.045020754420185605,0.045020754420145546,0.045020754420105544,0.04502075442006551,0.04502075442002555,0.04502075441998556,0.045020754419945616,0.0450207544199057,0.04502075441986576,0.045020754419825844,0.045020754419785966,0.04502075441974611,0.045020754419706266,0.045020754419666416,0.04502075441962661,0.045020754419586806,0.045020754419547,0.045020754419507245,0.045020754419467506,0.04502075441942775,0.04502075441938803,0.045020754419348316,0.045020754419308646,0.045020754419268956,0.0450207544192293,0.04502075441918965,0.04502075441915002,0.04502075441911045,0.045020754419070844,0.04502075441903126,0.04502075441899171,0.04502075441895214,0.045020754418912616,0.04502075441887309,0.045020754418833575,0.04502075441879409,0.04502075441875463,0.045020754418715184,0.04502075441867573,0.045020754418636295,0.045020754418596896,0.0450207544185575,0.045020754418518105,0.045020754418478734,0.045020754418439383,0.04502075441840007,0.04502075441836076,0.04502075441832145,0.04502075441828215,0.045020754418242874,0.04502075441820363,0.04502075441816436,0.04502075441812511,0.04502075441808591,0.045020754418046684,0.04502075441800751,0.04502075441796833,0.045020754417929146,0.04502075441789002,0.04502075441785086,0.045020754417811754,0.04502075441777264,0.04502075441773356,0.04502075441769445,0.045020754417655386,0.04502075441761635,0.045020754417577295,0.04502075441753827,0.04502075441749926,0.04502075441746024,0.04502075441742127,0.04502075441738229,0.04502075441734332,0.045020754417304354,0.04502075441726542,0.045020754417226506,0.045020754417187586,0.04502075441714869,0.045020754417109815,0.04502075441707092,0.045020754417032065,0.045020754416993235,0.045020754416954405,0.04502075441691558,0.04502075441687678,0.04502075441683799,0.0450207544167992,0.04502075441676044,0.04502075441672168,0.04502075441668293,0.04502075441664421,0.045020754416605475,0.045020754416566784,0.04502075441652805,0.04502075441648937,0.04502075441645069,0.045020754416412054,0.04502075441637338,0.045020754416334754,0.045020754416296126,0.04502075441625752,0.04502075441621892,0.045020754416180336,0.04502075441614174,0.04502075441610318,0.045020754416064644,0.04502075441602608,0.04502075441598757,0.04502075441594903,0.04502075441591054,0.04502075441587206,0.04502075441583358,0.04502075441579509,0.04502075441575664,0.045020754415718185,0.045020754415679744,0.04502075441564133,0.04502075441560292,0.045020754415564516,0.04502075441552614,0.04502075441548775,0.045020754415449366,0.04502075441541102,0.04502075441537269,0.045020754415334346,0.045020754415296,0.0450207544152577,0.045020754415219376,0.04502075441518109,0.04502075441514281,0.04502075441510452,0.04502075441506627,0.045020754415028036,0.04502075441498978,0.04502075441495157,0.04502075441491334,0.04502075441487516,0.04502075441483694,0.04502075441479876,0.04502075441476057,0.04502075441472242,0.045020754414684255,0.04502075441464612,0.04502075441460802,0.0450207544145699,0.04502075441453177,0.045020754414493665,0.045020754414455584,0.04502075441441752,0.04502075441437944,0.04502075441434138,0.04502075441430332,0.045020754414265285,0.04502075441422726,0.04502075441418925,0.045020754414151265,0.04502075441411324,0.04502075441407529,0.04502075441403731,0.04502075441399935,0.04502075441396143,0.04502075441392346,0.04502075441388555,0.045020754413847626,0.04502075441380971,0.045020754413771805,0.04502075441373392,0.04502075441369604,0.04502075441365819,0.04502075441362031,0.045020754413582435,0.04502075441354461,0.04502075441350678,0.04502075441346894,0.04502075441343116,0.045020754413393364,0.04502075441335554,0.04502075441331777,0.04502075441328001,0.04502075441324227,0.045020754413204536,0.0450207544131668,0.045020754413129076,0.04502075441309134,0.045020754413053636,0.04502075441301595,0.04502075441297826,0.045020754412940595,0.045020754412902916,0.04502075441286526,0.0450207544128276,0.04502075441278996,0.04502075441275234,0.04502075441271472,0.04502075441267709,0.045020754412639495,0.0450207544126019,0.04502075441256433,0.04502075441252676,0.04502075441248918,0.04502075441245163,0.045020754412414085,0.045020754412376573,0.04502075441233904,0.04502075441230152,0.045020754412264025,0.045020754412226506,0.045020754412189036,0.045020754412151566,0.04502075441211408,0.04502075441207663,0.0450207544120392,0.04502075441200175,0.04502075441196431,0.04502075441192691,0.0450207544118895,0.045020754411852104,0.04502075441181473,0.04502075441177736,0.04502075441174,0.04502075441170263,0.045020754411665274,0.04502075441162793,0.04502075441159058,0.04502075441155328,0.04502075441151596,0.045020754411478646,0.04502075441144134,0.04502075441140405,0.045020754411366784,0.04502075441132952,0.04502075441129226,0.045020754411255026,0.045020754411217764,0.045020754411180544,0.045020754411143324,0.04502075441110612,0.04502075441106891,0.04502075441103173,0.04502075441099454,0.04502075441095739,0.045020754410920204,0.04502075441088305,0.04502075441084591,0.04502075441080876,0.04502075441077165,0.045020754410734505,0.0450207544106974,0.04502075441066032,0.045020754410623205,0.045020754410586124,0.04502075441054907,0.04502075441051198,0.04502075441047494,0.04502075441043791,0.04502075441040085,0.045020754410363815,0.04502075441032678,0.04502075441028977,0.04502075441025277,0.045020754410215795,0.0450207544101788,0.045020754410141806,0.04502075441010484,0.045020754410067906,0.045020754410030936,0.04502075440999399,0.04502075440995705,0.04502075440992014,0.045020754409883235,0.04502075440984632,0.04502075440980941,0.045020754409772566,0.045020754409735665,0.0450207544096988,0.045020754409661926,0.04502075440962509,0.045020754409588214,0.04502075440955136,0.04502075440951454,0.04502075440947773,0.04502075440944094,0.04502075440940413,0.04502075440936735,0.04502075440933056,0.0450207544092938,0.04502075440925705,0.0450207544092203,0.045020754409183524,0.045020754409146796,0.04502075440911009,0.045020754409073376,0.04502075440903665,0.04502075440899995,0.045020754408963234,0.045020754408926576,0.0450207544088899,0.04502075440885325,0.04502075440881659,0.04502075440877997,0.04502075440874334,0.04502075440870669,0.04502075440867008,0.045020754408633464,0.04502075440859684,0.04502075440856025,0.04502075440852364,0.04502075440848705,0.0450207544084505,0.04502075440841394,0.04502075440837738,0.045020754408340816,0.04502075440830428,0.04502075440826776,0.04502075440823124,0.045020754408194745,0.045020754408158246,0.04502075440812173,0.045020754408085235,0.045020754408048785,0.0450207544080123,0.04502075440797586,0.04502075440793938,0.04502075440790297,0.04502075440786652,0.04502075440783011,0.04502075440779369,0.04502075440775731,0.0450207544077209,0.04502075440768453,0.04502075440764814,0.045020754407611774,0.04502075440757539,0.04502075440753903,0.045020754407502674,0.04502075440746635,0.04502075440743004,0.04502075440739372,0.04502075440735739,0.04502075440732106,0.045020754407284785,0.04502075440724847,0.04502075440721221,0.04502075440717592,0.04502075440713966,0.0450207544071034,0.04502075440706718,0.04502075440703097,0.04502075440699471,0.04502075440695851,0.045020754406922305,0.045020754406886083,0.045020754406849904,0.0450207544068137,0.04502075440677752,0.04502075440674138,0.04502075440670525,0.04502075440666909,0.045020754406632967,0.04502075440659683,0.045020754406560705,0.04502075440652458,0.045020754406488485,0.04502075440645236,0.045020754406416265,0.045020754406380196,0.04502075440634409,0.04502075440630804,0.04502075440627199,0.04502075440623594,0.045020754406199875,0.04502075440616383,0.04502075440612781,0.04502075440609179,0.04502075440605579,0.04502075440601978,0.04502075440598379,0.045020754405947806,0.04502075440591183,0.04502075440587586,0.04502075440583989,0.04502075440580397,0.045020754405768,0.04502075440573208,0.045020754405696146,0.04502075440566024,0.045020754405624315,0.0450207544055884,0.045020754405552504,0.04502075440551662,0.04502075440548073,0.045020754405444875,0.045020754405409,0.045020754405373176,0.045020754405337315,0.04502075440530147,0.04502075440526563,0.04502075440522982,0.04502075440519402,0.04502075440515821,0.0450207544051224,0.04502075440508661,0.04502075440505082,0.04502075440501505,0.0450207544049793,0.04502075440494352,0.04502075440490781,0.045020754404872056,0.04502075440483631,0.045020754404800606,0.045020754404764884,0.0450207544047292,0.04502075440469347,0.04502075440465776,0.04502075440462212,0.04502075440458642,0.04502075440455077,0.04502075440451512,0.04502075440447947,0.04502075440444381,0.04502075440440819,0.04502075440437255,0.045020754404336935,0.04502075440430132,0.04502075440426572,0.04502075440423014,0.04502075440419456,0.04502075440415898,0.04502075440412342,0.04502075440408785,0.04502075440405232,0.04502075440401675,0.04502075440398121,0.04502075440394569,0.04502075440391016,0.045020754403874666,0.045020754403839174,0.04502075440380368,0.045020754403768196,0.0450207544037327,0.045020754403697245,0.04502075440366178,0.045020754403626344,0.045020754403590886,0.04502075440355544,0.04502075440352004,0.04502075440348461,0.04502075440344919,0.04502075440341379,0.045020754403378375,0.045020754403342994,0.04502075440330761,0.04502075440327226,0.04502075440323689,0.04502075440320154,0.045020754403166205,0.045020754403130865,0.045020754403095525,0.04502075440306022,0.04502075440302491,0.0450207544029896,0.04502075440295431,0.04502075440291902,0.04502075440288373,0.045020754402848466,0.04502075440281317,0.045020754402777946,0.04502075440274269,0.04502075440270745,0.0450207544026722,0.04502075440263696,0.04502075440260174,0.04502075440256652,0.04502075440253132,0.04502075440249612,0.045020754402460915,0.04502075440242575,0.045020754402390575,0.04502075440235539,0.04502075440232023,0.04502075440228508,0.045020754402249924,0.04502075440221481,0.04502075440217967,0.04502075440214458,0.04502075440210948,0.04502075440207438,0.04502075440203929,0.0450207544020042,0.04502075440196912,0.04502075440193407,0.04502075440189902,0.045020754401863955,0.045020754401828914,0.04502075440179391,0.04502075440175885,0.04502075440172381,0.0450207544016888,0.04502075440165379,0.04502075440161881,0.045020754401583825,0.045020754401548846,0.04502075440151386,0.045020754401478895,0.04502075440144394,0.04502075440140898,0.04502075440137402,0.04502075440133911,0.0450207544013042,0.04502075440126928,0.045020754401234375,0.04502075440119947,0.045020754401164556,0.04502075440112967,0.04502075440109477,0.04502075440105991,0.04502075440102504,0.04502075440099018,0.045020754400955335,0.045020754400920494,0.04502075440088567,0.04502075440085086,0.04502075440081602,0.045020754400781245,0.045020754400746425,0.045020754400711654,0.04502075440067685,0.04502075440064208,0.04502075440060731,0.04502075440057255,0.045020754400537794,0.04502075440050305,0.04502075440046831,0.045020754400433585,0.04502075440039887,0.045020754400364155,0.04502075440032943,0.04502075440029474,0.04502075440026002,0.04502075440022535,0.045020754400190675,0.04502075440015602,0.04502075440012134,0.0450207544000867,0.045020754400052085,0.045020754400017425,0.045020754399982786,0.045020754399948196,0.045020754399913564,0.04502075439987896,0.045020754399844355,0.045020754399809765,0.04502075439977521,0.045020754399740626,0.04502075439970606,0.045020754399671487,0.04502075439963696,0.045020754399602396,0.04502075439956789,0.045020754399533354,0.04502075439949884,0.045020754399464326,0.0450207543994298,0.04502075439939531,0.04502075439936081,0.04502075439932635,0.04502075439929187,0.045020754399257394,0.04502075439922296,0.045020754399188484,0.04502075439915407,0.04502075439911962,0.045020754399085185,0.045020754399050796,0.04502075439901636,0.045020754398981955,0.04502075439894756,0.045020754398913176,0.04502075439887879,0.04502075439884443,0.04502075439881005,0.04502075439877571,0.04502075439874136,0.045020754398707036,0.04502075439867268,0.04502075439863835,0.04502075439860403,0.045020754398569736,0.04502075439853546,0.045020754398501145,0.04502075439846685,0.045020754398432575,0.0450207543983983,0.04502075439836404,0.045020754398329775,0.04502075439829553,0.04502075439826127,0.04502075439822705,0.04502075439819284,0.04502075439815861,0.045020754398124425,0.0450207543980902,0.04502075439805603,0.04502075439802181,0.045020754397987646,0.0450207543979535,0.045020754397919326,0.04502075439788518,0.04502075439785106,0.0450207543978169,0.04502075439778278,0.04502075439774866,0.04502075439771455,0.04502075439768044,0.04502075439764634,0.04502075439761224,0.04502075439757815,0.04502075439754408,0.04502075439751,0.04502075439747593,0.04502075439744185,0.045020754397407825,0.045020754397373776,0.04502075439733973,0.04502075439730575,0.04502075439727172,0.045020754397237725,0.045020754397203704,0.04502075439716972,0.04502075439713572,0.045020754397101716,0.04502075439706776,0.045020754397033784,0.045020754396999825,0.04502075439696588,0.04502075439693192,0.04502075439689799,0.04502075439686407,0.045020754396830134,0.045020754396796224,0.04502075439676233,0.04502075439672842,0.04502075439669455,0.045020754396660666,0.04502075439662679,0.04502075439659292,0.04502075439655905,0.045020754396525225,0.045020754396491364,0.045020754396457544,0.0450207543964237,0.045020754396389875,0.04502075439635607,0.04502075439632227,0.04502075439628845,0.04502075439625468,0.045020754396220886,0.0450207543961871,0.04502075439615333,0.045020754396119585,0.04502075439608581,0.04502075439605205,0.04502075439601829,0.04502075439598458,0.04502075439595085,0.045020754395917136,0.045020754395883426,0.04502075439584975,0.045020754395816036,0.045020754395782354,0.04502075439574868,0.045020754395715026,0.045020754395681345,0.045020754395647684,0.045020754395614045,0.04502075439558039,0.04502075439554676,0.045020754395513146,0.04502075439547952,0.0450207543954459,0.045020754395412324,0.0450207543953787,0.045020754395345114,0.04502075439531154,0.04502075439527795,0.0450207543952444,0.045020754395210826,0.04502075439517727,0.04502075439514372,0.04502075439511022,0.04502075439507666,0.045020754395043175,0.04502075439500964,0.04502075439497615,0.045020754394942644,0.045020754394909164,0.04502075439487568,0.0450207543948422,0.04502075439480869,0.04502075439477525,0.04502075439474178,0.04502075439470833,0.04502075439467488,0.045020754394641455,0.04502075439460805,0.04502075439457461,0.04502075439454117,0.04502075439450776,0.04502075439447439,0.045020754394441,0.04502075439440763,0.04502075439437424,0.045020754394340896,0.045020754394307534,0.04502075439427418,0.04502075439424083,0.045020754394207496,0.045020754394174155,0.04502075439414083,0.045020754394107534,0.04502075439407425,0.045020754394040956,0.04502075439400767,0.04502075439397437,0.045020754393941105,0.045020754393907826,0.04502075439387456,0.045020754393841324,0.04502075439380806,0.04502075439377483,0.04502075439374159,0.045020754393708354,0.045020754393675144,0.045020754393641935,0.04502075439360876,0.04502075439357554,0.04502075439354236,0.0450207543935092,0.04502075439347602,0.04502075439344285,0.04502075439340971,0.04502075439337655,0.0450207543933434,0.04502075439331027,0.04502075439327714,0.04502075439324401,0.04502075439321092,0.0450207543931778,0.04502075439314471,0.045020754393111616,0.045020754393078545,0.045020754393045447,0.04502075439301236,0.04502075439297933,0.04502075439294626,0.0450207543929132,0.04502075439288015,0.045020754392847105,0.04502075439281408,0.045020754392781054,0.04502075439274805,0.04502075439271504,0.04502075439268203,0.04502075439264905,0.04502075439261608,0.04502075439258309,0.045020754392550114,0.04502075439251713,0.04502075439248417,0.04502075439245124,0.045020754392418316,0.04502075439238536,0.04502075439235246,0.045020754392319555,0.045020754392286644,0.04502075439225373,0.04502075439222083,0.045020754392187966,0.045020754392155075,0.045020754392122234,0.045020754392089364,0.045020754392056515,0.04502075439202367,0.045020754391990825,0.04502075439195798,0.04502075439192515,0.045020754391892306,0.04502075439185952,0.04502075439182673,0.045020754391793906,0.045020754391761134,0.04502075439172836,0.04502075439169557,0.0450207543916628,0.04502075439163003,0.04502075439159728,0.04502075439156455,0.04502075439153178,0.045020754391499045,0.04502075439146631,0.045020754391433576,0.04502075439140088,0.04502075439136814,0.04502075439133544,0.04502075439130276,0.04502075439127007,0.04502075439123741,0.04502075439120476,0.04502075439117209,0.04502075439113941,0.04502075439110677,0.04502075439107415,0.045020754391041515,0.04502075439100888,0.04502075439097626,0.04502075439094365,0.04502075439091106,0.04502075439087847,0.045020754390845866,0.04502075439081328,0.0450207543907807,0.04502075439074813,0.04502075439071557,0.045020754390683024,0.04502075439065047,0.04502075439061794,0.04502075439058541,0.04502075439055288,0.04502075439052035,0.045020754390487853,0.045020754390455345,0.04502075439042284,0.04502075439039034,0.045020754390357846,0.045020754390325365,0.0450207543902929,0.04502075439026045,0.045020754390227985,0.04502075439019554,0.04502075439016312,0.04502075439013067,0.045020754390098255,0.04502075439006584,0.045020754390033425,0.04502075439000101,0.04502075438996861,0.04502075438993623,0.04502075438990384,0.045020754389871465,0.04502075438983908,0.04502075438980673,0.0450207543897744,0.04502075438974204,0.045020754389709684,0.04502075438967734,0.045020754389645035,0.04502075438961269,0.04502075438958039,0.045020754389548084,0.045020754389515805,0.04502075438948351,0.0450207543894512,0.04502075438941893,0.04502075438938667,0.04502075438935442,0.04502075438932217,0.04502075438928994,0.04502075438925769,0.04502075438922546,0.04502075438919322,0.04502075438916101,0.0450207543891288,0.045020754389096584,0.04502075438906442,0.0450207543890322,0.04502075438900002,0.04502075438896787,0.04502075438893569,0.04502075438890354,0.04502075438887138,0.04502075438883924,0.045020754388807094,0.04502075438877496,0.04502075438874284,0.04502075438871071,0.04502075438867857,0.04502075438864649,0.04502075438861439,0.04502075438858231,0.0450207543885502,0.045020754388518124,0.04502075438848605,0.045020754388454,0.04502075438842193,0.04502075438838988,0.045020754388357856,0.045020754388325805,0.045020754388293796,0.04502075438826179,0.04502075438822976,0.04502075438819774,0.04502075438816576,0.045020754388133764,0.04502075438810177,0.0450207543880698,0.04502075438803784,0.045020754388005874,0.045020754387973934,0.04502075438794197,0.04502075438791001,0.04502075438787806,0.045020754387846126,0.04502075438781421,0.0450207543877823,0.04502075438775039,0.0450207543877185,0.04502075438768659,0.045020754387654696,0.04502075438762281,0.04502075438759094,0.04502075438755908,0.045020754387527194,0.04502075438749538,0.04502075438746353,0.045020754387431694,0.045020754387399844,0.045020754387368044,0.045020754387336215,0.045020754387304414,0.0450207543872726,0.04502075438724079,0.045020754387209004,0.04502075438717724,0.045020754387145444,0.045020754387113705,0.04502075438708194,0.045020754387050166,0.04502075438701842,0.04502075438698669,0.04502075438695497,0.04502075438692326,0.045020754386891536,0.04502075438685984,0.04502075438682814,0.04502075438679643,0.04502075438676475,0.04502075438673305,0.04502075438670138,0.04502075438666972,0.045020754386638086,0.0450207543866064,0.045020754386574706,0.04502075438654305,0.04502075438651134,0.04502075438647977,0.04502075438644812,0.045020754386416555,0.04502075438638481,0.045020754386353244,0.04502075438632166,0.04502075438629008,0.0450207543862585,0.04502075438622693,0.04502075438619536,0.045020754386163805,0.04502075438613228,0.04502075438610083,0.045020754386069284,0.0450207543860377,0.04502075438600619,0.04502075438597471,0.04502075438594321,0.04502075438591169,0.04502075438588019,0.04502075438584871,0.04502075438581724,0.04502075438578577,0.045020754385754286,0.04502075438572281,0.045020754385691364,0.04502075438565992,0.04502075438562845,0.045020754385597044,0.0450207543855656,0.04502075438553417,0.045020754385502786,0.04502075438547136,0.04502075438543997,0.04502075438540859,0.045020754385377185,0.04502075438534582,0.04502075438531444,0.04502075438528307,0.04502075438525173,0.04502075438522036,0.045020754385189016,0.04502075438515767,0.04502075438512631,0.04502075438509499,0.04502075438506367,0.045020754385032384,0.04502075438500107,0.04502075438496978,0.04502075438493842,0.04502075438490715,0.04502075438487586,0.045020754384844604,0.04502075438481332,0.045020754384782063,0.04502075438475082,0.045020754384719565,0.04502075438468835,0.04502075438465713,0.04502075438462588,0.04502075438459466,0.04502075438456347,0.045020754384532256,0.04502075438450106,0.045020754384469876,0.04502075438443869,0.04502075438440751,0.04502075438437636,0.04502075438434519,0.04502075438431404,0.045020754384282866,0.04502075438425174,0.0450207543842206,0.04502075438418949,0.04502075438415837,0.04502075438412726,0.045020754384096154,0.04502075438406503,0.04502075438403395,0.04502075438400286,0.045020754383971746,0.045020754383940695,0.04502075438390962,0.045020754383878564,0.04502075438384752,0.045020754383816475,0.045020754383785416,0.045020754383754386,0.04502075438372337,0.045020754383692345,0.04502075438366135,0.04502075438363032,0.04502075438359934,0.04502075438356837,0.04502075438353735,0.045020754383506396,0.04502075438347539,0.04502075438344442,0.04502075438341346,0.045020754383382496,0.045020754383351555,0.04502075438332063,0.04502075438328968,0.045020754383258754,0.04502075438322784,0.04502075438319693,0.04502075438316604,0.045020754383135145,0.04502075438310423,0.04502075438307336,0.04502075438304248,0.045020754383011605,0.04502075438298074,0.045020754382949904,0.04502075438291903,0.04502075438288817,0.04502075438285736,0.0450207543828265,0.0450207543827957,0.04502075438276489,0.04502075438273407,0.04502075438270325,0.04502075438267244,0.04502075438264162,0.045020754382610856,0.045020754382580075,0.0450207543825493,0.04502075438251855,0.04502075438248779,0.045020754382457055,0.045020754382426295,0.045020754382395556,0.04502075438236482,0.04502075438233409,0.04502075438230337,0.045020754382272675,0.045020754382241956,0.04502075438221125,0.045020754382180554,0.045020754382149884,0.045020754382119194,0.045020754382088524,0.045020754382057854,0.0450207543820272,0.045020754381996535,0.04502075438196588,0.0450207543819353,0.04502075438190464,0.045020754381874056,0.0450207543818434,0.04502075438181282,0.045020754381782206,0.04502075438175165,0.04502075438172105,0.04502075438169045,0.04502075438165987,0.04502075438162929,0.04502075438159873,0.045020754381568155,0.0450207543815376,0.04502075438150705,0.04502075438147652,0.04502075438144598,0.04502075438141547,0.04502075438138496,0.045020754381354444,0.04502075438132395,0.045020754381293424,0.04502075438126294,0.045020754381232465,0.045020754381201976,0.045020754381171514,0.04502075438114105,0.04502075438111061,0.045020754381080136,0.045020754381049716,0.045020754381019254,0.045020754380988806,0.04502075438095837,0.04502075438092794,0.04502075438089753,0.04502075438086713,0.045020754380836726,0.04502075438080634,0.04502075438077594,0.04502075438074558,0.0450207543807152,0.045020754380684834,0.04502075438065448,0.045020754380624105,0.045020754380593775,0.04502075438056342,0.0450207543805331,0.045020754380502764,0.04502075438047246,0.04502075438044215,0.04502075438041183,0.045020754380381535,0.04502075438035123,0.04502075438032093,0.04502075438029066,0.04502075438026037,0.045020754380230114,0.045020754380199854,0.0450207543801696,0.045020754380139354,0.045020754380109114,0.04502075438007888,0.045020754380048635,0.04502075438001844,0.04502075437998824,0.04502075437995802,0.04502075437992783,0.04502075437989763,0.045020754379867425,0.045020754379837255,0.04502075437980707,0.045020754379776894,0.045020754379746744,0.04502075437971659,0.045020754379686445,0.04502075437965629,0.04502075437962615,0.04502075437959603,0.045020754379565875,0.04502075437953578,0.04502075437950567,0.04502075437947556,0.045020754379445464,0.04502075437941539,0.04502075437938531,0.04502075437935523,0.04502075437932515,0.04502075437929509,0.045020754379265046,0.04502075437923498,0.04502075437920493,0.04502075437917487,0.04502075437914483,0.045020754379114826,0.04502075437908479,0.045020754379054784,0.04502075437902477,0.04502075437899479,0.04502075437896481,0.045020754378934796,0.04502075437890483,0.04502075437887484,0.04502075437884486,0.04502075437881491,0.04502075437878498,0.04502075437875501,0.045020754378725054,0.04502075437869511,0.045020754378665186,0.045020754378635244,0.04502075437860534,0.04502075437857541,0.04502075437854551,0.04502075437851563,0.04502075437848572,0.045020754378455846,0.04502075437842599,0.0450207543783961,0.045020754378366244,0.045020754378336365,0.04502075437830652,0.045020754378276684,0.04502075437824687,0.04502075437821703,0.04502075437818722,0.04502075437815739,0.04502075437812757,0.04502075437809775,0.04502075437806797,0.04502075437803816,0.04502075437800835,0.04502075437797856,0.0450207543779488,0.045020754377919026,0.04502075437788926,0.045020754377859525,0.04502075437782983,0.045020754377800065,0.045020754377770346,0.04502075437774062,0.045020754377710914,0.0450207543776812,0.04502075437765148,0.045020754377621756,0.04502075437759206,0.04502075437756239,0.0450207543775327,0.04502075437750302,0.045020754377473333,0.0450207543774437,0.045020754377414006,0.04502075437738434,0.04502075437735468,0.04502075437732505,0.04502075437729541,0.04502075437726577,0.04502075437723616,0.04502075437720653,0.04502075437717692,0.04502075437714732,0.04502075437711773,0.04502075437708814,0.045020754377058526,0.045020754377028974,0.045020754376999414,0.04502075437696983,0.04502075437694028,0.04502075437691072,0.045020754376881154,0.045020754376851636,0.0450207543768221,0.045020754376792586,0.045020754376763075,0.04502075437673353,0.04502075437670406,0.045020754376674556,0.04502075437664506,0.04502075437661555,0.045020754376586085,0.045020754376556595,0.045020754376527146,0.04502075437649766,0.0450207543764682,0.04502075437643874,0.04502075437640929,0.045020754376379854,0.04502075437635041,0.045020754376321005,0.04502075437629158,0.045020754376262156,0.04502075437623275,0.045020754376203356,0.045020754376173956,0.04502075437614459,0.045020754376115225,0.045020754376085825,0.04502075437605646,0.04502075437602711,0.04502075437599774,0.0450207543759684,0.04502075437593904,0.045020754375909716,0.04502075437588039,0.045020754375851076,0.04502075437582175,0.04502075437579243,0.045020754375763146,0.04502075437573384,0.04502075437570454,0.04502075437567525,0.045020754375645976,0.04502075437561672,0.04502075437558744,0.04502075437555819,0.04502075437552892,0.045020754375499676,0.04502075437547042,0.04502075437544119,0.045020754375411955,0.04502075437538272,0.04502075437535353,0.045020754375324316,0.04502075437529509,0.04502075437526591,0.04502075437523671,0.04502075437520752,0.04502075437517836,0.045020754375149206,0.045020754375120035,0.04502075437509088,0.04502075437506169,0.04502075437503256,0.0450207543750034,0.0450207543749743,0.04502075437494514,0.045020754374916046,0.04502075437488691,0.0450207543748578,0.04502075437482871,0.04502075437479962,0.04502075437477055,0.04502075437474142,0.04502075437471237,0.04502075437468328,0.04502075437465422,0.04502075437462514,0.045020754374596114,0.04502075437456704,0.04502075437453797,0.045020754374508934,0.045020754374479895,0.04502075437445086,0.045020754374421844,0.04502075437439282,0.045020754374363814,0.045020754374334816,0.04502075437430583,0.045020754374276835,0.045020754374247886,0.045020754374218874,0.04502075437418992,0.04502075437416096,0.045020754374131985,0.04502075437410303,0.045020754374074066,0.04502075437404513,0.04502075437401622,0.04502075437398727,0.04502075437395835,0.04502075437392945,0.045020754373900525,0.045020754373871645,0.045020754373842745,0.04502075437381388,0.04502075437378499,0.04502075437375609,0.04502075437372724,0.04502075437369838,0.04502075437366951,0.04502075437364067,0.0450207543736118,0.045020754373582966,0.045020754373554135,0.04502075437352529,0.04502075437349649,0.04502075437346768,0.04502075437343885,0.04502075437341008,0.045020754373381267,0.04502075437335248,0.045020754373323715,0.04502075437329492,0.04502075437326616,0.04502075437323738,0.04502075437320864,0.04502075437317988,0.04502075437315113,0.045020754373122404,0.04502075437309366,0.045020754373064964,0.0450207543730362,0.045020754373007496,0.045020754372978776,0.04502075437295009,0.04502075437292139,0.04502075437289273,0.04502075437286404,0.04502075437283536,0.045020754372806684,0.04502075437277802,0.04502075437274937,0.04502075437272073,0.04502075437269207,0.04502075437266343,0.04502075437263478,0.04502075437260616,0.04502075437257752,0.045020754372548925,0.0450207543725203,0.045020754372491686,0.0450207543724631,0.0450207543724345,0.04502075437240592,0.04502075437237732,0.04502075437234875,0.045020754372320164,0.04502075437229161,0.04502075437226304,0.04502075437223452,0.04502075437220596,0.04502075437217739,0.04502075437214887,0.045020754372120345,0.04502075437209183,0.04502075437206332,0.0450207543720348,0.04502075437200632,0.04502075437197778,0.0450207543719493,0.04502075437192081,0.04502075437189234,0.04502075437186387,0.0450207543718354,0.045020754371806936,0.045020754371778465,0.04502075437175001,0.04502075437172159,0.045020754371693124,0.0450207543716647,0.045020754371636294,0.04502075437160786,0.045020754371579444,0.045020754371551036,0.04502075437152264,0.04502075437149423,0.04502075437146583,0.04502075437143747,0.0450207543714091,0.04502075437138073,0.045020754371352376,0.04502075437132403,0.04502075437129566,0.045020754371267284,0.045020754371238966,0.04502075437121062,0.04502075437118229,0.04502075437115398,0.045020754371125675,0.04502075437109735,0.04502075437106906,0.04502075437104075,0.04502075437101246,0.045020754370984156,0.045020754370955894,0.045020754370927625,0.045020754370899356,0.045020754370871094,0.04502075437084283,0.0450207543708146,0.04502075437078635,0.045020754370758094,0.04502075437072987,0.04502075437070166,0.04502075437067343,0.04502075437064522,0.045020754370617,0.045020754370588806,0.0450207543705606,0.04502075437053242,0.045020754370504235,0.04502075437047606,0.04502075437044789,0.04502075437041971,0.04502075437039157,0.04502075437036342,0.045020754370335266,0.045020754370307094,0.04502075437027896,0.04502075437025083,0.04502075437022272,0.04502075437019458,0.04502075437016649,0.045020754370138354,0.04502075437011027,0.04502075437008217,0.04502075437005409,0.04502075437002602,0.04502075436999792,0.045020754369969856,0.04502075436994181,0.045020754369913756,0.04502075436988569,0.045020754369857675,0.04502075436982962,0.04502075436980158,0.04502075436977354,0.045020754369745494,0.0450207543697175,0.045020754369689484,0.04502075436966149,0.04502075436963347,0.04502075436960546,0.04502075436957747,0.045020754369549415,0.04502075436952146,0.045020754369493474,0.04502075436946549,0.04502075436943753,0.04502075436940958,0.04502075436938162,0.04502075436935367,0.04502075436932575,0.04502075436929782,0.04502075436926991,0.04502075436924198,0.04502075436921407,0.04502075436918616,0.045020754369158256,0.04502075436913036,0.045020754369102495,0.04502075436907459,0.045020754369046734,0.04502075436901885,0.04502075436899097,0.04502075436896313,0.045020754368935274,0.045020754368907435,0.04502075436887961,0.045020754368851765,0.045020754368823926,0.04502075436879609,0.04502075436876825,0.0450207543687404,0.04502075436871264,0.045020754368684815,0.045020754368657045,0.04502075436862925,0.04502075436860146,0.04502075436857368,0.04502075436854589,0.04502075436851815,0.0450207543684904,0.04502075436846264,0.045020754368434904,0.04502075436840715,0.045020754368379406,0.04502075436835166,0.045020754368323944,0.045020754368296244,0.045020754368268495,0.04502075436824079,0.04502075436821309,0.0450207543681854,0.045020754368157716,0.04502075436813005,0.045020754368102364,0.0450207543680747,0.04502075436804705,0.04502075436801937,0.04502075436799174,0.04502075436796409,0.04502075436793645,0.045020754367908825,0.04502075436788117,0.045020754367853556,0.04502075436782596,0.04502075436779834,0.04502075436777073,0.04502075436774312,0.04502075436771551,0.04502075436768792,0.045020754367660336,0.04502075436763274,0.045020754367605165,0.045020754367577596,0.045020754367550035,0.04502075436752249,0.04502075436749495,0.04502075436746739,0.04502075436743988,0.04502075436741235,0.045020754367384834,0.045020754367357294,0.045020754367329795,0.045020754367302296,0.04502075436727478,0.0450207543672473,0.0450207543672198,0.04502075436719229,0.045020754367164836,0.045020754367137344,0.04502075436710992,0.045020754367082444,0.04502075436705499,0.04502075436702755,0.04502075436700009,0.04502075436697266,0.04502075436694522,0.0450207543669178,0.04502075436689037,0.04502075436686296,0.045020754366835565,0.04502075436680814,0.045020754366780755,0.04502075436675338,0.04502075436672597,0.045020754366698584,0.045020754366671224,0.04502075436664386,0.04502075436661651,0.04502075436658913,0.0450207543665618,0.04502075436653446,0.0450207543665071,0.04502075436647978,0.045020754366452455,0.04502075436642511,0.04502075436639778,0.04502075436637046,0.045020754366343174,0.045020754366315856,0.04502075436628855,0.04502075436626126,0.045020754366233984,0.045020754366206714,0.04502075436617942,0.04502075436615219,0.04502075436612492,0.045020754366097676,0.04502075436607042,0.045020754366043164,0.045020754366015936,0.045020754365988694,0.04502075436596146,0.045020754365934244,0.045020754365907065,0.04502075436587982,0.045020754365852636,0.045020754365825436,0.04502075436579825,0.045020754365771055,0.045020754365743855,0.045020754365716696,0.04502075436568952,0.045020754365662365,0.04502075436563519,0.04502075436560807,0.04502075436558091,0.04502075436555378,0.0450207543655266,0.04502075436549948,0.04502075436547235,0.04502075436544521,0.04502075436541811,0.04502075436539103,0.04502075436536393,0.04502075436533683,0.045020754365309744,0.04502075436528266,0.04502075436525559,0.04502075436522852,0.04502075436520145,0.04502075436517439,0.045020754365147346,0.04502075436512028,0.045020754365093237,0.045020754365066216,0.04502075436503916,0.04502075436501213,0.045020754364985094,0.04502075436495809,0.045020754364931075,0.045020754364904055,0.04502075436487706,0.04502075436485007,0.04502075436482309,0.04502075436479608,0.04502075436476911,0.045020754364742115,0.04502075436471516,0.04502075436468823,0.04502075436466126,0.045020754364634326,0.045020754364607306,0.0450207543645804,0.04502075436455347,0.04502075436452655,0.04502075436449963,0.0450207543644727,0.04502075436444581,0.04502075436441888,0.045020754364392006,0.04502075436436511,0.045020754364338215,0.04502075436431133,0.04502075436428446,0.04502075436425758,0.045020754364230725,0.045020754364203865,0.045020754364177046,0.0450207543641502,0.04502075436412334,0.0450207543640965,0.04502075436406967,0.04502075436404286,0.04502075436401603,0.04502075436398922,0.045020754363962405,0.04502075436393558,0.0450207543639088,0.045020754363882025,0.04502075436385522,0.04502075436382845,0.04502075436380166,0.04502075436377491,0.04502075436374815,0.04502075436372139,0.04502075436369464,0.04502075436366789,0.045020754363641134,0.04502075436361441,0.04502075436358768,0.04502075436356094,0.04502075436353422,0.0450207543635075,0.04502075436348081,0.045020754363454096,0.0450207543634274,0.045020754363400736,0.04502075436337402,0.04502075436334737,0.04502075436332069,0.04502075436329403,0.04502075436326735,0.045020754363240705,0.045020754363214045,0.04502075436318738,0.04502075436316075,0.045020754363134116,0.045020754363107464,0.04502075436308086,0.045020754363054256,0.045020754363027646,0.045020754363001035,0.045020754362974424,0.04502075436294783,0.04502075436292123,0.04502075436289465,0.045020754362868044,0.04502075436284149,0.045020754362814906,0.04502075436278838,0.045020754362761796,0.04502075436273527,0.045020754362708734,0.04502075436268218,0.04502075436265566,0.04502075436262912,0.0450207543626026,0.04502075436257609,0.04502075436254958,0.045020754362523084,0.045020754362496564,0.045020754362470064,0.045020754362443585,0.0450207543624171,0.04502075436239062,0.04502075436236414,0.04502075436233765,0.045020754362311205,0.04502075436228476,0.045020754362258296,0.045020754362231845,0.0450207543622054,0.04502075436217898,0.045020754362152526,0.04502075436212609,0.04502075436209968,0.04502075436207327,0.04502075436204687,0.04502075436202043,0.04502075436199405,0.04502075436196766,0.04502075436194127,0.04502075436191488,0.045020754361888515,0.045020754361862154,0.0450207543618358,0.04502075436180942,0.04502075436178307,0.0450207543617567,0.04502075436173037,0.045020754361704024,0.045020754361677684,0.04502075436165138,0.045020754361625046,0.04502075436159874,0.04502075436157245,0.045020754361546116,0.04502075436151985,0.04502075436149354,0.04502075436146724,0.04502075436144097,0.045020754361414686,0.04502075436138841,0.045020754361362145,0.04502075436133588,0.04502075436130964,0.04502075436128339,0.04502075436125713,0.045020754361230896,0.045020754361204667,0.04502075436117846,0.04502075436115222,0.045020754361126,0.04502075436109981,0.04502075436107359,0.04502075436104742,0.045020754361021195,0.045020754360994994,0.0450207543609688,0.045020754360942626,0.045020754360916466,0.045020754360890265,0.04502075436086412,0.04502075436083796,0.045020754360811835,0.04502075436078566,0.0450207543607595,0.045020754360733384,0.04502075436070726,0.04502075436068114,0.04502075436065504,0.045020754360628926,0.045020754360602815,0.045020754360576704,0.045020754360550606,0.04502075436052451,0.04502075436049842,0.045020754360472336,0.04502075436044627,0.04502075436042019,0.04502075436039411,0.04502075436036804,0.04502075436034193,0.045020754360315905,0.045020754360289794,0.04502075436026379,0.04502075436023773,0.045020754360211725,0.045020754360185704,0.0450207543601597,0.045020754360133676,0.04502075436010768,0.0450207543600817,0.04502075436005569,0.04502075436002968,0.04502075436000371,0.045020754359977745,0.045020754359951794,0.04502075435992583,0.045020754359899856,0.04502075435987391,0.045020754359847946,0.04502075435982199,0.04502075435979608,0.04502075435977013,0.045020754359744196,0.04502075435971828,0.04502075435969235,0.045020754359666425,0.04502075435964053,0.045020754359614626,0.04502075435958874,0.045020754359562834,0.04502075435953695,0.045020754359511056,0.04502075435948517,0.0450207543594593,0.04502075435943344,0.04502075435940758,0.04502075435938171,0.04502075435935587,0.04502075435933,0.045020754359304166,0.045020754359278346,0.04502075435925251,0.04502075435922667,0.04502075435920084,0.045020754359175026,0.045020754359149234,0.04502075435912343,0.04502075435909761,0.04502075435907181,0.04502075435904602,0.045020754359020254,0.045020754358994455,0.0450207543589687,0.04502075435894291,0.04502075435891716,0.04502075435889139,0.04502075435886563,0.04502075435883988,0.045020754358814155,0.045020754358788405,0.045020754358762675,0.04502075435873697,0.04502075435871123,0.04502075435868554,0.04502075435865983,0.04502075435863415,0.04502075435860843,0.04502075435858275,0.045020754358557076,0.04502075435853139,0.04502075435850573,0.04502075435848003,0.04502075435845435,0.04502075435842868,0.045020754358403026,0.04502075435837739,0.04502075435835174,0.04502075435832611,0.04502075435830048,0.04502075435827483,0.04502075435824919,0.04502075435822356,0.045020754358197954,0.04502075435817235,0.04502075435814676,0.04502075435812114,0.045020754358095556,0.045020754358069986,0.04502075435804436,0.045020754358018805,0.045020754357993256,0.045020754357967666,0.04502075435794212,0.04502075435791657,0.045020754357891005,0.04502075435786547,0.04502075435783992,0.04502075435781439,0.04502075435778886,0.045020754357763336,0.045020754357737794,0.04502075435771228,0.045020754357686786,0.045020754357661306,0.04502075435763581,0.04502075435761032,0.04502075435758483,0.04502075435755934,0.04502075435753386,0.04502075435750837,0.04502075435748292,0.04502075435745745,0.04502075435743201,0.045020754357406545,0.04502075435738112,0.045020754357355655,0.04502075435733023,0.04502075435730481,0.045020754357279376,0.045020754357253966,0.04502075435722852,0.04502075435720311,0.04502075435717771,0.04502075435715232,0.04502075435712693,0.04502075435710154,0.04502075435707615,0.04502075435705077,0.04502075435702539,0.045020754357000016,0.045020754356974675,0.04502075435694931,0.04502075435692398,0.04502075435689863,0.04502075435687329,0.045020754356847964,0.045020754356822616,0.0450207543567973,0.045020754356771976,0.04502075435674667,0.04502075435672134,0.04502075435669602,0.04502075435667072,0.04502075435664543,0.04502075435662014,0.04502075435659483,0.04502075435656957,0.04502075435654429,0.04502075435651899,0.04502075435649372,0.04502075435646845,0.04502075435644322,0.04502075435641796,0.04502075435639271,0.04502075435636748,0.04502075435634224,0.045020754356317035,0.0450207543562918,0.045020754356266575,0.04502075435624139,0.045020754356216185,0.045020754356190976,0.045020754356165794,0.045020754356140565,0.0450207543561154,0.045020754356090216,0.04502075435606503,0.04502075435603985,0.04502075435601471,0.04502075435598954,0.045020754355964365,0.04502075435593922,0.04502075435591409,0.04502075435588894,0.04502075435586381,0.04502075435583867,0.045020754355813535,0.04502075435578843,0.04502075435576333,0.045020754355738206,0.0450207543557131,0.04502075435568802,0.045020754355662926,0.04502075435563781,0.04502075435561274,0.045020754355587646,0.045020754355562576,0.04502075435553751,0.045020754355512435,0.04502075435548738,0.045020754355462315,0.04502075435543728,0.045020754355412244,0.04502075435538721,0.04502075435536217,0.04502075435533714,0.04502075435531212,0.04502075435528711,0.04502075435526208,0.04502075435523707,0.045020754355212085,0.04502075435518709,0.0450207543551621,0.04502075435513711,0.045020754355112144,0.04502075435508717,0.045020754355062205,0.04502075435503724,0.045020754355012294,0.04502075435498733,0.04502075435496236,0.04502075435493743,0.04502075435491246,0.045020754354887546,0.045020754354862615,0.045020754354837676,0.04502075435481276,0.045020754354787855,0.045020754354762924,0.04502075435473802,0.04502075435471311,0.045020754354688226,0.04502075435466332,0.04502075435463844,0.04502075435461356,0.04502075435458869,0.04502075435456383,0.04502075435453894,0.0450207543545141,0.045020754354489254,0.04502075435446441,0.04502075435443958,0.04502075435441475,0.04502075435438992,0.045020754354365075,0.045020754354340255,0.045020754354315434,0.045020754354290614,0.0450207543542658,0.045020754354241,0.045020754354216215,0.045020754354191415,0.04502075435416663,0.045020754354141844,0.04502075435411706,0.04502075435409228,0.045020754354067515,0.04502075435404275,0.045020754354018006,0.045020754353993234,0.0450207543539685,0.04502075435394374,0.04502075435391901,0.04502075435389426,0.04502075435386952,0.04502075435384479,0.04502075435382007,0.04502075435379537,0.04502075435377064,0.045020754353745945,0.04502075435372124,0.045020754353696554,0.04502075435367188,0.0450207543536472,0.045020754353622496,0.045020754353597835,0.04502075435357316,0.04502075435354849,0.04502075435352382,0.04502075435349919,0.045020754353474524,0.04502075435344987,0.04502075435342524,0.0450207543534006,0.045020754353375964,0.04502075435335135,0.04502075435332673,0.0450207543533021,0.0450207543532775,0.04502075435325289,0.0450207543532283,0.04502075435320369,0.04502075435317912,0.045020754353154516,0.04502075435312993,0.04502075435310535,0.04502075435308079,0.04502075435305621,0.045020754353031676,0.04502075435300711,0.04502075435298256,0.04502075435295802,0.0450207543529335,0.045020754352908955,0.045020754352884405,0.04502075435285989,0.04502075435283536,0.04502075435281084,0.04502075435278634,0.04502075435276184,0.04502075435273732,0.04502075435271285,0.045020754352688354,0.04502075435266386,0.0450207543526394,0.045020754352614926,0.04502075435259044,0.04502075435256596,0.045020754352541506,0.04502075435251707,0.04502075435249261,0.045020754352468176,0.04502075435244372,0.0450207543524193,0.04502075435239486,0.04502075435237045,0.045020754352346024,0.04502075435232159,0.04502075435229719,0.04502075435227278,0.04502075435224837,0.04502075435222396,0.04502075435219958,0.045020754352175195,0.04502075435215081,0.04502075435212644,0.045020754352102066,0.04502075435207771,0.045020754352053355,0.045020754352029,0.04502075435200467,0.0450207543519803,0.04502075435195596,0.045020754351931626,0.0450207543519073,0.04502075435188297,0.04502075435185864,0.045020754351834315,0.04502075435181,0.045020754351785694,0.04502075435176141,0.04502075435173711,0.045020754351712815,0.04502075435168853,0.04502075435166426,0.045020754351639956,0.04502075435161571,0.045020754351591426,0.04502075435156718,0.04502075435154292,0.04502075435151867,0.04502075435149444,0.045020754351470196,0.045020754351445966,0.04502075435142173,0.04502075435139751,0.0450207543513733,0.045020754351349064,0.045020754351324854,0.04502075435130063,0.04502075435127642,0.045020754351252204,0.045020754351228015,0.04502075435120384,0.04502075435117966,0.04502075435115547,0.0450207543511313,0.04502075435110711,0.04502075435108295,0.04502075435105879,0.04502075435103464,0.045020754351010474,0.045020754350986354,0.0450207543509622,0.04502075435093807,0.045020754350913926,0.04502075435088981,0.045020754350865694,0.04502075435084157,0.04502075435081745,0.04502075435079333,0.04502075435076922,0.045020754350745124,0.045020754350721046,0.045020754350696954,0.045020754350672855,0.04502075435064879,0.045020754350624734,0.045020754350600635,0.04502075435057659,0.04502075435055252,0.04502075435052849,0.04502075435050442,0.045020754350480405,0.04502075435045636,0.04502075435043231,0.04502075435040828,0.045020754350384266,0.045020754350360244,0.04502075435033625,0.04502075435031221,0.04502075435028822,0.045020754350264224,0.04502075435024022,0.045020754350216206,0.04502075435019222,0.045020754350168266,0.04502075435014426,0.045020754350120304,0.045020754350096344,0.04502075435007237,0.045020754350048424,0.045020754350024464,0.04502075435000052,0.04502075434997656,0.0450207543499526,0.04502075434992866,0.04502075434990473,0.0450207543498808,0.04502075434985689,0.04502075434983299,0.04502075434980906,0.04502075434978517,0.045020754349761265,0.04502075434973736,0.04502075434971347,0.0450207543496896,0.0450207543496657,0.04502075434964183,0.04502075434961795,0.045020754349594086,0.04502075434957025,0.045020754349546374,0.04502075434952255,0.045020754349498704,0.045020754349474855,0.04502075434945102,0.04502075434942719,0.045020754349403364,0.04502075434937952,0.04502075434935572,0.045020754349331886,0.04502075434930806,0.04502075434928427,0.04502075434926046,0.04502075434923666,0.04502075434921287,0.04502075434918911,0.045020754349165325,0.045020754349141566,0.045020754349117786,0.04502075434909402,0.04502075434907027,0.0450207543490465,0.045020754349022765,0.04502075434899898,0.04502075434897527,0.0450207543489515,0.04502075434892778,0.04502075434890405,0.04502075434888034,0.04502075434885662,0.04502075434883289,0.04502075434880917,0.045020754348785476,0.04502075434876178,0.045020754348738055,0.04502075434871437,0.04502075434869069,0.04502075434866703,0.045020754348643346,0.04502075434861966,0.045020754348596,0.045020754348572355,0.045020754348548714,0.04502075434852504,0.045020754348501404,0.04502075434847775,0.04502075434845413,0.045020754348430475,0.04502075434840684,0.04502075434838322,0.04502075434835963,0.045020754348335974,0.04502075434831239,0.04502075434828878,0.045020754348265184,0.045020754348241585,0.045020754348217985,0.045020754348194414,0.045020754348170836,0.045020754348147236,0.04502075434812368,0.0450207543481001,0.04502075434807652,0.04502075434805298,0.04502075434802942,0.04502075434800587,0.04502075434798232,0.04502075434795877,0.04502075434793523,0.0450207543479117,0.045020754347888166,0.04502075434786466,0.04502075434784115,0.045020754347817625,0.04502075434779413,0.04502075434777062,0.04502075434774713,0.04502075434772363,0.04502075434770015,0.04502075434767668,0.04502075434765318,0.04502075434762971,0.045020754347606246,0.04502075434758278,0.04502075434755932,0.04502075434753587,0.04502075434751242,0.04502075434748898,0.04502075434746553,0.045020754347442085,0.04502075434741865,0.045020754347395234,0.045020754347371815,0.04502075434734842,0.045020754347325005,0.045020754347301614,0.0450207543472782,0.04502075434725482,0.045020754347231434,0.045020754347208036,0.045020754347184666,0.045020754347161275,0.045020754347137905,0.04502075434711452,0.045020754347091164,0.045020754347067794,0.04502075434704443,0.04502075434702108,0.04502075434699773,0.04502075434697436,0.04502075434695104,0.0450207543469277,0.045020754346904376,0.04502075434688106,0.04502075434685773,0.0450207543468344,0.045020754346811104,0.0450207543467878,0.045020754346764495,0.04502075434674121,0.045020754346717914,0.04502075434669462,0.045020754346671334,0.045020754346648074,0.04502075434662481,0.045020754346601514,0.04502075434657826,0.04502075434655502,0.04502075434653176,0.0450207543465085,0.04502075434648527,0.04502075434646202,0.045020754346438756,0.04502075434641555,0.04502075434639233,0.045020754346369096,0.04502075434634587,0.045020754346322675,0.04502075434629946,0.04502075434627625,0.04502075434625306,0.04502075434622986,0.04502075434620668,0.04502075434618348,0.045020754346160284,0.04502075434613712,0.04502075434611394,0.04502075434609076,0.04502075434606761,0.045020754346044446,0.045020754346021284,0.045020754345998136,0.04502075434597498,0.045020754345951854,0.04502075434592871,0.04502075434590559,0.04502075434588246,0.04502075434585933,0.045020754345836224,0.045020754345813103,0.04502075434578998,0.045020754345766904,0.045020754345743784,0.04502075434572069,0.04502075434569761,0.04502075434567451,0.04502075434565143,0.04502075434562836,0.04502075434560529,0.04502075434558221,0.045020754345559154,0.04502075434553608,0.045020754345513045,0.04502075434549,0.04502075434546697,0.045020754345443906,0.04502075434542088,0.04502075434539785,0.04502075434537482,0.045020754345351806,0.04502075434532878,0.04502075434530578,0.04502075434528275,0.04502075434525977,0.04502075434523675,0.04502075434521378,0.0450207543451908,0.0450207543451678,0.04502075434514483,0.045020754345121844,0.04502075434509891,0.04502075434507592,0.045020754345052975,0.04502075434503003,0.045020754345007075,0.04502075434498414,0.04502075434496119,0.045020754344938234,0.04502075434491531,0.045020754344892375,0.045020754344869456,0.04502075434484653,0.0450207543448236,0.045020754344800684,0.04502075434477777,0.04502075434475488,0.04502075434473196,0.0450207543447091,0.045020754344686206,0.0450207543446633,0.04502075434464043,0.04502075434461756,0.045020754344594675,0.045020754344571805,0.045020754344548955,0.045020754344526084,0.045020754344503255,0.0450207543444804,0.04502075434445756,0.04502075434443471,0.045020754344411884,0.04502075434438907,0.04502075434436624,0.04502075434434341,0.04502075434432061,0.04502075434429779,0.045020754344275,0.045020754344252185,0.0450207543442294,0.0450207543442066,0.04502075434418381,0.04502075434416103,0.04502075434413823,0.04502075434411547,0.04502075434409269,0.04502075434406991,0.04502075434404715,0.04502075434402438,0.04502075434400163,0.045020754343978876,0.04502075434395614,0.04502075434393338,0.04502075434391065,0.04502075434388792,0.04502075434386518,0.04502075434384248,0.04502075434381977,0.045020754343797056,0.04502075434377436,0.04502075434375167,0.04502075434372896,0.045020754343706254,0.04502075434368358,0.0450207543436609,0.04502075434363821,0.04502075434361554,0.045020754343592845,0.045020754343570196,0.04502075434354752,0.04502075434352489,0.04502075434350223,0.04502075434347958,0.04502075434345693,0.04502075434343429,0.04502075434341164,0.045020754343389015,0.04502075434336639,0.04502075434334376,0.04502075434332111,0.04502075434329851,0.045020754343275904,0.045020754343253325,0.04502075434323069,0.04502075434320811,0.045020754343185525,0.04502075434316293,0.04502075434314033,0.04502075434311777,0.0450207543430952,0.04502075434307261,0.045020754343050064,0.04502075434302751,0.04502075434300496,0.04502075434298239,0.04502075434295985,0.045020754342937286,0.045020754342914776,0.04502075434289221,0.04502075434286969,0.045020754342847163,0.045020754342824626,0.045020754342802144,0.04502075434277962,0.045020754342757124,0.04502075434273461,0.045020754342712105,0.04502075434268959,0.04502075434266713,0.04502075434264463,0.045020754342622135,0.04502075434259968,0.04502075434257718,0.04502075434255473,0.045020754342532256,0.0450207543425098,0.04502075434248734,0.04502075434246487,0.04502075434244244,0.045020754342420005,0.04502075434239756,0.04502075434237512,0.045020754342352705,0.045020754342330264,0.045020754342307824,0.045020754342285425,0.045020754342263,0.045020754342240586,0.0450207543422182,0.04502075434219581,0.04502075434217339,0.045020754342151005,0.045020754342128606,0.045020754342106215,0.04502075434208385,0.045020754342061466,0.04502075434203911,0.04502075434201676,0.04502075434199439,0.04502075434197205,0.045020754341949715,0.04502075434192738,0.04502075434190503,0.045020754341882685,0.04502075434186034,0.045020754341838,0.0450207543418157,0.04502075434179336,0.04502075434177104,0.04502075434174872,0.045020754341726414,0.045020754341704126,0.04502075434168181,0.045020754341659516,0.045020754341637235,0.04502075434161493,0.04502075434159266,0.045020754341570365,0.04502075434154811,0.04502075434152584,0.04502075434150358,0.04502075434148131,0.045020754341459066,0.0450207543414368,0.04502075434141456,0.04502075434139233,0.04502075434137009,0.04502075434134784,0.045020754341325624,0.04502075434130341,0.04502075434128119,0.04502075434125898,0.04502075434123675,0.04502075434121453,0.04502075434119233,0.04502075434117014,0.04502075434114793,0.045020754341125735,0.04502075434110357,0.045020754341081395,0.04502075434105921,0.045020754341037035,0.045020754341014886,0.045020754340992716,0.04502075434097057,0.04502075434094843,0.04502075434092629,0.04502075434090413,0.04502075434088198,0.04502075434085983,0.04502075434083771,0.04502075434081558,0.04502075434079346,0.04502075434077134,0.0450207543407492,0.0450207543407271,0.045020754340704974,0.04502075434068288,0.0450207543406608,0.045020754340638694,0.045020754340616594,0.04502075434059452,0.04502075434057244,0.04502075434055039,0.045020754340528296,0.04502075434050624,0.04502075434048417,0.04502075434046211,0.045020754340440075,0.045020754340418016,0.04502075434039597,0.04502075434037392,0.04502075434035188,0.04502075434032983,0.0450207543403078,0.04502075434028578,0.04502075434026375,0.04502075434024173,0.04502075434021974,0.045020754340197706,0.04502075434017571,0.045020754340153714,0.0450207543401317,0.045020754340109694,0.04502075434008772,0.045020754340065715,0.045020754340043725,0.04502075434002177,0.045020754339999795,0.04502075433997783,0.04502075433995587,0.04502075433993391,0.04502075433991195,0.04502075433989,0.04502075433986809,0.04502075433984615,0.0450207543398242,0.04502075433980229,0.045020754339780374,0.04502075433975843,0.04502075433973652,0.045020754339714586,0.04502075433969271,0.045020754339670795,0.045020754339648895,0.04502075433962698,0.045020754339605104,0.045020754339583184,0.045020754339561306,0.04502075433953945,0.04502075433951758,0.04502075433949571,0.04502075433947382,0.04502075433945197,0.04502075433943011,0.04502075433940826,0.04502075433938639,0.04502075433936457,0.0450207543393427,0.04502075433932087,0.04502075433929902,0.04502075433927717,0.04502075433925536,0.04502075433923353,0.04502075433921172,0.04502075433918991,0.0450207543391681,0.04502075433914629,0.04502075433912448,0.04502075433910267,0.045020754339080885,0.045020754339059124,0.04502075433903734,0.04502075433901557,0.045020754338993794,0.04502075433897202,0.04502075433895026,0.04502075433892848,0.04502075433890674,0.04502075433888497,0.04502075433886323,0.045020754338841486,0.04502075433881973,0.045020754338797986,0.04502075433877628,0.04502075433875454,0.045020754338732816,0.04502075433871108,0.045020754338689364,0.04502075433866767,0.04502075433864597,0.04502075433862426,0.045020754338602545,0.04502075433858086,0.045020754338559156,0.045020754338537465,0.0450207543385158,0.04502075433849411,0.045020754338472434,0.04502075433845077,0.045020754338429086,0.04502075433840743,0.04502075433838579,0.04502075433836411,0.045020754338342454,0.04502075433832083,0.04502075433829918,0.045020754338277534,0.04502075433825591,0.04502075433823429,0.04502075433821265,0.04502075433819102,0.045020754338169426,0.0450207543381478,0.04502075433812619,0.04502075433810456,0.04502075433808301,0.0450207543380614,0.045020754338039815,0.045020754338018214,0.045020754337996655,0.04502075433797506,0.04502075433795349,0.045020754337931915,0.045020754337910356,0.045020754337888776,0.04502075433786724,0.04502075433784568,0.04502075433782412,0.04502075433780259,0.04502075433778104,0.04502075433775951,0.04502075433773798,0.04502075433771645,0.04502075433769491,0.04502075433767341,0.04502075433765187,0.04502075433763038,0.04502075433760885,0.045020754337587336,0.04502075433756584,0.045020754337544364,0.04502075433752288,0.04502075433750137,0.0450207543374799,0.04502075433745843,0.04502075433743696,0.04502075433741542,0.045020754337393956,0.04502075433737248,0.045020754337351046,0.04502075433732958,0.045020754337308136,0.0450207543372867,0.04502075433726526,0.04502075433724382,0.04502075433722239,0.045020754337200965,0.04502075433717955,0.04502075433715811,0.04502075433713672,0.04502075433711532,0.045020754337093905,0.04502075433707248,0.0450207543370511,0.045020754337029685,0.04502075433700832,0.045020754336986935,0.04502075433696553,0.045020754336944156,0.04502075433692279,0.045020754336901406,0.045020754336880034,0.04502075433685869,0.04502075433683733,0.045020754336815974,0.04502075433679463,0.0450207543367733,0.04502075433675196,0.04502075433673051,0.04502075433670912,0.04502075433668781,0.04502075433666649,0.045020754336645166,0.04502075433662383,0.04502075433660254,0.04502075433658107,0.045020754336559825,0.04502075433653854,0.04502075433651722,0.04502075433649594,0.045020754336474636,0.045020754336453354,0.04502075433643207,0.045020754336410805,0.04502075433638954,0.045020754336368256,0.045020754336347,0.04502075433632573,0.04502075433630449,0.04502075433628325,0.04502075433626199,0.04502075433624074,0.04502075433621952,0.04502075433619826,0.045020754336177034,0.0450207543361558,0.045020754336134575,0.045020754336113376,0.04502075433609215,0.045020754336070924,0.04502075433604974,0.0450207543360285,0.04502075433600733,0.04502075433598613,0.04502075433596493,0.045020754335943734,0.04502075433592257,0.045020754335901386,0.045020754335880216,0.04502075433585906,0.04502075433583786,0.04502075433581672,0.04502075433579555,0.04502075433577438,0.04502075433575325,0.04502075433573212,0.04502075433571095,0.045020754335689805,0.04502075433566868,0.04502075433564756,0.045020754335626426,0.045020754335605276,0.04502075433558414,0.04502075433556301,0.04502075433554192,0.04502075433552082,0.045020754335499694,0.045020754335478634,0.04502075433545755,0.04502075433543644,0.04502075433541535,0.04502075433539428,0.04502075433537319,0.045020754335352124,0.045020754335331044,0.045020754335309984,0.04502075433528893,0.04502075433526787,0.045020754335246826,0.04502075433522578,0.045020754335204714,0.045020754335183696,0.04502075433516265,0.0450207543351416,0.04502075433512059,0.04502075433509956,0.04502075433507854,0.04502075433505752,0.04502075433503651,0.04502075433501552,0.04502075433499451,0.04502075433497348,0.0450207543349525,0.04502075433493151,0.04502075433491054,0.04502075433488953,0.04502075433486857,0.04502075433484757,0.0450207543348266,0.04502075433480561,0.04502075433478467,0.045020754334763706,0.04502075433474275,0.04502075433472177,0.04502075433470084,0.045020754334679884,0.04502075433465895,0.04502075433463801,0.04502075433461707,0.04502075433459613,0.045020754334575225,0.0450207543345543,0.04502075433453336,0.04502075433451247,0.04502075433449159,0.04502075433447066,0.04502075433444975,0.04502075433442883,0.04502075433440794,0.04502075433438707,0.04502075433436618,0.04502075433434531,0.045020754334324425,0.04502075433430355,0.04502075433428269,0.045020754334261816,0.045020754334240964,0.04502075433422013,0.045020754334199255,0.0450207543341784,0.04502075433415756,0.04502075433413673,0.04502075433411589,0.04502075433409506,0.04502075433407422,0.045020754334053406,0.04502075433403259,0.045020754334011766,0.04502075433399096,0.04502075433397014,0.045020754333949316,0.04502075433392854,0.04502075433390773,0.04502075433388693,0.04502075433386615,0.045020754333845364,0.045020754333824596,0.04502075433380384,0.04502075433378307,0.04502075433376229,0.04502075433374155,0.04502075433372075,0.04502075433370002,0.04502075433367926,0.04502075433365847,0.04502075433363774,0.04502075433361699,0.04502075433359627,0.045020754333575524,0.0450207543335548,0.045020754333534065,0.045020754333513366,0.04502075433349264,0.04502075433347194,0.045020754333451214,0.04502075433343053,0.0450207543334098,0.04502075433338912,0.045020754333368405,0.04502075433334772,0.04502075433332705,0.04502075433330637,0.04502075433328571,0.045020754333265044,0.04502075433324435,0.045020754333223716,0.04502075433320305,0.04502075433318238,0.04502075433316172,0.04502075433314105,0.045020754333120395,0.04502075433309977,0.0450207543330792,0.04502075433305842,0.04502075433303779,0.045020754333017186,0.04502075433299656,0.04502075433297593,0.04502075433295534,0.04502075433293473,0.04502075433291408,0.045020754332893494,0.04502075433287289,0.0450207543328523,0.04502075433283169,0.04502075433281111,0.04502075433279055,0.04502075433276996,0.04502075433274938,0.04502075433272877,0.04502075433270824,0.04502075433268769,0.04502075433266711,0.04502075433264657,0.04502075433262603,0.04502075433260549,0.04502075433258493,0.04502075433256438,0.04502075433254386,0.04502075433252332,0.04502075433250278,0.04502075433248224,0.045020754332461735,0.045020754332441223,0.04502075433242072,0.04502075433240021,0.04502075433237968,0.04502075433235917,0.04502075433233868,0.04502075433231818,0.04502075433229769,0.04502075433227722,0.045020754332256725,0.04502075433223625,0.04502075433221577,0.04502075433219531,0.04502075433217482,0.045020754332154335,0.04502075433213392,0.04502075433211345,0.045020754332093,0.045020754332072546,0.04502075433205207,0.045020754332031655,0.045020754332011206,0.04502075433199078,0.04502075433197035,0.04502075433194993,0.04502075433192951,0.04502075433190906,0.04502075433188865,0.04502075433186823,0.04502075433184782,0.04502075433182743,0.04502075433180701,0.045020754331786615,0.04502075433176625,0.04502075433174585,0.04502075433172545,0.045020754331705055,0.0450207543316847,0.045020754331664324,0.04502075433164397,0.045020754331623586,0.04502075433160324,0.04502075433158289,0.04502075433156252,0.04502075433154217,0.04502075433152181,0.04502075433150148,0.04502075433148114,0.04502075433146081,0.045020754331440475,0.04502075433142014,0.04502075433139981,0.04502075433137949,0.04502075433135917,0.04502075433133886,0.045020754331318545,0.04502075433129826,0.04502075433127795,0.04502075433125771,0.04502075433123741,0.04502075433121712,0.045020754331196795,0.04502075433117655,0.04502075433115627,0.045020754331136,0.04502075433111573,0.04502075433109545,0.045020754331075184,0.04502075433105491,0.04502075433103466,0.04502075433101442,0.04502075433099417,0.04502075433097391,0.04502075433095368,0.04502075433093344,0.0450207543309132,0.04502075433089298,0.04502075433087277,0.04502075433085254,0.04502075433083234,0.04502075433081212,0.04502075433079191,0.04502075433077172,0.045020754330751526,0.04502075433073132,0.04502075433071112,0.04502075433069094,0.04502075433067075,0.04502075433065056,0.04502075433063038,0.045020754330610195,0.04502075433059002,0.045020754330569845,0.04502075433054966,0.04502075433052951,0.04502075433050937,0.045020754330489215,0.04502075433046905,0.04502075433044891,0.04502075433042879,0.045020754330408634,0.0450207543303885,0.04502075433036838,0.04502075433034825,0.045020754330328136,0.04502075433030802,0.0450207543302879,0.04502075433026779,0.04502075433024767,0.045020754330227584,0.045020754330207476,0.04502075433018739,0.04502075433016731,0.04502075433014721,0.04502075433012715,0.045020754330107084,0.04502075433008698,0.045020754330066935,0.04502075433004688,0.0450207543300268,0.04502075433000677,0.0450207543299867,0.045020754329966634,0.0450207543299466,0.04502075432992657,0.0450207543299065,0.045020754329886475,0.045020754329866415,0.04502075432984641,0.045020754329826336,0.04502075432980633,0.04502075432978632,0.0450207543297663,0.04502075432974627,0.045020754329726256,0.04502075432970628,0.045020754329686254,0.04502075432966628,0.04502075432964629,0.0450207543296263,0.04502075432960632,0.04502075432958633,0.04502075432956636,0.04502075432954639,0.045020754329526416,0.045020754329506446,0.0450207543294865,0.045020754329466554,0.04502075432944659,0.045020754329426635,0.04502075432940669,0.04502075432938676,0.04502075432936681,0.04502075432934688,0.04502075432932693,0.045020754329307015,0.045020754329287094,0.04502075432926716,0.04502075432924725,0.04502075432922732,0.0450207543292074,0.045020754329187486,0.045020754329167606,0.04502075432914769,0.04502075432912779,0.04502075432910789,0.045020754329087996,0.045020754329068116,0.04502075432904821,0.04502075432902832,0.04502075432900845,0.04502075432898856,0.045020754328968675,0.04502075432894882,0.04502075432892897,0.0450207543289091,0.04502075432888925,0.04502075432886941,0.045020754328849576,0.04502075432882973,0.04502075432880992,0.045020754328790075,0.045020754328770264,0.04502075432875044,0.045020754328730615,0.0450207543287108,0.04502075432869096,0.04502075432867116,0.04502075432865136,0.04502075432863156,0.04502075432861176,0.04502075432859197,0.045020754328572166,0.04502075432855237,0.04502075432853257,0.045020754328512796,0.04502075432849302,0.04502075432847323,0.04502075432845347,0.04502075432843371,0.04502075432841394,0.045020754328394176,0.04502075432837439,0.04502075432835466,0.04502075432833491,0.045020754328315156,0.04502075432829542,0.0450207543282757,0.04502075432825595,0.04502075432823622,0.0450207543282165,0.04502075432819679,0.04502075432817707,0.04502075432815735,0.04502075432813764,0.045020754328117946,0.045020754328098225,0.04502075432807856,0.04502075432805884,0.045020754328039155,0.045020754328019476,0.04502075432799979,0.045020754327980105,0.04502075432796044,0.04502075432794075,0.04502075432792109,0.04502075432790144,0.045020754327881767,0.045020754327862116,0.04502075432784246,0.045020754327822786,0.04502075432780315,0.045020754327783505,0.04502075432776389,0.04502075432774424,0.04502075432772462,0.045020754327704963,0.045020754327685354,0.04502075432766574,0.045020754327646094,0.04502075432762648,0.04502075432760687,0.04502075432758727,0.04502075432756767,0.04502075432754805,0.04502075432752845,0.04502075432750886,0.04502075432748926,0.04502075432746968,0.045020754327450105,0.04502075432743052,0.04502075432741095,0.04502075432739138,0.0450207543273718,0.04502075432735225,0.04502075432733272,0.04502075432731314,0.04502075432729359,0.04502075432727404,0.045020754327254504,0.04502075432723497,0.045020754327215404,0.04502075432719587,0.04502075432717636,0.04502075432715681,0.045020754327137286,0.04502075432711777,0.04502075432709821,0.0450207543270787,0.04502075432705921,0.04502075432703969,0.04502075432702017,0.04502075432700067,0.0450207543269812,0.0450207543269617,0.04502075432694221,0.04502075432692272,0.04502075432690323,0.04502075432688374,0.04502075432686424,0.045020754326844804,0.045020754326825306,0.045020754326805856,0.04502075432678639,0.04502075432676695,0.04502075432674748,0.04502075432672802,0.04502075432670858,0.04502075432668916,0.0450207543266697,0.045020754326650265,0.04502075432663083,0.045020754326611394,0.045020754326592,0.04502075432657256,0.04502075432655315,0.045020754326533706,0.045020754326514326,0.04502075432649488,0.045020754326475544,0.045020754326456185,0.045020754326436804,0.045020754326417396,0.04502075432639801,0.0450207543263786,0.045020754326359255,0.04502075432633988,0.045020754326320515,0.04502075432630113,0.0450207543262818,0.04502075432626242,0.04502075432624306,0.045020754326223704,0.045020754326204344,0.045020754326185006,0.04502075432616565,0.0450207543261463,0.04502075432612697,0.04502075432610764,0.045020754326088305,0.04502075432606897,0.045020754326049635,0.04502075432603031,0.04502075432601098,0.045020754325991674,0.04502075432597236,0.04502075432595306,0.04502075432593377,0.04502075432591446,0.04502075432589515,0.04502075432587586,0.04502075432585658,0.04502075432583729,0.04502075432581803,0.045020754325798745,0.04502075432577947,0.045020754325760186,0.04502075432574091,0.04502075432572166,0.045020754325702406,0.045020754325683116,0.04502075432566387,0.04502075432564458,0.045020754325625315,0.04502075432560606,0.0450207543255869,0.045020754325567645,0.04502075432554839,0.04502075432552917,0.045020754325509935,0.045020754325490714,0.04502075432547149,0.04502075432545229,0.045020754325433066,0.04502075432541387,0.045020754325394687,0.04502075432537546,0.045020754325356266,0.045020754325337066,0.04502075432531788,0.04502075432529871,0.04502075432527951,0.045020754325260336,0.04502075432524116,0.04502075432522199,0.045020754325202826,0.045020754325183675,0.04502075432516451,0.04502075432514533,0.045020754325126186,0.04502075432510703,0.045020754325087904,0.045020754325068725,0.04502075432504959,0.04502075432503045,0.045020754325011306,0.04502075432499219,0.045020754324973065,0.04502075432495392,0.04502075432493481,0.045020754324915695,0.04502075432489657,0.045020754324877454,0.045020754324858366,0.045020754324839256,0.04502075432482018,0.04502075432480109,0.04502075432478198,0.045020754324762914,0.04502075432474382,0.04502075432472473,0.04502075432470568,0.04502075432468659,0.045020754324667504,0.04502075432464845,0.045020754324629375,0.0450207543246103,0.04502075432459125,0.04502075432457219,0.045020754324553124,0.04502075432453407,0.04502075432451503,0.045020754324495975,0.04502075432447694,0.045020754324457915,0.04502075432443889,0.04502075432441985,0.045020754324400836,0.04502075432438184,0.04502075432436282,0.045020754324343805,0.0450207543243248,0.04502075432430578,0.0450207543242868,0.04502075432426779,0.045020754324248784,0.04502075432422979,0.0450207543242108,0.045020754324191815,0.04502075432417287,0.045020754324153894,0.04502075432413489,0.04502075432411594,0.045020754324096975,0.04502075432407802,0.04502075432405905,0.045020754324040096,0.04502075432402116,0.0450207543240022,0.04502075432398325,0.0450207543239643,0.045020754323945374,0.045020754323926444,0.045020754323907536,0.045020754323888613,0.045020754323869705,0.045020754323850776,0.045020754323831874,0.045020754323812945,0.04502075432379404,0.04502075432377515,0.04502075432375623,0.045020754323737325,0.04502075432371843,0.04502075432369955,0.04502075432368067,0.04502075432366177,0.0450207543236429,0.04502075432362402,0.04502075432360514,0.045020754323586244,0.04502075432356739,0.04502075432354851,0.045020754323529644,0.045020754323510805,0.04502075432349194,0.04502075432347308,0.04502075432345423,0.045020754323435386,0.04502075432341656,0.045020754323397694,0.045020754323378855,0.045020754323360036,0.0450207543233412,0.04502075432332235,0.04502075432330353,0.045020754323284715,0.045020754323265896,0.04502075432324707,0.045020754323228274,0.04502075432320947,0.04502075432319066,0.04502075432317186,0.045020754323153056,0.04502075432313427,0.045020754323115496,0.045020754323096726,0.045020754323077936,0.04502075432305919,0.0450207543230404,0.04502075432302163,0.045020754323002864,0.04502075432298412,0.04502075432296537,0.04502075432294661,0.04502075432292784,0.045020754322909105,0.04502075432289036,0.04502075432287162,0.04502075432285289,0.04502075432283413,0.045020754322815396,0.04502075432279667,0.04502075432277796,0.04502075432275922,0.0450207543227405,0.04502075432272179,0.045020754322703076,0.04502075432268436,0.04502075432266565,0.045020754322646954,0.04502075432262823,0.04502075432260955,0.045020754322590874,0.04502075432257219,0.04502075432255349,0.04502075432253483,0.04502075432251613,0.04502075432249746,0.04502075432247878,0.04502075432246012,0.04502075432244145,0.04502075432242281,0.04502075432240415,0.0450207543223855,0.04502075432236686,0.04502075432234819,0.045020754322329555,0.04502075432231094,0.04502075432229227,0.04502075432227364,0.04502075432225499,0.04502075432223635,0.04502075432221771,0.045020754322199104,0.04502075432218049,0.04502075432216185,0.045020754322143246,0.045020754322124656,0.04502075432210603,0.04502075432208742,0.04502075432206883,0.04502075432205022,0.045020754322031634,0.04502075432201305,0.04502075432199446,0.045020754321975893,0.045020754321957325,0.045020754321938736,0.04502075432192016,0.045020754321901606,0.04502075432188304,0.04502075432186448,0.045020754321845914,0.04502075432182736,0.04502075432180882,0.0450207543217903,0.04502075432177175,0.04502075432175323,0.0450207543217347,0.04502075432171615,0.045020754321697644,0.04502075432167911,0.04502075432166055,0.04502075432164208,0.045020754321623536,0.045020754321605,0.04502075432158651,0.045020754321568,0.045020754321549485,0.045020754321530985,0.04502075432151249,0.04502075432149398,0.045020754321475474,0.045020754321456996,0.04502075432143851,0.04502075432142003,0.04502075432140156,0.04502075432138309,0.04502075432136461,0.04502075432134617,0.0450207543213277,0.04502075432130922,0.04502075432129077,0.04502075432127233,0.0450207543212539,0.04502075432123546,0.04502075432121699,0.04502075432119856,0.045020754321180106,0.0450207543211617,0.045020754321143275,0.045020754321124845,0.04502075432110642,0.045020754321088,0.0450207543210696,0.04502075432105117,0.04502075432103276,0.04502075432101438,0.045020754320995955,0.04502075432097755,0.04502075432095914,0.04502075432094075,0.045020754320922375,0.04502075432090397,0.0450207543208856,0.045020754320867204,0.04502075432084883,0.04502075432083045,0.045020754320812074,0.04502075432079373,0.04502075432077533,0.045020754320756994,0.045020754320738654,0.045020754320720315,0.04502075432070194,0.04502075432068358,0.04502075432066524,0.04502075432064687,0.04502075432062856,0.04502075432061022,0.04502075432059189,0.04502075432057357,0.0450207543205553,0.045020754320536906,0.045020754320518566,0.045020754320500254,0.045020754320481936,0.045020754320463645,0.04502075432044532,0.045020754320427014,0.04502075432040874,0.04502075432039045,0.045020754320372156,0.04502075432035387,0.045020754320335594,0.045020754320317304,0.04502075432029905,0.04502075432028076,0.0450207543202625,0.045020754320244244,0.04502075432022596,0.04502075432020772,0.04502075432018944,0.045020754320171136,0.04502075432015288,0.045020754320134644,0.04502075432011639,0.04502075432009819,0.04502075432007994,0.04502075432006171,0.04502075432004347,0.045020754320025266,0.04502075432000704,0.045020754319988796,0.045020754319970595,0.04502075431995237,0.04502075431993416,0.04502075431991594,0.04502075431989774,0.04502075431987953,0.045020754319861356,0.045020754319843155,0.04502075431982496,0.04502075431980678,0.04502075431978858,0.045020754319770394,0.045020754319752214,0.045020754319734034,0.04502075431971587,0.04502075431969771,0.045020754319679536,0.04502075431966134,0.04502075431964317,0.04502075431962501,0.04502075431960684,0.045020754319588706,0.04502075431957056,0.04502075431955242,0.04502075431953426,0.04502075431951613,0.045020754319498,0.045020754319479855,0.045020754319461724,0.04502075431944361,0.04502075431942548,0.04502075431940735,0.04502075431938924,0.04502075431937115,0.045020754319353026,0.04502075431933491,0.04502075431931682,0.045020754319298716,0.04502075431928062,0.04502075431926254,0.045020754319244426,0.045020754319226364,0.04502075431920826,0.0450207543191902,0.0450207543191721,0.045020754319154026,0.045020754319135964,0.04502075431911789,0.04502075431909984,0.04502075431908178,0.045020754319063744,0.04502075431904567,0.045020754319027634,0.04502075431900957,0.04502075431899155,0.045020754318973503,0.045020754318955455,0.04502075431893742,0.045020754318919394,0.04502075431890136,0.045020754318883346,0.0450207543188653,0.045020754318847306,0.04502075431882928,0.04502075431881127,0.04502075431879328,0.045020754318775266,0.045020754318757274,0.04502075431873925,0.04502075431872126,0.045020754318703275,0.0450207543186853,0.04502075431866731,0.04502075431864933,0.045020754318631354,0.04502075431861338,0.045020754318595396,0.04502075431857741,0.04502075431855947,0.04502075431854148,0.04502075431852352,0.04502075431850557,0.0450207543184876,0.04502075431846964,0.04502075431845171,0.045020754318433755,0.04502075431841584,0.04502075431839789,0.045020754318379964,0.04502075431836202,0.04502075431834408,0.04502075431832615,0.04502075431830825,0.04502075431829031,0.0450207543182724,0.0450207543182545,0.045020754318236565,0.0450207543182187,0.04502075431820077,0.04502075431818288,0.04502075431816498,0.04502075431814708,0.045020754318129214,0.04502075431811131,0.04502075431809344,0.045020754318075555,0.045020754318057674,0.04502075431803977,0.04502075431802192,0.04502075431800403,0.04502075431798619,0.04502075431796832,0.045020754317950475,0.045020754317932586,0.045020754317914746,0.045020754317896886,0.04502075431787905,0.04502075431786122,0.04502075431784339,0.04502075431782554,0.045020754317807714,0.04502075431778986,0.04502075431777205,0.045020754317754215,0.04502075431773641,0.04502075431771859,0.04502075431770077,0.04502075431768296,0.045020754317665154,0.04502075431764734,0.04502075431762952,0.04502075431761177,0.04502075431759396,0.04502075431757616,0.04502075431755838,0.04502075431754057,0.04502075431752281,0.04502075431750502,0.04502075431748725,0.04502075431746947,0.04502075431745169,0.045020754317433936,0.04502075431741616,0.04502075431739842,0.045020754317380646,0.04502075431736288,0.045020754317345146,0.045020754317327424,0.04502075431730965,0.045020754317291925,0.04502075431727419,0.04502075431725646,0.04502075431723872,0.045020754317220996,0.045020754317203274,0.04502075431718555,0.04502075431716784,0.04502075431715012,0.04502075431713242,0.0450207543171147,0.04502075431709699,0.04502075431707929,0.045020754317061575,0.045020754317043894,0.04502075431702621,0.04502075431700853,0.04502075431699083,0.04502075431697315,0.045020754316955465,0.04502075431693778,0.045020754316920104,0.04502075431690241,0.04502075431688475,0.04502075431686708,0.04502075431684943,0.04502075431683178,0.045020754316814106,0.04502075431679647,0.045020754316778835,0.04502075431676118,0.04502075431674354,0.04502075431672587,0.045020754316708204,0.0450207543166906,0.045020754316672955,0.045020754316655316,0.0450207543166377,0.04502075431662009,0.04502075431660244,0.045020754316584845,0.04502075431656723,0.045020754316549616,0.04502075431653201,0.04502075431651438,0.045020754316496804,0.04502075431647923,0.045020754316461624,0.045020754316444034,0.045020754316426465,0.04502075431640887,0.04502075431639126,0.04502075431637368,0.04502075431635612,0.045020754316338535,0.045020754316320966,0.045020754316303424,0.04502075431628585,0.04502075431626826,0.045020754316250675,0.04502075431623312,0.045020754316215564,0.045020754316198036,0.04502075431618049,0.04502075431616294,0.045020754316145405,0.04502075431612787,0.04502075431611034,0.045020754316092794,0.045020754316075266,0.04502075431605775,0.04502075431604021,0.04502075431602271,0.04502075431600519,0.04502075431598769,0.04502075431597016,0.045020754315952684,0.045020754315935156,0.04502075431591765,0.04502075431590018,0.04502075431588268,0.04502075431586518,0.0450207543158477,0.045020754315830205,0.04502075431581274,0.04502075431579527,0.04502075431577777,0.04502075431576031,0.04502075431574286,0.045020754315725386,0.04502075431570794,0.04502075431569047,0.04502075431567302,0.04502075431565557,0.04502075431563811,0.04502075431562066,0.04502075431560322,0.04502075431558579,0.04502075431556835,0.045020754315550915,0.04502075431553346,0.045020754315516026,0.04502075431549863,0.045020754315481186,0.04502075431546378,0.04502075431544635,0.045020754315428915,0.04502075431541152,0.045020754315394124,0.045020754315376735,0.045020754315359325,0.04502075431534192,0.045020754315324533,0.04502075431530714,0.04502075431528975,0.04502075431527235,0.045020754315254985,0.04502075431523761,0.04502075431522024,0.04502075431520286,0.04502075431518548,0.04502075431516812,0.045020754315150756,0.0450207543151334,0.04502075431511603,0.04502075431509867,0.045020754315081325,0.045020754315063985,0.045020754315046645,0.04502075431502931,0.045020754315011915,0.045020754314994596,0.04502075431497726,0.045020754314959915,0.04502075431494261,0.045020754314925256,0.045020754314907964,0.04502075431489063,0.045020754314873304,0.04502075431485603,0.04502075431483869,0.04502075431482139,0.0450207543148041,0.04502075431478679,0.04502075431476948,0.04502075431475219,0.04502075431473491,0.04502075431471761,0.04502075431470031,0.04502075431468305,0.04502075431466576,0.04502075431464848,0.045020754314631234,0.045020754314613935,0.045020754314596685,0.04502075431457939,0.04502075431456213,0.04502075431454486,0.04502075431452762,0.04502075431451035,0.04502075431449311,0.045020754314475865,0.04502075431445862,0.04502075431444139,0.04502075431442415,0.0450207543144069,0.04502075431438968,0.04502075431437244,0.045020754314355226,0.04502075431433799,0.04502075431432079,0.04502075431430355,0.04502075431428637,0.04502075431426916,0.04502075431425193,0.045020754314234745,0.04502075431421754,0.04502075431420034,0.045020754314183134,0.045020754314165946,0.04502075431414875,0.04502075431413155,0.04502075431411437,0.045020754314097175,0.04502075431408,0.045020754314062814,0.04502075431404564,0.04502075431402849,0.04502075431401132,0.045020754313994146,0.045020754313977,0.04502075431395985,0.045020754313942694,0.04502075431392552,0.04502075431390838,0.04502075431389123,0.04502075431387409,0.04502075431385692,0.04502075431383976,0.045020754313822645,0.045020754313805506,0.04502075431378839,0.04502075431377124,0.045020754313754144,0.04502075431373703,0.0450207543137199,0.045020754313702796,0.04502075431368567,0.04502075431366858,0.04502075431365146,0.04502075431363435,0.04502075431361723,0.04502075431360015,0.045020754313583086,0.04502075431356599,0.045020754313548884,0.04502075431353181,0.045020754313514724,0.04502075431349767,0.04502075431348061,0.04502075431346353,0.04502075431344647,0.04502075431342942,0.04502075431341234,0.04502075431339529,0.045020754313378215,0.04502075431336118,0.045020754313344145,0.04502075431332708,0.045020754313310034,0.045020754313292985,0.045020754313275964,0.04502075431325893,0.045020754313241915,0.0450207543132249,0.04502075431320785,0.04502075431319086,0.04502075431317382,0.04502075431315682,0.04502075431313979,0.045020754313122795,0.045020754313105794,0.045020754313088766,0.045020754313071794,0.045020754313054766,0.045020754313037786,0.04502075431302077,0.04502075431300379,0.04502075431298682,0.04502075431296982,0.04502075431295285,0.04502075431293582,0.04502075431291883,0.045020754312901846,0.04502075431288489,0.045020754312867915,0.04502075431285095,0.04502075431283399,0.04502075431281703,0.04502075431280009,0.04502075431278312,0.0450207543127662,0.045020754312749246,0.04502075431273229,0.04502075431271535,0.04502075431269842,0.04502075431268147,0.04502075431266455,0.04502075431264763,0.045020754312630716,0.04502075431261379,0.04502075431259686,0.045020754312579965,0.04502075431256307,0.04502075431254617,0.04502075431252926,0.045020754312512345,0.045020754312495456,0.04502075431247853,0.04502075431246168,0.04502075431244477,0.04502075431242789,0.045020754312410996,0.045020754312394134,0.04502075431237722,0.04502075431236034,0.045020754312343474,0.045020754312326605,0.04502075431230972,0.045020754312292875,0.04502075431227599,0.04502075431225912,0.04502075431224227,0.04502075431222541,0.04502075431220853,0.045020754312191685,0.045020754312174824,0.045020754312158004,0.04502075431214116,0.045020754312124295,0.045020754312107454,0.04502075431209064,0.045020754312073814,0.04502075431205699,0.04502075431204017,0.04502075431202341,0.04502075431200661,0.04502075431198977,0.04502075431197296,0.04502075431195616,0.045020754311939366,0.045020754311922546,0.04502075431190575,0.04502075431188894,0.04502075431187214,0.04502075431185538,0.04502075431183858,0.0450207543118218,0.04502075431180501,0.045020754311788216,0.045020754311771445,0.04502075431175466,0.045020754311737896,0.04502075431172113,0.04502075431170439,0.04502075431168761,0.04502075431167085,0.04502075431165411,0.04502075431163735,0.045020754311620594,0.04502075431160386,0.04502075431158711,0.04502075431157036,0.045020754311553626,0.04502075431153688,0.04502075431152014,0.045020754311503416,0.04502075431148669,0.04502075431146995,0.045020754311453214,0.0450207543114365,0.045020754311419775,0.04502075431140307,0.04502075431138634,0.04502075431136965,0.04502075431135295,0.04502075431133625,0.045020754311319536,0.04502075431130283,0.04502075431128614,0.04502075431126946,0.045020754311252784,0.04502075431123609,0.045020754311219435,0.045020754311202726,0.04502075431118607,0.04502075431116939,0.04502075431115272,0.04502075431113607,0.0450207543111194,0.04502075431110272,0.04502075431108607,0.04502075431106939,0.045020754311052756,0.045020754311036096,0.045020754311019456,0.04502075431100281,0.045020754310986164,0.04502075431096953,0.04502075431095287,0.045020754310936224,0.04502075431091958,0.04502075431090297,0.04502075431088634,0.0450207543108697,0.045020754310853096,0.04502075431083646,0.045020754310819866,0.045020754310803254,0.04502075431078667,0.04502075431077006,0.04502075431075345,0.04502075431073682,0.04502075431072026,0.045020754310703646,0.04502075431068706,0.04502075431067045,0.04502075431065387,0.045020754310637304,0.04502075431062071,0.045020754310604136,0.04502075431058757,0.04502075431057102,0.04502075431055445,0.04502075431053789,0.045020754310521334,0.04502075431050476,0.04502075431048823,0.045020754310471665,0.04502075431045509,0.045020754310438574,0.04502075431042204,0.045020754310405496,0.04502075431038895,0.04502075431037242,0.04502075431035587,0.04502075431033932,0.045020754310322805,0.04502075431030626,0.04502075431028974,0.04502075431027321,0.045020754310256705,0.04502075431024018,0.04502075431022366,0.04502075431020717,0.04502075431019067,0.04502075431017416,0.04502075431015766,0.04502075431014116,0.04502075431012466,0.04502075431010819,0.04502075431009168,0.04502075431007521,0.045020754310058725,0.045020754310042245,0.045020754310025765,0.04502075431000927,0.045020754309992805,0.04502075430997633,0.04502075430995985,0.0450207543099434,0.04502075430992694,0.04502075430991048,0.04502075430989403,0.04502075430987757,0.045020754309861126,0.04502075430984469,0.04502075430982824,0.0450207543098118,0.045020754309795366,0.045020754309778935,0.04502075430976249,0.045020754309746065,0.04502075430972964,0.04502075430971323,0.045020754309696806,0.04502075430968038,0.04502075430966395,0.045020754309647554,0.04502075430963113,0.04502075430961472,0.0450207543095983,0.045020754309581905,0.0450207543095655,0.04502075430954911,0.045020754309532715,0.045020754309516346,0.045020754309499936,0.04502075430948354,0.04502075430946715,0.04502075430945076,0.04502075430943439,0.04502075430941799,0.04502075430940163,0.04502075430938528,0.04502075430936891,0.04502075430935253,0.04502075430933617,0.045020754309319844,0.04502075430930346,0.04502075430928711,0.045020754309270765,0.04502075430925441,0.04502075430923806,0.04502075430922174,0.0450207543092054,0.04502075430918907,0.04502075430917274,0.04502075430915641,0.045020754309140064,0.04502075430912375,0.04502075430910742,0.04502075430909111,0.04502075430907479,0.045020754309058456,0.04502075430904215,0.04502075430902586,0.04502075430900957,0.045020754308993244,0.04502075430897695,0.04502075430896063,0.04502075430894435,0.04502075430892805,0.04502075430891174,0.045020754308895475,0.045020754308879196,0.04502075430886292,0.04502075430884664,0.045020754308830374,0.045020754308814095,0.04502075430879782,0.045020754308781566,0.045020754308765266,0.04502075430874902,0.04502075430873276,0.045020754308716486,0.04502075430870026,0.04502075430868401,0.04502075430866776,0.04502075430865153,0.04502075430863533,0.045020754308619064,0.045020754308602834,0.0450207543085866,0.04502075430857036,0.04502075430855412,0.04502075430853789,0.045020754308521684,0.04502075430850544,0.04502075430848924,0.04502075430847304,0.045020754308456847,0.04502075430844062,0.04502075430842443,0.04502075430840823,0.04502075430839202,0.0450207543083758,0.045020754308359605,0.04502075430834341,0.04502075430832723,0.04502075430831106,0.04502075430829486,0.0450207543082787,0.04502075430826253,0.04502075430824634,0.04502075430823014,0.04502075430821397,0.04502075430819782,0.045020754308181664,0.0450207543081655,0.04502075430814934,0.04502075430813319,0.045020754308117035,0.045020754308100874,0.04502075430808474,0.04502075430806858,0.04502075430805245,0.04502075430803631,0.045020754308020175,0.04502075430800403,0.04502075430798792,0.04502075430797179,0.04502075430795567,0.045020754307939545,0.04502075430792342,0.045020754307907286,0.045020754307891174,0.04502075430787509,0.04502075430785895,0.04502075430784285,0.04502075430782675,0.04502075430781064,0.04502075430779453,0.045020754307778424,0.04502075430776234,0.04502075430774624,0.04502075430773016,0.04502075430771409,0.045020754307697995,0.045020754307681904,0.04502075430766583,0.04502075430764974
9,8.408107337057322e-45,2.362815312378834e-44,4.668924928211594e-44,7.887796995228883e-44,1.2144112236403855e-43,1.7559455550627786e-43,2.425379106596877e-43,3.2346407597408654e-43,4.1956483438540476e-43,5.320340607812264e-43,6.620693704763986e-43,8.108728086520956e-43,9.796509642714734e-43,1.1696147558983722e-42,1.3819790469692068e-42,1.6179621888006684e-42,1.8787855506966356e-42,2.1656730714041346e-42,2.4798508496574028e-42,2.8225467816699204e-42,3.194990247074459e-42,3.59841184125388e-42,4.03404315011447e-42,4.503116562506433e-42,5.006865115308207e-42,5.54652236638361e-42,6.12332229101659e-42,6.738499197915676e-42,7.393287661399369e-42,8.08892246684371e-42,8.826638566968801e-42,9.60767104690501e-42,1.0433255096356741e-41,1.1304625987480782e-41,1.2223019057335495e-41,1.318966969399567e-41,1.4205813325583146e-41,1.5272685411615923e-41,1.6391521436197343e-41,1.756355690266155e-41,1.879002732936949e-41,2.0072168246414067e-41,2.1411215193036682e-41,2.2808403715609226e-41,2.42649693660547e-41,2.578214770061633e-41,2.7361174278895525e-41,2.9003284663103033e-41,3.0709714417475765e-41,3.248169910782255e-41,3.432047430117169e-41,3.6227275565496305e-41,3.8203338469501735e-41,4.024989858246006e-41,4.2368191474082036e-41,4.4559452714417676e-41,4.682491787377828e-41,4.916582252268135e-41,5.158340223179728e-41,5.407889257191894e-41,5.665352911393248e-41,5.930854742879607e-41,6.204518308752336e-41,6.486467166117093e-41,6.776824872082843e-41,7.075714983761098e-41,7.383261058265322e-41,7.699586652710503e-41,8.024815324212772e-41,8.359070629889174e-41,8.702476126857436e-41,9.055155372235798e-41,9.417231923142947e-41,9.788829336697845e-41,1.0170071170019705e-40,1.0561080980227928e-40,1.09619823244421e-40,1.137289875978183e-40,1.1793953843366862e-40,1.2225271132317002e-40,1.2666974183752091e-40,1.3119186554792065e-40,1.3582031802556815e-40,1.405563348416654e-40,1.4540115156740683e-40,1.5035600377399476e-40,1.5542212703262793e-40,1.606007569145085e-40,1.6589312899083542e-40,1.7130047883280837e-40,1.7682404201162738e-40,1.8246505409849287e-40,1.8822475066460465e-40,1.9410436728116286e-40,2.0010513951936762e-40,2.0622830295041916e-40,2.1247509314551733e-40,2.1884674567586216e-40,2.253444961126546e-40,2.319695800270942e-40,2.3872323299038196e-40,2.4560669057371753e-40,2.526211883482999e-40,2.5976796188533027e-40,2.6704824675600848e-40,2.7446327853153482e-40,2.820142927831096e-40,2.8970252508193282e-40,2.975292109992048e-40,3.0549558610612536e-40,3.136028859738949e-40,3.2185234617371367e-40,3.302452022767816e-40,3.3878268985429912e-40,3.4746604447746665e-40,3.5629650171748343e-40,3.6527529714555014e-40,3.744036663328661e-40,3.8368284485063325e-40,3.931140682700504e-40,4.026985721623179e-40,4.124375920986358e-40,4.223323636502047e-40,4.323841223882248e-40,4.425941038838958e-40,4.529635437084185e-40,4.6349367743299215e-40,4.741857406288154e-40,4.850409688670921e-40,4.960605977190215e-40,5.0724586275580365e-40,5.185979995486371e-40,5.30118243668723e-40,5.418078306872576e-40,5.536679961754481e-40,5.656999757044917e-40,5.779050048455853e-40,5.902843191699351e-40,6.028391542487383e-40,6.155707456531947e-40,6.284803289545047e-40,6.415691397238684e-40,6.5483841353248634e-40,6.6828938595155825e-40,6.81923292552284e-40,6.957413689058642e-40,7.097448505834995e-40,7.239349731563892e-40,7.38312972195734e-40,7.52880083272734e-40,7.676375419585886e-40,7.82586583824499e-40,7.977284444416645e-40,8.13064359381286e-40,8.28595564214563e-40,8.443232945126962e-40,8.602487858468853e-40,8.763732737883303e-40,8.926979939082315e-40,9.092241817777895e-40,9.25953072968204e-40,9.428859030506765e-40,9.600239075964048e-40,9.773683221765907e-40,9.94920382362434e-40,1.0126813237251361e-39,1.0306523818358942e-39,1.04883479226591e-39,1.067229790586384e-39,1.0858386123685159e-39,1.1046624931835056e-39,1.1237026686025539e-39,1.142960374196861e-39,1.1624368455376267e-39,1.1821333181960508e-39,1.2020510277433337e-39,1.2221912097506767e-39,1.2425550997892791e-39,1.2631439334303404e-39,1.2839589462450618e-39,1.3050013738046437e-39,1.3262724516802853e-39,1.3477734154431872e-39,1.36950550066455e-39,1.3914699429155723e-39,1.4136679777674553e-39,1.4361008407913983e-39,1.4587697675586025e-39,1.481675993640268e-39,1.504820754607594e-39,1.5282052860317816e-39,1.5518308234840305e-39,1.5756986025355416e-39,1.5998098587575132e-39,1.624165827721147e-39,1.6487677449976418e-39,1.6736168461581995e-39,1.6987143667740192e-39,1.7240615424163018e-39,1.749659608656245e-39,1.775509801065051e-39,1.8016133552139222e-39,1.8279715066740565e-39,1.8545854910166545e-39,1.8814565438129143e-39,1.9085859006340385e-39,1.9359747970512253e-39,1.963624468635679e-39,1.9915361509585943e-39,2.0197110795911717e-39,2.0481504901046158e-39,2.0768556180701243e-39,2.1058276990588973e-39,2.1350679686421348e-39,2.164577662391037e-39,2.1943580158768073e-39,2.22441026467064e-39,2.2547356443437392e-39,2.285335390467304e-39,2.3162107386125322e-39,2.347362924350627e-39,2.3787931832527875e-39,2.4105027508902127e-39,2.442492862834106e-39,2.474764754655664e-39,2.5073196619260897e-39,2.5401588202165814e-39,2.5732834650983415e-39,2.6066948321425673e-39,2.64039415692046e-39,2.6743826750032205e-39,2.708661621962049e-39,2.7432322333681443e-39,2.7780957447927087e-39,2.8132533918069404e-39,2.8487064099820397e-39,2.8844560348892087e-39,2.920503502099644e-39,2.9568500471845474e-39,2.9934969057151197e-39,3.030445313262563e-39,3.067696505398074e-39,3.105251717692855e-39,3.143112185718104e-39,3.181279145045023e-39,3.219753831244812e-39,3.2585374798886734e-39,3.297631326547802e-39,3.3370366067934e-39,3.3767545561966705e-39,3.416786410328803e-39,3.4571334047610133e-39,3.497796775064493e-39,3.5387777568104464e-39,3.580077585570069e-39,3.621697496914563e-39,3.6636387264151294e-39,3.705902509642965e-39,3.7484900821692755e-39,3.791402679565256e-39,3.834641537402111e-39,3.8782078912510395e-39,3.9221029766832364e-39,3.966328029269907e-39,4.010884284582251e-39,4.0557729781914643e-39,4.1009953456687494e-39,4.1465526225853116e-39,4.1924460445123466e-39,4.238676847021054e-39,4.2852462656826355e-39,4.332155536068291e-39,4.3794058937492185e-39,4.426998574296621e-39,4.474934813281697e-39,4.523215846275647e-39,4.571842908849673e-39,4.62081723657497e-39,4.670140065022744e-39,4.719812629764191e-39,4.7698361663705155e-39,4.8202119104129127e-39,4.870941097462586e-39,4.9220249630907464e-39,4.9734647428685706e-39,5.025261672367269e-39,5.077416987158043e-39,5.1299319228120984e-39,5.182807714900624e-39,5.236045598994829e-39,5.2896468106659134e-39,5.3436125854850686e-39,5.397944159023503e-39,5.452642766852413e-39,5.507709644543002e-39,5.563146027666464e-39,5.618953151794007e-39,5.675132252496827e-39,5.7316845653461224e-39,5.7886113259130966e-39,5.845913769768948e-39,5.903593132484879e-39,5.961650649632089e-39,6.020087556781774e-39,6.078905089505141e-39,6.138104483373384e-39,6.197686973957708e-39,6.257653796829312e-39,6.318006187559395e-39,6.378745381719156e-39,6.439872614879795e-39,6.50138912261251e-39,6.563296140488511e-39,6.625594904078988e-39,6.688286648955149e-39,6.751372610688189e-39,6.814854024849311e-39,6.878732127009713e-39,6.943008152740594e-39,7.00768333761316e-39,7.072758917198605e-39,7.13823612706813e-39,7.204116202792936e-39,7.270400379944223e-39,7.337089894093191e-39,7.404185980811041e-39,7.471689875668973e-39,7.539602814238179e-39,7.607926032089875e-39,7.676660764795251e-39,7.74580824792551e-39,7.815369717051854e-39,7.885346407745509e-39,7.95573955557762e-39,8.026550396119413e-39,8.097780164942076e-39,8.169430097616837e-39,8.241501429714877e-39,8.3139953968074e-39,8.386913234465606e-39,8.460256178260698e-39,8.534025463763874e-39,8.608222326546336e-39,8.682848002179282e-39,8.75790372623391e-39,8.833390734281424e-39,8.909310261893024e-39,8.985663544639908e-39,9.06245181809328e-39,9.139676317824335e-39,9.217338279404278e-39,9.295438938404306e-39,9.37397953039562e-39,9.45296129094942e-39,9.532385455636903e-39,9.612253260029283e-39,9.692565939697742e-39,9.773324730213486e-39,9.854530867147719e-39,9.936185586071637e-39,1.0018290122556447e-38,1.0100845712173345e-38,1.018385359049352e-38,1.0267314993088193e-38,1.0351231155528553e-38,1.0435603313385798e-38,1.0520432702231127e-38,1.0605720557635747e-38,1.069146811517086e-38,1.0777676610407653e-38,1.0864347278917338e-38,1.0951481356271112e-38,1.1039080078040176e-38,1.1127144679795728e-38,1.1215676397108971e-38,1.1304676465551103e-38,1.1394146120693321e-38,1.1484086598106831e-38,1.1574499133362833e-38,1.1665384962032523e-38,1.1756745319687104e-38,1.184858144189775e-38,1.1940894564235712e-38,1.203368592227216e-38,1.212695675157831e-38,1.2220708287725343e-38,1.231494176628447e-38,1.2409658422826885e-38,1.250485949292379e-38,1.2600546212146392e-38,1.2696719816065882e-38,1.2793381540253465e-38,1.2890532620280335e-38,1.2988174291717704e-38,1.308630779013677e-38,1.3184934351108723e-38,1.3284055210204767e-38,1.33836716029961e-38,1.3483784765053902e-38,1.3584395931949426e-38,1.3685506339253845e-38,1.378711722253835e-38,1.3889229817374157e-38,1.399184535933245e-38,1.4094965083984445e-38,1.4198590226901327e-38,1.4302722023654305e-38,1.440736170981458e-38,1.4512510520953325e-38,1.4618169692641787e-38,1.472434046045115e-38,1.4831024059952604e-38,1.4938221726717352e-38,1.5045934696316593e-38,1.5154164204321538e-38,1.526291148630337e-38,1.5372177777833302e-38,1.5481964314482528e-38,1.5592272331822252e-38,1.5703103065423667e-38,1.5814457750857982e-38,1.5926337623696394e-38,1.6038743919510097e-38,1.6151677873870306e-38,1.6265140722348206e-38,1.6379133700515e-38,1.6493658043941897e-38,1.6608714988200088e-38,1.672430576886077e-38,1.6840431621495158e-38,1.6957093781674438e-38,1.7074293484969826e-38,1.7192031966952504e-38,1.7310310463193681e-38,1.7429130209264564e-38,1.754849244073634e-38,1.7668398393180216e-38,1.778884930216739e-38,1.7909846403269062e-38,1.8031390932056434e-38,1.8153484124100705e-38,1.8276127214973077e-38,1.8399321440244748e-38,1.8523068035486917e-38,1.864736823627079e-38,1.877222327816756e-38,1.8897634396748428e-38,1.9023602827584599e-38,1.915012980624727e-38,1.9277216568307643e-38,1.9404864349336918e-38,1.9533074384906292e-38,1.966184791058697e-38,1.9791186161950128e-38,1.9921090374567006e-38,2.0051561784008776e-38,2.0182601625846665e-38,2.0314211135651842e-38,2.0446391548995543e-38,2.057914410144892e-38,2.071247002858321e-38,2.0846370565969605e-38,2.0980846949179302e-38,2.1115900413783498e-38,2.12515321953534e-38,2.138774352946021e-38,2.1524535651675126e-38,2.1661909797569338e-38,2.1799867202714055e-38,2.1938409102680474e-38,2.20775367330398e-38,2.2217251329363264e-38,2.2357554127222007e-38,2.2498446362187256e-38,2.2639929269830197e-38,2.278200408572204e-38,2.292467204543399e-38,2.3067934384537242e-38,2.3211792338603008e-38,2.3356247143202472e-38,2.3501300033906849e-38,2.3646952246287323e-38,2.3793205015915106e-38,2.3940059578361397e-38,2.40875171691974e-38,2.42355790239943e-38,2.438424637832331e-38,2.453352046775562e-38,2.468340252786244e-38,2.483389379421497e-38,2.4984995502384417e-38,2.513670888794194e-38,2.528903518645879e-38,2.544197563350613e-38,2.5595531464655195e-38,2.574970391547716e-38,2.590449422154324e-38,2.605990361842463e-38,2.6215933341692526e-38,2.6372584626918126e-38,2.652985870967267e-38,2.6687756825527294e-38,2.684628021005322e-38,2.7005430098821666e-38,2.7165207727403807e-38,2.732561433137086e-38,2.7486651146294034e-38,2.7648319407744503e-38,2.781062035129349e-38,2.797355521251219e-38,2.8137125226971814e-38,2.830133163024352e-38,2.8466175657898546e-38,2.8631658545508097e-38,2.8797781528643354e-38,2.89645458428755e-38,2.913195272377575e-38,2.930000340691531e-38,2.9468699127865394e-38,2.9638041122197186e-38,2.9808030625481895e-38,2.9978668873290704e-38,3.0149957101194826e-38,3.0321896544765456e-38,3.04944884395738e-38,3.066773402119105e-38,3.0841634525188423e-38,3.1016191187137107e-38,3.11914052426083e-38,3.136727792717322e-38,3.1543810476403045e-38,3.1721004125868984e-38,3.1898860111142236e-38,3.2077379667793995e-38,3.225656403139549e-38,3.2436414437517874e-38,3.2616932121732375e-38,3.279811831961019e-38,3.2979974266722514e-38,3.316250119864055e-38,3.3345700350935506e-38,3.352957295917857e-38,3.371412025894096e-38,3.3899343485793855e-38,3.4085243875308473e-38,3.4271822663056e-38,3.4459081084607655e-38,3.4647020375534615e-38,3.483564177140809e-38,3.5024946507799283e-38,3.5214935820279393e-38,3.5405610944419623e-38,3.559697311579117e-38,3.578902356996523e-38,3.5981763542513e-38,3.617519426900567e-38,3.6369316985014483e-38,3.656413292611061e-38,3.6759643327865243e-38,3.6955849425849603e-38,3.7152752455634875e-38,3.7350353652792266e-38,3.754865425289297e-38,3.7747655491508203e-38,3.7947358604209156e-38,3.814776482656701e-38,3.8348875394153006e-38,3.855069154253831e-38,3.875321450729414e-38,3.8956445523991677e-38,3.916038582820213e-38,3.936503665549672e-38,3.957039924144662e-38,3.9776474821623033e-38,3.998326463159717e-38,4.019076990694024e-38,4.039899188322342e-38,4.0607931796017915e-38,4.0817590880894935e-38,4.102797037342568e-38,4.1239071509181337e-38,4.1450895523733115e-38,4.1663443652652197e-38,4.187671713150982e-38,4.209071719587716e-38,4.230544508132542e-38,4.25209020234258e-38,4.273708925774952e-38,4.295400801986775e-38,4.317165954535169e-38,4.3390045069772575e-38,4.360916582870156e-38,4.3829023057709874e-38,4.4049617992368713e-38,4.4270951868249313e-38,4.4493025920922806e-38,4.471584138596041e-38,4.4939399498933345e-38,4.516370149541281e-38,4.538874861096998e-38,4.5614542081176085e-38,4.584108314160234e-38,4.606837302781989e-38,4.6296412975399973e-38,4.6525204219913765e-38,4.6754747996932507e-38,4.6985045542027355e-38,4.721609809076952e-38,4.744790687873021e-38,4.768047314148065e-38,4.791379811459201e-38,4.81478830336355e-38,4.838272913418229e-38,4.861833765180362e-38,4.885470982207068e-38,4.909184688055467e-38,4.932975006282676e-38,4.95684206044582e-38,4.980785974102016e-38,5.004806870808384e-38,5.028904874122047e-38,5.053080107600121e-38,5.077332694799728e-38,5.101662759277986e-38,5.126070424592019e-38,5.150555814298941e-38,5.175119051955878e-38,5.199760261119948e-38,5.224479565348269e-38,5.249277088197964e-38,5.274152953226153e-38,5.299107283989953e-38,5.324140204046487e-38,5.349251836952873e-38,5.374442306266231e-38,5.399711735543683e-38,5.425060248342349e-38,5.450487968219347e-38,5.475995018731799e-38,5.501581523436822e-38,5.52724760589154e-38,5.552993389653069e-38,5.578818998278532e-38,5.604724555325049e-38,5.630710184349737e-38,5.656776008909719e-38,5.682922152562114e-38,5.709148738864042e-38,5.735455891372622e-38,5.761843733644976e-38,5.788312389238225e-38,5.814861981709484e-38,5.841492634615878e-38,5.868204471514526e-38,5.894997615962545e-38,5.921872191517059e-38,5.948828321735187e-38,5.975866130174046e-38,6.00298574039076e-38,6.030187275942447e-38,6.057470860386227e-38,6.08483661727922e-38,6.112284670178548e-38,6.139815142641327e-38,6.16742815822468e-38,6.195123840485725e-38,6.222902312981583e-38,6.250763699269379e-38,6.278708122906225e-38,6.306735707449244e-38,6.334846576455557e-38,6.363040853482284e-38,6.391318662086544e-38,6.419680125825457e-38,6.448125368256144e-38,6.476654512935723e-38,6.505267683421316e-38,6.533965003270043e-38,6.562746596039023e-38,6.591612585285378e-38,6.620563094566227e-38,6.649598247438687e-38,6.678718167459883e-38,6.707922978186932e-38,6.737212803176954e-38,6.76658776598707e-38,6.796047990174399e-38,6.825593599296064e-38,6.855224716909179e-38,6.884941466570872e-38,6.914743971838258e-38,6.944632356268455e-38,6.97460674341859e-38,7.004667256845775e-38,7.034814020107137e-38,7.06504715675979e-38,7.095366790360858e-38,7.125773044467462e-38,7.156266042636717e-38,7.186845908425742e-38,7.217512765391664e-38,7.248266737091605e-38,7.279107947082676e-38,7.310036518922e-38,7.341052576166699e-38,7.372156242373893e-38,7.403347641100698e-38,7.434626895904238e-38,7.465994130341632e-38,7.49744946797e-38,7.528993032346465e-38,7.560624947028141e-38,7.592345335572152e-38,7.62415432153562e-38,7.656052028475661e-38,7.688038579949394e-38,7.720114099513941e-38,7.752278710726421e-38,7.784532537143956e-38,7.816875702323665e-38,7.849308329822668e-38,7.881830543198086e-38,7.914442466007037e-38,7.947144221806641e-38,7.97993593415402e-38,8.012817726606295e-38,8.045789722720585e-38,8.078852046054009e-38,8.112004820163686e-38,8.145248168606739e-38,8.178582214940285e-38,8.212007082721449e-38,8.245522895507343e-38,8.279129776855091e-38,8.312827850321815e-38,8.346617239464634e-38,8.380498067840667e-38,8.414470459007032e-38,8.448534536520856e-38,8.482690423939253e-38,8.516938244819344e-38,8.551278122718241e-38,8.585710181193083e-38,8.620234543800975e-38,8.654851334099043e-38,8.689560675644408e-38,8.724362691994184e-38,8.759257506705496e-38,8.794245243335462e-38,8.829326025441205e-38,8.864499976579842e-38,8.899767220308493e-38,8.93512788018428e-38,8.970582079764319e-38,9.006129942605735e-38,9.041771592265646e-38,9.077507152301167e-38,9.113336746269426e-38,9.149260497727538e-38,9.185278530232628e-38,9.221390967341808e-38,9.257597932612206e-38,9.29389954960094e-38,9.330295941865125e-38,9.366787232961888e-38,9.403373546448342e-38,9.440055005881618e-38,9.476831734818823e-38,9.513703856817084e-38,9.55067149543352e-38,9.58773477422525e-38,9.624893816749394e-38,9.662148746563074e-38,9.69949968722341e-38,9.736946762287516e-38,9.77449009531252e-38,9.812129809855536e-38,9.849866029473695e-38,9.8876988777241e-38,9.925628478163885e-38,9.963654954350163e-38,1.0001778429840059e-37,1.0039999028190688e-37,1.0078316872959174e-37,1.011673208770263e-37,1.0155244795978188e-37,1.0193855121342957e-37,1.023256318735406e-37,1.027136911756862e-37,1.0310273035543754e-37,1.0349275064836582e-37,1.0388375329004225e-37,1.0427573951603803e-37,1.0466871056192435e-37,1.050626676632724e-37,1.0545761205565342e-37,1.0585354497463858e-37,1.062504676557991e-37,1.0664838133470624e-37,1.0704728724693106e-37,1.0744718662804482e-37,1.0784808071361876e-37,1.0824997073922405e-37,1.0865285794043193e-37,1.0905674355281353e-37,1.094616288119402e-37,1.0986751495338291e-37,1.1027440321271296e-37,1.106822948255017e-37,1.1109119102732002e-37,1.1150109305373935e-37,1.1191200214033086e-37,1.1232391952266569e-37,1.1273684643631503e-37,1.1315078411685022e-37,1.1356573379984233e-37,1.1398169672086258e-37,1.143986741154822e-37,1.1481666721927242e-37,1.1523567726780442e-37,1.1565570549664927e-37,1.160767531413783e-37,1.164988214375627e-37,1.1692191162077367e-37,1.1734602492658235e-37,1.1777116259056007e-37,1.1819732584827791e-37,1.1862451593530708e-37,1.190527340872188e-37,1.1948198153958433e-37,1.199122595279748e-37,1.2034356928796145e-37,1.2077591205511542e-37,1.2120928906500794e-37,1.216437015532103e-37,1.2207915075529354e-37,1.2251563790682897e-37,1.229531642433878e-37,1.233917310005411e-37,1.238313394138602e-37,1.2427199071891627e-37,1.2471368615128047e-37,1.2515642694652401e-37,1.2560021434021816e-37,1.2604504956793406e-37,1.2649093386524287e-37,1.2693786846771585e-37,1.2738585461092423e-37,1.2783489353043914e-37,1.2828498646183184e-37,1.287361346406735e-37,1.2918833930253526e-37,1.2964160168298846e-37,1.3009592301760419e-37,1.3055130454195368e-37,1.3100774749160817e-37,1.314652531021388e-37,1.3192382260911677e-37,1.323834572481133e-37,1.3284415825469958e-37,1.3330592686444685e-37,1.3376876431292629e-37,1.3423267183570911e-37,1.3469765066836648e-37,1.3516370204646963e-37,1.356308272055897e-37,1.3609902738129795e-37,1.3656830380916557e-37,1.3703865772476379e-37,1.3751009036366377e-37,1.3798260296143669e-37,1.3845619675365374e-37,1.389308729758862e-37,1.3940663286370517e-37,1.3988347765268194e-37,1.4036140857838768e-37,1.4084042687639355e-37,1.4132053378227085e-37,1.418017305315907e-37,1.422840183599243e-37,1.4276739850284285e-37,1.432518721959176e-37,1.4373744067471965e-37,1.442241051748203e-37,1.4471186693179075e-37,1.4520072718120216e-37,1.4569068715862571e-37,1.4618174809963264e-37,1.466739112397941e-37,1.4716717781468138e-37,1.476615490598656e-37,1.4815702621091799e-37,1.4865361050340976e-37,1.4915130317291212e-37,1.496501054549962e-37,1.5015001858523325e-37,1.5065104379919445e-37,1.5115318233245105e-37,1.516564354205742e-37,1.5216080429913512e-37,1.52666290203705e-37,1.5317289436985513e-37,1.5368061803315656e-37,1.5418946242918058e-37,1.5469942879349837e-37,1.5521051836168108e-37,1.5572273236929997e-37,1.5623607205192624e-37,1.5675053864513108e-37,1.572661333844857e-37,1.5778285750556127e-37,1.5830071224392905e-37,1.5881969883516028e-37,1.5933981851482594e-37,1.5986107251849743e-37,1.6038346208174588e-37,1.609069884401425e-37,1.6143165282925847e-37,1.6195745648466505e-37,1.624844006419334e-37,1.6301248653663471e-37,1.6354171540434026e-37,1.6407208848062108e-37,1.646036070010485e-37,1.6513627220119364e-37,1.6567008531662779e-37,1.6620504758292213e-37,1.6674116023564782e-37,1.672784245103761e-37,1.6781684164267826e-37,1.6835641286812527e-37,1.6889713942228845e-37,1.6943902254073902e-37,1.6998206345904822e-37,1.7052626341278719e-37,1.7107162363752707e-37,1.7161814536883914e-37,1.7216582984229461e-37,1.7271467829346464e-37,1.7326469195792048e-37,1.7381587207123324e-37,1.7436821986897425e-37,1.7492173658671456e-37,1.754764234600255e-37,1.7603228172447819e-37,1.7658931261564379e-37,1.771475173690936e-37,1.7770689722039884e-37,1.7826745340513066e-37,1.7882918715886023e-37,1.7939209971715876e-37,1.7995619231559748e-37,1.8052146618974758e-37,1.8108792257518021e-37,1.8165556270746662e-37,1.8222438782217802e-37,1.8279439915488557e-37,1.8336559794116056e-37,1.8393798541657403e-37,1.8451156281669739e-37,1.850863313771016e-37,1.8566229233335806e-37,1.8623944692103794e-37,1.8681779637571226e-37,1.873973419329525e-37,1.8797808482832968e-37,1.8856002629741505e-37,1.891431675757798e-37,1.897275098989951e-37,1.9031305450263222e-37,1.9089980262226232e-37,1.914877554934566e-37,1.920769143517862e-37,1.9266728043282244e-37,1.932588549721364e-37,1.938516392052993e-37,1.944456343678825e-37,1.95040841695457e-37,1.956372624235941e-37,1.9623489778786503e-37,1.9683374902384094e-37,1.97433817367093e-37,1.9803510405319246e-37,1.9863761031771052e-37,1.992413373962183e-37,1.998462865242871e-37,2.0045245893748804e-37,2.0105985587139245e-37,2.016684785615714e-37,2.0227832824359607e-37,2.0288940615303778e-37,2.0350171352546763e-37,2.0411525159645695e-37,2.0473002160157675e-37,2.0534602477639834e-37,2.0596326235649298e-37,2.065817355774317e-37,2.0720144567478586e-37,2.078223938841266e-37,2.084445814410252e-37,6.160295417385196e-18,1.2393311788842585e-17,1.8702402002237652e-17,2.5090527703264192e-17,3.156037385691056e-17,3.811443542381798e-17,4.475508273847131e-17,5.1484610790303457e-17,5.83052764277543e-17,6.521932656397549e-17,7.22290197144266e-17,7.933664262222663e-17,8.654452328263336e-17,9.385504135234271e-17,1.0127063667273439e-16,1.0879381645139031e-16,1.1642716150879957e-16,1.2417333188856249e-16,1.3203507206324467e-16,1.4001521589629982e-16,1.4811669149518382e-16,1.56342526049226e-16,1.6469585073025756e-16,1.7317990571533956e-16,1.8179804538029374e-16,1.9055374370517993e-16,1.9945059992816012e-16,2.084923444792198e-16,2.1768284522466206e-16,2.270261140513649e-16,2.365263138208778e-16,2.4618776572301485e-16,2.5601495705979184e-16,2.660125494932701e-16,2.7618538779181257e-16,2.8653850910994337e-16,2.970771528487724e-16,3.0780677112991743e-16,3.1873303993783214e-16,3.298618709803575e-16,3.411994243162252e-16,3.5275212181836243e-16,3.645266615326709e-16,3.765300330040298e-16,3.8876953364949857e-16,4.0125278626246563e-16,4.139877577402712e-16,4.269827791378094e-16,4.402465671612245e-16,4.537882472173986e-16,4.676173781671195e-16,4.817439789153676e-16,4.961785570160169e-16,5.109321394619157e-16,5.260163058668371e-16,5.414432242551238e-16,5.572256897112023e-16,5.733771661514841e-16,5.899118315276819e-16,6.068446267943953e-16,6.24191309015694e-16,6.419685090284061e-16,6.601937941285612e-16,6.788857363047247e-16,6.980639865991573e-16,7.17749356269346e-16,7.379639054654328e-16,7.587310402869939e-16,7.800756191420052e-16,8.02024069484793e-16,8.246045161411068e-16,8.478469225965367e-16,8.71783246809973e-16,8.964476133559624e-16,9.218765039151363e-16,9.481089684824548e-16,9.751868599735514e-16,1.003155095341994e-15,1.0320619467944163e-15,1.0619593672609307e-15,1.0929033549526104e-15,1.1249543626345973e-15,1.1581777581940963e-15,1.1926443442180168e-15,1.228430945653797e-15,1.2656210762743372e-15,1.3043056966241635e-15,1.3445840785570445e-15,1.3865647943642374e-15,1.4303668521156666e-15,1.4761210031814086e-15,1.5239712533923835e-15,1.5740766160185166e-15,1.626613153191083e-15,1.6817763629681857e-15,1.7397839826259025e-15,1.8008792957392963e-15,1.865335052345923e-15,1.9334581394745043e-15,2.0055951756256876e-15,2.0821392501919252e-15,2.1635380913773022e-15,2.2503040291210456e-15,2.343026230914695e-15,2.442385838957164e-15,2.549174842998888e-15,2.6643198075374262e-15,2.7889119691900345e-15,2.924245781427535e-15,3.0718687870562533e-15,3.2336468638330323e-15,3.4118506009314155e-15,3.60927111834673e-15,3.8293775082149154e-15,4.076534020977189e-15,4.356304394894239e-15,4.675885412910469e-15,5.044735322158368e-15,5.475500920999837e-15,5.985409259789592e-15,6.598391672875305e-15,7.34837824616772e-15,8.284532666726888e-15,9.480273396363969e-15,1.1054745449163817e-14,1.3277420369468818e-14,1.750400393096513e-14,3.71635214402297e-14,2.4156928840425996e-13,2.8312322654819683e-12,3.410904027509281e-11,3.62047210119374e-10,3.1841182272974555e-09,2.2284196029015507e-08,1.2085330134764615e-07,5.024580167883902e-07,1.6107952661034266e-06,4.064384325853022e-06,8.322052944100217e-06,1.4313081920817538e-05,2.137982125161251e-05,2.856279202333989e-05,3.4972015559824374e-05,4.0020974832318586e-05,4.347504406016502e-05,4.537901246058018e-05,4.5945302031423466e-05,4.5455069996237204e-05,4.419139348550767e-05,4.240348461588899e-05,4.029317791992174e-05,3.8014519180581575e-05,3.567963008697847e-05,3.3366649324575355e-05,3.1127547798002166e-05,2.899487296947519e-05,2.6987166505295145e-05,2.5113127046724606e-05,2.3374714546528287e-05,2.1769415762435616e-05,2.0291869577844965e-05,1.89350156096441e-05,1.7690893692451187e-05,1.6551190759268466e-05,1.5507606698008163e-05,1.455209156621977e-05,1.3676992182174083e-05,1.2875135513436138e-05,1.2139868540039494e-05,1.1465068661351383e-05,1.0845134652640121e-05,1.0274965250782437e-05,9.749930340680068e-06,9.265838196674888e-06,8.818901146461226e-06,8.405701247732952e-06,8.023157011516611e-06,7.66849181582294e-06,7.339204378940149e-06,7.033041463951114e-06,6.747972868152552e-06,6.482168653088011e-06,6.233978521626501e-06,6.001913219078028e-06,5.7846277999893804e-06,5.580906625832617e-06,5.3896499277223476e-06,5.209861792409489e-06,5.040639430420502e-06,4.881163596628339e-06,4.7306900424529004e-06,4.588541891202786e-06,4.464061297081981e-06,4.3362893991251115e-06,4.215192717462762e-06,4.100290327144192e-06,3.991149295248827e-06,3.8873750853817175e-06,3.7886064361293534e-06,3.6945117949062123e-06,3.6047864193943385e-06,3.5191498663251744e-06,3.4373437596576674e-06,3.3591297882388512e-06,3.2842879067528916e-06,3.2126147268080027e-06,3.1439220401340192e-06,3.0780355117971298e-06,3.014793488076641e-06,2.9540459205948447e-06,2.8956533924084893e-06,2.8394862359119926e-06,2.785423732930803e-06,2.7333533889942636e-06,2.683170273821123e-06,2.634776421695316e-06,2.588080285375923e-06,2.5429962394143152e-06,2.4994441258276783e-06,2.457348840235939e-06,2.416639953720294e-06,2.3772513665262366e-06,2.3391209913118383e-06,2.3021904627075284e-06,2.266404871436876e-06,2.231712519278353e-06,2.1980646947692395e-06,2.1654154666258058e-06,2.133721493168755e-06,2.1029418481296485e-06,2.07303785768353e-06,2.0439729524739314e-06,2.01571252942551e-06,1.988223824444027e-06,1.961475794694456e-06,1.9354390096150976e-06,1.9100855497049725e-06,1.885388912678679e-06,1.8613239271532388e-06,1.8378666710339058e-06,1.8149943967402092e-06,1.7926854613452368e-06,1.7709192616206244e-06,1.7496761734638757e-06,1.7289374950590198e-06,1.70868539478826e-06,1.6889028615983258e-06,1.6695736594721695e-06,1.6506822839142852e-06,1.6322139227013794e-06,1.6141544172086736e-06,1.5964902278800917e-06,1.5792084011574108e-06,1.562296538489486e-06,1.5457427672490968e-06,1.5295357137875873e-06,1.513664477392187e-06,1.4981186065301262e-06,1.482888076164307e-06,1.467963266452828e-06,1.45333494250352e-06,1.4389942364626858e-06,1.4249326280928838e-06,1.411141929426461e-06,1.3976142680977322e-06,1.3843420728395557e-06,1.3713180592345715e-06,1.3585352162934082e-06,1.345986794121495e-06,1.3336662915712012e-06,1.321567445422902e-06,1.30968421946465e-06,1.2980107942744506e-06,1.286541557913965e-06,1.2752710966824795e-06,1.2641941864892136e-06,1.2533057847189613e-06,1.2426010225345941e-06,1.2320751973536224e-06,1.221723766037992e-06,1.2115423381036478e-06,1.2015266694536758e-06,1.1916726563758906e-06,1.1819763297565608e-06,1.1724338497193866e-06,1.1630415004289516e-06,1.1537956850105648e-06,1.1446929210444483e-06,1.1357298359708784e-06,1.126903162820349e-06,1.1182097361428198e-06,1.1096464880871148e-06,1.1012104446953778e-06,1.0928987224505709e-06,1.0847085246462698e-06,1.076637138459218e-06,1.0686819315353736e-06,1.0608403492763085e-06,1.0531099118087955e-06,1.0454882114793138e-06,1.0379729100804548e-06,1.0305617364637294e-06,1.0232524841173033e-06,1.0160430089446065e-06,1.0089312269578617e-06,1.0019151123515308e-06,9.94992695380686e-07,9.881620604651496e-07,9.814213443203114e-07,9.747687343307298e-07,9.682024666008936e-07,9.617208244866416e-07,9.553221370124727e-07,9.4900477734477e-07,9.427671613334936e-07,9.366077461618603e-07,9.305250289408475e-07,9.245175455083641e-07,9.185838691312817e-07,9.127226093597083e-07,9.069324107921012e-07,9.012119521436512e-07,8.955599450183473e-07,8.899751330243438e-07,8.844562905255184e-07,8.790022220834512e-07,8.736117612820987e-07,8.68283769929807e-07,8.630171371469983e-07,8.578107786370939e-07,8.526636358440637e-07,8.475746751302102e-07,8.425428874217748e-07,8.375672868051312e-07,8.326469104172378e-07,8.277808175775016e-07,8.229680891660058e-07,8.182078270350087e-07,8.134991533584692e-07,8.088412101170588e-07,8.042331585064124e-07,7.996741784513322e-07,7.951634679817788e-07,7.907002428331037e-07,7.862837359271999e-07,7.819131968985815e-07,7.77587891621713e-07,7.73307101817635e-07,7.690701246065494e-07,7.648762720580007e-07,7.60724870842448e-07,7.566152618442334e-07,7.525467997578458e-07,7.485188527480828e-07,7.445308020827467e-07,7.405820417558906e-07,7.366719783712291e-07,7.328000304895136e-07,7.289656285551899e-07,7.251682144933608e-07,7.214072414721373e-07,7.176821735764915e-07,7.139924856139667e-07,7.103376627600773e-07,7.067172003317618e-07,7.031306035648565e-07,6.995773872435404e-07,6.96057075749591e-07,6.925692025679813e-07,6.891133101280457e-07,6.856889496464494e-07,6.822956808270868e-07,6.78933071740171e-07,6.75600698593183e-07,6.722981455700152e-07,6.690250045547321e-07,6.657808750571682e-07,6.625653639682669e-07,6.593780854307891e-07,6.562186606474107e-07,6.530867177095629e-07,6.499818914453217e-07,6.469038233059701e-07,6.438521611710892e-07,6.408265592147078e-07,6.378266777846057e-07,6.348521831925637e-07,6.31902747700605e-07,6.289780493342267e-07,6.2607777162572e-07,6.232016037380051e-07,6.203492401692498e-07,6.175203806988262e-07,6.147147302508472e-07,6.11931998790513e-07,6.091719012179473e-07,6.06434157259019e-07,6.037184913690018e-07,6.010246326076945e-07,5.983523145999805e-07,5.957012754573179e-07,5.930712574077744e-07,5.90462007149321e-07,5.878732754684939e-07,5.853048172306557e-07,5.827563912902367e-07,5.802277604084042e-07,5.777186911275311e-07,5.75228953848725e-07,5.727583226497408e-07,5.703065751022297e-07,5.678734923569027e-07,5.658061266197285e-07,5.634071454032852e-07,5.610262209265998e-07,5.586631483788174e-07,5.563177254246736e-07,5.539897526420705e-07,5.516790336091541e-07,5.493853749226478e-07,5.471085860488082e-07,5.448484794406426e-07,5.426048703716659e-07,5.403775769070527e-07,5.381664198320186e-07,5.359712226614474e-07,5.337918115063076e-07,5.316280150886597e-07,5.294796646555096e-07,5.27346593952095e-07,5.252286391417958e-07,5.231256388308342e-07,5.210374339776817e-07,5.189638678120561e-07,5.169047858707055e-07,5.148600358735941e-07,5.128294677624886e-07,5.108129336310264e-07,5.088102876610199e-07,5.06821386111152e-07,5.048460872758279e-07,5.028842514434276e-07,5.009357408730885e-07,4.990004197677056e-07,4.970781541267082e-07,4.951688119036631e-07,4.932722628622988e-07,4.913883785499495e-07,4.895170323105457e-07,4.876580991264852e-07,4.85811455774089e-07,4.839769806727089e-07,4.821545538809158e-07,4.8034405708832e-07,4.785453735580861e-07,4.767583881214712e-07,4.7498298713499563e-07,4.7321905847979554e-07,4.714664915134087e-07,4.6972517705763565e-07,4.6799500735767173e-07,4.6627587607494504e-07,4.645676782591237e-07,4.6287031032240814e-07,4.611836700195098e-07,4.595076564248525e-07,4.57842169922847e-07,4.561871121533551e-07,4.5454238600573205e-07,4.5290789563486934e-07,4.5128354640476523e-07,4.4966924486247726e-07,4.4806489873857253e-07,4.4647041692187236e-07,4.4488570938836377e-07,4.433106873420482e-07,4.417452630367776e-07,4.401893498569117e-07,4.386428622077787e-07,4.371057154850686e-07,4.3557782619001383e-07,4.340591118997683e-07,4.3254949109179455e-07,4.3104888330230856e-07,4.2955720903314866e-07,4.280743897017069e-07,4.2660034766201677e-07,4.251350062661963e-07,4.2367828974516695e-07,4.222301232406919e-07,4.207904327679466e-07,4.1935914521852877e-07,4.179361883568273e-07,4.1652149078477733e-07,4.151149819460079e-07,4.1371659210375587e-07,4.123262523332874e-07,4.109438945089682e-07,4.095694512723027e-07,4.08202856072084e-07,4.06844043119216e-07,4.0549294736774524e-07,4.0414950451395246e-07,4.028136509851413e-07,4.01485323929402e-07,4.001644612312456e-07,3.988510014228969e-07,3.975448837530938e-07,3.9624604815093606e-07,3.9495443521127783e-07,3.9366998620050917e-07,3.923926430286519e-07,3.9112234825098086e-07,3.8985904505623304e-07,3.886026772542411e-07,3.873531892739984e-07,3.861105261540848e-07,3.8487463352035796e-07,3.836454576092921e-07,3.8242294521833486e-07,3.8120704372574347e-07,3.799977010700462e-07,3.787948657647801e-07,3.7759848687000433e-07,3.7640851398558093e-07,3.7522489723379795e-07,3.740475872825093e-07,3.7287653531683873e-07,3.717116930388638e-07,3.705530126542766e-07,3.694004468737922e-07,3.682539488992403e-07,3.671134723853069e-07,3.6597897155860687e-07,3.64850401035011e-07,3.637277159249967e-07,3.626108718048171e-07,3.61499824718942e-07,3.6039453112817873e-07,3.592949479839724e-07,3.582010326363458e-07,3.5711274288018465e-07,3.56030036940537e-07,3.5495287346382066e-07,3.5388121150402324e-07,3.5281501054539785e-07,3.517542304614414e-07,3.506988315255083e-07,3.4964877441974904e-07,3.4860402021144707e-07,3.4756453033757687e-07,3.465302666335221e-07,3.455011913051581e-07,3.444772669287346e-07,3.434584564482218e-07,3.424447231664253e-07,3.414360307465946e-07,3.4043234320250706e-07,3.394336248946658e-07,3.3843984053211166e-07,3.3745095516094136e-07,3.36466934164286e-07,3.354877432560962e-07,3.345133484782133e-07,3.3354371619542314e-07,3.325788130927979e-07,3.316186061699636e-07,3.306630627397476e-07,3.2971215042123967e-07,3.287658371381401e-07,3.2782409111524407e-07,3.2688688087641096e-07,3.2595417523962015e-07,3.2502594330924923e-07,3.241021544780877e-07,3.231827784216889e-07,3.2226778509583193e-07,3.21357144731711e-07,3.2045082782877004e-07,3.195488051824152e-07,3.1865104781214466e-07,3.1775752703434447e-07,3.1686821443242756e-07,3.159830818091457e-07,3.1510210125135243e-07,3.142252450943029e-07,3.1335248591595056e-07,3.1248379654315496e-07,3.116191500312441e-07,3.107585197177706e-07,3.0990187913945723e-07,3.0904920207775137e-07,3.08200462548041e-07,3.073556347973993e-07,3.065146932937206e-07,3.056776127361963e-07,3.048443680436202e-07,3.0401493435429624e-07,3.0318928702385733e-07,3.02367401623642e-07,3.015492539332403e-07,3.00734819945287e-07,2.99924075860753e-07,2.9911699808254427e-07,2.983135632233286e-07,2.9751374809266563e-07,2.967175296901436e-07,2.959248852322343e-07,2.9513579210585034e-07,2.943502279042791e-07,2.935681704142714e-07,2.9278959759713905e-07,2.920144876048667e-07,2.912428187804961e-07,2.9047456964851207e-07,2.8970971888699983e-07,2.889482453974288e-07,2.881901282337789e-07,2.874353466230939e-07,2.8668387997200743e-07,2.859357078451459e-07,2.8519080997624883e-07,2.8444916628259785e-07,2.8371075684914993e-07,2.8297556190238825e-07,2.822435618417038e-07,2.81514737226254e-07,2.80789068773699e-07,2.800665373583255e-07,2.793471240111455e-07,2.786308099152401e-07,2.7791757640462217e-07,2.7720740496630396e-07,2.765002772350465e-07,2.75796174997024e-07,2.750950801762971e-07,2.743969748453051e-07,2.737018412194531e-07,2.730096616556201e-07,2.723204186505883e-07,2.7163409483979217e-07,2.709506729958888e-07,2.7027013602734155e-07,2.695924669770672e-07,2.689176490161851e-07,2.682456654595434e-07,2.675764997428373e-07,2.669101354344084e-07,2.662465562281646e-07,2.6558574594699756e-07,2.649276885378279e-07,2.642723680719541e-07,2.6361976874327986e-07,2.6296987486805334e-07,2.623226708824901e-07,2.6167814134221966e-07,2.610362709210062e-07,2.6039704440954355e-07,2.5976044671448216e-07,2.5912646285712e-07,2.584950779723696e-07,2.578662773076486e-07,2.5724004622181167e-07,2.5661637018403653e-07,2.559952347728124e-07,2.5537662567486115e-07,2.547605286841244e-07,2.5414692970072676e-07,2.535358147298354e-07,2.529271698811706e-07,2.523209813673353e-07,2.517172355035349e-07,2.511159187054239e-07,2.5051701748863227e-07,2.499205184748363e-07,2.493264083586736e-07,2.4873467396610343e-07,2.4814530220548576e-07,2.4755828008256976e-07,2.4697359469437565e-07,2.463912332334213e-07,2.4581118298561733e-07,2.452334313281738e-07,2.4465796573098694e-07,2.44084773766323e-07,2.435138430686798e-07,2.429451613771193e-07,2.423787165192899e-07,2.41814496408691e-07,2.412524890452618e-07,2.4069268251795134e-07,2.4013506499365564e-07,2.395796247267846e-07,2.3902635005213846e-07,2.38475229396331e-07,2.3792625125854873e-07,2.373794042189148e-07,2.3683467694318099e-07,2.3629205817199333e-07,2.357515367355572e-07,2.352131015366055e-07,2.346767415408917e-07,2.341424458126558e-07,2.3361020348400014e-07,2.3308000375354751e-07,2.3255183590714334e-07,2.32025689301375e-07,2.3150155336468053e-07,2.3097941759771727e-07,2.3045927157670205e-07,2.2994110494826203e-07,2.2942490742730002e-07,2.2891066880237381e-07,2.2839837893000967e-07,2.2788802773656138e-07,2.2737960521749737e-07,2.268731014353917e-07,2.2636850652032092e-07,2.2586581066926084e-07,2.2536500414541356e-07,2.2486607727765675e-07,2.2436902045969265e-07,2.2387382414496917e-07,2.233804788733574e-07,2.22888975212137e-07,2.223993038181934e-07,2.2191145539939662e-07,2.2142542073142243e-07,2.209411906477697e-07,2.204587560443327e-07,2.1997810787601643e-07,2.1949923715840134e-07,2.1902213496614637e-07,2.1854679243269462e-07,2.180732007497703e-07,2.1760135116695172e-07,2.1713123499111634e-07,2.166628435860316e-07,2.161961683718326e-07,2.1573120082465344e-07,2.1526793247634318e-07,2.1480635491310648e-07,2.1434645977610614e-07,2.1388823876059316e-07,2.1343168361572854e-07,2.129767861438598e-07,2.1252353819834827e-07,2.1207193168773192e-07,2.116219585713361e-07,2.1117361085981912e-07,2.1072688061503745e-07,2.1028175994967045e-07,2.0983824102639543e-07,2.093963160579186e-07,2.0895597730641817e-07,2.0851721708314878e-07,2.0808002774804713e-07,2.076444017093432e-07,2.072103314229988e-07,2.067778093930297e-07,2.0634682817006878e-07,2.0591738035170148e-07,2.054894585821168e-07,2.0506305555093093e-07,2.046381639940407e-07,2.0421477669245106e-07,2.0379288647212188e-07,2.0337248620361467e-07,2.029535688016525e-07,2.0253612722504053e-07,2.0212015447614654e-07,2.0170564360026795e-07,2.012925876871685e-07,2.0088097986528747e-07,2.004708133090936e-07,2.0006208123357525e-07,1.9965477689536958e-07,1.9924889359305718e-07,1.9884442466410994e-07,1.9844136348859874e-07,1.9803970348637069e-07,1.9763943811938317e-07,1.9724056088230433e-07,1.968430653200057e-07,1.9644694500301432e-07,1.960521935539038e-07,1.9565880462327897e-07,1.9526677190684873e-07,1.9487608913447565e-07,1.9448675007790591e-07,1.9409874854195922e-07,1.9371207836993777e-07,1.93326733441578e-07,1.9294270767416893e-07,1.9255999502017183e-07,1.9217858946833776e-07,1.917984850431566e-07,1.9141967580448028e-07,1.9104215584727274e-07,1.9066591930193844e-07,1.902909603323595e-07,1.8991727313795443e-07,1.8954485195147003e-07,1.891736910405362e-07,1.8880378470333461e-07,1.884351272782818e-07,1.880677131300073e-07,1.8770153665840541e-07,1.8733659229571954e-07,1.8697287450702596e-07,1.8661037779022996e-07,1.8624909667420063e-07,1.8588902571964376e-07,1.855301595190083e-07,1.8517249269587277e-07,1.8481601990484927e-07,1.8446073583126119e-07,1.8410663519108928e-07,1.8375371273068493e-07,1.8340196322643032e-07,1.830513814857976e-07,1.827019623425876e-07,1.8235370066347402e-07,1.820065913432675e-07,1.8166062930426393e-07,1.813158095047624e-07,1.8097212691865442e-07,1.8062957656060796e-07,1.8028815346742365e-07,1.799478527050746e-07,1.796086693677344e-07,1.7927059857682596e-07,1.7893363548106686e-07,1.785977752577786e-07,1.782630131106483e-07,1.7792934426965814e-07,1.7759676399113923e-07,1.7726526755932874e-07,1.7693485028373388e-07,1.7660550750042354e-07,1.7627723457134062e-07,1.7595002688420234e-07,1.7562387985243408e-07,1.7529878891465904e-07,1.7497474953484668e-07,1.7465175720190215e-07,1.7432980742996675e-07,1.7400889575985263e-07,1.7368901775015718e-07,1.733701689909058e-07,1.730523450938968e-07,1.7273554169498608e-07,1.724197544539219e-07,1.7210497905417265e-07,1.7179121120277996e-07,1.7147844663025532e-07,1.7116668109003346e-07,1.7085591035918678e-07,1.7054613023723867e-07,1.702373365456587e-07,1.6992952513052472e-07,1.6962269185933756e-07,1.6931683262292953e-07,1.690119433322617e-07,1.687080199215197e-07,1.684050583466812e-07,1.6810305458502397e-07,1.6780200463592287e-07,1.6750190451994425e-07,1.6720275027900552e-07,1.6690453797618942e-07,1.66607263693463e-07,1.6631092353629788e-07,1.6601551363539242e-07,1.6572103013340603e-07,1.6542746919769084e-07,1.651348270144756e-07,1.6484309979092094e-07,1.6455228375431378e-07,1.6426237515184268e-07,1.639733702501088e-07,1.6368526533604588e-07,1.633980567159477e-07,1.6311174071367303e-07,1.6282631367774582e-07,1.6254177196771539e-07,1.622581119698764e-07,1.6197533008498117e-07,1.6169342273345513e-07,1.614123863546629e-07,1.6113221740684044e-07,1.608529123659084e-07,1.605744677264549e-07,1.6029688000102627e-07,1.6002014572071301e-07,1.5974426143406187e-07,1.5946922370780913e-07,1.5919502912586443e-07,1.5892167429017497e-07,1.5864915582020338e-07,1.5837747035267853e-07,1.581066145414579e-07,1.578365850579649e-07,1.5756737859025003e-07,1.5729899184370305e-07,1.570314215400316e-07,1.5676466441799852e-07,1.564987172328775e-07,1.5623357675649068e-07,1.5596923977706925e-07,1.557057030991492e-07,1.5544296354344355e-07,1.5518101794684345e-07,1.5491986316216217e-07,1.5465949605814773e-07,1.5439991351929042e-07,1.5414111244585682e-07,1.538830897537472e-07,1.5362584237419738e-07,1.5336936725409631e-07,1.531136613554473e-07,1.528587216555309e-07,1.526045451467666e-07,1.5235112883659917e-07,1.5209846974741038e-07,1.5184656491639754e-07,1.5159541139555693e-07,1.5134500625122402e-07,1.5109534656513575e-07,1.5084642943282758e-07,1.5059825196422773e-07,1.5035081128419178e-07,1.501041045306426e-07,1.4985812885662563e-07,1.4961288142893682e-07,1.49368359428147e-07,1.4912456004917294e-07,1.488814805002651e-07,1.4863911800355226e-07,1.483974697940506e-07,1.4815653312244438e-07,1.479163052507562e-07,1.476767834550919e-07,1.4743796502485203e-07,1.4719984726265319e-07,1.4696242748424644e-07,1.4672570301844567e-07,1.4648967120693484e-07,1.4625432940460343e-07,1.4601967497885538e-07,1.4578570530995516e-07,1.4555241779083518e-07,1.4531980982696343e-07,1.4508787883647184e-07,1.4485662224980573e-07,1.4462603750982322e-07,1.443961220716799e-07,1.4416687340275346e-07,1.4393828898258116e-07,1.4371036630277257e-07,1.4348310286694917e-07,1.4325649619066777e-07,1.430305438013574e-07,1.428052432382424e-07,1.4258059205227525e-07,1.4235658780606818e-07,1.4213322807382387e-07,1.4191051044126846e-07,1.4168843250558324e-07,1.4146699187533862e-07,1.4124618617042671e-07,1.41026013021996e-07,1.4080647007242868e-07,1.4058755497510156e-07,1.4036926539465588e-07,1.4015159900653237e-07,1.3993455349721203e-07,1.3971812656392054e-07,1.395023159148707e-07,1.39287119269013e-07,1.3907253435575068e-07,1.3885855891534298e-07,1.3864519069852344e-07,1.384324274665772e-07,1.3822026699112666e-07,1.3800870705419846e-07,1.3779774544819462e-07,1.3758737997575646e-07,1.3737760844971873e-07,1.371684286930608e-07,1.369598385388471e-07,1.367518358301708e-07,1.3654441842009606e-07,1.3633758417160113e-07,1.3613133095752304e-07,1.359256566604666e-07,1.3572055917291488e-07,1.3551603639688253e-07,1.3531208624417528e-07,1.351087066359999e-07,1.3515077782176212e-07,1.3519834493172372e-07,1.352491423426992e-07,1.3530211595435858e-07,1.3535686233741146e-07,1.3541323846830547e-07,1.3547119797832918e-07,1.35530729443064e-07,1.3559183385822936e-07,1.3565451655556727e-07,1.3571878423177927e-07,1.3578464393697201e-07,1.3585210269353143e-07,1.3592116735553646e-07,1.3599184457108301e-07,1.360641407590746e-07,1.36138062111633e-07,1.3621361458126663e-07,1.3629080388953813e-07,1.363696355252666e-07,1.36450114751992e-07,1.3653224658373626e-07,1.3661603581863792e-07,1.3670148703202927e-07,1.3678860456945995e-07,1.3687739254247948e-07,1.3696785484498986e-07,1.3705999514595417e-07,1.3715381689377292e-07,1.3724932331711476e-07,1.3734651742652502e-07,1.3744540201593655e-07,1.3754597966459426e-07,1.376482527382916e-07,1.377522233915563e-07,1.3785789356928417e-07,1.3796526500661182e-07,1.3807433923676102e-07,1.3818511758689086e-07,1.3829760118384325e-07,1.3841179095074058e-07,1.3852768763227247e-07,1.386452917419677e-07,1.387646036164658e-07,1.3888562340048242e-07,1.3900835102459183e-07,1.3913278627821175e-07,1.3925892875046184e-07,1.3938677783382965e-07,1.395163327435571e-07,1.3964759251410308e-07,1.3978055602028427e-07,1.3991522193933103e-07,1.40051588790099e-07,1.4018965492287504e-07,1.4032941850174875e-07,1.4047087754900842e-07,1.4061402990939534e-07,1.40758873277888e-07,1.4090540517714462e-07,1.4105362298883478e-07,1.4120352393531042e-07,1.4135510507624855e-07,1.41508363368265e-07,1.4166329555472617e-07,1.4181989826535375e-07,1.419781680089353e-07,1.4213810113202496e-07,1.4229969384170966e-07,1.4246294223464345e-07,1.4262784225261363e-07,1.4279438970908356e-07,1.42962580309872e-07,1.4313240961076805e-07,1.433038730714655e-07,1.434769660104065e-07,1.4365168364348694e-07,1.4382802110839373e-07,1.440059732802292e-07,1.4418553508766476e-07,1.4436670129425775e-07,1.445494665554012e-07,1.4473382542523535e-07,1.4491977234861197e-07,1.4510730168365994e-07,1.452964077060941e-07,1.454870845640484e-07,1.4567932632752144e-07,1.458731269860707e-07,1.4606848042860127e-07,1.4626538046969618e-07,1.4646382083892673e-07,1.4666379516898365e-07,1.4686529703334322e-07,1.470683199725521e-07,1.4727285730719474e-07,1.474789024275388e-07,1.476864486218768e-07,1.4789548907423094e-07,1.4810601694729536e-07,1.483180252637144e-07,1.4853150719624293e-07,1.4874645549855172e-07,1.4896286316246313e-07,1.4918072302690814e-07,1.494000278686992e-07,1.49620770431738e-07,1.4984294340954957e-07,1.5006653943236996e-07,1.5029155109113637e-07,1.5051797093271782e-07,1.5074579146524137e-07,1.5097500513954752e-07,1.5120560439922913e-07,1.5143758162432337e-07,1.5167092916553704e-07,1.519056393425555e-07,1.521417044383728e-07,1.523791167074565e-07,1.5261786836979592e-07,1.5285795163387452e-07,1.530993586734938e-07,1.5334208163841194e-07,1.5358611265591306e-07,1.538314438323112e-07,1.5407806725448397e-07,1.543259749913273e-07,1.5457515909523074e-07,1.5482561160350823e-07,1.5507732455209104e-07,1.5533028993675684e-07,1.5558449976331833e-07,1.5583994605308648e-07,1.560966206429722e-07,1.5635451569172034e-07,1.566136231044845e-07,1.5687393485100522e-07,1.5713544288578727e-07,1.5739813916256552e-07,1.5766201565733203e-07,1.5792706431666364e-07,1.581932770797278e-07,1.58460645944447e-07,1.5872916287274121e-07,1.5899881985720312e-07,1.5926960882867325e-07,1.5954152178561032e-07,1.5981455077824632e-07,1.60088687770904e-07,1.6036392478100753e-07,1.6064025381747621e-07,1.609176669199287e-07,1.6119615612331875e-07,1.6147571353275527e-07,1.6175633115363996e-07,1.620380011634454e-07,1.6232071561495403e-07,1.6260446664708795e-07,1.6288924640253167e-07,1.6317504704256186e-07,1.634618607554669e-07,1.6374967975137857e-07,1.6403849622589313e-07,1.6432830243119641e-07,1.6461909062157904e-07,1.6491085308195114e-07,1.65203582154479e-07,1.6549727014266533e-07,1.6579190941469234e-07,1.6608749244620222e-07,1.6638401152050916e-07,1.6668145914449247e-07,1.6697982774935817e-07,1.6727910985619374e-07,1.6757929794955894e-07,1.6788038459684388e-07,1.6818236238381258e-07,1.6848522391629142e-07,1.687889618332074e-07,1.690935687867949e-07,1.6939903751203123e-07,1.6970536072805058e-07,1.7001253118016054e-07,1.7032054168120582e-07,1.7062938504910836e-07,1.7093905416650892e-07,1.7124954190893221e-07,1.7156084119934628e-07,1.7187294499918627e-07,1.7218584627687691e-07,1.7249953810691132e-07,1.7281401353952224e-07,1.7312926567760812e-07,1.734452876511596e-07,1.7376207262923893e-07,1.7407961382073602e-07,1.7439790447000584e-07,1.7471693785425488e-07,1.7503670728064963e-07,1.7535720611157844e-07,1.756784277308803e-07,1.7600036556239895e-07,1.7632301306863495e-07,1.766463637493125e-07,1.7697041114145666e-07,1.7729514881955378e-07,1.7762057050426736e-07,1.7794666956781422e-07,1.782734399674908e-07,1.7860087528343112e-07,1.7892896932725424e-07,1.7925771576375508e-07,1.7958710866637837e-07,1.7991714189209398e-07,1.802478092260198e-07,1.8057910467635602e-07,1.8091102223747164e-07,1.8124355594446136e-07,1.8157669986954955e-07,1.8191044811462582e-07,1.8224479483051697e-07,1.8257973420359453e-07,1.8291526045877905e-07,1.8325136785953805e-07,1.8358805070786865e-07,1.8392530334428283e-07,1.842631201477806e-07,1.8460149553582219e-07,1.8494042396428945e-07,1.852798999274436e-07,1.8561991795788072e-07,1.8596047262647687e-07,1.863015585423321e-07,1.8664317035270454e-07,1.8698530274294712e-07,1.873279504364303e-07,1.8767110819446903e-07,1.880147708162391e-07,1.883589331386898e-07,1.887035900364575e-07,1.8904873642176559e-07,1.8939436724433212e-07,1.8974047749126348e-07,1.9008706218694693e-07,1.9043411639294435e-07,1.9078163520787776e-07,1.9112961376730845e-07,1.9147804724361996e-07,1.9182693084589625e-07,1.9217625981979006e-07,1.9252602944739458e-07,1.928762350471118e-07,1.9322687199919032e-07,1.935779356681005e-07,1.9392942148037108e-07,1.942813248982693e-07,1.9463364142861579e-07,1.9498636660096048e-07,1.9533949598461118e-07,1.9569302518377805e-07,1.9604694983740772e-07,1.964012655718259e-07,1.967559681398717e-07,1.971110532879648e-07,1.9746651680296224e-07,1.9782235447147373e-07,1.9817856213302355e-07,1.9853513585089998e-07,1.9889207123934117e-07,1.9924936431876326e-07,1.9960701112118398e-07,1.99965007659779e-07,2.0032335002050316e-07,2.0068203416428152e-07,2.0104105631695367e-07,2.0140041258514286e-07,2.0176009914919913e-07,2.0212011221341521e-07,2.0248044803650925e-07,2.0284110289638178e-07,2.0320207303466365e-07,2.035633546194569e-07,2.039249443423603e-07,2.0428683855702724e-07,2.046490336023714e-07,2.0501152597806977e-07,2.053743121498037e-07,2.0573738858198132e-07,2.061007518728335e-07,2.0646439856631488e-07,2.0682832547299404e-07,2.07192528926317e-07,2.075570058121602e-07,2.0792175263285278e-07,2.0828676633286914e-07,2.0865204341383947e-07,2.0901758082720085e-07,2.093833753606609e-07,2.0974942384513946e-07,2.101157232369972e-07,2.1048227024247956e-07,2.1084906183776224e-07,2.1121609508176084e-07,2.1158336684003524e-07,2.1195087419372984e-07,2.1231861427121575e-07,2.126865839874595e-07,2.130547803525408e-07,2.134232005427964e-07,2.1379184171400665e-07,2.1416070105213526e-07,2.1452977564581252e-07,2.148990628295479e-07,2.1526855979393595e-07,2.1563826380215507e-07,2.160081721423181e-07,2.1637828212728623e-07,2.167485910944824e-07,2.1711909640570703e-07,2.1748979544695215e-07,2.1786068562821984e-07,2.1823176438751875e-07,2.186030291781892e-07,2.1897447748100399e-07,2.1934610680029772e-07,2.1971791465970924e-07,2.2008989860396557e-07,2.204620562198431e-07,2.2083438510356783e-07,2.2120688286795919e-07,2.2157954715739225e-07,2.2195237567347228e-07,2.2232536601405514e-07,2.2269851593550907e-07,2.2307182314068272e-07,2.2344528537703205e-07,2.2381890040601136e-07,2.241926660994889e-07,2.2456658018972285e-07,2.2494064054519865e-07,2.253148449839539e-07,2.256891915352531e-07,2.2606367782554075e-07,2.264383019165724e-07,2.2681306171731672e-07,2.2718795518235998e-07,2.2756298033024691e-07,2.2793813510529882e-07,2.2831341752157294e-07,2.2868882560955373e-07,2.290643574179445e-07,2.2944001092554346e-07,2.2981578431306595e-07,2.301916756825336e-07,2.3056768313121633e-07,2.3094380482955226e-07,2.3132003893145218e-07,2.3169638361085126e-07,2.3207283706014708e-07,2.3244939755654027e-07,2.3282606325961847e-07,2.332028324147757e-07,2.335797032844041e-07,2.339566741477459e-07,2.3433374330074493e-07,2.3471090904751133e-07,2.3508816972213868e-07,2.3546552370104612e-07,2.3584296931717093e-07,2.362205049483122e-07,2.3659812896509004e-07,2.3697583984988733e-07,2.373536359227276e-07,2.3773151568191154e-07,2.3810947758051717e-07,2.3848752008182403e-07,2.38865641674268e-07,2.392438408584375e-07,2.3962211615784985e-07,2.4000046608395995e-07,2.403788892428074e-07,2.407573840889782e-07,2.4113594924371586e-07,2.415145832894286e-07,2.4189328484761084e-07,2.4227205250210577e-07,2.426508848948927e-07,2.430297806720656e-07,2.4340873848748097e-07,2.437877570092053e-07,2.441668349187669e-07,2.4454597091088933e-07,2.449251636933218e-07,2.453044119866961e-07,2.456837145323117e-07,2.4606307006812134e-07,2.4644247735264016e-07,2.468219351567594e-07,2.4720144226361384e-07,2.475809974560104e-07,2.4796059955422055e-07,2.483402473775988e-07,2.4871993975732423e-07,2.490996755362904e-07,2.4947945356899614e-07,2.498592727214363e-07,2.5023913187099484e-07,2.506190299063376e-07,2.5099896572730687e-07,2.513789382448155e-07,2.5175894638074344e-07,2.521389890678339e-07,2.5251906524959126e-07,2.5289917388017916e-07,2.532793139243196e-07,2.536594843571932e-07,2.5403968416433973e-07,2.544199123415605e-07,2.5480016789481995e-07,2.551804498401495e-07,2.555607571849264e-07,2.5594108900389204e-07,2.56321444339517e-07,2.567018221582462e-07,2.5708222162947283e-07,2.574626418080957e-07,2.5784308177418106e-07,2.5822354081411616e-07,2.586040177995042e-07,2.589845116997833e-07,2.593650219852503e-07,2.597455476296419e-07,2.601260874689036e-07,2.6050664101342747e-07,2.6088720730230567e-07,2.612677855509432e-07,2.6164837489027074e-07,2.620289745340229e-07,2.6240958369180114e-07,2.6279020149830083e-07,2.6317082714704887e-07,2.635514599634236e-07,2.63932099123599e-07,2.643127438530494e-07,2.6469339334517053e-07,2.650740468805007e-07,2.654547037588389e-07,2.6583536319756606e-07,2.662160244540673e-07,2.6659668681749285e-07,2.6697734957225667e-07,2.673580120101501e-07,2.677386734302711e-07,2.6811933313894984e-07,2.6849999044968065e-07,2.688806446830494e-07,2.6926129516666565e-07,2.6964194123509217e-07,2.700225822297765e-07,2.7040321749238995e-07,2.7078384638523675e-07,2.711644682594681e-07,2.715450824938357e-07,2.7192568846318456e-07,2.7230628550658135e-07,2.7268687305140175e-07,2.7306745049136605e-07,2.7344801722629963e-07,2.7382857266193504e-07,2.742091161265777e-07,2.7458964712377583e-07,2.749701650779151e-07,2.7535066941923e-07,2.7573115958368296e-07,2.7611163501282493e-07,2.7649209515363906e-07,2.768725397800029e-07,2.77252967921572e-07,2.7763337917560735e-07,2.7801377292459074e-07,2.7839414872167515e-07,2.787745061325287e-07,2.79154844548562e-07,2.7953516350909613e-07,2.799154624592452e-07,2.8029574091299447e-07,2.8067599839345944e-07,2.810562344176018e-07,2.8143644848280956e-07,2.8181664027643244e-07,2.8219680908472097e-07,2.8257695448492694e-07,2.829570760574455e-07,2.833371733716926e-07,2.8371724587876244e-07,2.8409729330273697e-07,2.8447731510525715e-07,2.848573106384753e-07,2.852372797075469e-07,2.856172220128874e-07,2.859971371777138e-07,2.8637702445410496e-07,2.867568835340986e-07,2.8713671405307176e-07,2.8751651560801754e-07,2.8789628775907144e-07,2.882760301336212e-07,2.8865574225625135e-07,2.8903542389213975e-07,2.8941507458141853e-07,2.8979469393294467e-07,2.901742815114488e-07,2.905538370832608e-07,2.9093336055584757e-07,2.913128508860646e-07,2.916923079278213e-07,2.920717315276651e-07,2.924511212423632e-07,2.928304767943655e-07,2.932097977035423e-07,2.9358908392239345e-07,2.9396833463813596e-07,2.9434754975905014e-07,2.9472672895293524e-07,2.951058718921932e-07,2.9548497825239454e-07,2.9586404771272673e-07,2.962430799545209e-07,2.9662207466714165e-07,2.97001031536604e-07,2.973799502563083e-07,2.977588305241713e-07,2.981376720396551e-07,2.9851647450418024e-07,2.988952376234628e-07,2.9927396110541365e-07,2.996526446630591e-07,3.0003128801154906e-07,3.004098908690941e-07,3.007884529569354e-07,3.01166973999316e-07,3.015454537207722e-07,3.019238918545238e-07,3.023022881364361e-07,3.0268064229929073e-07,3.0305895408215725e-07,3.0343722319145195e-07,3.038154494415014e-07,3.041936325448097e-07,3.0457177220576696e-07,3.0494986841157197e-07,3.053279205811493e-07,3.057059286339203e-07,3.0608389230575076e-07,3.064618113682564e-07,3.068396856044432e-07,3.0721751475855316e-07,3.0759529860464665e-07,3.0797303693206137e-07,3.0835072949721377e-07,3.087283761759942e-07,3.0910597657201147e-07,3.0948353056467e-07,3.0986103789998013e-07,3.102384987444514e-07,3.10615912397782e-07,3.1099327863743696e-07,3.1137059739989363e-07,3.117478684640907e-07,3.121250917331352e-07,3.125022669425872e-07,3.12879393852789e-07,3.1325647255766373e-07,3.1363350262908754e-07,3.1401048357722923e-07,3.143874155003372e-07,3.1476429821144877e-07,3.1514113193641936e-07,3.1551791570066006e-07,3.1589464970950384e-07,3.1627133378515373e-07,3.16647967751779e-07,3.1702455143392175e-07,3.174010846611851e-07,3.177775672635144e-07,3.181539990727411e-07,3.185303799225627e-07,3.189067096485235e-07,3.19282988076427e-07,3.196592150665246e-07,3.200353904572625e-07,3.2041151422107606e-07,3.207875858979315e-07,3.2116360550436286e-07,3.2153957294955214e-07,3.219154880445002e-07,3.2229135059210825e-07,3.226671604348301e-07,3.2304291746278297e-07,3.234186215701319e-07,3.237942725303293e-07,3.241698702481721e-07,3.2454541458408265e-07,3.2492090540129523e-07,3.252963425640156e-07,3.256717259379775e-07,3.2604705539042607e-07,3.264223307862121e-07,3.267975519993784e-07,3.271727189016032e-07,3.2754783136601624e-07,3.279228892671824e-07,3.2829789248108647e-07,3.2867284088511727e-07,3.2904773435805145e-07,3.294225727858503e-07,3.297973560431525e-07,3.30172084014304e-07,3.305467565835141e-07,3.3092137363621513e-07,3.312959350578908e-07,3.316704407371206e-07,3.320448905692704e-07,3.324192844343326e-07,3.3279362222975315e-07,3.331679038559207e-07,3.335421292340713e-07,3.339162981978377e-07,3.3429041062818787e-07,3.3466446649107435e-07,3.3503846566554937e-07,3.3541240805124354e-07,3.357862935492576e-07,3.361601220620039e-07,3.3653389350807185e-07,3.36907607806027e-07,3.372812648185538e-07,3.3765486435501006e-07,3.3802840644216947e-07,3.3840189104181525e-07,3.387753180022398e-07,3.3914868723361245e-07,3.395219986459973e-07,3.3989525214734795e-07,3.4026844756070605e-07,3.40641584911003e-07,3.410146640565917e-07,3.413876851186875e-07,3.4176064788536725e-07,3.4213355224792424e-07,3.4250639819242473e-07,3.4287918558246016e-07,3.4325191423594623e-07,3.4362458422681817e-07,3.439971952825302e-07,3.4436974763635054e-07,3.447422409976849e-07,3.451146757511553e-07,3.454870510765929e-07,3.458593672866934e-07,3.462316242426919e-07,3.4660382186282247e-07,3.4697596016937627e-07,3.473480388679275e-07,3.477200583068275e-07,3.4809201811757135e-07,3.4846391831182005e-07,3.4883575882054084e-07,3.492075395777818e-07,3.495792605192777e-07,3.4995092152085293e-07,3.503225225740587e-07,3.506940637324361e-07,3.5106554482534077e-07,3.5143696578291634e-07,3.5180832654288776e-07,3.521796270739854e-07,3.5255086730288536e-07,3.529220471846569e-07,3.532931666572774e-07,3.536642256658076e-07,3.540352241566484e-07,3.5440616207712575e-07,3.5477703937904344e-07,3.551478559982949e-07,3.555186118865992e-07,3.5588930699673307e-07,3.5625994127643803e-07,3.5663051467698414e-07,3.570010271454773e-07,3.5737147863976805e-07,3.5774186910711815e-07,3.5811219848818733e-07,3.584824667557334e-07,3.5885267386100097e-07,3.592228197884248e-07,3.595929044370463e-07,3.5996292780693555e-07,3.603328898019616e-07,3.607027902989e-07,3.6107262944243373e-07,3.6144240713816826e-07,3.6181212331911385e-07,3.621817780522259e-07,3.625513712716321e-07,3.6292090265937276e-07,3.6329037249689636e-07,3.636597807380482e-07,3.640291270194878e-07,3.6439841152936045e-07,3.6476763421978445e-07,3.6513679502560646e-07,3.655058939526414e-07,3.6587493094738546e-07,3.662439059884855e-07,3.666128190112609e-07,3.6698166999972714e-07,3.6735045885378145e-07,3.6771918569453866e-07,3.680878503684583e-07,3.6845645287726975e-07,3.6882499315499644e-07,3.6919347118903195e-07,3.6956188699667703e-07,3.699302405101034e-07,3.7029853170399586e-07,3.7066676053943555e-07,3.710349270007795e-07,3.7140303106043034e-07,3.7177107272876695e-07,3.7213905185913715e-07,3.725069683444009e-07,3.7287482247308235e-07,3.7324261405503065e-07,3.736103430593409e-07,3.7397800948508777e-07,3.743456133700228e-07,3.7471315420333116e-07,3.7508063261865525e-07,3.754480482663404e-07,3.758154012891026e-07,3.761826915731551e-07,3.765499192024104e-07,3.769170838645966e-07,3.772841857223684e-07,3.776512246866268e-07,3.780182008493712e-07,3.7838511412938884e-07,3.7875196478091457e-07,3.791187522064995e-07,3.794854765554239e-07,3.798521380441529e-07,3.802187365585012e-07,3.8058527204709815e-07,3.8095174450638267e-07,3.813181539155495e-07,3.816845002427283e-07,3.8205078350104857e-07,3.824170036690087e-07,3.8278316058877373e-07,3.83149254495157e-07,3.835152852147448e-07,3.8388125275667217e-07,3.842471570514932e-07,3.846129982210164e-07,3.849787761704562e-07,3.8534449087909057e-07,3.8571014252256286e-07,3.860757307088431e-07,3.864412556099139e-07,3.8680671721399357e-07,3.871721156550286e-07,3.875374506121204e-07,3.8790272222815335e-07,3.882679304965487e-07,3.8863307539735146e-07,3.8899815690573104e-07,3.893631750398683e-07,3.8972812975878654e-07,3.900930210577575e-07,3.9045784892647034e-07,3.9082261341694334e-07,3.911873143873322e-07,3.9155195189153094e-07,3.919165259183805e-07,3.922810364568758e-07,3.9264548349298767e-07,3.9300986702262747e-07,3.9337418703254706e-07,3.937384435123032e-07,3.9410263643281705e-07,3.944667658200537e-07,3.948308316580628e-07,3.951948338956596e-07,3.9555877257787057e-07,3.9592264768161735e-07,3.962864591900962e-07,3.966502070821945e-07,3.9701389137606416e-07,3.973775120441574e-07,3.9774106908055466e-07,3.981045624941764e-07,3.9846799223697315e-07,3.988313583592691e-07,3.991946608177306e-07,3.9955789967126425e-07,3.999210747993967e-07,4.002841862529501e-07,4.0064723402386076e-07,4.010102181059981e-07,4.013731384934379e-07,4.0173599518036685e-07,4.0209878815300674e-07,4.0246151740951477e-07,4.0282418296184104e-07,4.031867847929698e-07,4.0354932289089736e-07,4.0391179726054435e-07,4.042742078963383e-07,4.046365547914408e-07,4.0499883794155807e-07,4.053610573425233e-07,4.057232129903888e-07,4.0608530488140773e-07,4.0644733301181606e-07,4.0680929737444703e-07,4.07171197968348e-07,4.075330347900327e-07,4.07894807844203e-07,4.0825651712161826e-07,4.0861816261948063e-07,4.089797443351337e-07,4.093412622660601e-07,4.097027164100474e-07,4.100641067646775e-07,4.104254333278404e-07,4.10786696097559e-07,4.111478950719878e-07,4.1150903024941005e-07,4.118701016282382e-07,4.122311096459134e-07,4.1259205395807754e-07,4.129529343209262e-07,4.133137509116861e-07,4.1367450359668447e-07,4.140351927814281e-07,4.1439581749955946e-07,4.1475637844738473e-07,4.1511687558149285e-07,4.154773089145269e-07,4.1583767843122605e-07,4.1619798414847823e-07,4.1655822605771443e-07,4.169184041584874e-07,4.172785184485888e-07,4.1763856892619354e-07,4.179985556237155e-07,4.183584784485691e-07,4.187183375119946e-07,4.19078132772567e-07,4.1943786446790167e-07,4.1979753212581614e-07,4.201571359779871e-07,4.2051667600717815e-07,4.208761522529775e-07,4.2123556467732813e-07,4.215949133197468e-07,4.2195419817415895e-07,4.2231341923872707e-07,4.2267257650685704e-07,4.230316700341047e-07,4.2339069972877887e-07,4.2374966578731085e-07,4.241085679086532e-07,4.2446740623928157e-07,4.24826180797873e-07,4.2518489157704867e-07,4.255435385853159e-07,4.259021218213776e-07,4.2626064128681806e-07,4.266190969852014e-07,4.2697748891855236e-07,4.2733581709006494e-07,4.2769408150266834e-07,4.280522821461669e-07,4.2841041903926315e-07,4.287684921918593e-07,4.291265021176516e-07,4.2948444744808164e-07,4.298423293617286e-07,4.3020014752495246e-07,4.3055790198065607e-07,4.309155927109591e-07,4.3127321971581516e-07,4.3163078299340224e-07,4.3198828251217034e-07,4.3234571805165806e-07,4.3270309012971186e-07,4.330603985462312e-07,4.334176432828711e-07,4.337748242844907e-07,4.3413194177444554e-07,4.344889954261902e-07,4.3484598539816965e-07,4.3520291156157364e-07,4.3555977427301136e-07,4.359165732130428e-07,4.362733084907442e-07,4.366299801018125e-07,4.369865880566391e-07,4.3734313236116167e-07,4.376996130211733e-07,4.380560300327181e-07,4.3841238340438394e-07,4.387686731502691e-07,4.391248992655953e-07,4.3948106176820255e-07,4.398371605350891e-07,4.4019319580122437e-07,4.4054916747315065e-07,4.4090507567903876e-07,4.4126092014206545e-07,4.416167010866867e-07,4.4197241837829414e-07,4.4232807208340004e-07,4.426836622151491e-07,4.4303918871943193e-07,4.433946517215953e-07,4.437500511675837e-07,4.44105387064853e-07,4.4446065941641114e-07,4.448158682286786e-07,4.4517101351106265e-07,4.4552609526681063e-07,4.4588111351214876e-07,4.4623606823328715e-07,4.4659095944981533e-07,4.4694578716478473e-07,4.4730055137764173e-07,4.4765525209866696e-07,4.480098893395105e-07,4.483644631036858e-07,4.48718973397622e-07,4.4907342022779347e-07,4.4942780360073037e-07,4.4978212352295795e-07,4.5013638000104474e-07,4.504905730418705e-07,4.5084470265203256e-07,4.5119876883659204e-07,4.515527716186839e-07,4.5190671098688577e-07,4.5226058693777454e-07,4.5261439949507805e-07,4.529681486623187e-07,4.533218344464032e-07,4.536754568543571e-07,4.540290158927182e-07,4.5438251156897186e-07,4.547359438902635e-07,4.5508931286403975e-07,4.554426184971056e-07,4.557958607966215e-07,4.5614903976983444e-07,4.565021554239967e-07,4.5685520776639346e-07,4.572081968818812e-07,4.575611226477971e-07,4.5791398523756374e-07,4.582667843788279e-07,4.586195202973733e-07,4.5897219302977104e-07,4.5932480239993684e-07,4.596773485273397e-07,4.60029831405909e-07,4.6038225103887543e-07,4.607346074415923e-07,4.610869006224324e-07,4.6143913058906245e-07,4.617912973493464e-07,4.6214340091085585e-07,4.6249544128135697e-07,4.6284741846864204e-07,4.6319933248041414e-07,4.635511833247545e-07,4.639029710094179e-07,4.6425469554230456e-07,4.6460635693133913e-07,4.649579551844719e-07,4.653094903096791e-07,4.6566096231495067e-07,4.6601237120907754e-07,4.663637169986103e-07,4.6671499969236754e-07,4.6706621928719537e-07,4.674173758027583e-07,4.677684692471859e-07,4.681194996286377e-07,4.6847046695529377e-07,4.688213712353588e-07,4.69172212488154e-07,4.6952299071062785e-07,4.6987370591106017e-07,4.702243580977532e-07,4.7057494727902923e-07,4.70925473463233e-07,4.712759366587292e-07,4.7162633687390294e-07,4.7197667411716025e-07,4.7232694839692725e-07,4.726771597353251e-07,4.730273081184716e-07,4.733773935711196e-07,4.7372741609390037e-07,4.7407737568291065e-07,4.744272723592025e-07,4.7477710613133246e-07,4.7512687700788566e-07,4.7547658499748947e-07,4.7582623010884837e-07,4.76175812350884e-07,4.7652533175045843e-07,4.768747882795867e-07,4.772241820010884e-07,4.775735128514955e-07,4.779227808761863e-07,4.782719860835733e-07,4.786211284825245e-07,4.78970208081832e-07,4.793192248902882e-07,4.796681789211608e-07,4.800170702090228e-07,4.803658987229658e-07,4.807146644809774e-07,4.810633674842321e-07,4.814120077354234e-07,4.817605852555652e-07,4.821091000522348e-07,4.824575521379196e-07,4.828059415184363e-07,4.831542682083648e-07,4.835025322137298e-07,4.838507335435682e-07,4.841988722068816e-07,4.845469482126767e-07,4.848949615699711e-07,4.852429122877947e-07,4.85590800375192e-07,4.859386258412182e-07,4.862863886949435e-07,4.866340889471919e-07,4.869817266053497e-07,4.873293016785198e-07,4.876768141758186e-07,4.880242641063747e-07,4.883716514793288e-07,4.887189763006725e-07,4.890662385827329e-07,4.894134383346861e-07,4.897605755657199e-07,4.901076502832322e-07,4.904546624982506e-07,4.908016122214768e-07,4.911484994606274e-07,4.91495324224946e-07,4.918420865236857e-07,4.921887863661113e-07,4.925354237614971e-07,4.928819987191275e-07,4.932285112482483e-07,4.935749613582127e-07,4.939213490583347e-07,4.942676743579388e-07,4.946139372663581e-07,4.949601377929815e-07,4.953062759471161e-07,4.956523517381231e-07,4.959983651753732e-07,4.963443162682463e-07,4.966902050261305e-07,4.970360314584236e-07,4.973817955745308e-07,4.977274973838672e-07,4.980731368958556e-07,4.984187141199271e-07,4.987642290655216e-07,4.991096817420866e-07,4.994550721350386e-07,4.99800400277631e-07,5.001456661793282e-07,5.004908698496018e-07,5.008360112979364e-07,5.011810905338217e-07,5.015261075667612e-07,5.01871062406252e-07,5.02215955061811e-07,5.025607855429496e-07,5.029055538592011e-07,5.032502600200977e-07,5.035949040351724e-07,5.039394859139716e-07,5.04284005666052e-07,5.046284633009724e-07,5.049728588282929e-07,5.053171922575719e-07,5.056614635984042e-07,5.060056728603598e-07,5.063498200530372e-07,5.066939051860249e-07,5.070379282689168e-07,5.073818893113203e-07,5.077257883228385e-07,5.080696253130911e-07,5.08413400291698e-07,5.087571132682861e-07,5.091007642524756e-07,5.094443532538935e-07,5.09787880282193e-07,5.101313453469913e-07,5.104747484579407e-07,5.108180896246873e-07,5.111613688569029e-07,5.115045861641933e-07,5.118477415562465e-07,5.121908350427053e-07,5.125338666332213e-07,5.128768363374852e-07,5.132197441651069e-07,5.135625901257768e-07,5.139053742291054e-07,5.142480964847875e-07,5.145907569024809e-07,5.149333554917412e-07,5.152758922622291e-07,5.156183672236343e-07,5.159607803854266e-07,5.163031317841319e-07,5.166454214043597e-07,5.169876492558668e-07,5.173298153484139e-07,5.176719196917668e-07,5.180139622956942e-07,5.183559431699702e-07,5.186978622099283e-07,5.190397197066377e-07,5.193815155586346e-07,5.19723249155052e-07,5.200649215800651e-07,5.204065324210512e-07,5.207480812369226e-07,5.210895684544026e-07,5.214309943292904e-07,5.217723583781624e-07,5.22113660591129e-07,5.224549015442176e-07,5.227960808529787e-07,5.23137198569262e-07,5.23478254696595e-07,5.238192492544853e-07,5.241601822493724e-07,5.245010536910883e-07,5.248418635894676e-07,5.251826119543482e-07,5.25523298795571e-07,5.258639241229786e-07,5.262044879464178e-07,5.265449902757368e-07,5.268854311207878e-07,5.272258104546131e-07,5.275661283471912e-07,5.279063848461524e-07,5.282465798953867e-07,5.28586713125549e-07,5.289267848694488e-07,5.292667954880871e-07,5.29606744829934e-07,5.299466326757635e-07,5.302864591959552e-07,5.306262244477347e-07,5.309659281763992e-07,5.313055705269952e-07,5.316451515872074e-07,5.31984671346936e-07,5.323241297995912e-07,5.326635270099212e-07,5.33002862515311e-07,5.333421368706205e-07,5.336813499253841e-07,5.340205015197044e-07,5.343595916979076e-07,5.346986211380559e-07,5.35037589341234e-07,5.353764962764982e-07,5.357153419994354e-07,5.360541263298816e-07,5.363928495828976e-07,5.36731511637811e-07,5.370701125170166e-07,5.374086522510196e-07,5.377471308170174e-07,5.380855482249523e-07,5.38423904483379e-07,5.387621996037179e-07,5.391004335958913e-07,5.394386064698237e-07,5.397767182354407e-07,5.401147689009053e-07,5.404527584778843e-07,5.407906869811275e-07,5.411285544160503e-07,5.414663608550347e-07,5.418041062600888e-07,5.421417906571862e-07,5.424794139160006e-07,5.428169761550154e-07,5.431544773872693e-07,5.43491917656312e-07,5.438292969356429e-07,5.441666151749691e-07,5.445038725552967e-07,5.448410689516614e-07,5.451782043390571e-07,5.455152787870148e-07,5.458522922266828e-07,5.461892451022976e-07,5.465261367952168e-07,5.468629676019659e-07,5.471997375192362e-07,5.475364465371996e-07,5.478730948576938e-07,5.48209682240479e-07,5.485462086783055e-07,5.488826743172657e-07,5.492190791300469e-07,5.495554230933563e-07,5.498917061881729e-07,5.50227928525116e-07,5.50564090020997e-07,5.509001907651445e-07,5.512362307527468e-07,5.515722099754979e-07,5.519081284488015e-07,5.522439863011519e-07,5.525797830436683e-07,5.52915519337279e-07,5.532511949078644e-07,5.535868098055094e-07,5.539223640330434e-07,5.542578574870145e-07,5.545932903557712e-07,5.54928662533281e-07,5.552639740597255e-07,5.555992249299265e-07,5.559344151711479e-07,5.562695447923204e-07,5.566046138028272e-07,5.569396222123334e-07,5.572745700471083e-07,5.57609457281901e-07,5.579442839480755e-07,5.582790500583652e-07,5.586137556599138e-07,5.589484006400105e-07,5.592829850536858e-07,5.596175091381885e-07,5.59951972979166e-07,5.602863759116378e-07,5.606207183123398e-07,5.609550003162577e-07,5.61289221891002e-07,5.616233833042848e-07,5.619574844098321e-07,5.622915246232991e-07,5.626255042384312e-07,5.629594234505329e-07,5.632932823027062e-07,5.636270806481823e-07,5.639608185956393e-07,5.642944962717579e-07,5.646281134128502e-07,5.649616702503059e-07,5.652951667698387e-07,5.65628602969537e-07,5.65961978852822e-07,5.662952943116293e-07,5.666285494733971e-07,5.669617443442213e-07,5.672948789315075e-07,5.676279532434689e-07,5.67960967288845e-07,5.68293921076637e-07,5.686268146161165e-07,5.689596479166678e-07,5.692924209878049e-07,5.696251338391e-07,5.699577864802196e-07,5.702903789208673e-07,5.706229112239968e-07,5.709553833208515e-07,5.712877952515152e-07,5.716201470762111e-07,5.719524387470818e-07,5.722846702893474e-07,5.726168416943595e-07,5.729489529667394e-07,5.732810040259868e-07,5.736129950841273e-07,5.739449260546139e-07,5.74276796960192e-07,5.746086077927567e-07,5.74940358562261e-07,5.752720492786586e-07,5.75603679951901e-07,5.759352505919411e-07,5.762667612087303e-07,5.765982118122197e-07,5.769296024123594e-07,5.772609330190999e-07,5.775922036423911e-07,5.77923414292181e-07,5.782545649784186e-07,5.785856557110516e-07,5.789166865000275e-07,5.792476573552932e-07,5.795785682867946e-07,5.799094193044774e-07,5.802402104182866e-07,5.805709416381665e-07,5.809016129740614e-07,5.81232224435914e-07,5.815627760336666e-07,5.818932677772617e-07,5.822236996766402e-07,5.825540717417431e-07,5.828843839825105e-07,5.832146364088818e-07,5.835448290307946e-07,5.83874961858187e-07,5.842050349009984e-07,5.845350481691638e-07,5.848650016726194e-07,5.851948954213007e-07,5.855247294251423e-07,5.858545036940638e-07,5.861842182380263e-07,5.86513873066948e-07,5.868434681907609e-07,5.871730036193957e-07,5.875024793627828e-07,5.878318954308512e-07,5.8816125183353e-07,5.884905485807469e-07,5.8881978568243e-07,5.891489631485041e-07,5.894780809888769e-07,5.898071392135108e-07,5.901361378323108e-07,5.904650768551995e-07,5.907939562921003e-07,5.911227761529346e-07,5.914515364476231e-07,5.917802371860857e-07,5.921088783782415e-07,5.924374600339948e-07,5.927659821632916e-07,5.930944447762647e-07,5.934228478800495e-07,5.937511914894313e-07,5.940794756120027e-07,5.944077002576781e-07,5.947358654363331e-07,5.950639711579204e-07,5.953920174323451e-07,5.95720004278404e-07,5.960479316884453e-07,5.96375799680664e-07,5.967036082674497e-07,5.97031357454726e-07,5.97359047255604e-07,5.976866776773516e-07,5.980142487217079e-07,5.983417604178638e-07,5.98669212766412e-07,5.989966057719325e-07,5.993239394531558e-07,5.996512138159741e-07,5.999784288702853e-07,6.003055846258487e-07,6.006326810927947e-07,6.00959718277393e-07,6.012866961966358e-07,6.016136148568462e-07,6.019404742679179e-07,6.022672744397411e-07,6.025940153822081e-07,6.029206971051455e-07,6.032473196355287e-07,6.035738829492449e-07,6.039003870731609e-07,6.042268320171558e-07,6.045532177911141e-07,6.048795443906342e-07,6.052058118541711e-07,6.055320201773187e-07,6.058581693699576e-07,6.061842594419667e-07,6.065102904032248e-07,6.068362622636094e-07,6.071621750329964e-07,6.074880287212614e-07,6.078138233382789e-07,6.081395588937968e-07,6.084652353979378e-07,6.087908528604403e-07,6.091164112919819e-07,6.094419106902407e-07,6.097673510869305e-07,6.100927324815594e-07,6.104180548839177e-07,6.107433183038592e-07,6.110685227512612e-07,6.113936682359649e-07,6.117187547678332e-07,6.120437823567262e-07,6.123687510125302e-07,6.126936607450499e-07,6.13018511564806e-07,6.133433034805483e-07,6.136680365025995e-07,6.1399271075987e-07,6.14317326001853e-07,6.14641882420527e-07,6.149663799830108e-07,6.152908188424176e-07,6.156151987199504e-07,6.159395197600066e-07,6.162637819857198e-07,6.165879854417804e-07,6.169121294928695e-07,6.172362150850292e-07,6.175602421366343e-07,6.178842105319193e-07,6.182081200777157e-07,6.185319708763564e-07,6.188557629375803e-07,6.191794962711546e-07,6.195031708869008e-07,6.19826786794733e-07,6.201503440047087e-07,6.204738425270851e-07,6.207972823723391e-07,6.211206635511427e-07,6.214439863356173e-07,6.217672503731137e-07,6.220904556071093e-07,6.224136022102689e-07,6.227366901908555e-07,6.230597195973472e-07,6.233826905173525e-07,6.237056027069827e-07,6.240284563218997e-07,6.243512513649977e-07,6.246739878496066e-07,6.249966658164211e-07,6.253192852205446e-07,6.256418460629075e-07,6.259643483980334e-07,6.262867922428447e-07,6.266091776532688e-07,6.269315043999925e-07,6.272537727690145e-07,6.275759826622936e-07,6.27898134093851e-07,6.282202271009003e-07,6.285422616387343e-07,6.288642377929623e-07,6.291861555755124e-07,6.295080148762162e-07,6.298298157456502e-07,6.301515582179195e-07,6.304732423039344e-07,6.307948683698718e-07,6.311164359016085e-07,6.3143794515894e-07,6.317593962864471e-07,6.320807883326176e-07,6.324021224164478e-07,6.327233981271605e-07,6.330446155214385e-07,6.333657746739194e-07,6.336868754531149e-07,6.340079178804001e-07,6.343289022040252e-07,6.346498282504733e-07,6.349706960384199e-07,6.352915055927116e-07,6.356122569237042e-07,6.359329500420151e-07,6.362535848418031e-07,6.365741613350812e-07,6.368946798128171e-07,6.372151401109905e-07,6.375355422431013e-07,6.378558860540538e-07,6.381761719336277e-07,6.384963996706843e-07,6.388165692764948e-07,6.3913668053181e-07,6.394567336488531e-07,6.397767286227384e-07,6.400966654343189e-07,6.404165440231715e-07,6.407363645027859e-07,6.410561273183561e-07,6.413758323153258e-07,6.416954792650484e-07,6.42015068729977e-07,6.423346002942677e-07,6.426540734216656e-07,6.429734887722678e-07,6.432928459180574e-07,6.436121454215832e-07,6.439313867833453e-07,6.44250570084724e-07,6.445696950706525e-07,6.448887621108076e-07,6.452077712150827e-07,6.455267223933632e-07,6.458456156555137e-07,6.46164451272463e-07,6.464832289687201e-07,6.468019492212557e-07,6.471206115210409e-07,6.474392158979097e-07,6.477577623745492e-07,6.480762505460158e-07,6.483946808287099e-07,6.487130532851491e-07,6.490313679250792e-07,6.493496247873077e-07,6.496678238553911e-07,6.499859651392967e-07,6.503040486490167e-07,6.506220743945647e-07,6.509400423859755e-07,6.512579526332753e-07,6.515758051465137e-07,6.518935999357237e-07,6.522113370109382e-07,6.525290163821445e-07,6.528466380592985e-07,6.531642020522863e-07,6.53481708370908e-07,6.537991570245593e-07,6.541165479266895e-07,6.544338811797762e-07,6.547511567941593e-07,6.550683747804641e-07,6.553855351498197e-07,6.557026379143926e-07,6.56019683088627e-07,6.563366706939487e-07,6.56653600790958e-07,6.56970473153587e-07,6.572872880486277e-07,6.576040453566648e-07,6.579207451044859e-07,6.582373874956384e-07,6.585539724712682e-07,6.588704994596419e-07,6.591869690908508e-07,6.595033812298741e-07,6.598197358818394e-07,6.601360333156951e-07,6.604522731812869e-07,6.607684555424613e-07,6.610845803847923e-07,6.614006478050622e-07,6.617166577915258e-07,6.620326104155036e-07,6.623485057704077e-07,6.626643434422929e-07,6.629801237239957e-07,6.632958466251717e-07,6.636115121554752e-07,6.6392712044167e-07,6.642426714763146e-07,6.645581651759247e-07,6.648736014082567e-07,6.651889797051236e-07,6.655043008828601e-07,6.658195650211151e-07,6.66134771858741e-07,6.664499214865576e-07,6.667650137158081e-07,6.670800487825254e-07,6.673950263978444e-07,6.677099470135649e-07,6.680248103999052e-07,6.683396165328646e-07,6.686543654722522e-07,6.689690572072376e-07,6.6928369180545e-07,6.695982691542165e-07,6.699127893252773e-07,6.702272523228393e-07,6.705416581679582e-07,6.708560068655278e-07,6.711702984162224e-07,6.714845328457574e-07,6.717987101546428e-07,6.721128303535639e-07,6.724268934521533e-07,6.727408994600422e-07,6.730548483868621e-07,6.733687402436136e-07,6.736825750366233e-07,6.739963527780034e-07,6.743100734768223e-07,6.746237371383285e-07,6.749373438880724e-07,6.752508935169284e-07,6.75564386253192e-07,6.758778218834985e-07,6.761912005290772e-07,6.765045221993304e-07,6.76817786904697e-07,6.771309946535667e-07,6.774441454559922e-07,6.777572393217174e-07,6.780702762600691e-07,6.783832562808716e-07,6.786961793937322e-07,6.790090456093236e-07,6.793218549590687e-07,6.796346074047208e-07,6.799473029808295e-07,6.802599416980251e-07,6.805725235648973e-07,6.808850485902858e-07,6.811975167844797e-07,6.8150992815825e-07,6.818222828071692e-07,6.821345804924097e-07,6.824468214588616e-07,6.827590054075602e-07,6.830711328295535e-07,6.833832034686635e-07,6.836952173536104e-07,6.840071744817808e-07,6.843190748732273e-07,6.846309185378299e-07,6.84942705485396e-07,6.852544359787486e-07,6.855661096878582e-07,6.858777266878197e-07,6.861892870010202e-07,6.865007905657509e-07,6.868122374367261e-07,6.871236276640827e-07,6.874349612327497e-07,6.877462382303546e-07,6.880574585357528e-07,6.883686224299855e-07,6.886797297613283e-07,6.889907805898347e-07,6.893017748312078e-07,6.896127126710715e-07,6.899235937906166e-07,6.902344184166138e-07,6.905451867607633e-07,6.908558979225546e-07,6.911665525803475e-07,6.914771507230306e-07,6.917876923601165e-07,6.920981775011573e-07,6.924086061557033e-07,6.927189783333039e-07,6.930292940435073e-07,6.933395532958597e-07,6.936497560999074e-07,6.939599024651938e-07,6.942699924012623e-07,6.945800259176543e-07,6.948900030239095e-07,6.951999237295677e-07,6.955097880441658e-07,6.958195959772411e-07,6.961293475383281e-07,6.964390427369606e-07,6.967486815826713e-07,6.970582640849913e-07,6.973677902534507e-07,6.976772600975776e-07,6.979866736269e-07,6.982960308509432e-07,6.986053317792327e-07,6.989145764212915e-07,6.99223764786642e-07,6.995328968848047e-07,6.998419727253e-07,7.001509923176451e-07,7.004599556713578e-07,7.00768862795953e-07,7.010777137009242e-07,7.013865083958055e-07,7.016952468901087e-07,7.020039291933446e-07,7.023125553150211e-07,7.02621125264648e-07,7.0292963905173e-07,7.032380966857741e-07,7.035464981762829e-07,7.038548435327604e-07,7.041631327647069e-07,7.044713658816229e-07,7.047795428930071e-07,7.050876638083573e-07,7.053957286371695e-07,7.057037373889387e-07,7.06011690073158e-07,7.063195866993209e-07,7.066274272769173e-07,7.069352118154374e-07,7.072429403243697e-07,7.07550612813201e-07,7.078582292914173e-07,7.081657897685027e-07,7.084732942539415e-07,7.087807427572145e-07,7.090881352878029e-07,7.093954718551857e-07,7.097027524688409e-07,7.100099771382453e-07,7.103171458728746e-07,7.106242586822022e-07,7.109313155757012e-07,7.112383165628434e-07,7.115452616530984e-07,7.118521508559352e-07,7.121589841808211e-07,7.124657616372226e-07,7.127724832346045e-07,7.130791489830978e-07,7.133857588914992e-07,7.136923129692685e-07,7.139988112258648e-07,7.143052536707465e-07,7.14611640313369e-07,7.149179711618084e-07,7.152242462268917e-07,7.155304655180703e-07,7.158366290447954e-07,7.161427368158685e-07,7.164487888413893e-07,7.167547851330175e-07,7.170607256982721e-07,7.173666105420263e-07,7.176724396816633e-07,7.179782131231099e-07,7.182839308647118e-07,7.18589592937685e-07,7.188951993416561e-07,7.192007500835797e-07,7.195062451644156e-07,7.198116846142432e-07,7.201170684317066e-07,7.204223966227059e-07,7.20727669202189e-07,7.210328861777459e-07,7.213380475588045e-07,7.216431533554311e-07,7.219482035764143e-07,7.222531982311774e-07,7.22558137329142e-07,7.228630208810578e-07,7.231678488950031e-07,7.234726213803961e-07,7.237773383466538e-07,7.240819998025467e-07,7.243866057706225e-07,7.246911562305213e-07,7.249956512225547e-07,7.253000907532939e-07,7.256044748153371e-07,7.259088034393206e-07,7.262130766304787e-07,7.265172941835642e-07,7.268214565035273e-07,7.271255634093261e-07,7.274296148880703e-07,7.277336109672732e-07,7.280375516159869e-07,7.283414369670842e-07,7.28645266515597e-07,7.289490408834093e-07,7.292527601480216e-07,7.295564240850858e-07,7.298600327052765e-07,7.301635860194436e-07,7.304670840387476e-07,7.307705267747107e-07,7.310739142393224e-07,7.313772462596217e-07,7.316805229936818e-07,7.319837444980913e-07,7.32286910746551e-07,7.325900217484305e-07,7.328930775131207e-07,7.331960780499999e-07,7.334990233684448e-07,7.338019134778305e-07,7.341047483875301e-07,7.344075281069383e-07,7.347102526457079e-07,7.350129220125899e-07,7.353155362172735e-07,7.356180952691333e-07,7.359205991778421e-07,7.362230479524618e-07,7.365254416020147e-07,7.368277801361934e-07,7.371300635644993e-07,7.374322918958426e-07,7.377344651398666e-07,7.380365833059396e-07,7.383386464034253e-07,7.386406544421745e-07,7.389426074331286e-07,7.392445053824034e-07,7.395463482996219e-07,7.398481361948356e-07,7.401498690774501e-07,7.404515469569391e-07,7.407531698426495e-07,7.410547377418626e-07,7.413562506659876e-07,7.416577086243663e-07,7.419591116263391e-07,7.422604596812473e-07,7.425617527984275e-07,7.428629909872171e-07,7.431641742569516e-07,7.434653026169666e-07,7.437663760765934e-07,7.440673946474242e-07,7.443683583365125e-07,7.44669267153188e-07,7.449701211067783e-07,7.452709202066099e-07,7.45571664462008e-07,7.458723538822963e-07,7.461729884767979e-07,7.464735682311106e-07,7.467740931785854e-07,7.470745633285231e-07,7.473749786902326e-07,7.476753392730135e-07,7.479756450861609e-07,7.482758961389754e-07,7.485760924407511e-07,7.488762340007811e-07,7.491763208283526e-07,7.494763529327644e-07,7.497763303232994e-07,7.500762530092458e-07,7.503761209998907e-07,7.506759343045168e-07,7.509756929324103e-07,7.512753968928488e-07,7.515750465272773e-07,7.518746415122908e-07,7.521741818571941e-07,7.524736675712896e-07,7.52773098663877e-07,7.530724751442582e-07,7.533717970217301e-07,7.53671064305589e-07,7.539702770051309e-07,7.542694351296495e-07,7.545685386884388e-07,7.548675876907938e-07,7.551665821459991e-07,7.554655220633466e-07,7.557644074521223e-07,7.56063238321614e-07,7.56362014681106e-07,7.566607365398814e-07,7.569594039072253e-07,7.572580167924141e-07,7.575565752047296e-07,7.578550791534524e-07,7.581535286478558e-07,7.584519236972175e-07,7.587502643108107e-07,7.590485504979102e-07,7.593467822677872e-07,7.596449596297096e-07,7.599430825929488e-07,7.602411511667727e-07,7.605391653604507e-07,7.608371251832432e-07,7.611350306444167e-07,7.614328817532337e-07,7.617306785189556e-07,7.620284209508439e-07,7.623261090581526e-07,7.626237428501468e-07,7.629213223360768e-07,7.632188475252031e-07,7.635163184267758e-07,7.638137350500496e-07,7.641110974042735e-07,7.644084054987005e-07,7.647056593425795e-07,7.650028589451572e-07,7.653000043156814e-07,7.655970954633976e-07,7.658941323975485e-07,7.661911151273767e-07,7.66488043662128e-07,7.667849177987876e-07,7.670817377676495e-07,7.673785035824014e-07,7.676752152621128e-07,7.679718728480976e-07,7.68268476617365e-07,7.685650259138933e-07,7.688615210287429e-07,7.691579618696948e-07,7.694543486081753e-07,7.697506812534555e-07,7.700469598148146e-07,7.703431843015417e-07,7.706393547229354e-07,7.709354710883065e-07,7.712315334069852e-07,7.715275416883188e-07,7.718234959416798e-07,7.721193962707794e-07,7.724152425910763e-07,7.727110349385965e-07,7.730067733534827e-07,7.733024579596953e-07,7.735980883138294e-07,7.738936648081786e-07,7.741891872250018e-07,7.744846557165652e-07,7.747800700911884e-07,7.750754305306024e-07,7.753707370426881e-07,7.75665989634971e-07,7.759611883143665e-07,7.762563330868872e-07,7.765514243280454e-07,7.768464614820044e-07,7.771414447731291e-07,7.774363742127969e-07,7.777312499112955e-07,7.780260715399982e-07,7.783208395856744e-07,7.786155536961779e-07,7.789102139961978e-07,7.792048205783642e-07,7.794993731503521e-07,7.797938719614378e-07,7.800883170164742e-07,7.803827083217399e-07,7.806770458842296e-07,7.80971329711513e-07,7.812655598115203e-07,7.81559736346487e-07,7.818538591656012e-07,7.821479282780218e-07,7.824419436929021e-07,7.827359054193845e-07,7.830298134665995e-07,7.833236678436646e-07,7.836174685596798e-07,7.839112156237278e-07,7.84204909044872e-07,7.844985489234675e-07,7.847921351757603e-07,7.850856678105117e-07,7.853791468364532e-07,7.856725722623045e-07,7.859659440967696e-07,7.862592624601689e-07,7.865525270887771e-07,7.868457383992552e-07,7.871388960015011e-07,7.874320001771983e-07,7.877250505842441e-07,7.880180474672252e-07,7.883109911041607e-07,7.88603881104068e-07,7.888967176538205e-07,7.891895005759227e-07,7.894822302867237e-07,7.897749061705865e-07,7.900675287104806e-07,7.903600979289384e-07,7.906526136069156e-07,7.909450753128401e-07,7.912374839041174e-07,7.915298390090786e-07,7.918221410317515e-07,7.921143896272028e-07,7.924065847919798e-07,7.92698726532594e-07,7.929908148739671e-07,7.932828498609068e-07,7.935748308817303e-07,7.938667584474273e-07,7.941586336164972e-07,7.944504552913714e-07,7.947422229668229e-07,7.950339374060206e-07,7.953255992263187e-07,7.956172073303866e-07,7.959087625478921e-07,7.96200264613213e-07,7.96491713327828e-07,7.967831090402202e-07,7.970744511939671e-07,7.973657401134116e-07,7.976569761379076e-07,7.979481585928588e-07,7.982392878491945e-07,7.985303639235758e-07,7.988213868114272e-07,7.991123564624255e-07,7.994032729499616e-07,7.996941363217216e-07,7.999849465497529e-07,8.002757036255357e-07,8.005664076108911e-07,8.008570584736497e-07,8.011476562230314e-07,8.014382008683869e-07,8.01728692419236e-07,8.020191308839017e-07,8.023095162276915e-07,8.025998485067568e-07,8.028901277054331e-07,8.031803540729399e-07,8.03470527034533e-07,8.037606471844891e-07,8.040507142662468e-07,8.04340728382927e-07,8.046306889661744e-07,8.049205970633033e-07,8.052104521020428e-07,8.055002541724822e-07,8.057900032864101e-07,8.06079699548239e-07,8.063693427455838e-07,8.066589330107885e-07,8.069484703244059e-07,8.072379547023383e-07,8.075273862696256e-07,8.078167648615382e-07,8.081060905607621e-07,8.083953633500541e-07,8.08684583447756e-07,8.089737504972349e-07,8.092628646865572e-07,8.09551925975291e-07,8.098409344892428e-07,8.101298901192139e-07,8.104187929340405e-07,8.107076430271549e-07,8.109964402405566e-07,8.112851847157101e-07,8.115738763512618e-07,8.118625152079635e-07,8.121511012904646e-07,8.124396346502651e-07,8.127281152617788e-07,8.130165431130478e-07,8.133049182489991e-07,8.135932405992357e-07,8.138815102458156e-07,8.141697272192916e-07,8.144578914744719e-07,8.147460032787628e-07,8.150340622227949e-07,8.153220686321139e-07,8.156100220222363e-07,8.15897922889485e-07,8.161857709986678e-07,8.164735666507096e-07,8.167613097123718e-07,8.170490002796834e-07,8.173366382092584e-07,8.176242234163054e-07,8.179117560331247e-07,8.181992360551619e-07,8.184866635057942e-07,8.187740383937516e-07,8.190613604703128e-07,8.193486301442368e-07,8.196358472059291e-07,8.199230118893431e-07,8.202101240542802e-07,8.204971837091513e-07,8.207841908553764e-07,8.210711455135386e-07,8.213580476878637e-07,8.216448973867357e-07,8.219316945706459e-07,8.222184393691001e-07,8.225051316837548e-07,8.227917715400528e-07,8.230783586844767e-07,8.233648937761263e-07,8.236513759759779e-07,8.239378061752309e-07,8.24224184031796e-07,8.245105095146534e-07,8.247967826782356e-07,8.250830031546259e-07,8.253691715373822e-07,8.256552883324279e-07,8.25941351930031e-07,8.262273633548934e-07,8.265133224307482e-07,8.267992291785466e-07,8.270850836134208e-07,8.273708853973249e-07,8.276566345536209e-07,8.279423321199695e-07,8.282279774363382e-07,8.285135702806778e-07,8.287991112175808e-07,8.290845998356159e-07,8.293700360751776e-07,8.296554202034496e-07,8.299407521089918e-07,8.302260315457175e-07,8.30511259057366e-07,8.307964343911492e-07,8.310815575609368e-07,8.313666285822131e-07,8.316516474156263e-07,8.319366140946028e-07,8.322215286519493e-07,8.325063912096113e-07,8.327912014969696e-07,8.330759597000863e-07,8.33360665185574e-07,8.336453191620007e-07,8.339299209958721e-07,8.342144707694171e-07,8.344989684757857e-07,8.347834141159193e-07,8.350678081059911e-07,8.353521496320488e-07,8.356364391647529e-07,8.359206766724648e-07,8.362048621639342e-07,8.364889956683844e-07,8.367730771662574e-07,8.370571066628403e-07,8.373410842496244e-07,8.376250098141446e-07,8.379088834262464e-07,8.381927050826165e-07,8.384764750940936e-07,8.387601922916346e-07,8.390438581146528e-07,8.393274721815444e-07,8.396110342775499e-07,8.398945444306091e-07,8.401780025820247e-07,8.404614082158285e-07,8.407447621739844e-07,8.410280641717174e-07,8.413113142997717e-07,8.415945132304756e-07,8.418776603223655e-07,8.421607555870098e-07,8.424437989884781e-07,8.42726790479455e-07,8.430097299812366e-07,8.432926178951002e-07,8.435754540210303e-07,8.438582383673066e-07,8.441409709953817e-07,8.444236518290596e-07,8.447062806186597e-07,8.449888578549593e-07,8.452713834627095e-07,8.455538570069886e-07,8.458362791804194e-07,8.461186496981873e-07,8.464009684657395e-07,8.466832355532522e-07,8.469654509688614e-07,8.472476147208714e-07,8.475297266498215e-07,8.478117871967028e-07,8.480937961013559e-07,8.48375753372663e-07,8.486576590194885e-07,8.489395130506733e-07,8.492213154750394e-07,8.495030663014026e-07,8.497847655386044e-07,8.500664131955568e-07,8.503480092790837e-07,8.506295538268773e-07,8.509110468116128e-07,8.511924882406146e-07,8.514738782940862e-07,8.517552167522051e-07,8.520365036544093e-07,8.523177390237222e-07,8.525989228457908e-07,8.528800552391665e-07,8.531611361183772e-07,8.534421650956944e-07,8.537231429198304e-07,8.540040688668887e-07,8.542849438736878e-07,8.545657675477463e-07,8.54846539896925e-07,8.55127260543145e-07,8.554079298323486e-07,8.556885477163851e-07,8.559691141582957e-07,8.562496292679306e-07,8.565300930091078e-07,8.568105053450641e-07,8.57090866513098e-07,8.573711761575306e-07,8.576514343392595e-07,8.579316411836032e-07,8.582117968961678e-07,8.584919016446322e-07,8.587719547313575e-07,8.590519565230721e-07,8.593319069538345e-07,8.596118061151205e-07,8.59891654035335e-07,8.601714506687432e-07,8.604511961598349e-07,8.607308899452103e-07,8.610105328506678e-07,8.612901245311946e-07,8.61569664885002e-07,8.618491541130611e-07,8.621285921326887e-07,8.624079789749229e-07,8.62687314641194e-07,8.629665988323282e-07,8.632458321602506e-07,8.635250143305421e-07,8.638041453718439e-07,8.640832251857028e-07,8.643622539238227e-07,8.646412317637645e-07,8.649201581481289e-07,8.651990335918267e-07,8.654778578343315e-07,8.657566303379892e-07,8.660353525220118e-07,8.663140231632899e-07,8.665926432281162e-07,8.668712122337739e-07,8.671497295548055e-07,8.674281963843571e-07,8.677066121726167e-07,8.67984976505014e-07,8.682632900132027e-07,8.685415526045559e-07,8.688197645986839e-07,8.69097925538106e-07,8.693760354538395e-07,8.696540943912171e-07,8.699321023179321e-07,8.702100594071053e-07,8.704879655251597e-07,8.707658206630221e-07,8.710436245365275e-07,8.713213775896601e-07,8.71599080098414e-07,8.71876731714802e-07,8.721543324475687e-07,8.724318822855253e-07,8.727093812611851e-07,8.729868293831354e-07,8.732642266599531e-07,8.735415731002261e-07,8.738188687125179e-07,8.740961135054127e-07,8.743733074874726e-07,8.746504506672683e-07,8.749275430533716e-07,8.752045846336462e-07,8.754815754216204e-07,8.7575851544178e-07,8.760354047003331e-07,8.763122431712763e-07,8.76589030898466e-07,8.768657679776601e-07,8.771424542780074e-07,8.774190898986155e-07,8.776956749270671e-07,8.779722090377836e-07,8.782486924731237e-07,8.78525125094239e-07,8.788015071394213e-07,8.790778385127128e-07,8.793541193489256e-07,8.79630349465707e-07,8.799065289231095e-07,8.801826577232293e-07,8.804587359456282e-07,8.807347635670635e-07,8.810107406093877e-07,8.812866670078051e-07,8.815625428526908e-07,8.818383680714052e-07,8.821141427522956e-07,8.823898668721992e-07,8.82665540426884e-07,8.829411634402422e-07,8.832167359594474e-07,8.834922580170637e-07,8.837677294349391e-07,8.840431503430386e-07,8.84318520483708e-07,8.845938404620293e-07,8.84869109953281e-07,8.851443290333099e-07,8.854194976023684e-07,8.856946156946166e-07,8.85969683343729e-07,8.862447005463565e-07,8.865196673190917e-07,8.867945829205804e-07,8.870694489244805e-07,8.873442646321276e-07,8.876190298074013e-07,8.878937445184178e-07,8.881684088316446e-07,8.88443022825044e-07,8.887175864490925e-07,8.889920997033639e-07,8.892665626394833e-07,8.895409752394286e-07,8.898153375731803e-07,8.900896491753354e-07,8.903639109036031e-07,8.906381222504955e-07,8.909122833110795e-07,8.911863941305447e-07,8.914604546501448e-07,8.917344649063777e-07,8.92008424974491e-07,8.922823347570219e-07,8.925561942482719e-07,8.928300035828432e-07,8.931037627338026e-07,8.933774717201356e-07,8.936511303279657e-07,8.939247387383115e-07,8.941982969504291e-07,8.944718050001958e-07,8.94745262881453e-07,8.950186705457977e-07,8.952920282401718e-07,8.95565335810731e-07,8.95838593280694e-07,8.961118006953178e-07,8.963849578070299e-07,8.966580649918748e-07,8.969311220753313e-07,8.972041287284604e-07,8.974770854085929e-07,8.97749991936236e-07,8.98022848859746e-07,8.982956554571975e-07,8.985684119120495e-07,8.988411181930486e-07,8.991137746784997e-07,8.993863810516137e-07,8.996589374561077e-07,8.999314440893832e-07,9.002039006094062e-07,9.004763070910251e-07,9.007486635655189e-07,9.010209700518888e-07,9.012932265643109e-07,9.015654330047435e-07,9.018375895449523e-07,9.021096961202253e-07,9.023817527788445e-07,9.026537595353988e-07,9.029257163575922e-07,9.031976233418059e-07,9.03469480321921e-07,9.03741287422874e-07,9.040130446495095e-07,9.042847520095862e-07,9.045564095364863e-07,9.048280171986495e-07,9.05099574966798e-07,9.053710829003855e-07,9.056425410082038e-07,9.059139492990201e-07,9.06185307781601e-07,9.064566164647135e-07,9.067278753571209e-07,9.069990844675663e-07,9.07270243804794e-07,9.075413533775337e-07,9.078124131945041e-07,9.080834232644169e-07,9.08354383595976e-07,9.08625294197869e-07,9.088961550787851e-07,9.09166966247391e-07,9.0943772799815e-07,9.097084400837819e-07,9.099791025540948e-07,9.102497157303025e-07,9.105202787309065e-07,9.107907922684244e-07,9.110612562184432e-07,9.113316703155529e-07,9.11602034723577e-07,9.118723491227345e-07,9.121426140901665e-07,9.124128297745888e-07,9.126829954706257e-07,9.12953111583354e-07,9.132231781209753e-07,9.134931950916763e-07,9.13763162503643e-07,9.14033080373578e-07,9.143029486931674e-07,9.145727673993635e-07,9.148425366552402e-07,9.151122562799604e-07,9.153819264863346e-07,9.156515471858314e-07,9.159211184445102e-07,9.161906401554655e-07,9.164601125153074e-07,9.167295352414017e-07,9.169989085287248e-07,9.172682323699462e-07,9.175375067144263e-07,9.178067319457096e-07,9.180759074670263e-07,9.183450335655634e-07,9.186141102502578e-07,9.188831376086839e-07,9.191521155216417e-07,9.194210440305811e-07,9.196899231683154e-07,9.19958752933755e-07,9.202275334096885e-07,9.204962644555457e-07,9.207649461437853e-07,9.210335784961126e-07,9.213021615216926e-07,9.21570695230898e-07,9.218391796288953e-07,9.221076148119724e-07,9.223760007134535e-07,9.226443372347742e-07,9.229126244734212e-07,9.23180862461832e-07,9.234490513274174e-07,9.237171907899867e-07,9.239852810182973e-07,9.242533220515941e-07,9.245213138318549e-07,9.247892564608364e-07,9.25057149883971e-07,9.253249947233739e-07,9.255927896731954e-07,9.258605354734841e-07,9.261282321252393e-07,9.263958797179791e-07,9.266634780239e-07,9.269310271705371e-07,9.271985270994814e-07,9.274659787200676e-07,9.277333804253835e-07,9.28000733025112e-07,9.282680365031835e-07,9.28535290815291e-07,9.288024961351002e-07,9.290696524374251e-07,9.293367595997667e-07,9.296038177192219e-07,9.298708267497357e-07,9.30137786755541e-07,9.304046977319984e-07,9.30671559573668e-07,9.309383724799376e-07,9.312051368724511e-07,9.314718517443127e-07,9.317385175381167e-07,9.320051344271396e-07,9.322717033247152e-07,9.325382223770114e-07,9.328046924621634e-07,9.330711138655493e-07,9.333374860701596e-07,9.336038092299867e-07,9.338700837308078e-07,9.34136309028973e-07,9.344024855215284e-07,9.346686135979794e-07,9.349346922122799e-07,9.352007219018777e-07,9.354667027242293e-07,9.357326347008033e-07,9.359985178173662e-07,9.362643520824073e-07,9.365301375062692e-07,9.367958740937851e-07,9.370615618552846e-07,9.37327201313569e-07,9.375927916636028e-07,9.378583334637391e-07,9.381238252861418e-07,9.383892693482735e-07,9.386546645262242e-07,9.389200109319702e-07,9.391853070512142e-07,9.394505557645391e-07,9.397157558458618e-07,9.399809070489683e-07,9.402460094560602e-07,9.405110632876688e-07,9.40776068378126e-07,9.410410248069179e-07,9.413059328162905e-07,9.415707918281071e-07,9.418356015201396e-07,9.421003632009775e-07,9.423650762126448e-07,9.42629740578794e-07,9.428943563044315e-07,9.431589237978521e-07,9.434234426056343e-07,9.436879124294653e-07,9.439523336341746e-07,9.442167062845582e-07,9.444810303436859e-07,9.447453057958305e-07,9.450095326708062e-07,9.452737110488368e-07,9.455378407899058e-07,9.458019226384376e-07,9.4606595527247e-07,9.463299394359914e-07,9.465938750357055e-07,9.468577622222028e-07,9.471216008477205e-07,9.473853914606004e-07,9.476491331307408e-07,9.479128262853272e-07,9.481764709982758e-07,9.484400671903497e-07,9.487036149735675e-07,9.489671143163163e-07,9.492305652186083e-07,9.494939676893729e-07,9.497573217373747e-07,9.500206273712754e-07,9.502838845996711e-07,9.50547093431111e-07,9.508102538741115e-07,9.510733660178761e-07,9.513364296975472e-07,9.515994449712011e-07,9.51862412000535e-07,9.521253306133512e-07,9.523882009047775e-07,9.526510228564631e-07,9.529137964888095e-07,9.531765217860608e-07,9.534391987978318e-07,9.537018275172064e-07,9.539644079474917e-07,9.542269400733016e-07,9.544894240036487e-07,9.5475185960425e-07,9.550142467900255e-07,9.552765859138258e-07,9.555388768090768e-07,9.55801119463715e-07,9.560633138918417e-07,9.563254601181421e-07,9.565875581351937e-07,9.568496079604108e-07,9.5711160959853e-07,9.573735630559728e-07,9.576354682083244e-07,9.57897325334205e-07,9.581591342614564e-07,9.584208950698507e-07,9.58682607752398e-07,9.589442723161918e-07,9.592058887585009e-07,9.594674573009573e-07,9.59728977568384e-07,9.599904497014946e-07,9.60251873664243e-07,9.60513249885336e-07,9.607745777518677e-07,9.610358575820613e-07,9.612970893665507e-07,9.615582740961502e-07,9.618194098019734e-07,9.62080497469426e-07,9.623415371244978e-07,9.626025287365165e-07,9.628634723773326e-07,9.631243679970142e-07,9.633852154068174e-07,9.63646015089037e-07,9.639067668048306e-07,9.64167470692341e-07,9.644281268541012e-07,9.646887347445884e-07,9.649492946659135e-07,9.652098066813348e-07,9.654702707500018e-07,9.657306869229416e-07,9.659910551876557e-07,9.662513755471383e-07,9.66511648015464e-07,9.667718726048004e-07,9.670320493230807e-07,9.672921782483315e-07,9.675522591853484e-07,9.678122926646822e-07,9.680722774440562e-07,9.683322151477882e-07,9.685921048401373e-07,9.688519468000331e-07,9.69111740909057e-07,9.693714871804398e-07,9.696311856652922e-07,9.698908363703442e-07,9.70150439269938e-07,9.704099944558468e-07,9.706695018415114e-07,9.70928961505473e-07,9.711883734682449e-07,9.714477376743758e-07,9.717070541697834e-07,9.719663227834146e-07,9.722255438583245e-07,9.724847172179278e-07,9.72743842906668e-07,9.730029209215128e-07,9.732619512647654e-07,9.735209339458236e-07,9.737798689913982e-07,9.740387562983357e-07,9.742975964361604e-07,9.745563893908833e-07,9.748151339884903e-07,9.750738308758638e-07,9.753324798595396e-07,9.755910815461134e-07,9.758496357260993e-07,9.761081422495568e-07,9.763666011991876e-07,9.766250125858916e-07,9.768833764179957e-07,9.771416927056902e-07,9.77399961445985e-07,9.776581826621986e-07,9.779163563517739e-07,9.781744825291141e-07,9.784325611985772e-07,9.786905923710921e-07,9.789485760497518e-07,9.792065122148342e-07,9.794644009072362e-07,9.797222421351624e-07,9.799800359068272e-07,9.802377822304235e-07,9.804954811141447e-07,9.807531325661696e-07,9.81010736594671e-07,9.812682932078063e-07,9.81525802413714e-07,9.817832642205362e-07,9.820406786363585e-07,9.822980456692624e-07,9.825553653272924e-07,9.828126376184458e-07,9.830698625506838e-07,9.833270401318623e-07,9.835841703697614e-07,9.83841253271979e-07,9.840982888459464e-07,9.843552770987216e-07,9.846122180367658e-07,9.848691116655195e-07,9.85125957988032e-07,9.85382757001169e-07,9.85639508674002e-07,9.858962128329173e-07,9.861528700159237e-07,9.86409479995927e-07,9.86666042757194e-07,9.869225582994424e-07,9.871790266267821e-07,9.874354477450095e-07,9.876918216607784e-07,9.879481483812678e-07,9.88204427913909e-07,9.884606602663338e-07,9.8871684544631e-07,9.889729834617227e-07,9.892290743204874e-07,9.89485118030576e-07,9.89741114599988e-07,9.899970640367665e-07,9.902529663489874e-07,9.905088215447288e-07,9.907646296320886e-07,9.910203906191768e-07,9.912761045141154e-07,9.915317713250297e-07,9.917873910600543e-07,9.920429637273276e-07,9.922984893349976e-07,9.925539678912106e-07,9.928093994041172e-07,9.930647838818692e-07,9.933201213326257e-07,9.935754117645465e-07,9.938306552231225e-07,9.940858516787167e-07,9.943410011395162e-07,9.945961036137081e-07,9.948511591094754e-07,9.951061676350022e-07,9.953611291984697e-07,9.956160438080602e-07,9.958709114719533e-07,9.961257321983258e-07,9.963805059905142e-07,9.966352328614677e-07,9.968899128611818e-07,9.971445459140433e-07,9.973991320277424e-07,9.976536712995991e-07,9.979081636946607e-07,9.981626092206714e-07,9.984170078715344e-07,9.986713596665013e-07,9.989256646135553e-07,9.991799227211993e-07,9.994341339964584e-07,9.996882984494927e-07,9.99942416087451e-07,1.0001964869184498e-06,1.000450510950458e-06,1.0007044881921477e-06,1.0009584186454033e-06,1.0012123023450694e-06,1.001466139281632e-06,1.0017199294077712e-06,1.0019736727752656e-06,1.0022273693900993e-06,1.0024810189460777e-06,1.0027346221137478e-06,1.0029881786425809e-06,1.0032416883885904e-06,1.003495151471875e-06,1.0037485679344473e-06,1.004001937646907e-06,1.0042552607065595e-06,1.0045085370675435e-06,1.0047617667809905e-06,1.0050149498625523e-06,1.005268086264947e-06,1.0055211761078443e-06,1.0057742188677345e-06,1.0060272153575535e-06,1.0062801650844438e-06,1.0065330682242013e-06,1.00678592478276e-06,1.0070387349043878e-06,1.0072914984503036e-06,1.0075442154649318e-06,1.007796885903865e-06,1.0080495098963254e-06,1.0083020872861406e-06,1.0085546178902689e-06,1.0088071021641062e-06,1.0090595399047723e-06,1.0093119311199951e-06,1.0095642757806916e-06,1.0098165741680874e-06,1.0100688258788826e-06,1.0103210311137225e-06,1.0105731897615044e-06,1.0108253020735638e-06,1.0110773679285555e-06,1.0113293873346648e-06,1.0115813602908986e-06,1.0118332868117e-06,1.0120851669046322e-06,1.0123370005649223e-06,1.0125887878139304e-06,1.0128405286861517e-06,1.0130922230941373e-06,1.0133438711640992e-06,1.0135954728612303e-06,1.0138470282104346e-06,1.0140985371983978e-06,1.0143499998435152e-06,1.014601416143995e-06,1.014852786095392e-06,1.0151041097187587e-06,1.015355387025162e-06,1.015606618020202e-06,1.0158578026786586e-06,1.0161089410442198e-06,1.0163600331247587e-06,1.0166110789281765e-06,1.0168620784623926e-06,1.0171130317353458e-06,1.0173639387549908e-06,1.0176147995292933e-06,1.0178656140662297e-06,1.0181163822987163e-06,1.018367104324051e-06,1.0186177801669983e-06,1.0188684101019754e-06,1.0191189941152795e-06,1.019369531457325e-06,1.019620022334279e-06,1.0198704672488076e-06,1.0201208659967303e-06,1.0203712185860665e-06,1.0206215250248275e-06,1.020871785321021e-06,1.0211219994826448e-06,1.0213721675176898e-06,1.0216222894341365e-06,1.021872365239955e-06,1.0221223949431024e-06,1.0223723785515204e-06,1.022622316073134e-06,1.0228722075158463e-06,1.0231220528813036e-06,1.0233718522230638e-06,1.0236216055116042e-06,1.0238713127541767e-06,1.0241209739595353e-06,1.0243705891334755e-06,1.0246201582887304e-06,1.0248696814309796e-06,1.0251191585682242e-06,1.0253685897087009e-06,1.0256179748601816e-06,1.0258673140307018e-06,1.0261166072282898e-06,1.0263658541937192e-06,1.0266150554695107e-06,1.026864210796579e-06,1.0271133201878957e-06,1.0273623836428088e-06,1.0276114011587353e-06,1.0278603729444152e-06,1.0281092986468147e-06,1.0283581783907366e-06,1.0286070123436207e-06,1.0288558006203207e-06,1.0291045429291663e-06,1.0293532391001931e-06,1.029601889646353e-06,1.0298504942133863e-06,1.0300990529358876e-06,1.0303475658218718e-06,1.0305960328793514e-06,1.0308444541162718e-06,1.0310928295329507e-06,1.0313411591361632e-06,1.0315894429406322e-06,1.0318376809642635e-06,1.0320858731733243e-06,1.0323340195611662e-06,1.0325821202764127e-06,1.0328301752377752e-06,1.0330781844554542e-06,1.0333261480246725e-06,1.0335740657527292e-06,1.0338219377668208e-06,1.0340697639612967e-06,1.0343175445519937e-06,1.03456527945995e-06,1.0348129686577093e-06,1.0350606121871946e-06,1.035308210006897e-06,1.0355557621851736e-06,1.0358032687012015e-06,1.036050729556617e-06,1.0362981448077484e-06,1.036545514483353e-06,1.036792838443161e-06,1.0370401167818311e-06,1.0372873495074062e-06,1.0375345366690035e-06,1.0377816782262047e-06,1.038028774290738e-06,1.0382758246506408e-06,1.0385228294100402e-06,1.0387697888148637e-06,1.0390167024698265e-06,1.0392635704461995e-06,1.0395103930365409e-06,1.0397571700201954e-06,1.0400039018398517e-06,1.0402505862112554e-06,1.0404972262179714e-06,1.0407438211972914e-06,1.0409903706483515e-06,1.041236874635359e-06,1.0414833330916895e-06,1.0417297461383862e-06,1.0419761137242346e-06,1.042222436297878e-06,1.0424687128872784e-06,1.0427149439806254e-06,1.04296112979961e-06,1.0432072701971663e-06,1.043453365181244e-06,1.043699414759791e-06,1.0439454189407543e-06,1.0441913777320805e-06,1.0444372911417145e-06,1.0446831591858409e-06,1.0449289818653006e-06,1.0451747591890313e-06,1.0454204911677526e-06,1.045666177768397e-06,1.045911819066479e-06,1.0461574150123278e-06,1.046402965628423e-06,1.046648470962851e-06,1.0468939309927812e-06,1.0471393457283596e-06,1.0473847151775187e-06,1.0476300393481885e-06,1.0478753182482982e-06,1.0481205518857765e-06,1.0483657402685505e-06,1.0486108834045463e-06,1.0488559813016895e-06,1.049101033967905e-06,1.0493460414260109e-06,1.04959100367021e-06,1.0498359207086254e-06,1.0500807925868758e-06,1.0503256192357972e-06,1.0505704006924364e-06,1.050815137006943e-06,1.0510598281288618e-06,1.051304474127616e-06,1.0515490749258152e-06,1.0517936305849934e-06,1.0520381410402138e-06,1.0522826063762608e-06,1.0525270265994265e-06,1.0527714017164578e-06,1.0530157317656933e-06,1.0532600167182756e-06,1.0535042565824643e-06,1.053748451342011e-06,1.053992601124712e-06,1.0542367058825095e-06,1.0544807651762674e-06,1.0547247801025087e-06,1.0549687496010121e-06,1.055212674066206e-06,1.055456553505963e-06,1.055700387928209e-06,1.0559441773430826e-06,1.0561879219756929e-06,1.0564316202588872e-06,1.0566752739877952e-06,1.0569188824803783e-06,1.0571624472470643e-06,1.0574059668085438e-06,1.0576494414705951e-06,1.0578928708396579e-06,1.0581362554275591e-06,1.0583795952190682e-06,1.0586228900415374e-06,1.058866139973035e-06,1.0591093449780884e-06,1.0593525050838156e-06,1.0595956202981293e-06,1.0598386906287987e-06,1.0600817160893018e-06,1.060324696686997e-06,1.0605676321540731e-06,1.0608105230294787e-06,1.0610533684830806e-06,1.061296169677598e-06,1.0615389261161512e-06,1.061781637573252e-06,1.062024304309548e-06,1.0622669267111708e-06,1.0625095026128969e-06,1.0627520349645286e-06,1.06299452251473e-06,1.0632369653686264e-06,1.0634793633998555e-06,1.0637217165900727e-06,1.0639640251273177e-06,1.0642062887088248e-06,1.0644485073300413e-06,1.064690681693028e-06,1.0649328112845284e-06,1.065174896153003e-06,1.0654169363345831e-06,1.0656589313345204e-06,1.065900882095887e-06,1.0661427877931076e-06,1.0663846484033946e-06,1.0666264651669212e-06,1.0668682372481374e-06,1.067109964657558e-06,1.0673516474252239e-06,1.067593285559072e-06,1.0678348790671642e-06,1.0680764279575611e-06,1.0683179322382943e-06,1.0685593919173557e-06,1.0688008071080292e-06,1.0690421774284882e-06,1.0692835033329297e-06,1.069524784761571e-06,1.0697660216672186e-06,1.070007213980738e-06,1.0702483617112783e-06,1.0704894649039555e-06,1.0707305235665764e-06,1.0709715377069455e-06,1.0712125073328701e-06,1.071453432452151e-06,1.071694313072592e-06,1.071935149201996e-06,1.0721759408481615e-06,1.0724166880188891e-06,1.0726573907219776e-06,1.0728980489652237e-06,1.073138662756423e-06,1.0733792321033702e-06,1.0736197570138608e-06,1.073860237495687e-06,1.0741006735881714e-06,1.0743410653021608e-06,1.0745814126060641e-06,1.074821715505673e-06,1.075061974475936e-06,1.0753021886059991e-06,1.0755423583652394e-06,1.0757824837246606e-06,1.076022564672788e-06,1.0762626013425985e-06,1.0765025936700596e-06,1.0767425416590148e-06,1.0769824452819247e-06,1.0772223046540927e-06,1.0774621193530276e-06,1.0777018901132777e-06,1.0779416164345407e-06,1.0781812984576697e-06,1.0784209361960384e-06,1.0786605294688857e-06,1.0789000785043406e-06,1.0791395833032269e-06,1.0793790438687402e-06,1.0796184604069985e-06,1.079857832471349e-06,1.0800971606925205e-06,1.0803364445633065e-06,1.0805756844458046e-06,1.0808148801189828e-06,1.0810540313594072e-06,1.0812931384135249e-06,1.0815322012889024e-06,1.0817712199931456e-06,1.082010194533888e-06,1.0822491249187871e-06,1.082488011155517e-06,1.0827268530936807e-06,1.0829656500840546e-06,1.0832044037175875e-06,1.0834431134801475e-06,1.0836817791742067e-06,1.0839204006857731e-06,1.084158978247271e-06,1.0843975114904623e-06,1.084636000790112e-06,1.0848744462300834e-06,1.0851128473434641e-06,1.0853512045293156e-06,1.0855895177922289e-06,1.0858277867635266e-06,1.0860660116760309e-06,1.086304192589181e-06,1.086542328702986e-06,1.0867804217167906e-06,1.087018470666e-06,1.087256475669414e-06,1.0874944365886677e-06,1.0877323535767254e-06,1.0879702266201283e-06,1.0882080554905622e-06,1.0884458405889063e-06,1.0886835817164659e-06,1.0889212789201935e-06,1.0891589321417355e-06,1.089396541412619e-06,1.089634106785032e-06,1.0898716280152897e-06,1.090109105110536e-06,1.0903465387713628e-06,1.0905839285335663e-06,1.0908212744657018e-06,1.0910585765056178e-06,1.0912958348399316e-06,1.0915330490802763e-06,1.091770219642444e-06,1.0920073463723075e-06,1.09224442926538e-06,1.09248146823226e-06,1.092718463744234e-06,1.0929554150814375e-06,1.093192322829614e-06,1.093429186016889e-06,1.0936660059731685e-06,1.0939027821275978e-06,1.0941395144837897e-06,1.0943762035531532e-06,1.094612848447621e-06,1.0948494495912267e-06,1.095086006990227e-06,1.0953225206543968e-06,1.0955589900944576e-06,1.0957954163313625e-06,1.096031798715349e-06,1.0962681379594727e-06,1.096504433658312e-06,1.0967406857251459e-06,1.0969768939146552e-06,1.097213058004546e-06,1.0974491784650638e-06,1.097685255236827e-06,1.0979212883607058e-06,1.0981572778450914e-06,1.0983932236930464e-06,1.0986291259241926e-06,1.0988649845344399e-06,1.099100799535929e-06,1.0993365707781381e-06,1.099572298559414e-06,1.0998079826923226e-06,1.100043623789649e-06,1.1002792210573617e-06,1.1005147745634308e-06,1.1007502845143089e-06,1.100985750937271e-06,1.101221173786941e-06,1.1014565531400895e-06,1.1016918889422265e-06,1.1019271812223777e-06,1.102162430007192e-06,1.1023976352703977e-06,1.1026327970851752e-06,1.1028679152201392e-06,1.10310299003961e-06,1.103338021387316e-06,1.103573009273326e-06,1.103807953701531e-06,1.104042854666993e-06,1.104277712191964e-06,1.1045125262840164e-06,1.104747296950723e-06,1.1049820241996527e-06,1.105216707661847e-06,1.105451348074373e-06,1.105685944935337e-06,1.1059204987656232e-06,1.1061550090759666e-06,1.106389475989589e-06,1.1066238993807082e-06,1.106858279426716e-06,1.1070926162747557e-06,1.1073269097549336e-06,1.1075611594622382e-06,1.1077953662285112e-06,1.1080295297371968e-06,1.1082636499542694e-06,1.1084977268681775e-06,1.1087317604865485e-06,1.1089657508170043e-06,1.1091996978671699e-06,1.1094336016446663e-06,1.1096674621571158e-06,1.109901279412138e-06,1.1101350534173502e-06,1.1103687841803713e-06,1.110602471708816e-06,1.1108361160103003e-06,1.1110697170924388e-06,1.1113032749628436e-06,1.1115367896291263e-06,1.1117702610988963e-06,1.1120036893797652e-06,1.1122370744793384e-06,1.112470416405224e-06,1.1127037151650274e-06,1.1129369707663533e-06,1.1131701832168046e-06,1.1134033525239842e-06,1.1136364786954928e-06,1.11386956173893e-06,1.1141026016618934e-06,1.1143355984719822e-06,1.1145685521767916e-06,1.114801462783917e-06,1.1150343303009524e-06,1.1152671547354906e-06,1.1154999360951232e-06,1.1157326743874398e-06,1.1159653696200307e-06,1.1161980218004833e-06,1.116430630936385e-06,1.1166631970353207e-06,1.1168957201048756e-06,1.1171282001526329e-06,1.1173606371861748e-06,1.1175930312130819e-06,1.117825382240935e-06,1.1180576902756817e-06,1.1182899553265325e-06,1.1185221774010627e-06,1.1187543565068486e-06,1.1189864926514642e-06,1.1192185858424816e-06,1.1194506360874728e-06,1.1196826433940078e-06,1.1199146077696565e-06,1.1201465292219864e-06,1.1203784077585657e-06,1.1206102433869589e-06,1.120842036114731e-06,1.1210737859494448e-06,1.1213054928986642e-06,1.1215371569699483e-06,1.1217687781708584e-06,1.1220003565089533e-06,1.1222318919917894e-06,1.1224633846269236e-06,1.1226948344219122e-06,1.1229262413843074e-06,1.1231576055216632e-06,1.1233889268415317e-06,1.1236202053514626e-06,1.1238514410590055e-06,1.1240826339717085e-06,1.124313784097119e-06,1.1245448914427823e-06,1.1247759560162434e-06,1.125006977825047e-06,1.1252379568767334e-06,1.1254688931788449e-06,1.1256997867389214e-06,1.1259306375645017e-06,1.1261614456631232e-06,1.1263922110423232e-06,1.126622933709636e-06,1.1268536136725972e-06,1.1270842509387383e-06,1.1273148455155917e-06,1.1275453974106878e-06,1.127775906631557e-06,1.128006373185726e-06,1.1282367970807242e-06,1.1284671783240763e-06,1.1286975169233072e-06,1.1289278128859405e-06,1.1291580662194983e-06,1.1293882769315035e-06,1.1296184450294743e-06,1.1298485705209314e-06,1.1300786534133912e-06,1.1303086937143718e-06,1.1305386914313865e-06,1.130768646571952e-06,1.1309985591435801e-06,1.1312284291557105e-06,1.131458256614833e-06,1.1316880415269926e-06,1.131917783900252e-06,1.1321474837421185e-06,1.1323771410600982e-06,1.132606755861696e-06,1.1328363281544154e-06,1.1330658579457596e-06,1.1332953452895326e-06,1.133524790100621e-06,1.133754192372311e-06,1.1339835523412771e-06,1.1342128697026364e-06,1.134442144643207e-06,1.1346713771348885e-06,1.134900567362862e-06,1.1351297149703569e-06,1.1353588201599443e-06,1.1355878830508872e-06,1.13581690339732e-06,1.1360458813223965e-06,1.1362748168544823e-06,1.1365037099930515e-06,1.1367325607452857e-06,1.1369613691181952e-06,1.1371901351185613e-06,1.137418858752743e-06,1.1376475400903255e-06,1.137876179050906e-06,1.1381047757077928e-06,1.1383333300355434e-06,1.1385618420417859e-06,1.1387903117336736e-06,1.1390187391218503e-06,1.1392471242307105e-06,1.139475467024871e-06,1.1397037675347254e-06,1.1399320257112765e-06,1.1401602416781295e-06,1.1403884153773967e-06,1.1406165468240504e-06,1.1408446360248823e-06,1.1410726830094098e-06,1.1413006877559803e-06,1.1415286502601862e-06,1.1417565701134082e-06,1.1419844484600695e-06,1.1422122844541415e-06,1.1424400781344773e-06,1.142667829627507e-06,1.142895539014792e-06,1.1431232061650266e-06,1.1433508317320783e-06,1.1435784139222955e-06,1.1438059547675827e-06,1.1440334536228639e-06,1.1442609100141305e-06,1.1444883242765669e-06,1.1447156965340109e-06,1.1449430265488128e-06,1.1451703143732094e-06,1.1453975601817598e-06,1.1456247639173454e-06,1.1458519255945012e-06,1.1460790451730971e-06,1.1463061226812787e-06,1.1465331581267138e-06,1.1467601515108781e-06,1.1469871028267516e-06,1.147214012086601e-06,1.1474408795616425e-06,1.1476677048088176e-06,1.1478944880485377e-06,1.1481212292789742e-06,1.1483479284838262e-06,1.148574585704963e-06,1.1488012009597928e-06,1.1490277741547016e-06,1.149254305444017e-06,1.1494807947867295e-06,1.1497072422264564e-06,1.1499336477083082e-06,1.1501600111783126e-06,1.1503863327005771e-06,1.150612612286768e-06,1.1508388499476673e-06,1.15106504562156e-06,1.151291199489365e-06,1.1515173114785684e-06,1.151743381577114e-06,1.1519694099491415e-06,1.1521953963095876e-06,1.1524213409868259e-06,1.1526472436012635e-06,1.1528731044212554e-06,1.1530989233350547e-06,1.1533247004105588e-06,1.1535504356296353e-06,1.153776129054795e-06,1.1540017804676617e-06,1.1542273902633857e-06,1.1544529582568902e-06,1.1546784844579772e-06,1.1549039688597136e-06,1.15512941149507e-06,1.1553548123553542e-06,1.1555801714546451e-06,1.1558054887969606e-06,1.1560307643896782e-06,1.1562559983400593e-06,1.1564811903739289e-06,1.156706340781346e-06,1.1569314495997715e-06,1.1571565165404908e-06,1.157381541765221e-06,1.1576065252942904e-06,1.157831467130149e-06,1.1580563673735265e-06,1.158281225884287e-06,1.1585060427185445e-06,1.15873081783739e-06,1.15895555135691e-06,1.1591802432161965e-06,1.15940489345045e-06,1.1596295021202104e-06,1.1598540691108343e-06,1.1600785944790763e-06,1.160303078370085e-06,1.1605275204988696e-06,1.1607519208945488e-06,1.1609762797174088e-06,1.1612005973886201e-06,1.1614248732075725e-06,1.1616491074675482e-06,1.1618733001592752e-06,1.1620974512519832e-06,1.1623215608731624e-06,1.1625456289350856e-06,1.1627696554684425e-06,1.1629936404817146e-06,1.163217583978704e-06,1.1634414859750662e-06,1.1636653464714253e-06,1.163889165475864e-06,1.1641129429902342e-06,1.1643366790290676e-06,1.1645603735983883e-06,1.1647840271654952e-06,1.1650076388171478e-06,1.1652312090007646e-06,1.165454737764192e-06,1.1656782250659693e-06,1.1659016709848292e-06,1.1661250754785988e-06,1.1663484385730897e-06,1.1665717603307562e-06,1.166795040611464e-06,1.1670182795159916e-06,1.1672414775611411e-06,1.167464633712811e-06,1.1676877485963502e-06,1.1679108219975766e-06,1.1681338540739948e-06,1.1683568447779276e-06,1.1685797941315058e-06,1.1688027021081525e-06,1.1690255687993055e-06,1.1692483941777147e-06,1.169471178266332e-06,1.1696939210727356e-06,1.1699166226310609e-06,1.1701392832349635e-06,1.1703619021571025e-06,1.1705844798124702e-06,1.1708070162017731e-06,1.1710295112762178e-06,1.1712519647230954e-06,1.1714743773623997e-06,1.1716967487674364e-06,1.171919078922717e-06,1.1721413678997171e-06,1.1723636156313608e-06,1.172585822170175e-06,1.17280798750541e-06,1.1730301116726501e-06,1.17325219460353e-06,1.1734742363575707e-06,1.1736962370570838e-06,1.1739181965286346e-06,1.1741401148070023e-06,1.1743619919553621e-06,1.17458382794486e-06,1.1748056228839098e-06,1.1750273766380712e-06,1.1752490892892142e-06,1.1754707608212753e-06,1.1756923911945663e-06,1.1759139804833919e-06,1.1761355287112533e-06,1.176357035874863e-06,1.1765785019374922e-06,1.1767999269401926e-06,1.177021310882288e-06,1.1772426537779101e-06,1.1774639556279472e-06,1.1776852164396924e-06,1.1779064362204346e-06,1.1781276149774692e-06,1.1783487527180864e-06,1.178569849449584e-06,1.1787909051792533e-06,1.1790119186465516e-06,1.1792328912865329e-06,1.1794538230787738e-06,1.1796747148627108e-06,1.1798955656807979e-06,1.180116375539806e-06,1.1803371444476904e-06,1.1805578724137661e-06,1.1807785594404133e-06,1.1809992056500925e-06,1.1812198108309345e-06,1.1814403744262932e-06,1.181660897035663e-06,1.18188137862056e-06,1.182101819079099e-06,1.1823222190329931e-06,1.182542577978242e-06,1.182762896991527e-06,1.1829831751523099e-06,1.1832034114491589e-06,1.183423606419466e-06,1.1836437610415449e-06,1.1838638761675355e-06,1.184083950464587e-06,1.1843039839424745e-06,1.1845239766123402e-06,1.184743928414037e-06,1.1849638392245142e-06,1.18518370903171e-06,1.1854035380811242e-06,1.185623326329839e-06,1.1858430740214447e-06,1.186062780735009e-06,1.1862824460259408e-06,1.1865020705729124e-06,1.1867216550297009e-06,1.1869411987649745e-06,1.1871607017732923e-06,1.18738016406186e-06,1.1875995856379744e-06,1.1878189665089612e-06,1.1880383066817492e-06,1.1882576061636634e-06,1.1884768649619358e-06,1.1886960830942075e-06,1.188915260387635e-06,1.1891343967060833e-06,1.1893534927037786e-06,1.189572548177366e-06,1.1897915630256264e-06,1.1900105372163052e-06,1.1902294708451661e-06,1.1904483634481307e-06,1.1906672159071103e-06,1.1908860276595176e-06,1.191104798818057e-06,1.1913235288130063e-06,1.1915422187686328e-06,1.1917608681544409e-06,1.1919794770549864e-06,1.1921980453297163e-06,1.1924165730555079e-06,1.1926350598844011e-06,1.1928535065738383e-06,1.1930719130258787e-06,1.1932902784864442e-06,1.1935086035466597e-06,1.1937268879385126e-06,1.1939451316991036e-06,1.1941633352937453e-06,1.1943814982431562e-06,1.1945996208988407e-06,1.194817703011686e-06,1.1950357447684387e-06,1.1952537459591694e-06,1.1954717066858046e-06,1.1956896269638137e-06,1.1959075068054637e-06,1.196125346355336e-06,1.1963431456892917e-06,1.1965609044228797e-06,1.1967786226065144e-06,1.1969963004003112e-06,1.1972139377788404e-06,1.197431534749042e-06,1.1976490913377466e-06,1.1978666075789933e-06,1.1980840830608546e-06,1.1983015185458725e-06,1.1985189136719152e-06,1.1987362685393903e-06,1.1989535828681097e-06,1.1991708570397542e-06,1.1993880909327003e-06,1.1996052843825961e-06,1.1998224375509199e-06,1.2000395503597114e-06,1.2002566223114114e-06,1.2004736546167644e-06,1.2006906454996474e-06,1.200907597212731e-06,1.2011245086773134e-06,1.2013413798667306e-06,1.2015582108137277e-06,1.2017750000465045e-06,1.2019917505226418e-06,1.2022084602405763e-06,1.2024251304735742e-06,1.2026417602324009e-06,1.2028583489009678e-06,1.203074898314703e-06,1.2032914074249037e-06,1.2035078767587984e-06,1.2037243061909635e-06,1.2039406948823545e-06,1.2041570435188697e-06,1.2043733518290753e-06,1.2045896199898067e-06,1.2048058481446947e-06,1.2050220363615484e-06,1.205238184152205e-06,1.2054542917361604e-06,1.2056703592258771e-06,1.205886386627867e-06,1.2061023739250305e-06,1.2063183210546765e-06,1.2065342286445424e-06,1.2067500956708854e-06,1.2069659227758596e-06,1.2071817096602616e-06,1.2073974564766891e-06,1.207613163088132e-06,1.2078288298145147e-06,1.2080444564286673e-06,1.2082600431139418e-06,1.2084755894490272e-06,1.2086910964298028e-06,1.2089065629660477e-06,1.20912198956731e-06,1.2093373761726087e-06,1.2095527227961759e-06,1.2097680294308687e-06,1.2099832960909184e-06,1.2101985227834316e-06,1.2104137095240677e-06,1.2106288563089442e-06,1.2108439630972403e-06,1.2110590300194013e-06,1.211274056980767e-06,1.2114890440216758e-06,1.2117039911402783e-06,1.211918898356924e-06,1.2121337654521714e-06,1.2123485928554454e-06,1.212563380398127e-06,1.2127781277238926e-06,1.2129928355092796e-06,1.2132075034180445e-06,1.2134221314497519e-06,1.2136367196263917e-06,1.2138512678989763e-06,1.2140657763900507e-06,1.214280244868412e-06,1.2144946737007186e-06,1.2147090627143747e-06,1.2149234119136662e-06,1.2151377217211854e-06,1.2153519912850188e-06,1.215566220930552e-06,1.2157804109786527e-06,1.215994561232103e-06,1.2162086717138312e-06,1.2164227424335333e-06,1.216636773400287e-06,1.2168507646351759e-06,1.2170647160581262e-06,1.2172786278142435e-06,1.217492499830061e-06,1.2177063321811254e-06,1.2179201250840708e-06,1.2181338779847635e-06,1.2183475912278123e-06,1.2185612647164086e-06,1.2187748985206596e-06,1.2189884926476806e-06,1.2192020471046135e-06,1.2194155618970561e-06,1.2196290369997191e-06,1.219842472366009e-06,1.2200558682579973e-06,1.2202692244681061e-06,1.220482541065421e-06,1.2206958180448416e-06,1.220909055398027e-06,1.2211222531629136e-06,1.2213354113218688e-06,1.2215485298737734e-06,1.2217616088520755e-06,1.2219746482085453e-06,1.2221876480115895e-06,1.2224006082691018e-06,1.2226135289541368e-06,1.222826410098917e-06,1.223039251699413e-06,1.223252053587432e-06,1.2234648155523338e-06,1.2236775385849318e-06,1.2238902221128031e-06,1.2241028661208825e-06,1.2243154706339371e-06,1.2245280356280025e-06,1.22474056112619e-06,1.2249530471539063e-06,1.2251654937080526e-06,1.2253779007964713e-06,1.2255902684259742e-06,1.2258025966086252e-06,1.2260148853439624e-06,1.2262271346339482e-06,1.2264393446848905e-06,1.2266515151442275e-06,1.2268636461676476e-06,1.2270757377813632e-06,1.2272877899924407e-06,1.2274998028299824e-06,1.2277117762805937e-06,1.227923710402216e-06,1.2281356049999983e-06,1.2283474602112138e-06,1.2285592761726997e-06,1.2287710528981177e-06,1.2289827897826622e-06,1.2291944876683243e-06,1.2294061462363615e-06,1.22961776534604e-06,1.2298293451406391e-06,1.2300408856283761e-06,1.2302523868183282e-06,1.2304638487217748e-06,1.2306752703113367e-06,1.2308866537479588e-06,1.2310979979116785e-06,1.2313093027992809e-06,1.2315205685288768e-06,1.2317317949661606e-06,1.2319429819751481e-06,1.2321541297332059e-06,1.232365238250619e-06,1.232576307691024e-06,1.2327873380105768e-06,1.2329983290111123e-06,1.2332092808015724e-06,1.233420193350612e-06,1.2336310666721606e-06,1.2338419008811956e-06,1.234052696199566e-06,1.2342634520511008e-06,1.2344741687348713e-06,1.2346848461763534e-06,1.234895484516467e-06,1.2351060835501875e-06,1.2353166437563896e-06,1.2355271646488316e-06,1.2357376464775416e-06,1.2359480892022636e-06,1.2361584928178714e-06,1.236368857331334e-06,1.2365791827430751e-06,1.236789468593835e-06,1.2369997157885196e-06,1.237209924103025e-06,1.2374200933079657e-06,1.2376302233548677e-06,1.237840314349003e-06,1.2380503665194006e-06,1.2382603794574893e-06,1.2384703533318588e-06,1.2386802881574644e-06,1.238890184116849e-06,1.2391000407158507e-06,1.2393098585163486e-06,1.2395196372548287e-06,1.2397293771473144e-06,1.2399390779892957e-06,1.2401487398544552e-06,1.240358362570304e-06,1.240567946506524e-06,1.2407774915642574e-06,1.2409869975695337e-06,1.2411964646632367e-06,1.2414058927710707e-06,1.2416152819905971e-06,1.2418246322904024e-06,1.2420339436914352e-06,1.2422432161467163e-06,1.2424524497265706e-06,1.2426616444084437e-06,1.242870800096722e-06,1.2430799170161753e-06,1.2432889948565715e-06,1.2434980345815367e-06,1.2437070349009398e-06,1.2439159965644018e-06,1.2441249191866002e-06,1.2443338029706897e-06,1.2445426477236759e-06,1.2447514534912724e-06,1.244960221151319e-06,1.2451689496518154e-06,1.2453776390788798e-06,1.2455862898649247e-06,1.2457949019748934e-06,1.246003475135353e-06,1.2462120097266876e-06,1.2464205054957332e-06,1.246628962536264e-06,1.2468373808123448e-06,1.247045760345308e-06,1.2472541011212781e-06,1.247462402998414e-06,1.2476706666725575e-06,1.2478788912120677e-06,1.2480870775172171e-06,1.2482952240422593e-06,1.2485033328950186e-06,1.2487114033170234e-06,1.2489194344050725e-06,1.2491274267786566e-06,1.2493353805003323e-06,1.2495432955706852e-06,1.2497511720505062e-06,1.2499590098406721e-06,1.2501668089624736e-06,1.2503745693219419e-06,1.25058229115102e-06,1.2507899742146407e-06,1.2509976188303365e-06,1.2512052248393579e-06,1.2514127922404185e-06,1.2516203210421002e-06,1.251827811271134e-06,1.2520352629957224e-06,1.2522426766150555e-06,1.2524500517668874e-06,1.2526573873832633e-06,1.2528646849482078e-06,1.2530719439224516e-06,1.2532791644037926e-06,1.2534863461465079e-06,1.2536934892332788e-06,1.2539005938038018e-06,1.2541076598667918e-06,1.2543146875932395e-06,1.254521676887053e-06,1.2547286274936646e-06,1.2549355397080847e-06,1.2551424132911746e-06,1.2553492476519408e-06,1.2555560444935001e-06,1.2557628028247283e-06,1.2559695227442416e-06,1.2561762040512792e-06,1.2563828469131233e-06,1.2565894513386403e-06,1.2567960173358848e-06,1.2570025449125055e-06,1.2572090341945594e-06,1.2574154848238857e-06,1.257621897694054e-06,1.257828271809735e-06,1.2580346075730681e-06,1.2582409046989185e-06,1.258447163615909e-06,1.2586533843787444e-06,1.2588595667736433e-06,1.2590657106544452e-06,1.25927181584744e-06,1.259477883028325e-06,1.2596839126624783e-06,1.2598899031993614e-06,1.2600958551980034e-06,1.2603017691600179e-06,1.2605076446231497e-06,1.2607134819304491e-06,1.260919281003326e-06,1.261125041777e-06,1.2613307642918197e-06,1.261536448533984e-06,1.2617420945132297e-06,1.2619477023620028e-06,1.2621532718489212e-06,1.262358803085173e-06,1.2625642960951505e-06,1.2627697508829007e-06,1.2629751675178872e-06,1.2631805458569569e-06,1.2633858860253857e-06,1.2635911879632306e-06,1.2637964516773176e-06,1.2640016772542265e-06,1.2642068646521942e-06,1.2644120138932178e-06,1.2646171249845066e-06,1.2648221978917843e-06,1.2650272326597896e-06,1.2652322292069266e-06,1.26543718768014e-06,1.2656421081178065e-06,1.2658469903963706e-06,1.266051834870628e-06,1.2662566417337506e-06,1.2664614096155043e-06,1.2666661394003514e-06,1.2668708310929596e-06,1.2670754847019526e-06,1.2672801002392556e-06,1.2674846776899978e-06,1.2676892171001624e-06,1.267893718516109e-06,1.2680981817460912e-06,1.2683026069808465e-06,1.2685069941415269e-06,1.2687113433335217e-06,1.2689156545036105e-06,1.2691199276579729e-06,1.269324162804631e-06,1.2695283599428908e-06,1.269732519089321e-06,1.2699366402603075e-06,1.2701407234371176e-06,1.2703447685361699e-06,1.2705487754677542e-06,1.2707527448391512e-06,1.2709566761538861e-06,1.271160569455583e-06,1.2713644251220833e-06,1.271568242625418e-06,1.2717720222017164e-06,1.2719757638579024e-06,1.2721794676007692e-06,1.2723831334485639e-06,1.2725867614042904e-06,1.2727903514476876e-06,1.2729939036049445e-06,1.2731974177857003e-06,1.2734008938459923e-06,1.2736043323491595e-06,1.2738077331617744e-06,1.2740110949546949e-06,1.274214419936968e-06,1.2744177070803864e-06,1.2746209563917138e-06,1.274824167879825e-06,1.2750273422138872e-06,1.275230478069396e-06,1.2754335761198619e-06,1.2756366364297318e-06,1.2758396588577117e-06,1.2760426435335926e-06,1.2762455904165583e-06,1.2764484995379462e-06,1.2766513709274676e-06,1.276854204155491e-06,1.2770569995796903e-06,1.2772597574995085e-06,1.2774624778712894e-06,1.277665160613727e-06,1.2778678056125216e-06,1.2780704121289448e-06,1.2782729815730523e-06,1.2784755132362838e-06,1.2786780073248493e-06,1.2788804637058932e-06,1.279082882521795e-06,1.2792852638215383e-06,1.279487607226932e-06,1.2796899128460828e-06,1.2798921808791893e-06,1.280094411392165e-06,1.2802966042025307e-06,1.2804987593209907e-06,1.2807008765483783e-06,1.2809029563518073e-06,1.2811049984912006e-06,1.281307002949426e-06,1.28150897003472e-06,1.2817108995811167e-06,1.281912791485972e-06,1.282114645906021e-06,1.2823164627073487e-06,1.282518241891738e-06,1.2827199834539516e-06,1.2829216873830764e-06,1.2831233537789306e-06,1.2833249828625523e-06,1.2835265738860837e-06,1.2837281270578902e-06,1.2839296434509919e-06,1.2841311222283928e-06,1.2843325634439287e-06,1.2845339673446874e-06,1.2847353336083241e-06,1.2849366640766925e-06,1.285137955611561e-06,1.2853392091443099e-06,1.2855404255379005e-06,1.2857416044281438e-06,1.2859427459297355e-06,1.2861438499582575e-06,1.2863449167353514e-06,1.2865459458873538e-06,1.2867469375601495e-06,1.2869478910033059e-06,1.2871488079886853e-06,1.2873496869912189e-06,1.2875505290906325e-06,1.2877513338488049e-06,1.2879521014232386e-06,1.2881528313800253e-06,1.2883535243223835e-06,1.2885541794826753e-06,1.2887547973038156e-06,1.2889553776921048e-06,1.289155920799661e-06,1.2893564255740206e-06,1.28955689401259e-06,1.2897573246715475e-06,1.2899577184609603e-06,1.290158074951856e-06,1.2903583940454973e-06,1.2905586757252676e-06,1.2907589202842198e-06,1.2909591277408867e-06,1.2911592974946694e-06,1.291359430353081e-06,1.2915595262875423e-06,1.2917595844805912e-06,1.2919596053757681e-06,1.29215958906522e-06,1.2923595354974501e-06,1.2925594450831645e-06,1.2927593170768694e-06,1.2929591519687447e-06,1.2931589493464913e-06,1.2933587098828345e-06,1.2935584330666396e-06,1.2937581188416464e-06,1.2939577672974704e-06,1.2941573788777017e-06,1.2943569529458706e-06,1.294556490153235e-06,1.2947559901267275e-06,1.294955453116995e-06,1.2951548788452213e-06,1.295354267464491e-06,1.295553618963385e-06,1.2957529333346278e-06,1.2959522105852085e-06,1.2961514510031018e-06,1.2963506542907436e-06,1.2965498201330929e-06,1.2967489488496616e-06,1.2969480404416485e-06,1.2971470953044555e-06,1.2973461128098722e-06,1.297545093319218e-06,1.2977440367459287e-06,1.2979429434625714e-06,1.298141812698079e-06,1.2983406449197647e-06,1.2985394401196274e-06,1.298738198604004e-06,1.2989369198230189e-06,1.299135604029406e-06,1.2993342514343075e-06,1.2995328616644324e-06,1.2997314349104068e-06,1.2999299710377536e-06,1.30012847045782e-06,1.3003269327169483e-06,1.3005253580056569e-06,1.300723746331153e-06,1.3009220976377573e-06,1.3011204119969702e-06,1.3013186894898746e-06,1.3015169300242859e-06,1.3017151336467862e-06,1.3019133003475922e-06,1.3021114302165484e-06,1.302309523282418e-06,1.3025075793063889e-06,1.3027055977408088e-06,1.3029035799118712e-06,1.303101525223907e-06,1.3032994336320679e-06,1.303497305199087e-06,1.3036951398974208e-06,1.3038929377184229e-06,1.3040906987110963e-06,1.3042884241355298e-06,1.3044861114058995e-06,1.3046837621499597e-06,1.3048813758126865e-06,1.3050789526293939e-06,1.3052764926678879e-06,1.3054739958974674e-06,1.3056714623313232e-06,1.3058688919898296e-06,1.3060662848176517e-06,1.3062636418052753e-06,1.306460961017536e-06,1.3066582438380707e-06,1.3068554896429462e-06,1.307052698827114e-06,1.307249871219448e-06,1.3074470066710843e-06,1.3076441054207973e-06,1.3078411674894382e-06,1.3080381929723238e-06,1.3082351818783806e-06,1.308432133979743e-06,1.3086290496551233e-06,1.308825928297469e-06,1.309022770194936e-06,1.309219575466927e-06,1.3094163440813523e-06,1.3096130759982735e-06,1.309809771250637e-06,1.3100064298815244e-06,1.3102030518734167e-06,1.3103996375843516e-06,1.310596186652985e-06,1.3107926990899554e-06,1.3109891749076084e-06,1.3111856141192804e-06,1.311382016738936e-06,1.3115783827802014e-06,1.3117747122527977e-06,1.311971004669627e-06,1.312167260529002e-06,1.3123634798484199e-06,1.312559662610269e-06,1.312755808894001e-06,1.3129519185129397e-06,1.3131479914797456e-06,1.3133440280232994e-06,1.3135400280052738e-06,1.3137359915408261e-06,1.3139319185406495e-06,1.3141278090789903e-06,1.3143236629913686e-06,1.3145194804078296e-06,1.314715261319009e-06,1.3149110060932223e-06,1.3151067140606947e-06,1.315302385527272e-06,1.3154980205283615e-06,1.3156936190875877e-06,1.3158891811852527e-06,1.3160847068209462e-06,1.3162801960143667e-06,1.3164756487772552e-06,1.3166710650972838e-06,1.3168664449034967e-06,1.3170617885258115e-06,1.3172570956926478e-06,1.3174523663929253e-06,1.3176476006668042e-06,1.3178427990017144e-06,1.3180379608755714e-06,1.318233086007088e-06,1.3184281747673442e-06,1.318623227163306e-06,1.3188182432017687e-06,1.3190132228894317e-06,1.3192081662329364e-06,1.3194030732388881e-06,1.3195979439138758e-06,1.3197927782644766e-06,1.3199875762972636e-06,1.3201823380188145e-06,1.3203770634357207e-06,1.3205717525545981e-06,1.3207664053821033e-06,1.320961021924958e-06,1.3211556021899764e-06,1.3213501461841297e-06,1.3215446539818453e-06,1.3217391256034006e-06,1.3219335608844798e-06,1.3221279598926208e-06,1.3223223226526432e-06,1.3225166491739863e-06,1.3227109389731044e-06,1.3229051930401133e-06,1.323099410909192e-06,1.3232935925426027e-06,1.3234877379744218e-06,1.3236818472112744e-06,1.323875919609242e-06,1.3240699559928104e-06,1.3242639557420942e-06,1.32445791913714e-06,1.3246518472693505e-06,1.3248457394178153e-06,1.3250395954489058e-06,1.3252334154939693e-06,1.325427199394941e-06,1.3256209470418306e-06,1.3258146585662808e-06,1.3260083345636575e-06,1.326201973091127e-06,1.3263955765617878e-06,1.3265891430544287e-06,1.3267826739644765e-06,1.3269761687697805e-06,1.3271696280973634e-06,1.327363050542865e-06,1.3275564368738527e-06,1.3277497875680562e-06,1.3279431021755521e-06,1.3281363806620124e-06,1.328329624888052e-06,1.3285228313578386e-06,1.3287160034223406e-06,1.3289091385376112e-06,1.3291022370678072e-06,1.3292952994313245e-06,1.3294883257481076e-06,1.3296813161615295e-06,1.3298742705534897e-06,1.3300671890101045e-06,1.3302600714614941e-06,1.3304529180068306e-06,1.3306457285887274e-06,1.3308385039416254e-06,1.331031242471272e-06,1.3312239448844266e-06,1.3314166121220316e-06,1.3316092430667488e-06,1.331801838077226e-06,1.3319943971570793e-06,1.3321869202271356e-06,1.3323794073530555e-06,1.3325718586143176e-06,1.3327642731123692e-06,1.3329566526771815e-06,1.3331489963414028e-06,1.3333413034587596e-06,1.3335335753319488e-06,1.3337258113426502e-06,1.3339180114980944e-06,1.3341101758570756e-06,1.3343023043523667e-06,1.3344943970092187e-06,1.334686453833542e-06,1.334878474799671e-06,1.3350704594799475e-06,1.335262408355915e-06,1.3354543214340567e-06,1.335646198720853e-06,1.3358380402227738e-06,1.3360298459463212e-06,1.3362216158980143e-06,1.3364133500843314e-06,1.3366050485117355e-06,1.3367967111867484e-06,1.3369883381157552e-06,1.337179929305298e-06,1.3373714847618121e-06,1.337563004491775e-06,1.3377544885016404e-06,1.3379459367978831e-06,1.3381373493869469e-06,1.3383287262752766e-06,1.3385200674693226e-06,1.338711372975538e-06,1.3389026428003606e-06,1.339093876950225e-06,1.3392850754315705e-06,1.3394762382508743e-06,1.3396673654144862e-06,1.339858456928907e-06,1.3400495128004945e-06,1.3402405330357275e-06,1.3404315179695848e-06,1.3406224672766179e-06,1.340813380963231e-06,1.3410042590358046e-06,1.3411951015007236e-06,1.3413859083643742e-06,1.3415766796331368e-06,1.3417674153134016e-06,1.3419581154115475e-06,1.342148779933954e-06,1.3423394088869994e-06,1.3425300022770565e-06,1.3427205601105017e-06,1.3429110823937033e-06,1.3431015691330388e-06,1.343292020334873e-06,1.3434824360055726e-06,1.3436728161515046e-06,1.3438631607790231e-06,1.3440534698945052e-06,1.344243743504301e-06,1.3444339816147696e-06,1.3446241843414124e-06,1.3448143515808347e-06,1.345004483375569e-06,1.3451945799332458e-06,1.3453846407952907e-06,1.3455746660911175e-06,1.3457646559318852e-06,1.3459546103239151e-06,1.3461445292735037e-06,1.3463344127869381e-06,1.34652426087049e-06,1.3467140735304303e-06,1.346903850773039e-06,1.3470935926045338e-06,1.3472832990311478e-06,1.3474729700591214e-06,1.347662605374262e-06,1.3478522052568153e-06,1.3480417696933486e-06,1.348231298652891e-06,1.348420792056241e-06,1.3486102495736574e-06,1.3487996723089345e-06,1.3489890594725948e-06,1.3491784115970808e-06,1.349367728528798e-06,1.3495570105727523e-06,1.3497462574866979e-06,1.3499354690442528e-06,1.3501246450453929e-06,1.35031378577658e-06,1.3505028912404007e-06,1.350691961142955e-06,1.3508809957946152e-06,1.3510699954946274e-06,1.351258960165833e-06,1.3514478893293578e-06,1.3516367829287531e-06,1.3518256412498509e-06,1.3520144643062684e-06,1.3522032523947263e-06,1.3523920052301489e-06,1.3525807228190304e-06,1.3527694052864029e-06,1.3529580519692742e-06,1.353146662723116e-06,1.3533352385722791e-06,1.353523779737252e-06,1.3537122858810755e-06,1.3539007572127395e-06,1.3540891933749543e-06,1.3542775943737253e-06,1.3544659602150173e-06,1.3546542909049007e-06,1.3548425864494647e-06,1.3550308469100277e-06,1.3552190722377972e-06,1.355407262447289e-06,1.3555954173703626e-06,1.3557835366422835e-06,1.3559716214160305e-06,1.3561596711895223e-06,1.3563476858630416e-06,1.3565356653221372e-06,1.3567236096976064e-06,1.3569115189957297e-06,1.3570993932227814e-06,1.3572872323850406e-06,1.3574750364887808e-06,1.357662805540275e-06,1.3578505395458128e-06,1.3580382385116608e-06,1.3582259024440898e-06,1.358413531349395e-06,1.3586011252338511e-06,1.358788684103731e-06,1.3589762079653188e-06,1.3591636968248918e-06,1.3593511506887253e-06,1.3595385695631021e-06,1.3597259531747909e-06,1.3599133018082125e-06,1.3601006154698194e-06,1.3602878941660615e-06,1.3604751379034005e-06,1.3606623471058936e-06,1.3608495213626048e-06,1.361036660679882e-06,1.3612237650640773e-06,1.3614108345215488e-06,1.3615978690586636e-06,1.3617848686817959e-06,1.3619718333973358e-06,1.3621587632116842e-06,1.362345658131263e-06,1.362532518162515e-06,1.3627193433087487e-06,1.3629061335585168e-06,1.3630928889241188e-06,1.363279609463541e-06,1.3634662950598916e-06,1.3636529458722382e-06,1.3638395618415668e-06,1.3640261429598238e-06,1.3642126892273608e-06,1.364399200668589e-06,1.3645856772908055e-06,1.3647721191030464e-06,1.3649585262479534e-06,1.365144897964002e-06,1.3653312348141508e-06,1.3655175367366734e-06,1.36570380338611e-06,1.3658900358049632e-06,1.366076233347388e-06,1.366262396093355e-06,1.3664485242592857e-06,1.3666346177544595e-06,1.3668206765519534e-06,1.3670067012360872e-06,1.3671926911259895e-06,1.3673786467471528e-06,1.3675645675568868e-06,1.3677504525266452e-06,1.367936302793007e-06,1.368122118360878e-06,1.3683078992355684e-06,1.3684936454226085e-06,1.368679357210524e-06,1.368865034318632e-06,1.3690506758711199e-06,1.3692362824623615e-06,1.3694218558812033e-06,1.3696073947972995e-06,1.3697928990440186e-06,1.3699783682896873e-06,1.3701638031630283e-06,1.370349204011051e-06,1.3705345703959505e-06,1.3707199003757432e-06,1.3709051968193666e-06,1.371090458714884e-06,1.3712756855420012e-06,1.3714608777796853e-06,1.3716460359098025e-06,1.3718311593906139e-06,1.3720162483059733e-06,1.372201302656614e-06,1.3723863224487546e-06,1.372571307693218e-06,1.3727562583334935e-06,1.3729411747566629e-06,1.3731260569678773e-06,1.3733109045062237e-06,1.3734957173098223e-06,1.3736804953291517e-06,1.373865238988719e-06,1.374049948136384e-06,1.3742346226540618e-06,1.3744192626436132e-06,1.3746038681860705e-06,1.3747884392460546e-06,1.374972975827244e-06,1.375157477929798e-06,1.3753419455400136e-06,1.3755263785282508e-06,1.3757107773107769e-06,1.3758951416397012e-06,1.3760794713740053e-06,1.3762637668461206e-06,1.376448027590244e-06,1.3766322541682586e-06,1.3768164463730605e-06,1.377000604189286e-06,1.3771847277019475e-06,1.3773688170032494e-06,1.3775528716196497e-06,1.3777368918483988e-06,1.3779208778427412e-06,1.3781048294295857e-06,1.3782887466722615e-06,1.3784726295873953e-06,1.3786564781309688e-06,1.3788402923570575e-06,1.3790240722025757e-06,1.379207817756373e-06,1.379391529021911e-06,1.379575206061542e-06,1.3797588486519243e-06,1.3799424568989946e-06,1.3801260311819361e-06,1.3803095708330712e-06,1.3804930761970015e-06,1.3806765472878687e-06,1.3808599841057754e-06,1.3810433866571155e-06,1.381226754945984e-06,1.3814100892908676e-06,1.3815933891049324e-06,1.3817766553110294e-06,1.3819598868960518e-06,1.382143084353173e-06,1.3823262472742478e-06,1.3825093759225238e-06,1.382692470353931e-06,1.3828755306859884e-06,1.3830585567896437e-06,1.3832415486303588e-06,1.3834245062817381e-06,1.3836074298140428e-06,1.3837903192223723e-06,1.3839731744830333e-06,1.3841559956217884e-06,1.3843387824255128e-06,1.3845215350791064e-06,1.3847042536653873e-06,1.3848869381192287e-06,1.3850695884476797e-06,1.3852522046579955e-06,1.3854347867576816e-06,1.3856173347544924e-06,1.3857998486563502e-06,1.3859823282636369e-06,1.3861647737638445e-06,1.3863471851582352e-06,1.3865295624445645e-06,1.3867119056124521e-06,1.3868942148811093e-06,1.3870764902180475e-06,1.3872587314420027e-06,1.3874409385203786e-06,1.387623111507471e-06,1.3878052505000942e-06,1.387987355455818e-06,1.3881694263782624e-06,1.388351463266688e-06,1.388533466098329e-06,1.3887154351186963e-06,1.3888973700393552e-06,1.3890792709624496e-06,1.3892611379011881e-06,1.3894429708095985e-06,1.3896247697860965e-06,1.3898065347930462e-06,1.3899882658240497e-06,1.3901699631953506e-06,1.3903516263118804e-06,1.3905332554325627e-06,1.3907148506715361e-06,1.3908964114276512e-06,1.391077938947809e-06,1.3912594326307375e-06,1.391440892316534e-06,1.3916223179407227e-06,1.3918037096632672e-06,1.3919850674879307e-06,1.3921663914208317e-06,1.3923476814680844e-06,1.3925289376726448e-06,1.3927101599502362e-06,1.392891348411795e-06,1.3930725029616499e-06,1.3932536235900667e-06,1.3934347110575043e-06,1.393615764923555e-06,1.3937967846164366e-06,1.3939777700521471e-06,1.3941587216280008e-06,1.3943396393698055e-06,1.3945205232746212e-06,1.394701373366585e-06,1.3948821900737098e-06,1.3950629725551006e-06,1.3952437212350716e-06,1.395424436157229e-06,1.39560511799389e-06,1.3957857663968579e-06,1.3959663801931287e-06,1.3961469600489045e-06,1.396327505256452e-06,1.3965080176164446e-06,1.3966884962505478e-06,1.3968689396909769e-06,1.3970493509079537e-06,1.3972297284975774e-06,1.3974100723049006e-06,1.397590382211675e-06,1.3977706585893071e-06,1.3979509019747355e-06,1.3981311109608144e-06,1.3983112860770115e-06,1.3984914276986933e-06,1.3986715356581213e-06,1.3988516097876663e-06,1.3990316504057208e-06,1.399211657624623e-06,1.399391631207435e-06,1.3995715708758294e-06,1.3997514768927887e-06,1.3999313493013557e-06,1.4001111880868625e-06,1.4002909932577257e-06,1.4004707647529399e-06,1.4006505027046882e-06,1.400830206902794e-06,1.4010098776534575e-06,1.401189514862967e-06,1.40136911873349e-06,1.4015486889579187e-06,1.4017282261706826e-06,1.4019077291643312e-06,1.4020871981208555e-06,1.4022666335586672e-06,1.4024460356919915e-06,1.4026254043475323e-06,1.4028047390930261e-06,1.4029840404838564e-06,1.4031633086083226e-06,1.4033425431733513e-06,1.4035217450583733e-06,1.403700913001314e-06,1.4038800469643115e-06,1.4040591474444496e-06,1.4042382144651498e-06,1.4044172480552203e-06,1.4045962482373177e-06,1.4047752149716355e-06,1.4049541485496801e-06,1.4051330478487836e-06,1.4053119140423876e-06,1.4054907467146163e-06,1.4056695460773555e-06,1.4058483120637836e-06,1.406027044677547e-06,1.406205743881787e-06,1.4063844096565436e-06,1.4065630420658784e-06,1.4067416410411188e-06,1.4069202070535443e-06,1.4070987393129963e-06,1.4072772380802353e-06,1.4074557033984706e-06,1.4076341354702061e-06,1.4078125337367784e-06,1.4079909000041783e-06,1.4081692317798749e-06,1.408347530334382e-06,1.4085257953854201e-06,1.4087040273722018e-06,1.4088822260566545e-06,1.4090603912267289e-06,1.4092385232411586e-06,1.4094166219559297e-06,1.4095946873872043e-06,1.4097727195229089e-06,1.4099507183417858e-06,1.4101286838797977e-06,1.4103066162036489e-06,1.4104845153498726e-06,1.4106623809152341e-06,1.4108402134828602e-06,1.4110180126983275e-06,1.411195778684739e-06,1.4113735115335318e-06,1.4115512110408299e-06,1.411728877325688e-06,1.4119065103589364e-06,1.412084110174041e-06,1.4122616767032535e-06,1.4124392101004163e-06,1.4126167102976015e-06,1.4127941772994977e-06,1.4129716111135893e-06,1.4131490117458914e-06,1.4133263792023729e-06,1.413503713488992e-06,1.4136810145890026e-06,1.4138582825485055e-06,1.414035517670193e-06,1.4142127192906047e-06,1.4143898877269694e-06,1.4145670231155839e-06,1.4147441251026632e-06,1.4149211942704966e-06,1.4150982303149393e-06,1.4152752332476274e-06,1.4154522030738524e-06,1.4156291397986006e-06,1.4158060434219847e-06,1.4159829126597056e-06,1.4161597501202651e-06,1.4163365541235894e-06,1.4165133250823492e-06,1.41669006329469e-06,1.4168667685015023e-06,1.417043440437719e-06,1.41722007942053e-06,1.4173966854784856e-06,1.417573258483843e-06,1.4177497984952157e-06,1.4179263054758428e-06,1.4181027794440804e-06,1.4182792204297183e-06,1.418455628368729e-06,1.4186320033095071e-06,1.4188083451973864e-06,1.4189846541299782e-06,1.4191609306462775e-06,1.4193371737921653e-06,1.419513383987611e-06,1.4196895605603281e-06,1.4198657047131677e-06,1.4200418159610403e-06,1.4202178942292597e-06,1.4203939395644093e-06,1.4205699520774333e-06,1.4207459315397665e-06,1.4209218780900703e-06,1.4210977917235215e-06,1.4212736724914166e-06,1.421449519945614e-06,1.4216253350171511e-06,1.421801117125297e-06,1.4219768659781845e-06,1.4221525818573256e-06,1.4223282654181715e-06,1.4225039160834846e-06,1.422679533685024e-06,1.422855118424982e-06,1.423030670459788e-06,1.4232061900667784e-06,1.4233816764101942e-06,1.4235571299233343e-06,1.4237325507711015e-06,1.4239079384344646e-06,1.4240832935549882e-06,1.4242586156699433e-06,1.4244339055324141e-06,1.4246091620815511e-06,1.424784385807601e-06,1.42495957685121e-06,1.4251347352217914e-06,1.425309860792385e-06,1.4254849535858451e-06,1.4256600130812667e-06,1.4258350399081152e-06,1.4260100341462946e-06,1.4261849958975367e-06,1.4263599247747884e-06,1.426534820992104e-06,1.42670968549816e-06,1.4268845170675726e-06,1.4270593153238323e-06,1.4272340808528775e-06,1.4274088136384684e-06,1.4275835137135072e-06,1.42775818106039e-06,1.4279328157014733e-06,1.4281074175856964e-06,1.4282819867857893e-06,1.42845652333767e-06,1.4286310273295663e-06,1.4288054985365223e-06,1.4289799372583639e-06,1.4291543432121196e-06,1.4293287156404498e-06,1.4295030560651835e-06,1.4296773638949784e-06,1.429851639441343e-06,1.4300258824503079e-06,1.430200092827275e-06,1.4303742709487654e-06,1.4305484159286535e-06,1.430722528306634e-06,1.430896608343953e-06,1.4310706557845972e-06,1.431244670643434e-06,1.43141865295032e-06,1.4315926026967996e-06,1.4317665197474174e-06,1.4319404049511081e-06,1.4321142572019163e-06,1.432288076590069e-06,1.432461863535428e-06,1.4326356181589954e-06,1.4328093401863145e-06,1.4329830296154218e-06,1.4331566868228939e-06,1.433330311156917e-06,1.4335039031765494e-06,1.4336774626690384e-06,1.4338509897092966e-06,1.4340244844221657e-06,1.4341979465261772e-06,1.4343713761646009e-06,1.4345447735046526e-06,1.434718138245667e-06,1.4348914706810204e-06,1.4350647711867337e-06,1.4352380386096716e-06,1.435411273640413e-06,1.4355844760996541e-06,1.4357576460120005e-06,1.4359307837517492e-06,1.43610388911075e-06,1.4362769622674521e-06,1.4364500036422915e-06,1.436623011789867e-06,1.4367959876157952e-06,1.4369689311205298e-06,1.4371418420487503e-06,1.4373147204548783e-06,1.437487566726428e-06,1.4376603807018658e-06,1.4378331621043052e-06,1.438005911124287e-06,1.438178628430597e-06,1.4383513131980748e-06,1.4385239655133753e-06,1.438696585719023e-06,1.4388691734028906e-06,1.4390417287757099e-06,1.4392142515791908e-06,1.4393867424069776e-06,1.4395592009123898e-06,1.4397316277504983e-06,1.4399040217588956e-06,1.4400763831534713e-06,1.4402487128366438e-06,1.4404210098092062e-06,1.4405932747227884e-06,1.440765507371207e-06,1.440937707809364e-06,1.441109875983885e-06,1.4412820119269579e-06,1.441454115652935e-06,1.4416261862585706e-06,1.4417982253382928e-06,1.4419702324316996e-06,1.4421422077146409e-06,1.4423141504171451e-06,1.4424860608003009e-06,1.4426579397991476e-06,1.442829785991163e-06,1.4430015999743043e-06,1.4431733816204877e-06,1.4433451313187045e-06,1.4435168478271658e-06,1.443688533098623e-06,1.4438601863567398e-06,1.4440318073084658e-06,1.4442033962893457e-06,1.444374953106637e-06,1.444546477820686e-06,1.4447179704335933e-06,1.4448894309798425e-06,1.4450608600334134e-06,1.4452322562877454e-06,1.4454036203477254e-06,1.4455749524889876e-06,1.4457462525653954e-06,1.4459175205577219e-06,1.4460887565114608e-06,1.4462599605648088e-06,1.446431132485538e-06,1.446602272255837e-06,1.4467733799920693e-06,1.4469444557358561e-06,1.4471154994766888e-06,1.4472865111127968e-06,1.4474574907375714e-06,1.4476284382161043e-06,1.4477993538058458e-06,1.4479702372613013e-06,1.4481410888721802e-06,1.4483119084920897e-06,1.4484826960497288e-06,1.4486534516139579e-06,1.448824174906626e-06,1.4489948666249147e-06,1.4491655263020832e-06,1.4493361534057104e-06,1.449506749276552e-06,1.4496773138331954e-06,1.4498478456774094e-06,1.450018345726354e-06,1.450188813919808e-06,1.4503592500780409e-06,1.4505296542548283e-06,1.4507000261663524e-06,1.450870366624893e-06,1.451040675192314e-06,1.4512109518485385e-06,1.4513811964378387e-06,1.451551408634981e-06,1.4517215896433593e-06,1.4518917388312332e-06,1.4520618561401625e-06,1.4522319417077038e-06,1.4524019953294418e-06,1.452572017522895e-06,1.4527420074104282e-06,1.4529119655155805e-06,1.4530818917933653e-06,1.4532517862238521e-06,1.453421648633966e-06,1.4535914794230259e-06,1.4537612784299123e-06,1.45393104520821e-06,1.454100780620859e-06,1.454270484271811e-06,1.4544401561420296e-06,1.4546097950467629e-06,1.454779403385949e-06,1.4549489798705177e-06,1.4551185246667048e-06,1.4552880376982802e-06,1.4554575188804572e-06,1.4556269684419819e-06,1.4557963862566454e-06,1.4559657723871136e-06,1.4561351268099901e-06,1.4563044495532579e-06,1.4564737405395403e-06,1.4566430002104306e-06,1.4568122277754684e-06,1.4569814236197446e-06,1.4571505872972673e-06,1.4573197194370856e-06,1.4574888202711883e-06,1.4576578894364492e-06,1.4578269269444747e-06,1.4579959328071797e-06,1.4581649073329777e-06,1.4583338497897781e-06,1.4585027605852745e-06,1.4586716401945528e-06,1.4588404877038284e-06,1.4590093036851869e-06,1.4591780880357728e-06,1.4593468408371324e-06,1.4595155618836015e-06,1.4596842514274246e-06,1.4598529094823407e-06,1.460021535817904e-06,1.4601901297123112e-06,1.4603586927051504e-06,1.460527224320957e-06,1.460695724754321e-06,1.4608641933094077e-06,1.4610326298048759e-06,1.4612010352080797e-06,1.4613694090839136e-06,1.461537751357735e-06,1.461706062044564e-06,1.461874341270796e-06,1.4620425889531908e-06,1.4622108051537336e-06,1.462378989837908e-06,1.4625471417661606e-06,1.4627152634512032e-06,1.462883353682807e-06,1.4630514128599548e-06,1.4632194400669864e-06,1.4633874357912923e-06,1.4635554000393737e-06,1.4637233328091632e-06,1.4638912341402649e-06,1.4640591040180564e-06,1.464226942448158e-06
10,0.0,0.0,0.0,0.0,0.0,0.0,0.0,0.0,0.0,0.0,0.0,0.0,0.0,0.0,0.0,0.0,0.0,0.0,0.0,0.0,0.0,0.0,0.0,0.0,0.0,0.0,0.0,0.0,0.0,0.0,0.0,0.0,0.0,0.0,0.0,0.0,0.0,0.0,0.0,0.0,0.0,0.0,0.0,0.0,0.0,0.0,0.0,0.0,0.0,0.0,0.0,0.0,0.0,0.0,0.0,0.0,0.0,0.0,0.0,0.0,0.0,0.0,0.0,0.0,0.0,0.0,0.0,0.0,0.0,0.0,0.0,0.0,0.0,0.0,0.0,0.0,0.0,0.0,0.0,0.0,0.0,0.0,0.0,0.0,0.0,0.0,0.0,0.0,0.0,0.0,0.0,0.0,0.0,0.0,0.0,0.0,0.0,0.0,0.0,0.0,0.0,0.0,0.0,0.0,0.0,0.0,0.0,0.0,0.0,0.0,0.0,0.0,0.0,0.0,0.0,0.0,0.0,0.0,0.0,0.0,0.0,0.0,0.0,0.0,0.0,0.0,0.0,0.0,0.0,0.0,0.0,0.0,0.0,0.0,0.0,0.0,0.0,0.0,0.0,0.0,0.0,0.0,0.0,0.0,0.0,0.0,0.0,0.0,0.0,0.0,0.0,0.0,0.0,0.0,0.0,0.0,0.0,0.0,0.0,0.0,0.0,0.0,0.0,0.0,0.0,0.0,0.0,0.0,0.0,0.0,0.0,0.0,0.0,0.0,0.0,0.0,0.0,0.0,0.0,0.0,0.0,0.0,0.0,0.0,0.0,0.0,0.0,0.0,0.0,0.0,0.0,0.0,0.0,0.0,0.0,0.0,0.0,0.0,0.0,0.0,0.0,0.0,0.0,0.0,0.0,0.0,0.0,0.0,0.0,0.0,0.0,0.0,0.0,0.0,0.0,0.0,0.0,0.0,0.0,0.0,0.0,0.0,0.0,0.0,0.0,0.0,0.0,0.0,0.0,0.0,0.0,0.0,0.0,0.0,0.0,0.0,0.0,0.0,0.0,0.0,0.0,0.0,0.0,0.0,0.0,0.0,0.0,0.0,0.0,0.0,0.0,0.0,0.0,0.0,0.0,0.0,0.0,0.0,0.0,0.0,0.0,0.0,0.0,0.0,0.0,0.0,0.0,0.0,0.0,0.0,0.0,0.0,0.0,0.0,0.0,0.0,0.0,0.0,0.0,0.0,0.0,0.0,0.0,0.0,0.0,0.0,0.0,0.0,0.0,0.0,0.0,0.0,0.0,0.0,0.0,0.0,0.0,0.0,0.0,0.0,0.0,0.0,0.0,0.0,0.0,0.0,0.0,0.0,0.0,0.0,0.0,0.0,0.0,0.0,0.0,0.0,0.0,0.0,0.0,0.0,0.0,0.0,0.0,0.0,0.0,0.0,0.0,0.0,0.0,0.0,0.0,0.0,0.0,0.0,0.0,0.0,0.0,0.0,0.0,0.0,0.0,0.0,0.0,0.0,0.0,0.0,0.0,0.0,0.0,0.0,0.0,0.0,0.0,0.0,0.0,0.0,0.0,0.0,0.0,0.0,0.0,0.0,0.0,0.0,0.0,0.0,0.0,0.0,0.0,0.0,0.0,0.0,0.0,0.0,0.0,0.0,0.0,0.0,0.0,0.0,0.0,0.0,0.0,0.0,0.0,0.0,0.0,0.0,0.0,0.0,0.0,0.0,0.0,0.0,0.0,0.0,0.0,0.0,0.0,0.0,0.0,0.0,0.0,0.0,0.0,0.0,0.0,0.0,0.0,0.0,0.0,0.0,0.0,0.0,0.0,0.0,0.0,0.0,0.0,0.0,0.0,0.0,0.0,0.0,0.0,0.0,0.0,0.0,0.0,0.0,0.0,0.0,0.0,0.0,0.0,0.0,0.0,0.0,0.0,0.0,0.0,0.0,0.0,0.0,0.0,0.0,0.0,0.0,0.0,0.0,0.0,0.0,0.0,0.0,0.0,0.0,0.0,0.0,0.0,0.0,0.0,0.0,0.0,0.0,0.0,0.0,0.0,0.0,0.0,0.0,0.0,0.0,0.0,0.0,0.0,0.0,0.0,0.0,0.0,0.0,0.0,0.0,0.0,0.0,0.0,0.0,0.0,0.0,0.0,0.0,0.0,0.0,0.0,0.0,0.0,0.0,0.0,0.0,0.0,0.0,0.0,0.0,0.0,0.0,0.0,0.0,0.0,0.0,0.0,0.0,0.0,0.0,0.0,0.0,0.0,0.0,0.0,0.0,0.0,0.0,0.0,0.0,0.0,0.0,0.0,0.0,0.0,0.0,0.0,0.0,0.0,0.0,0.0,0.0,0.0,0.0,0.0,0.0,0.0,0.0,0.0,0.0,0.0,0.0,0.0,0.0,0.0,0.0,0.0,0.0,0.0,0.0,0.0,0.0,0.0,0.0,0.0,0.0,0.0,0.0,0.0,0.0,0.0,0.0,0.0,0.0,0.0,0.0,0.0,0.0,0.0,0.0,0.0,0.0,0.0,0.0,0.0,0.0,0.0,0.0,0.0,0.0,0.0,0.0,0.0,0.0,0.0,0.0,0.0,0.0,0.0,0.0,0.0,0.0,0.0,0.0,0.0,0.0,0.0,0.0,0.0,0.0,0.0,0.0,0.0,0.0,0.0,0.0,0.0,0.0,0.0,0.0,0.0,0.0,0.0,0.0,0.0,0.0,0.0,0.0,0.0,0.0,0.0,0.0,0.0,0.0,0.0,0.0,0.0,0.0,0.0,0.0,0.0,0.0,0.0,0.0,0.0,0.0,0.0,0.0,0.0,0.0,0.0,0.0,0.0,0.0,0.0,0.0,0.0,0.0,0.0,0.0,0.0,0.0,0.0,0.0,0.0,0.0,0.0,0.0,0.0,0.0,0.0,0.0,0.0,0.0,0.0,0.0,0.0,0.0,0.0,0.0,0.0,0.0,0.0,0.0,0.0,0.0,0.0,0.0,0.0,0.0,0.0,0.0,0.0,0.0,0.0,0.0,0.0,0.0,0.0,0.0,0.0,0.0,0.0,0.0,0.0,0.0,0.0,0.0,0.0,0.0,0.0,0.0,0.0,0.0,0.0,0.0,0.0,0.0,0.0,0.0,0.0,0.0,0.0,0.0,0.0,0.0,0.0,0.0,0.0,0.0,0.0,0.0,0.0,0.0,0.0,0.0,0.0,0.0,0.0,0.0,0.0,0.0,0.0,0.0,0.0,0.0,0.0,0.0,0.0,0.0,0.0,0.0,0.0,0.0,0.0,0.0,0.0,0.0,0.0,0.0,0.0,0.0,0.0,0.0,0.0,0.0,0.0,0.0,0.0,0.0,0.0,0.0,0.0,0.0,0.0,0.0,0.0,0.0,0.0,0.0,0.0,0.0,0.0,0.0,0.0,0.0,0.0,0.0,0.0,0.0,0.0,0.0,0.0,0.0,0.0,0.0,0.0,0.0,0.0,0.0,0.0,0.0,0.0,0.0,0.0,0.0,0.0,0.0,0.0,0.0,0.0,0.0,0.0,0.0,0.0,0.0,0.0,0.0,0.0,0.0,0.0,0.0,0.0,0.0,0.0,0.0,0.0,0.0,0.0,0.0,0.0,0.0,0.0,0.0,0.0,0.0,0.0,0.0,0.0,0.0,0.0,0.0,0.0,0.0,0.0,0.0,0.0,0.0,0.0,0.0,0.0,0.0,0.0,0.0,0.0,0.0,0.0,0.0,0.0,0.0,0.0,0.0,0.0,0.0,0.0,0.0,0.0,0.0,0.0,0.0,0.0,0.0,0.0,0.0,0.0,0.0,0.0,0.0,0.0,0.0,0.0,0.0,0.0,0.0,0.0,0.0,0.0,0.0,0.0,0.0,0.0,0.0,0.0,0.0,0.0,0.0,0.0,0.0,0.0,0.0,0.0,0.0,0.0,0.0,0.0,0.0,0.0,0.0,0.0,0.0,0.0,0.0,0.0,0.0,0.0,0.0,0.0,0.0,0.0,0.0,0.0,0.0,0.0,0.0,0.0,0.0,0.0,0.0,0.0,0.0,0.0,0.0,0.0,0.0,0.0,0.0,0.0,0.0,0.0,0.0,0.0,0.0,0.0,0.0,0.0,0.0,0.0,0.0,0.0,0.0,0.0,0.0,0.0,0.0,0.0,0.0,0.0,0.0,0.0,0.0,0.0,0.0,0.0,0.0,0.0,0.0,0.0,0.0,0.0,0.0,0.0,0.0,0.0,0.0,0.0,0.0,0.0,0.0,0.0,0.0,0.0,0.0,0.0,0.0,0.0,0.0,0.0,0.0,0.0,0.0,0.0,0.0,0.0,0.0,0.0,0.0,0.0,0.0,0.0,0.0,0.0,0.0,0.0,0.0,0.0,0.0,0.0,0.0,3.97731320433388e-24,8.140243801973472e-24,1.2488096649131062e-23,1.7022415615208755e-23,2.174658304531336e-23,2.66655106004925e-23,3.178540617610635e-23,3.7113602524170506e-23,4.265843521831356e-23,4.842915972880733e-23,5.443589944399322e-23,6.068961823682231e-23,6.720211269360832e-23,7.398602025548576e-23,8.105484053025483e-23,8.84229677655168e-23,9.61057330448748e-23,1.0411945528564965e-22,1.1248150037808284e-22,1.2121034825789126e-22,1.3032566777621693e-22,1.3984839954584434e-22,1.4980084704284431e-22,1.602067764214238e-22,1.710915256296114e-22,1.8248212353903843e-22,1.9440741992016518e-22,2.0689822724367864e-22,2.199874754054485e-22,2.337103806306395e-22,2.481046299527836e-22,2.6321058285001524e-22,2.7907149181237183e-22,2.9573374380944615e-22,3.1324712488261653e-22,3.3166511038908954e-22,3.5104518356411944e-22,3.7144918571919467e-22,3.9294370145615694e-22,4.1560048286655196e-22,4.394969173140034e-22,4.647165436572392e-22,4.913496227138859e-22,5.194937683968897e-22,5.4925464676422295e-22,5.807467512794017e-22,6.1409426369611815e-22,6.494320112510516e-22,6.869065322868921e-22,7.266772644288854e-22,7.689178708533064e-22,8.138177233249113e-22,8.615835625177834e-22,9.124413599738492e-22,9.666384091816107e-22,1.0244456779198583e-21,1.086160458546172e-21,1.1521093593892292e-21,1.2226516866808975e-21,1.2981832749629997e-21,1.37914083337262e-21,1.4660068865905632e-21,1.5593154027556515e-21,1.6596582166350336e-21,1.7676923758793142e-21,1.8841485600115234e-21,2.0098407516814436e-21,2.145677369720622e-21,2.292674116456131e-21,2.4519688384752574e-21,2.6248387596442263e-21,2.8127205168100447e-21,3.0172335169563383e-21,3.2402072405092197e-21,3.483713252070871e-21,3.750102839625809e-21,4.0420514107332374e-21,4.362611026427546e-21,4.715272772521243e-21,5.104041067963509e-21,5.533522514988361e-21,6.009032537153983e-21,6.536723869037701e-21,7.123742009427073e-21,7.778414101020541e-21,8.510479448087373e-21,9.331372169630577e-21,1.0254569471168938e-20,1.1296022974751708e-20,1.2474695782595052e-20,1.3813234982925268e-20,1.5338818752827587e-20,1.708423006876255e-20,1.9089226620255186e-20,2.1402300815941523e-20,2.4082957607196478e-20,2.7204685455588794e-20,3.0858863394642955e-20,3.5159944226610895e-20,4.0252394868073545e-20,4.6320082050009144e-20,5.3599099812297324e-20,6.239550033613947e-20,7.311010124377776e-20,8.627364853816797e-20,1.0259736175926399e-19,1.2304669838046818e-19,1.4895078161898373e-19,1.8216764554507037e-19,2.25338644424713e-19,2.8228850005346816e-19,3.586690832154802e-19,4.630221076932238e-19,6.085832077054992e-19,8.16441135832715e-19,1.1212638816941166e-18,1.5820834305603518e-18,2.3034978515723955e-18,3.479400831231988e-18,5.488150265956724e-18,9.11247168871806e-18,1.6082430804604745e-17,3.051635940366133e-17,6.304488672943951e-17,1.435127696653135e-16,3.625116614809162e-16,1.0108832527679275e-15,3.0332681122355624e-15,9.340076514684098e-15,2.7885351233351543e-14,7.71231098409492e-14,1.9339820088006674e-13,4.4058603717328514e-13,9.267982013925624e-13,1.8356692117620167e-12,3.471981841356305e-12,6.304607186978449e-12,1.0977596294658346e-11,1.826599936206153e-11,2.8976554950637698e-11,4.3820634790420416e-11,6.330019767257746e-11,8.76395235772075e-11,1.1677400782319763e-10,1.5038681868193873e-10,1.8797376692028875e-10,2.2891647052555705e-10,2.725493788831827e-10,3.182129926929579e-10,3.652911127535843e-10,4.1323338786738443e-10,4.6156604198629043e-10,5.098940269391083e-10,5.578975325849285e-10,6.053251940813774e-10,6.519857068222214e-10,6.977390095154218e-10,7.424877625305589e-10,7.861695346233561e-10,8.287498941232083e-10,8.702164612859964e-10,9.105738931201607e-10,9.498397256387098e-10,9.88040976448185e-10,1.025211404272659e-09,1.0613893253871598e-09,1.0966158948723403e-09,1.1309337709140358e-09,1.1643860916091189e-09,1.1970157041262393e-09,1.2288645959878519e-09,1.2599734868398276e-09,1.2903815465011847e-09,1.320126211556407e-09,1.3492430780122307e-09,1.3777658519678552e-09,1.405726343995347e-09,1.4331544957975246e-09,1.4600784299857208e-09,1.486524516489841e-09,1.5125174494535032e-09,1.5380803309244512e-09,1.5632347580537732e-09,1.588000910736164e-09,1.612397639728409e-09,1.6364425514745034e-09,1.6601520906407956e-09,1.6835416189367176e-09,1.7066254900478293e-09,1.7294171203627778e-09,1.7519290555400044e-09,1.7741730326748971e-09,1.7943330847714243e-09,1.8160942295326762e-09,1.8376175248609455e-09,1.8589120677387714e-09,1.879986395997997e-09,1.9008485286509714e-09,1.9215060027507017e-09,1.9419659079658816e-09,1.962234918890357e-09,1.9823193239920333e-09,2.002225052609744e-09,2.0219577007991156e-09,2.0415225548878414e-09,2.0609246101619194e-09,2.08016859348812e-09,2.0992589803934216e-09,2.1182000122335215e-09,2.1369957115626613e-09,2.155649896543548e-09,2.174166194264924e-09,2.192548053118341e-09,2.210798754135869e-09,2.228921421595729e-09,2.246919032794947e-09,2.26479442726112e-09,2.2825503148348364e-09,2.3001892838828753e-09,2.317713808472684e-09,2.3351262550042024e-09,2.3524288886297436e-09,2.3696238790690287e-09,2.3867133061310488e-09,2.403699164563832e-09,2.4205833691375507e-09,2.4373677588797036e-09,2.4540541011959943e-09,2.4706440960177587e-09,2.4871393787347974e-09,2.5035415245320816e-09,2.519852050795723e-09,2.536072420406896e-09,2.55220404452554e-09,2.5682482851598264e-09,2.5842064575552702e-09,2.600079832620987e-09,2.615869639179007e-09,2.6315770655162577e-09,2.647203261889857e-09,2.662749342106741e-09,2.678216385235129e-09,2.6936054371361826e-09,2.7089175119917434e-09,2.724153594030011e-09,2.7393146383964054e-09,2.7544015728149e-09,2.769415298432186e-09,2.7843566915013105e-09,2.7992266036161237e-09,2.8140258637407897e-09,2.8287552785732335e-09,2.8434156335336323e-09,2.858007693694864e-09,2.8725322046753014e-09,2.8869898931277828e-09,2.9013814679311083e-09,2.915707620607063e-09,2.929969026056489e-09,2.944166343216458e-09,2.958300215900718e-09,2.9723712723104335e-09,2.986380127394515e-09,3.0003273817791042e-09,3.0142136232420203e-09,3.0280394266613927e-09,3.0418053546465945e-09,3.0555119580849834e-09,3.0691597762250256e-09,3.082749337595584e-09,3.096281159827694e-09,3.109755750310798e-09,3.1231736066716426e-09,3.1365352167652505e-09,3.149841059187024e-09,3.1630916036031518e-09,3.1762873109893785e-09,3.189428633825152e-09,3.2025160165769143e-09,3.215549895694514e-09,3.2285307000493877e-09,3.2414588510920456e-09,3.2543347630621407e-09,3.2671588432950193e-09,3.2799314923079126e-09,3.292653104008537e-09,3.3053240661090765e-09,3.3179447599914316e-09,3.330515561054686e-09,3.343036838868597e-09,3.3555089573241684e-09,3.3679322748211527e-09,3.3803071444116263e-09,3.3926339137750992e-09,3.404912925750182e-09,3.417144517965101e-09,3.429329023470795e-09,3.441466770462466e-09,3.4535580827393227e-09,3.4656032794605714e-09,3.4776026755665675e-09,3.489556581723562e-09,3.501465304502992e-09,3.5133291463815353e-09,3.52514840605611e-09,3.5369233782444808e-09,3.548654353978931e-09,3.5603416206458253e-09,3.57198546211092e-09,3.583586158536995e-09,3.595143986919291e-09,3.606659220863833e-09,3.618132130687312e-09,3.629562983529168e-09,3.6409520434404926e-09,3.6522995713791614e-09,3.663605825404834e-09,3.674871060578355e-09,3.686095529144821e-09,3.697279480501475e-09,3.70842316144626e-09,3.7195268158849607e-09,3.730590685220892e-09,3.7416150081312866e-09,3.752600021172434e-09,3.763545958013049e-09,3.774453050030504e-09,3.785321526185732e-09,3.796151613203263e-09,3.806943535428823e-09,3.817697514982899e-09,3.828413771931595e-09,3.839092523525613e-09,3.849733985710636e-09,3.860338371945769e-09,3.870905893684705e-09,3.881436760377555e-09,3.891931179442894e-09,3.902389356430931e-09,3.912811494918048e-09,3.923197796624289e-09,3.9335484613231925e-09,3.943863687120312e-09,3.954143670243343e-09,3.964388605148881e-09,3.974598684561382e-09,3.98477409954635e-09,3.9949150394252095e-09,4.005021691854141e-09,4.015094242945058e-09,4.025132877165496e-09,4.0351377773671e-09,4.0451091248824134e-09,4.055047099493538e-09,4.064951879495803e-09,4.074823641815151e-09,4.084662561488249e-09,4.094468812528175e-09,4.104242567348532e-09,4.113983997045797e-09,4.123693271281483e-09,4.133370558417575e-09,4.143016025321339e-09,4.152629837624037e-09,4.162212159653924e-09,4.171763154380821e-09,4.18128298377977e-09,4.190771808074816e-09,4.200229786473733e-09,4.2096570770156915e-09,4.2190538364248985e-09,4.22842022037779e-09,4.237756383289065e-09,4.247062478413115e-09,4.256338657769882e-09,4.265585072412429e-09,4.274801872138943e-09,4.283989205698181e-09,4.293147220684341e-09,4.302276063620089e-09,4.311375879997402e-09,4.320446814273794e-09,4.3294890097679705e-09,4.3385026088045355e-09,4.3474877526941256e-09,4.356444581682921e-09,4.365373235179971e-09,4.374273851410179e-09,4.383146567591581e-09,4.3919915203419805e-09,4.400808844940819e-09,4.409598675869089e-09,4.418361146628283e-09,4.4270963898191196e-09,4.435804537128855e-09,4.444485719334545e-09,4.453140066324319e-09,4.461767707086578e-09,4.470368769797738e-09,4.478943381647137e-09,4.487491668789831e-09,4.496013757243508e-09,4.504509771480283e-09,4.512979835369677e-09,4.521424071944041e-09,4.529842603425985e-09,4.538235551238406e-09,4.546603036163367e-09,4.554945177840141e-09,4.5632620951163654e-09,4.5715539064189914e-09,4.579820729242464e-09,4.586883345450738e-09,4.595103459145419e-09,4.6032989217684656e-09,4.6114698477941855e-09,4.6196163509841715e-09,4.627738544350568e-09,4.635836540196151e-09,4.643910450026597e-09,4.651960384925747e-09,4.659986454980197e-09,4.667988769670305e-09,4.675967437790413e-09,4.683922567520441e-09,4.691854266215362e-09,4.699762640701755e-09,4.707647797056432e-09,4.715509840744325e-09,4.72334887655102e-09,4.7311650087090265e-09,4.738958340651931e-09,4.746728975184498e-09,4.754477014624975e-09,4.7622025605282985e-09,4.769905713988843e-09,4.777586575359608e-09,4.7852452443656815e-09,4.792881820200657e-09,4.800496401434205e-09,4.808089086031736e-09,4.815659971378366e-09,4.823209154239942e-09,4.830736730733877e-09,4.838242796764098e-09,4.845727447305548e-09,4.853190776827647e-09,4.860632879278034e-09,4.868053847917552e-09,4.875453775817349e-09,4.882832755147148e-09,4.89019087764848e-09,4.897528234543007e-09,4.9048449164591795e-09,4.912141013552376e-09,4.919416615425799e-09,4.926671811197661e-09,4.933906689407348e-09,4.941121338107934e-09,4.948315844820158e-09,4.955490296601919e-09,4.962644779985842e-09,4.969779381001233e-09,4.976894185188731e-09,4.983989277594412e-09,4.991064742776487e-09,4.9981206647612315e-09,5.005157127180041e-09,5.012174213215e-09,5.019172005455402e-09,5.0261505860469725e-09,5.033110036722893e-09,5.040050438727374e-09,5.046971872845149e-09,5.053874419629363e-09,5.060758158728515e-09,5.067623169570869e-09,5.074469530944763e-09,5.081297321418792e-09,5.088106619367984e-09,5.0948975024475355e-09,5.101670047639651e-09,5.108424331936253e-09,5.115160431605193e-09,5.1218784225232864e-09,5.128578380329146e-09,5.135260380276452e-09,5.141924496908457e-09,5.148570804511966e-09,5.155199376925216e-09,5.161810287639568e-09,5.168403609734606e-09,5.1749794158400315e-09,5.181537778234672e-09,5.188078768773959e-09,5.194602458937895e-09,5.201108919811998e-09,5.207598222094116e-09,5.214070436186731e-09,5.220525631970218e-09,5.2269638789571095e-09,5.233385246325931e-09,5.2397898028809056e-09,5.2461776170562755e-09,5.252548756917477e-09,5.258903290047302e-09,5.265241283897499e-09,5.27156280544176e-09,5.277867921294202e-09,5.284156697734186e-09,5.290429200639227e-09,5.296685495570854e-09,5.302925647728899e-09,5.309149721965623e-09,5.315357782803675e-09,5.321549894407821e-09,5.327726120591178e-09,5.33388652488164e-09,5.340031170378047e-09,5.346160119943388e-09,5.352273436079189e-09,5.35837118098606e-09,5.364453416460907e-09,5.3705202039957975e-09,5.3765716047768935e-09,5.3826076797321336e-09,5.388628489393802e-09,5.394634093997004e-09,5.400624553451989e-09,5.406599927374377e-09,5.412560275049678e-09,5.418505655470019e-09,5.424436127488564e-09,5.430351749214992e-09,5.4362525788692545e-09,5.442138674244848e-09,5.448010092819012e-09,5.453866891716729e-09,5.459709127928975e-09,5.465536857931609e-09,5.47135013810145e-09,5.477149024469075e-09,5.482933572763381e-09,5.488703838429425e-09,5.494459876671195e-09,5.500201742317464e-09,5.505929489996155e-09,5.511643174059848e-09,5.51734284852029e-09,5.523028567138976e-09,5.528700383480378e-09,5.534358350752232e-09,5.540002521917616e-09,5.545632949674844e-09,5.551249686449409e-09,5.5568527844167866e-09,5.56244229547346e-09,5.568018271267067e-09,5.573580763194389e-09,5.579129822371369e-09,5.5846654996723845e-09,5.5901878457101465e-09,5.595696910848263e-09,5.601192745196885e-09,5.606675398619197e-09,5.612144920727188e-09,5.61760136089014e-09,5.623044768225409e-09,5.628475191617426e-09,5.633892679706796e-09,5.639297280891179e-09,5.644689043319141e-09,5.650068014898462e-09,5.655434243319686e-09,5.660787776028831e-09,5.666128660241288e-09,5.6714569429384386e-09,5.6767726708770415e-09,5.682075890611985e-09,5.687366648333864e-09,5.692644990230804e-09,5.697910962094268e-09,5.70316460945787e-09,5.708405977835601e-09,5.713635112363835e-09,5.718852057977703e-09,5.724056859422946e-09,5.729249561229653e-09,5.734430207774384e-09,5.739598842997304e-09,5.744755510835905e-09,5.7499002549617865e-09,5.755033118827462e-09,5.760154145665211e-09,5.76526337853285e-09,5.770360860244999e-09,5.775446633423409e-09,5.7805207404852955e-09,5.785583223643164e-09,5.790634124901983e-09,5.795673486086512e-09,5.800701348805735e-09,5.80571775446546e-09,5.810722744292746e-09,5.815716359281028e-09,5.8206986402538e-09,5.825669627875379e-09,5.830629362518073e-09,5.835577884489157e-09,5.840515233825787e-09,5.845441450358096e-09,5.850356573801887e-09,5.85526064366005e-09,5.86015369920922e-09,5.865035779543274e-09,5.8699069237222544e-09,5.8747671703684415e-09,5.8796165580545634e-09,5.884455125179637e-09,5.889282909922858e-09,5.894099950356183e-09,5.898906284374174e-09,5.903701949597858e-09,5.908486983458523e-09,5.913261423341308e-09,5.918025306393395e-09,5.922778669591372e-09,5.927521549740021e-09,5.932253983474541e-09,5.93697600725124e-09,5.941687657367104e-09,5.94638896995746e-09,5.951079980975411e-09,5.955760726214942e-09,5.960431241279287e-09,5.965091561658251e-09,5.969741722653034e-09,5.9743817594021645e-09,5.979011706882628e-09,5.983631599911644e-09,5.988241473146461e-09,5.992841361085644e-09,5.997431298069869e-09,6.002011318282896e-09,6.006581455782396e-09,6.01114174439951e-09,6.015692217866447e-09,6.0202329097423224e-09,6.024763853447137e-09,6.029285082235722e-09,6.033796629219342e-09,6.03829852735769e-09,6.04279080946284e-09,6.047273508194658e-09,6.051746656068389e-09,6.056210285451888e-09,6.060664428567074e-09,6.0651091174909095e-09,6.069544384155689e-09,6.073970260350468e-09,6.07838677772152e-09,6.082793967773235e-09,6.087191861868919e-09,6.0915804912313176e-09,6.095959886943636e-09,6.100330079950318e-09,6.10469110105765e-09,6.109042980934638e-09,6.113385750114515e-09,6.117719438992397e-09,6.122044077830164e-09,6.126359696753042e-09,6.130666325757355e-09,6.134963994708929e-09,6.139252733299658e-09,6.14353257124826e-09,6.1478035379323374e-09,6.152065662687611e-09,6.156318974709763e-09,6.160563503087984e-09,6.1647992767736235e-09,6.169026324588655e-09,6.173244675234122e-09,6.177454357276639e-09,6.1816553990796e-09,6.185847829062813e-09,6.190031675416236e-09,6.194206966205099e-09,6.1983737293808154e-09,6.2025319927728815e-09,6.206681784066128e-09,6.2108231308729985e-09,6.2149560606622785e-09,6.219080600803728e-09,6.223196778485006e-09,6.22730462083944e-09,6.231404154884261e-09,6.235495407482808e-09,6.239578405414501e-09,6.243653175277607e-09,6.247719743587936e-09,6.251778136844531e-09,6.255828381290509e-09,6.2598705031098355e-09,6.2639045284336e-09,6.267930483199815e-09,6.271948393256645e-09,6.275958284354446e-09,6.279960182138251e-09,6.283954112119515e-09,6.287940099709988e-09,6.291918170229802e-09,6.2958883488708825e-09,6.299850660728075e-09,6.3038051307872675e-09,6.307751783922985e-09,6.3116906449102e-09,6.315621738418528e-09,6.319545089012104e-09,6.323460721151162e-09,6.327368659192368e-09,6.331268927392024e-09,6.3351615499331815e-09,6.339046550756906e-09,6.342923953926488e-09,6.346793783240503e-09,6.350656062469243e-09,6.354510815242667e-09,6.358358065116574e-09,6.362197835535276e-09,6.366030149856125e-09,6.369855031330945e-09,6.373672503116444e-09,6.3774825882728104e-09,6.38128530976427e-09,6.385080690459155e-09,6.38886875313093e-09,6.392649520458205e-09,6.396423015025605e-09,6.400189259323487e-09,6.403948275747539e-09,6.407700086604663e-09,6.411444714107045e-09,6.4151821803752095e-09,6.418912507436436e-09,6.422635717227627e-09,6.426351831607907e-09,6.430060872326648e-09,6.4337628610517405e-09,6.437457819363166e-09,6.441145768751703e-09,6.444826730619123e-09,6.448500726281244e-09,6.4521677769656704e-09,6.455827903813162e-09,6.459481127878098e-09,6.4631274701289015e-09,6.466766951448477e-09,6.47039959263575e-09,6.474025414401667e-09,6.477644437376238e-09,6.481256682104565e-09,6.484862169047196e-09,6.4884609185851424e-09,6.4920529510134425e-09,6.495638286546116e-09,6.499216945315442e-09,6.502788947372376e-09,6.506354312687433e-09,6.509913061149661e-09,6.513465212567966e-09,6.517010786673359e-09,6.520549803104401e-09,6.52408228145424e-09,6.527608241204423e-09,6.5311277017699135e-09,6.534640682487872e-09,6.5381472026147785e-09,6.541647281339214e-09,6.545140937764198e-09,6.548628190918795e-09,6.552109059742493e-09,6.555583563143833e-09,6.559051719887426e-09,6.562513548748473e-09,6.565969068343726e-09,6.569418297282026e-09,6.5728612540553886e-09,6.576297957106901e-09,6.579728424777039e-09,6.583152675363318e-09,6.586570727081197e-09,6.589982598075745e-09,6.59338830641579e-09,6.596787870103965e-09,6.600181307070311e-09,6.6035686351744855e-09,6.606949872205847e-09,6.610325035885759e-09,6.613694143860456e-09,6.6170572137156495e-09,6.620414262960549e-09,6.623765309041269e-09,6.6271103693294565e-09,6.63044946114886e-09,6.633782601710917e-09,6.637109808204714e-09,6.6404310977373305e-09,6.643746487351293e-09,6.64705599402029e-09,6.650359634647504e-09,6.653657426077635e-09,6.656949385089193e-09,6.660235528393408e-09,6.6635158726379825e-09,6.6667904344061785e-09,6.670059230217945e-09,6.6733222765288574e-09,6.676579589730761e-09,6.679831186153772e-09,6.683077082057167e-09,6.686317293659425e-09,6.689551837095136e-09,6.692780728444751e-09,6.696003983741115e-09,6.69922161889339e-09,6.702433649859181e-09,6.705640092436269e-09,6.708840962409677e-09,6.712036275495657e-09,6.71522604734797e-09,6.71841029356339e-09,6.721589029676827e-09,6.7247622711653956e-09,6.727930033446909e-09,6.7310923318807134e-09,6.734249181773531e-09,6.737400598363439e-09,6.740546596840087e-09,6.74368719233164e-09,6.746822399909941e-09,6.749952234590016e-09,6.753076711330047e-09,6.756195845032416e-09,6.759309650543304e-09,6.762418142653597e-09,6.765521336097259e-09,6.768619245539439e-09,6.771711885635232e-09,6.77479927093856e-09,6.777881415964894e-09,6.780958335175411e-09,6.784030042977288e-09,6.787096553723956e-09,6.790157881715261e-09,6.793214041197362e-09,6.796265046365536e-09,6.799310911358964e-09,6.802351650266876e-09,6.805387277126792e-09,6.808417805921771e-09,6.81144325058438e-09,6.814463624994146e-09,6.817478942982295e-09,6.820489218325891e-09,6.823494464751754e-09,6.826494695940012e-09,6.829489925515563e-09,6.832480167055436e-09,6.8354654340860235e-09,6.838445740084021e-09,6.841421098492758e-09,6.844391522687229e-09,6.847357025957111e-09,6.850317621610157e-09,6.853273322873434e-09,6.856224142936021e-09,6.859170094936093e-09,6.862111191958653e-09,6.8650474470428376e-09,6.86797887318023e-09,6.870905483316878e-09,6.873827290351243e-09,6.876744307141397e-09,6.879656546470369e-09,6.882564021125397e-09,6.8854667437980454e-09,6.888364727159737e-09,6.891257983832956e-09,6.8941465263918906e-09,6.897030367363204e-09,6.899909519232969e-09,6.902783994440435e-09,6.9056538053812644e-09,6.908518964403796e-09,6.911379483814041e-09,6.91423537587226e-09,6.917086652798877e-09,6.919933326766917e-09,6.922775409905668e-09,6.9256129143019165e-09,6.9284458520005205e-09,6.931274234999562e-09,6.934098075258179e-09,6.936917384689235e-09,6.939732175167331e-09,6.9425424585232925e-09,6.945348246545413e-09,6.9481495509802885e-09,6.950946383532853e-09,6.9537387558665345e-09,6.956526679603766e-09,6.959310166324947e-09,6.96208922757044e-09,6.96486387483953e-09,6.9676341195912665e-09,6.9703999732437246e-09,6.97316144717443e-09,6.975918552722554e-09,6.978671301184868e-09,6.98141970382056e-09,6.984163771848623e-09,6.986903516448549e-09,6.989638948760717e-09,6.99237007988664e-09,6.9950969208886425e-09,6.997819482791448e-09,7.000537776581108e-09,7.003251813202036e-09,7.005961603563764e-09,7.008667158538576e-09,7.011368488957613e-09,7.0140656056181605e-09,7.01675851927648e-09,7.019447240654662e-09,7.022131780435678e-09,7.024812149264351e-09,7.0274883577516725e-09,7.030160416469608e-09,7.032828335962816e-09,7.035492126715016e-09,7.0381517991978915e-09,7.0408073638389755e-09,7.0434588310298795e-09,7.046106211126462e-09,7.048749514448946e-09,7.051388751282248e-09,7.054023931876574e-09,7.056655066444584e-09,7.0592821651664396e-09,7.0619052381866095e-09,7.064524295614948e-09,7.067139347525697e-09,7.06975040396138e-09,7.07235747492775e-09,7.074960570397252e-09,7.077559700308354e-09,7.0801548745656835e-09,7.082746103040253e-09,7.085333395569458e-09,7.087916761957345e-09,7.090496211974672e-09,7.093071755359134e-09,7.095643401815428e-09,7.0982111610154166e-09,7.100775042598284e-09,7.103335056170635e-09,7.105891211306684e-09,7.1084435175483395e-09,7.110991984405394e-09,7.1135366213556035e-09,7.116077437844863e-09,7.118614443287879e-09,7.121147647066054e-09,7.123677058532005e-09,7.126202687004355e-09,7.128724541772022e-09,7.1312426320908746e-09,7.133756967188735e-09,7.136267556262542e-09,7.138774408474587e-09,7.141277532960808e-09,7.143776938824954e-09,7.146272635141801e-09,7.1487646309537514e-09,7.1512529352741405e-09,7.153737557085889e-09,7.156218505343786e-09,7.1586957889715454e-09,7.16116941686362e-09,7.1636393978850395e-09,7.1661057408714904e-09,7.168568454629484e-09,7.171027547936454e-09,7.173483029540873e-09,7.1759349081627655e-09,7.178383192492256e-09,7.180827891192104e-09,7.183269012894995e-09,7.185706566207592e-09,7.185711881977718e-09,7.185716970827883e-09,7.185721984491459e-09,7.185726973660511e-09,7.185731955868419e-09,7.18573693723655e-09,7.1857419199075335e-09,7.185746904631241e-09,7.185751891668508e-09,7.1857568811106765e-09,7.185761872987079e-09,7.185766867306391e-09,7.185771864069849e-09,7.185776863275577e-09,7.185781864920906e-09,7.185786869002567e-09,7.185791875517255e-09,7.185796884461164e-09,7.18580189583042e-09,7.185806909620983e-09,7.185811925828943e-09,7.1858169444493395e-09,7.1858219654776636e-09,7.185826988909579e-09,7.185832014740418e-09,7.185837042964939e-09,7.1858420735780835e-09,7.18584710657453e-09,7.185852141948853e-09,7.185857179695489e-09,7.185862219808722e-09,7.1858672622826995e-09,7.18587230711143e-09,7.185877354288784e-09,7.185882403808501e-09,7.1858874556641824e-09,7.185892509849224e-09,7.185897566357057e-09,7.185902625180909e-09,7.185907686313944e-09,7.185912749749065e-09,7.185917815479908e-09,7.185922883498428e-09,7.1859279537972594e-09,7.185933026368904e-09,7.185938101204783e-09,7.185943178298096e-09,7.18594825764131e-09,7.185953339226272e-09,7.185958423044891e-09,7.185963509088914e-09,7.18596859735054e-09,7.185973687821115e-09,7.1859787804923445e-09,7.185983875355892e-09,7.185988972402667e-09,7.185994071624311e-09,7.185999173011882e-09,7.186004276556694e-09,7.1860093822495365e-09,7.186014490081571e-09,7.1860196000437134e-09,7.1860247121264175e-09,7.186029826321507e-09,7.1860349426186085e-09,7.186040061008248e-09,7.186045181481516e-09,7.186050304028708e-09,7.1860554286399815e-09,7.186060555306144e-09,7.186065684017251e-09,7.1860708147633525e-09,7.186075947534946e-09,7.186081082321806e-09,7.186086219114382e-09,7.186091357902464e-09,7.186096498676199e-09,7.18610164142679e-09,7.186106786141017e-09,7.186111932810413e-09,7.186117081424767e-09,7.186122231973788e-09,7.186127384447201e-09,7.1861325388344645e-09,7.186137695125351e-09,7.186142853309933e-09,7.18614801337739e-09,7.186153175317228e-09,7.186158339119179e-09,7.18616350477259e-09,7.186168672267072e-09,7.1861738415921506e-09,7.1861790127369335e-09,7.1861841856909986e-09,7.186189360445003e-09,7.1861945369858985e-09,7.186199715304233e-09,7.186204895389686e-09,7.186210077231084e-09,7.186215260818289e-09,7.186220446139364e-09,7.186225633187348e-09,7.18623082194681e-09,7.186236012409298e-09,7.186241204564065e-09,7.186246398400175e-09,7.1862515939071396e-09,7.186256791074455e-09,7.186261989891273e-09,7.186267190346909e-09,7.186272392430699e-09,7.18627759613207e-09,7.186282801440099e-09,7.186288008344548e-09,7.186293216834637e-09,7.186298426899736e-09,7.1863036385292695e-09,7.186308851712598e-09,7.186314066439119e-09,7.186319282698155e-09,7.186324500479356e-09,7.186329719772209e-09,7.186334940566206e-09,7.186340162850883e-09,7.186345386615781e-09,7.186350611850464e-09,7.186355838544521e-09,7.186361066687575e-09,7.186366296269259e-09,7.1863715272794926e-09,7.18637675970765e-09,7.186381993543564e-09,7.186387228777587e-09,7.186392465396602e-09,7.1863977033940585e-09,7.18640294275851e-09,7.186408183479897e-09,7.1864134255479696e-09,7.186418668952535e-09,7.186423913683886e-09,7.186429159731761e-09,7.186434407085767e-09,7.186439655736633e-09,7.186444905674348e-09,7.1864501568894535e-09,7.186455409371201e-09,7.186460663110055e-09,7.1864659180973844e-09,7.186471174322747e-09,7.186476431776575e-09,7.186481690448978e-09,7.186486950330464e-09,7.186492211411263e-09,7.18649747368268e-09,7.18650273713396e-09,7.186508001757289e-09,7.18651326754229e-09,7.186518534479902e-09,7.186523802560848e-09,7.186529071775906e-09,7.186534342116025e-09,7.186539613572231e-09,7.186544886134973e-09,7.186550159795367e-09,7.1865554345442145e-09,7.1865607103725015e-09,7.186565987271871e-09,7.186571265232879e-09,7.18657654424685e-09,7.186581824306594e-09,7.186587105401133e-09,7.186592387522989e-09,7.186597670662944e-09,7.186602954812905e-09,7.186608239963718e-09,7.1866135261072025e-09,7.186618813235052e-09,7.186624101338826e-09,7.186629390410213e-09,7.186634680440628e-09,7.186639971422446e-09,7.186645263347264e-09,7.186650556206647e-09,7.186655849992803e-09,7.1866611446975444e-09,7.186666440313235e-09,7.1866717368316524e-09,7.186677034244822e-09,7.186682332544914e-09,7.186687631723692e-09,7.186692931774163e-09,7.186698232688403e-09,7.186703534458823e-09,7.186708837077761e-09,7.186714140537652e-09,7.1867194448310484e-09,7.186724749950564e-09,7.186730055888776e-09,7.1867353626382305e-09,7.1867406701918114e-09,7.1867459785422055e-09,7.186751287682212e-09,7.186756597604686e-09,7.186761908302549e-09,7.186767219768752e-09,7.1867725319963085e-09,7.186777844980021e-09,7.186783158708523e-09,7.186788473179294e-09,7.186793788383209e-09,7.186799104314281e-09,7.186804420963618e-09,7.186809738328299e-09,7.18681505640137e-09,7.186820375174173e-09,7.1868256946410525e-09,7.186831014795551e-09,7.186836335631297e-09,7.186841657141956e-09,7.186846979321099e-09,7.186852302162494e-09,7.186857625659928e-09,7.186862949807225e-09,7.186868274598254e-09,7.1868736000269276e-09,7.18687892608722e-09,7.186884252773137e-09,7.1868895800787476e-09,7.186894907998144e-09,7.1869002365254716e-09,7.1869055656549355e-09,7.1869108953807685e-09,7.186916225697262e-09,7.1869215565987456e-09,7.186926888079589e-09,7.1869322201342205e-09,7.186937552757093e-09,7.18694288594273e-09,7.186948219685673e-09,7.186953553980518e-09,7.1869588888219074e-09,7.186964224204528e-09,7.186969560123105e-09,7.186974896572397e-09,7.18698023354722e-09,7.186985571042435e-09,7.186990909052936e-09,7.186996247573658e-09,7.187001586599583e-09,7.187006926125738e-09,7.187012266147179e-09,7.187017606659007e-09,7.187022947656758e-09,7.187028289135226e-09,7.18703363108963e-09,7.187038973515241e-09,7.187044316407503e-09,7.1870496597616935e-09,7.1870550035732245e-09,7.1870603478375144e-09,7.18706569255003e-09,7.187071037705573e-09,7.187076383300348e-09,7.187081729329989e-09,7.18708707579025e-09,7.187092422676428e-09,7.187097769984123e-09,7.1871031177117715e-09,7.187108465850763e-09,7.1871138143979645e-09,7.187119163350002e-09,7.18712451270275e-09,7.187129862452724e-09,7.187135212594114e-09,7.1871405631246145e-09,7.1871459140396855e-09,7.187151265335448e-09,7.1871566170079364e-09,7.187161969053549e-09,7.187167321468537e-09,7.187172674248176e-09,7.1871780273862376e-09,7.187183380883797e-09,7.187188734736505e-09,7.187194088939378e-09,7.187199443489389e-09,7.1872047983825964e-09,7.18721015361462e-09,7.187215509182639e-09,7.187220865082638e-09,7.1872262213141e-09,7.187231577869113e-09,7.187236934747465e-09,7.187242291942933e-09,7.187247649455364e-09,7.1872530072777655e-09,7.1872583654092885e-09,7.187263723846355e-09,7.187269082585603e-09,7.187274441625137e-09,7.187279800959036e-09,7.1872851605849414e-09,7.187290520501333e-09,7.187295880703506e-09,7.187301241189525e-09,7.187306601957782e-09,7.187311963003199e-09,7.187317324321738e-09,7.187322685911421e-09,7.1873280477696155e-09,7.187333409893778e-09,7.187338772279615e-09,7.187344134926048e-09,7.18734949782957e-09,7.187354860987396e-09,7.187360224396762e-09,7.187365588054933e-09,7.187370951959197e-09,7.1873763161068684e-09,7.187381680495287e-09,7.187387045121821e-09,7.187392409983914e-09,7.187397775078923e-09,7.187403140404287e-09,7.187408505957473e-09,7.187413871735905e-09,7.187419237737026e-09,7.187424603958568e-09,7.18742997039809e-09,7.187435337053108e-09,7.187440703921281e-09,7.187446071000804e-09,7.187451438288092e-09,7.187456805781541e-09,7.187462173478498e-09,7.187467541376663e-09,7.1874729094736535e-09,7.187478277768396e-09,7.187483646257532e-09,7.187489014939388e-09,7.187494383811289e-09,7.18749975287332e-09,7.1875051221195224e-09,7.187510491549915e-09,7.187515861162054e-09,7.187521230953908e-09,7.187526600924077e-09,7.187531971069857e-09,7.187537341389282e-09,7.1875427118803735e-09,7.1875480825411565e-09,7.187553453368419e-09,7.1875588243615795e-09,7.187564195518693e-09,7.1875695668375e-09,7.187574938316553e-09,7.187580309953925e-09,7.1875856817477526e-09,7.187591053696182e-09,7.187596425798354e-09,7.187601798051495e-09,7.187607170453833e-09,7.187612543003614e-09,7.187617915699097e-09,7.187623288538553e-09,7.187628661520168e-09,7.187634034642319e-09,7.187639407903782e-09,7.1876447813025e-09,7.187650154836837e-09,7.187655528504848e-09,7.1876609023059776e-09,7.187666276237142e-09,7.187671650297607e-09,7.187677024485778e-09,7.187682398800012e-09,7.187687773238822e-09,7.187693147800702e-09,7.187698522484276e-09,7.187703897287799e-09,7.1877092722106866e-09,7.187714647250005e-09,7.187720022405011e-09,7.187725397674215e-09,7.187730773056498e-09,7.187736148550031e-09,7.187741524153615e-09,7.187746899865951e-09,7.1877522756856595e-09,7.187757651611392e-09,7.187763027641806e-09,7.1877684037755875e-09,7.18777378001143e-09,7.1877791563480424e-09,7.187784532784252e-09,7.1877899093186855e-09,7.187795285950081e-09,7.187800662677206e-09,7.187806039498826e-09,7.187811416413544e-09,7.187816793420339e-09,7.187822170518021e-09,7.1878275477054085e-09,7.187832924981332e-09,7.187838302344637e-09,7.1878436797941715e-09,7.1878490573288106e-09,7.187854434947423e-09,7.187859812648905e-09,7.187865190432152e-09,7.187870568296077e-09,7.1878759462396e-09,7.1878813242616555e-09,7.187886702361186e-09,7.187892080537146e-09,7.187897458788497e-09,7.187902837114212e-09,7.1879082155132844e-09,7.187913593984707e-09,7.187918972527482e-09,7.187924351140364e-09,7.187929729822929e-09,7.1879351085741576e-09,7.1879404873918505e-09,7.187945866276533e-09,7.187951245226994e-09,7.187956624242251e-09,7.18796200332412e-09,7.18796738246843e-09,7.18797276167227e-09,7.1879781409397006e-09,7.187983520267634e-09,7.187988899650927e-09,7.187994279093841e-09,7.187999658593867e-09,7.188005038150884e-09,7.1880104177634625e-09,7.188015797431221e-09,7.188021177153623e-09,7.188026556928948e-09,7.188031936756214e-09,7.188037316636194e-09,7.188042696567441e-09,7.1880480765491e-09,7.188053456579756e-09,7.188058836659138e-09,7.188064216787128e-09,7.188069596962347e-09,7.188074977183894e-09,7.188080357451201e-09,7.188085737763542e-09,7.188091118120197e-09,7.18809649852046e-09,7.188101878963621e-09,7.188107259448994e-09,7.188112639975877e-09,7.188118020543595e-09,7.1881234011514735e-09,7.188128781798834e-09,7.188134162484931e-09,7.188139543209207e-09,7.188144923970866e-09,7.188150304769412e-09,7.188155685604215e-09,7.188161066474041e-09,7.188166447378831e-09,7.188171828317961e-09,7.1881772092908155e-09,7.188182590296776e-09,7.1881879713340434e-09,7.188193352403229e-09,7.188198733503737e-09,7.188204114634979e-09,7.188209495796364e-09,7.188214876987307e-09,7.188220258207225e-09,7.188225639460086e-09,7.188231020739242e-09,7.188236402046014e-09,7.18824178337861e-09,7.1882471647375666e-09,7.188252546123539e-09,7.188257927534647e-09,7.18826330897102e-09,7.188268690431392e-09,7.188274071915407e-09,7.188279453422757e-09,7.188284834952996e-09,7.188290216505324e-09,7.188295598081555e-09,7.188300979677775e-09,7.1883063612941186e-09,7.188311742930698e-09,7.188317124587409e-09,7.188322506262407e-09,7.1883278879576464e-09,7.188333269671317e-09,7.188338651399977e-09,7.188344033146555e-09,7.188349414912431e-09,7.1883547966978364e-09,7.188360178497675e-09,7.188365560313035e-09,7.1883709421441395e-09,7.188376323990613e-09,7.188381705851505e-09,7.188387087726751e-09,7.188392469614782e-09,7.1883978515173775e-09,7.188403233433088e-09,7.188408615361365e-09,7.188413997300996e-09,7.188419379253562e-09,7.188424761222601e-09,7.188430143198127e-09,7.188435525182806e-09,7.18844090717916e-09,7.1884462891855445e-09,7.188451671202622e-09,7.188457053228134e-09,7.188462435265899e-09,7.188467817308839e-09,7.188473199360061e-09,7.188478581419203e-09,7.188483963485937e-09,7.188489345559918e-09,7.188494727640809e-09,7.188500109728267e-09,7.188505491822014e-09,7.188510873921679e-09,7.1885162560269475e-09,7.188521638137534e-09,7.188527020253123e-09,7.188532402373399e-09,7.18853778449805e-09,7.188543166626756e-09,7.188548548759235e-09,7.188553930895187e-09,7.1885593130343225e-09,7.188564695176349e-09,7.1885700773209775e-09,7.188575459467889e-09,7.188580841616838e-09,7.188586223767595e-09,7.1885916059198235e-09,7.188596988073271e-09,7.188602370227155e-09,7.188607752382208e-09,7.188613134537669e-09,7.188618516692626e-09,7.188623898850171e-09,7.188629281005234e-09,7.188634663159874e-09,7.188640045313489e-09,7.1886454274659385e-09,7.188650809617232e-09,7.1886561917667755e-09,7.188661573914379e-09,7.18866695606003e-09,7.1886723382032105e-09,7.188677720345083e-09,7.188683102482889e-09,7.188688484617772e-09,7.188693866748941e-09,7.188699248881584e-09,7.188704631008471e-09,7.188710013129167e-09,7.1887153952454884e-09,7.188720777356949e-09,7.188726159464835e-09,7.188731541567979e-09,7.188736923665567e-09,7.188742305761503e-09,7.1887476878522105e-09,7.188753069933208e-09,7.188758452008383e-09,7.188763834077522e-09,7.188769216146276e-09,7.1887745982031255e-09,7.188779980253382e-09,7.188785362296857e-09,7.1887907443333556e-09,7.188796126362678e-09,7.188801508384653e-09,7.1888068903990995e-09,7.1888122724058375e-09,7.188817654404687e-09,7.1888230363954735e-09,7.188828418377849e-09,7.188833800351948e-09,7.188839182317558e-09,7.188844564276369e-09,7.188849946223852e-09,7.188855328162272e-09,7.1888607100923464e-09,7.188866092013362e-09,7.188871473924454e-09,7.188876855825317e-09,7.1888822377162955e-09,7.1888876195977836e-09,7.188893001468409e-09,7.18889838332867e-09,7.188903765178404e-09,7.188909147017468e-09,7.188914528845714e-09,7.1889199106629975e-09,7.188925292469167e-09,7.188930674264025e-09,7.188936056047483e-09,7.1889414378194e-09,7.1889468195796375e-09,7.188952201328054e-09,7.1889575830645105e-09,7.18896296478887e-09,7.188968346501e-09,7.188973728200853e-09,7.188979109888189e-09,7.188984491562906e-09,7.188989873224873e-09,7.188995254873953e-09,7.189000636510009e-09,7.189006018132916e-09,7.189011399742634e-09,7.189016781338893e-09,7.18902216292164e-09,7.189027544490865e-09,7.189032926046831e-09,7.189038307588529e-09,7.18904368911561e-09,7.189049070628937e-09,7.18905445212811e-09,7.189059833612992e-09,7.189065215083477e-09,7.189070596539442e-09,7.18907597798099e-09,7.189081359408212e-09,7.189086740820373e-09,7.189092122215956e-09,7.189097503596565e-09,7.189102884962849e-09,7.1891082663138145e-09,7.189113647649334e-09,7.189119028969279e-09,7.1891244102734656e-09,7.189129791560467e-09,7.189135172831772e-09,7.189140554086443e-09,7.18914593532732e-09,7.1891513165524235e-09,7.189156697761258e-09,7.189162078954676e-09,7.1891674601317485e-09,7.189172841290882e-09,7.189178222434155e-09,7.1891836035586324e-09,7.189188984668692e-09,7.189194365761107e-09,7.189199746842413e-09,7.1892051279017e-09,7.189210508944452e-09,7.1892158899695864e-09,7.1892212709768554e-09,7.18922665196748e-09,7.189232032938114e-09,7.1892374138946824e-09,7.189242794832735e-09,7.1892481757533084e-09,7.189253556656266e-09,7.189258937541491e-09,7.1892643184089035e-09,7.1892696992575275e-09,7.18927508008805e-09,7.189280460902066e-09,7.189285841697887e-09,7.1892912224753e-09,7.189296603234173e-09,7.1893019839748226e-09,7.189307364696939e-09,7.189312745400627e-09,7.189318126085718e-09,7.189323506752152e-09,7.1893288873998684e-09,7.189334268028815e-09,7.189339648638992e-09,7.189345029230166e-09,7.189350409802319e-09,7.189355790355439e-09,7.189361170889439e-09,7.189366551404271e-09,7.1893719318998085e-09,7.1893773123760855e-09,7.189382692832973e-09,7.189388073270226e-09,7.189393453688075e-09,7.1893988340864145e-09,7.189404214465619e-09,7.189409594824817e-09,7.189414975164593e-09,7.189420355484123e-09,7.189425735782188e-09,7.189431116061452e-09,7.189436496321104e-09,7.189441876560705e-09,7.1894472567817835e-09,7.189452636983901e-09,7.189458017162963e-09,7.1894633973235806e-09,7.189468777465603e-09,7.189474157584229e-09,7.189479537682703e-09,7.189484917760813e-09,7.189490297818098e-09,7.189495677855125e-09,7.189501057871579e-09,7.189506437867609e-09,7.189511817842737e-09,7.189517197797177e-09,7.189522577729915e-09,7.1895279576431566e-09,7.189533337535095e-09,7.1895387174061825e-09,7.18954409725587e-09,7.189549477084397e-09,7.1895548568924185e-09,7.189560236679344e-09,7.189565616445208e-09,7.189570996189825e-09,7.189576375913359e-09,7.189581755615779e-09,7.189587135297616e-09,7.189592514957089e-09,7.189597894592994e-09,7.189603274209913e-09,7.1896086538054175e-09,7.189614033379393e-09,7.189619412932176e-09,7.18962479246466e-09,7.189630171969683e-09,7.189635551456857e-09,7.189640930921387e-09,7.18964631036567e-09,7.189651689788351e-09,7.189657069190975e-09,7.189662448569261e-09,7.18966782792589e-09,7.189673207259846e-09,7.189678586572765e-09,7.18968396586374e-09,7.189689345136777e-09,7.1896947243833866e-09,7.189700103606027e-09,7.1897054828081385e-09,7.189710861988302e-09,7.189716241146023e-09,7.1897216202815e-09,7.1897269993946726e-09,7.189732378485315e-09,7.189737757553862e-09,7.189743136600227e-09,7.189748515622321e-09,7.189753894623826e-09,7.18975927360241e-09,7.189764652558434e-09,7.189770031491077e-09,7.189775410402352e-09,7.189780789291067e-09,7.189786168157123e-09,7.189791547003301e-09,7.189796925824026e-09,7.189802304622023e-09,7.189807683397304e-09,7.1898130621520295e-09,7.189818440881651e-09,7.189823819588447e-09,7.189829198272495e-09,7.189834576933675e-09,7.189839955571787e-09,7.1898453341872594e-09,7.189850712779649e-09,7.189856091349043e-09,7.1898614698954414e-09,7.18986684841976e-09,7.189872226920058e-09,7.1898776053972675e-09,7.189882983851369e-09,7.189888362282334e-09,7.1898937406900915e-09,7.18989911907471e-09,7.189904497436124e-09,7.189909875774307e-09,7.189915254088944e-09,7.189920632380542e-09,7.189926010648978e-09,7.189931388893612e-09,7.189936767115219e-09,7.189942145313567e-09,7.189947523488509e-09,7.189952901639838e-09,7.189958279767916e-09,7.189963657872439e-09,7.189969035953408e-09,7.1899744140110486e-09,7.189979792044734e-09,7.189985170055304e-09,7.189990548042191e-09,7.1899959260063555e-09,7.190001303946085e-09,7.190006681862211e-09,7.190012059754686e-09,7.19001743762349e-09,7.1900228154686075e-09,7.190028193290012e-09,7.190033571087565e-09,7.190038948861307e-09,7.1900443266114635e-09,7.190049704337848e-09,7.190055082040336e-09,7.190060459719042e-09,7.1900658373739446e-09,7.190071215004988e-09,7.190076592612149e-09,7.190081970195413e-09,7.190087347754758e-09,7.190092725290175e-09,7.190098102801643e-09,7.1901034802890885e-09,7.1901088577525296e-09,7.190114235191944e-09,7.190119612607435e-09,7.19012498999889e-09,7.190130367366291e-09,7.190135744709621e-09,7.190141122028866e-09,7.190146499324014e-09,7.190151876595043e-09,7.190157253841935e-09,7.190162631064676e-09,7.19016800826326e-09,7.190173385437652e-09,7.190178762587849e-09,7.1901841397203736e-09,7.190189516830103e-09,7.190194893913399e-09,7.1902002709729125e-09,7.190205648006649e-09,7.190211025020644e-09,7.190216402000496e-09,7.190221778956574e-09,7.190227155888226e-09,7.19023253279563e-09,7.190237909678548e-09,7.190243286537221e-09,7.190248663371506e-09,7.190254040181376e-09,7.190259416966796e-09,7.19026479372771e-09,7.1902701704645835e-09,7.190275547176009e-09,7.190280923863632e-09,7.1902863005268045e-09,7.190291677169061e-09,7.19029705378331e-09,7.190302430372987e-09,7.190307806937803e-09,7.190313183478324e-09,7.190318559993944e-09,7.190323936485217e-09,7.1903293129520256e-09,7.1903346893942965e-09,7.190340065811898e-09,7.190345442205625e-09,7.19035081857406e-09,7.190356194920106e-09,7.1903615712392135e-09,7.1903669475335274e-09,7.190372323803282e-09,7.190377700048319e-09,7.190383076268726e-09,7.190388452464428e-09,7.190393828635397e-09,7.190399204781642e-09,7.1904045809031344e-09,7.190409956999869e-09,7.190415333071836e-09,7.190420709118828e-09,7.1904260851410655e-09,7.190431461138644e-09,7.190436837119239e-09,7.190442213062195e-09,7.19044758898516e-09,7.190452964883075e-09,7.1904583407565155e-09,7.190463716605152e-09,7.190469092428913e-09,7.19047446822771e-09,7.190479844000992e-09,7.190485219745378e-09,7.1904905954685915e-09,7.190495971167551e-09,7.190501346841902e-09,7.190506722490757e-09,7.1905120981173945e-09,7.190517473716829e-09,7.190522849291366e-09,7.190528224838983e-09,7.190533600364994e-09,7.190538975864492e-09,7.190544351339054e-09,7.190549726788522e-09,7.190555102212983e-09,7.190560477612438e-09,7.190565852986899e-09,7.190571228336217e-09,7.190576603660436e-09,7.19058197895969e-09,7.190587354233819e-09,7.190592729483004e-09,7.190598104705298e-09,7.190603479904169e-09,7.190608855078109e-09,7.190614230228975e-09,7.190619605352491e-09,7.190624980451947e-09,7.1906303555252275e-09,7.190635730573243e-09,7.190641105596098e-09,7.190646480592875e-09,7.190651855565383e-09,7.190657230512706e-09,7.190662605434861e-09,7.190667980331798e-09,7.190673355203507e-09,7.190678730050049e-09,7.1906841048713625e-09,7.190689479667595e-09,7.190694854438438e-09,7.190700229184087e-09,7.1907056039044895e-09,7.1907109785995325e-09,7.19071635326927e-09,7.190721727913773e-09,7.190727102532994e-09,7.1907324771269204e-09,7.190737851695549e-09,7.190743226238872e-09,7.190748600756881e-09,7.190753975249573e-09,7.190759349716938e-09,7.190764724158974e-09,7.190770098575643e-09,7.190775472967192e-09,7.190780847333331e-09,7.190786221673907e-09,7.190791595989162e-09,7.190796970279042e-09,7.190802344543531e-09,7.190807718782637e-09,7.190813092996336e-09,7.190818467184633e-09,7.1908238413475185e-09,7.190829215484992e-09,7.1908345895970415e-09,7.190839963683665e-09,7.19084533774485e-09,7.190850711780594e-09,7.190856085790885e-09,7.190861459776907e-09,7.1908668337366666e-09,7.1908722076726936e-09,7.19087758158071e-09,7.190882955464038e-09,7.190888329323122e-09,7.19089370315515e-09,7.190899076961825e-09,7.190904450742937e-09,7.190909824498406e-09,7.190915198228352e-09,7.19092057193277e-09,7.190925945611658e-09,7.190931319265019e-09,7.190936692892834e-09,7.1909420664951074e-09,7.190947440071825e-09,7.1909528136229834e-09,7.1909581871485775e-09,7.190963560648605e-09,7.190968934123053e-09,7.19097430757192e-09,7.1909796809951985e-09,7.190985054392885e-09,7.190990427764975e-09,7.190995801111472e-09,7.191001174432345e-09,7.1910065477276034e-09,7.191011920997069e-09,7.191017294240914e-09,7.191022667459126e-09,7.191028040651709e-09,7.191033413818653e-09,7.19103878695995e-09,7.191044160075772e-09,7.191049533165932e-09,7.191054906230428e-09,7.1910602792692564e-09,7.191065652282404e-09,7.191071025269877e-09,7.191076398231664e-09,7.1910817711677646e-09,7.191087144078164e-09,7.191092516962863e-09,7.191097889822067e-09,7.1911032626554245e-09,7.1911086354631846e-09,7.191114008245216e-09,7.191119381001326e-09,7.191124753731704e-09,7.191130126436344e-09,7.19113549911524e-09,7.1911408717683835e-09,7.191146244395778e-09,7.191151616997419e-09,7.1911569895735795e-09,7.1911623621236936e-09,7.191167734648592e-09,7.191173107147155e-09,7.191178479619941e-09,7.191183852066946e-09,7.191189224488161e-09,7.191194596883583e-09,7.19119996925321e-09,7.191205341597101e-09,7.191210713915659e-09,7.191216086208252e-09,7.191221458475026e-09,7.191226830715855e-09,7.1912322029306365e-09,7.1912375751195596e-09,7.191242947282591e-09,7.19124831941979e-09,7.1912536915310944e-09,7.191259063616591e-09,7.191264435676233e-09,7.191269807710011e-09,7.1912751797179215e-09,7.191280551699965e-09,7.191285923656132e-09,7.19129129558642e-09,7.1912966674908275e-09,7.191302039369343e-09,7.191307411221968e-09,7.1913127830487235e-09,7.191318154849576e-09,7.191323526624523e-09,7.191328898373559e-09,7.191334270096679e-09,7.191339641793886e-09,7.191345013465115e-09,7.191350385110419e-09,7.19135575672979e-09,7.191361128323227e-09,7.19136649989069e-09,7.19137187143221e-09,7.1913772429478055e-09,7.191382614437447e-09,7.191387985901132e-09,7.1913933573388524e-09,7.191398728750604e-09,7.191404100136388e-09,7.191409471496197e-09,7.191414842830023e-09,7.191420214137867e-09,7.191425585419723e-09,7.191430956675592e-09,7.19143632790546e-09,7.191441699109329e-09,7.191447070287196e-09,7.191452441439051e-09,7.191457812564894e-09,7.1914631836647215e-09,7.191468554738527e-09,7.191473925786312e-09,7.191479296808065e-09,7.191484667803787e-09,7.1914900387734695e-09,7.191495409717114e-09,7.191500780634711e-09,7.191506151526262e-09,7.191511522391381e-09,7.1915168932304455e-09,7.19152226404344e-09,7.19152763483037e-09,7.191533005591224e-09,7.191538376326001e-09,7.191543747034695e-09,7.1915491177173064e-09,7.191554488373827e-09,7.1915598590042575e-09,7.191565229608589e-09,7.19157060018682e-09,7.191575970738945e-09,7.191581341264958e-09,7.19158671176486e-09,7.191592082238646e-09,7.191597452686308e-09,7.191602823107849e-09,7.1916081935032565e-09,7.191613563872534e-09,7.191618934215672e-09,7.191624304532673e-09,7.19162967482353e-09,7.191635045088232e-09,7.191640415326784e-09,7.191645785539184e-09,7.191651155725414e-09,7.191656525885482e-09,7.19166189601938e-09,7.191667266127109e-09,7.1916726362086615e-09,7.1916780062640286e-09,7.191683376293212e-09,7.191688746296205e-09,7.191694116273009e-09,7.191699486223609e-09,7.191704856148012e-09,7.1917102260462055e-09,7.191715595918189e-09,7.191720965763958e-09,7.191726335583506e-09,7.191731705376836e-09,7.191737075143934e-09,7.191742444884799e-09,7.191747814599424e-09,7.191753184287806e-09,7.19175855394994e-09,7.191763923585817e-09,7.191769293195439e-09,7.191774662779209e-09,7.19178003233674e-09,7.19178540186803e-09,7.191790771373063e-09,7.191796140851844e-09,7.19180151030437e-09,7.191806879730637e-09,7.191812249128839e-09,7.1918176185033964e-09,7.1918229878525556e-09,7.191828357166557e-09,7.191833726462287e-09,7.191839095733106e-09,7.1918444649719096e-09,7.1918498341852556e-09,7.191855203377018e-09,7.191860572539429e-09,7.19186594167217e-09,7.1918713107841525e-09,7.191876679869165e-09,7.1918820489278685e-09,7.191887417960158e-09,7.1918927869661884e-09,7.191898155945892e-09,7.191903524899279e-09,7.1919088938263324e-09,7.191914262727059e-09,7.191919631601453e-09,7.191925000449506e-09,7.19193036927122e-09,7.191935738066584e-09,7.191941106835607e-09,7.191946475577692e-09,7.1919518442937925e-09,7.191957212984502e-09,7.191962581648768e-09,7.1919679502806025e-09,7.191973318885102e-09,7.191978687467807e-09,7.191984056026171e-09,7.191989424556564e-09,7.191994793061524e-09,7.192000161541797e-09,7.192005529993195e-09,7.192010898417848e-09,7.192016266816984e-09,7.192021635190289e-09,7.192027003537494e-09,7.1920323718594665e-09,7.192037740148721e-09,7.192043108413886e-09,7.1920484766524125e-09,7.192053844861607e-09,7.192059213042021e-09,7.192064581204226e-09,7.192069949340163e-09,7.19207531744918e-09,7.192080685531998e-09,7.1920860535856056e-09,7.192091421614823e-09,7.192096789617591e-09,7.192102157594097e-09,7.192107525544669e-09,7.192112893468783e-09,7.1921182613664315e-09,7.192123629237597e-09,7.1921289970822955e-09,7.192134364900523e-09,7.1921397326922795e-09,7.1921451004575615e-09,7.1921504681963315e-09,7.192155835908623e-09,7.192161203594503e-09,7.192166571253898e-09,7.192171938887798e-09,7.192177306495439e-09,7.192182674077074e-09,7.192188041630464e-09,7.192193409157334e-09,7.192198776657728e-09,7.192204144132182e-09,7.192209511580117e-09,7.192214879000559e-09,7.192220246396235e-09,7.192225613764998e-09,7.19223098110628e-09,7.192236348421028e-09,7.1922417157079846e-09,7.192247082974084e-09,7.192252450209273e-09,7.192257817418132e-09,7.192263184600447e-09,7.192268551755903e-09,7.192273918887558e-09,7.192279285991407e-09,7.192284653067179e-09,7.192290020117044e-09,7.192295387140397e-09,7.192300754136714e-09,7.192306121105522e-09,7.192311488048429e-09,7.192316854963941e-09,7.192322221853326e-09,7.192327588716341e-09,7.192332955552693e-09,7.192338322362466e-09,7.192343689147553e-09,7.192349055899973e-09,7.192354422630131e-09,7.192359789333488e-09,7.1923651560106746e-09,7.192370522661579e-09,7.192375889284379e-09,7.1923812558819266e-09,7.192386622452366e-09,7.1923919889961735e-09,7.192397355513107e-09,7.192402722003437e-09,7.192408088467151e-09,7.192413454904223e-09,7.192418821314659e-09,7.192424187698706e-09,7.192429554055808e-09,7.192434920386296e-09,7.1924402866902145e-09,7.192445652968156e-09,7.192451019218152e-09,7.192456385440912e-09,7.192461751640096e-09,7.192467117816911e-09,7.192472483960515e-09,7.1924778500767914e-09,7.192483216167752e-09,7.192488582232711e-09,7.1924939482758035e-09,7.192499314294521e-09,7.192504680279308e-09,7.192510046234721e-09,7.192515412163732e-09,7.192520778066876e-09,7.192526143941623e-09,7.1925315097895666e-09,7.192536875612573e-09,7.192542241406238e-09,7.192547607174122e-09,7.192552972915835e-09,7.192558338631178e-09,7.192563704320046e-09,7.192569069980536e-09,7.192574435614534e-09,7.192579801221972e-09,7.1925851668028105e-09,7.1925905323570155e-09,7.192595897884569e-09,7.192601263385448e-09,7.192606628859639e-09,7.192611994307133e-09,7.192617359727915e-09,7.192622725121979e-09,7.192628090489315e-09,7.192633455829916e-09,7.192638821144636e-09,7.1926441864322e-09,7.1926495516930925e-09,7.192654916928119e-09,7.19266028213635e-09,7.192665647318025e-09,7.192671012472837e-09,7.192676377600701e-09,7.1926817427001466e-09,7.192687107774442e-09,7.1926924728220255e-09,7.192697837843099e-09,7.192703202837366e-09,7.192708567804823e-09,7.192713932745474e-09,7.192719297659305e-09,7.192724662546319e-09,7.192730027406515e-09,7.1927353922398865e-09,7.192740757046428e-09,7.192746121826138e-09,7.192751486579021e-09,7.192756851305064e-09,7.192762216004266e-09,7.192767580676627e-09,7.192772945322142e-09,7.1927783099408125e-09,7.192783674532628e-09,7.1927890390975925e-09,7.192794403635697e-09,7.19279976814694e-09,7.1928051326313224e-09,7.19281049708884e-09,7.192815861519485e-09,7.192821225923256e-09,7.192826590300151e-09,7.192831954650168e-09,7.192837318973307e-09,7.192842683269561e-09,7.192848047538921e-09,7.192853411781395e-09,7.192858775996977e-09,7.192864140185658e-09,7.192869504347438e-09,7.192874868482316e-09,7.192880232590289e-09,7.192885596671353e-09,7.192890960725505e-09,7.192896324752742e-09,7.192901688753061e-09,7.1929070527264605e-09,7.192912416672936e-09,7.1929177805924806e-09,7.192923144485096e-09,7.192928508350778e-09,7.192933872189529e-09,7.192939236001339e-09,7.192944599786201e-09,7.192949963544124e-09,7.192955327275099e-09,7.192960690979116e-09,7.192966054656184e-09,7.192971418306294e-09,7.192976781929445e-09,7.192982145525634e-09,7.192987509094853e-09,7.1929928726371024e-09,7.192998236152382e-09,7.193003599640688e-09,7.193008963101978e-09,7.19301432653632e-09,7.193019689943681e-09,7.193025053324055e-09,7.1930304166774385e-09,7.193035780003829e-09,7.193041143303225e-09,7.1930465065757635e-09,7.1930518698211585e-09,7.193057233039545e-09,7.1930625962309585e-09,7.193067959395326e-09,7.193073322532704e-09,7.193078685643044e-09,7.193084048726209e-09,7.193089411782509e-09,7.193094774811793e-09,7.193100137813967e-09,7.193105500789175e-09,7.1931108637373475e-09,7.1931162266584844e-09,7.193121589552578e-09,7.193126952419631e-09,7.193132315259578e-09,7.1931376780725325e-09,7.193143040858436e-09,7.193148403617281e-09,7.193153766349069e-09,7.193159129053799e-09,7.19316449173146e-09,7.193169854382335e-09,7.193175217005858e-09,7.193180579602309e-09,7.193185942171683e-09,7.193191304713978e-09,7.1931966672289555e-09,7.193202029717082e-09,7.193207392178122e-09,7.193212754612072e-09,7.193218117018925e-09,7.193223479398684e-09,7.1932288417513405e-09,7.193234204076894e-09,7.193239566375342e-09,7.193244928646682e-09,7.19325029089091e-09,7.19325565310802e-09,7.193261015298016e-09,7.1932663774609024e-09,7.193271739596481e-09,7.193277101705104e-09,7.193282463786595e-09,7.193287825840958e-09,7.193293187868184e-09,7.193298549868277e-09,7.193303911841219e-09,7.193309273787024e-09,7.193314635705682e-09,7.193319997597191e-09,7.193325359461542e-09,7.1933307212987475e-09,7.193336083108793e-09,7.193341444891672e-09,7.19334680664936e-09,7.193352168377536e-09,7.193357530079225e-09,7.193362891753704e-09,7.193368253403349e-09,7.193373615023373e-09,7.193378976616007e-09,7.193384338181462e-09,7.1933896997203174e-09,7.1933950612218875e-09,7.193400422701657e-09,7.193405784158128e-09,7.193411145589208e-09,7.193416506991535e-09,7.193421868366634e-09,7.1934272297145056e-09,7.193432591035145e-09,7.1934379523285425e-09,7.193443313594705e-09,7.193448674833627e-09,7.193454036045317e-09,7.193459397229779e-09,7.19346475838703e-09,7.1934701195214124e-09,7.193475480626917e-09,7.19348084170243e-09,7.193486202750658e-09,7.193491563771569e-09,7.193496924765804e-09,7.193502285734647e-09,7.193507646673887e-09,7.193513007585945e-09,7.193518368470693e-09,7.193523729328198e-09,7.193529090158964e-09,7.193534450962076e-09,7.193539811737391e-09,7.193545172485647e-09,7.193550533206953e-09,7.193555893902079e-09,7.193561254567044e-09,7.193566615206443e-09,7.1935719758184715e-09,7.193577336403202e-09,7.193582696961085e-09,7.193588057491207e-09,7.193593417994837e-09,7.193598778471998e-09,7.1936041389206975e-09,7.193609499341609e-09,7.193614859735131e-09,7.193620220101283e-09,7.193625580446002e-09,7.193630940760551e-09,7.1936363010490954e-09,7.193641661313889e-09,7.193647021538877e-09,7.1936523817425644e-09,7.193657741917945e-09,7.1936631020657826e-09,7.193668462187169e-09,7.1936738222797285e-09,7.193679182343666e-09,7.19368454238295e-09,7.193689902394526e-09,7.193695262378531e-09,7.193700622335217e-09,7.193705982264593e-09,7.1937113421666695e-09,7.193716702039504e-09,7.193722061883143e-09,7.193727421702275e-09,7.1937327814939925e-09,7.193738141258365e-09,7.193743500992619e-09,7.193748860703119e-09,7.193754220386158e-09,7.193759580041761e-09,7.1937649396660914e-09,7.1937702992625356e-09,7.193775658830841e-09,7.193781018370525e-09,7.193786377880405e-09,7.193791737362218e-09,7.193797096823261e-09,7.193802456260784e-09,7.193807815670779e-09,7.19381317506254e-09,7.1938185344289e-09,7.1938238937606865e-09,7.1938292530688425e-09,7.19383461234599e-09,7.193839971601441e-09,7.193845330826578e-09,7.19385069002266e-09,7.193856049185194e-09,7.193861408320244e-09,7.193866767427803e-09,7.193872126507873e-09,7.19387748556046e-09,7.193882844589964e-09,7.1938882035915625e-09,7.193893562573146e-09,7.1938989215259475e-09,7.193904280450335e-09,7.1939096393464885e-09,7.193914998207424e-09,7.193920357039997e-09,7.193925715845087e-09,7.193931074622701e-09,7.19393643337333e-09,7.193941792096521e-09,7.19394715079228e-09,7.193952509460609e-09,7.193957868101502e-09,7.193963226714974e-09,7.193968585301023e-09,7.1939739438596445e-09,7.193979302390852e-09,7.1939846608946435e-09,7.19399001937102e-09,7.193995377819981e-09,7.19400073624153e-09,7.19400609463567e-09,7.194011453002381e-09,7.1940168113400376e-09,7.19402216965021e-09,7.194027527932901e-09,7.194032886188125e-09,7.194038244415907e-09,7.194043602616279e-09,7.19404896078933e-09,7.194054318935244e-09,7.194059677054888e-09,7.194065035144258e-09,7.194070393207707e-09,7.194075751243055e-09,7.194081109250575e-09,7.194086467233569e-09,7.194091825190863e-09,7.194097183112592e-09,7.194102541009267e-09,7.194107898878441e-09,7.1941132567200305e-09,7.194118614538431e-09,7.1941239723275416e-09,7.194129330088273e-09,7.1941346878202135e-09,7.194140045524842e-09,7.194145403201787e-09,7.194150760852093e-09,7.194156118477182e-09,7.194161476069857e-09,7.19416683363492e-09,7.19417219117237e-09,7.194177548682205e-09,7.19418290616641e-09,7.194188263624694e-09,7.194193621055475e-09,7.194198978456333e-09,7.194204335819141e-09,7.194209693157607e-09,7.19421505047292e-09,7.194220407760475e-09,7.19422576502165e-09,7.194231122253064e-09,7.194236479458566e-09,7.194241836633074e-09,7.194247193784114e-09,7.194252550907603e-09,7.194257908002969e-09,7.194263265071063e-09,7.1942686221115306e-09,7.194273979125359e-09,7.194279336110462e-09,7.194284693067898e-09,7.194290049997559e-09,7.194295406899653e-09,7.1943007637740855e-09,7.194306120620703e-09,7.194311477439783e-09,7.194316834231157e-09,7.194322190994849e-09,7.1943275477308525e-09,7.194332904439158e-09,7.194338261119777e-09,7.194343617772715e-09,7.194348974397926e-09,7.194354330995441e-09,7.1943596875652506e-09,7.194365044107278e-09,7.194370400623505e-09,7.19437575711018e-09,7.194381113571052e-09,7.194386470002293e-09,7.194391826405816e-09,7.1943971827816125e-09,7.194402539129694e-09,7.19440789545003e-09,7.194413251742639e-09,7.19441860800751e-09,7.1944239642446375e-09,7.194429320454024e-09,7.194434676635667e-09,7.194440032789577e-09,7.194445388916128e-09,7.194450745014507e-09,7.1944561010851216e-09,7.194461457128002e-09,7.1944668131431196e-09,7.194472169130457e-09,7.194477525090026e-09,7.1944828810218445e-09,7.1944882369273856e-09,7.194493592802386e-09,7.194498948650878e-09,7.194504304467564e-09,7.194509660260702e-09,7.194515016025726e-09,7.19452037176297e-09,7.194525727472211e-09,7.194531083153633e-09,7.194536438807239e-09,7.194541794433026e-09,7.19454715003535e-09,7.194552505608369e-09,7.194557861153203e-09,7.19456321667007e-09,7.194568572157744e-09,7.194573927616996e-09,7.19457928304852e-09,7.194584638451892e-09,7.194589993828451e-09,7.194595349175946e-09,7.194600704499045e-09,7.194606059794973e-09,7.194611415064601e-09,7.1946167703062926e-09,7.194622125523102e-09,7.1946274807093495e-09,7.194632835868788e-09,7.194638191004888e-09,7.1946435461019715e-09,7.194648901171553e-09,7.1946542562132736e-09,7.194659611227138e-09,7.1946649662131345e-09,7.1946703211712684e-09,7.194675676101529e-09,7.19468103100392e-09,7.194686385878435e-09,7.1946917407250755e-09,7.194697095543833e-09,7.19470245033471e-09,7.194707805097701e-09,7.1947131598328e-09,7.194718514540011e-09,7.194723869219324e-09,7.194729223870745e-09,7.194734578494263e-09,7.194739933089879e-09,7.194745287657591e-09,7.1947506421973955e-09,7.1947559967092895e-09,7.194761351193266e-09,7.194766705649333e-09,7.194772060077476e-09,7.1947774144776975e-09,7.194782768849996e-09,7.1947881231943664e-09,7.1947934775108075e-09,7.194798831799319e-09,7.194804186059892e-09,7.194809540292527e-09,7.194814894497218e-09,7.19482024867397e-09,7.194825602822774e-09,7.194830956943629e-09,7.194836311036533e-09,7.194841665101479e-09,7.194847019138473e-09,7.1948523731475015e-09,7.194857727128571e-09,7.194863081081673e-09,7.19486843500681e-09,7.194873788903975e-09,7.1948791427731625e-09,7.194884496614377e-09,7.19488985042761e-09,7.194895204212861e-09,7.194900557970129e-09,7.1949059116994075e-09,7.1949112654006975e-09,7.194916619073995e-09,7.194921972719297e-09,7.194927326336599e-09,7.194932679925902e-09,7.1949380334872e-09,7.1949433870204876e-09,7.194948740525774e-09,7.194954094003044e-09,7.194959447452301e-09,7.194964800873539e-09,7.194970154266756e-09,7.1949755076319485e-09,7.1949808609691194e-09,7.19498621427826e-09,7.194991567559369e-09,7.194996920812448e-09,7.195002274037487e-09,7.19500762723449e-09,7.195012980403446e-09,7.195018333544361e-09,7.19502368665723e-09,7.195029039742053e-09,7.19503439279883e-09,7.195039745827549e-09,7.195045098828207e-09,7.195050451800808e-09,7.1950558047453446e-09,7.195061157661789e-09,7.195066510550165e-09,7.195071863410466e-09,7.1950772162426946e-09,7.195082569046836e-09,7.195087921822894e-09,7.1950932745709104e-09,7.1950986272908425e-09,7.195103979982612e-09,7.195109332646358e-09,7.195114685282009e-09,7.195120037889371e-09,7.195125390468826e-09,7.195130743020198e-09,7.195136095543437e-09,7.195141448038388e-09,7.1951468005054244e-09,7.195152152944345e-09,7.1951575053550836e-09,7.1951628577377385e-09,7.195168210092276e-09,7.195173562418685e-09,7.195178914716982e-09,7.19518426698715e-09,7.195189619229187e-09,7.19519497144309e-09,7.195200323628883e-09,7.195205675786531e-09,7.1952110279160415e-09,7.195216380017409e-09,7.195221732090611e-09,7.195227084135886e-09,7.195232436152706e-09,7.195237788141606e-09,7.195243140102543e-09,7.195248492035208e-09,7.195253843939979e-09,7.195259195816777e-09,7.195264547661817e-09,7.195269899482066e-09,7.1952752512741685e-09,7.1952806030377225e-09,7.195285954773049e-09,7.1952913064794326e-09,7.1952966581590535e-09,7.195302009802813e-09,7.195307361421538e-09,7.195312713016427e-09,7.1953180645833536e-09,7.195323416122328e-09,7.195328767633378e-09,7.195334119116537e-09,7.195339470571833e-09,7.195344821999301e-09,7.195350173395728e-09,7.195355524763739e-09,7.195360876104165e-09,7.195366227416366e-09,7.195371578700346e-09,7.195376929956099e-09,7.195382281183625e-09,7.195387632382924e-09,7.1953929835539856e-09,7.19539833469681e-09,7.195403685811395e-09,7.195409036897747e-09,7.1954143879558464e-09,7.195419738985696e-09,7.195425089987298e-09,7.1954304409606554e-09,7.195435791905759e-09,7.195441142822595e-09,7.195446493711175e-09,7.195451844571492e-09,7.195457195403537e-09,7.195462546207315e-09,7.195467896982821e-09,7.1954732477300505e-09,7.195478598449014e-09,7.195483949139738e-09,7.19548929980216e-09,7.195494650436276e-09,7.195500001042105e-09,7.195505351619641e-09,7.195510702168884e-09,7.1955160526898375e-09,7.19552140318245e-09,7.195526753646767e-09,7.195532104082782e-09,7.195537454490482e-09,7.195542804869884e-09,7.195548155220969e-09,7.195553505543743e-09,7.195558855838195e-09,7.195564206104335e-09,7.195569556342151e-09,7.1955749065516846e-09,7.195580256732886e-09,7.195585606885761e-09,7.195590957010301e-09,7.195596307106505e-09,7.195601657174374e-09,7.1956070072139e-09,7.195612357225088e-09,7.1956177072075e-09,7.195623057161573e-09,7.195628407087301e-09,7.1956337569846794e-09,7.1956391068537045e-09,7.195644456694378e-09,7.195649806506692e-09,7.195655156290645e-09,7.195660506046235e-09,7.195665855773459e-09,7.195671205472311e-09,7.195676555142791e-09,7.195681904784895e-09,7.1956872543986205e-09,7.195692603983967e-09,7.1956979535409295e-09,7.195703303069503e-09,7.1957086525756205e-09,7.195714002053338e-09,7.195719351502659e-09,7.195724700923568e-09,7.195730050316073e-09,7.1957353996801685e-09,7.195740749015846e-09,7.195746098323103e-09,7.195751447601948e-09,7.1957567968523716e-09,7.195762146074374e-09,7.195767495267948e-09,7.195772844433096e-09,7.195778193569814e-09,7.1957835426780975e-09,7.195788891757948e-09,7.195794240809354e-09,7.195799589832318e-09,7.1958049388268465e-09,7.1958102877929254e-09,7.195815636730556e-09,7.1958209856397355e-09,7.195826334520466e-09,7.1958316833727355e-09,7.195837032196547e-09,7.195842380991896e-09,7.195847729758786e-09,7.1958530784972066e-09,7.195858427207162e-09,7.195863775888638e-09,7.195869124541648e-09,7.195874473166177e-09,7.195879821762233e-09,7.1958851703298075e-09,7.195890518868895e-09,7.1958958673794976e-09,7.1959012158616104e-09,7.195906564315234e-09,7.195911912740359e-09,7.195917261136994e-09,7.195922609505126e-09,7.195927957844762e-09,7.195933306155891e-09,7.1959386544385145e-09,7.195944002692628e-09,7.195949350918232e-09,7.19595469911532e-09,7.195960047283897e-09,7.195965395423947e-09,7.19597074353548e-09,7.195976091618491e-09,7.19598143966915e-09,7.195986787691434e-09,7.195992135685429e-09,7.195997483651302e-09,7.1960028315896384e-09,7.196008179505265e-09,7.196013527386168e-09,7.196018875237438e-09,7.196024223057231e-09,7.1960295708484825e-09,7.1960349186111865e-09,7.196040266345338e-09,7.196045614050941e-09,7.196050961727994e-09,7.196056309376492e-09,7.196061656996439e-09,7.196067004587833e-09,7.196072352150676e-09,7.196077699686671e-09,7.196083047194123e-09,7.196088394673516e-09,7.196093742125404e-09,7.196099089551861e-09,7.1961044369447e-09,7.196109784310842e-09,7.1961151316461814e-09,7.196120478953309e-09,7.196125826228575e-09,7.1961311734751095e-09,7.19613652069288e-09,7.196141867881853e-09,7.196147215041993e-09,7.19615256217323e-09,7.196157909282207e-09,7.196163256358683e-09,7.196168603406544e-09,7.196173950425841e-09,7.196179297418395e-09,7.1961846443780815e-09,7.196189991313563e-09,7.1961953382182744e-09,7.196200685094316e-09,7.196206031943196e-09,7.19621137875944e-09,7.196216725547397e-09,7.196222072306998e-09,7.196227419038179e-09,7.196232765740903e-09,7.196238112415135e-09,7.196243459060853e-09,7.196248805680834e-09,7.196254152272172e-09,7.1962594988348594e-09,7.196264845368896e-09,7.1962701918742794e-09,7.196275538351007e-09,7.196280884799073e-09,7.196286231218474e-09,7.19629157760921e-09,7.196296923971271e-09,7.1963022703063195e-09,7.196307616612664e-09,7.196312962890282e-09,7.196318309139177e-09,7.196323655359334e-09,7.196329001550743e-09,7.196334347715428e-09,7.1963396938484095e-09,7.19634503995712e-09,7.196350386034269e-09,7.1963557320848334e-09,7.196361078102394e-09,7.19636642409125e-09,7.196371770056303e-09,7.196377115990247e-09,7.196382461896333e-09,7.19638780777114e-09,7.19639315362211e-09,7.1963984994378175e-09,7.1964038452269214e-09,7.196409190989675e-09,7.196414536721887e-09,7.196419882415507e-09,7.196425228086036e-09,7.196430573726515e-09,7.1964359193441624e-09,7.196441264932502e-09,7.196446610491295e-09,7.1964519560204965e-09,7.196457301520391e-09,7.1964626469916324e-09,7.1964679924228435e-09,7.196473337823207e-09,7.196478683211958e-09,7.196484028568808e-09,7.196489373884334e-09,7.196494719172346e-09,7.196500064444005e-09,7.196505409679006e-09,7.196510754892414e-09,7.196516100079181e-09,7.196521445235497e-09,7.19652679036758e-09,7.196532135465054e-09,7.196537480533704e-09,7.19654282557959e-09,7.19654817059015e-09,7.196553515572036e-09,7.196558860525372e-09,7.196564205449912e-09,7.196569550344561e-09,7.196574895210499e-09,7.1965802400484275e-09,7.196585584857671e-09,7.196590929637897e-09,7.196596274390075e-09,7.196601619113443e-09,7.196606963808005e-09,7.19661230847376e-09,7.196617653110714e-09,7.19662299771885e-09,7.196628342297358e-09,7.196633686847108e-09,7.196639031367636e-09,7.196644375863365e-09,7.196649720323538e-09,7.196655064758939e-09,7.196660409164658e-09,7.1966657535424366e-09,7.196671097881618e-09,7.196676442201352e-09,7.1966817864909116e-09,7.196687130751792e-09,7.196692474984036e-09,7.196697819189407e-09,7.19670316336381e-09,7.19670850750952e-09,7.19671385162601e-09,7.196719195713403e-09,7.196724539773837e-09,7.196729883804098e-09,7.19673522780555e-09,7.1967405717777e-09,7.196745915724419e-09,7.196751259638936e-09,7.196756603524569e-09,7.196761947380386e-09,7.196767291208555e-09,7.196772635006884e-09,7.196777978776477e-09,7.196783322518895e-09,7.196788666231034e-09,7.196794009915356e-09,7.196799353569808e-09,7.196804697195346e-09,7.196810040791883e-09,7.196815384360212e-09,7.196820727899682e-09,7.196826071409899e-09,7.196831414891534e-09,7.196836758343105e-09,7.196842101765972e-09,7.196847445160523e-09,7.196852788525755e-09,7.1968581318664566e-09,7.196863475174865e-09,7.1968688184568564e-09,7.196874161703246e-09,7.196879504923104e-09,7.196884848111878e-09,7.19689019127499e-09,7.196895534409803e-09,7.196900877517925e-09,7.196906220596522e-09,7.1969115636438485e-09,7.196916906662195e-09,7.196922249651303e-09,7.196927592611444e-09,7.196932935542601e-09,7.19693827843998e-09,7.196943621311016e-09,7.196948964151641e-09,7.19695430696604e-09,7.196959649751433e-09,7.1969649925078e-09,7.196970335235008e-09,7.196975677933263e-09,7.196981020602475e-09,7.196986363242633e-09,7.196991705852825e-09,7.196997048435304e-09,7.19700239098806e-09,7.197007733511394e-09,7.1970130760004e-09,7.197018418467227e-09,7.197023760896021e-09,7.197029103303267e-09,7.197034445682416e-09,7.197039788032699e-09,7.197045130354974e-09,7.197050472642192e-09,7.197055814905272e-09,7.197061157153521e-09,7.197066499356649e-09,7.197071841533657e-09,7.197077183681079e-09,7.197082525799129e-09,7.19708786788793e-09,7.19709320994097e-09,7.197098551958526e-09,7.1971038939598485e-09,7.197109235932417e-09,7.197114577871915e-09,7.1971199197887105e-09,7.197125261674951e-09,7.197130603529349e-09,7.197135945356738e-09,7.197141287154855e-09,7.197146628918924e-09,7.197151970658962e-09,7.197157312370061e-09,7.197162654052314e-09,7.197167995705835e-09,7.197173337329726e-09,7.197178678924436e-09,7.197184020490408e-09,7.197189362029771e-09,7.197194703537262e-09,7.1972000450162136e-09,7.197205386454567e-09,7.197210727874824e-09,7.197216069264932e-09,7.197221410626267e-09,7.197226751958524e-09,7.197232093261559e-09,7.197237434543028e-09,7.197242775787442e-09,7.197248117003489e-09,7.197253458190406e-09,7.197258799348183e-09,7.197264140477202e-09,7.197269481576924e-09,7.197274822647274e-09,7.197280163689815e-09,7.197285504702249e-09,7.1972908456857245e-09,7.197296186640004e-09,7.197301527570778e-09,7.197306868455883e-09,7.197312209322201e-09,7.197317550162416e-09,7.197322890972299e-09,7.197328231752202e-09,7.197333572500859e-09,7.19733891320836e-09,7.197344253890417e-09,7.197349594541478e-09,7.1973549351630935e-09,7.197360275767778e-09,7.1973656163432565e-09,7.1973709568895805e-09,7.197376297405901e-09,7.197381637891157e-09,7.197386978343681e-09,7.1973923187708895e-09,7.197397659168833e-09,7.197402999537494e-09,7.197408339877871e-09,7.197413680188348e-09,7.197419020464027e-09,7.197424360714027e-09,7.1974297009367625e-09,7.197435041123814e-09,7.197440381288127e-09,7.1974457214241405e-09,7.197451061529898e-09,7.197456401606556e-09,7.19746174165409e-09,7.197467081672502e-09,7.19747242165859e-09,7.197477761620537e-09,7.19748310155325e-09,7.197488441456725e-09,7.19749378133096e-09,7.197499121175948e-09,7.197504460991692e-09,7.1975098007781845e-09,7.197515140535426e-09,7.197520480263412e-09,7.197525819962098e-09,7.19753115963204e-09,7.1975364992725365e-09,7.197541838883564e-09,7.19754717846837e-09,7.197552518022605e-09,7.197557857546858e-09,7.19756319704139e-09,7.197568536505758e-09,7.197573875942046e-09,7.197579215348459e-09,7.1975845547174475e-09,7.197589894063079e-09,7.197595233371415e-09,7.197600572660108e-09,7.197605911921522e-09,7.197611251155632e-09,7.197616590355081e-09,7.197621929526275e-09,7.197627268668128e-09,7.197632607779762e-09,7.197637946863111e-09,7.197643285917303e-09,7.19764862494147e-09,7.197653963939948e-09,7.197659302905823e-09,7.197664641840062e-09,7.197669980744885e-09,7.197675319624047e-09,7.197680658480569e-09,7.197685997300981e-09,7.197691336092103e-09,7.197696674852508e-09,7.197702013583768e-09,7.197707352286257e-09,7.1977126909589295e-09,7.1977180296043735e-09,7.197723368211665e-09,7.1977287067963936e-09,7.197734045351805e-09,7.1977393838757855e-09,7.197744722372004e-09,7.1977500608387e-09,7.197755399276304e-09,7.1977607376846745e-09,7.197766076057919e-09,7.197771414407567e-09,7.1977767527278135e-09,7.1977820910190455e-09,7.197787429279204e-09,7.197792767511022e-09,7.197798105717719e-09,7.197803443888463e-09,7.197808782032938e-09,7.197814120145985e-09,7.197819458217132e-09,7.1978247962733956e-09,7.197830134291164e-09,7.19783547228879e-09,7.197840810256869e-09,7.197846148183215e-09,7.197851486090544e-09,7.197856823968142e-09,7.1978621618078776e-09,7.1978674996217106e-09,7.197872837407676e-09,7.197878175171762e-09,7.197883512904999e-09,7.197888850607816e-09,7.197894188280911e-09,7.197899525923493e-09,7.197904863538721e-09,7.197910201123856e-09,7.197915538678546e-09,7.1979208761971696e-09,7.197926213688086e-09,7.1979315511564215e-09,7.197936888595321e-09,7.197942226004785e-09,7.1979475633844275e-09,7.1979529007346944e-09,7.19795823805559e-09,7.1979635753471046e-09,7.1979689126092304e-09,7.19797424984197e-09,7.19797958704531e-09,7.197984924219242e-09,7.1979902613637696e-09,7.1979955984788765e-09,7.198000935564169e-09,7.198006272619728e-09,7.198011609645856e-09,7.198016946642503e-09,7.198022283608997e-09,7.198027620546007e-09,7.198032957455221e-09,7.198038294333932e-09,7.198043631183887e-09,7.198048968006609e-09,7.198054304795634e-09,7.198059641555476e-09,7.198064978283273e-09,7.198070314983469e-09,7.198075651654034e-09,7.1980809882973965e-09,7.198086324909873e-09,7.198091661492443e-09,7.198096998044981e-09,7.198102334568852e-09,7.198107671063435e-09,7.1981130075289845e-09,7.198118343964072e-09,7.19812368037028e-09,7.19812901674603e-09,7.198134353092854e-09,7.198139689410143e-09,7.198145025697639e-09,7.198150361955634e-09,7.19815569818487e-09,7.19816103438581e-09,7.198166370554827e-09,7.198171706694266e-09,7.19817704279897e-09,7.198182378880487e-09,7.198187714932359e-09,7.198193050955882e-09,7.198198386948956e-09,7.198203722912061e-09,7.198209058845693e-09,7.198214394749609e-09,7.198219730623955e-09,7.19822506645417e-09,7.1982304022706364e-09,7.198235738059624e-09,7.198241073816369e-09,7.198246409542024e-09,7.198251745237709e-09,7.198257080904766e-09,7.198262416542067e-09,7.198267752149432e-09,7.198273087727688e-09,7.198278423276318e-09,7.1982837587965096e-09,7.198289094279038e-09,7.198294429740423e-09,7.198299765170611e-09,7.198305100571286e-09,7.198310435943155e-09,7.198315771284907e-09,7.19832110659708e-09,7.198326441880964e-09,7.198331777134491e-09,7.1983371123573844e-09,7.198342447552091e-09,7.198347782717913e-09,7.198353117855056e-09,7.19835845295917e-09,7.198363788033617e-09,7.198369123078211e-09,7.198374458093483e-09,7.19837979307914e-09,7.198385128034062e-09,7.198390462962906e-09,7.198395797862489e-09,7.198401132733105e-09,7.198406467575457e-09,7.1984118023845424e-09,7.198417137167534e-09,7.198422471920851e-09,7.198427806637893e-09,7.198433141327423e-09,7.198438475985767e-09,7.198443810623477e-09,7.19844914522626e-09,7.1984544797975366e-09,7.1984598143365094e-09,7.198465148850424e-09,7.198470483332911e-09,7.1984758177866054e-09,7.1984811522152034e-09,7.198486486611836e-09,7.1984918209778e-09,7.198497155313534e-09,7.198502489619237e-09,7.198507823895017e-09,7.198513158138777e-09,7.198518492353719e-09,7.198523826538398e-09,7.198529160693588e-09,7.198534494819408e-09,7.198539828915051e-09,7.198545162982235e-09,7.198550497017535e-09,7.198555831023221e-09,7.198561164999221e-09,7.198566498945518e-09,7.198571832862597e-09,7.198577166749666e-09,7.198582500605973e-09,7.198587834432525e-09,7.198593168229314e-09,7.198598501996343e-09,7.198603835733609e-09,7.19860916944112e-09,7.198614503118875e-09,7.198619836766874e-09,7.198625170385116e-09,7.1986305039736046e-09,7.198635837532335e-09,7.198641171061309e-09,7.1986465045605225e-09,7.198651838029983e-09,7.198657171469687e-09,7.198662504879634e-09,7.198667838265452e-09,7.1986731716221005e-09,7.198678504950392e-09,7.198683838256485e-09,7.1986891715228274e-09,7.198694504763303e-09,7.198699837975285e-09,7.1987051711533524e-09,7.198710504300589e-09,7.198715837410495e-09,7.198721170494298e-09,7.198726503554754e-09,7.198731836577772e-09,7.198737169571172e-09,7.198742502534949e-09,7.198747835469088e-09,7.198753168373584e-09,7.198758501248592e-09,7.198763834093779e-09,7.19876916690772e-09,7.198774499693482e-09,7.198779832447298e-09,7.198785165173224e-09,7.198790497869326e-09,7.198795830536741e-09,7.1988011631731846e-09,7.198806495782369e-09,7.198811828358536e-09,7.198817160905374e-09,7.198822493422567e-09,7.1988278259089315e-09,7.198833158371904e-09,7.198838490799487e-09,7.198843823197196e-09,7.1988491555650374e-09,7.198854487904575e-09,7.198859820213274e-09,7.198865152491784e-09,7.1988704847405845e-09,7.198875816959484e-09,7.198881149149956e-09,7.1988864813090325e-09,7.198891813437979e-09,7.198897145537063e-09,7.1989024776062836e-09,7.198907809645685e-09,7.198913141655197e-09,7.198918473636555e-09,7.198923805588262e-09,7.198929137508193e-09,7.198934469398112e-09,7.1989398012584936e-09,7.1989451330917e-09,7.1989504648919795e-09,7.198955796662523e-09,7.198961128403939e-09,7.198966460114895e-09,7.198971791797254e-09,7.198977123449762e-09,7.198982455084623e-09,7.198987786675669e-09,7.198993118237459e-09,7.198998449769845e-09,7.199003781274441e-09,7.199009112746536e-09,7.1990144441884905e-09,7.199019775598976e-09,7.199025106995958e-09,7.199030438347207e-09,7.1990357696687075e-09,7.199041100959962e-09,7.199046432219918e-09,7.199051763451861e-09,7.1990570946551275e-09,7.199062425827098e-09,7.199067756969533e-09,7.199073088081346e-09,7.199078419163644e-09,7.199083750216167e-09,7.1990890812366344e-09,7.199094412228856e-09,7.199099743201097e-09,7.19910507413305e-09,7.199110405033392e-09,7.199115735905417e-09,7.19912106676722e-09,7.199126397581554e-09,7.1991317283658085e-09,7.1991370591255255e-09,7.199142389850179e-09,7.199147720542682e-09,7.199153051210583e-09,7.1991583818428285e-09,7.199163712447199e-09,7.199169043031325e-09,7.199174373574077e-09,7.199179704086046e-09,7.199185034568213e-09,7.199190365020841e-09,7.199195695443472e-09,7.199201025836097e-09,7.199206356198761e-09,7.19921168653138e-09,7.199217016833997e-09,7.199222347116917e-09,7.1992276773638355e-09,7.1992330075857734e-09,7.1992383377539016e-09,7.199243667912561e-09,7.199248998039016e-09,7.199254328135342e-09,7.199259658170941e-09,7.1992649882035125e-09,7.199270318208249e-09,7.199275648180042e-09,7.199280978120365e-09,7.199286308033481e-09,7.199291637915886e-09,7.199296967769011e-09,7.199302297597552e-09,7.1993076273897104e-09,7.199312957138811e-09,7.199318286871041e-09,7.199323616572973e-09,7.199328946244913e-09,7.199334275886794e-09,7.199339605506658e-09,7.1993449350952125e-09,7.199350264646271e-09,7.199355594167012e-09,7.199360923658566e-09,7.199366253120017e-09,7.199371582550874e-09,7.1993769119515686e-09,7.199382241323547e-09,7.1993875706638096e-09,7.199392899987221e-09,7.199398229266908e-09,7.199403558517729e-09,7.199408887737616e-09,7.199414216929451e-09,7.19941954609007e-09,7.199424875230386e-09,7.199430204331428e-09,7.199435533401653e-09,7.199440862442388e-09,7.199446191451854e-09,7.1994515204321474e-09,7.1994568493824564e-09,7.19946217830261e-09,7.199467507192613e-09,7.1994728360524724e-09,7.1994781648821975e-09,7.1994834936817785e-09,7.19948882245122e-09,7.199494151190524e-09,7.199499479901328e-09,7.199504808580118e-09,7.1995101372278956e-09,7.199515465847769e-09,7.1995207944360716e-09,7.19952612299456e-09,7.199531451522695e-09,7.199536780020709e-09,7.1995421084881176e-09,7.1995474369257566e-09,7.199552765333307e-09,7.199558093710663e-09,7.199563422057346e-09,7.199568750375404e-09,7.1995740786619206e-09,7.199579406914998e-09,7.199584735141632e-09,7.199590063338272e-09,7.199595391504498e-09,7.1996007196404235e-09,7.199606047746377e-09,7.19961137582204e-09,7.1996167038675915e-09,7.199622031882955e-09,7.199627359868089e-09,7.1996326878202886e-09,7.199638015745049e-09,7.199643343638702e-09,7.199648671502695e-09,7.199653999336703e-09,7.199659327140711e-09,7.1996646549144915e-09,7.1996699826623785e-09,7.199675310376561e-09,7.199680638059739e-09,7.199685965710994e-09,7.19969129333891e-09,7.199696620930794e-09,7.199701948492975e-09,7.19970727602509e-09,7.199712603547171e-09,7.199717931018899e-09,7.1997232584601976e-09,7.1997285858714155e-09,7.199733913251756e-09,7.199739240602516e-09,7.199744567922503e-09,7.199749895207688e-09,7.199755222467748e-09,7.199760549697639e-09,7.199765876900008e-09,7.199771204076783e-09,7.19977653121664e-09,7.19978185832557e-09,7.199787185404703e-09,7.199792512453031e-09,7.19979783947142e-09,7.199803166459448e-09,7.199808493417002e-09,7.199813820344195e-09,7.199819147241105e-09,7.199824474107724e-09,7.1998298009454735e-09,7.19983512775019e-09,7.19984045453256e-09,7.199845781266964e-09,7.199851107986512e-09,7.199856434671855e-09,7.19986176132853e-09,7.19986708795395e-09,7.199872414548209e-09,7.199877741112185e-09,7.1998830676458344e-09,7.199888394148465e-09,7.199893720621788e-09,7.1998990470638505e-09,7.1999043734761e-09,7.199909699858771e-09,7.1999150262105645e-09,7.1999203525322466e-09,7.199925678820132e-09,7.199931005081094e-09,7.199936331311331e-09,7.199941657511584e-09,7.199946983681617e-09,7.199952309821312e-09,7.199957635930682e-09,7.19996296201011e-09,7.199968288057293e-09,7.199973614083783e-09,7.199978940089126e-09,7.199984266048984e-09,7.19998959197649e-09,7.199994917867493e-09,7.200000243734309e-09,7.200005569572448e-09,7.200010895378662e-09,7.20001622115447e-09,7.2000215468999274e-09,7.20002687261503e-09,7.200032198299821e-09,7.200037523954057e-09,7.200042849578057e-09,7.2000481751715895e-09,7.200053500734779e-09,7.200058826267545e-09,7.200064151769939e-09,7.200069477241853e-09,7.2000748026827e-09,7.2000801280931636e-09,7.200085453473233e-09,7.200090778822906e-09,7.200096104142181e-09,7.200101429431053e-09,7.200106754689512e-09,7.200112079917566e-09,7.200117405115203e-09,7.200122730282421e-09,7.200128055419212e-09,7.200133380525578e-09,7.200138705601507e-09,7.2001440306469924e-09,7.2001493556620335e-09,7.200154680646617e-09,7.2001600056007296e-09,7.200165330524368e-09,7.200170655417511e-09,7.200175980280136e-09,7.200181305112227e-09,7.200186629913733e-09,7.200191954684604e-09,7.200197279424723e-09,7.200202604133857e-09,7.200207928811186e-09,7.200213253452936e-09,7.200218578070098e-09,7.200223902657791e-09,7.200229227215512e-09,7.200234551743086e-09,7.200239876240419e-09,7.2002452007074664e-09,7.200250525144187e-09,7.20025584955056e-09,7.200261173926564e-09,7.200266498272188e-09,7.200271822587425e-09,7.2002771468722545e-09,7.200282471126675e-09,7.2002877953506815e-09,7.200293119544262e-09,7.200298443707413e-09,7.2003037678401335e-09,7.200309091942412e-09,7.200314416014249e-09,7.20031974005564e-09,7.200325064066576e-09,7.200330388047056e-09,7.200335711997078e-09,7.200341035916639e-09,7.200346359805735e-09,7.200351683664361e-09,7.200357007492519e-09,7.200362331290201e-09,7.200367655057405e-09,7.200372978794125e-09,7.200378302501145e-09,7.200383626177667e-09,7.200388949823689e-09,7.200394273439215e-09,7.2003995970242375e-09,7.2004049205787564e-09,7.200410244102768e-09,7.2004155675962724e-09,7.200420891059266e-09,7.200426214491745e-09,7.200431537893607e-09,7.200436861264952e-09,7.2004421846066505e-09,7.200447507916947e-09,7.200452831195827e-09,7.20045815444516e-09,7.200463477664031e-09,7.200468800852441e-09,7.200474124010082e-09,7.2004794471371856e-09,7.200484770233746e-09,7.200490093299765e-09,7.200495416335222e-09,7.200500739340155e-09,7.200506062314538e-09,7.200511385258373e-09,7.200516708171649e-09,7.200522031054377e-09,7.2005273539064185e-09,7.20053267672834e-09,7.200537999519758e-09,7.2005433222795195e-09,7.200548645008525e-09,7.2005539677067344e-09,7.2005592903675376e-09,7.200564613004846e-09,7.200569935613232e-09,7.200575258189489e-09,7.20058058073597e-09,7.200585903253385e-09,7.200591225738843e-09,7.200596548194215e-09,7.200601870618362e-09,7.200607193012187e-09,7.2006125153758425e-09,7.2006178377081664e-09,7.2006231600115e-09,7.200628482274649e-09,7.20063380451456e-09,7.200639126720674e-09,7.200644448896522e-09,7.200649771042057e-09,7.200655093160145e-09,7.200660415247691e-09,7.200665737305459e-09,7.200671059332336e-09,7.200676381330876e-09,7.200681703297611e-09,7.2006870252285055e-09,7.200692347132992e-09,7.200697669006617e-09,7.200702990849372e-09,7.200708312660474e-09,7.200713634445675e-09,7.200718956196297e-09,7.2007242779163994e-09,7.200729599603461e-09,7.200734921262618e-09,7.200740242891137e-09,7.20074556448901e-09,7.20075088605605e-09,7.200756207592387e-09,7.200761529098005e-09,7.200766850572626e-09,7.200772172016541e-09,7.200777493430292e-09,7.2007828148118655e-09,7.200788136163749e-09,7.200793457485046e-09,7.200798778776098e-09,7.200804100036455e-09,7.200809421266333e-09,7.20081474246552e-09,7.200820063633748e-09,7.20082538477129e-09,7.200830705878205e-09,7.200836026954441e-09,7.200841347999288e-09,7.200846669013499e-09,7.200851989997066e-09,7.200857310949987e-09,7.200862631872256e-09,7.200867952763859e-09,7.200873273624802e-09,7.2008785944550796e-09,7.200883915254678e-09,7.200889236022012e-09,7.2008945567589645e-09,7.200899877465894e-09,7.200905198148459e-09,7.200910518806193e-09,7.200915839422991e-09,7.200921160003056e-09,7.200926480556905e-09,7.200931801080024e-09,7.200937121572411e-09,7.200942442034056e-09,7.200947762464964e-09,7.200953082865123e-09,7.200958403234537e-09,7.2009637235732e-09,7.2009690438811096e-09,7.200974364158256e-09,7.200979684404641e-09,7.200985004620255e-09,7.200990324805096e-09,7.200995644959022e-09,7.201000965083001e-09,7.201006285176242e-09,7.20101160523871e-09,7.201016925270423e-09,7.2010222452713334e-09,7.2010275652415406e-09,7.201032885180986e-09,7.2010382050896705e-09,7.201043524967598e-09,7.201048844814756e-09,7.201054164631145e-09,7.201059484416765e-09,7.201064804165897e-09,7.201070123889965e-09,7.201075443583258e-09,7.2010807632458826e-09,7.201086082877645e-09,7.2010914024783196e-09,7.201096722052198e-09,7.201102041591552e-09,7.201107361098882e-09,7.201112680577588e-09,7.201118000029968e-09,7.201123319449587e-09,7.2011286388326555e-09,7.201133958189955e-09,7.2011392775137535e-09,7.201144596806746e-09,7.2011499160689355e-09,7.201155235300312e-09,7.201160554500871e-09,7.201165873670456e-09,7.201171192809031e-09,7.2011765119167405e-09,7.201181830993791e-09,7.201187150039292e-09,7.201192469052912e-09,7.201197788037686e-09,7.201203106991685e-09,7.201208425914953e-09,7.201213744809364e-09,7.201219063670609e-09,7.201224382501244e-09,7.2012297012988165e-09,7.201235020067804e-09,7.201240338806324e-09,7.201245657513625e-09,7.201250976190421e-09,7.201256294835654e-09,7.2012616134506194e-09,7.201266932034695e-09,7.201272250587734e-09,7.201277569110787e-09,7.201282887604289e-09,7.201288206065057e-09,7.201293524494948e-09,7.201298842893963e-09,7.2013041612629884e-09,7.201309479600975e-09,7.201314797910154e-09,7.201320116185794e-09,7.201325434429965e-09,7.201330752647781e-09,7.2013360708305575e-09,7.20134138897965e-09,7.201346707101196e-09,7.20135202519026e-09,7.2013573432562215e-09,7.201362661249662e-09,7.2013679792368535e-09,7.20137329720337e-09,7.20137861513823e-09,7.201383933042643e-09,7.201389250914997e-09,7.201394568757736e-09,7.201399886569576e-09,7.201405204360035e-09,7.20141052210794e-09,7.201415839823666e-09,7.201421157511829e-09,7.201426475169075e-09,7.201431792795401e-09,7.201437110390813e-09,7.201442427955298e-09,7.201447745488861e-09,7.2014530629914984e-09,7.201458380463383e-09,7.201463697904362e-09,7.201469015314455e-09,7.20147433269372e-09,7.201479650041266e-09,7.2014849673585565e-09,7.201490284644341e-09,7.201495601898931e-09,7.2015009191231935e-09,7.201506236316464e-09,7.201511553478784e-09,7.201516870610153e-09,7.20152218771057e-09,7.201527504780029e-09,7.2015328218185344e-09,7.201538138826077e-09,7.201543455802661e-09,7.201548772748279e-09,7.201554089662936e-09,7.2015594065469475e-09,7.201564723400015e-09,7.201570040222144e-09,7.2015753570141475e-09,7.201580673774345e-09,7.20158599050338e-09,7.2015913072021575e-09,7.20159662386941e-09,7.201601940506475e-09,7.20160725711149e-09,7.201612573685625e-09,7.20161789022729e-09,7.201623206738152e-09,7.201628523218181e-09,7.201633839667343e-09,7.201639156086308e-09,7.201644472474263e-09,7.20164978883122e-09,7.201655105156653e-09,7.201660421453166e-09,7.201665737719539e-09,7.20167105394603e-09,7.20167637015637e-09,7.201681686327263e-09,7.201687002467137e-09,7.201692318575994e-09,7.201697634653827e-09,7.2017029507006825e-09,7.201708266721307e-09,7.201713582681325e-09,7.201718898619719e-09,7.201724214521441e-09,7.201729530419291e-09,7.201734846280803e-09,7.201740162112479e-09,7.201745477905549e-09,7.201750793671013e-09,7.201756109408372e-09,7.2017614251136755e-09,7.201766740788455e-09,7.201772056431766e-09,7.201777372044022e-09,7.2017826876252225e-09,7.201788003175365e-09,7.201793318694571e-09,7.201798634182827e-09,7.201803949634099e-09,7.201809265060002e-09,7.2018145804421914e-09,7.2018198958059505e-09,7.201825211140229e-09,7.20183052643991e-09,7.201835841710531e-09,7.2018411569603844e-09,7.201846472141817e-09,7.201851787319341e-09,7.201857102465347e-09,7.201862417581956e-09,7.20186773266623e-09,7.201873047717589e-09,7.2018783627399825e-09,7.201883677726585e-09,7.201888992677134e-09,7.201894307606867e-09,7.201899622504341e-09,7.20190493737044e-09,7.201910252205789e-09,7.201915566999347e-09,7.201920881771646e-09,7.201926196504382e-09,7.201931511196865e-09,7.201936825876194e-09,7.201942140523824e-09,7.201947455139812e-09,7.201952769724647e-09,7.201958084278327e-09,7.201963398800857e-09,7.201968713292236e-09,7.201974027752473e-09,7.201979342181564e-09,7.201984656581835e-09,7.201989970944695e-09,7.201995285279977e-09,7.20200059958619e-09,7.20200591386212e-09,7.202011228106075e-09,7.202016542318071e-09,7.202021856498937e-09,7.2020271706486715e-09,7.202032484767261e-09,7.202037798854718e-09,7.20204311291103e-09,7.2020484269361964e-09,7.202053740930218e-09,7.202059054893092e-09,7.202064368824816e-09,7.2020696827253855e-09,7.2020749965948015e-09,7.20208031043306e-09,7.202085624240159e-09,7.202090938016097e-09,7.20209625176087e-09,7.20210156547518e-09,7.2021068791590835e-09,7.20211219281171e-09,7.2021175064330175e-09,7.2021228200333375e-09,7.2021281335923416e-09,7.2021334471202394e-09,7.20213876061622e-09,7.202144074079846e-09,7.202149387513894e-09,7.202154700916768e-09,7.202160014288382e-09,7.202165327627948e-09,7.20217064093785e-09,7.202175954208549e-09,7.202181267456147e-09,7.202186580669381e-09,7.202191893851204e-09,7.2021972070017296e-09,7.202202520116783e-09,7.202207833201241e-09,7.202213146254953e-09,7.202218459277811e-09,7.202223772274219e-09,7.2022290852340915e-09,7.202234398171249e-09,7.202239711074263e-09,7.202245023950997e-09,7.202250336796373e-09,7.202255649605242e-09,7.202260962382914e-09,7.202266275129381e-09,7.202271587844632e-09,7.202276900528669e-09,7.202282213181482e-09,7.202287525803072e-09,7.202292838389913e-09,7.20229815092738e-09,7.202303463450712e-09,7.202308775948287e-09,7.2023140884155404e-09,7.202319400849754e-09,7.202324713255938e-09,7.2023300256256996e-09,7.202335337967228e-09,7.202340650282217e-09,7.202345962560082e-09,7.202351274809542e-09,7.2023565870305335e-09,7.202361899214644e-09,7.20236721136691e-09,7.202372523488468e-09,7.202377835561309e-09,7.202383147623164e-09,7.20238845965233e-09,7.202393771651296e-09,7.202399083616787e-09,7.2024043955520485e-09,7.2024097074566036e-09,7.202415019325187e-09,7.202420331166574e-09,7.2024256429761494e-09,7.202430954754792e-09,7.2024362665010164e-09,7.20244157821536e-09,7.202446889898805e-09,7.202452201545731e-09,7.2024575131561166e-09,7.202462824745474e-09,7.202468136303234e-09,7.202473447830761e-09,7.202478759326486e-09,7.202484070794412e-09,7.202489382225673e-09,7.202494693629402e-09,7.202500005001974e-09,7.20250531634311e-09,7.202510627650639e-09,7.202515938934945e-09,7.202521250179723e-09,7.202526561397917e-09,7.202531872567568e-09,7.202537183718322e-09,7.202542494837197e-09,7.20254780592411e-09,7.202553116990385e-09,7.202558428015862e-09,7.202563739009912e-09,7.2025690499724995e-09,7.202574360903667e-09,7.202579671792248e-09,7.202584982661008e-09,7.2025902934951684e-09,7.202595604310586e-09,7.202600915097967e-09,7.202606225855203e-09,7.202611536576599e-09,7.202616847256982e-09,7.202622157906742e-09,7.202627468524372e-09,7.202632779110618e-09,7.202638089665494e-09,7.20264340018889e-09,7.202648710681074e-09,7.202654021141784e-09,7.2026593315711114e-09,7.202664641965494e-09,7.20266995233148e-09,7.202675262664667e-09,7.202680572978706e-09,7.202685883255509e-09,7.202691193496437e-09,7.202696503705967e-09,7.2027018138845435e-09,7.202707124030965e-09,7.202712434146792e-09,7.202717744230621e-09,7.202723054282925e-09,7.2027283643041385e-09,7.202733674293488e-09,7.202738984252452e-09,7.202744294175633e-09,7.202749604071085e-09,7.202754913935102e-09,7.202760223767733e-09,7.202765533568893e-09,7.202770843338301e-09,7.202776153076278e-09,7.202781462782827e-09,7.202786772457935e-09,7.2027920821016065e-09,7.202797391705312e-09,7.202802701285558e-09,7.202808010830812e-09,7.202813320352687e-09,7.202818629839936e-09,7.2028239392951755e-09,7.202829248715373e-09,7.202834558104384e-09,7.202839867465353e-09,7.202845176794268e-09,7.202850486081766e-09,7.202855795346531e-09,7.202861104581213e-09,7.202866413784862e-09,7.2028717229570435e-09,7.20287703209776e-09,7.202882341207004e-09,7.202887650284775e-09,7.202892959331069e-09,7.202898268345893e-09,7.202903577329237e-09,7.202908886281097e-09,7.202914195201478e-09,7.202919504090369e-09,7.202924812947776e-09,7.202930121773699e-09,7.20293543056813e-09,7.202940739331066e-09,7.20294604806251e-09,7.202951356762464e-09,7.202956665430914e-09,7.202961974067863e-09,7.202967282673313e-09,7.202972591247259e-09,7.202977899789697e-09,7.20298320830063e-09,7.202988516780053e-09,7.202993825227963e-09,7.202999133644358e-09,7.203004442029235e-09,7.203009750382599e-09,7.203015058704443e-09,7.203020366994766e-09,7.203025675253567e-09,7.203030983480839e-09,7.203036291676582e-09,7.203041599840801e-09,7.203046907973485e-09,7.203052216074638e-09,7.203057524144256e-09,7.203062832182334e-09,7.203068140188878e-09,7.20307344816388e-09,7.203078756107336e-09,7.2030840640192534e-09,7.20308937189958e-09,7.203094679748362e-09,7.203099987565591e-09,7.2031052953512695e-09,7.203110603105393e-09,7.20311591082796e-09,7.203121218518971e-09,7.2031265261784175e-09,7.2031318338063016e-09,7.203137141402621e-09,7.2031424489673775e-09,7.203147756500566e-09,7.2031530640021826e-09,7.203158371472227e-09,7.203163678910701e-09,7.203168986317594e-09,7.2031742936929135e-09,7.203179601036654e-09,7.203184908348808e-09,7.2031902156293794e-09,7.203195522878371e-09,7.203200830095768e-09,7.203206137281578e-09,7.2032114444358e-09,7.203216751558427e-09,7.2032220586494584e-09,7.203227365708893e-09,7.20323267273673e-09,7.203237979732963e-09,7.2032432866975956e-09,7.203248593630624e-09,7.203253900532047e-09,7.2032592074018544e-09,7.2032645142400565e-09,7.203269821046647e-09,7.2032751278216194e-09,7.2032804345649795e-09,7.203285741276716e-09,7.203291047956839e-09,7.2032963546053365e-09,7.20330166122221e-09,7.203306967807457e-09,7.2033122743610765e-09,7.2033175808830615e-09,7.203322887373421e-09,7.203328193832147e-09,7.203333500259237e-09,7.2033388066546876e-09,7.203344113018496e-09,7.203349419350669e-09,7.203354725651196e-09,7.203360031920079e-09,7.203365338157312e-09,7.203370644362901e-09,7.2033759505368335e-09,7.203381256679114e-09,7.203386562789741e-09,7.2033918688687525e-09,7.2033971749161285e-09,7.203402480931831e-09,7.203407786915873e-09,7.203413092868249e-09,7.203418398788958e-09,7.203423704678e-09,7.20342901053537e-09,7.203434316361068e-09,7.2034396221561654e-09,7.203444927918516e-09,7.203450233647787e-09,7.203455539349275e-09,7.203460845015761e-09,7.203466150651387e-09,7.203471456255328e-09,7.203476761831699e-09,7.203482067372058e-09,7.203487372880918e-09,7.203492678360877e-09,7.203497983806058e-09,7.203503289219134e-09,7.203508594600591e-09,7.2035138999502485e-09,7.203519205268085e-09,7.203524510554094e-09,7.203529815808257e-09,7.2035351210305445e-09,7.2035404262224e-09,7.2035457313817785e-09,7.203551036510205e-09,7.203556341606916e-09,7.2035616466719145e-09,7.203566951705188e-09,7.203572256706809e-09,7.203577561677174e-09,7.203582866615275e-09,7.20358817152165e-09,7.203593476394982e-09,7.2035987812379694e-09,7.203604086049095e-09,7.203609390828528e-09,7.203614695576246e-09,7.203620000292769e-09,7.2036253049774154e-09,7.203630609629905e-09,7.203635914240539e-09,7.203641218835803e-09,7.203646523395782e-09,7.2036518279212775e-09,7.203657132415023e-09,7.203662436878743e-09,7.203667741309199e-09,7.20367304572145e-09,7.203678350073531e-09,7.203683654412621e-09,7.203688958723502e-09,7.20369426299495e-09,7.2036995672346056e-09,7.203704871445183e-09,7.203710175620959e-09,7.203715479762977e-09,7.2037207838751395e-09,7.203726087955932e-09,7.2037313920055235e-09,7.203736696022801e-09,7.20374200000824e-09,7.203747303961852e-09,7.203752607883493e-09,7.203757911772819e-09,7.2037632156299476e-09,7.203768519461043e-09,7.20377382325557e-09,7.203779127018498e-09,7.2037844307496264e-09,7.2037897344483795e-09,7.203795038115577e-09,7.20380034175144e-09,7.203805645353608e-09,7.203810948925514e-09,7.203816252466026e-09,7.203821555975988e-09,7.203826859453937e-09,7.203832162898437e-09,7.2038374663108095e-09,7.203842769691155e-09,7.203848073039559e-09,7.203853376354377e-09,7.203858679639693e-09,7.203863982893629e-09,7.203869286115722e-09,7.203874589309654e-09,7.203879892468558e-09,7.203885195599968e-09,7.203890498694789e-09,7.2038958017591495e-09,7.203901104790251e-09,7.203906407789512e-09,7.203911710756327e-09,7.203917013691994e-09,7.203922316591208e-09,7.2039276194630706e-09,7.203932922303059e-09,7.203938225111237e-09,7.203943527887253e-09,7.203948830631718e-09,7.203954133344247e-09,7.203959436024991e-09,7.203964738673877e-09,7.2039700412909014e-09,7.203975343878412e-09,7.203980646429774e-09,7.203985948951649e-09,7.203991251444742e-09,7.203996553902072e-09,7.204001856327276e-09,7.204007158720658e-09,7.204012461082096e-09,7.204017763413842e-09,7.204023065712311e-09,7.204028367978715e-09,7.204033670211948e-09,7.204038972414575e-09,7.204044274584983e-09,7.204049576723834e-09,7.204054878832372e-09,7.204060180907727e-09,7.2040654829510504e-09,7.2040707849655976e-09,7.204076086944463e-09,7.2040813888881485e-09,7.204086690800275e-09,7.204091992690632e-09,7.204097294542465e-09,7.204102596362541e-09,7.2041078981504564e-09,7.20411319990532e-09,7.204118501629962e-09,7.2041238033221345e-09,7.2041291049823886e-09,7.2041344066107466e-09,7.204139708207125e-09,7.2041450097717206e-09,7.2041503113043655e-09,7.204155612805081e-09,7.204160914273733e-09,7.204166215710492e-09,7.204171517115324e-09,7.204176818499138e-09,7.204182119840095e-09,7.204187421148634e-09,7.204192722425705e-09,7.2041980236701634e-09,7.204203324883689e-09,7.204208626065111e-09,7.204213927214864e-09,7.204219228334262e-09,7.204224529419791e-09,7.204229830473674e-09,7.204235131508024e-09,7.2042404324980734e-09,7.204245733458526e-09,7.204251034384096e-09,7.20425633527836e-09,7.204261636140011e-09,7.204266936969396e-09,7.2042722377657045e-09,7.204277538530941e-09,7.204282839264283e-09,7.204288139966093e-09,7.204293440636377e-09,7.204298741275776e-09,7.204304041891115e-09,7.204309342464884e-09,7.204314643006792e-09,7.204319943516682e-09,7.2043252439932135e-09,7.204330544428764e-09,7.20433584484269e-09,7.204341145224648e-09,7.204346445574097e-09,7.204351745892567e-09,7.204357046178274e-09,7.2043623464323056e-09,7.2043676466542224e-09,7.204372946844702e-09,7.204378247001936e-09,7.204383547127164e-09,7.204388847223139e-09,7.204394147285534e-09,7.204399447315007e-09,7.2044047473128975e-09,7.2044100472783305e-09,7.204415347213725e-09,7.2044206471156944e-09,7.2044259469860165e-09,7.204431246824131e-09,7.204436546628912e-09,7.204441846401962e-09,7.204447146143672e-09,7.204452445853779e-09,7.204457745531229e-09,7.204463045176837e-09,7.2044683447904015e-09,7.204473644372092e-09,7.204478943921745e-09,7.2044842434393725e-09,7.204489542924956e-09,7.204494842378508e-09,7.204500141800016e-09,7.204505441189493e-09,7.2045107405469256e-09,7.204516039841893e-09,7.204521339108648e-09,7.204526638346524e-09,7.2045319375754986e-09,7.204537236772412e-09,7.204542535937257e-09,7.204547835070043e-09,7.204553134170821e-09,7.204558433239474e-09,7.204563732278766e-09,7.2045690312834246e-09,7.204574330239898e-09,7.20457962916241e-09,7.204584928049859e-09,7.204590226899609e-09,7.204595525726455e-09,7.204600824518092e-09,7.204606123300262e-09,7.2046114220506284e-09,7.204616720744667e-09,7.204622019395122e-09,7.20462731802538e-09,7.204632616655803e-09,7.204637915254114e-09,7.204643213820379e-09,7.2046485123546855e-09,7.2046538108554124e-09,7.2046591093194125e-09,7.204664407746219e-09,7.2046697061415725e-09,7.204675004504258e-09,7.204680302839973e-09,7.204685601138392e-09,7.20469089938861e-09,7.204696197606816e-09,7.2047014958086235e-09,7.204706793978618e-09,7.204712092116489e-09,7.204717390222237e-09,7.204722688295867e-09,7.2047279863373685e-09,7.20473328434674e-09,7.204738582323982e-09,7.2047438802690905e-09,7.204749178182317e-09,7.204754476059309e-09,7.204759773896594e-09,7.204765071709811e-09,7.204770369493873e-09,7.204775667246152e-09,7.204780964965701e-09,7.204786262654652e-09,7.204791560301596e-09,7.204796857927715e-09,7.204802155519199e-09,7.204807453078611e-09,7.2048127505919616e-09,7.204818048086324e-09,7.204823345548663e-09,7.2048286429808545e-09,7.204833940379314e-09,7.204839237745731e-09,7.204844535071476e-09,7.204849832374765e-09,7.2048551296530485e-09,7.204860426887836e-09,7.204865724093302e-09,7.204871021262769e-09,7.204876318396959e-09,7.20488161550699e-09,7.204886912581051e-09,7.204892209627501e-09,7.2048975066401115e-09,7.204902803623251e-09,7.204908100571633e-09,7.2049133974875625e-09,7.204918694371236e-09,7.2049239912227795e-09,7.204929288045532e-09,7.204934584841178e-09,7.204939881600139e-09,7.204945178323503e-09,7.204950475015002e-09,7.204955771673832e-09,7.204961068299972e-09,7.204966364893903e-09,7.204971661456281e-09,7.204976957976892e-09,7.204982254474127e-09,7.204987550939007e-09,7.20499284737379e-09,7.204998143771475e-09,7.205003440141186e-09,7.205008736479791e-09,7.205014032783094e-09,7.205019329054861e-09,7.20502462529301e-09,7.205029921485202e-09,7.205035217660862e-09,7.2050405137764014e-09,7.205045809886677e-09,7.2050511059651696e-09,7.2050564020110486e-09,7.205061698024936e-09,7.205066993970699e-09,7.205072289920411e-09,7.2050775858249985e-09,7.2050828817154064e-09,7.2050881775672644e-09,7.205093473365351e-09,7.2050987691543554e-09,7.205104064908456e-09,7.2051093606403865e-09,7.205114656346885e-09,7.205119952007268e-09,7.205125247638137e-09,7.205130543232666e-09,7.205135838795006e-09,7.205141134328494e-09,7.20514642983463e-09,7.205151725301269e-09,7.205157020733614e-09,7.205162316134244e-09,7.205167611503139e-09,7.205172906839703e-09,7.205178202142226e-09,7.205183497425932e-09,7.2051887926655215e-09,7.205194087876579e-09,7.205199383051588e-09,7.205204678194107e-09,7.205209973300605e-09,7.2052152683787586e-09,7.205220563422808e-09,7.205225858437086e-09,7.205231153411063e-09,7.205236448369029e-09,7.205241743284019e-09,7.205247038168385e-09,7.205252333020447e-09,7.205257627840379e-09,7.205262922627829e-09,7.2052682173829674e-09,7.205273512105796e-09,7.205278806796523e-09,7.205284101454874e-09,7.2052893960796696e-09,7.205294690673944e-09,7.205299985235192e-09,7.205305279764227e-09,7.205310574260831e-09,7.205315868725321e-09,7.205321163152126e-09,7.205326457551636e-09,7.205331751919525e-09,7.205337046246837e-09,7.205342340550068e-09,7.20534763482076e-09,7.2053529290587174e-09,7.2053582232643115e-09,7.205363517436151e-09,7.205368811577089e-09,7.205374105681233e-09,7.205379399757471e-09,7.205384693801361e-09,7.205389987812827e-09,7.2053952818021375e-09,7.205400575748076e-09,7.205405869658488e-09,7.205411163541137e-09,7.205416457390967e-09,7.20542175120837e-09,7.205427044993406e-09,7.205432338746135e-09,7.20543763246689e-09,7.205442926153515e-09,7.205448219809425e-09,7.205453513432627e-09,7.205458807024812e-09,7.205464100591172e-09,7.2054693941178076e-09,7.205474687613076e-09,7.205479981074396e-09,7.205485274503334e-09,7.205490567899888e-09,7.205495861264057e-09,7.205501154595806e-09,7.205506447894329e-09,7.205511741158291e-09,7.205517034394023e-09,7.205522327596194e-09,7.2055276207663404e-09,7.205532913904162e-09,7.205538207009273e-09,7.205543500082442e-09,7.205548793123049e-09,7.20555408613089e-09,7.205559379106626e-09,7.205564672048873e-09,7.205569964959161e-09,7.2055752578375086e-09,7.205580550683062e-09,7.2055858434964525e-09,7.2055911362774025e-09,7.205596429021545e-09,7.205601721723464e-09,7.205607014407644e-09,7.2056123070596555e-09,7.2056175996789495e-09,7.2056228922659745e-09,7.205628184819951e-09,7.205633477341268e-09,7.205638769830396e-09,7.205644062287076e-09,7.205649354711322e-09,7.205654647103134e-09,7.205659939462631e-09,7.205665231789627e-09,7.205670524083992e-09,7.2056758163507114e-09,7.205681108580789e-09,7.205686400777937e-09,7.20569169294264e-09,7.205696985074897e-09,7.20570227717525e-09,7.205707569243198e-09,7.2057128612800085e-09,7.205718153280629e-09,7.2057234452483235e-09,7.2057287371863285e-09,7.205734029094839e-09,7.205739320958496e-09,7.205744612798206e-09,7.205749904605825e-09,7.2057551963776535e-09,7.205760488117099e-09,7.205765779824185e-09,7.2057710714989725e-09,7.205776363141555e-09,7.205781654726014e-09,7.205786946306321e-09,7.205792237854247e-09,7.2057975293695275e-09,7.205802820854947e-09,7.205808112306959e-09,7.2058134037219804e-09,7.205818695104277e-09,7.2058239864539284e-09,7.2058292777748716e-09,7.20583456906583e-09,7.20583986032164e-09,7.20584515154487e-09,7.205850442734567e-09,7.20585573389088e-09,7.205861025016524e-09,7.205866316116903e-09,7.205871607177364e-09,7.2058768982052445e-09,7.205882189198485e-09,7.2058874801604625e-09,7.205892771085844e-09,7.2058980619864856e-09,7.205903352849993e-09,7.205908643682466e-09,7.205913934482726e-09,7.205919225250458e-09,7.205924515985668e-09,7.205929806688188e-09,7.2059350973462765e-09,7.205940387982535e-09,7.205945678591143e-09,7.205950969166157e-09,7.205956259706175e-09,7.205961550213677e-09,7.20596684069425e-09,7.2059721311374195e-09,7.205977421547262e-09,7.205982711923977e-09,7.205988002271991e-09,7.205993292578658e-09,7.205998582857976e-09,7.206003873103123e-09,7.206009163319369e-09,7.206014453501378e-09,7.206019743650835e-09,7.206025033763207e-09,7.206030323847648e-09,7.206035613901488e-09,7.206040903920153e-09,7.206046193907033e-09,7.2060514838600585e-09,7.206056773781532e-09,7.206062063670476e-09,7.206067353527242e-09,7.2060726433504706e-09,7.206077933141757e-09,7.206083222900357e-09,7.206088512623673e-09,7.206093802317217e-09,7.206099091972955e-09,7.206104381615101e-09,7.206109671210838e-09,7.206114960778949e-09,7.206120250309506e-09,7.206125539807474e-09,7.206130829267779e-09,7.2061361186914054e-09,7.2061414081004355e-09,7.206146697468022e-09,7.2061519867961756e-09,7.206157276095667e-09,7.206162565365439e-09,7.206167854598377e-09,7.206173143803955e-09,7.206178432975574e-09,7.206183722115434e-09,7.206189011222447e-09,7.206194300296981e-09,7.206199589338503e-09,7.20620487834323e-09,7.2062101673286605e-09,7.206215456270958e-09,7.206220745192818e-09,7.2062260340547655e-09,7.206231322910228e-09,7.206236611739733e-09,7.206241900520139e-09,7.206247189267014e-09,7.20625247798178e-09,7.206257766664265e-09,7.206263055315853e-09,7.206268343933835e-09,7.206273632518574e-09,7.2062789210675066e-09,7.206284209586358e-09,7.206289498068979e-09,7.206294786523249e-09,7.206300074944965e-09,7.206305363333918e-09,7.206310651690146e-09,7.206315940014152e-09,7.206321228307499e-09,7.2063265165802e-09,7.206331804822842e-09,7.206337093007986e-09,7.206342381173328e-09,7.206347669304957e-09,7.206352957405128e-09,7.206358245467429e-09,7.2063635334937865e-09,7.206368821487589e-09,7.2063741094488844e-09,7.206379397381869e-09,7.206384685283908e-09,7.206389973148312e-09,7.206395260982448e-09,7.206400548780024e-09,7.20640583652576e-09,7.2064111242630095e-09,7.206416411966263e-09,7.206421699637867e-09,7.2064269872725026e-09,7.206432274874273e-09,7.206437562443228e-09,7.206442849979399e-09,7.206448137482804e-09,7.206453424956501e-09,7.206458712391124e-09,7.2064639998094176e-09,7.206469287185663e-09,7.2064745745300055e-09,7.206479861834963e-09,7.206485149111329e-09,7.206490436360353e-09,7.206495723576368e-09,7.206501010755438e-09,7.206506297892928e-09,7.2065115850060125e-09,7.206516872106463e-09,7.206522159154289e-09,7.2065274461636665e-09,7.206532733147295e-09,7.206538020093123e-09,7.206543307009794e-09,7.206548593895107e-09,7.206553880747224e-09,7.206559167567e-09,7.206564454353907e-09,7.206569741108016e-09,7.206575027832545e-09,7.2065803145213896e-09,7.206585601177223e-09,7.206590887800484e-09,7.206596174391112e-09,7.206601460950711e-09,7.2066067474754224e-09,7.206612033968293e-09,7.206617320427599e-09,7.2066226068533445e-09,7.2066278932475775e-09,7.2066331796090435e-09,7.206638465938136e-09,7.206643752234862e-09,7.206649038498159e-09,7.2066543247290056e-09,7.206659610925116e-09,7.2066648970901105e-09,7.206670183224792e-09,7.2066754693258065e-09,7.206680755402122e-09,7.2066860414585715e-09,7.206691327459592e-09,7.206696613427827e-09,7.206701899363229e-09,7.206707185265839e-09,7.20671247113579e-09,7.206717756972527e-09,7.20672304277705e-09,7.206728328550391e-09,7.2067336142874e-09,7.2067388999928514e-09,7.206744185664509e-09,7.206749471304932e-09,7.206754756912563e-09,7.2067600424873886e-09,7.2067653280294345e-09,7.2067706135385066e-09,7.206775899014858e-09,7.206781184458734e-09,7.20678646986947e-09,7.206791755244727e-09,7.206797040581997e-09,7.206802325896846e-09,7.2068076111762245e-09,7.206812896421083e-09,7.206818181641051e-09,7.20682346682226e-09,7.20682875197065e-09,7.206834037086226e-09,7.206839322168983e-09,7.206844607219216e-09,7.206849892236833e-09,7.206855177221129e-09,7.206860462172598e-09,7.206865747088722e-09,7.206871031965586e-09,7.206876316817638e-09,7.206881601641245e-09,7.2068868864016586e-09,7.2068921711561574e-09,7.206897455877817e-09,7.20690274056664e-09,7.2069080252226775e-09,7.206913309863242e-09,7.206918594453544e-09,7.206923879011003e-09,7.2069291635371244e-09,7.20693444802804e-09,7.206939732486957e-09,7.206945016912638e-09,7.206950301305719e-09,7.2069555856668e-09,7.206960869984502e-09,7.2069661542679695e-09,7.206971438524803e-09,7.20697672275374e-09,7.206982006952459e-09,7.206987291117805e-09,7.206992575230324e-09,7.206997859326621e-09,7.207003143388038e-09,7.207008427419783e-09,7.207013711418201e-09,7.207018995386843e-09,7.207024279326799e-09,7.20702956322803e-09,7.2070348470931715e-09,7.207040130927275e-09,7.2070454147318866e-09,7.207050698502062e-09,7.207055982237902e-09,7.207061265934014e-09,7.20706654960245e-09,7.207071833236737e-09,7.20707711683626e-09,7.207082400408905e-09,7.2070876839501495e-09,7.207092967457133e-09,7.207098250933778e-09,7.2071035343764e-09,7.2071088177848675e-09,7.20711410115887e-09,7.207119384497941e-09,7.2071246678045156e-09,7.207129951084216e-09,7.207135234317243e-09,7.2071405175088805e-09,7.207145800687115e-09,7.207151083829802e-09,7.207156366938178e-09,7.207161650018549e-09,7.207166933062279e-09,7.207172216117523e-09,7.207177499101759e-09,7.207182782039238e-09,7.2071880649524385e-09,7.207193347831615e-09,7.2071986306796045e-09,7.207203913494018e-09,7.2072091962804965e-09,7.207214479029042e-09,7.207219761743313e-09,7.207225044403359e-09,7.207230327055666e-09,7.207235609659902e-09,7.207240892244318e-09,7.207246174797202e-09,7.207251457322515e-09,7.207256739808665e-09,7.207262022271358e-09,7.207267304690195e-09,7.207272587076658e-09,7.207277869428111e-09,7.207283151748375e-09,7.207288434009551e-09,7.207293716264077e-09,7.207298998473741e-09,7.207304280662342e-09,7.2073095628184026e-09,7.207314844939142e-09,7.207320127023943e-09,7.20732540908035e-09,7.207330691108675e-09,7.207335973092913e-09,7.207341255054172e-09,7.207346536991545e-09,7.207351818883256e-09,7.2073571007408454e-09,7.207362382566566e-09,7.207367664358874e-09,7.207372946128427e-09,7.207378227855395e-09,7.207383509552533e-09,7.207388791208757e-09,7.207394072841684e-09,7.2073993544376134e-09,7.2074046359948805e-09,7.207409917515684e-09,7.207415199011568e-09,7.207420480465509e-09,7.2074257618945856e-09,7.207431043288733e-09,7.207436324654409e-09,7.207441605984059e-09,7.207446887281558e-09,7.207452168546426e-09,7.207457449778292e-09,7.207462730977161e-09,7.207468012150497e-09,7.207473293290229e-09,7.207478574387821e-09,7.207483855451571e-09,7.2074891364813335e-09,7.207494417487418e-09,7.20749969845298e-09,7.207504979387433e-09,7.207510260288294e-09,7.2075155411652836e-09,7.20752082199775e-09,7.207526102797921e-09,7.20753138356541e-09,7.207536664308169e-09,7.2075419450114205e-09,7.207547225681702e-09,7.207552506324444e-09,7.207557786929544e-09,7.207563067501899e-09,7.207568348037749e-09,7.207573628547858e-09,7.207578909019981e-09,7.2075841894590105e-09,7.207589469864953e-09,7.207594750236153e-09,7.207600030574337e-09,7.207605310881485e-09,7.207610591154967e-09,7.2076158713958445e-09,7.207621151603677e-09,7.207626431780691e-09,7.207631711927465e-09,7.2076369920374536e-09,7.2076422720958496e-09,7.20764755213789e-09,7.2076528321474945e-09,7.207658112123281e-09,7.207663392066747e-09,7.207668671976983e-09,7.20767395185358e-09,7.207679231697663e-09,7.2076845115427e-09,7.2076897913194826e-09,7.207695071071293e-09,7.20770035078312e-09,7.207705630461076e-09,7.207710910106796e-09,7.207716189719274e-09,7.207721469298692e-09,7.2077267488454135e-09,7.207732028357783e-09,7.207737307862125e-09,7.207742587306479e-09,7.207747866727701e-09,7.2077531461088975e-09,7.207758425460483e-09,7.207763704777679e-09,7.207768984056329e-09,7.207774263302642e-09,7.207779542517009e-09,7.2077848217017956e-09,7.207790100857084e-09,7.207795379976566e-09,7.207800659070223e-09,7.207805938121613e-09,7.207811217138275e-09,7.2078164961232304e-09,7.207821775075442e-09,7.207827053993665e-09,7.2078323328785966e-09,7.207837611731221e-09,7.207842890550894e-09,7.207848169347048e-09,7.207853448109807e-09,7.207858726839277e-09,7.207864005535606e-09,7.207869284198983e-09,7.207874562829604e-09,7.2078798414276515e-09,7.207885119993211e-09,7.207890398513004e-09,7.207895677000248e-09,7.207900955455237e-09,7.2079062338773265e-09,7.2079115122684755e-09,7.2079167906234725e-09,7.2079220689424855e-09,7.2079273472315025e-09,7.207932625486613e-09,7.207937903710744e-09,7.2079431819013155e-09,7.207948460060141e-09,7.2079537381826174e-09,7.2079590162720754e-09,7.207964294328073e-09,7.20796957236038e-09,7.207974850350736e-09,7.2079801283072226e-09,7.207985406230616e-09,7.207990684121378e-09,7.207995961978793e-09,7.208001239802676e-09,7.208006517593374e-09,7.208011795351033e-09,7.208017073075138e-09,7.208022350763594e-09,7.208027628425138e-09,7.208032906052264e-09,7.208038183644477e-09,7.2080434612026896e-09,7.208048738739918e-09,7.208054016241852e-09,7.208059293700702e-09,7.20806457112633e-09,7.2080698485187535e-09,7.208075125877966e-09,7.208080403203977e-09,7.208085680496793e-09,7.208090957756406e-09,7.208096234982824e-09,7.208101512176039e-09,7.2081067893360554e-09,7.208112066462873e-09,7.208117343556494e-09,7.208122620616916e-09,7.208127897644142e-09,7.208133174638178e-09,7.208138451599032e-09,7.20814372852671e-09,7.2081490054230576e-09,7.2081542822884454e-09,7.208159559118238e-09,7.208164835914084e-09,7.208170112676487e-09,7.208175389405518e-09,7.20818066608785e-09,7.2081859427502306e-09,7.208191219379816e-09,7.208196495975397e-09,7.208201772537723e-09,7.208207049066803e-09,7.208212325544926e-09,7.208217601994348e-09,7.208222878398017e-09,7.208228154763375e-09,7.208233431119965e-09,7.208238707447986e-09,7.2082439837436195e-09,7.208249260010271e-09,7.208254536243451e-09,7.208259812439979e-09,7.208265088603272e-09,7.208270364749387e-09,7.208275640825151e-09,7.208280916896218e-09,7.208286192909978e-09,7.208291468904337e-09,7.208296744864868e-09,7.208302020808508e-09,7.2083072966967455e-09,7.208312572550352e-09,7.208317848382222e-09,7.208323124179844e-09,7.208328399942117e-09,7.208333675719664e-09,7.2083389514168814e-09,7.208344227125096e-09,7.208349502774628e-09,7.208354778375253e-09,7.208360053938218e-09,7.208365329466615e-09,7.208370604964198e-09,7.208375880427544e-09,7.208381155858846e-09,7.208386431256006e-09,7.208391706621561e-09,7.208396981953757e-09,7.208402257272531e-09,7.2084075325340565e-09,7.208412807757487e-09,7.208418082968438e-09,7.208423358136118e-09,7.208428633270172e-09,7.208433908370523e-09,7.208439183434813e-09,7.208444458464673e-09,7.208449733462098e-09,7.208455008402214e-09,7.208460283335141e-09,7.208465558234115e-09,7.20847083308119e-09,7.208476107911999e-09,7.208481382709357e-09,7.208486657473294e-09,7.208491932205245e-09,7.208497206903186e-09,7.208502481567626e-09,7.20850775619855e-09,7.208513030795081e-09,7.20851830534528e-09,7.2085235798622025e-09,7.208528854345843e-09,7.2085341287962075e-09,7.208539403213291e-09,7.208544677597102e-09,7.208549951947632e-09,7.208555226264884e-09,7.208560500548858e-09,7.208565774799551e-09,7.208571049016963e-09,7.2085763232011e-09,7.208581597351956e-09,7.208586871469536e-09,7.208592145553833e-09,7.208597419604849e-09,7.2086026936225815e-09,7.2086079676070375e-09,7.208613241558212e-09,7.2086185154760995e-09,7.208623789360707e-09,7.2086290632120285e-09,7.208634337030066e-09,7.208639610814812e-09,7.208644884566274e-09,7.208650158284448e-09,7.2086554319693325e-09,7.208660705620927e-09,7.2086659792483095e-09,7.208671252842307e-09,7.208676526402925e-09,7.208681799930158e-09,7.208687073424004e-09,7.208692346884464e-09,7.208697620311529e-09,7.208702893705206e-09,7.208708167065485e-09,7.208713440392372e-09,7.2087187136858595e-09,7.208723986945943e-09,7.208729260172629e-09,7.2087345333659024e-09,7.208739806525777e-09,7.2087450796522354e-09,7.2087503527452835e-09,7.208755625804921e-09,7.208760898831138e-09,7.208766171823939e-09,7.208771444783321e-09,7.20877671770928e-09,7.20878199060484e-09,7.208787263466959e-09,7.2087925362966376e-09,7.2087978090994585e-09,7.2088030818625144e-09,7.2088083545892174e-09,7.208813627282477e-09,7.208818899942291e-09,7.208824172568652e-09,7.208829445161563e-09,7.208834717721007e-09,7.20883999024699e-09,7.208845262739504e-09,7.208850535198546e-09,7.208855807624108e-09,7.208861080016185e-09,7.208866352365857e-09,7.208871624680736e-09,7.208876896960273e-09,7.208882169203428e-09,7.208887441407812e-09,7.208892713564063e-09,7.208897985702732e-09,7.208903257801665e-09,7.208908529875507e-09,7.208913801919805e-09,7.208919073942884e-09,7.208924345937828e-09,7.208929617898132e-09,7.208934889818051e-09,7.208940161705392e-09,7.208945433560043e-09,7.208950705373625e-09,7.208955977154625e-09,7.208961248911209e-09,7.2089665206410575e-09,7.208971792330611e-09,7.208977063978123e-09,7.208982335591386e-09,7.208987607170608e-09,7.208992878723897e-09,7.2089981502431155e-09,7.20900342172826e-09,7.2090086931826476e-09,7.209013964587568e-09,7.209019235938782e-09,7.20902450726477e-09,7.209029778571508e-09,7.209035049849404e-09,7.20904032110413e-09,7.20904559232551e-09,7.209050863513538e-09,7.209056134668196e-09,7.2090614057894826e-09,7.2090666768773836e-09,7.2090719479334414e-09,7.2090772189561085e-09,7.20908248994562e-09,7.209087760897074e-09,7.209093031800074e-09,7.209098302686751e-09,7.209103573542863e-09,7.209108844365432e-09,7.209114115151067e-09,7.209119385903261e-09,7.209124656622013e-09,7.209129927307316e-09,7.20913519795917e-09,7.209140468577571e-09,7.209145739162516e-09,7.209151009714004e-09,7.2091562802320365e-09,7.209161550716606e-09,7.20916682116771e-09,7.2091720915853486e-09,7.209177361969518e-09,7.209182632320215e-09,7.209187902637441e-09,7.209193172921192e-09,7.20919844317146e-09,7.209203713380393e-09,7.209208983555794e-09,7.209214253697676e-09,7.209219523806041e-09,7.20922479388089e-09,7.209230063933997e-09,7.209235333953603e-09,7.20924060393971e-09,7.20924587389232e-09,7.209251143811432e-09,7.2092564136970506e-09,7.2092616835491686e-09,7.209266953367796e-09,7.209272223152928e-09,7.209277492904568e-09,7.2092827626227226e-09,7.209288032307305e-09,7.209293301957808e-09,7.209298571574408e-09,7.209303841158558e-09,7.2093091107067755e-09,7.209314380223377e-09,7.209319649706523e-09,7.209324919155799e-09,7.209330188571041e-09,7.20933545795276e-09,7.209340727300976e-09,7.209345996615773e-09,7.2093512659010035e-09,7.20935653513495e-09,7.209361804333356e-09,7.209367073494284e-09,7.209372342607786e-09,7.209377611703181e-09,7.2093828807620155e-09,7.2093881497863706e-09,7.209393418782199e-09,7.20939868774675e-09,7.209403956679087e-09,7.2094092255955944e-09,7.209414494476801e-09,7.209419763337421e-09,7.209425032161893e-09,7.209430300920878e-09,7.209435569646412e-09,7.2094408383384525e-09,7.209446106996979e-09,7.209451375621968e-09,7.209456644221418e-09,7.2094619127871976e-09,7.209467181294257e-09,7.209472449759293e-09,7.209477718232919e-09,7.209482986677192e-09,7.209488255087194e-09,7.209493523453326e-09,7.209498791793275e-09,7.209504060116714e-09,7.209509328411043e-09,7.2095145966208486e-09,7.209519864827549e-09,7.209525133002178e-09,7.209530401129752e-09,7.209535669223721e-09,7.209540937297614e-09,7.209546205335833e-09,7.209551473340593e-09,7.209556741311739e-09,7.2095620092492605e-09,7.209567277153294e-09,7.209572545022046e-09,7.209577812866376e-09,7.209583080686242e-09,7.209588348468339e-09,7.209593616210726e-09,7.209598883911801e-09,7.209604151583492e-09,7.209609419221284e-09,7.209614686821623e-09,7.209619954387241e-09,7.20962522192027e-09,7.209630489419517e-09,7.2096357568849115e-09,7.209641024316278e-09,7.209646291713045e-09,7.209651559071331e-09,7.209656826402846e-09,7.2096620937003376e-09,7.209667360959588e-09,7.2096726281899195e-09,7.209677895377847e-09,7.2096831625392405e-09,7.2096884296680135e-09,7.209693696763543e-09,7.209698963828082e-09,7.209704230864094e-09,7.209709497857845e-09,7.2097147648176674e-09,7.209720031747763e-09,7.209725298642999e-09,7.209730565505013e-09,7.2097358323340996e-09,7.209741099128822e-09,7.209746365890549e-09,7.209751632617285e-09,7.2097568993114135e-09,7.209762165972847e-09,7.2097674326031915e-09,7.20977269919587e-09,7.209777965753733e-09,7.209783232287492e-09,7.209788498777801e-09,7.2097937652343675e-09,7.209799031657424e-09,7.20980429804679e-09,7.209809564402477e-09,7.20981483072442e-09,7.209820097021592e-09,7.2098253632769464e-09,7.209830629516845e-09,7.2098358957119755e-09,7.209841161876334e-09,7.209846427998006e-09,7.20985169408438e-09,7.209856960136885e-09,7.209862226158732e-09,7.209867492146021e-09,7.209872758097582e-09,7.209878024015349e-09,7.209883289901171e-09,7.20988855575473e-09,7.209893821575159e-09,7.209899087363025e-09,7.2099043531120055e-09,7.209909618827253e-09,7.209914884510972e-09,7.209920150161109e-09,7.209925415777684e-09,7.209930681360731e-09,7.209935946910288e-09,7.209941212426397e-09,7.20994647790911e-09,7.209951743352481e-09,7.209957008761746e-09,7.209962274136758e-09,7.20996753947728e-09,7.209972804782825e-09,7.209978070059585e-09,7.209983335306368e-09,7.209988600517806e-09,7.209993865692769e-09,7.209999130832644e-09,7.210004395940059e-09,7.210009661013596e-09,7.210014926053197e-09,7.210020191058643e-09,7.210025456029107e-09,7.210030720971518e-09,7.2100359858773366e-09,7.210041250749349e-09,7.210046515587762e-09,7.2100517803910554e-09,7.210057045161904e-09,7.210062309899045e-09,7.210067574602107e-09,7.2100728392800716e-09,7.210078103915522e-09,7.210083368515788e-09,7.2100886330839834e-09,7.210093897602504e-09,7.210099162107337e-09,7.210104426580855e-09,7.210109691018255e-09,7.210114955417472e-09,7.210120219782979e-09,7.210125484114699e-09,7.210130748412635e-09,7.21013601267678e-09,7.2101412769082086e-09,7.210146541104291e-09,7.2101518052680694e-09,7.2101570693965865e-09,7.210162333489379e-09,7.210167597568376e-09,7.210172861620615e-09,7.210178125629269e-09,7.210183389591716e-09,7.2101886535193295e-09,7.210193917412687e-09,7.210199181271516e-09,7.210204445096348e-09,7.210209708899455e-09,7.210214972656183e-09,7.210220236378712e-09,7.2102255000681204e-09,7.2102307637438214e-09,7.210236027395495e-09,7.2102412909888025e-09,7.210246554542944e-09,7.21025181803713e-09,7.210257081523644e-09,7.210262344976725e-09,7.210267608353372e-09,7.2102728717400384e-09,7.210278135095607e-09,7.210283398415376e-09,7.210288661695706e-09,7.210293924947221e-09,7.210299188185513e-09,7.210304451369278e-09,7.210309714513772e-09,7.210314977629797e-09,7.210320240712274e-09,7.210325503756112e-09,7.210330766770452e-09,7.210336029758392e-09,7.210341292712829e-09,7.210346555625454e-09,7.210351818503763e-09,7.210357081348844e-09,7.21036234416008e-09,7.2103676069375525e-09,7.21037286967928e-09,7.210378132388961e-09,7.210383395060265e-09,7.2103886577019725e-09,7.210393920311164e-09,7.2103991828935836e-09,7.210404445440055e-09,7.210409707968991e-09,7.210414970444833e-09,7.210420232872721e-09,7.21042549526767e-09,7.2104307576357875e-09,7.210436019971815e-09,7.210441282262875e-09,7.2104465445251006e-09,7.210451806760914e-09,7.210457068961518e-09,7.210462331152568e-09,7.210467593296821e-09,7.210472855392974e-09,7.210478117455462e-09,7.2104833794847875e-09,7.210488641481615e-09,7.210493903446431e-09,7.210499165377884e-09,7.210504427284377e-09,7.210509689132708e-09,7.210514950957211e-09,7.2105202127454695e-09,7.21052547450354e-09,7.210530736229275e-09,7.210535997922596e-09,7.210541259582261e-09,7.210546521207491e-09,7.210551782799991e-09,7.210557044357562e-09,7.210562305893946e-09,7.210567567385619e-09,7.210572828840106e-09,7.210578090258506e-09,7.210583351646606e-09,7.210588612987759e-09,7.2105938743350485e-09,7.2105991356147795e-09,7.2106043968642464e-09,7.210609658074933e-09,7.21061491925963e-09,7.210620180411132e-09,7.210625441523027e-09,7.2106307026056625e-09,7.210635963654648e-09,7.210641224670274e-09,7.2106464856520095e-09,7.2106517465990385e-09,7.210657007512252e-09,7.210662268393447e-09,7.210667529243519e-09,7.210672790050359e-09,7.2106780508310385e-09,7.210683311574897e-09,7.2106885722853955e-09,7.210693832965061e-09,7.2106990936076765e-09,7.210704354216593e-09,7.21070961479076e-09,7.210714875330995e-09,7.210720135835098e-09,7.210725396307464e-09,7.210730656745899e-09,7.210735917150357e-09,7.210741177520885e-09,7.210746437857476e-09,7.2107516981601306e-09,7.2107569584288475e-09,7.210762218662944e-09,7.210767478863624e-09,7.2107727390396744e-09,7.210777999171234e-09,7.210783259267535e-09,7.210788519332448e-09,7.210793779355275e-09,7.210799039353145e-09,7.210804299316839e-09,7.210809559246526e-09,7.210814819142181e-09,7.2108200790037785e-09,7.210825338831134e-09,7.210830598585891e-09,7.2108358583454134e-09,7.2108411180595595e-09,7.210846377740435e-09,7.210851637396745e-09,7.210856897020592e-09,7.2108621566039e-09,7.210867416155943e-09,7.210872675677379e-09,7.210877935164238e-09,7.210883194618081e-09,7.210888454037633e-09,7.210893713423259e-09,7.2108989727756754e-09,7.210904232092766e-09,7.2109094913758324e-09,7.210914750623048e-09,7.210920009837159e-09,7.210925269034048e-09,7.210930528185075e-09,7.210935787302595e-09,7.210941046366352e-09,7.210946305412077e-09,7.210951564425106e-09,7.210956823403039e-09,7.210962082347076e-09,7.210967341260366e-09,7.210972600135886e-09,7.210977858977606e-09,7.210983117785206e-09,7.210988376560037e-09,7.2109936352885155e-09,7.2109988939983105e-09,7.211004152671872e-09,7.211009411300279e-09,7.2110146698917835e-09,7.211019928465824e-09,7.211025187004935e-09,7.2110304455039034e-09,7.2110357039686064e-09,7.211040962403552e-09,7.211046220816873e-09,7.211051479183345e-09,7.2110567375157674e-09,7.21106199581893e-09,7.211067254077048e-09,7.211072512309207e-09,7.21107777050133e-09,7.211083028675845e-09,7.211088286800752e-09,7.211093544890564e-09,7.211098802949333e-09,7.211104060977157e-09,7.211109318970051e-09,7.2111145769285176e-09,7.211119834836718e-09,7.2111250927133984e-09,7.211130350560771e-09,7.211135608381713e-09,7.211140866164423e-09,7.2111461239151384e-09,7.211151381662237e-09,7.211156639368695e-09,7.211161897022959e-09,7.211167154642508e-09,7.21117241222666e-09,7.2111776697762295e-09,7.211182927290507e-09,7.2111881847699824e-09,7.21119344221294e-09,7.211198699621394e-09,7.21120395699624e-09,7.211209214339963e-09,7.211214471645605e-09,7.211219728922015e-09,7.211224986160486e-09,7.211230243337994e-09,7.211235500500254e-09,7.211240757629275e-09,7.2112460147342405e-09,7.211251271807329e-09,7.211256528845508e-09,7.2112617858599735e-09,7.211267042823764e-09,7.2112722997530196e-09,7.211277556655431e-09,7.2112828135231085e-09,7.211288070356309e-09,7.211293327155758e-09,7.211298583921016e-09,7.211303840647805e-09,7.211309097361617e-09,7.211314354028855e-09,7.2113196106520326e-09,7.2113248672436835e-09,7.2113301238072856e-09,7.211335380334354e-09,7.21134063682466e-09,7.211345893289407e-09,7.2113511497086995e-09,7.211356406099266e-09,7.211361662454493e-09,7.2113669187764725e-09,7.211372175068806e-09,7.211377431322779e-09,7.21138268754256e-09,7.211387943733057e-09,7.211393199884938e-09,7.2113984560069414e-09,7.211403712110204e-09,7.211408968159736e-09,7.211414224176225e-09,7.211419480154045e-09,7.211424736093762e-09,7.2114299920065565e-09,7.2114352478859354e-09,7.211440503737145e-09,7.211445759572762e-09,7.21145101534872e-09,7.211456271092339e-09,7.211461526803444e-09,7.211466782474107e-09,7.211472038105778e-09,7.211477293710099e-09,7.211482549281959e-09,7.211487804812747e-09,7.2114930603080916e-09,7.2114983157881706e-09,7.21150357122768e-09,7.211508826629086e-09,7.211514082002622e-09,7.211519337335574e-09,7.211524592634171e-09,7.21152984789037e-09,7.211535103122071e-09,7.211540358318536e-09,7.211545613499552e-09,7.211550868629509e-09,7.211556123714802e-09,7.211561378782772e-09,7.211566633802762e-09,7.2115718887944675e-09,7.211577143751423e-09,7.21158239867512e-09,7.211587653563753e-09,7.2115929084181216e-09,7.211598163238487e-09,7.21160341799708e-09,7.211608672742409e-09,7.2116139274602445e-09,7.211619182155794e-09,7.211624436805326e-09,7.211629691416652e-09,7.21163494601817e-09,7.211640200566221e-09,7.211645455078898e-09,7.2116507095520954e-09,7.211655963997556e-09,7.211661218377081e-09,7.211666472750248e-09,7.211671727093126e-09,7.211676981396557e-09,7.211682235670655e-09,7.211687489909321e-09,7.21169274411423e-09,7.2116979982852645e-09,7.2117032524233026e-09,7.211708506545758e-09,7.211713760612399e-09,7.21171901464159e-09,7.211724268641604e-09,7.211729522607776e-09,7.211734776539343e-09,7.211740030437511e-09,7.211745284306351e-09,7.2117505381385495e-09,7.2117557919333845e-09,7.211761045694245e-09,7.211766299422231e-09,7.211771553116839e-09,7.211776806774761e-09,7.211782060398687e-09,7.211787313984291e-09,7.211792567539307e-09,7.211797821056007e-09,7.211803074543121e-09,7.21180832799596e-09,7.211813581412159e-09,7.211818834793654e-09,7.211824088131711e-09,7.211829341447591e-09,7.211834594726756e-09,7.2118398479526425e-09,7.2118451011663335e-09,7.21185035436516e-09,7.2118556075058805e-09,7.21186086061656e-09,7.211866113695164e-09,7.2118713667359754e-09,7.211876619740465e-09,7.211881872699708e-09,7.211887125638558e-09,7.211892378543341e-09,7.211897631413258e-09,7.211902884243311e-09,7.2119081370232865e-09,7.211913389790149e-09,7.211918642524219e-09,7.21192389522351e-09,7.21192914789211e-09,7.211934400523498e-09,7.2119396531335e-09,7.2119449056948094e-09,7.211950158223421e-09,7.211955410717768e-09,7.2119606631770634e-09,7.211965915595759e-09,7.211971167986033e-09,7.211976420342725e-09,7.211981672651855e-09,7.2119869249399036e-09,7.211992177194472e-09,7.211997429414775e-09,7.212002681563901e-09,7.212007933716082e-09,7.212013185831172e-09,7.212018437914148e-09,7.212023689962457e-09,7.2120289419732995e-09,7.2120341939535865e-09,7.2120394458992195e-09,7.212044697811965e-09,7.212049949690922e-09,7.2120552015367756e-09,7.212060453346941e-09,7.212065705134955e-09,7.212070956876088e-09,7.212076208582122e-09,7.212081460239029e-09,7.212086711866153e-09,7.212091963470519e-09,7.212097215040679e-09,7.212102466576811e-09,7.212107718079101e-09,7.212112969556994e-09,7.212118220987487e-09,7.2121234723831045e-09,7.2121287237584346e-09,7.2121339750848915e-09,7.212139226380082e-09,7.2121444776406265e-09,7.212149728868881e-09,7.212154980058254e-09,7.21216023121644e-09,7.212165482343677e-09,7.212170733432611e-09,7.212175984460532e-09,7.2121812354752935e-09,7.21218648646187e-09,7.212191737426153e-09,7.212196988346274e-09,7.2122022392163965e-09,7.212207490066494e-09,7.212212740882826e-09,7.2122179916628825e-09,7.212223242406952e-09,7.212228493118807e-09,7.212233743795653e-09,7.212238994439261e-09,7.212244245048363e-09,7.212249495584039e-09,7.212254746124639e-09,7.212259996632162e-09,7.212265247118898e-09,7.2122704975560516e-09,7.212275747958669e-09,7.212280998326785e-09,7.212286248660139e-09,7.212291498959799e-09,7.212296749225124e-09,7.212301999456114e-09
11,6.81532033664088e-25,9.169489340814513e-25,1.128696410423133e-24,1.3334877443919667e-24,1.5333950735560541e-24,1.729617886641632e-24,1.9230514695513264e-24,2.1143732293981092e-24,2.304096042879604e-24,2.492608229206333e-24,2.680203800590611e-24,2.86710536560764e-24,3.0534814702431857e-24,3.2394597275018482e-24,3.425136758368723e-24,3.610585718508414e-24,3.795861997049256e-24,3.98100753134334e-24,4.16605407386249e-24,4.351025665692577e-24,4.535940509314276e-24,4.7208123865650205e-24,4.90565173223262e-24,5.0904664469186765e-24,5.275262512489075e-24,5.4600444580573286e-24,5.6448157127989144e-24,5.829578873082123e-24,6.014335904721872e-24,6.199088296117442e-24,6.383837174195846e-24,6.5685833921989765e-24,6.753327596151203e-24,6.938070275183842e-24,7.122811799638432e-24,7.30755244991453e-24,7.492292438314753e-24,7.677031925581934e-24,7.861771033421096e-24,8.046509853979683e-24,8.231248457026462e-24,8.415986895386508e-24,8.600725209055417e-24,8.785463428315409e-24,8.970201576095045e-24,9.154939669753645e-24,9.339677722435067e-24,9.52441574409094e-24,9.70915374225643e-24,9.893891722635873e-24,1.0078629689549244e-23,1.0263367646266538e-23,1.0448105595264276e-23,1.0632843538417055e-23,1.0817581477144549e-23,1.1002319412521138e-23,1.1187057345361116e-23,1.1371795276280231e-23,1.1556533205744673e-23,1.1741271134108236e-23,1.1926009061638096e-23,1.2110746988536863e-23,1.2295484914957474e-23,1.2480222841016213e-23,1.2664960766801062e-23,1.284969869237851e-23,1.3034436617798874e-23,1.321917454310041e-23,1.340391246831173e-23,1.3588650393455073e-23,1.3773388318546756e-23,1.3958126243599034e-23,1.4142864168621927e-23,1.4327602093622745e-23,1.4512340018606192e-23,1.469707794357683e-23,1.4881815868537476e-23,1.5066553793491627e-23,1.5251291718439647e-23,1.5436029643383385e-23,1.562076756832418e-23,1.5805505493262499e-23,1.599024341819895e-23,1.617498134313379e-23,1.635971926806788e-23,1.6544457193001133e-23,1.6729195117933857e-23,1.6913933042865966e-23,1.7098670967798047e-23,1.728340889272932e-23,1.7468146817660474e-23,1.7652884742591808e-23,1.783762266752269e-23,1.8022360592453703e-23,1.8207098517384438e-23,1.83918364423154e-23,1.8576574367246233e-23,1.8761312292177162e-23,1.894605021710762e-23,1.9130788142038193e-23,1.9315526066969148e-23,1.9500263991900238e-23,1.9685001916830435e-23,1.9869739841761357e-23,2.0054477766691728e-23,2.023921569162253e-23,2.042395361655325e-23,2.060869154148406e-23,2.079342946641469e-23,2.0978167391345277e-23,2.1162905316275982e-23,2.1347643241206723e-23,2.1532381166137366e-23,2.171711909106817e-23,2.190185701599859e-23,2.2086594940929552e-23,2.227133286586031e-23,2.2456070790790898e-23,2.2640808715721662e-23,2.282554664065236e-23,2.301028456558281e-23,2.3195022490513354e-23,2.33797604154441e-23,2.3564498340375014e-23,2.374923626530568e-23,2.3933974190236427e-23,2.411871211516751e-23,2.4303450040098087e-23,2.4488187965028452e-23,2.4672925889959213e-23,2.4857663814889736e-23,2.5042401739820738e-23,2.5227139664751584e-23,2.5411877589682236e-23,2.55966155146124e-23,2.5781353439543405e-23,2.5966091364474416e-23,2.6150829289404807e-23,2.6335567214335686e-23,2.652030513926612e-23,2.6705043064196676e-23,2.688978098912748e-23,2.70745189140584e-23,2.7259256838988894e-23,2.74439947639196e-23,2.7628732688850234e-23,2.7813470613781165e-23,2.7998208538711856e-23,2.8182946463642746e-23,2.8367684388573625e-23,2.8552422313503886e-23,2.873716023843486e-23,2.89218981633656e-23,2.910663608829615e-23,2.929137401322691e-23,2.947611193815772e-23,2.966084986308836e-23,2.984558778801854e-23,3.003032571294941e-23,3.0215063637879753e-23,3.039980156281069e-23,3.0584539487740935e-23,3.0769277412672166e-23,3.095401533760305e-23,3.113875326253359e-23,3.132349118746395e-23,3.15082291123948e-23,3.169296703732568e-23,3.187770496225639e-23,3.2062442887186917e-23,3.224718081211727e-23,3.2431918737048304e-23,3.2616656661978994e-23,3.280139458690973e-23,3.2986132511840904e-23,3.3170870436771124e-23,3.335560836170192e-23,3.354034628663249e-23,3.3725084211563237e-23,3.3909822136494315e-23,3.4094560061425023e-23,3.427929798635566e-23,3.44640359112868e-23,3.464877383621695e-23,3.483351176114782e-23,3.501824968607835e-23,3.520298761100877e-23,3.538772553593942e-23,3.557246346087048e-23,3.575720138580138e-23,3.594193931073143e-23,3.612667723566213e-23,3.631141516059289e-23,3.6496153085523106e-23,3.668089101045325e-23,3.6865628935383735e-23,3.70503668603147e-23,3.723510478524505e-23,3.7419842710176076e-23,3.760458063510674e-23,3.7789318560037833e-23,3.797405648496849e-23,3.8158794409898685e-23,3.834353233482927e-23,3.8528270259759255e-23,3.871300818469029e-23,3.889774610962047e-23,3.9082484034551145e-23,3.926722195948187e-23,3.94519598844123e-23,3.963669780934309e-23,3.982143573427359e-23,4.0006173659204303e-23,4.019091158413473e-23,4.0375649509065367e-23,4.0560387433995516e-23,4.074512535892637e-23,4.0929863283858126e-23,4.1114601208787976e-23,4.129933913371792e-23,4.1484077058648304e-23,4.1668814983578883e-23,4.1853552908508904e-23,4.2038290833439336e-23,4.222302875836988e-23,4.24077666833009e-23,4.259250460823146e-23,4.277724253316252e-23,4.296198045809246e-23,4.314671838302325e-23,4.333145630795288e-23,4.351619423288422e-23,4.3700932157815544e-23,4.388567008274592e-23,4.4070408007676314e-23,4.4255145932606763e-23,4.4439883857536966e-23,4.4624621782467404e-23,4.480935970739805e-23,4.4994097632328585e-23,4.517883555725991e-23,4.536357348219039e-23,4.554831140712062e-23,4.5733049332051094e-23,4.5917787256982096e-23,4.610252518191305e-23,4.6287263106843294e-23,4.647200103177366e-23,4.665673895670418e-23,4.6841476881635166e-23,4.702621480656611e-23,4.72109527314958e-23,4.739569065642694e-23,4.7580428581357834e-23,4.776516650628767e-23,4.7949904431218615e-23,4.8134642356149224e-23,4.8319380281079397e-23,4.85041182060108e-23,4.868885613094154e-23,4.8873594055871503e-23,4.905833198080267e-23,4.924306990573244e-23,4.942780783066366e-23,4.961254575559447e-23,4.9797283680524544e-23,4.998202160545457e-23,5.0166759530386213e-23,5.0351497455316686e-23,5.0536235380246907e-23,5.0720973305177485e-23,5.090571123010841e-23,5.10904491550383e-23,5.127518707996918e-23,5.1459925004899366e-23,5.164466292982976e-23,5.1829400854759777e-23,5.2014138779690073e-23,5.219887670462137e-23,5.238361462955147e-23,5.256835255448194e-23,5.2753090479412665e-23,5.293782840434379e-23,5.312256632927467e-23,5.330730425420462e-23,5.349204217913477e-23,5.367678010406556e-23,5.386151802899514e-23,5.404625595392619e-23,5.423099387885707e-23,5.44157318037869e-23,5.46004697287183e-23,5.478520765364811e-23,5.496994557857913e-23,5.515468350351e-23,5.533942142844012e-23,5.552415935337018e-23,5.570889727830123e-23,5.589363520323131e-23,5.607837312816157e-23,5.626311105309201e-23,5.644784897802261e-23,5.663258690295367e-23,5.681732482788365e-23,5.700206275281436e-23,5.718680067774455e-23,5.737153860267514e-23,5.755627652760686e-23,5.774101445253718e-23,5.792575237746724e-23,5.811049030239727e-23,5.829522822732878e-23,5.847996615225892e-23,5.866470407718975e-23,5.884944200211963e-23,5.903417992705065e-23,5.921891785198092e-23,5.940365577691196e-23,5.958839370184253e-23,5.977313162677327e-23,5.995786955170385e-23,6.014260747663373e-23,6.032734540156437e-23,6.051208332649412e-23,6.069682125142467e-23,6.088155917635489e-23,6.106629710128565e-23,6.12510350262158e-23,6.143577295114658e-23,6.162051087607664e-23,6.180524880100748e-23,6.198998672593739e-23,6.217472465086865e-23,6.235946257579955e-23,6.25442005007293e-23,6.272893842566048e-23,6.291367635059037e-23,6.30984142755207e-23,6.328315220044989e-23,6.346789012538086e-23,6.365262805031153e-23,6.383736597524212e-23,6.402210390017292e-23,6.42068418251032e-23,6.439157975003361e-23,6.45763176749638e-23,6.476105559989459e-23,6.494579352482481e-23,6.513053144975672e-23,6.531526937468618e-23,6.550000729961705e-23,6.568474522454763e-23,6.586948314947866e-23,6.605422107440811e-23,6.623895899933859e-23,6.642369692426883e-23,6.660843484919953e-23,6.679317277413038e-23,6.697791069906086e-23,6.716264862399098e-23,6.73473865489214e-23,6.753212447385306e-23,6.771686239878323e-23,6.790160032371337e-23,6.808633824864467e-23,6.827107617357535e-23,6.845581409850551e-23,6.8640552023436e-23,6.882528994836643e-23,6.901002787329725e-23,6.919476579822707e-23,6.937950372315757e-23,6.956424164808936e-23,6.974897957301933e-23,6.993371749794976e-23,7.011845542288046e-23,7.030319334781093e-23,7.048793127274114e-23,7.067266919767244e-23,7.085740712260294e-23,7.104214504753314e-23,7.122688297246425e-23,7.141162089739419e-23,7.159635882232469e-23,7.178109674725472e-23,7.196583467218537e-23,7.215057259711547e-23,7.233531052204637e-23,7.252004844697666e-23,7.270478637190762e-23,7.288952429683783e-23,7.307426222176812e-23,7.325900014669901e-23,7.344373807162974e-23,7.362847599655961e-23,7.381321392149077e-23,7.399795184642062e-23,7.418268977135201e-23,7.436742769628381e-23,7.45521656212124e-23,7.473690354614368e-23,7.492164147107298e-23,7.510637939600471e-23,7.529111732093471e-23,7.547585524586526e-23,7.566059317079652e-23,7.584533109572623e-23,7.603006902065704e-23,7.621480694558756e-23,7.639954487051825e-23,7.658428279544857e-23,7.676902072037925e-23,7.695375864530948e-23,7.71384965702395e-23,7.732323449516964e-23,7.750797242010061e-23,7.769271034503265e-23,7.787744826996282e-23,7.806218619489341e-23,7.824692411982268e-23,7.843166204475437e-23,7.861639996968466e-23,7.880113789461563e-23,7.898587581954575e-23,7.917061374447604e-23,7.93553516694069e-23,7.954008959433706e-23,7.972482751926701e-23,7.990956544419746e-23,8.009430336912815e-23,8.027904129405817e-23,8.046377921898895e-23,8.064851714391989e-23,8.083325506885097e-23,8.101799299378158e-23,8.120273091871098e-23,8.13874688436423e-23,8.157220676857235e-23,8.175694469350265e-23,8.194168261843479e-23,8.21264205433642e-23,8.231115846829564e-23,8.249589639322576e-23,8.268063431815623e-23,8.286537224308726e-23,8.305011016801744e-23,8.323484809294745e-23,8.341958601787801e-23,8.360432394280893e-23,8.378906186773927e-23,8.397379979266999e-23,8.415853771760032e-23,8.434327564253111e-23,8.452801356746144e-23,8.471275149239077e-23,8.489748941732312e-23,8.508222734225279e-23,8.526696526718358e-23,8.545170319211354e-23,8.563644111704405e-23,8.582117904197451e-23,8.600591696690482e-23,8.619065489183647e-23,8.637539281676586e-23,8.656013074169819e-23,8.674486866662811e-23,8.692960659155746e-23,8.711434451648921e-23,8.729908244141847e-23,8.748382036635028e-23,8.766855829128013e-23,8.785329621621024e-23,8.803803414114145e-23,8.822277206607232e-23,8.840750999100278e-23,8.859224791593273e-23,8.877698584086415e-23,8.896172376579456e-23,8.914646169072552e-23,8.933119961565513e-23,8.951593754058645e-23,8.970067546551623e-23,8.988541339044681e-23,9.007015131537816e-23,9.025488924030854e-23,9.043962716523849e-23,9.062436509016991e-23,9.080910301509996e-23,9.099384094002987e-23,9.117857886496085e-23,9.136331678989143e-23,9.154805471482213e-23,9.173279263975271e-23,9.191753056468194e-23,9.210226848961251e-23,9.228700641454327e-23,9.247174433947475e-23,9.265648226440497e-23,9.284122018933529e-23,9.302595811426503e-23,9.321069603919498e-23,9.339543396412655e-23,9.3580171889057e-23,9.376490981398702e-23,9.3949647738918e-23,9.413438566384961e-23,9.431912358878068e-23,9.450386151371049e-23,9.468859943864163e-23,9.487333736357091e-23,9.505807528850136e-23,9.524281321343178e-23,9.54275511383623e-23,9.561228906329234e-23,9.579702698822272e-23,9.598176491315125e-23,9.616650283808203e-23,9.635124076301209e-23,9.6535978687942e-23,9.672071661287249e-23,9.690545453780451e-23,9.709019246273313e-23,9.727493038766264e-23,9.745966831259212e-23,9.764440623752388e-23,9.782914416245409e-23,9.801388208738454e-23,9.819862001231552e-23,9.83833579372455e-23,9.856809586217616e-23,9.875283378710774e-23,9.893757171203665e-23,9.91223096369666e-23,9.930704756189857e-23,9.949178548682939e-23,9.967652341175767e-23,9.986126133668805e-23,1.0004599926162007e-22,1.0023073718654913e-22,1.0041547511147958e-22,1.006002130364101e-22,1.0078495096134181e-22,1.0096968888627103e-22,1.0115442681120117e-22,1.0133916473613345e-22,1.0152390266106322e-22,1.0170864058599415e-22,1.0189337851092414e-22,1.0207811643585435e-22,1.0226285436078678e-22,1.0244759228571694e-22,1.0263233021064666e-22,1.0281706813557792e-22,1.0300180606050823e-22,1.0318654398543707e-22,1.0337128191036787e-22,1.0355601983529759e-22,1.0374075776022851e-22,1.0392549568515917e-22,1.0411023361008859e-22,1.0429497153501953e-22,1.0447970945995053e-22,1.0466444738488026e-22,1.048491853098126e-22,1.0503392323474196e-22,1.0521866115967322e-22,1.0540339908460388e-22,1.0558813700953425e-22,1.0577287493446408e-22,1.05957612859394e-22,1.0614235078432542e-22,1.0632708870925513e-22,1.0651182663418602e-22,1.0669656455911615e-22,1.068813024840473e-22,1.0706604040897818e-22,1.0725077833390904e-22,1.0743551625883856e-22,1.0762025418376916e-22,1.078049921087006e-22,1.0798973003363067e-22,1.081744679585601e-22,1.0835920588349035e-22,1.0854394380842097e-22,1.0872868173335167e-22,1.089134196582823e-22,1.0909815758321198e-22,1.0928289550814378e-22,1.0946763343307333e-22,1.096523713580043e-22,1.0983710928293401e-22,1.1002184720786643e-22,1.1020658513279578e-22,1.1039132305772857e-22,1.1057606098265764e-22,1.1076079890758938e-22,1.1094553683251885e-22,1.1113027475744926e-22,1.1131501268237925e-22,1.1149975060731073e-22,1.116844885322411e-22,1.118692264571709e-22,1.1205396438209922e-22,1.122387023070311e-22,1.124234402319604e-22,1.1260817815689192e-22,1.12792916081824e-22,1.1297765400675291e-22,1.1316239193168286e-22,1.1334712985661492e-22,1.1353186778154644e-22,1.1371660570647664e-22,1.1390134363140787e-22,1.1408608155633735e-22,1.1427081948126807e-22,1.144555574061989e-22,1.146402953311296e-22,1.1482503325605969e-22,1.1500977118099151e-22,1.1519450910592075e-22,1.1537924703085164e-22,1.1556398495578184e-22,1.157487228807104e-22,1.1593346080564297e-22,1.161181987305717e-22,1.1630293665550302e-22,1.1648767458043297e-22,1.1667241250536216e-22,1.1685715043029335e-22,1.1704188835522355e-22,1.1722662628015427e-22,1.1741136420508485e-22,1.1759610213001414e-22,1.1778084005494488e-22,1.1796557797987642e-22,1.1815031590480837e-22,1.183350538297381e-22,1.1851979175466955e-22,1.187045296795999e-22,1.18889267604529e-22,1.1907400552945929e-22,1.192587434543887e-22,1.1944348137932105e-22,1.1962821930425072e-22,1.1981295722918017e-22,1.1999769515411169e-22,1.2018243307904085e-22,1.2036717100397202e-22,1.2055190892890138e-22,1.2073664685383355e-22,1.2092138477876364e-22,1.211061227036937e-22,1.2129086062862454e-22,1.2147559855355613e-22,1.2166033647848701e-22,1.2184507440341761e-22,1.2202981232834873e-22,1.2221455025327753e-22,1.2239928817821017e-22,1.225840261031386e-22,1.227687640280693e-22,1.229535019530007e-22,1.2313823987793164e-22,1.2332297780286025e-22,1.235077157277893e-22,1.2369245365272145e-22,1.2387719157765175e-22,1.240619295025826e-22,1.242466674275133e-22,1.2443140535244497e-22,1.2461614327737402e-22,1.248008812023048e-22,1.2498561912723595e-22,1.2517035705216472e-22,1.2535509497709518e-22,1.255398329020259e-22,1.2572457082695544e-22,1.2590930875188623e-22,1.2609404667681752e-22,1.2627878460174732e-22,1.264635225266789e-22,1.2664826045160904e-22,1.2683299837654004e-22,1.2701773630146987e-22,1.2720247422639885e-22,1.2738721215133096e-22,1.27571950076263e-22,1.277566880011925e-22,1.2794142592612204e-22,1.2812616385105323e-22,1.2831090177598524e-22,1.2849563970091436e-22,1.2868037762584494e-22,1.2886511555077735e-22,1.290498534757075e-22,1.2923459140063663e-22,1.2941932932556916e-22,1.2960406725049978e-22,1.2978880517542855e-22,1.2997354310035772e-22,1.301582810252889e-22,1.303430189502195e-22,1.3052775687515082e-22,1.3071249480007975e-22,1.3089723272501047e-22,1.3108197064994084e-22,1.3126670857487079e-22,1.3145144649980179e-22,1.316361844247318e-22,1.3182092234966396e-22,1.3200566027459425e-22,1.3219039819952594e-22,1.3237513612445423e-22,1.3255987404938486e-22,1.3274461197431638e-22,1.3292934989924675e-22,1.331140878241756e-22,1.3329882574910715e-22,1.3348356367403634e-22,1.3366830159896775e-22,1.338530395238977e-22,1.3403777744882836e-22,1.3422251537376078e-22,1.3440725329868818e-22,1.345919912236183e-22,1.347767291485495e-22,1.3496146707348036e-22,1.3514620499841299e-22,1.3533094292334425e-22,1.3551568084827342e-22,1.3570041877320548e-22,1.3588515669813417e-22,1.3606989462306341e-22,1.3625463254799434e-22,1.3643937047292358e-22,1.3662410839785513e-22,1.3680884632278519e-22,1.3699358424771784e-22,1.3717832217264656e-22,1.373630600975788e-22,1.375477980225079e-22,1.3773253594743919e-22,1.3791727387236918e-22,1.3810201179729802e-22,1.3828674972222827e-22,1.3847148764716014e-22,1.386562255720906e-22,1.3884096349702214e-22,1.3902570142194962e-22,1.3921043934688147e-22,1.3939517727181127e-22,1.3957991519674023e-22,1.3976465312167205e-22,1.3994939104660237e-22,1.4013412897153114e-22,1.4031886689646346e-22,1.4050360482139335e-22,1.4068834274632384e-22,1.4087308067125331e-22,1.4105781859618537e-22,1.4124255652111468e-22,1.4142729444604557e-22,1.4161203237097426e-22,1.417967702959065e-22,1.4198150822083627e-22,1.4216624614576501e-22,1.4235098407069623e-22,1.4253572199562786e-22,1.427204599205556e-22,1.4290519784548655e-22,1.4308993577041777e-22,1.4327467369534783e-22,1.43459411620277e-22,1.436441495452081e-22,1.438288874701379e-22,1.440136253950677e-22,1.4419836331999774e-22,1.4438310124492886e-22,1.4456783916985913e-22,1.4475257709478968e-22,1.4493731501972109e-22,1.451220529446509e-22,1.4530679086958039e-22,1.4549152879451085e-22,1.4567626671944218e-22,1.4586100464437172e-22,1.46045742569301e-22,1.4623048049423173e-22,1.464152184191608e-22,1.465999563440912e-22,1.4678469426902024e-22,1.4696943219394882e-22,1.4715417011887933e-22,1.4733890804380773e-22,1.475236459687387e-22,1.477083838936691e-22,1.4789312181859916e-22,1.4807785974352978e-22,1.4826259766845984e-22,1.4844733559339146e-22,1.4863207351832206e-22,1.4881681144325149e-22,1.4900154936818117e-22,1.4918628729311288e-22,1.4937102521804294e-22,1.4955576314297218e-22,1.4974050106790375e-22,1.4992523899283425e-22,1.5010997691776377e-22,1.5029471484269442e-22,1.5047945276762404e-22,1.5066419069255466e-22,1.5084892861748595e-22,1.510336665424169e-22,1.5121840446734678e-22,1.5140314239227776e-22,1.5158788031720645e-22,1.5177261824213746e-22,1.5195735616706796e-22,1.521420940919977e-22,1.5232683201692867e-22,1.5251156994185937e-22,1.5269630786679131e-22,1.528810457917212e-22,1.5306578371664894e-22,1.5325052164158213e-22,1.534352595665105e-22,1.5361999749144244e-22,1.53804735416372e-22,1.5398947334130224e-22,1.5417421126623449e-22,1.5435894919116255e-22,1.545436871160926e-22,1.5472842504102328e-22,1.5491316296595478e-22,1.5509790089088618e-22,1.5528263881581558e-22,1.5546737674074518e-22,1.5565211466567561e-22,1.5583685259060589e-22,1.560215905155367e-22,1.5620632844046512e-22,1.5639106636539541e-22,1.565758042903272e-22,1.5676054221525617e-22,1.5694528014018485e-22,1.5713001806511582e-22,1.5731475599004645e-22,1.57499493914977e-22,1.5768423183990822e-22,1.5786896976483943e-22,1.5805370768976938e-22,1.5823844561470242e-22,1.5842318353963133e-22,1.5860792146456415e-22,1.5879265938949338e-22,1.589773973144223e-22,1.5916213523935367e-22,1.5934687316428423e-22,1.5953161108921448e-22,1.5971634901414508e-22,1.5990108693907582e-22,1.6008582486400485e-22,1.6027056278893665e-22,1.6045530071386664e-22,1.6064003863879682e-22,1.6082477656372655e-22,1.6100951448865652e-22,1.6119425241358766e-22,1.6137899033851798e-22,1.6156372826344932e-22,1.6174846618837975e-22,1.619332041133095e-22,1.621179420382401e-22,1.6230267996317158e-22,1.6248741788810125e-22,1.6267215581303218e-22,1.6285689373796066e-22,1.6304163166289152e-22,1.632263695878218e-22,1.6341110751275343e-22,1.6359584543768354e-22,1.6378058336261203e-22,1.6396532128754404e-22,1.6415005921247643e-22,1.6433479713740602e-22,1.6451953506233524e-22,1.6470427298726528e-22,1.6488901091219637e-22,1.6507374883712707e-22,1.6525848676205734e-22,1.6544322468698792e-22,1.6562796261191793e-22,1.6581270053684746e-22,1.6599743846177601e-22,1.661821763867049e-22,1.6636691431163724e-22,1.6655165223656791e-22,1.667363901614989e-22,1.669211280864292e-22,1.6710586601136073e-22,1.6729060393629155e-22,1.6747534186122217e-22,1.6766007978615167e-22,1.6784481771108406e-22,1.6802955563601452e-22,1.682142935609444e-22,1.683990314858731e-22,1.6858376941080247e-22,1.6876850733573408e-22,1.689532452606637e-22,1.6913798318559548e-22,1.693227211105275e-22,1.6950745903545783e-22,1.6969219696038733e-22,1.698769348853167e-22,1.7006167281024884e-22,1.7024641073517556e-22,1.7043114866010826e-22,1.7061588658503938e-22,1.7080062450996989e-22,1.7098536243489908e-22,1.7117010035982926e-22,1.7135483828475976e-22,1.7153957620969084e-22,1.717243141346207e-22,1.7190905205955143e-22,1.7209378998448279e-22,1.7227852790941343e-22,1.7246326583434408e-22,1.7264800375927372e-22,1.728327416842035e-22,1.73017479609134e-22,1.7320221753406605e-22,1.7338695545899526e-22,1.7357169338392483e-22,1.7375643130885578e-22,1.7394116923378613e-22,1.7412590715871713e-22,1.743106450836507e-22,1.744953830085794e-22,1.7468012093350739e-22,1.7486485885843785e-22,1.7504959678336814e-22,1.7523433470829966e-22,1.754190726332293e-22,1.7560381055816063e-22,1.7578854848308992e-22,1.7597328640801932e-22,1.761580243329515e-22,1.7634276225788093e-22,1.765275001828112e-22,1.7671223810774432e-22,1.768969760326718e-22,1.7708171395760484e-22,1.7726645188253253e-22,1.7745118980746562e-22,1.7763592773239368e-22,1.778206656573239e-22,1.7800540358225472e-22,1.7819014150718335e-22,1.7837487943211645e-22,1.7855961735704672e-22,1.7874435528197697e-22,1.789290932069071e-22,1.791138311318371e-22,1.79298569056766e-22,1.7948330698169865e-22,1.7966804490662888e-22,1.7985278283155936e-22,1.8003752075649166e-22,1.8022225868142028e-22,1.804069966063504e-22,1.8059173453127958e-22,1.8077647245620934e-22,1.8096121038114095e-22,1.811459483060711e-22,1.813306862310016e-22,1.8151542415593208e-22,1.8170016208086212e-22,1.818849000057919e-22,1.8206963793072527e-22,1.822543758556544e-22,1.8243911378058274e-22,1.8262385170551527e-22,1.8280858963044596e-22,1.829933275553761e-22,1.8317806548030663e-22,1.8336280340523511e-22,1.835475413301667e-22,1.8373227925509728e-22,1.8391701718002709e-22,1.841017551049582e-22,1.8428649302988876e-22,1.8447123095481734e-22,1.8465596887974975e-22,1.8484070680467784e-22,1.8502544472961157e-22,1.8521018265454198e-22,1.8539492057947198e-22,1.9945596683088323e-18,2.532837635030635e-18,3.0286264913839133e-18,3.538354236752656e-18,4.068732071855658e-18,4.6235937827431704e-18,5.20600235798752e-18,5.818605111315884e-18,6.463828783083365e-18,7.144007124461395e-18,7.861466469268758e-18,8.618584538986324e-18,9.417832332142757e-18,1.0261805497610334e-17,1.1153249353794635e-17,1.2095080272144178e-17,1.309040521304163e-17,1.4142540606449525e-17,1.525503139262067e-17,1.6431670798444968e-17,1.7676521282214626e-17,1.8993936990214224e-17,2.038858802325085e-17,2.1865486788933282e-17,2.3430016712331642e-17,2.508796358687407e-17,2.6845549865319098e-17,2.8709472217053014e-17,3.068694271054103e-17,3.278573401882179e-17,3.5014229091826586e-17,3.738147579041699e-17,3.9897247038762885e-17,4.2572107118298284e-17,4.5417484804787627e-17,4.8445754138879495e-17,5.167032372091396e-17,5.510573553547042e-17,5.876777444494292e-17,6.267358963885973e-17,6.684182949958342e-17,7.129279154478722e-17,7.604858932994181e-17,8.113333846017512e-17,8.657336416007764e-17,9.239743319837814e-17,9.863701336798015e-17,1.0532656418829594e-16,1.1250386303692023e-16,1.202103715498928e-16,1.2849164786675412e-16,1.3739781111048766e-16,1.4698406562051938e-16,1.5731129341684526e-16,1.6844672496458042e-16,1.8046469979398204e-16,1.9344753048403415e-16,2.074864857694135e-16,2.226829111964871e-16,2.391495089246236e-16,2.57011802036006e-16,2.764098132158025e-16,2.9749999303586553e-16,3.2045743951767324e-16,3.454784583933582e-16,3.7278352279780157e-16,4.02620702430524e-16,4.352696458384595e-16,4.710462161152916e-16,5.103079005330996e-16,5.534601393843033e-16,6.009637496859626e-16,6.533436568063982e-16,7.111991932192681e-16,7.752162809450356e-16,8.461818854117124e-16,9.250012175268294e-16,1.0127182723439591e-15,1.1105404332284713e-15,1.219868048111434e-15,1.342330110038783e-15,1.4798274620483238e-15,1.6345853152893247e-15,1.8092173443758934e-15,2.0068042389258525e-15,2.2309903903468522e-15,2.4861034399943546e-15,2.7773027921734923e-15,3.1107650190675486e-15,3.493916512783708e-15,3.935726995506066e-15,4.447081891712314e-15,5.041257537872166e-15,5.734531381547535e-15,6.546970605754061e-15,7.503458314831448e-15,8.635038453987803e-15,9.980691847000354e-15,1.158970037718238e-14,1.3524820844477704e-14,1.5866584280175063e-14,1.871917582055531e-14,2.2218558809833258e-14,2.654382328682339e-14,3.1933226351367567e-14,3.870715435171528e-14,4.7301450511885936e-14,5.831652043008876e-14,7.259088845785895e-14,9.131340198519833e-14,1.161978758706852e-13,1.4976110005416558e-13,1.9577665419322978e-13,2.600369248217412e-13,3.516739681173495e-13,4.85532591012819e-13,6.86609666025828e-13,9.987460288318822e-13,1.5025433166335123e-12,2.3545094323040108e-12,3.878412495169008e-12,6.794991508698973e-12,1.285014052547182e-11,2.6699657376991107e-11,6.214876152041685e-11,1.6489511095381873e-10,5.022457348350667e-10,1.7314246284917046e-09,6.481807796951452e-09,2.483906940905491e-08,9.211291553186756e-08,3.1733201182346234e-07,9.878561169381349e-07,2.7262173814573644e-06,6.598942019263448e-06,1.398793712532278e-05,2.613655719478545e-05,4.3580323134787096e-05,6.580515535126141e-05,9.126737883906242e-05,0.00011771626697151763,0.00014271936418585102,0.00016421531810837094,0.00018087975438240016,0.00019220681145726395,0.00019836744066218387,0.0001999724013655769,0.0001978436351276913,0.00019284384965567432,0.000185772210515314,0.00017731351769938574,0.0001680232004742808,0.00015833286970501969,0.00014856568459686764,0.00013895493050161806,0.00012966221537666627,0.00012079361265041953,0.0001124131862316922,0.00010455391127826479,9.72262675385118e-05,9.042487115613105e-05,8.413351235342159e-05,7.832892844641991e-05,7.298359068391976e-05,6.80677320706401e-05,6.355079710413237e-05,5.940245538471667e-05,5.559328919191237e-05,5.209523961718431e-05,4.8881875855418006e-05,4.5928536625943935e-05,4.3212380640563386e-05,4.071237376820439e-05,3.840923344334773e-05,3.628534547000953e-05,3.4324664284288904e-05,3.251260463074068e-05,3.083593030241543e-05,2.9282643869231547e-05,2.784187998064127e-05,2.6503803978559593e-05,2.5259516779424168e-05,2.4100966535282924e-05,2.302086726659877e-05,2.201262428118902e-05,2.107026627256337e-05,2.018838364665055e-05,1.936207271754865e-05,1.858688532826321e-05,1.7858783463043337e-05,1.7174098412451137e-05,1.652949408637482e-05,1.5971574121975526e-05,1.5396428705400718e-05,1.4852558093224154e-05,1.4338118009335733e-05,1.3851136061465002e-05,1.3389717737825543e-05,1.2952100584775156e-05,1.2536660619688185e-05,1.2141905079160225e-05,1.1766461952097672e-05,1.1409069350206393e-05,1.1068565557722256e-05,1.074388027234335e-05,1.0434025385055634e-05,1.0138088941293234e-05,9.855227809037852e-06,9.584661702279878e-06,9.325667773213846e-06,9.077575707452732e-06,8.83976328208694e-06,8.611652341034992e-06,8.392705148727243e-06,8.182421080168516e-06,7.980333616513784e-06,7.786007611905955e-06,7.599036813854756e-06,7.41904159571371e-06,7.245666896234814e-06,7.078580340374107e-06,6.917470520320473e-06,6.762045426526983e-06,6.612031011366929e-06,6.467169877023732e-06,6.327220067382662e-06,6.191953965129103e-06,6.06115727754452e-06,5.934628101646968e-06,5.8121760734456045e-06,5.693621570124933e-06,5.578794990061724e-06,5.467536079608386e-06,5.359693314568066e-06,5.2551233292816e-06,5.153690389057596e-06,5.055265900583168e-06,4.959727959161315e-06,4.866960932700416e-06,4.776855069156552e-06,4.689306137286932e-06,4.6042150915134524e-06,4.521487761058259e-06,4.441034559983905e-06,4.36277021594805e-06,4.2866135217658245e-06,4.212487099042343e-06,4.140317181834706e-06,4.070033409624926e-06,4.001568641519245e-06,3.934858772802249e-06,3.869842571613914e-06,3.8064615227232504e-06,3.7446596812283297e-06,3.6843835354334644e-06,3.625581879896761e-06,3.5682056930200495e-06,3.5122080253422223e-06,3.457543893073992e-06,3.404170178217232e-06,3.3520455337307024e-06,3.3011302996520853e-06,3.2513864123596724e-06,3.202777332891353e-06,3.1552679689606916e-06,3.1088246076212137e-06,3.0634148487299605e-06,3.0190075424778395e-06,2.9755727320491806e-06,2.93308159630994e-06,2.891506399446405e-06,2.850820440357415e-06,2.8109980053776722e-06,2.7720143250072494e-06,2.733845531247671e-06,2.6964686176438153e-06,2.659861401697161e-06,2.6240024893058435e-06,2.58887124007405e-06,2.5544477358541744e-06,2.520712749496415e-06,2.4876477159677666e-06,2.4552347047077874e-06,2.4234563930643354e-06,2.3922960415999457e-06,2.3617374702499263e-06,2.3317650349699623e-06,2.3023636071167876e-06,2.2735185523388753e-06,2.2452157110328607e-06,2.2174413796629426e-06,2.1901822929040907e-06,2.1634256066038987e-06,2.1371588820159596e-06,2.111370069317202e-06,2.08604749400895e-06,2.0611798416371046e-06,2.0367561452161473e-06,2.012765771475249e-06,1.9891984094085214e-06,1.96604405772906e-06,1.9432930139337776e-06,1.920935863324735e-06,1.8989634688683667e-06,1.8773669608234996e-06,1.8561377278489647e-06,1.8352674074816791e-06,1.8147478775044262e-06,1.794571247515781e-06,1.7747298513955882e-06,1.7552162387443334e-06,1.7360231680665886e-06,1.717143599632837e-06,1.6985706885925092e-06,1.6802977784186704e-06,1.6623183947351905e-06,1.6446262390742171e-06,1.627215183361956e-06,1.6100792641270981e-06,1.593212677321999e-06,1.5766097728110001e-06,1.5602650500162357e-06,1.5441731526027323e-06,1.528328864321445e-06,1.512727103693108e-06,1.4973629210858874e-06,1.4822314937224725e-06,1.4673281220063467e-06,1.452648225524692e-06,1.4381873396520013e-06,1.4239411118632839e-06,1.4099052981701763e-06,1.39607576083451e-06,1.3824484633374766e-06,1.3690194688931677e-06,1.3557849369167997e-06,1.3427411202279003e-06,1.3298843623929604e-06,1.3172110948883515e-06,1.3047178347387286e-06,1.292401181918525e-06,1.2802578171317213e-06,1.2682844991729925e-06,1.2564780630131145e-06,1.2448354175416451e-06,1.2333535434681429e-06,1.2220294912491283e-06,1.2108603792810109e-06,1.1998433919476364e-06,1.1889757776768368e-06,1.1782548473416414e-06,1.1676779725323771e-06,1.157242583825398e-06,1.1469461692443267e-06,1.13678627266793e-06,1.1267604922277972e-06,1.116866479432484e-06,1.1071019368665047e-06,1.0974646174502458e-06,1.0879523228490803e-06,1.0785629023389305e-06,1.0692942514370625e-06,1.060144310946183e-06,1.0511110655020212e-06,1.0421925425558925e-06,1.03338681134308e-06,1.024691981476622e-06,1.0161062026865174e-06,1.0076276630984788e-06,9.992545884325525e-07,9.909852412205179e-07,9.828179196432053e-07,9.74750956868422e-07,9.667827201033734e-07,9.589116098381219e-07,9.511360588003094e-07,9.434545314384166e-07,9.358655229903978e-07,9.283675588278006e-07,9.209591936825777e-07,9.136390109095671e-07,9.064056218262221e-07,8.992576651414248e-07,8.921938061992081e-07,8.852127363687415e-07,8.783131724917316e-07,8.714938561125959e-07,8.6475355318963e-07,8.580910533957705e-07,8.515051692544049e-07,8.449947362092068e-07,8.38558611681369e-07,8.321956747173642e-07,8.25904825444465e-07,8.196849846109249e-07,8.135350931259494e-07,8.074541115987003e-07,8.014410199129634e-07,7.954948167372367e-07,7.896145192472699e-07,7.837991627471501e-07,7.780477996514471e-07,7.723595000996599e-07,7.667333509180433e-07,7.611684554261301e-07,7.556639330631762e-07,7.502189190400443e-07,7.448325639008135e-07,7.395040335233181e-07,7.342325085841134e-07,7.29017183983219e-07,7.238572688928016e-07,7.194627905348386e-07,7.144019658785757e-07,7.093955079960991e-07,7.044419122469484e-07,6.995402025443706e-07,6.946895841687427e-07,6.898893293415636e-07,6.851387400329232e-07,6.804371354985187e-07,6.757838485661473e-07,6.711782238893356e-07,6.666196173722475e-07,6.621073957737339e-07,6.576409365796873e-07,6.532196275992053e-07,6.488428668896096e-07,6.445100624694693e-07,6.402206321647035e-07,6.359740033451111e-07,6.317696128753693e-07,6.276069068377073e-07,6.234853402736754e-07,6.194043771685937e-07,6.153634901009679e-07,6.113621602464389e-07,6.073998771482519e-07,6.034761385027526e-07,5.995904500554385e-07,5.957423254410073e-07,5.919312860213749e-07,5.881568607584915e-07,5.844185860911521e-07,5.807160055732287e-07,5.77048670101422e-07,5.73416137571919e-07,5.698179727539314e-07,5.662537472431074e-07,5.627230391088178e-07,5.592254330986373e-07,5.557605203038795e-07,5.52327898084418e-07,5.489271699908364e-07,5.455579455951866e-07,5.422198404210969e-07,5.389124758035871e-07,5.356354788326145e-07,5.323884822051602e-07,5.291711241479283e-07,5.259830482870003e-07,5.22823903581983e-07,5.196933442224596e-07,5.16591029528999e-07,5.135166238669082e-07,5.104697965552882e-07,5.07450221802442e-07,5.044575785555611e-07,5.014915504456992e-07,4.985518257748396e-07,4.95638097365503e-07,4.92750062470799e-07,4.898874227326346e-07,4.870498840945301e-07,4.842371566416655e-07,4.814489547876631e-07,4.786849969402166e-07,4.7594500558075195e-07,4.7322870709209136e-07,4.705358315942255e-07,4.6786611314891776e-07,4.652192896592336e-07,4.6259510253650494e-07,4.599932969316189e-07,4.574136215463439e-07,4.5485582851047747e-07,4.523196733869402e-07,4.498049152386709e-07,4.473113163983193e-07,4.448386424938624e-07,4.423866623445242e-07,4.399551479418677e-07,4.3754387441725103e-07,4.351526199491303e-07,4.3278116573844696e-07,4.304292959488172e-07,4.2809679766366313e-07,4.257834608374381e-07,4.2348907821650716e-07,4.212134453770529e-07,4.18956360630899e-07,4.167176249625716e-07,4.144970420048737e-07,4.1229441799598144e-07,4.101095617391165e-07,4.0794228460588734e-07,4.057924003633157e-07,4.036597252679876e-07,4.015440779838175e-07,3.9944527953628326e-07,3.9736315330030257e-07,3.952975249329286e-07,3.932482223569615e-07,3.912150757205004e-07,3.8919791735624557e-07,3.8719658175990265e-07,3.8521090555477365e-07,3.8324072743751404e-07,3.812858881961073e-07,3.7934623061270954e-07,3.7742159947702733e-07,3.7551184153617055e-07,3.736168054999008e-07,3.717363419791647e-07,3.6987030345885543e-07,3.6801854425139503e-07,3.6618092052046386e-07,3.6435729021790233e-07,3.6254751306996313e-07,3.6075145053741955e-07,3.58968965804471e-07,3.5719992374319606e-07,3.554441908416426e-07,3.5370163535888e-07,3.519721270511825e-07,3.5025553730531607e-07,3.485517390832164e-07,3.468606069165734e-07,3.451820168074729e-07,3.435158463333037e-07,3.4186197449092535e-07,3.402202817561546e-07,3.385906500478706e-07,3.369729627027768e-07,3.3536710444214e-07,3.3377296139601056e-07,3.321904210268592e-07,3.306193721342692e-07,3.2905970486014904e-07,3.275113106388264e-07,3.2597408216130613e-07,3.2444791341337354e-07,3.2293269961905566e-07,3.214283372306918e-07,3.1993472391499957e-07,3.1845175852934754e-07,3.169793411140627e-07,3.155173728691608e-07,3.1406575613824913e-07,3.126243944007369e-07,3.111931922470263e-07,3.097720553684241e-07,3.083608905393427e-07,3.0695960560395587e-07,3.055681094601822e-07,3.0418631204812327e-07,3.028141243302568e-07,3.014514582830599e-07,3.0009822688040024e-07,2.9875434408059014e-07,2.9741972481364484e-07,2.960942849710711e-07,2.947779413905708e-07,2.9347061183764103e-07,2.921722150000793e-07,2.908826704735376e-07,2.896018987499849e-07,2.883298212041063e-07,2.8706636007522e-07,2.8581143850043725e-07,2.845649804046019e-07,2.833269105985814e-07,2.82097154729381e-07,2.80875639206495e-07,2.796622912833564e-07,2.7845703900563724e-07,2.772598111908035e-07,2.7607053745056186e-07,2.7488914812561025e-07,2.7371557437030113e-07,2.7254974803435224e-07,2.713916017150548e-07,2.702410687375154e-07,2.690980831460925e-07,2.679625796836686e-07,2.668344938007309e-07,2.657137616338212e-07,2.646003199998426e-07,2.63494106387914e-07,2.623950589525123e-07,2.613031164962863e-07,2.6021821847390935e-07,2.591403049792201e-07,2.580693167324098e-07,2.570051950849191e-07,2.559478820023918e-07,2.5489732003220145e-07,2.538534523630436e-07,2.5281622273915416e-07,2.517855755072867e-07,2.5076145559752625e-07,2.4974380849205463e-07,2.4873258024239533e-07,2.4772771746553205e-07,2.467291673270587e-07,2.4573687750128493e-07,2.447507962577532e-07,2.4377087236501006e-07,2.4279705511253906e-07,2.418292943161127e-07,2.4086754028491937e-07,2.399117438343984e-07,2.3896185629661736e-07,2.3801782949898028e-07,2.3707961572979322e-07,2.3614716777013964e-07,2.352204388753021e-07,2.3429938276945824e-07,2.3338395363982869e-07,2.3247410613354182e-07,2.3156979534784596e-07,2.3067097682570747e-07,2.2977760655499156e-07,2.2888964095846677e-07,2.2800703689414408e-07,2.2712975163846267e-07,2.2625774289288618e-07,2.253909687751961e-07,2.2452938781453495e-07,2.236729589464175e-07,2.2282164150822276e-07,2.219753952344343e-07,2.2113418025198406e-07,2.202979570757286e-07,2.194666865979301e-07,2.1864033010566168e-07,2.1781884924662244e-07,2.1700220604400427e-07,2.1619036288394066e-07,2.1538328251801317e-07,2.1458092805345618e-07,2.137832629514794e-07,2.1299025102239858e-07,2.122018564230971e-07,2.1141804365134625e-07,2.1063877754280314e-07,2.09864023267049e-07,2.0909374632358478e-07,2.0832791253875722e-07,2.0756648806141832e-07,2.0680943935952566e-07,2.0605673321654243e-07,2.0530833672811469e-07,2.0456421729798778e-07,2.0382434263512959e-07,2.030886807501416e-07,2.0235719995192077e-07,2.0162986884433463e-07,2.0090665632277912e-07,2.0018753157160071e-07,1.9947246406005987e-07,1.9876142354007468e-07,1.9805438004150264e-07,1.9735130386997904e-07,1.966521656121214e-07,1.9595693609406427e-07,1.952655864482706e-07,1.945780880556413e-07,1.9389441256002482e-07,1.9321453185952043e-07,1.9253841810948362e-07,1.9186604371848964e-07,1.911973813442039e-07,1.9053240389317222e-07,1.8987108452892086e-07,1.8921339663011323e-07,1.8855931382783154e-07,1.879088099926372e-07,1.8726185922782697e-07,1.8661843586857077e-07,1.8597851448212727e-07,1.8534206985710335e-07,1.8470907700958426e-07,1.8407951117501595e-07,1.834533478166025e-07,1.8283056260722805e-07,1.8221113143457495e-07,1.8159503040298282e-07,1.8098223582276392e-07,1.8037272422782608e-07,1.7976647234874966e-07,1.7916345710491463e-07,1.7856365564165425e-07,1.7796704529460547e-07,1.7737360358740012e-07,1.767833082530692e-07,1.7619613721459023e-07,1.756120685850898e-07,1.7503108066674633e-07,1.7445315195306059e-07,1.7387826112218626e-07,1.7330638703251448e-07,1.7273750872873618e-07,1.7217160543244037e-07,1.7160865654614276e-07,1.710486416484016e-07,1.7049154049160566e-07,1.6993733300157451e-07,1.6938599927518372e-07,1.6883751957871456e-07,1.682918743461258e-07,1.6774904417761032e-07,1.6720900982958714e-07,1.6667175225478534e-07,1.6613725251310732e-07,1.6560549186331778e-07,1.6507645170712053e-07,1.6455011360841452e-07,1.6402645928312742e-07,1.635054706002945e-07,1.6298712958103045e-07,1.624714183961774e-07,1.6195831936519457e-07,1.6144781495470647e-07,1.609398877770015e-07,1.604345205886144e-07,1.59931696288841e-07,1.5943139791836427e-07,1.5893360865787566e-07,1.5843831182669558e-07,1.5794549088198534e-07,1.5745512941555097e-07,1.5696721115448515e-07,1.5648171995915255e-07,1.5599863982210014e-07,1.555179548663088e-07,1.5503964934285516e-07,1.5456370763360402e-07,1.5409011424625494e-07,1.5361885381383597e-07,1.5314991109399076e-07,1.5268327096790687e-07,1.5221891843835285e-07,1.5175683862926186e-07,1.5129701678433428e-07,1.508394382658911e-07,1.5038408855369504e-07,1.4993095324388086e-07,1.494800180475018e-07,1.4903126879070811e-07,1.4858469141174713e-07,1.4814027196117453e-07,1.4769799660091568e-07,1.4725785160142761e-07,1.4681982334328367e-07,1.463838983144738e-07,1.4595006310976737e-07,1.4551830442971632e-07,1.450886090794336e-07,1.4466096396826647e-07,1.442353561084207e-07,1.438117726134703e-07,1.433902006986076e-07,1.4297062767785835e-07,1.4255304096547278e-07,1.421374280730128e-07,1.417237766098796e-07,1.4131207428411525e-07,1.4090230889226607e-07,1.404944683315505e-07,1.4008854059144264e-07,1.3968451375780973e-07,1.3928237599641033e-07,1.3888211558252648e-07,1.3848372085878662e-07,1.3808718027973337e-07,1.3769248237074716e-07,1.3729961575698686e-07,1.3690856914489104e-07,1.3651933133269494e-07,1.3613189119855296e-07,1.357462377069178e-07,1.3536235990476086e-07,1.349802469261681e-07,1.3459988798405155e-07,1.3422127237377108e-07,1.338443894720174e-07,1.3346922873517613e-07,1.3309577970013105e-07,1.32724031981951e-07,1.3235397527238963e-07,1.319855993423254e-07,1.3161889403813437e-07,1.312538492841167e-07,1.3089045507419875e-07,1.3052870148904047e-07,1.3016857867133672e-07,1.2981007684077354e-07,1.294531862892224e-07,1.2909789738140224e-07,1.2874420055441418e-07,1.2839208631507135e-07,1.280415452403734e-07,1.2769256797680636e-07,1.2734514523981846e-07,1.2699926781313577e-07,1.2665492654810622e-07,1.263121123632425e-07,1.2597081624345784e-07,1.2563102923992062e-07,1.252927424711955e-07,1.249559471139837e-07,1.2462063441540111e-07,1.242867956848401e-07,1.2395442229379745e-07,1.2362350568012492e-07,1.232940373350176e-07,1.2296600882088805e-07,1.2263941175586001e-07,1.223142378193792e-07,1.2199047875124092e-07,1.2166812634986387e-07,1.2134717246913404e-07,1.2102760903162165e-07,1.207094280134772e-07,1.2039262144378016e-07,1.2007718140981325e-07,1.1976310005683348e-07,1.194503695859764e-07,1.1913898225366923e-07,1.1882893037138747e-07,1.1852020630514178e-07,1.1821280247561227e-07,1.1790671135601452e-07,1.17601925473205e-07,1.1729843740625916e-07,1.1699623978778934e-07,1.1669532530592926e-07,1.1639568668701354e-07,1.1609731672132293e-07,1.1580020824580674e-07,1.1550435414741939e-07,1.1520974736279295e-07,1.1491638087784264e-07,1.1462424772739076e-07,1.1433334099488199e-07,1.140436538111894e-07,1.1375517935628456e-07,1.134679108560756e-07,1.1318184157778786e-07,1.1289696484653443e-07,1.1261327402858714e-07,1.1233076254175601e-07,1.1204942383800715e-07,1.11769251419024e-07,1.1149023883137291e-07,1.1121237966594004e-07,1.1093566755764195e-07,1.1066009618494335e-07,1.1038565926946798e-07,1.1011235057580893e-07,1.0984016390784375e-07,1.0956909311580391e-07,1.0929913209750382e-07,1.0903027478106759e-07,1.0876251514097677e-07,1.0849584719035502e-07,1.0823026498590566e-07,1.0796576262142984e-07,1.0770233423137265e-07,1.0743997398686667e-07,1.0717867610419197e-07,1.069184348375576e-07,1.066592444713215e-07,1.0640109934450125e-07,1.0614399381556186e-07,1.0588792229693577e-07,1.0563287922779633e-07,1.0537885908720371e-07,1.0512585639116056e-07,1.0487386569309823e-07,1.0462288158084505e-07,1.0437289867924142e-07,1.0412391164812028e-07,1.0387591518409294e-07,1.0362890401683629e-07,1.0338287291212452e-07,1.0313781666953984e-07,1.0289373012320922e-07,1.0265060814140494e-07,1.0240844562585572e-07,1.0216723751176683e-07,1.0192697876745239e-07,1.0168766439447788e-07,1.0144928942687154e-07,1.0121184893044829e-07,1.0097533800445644e-07,1.0073975177900071e-07,1.0050508541614529e-07,1.002713341093781e-07,1.0003849308335728e-07,9.980655759369889e-08,9.957552292662506e-08,9.934538439888932e-08,9.911613735750373e-08,9.888777717931377e-08,9.866029927102299e-08,9.843369906886693e-08,9.820797203838553e-08,9.798311367413778e-08,9.775911949961364e-08,9.753598506689994e-08,9.731370595649379e-08,9.70922777771262e-08,9.687169616562704e-08,9.665195678606944e-08,9.643305533121344e-08,9.621498751886588e-08,9.599774909722084e-08,9.578133583931237e-08,9.55657435451876e-08,9.535096804357433e-08,9.513700518439586e-08,9.492385084744393e-08,9.471150093902061e-08,9.449995138882444e-08,9.42891981542721e-08,9.407923721727798e-08,9.38700645845043e-08,9.366167628862514e-08,9.345406838555017e-08,9.324723695707371e-08,9.304117810911214e-08,9.283588797180847e-08,9.26313626993647e-08,9.242759846986143e-08,9.22245914852234e-08,9.202233797058016e-08,9.182083417492496e-08,9.1620076370013e-08,9.142006085082018e-08,9.122078393523062e-08,9.102224196274136e-08,9.082443129786784e-08,9.062734832544978e-08,9.04309894530024e-08,9.023535111009454e-08,9.004042974815625e-08,8.984622184041185e-08,8.965272388154541e-08,8.945993238769499e-08,8.926784389618558e-08,8.907645496547133e-08,8.888576217494422e-08,8.86957621247577e-08,8.850645143570175e-08,8.831782674904181e-08,8.812988472642156e-08,8.794262204955877e-08,8.775603542028914e-08,8.757012156035999e-08,8.738487721123575e-08,8.720029913470079e-08,8.70163841100773e-08,8.683312893888611e-08,8.665053043920636e-08,8.646858544949235e-08,8.628729082513175e-08,8.610664344307958e-08,8.592664019933796e-08,8.574727800442842e-08,8.556855379088456e-08,8.539046450832094e-08,8.521300712560241e-08,8.503617862769376e-08,8.485997601785312e-08,8.468439631722318e-08,8.450943656550642e-08,8.43350938191602e-08,8.416136515209093e-08,8.39882476554556e-08,8.381573843754583e-08,8.36438346236603e-08,8.347253335598182e-08,8.330183179346958e-08,8.313172711173129e-08,8.296221650310136e-08,8.279329717601092e-08,8.26249663552323e-08,8.245722128191141e-08,1.28572376520135e-07,1.4591982098834981e-07,1.5318515276717333e-07,1.5691363312962742e-07,1.5939817323276728e-07,1.6144202314293573e-07,1.6332655732386966e-07,1.6515031883561916e-07,1.6694779872003854e-07,1.6873104988803183e-07,1.7050426439849198e-07,1.7226888165379833e-07,1.7402537750625626e-07,1.7577389094896298e-07,1.7751444391231767e-07,1.7924701806066503e-07,1.80971581856992e-07,1.8268809982767434e-07,1.843965359966454e-07,1.8609685500030457e-07,1.8778902258331225e-07,1.894730053662928e-07,1.9114877135516515e-07,1.9281628986971282e-07,1.9447553138402615e-07,1.9612646744061375e-07,1.977690708856431e-07,1.9940331572472553e-07,2.0102917715893422e-07,2.0264663156682475e-07,2.042556564971043e-07,2.0585623065915508e-07,2.074483339181571e-07,2.0903194728053428e-07,2.1060705289090812e-07,2.12173634021111e-07,2.137316750367182e-07,2.1528116146320673e-07,2.1682207989895911e-07,2.1835441805294216e-07,2.1987816467048642e-07,2.213933098202996e-07,2.2289984416635685e-07,2.2439775965320383e-07,2.2588704926391006e-07,2.273677067298325e-07,2.2883972734376966e-07,2.3030310721664078e-07,2.3175784331436568e-07,2.332039336304979e-07,2.346413771160031e-07,2.3607017382244037e-07,2.3749032455332237e-07,2.3890183117009234e-07,2.4030469647211254e-07,2.416989239940395e-07,2.4308451838974554e-07,2.4446148507184813e-07,2.4582983041695556e-07,2.4718956155303324e-07,2.485406865783036e-07,2.498832143829146e-07,2.512171545936525e-07,2.5254251801135176e-07,2.538593157017387e-07,2.5516755977485247e-07,2.564672632690186e-07,2.577584398088195e-07,2.590411037546928e-07,2.6031527037701954e-07,2.615809555085538e-07,2.6283817571768846e-07,2.6408694837784967e-07,2.6532729140945994e-07,2.6655922357658296e-07,2.677827641666511e-07,2.6899793321183453e-07,2.7020475165071834e-07,2.714032400126349e-07,2.725934205759943e-07,2.73775315817547e-07,2.749489487998852e-07,2.7611434317387414e-07,2.7727152310860187e-07,2.784205134034619e-07,2.795613394663805e-07,2.806940270582204e-07,2.8181860253011835e-07,2.8293509278981127e-07,2.8404352517237573e-07,2.851439275490488e-07,2.8623632825288875e-07,2.8732075599447665e-07,2.8839724003395904e-07,2.8946581028805675e-07,2.9052649635107836e-07,2.9157932896516193e-07,2.9262433909992744e-07,2.93661557954285e-07,2.9469101730841294e-07,2.957127489743396e-07,2.9672678606071164e-07,2.9773316043123266e-07,2.9873190560454224e-07,2.9972305499425373e-07,3.007066422967867e-07,3.0168270160017577e-07,3.026512672864483e-07,3.036123739581296e-07,3.0456605652587466e-07,3.055123501723116e-07,3.064512903467714e-07,3.073829126953519e-07,3.0830725320313774e-07,3.092243480035197e-07,3.1013423346683214e-07,3.1103694618458944e-07,3.119325229347933e-07,3.1282100069399854e-07,3.137024166077677e-07,3.1457680804697006e-07,3.1544421251932316e-07,3.1630466769109745e-07,3.171582113788542e-07,3.180048815411761e-07,3.188447162706769e-07,3.1967775378595654e-07,3.205040324238069e-07,3.2132359063147986e-07,3.221364669946852e-07,3.2294270011317975e-07,3.237423287357834e-07,3.2453539176138e-07,3.25321927668259e-07,3.2610197592815886e-07,3.2687557537091114e-07,3.2764276507275644e-07,3.284035841256557e-07,3.291580716624263e-07,3.299062669164602e-07,3.3064820906360193e-07,3.313839372788485e-07,3.3211349089991907e-07,3.328369091672491e-07,3.335542313922795e-07,3.3426549670826757e-07,3.3497074439358147e-07,3.356700138325161e-07,3.3636334413877315e-07,3.3705077451328504e-07,3.3773234408207217e-07,3.3840809198045565e-07,3.3907805726455246e-07,3.3974227907268216e-07,3.404007962349935e-07,3.4105364787990433e-07,3.4170087276211407e-07,3.4234250972540725e-07,3.429785975151271e-07,3.4360917480442874e-07,3.4423428020674266e-07,3.4485395225239137e-07,3.4546822932594624e-07,3.4607714978740465e-07,3.466807518684557e-07,3.472790737162567e-07,3.478721534481555e-07,3.484600289533263e-07,3.4904273809500394e-07,3.49620318771759e-07,3.501928083743422e-07,3.5076024453297503e-07,3.5132266457488436e-07,3.518801058158101e-07,3.5243260533290376e-07,3.5298020017002933e-07,3.535229272206995e-07,3.540608232287975e-07,3.5459392480736067e-07,3.55122268401926e-07,3.556458904044566e-07,3.561648269834708e-07,3.5667911415447065e-07,3.571887878406233e-07,3.576938837740685e-07,3.581944375781131e-07,3.586904846714835e-07,3.5918206032819697e-07,3.596691996748227e-07,3.601519376394537e-07,3.6063030909218564e-07,3.611043486530498e-07,3.6157409080344213e-07,3.6203956984798417e-07,3.62500819928103e-07,3.629578750222522e-07,3.634107689374429e-07,3.638595353039179e-07,3.643042075712967e-07,3.64744819036903e-07,3.6518140280549355e-07,3.6561399180834136e-07,3.660426188014154e-07,3.664673163622251e-07,3.668881168886968e-07,3.673050525986846e-07,3.677181556586123e-07,3.6812745759466323e-07,3.6853299039198877e-07,3.689347853748967e-07,3.693328739034946e-07,3.697272869438485e-07,3.7011805569812023e-07,3.7050521088743424e-07,3.708887829328608e-07,3.712688022735585e-07,3.7164529910057136e-07,3.720183034214494e-07,3.723878450561157e-07,3.7275395362781075e-07,3.731166585824494e-07,3.7347598917502844e-07,3.738319744725146e-07,3.7418464335374016e-07,3.7453402450932006e-07,3.7488014644162337e-07,3.7522303746475337e-07,3.755627257045813e-07,3.7589923909879265e-07,3.76232605396972e-07,3.7656285216072487e-07,3.7689000676381143e-07,3.7721409639232285e-07,3.77535148044878e-07,3.7785318853285057e-07,3.781682444806166e-07,3.7848034232583685e-07,3.787895083197566e-07,3.7909576852752614e-07,3.7939914882855863e-07,3.7969967491689694e-07,3.7999737230161023e-07,3.802922663072087e-07,3.805843820740832e-07,3.8087374455896257e-07,3.811603785353898e-07,3.814443085942211e-07,3.817255591441419e-07,3.8200415441219777e-07,3.8228011844435154e-07,3.8255347510604916e-07,3.828242480828056e-07,3.8309246089709577e-07,3.833581368594926e-07,3.836212991194256e-07,3.8388197064889047e-07,3.8414017424861274e-07,3.843959325352127e-07,3.846492679527348e-07,3.849002027703684e-07,3.8514875908315384e-07,3.8539495878549905e-07,3.8563882365282324e-07,3.8588037526460224e-07,3.861196350326203e-07,3.8635662417896637e-07,3.865913637672899e-07,3.8682387479415627e-07,3.870541778291501e-07,3.872822934766203e-07,3.8750824216110406e-07,3.8773204411418803e-07,3.8795371942545715e-07,3.8817328793098093e-07,3.8839076943618293e-07,3.8860618349808174e-07,3.888195495355719e-07,3.890308868043426e-07,3.89240214408966e-07,3.8944755129266634e-07,3.8965291620228564e-07,3.89856327673451e-07,3.900578043495234e-07,3.9025736451841235e-07,3.9045502629165316e-07,3.9065080769648135e-07,3.908447265737213e-07,3.9103680059789665e-07,3.9122704734495234e-07,3.914154841993438e-07,3.9160212851208264e-07,3.9178699724009827e-07,3.9197010744594935e-07,3.9215147585175873e-07,3.923311192257516e-07,3.9250905397849126e-07,3.9268529656316673e-07,3.9285986320909783e-07,3.930327700090434e-07,3.9320403295917134e-07,3.933736677910164e-07,3.9354169020959566e-07,3.9370811580105355e-07,3.938729599240339e-07,3.940362378765411e-07,3.9419796483387376e-07,3.9435815573513727e-07,3.945168254166053e-07,3.946739886413688e-07,3.948296600212558e-07,3.949838540392157e-07,3.9513658500080963e-07,3.9528786716917e-07,3.9543771461427064e-07,3.955861412980317e-07,3.9573316105682674e-07,3.958787876023886e-07,3.960230345227297e-07,3.9616591528304864e-07,3.963074432266414e-07,3.964476315758028e-07,3.9658649343412224e-07,3.967240417832184e-07,3.9686028948769723e-07,3.9699524929523253e-07,3.9712893383521917e-07,3.972613556210092e-07,3.973925270572987e-07,3.9752246043119023e-07,3.9765116791463535e-07,3.9777866157046427e-07,3.9790495336060083e-07,3.980300550995972e-07,3.9815397853288625e-07,3.982767352745049e-07,3.983983368391877e-07,3.98518794631689e-07,3.986381199770246e-07,3.987563240470296e-07,3.9887341794540103e-07,3.9898941264949876e-07,3.9910431909075187e-07,3.9921814797359624e-07,3.993309100246536e-07,3.994426158192863e-07,3.9955327584171794e-07,3.996629004884212e-07,3.997715000332828e-07,3.998790846670186e-07,3.9998566448349077e-07,4.0009124948104876e-07,4.001958495405194e-07,4.0029947449695127e-07,4.004021340667978e-07,4.0050383786866576e-07,4.0060459544347746e-07,4.007044162328976e-07,4.008033095893109e-07,4.0090128477622014e-07,4.0099835098502277e-07,4.010945172867218e-07,4.0118979268232807e-07,4.0128418608675353e-07,4.013777063295509e-07,4.014703621556514e-07,4.015621622242501e-07,4.0165311511424963e-07,4.017432293281124e-07,4.018325132731914e-07,4.0192097528228636e-07,4.0200862360299203e-07,4.020954664235396e-07,4.021815118161979e-07,4.0226676780870385e-07,4.023512423387892e-07,4.024349432663496e-07,4.025178783771885e-07,4.0260005538101136e-07,4.02681481914419e-07,4.0276216553460856e-07,4.0284211374068157e-07,4.0292133392713296e-07,4.029998334455727e-07,4.03077619565939e-07,4.0315469949184853e-07,4.0323108034727455e-07,4.033067691947e-07,4.0338177302584327e-07,4.034560987630445e-07,4.0352975326105414e-07,4.036027433075395e-07,4.036750756236652e-07,4.0374675686469124e-07,4.0381779362057044e-07,4.0388819241789816e-07,4.0395795971638297e-07,4.040271019136027e-07,4.040956253441793e-07,4.0416353628035414e-07,4.042308409304774e-07,4.042975454459537e-07,4.043636559153348e-07,4.044291783670662e-07,4.044941187700435e-07,4.04558483034165e-07,4.0462227701087864e-07,4.046855064937251e-07,4.047481772188755e-07,4.048102948656711e-07,4.0487186505714755e-07,4.0493289336056273e-07,4.0499338528791976e-07,4.050533462964852e-07,4.051127817892986e-07,4.0517169711568573e-07,4.0523009757176113e-07,4.0528798840093024e-07,4.0534537479438674e-07,4.054022618916003e-07,4.0545865478081193e-07,4.055145584969286e-07,4.0556997803259316e-07,4.0562491832467927e-07,4.056793842491683e-07,4.057333806595065e-07,4.0578691234456443e-07,4.05839984046055e-07,4.0589260048467844e-07,4.05944766278459e-07,4.0599648601143084e-07,4.06047764284043e-07,4.060986055863776e-07,4.06149014345525e-07,4.061989950271973e-07,4.06248551992535e-07,4.0629768957965944e-07,4.063464120710927e-07,4.0639472371651063e-07,4.064426287203764e-07,4.0649013123480085e-07,4.0653723537708887e-07,4.0658394523695127e-07,4.0663026484442243e-07,4.066761981938241e-07,4.0672174923449236e-07,4.067669218854422e-07,4.06811720027328e-07,4.068561474910838e-07,4.069002080728908e-07,4.0694390553317314e-07,4.0698724359304135e-07,4.070302259359884e-07,4.0707285620825193e-07,4.071151380191793e-07,4.0715707494158827e-07,4.071986705121225e-07,4.0723992823160516e-07,4.072808515653915e-07,4.0732144394371103e-07,4.073617087613793e-07,4.074016493801276e-07,4.074412691258534e-07,4.0748057129272575e-07,4.0751955914046133e-07,4.0755823589154435e-07,4.0759660474374727e-07,4.076346688584083e-07,4.0767243136472077e-07,4.0770989536002265e-07,4.077470639023401e-07,4.0778394003441443e-07,4.0782052676002833e-07,4.0785682705236673e-07,4.078928438543246e-07,4.0792858007878927e-07,4.079640386089347e-07,4.079992223269008e-07,4.080341340191084e-07,4.0806877649327714e-07,4.081031525092939e-07,4.0813726481303683e-07,4.081711161227684e-07,4.082047091139684e-07,4.082380464465389e-07,4.082711307453656e-07,4.083039646133231e-07,4.0833655062725156e-07,4.0836889133663117e-07,4.08400989262905e-07,4.0843284691671476e-07,4.084644667501023e-07,4.084958512132225e-07,4.085270027307802e-07,4.0855792370182417e-07,4.085886164908437e-07,4.086190834588364e-07,4.086493269221428e-07,4.0867934916477316e-07,4.0870915248106136e-07,4.087387391344754e-07,4.087681113578277e-07,4.0879727133345634e-07,4.088262212539286e-07,4.08854963284803e-07,4.0888349956586415e-07,4.089118322123005e-07,4.0893996332206885e-07,4.0896789496395195e-07,4.0899562920203075e-07,4.0902316806322005e-07,4.0905051355811174e-07,4.090776676733198e-07,4.091046323885123e-07,4.0913140967227124e-07,4.091580014081885e-07,4.091844095211923e-07,4.0921063591516444e-07,4.092366824549734e-07,4.092625509977448e-07,4.0928824336569214e-07,4.093137613928354e-07,4.0933910684240807e-07,4.0936428150724343e-07,4.0938928714551316e-07,4.0941412549731453e-07,4.094387982847897e-07,4.0946330721233585e-07,4.094876539667019e-07,4.095118402175232e-07,4.0953586761680213e-07,4.095597377997521e-07,4.0958345238478364e-07,4.0960701297350443e-07,4.0963042115091617e-07,4.096536784857285e-07,4.096767865303971e-07,4.0969974682145996e-07,4.097225608795302e-07,4.097452302095188e-07,4.097677563007839e-07,4.0979014062729815e-07,4.0981238464764807e-07,4.098344898056759e-07,4.0985645753026984e-07,4.098782892352241e-07,4.098999863199008e-07,4.099215501670999e-07,4.0994298215151164e-07,4.0996428362745143e-07,4.0998545593477493e-07,4.1000650041509523e-07,4.100274183640094e-07,4.1004821109183247e-07,4.100688798847963e-07,4.1008942601768395e-07,4.101098507525171e-07,4.101301553360859e-07,4.1015034100362485e-07,4.1017040897835024e-07,4.1019036046885564e-07,4.10210196677362e-07,4.102299187793788e-07,4.102495279523635e-07,4.1026902535460006e-07,4.1028841215338656e-07,4.10307689460286e-07,4.1032685839935563e-07,4.1034592009056496e-07,4.103648756344102e-07,4.103837261259196e-07,4.104024726405404e-07,4.1042111624364073e-07,4.1043965800542836e-07,4.1045809895986305e-07,4.104764401272402e-07,4.104946825451482e-07,4.1051282722664423e-07,4.105308751937603e-07,4.105488274014369e-07,4.1056668484977246e-07,4.105844485105286e-07,4.1060211934537884e-07,4.106196983059342e-07,4.1063718633406083e-07,4.106545843617713e-07,4.1067189331139234e-07,4.10689114095667e-07,4.107062476178519e-07,4.1072329477129073e-07,4.10740256441505e-07,4.107571335037815e-07,4.1077392683003026e-07,4.107906372642245e-07,4.108072656621872e-07,4.1082381286605745e-07,4.108402797049761e-07,4.108566669990513e-07,4.10872975561458e-07,4.1088920619884154e-07,4.109053597095115e-07,4.1092143687849127e-07,4.109374384879201e-07,4.1095336530992617e-07,4.109692181086515e-07,4.1098499764026285e-07,4.1100070465305264e-07,4.110163398875253e-07,4.110319040763202e-07,4.110473979447531e-07,4.1106282221043697e-07,4.110781775835099e-07,4.11093464766715e-07,4.111086844554743e-07,4.111238373379684e-07,4.1113892409520664e-07,4.111539454013302e-07,4.111689019229638e-07,4.111837943201104e-07,4.111986232458393e-07,4.112133893464084e-07,4.1122809326129503e-07,4.112427356233788e-07,4.112573170591512e-07,4.112718381879374e-07,4.112862996232274e-07,4.11300701972178e-07,4.113150458363469e-07,4.1132933180769263e-07,4.1134356047372035e-07,4.1135773241895354e-07,4.113718482185269e-07,4.1138590844229817e-07,4.1139991365419324e-07,4.1141386441226236e-07,4.1142776126928263e-07,4.1144160477220884e-07,4.1145539546025783e-07,4.1146913386502265e-07,4.1148282052036785e-07,4.114964559522034e-07,4.11510040676838e-07,4.115235752073711e-07,4.1153706005150836e-07,4.115504957115417e-07,4.115638826815002e-07,4.115772214573215e-07,4.115905125238766e-07,4.116037563701208e-07,4.1161695346827643e-07,4.1163010428918366e-07,4.1164320930201224e-07,4.1165626896675643e-07,4.1166928373703876e-07,4.116822540704802e-07,4.1169518040805124e-07,4.117080632033016e-07,4.11720902887228e-07,4.117336999091872e-07,4.117464546730545e-07,4.1175916761668226e-07,4.1177183915811706e-07,4.117844697129401e-07,4.117970596958392e-07,4.118096095065887e-07,4.118221195620579e-07,4.1183459025106854e-07,4.1184702197086786e-07,4.118594151118693e-07,4.11871770060487e-07,4.1188408719912115e-07,4.1189636690419865e-07,4.119086095519517e-07,4.119208155166606e-07,4.119329851614202e-07,4.1194511884876487e-07,4.119572169376473e-07,4.119692797842448e-07,4.119813077396367e-07,4.119933011521192e-07,4.120052603657802e-07,4.120171857213102e-07,4.1202907755585924e-07,4.1204093620305654e-07,4.1205276199317276e-07,4.120645552524812e-07,4.1207631630433894e-07,4.1208804546872483e-07,4.1209974306209494e-07,4.1211140939768385e-07,4.1212304478530584e-07,4.121346495318398e-07,4.121462239406128e-07,4.1215776831156e-07,4.12169282942435e-07,4.1218076812720456e-07,4.121922241577545e-07,4.1220365132030065e-07,4.122150499011123e-07,4.1222642018052317e-07,4.1223776243511206e-07,4.12249076946624e-07,4.1226036398664627e-07,4.1227162382471933e-07,4.122828567315571e-07,4.122940629710718e-07,4.1230524279688014e-07,4.1231639647773794e-07,4.123275242698678e-07,4.123386264174018e-07,4.1234970317818444e-07,4.12360754800388e-07,4.123717815290535e-07,4.1238278360877505e-07,4.123937612797848e-07,4.124047147807447e-07,4.1241564434653204e-07,4.124265502109732e-07,4.124374326029758e-07,4.124482917554993e-07,4.1245912789104524e-07,4.1246994123428655e-07,4.124807320055538e-07,4.1249150042441914e-07,4.1250224670902186e-07,4.125129710727168e-07,4.125236737278508e-07,4.1253435488414053e-07,4.1254501474976465e-07,4.1255565353036607e-07,4.1256627143050674e-07,4.12576868648125e-07,4.125874453801971e-07,4.1259800183281786e-07,4.1260853819641067e-07,4.126190546638712e-07,4.12629551426915e-07,4.126400286763306e-07,4.126504865854268e-07,4.1266092535785375e-07,4.126713451675673e-07,4.126817462004715e-07,4.1269212863333184e-07,4.127024926465691e-07,4.1271283840766237e-07,4.127231660955363e-07,4.1273347588023624e-07,4.127437679350617e-07,4.127540424266742e-07,4.127642995293508e-07,4.127745393917677e-07,4.12784762181824e-07,4.127949680674507e-07,4.1280515720574193e-07,4.128153297538363e-07,4.1282548586853504e-07,4.1283562570451367e-07,4.128457494145282e-07,4.1285585715093594e-07,4.12865949063556e-07,4.1287602529691264e-07,4.1288608600468354e-07,4.128961313278505e-07,4.1290616141085344e-07,4.1291617639449423e-07,4.1292617642324217e-07,4.12936161634219e-07,4.129461321650915e-07,4.129560881573694e-07,4.129660297358111e-07,4.1297595703897583e-07,4.1298587019905427e-07,4.1299576935072935e-07,4.130056546151781e-07,4.130155261245979e-07,4.130253840058255e-07,4.130352283840271e-07,4.130450593829166e-07,4.130548771260324e-07,4.1306468173406147e-07,4.13074473327371e-07,4.1308425202491384e-07,4.1309401794605604e-07,4.131037712037459e-07,4.131135119149333e-07,4.131232401936184e-07,4.1313295615260376e-07,4.131426599034249e-07,4.1315235155670374e-07,4.13162031221657e-07,4.1317169900642295e-07,4.1318135501751287e-07,4.1319099936175817e-07,4.132006321437747e-07,4.132102534661442e-07,4.1321986343288786e-07,4.132294621451572e-07,4.132390497031963e-07,4.132486262060785e-07,4.132581917528682e-07,4.1326774644039045e-07,4.1327729036500685e-07,4.1328682362245834e-07,4.1329634630599267e-07,4.133058585104321e-07,4.13315360327175e-07,4.133248518493035e-07,4.133343331642817e-07,4.133438043630692e-07,4.133532655341533e-07,4.1336271676513963e-07,4.133721581427178e-07,4.1338158975266676e-07,4.133910116796589e-07,4.134004240077734e-07,4.1340982682057063e-07,4.1341922019998414e-07,4.1342860422721276e-07,4.134379789830315e-07,4.1344734454710037e-07,4.134567009982067e-07,4.1346604841437293e-07,4.1347538687280415e-07,4.134847164498988e-07,4.134940372212558e-07,4.135033492616788e-07,4.135126526450941e-07,4.135219474448138e-07,4.1353123373330675e-07,4.135405115824925e-07,4.135497810631794e-07,4.135590422455935e-07,4.13568295199225e-07,4.13577539992835e-07,4.135867766944712e-07,4.1359600537145996e-07,4.1360522609042416e-07,4.1361443891729196e-07,4.1362364391730206e-07,4.136328411550043e-07,4.1364203069427886e-07,4.136512126094879e-07,4.13660386954447e-07,4.1366955378488216e-07,4.136787131665739e-07,4.136878651567599e-07,4.1369700982571044e-07,4.137061472082902e-07,4.1371527738089525e-07,4.1372440040054425e-07,4.1373351632505846e-07,4.137426252109592e-07,4.137517271149727e-07,4.1376082209259524e-07,4.137699101989404e-07,4.137789914885012e-07,4.137880660152011e-07,4.1379713383326346e-07,4.138061949931997e-07,4.1381524955009465e-07,4.138242975546481e-07,4.1383333906401635e-07,4.138423741169963e-07,4.138514027695323e-07,4.1386042507078737e-07,4.138694410708291e-07,4.1387845081726094e-07,4.1388745435912036e-07,4.1389645174379547e-07,4.1390544301828624e-07,4.1391442822897074e-07,4.13923407423299e-07,4.1393238064454957e-07,4.139413479427292e-07,4.139503093549311e-07,4.139592649289706e-07,4.1396821470899884e-07,4.1397715873806043e-07,4.139860970591397e-07,4.13995029714526e-07,4.140039567461384e-07,4.140128781955019e-07,4.1402179410367016e-07,4.140307045112923e-07,4.1403960945858653e-07,4.14048508985022e-07,4.1405740313036625e-07,4.140662919337555e-07,4.140751754463571e-07,4.1408405367243087e-07,4.140929266788022e-07,4.141017944944892e-07,4.141106571574436e-07,4.141195147037239e-07,4.1412836716944685e-07,4.141372145903059e-07,4.1414605700088047e-07,4.141548944307285e-07,4.1416372692724476e-07,4.141725545197502e-07,4.141813772417069e-07,4.1419019512526077e-07,4.141990082091289e-07,4.142078165180907e-07,4.1421662008855145e-07,4.142254189495007e-07,4.14234213141516e-07,4.1424300268822715e-07,4.142517876234645e-07,4.1426056797794385e-07,4.1426934378241954e-07,4.142781150672128e-07,4.142868818623269e-07,4.142956441972109e-07,4.143044021013103e-07,4.1431315560389925e-07,4.1432190473348473e-07,4.1433064951882637e-07,4.1433938998493843e-07,4.143481261653069e-07,4.1435685808508154e-07,4.14365585774558e-07,4.1437430925380557e-07,4.143830285549138e-07,4.143917437008931e-07,4.1440045471939584e-07,4.144091616364983e-07,4.14417864476362e-07,4.1442656326726284e-07,4.1443525803283163e-07,4.144439487979387e-07,4.1445263558708535e-07,4.144613184245985e-07,4.1446999733462706e-07,4.144786723409156e-07,4.1448734346727864e-07,4.144960107365495e-07,4.1450467417213586e-07,4.1451333379679854e-07,4.145219896329733e-07,4.145306417031224e-07,4.145392900295098e-07,4.145479346339693e-07,4.145565755381773e-07,4.1456521276358435e-07,4.145738463314211e-07,4.1458247626269544e-07,4.145911025781963e-07,4.1459972529850354e-07,4.1460834444397656e-07,4.146169600347243e-07,4.146255720910857e-07,4.1463418063235183e-07,4.1464278567780413e-07,4.1465138724717806e-07,4.1465998535951756e-07,4.1466858003374905e-07,4.146771712886075e-07,4.1468575914261783e-07,4.146943436141364e-07,4.147029247213201e-07,4.147115024821454e-07,4.1472007691438563e-07,4.1472864803563693e-07,4.1473721586331475e-07,4.14745780414655e-07,4.1475434170671437e-07,4.1476289975824883e-07,4.1477145458281625e-07,4.1478000620096834e-07,4.1478855462229993e-07,4.147970998682863e-07,4.1480564195565196e-07,4.148141808958228e-07,4.1482271670719777e-07,4.148312494049821e-07,4.148397790044442e-07,4.1484830552098644e-07,4.148568289696829e-07,4.1486534936543476e-07,4.148738667229965e-07,4.148823810569576e-07,4.1489089238176663e-07,4.1489940071171915e-07,4.149079060609624e-07,4.1491640844350444e-07,4.149249078732043e-07,4.149334043637768e-07,4.149418979287975e-07,4.149503885817022e-07,4.149588763357901e-07,4.149673612042194e-07,4.149758432000334e-07,4.1498432233608757e-07,4.149927986251589e-07,4.1500127207960316e-07,4.1500974271219666e-07,4.150182105353067e-07,4.1502667556117737e-07,4.150351378019233e-07,4.1504359726953707e-07,4.150520539761546e-07,4.150605079332502e-07,4.150689591524497e-07,4.1507740764526223e-07,4.150858534230758e-07,4.1509429649716346e-07,4.1510273687868284e-07,4.151111745786769e-07,4.1511960960807435e-07,4.151280419776941e-07,4.151364716985724e-07,4.1514489878076837e-07,4.151533232351623e-07,4.151617450719495e-07,4.1517016430110464e-07,4.151785809331006e-07,4.1518699497800383e-07,4.151954064457787e-07,4.1520381534628897e-07,4.152122216892981e-07,4.1522062548447545e-07,4.1522902674182103e-07,4.1523742546992375e-07,4.1524582167945145e-07,4.1525421537794505e-07,4.1526260657546635e-07,4.1527099528109365e-07,4.1527938150382295e-07,4.1528776525255854e-07,4.152961465361122e-07,4.153045253633131e-07,4.1531290174341384e-07,4.1532127568400876e-07,4.153296471937734e-07,4.1533801628089763e-07,4.153463829535234e-07,4.1535474722014544e-07,4.153631090888543e-07,4.153714685677736e-07,4.1537982566478645e-07,4.1538818038790576e-07,4.153965327448586e-07,4.1540488274336464e-07,4.1541323039106516e-07,4.154215756955231e-07,4.1542991866422707e-07,4.1543825930458696e-07,4.154465976239405e-07,4.154549336295498e-07,4.1546326732860456e-07,4.154715987282641e-07,4.154799278355313e-07,4.154882546573833e-07,4.154965792007217e-07,4.1550490147238204e-07,4.155132214791313e-07,4.155215392275906e-07,4.155298547244672e-07,4.155381679763265e-07,4.155464789896655e-07,4.1555478777087345e-07,4.155630943263648e-07,4.155713986624797e-07,4.1557970078542304e-07,4.155880007013753e-07,4.155962984164533e-07,4.1560459393671433e-07,4.1561288726815405e-07,4.1562117841670797e-07,4.156294673882529e-07,4.1563775418860945e-07,4.1564603882353553e-07,4.1565432129873597e-07,4.156626016198566e-07,4.156708797924895e-07,4.156791558221661e-07,4.1568742971436766e-07,4.156957014745181e-07,4.157039711079916e-07,4.1571223862010247e-07,4.157205040161191e-07,4.157287673012519e-07,4.157370284806647e-07,4.1574528755946765e-07,4.1575354454272005e-07,4.1576179943543293e-07,4.157700522425663e-07,4.157783029684575e-07,4.1578655161853986e-07,4.1579479819762563e-07,4.158030427104846e-07,4.158112851618381e-07,4.158195255563597e-07,4.1582776389867853e-07,4.158360001933769e-07,4.158442344449945e-07,4.1585246665802433e-07,4.1586069683691673e-07,4.158689249860775e-07,4.158771511098693e-07,4.1588537521261343e-07,4.158935972985883e-07,4.159018173720306e-07,4.1591003543713464e-07,4.159182514980548e-07,4.159264655589056e-07,4.159346776237613e-07,4.1594288769665564e-07,4.1595109578158527e-07,4.159593018825048e-07,4.159675060033337e-07,4.159757081479511e-07,4.159839083202005e-07,4.1599210652388646e-07,4.1600030276277737e-07,4.1600849704060626e-07,4.1601668936106875e-07,4.1602487972782667e-07,4.160330681445045e-07,4.160412546146925e-07,4.160494391419472e-07,4.1605762172979023e-07,4.16065802381709e-07,4.160739811011595e-07,4.1608215789156093e-07,4.1609033275630466e-07,4.160985056987443e-07,4.1610667672220443e-07,4.161148458299776e-07,4.1612301302532435e-07,4.161311783114752e-07,4.1613934169162745e-07,4.161475031689487e-07,4.161556627465777e-07,4.16163820427622e-07,4.161719762151565e-07,4.161801301128711e-07,4.1618828212318955e-07,4.161964322491081e-07,4.162045804935919e-07,4.162127268595792e-07,4.162208713499826e-07,4.162290139676849e-07,4.1623715471281827e-07,4.1624529359490624e-07,4.162534306141084e-07,4.1626156575842743e-07,4.162696990561874e-07,4.162778305000582e-07,4.1628596008201093e-07,4.162940878146445e-07,4.1630221370645986e-07,4.163103377483474e-07,4.163184599424437e-07,4.1632658030479343e-07,4.163346988285701e-07,4.1634281551730756e-07,4.1635093037336236e-07,4.163590433994461e-07,4.163671545979411e-07,4.163752639712859e-07,4.1638337152189715e-07,4.163914772521677e-07,4.163995811644716e-07,4.1640768326115764e-07,4.164157835445573e-07,4.164238820169764e-07,4.164319786807054e-07,4.1644007353713275e-07,4.1644816658993485e-07,4.1645625784223677e-07,4.1646434729467334e-07,4.1647243494041675e-07,4.1648052078931227e-07,4.164886048518503e-07,4.1649668712632374e-07,4.16504767609395e-07,4.165128463069679e-07,4.165209232222399e-07,4.1652899835097303e-07,4.1653707169841563e-07,4.1654514326843164e-07,4.165532130625464e-07,4.165612810823469e-07,4.1656934733110205e-07,4.165774117995275e-07,4.165854745025033e-07,4.165935354381297e-07,4.1660159460426925e-07,4.166096520036184e-07,4.16617707653913e-07,4.166257615449078e-07,4.166338136774657e-07,4.1664186405448263e-07,4.1664991267324086e-07,4.166579595427752e-07,4.166660046617506e-07,4.166740480322153e-07,4.166820896563932e-07,4.166901295352299e-07,4.1669816767043345e-07,4.167062040636637e-07,4.1671423871663503e-07,4.167222716310099e-07,4.167303028084386e-07,4.167383322505584e-07,4.167463599589476e-07,4.1675438593525603e-07,4.1676241018119193e-07,4.167704326982304e-07,4.1677845348942146e-07,4.167864725551822e-07,4.1679448989743405e-07,4.1680250551437845e-07,4.168105194101065e-07,4.168185315861956e-07,4.168265420449346e-07,4.1683455078693823e-07,4.168425578122424e-07,4.1685056312636065e-07,4.1685856672753674e-07,4.1686656861637126e-07,4.168745687956951e-07,4.1688256726505054e-07,4.1689056403613056e-07,4.1689855909541127e-07,4.1690655245106615e-07,4.169145441041406e-07,4.169225340555167e-07,4.169305223110881e-07,4.1693850886624864e-07,4.1694649372191143e-07,4.169544768826136e-07,4.169624583487696e-07,4.1697043812087733e-07,4.1697841619952877e-07,4.16986392588379e-07,4.169943672864766e-07,4.170023402969517e-07,4.1701031162069316e-07,4.170182812584952e-07,4.1702624921170617e-07,4.170342154843473e-07,4.170421800657862e-07,4.1705014297265453e-07,4.1705810419939516e-07,4.1706606374813267e-07,4.17074021619862e-07,4.170819778130473e-07,4.1708993233306405e-07,4.170978851783017e-07,4.171058363506026e-07,4.171137858507299e-07,4.1712173368020357e-07,4.1712967984010515e-07,4.1713762433151207e-07,4.1714556715550774e-07,4.171535083135564e-07,4.1716144780589443e-07,4.171693856340912e-07,4.171773217992692e-07,4.1718525630335494e-07,4.171931891444812e-07,4.172011203247492e-07,4.1720904985057006e-07,4.172169777247574e-07,4.1722490393231564e-07,4.1723282848294767e-07,4.1724075138061057e-07,4.172486726252881e-07,4.1725659222407065e-07,4.172645101742302e-07,4.1727242646264774e-07,4.172803410970112e-07,4.1728825408266705e-07,4.172961654213468e-07,4.173040751102757e-07,4.173119831527301e-07,4.1731988955240016e-07,4.17327794303725e-07,4.1733569741286573e-07,4.173435988801541e-07,4.173514987062149e-07,4.1735939689178573e-07,4.1736729343496276e-07,4.1737518833941167e-07,4.1738308160591983e-07,4.1739097323530077e-07,4.1739886322837615e-07,4.174067515859794e-07,4.1741463830894205e-07,4.174225233980982e-07,4.174304068542774e-07,4.174382886783078e-07,4.1744616887101234e-07,4.174540474332113e-07,4.174619243657223e-07,4.174697996706161e-07,4.174776733468395e-07,4.174855453959113e-07,4.1749341581982473e-07,4.175012846180057e-07,4.175091517916072e-07,4.175170173409755e-07,4.175248812667643e-07,4.1753274356761044e-07,4.175406042490656e-07,4.1754846330961517e-07,4.1755632075032294e-07,4.175641765715181e-07,4.175720307739534e-07,4.175798833583778e-07,4.1758773432553404e-07,4.1759558367616305e-07,4.1760343141099795e-07,4.176112775307689e-07,4.176191220362029e-07,4.176269649280195e-07,4.17634806206939e-07,4.176426458736732e-07,4.176504839289312e-07,4.1765832037341806e-07,4.1766615520783466e-07,4.1767398843287806e-07,4.176818200492415e-07,4.176896500576138e-07,4.1769747845867903e-07,4.177053052531189e-07,4.177131304416116e-07,4.1772095402482985e-07,4.177287760034435e-07,4.1773659637811844e-07,4.177444151495179e-07,4.177522323182995e-07,4.1776004788511927e-07,4.1776786185062875e-07,4.177756742154761e-07,4.1778348498030597e-07,4.177912941457592e-07,4.1779910171247405e-07,4.1780690768108565e-07,4.1781471205222376e-07,4.178225148265168e-07,4.178303160045885e-07,4.1783811558706136e-07,4.178459135745532e-07,4.1785370996767813e-07,4.1786150476704854e-07,4.1786929797327475e-07,4.1787708958695964e-07,4.178848796087065e-07,4.178926680391152e-07,4.17900454878781e-07,4.179082401283012e-07,4.179160237882637e-07,4.1792380585925676e-07,4.1793158634186495e-07,4.1793936523667124e-07,4.17947142544255e-07,4.179549182651911e-07,4.179626924000564e-07,4.1797046494942056e-07,4.1797823591385224e-07,4.1798600529391653e-07,4.1799377309017584e-07,4.18001539303199e-07,4.1800930393347677e-07,4.1801706698167924e-07,4.1802482844830465e-07,4.180325883339048e-07,4.1804034663902536e-07,4.1804810336421365e-07,4.1805585851001234e-07,4.180636120771716e-07,4.180713640658158e-07,4.1807911447667654e-07,4.180868633103458e-07,4.180946105672614e-07,4.1810235624802765e-07,4.181101003531092e-07,4.181178428828386e-07,4.181255838381928e-07,4.181333232194735e-07,4.181410610270725e-07,4.1814879726171407e-07,4.18156531923817e-07,4.181642650138948e-07,4.1817199653245225e-07,4.1817972648000427e-07,4.1818745485696916e-07,4.181951816640184e-07,4.182029069015706e-07,4.1821063057012426e-07,4.1821835267017707e-07,4.182260732022262e-07,4.1823379216676326e-07,4.1824150956468276e-07,4.1824922539567315e-07,4.182569396606237e-07,4.1826465236002005e-07,4.182723634943468e-07,4.1828007306375036e-07,4.182877810693867e-07,4.182954875113972e-07,4.183031923902593e-07,4.1831089570644883e-07,4.1831859746044006e-07,4.183262976527046e-07,4.183339962837162e-07,4.18341693353941e-07,4.1834938886384844e-07,4.183570828139006e-07,4.183647752045663e-07,4.183724660363066e-07,4.18380155309603e-07,4.18387843024626e-07,4.1839552918234875e-07,4.184032137829841e-07,4.184108968269852e-07,4.1841857831480545e-07,4.184262582468977e-07,4.1843393662371134e-07,4.18441613445694e-07,4.184492887132963e-07,4.184569624269637e-07,4.1846463458713976e-07,4.18472305194284e-07,4.1847997424881295e-07,4.1848764175117873e-07,4.1849530770462936e-07,4.1850297210345743e-07,4.1851063495240006e-07,4.1851829625088357e-07,4.185259560027232e-07,4.1853361420153895e-07,4.1854127085093966e-07,4.185489259516678e-07,4.185565795049746e-07,4.185642314960621e-07,4.185718819474521e-07,4.1857953085741346e-07,4.1858717822340396e-07,4.185948240410554e-07,4.1860246831297397e-07,4.1861011103957634e-07,4.186177522212814e-07,4.1862539185850717e-07,4.18633029951674e-07,4.1864066650120197e-07,4.186483015075169e-07,4.186559349710477e-07,4.18663566892228e-07,4.186711972776588e-07,4.186788261191975e-07,4.1868645341568835e-07,4.1869407917138327e-07,4.187017033866518e-07,4.1870932606281333e-07,4.1871694720210997e-07,4.187245667989589e-07,4.1873218485720526e-07,4.1873980137708824e-07,4.1874741635909375e-07,4.187550298043501e-07,4.18762641711968e-07,4.1877025208213456e-07,4.1877786091630427e-07,4.1878546821504026e-07,4.1879307397982853e-07,4.1880067820542327e-07,4.1880828089873434e-07,4.1881588205760976e-07,4.1882348168254223e-07,4.1883107977456986e-07,4.1883867633279863e-07,4.1884627135940566e-07,4.1885386485483413e-07,4.1886145681663497e-07,4.1886904724616453e-07,4.1887663614437976e-07,4.1888422351169395e-07,4.1889180935689676e-07,4.188993936680167e-07,4.189069764513327e-07,4.189145577104061e-07,4.1892213742295157e-07,4.1892971561550605e-07,4.189372922785308e-07,4.1894486741351343e-07,4.189524410223619e-07,4.189600131021235e-07,4.189675836534481e-07,4.1897515268233623e-07,4.1898272018484205e-07,4.1899028616155025e-07,4.1899785061319083e-07,4.1900541354015204e-07,4.190129749428269e-07,4.190205348188614e-07,4.190280931686815e-07,4.1903564999928825e-07,4.1904320530695347e-07,4.190507590921346e-07,4.1905831135131693e-07,4.1906586209382693e-07,4.1907341131482334e-07,4.19080959014711e-07,4.190885051884572e-07,4.190960498412005e-07,4.1910359297296234e-07,4.191111345834254e-07,4.191186746713004e-07,4.191262132393973e-07,4.191337502983417e-07,4.1914128584461767e-07,4.191488198729774e-07,4.19156352396794e-07,4.191638834064274e-07,4.1917141288933536e-07,4.1917894086123085e-07,4.1918646731212527e-07,4.1919399225543217e-07,4.1920151567950374e-07,4.1920903758636884e-07,4.19216557970183e-07,4.1922407683975506e-07,4.192315941954474e-07,4.1923911003762143e-07,4.1924662436663597e-07,4.192541371889986e-07,4.192616484983406e-07,4.192691583060235e-07,4.192766666001894e-07,4.19284173381641e-07,4.192916786510559e-07,4.1929918239901033e-07,4.1930668463544025e-07,4.193141853619361e-07,4.1932168457884854e-07,4.193291822872121e-07,4.1933667848675883e-07,4.193441731778449e-07,4.1935166636082493e-07,4.193591580360519e-07,4.193666482038816e-07,4.19374136864668e-07,4.193816240187676e-07,4.193891096665283e-07,4.193965938083105e-07,4.1940407644446204e-07,4.194115575753344e-07,4.1941903720127714e-07,4.1942651532263025e-07,4.194339919397382e-07,4.1944146705067314e-07,4.194489406579636e-07,4.194564127619666e-07,4.194638833630471e-07,4.194713524615782e-07,4.1947882005795866e-07,4.194862861526448e-07,4.194937507462505e-07,4.1950121384031446e-07,4.1950867542962447e-07,4.1951613552057475e-07,4.1952359411046496e-07,4.1953105120003525e-07,4.195385067941886e-07,4.195459608916467e-07,4.195534134790619e-07,4.1956086457137544e-07,4.195683141655183e-07,4.1957576226172024e-07,4.1958320886642004e-07,4.1959065397148236e-07,4.19598097578518e-07,4.196055396872955e-07,4.1961298030019805e-07,4.196204194170568e-07,4.196278570396598e-07,4.1963529317030766e-07,4.196427277993633e-07,4.1965016093382786e-07,4.1965759257403173e-07,4.196650227203077e-07,4.196724513757446e-07,4.1967987854027043e-07,4.196873042120223e-07,4.196947283879996e-07,4.197021510572806e-07,4.197095722391837e-07,4.1971699193568526e-07,4.1972441014074195e-07,4.197318268565932e-07,4.1973924207890083e-07,4.1974665581332106e-07,4.19754068053159e-07,4.1976147880914507e-07,4.1976888807597594e-07,4.1977629585318746e-07,4.197837021422859e-07,4.1979110694311885e-07,4.197985102573785e-07,4.1980591208251286e-07,4.198133124203114e-07,4.1982071127097097e-07,4.1982810863508713e-07,4.198355045128744e-07,4.198428989044465e-07,4.198502918105089e-07,4.198576832311719e-07,4.198650731667842e-07,4.198724616176718e-07,4.198798485841578e-07,4.198872340665678e-07,4.198946180652578e-07,4.199020005804744e-07,4.199093816125984e-07,4.199167611619404e-07,4.1992413922872176e-07,4.199315158159911e-07,4.199388909189262e-07,4.199462645429918e-07,4.1995363668326644e-07,4.1996100734269763e-07,4.1996837652160115e-07,4.1997574422031925e-07,4.199831104391425e-07,4.199904751784035e-07,4.199978384384253e-07,4.2000520021952264e-07,4.200125605220206e-07,4.200199193462395e-07,4.2002727669252503e-07,4.2003463256170874e-07,4.2004198695298724e-07,4.2004933986726337e-07,4.200566913048828e-07,4.2006404126614036e-07,4.2007138975133557e-07,4.2007873676080437e-07,4.2008608229489354e-07,4.2009342635594086e-07,4.201007689384261e-07,4.201081100481963e-07,4.2011544967831673e-07,4.201227878404219e-07,4.2013012452858383e-07,4.201374597435669e-07,4.2014479348540104e-07,4.2015212575465156e-07,4.2015945655163736e-07,4.2016678587668463e-07,4.2017411373606e-07,4.2018144012209454e-07,4.201887650366456e-07,4.2019608848033075e-07,4.2020341045179054e-07,4.2021073095239916e-07,4.202180499834264e-07,4.202253675446072e-07,4.2023268363808976e-07,4.202399982611168e-07,4.20247311420383e-07,4.202546231124129e-07,4.2026193333871096e-07,4.2026924209737384e-07,4.2027654939285767e-07,4.202838552177658e-07,4.2029115957750514e-07,4.2029846247714446e-07,4.203057638956148e-07,4.2031306384894055e-07,4.203203623369478e-07,4.2032765935994986e-07,4.2033495491826067e-07,4.2034224901218957e-07,4.203495416420486e-07,4.2035683280815057e-07,4.2036412251080736e-07,4.203714107503309e-07,4.203786975270311e-07,4.2038598284121934e-07,4.203932666932087e-07,4.2040054908330676e-07,4.20407830011827e-07,4.204151094790785e-07,4.204223874853726e-07,4.2042966403101963e-07,4.204369391163294e-07,4.204442127416116e-07,4.204514849071759e-07,4.204587556133334e-07,4.20466024860392e-07,4.204732926486637e-07,4.204805589784539e-07,4.2048782385007445e-07,4.2049508726383446e-07,4.205023492200408e-07,4.205096097190043e-07,4.2051686876103314e-07,4.2052412634643483e-07,4.2053138247551747e-07,4.205386371485913e-07,4.2054589036596155e-07,4.2055314212793904e-07,4.2056039243482854e-07,4.205676412869408e-07,4.205748886845818e-07,4.205821346280587e-07,4.205893791176781e-07,4.2059662215374847e-07,4.2060386373657755e-07,4.206111038664711e-07,4.206183425437351e-07,4.206255797686772e-07,4.206328155416038e-07,4.206400498628209e-07,4.2064728273263526e-07,4.206545141513531e-07,4.2066174411927964e-07,4.2066897263672176e-07,4.2067619970398423e-07,4.206834253213723e-07,4.2069064948919246e-07,4.2069787220775e-07,4.207050934773503e-07,4.2071231329829857e-07,4.20719531670899e-07,4.207267485954573e-07,4.207339640722777e-07,4.207411781016651e-07,4.207483906839246e-07,4.207556018193595e-07,4.2076281150827493e-07,4.207700197509759e-07,4.2077722654776486e-07,4.2078443189894613e-07,4.207916358048242e-07,4.2079883826570283e-07,4.208060392818855e-07,4.208132388536752e-07,4.20820436981376e-07,4.208276336653057e-07,4.2083482890575365e-07,4.208420227030227e-07,4.208492150574137e-07,4.208564059692312e-07,4.2086359543877836e-07,4.2087078346632543e-07,4.208779700522069e-07,4.208851551967229e-07,4.2089233890017777e-07,4.208995211628589e-07,4.209067019850833e-07,4.209138813672044e-07,4.209210593094797e-07,4.2092823581210237e-07,4.2093541087556174e-07,4.209425845000769e-07,4.2094975668568835e-07,4.2095692743320706e-07,4.209640967427075e-07,4.209712646144301e-07,4.209784310484772e-07,4.2098559604563456e-07,4.209927596059505e-07,4.209999217296416e-07,4.210070824171393e-07,4.210142416687007e-07,4.2102139948462486e-07,4.21028555865229e-07,4.2103571081079827e-07,4.210428643216315e-07,4.210500163980287e-07,4.2105716704032367e-07,4.210643162487815e-07,4.2107146402370344e-07,4.210786103653901e-07,4.210857552741244e-07,4.2109289875051407e-07,4.2110004079416207e-07,4.2110718140608955e-07,4.2111432058652986e-07,4.2112145833538883e-07,4.2112859465346236e-07,4.211357295409521e-07,4.211428629931246e-07,4.211499950195509e-07,4.211571256160669e-07,4.211642547824464e-07,4.211713825194133e-07,4.2117850882632125e-07,4.211856337063597e-07,4.211927571477737e-07,4.211998791652182e-07,4.212069997605826e-07,4.212141189286884e-07,4.2122123666986467e-07,4.212283529844434e-07,4.2123546787276364e-07,4.2124258133517313e-07,4.212496933720273e-07,4.2125680397935527e-07,4.212639131609346e-07,4.2127102091817144e-07,4.2127812725052615e-07,4.2128523215829404e-07,4.2129233564177276e-07,4.212994377012604e-07,4.2130653833705325e-07,4.2131363754944837e-07,4.2132073533874037e-07,4.213278317052289e-07,4.2133492664921603e-07,4.213420201709827e-07,4.21349112270833e-07,4.213562029490633e-07,4.213632922059774e-07,4.2137038004186394e-07,4.2137746645701154e-07,4.21384551451723e-07,4.213916350262966e-07,4.2139871718101846e-07,4.214057979161908e-07,4.214128772321091e-07,4.214199551290685e-07,4.2142703160737716e-07,4.214341066673656e-07,4.214411803092569e-07,4.214482525333484e-07,4.214553233399538e-07,4.2146239272936743e-07,4.2146946070188906e-07,4.2147652725781315e-07,4.214835923973844e-07,4.214906561209487e-07,4.214977184287976e-07,4.2150477932122786e-07,4.21511838798533e-07,4.2151889686100613e-07,4.215259535089422e-07,4.215330087426363e-07,4.2154006256238103e-07,4.2154711496847203e-07,4.215541659612542e-07,4.2156121554096885e-07,4.2156826370790967e-07,4.215753104623703e-07,4.2158235580464473e-07,4.21589399735026e-07,4.215964422538075e-07,4.2160348336128216e-07,4.2161052305718734e-07,4.2161756134238076e-07,4.216245982171523e-07,4.216316336817988e-07,4.2163866773660975e-07,4.216457003818781e-07,4.2165273161789653e-07,4.216597614449565e-07,4.216667898633526e-07,4.216738168733723e-07,4.2168084247531157e-07,4.216878666694614e-07,4.216948894561132e-07,4.217019108355617e-07,4.2170893080809454e-07,4.217159493740044e-07,4.2172296653358354e-07,4.2172998229489917e-07,4.217369966504547e-07,4.217440096005411e-07,4.2175102114545094e-07,4.217580312854762e-07,4.217650400209068e-07,4.217720473520385e-07,4.2177905327915735e-07,4.2178605780255806e-07,4.2179306092253307e-07,4.2180006263937053e-07,4.2180706295336287e-07,4.218140618648031e-07,4.218210593739817e-07,4.218280554811891e-07,4.218350501867139e-07,4.2184204349084974e-07,4.218490353938867e-07,4.218560258961168e-07,4.2186301499783035e-07,4.218700026993158e-07,4.218769890008638e-07,4.2188397390276875e-07,4.218909574053152e-07,4.218979395087967e-07,4.2190492021350386e-07,4.2191189951972656e-07,4.2191887742775604e-07,4.2192585393787867e-07,4.219328290503863e-07,4.219398027655683e-07,4.219467750837143e-07,4.219537460051172e-07,4.2196071553006215e-07,4.2196768365884094e-07,4.2197465039174225e-07,4.219816157290569e-07,4.2198857967107267e-07,4.219955422180799e-07,4.2200250337036745e-07,4.2200946312822434e-07,4.22016421491938e-07,4.2202337846179896e-07,4.2203033403809787e-07,4.2203728822112245e-07,4.2204424101115883e-07,4.2205119240849957e-07,4.220581424134322e-07,4.2206509102624256e-07,4.220720382472229e-07,4.220789840766594e-07,4.220859285098792e-07,4.2209287155233523e-07,4.220998132044252e-07,4.2210675346666215e-07,4.221136923400916e-07,4.221206298312557e-07,4.221275659248884e-07,4.2213450062786984e-07,4.2214143393811467e-07,4.2214836585970335e-07,4.2215529639292307e-07,4.2216222553806464e-07,4.221691532954167e-07,4.2217607966526847e-07,4.2218300464790824e-07,4.2218992824362753e-07,4.2219685045271605e-07,4.2220377127546436e-07,4.2221069071436803e-07,4.222176087675247e-07,4.2222452543584544e-07,4.222314407203416e-07,4.222383546239814e-07,4.2224526713647066e-07,4.2225217826705326e-07,4.222590880107075e-07,4.222659963710657e-07,4.222729033437199e-07,4.2227980893298804e-07,4.222867131391258e-07,4.222936159623809e-07,4.2230051740298555e-07,4.223074174611508e-07,4.223143161457276e-07,4.2232121344379253e-07,4.2232810936066056e-07,4.2233500389666986e-07,4.2234189705446804e-07,4.223487888264472e-07,4.2235567922405263e-07,4.223625682391272e-07,4.223694558746539e-07,4.22376342132869e-07,4.2238322700701153e-07,4.223901105029782e-07,4.2239699262095294e-07,4.2240387336115335e-07,4.2241075272381343e-07,4.224176307091793e-07,4.224245073175096e-07,4.22431382552664e-07,4.224382564111883e-07,4.2244512889336944e-07,4.224519999994891e-07,4.224588697298315e-07,4.2246573808468137e-07,4.2247260506432233e-07,4.2247947066903654e-07,4.2248633489910664e-07,4.2249319775481416e-07,4.2250005923857454e-07,4.22506919348501e-07,4.2251377808486824e-07,4.2252063544794986e-07,4.225274914380204e-07,4.225343460553537e-07,4.225411993028292e-07,4.2254805117435586e-07,4.2255490167973957e-07,4.2256175080993363e-07,4.225685985715915e-07,4.225754449567884e-07,4.2258228997131005e-07,4.225891336217197e-07,4.2259597589895395e-07,4.226028168074479e-07,4.2260965634312534e-07,4.2261649451578017e-07,4.226233313111029e-07,4.2263016674044464e-07,4.226370008043988e-07,4.2264383349792e-07,4.226506648109995e-07,4.226574947637317e-07,4.226643233475048e-07,4.2267115057182406e-07,4.226779764287032e-07,4.2268480091813143e-07,4.2269162404032755e-07,4.226984457959473e-07,4.2270526618610255e-07,4.22712085196581e-07,4.227189028393861e-07,4.227257191392959e-07,4.227325340707553e-07,4.2273934762203945e-07,4.2274615981103313e-07,4.2275297065222455e-07,4.227597801200574e-07,4.227665882339729e-07,4.227733949878394e-07,4.227802003770886e-07,4.227870044099248e-07,4.227938070734287e-07,4.228006083752401e-07,4.2280740832335015e-07,4.22814206902078e-07,4.2282100412015465e-07,4.2282779997803505e-07,4.2283459447568203e-07,4.228413876119896e-07,4.228481793887393e-07,4.228549698071128e-07,4.228617588665249e-07,4.2286854656684815e-07,4.2287533290959135e-07,4.2288211789407413e-07,4.228889015205782e-07,4.228956837893916e-07,4.2290246470080356e-07,4.229092442550782e-07,4.2291602245147253e-07,4.2292279929136755e-07,4.2292957477446296e-07,4.229363489066457e-07,4.229431216745686e-07,4.229498930921701e-07,4.2295666315353106e-07,4.229634318611253e-07,4.229701992017576e-07,4.229769651999371e-07,4.22983729842376e-07,4.229904931312456e-07,4.2299725506688803e-07,4.230040156518079e-07,4.2301077488111885e-07,4.230175327579744e-07,4.230242892819905e-07,4.2303104445360433e-07,4.2303779827580257e-07,4.2304455074480745e-07,4.230513018626172e-07,4.230580516288973e-07,4.2306480004880966e-07,4.2307154711410014e-07,4.2307829282922593e-07,4.2308503719330923e-07,4.230917802093544e-07,4.2309852187487974e-07,4.231052621915594e-07,4.231120011616406e-07,4.2311873878150496e-07,4.231254750545186e-07,4.231322099783863e-07,4.231389435545913e-07,4.231456757833096e-07,4.2315240666581133e-07,4.231591362015636e-07,4.23165864390356e-07,4.2317259123330466e-07,4.231793167288348e-07,4.23186040878926e-07,4.231927636843591e-07,4.23199485144147e-07,4.232062052645934e-07,4.232129240362162e-07,4.232196414666834e-07,4.232263575447436e-07,4.232330722820546e-07,4.2323978567319456e-07,4.2324649772524897e-07,4.2325320843517675e-07,4.232599178052827e-07,4.2326662583229086e-07,4.232733325142908e-07,4.232800378544338e-07,4.2328674185268076e-07,4.232934445096429e-07,4.233001458255913e-07,4.2330684579479297e-07,4.233135444268442e-07,4.233202417169264e-07,4.2332693767055916e-07,4.233336322845418e-07,4.233403255591356e-07,4.2334701749444095e-07,4.233537080910022e-07,4.233603973489861e-07,4.2336708526865437e-07,4.2337377184915173e-07,4.233804570935623e-07,4.233871409996616e-07,4.233938235681086e-07,4.2340050479306156e-07,4.23407184689947e-07,4.234138632392759e-07,4.234205404618859e-07,4.234272163498702e-07,4.2343389090257195e-07,4.2344056412132637e-07,4.234472359976236e-07,4.23453906545363e-07,4.234605757763809e-07,4.2346724365328075e-07,4.23473910199971e-07,4.2348057541241224e-07,4.2348723929116104e-07,4.23493901836636e-07,4.235005630410259e-07,4.235072229049403e-07,4.2351388145263123e-07,4.235205386687771e-07,4.235271945482687e-07,4.235338491043337e-07,4.2354050232744575e-07,4.2354715421628267e-07,4.235538047771363e-07,4.2356045400747535e-07,4.23567101901632e-07,4.2357374847233995e-07,4.2358039371377405e-07,4.2358703762632527e-07,4.235936802104176e-07,4.236003214651999e-07,4.236069613915159e-07,4.236135999901965e-07,4.236202372641459e-07,4.2362687320712764e-07,4.2363350782354023e-07,4.2364014109869166e-07,4.236467730608041e-07,4.236534036951848e-07,4.236600330038138e-07,4.236666609865968e-07,4.2367328764362036e-07,4.236799129846435e-07,4.23686536990771e-07,4.23693159673034e-07,4.2369978103075695e-07,4.2370640106421097e-07,4.2371301977414033e-07,4.237196371601542e-07,4.2372625322244055e-07,4.237328679631958e-07,4.237394813798654e-07,4.237460934741402e-07,4.237527042460078e-07,4.2375931370277246e-07,4.237659218172685e-07,4.2377252862309157e-07,4.2377913411141557e-07,4.237857382773001e-07,4.2379234112146493e-07,4.237989426426058e-07,4.238055428287711e-07,4.238121416996346e-07,4.238187392486281e-07,4.2382533547792836e-07,4.2383193040325573e-07,4.2383852400973723e-07,4.238451162977073e-07,4.2385170726639353e-07,4.238582969147576e-07,4.23864885241032e-07,4.2387147225462355e-07,4.2387805795094097e-07,4.238846423302405e-07,4.23891225394017e-07,4.238978071405587e-07,4.239043875641178e-07,4.2391096667618603e-07,4.239175444750738e-07,4.239241209507224e-07,4.239306961193164e-07,4.239372699742919e-07,4.239438425135096e-07,4.2395041373866916e-07,4.239569836500228e-07,4.239635522478284e-07,4.239701195284356e-07,4.239766855021767e-07,4.239832501630579e-07,4.23989813511349e-07,4.2399637554732004e-07,4.240029362712423e-07,4.240094956833833e-07,4.2401605378401246e-07,4.2402261057339736e-07,4.24029166051812e-07,4.2403572021947583e-07,4.240422730773317e-07,4.240488246248068e-07,4.240553748621347e-07,4.240619237935722e-07,4.240684714140673e-07,4.2407501772460206e-07,4.240815627257747e-07,4.240881064173134e-07,4.240946488020402e-07,4.241011898780342e-07,4.2410772963632416e-07,4.2411426809441657e-07,4.241208052355134e-07,4.241273410814825e-07,4.241338756232518e-07,4.2414040886106694e-07,4.2414694078619657e-07,4.2415347140675193e-07,4.2416000072167515e-07,4.241665287301698e-07,4.2417305543485495e-07,4.2417958083495133e-07,4.2418610492966667e-07,4.241926277245848e-07,4.241991492114948e-07,4.2420566939187357e-07,4.2421218826870157e-07,4.242187058468239e-07,4.2422522213020544e-07,4.242317371026761e-07,4.242382507728334e-07,4.242447631392047e-07,4.24251274203982e-07,4.2425778396788726e-07,4.2426429242991863e-07,4.2427079959349975e-07,4.242773054455894e-07,4.242838100054585e-07,4.242903132651455e-07,4.242968152223383e-07,4.2430331588178567e-07,4.2430981524161973e-07,4.2431631330262507e-07,4.2432281006489776e-07,4.2432930552154064e-07,4.2433579968685235e-07,4.24342292554044e-07,4.2434878412384463e-07,4.2435527439402764e-07,4.243617633681842e-07,4.243682510505002e-07,4.2437473742808025e-07,4.2438122251296133e-07,4.2438770629914424e-07,4.243941887741868e-07,4.24400669971166e-07,4.244071498616936e-07,4.244136284682921e-07,4.2442010577980785e-07,4.244265817817596e-07,4.244330565019522e-07,4.244395299276617e-07,4.2444600204931333e-07,4.24452472881654e-07,4.244589424225897e-07,4.244654106796168e-07,4.244718776421565e-07,4.2447834331099436e-07,4.2448480768724687e-07,4.2449127077022385e-07,4.244977325640111e-07,4.24504193065565e-07,4.245106522747369e-07,4.2451711018498664e-07,4.24523566806685e-07,4.2453002214631745e-07,4.2453647619585714e-07,4.245429289555673e-07,4.245493804252495e-07,4.245558306057194e-07,4.245622794972401e-07,4.245687271000719e-07,4.245751734144741e-07,4.2458161844070934e-07,4.245880621790366e-07,4.245945046297175e-07,4.2460094579301164e-07,4.2460738566917994e-07,4.2461382425800183e-07,4.246202615598527e-07,4.2462669757536274e-07,4.246331323047373e-07,4.246395657474324e-07,4.2464599790453004e-07,4.2465242877831565e-07,4.246588583658087e-07,4.246652866693736e-07,4.24671713691106e-07,4.246781394235046e-07,4.2468456387225806e-07,4.2469098703420447e-07,4.2469740891493874e-07,4.247038295122936e-07,4.247102488294598e-07,4.24716666862266e-07,4.24723083612166e-07,4.2472949907926757e-07,4.2473591326548133e-07,4.24742326170328e-07,4.2474873779437663e-07,4.2475514813618053e-07,4.24761557197902e-07,4.24767964977912e-07,4.24774371478326e-07,4.2478077669866515e-07,4.247871806388921e-07,4.2479358329962203e-07,4.2479998468200985e-07,4.2480638478687467e-07,4.2481278361013714e-07,4.248191811548783e-07,4.2482557741517333e-07,4.248319724051394e-07,4.248383661172882e-07,4.2484475855344554e-07,4.24851149711355e-07,4.248575395918676e-07,4.2486392819583096e-07,4.2487031552322464e-07,4.248767015744933e-07,4.248830863324804e-07,4.248894698337938e-07,4.248958520622667e-07,4.2490223301247526e-07,4.24908612686063e-07,4.2491499108463305e-07,4.2492136821005534e-07,4.2492774406123953e-07,4.2493411863823603e-07,4.2494049194230364e-07,4.249468639730851e-07,4.249532347322628e-07,4.2495960420909104e-07,4.2496597242354503e-07,4.2497233936390456e-07,4.2497870503243236e-07,4.2498506943023895e-07,4.249914325560191e-07,4.2499779441068186e-07,4.2500415499603365e-07,4.2501051430986903e-07,4.250168723521172e-07,4.2502322912596454e-07,4.250295846308394e-07,4.2503593886724716e-07,4.2504229183028197e-07,4.250486435242041e-07,4.2505499394905713e-07,4.2506134310573186e-07,4.250676909941467e-07,4.2507403761323604e-07,4.250803829687916e-07,4.250867270573012e-07,4.2509306987936416e-07,4.250994114360896e-07,4.251057517217913e-07,4.2511209074525515e-07,4.2511842850248996e-07,4.251247649859223e-07,4.2513110020622485e-07,4.2513743415929065e-07,4.251437668579049e-07,4.2515009828537313e-07,4.2515642844601244e-07,4.251627573391545e-07,4.251690849736394e-07,4.251754113421749e-07,4.251817364481539e-07,4.2518806029621813e-07,4.251943828784858e-07,4.252007041967566e-07,4.2520702425181256e-07,4.252133430441554e-07,4.2521966057417243e-07,4.2522597683964763e-07,4.252322918446252e-07,4.252386055876616e-07,4.252449180699373e-07,4.252512292918486e-07,4.2525753925270545e-07,4.252638479548026e-07,4.2527015539434463e-07,4.2527646157428895e-07,4.2528276649480566e-07,4.252890701561338e-07,4.2529537255910694e-07,4.2530167370305096e-07,4.253079735873456e-07,4.253142722134275e-07,4.253205695815609e-07,4.2532686569200683e-07,4.253331605450268e-07,4.2533945414088254e-07,4.2534574647983734e-07,4.253520375621494e-07,4.253583273880819e-07,4.253646159578953e-07,4.2537090327184993e-07,4.2537718933020657e-07,4.253834741332237e-07,4.2538975768116335e-07,4.253960399742833e-07,4.254023210128438e-07,4.254086008037328e-07,4.2541487934127133e-07,4.254211566266735e-07,4.254274326674438e-07,4.254337074432111e-07,4.254399809705474e-07,4.2544625324661216e-07,4.254525242653236e-07,4.2545879403054106e-07,4.2546506253489833e-07,4.2547132979184204e-07,4.254775958048773e-07,4.2548386055770597e-07,4.254901240597781e-07,4.254963863113419e-07,4.2550264731264575e-07,4.255089070639357e-07,4.2551516556565734e-07,4.2552142281767583e-07,4.255276788185882e-07,4.255339335722306e-07,4.255401870744663e-07,4.255464393302945e-07,4.2555269033771475e-07,4.2555894009831625e-07,4.2556518860967746e-07,4.255714358764196e-07,4.255776818920396e-07,4.2558392666111803e-07,4.255901701835446e-07,4.255964124582015e-07,4.256026534940373e-07,4.2560889327727435e-07,4.256151318146295e-07,4.25621369106366e-07,4.256276051545704e-07,4.25633839956538e-07,4.256400735132871e-07,4.256463058256352e-07,4.256525368936128e-07,4.256587667191986e-07,4.2566499529918916e-07,4.256712226353223e-07,4.2567744872815816e-07,4.256836735779667e-07,4.2568989718504456e-07,4.256961195495693e-07,4.257023406738297e-07,4.2570856055633556e-07,4.257147791948623e-07,4.2572099659172387e-07,4.2572721274772954e-07,4.2573342766588863e-07,4.257396413397657e-07,4.2574585377332774e-07,4.2575206496754205e-07,4.257582749211192e-07,4.2576448363647536e-07,4.257706911124024e-07,4.2577689736337127e-07,4.2578310235918217e-07,4.257893061170378e-07,4.2579550863701984e-07,4.2580170992125846e-07,4.25807909964531e-07,4.2581410876985114e-07,4.2582030633591943e-07,4.258265026838623e-07,4.2583269777650616e-07,4.2583889163266697e-07,4.2584508425202843e-07,4.258512756336204e-07,4.2585746578152346e-07,4.258636546952094e-07,4.2586984237189834e-07,4.258760288138936e-07,4.258822140201863e-07,4.258883979923213e-07,4.258945807302461e-07,4.259007622315758e-07,4.2590694250098294e-07,4.259131215482914e-07,4.2591929935023726e-07,4.259254759171259e-07,4.25931651253026e-07,4.2593782537914864e-07,4.2594399825261404e-07,4.2595016989381495e-07,4.259563403094188e-07,4.2596250948750667e-07,4.2596867743170184e-07,4.259748441509929e-07,4.259810096328463e-07,4.2598717388651456e-07,4.2599333692107146e-07,4.259994987123504e-07,4.2600565927285204e-07,4.2601181860396426e-07,4.2601797670624005e-07,4.2602413357940374e-07,4.2603028922370934e-07,4.2603644363945136e-07,4.2604259682679856e-07,4.2604874878604413e-07,4.2605489952935114e-07,4.260610490381332e-07,4.260671973253732e-07,4.2607334435806884e-07,4.2607949018761723e-07,4.260856347880537e-07,4.260917781620241e-07,4.260979202745226e-07,4.2610406119230464e-07,4.261102008870326e-07,4.261163393530615e-07,4.261224765923519e-07,4.261286126100634e-07,4.2613474740241755e-07,4.261408809713092e-07,4.261470133224007e-07,4.26153144442365e-07,4.2615927432380165e-07,4.2616540299704937e-07,4.26171530446939e-07,4.261776566740714e-07,4.2618378167861784e-07,4.2618990547008445e-07,4.261960280380314e-07,4.262021493756064e-07,4.2620826949131153e-07,4.2621438838670255e-07,4.262205060609782e-07,4.262266225138299e-07,4.2623273774600204e-07,4.262388517594081e-07,4.2624496455086025e-07,4.262510761376405e-07,4.262571864892169e-07,4.2626329562285636e-07,4.262694035364543e-07,4.2627551023355324e-07,4.262816157107884e-07,4.2628771998089996e-07,4.2629382302242465e-07,4.2629992484529975e-07,4.263060254512906e-07,4.263121248386199e-07,4.2631822300993266e-07,4.26324319964553e-07,4.2633041570253554e-07,4.2633651022414163e-07,4.2634260352962917e-07,4.2634869561925137e-07,4.2635478649326524e-07,4.263608761519205e-07,4.263669645954684e-07,4.263730518260295e-07,4.263791378398416e-07,4.2638522263830473e-07,4.263913062252133e-07,4.2639738859663795e-07,4.264034697548327e-07,4.2640954969943076e-07,4.2641562843095676e-07,4.264217059490993e-07,4.264277822550631e-07,4.264338573487393e-07,4.264399312302601e-07,4.2644600389932486e-07,4.2645207535849756e-07,4.264581456047555e-07,4.2646421463616045e-07,4.2647028246093415e-07,4.264763490752773e-07,4.264824144789663e-07,4.264884786723798e-07,4.2649454165614376e-07,4.265006034301424e-07,4.2650666399482944e-07,4.265127233503694e-07,4.2651878149696536e-07,4.265248384317941e-07,4.2653089416135264e-07,4.265369486817139e-07,4.2654300199477676e-07,4.2654905410043225e-07,4.2655510499889987e-07,4.26561154690169e-07,4.265672031794184e-07,4.2657325045802684e-07,4.2657929652930315e-07,4.265853413924647e-07,4.265913850574802e-07,4.2659742751023206e-07,4.2660346875813033e-07,4.2660950880101295e-07,4.266155476618463e-07,4.2662158529514987e-07,4.266276217237689e-07,4.2663365694835776e-07,4.2663969096826025e-07,4.266457237851918e-07,4.266517553980499e-07,4.266577858025252e-07,4.2666381500982156e-07,4.266698430144703e-07,4.2667586981971736e-07,4.2668189542798806e-07,4.266879198267235e-07,4.2669394302296145e-07,4.2669996501821826e-07,4.26705985811603e-07,4.267120054043465e-07,4.26718023796216e-07,4.267240409873306e-07,4.267300569780723e-07,4.267360717687739e-07,4.2674208535967006e-07,4.2674809775262134e-07,4.2675410894316733e-07,4.2676011894362265e-07,4.267661277253294e-07,4.267721353258799e-07,4.2677814172370246e-07,4.2678414692529923e-07,4.267901509279832e-07,4.267961537321133e-07,4.2680215533892395e-07,4.268081557486236e-07,4.2681415496067224e-07,4.2682015297724274e-07,4.2682614979638903e-07,4.2683214541997907e-07,4.26838139848539e-07,4.2684413308083933e-07,4.268501251179963e-07,4.268561159561091e-07,4.268621056031564e-07,4.26868094055112e-07,4.2687408131305437e-07,4.2688006737696656e-07,4.268860522469548e-07,4.26892035923288e-07,4.2689801840663744e-07,4.2690399969466987e-07,4.269099798005988e-07,4.269159587241478e-07,4.269219364382551e-07,4.269279129579125e-07,4.2693388827870364e-07,4.2693986241469586e-07,4.2694583536110055e-07,4.2695180711450735e-07,4.2695777767687794e-07,4.2696374704851804e-07,4.269697152296705e-07,4.269756822206243e-07,4.2698164802136304e-07,4.2698761263247734e-07,4.269935760539607e-07,4.269995382861975e-07,4.2700549932933905e-07,4.2701145918369345e-07,4.270174178493824e-07,4.2702337532600285e-07,4.270293316145504e-07,4.270352867152683e-07,4.2704124062839817e-07,4.270471933541811e-07,4.2705314489285804e-07,4.270590952446688e-07,4.27065044409857e-07,4.270709923886607e-07,4.2707693918131995e-07,4.270828847880751e-07,4.270888292091662e-07,4.270947724448305e-07,4.271007144953051e-07,4.27106655360828e-07,4.2711259504163364e-07,4.271185335379559e-07,4.2712447085002604e-07,4.2713040697807104e-07,4.271363419223145e-07,4.2714227568297166e-07,4.2714820826024406e-07,4.271541396543045e-07,4.271600698652822e-07,4.271659988931513e-07,4.2717192673725004e-07,4.271778533936271e-07,4.271837788747429e-07,4.271897031754179e-07,4.2719562629533607e-07,4.2720154823454275e-07,4.2720746899318324e-07,4.2721338857144504e-07,4.2721930696953186e-07,4.272252241876599e-07,4.2723114022605367e-07,4.272370550849407e-07,4.272429687645516e-07,4.2724888126511944e-07,4.2725479258687735e-07,4.2726070273006175e-07,4.272666116949085e-07,4.272725194816543e-07,4.272784260905377e-07,4.272843315217948e-07,4.27290235775665e-07,4.272961388523852e-07,4.273020407521955e-07,4.2730794147533507e-07,4.273138410220408e-07,4.2731973939255366e-07,4.273256365871105e-07,4.2733153260595154e-07,4.2733742744931683e-07,4.2734332111744455e-07,4.27349213610574e-07,4.273551049289447e-07,4.2736099507365724e-07,4.2736688404407893e-07,4.2737277184044953e-07,4.2737865846300823e-07,4.2738454391199695e-07,4.273904281876525e-07,4.273963112902155e-07,4.2740219321992484e-07,4.2740807397702136e-07,4.274139535617455e-07,4.2741983197422306e-07,4.274257092148039e-07,4.274315852846923e-07,4.274374601821954e-07,4.274433339075396e-07,4.274492064630227e-07,4.2745507784788673e-07,4.2746094806236295e-07,4.274668171063603e-07,4.274726849803737e-07,4.274785516846377e-07,4.274844172193993e-07,4.2749028158487205e-07,4.274961447813385e-07,4.275020068090162e-07,4.2750786766814116e-07,4.275137273589487e-07,4.2751958588168907e-07,4.275254432364564e-07,4.275312994241032e-07,4.275371544444618e-07,4.275430082964911e-07,4.27548860981436e-07,4.275547124994834e-07,4.275605628436222e-07,4.2756641202936877e-07,4.275722600509954e-07,4.275781069052295e-07,4.2758395259489274e-07,4.275897971210029e-07,4.2759564048062783e-07,4.276014826760605e-07,4.276073237062927e-07,4.2761316357255546e-07,4.276190022752574e-07,4.276248398133606e-07,4.27630676189672e-07,4.276365113921741e-07,4.2764234543965787e-07,4.276481783208116e-07,4.2765401003973827e-07,4.2765984059662196e-07,4.276656699948429e-07,4.276714982312485e-07,4.276773253069149e-07,4.2768315122086514e-07,4.276889759761299e-07,4.2769479956915985e-07,4.277006219957816e-07,4.277064432665475e-07,4.2771226337682777e-07,4.27718082326851e-07,4.277239001159949e-07,4.2772971675079487e-07,4.277355322220016e-07,4.2774134653429044e-07,4.2774715968515015e-07,4.2775297168042356e-07,4.277587825173638e-07,4.277645921962086e-07,4.2777040071698427e-07,4.2777620808007404e-07,4.277820142857018e-07,4.277878193338067e-07,4.277936232249311e-07,4.2779942595991685e-07,4.278052275368014e-07,4.27811027958541e-07,4.2781682722438417e-07,4.278226253349535e-07,4.2782842228999076e-07,4.278342180899701e-07,4.278400127348993e-07,4.2784580622472424e-07,4.278515985599813e-07,4.2785738974097407e-07,4.278631797678807e-07,4.2786896864016807e-07,4.278747563588934e-07,4.2788054292428706e-07,4.278863283365807e-07,4.2789211259600567e-07,4.278978957027927e-07,4.279036776571757e-07,4.2790945845938765e-07,4.2791523810965886e-07,4.279210166064965e-07,4.2792679395218765e-07,4.279325701473539e-07,4.2793834519836504e-07,4.2794411910495587e-07,4.2794989184990703e-07,4.2795566343801357e-07,4.2796143388090875e-07,4.279672031739342e-07,4.2797297131732556e-07,4.2797873831131433e-07,4.2798450415613637e-07,4.2799026885202396e-07,4.2799603239920814e-07,4.2800179479792374e-07,4.2800755604840164e-07,4.280133161508749e-07,4.280190751055746e-07,4.2802483291273184e-07,4.28030589572577e-07,4.28036345085197e-07,4.2804209945187413e-07,4.280478526719774e-07,4.280536047457219e-07,4.2805935567335787e-07,4.280651054550673e-07,4.280708540911918e-07,4.280766015819116e-07,4.280823479274586e-07,4.280880931280708e-07,4.2809383718397536e-07,4.2809958009540697e-07,4.281053218625978e-07,4.2811106247962756e-07,4.281168019590378e-07,4.2812254029490876e-07,4.2812827748759055e-07,4.2813401353711424e-07,4.2813974844346956e-07,4.281454822115114e-07,4.2815121483315764e-07,4.281569463113313e-07,4.2816267664993633e-07,4.281684058516641e-07,4.281741339098487e-07,4.281798608206237e-07,4.281855865958491e-07,4.2819131122741486e-07,4.2819703471846745e-07,4.282027570692416e-07,4.282084782799687e-07,4.282141983508797e-07,4.2821991728202885e-07,4.282256350736231e-07,4.282313517260466e-07,4.282370672397597e-07,4.282427816140354e-07,4.282484948487684e-07,4.282542069474259e-07,4.282599179081861e-07,4.2826562773133293e-07,4.28271336419104e-07,4.282770439671115e-07,4.2828275037833197e-07,4.282884556503796e-07,4.282941597882729e-07,4.282998627902404e-07,4.283055646556975e-07,4.2831126538565816e-07,4.283169649792146e-07,4.2832266343798786e-07,4.283283607615445e-07,4.283340569499707e-07,4.2833975200461303e-07,4.283454459261762e-07,4.28351138711482e-07,4.2835683036275647e-07,4.2836252088023303e-07,4.283682102650883e-07,4.2837389851643993e-07,4.283795856369071e-07,4.283852716216587e-07,4.2839095647313806e-07,4.2839664019705257e-07,4.284023227843529e-07,4.2840800423672847e-07,4.2841368456095623e-07,4.284193637520066e-07,4.284250418201141e-07,4.284307187127448e-07,4.284363945009503e-07,4.284420691694881e-07,4.2844774270688835e-07,4.2845341511467635e-07,4.284590863913682e-07,4.284647565397948e-07,4.2847042555882435e-07,4.2847609345882515e-07,4.2848176021748483e-07,4.2848742584607916e-07,4.2849309034975635e-07,4.2849875372517946e-07,4.285044159725781e-07,4.2851007709218247e-07,4.285157370842226e-07,4.285213959489291e-07,4.2852705368653057e-07,4.2853271029744597e-07,4.2853836578174354e-07,4.285440201396725e-07,4.2854967337152955e-07,4.2855532547659913e-07,4.285609764566668e-07,4.285666263106346e-07,4.285722750390671e-07,4.285779226431172e-07,4.28583569122307e-07,4.285892144769164e-07,4.2859485870717504e-07,4.28600501813311e-07,4.2860614379555485e-07,4.2861178465413484e-07,4.28617424389279e-07,4.286230630012172e-07,4.2862870049017785e-07,4.286343368563911e-07,4.286399721004261e-07,4.286456062221986e-07,4.286512392219401e-07,4.2865687110074695e-07,4.2866250185707536e-07,4.2866813149182294e-07,4.2867376000618934e-07,4.2867938739906046e-07,4.28685013672081e-07,4.286906388235155e-07,4.28696262854828e-07,4.287018857645695e-07,4.2870750755473584e-07,4.2871312822551966e-07,4.2871874777712133e-07,4.2872436621047027e-07,4.287299835249471e-07,4.2873559972078743e-07,4.287412147976662e-07,4.287468287585666e-07,4.287524416024291e-07,4.2875805331920544e-07,4.287636639341521e-07,4.287692734229387e-07,4.287748817946784e-07,4.2878048904960043e-07,4.28786095187932e-07,4.28791700209954e-07,4.287973041208848e-07,4.2880290688474464e-07,4.2880850854284746e-07,4.288141090795586e-07,4.288197085296525e-07,4.28825306859162e-07,4.2883090407516275e-07,4.288365001686562e-07,4.288420951514517e-07,4.288476890232458e-07,4.2885328178011604e-07,4.2885887342390185e-07,4.288644639538352e-07,4.288700533705835e-07,4.288756416743746e-07,4.288812288654338e-07,4.2888681494411664e-07,4.2889239991063675e-07,4.288979837588849e-07,4.2890356650129575e-07,4.2890914811883356e-07,4.289147286382686e-07,4.289203080482236e-07,4.289258863435641e-07,4.2893146353032746e-07,4.2893703961742993e-07,4.289426145551611e-07,4.289481884113524e-07,4.289537611572944e-07,4.289593327954485e-07,4.289649033229553e-07,4.289704727394394e-07,4.2897604104926704e-07,4.289816082455291e-07,4.289871743281622e-07,4.28992739313346e-07,4.2899830318933206e-07,4.2900386595727845e-07,4.2900942761806156e-07,4.2901498816035783e-07,4.290205476058831e-07,4.290261059357139e-07,4.2903166314937015e-07,4.2903721927539265e-07,4.290427742946282e-07,4.2904832820736565e-07,4.2905388101433777e-07,4.2905943271577355e-07,4.290649833119027e-07,4.2907053280295583e-07,4.290760811891625e-07,4.290816284707512e-07,4.2908717465037e-07,4.290927197192911e-07,4.290982636879954e-07,4.291038065551543e-07,4.2910934831972654e-07,4.291148889801708e-07,4.291204285367421e-07,4.2912596699052203e-07,4.291315043417338e-07,4.2913704059060256e-07,4.2914257573735045e-07,4.2914810978220536e-07,4.291536427253878e-07,4.291591745671232e-07,4.2916470530763626e-07,4.291702349471507e-07,4.291757634858893e-07,4.291812909240771e-07,4.2918681726193646e-07,4.2919234249969207e-07,4.2919786663756815e-07,4.29203389675787e-07,4.292089116152986e-07,4.292144324563949e-07,4.292199521983935e-07,4.2922547084147484e-07,4.292309883965911e-07,4.292365048428674e-07,4.292420201911287e-07,4.29247534440751e-07,4.292530475915174e-07,4.292585596465263e-07,4.2926407060435236e-07,4.2926958046512717e-07,4.2927508922826253e-07,4.2928059689645105e-07,4.2928610346003625e-07,4.292916089359285e-07,4.29297113312684e-07,4.2930261659358266e-07,4.2930811877897536e-07,4.293136198647561e-07,4.2931911985620675e-07,4.293246187533909e-07,4.293301165564265e-07,4.293356132700889e-07,4.293411088841686e-07,4.293466034131891e-07,4.29352096845553e-07,4.293575891896123e-07,4.2936308044034154e-07,4.293685705926552e-07,4.2937405965225353e-07,4.2937954761935393e-07,4.2938503449417564e-07,4.293905202769382e-07,4.293960049678618e-07,4.2940148856716666e-07,4.2940697107144284e-07,4.29412452465832e-07,4.294179327869031e-07,4.294234120228926e-07,4.294288901693105e-07,4.2943436722358495e-07,4.294398431910944e-07,4.294453180634319e-07,4.2945079184924104e-07,4.294562645504899e-07,4.294617361565149e-07,4.294672066765093e-07,4.2947267611062516e-07,4.29478144450443e-07,4.2948361170135294e-07,4.294890778647606e-07,4.2949454292235273e-07,4.295000069131676e-07,4.295054698151171e-07,4.2951093163096863e-07,4.2951639235759226e-07,4.295218519985394e-07,4.295273105535522e-07,4.2953276801742203e-07,4.295382243994009e-07,4.295436796949686e-07,4.295491339052507e-07,4.2955458702894904e-07,4.2956003906683013e-07,4.2956549002013514e-07,4.2957093988331673e-07,4.2957638865658456e-07,4.2958183635605337e-07,4.29587282971117e-07,4.295927285033924e-07,4.295981729514946e-07,4.296036163197508e-07,4.296090585992943e-07,4.296144997997078e-07,4.2961993991749555e-07,4.296253789525997e-07,4.2963081690301485e-07,4.2963625377959524e-07,4.296416895658679e-07,4.2964712427531375e-07,4.296525578856826e-07,4.2965799042752496e-07,4.2966342188778727e-07,4.296688522665987e-07,4.296742815757284e-07,4.296797097948539e-07,4.2968513693374293e-07,4.2969056299258233e-07,4.2969598797163837e-07,4.297014118597337e-07,4.297068346803284e-07,4.297122564185604e-07,4.2971767709082915e-07,4.2972309668787627e-07,4.2972851520775684e-07,4.2973393264488975e-07,4.2973934899421477e-07,4.297447642665641e-07,4.297501784606165e-07,4.2975559157735444e-07,4.297610036170136e-07,4.2976641457970335e-07,4.2977182446591986e-07,4.297772332756116e-07,4.297826410090983e-07,4.297880476629726e-07,4.297934532441184e-07,4.2979885774828074e-07,4.298042611895519e-07,4.2980966354976716e-07,4.298150648305334e-07,4.298204650366224e-07,4.2982586416870203e-07,4.298312622257753e-07,4.298366592096456e-07,4.298420551191057e-07,4.298474499548651e-07,4.2985284371757533e-07,4.298582364066767e-07,4.2986362802389214e-07,4.2986901856395645e-07,4.298744080352666e-07,4.2987979643428135e-07,4.298851837612736e-07,4.298905700163767e-07,4.298959551995186e-07,4.299013393112515e-07,4.29906722351793e-07,4.2991210432135744e-07,4.29917485220163e-07,4.299228650397921e-07,4.299282437971835e-07,4.2993362148087547e-07,4.299389981028485e-07,4.2994437365193143e-07,4.2994974813099136e-07,4.299551215371862e-07,4.299604938746258e-07,4.299658651467234e-07,4.2997123534962737e-07,4.299766044740974e-07,4.2998197253924266e-07,4.299873395378487e-07,4.2999270546917713e-07,4.2999807033300613e-07,4.3000343412955314e-07,4.300087968590333e-07,4.300141585216652e-07,4.3001951911766514e-07,4.300248786472494e-07,4.300302371106345e-07,4.300355945080373e-07,4.300409508396742e-07,4.3004630610576097e-07,4.300516603065159e-07,4.3005701344215447e-07,4.300623655128937e-07,4.300677165189482e-07,4.3007306646053583e-07,4.3007841533787236e-07,4.300837631511744e-07,4.3008910990065697e-07,4.3009445558653683e-07,4.3009980020903014e-07,4.3010514376835205e-07,4.301104862647197e-07,4.301158276983491e-07,4.3012116806945585e-07,4.30126507378256e-07,4.301318456249633e-07,4.3013718280979596e-07,4.301425189329687e-07,4.3014785399469685e-07,4.3015318799519647e-07,4.301585209346832e-07,4.3016385281337157e-07,4.3016918363147973e-07,4.301745133892203e-07,4.3017984208680803e-07,4.3018516972446047e-07,4.301904963023927e-07,4.3019582182081824e-07,4.3020114627995434e-07,4.3020646968001546e-07,4.302117920212151e-07,4.302171133037324e-07,4.302224335278208e-07,4.302277526936916e-07,4.3023307080156467e-07,4.302383878516509e-07,4.302437038441673e-07,4.302490187793278e-07,4.302543326573472e-07,4.3025964547843843e-07,4.3026495724282e-07,4.302702679507033e-07,4.302755776023045e-07,4.302808861978368e-07,4.302861937375154e-07,4.302915002215547e-07,4.302968056501689e-07,4.303021100235719e-07,4.3030741334197963e-07,4.3031271560560383e-07,4.3031801681465967e-07,4.303233169693627e-07,4.303286160699248e-07,4.303339141165615e-07,4.303392111094859e-07,4.303445070489133e-07,4.303498019350567e-07,4.3035509576812907e-07,4.303603885483452e-07,4.3036568027591887e-07,4.3037097095106197e-07,4.3037626057399183e-07,4.303815491449196e-07,4.303868366640578e-07,4.3039212313162204e-07,4.3039740854782603e-07,4.304026929128828e-07,4.30407976227004e-07,4.304132584904044e-07,4.304185397032972e-07,4.3042381986589584e-07,4.3042909897841367e-07,4.304343770410627e-07,4.3043965405405706e-07,4.3044493001761005e-07,4.304502049319338e-07,4.3045547879724156e-07,4.3046075161374697e-07,4.3046602338166197e-07,4.3047129410119937e-07,4.304765637725734e-07,4.304818323959952e-07,4.304870999716783e-07,4.304923664998342e-07,4.3049763198067884e-07,4.3050289641442015e-07,4.305081598012744e-07,4.305134221414519e-07,4.305186834352095e-07,4.305239436827365e-07,4.3052920288421224e-07,4.3053446103986117e-07,4.3053971814989627e-07,4.305449742145289e-07,4.3055022923397034e-07,4.30555483208437e-07,4.305607361381351e-07,4.305659880243389e-07,4.3057123886514194e-07,4.305764886604295e-07,4.305817374156612e-07,4.305869851238939e-07,4.3059223178944735e-07,4.3059747741171853e-07,4.306027219949833e-07,4.3060796553112205e-07,4.306132080248081e-07,4.306184494788088e-07,4.306236898875403e-07,4.3062892925385955e-07,4.306341675784582e-07,4.3063940486136237e-07,4.3064464110277617e-07,4.306498763029015e-07,4.306551104619322e-07,4.306603435800553e-07,4.3066557565890107e-07,4.30670806696672e-07,4.3067603669508377e-07,4.306812656535953e-07,4.3068649357241934e-07,4.306917204517621e-07,4.3069694629190587e-07,4.3070217109344764e-07,4.30707394855619e-07,4.307126175791552e-07,4.3071783926297544e-07,4.3072305990994586e-07,4.3072827951878295e-07,4.3073349808986927e-07,4.3073871562340053e-07,4.3074393212009e-07,4.3074914757948334e-07,4.3075436200151874e-07,4.307595753768921e-07,4.307647877318173e-07,4.3076999904698495e-07,4.307752093233179e-07,4.3078041856375297e-07,4.3078562677019374e-07,4.3079083393967295e-07,4.307960400871943e-07,4.308012451717673e-07,4.308064492399048e-07,4.308116522768932e-07,4.3081685427193057e-07,4.3082205523272297e-07,4.3082725516214227e-07,4.308324540547928e-07,4.3083765191190896e-07,4.3084284873752267e-07,4.3084804453036573e-07,4.3085323929081036e-07,4.3085843301798014e-07,4.3086362571255556e-07,4.308688173747529e-07,4.3087400800464537e-07,4.308791976021112e-07,4.30884386167471e-07,4.30889573706964e-07,4.308947602105023e-07,4.3089994568316017e-07,4.309051301249383e-07,4.3091031353550287e-07,4.3091549591585137e-07,4.309206772664193e-07,4.309258575851066e-07,4.30931036875479e-07,4.309362151366409e-07,4.309413923696266e-07,4.3094656857322195e-07,4.309517437462315e-07,4.309569178901597e-07,4.3096209100531265e-07,4.309672630919703e-07,4.309724341487767e-07,4.309776041798939e-07,4.309827731837065e-07,4.3098794115997595e-07,4.3099310811249616e-07,4.309982740347877e-07,4.3100343893439594e-07,4.310086028026862e-07,4.310137656458273e-07,4.3101892746130635e-07,4.31024088250716e-07,4.310292480136753e-07,4.310344067516564e-07,4.3103956445970647e-07,4.31044721146896e-07,4.310498768090314e-07,4.3105503144637876e-07,4.310601850588171e-07,4.3106533764713765e-07,4.31070489211183e-07,4.3107563975131164e-07,4.3108078926765497e-07,4.3108593776041907e-07,4.3109108523209523e-07,4.310962316764572e-07,4.3110137710017177e-07,4.3110652150413244e-07,4.3111166488178237e-07,4.3111680723685336e-07,4.311219485698498e-07,4.311270888808665e-07,4.311322281722576e-07,4.3113736644082375e-07,4.311425036879129e-07,4.311476399126708e-07,4.311527751177875e-07,4.3115790930190964e-07,4.3116304246588054e-07,4.311681746111281e-07,4.311733057350531e-07,4.3117843583900547e-07,4.3118356492633745e-07,4.3118869299057597e-07,4.3119382003242423e-07,4.311989460555823e-07,4.312040710697109e-07,4.3120919505884317e-07,4.312143180297164e-07,4.3121943998215873e-07,4.312245609155042e-07,4.312296808327048e-07,4.312347997317943e-07,4.312399176135121e-07,4.312450344780888e-07,4.3125015032565115e-07,4.3125526515659526e-07,4.3126037897097203e-07,4.3126549176900657e-07,4.3127060355077744e-07,4.3127571431665495e-07,4.312808240668162e-07,4.312859328119711e-07,4.312910405313001e-07,4.312961472350602e-07,4.313012529243822e-07,4.313063575983576e-07,4.313114612588237e-07,4.3131656390485295e-07,4.3132166553707467e-07,4.313267661569526e-07,4.3133186576132536e-07,4.313369643525305e-07,4.3134206194241e-07,4.313471585073847e-07,4.313522540617765e-07,4.313573486007283e-07,4.3136244212787803e-07,4.313675346421722e-07,4.313726261441565e-07,4.313777166332599e-07,4.3138280611160993e-07,4.313878945786215e-07,4.31392982034857e-07,4.3139806848052676e-07,4.3140315391644773e-07,4.314082383493635e-07,4.3141332176270356e-07,4.314184041659823e-07,4.314234855592538e-07,4.314285659414401e-07,4.3143364530544027e-07,4.3143872367001405e-07,4.3144380102545676e-07,4.314488773714527e-07,4.3145395270967174e-07,4.314590270386194e-07,4.3146410035953285e-07,4.314691726722036e-07,4.3147424397748277e-07,4.314793142738472e-07,4.3148438356269094e-07,4.3148945184684695e-07,4.314945191223932e-07,4.3149958539015925e-07,4.315046506516255e-07,4.315097149061704e-07,4.315147781563069e-07,4.315198403990043e-07,4.3152490163616805e-07,4.3152996186746875e-07,4.3153502109203776e-07,4.3154007931161027e-07,4.3154513652675836e-07,4.3155019273744285e-07,4.315552479428654e-07,4.315603021440001e-07,4.3156535534086885e-07,4.3157040753383027e-07,4.315754587229433e-07,4.315805089084115e-07,4.315855580904376e-07,4.3159060626922555e-07,4.315956534449797e-07,4.316006996179035e-07,4.3160574478820027e-07,4.3161078892713673e-07,4.316158320675099e-07,4.3162087420888303e-07,4.3162591537045215e-07,4.3163095553040116e-07,4.316359946889208e-07,4.316410328462315e-07,4.3164607000258193e-07,4.3165110615806447e-07,4.316561413155106e-07,4.3166117547012104e-07,4.3166620860923756e-07,4.316712407465656e-07,4.3167627188127106e-07,4.3168130201106704e-07,4.316863311501713e-07,4.3169135928712816e-07,4.3169638644653735e-07,4.317014126074306e-07,4.3170643774676927e-07,4.3171146187685475e-07,4.317164850200386e-07,4.317215071958027e-07,4.3172652837377284e-07,4.317315485542108e-07,4.3173656773740657e-07,4.3174158592202454e-07,4.3174660310529276e-07,4.317516192869763e-07,4.317566344727106e-07,4.3176164866155353e-07,4.317666618591e-07,4.317716740557822e-07,4.317766852414974e-07,4.317816954317623e-07,4.3178670464152776e-07,4.3179171285643024e-07,4.31796720076379e-07,4.318017263015772e-07,4.3180673153222913e-07,4.3181173576853633e-07,4.318167390106925e-07,4.318217412589046e-07,4.3182674251337154e-07,4.3183174277453306e-07,4.318367420384845e-07,4.3184174030215655e-07,4.3184673758050563e-07,4.318517338689338e-07,4.3185672916516597e-07,4.3186172346850436e-07,4.318667167811691e-07,4.3187170909261026e-07,4.318767004229818e-07,4.3188169075948697e-07,4.3188668010473415e-07,4.3189166844576454e-07,4.318966558082559e-07,4.3190164218014567e-07,4.3190662756339846e-07,4.319116119548452e-07,4.319165953562756e-07,4.319215777597909e-07,4.3192655918270044e-07,4.3193153962280607e-07,4.319365190629497e-07,4.319414975166461e-07,4.319464749778209e-07,4.3195145144735544e-07,4.3195642693589556e-07,4.3196140143254903e-07,4.3196637494537035e-07,4.31971347468712e-07,4.3197631900686745e-07,4.3198128955508943e-07,4.3198625911573496e-07,4.3199122768919476e-07,4.319961952757835e-07,4.32001161878834e-07,4.3200612750011064e-07,4.3201109213090344e-07,4.3201605577235033e-07,4.320210184281744e-07,4.320259800978327e-07,4.3203094078151046e-07,4.320359004798553e-07,4.3204085919368037e-07,4.320458169136307e-07,4.3205077365712615e-07,4.3205572941594674e-07,4.32060684192417e-07,4.3206563798018656e-07,4.320705907879915e-07,4.320755426130969e-07,4.320804934517869e-07,4.320854433077826e-07,4.3209039217934265e-07,4.320953400551642e-07,4.3210028696287205e-07,4.3210523286202494e-07,4.321101778040033e-07,4.3211512176425355e-07,4.32120064742204e-07,4.3212500673863855e-07,4.3212994772004514e-07,4.321348877538722e-07,4.3213982679453496e-07,4.321447648710862e-07,4.321497019610165e-07,4.3215463805032096e-07,4.321595731808658e-07,4.3216450732878835e-07,4.3216944050613466e-07,4.3217437271008383e-07,4.32179303921551e-07,4.3218423415620246e-07,4.32189163407889e-07,4.3219409168067454e-07,4.3219901897786873e-07,4.3220394530104963e-07,4.3220887063913174e-07,4.32213794997151e-07,4.322187183777066e-07,4.3222364078098016e-07,4.3222856220661937e-07,4.322334826532294e-07,4.322384021351507e-07,4.3224332062909284e-07,4.3224823814972073e-07,4.3225315469025295e-07,4.3225807025420086e-07,4.322629848384815e-07,4.322678984504149e-07,4.322728110848625e-07,4.3227772274603803e-07,4.3228263342437846e-07,4.3228754314260276e-07,4.322924518759115e-07,4.322973596359524e-07,4.3230226642136754e-07,4.3230717223251573e-07,4.3231207706926956e-07,4.3231698093198935e-07,4.323218838208726e-07,4.323267857363106e-07,4.323316866782491e-07,4.32336586645794e-07,4.3234148564195204e-07,4.3234638366460247e-07,4.3235128071469756e-07,4.3235617679223117e-07,4.323610718977028e-07,4.3236596602614736e-07,4.323708591873824e-07,4.3237575137760126e-07,4.3238064258872306e-07,4.3238553283619375e-07,4.3239042211238827e-07,4.3239531041733156e-07,4.324001977515596e-07,4.324050841139914e-07,4.3240996950745255e-07,4.3241485392671373e-07,4.324197373801581e-07,4.3242461986389163e-07,4.3242950137804627e-07,4.3243438193228165e-07,4.3243926150722894e-07,4.3244414011033336e-07,4.3244901774893475e-07,4.3245389441858603e-07,4.324587701198369e-07,4.3246364485294236e-07,4.3246851861814736e-07,4.32473391415963e-07,4.324782632446028e-07,4.324831341074048e-07,4.324880040027316e-07,4.324928729323374e-07,4.324977409011883e-07,4.3250260789670314e-07,4.325074739267649e-07,4.3251233898920124e-07,4.325172030856423e-07,4.325220662162866e-07,4.325269283813303e-07,4.325317895809364e-07,4.3253664981456284e-07,4.3254150908118313e-07,4.3254636738679944e-07,4.3255122472671894e-07,4.3255608110254957e-07,4.325609365142098e-07,4.3256579096154406e-07,4.3257064444545e-07,4.325754969655618e-07,4.3258034852188666e-07,4.325851991152218e-07,4.325900487445037e-07,4.325948974113228e-07,4.3259974511589367e-07,4.3260459185763957e-07,4.3260943763732313e-07,4.3261428245489076e-07,4.326191263065469e-07,4.3262396918753703e-07,4.326288111204377e-07,4.326336520922589e-07,4.326384921026923e-07,4.326433311523371e-07,4.326481692406808e-07,4.326530063682824e-07,4.3265784253575535e-07,4.3266267774306435e-07,4.3266751199042027e-07,4.3267234527801327e-07,4.3267717760615166e-07,4.326820089748595e-07,4.3268683938421516e-07,4.3269166883894585e-07,4.3269649733106685e-07,4.327013248641507e-07,4.3270615143883186e-07,4.327109770553027e-07,4.3271580171425936e-07,4.327206254154319e-07,4.327254481601716e-07,4.327302699440802e-07,4.3273509077031545e-07,4.32739910642024e-07,4.3274472955954986e-07,4.327495475091667e-07,4.3275436451006615e-07,4.327591805550298e-07,4.327639956408895e-07,4.327688097709404e-07,4.3277362294540183e-07,4.327784351645135e-07,4.327832464285667e-07,4.3278805671422526e-07,4.3279286607067814e-07,4.327976744724849e-07,4.32802481919605e-07,4.3280728841475855e-07,4.328120939549236e-07,4.328168985370415e-07,4.3282170216518065e-07,4.328265048396092e-07,4.328313065640828e-07,4.328361073376378e-07,4.3284090715579875e-07,4.328457060210785e-07,4.328505039327974e-07,4.3285530089130696e-07,4.328600968992552e-07,4.3286489196172267e-07,4.328696860656371e-07,4.3287447921783425e-07,4.3287927141665275e-07,4.3288406266533195e-07,4.3288885295924223e-07,4.328936423093077e-07,4.328984307045038e-07,4.329032181505495e-07,4.3290800464656337e-07,4.3291279019246345e-07,4.329175747884404e-07,4.329223584345376e-07,4.329271411203434e-07,4.329319228664716e-07,4.3293670366785876e-07,4.3294148351932044e-07,4.3294626241978917e-07,4.3295104037169244e-07,4.329558173802715e-07,4.329605934362665e-07,4.3296536854354684e-07,4.3297014270248633e-07,4.3297491591726805e-07,4.329796881766888e-07,4.3298445949355856e-07,4.329892298619186e-07,4.32993999286714e-07,4.329987677633273e-07,4.330035352934677e-07,4.3300830187324636e-07,4.3301306751110237e-07,4.33017832204823e-07,4.330225959504816e-07,4.330273587513173e-07,4.330321206056724e-07,4.3303688151579916e-07,4.330416414810176e-07,4.3304640050183573e-07,4.330511585772195e-07,4.330559157087997e-07,4.330606718960972e-07,4.3306542713697114e-07,4.330701814365651e-07,4.330749347878589e-07,4.3307968721279356e-07,4.330844386820691e-07,4.330891892127649e-07,4.3309393879614836e-07,4.330986874368755e-07,4.331034351305927e-07,4.331081818783706e-07,4.331129277001928e-07,4.331176725721853e-07,4.3312241649633487e-07,4.331271594825035e-07,4.3313190152992904e-07,4.331366426324276e-07,4.331413827986789e-07,4.331461220229613e-07,4.331508603074387e-07,4.331555976513272e-07,4.331603340551458e-07,4.3316506951861007e-07,4.331698040385282e-07,4.331745376307531e-07,4.3317927027413535e-07,4.3318400198917574e-07,4.3318873274077466e-07,4.331934625768644e-07,4.331981914802444e-07,4.332029194304213e-07,4.332076464415061e-07,4.3321237251495154e-07,4.3321709765080423e-07,4.33221821850479e-07,4.3322654511175603e-07,4.3323126743515006e-07,4.332359888185605e-07,4.33240709267289e-07,4.332454287760244e-07,4.3325014735202075e-07,4.3325486499169893e-07,4.3325958169506583e-07,4.332642974623425e-07,4.332690122941736e-07,4.3327372619213945e-07,4.332784391653417e-07,4.3328315120558487e-07,4.3328786228863776e-07,4.3329257244824724e-07,4.33297281672194e-07,4.33301989962733e-07,4.3330669731431406e-07,4.333114037288476e-07,4.333161092095403e-07,4.333208137566226e-07,4.3332551737401107e-07,4.3333022005955646e-07,4.333349218075056e-07,4.333396226245928e-07,4.333443225054197e-07,4.333490214365885e-07,4.333537194568297e-07,4.3335841654365336e-07,4.333631126993341e-07,4.333678079193424e-07,4.333725022075124e-07,4.3337719556407595e-07,4.3338188798924745e-07,4.333865794832361e-07,4.3339127004893515e-07,4.3339595967824115e-07,4.3340064839147827e-07,4.3340533616608356e-07,4.33410023011214e-07,4.33414708920425e-07,4.334193939034873e-07,4.3342407796167324e-07,4.3342876109016194e-07,4.334334432856622e-07,4.334381245442633e-07,4.334428048813417e-07,4.3344748430750106e-07,4.3345216278755637e-07,4.3345684033423866e-07,4.334615169589685e-07,4.3346619265128266e-07,4.334708674190011e-07,4.334755412603747e-07,4.3348021417396074e-07,4.3348488616070944e-07,4.334895572203375e-07,4.334942273531e-07,4.334988965620358e-07,4.335035648419216e-07,4.3350823219531443e-07,4.3351289862279977e-07,4.335175641245025e-07,4.3352222870203056e-07,4.3352689235216606e-07,4.335315550777844e-07,4.335362168775559e-07,4.335408777516699e-07,4.3354553770212194e-07,4.3355019672799526e-07,4.335548548298216e-07,4.335595120077967e-07,4.335641682611738e-07,4.335688235909996e-07,4.335734779954539e-07,4.335781314779059e-07,4.335827840392556e-07,4.3358743567673165e-07,4.3359208639841995e-07,4.3359673620873283e-07,4.3360138507660477e-07,4.3360603302214037e-07,4.3361068004547557e-07,4.336153261468401e-07,4.336199713265349e-07,4.336246155842556e-07,4.336292589210773e-07,4.3363390133808295e-07,4.336385428309521e-07,4.336431834040457e-07,4.336478230556046e-07,4.3365246178805394e-07,4.3365709960021664e-07,4.336617364922644e-07,4.3366637246441034e-07,4.3367100751666976e-07,4.3367564164945083e-07,4.336802748631572e-07,4.336849071573939e-07,4.3368953853029666e-07,4.3369416897985994e-07,4.336987985198978e-07,4.337034271391742e-07,4.337080548387106e-07,4.337126816271129e-07,4.3371730749243e-07,4.337219324400525e-07,4.3372655647016793e-07,4.337311795829638e-07,4.337358017788816e-07,4.337404230580252e-07,4.33745043419965e-07,4.3374966286532385e-07,4.337542813920845e-07,4.337588989970107e-07,4.337635156929178e-07,4.337681314768083e-07,4.3377274631855216e-07,4.3377736026831147e-07,4.337819733027806e-07,4.337865854221468e-07,4.337911966266413e-07,4.3379580693147553e-07,4.338004163066346e-07,4.3380502476742757e-07,4.3380963231535056e-07,4.33814238947223e-07,4.3381884466602496e-07,4.3382344947085695e-07,4.3382805336247017e-07,4.338326563415633e-07,4.338372583984189e-07,4.3384185954118485e-07,4.338464597766925e-07,4.338510591039648e-07,4.338556575212011e-07,4.338602550258367e-07,4.3386485160114375e-07,4.338694472791408e-07,4.338740420437852e-07,4.338786358997852e-07,4.338832288441607e-07,4.338878208801659e-07,4.338924120089491e-07,4.338970022219578e-07,4.3390159152167705e-07,4.339061799126782e-07,4.3391076739648895e-07,4.3391535396899874e-07,4.3391993963048225e-07,4.3392452437645205e-07,4.339291082175333e-07,4.3393369114831363e-07,4.339382731684318e-07,4.3394285428491405e-07,4.339474344940239e-07,4.3395201379346567e-07,4.33956592186823e-07,4.339611696710877e-07,4.3396574624633406e-07,4.339703219124724e-07,4.3397489666928683e-07,4.3397947051907186e-07,4.339840434668694e-07,4.3398861549574995e-07,4.339931866104728e-07,4.339977568353985e-07,4.340023261515769e-07,4.3400689456026196e-07,4.340114620670841e-07,4.340160286647649e-07,4.3402059439510524e-07,4.3402515918696547e-07,4.3402972306149955e-07,4.3403428603830734e-07,4.340388481091599e-07,4.340434092766881e-07,4.340479695390091e-07,4.3405252890117896e-07,4.3405708735475495e-07,4.3406164490307476e-07,4.3406620152915753e-07,4.3407075727320245e-07,4.340753121006641e-07,4.3407986603605446e-07,4.340844190694678e-07,4.3408897120450675e-07,4.3409352243136424e-07,4.340980727637461e-07,4.341026221842785e-07,4.341071707030336e-07,4.34111718317918e-07,4.3411626503241e-07,4.341208108226773e-07,4.3412535573403973e-07,4.3412989973378977e-07,4.3413444284259026e-07,4.341389850507462e-07,4.341435263560424e-07,4.3414806675815095e-07,4.341526062637314e-07,4.341571448732347e-07,4.34161682573077e-07,4.341662193815958e-07,4.3417075529817006e-07,4.341752903043009e-07,4.3417982441007336e-07,4.341843576176056e-07,4.3418888992576137e-07,4.3419342134387904e-07,4.3419795185509113e-07,4.3420248147053714e-07,4.342070101809033e-07,4.3421153800146763e-07,4.3421606492067367e-07,4.3422059093727526e-07,4.342251160533356e-07,4.3422964027893823e-07,4.3423416359968837e-07,4.342386860303748e-07,4.3424320756257264e-07,4.3424772820199267e-07,4.3425224794234635e-07,4.3425676678713114e-07,4.3426128473611914e-07,4.3426580178917504e-07,4.3427031794648766e-07,4.3427483321461405e-07,4.3427934758683815e-07,4.3428386105604867e-07,4.3428837362951984e-07,4.342928853073079e-07,4.3429739609840087e-07,4.343019059885954e-07,4.343064149861082e-07,4.3431092308900685e-07,4.343154303057623e-07,4.343199366189332e-07,4.34324442039139e-07,4.3432894656622727e-07,4.3433345020716887e-07,4.343379529495342e-07,4.3434245479907984e-07,4.343469557606181e-07,4.3435145582572123e-07,4.3435595499873773e-07,4.3436045327665185e-07,4.343649506688112e-07,4.3436944716496903e-07,4.3437394276946934e-07,4.3437843748250565e-07,4.3438293130284535e-07,4.3438742423213995e-07,4.3439191627225283e-07,4.3439640742112807e-07,4.3440089767984923e-07,4.3440538704822294e-07,4.3440987552831526e-07,4.344143631208059e-07,4.3441884982031737e-07,4.344233356144723e-07,4.3442782053333915e-07,4.344323045634563e-07,4.3443678770383627e-07,4.344412699559315e-07,4.3444575131914356e-07,4.344502317933085e-07,4.344547113795668e-07,4.344591901064929e-07,4.3446366791553224e-07,4.344681448435945e-07,4.344726208781351e-07,4.3447709602451447e-07,4.3448157028429654e-07,4.344860436568145e-07,4.344905161423984e-07,4.344949877415369e-07,4.344994584530063e-07,4.345039282992684e-07,4.3450839723652633e-07,4.345128652961433e-07,4.3451733246402155e-07,4.3452179874913003e-07,4.3452626414762637e-07,4.3453072865616663e-07,4.3453519228018717e-07,4.3453965502019093e-07,4.3454411687836414e-07,4.3454857785493403e-07,4.34553037944778e-07,4.345574971564972e-07,4.3456195547637233e-07,4.345664129109602e-07,4.345708694629923e-07,4.3457532513177143e-07,4.345797799164216e-07,4.345842338177189e-07,4.345886868366675e-07,4.3459313897289953e-07,4.345975902345505e-07,4.3460204061346645e-07,4.3460649010991997e-07,4.346109387242174e-07,4.3461538645669015e-07,4.346198333076843e-07,4.346242792775353e-07,4.3462872436649395e-07,4.346331685635606e-07,4.346376118800454e-07,4.346420543163744e-07,4.34646495872177e-07,4.346509365492757e-07,4.3465537634348733e-07,4.34659815255117e-07,4.346642532893741e-07,4.3466869044315946e-07,4.346731267191096e-07,4.346775621152257e-07,4.346819966332234e-07,4.3468643026940444e-07,4.346908630267447e-07,4.3469529490505854e-07,4.346997259127113e-07,4.3470415603457264e-07,4.347085852775932e-07,4.3471301364260417e-07,4.3471744113016773e-07,4.34721867739868e-07,4.3472629347172263e-07,4.3473071832620714e-07,4.3473514230361615e-07,4.3473956540369765e-07,4.347439876248766e-07,4.347484089746443e-07,4.3475282944689383e-07,4.3475724904138967e-07,4.3476166775907437e-07,4.347660856110084e-07,4.3477050258540463e-07,4.347749186759262e-07,4.3477933389099925e-07,4.3478374823080856e-07,4.3478816169553744e-07,4.347925742853667e-07,4.3479698600047347e-07,4.3480139684103726e-07,4.348058068072357e-07,4.348102158992439e-07,4.3481462411724154e-07,4.3481903146140484e-07,4.3482343793191205e-07,4.348278435289391e-07,4.3483224825266684e-07,4.3483665210327515e-07,4.3484105508094767e-07,4.3484545718586867e-07,4.348498584197517e-07,4.348542587830833e-07,4.348586582721738e-07,4.348630568885807e-07,4.3486745463289286e-07,4.348718515053537e-07,4.348762474950496e-07,4.348806426244105e-07,4.34885036882926e-07,4.34889430269769e-07,4.3489382278574015e-07,4.3489821443101747e-07,4.3490260519106123e-07,4.349069950845537e-07,4.349113840974983e-07,4.3491577223625813e-07,4.3492015952555205e-07,4.3492454594909915e-07,4.3492893150390417e-07,4.349333161929673e-07,4.349377000127404e-07,4.349420829607644e-07,4.349464650400438e-07,4.34950846264076e-07,4.349552265889406e-07,4.349596060692488e-07,4.349639846615715e-07,4.349683623975051e-07,4.349727392652631e-07,4.3497711527905544e-07,4.34981490407146e-07,4.3498586466692435e-07,4.349902380692215e-07,4.3499461060389526e-07,4.349989822701926e-07,4.350033531102275e-07,4.350077230449543e-07,4.3501209215019254e-07,4.350164603684339e-07,4.350208277079497e-07,4.3502519417822344e-07,4.3502955978199716e-07,4.350339245225415e-07,4.350382883972128e-07,4.350426514079874e-07,4.350470135533123e-07,4.3505137483545875e-07,4.350557352531556e-07,4.350600948230399e-07,4.350644535090872e-07,4.3506881132730816e-07,4.350731682990078e-07,4.3507752439894756e-07,4.3508187963526485e-07,4.350862340080704e-07,4.3509058751560073e-07,4.350949401593692e-07,4.3509929194119844e-07,4.3510364284080175e-07,4.351079928995848e-07,4.3511234209569827e-07,4.3511669041456313e-07,4.3512103788565654e-07,4.351253844950263e-07,4.35129730242865e-07,4.3513407513052875e-07,4.3513841915652576e-07,4.351427623214551e-07,4.3514710462547624e-07,4.351514460680376e-07,4.3515578663949913e-07,4.351601263507736e-07,4.351644652020368e-07,4.351688031934623e-07,4.3517314032522095e-07,4.3517747659749224e-07,4.3518181201044854e-07,4.351861465642626e-07,4.3519048025910776e-07,4.3519481309516273e-07,4.3519914507259676e-07,4.3520347619158545e-07,4.3520780645230233e-07,4.352121358549196e-07,4.352164643996113e-07,4.3522079208655005e-07,4.3522511891591397e-07,4.3522944488787006e-07,4.352337700025951e-07,4.352380942602603e-07,4.352424176610397e-07,4.352467402051045e-07,4.352510618926312e-07,4.3525538272378867e-07,4.352597026987508e-07,4.352640218176929e-07,4.352683400807817e-07,4.352726574881957e-07,4.352769740475292e-07,4.352812897514561e-07,4.3528560460014727e-07,4.352899185937738e-07,4.3529423173250813e-07,4.352985440165225e-07,4.353028554459867e-07,4.3530716602107316e-07,4.353114757419532e-07,4.3531578460879695e-07,4.3532009262177795e-07,4.353243997810655e-07,4.353287060868326e-07,4.35333011539248e-07,4.353373161384851e-07,4.35341619884713e-07,4.353459227781049e-07,4.3535022481882946e-07,4.3535452600705843e-07,4.353588263429629e-07,4.353631258267127e-07,4.3536742445847954e-07,4.353717222408996e-07,4.353760191716649e-07,4.3538031525176144e-07,4.3538461048590804e-07,4.353889048637708e-07,4.353931983883012e-07,4.353974910620384e-07,4.354017828851502e-07,4.354060738578068e-07,4.354103639801775e-07,4.354146532524312e-07,4.3541894167473495e-07,4.35423229247259e-07,4.3542751597016974e-07,4.3543180184363655e-07,4.354360868678259e-07,4.354403710356663e-07,4.3544465435351675e-07,4.354489368211008e-07,4.354532184377461e-07,4.3545749920168616e-07,4.3546177910550405e-07,4.3546605817416227e-07,4.354703363898488e-07,4.354746137646195e-07,4.3547889029503256e-07,4.354831659880025e-07,4.354874408380854e-07,4.3549171484019317e-07,4.3549598798983625e-07,4.3550026029351126e-07,4.3550453175130094e-07,4.355088023565961e-07,4.355130721164346e-07,4.3551734103760055e-07,4.355216091183956e-07,4.355258763479834e-07,4.355301427251523e-07,4.3553440825638114e-07,4.3553867294199995e-07,4.355429367887387e-07,4.355471997901853e-07,4.3555146194650967e-07,4.3555572326056535e-07,4.355599837174065e-07,4.3556424331379215e-07,4.3556850207288845e-07,4.3557275999969606e-07,4.355770170866335e-07,4.355812733384461e-07,4.3558552874709246e-07,4.355897833127335e-07,4.35594037035532e-07,4.355982899156494e-07,4.3560254195325164e-07,4.3560679314974927e-07,4.356110435040666e-07,4.356152930165582e-07,4.3561954168345236e-07,4.3562378949654264e-07,4.35628036481888e-07,4.3563228262817754e-07,4.3563652793318594e-07,4.356407723943566e-07,4.35645016014668e-07,4.3564925879429013e-07,4.356535007333893e-07,4.3565774183213267e-07,4.3566198209069104e-07,4.3566622150922926e-07,4.3567046008791827e-07,4.356746978269245e-07,4.356789347264155e-07,4.356831707865609e-07,4.3568740600752866e-07,4.3569164038948393e-07,4.356958739325983e-07,4.357001066370378e-07,4.357043385029698e-07,4.3570856953056336e-07,4.357127997136774e-07,4.3571702905875704e-07,4.357212575659756e-07,4.3572548523550605e-07,4.357297120675174e-07,4.357339380716087e-07,4.3573816323853064e-07,4.357423875684525e-07,4.3574661106154373e-07,4.3575083371797416e-07,4.3575505553791334e-07,4.357592765215309e-07,4.357634966689978e-07,4.357677159804847e-07,4.357719344561616e-07,4.357761520962007e-07,4.357803689007021e-07,4.3578458486943507e-07,4.357888000027018e-07,4.357930143018371e-07,4.3579722776422957e-07,4.358014403934937e-07,4.3580565218832527e-07,4.3580986314856684e-07,4.358140732742547e-07,4.3581828256596365e-07,4.35822491023884e-07,4.3582669864824675e-07,4.358309054422976e-07,4.35835111388874e-07,4.3583931650070947e-07,4.3584352077643516e-07,4.358477242082831e-07,4.358519268198048e-07,4.3585612859645024e-07,4.3586032954004853e-07,4.358645296555137e-07,4.3586872894081934e-07,4.358729273953862e-07,4.3587712503242454e-07,4.3588132183659685e-07,4.3588551781978507e-07,4.358897129697694e-07,4.358939072633633e-07,4.3589810072625523e-07,4.359022933585615e-07,4.359064851604463e-07,4.359106761320419e-07,4.3591486627989485e-07,4.359190555976941e-07,4.3592324406570754e-07,4.35927431697369e-07,4.3593161853306463e-07,4.359358045428049e-07,4.359399897228556e-07,4.3594417406575964e-07,4.359483575857284e-07,4.3595254029061365e-07,4.3595672217056715e-07,4.3596090318180206e-07,4.359650833890634e-07,4.3596926276955085e-07,4.359734413115541e-07,4.3597761902590175e-07,4.3598179592348944e-07,4.359859719921224e-07,4.3599014723371755e-07,4.35994321648318e-07,4.35998495236088e-07,4.360026679972969e-07,4.3600683993069775e-07,4.360110110450456e-07,4.3601518134048125e-07,4.360193508066357e-07,4.360235194421375e-07,4.3602768724589456e-07,4.360318542275055e-07,4.3603602038357193e-07,4.360401857114486e-07,4.360443502134605e-07,4.3604851389146083e-07,4.360526767446769e-07,4.360568387732162e-07,4.3606099997710923e-07,4.3606516035607077e-07,4.360693199072048e-07,4.360734786399222e-07,4.3607763654865826e-07,4.360817936302588e-07,4.360859498922463e-07,4.3609010532413976e-07,4.3609425993863784e-07,4.360984137310938e-07,4.361025667011871e-07,4.3610671885085917e-07,4.361108701822169e-07,4.36115020684602e-07,4.3611917036474787e-07,4.3612331922613364e-07,4.361274672648812e-07,4.3613161448244403e-07,4.3613576087922116e-07,4.361399064542461e-07,4.361440512087634e-07,4.36148195141375e-07,4.361523382541107e-07,4.361564805470737e-07,4.361606220216933e-07,4.3616476267296045e-07,4.3616890250328724e-07,4.3617304152125125e-07,4.3617717971181887e-07,4.361813170827889e-07,4.3618545363450265e-07,4.361895893669902e-07,4.3619372428041804e-07,4.361978583749054e-07,4.36201991657657e-07,4.3620612411546714e-07,4.362102557691654e-07,4.3621438659593764e-07,4.362185166069282e-07,4.3622264579296025e-07,4.362267741599935e-07,4.362309017093144e-07,4.3623502844359503e-07,4.362391543599529e-07,4.3624327945763356e-07,4.3624740373832115e-07,4.3625152720362586e-07,4.362556498534611e-07,4.3625977168731687e-07,4.362638927057992e-07,4.362680129041284e-07,4.3627213228649855e-07,4.362762508548016e-07,4.362803686075919e-07,4.362844855450551e-07,4.362886016673793e-07,4.362927169747583e-07,4.3629683146739257e-07,4.36300945145484e-07,4.363050580045573e-07,4.363091700488663e-07,4.3631328127846135e-07,4.3631739169331965e-07,4.363215012932305e-07,4.3632561008315926e-07,4.363297180623928e-07,4.3633382522687814e-07,4.3633793157590386e-07,4.3634203711071666e-07,4.3634614183352573e-07,4.3635024574339603e-07,4.3635434884043706e-07,4.3635845112465473e-07,4.3636255259556127e-07,4.3636665325871363e-07,4.363707531076364e-07,4.3637485214465735e-07,4.3637895037009707e-07,4.363830477829453e-07,4.3638714438544385e-07,4.363912401767696e-07,4.3639533515680177e-07,4.3639942933269295e-07,4.3640352269105737e-07,4.364076152377536e-07,4.3641170697537874e-07,4.364157978904119e-07,4.3641988801097474e-07,4.3642397732354087e-07,4.3642806582453397e-07,4.3643215351252436e-07,4.3643624039114253e-07,4.364403264604964e-07,4.3644441172074803e-07,4.364484961720601e-07,4.3645257981542613e-07,4.3645666264896874e-07,4.3646074467521436e-07,4.3646482589203174e-07,4.364689062992248e-07,4.364729859139502e-07,4.3647706472631073e-07,4.3648114272344953e-07,4.3648521990349916e-07,4.364892962754336e-07,4.3649337183985954e-07,4.364974465967349e-07,4.3650152054662793e-07,4.3650559369920403e-07,4.365096660355463e-07,4.365137375652363e-07,4.3651780828928053e-07,4.365218782228469e-07,4.365259473581182e-07,4.3653001566869504e-07,4.365340831696086e-07,4.365381498449393e-07,4.3654221573527564e-07,4.3654628082085463e-07,4.365503450686438e-07,4.365544085455632e-07,4.365584712200165e-07,4.3656253308853973e-07,4.3656659414849433e-07,4.365706544082757e-07,4.3657471387998697e-07,4.3657877253196374e-07,4.3658283037616183e-07,4.36586887421055e-07,4.365909436628891e-07,4.365949990979181e-07,4.365990537333317e-07,4.36603107571684e-07,4.3660716060766547e-07,4.366112128350308e-07,4.366152642597256e-07,4.366193148827449e-07,4.3662336470378165e-07,4.366274137230494e-07,4.366314619391978e-07,4.3663550935522956e-07,4.366395559664338e-07,4.36643601779729e-07,4.3664764679303144e-07,4.3665169101091585e-07,4.3665573442649134e-07,4.3665977705406704e-07,4.3666381886647826e-07,4.366678598678481e-07,4.3667190006987277e-07,4.3667593947740085e-07,4.3667997808655315e-07,4.366840158876217e-07,4.3668805289313473e-07,4.366920891051038e-07,4.366961245169537e-07,4.367001591485103e-07,4.367041929713785e-07,4.367082259847332e-07,4.367122581997894e-07,4.367162896170972e-07,4.367203202373296e-07,4.367243500610216e-07,4.3672837908729915e-07,4.367324073227476e-07,4.3673643474211935e-07,4.3674046137185504e-07,4.3674448720261457e-07,4.3674851223919267e-07,4.3675253648010656e-07,4.3675655992546535e-07,4.3676058257446023e-07,4.367646044266671e-07,4.3676862548355184e-07,4.367726457435919e-07,4.3677666521741827e-07,4.3678068388727073e-07,4.367847017590418e-07,4.367887188337261e-07,4.3679273511590693e-07,4.3679675059303403e-07,4.3680076530578103e-07,4.368047791980654e-07,4.3680879229851004e-07,4.3681280460078735e-07,4.3681681611480336e-07,4.3682082683522975e-07,4.3682483675730377e-07,4.368288458891331e-07,4.3683285422749934e-07,4.368368617727889e-07,4.36840868524752e-07,4.3684487448293725e-07,4.3684887964817466e-07,4.368528840219897e-07,4.368568876052278e-07,4.368608903888378e-07,4.3686489238596583e-07,4.3686889358866056e-07,4.3687289399971533e-07,4.368768936212109e-07,4.368808924485825e-07,4.368848904845336e-07,4.3688888772843095e-07,4.368928841810499e-07,4.3689687984089086e-07,4.369008747114377e-07,4.3690486879118704e-07,4.3690886208026666e-07,4.3691285457886956e-07,4.3691684628715213e-07,4.369208372052736e-07,4.369248273333918e-07,4.3692881667115103e-07,4.3693280521961467e-07,4.3693679298561575e-07,4.369407799542496e-07,4.369447661326772e-07,4.369487515239874e-07,4.3695273612024345e-07,4.3695671993457155e-07,4.3696070296015226e-07,4.3696468519726886e-07,4.369686666460641e-07,4.3697264730667357e-07,4.3697662717912204e-07,4.3698060623454317e-07,4.369845845316405e-07,4.36988562032641e-07,4.3699253874685335e-07,4.369965146810079e-07,4.3700048982929654e-07,4.370044641857815e-07,4.3700843775762583e-07,4.3701241054548e-07,4.370163825465056e-07,4.370203537620423e-07,4.37024324191287e-07,4.3702829383467446e-07,4.370322626928981e-07,4.37036230764541e-07,4.3704019805071713e-07,4.370441645502121e-07,4.3704813026525176e-07,4.370520952079813e-07,4.3705605935696173e-07,4.3706002272166323e-07,4.3706398528698787e-07,4.3706794708001396e-07,4.370719080898516e-07,4.370758683148464e-07,4.3707982775606796e-07,4.370837864160349e-07,4.370877442896282e-07,4.370917013799907e-07,4.37095657687037e-07,4.370996132119428e-07,4.3710356794465226e-07,4.371075219061286e-07,4.371114750833344e-07,4.371154274697278e-07,4.371193790716625e-07,4.371233299039024e-07,4.3712727995348823e-07,4.3713122921665976e-07,4.371351776979881e-07,4.371391254010113e-07,4.371430723319913e-07,4.371470184721554e-07,4.3715096383126963e-07,4.3715490841306613e-07,4.371588522058966e-07,4.3716279522421116e-07,4.3716673745762555e-07,4.371706789230966e-07,4.371746195967953e-07,4.3717855948976537e-07,4.3718249860519266e-07,4.37186436943313e-07,4.3719037450129357e-07,4.371943112796704e-07,4.3719824726675626e-07,4.372021824767234e-07,4.372061169113917e-07,4.3721005057307587e-07,4.372139834530919e-07,4.372179155562759e-07,4.3722184690397666e-07,4.3722577746867057e-07,4.372297072419158e-07,4.3723363623690687e-07,4.372375644533012e-07,4.3724149189186235e-07,4.372454185522161e-07,4.372493444348881e-07,4.3725326953875306e-07,4.3725719386546843e-07,4.372611174158645e-07,4.3726504019194715e-07,4.372689621886822e-07,4.372728834128314e-07,4.372768038580576e-07,4.372807235073604e-07,4.372846423949676e-07,4.372885605076131e-07,4.372924778523162e-07,4.3729639442339463e-07,4.373003102187434e-07,4.3730422524684875e-07,4.3730813948781677e-07,4.373120529537974e-07,4.37315965650689e-07,4.373198775727566e-07,4.3732378872035756e-07,4.373276990941854e-07,4.3733160869407343e-07,4.3733551751699986e-07,4.373394255820656e-07,4.373433328644355e-07,4.373472393661626e-07,4.37351145096706e-07,4.373550500588054e-07,4.373589542463161e-07,4.3736285765921523e-07,4.373667603059899e-07,4.3737066217201135e-07,4.3737456326986876e-07,4.373784635948025e-07,4.373823631485177e-07,4.3738626193384235e-07,4.373901599444733e-07,4.373940571836522e-07,4.373979536551606e-07,4.3740184935226075e-07,4.374057442815712e-07,4.37409638451567e-07,4.3741353183634836e-07,4.37417424451462e-07,4.374213162928997e-07,4.374252073612379e-07,4.3742909766490866e-07,4.374329871992556e-07,4.374368759683134e-07,4.374407639815472e-07,4.37444651206506e-07,4.374485376635578e-07,4.3745242335273686e-07,4.3745630826832834e-07,4.3746019241157655e-07,4.374640757912103e-07,4.3746795840362297e-07,4.3747184024261635e-07,4.3747572131249164e-07,4.3747960162829644e-07,4.3748348117151517e-07,4.3748735994411694e-07,4.3749123795381947e-07,4.374951151913846e-07,4.374989916615707e-07,4.3750286735859523e-07,4.3750674229581757e-07,4.375106164654715e-07,4.3751448988229486e-07,4.375183625201964e-07,4.375222343840482e-07,4.3752610549414603e-07,4.375299758280625e-07,4.3753384540045923e-07,4.3753771420672787e-07,4.3754158224812317e-07,4.3754544952346695e-07,4.375493160335046e-07,4.3755318177858045e-07,4.3755704673842865e-07,4.375609109488831e-07,4.375647743996276e-07,4.375686370946305e-07,4.3757249901662104e-07,4.375763601714851e-07,4.375802205802447e-07,4.375840802109726e-07,4.3758793907712143e-07,4.375917971758361e-07,4.3759565451587325e-07,4.3759951106936927e-07,4.376033668801986e-07,4.376072219309494e-07,4.3761107621506124e-07,4.3761492974009265e-07,4.376187825017372e-07,4.376226345013699e-07,4.376264857390614e-07,4.3763033621560645e-07,4.3763418594391813e-07,4.3763803489467687e-07,4.3764188308148737e-07,4.3764573051056094e-07,4.376495771786386e-07,4.376534230853108e-07,4.376572682316189e-07,4.3766111262069e-07,4.376649562473294e-07,4.376687991111599e-07,4.376726412148152e-07,4.376764825592521e-07,4.3768032314425653e-07,4.376841629675655e-07,4.3768800203129554e-07,4.3769184033244185e-07,4.376956778768051e-07,4.3769951465889453e-07,4.37703350685239e-07,4.3770718595256973e-07,4.377110204593092e-07,4.377148542070261e-07,4.3771868718949597e-07,4.377225194223926e-07,4.377263508952593e-07,4.377301815961626e-07,4.377340115552296e-07,4.377378407706515e-07,4.37741669211057e-07,4.377454968970602e-07,4.3774932382732656e-07,4.377531499978518e-07,4.3775697540985813e-07,4.3776080005699596e-07,4.3776462395752375e-07,4.377684471016235e-07,4.3777226948886957e-07,4.377760911157868e-07,4.377799119750957e-07,4.3778373209383064e-07,4.377875514578337e-07,4.37791370065812e-07,4.377951879208745e-07,4.3779900501845775e-07,4.3780282137019705e-07,4.3780663695641487e-07,4.3781045178888384e-07,4.378142658666142e-07,4.3781807918918243e-07,4.3782189175272294e-07,4.3782570356622234e-07,4.3782951462608433e-07,4.3783332492231124e-07,4.378371344742885e-07,4.3784094327315424e-07,4.3784475131849946e-07,4.378485585837605e-07,4.378523651228132e-07,4.3785617090675254e-07,4.378599759393293e-07,4.3786378021885503e-07,4.37867583743449e-07,4.3787138651826255e-07,4.3787518854048824e-07,4.378789898115519e-07,4.378827903309495e-07,4.378865900993304e-07,4.378903891149804e-07,4.3789418738783e-07,4.378979849001604e-07,4.3790178166063686e-07,4.379055776592731e-07,4.379093729102013e-07,4.3791316741865316e-07,4.3791696117650063e-07,4.379207541840236e-07,4.379245464415121e-07,4.3792833795590464e-07,4.379321287108001e-07,4.379359187153643e-07,4.3793970798027886e-07,4.3794349648506214e-07,4.379472842425725e-07,4.37951071250521e-07,4.379548575107588e-07,4.379586430186935e-07,4.37962427780006e-07,4.379662117950241e-07,4.379699950586002e-07,4.379737775545622e-07,4.3797755931746884e-07,4.379813403366753e-07,4.379851206165695e-07,4.3798890014156144e-07,4.3799267890760125e-07,4.379964569364159e-07,4.380002342182623e-07,4.3800401075148844e-07,4.380077865364511e-07,4.380115615760075e-07,4.380153358683097e-07,4.3801910941477154e-07,4.3802288221463775e-07,4.380266542401266e-07,4.380304255476203e-07,4.380341961099928e-07,4.3803796593621535e-07,4.3804173500577075e-07,4.3804550332961125e-07,4.3804927090790495e-07,4.3805303774062294e-07,4.380568038286772e-07,4.380605691717602e-07,4.3806433377002006e-07
12,1.1232122107462397e-83,1.6191253383011276e-83,3.2016084194975537e-83,7.10372882645933e-83,1.5312783938158172e-82,3.0794908519682463e-82,5.774111032303837e-82,1.0183481112500596e-81,1.7054142063983047e-81,2.7342055032893215e-81,4.224614594383235e-81,6.324422406183348e-81,9.213131529117793e-81,1.3106044185293791e-80,1.8258587103698634e-80,2.497088485127042e-80,3.3592582572257126e-80,4.452791863886013e-80,5.824104735568439e-80,7.526161162798104e-80,9.619056532990683e-80,1.217062450004609e-79,1.5257069043645568e-79,1.8963621372323787e-79,2.3385221624101487e-79,2.86272253196092e-79,3.480613452479586e-79,4.205035368289338e-79,5.050097007835292e-79,6.031255889760743e-79,7.165401285515851e-79,8.470939635479837e-79,9.967882415842599e-79,1.1677936453670614e-78,1.362459668766559e-78,1.5833241372344353e-78,1.833122972338577e-78,2.114800200199636e-78,2.431518203620849e-78,2.7866682177064384e-78,3.1838810687672167e-78,3.6270381563157446e-78,4.1202826779508064e-78,4.668031096939327e-78,5.274984852296196e-78,5.946142311170434e-78,6.686810963339249e-78,7.5026198576171635e-78,8.399532279983992e-78,9.383858673235844e-78,1.046226979796443e-77,1.1641810134667112e-77,1.2929911526792519e-77,1.4334407064524597e-77,1.5863545209108533e-77,1.752600415752175e-77,1.933090644729059e-77,2.128783380126743e-77,2.340684221214161e-77,2.56984772665273e-77,2.8173789708398636e-77,3.0844351241689757e-77,3.3722270571858337e-77,3.6820209686217245e-77,4.015140037283546e-77,4.37296609778123e-77,4.75694134007273e-77,5.16857003280698e-77,5.609420270445025e-77,6.081125744139788e-77,6.5853875363547096e-77,7.123975939201684e-77,7.698732296478804e-77,8.311570869387651e-77,8.964480725911899e-77,9.659527653836017e-77,1.0398856097385734e-76,1.1184691117469752e-76,1.2019340375504553e-76,1.2905196140801076e-76,1.3844737321494867e-76,1.4840531519000464e-76,1.5895237105968797e-76,1.701160532773176e-76,1.8192482427205752e-76,1.9440811793252707e-76,2.0759636132455564e-76,2.21520996643096e-76,2.3621450339794283e-76,2.517104208331942e-76,2.6804337058017516e-76,2.8524907954366304e-76,3.033644030212142e-76,3.224273480554054e-76,3.4247709701878925e-76,3.6355403143137664e-76,3.8569975601044996e-76,4.089571229525186e-76,4.333702564472241e-76,4.589845774229896e-76,4.858468285242538e-76,5.140050993200484e-76,5.435088517437738e-76,5.744089457639868e-76,6.067576652859353e-76,6.406087442837341e-76,6.760173931629468e-76,7.130403253533936e-76,7.517357841319948e-76,7.921635696754437e-76,8.343850663425639e-76,8.784632701860966e-76,9.244628166937782e-76,9.72450008758498e-76,1.0224928448773459e-75,1.074661047579355e-75,1.1290260920817954e-75,1.185661235174743e-75,1.2446415443338222e-75,1.306043927060871e-75,1.3699471604523732e-75,1.4364319209954685e-75,1.5055808145913281e-75,1.5774784068057343e-75,1.6522112533466544e-75,1.7298679307686409e-75,1.8105390674038446e-75,1.8943173745194757e-75,1.9812976777015957e-75,2.0715769484647758e-75,2.1652543360878178e-75,2.2624311996750917e-75,2.3632111404434316e-75,2.467700034234197e-75,2.576006064250853e-75,2.688239754020826e-75,2.804514000582674e-75,2.924944107897937e-75,3.049647820486598e-75,3.1787453572875685e-75,3.3123594457427873e-75,3.4506153561052145e-75,3.5936409359704745e-75,3.7415666450319535e-75,3.894525590059177e-75,4.05265356009926e-75,4.216089061901278e-75,4.384973355563329e-75,4.559450490402158e-75,4.739667341045107e-75,4.925773643744232e-75,5.11792203291242e-75,5.316268077881275e-75,5.520970319880626e-75,5.732190309239473e-75,5.950092642808165e-75,6.174845001601641e-75,6.406618188663552e-75,6.645586167151097e-75,6.89192609864032e-75,7.145818381651801e-75,7.407446690396448e-75,7.676998013741228e-75,7.9546626943948e-75,8.240634468312599e-75,8.535110504321472e-75,8.838291443963341e-75,9.150381441558256e-75,9.471588204485998e-75,9.802123033686528e-75,1.0142200864378939e-74,1.0492040306998703e-74,1.085186368835307e-74,1.1221897092994465e-74,1.1602370404811606e-74,1.1993517348838363e-74,1.2395575533279878e-74,1.280878649175598e-74,1.3233395725761706e-74,1.3669652747344743e-74,1.4117811121999458e-74,1.4578128511777533e-74,1.5050866718614933e-74,1.5536291727874985e-74,1.6034673752107603e-74,1.6546287275024086e-74,1.7071411095687739e-74,1.7610328372919865e-74,1.8163326669921032e-74,1.8730697999107414e-74,1.931273886716215e-74,1.9909750320301266e-74,2.05220379897543e-74,2.114991213745925e-74,2.1793687701971733e-74,2.2453684344588197e-74,2.3130226495682846e-74,2.3823643401258474e-74,2.4534269169710595e-74,2.526244281880494e-74,2.600850832286805e-74,2.677281466019117e-74,2.7555715860646253e-74,2.835757105351516e-74,2.9178744515531084e-74,3.001960571913228e-74,3.0880529380927625e-74,3.176189551037495e-74,3.2664089458669337e-74,3.358750196784488e-74,3.4532529220087313e-74,3.5499572887256545e-74,3.648904018062195e-74,3.750134390080756e-74,3.853690248794825e-74,3.9596140072056354e-74,4.0679486523598206e-74,4.178737750428208e-74,4.2920254518054016e-74,4.4078564962305666e-74,4.526276217929066e-74,4.647330550775021e-74,4.771066033474846e-74,4.897529814771716e-74,5.0267696586708065e-74,5.158833949685614e-74,5.29377169810493e-74,5.431632545280789e-74,5.572466768937165e-74,5.716325288499544e-74,5.863259670445211e-74,6.013322133674407e-74,6.166565554902106e-74,6.323043474070651e-74,6.48281009978306e-74,6.645920314757043e-74,6.812429681299705e-74,6.982394446802886e-74,7.155871549259244e-74,7.332918622798866e-74,7.513594003246562e-74,7.69795673369974e-74,7.886066570126861e-74,8.077983986986479e-74,8.2737701828668e-74,8.473487086145823e-74,8.677197360671931e-74,8.884964411465004e-74,9.096852390438079e-74,9.31292620213938e-74,9.533251509514769e-74,9.757894739690952e-74,9.986923089778471e-74,1.0220404532695721e-73,1.045840782301295e-73,1.0701002502816873e-73,1.0948258907595431e-73,1.1200248172142984e-73,1.1457042236485849e-73,1.1718713851827968e-73,1.1985336586517107e-73,1.2256984832031077e-73,1.2533733808984274e-73,1.2815659573154587e-73,1.3102839021530326e-73,1.3395349898377421e-73,1.3693270801326812e-73,1.3996681187482027e-73,1.4305661379546762e-73,1.462029257197277e-73,1.4940656837127754e-73,1.526683713148338e-73,1.5598917301823362e-73,1.5936982091471623e-73,1.628111714654048e-73,1.6631409022198876e-73,1.698794518896062e-73,1.7350814038992498e-73,1.7720104892442695e-73,1.8095908003788766e-73,1.8478314568205865e-73,1.886741672795466e-73,1.9263307578789407e-73,1.9666081176385857e-73,2.007583254278841e-73,2.0492657672878582e-73,2.091665354086182e-73,2.1347918106775025e-73,2.1786550323013305e-73,2.2232650140877248e-73,2.2686318517139295e-73,2.3147657420630096e-73,2.361676983884494e-73,2.40937597845694e-73,2.4578732302525006e-73,2.5071793476034502e-73,2.5573050433706864e-73,2.6082611356141915e-73,2.6600585482654584e-73,2.7127083118018868e-73,2.7662215639231325e-73,2.8206095502294228e-73,2.875883624901828e-73,2.932055251384486e-73,2.98913600306879e-73,3.0471375639795224e-73,3.1060717294629424e-73,3.1659504068768275e-73,3.226785616282457e-73,3.288589491138548e-73,3.351374278997133e-73,3.4151523422013843e-73,3.4799361585853853e-73,3.545738322175814e-73,3.612571543895626e-73,3.6804486522695926e-73,3.749382594131846e-73,3.819386435335323e-73,3.890473361463147e-73,3.9626566785419475e-73,4.0359498137570974e-73,4.110366316169888e-73,4.185919857436627e-73,4.262624232529658e-73,4.3404933604603085e-73,4.419541285003753e-73,4.4997821754257954e-73,4.581230327211573e-73,4.663900162796198e-73,4.747806232297255e-73,4.8329632142492697e-73,4.9193859163400693e-73,5.007089276149128e-73,5.096088361887431e-73,5.186398373140026e-73,5.278034641609691e-73,5.371012631862967e-73,5.4653479420778574e-73,5.561056304793592e-73,5.658153587662204e-73,5.756655794202023e-73,5.856579064553064e-73,5.957939676234314e-73,6.060754044902904e-73,6.165038725115175e-73,6.270810411089639e-73,6.37808593747182e-73,6.486882280100987e-73,6.597216556778768e-73,6.709106028039649e-73,6.822568097923354e-73,6.937620314749109e-73,7.054280371891777e-73,7.172566108559878e-73,7.292495510575476e-73,7.414086711155968e-73,7.537357991697654e-73,7.662327782561327e-73,7.789014663859624e-73,7.917437366246248e-73,8.04761477170711e-73,8.179565914353266e-73,8.313309981215802e-73,8.44886631304253e-73,8.586254405096486e-73,8.725493907956436e-73,8.866604628319095e-73,9.009606529803276e-73,9.15451973375588e-73,9.30136452005972e-73,9.45016132794321e-73,9.600930756791918e-73,9.753693566961929e-73,9.908470680595083e-73,1.0065283182436062e-72,1.0224152320651287e-72,1.0385099507649695e-72,1.054814632090532e-72,1.0713314503781755e-72,1.0880625966358398e-72,1.1050102786258577e-72,1.1221767209479444e-72,1.1395641651223965e-72,1.157174869673419e-72,1.1750111102126908e-72,1.1930751795230868e-72,1.211369387642586e-72,1.229896061948362e-72,1.2486575472410597e-72,1.2676562058292475e-72,1.286894417614057e-72,1.3063745801740036e-72,1.326099108849986e-72,1.3460704368304715e-72,1.366291015236859e-72,1.3867633132090214e-72,1.407489817991039e-72,1.4284730350171042e-72,1.4497154879976043e-72,1.4712197190054107e-72,1.4929882885623e-72,1.5150237757256005e-72,1.5373287781750056e-72,1.5599059122995532e-72,1.5827578132848042e-72,1.6058871352001888e-72,1.6292965510865353e-72,1.652988753043783e-72,1.6769664523188615e-72,1.701232379393781e-72,1.7257892840738495e-72,1.7506399355761077e-72,1.7757871226179457e-72,1.801233653505872e-72,1.8269823562244808e-72,1.8530360785255886e-72,1.8793976880175528e-72,1.9060700722547656e-72,1.9330561388273283e-72,1.9603588154509028e-72,1.987981050056739e-72,2.0159258108818794e-72,2.044196086559546e-72,2.0727948862096949e-72,2.1017252395297574e-72,2.1309901968855524e-72,2.1605928294023767e-72,2.1905362290562717e-72,2.2208235087654668e-72,2.251457802481999e-72,2.2824422652835085e-72,2.3137800734652137e-72,2.3454744246320454e-72,2.3775285377909847e-72,2.4099456534435563e-72,2.442729033678499e-72,2.4758819622646123e-72,2.5094077447437927e-72,2.543309708524217e-72,2.5775912029737246e-72,2.6122555995133617e-72,2.6473062917111086e-72,2.682746695375768e-72,2.718580248651045e-72,2.754810412109787e-72,2.791440668848399e-72,2.8284745245814453e-72,2.8659155077364093e-72,2.9037671695486324e-72,2.9420330841564286e-72,2.980716848696369e-72,3.0198220833987445e-72,3.059352431683192e-72,3.0993115602544977e-72,3.1397031591985953e-72,3.1805309420786764e-72,3.2217986460315484e-72,3.263510031864105e-72,3.3056688841500104e-72,3.3482790113265143e-72,3.3913442457914784e-72,3.43486844400056e-72,3.478855486564554e-72,3.5233092783469184e-72,3.5682337485614733e-72,3.613632850870267e-72,3.659510563481599e-72,3.705870889248245e-72,3.7527178557658295e-72,3.800055515471371e-72,3.8478879457420006e-72,3.896219248993871e-72,3.9450535527811474e-72,3.994395009895332e-72,4.044247798464596e-72,4.0946161220533727e-72,4.1455042097620887e-72,4.196916316327068e-72,4.248856722220612e-72,4.301329733751242e-72,4.354339683164114e-72,4.4078909287416e-72,4.461987854904042e-72,4.5166348723106673e-72,4.571836417960678e-72,4.627596955294504e-72,4.683920974295234e-72,4.740812991590202e-72,4.798277550552745e-72,4.856319221404137e-72,4.914942601315675e-72,4.974152314510936e-72,5.033953012368249e-72,5.094349373523223e-72,5.155346103971564e-72,5.216947937171975e-72,5.279159634149269e-72,5.34198598359762e-72,5.405431801984005e-72,5.469501933651789e-72,5.534201250924508e-72,5.599534654209729e-72,5.665507072103246e-72,5.732123461493265e-72,5.79938880766485e-72,5.867308124404521e-72,5.935886454104992e-72,6.005128867870104e-72,6.075040465619904e-72,6.1456263761959e-72,6.216891757466481e-72,6.288841796432468e-72,6.361481709332899e-72,6.434816741750913e-72,6.508852168719818e-72,6.583593294829324e-72,6.659045454331988e-72,6.735214011249718e-72,6.812104359480544e-72,6.889721922905474e-72,6.968072155495576e-72,7.047160541419181e-72,7.126992595149269e-72,7.207573861571014e-72,7.288909916089482e-72,7.371006364737511e-72,7.453868844283732e-72,7.537503022340769e-72,7.621914597473593e-72,7.707109299308054e-72,7.793092888639514e-72,7.879871157541749e-72,7.967449929475931e-72,8.055835059399765e-72,8.145032433876868e-72,8.235047971186188e-72,8.325887621431736e-72,8.417557366652324e-72,8.510063220931586e-72,8.603411230508071e-72,8.697607473885566e-72,8.792658061943532e-72,8.888569138047724e-72,8.985346878160956e-72,9.082997490954052e-72,9.181527217916918e-72,9.280942333469814e-72,9.381249145074753e-72,9.482453993347081e-72,9.584563252167218e-72,9.687583328792523e-72,9.791520663969374e-72,9.896381732045357e-72,1.0002173041081642e-71,1.0108901132965515e-71,1.0216572583523051e-71,1.032519400263199e-71,1.043477203433469e-71,1.0545313356951318e-71,1.0656824683193177e-71,1.0769312760276165e-71,1.0882784370034412e-71,1.0997246329034094e-71,1.111270548868734e-71,1.1229168735366392e-71,1.1346642990517821e-71,1.1465135210776992e-71,1.1584652388082618e-71,1.1705201549791486e-71,1.1826789758793387e-71,1.1949424113626124e-71,1.2073111748590758e-71,1.2197859833866932e-71,1.2323675575628424e-71,1.2450566216158797e-71,1.2578539033967244e-71,1.2707601343904562e-71,1.2837760497279311e-71,1.29690238819741e-71,1.3101398922562051e-71,1.3234893080423378e-71,1.33695138538622e-71,1.3505268778223431e-71,1.3642165426009847e-71,1.3780211406999335e-71,1.3919414368362266e-71,1.4059781994779036e-71,1.4201322008557762e-71,1.4344042169752117e-71,1.4487950276279346e-71,1.4633054164038418e-71,1.4779361707028324e-71,1.4926880817466563e-71,1.5075619445907733e-71,1.5225585581362334e-71,1.5376787251415625e-71,1.5529232522346792e-71,1.568292949924813e-71,1.5837886326144415e-71,1.5994111186112466e-71,1.6151612301400812e-71,1.6310397933549581e-71,1.6470476383510397e-71,1.663185599176664e-71,1.6794545138453681e-71,1.6958552243479357e-71,1.7123885766644522e-71,1.7290554207763883e-71,1.745856610678686e-71,1.762793004391864e-71,1.7798654639741412e-71,1.7970748555335706e-71,1.814422049240191e-71,1.831907919338195e-71,1.849533344158109e-71,1.8672992061289888e-71,1.885206391790635e-71,1.903255791805815e-71,1.9214483009725083e-71,1.9397848182361608e-71,1.9582662467019595e-71,1.9768934936471154e-71,1.9956674705331708e-71,2.0145890930183083e-71,2.0336592809696907e-71,2.0528789584758035e-71,2.0722490538588175e-71,2.091770499686965e-71,2.111444232786932e-71,2.131271194256264e-71,2.1512523294757877e-71,2.171388588122048e-71,2.191680924179759e-71,2.212130295954267e-71,2.232737666084036e-71,2.253504001553142e-71,2.274430273703781e-71,2.2955174582487974e-71,2.3167665352842223e-71,2.338178489301829e-71,2.3597543092017028e-71,2.3814949883048275e-71,2.40340152436568e-71,2.425474919584847e-71,2.447716180621656e-71,2.4701263186068138e-71,2.4927063491550687e-71,2.515457292377881e-71,2.5383801728961104e-71,2.5614760198527224e-71,2.5847458669254973e-71,2.608190752339768e-71,2.6318117188811647e-71,2.6556098139083756e-71,2.6795860893659186e-71,2.703741601796937e-71,2.7280774123560016e-71,2.7525945868219262e-71,2.7772941956106063e-71,2.8021773137878657e-71,2.8272450210823187e-71,2.852498401898246e-71,2.8779385453284906e-71,2.903566545167355e-71,2.9293834999235358e-71,2.9553905128330466e-71,2.9815886918721726e-71,3.0079791497704377e-71,3.034563004023572e-71,3.0613413769065188e-71,3.088315395486432e-71,3.1154861916357055e-71,3.1428549020449984e-71,3.1704226682362964e-71,3.1981906365759705e-71,3.2261599582878616e-71,3.2543317894663665e-71,3.282707291089549e-71,3.311287629032267e-71,3.3400739740793026e-71,3.3690675019385154e-71,3.3982693932540055e-71,3.427680833619298e-71,3.45730301359053e-71,3.487137128699663e-71,3.5171843794677042e-71,3.5474459714179404e-71,3.5779231150891934e-71,3.6086170260490768e-71,3.639528924907284e-71,3.670660037328876e-71,3.702011594047585e-71,3.733584830879148e-71,3.765380988734626e-71,3.797401313633771e-71,3.829647056718371e-71,3.862119474265644e-71,3.894819827701624e-71,3.9277493836145624e-71,3.960909413768352e-71,3.994301195115969e-71,4.027926009812912e-71,4.061785145230653e-71,4.095879893970139e-71,4.130211553875264e-71,4.164781428046382e-71,4.199590824853819e-71,4.234641057951408e-71,4.2699334462900404e-71,4.305469314131215e-71,4.341249991060618e-71,4.377276812001713e-71,4.413551117229341e-71,4.4500742523833385e-71,4.486847568482153e-71,4.523872421936506e-71,4.561150174563048e-71,4.598682193598013e-71,4.6364698517109235e-71,4.674514527018276e-71,4.712817603097259e-71,4.751380468999479e-71,4.7902045192646985e-71,4.8292911539346e-71,4.8686417785665394e-71,4.9082578042473365e-71,4.948140647607067e-71,4.988291730832877e-71,5.0287124816827975e-71,5.069404333499589e-71,5.1103687252245885e-71,5.151607101411572e-71,5.193120912240631e-71,5.2349116135320754e-71,5.276980666760319e-71,5.3193295390678175e-71,5.361959703278985e-71,5.404872637914154e-71,5.448069827203523e-71,5.491552761101139e-71,5.535322935298875e-71,5.579381851240432e-71,5.623731016135378e-71,5.6683719429731284e-71,5.713306150537024e-71,5.758535163418373e-71,5.804060512030517e-71,5.849883732622919e-71,5.896006367295253e-71,5.942429964011517e-71,5.989156076614147e-71,6.036186264838171e-71,6.083522094325328e-71,6.13116513663826e-71,6.179116969274674e-71,6.227379175681523e-71,6.275953345269232e-71,6.3248410734258944e-71,6.374043961531504e-71,6.423563616972214e-71,6.473401653154563e-71,6.523559689519777e-71,6.5740393515580295e-71,6.62484227082275e-71,6.675970084944928e-71,6.727424437647437e-71,6.779206978759381e-71,6.831319364230404e-71,6.883763256145117e-71,6.936540322737425e-71,6.989652238404929e-71,7.043100683723338e-71,7.096887345460871e-71,7.151013916592698e-71,7.20548209631537e-71,7.260293590061287e-71,7.315450109513157e-71,7.370953372618483e-71,7.426805103604052e-71,7.483007032990456e-71,7.539560897606599e-71,7.596468440604233e-71,7.653731411472517e-71,7.711351566052565e-71,7.769330666552024e-71,7.827670481559671e-71,7.886372786059988e-71,7.945439361447804e-71,8.004871995542899e-71,8.064672482604649e-71,8.124842623346694e-71,8.185384224951574e-71,8.246299101085432e-71,8.30758907191269e-71,8.369255964110766e-71,8.431301610884774e-71,8.493727851982269e-71,8.556536533707987e-71,8.619729508938599e-71,8.683308637137474e-71,8.747275784369464e-71,8.811632823315723e-71,8.876381633288463e-71,8.941524100245825e-71,9.007062116806686e-71,9.072997582265526e-71,9.139332402607221e-71,9.206068490522022e-71,9.273207765420375e-71,9.340752153447789e-71,9.408703587499835e-71,9.477064007236993e-71,9.545835359099623e-71,9.61501959632289e-71,9.684618678951776e-71,9.754634573855985e-71,9.825069254744975e-71,9.895924702182959e-71,9.967202903603902e-71,1.0038905853326541e-70,1.0111035552569421e-70,1.0183594009466001e-70,1.0256583239079637e-70,1.0330005263418714e-70,1.04038621114517e-70,1.0478155819122288e-70,1.0552888429364458e-70,1.0628061992117652e-70,1.0703678564341888e-70,1.0779740210032908e-70,1.0856249000237366e-70,1.093320701306798e-70,1.1010616333718738e-70,1.1088479054480096e-70,1.1166797274754192e-70,1.1245573101070062e-70,1.1324808647098907e-70,1.1404506033669332e-70,1.1484667388782592e-70,1.1565294847627897e-70,1.1646390552597696e-70,1.1727956653302975e-70,1.1809995306588564e-70,1.1892508676548483e-70,1.1975498934541265e-70,1.2058968259205324e-70,1.2142918836474302e-70,1.2227352859592461e-70,1.231227252913007e-70,1.2397680052998802e-70,1.2483577646467152e-70,1.2569967532175862e-70,1.2656851940153366e-70,1.2744233107831227e-70,1.2832113280059624e-70,1.2920494709122807e-70,1.3009379654754601e-70,1.3098770384153896e-70,1.3188669172000154e-70,1.3279078300468972e-70,1.3370000059247586e-70,1.3461436745550416e-70,1.3553390664134643e-70,1.3645864127315784e-70,1.3738859454983282e-70,1.3832378974616095e-70,1.3926425021298313e-70,1.4020999937734797e-70,1.4116106074266772e-70,1.421174578888752e-70,1.4307921447258012e-70,1.4404635422722596e-70,1.450189009632469e-70,1.459968785682244e-70,1.469803110070449e-70,1.479692223220563e-70,1.4896363663322587e-70,1.4996357813829752e-70,1.5096907111294922e-70,1.5198013991095104e-70,1.529968089643225e-70,1.54019102783491e-70,1.550470459574495e-70,1.56080663153915e-70,1.571199791194866e-70,1.5816501867980383e-70,1.5921580673970565e-70,1.6027236828338867e-70,1.6133472837456608e-70,1.624029121566266e-70,1.634769448527935e-70,1.6455685176628348e-70,1.6564265828046642e-70,1.6673438985902433e-70,1.6783207204611096e-70,1.689357304665115e-70,1.7004539082580236e-70,1.711610789105108e-70,1.7228282058827524e-70,1.7341064180800496e-70,1.7454456860004056e-70,1.7568462707631445e-70,1.7683084343051067e-70,1.7798324393822618e-70,1.791418549571314e-70,1.8030670292713035e-70,1.8147781437052272e-70,1.826552158921638e-70,1.8383893417962648e-70,1.8502899600336194e-70,1.8622542821686135e-70,1.8742825775681727e-70,1.8863751164328562e-70,1.8985321697984634e-70,1.910754009537672e-70,1.9230409083616367e-70,1.9353931398216257e-70,1.9478109783106334e-70,1.9602946990650116e-70,1.9728445781660848e-70,1.985460892541785e-70,1.998143919968273e-70,2.010893939071567e-70,2.0237112293291754e-70,2.0365960710717217e-70,2.0495487454845823e-70,2.0625695346095132e-70,2.0756587213462853e-70,2.0888165894543242e-70,2.1020434235543416e-70,2.1153395091299703e-70,2.1287051325294086e-70,2.142140580967061e-70,2.1556461425251707e-70,2.1692221061554685e-70,2.182868761680812e-70,2.1965863997968328e-70,2.2103753120735832e-70,2.224235790957176e-70,2.2381681297714406e-70,2.252172622719565e-70,2.2662495648857498e-70,2.2803992522368585e-70,2.2946219816240713e-70,2.30891805078453e-70,2.323287758343007e-70,2.3377314038135512e-70,2.352249287601148e-70,2.3668417110033762e-70,2.3815089762120628e-70,2.3962513863149544e-70,2.4110692452973696e-70,2.4259628580438653e-70,2.4409325303398987e-70,2.4559785688734917e-70,2.4711012812369012e-70,2.4863009759282815e-70,2.5015779623533537e-70,2.5169325508270744e-70,2.532365052575313e-70,2.5478757797365092e-70,2.5634650453633648e-70,2.579133163424498e-70,2.5948804488061314e-70,2.610707217313767e-70,2.6266137856738568e-70,2.6426004715354876e-70,2.6586675934720584e-70,2.674815470982959e-70,2.6910444244952567e-70,2.7073547753653747e-70,2.723746845880776e-70,2.7402209592616568e-70,2.7567774396626204e-70,2.7734166121743714e-70,2.790138802825404e-70,2.8069443385836938e-70,2.8238335473583807e-70,2.8408067580014697e-70,2.8578643003095172e-70,2.87500650502533e-70,2.8922337038396563e-70,2.9095462293928854e-70,2.926944415276744e-70,2.944428596035993e-70,2.9619991071701294e-70,2.979656285135087e-70,2.997400467344935e-70,3.015231992173587e-70,3.0331511989564964e-70,3.0511584279923716e-70,3.069254020544876e-70,3.087438318844332e-70,3.105711666089438e-70,3.1240744064489764e-70,3.1425268850635164e-70,3.1610694480471326e-70,3.17970244248912e-70,3.1984262164557e-70,3.217241118991742e-70,2.4128679470698845e-46,1.5621117406781918e-45,5.463104996633052e-45,1.4205488773909574e-44,3.089660263722255e-44,5.960185494423806e-44,1.0548548925667443e-43,1.749813964601364e-43,2.759956190815791e-43,4.181429228484837e-43,6.130207296172929e-43,8.745246939221432e-43,1.2192112289176087e-42,1.666713357589998e-42,2.2402174104191754e-42,2.967009346408839e-42,3.879100878492683e-42,5.013947176889717e-42,6.415269747889041e-42,8.134000187647607e-42,1.0229362943556798e-41,1.2770118039165497e-41,1.5835988002007763e-41,1.9519297057622869e-41,2.3926855112565717e-41,2.9182124256442856e-41,3.5427711600365326e-41,4.2828239394421187e-41,5.157365171673656e-41,6.188302682447402e-41,7.400897576912185e-41,8.824272142060072e-41,1.0491996800107576e-40,1.2442769005197758e-40,1.472119919969585e-40,1.7378721577788698e-40,2.0474650522269397e-40,2.40774072814715e-40,2.8265945853014033e-40,3.3131412280110533e-40,3.87790778142031e-40,4.5330593865075445e-40,5.29266255947117e-40,6.172993172790924e-40,7.192897102604194e-40,8.374213136602844e-40,9.742269605505752e-40,1.1326468459621509e-39,1.3160973246958476e-39,1.52855207684802e-39,1.774638022316054e-39,2.0597488574249534e-39,2.3901796884547488e-39,2.7732869726233267e-39,3.217678881324488e-39,3.7334423128381815e-39,4.3324141545093846e-39,5.028506092850952e-39,5.8380943771123054e-39,6.780488563319582e-39,7.878496536588093e-39,9.159107202734816e-39,1.0654317378380823e-38,1.2402135879080285e-38,1.444780597960967e-38,1.684529778290107e-38,1.9659135216204128e-38,2.2966639200951198e-38,2.6860690106531314e-38,3.1453140334578417e-38,3.687904369902907e-38,4.330191471210684e-38,5.09202913658186e-38,5.997595409725784e-38,7.076425754959515e-38,8.364716891811106e-38,9.906978863024457e-38,1.1758137168865822e-37,1.3986219310135737e-37,1.6675803887717605e-37,1.993246976712517e-37,2.3888563729929613e-37,2.8710716001522425e-37,3.4609686200841773e-37,4.185333504772099e-37,5.078381485606862e-37,6.184049132704283e-37,7.559070472854133e-37,9.277133080517743e-37,1.1434533140824975e-36,1.4157927434861378e-36,1.761504298916221e-36,2.2029594719410423e-36,2.770224474158214e-36,3.5040319676927057e-36,4.460035262089395e-36,5.714960644947467e-36,7.37560098988814e-36,9.592113600050904e-36,1.2577921783844557e-35,1.6639885676731493e-35,2.222467328263367e-35,2.9991082372181313e-35,4.092461844578857e-35,5.652209565997186e-35,7.909447944549594e-35,1.122734852131027e-34,1.6187707351619147e-34,2.374223062720609e-34,3.548364627774778e-34,5.414496457494065e-34,8.454680015245552e-34,1.3545518722932454e-33,2.2336079980812858e-33,3.804867994458157e-33,6.725499274448661e-33,1.2402321456184293e-32,2.401809086080333e-32,4.9244246487157e-32,1.079697897151077e-31,2.5628743290293387e-31,6.685733512491532e-31,1.9515835282538228e-30,6.510362023212317e-30,2.542108051126517e-29,1.1947572492116722e-28,7.195978626568744e-28,7.788925826241055e-27,2.888998873316362e-25,2.1021046638578975e-23,1.5375182702097384e-21,9.181615663891985e-20,4.044925682481621e-18,1.2132649418198132e-16,2.335971199891221e-15,2.8123332165256648e-14,2.1396655561393949e-13,1.0724364951958746e-12,3.758736045227644e-12,9.821032086922427e-12,2.029947654423039e-11,3.4919598986257915e-11,5.211571045296014e-11,6.976296532504932e-11,8.59836111336387e-11,9.95868519896364e-11,1.1010674410326361e-10,1.1761543730555762e-10,1.2248861975667514e-10,1.252178609216701e-10,1.2629361067230607e-10,1.261472597935085e-10,1.2513160574469013e-10,1.235220619651281e-10,1.2152692269343128e-10,1.1930012530088447e-10,1.1695336060468412e-10,1.1456632687558264e-10,1.1219490129652042e-10,1.0987742519636551e-10,1.0763943582156114e-10,1.0549718248644778e-10,1.034602192191818e-10,1.0153330801729457e-10,9.971781269820577e-11,9.801271833288021e-11,9.641537613425689e-11,9.492204709893253e-11,9.352829798193273e-11,9.22292887525999e-11,9.101998014504673e-11,8.989528226692639e-11,8.88501596687687e-11,8.787970422648656e-11,8.697918423459896e-11,8.614407594800213e-11,8.537008221244018e-11,8.465314165360216e-11,8.398943102346882e-11,8.337536264301609e-11,8.280757841048716e-11,8.228294146337103e-11,8.17985263139447e-11,8.135160807288094e-11,8.093965120003373e-11,8.056029813003449e-11,8.021135800012942e-11,7.989079565560064e-11,7.95967210492016e-11,7.932737911231427e-11,7.908114014527495e-11,7.885649075200622e-11,7.86635611699091e-11,7.847669491133273e-11,7.830783572342475e-11,7.8155611307278e-11,7.801890762997597e-11,7.789673482450255e-11,7.778818449439795e-11,7.769241379403287e-11,7.76086377329242e-11,7.753612414372046e-11,7.747418963613148e-11,7.742219602599976e-11,7.737954690636832e-11,7.734568523468885e-11,7.732008972114475e-11,7.730227268114923e-11,7.729177759506524e-11,7.72881768797632e-11,7.7291069836635e-11,7.730008075677952e-11,7.731485717040882e-11,7.733506822799872e-11,7.736040320458684e-11,7.739057011663992e-11,7.742529444384346e-11,7.746431794356486e-11,7.750739755877625e-11,7.755430440420873e-11,7.760482282708577e-11,7.765874953888223e-11,7.771589280947306e-11,7.777607172063363e-11,7.78391154716299e-11,7.790486273841627e-11,7.797316107518838e-11,7.804386635935988e-11,7.811684227808363e-11,7.819195984333837e-11,7.826909695264509e-11,7.834813796773049e-11,7.842897332974415e-11,7.851149919833732e-11,7.859561711467992e-11,7.868123368673947e-11,7.876826029697891e-11,7.885661282877437e-11,7.89462114070139e-11,7.90369801624281e-11,7.91288470059305e-11,7.922174341882927e-11,7.931560425549642e-11,7.941036755935642e-11,7.950597439206605e-11,7.960236866789486e-11,7.96994970042848e-11,7.979730857602678e-11,7.989575498517919e-11,7.999479012807426e-11,8.009437008420531e-11,8.019445299975636e-11,8.029499898272288e-11,8.039597000412105e-11,8.049732980495743e-11,8.059904380573875e-11,8.070107902665044e-11,8.080340400678373e-11,8.090598873042688e-11,8.100880455711352e-11,8.111182415723271e-11,8.1215021440874e-11,8.1318371512991e-11,8.142185060456432e-11,8.152543602743774e-11,8.162910611961632e-11,8.17328401991242e-11,8.18366185197569e-11,8.194042222555023e-11,8.204423331438119e-11,8.214803459494876e-11,8.225180965254124e-11,8.235554281533094e-11,8.245921911865138e-11,8.256282427515137e-11,8.266634464521195e-11,8.276976720814987e-11,8.287307953453984e-11,8.297626976229622e-11,8.307932657011297e-11,8.318223915574671e-11,8.328499721320706e-11,8.338759091149867e-11,8.349001087520126e-11,8.359224816427762e-11,8.369429425581992e-11,8.379614102840251e-11,8.389778074277721e-11,8.399920602735689e-11,8.410040986287305e-11,8.420138556775345e-11,8.430212678448647e-11,8.440262746630875e-11,8.45028818631457e-11,8.460288451266998e-11,8.47026302246285e-11,8.480211407382909e-11,8.490133138627184e-11,8.500027773173431e-11,8.509894891114885e-11,8.519734094979255e-11,8.529545008705794e-11,8.53932727685217e-11,8.549080563695669e-11,8.558804552624923e-11,8.568498945152544e-11,8.578163460358503e-11,8.587797834160605e-11,8.597401818685526e-11,8.606975181420385e-11,8.616517704970404e-11,8.626029186234122e-11,8.635509435862899e-11,8.644958277753968e-11,8.65437554854994e-11,8.663761097082116e-11,8.673114783998699e-11,8.682436481175299e-11,8.691726071371156e-11,8.700983447735774e-11,8.710208513549756e-11,8.719401181559297e-11,8.728561373868812e-11,8.737689021358929e-11,8.746784063775287e-11,8.755846448753206e-11,8.764876131926927e-11,8.773873076485293e-11,8.782837252982027e-11,8.791768638900108e-11,8.800667218466045e-11,8.809532982491797e-11,8.81836592745998e-11,8.827166056482693e-11,8.83593337807142e-11,8.844667906268009e-11,8.853369660398255e-11,8.862038664812234e-11,8.870674948779036e-11,8.879278546185027e-11,8.887849495408776e-11,8.89638783904709e-11,8.904893623929549e-11,8.913366900764825e-11,8.921807724037921e-11,8.93021615186127e-11,8.938592245857776e-11,8.94693607092941e-11,8.955247695156986e-11,8.963527189735703e-11,8.971774628752445e-11,8.979990089058826e-11,8.988173650207668e-11,8.996325394293065e-11,9.004445405869672e-11,9.012533771916595e-11,9.020590581312246e-11,9.028615925390997e-11,9.03660989737807e-11,9.044572592499812e-11,9.052504107787313e-11,9.060404542074171e-11,9.068273995759127e-11,9.076112570892836e-11,9.08392037104347e-11,9.091697501162472e-11,9.099444067771964e-11,9.107160178314767e-11,9.114845941624311e-11,9.122501467731718e-11,9.130126867682343e-11,9.137722253659206e-11,9.14528773875563e-11,9.152823436981824e-11,9.160329463143901e-11,9.16780593297923e-11,9.175252962878784e-11,9.182670669985475e-11,9.190059172050514e-11,9.197418587446121e-11,9.204749035136877e-11,9.212050634628551e-11,9.219323505838194e-11,9.226567769154345e-11,9.233783545370435e-11,9.240970955605835e-11,9.248130121429199e-11,9.255261164558985e-11,9.262364206953925e-11,9.269439371067548e-11,9.276486779272646e-11,9.283506554217104e-11,9.29049881865582e-11,9.297463695472968e-11,9.304401307638846e-11,9.311311778179291e-11,9.318195230159889e-11,9.325051786647527e-11,9.331881570742206e-11,9.33868470542544e-11,9.345461313492716e-11,9.352211518184621e-11,9.35893544213166e-11,9.365633208017057e-11,9.3723049383828e-11,9.378950755624131e-11,9.385570781974839e-11,9.392165139599804e-11,9.398733950208007e-11,9.40527733529824e-11,9.411795416389209e-11,9.418288314641299e-11,9.423849510260076e-11,9.430296367735738e-11,9.436718335949482e-11,9.443115565809194e-11,9.44948818716986e-11,9.455836322828918e-11,9.462160093093134e-11,9.468459617175448e-11,9.474735013900639e-11,9.480986401468941e-11,9.487213897748923e-11,9.493417620229248e-11,9.499597686059806e-11,9.505754211898078e-11,9.51188731410205e-11,9.517997108568564e-11,9.524083710814612e-11,9.530147235923114e-11,9.536187798619646e-11,9.542205513091951e-11,9.548200493100687e-11,9.554172852067021e-11,9.560122702877365e-11,9.566050158070997e-11,9.57195532965345e-11,9.577838329163221e-11,9.583699267726698e-11,9.589538255988843e-11,9.595355404122035e-11,9.601150821833402e-11,9.606924618334944e-11,9.612676902313695e-11,9.618407782226384e-11,9.624117365800604e-11,9.629805760325772e-11,9.635473072630427e-11,9.641119408963467e-11,9.646744875344267e-11,9.652349577047053e-11,9.657933618937002e-11,9.663497105398575e-11,9.669040140282371e-11,9.674562826981844e-11,9.680065268377239e-11,9.685547566874069e-11,9.69100982434137e-11,9.696452142167455e-11,9.701874621227028e-11,9.70727736192409e-11,9.712660464147772e-11,9.71802402728461e-11,9.723368150224864e-11,9.728692931356928e-11,9.733998468569251e-11,9.739284859221522e-11,9.74455220022632e-11,9.749800588014122e-11,9.755030118443648e-11,9.760240886891456e-11,9.765432988271173e-11,9.770606516983166e-11,9.775761566932023e-11,9.780898231687731e-11,9.786016604003014e-11,9.791116776301811e-11,9.796198840364212e-11,9.801262887688965e-11,9.806309009391971e-11,9.811337295934014e-11,9.816347837129189e-11,9.821340722591361e-11,9.826316041256157e-11,9.83127388160083e-11,9.836214331735923e-11,9.841137479313778e-11,9.84604341131589e-11,9.850932214346593e-11,9.855803974515036e-11,9.860658777486188e-11,9.865496708447906e-11,9.870317852090469e-11,9.875122292664899e-11,9.879910113931883e-11,9.884681399200473e-11,9.889436231312067e-11,9.894174692644905e-11,9.898896865171738e-11,9.903602830316943e-11,9.908292669061916e-11,9.912966461956115e-11,9.917624289095998e-11,9.922266230127698e-11,9.926892364248563e-11,9.931502770141484e-11,9.936097526179662e-11,9.940676710224991e-11,9.945240399697861e-11,9.949788671592699e-11,9.954321602438392e-11,9.958839268349156e-11,9.963341745000326e-11,9.96782910763606e-11,9.972301431079604e-11,9.976758789718923e-11,9.98120125751034e-11,9.985628908019074e-11,9.990041814334802e-11,9.994440049185872e-11,9.998823684866801e-11,1.0003192793274342e-10,1.0007547445847967e-10,1.0011887713629384e-10,1.0016213667263251e-10,1.0020525377021296e-10,1.0024822912730245e-10,1.0029106343824756e-10,1.0033375739336652e-10,1.0037631167907908e-10,1.0041872697774303e-10,1.0046100396789091e-10,1.0050314332514304e-10,1.0054514571856791e-10,1.0058701181588066e-10,1.0062874228018169e-10,1.0067033777062664e-10,1.0071179894231283e-10,1.0075312644741184e-10,1.0079432093310492e-10,1.0083538304390171e-10,1.0087631342028248e-10,1.0091711269894314e-10,1.0095778151291249e-10,1.009983204917985e-10,1.0103873026107896e-10,1.0107901144304165e-10,1.0111916465638533e-10,1.0115919051591657e-10,1.011990896330117e-10,1.012388626158949e-10,1.0127851006886437e-10,1.0131803259284958e-10,1.0135743078532703e-10,1.013967052402923e-10,1.0143585654838865e-10,1.0147488529675749e-10,1.0151379206923795e-10,1.0155257744635056e-10,1.0159124200512741e-10,1.016297863193649e-10,1.0166821095951057e-10,1.0170651649274963e-10,1.0174470348298944e-10,1.017827724909075e-10,1.0182072407395537e-10,1.0185855878636524e-10,1.0189627717914711e-10,1.0193387980022949e-10,1.0197136719437248e-10,1.0200873990318735e-10,1.0204599846512613e-10,1.0208314341553204e-10,1.0212017528678052e-10,1.021570946081325e-10,1.0219390190583663e-10,1.0223059770311109e-10,1.022671825202083e-10,1.0230365687455139e-10,1.0234002127987163e-10,1.023762762481261e-10,1.0241242228746541e-10,1.0244845990295249e-10,1.0248438959783349e-10,1.0252021187161507e-10,1.0255592722106729e-10,1.0259153614020153e-10,1.026270391205234e-10,1.0266243665076401e-10,1.0269772921573445e-10,1.0273291729867141e-10,1.027680013797454e-10,1.0280298193635344e-10,1.0283785944312223e-10,1.0287263437215379e-10,1.0290730719268389e-10,1.0294187837135045e-10,1.0297634837214245e-10,1.0301071765641123e-10,1.0304498668287409e-10,1.0307915590773537e-10,1.0311322578455372e-10,1.0314719676429137e-10,1.031810692954625e-10,1.0321484382385016e-10,1.0324852079292456e-10,1.0328210064359939e-10,1.0331558381404399e-10,1.0334897074051781e-10,1.0338226185639941e-10,1.0341545759256621e-10,1.0344855837783776e-10,1.034815646384953e-10,1.035144767982149e-10,1.0354729527830067e-10,1.0358002049847631e-10,1.0361265287481348e-10,1.0364519282172295e-10,1.0367764075133077e-10,1.0370999707326105e-10,1.0374226219520543e-10,1.0377443652260564e-10,1.038065204580992e-10,1.0383851440200967e-10,1.038704187531292e-10,1.0390223390768058e-10,1.039339602596918e-10,1.0396559820099973e-10,1.0399714812126917e-10,1.0402861040795246e-10,1.0405998544640824e-10,1.0409127361988952e-10,1.0412247530944276e-10,1.0415359089404249e-10,1.041846207504069e-10,1.0421556525348877e-10,1.042464247760117e-10,1.0427719968864026e-10,1.0430789035999374e-10,1.0433849715666504e-10,1.0436902044322626e-10,1.0439946058224315e-10,1.0442981793428852e-10,1.0446009285795458e-10,1.044902857100235e-10,1.0452039684496746e-10,1.0455042661556259e-10,1.0458037537257351e-10,1.0461024346490777e-10,1.0464003123951203e-10,1.0466973904146628e-10,1.046993672139611e-10,1.0472891609832212e-10,1.0475838603400017e-10,1.0478777735861052e-10,1.0481709040792945e-10,1.048463255159086e-10,1.0487548301468452e-10,1.0490456323459557e-10,1.049335665041884e-10,1.049624931502301e-10,1.0499134349772012e-10,1.0502011786990408e-10,1.0504881658827479e-10,1.0507743997259321e-10,1.0510598834089664e-10,1.0513446200950834e-10,1.0516286129304926e-10,1.0519118650445199e-10,1.05219437954957e-10,1.0524761595414231e-10,1.0527572080991603e-10,1.0530375282855532e-10,1.0533171231471401e-10,1.0535959957121775e-10,1.0538741490001885e-10,1.0541515860045531e-10,1.0544283097069198e-10,1.0547043230725283e-10,1.05497962905189e-10,1.055254230579334e-10,1.0555281305734909e-10,1.0558013319377614e-10,1.0560738375597225e-10,1.0563456503075958e-10,1.0566167730439946e-10,1.056887208610402e-10,1.0571569598335001e-10,1.0574260295254399e-10,1.0576944204835349e-10,1.0579621354889718e-10,1.0582291773111117e-10,1.0584955487033455e-10,1.0587612524057186e-10,1.0590262911403131e-10,1.0592906676184987e-10,1.0595543845374844e-10,1.0598174445781308e-10,1.0600798504089486e-10,1.0603416046819262e-10,1.0606027100361e-10,1.0608631691016564e-10,1.0611229844882174e-10,1.0613821587943265e-10,1.061640694607864e-10,1.0618985944994237e-10,1.0621558610271295e-10,1.0624124967366647e-10,1.0626685041607882e-10,1.0629238858177462e-10,1.0631786442133603e-10,1.0634327818411047e-10,1.0636863011808034e-10,1.0639392046997092e-10,1.0641914948525642e-10,1.0644431740810116e-10,1.0646942448144476e-10,1.0649447094698313e-10,1.0651945704516126e-10,1.0654438301519062e-10,1.0656924909505506e-10,1.0659405552153961e-10,1.0661880253030215e-10,1.0664349035531644e-10,1.0666811923010642e-10,1.0669268938647528e-10,1.067172010553059e-10,1.0674165446611446e-10,1.0676604984738302e-10,1.0679038742634349e-10,1.0681466742916027e-10,1.0683889008078722e-10,1.0686305560505537e-10,1.0688716422466323e-10,1.0691121616118378e-10,1.0693521163506878e-10,1.0695915086565857e-10,1.0698303407118579e-10,1.0700686146878475e-10,1.0703063327449283e-10,1.0705434970325915e-10,1.0707801096896155e-10,1.071016172843984e-10,1.0712516886130091e-10,1.0714866591032853e-10,1.0717210864109069e-10,1.0719549726220835e-10,1.072188319811689e-10,1.0724211300446036e-10,1.072653405375442e-10,1.0728851478485651e-10,1.0731163594981365e-10,1.0733470423482518e-10,1.073577198412929e-10,1.0738068296961858e-10,1.0740359381921087e-10,1.0742645258849031e-10,1.074492594748958e-10,1.0747201467489297e-10,1.0749471838396874e-10,1.0751737079665364e-10,1.0753997210651696e-10,1.0756252250617359e-10,1.075850221872935e-10,1.0760747134060197e-10,1.0762987015588875e-10,1.076522188220125e-10,1.0767451752690647e-10,1.0769676645758359e-10,1.0771896580014233e-10,1.077411157397718e-10,1.0776321646076119e-10,1.0778526814642122e-10,1.0780727097938725e-10,1.078292251411901e-10,1.0785113081254876e-10,1.0787298817331136e-10,1.0789479740246404e-10,1.0791655867808555e-10,1.0793827217742615e-10,1.0795993807686848e-10,1.0798155655190914e-10,1.0800312777729942e-10,1.0802465192679169e-10,1.0804612917349088e-10,1.0806755968948258e-10,1.0808894364616563e-10,1.0811028121402908e-10,1.0813157256280518e-10,1.0815281786130924e-10,1.0817401727765036e-10,1.0819517097909865e-10,1.0821627913211546e-10,1.0823734190238802e-10,1.082583594547963e-10,1.0827933195343488e-10,1.0830025956162332e-10,1.0832114244189466e-10,1.0834198075603639e-10,1.0836277466502266e-10,1.0838352432909797e-10,1.084042299077269e-10,1.0842489155963284e-10,1.0844550944277816e-10,1.084660837144178e-10,1.084866145309677e-10,1.0850710204819872e-10,1.0852754642111719e-10,1.085479478040028e-10,1.0856830635040505e-10,1.0858862221313746e-10,1.0860889554432196e-10,1.086291264953631e-10,1.0864931521694207e-10,1.0866946185904167e-10,1.0868956657094216e-10,1.0870962950122973e-10,1.087296507977935e-10,1.0874963060782884e-10,1.0876956907785828e-10,1.0878946635370296e-10,1.0880932258053875e-10,1.0882913790283246e-10,1.0884891246440021e-10,1.0886864640847112e-10,1.0888833987726466e-10,1.0890799301289672e-10,1.08927605956372e-10,1.0894717884824497e-10,1.0896671182838609e-10,1.089862050360118e-10,1.090056586097007e-10,1.0902507268733054e-10,1.0904444740630308e-10,1.0906378290331281e-10,1.090830793143672e-10,1.091023367749074e-10,1.0912155541971337e-10,1.0914073538299878e-10,1.0915987679833728e-10,1.091789797986977e-10,1.0919804451644249e-10,1.0921707108333818e-10,1.0923605963053769e-10,1.092550102886049e-10,1.0927392318750513e-10,1.092927984566246e-10,1.0931163622473668e-10,1.093304366200951e-10,1.0934919977030747e-10,1.0936792580242795e-10,1.0938661484293677e-10,1.0940526701774339e-10,1.0942388245218994e-10,1.0944246127105351e-10,1.0946100359854947e-10,1.0947950955833722e-10,1.0949797927352293e-10,1.0951641286665371e-10,1.0953481045964901e-10,1.095531721740447e-10,1.0957149813075165e-10,1.0958978845022364e-10,1.0960804325221866e-10,1.0962626265602967e-10,1.0964444678042044e-10,1.0966259574364764e-10,1.0968070966341537e-10,1.0969878865691784e-10,1.0971683284082386e-10,1.097348423312867e-10,1.097528172439905e-10,1.097707576940631e-10,1.097886637959939e-10,1.0980653566397952e-10,1.0982437341161868e-10,1.098421771520309e-10,1.0985994699786839e-10,1.0987768306121204e-10,1.0989538545367443e-10,1.0991305428633622e-10,1.0993068966988945e-10,1.099482917145165e-10,1.0996586052982983e-10,1.0998339622505815e-10,1.1000089890893742e-10,1.1001836868972097e-10,1.1003580567515552e-10,1.1005320997255504e-10,1.100705816887522e-10,1.1008792093011567e-10,1.1010522780255012e-10,1.1012250241150859e-10,1.1013974486198271e-10,1.1015695525851654e-10,1.1017413370518027e-10,1.101912803056084e-10,1.1020839516299844e-10,1.1022547838008767e-10,1.1024253005917097e-10,1.1025955030210537e-10,1.1027653921031532e-10,1.1029349688477101e-10,1.1031042342602738e-10,1.1032731893419063e-10,1.1034418350895108e-10,1.1036101724958175e-10,1.1037782025491198e-10,1.103945926233548e-10,1.1041133445290299e-10,1.1042804584113086e-10,1.10444726885199e-10,1.104613776818478e-10,1.1047799832741221e-10,1.1049458891781635e-10,1.1051114954857645e-10,1.1052768031480218e-10,1.1054418131119815e-10,1.1056065263207687e-10,1.1057709437133748e-10,1.1059350662249472e-10,1.1060988947866402e-10,1.1062624303256722e-10,1.1064256737653593e-10,1.1065886260251488e-10,1.1067512880205362e-10,1.106913660663387e-10,1.1070757448613612e-10,1.107237541518671e-10,1.1073990515355373e-10,1.1075602758085252e-10,1.1077212152306e-10,1.1078818706903625e-10,1.1080422430731906e-10,1.1082023332609658e-10,1.1083621421313916e-10,1.1085216705588426e-10,1.1086809194140508e-10,1.1088398895639462e-10,1.1089985818725283e-10,1.1091569971986248e-10,1.1093151363990364e-10,1.1094730003265066e-10,1.1096305898302487e-10,1.109787905755969e-10,1.1099449489458751e-10,1.1101017202387304e-10,1.1102582204698149e-10,1.1104144504709315e-10,1.1105704110705118e-10,1.1107261030935759e-10,1.1108815273617688e-10,1.1110366846931278e-10,1.111191575902921e-10,1.1113462018025465e-10,1.1115005632002508e-10,1.1116546609009745e-10,1.1118084957063667e-10,1.111962068414824e-10,1.1121153798214682e-10,1.1122684307181936e-10,1.1124212218936639e-10,1.11257375413335e-10,1.1127260282195263e-10,1.1128780449312948e-10,1.1130298050445988e-10,1.1131813093322395e-10,1.1133325585638932e-10,1.113483553506121e-10,1.1136342949223932e-10,1.113784783573096e-10,1.1139350202155516e-10,1.1140850056041704e-10,1.1142347404899168e-10,1.1143842256213784e-10,1.1145334617435147e-10,1.1146824495986403e-10,1.1148311899256453e-10,1.1149796834611046e-10,1.1151279309386459e-10,1.1152759330880927e-10,1.115423690637254e-10,1.1155712043106777e-10,1.1157184748302931e-10,1.1158655029147046e-10,1.1160122892798299e-10,1.1161588346387249e-10,1.1163051397018491e-10,1.1164512051766261e-10,1.1165970317677197e-10,1.116742620177001e-10,1.1168879711035643e-10,1.1170330852437394e-10,1.1171779632911063e-10,1.117322605936506e-10,1.1174670138680758e-10,1.1176111877712081e-10,1.1177551283286079e-10,1.1178988362202207e-10,1.1180423121234773e-10,1.1181565558835197e-10,1.1182088308617071e-10,1.1182380655679366e-10,1.1182640717767496e-10,1.1182946422711356e-10,1.1183326680872178e-10,1.1183792229648643e-10,1.1184347258082971e-10,1.1184993612307602e-10,1.1185732297382278e-10,1.1186564009619002e-10,1.1187489326344237e-10,1.1188508772835558e-10,1.1189622845939171e-10,1.1190832022735397e-10,1.1192136763392656e-10,1.1193537512504973e-10,1.1195034699162949e-10,1.1196628737398889e-10,1.119832002621805e-10,1.120010894988335e-10,1.1201995877193582e-10,1.1203981162588698e-10,1.1206065145918773e-10,1.1208248152318953e-10,1.1210530492117648e-10,1.1212912461359489e-10,1.121539434163394e-10,1.121797640025645e-10,1.1220658890341438e-10,1.1223442050901019e-10,1.1226326106941888e-10,1.1229311269577499e-10,1.123239773611832e-10,1.1235585690195497e-10,1.1238875301867227e-10,1.1242266727665236e-10,1.124576011091646e-10,1.1249355581655958e-10,1.1253053256879808e-10,1.1256853240479064e-10,1.1260755624159905e-10,1.1264760485730028e-10,1.1268867890967108e-10,1.1273077893184454e-10,1.1277390532488472e-10,1.1281805838447618e-10,1.1286323828063704e-10,1.1290944505917676e-10,1.1295667864946506e-10,1.130049388636554e-10,1.130542254058128e-10,1.131045378570521e-10,1.1315587569182521e-10,1.132082382743633e-10,1.1326162485240205e-10,1.1331603457507279e-10,1.1337146647937354e-10,1.134279195019063e-10,1.1348539247014824e-10,1.1354388411586532e-10,1.1360339306811562e-10,1.1366391785235671e-10,1.1372545691560498e-10,1.1378800858161604e-10,1.138515710921593e-10,1.1391614260494484e-10,1.1398172117688736e-10,1.1404830477401757e-10,1.141158912843508e-10,1.1418447849957362e-10,1.1425406412660635e-10,1.1432464579759697e-10,1.143962210513693e-10,1.144687873576648e-10,1.1454234209804222e-10,1.1461688258317015e-10,1.1469240606339725e-10,1.1476890965065186e-10,1.1484639045400403e-10,1.1492484548687621e-10,1.1500427169154148e-10,1.1508466594282026e-10,1.1516602504493336e-10,1.1524834574186776e-10,1.1533162472005522e-10,1.1541585858830024e-10,1.1550104390053188e-10,1.1558717715515312e-10,1.156742547863178e-10,1.1576227317634093e-10,1.1585122865120646e-10,1.159411174755972e-10,1.1603193587037513e-10,1.1612368002499391e-10,1.1621634601296567e-10,1.1630992992362753e-10,1.1640442778488799e-10,1.1649983556204767e-10,1.1659614919661006e-10,1.1669336455156738e-10,1.1679147754651697e-10,1.1689048389370307e-10,1.1699037940346122e-10,1.1709115980310295e-10,1.1719282077934482e-10,1.172953579922426e-10,1.173987670674447e-10,1.17503043590501e-10,1.1760818311834306e-10,1.1771418117735502e-10,1.1782103326633787e-10,1.179287348477751e-10,1.1803728137231639e-10,1.1814666825180987e-10,1.182568908761942e-10,1.183679446128952e-10,1.184798248043926e-10,1.1859252677242857e-10,1.1870604581534687e-10,1.1882037721949704e-10,1.1893551624831275e-10,1.1905145814768684e-10,1.1916819814698143e-10,1.1928573146000223e-10,1.1940405328598441e-10,1.1952315881053677e-10,1.1964304320659202e-10,1.1976370163533276e-10,1.1988512925308905e-10,1.200073211926732e-10,1.20130272588044e-10,1.2025397857723926e-10,1.203784342048726e-10,1.2050363466969017e-10,1.2062957504369695e-10,1.20756250427774e-10,1.2088365591281293e-10,1.210117865870605e-10,1.2114063754749134e-10,1.2127020387479218e-10,1.2140048064423626e-10,1.2153146295839224e-10,1.2166314590076673e-10,1.2179552456871318e-10,1.2192859402814938e-10,1.2206234937741818e-10,1.221967857395061e-10,1.223318981946428e-10,1.2246768184876162e-10,1.226041318032683e-10,1.2274124317462326e-10,1.2287901107693514e-10,1.2301743065928607e-10,1.2315649702146756e-10,1.2329620534916506e-10,1.2343655076656627e-10,1.2357752844134906e-10,1.2371913354380678e-10,1.2386136125435714e-10,1.2400420676785584e-10,1.2414766529123253e-10,1.242917320251632e-10,1.2443640220001934e-10,1.2458167104854515e-10,1.2472753382035786e-10,1.2487398579529554e-10,1.2502102223551484e-10,1.2516863843732976e-10,1.2531682975301259e-10,1.2546559143990287e-10,1.2561491886989586e-10,1.2576480737883156e-10,1.2591525234998846e-10,1.2606624915044483e-10,1.2621779319135158e-10,1.263698798955129e-10,1.2652250469829516e-10,1.2667566305428614e-10,1.2682935042736546e-10,1.2698356232585667e-10,1.2713829425279218e-10,1.2729354172717166e-10,1.2744930030501307e-10,1.2760556554772287e-10,1.277623330525125e-10,1.2791959841576605e-10,1.280773572610824e-10,1.282356052345854e-10,1.283943379890103e-10,1.2855355123416173e-10,1.287132406706882e-10,1.2887340202922962e-10,1.290340310574437e-10,1.2919512352616983e-10,1.2935667522984367e-10,1.295186819843261e-10,1.296811396256108e-10,1.2984404400836657e-10,1.3000739101891656e-10,1.3017117655795807e-10,1.30335396550122e-10,1.3050004694330082e-10,1.3066512370794928e-10,1.3083062283715438e-10,1.3099654034674138e-10,1.3116287233098267e-10,1.3132961470926027e-10,1.314967637044028e-10,1.3166431534948195e-10,1.318322657999566e-10,1.320006111396334e-10,1.3216934766561876e-10,1.3233847156776753e-10,1.325079790026542e-10,1.3267786624509534e-10,1.3284812956659544e-10,1.330187652633064e-10,1.3318976965419341e-10,1.3336113907722228e-10,1.335328698992869e-10,1.3370495850932705e-10,1.3387740131988403e-10,1.3405019476710886e-10,1.3422333531076105e-10,1.3439681943420892e-10,1.345706436444218e-10,1.34744804471962e-10,1.3491929847096938e-10,1.3509412221914417e-10,1.352692723177273e-10,1.3544474539147513e-10,1.3562053808863246e-10,1.3579664708089984e-10,1.3597306906340226e-10,1.3614980075464853e-10,1.3632683889649388e-10,1.3650418025409523e-10,1.3668182161586404e-10,1.368597597934201e-10,1.3703799162153626e-10,1.3721651395808788e-10,1.3739532368399338e-10,1.375744177031545e-10,1.3775379294239662e-10,1.3793344635140328e-10,1.381133749026486e-10,1.3829357559132955e-10,1.384740454352967e-10,1.3865478147497822e-10,1.388357807733059e-10,1.3901704041563895e-10,1.391985575230137e-10,1.3938032921183864e-10,1.395623526342875e-10,1.3974462496462963e-10,1.3992714340379782e-10,1.4010990516804579e-10,1.4029290749777823e-10,1.404761476550195e-10,1.4065962292331573e-10,1.4084333058310918e-10,1.4102726798403723e-10,1.4121143247583797e-10,1.4139582143268855e-10,1.41580432232041e-10,1.4176526228224236e-10,1.4195030911140368e-10,1.4213557001741073e-10,1.4232104251275117e-10,1.4250672411929204e-10,1.4269261235240793e-10,1.4287870476861535e-10,1.4306499886273188e-10,1.4325149227056277e-10,1.4343818256920738e-10,1.4362506737734506e-10,1.438121443293191e-10,1.4399941109102582e-10,1.441868653414953e-10,1.4437450474409257e-10,1.4456232692708255e-10,1.4475032979416938e-10,1.4493851107643213e-10,1.4512686850037887e-10,1.453153998792408e-10,1.4550410301164395e-10,1.4569297569859782e-10,1.4588201581379985e-10,1.4607122120571813e-10,1.462605898646159e-10,1.4645011953535842e-10,1.466398082533795e-10,1.4682965385734386e-10,1.4701965441910333e-10,1.4720980778276083e-10,1.4740011202963262e-10,1.475905651585879e-10,1.4778116519387526e-10,1.4797191022792118e-10,1.4816279822569557e-10,1.4835382729554946e-10,1.4854499559176326e-10,1.487363011706099e-10,1.4892774220347655e-10,1.49119316889062e-10,1.49311023317582e-10,1.495028596314987e-10,1.4969482406258469e-10,1.4988691483456206e-10,1.5007913018952462e-10,1.502714683214449e-10,1.504639275550702e-10,1.5065650614270653e-10,1.508492023770624e-10,1.5104201456639103e-10,1.512349410343762e-10,1.5142798012001748e-10,1.5162113017751628e-10,1.518143895761619e-10,1.5200775670021958e-10,1.5220122995099736e-10,1.5239480774021753e-10,1.52588488496312e-10,1.527822706623824e-10,1.5297615269396902e-10,1.531701330599592e-10,1.5336421025350598e-10,1.5355838277500265e-10,1.5375264913579564e-10,1.539470078659717e-10,1.5414145752773648e-10,1.543359966314112e-10,1.545306237722438e-10,1.5472533751977117e-10,1.5492013646899212e-10,1.5511501922438828e-10,1.5530998445020364e-10,1.5550503073999518e-10,1.5570015676051004e-10,1.5589536115429405e-10,1.5609064267618086e-10,1.5628599987293777e-10,1.5648143152048894e-10,1.5667693631709815e-10,1.5687251298685723e-10,1.570681602892405e-10,1.5726387694699612e-10,1.5745966172123617e-10,1.5765551338360903e-10,1.5785143071721818e-10,1.580474124706313e-10,1.5824345749967818e-10,1.5843956462103627e-10,1.5863573265079202e-10,1.5883196044507733e-10,1.5902824685325877e-10,1.5922459073699215e-10,1.5942099096939231e-10,1.5961744646962766e-10,1.598139560973055e-10,1.6001051875858072e-10,1.602071333702438e-10,1.604037988596287e-10,1.606005141645209e-10,1.6079727822869057e-10,1.6099409001325792e-10,1.611909485031179e-10,1.6138785266216573e-10,1.6158480147936512e-10,1.6178179394158972e-10,1.6197882909564502e-10,1.6217590590528382e-10,1.6237302342885155e-10,1.6257018070270682e-10,1.627673767701142e-10,1.6296461068902978e-10,1.6316188152530537e-10,1.6335918835829593e-10,1.6355653026259844e-10,1.6375390636364935e-10,1.639513157094181e-10,1.6414875743626914e-10,1.6434623066179708e-10,1.645437345254423e-10,1.647412681484711e-10,1.6493883068390208e-10,1.651364212883287e-10,1.6533403912380885e-10,1.6553168336121387e-10,1.6572935317982567e-10,1.6592704776718587e-10,1.6612476631899475e-10,1.6632250803902457e-10,1.6652027214316536e-10,1.6671805784689559e-10,1.6691586437773295e-10,1.6711369097095536e-10,1.6731153686951985e-10,1.6750940131749928e-10,1.6770728357976758e-10,1.679051829219838e-10,1.6810309861722174e-10,1.683010299459013e-10,1.6849897619572018e-10,1.6869693666158586e-10,1.6889491064554897e-10,1.6909289745673612e-10,1.6929089641128412e-10,1.694889068322741e-10,1.6968692804966674e-10,1.6988495940023758e-10,1.7008300022751308e-10,1.7028104988170713e-10,1.70479107719658e-10,1.706771731047661e-10,1.708752454069318e-10,1.710733240024945e-10,1.7127140827417111e-10,1.7146949761099597e-10,1.7166759139856224e-10,1.7186568905859766e-10,1.7206378999706772e-10,1.7226189358139313e-10,1.7245999928568918e-10,1.7265810652549e-10,1.7285621473041135e-10,1.7305432343848315e-10,1.732524319728058e-10,1.7345053970841158e-10,1.736486462819819e-10,1.7384675107271224e-10,1.740448533890603e-10,1.7424295289142e-10,1.7444104899585127e-10,1.7463914121109493e-10,1.7483722900283866e-10,1.7503531188079708e-10,1.7523338935341145e-10,1.7543146089104345e-10,1.7562952599557594e-10,1.7582758423834085e-10,1.7602563511392053e-10,1.7622367814340748e-10,1.7642171283206036e-10,1.7661973873132105e-10,1.7681775540348176e-10,1.7701576236879015e-10,1.772137591691306e-10,1.7741174536371695e-10,1.776097205101083e-10,1.778076841704993e-10,1.7800563591167541e-10,1.782035753049669e-10,1.7840150192620587e-10,1.7859941535568075e-10,1.7879731517809398e-10,1.7899520098251774e-10,1.7919307236235124e-10,1.7939092891185339e-10,1.7958877023673749e-10,1.7978659593765225e-10,1.7998440563030582e-10,1.8018219892909186e-10,1.8037997543052512e-10,1.8057773477770046e-10,1.8077547659692018e-10,1.8097320051834597e-10,1.811709061758889e-10,1.8136859316392773e-10,1.8156626116851888e-10,1.8176390983526625e-10,1.819615388134673e-10,1.8215914775604344e-10,1.823567363194613e-10,1.8255430416364534e-10,1.8275185111882696e-10,1.8294937662955328e-10,1.8314688043563182e-10,1.8334436216601035e-10,1.835418215388132e-10,1.8373925827924666e-10,1.8393667202270554e-10,1.8413406248190666e-10,1.8433142932130144e-10,1.845287722416259e-10,1.8472609094893927e-10,1.849233851466718e-10,1.851206545286672e-10,1.8531789888785093e-10,1.8551511780966438e-10,1.8571231103103612e-10,1.8590947829105e-10,1.8610661932365707e-10,1.863037338019718e-10,1.865008215411579e-10,1.866978822208521e-10,1.8689491546446886e-10,1.870919211307223e-10,1.8728889902459836e-10,1.8748584891147776e-10,1.8768277036493614e-10,1.878796631870628e-10,1.8807652715107097e-10,1.8827336201073396e-10,1.8847016750123536e-10,1.886669433930694e-10,1.8886368940394883e-10,1.890604053766538e-10,1.8925709103787576e-10,1.8945374615035593e-10,1.8965037045444003e-10,1.8984696379529865e-10,1.900435260916019e-10,1.9024005677030787e-10,1.9043655572326672e-10,1.9063302283889237e-10,1.9082945785603517e-10,1.9102586059978543e-10,1.9122223079061729e-10,1.9141856837352248e-10,1.9161487289772047e-10,1.9181114428607935e-10,1.9200738233738755e-10,1.9220358685321006e-10,1.923997576371446e-10,1.9259589449504948e-10,1.92791997234278e-10,1.9298806566671979e-10,1.9318409960291087e-10,1.933800988575815e-10,1.9357606324816763e-10,1.9377199259327165e-10,1.9396788671287292e-10,1.9416374542953136e-10,1.943595685672984e-10,1.9455535595322276e-10,1.9475110741580053e-10,1.9494682278545586e-10,1.951425018945223e-10,1.9533814457722375e-10,1.9553375066827265e-10,1.9572932000720092e-10,1.9592485243523505e-10,1.961203477923369e-10,1.9631580592203913e-10,1.9651122665131622e-10,1.967066098632354e-10,1.9690195538854455e-10,1.9709726305413372e-10,1.9729253283326586e-10,1.9748776440595795e-10,1.976829577110897e-10,1.9787811259300934e-10,1.9807322891482797e-10,1.9826830654582425e-10,1.9846334533556238e-10,1.986583451492732e-10,1.9885330586036948e-10,1.9904822732554284e-10,1.9924310946341885e-10,1.9943795205240623e-10,1.9963275501349125e-10,1.998275181991077e-10,2.0002224167881894e-10,2.002169250754043e-10,2.0041156825835478e-10,2.006061711793799e-10,2.0080073370921623e-10,2.0099525578286367e-10,2.0118973724920838e-10,2.013841779701624e-10,2.01578577979798e-10,2.0177293704337397e-10,2.019672548946325e-10,2.0216153157060742e-10,2.023557669615662e-10,2.0254996117071895e-10,2.0274411368303876e-10,2.0293822459161538e-10,2.0313229379238081e-10,2.0332632118250623e-10,2.0352030665957893e-10,2.0371425012401378e-10,2.0390815147662136e-10,2.0410201061940079e-10,2.0429582745552695e-10,2.0448960188933825e-10,2.0468333382036874e-10,2.0487702316609452e-10,2.0507066983297764e-10,2.052642737966171e-10,2.0545783481030004e-10,2.0565135287273165e-10,2.058448279275584e-10,2.060382598681248e-10,2.06231648583811e-10,2.0642499398453255e-10,2.0661829600490433e-10,2.0681155458179719e-10,2.0700476959023433e-10,2.0719794097292908e-10,2.073910686499699e-10,2.0758415254307231e-10,2.0777719257463073e-10,2.0797018866800277e-10,2.0816314074749873e-10,2.08356048736374e-10,2.0854891256277813e-10,2.0874173215381665e-10,2.0893450743751035e-10,2.0912723834278424e-10,2.0931992479945868e-10,2.095125667382389e-10,2.0970516409070554e-10,2.098977167922876e-10,2.1009022477276174e-10,2.1028268796704535e-10,2.104751063101416e-10,2.106674797378357e-10,2.108598081860927e-10,2.1105209159261738e-10,2.1124432989874698e-10,2.114365230380757e-10,2.116286709533047e-10,2.118207735887881e-10,2.1201283089971597e-10,2.1220484279648065e-10,2.1239680921390213e-10,2.1258873013053566e-10,2.1278060548049285e-10,2.1297243520857815e-10,2.1316421926048556e-10,2.1335595758271538e-10,2.1354765013019358e-10,2.1373929685795787e-10,2.1393089769254355e-10,2.1412245253328073e-10,2.143139613910664e-10,2.145054242436014e-10,2.1469684101054756e-10,2.1488821164340497e-10,2.150795360937419e-10,2.1527081431216658e-10,2.1546204620591894e-10,2.1565323178577103e-10,2.1584437097728345e-10,2.160354638407445e-10,2.16226510265955e-10,2.1641751019569275e-10,2.1660846362136948e-10,2.1679937047179704e-10,2.1699023065254126e-10,2.1718104420032203e-10,2.173718109746268e-10,2.175625310939106e-10,2.1775320440864047e-10,2.179438311148964e-10,2.1813441079240087e-10,2.1832494360064181e-10,2.1851542946820548e-10,2.1870586835295254e-10,2.18896260266064e-10,2.1908660505683771e-10,2.1927690290336193e-10,2.194671536172628e-10,2.196573572046533e-10,2.1984751363047905e-10,2.20037622861355e-10,2.2022768486485084e-10,2.2041769957800985e-10,2.2060766699711596e-10,2.2079758715020526e-10,2.2098745995084413e-10,2.2117728536419902e-10,2.2136706335939188e-10,2.2155679392147192e-10,2.2174647701408783e-10,2.219361126154763e-10,2.2212570069522854e-10,2.223152412266349e-10,2.225047341837518e-10,2.2269417954118834e-10,2.2288357727592346e-10,2.2307292735688217e-10,2.2326222976115816e-10,2.2345148446645676e-10,2.2364069144799095e-10,2.2382985068284915e-10,2.2401896214607353e-10,2.2420802581825775e-10,2.2439704167466987e-10,2.2458600968728626e-10,2.2477492984452e-10,2.2496380212388602e-10,2.251526265198912e-10,2.2534140298357417e-10,2.255301315175509e-10,2.2571881207545925e-10,2.2590744459721478e-10,2.2609602915934826e-10,2.262845657165881e-10,2.2647305423769662e-10,2.266614947597492e-10,2.2684988725220209e-10,2.2703823155617752e-10,2.2722652781820042e-10,2.274147760179599e-10,2.276029759736818e-10,2.2779112778453186e-10,2.2797923142951183e-10,2.2816728687888452e-10,2.2835529413914073e-10,2.2854325318659117e-10,2.2873116401398485e-10,2.2891902659207018e-10,2.2910684091644194e-10,2.292946069399347e-10,2.2948232472803644e-10,2.296699942064924e-10,2.2985761538012979e-10,2.300451882193681e-10,2.3023271272184927e-10,2.3042018890048957e-10,2.3060761672491985e-10,2.3079499618646202e-10,2.3098232726957208e-10,2.3116960997059066e-10,2.3135684427982856e-10,2.3154403020694888e-10,2.3173116768184254e-10,2.3191825665455948e-10,2.3210529727625421e-10,2.3229228945486688e-10,2.3247923317931412e-10,2.3266612845379686e-10,2.3285297530220366e-10,2.330397734697762e-10,2.332265232832206e-10,2.334132245697572e-10,2.3359987740676627e-10,2.3378648174137195e-10,2.33973037621134e-10,2.3415954489250306e-10,2.343460036431285e-10,2.345324138328621e-10,2.3471877551355086e-10,2.3490508864912624e-10,2.3509135337390653e-10,2.35277569389747e-10,2.354637367778053e-10,2.356498556532382e-10,2.358359259634695e-10,2.3602194768782606e-10,2.3620792082993817e-10,2.3639384538471655e-10,2.3657972134151523e-10,2.367655487125203e-10,2.3695132749240143e-10,2.371370576067533e-10,2.373227391802611e-10,2.375083721306801e-10,2.376939564683525e-10,2.378794921638431e-10,2.380649792846374e-10,2.3825041778851137e-10,2.3843580767080493e-10,2.386211490263576e-10,2.388064416624822e-10,2.3899168567223596e-10,2.3917688105561476e-10,2.3936202788639124e-10,2.395471260081754e-10,2.3973217549934875e-10,2.3991717636264255e-10,2.401021285940725e-10,2.4028703218721816e-10,2.404718871574292e-10,2.406566934901718e-10,2.408414511892764e-10,2.4102616025577526e-10,2.412108207222768e-10,2.4139543252329055e-10,2.4157999569243096e-10,2.4176451023041e-10,2.4194897613804337e-10,2.421333934146438e-10,2.423177620645771e-10,2.4250208208760193e-10,2.4268635348492065e-10,2.4287057624833914e-10,2.4305475039751376e-10,2.432388759309417e-10,2.4342295282932515e-10,2.436069811220278e-10,2.4379096080401054e-10,2.4397489187342895e-10,2.441587743262773e-10,2.4434260817843626e-10,2.445263934226969e-10,2.4471013006280486e-10,2.448938181100236e-10,2.450774575468569e-10,2.452610484055361e-10,2.4544459067099103e-10,2.4562808437980077e-10,2.458115294780082e-10,2.4599492599815343e-10,2.461782739430679e-10,2.463615733165784e-10,2.4654482412263625e-10,2.4672802636526757e-10,2.4691118004450414e-10,2.4709428516640416e-10,2.472773417440188e-10,2.474603497757953e-10,2.4764330926273686e-10,2.4782622021439e-10,2.4800908263503284e-10,2.4819189652832264e-10,2.483746618992168e-10,2.4855737875275384e-10,2.487400470940998e-10,2.489226669285386e-10,2.4910523826136233e-10,2.492877610961659e-10,2.4947023543969006e-10,2.496526612974154e-10,2.4983503867896027e-10,2.500173675869396e-10,2.501996480272274e-10,2.50381880005784e-10,2.5056406352865494e-10,2.5074619860205413e-10,2.509282852321064e-10,2.5111032342510625e-10,2.512923131874294e-10,2.51474254525532e-10,2.516561474459486e-10,2.518379919552928e-10,2.520197882812525e-10,2.5220153625782953e-10,2.5238323576972987e-10,2.525648869136493e-10,2.52746489629781e-10,2.5292804412972783e-10,2.531095499346107e-10,2.5329100740243007e-10,2.534724165188704e-10,2.5365377729782886e-10,2.538350897391865e-10,2.540163538589938e-10,2.541975696605196e-10,2.5437873715112594e-10,2.545598563373056e-10,2.5474092722573983e-10,2.54921949840356e-10,2.551029241422281e-10,2.552838501949235e-10,2.5546472798528095e-10,2.5564555764036857e-10,2.558263389305414e-10,2.560070719799327e-10,2.561877567875763e-10,2.5636839338106925e-10,2.565489817490006e-10,2.5672952191894196e-10,2.569100138955726e-10,2.570904576857199e-10,2.57270853293809e-10,2.5745120075550794e-10,2.576315000325278e-10,2.5781175123129913e-10,2.579919542084192e-10,2.5817210904524967e-10,2.5835221575897015e-10,2.585322743536839e-10,2.587122848414766e-10,2.588922472295294e-10,2.590721615264738e-10,2.592520277419415e-10,2.5943184588480046e-10,2.5961161596451214e-10,2.597913379904128e-10,2.599710119652713e-10,2.6015063790634154e-10,2.6033021582647487e-10,2.605097459909269e-10,2.606892277218669e-10,2.608686616178496e-10,2.6104804751955396e-10,2.612273854564043e-10,2.6140667542737036e-10,2.6158591744036647e-10,2.617651115024275e-10,2.6194425760569395e-10,2.62123355647743e-10,2.623024058958601e-10,2.6248140825780246e-10,2.6266036273245043e-10,2.6283926929998827e-10,2.630181280803531e-10,2.631969389179769e-10,2.633757019002222e-10,2.6355441697065033e-10,2.637330843156846e-10,2.63911703783525e-10,2.640902754367609e-10,2.6426879928126544e-10,2.644472753302679e-10,2.6462570359477373e-10,2.6480408408571996e-10,2.6498241680917506e-10,2.6516070177748495e-10,2.653389390057512e-10,2.655171284996463e-10,2.656952702761508e-10,2.6587336428186147e-10,2.660514106422908e-10,2.6622940931880263e-10,2.664073603835551e-10,2.6658526370623307e-10,2.667631194071304e-10,2.669409274270724e-10,2.6711868780739386e-10,2.67296400562766e-10,2.6747406567427273e-10,2.6765168321262535e-10,2.678292531589389e-10,2.68006775525054e-10,2.681842503205913e-10,2.683616775568812e-10,2.6853905724674715e-10,2.6871638939994077e-10,2.688936740326938e-10,2.690709111462623e-10,2.6924810075856225e-10,2.694252428792598e-10,2.6960233751622603e-10,2.6977938468274147e-10,2.6995638439276686e-10,2.701333366562115e-10,2.7031024148444024e-10,2.704870988888427e-10,2.706639088808389e-10,2.708406714718487e-10,2.7101738667331586e-10,2.711940544968411e-10,2.7137067495388724e-10,2.7154724805515307e-10,2.7172377382034303e-10,2.719002522519478e-10,2.7207668335645046e-10,2.722530671538545e-10,2.7242940365410274e-10,2.7260569286882515e-10,2.7278193480971284e-10,2.729581294882157e-10,2.7313427691625693e-10,2.7331037710559195e-10,2.734864300681276e-10,2.736624358154531e-10,2.738383943593358e-10,2.740143057115874e-10,2.7419016988402364e-10,2.743659868884778e-10,2.7454175677537555e-10,2.7471747949189733e-10,2.7489315513252613e-10,2.750687835700099e-10,2.7524436492486344e-10,2.7541989922348444e-10,2.75595386386532e-10,2.757708264816271e-10,2.7594621951398075e-10,2.76121565493426e-10,2.762968644358131e-10,2.7647211635352633e-10,2.766473212586009e-10,2.768224791631705e-10,2.7699759007922456e-10,2.7717265401884946e-10,2.773476709941453e-10,2.775226410171679e-10,2.776975641001617e-10,2.7787244025520937e-10,2.780472694944659e-10,2.7822205183009893e-10,2.78396787274289e-10,2.7857147583922964e-10,2.787461175371217e-10,2.7892071238056435e-10,2.790952603810425e-10,2.792697615511694e-10,2.794442158976129e-10,2.7961862343837186e-10,2.797929841857163e-10,2.799672981519316e-10,2.801415653493129e-10,2.8031578579016755e-10,2.804899594923183e-10,2.8066408646248607e-10,2.8083816671301524e-10,2.810122002562604e-10,2.811861871045863e-10,2.813601272703681e-10,2.8153402076599083e-10,2.8170786760384913e-10,2.818816677963473e-10,2.8205542135589975e-10,2.8222912830171033e-10,2.8240278863513053e-10,2.825764023766678e-10,2.8274996953486947e-10,2.8292349011603486e-10,2.8309696413883437e-10,2.8327039161574277e-10,2.8344377255924827e-10,2.8361710698185927e-10,2.837903948961217e-10,2.8396363631468807e-10,2.841368312590931e-10,2.8430997972371246e-10,2.844830817478808e-10,2.8465613730841084e-10,2.8482914643599976e-10,2.8500210914304273e-10,2.8517502544215943e-10,2.8534789534593095e-10,2.8552071886693804e-10,2.856934960199748e-10,2.858662268303758e-10,2.8603891129107056e-10,2.8621154941918605e-10,2.863841412235291e-10,2.8655668671365794e-10,2.8672918590819245e-10,2.8690163881910344e-10,2.870740454607887e-10,2.87246405844346e-10,2.874187199852047e-10,2.875909878945631e-10,2.877632095851073e-10,2.879353850695048e-10,2.881075143604241e-10,2.8827959747053787e-10,2.884516344125236e-10,2.8862362519906406e-10,2.8879556984284653e-10,2.8896746835656364e-10,2.891393207537734e-10,2.893111270463337e-10,2.894828872469493e-10,2.896546013683298e-10,2.898262694231898e-10,2.8999789142424763e-10,2.9016946738266613e-10,2.903409973127337e-10,2.90512481227182e-10,2.9068391913874633e-10,2.908553110592774e-10,2.910266570024151e-10,2.911979569816369e-10,2.913692110089456e-10,2.915404190970956e-10,2.917115812588449e-10,2.9188269750695447e-10,2.920537678541891e-10,2.922247923133164e-10,2.92395770897083e-10,2.9256670361828677e-10,2.927375904897048e-10,2.92908431524117e-10,2.930792267343057e-10,2.9324997613307923e-10,2.934206797332032e-10,2.9359133754746836e-10,2.9376194958866803e-10,2.939325158695982e-10,2.941030364030569e-10,2.9427351120184486e-10,2.944439402787649e-10,2.946143236466221e-10,2.947846613182237e-10,2.9495495330637897e-10,2.9512519962389924e-10,2.95295400283598e-10,2.954655552864491e-10,2.956356646569901e-10,2.958057284080363e-10,2.959757465524042e-10,2.96145719102915e-10,2.963156460723901e-10,2.9648552747365555e-10,2.966553633195321e-10,2.9682515362284806e-10,2.96994898396427e-10,2.9716459765310084e-10,2.9733425140569875e-10,2.975038596670484e-10,2.976734224499816e-10,2.9784293976733275e-10,2.980124116319357e-10,2.98181838056622e-10,2.983512190542203e-10,2.9852055463757517e-10,2.986898448195163e-10,2.9885908961288523e-10,2.9902828903051634e-10,2.991974430852443e-10,2.9936655178990796e-10,2.995356151573421e-10,2.9970463320038687e-10,2.9987360593188017e-10,3.000425333646613e-10,3.0021141551156363e-10,3.003802523854216e-10,3.0054904399908013e-10,3.007177903653637e-10,3.0088649149711234e-10,3.010551474071599e-10,3.012237581083507e-10,3.013923236134942e-10,3.015608439354379e-10,3.017293190870045e-10,3.0189774908101844e-10,3.0206613393032097e-10,3.022344736477113e-10,3.024027682460257e-10,3.025710177380585e-10,3.0273922213664306e-10,3.029073814545921e-10,3.0307549570466544e-10,3.032435648996724e-10,3.034115890524335e-10,3.0357956817565905e-10,3.0374750229532393e-10,3.0391539141194065e-10,3.040832355383525e-10,3.0425103468740185e-10,3.0441878887193105e-10,3.045864981047816e-10,3.047541623987948e-10,3.0492178171072804e-10,3.0508935619125785e-10,3.0525688579870447e-10,3.0542437024181074e-10,3.055918100598453e-10,3.057592050586203e-10,3.0592655503014024e-10,3.0609386019146874e-10,3.0626112067589193e-10,3.0642833625469596e-10,3.065955069310647e-10,3.06762632995065e-10,3.0692971426651617e-10,3.0709675077879474e-10,3.0726374254164183e-10,3.074306895726231e-10,3.0759759188290075e-10,3.0776444948529664e-10,3.0793126239263085e-10,3.0809803061772257e-10,3.0826475417338954e-10,3.084314330724475e-10,3.0859806732771174e-10,3.087646569519956e-10,3.089312019581113e-10,3.0909770234087573e-10,3.0926415814248404e-10,3.0943056939421096e-10,3.0959693607660523e-10,3.0976325801711367e-10,3.0992953538642216e-10,3.100957683689838e-10,3.102619568986429e-10,3.1042810087629213e-10,3.1059420039308616e-10,3.1076025548498537e-10,3.109262660355051e-10,3.110922321234753e-10,3.112581537996999e-10,3.1142403106719106e-10,3.1158986393067873e-10,3.1175565242974826e-10,3.1192139634645007e-10,3.120870959596943e-10,3.1225275120393355e-10,3.124183620090742e-10,3.125839284047178e-10,3.127494507297301e-10,3.1291492874852593e-10,3.1308036245393775e-10,3.1324575188102e-10,3.1341109694976084e-10,3.1357639782188684e-10,3.1374165444640816e-10,3.1390686684217036e-10,3.140720350319767e-10,3.142371590126123e-10,3.144022387968397e-10,3.1456727439674224e-10,3.1473226582579805e-10,3.1489721309675163e-10,3.1506211622234574e-10,3.152269752153204e-10,3.153917900875545e-10,3.1555656085263045e-10,3.1572128752562804e-10,3.1588597011708035e-10,3.160506086701364e-10,3.162152031741708e-10,3.163797536497165e-10,3.1654426004119e-10,3.167087224141784e-10,3.16873140782909e-10,3.1703751517643956e-10,3.172018455897574e-10,3.173661320062818e-10,3.175303745219138e-10,3.176945730837419e-10,3.1785872768747924e-10,3.180228383748016e-10,3.1818690512009135e-10,3.1835092814718326e-10,3.1851490716317377e-10,3.186788423200846e-10,3.18842733624148e-10,3.190065810784235e-10,3.1917038478883413e-10,3.1933414464656096e-10,3.1949786065581326e-10,3.1966153289547475e-10,3.1982516136010363e-10,3.199887460461961e-10,3.201522869523323e-10,3.2031578414013523e-10,3.2047923757696996e-10,3.2064264731408206e-10,3.208060133569454e-10,3.2096933570934105e-10,3.211326143865511e-10,3.212958494588186e-10,3.2145904069643723e-10,3.216221884283082e-10,3.217852925290528e-10,3.219483530307995e-10,3.221113699427103e-10,3.222743432223781e-10,3.2243727296898626e-10,3.226001591388664e-10,3.2276300175931525e-10,3.229258008356047e-10,3.2308855638874696e-10,3.232512684308537e-10,3.234139369742535e-10,3.2357656203140846e-10,3.2373914362283194e-10,3.239016817440434e-10,3.24064176418022e-10,3.24226627658701e-10,3.2438903549671627e-10,3.245513998851545e-10,3.2471372085846203e-10,3.2487599853943803e-10,3.2503823297731494e-10,3.2520042385744567e-10,3.2536257137024327e-10,3.255246755888755e-10,3.256867365053819e-10,3.258487542572535e-10,3.2601072878129577e-10,3.2617265980203017e-10,3.26334547469602e-10,3.264963918863705e-10,3.266581930809395e-10,3.268199509899257e-10,3.269816656736998e-10,3.2714333720132917e-10,3.2730496545281975e-10,3.2746655054794237e-10,3.2762809248747986e-10,3.2778959127820756e-10,3.279510469294805e-10,3.281124593966937e-10,3.2827382874923043e-10,3.2843515499773325e-10,3.2859643815347613e-10,3.28757678228121e-10,3.289188752335818e-10,3.2908002918189583e-10,3.2924114008522866e-10,3.294022079557973e-10,3.2956323280587854e-10,3.297242146477743e-10,3.298851534938291e-10,3.300460493564024e-10,3.3020690227361007e-10,3.3036771221986196e-10,3.305284792221873e-10,3.306892033173436e-10,3.3084988448985864e-10,3.310105227595659e-10,3.3117111812994216e-10,3.3133167061086945e-10,3.3149218017113705e-10,3.3165264692074904e-10,3.318130708255607e-10,3.319734519041906e-10,3.3213379016036183e-10,3.322940856065118e-10,3.324543382550753e-10,3.326145481184833e-10,3.327747152091637e-10,3.3293483953954103e-10,3.330949211220366e-10,3.3325495996906834e-10,3.334149560930507e-10,3.335749095063955e-10,3.337348202215102e-10,3.338946882507997e-10,3.340545136066652e-10,3.3421429630150483e-10,3.3437403634771337e-10,3.3453373375768186e-10,3.346933885437986e-10,3.3485300071844794e-10,3.3501257029401115e-10,3.351720972828664e-10,3.353315816973881e-10,3.354910235499474e-10,3.35650422852912e-10,3.358097796186465e-10,3.3596909385951204e-10,3.361283655878662e-10,3.3628759481606354e-10,3.364467815564544e-10,3.3660592582138635e-10,3.367650276232045e-10,3.3692408697424883e-10,3.3708310388685676e-10,3.372420783733623e-10,3.374010104460962e-10,3.3755990011737873e-10,3.3771874739954693e-10,3.378775523049143e-10,3.380363148457979e-10,3.381950350345113e-10,3.383537128833645e-10,3.385123484046639e-10,3.3867094161071285e-10,3.3882949251381125e-10,3.389880011262555e-10,3.391464674603382e-10,3.393048915283399e-10,3.394632733425648e-10,3.396216129152864e-10,3.397799102587835e-10,3.399381653853323e-10,3.4009637830720476e-10,3.402545490366697e-10,3.404126775859925e-10,3.405707639674349e-10,3.4072880819324873e-10,3.4088681027570235e-10,3.410447702271515e-10,3.412026880585079e-10,3.4136056378435643e-10,3.4151839741582276e-10,3.416761889651451e-10,3.418339384445397e-10,3.419916458662572e-10,3.42149311242522e-10,3.4230693458982406e-10,3.4246451591195326e-10,3.4262205522510496e-10,3.427795525426839e-10,3.4293700787498823e-10,3.4309442123576275e-10,3.432517926359453e-10,3.434091220838194e-10,3.4356640960083285e-10,3.437236551947125e-10,3.43880858875094e-10,3.4403802065840067e-10,3.441951405548913e-10,3.443522185767442e-10,3.4450925473606825e-10,3.4466624904514696e-10,3.4482320151441063e-10,3.4498011215942577e-10,3.451369809906418e-10,3.4529380802021674e-10,3.4545059326030387e-10,3.4560733672305447e-10,3.457640384205851e-10,3.4592069837322333e-10,3.460773165768231e-10,3.4623389305165437e-10,3.463904278098468e-10,3.465469208635296e-10,3.4670337221798247e-10,3.4685978189902117e-10,3.4701614991191676e-10,3.4717247626878423e-10,3.47328760981735e-10,3.474850040628774e-10,3.476412055243155e-10,3.4779736537815045e-10,3.4795348363647976e-10,3.481095603113974e-10,3.482655954149337e-10,3.4842158895929545e-10,3.4857754095650234e-10,3.487334514190203e-10,3.4888932035309377e-10,3.4904514778124647e-10,3.4920093371059166e-10,3.493566781531586e-10,3.4951238112100413e-10,3.4966804262619334e-10,3.4982366268077083e-10,3.499792412967885e-10,3.5013477848629407e-10,3.502902742613448e-10,3.504457286339557e-10,3.5060114161648113e-10,3.507565132204259e-10,3.509118434580437e-10,3.51067132398229e-10,3.512223799286343e-10,3.513775861482843e-10,3.515327510487789e-10,3.516878747105391e-10,3.518429570077342e-10,3.5199799801663617e-10,3.521529977555861e-10,3.5230795625322587e-10,3.5246287321333095e-10,3.526177490951939e-10,3.5277258386706055e-10,3.52927377480882e-10,3.5308212985170907e-10,3.532368410356813e-10,3.5339151104472504e-10,3.5354613989077747e-10,3.5370072758579824e-10,3.5385527414178864e-10,3.54009779570815e-10,3.5416424388503595e-10,3.543186670967123e-10,3.5447304921819454e-10,3.5462739038658415e-10,3.5478169044084474e-10,3.5493594936127746e-10,3.550901672375098e-10,3.552443440807264e-10,3.5539847992130016e-10,3.555525748082503e-10,3.557066286324897e-10,3.558606414754906e-10,3.560146133458712e-10,3.5616854425721373e-10,3.5632243423614617e-10,3.56476283268489e-10,3.566300913618996e-10,3.56783858549595e-10,3.5693758484685253e-10,3.57091270287542e-10,3.5724491476958013e-10,3.573985184364725e-10,3.575520812487131e-10,3.577056032201769e-10,3.5785908437578976e-10,3.580125247014569e-10,3.5816592424513907e-10,3.5831928301973316e-10,3.5847260097991445e-10,3.5862587815698217e-10,3.5877911457436415e-10,3.5893231024443717e-10,3.590854653486597e-10,3.5923857964950773e-10,3.593916532777955e-10,3.595446863094873e-10,3.5969767829896125e-10,3.598506297859136e-10,3.6000354058199637e-10,3.6015641072135827e-10,3.6030924024664706e-10,3.6046202910251163e-10,3.6061477730625723e-10,3.607674849830947e-10,3.6092015205765187e-10,3.610727785459608e-10,3.612253644669751e-10,3.613779098327582e-10,3.615304146554942e-10,3.61682878892001e-10,3.6183530255514857e-10,3.6198768579036966e-10,3.6214002852681545e-10,3.622923307780273e-10,3.62444592477428e-10,3.6259681381735005e-10,3.627489947045825e-10,3.629011351515941e-10,3.63053235061349e-10,3.632052945417841e-10,3.633573135976892e-10,3.635092922270806e-10,3.6366123040837515e-10,3.6381312820258305e-10,3.639649858281757e-10,3.64116803218767e-10,3.642685802729367e-10,3.6442031726448853e-10,3.645720140032683e-10,3.647236702421151e-10,3.6487528630108523e-10,3.650268619843574e-10,3.6517839756565143e-10,3.653298928152954e-10,3.6548134777894916e-10,3.656327623428527e-10,3.657841366892578e-10,3.6593547082991947e-10,3.660867647765866e-10,3.6623801854099494e-10,3.6638923225853306e-10,3.665404058057503e-10,3.666915394155728e-10,3.668426328539709e-10,3.6699368614213177e-10,3.6714469929784963e-10,3.672956721364807e-10,3.674466048622234e-10,3.6759749751171507e-10,3.6774835009660574e-10,3.678991626422972e-10,3.6804993514803545e-10,3.682006676255657e-10,3.6835136008664255e-10,3.685020125430275e-10,3.686526250064889e-10,3.688031974887882e-10,3.689537300016949e-10,3.691042225569679e-10,3.692546751663632e-10,3.694050878416115e-10,3.6955546059442626e-10,3.6970579343648507e-10,3.698560863794216e-10,3.700063394346757e-10,3.701565525683365e-10,3.703067258358395e-10,3.704568592490622e-10,3.7060695282001436e-10,3.707570065609403e-10,3.709070204845712e-10,3.7105699460471206e-10,3.712069289384605e-10,3.71356823521414e-10,3.715066782537667e-10,3.7165649326850107e-10,3.7180626851618606e-10,3.7195600401643987e-10,3.7210569987232244e-10,3.722553560629883e-10,3.724049723254606e-10,3.725545489642667e-10,3.7270408592255636e-10,3.7285358320969956e-10,3.73003040959666e-10,3.731524590140005e-10,3.7330183740980434e-10,3.734511761472083e-10,3.7360047527884815e-10,3.737497348061134e-10,3.738989547695798e-10,3.740481352203069e-10,3.7419727596980725e-10,3.7434637716323425e-10,3.744954388120643e-10,3.746444609277699e-10,3.7479344357706157e-10,3.7494238676332177e-10,3.750912904540764e-10,3.752401545938828e-10,3.7538897896880893e-10,3.7553776397084225e-10,3.756865096444254e-10,3.758352158732695e-10,3.7598388270709253e-10,3.761325100637745e-10,3.762810980615137e-10,3.764296465710052e-10,3.7657815581211745e-10,3.7672662568339916e-10,3.7687505618041774e-10,3.770234473382447e-10,3.7717179915864343e-10,3.7732011168035023e-10,3.77468384857146e-10,3.7761661872969974e-10,3.7776481330685806e-10,3.7791296860540005e-10,3.7806108463448937e-10,3.782091614013039e-10,3.7835719892480175e-10,3.7850519721207826e-10,3.78653156275013e-10,3.788010761249878e-10,3.7894895677338075e-10,3.790967982315677e-10,3.7924460051156555e-10,3.793923636231886e-10,3.795400875789712e-10,3.796877723900126e-10,3.7983541806561236e-10,3.799830246716524e-10,3.8013059211658996e-10,3.802781205146254e-10,3.8042560977222944e-10,3.8057305995323766e-10,3.807204710688864e-10,3.8086784313089433e-10,3.8101517615002027e-10,3.811624701377956e-10,3.8130972510560616e-10,3.8145694106463833e-10,3.8160411802630974e-10,3.817512560019334e-10,3.8189835500331876e-10,3.8204541505202556e-10,3.821924361368702e-10,3.823394182808754e-10,3.8248636149582e-10,3.8263326579252187e-10,3.827801311819132e-10,3.829269576756045e-10,3.830737452854292e-10,3.8322049406302794e-10,3.833672039030326e-10,3.8351387492721896e-10,3.83660507001927e-10,3.838071003645649e-10,3.8395365490155646e-10,3.841001706331482e-10,3.8424664756486574e-10,3.8439308571287727e-10,3.845394850885697e-10,3.846858457032933e-10,3.8483216768711435e-10,3.849784508919072e-10,3.8512469535965026e-10,3.852709011075855e-10,3.8541706811350385e-10,3.8556319640981006e-10,3.8570928602674975e-10,3.8585533696398853e-10,3.860013492693279e-10,3.861473228927062e-10,3.862932579726138e-10,3.8643915444461214e-10,3.865850123435701e-10,3.8673083163664973e-10,3.8687661241758755e-10,3.8702235454364696e-10,3.8716805812782843e-10,3.8731372327604417e-10,3.874593495730023e-10,3.8760493734330724e-10,3.8775048658844896e-10,3.878959973195779e-10,3.880414695478593e-10,3.881869032844552e-10,3.883322985405241e-10,3.884776553272212e-10,3.886229736556982e-10,3.8876825353710356e-10,3.88913494982582e-10,3.8905869800327523e-10,3.892038626103215e-10,3.893489888148551e-10,3.894940766280078e-10,3.8963912606090705e-10,3.897841371246781e-10,3.8992910983044176e-10,3.900740441893156e-10,3.9021894021241415e-10,3.9036379791084846e-10,3.9050861729572607e-10,3.9065339837815084e-10,3.9079814116922437e-10,3.9094284568004307e-10,3.9108751192170146e-10,3.9123213990529027e-10,3.913767296418965e-10,3.9152128114260425e-10,3.9166579441849393e-10,3.9181026948064253e-10,3.919547063401239e-10,3.9209910500800805e-10,3.9224346549535247e-10,3.9238778781323023e-10,3.925320719727017e-10,3.926763179848235e-10,3.92820525860649e-10,3.9296469561122866e-10,3.931088272476088e-10,3.93252920780833e-10,3.9339697622194106e-10,3.935409935819697e-10,3.936849728719519e-10,3.9382891410291735e-10,3.9397281728589285e-10,3.9411668243190146e-10,3.9426050955196273e-10,3.9440429865709335e-10,3.945480497583058e-10,3.9469176286661033e-10,3.948354379930126e-10,3.94979075148516e-10,3.951226743441198e-10,3.9526623559082037e-10,3.9540975889961037e-10,3.955532442814791e-10,3.9569669174741333e-10,3.958401013083952e-10,3.9598347297540435e-10,3.961268067594166e-10,3.9627010267140476e-10,3.9641336072233816e-10,3.96556580923183e-10,3.9669976328490156e-10,3.9684290781845324e-10,3.969860145347941e-10,3.971290834448764e-10,3.9727211455964955e-10,3.9741510789005917e-10,3.9755806344704815e-10,3.9770098124155525e-10,3.97843861284827e-10,3.979867035874861e-10,3.981295081604612e-10,3.9827227501467776e-10,3.984150041610581e-10,3.9855769561052095e-10,3.987003493733403e-10,3.988429654610669e-10,3.989855438846092e-10,3.991280846548724e-10,3.9927058778245735e-10,3.994130532785656e-10,3.9955548115512106e-10,3.9969787142211977e-10,3.9984022408832615e-10,3.999825391683156e-10,4.001248166713367e-10,4.002670566031132e-10,4.004092589846387e-10,4.005514238222262e-10,4.006935511255918e-10,4.0083564090166424e-10,4.00977693170895e-10,4.0111970793913157e-10,4.0126168521558977e-10,4.0140362501368394e-10,4.0154552734340903e-10,4.0168739221561096e-10,4.018292196414288e-10,4.019710096314063e-10,4.0211276219637857e-10,4.022544773471777e-10,4.0239615509524913e-10,4.025377954507959e-10,4.0267939842464043e-10,4.028209640276017e-10,4.02962492270196e-10,4.0310398316932694e-10,4.0324543672199695e-10,4.0338685295333864e-10,4.035282318728399e-10,4.036695734835035e-10,4.038108778059662e-10,4.03952144849085e-10,4.0409337452415105e-10,4.0423456702530766e-10,4.043757222750477e-10,4.0451684027382196e-10,4.0465792104080374e-10,4.0479896456807573e-10,4.049399709236069e-10,4.050809398799113e-10,4.052218717314738e-10,4.05362766520572e-10,4.0550362414969696e-10,4.0564444463019454e-10,4.057852279734887e-10,4.059259741911447e-10,4.060666832948918e-10,4.0620735529667235e-10,4.063479901228239e-10,4.0648858785291296e-10,4.06629148519519e-10,4.067696721168525e-10,4.069101586556326e-10,4.0705060814658534e-10,4.0719102060042855e-10,4.073313960278768e-10,4.074717344396404e-10,4.0761203584642747e-10,4.0775230025895176e-10,4.078925276880448e-10,4.0803271814411897e-10,4.081728716380167e-10,4.0831298818043255e-10,4.0845306778219663e-10,4.0859311045385356e-10,4.087331162059269e-10,4.088730850492478e-10,4.0901301699455616e-10,4.0915291205231664e-10,4.0929277023332917e-10,4.094325915482641e-10,4.095723760077871e-10,4.097121236227854e-10,4.098518344046446e-10,4.0999150836252857e-10,4.1013114550721194e-10,4.102707458496634e-10,4.10410309400552e-10,4.1054983617057527e-10,4.1068932617036994e-10,4.108287794096143e-10,4.109681958998943e-10,4.111075756518361e-10,4.1124691867606293e-10,4.1138622498319567e-10,4.115254945838504e-10,4.1166472748864097e-10,4.1180392370817754e-10,4.119430832530679e-10,4.120822061339152e-10,4.1222129236236497e-10,4.123603419479618e-10,4.1249935490130013e-10,4.1263833123297075e-10,4.127772709535613e-10,4.1291617407365623e-10,4.130550406038365e-10,4.1319387055468066e-10,4.1333266392582035e-10,4.134714207389136e-10,4.136101410045205e-10,4.137488247332022e-10,4.1388747193551273e-10,4.1402608262200163e-10,4.1416465680321817e-10,4.1430319448970636e-10,4.144416956920068e-10,4.145801604206548e-10,4.1471858868618843e-10,4.148569804991359e-10,4.149953358700249e-10,4.1513365480938066e-10,4.1527193732772325e-10,4.1541018343557167e-10,4.155483931434387e-10,4.156865666149206e-10,4.158247037071761e-10,4.159628044307225e-10,4.161008687960738e-10,4.1623889681373953e-10,4.1637688849422835e-10,4.16514843848043e-10,4.1665276288568424e-10,4.167906456176494e-10,4.16928492054433e-10,4.1706630220652605e-10,4.1720407608441825e-10,4.1734181369859157e-10,4.1747951505952857e-10,4.176171801777069e-10,4.177548090636018e-10,4.178924017276853e-10,4.1802995818042545e-10,4.181674784322887e-10,4.183049624937354e-10,4.184424103752252e-10,4.185798220872147e-10,4.1871719764015526e-10,4.188545370444967e-10,4.189918403106845e-10,4.191291074491626e-10,4.192663384703703e-10,4.194035333847432e-10,4.1954069220271575e-10,4.196778149347174e-10,4.198149015911774e-10,4.199519521825167e-10,4.2008896671915727e-10,4.2022594521151617e-10,4.203628876700079e-10,4.2049979410504415e-10,4.2063666452703104e-10,4.207734989463762e-10,4.209102973734786e-10,4.210470598187394e-10,4.211837862925521e-10,4.213204768053097e-10,4.2145713136740007e-10,4.215937499892106e-10,4.2173033268112384e-10,4.218668794535191e-10,4.220033903167734e-10,4.2213986528126045e-10,4.222763043573493e-10,4.224127075554073e-10,4.225490748858002e-10,4.2268540626146307e-10,4.228217017942322e-10,4.229579614965033e-10,4.2309418538313663e-10,4.2323037347919283e-10,4.2336652591783204e-10,4.235026424042469e-10,4.2363872307806317e-10,4.237747679030918e-10,4.239107769640668e-10,4.240467502713377e-10,4.241826878352547e-10,4.243185896661703e-10,4.2445445577443855e-10,4.2459028617041663e-10,4.247260808644682e-10,4.24861839866962e-10,4.2499756318827603e-10,4.2513325088201386e-10,4.252689029155049e-10,4.254045193113472e-10,4.255401000939962e-10,4.256756453263204e-10,4.258111548111914e-10,4.259466287344533e-10,4.26082067002399e-10,4.2621746969084704e-10,4.263528367180743e-10,4.264881681733825e-10,4.2662346406643615e-10,4.2675872440673504e-10,4.2689394920349743e-10,4.270291384655256e-10,4.271642923707939e-10,4.272994106708468e-10,4.274344934744517e-10,4.2756954079285615e-10,4.277045526825595e-10,4.2783952899921095e-10,4.2797446997160514e-10,4.281093754446361e-10,4.282442454813798e-10,4.28379080130234e-10,4.285138792634938e-10,4.286486430012313e-10,4.2878337135168344e-10,4.2891806432373763e-10,4.2905272192660673e-10,4.2918734416976374e-10,4.293219310628451e-10,4.2945648268604117e-10,4.295909989763864e-10,4.297254799440719e-10,4.298599255992839e-10,4.299943359522009e-10,4.3012871101299364e-10,4.3026305079182413e-10,4.3039735529884437e-10,4.3053162454419537e-10,4.306658585380071e-10,4.3080005733210834e-10,4.3093422089421953e-10,4.3106834923432495e-10,4.312024423623933e-10,4.3133650028838536e-10,4.3147052302225233e-10,4.316045106249027e-10,4.317384629818897e-10,4.318723802894281e-10,4.320062623753745e-10,4.3214010937429033e-10,4.3227392113598036e-10,4.3240769777805773e-10,4.325414394333553e-10,4.3267514592938775e-10,4.3280881735738226e-10,4.3294245364232125e-10,4.330760549801051e-10,4.3320962109582324e-10,4.3334315221574115e-10,4.33476648356056e-10,4.336101094228287e-10,4.3374353522520817e-10,4.3387692616015333e-10,4.340102820640799e-10,4.3414360312715617e-10,4.342768891980166e-10,4.3441014028101926e-10,4.3454335638506977e-10,4.346765375274465e-10,4.3480968373449655e-10,4.3494279473337497e-10,4.350758707629318e-10,4.352089123113842e-10,4.353419188844929e-10,4.354748902580176e-10,4.356078267855841e-10,4.357407287543056e-10,4.3587359567023426e-10,4.3600642791713574e-10,4.361392253799288e-10,4.362719879740983e-10,4.3640471586420917e-10,4.365374088028195e-10,4.366700669435023e-10,4.3680269044661603e-10,4.3693527901096915e-10,4.370678328113041e-10,4.37200351861087e-10,4.373328361641133e-10,4.374652857033642e-10,4.375977005181151e-10,4.3773008063593376e-10,4.3786242604997155e-10,4.379947367622252e-10,4.381270128066817e-10,4.3825925417457206e-10,4.383914608759536e-10,4.385236329209402e-10,4.3865577031972e-10,4.387878730819367e-10,4.389199411976723e-10,4.390519746983104e-10,4.3918397358257805e-10,4.3931593796961524e-10,4.394478676040008e-10,4.3957976276170834e-10,4.397116233319919e-10,4.3984344936753147e-10,4.399752406159558e-10,4.401069975589152e-10,4.402387199422533e-10,4.4037040781272804e-10,4.4050206118152137e-10,4.406336801018724e-10,4.407652644831588e-10,4.4089681439130826e-10,4.410283298233068e-10,4.411598107921985e-10,4.4129125736056806e-10,4.414226694594423e-10,4.415540471321726e-10,4.416853903767444e-10,4.4181669929805713e-10,4.4194797374006505e-10,4.420792137939265e-10,4.422104194470928e-10,4.4234159076245243e-10,4.4247272769625855e-10,4.4260383028553205e-10,4.427348985784484e-10,4.428659325091415e-10,4.42996932147537e-10,4.4312789745348856e-10,4.43258828460319e-10,4.4338972517592014e-10,4.435205876294221e-10,4.436514158149997e-10,4.4378220973301134e-10,4.439129694095973e-10,4.4404369481862413e-10,4.441743860030565e-10,4.443050429825022e-10,4.444356657422587e-10,4.445662544092383e-10,4.446968088037214e-10,4.448273290790444e-10,4.449578150213276e-10,4.450882668612412e-10,4.452186844980289e-10,4.4534906807372405e-10,4.4547941753372135e-10,4.456097329272455e-10,4.4574001419510603e-10,4.4587026130467305e-10,4.460004743215879e-10,4.4613065324952846e-10,4.4626079810481467e-10,4.4639090889713313e-10,4.4652098551966683e-10,4.4665102816313455e-10,4.467810367384019e-10,4.469110113570786e-10,4.470409519614356e-10,4.4717085856100075e-10,4.4730073116214145e-10,4.4743056977987693e-10,4.475603744218419e-10,4.4769014509754326e-10,4.4781988179483225e-10,4.4794958457796883e-10,4.48079253408208e-10,4.482088883027623e-10,4.483384891528116e-10,4.484680562618177e-10,4.4859758925647087e-10,4.4872708854502955e-10,4.488565539786666e-10,4.489859855490439e-10,4.491153832864674e-10,4.492447470304173e-10,4.4937407705472406e-10,4.495033735933103e-10,4.4963263592524306e-10,4.4976186451884356e-10,4.4989105930015986e-10,4.5002022028433027e-10,4.5014934748387037e-10,4.50278440751912e-10,4.5040750010456403e-10,4.505365260159993e-10,4.5066551819388976e-10,4.50794476543567e-10,4.50923401325759e-10,4.5105229236030764e-10,4.5118114962596753e-10,4.513099732489959e-10,4.5143876318474343e-10,4.515675193278583e-10,4.516962419292781e-10,4.5182493088060923e-10,4.5195358619375704e-10,4.5208220788133503e-10,4.522107959312506e-10,4.523393503642167e-10,4.524678712006665e-10,4.525963585011959e-10,4.527248121494529e-10,4.52853232234949e-10,4.5298161847773776e-10,4.5310997142837597e-10,4.532382908068601e-10,4.5336657665586576e-10,4.5349482897792846e-10,4.5362304777909887e-10,4.537512332523825e-10,4.5387938503688526e-10,4.540075033501673e-10,4.541355881835905e-10,4.5426363954670557e-10,4.5439165745828193e-10,4.545196419151116e-10,4.5464759292518697e-10,4.547755105353052e-10,4.549033947004146e-10,4.5503124545756627e-10,4.5515906281086623e-10,4.552868469058724e-10,4.5541459722153646e-10,4.5554231441207986e-10,4.556699983109147e-10,4.5579764882703503e-10,4.559252659786111e-10,4.5605284974481485e-10,4.561803998990492e-10,4.563079168257778e-10,4.5643540040242395e-10,4.5656285067541096e-10,4.5669026795267863e-10,4.568176519512617e-10,4.5694500268192863e-10,4.570723201340779e-10,4.571996042919874e-10,4.573268551258844e-10,4.574540728217188e-10,4.5758125729511755e-10,4.57708408555357e-10,4.5783552663560073e-10,4.579626115071664e-10,4.5808966306340074e-10,4.5821668153039455e-10,4.583436668798654e-10,4.5847061892197763e-10,4.5859753797344053e-10,4.587244239118067e-10,4.5885127670015934e-10,4.589780963755443e-10,4.5910488294714766e-10,4.592316364242286e-10,4.5935835674071595e-10,4.5948504410014235e-10,4.5961169839121374e-10,4.597383196234398e-10,4.5986490780632023e-10,4.599914629493421e-10,4.6011798506198114e-10,4.6024447415370845e-10,4.6037093023400416e-10,4.6049735331237786e-10,4.6062374339739634e-10,4.607501005114825e-10,4.608764246478777e-10,4.610027158153713e-10,4.6112897410029123e-10,4.612551994095308e-10,4.613813917662799e-10,4.6150755118636093e-10,4.6163367766884036e-10,4.6175977127233316e-10,4.6188583196404563e-10,4.620118595755641e-10,4.621378544481927e-10,4.622638162628183e-10,4.6238974544483607e-10,4.6251564182378646e-10,4.6264150540865504e-10,4.62767336035498e-10,4.62893133864825e-10,4.6301889888052233e-10,4.6314463107149483e-10,4.632703304924313e-10,4.6339599713258005e-10,4.63521630980936e-10,4.636472321493347e-10,4.637728004837472e-10,4.6389833601700134e-10,4.640238388106903e-10,4.641493089623087e-10,4.642747465523867e-10,4.644001512739959e-10,4.645255232967722e-10,4.646508625966812e-10,4.64776169220092e-10,4.649014431851528e-10,4.650266844768441e-10,4.651518931652481e-10,4.6527706900368297e-10,4.6540221236715055e-10,4.655273231066729e-10,4.6565240118203875e-10,4.657774466887722e-10,4.659024595952164e-10,4.660274399206753e-10,4.661523876712044e-10,4.66277302718448e-10,4.664021853414559e-10,4.665270354139824e-10,4.666518529542399e-10,4.667766379236344e-10,4.669013903953359e-10,4.670261104542e-10,4.67150797856485e-10,4.67275452837695e-10,4.674000752868297e-10,4.675246649690521e-10,4.676492225238763e-10,4.677737474101657e-10,4.678982400651326e-10,4.680227002784446e-10,4.681471277761502e-10,4.682715230965547e-10,4.683958859994536e-10,4.68520216305121e-10,4.686445143010042e-10,4.687687799511121e-10,4.688930134034499e-10,4.690172144592188e-10,4.691413831376184e-10,4.692655194642578e-10,4.69389623430098e-10,4.695136951177257e-10,4.696377344729386e-10,4.69761741497043e-10,4.698857160685517e-10,4.70009658391013e-10,4.701335685929162e-10,4.702574465243222e-10,4.703812921944857e-10,4.705051056037706e-10,4.70628886772026e-10,4.707526357084291e-10,4.708763524221503e-10,4.710000369223622e-10,4.711236892182251e-10,4.712473093189055e-10,4.713708972335581e-10,4.714944529713393e-10,4.716179765414038e-10,4.71741467943672e-10,4.718649271895114e-10,4.719883542951628e-10,4.721117492687161e-10,4.722351121039159e-10,4.723584428256213e-10,4.724817414818062e-10,4.726050080194936e-10,4.727282424881465e-10,4.728514449320647e-10,4.729746152116225e-10,4.730977534400375e-10,4.73220859560807e-10,4.733439336853169e-10,4.734669757761652e-10,4.735899858986075e-10,4.737129639768602e-10,4.738359100429124e-10,4.739588241029983e-10,4.740817061978288e-10,4.742045563223437e-10,4.743273744915553e-10,4.744501606819296e-10,4.745729149389598e-10,4.746956372356216e-10,4.748183276165011e-10,4.749409860765726e-10,4.750636126192384e-10,4.751862072603988e-10,4.753087700262934e-10,4.754313009366405e-10,4.755537999176088e-10,4.756762670321968e-10,4.757987021711103e-10,4.759211056086394e-10,4.760434772056827e-10,4.761658170012014e-10,4.762881249561454e-10,4.764104010909157e-10,4.765326454257789e-10,4.766548579644845e-10,4.767770387196568e-10,4.768991873672304e-10,4.770213046115109e-10,4.771433901473513e-10,4.772654438751436e-10,4.773874658303891e-10,4.775094560478683e-10,4.776314145673973e-10,4.777533413722471e-10,4.778752364674598e-10,4.779970998811924e-10,4.781189316106743e-10,4.782407316921981e-10,4.783624999243873e-10,4.784842366932307e-10,4.786059417786829e-10,4.787276152281469e-10,4.78849257066894e-10,4.789708672740757e-10,4.79092445871106e-10,4.792139928965775e-10,4.793355083124595e-10,4.794569921214675e-10,4.795784443884841e-10,4.796998651067715e-10,4.798212542899489e-10,4.799426118484087e-10,4.800639378676116e-10,4.801852323524186e-10,4.80306495323942e-10,4.804277267846442e-10,4.805489267182679e-10,4.806700952394296e-10,4.807912322851441e-10,4.809123378708853e-10,4.810334120218852e-10,4.811544546336608e-10,4.81275465877971e-10,4.813964456826866e-10,4.815173939073337e-10,4.816383107596249e-10,4.81759196165248e-10,4.818800503721545e-10,4.820008730658914e-10,4.821216643328603e-10,4.8224242416441e-10,4.823631527331467e-10,4.824838499040194e-10,4.826045157458067e-10,4.827251503510091e-10,4.828457535734282e-10,4.829663254513482e-10,4.830868660037679e-10,4.832073752442494e-10,4.833278531842175e-10,4.834482997854554e-10,4.835687151290934e-10,4.836890991916657e-10,4.838094519996613e-10,4.839297735646729e-10,4.840500638775589e-10,4.841703229860611e-10,4.842905508219012e-10,4.844107474454366e-10,4.845309128639423e-10,4.846510470859787e-10,4.84771150131429e-10,4.848912219914706e-10,4.850112626582943e-10,4.851312721632993e-10,4.852512505154924e-10,4.853711977238675e-10,4.854911137974158e-10,4.856109987451266e-10,4.857308525759858e-10,4.858506752989676e-10,4.859704669230447e-10,4.860902274571815e-10,4.862099569103351e-10,4.863296552914574e-10,4.864493226094949e-10,4.865689588733844e-10,4.866885640920612e-10,4.868081382744492e-10,4.86927681555629e-10,4.870471938315169e-10,4.871666751291853e-10,4.872861255954829e-10,4.874055448464581e-10,4.875249332016622e-10,4.876442906112534e-10,4.877636169631933e-10,4.878829123348683e-10,4.880021765903022e-10,4.88121409989173e-10,4.88240612602104e-10,4.883597841231263e-10,4.884789247359432e-10,4.885980344492406e-10,4.887171132716952e-10,4.88836161211981e-10,4.889551782825232e-10,4.890741644847199e-10,4.891931197958721e-10,4.893120442928549e-10,4.89430937901066e-10,4.895498007193332e-10,4.896686327136986e-10,4.897874339183186e-10,4.899062042911344e-10,4.90024943923917e-10,4.901436526970169e-10,4.902623307014377e-10,4.903809779390068e-10,4.904995943924748e-10,4.906181802357862e-10,4.907367352111355e-10,4.908552594500556e-10,4.909737529615141e-10,4.910922157890862e-10,4.912106478853354e-10,4.913290492735365e-10,4.914474199731564e-10,4.915657599887431e-10,4.916840693617471e-10,4.91802348035337e-10,4.919205960464095e-10,4.920388134095363e-10,4.921570001337627e-10,4.922751562286642e-10,4.923932817015262e-10,4.925113765996924e-10,4.926294408988621e-10,4.927474745606925e-10,4.928654776330605e-10,4.929834501352253e-10,4.931013921281859e-10,4.932193034937943e-10,4.933371843112214e-10,4.934550346027123e-10,4.935728543477883e-10,4.936906435960922e-10,4.93808402328668e-10,4.939261308238873e-10,4.940438285128813e-10,4.941614957258466e-10,4.942791324682022e-10,4.943967387842574e-10,4.945143145789107e-10,4.946318599131729e-10,4.947493747663636e-10,4.948668595427956e-10,4.949843135417594e-10,4.951017371238023e-10,4.952191302868351e-10,4.95336493016377e-10,4.954538253936422e-10,4.955711274125105e-10,4.956883990241888e-10,4.958056402762478e-10,4.959228511534358e-10,4.960400316888921e-10,4.961571818855324e-10,4.962743017020256e-10,4.963913912308636e-10,4.965084506619537e-10,4.966254795584479e-10,4.96742478119519e-10,4.968594464260933e-10,4.969763848837351e-10,4.970932926841659e-10,4.972101702175669e-10,4.973270176140259e-10,4.974438346517352e-10,4.975606214031834e-10,4.976773780424228e-10,4.977941043360375e-10,4.979108004630225e-10,4.980274665989777e-10,4.981441022903967e-10,4.98260707777755e-10,4.98377283091147e-10,4.984938282448944e-10,4.986103432376777e-10,4.9872682807813e-10,4.98843282775694e-10,4.989597073373968e-10,4.990761017726715e-10,4.991924663155008e-10,4.993088006179803e-10,4.994251049296699e-10,4.995413786300895e-10,4.996576226953844e-10,4.997738366381724e-10,4.998900205123923e-10,5.000061736598952e-10,5.00122297346916e-10,5.002383910414614e-10,5.003544546405701e-10,5.004704881851646e-10,5.005864917766373e-10,5.007024653473657e-10,5.008184089370145e-10,5.00934322656452e-10,5.010502062575926e-10,5.011660596044567e-10,5.012818832742481e-10,5.013976769840595e-10,5.015134407490953e-10,5.016291745764195e-10,5.017448786494598e-10,5.018605527747602e-10,5.019761968267504e-10,5.020918109698389e-10,5.022073952372196e-10,5.023229496176005e-10,5.024384741089636e-10,5.025539687291948e-10,5.026694335182119e-10,5.027848684196732e-10,5.02900273763714e-10,5.030156489775189e-10,5.031309943910543e-10,5.032463099683999e-10,5.033615957801613e-10,5.034768517666496e-10,5.03592078172145e-10,5.037072745953402e-10,5.038224412276193e-10,5.039375781060881e-10,5.040526852009929e-10,5.04167762566053e-10,5.042828101922973e-10,5.043978280845634e-10,5.045128162515731e-10,5.046277747019759e-10,5.047427034443733e-10,5.048576024873365e-10,5.04972471839414e-10,5.050873115091386e-10,5.052021215402483e-10,5.053169018656198e-10,5.05431652515412e-10,5.055463735649561e-10,5.05661064943966e-10,5.057757266987273e-10,5.058903588260465e-10,5.060049613396203e-10,5.061195342373821e-10,5.062340775457589e-10,5.063485912665355e-10,5.064630754059478e-10,5.065775299620805e-10,5.06691954987238e-10,5.068063504276935e-10,5.06920716251155e-10,5.070350526161859e-10,5.071493594549729e-10,5.072636367670408e-10,5.073778845633183e-10,5.074921028593341e-10,5.076062916566382e-10,5.077204509675869e-10,5.078345807990202e-10,5.079486811585076e-10,5.080627519966312e-10,5.081767934395176e-10,5.082908054169406e-10,5.0840478796842e-10,5.08518741095665e-10,5.086326648065259e-10,5.087465591045717e-10,5.088604240910111e-10,5.089742596073209e-10,5.090880657195135e-10,5.092018424166442e-10,5.093155898899465e-10,5.094293078776212e-10,5.095429965228112e-10,5.096566558261827e-10,5.097702862235602e-10,5.098838868630421e-10,5.099974581781079e-10,5.101110001848411e-10,5.102245128746208e-10,5.10337996283429e-10,5.104514503942908e-10,5.105648751298647e-10,5.106782707045997e-10,5.107916370193621e-10,5.109049741389213e-10,5.110182821125628e-10,5.111315607077996e-10,5.11244810060885e-10,5.113580302039243e-10,5.114712211238826e-10,5.115843828476528e-10,5.116975153745151e-10,5.118106187104892e-10,5.119236928663983e-10,5.12036737852236e-10,5.121497536761637e-10,5.122627403767757e-10,5.123756978740007e-10,5.124886264029539e-10,5.126015254288228e-10,5.127143956617292e-10,5.128272367000028e-10,5.129400486694719e-10,5.130528315233805e-10,5.131655852721975e-10,5.132783099427949e-10,5.133910055427851e-10,5.135036720657329e-10,5.136163095561219e-10,5.137289179810918e-10,5.138414973794027e-10,5.139540477646427e-10,5.140665691174202e-10,5.141790614623466e-10,5.142915247298849e-10,5.144039590735391e-10,5.145163644213784e-10,5.146287407973378e-10,5.147410882047708e-10,5.148534066493496e-10,5.149656961398125e-10,5.150779566923923e-10,5.151901882670536e-10,5.153023911153333e-10,5.154145652357939e-10,5.15526710124163e-10,5.156388260655852e-10,5.157509129808762e-10,5.158629711375188e-10,5.159750004494088e-10,5.160870008561926e-10,5.161989723983767e-10,5.16310915085323e-10,5.164228289252822e-10,5.165347139273114e-10,5.166465700947554e-10,5.167583974423469e-10,5.168701959736236e-10,5.169819656994549e-10,5.170937066263628e-10,5.172054187637096e-10,5.173171021174622e-10,5.174287566837195e-10,5.175403824848096e-10,5.176519795289084e-10,5.17763547824195e-10,5.178750873788372e-10,5.179865982010004e-10,5.180980802988422e-10,5.182095336805159e-10,5.183209583541659e-10,5.184323543279265e-10,5.185437216099317e-10,5.18655060208289e-10,5.187663701311029e-10,5.188776513864588e-10,5.189889039824205e-10,5.191001279270344e-10,5.192113232282992e-10,5.193224898941792e-10,5.194336279325576e-10,5.195447373512442e-10,5.196558181578858e-10,5.197668703598685e-10,5.198778939641371e-10,5.199888889766008e-10,5.200998554004962e-10,5.202107932270527e-10,5.203217023858692e-10,5.204325831139326e-10,5.205434353177186e-10,5.206542589950088e-10,5.207650541502589e-10,5.208758207898194e-10,5.209865589207683e-10,5.21097268550552e-10,5.212079496868415e-10,5.213186023374151e-10,5.214292265101361e-10,5.215398222129247e-10,5.216503894537492e-10,5.217609282405898e-10,5.218714385814489e-10,5.219819204843388e-10,5.220923739572889e-10,5.222027990083414e-10,5.223131956455361e-10,5.22423563876921e-10,5.225339037105464e-10,5.226442151544659e-10,5.227544982167337e-10,5.228647529054046e-10,5.229749792285346e-10,5.230851771941809e-10,5.23195346810398e-10,5.233054880852412e-10,5.234156010267637e-10,5.235256856430201e-10,5.236357419420638e-10,5.237457699480314e-10,5.238557696526834e-10,5.239657410640793e-10,5.24075684190276e-10,5.241855990393275e-10,5.242954856192857e-10,5.244053439381995e-10,5.245151740041169e-10,5.24624975825082e-10,5.247347494091366e-10,5.24844494762239e-10,5.249542118944787e-10,5.250639008318876e-10,5.251735615464409e-10,5.252831940459517e-10,5.253927983768345e-10,5.2550237452854e-10,5.256119225089183e-10,5.257214423198442e-10,5.258309339741076e-10,5.25940397479646e-10,5.260498328446185e-10,5.261592400765466e-10,5.262686191842979e-10,5.263779701754435e-10,5.264872930579687e-10,5.265965878397928e-10,5.267058545291367e-10,5.268150931313015e-10,5.269243036657556e-10,5.27033486132893e-10,5.271426405168527e-10,5.272517668443821e-10,5.273608651225361e-10,5.274699352241838e-10,5.275789774420336e-10,5.276879916728598e-10,5.277969778592507e-10,5.279059360573051e-10,5.280148662895391e-10,5.281237685048122e-10,5.28232642749412e-10,5.28341489008088e-10,5.284503073072775e-10,5.285590976581715e-10,5.286678600449133e-10,5.287765945233699e-10,5.288853008731815e-10,5.289939794479044e-10,5.291026300403577e-10,5.29211252730481e-10,5.293198475252721e-10,5.294284144911081e-10,5.295369535728554e-10,5.296454647940261e-10,5.297539481400036e-10,5.298624036706841e-10,5.299708313235017e-10,5.300792310243279e-10,5.301876029730558e-10,5.302959470870446e-10,5.304042633740494e-10,5.305125518260131e-10,5.306208125680254e-10,5.307290454315043e-10,5.308372505069476e-10,5.309454277511394e-10,5.310535772762886e-10,5.3116169903478e-10,5.312697930345462e-10,5.313778592795838e-10,5.314858977805038e-10,5.31593908544967e-10,5.317018915753447e-10,5.318098468852074e-10,5.319177744937468e-10,5.320256743679181e-10,5.321335465661919e-10,5.322413910780697e-10,5.323492079186249e-10,5.324569970865607e-10,5.32564758594158e-10,5.326724924450529e-10,5.327801986417444e-10,5.328878771976462e-10,5.329955281218952e-10,5.331031514212845e-10,5.332107470894074e-10,5.333183151493666e-10,5.334258556089227e-10,5.335333684758475e-10,5.336408537579185e-10,5.33748311462919e-10,5.338557415986384e-10,5.339631441728679e-10,5.340705191934021e-10,5.341778666359139e-10,5.342851865464209e-10,5.343924789398936e-10,5.344997439380864e-10,5.346069815394795e-10,5.347141914278322e-10,5.348213736957201e-10,5.349285285625143e-10,5.350356559452429e-10,5.351427558517e-10,5.352498282896753e-10,5.353568732669548e-10,5.354638907913183e-10,5.35570880870541e-10,5.356778435123923e-10,5.357847787246341e-10,5.358916865150222e-10,5.359985668913034e-10,5.361054198612155e-10,5.362122454324854e-10,5.363190436101655e-10,5.364258144214816e-10,5.365325578581653e-10,5.366392739276578e-10,5.367459626380398e-10,5.368526239961273e-10,5.369592580116966e-10,5.370658646915104e-10,5.371724440433203e-10,5.372789960749778e-10,5.373855207941329e-10,5.374920182085472e-10,5.37598488325977e-10,5.377049310401187e-10,5.378113465868424e-10,5.379177348598927e-10,5.380240958691284e-10,5.38130429618592e-10,5.382367361115033e-10,5.383430154412358e-10,5.384492674614847e-10,5.385554922298108e-10,5.386616898219701e-10,5.387678602912552e-10,5.388740035175736e-10,5.389801194327092e-10,5.390862082598463e-10,5.391922698520451e-10,5.392983042710923e-10,5.394043115247079e-10,5.395102916206086e-10,5.396162445664811e-10,5.397221703667548e-10,5.398280690286238e-10,5.399339405626509e-10,5.400397849807616e-10,5.401456022728748e-10,5.402513924405223e-10,5.403571555511789e-10,5.404628915745607e-10,5.40568600519301e-10,5.406742824302849e-10,5.407799372296282e-10,5.408855649758286e-10,5.409911656281662e-10,5.410967392828591e-10,5.412022859105454e-10,5.413078055038022e-10,5.414132980847569e-10,5.41518763640005e-10,5.416242022029269e-10,5.417296137689199e-10,5.418349983429415e-10,5.419403559532448e-10,5.420456866163488e-10,5.421509902767563e-10,5.422562669790492e-10,5.423615167309087e-10,5.42466739557492e-10,5.42571935445854e-10,5.426771044477981e-10,5.427822464773692e-10,5.428873615830928e-10,5.429924498739324e-10,5.430975111859079e-10,5.432025455536235e-10,5.433075531057382e-10,5.434125337526611e-10,5.435174876868875e-10,5.436224139410509e-10,5.437273138311988e-10,5.438321870794148e-10,5.439370334769835e-10,5.440418530554296e-10,5.44146645790662e-10,5.44251411738372e-10,5.443561508810108e-10,5.44460863413479e-10,5.44565548926895e-10,5.446702076329705e-10,5.447748396301124e-10,5.448794448600576e-10,5.449840233304032e-10,5.450885750487439e-10,5.45193100022672e-10,5.45297598259778e-10,5.454020697676495e-10,5.455065145573717e-10,5.456109326335118e-10,5.457153240040739e-10,5.458196886778168e-10,5.459240266449098e-10,5.460283379416134e-10,5.461326225510473e-10,5.462368804869567e-10,5.463411117739476e-10,5.464453164065292e-10,5.46549494393204e-10,5.466536457415341e-10,5.467577704590777e-10,5.468618685533911e-10,5.469659400320295e-10,5.470699849025443e-10,5.471740031724861e-10,5.472779948494023e-10,5.473819599408391e-10,5.474858984606555e-10,5.475898104105747e-10,5.47693695798221e-10,5.477975546471178e-10,5.479013869321094e-10,5.480051926730858e-10,5.481089718954767e-10,5.482127245820667e-10,5.483164507664558e-10,5.484201504200092e-10,5.485238235729767e-10,5.486274702020138e-10,5.487310903472097e-10,5.488346840153936e-10,5.489382512135851e-10,5.490417919621834e-10,5.491453062531226e-10,5.492487940940591e-10,5.493522554822705e-10,5.49455690476036e-10,5.495590990591345e-10,5.496624810497847e-10,5.497658369164483e-10,5.498691662143236e-10,5.499724691145817e-10,5.500757456247012e-10,5.501789957521808e-10,5.502822195054544e-10,5.503854169839518e-10,5.504885875284334e-10,5.505917319029755e-10,5.506948498230005e-10,5.507979419318857e-10,5.509010076076534e-10,5.510040469838336e-10,5.511070598980573e-10,5.512100465710045e-10,5.513130070003568e-10,5.514159411171872e-10,5.515188489586499e-10,5.516217305138604e-10,5.517245857984088e-10,5.518274148197609e-10,5.519302175853197e-10,5.520329941049003e-10,5.521357443857294e-10,5.522384683186679e-10,5.523411661357435e-10,5.524438374901162e-10,5.525464828773922e-10,5.526491020916256e-10,5.527516950416212e-10,5.528542618416563e-10,5.529568026589493e-10,5.530593165828018e-10,5.531618048636072e-10,5.532642669767628e-10,5.533667029707777e-10,5.534691127963719e-10,5.535714964498936e-10,5.536738540148548e-10,5.537761853675316e-10,5.538784905100494e-10,5.539807697429261e-10,5.540830228535418e-10,5.541852498664496e-10,5.542874508009832e-10,5.543896254523204e-10,5.544917742227706e-10,5.5459389676785e-10,5.546959930820684e-10,5.547980636929193e-10,5.54900108251808e-10,5.550021267672418e-10,5.551041192559705e-10,5.552060857254129e-10,5.55308026183039e-10,5.554099406363163e-10,5.555118290926993e-10,5.556136915596226e-10,5.557155280889093e-10,5.55817338523615e-10,5.559191230593501e-10,5.560208816749485e-10,5.561226143545506e-10,5.562243210730669e-10,5.563260018384217e-10,5.564276566736811e-10,5.565292855861867e-10,5.566308885832774e-10,5.567324656722917e-10,5.568340168605637e-10,5.569355421554269e-10,5.57037041564213e-10,5.5713851509425e-10,5.572399627528649e-10,5.573413845473822e-10,5.57442780485124e-10,5.575441505734106e-10,5.576454948195596e-10,5.577468132308879e-10,5.578481058147082e-10,5.579493725916056e-10,5.580506135701772e-10,5.581518287411468e-10,5.582530181109797e-10,5.583541818836613e-10,5.584553196797163e-10,5.58556431700794e-10,5.586575179387109e-10,5.58758578392654e-10,5.58859613122618e-10,5.589606221056595e-10,5.590616053474109e-10,5.591625628402995e-10,5.592634946368496e-10,5.593644005633145e-10,5.594652809327459e-10,5.595661355386829e-10,5.596669644443751e-10,5.597677676594522e-10,5.598685451118938e-10,5.599692969016563e-10,5.600700230330832e-10,5.601707235115147e-10,5.602713984276011e-10,5.603720475975287e-10,5.604726712904798e-10,5.605732692972187e-10,5.606738417739234e-10,5.607743886316701e-10,5.608749097805687e-10,5.609754053281727e-10,5.610758752816463e-10,5.611763196481689e-10,5.612767384349301e-10,5.613771316491275e-10,5.614774992979641e-10,5.615778413222446e-10,5.616781574532994e-10,5.617784483632937e-10,5.618787138402561e-10,5.619789538051827e-10,5.620791682141903e-10,5.621793571688002e-10,5.622795205184352e-10,5.623796584243685e-10,5.624797709257576e-10,5.625798578305816e-10,5.626799193102986e-10,5.627799553707954e-10,5.628799658613019e-10,5.629799508834997e-10,5.630799104662761e-10,5.631798442778903e-10,5.632797530353456e-10,5.633796363379209e-10,5.634794942393224e-10,5.635793266855258e-10,5.636791337446177e-10,5.637789154149745e-10,5.638786716046006e-10,5.639784024856477e-10,5.640781079787415e-10,5.641777881075125e-10,5.642774428514334e-10,5.643770722276565e-10,5.644766762620067e-10,5.645762548562916e-10,5.64675808017445e-10,5.647753360430016e-10,5.648748387423489e-10,5.649743161481444e-10,5.650737682382632e-10,5.651731950948334e-10,5.652725965590335e-10,5.653719728090197e-10,5.65471323784127e-10,5.655706494863951e-10,5.656699498823014e-10,5.657692251731654e-10,5.658684750613768e-10,5.659676997962048e-10,5.660668989745277e-10,5.66166073157209e-10,5.662652221091078e-10,5.663643458356287e-10,5.66463444554586e-10,5.665625178984852e-10,5.666615660485612e-10,5.667605890113391e-10,5.668595867948129e-10,5.669585591981592e-10,5.670575066524748e-10,5.671564288897775e-10,5.672553262123443e-10,5.673541984543829e-10,5.674530455834891e-10,5.675518675009121e-10,5.676506641175537e-10,5.677494356340578e-10,5.678481820294784e-10,5.679469033247946e-10,5.680455995273998e-10,5.681442706424606e-10,5.682429166820586e-10,5.683415376483668e-10,5.684401335503397e-10,5.685387043289391e-10,5.686372501127506e-10,5.687357708273049e-10,5.68834266732554e-10,5.689327375005338e-10,5.690311831635448e-10,5.691296038117234e-10,5.692279994603341e-10,5.693263700942846e-10,5.694247157495033e-10,5.695230364071077e-10,5.696213320830898e-10,5.697196027924169e-10,5.698178485279876e-10,5.699160693242205e-10,5.700142650883487e-10,5.701124359763658e-10,5.702105819268668e-10,5.703087029479061e-10,5.704067990449596e-10,5.705048702198067e-10,5.70602916485594e-10,5.707009378493291e-10,5.707989343180184e-10,5.708969058986648e-10,5.709948524411378e-10,5.710927742568932e-10,5.711906711403073e-10,5.712885433125615e-10,5.713863905733348e-10,5.714842129778879e-10,5.715820104775842e-10,5.716797831502598e-10,5.717775310611227e-10,5.718752541431368e-10,5.719729522312106e-10,5.720706256761199e-10,5.721682743496384e-10,5.722658982414081e-10,5.723634973504324e-10,5.724610716837123e-10,5.725586212482462e-10,5.726561460510303e-10,5.727536460990593e-10,5.728511213993258e-10,5.729485719588194e-10,5.730459977845283e-10,5.731433988834385e-10,5.732407752625338e-10,5.733381269287959e-10,5.734354538892054e-10,5.735327561507389e-10,5.736300337203722e-10,5.737272866050788e-10,5.738245148118304e-10,5.739217183475956e-10,5.740188972193416e-10,5.741160514340338e-10,5.742131809986352e-10,5.743102859201063e-10,5.744073662054061e-10,5.745044218614916e-10,5.746014528953168e-10,5.746984593138343e-10,5.74795441123995e-10,5.748923983327469e-10,5.749893309470366e-10,5.750862389738082e-10,5.751831224200038e-10,5.752799812925631e-10,5.753768155984241e-10,5.754736253445233e-10,5.755704105377937e-10,5.756671711851676e-10,5.757639072935744e-10,5.758606188699413e-10,5.759573059211944e-10,5.760539684542568e-10,5.761506064760495e-10,5.762472199934926e-10,5.763438090128243e-10,5.764403735416396e-10,5.765369135868508e-10,5.766334291553694e-10,5.76729920254104e-10,5.768263868899614e-10,5.769228290698466e-10,5.770192468006614e-10,5.771156400893073e-10,5.772120089426825e-10,5.773083533676836e-10,5.77404673371205e-10,5.775009689601389e-10,5.775972401413755e-10,5.776934869218032e-10,5.777897093083078e-10,5.778859073077739e-10,5.77982080927083e-10,5.780782301731148e-10,5.781743550527477e-10,5.782704555728578e-10,5.783665317403178e-10,5.784625835620001e-10,5.785586110447744e-10,5.786546141955081e-10,5.787505930210665e-10,5.788465475283133e-10,5.789424777241098e-10,5.790383836153152e-10,5.791342652087869e-10,5.792301225113806e-10,5.79325955529949e-10,5.794217642713429e-10,5.795175487424117e-10,5.796133089500027e-10,5.797090449009602e-10,5.798047566021278e-10,5.799004440603456e-10,5.799961072824534e-10,5.80091746275287e-10,5.801873610456817e-10,5.802829516004696e-10,5.803785179464821e-10,5.804740600905468e-10,5.80569578039491e-10,5.806650718001391e-10,5.807605413793131e-10,5.808559867838337e-10,5.809514080205188e-10,5.810468050961855e-10,5.811421780176471e-10,5.812375267917166e-10,5.813328514252038e-10,5.81428151924917e-10,5.815234282976618e-10,5.816186805502429e-10,5.817139086894621e-10,5.818091127229175e-10,5.819042926569838e-10,5.819994484978505e-10,5.82094580252541e-10,5.821896879278472e-10,5.822847715305588e-10,5.823798310674635e-10,5.82474866545347e-10,5.825698779709929e-10,5.826648653703426e-10,5.82759828711852e-10,5.828547679964258e-10,5.829496833256744e-10,5.830445745770879e-10,5.831394418316462e-10,5.832342850813961e-10,5.833291044065796e-10,5.834238996633356e-10,5.835186709390984e-10,5.836134182868439e-10,5.837081416085661e-10,5.838028409588589e-10,5.838975163531087e-10,5.839921677947572e-10,5.840867952904309e-10,5.841813988466841e-10,5.842759784699747e-10,5.843705341665853e-10,5.844650659689214e-10,5.845595738474069e-10,5.846540578359879e-10,5.847485179277961e-10,5.848429541296305e-10,5.849373664480914e-10,5.850317548912206e-10,5.851261194727338e-10,5.852204601816617e-10,5.853147770341971e-10,5.854090700137493e-10,5.855033391749936e-10,5.855975844976621e-10,5.85691805991572e-10,5.857860036631626e-10,5.858801775282489e-10,5.859743275815247e-10,5.860684538248023e-10,5.861625560930599e-10,5.862566348623083e-10,5.863506897871664e-10,5.864447208868107e-10,5.865387282173086e-10,5.866327118159478e-10,5.867266716321322e-10,5.868206079393776e-10,5.869145200010328e-10,5.870084086592423e-10,5.871022736514005e-10,5.871961147855749e-10,5.872899322036623e-10,5.873837259603569e-10,5.87477495961237e-10,5.875712422314851e-10,5.876649648466552e-10,5.877586637868219e-10,5.878523390615677e-10,5.879459906579671e-10,5.880396185912184e-10,5.881332228680828e-10,5.882268034927669e-10,5.883203604659717e-10,5.884138937963658e-10,5.885074035992911e-10,5.886008896957735e-10,5.886943521802281e-10,5.88787791055492e-10,5.888812063184415e-10,5.88974597989921e-10,5.890679660806782e-10,5.891613105557369e-10,5.892546314822643e-10,5.89347928846937e-10,5.89441202671314e-10,5.89534452936338e-10,5.896276796233982e-10,5.897208827624614e-10,5.898140623619089e-10,5.899072184297604e-10,5.900003509441962e-10,5.900934599832254e-10,5.901865455205919e-10,5.902796075549009e-10,5.90372646157265e-10,5.904656612139354e-10,5.905586528636009e-10,5.906516209536595e-10,5.907445655980858e-10,5.908374867544538e-10,5.909303844542655e-10,5.910232586936261e-10,5.911161095018026e-10,5.912089367925026e-10,5.913017407318761e-10,5.913945212473183e-10,5.914872783464142e-10,5.915800120298656e-10,5.916727223147795e-10,5.917654092011307e-10,5.918580726982569e-10,5.919507128113563e-10,5.920433295470067e-10,5.921359229528361e-10,5.922284929196871e-10,5.923210395703423e-10,5.924135629237187e-10,5.925060628647144e-10,5.925985394633219e-10,5.926909927314333e-10,5.92783422673588e-10,5.928758293347077e-10,5.929682126607336e-10,5.93060572678267e-10,5.931529093748457e-10,5.932452228016968e-10,5.933375129373185e-10,5.934297797996996e-10,5.935220234172207e-10,5.936142437463252e-10,5.937064408138451e-10,5.937986146828738e-10,5.938907652399623e-10,5.93982892500586e-10,5.940749965340703e-10,5.941670775167199e-10,5.942591351645754e-10,5.943511696014884e-10,5.944431808271711e-10,5.945351688325007e-10,5.946271336733176e-10,5.947190753171195e-10,5.948109937800086e-10,5.949028890689694e-10,5.949947611890651e-10,5.950866101502239e-10,5.95178435956201e-10,5.95270238613812e-10,5.953620181273153e-10,5.954537745061686e-10,5.955455077563389e-10,5.956372180728808e-10,5.957289050849142e-10,5.958205689793541e-10,5.959122097793061e-10,5.960038274712665e-10,5.960954220909933e-10,5.961869936246883e-10,5.962785420864124e-10,5.963700675052482e-10,5.964615698272594e-10,5.965530490972148e-10,5.966445055302657e-10,5.967359387063437e-10,5.968273488850513e-10,5.969187359821745e-10,5.970101000656819e-10,5.971014411195271e-10,5.971927591562478e-10,5.972840541684341e-10,5.973753261970004e-10,5.974665752342587e-10,5.975578012930684e-10,5.976490043799844e-10,5.977401845124836e-10,5.978313418141726e-10,5.979224759908526e-10,5.980135872158414e-10,5.981046754928783e-10,5.981957408054608e-10,5.982867830290671e-10,5.983778025027611e-10,5.984687990553518e-10,5.985597726839613e-10,5.986507234212783e-10,5.9874165124332e-10,5.988325561750237e-10,5.989234382154379e-10,5.990142973825711e-10,5.991051336519065e-10,5.991959470512424e-10,5.992867376340117e-10,5.993775053327681e-10,5.994682501651747e-10,5.995589721604885e-10,5.996496713103616e-10,5.997403476625425e-10,5.998310011655185e-10,5.999216318561888e-10,6.000122397314206e-10,6.001028247784467e-10,6.001933870310456e-10,6.002839265022519e-10,6.003744431941545e-10,6.004649370951774e-10,6.00555408225519e-10,6.006458565883289e-10,6.007362821928036e-10,6.008266850427303e-10,6.009170651445106e-10,6.010074225045418e-10,6.010977571292232e-10,6.011880690249508e-10,6.012783581981215e-10,6.013686246551287e-10,6.014588678848323e-10,6.015490884765037e-10,6.016392864252071e-10,6.017294620769293e-10,6.018196150442376e-10,6.019097453333043e-10,6.019998529507839e-10,6.020899379038782e-10,6.021800001969736e-10,6.022700398834158e-10,6.023600568801954e-10,6.024500509636587e-10,6.025400223817765e-10,6.026299711222599e-10,6.027198971469685e-10,6.028098007128441e-10,6.028996816177428e-10,6.02989540304035e-10,6.030793763997552e-10,6.031691894959962e-10,6.032589798152833e-10,6.033487477597875e-10,6.034384936802457e-10,6.035282170366658e-10,6.036179178364181e-10,6.037075960874271e-10,6.037972517685157e-10,6.038868848329708e-10,6.039764952792673e-10,6.040660832108409e-10,6.0415564861358e-10,6.042451915901229e-10,6.043347119723117e-10,6.044242095824719e-10,6.045136847004667e-10,6.04603137595897e-10,6.046925680149939e-10,6.047819759589098e-10,6.048713614339481e-10,6.049607244464464e-10,6.050500650027531e-10,6.051393831090542e-10,6.052286787716947e-10,6.053179519969807e-10,6.054072027954559e-10,6.054964311001184e-10,6.055856368589101e-10,6.05674820341529e-10,6.05763981468517e-10,6.058531202020324e-10,6.05942236532304e-10,6.060313305016388e-10,6.061204019245699e-10,6.062094511632627e-10,6.062984779922062e-10,6.063874824605818e-10,6.064764643399923e-10,6.06565424091087e-10,6.066543615014227e-10,6.067432766087337e-10,6.068321693591889e-10,6.069210397874024e-10,6.070098877552671e-10,6.070987135740336e-10,6.071875172071549e-10,6.072762983515215e-10,6.073650572507289e-10,6.074537937991652e-10,6.075425080152351e-10,6.076312000914184e-10,6.077198698362508e-10,6.078085173958687e-10,6.078971426723842e-10,6.079857457450044e-10,6.080743265317584e-10,6.08162885077382e-10,6.082514213914808e-10,6.083399354823577e-10,6.084284274120582e-10,6.085168972146158e-10,6.086053447373065e-10,6.086937700039556e-10,6.087821730828527e-10,6.088705539669842e-10,6.089589126625061e-10,6.09047249183605e-10,6.091355635474148e-10,6.092238555900031e-10,6.093121256242605e-10,6.094003735064654e-10,6.094885992806858e-10,6.095768028364952e-10,6.096649843320975e-10,6.09753143721408e-10,6.098412809411044e-10,6.099293960599637e-10,6.100174890496674e-10,6.101055597117831e-10,6.101936085405304e-10,6.102816348189812e-10,6.103696394639449e-10,6.104576220412539e-10,6.10545582543383e-10,6.10633520986909e-10,6.107214367782643e-10,6.108093311201447e-10,6.108972032041376e-10,6.109850535497784e-10,6.110728817593063e-10,6.111606875861826e-10,6.112484717778679e-10,6.113362339124577e-10,6.114239742068743e-10,6.115116926136562e-10,6.115993887958843e-10,6.116870630348604e-10,6.117747152239089e-10,6.118623454379401e-10,6.119499537384434e-10,6.120375401561059e-10,6.121251044964261e-10,6.122126468516337e-10,6.123001672705432e-10,6.123876657590581e-10,6.124751423135102e-10,6.125625969117738e-10,6.12650029811275e-10,6.127374406007945e-10,6.128248295435959e-10,6.129121965217563e-10,6.129995416003369e-10,6.130868647271568e-10,6.131741660349331e-10,6.132614454349884e-10,6.133487030047747e-10,6.134359385770434e-10,6.135231525580583e-10,6.136103445098696e-10,6.13697514641942e-10,6.137846629328362e-10,6.138717893915552e-10,6.139588940184519e-10,6.14045976822527e-10,6.141330378098956e-10,6.142200769901302e-10,6.143070943649012e-10,6.143940899209394e-10,6.144810637142253e-10,6.145680157097268e-10,6.146549459269855e-10,6.147418543684826e-10,6.148287410456775e-10,6.149156058730828e-10,6.150024490275522e-10,6.150892704441228e-10,6.151760699820273e-10,6.152628479179058e-10,6.153496041190875e-10,6.154363385886238e-10,6.155230513386262e-10,6.156097423525187e-10,6.156964116830317e-10,6.157830592399978e-10,6.158696851747305e-10,6.159562894207322e-10,6.160428719829494e-10,6.161294330352593e-10,6.162159722368135e-10,6.163024897222603e-10,6.163889856243657e-10,6.164754598667205e-10,6.165619124617801e-10,6.166483434166642e-10,6.167347527382434e-10,6.168211404382339e-10,6.169075064875187e-10,6.169938509478777e-10,6.170801737928436e-10,6.171664750561074e-10,6.172527548282841e-10,6.173390128889601e-10,6.174252493804042e-10,6.175114642667411e-10,6.175976575794552e-10,6.176838293246102e-10,6.177699795082791e-10,6.17856108135911e-10,6.179422152004999e-10,6.180283006864449e-10,6.181143647026126e-10,6.182004071684834e-10,6.182864281151052e-10,6.183724275436001e-10,6.184584054537864e-10,6.185443618641413e-10,6.186302967707376e-10,6.187162101763037e-10,6.188021020975028e-10,6.188879725180736e-10,6.189738214687521e-10,6.190596489559064e-10,6.191454549718391e-10,6.1923123953272e-10,6.193170026400901e-10,6.194027442293688e-10,6.194884642189059e-10,6.195741630109545e-10,6.196598403780887e-10,6.197454963174349e-10,6.198311308420956e-10,6.199167439456039e-10,6.200023356404293e-10,6.200879059399614e-10,6.201734548461136e-10,6.20258982365201e-10,6.203444885031239e-10,6.204299732678913e-10,6.205154366624789e-10,6.206008786908301e-10,6.206862994390537e-10,6.207716987685476e-10,6.208570767450549e-10,6.209424333822746e-10,6.210277686861979e-10,6.21113082671679e-10,6.211983753364758e-10,6.212836467070291e-10,6.213688967081284e-10,6.21454125398127e-10,6.215393328351961e-10,6.216245190278279e-10,6.217096837362376e-10,6.217948273019988e-10,6.218799496000755e-10,6.21965050577026e-10,6.220501302935932e-10,6.221351887562142e-10,6.222202259716699e-10,6.223052419476255e-10,6.22390236274415e-10,6.224752098234545e-10,6.225601621478402e-10,6.226450932494072e-10,6.22730003178732e-10,6.228148918849803e-10,6.228997593166504e-10,6.229846055481238e-10,6.23069430586654e-10,6.231542345010914e-10,6.232390172769128e-10,6.233237788376809e-10,6.234085192302486e-10,6.234932384450751e-10,6.235779364910163e-10,6.236626134172817e-10,6.23747269316036e-10,6.238319039590773e-10,6.239165174695851e-10,6.240011098208078e-10,6.240856810723233e-10,6.24170231144969e-10,6.242547602341027e-10,6.243392681476321e-10,6.244237549890205e-10,6.245082207452089e-10,6.245926654172413e-10,6.246770890110138e-10,6.247614915297928e-10,6.248458727924159e-10,6.249302331650606e-10,6.250145725608807e-10,6.250988908909239e-10,6.25183188138866e-10,6.252674643500146e-10,6.253517196193046e-10,6.25435953786e-10,6.255201669207777e-10,6.256043590327228e-10,6.256885301981154e-10,6.257726802219192e-10,6.258568093324922e-10,6.259409174272637e-10,6.260250045959122e-10,6.261090707595401e-10,6.261931159507602e-10,6.262771401035258e-10,6.263611433690677e-10,6.2644512571084e-10,6.265290870622009e-10,6.266130274826703e-10,6.266969469455904e-10,6.26780845493065e-10,6.268647231156024e-10,6.269485798246741e-10,6.270324156045025e-10,6.271162304863457e-10,6.272000244642301e-10,6.272837975029242e-10,6.273675496955145e-10,6.274512809208358e-10,6.275349915678215e-10,6.276186811228743e-10,6.277023498892473e-10,6.277859977157162e-10,6.27869624686682e-10,6.279532307279939e-10,6.280368158609901e-10,6.281203804399957e-10,6.282039240470506e-10,6.282874467196893e-10,6.283709486340312e-10,6.28454429779079e-10,6.285378900484531e-10,6.286213295974204e-10,6.287047483277313e-10,6.287881462799325e-10,6.288715234427019e-10,6.289548798276042e-10,6.29038215432139e-10,6.291215302026165e-10,6.292048244203679e-10,6.292880977158383e-10,6.293713504520835e-10,6.29454582014102e-10,6.295377932475809e-10,6.296209838523682e-10,6.297041534704274e-10,6.297873023524474e-10,6.298704305264648e-10,6.299535379957342e-10,6.300366247875757e-10,6.30119690865406e-10,6.302027362407611e-10,6.302857608791124e-10,6.303687648761612e-10,6.304517481409281e-10,6.305347108034863e-10,6.306176528033281e-10,6.307005741429639e-10,6.30783474828827e-10,6.308663548746079e-10,6.309492143105719e-10,6.310320532991164e-10,6.311148716985641e-10,6.311976690856102e-10,6.312804460557029e-10,6.313632023964186e-10,6.314459381501534e-10,6.31528653221646e-10,6.316113476469267e-10,6.316940214847611e-10,6.317766747416314e-10,6.31859307488762e-10,6.319419196908112e-10,6.32024511249214e-10,6.321070822846779e-10,6.321896327047971e-10,6.322721622767298e-10,6.323546716830586e-10,6.324371605313003e-10,6.325196288637833e-10,6.326020766034421e-10,6.326845038199853e-10,6.327669105199407e-10,6.32849296709511e-10,6.329316623947361e-10,6.330140076288491e-10,6.330963322720387e-10,6.33178636683446e-10,6.332609204694688e-10,6.333431837932847e-10,6.334254265442113e-10,6.335076488961191e-10,6.335898508737488e-10,6.336720323948785e-10,6.337541934042609e-10,6.338363338356742e-10,6.339184539612884e-10,6.34000553969477e-10,6.340826332454929e-10,6.34164692015037e-10,6.342467304808974e-10,6.343287484619166e-10,6.344107460977063e-10,6.34492723359927e-10,6.345746802257391e-10,6.346566167141838e-10,6.347385328227288e-10,6.34820428558216e-10,6.349023039763879e-10,6.349841589879854e-10,6.35065993640291e-10,6.351478079459718e-10,6.352296019095988e-10,6.353113755617819e-10,6.353931288484841e-10,6.354748618225384e-10,6.355565744630341e-10,6.35638266775644e-10,6.357199387977829e-10,6.358015905157752e-10,6.358832219413214e-10,6.359648330802371e-10,6.360464239218402e-10,6.361279944868722e-10,6.36209544745822e-10,6.36291074760088e-10,6.363725845478643e-10,6.364540740629645e-10,6.365355434494116e-10,6.366169927868973e-10,6.366984215335704e-10,6.367798300440557e-10,6.368612183231461e-10,6.369425863772065e-10,6.370239342139114e-10,6.371052618302813e-10,6.371865692475339e-10,6.372678564870127e-10,6.373491234754577e-10,6.37430370291596e-10,6.375115969070237e-10,6.375928033665476e-10,6.37673989651943e-10,6.3775515576859e-10,6.37836301722601e-10,6.379174275166233e-10,6.379985331601616e-10,6.380796186626437e-10,6.381606840195516e-10,6.382417292006071e-10,6.3832275417312e-10,6.384037591811558e-10,6.384847440304689e-10,6.385657087413385e-10,6.386466534666398e-10,6.387275779996769e-10,6.388084824371211e-10,6.388893667846314e-10,6.389702310478141e-10,6.390510752368308e-10,6.391318993557559e-10,6.392127033994689e-10,6.392934873812676e-10,6.393742512682162e-10,6.394549950060555e-10,6.395357188212633e-10,6.396164226637619e-10,6.396971060092439e-10,6.397777697368241e-10,6.398584134415564e-10,6.399390371290203e-10,6.400196408056353e-10,6.401002247392844e-10,6.401807884083397e-10,6.402613320824293e-10,6.40341855789977e-10,6.40422359477898e-10,6.405028432005094e-10,6.405833069445468e-10,6.406637507252741e-10,6.407441745573763e-10,6.408245782734415e-10,6.409049620181509e-10,6.409853259131729e-10,6.410656699438554e-10,6.411459940809597e-10,6.412262982820376e-10,6.413065822573311e-10,6.413868465683795e-10,6.41467090937311e-10,6.415473154486998e-10,6.416275200528049e-10,6.417077048088423e-10,6.417878697391572e-10,6.418680146967481e-10,6.419481397273539e-10,6.420282449131306e-10,6.421083302830445e-10,6.421883957676834e-10,6.422684413741684e-10,6.423484670265447e-10,6.424284729125613e-10,6.42508458940056e-10,6.425884251051191e-10,6.426683715325982e-10,6.427482981596614e-10,6.42828204948552e-10,6.429080919641464e-10,6.429879591563022e-10,6.43067806528629e-10,6.431476340818369e-10,6.432274418145056e-10,6.4330722976898e-10,6.433869980355321e-10,6.434667463212379e-10,6.43546474711425e-10,6.436261836331639e-10,6.437058727583423e-10,6.437855421111427e-10,6.43865191792048e-10,6.43944821676479e-10,6.440244324956035e-10,6.44104023011237e-10,6.441835935946154e-10,6.44263144589765e-10,6.443426758555326e-10,6.444221874401107e-10,6.445016793129502e-10,6.445811515645e-10,6.44660604049893e-10,6.447400368296292e-10,6.448194496102342e-10,6.448988430942726e-10,6.449782166822541e-10,6.450575708034516e-10,6.451369052876646e-10,6.452162201999254e-10,6.452955153716612e-10,6.453747910439578e-10,6.454540469164583e-10,6.455332831669232e-10,6.456124997611768e-10,6.456916967620989e-10,6.457708737569052e-10,6.458500315372e-10,6.459291695356016e-10,6.460082881143576e-10,6.46087387106847e-10,6.46166466476919e-10,6.462455262208156e-10,6.463245664570476e-10,6.464035871957273e-10,6.464825882026015e-10,6.465615697992169e-10,6.466405319770123e-10,6.467194744162856e-10,6.467983972948569e-10,6.468773006518776e-10,6.469561844698531e-10,6.470350489137108e-10,6.471138936919189e-10,6.47192719000779e-10,6.472715246804688e-10,6.473503109990925e-10,6.474290777578953e-10,6.47507824937482e-10,6.475865525759232e-10,6.47665260851065e-10,6.477439495147044e-10,6.478226188263644e-10,6.479012686417702e-10,6.479798990625173e-10,6.48058509981489e-10,6.481371014618213e-10,6.482156735017874e-10,6.482942261013153e-10,6.483727592659451e-10,6.484512731119265e-10,6.485297675247885e-10,6.486082423832019e-10,6.48686697815841e-10,6.487651338259635e-10,6.488435505720929e-10,6.489219478095638e-10,6.490003256834725e-10,6.490786841625002e-10,6.491570233961386e-10,6.492353430835132e-10,6.493136434114363e-10,6.493919243795287e-10,6.494701861111775e-10,6.495484283926357e-10,6.496266513261913e-10,6.497048549977251e-10,6.497830392630681e-10,6.49861204200022e-10,6.499393497584167e-10,6.500174761029267e-10,6.500955830577595e-10,6.501736707006671e-10,6.502517390372472e-10,6.503297880483635e-10,6.504078177649014e-10,6.504858282215077e-10,6.505638193846797e-10,6.506417912755041e-10,6.507197438928845e-10,6.507976772748626e-10,6.508755914355879e-10,6.509534862838591e-10,6.510313616071785e-10,6.511092179296204e-10,6.51187055019776e-10,6.512648728627635e-10,6.513426714859929e-10,6.514204508813833e-10,6.514982110482817e-10,6.51575952008697e-10,6.51653674260722e-10,6.51731376790569e-10,6.51809060240834e-10,6.518867243961669e-10,6.519643693517715e-10,6.520419951370318e-10,6.521196017426235e-10,6.521971891764655e-10,6.522747574492961e-10,6.523523065421178e-10,6.524298368467333e-10,6.525073476057174e-10,6.52584839365267e-10,6.526623118831033e-10,6.527397653170322e-10,6.528171996026186e-10,6.528946146841147e-10,6.529720106580261e-10,6.530493875352561e-10,6.531267453559485e-10,6.532040841262326e-10,6.532814037595532e-10,6.5335870440722e-10,6.534359858336064e-10,6.535132481546134e-10,6.535904914198004e-10,6.536677156192929e-10,6.537449207401303e-10,6.538221067979642e-10,6.538992738124072e-10,6.539764217793012e-10,6.540535508417984e-10,6.5413066086086e-10,6.542077518433707e-10,6.542848237968828e-10,6.543618767293353e-10,6.544389106489123e-10,6.545159255636626e-10,6.54592921480103e-10,6.546698982099685e-10,6.547468559513596e-10,6.548237947138243e-10,6.549007144931591e-10,6.549776153232232e-10,6.550544971335365e-10,6.551313599317572e-10,6.552082038102907e-10,6.552850287176418e-10,6.553618347016249e-10,6.554386217299303e-10,6.555153898343564e-10,6.555921389531271e-10,6.556688691399022e-10,6.557455803937088e-10,6.558222728614993e-10,6.558989462836082e-10,6.559756007825418e-10,6.560522363748488e-10,6.561288530724633e-10,6.56205450870356e-10,6.562820297710652e-10,6.563585897849791e-10,6.564351309193731e-10,6.565116531721093e-10,6.565881565181054e-10,6.566646410891594e-10,6.567411067816505e-10,6.568175535939195e-10,6.56893981544362e-10,6.569703908264179e-10,6.570467812384268e-10,6.57123152673006e-10,6.571995052780416e-10,6.57275839058932e-10,6.573521540210065e-10,6.574284501695564e-10,6.575047275098488e-10,6.575809860471355e-10,6.576572257866613e-10,6.577334467336646e-10,6.578096488933814e-10,6.578858322710481e-10,6.579619968719059e-10,6.580381427012035e-10,6.581142697642056e-10,6.581903780662001e-10,6.582664676125106e-10,6.583425384085208e-10,6.584185904859718e-10,6.584946238554423e-10,6.585706384553784e-10,6.586466343148263e-10,6.587226114461402e-10,6.587985698556637e-10,6.588745093571348e-10,6.589504303400387e-10,6.59026332625023e-10,6.591022161999982e-10,6.591780810809224e-10,6.592539272730305e-10,6.593297545274625e-10,6.594055631689255e-10,6.594813529579702e-10,6.595571240066275e-10,6.596328767437269e-10,6.597086108903558e-10,6.597843263969644e-10,6.598600233174702e-10,6.599357015928015e-10,6.600113611826697e-10,6.600870021410947e-10,6.601626247030638e-10,6.602382281129673e-10,6.603138133151962e-10,6.603893795627022e-10,6.604649274025906e-10,6.605404566337471e-10,6.606159675034385e-10,6.606914594663493e-10,6.607669328246127e-10,6.608423877670874e-10,6.609178241211381e-10,6.609932418758715e-10,6.610686417598745e-10,6.611440224117125e-10,6.612193851413928e-10,6.612947289591086e-10,6.613700540095881e-10,6.614453604586698e-10,6.615206483557861e-10,6.615959177594095e-10,6.616711686261316e-10,6.617464009921389e-10,6.618216148328046e-10,6.618968101893957e-10,6.619719870421623e-10,6.620471456799871e-10,6.621222854840492e-10,6.621974067324798e-10,6.622725097945845e-10,6.623475942374944e-10,6.624226602036051e-10,6.624977076969318e-10,6.625727366892415e-10,6.6264774720873e-10,6.627227392889361e-10,6.627977125826144e-10,6.628726678048938e-10,6.629476045817147e-10,6.630225226640627e-10,6.630974225617242e-10,6.631723040365561e-10,6.632471670939704e-10,6.633220117594528e-10,6.633968380094297e-10,6.6347164585632e-10,6.63546435305018e-10,6.636212063481253e-10,6.636959588217353e-10,6.637706929159316e-10,6.638454086358255e-10,6.639201059865262e-10,6.639947849731385e-10,6.640694456007774e-10,6.641440878745644e-10,6.642187117996034e-10,6.64293317380992e-10,6.643679046238487e-10,6.644424735332387e-10,6.645170241142856e-10,6.645915563720722e-10,6.646660703116949e-10,6.647405659382415e-10,6.648150432568055e-10,6.648895022724683e-10,6.649639429903096e-10,6.650383654154108e-10,6.651127695528531e-10,6.651871554077109e-10,6.652615229850557e-10,6.6533587228996e-10,6.654102033275099e-10,6.65484516102742e-10,6.655588106207485e-10,6.656330868865661e-10,6.657073449052776e-10,6.657815848096339e-10,6.658558064756984e-10,6.65930009908522e-10,6.660041951131443e-10,6.660783620946066e-10,6.661525108579484e-10,6.662266414082073e-10,6.663007537504224e-10,6.663748478896282e-10,6.664489238308578e-10,6.665229815791428e-10,6.665970211395117e-10,6.666710425169935e-10,6.667450457166126e-10,6.668190307433962e-10,6.668929976023655e-10,6.669669462985408e-10,6.670408768369422e-10,6.671147892225834e-10,6.671886834604861e-10,6.672625595556599e-10,6.673364175131174e-10,6.674102573802222e-10,6.674840791193902e-10,6.675578827496685e-10,6.676316683541682e-10,6.677054357574688e-10,6.677791850123448e-10,6.678529161644635e-10,6.67926629218814e-10,6.680003241803751e-10,6.6807400105412e-10,6.681476598450158e-10,6.682213005580275e-10,6.682949231981235e-10,6.683685277702458e-10,6.684421142793419e-10,6.685156827303611e-10,6.68589233003997e-10,6.686627652114636e-10,6.687362793500818e-10,6.688097754103749e-10,6.688832533641689e-10,6.689567130861737e-10,6.690301550068179e-10,6.691035788225721e-10,6.691769847423431e-10,6.692503727091019e-10,6.693237428435633e-10,6.69397095054334e-10,6.694704292561998e-10,6.695437453741657e-10,6.69617043521765e-10,6.696903237025122e-10,6.697635858050695e-10,6.6983682995219e-10,6.699100562622991e-10,6.699832647079134e-10,6.700564551062227e-10,6.701296274378032e-10,6.702027818158792e-10,6.702759182482323e-10,6.703490368522552e-10,6.704221375200639e-10,6.704952202566785e-10,6.705682851130238e-10,6.706413318349145e-10,6.707143603689453e-10,6.707873711141816e-10,6.708603641584461e-10,6.70933339373784e-10,6.710062968435652e-10,6.71079236431991e-10,6.711521581438815e-10,6.712250619840387e-10,6.712979479573059e-10,6.713708160685321e-10,6.71443666343925e-10,6.715164987671027e-10,6.715893133461693e-10,6.716621100185768e-10,6.717348886457414e-10,6.718076496761387e-10,6.718803929180255e-10,6.719531183353203e-10,6.720258258862594e-10,6.720985156239011e-10,6.721711875531572e-10,6.722438416789353e-10,6.723164780061443e-10,6.723890965396897e-10,6.724616972844763e-10,6.725342802454133e-10,6.726068454274008e-10,6.726793928353389e-10,6.727519224741365e-10,6.728244343486932e-10,6.728969284639071e-10,6.729694048246795e-10,6.730418634359082e-10,6.73114304302489e-10,6.731867274293192e-10,6.732591327133151e-10,6.733315202668335e-10,6.734038900948347e-10,6.734762422022774e-10,6.735485765941226e-10,6.736208934366044e-10,6.736931925734666e-10,6.737654740096235e-10,6.738377377499901e-10,6.739099837994828e-10,6.739822121630201e-10,6.740544228455227e-10,6.741266158519159e-10,6.741987911871281e-10,6.742709488560955e-10,6.743430888637604e-10,6.744152112138536e-10,6.744873159044136e-10,6.745594029426413e-10,6.746314723533656e-10,6.747035240939522e-10,6.747755582281909e-10,6.7484757473578e-10,6.749195736160582e-10,6.749915548716094e-10,6.750635185143001e-10,6.75135464549391e-10,6.752073929828129e-10,6.752793038720226e-10,6.753511969257508e-10,6.754230723635934e-10,6.754949301641921e-10,6.755667701967787e-10,6.756385928658235e-10,6.757103979246917e-10,6.757821854066632e-10,6.758539553976173e-10,6.75925707865005e-10,6.759974428008777e-10,6.760691604328985e-10,6.761408605010128e-10,6.762125432102362e-10,6.762842083537861e-10,6.763558555377163e-10,6.764274852025228e-10,6.764990973525251e-10,6.765706919921967e-10,6.766422691260952e-10,6.767138288678165e-10,6.767853711116251e-10,6.768568955225496e-10,6.769284023320382e-10,6.76999892231554e-10,6.770713647110244e-10,6.771428197086969e-10,6.772142570992717e-10,6.77285677127289e-10,6.773570799288158e-10,6.774284653376188e-10,6.774998326083997e-10,6.775711828481828e-10,6.776425156697755e-10,6.777138308752895e-10,6.777851286515558e-10,6.778564091864835e-10,6.779276722739304e-10,6.779989179485753e-10,6.780701462131106e-10,6.781413570723375e-10,6.782125505328271e-10,6.782837265752503e-10,6.783548853509338e-10,6.784260268642781e-10,6.784971509403118e-10,6.785682575576458e-10,6.786393466996447e-10,6.787104185320224e-10,6.787814729986513e-10,6.788525100565144e-10,6.789235297471934e-10,6.789945321042525e-10,6.790655171164811e-10,6.791364847876902e-10,6.792074351203371e-10,6.792783681115481e-10,6.793492837138782e-10,6.794201820897582e-10,6.794910631462746e-10,6.795619268316197e-10,6.796327732759501e-10,6.797036023026248e-10,6.797744141299975e-10,6.798452086808481e-10,6.799159859516573e-10,6.799867459774771e-10,6.800574887961104e-10,6.801282142279936e-10,6.801989223897275e-10,6.802696133425587e-10,6.803402870223803e-10,6.804109434558957e-10,6.804815826518684e-10,6.805522045957717e-10,6.806228093107458e-10,6.806933967749556e-10,6.807639670248815e-10,6.808345200642414e-10,6.809050559193372e-10,6.80975574506788e-10,6.810460758696444e-10,6.811165601558396e-10,6.81187027111451e-10,6.812574768711262e-10,6.813279094426606e-10,6.813983248284624e-10,6.81468723033353e-10,6.815391040612704e-10,6.816094680367774e-10,6.816798147370685e-10,6.817501445185835e-10,6.818204569949857e-10,6.818907523578506e-10,6.819610304529755e-10,6.820312913837053e-10,6.821015351738586e-10,6.821717618708642e-10,6.822419714275872e-10,6.823121638331339e-10,6.823823391180934e-10,6.824524973117675e-10,6.82522638414624e-10,6.825927624199289e-10,6.82662869339911e-10,6.827329590952107e-10,6.828030317590742e-10,6.828730873655974e-10,6.829431258921612e-10,6.830131473438159e-10,6.830831517256896e-10,6.831531390430038e-10,6.832231093010762e-10,6.832930625052864e-10,6.833629985814919e-10,6.834329176038848e-10,6.835028195752915e-10,6.835727044971949e-10,6.836425723679607e-10,6.837124232737081e-10,6.837822572047198e-10,6.838520740936887e-10,6.839218739304727e-10,6.839916567382093e-10,6.840614225563159e-10,6.841311713708752e-10,6.842009031856074e-10,6.842706180025631e-10,6.843403158153575e-10,6.844099967203298e-10,6.844796606093572e-10,6.84549307523886e-10,6.846189374713035e-10,6.84688550436332e-10,6.847581464589779e-10,6.848277255271571e-10,6.848972876407494e-10,6.849668329231199e-10,6.850363611488197e-10,6.851058724192767e-10,6.851753667805012e-10,6.852448440047965e-10,6.853143045715877e-10,6.853837482531106e-10,6.854531749905004e-10,6.855225847614187e-10,6.855919776293759e-10,6.856613535981306e-10,6.857307126723383e-10,6.85800054856651e-10,6.858693801698081e-10,6.859386885818876e-10,6.860079801376345e-10,6.860772548027748e-10,6.861465125758853e-10,6.862157537500288e-10,6.862849781590867e-10,6.863541855867895e-10,6.864233760033622e-10,6.864925495629932e-10,6.865617062778533e-10,6.866308461491239e-10,6.866999691883339e-10,6.867690755613837e-10,6.868381649491498e-10,6.86907237516126e-10,6.869762932812819e-10,6.87045332503813e-10,6.871143550529243e-10,6.871833604827022e-10,6.87252349050061e-10,6.873213204868759e-10,6.873902754834425e-10,6.874592137064264e-10,6.875281345975284e-10,6.875970392935433e-10,6.876659272604964e-10,6.877347984414995e-10,6.878036527937079e-10,6.878724904614526e-10,6.879413116515718e-10,6.880101158292643e-10,6.880789031990662e-10,6.881476739065058e-10,6.882164278898491e-10,6.882851650874136e-10,6.883538856229873e-10,6.884225895417289e-10,6.884912767554758e-10,6.885599471602778e-10,6.886286008588006e-10,6.886972378697439e-10,6.887658581897889e-10,6.888344618244225e-10,6.889030487526602e-10,6.889716190271881e-10,6.89040172570098e-10,6.891087095004848e-10,6.891772297848653e-10,6.892457335026146e-10,6.893142205388702e-10,6.893826911378607e-10,6.894511448413369e-10,6.895195817210186e-10,6.895880019768797e-10,6.896564056928624e-10,6.897247928051493e-10,6.897931631512589e-10,6.898615169451127e-10,6.899298542226213e-10,6.899981748743567e-10,6.900664792377726e-10,6.901347668340655e-10,6.902030376511215e-10,6.902712918806126e-10,6.903395295337285e-10,6.904077506237277e-10,6.904759551614964e-10,6.90544143134105e-10,6.906123146548632e-10,6.906804692983208e-10,6.907486075137891e-10,6.908167291450822e-10,6.90884834275189e-10,6.909529228808799e-10,6.910209949658339e-10,6.91089050518171e-10,6.911570895325871e-10,6.912251120357383e-10,6.91293118003689e-10,6.91361107618031e-10,6.914290805803651e-10,6.91497036992133e-10,6.915649768720328e-10,6.916329002993788e-10,6.917008070637845e-10,6.917686978548789e-10,6.91836571726177e-10,6.919044291635147e-10,6.919722700617183e-10,6.920400945901548e-10,6.921079026604535e-10,6.921756941940802e-10,6.922434693299559e-10,6.923112280154185e-10,6.923789702588484e-10,6.924466960578856e-10,6.925144054066842e-10,6.925820983211449e-10,6.926497748288539e-10,6.927174349459451e-10,6.927850785213129e-10,6.928527057789298e-10,6.929203165862345e-10,6.929879109922719e-10,6.930554890340257e-10,6.931230506362138e-10,6.931905958463233e-10,6.932581246554873e-10,6.933256370786491e-10,6.933931330923008e-10,6.93460612757096e-10,6.935280760494547e-10,6.935955229733776e-10,6.936629535339265e-10,6.937303677356044e-10,6.937977655828951e-10,6.938651470802786e-10,6.939325122236084e-10,6.939998610326073e-10,6.940671936244795e-10,6.941345097493988e-10,6.942018095300834e-10,6.942690930205241e-10,6.943363600885534e-10,6.944036109575439e-10,6.944708455141836e-10,6.945380637650953e-10,6.94605265714496e-10,6.946724513664841e-10,6.947396207233065e-10,6.94806773299507e-10,6.948739100877887e-10,6.949410304524581e-10,6.950081345523479e-10,6.950752225027982e-10,6.951422942076741e-10,6.952093495685841e-10,6.952763887080882e-10,6.953434116392338e-10,6.954104183157335e-10,6.954774087620213e-10,6.955443829663454e-10,6.956113409378638e-10,6.95678282690067e-10,6.957452082009063e-10,6.958121174908831e-10,6.958790105414298e-10,6.959458873917731e-10,6.960127482485586e-10,6.960795927520772e-10,6.961464210637976e-10,6.962132329309861e-10,6.962800288119674e-10,6.963468085249812e-10,6.964135720438655e-10,6.964803193884813e-10,6.96547050603043e-10,6.966137656031296e-10,6.966804644434663e-10,6.967471471244071e-10,6.968138136675608e-10,6.968804639052719e-10,6.969470981925819e-10,6.970137163115819e-10,6.970803181538351e-10,6.971469038282142e-10,6.97213473585244e-10,6.972800272083876e-10,6.97346564636067e-10,6.974130859470688e-10,6.974795912028008e-10,6.975460805104628e-10,6.976125535556959e-10,6.976790105047793e-10,6.977454514222627e-10,6.978118761139013e-10,6.978782848247215e-10,6.979446773817199e-10,6.980110540721885e-10,6.980774144965731e-10,6.98143758842708e-10,6.982100871659917e-10,6.982763994721405e-10,6.983426957152614e-10,6.984089759061661e-10,6.984752398498874e-10,6.985414877867753e-10,6.986077197492773e-10,6.986739357780377e-10,6.987401357287099e-10,6.98806319684494e-10,6.988724880063949e-10,6.989386402329589e-10,6.990047762239561e-10,6.990708962031881e-10,6.991370001666682e-10,6.992030881289977e-10,6.99269160085667e-10,6.993352160472789e-10,6.994012559966786e-10,6.994672799635211e-10,6.995332879635455e-10,6.99599280032246e-10,6.99665256086685e-10,6.997312162424261e-10,6.997971603946014e-10,6.998630882590564e-10,6.999290004132714e-10,6.999948966357612e-10,7.000607770465087e-10,7.001266415515971e-10,7.001924901174132e-10,7.002583228883421e-10,7.003241395317566e-10,7.003899402536605e-10,7.004557251549603e-10,7.005214941410072e-10,7.005872472195624e-10,7.006529844040553e-10,7.007187056934168e-10,7.00784411038616e-10,7.008501007624934e-10,7.009157744493123e-10,7.009814321353717e-10,7.010470739813834e-10,7.011127000351594e-10,7.011783101951843e-10,7.01243904462828e-10,7.013094829824386e-10,7.013750455099785e-10,7.01440592258725e-10,7.015061231504401e-10,7.015716382155276e-10,7.016371375032312e-10,7.017026209094346e-10,7.017680884903292e-10,7.018335403110856e-10,7.018989762604691e-10,7.019643964512266e-10,7.020298010277136e-10,7.020951895562807e-10,7.021605622999354e-10,7.022259191931497e-10,7.022912602473266e-10,7.023565856058006e-10,7.024218951921401e-10,7.024871890757709e-10,7.025524674174222e-10,7.026177296739158e-10,7.026829761889966e-10,7.027482069649899e-10,7.028134219076599e-10,7.028786210397301e-10,7.029438045093143e-10,7.030089722576544e-10,7.03074124182493e-10,7.031392603577247e-10,7.032043810375908e-10,7.032694859131295e-10,7.033345750191062e-10,7.0339964848675e-10,7.034647061627966e-10,7.035297481287816e-10,7.035947742894496e-10,7.036597848706579e-10,7.037247797438299e-10,7.037897591579239e-10,7.038547226769797e-10,7.039196703844735e-10,7.039846026225228e-10,7.040495190167485e-10,7.041144198147436e-10,7.041793049409245e-10,7.042441744180615e-10,7.043090282281408e-10,7.043738663853765e-10,7.044386888972596e-10,7.045034954257046e-10,7.04568286573319e-10,7.046330621687474e-10,7.046978222802575e-10,7.047625666200623e-10,7.048272952885222e-10,7.048920086397837e-10,7.049567061403269e-10,7.050213880173801e-10,7.050860542248506e-10,7.051507049111498e-10,7.052153396110164e-10,7.052799590615529e-10,7.053445629725861e-10,7.0540915123594e-10,7.05473723979898e-10,7.05538281134059e-10,7.056028227231857e-10,7.056673487501427e-10,7.057318592299692e-10,7.057963543806874e-10,7.058608337128302e-10,7.059252974560221e-10,7.059897457160189e-10,7.06054178439923e-10,7.061185956225745e-10,7.061829972831521e-10,7.062473834756741e-10,7.063117541148917e-10,7.063761091961699e-10,7.064404487653364e-10,7.065047728400866e-10,7.065690814185451e-10,7.066333744645197e-10,7.066976520151734e-10,7.067619140218558e-10,7.068261605834146e-10,7.068903916096177e-10,7.069546072114237e-10,7.070188073358612e-10,7.070829919581941e-10,7.071471611063593e-10,7.072113146778693e-10,7.072754529368069e-10,7.073395757098183e-10,7.074036827988971e-10,7.074677747098879e-10,7.075318514141914e-10,7.07595912388578e-10,7.076599579796503e-10,7.077239881668299e-10,7.077880028846655e-10,7.078520021554136e-10,7.079159858745306e-10,7.079799543491521e-10,7.08043907416693e-10,7.081078450717085e-10,7.081717672577857e-10,7.082356738548617e-10,7.082995653167585e-10,7.083634414083551e-10,7.084273021097506e-10,7.084911474745366e-10,7.085549774281717e-10,7.086187921668085e-10,7.086825913631931e-10,7.087463752158098e-10,7.088101437098105e-10,7.088738968397529e-10,7.089376345427502e-10,7.09001356970645e-10,7.090650640650151e-10,7.091287556603904e-10,7.091924320826133e-10,7.092560931850946e-10,7.093197389627223e-10,7.093833689733407e-10,7.094469841187867e-10,7.09510583917771e-10,7.095741684346426e-10,7.096377376428539e-10,7.097012915126395e-10,7.097648301317901e-10,7.098283534550102e-10,7.098918615078153e-10,7.099553542834543e-10,7.100188317944398e-10,7.100822940137887e-10,7.101457411090212e-10,7.102091727859191e-10,7.102725891908289e-10,7.103359901586108e-10,7.103993759270565e-10,7.104627465851128e-10,7.105261019987049e-10,7.105894421741945e-10,7.106527671180569e-10,7.1071607694774e-10,7.107793713912192e-10,7.108426506031302e-10,7.109059147634655e-10,7.109691635319019e-10,7.110323971247667e-10,7.110956155055351e-10,7.111588187067706e-10,7.112220066534961e-10,7.112851794421061e-10,7.113483370797783e-10,7.114114794822338e-10,7.11474606381357e-10,7.115377183553686e-10,7.116008152283412e-10,7.11663897075119e-10,7.117269636372168e-10,7.117900148487571e-10,7.118530510738685e-10,7.119160721516682e-10,7.119790780562112e-10,7.12042068795133e-10,7.121050444177154e-10,7.121680048948168e-10,7.122309502516209e-10,7.122938804772125e-10,7.123567951099319e-10,7.124196950916774e-10,7.124825799717323e-10,7.125454499013379e-10,7.126083045399569e-10,7.126711440719147e-10,7.127339685016231e-10,7.12796777830308e-10,7.128595720747641e-10,7.12922351231512e-10,7.129851153046412e-10
13,9.95993231751222e-24,1.7501001225494338e-23,2.3210650494387876e-23,2.753365763986933e-23,3.080678176707293e-23,3.328499685937944e-23,3.516135406584575e-23,3.658202024497888e-23,3.765766425645899e-23,3.8472077984628935e-23,3.908870366520072e-23,3.955557598916664e-23,3.9909063970210875e-23,4.017670406436186e-23,4.037934523984277e-23,4.0532773096496996e-23,4.06489395525078e-23,4.073689389011256e-23,4.080348768809118e-23,4.085390855475872e-23,4.0892084238871464e-23,4.0920988598391665e-23,4.0942873261854666e-23,4.095944302859007e-23,4.0971988671347194e-23,4.0981487486550866e-23,4.09886794249809e-23,4.0994124733397786e-23,4.099824759735804e-23,4.100136918495842e-23,4.100373266559741e-23,4.100552215269369e-23,4.1006877045987154e-23,4.1007902890677993e-23,4.100867959931965e-23,4.1009267676949525e-23,4.1009712934385633e-23,4.101005005685793e-23,4.10103053059612e-23,4.1010498565414467e-23,4.101064488998831e-23,4.1010755678260623e-23,4.101083956055722e-23,4.1010903071247835e-23,4.101095115776855e-23,4.101098756602463e-23,4.101101513219273e-23,4.1011036003657226e-23,4.1011051806289665e-23,4.1011063771104166e-23,4.10110728301509e-23,4.1011079689122437e-23,4.1011084882328115e-23,4.1011088814315035e-23,4.101109179138176e-23,4.1011094045439675e-23,4.1011095752078556e-23,4.101109704424403e-23,4.10110980225949e-23,4.1011098763344e-23,4.101109932419531e-23,4.101109974883852e-23,4.1011100070353274e-23,4.1011100313785024e-23,4.10111004980971e-23,4.1011100637647124e-23,4.101110074330613e-23,4.1011100823305137e-23,4.101110088387514e-23,4.101110092973563e-23,4.101110096445839e-23,4.1011100990748224e-23,4.10111010106536e-23,4.101110102572465e-23,4.101110103713556e-23,4.101110104577501e-23,4.101110105231649e-23,4.101110105726931e-23,4.101110106101926e-23,4.1011101063858224e-23,4.1011101066008215e-23,4.101110106763615e-23,4.101110106886871e-23,4.101110106980205e-23,4.101110107050851e-23,4.1011101071043404e-23,4.1011101071448544e-23,4.101110107175532e-23,4.101110107198752e-23,4.101110107216342e-23,4.101110107229652e-23,4.10111010723975e-23,4.101110107247365e-23,4.101110107253124e-23,4.101110107257449e-23,4.1011101072607335e-23,4.101110107263214e-23,4.101110107265112e-23,4.101110107266532e-23,4.1011101072676207e-23,4.101110107268445e-23,4.1011101072690736e-23,4.101110107269519e-23,4.101110107269881e-23,4.1011101072701445e-23,4.101110107270352e-23,4.101110107270525e-23,4.1011101072706417e-23,4.101110107270725e-23,4.1011101072707904e-23,4.101110107270833e-23,4.1011101072708786e-23,4.101110107270904e-23,4.1011101072709074e-23,4.1011101072709244e-23,4.10111010727094e-23,4.1011101072709626e-23,4.1011101072709855e-23,4.101110107270988e-23,4.101110107270977e-23,4.1011101072709614e-23,4.101110107270963e-23,4.1011101072709597e-23,4.1011101072709814e-23,4.101110107270984e-23,4.1011101072709943e-23,4.1011101072710243e-23,4.101110107271025e-23,4.1011101072710343e-23,4.101110107271034e-23,4.1011101072710314e-23,4.1011101072710425e-23,4.101110107271068e-23,4.101110107271091e-23,4.1011101072710837e-23,4.101110107271082e-23,4.1011101072710684e-23,4.101110107271067e-23,4.101110107271063e-23,4.1011101072710514e-23,4.101110107271036e-23,4.1011101072710296e-23,4.101110107271022e-23,4.101110107270994e-23,4.1011101072709855e-23,4.1011101072709844e-23,4.10111010727101e-23,4.101110107271027e-23,4.1011101072710555e-23,4.101110107271072e-23,4.1011101072710954e-23,4.101110107271129e-23,4.101110107271144e-23,4.101110107271145e-23,4.1011101072711566e-23,4.101110107271156e-23,4.101110107271148e-23,4.1011101072711137e-23,4.10111010727109e-23,4.101110107271056e-23,4.101110107271039e-23,4.101110107271046e-23,4.1011101072710355e-23,4.1011101072710325e-23,4.101110107271028e-23,4.101110107271002e-23,4.10111010727101e-23,4.101110107271031e-23,4.101110107271028e-23,4.101110107271012e-23,4.101110107271004e-23,4.1011101072709914e-23,4.1011101072709943e-23,4.101110107270982e-23,4.1011101072710067e-23,4.1011101072709844e-23,4.101110107270986e-23,4.1011101072709985e-23,4.1011101072710284e-23,4.101110107271074e-23,4.1011101072710854e-23,4.101110107271097e-23,4.101110107271105e-23,4.1011101072711025e-23,4.101110107271106e-23,4.1011101072710866e-23,4.101110107271074e-23,4.1011101072710596e-23,4.101110107271037e-23,4.101110107271036e-23,4.101110107271015e-23,4.101110107271001e-23,4.101110107270987e-23,4.101110107270952e-23,4.1011101072709273e-23,4.101110107270851e-23,4.101110107270805e-23,4.101110107270773e-23,4.101110107270765e-23,4.1011101072707416e-23,4.101110107270734e-23,4.1011101072707134e-23,4.101110107270711e-23,4.10111010727072e-23,4.1011101072707016e-23,4.1011101072706705e-23,4.1011101072706135e-23,4.101110107270585e-23,4.101110107270561e-23,4.1011101072705406e-23,4.101110107270529e-23,4.101110107270511e-23,4.101110107270488e-23,4.1011101072704695e-23,4.101110107270459e-23,4.101110107270427e-23,4.1011101072704013e-23,4.101110107270383e-23,4.101110107270362e-23,4.1011101072703196e-23,4.1011101072702744e-23,4.10111010727022e-23,4.1011101072701486e-23,4.1011101072700986e-23,4.101110107270039e-23,4.1011101072700046e-23,4.101110107269994e-23,4.101110107269974e-23,4.101110107269964e-23,4.1011101072699775e-23,4.101110107269964e-23,4.101110107269964e-23,4.1011101072699476e-23,4.1011101072699505e-23,4.101110107269952e-23,4.101110107269926e-23,4.1011101072698794e-23,4.101110107269844e-23,4.101110107269822e-23,4.1011101072698053e-23,4.1011101072697924e-23,4.101110107269777e-23,4.101110107269775e-23,4.101110107269767e-23,4.101110107269768e-23,4.1011101072697624e-23,4.1011101072697683e-23,4.1011101072697624e-23,4.1011101072697624e-23,4.1011101072697636e-23,4.101110107269747e-23,4.101110107269749e-23,4.1011101072697636e-23,4.1011101072697906e-23,4.1011101072697654e-23,4.1011101072697607e-23,4.101110107269754e-23,4.1011101072697583e-23,4.1011101072697583e-23,4.10111010726975e-23,4.101110107269748e-23,4.1011101072697507e-23,4.1011101072697507e-23,4.101110107269748e-23,4.1011101072697336e-23,4.1011101072697195e-23,4.1011101072697183e-23,4.1011101072697166e-23,4.101110107269705e-23,4.101110107269704e-23,4.1011101072696954e-23,4.1011101072697095e-23,4.101110107269698e-23,4.1011101072696837e-23,4.1011101072696654e-23,4.101110107269629e-23,4.10111010726957e-23,4.101110107269511e-23,4.1011101072694827e-23,4.101110107269458e-23,4.101110107269432e-23,4.101110107269425e-23,4.1011101072694086e-23,4.101110107269423e-23,4.1011101072694186e-23,4.101110107269394e-23,4.1011101072693775e-23,4.101110107269368e-23,4.1011101072693445e-23,4.10111010726934e-23,4.101110107269339e-23,4.1011101072693287e-23,4.10111010726931e-23,4.1011101072692746e-23,4.1011101072692746e-23,4.1011101072692605e-23,4.1011101072692335e-23,4.1011101072692105e-23,4.1011101072691906e-23,4.1011101072691823e-23,4.101110107269143e-23,4.101110107269125e-23,4.1011101072690994e-23,4.1011101072690924e-23,4.1011101072690906e-23,4.1011101072690877e-23,4.101110107269081e-23,4.101110107269107e-23,4.1011101072691106e-23,4.101110107269108e-23,4.10111010726909e-23,4.101110107269071e-23,4.101110107269051e-23,4.1011101072690395e-23,4.101110107269049e-23,4.101110107269044e-23,4.10111010726905e-23,4.1011101072690624e-23,4.101110107269059e-23,4.101110107269066e-23,4.1011101072690607e-23,4.1011101072690407e-23,4.101110107269032e-23,4.101110107268984e-23,4.1011101072689513e-23,4.10111010726894e-23,4.1011101072689125e-23,4.101110107268896e-23,4.101110107268872e-23,4.101110107268849e-23,4.101110107268858e-23,4.101110107268825e-23,4.10111010726882e-23,4.1011101072687997e-23,4.101110107268781e-23,4.1011101072687685e-23,4.10111010726876e-23,4.101110107268731e-23,4.1011101072686916e-23,4.1011101072686586e-23,4.1011101072686486e-23,4.10111010726862e-23,4.10111010726862e-23,4.1011101072686175e-23,4.1011101072685946e-23,4.1011101072685717e-23,4.101110107268553e-23,4.1011101072685546e-23,4.101110107268537e-23,4.101110107268535e-23,4.101110107268525e-23,4.101110107268526e-23,4.1011101072685364e-23,4.101110107268556e-23,4.1011101072685293e-23,4.101110107268527e-23,4.101110107268524e-23,4.101110107268529e-23,4.101110107268517e-23,4.101110107268525e-23,4.10111010726853e-23,4.101110107268526e-23,4.1011101072685205e-23,4.1011101072685346e-23,4.101110107268526e-23,4.101110107268518e-23,4.101110107268524e-23,4.10111010726854e-23,4.1011101072685346e-23,4.101110107268534e-23,4.10111010726852e-23,4.1011101072685164e-23,4.1011101072685064e-23,4.1011101072685176e-23,4.1011101072685176e-23,4.101110107268524e-23,4.1011101072685217e-23,4.1011101072685264e-23,4.101110107268521e-23,4.1011101072685334e-23,4.1011101072685417e-23,4.1011101072685393e-23,4.101110107268555e-23,4.101110107268552e-23,4.1011101072685534e-23,4.1011101072685476e-23,4.1011101072685405e-23,4.101110107268564e-23,4.101110107268565e-23,4.101110107268547e-23,4.1011101072685364e-23,4.101110107268534e-23,4.101110107268523e-23,4.101110107268518e-23,4.1011101072685334e-23,4.10111010726852e-23,4.1011101072685117e-23,4.101110107268514e-23,4.1011101072685105e-23,4.101110107268512e-23,4.101110107268503e-23,4.101110107268505e-23,4.101110107268494e-23,4.1011101072684947e-23,4.101110107268502e-23,4.1011101072685164e-23,4.1011101072685293e-23,4.101110107268531e-23,4.1011101072685246e-23,4.1011101072685176e-23,4.1011101072685217e-23,4.101110107268519e-23,4.101110107268544e-23,4.101110107268546e-23,4.101110107268549e-23,4.1011101072685305e-23,4.101110107268527e-23,4.101110107268525e-23,4.101110107268528e-23,4.101110107268542e-23,4.1011101072685517e-23,4.101110107268556e-23,4.101110107268546e-23,4.101110107268542e-23,4.101110107268553e-23,4.1011101072685517e-23,4.1011101072685505e-23,4.101110107268552e-23,4.1011101072685264e-23,4.1011101072685205e-23,4.101110107268514e-23,4.1011101072685105e-23,4.101110107268521e-23,4.101110107268532e-23,4.101110107268522e-23,4.1011101072685005e-23,4.101110107268479e-23,4.1011101072684535e-23,4.101110107268471e-23,4.1011101072684723e-23,4.1011101072684835e-23,4.1011101072685e-23,4.101110107268536e-23,4.101110107268534e-23,4.1011101072685046e-23,4.1011101072685117e-23,4.101110107268505e-23,4.101110107268524e-23,4.1011101072685193e-23,4.101110107268528e-23,4.101110107268516e-23,4.1011101072685293e-23,4.101110107268534e-23,4.10111010726854e-23,4.1011101072685264e-23,4.101110107268542e-23,4.1011101072685334e-23,4.101110107268538e-23,4.101110107268545e-23,4.101110107268528e-23,4.1011101072685364e-23,4.101110107268524e-23,4.1011101072685334e-23,4.101110107268534e-23,4.1011101072685417e-23,4.101110107268529e-23,4.101110107268522e-23,4.101110107268511e-23,4.1011101072685094e-23,4.101110107268509e-23,4.1011101072685264e-23,4.101110107268542e-23,4.1011101072685264e-23,4.101110107268549e-23,4.101110107268559e-23,4.1011101072685464e-23,4.1011101072685446e-23,4.101110107268544e-23,4.1011101072685464e-23,4.101110107268525e-23,4.101110107268531e-23,4.101110107268534e-23,4.101110107268541e-23,4.1011101072685364e-23,4.101110107268544e-23,4.101110107268538e-23,4.1011101072685393e-23,4.101110107268544e-23,4.1011101072685334e-23,4.1011101072685505e-23,4.1011101072685493e-23,4.1011101072685246e-23,4.101110107268515e-23,4.101110107268533e-23,4.1011101072685346e-23,4.1011101072685334e-23,4.101110107268538e-23,4.101110107268539e-23,4.101110107268539e-23,4.1011101072685364e-23,4.101110107268542e-23,4.10111010726855e-23,4.101110107268568e-23,4.1011101072685505e-23,4.1011101072685334e-23,4.1011101072685517e-23,4.101110107268555e-23,4.1011101072685517e-23,4.101110107268555e-23,4.1011101072685664e-23,4.101110107268554e-23,4.1011101072685393e-23,4.101110107268524e-23,4.101110107268486e-23,4.101110107268438e-23,4.101110107268359e-23,4.10111010726831e-23,4.101110107268266e-23,4.101110107268198e-23,4.1011101072681843e-23,4.101110107268148e-23,4.101110107268123e-23,4.101110107268077e-23,4.1011101072680256e-23,4.101110107267989e-23,4.1011101072679657e-23,4.1011101072679445e-23,4.101110107267948e-23,4.101110107267959e-23,4.101110107267963e-23,4.101110107267955e-23,4.1011101072679434e-23,4.1011101072679375e-23,4.101110107267931e-23,4.101110107267924e-23,4.101110107267891e-23,4.1011101072678905e-23,4.101110107267896e-23,4.101110107267867e-23,4.10111010726787e-23,4.1011101072678716e-23,4.1011101072678916e-23,4.101110107267882e-23,4.1011101072678575e-23,4.101110107267831e-23,4.101110107267834e-23,4.1011101072678176e-23,4.101110107267839e-23,4.101110107267841e-23,4.101110107267865e-23,4.1011101072678875e-23,4.1011101072678975e-23,4.10111010726791e-23,4.1011101072679146e-23,4.101110107267913e-23,4.1011101072679134e-23,4.101110107267902e-23,4.1011101072678775e-23,4.1011101072678493e-23,4.101110107267821e-23,4.101110107267798e-23,4.1011101072677905e-23,4.1011101072677923e-23,4.1011101072677794e-23,4.1011101072677594e-23,4.101110107267771e-23,4.101110107267785e-23,4.1011101072678e-23,4.1011101072677864e-23,4.101110107267766e-23,4.101110107267781e-23,4.1011101072677847e-23,4.101110107267787e-23,4.1011101072677876e-23,4.10111010726779e-23,4.1011101072678005e-23,4.101110107267824e-23,4.101110107267858e-23,4.10111010726786e-23,4.101110107267864e-23,4.101110107267865e-23,4.101110107267836e-23,4.1011101072678093e-23,4.101110107267821e-23,4.101110107267813e-23,4.1011101072677847e-23,4.101110107267786e-23,4.101110107267789e-23,4.101110107267792e-23,4.101110107267806e-23,4.1011101072678035e-23,4.1011101072678017e-23,4.1011101072678176e-23,4.1011101072678475e-23,4.1011101072678405e-23,4.101110107267847e-23,4.101110107267857e-23,4.1011101072678517e-23,4.101110107267845e-23,4.101110107267863e-23,4.1011101072678734e-23,4.101110107267871e-23,4.101110107267851e-23,4.101110107267849e-23,4.101110107267801e-23,4.101110107267786e-23,4.1011101072678093e-23,4.1011101072677947e-23,4.10111010726779e-23,4.1011101072678076e-23,4.1011101072678264e-23,4.10111010726787e-23,4.1011101072678905e-23,4.1011101072679075e-23,4.101110107267923e-23,4.101110107267917e-23,4.10111010726791e-23,4.101110107267915e-23,4.101110107267936e-23,4.1011101072679375e-23,4.101110107267939e-23,4.1011101072679334e-23,4.101110107267933e-23,4.101110107267946e-23,4.1011101072679287e-23,4.10111010726792e-23,4.101110107267905e-23,4.101110107267889e-23,4.101110107267895e-23,4.101110107267885e-23,4.1011101072678593e-23,4.101110107267847e-23,4.1011101072678317e-23,4.1011101072678093e-23,4.1011101072678193e-23,4.10111010726783e-23,4.101110107267824e-23,4.101110107267831e-23,4.1011101072678464e-23,4.10111010726786e-23,4.1011101072678634e-23,4.1011101072678575e-23,4.101110107267858e-23,4.101110107267821e-23,4.1011101072677876e-23,4.1011101072677894e-23,4.1011101072677835e-23,4.1011101072677676e-23,4.101110107267772e-23,4.1011101072677706e-23,4.101110107267792e-23,4.101110107267799e-23,4.101110107267825e-23,4.1011101072678505e-23,4.101110107267868e-23,4.1011101072678863e-23,4.1011101072678905e-23,4.101110107267887e-23,4.1011101072678963e-23,4.1011101072679087e-23,4.1011101072678916e-23,4.101110107267895e-23,4.101110107267894e-23,4.1011101072678887e-23,4.10111010726787e-23,4.101110107267848e-23,4.101110107267865e-23,4.101110107267871e-23,4.10111010726787e-23,4.101110107267876e-23,4.10111010726789e-23,4.1011101072678875e-23,4.1011101072678875e-23,4.101110107267866e-23,4.101110107267849e-23,4.101110107267846e-23,4.1011101072678146e-23,4.101110107267786e-23,4.1011101072677876e-23,4.101110107267795e-23,4.1011101072678005e-23,4.101110107267797e-23,4.101110107267793e-23,4.1011101072677994e-23,4.101110107267777e-23,4.1011101072678076e-23,4.101110107267815e-23,4.101110107267817e-23,4.1011101072678417e-23,4.101110107267848e-23,4.1011101072678605e-23,4.101110107267874e-23,4.101110107267878e-23,4.1011101072678905e-23,4.101110107267896e-23,4.101110107267893e-23,4.101110107267898e-23,4.1011101072679116e-23,4.1011101072679245e-23,4.1011101072679216e-23,4.1011101072679046e-23,4.101110107267914e-23,4.101110107267905e-23,4.101110107267905e-23,4.101110107267874e-23,4.101110107267873e-23,4.101110107267867e-23,4.101110107267867e-23,4.1011101072678575e-23,4.101110107267879e-23,4.101110107267868e-23,4.1011101072678787e-23,4.1011101072678946e-23,4.101110107267898e-23,4.101110107267885e-23,4.101110107267892e-23,4.1011101072678975e-23,4.101110107267913e-23,4.101110107267891e-23,4.101110107267894e-23,4.1011101072678787e-23,4.10111010726789e-23,4.101110107267882e-23,4.1011101072678546e-23,4.1011101072678364e-23,4.101110107267835e-23,4.1011101072678434e-23,4.1011101072678393e-23,4.1011101072678575e-23,4.1011101072678975e-23,4.10111010726791e-23,4.101110107267896e-23,4.101110107267898e-23,4.1011101072678863e-23,4.1011101072678787e-23,4.101110107267865e-23,4.1011101072678787e-23,4.101110107267882e-23,4.1011101072678787e-23,4.101110107267864e-23,4.101110107267859e-23,4.101110107267857e-23,4.1011101072678575e-23,4.101110107267828e-23,4.1011101072677976e-23,4.101110107267792e-23,4.1011101072677876e-23,4.1011101072677764e-23,4.10111010726776e-23,4.101110107267733e-23,4.10111010726773e-23,4.101110107267705e-23,4.1011101072676724e-23,4.101110107267677e-23,4.101110107267674e-23,4.101110107267664e-23,4.101110107267655e-23,4.101110107267635e-23,4.1011101072676224e-23,4.101110107267623e-23,4.1011101072676224e-23,4.10111010726764e-23,4.1011101072676254e-23,4.1011101072676166e-23,4.101110107267611e-23,4.101110107267572e-23,4.101110107267545e-23,4.101110107267537e-23,4.101110107267522e-23,4.1011101072675e-23,4.101110107267468e-23,4.1011101072674414e-23,4.101110107267429e-23,4.1011101072673915e-23,4.1011101072673774e-23,4.101110107267341e-23,4.1011101072673245e-23,4.1011101072672986e-23,4.101110107267307e-23,4.1011101072672986e-23,4.1011101072673004e-23,4.101110107267304e-23,4.101110107267313e-23,4.1011101072673e-23,4.101110107267306e-23,4.101110107267306e-23,4.1011101072672815e-23,4.101110107267255e-23,4.101110107267221e-23,4.10111010726719e-23,4.101110107267133e-23,4.101110107267048e-23,4.1011101072669836e-23,4.101110107266895e-23,4.101110107266811e-23,4.1011101072667585e-23,4.101110107266717e-23,4.1011101072667085e-23,4.101110107266691e-23,4.101110107266686e-23,4.1011101072666785e-23,4.1011101072666826e-23,4.101110107266669e-23,4.101110107266672e-23,4.101110107266668e-23,4.1011101072666773e-23,4.1011101072666527e-23,4.10111010726666e-23,4.101110107266663e-23,4.101110107266649e-23,4.101110107266666e-23,4.101110107266686e-23,4.101110107266695e-23,4.101110107266708e-23,4.101110107266705e-23,4.1011101072666997e-23,4.101110107266684e-23,4.101110107266681e-23,4.101110107266681e-23,4.1011101072666697e-23,4.101110107266673e-23,4.101110107266665e-23,4.10111010726667e-23,4.1011101072666715e-23,4.101110107266653e-23,4.101110107266658e-23,4.101110107266665e-23,4.1011101072666626e-23,4.1011101072666427e-23,4.10111010726666e-23,4.1011101072666644e-23,4.10111010726666e-23,4.101110107266647e-23,4.101110107266642e-23,4.101110107266656e-23,4.101110107266667e-23,4.1011101072666544e-23,4.101110107266656e-23,4.101110107266644e-23,4.1011101072666127e-23,4.1011101072665845e-23,4.101110107266559e-23,4.1011101072665286e-23,4.1011101072665187e-23,4.1011101072665087e-23,4.1011101072664634e-23,4.101110107266437e-23,4.101110107266433e-23,4.1011101072664505e-23,4.1011101072664534e-23,4.1011101072664916e-23,4.101110107266515e-23,4.101110107266546e-23,4.1011101072665616e-23,4.10111010726658e-23,4.101110107266611e-23,4.1011101072666045e-23,4.101110107266602e-23,4.101110107266624e-23,4.101110107266617e-23,4.101110107266618e-23,4.1011101072666485e-23,4.1011101072666344e-23,4.101110107266654e-23,4.101110107266656e-23,4.101110107266668e-23,4.1011101072666327e-23,4.101110107266623e-23,4.1011101072666015e-23,4.1011101072666244e-23,4.1011101072666315e-23,4.10111010726663e-23,4.1011101072666374e-23,4.101110107266642e-23,4.101110107266643e-23,4.10111010726663e-23,4.101110107266635e-23,4.101110107266642e-23,4.1011101072666274e-23,4.1011101072666327e-23,4.101110107266643e-23,4.101110107266637e-23,4.101110107266641e-23,4.10111010726665e-23,4.1011101072666503e-23,4.10111010726665e-23,4.1011101072666374e-23,4.1011101072666403e-23,4.101110107266636e-23,4.101110107266636e-23,4.101110107266647e-23,4.1011101072666626e-23,4.1011101072666726e-23,4.101110107266624e-23,4.1011101072665915e-23,4.101110107266556e-23,4.101110107266509e-23,4.101110107266522e-23,4.1011101072665104e-23,4.1011101072665333e-23,4.1011101072665633e-23,4.1011101072665804e-23,4.1011101072665956e-23,4.101110107266592e-23,4.101110107266617e-23,4.101110107266636e-23,4.101110107266651e-23,4.1011101072666485e-23,4.101110107266653e-23,4.1011101072666156e-23,4.101110107266607e-23,4.10111010726662e-23,4.101110107266628e-23,4.1011101072666626e-23,4.1011101072666844e-23,4.1011101072666773e-23,4.101110107266675e-23,4.101110107266656e-23,4.101110107266649e-23,4.1011101072666603e-23,4.101110107266647e-23,4.1011101072666186e-23,4.101110107266617e-23,4.10111010726661e-23,4.101110107266598e-23,4.1011101072665986e-23,4.101110107266613e-23,4.101110107266614e-23,4.10111010726663e-23,4.101110107266649e-23,4.1011101072666403e-23,4.1011101072666556e-23,4.101110107266635e-23,4.101110107266633e-23,4.101110107266654e-23,4.101110107266634e-23,4.10111010726664e-23,4.101110107266641e-23,4.1011101072666515e-23,4.101110107266692e-23,4.10111010726671e-23,4.1011101072666973e-23,4.1011101072666797e-23,4.1011101072666715e-23,4.1011101072666574e-23,4.101110107266641e-23,4.101110107266644e-23,4.101110107266657e-23,4.101110107266651e-23,4.1011101072666674e-23,4.101110107266638e-23,4.1011101072666274e-23,4.101110107266647e-23,4.101110107266655e-23,4.101110107266676e-23,4.101110107266673e-23,4.1011101072666685e-23,4.1011101072666503e-23,4.101110107266674e-23,4.1011101072666603e-23,4.101110107266647e-23,4.1011101072666344e-23,4.101110107266638e-23,4.1011101072666456e-23,4.101110107266657e-23,4.101110107266655e-23,4.101110107266646e-23,4.1011101072666556e-23,4.101110107266674e-23,4.101110107266672e-23,4.10111010726668e-23,4.1011101072666773e-23,4.101110107266664e-23,4.101110107266623e-23,4.1011101072665956e-23,4.1011101072665945e-23,4.1011101072666074e-23,4.1011101072666086e-23,4.101110107266627e-23,4.101110107266615e-23,4.101110107266632e-23,4.101110107266645e-23,4.101110107266642e-23,4.1011101072666485e-23,4.101110107266652e-23,4.101110107266648e-23,4.101110107266648e-23,4.101110107266643e-23,4.101110107266641e-23,4.101110107266648e-23,4.1011101072666685e-23,4.1011101072666785e-23,4.101110107266665e-23,4.1011101072666515e-23,4.1011101072666344e-23,4.1011101072666544e-23,4.1011101072666556e-23,4.101110107266663e-23,4.1011101072666773e-23,4.1011101072666756e-23,9.161436292141554e-18,1.5299196606165396e-17,1.9501037992216807e-17,2.246956921503579e-17,2.465793148218454e-17,2.6358027090996312e-17,2.775776597804477e-17,2.897812667564609e-17,3.0097100177585794e-17,3.116512991872537e-17,3.221505050087086e-17,3.32684747851215e-17,3.4339892485848786e-17,3.5439296930067575e-17,3.6573867002636556e-17,3.774904373409641e-17,3.8969219788422766e-17,4.0238181966770355e-17,4.155939648057736e-17,4.293619448887631e-17,4.437189457774384e-17,4.586988564449956e-17,4.743368513113803e-17,4.906698215887031e-17,5.0773671670459604e-17,5.255788350178442e-17,5.4424008919709863e-17,5.637672630402318e-17,5.842102709856647e-17,6.056224282684888e-17,6.280607378341502e-17,6.515861981538022e-17,6.762641370500667e-17,7.021645746096518e-17,7.293626194361982e-17,7.579389023929592e-17,7.879800517171844e-17,8.195792150483372e-17,8.528366330551273e-17,8.878602706538375e-17,9.247665129782378e-17,9.636809327804218e-17,1.0047391382269852e-16,1.0480877104950376e-16,1.0938852417531911e-16,1.1423034858525995e-16,1.19352863562536e-16,1.2477627424855939e-16,1.3052252960831837e-16,1.3661549852077288e-16,1.4308116639031687e-16,1.499478539077689e-16,1.5724646418057225e-16,1.6501075709463956e-16,1.732776588442651e-16,1.8208760962665159e-16,1.9148495516485815e-16,2.0151838846956285e-16,2.1224144900505735e-16,2.2371308781798936e-16,2.3599830844593124e-16,2.4916889517965885e-16,2.6330424216648527e-16,2.784922992154929e-16,2.948306529542876e-16,3.1242776517459384e-16,3.314043947988257e-16,3.518952336279357e-16,3.7405079313698185e-16,3.9803958564012264e-16,4.2405065220075335e-16,4.522964999258847e-16,4.830165241773652e-16,5.164810062969955e-16,5.529957978598035e-16,5.929078247338602e-16,6.366115749414437e-16,6.845567704037653e-16,7.372574687022283e-16,7.953028988355648e-16,8.593704075816415e-16,9.302409854754348e-16,1.0088179590230217e-15,1.0961495863445075e-15,1.193456487442027e-15,1.3021650907968082e-15,1.4239486059694582e-15,1.5607774581437925e-15,1.7149816869898926e-15,1.8893285581352753e-15,2.0871196397553205e-15,2.312312939725797e-15,2.5696775265258404e-15,2.8649905539640165e-15,3.205290051006624e-15,3.599201625963067e-15,4.0573639575398665e-15,4.592987480007142e-15,5.222594333021252e-15,5.967007447855873e-15,6.852685685890233e-15,7.913545054307545e-15,9.193470939886244e-15,1.0749825367353381e-14,1.2658406905038255e-14,1.5020562886051906e-14,1.797354185314304e-14,2.1705808732604663e-14,2.6480103994805232e-14,3.26688340891128e-14,4.080953586575825e-14,5.1693817185157695e-14,6.651361966444532e-14,8.710853317198124e-14,1.163970656202139e-13,1.5915491258435017e-13,2.2347417312002245e-13,3.236190262243311e-13,4.858895563278121e-13,7.613318587308068e-13,1.2550141395937404e-12,2.1982046043961502e-12,4.1401966739644185e-12,8.500997294786449e-12,1.930024420678457e-11,4.898454517765921e-11,1.3908658102152708e-10,4.336947015579929e-10,1.4240022912089045e-09,4.655734517092773e-09,1.442117200545469e-08,4.1070842159751625e-08,1.0625853437611471e-07,2.489153940851952e-07,5.276838037359999e-07,1.0136146606850285e-06,1.7705888642429213e-06,2.830007942594636e-06,4.172894788733543e-06,5.729188028899222e-06,7.394047186253827e-06,9.052731069121873e-06,1.0603359859234908e-05,1.1970631092769922e-05,1.3109586157036902e-05,1.4002450468506918e-05,1.4652291484566721e-05,1.5076197556604618e-05,1.529937926884728e-05,1.535066899801956e-05,1.5259394616433027e-05,1.5053395077770727e-05,1.4757897110223428e-05,1.4394996820339693e-05,1.3983540186621174e-05,1.353924892481563e-05,1.3074983542672982e-05,1.2601070909950212e-05,1.212564977364643e-05,1.1655006054153985e-05,1.1193882221625629e-05,1.0745753242093297e-05,1.0313066731909725e-05,9.897448068036794e-06,9.499872945994465e-06,9.120810721282188e-06,8.760342171839895e-06,8.418255280286935e-06,8.094122399509225e-06,7.78736184319435e-06,7.497286576546851e-06,7.223142319234012e-06,6.964137029136456e-06,6.719463421687376e-06,6.488315903178291e-06,6.269903057046714e-06,6.063456614346959e-06,5.868237667994965e-06,5.6835407462733825e-06,5.508696233528633e-06,5.3430715393330575e-06,5.186071324592711e-06,5.037137032848085e-06,4.895745926471556e-06,4.761409764699453e-06,4.633673260338454e-06,4.512112389827049e-06,4.396332631265997e-06,4.285967179718958e-06,4.180675178385427e-06,4.080139991645532e-06,3.984067540585376e-06,3.899960078113202e-06,3.8117521170354906e-06,3.7272059606431183e-06,3.6461487816433655e-06,3.5683839841821637e-06,3.493723277005805e-06,3.421990142455884e-06,3.35301990860561e-06,3.286659125934633e-06,3.2227648002149457e-06,3.1612036240161677e-06,3.1018512460590097e-06,3.0445916821638057e-06,2.989316359809726e-06,2.9359240192958603e-06,2.8843198913923506e-06,2.834415266208021e-06,2.7861270499834502e-06,2.7393773528924487e-06,2.694093109333298e-06,2.6502057282203265e-06,2.6076507714550166e-06,2.5663676574915984e-06,2.526299388393886e-06,2.4873922980611235e-06,2.4495958213588923e-06,2.4128622792063765e-06,2.377146681610868e-06,2.3424065459515074e-06,2.3086017284534804e-06,2.275694268914502e-06,2.243648246889927e-06,2.212429649327873e-06,2.1820062467548597e-06,2.1523474797991244e-06,2.1234243536473877e-06,2.095209339467213e-06,2.0676762851026837e-06,2.0408003286315964e-06,2.0145578216672916e-06,1.9889262558012777e-06,1.963884194843079e-06,1.9394112118399955e-06,1.915487830462412e-06,1.8920954699898506e-06,1.869216394145793e-06,1.8468336642242346e-06,1.8249310936335035e-06,1.8034932066873983e-06,1.7825051997033118e-06,1.761952904780427e-06,1.741822755669176e-06,1.7221017554645704e-06,1.7027774474234771e-06,1.6838378863437205e-06,1.6652716128103165e-06,1.6470676276405647e-06,1.6292153699343186e-06,1.611704693782542e-06,1.5945258486053148e-06,1.5776694597343486e-06,1.5611265101285972e-06,1.5448883231400524e-06,1.5289465467225042e-06,1.5132931376157304e-06,1.4979203473210288e-06,1.4828207084293544e-06,1.4679870217588392e-06,1.4534123439349553e-06,1.439089977207559e-06,1.4250134563810964e-06,1.411176540485836e-06,1.397573201811895e-06,1.384197617373921e-06,1.3710441599110622e-06,1.3581073894561122e-06,1.3453820458402023e-06,1.3328630406255448e-06,1.3205454506071568e-06,1.308424510731427e-06,1.2964956075521573e-06,1.284754273464073e-06,1.2731961807014916e-06,1.2618171357672479e-06,1.2506130742226516e-06,1.2395800557535253e-06,1.2287142591646024e-06,1.2180119780788199e-06,1.207469616393959e-06,1.197083684207683e-06,1.1868507938650831e-06,1.1767676560941872e-06,1.1668310765014806e-06,1.1570379521120804e-06,1.147385267839196e-06,1.1378700936554987e-06,1.1284895813895577e-06,1.1192409618565157e-06,1.1101215420925726e-06,1.101128702696467e-06,1.092259895276174e-06,1.0835126401770998e-06,1.0748845238096288e-06,1.0663731968233986e-06,1.0579763715708666e-06,1.0496918203710738e-06,1.041517373237949e-06,1.033450916303048e-06,1.0254903897344406e-06,1.0176337861160689e-06,1.0098791487096317e-06,1.002224569915434e-06,9.946681895567953e-07,9.872081936035718e-07,9.798428125855535e-07,9.725703202429775e-07,9.653890321731525e-07,9.582973047264093e-07,9.512935334585487e-07,9.443761521495993e-07,9.375436316411072e-07,9.307944787027244e-07,9.241272349621041e-07,9.175404759172006e-07,9.110328098697537e-07,9.04602877076627e-07,8.982493487468601e-07,8.919709262223882e-07,8.85766339982234e-07,8.79634349044771e-07,8.735737399616021e-07,8.675833262101948e-07,8.616619471014708e-07,8.558084675739697e-07,8.500217771499427e-07,8.443007893678779e-07,8.386444410556568e-07,8.330516918044971e-07,8.27521523299873e-07,8.220529386700602e-07,8.166449623032799e-07,8.112966385700006e-07,8.060070319002344e-07,8.007752260375024e-07,7.956003235562701e-07,7.904814454124752e-07,7.854177303974578e-07,7.804083347631002e-07,7.754524317283512e-07,7.705492111203354e-07,7.656978788234171e-07,7.608976565059033e-07,7.561477811879909e-07,7.514475048568948e-07,7.467960940749729e-07,7.421928296821685e-07,7.37637006421747e-07,7.331279325535983e-07,7.286649295981469e-07,7.242473320102837e-07,7.198744868388831e-07,7.155457534536886e-07,7.112605032368584e-07,7.07018119257213e-07,7.028179962411913e-07,6.986595399271693e-07,6.945421670709635e-07,6.904653050792488e-07,6.864283918273214e-07,6.824308753652005e-07,6.784722137948956e-07,6.74551874918718e-07,6.706693360712264e-07,6.668240839340927e-07,6.630156141783742e-07,6.592434316023629e-07,6.555070496178038e-07,6.518059901338027e-07,6.481397834420293e-07,6.445079679248778e-07,6.409100899802579e-07,6.373457038116099e-07,6.338143712969406e-07,6.30315661721564e-07,6.268491517419645e-07,6.234144251577641e-07,6.20011072800418e-07,6.16638692365068e-07,6.1329688825126e-07,6.099852714346232e-07,6.067034593732066e-07,6.03451075824799e-07,6.002277507252206e-07,5.970331200896533e-07,5.938668258082884e-07,5.907285156598253e-07,5.876178431310559e-07,5.845344671542738e-07,5.814780522767896e-07,5.784482683532663e-07,5.75444790510588e-07,5.724672990186383e-07,5.695154791972416e-07,5.665890213194925e-07,5.636876205110987e-07,5.608109766633721e-07,5.579587943117825e-07,5.551307826134626e-07,5.523266552726391e-07,5.495461301567354e-07,5.467889296929084e-07,5.440547804678252e-07,5.413434132311665e-07,5.386545628093388e-07,5.359879680290872e-07,5.333433715947001e-07,5.307205201753315e-07,5.281191642322499e-07,5.255390578193213e-07,5.229799586895442e-07,5.207898899038674e-07,5.182690396164602e-07,5.157685685513973e-07,5.132882310241765e-07,5.108277851844383e-07,5.083870033855827e-07,5.0596566481894e-07,5.035635530224388e-07,5.011804549127776e-07,4.988161606801575e-07,4.964704635194687e-07,4.941431595813093e-07,4.918340478905459e-07,4.895429303608841e-07,4.87269611654297e-07,4.850138992026066e-07,4.827756031177507e-07,4.805545361686244e-07,4.78350513699947e-07,4.7616335365972144e-07,4.7399287650851006e-07,4.718389051366058e-07,4.697012649057437e-07,4.675797835148392e-07,4.6547429105064204e-07,4.633846199144039e-07,4.613106047552057e-07,4.5925208246018254e-07,4.5720889211455814e-07,4.551808749593203e-07,4.531678743654377e-07,4.511697358110189e-07,4.491863067296721e-07,4.472174366700112e-07,4.4526297715266827e-07,4.433227816404224e-07,4.413967055502138e-07,4.3948460610234826e-07,4.37586342463045e-07,4.3570177560165867e-07,4.3383076828387785e-07,4.3197318506324306e-07,4.301288922226314e-07,4.282977577685383e-07,4.2647965138652485e-07,4.246744444416453e-07,4.228820099280541e-07,4.2110222245665414e-07,4.193349582129501e-07,4.1758009494950253e-07,4.158375119572066e-07,4.141070900382394e-07,4.1238871148555215e-07,4.106822600590828e-07,4.0898762097611077e-07,4.073046808529486e-07,4.0563332769955293e-07,4.0397345093718087e-07,4.023249413380702e-07,4.0068769099890755e-07,3.990615933406218e-07,3.974465430821337e-07,3.958424361732124e-07,3.942491699197724e-07,3.9266664281871614e-07,3.9109475462185366e-07,3.895334062648886e-07,3.879824997860156e-07,3.864419384673992e-07,3.849116267959862e-07,3.833914702932773e-07,3.818813756658436e-07,3.8038125071638474e-07,3.7889100429096266e-07,3.7741054630000616e-07,3.7593978777383997e-07,3.7447864074749434e-07,3.730270182928814e-07,3.7158483447385216e-07,3.701520043524104e-07,3.687284439862e-07,3.673140703895877e-07,3.6590880153457664e-07,3.645125563316995e-07,3.631252546194765e-07,3.617468171504923e-07,3.603771655592891e-07,3.5901622239875177e-07,3.5766391109911195e-07,3.563201559436408e-07,3.5498488206799366e-07,3.536580154479162e-07,3.5233948288842476e-07,3.5102921203868107e-07,3.497271313005029e-07,3.484331698980202e-07,3.4714725784012474e-07,3.4586932590493686e-07,3.4459930564437864e-07,3.433371293549738e-07,3.420827300796846e-07,3.408360415944042e-07,3.395969983942226e-07,3.3836553569133493e-07,3.3714158940406273e-07,3.359250961342478e-07,3.3471599318865027e-07,3.335142185294366e-07,3.3231971079256344e-07,3.311324092666932e-07,3.2995225390612285e-07,3.2877918530237156e-07,3.276131446768195e-07,3.2645407386080403e-07,3.253019153201025e-07,3.2415661212402797e-07,3.230181079461403e-07,3.2188634704745864e-07,3.20761274278419e-07,3.196428350651579e-07,3.1853097537264126e-07,3.174256418089823e-07,3.1632678146308853e-07,3.1523434199538417e-07,3.141482716106983e-07,3.13068519063172e-07,3.119950335994516e-07,3.109277650341968e-07,3.098666636569378e-07,3.0881168027809503e-07,3.0776276621271155e-07,3.067198732713118e-07,3.0568295374537506e-07,3.04651960430124e-07,3.0362684658127617e-07,3.026075659249904e-07,3.015940726681617e-07,3.00586321471697e-07,2.995842674336498e-07,2.98587866121146e-07,2.9759707353871167e-07,2.966118461280718e-07,2.9563214076504904e-07,2.9465791474974933e-07,2.9368912580731486e-07,2.927257320784279e-07,2.9176769211415936e-07,2.908149648762756e-07,2.898675097264004e-07,2.8892528642462543e-07,2.8798825512302486e-07,2.870563763619325e-07,2.8612961106444793e-07,2.852079205339361e-07,2.842912664452535e-07,2.833796108444591e-07,2.824729161427505e-07,2.815711451121113e-07,2.8067426088151876e-07,2.7978222693486e-07,2.7889500710505187e-07,2.7801256556615944e-07,2.771348668340464e-07,2.762618757611045e-07,2.7539355753261555e-07,2.745298776618204e-07,2.736708019816844e-07,2.728162966719649e-07,2.71966328187208e-07,2.7112086332945994e-07,2.702798692170689e-07,2.694433132378566e-07,2.6861116310941877e-07,2.677833868474018e-07,2.6695995275418886e-07,2.661408294417694e-07,2.6532598578417024e-07,2.645153909839472e-07,2.6370901449271784e-07,2.6290682605087687e-07,2.6210879567724957e-07,2.613148936665422e-07,2.605250905780972e-07,2.5973935724582814e-07,2.589576647661303e-07,2.5817998449722093e-07,2.5740628805660817e-07,2.56636547319455e-07,2.558707344092148e-07,2.5510882170396445e-07,2.543507818299267e-07,2.5359658765550117e-07,2.528462122976607e-07,2.5209962911346093e-07,2.513568116764647e-07,2.5061773382782276e-07,2.498823696130365e-07,2.491506933200803e-07,2.484226794684135e-07,2.4769830278871654e-07,2.4697753823841047e-07,2.4626036100130646e-07,2.4554674647790374e-07,2.448366702591489e-07,2.4413010819224066e-07,2.434270363121447e-07,2.4272743086071126e-07,2.4203126829306503e-07,2.4133852525560576e-07,2.4064917859843673e-07,2.399632053844153e-07,2.392805828761773e-07,2.386012885136149e-07,2.3792529993915946e-07,2.3725259498631054e-07,2.3658315167801307e-07,2.3591694822440227e-07,2.352539630227467e-07,2.3459417465220826e-07,2.33937561872712e-07,2.3328410362640979e-07,2.326337790322556e-07,2.3198656738807777e-07,2.3134244816064538e-07,2.3070140099193293e-07,2.3006340569471212e-07,2.2942844225077368e-07,2.287964908091353e-07,2.2816753168439598e-07,2.27541545355087e-07,2.269185124619687e-07,2.2629841380641933e-07,2.2568123034412546e-07,2.250669432005366e-07,2.244555336456261e-07,2.2384698310792875e-07,2.2324127316616814e-07,2.2263838555316096e-07,2.2203830214971927e-07,2.214410049850734e-07,2.2084647623476905e-07,2.2025469822039625e-07,2.1966565340667922e-07,2.1907932440081817e-07,2.1849569395094562e-07,2.1791474494453004e-07,2.17336460407612e-07,2.167608235028374e-07,2.1618781752829617e-07,2.1561742591624046e-07,2.1504963223191775e-07,2.1448442017174132e-07,2.1392177356255465e-07,2.1336167636017137e-07,2.1280411264814563e-07,2.1224906663652484e-07,2.116965226604782e-07,2.111464651796265e-07,2.1059887877613467e-07,2.1005374815430393e-07,2.0951105813801338e-07,2.0897079367041754e-07,2.0843293981933453e-07,2.0789748174506577e-07,2.073644047559164e-07,2.0683369426200144e-07,2.0630533578867237e-07,2.0577931497067663e-07,2.0525561755583272e-07,2.0473422940284098e-07,2.0421513647916074e-07,2.0369832486195847e-07,2.031837807454681e-07,2.0267149040936079e-07,2.0216144024856279e-07,2.0165361676497806e-07,2.0114800656251648e-07,2.0064459634765297e-07,2.0014337293039033e-07,1.9964432321727342e-07,1.9914743421678857e-07,1.986526930340174e-07,1.9816008687788974e-07,1.9766960304844363e-07,1.9718122894147914e-07,1.9669495205060372e-07,1.9621075996001966e-07,1.957286403605925e-07,1.9524858102673121e-07,1.9477056981234313e-07,1.942945946823504e-07,1.9382064368357698e-07,1.933487049438343e-07,1.9287876669108345e-07,1.924108172374841e-07,1.9194484498094616e-07,1.9148083840488404e-07,1.910187860808462e-07,1.9055867666402883e-07,1.9010049889009604e-07,1.896442415816192e-07,1.8918989364027795e-07,1.8873744405198477e-07,1.8828688188274046e-07,1.8783819627794046e-07,1.873913764628956e-07,1.8694641174141773e-07,1.8650329149527905e-07,1.8606200518351427e-07,1.856225423420475e-07,1.8518489257515994e-07,1.8474904559348754e-07,1.843149911316192e-07,1.8388271903612947e-07,1.834522192124003e-07,1.8302348164372191e-07,1.8259649638324482e-07,1.8217125355513543e-07,1.8174774335525275e-07,1.8132595604876677e-07,1.8090588197063878e-07,1.8048751152477513e-07,1.8007083518339627e-07,1.796558434864686e-07,1.7924252704107757e-07,1.7883087652089836e-07,1.7842088266557168e-07,1.7801253628018572e-07,1.7760582823527607e-07,1.7720074946439591e-07,1.7679729096560847e-07,1.7639544380015585e-07,1.7599519909213346e-07,1.7559654802753872e-07,1.751994818528823e-07,1.7480399187810098e-07,1.744100694726607e-07,1.7401770606576666e-07,1.7362689314632638e-07,1.7323762226253925e-07,1.7284988502066236e-07,1.7246367308527058e-07,1.7207897817851607e-07,1.7169579207963337e-07,1.7131410662447335e-07,1.7093391370501473e-07,1.705552052685846e-07,1.7017797331866167e-07,1.698022099125357e-07,1.6942790716207905e-07,1.6905505723347023e-07,1.6868365234489073e-07,1.683136847688462e-07,1.6794514682990902e-07,1.6757803090472473e-07,1.6721232942158368e-07,1.668480348597584e-07,1.6648513974979902e-07,1.661236366726304e-07,1.6576351825863627e-07,1.65404777188209e-07,1.6504740619060817e-07,1.646913980440997e-07,1.6433674557481043e-07,1.6398344165755232e-07,1.6363147921715684e-07,1.6328085121803052e-07,1.62931550678399e-07,1.6258357066112393e-07,1.6223690427879975e-07,1.6189154467706323e-07,1.6154748506654396e-07,1.6120471867821727e-07,1.6086323881200424e-07,1.6052303879260056e-07,1.601841120017884e-07,1.5984645185851266e-07,1.595100518305658e-07,1.5917490542288792e-07,1.588410061847632e-07,1.5850834770623992e-07,1.5817692362322462e-07,1.5784672760934768e-07,1.5751775338035228e-07,1.571899946932981e-07,1.5686344534515398e-07,1.5653809917437874e-07,1.5621395005843024e-07,1.5589099191304556e-07,1.5556921869515288e-07,1.5524862439935134e-07,1.5492920306104637e-07,1.5461094874779915e-07,1.5429385557850595e-07,1.539779176963268e-07,1.5366312928643047e-07,1.533494845705894e-07,1.5303697780836284e-07,1.5272560329690178e-07,1.524153553685329e-07,1.5210622839169755e-07,1.5179821677055623e-07,1.51491314944828e-07,1.5118551738941496e-07,1.5088081861408612e-07,1.5057721316336337e-07,1.5027469561595325e-07,1.4997326058516372e-07,1.496729027203596e-07,1.493736166970004e-07,1.4907539723123265e-07,1.4877823907040702e-07,1.484821369939288e-07,1.481870858167208e-07,1.4789308037834252e-07,1.4760011556007377e-07,1.4730818626943281e-07,1.4701728744661626e-07,1.4672741406366213e-07,1.4643856112284765e-07,1.4615072365324925e-07,1.4586389672734265e-07,1.4557807544195963e-07,1.4529325491896282e-07,1.4500943031236245e-07,1.4472659680757075e-07,1.4444474961954995e-07,1.4416388399221664e-07,1.438839951986815e-07,1.4360507854094278e-07,1.433271293503901e-07,1.4305014298554688e-07,1.4277411483382582e-07,1.4249904031005305e-07,1.4222491485847527e-07,1.4195173395504874e-07,1.41679493087646e-07,1.4140818778729792e-07,1.4113781360683946e-07,1.4086836612586117e-07,1.405998409505965e-07,1.4033223371372324e-07,1.4006554007417738e-07,1.3979975571717873e-07,1.3953487635299115e-07,1.3927089771932113e-07,1.3900781557758956e-07,1.3874562570772735e-07,1.3848432392956209e-07,1.382239060805827e-07,1.3796436803052335e-07,1.3770570565911865e-07,1.3744791487752138e-07,1.3719099162120183e-07,1.3693493184974604e-07,1.36679731546626e-07,1.364253867190654e-07,1.361718933977557e-07,1.359192476369386e-07,1.3566744551036585e-07,1.3541648312004511e-07,1.3516635659695714e-07,1.3491706208156247e-07,1.3466859574370648e-07,1.3442095377284914e-07,1.341741323847163e-07,1.3392812781282265e-07,1.3368293631397243e-07,1.334385541631412e-07,1.331949776648384e-07,1.329522031432297e-07,1.327102269331258e-07,1.3246904541178808e-07,1.3222865495326618e-07,1.3198905197412887e-07,1.3175023289704558e-07,1.315121941697675e-07,1.3127493226054448e-07,1.3103844365905162e-07,1.3080272487279706e-07,1.3056777243086925e-07,1.3033358288139e-07,1.3010015279406356e-07,1.2986747875551357e-07,1.2963555737371032e-07,1.2940438527502552e-07,1.2917395910541862e-07,1.2894427553004655e-07,1.2871533123288097e-07,1.2848712291657025e-07,1.282596473027137e-07,1.2803290113107483e-07,1.2780688116022416e-07,1.2758158416615272e-07,1.273570069447319e-07,1.2713314630833763e-07,1.26909999087752e-07,1.2668756213156584e-07,1.2646583230604975e-07,1.2624480649507235e-07,1.2602448159981144e-07,1.2580485453889216e-07,1.255859222481789e-07,1.253676816804236e-07,1.2515012980548675e-07,1.2493326361008053e-07,1.2471708009769238e-07,1.2450157628830146e-07,1.242867492185702e-07,1.2407259594147854e-07,1.2385911352630997e-07,1.2364629905856218e-07,1.234341496399531e-07,1.2322266238751435e-07,1.2301183443564696e-07,1.228016629312795e-07,1.2259214504163528e-07,1.2238327794628204e-07,1.2217505884083472e-07,1.2196748493910242e-07,1.2176055346289236e-07,1.2155426165489506e-07,1.2134860677335038e-07,1.2114358608778022e-07,1.2093919688592128e-07,1.2073543646891894e-07,1.205323021519594e-07,1.2032979126645952e-07,1.2012790115551352e-07,1.1992662917904327e-07,1.1972597271045722e-07,1.1952592913731806e-07,1.193264958612675e-07,1.1912767029791904e-07,1.189294498769643e-07,1.187318320414243e-07,1.1853481424872832e-07,1.1833839396932183e-07,1.1814256868747976e-07,1.17947335901009e-07,1.1775269311951453e-07,1.1755863786965882e-07,1.1736516768795041e-07,1.1717228012498237e-07,1.1697997274440155e-07,1.167882431227524e-07,1.1659708884955223e-07,1.1640650752698669e-07,1.1621649676995083e-07,1.1602705420592632e-07,1.1583817747500006e-07,1.156498642296636e-07,1.1546211213478429e-07,1.1527491886751954e-07,1.150882821172371e-07,1.1490219958542362e-07,1.1471666898566907e-07,1.145316880435039e-07,1.1434725449637142e-07,1.1416336609355077e-07,1.1398002059703608e-07,1.1379721577762291e-07,1.1361494942219267e-07,1.1343321932485804e-07,1.1325202329351558e-07,1.1307135914438678e-07,1.1289122470942137e-07,1.1271161783192517e-07,1.1253253636033315e-07,1.123539781602502e-07,1.1217594110604423e-07,1.1199842308480567e-07,1.1182142199147107e-07,1.1164493573292654e-07,1.1146896222686018e-07,1.1129349940306796e-07,1.1111854520066215e-07,1.1094409756955819e-07,1.107701544701616e-07,1.1059671387332081e-07,1.104237737602425e-07,1.1025133212244631e-07,1.1007938696167912e-07,1.099079362898687e-07,1.0973697812930261e-07,1.0956651051183636e-07,1.093965314793845e-07,1.0922703908410748e-07,6.558087256194493e-08,5.061088586324419e-08,4.568697207761658e-08,4.428170496713002e-08,4.410791147609897e-08,4.4364235283570827e-08,4.476990998870389e-08,4.522656132278201e-08,4.5699716005438164e-08,4.617728853179282e-08,4.6655036754126226e-08,4.7131466693447845e-08,4.76060473664634e-08,4.807858534881983e-08,4.8549005729965905e-08,4.9017275319366943e-08,4.9483375786809875e-08,4.9947294194128376e-08,5.040901972915929e-08,5.0868542537719024e-08,5.132585334283215e-08,5.1780943201598114e-08,5.223380357962773e-08,5.268442630956739e-08,5.313280354019025e-08,5.3578927710432e-08,5.4022791611969336e-08,5.446438834987705e-08,5.490371135220605e-08,5.534075436504953e-08,5.5775511450507505e-08,5.62079769840885e-08,5.663814565335217e-08,5.706601245394508e-08,5.749157268873866e-08,5.791482196483332e-08,5.8335756184477776e-08,5.875437156291579e-08,5.917066460484813e-08,5.9584632114584376e-08,5.999627117595853e-08,6.040557922983694e-08,6.081255387739487e-08,6.121719306522108e-08,6.161949501990042e-08,6.20194581695924e-08,6.241708136364779e-08,6.281236367180622e-08,6.320530439412409e-08,6.359590310758942e-08,6.398415964713002e-08,6.437007414425817e-08,6.47536469328913e-08,6.513487863196341e-08,6.551377011300006e-08,6.589032244536325e-08,6.626453699993195e-08,6.663641535171946e-08,6.700595933529268e-08,6.737317098732677e-08,6.773805260570477e-08,6.810060670134096e-08,6.846083598323778e-08,6.881874347658814e-08,6.917433227725272e-08,6.952760576221874e-08,6.987856755825662e-08,7.022722144954858e-08,7.057357141806999e-08,7.091762169058557e-08,7.125937664479045e-08,7.159884085608445e-08,7.193601911629481e-08,7.227091636399866e-08,7.260353776460803e-08,7.29338886238907e-08,7.326197444772061e-08,7.358780098573658e-08,7.391137387610761e-08,7.423269922825892e-08,7.45517832041784e-08,7.486863212303705e-08,7.518325246183764e-08,7.549565083649885e-08,7.58058340321091e-08,7.611380899705025e-08,7.641958277398253e-08,7.672316256392237e-08,7.70245557171436e-08,7.732376969828549e-08,7.762081211572427e-08,7.791569070150527e-08,7.82084132885855e-08,7.849898785727256e-08,7.878742256411075e-08,7.9073725477625e-08,7.935790497517881e-08,7.9639969494544e-08,7.991992753440037e-08,8.019778774933361e-08,8.047355880154603e-08,8.074724970222224e-08,8.101886912556332e-08,8.12884261914692e-08,8.155592999051979e-08,8.182138968866106e-08,8.208481455657108e-08,8.234621394331683e-08,8.260559725652374e-08,8.286297398602653e-08,8.31183536941204e-08,8.3371746014139e-08,8.362316063158319e-08,8.387260732251059e-08,8.412009590208057e-08,8.436563624847768e-08,8.46092382986653e-08,8.485091203902627e-08,8.509066750862387e-08,8.532851479123967e-08,8.556446403056264e-08,8.57985254063339e-08,8.603070914020141e-08,8.626102549350375e-08,8.64894847650392e-08,8.671609728891914e-08,8.694087343240169e-08,8.716382359379886e-08,8.738495820038959e-08,8.76042877159888e-08,8.782182260738188e-08,8.803757338075901e-08,8.825155058199833e-08,8.846376464269397e-08,8.867422626169823e-08,8.888294596388106e-08,8.908993433982042e-08,8.929520198356838e-08,8.949875949943962e-08,8.970061751812552e-08,8.990078665404705e-08,9.00992775206572e-08,9.029610077457764e-08,9.049126704545945e-08,9.068478698139078e-08,9.087667118168489e-08,9.106693028409555e-08,9.125557495426381e-08,9.144261578413801e-08,9.162806338852473e-08,9.181192836134662e-08,9.199422129837242e-08,9.217495277334886e-08,9.235413338154389e-08,9.253177363445208e-08,9.270788412339558e-08,9.28824753382563e-08,9.30555577923244e-08,9.322714197172464e-08,9.339723834250222e-08,9.35658573539943e-08,9.373300943252683e-08,9.389870496453066e-08,9.40629543292284e-08,9.422576787066313e-08,9.438715590951682e-08,9.454712875786888e-08,9.470569666571249e-08,9.486286987549797e-08,9.501865863867394e-08,9.517307306918805e-08,9.532612334505568e-08,9.547781956205673e-08,9.562817181236401e-08,9.57771901233016e-08,9.592488451271664e-08,9.607126495741846e-08,9.621634139337826e-08,9.63601237208028e-08,9.650262179425486e-08,9.664384545338339e-08,9.678380447711971e-08,9.692250860267972e-08,9.705996754192809e-08,9.719619095477614e-08,9.73311884713505e-08,9.746496966618098e-08,9.759754407434764e-08,9.772892119076591e-08,9.785911045638602e-08,9.798812129614947e-08,9.811596306714559e-08,9.8242645088689e-08,9.836817663203927e-08,9.849256692406234e-08,9.861582514730736e-08,9.873796043771316e-08,9.885898188319177e-08,9.89788985225868e-08,9.909771935331906e-08,9.921545332053496e-08,9.933210932225447e-08,9.944769620888871e-08,9.956222278239151e-08,9.96756977959642e-08,9.978812995392656e-08,9.989952794641228e-08,1.0000990029059899e-07,1.0011925562712037e-07,1.0022760241810472e-07,1.003349491350385e-07,1.0044130414285903e-07,1.0054667586988106e-07,1.0065107261441593e-07,1.0075450259359189e-07,1.008569740291369e-07,1.009584950756054e-07,1.010590738378039e-07,1.0115871836968783e-07,1.0125743667191288e-07,1.0135523669707355e-07,1.0145212634603071e-07,1.0154811346869682e-07,1.0164320586401425e-07,1.0173741127993932e-07,1.01830737413431e-07,1.0192319191045773e-07,1.0201478236600342e-07,1.0210551632408851e-07,1.0219540127779763e-07,1.0228444466930909e-07,1.0237265388994393e-07,1.0246003628021138e-07,1.025465991298655e-07,1.026323496779727e-07,1.0271729511298078e-07,1.0280144257279695e-07,1.0288479914487304e-07,1.029673718662985e-07,1.0304916772389529e-07,1.0313019365432183e-07,1.0321045654418526e-07,1.0328996323015543e-07,1.0336872049908316e-07,1.0344673508813e-07,1.0352401368490138e-07,1.0360056292757844e-07,1.0367638940506332e-07,1.037514996571304e-07,1.0382590017457046e-07,1.0389959739934923e-07,1.0397259772477113e-07,1.0404490750002696e-07,1.0411653301703858e-07,1.0418748052413575e-07,1.0425775622166574e-07,1.0432736626366094e-07,1.0439631675438148e-07,1.0446461375142736e-07,1.0453226326511668e-07,1.0459927125869355e-07,1.0466564364118248e-07,1.0473138628939665e-07,1.0479650502720326e-07,1.0486100563314002e-07,1.0492489383447393e-07,1.0498817531564977e-07,1.0505085574290836e-07,1.0511294066726195e-07,1.0517443564898382e-07,1.0523534619976379e-07,1.0529567777916361e-07,1.0535543580835588e-07,1.0541462564006533e-07,1.0547325261864856e-07,1.0553132202139713e-07,1.055888390882668e-07,1.0564580901511529e-07,1.0570223695696968e-07,1.057581280252601e-07,1.0581348727838712e-07,1.0586831971771874e-07,1.0592263037358171e-07,1.0597642418037842e-07,1.0602970602488962e-07,1.060824807710811e-07,1.0613475323258383e-07,1.0618652817811597e-07,1.0623781034974012e-07,1.062886044378171e-07,1.0633891512361269e-07,1.0638874698208848e-07,1.0643810461659817e-07,1.0648699253865446e-07,1.0653541527212015e-07,1.0658337724437496e-07,1.0663088289421847e-07,1.0667793660003313e-07,1.0672454270331641e-07,1.0677070551946355e-07,1.0681642929247337e-07,1.068617182591255e-07,1.0690657662409356e-07,1.0695100853066416e-07,1.0699501810571253e-07,1.0703860944298216e-07,1.0708178657248062e-07,1.0712455349644913e-07,1.0716691419733704e-07,1.0720887261676325e-07,1.0725043266155236e-07,1.0729159819065796e-07,1.0733237305154213e-07,1.0737276103954733e-07,1.074127659208407e-07,1.0745239142769132e-07,1.074916412587268e-07,1.0753051907917278e-07,1.0756902852110319e-07,1.0760717318368206e-07,1.076449566334154e-07,1.0768238240476493e-07,1.077194539992683e-07,1.0775617488687955e-07,1.0779254850598878e-07,1.0782857826306234e-07,1.0786426753324673e-07,1.0789961966235672e-07,1.0793463796446983e-07,1.079693257225869e-07,1.0800368619025373e-07,1.0803772259377967e-07,1.0807143811971822e-07,1.0810483593594369e-07,1.0813791917488492e-07,1.0817069094216921e-07,1.0820315431373831e-07,1.0823531234401053e-07,1.0826716804608111e-07,1.0829872441464267e-07,1.083299844103058e-07,1.0836095098126459e-07,1.0839162701450072e-07,1.0842201540294112e-07,1.0845211899871508e-07,1.0848194062935634e-07,1.0851148309871228e-07,1.0854074917756333e-07,1.085697416142419e-07,1.0859846313094653e-07,1.0862691642410473e-07,1.0865510415843937e-07,1.0868302898630829e-07,1.0871069352807729e-07,1.0873810037771142e-07,1.0876525210821077e-07,1.0879215126580135e-07,1.0881880037261773e-07,1.0884520192681397e-07,1.0887135840708423e-07,1.0889727225965208e-07,1.0892294591185061e-07,1.0894838176778454e-07,1.0897358220853062e-07,1.0899854959233337e-07,1.0902328625430914e-07,1.090477945079099e-07,1.090720766459647e-07,1.0909613493564878e-07,1.0911997162402188e-07,1.0914358893515877e-07,1.0916698907711372e-07,1.0919017422666915e-07,1.0921314654858381e-07,1.092359081833411e-07,1.092584612504229e-07,1.0928080784933115e-07,1.0930295005903333e-07,1.0932488993877815e-07,1.0934662952639634e-07,1.0936817084404178e-07,1.0938951588566072e-07,1.0941066663362239e-07,1.0943162504827108e-07,1.0945239307205643e-07,1.0947297262594648e-07,1.094933656143231e-07,1.0951357392248247e-07,1.0953359941700218e-07,1.0955344394623332e-07,1.095731093404293e-07,1.0959259741190729e-07,1.0961190995520789e-07,1.0963104874725429e-07,1.0965001554788376e-07,1.0966881209889199e-07,1.0968744012531528e-07,1.0970590133521046e-07,1.0972419741980839e-07,1.0974233005310919e-07,1.0976030089375104e-07,1.0977811158342175e-07,1.0979576374759725e-07,1.0981325899569234e-07,1.0983059892120988e-07,1.098477851018875e-07,1.0986481909984605e-07,1.0988170246173462e-07,1.0989843671887125e-07,1.0991502338739086e-07,1.0993146396838588e-07,1.0994775994804571e-07,1.0996391279779608e-07,1.0997992397444071e-07,1.0999579492029536e-07,1.1001152706332523e-07,1.1002712181728057e-07,1.1004258058182946e-07,1.1005790474269399e-07,1.1007309567177746e-07,1.1008815472660159e-07,1.1010308325328789e-07,1.101178825829169e-07,1.1013255403015547e-07,1.1014709890358629e-07,1.1016151849437404e-07,1.1017581408097368e-07,1.101899869361626e-07,1.1020403830504598e-07,1.1021796942356012e-07,1.102317815320452e-07,1.102454758411056e-07,1.1025905354435559e-07,1.1027251584580518e-07,1.102858639212807e-07,1.1029909894039427e-07,1.1031222205776864e-07,1.10325234419168e-07,1.1033813715816061e-07,1.103509313942062e-07,1.1036361823737202e-07,1.1037619879028151e-07,1.1038867413947182e-07,1.1040104536184726e-07,1.1041331352218411e-07,1.1042547967707781e-07,1.1043754487278243e-07,1.1044951014214483e-07,1.1046137650864163e-07,1.1047314498610314e-07,1.1048481657776375e-07,1.1049639227671079e-07,1.1050787306598777e-07,1.1051925991868983e-07,1.1053055379806203e-07,1.1054175565759478e-07,1.1055286644112122e-07,1.1056388708290799e-07,1.1057481850775382e-07,1.1058566163090568e-07,1.1059641735868915e-07,1.1060708658776981e-07,1.1061767020625914e-07,1.1062816909297283e-07,1.1063858411669402e-07,1.1064891613953736e-07,1.1065916601380001e-07,1.1066933458310144e-07,1.1067942268248032e-07,1.1068943113637399e-07,1.106993607650977e-07,1.1070921237845908e-07,1.1071898677802176e-07,1.1072868475717424e-07,1.1073830710122098e-07,1.1074785458745294e-07,1.1075732799287022e-07,1.1076672806869021e-07,1.1077605557185428e-07,1.1078531124641275e-07,1.1079449583263654e-07,1.1080361006334857e-07,1.1081265465984034e-07,1.1082163033920053e-07,1.108305378090816e-07,1.1083937777119608e-07,1.1084815092023801e-07,1.1085685794352519e-07,1.1086549952081711e-07,1.1087407632895554e-07,1.108825890289924e-07,1.1089103828146505e-07,1.1089942474004613e-07,1.1090774905149679e-07,1.1091601185325943e-07,1.1092421378182646e-07,1.1093235546165929e-07,1.1094043750850852e-07,1.1094846054088662e-07,1.109564251690042e-07,1.1096433199478884e-07,1.1097218160658425e-07,1.109799745954713e-07,1.1098771154525917e-07,1.1099539303280137e-07,1.1100301962832522e-07,1.1101059189740876e-07,1.1101811039776893e-07,1.1102557568584798e-07,1.1103298830807302e-07,1.1104034880646879e-07,1.1104765771659868e-07,1.1105491557214609e-07,1.1106212290380006e-07,1.1106928021936792e-07,1.1107638803777099e-07,1.1108344687225893e-07,1.1109045722557231e-07,1.110974195983494e-07,1.1110433448185061e-07,1.1111120237047066e-07,1.1111802373956627e-07,1.1112479907244205e-07,1.1113152884307038e-07,1.1113821352054938e-07,1.1114485356913723e-07,1.1115144944830767e-07,1.1115800161277403e-07,1.1116451051263866e-07,1.1117097659324901e-07,1.1117740029542582e-07,1.111837820554609e-07,1.1119012230511447e-07,1.1119642147167375e-07,1.1120267997802694e-07,1.1120889824268368e-07,1.11215076679864e-07,1.1122121569949459e-07,1.1122731570726331e-07,1.112333771046717e-07,1.112394002890695e-07,1.1124538565366098e-07,1.1125133358767327e-07,1.1125724447630284e-07,1.1126311870067614e-07,1.1126895663802988e-07,1.1127475866113607e-07,1.1128052514057973e-07,1.1128625644145209e-07,1.1129195292494838e-07,1.1129761495272368e-07,1.1130324287406173e-07,1.1130883704217927e-07,1.1131439780381641e-07,1.1131992550262248e-07,1.113254204788079e-07,1.1133088306847706e-07,1.1133631360461836e-07,1.1134171241698081e-07,1.113470798313707e-07,1.1135241617187513e-07,1.1135772175538474e-07,1.1136299689931223e-07,1.1136824191589832e-07,1.113734571198079e-07,1.1137864281070415e-07,1.1138379929160291e-07,1.113889268644166e-07,1.113940258258073e-07,1.1139909647096343e-07,1.114041390898005e-07,1.1140915396951322e-07,1.1141414139859237e-07,1.1141910165577218e-07,1.1142403501610485e-07,1.1142894175928846e-07,1.1143382215841605e-07,1.1143867648898501e-07,1.114435050084466e-07,1.1144830798638458e-07,1.1145308568476211e-07,1.1145783836281703e-07,1.114625662770778e-07,1.1146726968144563e-07,1.1147194882716252e-07,1.1147660396286242e-07,1.1148123533459376e-07,1.1148584318584953e-07,1.1149042775744986e-07,1.1149498928810406e-07,1.1149952801376255e-07,1.1150404416946459e-07,1.1150853798272922e-07,1.1151300968425572e-07,1.11517459501059e-07,1.1152188765664994e-07,1.1152629437210791e-07,1.1153067986663917e-07,1.115350443576908e-07,1.1153938806046183e-07,1.1154371118657259e-07,1.1154801394686405e-07,1.1155229654947759e-07,1.1155655920040277e-07,1.1156080210347725e-07,1.115650254604189e-07,1.115692294708439e-07,1.1157341433224957e-07,1.115775802401585e-07,1.1158172738801562e-07,1.1158585596725251e-07,1.1158996616730618e-07,1.1159405817564182e-07,1.1159813217776915e-07,1.1160218835726828e-07,1.1160622689586307e-07,1.1161024797325682e-07,1.116142517673653e-07,1.1161823845423406e-07,1.1162220820807385e-07,1.1162616120126653e-07,1.1163009760441513e-07,1.1163401758640278e-07,1.1163792131417741e-07,1.1164180895311729e-07,1.1164568066689193e-07,1.1164953661766072e-07,1.1165337696499575e-07,1.116572018672715e-07,1.116610114820538e-07,1.1166480596438013e-07,1.1166858546786463e-07,1.1167235014452348e-07,1.1167610014478783e-07,1.1167983561766813e-07,1.1168355671060367e-07,1.1168726356894863e-07,1.116909563360092e-07,1.1169463515569184e-07,1.1169830016976242e-07,1.1170195151740126e-07,1.1170558933692349e-07,1.1170921376518782e-07,1.1171282493759729e-07,1.1171642298732551e-07,1.1172000804805754e-07,1.1172358025049978e-07,1.1172713972645113e-07,1.117306866032114e-07,1.1173422100770319e-07,1.1173774306639555e-07,1.117412529032876e-07,1.1174475064066468e-07,1.1174823640188213e-07,1.1175171030581144e-07,1.1175517247470964e-07,1.1175862302476069e-07,1.1176206207708298e-07,1.1176548974057165e-07,1.117689061332427e-07,1.1177231136778744e-07,1.1177570555623166e-07,1.1177908881036013e-07,1.1178246123794252e-07,1.1178582295134055e-07,1.1178917405537481e-07,1.1179251465712588e-07,1.1179584486183818e-07,1.117991647736712e-07,1.1180247449570962e-07,1.118057741294232e-07,1.1180906377623001e-07,1.1181234353701945e-07,1.1181561350967259e-07,1.1181887379191529e-07,1.1182212448050712e-07,1.1182536567145931e-07,1.1182859745941265e-07,1.1183181993825246e-07,1.1183503320073292e-07,1.1183823733869212e-07,1.11841432443012e-07,1.118446186036285e-07,1.11847795909568e-07,1.1185096444878353e-07,1.1185412430843939e-07,1.1185727557478956e-07,1.1186041833313937e-07,1.1186355266792491e-07,1.1186667866266025e-07,1.1186979640006808e-07,1.1187290596191531e-07,1.118760074290525e-07,1.11879100881742e-07,1.118821863992271e-07,1.1188526406018691e-07,1.118883339417781e-07,1.1189139612116315e-07,1.1189445067391408e-07,1.1189749767458756e-07,1.1190053719912603e-07,1.119035693207396e-07,1.1190659411208637e-07,1.1190961164614118e-07,1.1191262199403969e-07,1.1191562522415886e-07,1.1191862140893413e-07,1.119216106174369e-07,1.1192459291547784e-07,1.1192756837256087e-07,1.1193053705558394e-07,1.1193349903060073e-07,1.119364543635421e-07,1.1193940311916603e-07,1.1194234536180593e-07,1.1194528115477669e-07,1.1194821056111017e-07,1.1195113364251032e-07,1.1195405046176914e-07,1.1195696107887001e-07,1.1195986555437256e-07,1.119627639476711e-07,1.1196565631795275e-07,1.1196854272401913e-07,1.119714232233834e-07,1.1197429787328361e-07,1.1197716673025404e-07,1.1198002985040865e-07,1.1198288728918151e-07,1.1198573910171288e-07,1.1198858534136372e-07,1.119914260612312e-07,1.1199426131686286e-07,1.1199709115959447e-07,1.1199991564142101e-07,1.1200273481402139e-07,1.1200554872882486e-07,1.1200835743255605e-07,1.1201116098009807e-07,1.1201395941834916e-07,1.1201675279741831e-07,1.1201954116495788e-07,1.1202232456959545e-07,1.1202510305648623e-07,1.1202787667385688e-07,1.120306454675456e-07,1.1203340948426512e-07,1.1203616876893758e-07,1.1203892336854504e-07,1.1204167332316242e-07,1.1204441867805532e-07,1.1204715947848566e-07,1.1204989576679749e-07,1.120526275853504e-07,1.1205535497641419e-07,1.1205807798168094e-07,1.1206079664232748e-07,1.1206351099942189e-07,1.1206622109335038e-07,1.1206892696307524e-07,1.1207162865001237e-07,1.1207432619216998e-07,1.1207701962848243e-07,1.120797089969057e-07,1.120823943363781e-07,1.1208507568386617e-07,1.1208775307647737e-07,1.1209042655235253e-07,1.1209309614512895e-07,1.1209576189215318e-07,1.1209842382905954e-07,1.121010819921457e-07,1.1210373641408781e-07,1.1210638713051444e-07,1.121090341756166e-07,1.1211167758313168e-07,1.121143173864099e-07,1.1211695361875029e-07,1.1211958631268554e-07,1.1212221550066201e-07,1.1212484121474415e-07,1.1212746348710605e-07,1.1213008234819577e-07,1.121326978295386e-07,1.1213530996186355e-07,1.1213791877557729e-07,1.1214052430074433e-07,1.1214312656718376e-07,1.1214572560433541e-07,1.1214832144135076e-07,1.1215091410693863e-07,1.1215350362989574e-07,1.1215609003842272e-07,1.1215867336017132e-07,1.1216125362318124e-07,1.121638308547175e-07,1.1216640508180395e-07,1.1216897633114444e-07,1.1217154462944346e-07,1.1217411000279805e-07,1.121766724771873e-07,1.1217923207841604e-07,1.1218178883161786e-07,1.1218434276235982e-07,1.1218689389527353e-07,1.1218944225544885e-07,1.1219198786646516e-07,1.1219453075283949e-07,1.1219707093842449e-07,1.1219960844683535e-07,1.1220214330143908e-07,1.1220467552535746e-07,1.1220720514141532e-07,1.12209732172278e-07,1.122122566404674e-07,1.1221477856806866e-07,1.1221729797697146e-07,1.1221981488894753e-07,1.1222232932546964e-07,1.1222484130777575e-07,1.1222735085689771e-07,1.1222985799364681e-07,1.1223236273861551e-07,1.1223486511218247e-07,1.1223736513451025e-07,1.1223986282552912e-07,1.1224235820499559e-07,1.1224485129244886e-07,1.1224734210727231e-07,1.1224983066855394e-07,1.1225231699522223e-07,1.1225480110600923e-07,1.1225728301945096e-07,1.1225976275388924e-07,1.1226224032747045e-07,1.122647157581556e-07,1.1226718906371474e-07,1.1226966026173115e-07,1.1227212936960835e-07,1.1227459640456322e-07,1.1227706138662867e-07,1.1227952433031799e-07,1.122819852506669e-07,1.1228444416539283e-07,1.1228690108992973e-07,1.1228935604320773e-07,1.1229180903466132e-07,1.1229426008485252e-07,1.1229670920915378e-07,1.1229915642315469e-07,1.1230160174208754e-07,1.1230404518124398e-07,1.123064867555832e-07,1.1230892647996201e-07,1.1231136436906881e-07,1.1231380043743795e-07,1.12316234699685e-07,1.1231866716942795e-07,1.1232109786151301e-07,1.1232352678960738e-07,1.1232595396910925e-07,1.1232837941049147e-07,1.1233080312882634e-07,1.1233322513736726e-07,1.1233564544960853e-07,1.1233806407838316e-07,1.1234048103690653e-07,1.1234289633795488e-07,1.123453099941954e-07,1.1234772201813092e-07,1.1235013242254888e-07,1.1235254121911848e-07,1.1235494842131273e-07,1.1235735403914056e-07,1.123597580854846e-07,1.1236216057224763e-07,1.1236456151102988e-07,1.1236696091341725e-07,1.1236935879081202e-07,1.1237175515451118e-07,1.1237415001570973e-07,1.1237654338547175e-07,1.123789352747555e-07,1.1238132569440024e-07,1.1238371465504714e-07,1.1238610216741388e-07,1.1238848824204951e-07,1.1239087289274065e-07,1.1239325612065278e-07,1.1239563794377998e-07,1.1239801836995424e-07,1.1240039740940195e-07,1.1240277507184375e-07,1.1240515136701367e-07,1.1240752630453306e-07,1.1240989989372589e-07,1.1241227214256443e-07,1.1241464306380804e-07,1.1241701266536663e-07,1.1241938095626127e-07,1.1242174794515893e-07,1.1242411364248879e-07,1.1242647805493913e-07,1.1242884119231956e-07,1.1243120306244547e-07,1.1243356367624641e-07,1.1243592304010054e-07,1.1243828116312406e-07,1.1244063805359621e-07,1.1244299371980576e-07,1.1244534816992748e-07,1.1244770141204758e-07,1.1245005345410388e-07,1.1245240430403413e-07,1.1245475396972849e-07,1.124571024588711e-07,1.1245944977921399e-07,1.1246179593750277e-07,1.1246414094275601e-07,1.1246648480175638e-07,1.1246882752266232e-07,1.124711691109029e-07,1.1247350957511343e-07,1.124758489214987e-07,1.1247818715751352e-07,1.1248052429018525e-07,1.1248286032602793e-07,1.1248519527266211e-07,1.1248752913645674e-07,1.1248986192411542e-07,1.124921936422425e-07,1.1249452429739682e-07,1.124968538960862e-07,1.1249918244471176e-07,1.125015099496903e-07,1.1250383641717971e-07,1.1250616185348642e-07,1.1250848626474661e-07,1.1251080965700702e-07,1.1251313203632386e-07,1.1251545340869626e-07,1.1251777378001029e-07,1.1252009315610859e-07,1.1252241154277416e-07,1.1252472894572767e-07,1.1252704537063117e-07,1.1252936082308924e-07,1.1253167530864898e-07,1.1253398883279842e-07,1.1253630140095759e-07,1.12538613018608e-07,1.1254092369095008e-07,1.1254323342318094e-07,1.1254554222061923e-07,1.1254785008839899e-07,1.1255015703162182e-07,1.1255246305533616e-07,1.1255476816453591e-07,1.1255707236416947e-07,1.1255937565913047e-07,1.1256167805426359e-07,1.125639795543589e-07,1.1256628016416053e-07,1.1256857988836289e-07,1.1257087873161067e-07,1.12573176698501e-07,1.1257547379408841e-07,1.1257777002203173e-07,1.1258006538786423e-07,1.1258235989417998e-07,1.1258465354675877e-07,1.1258694635011338e-07,1.1258923830732225e-07,1.1259152942334501e-07,1.1259381970228054e-07,1.1259610914824418e-07,1.1259839776538596e-07,1.1260068555776926e-07,1.1260297252941176e-07,1.1260525868428814e-07,1.1260754402633349e-07,1.1260982855943954e-07,1.1261211228746071e-07,1.1261439521420959e-07,1.126166773434634e-07,1.1261895867895508e-07,1.1262123922438275e-07,1.1262351898340598e-07,1.1262579795964535e-07,1.1262807615668362e-07,1.1263035357806971e-07,1.1263263022731944e-07,1.1263490610789701e-07,1.126371812232456e-07,1.1263945557669613e-07,1.126417291716922e-07,1.1264400201156755e-07,1.1264627409962123e-07,1.1264854543911941e-07,1.126508160332936e-07,1.1265308588541475e-07,1.1265535499857576e-07,1.126576233759115e-07,1.1265989102052159e-07,1.126621579354771e-07,1.1266442412381638e-07,1.1266668958854599e-07,1.1266895433264229e-07,1.1267121835905168e-07,1.1267348167068941e-07,1.1267574427052956e-07,1.126780061612847e-07,1.1268026734588763e-07,1.1268252782708321e-07,1.1268478760756282e-07,1.1268704669014792e-07,1.12689305077552e-07,1.126915627724608e-07,1.1269381977753188e-07,1.1269607609539796e-07,1.126983317286648e-07,1.1270058668002811e-07,1.1270284095180063e-07,1.1270509454685815e-07,1.1270734746723626e-07,1.1270959971564373e-07,1.1271185129452794e-07,1.1271410220631449e-07,1.1271635245340162e-07,1.1271860203816543e-07,1.1272085096298572e-07,1.1272309923035508e-07,1.1272534684231861e-07,1.1272759380121861e-07,1.1272984010926183e-07,1.1273208576864108e-07,1.1273433078164652e-07,1.1273657515045726e-07,1.1273881887726463e-07,1.1274106196419282e-07,1.1274330441340037e-07,1.127455462269705e-07,1.127477874069839e-07,1.127500279554996e-07,1.1275226787455689e-07,1.1275450716617215e-07,1.1275674583234415e-07,1.1275898387504985e-07,1.1276122129624633e-07,1.1276345809787183e-07,1.1276569428185493e-07,1.1276792985008466e-07,1.1277016480443836e-07,1.1277239914677913e-07,1.1277463287894816e-07,1.1277686600276859e-07,1.1277909852002617e-07,1.1278133043252749e-07,1.1278356174204099e-07,1.1278579245031965e-07,1.1278802255908572e-07,1.1279025207006611e-07,1.1279248098496971e-07,1.1279470930546965e-07,1.1279693703323064e-07,1.1279916416990196e-07,1.1280139071711525e-07,1.1280361667648712e-07,1.1280584204961777e-07,1.1280806683808978e-07,1.1281029104347093e-07,1.1281251466731577e-07,1.1281473771115991e-07,1.1281696017652509e-07,1.1281918206491729e-07,1.1282140337782988e-07,1.1282362411673789e-07,1.1282584428310443e-07,1.1282806387837478e-07,1.1283028290398512e-07,1.1283250136135233e-07,1.128347192518833e-07,1.1283693657696722e-07,1.1283915333798169e-07,1.1284136953629115e-07,1.1284358517324494e-07,1.1284580025018033e-07,1.1284801476826673e-07,1.1285022872896653e-07,1.1285244213357919e-07,1.1285465498338853e-07,1.1285686727966555e-07,1.1285907902367167e-07,1.1286129021665372e-07,1.1286350085984759e-07,1.128657109544749e-07,1.1286792050174734e-07,1.1287012950286364e-07,1.1287233795901167e-07,1.1287454587136744e-07,1.128767532410945e-07,1.1287896006934576e-07,1.1288116635726315e-07,1.1288337210597763e-07,1.128855773166087e-07,1.1288778199026485e-07,1.1288998612804343e-07,1.1289218973103208e-07,1.1289439280030627e-07,1.1289659533693406e-07,1.1289879734196919e-07,1.1290099881645865e-07,1.1290319976143742e-07,1.12905400177931e-07,1.1290760006695576e-07,1.1290979942951643e-07,1.1291199826660951e-07,1.1291419657922086e-07,1.1291639436832721e-07,1.1291859163489695e-07,1.129207883798875e-07,1.1292298460424916e-07,1.1292518030892012e-07,1.1292737549483159e-07,1.1292957016290681e-07,1.129317643140561e-07,1.1293395794918726e-07,1.1293615106919387e-07,1.1293834367496411e-07,1.1294053576737512e-07,1.1294272734729751e-07,1.1294491841559468e-07,1.1294710897311822e-07,1.1294929902071373e-07,1.1295148855921987e-07,1.1295367758946565e-07,1.1295586611244323e-07,1.1295805412880736e-07,1.1296024163936383e-07,1.1296242864491228e-07,1.1296461514624548e-07,1.1296680114414615e-07,1.1296898663939215e-07,1.12971171632022e-07,1.1297335612459758e-07,1.12975540117159e-07,1.1297772360649184e-07,1.129799066002014e-07,1.1298208909632341e-07,1.1298427109270468e-07,1.1298645259272863e-07,1.1298863359868322e-07,1.1299081410812439e-07,1.1299299412162394e-07,1.1299517364349702e-07,1.1299735267191461e-07,1.1299953120782255e-07,1.1300170925185654e-07,1.1300388680475082e-07,1.1300606386714456e-07,1.1300824043969516e-07,1.1301041652305297e-07,1.1301259211786494e-07,1.1301476722476852e-07,1.1301694184439809e-07,1.1301911597738016e-07,1.1302128962433828e-07,1.1302346278588625e-07,1.1302563546240182e-07,1.1302780765487323e-07,1.1302997936413988e-07,1.1303215059037662e-07,1.1303432133175192e-07,1.1303649159090833e-07,1.1303866137066986e-07,1.1304083067057541e-07,1.1304299948973261e-07,1.1304516782972772e-07,1.1304733569142028e-07,1.1304950307367685e-07,1.1305166997790636e-07,1.1305383640514992e-07,1.1305600235581618e-07,1.1305816783033514e-07,1.1306033282958416e-07,1.1306249735107567e-07,1.1306466139880447e-07,1.1306682497226273e-07,1.1306898807087712e-07,1.1307115069537397e-07,1.1307331285051477e-07,1.1307547453355465e-07,1.130776357447226e-07,1.1307979648480142e-07,1.1308195675306284e-07,1.1308411655193203e-07,1.1308627588105158e-07,1.1308843474097303e-07,1.1309059313229762e-07,1.1309275105527953e-07,1.1309490851037825e-07,1.1309706549804159e-07,1.1309922201873042e-07,1.1310137807289404e-07,1.1310353366097655e-07,1.1310568878341683e-07,1.1310784344064209e-07,1.1310999763309626e-07,1.1311215136124004e-07,1.1311430462546968e-07,1.1311645742660552e-07,1.1311860976476072e-07,1.1312076164045416e-07,1.1312291305320156e-07,1.1312506400410506e-07,1.1312721449358856e-07,1.131293645222679e-07,1.131315140903086e-07,1.1313366319772372e-07,1.1313581184599332e-07,1.1313796003464593e-07,1.131401077638445e-07,1.1314225503435287e-07,1.1314440184604423e-07,1.1314654820206495e-07,1.1314869409878283e-07,1.1315083953839128e-07,1.1315298452117481e-07,1.1315512904737168e-07,1.131572731185626e-07,1.1315941673351615e-07,1.1316155989247402e-07,1.1316370259665735e-07,1.1316584484617781e-07,1.131679866411725e-07,1.1317012798179918e-07,1.1317226886904127e-07,1.1317440930264355e-07,1.1317654928344849e-07,1.1317868881169414e-07,1.1318082788759581e-07,1.1318296651151626e-07,1.1318510468453526e-07,1.131872424038023e-07,1.131893796737793e-07,1.131915164929782e-07,1.1319365286196865e-07,1.1319578878101899e-07,1.1319792424971976e-07,1.132000592695139e-07,1.1320219383996763e-07,1.1320432796157973e-07,1.1320646163455375e-07,1.1320859485930076e-07,1.1321072763610914e-07,1.1321285996527298e-07,1.1321499184708069e-07,1.1321712328192639e-07,1.1321925426987526e-07,1.1322138481134975e-07,1.1322351490665045e-07,1.132256445562976e-07,1.1322777375978994e-07,1.1322990251769122e-07,1.1323203083172436e-07,1.1323415870264023e-07,1.1323628612642774e-07,1.1323841310568167e-07,1.1324053964146664e-07,1.1324266573378031e-07,1.1324479138452476e-07,1.1324691659296807e-07,1.1324904135559355e-07,1.132511656744635e-07,1.1325328955101245e-07,1.1325541298570671e-07,1.1325753597780459e-07,1.1325965852818242e-07,1.1326178063783412e-07,1.1326390230526643e-07,1.132660235321333e-07,1.1326814431852765e-07,1.1327026466461256e-07,1.1327238457059148e-07,1.1327450403595237e-07,1.1327662306168038e-07,1.1327874164798707e-07,1.1328085979508927e-07,1.1328297750321214e-07,1.1328509477257842e-07,1.1328721160341212e-07,1.13289327995937e-07,1.1329144395037704e-07,1.1329355946695421e-07,1.1329567454589127e-07,1.1329778918740894e-07,1.1329990339172522e-07,1.1330201715939817e-07,1.1330413049014622e-07,1.1330624338437859e-07,1.1330835584262809e-07,1.1331046786474331e-07,1.1331257945103336e-07,1.1331469060159093e-07,1.1331680131659356e-07,1.1331891159567407e-07,1.1332102144032665e-07,1.1332313085014145e-07,1.1332523982540626e-07,1.1332734836621033e-07,1.1332945647275615e-07,1.1333156414524486e-07,1.1333367138387685e-07,1.1333577818884947e-07,1.1333788456036213e-07,1.1333999049861142e-07,1.1334209600379166e-07,1.1334420107609896e-07,1.1334630571572449e-07,1.133484099228605e-07,1.1335051369769839e-07,1.1335261704042758e-07,1.1335471995123665e-07,1.1335682243031341e-07,1.1335892447784344e-07,1.1336102609401264e-07,1.1336312727900585e-07,1.1336522803300582e-07,1.133673283561945e-07,1.133694282487538e-07,1.1337152771086333e-07,1.133736267427031e-07,1.1337572534445036e-07,1.1337782351628363e-07,1.1337992125837843e-07,1.133820185709104e-07,1.1338411545405302e-07,1.1338621190798068e-07,1.1338830793286616e-07,1.1339040352887997e-07,1.1339249869619272e-07,1.1339459343497536e-07,1.1339668774539633e-07,1.1339878162762356e-07,1.1340087508182451e-07,1.1340296810816471e-07,1.1340506070681082e-07,1.1340715287792648e-07,1.134092446216741e-07,1.1341133593821887e-07,1.1341342682772255e-07,1.1341551729034606e-07,1.1341760732625142e-07,1.1341969693559452e-07,1.1342178611853612e-07,1.1342387487523583e-07,1.1342596320585039e-07,1.1342805111053533e-07,1.1343013858944713e-07,1.134322256427422e-07,1.1343431227057205e-07,1.1343639847309188e-07,1.134384842504541e-07,1.134405696028115e-07,1.1344265453031708e-07,1.1344473903311997e-07,1.1344682311135421e-07,1.1344890676520016e-07,1.1345098999479214e-07,1.1345307280027694e-07,1.1345515518180284e-07,1.1345723713951622e-07,1.134593186735635e-07,1.1346139978414668e-07,1.1346348047129852e-07,1.1346556073521594e-07,1.1346764057605893e-07,1.13469719993944e-07,1.1347179898903486e-07,1.1347387756145616e-07,1.1347595571129658e-07,1.1347803343882023e-07,1.1348011074410658e-07,1.1348218762726161e-07,1.1348426408848076e-07,1.1348634012787707e-07,1.1348841574558656e-07,1.1349049094174722e-07,1.1349256571649499e-07,1.1349464006994474e-07,1.1349671400227662e-07,1.1349878751360177e-07,1.1350086060405574e-07,1.1350293327377225e-07,1.1350500552288367e-07,1.1350707735152283e-07,1.1350914875993167e-07,1.1351121974802486e-07,1.135132903160417e-07,1.1351536046411344e-07,1.135174301923705e-07,1.1351949950085158e-07,1.1352156838986656e-07,1.1352363685945469e-07,1.1352570490974444e-07,1.1352777254086356e-07,1.1352983975293973e-07,1.1353190654610077e-07,1.1353397292047029e-07,1.1353603887617738e-07,1.1353810441334612e-07,1.1354016953210189e-07,1.1354223423257198e-07,1.1354429851487891e-07,1.1354636237915052e-07,1.1354842582543452e-07,1.1355048885399296e-07,1.1355255146488188e-07,1.135546136582237e-07,1.1355667543413998e-07,1.1355873679275222e-07,1.1356079773418112e-07,1.1356285825855008e-07,1.1356491836597621e-07,1.135669780565813e-07,1.1356903733048408e-07,1.1357109618780822e-07,1.1357315462866515e-07,1.1357521265317569e-07,1.1357727026221411e-07,1.1357932745424839e-07,1.1358138423054885e-07,1.1358344059096182e-07,1.1358549653651217e-07,1.1358755206548774e-07,1.1358960717885585e-07,1.1359166187681767e-07,1.1359371615970952e-07,1.135957700235565e-07,1.135978234744079e-07,1.1359987651179646e-07,1.1360192913504132e-07,1.1360398134296997e-07,1.136060331362808e-07,1.1360808451508818e-07,1.1361013547950344e-07,1.1361218602963906e-07,1.1361423616560689e-07,1.1361628588752164e-07,1.1361833519549686e-07,1.1362038408964823e-07,1.1362243257009219e-07,1.1362448063860014e-07,1.1362652829298707e-07,1.1362857553294249e-07,1.1363062235960747e-07,1.136326687730831e-07,1.1363471477372294e-07,1.1363676036212774e-07,1.1363880553680056e-07,1.1364085029877366e-07,1.136428946481109e-07,1.1364493858494228e-07,1.1364698210957181e-07,1.136490252217585e-07,1.1365106792155625e-07,1.1365311020935327e-07,1.1365515208530288e-07,1.1365719354980184e-07,1.1365923460144248e-07,1.1366127524207955e-07,1.1366331547113724e-07,1.1366535528874747e-07,1.1366739469518875e-07,1.1366943369022033e-07,1.136714722744282e-07,1.1367351044792689e-07,1.1367554821006841e-07,1.1367758556120828e-07,1.1367962250160766e-07,1.1368165903137645e-07,1.1368369515287394e-07,1.1368573086288684e-07,1.1368776616310137e-07,1.1368980105447355e-07,1.1369183553101941e-07,1.1369386959986398e-07,1.1369590325844915e-07,1.1369793650717107e-07,1.1369996934654298e-07,1.1370200177577194e-07,1.1370403379503437e-07,1.1370606540593919e-07,1.1370809660742778e-07,1.1371012739965756e-07,1.1371215778282444e-07,1.1371418775703236e-07,1.1371621732238706e-07,1.1371824647825702e-07,1.1372027522475697e-07,1.1372230356376462e-07,1.1372433149428127e-07,1.1372635901643102e-07,1.1372838612926715e-07,1.1373041283529363e-07,1.1373243913321337e-07,1.1373446502313268e-07,1.1373649050370279e-07,1.1373851557630279e-07,1.1374054024093722e-07,1.1374256449752241e-07,1.1374458834571166e-07,1.1374661178625838e-07,1.1374863482201533e-07,1.1375065745204482e-07,1.1375267967492718e-07,1.1375470149426666e-07,1.1375672290744334e-07,1.1375874391113353e-07,1.1376076450952235e-07,1.1376278469996596e-07,1.1376480448602963e-07,1.137668238645942e-07,1.1376884283622772e-07,1.1377086139931474e-07,1.1377287955625413e-07,1.1377489730713974e-07,1.1377691465206549e-07,1.1377893159112676e-07,1.1378094812606999e-07,1.1378296425519056e-07,1.1378497998153438e-07,1.1378699530190915e-07,1.1378901021655822e-07,1.1379102472563833e-07,1.1379303882663089e-07,1.13795052522195e-07,1.1379706581276207e-07,1.1379907869842663e-07,1.138010911794663e-07,1.1380310325581026e-07,1.1380511492755192e-07,1.1380712619478673e-07,1.1380913705761153e-07,1.138111475161211e-07,1.1381315757041064e-07,1.1381516722057289e-07,1.1381717646670906e-07,1.1381918530890644e-07,1.1382119374726342e-07,1.1382320178187368e-07,1.138252094128293e-07,1.1382721664022952e-07,1.1382922346415675e-07,1.1383122988409911e-07,1.1383323590073402e-07,1.138352415141574e-07,1.1383724672446587e-07,1.1383925153176257e-07,1.1384125593615469e-07,1.1384325993776056e-07,1.1384526353674843e-07,1.1384726673353023e-07,1.1384926952670993e-07,1.1385127191800026e-07,1.1385327390667698e-07,1.138552754929395e-07,1.138572766781024e-07,1.1385927746182476e-07,1.1386127784052445e-07,1.1386327781821145e-07,1.1386527739406141e-07,1.1386727656813522e-07,1.1386927534216185e-07,1.1387127371395855e-07,1.1387327168395668e-07,1.1387526925209404e-07,1.1387726641901263e-07,1.1387926318466574e-07,1.1388125954952976e-07,1.1388325551422806e-07,1.1388525107617337e-07,1.1388724623724133e-07,1.138892409975232e-07,1.1389123535710773e-07,1.138932293168231e-07,1.1389522287665145e-07,1.1389721603609564e-07,1.1389920879434103e-07,1.1390120114846547e-07,1.1390319310365019e-07,1.1390518466042649e-07,1.139071758171731e-07,1.1390916657449137e-07,1.139111569312154e-07,1.1391314688886372e-07,1.1391513644563871e-07,1.1391712560442346e-07,1.1391911436379171e-07,1.139211027236196e-07,1.139230906843143e-07,1.1392507824583195e-07,1.1392706540862656e-07,1.1392905217201469e-07,1.1393103853647447e-07,1.1393302450206112e-07,1.1393501006893397e-07,1.1393699523715036e-07,1.1393898000674212e-07,1.139409643778968e-07,1.1394294835064435e-07,1.1394493192507997e-07,1.1394691510128959e-07,1.1394889787936101e-07,1.1395088025938141e-07,1.1395286224144566e-07,1.1395484382562012e-07,1.1395682501200833e-07,1.1395880580069331e-07,1.1396078619173316e-07,1.1396276618594694e-07,1.1396474578204076e-07,1.1396672498148202e-07,1.1396870378294912e-07,1.1397068218723266e-07,1.1397266019441842e-07,1.1397463780459667e-07,1.1397661501784746e-07,1.1397859183425934e-07,1.1398056825391963e-07,1.1398254427691215e-07,1.1398451990332456e-07,1.1398649513324308e-07,1.1398846996675913e-07,1.1399044440409778e-07,1.1399241844504135e-07,1.1399439208983503e-07,1.1399636533856963e-07,1.1399833819132444e-07,1.1400031064818144e-07,1.1400228270922944e-07,1.1400425437456096e-07,1.1400622564480488e-07,1.1400819651847802e-07,1.1401016699715248e-07,1.1401213707896422e-07,1.1401410676703941e-07,1.140160760597824e-07,1.1401804495740181e-07,1.1402001345990549e-07,1.1402198156744235e-07,1.1402394928010313e-07,1.1402591659797014e-07,1.140278835227277e-07,1.1402985005232003e-07,1.1403181618724361e-07,1.1403378192766298e-07,1.140357472732125e-07,1.1403771222426376e-07,1.1403967678115557e-07,1.1404164094381804e-07,1.1404360471282858e-07,1.140455680874471e-07,1.1404753106947005e-07,1.14049493657963e-07,1.1405145585332594e-07,1.1405341765505978e-07,1.1405537906435583e-07,1.1405734007922007e-07,1.1405930070111755e-07,1.1406126093140124e-07,1.140632207644127e-07,1.1406518020445783e-07,1.1406713925149127e-07,1.140690979055952e-07,1.1407105616685189e-07,1.1407301403534772e-07,1.1407497151116622e-07,1.1407692859439043e-07,1.1407888528510365e-07,1.1408084158338961e-07,1.1408279748933261e-07,1.140847530030166e-07,1.1408670812452296e-07,1.14088662853938e-07,1.1409061719134303e-07,1.1409257113682248e-07,1.1409452469045959e-07,1.1409647785233692e-07,1.1409843062253832e-07,1.1410038300114753e-07,1.1410233498824772e-07,1.1410428658392101e-07,1.1410623778825152e-07,1.1410818860132084e-07,1.1411013902321476e-07,1.1411208905401431e-07,1.1411403869380234e-07,1.1411598794266357e-07,1.1411793680067888e-07,1.1411988526793177e-07,1.1412183334450583e-07,1.1412378103048404e-07,1.1412572832594706e-07,1.1412767523098007e-07,1.1412962174566313e-07,1.1413156787008222e-07,1.1413351360431681e-07,1.1413545894845063e-07,1.1413740390256714e-07,1.1413934846674888e-07,1.1414129264107742e-07,1.1414323642563416e-07,1.1414517982050304e-07,1.1414712282576676e-07,1.1414906544150667e-07,1.1415100766780526e-07,1.1415294950474531e-07,1.1415489095240843e-07,1.1415683201087696e-07,1.1415877268023324e-07,1.1416071296055921e-07,1.1416265285193736e-07,1.1416459235445021e-07,1.1416653146817897e-07,1.1416847019320578e-07,1.1417040852961231e-07,1.1417234647748025e-07,1.141742840368934e-07,1.1417622120793166e-07,1.1417815799067779e-07,1.1418009438521338e-07,1.1418203039161969e-07,1.141839660099796e-07,1.1418590124037422e-07,1.1418783608288411e-07,1.141897705375928e-07,1.1419170460458163e-07,1.1419363828393146e-07,1.1419557157572387e-07,1.1419750448004021e-07,1.1419943699696304e-07,1.1420136912657317e-07,1.1420330086895675e-07,1.1420523222419025e-07,1.1420716319235452e-07,1.14209093773533e-07,1.1421102396780601e-07,1.1421295377525377e-07,1.1421488319594906e-07,1.1421681222998197e-07,1.1421874087743603e-07,1.1422066913839033e-07,1.1422259701292174e-07,1.1422452450111558e-07,1.142264516030674e-07,1.1422837831884547e-07,1.1423030464850318e-07,1.1423223059217066e-07,1.1423415614990605e-07,1.1423608132172168e-07,1.142380061078366e-07,1.1423993050826667e-07,1.1424185452307966e-07,1.1424377815230248e-07,1.1424570139614621e-07,1.1424762425462249e-07,1.1424954672779165e-07,1.1425146881576762e-07,1.1425339051861991e-07,1.1425531183643015e-07,1.1425723276928178e-07,1.142591533172514e-07,1.1426107348042091e-07,1.1426299325887068e-07,1.1426491265268743e-07,1.1426683166194612e-07,1.1426875028672611e-07,1.1427066852710682e-07,1.1427258638316558e-07,1.1427450385506587e-07,1.1427642094269926e-07,1.1427833764634222e-07,1.1428025396605722e-07,1.1428216990181738e-07,1.1428408545383793e-07,1.1428600062217215e-07,1.142879154055502e-07,1.142898298065406e-07,1.1429174382402397e-07,1.1429365745794204e-07,1.1429557070848844e-07,1.1429748357548841e-07,1.1429939605980195e-07,1.1430130815827043e-07,1.1430321987482602e-07,1.1430513120998124e-07,1.143070421623441e-07,1.1430895273200137e-07,1.1431086291904214e-07,1.1431277272355744e-07,1.1431468214564115e-07,1.1431659118539095e-07,1.1431849984173636e-07,1.143204081156963e-07,1.1432231600764426e-07,1.1432422351743655e-07,1.1432613064515415e-07,1.1432803739087632e-07,1.1432994375468213e-07,1.1433184973665147e-07,1.1433375533686342e-07,1.143356605553995e-07,1.1433756539233723e-07,1.1433946984775886e-07,1.1434137392174047e-07,1.1434327761436374e-07,1.1434518092570819e-07,1.1434708385585471e-07,1.1434898640488093e-07,1.1435088857286361e-07,1.1435279035988513e-07,1.1435469176602616e-07,1.1435659279136259e-07,1.1435849343597555e-07,1.1436039369994457e-07,1.1436229358334961e-07,1.1436419308627176e-07,1.1436609220880234e-07,1.143679909509966e-07,1.1436988931293892e-07,1.1437178729471164e-07,1.1437368489639556e-07,1.1437558211806878e-07,1.1437747895981123e-07,1.1437937542169004e-07,1.1438127150379496e-07,1.1438316720620753e-07,1.1438506252900437e-07,1.1438695747226627e-07,1.143888520360725e-07,1.1439074622050164e-07,1.1439264002563131e-07,1.1439453345154274e-07,1.1439642649831229e-07,1.1439831916603566e-07,1.144002114547757e-07,1.1440210336461195e-07,1.1440399489562303e-07,1.144058860478876e-07,1.1440777682148448e-07,1.1440966721649258e-07,1.1441155723299142e-07,1.1441344687091029e-07,1.1441533613047748e-07,1.1441722501177444e-07,1.1441911351487585e-07,1.1442100163986283e-07,1.1442288938681395e-07,1.1442477675580689e-07,1.1442666374692128e-07,1.1442855036023296e-07,1.1443043659582503e-07,1.1443232245377203e-07,1.1443420793415358e-07,1.1443609303704804e-07,1.1443797776253116e-07,1.144398621106852e-07,1.1444174608158748e-07,1.1444362967531533e-07,1.1444551289403504e-07,1.1444739573573356e-07,1.1444927820048978e-07,1.1445116028838197e-07,1.1445304199948803e-07,1.1445492333388792e-07,1.1445680429165604e-07,1.1445868487287575e-07,1.1446056507762226e-07,1.1446244490597314e-07,1.1446432435800965e-07,1.1446620343380856e-07,1.1446808213344646e-07,1.1446996045700194e-07,1.14471838404554e-07,1.1447371597618307e-07,1.144755931719639e-07,1.1447746999197537e-07,1.1447934643629541e-07,1.1448122250500094e-07,1.1448309819817276e-07,1.144849735158887e-07,1.1448684845822315e-07,1.144887230252591e-07,1.1449059721707139e-07,1.1449247103373764e-07,1.1449434447533664e-07,1.1449621754194402e-07,1.1449809023364228e-07,1.1449996255050591e-07,1.1450183449261478e-07,1.145037060600457e-07,1.1450557725287387e-07,1.1450744807118133e-07,1.1450931851504372e-07,1.1451118858453953e-07,1.1451305827974456e-07,1.1451492760073881e-07,1.145167965475982e-07,1.145186651204014e-07,1.145205333192253e-07,1.1452240114415015e-07,1.145242685952509e-07,1.1452613567260412e-07,1.145280023762886e-07,1.14529868706384e-07,1.1453173466296472e-07,1.145336002461089e-07,1.1453546545589654e-07,1.145373302924019e-07,1.1453919475570443e-07,1.1454105884454593e-07,1.1454292256039705e-07,1.1454478590335844e-07,1.1454664887357309e-07,1.1454851147131378e-07,1.1455037369834566e-07,1.1455223555056697e-07,1.1455409702982275e-07,1.1455595813555395e-07,1.1455781886885677e-07,1.1455967922981022e-07,1.1456153921848937e-07,1.1456339883497295e-07,1.145652580793381e-07,1.1456711695166364e-07,1.1456897545202625e-07,1.1457083358050379e-07,1.1457269133717512e-07,1.145745487227107e-07,1.1457640573659675e-07,1.1457826237908158e-07,1.1458011865043466e-07,1.1458197455145423e-07,1.1458383007937602e-07,1.1458568523668009e-07,1.1458754002202162e-07,1.145893944363743e-07,1.1459124847855242e-07,1.1459310214971788e-07,1.1459495544993904e-07,1.1459680837928097e-07,1.1459866093780776e-07,1.1460051312557592e-07,1.1460236494495962e-07,1.146042163924914e-07,1.1460606746959802e-07,1.1460791817636962e-07,1.1460976851351786e-07,1.1461161847899763e-07,1.1461346807588535e-07,1.1461531730198773e-07,1.1461716615810833e-07,1.1461901464484657e-07,1.146208627603872e-07,1.1462271050631282e-07,1.1462455788267373e-07,1.146264048895276e-07,1.146282515269374e-07,1.1463009779497083e-07,1.1463194369369414e-07,1.146337892241458e-07,1.14635634385399e-07,1.1463747917752748e-07,1.1463932360061044e-07,1.1464116765472371e-07,1.146430113399423e-07,1.1464485465634229e-07,1.1464669760400026e-07,1.1464854018299193e-07,1.146503823933934e-07,1.1465222423585221e-07,1.146540657098625e-07,1.1465590681549745e-07,1.1465774755283163e-07,1.1465958792193756e-07,1.1466142792288829e-07,1.146632675564585e-07,1.146651068210129e-07,1.1466694571918164e-07,1.1466878424853938e-07,1.1467062241086921e-07,1.1467246020404679e-07,1.1467429762962295e-07,1.1467613468935988e-07,1.1467797138082528e-07,1.1467980770520942e-07,1.146816436614178e-07,1.1468347925208038e-07,1.1468531447335508e-07,1.1468714932828809e-07,1.1468898381704173e-07,1.1469081793825975e-07,1.146926516892551e-07,1.1469448507542155e-07,1.1469631809444853e-07,1.146981507488876e-07,1.1469998303659428e-07,1.1470181495756528e-07,1.1470364651186264e-07,1.1470547769965662e-07,1.1470730852125067e-07,1.1470913897282566e-07,1.1471096905760326e-07,1.1471279878224562e-07,1.147146281398846e-07,1.1471645712736906e-07,1.1471828574950668e-07,1.1472011401018119e-07,1.1472194190253553e-07,1.1472376943178844e-07,1.1472559659629216e-07,1.147274233948224e-07,1.1472924982958221e-07,1.1473107589710079e-07,1.1473290159943066e-07,1.1473472693871677e-07,1.1473655191075047e-07,1.147383765178731e-07,1.1474020076020918e-07,1.1474202463774801e-07,1.147438481501925e-07,1.1474567129802122e-07,1.1474749408155112e-07,1.1474931650062711e-07,1.147511385552111e-07,1.1475296024571146e-07,1.1475478157194281e-07,1.1475660253398348e-07,1.147584231319088e-07,1.1476024336579794e-07,1.1476206323572013e-07,1.1476388274147757e-07,1.1476570188343875e-07,1.1476752066152608e-07,1.1476933907731754e-07,1.1477115712723176e-07,1.1477297481500994e-07,1.1477479213906205e-07,1.1477660910005366e-07,1.1477842569444178e-07,1.1478024192880568e-07,1.1478205779957947e-07,1.1478387330734475e-07,1.1478568845219427e-07,1.1478750323480016e-07,1.147893176538487e-07,1.1479113171018901e-07,1.1479294540371654e-07,1.147947587345501e-07,1.1479657170348966e-07,1.1479838430952328e-07,1.1480019655318638e-07,1.1480200843438879e-07,1.1480381995451581e-07,1.1480563111135294e-07,1.1480744190609518e-07,1.1480925233850831e-07,1.1481106240939769e-07,1.1481287211809852e-07,1.1481468146505929e-07,1.1481649045088328e-07,1.1481829907459852e-07,1.1482010733711061e-07,1.1482191523780147e-07,1.1482372277707045e-07,1.1482552995496436e-07,1.1482733677182267e-07,1.1482914322750563e-07,1.1483094932195547e-07,1.1483275505547066e-07,1.1483456042762821e-07,1.1483636543896189e-07,1.1483817008967896e-07,1.148399743795153e-07,1.1484177831016251e-07,1.148435818790771e-07,1.1484538508830922e-07,1.1484718793485795e-07,1.1484899042183594e-07,1.1485079254779188e-07,1.1485259431462685e-07,1.1485439572152554e-07,1.1485619676910775e-07,1.1485799745649283e-07,1.1485979778316792e-07,1.148615977499802e-07,1.1486339735691791e-07,1.1486519660414618e-07,1.1486699549173634e-07,1.1486879401815033e-07,1.148705921859652e-07,1.1487238999388511e-07,1.1487418744339413e-07,1.1487598453363103e-07,1.1487778126466696e-07,1.1487957763652847e-07,1.1488137364936335e-07,1.1488316930321429e-07,1.1488496459815206e-07,1.1488675953394716e-07,1.1488855411142954e-07,1.1489034832999939e-07,1.1489214218983425e-07,1.1489393568936499e-07,1.1489572883273456e-07,1.1489752161471122e-07,1.1489931404088831e-07,1.1490110610914351e-07,1.1490289781929933e-07,1.1490468917171446e-07,1.1490648016410479e-07,1.1490827080020308e-07,1.1491006108320853e-07,1.1491185100302035e-07,1.1491364056610406e-07,1.1491542977137124e-07,1.1491721861896765e-07,1.1491900710900637e-07,1.1492079523938942e-07,1.1492258301028001e-07,1.1492437042818379e-07,1.1492615748899501e-07,1.1492794419134075e-07,1.1492973053876817e-07,1.1493151652872432e-07,1.1493330216085247e-07,1.1493508743684169e-07,1.1493687235601205e-07,1.1493865691684162e-07,1.149404411227498e-07,1.1494222497217368e-07,1.1494400846521552e-07,1.1494579160199072e-07,1.1494757438227144e-07,1.1494935680628427e-07,1.1495113887425045e-07,1.1495292058695237e-07,1.1495470194271184e-07,1.1495648294271194e-07,1.1495826358300949e-07,1.1496004387118014e-07,1.1496182380327892e-07,1.1496360337983776e-07,1.149653826008311e-07,1.1496716146628297e-07,1.149689399788119e-07,1.1497071813334823e-07,1.1497249593284881e-07,1.1497427337713655e-07,1.1497605046628106e-07,1.1497782720048401e-07,1.1497960357964049e-07,1.1498137960380087e-07,1.1498315527355405e-07,1.149849305882141e-07,1.1498670554823571e-07,1.1498848015361533e-07,1.1499025440631454e-07,1.1499202829903984e-07,1.1499380184080909e-07,1.149955750292525e-07,1.1499734786304854e-07,1.1499912034238498e-07,1.150008924669147e-07,1.1500266423342881e-07,1.1500443564720762e-07,1.1500620670648769e-07,1.1500797741185597e-07,1.1500974776753064e-07,1.1501151776952e-07,1.1501328741791255e-07,1.150150567125013e-07,1.1501682565300838e-07,1.1501859423895894e-07,1.1502036247287872e-07,1.1502213035353315e-07,1.150238978809917e-07,1.1502566505565604e-07,1.150274318770687e-07,1.150291983436855e-07,1.1503096445858943e-07,1.1503273022132898e-07,1.1503449562920124e-07,1.1503626068655534e-07,1.1503802539162525e-07,1.1503978974384021e-07,1.1504155374365346e-07,1.150433173911335e-07,1.1504508068634948e-07,1.1504684362832403e-07,1.150486062198262e-07,1.1505036845924933e-07,1.1505213034666681e-07,1.1505389188215131e-07,1.1505565306577303e-07,1.1505741389760575e-07,1.1505917437772114e-07,1.1506093450619307e-07,1.1506269428309172e-07,1.1506445370847905e-07,1.1506621278260608e-07,1.150679715053192e-07,1.1506972987668164e-07,1.1507148789783645e-07,1.1507324556742688e-07,1.1507500288571613e-07,1.1507675985286537e-07,1.1507851646880335e-07,1.1508027273428729e-07,1.150820286487965e-07,1.1508378420993588e-07,1.1508553942238204e-07,1.1508729428164475e-07,1.1508904879358695e-07,1.1509080295577606e-07,1.1509255676827837e-07,1.1509431022874761e-07,1.150960633393621e-07,1.1509781609983846e-07,1.1509956850996238e-07,1.1510132057043711e-07,1.1510307228105327e-07,1.1510482364159849e-07,1.1510657465357261e-07,1.1510832531476737e-07,1.15110075625584e-07,1.151118255868203e-07,1.151135751997778e-07,1.1511532446551875e-07,1.1511707337970723e-07,1.1511882194464611e-07,1.151205701599427e-07,1.1512231802618337e-07,1.1512406554356344e-07,1.1512581271181482e-07,1.1512755953185637e-07,1.1512930600018601e-07,1.151310521219772e-07,1.1513279789509104e-07,1.1513454331891478e-07,1.151362883947104e-07,1.151380331219839e-07,1.1513977750094607e-07,1.1514152153162205e-07,1.1514326521216273e-07,1.151450085464e-07,1.1514675153251622e-07,1.1514849417070672e-07,1.1515023646037288e-07,1.1515197840247649e-07,1.1515371999814867e-07,1.1515546124392294e-07,1.1515720214302839e-07,1.1515894269385909e-07,1.151606828930779e-07,1.1516242274954538e-07,1.1516416225565398e-07,1.1516590141745866e-07,1.151676402319564e-07,1.1516937869525962e-07,1.1517111681483146e-07,1.1517285458725862e-07,1.1517459200996835e-07,1.1517632908692119e-07,1.1517806581755654e-07,1.151798022038818e-07,1.1518153824306347e-07,1.1518327393530916e-07,1.1518500928091743e-07,1.1518674427970424e-07,1.1518847893276613e-07,1.151902132392871e-07,1.1519194719922598e-07,1.1519368081082246e-07,1.1519541407687427e-07,1.1519714699911314e-07,1.1519887957538266e-07,1.1520061180575573e-07,1.1520234369017878e-07,1.1520407522887251e-07,1.1520580642190497e-07,1.1520753726934681e-07,1.1520926777126932e-07,1.1521099792774088e-07,1.1521272773883294e-07,1.1521445720461382e-07,1.1521618632515466e-07,1.1521791510052454e-07,1.1521964353066458e-07,1.152213716156753e-07,1.15223099355726e-07,1.1522482675087208e-07,1.1522655380096855e-07,1.1522828050630345e-07,1.152300068674917e-07,1.1523173288373364e-07,1.152334585556637e-07,1.152351838838448e-07,1.1523690886626045e-07,1.1523863350444238e-07,1.1524035779753706e-07,1.152420817470501e-07,1.1524380535239808e-07,1.1524552861443922e-07,1.1524725153204991e-07,1.1524897410562191e-07,1.15250696335187e-07,1.1525241822125571e-07,1.1525413976369979e-07,1.1525586096267091e-07,1.1525758181778322e-07,1.1525930232961485e-07,1.1526102249773087e-07,1.152627423226961e-07,1.1526446180438401e-07,1.1526618094278388e-07,1.1526789973806097e-07,1.1526961819052711e-07,1.1527133630039881e-07,1.1527305406658481e-07,1.1527477148990883e-07,1.1527648856878084e-07,1.1527820530698818e-07,1.152799217025285e-07,1.1528163775588624e-07,1.1528335346645698e-07,1.1528506883447068e-07,1.1528678386015005e-07,1.1528849854349242e-07,1.1529021288461799e-07,1.1529192687892155e-07,1.1529364053622791e-07,1.1529535385219859e-07,1.1529706682537863e-07,1.1529877945620717e-07,1.1530049174511555e-07,1.1530220369260528e-07,1.1530391529838493e-07,1.153056265624674e-07,1.1530733748519056e-07,1.1530904806645675e-07,1.1531075830672074e-07,1.1531246820309649e-07,1.1531417776094682e-07,1.153158869771215e-07,1.1531759585223282e-07,1.1531930438657719e-07,1.1532101257980557e-07,1.1532272043215965e-07,1.153244279441239e-07,1.153261351151098e-07,1.1532784194509655e-07,1.1532954843493645e-07,1.1533125458448362e-07,1.1533296039386702e-07,1.1533466586177117e-07,1.1533637098934115e-07,1.1533807577658685e-07,1.1533978022374939e-07,1.1534148433080462e-07,1.1534318809746812e-07,1.1534489152529429e-07,1.153465946133405e-07,1.1534829736176702e-07,1.153499997708716e-07,1.1535170183912785e-07,1.1535340356889521e-07,1.1535510495910217e-07,1.1535680600771453e-07,1.1535850671759747e-07,1.1536020708764943e-07,1.1536190712130157e-07,1.1536360681407234e-07,1.1536530616712078e-07,1.1536700518026946e-07,1.1536870385588937e-07,1.1537040219202262e-07,1.1537210018958155e-07,1.1537379784980962e-07,1.1537549517059532e-07,1.1537719215241742e-07,1.1537888879548933e-07,1.1538058509994307e-07,1.1538228106588324e-07,1.153839766927153e-07,1.1538567198152472e-07,1.1538736693192549e-07,1.1538906154423242e-07,1.1539075581855292e-07,1.1539244975470125e-07,1.1539414335329299e-07,1.1539583661331043e-07,1.1539752953554628e-07,1.1539922212004795e-07,1.1540091436687855e-07,1.1540260627626168e-07,1.1540429784801684e-07,1.1540598908197648e-07,1.1540767997852862e-07,1.1540937053774125e-07,1.154110607596859e-07,1.1541275064443244e-07,1.1541444019205162e-07,1.1541612940261231e-07,1.1541781827618723e-07,1.1541950681284448e-07,1.1542119501265484e-07,1.1542288287568771e-07,1.1542457040201305e-07,1.1542625759170182e-07,1.1542794444482193e-07,1.1542963096144481e-07,1.154313171416391e-07,1.1543300298725312e-07,1.1543468849676469e-07,1.1543637367049854e-07,1.1543805851047288e-07,1.1543974301120143e-07,1.1544142717714647e-07,1.1544311100756005e-07,1.1544479450079196e-07,1.1544647765787644e-07,1.1544816047684551e-07,1.1544984296130324e-07,1.1545152511219083e-07,1.1545320692513383e-07,1.1545488840266935e-07,1.1545656954486405e-07,1.1545825035178352e-07,1.154599308234955e-07,1.1546161096011889e-07,1.1546329076161756e-07,1.1546497022761351e-07,1.1546664935913897e-07,1.1546832815508596e-07,1.1547000661678658e-07,1.1547168474371107e-07,1.1547336253628567e-07,1.1547503999386094e-07,1.1547671711767208e-07,1.1547839390598109e-07,1.1548007036001488e-07,1.154817464797412e-07,1.1548342226486162e-07,1.1548509771777822e-07,1.1548677283479381e-07,1.1548844761770876e-07,1.1549012206659537e-07,1.1549179618201441e-07,1.1549346996323906e-07,1.1549514341054183e-07,1.1549681652414273e-07,1.1549848930405203e-07,1.1550016175079738e-07,1.1550183386352207e-07,1.1550350564269071e-07,1.155051770884542e-07,1.1550684820088408e-07,1.1550851898006126e-07,1.1551018942603248e-07,1.1551185953941121e-07,1.1551352931980022e-07,1.1551519876659927e-07,1.1551686788043246e-07,1.1551853666151575e-07,1.15520205110657e-07,1.1552187322612816e-07,1.1552354100899505e-07,1.1552520845951565e-07,1.1552687557734656e-07,1.1552854236313349e-07,1.1553020881655336e-07,1.1553187494149082e-07,1.1553354072983902e-07,1.1553520618621691e-07,1.1553687131064419e-07,1.1553853610369331e-07,1.1554020056396412e-07,1.1554186469226274e-07,1.155435284882439e-07,1.1554519195757507e-07,1.1554685509028003e-07,1.1554851789140864e-07,1.1555018036087598e-07,1.1555184249842241e-07,1.1555350430514173e-07,1.1555516578089374e-07,1.1555682692493046e-07,1.155584877378729e-07,1.1556014821944844e-07,1.1556180837007051e-07,1.1556346818972703e-07,1.1556512767777622e-07,1.1556678683547556e-07,1.155684456654605e-07,1.155701041614824e-07,1.1557176232631176e-07,1.1557342016104121e-07,1.155750776713634e-07,1.1557673484576568e-07,1.1557839168972558e-07,1.1558004820503074e-07,1.1558170438848226e-07,1.1558336024105216e-07,1.1558501576515521e-07,1.1558667095742627e-07,1.1558832582034705e-07,1.1558998035635516e-07,1.1559163455896292e-07,1.1559328843152696e-07,1.1559494197441778e-07,1.1559659518778433e-07,1.1559824807155446e-07,1.1559990062579437e-07,1.1560155285058452e-07,1.1560320474596822e-07,1.1560485631202678e-07,1.156065075520233e-07,1.1560815846096847e-07,1.1560980904234983e-07,1.156114592873052e-07,1.1561310920963471e-07,1.1561475880236444e-07,1.1561640806620721e-07,1.1561805699176761e-07,1.1561970559695875e-07,1.1562135387417997e-07,1.1562300182191569e-07,1.1562464944069017e-07,1.1562629673189014e-07,1.156279436944992e-07,1.1562959032902708e-07,1.1563123663699427e-07,1.1563288261482245e-07,1.1563452826052212e-07,1.156361735822459e-07,1.1563781857591466e-07,1.1563946324169128e-07,1.1564110757962224e-07,1.1564275159225859e-07,1.1564439527679739e-07,1.1564603863140272e-07,1.1564768165835382e-07,1.1564932435806748e-07,1.1565096673033015e-07,1.1565260877505876e-07,1.1565425049245391e-07,1.1565589188302723e-07,1.1565753294592558e-07,1.1565917368578994e-07,1.156608140944145e-07,1.1566245417644338e-07,1.156640939313109e-07,1.1566573335996502e-07,1.1566737246150303e-07,1.1566901123934815e-07,1.1567064968773415e-07,1.1567228780933156e-07,1.156739256046141e-07,1.1567556307310299e-07,1.1567720021550985e-07,1.1567883703165263e-07,1.1568047352154628e-07,1.1568210968526072e-07,1.1568374552286455e-07,1.1568538103442857e-07,1.1568701622001665e-07,1.156886510796995e-07,1.1569028561354468e-07,1.1569191982211913e-07,1.15693553704416e-07,1.1569518726080844e-07,1.1569682049231617e-07,1.1569845339788478e-07,1.1570008597812051e-07,1.1570171823292072e-07,1.1570335016242819e-07,1.157049817665611e-07,1.1570661304563982e-07,1.157082439996387e-07,1.1570987462859134e-07,1.1571150493241601e-07,1.1571313491181585e-07,1.1571476456594298e-07,1.157163938943076e-07,1.1571802289910916e-07,1.1571965157932835e-07,1.1572127993490383e-07,1.1572290796593896e-07,1.1572453567260061e-07,1.1572616305485557e-07,1.1572779011282939e-07,1.157294168465647e-07,1.1573104325611583e-07,1.1573266934072418e-07,1.157342951021348e-07,1.157359205392932e-07,1.1573754565270869e-07,1.1573917044235297e-07,1.157407949082837e-07,1.157424190504994e-07,1.1574404287038971e-07,1.1574566636564001e-07,1.1574728953713786e-07,1.1574891238467543e-07,1.157505349109264e-07,1.1575215711210135e-07,1.157537789901907e-07,1.1575540054515017e-07,1.1575702178314085e-07,1.1575864269196525e-07,1.1576026327774744e-07,1.157618835406632e-07,1.1576350348053733e-07,1.1576512309782928e-07,1.1576674239224532e-07,1.1576836136262713e-07,1.157699800119827e-07,1.1577159833884415e-07,1.1577321634408382e-07,1.1577483402835067e-07,1.1577645138827384e-07,1.1577806842574458e-07,1.1577968514116786e-07,1.1578130153430447e-07,1.1578291760548684e-07,1.1578453335464919e-07,1.1578614878182773e-07,1.1578776388712047e-07,1.1578937867061895e-07,1.1579099313238869e-07,1.1579260727292366e-07,1.1579422109102947e-07,1.1579583459001272e-07,1.1579744776217843e-07,1.1579906061762179e-07,1.1580067315054952e-07,1.1580228536270326e-07,1.158038972533657e-07,1.1580550882263309e-07,1.1580712007083666e-07,1.1580873099803198e-07,1.1581034160407453e-07,1.1581195188954834e-07,1.1581356185392919e-07,1.1581517149771883e-07,1.1581678082105865e-07,1.158183898236206e-07,1.1581999850570088e-07,1.1582160686625336e-07,1.1582321490742191e-07,1.1582482262812329e-07,1.1582643002864887e-07,1.1582803710899273e-07,1.1582964386918393e-07,1.158312503092954e-07,1.158328564295049e-07,1.158344622291899e-07,1.158360677118938e-07,1.1583767287754944e-07,1.1583927771887944e-07,1.15840882239917e-07,1.1584248643947582e-07,1.1584409032133026e-07,1.1584569388419698e-07,1.1584729712715877e-07,1.1584890005074409e-07,1.1585050265503305e-07,1.1585210494009278e-07,1.158537069059997e-07,1.1585530855274873e-07,1.1585690988049904e-07,1.1585851088924821e-07,1.1586011157910044e-07,1.1586171195009798e-07,1.158633120023196e-07,1.158649117358001e-07,1.1586651115043068e-07,1.1586811024648065e-07,1.1586970902401268e-07,1.1587130748309229e-07,1.1587290562378411e-07,1.1587450344615346e-07,1.1587610095026587e-07,1.1587769813618357e-07,1.1587929500397282e-07,1.1588089155369838e-07,1.158824877854238e-07,1.1588408369921235e-07,1.1588567929512896e-07,1.1588727457323795e-07,1.1588886953360164e-07,1.1589046417628426e-07,1.1589205850134773e-07,1.1589365250885465e-07,1.1589524619886606e-07,1.1589683957144143e-07,1.1589843262663847e-07,1.1590002536451e-07,1.1590161778510829e-07,1.1590320988845878e-07,1.1590480167456146e-07,1.1590639314323732e-07,1.1590798429341964e-07,1.1590957512846839e-07,1.159111656469784e-07,1.1591275584887004e-07,1.1591434573415536e-07,1.1591593530287421e-07,1.1591752455507451e-07,1.1591911349081252e-07,1.159207021101476e-07,1.1592229041313774e-07,1.159238783998443e-07,1.1592546607032953e-07,1.1592705342465588e-07,1.1592864046288717e-07,1.1593022718508588e-07,1.1593181359131496e-07,1.1593339968163829e-07,1.1593498545611929e-07,1.1593657091482268e-07,1.1593815605781137e-07,1.1593974088515105e-07,1.1594132539690364e-07,1.1594290959313295e-07,1.159444934739055e-07,1.1594607703928312e-07,1.1594766028933256e-07,1.1594924322411623e-07,1.1595082584369812e-07,1.1595240814814278e-07,1.1595399013751487e-07,1.159555718118778e-07,1.1595715317152783e-07,1.1595873421629417e-07,1.1596031494624168e-07,1.159618953614353e-07,1.1596347546193718e-07,1.1596505524781461e-07,1.1596663471913041e-07,1.1596821387595039e-07,1.1596979271833696e-07,1.1597137124635357e-07,1.1597294946003653e-07,1.159745273594793e-07,1.1597610494500472e-07,1.1597768221615767e-07,1.1597925917300061e-07,1.1598083581614864e-07,1.1598241214539989e-07,1.1598398816081496e-07,1.1598556386237034e-07,1.1598713925019862e-07,1.1598871432436285e-07,1.1599028908492897e-07,1.1599186353195309e-07,1.1599343766551402e-07,1.159950114856675e-07,1.1599658499247899e-07,1.1599815818600986e-07,1.1599973106632812e-07,1.1600130363345831e-07,1.1600287588763141e-07,1.1600444782880016e-07,1.1600601945668592e-07,1.1600759077162156e-07,1.1600916177365985e-07,1.1601073246091732e-07,1.1601230283755876e-07,1.1601387290204595e-07,1.1601544265350277e-07,1.1601701209268472e-07,1.1601858121986654e-07,1.160201500342589e-07,1.1602171853647881e-07,1.1602328672625593e-07,1.1602485460391886e-07,1.160264221695802e-07,1.1602798942295828e-07,1.1602955636480999e-07,1.1603112299190451e-07,1.1603268930929126e-07,1.1603425531392988e-07,1.1603582100692283e-07,1.1603738638832268e-07,1.160389514590316e-07,1.1604051621820685e-07,1.1604208066613482e-07,1.1604364480255631e-07,1.1604520862828345e-07,1.1604677214236144e-07,1.1604833534367325e-07,1.1604989823504881e-07,1.160514608152464e-07,1.160530230843277e-07,1.1605458504212675e-07,1.1605614669039491e-07,1.1605770802665133e-07,1.1605926905215071e-07,1.1606082976621866e-07,1.1606239017042451e-07,1.160639502640299e-07,1.1606551004709875e-07,1.1606706951963895e-07,1.1606862868175245e-07,1.1607018753349905e-07,1.1607174607486259e-07,1.1607330430598851e-07,1.1607486222710547e-07,1.1607641983768309e-07,1.1607797713851635e-07,1.1607953412940319e-07,1.1608109081051045e-07,1.160826471817702e-07,1.1608420324330855e-07,1.160857589951278e-07,1.160873144372147e-07,1.1608886956971091e-07,1.160904243926984e-07,1.1609197890622572e-07,1.1609353311015061e-07,1.1609508700475536e-07,1.1609664059010221e-07,1.1609819386625286e-07,1.160997468332699e-07,1.1610129949121614e-07,1.1610285184015333e-07,1.1610440388014316e-07,1.1610595561125029e-07,1.1610750703306951e-07,1.1610905814621942e-07,1.1611060895086462e-07,1.1611215944871716e-07,1.1611370963970334e-07,1.1611525951919815e-07,1.1611680908849364e-07,1.1611835835070936e-07,1.1611990730459837e-07,1.1612145595022146e-07,1.1612300428764229e-07,1.1612455231692204e-07,1.1612610003812318e-07,1.1612764745131044e-07,1.1612919455654375e-07,1.1613074135388728e-07,1.1613228784340179e-07,1.1613383402515035e-07,1.1613537989919489e-07,1.1613692546559786e-07,1.1613847072438201e-07,1.1614001567589111e-07,1.1614156031995603e-07,1.1614310465663445e-07,1.1614464868599346e-07,1.1614619240808226e-07,1.1614773582299254e-07,1.1614927893077162e-07,1.161508217314828e-07,1.1615236422519017e-07,1.1615390641195482e-07,1.1615544829183829e-07,1.1615698986490444e-07,1.1615853112956244e-07,1.1616007208917994e-07,1.1616161274216969e-07,1.1616315308862194e-07,1.1616469312854726e-07,1.161662328619423e-07,1.161677722901103e-07,1.1616931141088223e-07,1.1617085022504207e-07,1.1617238873363758e-07,1.1617392693739363e-07,1.161754648345171e-07,1.1617700242397172e-07,1.1617853970894149e-07,1.1618007668724844e-07,1.1618161335973914e-07,1.1618314972647424e-07,1.1618468578751683e-07,1.1618622154292886e-07,1.1618775699272661e-07,1.1618929213696194e-07,1.16190826975741e-07,1.1619236150918722e-07,1.1619389573710367e-07,1.1619542965946296e-07,1.1619696327719692e-07,1.1619849658981495e-07,1.1620002959739166e-07,1.162015623005314e-07,1.162030946980546e-07,1.1620462679075987e-07,1.1620615857800812e-07,1.1620769006114477e-07,1.1620922123969516e-07,1.1621075211350363e-07,1.1621228268283971e-07,1.1621381294746027e-07,1.162153429078009e-07,1.1621687256374696e-07,1.162184019153198e-07,1.1621993096287922e-07,1.1622145970661969e-07,1.1622298814568398e-07,1.1622451628067015e-07,1.1622604411163997e-07,1.1622757163891108e-07,1.162290988622458e-07,1.1623062578234682e-07,1.1623215239791771e-07,1.1623367870961432e-07,1.1623520471897e-07,1.1623673042355407e-07,1.162382558238177e-07,1.1623978092158436e-07,1.1624130571550233e-07,1.1624283020831945e-07,1.1624435438594883e-07,1.1624587826741544e-07,1.1624740184867269e-07,1.162489251266305e-07,1.162504481016973e-07,1.1625197077347206e-07,1.1625349314271751e-07,1.1625501520912945e-07,1.1625653697549384e-07,1.1625805843581269e-07,1.1625957959311863e-07,1.1626110044879293e-07,1.1626262100193988e-07,1.1626414125262172e-07,1.1626566120089993e-07,1.1626718084683569e-07,1.1626870019049008e-07,1.1627021923192584e-07,1.1627173797125562e-07,1.1627325640849538e-07,1.1627477454371604e-07,1.162762923769932e-07,1.1627780990813716e-07,1.1627932713762512e-07,1.1628084406516484e-07,1.162823606909073e-07,1.1628387701516155e-07,1.1628539303779925e-07,1.1628690875889513e-07,1.1628842417851072e-07,1.1628993929670857e-07,1.1629145411354815e-07,1.1629296862909237e-07,1.1629448284340309e-07,1.1629599675654095e-07,1.1629751036856785e-07,1.1629902367954419e-07,1.1630053668962515e-07,1.1630204939878496e-07,1.1630356180708846e-07,1.1630507391482863e-07,1.1630658572159048e-07,1.1630809722761687e-07,1.1630960843322902e-07,1.1631111933812842e-07,1.163126299427545e-07,1.163141402466437e-07,1.1631565025018618e-07,1.163171599529953e-07,1.1631866935560717e-07,1.163201784580715e-07,1.163216872604436e-07,1.1632319576297067e-07,1.1632470396548892e-07,1.1632621186806249e-07,1.1632771947060138e-07,1.1632922677390799e-07,1.163307337776983e-07,1.1633224047927204e-07,1.1633374688541173e-07,1.1633525298958469e-07,1.1633675879423962e-07,1.1633826429943534e-07,1.1633976950523425e-07,1.1634127441170945e-07,1.1634277902026614e-07,1.1634428332123977e-07,1.1634578732572624e-07,1.1634729102952831e-07,1.1634879444197642e-07,1.1635029755395644e-07,1.163518003673675e-07,1.1635330287979101e-07,1.1635480509439999e-07,1.1635630701111223e-07,1.1635780862887382e-07,1.1635930994817957e-07,1.16360810968822e-07,1.163623116909817e-07,1.1636381211471974e-07,1.1636531224009582e-07,1.1636681206720498e-07,1.1636831159610611e-07,1.1636981082515795e-07,1.1637130975769785e-07,1.1637280838861683e-07,1.163743067251009e-07,1.163758047640986e-07,1.1637730250422832e-07,1.1637879994710978e-07,1.1638029709514044e-07,1.1638179393496944e-07,1.1638329048481325e-07,1.1638478673696154e-07,1.1638628269207442e-07,1.163877783493857e-07,1.1638927370879395e-07,1.1639076877147118e-07,1.1639226353556025e-07,1.1639375800104849e-07,1.163952521722773e-07,1.1639674604609213e-07,1.1639823962280559e-07,1.1639973290265134e-07,1.1640122588259002e-07,1.1640271856845139e-07,1.1640421095515361e-07,1.1640570304257047e-07,1.1640719483836361e-07,1.1640868633739115e-07,1.1641017753972764e-07,1.1641166844557367e-07,1.1641315905498809e-07,1.1641464936803408e-07,1.1641613938477261e-07,1.1641762910526589e-07,1.164191185295751e-07,1.1642060765841054e-07,1.1642209648943075e-07,1.164235850254472e-07,1.1642507326610386e-07,1.1642656121112295e-07,1.164280488600892e-07,1.1642953621307058e-07,1.1643102327035764e-07,1.1643251003201132e-07,1.164339964980904e-07,1.1643548266865784e-07,1.1643696854376954e-07,1.1643845412348927e-07,1.1643993940787587e-07,1.1644142439698886e-07,1.1644290909088845e-07,1.1644439348963568e-07,1.1644587759328959e-07,1.164473614019116e-07,1.1644884491556076e-07,1.1645032813429691e-07,1.1645181105818103e-07,1.1645329368746578e-07,1.1645477602223147e-07,1.1645625806229676e-07,1.1645773980770653e-07,1.1645922126140088e-07,1.1646070241777708e-07,1.1646218327974036e-07,1.1646366384712624e-07,1.1646514411987382e-07,1.1646662409881519e-07,1.1646810378356629e-07,1.1646958317416431e-07,1.1647106227045136e-07,1.164725410731498e-07,1.164740195796668e-07,1.1647549779454273e-07,1.16476975714706e-07,1.164784533410356e-07,1.1647993067362616e-07,1.1648140771137544e-07,1.164828844557019e-07,1.1648436090662207e-07,1.1648583706416719e-07,1.1648731292962057e-07,1.1648878850024022e-07,1.1649026377992662e-07,1.1649173876556283e-07,1.1649321345939698e-07,1.1649468786007396e-07,1.1649616196622952e-07,1.1649763577939545e-07,1.1649910929963079e-07,1.1650058252699362e-07,1.165020554615426e-07,1.16503528103336e-07,1.1650500045243354e-07,1.165064725079215e-07,1.1650794426581181e-07,1.1650941573591326e-07,1.1651088691507529e-07,1.165123578020924e-07,1.1651382839627356e-07,1.1651529869906244e-07,1.1651676870820098e-07,1.1651823842601232e-07,1.1651970785302478e-07,1.1652117698636528e-07,1.1652264582851318e-07,1.1652411437950574e-07,1.1652558263708485e-07,1.1652705060269465e-07,1.1652851827671458e-07,1.1652998565422497e-07,1.1653145274571208e-07,1.1653291954524047e-07,1.1653438605355526e-07,1.1653585226981485e-07,1.1653731819497525e-07,1.1653878382895945e-07,1.1654024917038314e-07,1.1654171422171894e-07,1.165431789817589e-07,1.1654464345079982e-07,1.1654610762849656e-07,1.1654757151505522e-07,1.1654903511080845e-07,1.1655049841426755e-07,1.1655196142548561e-07,1.1655342414879231e-07,1.1655488658133901e-07,1.1655634872355949e-07,1.1655781057508405e-07,1.1655927213707207e-07,1.1656073340714263e-07,1.1656219438786872e-07,1.1656365507831532e-07,1.1656511547846446e-07,1.1656657558777544e-07,1.1656803540916313e-07,1.1656949493820761e-07,1.16570954178527e-07,1.1657241312414619e-07,1.1657387178326817e-07,1.1657533015239019e-07,1.165767882315431e-07,1.1657824602388876e-07,1.1657970352397187e-07,1.1658116073441365e-07,1.1658261765526427e-07,1.1658407428659639e-07,1.1658553062540733e-07,1.1658698667799463e-07,1.1658844244037113e-07,1.1658989791693774e-07,1.1659135310521114e-07,1.1659280800466769e-07,1.1659426261380564e-07,1.1659571693127291e-07,1.1659717095997271e-07,1.1659862469955313e-07,1.1660007815027543e-07,1.1660153131220219e-07,1.1660298418536745e-07,1.1660443676990003e-07,1.1660588906578731e-07,1.1660734107311643e-07,1.1660879279097072e-07,1.1661024422119935e-07,1.1661169536265903e-07,1.1661314621913535e-07,1.1661459678575132e-07,1.1661604706293229e-07,1.1661749705196488e-07,1.1661894675302892e-07,1.1662039616585558e-07,1.166218452909282e-07,1.1662329412792388e-07,1.1662474267703091e-07,1.1662619093842661e-07,1.1662763891196124e-07,1.1662908659809278e-07,1.1663053399541212e-07,1.1663198110617148e-07,1.1663342792942127e-07,1.1663487446523468e-07,1.1663632071364597e-07,1.1663776667463703e-07,1.166392123483566e-07,1.1664065773486178e-07,1.1664210283421126e-07,1.1664354764646111e-07,1.1664499216935392e-07,1.16646436407438e-07,1.1664788035763363e-07,1.1664932402316042e-07,1.1665076740101625e-07,1.1665221049197086e-07,1.1665365329526255e-07,1.1665509581199331e-07,1.1665653804308094e-07,1.166579799874918e-07,1.1665942164274311e-07,1.1666086301396567e-07,1.1666230409922301e-07,1.1666374489831788e-07,1.1666518541118913e-07,1.1666662563789514e-07,1.1666806557849549e-07,1.1666950523304635e-07,1.166709446016065e-07,1.1667238368423505e-07,1.1667382248098956e-07,1.1667526099192792e-07,1.1667669921710855e-07,1.1667813715659006e-07,1.1667957481042913e-07,1.1668101217868476e-07,1.1668244926141438e-07,1.1668388605867753e-07,1.1668532257053055e-07,1.1668675879703271e-07,1.1668819473824056e-07,1.1668963039421389e-07,1.166910657650098e-07,1.1669250085068625e-07,1.1669393565130189e-07,1.1669537016691366e-07,1.1669680439757948e-07,1.1669823834335741e-07,1.1669967200430492e-07,1.1670110538048214e-07,1.1670253847194462e-07,1.1670397127875129e-07,1.1670540380096004e-07,1.1670683603862852e-07,1.1670826799181396e-07,1.1670969966057545e-07,1.1671113104496856e-07,1.1671256214505317e-07,1.1671399296088805e-07,1.1671542349252862e-07,1.1671685374003291e-07,1.167182837034604e-07,1.1671971338286679e-07,1.1672114277831023e-07,1.1672257188985045e-07,1.1672400071753301e-07,1.1672542926142543e-07,1.1672685752158817e-07,1.1672828549807479e-07,1.1672971319094628e-07,1.1673114060025831e-07,1.1673256772606942e-07,1.1673399456843685e-07,1.1673542112742008e-07,1.1673684740307295e-07,1.1673827339545625e-07,1.1673969910462575e-07,1.1674112453064041e-07,1.167425496735568e-07,1.1674397453343283e-07,1.1674539911032543e-07,1.1674682340429354e-07,1.1674824741539248e-07,1.1674967114368188e-07,1.1675109458921845e-07,1.1675251775205871e-07,1.1675394063226149e-07,1.1675536322988335e-07,1.1675678554498235e-07,1.1675820757761456e-07,1.1675962932783819e-07,1.1676105079571177e-07,1.167624719812913e-07,1.1676389288463423e-07,1.1676531350579967e-07,1.1676673384484198e-07,1.1676815390182014e-07,1.167695736767924e-07,1.1677099316981455e-07,1.1677241238094345e-07,1.1677383131023672e-07,1.1677524995775348e-07,1.167766683235493e-07,1.1677808640768198e-07,1.1677950421020793e-07,1.1678092173118487e-07,1.1678233897067052e-07,1.1678375592872165e-07,1.1678517260539463e-07,1.1678658900074805e-07,1.1678800511483867e-07,1.1678942094772275e-07,1.1679083649945837e-07,1.1679225177010248e-07,1.167936667597114e-07,1.1679508146834315e-07,1.1679649589605459e-07,1.1679791004290316e-07,1.1679932390894358e-07,1.1680073749423653e-07,1.1680215079883622e-07,1.1680356382280113e-07,1.168049765662e-07,1.1680638902908345e-07,1.1680780121149884e-07,1.1680921311350716e-07,1.1681062473516468e-07,1.1681203607652879e-07,1.168134471376578e-07,1.1681485791860406e-07,1.1681626841943017e-07,1.1681767864047529e-07,1.1681908858122624e-07,1.168204982416537e-07,1.1682190762321952e-07,1.1682331672406779e-07,1.168247255453526e-07,1.168261340869125e-07,1.1682754234989716e-07,1.1682895033212265e-07,1.168303580348458e-07,1.1683176545881184e-07,1.1683317260251907e-07,1.1683457946673638e-07,1.1683598605164616e-07,1.1683739235725836e-07,1.1683879838362734e-07,1.1684020413080615e-07,1.1684160959884822e-07,1.1684301478780195e-07,1.1684441969810753e-07,1.1684582432927944e-07,1.1684722868178036e-07,1.1684863275546378e-07,1.1685003655038901e-07,1.1685144006660792e-07,1.1685284330419801e-07,1.1685424626332063e-07,1.168556489437677e-07,1.168570513457369e-07,1.1685845346893801e-07,1.1685985531414188e-07,1.16861256881003e-07,1.1686265816962373e-07,1.1686405918005534e-07,1.1686545991249214e-07,1.1686686036681064e-07,1.1686826054299484e-07,1.1686966043854376e-07,1.1687106006049871e-07,1.1687245940367569e-07,1.1687385846832192e-07,1.1687525725522331e-07,1.1687665576489321e-07,1.168780539965384e-07,1.1687945195417779e-07,1.1688084962681154e-07,1.1688224702692938e-07,1.1688364415057811e-07,1.168850409948593e-07,1.1688643756184091e-07,1.1688783385229422e-07,1.1688922986476992e-07,1.1689062559960012e-07,1.1689202105786592e-07,1.1689341623922909e-07,1.168948111437886e-07,1.1689620577130761e-07,1.1689760012197133e-07,1.1689899419583619e-07,1.1690038799292181e-07,1.1690178151319583e-07,1.1690317475674414e-07,1.1690456772524326e-07,1.1690596041598044e-07,1.1690735283032428e-07,1.1690874496827118e-07,1.1691013682973126e-07,1.1691152841497198e-07,1.1691291972411184e-07,1.1691431075658592e-07,1.1691570151335398e-07,1.1691709199417209e-07,1.1691848219932066e-07,1.1691987212847076e-07,1.1692126178130351e-07,1.169226511582227e-07,1.1692404025931021e-07,1.1692542908464877e-07,1.1692681763385343e-07,1.169282059080584e-07,1.169295939068261e-07,1.169309816300945e-07,1.169323690788795e-07,1.1693375625144335e-07,1.1693514314981159e-07,1.1693652977166246e-07,1.1693791611865742e-07,1.1693930219011851e-07,1.1694068798647125e-07,1.1694207350761987e-07,1.169434587539546e-07,1.1694484372414539e-07,1.1694622842062887e-07,1.1694761284228082e-07,1.1694899698916949e-07,1.1695038086126331e-07,1.169517644587768e-07,1.1695314778166409e-07,1.1695453083002394e-07,1.1695591360389122e-07,1.1695729610332242e-07,1.169586783289845e-07,1.1696006027920508e-07,1.1696144195577534e-07,1.1696282335893601e-07,1.1696420448692423e-07,1.169655853407448e-07,1.1696696592053177e-07,1.1696834622631004e-07,1.1696972625869569e-07,1.169711060168715e-07,1.1697248550116802e-07,1.1697386471135943e-07,1.1697524364816996e-07,1.169766223112357e-07,1.169780007007835e-07,1.1697937881718864e-07,1.1698075665977618e-07,1.1698213422888934e-07,1.1698351152543133e-07,1.1698488854766535e-07,1.1698626529578021e-07,1.1698764177077062e-07,1.1698901797522936e-07,1.1699039390486844e-07,1.1699176956149851e-07,1.1699314494507132e-07,1.1699452005540983e-07,1.1699589489330526e-07,1.1699726945823023e-07,1.1699864375038326e-07,1.1700001776982776e-07,1.1700139151659574e-07,1.1700276499079349e-07,1.1700413819243627e-07,1.1700551112158195e-07,1.1700688377825393e-07,1.1700825616255145e-07,1.1700962827452059e-07,1.1701100011703878e-07,1.1701237168451382e-07,1.1701374297970104e-07,1.170151140029034e-07,1.1701648475387738e-07,1.1701785523311474e-07,1.1701922544036939e-07,1.1702059537580786e-07,1.170219650398245e-07,1.1702333443156877e-07,1.1702470355167072e-07,1.1702607240330823e-07,1.170274409801509e-07,1.1702880928604135e-07,1.1703017731967999e-07,1.1703154508203987e-07,1.1703291257284166e-07,1.1703427979222835e-07,1.1703564674004909e-07,1.170370134168734e-07,1.1703837982254507e-07,1.170397459572143e-07,1.1704111182093708e-07,1.1704247741393511e-07,1.1704384273801742e-07,1.1704520778873504e-07,1.170465725686422e-07,1.1704793707775271e-07,1.1704930131577883e-07,1.1705066528081224e-07,1.1705202897789197e-07,1.1705339240441099e-07,1.170547555602844e-07,1.1705611844596039e-07,1.1705748106103766e-07,1.1705884340584894e-07,1.1706020548033844e-07,1.1706156728473375e-07,1.1706292881862545e-07,1.1706429008239082e-07,1.1706565107678685e-07,1.170670118007605e-07,1.1706837225453662e-07,1.1706973243851241e-07,1.1707109235252094e-07,1.1707245199723604e-07,1.1707381137184367e-07,1.1707517047685597e-07,1.1707652931218456e-07,1.1707788787759667e-07,1.1707924617355589e-07,1.1708060420021812e-07,1.170819619575743e-07,1.1708331944540692e-07,1.1708467666397823e-07,1.1708603361329368e-07,1.1708739029345121e-07,1.170887467044646e-07,1.170901028463894e-07,1.1709145871928022e-07,1.170928143231923e-07,1.1709416965817912e-07,1.1709552472429603e-07,1.1709687952159765e-07,1.1709823404237197e-07,1.1709958829541436e-07,1.1710094228061861e-07,1.171022960031349e-07,1.171036494571063e-07,1.1710500264258497e-07,1.1710635555962808e-07,1.1710770820830346e-07,1.1710906058863485e-07,1.1711041270138196e-07,1.171117645452587e-07,1.1711311611685816e-07,1.1711446741987471e-07,1.1711581845407466e-07,1.1711716921884403e-07,1.171185197180067e-07,1.171198699484782e-07,1.1712121991686747e-07,1.1712256961754521e-07,1.1712391904432474e-07,1.1712526820050521e-07,1.1712661709209493e-07,1.1712796572432278e-07,1.1712931408903288e-07,1.1713066218629356e-07,1.1713201001618326e-07,1.1713335757834285e-07,1.171347048720308e-07,1.1713605189718017e-07,1.1713739865530663e-07,1.1713874514615687e-07,1.1714009137123214e-07,1.171414373279647e-07,1.1714278301363952e-07,1.1714412843242589e-07,1.171454735883371e-07,1.1714681847751485e-07,1.1714816309993774e-07,1.1714950745565835e-07,1.1715085154473023e-07,1.1715219536720933e-07,1.1715353892314923e-07,1.1715488221260164e-07,1.1715622523562264e-07,1.171575679923296e-07,1.1715891048167263e-07,1.1716025270282776e-07,1.1716159465981508e-07,1.1716293635139431e-07,1.1716427777695783e-07,1.1716561893631736e-07,1.1716695983006831e-07,1.1716830045538067e-07,1.1716964081766211e-07,1.1717098091347911e-07,1.171723207435299e-07,1.1717366030433731e-07,1.1717499960279467e-07,1.1717633863566326e-07,1.1717767740347072e-07,1.171790159053658e-07,1.1718035414182927e-07,1.1718169211074022e-07,1.1718302981674588e-07,1.1718436725925579e-07,1.1718570443366327e-07,1.1718704134359744e-07,1.1718837798742639e-07,1.171897143653877e-07,1.1719105048034075e-07,1.1719238632936048e-07,1.171937219146051e-07,1.1719505723456212e-07,1.171963922903862e-07,1.1719772708079783e-07,1.1719906160643382e-07,1.1720039586739684e-07,1.1720172986377232e-07,1.1720306359645491e-07,1.1720439706591898e-07,1.1720573026980643e-07,1.1720706320847404e-07,1.1720839588288085e-07,1.1720972829287901e-07,1.1721106043852955e-07,1.1721239232000642e-07,1.1721372393752665e-07,1.1721505528857775e-07,1.1721638637783697e-07,1.1721771720309837e-07,1.1721904776498567e-07,1.1722037806179269e-07,1.1722170809586547e-07,1.1722303786646758e-07,1.1722436737260852e-07,1.1722569661528069e-07,1.1722702559401742e-07,1.1722835430578187e-07,1.1722968275799914e-07,1.1723101093980468e-07,1.1723233886499229e-07,1.1723366652697358e-07,1.1723499392559437e-07,1.1723632106106318e-07,1.1723764792438377e-07,1.1723897453366423e-07,1.1724030087666471e-07,1.1724162696118864e-07,1.1724295278119149e-07,1.17244278332911e-07,1.1724560362759106e-07,1.1724692865881979e-07,1.1724825342983737e-07,1.1724957793988501e-07,1.1725090218383505e-07,1.1725222616589567e-07,1.1725354988441492e-07,1.1725487334048552e-07,1.1725619653499476e-07,1.1725751946836931e-07,1.1725884213762822e-07,1.1726016454412603e-07,1.1726148668855894e-07,1.1726280857097869e-07,1.1726413019128786e-07,1.172654515491142e-07,1.172667726483064e-07,1.1726809348260971e-07,1.1726941405596453e-07,1.1727073436654858e-07,1.1727205441530584e-07,1.172733742014054e-07,1.1727469372681688e-07,1.1727601299015845e-07,1.1727733199256022e-07,1.1727865073145393e-07,1.172799692129458e-07,1.1728128743037213e-07,1.1728260538685717e-07,1.1728392308204024e-07,1.1728524051601842e-07,1.172865576887574e-07,1.1728787460035229e-07,1.1728919125085606e-07,1.1729050764037402e-07,1.1729182376889253e-07,1.1729313963617088e-07,1.1729445524301602e-07,1.1729577058885818e-07,1.1729708567395492e-07,1.172984004983033e-07,1.1729971506203582e-07,1.1730102936382192e-07,1.1730234340629606e-07,1.1730365718843707e-07,1.1730497070807512e-07,1.173062839693553e-07,1.1730759697023229e-07,1.1730890971071222e-07,1.173102221909396e-07,1.1731153441062342e-07,1.1731284637052309e-07,1.1731415806923263e-07,1.1731546950900594e-07,1.1731678068879469e-07,1.1731809160863499e-07,1.1731940227111925e-07,1.1732071267105019e-07,1.173220228104263e-07,1.1732333269122094e-07,1.1732464231222802e-07,1.1732595167360472e-07,1.1732726077541939e-07,1.1732856961773424e-07,1.1732987820069055e-07,1.1733118652380576e-07,1.1733249458797769e-07,1.1733380239276488e-07,1.1733510993863945e-07,1.173364172269362e-07,1.1733772425427484e-07,1.1733903102277011e-07,1.1734033753184169e-07,1.1734164378192796e-07,1.1734294977308016e-07,1.173442555053521e-07,1.1734556097878613e-07,1.1734686619323789e-07,1.1734817114843171e-07,1.1734947584597776e-07,1.1735078028461795e-07,1.1735208446478293e-07,1.1735338838645086e-07,1.1735469204957991e-07,1.1735599545441165e-07,1.1735729860084619e-07,1.1735860148888752e-07,1.1735990411874832e-07,1.1736120649014266e-07,1.1736250860349891e-07,1.1736381045887421e-07,1.1736511205611063e-07,1.1736641339541935e-07,1.1736771447678114e-07,1.1736901529917881e-07,1.1737031586132875e-07,1.1737161616930575e-07,1.1737291621961471e-07,1.1737421601217318e-07,1.1737551554714018e-07,1.1737681482437989e-07,1.1737811384404315e-07,1.1737941260629404e-07,1.1738071111112178e-07,1.1738200935858463e-07,1.1738330734873288e-07,1.1738460508164926e-07,1.1738590255733993e-07,1.1738719977582643e-07,1.1738849673837928e-07,1.1738979344285087e-07,1.1739108989020463e-07,1.1739238608060673e-07,1.1739368201411172e-07,1.173949776909059e-07,1.1739627311091669e-07,1.173975682745078e-07,1.1739886318049597e-07,1.1740015782972966e-07,1.1740145222305455e-07,1.1740274636056149e-07,1.1740404023856749e-07,1.1740533386222456e-07,1.1740662722959394e-07,1.1740792033982515e-07,1.1740921319380108e-07,1.1741050579158246e-07,1.1741179813323483e-07,1.1741309021883476e-07,1.1741438204211295e-07,1.1741567361628525e-07,1.1741696493451471e-07,1.1741825599679119e-07,1.1741954680384598e-07,1.174208373548676e-07,1.1742212764903372e-07,1.1742341768743703e-07,1.1742470747014874e-07,1.1742599699817867e-07,1.1742728627126687e-07,1.1742857528821345e-07,1.1742986404969203e-07,1.174311525555193e-07,1.1743244080579053e-07,1.1743372880121703e-07,1.1743501654316162e-07,1.1743630402811449e-07,1.17437591257912e-07,1.1743887823210818e-07,1.1744016495157121e-07,1.1744145141505767e-07,1.174427376255039e-07,1.1744402357994684e-07,1.1744530927992382e-07,1.1744659472519736e-07,1.174478799157439e-07,1.1744916485161637e-07,1.1745044953282606e-07,1.1745173395657629e-07,1.1745301812840416e-07,1.1745430204694877e-07,1.1745558571081873e-07,1.1745686911972605e-07,1.1745815227432258e-07,1.1745943517601608e-07,1.1746071782232236e-07,1.1746200021427748e-07,1.1746328235198145e-07,1.1746456423655916e-07,1.17465845865001e-07,1.1746712724074765e-07,1.1746840836219837e-07,1.1746968923068164e-07,1.1747096984495784e-07,1.1747225020548538e-07,1.174735303112197e-07,1.1747481016442676e-07,1.1747608976451008e-07,1.1747736911042043e-07,1.1747864820302405e-07,1.1747992704187784e-07,1.1748120562758574e-07,1.1748248395996296e-07,1.1748376203914815e-07,1.1748503986486224e-07,1.1748631743754438e-07,1.1748759475706544e-07,1.1748887182285027e-07,1.1749014863628013e-07,1.1749142519546934e-07,1.1749270150631043e-07,1.1749397756093663e-07,1.174952533639299e-07,1.1749652891295186e-07,1.1749780420924755e-07,1.1749907925164734e-07,1.1750035404044071e-07,1.1750162858099822e-07,1.175029028669001e-07,1.1750417689868508e-07,1.1750545067900171e-07,1.1750672420764311e-07,1.1750799748294957e-07,1.1750927050725202e-07,1.1751054327901395e-07,1.1751181579881626e-07,1.1751308806644867e-07,1.1751436008204876e-07,1.175156318455423e-07,1.175169033560728e-07,1.175181746178925e-07,1.1751944562532988e-07,1.1752071638388314e-07,1.1752198688412676e-07,1.1752325713893956e-07,1.175245271436973e-07,1.1752579689289497e-07,1.1752706639032299e-07,1.1752833563637392e-07,1.1752960463105843e-07,1.1753087337475648e-07,1.175321418668711e-07,1.1753341010754261e-07,1.1753467809620428e-07,1.175359458342819e-07,1.1753721332035017e-07,1.1753848055635268e-07,1.1753974754133217e-07,1.1754101427528565e-07,1.175422807582806e-07,1.1754354699048384e-07,1.1754481297232228e-07,1.1754607870624189e-07,1.175473441900368e-07,1.1754860941719868e-07,1.1754987439679494e-07,1.1755113912554088e-07,1.1755240360404625e-07,1.175536678308177e-07,1.1755493180636863e-07,1.1755619553155954e-07,1.175574590064528e-07,1.1755872223210005e-07,1.1755998520792242e-07,1.1756124793237711e-07,1.1756251040727314e-07,1.175637726311584e-07,1.1756503460043802e-07,1.1756629632550698e-07,1.1756755780033166e-07,1.175688190255203e-07,1.1757007999985778e-07,1.175713407243713e-07,1.1757260119912555e-07,1.1757386142417854e-07,1.1757512139958296e-07,1.1757638112611828e-07,1.1757764060160745e-07,1.1757889983151437e-07,1.1758015880976574e-07,1.1758141753883092e-07,1.175826760169793e-07,1.1758393424683103e-07,1.1758519222873067e-07,1.1758644996138015e-07,1.175877074438995e-07,1.1758896467523595e-07,1.1759022165952095e-07,1.1759147839959923e-07,1.17592734886024e-07,1.1759399112221144e-07,1.1759524711123222e-07,1.1759650285027306e-07,1.1759775834143765e-07,1.1759901358425151e-07,1.1760026857833132e-07,1.1760152332392953e-07,1.1760277782097223e-07,1.1760403206952537e-07,1.1760528607040704e-07,1.1760653982221288e-07,1.1760779332563106e-07,1.1760904658081801e-07,1.1761029958780671e-07,1.1761155234703002e-07,1.1761280485762238e-07,1.176140571203575e-07,1.1761530913487833e-07,1.1761656090123295e-07,1.1761781241995967e-07,1.1761906369081207e-07,1.1762031471393263e-07,1.1762156548937324e-07,1.1762281601693354e-07,1.1762406629689586e-07,1.1762531632876969e-07,1.1762656611345922e-07,1.1762781565120865e-07,1.1762906494127196e-07,1.1763031398582079e-07,1.1763156278604584e-07,1.1763281133359041e-07,1.1763405963386201e-07,1.1763530768689966e-07,1.1763655549276167e-07,1.1763780305153036e-07,1.1763905036312229e-07,1.1764029742782618e-07,1.1764154424593422e-07,1.176427908162845e-07,1.1764403714004977e-07,1.1764528321675703e-07,1.1764652904705674e-07,1.1764777463063294e-07,1.1764901996753188e-07,1.1765026505781104e-07,1.1765150990147499e-07,1.1765275449863233e-07,1.1765399884939104e-07,1.1765524295364661e-07,1.1765648681089632e-07,1.1765773042060244e-07,1.176589737864758e-07,1.1766021690549725e-07,1.1766145977794146e-07,1.1766270240612062e-07,1.176639447868239e-07,1.1766518692149906e-07,1.1766642881019786e-07,1.1766767045296761e-07,1.176689118499319e-07,1.1767015300111261e-07,1.1767139390639593e-07,1.1767263456595218e-07,1.1767387497923754e-07,1.1767511514538213e-07,1.1767635506782835e-07,1.1767759474577185e-07,1.1767883417112109e-07,1.1768007335734316e-07,1.1768131229818477e-07,1.1768255099369267e-07,1.1768378944393101e-07,1.1768502765298432e-07,1.1768626561279061e-07,1.1768750332746268e-07,1.1768874079739892e-07,1.176899780217516e-07,1.1769121500131611e-07,1.176924517358576e-07,1.176936882255636e-07,1.1769492447063118e-07,1.176961604684511e-07,1.1769739622121006e-07,1.1769863173073483e-07,1.1769986699678318e-07,1.1770110201885572e-07,1.1770233679626577e-07,1.177035713245212e-07,1.1770480561222305e-07,1.1770603965506081e-07,1.1770727345430017e-07,1.1770850700913668e-07,1.1770974032045204e-07,1.1771097338854775e-07,1.177122062111306e-07,1.177134387888662e-07,1.1771467112298332e-07,1.1771590321389026e-07,1.177171350604849e-07,1.1771836666283976e-07,1.1771959801975043e-07,1.1772082913407175e-07,1.1772206000434617e-07,1.177232906304821e-07,1.1772452101436042e-07,1.1772575115498097e-07,1.1772698105172522e-07,1.177282107055581e-07,1.1772944011567282e-07,1.1773066928208636e-07,1.1773189820477518e-07,1.1773312688368065e-07,1.1773435531941896e-07,1.1773558351334632e-07,1.177368114609147e-07,1.1773803916339998e-07,1.1773926662734801e-07,1.1774049384766806e-07,1.1774172082469551e-07,1.1774294755994473e-07,1.1774417405146058e-07,1.1774540031046862e-07,1.1774662631786265e-07,1.1774785207932384e-07,1.1774907760011617e-07,1.177503028780298e-07,1.1775152791377251e-07,1.1775275270683704e-07,1.1775397725858118e-07,1.1775520156673753e-07,1.1775642563220335e-07,1.1775764945041602e-07,1.1775887303217433e-07,1.1776009636819929e-07,1.1776131946507242e-07,1.1776254232013645e-07,1.1776376493435715e-07,1.1776498730509996e-07,1.1776620943604695e-07,1.1776743132253159e-07,1.177686529672591e-07,1.1776987436966651e-07,1.1777109553068858e-07,1.1777231644392633e-07,1.1777353712154572e-07,1.1777475755476623e-07,1.1777597774913852e-07,1.1777719770205718e-07,1.1777841741293582e-07,1.1777963688166364e-07,1.1778085611004649e-07,1.177820750982042e-07,1.1778329384248731e-07,1.1778451234781866e-07,1.1778573061403435e-07,1.1778694863616442e-07,1.1778816641691674e-07,1.177893839568608e-07,1.1779060125569034e-07,1.177918183159164e-07,1.1779303513300413e-07,1.1779425170994936e-07,1.1779546804424813e-07,1.1779668414000386e-07,1.1779789999411422e-07,1.177991156062455e-07,1.1780033097694844e-07,1.1780154610893351e-07,1.1780276099833257e-07,1.178039756491197e-07,1.1780519005903107e-07,1.1780640422959998e-07,1.1780761815913688e-07,1.1780883184858344e-07,1.1781004529787703e-07,1.1781125850698129e-07,1.1781247147594604e-07,1.1781368420653115e-07,1.1781489669693594e-07,1.1781610894525199e-07,1.1781732095342862e-07,1.1781853272148218e-07,1.1781974425182806e-07,1.17820955540649e-07,1.1782216659015238e-07,1.1782337739981962e-07,1.1782458797192716e-07,1.1782579830178935e-07,1.1782700839225739e-07,1.178282182432917e-07,1.1782942785676348e-07,1.1783063722933484e-07,1.178318463625512e-07,1.1783305525770646e-07,1.1783426391253649e-07,1.1783547232820957e-07,1.1783668050391335e-07,1.1783788844216115e-07,1.1783909614019785e-07,1.1784030359919275e-07,1.1784151081919696e-07,1.178427177998803e-07,1.1784392454168369e-07,1.1784513104511094e-07,1.1784633730960657e-07,1.1784754333546281e-07,1.1784874912262932e-07,1.1784995467165826e-07,1.1785115998273523e-07,1.1785236505441167e-07,1.1785356988336518e-07,1.1785477447767375e-07,1.1785597883371945e-07,1.1785718295123795e-07,1.1785838683061654e-07,1.1785959047169966e-07,1.1786079387443992e-07,1.1786199703914206e-07,1.17863199973478e-07,1.1786440266173462e-07,1.1786560511381264e-07,1.1786680732634653e-07,1.1786800930077441e-07,1.1786921103751752e-07,1.1787041253639717e-07,1.1787161379750005e-07,1.1787281482095959e-07,1.1787401560644683e-07,1.1787521615999451e-07,1.1787641646983691e-07,1.17877616544401e-07,1.1787881637989585e-07,1.1788001597873616e-07,1.1788121533988553e-07,1.1788241446244749e-07,1.1788361334788245e-07,1.1788481199632408e-07,1.1788601040836027e-07,1.1788720858405572e-07,1.1788840652202727e-07,1.1788960422458848e-07,1.1789080168805557e-07,1.1789199891418789e-07,1.178931959037197e-07,1.1789439265646369e-07,1.1789558917218513e-07,1.1789678545109089e-07,1.1789798149345147e-07,1.1789917729916805e-07,1.1790037287042553e-07,1.1790156820503572e-07,1.1790276330306809e-07,1.1790395816460746e-07,1.1790515278974221e-07,1.1790634717856451e-07,1.1790754133116607e-07,1.1790873524761197e-07,1.1790992892494946e-07,1.1791112236621633e-07,1.1791231557152563e-07,1.1791350854077882e-07,1.1791470127447193e-07,1.1791589377146317e-07,1.1791708603184753e-07,1.1791827805702545e-07,1.1791946984616006e-07,1.1792066139995864e-07,1.1792185271789118e-07,1.1792304380041086e-07,1.1792423464652856e-07,1.1792542525704007e-07,1.1792661563189787e-07,1.1792780577334953e-07,1.1792899567732867e-07,1.1793018534570394e-07,1.179313747786971e-07,1.1793256397646071e-07,1.1793375293888088e-07,1.179349416659651e-07,1.1793613015783915e-07,1.17937318414582e-07,1.1793850643612815e-07,1.1793969422205158e-07,1.1794088177436879e-07,1.1794206909142712e-07,1.1794325617317835e-07,1.1794444301986982e-07,1.1794562963447211e-07,1.1794681601381832e-07,1.1794800215620614e-07,1.179491880638996e-07,1.1795037373694975e-07,1.1795155917540412e-07,1.1795274437931076e-07,1.1795392934871909e-07,1.1795511408367536e-07,1.1795629858422713e-07,1.179574828504239e-07,1.17958666882311e-07,1.1795985067993671e-07,1.1796103424334825e-07,1.1796221757259516e-07,1.179634006677238e-07,1.1796458352878359e-07,1.179657661558222e-07,1.1796694854889097e-07,1.1796813070844874e-07,1.1796931263462644e-07,1.1797049432643412e-07,1.1797167578428797e-07,1.1797285700834792e-07,1.1797403799867693e-07,1.1797521875234617e-07,1.1797639927537916e-07,1.1797757956495219e-07,1.1797875962084517e-07,1.1797993944327081e-07,1.1798111903227766e-07,1.1798229838396092e-07,1.179834775033365e-07,1.1798465638664692e-07,1.1798583503560173e-07,1.1798701345683871e-07,1.1798819164598548e-07,1.1798936960223775e-07,1.1799054732640027e-07,1.179917248175206e-07,1.1799290207493774e-07,1.1799407909946002e-07,1.1799525589470926e-07,1.1799643244889269e-07,1.1799760877667741e-07,1.1799878486640042e-07,1.1799996072654169e-07,1.1800113635394014e-07,1.1800231175241254e-07,1.1800348691343478e-07,1.1800466184167708e-07,1.1800583654004892e-07,1.1800701100582296e-07,1.1800818523880014e-07,1.1800935925028958e-07,1.1801053301906402e-07,1.180117065654893e-07,1.1801287987411463e-07,1.1801405294715554e-07,1.1801522578716823e-07,1.1801639839488736e-07,1.180175707711907e-07,1.1801874291536882e-07,1.1801991482795165e-07,1.1802108650852278e-07,1.1802225795769075e-07,1.1802342917511583e-07,1.180246001652661e-07,1.1802577091846506e-07,1.1802694143901285e-07,1.1802811173263249e-07,1.1802928179254438e-07,1.1803045162093496e-07,1.180316212178327e-07,1.1803279058276453e-07,1.1803395971613669e-07,1.1803512861844026e-07,1.180362972842256e-07,1.1803746572460902e-07,1.1803863393372965e-07,1.1803980190766486e-07,1.1804096965433676e-07,1.1804213716999716e-07,1.1804330445469626e-07,1.1804447150879915e-07,1.180456383319047e-07,1.1804680492417265e-07,1.1804797128564815e-07,1.1804913741618192e-07,1.180503033131828e-07,1.1805146897958462e-07,1.1805263441543214e-07,1.1805379962077277e-07,1.1805496459565581e-07,1.1805612934012399e-07,1.1805729385422546e-07,1.1805845813800872e-07,1.1805962219152064e-07,1.1806078601480383e-07,1.1806194960790738e-07,1.1806311297087811e-07,1.1806427610376167e-07,1.180654390066064e-07,1.1806660167945771e-07,1.1806776412236365e-07,1.1806892633536539e-07,1.1807008831851573e-07,1.1807125007185727e-07,1.180724115954384e-07,1.1807357288930476e-07,1.1807473395350381e-07,1.1807589478807841e-07,1.180770553930799e-07,1.1807821576855138e-07,1.1807937591453802e-07,1.1808053583109048e-07,1.1808169551825039e-07,1.1808285497806206e-07,1.1808401420855474e-07,1.1808517320977616e-07,1.180863319817724e-07,1.180874905245884e-07,1.1808864883826964e-07,1.1808980692286355e-07,1.1809096477841556e-07,1.1809212240497148e-07,1.1809327980257861e-07,1.1809443697128076e-07,1.1809559391112505e-07,1.1809675062215679e-07,1.1809790710442292e-07,1.1809906335796825e-07,1.1810021938283944e-07,1.1810137517908102e-07,1.1810253074674103e-07,1.1810368608586337e-07,1.18104841196495e-07,1.1810599607868179e-07,1.1810715073246879e-07,1.1810830515856426e-07,1.1810945935634746e-07,1.1811061332608508e-07,1.1811176706904419e-07,1.1811292058244828e-07,1.1811407386708991e-07,1.1811522692365004e-07,1.181163797521763e-07,1.1811753235271283e-07,1.181186847253053e-07,1.1811983686999763e-07,1.1812098878683762e-07,1.1812214047586828e-07,1.1812329193713596e-07,1.181244431706838e-07,1.1812559417655812e-07,1.1812674495286036e-07,1.1812789550129682e-07,1.1812904582179325e-07,1.181301959141688e-07,1.1813134577795374e-07,1.1813249541115005e-07,1.1813364482046103e-07,1.181347940011081e-07,1.1813594295632742e-07,1.18137091685193e-07,1.1813824018956397e-07,1.1813938846797686e-07,1.1814053651906557e-07,1.1814168434162238e-07,1.1814283193739311e-07,1.1814397930640266e-07,1.1814512644687297e-07,1.1814627336069363e-07,1.1814742004968807e-07,1.1814856651337811e-07,1.1814971274891114e-07,1.1815085875591688e-07,1.1815200453613936e-07,1.1815315008967306e-07,1.181542954183222e-07,1.1815544052036578e-07,1.1815658539585273e-07,1.181577300455458e-07,1.181588744654301e-07,1.181600186546396e-07,1.1816116261938979e-07,1.181623063610293e-07,1.1816344987751975e-07,1.1816459317013629e-07,1.1816573623671803e-07,1.1816687907730972e-07,1.181680216919528e-07,1.1816916408069338e-07,1.181703062435736e-07,1.1817144818097263e-07,1.1817258989260182e-07,1.181737313785565e-07,1.1817487263782463e-07,1.1817601366819931e-07,1.1817715447668139e-07,1.1817829506023323e-07,1.1817943541825696e-07,1.1818057555006487e-07,1.181817154564577e-07,1.1818285513747921e-07,1.1818399459317602e-07,1.1818513382359399e-07,1.1818627282877524e-07,1.1818741160876821e-07,1.1818855016361518e-07,1.1818968849336282e-07,1.1819082659805616e-07,1.1819196447773911e-07,1.1819310213245679e-07,1.1819423956225696e-07,1.181953767671811e-07,1.1819651374727645e-07,1.1819765050258831e-07,1.1819878703316041e-07,1.1819992333734338e-07,1.1820105941686947e-07,1.1820219527178392e-07,1.1820333090213138e-07,1.1820446630796069e-07,1.1820560149184997e-07,1.1820673645131321e-07,1.1820787118639618e-07,1.1820900569714443e-07,1.1821013998360311e-07,1.1821127404581834e-07,1.1821240788383562e-07,1.1821354149770038e-07,1.1821467488745802e-07,1.1821580805315539e-07,1.1821694099483804e-07,1.1821807371253355e-07,1.1821920620617704e-07,1.182203384758526e-07,1.18221470521918e-07,1.1822260234367096e-07,1.1822373394208353e-07,1.1822486531680415e-07,1.182259964677919e-07,1.1822712739505345e-07,1.1822825809874623e-07,1.182293885789212e-07,1.1823051883563922e-07,1.1823164886977085e-07,1.1823277867670977e-07,1.1823390825987276e-07,1.1823503761889418e-07,1.1823616675168545e-07,1.1823729566457211e-07,1.18238424353648e-07,1.1823955281940597e-07,1.182406810631601e-07,1.1824180908437212e-07,1.1824293688288343e-07,1.1824406446224311e-07,1.1824519181833003e-07,1.1824631895433822e-07,1.1824744586698437e-07,1.1824857255004669e-07,1.1824969901040376e-07,1.1825082524811206e-07,1.1825195126319238e-07,1.1825307705570328e-07,1.1825420262738871e-07,1.1825532797655874e-07,1.1825645309790965e-07,1.182575779950541e-07,1.182587026788372e-07,1.182598271412034e-07,1.182609513811507e-07,1.1826207539667621e-07,1.1826319919159528e-07,1.1826432276801984e-07,1.1826544612330035e-07,1.1826656924567756e-07,1.1826769215254557e-07,1.1826881483777646e-07,1.1826993729822297e-07,1.1827105953679678e-07,1.1827218155642437e-07,1.1827330335382908e-07,1.1827442492952602e-07,1.1827554628352568e-07,1.1827666741587357e-07,1.1827778832664258e-07,1.182789090154951e-07,1.1828002948478459e-07,1.1828114973454991e-07,1.1828226976200271e-07,1.1828338956677649e-07,1.1828450914857794e-07,1.1828562850998839e-07,1.1828674765008462e-07,1.1828786656816565e-07,1.1828898526485344e-07,1.1829010374064525e-07,1.1829122199533358e-07,1.1829234002894832e-07,1.1829345784149578e-07,1.1829457543290109e-07,1.1829569280238346e-07,1.1829680995247354e-07,1.1829792688167605e-07,1.1829904358914268e-07,1.1830016007689336e-07,1.183012763421154e-07,1.1830239238821663e-07,1.1830350821395128e-07,1.1830462381923179e-07,1.18305739204581e-07,1.1830685437056138e-07,1.1830796931431664e-07,1.1830908403764883e-07,1.1831019854149445e-07,1.1831131282481178e-07,1.1831242688799139e-07,1.1831354073114118e-07,1.1831465435400076e-07,1.1831576775690389e-07,1.1831688093947609e-07,1.1831799390226151e-07,1.1831910664528712e-07,1.1832021916893887e-07,1.183213314718694e-07,1.1832244355472849e-07,1.1832355541981642e-07,1.1832466706310089e-07,1.1832577848667151e-07,1.1832688969062293e-07,1.1832800067496018e-07,1.18329111439731e-07,1.1833022198496502e-07,1.1833133231259792e-07,1.1833244241908332e-07,1.1833355231001683e-07,1.1833466197926993e-07,1.1833577142983396e-07,1.1833688065924548e-07,1.1833798966910479e-07,1.1833909845975655e-07,1.1834020703192127e-07,1.1834131538482221e-07,1.1834242351825792e-07,1.1834353143268039e-07,1.1834463912852043e-07,1.183457466057561e-07,1.1834685386425113e-07,1.183479609041676e-07,1.1834906772422234e-07,1.1835017432554025e-07,1.183512807086288e-07,1.1835238687310302e-07,1.1835349281900997e-07,1.1835459854640085e-07,1.1835570405532747e-07,1.1835680934584264e-07,1.1835791441800269e-07,1.1835901927060619e-07,1.1836012390479194e-07,1.183612283205771e-07,1.1836233251795158e-07,1.1836343649686057e-07,1.1836454025863472e-07,1.1836564380309448e-07,1.1836674712914007e-07,1.1836785023658157e-07,1.183689531257558e-07,1.1837005579725336e-07,1.1837115825082682e-07,1.1837226048650207e-07,1.1837336250428248e-07,1.1837446430403688e-07,1.1837556588725827e-07,1.1837666725220653e-07,1.18377768399506e-07,1.183788693292447e-07,1.1837997004114954e-07,1.183810705358234e-07,1.1838217081304504e-07,1.1838327087278302e-07,1.1838437071695594e-07,1.1838547034197005e-07,1.1838656974939975e-07,1.1838766893994103e-07,1.183887679099632e-07,1.1838986666701753e-07,1.1839096520747337e-07,1.1839206353036854e-07,1.1839316163531977e-07,1.1839425952330055e-07,1.1839535719434131e-07,1.1839645464848599e-07,1.1839755188577734e-07,1.183986489064809e-07,1.1839974571009599e-07,1.1840084229729784e-07,1.1840193866751423e-07,1.1840303482069395e-07,1.1840413076144491e-07,1.1840522648710839e-07,1.1840632199423038e-07,1.1840741728230913e-07,1.1840851235375639e-07,1.1840960720873398e-07,1.1841070184723041e-07,1.1841179626939879e-07,1.1841289047783578e-07,1.1841398446745746e-07,1.1841507824083989e-07,1.1841617179825308e-07,1.1841726514377268e-07,1.1841835827529555e-07,1.184194511857314e-07,1.1842054387911829e-07,1.1842163635118193e-07,1.184227286128214e-07,1.1842382065873027e-07,1.1842491248003079e-07,1.184260040947061e-07,1.1842709549426728e-07,1.1842818667778112e-07,1.184292776445384e-07,1.1843036839679202e-07,1.1843145893780031e-07,1.1843254925905724e-07,1.1843363936376686e-07,1.1843472925420985e-07,1.1843581892937923e-07,1.18436908388262e-07,1.1843799763279549e-07,1.1843908666366535e-07,1.1844017547944235e-07,1.1844126407845058e-07,1.1844235246228827e-07,1.1844344063122051e-07,1.1844452858516556e-07,1.1844561632418129e-07,1.1844670384790544e-07,1.1844779115714149e-07,1.1844887825062696e-07,1.1844996513022083e-07,1.1845105179536012e-07,1.1845213824727563e-07,1.1845322448411579e-07,1.1845431050972472e-07,1.1845539631680534e-07,1.1845648190646402e-07,1.1845756728184392e-07,1.1845865244424552e-07,1.1845973739262859e-07,1.1846082212438461e-07,1.1846190664287857e-07,1.1846299094865114e-07,1.1846407503993653e-07,1.1846515892205864e-07,1.1846624258739373e-07,1.1846732603571648e-07,1.184684092700397e-07,1.184694922905123e-07,1.1847057509731475e-07,1.1847165769058901e-07,1.1847274007010206e-07,1.1847382223762432e-07,1.1847490418636991e-07,1.1847598592344209e-07,1.1847706744633316e-07,1.1847814875633104e-07,1.1847922985303903e-07,1.1848031073648277e-07,1.1848139140644781e-07,1.1848247186281844e-07,1.1848355210598875e-07,1.1848463213554954e-07,1.1848571195435698e-07,1.1848679155763949e-07,1.1848787094697982e-07,1.1848895012264751e-07,1.1849002908587114e-07,1.1849110783327899e-07,1.18492186375797e-07,1.1849326469836332e-07,1.1849434280866459e-07,1.1849542070499807e-07,1.1849649839002901e-07,1.1849757586231764e-07,1.1849865312060098e-07,1.1849973016704504e-07,1.1850080700078632e-07,1.1850188362192899e-07,1.1850296003040807e-07,1.1850403622609823e-07,1.1850511220922554e-07,1.1850618798019831e-07,1.185072635392444e-07,1.1850833888393261e-07,1.1850941401779416e-07,1.1851048893869174e-07,1.1851156364737639e-07,1.1851263814440733e-07,1.185137124285585e-07,1.1851478650055541e-07,1.1851586036022794e-07,1.1851693400778561e-07,1.1851800744282405e-07,1.185190806662802e-07,1.1852015367774836e-07,1.1852122647726419e-07,1.1852229906487807e-07,1.1852337144063451e-07,1.1852444360457427e-07,1.1852551555673958e-07,1.1852658729703701e-07,1.1852765882574955e-07,1.185287301447129e-07,1.1852980124992407e-07,1.1853087214330599e-07,1.1853194282569034e-07,1.1853301329494444e-07,1.1853408355459247e-07,1.1853515360280211e-07,1.185362234396516e-07,1.1853729306517825e-07,1.185383624794191e-07,1.1853943168238086e-07,1.1854050066630398e-07,1.1854156944696556e-07,1.1854263801421652e-07,1.1854370637055468e-07,1.1854477451778806e-07,1.1854584245435916e-07,1.18546910178671e-07,1.1854797769264164e-07,1.1854904499646401e-07,1.1855011208936103e-07,1.1855117897169485e-07,1.1855224564324887e-07,1.18553312104141e-07,1.1855437835455761e-07,1.1855544439411715e-07,1.1855651022311695e-07,1.1855757584124009e-07,1.1855864124907534e-07,1.1855970644988694e-07,1.1856077143791682e-07,1.1856183621570804e-07,1.1856290077920473e-07,1.1856396513568034e-07,1.1856502928221238e-07,1.185660932183527e-07,1.1856715694439047e-07,1.1856822046100092e-07,1.185692837668115e-07,1.1857034686266443e-07,1.1857140974853696e-07,1.1857247242474531e-07,1.1857353488858874e-07,1.1857459714569664e-07,1.1857565919256692e-07,1.1857672102744263e-07,1.1857778265203164e-07,1.1857884407029866e-07,1.1857990527876349e-07,1.1858096627641522e-07,1.1858202706448069e-07,1.1858308764391283e-07,1.1858414801639023e-07,1.1858520817687292e-07,1.1858626812798429e-07,1.185873278707246e-07,1.1858838740196658e-07,1.1858944672558959e-07,1.1859050583880716e-07,1.1859156474617344e-07,1.1859262344128462e-07,1.1859368192711073e-07,1.1859474020450661e-07,1.185957982735335e-07,1.1859685613343193e-07,1.1859791378434644e-07,1.1859897122313522e-07,1.1860002845360885e-07,1.1860108547625578e-07,1.1860214229169188e-07,1.1860319889758956e-07,1.1860425529524722e-07,1.1860531149040171e-07,1.1860636747565568e-07,1.1860742324874121e-07,1.1860847881320493e-07,1.1860953416895393e-07,1.1861058931619254e-07,1.1861164425482118e-07,1.1861269898498038e-07,1.1861375350636812e-07,1.186148078194299e-07,1.1861586192438812e-07,1.1861691582178201e-07,1.1861796951025806e-07,1.1861902299163482e-07,1.1862007626420743e-07,1.1862112932340812e-07,1.1862218217843634e-07,1.186232348257218e-07,1.186242872671585e-07,1.1862533950121395e-07,1.1862639152732442e-07,1.1862744334776787e-07,1.1862849495720004e-07,1.186295463588879e-07,1.1863059755441107e-07,1.1863164854223311e-07,1.1863269932244846e-07,1.1863374989524408e-07,1.1863480026057341e-07,1.1863585041762448e-07,1.1863690037153098e-07,1.1863795011562133e-07,1.1863899965044394e-07,1.1864004897854004e-07,1.1864109810064776e-07,1.186421470151149e-07,1.1864319572193681e-07,1.1864424422339111e-07,1.1864529251555088e-07,1.1864634060179514e-07,1.1864738848084582e-07,1.1864843615316146e-07,1.1864948361950158e-07,1.1865053087817332e-07,1.1865157793004741e-07,1.1865262477613737e-07,1.1865367141463864e-07,1.186547178473232e-07,1.1865576407646942e-07,1.1865681009512229e-07,1.1865785590745476e-07,1.1865890151239194e-07,1.1865994691008695e-07,1.1866099210280569e-07,1.1866203708929883e-07,1.1866308187064686e-07,1.1866412644939705e-07,1.1866517081682722e-07,1.186662149784117e-07,1.1866725893415825e-07,1.186683026825313e-07,1.1866934622386706e-07,1.186703895605085e-07,1.1867143269148678e-07,1.1867247561513652e-07,1.1867351833261489e-07,1.186745608479637e-07,1.1867560315620866e-07,1.186766452578783e-07,1.1867768715504474e-07,1.1867872884522875e-07,1.1867977032970519e-07,1.1868081160692372e-07,1.1868185268047183e-07,1.1868289354826292e-07,1.186839342142566e-07,1.1868497467144362e-07,1.1868601492113292e-07,1.1868705496877474e-07,1.1868809480834787e-07,1.1868913444378888e-07,1.1869017387385842e-07,1.1869121309889423e-07,1.1869225211858103e-07,1.1869329093311832e-07,1.1869432954259868e-07,1.1869536794157694e-07,1.1869640613968202e-07,1.1869744413413793e-07,1.1869848192601428e-07,1.1869951951067029e-07,1.1870055688968692e-07,1.1870159406871332e-07,1.187026310391705e-07,1.1870366780467186e-07,1.1870470436445136e-07,1.187057407208622e-07,1.1870677686641474e-07,1.1870781281290174e-07,1.1870884855564199e-07,1.1870988409287426e-07,1.187109194266274e-07,1.1871195455574455e-07,1.1871298948059719e-07,1.1871402420120233e-07,1.1871505871777479e-07,1.1871609303378226e-07,1.1871712714134779e-07,1.1871816104412726e-07,1.1871919474378976e-07,1.1872022823945827e-07,1.1872126153102266e-07,1.1872229461876468e-07,1.1872332750352132e-07,1.1872436018389937e-07,1.187253926597963e-07,1.1872642493192082e-07,1.1872745700052854e-07,1.1872848886556232e-07,1.1872952052641325e-07,1.187305519836526e-07,1.1873158323646979e-07,1.1873261428642529e-07,1.1873364513204365e-07,1.1873467577507648e-07,1.187357062146493e-07,1.1873673645033636e-07,1.1873776648255758e-07,1.1873879630964227e-07,1.1873982593580218e-07,1.1874085535822701e-07,1.1874188457371162e-07,1.1874291359034623e-07,1.1874394240764687e-07,1.1874497101718754e-07,1.1874599942450401e-07,1.1874702762924241e-07,1.1874805563031605e-07,1.187490834280611e-07,1.1875011102077182e-07,1.187511384133508e-07,1.187521656031637e-07,1.1875319259009297e-07,1.187542193732055e-07,1.1875524595054606e-07,1.1875627232937783e-07,1.1875729850589548e-07,1.1875832447975408e-07,1.1875935025178803e-07,1.1876037582076956e-07,1.187614011898252e-07,1.1876242635366912e-07,1.187634513154635e-07,1.1876447607494411e-07,1.187655006319946e-07,1.187665249855788e-07,1.187675491381079e-07,1.1876857308861724e-07,1.1876959683441904e-07,1.1877062038072839e-07,1.187716437251567e-07,1.1877266686759701e-07,1.1877368980090933e-07,1.1877471253957356e-07,1.1877573507582048e-07,1.1877675741065899e-07,1.1877777954363416e-07,1.1877880147423986e-07,1.1877982320386438e-07,1.1878084473174844e-07,1.1878186605827709e-07,1.1878288718331569e-07,1.1878390810703795e-07,1.1878492882898219e-07,1.1878594935181604e-07,1.187869696707823e-07,1.1878798978820576e-07,1.1878900970140231e-07,1.1879002941417483e-07,1.1879104892792294e-07,1.1879206824046391e-07,1.1879308735187474e-07,1.1879410626223114e-07,1.1879512497339905e-07,1.1879614348097043e-07,1.1879716178740956e-07,1.1879817989558573e-07,1.1879919779999482e-07,1.188002155040905e-07,1.1880123300726047e-07,1.1880225031000163e-07,1.1880326741107935e-07,1.1880428431201861e-07,1.1880530101290934e-07,1.188063175123668e-07,1.1880733380604706e-07,1.1880834990323556e-07,1.188093658010721e-07,1.188103815007338e-07,1.1881139699803244e-07,1.1881241229188274e-07,1.1881342738811743e-07,1.1881444228412265e-07,1.1881545697945168e-07,1.1881647147420237e-07,1.188174857691416e-07,1.1881849986377374e-07,1.1881951375847632e-07,1.188205274530487e-07,1.1882154094002389e-07,1.1882255423455303e-07,1.1882356732934787e-07,1.1882458022681788e-07,1.188255929214485e-07,1.1882660541618451e-07,1.1882761771106924e-07,1.1882862980609867e-07,1.1882964170151473e-07,1.1883065339723518e-07,1.1883166489329818e-07
14,6.059844117568338e-65,2.4748685407882406e-64,6.415841437488287e-64,1.3390700445019375e-63,2.4498009137826587e-63,4.096114505488104e-63,6.412071289631868e-63,9.543036784476851e-63,1.3645505797266735e-62,1.8887085881452546e-62,2.5446577016774848e-62,3.351410239151945e-62,4.329125965082005e-62,5.499127296883379e-62,6.883913426560648e-62,8.507172742723168e-62,1.0393793307614047e-61,1.2569871379078923e-61,1.5062718104800872e-61,1.7900864589886428e-61,2.1114065567828413e-61,2.4733301906806225e-61,2.879078216881485e-61,3.3319943416045835e-61,3.83554514323297e-61,4.3933200500503015e-61,5.009031285118929e-61,5.686513787570356e-61,6.429725117602916e-61,7.24274535081403e-61,8.129776966117045e-61,9.095144730380755e-61,1.0143295582043734e-60,1.1278798515267204e-60,1.2506344465660106e-60,1.3830746198212016e-60,1.5256938197781314e-60,1.6789976562271057e-60,1.8435038898482965e-60,2.019742422054187e-60,2.208255285072292e-60,2.4095966322481434e-60,2.6243327285466937e-60,2.85304194123084e-60,3.0963147306958555e-60,3.354753641440386e-60,3.628973293155875e-60,3.919600371918421e-60,4.2272736214686917e-60,4.5526438345669796e-60,4.8963738444132964e-60,5.259138516121872e-60,5.641624738242904e-60,6.044531414324159e-60,6.468569454506849e-60,6.914461767150632e-60,7.382943250483878e-60,7.874760784275537e-60,8.390673221525754e-60,8.931451380173116e-60,9.497878034816187e-60,1.0090747908447975e-59,1.0710867664201858e-59,1.135905589710807e-59,1.2036143125859574e-59,1.2742971784586795e-59,1.348039621464055e-59,1.4249282656382715e-59,1.5050509240984143e-59,1.5884965982229716e-59,1.6753554768329954e-59,1.7657189353739313e-59,1.859679535098077e-59,1.957331022247685e-59,2.058768327238617e-59,2.1640875638446686e-59,2.2733860283824472e-59,2.3867621988968773e-59,2.504315734347218e-59,2.62614747379374e-59,2.752359435584949e-59,2.8830548165453373e-59,3.018337991163807e-59,3.1583145107825765e-59,3.3030911027866553e-59,3.452775669793979e-59,3.6074772888460116e-59,3.7673062105989183e-59,3.9323738585153953e-59,4.102792828056959e-59,4.278676885876846e-59,4.460140969013473e-59,4.647301184084443e-59,4.840274806481141e-59,5.039180279563853e-59,5.244137213857486e-59,5.455266386247799e-59,5.672689739178249e-59,5.896530379847349e-59,6.126912579406606e-59,6.3639617721590075e-59,6.607804554758122e-59,6.858568685407563e-59,7.116383083061348e-59,7.381377826624477e-59,7.653684154154279e-59,7.933434462062204e-59,8.220762304316222e-59,8.51580239164374e-59,8.818690590735226e-59,9.129563923448049e-59,9.448560566011246e-59,9.775819848230593e-59,1.0111482252694364e-58,1.0455689413979607e-58,1.0808584117858838e-58,1.1170310300507576e-58,1.15410130477121e-58,1.1920838594078158e-58,1.2309934322239595e-58,1.2708448762068295e-58,1.3116531589884122e-58,1.353433362766562e-58,1.3962006842261219e-58,1.4399704344601009e-58,1.4847580388909087e-58,1.5305790371916278e-58,1.577449083207376e-58,1.625383944876686e-58,1.6743995041529673e-58,1.7245117569259985e-58,1.775736812943491e-58,1.8280908957327083e-58,1.881590342522133e-58,1.936251604163172e-58,1.992091245051974e-58,2.0491259430512346e-58,2.1073724894120494e-58,2.1668477886959308e-58,2.2275688586967446e-58,2.2895528303627846e-58,2.3528169477188603e-58,2.4173785677884677e-58,2.4832551605159917e-58,2.5504643086889783e-58,2.619023707860449e-58,2.6889511662712807e-58,2.7602646047726277e-58,2.8329820567484052e-58,2.907121668037828e-58,2.982701696857994e-58,3.0597405137265373e-58,3.1382566013843132e-58,3.218268554718158e-58,3.299795080683691e-58,3.382854998228175e-58,3.467467238213422e-58,3.553650843338767e-58,3.64142496806408e-58,3.730808878532846e-58,3.821821952495289e-58,3.9144836792315474e-58,4.0088136594749046e-58,4.1048316053350874e-58,4.202557340221599e-58,4.302010798767121e-58,4.403212026750922e-58,4.506181181022421e-58,4.610938529424688e-58,4.717504450718074e-58,4.825899434503864e-58,4.93614408114799e-58,5.048259101704797e-58,5.16226531784086e-58,5.278183661758845e-58,5.396035176121471e-58,5.515841013975452e-58,5.637622438675513e-58,5.7614008238085255e-58,5.887197653117606e-58,6.0150345204263044e-58,6.14493312956285e-58,6.2769152942844626e-58,6.411002938201692e-58,6.547218094702767e-58,6.685582906878139e-58,6.826119627444918e-58,6.968850618671456e-58,7.113798352301942e-58,7.26098540948109e-58,7.410434480678806e-58,7.562168365615004e-58,7.716209973184401e-58,7.87258232138139e-58,8.03130853722496e-58,8.19241185668369e-58,8.35591562460075e-58,8.521843294619003e-58,8.690218429106128e-58,8.861064699079766e-58,9.034405884132895e-58,9.210265872358921e-58,9.38866866027716e-58,9.569638352758163e-58,9.753199162949186e-58,9.939375412199692e-58,1.0128191529986891e-57,1.0319672053841327e-57,1.0513841629272531e-57,1.0710725009694756e-57,1.0910347056352687e-57,1.1112732738247269e-57,1.1317907132061577e-57,1.1525895422086705e-57,1.1736722900147727e-57,1.1950414965529737e-57,1.2166997124903851e-57,1.2386494992253382e-57,1.2608934288800031e-57,1.2834340842929988e-57,1.306274059012032e-57,1.329415957286523e-57,1.352862394060246e-57,1.3766159949639686e-57,1.4006793963081018e-57,1.4250552450753498e-57,1.4497461989133703e-57,1.474754926127435e-57,1.5000841056730998e-57,1.5257364271488753e-57,1.5517145907889084e-57,1.5780213074556568e-57,1.60465929863259e-57,1.631631296416874e-57,1.658940043512072e-57,1.6865882932208467e-57,1.7145788094376714e-57,1.7429143666415385e-57,1.771597749888685e-57,1.8006317548053157e-57,1.8300191875803237e-57,1.8597628649580325e-57,1.8898656142309322e-57,1.9203302732324234e-57,1.9511596903295668e-57,1.982356724415834e-57,2.013924244903875e-57,2.045865131718271e-57,2.0781822752883138e-57,2.110878576540773e-57,2.143956946892674e-57,2.177420308244101e-57,2.2112715929709558e-57,2.2455137439177728e-57,2.2801497143905123e-57,2.3151824681493674e-57,2.3506149794015704e-57,2.3864502327942092e-57,2.422691223407043e-57,2.4593409567453327e-57,2.496402448732668e-57,2.5338787257037922e-57,2.5717728243974564e-57,2.6100877919492553e-57,2.648826685884479e-57,2.687992574110965e-57,2.7275885349119593e-57,2.7676176569389827e-57,2.8080830392046927e-57,2.848987791075764e-57,2.890335032265766e-57,2.932127892828044e-57,2.9743695131486136e-57,3.0170630439390454e-57,3.060211646229378e-57,3.1038184913610063e-57,3.1478867609796e-57,3.1924196470280155e-57,3.237420351739214e-57,3.2828920876291816e-57,3.3288380774898645e-57,3.375261554382092e-57,3.4221657616285253e-57,3.4695539528066044e-57,3.5174293917414643e-57,3.565795352498933e-57,3.6146551193784637e-57,3.664011986906102e-57,3.7138692598274433e-57,3.76423025310063e-57,3.8150982918893054e-57,3.866476711555608e-57,3.918368857653155e-57,3.9707780859200333e-57,4.023707762271801e-57,4.0771612627944846e-57,4.1311419737375876e-57,4.1856532915071e-57,4.2406986226585204e-57,4.29628138388987e-57,4.352405002034724e-57,4.409072914055241e-57,4.466288567035193e-57,4.5240554181730175e-57,4.582376934774857e-57,4.6412565942476035e-57,4.700697884091963e-57,4.7607043018955156e-57,4.8212793553257684e-57,4.8824265621232374e-57,4.944149450094521e-57,5.006451557105365e-57,5.069336431073777e-57,5.132807629963079e-57,5.196868721775023e-57,5.261523284542886e-57,5.326774906324575e-57,5.392627185195723e-57,5.459083729242818e-57,5.526148156556315e-57,5.593824095223752e-57,5.662115183322882e-57,5.731025068914812e-57,5.800557410037124e-57,5.870715874697035e-57,5.941504140864532e-57,6.012925896465518e-57,6.084984839374979e-57,6.157684677410151e-57,6.231029128323662e-57,6.305021919796719e-57,6.379666789432278e-57,6.454967484748233e-57,6.530927763170581e-57,6.607551392026628e-57,6.684842148538173e-57,6.762803819814724e-57,6.841440202846672e-57,6.92075510449852e-57,7.0007523415021e-57,7.081435740449772e-57,7.162809137787656e-57,7.244876379808866e-57,7.327641322646727e-57,7.41110783226802e-57,7.495279784466228e-57,7.580161064854764e-57,7.665755568860245e-57,7.752067201715727e-57,7.839099878453978e-57,7.926857523900735e-57,8.015344072667977e-57,8.104563469147193e-57,8.194519667502674e-57,8.285216631664781e-57,8.376658335323246e-57,8.468848761920446e-57,8.561791904644718e-57,8.655491766423657e-57,8.749952359917424e-57,8.845177707512058e-57,8.941171841312763e-57,9.037938803137274e-57,9.135482644509175e-57,9.233807426651174e-57,9.332917220478519e-57,9.432816106592274e-57,9.533508175272698e-57,9.634997526472575e-57,9.737288269810569e-57,9.840384524564593e-57,9.944290419665166e-57,1.0049010093688764e-56,1.0154547694851223e-56,1.0260907381001086e-56,1.036809331961299e-56,1.0476109687781072e-56,1.0584960672212332e-56,1.0694650469220036e-56,1.080518328471713e-56,1.091656333420962e-56,1.1028794842789978e-56,1.1141882045130621e-56,1.125582918547722e-56,1.13706405176422e-56,1.1486320304998138e-56,1.1602872820471213e-56,1.1720302346534613e-56,1.1838613175202003e-56,1.1957809608020956e-56,1.2077895956066395e-56,1.2198876539934072e-56,1.2320755689734002e-56,1.2443537745083936e-56,1.256722705510284e-56,1.269182797840432e-56,1.2817344883090175e-56,1.2943782146743806e-56,1.3071144156423718e-56,1.3199435308657125e-56,1.3328660009433228e-56,1.3458822674196885e-56,1.3589927727842046e-56,1.3721979604705272e-56,1.3854982748559276e-56,1.398894161260639e-56,1.4123860659472132e-56,1.4259744361198698e-56,1.4396597199238504e-56,1.453442366444778e-56,1.4673228257079999e-56,1.4813015486779483e-56,1.4953789872574963e-56,1.5095555942873118e-56,1.5238318235452139e-56,1.538208129745524e-56,1.5526849685384317e-56,1.5672627965093456e-56,1.5819420711782517e-56,1.596723250999074e-56,1.611606795359028e-56,1.626593164577985e-56,1.641682819907829e-56,1.6568762235318164e-56,1.6721738385639359e-56,1.6875761290482706e-56,1.7030835599583573e-56,1.7186965971965514e-56,1.734415707593382e-56,1.7502413589069257e-56,1.7661740198221585e-56,1.7822141599503254e-56,1.7983622498282995e-56,1.8146187609179516e-56,1.8309841656055118e-56,1.8474589372009355e-56,1.8640435499372668e-56,1.88073847897001e-56,1.897544200376489e-56,1.91446119115522e-56,1.9314899292252757e-56,1.948630893425653e-56,1.965884563514643e-56,1.9832514201691968e-56,2.0007319449843002e-56,2.0183266204723368e-56,2.0360359300624616e-56,2.0538603580999706e-56,2.0718003898456704e-56,2.0898565114752526e-56,2.108029210078662e-56,2.1263189736594715e-56,2.1447262911342513e-56,2.1632516523319456e-56,2.1818955479932483e-56,2.200658469769966e-56,2.219540910224407e-56,2.238543362828742e-56,2.257666321964392e-56,2.276910282921389e-56,2.296275741897773e-56,2.3157631959989487e-56,2.3353731432370713e-56,2.3551060825304228e-56,2.3749625137027905e-56,2.394942937482847e-56,2.4150478555035216e-56,2.435277770301387e-56,2.4556331853160344e-56,2.4761146048894586e-56,2.4967225342654327e-56,2.517457479588896e-56,2.5383199479053163e-56,2.5593104471601026e-56,2.580429486197957e-56,2.6016775747622796e-56,2.6230552234945418e-56,2.644562943933666e-56,2.666201248515418e-56,2.6879706505717845e-56,2.7098716643303615e-56,2.7319048049137388e-56,2.7540705883388844e-56,2.7763695315165324e-56,2.798802152250566e-56,2.821368969237409e-56,2.8440705020654094e-56,2.8669072712142277e-56,2.889879798054228e-56,2.91298860484586e-56,2.936234214739058e-56,2.959617151772615e-56,2.9831379408735977e-56,3.006797107856705e-56,3.0305951794236843e-56,3.054532683162708e-56,3.0786101475477733e-56,3.1028281019380888e-56,3.1271870765774676e-56,3.151687602593725e-56,3.17633021199807e-56,3.201115437684484e-56,3.2260438134291413e-56,3.251115873889786e-56,3.276332154605129e-56,3.30169319199425e-56,3.327199523355983e-56,3.3528516868683204e-56,3.3786502215878073e-56,3.4045956674489382e-56,3.430688565263558e-56,3.456929456720244e-56,3.4833188843837313e-56,3.509857391694292e-56,3.5365455229671335e-56,3.5633838233918045e-56,3.590372839031602e-56,3.617513116822957e-56,3.6448052045748435e-56,3.6722496509681796e-56,3.699847005555222e-56,3.727597818758978e-56,3.755502641872601e-56,3.7835620270587985e-56,3.8117765273492294e-56,3.840146696643914e-56,3.8686730897106313e-56,3.8973562621843303e-56,3.926196770566529e-56,3.9551951722247275e-56,3.9843520253917984e-56,4.0136678891654105e-56,4.043143323507431e-56,4.072778889243323e-56,4.102575148061562e-56,4.132532662513041e-56,4.162651996010479e-56,4.192933712827829e-56,4.223378378099688e-56,4.2539865578207045e-56,4.284758818844992e-56,4.315695728885538e-56,4.346797856513609e-56,4.378065771158171e-56,4.409500043105293e-56,4.441101243497563e-56,4.472869944333502e-56,4.504806718466971e-56,4.536912139606591e-56,4.569186782315147e-56,4.601631222009013e-56,4.63424603495756e-56,4.667031798282573e-56,4.699989089957663e-56,4.733118488807685e-56,4.76642057450815e-56,4.799895927584659e-56,4.833545129412291e-56,4.867368762215039e-56,4.901367409065227e-56,4.935541653882923e-56,4.969892081435357e-56,5.004419277336348e-56,5.0391238280457085e-56,5.074006320868682e-56,5.1090673439553465e-56,5.144307486300045e-56,5.179727337740808e-56,5.215327488958758e-56,5.2511085314775565e-56,5.287071057662809e-56,5.3232156607214875e-56,5.359542934701364e-56,5.3960534744904195e-56,5.432747875816283e-56,5.469626735245644e-56,5.506690650183679e-56,5.543940218873483e-56,5.581376040395482e-56,5.618998714666876e-56,5.656808842441046e-56,5.694807025306999e-56,5.73299386568878e-56,5.771369966844909e-56,5.8099359328678e-56,5.848692368683199e-56,5.887639880049605e-56,5.926779073557699e-56,5.966110556629782e-56,6.005634937519185e-56,6.045352825309728e-56,6.0852648299151255e-56,6.125371562078425e-56,6.165673633371442e-56,6.206171656194198e-56,6.246866243774322e-56,6.287758010166521e-56,6.328847570251997e-56,6.370135539737873e-56,6.4116225351566355e-56,6.453309173865563e-56,6.495196074046176e-56,6.537283854703637e-56,6.579573135666227e-56,6.6220645375847565e-56,6.664758681932008e-56,6.707656191002163e-56,6.750757687910257e-56,6.794063796591601e-56,6.837575141801231e-56,6.881292349113333e-56,6.925216044920692e-56,6.969346856434119e-56,7.01368541168191e-56,7.058232339509259e-56,7.102988269577725e-56,7.147953832364653e-56,7.193129659162623e-56,7.238516382078881e-56,7.284114634034799e-56,7.329925048765302e-56,7.375948260818315e-56,7.422184905554202e-56,7.4686356191452115e-56,7.515301038574924e-56,7.562181801637693e-56,7.609278546938082e-56,7.656591913890324e-56,7.704122542717747e-56,7.751871074452235e-56,7.799838150933674e-56,7.848024414809381e-56,7.896430509533569e-56,7.945057079366788e-56,7.993904769375368e-56,8.04297422543087e-56,8.092266094209535e-56,8.141781023191731e-56,8.191519660661399e-56,8.241482655705507e-56,8.291670658213499e-56,8.342084318876738e-56,8.392724289187968e-56,8.44359122144075e-56,8.494685768728934e-56,8.546008584946089e-56,8.59756032478496e-56,8.649341643736932e-56,8.701353198091473e-56,8.753595644935583e-56,8.806069642153258e-56,8.858775848424935e-56,8.911714923226955e-56,8.964887526831002e-56,9.01829432030357e-56,9.07193596550543e-56,9.125813125091053e-56,9.179926462508094e-56,9.23427664199684e-56,9.28886432858966e-56,9.343690188110469e-56,9.398754887174192e-56,9.454059093186212e-56,9.509603474341813e-56,9.565388699625681e-56,9.621415438811326e-56,9.67768436246055e-56,9.734196141922925e-56,9.790951449335217e-56,9.84795095762089e-56,9.905195340489528e-56,9.962685272436322e-56,1.0020421428741517e-55,1.0078404485469885e-55,1.0136635119470179e-55,1.0195114008374602e-55,1.0253841830598264e-55,1.0312819265338648e-55,1.037204699257508e-55,1.0431525693068181e-55,1.0491256048359346e-55,1.0551238740770191e-55,1.0611474453402033e-55,1.0671963870135355e-55,1.0732707675629267e-55,1.0793706555320971e-55,1.0854961195425235e-55,1.0916472282933853e-55,1.0978240505615115e-55,1.104026655201328e-55,1.110255111144804e-55,1.1165094874013978e-55,1.1227898530580066e-55,1.1290962772789102e-55,1.13542882930572e-55,1.1417875784573247e-55,1.1481725941298392e-55,1.15458394579655e-55,1.1610217030078625e-55,1.167485935391249e-55,1.1739767126511962e-55,1.1804941045691513e-55,1.1870381810034682e-55,1.193609011889358e-55,1.200206667238834e-55,1.2068312171406602e-55,1.2134827317602976e-55,1.2201612813398526e-55,1.2268669361980247e-55,1.2335997667300528e-55,1.2403598434076637e-55,1.2471472367790202e-55,1.2539620174686668e-55,1.2608042561774805e-55,1.267674023682614e-55,1.2745713908374482e-55,1.2814964285715375e-55,1.2884492078905574e-55,1.295429799876254e-55,1.3024382756863899e-55,1.3094747065546935e-55,1.3165391637908065e-55,1.3236317187802315e-55,1.330752442984282e-55,1.3379014079400276e-55,1.345078685260244e-55,1.3522843466333603e-55,1.3595184638234081e-55,1.3667811086699692e-55,1.3740723530881233e-55,1.3813922690683966e-55,1.3887409286767104e-55,1.3961184040543312e-55,1.4035247674178142e-55,1.4109600910589582e-55,1.418424447344748e-55,1.4259179087173068e-55,1.4334405476938438e-55,1.4409924368666013e-55,1.4485736489028065e-55,1.4561842565446167e-55,1.4638243326090689e-55,1.4714939499880325e-55,1.4791931816481509e-55,1.486922100630796e-55,1.4946807800520149e-55,1.502469293102478e-55,1.5102877130474301e-55,1.5181361132266379e-55,1.5260145670543386e-55,1.5339231480191897e-55,1.5418619296842192e-55,1.5498309856867706e-55,1.5578303897384562e-55,1.5658602156251064e-55,1.5739205372067147e-55,1.58201142841739e-55,1.5901329632653063e-55,1.5982852158326506e-55,1.6064682602755728e-55,1.6146821708241343e-55,1.6229270217822587e-55,1.6312028875276805e-55,1.639509842511894e-55,1.6478479612601038e-55,1.656217318371174e-55,1.6646179885175786e-55,1.673050046445348e-55,1.6815135669740225e-55,1.6900086249966003e-55,1.6985352954794877e-55,1.7070936534624462e-55,1.7156837740585475e-55,1.7243057324541186e-55,1.7329596039086924e-55,1.7416454637549618e-55,1.7503633873987222e-55,1.7591134503188294e-55,1.7678957280671433e-55,1.776710296268482e-55,1.785557230620569e-55,1.794436606893986e-55,1.80334850093212e-55,1.812292988651117e-55,1.8212701460398284e-55,1.8302800491597648e-55,1.839322774145043e-55,1.848398397202339e-55,1.8575069946108375e-55,1.86664864272218e-55,1.8758234179604204e-55,1.8850313968219693e-55,1.8942726558755495e-55,1.903547271762143e-55,1.9128553211949447e-55,1.9221968809593094e-55,1.931572027912706e-55,1.940980838984665e-55,1.9504233911767316e-55,1.959899761562415e-55,1.969410027287139e-55,1.9789542655681953e-55,1.9885325536946907e-55,1.9981449690274997e-55,2.0077915889992156e-55,2.0174724911141043e-55,2.0271877529480433e-55,2.0369374521484904e-55,2.0467216664344246e-55,2.056540473596292e-55,2.066393951495971e-55,2.076282178066712e-55,2.086205231313093e-55,2.096163189310967e-55,2.1061561302074237e-55,2.1161841322207267e-55,2.1262472736402733e-55,2.136345632826544e-55,2.146479288211056e-55,2.1566483182963096e-55,2.16685280165574e-55,2.1770928169336788e-55,2.1873684428452923e-55,2.1976797581765404e-55,2.2080268417841256e-55,2.218409772595447e-55,2.2288286296085484e-55,2.239283491892073e-55,2.249774438585215e-55,2.2603015488976687e-55,2.270864902109582e-55,2.2814645775715102e-55,2.2921006547043627e-55,2.3027732129993605e-55,2.313482332017985e-55,2.324228091391929e-55,2.3350105708230515e-55,2.3458298500833295e-55,2.3566860090148062e-55,2.3675791275295468e-55,2.37850928560959e-55,2.3894765633069002e-55,2.400481040743319e-55,2.4115227981105164e-55,2.422601915669945e-55,2.4337184737527918e-55,2.4448725527599294e-55,2.45606423316187e-55,2.4672935954987155e-55,2.478560720380114e-55,2.4898656884852067e-55,2.5012085805625843e-55,2.5125894774302385e-55,2.5240084599755135e-55,2.5354656091550612e-55,2.5469610059947906e-55,2.5584947315898223e-55,2.570066867104442e-55,2.581677493772049e-55,2.5933266928951162e-55,2.6050145458451357e-55,2.6167411340625748e-55,2.6285065390568293e-55,2.6403108424061744e-55,2.65215412575772e-55,2.6640364708273606e-55,2.675957959399733e-55,2.6879186733281648e-55,2.699918694534628e-55,2.7119581050096935e-55,2.7240369868124856e-55,2.73615542207063e-55,2.7483134929802135e-55,2.7605112818057324e-55,2.772748870880047e-55,2.785026342604336e-55,2.7973437794480467e-55,2.8097012639488554e-55,2.822098878712608e-55,2.8345367064132902e-55,2.8470148297929646e-55,2.859533331661735e-55,2.872092294897697e-55,2.884691802446888e-55,2.897331937323247e-55,2.910012782608563e-55,2.92273442145243e-55,2.9354969370722013e-55,2.948300412752944e-55,2.961144931847392e-55,2.9740305777758964e-55,2.9869574340263862e-55,2.999925584154316e-55,3.0129351117826216e-55,3.0259861006016744e-55,3.0390786343692378e-55,3.052212796910415e-55,3.0653886721176082e-55,3.0786063439504718e-55,3.0918658964358617e-55,3.1051674136677993e-55,3.118510979807416e-55,3.131896679082909e-55,3.1453245957894984e-55,3.1587948142893835e-55,3.1723074190116876e-55,3.1858624944524258e-55,3.199460125174446e-55,3.2131003958073928e-55,3.2267833910476553e-55,3.2405091956583253e-55,3.2542778944691527e-55,3.268089572376497e-55,3.281944314343278e-55,3.295842205398943e-55,3.3097833306394074e-55,3.3237677752270185e-55,3.337795624390508e-55,3.351866963424939e-55,3.365981877691676e-55,3.380140452618323e-55,3.394342773698691e-55,3.4085889264927454e-55,3.422878996626565e-55,3.437213069792291e-55,3.451591231748092e-55,3.466013568318109e-55,3.480480165392413e-55,3.494991108926964e-55,3.509546484943562e-55,3.524146379529801e-55,3.538790878839024e-55,3.5534800690902894e-55,3.568214036568307e-55,3.58299286762341e-55,3.5978166486714965e-55,3.612685466193994e-55,3.627599406737817e-55,3.64255855691531e-55,3.657563003404212e-55,3.672612832947612e-55,3.687708132353898e-55,3.702848988496722e-55,3.718035488314946e-55,3.7332677188126e-55,3.748545767058845e-55,3.7638697201879166e-55,3.779239665399089e-55,3.79465568995663e-55,3.8101178811897456e-55,3.825626326492554e-55,3.841181113324028e-55,3.856782329207955e-55,3.872430061732892e-55,3.8881243985521204e-55,3.903865427383607e-55,3.919653236009951e-55,3.935487912278346e-55,3.951369544100535e-55,3.9672982194527666e-55,3.983274026375746e-55,3.999297052974603e-55,4.015367387418836e-55,4.031485117942265e-55,4.0476503328430065e-55,4.063863120483413e-55,4.080123569290031e-55,4.096431767753565e-55,4.112787804428824e-55,4.129191767934687e-55,4.145643746954052e-55,4.1621438302337966e-55,4.1786921065847336e-55,4.195288664881562e-55,4.211933594062834e-55,4.228626983130899e-55,4.245368921151875e-55,4.262159497255587e-55,4.2789988006355375e-55,4.295886920548858e-55,4.312823946316266e-55,4.32980996732202e-55,4.346845073013878e-55,4.363929352903058e-55,4.381062896564181e-55,4.3982457936352485e-55,4.41547813381758e-55,4.432760006875779e-55,4.45009150263769e-55,4.467472710994353e-55,4.484903721899961e-55,4.502384625371819e-55,4.519915511490293e-55,4.537496470398777e-55,4.555127592303647e-55,4.572808967474215e-55,4.590540686242687e-55,4.608322839004123e-55,4.62615551621639e-55,4.644038808400121e-55,5.544618119907382e-33,2.3939992330443847e-32,5.922755959273145e-32,1.13798959382577e-31,1.89259793650264e-31,2.8690837439820546e-31,4.079917384070046e-31,5.53836656948983e-31,7.259130002970171e-31,9.258622372182297e-31,1.1555093472012033e-30,1.4168680349697877e-30,1.7121443820882937e-30,2.04374144298825e-30,2.4142658915079967e-30,2.826537115584891e-30,3.2835988310094965e-30,3.7887331618591704e-30,4.345477114386917e-30,4.957641399268187e-30,5.6293316038254345e-30,6.364971768631823e-30,7.169330474438175e-30,8.047549594382407e-30,9.00517591255717e-30,1.0048195854518175e-29,1.1183073619076295e-29,1.2416793045727208e-29,1.3756903599042834e-29,1.521157090193825e-29,1.678963230550789e-29,1.8500658042881948e-29,2.035501858522261e-29,2.2363958892968018e-29,2.4539680343052156e-29,2.689543121142846e-29,2.9445606700381825e-29,3.220585962936256e-29,3.5193223050718563e-29,3.8426246218266156e-29,4.1925145523841697e-29,4.571197223638151e-29,4.9810799122225934e-29,5.424792831364193e-29,5.905212311832448e-29,6.425486684131787e-29,6.98906521271204e-29,7.599730483332216e-29,8.261634703083528e-29,8.979340440592535e-29,9.757866413079056e-29,1.0602739013206977e-28,1.1520050391243522e-28,1.251652401062993e-28,1.3599588759369412e-28,1.4777462864306116e-28,1.6059249058096278e-28,1.7455042687859802e-28,1.8976054735122162e-28,2.063475205051759e-28,2.2445017501575673e-28,2.442233320270146e-28,2.65839905571491e-28,2.8949331511516663e-28,3.1540026227162924e-28,3.4380393337679965e-28,3.7497770130168137e-28,4.092294138872503e-28,4.469063735191521e-28,4.884011330611592e-28,5.341582586978178e-28,5.846822412073451e-28,6.405467752410848e-28,7.0240567300480195e-28,7.710057367978059e-28,8.47201986728443e-28,9.31975729650681e-28,1.0264560675283859e-27,1.131945584365467e-27,1.2499511286769994e-27,1.382220833833571e-27,1.5307888055727905e-27,1.698029273109807e-27,1.88672247236991e-27,2.1001351401098127e-27,2.3421192907083367e-27,2.6172339841519663e-27,2.930896156476238e-27,3.289568387294786e-27,3.700993879549065e-27,4.1744921457025455e-27,4.7213332396356725e-27,5.3552142838221264e-27,6.092870143090628e-27,6.954861292558618e-27,7.966597533962701e-27,9.159678166212916e-27,1.0573660387204797e-26,1.2258412412443954e-26,1.4277272603254942e-26,1.6711330897577827e-26,1.9665289743680163e-26,2.3275573384521847e-26,2.7721676468346266e-26,3.3242240212633896e-26,4.0158123470913947e-26,4.890597639139089e-26,6.008783256589864e-26,7.454554596054813e-26,9.347446117368494e-26,1.1860024313618804e-25,1.5245950294708917e-25,1.9885481092869577e-25,2.636096926422066e-25,3.5585279718847024e-25,4.902607510816167e-25,6.910873017382146e-25,9.996198488039967e-25,1.4884145126257138e-24,2.2893613200301088e-24,3.65088763818959e-24,6.058705662491231e-24,1.0500821939351968e-23,1.907757900373538e-23,3.650474733837024e-23,7.44152901016999e-23,1.71966423766787e-22,6.575869515014927e-22,7.908897362931042e-21,1.734722600618859e-19,3.901489888216252e-18,7.659704920678085e-17,1.220405983915287e-15,1.491085973244185e-14,1.3409420653203544e-13,8.710818461491817e-13,4.105166860161265e-12,1.4373478945666098e-11,3.8780597239330477e-11,8.404958629015391e-11,1.5237703979136514e-10,2.3957571191092627e-10,3.3678599406219797e-10,4.3401248561523113e-10,5.2310665678487e-10,5.990896034745951e-10,6.600321119305686e-10,7.06219233503327e-10,7.392090994739706e-10,7.610911882260563e-10,7.740132960475426e-10,7.799321115585628e-10,7.805131623248319e-10,7.771159729779166e-10,7.708205674116461e-10,7.624693931855981e-10,7.527111445510582e-10,7.42040406408999e-10,7.308310621130072e-10,7.19363359002564e-10,7.078453386951879e-10,6.964295795088632e-10,6.85226176775866e-10,6.743127653849065e-10,6.637422441127747e-10,6.535487250017637e-10,6.437521160106721e-10,6.343616521355996e-10,6.253786169485244e-10,6.167984401549519e-10,6.086123133533059e-10,6.008084331258611e-10,5.933729553697226e-10,5.862907255066482e-10,5.795458345101582e-10,5.731220394894009e-10,5.670030788358965e-10,5.611729053633776e-10,5.556158557663669e-10,5.503167705111899e-10,5.452610755686321e-10,5.404348346223612e-10,5.358247786594283e-10,5.314183185356505e-10,5.272035442975621e-10,5.231692152169028e-10,5.193047426732839e-10,5.156001681211727e-10,5.120461376717244e-10,5.08633874553073e-10,5.053551503549459e-10,5.022022558355838e-10,4.994185690208317e-10,4.964964922987558e-10,4.936730179471004e-10,4.909481564862317e-10,4.883173952196054e-10,4.857758097308693e-10,4.833186132436559e-10,4.809412720095781e-10,4.786395250243436e-10,4.764093771500147e-10,4.742470847616144e-10,4.721491397096994e-10,4.701122565474658e-10,4.681333479043837e-10,4.66209521795127e-10,4.643380651265773e-10,4.625164299172198e-10,4.6074222273636384e-10,4.5901319429896853e-10,4.5732722973043805e-10,4.556823395021714e-10,4.540766510248911e-10,4.525084008261356e-10,4.509759272831573e-10,4.4947766387559444e-10,4.480121329565732e-10,4.465779398923485e-10,4.451737676697332e-10,4.4379837189230695e-10,4.4245057610132107e-10,4.4112926744532874e-10,4.3983339264405566e-10,4.3856195426353624e-10,4.373140071964078e-10,4.360886554368741e-10,4.348850490637334e-10,4.337023813978247e-10,4.3253988645202374e-10,4.313968363968199e-10,4.3027253935752763e-10,4.291663372606027e-10,4.280776038520042e-10,4.270057428521739e-10,4.259501862354009e-10,4.249103926035234e-10,4.2388584567244714e-10,4.228760528963683e-10,4.218805441045532e-10,4.208988702806751e-10,4.199306024036253e-10,4.189753303702885e-10,4.180326619735021e-10,4.1710222192812746e-10,4.161836510094071e-10,4.152766051841689e-10,4.143807548487599e-10,4.134957840433673e-10,4.126213898181835e-10,4.11757281502733e-10,4.109031801301795e-10,4.10058817851549e-10,4.092239373827491e-10,4.0839829148281316e-10,4.075816424861249e-10,4.067737618131232e-10,4.0597442955491684e-10,4.051834340595761e-10,4.044005715436311e-10,4.036256457102842e-10,4.0285846747609633e-10,4.020988545208519e-10,4.0134663108631655e-10,4.006016276138646e-10,3.9986368050716036e-10,3.9913263185462814e-10,3.984083291719968e-10,3.9769062518861237e-10,3.969793775883735e-10,3.9627444883212214e-10,3.9557570593643115e-10,3.948830202736785e-10,3.941962674095252e-10,3.9351532691857006e-10,3.928400822162193e-10,3.9217042040518223e-10,3.9150623213157514e-10,3.908474114283868e-10,3.9019385559646943e-10,3.895454650632873e-10,3.889021432645677e-10,3.8826379652768235e-10,3.8763033395461863e-10,3.870016673223663e-10,3.8637771098117264e-10,3.8575838174102234e-10,3.8514359880202367e-10,3.845332836530042e-10,3.8392735998830037e-10,3.833257536266305e-10,3.8272839243362853e-10,3.8213520624605275e-10,3.815461268130752e-10,3.8096108770394834e-10,3.803800242718729e-10,3.79802873564788e-10,3.7922957428848985e-10,3.786600667274622e-10,3.780942927143833e-10,3.7753219555843723e-10,3.769737200042045e-10,3.7641881217937643e-10,3.758674195542235e-10,3.753194908848762e-10,3.7477497618710957e-10,3.742338266842504e-10,3.7369599477014115e-10,3.731614339697392e-10,3.7263009891658387e-10,3.721019452935495e-10,3.715769298151182e-10,3.710550101940156e-10,3.7053614510771405e-10,3.700202941682133e-10,3.6950741789600013e-10,3.6899747768636524e-10,3.6849043579120664e-10,3.679862552866409e-10,3.6748490005436517e-10,3.6698633474553464e-10,3.664905247775574e-10,3.659974362949283e-10,3.6550703616163614e-10,3.650192919103101e-10,3.6453417176732556e-10,3.6405164460379826e-10,3.635716799260486e-10,3.630942478513163e-10,3.626193190994443e-10,3.621468649713785e-10,3.6167685732785074e-10,3.612092686063865e-10,3.607440717452213e-10,3.602812402205242e-10,3.5982074801307984e-10,3.59362569596353e-10,3.5890667992682915e-10,3.58453054424128e-10,3.5800166896652897e-10,3.5755249987414456e-10,3.5710552390431024e-10,3.566607182273099e-10,3.562180604280306e-10,3.557775284917728e-10,3.5533910079355164e-10,3.549027560858532e-10,3.5446847349509196e-10,3.540362325097669e-10,3.536060129662894e-10,3.531777950476391e-10,3.527515592739713e-10,3.5232728649127633e-10,3.5190495786607773e-10,3.5148455487602934e-10,3.5106605929793876e-10,3.506494532257499e-10,3.502347190251366e-10,3.498218393531421e-10,3.4941079714011907e-10,3.4900157558985807e-10,3.4859415816728954e-10,3.4818852860480556e-10,3.477846708820226e-10,3.4738256922596927e-10,3.469822081085845e-10,3.4658357222467257e-10,3.4618664652442657e-10,3.457914161734859e-10,3.453978665558542e-10,3.4500598327733727e-10,3.4461575214824263e-10,3.442271591903974e-10,3.438401906284752e-10,3.434548328899604e-10,3.430710725889348e-10,3.426888965359962e-10,3.423082917262913e-10,3.419292453397533e-10,3.4155174473539763e-10,3.4117577744537326e-10,3.4080133117304864e-10,3.404283937944709e-10,3.4005695334931124e-10,3.3968699803810307e-10,3.393185162226892e-10,3.3895149641326423e-10,3.3858592728148765e-10,3.3822179765015323e-10,3.3785909647156694e-10,3.3749781285967757e-10,3.3713793606292873e-10,3.3677945547022576e-10,3.36422360605283e-10,3.360666411250178e-10,3.357122868173992e-10,3.3535928759853753e-10,3.3500763351129506e-10,3.3465731471904934e-10,3.3430832151238427e-10,3.339606443086231e-10,3.3361427361085926e-10,3.33269200068115e-10,3.329254144324513e-10,3.32582907567514e-10,3.3224167044558067e-10,3.319016941456651e-10,3.3156296984518073e-10,3.31225488839492e-10,3.308892425275551e-10,3.3055422239142303e-10,3.302204200185571e-10,3.299337258189462e-10,3.296020912084333e-10,3.292716786724089e-10,3.289424683004901e-10,3.2861444182918145e-10,3.2828758796509705e-10,3.2796189781319803e-10,3.2763736330991255e-10,3.27313976700964e-10,3.269917304088415e-10,3.2667061695924156e-10,3.26350628967197e-10,3.2603175912702614e-10,3.2571400021947215e-10,3.253973450965498e-10,3.2508178669057785e-10,3.2476731800658474e-10,3.244539321246924e-10,3.24141622193618e-10,3.2383038144033134e-10,3.235202031621377e-10,3.232110807193271e-10,3.2290300754702e-10,3.225959771393515e-10,3.222899830630206e-10,3.219850189510918e-10,3.2168107849745394e-10,3.2137815546016754e-10,3.2107624366032115e-10,3.207753369800709e-10,3.20475429363308e-10,3.201765148168043e-10,3.1987858739061617e-10,3.19581641207699e-10,3.1928567044617294e-10,3.1899066933846333e-10,3.1869663217746055e-10,3.184035532971632e-10,3.181114270985651e-10,3.1782024803166616e-10,3.1753001059803393e-10,3.1724070935346973e-10,3.169523389022503e-10,3.1666489390008203e-10,3.16378369050437e-10,3.1609275910853125e-10,3.158080588765703e-10,3.1552426320529216e-10,3.152413669904595e-10,3.149593651751373e-10,3.1467825274833716e-10,3.1439802474384663e-10,3.1411867624009675e-10,3.1384020235949194e-10,3.1356259827012753e-10,3.1328585917865693e-10,3.130099803325672e-10,3.12734957026904e-10,3.1246078459656505e-10,3.1218745841459694e-10,3.119149738953115e-10,3.1164332649259995e-10,3.1137251169137486e-10,3.1110252503145863e-10,3.108333620825211e-10,3.1056501845661786e-10,3.102974898022298e-10,3.100307717868521e-10,3.097648601284387e-10,3.0949975059069763e-10,3.092354389541921e-10,3.0897192104662056e-10,3.087091927294178e-10,3.08447249889965e-10,3.0818608844809833e-10,3.0792570436919515e-10,3.07666093645021e-10,3.074072523023977e-10,3.071491763964341e-10,3.068918620144235e-10,3.066353052779742e-10,3.063795023376833e-10,3.0612444937525323e-10,3.058701426024466e-10,3.056165782611102e-10,3.05363752622652e-10,3.051116619837819e-10,3.0486030267593343e-10,3.0460967105967986e-10,3.043597635215134e-10,3.041105764758501e-10,3.0386210636466137e-10,3.036143496573163e-10,3.0336730285590437e-10,3.0312096247791374e-10,3.028753250728008e-10,3.0263038721629063e-10,3.023861455090403e-10,3.021425965794526e-10,3.018997370794583e-10,3.016575636868124e-10,3.014160731040532e-10,3.0117526205732745e-10,3.009351272978555e-10,3.006956656013108e-10,3.0045687376473904e-10,3.0021874861291095e-10,2.999812869893146e-10,2.9974448576179055e-10,2.9950834181965867e-10,2.9927285207820187e-10,2.990380134741712e-10,2.9880382296572007e-10,2.985702775293465e-10,2.98337374167228e-10,2.9810510990182033e-10,2.978734817776168e-10,2.9764248685871767e-10,2.9741212223089995e-10,2.971823850000832e-10,2.9695327228538643e-10,2.967247812437728e-10,2.964969090356893e-10,2.9626965284610127e-10,2.9604300988006317e-10,2.9581697736559566e-10,2.955915525413151e-10,2.953667326756955e-10,2.951425150466123e-10,2.949188969533457e-10,2.946958757141451e-10,2.9447344866542905e-10,2.9425161315952117e-10,2.940303665715475e-10,2.9380970629020486e-10,2.9358962972128756e-10,2.933701342917167e-10,2.931512174440965e-10,2.9293287663364157e-10,2.927151093374966e-10,2.9249791304808975e-10,2.922812852741569e-10,2.9206522354120555e-10,2.918497253901873e-10,2.9163478837880685e-10,2.9142041008039645e-10,2.9120658808366595e-10,2.90993319993768e-10,2.9078060343084356e-10,2.9056843603061707e-10,2.903568154438903e-10,2.90145739336596e-10,2.899352053894797e-10,2.897252112985283e-10,2.895157547735633e-10,2.8930683353925174e-10,2.8909844533470743e-10,2.8889058791317915e-10,2.886832590420107e-10,2.884764565032036e-10,2.882701780927283e-10,2.880644216194466e-10,2.878591849061647e-10,2.8765446578922126e-10,2.874502621184094e-10,2.8724657175658936e-10,2.870433925783573e-10,2.868407224782273e-10,2.8663855935214486e-10,2.8643690111782943e-10,2.8623574570753975e-10,2.8603509105602904e-10,2.858349351174008e-10,2.8563527585783763e-10,2.854361112528742e-10,2.85237439295847e-10,2.850392579836065e-10,2.8484156533640253e-10,2.846443593774364e-10,2.8444763814386137e-10,2.8425139968491197e-10,2.840556420619715e-10,2.8386036334618194e-10,2.836655616219642e-10,2.8347123498437236e-10,2.832773815396537e-10,2.830839994052425e-10,2.828910867100475e-10,2.8269864159238845e-10,2.825066622026416e-10,2.823151467020262e-10,2.8212409326162534e-10,2.81933500064835e-10,2.817433653059847e-10,2.8155368718293496e-10,2.8136446391420704e-10,2.811756937204709e-10,2.80987374836069e-10,2.807995055068907e-10,2.80612083984907e-10,2.8042510853323736e-10,2.8023857742680985e-10,2.8005248895010717e-10,2.798668413900149e-10,2.7968163305577624e-10,2.794968622596823e-10,2.793125273228914e-10,2.791286265781295e-10,2.7894515836360933e-10,2.78762121027416e-10,2.7857951293052387e-10,2.7839733244378935e-10,2.7821557794182957e-10,2.780342478107598e-10,2.778533404455089e-10,2.776728542498643e-10,2.774927876362786e-10,2.7731313902640147e-10,2.7713390685002e-10,2.7695508954519727e-10,2.7677668555922214e-10,2.7659869334747567e-10,2.764211113744803e-10,2.762439381116116e-10,2.7606717203921323e-10,2.758908116458442e-10,2.757148554281798e-10,2.7553930189096977e-10,2.7536414954695493e-10,2.751893969168424e-10,2.750150425292249e-10,2.7484108492055636e-10,2.7466752263356136e-10,2.7449435422266763e-10,2.743215782463493e-10,2.7414919327202995e-10,2.739771978739194e-10,2.738055906346947e-10,2.7363437014396064e-10,2.734635349987854e-10,2.7329308380346064e-10,2.7312301516984554e-10,2.7295332771681015e-10,2.727840200704725e-10,2.726150908640615e-10,2.7244653873781763e-10,2.722783623391587e-10,2.721105603224009e-10,2.71943131348792e-10,2.7177607408647234e-10,2.716093872104644e-10,2.7144306940244754e-10,2.712771193508964e-10,2.711115357509872e-10,2.709463173045204e-10,2.7078146271992465e-10,2.7061697071210747e-10,2.704528400026273e-10,2.702890693193814e-10,2.7012565739687443e-10,2.699626029756285e-10,2.697999048024832e-10,2.69637561632798e-10,2.694755722197434e-10,2.6931393533342397e-10,2.6915264974597683e-10,2.6899171423603864e-10,2.6883112758720944e-10,2.686708885895847e-10,2.685109960393577e-10,2.6835144873842074e-10,2.681922454950091e-10,2.680333851264585e-10,2.67874866449048e-10,2.6771668828775895e-10,2.67558849474343e-10,2.6740134884579735e-10,2.6724418524478604e-10,2.670873575202379e-10,2.6693086452540797e-10,2.6677470511984536e-10,2.666188781678747e-10,2.6646338254125476e-10,2.6630821711535564e-10,2.661533807708328e-10,2.659988723944779e-10,2.658446908771695e-10,2.6569083512000523e-10,2.655373040261146e-10,2.6538409649942e-10,2.652312114561054e-10,2.6507864781487406e-10,2.649264044964327e-10,2.647744804307808e-10,2.6462287455183876e-10,2.6447158579820023e-10,2.643206131133005e-10,2.641699554465088e-10,2.6401961175191193e-10,2.63869580987244e-10,2.637198621165734e-10,2.635704541076216e-10,2.634213559340141e-10,2.632725665738927e-10,2.6312408500989594e-10,2.629759102296351e-10,2.628280412253485e-10,2.626804769939613e-10,2.625332165370472e-10,2.6238625886092726e-10,2.622396029735094e-10,2.620932478994635e-10,2.619471926484106e-10,2.618014362488064e-10,2.6165597772845123e-10,2.6151081612140624e-10,2.613659504654722e-10,2.6122137980257763e-10,2.610771031795221e-10,2.6093311964699803e-10,2.607894282601831e-10,2.6064602807854895e-10,2.6050291816582177e-10,2.6036009758998033e-10,2.60217565423203e-10,2.6007532074186834e-10,2.599333626265045e-10,2.5979169016177696e-10,2.59650302436724e-10,2.5950919854392795e-10,2.593683775803285e-10,2.592278386469102e-10,2.590875808487258e-10,2.589476032947329e-10,2.5880790509744077e-10,2.5866848537419254e-10,2.585293432458712e-10,2.583904778371288e-10,2.582518882765318e-10,2.5811357369660303e-10,2.5797553323349003e-10,2.5783776602726256e-10,2.57700271221757e-10,2.5756304796458797e-10,2.5742609540710406e-10,2.572894127043724e-10,2.5715299901501717e-10,2.570168535017184e-10,2.5688097533046997e-10,2.567453636709775e-10,2.5661001769676097e-10,2.5647493658434804e-10,2.563401195144139e-10,2.5620556567098935e-10,2.5607127424164166e-10,2.5593724441744304e-10,2.558034753928395e-10,2.556699663659472e-10,2.555367165383471e-10,2.554037251148102e-10,2.55270991303639e-10,2.5513851431657103e-10,2.5500629336868834e-10,2.54874327678211e-10,2.5474261646703047e-10,2.546111589614393e-10,2.5447995438767246e-10,2.5434900197822006e-10,2.5421830096814956e-10,2.5408785059739205e-10,2.539576501035639e-10,2.538276987359297e-10,2.5369799573643014e-10,2.535685403604526e-10,2.534393318584096e-10,2.533103694893062e-10,2.53181652512716e-10,2.5305318019367733e-10,2.5292495179791027e-10,2.527969665949157e-10,2.5266922385661696e-10,2.525417228597583e-10,2.5241446288247186e-10,2.52287443206245e-10,2.521606631157924e-10,2.520341218984832e-10,2.5190781884526204e-10,2.5178175324958573e-10,2.5165592440722995e-10,2.5153033161769415e-10,2.5140497418284917e-10,2.5127985140838463e-10,2.511549626000482e-10,2.510303070723646e-10,2.509058841368304e-10,2.5078169310951096e-10,2.506577333090726e-10,2.505340040573738e-10,2.5041050467953606e-10,2.5028723450291404e-10,2.501641928576212e-10,2.5004137907646e-10,2.499187924949746e-10,2.4979643245138213e-10,2.496742982865446e-10,2.4955238934403826e-10,2.494307049699464e-10,2.4930924451323723e-10,2.491880073265073e-10,2.49066992761501e-10,2.489462001757765e-10,2.4882562892875275e-10,2.487052783820744e-10,2.4858514790105703e-10,2.484652368502786e-10,2.483455446009509e-10,2.482260705244896e-10,2.4810681399512803e-10,2.4798777438983457e-10,2.478689510875923e-10,2.4775034346778144e-10,2.47631950918345e-10,2.4751377282705197e-10,2.473958085813843e-10,2.472780575721246e-10,2.4716051919323327e-10,2.4704319284114796e-10,2.469260779144698e-10,2.4680917381419016e-10,2.466924799436385e-10,2.465759957088232e-10,2.4645972051742385e-10,2.463436537796988e-10,2.4622779490789255e-10,2.4611214331730803e-10,2.4599669842753117e-10,2.4588145965298395e-10,2.4576642641759237e-10,2.456515981454313e-10,2.4553697426267155e-10,2.4542255419765815e-10,2.453083373809471e-10,2.451943232452611e-10,2.450805112256679e-10,2.4496690075894005e-10,2.448534912848974e-10,2.4474028224464386e-10,2.4462727307792376e-10,2.4451446323385354e-10,2.4440185216043247e-10,2.4428943931141415e-10,2.441772241354591e-10,2.4406520608637544e-10,2.4395338462027447e-10,2.4384175919538905e-10,2.437303292720023e-10,2.436190943124635e-10,2.4350805378109885e-10,2.4339720714435807e-10,2.432865538688653e-10,2.431760934257098e-10,2.430658252911416e-10,2.4295574893709173e-10,2.4284586384039864e-10,2.42736169478669e-10,2.42626665333449e-10,2.425173508861233e-10,2.4240822562058475e-10,2.4229928902080176e-10,2.4219054057665515e-10,2.420819797792833e-10,2.41973606116138e-10,2.418654190871356e-10,2.4175741818239834e-10,2.416496029042101e-10,2.415419727498879e-10,2.414345272204871e-10,2.413272658190316e-10,2.412201880509778e-10,2.41113293422466e-10,2.410065814421817e-10,2.409000516202333e-10,2.407937034694697e-10,2.4068753650318234e-10,2.4058155023735667e-10,2.40475744189322e-10,2.4037011787836035e-10,2.4026467082555683e-10,2.401594025537598e-10,2.400543125874252e-10,2.399494004530037e-10,2.398446656782208e-10,2.397401077929391e-10,2.396357263282311e-10,2.395315208177398e-10,2.3942749079605645e-10,2.3932363579964105e-10,2.3921995536666133e-10,2.3911644903696087e-10,2.390131163520691e-10,2.389099568550921e-10,2.388069700908579e-10,2.3870415560584814e-10,2.3860151294808307e-10,2.3849904166726293e-10,2.3839674131470844e-10,2.382946114433684e-10,2.381926516077235e-10,2.3809086136392297e-10,2.379892402696708e-10,2.378877878842477e-10,2.3778650376851347e-10,2.376853874849731e-10,2.37584438597351e-10,2.3748365667170254e-10,2.3738304127391394e-10,2.372825919738237e-10,2.371823083412206e-10,2.370821899476444e-10,2.369822363677119e-10,2.368824471736994e-10,2.3678282194223635e-10,2.366833602519624e-10,2.3658406168097795e-10,2.3648492581060625e-10,2.3638595222304453e-10,2.3628714050157683e-10,2.3618849023186016e-10,2.360900009994581e-10,2.3599167239272066e-10,2.3589350400105657e-10,2.357954954152962e-10,2.356976462276822e-10,2.3559995603185803e-10,2.355024244230017e-10,2.354050509974353e-10,2.353078353532288e-10,2.352107770895572e-10,2.3511387580711173e-10,2.3501713110803006e-10,2.349205425949389e-10,2.3482410987389195e-10,2.347278325506027e-10,2.346317102325494e-10,2.345357425286046e-10,2.3443992904897646e-10,2.343442694052761e-10,2.342487632104045e-10,2.341534100785704e-10,2.340582096253228e-10,2.3396316146755164e-10,2.3386826522344016e-10,2.3377352051248603e-10,2.336789269554771e-10,2.3358448417449655e-10,2.3349019179288684e-10,2.3339604943536075e-10,2.3330205672783416e-10,2.3320821329750356e-10,2.331145187728473e-10,2.3302097278413786e-10,2.3292757496131855e-10,2.3283432493800363e-10,2.3274122234679752e-10,2.3264826682268632e-10,2.325554580002086e-10,2.3246279551753042e-10,2.32370279014322e-10,2.3227790812800646e-10,2.3218568250041103e-10,2.320936017735448e-10,2.320016655915369e-10,2.3190987359802193e-10,2.318182254383675e-10,2.3172672075913108e-10,2.316353592089157e-10,2.3154414043680135e-10,2.3145306409312185e-10,2.3136212982937202e-10,2.3127133729822886e-10,2.3118068615349592e-10,2.310901760501621e-10,2.3099980664433894e-10,2.3090957759328422e-10,2.3081948855553109e-10,2.3072953919047275e-10,2.3063972915867047e-10,2.3055005812195986e-10,1.3946748745340826e-10,1.071982146812367e-10,9.655811662335139e-11,9.350533448238674e-11,9.310820159543161e-11,9.363867299164457e-11,9.449130142289336e-11,9.545395183928284e-11,9.645228611645289e-11,9.746024344040941e-11,9.846867653158177e-11,9.947436429079624e-11,1.0047616222443246e-10,1.0147365374331377e-10,1.0246667780727041e-10,1.0345516332715168e-10,1.0443907124262911e-10,1.054183741067778e-10,1.0639304904155495e-10,1.073630752195839e-10,1.0832843304194764e-10,1.092891036184996e-10,1.10245068922725e-10,1.1119631170340571e-10,1.1214281537687709e-10,1.1308456397211102e-10,1.140215422627939e-10,1.1495373568426018e-10,1.1588113035370841e-10,1.1680371305977997e-10,1.1772147125826968e-10,1.1863439306663372e-10,1.1954246726112612e-10,1.2044568326843852e-10,1.21344031163871e-10,1.2223750166500452e-10,1.231260861125485e-10,1.2400977650800015e-10,1.248885654639614e-10,1.2576244622556473e-10,1.2663141262809217e-10,1.274954592605667e-10,1.2835458105049253e-10,1.29208773654607e-10,1.300580333207675e-10,1.3090235672243165e-10,1.3174174142223788e-10,1.3257618544814082e-10,1.3340568731434498e-10,1.342302461197232e-10,1.3504986150771305e-10,1.3586453374791873e-10,1.3667426353726665e-10,1.3747905217442013e-10,1.3827890149132555e-10,1.3907381373762052e-10,1.3986379179950666e-10,1.4064883899417058e-10,1.4142895918678257e-10,1.4220415666921763e-10,1.4297443628482576e-10,1.437398033267222e-10,1.4450026350624557e-10,1.4525582320227484e-10,1.460064889429267e-10,1.4675226784983182e-10,1.4749316757197647e-10,1.4822919609070014e-10,1.4896036180494216e-10,1.4968667363045027e-10,1.5040814080164383e-10,1.5112477297035617e-10,1.5183658024535305e-10,1.5254357304525212e-10,1.5324576226756993e-10,1.5394315910618185e-10,1.5463577517741974e-10,1.5532362261228976e-10,1.5600671330651283e-10,1.5668506015070202e-10,1.573586761464899e-10,1.5802757462737222e-10,1.5869176926007673e-10,1.5935127400464627e-10,1.6000610317829243e-10,1.606562714429857e-10,1.6130179365978327e-10,1.6194268502407582e-10,1.6257896104639608e-10,1.632106374787473e-10,1.6383773037662644e-10,1.6446025605663322e-10,1.650782310484476e-10,1.656916721928655e-10,1.663005967027706e-10,1.6690502160526438e-10,1.6750496457947857e-10,1.6810044343212789e-10,1.6869147609851743e-10,1.6927808084315527e-10,1.6986027594664732e-10,1.7043808042639422e-10,1.7101151258840534e-10,1.7158059167966187e-10,1.7214533688528265e-10,1.7270576754952628e-10,1.7326190323779744e-10,1.7381376368102105e-10,1.7436136873378974e-10,1.7490473842427243e-10,1.754438929336611e-10,1.759788525931559e-10,1.7650963784411746e-10,1.7703626931912458e-10,1.775587677333434e-10,1.7807715393502842e-10,1.7859144889655378e-10,1.7910167369467417e-10,1.7960784951739248e-10,1.801099976471419e-10,1.8060813949288108e-10,1.8110229653969948e-10,1.8159249036121452e-10,1.8207874261485402e-10,1.8256107503716886e-10,1.830395094393056e-10,1.8351406770241205e-10,1.839847717732397e-10,1.8445164365971892e-10,1.849147054469678e-10,1.8537397922638892e-10,1.858294871726236e-10,1.8628125154413823e-10,1.8672929435813677e-10,1.8717363819612515e-10,1.876143052723187e-10,1.8805131793967595e-10,1.8848469855855065e-10,1.8891446951096956e-10,1.8934065323470547e-10,1.8976327213321134e-10,1.901823486079129e-10,1.9059790515143246e-10,1.9100996419948143e-10,1.914185482267173e-10,1.9182367960487164e-10,1.922253807868627e-10,1.9262367428453363e-10,1.9301858245415363e-10,1.9341012770031288e-10,1.9379833238353288e-10,1.941832188682687e-10,1.9456480947251842e-10,1.9494312655975677e-10,1.9531819231661777e-10,1.9569002909832823e-10,1.9605865904596064e-10,1.9642410435005738e-10,1.9678638714384336e-10,1.9714552951818358e-10,1.9750155352870725e-10,1.9785448118249842e-10,1.9820433440243415e-10,1.9855113509623131e-10,1.9889490509735492e-10,1.9923566618999183e-10,1.9957344014020534e-10,1.9990824858300331e-10,2.0024011313751692e-10,2.0056905544191012e-10,2.0089509684407186e-10,2.0121825882720752e-10,2.0153856270092082e-10,2.0185602976725072e-10,2.0217068119134904e-10,2.0248253811840218e-10,2.0279162160699227e-10,2.0309795262951105e-10,2.0340155208288886e-10,2.037024407677107e-10,2.0400063945312303e-10,2.0429616878011312e-10,2.045890493016328e-10,2.048793015171403e-10,2.0516694581645639e-10,2.0545200252653854e-10,2.0573449185700728e-10,2.0601443393422873e-10,2.0629184879981239e-10,2.0656675638145608e-10,2.0683917657310435e-10,2.0710912912547878e-10,2.07376633709588e-10,2.076417098950172e-10,2.0790437715764668e-10,2.0816465487985554e-10,2.0842256234561406e-10,2.086781187375653e-10,2.0893134313476313e-10,2.0918225452885538e-10,2.0943087180116417e-10,2.096772137335222e-10,2.0992129900732054e-10,2.1016314620164484e-10,2.104027737927e-10,2.1064020015352094e-10,2.1087544362723843e-10,2.1110852219179785e-10,2.1133945408593163e-10,2.1156825717143592e-10,2.1179494932995548e-10,2.1201954821816874e-10,2.1224207162666089e-10,2.1246253707153248e-10,2.1268096189749514e-10,2.128973634590481e-10,2.1311175896887597e-10,2.1332416553467532e-10,2.1353460015681398e-10,2.1374307972315376e-10,2.1394962102012153e-10,2.1415424072495445e-10,2.1435695540735257e-10,2.1455778152943595e-10,2.147567354457089e-10,2.1495383340303264e-10,2.1514909154065983e-10,2.1534252589021496e-10,2.155341523757666e-10,2.1572398681386372e-10,2.1591204491361328e-10,2.1609834227678104e-10,2.162828943978798e-10,2.164657166642954e-10,2.166468243564328e-10,2.1682623264784862e-10,2.1700395660542935e-10,2.171800111895556e-10,2.1735441125432149e-10,2.1752717154770976e-10,2.1769830671182976e-10,2.1786783128314818e-10,2.180357596927151e-10,2.1820210626644487e-10,2.1836688522535416e-10,2.185301106858775e-10,2.186917966601206e-10,2.188519570561635e-10,2.1901060567840585e-10,2.1916775622785915e-10,2.1932342230246047e-10,2.1947761739744996e-10,2.1963035491496537e-10,2.1978164813623544e-10,2.1993151025050386e-10,2.200799543457087e-10,2.2022699341206575e-10,2.2037264033470205e-10,2.2051690790026932e-10,2.2065980879562477e-10,2.2080135560825154e-10,2.20941560811186e-10,2.2108043680950078e-10,2.2121799589648302e-10,2.213542502697665e-10,2.2148921201874088e-10,2.2162289314241756e-10,2.217553056014411e-10,2.2188646111308465e-10,2.220163714142924e-10,2.2214504813945385e-10,2.2227250281289113e-10,2.2239874687793625e-10,2.225237916333763e-10,2.2264764836041747e-10,2.227703281986468e-10,2.228918422088785e-10,2.230122013588199e-10,2.2313141653000923e-10,2.2324949851197045e-10,2.2336645798225567e-10,2.234823054980145e-10,2.2359705167764993e-10,2.237107069370058e-10,2.2382328159137718e-10,2.239347859079476e-10,2.24045230047627e-10,2.2415462407652522e-10,2.2426297800450675e-10,2.2437030173229497e-10,2.2447660514146588e-10,2.2458189788908463e-10,2.2468618969227267e-10,2.247894900741945e-10,2.2489180858418894e-10,2.2499315456781804e-10,2.2509353739486019e-10,2.2519296630750676e-10,2.2529145047010308e-10,2.2538899899192975e-10,2.254856208314654e-10,2.2558132493204757e-10,2.2567612016923973e-10,2.2577001528896945e-10,2.258630190025834e-10,2.259551399514996e-10,2.2604638664252446e-10,2.2613676752387564e-10,2.2622629100204346e-10,2.2631496539730894e-10,2.2640279895653027e-10,2.2648979982544915e-10,2.2657597612564533e-10,2.2666133586862047e-10,2.2674588700431316e-10,2.268296374111014e-10,2.2691259489635965e-10,2.269947671969492e-10,2.270761619797661e-10,2.2715678684222652e-10,2.2723664931281673e-10,2.2731575685239068e-10,2.2739411685229252e-10,2.2747173663721058e-10,2.2754862346519644e-10,2.2762478452691933e-10,2.2770022694694945e-10,2.2777495778792752e-10,2.2784898404550693e-10,2.2792231264975225e-10,2.2799495046854315e-10,2.280669043122803e-10,2.2813818090742226e-10,2.2820878694102185e-10,2.282787290252951e-10,2.2834801371589884e-10,2.2841664750582514e-10,2.2848463684264934e-10,2.2855198808668428e-10,2.2861870755943131e-10,2.2868480151041746e-10,2.2875027616304135e-10,2.2881513761133406e-10,2.2887939196203153e-10,2.2894304523568007e-10,2.290061034009281e-10,2.290685723764207e-10,2.2913045801100696e-10,2.2919176610614259e-10,2.2925250240811767e-10,2.293126726088409e-10,2.293722823332595e-10,2.2943133718027005e-10,2.2948984268122433e-10,2.295478043117248e-10,2.2960522750314397e-10,2.2966211763032573e-10,2.2971848001726909e-10,2.2977431993734726e-10,2.298296426228661e-10,2.2988445323757523e-10,2.2993875690534602e-10,2.2999255870103732e-10,2.3004586365088244e-10,2.300986767329332e-10,2.3015100287640623e-10,2.3020284696481038e-10,2.3025421383810428e-10,2.3030510828210346e-10,2.3035553504015658e-10,2.3040549880708052e-10,2.304550042439301e-10,2.305040559456645e-10,2.3055265848193744e-10,2.3060081637112925e-10,2.3064853408728784e-10,2.3069581606229138e-10,2.3074266668467492e-10,2.30789090301352e-10,2.3083509121400904e-10,2.308806736912795e-10,2.3092584194218485e-10,2.309706001513815e-10,2.3101495245699366e-10,2.3105890295939186e-10,2.3110245571358706e-10,2.311456147395839e-10,2.3118838401709808e-10,2.312307674863561e-10,2.3127276904906138e-10,2.313143925687694e-10,2.3135564187114076e-10,2.313965207443149e-10,2.3143703293925528e-10,2.3147718217085444e-10,2.3151697211592228e-10,2.3155640641588008e-10,2.3159548867632713e-10,2.3163422246732778e-10,2.3167261132258684e-10,2.317106587433704e-10,2.317483681951808e-10,2.317857431092836e-10,2.318227868830526e-10,2.3185950288026544e-10,2.3189589443141953e-10,2.3193196483405672e-10,2.3196771735305464e-10,2.320031552209312e-10,2.32038281638145e-10,2.3207309977341358e-10,2.3210761276398947e-10,2.3214182371597221e-10,2.3217573570457608e-10,2.3220935177444295e-10,2.32242674939935e-10,2.3227570818537534e-10,2.3230845446540844e-10,2.3234091670519255e-10,2.3237309780074593e-10,2.3240500061771711e-10,2.324366279977e-10,2.3246798275053453e-10,2.32499067651384e-10,2.3252988546262475e-10,2.3256043890983155e-10,2.3259073069175917e-10,2.3262076349522624e-10,2.3265053994851457e-10,2.3268006266058175e-10,2.3270933424983792e-10,2.3273835727174746e-10,2.3276713424588388e-10,2.3279566771396376e-10,2.328239601580668e-10,2.3285201404720297e-10,2.3287983181870877e-10,2.3290741589125453e-10,2.3293476865775386e-10,2.3296189248131957e-10,2.329887897052452e-10,2.3301546265715133e-10,2.330419136306625e-10,2.330681448990749e-10,2.3309415871007293e-10,2.3311995729408536e-10,2.331455428597364e-10,2.3317091758730357e-10,2.331960836373061e-10,2.332210431498998e-10,2.3324579824286934e-10,2.3327035101259544e-10,2.332947035342324e-10,2.3331885786195403e-10,2.333428160291386e-10,2.3336658004855913e-10,2.333901519126275e-10,2.334135335935293e-10,2.33436727043496e-10,2.3345973419458287e-10,2.334825569600027e-10,2.335051972325965e-10,2.335276568871353e-10,2.335499377787655e-10,2.3357204174145997e-10,2.3359397059512085e-10,2.336157261389234e-10,2.336373101537204e-10,2.336587244022615e-10,2.336799706248808e-10,2.3370105055325753e-10,2.3372196589688253e-10,2.3374271834783843e-10,2.3376330958093654e-10,2.337837412539371e-10,2.3380401500768943e-10,2.3382413248251814e-10,2.338440952640807e-10,2.338639049503172e-10,2.338835631118613e-10,2.339030713114385e-10,2.339224310960542e-10,2.3394164398829587e-10,2.339607115019472e-10,2.33979635130831e-10,2.3399841635624636e-10,2.3401705664468455e-10,2.340355574470635e-10,2.340539201983455e-10,2.340721463273673e-10,2.3409023722952806e-10,2.3410819429922794e-10,2.3412601891637334e-10,2.3414371244627097e-10,2.341612762345182e-10,2.3417871162480343e-10,2.341960199353236e-10,2.342132024658492e-10,2.3423026052213346e-10,2.342471953923644e-10,2.3426400834721414e-10,2.342807006285688e-10,2.342972734842299e-10,2.3431372814662694e-10,2.3433006583348697e-10,2.3434628774854614e-10,2.343623950857514e-10,2.343783890223968e-10,2.343942707331916e-10,2.3441004137161e-10,2.344257020818603e-10,2.344412539944901e-10,2.344566982361581e-10,2.3447203592723197e-10,2.3448726813946615e-10,2.345023959683767e-10,2.3451742049749585e-10,2.345323427880791e-10,2.3454716389699593e-10,2.3456188486126153e-10,2.345765067246249e-10,2.345910304904164e-10,2.3460545717897633e-10,2.346197877908498e-10,2.3463402331631056e-10,2.3464816473540907e-10,2.346622130180928e-10,2.346761691242626e-10,2.346900340040978e-10,2.347038085977083e-10,2.347174938356848e-10,2.3473109063903354e-10,2.3474459991920413e-10,2.347580225782103e-10,2.347713595087592e-10,2.3478461159433935e-10,2.347977797093653e-10,2.348108647191989e-10,2.348238674802536e-10,2.3483678884009525e-10,2.3484962963754153e-10,2.3486239070264454e-10,2.348750728570687e-10,2.3488767691397097e-10,2.349002036779106e-10,2.3491265394523936e-10,2.3492502850287534e-10,2.3493732813314907e-10,2.349495536067582e-10,2.349617056861836e-10,2.349737851349605e-10,2.3498579269031953e-10,2.3499772909796066e-10,2.350095950898456e-10,2.3502139139142777e-10,2.3503311872091243e-10,2.3504477778780207e-10,2.3505636929505163e-10,2.3506789393876887e-10,2.3507935240673284e-10,2.3509074538312154e-10,2.3510207353685004e-10,2.351133375380086e-10,2.3512453804573697e-10,2.3513567572442456e-10,2.35146751206497e-10,2.351577651316224e-10,2.351687181372004e-10,2.3517961084948035e-10,2.351904438916485e-10,2.352012178757007e-10,2.352119334079055e-10,2.35222591097357e-10,2.3523319153240277e-10,2.352437352935786e-10,2.352542229714309e-10,2.352646551424649e-10,2.3527503238841436e-10,2.3528535525248123e-10,2.3529562430390343e-10,2.3530584009569385e-10,2.35316003175106e-10,2.353261140836772e-10,2.3533617335741e-10,2.353461815266794e-10,2.353561391163608e-10,2.3536604664586737e-10,2.3537590462922386e-10,2.3538571357480357e-10,2.3539547398654006e-10,2.354051863625264e-10,2.354148511989858e-10,2.3542446897611057e-10,2.354340401809785e-10,2.3544356529285045e-10,2.3545304478354665e-10,2.3546247911975535e-10,2.3547186876422424e-10,2.3548121417601637e-10,2.354905158094233e-10,2.354997741111655e-10,2.355089895263396e-10,2.355181624943518e-10,2.355272934500522e-10,2.35536382823739e-10,2.3554543104126156e-10,2.3555443852401067e-10,2.3556340568890676e-10,2.355723329487131e-10,2.3558122071179784e-10,2.3559006938227626e-10,2.3559887936006585e-10,2.3560765104091044e-10,2.3561638481642327e-10,2.35625081074158e-10,2.3563374019774084e-10,2.3564236256652626e-10,2.356509485561092e-10,2.356594985381265e-10,2.3566801288034505e-10,2.356764919466663e-10,2.356849360972472e-10,2.356933456886062e-10,2.3570172107317713e-10,2.357100626000764e-10,2.357183706148285e-10,2.3572664545976634e-10,2.357348874717278e-10,2.35743096985045e-10,2.357512743323743e-10,2.3575941984099874e-10,2.3576753383520814e-10,2.357756166359089e-10,2.3578366856066784e-10,2.357916899240612e-10,2.3579968103734867e-10,2.358076422073619e-10,2.3581557373658745e-10,2.358234759288689e-10,2.358313490834954e-10,2.35839193494264e-10,2.358470094531628e-10,2.3585479724910794e-10,2.3586255716794005e-10,2.3587028949075404e-10,2.358779944998168e-10,2.3588567247103085e-10,2.358933236827026e-10,2.3590094840352764e-10,2.359085469014227e-10,2.3591611944340633e-10,2.3592366629123063e-10,2.3593118770298764e-10,2.359386839391554e-10,2.3594615525060526e-10,2.359536018955405e-10,2.3596102411915697e-10,2.3596842217730347e-10,2.3597579629958716e-10,2.3598314673529226e-10,2.359904737222866e-10,2.359977774970618e-10,2.360050582956306e-10,2.3601231634541983e-10,2.3601955188378865e-10,2.3602676513189873e-10,2.360339563158357e-10,2.3604112565777665e-10,2.360482733776066e-10,2.360553996929346e-10,2.3606250481795575e-10,2.3606958896678046e-10,2.3607665235244577e-10,2.360836951815342e-10,2.3609071766034296e-10,2.360977199931389e-10,2.361047023826236e-10,2.3611166502857407e-10,2.36118608129195e-10,2.3612553188028827e-10,2.361324364757372e-10,2.3613932210739155e-10,2.3614618896511614e-10,2.361530372368509e-10,2.361598671082624e-10,2.361666787633593e-10,2.36173472384239e-10,2.361802481509732e-10,2.3618700624181465e-10,2.361937468330666e-10,2.362004700993615e-10,2.3620717621331585e-10,2.3621386534560046e-10,2.362205376656626e-10,2.362271933407847e-10,2.3623383253707923e-10,2.3624045541739933e-10,2.362470621446615e-10,2.3625365287838e-10,2.3626022777591224e-10,2.3626678699765907e-10,2.362733306981442e-10,2.362798590307389e-10,2.3628637214954517e-10,2.3629287020471896e-10,2.3629935334050294e-10,2.363058217099322e-10,2.363122754588206e-10,2.363187147259687e-10,2.363251396581938e-10,2.363315503967107e-10,2.3633794708095634e-10,2.3634432985012763e-10,2.3635069884092044e-10,2.363570541891592e-10,2.363633960284902e-10,2.3636972449197343e-10,2.3637603970985896e-10,2.3638234181474963e-10,2.363886309332382e-10,2.3639490719317115e-10,2.364011707199256e-10,2.364074216384569e-10,2.364136600729036e-10,2.364198861446759e-10,2.36426099974607e-10,2.3643230168203046e-10,2.3643849138541964e-10,2.3644466920179907e-10,2.364508352475779e-10,2.3645698963536665e-10,2.3646313247720794e-10,2.364692638905072e-10,2.364753839835605e-10,2.364814928661299e-10,2.3648759064732864e-10,2.364936774357448e-10,2.364997533298275e-10,2.3650581844568377e-10,2.365118728822077e-10,2.3651791674523983e-10,2.365239501353313e-10,2.3652997315518633e-10,2.3653598590001396e-10,2.365419884716924e-10,2.3654798096696015e-10,2.3655396348447996e-10,2.3655993611905173e-10,2.365658989699796e-10,2.36571852121612e-10,2.365777956695833e-10,2.3658372970954126e-10,2.3658965433083205e-10,2.3659556962286887e-10,2.366014756748796e-10,2.366073725748887e-10,2.3661326040980825e-10,2.366191392663478e-10,2.366250092297618e-10,2.3663087038224247e-10,2.3663672281131945e-10,2.3664256659717334e-10,2.3664840182199616e-10,2.366542285658933e-10,2.366600469111251e-10,2.3666585693568836e-10,2.366716587179158e-10,2.3667745233841174e-10,2.366832378680126e-10,2.366890153856482e-10,2.366947849665332e-10,2.3670054668736037e-10,2.3670630061697216e-10,2.3671204683065835e-10,2.3671778540059255e-10,2.367235163979808e-10,2.367292398932377e-10,2.367349559566586e-10,2.367406646569067e-10,2.3674636606248736e-10,2.367520602410808e-10,2.3675774726063633e-10,2.36763427185368e-10,2.3676910008186805e-10,2.36774766014983e-10,2.367804250489113e-10,2.3678607724711917e-10,2.367917226725523e-10,2.36797361387358e-10,2.368029934530674e-10,2.3680861893028433e-10,2.3681423787980793e-10,2.36819850361165e-10,2.368254564327101e-10,2.3683105615365577e-10,2.3683664958154923e-10,2.36842236773434e-10,2.3684781778567924e-10,2.3685339267466216e-10,2.368589614954665e-10,2.3686452430293463e-10,2.368700811515414e-10,2.368756320943274e-10,2.3688117718528485e-10,2.3688671647639326e-10,2.36892250020648e-10,2.368977778677724e-10,2.36903300069543e-10,2.369088166763124e-10,2.369143277379264e-10,2.369198333037105e-10,2.369253334224802e-10,2.3693082814240055e-10,2.36936317511326e-10,2.3694180157680174e-10,2.369472803854492e-10,2.369527539834617e-10,2.36958222416808e-10,2.369636857308113e-10,2.36969143970299e-10,2.3697459717967024e-10,2.369800454028567e-10,2.369854886833192e-10,2.3699092706408034e-10,2.369963605876998e-10,2.370017892962424e-10,2.370072132314222e-10,2.370126324344705e-10,2.370180469463116e-10,2.370234568072356e-10,2.370288620571977e-10,2.3703426273573766e-10,2.370396588819835e-10,2.370450505346416e-10,2.370504377320249e-10,2.3705582051204754e-10,2.3706119891221663e-10,2.370665729696469e-10,2.370719427210745e-10,2.370773082028336e-10,2.370826694574083e-10,2.3708802651528895e-10,2.3709337940809444e-10,2.370987281733102e-10,2.3710407284345416e-10,2.371094134586646e-10,2.3711475003841446e-10,2.371200826264248e-10,2.371254112551237e-10,2.3713073595742455e-10,2.371360567654665e-10,2.3714137371154113e-10,2.371466868272114e-10,2.371519961438467e-10,2.371573016924365e-10,2.371626035036648e-10,2.37167901608399e-10,2.37173196035339e-10,2.371784868158608e-10,2.371837739788015e-10,2.3718905755676483e-10,2.371943375716514e-10,2.3719961405536657e-10,2.3720488703588775e-10,2.372101565417052e-10,2.3721542259988533e-10,2.3722068523835063e-10,2.372259444840537e-10,2.372312003637327e-10,2.372364529037706e-10,2.372417021311829e-10,2.3724694807055386e-10,2.3725219075041693e-10,2.372574301917491e-10,2.372626664218169e-10,2.372678994657378e-10,2.3727312934799984e-10,2.3727835609305786e-10,2.372835797249661e-10,2.372888002675833e-10,2.372940177445239e-10,2.37299232179151e-10,2.373044435945802e-10,2.3730965201369885e-10,2.373148574589507e-10,2.3732005995296777e-10,2.373252595180207e-10,2.373304561834379e-10,2.3733564995104175e-10,2.3734084085936135e-10,2.373460289247634e-10,2.373512141688432e-10,2.3735639661212333e-10,2.373615762751306e-10,2.3736675317817497e-10,2.373719273409156e-10,2.3737709878006976e-10,2.3738226752281026e-10,2.373874335857313e-10,2.373925969878685e-10,2.3739775774747167e-10,2.374029158866576e-10,2.3740807141939354e-10,2.3741322436644924e-10,2.374183747442556e-10,2.374235225760429e-10,2.374286678751204e-10,2.37433810660775e-10,2.3743895095046933e-10,2.374440887617033e-10,2.3744922411172936e-10,2.374543570176173e-10,2.3745948749609836e-10,2.3746461556393975e-10,2.374697412377918e-10,2.374748645338626e-10,2.374799854685214e-10,2.374851040559318e-10,2.3749022031525256e-10,2.374953342607362e-10,2.375004459096616e-10,2.375055552733476e-10,2.375106623701164e-10,2.375157672130022e-10,2.375208698177687e-10,2.3752597019924133e-10,2.3753106837113457e-10,2.3753616434959266e-10,2.3754125814802736e-10,2.375463497805709e-10,2.3755143926117585e-10,2.375565266036667e-10,2.3756161182179053e-10,2.375666949290388e-10,2.375717759389666e-10,2.3757685486455493e-10,2.375819317191163e-10,2.375870065155925e-10,2.3759207926674814e-10,2.3759714998535447e-10,2.3760221868407915e-10,2.376072853753299e-10,2.3761235007143945e-10,2.376174127846163e-10,2.3762247352692566e-10,2.376275323103057e-10,2.376325891465919e-10,2.376376440474841e-10,2.3764269702456004e-10,2.3764774808925756e-10,2.3765279725314956e-10,2.376578445271927e-10,2.3766288992234665e-10,2.3766793344985306e-10,2.3767297512052795e-10,2.3767801494514154e-10,2.376830529343412e-10,2.3768808909866193e-10,2.3769312344854505e-10,2.3769815599431837e-10,2.377031867461947e-10,2.3770821571428644e-10,2.377132429085935e-10,2.377182683390228e-10,2.377232920153793e-10,2.3772831394734454e-10,2.3773333414563987e-10,2.3773835261790565e-10,2.3774336937589835e-10,2.3774838442495487e-10,2.3775339777737203e-10,2.3775840944268956e-10,2.3776341942729954e-10,2.3776842774172877e-10,2.377734343946118e-10,2.377784393946236e-10,2.3778344275053234e-10,2.377884444709032e-10,2.3779344456420946e-10,2.3779844303883086e-10,2.378034399030765e-10,2.378084351651528e-10,2.378134288331825e-10,2.378184209152089e-10,2.3782341141920453e-10,2.3782840035304157e-10,2.3783338772451464e-10,2.3783837354134353e-10,2.3784335781117024e-10,2.3784834054153954e-10,2.378533217399463e-10,2.3785830141379774e-10,2.378632795704076e-10,2.3786825621702924e-10,2.3787323136068594e-10,2.3787820500864396e-10,2.378831771679369e-10,2.378881478455133e-10,2.3789311704826945e-10,2.3789808478301845e-10,2.379030510566602e-10,2.3790801587571487e-10,2.3791297924678556e-10,2.379179411764179e-10,2.379229016710821e-10,2.3792786073717856e-10,2.3793281838105816e-10,2.379377746089939e-10,2.379427294271969e-10,2.3794768284180763e-10,2.379526348591126e-10,2.3795758548481445e-10,2.379625347251076e-10,2.379674825857734e-10,2.3797242907248266e-10,2.3797737419118386e-10,2.3798231794760405e-10,2.379872603474016e-10,2.3799220139618063e-10,2.3799714109949207e-10,2.38002079462825e-10,2.3800701649187574e-10,2.3801195219150335e-10,2.380168865677888e-10,2.380218196249964e-10,2.3802675136884867e-10,2.380316818045013e-10,2.380366109370722e-10,2.3804153877161484e-10,2.380464653131367e-10,2.380513905666574e-10,2.3805631453744523e-10,2.3806123722978825e-10,2.38066158648628e-10,2.3807107879861305e-10,2.380759976843557e-10,2.380809153106917e-10,2.3808583168221724e-10,2.3809074680354383e-10,2.3809566067915234e-10,2.38100573313592e-10,2.3810548471125525e-10,2.3811039487652796e-10,2.3811530381373705e-10,2.381202115271904e-10,2.381251180211363e-10,2.381300232997757e-10,2.3813492736728214e-10,2.3813983022778376e-10,2.381447318853559e-10,2.381496323440703e-10,2.3815453160789835e-10,2.381594296808004e-10,2.381643265666954e-10,2.381692222694696e-10,2.381741167929572e-10,2.381790101409266e-10,2.381839023171771e-10,2.3818879332543266e-10,2.381936831693954e-10,2.3819857185268424e-10,2.382034593789429e-10,2.3820834575175965e-10,2.382132309746715e-10,2.3821811505118657e-10,2.382229979847613e-10,2.3822787977884616e-10,2.382327604368401e-10,2.3823763996211904e-10,2.3824251835800596e-10,2.3824739562780584e-10,2.3825227177479956e-10,2.382571468022092e-10,2.3826202071324684e-10,2.3826689351107864e-10,2.382717651988555e-10,2.3827663577967985e-10,2.38281505256628e-10,2.3828637363274727e-10,2.3829124091105844e-10,2.3829610709454866e-10,2.383009721861721e-10,2.3830583618885963e-10,2.383106991055118e-10,2.383155609389952e-10,2.3832042169215585e-10,2.383252813678065e-10,2.383301399683871e-10,2.383349974969965e-10,2.3833985395637316e-10,2.38344709349212e-10,2.383495636781935e-10,2.3835441694596646e-10,2.383592691551596e-10,2.383641203083682e-10,2.383689704081706e-10,2.3837381945710594e-10,2.3837866745770146e-10,2.383835144124582e-10,2.383883603238514e-10,2.3839320519432184e-10,2.383980490263021e-10,2.3840289182219134e-10,2.384077335843718e-10,2.384125743151861e-10,2.384174140169849e-10,2.3842225269205913e-10,2.3842709034270784e-10,2.3843192697118874e-10,2.384367625797446e-10,2.38441597170598e-10,2.3844643074594756e-10,2.3845126330797066e-10,2.384560948588191e-10,2.384609254006353e-10,2.38465754935528e-10,2.384705834655929e-10,2.3847541099290616e-10,2.3848023751951894e-10,2.3848506304746437e-10,2.384898875787606e-10,2.3849471111539496e-10,2.384995336593518e-10,2.3850435521258176e-10,2.3850917577702496e-10,2.3851399535459945e-10,2.3851881394721013e-10,2.385236315567258e-10,2.3852844818502555e-10,2.3853326383395143e-10,2.385380785053261e-10,2.38542892200965e-10,2.3854770492265823e-10,2.385525166721847e-10,2.3855732745129616e-10,2.3856213726175e-10,2.3856694610563486e-10,2.385717539843165e-10,2.38576560899483e-10,2.3858136685281183e-10,2.385861718459768e-10,2.385909758806142e-10,2.3859577895835694e-10,2.3860058107921787e-10,2.3860538224874893e-10,2.3861018246697327e-10,2.3861498172674364e-10,2.386197800446977e-10,2.386245774164587e-10,2.386293738372084e-10,2.3863416931432605e-10,2.3863896385276114e-10,2.3864375744707533e-10,2.3864855009844545e-10,2.3865334181629784e-10,2.386581325965424e-10,2.386629224411915e-10,2.3866771135156726e-10,2.3867249932921927e-10,2.386772863754903e-10,2.3868207249175583e-10,2.386868576793809e-10,2.386916419397253e-10,2.386964252741197e-10,2.3870120768389514e-10,2.3870598917036806e-10,2.3871076973485073e-10,2.387155493786197e-10,2.387203281024517e-10,2.387251059084474e-10,2.387298827984087e-10,2.387346587726419e-10,2.3873943382706457e-10,2.387442079674255e-10,2.3874898119987964e-10,2.387537535233517e-10,2.387585249358183e-10,2.3876329544071294e-10,2.387680650398628e-10,2.387728337307268e-10,2.387776015163339e-10,2.3878236839892905e-10,2.3878713437934236e-10,2.387918994584718e-10,2.387966636381931e-10,2.3880142691296894e-10,2.388061892915377e-10,2.3881095077273007e-10,2.388157113552255e-10,2.388204710405703e-10,2.388252298391866e-10,2.3882998774498535e-10,2.3883474475841496e-10,2.388395008811468e-10,2.388442561115204e-10,2.3884901045482106e-10,2.3885376391022033e-10,2.3885851647886844e-10,2.3886326816204436e-10,2.3886801896025537e-10,2.3887276887446527e-10,2.3887751790560327e-10,2.388822660546369e-10,2.388870133225085e-10,2.3889175971014027e-10,2.3889650521845464e-10,2.38901249848344e-10,2.3890599360073724e-10,2.389107364765957e-10,2.3891547847674847e-10,2.389202196029548e-10,2.3892495985541814e-10,2.3892969923522745e-10,2.3893443774127715e-10,2.389391753759411e-10,2.3894391214010986e-10,2.3894864803510144e-10,2.389533830612242e-10,2.3895811721846464e-10,2.3896285051004137e-10,2.389675829348585e-10,2.389723144932485e-10,2.3897704518684423e-10,2.3898177501531627e-10,2.3898650398555155e-10,2.389912320895184e-10,2.3899595933198677e-10,2.3900068571355914e-10,2.3900541123470165e-10,2.390101358988685e-10,2.390148597032919e-10,2.3901958264846183e-10,2.390243047370482e-10,2.390290259692354e-10,2.3903374634528636e-10,2.3903846586551053e-10,2.39043184532038e-10,2.390479023442618e-10,2.390526193039994e-10,2.39057335411733e-10,2.390620506678969e-10,2.3906676507325723e-10,2.390714786301473e-10,2.3907619133224913e-10,2.390809031893556e-10,2.390856141981464e-10,2.3909032435984823e-10,2.390950336750049e-10,2.3909974214267754e-10,2.3910444976600695e-10,2.391091565440065e-10,2.391138624777254e-10,2.3911856756758885e-10,2.3912327181445773e-10,2.391279752189339e-10,2.391326777816237e-10,2.3913737950313533e-10,2.3914208038428756e-10,2.3914678042520844e-10,2.391514796267704e-10,2.3915617798961607e-10,2.391608755148501e-10,2.391655722013276e-10,2.39170268050272e-10,2.391749630654377e-10,2.391796572484401e-10,2.391843505904016e-10,2.391890430970157e-10,2.391937347705893e-10,2.3919842561108787e-10,2.392031156226693e-10,2.3920780480368775e-10,2.392124931463454e-10,2.3921718065517e-10,2.3922186733327495e-10,2.392265531816668e-10,2.3923123819867763e-10,2.392359223862012e-10,2.3924060574639753e-10,2.392452882759426e-10,2.392499699784506e-10,2.392546508540953e-10,2.392593309032044e-10,2.3926401012619254e-10,2.392686885219013e-10,2.392733660924654e-10,2.392780428383275e-10,2.39282718759926e-10,2.392873938577334e-10,2.392920681322053e-10,2.3929674158381073e-10,2.393014142130058e-10,2.393060860202514e-10,2.393107570060149e-10,2.3931542717075043e-10,2.393200965149203e-10,2.393247650389654e-10,2.393294327440943e-10,2.3933409962965966e-10,2.3933876569652496e-10,2.393434309458405e-10,2.393480953772424e-10,2.393527589913774e-10,2.3935742178842913e-10,2.393620837687542e-10,2.393667449315114e-10,2.393714052799713e-10,2.3937606481320075e-10,2.3938072353180764e-10,2.3938538143596035e-10,2.3939003852607045e-10,2.393946948025586e-10,2.393993502658338e-10,2.3940400491631085e-10,2.394086587543898e-10,2.394133117804882e-10,2.3941796399500075e-10,2.394226153983366e-10,2.394272659908806e-10,2.3943191577303484e-10,2.394365647451917e-10,2.3944121290775e-10,2.3944586026108694e-10,2.394505068055952e-10,2.3945515254165277e-10,2.3945979746964774e-10,2.3946444158996216e-10,2.394690849029666e-10,2.3947372740904023e-10,2.394783691085556e-10,2.3948301000187956e-10,2.394876500893859e-10,2.3949228937143986e-10,2.394969278484062e-10,2.3950156552065037e-10,2.3950620238853113e-10,2.3951083845240184e-10,2.3951547371262016e-10,2.395201081695541e-10,2.395247418235388e-10,2.3952937467493503e-10,2.3953400672408857e-10,2.3953863797134753e-10,2.395432684170597e-10,2.395478980615606e-10,2.3955252690519237e-10,2.3955715494830503e-10,2.395617821912305e-10,2.3956640863430166e-10,2.39571034277855e-10,2.3957565912222826e-10,2.395802831677439e-10,2.395849064147401e-10,2.3958952886353663e-10,2.395941505144572e-10,2.3959877136783675e-10,2.3960339142399e-10,2.3960801068324223e-10,2.3961262914590675e-10,2.396172468123132e-10,2.3962186368276345e-10,2.396264797575789e-10,2.3963109503707423e-10,2.3963570952156166e-10,2.396403232113484e-10,2.39644936106741e-10,2.3964954820801986e-10,2.3965415951555233e-10,2.3965877002961434e-10,2.396633797505004e-10,2.3966798867851833e-10,2.3967259681396685e-10,2.3967720415714706e-10,2.3968181070847646e-10,2.396864164680092e-10,2.396910214361529e-10,2.396956256132389e-10,2.397002289994968e-10,2.39704831595271e-10,2.3970943340081225e-10,2.3971403441628953e-10,2.3971863464226087e-10,2.397232340788875e-10,2.3972783272636865e-10,2.3973243058512666e-10,2.3973702765537583e-10,2.3974162393739985e-10,2.397462194314763e-10,2.3975081413788785e-10,2.3975540805686023e-10,2.397600011887682e-10,2.397645935338405e-10,2.397691850923468e-10,2.39773775864566e-10,2.3977836585075844e-10,2.397829550512047e-10,2.397875434664146e-10,2.397921310961705e-10,2.3979671794098554e-10,2.398013040011254e-10,2.398058892768512e-10,2.398104737682278e-10,2.398150574759239e-10,2.398196403999992e-10,2.398242225407156e-10,2.39828803898329e-10,2.398333844731087e-10,2.398379642653017e-10,2.3984254327517574e-10,2.398471215029778e-10,2.3985169894896987e-10,2.3985627561339867e-10,2.3986085149653454e-10,2.398654265986134e-10,2.3987000091991053e-10,2.398745744604915e-10,2.398791472209364e-10,2.3988371920132344e-10,2.3988829040191415e-10,2.398928608229548e-10,2.398974304646925e-10,2.3990199932736587e-10,2.3990656741123175e-10,2.399111347165233e-10,2.399157012434944e-10,2.39920266992385e-10,2.399248319634372e-10,2.3992939615688386e-10,2.3993395957297404e-10,2.3993852221361615e-10,2.399430840753931e-10,2.3994764516109744e-10,2.399522054703707e-10,2.3995676500546304e-10,2.3996132376254905e-10,2.39965881743763e-10,2.3997043894951727e-10,2.399749953805426e-10,2.399795510279996e-10,2.3998410590527966e-10,2.3998866001132694e-10,2.39993213344615e-10,2.3999776590251275e-10,2.400023176865471e-10,2.4000686869695587e-10,2.4001141893395966e-10,2.4001596839779164e-10,2.4002051708867456e-10,2.400250650068339e-10,2.4002961215251153e-10,2.4003415852593263e-10,2.4003870412734617e-10,2.4004324896064816e-10,2.400477930209739e-10,2.400523363076163e-10,2.4005687882307673e-10,2.4006142056756767e-10,2.400659615418424e-10,2.400705017472222e-10,2.400750411803559e-10,2.4007957984351237e-10,2.400841177368216e-10,2.400886548605411e-10,2.4009319121532507e-10,2.4009772680061935e-10,2.401022616165248e-10,2.401067956638722e-10,2.401113289429924e-10,2.4011586145473567e-10,2.401203931959598e-10,2.401249241707611e-10,2.401294543778328e-10,2.401339838174608e-10,2.4013851249022815e-10,2.4014304039558606e-10,2.401475675348097e-10,2.401520939081367e-10,2.401566195141076e-10,2.4016114435348867e-10,2.4016566842683586e-10,2.401701917343729e-10,2.401747142813234e-10,2.40179236060525e-10,2.401837570757035e-10,2.401882773289572e-10,2.4019279680697886e-10,2.401973155255691e-10,2.402018334790257e-10,2.4020635066820603e-10,2.4021086709423495e-10,2.402153827553296e-10,2.4021989765184646e-10,2.402244117873556e-10,2.4022892515947523e-10,2.4023343776853784e-10,2.4023794961495953e-10,2.4024246069894165e-10,2.4024697102070807e-10,2.4025148057882697e-10,2.4025598937353216e-10,2.4026049740898413e-10,2.402650046829316e-10,2.4026951119563966e-10,2.402740169449728e-10,2.402785219364811e-10,2.4028302616726305e-10,2.402875296375292e-10,2.4029203234425984e-10,2.402965342905062e-10,2.403010354762493e-10,2.4030553590128595e-10,2.4031003556482634e-10,2.403145344685186e-10,2.4031903261868846e-10,2.403235300132297e-10,2.4032802664896964e-10,2.4033252253387284e-10,2.40337017662122e-10,2.40341512026321e-10,2.4034600563574407e-10,2.403504984844774e-10,2.4035499058044137e-10,2.403594819166623e-10,2.4036397249441043e-10,2.4036846231003523e-10,2.403729513688659e-10,2.4037743967109197e-10,2.4038192721690897e-10,2.4038641400649605e-10,2.403909000437231e-10,2.403953853247805e-10,2.403998698564232e-10,2.4040435363153026e-10,2.404088366506061e-10,2.4041331891400176e-10,2.4041780041607413e-10,2.4042228116273135e-10,2.404267611549065e-10,2.404312403927884e-10,2.404357188769769e-10,2.404401966072921e-10,2.404446735839207e-10,2.4044914980705647e-10,2.404536252768927e-10,2.404580999936245e-10,2.4046257395743733e-10,2.4046704716851427e-10,2.404715196270683e-10,2.4047599133326207e-10,2.4048046228730237e-10,2.404849324893823e-10,2.4048940193966717e-10,2.404938706383731e-10,2.404983385856631e-10,2.405028057803692e-10,2.405072722239847e-10,2.4051173791669494e-10,2.4051620285870605e-10,2.4052066705021505e-10,2.4052513049144797e-10,2.4052959318264635e-10,2.405340551241538e-10,2.4053851631688914e-10,2.4054297675769903e-10,2.4054743645039385e-10,2.4055189539333625e-10,2.405563535869476e-10,2.4056081103413617e-10,2.405652677341144e-10,2.4056972367889784e-10,2.4057417887738313e-10,2.4057863332771835e-10,2.4058308703002416e-10,2.405875399881231e-10,2.405919921971361e-10,2.405964436580096e-10,2.4060089437057597e-10,2.406053443362459e-10,2.4060979355489415e-10,2.406142420275693e-10,2.406186897556367e-10,2.406231367332991e-10,2.406275829647295e-10,2.40632028450104e-10,2.4063647318960213e-10,2.4064091718504494e-10,2.406453604363753e-10,2.406498029424707e-10,2.406542447014897e-10,2.406586857068901e-10,2.406631259702051e-10,2.40667565492604e-10,2.406720042704514e-10,2.4067644230506565e-10,2.4068087959382126e-10,2.406853161400906e-10,2.406897519398443e-10,2.4069418699948817e-10,2.4069862131581513e-10,2.407030548885439e-10,2.407074877185481e-10,2.4071191980571286e-10,2.407163511510318e-10,2.4072078175296243e-10,2.4072521161254856e-10,2.407296407298901e-10,2.4073406910531606e-10,2.407384967389505e-10,2.4074292363083544e-10,2.4074734978136143e-10,2.4075177519058745e-10,2.407561998586934e-10,2.407606237858619e-10,2.4076504697225453e-10,2.407694694180611e-10,2.407738911234555e-10,2.4077831208858047e-10,2.407827323136397e-10,2.4078715179879603e-10,2.4079157054416373e-10,2.407959885515399e-10,2.408004058180294e-10,2.4080482234688273e-10,2.4080923813511986e-10,2.408136531844924e-10,2.408180674951793e-10,2.4082248106734897e-10,2.408268939011595e-10,2.4083130599679695e-10,2.408357173544266e-10,2.40840127974222e-10,2.4084453785635423e-10,2.4084894700099706e-10,2.408533554083316e-10,2.408577630788434e-10,2.40862170012023e-10,2.4086657620839503e-10,2.408709816681438e-10,2.4087538639142953e-10,2.4087979037841057e-10,2.4088419362926285e-10,2.4088859614417833e-10,2.408929979245364e-10,2.4089739896700513e-10,2.4090179927507594e-10,2.409061988445592e-10,2.4091059768242065e-10,2.4091499578508376e-10,2.409193931529817e-10,2.409237897861164e-10,2.409281856848014e-10,2.4093258084921007e-10,2.4093697527951773e-10,2.4094136897945775e-10,2.409457619444246e-10,2.4095015417550235e-10,2.4095454567303247e-10,2.4095893643618885e-10,2.4096332646577153e-10,2.4096771576252187e-10,2.409721043262573e-10,2.4097649215825495e-10,2.4098087925683537e-10,2.40985265625993e-10,2.4098965126361956e-10,2.4099403617058785e-10,2.409984203457623e-10,2.410028037917936e-10,2.4100718650418726e-10,2.410115684862109e-10,2.410159497408624e-10,2.410203302554787e-10,2.4102471003965587e-10,2.4102908909327447e-10,2.4103346741649656e-10,2.410378450094851e-10,2.4104222187241337e-10,2.410465980054506e-10,2.410509734087598e-10,2.4105534808250276e-10,2.4105972202685026e-10,2.4106409524196727e-10,2.410684677280269e-10,2.410728394851845e-10,2.41077210513609e-10,2.410815808134702e-10,2.4108595038493227e-10,2.4109031922815857e-10,2.410946873433154e-10,2.4109905473056706e-10,2.411034213900877e-10,2.4110778732203284e-10,2.4111215252656726e-10,2.411165170038633e-10,2.411208807540829e-10,2.4112524377739e-10,2.4112960607395146e-10,2.4113396764393203e-10,2.4113832848749256e-10,2.4114268860480407e-10,2.411470479960261e-10,2.4115140666132473e-10,2.4115576460087003e-10,2.4116012181481626e-10,2.4116447830333425e-10,2.411688340665835e-10,2.4117318910473663e-10,2.411775434179474e-10,2.4118189700638877e-10,2.4118624987021734e-10,2.4119060200960687e-10,2.4119495342470863e-10,2.411993041156919e-10,2.412036540827227e-10,2.4120800332596495e-10,2.412123518455778e-10,2.41216699641724e-10,2.412210467145745e-10,2.41225393064287e-10,2.4122973869102187e-10,2.4123408359494564e-10,2.412384277762219e-10,2.412427712350166e-10,2.412471139714906e-10,2.412514559858021e-10,2.412557972781147e-10,2.412601378485981e-10,2.4126447769740856e-10,2.4126881682471057e-10,2.412731552306692e-10,2.412774929154424e-10,2.412818298791935e-10,2.4128616612208387e-10,2.412905016442815e-10,2.412948364459471e-10,2.412991705272326e-10,2.413035038883066e-10,2.413078365293439e-10,2.4131216845048735e-10,2.4131649965190474e-10,2.4132083013376283e-10,2.4132515989621947e-10,2.4132948893942783e-10,2.4133381726357977e-10,2.413381448688075e-10,2.4134247175528037e-10,2.413467979231644e-10,2.4135112337261173e-10,2.4135544810378613e-10,2.413597721168355e-10,2.4136409541193013e-10,2.413684179892396e-10,2.4137273984892267e-10,2.413770609911349e-10,2.4138138141602975e-10,2.4138570112382485e-10,2.413900201146326e-10,2.413943383885594e-10,2.413986559458719e-10,2.41402972786683e-10,2.4140728891100305e-10,2.414116043192955e-10,2.4141591901157847e-10,2.4142023298797947e-10,2.414245462485438e-10,2.414288587937152e-10,2.4143317062350695e-10,2.414374817380277e-10,2.414417921375158e-10,2.414461018221074e-10,2.414504107919506e-10,2.4145471904723694e-10,2.4145902658809425e-10,2.414633334146926e-10,2.4146763952719977e-10,2.414719449257751e-10,2.4147624961057693e-10,2.4148055358175404e-10,2.4148485683947e-10,2.4148915938387265e-10,2.414934612153079e-10,2.4149776233351316e-10,2.415020627390917e-10,2.4150636243215057e-10,2.415106614126223e-10,2.4151495968095907e-10,2.415192572372654e-10,2.415235540786584e-10,2.4152785021089934e-10,2.415321456314417e-10,2.4153644034013857e-10,2.415407343374122e-10,2.4154502762283103e-10,2.415493201983158e-10,2.4155361205674676e-10,2.415579032069419e-10,2.4156219365001896e-10,2.41566483382839e-10,2.415707724055735e-10,2.415750607183979e-10,2.41579348321503e-10,2.4158363521507235e-10,2.41587921399309e-10,2.4159220687178357e-10,2.4159649163476397e-10,2.416007756890683e-10,2.4160505903435e-10,2.416093416707726e-10,2.4161362359849323e-10,2.4161790481766893e-10,2.416221853284556e-10,2.4162646513100824e-10,2.4163074422549066e-10,2.416350226120562e-10,2.416393002908733e-10,2.4164357726207976e-10,2.4164785352584855e-10,2.4165212908232677e-10,2.416564039316906e-10,2.41660678074072e-10,2.416649515096398e-10,2.4166922423855126e-10,2.416734962609675e-10,2.4167776757703654e-10,2.4168203818692166e-10,2.41686308090776e-10,2.4169057728876465e-10,2.4169484578103856e-10,2.4169911356779073e-10,2.4170338064911816e-10,2.417076470251968e-10,2.417119126961837e-10,2.4171617766224274e-10,2.417204419235212e-10,2.4172470548018195e-10,2.4172896833236156e-10,2.417332304802285e-10,2.41737491923952e-10,2.4174175266368497e-10,2.417460126995802e-10,2.417502720317943e-10,2.4175453066049243e-10,2.4175878858581737e-10,2.417630458079375e-10,2.4176730232700305e-10,2.417715581432007e-10,2.417758132566563e-10,2.4178006766752657e-10,2.4178432137596524e-10,2.4178857438212685e-10,2.417928266861738e-10,2.417970782882539e-10,2.418013291885319e-10,2.4180557938682013e-10,2.4180982888361676e-10,2.4181407767907507e-10,2.41818325773354e-10,2.418225731666083e-10,2.418268198589876e-10,2.4183106585065436e-10,2.418353111417629e-10,2.418395557324639e-10,2.418437996229218e-10,2.4184804281327606e-10,2.4185228530369284e-10,2.418565270943278e-10,2.4186076818532765e-10,2.4186500857685004e-10,2.418692482690546e-10,2.418734872620962e-10,2.4187772556081847e-10,2.418819631606784e-10,2.418862000618282e-10,2.4189043626442436e-10,2.418946717686189e-10,2.4189890657457763e-10,2.4190314068243433e-10,2.4190737409236256e-10,2.419116068045073e-10,2.4191583881902427e-10,2.4192007013607047e-10,2.4192430075580486e-10,2.41928530678368e-10,2.419327599039246e-10,2.419369884326244e-10,2.419412162646381e-10,2.419454434000949e-10,2.419496698391643e-10,2.419538955819991e-10,2.4195812062874413e-10,2.4196234497956545e-10,2.419665686346123e-10,2.4197079159403577e-10,2.419750138579955e-10,2.419792354266469e-10,2.419834563001306e-10,2.419876764786133e-10,2.4199189596224455e-10,2.419961147511798e-10,2.42000332845567e-10,2.4200455024557244e-10,2.4200876695134083e-10,2.420129829630151e-10,2.4201719828077783e-10,2.420214129047544e-10,2.4202562683511393e-10,2.4202984007199837e-10,2.4203405261557486e-10,2.420382644659846e-10,2.42042475623387e-10,2.4204668608793433e-10,2.4205089585978204e-10,2.420551049390771e-10,2.420593133259794e-10,2.420635210206389e-10,2.420677280232072e-10,2.420719343338423e-10,2.420761399526855e-10,2.420803448799062e-10,2.4208454911564596e-10,2.42088752660059e-10,2.4209295551029374e-10,2.420971576696418e-10,2.4210135913830143e-10,2.4210555991658357e-10,2.4210976000507483e-10,2.4211395940773823e-10,2.42118158115297e-10,2.421223561318989e-10,2.4212655345625193e-10,2.421307500908107e-10,2.421349460357285e-10,2.4213914129116193e-10,2.4214333585725625e-10,2.4214752973416953e-10,2.4215172292205005e-10,2.4215591542106396e-10,2.4216010723134707e-10,2.421642983530697e-10,2.4216848878771495e-10,2.4217267853410397e-10,2.4217686759278065e-10,2.4218105596432104e-10,2.4218524365051344e-10,2.4218943064508757e-10,2.4219361695363594e-10,2.4219780257307917e-10,2.4220198750561197e-10,2.4220617174852414e-10,2.422103553044288e-10,2.42214538173441e-10,2.4221872035569925e-10,2.422229018513209e-10,2.4222708266040995e-10,2.42231262788311e-10,2.422354422271702e-10,2.4223962098018126e-10,2.422437990475398e-10,2.4224797643081736e-10,2.4225215312537965e-10,2.4225632913815e-10,2.4226050446415734e-10,2.422646791051881e-10,2.422688530625775e-10,2.4227302633220314e-10,2.4227719891761726e-10,2.42281370818914e-10,2.4228554203620086e-10,2.4228971256959464e-10,2.422938824192305e-10,2.4229805158523124e-10,2.423022200699272e-10,2.423063878711952e-10,2.42310554989188e-10,2.4231472142406184e-10,2.4231888717595644e-10,2.4232305224502473e-10,2.423272166314229e-10,2.423313803352936e-10,2.4233554335678945e-10,2.423397056960587e-10,2.423438673545442e-10,2.4234802833108154e-10,2.4235218862581186e-10,2.423563482388809e-10,2.423605071704349e-10,2.4236466542061144e-10,2.4236882299114106e-10,2.4237297987831067e-10,2.4237713608803884e-10,2.4238129161481874e-10,2.423854464626615e-10,2.423896006267453e-10,2.4239375411054443e-10,2.423979069180363e-10,2.42402059043688e-10,2.424062104901717e-10,2.424103612549879e-10,2.4241451134406807e-10,2.424186607486952e-10,2.4242280947574413e-10,2.424269575255496e-10,2.424311048950244e-10,2.424352515780757e-10,2.4243939758687485e-10,2.4244354291617173e-10,2.4244768757171807e-10,2.424518315486419e-10,2.4245597484691835e-10,2.4246011746666143e-10,2.424642594082249e-10,2.424684006722895e-10,2.4247254125018184e-10,2.4247668114917154e-10,2.424808203843128e-10,2.4248495894002946e-10,2.4248909680919145e-10,2.4249323400263896e-10,2.424973705291364e-10,2.4250150637314957e-10,2.4250564154647525e-10,2.425097760453527e-10,2.4251390986698964e-10,2.4251804301635227e-10,2.425221754855648e-10,2.425263072792404e-10,2.4253043840222593e-10,2.4253456884496126e-10,2.425386986127321e-10,2.425428277057894e-10,2.425469561240963e-10,2.425510838669482e-10,2.42555210935414e-10,2.42559337330188e-10,2.4256346305089247e-10,2.4256758809742585e-10,2.4257171247067955e-10,2.4257583617022023e-10,2.425799591962013e-10,2.4258408154877403e-10,2.425882032280869e-10,2.425923242342789e-10,2.4259644456687986e-10,2.426005642267048e-10,2.426046832135489e-10,2.426088015309737e-10,2.426129191708354e-10,2.4261703614159094e-10,2.4262115243961525e-10,2.4262526806639453e-10,2.426293830138778e-10,2.4263349729695144e-10,2.42637610907509e-10,2.426417238468495e-10,2.42645836115162e-10,2.4264994771394335e-10,2.4265405864019265e-10,2.426581688958154e-10,2.426622784805554e-10,2.4266638739465533e-10,2.426704956399076e-10,2.426746032139934e-10,2.426787101181036e-10,2.426828163520143e-10,2.42686921918849e-10,2.426910268135473e-10,2.4269513103881355e-10,2.4269923459408707e-10,2.427033374811728e-10,2.4270743969853687e-10,2.4271154124717476e-10,2.4271564212843966e-10,2.4271974234009695e-10,2.4272384188417807e-10,2.4272794075926513e-10,2.4273203896623257e-10,2.4273613650517417e-10,2.4274023337683077e-10,2.427443295808605e-10,2.4274842511711257e-10,2.427525199862428e-10,2.4275661418726854e-10,2.427607077213783e-10,2.427648005890221e-10,2.427688927895724e-10,2.427729843268457e-10,2.4277707519505447e-10,2.4278116539881415e-10,2.427852549313065e-10,2.427893437995698e-10,2.4279343200029263e-10,2.4279751953775074e-10,2.428016064100833e-10,2.4280569261867845e-10,2.428097781615028e-10,2.4281386303737525e-10,2.4281794724819754e-10,2.428220307939162e-10,2.428261136748876e-10,2.4283019589125027e-10,2.42834277439485e-10,2.4283835832542915e-10,2.428424385461062e-10,2.4284651810487416e-10,2.428505969997475e-10,2.4285467523086816e-10,2.42858752798273e-10,2.4286282970227e-10,2.4286690594294364e-10,2.428709815204291e-10,2.4287505643417675e-10,2.428791306860517e-10,2.4288320427467226e-10,2.4288727720041245e-10,2.4289134945969265e-10,2.4289542106189485e-10,2.428994919951059e-10,2.4290356227202536e-10,2.4290763188780284e-10,2.429117008420119e-10,2.4291576913544153e-10,2.4291983676288294e-10,2.4292390373279234e-10,2.4292797005241943e-10,2.429320356987904e-10,2.4293610068657236e-10,2.429401650132656e-10,2.429442286791799e-10,2.4294829168455095e-10,2.4295235402459516e-10,2.429564156996414e-10,2.4296047672447197e-10,2.4296453708972033e-10,2.429685967922519e-10,2.4297265584010327e-10,2.429767142274443e-10,2.42980771953452e-10,2.429848290219259e-10,2.429888854313148e-10,2.4299294117812664e-10,2.4299699627011483e-10,2.430010507037015e-10,2.430051044791005e-10,2.4300915759655213e-10,2.4301321005550656e-10,2.4301726185646006e-10,2.430213129999037e-10,2.430253634875814e-10,2.4302941331565525e-10,2.43033462486796e-10,2.430375109920117e-10,2.43041558848511e-10,2.4304560604728977e-10,2.4304965258954644e-10,2.430536984751979e-10,2.4305774370427e-10,2.430617882826983e-10,2.4306583219892855e-10,2.430698754596688e-10,2.4307391806449193e-10,2.430779600135273e-10,2.4308200130721955e-10,2.4308604194529504e-10,2.4309008192785555e-10,2.4309412125621245e-10,2.4309815992878444e-10,2.4310219794658606e-10,2.4310623530957873e-10,2.431102720222128e-10,2.4311430806786617e-10,2.431183434670295e-10,2.431223782142926e-10,2.4312641230662654e-10,2.4313044574443126e-10,2.4313447852689216e-10,2.431385106466869e-10,2.4314254211581157e-10,2.431465729302338e-10,2.4315060309125307e-10,2.431546326084608e-10,2.431586614727399e-10,2.431626896842717e-10,2.431667172425672e-10,2.431707441469611e-10,2.431747703963554e-10,2.431787959964817e-10,2.4318282094449595e-10,2.431868452405389e-10,2.4319086888549816e-10,2.431948918783162e-10,2.4319891421545163e-10,2.4320293590389396e-10,2.432069569426005e-10,2.4321097732539287e-10,2.432149970621465e-10,2.43219016148824e-10,2.4322303458409166e-10,2.4322705236897087e-10,2.4323106950359476e-10,2.432350859880832e-10,2.4323910182019905e-10,2.4324311700622545e-10,2.4324713154247776e-10,2.4325114542910283e-10,2.432551586662359e-10,2.4325917125402077e-10,2.432631831926023e-10,2.432671944821154e-10,2.4327120512271144e-10,2.43275215114523e-10,2.4327922445766945e-10,2.432832331527021e-10,2.4328724119924883e-10,2.432912485974162e-10,2.432952553498095e-10,2.432992614532947e-10,2.433032669084641e-10,2.433072717156466e-10,2.4331127587466673e-10,2.4331527938721856e-10,2.433192822521014e-10,2.4332328446382757e-10,2.433272860330325e-10,2.4333128694945875e-10,2.433352872264513e-10,2.433392868584444e-10,2.4334328584556037e-10,2.433472841824235e-10,2.433512818739861e-10,2.43355278919573e-10,2.433592753186738e-10,2.433632710728756e-10,2.4336726618166176e-10,2.433712606445366e-10,2.4337525446489686e-10,2.433792476376828e-10,2.4338324016378047e-10,2.4338723204499654e-10,2.4339122328426683e-10,2.4339521388399453e-10,2.4339920383426887e-10,2.4340319314032e-10,2.4340718180122093e-10,2.4341116981829864e-10,2.434151571919638e-10,2.43419143921583e-10,2.434231300092355e-10,2.4342711544690183e-10,2.4343110024637336e-10,2.434350844027322e-10,2.434390679145626e-10,2.4344305078472885e-10,2.4344703301206733e-10,2.434510145970447e-10,2.434549955396917e-10,2.434589758357577e-10,2.4346295549398744e-10,2.434669345101838e-10,2.434709128847846e-10,2.434748906163939e-10,2.4347886770718454e-10,2.434828441597216e-10,2.4348681996605794e-10,2.434907951335527e-10,2.4349476965850164e-10,2.4349874353327403e-10,2.4350271677808065e-10,2.435066893755248e-10,2.435106613394035e-10,2.4351463266283e-10,2.4351860333691305e-10,2.4352257337867466e-10,2.435265427802918e-10,2.435305115358691e-10,2.43534479654418e-10,2.4353844713464986e-10,2.435424139811204e-10,2.435463801873351e-10,2.435503457537402e-10,2.4355431068099523e-10,2.4355827496865885e-10,2.4356223861922115e-10,2.4356620163077535e-10,2.4357016400321627e-10,2.435741257325005e-10,2.435780868249983e-10,2.435820472846288e-10,2.4358600710645257e-10,2.435899662906092e-10,2.4359392483695685e-10,2.4359788274597673e-10,2.43601840017795e-10,2.4360579665255284e-10,2.436097526503911e-10,2.436137080114424e-10,2.4361766273584554e-10,2.4362161682373e-10,2.436255702752428e-10,2.436295230905131e-10,2.4363347526938645e-10,2.4363742681206166e-10,2.4364137771890795e-10,2.436453279900301e-10,2.4364927762507143e-10,2.436532266246668e-10,2.4365717499020194e-10,2.4366112271981167e-10,2.436650698149437e-10,2.4366901627684587e-10,2.436729621008887e-10,2.4367690729054826e-10,2.436808518438569e-10,2.4368479576422936e-10,2.4368873905030596e-10,2.436926817040275e-10,2.4369662372280093e-10,2.4370056510750347e-10,2.437045058581799e-10,2.437084459759724e-10,2.437123854605672e-10,2.437163243122824e-10,2.4372026253022285e-10,2.4372420011568447e-10,2.437281370676377e-10,2.4373207338736247e-10,2.437360090745403e-10,2.437399441291293e-10,2.4374387855147646e-10,2.4374781234227267e-10,2.437517455020005e-10,2.4375567802812207e-10,2.4375960992250963e-10,2.4376354118150187e-10,2.437674718137407e-10,2.437714018146169e-10,2.4377533118522175e-10,2.4377925992413753e-10,2.437831880318822e-10,2.437871155089301e-10,2.4379104235525754e-10,2.437949685711077e-10,2.4379889414591933e-10,2.438028191021655e-10,2.438067434298897e-10,2.4381066712573483e-10,2.438145901906802e-10,2.438185126256914e-10,2.4382243443189337e-10,2.4382635560859325e-10,2.438302761558015e-10,2.438341960742668e-10,2.4383811536373793e-10,2.4384203402523705e-10,2.438459520521279e-10,2.438498694566772e-10,2.4385378623163657e-10,2.438577023783839e-10,2.4386161789758234e-10,2.4386553278840527e-10,2.438694470513845e-10,2.4387336068760147e-10,2.438772736956865e-10,2.4388118607557105e-10,2.4388509782917885e-10,2.4388900895616213e-10,2.4389291945678026e-10,2.4389682932800467e-10,2.4390073857242305e-10,2.439046471900484e-10,2.439085551814046e-10,2.4391246254640654e-10,2.4391636928438866e-10,2.43920275398883e-10,2.439241808877129e-10,2.4392808575121493e-10,2.439319899900473e-10,2.4393589360069423e-10,2.4393979658853234e-10,2.439436989510886e-10,2.439476006836701e-10,2.439515017928263e-10,2.4395540227600233e-10,2.439593021410507e-10,2.439632013776618e-10,2.4396709998847747e-10,2.4397099797305904e-10,2.4397489533682327e-10,2.439787920752624e-10,2.439826881904397e-10,2.439865836851817e-10,2.4399047855462474e-10,2.439943727998449e-10,2.439982664213004e-10,2.4400215941927913e-10,2.440060517939905e-10,2.440099435440509e-10,2.4401383467192046e-10,2.4401772517669984e-10,2.440216150590821e-10,2.440255043192862e-10,2.4402939295686893e-10,2.4403328097321197e-10,2.4403716836596216e-10,2.4404105513691515e-10,2.440449412861446e-10,2.4404882681378864e-10,2.440527117203288e-10,2.4405659600531785e-10,2.4406047966836044e-10,2.44064362710314e-10,2.4406824513131663e-10,2.4407212693150987e-10,2.440760081110275e-10,2.440798886700062e-10,2.4408376860858185e-10,2.440876479269002e-10,2.4409152662509015e-10,2.440954047032891e-10,2.440992821616415e-10,2.441031590002714e-10,2.441070352193253e-10,2.4411091081892956e-10,2.441147857992333e-10,2.441186601603667e-10,2.4412253390655e-10,2.441264070342595e-10,2.441302795442242e-10,2.44134151441056e-10,2.441380227121215e-10,2.441418933676543e-10,2.4414576340590833e-10,2.4414963282307e-10,2.4415350162148856e-10,2.4415736979661555e-10,2.441612373567162e-10,2.441651043039297e-10,2.4416897062817094e-10,2.4417283633524757e-10,2.4417670142529626e-10,2.4418056589843774e-10,2.441844297548116e-10,2.441882929946562e-10,2.441921556178681e-10,2.4419601762356293e-10,2.4419987901407477e-10,2.442037397868449e-10,2.44207599944907e-10,2.4421145948701414e-10,2.442153184141299e-10,2.442191767247315e-10,2.4422303442164275e-10,2.44226891500832e-10,2.442307479651095e-10,2.442346038143613e-10,2.442384590478924e-10,2.4424231367119835e-10,2.4424616767574713e-10,2.442500210656589e-10,2.442538738410746e-10,2.442577260032594e-10,2.442615775505246e-10,2.442654284834611e-10,2.442692788025586e-10,2.4427312850781463e-10,2.442769776004252e-10,2.442808260783797e-10,2.4428467394273657e-10,2.442885211938191e-10,2.4429236783175556e-10,2.442962138567183e-10,2.4430005926879264e-10,2.4430390406936034e-10,2.443077482574843e-10,2.4431159183176025e-10,2.4431543479359375e-10,2.4431927714347035e-10,2.4432311888321635e-10,2.443269600088312e-10,2.4433080052274586e-10,2.4433464042553036e-10,2.44338479716361e-10,2.4434231839671666e-10,2.4434615646581815e-10,2.4434999393259406e-10,2.4435383077834324e-10,2.4435766701367966e-10,2.4436150263862947e-10,2.4436533765448096e-10,2.443691720579917e-10,2.443730058509906e-10,2.4437683903265345e-10,2.4438067161602257e-10,2.4438450357808107e-10,2.443883349304414e-10,2.4439216567288315e-10,2.4439599580478904e-10,2.443998253286538e-10,2.444036542441237e-10,2.444074825494554e-10,2.444113102460564e-10,2.4441513733327345e-10,2.4441896381202963e-10,2.44422789682284e-10,2.4442661494252234e-10,2.4443043959562547e-10,2.4443426364763996e-10,2.444380870841458e-10,2.4444190991149195e-10,2.444457321321764e-10,2.4444955375930317e-10,2.444533747663068e-10,2.444571951657933e-10,2.4446101496186074e-10,2.444648341470952e-10,2.4446865272373005e-10,2.444724706972941e-10,2.444762880600189e-10,2.444801048175851e-10,2.444839209756041e-10,2.4448773651908813e-10,2.444915514557474e-10,2.4449536578641603e-10,2.4449917951141357e-10,2.4450299263054877e-10,2.445068051439483e-10,2.4451061705177505e-10,2.4451442835410337e-10,2.445182390511e-10,2.445220491502696e-10,2.4452585864006663e-10,2.445296675285195e-10,2.445334757951607e-10,2.445372834717967e-10,2.4454109054232604e-10,2.445448970083595e-10,2.4454870284819e-10,2.4455250810313295e-10,2.445563127556272e-10,2.445601168021409e-10,2.4456392024387e-10,2.445677230839919e-10,2.445715253201304e-10,2.445753269534351e-10,2.445791279873981e-10,2.4458292841373034e-10,2.4458672822781376e-10,2.445905274484506e-10,2.4459432606619147e-10,2.4459812408139513e-10,2.4460192149414015e-10,2.4460571831029206e-10,2.4460951452336194e-10,2.4461331012907286e-10,2.446171051326749e-10,2.446208995350987e-10,2.446246933358267e-10,2.446284865346509e-10,2.446322791320013e-10,2.446360711290368e-10,2.4463986252376723e-10,2.446436533268865e-10,2.446474435194107e-10,2.446512331120425e-10,2.446550221034593e-10,2.446588104958162e-10,2.4466259828701365e-10,2.4466638548493135e-10,2.4467017207622093e-10,2.4467395806702863e-10,2.4467774345841473e-10,2.446815282492674e-10,2.4468531244119683e-10,2.446890960337565e-10,2.4469287902695743e-10,2.4469666142093805e-10,2.447004432158331e-10,2.4470422441177573e-10,2.4470800500889703e-10,2.4471178500733137e-10,2.4471556440720836e-10,2.4471934320981886e-10,2.4472312141281053e-10,2.4472689901701773e-10,2.447306760247724e-10,2.447344524336241e-10,2.447382282449279e-10,2.4474200345844084e-10,2.4474577807446124e-10,2.4474955209277736e-10,2.447533255141094e-10,2.4475709833836217e-10,2.4476087056559254e-10,2.447646421955944e-10,2.447684132299474e-10,2.4477218366670525e-10,2.447759535046757e-10,2.447797227489412e-10,2.4478349139710474e-10,2.447872594490171e-10,2.447910269048727e-10,2.447947937650462e-10,2.447985600294326e-10,2.4480232569829506e-10,2.448060907717177e-10,2.448098552497859e-10,2.4481361913073265e-10,2.4481738241856584e-10,2.448211451108153e-10,2.4482490720864944e-10,2.448286687119622e-10,2.4483242962087287e-10,2.4483618993534714e-10,2.4483994965858755e-10,2.448437087851995e-10,2.448474673172208e-10,2.448512252541395e-10,2.4485498260211333e-10,2.4485873935236643e-10,2.4486249550947043e-10,2.448662510732929e-10,2.4487000605808785e-10,2.4487376043557124e-10,2.4487751421990926e-10,2.4488126741148237e-10,2.448850200098628e-10,2.4488877201608097e-10,2.448925234294436e-10,2.4489627424723075e-10,2.4490002447639137e-10,2.4490377411349934e-10,2.4490752316055305e-10,2.4491127161903286e-10,2.449150194811047e-10,2.4491876675111793e-10,2.449225134299918e-10,2.4492625951714225e-10,2.4493000501331985e-10,2.4493374991834467e-10,2.449374942322748e-10,2.4494123795531926e-10,2.4494498108766086e-10,2.4494872362942746e-10,2.449524655817339e-10,2.4495620694178943e-10,2.449599477172426e-10,2.449636878902188e-10,2.449674274840991e-10,2.44971166485434e-10,2.449749048982337e-10,2.4497864272080275e-10,2.4498237995334734e-10,2.44986116596613e-10,2.449898526506957e-10,2.4499358811524314e-10,2.449973229915759e-10,2.450010572784603e-10,2.4500479097703236e-10,2.4500852408759793e-10,2.4501225660936837e-10,2.450159885430086e-10,2.450197198860618e-10,2.4502345064348216e-10,2.450271808127257e-10,2.4503091039444537e-10,2.4503463938861134e-10,2.450383677952594e-10,2.4504209561452343e-10,2.450458228468111e-10,2.4504954949063894e-10,2.4505327555421003e-10,2.45057001037343e-10,2.450607259231224e-10,2.450644502208791e-10,2.4506817392784246e-10,2.450718970527486e-10,2.450756195925857e-10,2.4507934154520715e-10,2.4508306291181175e-10,2.450867836925654e-10,2.4509050388758425e-10,2.4509422349703587e-10,2.450979425208795e-10,2.451016609594585e-10,2.451053788127422e-10,2.4510909608094685e-10,2.45112812764147e-10,2.4511652886250044e-10,2.451202443760635e-10,2.451239593045553e-10,2.4512767364857625e-10,2.451313874082542e-10,2.45135100583708e-10,2.4513881317506574e-10,2.451425251824553e-10,2.4514623660600146e-10,2.451499474458294e-10,2.4515365770205446e-10,2.451573673748153e-10,2.4516107646423044e-10,2.4516478497042537e-10,2.4516849289352264e-10,2.4517220023364204e-10,2.4517590699091215e-10,2.451796131654464e-10,2.4518331875737597e-10,2.451870237668079e-10,2.451907281938716e-10,2.451944320386717e-10,2.451981353013239e-10,2.452018379819194e-10,2.452055400805593e-10,2.452092415972758e-10,2.45212942532041e-10,2.452166428844144e-10,2.452203426519012e-10,2.4522404184227465e-10,2.4522774045224503e-10,2.452314384816031e-10,2.4523513593035947e-10,2.4523883279857476e-10,2.4524252908633556e-10,2.4524622479374473e-10,2.452499199209217e-10,2.4525361446797297e-10,2.452573084350135e-10,2.4526100182216737e-10,2.45264694629557e-10,2.452683868572965e-10,2.452720785055112e-10,2.4527576957432327e-10,2.4527946006385625e-10,2.4528314997423025e-10,2.452868393055755e-10,2.452905280580068e-10,2.452942162316506e-10,2.4529790382663215e-10,2.4530159084307744e-10,2.4530527728111194e-10,2.453089631408455e-10,2.4531264842242116e-10,2.453163331259544e-10,2.4532001725156304e-10,2.4532370079938386e-10,2.453273837695386e-10,2.453310661621337e-10,2.453347479778593e-10,2.4533842921627784e-10,2.453421098775203e-10,2.4534578996170546e-10,2.453494694689579e-10,2.4535314839940733e-10,2.453568267531739e-10,2.453605045303926e-10,2.453641817311787e-10,2.4536785835564945e-10,2.4537153440387256e-10,2.453752098760336e-10,2.453788847728625e-10,2.453825590932807e-10,2.453862328373965e-10,2.453899060066222e-10,2.453935786004658e-10,2.4539725061903773e-10,2.4540092206226137e-10,2.4540459293041944e-10,2.4540826322363275e-10,2.4541193294203313e-10,2.4541560208571814e-10,2.4541927065485156e-10,2.454229386495441e-10,2.454266060699099e-10,2.4543027291607606e-10,2.454339391881731e-10,2.454376048862329e-10,2.454412700107659e-10,2.454449345616412e-10,2.454485985381752e-10,2.4545226194113446e-10,2.454559247706064e-10,2.454595870221654e-10,2.4546324870551533e-10,2.4546690981703594e-10,2.454705703546513e-10,2.454742303201072e-10,2.454778897140193e-10,2.454815485345181e-10,2.4548520678301815e-10,2.454888644588582e-10,2.4549252156279156e-10,2.4549617809504805e-10,2.454998340549386e-10,2.455034894442118e-10,2.455071442553039e-10,2.455107984999713e-10,2.4551445217108967e-10,2.4551810527121565e-10,2.4552175780043305e-10,2.455254097608335e-10,2.4552906115041677e-10,2.455327119698277e-10,2.4553636221844027e-10,2.455400118981244e-10,2.4554366100662124e-10,2.455473095412964e-10,2.4555095750873955e-10,2.455546049060195e-10,2.455582517332539e-10,2.4556189799003503e-10,2.455655436804207e-10,2.455691887985975e-10,2.455728333474697e-10,2.45576477325429e-10,2.45580120736128e-10,2.455837635778045e-10,2.455874058505912e-10,2.4559104755447686e-10,2.45594688689671e-10,2.4559832925629284e-10,2.4560196925427584e-10,2.456056086839441e-10,2.456092475457904e-10,2.4561288583856104e-10,2.456165235640827e-10,2.4562016072186223e-10,2.456237973122597e-10,2.45627433335093e-10,2.4563106879062903e-10,2.4563470367885094e-10,2.456383379996978e-10,2.4564197175347843e-10,2.456456049403602e-10,2.456492375604258e-10,2.4565286961332304e-10,2.4565650109968346e-10,2.4566013201962564e-10,2.4566376237326943e-10,2.4566739216073617e-10,2.4567102138214827e-10,2.456746500376221e-10,2.4567827812727526e-10,2.4568190565123705e-10,2.456855326085312e-10,2.4568915900058114e-10,2.4569278482774094e-10,2.4569641009399395e-10,2.4570003479913655e-10,2.457036589323354e-10,2.457072824965876e-10,2.457109054991532e-10,2.4571452793709467e-10,2.4571814981052455e-10,2.457217711195788e-10,2.457253918643616e-10,2.4572901204500314e-10,2.457326316616198e-10,2.457362507143378e-10,2.457398692032642e-10,2.4574348712853293e-10,2.4574710449025624e-10,2.457507212885594e-10,2.4575433752355923e-10,2.457579531952806e-10,2.457615683045033e-10,2.4576518285080985e-10,2.457687968343118e-10,2.457724102551293e-10,2.457760231133668e-10,2.4577963540920034e-10,2.4578324714272104e-10,2.457868583140474e-10,2.457904689233104e-10,2.4579407897061893e-10,2.45797688456102e-10,2.458012973798744e-10,2.4580490573818927e-10,2.458085135389046e-10,2.4581212077827887e-10,2.4581572745649446e-10,2.4581933357355875e-10,2.45822939129431e-10,2.45826544127142e-10,2.458301485615811e-10,2.458337524345655e-10,2.458373557485173e-10,2.458409585051114e-10,2.458445607001191e-10,2.458481623310946e-10,2.458517634054571e-10,2.4585536391809625e-10,2.4585896387095425e-10,2.4586256326415897e-10,2.4586616209782336e-10,2.4586976037207175e-10,2.4587335808691273e-10,2.4587695524244955e-10,2.4588055183889375e-10,2.4588414787652124e-10,2.4588774335483997e-10,2.4589133827375e-10,2.458949326354273e-10,2.4589852643868013e-10,2.4590211968367247e-10,2.459057123717835e-10,2.459093045002288e-10,2.4591289607084424e-10,2.459164870821212e-10,2.459200775371803e-10,2.459236674348831e-10,2.4592725677483716e-10,2.4593084555765114e-10,2.4593443378272836e-10,2.45938021451064e-10,2.4594160856236513e-10,2.459451951166574e-10,2.4594878111475704e-10,2.4595236655707636e-10,2.459559514416125e-10,2.4595953576972076e-10,2.459631195415293e-10,2.459667027577492e-10,2.459702854178035e-10,2.459738675233155e-10,2.459774490712121e-10,2.459810300630122e-10,2.459846105022807e-10,2.459881903832912e-10,2.459917697070778e-10,2.4599534847789244e-10,2.459989266925396e-10,2.460025043574377e-10,2.4600608143950357e-10,2.460096579833587e-10,2.4601323397948773e-10,2.460168094206073e-10,2.460203843076407e-10,2.4602395863963723e-10,2.4602753241835003e-10,2.4603110564304446e-10,2.460346783202378e-10,2.460382504358174e-10,2.460418219968738e-10,2.4604539300663287e-10,2.4604896346295913e-10,2.4605253336597203e-10,2.460561027157961e-10,2.4605967151254494e-10,2.460632397563427e-10,2.460668074473007e-10,2.4607037458566e-10,2.4607394117144004e-10,2.460775072047701e-10,2.460810726858088e-10,2.460846376140865e-10,2.46088201990692e-10,2.4609176581491495e-10,2.4609532908708583e-10,2.4609889180790407e-10,2.461024539770432e-10,2.4610601559465205e-10,2.4610957666084545e-10,2.461131371757474e-10,2.461166971394726e-10,2.4612025655214065e-10,2.461238154138779e-10,2.461273737247918e-10,2.461309314850061e-10,2.461344886946367e-10,2.4613804535401936e-10,2.46141601463071e-10,2.461451570219233e-10,2.461487120312272e-10,2.4615226648998744e-10,2.4615582039874624e-10,2.4615937375823534e-10,2.461629265677313e-10,2.461664788282307e-10,2.4617003053862333e-10,2.461735816998025e-10,2.461771323108292e-10,2.4618068237294243e-10,2.4618423188622574e-10,2.4618778085078973e-10,2.461913292671865e-10,2.461948771350107e-10,2.461984244543788e-10,2.4620197122505627e-10,2.4620551744891173e-10,2.462090631252401e-10,2.462126082476624e-10,2.462161528321204e-10,2.4621969686320964e-10,2.4622324034666867e-10,2.462267832826094e-10,2.462303256711558e-10,2.46233867512444e-10,2.462374088097643e-10,2.462409495403407e-10,2.462444897302522e-10,2.462480293696142e-10,2.46251568480349e-10,2.462551070409887e-10,2.462586450559631e-10,2.462621825195628e-10,2.4626571943922343e-10,2.462692558147381e-10,2.462727916435854e-10,2.462763269269134e-10,2.46279861664203e-10,2.462833958558593e-10,2.462869295019939e-10,2.4629046260271715e-10,2.462939951582324e-10,2.4629752716865974e-10,2.463010586300933e-10,2.4630458955038013e-10,2.46308119917446e-10,2.4631164974820716e-10,2.4631517903543375e-10,2.4631870777585927e-10,2.4632223597326806e-10,2.4632576363328455e-10,2.4632929072441103e-10,2.463328172895634e-10,2.4633634331053804e-10,2.4633986878886587e-10,2.463433937227156e-10,2.463469181118206e-10,2.4635044195892223e-10,2.463539652596114e-10,2.4635748801383e-10,2.4636101023178766e-10,2.4636453190603055e-10,2.4636805303725444e-10,2.463715736259936e-10,2.4637509366505974e-10,2.463786131681588e-10,2.4638213212329194e-10,2.4638565053012824e-10,2.46389168406716e-10,2.4639268574089485e-10,2.463962025328225e-10,2.4639971878294393e-10,2.4640323449136926e-10,2.464067496582283e-10,2.46410264283626e-10,2.4641377836769044e-10,2.464172919105408e-10,2.4642080491382844e-10,2.464243173719946e-10,2.464278292916505e-10,2.464313406719311e-10,2.464348515121575e-10,2.4643836181132047e-10,2.464418715695455e-10,2.464453807875108e-10,2.46448889465318e-10,2.464523976030849e-10,2.4645590520093303e-10,2.46459412258969e-10,2.4646291877731453e-10,2.4646642475608726e-10,2.4646993019539803e-10,2.464734350953642e-10,2.464769394561006e-10,2.4648044327772557e-10,2.464839465603486e-10,2.464874493040931e-10,2.464909515090632e-10,2.464944531753913e-10,2.46497954303634e-10,2.465014548939612e-10,2.4650495494591637e-10,2.46508454459583e-10,2.4651195344187326e-10,2.465154518795277e-10,2.4651894977939514e-10,2.4652244714103824e-10,2.465259439643008e-10,2.4652944025112155e-10,2.4653293600056793e-10,2.4653643121269566e-10,2.465399258871076e-10,2.46543420025483e-10,2.465469136216711e-10,2.465504066863738e-10,2.465538992123056e-10,2.465573912015221e-10,2.465608826542155e-10,2.465643735677478e-10,2.4656786394546193e-10,2.46571353787353e-10,2.465748430934827e-10,2.465783318668525e-10,2.4658182010094983e-10,2.4658530780497255e-10,2.4658879497152956e-10,2.465922816059056e-10,2.465957677048687e-10,2.4659925326517245e-10,2.4660273829040597e-10,2.466062227806837e-10,2.466097067361193e-10,2.466131901568262e-10,2.4661667304291114e-10,2.4662015539449095e-10,2.466236372093808e-10,2.4662711847810885e-10,2.4663059922386557e-10,2.466340794391652e-10,2.466375591211325e-10,2.466410382681046e-10,2.4664451688347267e-10,2.466479949618618e-10,2.466514725087433e-10,2.4665494952535166e-10,2.4665842600485055e-10,2.4666190195308467e-10,2.4666537737011524e-10,2.466688522505688e-10,2.4667232659784153e-10,2.4667580041280327e-10,2.4667927368378193e-10,2.4668274643556833e-10,2.4668621865409553e-10,2.4668969034109446e-10,2.466931614945441e-10,2.4669663211669136e-10,2.467001022073055e-10,2.4670357176311083e-10,2.4670704078992033e-10,2.4671050928484923e-10,2.467139772485743e-10,2.467174446802531e-10,2.4672091158034487e-10,2.467243779496114e-10,2.467278437844949e-10,2.46731309085102e-10,2.467347738616626e-10,2.4673823810739146e-10,2.4674170182330614e-10,2.467451650084918e-10,2.4674862766566943e-10,2.4675208978918196e-10,2.4675555138508763e-10,2.467590124511512e-10,2.4676247298729446e-10,2.4676593299221966e-10,2.4676939247280106e-10,2.467728514185462e-10,2.467763098379993e-10,2.4677976771696544e-10,2.4678322507486206e-10,2.4678668190336935e-10,2.4679013820252597e-10,2.4679359397980767e-10,2.46797049222242e-10,2.468005039360309e-10,2.4680395812126043e-10,2.468074117780717e-10,2.468108648993248e-10,2.468143174999232e-10,2.4681776957038764e-10,2.4682122112112833e-10,2.468246721462299e-10,2.468281226444259e-10,2.4683157261211796e-10,2.4683502204607906e-10,2.4683847095317434e-10,2.4684191933252777e-10,2.4684536718474846e-10,2.4684881450994887e-10,2.4685226130818187e-10,2.4685570757973527e-10,2.46859153324538e-10,2.46862598542787e-10,2.4686604323226856e-10,2.4686948739734905e-10,2.4687293103528227e-10,2.468763741550403e-10,2.468798167450123e-10,2.4688325880617616e-10,2.468867003415627e-10,2.4689014135157695e-10,2.4689358183554866e-10,2.4689702179460216e-10,2.4690046122793864e-10,2.4690390013598534e-10,2.4690733851912907e-10,2.4691077637699947e-10,2.469142137106459e-10,2.4691765051669923e-10,2.469210868004797e-10,2.469245225597023e-10,2.469279577945285e-10,2.469313925050006e-10,2.4693482669105194e-10,2.469382603530029e-10,2.4694169349097e-10,2.4694512610506807e-10,2.4694855819539285e-10,2.4695198975656507e-10,2.469554207993587e-10,2.4695885131642924e-10,2.469622813154045e-10,2.4696571078912094e-10,2.4696913973938483e-10,2.469725681643517e-10,2.4697599606662257e-10,2.4697942344834166e-10,2.4698285030703196e-10,2.4698627663677003e-10,2.469897024497134e-10,2.4699312774123633e-10,2.4699655251085227e-10,2.469999767583745e-10,2.4700340048392467e-10,2.4700682368761693e-10,2.4701024636955406e-10,2.4701366852985347e-10,2.4701709016862527e-10,2.4702051128598155e-10,2.470239318820342e-10,2.4702735195689427e-10,2.470307715106681e-10,2.470341905434747e-10,2.4703760905542406e-10,2.4704102704662234e-10,2.47044444517181e-10,2.4704786146721484e-10,2.47051277896836e-10,2.470546938061564e-10,2.470581091952844e-10,2.4706152406432916e-10,2.470649384134062e-10,2.470683522426253e-10,2.470717655520973e-10,2.4707517834192817e-10,2.4707859061223537e-10,2.470820023631246e-10,2.47085413594715e-10,2.4708882430711114e-10,2.4709223450042665e-10,2.4709564417476977e-10,2.470990533302535e-10,2.4710246196698427e-10,2.4710587008508286e-10,2.471092776846473e-10,2.471126847657923e-10,2.4711609132863867e-10,2.4711949737328793e-10,2.471229028998493e-10,2.4712630790843764e-10,2.4712971239916375e-10,2.471331163721337e-10,2.471365198274652e-10,2.4713992276523857e-10,2.471433251855876e-10,2.4714672708862945e-10,2.4715012847446877e-10,2.471535293432171e-10,2.4715692969498266e-10,2.4716032952988526e-10,2.471637288480269e-10,2.4716712764951766e-10,2.4717052593447064e-10,2.471739237029936e-10,2.4717732095519976e-10,2.4718071769119505e-10,2.4718411391110507e-10,2.47187509615018e-10,2.471909048030531e-10,2.471942994753239e-10,2.471976936319368e-10,2.4720108727300315e-10,2.4720448039863187e-10,2.472078730089307e-10,2.472112651040133e-10,2.472146566839938e-10,2.472180477489779e-10,2.4722143829906525e-10,2.472248283343826e-10,2.472282178550268e-10,2.4723160686111714e-10,2.4723499535276115e-10,2.4723838333006943e-10,2.4724177079314367e-10,2.472451577421021e-10,2.472485441770509e-10,2.472519300980999e-10,2.4725531550536103e-10,2.472587003989385e-10,2.472620847789472e-10,2.472654686454971e-10,2.4726885199869507e-10,2.4727223483864823e-10,2.472756171654723e-10,2.472789989792749e-10,2.4728238028016153e-10,2.4728576106824277e-10,2.472891413436348e-10,2.472925211064385e-10,2.472959003567671e-10,2.472992790947339e-10,2.473026573204376e-10,2.473060350339948e-10,2.473094122355135e-10,2.473127889251035e-10,2.473161651028714e-10,2.4731954076892564e-10,2.473229159233817e-10,2.4732629056634594e-10,2.4732966469792514e-10,2.4733303831825906e-10,2.473364114274411e-10,2.473397840255549e-10,2.47343156112724e-10,2.4734652768905137e-10,2.473498987546534e-10,2.473532693096299e-10,2.4735663935410004e-10,2.47360008888161e-10,2.473633779126095e-10,2.4736674642619175e-10,2.473701144288139e-10,2.473734819239349e-10,2.4737684890709465e-10,2.473802153810213e-10,2.4738358134531156e-10,2.473869468026777e-10,2.473903117478725e-10,2.4739367618388017e-10,2.4739704011244796e-10,2.474004035299586e-10,2.474037664382277e-10,2.474071288376606e-10,2.4741049072825636e-10,2.474138521101159e-10,2.4741721298334045e-10,2.474205733480312e-10,2.474239332042741e-10,2.474272925530945e-10,2.4743065139331134e-10,2.474340097259933e-10,2.4743736755076835e-10,2.474407248677495e-10,2.4744408167703916e-10,2.4744743797878777e-10,2.4745079377335534e-10,2.474541490602226e-10,2.474575038398317e-10,2.474608581114637e-10,2.4746421187692914e-10,2.474675651353754e-10,2.4747091788702595e-10,2.4747427013197633e-10,2.474776218706588e-10,2.4748097310275374e-10,2.474843238281919e-10,2.474876740409702e-10,2.474910237578989e-10,2.474943729665438e-10,2.4749772166750264e-10,2.475010698625871e-10,2.475044175530235e-10,2.475077647368701e-10,2.475111114237351e-10,2.4751445758724854e-10,2.475178032572944e-10,2.475211484243662e-10,2.4752449308150667e-10,2.4752783723363446e-10,2.4753118088257825e-10,2.4753452402483566e-10,2.4753786666116924e-10,2.4754120879414424e-10,2.4754455042293027e-10,2.4754789154772725e-10,2.4755123216794535e-10,2.475545722840022e-10,2.475579118960012e-10,2.475612510039672e-10,2.4756458960779246e-10,2.475679277076568e-10,2.475712653075483e-10,2.475746024009387e-10,2.4757793899108503e-10,2.4758127507794536e-10,2.4758461066128163e-10,2.4758794574171343e-10,2.4759128031947616e-10,2.475946143932103e-10,2.475979479651845e-10,2.47601281034778e-10,2.4760461360264414e-10,2.4760794566796223e-10,2.47611277229942e-10,2.4761460828952356e-10,2.4761793884688287e-10,2.4762126890217927e-10,2.4762459845447345e-10,2.476279275064449e-10,2.476312560570338e-10,2.476345841060437e-10,2.476379116558973e-10,2.476412387024032e-10,2.4764456525038427e-10,2.4764789129424854e-10,2.4765121683794254e-10,2.4765454187983254e-10,2.476578664208986e-10,2.476611904608821e-10,2.476645140006962e-10,2.476678370371297e-10,2.4767115957598994e-10,2.4767448161455387e-10,2.4767780315296216e-10,2.476811241911074e-10,2.476844447294821e-10,2.476877647679477e-10,2.476910843067118e-10,2.476944033458342e-10,2.4769772188541506e-10,2.4770103992703095e-10,2.477043574666482e-10,2.4770767450853426e-10,2.47710991053235e-10,2.4771430709649657e-10,2.4771762264069443e-10,2.4772093768613956e-10,2.4772425223285573e-10,2.4772756628229894e-10,2.4773087983247186e-10,2.4773419288414055e-10,2.4773750543673716e-10,2.477408174919765e-10,2.477441290489573e-10,2.4774744010819354e-10,2.4775075067056376e-10,2.477540607344134e-10,2.4775737030054765e-10,2.4776067937110353e-10,2.477639879418819e-10,2.477672960133051e-10,2.4777060358774453e-10,2.477739106713946e-10,2.477772172539347e-10,2.477805233396745e-10,2.477838289284776e-10,2.4778713401988805e-10,2.4779043861578834e-10,2.4779374271487754e-10,2.4779704631760114e-10,2.478003494240945e-10,2.4780365203439673e-10,2.4780695414874226e-10,2.47810255767135e-10,2.4781355688969453e-10,2.47816857516446e-10,2.4782015764759777e-10,2.4782345728323104e-10,2.4782675643025135e-10,2.47830055075169e-10,2.4783335322458696e-10,2.478366508792088e-10,2.4783994803841643e-10,2.478432447033717e-10,2.478465408734487e-10,2.4784983654902905e-10,2.4785313173102346e-10,2.4785642641736546e-10,2.4785972060953937e-10,2.4786301431516957e-10,2.478663075189888e-10,2.478696002302263e-10,2.478728924457121e-10,2.4787618416777787e-10,2.478794753957058e-10,2.4788276612982877e-10,2.4788605636974793e-10,2.478893461168074e-10,2.4789263537060086e-10,2.4789592413146996e-10,2.478992123995152e-10,2.4790250017524676e-10,2.4790578746298974e-10,2.47909074252011e-10,2.479123605484257e-10,2.4791564635223697e-10,2.479189316627339e-10,2.479222164752876e-10,2.479255008020047e-10,2.4792878463658105e-10,2.47932067978788e-10,2.479353508296731e-10,2.479386331882487e-10,2.4794191505527135e-10,2.4794519643060283e-10,2.479484773147455e-10,2.479517577066965e-10,2.4795503760732483e-10,2.479583170184419e-10,2.479615959374751e-10,2.479648743649424e-10,2.479681523017648e-10,2.479714297475169e-10,2.4797470670380217e-10,2.4797798316862096e-10,2.479812591431874e-10,2.47984534627257e-10,2.479878096202372e-10,2.4799108412322904e-10,2.4799435813656973e-10,2.479976316602143e-10,2.4800090469361206e-10,2.4800417723736656e-10,2.4800744929145794e-10,2.480107208561068e-10,2.4801399193131085e-10,2.480172625171745e-10,2.480205326138108e-10,2.4802380222130845e-10,2.4802707133978955e-10,2.4803033996934617e-10,2.4803360811008604e-10,2.4803687574338173e-10,2.480401428904072e-10,2.480434095508889e-10,2.4804667573723724e-10,2.480499414352772e-10,2.4805320664511313e-10,2.480564713668579e-10,2.4805973560064244e-10,2.480629993464982e-10,2.4806626260624794e-10,2.4806952537672e-10,2.4807278764969525e-10,2.48076049434052e-10,2.48079310729204e-10,2.480825715336311e-10,2.480858318565491e-10,2.480890916904728e-10,2.480923510513399e-10,2.4809560992553724e-10,2.4809886829807567e-10,2.481021261769215e-10,2.4810538357652706e-10,2.481086405095156e-10,2.481118969561527e-10,2.4811515291657853e-10,2.4811840839096307e-10,2.481216633783945e-10,2.481249178770698e-10,2.481281718867886e-10,2.4813142541118646e-10,2.4813467844962284e-10,2.48137931005708e-10,2.48141183073195e-10,2.4814443464550233e-10,2.4814768573267543e-10,2.4815093634439e-10,2.481541864712875e-10,2.4815743611328946e-10,2.48160685270502e-10,2.481639339430174e-10,2.4816718213094943e-10,2.481704298343996e-10,2.481736770534638e-10,2.481769237882436e-10,2.4818017003900797e-10,2.481834158031822e-10,2.481866610787486e-10,2.4818990587539825e-10,2.4819315019010163e-10,2.481963940213714e-10,2.48199637368714e-10,2.482028802335471e-10,2.4820612260899817e-10,2.4820936450811485e-10,2.482126059225678e-10,2.4821584685402204e-10,2.4821908729403085e-10,2.4822232725924833e-10,2.4822556674180856e-10,2.4822880574295215e-10,2.4823204426060754e-10,2.482352822959028e-10,2.4823851984367583e-10,2.4824175691514596e-10,2.482449935088611e-10,2.482482296136365e-10,2.482514652382313e-10,2.4825470037867516e-10,2.482579350355054e-10,2.482611692156176e-10,2.4826440291190296e-10,2.4826763612956473e-10,2.482708688649069e-10,2.4827410112069307e-10,2.482773328938138e-10,2.4828056418576676e-10,2.4828379499677937e-10,2.4828702532703233e-10,2.4829025517866215e-10,2.482934845527932e-10,2.4829671344368393e-10,2.482999418521647e-10,2.4830316978053887e-10,2.4830639722841507e-10,2.483096241959144e-10,2.4831285068343417e-10,2.4831607669146686e-10,2.4831930221389924e-10,2.4832252726203675e-10,2.483257518305102e-10,2.483289759207942e-10,2.4833219952873663e-10,2.483354226599865e-10,2.483386453127305e-10,2.4834186748455074e-10,2.4834508917782044e-10,2.483483103913703e-10,2.483515311178233e-10,2.483547513751401e-10,2.4835797113696256e-10,2.483611904367105e-10,2.483644092583636e-10,2.483676276015375e-10,2.4837084546669637e-10,2.4837406283200915e-10,2.483772797413527e-10,2.483804961650195e-10,2.4838371212190414e-10,2.4838692759732113e-10,2.4839014258211336e-10,2.483933571035346e-10,2.483965711459952e-10,2.483997847173265e-10,2.4840299781566877e-10,2.4840621042854707e-10,2.484094225661501e-10,2.4841263422443435e-10,2.4841584540602543e-10,2.4841905611304393e-10,2.484222663465082e-10,2.4842547609915144e-10,2.484286853742322e-10,2.4843189417340953e-10,2.4843510249678524e-10,2.484383103440905e-10,2.484415177143961e-10,2.4844472461701535e-10,2.4844793103673543e-10,2.4845113698310265e-10,2.484543424516601e-10,2.484575474446705e-10,2.48460751960086e-10,2.484639560026663e-10,2.4846715956902245e-10,2.484703626618779e-10,2.4847356527495973e-10,2.4847676742307373e-10,2.4847996909001e-10,2.484831702833269e-10,2.484863710021167e-10,2.4848957124659203e-10,2.4849277101663767e-10,2.484959703124574e-10,2.484991691341575e-10,2.4850236748196133e-10,2.485055653558006e-10,2.485087627550773e-10,2.4851195968171356e-10,2.4851515613430493e-10,2.4851835211343843e-10,2.485215476190836e-10,2.4852474265154033e-10,2.4852793720754025e-10,2.4853113129346143e-10,2.4853432490678807e-10,2.4853751804222465e-10,2.485407107098173e-10,2.485439029045658e-10,2.485470946264542e-10,2.4855028587580933e-10,2.4855347665189877e-10,2.485566669565345e-10,2.485598567862746e-10,2.485630461465608e-10,2.48566235034828e-10,2.4856942345113747e-10,2.485726114017583e-10,2.4857579887402385e-10,2.4857898587276753e-10,2.4858217240276863e-10,2.4858535846104725e-10,2.485885440479738e-10,2.485917291636717e-10,2.485949138082836e-10,2.485980979821147e-10,2.4860128168396086e-10,2.486044649159758e-10,2.4860764767706866e-10,2.486108299683518e-10,2.4861401179304856e-10,2.4861719314290304e-10,2.486203740230392e-10,2.48623554432009e-10,2.4862673437085e-10,2.4862991383966974e-10,2.4863309283855776e-10,2.48636271367598e-10,2.486394494264073e-10,2.486426270142903e-10,2.486458041351366e-10,2.4864898078585593e-10,2.486521569674625e-10,2.486553326798849e-10,2.486585079229869e-10,2.486616826973323e-10,2.486648570026451e-10,2.486680308389103e-10,2.486712042066161e-10,2.486743771050398e-10,2.4867754953519533e-10,2.4868072149719367e-10,2.486838929906269e-10,2.4868706401597323e-10,2.4869023457316225e-10,2.4869340465968576e-10,2.4869657427238905e-10,2.4869974342604816e-10,2.4870291211210903e-10,2.487060803303541e-10,2.487092480811401e-10,2.487124153641049e-10,2.4871558217958974e-10,2.487187485279654e-10,2.4872191440917776e-10,2.4872507982334636e-10,2.4872824477055304e-10,2.4873140925098605e-10,2.4873457326462113e-10,2.4873773681148713e-10,2.487408998946542e-10,2.487440625088535e-10,2.4874722465640943e-10,2.4875038633769964e-10,2.487535475528259e-10,2.4875670830222426e-10,2.487598685856725e-10,2.4876302840404407e-10,2.487661877544144e-10,2.487693466388369e-10,2.4877250505933496e-10,2.4877566301612043e-10,2.4877882050015265e-10,2.4878197752398215e-10,2.487851340828583e-10,2.4878829017467367e-10,2.487914458015555e-10,2.4879460096361867e-10,2.487977556610018e-10,2.4880090989386505e-10,2.488040636468615e-10,2.4880721695224105e-10,2.4881036979328083e-10,2.488135221699258e-10,2.4881667408393444e-10,2.4881982553329887e-10,2.488229765159809e-10,2.4882612703462154e-10,2.488292770893627e-10,2.4883242668264455e-10,2.4883557581380735e-10,2.4883872447988863e-10,2.488418726825085e-10,2.488450204211871e-10,2.4884816769613014e-10,2.4885131450904405e-10,2.4885446086323994e-10,2.4885760675010106e-10,2.4886075217409864e-10,2.4886389713410307e-10,2.4886704163221624e-10,2.4887018566536624e-10,2.488733292407026e-10,2.4887647235096023e-10,2.4887961499985846e-10,2.4888275718679706e-10,2.488858989116883e-10,2.4888904017463263e-10,2.4889218097562427e-10,2.488953213078071e-10,2.4889846118467634e-10,2.4890160060288943e-10,2.4890473955901514e-10,2.489078780523162e-10,2.489110160843604e-10,2.489141536585593e-10,2.4891729076881566e-10,2.489204274176266e-10,2.4892356360521163e-10,2.4892669933430145e-10,2.489298345974922e-10,2.4893296940318617e-10,2.4893610374742727e-10,2.4893923763344376e-10,2.489423710581756e-10,2.4894550402271344e-10,2.489486365244646e-10,2.4895176856895787e-10,2.4895490015470486e-10,2.489580312791027e-10,2.4896116194425074e-10,2.489642921490352e-10,2.4896742189489594e-10,2.489705511813608e-10,2.489736800087347e-10,2.489768083763176e-10,2.4897993628514505e-10,2.489830637348761e-10,2.489861907240773e-10,2.489893172560956e-10,2.489924433262956e-10,2.4899556894907363e-10,2.4899869410512644e-10,2.490018188056646e-10,2.4900494304491744e-10,2.490080668259162e-10,2.490111901457602e-10,2.490143130051331e-10,2.490174354171615e-10,2.490205573660972e-10,2.490236788532256e-10,2.490267998850043e-10,2.4902992046090315e-10,2.4903304057682206e-10,2.4903616023844966e-10,2.4903927944199083e-10,2.490423981888419e-10,2.4904551647845063e-10,2.490486343111393e-10,2.4905175168668953e-10,2.4905486860297173e-10,2.490579850703874e-10,2.4906110107500005e-10,2.490642166302574e-10,2.4906733171303397e-10,2.490704463548738e-10,2.4907356054440213e-10,2.4907667426810347e-10,2.490797875352302e-10,2.490829003467292e-10,2.4908601270259156e-10,2.490891246037237e-10,2.490922360486322e-10,2.49095347037626e-10,2.4909845756930094e-10,2.491015676471145e-10,2.491046772675516e-10,2.4910778643533723e-10,2.491108951481015e-10,2.4911400340581346e-10,2.4911711120860653e-10,2.491202185568607e-10,2.4912332545159873e-10,2.4912643189878774e-10,2.4912953789299615e-10,2.4913264341820934e-10,2.49135748496668e-10,2.4913885312027104e-10,2.491419572904927e-10,2.491450610036284e-10,2.491481642609231e-10,2.4915126706445557e-10,2.4915436941434557e-10,2.4915747131315465e-10,2.491605727594286e-10,2.4916367374934916e-10,2.491667742873338e-10,2.491698743697853e-10,2.4917297398784644e-10,2.4917607316701853e-10,2.4917917189245796e-10,2.491822701656298e-10,2.491853679835136e-10,2.4918846534861235e-10,2.491915622610486e-10,2.491946587209445e-10,2.491977547283972e-10,2.4920085028529024e-10,2.492039453862522e-10,2.4920704004468973e-10,2.492101342456265e-10,2.492132279951173e-10,2.492163212888732e-10,2.4921941413330654e-10,2.4922250652924647e-10,2.4922559847346384e-10,2.4922868996376777e-10,2.492317809975405e-10,2.4923487158490996e-10,2.4923796173285345e-10,2.492410514180996e-10,2.4924414064902767e-10,2.4924722943315624e-10,2.492503177635517e-10,2.492534056453388e-10,2.4925649307733046e-10,2.492595800585631e-10,2.4926266658962215e-10,2.4926575267029463e-10,2.492688383007153e-10,2.492719234828712e-10,2.492750082132805e-10,2.492780924936028e-10,2.492811763242022e-10,2.4928425970512045e-10,2.4928734263739845e-10,2.4929042511888313e-10,2.492935071514419e-10,2.492965887341755e-10,2.4929966986716393e-10,2.4930275055170843e-10,2.493058307871762e-10,2.4930891057388467e-10,2.4931198991194173e-10,2.493150688008155e-10,2.493181472411756e-10,2.493212252317871e-10,2.493243027748541e-10,2.493273798709342e-10,2.493304565181721e-10,2.493335327218869e-10,2.493366084849891e-10,2.4933968378684857e-10,2.493427586407773e-10,2.493458330468218e-10,2.4934890700511264e-10,2.4935198051581856e-10,2.4935505357870544e-10,2.4935812619445876e-10,2.49361198363765e-10,2.493642700837303e-10,2.4936734135722707e-10,2.4937041218305243e-10,2.493734825627836e-10,2.4937655249560955e-10,2.4937962198161966e-10,2.493826910209274e-10,2.4938575961351313e-10,2.4938882775961333e-10,2.493918954594726e-10,2.4939496271279685e-10,2.493980295183236e-10,2.494010958747006e-10,2.4940416179103887e-10,2.4940722725987606e-10,2.494102922818501e-10,2.4941335686264755e-10,2.494164209943093e-10,2.494194846803861e-10,2.4942254792096853e-10,2.4942561071615154e-10,2.494286730662135e-10,2.4943173497116517e-10,2.49434796430717e-10,2.4943785744524327e-10,2.494409180133822e-10,2.49443978132952e-10,2.4944703781242683e-10,2.4945009704978893e-10,2.4945315582503785e-10,2.494562141713895e-10,2.4945927207337876e-10,2.494623295310887e-10,2.4946538654464614e-10,2.4946844312413306e-10,2.4947149924957914e-10,2.494745549311217e-10,2.4947761016972583e-10,2.4948066496325986e-10,2.494837193136608e-10,2.4948677322032297e-10,2.494898266836816e-10,2.494928797041889e-10,2.494959322753784e-10,2.494989844026185e-10,2.49502036090392e-10,2.4950508733806976e-10,2.4950813814439725e-10,2.4951118850764533e-10,2.4951423841668523e-10,2.4951728789273904e-10,2.4952033692512476e-10,2.495233855169525e-10,2.4952643366619526e-10,2.495294813750088e-10,2.495325286441032e-10,2.495355754677911e-10,2.495386218476837e-10,2.495416677867828e-10,2.4954471328607977e-10,2.495477583428167e-10,2.4955080295714404e-10,2.4955384712605957e-10,2.4955689085658695e-10,2.4955993414509564e-10,2.495629769913276e-10,2.4956601939990714e-10,2.4956906136833504e-10,2.495721028950515e-10,2.4957514398241654e-10,2.4957818462839946e-10,2.4958122483301794e-10,2.4958426459618056e-10,2.495873039177214e-10,2.495903427991321e-10,2.495933812437327e-10,2.4959641924025143e-10,2.4959945679181047e-10,2.496024939145799e-10,2.496055305959331e-10,2.4960856683667183e-10,2.496116026405178e-10,2.4961463800259945e-10,2.4961767295067125e-10,2.4962070743742173e-10,2.4962374147687947e-10,2.496267750820471e-10,2.4962980824741653e-10,2.4963284097471715e-10,2.4963587326266797e-10,2.496389051145998e-10,2.496419365248683e-10,2.4964496749566457e-10,2.4964799801565616e-10,2.4965102811157065e-10,2.4965405776038906e-10,2.4965708697838885e-10,2.49660115758965e-10,2.4966314410446686e-10,2.496661720083385e-10,2.496691994796932e-10,2.496722265069262e-10,2.4967525309670747e-10,2.496782792476176e-10,2.496813049619489e-10,2.496843302238119e-10,2.496873550633242e-10,2.496903794586887e-10,2.496934034236453e-10,2.496964269517114e-10,2.496994500414032e-10,2.4970247269240503e-10,2.497054949091699e-10,2.4970851669197055e-10,2.497115380317309e-10,2.4971455894062075e-10,2.497175794182043e-10,2.4972059945214213e-10,2.497236190491066e-10,2.497266382104915e-10,2.497296569355026e-10,2.4973267523033144e-10,2.497356930837163e-10,2.4973871050304674e-10,2.4974172748209226e-10,2.497447440309974e-10,2.497477601420406e-10,2.4975077581436074e-10,2.497537910492935e-10,2.4975680585354064e-10,2.4975982021747493e-10,2.4976283415092747e-10,2.497658476482545e-10,2.497688607132202e-10,2.497718733416184e-10,2.497748855357486e-10,2.497778972954242e-10,2.497809086205355e-10,2.4978391951117227e-10,2.4978692997167733e-10,2.497899399975356e-10,2.497929495840027e-10,2.4979595873588056e-10,2.497989674531734e-10,2.498019757418601e-10,2.4980498359242783e-10,2.498079910103292e-10,2.498109979942553e-10,2.498140045498208e-10,2.498170106653573e-10,2.498200163479257e-10,2.4982302159740005e-10,2.498260264183873e-10,2.4982903080257894e-10,2.4983203475378134e-10,2.4983503827517934e-10,2.4983804136111954e-10,2.4984104401446904e-10,2.498440462331975e-10,2.4984704802350167e-10,2.498500493785216e-10,2.498530503011233e-10,2.4985605079140426e-10,2.4985905084852654e-10,2.49862050473548e-10,2.4986504966769297e-10,2.498680484295537e-10,2.4987104675982586e-10,2.498740446583533e-10,2.498770421264885e-10,2.4988003916465293e-10,2.4988303576922275e-10,2.4988603193190596e-10,2.4988902767276304e-10,2.4989202298276134e-10,2.498950178612182e-10,2.4989801230907283e-10,2.4990100632589966e-10,2.4990399991156624e-10,2.499069930667827e-10,2.4990998581062615e-10,2.4991297810395046e-10,2.49915969971391e-10,2.4991896140452215e-10,2.4992195240689913e-10,2.49924942979542e-10,2.499279331219791e-10,2.4993092283438607e-10,2.4993391211708004e-10,2.4993690096920805e-10,2.4993988940575835e-10,2.4994287739741214e-10,2.499458649651179e-10,2.4994885209941277e-10,2.4995183880627346e-10,2.4995482508309043e-10,2.499578109276102e-10,2.4996079634343733e-10,2.4996378133086885e-10,2.4996676589134065e-10,2.499697500249995e-10,2.499727337283577e-10,2.499757170071451e-10,2.499786998521717e-10,2.4998168226778264e-10,2.499846642557753e-10,2.499876458156639e-10,2.499906269468158e-10,2.499936076497355e-10,2.4999658792506197e-10,2.499995677725172e-10,2.5000254719752537e-10,2.5000552619459684e-10,2.5000850476387825e-10,2.500114829055509e-10,2.5001446061980495e-10,2.500174379068443e-10,2.5002041476686775e-10,2.5002339120000465e-10,2.500263671988644e-10,2.500293427709989e-10,2.500323179166555e-10,2.500352926355588e-10,2.5003826692891123e-10,2.5004124079385194e-10,2.5004421423057816e-10,2.500471872425558e-10,2.5005015982766283e-10,2.50053131987641e-10,2.500561037211366e-10,2.5005907502924893e-10,2.5006204590948935e-10,2.5006501636380434e-10,2.5006798639205446e-10,2.5007095599981523e-10,2.500739251769059e-10,2.500768939279721e-10,2.50079862253524e-10,2.5008283015392153e-10,2.5008579762885055e-10,2.5008876467829973e-10,2.50091731302556e-10,2.500946975017847e-10,2.500976632757889e-10,2.50100628623487e-10,2.5010359354986676e-10,2.501065580508021e-10,2.501095221261202e-10,2.5011248577640696e-10,2.5011544900906927e-10,2.5011841181615115e-10,2.501213741933865e-10,2.501243361463885e-10,2.5012729767526954e-10,2.501302587801063e-10,2.5013321946099434e-10,2.501361797180326e-10,2.501391395512955e-10,2.5014209896088307e-10,2.501450579468814e-10,2.501480165093861e-10,2.5015097464848356e-10,2.501539323642623e-10,2.5015688965681015e-10,2.5015984652622617e-10,2.501628029725924e-10,2.501657589960053e-10,2.501687145965681e-10,2.501716697753923e-10,2.50174624532776e-10,2.501775788662154e-10,2.501805327767301e-10,2.5018348626467925e-10,2.5018643933019986e-10,2.5018939196592817e-10,2.5019234418691035e-10,2.5019529598604815e-10,2.501982473627624e-10,2.502011983175575e-10,2.5020414885052894e-10,2.5020709895186767e-10,2.5021004863410537e-10,2.502129978877995e-10,2.5021594671721193e-10,2.502188951389101e-10,2.5022184314193597e-10,2.5022479072423564e-10,2.5022773788780313e-10,2.5023068463022155e-10,2.502336309498156e-10,2.5023657684856183e-10,2.5023952233552005e-10,2.5024246738112126e-10,2.502454120220587e-10,2.5024835622910354e-10,2.5025130002346276e-10,2.5025424339719004e-10,2.502571863598098e-10,2.5026012888995374e-10,2.5026307099928107e-10,2.502660126950582e-10,2.5026895397041817e-10,2.5027189482483124e-10,2.5027483528660256e-10,2.502777753025273e-10,2.502807149235885e-10,2.5028365411106703e-10,2.5028659287046834e-10,2.5028953120817074e-10,2.5029246912598723e-10,2.5029540662608463e-10,2.502983437066555e-10,2.5030128036899764e-10,2.5030421661205e-10,2.5030715243728975e-10,2.503100878438535e-10,2.5031302284290065e-10,2.503159574101562e-10,2.503188915563588e-10,2.5032182529582965e-10,2.503247586115463e-10,2.503276915089611e-10,2.5033062398810856e-10,2.5033355604778236e-10,2.50336487688968e-10,2.503394189128668e-10,2.503423497057681e-10,2.503452800955566e-10,2.503482100674828e-10,2.5035113961167306e-10,2.5035406874798274e-10,2.503569974669699e-10,2.503599257687328e-10,2.503628536541626e-10,2.5036578112222777e-10,2.503687081732895e-10,2.5037163480743874e-10,2.5037456102426434e-10,2.5037748681724015e-10,2.5038041219369693e-10,2.5038333715371784e-10,2.503862616973895e-10,2.503891858248197e-10,2.5039210953606256e-10,2.5039503283123257e-10,2.503979557104073e-10,2.50400878173684e-10,2.5040380022113325e-10,2.5040672185285695e-10,2.5040964306893713e-10,2.504125638694618e-10,2.5041548425452074e-10,2.5041840422420114e-10,2.504213237785883e-10,2.504242429177665e-10,2.5042716164183316e-10,2.5043007995086896e-10,2.504329978449603e-10,2.5043591532419686e-10,2.5043883238866597e-10,2.504417490384504e-10,2.504446652736498e-10,2.504475810943379e-10,2.5045049650060017e-10,2.504534114925355e-10,2.5045632607021796e-10,2.504592402387605e-10,2.5046215399318224e-10,2.50465067333565e-10,2.5046798026000154e-10,2.504708927725769e-10,2.5047380487136923e-10,2.5047671655647215e-10,2.504796278279735e-10,2.5048253868595565e-10,2.5048544913050613e-10,2.504883591617082e-10,2.504912687796515e-10,2.504941779844262e-10,2.504970867761086e-10,2.5049999515479133e-10,2.505029031205604e-10,2.5050581067349417e-10,2.5050871781368516e-10,2.505116245412239e-10,2.5051453085618944e-10,2.5051743675866625e-10,2.5052034224874503e-10,2.5052324732817775e-10,2.50526151995376e-10,2.5052905625096715e-10,2.505319600981306e-10,2.5053486352983103e-10,2.5053776654804454e-10,2.5054066915445224e-10,2.505435713491423e-10,2.505464731322028e-10,2.5054937450371297e-10,2.505522754637587e-10,2.5055517601242913e-10,2.5055807614980506e-10,2.505609758759674e-10,2.5056387519100154e-10,2.505667740949891e-10,2.505696725831212e-10,2.505725706596679e-10,2.5057546832441013e-10,2.5057836557687155e-10,2.5058126241582084e-10,2.5058415883620454e-10,2.505870548548825e-10,2.505899504597897e-10,2.5059284565904537e-10,2.505957404502856e-10,2.505986348381738e-10,2.506015288189842e-10,2.506044223892521e-10,2.5060731554589796e-10,2.506102082932991e-10,2.506131006314826e-10,2.5061599255593953e-10,2.506188840713972e-10,2.506217751824373e-10,2.5062466588781994e-10,2.5062755618032367e-10,2.506304460589716e-10,2.5063333552814036e-10,2.506362245880424e-10,2.506391132431935e-10,2.5064200148923503e-10,2.5064488932624494e-10,2.5064777675612685e-10,2.5065066376872757e-10,2.506535503618147e-10,2.506564365510572e-10,2.5065932233981784e-10,2.506622077229361e-10,2.5066509270358624e-10,2.506679772762944e-10,2.506708614411444e-10,2.506737451982095e-10,2.506766285475825e-10,2.5067951148932747e-10,2.5068239402438315e-10,2.5068527615198743e-10,2.5068815787235396e-10,2.5069103918289416e-10,2.5069392007800027e-10,2.5069680057533864e-10,2.506996806671935e-10,2.5070256035202703e-10,2.507054396280849e-10,2.5070831849734237e-10,2.5071119695989274e-10,2.5071407501581555e-10,2.507169526652148e-10,2.5071982990814527e-10,2.507227067447092e-10,2.5072558317498785e-10,2.5072845919906985e-10,2.507313348170274e-10,2.5073421002895433e-10,2.507370848349317e-10,2.507399592350496e-10,2.5074283322937985e-10,2.5074570681801744e-10,2.507485800010495e-10,2.507514527785461e-10,2.507543251463218e-10,2.507571971087133e-10,2.50760068665819e-10,2.507629398177067e-10,2.5076581056448796e-10,2.5076868091263206e-10,2.507715508558394e-10,2.507744203941928e-10,2.507772895277719e-10,2.507801582566726e-10,2.50783026580971e-10,2.507858945007526e-10,2.5078876201611665e-10,2.507916291271301e-10,2.50794495833895e-10,2.507973621364877e-10,2.5080022803495655e-10,2.508030935291052e-10,2.5080595861911226e-10,2.508088233058635e-10,2.508116875875438e-10,2.508145514665832e-10,2.508174149420697e-10,2.5082027801386426e-10,2.508231406819568e-10,2.5082600294670724e-10,2.508288648082249e-10,2.5083172626663436e-10,2.5083458732410936e-10,2.508374479689482e-10,2.5084030820978167e-10,2.508431680456528e-10,2.5084602747123904e-10,2.508488865025303e-10,2.508517451296042e-10,2.5085460335369004e-10,2.508574611780698e-10,2.508603186013621e-10,2.5086317562313225e-10,2.5086603225234537e-10,2.508688884785303e-10,2.508717443097432e-10,2.508745997376478e-10,2.5087745474643606e-10,2.508803093535166e-10,2.508831635589972e-10,2.508860173629046e-10,2.5088887076535453e-10,2.508917237707383e-10,2.508945763747485e-10,2.5089742856389866e-10,2.509002803473265e-10,2.509031317524988e-10,2.509059827589594e-10,2.5090883336413856e-10,2.5091168356292865e-10,2.5091453336497454e-10,2.509173827755998e-10,2.5092023178806457e-10,2.5092308037250793e-10,2.509259285730168e-10,2.5092877637402176e-10,2.509316237675061e-10,2.5093447076082603e-10,2.509373173613819e-10,2.509401635608242e-10,2.509430093604385e-10,2.509458547602145e-10,2.509486997602415e-10,2.509515443606721e-10,2.5095438856061977e-10,2.509572323660345e-10,2.5096007577697597e-10,2.509629187863478e-10,2.509657613931782e-10,2.509686035967039e-10,2.509714454034365e-10,2.5097428681101576e-10,2.50977127817624e-10,2.5097996842480623e-10,2.509828086338042e-10,2.5098564844406224e-10,2.5098848785562e-10,2.5099132686846885e-10,2.5099416548238043e-10,2.5099700369534774e-10,2.509998415137741e-10,2.5100267893381714e-10,2.510055159533097e-10,2.510083525773421e-10,2.5101118879874026e-10,2.510140246261413e-10,2.510168600563345e-10,2.5101969508908313e-10,2.5102252972568093e-10,2.510253639675241e-10,2.5102819780732427e-10,2.5103103124963793e-10,2.510338642968088e-10,2.510366969461653e-10,2.5103952919866694e-10,2.510423610545577e-10,2.510451925131453e-10,2.5104802357525343e-10,2.510508542398951e-10,2.5105368450842445e-10,2.510565143808876e-10,2.5105934385822816e-10,2.5106217293699163e-10,2.510650016188024e-10,2.510678299094798e-10,2.510706577987405e-10,2.5107348529186417e-10,2.5107631238907233e-10,2.5107913909033663e-10,2.510819653957546e-10,2.5108479130537446e-10,2.510876168240864e-10,2.5109044194283995e-10,2.5109326667584417e-10,2.510960910074735e-10,2.510989149453088e-10,2.511017384830515e-10,2.5110456162474287e-10,2.5110738437123573e-10,2.511102067243336e-10,2.5111302868202e-10,2.511158502437638e-10,2.5111867141068346e-10,2.511214921838404e-10,2.5112431256315497e-10,2.511271325482445e-10,2.5112995213949937e-10,2.5113277133362166e-10,2.5113559013343946e-10,2.51138408540217e-10,2.511412265529521e-10,2.5114404417172896e-10,2.511468613966474e-10,2.5114967822781065e-10,2.511524946653197e-10,2.511553107092961e-10,2.5115812635664234e-10,2.5116094161023806e-10,2.5116375647008076e-10,2.51166570936138e-10,2.511693850082223e-10,2.511721986897148e-10,2.5117501198010356e-10,2.511778248765626e-10,2.511806373785876e-10,2.51183449486997e-10,2.511862612032767e-10,2.511890725267515e-10,2.5119188345747965e-10,2.5119469399541966e-10,2.511975041402165e-10,2.5120031389564396e-10,2.512031232572439e-10,2.512059322265662e-10,2.512087408038135e-10,2.5121154898825314e-10,2.512143567813971e-10,2.5121716418265283e-10,2.512199711919072e-10,2.5122277781403116e-10,2.51225584039821e-10,2.512283898732614e-10,2.51231195316102e-10,2.5123400035904545e-10,2.5123680502133525e-10,2.512396092936799e-10,2.512424131735814e-10,2.5124521666004584e-10,2.5124801975552093e-10,2.5125082246005393e-10,2.512536247737291e-10,2.512564266966261e-10,2.5125922822939524e-10,2.5126202937072226e-10,2.512648301223029e-10,2.512676304826512e-10,2.512704304516004e-10,2.512732300408992e-10,2.5127602924371464e-10,2.5127882805120714e-10,2.5128162646205314e-10,2.5128442448239287e-10,2.5128722211260025e-10,2.512900193526208e-10,2.5129281620281945e-10,2.5129561266979547e-10,2.512984087405341e-10,2.5130120442158423e-10,2.513039997136031e-10,2.5130679462699037e-10,2.5130958915632206e-10,2.513123832834636e-10,2.5131517701869513e-10,2.513179703510665e-10,2.5132076330839664e-10,2.5132355587711196e-10,2.513263480344612e-10,2.5132913982640725e-10,2.513319312312199e-10,2.513347222464673e-10,2.513375128703204e-10,2.5134030310848723e-10,2.513430929693167e-10,2.5134588243098e-10,2.513486715016741e-10,2.513514601871763e-10,2.513542484848987e-10,2.5135703639221184e-10,2.5135982391404017e-10,2.5136261105211624e-10,2.513653978027531e-10,2.5136818416162677e-10,2.513709701327966e-10,2.5137375571691083e-10,2.513765409137355e-10,2.513793257233843e-10,2.5138211014490654e-10,2.513848941803192e-10,2.513876778263672e-10,2.5139046108777624e-10,2.51393243963075e-10,2.5139602645539095e-10,2.513988085599498e-10,2.5140159028657257e-10,2.514043716165262e-10,2.514071525526239e-10,2.514099331028837e-10,2.5141271327060673e-10,2.5141549305310086e-10,2.5141827244365024e-10,2.5142105145084033e-10,2.514238300760407e-10,2.5142660831469397e-10,2.514293861804052e-10,2.51432163653619e-10,2.514349407337131e-10,2.514377174283903e-10,2.514404937379978e-10,2.5144326966297017e-10,2.514460452036357e-10,2.5144882035937757e-10,2.514515951346972e-10,2.5145436951216726e-10,2.5145714350997136e-10,2.5145991712165e-10,2.514626903504711e-10,2.5146546319539364e-10,2.5146823565644847e-10,2.5147100773306326e-10,2.514737794249035e-10,2.514765507329538e-10,2.5147932165613565e-10,2.5148209220174753e-10,2.5148486235751074e-10,2.514876321274612e-10,2.514904015122579e-10,2.51493170515027e-10,2.514959391270791e-10,2.514987073764358e-10,2.515014752244048e-10,2.515042426906781e-10,2.5150700977086597e-10,2.5150977647177385e-10,2.515125427896778e-10,2.5151530872130737e-10,2.515180742721869e-10,2.5152083944007384e-10,2.5152360422520464e-10,2.51526368627382e-10,2.515291326462605e-10,2.515318962823783e-10,2.5153465953677026e-10,2.5153742240998056e-10,2.5154018489572865e-10,2.5154294700307243e-10,2.515457087264814e-10,2.515484700678519e-10,2.515512310286008e-10,2.5155399160553334e-10,2.5155675180049913e-10,2.515595116130195e-10,2.515622710436099e-10,2.5156503009119535e-10,2.515677887581603e-10,2.5157054704342763e-10,2.5157330494705577e-10,2.5157606246915465e-10,2.515788196097985e-10,2.5158157636906886e-10,2.515843327470405e-10,2.515870887434451e-10,2.5158984435897963e-10,2.515925995983333e-10,2.515953544511822e-10,2.515981089224437e-10,2.516008630142287e-10,2.5160361672101297e-10,2.516063700518426e-10,2.5160912300195986e-10,2.5161187557155073e-10,2.5161462776067564e-10,2.516173795693953e-10,2.5162013099770386e-10,2.516228820256035e-10,2.5162563269366094e-10,2.516283829757153e-10,2.516311328781814e-10,2.51633882405686e-10,2.5163663155418324e-10,2.5163938031952943e-10,2.5164212870663606e-10,2.516448767159673e-10,2.5164762434549584e-10,2.516503715961214e-10,2.516531184672612e-10,2.516558649591813e-10,2.5165861107233756e-10,2.5166135680570687e-10,2.5166410216004626e-10,2.516668471344831e-10,2.516695917305264e-10,2.51672335956546e-10,2.5167507979767773e-10,2.516778232604416e-10,2.5168056633435895e-10,2.5168330903813904e-10,2.516860513642183e-10,2.51688793311425e-10,2.5169153488045953e-10,2.5169427607304806e-10,2.51697016885602e-10,2.5169975732027637e-10,2.5170249737698225e-10,2.517052370565034e-10,2.5170797635184233e-10,2.517107152774848e-10,2.517134538243726e-10,2.517161919879413e-10,2.5171892977256946e-10,2.517216671884565e-10,2.5172440422658e-10,2.517271408843193e-10,2.5172987716480185e-10,2.517326130704548e-10,2.517353486055792e-10,2.5173808375714764e-10,2.517408185318907e-10,2.5174355293237233e-10,2.5174628695046803e-10,2.517490205961791e-10,2.5175175386228187e-10,2.5175448676049223e-10,2.517572192742547e-10,2.5175995141121386e-10,2.517626831735326e-10,2.517654145613489e-10,2.517681455726692e-10,2.517708762078324e-10,2.517736064586957e-10,2.517763363350797e-10,2.517790658382013e-10,2.517817949696325e-10,2.5178452372332316e-10,2.5178725210259786e-10,2.5178998012224735e-10,2.517927077631421e-10,2.5179543501938346e-10,2.517981619001055e-10,2.5180088840502996e-10,2.5180361453466936e-10,2.518063402887256e-10,2.518090656675342e-10,2.518117906702872e-10,2.518145152980968e-10,2.5181723955151733e-10,2.5181996343191264e-10,2.518226869357429e-10,2.518254100676919e-10,2.518281328233119e-10,2.518308551907735e-10,2.518335771938215e-10,2.51836298823198e-10,2.5183902008376756e-10,2.5184174097154806e-10,2.518444614850419e-10,2.5184718163011296e-10,2.518499013929051e-10,2.518526207818459e-10,2.518553398009848e-10,2.5185805844631993e-10,2.518607767180661e-10,2.518634946166784e-10,2.518662121419958e-10,2.518689292919015e-10,2.5187164607963734e-10,2.518743624879188e-10,2.5187707851812577e-10,2.5187979417680963e-10,2.5188250946585316e-10,2.5188522438094943e-10,2.518879389220488e-10,2.5189065309502085e-10,2.5189336688966846e-10,2.518960803147176e-10,2.5189879336681764e-10,2.519015060471346e-10,2.5190421835759744e-10,2.5190693029379675e-10,2.519096418579573e-10,2.519123530526698e-10,2.519150638732317e-10,2.519177743242126e-10,2.519204844114591e-10,2.519231941169574e-10,2.519259034514652e-10,2.519286124121714e-10,2.5193132099944843e-10,2.519340292191341e-10,2.5193673706795783e-10,2.519394445486916e-10,2.5194215166790375e-10,2.519448584029645e-10,2.519475647680302e-10,2.5195027076309056e-10,2.5195297638413394e-10,2.5195568163199846e-10,2.519583865127284e-10,2.519610910237906e-10,2.5196379516082643e-10,2.5196649892681006e-10,2.519692023321972e-10,2.5197190536405125e-10,2.5197460802371334e-10,2.5197731031652754e-10,2.519800122360337e-10,2.5198271378551325e-10,2.5198541496091005e-10,2.5198811577150283e-10,2.519908162118435e-10,2.519935162921736e-10,2.519962159942818e-10,2.519989153215371e-10,2.520016142880422e-10,2.5200431287815155e-10,2.5200701110204085e-10,2.520097089564703e-10,2.520124064422876e-10,2.5201510355864056e-10,2.520178003060157e-10,2.5202049668462426e-10,2.5202319268030105e-10,2.5202588831801167e-10,2.52028583590521e-10,2.5203127850057733e-10,2.520339730360945e-10,2.5203666720115255e-10,2.520393610103946e-10,2.5204205444150657e-10,2.520447475038402e-10,2.520474401953763e-10,2.5205013252220173e-10,2.520528244648206e-10,2.520555160538497e-10,2.5205820727709285e-10,2.520608981299346e-10,2.520635886176347e-10,2.520662787371433e-10,2.520689684893982e-10,2.5207165787441217e-10,2.520743468927199e-10,2.520770355533013e-10,2.5207972383565053e-10,2.5208241174923373e-10,2.5208509929837216e-10,2.5208778648074337e-10,2.5209047329604573e-10,2.5209315974496705e-10,2.5209584582965454e-10,2.520985315464645e-10,2.5210121689509733e-10,2.521039018773577e-10,2.5210658649389124e-10,2.52109270744509e-10,2.5211195462760447e-10,2.5211463814462113e-10,2.5211732129344165e-10,2.521200040780711e-10,2.5212268649466354e-10,2.5212536854772705e-10,2.5212805023496457e-10,2.521307315552396e-10,2.521334125096097e-10,2.521360930936938e-10,2.5213877331843455e-10,2.5214145317647816e-10,2.521441326594538e-10,2.521468117883925e-10,2.52149490562001e-10,2.521521689583135e-10,2.521548469917161e-10,2.5215752466124676e-10,2.521602019640622e-10,2.5216287890099367e-10,2.521655554675743e-10,2.521682316765354e-10,2.5217090752099434e-10,2.5217358300061136e-10,2.52176258112924e-10,2.5217893285280794e-10,2.5218160723915276e-10,2.52184281262024e-10,2.5218695492048294e-10,2.521896282166815e-10,2.521923011473842e-10,2.521949737207101e-10,2.521976459228553e-10,2.522003177620278e-10,2.52202989237504e-10,2.522056603489599e-10,2.5220833109365354e-10,2.5221100147784984e-10,2.5221367149900085e-10,2.5221634115007317e-10,2.522190104446216e-10,2.5222167937639414e-10,2.522243479450849e-10,2.5222701613203607e-10,2.5222968397498323e-10,2.5223235145363385e-10,2.522350185705924e-10,2.522376853246407e-10,2.522403517144281e-10,2.522430177435417e-10,2.5224568340998065e-10,2.5224834871469923e-10,2.522510136573391e-10,2.522536782383105e-10,2.52256342456381e-10,2.5225900631848234e-10,2.522616698121672e-10,2.522643329434747e-10,2.522669957053627e-10,2.52269658107732e-10,2.522723201542086e-10,2.522749818390568e-10,2.5227764316245315e-10,2.5228030412456885e-10,2.5228296473024416e-10,2.522856249679263e-10,2.52288284844027e-10,2.522909443660146e-10,2.522936035194727e-10,2.522962623134086e-10,2.522989207461754e-10,2.5230157881904717e-10,2.5230423652876697e-10,2.523068938792945e-10,2.523095508708272e-10,2.523122074997204e-10,2.523148637545751e-10,2.5231751965965465e-10,2.5232017520743515e-10,2.523228304009788e-10,2.523254852292965e-10,2.52328139689521e-10,2.52330793796869e-10,2.5233344754447735e-10,2.5233610093114985e-10,2.5233875395710786e-10,2.523414066243391e-10,2.5234405893149934e-10,2.523467108795551e-10,2.523493624679505e-10,2.5235201367711103e-10,2.5235466454665613e-10,2.5235731505748784e-10,2.523599652158753e-10,2.523626150073654e-10,2.523652644396241e-10,2.523679135127362e-10,2.5237056222666473e-10,2.52373210582012e-10,2.5237585857852923e-10,2.5237850621628986e-10
15,4.169001784606005e-62,2.0070932229463516e-61,5.6721895242391515e-61,1.2414421749912085e-60,2.32847524216214e-60,3.9355830060104543e-60,6.170703611862685e-60,9.141636728856614e-60,1.295563373014766e-59,1.7719222168444747e-59,2.3538163360230785e-59,3.051748215688303e-59,3.876153254711739e-59,4.83740777547084e-59,5.945837267484262e-59,7.21172420745196e-59,8.645315133707802e-59,1.0256826853861096e-58,1.2056451774247172e-58,1.405436240495747e-58,1.6260715121863878e-58,1.8685653278220123e-58,2.1339309758467876e-58,2.423180906081505e-58,2.7373268986366225e-58,3.077380200280491e-58,3.4443516340920294e-58,3.839251687320642e-58,4.263090581573662e-58,4.716878328712486e-58,5.201624775279149e-58,5.718339637711738e-58,6.268032530206229e-58,6.851712986723719e-58,7.470390478332186e-58,8.125074426861677e-58,8.816774215636185e-58,9.546499197896222e-58,1.0315258703401784e-57,1.1124062043602438e-57,1.1973918515680728e-57,1.286583740571351e-57,1.3800827991135752e-57,1.4779899542666024e-57,1.5804061325803973e-57,1.687432260199873e-57,1.7991692629555977e-57,1.915718066434396e-57,2.0371795960342207e-57,2.163654777006647e-57,2.2952445344900342e-57,2.4320497935350555e-57,2.574171479124605e-57,2.7217105161891455e-57,2.8747678296186544e-57,3.033444344271778e-57,3.197840984982908e-57,3.3680586765681984e-57,3.544198343828941e-57,3.726360911555533e-57,3.914647304529794e-57,4.1091584475269284e-57,4.3099952653171097e-57,4.517258682666533e-57,4.731049624338412e-57,4.9514690150936296e-57,5.178617779691285e-57,5.412596842889106e-57,5.65350712944375e-57,5.90144956411108e-57,6.156525071646321e-57,6.418834576804201e-57,6.688479004339146e-57,6.965559279005188e-57,7.250176325556223e-57,7.542431068745956e-57,7.842424433327984e-57,8.150257344055765e-57,8.466030725682703e-57,8.789845502962148e-57,9.121802600647374e-57,9.462002943491723e-57,9.810547456248393e-57,1.0167537063670863e-56,1.0533072690511808e-56,1.0907255261524697e-56,1.1290185701462562e-56,1.1681964935078869e-56,1.2082693887126659e-56,1.249247348235908e-56,1.2911404645529291e-56,1.333958830139048e-56,1.3777125374695775e-56,1.422411679019835e-56,1.4680663472651352e-56,1.5146866346807948e-56,1.56228263374213e-56,1.6108644369244556e-56,1.660442136703087e-56,1.7110258255533408e-56,1.7626255959505411e-56,1.8152515403700047e-56,1.8689137512870164e-56,1.9236223211769112e-56,1.9793873425150046e-56,2.0362189077766133e-56,2.094127109437051e-56,2.153122039971635e-56,2.213213791855683e-56,2.2744124575645034e-56,2.3367281295734143e-56,2.4001709003577336e-56,2.4647508623927752e-56,2.5304781081538554e-56,2.597362730116294e-56,2.6654148207553958e-56,2.734644472546481e-56,2.805061777964864e-56,2.8766768294858592e-56,2.9494997195847885e-56,3.0235405407369616e-56,3.0988093854176953e-56,3.175316346102307e-56,3.2530715152661123e-56,3.3320849853844236e-56,3.412366848932558e-56,3.4939271983858285e-56,3.576776126219541e-56,3.6609237249090227e-56,3.746380086929611e-56,3.8331553047566005e-56,3.921259470865297e-56,4.010702677731024e-56,4.101495017829042e-56,4.193646583634764e-56,4.287167467623474e-56,4.382067762270422e-56,4.478357560051034e-56,4.576046953440567e-56,4.6751460349143385e-56,4.775664896947662e-56,4.877613632015855e-56,4.981002332594234e-56,5.08584109115811e-56,5.192140000182804e-56,5.29990915214363e-56,5.409158639515905e-56,5.51989855477494e-56,5.632138990396055e-56,5.745890038854564e-56,5.861161792625781e-56,5.977964344185021e-56,6.096307786007598e-56,6.21620221056883e-56,6.337657710344029e-56,6.460684377808517e-56,6.585292305437603e-56,6.711491585706601e-56,6.8392923110908305e-56,6.968704574065603e-56,7.099738467106241e-56,7.232404082688056e-56,7.366711513286367e-56,7.502670851376488e-56,7.64029218943373e-56,7.779585619933418e-56,7.920561235350854e-56,8.063229128161361e-56,8.207599390840251e-56,8.353682115862842e-56,8.501487395704448e-56,8.651025322840385e-56,8.80230598974597e-56,8.95533948889652e-56,9.110135912767335e-56,9.266705353833747e-56,9.425057904571078e-56,9.585203657454633e-56,9.747152704959722e-56,9.910915139561676e-56,1.0076501053735804e-55,1.0243920539957412e-55,1.0413183690701823e-55,1.0584300598444358e-55,1.0757281355660315e-55,1.093213605482502e-55,1.1108874788413785e-55,1.1287507648901928e-55,1.1468044728764763e-55,1.1650496120477607e-55,1.1834871916515773e-55,1.202118220935458e-55,1.220943709146934e-55,1.2399646655335368e-55,1.2591820993427978e-55,1.278597019822249e-55,1.2982104362194216e-55,1.3180233577818472e-55,1.3380367937570576e-55,1.3582517533925832e-55,1.378669245935957e-55,1.3992902806347114e-55,1.4201158667363763e-55,1.4411470134884832e-55,1.4623847301385637e-55,1.4838300259341497e-55,1.5054839101227696e-55,1.5273473919519616e-55,1.5494214806692526e-55,1.571707185522173e-55,1.5942055157582591e-55,1.6169174806250397e-55,1.6398440893700465e-55,1.662986351240811e-55,1.6863452754848648e-55,1.7099218713497422e-55,1.733717148082969e-55,1.757732114932083e-55,1.781967781144612e-55,1.8064251559680843e-55,1.8311052486500345e-55,1.856009068437995e-55,1.8811376245794952e-55,1.906491926322072e-55,1.9320729829132506e-55,1.9578818036005658e-55,1.9839193976315488e-55,2.0101867742537327e-55,2.036684942714646e-55,2.063414912261822e-55,2.090377692142793e-55,2.1175742916050884e-55,2.1450057198962403e-55,2.172672986263781e-55,2.200577099955242e-55,2.228719070218154e-55,2.25709990630005e-55,2.2857206174484592e-55,2.3145822129109144e-55,2.343685701934948e-55,2.373032093768091e-55,2.402622397657875e-55,2.432457622851831e-55,2.4625387785974913e-55,2.4928668741423875e-55,2.5234429187340504e-55,2.5542679216200136e-55,2.5853428920478044e-55,2.616668839264957e-55,2.648246772519003e-55,2.6800777010574673e-55,2.7121626341278947e-55,2.744502580977809e-55,2.777098550854745e-55,2.809951553006229e-55,2.843062596679797e-55,2.876432691122977e-55,2.9100628455833035e-55,2.9439540693083085e-55,2.978107371545519e-55,3.0125237615424733e-55,3.0472042485466994e-55,3.082149841805728e-55,3.1173615505670906e-55,3.1528403840783192e-55,3.188587351586946e-55,3.2246034623404998e-55,3.260889725586517e-55,3.297447150572526e-55,3.33427674654606e-55,3.371379522754647e-55,3.408756488445822e-55,3.446408652867117e-55,3.48433702526606e-55,3.522542614890185e-55,3.5610264309870214e-55,3.5997894828041036e-55,3.638832779588962e-55,3.678157330589127e-55,3.7177641450521304e-55,3.757654232225508e-55,3.7978286013567854e-55,3.8382882616934975e-55,3.879034222483187e-55,3.920067492973361e-55,3.961389082411563e-55,4.0030000000453245e-55,4.0449012551221826e-55,4.0870938568896584e-55,4.1295788145952915e-55,4.172357137486612e-55,4.2154298348111465e-55,4.258797915816431e-55,4.302462389749996e-55,4.346424265859375e-55,4.390684553392095e-55,4.435244261595691e-55,4.480104399717694e-55,4.525265977005634e-55,4.570730002707046e-55,4.616497486069457e-55,4.6625694363404045e-55,4.7089468627674146e-55,4.75563077459802e-55,4.802622181079756e-55,4.84992209146015e-55,4.897531514986734e-55,4.945451460907041e-55,4.993682938468602e-55,5.042226956918948e-55,5.091084525505611e-55,5.14025665347612e-55,5.189744350078011e-55,5.239548624558814e-55,5.2896704861660614e-55,5.340110944147283e-55,5.3908710077500105e-55,5.441951686221776e-55,5.493353988810112e-55,5.5450789247625475e-55,5.597127503326616e-55,5.6495007337498476e-55,5.7021996252797744e-55,5.7552251871639274e-55,5.808578428649837e-55,5.862260358985037e-55,5.9162719874170604e-55,5.9706143231934314e-55,6.025288375561689e-55,6.080295153769365e-55,6.135635667063986e-55,6.191310924693088e-55,6.2473219359042406e-55,6.303669709944895e-55,6.360355256062624e-55,6.417379583504953e-55,6.474743701519425e-55,6.532448619353562e-55,6.590495346254899e-55,6.648884891470967e-55,6.707618264249299e-55,6.766696473837427e-55,6.826120529482879e-55,6.885891440433191e-55,6.946010215935888e-55,7.006477865238508e-55,7.067295397588582e-55,7.128463822233638e-55,7.189984148421209e-55,7.251857385398826e-55,7.314084542414025e-55,7.376666628714334e-55,7.439604653547282e-55,7.502899626160403e-55,7.566552555801228e-55,7.630564451717298e-55,7.694936323156131e-55,7.759669179365259e-55,7.824764029592218e-55,7.890221883084539e-55,7.956043749089766e-55,8.022230636855407e-55,8.088783555629005e-55,8.155703514658095e-55,8.222991523190206e-55,8.290648590472867e-55,8.35867572575361e-55,8.427073938279967e-55,8.495844237299471e-55,8.564987632059653e-55,8.634505131808044e-55,8.704397745792173e-55,8.774666483259579e-55,8.845312353457785e-55,8.91633636563433e-55,8.98773952903674e-55,9.059522852912549e-55,9.131687346509284e-55,9.204234019074489e-55,9.277163879855684e-55,9.350477938100402e-55,9.424177203056158e-55,9.49826268397052e-55,9.572735390091004e-55,9.647596330665137e-55,9.722846514940449e-55,9.798486952164478e-55,9.874518651584751e-55,9.950942622448802e-55,1.0027759874004164e-54,1.010497141549836e-54,1.0182578256178929e-54,1.0260581405293404e-54,1.0338981872089313e-54,1.0417780665814198e-54,1.049697879571557e-54,1.0576577271040972e-54,1.0656577101037934e-54,1.0736979294953968e-54,1.0817784862036647e-54,1.0898994811533481e-54,1.0980610152692e-54,1.106263189475974e-54,1.1145061046984228e-54,1.1227898618613004e-54,1.1311145618893589e-54,1.1394803057073521e-54,1.1478871942400326e-54,1.1563353284121526e-54,1.1648248091484678e-54,1.1733557373737307e-54,1.181928214012693e-54,1.1905423399901093e-54,1.199198216230732e-54,1.2078959436593147e-54,1.2166356232006097e-54,1.2254173557793711e-54,1.2342412423203515e-54,1.2431073837483039e-54,1.2520158809879818e-54,1.2609668349641386e-54,1.2699603466015274e-54,1.278996516824901e-54,1.2880754465590127e-54,1.2971972367286158e-54,1.306361988258463e-54,1.3155698020733076e-54,1.3248207790979032e-54,1.334115020257003e-54,1.3434526264753595e-54,1.3528336986777255e-54,1.3622583377888556e-54,1.3717266447335021e-54,1.381238720436418e-54,1.3907946658223565e-54,1.4003945818160714e-54,1.4100385693423148e-54,1.4197267293258403e-54,1.4294591626914017e-54,1.4392359703637518e-54,1.4490572532676436e-54,1.45892311232783e-54,1.4688336484690643e-54,1.4787889626161e-54,1.4887891556936896e-54,1.4988343286265873e-54,1.5089245823395453e-54,1.5190600177573168e-54,1.5292407358046554e-54,1.5394668374063145e-54,1.5497384234870464e-54,1.5600555949716047e-54,1.5704184527847422e-54,1.5808270978512115e-54,1.5912816310957685e-54,1.6017821534431632e-54,1.6123287658181507e-54,1.6229215691454838e-54,1.633560664349916e-54,1.6442461523561988e-54,1.654978134089087e-54,1.665756710473333e-54,1.67658198243369e-54,1.6874540508949113e-54,1.698373016781749e-54,1.709338981018959e-54,1.7203520445312926e-54,1.731412308243502e-54,1.7425198730803415e-54,1.7536748399665646e-54,1.764877309826924e-54,1.7761273835861762e-54,1.787425162169068e-54,1.798770746500356e-54,1.8101642375047922e-54,1.8216057361071305e-54,1.8330953432321234e-54,1.8446331598045255e-54,1.8562192867490886e-54,1.8678538249905663e-54,1.8795368754537123e-54,1.891268539063279e-54,1.90304891674402e-54,1.9148781094206885e-54,1.9267562180180376e-54,1.93868334346082e-54,1.9506595866737895e-54,1.9626850485816985e-54,1.974759830109301e-54,1.9868840321813495e-54,1.9990577557225977e-54,2.0112811016577957e-54,2.0235541709117018e-54,2.035877064409066e-54,2.048249883074643e-54,2.0606727278331847e-54,2.0731456996094455e-54,2.0856688993281773e-54,2.0982424279141338e-54,2.1108663862920684e-54,2.1235408753867364e-54,2.1362659961228855e-54,2.1490418494252726e-54,2.1618685362186498e-54,2.17474615742777e-54,2.1876748139773872e-54,2.200654606792255e-54,2.2136856367971252e-54,2.2267680049167527e-54,2.239901812075888e-54,2.253087159199287e-54,2.2663241472117005e-54,2.2796128770378836e-54,2.2929534496025885e-54,2.306345965830568e-54,2.3197905266465743e-54,2.3332872329753623e-54,2.3468361857416845e-54,2.3604374858702945e-54,2.3740912342859457e-54,2.3877975319133906e-54,2.4015564796773826e-54,2.4153681785026748e-54,2.4292327293140197e-54,2.4431502330361716e-54,2.4571207905938824e-54,2.4711445029119073e-54,2.485221470914998e-54,2.499351795527908e-54,2.5135355776753914e-54,2.5277729182821994e-54,2.5420639182730858e-54,2.5564086785728054e-54,2.5708073001061084e-54,2.5852598837977508e-54,2.599766530572484e-54,2.614327341355062e-54,2.6289424170702366e-54,2.6436118586427616e-54,2.658335766997391e-54,2.6731142430588776e-54,2.6879473877519744e-54,2.7028353020014347e-54,2.717778086732011e-54,2.732775842868457e-54,2.747828671335526e-54,2.762936673057971e-54,2.7780999489605454e-54,2.793318599968001e-54,2.8085927270050936e-54,2.8239224309965745e-54,2.839307812867197e-54,2.854748973541715e-54,2.8702460139448804e-54,2.885799035001447e-54,2.901408137636167e-54,2.917073422773796e-54,2.9327949913390854e-54,2.948572944256788e-54,2.964407382451658e-54,2.9802984068484484e-54,2.996246118371911e-54,3.0122506179468004e-54,3.0283120064978705e-54,3.044430384949873e-54,3.0606058542275613e-54,3.076838515255688e-54,3.093128468959008e-54,3.1094758162622734e-54,3.125880658090237e-54,3.1423430953676514e-54,3.1588632290192713e-54,3.175441159969849e-54,3.192076989144138e-54,3.2087708174668913e-54,3.2255227458628626e-54,3.242332875256804e-54,3.25920130657347e-54,3.2761281407376126e-54,3.293113478673985e-54,3.310157421307341e-54,3.3272600695624326e-54,3.3444215243640137e-54,3.361641886636838e-54,3.3789212573056575e-54,3.3962597372952263e-54,3.413657427530297e-54,3.4311144289356236e-54,3.448630842435959e-54,3.466206768956055e-54,3.483842309420666e-54,3.5015375647545444e-54,3.519292635882446e-54,3.537107623729121e-54,3.5549826292193253e-54,3.5729177532778085e-54,3.590913096829324e-54,3.6089687607986276e-54,3.62708484611047e-54,3.645261453689607e-54,3.663498684460789e-54,3.681796639348772e-54,3.700155419278307e-54,3.7185751251741463e-54,3.7370558579610447e-54,3.7555977185637573e-54,3.7742008079070337e-54,3.792865226915628e-54,3.811591076514295e-54,3.830378457627786e-54,3.849227471180856e-54,3.868138218098256e-54,3.8871107993047403e-54,3.906145315725063e-54,3.9252418682839756e-54,3.944400557906232e-54,3.9636214855165847e-54,3.9829047520397875e-54,4.002250458400594e-54,4.021658705523756e-54,4.041129594334028e-54,4.0606632257561624e-54,4.0802597007149133e-54,4.099919120135031e-54,4.119641584941272e-54,4.139427196058387e-54,4.15927605441113e-54,4.179188260924256e-54,4.1991639165225144e-54,4.2192031221306624e-54,4.2393059786734507e-54,4.259472587075632e-54,4.279703048261961e-54,4.299997463157191e-54,4.320355932686074e-54,4.340778557773364e-54,4.3612654393438147e-54,4.381816678322179e-54,4.402432375633209e-54,4.4231126322016575e-54,4.443857548952278e-54,4.464667226809824e-54,4.48554176669905e-54,4.5064812695447076e-54,4.527485836271549e-54,4.548555567804329e-54,4.5696905650678e-54,4.590890928986716e-54,4.6121567604858285e-54,4.633488160489894e-54,4.6548852299236626e-54,4.6763480697118886e-54,4.697876780779325e-54,4.719471464050725e-54,4.741132220450841e-54,4.762859150904428e-54,4.784652356336238e-54,4.8065119376710234e-54,4.828437995833539e-54,4.8504306317485376e-54,4.872489946340769e-54,4.8946160405349915e-54,4.9168090152559566e-54,4.939068971428415e-54,4.961396009977121e-54,4.9837902318268287e-54,5.006251737902291e-54,5.028780629128261e-54,5.051377006429492e-54,5.074040970730737e-54,5.096772622956749e-54,5.11957206403228e-54,5.142439394882085e-54,5.165374716430917e-54,5.188378129603527e-54,5.2114497353246695e-54,5.234589634519099e-54,5.257797928111567e-54,5.281074717026828e-54,5.304420102189634e-54,5.327834184524741e-54,5.351317064956898e-54,5.374868844410859e-54,5.398489623811379e-54,5.42217950408321e-54,5.445938586151105e-54,5.469766970939818e-54,5.493664759374102e-54,5.51763205237871e-54,5.541668950878396e-54,5.565775555797912e-54,5.589951968062011e-54,5.614198288595445e-54,5.638514618322969e-54,5.662901058169339e-54,5.687357709059301e-54,5.711884671917615e-54,5.736482047669029e-54,5.761149937238298e-54,5.785888441550175e-54,5.810697661529416e-54,5.835577698100773e-54,5.860528652188997e-54,5.885550624718841e-54,5.91064371661506e-54,5.935808028802406e-54,5.961043662205634e-54,5.986350717749493e-54,6.01172929635874e-54,6.037179498958128e-54,6.06270142647241e-54,6.088295179826336e-54,6.113960859944665e-54,6.139698567752146e-54,6.165508404173533e-54,6.191390470133577e-54,6.217344866557035e-54,6.243371694368657e-54,6.269471054493197e-54,6.295643047855409e-54,6.321887775380046e-54,6.34820533799186e-54,6.374595836615605e-54,6.401059372176032e-54,6.4275960455979e-54,6.454205957805958e-54,6.480889209724958e-54,6.507645902279655e-54,6.534476136394803e-54,6.561380012995157e-54,6.588357633005464e-54,6.615409097350481e-54,6.64253450695496e-54,6.669733962743656e-54,6.697007565641321e-54,6.724355416572706e-54,6.751777616462567e-54,6.779274266235657e-54,6.806845466816729e-54,6.834491319130536e-54,6.86221192410183e-54,6.89000738265536e-54,6.91787779571589e-54,6.945823264208166e-54,6.973843889056941e-54,7.001939771186972e-54,7.030111011523009e-54,7.058357710989805e-54,7.086679970512116e-54,7.115077891014692e-54,7.143551573422285e-54,7.172101118659654e-54,7.200726627651547e-54,7.229428201322717e-54,7.258205940597924e-54,7.287059946401911e-54,7.315990319659438e-54,7.344997161295258e-54,7.374080572234121e-54,7.403240653400783e-54,7.432477505719994e-54,7.461791230116509e-54,7.491181927515081e-54,7.520649698840465e-54,7.550194645017412e-54,7.579816866970676e-54,7.609516465625011e-54,7.639293541905166e-54,7.669148196735898e-54,7.69908053104196e-54,7.729090645748102e-54,7.759178641779078e-54,7.789344620059645e-54,7.819588681514552e-54,7.849910927068556e-54,7.880311457646408e-54,7.910790374172859e-54,7.941347777572666e-54,7.97198376877058e-54,8.002698448691357e-54,8.033491918259747e-54,8.064364278400506e-54,8.095315630038383e-54,8.126346074098132e-54,8.157455711504509e-54,8.188644643182265e-54,8.219912970056156e-54,8.25126079305093e-54,8.282688213091343e-54,8.314195331102146e-54,8.345782248008096e-54,8.377449064733946e-54,8.409195882204447e-54,8.441022801344348e-54,8.472929923078412e-54,8.504917348331384e-54,8.536985178028021e-54,8.569133513093076e-54,8.601362454451302e-54,8.633672103027453e-54,8.666062559746277e-54,8.698533925532533e-54,8.731086301310973e-54,8.763719788006351e-54,8.796434486543414e-54,8.829230497846932e-54,8.862107922841639e-54,8.895066862452295e-54,8.928107417603657e-54,8.961229689220468e-54,8.994433778227487e-54,9.027719785549471e-54,9.06108781211117e-54,9.094537958837329e-54,9.128070326652717e-54,9.161685016482075e-54,9.195382129250162e-54,9.229161765881731e-54,9.263024027301537e-54,9.296969014434332e-54,9.330996828204858e-54,9.365107569537881e-54,9.399301339358148e-54,9.433578238590415e-54,9.467938368159436e-54,9.502381828989965e-54,9.536908722006751e-54,9.571519148134547e-54,9.606213208298114e-54,9.640991003422195e-54,9.675852634431547e-54,9.710798202250926e-54,9.745827807805085e-54,9.78094155201877e-54,9.816139535816746e-54,9.851421860123755e-54,9.886788625864554e-54,9.922239933963897e-54,9.957775885346537e-54,9.993396580937228e-54,1.0029102121660718e-53,1.0064892608441768e-53,1.0100768142205127e-53,1.0136728823875549e-53,1.0172774754377785e-53,1.0208906034636586e-53,1.0245122765576717e-53,1.028142504812292e-53,1.031781298319995e-53,1.0354286671732562e-53,1.0390846214645511e-53,1.0427491712863547e-53,1.0464223267311427e-53,1.05010409789139e-53,1.0537944948595719e-53,1.0574935277281638e-53,1.0612012065896413e-53,1.0649175415364792e-53,1.068642542661153e-53,1.0723762200561379e-53,1.0761185838139102e-53,1.079869644026944e-53,1.0836294107877155e-53,1.0873978941886992e-53,1.0911751043223707e-53,1.0949610512812054e-53,1.0987557451576788e-53,1.1025591960442656e-53,1.1063714140334425e-53,1.1101924092176835e-53,1.1140221916894643e-53,1.1178607715412598e-53,1.121708158865546e-53,1.1255643637547974e-53,1.1294293963014904e-53,1.1333032665980996e-53,1.1371859847371e-53,1.141077560810968e-53,1.144978004912178e-53,1.148887327133206e-53,1.1528055375665266e-53,1.1567326463046156e-53,1.160668663439948e-53,1.164613599064999e-53,1.1685674632722452e-53,1.1725302661541603e-53,1.17650201780322e-53,1.1804827283119001e-53,1.1844724077726755e-53,1.188471066278022e-53,1.1924787139204146e-53,1.196495360792328e-53,1.2005210169862383e-53,1.2045556925946207e-53,1.2085993977099505e-53,1.2126521424247028e-53,1.2167139368313532e-53,1.2207847910223768e-53,1.224864715090249e-53,1.2289537191274452e-53,1.2330518132264409e-53,1.2371590074797114e-53,1.2412753119797314e-53,1.2454007368189763e-53,1.2495352920899225e-53,1.2536789878850434e-53,1.2578318342968164e-53,1.2619938414177154e-53,1.2661650193402162e-53,1.2703453781567941e-53,1.2745349279599244e-53,1.2787336788420824e-53,1.282941640895744e-53,1.2871588242133832e-53,1.2913852388874766e-53,1.2956208950104988e-53,1.299865802674925e-53,1.304119971973231e-53,1.308383412997892e-53,1.312656135841383e-53,1.31693815059618e-53,1.3212294673547574e-53,1.3255300962095913e-53,1.3298400472531566e-53,1.3341593305779277e-53,1.3384879562763819e-53,1.3428259344409933e-53,1.3471732751642372e-53,1.3515299885385895e-53,1.3558960846565259e-53,1.3602715736105204e-53,1.3646564654930488e-53,1.3690507703965865e-53,1.3734544984136092e-53,1.3778676596365921e-53,1.38229026415801e-53,1.3867223220703378e-53,1.3911638434660522e-53,1.3956148384376277e-53,1.4000753170775398e-53,1.4045452894782638e-53,1.4090247657322747e-53,1.4135137559320482e-53,1.4180122701700601e-53,1.4225203185387845e-53,1.427037911130697e-53,1.4315650580382732e-53,1.436101769353989e-53,1.4406480551703197e-53,1.445203925579739e-53,1.449769390674724e-53,1.454344460547749e-53,1.4589291452912897e-53,1.4635234549978212e-53,1.4681273997598188e-53,1.4727409896697586e-53,1.477364234820115e-53,1.4819971453033634e-53,1.4866397312119793e-53,1.491292002638438e-53,1.4959539696752145e-53,1.5006256424147852e-53,1.5053070309496246e-53,1.5099981453722078e-53,1.5146989957750109e-53,1.5194095922505086e-53,1.5241299448911763e-53,1.52886006378949e-53,1.533599959037924e-53,1.5383496407289539e-53,1.5431091189550547e-53,1.547878403808702e-53,1.552657505382372e-53,1.5574464337685389e-53,1.562245199059678e-53,1.567053811348265e-53,1.5718722807267757e-53,1.576700617287685e-53,1.5815388311234683e-53,1.5863869323266006e-53,1.591244930989557e-53,1.5961128372048132e-53,1.600990661064845e-53,1.6058784126621274e-53,1.6107761020891346e-53,1.6156837394383434e-53,1.620601334802229e-53,1.625528898273266e-53,1.6304664399439296e-53,1.6354139699066955e-53,1.640371498254039e-53,1.645339035078436e-53,1.6503165904723613e-53,1.6553041745282893e-53,1.6603017973386962e-53,1.665309468996058e-53,1.6703271995928484e-53,1.6753549992215444e-53,1.6803928779746206e-53,1.685440845944552e-53,2.5304297673610676e-18,5.114627888868642e-18,7.754532978523118e-18,1.0452076805442217e-17,1.3209204201816825e-17,1.6027889449364833e-17,1.8910149809659157e-17,2.185805682738099e-17,2.487374595105689e-17,2.795942492093675e-17,3.111738128536519e-17,3.434998933162579e-17,3.765971665604324e-17,4.1049130549869084e-17,4.452090434035294e-17,4.807782379837551e-17,5.172279370315216e-17,5.54588446393967e-17,5.928914009144381e-17,6.321698389158868e-17,6.724582807509404e-17,7.137928119167549e-17,7.562111712222022e-17,7.997528444975806e-17,8.444591643505901e-17,8.903734164948505e-17,9.375409532076176e-17,9.860093145115117e-17,1.0358283577199482e-16,1.0870503960379821e-16,1.139730346969065e-16,1.193925891344696e-16,1.2496976438683736e-16,1.3071093361479275e-16,1.366228013282609e-16,1.4271242451749686e-16,1.4898723538487526e-16,1.5545506581852394e-16,1.621241737628802e-16,1.6900327165697986e-16,1.7610155712917743e-16,1.8342874615619163e-16,1.9099510891651605e-16,1.9881150859275766e-16,2.0688944340481037e-16,2.1524109218663462e-16,2.238793638540674e-16,2.3281795114999076e-16,2.4207138909687e-16,2.516551186366556e-16,2.615855559930027e-16,2.718801683551165e-16,2.825575565531856e-16,2.936375454774891e-16,3.051412830852141e-16,3.170913489448352e-16,3.295118733874148e-16,3.424286684724443e-16,3.558693721324532e-16,3.6986360704141164e-16,3.8444315595933874e-16,3.9964215554448834e-16,4.1549731090030313e-16,4.3204813344318683e-16,4.493372050475796e-16,4.674104718524447e-16,4.863175716170824e-16,5.061121990939073e-16,5.268525145722922e-16,5.486016015474624e-16,5.714279804116856e-16,5.954061861766978e-16,6.206174195522443e-16,6.471502822622146e-16,6.751016093407482e-16,7.045774133598351e-16,7.356939581947663e-16,7.685789831167871e-16,8.03373101841705e-16,8.402314058071654e-16,8.793253065898143e-16,9.208446592469149e-16,9.650002167788627e-16,1.0120264762468412e-15,1.0621849898412868e-15,1.1157682300168705e-15,1.173104117528548e-15,1.2345613458780689e-15,1.3005556667515349e-15,1.3715573403230701e-15,1.4481000043332047e-15,1.5307912798698444e-15,1.6203255142655564e-15,1.7174991684616766e-15,1.8232294958076e-15,1.9385773428512085e-15,2.064775145949248e-15,2.2032615224864402e-15,2.3557242932704118e-15,2.5241543677659055e-15,2.7109137405819386e-15,2.9188219798519726e-15,3.1512671749151767e-15,3.4123495598504217e-15,3.707069256877428e-15,4.041574275585595e-15,4.423491821019861e-15,4.862376314861896e-15,5.370323275367045e-15,5.962822558528763e-15,6.6599628591806154e-15,7.488161131515829e-15,8.482692116819177e-15,9.691464048332705e-15,1.118078164387865e-14,1.3044361158703382e-14,1.541781980142785e-14,1.8502669427682895e-14,2.2607376548264643e-14,2.8220195332330124e-14,3.614347727660459e-14,4.775169934494978e-14,6.550799143898877e-14,9.403726053086541e-14,1.4241150907249285e-13,2.289992114554425e-13,3.911539704805267e-13,7.016547003457043e-13,1.2893078657716925e-12,2.37479779446552e-12,4.627872918988196e-12,1.2569535981426236e-11,5.77088903985642e-11,3.155262098977859e-10,1.5447993492174961e-09,6.274245674239617e-09,2.0937415162530797e-08,5.789277030755045e-08,1.3473311446840576e-07,2.6895511810934504e-07,4.6970023453354026e-07,7.316209445133291e-07,1.035034468802312e-06,1.352023010581261e-06,1.6545454679713559e-06,1.9206362223927452e-06,2.137072144215861e-06,2.299021842113764e-06,2.408054795784337e-06,2.469746564180201e-06,2.4916057090778007e-06,2.481587284624374e-06,2.4471808193176014e-06,2.3949453098728912e-06,2.330345221280687e-06,2.2577656903642018e-06,2.1806201380777393e-06,2.1014948523204373e-06,2.0222984406679634e-06,1.944399611234271e-06,1.868746276253611e-06,1.7959643733643522e-06,1.7264375714495292e-06,1.6603702401197665e-06,1.5978364054617937e-06,1.5388173123347975e-06,1.483229913962377e-06,1.4309482466171726e-06,1.381819290088655e-06,1.3356745956640472e-06,1.2923386920288297e-06,1.2516350568124657e-06,1.2133902625463707e-06,1.1774367640136812e-06,1.14361468321148e-06,1.111772862083096e-06,1.081769386836417e-06,1.0534717368891922e-06,1.026756672758535e-06,1.0015099472518276e-06,9.77625902784588e-07,9.550069999550348e-07,9.335633102994345e-07,9.132119968930527e-07,8.938767980532912e-07,8.754875265691155e-07,8.579795905427469e-07,8.412935406667696e-07,8.253746461771417e-07,8.101725004037086e-07,7.956406557780541e-07,7.817362876058292e-07,7.694384385149163e-07,7.566294837174602e-07,7.443411340420903e-07,7.325419198389933e-07,7.212027764504373e-07,7.102968003559603e-07,6.997990548920101e-07,6.896864020912784e-07,6.799373521571854e-07,6.7053192754929e-07,6.614515393949756e-07,6.526788747502586e-07,6.441977940804365e-07,6.359932387309451e-07,6.28051144928628e-07,6.203583666058832e-07,6.129026044699717e-07,6.056723413822615e-07,5.986567832421124e-07,5.918458049272375e-07,5.852299008006317e-07,5.788001394074937e-07,5.72548121922916e-07,5.664659440434744e-07,5.605461609627519e-07,5.54781755301215e-07,5.491661074353556e-07,5.436929683058462e-07,5.383564343735631e-07,5.331509244717136e-07,5.280711584854465e-07,5.231121376377966e-07,5.18269126342206e-07,5.135376352821391e-07,5.089134058698451e-07,5.043923958064134e-07,4.99970765633853e-07,4.956448664568842e-07,4.914112281987092e-07,4.872665490445592e-07,4.832076853999891e-07,4.792316426111387e-07,4.753355663295092e-07,4.7151673446639983e-07,4.67772549654329e-07,4.641005322132248e-07,4.6049831370249715e-07,4.569636306697917e-07,4.534943189725265e-07,4.500883084156097e-07,4.467436177420621e-07,4.4345834992752863e-07,4.402306877074378e-07,4.370588895309642e-07,4.3394128559811425e-07,4.3087627427378137e-07,4.2786231855670913e-07,4.2489794300225454e-07,4.219817304997488e-07,4.1911231952209416e-07,4.1628840141493015e-07,4.1350871784377955e-07,4.107720583848739e-07,4.080772583138696e-07,4.05423196390758e-07,4.0280879289268596e-07,4.0023300769490375e-07,3.976948384636878e-07,3.951933189120073e-07,3.927275173573067e-07,3.9029653489756796e-07,3.878995042195124e-07,3.855355880710293e-07,3.832039780386154e-07,3.8090389328497255e-07,3.7863457935856163e-07,3.763953071296607e-07,3.7418537165189173e-07,3.7200409124174316e-07,3.6985080647689067e-07,3.677248792663589e-07,3.656256920367521e-07,3.6355264687784865e-07,3.615051647548173e-07,3.5948268476816956e-07,3.5748466345319907e-07,3.5551057407003623e-07,3.5355990599279744e-07,3.516321640641459e-07,3.497268680165849e-07,3.478435519116424e-07,3.4598176358945147e-07,3.4414106417201297e-07,3.4232102757045184e-07,3.4052123998678944e-07,3.3874129950667476e-07,3.369808156478944e-07,3.3523940895151255e-07,3.3351671059072275e-07,3.3181236198955603e-07,3.3012601446425484e-07,3.2845732889897106e-07,3.268059753643143e-07,3.251716328655487e-07,3.2355398897235705e-07,3.2195273957906325e-07,3.203675885821768e-07,3.187982476559769e-07,3.1724443595586524e-07,3.157058798911846e-07,3.1418231287776663e-07,3.1267347512166025e-07,3.1117911337250764e-07,3.096989807484516e-07,3.0823283650790914e-07,3.067804458602716e-07,3.053415797729332e-07,3.0391601482243006e-07,3.025035329652388e-07,3.011039214063873e-07,2.9971697243485397e-07,2.983424832634052e-07,2.969802558764467e-07,2.9563009689454894e-07,2.942918174200073e-07,2.9296523292199735e-07,2.91650163093198e-07,2.90346431735423e-07,2.8905386661797274e-07,2.8777229940128267e-07,2.8650156548637213e-07,2.852415039383298e-07,2.8399195731972084e-07,2.827527716815497e-07,2.8152379640423626e-07,2.8030488412292594e-07,2.790958906216433e-07,2.778966747663611e-07,2.767070984077043e-07,2.7552702628469486e-07,2.7435632603402816e-07,2.7319486795076214e-07,2.7204252504890085e-07,2.708991729406067e-07,2.697646897705323e-07,2.686389561553155e-07,2.675218551047794e-07,2.6641327197369843e-07,2.6531309439177856e-07,2.642212122173303e-07,2.6313751745393454e-07,2.62061904220335e-07,2.6099426868843035e-07,2.5993450903009013e-07,2.5888252536200457e-07,2.5783821970835564e-07,2.5680149594786544e-07,2.557722597580313e-07,2.54750418583361e-07,2.5373588159162645e-07,2.5272855962437544e-07,2.5172836516175745e-07,2.507352122787836e-07,2.4974901659740207e-07,2.4876969530372413e-07,2.4779716702662185e-07,2.4683135186280684e-07,2.4587217131630297e-07,2.449195482790775e-07,2.439734069872596e-07,2.430336730109951e-07,2.421002732002017e-07,2.41173135663462e-07,2.4025218974643227e-07,2.3933736597005e-07,2.3842859607890555e-07,2.3752581294443479e-07,2.366289505558766e-07,2.3573794401098803e-07,2.3485272946736913e-07,2.3397324414100413e-07,2.330994262748248e-07,2.3223121512475072e-07,2.3136855091368954e-07,2.305113748391729e-07,2.2965962903438687e-07,2.2881325655925245e-07,2.279722013742144e-07,2.2713640831852454e-07,2.263058230932503e-07,2.2548039225408958e-07,2.2466006318125101e-07,2.238447840652275e-07,2.230345038958519e-07,2.222291724259359e-07,2.214287401885981e-07,2.2063315846619183e-07,2.1984237923876907e-07,2.1905635523845101e-07,2.1827503988611454e-07,2.1749838729498556e-07,2.16726352250674e-07,2.1595889019989917e-07,2.1519595723804076e-07,2.144375100953941e-07,2.1368350612657772e-07,2.1293390329134411e-07,2.1218866015941333e-07,2.114477359036336e-07,2.1071109020967906e-07,2.0997868339159023e-07,2.092504762974379e-07,2.0852643032061666e-07,2.0780650738787646e-07,2.0709066994917832e-07,2.0637888095464553e-07,2.0567110388999172e-07,2.0496730273678356e-07,2.0426744193133726e-07,2.0357148640174522e-07,2.029794257905753e-07,2.0229063230785014e-07,2.0160564645611583e-07,2.009244349365421e-07,2.0024696487669001e-07,1.9957320383382977e-07,1.9890311978550265e-07,1.9823668113054404e-07,1.975738566498365e-07,1.9691461554988963e-07,1.962589274222959e-07,1.9560676224444036e-07,1.949580903672493e-07,1.9431288252715614e-07,1.9367110981489206e-07,1.9303274368868207e-07,1.923977559567755e-07,1.91766118777755e-07,1.911378046444784e-07,1.9051278639952794e-07,1.8989103721568198e-07,1.8927253057892893e-07,1.8865724030689977e-07,1.880451405183449e-07,1.8743620565231285e-07,1.8683041045384178e-07,1.862277299613254e-07,1.8562813950983286e-07,1.8503161472517488e-07,1.8443813151753702e-07,1.8384766608082555e-07,1.832601948904934e-07,1.8267569466426708e-07,1.8209414241677491e-07,1.8151551542107597e-07,1.8093979120607993e-07,1.8036694756625337e-07,1.797969625181878e-07,1.7922981435406142e-07,1.7866548160026778e-07,1.7810394302135626e-07,1.7754517762263306e-07,1.7698916463718946e-07,1.7643588352914554e-07,1.7588531398499618e-07,1.7533743591824888e-07,1.7479222945886756e-07,1.742496749540386e-07,1.737097529597485e-07,1.7317244424292996e-07,1.7263772977693635e-07,1.7210559073762659e-07,1.7157600850118614e-07,1.7104896464096816e-07,1.7052444092846334e-07,1.7000241931974184e-07,1.6948288195744123e-07,1.6896581117982447e-07,1.6845118950635823e-07,1.6793899963301004e-07,1.67429224436015e-07,1.6692184696728755e-07,1.6641685043507777e-07,1.6591421825245265e-07,1.654139339835865e-07,1.6491598137272714e-07,1.6442034431286071e-07,1.6392700683759756e-07,1.634359531625245e-07,1.6294716767851575e-07,1.624606348974906e-07,1.6197633950707088e-07,1.6149426634314905e-07,1.610144003762498e-07,1.6053672672124696e-07,1.6006123066034075e-07,1.5958789760661023e-07,1.5911671311725742e-07,1.5864766288377715e-07,1.5818073273559648e-07,1.577159086414543e-07,1.5725317670020642e-07,1.567925231445994e-07,1.5633393433643397e-07,1.558773967663816e-07,1.5542289705201883e-07,1.5497042192945503e-07,1.5451995826898158e-07,1.5407149306230133e-07,1.5362501341827233e-07,1.5318050656477148e-07,1.5273795984704463e-07,1.5229736072634998e-07,1.5185869678730854e-07,1.5142195570994883e-07,1.509871252949244e-07,1.5055419345326043e-07,1.5012314820332826e-07,1.4969397767469055e-07,1.4926667010049583e-07,1.4884121381986408e-07,1.4841759727566864e-07,1.4799580901208866e-07,1.4757583767569715e-07,1.4715767201390775e-07,1.4674130086904117e-07,1.4632671318795714e-07,1.459138980067038e-07,1.455028444589029e-07,1.450935417702875e-07,1.4468597926531807e-07,1.4428014635894177e-07,1.4387603255578199e-07,1.434736274455954e-07,1.4307292071274869e-07,1.4267390212787038e-07,1.422765615491775e-07,1.4188088891922158e-07,1.4148687426676307e-07,1.4109450770331059e-07,1.4070377941115946e-07,1.4031467968596897e-07,1.3992719887475267e-07,1.3954132741362288e-07,1.3915705581903956e-07,1.3877437468994661e-07,1.3839327469079995e-07,1.3801374657875695e-07,1.3763578117265396e-07,1.372593693703447e-07,1.3688450214469217e-07,1.3651117054161082e-07,1.361393656763173e-07,1.3576907874241143e-07,1.3540030099850286e-07,1.3503302377298945e-07,1.3466723846827882e-07,1.3430293655344735e-07,1.3394010955976762e-07,1.3357874909189571e-07,1.3321884681895115e-07,1.3286039447544114e-07,1.3250338386127236e-07,1.3214780683953005e-07,1.317936553379693e-07,1.314409213464122e-07,1.3108959691627875e-07,1.307396741621061e-07,1.3039114525834215e-07,1.3004400244018458e-07,1.296982380022102e-07,1.2935384429815832e-07,1.2901081373998177e-07,1.286691387977095e-07,1.283288119981681e-07,1.279898259252962e-07,1.2765217321843836e-07,1.2731584657249707e-07,1.2698083873742147e-07,1.2664714251822296e-07,1.263147507739254e-07,1.2598365641550176e-07,1.2565385240730303e-07,1.2532533176572657e-07,1.2499808755898374e-07,1.246721129060409e-07,1.243474009746978e-07,1.2402394499228336e-07,1.2370173822025923e-07,1.2338077398126147e-07,1.2306104564891604e-07,1.2274254663112464e-07,1.2242527039419422e-07,1.22109210450496e-07,1.2179436035695283e-07,1.2148071371801934e-07,1.211682641785912e-07,1.208570054443239e-07,1.205469312519028e-07,1.2023803538617774e-07,1.199303116767942e-07,1.1962375399791193e-07,1.1931835626475762e-07,1.1901411243799479e-07,1.1871101651995715e-07,1.1840906255512659e-07,1.1810824462984008e-07,1.1780855687219559e-07,1.1750999344979244e-07,1.1721254857199446e-07,1.1691621648867032e-07,1.1662099148830849e-07,1.163268679013724e-07,1.1603384009603288e-07,1.1574190247599257e-07,1.1545104949101023e-07,1.1516127562005911e-07,1.1487257538508367e-07,1.1458494334667204e-07,1.1429837409745296e-07,1.1401286226849371e-07,1.1372840252986198e-07,1.1344498958746659e-07,1.131626181730979e-07,1.1288128307079812e-07,1.1260097909087762e-07,1.1232170107794612e-07,1.1204344391373434e-07,1.1176620250940792e-07,1.1148997181009039e-07,1.1121474680061514e-07,1.1094052249998208e-07,1.1066729395193181e-07,1.1039505623702303e-07,1.1012380446807152e-07,1.098535337900215e-07,1.0958423937958186e-07,1.0931591644559865e-07,1.0904856022764336e-07,1.0878216599590705e-07,1.0851672905230086e-07,1.0825224472880347e-07,1.0798870838914867e-07,1.077261154240621e-07,1.0746446125549736e-07,1.0720374133490789e-07,1.0694395114298336e-07,1.066850861893524e-07,1.0642714201240164e-07,1.0617011417902335e-07,1.0591399828436444e-07,1.0565878995159532e-07,1.0540448482981865e-07,1.0515107860023074e-07,1.0489856696770946e-07,1.0464694566556564e-07,1.0439621045311381e-07,1.0414635711723615e-07,1.0389738147075203e-07,1.0364927935280629e-07,1.0340204662844557e-07,1.0315567918876811e-07,1.02910172950262e-07,1.026655238548364e-07,1.024217278695727e-07,1.0217878098650003e-07,1.019366792224587e-07,1.0169541861882845e-07,1.0145499524136176e-07,1.0121540517998435e-07,1.0097664454860878e-07,1.007387094849257e-07,1.0050159615023443e-07,1.002653007292431e-07,1.0002981942989144e-07,9.979514848316179e-08,9.956128414284764e-08,9.932822268556994e-08,9.909596041033586e-08,9.886449363863106e-08,9.86338187137858e-08,9.84039320009882e-08,9.8174829889822e-08,9.794650878167164e-08,9.771896511246108e-08,9.74921953339422e-08,9.726619591966769e-08,9.70409633628038e-08,9.68164941779454e-08,9.659278490047888e-08,9.636983208594594e-08,9.61476323107544e-08,9.592618217610803e-08,9.570547829260803e-08,9.548551729682473e-08,9.526629584528118e-08,9.504781061354895e-08,9.483005829663763e-08,9.461303561015225e-08,9.439673928615374e-08,9.418116607702777e-08,9.396631275286867e-08,9.375217610607978e-08,9.35387529440322e-08,9.332604009246585e-08,9.311403439746595e-08,9.290273272142238e-08,9.269213194891361e-08,9.248222898017571e-08,9.227302072752289e-08,9.206450412937159e-08,9.18566761383893e-08,9.164953372109573e-08,9.144307386611716e-08,9.123729357785487e-08,9.103218987705544e-08,9.082775980108157e-08,9.062400040534687e-08,9.042090876142871e-08,9.021848195634645e-08,9.001671709480744e-08,8.981561129708652e-08,8.961516169988423e-08,8.941536545616188e-08,8.92162197344702e-08,8.901772171922304e-08,8.881986861057434e-08,8.862265762426749e-08,8.842608599153133e-08,8.823015095885668e-08,8.803484978609085e-08,8.784017975713156e-08,8.764613815662543e-08,8.745272229475137e-08,8.72599294920038e-08,8.706775708596957e-08,8.687620242747506e-08,8.668526288249919e-08,8.6494935830936e-08,8.630521866735185e-08,8.611610880045317e-08,8.592760365306708e-08,8.573970066203864e-08,8.555239727815729e-08,8.536569096603106e-08,8.517957920401787e-08,8.499405948411055e-08,8.480912931188209e-08,8.462478620646395e-08,8.444102770009325e-08,8.425785133844283e-08,8.407525468036238e-08,8.38932352978941e-08,8.371179077607135e-08,8.353091871213313e-08,8.335061671727536e-08,8.31708824149783e-08,8.299171344130713e-08,8.281310744494025e-08,8.263506208709996e-08,8.245757504130158e-08,8.228064399344559e-08,8.210426664167275e-08,8.192844069628288e-08,8.175316387965342e-08,8.157843392615946e-08,8.140424858202314e-08,8.123060560551818e-08,8.105750276646522e-08,8.088493784643982e-08,8.071290863870462e-08,8.054141294780596e-08,8.037044858998961e-08,8.020001339279772e-08,8.00301051950761e-08,7.986072184690066e-08,7.969186120946707e-08,7.952352115512655e-08,7.935569956724209e-08,7.918839433999821e-08,7.902160337908665e-08,7.88553245994342e-08,7.86895559282319e-08,7.852429530277594e-08,7.835954067098453e-08,7.81952899915806e-08,7.8031541232913e-08,7.786829237452404e-08,7.770554140606251e-08,7.754328632829299e-08,7.738152514933132e-08,7.722025589181875e-08,7.705947658299148e-08,7.689918526547897e-08,7.673937998758373e-08,7.658005881028996e-08,7.642121980285865e-08,7.62628610460323e-08,7.610498062849868e-08,7.59475766491489e-08,7.57906472162955e-08,7.563419044818178e-08,7.547820447206252e-08,7.532268742471163e-08,7.516763745224844e-08,7.501305271003424e-08,7.48589313626206e-08,7.470527158393285e-08,7.455207155651659e-08,7.439932947242871e-08,7.42470435323818e-08,7.409521194642858e-08,7.394383293223421e-08,7.37929047190925e-08,7.364242554222396e-08,7.349239364653206e-08,7.334280728545336e-08,7.319366472120109e-08,7.304496422480858e-08,7.289670407540702e-08,7.274888256062745e-08,7.260149797660611e-08,7.245454862777452e-08,7.230803282686284e-08,7.216194889480901e-08,7.201629516077823e-08,7.187106996208626e-08,7.172627164409994e-08,7.158189856071453e-08,7.143794907243099e-08,7.12944215490931e-08,7.115131436797447e-08,7.100862591354899e-08,7.086635458104211e-08,7.072449876804667e-08,7.058305688495727e-08,7.044202734730844e-08,7.030140857871913e-08,7.016119901052839e-08,7.002139708143833e-08,6.988200123756898e-08,6.97430099330344e-08,6.960442162905398e-08,6.946623479395721e-08,6.932844790323969e-08,6.919105944024346e-08,6.905406789509815e-08,6.891747176529052e-08,6.878126955541254e-08,6.864545977715292e-08,6.851004094930264e-08,6.83750115975756e-08,6.824037025470204e-08,6.810611546029017e-08,6.79722457609822e-08,6.783875971108306e-08,6.77056558688955e-08,6.757293280242429e-08,6.744058908539177e-08,6.73086232982179e-08,6.717703402798124e-08,6.704581986837673e-08,6.691497941968393e-08,6.678451128875284e-08,6.665441408880474e-08,6.65246864397585e-08,6.639532696776435e-08,6.626633430502191e-08,6.613770709091464e-08,6.60094439707127e-08,6.58815435963939e-08,6.575400462533696e-08,6.562682572163725e-08,6.550000555553608e-08,6.537354280324097e-08,6.524743614728549e-08,6.512168427617579e-08,6.499628588448309e-08,6.487123967279109e-08,6.474654434676492e-08,6.46221986191117e-08,6.449820121033048e-08,6.437455084317217e-08,6.425124624800238e-08,6.412828616038637e-08,6.400566932197411e-08,6.388339448018826e-08,6.376146038815136e-08,6.36398658045047e-08,6.351860949381452e-08,6.339769022618904e-08,6.327710677654851e-08,6.31568579276262e-08,6.303694246426046e-08,6.291735918002478e-08,6.279810687208464e-08,6.267918434340867e-08,6.256059040248382e-08,6.244232386330706e-08,6.23243835449072e-08,6.220676827177852e-08,6.208947687360342e-08,6.197250818551916e-08,6.185586104768056e-08,6.173953430558783e-08,6.162352680967804e-08,6.150783741571013e-08,6.139246498456348e-08,6.127740838215239e-08,6.116266647938656e-08,6.104823815237588e-08,6.093412228205117e-08,6.08203177544851e-08,6.070682346047822e-08,6.059363829588833e-08,6.048076116142024e-08,6.036819096265848e-08,6.025592661002632e-08,6.01439670187595e-08,6.003231110886959e-08,5.992095780516202e-08,5.980990603714468e-08,5.96991547390504e-08,5.9588702849772466e-08,5.947854931289575e-08,5.936869307665301e-08,5.925913309381458e-08,5.9149868321840254e-08,5.9040897722666014e-08,5.89322202627897e-08,5.882383491322835e-08,5.871574064948553e-08,5.860793645152954e-08,5.8500421303757734e-08,5.839319419500383e-08,5.82862541183598e-08,5.817960007164011e-08,5.807323105671722e-08,5.7967146079787935e-08,5.786134415161547e-08,5.7755824286755614e-08,5.7650585504441665e-08,5.754562682801579e-08,5.74409472849566e-08,5.733654590713324e-08,5.723242173038934e-08,5.7128573794789796e-08,5.7025001144208563e-08,5.692170282753766e-08,5.6818677896841105e-08,5.671592540854763e-08,5.661344442312551e-08,5.651123400506224e-08,5.640929322284285e-08,5.6307621148932286e-08,5.620621685970607e-08,5.6105079435606625e-08,5.600420796086018e-08,5.5903601523637506e-08,5.580325921598413e-08,5.570318013377692e-08,5.5603363376788185e-08,5.550380804855227e-08,5.540451325641726e-08,5.53054781115084e-08,5.520670172870769e-08,5.5108183226638874e-08,5.500992172764183e-08,5.49119163577581e-08,5.48141662467097e-08,5.471667052788356e-08,5.4619428338309616e-08,5.4522438818643444e-08,5.44257011131479e-08,5.432921436967457e-08,5.423297773964585e-08,5.413699037803655e-08,5.4041251443356286e-08,5.394576009763124e-08,5.3850515506386615e-08,5.375551683864685e-08,5.366076326684589e-08,5.356625396694844e-08,5.347198811826636e-08,5.337796490356789e-08,5.328418350896411e-08,5.319064312401832e-08,5.30973429416517e-08,5.300428215803457e-08,5.291145997276118e-08,5.281887558870138e-08,5.272652821204032e-08,5.263441705219908e-08,5.254254132187015e-08,5.245090023701515e-08,5.235949301681431e-08,5.22683188836582e-08,5.217737706313443e-08,5.208666678401148e-08,5.199618727822314e-08,5.1905937780852825e-08,5.1815917530117716e-08,5.172612576735373e-08,5.163656173698492e-08,5.154722468658008e-08,5.145811386671133e-08,5.13692285310753e-08,5.128056793633178e-08,5.1279629708006575e-08,5.127867936876732e-08,5.127772464962461e-08,5.127676963461792e-08,5.127581594247323e-08,5.127486417662922e-08,5.1273914563228886e-08,5.127296719230668e-08,5.127202210528867e-08,5.1271079325705726e-08,5.1270138870958736e-08,5.126920075580668e-08,5.126826499385044e-08,5.12673315981051e-08,5.126640058106689e-08,5.1265471954847606e-08,5.126454573113169e-08,5.126362192128198e-08,5.126270053627058e-08,5.126178158670305e-08,5.126086508276699e-08,5.1259951034441026e-08,5.125903945123487e-08,5.125813034223994e-08,5.125722371621823e-08,5.1256319581650165e-08,5.1255417946602446e-08,5.1254518818806775e-08,5.125362220563781e-08,5.1252728114121326e-08,5.125183655093616e-08,5.1250947522417536e-08,5.125006103455753e-08,5.1249177093011085e-08,5.1248295703095396e-08,5.1247416869793645e-08,5.124654059777178e-08,5.1245666891337926e-08,5.124479575448964e-08,5.124392719088939e-08,5.124306120390477e-08,5.12421977964416e-08,5.124133697135575e-08,5.124047873106089e-08,5.123962307766293e-08,5.123877001312522e-08,5.123791953879481e-08,5.123707165582802e-08,5.1236226365168525e-08,5.12353836674429e-08,5.123454356299871e-08,5.123370605181289e-08,5.1232871133701366e-08,5.123203880812911e-08,5.12312090742794e-08,5.123038193117138e-08,5.1229557377426305e-08,5.1228735411480956e-08,5.122791603145868e-08,5.122709923529677e-08,5.122628502060698e-08,5.122547338478208e-08,5.1224664325026e-08,5.1223857838078916e-08,5.122305392077537e-08,5.1222252569560354e-08,5.1221453780553905e-08,5.1220657549760784e-08,5.1219863872974116e-08,5.12190727456602e-08,5.121828416317453e-08,5.121749812064947e-08,5.121671461293957e-08,5.1215933634790944e-08,5.121515518064105e-08,5.1214379244821575e-08,5.1213605821410956e-08,5.121283490412973e-08,5.121206648717331e-08,5.1211300563832654e-08,5.121053712747644e-08,5.1209776171303514e-08,5.1209017688334476e-08,5.1208261671454186e-08,5.1207508113334034e-08,5.1206757006438114e-08,5.120600834319433e-08,5.1205262115827876e-08,5.1204518316380285e-08,5.1203776936792825e-08,5.120303796882689e-08,5.1202301404110926e-08,5.120156723419396e-08,5.120083545042302e-08,5.1200106043864e-08,5.119937900597098e-08,5.119865432757213e-08,5.1197931999494716e-08,5.1197212012566455e-08,5.119649435735903e-08,5.119577902457744e-08,5.119506600414658e-08,5.119435528703263e-08,5.11936468631569e-08,5.1192940722653995e-08,5.11922368555898e-08,5.1191535251878594e-08,5.119083590134853e-08,5.1190138793790714e-08,5.1189443918891915e-08,5.1188751266257e-08,5.118806082540626e-08,5.118737258582818e-08,5.11866865368594e-08,5.118600266783469e-08,5.118532096800917e-08,5.118464142656748e-08,5.1183964032646687e-08,5.118328877532181e-08,5.118261564362656e-08,5.118194462650226e-08,5.118127571286471e-08,5.11806088915826e-08,5.11799441514802e-08,5.117928148133955e-08,5.1178620869902925e-08,5.1177962305875235e-08,5.11773057779264e-08,5.117665127469341e-08,5.117599878475303e-08,5.1175348296721615e-08,5.11746997991384e-08,5.117405328045932e-08,5.117340872953847e-08,5.11727661344241e-08,5.11721254837408e-08,5.117148676593292e-08,5.117084996945822e-08,5.117021508276088e-08,5.116958209421887e-08,5.116895099227362e-08,5.116832176538002e-08,5.116769440185931e-08,5.1167068890122135e-08,5.1166445218518806e-08,5.1165823375554546e-08,5.116520334960044e-08,5.1164585128928717e-08,5.116396870203606e-08,5.116335405732788e-08,5.116274118325998e-08,5.116213006825762e-08,5.116152070079462e-08,5.1160913069238583e-08,5.116030716221365e-08,5.115970296802901e-08,5.1159100475307576e-08,5.1158499672546434e-08,5.115790054829179e-08,5.115730309111114e-08,5.1156707289578544e-08,5.1156113132291364e-08,5.1155520607937514e-08,5.1154929705164356e-08,5.115434041268437e-08,5.1153752719224956e-08,5.115316661347475e-08,5.1152582084277416e-08,5.1151999120428335e-08,5.115141771060128e-08,5.115083784391726e-08,5.115025950915827e-08,5.1149682695335344e-08,5.114910739137842e-08,5.1148533586375244e-08,5.114796126935017e-08,5.114739042938668e-08,5.1146821055625045e-08,5.114625313724031e-08,5.114568666347973e-08,5.11451216235372e-08,5.114455800673565e-08,5.1143995802450407e-08,5.1143435000037455e-08,5.114287558894488e-08,5.1142317558612175e-08,5.114176089858999e-08,5.1141205598455264e-08,5.1140651647822126e-08,5.114009903639801e-08,5.113954775381507e-08,5.1138997789856e-08,5.1138449134321425e-08,5.113790177707459e-08,5.113735570802242e-08,5.113681091711468e-08,5.113626739435257e-08,5.1135725129793794e-08,5.113518411355745e-08,5.1134644335784527e-08,5.113410578669175e-08,5.11335684565435e-08,5.113303233565389e-08,5.11324974143899e-08,5.1131963683171633e-08,5.113143113247262e-08,5.113089975264651e-08,5.113036953471596e-08,5.112984046888987e-08,5.112931254608522e-08,5.112878575696998e-08,5.1128260092556564e-08,5.1127735543330996e-08,5.1127212100236714e-08,5.112668975443942e-08,5.112616849687298e-08,5.1125648318609416e-08,5.112512921077198e-08,5.112461116454091e-08,5.1124094171165326e-08,5.1123578221934053e-08,5.112306330819616e-08,5.1122549421356115e-08,5.1122036552874165e-08,5.1121524694265956e-08,5.112101383710295e-08,5.112050397301206e-08,5.1119995093676006e-08,5.111948719083294e-08,5.111898025627667e-08,5.111847428185659e-08,5.1117969259477553e-08,5.111746518109988e-08,5.1116962038739285e-08,5.1116459824466795e-08,5.111595853040868e-08,5.1115458148746415e-08,5.111495867171663e-08,5.1114460091610714e-08,5.1113962400775205e-08,5.1113465591611276e-08,5.111296965657476e-08,5.111247458817605e-08,5.111198037897996e-08,5.111148702160554e-08,5.1110994508726014e-08,5.111050283306854e-08,5.1110011987414106e-08,5.110952196459745e-08,5.110903275750682e-08,5.110854435908364e-08,5.110805676232267e-08,5.1107569960237566e-08,5.1107083945963635e-08,5.1106598712653936e-08,5.1106114253514e-08,5.110563056178985e-08,5.110514763079628e-08,5.1104665453894155e-08,5.1104184024496125e-08,5.110370333606667e-08,5.1103223382183045e-08,5.110274415635406e-08,5.110226565219265e-08,5.110178786335444e-08,5.110131078358989e-08,5.110083440667493e-08,5.1100358726192775e-08,5.10998837363933e-08,5.109940943109836e-08,5.109893580420782e-08,5.109846284973663e-08,5.1097990561696924e-08,5.10975189343534e-08,5.109704796171834e-08,5.109657763804808e-08,5.109610795759328e-08,5.109563891466162e-08,5.1095170503580936e-08,5.109470271874001e-08,5.109423555466204e-08,5.1093769006049804e-08,5.1093303067022865e-08,5.109283773221937e-08,5.109237299638034e-08,5.1091908854126056e-08,5.109144530020392e-08,5.1090982329445363e-08,5.10905199365954e-08,5.1090058116549306e-08,5.108959686394891e-08,5.108913617411543e-08,5.108867604175784e-08,5.1088216462143224e-08,5.108775743006749e-08,5.1087298940953564e-08,5.108684098974694e-08,5.1086383571670674e-08,5.108592668197177e-08,5.1085470315818234e-08,5.1085014468763156e-08,5.108455913609921e-08,5.1084104313094244e-08,5.108364999532545e-08,5.1083196178181246e-08,5.1082742857063345e-08,5.108229002770735e-08,5.10818376858035e-08,5.1081385826909846e-08,5.108093444668036e-08,5.1080483540802535e-08,5.108003310515082e-08,5.107958313537117e-08,5.107913362735163e-08,5.107868457696036e-08,5.107823598010254e-08,5.107778783272019e-08,5.107734013079195e-08,5.107689287033268e-08,5.107644604739327e-08,5.1075999658060396e-08,5.107555369845122e-08,5.107510816472805e-08,5.107466305308342e-08,5.1074218359744086e-08,5.107377408097585e-08,5.107333021308086e-08,5.1072886752372595e-08,5.107244369521315e-08,5.107200103800516e-08,5.1071558777173297e-08,5.1071116909134225e-08,5.1070675430483426e-08,5.1070234337689406e-08,5.106979362734047e-08,5.106935329602889e-08,5.1068913340387305e-08,5.106847375697562e-08,5.1068034542572005e-08,5.106759569384978e-08,5.106715720759648e-08,5.1066719080407266e-08,5.106628130940039e-08,5.10658438912398e-08,5.106540682282008e-08,5.1064970101034836e-08,5.1064533722755957e-08,5.1064097684991946e-08,5.1063661984721555e-08,5.106322661895502e-08,5.1062791584731297e-08,5.106235687921919e-08,5.106192249940432e-08,5.106148844241148e-08,5.106105470541898e-08,5.1060621285569076e-08,5.106018818007016e-08,5.1059755386154644e-08,5.105932290108027e-08,5.105889072205409e-08,5.1058458846462914e-08,5.105802727164088e-08,5.105759599494753e-08,5.1057165013767635e-08,5.1056734325510956e-08,5.1056303927621605e-08,5.1055873817552846e-08,5.105544399275284e-08,5.105501445076134e-08,5.1054585189109396e-08,5.105415620537769e-08,5.105372749706225e-08,5.1053299061882606e-08,5.1052870897398326e-08,5.105244300125984e-08,5.1052015371145877e-08,5.1051588004746264e-08,5.105116089977626e-08,5.1050734053963986e-08,5.1050307465089366e-08,5.1049881130864515e-08,5.104945504920833e-08,5.1049029217890704e-08,5.1048603634761804e-08,5.104817829766474e-08,5.104775320452074e-08,5.104732835322211e-08,5.104690374169221e-08,5.10464793678808e-08,5.104605522975681e-08,5.104563132530863e-08,5.1045207652544304e-08,5.104478420949123e-08,5.104436099419613e-08,5.104393800471598e-08,5.104351523914453e-08,5.104309269558528e-08,5.104267037216041e-08,5.104224826701052e-08,5.104182637830829e-08,5.10414047042164e-08,5.104098324292968e-08,5.10405619926607e-08,5.104014095163962e-08,5.103972011811411e-08,5.1039299490349e-08,5.103887906662634e-08,5.103845884524507e-08,5.1038038824520984e-08,5.103761900278643e-08,5.1037199378390326e-08,5.103677994969783e-08,5.103636071509036e-08,5.103594167296532e-08,5.1035522821736005e-08,5.1035104159831385e-08,5.103468568569605e-08,5.103426739779005e-08,5.103384929458866e-08,5.103343137458234e-08,5.103301363629691e-08,5.103259607821012e-08,5.1032178698860475e-08,5.1031761496894855e-08,5.1031344470763024e-08,5.103092761906445e-08,5.103051094039602e-08,5.103009443315341e-08,5.102967809620905e-08,5.102926192835198e-08,5.102884592784869e-08,5.10284300935305e-08,5.102801442440159e-08,5.102759891875416e-08,5.102718357541654e-08,5.102676839304741e-08,5.1026353370419816e-08,5.102593850623811e-08,5.102552379923336e-08,5.1025109248239556e-08,5.102469485204766e-08,5.10242806093268e-08,5.102386651892908e-08,5.1023452579673726e-08,5.1023038790435237e-08,5.102262515001375e-08,5.10222116572086e-08,5.1021798310928504e-08,5.102138511005848e-08,5.102097205346849e-08,5.102055914005305e-08,5.102014636871771e-08,5.101973373837908e-08,5.101932124796465e-08,5.101890889641273e-08,5.101849668267227e-08,5.101808460570287e-08,5.101767266447459e-08,5.10172608579678e-08,5.1016849185180395e-08,5.1016437645105324e-08,5.101602623676497e-08,5.101561495916902e-08,5.10152038113483e-08,5.101479279238905e-08,5.101438190129883e-08,5.101397113713796e-08,5.1013560498976496e-08,5.1013149985894264e-08,5.101273959707032e-08,5.101232933151092e-08,5.101191918832311e-08,5.101150916662326e-08,5.101109926553681e-08,5.101068948419838e-08,5.101027982175179e-08,5.1009870277004374e-08,5.100946084957825e-08,5.100905153849988e-08,5.100864234304093e-08,5.1008233262303996e-08,5.100782429539255e-08,5.1007415441611054e-08,5.100700670011913e-08,5.100659807019106e-08,5.100618955104099e-08,5.1005781141886575e-08,5.100537284196552e-08,5.100496465054959e-08,5.10045565667199e-08,5.100414859000061e-08,5.100374071961669e-08,5.100333295480226e-08,5.1002925294815776e-08,5.100251773905493e-08,5.1002110286637244e-08,5.100170293697353e-08,5.100129568960376e-08,5.100088854359483e-08,5.1000481498137394e-08,5.100007455251676e-08,5.0999667706426944e-08,5.099926095910235e-08,5.099885430984939e-08,5.0998447758026856e-08,5.099804130304399e-08,5.0997634944249003e-08,5.0997228681110995e-08,5.099682251285255e-08,5.099641643894754e-08,5.0996010458806836e-08,5.0995604571898906e-08,5.0995198777487146e-08,5.0994793074694546e-08,5.099438746366952e-08,5.0993981943612223e-08,5.0993576513740746e-08,5.0993171173592405e-08,5.099276592253711e-08,5.099236076017137e-08,5.0991955685638495e-08,5.099155069890876e-08,5.0991145799191706e-08,5.099074098596286e-08,5.0990336258702043e-08,5.098993161689473e-08,5.098952706003141e-08,5.098912258760922e-08,5.098871819912548e-08,5.098831389408975e-08,5.098790967201227e-08,5.0987505532407036e-08,5.09871014747947e-08,5.09866974987023e-08,5.0986293603660445e-08,5.098588978920553e-08,5.0985486054876637e-08,5.098508240021856e-08,5.0984678824780756e-08,5.0984275328117264e-08,5.098387190978665e-08,5.0983468569354925e-08,5.0983065306386314e-08,5.0982662120449864e-08,5.09822590111252e-08,5.09818559779928e-08,5.098145302067504e-08,5.0981050138686664e-08,5.098064733165797e-08,5.098024459923495e-08,5.097984194076941e-08,5.097943935622527e-08,5.097903684504037e-08,5.097863440685471e-08,5.0978232041276884e-08,5.0977829747910164e-08,5.0977427526405534e-08,5.097702537638877e-08,5.097662329747586e-08,5.0976221289324134e-08,5.0975819351470185e-08,5.0975417483746514e-08,5.0975015685698337e-08,5.0974613957018915e-08,5.097421229696029e-08,5.097381070570253e-08,5.097340918292341e-08,5.097300772813745e-08,5.097260634103246e-08,5.097220502117008e-08,5.097180376829563e-08,5.0971402582133964e-08,5.0971001462060493e-08,5.0970600408011494e-08,5.097019941999432e-08,5.0969798497396204e-08,5.096939763991316e-08,5.0968996846807335e-08,5.096859611862286e-08,5.0968195454654235e-08,5.0967794854608476e-08,5.096739431819561e-08,5.096699384513033e-08,5.096659343512683e-08,5.096619308790392e-08,5.096579280318327e-08,5.096539258068938e-08,5.0964992420149575e-08,5.0964592321306195e-08,5.096419228386969e-08,5.096379230757828e-08,5.0963392392032335e-08,5.096299253729653e-08,5.09625927429333e-08,5.096219300862372e-08,5.0961793334157654e-08,5.0961393719337786e-08,5.09609941639292e-08,5.096059466765047e-08,5.096019523022013e-08,5.095979585148917e-08,5.095939653117312e-08,5.0958997269038697e-08,5.0958598064853704e-08,5.095819891838896e-08,5.095779982941755e-08,5.095740079771486e-08,5.095700182306272e-08,5.095660290523703e-08,5.095620404402001e-08,5.095580523919608e-08,5.09554064905518e-08,5.0955007797875987e-08,5.0954609160959527e-08,5.095421057959548e-08,5.0953812053572856e-08,5.09534135826961e-08,5.0953015166763e-08,5.09526168055749e-08,5.09522184989351e-08,5.0951820246650496e-08,5.0951422048527854e-08,5.0951023904370065e-08,5.0950625813999755e-08,5.095022777722403e-08,5.094982979385033e-08,5.094943186366691e-08,5.094903398655842e-08,5.0948636162362245e-08,5.0948238390828536e-08,5.094784067180285e-08,5.094744300511186e-08,5.0947045390583764e-08,5.0946647828048215e-08,5.094625031732061e-08,5.094585285821931e-08,5.094545545062496e-08,5.094505809447771e-08,5.094466078948932e-08,5.0944263535443444e-08,5.094386633224718e-08,5.0943469179744516e-08,5.094307207778229e-08,5.094267502621225e-08,5.0942278024979025e-08,5.09418810738152e-08,5.094148417263305e-08,5.094108732106776e-08,5.0940690519111527e-08,5.0940293766649165e-08,5.0939897063467195e-08,5.093950040948484e-08,5.0939103804672446e-08,5.093870724873021e-08,5.0938310741729496e-08,5.0937914283205686e-08,5.0937517873253994e-08,5.0937121511253334e-08,5.093672519786714e-08,5.0936328932555454e-08,5.093593271526095e-08,5.093553654586793e-08,5.0935140424152e-08,5.093474435022821e-08,5.0934348323529326e-08,5.093395234425351e-08,5.0933556412196224e-08,5.093316052724095e-08,5.0932764689269886e-08,5.093236889816555e-08,5.09319731538762e-08,5.093157745622883e-08,5.0931181804986446e-08,5.0930786200152654e-08,5.093039064162581e-08,5.092999512929794e-08,5.092959966302998e-08,5.092920424272955e-08,5.092880886827588e-08,5.0928413539568227e-08,5.092801825650006e-08,5.0927623018965286e-08,5.092722782685857e-08,5.092683268007151e-08,5.0926437578514476e-08,5.0926042522082596e-08,5.092564751067167e-08,5.092525254418447e-08,5.092485762252172e-08,5.092446274559018e-08,5.09240679132868e-08,5.092367312552149e-08,5.092327838221269e-08,5.092288368324631e-08,5.0922489028532673e-08,5.092209441794826e-08,5.092169985146219e-08,5.092130532893734e-08,5.0920910850340605e-08,5.0920516415669456e-08,5.092012202463688e-08,5.091972767721246e-08,5.0919333373337836e-08,5.0918939112813325e-08,5.091854489558222e-08,5.0918150721858334e-08,5.091775659121715e-08,5.091736250358517e-08,5.0916968459228675e-08,5.091657445782677e-08,5.091618049931176e-08,5.0915786583635726e-08,5.091539271067631e-08,5.091499888037566e-08,5.0914605092642924e-08,5.091421134743477e-08,5.091381764465707e-08,5.0913423984306826e-08,5.091303036614596e-08,5.091263679023092e-08,5.091224325645353e-08,5.091184976477902e-08,5.0911456315116954e-08,5.091106290734598e-08,5.0910669541436816e-08,5.091027621731597e-08,5.0909882934925446e-08,5.0909489694183704e-08,5.090909649502288e-08,5.090870333733572e-08,5.090831022118381e-08,5.090791714658761e-08,5.090752411314573e-08,5.09071311209694e-08,5.090673817000068e-08,5.090634526015062e-08,5.090595239128996e-08,5.0905559563876815e-08,5.0905166777146765e-08,5.090477403138775e-08,5.0904381326362055e-08,5.090398866210726e-08,5.09035960384505e-08,5.090320345564356e-08,5.090281091343119e-08,5.090241841182832e-08,5.090202595065711e-08,5.090163352992584e-08,5.090124114928494e-08,5.090084880929656e-08,5.090045650972517e-08,5.09000642502641e-08,5.089967203096127e-08,5.089927985179826e-08,5.089888771270635e-08,5.089849561363602e-08,5.089810355455047e-08,5.0897711535365534e-08,5.089731955603486e-08,5.089692761665897e-08,5.089653571691863e-08,5.089614385693253e-08,5.089575203662467e-08,5.089536025600399e-08,5.0894968514875253e-08,5.089457681327603e-08,5.0894185151165273e-08,5.089379352829219e-08,5.089340194501508e-08,5.089301040108859e-08,5.089261889646492e-08,5.089222743094068e-08,5.0891836004801007e-08,5.089144461783434e-08,5.089105326999001e-08,5.0890661961232493e-08,5.089027069153203e-08,5.088987946081344e-08,5.088948826906563e-08,5.0889097116239285e-08,5.088870600229166e-08,5.0888314927113864e-08,5.088792389080546e-08,5.088753289325673e-08,5.088714193442837e-08,5.088675101428146e-08,5.088636013278097e-08,5.0885969289881736e-08,5.088557848554903e-08,5.088518771974574e-08,5.08847969924552e-08,5.088440630360235e-08,5.08840156531576e-08,5.0883625041129806e-08,5.0883234467425015e-08,5.0882843932022995e-08,5.088245343489722e-08,5.088206297602644e-08,5.088167255534766e-08,5.088128217284759e-08,5.0880891828490125e-08,5.088050152222375e-08,5.088011125405865e-08,5.087972102389986e-08,5.0879330831753506e-08,5.087894067751633e-08,5.087855056127833e-08,5.087816048294592e-08,5.0877770442489224e-08,5.087738043987678e-08,5.087699047507742e-08,5.087660054806017e-08,5.087621065880325e-08,5.087582080727235e-08,5.0875430993418824e-08,5.0875041217225617e-08,5.087465147867077e-08,5.087426177771439e-08,5.087387211432848e-08,5.087348248848674e-08,5.0873092900160486e-08,5.087270334932143e-08,5.087231383594138e-08,5.0871924359992393e-08,5.087153492144683e-08,5.087114552028122e-08,5.0870756156465734e-08,5.0870366829973666e-08,5.08699775407699e-08,5.086958828883471e-08,5.086919907414174e-08,5.0868809896664935e-08,5.08684207563784e-08,5.086803165325635e-08,5.0867642587273487e-08,5.0867253558404544e-08,5.086686456662453e-08,5.086647561190866e-08,5.0866086694232215e-08,5.086569781357086e-08,5.0865308969427525e-08,5.086492016214765e-08,5.086453139196877e-08,5.086414265867518e-08,5.0863753962386356e-08,5.086336530264121e-08,5.086297668045732e-08,5.086258809506075e-08,5.086219954647513e-08,5.0861811034663856e-08,5.086142255962084e-08,5.086103412130551e-08,5.086064571970507e-08,5.0860257354798265e-08,5.085986902656613e-08,5.0859480734989394e-08,5.085909248001225e-08,5.0858704261713974e-08,5.0858316079954285e-08,5.085792793475781e-08,5.0857539825848455e-08,5.085715175371613e-08,5.08567637180917e-08,5.085637571897478e-08,5.085598775630399e-08,5.0855599830101933e-08,5.0855211940307744e-08,5.08548240869101e-08,5.0854436269893264e-08,5.0854048489246934e-08,5.0853660744893966e-08,5.085327303691636e-08,5.085288536508531e-08,5.0852497729709475e-08,5.085211013061444e-08,5.085172256776399e-08,5.0851335041150383e-08,5.085094755074885e-08,5.0850560096545486e-08,5.085017267852347e-08,5.084978529666412e-08,5.0849397950950554e-08,5.084901064136489e-08,5.0848623367889725e-08,5.084823613052213e-08,5.084784892922801e-08,5.0847461763983104e-08,5.0847074634217966e-08,5.084668754140056e-08,5.0846300484242516e-08,5.0845913463092096e-08,5.0845526477890224e-08,5.084513952864386e-08,5.084475261534084e-08,5.084436573797117e-08,5.0843978896557106e-08,5.0843592091325826e-08,5.0843205321705095e-08,5.084281858790033e-08,5.084243188992051e-08,5.0842045227814e-08,5.084165860132847e-08,5.084127201080682e-08,5.084088545606716e-08,5.084049893723884e-08,5.084011245392546e-08,5.083972600646319e-08,5.0839339594724254e-08,5.083895321870362e-08,5.083856687838073e-08,5.083818057373989e-08,5.08377943047658e-08,5.08374080714538e-08,5.08370218737858e-08,5.0836635711738e-08,5.083624958530707e-08,5.083586349446538e-08,5.083547743933825e-08,5.083509141966276e-08,5.083470543553244e-08,5.083431948680064e-08,5.0833933573759954e-08,5.0833547696159487e-08,5.0833161854138056e-08,5.083277604761633e-08,5.083239027657304e-08,5.083200454106008e-08,5.083161884093464e-08,5.083123317624879e-08,5.0830847546987984e-08,5.0830461953142615e-08,5.0830076394699463e-08,5.082969087164232e-08,5.082930538396164e-08,5.082891993163398e-08,5.082853451466861e-08,5.0828149133038656e-08,5.082776378673537e-08,5.0827378475754025e-08,5.0826993200078205e-08,5.082660795969014e-08,5.082622275458103e-08,5.0825837584738997e-08,5.082545245015226e-08,5.0825067350809056e-08,5.082468228669777e-08,5.0824297257806837e-08,5.0823912264124425e-08,5.0823527305639203e-08,5.08231423823415e-08,5.08227574942022e-08,5.082237264122979e-08,5.082198782342428e-08,5.08216030407561e-08,5.0821218293217884e-08,5.0820833580798566e-08,5.08204489034872e-08,5.08200642612733e-08,5.0819679654145607e-08,5.0819295082093154e-08,5.08189105451049e-08,5.0818526043170504e-08,5.081814157627941e-08,5.081775714442093e-08,5.0817372747584586e-08,5.081698838575986e-08,5.0816604058851886e-08,5.081621976699192e-08,5.081583550998874e-08,5.081545128813698e-08,5.081506710118843e-08,5.0814682949101225e-08,5.081429883206536e-08,5.0813914749948784e-08,5.0813530702756346e-08,5.081314669048284e-08,5.0812762713109934e-08,5.081237877062694e-08,5.081199486302405e-08,5.081161099029138e-08,5.08112271524193e-08,5.0810843349398156e-08,5.081045958121831e-08,5.081007584787029e-08,5.0809692149344254e-08,5.080930848563087e-08,5.080892485672066e-08,5.0808541262604167e-08,5.0808157703272035e-08,5.0807774178714934e-08,5.080739068892356e-08,5.080700723388783e-08,5.080662381360015e-08,5.0806240428050524e-08,5.080585707724211e-08,5.080547376115326e-08,5.08050904797748e-08,5.080470723309784e-08,5.08043240211134e-08,5.080394084381247e-08,5.0803557701174096e-08,5.080317459320172e-08,5.080279151988653e-08,5.08024084812197e-08,5.080202547719247e-08,5.0801642507796165e-08,5.0801259573022036e-08,5.080087667286148e-08,5.0800493807305785e-08,5.080011097634643e-08,5.079972817995989e-08,5.0799345418162065e-08,5.079896269092672e-08,5.079857999825394e-08,5.079819734014894e-08,5.079781471658962e-08,5.0797432127567655e-08,5.079704957307469e-08,5.079666705310236e-08,5.079628456764237e-08,5.07959021166861e-08,5.0795519700205407e-08,5.0795137318232277e-08,5.0794754970699275e-08,5.07943726576773e-08,5.079399037911813e-08,5.0793608135014046e-08,5.0793225925356885e-08,5.0792843750138615e-08,5.079246160935126e-08,5.0792079502981946e-08,5.0791697430994585e-08,5.0791315393424754e-08,5.0790933390254585e-08,5.0790551421484654e-08,5.0790169487113935e-08,5.078978758712138e-08,5.078940572150061e-08,5.0789023890240035e-08,5.078864209333531e-08,5.078826033077259e-08,5.078787860254745e-08,5.0787496908652135e-08,5.078711524907902e-08,5.0786733623820536e-08,5.078635203286911e-08,5.078597047621715e-08,5.0785588953857186e-08,5.078520746578165e-08,5.0784826011983126e-08,5.0784444592452215e-08,5.078406320718333e-08,5.078368185616907e-08,5.078330053940205e-08,5.07829192568749e-08,5.07825380085803e-08,5.0782156794514365e-08,5.078177561466629e-08,5.078139446902882e-08,5.078101335759469e-08,5.0780632280358573e-08,5.078025123731132e-08,5.077987022844407e-08,5.0779489253751286e-08,5.077910831322584e-08,5.077872740686052e-08,5.0778346534648226e-08,5.0777965696581835e-08,5.077758489265427e-08,5.0777204122858494e-08,5.077682338718738e-08,5.077644268563391e-08,5.07760620181911e-08,5.077568138485188e-08,5.077530078560921e-08,5.0774920220456224e-08,5.077453968938592e-08,5.077415919239138e-08,5.077377872946571e-08,5.077339830060196e-08,5.077301790579329e-08,5.0772637545032814e-08,5.077225721831366e-08,5.077187692562901e-08,5.077149666697204e-08,5.077111644233594e-08,5.0770736251713926e-08,5.0770356095125636e-08,5.076997597253824e-08,5.076959588394489e-08,5.076921582933892e-08,5.0768835808713574e-08,5.07684558220622e-08,5.076807586937811e-08,5.076769595065461e-08,5.076731606588507e-08,5.076693621506286e-08,5.076655639818133e-08,5.07661766152339e-08,5.076579686621395e-08,5.0765417151114875e-08,5.076503746993016e-08,5.0764657822653226e-08,5.0764278209277515e-08,5.076389862979656e-08,5.076351908420379e-08,5.076313957249273e-08,5.0762760094656864e-08,5.0762380650689714e-08,5.07620012405849e-08,5.0761621864335855e-08,5.076124252193621e-08,5.076086321337958e-08,5.0760483938659444e-08,5.07601046977695e-08,5.07597254907033e-08,5.075934631745454e-08,5.075896717801684e-08,5.0758588072383815e-08,5.075820900054917e-08,5.0757829962506605e-08,5.075745095824978e-08,5.0757071987772417e-08,5.075669305106825e-08,5.0756314148131e-08,5.075593527895443e-08,5.075555644353228e-08,5.075517764185837e-08,5.075479887392649e-08,5.0754420139730466e-08,5.075404143926415e-08,5.07536627725213e-08,5.075328413949594e-08,5.075290554018195e-08,5.0752526974573126e-08,5.075214844266366e-08,5.075176994441767e-08,5.075139147985683e-08,5.0751013048974985e-08,5.075063465176592e-08,5.075025628822354e-08,5.074987795834169e-08,5.074949966211424e-08,5.074912139966171e-08,5.074874317066669e-08,5.074836497524617e-08,5.0747986814081103e-08,5.0747608685976196e-08,5.074723059139281e-08,5.074685253082415e-08,5.07464745038026e-08,5.074609651004961e-08,5.07457185501054e-08,5.074534062398575e-08,5.0744962731057404e-08,5.0744584871751223e-08,5.074420704601454e-08,5.074382925384831e-08,5.074345149523584e-08,5.0743073770174865e-08,5.074269607865944e-08,5.074231842068354e-08,5.074194079624126e-08,5.074156320532662e-08,5.0741185647933625e-08,5.07408081240564e-08,5.0740430633688953e-08,5.074005317682541e-08,5.0739675753500626e-08,5.073929836364204e-08,5.073892100720181e-08,5.073854368424716e-08,5.073816639519311e-08,5.073778913967542e-08,5.073741191729856e-08,5.0737034728235674e-08,5.073665757273528e-08,5.0736280450613205e-08,5.0735903361811054e-08,5.073552630661677e-08,5.0735149284874394e-08,5.0734772296491744e-08,5.0734395341485184e-08,5.073401841986711e-08,5.073364153157084e-08,5.0733264677115445e-08,5.0732887855889784e-08,5.073251106806611e-08,5.0732134313827405e-08,5.0731757593129685e-08,5.073138090522446e-08,5.073100425067147e-08,5.073062762951032e-08,5.073025104168448e-08,5.072987448739937e-08,5.072949796631023e-08,5.072912147855642e-08,5.072874502411825e-08,5.072836860296711e-08,5.072799221513366e-08,5.07276158606121e-08,5.072723953939825e-08,5.072686325148474e-08,5.07264869968658e-08,5.072611077553578e-08,5.072573458748894e-08,5.0725358432721546e-08,5.0724982311226004e-08,5.072460622299121e-08,5.072423016801653e-08,5.072385414622673e-08,5.0723478157669476e-08,5.072310220232126e-08,5.072272628033263e-08,5.072235039157707e-08,5.0721974536045404e-08,5.0721598713694536e-08,5.0721222924559444e-08,5.072084716870167e-08,5.072047144592475e-08,5.0720095756373556e-08,5.071972010008144e-08,5.071934447697629e-08,5.071896888714045e-08,5.0718593330083596e-08,5.0718217806501624e-08,5.071784231606917e-08,5.071746685879536e-08,5.071709143469669e-08,5.071671604355322e-08,5.071634068563901e-08,5.071596536096732e-08,5.0715590069380744e-08,5.071521481091525e-08,5.0714839585602415e-08,5.071446439346893e-08,5.0714089234397004e-08,5.071371410848493e-08,5.071333901563861e-08,5.0712963955868936e-08,5.0712588929190736e-08,5.0712213935592415e-08,5.0711838974936007e-08,5.071146404777313e-08,5.0711089153371146e-08,5.0710714292041884e-08,5.071033946373488e-08,5.0709964668452664e-08,5.0709589906316446e-08,5.070921517712123e-08,5.070884048099122e-08,5.070846581788709e-08,5.07080911878203e-08,5.0707716590765977e-08,5.070734202671979e-08,5.070696749567681e-08,5.070659299763197e-08,5.0706218532561445e-08,5.07058441004992e-08,5.070546970141577e-08,5.07050953353026e-08,5.0704721002112596e-08,5.0704346701977516e-08,5.070397243484148e-08,5.070359820044469e-08,5.07032239986968e-08,5.0702849830347916e-08,5.070247569498203e-08,5.070210159245374e-08,5.0701727522804996e-08,5.0701353485741686e-08,5.070097948143327e-08,5.070060551053978e-08,5.070023157273816e-08,5.0699857667815335e-08,5.069948379572875e-08,5.0699109956648554e-08,5.0698736150458765e-08,5.0698362377023085e-08,5.069798863664279e-08,5.0697614929064314e-08,5.069724125430942e-08,5.0696867612385916e-08,5.069649400329577e-08,5.0696120427165926e-08,5.069574688385922e-08,5.069537337337453e-08,5.069499989570937e-08,5.0694626450860284e-08,5.069425303882325e-08,5.069387965959391e-08,5.0693506313167654e-08,5.069313299953978e-08,5.0692759718705314e-08,5.069238647065934e-08,5.06920132553968e-08,5.069164007291257e-08,5.069126692314184e-08,5.0690893806167534e-08,5.0690520721950506e-08,5.069014767042879e-08,5.0689774651662065e-08,5.068940166562775e-08,5.06890287123414e-08,5.068865579180364e-08,5.068828290411083e-08,5.068791004903037e-08,5.068753722666546e-08,5.068716443699631e-08,5.068679168003791e-08,5.068641895578483e-08,5.068604626423184e-08,5.068567360537348e-08,5.068530097920446e-08,5.068492838571943e-08,5.0684555824913046e-08,5.0684183296779944e-08,5.068381080131481e-08,5.0683438338512335e-08,5.068306590836713e-08,5.068269351087389e-08,5.068232114602727e-08,5.0681948813821963e-08,5.0681576514252675e-08,5.0681204247314e-08,5.068083201300072e-08,5.0680459811307425e-08,5.0680087642228824e-08,5.067971550575965e-08,5.067934340189454e-08,5.067897133062816e-08,5.0678599291955245e-08,5.067822728587048e-08,5.0677855312368555e-08,5.0677483371444186e-08,5.067711146309205e-08,5.067673958730682e-08,5.067636774408326e-08,5.067599593341603e-08,5.067562415529985e-08,5.067525240972941e-08,5.0674880696699426e-08,5.067450901620465e-08,5.067413736823975e-08,5.067376575279947e-08,5.067339416987849e-08,5.067302261947157e-08,5.067265110157341e-08,5.067227961617873e-08,5.067190816328223e-08,5.067153674287866e-08,5.067116535496277e-08,5.06707939995293e-08,5.067042267657292e-08,5.0670051386088407e-08,5.066968012807048e-08,5.0669308902513864e-08,5.066893770941328e-08,5.066856654876353e-08,5.066819542055931e-08,5.066782432479537e-08,5.066745326146647e-08,5.066708223056732e-08,5.066671123209271e-08,5.0666340266037347e-08,5.066596933239575e-08,5.066559843116581e-08,5.066522756233677e-08,5.0664856725906e-08,5.0664485921868304e-08,5.0664115150218444e-08,5.066374441095114e-08,5.0663373704061156e-08,5.06630030295332e-08,5.066263238738189e-08,5.066226177759265e-08,5.066189120015743e-08,5.066152065507548e-08,5.0661150142337965e-08,5.066077966194266e-08,5.066040921389354e-08,5.066003879816359e-08,5.065966841475809e-08,5.065929806367785e-08,5.065892774490763e-08,5.06585574584468e-08,5.065818720429012e-08,5.065781698243252e-08,5.065744679286852e-08,5.065707663559704e-08,5.065670651060478e-08,5.065633641789062e-08,5.0655966357449336e-08,5.065559632927571e-08,5.065522633336457e-08,5.065485636971074e-08,5.065448643828966e-08,5.065411653913466e-08,5.065374667222134e-08,5.065337683754443e-08,5.065300703509882e-08,5.065263726489544e-08,5.0652267526896744e-08,5.065189782111373e-08,5.0651528147541206e-08,5.065115850617396e-08,5.065078889700681e-08,5.0650419320034596e-08,5.06500497752521e-08,5.064968026265414e-08,5.064931078223556e-08,5.0648941333991295e-08,5.064857191791587e-08,5.064820253400429e-08,5.0647833182250416e-08,5.0647463862662984e-08,5.0647094575211955e-08,5.06467253199039e-08,5.064635609673377e-08,5.064598690569641e-08,5.064561774678665e-08,5.0645248619999246e-08,5.064487952532914e-08,5.064451046277112e-08,5.064414143232001e-08,5.0643772433970674e-08,5.064340346771719e-08,5.0643034533555725e-08,5.064266563148053e-08,5.0642296761350965e-08,5.0641927923458134e-08,5.06415591175897e-08,5.064119034378904e-08,5.064082160188797e-08,5.064045289220986e-08,5.064008421459649e-08,5.0639715569027516e-08,5.0639346955458186e-08,5.063897837461728e-08,5.063860982543468e-08,5.0638241308009285e-08,5.063787282247871e-08,5.06375043690689e-08,5.063713594766942e-08,5.0636767558275274e-08,5.063639920088137e-08,5.063603087548259e-08,5.063566258207372e-08,5.063529432064936e-08,5.063492609120389e-08,5.06345578937314e-08,5.063418972822592e-08,5.063382159438342e-08,5.06334534926117e-08,5.063308542298119e-08,5.063271738530131e-08,5.0632349379568694e-08,5.063198140573418e-08,5.063161346370395e-08,5.063124555376208e-08,5.06308776757372e-08,5.063050982963208e-08,5.0630142015437635e-08,5.062977423311351e-08,5.062940648271695e-08,5.062903876425298e-08,5.062867107766555e-08,5.062830342294136e-08,5.0627935800022735e-08,5.062756820917732e-08,5.0627200650084934e-08,5.062683312286351e-08,5.062646562750315e-08,5.062609816396741e-08,5.062573073231341e-08,5.062536333244954e-08,5.062499596436828e-08,5.0624628628201395e-08,5.062426132389729e-08,5.0623894051423095e-08,5.06235268107725e-08,5.062315960153322e-08,5.062279242429863e-08,5.062242527877806e-08,5.0622058164812395e-08,5.0621691083494915e-08,5.062132403355319e-08,5.0620957015462676e-08,5.0620590029164604e-08,5.062022307457983e-08,5.0619856151864755e-08,5.0619489261001105e-08,5.061912240171106e-08,5.061875557419913e-08,5.061838877845004e-08,5.06180220144415e-08,5.0617655282167774e-08,5.06172885816228e-08,5.061692191293371e-08,5.0616555276093026e-08,5.061618867077385e-08,5.061582209716995e-08,5.061545555527201e-08,5.06150890452636e-08,5.061472256670475e-08,5.061435611984317e-08,5.0613989704672066e-08,5.061362332144862e-08,5.0613256969935946e-08,5.0612890650145786e-08,5.061252436210617e-08,5.0612158105892453e-08,5.061179188138085e-08,5.061142568806741e-08,5.061105952613508e-08,5.061069339585202e-08,5.061032729657893e-08,5.060996122879924e-08,5.060959519313394e-08,5.060922918883215e-08,5.060886321639092e-08,5.0608497275170976e-08,5.060813136575118e-08,5.060776548804497e-08,5.060739964235115e-08,5.060703382825146e-08,5.0606668045740604e-08,5.06063022948134e-08,5.0605936575464665e-08,5.0605570887389334e-08,5.060520523090994e-08,5.060483960548456e-08,5.0604474011704136e-08,5.060410844954055e-08,5.0603742918974e-08,5.060337742047578e-08,5.060301195357368e-08,5.060264651820195e-08,5.060228111435559e-08,5.060191574199613e-08,5.0601550401148564e-08,5.0601185091807605e-08,5.060081981396787e-08,5.060045456762398e-08,5.060008935277058e-08,5.0599724169402236e-08,5.059935901751353e-08,5.059899389709909e-08,5.059862880815349e-08,5.0598263750671384e-08,5.05978987246475e-08,5.0597533730076545e-08,5.0597168766953414e-08,5.059680383527342e-08,5.059643893514238e-08,5.0596074066448486e-08,5.059570922918593e-08,5.0595344423348637e-08,5.059497964892998e-08,5.0594614905922046e-08,5.0594250194314364e-08,5.059388551408841e-08,5.0593520865180445e-08,5.0593156247857205e-08,5.059279166181736e-08,5.059242710720468e-08,5.0592062583994456e-08,5.0591698091958195e-08,5.0591333631169774e-08,5.059096920229459e-08,5.0590604804612524e-08,5.059024043828529e-08,5.058987610331312e-08,5.058951179939221e-08,5.058914752693224e-08,5.058878328586573e-08,5.0588419076215496e-08,5.058805489787615e-08,5.058769075086735e-08,5.058732663511297e-08,5.0586962550511603e-08,5.0586598497546636e-08,5.058623447588656e-08,5.058587048552639e-08,5.058550652646117e-08,5.058514259855073e-08,5.0584778701809765e-08,5.058441483634078e-08,5.058405100230264e-08,5.058368720024184e-08,5.0583323429222495e-08,5.058295968915873e-08,5.05825959803581e-08,5.058223230272192e-08,5.0581868656474245e-08,5.058150504134875e-08,5.0581141457685164e-08,5.058077790496788e-08,5.0580414383468365e-08,5.058005089322052e-08,5.0579687434161464e-08,5.057932400630983e-08,5.057896060959362e-08,5.057859724414922e-08,5.057823390989989e-08,5.057787060684691e-08,5.057750733497214e-08,5.057714409427607e-08,5.057678088476408e-08,5.057641770641262e-08,5.057605455922725e-08,5.05756914432018e-08,5.057532835833129e-08,5.057496530461069e-08,5.057460228203512e-08,5.057423929059796e-08,5.057387633029808e-08,5.057351340112764e-08,5.05731505030823e-08,5.0572787636162177e-08,5.0572424800228084e-08,5.0572061995528286e-08,5.0571699221804634e-08,5.0571336479310386e-08,5.0570973767911326e-08,5.057061108760275e-08,5.057024843837873e-08,5.05698858202357e-08,5.0569523233168244e-08,5.056916067717122e-08,5.056879815224001e-08,5.0568435658369384e-08,5.0568073195554424e-08,5.056771076378888e-08,5.0567348363042554e-08,5.056698599336599e-08,5.0566623654725215e-08,5.05662613471142e-08,5.05658990705291e-08,5.056553682496582e-08,5.056517461041864e-08,5.056481242688127e-08,5.0564450274248946e-08,5.0564088152805005e-08,5.056372606227153e-08,5.0563364003001406e-08,5.056300197443136e-08,5.056263997686462e-08,5.0562278010274115e-08,5.056191607466897e-08,5.0561554170032166e-08,5.0561192296358386e-08,5.056083045364245e-08,5.056046864158538e-08,5.056010686057653e-08,5.055974511053488e-08,5.055938339144063e-08,5.0559021703371646e-08,5.055866004627059e-08,5.0558298420085405e-08,5.055793682483979e-08,5.0557575260438096e-08,5.055721372702733e-08,5.05568522242871e-08,5.055649075239979e-08,5.05561293113019e-08,5.0555767901097354e-08,5.0555406521576745e-08,5.055504517311683e-08,5.055468385546017e-08,5.055432256836671e-08,5.055396131288999e-08,5.0553600088247236e-08,5.0553238894457646e-08,5.055287773151633e-08,5.055251659941838e-08,5.055215549815888e-08,5.055179442773288e-08,5.05514333881355e-08,5.0551072379361814e-08,5.0550711401406926e-08,5.0550350454265886e-08,5.0549989537933816e-08,5.0549628652405786e-08,5.054926779767686e-08,5.0548906973742176e-08,5.054854618059678e-08,5.054818541823581e-08,5.054782468665433e-08,5.0547463985847434e-08,5.0547103315810245e-08,5.054674267653781e-08,5.0546382068025266e-08,5.054602149026766e-08,5.054566094326017e-08,5.05453004269978e-08,5.054493994147569e-08,5.0544579486688954e-08,5.054421906263269e-08,5.0543858669301996e-08,5.0543498306692e-08,5.054313797479774e-08,5.054277767361439e-08,5.054241740313698e-08,5.0542057163360725e-08,5.054169695428066e-08,5.05413367758919e-08,5.0540976628189546e-08,5.054061651116869e-08,5.0540256424824514e-08,5.0539896369152054e-08,5.053953634414646e-08,5.0539176349802826e-08,5.0538816386116304e-08,5.053845645308195e-08,5.0538096550694914e-08,5.053773667895031e-08,5.0537376837843254e-08,5.053701702736884e-08,5.0536657247522255e-08,5.053629749829853e-08,5.053593777969286e-08,5.053557809170032e-08,5.0535218434316057e-08,5.0534858807535156e-08,5.0534499211352784e-08,5.053413964576406e-08,5.053378011076406e-08,5.0533420606348014e-08,5.053306113251095e-08,5.053270168924803e-08,5.053234227655439e-08,5.053198289442515e-08,5.053162354285543e-08,5.05312642218404e-08,5.0530904931375155e-08,5.053054567145483e-08,5.053018644207459e-08,5.052982724322955e-08,5.052946807491486e-08,5.052910893712561e-08,5.0528749829856997e-08,5.052839075310414e-08,5.052803170686133e-08,5.052767269112461e-08,5.0527313705889025e-08,5.052695475114975e-08,5.052659582690193e-08,5.0526236933140736e-08,5.052587806986288e-08,5.052551923706193e-08,5.0525160434733005e-08,5.052480166287129e-08,5.052444292147269e-08,5.0524084210531544e-08,5.052372553004044e-08,5.0523366879996776e-08,5.0523008260401093e-08,5.0522649671239245e-08,5.052229111251043e-08,5.052193258422291e-08,5.052157408634623e-08,5.052121561888708e-08,5.052085718184354e-08,5.052049877522068e-08,5.052014039898947e-08,5.05197820531577e-08,5.051942373772468e-08,5.0519065452679105e-08,5.051870719801831e-08,5.05183489737374e-08,5.051799077983084e-08,5.051763261629454e-08,5.051727448312364e-08,5.051691638031331e-08,5.05165583078572e-08,5.0516200265751986e-08,5.05158422539929e-08,5.051548427257509e-08,5.0515126321494425e-08,5.0514768400730716e-08,5.051441051031414e-08,5.051405265020347e-08,5.051369482039727e-08,5.051333702091043e-08,5.051297925171322e-08,5.051262151280567e-08,5.051226380443577e-08,5.051190612613285e-08,5.051154847811642e-08,5.0511190860407845e-08,5.051083327298101e-08,5.051047571587866e-08,5.0510118188950444e-08,5.050976069279787e-08,5.0509403226694206e-08,5.050904579055418e-08,5.0508688384648586e-08,5.050833100897106e-08,5.050797366351507e-08,5.050761634827373e-08,5.050725906323973e-08,5.050690180840506e-08,5.0506544583980186e-08,5.050618738978482e-08,5.050583022575851e-08,5.0505473091938494e-08,5.050511598831997e-08,5.0504758914898144e-08,5.050440187166823e-08,5.050404485862541e-08,5.0503687875764864e-08,5.0503330923081774e-08,5.050297400057134e-08,5.050261710822845e-08,5.050226024604896e-08,5.050190341402772e-08,5.0501546612159974e-08,5.0501189840440524e-08,5.050083309886494e-08,5.050047638742878e-08,5.050011970612692e-08,5.049976305495437e-08,5.049940643390687e-08,5.04990498429793e-08,5.049869328216683e-08,5.049833675146468e-08,5.0497980250867455e-08,5.04976237803685e-08,5.049726733996685e-08,5.0496910929657375e-08,5.0496554549434475e-08,5.04961981992933e-08,5.04958418792289e-08,5.0495485589236546e-08,5.049512932931379e-08,5.0494773099453494e-08,5.0494416899650815e-08,5.049406072990096e-08,5.049370459019923e-08,5.0493348480540756e-08,5.049299240092082e-08,5.049263635133456e-08,5.0492280331777336e-08,5.049192434224422e-08,5.0491568382727874e-08,5.049121245322612e-08,5.0490856553734256e-08,5.0490500684247473e-08,5.0490144844761003e-08,5.048978903527008e-08,5.048943325576993e-08,5.048907750625581e-08,5.0488721786750966e-08,5.0488366097222236e-08,5.048801043766487e-08,5.04876548080741e-08,5.0487299208445154e-08,5.0486943638773346e-08,5.048658809905388e-08,5.0486232589282e-08,5.0485877109452985e-08,5.0485521659562105e-08,5.048516623960458e-08,5.048481084957571e-08,5.048445548947075e-08,5.048410015928494e-08,5.0483744859013575e-08,5.0483389588651904e-08,5.048303434819517e-08,5.0482679137244646e-08,5.048232395619017e-08,5.048196880502695e-08,5.048161368375018e-08,5.048125859235519e-08,5.048090353083721e-08,5.048054849919142e-08,5.048019349741305e-08,5.047983852549741e-08,5.047948358343968e-08,5.047912867123517e-08,5.047877378887905e-08,5.047841893636664e-08,5.047806411369314e-08,5.047770932085381e-08,5.047735455784391e-08,5.0476999824658644e-08,5.047664512129328e-08,5.047629044774313e-08,5.0475935804003366e-08,5.047558119006924e-08,5.047522660593609e-08,5.04748720515991e-08,5.047451752705353e-08,5.047416303229462e-08,5.047380856731764e-08,5.047345413211789e-08,5.0473099726690576e-08,5.0472745351030993e-08,5.047239100513435e-08,5.0472036688995984e-08,5.0471682402611053e-08,5.04713281459749e-08,5.0470973919082765e-08,5.047061972192992e-08,5.047026555451162e-08,5.04699114168231e-08,5.04695573088597e-08,5.046920323061661e-08,5.046884918208914e-08,5.04684951632725e-08,5.046814117416205e-08,5.0467787214752955e-08,5.0467433285040556e-08,5.046707938502012e-08,5.046672551468691e-08,5.046637167403619e-08,5.04660178630632e-08,5.0465664081763285e-08,5.046531033013169e-08,5.0464956608163675e-08,5.0464602916107585e-08,5.046424925369514e-08,5.0463895620916394e-08,5.046354201775479e-08,5.0463188444167435e-08,5.0462834899830086e-08,5.046248138553163e-08,5.0462127900931225e-08,5.046177444614516e-08,5.046142102097528e-08,5.0461067625416785e-08,5.0460714259464885e-08,5.04603609231148e-08,5.046000761636173e-08,5.045965433920083e-08,5.045930109162731e-08,5.045894787363626e-08,5.045859468522281e-08,5.045824152626935e-08,5.0457888396883155e-08,5.045753529702753e-08,5.045718222666079e-08,5.045682918564109e-08,5.045647617450445e-08,5.0456123192788505e-08,5.045577024075976e-08,5.0455417318242535e-08,5.045506442547225e-08,5.0454711562238045e-08,5.04543587285368e-08,5.0454005924365786e-08,5.04536531497231e-08,5.0453300404607785e-08,5.045294768857716e-08,5.045259500230218e-08,5.045224234552076e-08,5.04518897182257e-08,5.0451537120291234e-08,5.045118455211694e-08,5.045083201312667e-08,5.0450479503748105e-08,5.0450127023838375e-08,5.044977457329285e-08,5.044942215246777e-08,5.044906976107105e-08,5.0448717399103253e-08,5.044836506656311e-08,5.044801276344857e-08,5.044766048975686e-08,5.04473082454848e-08,5.0446956030444344e-08,5.044660384482242e-08,5.0446251688614345e-08,5.044589956181547e-08,5.044554746442113e-08,5.044519539642672e-08,5.0444843357827585e-08,5.0444491348619166e-08,5.044413936879686e-08,5.044378741835612e-08,5.044343549718289e-08,5.044308360538395e-08,5.0442731742955e-08,5.0442379909891985e-08,5.044202810619073e-08,5.0441676331847086e-08,5.0441324586723e-08,5.0440972871141205e-08,5.0440621184608094e-08,5.044026952759801e-08,5.043991789977932e-08,5.0439566301568896e-08,5.0439214732679543e-08,5.0438863192783685e-08,5.0438511682357095e-08,5.043816020118172e-08,5.0437808749477016e-08,5.0437457326749286e-08,5.0437105933744253e-08,5.0436754569888086e-08,5.043640323516001e-08,5.043605192982952e-08,5.0435700654421744e-08,5.04353494079126e-08,5.043499819075502e-08,5.043464700246972e-08,5.0434295843477545e-08,5.043394471378896e-08,5.043359361340253e-08,5.0433242542294564e-08,5.0432891500417543e-08,5.043254048851338e-08,5.043218950597411e-08,5.0431838551532685e-08,5.043148762651553e-08,5.0431136731537054e-08,5.0430785865685325e-08,5.043043502822377e-08,5.0430084220479205e-08,5.0429733441459364e-08,5.042938269149027e-08,5.0429031970817165e-08,5.0428681279026757e-08,5.0428330616795415e-08,5.0427979983738946e-08,5.0427629379454876e-08,5.042727880476206e-08,5.0426928259220175e-08,5.042657774281534e-08,5.042622725555947e-08,5.0425876797519495e-08,5.042552636861336e-08,5.042517596878984e-08,5.042482559808903e-08,5.042447525652746e-08,5.0424124944036956e-08,5.042377466066262e-08,5.0423424406399675e-08,5.0423074181243145e-08,5.042272398518789e-08,5.042237381823018e-08,5.042202368041823e-08,5.042167357169066e-08,5.042132349207263e-08,5.04209734412698e-08,5.042062341998198e-08,5.042027342749842e-08,5.0419923464135094e-08,5.0419573529773816e-08,5.0419223625107123e-08,5.0418873748876915e-08,5.041852390178042e-08,5.0418174083715235e-08,5.041782429467341e-08,5.041747453453512e-08,5.0417124803563296e-08,5.041677510160438e-08,5.041642542868825e-08,5.0416075784802006e-08,5.0415726169800855e-08,5.041537658389021e-08,5.041502702697651e-08,5.041467749908689e-08,5.041432799996377e-08,5.041397853004459e-08,5.04136290891084e-08,5.0413279677210315e-08,5.041293029420463e-08,5.0412580940229734e-08,5.041223161520867e-08,5.04118823190348e-08,5.041153305190554e-08,5.0411183813656086e-08,5.041083460441551e-08,5.0410485424116535e-08,5.0410136272759905e-08,5.040978715028965e-08,5.040943805674302e-08,5.040908899214084e-08,5.0408739956435085e-08,5.0408390949717344e-08,5.040804197189463e-08,5.040769302293616e-08,5.040734410290315e-08,5.0406995211477834e-08,5.040664634916261e-08,5.040629751556961e-08,5.040594871129171e-08,5.040559993573419e-08,5.04052511891884e-08,5.04049024712959e-08,5.040455378222455e-08,5.040420512186422e-08,5.040385649039506e-08,5.040350788792629e-08,5.0403159314303876e-08,5.040281076953962e-08,5.040246225361159e-08,5.0402113766515474e-08,5.040176530855948e-08,5.040141687925395e-08,5.0401068478859566e-08,5.0400720107098805e-08,5.040037176414814e-08,5.040002345000363e-08,5.039967516467002e-08,5.0399326908128545e-08,5.0398978680380485e-08,5.0398630481422056e-08,5.039828231130755e-08,5.0397934169886015e-08,5.0397586057283296e-08,5.039723797347481e-08,5.039688991877528e-08,5.0396541892389544e-08,5.0396193895344387e-08,5.039584592656216e-08,5.039549798646541e-08,5.039515007509801e-08,5.039480219240033e-08,5.039445433882605e-08,5.039410651365977e-08,5.039375871629143e-08,5.0393410948687084e-08,5.039306320960599e-08,5.039271549926886e-08,5.03923678176565e-08,5.039202016475695e-08,5.0391672540988224e-08,5.039132494632785e-08,5.0390977379519406e-08,5.039062984137255e-08,5.039028233216359e-08,5.038993485121224e-08,5.038958739902546e-08,5.0389239975682113e-08,5.038889258086335e-08,5.038854521471116e-08,5.038819787753174e-08,5.0387850568668976e-08,5.038750328843725e-08,5.0387156036825985e-08,5.038680881382261e-08,5.0386461619481566e-08,5.0386114453768416e-08,5.0385767316649537e-08,5.038542020798256e-08,5.038507312810383e-08,5.03847260767929e-08,5.0384379054828305e-08,5.038403206074305e-08,5.03836850953158e-08,5.03833381584526e-08,5.038299125016817e-08,5.038264437046777e-08,5.038229751884953e-08,5.038195069631373e-08,5.038160390229207e-08,5.038125713682959e-08,5.038091039992189e-08,5.0380563691539724e-08,5.0380217011713306e-08,5.0379870360442546e-08,5.0379523737622153e-08,5.037917714339572e-08,5.03788305776844e-08,5.037848404049855e-08,5.0378137531465e-08,5.037779105201686e-08,5.037744460040446e-08,5.037709817709899e-08,5.0376751782369425e-08,5.037640541618802e-08,5.037605907863298e-08,5.0375712770341236e-08,5.0375366490290235e-08,5.0375020238834266e-08,5.037467401586893e-08,5.0374327820578275e-08,5.037398165375307e-08,5.037363551538553e-08,5.037328940552596e-08,5.0372943324238596e-08,5.0372597271626285e-08,5.0372251247204316e-08,5.0371905251223813e-08,5.0371559283680973e-08,5.0371213344506994e-08,5.037086743380152e-08,5.037052155187659e-08,5.037017569813776e-08,5.036982987268351e-08,5.036948407605286e-08,5.0369138307403943e-08,5.036879256709186e-08,5.036844685523887e-08,5.036810117176537e-08,5.036775551666772e-08,5.03674098899422e-08,5.036706429179056e-08,5.0366718721678695e-08,5.0366373179931846e-08,5.036602766654548e-08,5.036568218151516e-08,5.036533672483635e-08,5.036499129650467e-08,5.0364645896515676e-08,5.036430052486491e-08,5.0363955181547817e-08,5.036360986656236e-08,5.036326457986879e-08,5.0362919321506896e-08,5.036257409147416e-08,5.036222888955575e-08,5.0361883716027804e-08,5.036153857084839e-08,5.0361193453995553e-08,5.0360848365493395e-08,5.036050330520263e-08,5.036015827323473e-08,5.035981327007195e-08,5.035946829480179e-08,5.035912334831939e-08,5.03587784294804e-08,5.035843353877328e-08,5.0358088676194635e-08,5.035774384221559e-08,5.035739903641739e-08,5.035705425886558e-08,5.035670950961196e-08,5.035636478852797e-08,5.0356020095664395e-08,5.035567543107286e-08,5.035533079446828e-08,5.035498618629373e-08,5.0354641606481054e-08,5.035429705488259e-08,5.035395253125177e-08,5.0353608035388695e-08,5.035326356815791e-08,5.035291912911465e-08,5.0352574718346604e-08,5.035223033574749e-08,5.035188598128873e-08,5.035154165503306e-08,5.035119735680893e-08,5.0350853087316313e-08,5.0350508845545135e-08,5.035016463192644e-08,5.0349820446591577e-08,5.03494762893002e-08,5.0349132160160125e-08,5.0348788059139524e-08,5.034844398624303e-08,5.034809994184572e-08,5.0347755925199933e-08,5.034741193667482e-08,5.0347067976241516e-08,5.034672404402776e-08,5.034638013985275e-08,5.0346036263504225e-08,5.034569241567588e-08,5.0345348595739034e-08,5.034500480402151e-08,5.034466104119286e-08,5.034431730550882e-08,5.034397359848434e-08,5.0343629918934234e-08,5.034328626746025e-08,5.034294264484064e-08,5.034259904960938e-08,5.034225548245127e-08,5.03419119438846e-08,5.034156843313603e-08,5.034122495032622e-08,5.0340881495066735e-08,5.034053806792909e-08,5.0340194668881333e-08,5.033985129787391e-08,5.033950795495311e-08,5.033916463991133e-08,5.0338821352920186e-08,5.0338478093997216e-08,5.033813486349987e-08,5.033779166088605e-08,5.0337448485821147e-08,5.033710533874147e-08,5.0336762219642644e-08,5.0336419128544906e-08,5.0336076065414415e-08,5.0335733030246996e-08,5.033539002303842e-08,5.0335047043784475e-08,5.0334704092481e-08,5.033436116912376e-08,5.033401827370854e-08,5.033367540623118e-08,5.033333256668742e-08,5.033298975509878e-08,5.033264697145486e-08,5.0332304215731776e-08,5.0331961487928255e-08,5.033161878808293e-08,5.033127611614786e-08,5.0330933472010894e-08,5.033059085584044e-08,5.033024826752018e-08,5.032990570694791e-08,5.032956317453363e-08,5.032922066998341e-08,5.0328878193475707e-08,5.032853574472162e-08,5.032819332384653e-08,5.0327850930689446e-08,5.032750856548325e-08,5.032716622815969e-08,5.0326823918722624e-08,5.0326481637079805e-08,5.032613938326646e-08,5.032579715726186e-08,5.0325454959152814e-08,5.0325112788833636e-08,5.032477064640086e-08,5.032442853175129e-08,5.0324086444920105e-08,5.0323744385918937e-08,5.032340235472452e-08,5.032306035128469e-08,5.032271837556529e-08,5.032237642779437e-08,5.0322034507816676e-08,5.032169261595858e-08,5.032135075147516e-08,5.0321008914776115e-08,5.032066710577351e-08,5.032032532459785e-08,5.031998357121286e-08,5.031964184558339e-08,5.0319300147719884e-08,5.031895847760811e-08,5.031861683617615e-08,5.031827522147424e-08,5.031793363437713e-08,5.031759207518496e-08,5.031725054381942e-08,5.031690904020437e-08,5.0316567564249076e-08,5.031622611602168e-08,5.031588469552911e-08,5.0315543302713556e-08,5.031520193760385e-08,5.031486060011935e-08,5.0314519290845484e-08,5.031417800872161e-08,5.031383675438557e-08,5.031349552772541e-08,5.0313154328691325e-08,5.0312813157362865e-08,5.031247201370104e-08,5.031213089761847e-08,5.0311789809243e-08,5.0311448748588254e-08,5.0311107715492864e-08,5.031076670999682e-08,5.031042573208289e-08,5.031008478202409e-08,5.030974385960124e-08,5.0309402964821666e-08,5.03090620976471e-08,5.030872125809165e-08,5.0308380446222097e-08,5.0308039661736866e-08,5.0307698904834223e-08,5.030735817549169e-08,5.0307017473659114e-08,5.030667679965195e-08,5.0306336153007306e-08,5.0305995533949396e-08,5.0305654942895355e-08,5.030531437928071e-08,5.0304973843336e-08,5.03046333343829e-08,5.030429285332926e-08,5.030395239995256e-08,5.0303611974298195e-08,5.030327157590011e-08,5.030293120516045e-08,5.0302590861906137e-08,5.030225054589686e-08,5.0301910257566454e-08,5.030156999682783e-08,5.0301229763648395e-08,5.0300889558010776e-08,5.030054937990372e-08,5.030020922945626e-08,5.029986910646008e-08,5.029952901100258e-08,5.029918894302977e-08,5.0298848902529855e-08,5.0298508889549675e-08,5.029816890397502e-08,5.0297828946020304e-08,5.0297489015535554e-08,5.029714911252119e-08,5.029680923697391e-08,5.029646938885843e-08,5.029612956822066e-08,5.029578977510363e-08,5.0295450009439487e-08,5.029511027122357e-08,5.0294770560451394e-08,5.0294430877118365e-08,5.029409122122e-08,5.029375159275176e-08,5.029341199170912e-08,5.029307241808757e-08,5.0292732871882624e-08,5.0292393353089774e-08,5.0292053861704555e-08,5.02917143977225e-08,5.029137496113919e-08,5.0291035551950125e-08,5.0290696170150945e-08,5.029035681537889e-08,5.029001748795038e-08,5.028967818780933e-08,5.02893389145594e-08,5.028899966931239e-08,5.028866045118128e-08,5.028832126032842e-08,5.028798209709323e-08,5.028764296127674e-08,5.028730385328662e-08,5.028696477240521e-08,5.028662571845208e-08,5.0286286692319246e-08,5.028594769350463e-08,5.028560872200442e-08,5.028526977781476e-08,5.0284930860931786e-08,5.028459197134098e-08,5.0284253109059264e-08,5.028391427417237e-08,5.028357546648168e-08,5.0283236686220927e-08,5.028289793312918e-08,5.028255920732416e-08,5.028222050872923e-08,5.0281881837485217e-08,5.028154319335187e-08,5.0281204576690124e-08,5.028086598726167e-08,5.02805274250822e-08,5.028018889022189e-08,5.027985038220482e-08,5.027951190178784e-08,5.027917344861633e-08,5.0278835022685495e-08,5.0278496623891535e-08,5.027815825239096e-08,5.0277819908138044e-08,5.027748159109793e-08,5.027714330127849e-08,5.027680503858192e-08,5.0276466803191676e-08,5.0276128595022925e-08,5.027579041405488e-08,5.027545226028236e-08,5.027511413369882e-08,5.027477603430421e-08,5.0274437961983604e-08,5.02740999168275e-08,5.027376189896656e-08,5.027342390828443e-08,5.027308594474663e-08,5.027274800819896e-08,5.027241009900119e-08,5.027207221694703e-08,5.0271734361993416e-08,5.02713965342201e-08,5.0271058733504935e-08,5.027072095992336e-08,5.0270383212697106e-08,5.027004549347975e-08,5.0269707801344277e-08,5.0269370136295897e-08,5.026903249822813e-08,5.026869488743488e-08,5.026835730376167e-08,5.026801974728872e-08,5.026768221687445e-08,5.026734471455404e-08,5.0267007239311764e-08,5.0266669791174334e-08,5.026633237020423e-08,5.026599497618855e-08,5.026565760916553e-08,5.026532026929642e-08,5.0264982956464986e-08,5.026464567073592e-08,5.026430841203445e-08,5.0263971180372946e-08,5.026363397589107e-08,5.0263296798343455e-08,5.026295964720348e-08,5.026262252375027e-08,5.026228542743103e-08,5.0261948358033005e-08,5.026161131440768e-08,5.026127429890559e-08,5.026093731042299e-08,5.0260600348605417e-08,5.026026341411322e-08,5.025992650675816e-08,5.0259589626058515e-08,5.025925277270874e-08,5.025891594621285e-08,5.025857914608401e-08,5.025824237365316e-08,5.025790562824632e-08,5.0257568909797196e-08,5.02572322182851e-08,5.025689555373452e-08,5.0256558916141144e-08,5.025622230549838e-08,5.0255885721806534e-08,5.0255549165059036e-08,5.0255212634600224e-08,5.025487613145585e-08,5.025453965492525e-08,5.025420320682417e-08,5.025386678434936e-08,5.025353038893135e-08,5.0253194020434685e-08,5.025285768078551e-08,5.025252136633889e-08,5.025218507865541e-08,5.0251848818053525e-08,5.025151258443564e-08,5.025117637752849e-08,5.025084019754865e-08,5.0250504044401796e-08,5.0250167917787e-08,5.024983181844428e-08,5.0249495746789534e-08,5.0249159701167815e-08,5.024882368242097e-08,5.0248487690525387e-08,5.024815172548123e-08,5.024781578677651e-08,5.0247479874993356e-08,5.024714399051713e-08,5.024680813289105e-08,5.024647230203931e-08,5.024613649801525e-08,5.0245800720845335e-08,5.0245464970498184e-08,5.02451292468783e-08,5.024479355017013e-08,5.024445787943381e-08,5.0244122236356255e-08,5.024378661999834e-08,5.024345103048506e-08,5.024311546763133e-08,5.0242779931631654e-08,5.024244442179473e-08,5.024210893931058e-08,5.024177348364209e-08,5.024143805470175e-08,5.024110265259686e-08,5.0240767277191256e-08,5.024043192853172e-08,5.0240096606624724e-08,5.023976131146535e-08,5.023942604304893e-08,5.023909080137095e-08,5.02387555864269e-08,5.02384203982124e-08,5.023808523672306e-08,5.023775010185178e-08,5.023741499381502e-08,5.023707991254526e-08,5.023674485784295e-08,5.0236409829934054e-08,5.0236074828703774e-08,5.023573985418206e-08,5.023540490634929e-08,5.0235069985232115e-08,5.0234735090773726e-08,5.023440022298943e-08,5.0234065381881485e-08,5.023373056747603e-08,5.023339577964038e-08,5.023306101855251e-08,5.023272628432738e-08,5.023239157652127e-08,5.023205689535319e-08,5.0231722240845064e-08,5.023138761298533e-08,5.023105301174897e-08,5.0230718437151995e-08,5.02303838891786e-08,5.023004936782925e-08,5.022971487310225e-08,5.022938040516294e-08,5.0229045963662016e-08,5.022871154882583e-08,5.022837716055902e-08,5.02280427988769e-08,5.0227708463776966e-08,5.022737415526917e-08,5.022703987307662e-08,5.022670561768545e-08,5.022637138892236e-08,5.022603718683985e-08,5.022570301089593e-08,5.022536886188148e-08,5.022503473939576e-08,5.02247006434572e-08,5.022436657280505e-08,5.022403252996389e-08,5.022369851367995e-08,5.022336452392658e-08,5.0223030560749465e-08,5.022269662406316e-08,5.022236271393808e-08,5.022202883062228e-08,5.0221694973504925e-08,5.02213611428982e-08,5.0221027338631724e-08,5.0220693560580594e-08,5.022035980944958e-08,5.022002608485912e-08,5.0219692386734296e-08,5.021935871513388e-08,5.0219025069999014e-08,5.0218691451352185e-08,5.02183578591961e-08,5.021802429351917e-08,5.0217690754312314e-08,5.0217357241571894e-08,5.021702375520429e-08,5.021669029546641e-08,5.021635686168438e-08,5.0216023455457585e-08,5.021569007470976e-08,5.0215356720647304e-08,5.0215023392919e-08,5.021469009168313e-08,5.0214356816929327e-08,5.021402356859854e-08,5.021369034668857e-08,5.021335715123896e-08,5.021302398213825e-08,5.0212690839504136e-08,5.0212357723242296e-08,5.021202463333286e-08,5.021169156985356e-08,5.021135853275193e-08,5.021102552225413e-08,5.021069253792612e-08,5.0210359580001195e-08,5.0210026648428695e-08,5.0209693743219003e-08,5.020936086437574e-08,5.020902801189331e-08,5.020869518574379e-08,5.02083623860664e-08,5.020802961213548e-08,5.020769686397528e-08,5.020736414310165e-08,5.0207031448689764e-08,5.020669878099497e-08,5.0206366139243386e-08,5.0206033523711075e-08,5.0205700934597304e-08,5.0205368371802263e-08,5.020503583531844e-08,5.020470332514157e-08,5.020437084126512e-08,5.0204038383699383e-08,5.020370595242087e-08,5.020337354743939e-08,5.02030411687429e-08,5.0202708816332313e-08,5.0202376490200025e-08,5.0202044190348575e-08,5.020171191680988e-08,5.0201379669537814e-08,5.0201047448528264e-08,5.020071525377717e-08,5.020038308528049e-08,5.020005094303416e-08,5.019971882703411e-08,5.01993867372764e-08,5.0199054673756975e-08,5.0198722636471835e-08,5.019839062541702e-08,5.0198058640588654e-08,5.019772668198272e-08,5.019739474959545e-08,5.019706284342299e-08,5.019673096346159e-08,5.019639910970762e-08,5.0196067282157593e-08,5.019573548080817e-08,5.019540370565628e-08,5.0195071956699355e-08,5.019474023393553e-08,5.019440853736434e-08,5.019407686698835e-08,5.019374522281815e-08,5.019341360490019e-08,5.0193082013465353e-08,5.0192750447825014e-08,5.019241890827913e-08,5.019208739485444e-08,5.019175590755791e-08,5.0191424446390677e-08,5.019109301135177e-08,5.019076160243913e-08,5.019043021964999e-08,5.019009886298123e-08,5.0189767532429495e-08,5.01894362279913e-08,5.0189104949662914e-08,5.018877369744062e-08,5.018844247132067e-08,5.018811127129918e-08,5.018778009737226e-08,5.0187448949536046e-08,5.018711782778652e-08,5.018678673211976e-08,5.0186455662531794e-08,5.0186124619018596e-08,5.018579360157616e-08,5.01854626102005e-08,5.0185131644887616e-08,5.018480070563344e-08,5.018446979243395e-08,5.018413890528512e-08,5.01838080441829e-08,5.0183477209123246e-08,5.0183146400102075e-08,5.0182815617066954e-08,5.018248486006283e-08,5.01821541290856e-08,5.0181823424131207e-08,5.0181492745195535e-08,5.01811620922745e-08,5.018083146536402e-08,5.018050086446001e-08,5.018017028955839e-08,5.0179839740655054e-08,5.0179509217752235e-08,5.017917872083964e-08,5.0178848249858844e-08,5.0178517804914635e-08,5.01781873860035e-08,5.017785699300564e-08,5.017752662597288e-08,5.0177196284901824e-08,5.017686596980683e-08,5.0176535680669457e-08,5.0176205417485845e-08,5.017587518025147e-08,5.017554496896376e-08,5.017521478361602e-08,5.0174884624205525e-08,5.017455449072824e-08,5.017422438318033e-08,5.0173894301557046e-08,5.017356424586248e-08,5.017323421605788e-08,5.017290421216206e-08,5.017257423424323e-08,5.017224428224047e-08,5.0171914356152605e-08,5.017158445638463e-08,5.017125458207049e-08,5.0170924733542684e-08,5.0170594910995094e-08,5.0170265114278046e-08,5.016993534334332e-08,5.01696055983659e-08,5.016927587922566e-08,5.01689461859888e-08,5.016861651859531e-08,5.0168286877031335e-08,5.0167957261365005e-08,5.016762767144695e-08,5.0167298107965914e-08,5.016696856986906e-08,5.0166639057805223e-08,5.0166309571551856e-08,5.016598011110775e-08,5.016565067629129e-08,5.0165321267289994e-08,5.016499188405243e-08,5.016466252664304e-08,5.0164333194899795e-08,5.016400388903299e-08,5.016367460928787e-08,5.016334535507708e-08,5.016301612667169e-08,5.016268692406822e-08,5.016235774731109e-08,5.016202859603986e-08,5.0161699470787407e-08,5.016137037129844e-08,5.016104129772454e-08,5.0160712249744074e-08,5.0160383227522036e-08,5.0160054231054254e-08,5.01597252603486e-08,5.015939631539277e-08,5.0159067396183386e-08,5.0158738502733214e-08,5.015840963502098e-08,5.0158080793008025e-08,5.015775197681538e-08,5.0157423186284386e-08,5.0157094421467243e-08,5.015676568233783e-08,5.015643696892015e-08,5.015610828119668e-08,5.015577961917634e-08,5.0155450982871475e-08,5.015512237226108e-08,5.0154793787337227e-08,5.015446522809917e-08,5.01541366945864e-08,5.015380818674835e-08,5.015347970458123e-08,5.0153151248081244e-08,5.015282281724464e-08,5.0152494412067463e-08,5.0152166032545935e-08,5.0151837678676125e-08,5.0151509350454155e-08,5.015118104797445e-08,5.01508527711161e-08,5.0150524519853234e-08,5.015019629383273e-08,5.0149868093078915e-08,5.014953991858092e-08,5.0149211770075146e-08,5.014888364690929e-08,5.01485555493575e-08,5.014822747741584e-08,5.014789943108028e-08,5.0147571410346957e-08,5.014724341521188e-08,5.014691544567113e-08,5.014658750172081e-08,5.014625958335702e-08,5.014593169057582e-08,5.014560382337343e-08,5.014527598174592e-08,5.014494816568953e-08,5.014462037520861e-08,5.0144292610239423e-08,5.0143964870827324e-08,5.014363715696925e-08,5.0143309468660296e-08,5.0142981805899444e-08,5.0142654168676497e-08,5.0142326556990554e-08,5.014199897083763e-08,5.014167141021351e-08,5.014134387511449e-08,5.01410163655366e-08,5.0140688881475847e-08,5.0140361423279665e-08,5.0140033990241216e-08,5.0139706582707756e-08,5.013937920066878e-08,5.0139051844131644e-08,5.013872451310639e-08,5.013839720732489e-08,5.0138069927258185e-08,5.013774267274864e-08,5.0137415443582536e-08,5.0137088239615274e-08,5.013676106123721e-08,5.0136433908678624e-08,5.0136106781271196e-08,5.013577967948721e-08,5.013545260315637e-08,5.013512555227471e-08,5.013479852683819e-08,5.013447152684292e-08,5.013414455229505e-08,5.0133817603192274e-08,5.01334906795217e-08,5.01331637812663e-08,5.0132836908477125e-08,5.013251006116983e-08,5.013218323915444e-08,5.013185644254493e-08,5.0131529671334445e-08,5.013120292540418e-08,5.013087620501443e-08,5.01305495100042e-08,5.013022284051936e-08,5.01298961962819e-08,5.012956957740243e-08,5.0129242983923824e-08,5.012891641579722e-08,5.012858987308405e-08,5.012826335570065e-08,5.0127936863681105e-08,5.012761039702969e-08,5.012728395567879e-08,5.0126957539596945e-08,5.012663114897574e-08,5.0126304783696905e-08,5.012597844375637e-08,5.012565212909586e-08,5.012532583977526e-08,5.0124999575653607e-08,5.0124673337017435e-08,5.012434712373557e-08,5.012402093549005e-08,5.012369477280948e-08,5.0123368635606367e-08,5.012304252350056e-08,5.012271643679034e-08,5.0122390374897e-08,5.0122064340846056e-08,5.012173833056976e-08,5.012141234494925e-08,5.0121086384653494e-08,5.012076044960411e-08,5.012043453989577e-08,5.0120108655375004e-08,5.011978279611605e-08,5.011945696153184e-08,5.0119131152915195e-08,5.0118805369626776e-08,5.011847961137961e-08,5.0118153878374945e-08,5.011782817060885e-08,5.011750248807736e-08,5.0117176830776533e-08,5.01168511987024e-08,5.011652559185103e-08,5.011620001020751e-08,5.011587445377735e-08,5.011554892255523e-08,5.011522341653354e-08,5.0114897935762705e-08,5.011457248014918e-08,5.0114247049765387e-08,5.011392164458812e-08,5.011359626456017e-08,5.0113270909718395e-08,5.0112945580055884e-08,5.011262027556873e-08,5.011229499625297e-08,5.011196974210466e-08,5.011164451311986e-08,5.0111319309294614e-08,5.0110994130625016e-08,5.0110668977107063e-08,5.0110343848736877e-08,5.0110018745490686e-08,5.010969366738279e-08,5.0109368614408994e-08,5.0109043586515265e-08,5.0108718583799994e-08,5.010839360622066e-08,5.0108068653717135e-08,5.010774372636307e-08,5.010741882407278e-08,5.010709394695567e-08,5.010676909493659e-08,5.010644426810843e-08,5.010611946636507e-08,5.0105794689704716e-08,5.010546993812501e-08,5.010514521158152e-08,5.010482051011918e-08,5.0104495833733596e-08,5.0104171182453e-08,5.010384655611396e-08,5.0103521954786833e-08,5.0103197379062704e-08,5.010287282748903e-08,5.0102548301483104e-08,5.01022238005267e-08,5.0101899324615946e-08,5.0101574873746855e-08,5.010125044791249e-08,5.010092604681983e-08,5.0100601672561744e-08,5.010027732275522e-08,5.009995299831481e-08,5.009962869723571e-08,5.0099304421494283e-08,5.009898017068985e-08,5.009865594535342e-08,5.009833174480963e-08,5.009800756908538e-08,5.0097683418417234e-08,5.009735929270776e-08,5.009703519201084e-08,5.009671111629686e-08,5.009638706556185e-08,5.0096063039802096e-08,5.009573903900615e-08,5.009541506317081e-08,5.009509111265972e-08,5.0094767186760926e-08,5.00944432865883e-08,5.00941194105972e-08,5.0093795559457085e-08,5.0093471733475374e-08,5.009314793231093e-08,5.009282415545468e-08,5.009250040580407e-08,5.009217667942737e-08,5.009185297800181e-08,5.009152930139355e-08,5.009120564977799e-08,5.0090882023186234e-08,5.009055842137366e-08,5.0090234844751546e-08,5.00899112933325e-08,5.00895877661847e-08,5.008926426400078e-08,5.008894078672255e-08,5.00886173343083e-08,5.008829390742581e-08,5.008797050482144e-08,5.0087647127605264e-08,5.0087323775814534e-08,5.008700044779738e-08,5.008667714467764e-08,5.00863538664478e-08,5.008603061307434e-08,5.0085707384553175e-08,5.0085384180880145e-08,5.008506100205102e-08,5.00847378480617e-08,5.0084414718908004e-08,5.0084091614444846e-08,5.0083768535190104e-08,5.008344548054224e-08,5.0083122450587877e-08,5.008279944539668e-08,5.008247646506794e-08,5.008215350959595e-08,5.008183057892693e-08,5.0081507673056975e-08,5.0081184791982174e-08,5.008086193569873e-08,5.0080539104202746e-08,5.008021629749033e-08,5.007989351555766e-08,5.007957075840086e-08,5.007924802601607e-08,5.007892531839941e-08,5.0078602635547025e-08,5.0078279977455044e-08,5.0077957344119625e-08,5.007763473553689e-08,5.007731215170297e-08,5.007698959257171e-08,5.0076667058135116e-08,5.007634454844217e-08,5.007602206349172e-08,5.007569960265283e-08,5.007537716715464e-08,5.0075054756373814e-08,5.007473237035589e-08,5.00744100091228e-08,5.0074087672502676e-08,5.007376536058801e-08,5.00734430733803e-08,5.0073120810923105e-08,5.007279857306811e-08,5.007247636038963e-08,5.0072154171907166e-08,5.007183200829975e-08,5.007150986938464e-08,5.007118775515042e-08,5.0070865665846755e-08,5.007054360117354e-08,5.007022156113631e-08,5.006989954573729e-08,5.006957755470581e-08,5.006925558864924e-08,5.00689336467257e-08,5.0068611729624236e-08,5.0068289836864063e-08,5.0067967968749194e-08,5.006764612558714e-08,5.006732430705269e-08,5.00670025131423e-08,5.00666807438523e-08,5.0066358999179025e-08,5.006603727911877e-08,5.006571558366781e-08,5.006539391303531e-08,5.006507226810283e-08,5.0064750646733265e-08,5.0064429049625905e-08,5.0064107477053444e-08,5.006378592917619e-08,5.0063464405687256e-08,5.006314290708993e-08,5.006282143288549e-08,5.0062499982967335e-08,5.006217855797175e-08,5.0061857157367134e-08,5.006153578115389e-08,5.006121442983592e-08,5.006089310310588e-08,5.006057180089008e-08,5.006025052427457e-08,5.005992927097285e-08,5.005960804229353e-08,5.005928683808241e-08,5.005896565853327e-08,5.005864450344606e-08,5.0058323372845955e-08,5.005800226704692e-08,5.005768118551463e-08,5.005736012852408e-08,5.0057039096018496e-08,5.0056718088083306e-08,5.0056397104682505e-08,5.005607614575219e-08,5.0055755211628475e-08,5.005543430230833e-08,5.005511341685115e-08,5.00547925558911e-08,5.005447171934217e-08,5.005415090729489e-08,5.0053830119503536e-08,5.005350935649988e-08,5.005318861772831e-08,5.00528679034038e-08,5.0052547213539034e-08,5.005222654826162e-08,5.005190590694048e-08,5.005158529055626e-08,5.005126469832303e-08,5.005094413156267e-08,5.0050623588481796e-08,5.005030306985975e-08,5.004998257569823e-08,5.004966210531018e-08,5.0049341659906945e-08,5.004902123891986e-08,5.004870084234711e-08,5.0048380470182054e-08,5.0048060123094446e-08,5.004773979970722e-08,5.0047419500907613e-08,5.0047099225735935e-08,5.0046778974747966e-08,5.00464587480679e-08,5.0046138546034755e-08,5.0045818368956625e-08,5.004549821620271e-08,5.004517808786018e-08,5.004485798388025e-08,5.004453790425812e-08,5.004421784899625e-08,5.0043897818074616e-08,5.004357781150542e-08,5.004325782927876e-08,5.0042937871605615e-08,5.0042617938087626e-08,5.004229802898582e-08,5.004197814347467e-08,5.0041658282639035e-08,5.0041338446393325e-08,5.004101863446372e-08,5.0040698846819847e-08,5.004037908352994e-08,5.0040059344496266e-08,5.003973962979959e-08,5.003941993940708e-08,5.0039100273289034e-08,5.0038780631487816e-08,5.0038461013910557e-08,5.00381414208785e-08,5.003782185190294e-08,5.003750230720294e-08,5.003718278677141e-08,5.003686329060967e-08,5.003654381873106e-08,5.003622437111192e-08,5.003590494774863e-08,5.003558554863743e-08,5.0035266173774695e-08,5.003494682366917e-08,5.003462749732448e-08,5.0034308195430236e-08,5.003398891728395e-08,5.003366966355828e-08,5.003335043409215e-08,5.003303122906341e-08,5.0032712048237226e-08,5.003239289141973e-08,5.0032073758849e-08,5.0031754651083305e-08,5.003143556699623e-08,5.00311165070254e-08,5.003079747122393e-08,5.003047845961408e-08,5.003015947219218e-08,5.002984050895438e-08,5.002952156989692e-08,5.0029202655016013e-08,5.0028883764307954e-08,5.002856489776893e-08,5.002824605539517e-08,5.0027927237182926e-08,5.002760844312838e-08,5.0027289673227806e-08,5.0026970927477465e-08,5.002665220587356e-08,5.002633350841232e-08,5.0026014835089986e-08,5.002569618590283e-08,5.002537756084704e-08,5.0025058959918866e-08,5.002474038311454e-08,5.002442183043034e-08,5.0024103301862467e-08,5.0023784797407195e-08,5.002346631706074e-08,5.002314786081935e-08,5.002282942867924e-08,5.002251102063667e-08,5.0022192636687903e-08,5.002187427682921e-08,5.002155594105679e-08,5.0021237629366895e-08,5.002091934175578e-08,5.002060107821965e-08,5.002028283875484e-08,5.0019964623357515e-08,5.0019646432023993e-08,5.0019328264750476e-08,5.001901012153322e-08,5.0018692002368497e-08,5.0018373907252564e-08,5.001805583618163e-08,5.0017737789152e-08,5.00174197661621e-08,5.001710176720602e-08,5.0016783792279954e-08,5.0016465841380195e-08,5.0016147914502986e-08,5.001583001164459e-08,5.001551213280125e-08,5.001519427796923e-08,5.0014876447144803e-08,5.001455864032421e-08,5.0014240857503734e-08,5.001392309867962e-08,5.0013605363848135e-08,5.001328765300553e-08,5.001296996614809e-08,5.0012652303272054e-08,5.001233466437369e-08,5.00120170494493e-08,5.001169945849509e-08,5.001138189150735e-08,5.001106434848239e-08,5.00107468294164e-08,5.00104293343057e-08,5.001011186314656e-08,5.0009794415935234e-08,5.0009476992667995e-08,5.0009159593341116e-08,5.000884221795086e-08,5.0008524866493505e-08,5.000820753896531e-08,5.0007890235362595e-08,5.0007572955681595e-08,5.000725569991856e-08,5.000693846806982e-08,5.000662126013163e-08,5.000630407610024e-08,5.000598691597198e-08,5.0005669779743063e-08,5.000535266740985e-08,5.000503557896854e-08,5.0004718514415443e-08,5.000440147374683e-08,5.0004084456959024e-08,5.000376746404825e-08,5.000345049501084e-08,5.000313354984306e-08,5.00028166285412e-08,5.0002499731101503e-08,5.000218285752028e-08,5.000186600779385e-08,5.0001549181918456e-08,5.0001232379890406e-08,5.0000915601705956e-08,5.000059884736146e-08,5.0000282116853127e-08,4.9999965410177296e-08,4.999964872733024e-08,4.99993320683056e-08,4.999901543310108e-08,4.9998698821714986e-08,4.999838223414284e-08,4.9998065670380943e-08,4.99977491304256e-08,4.999743261427309e-08,4.999711612191971e-08,4.9996799653361736e-08,4.9996483208531635e-08,4.999616678755344e-08,4.99958503904431e-08,4.999553401688074e-08,4.999521766729354e-08,4.9994901341430395e-08,4.9994585039336775e-08,4.999426876076355e-08,4.999395250621014e-08,4.999363627540341e-08,4.999332006818528e-08,4.999300388490195e-08,4.999268772539e-08,4.999237158961693e-08,4.9992055477590114e-08,4.99917393893062e-08,4.9991423324762226e-08,4.999110728395544e-08,4.999079126688371e-08,4.999047527345748e-08,4.999015930379455e-08,4.9989843357800196e-08,4.998952743551628e-08,4.9989211536938873e-08,4.9988895662064736e-08,4.9988579810885796e-08,4.998826398337497e-08,4.99879481795878e-08,4.998763239948892e-08,4.998731664315285e-08,4.998700091041507e-08,4.998668520136243e-08,4.998636951598084e-08,4.9986053854267464e-08,4.998573821618815e-08,4.998542260177954e-08,4.9985107011054374e-08,4.998479144458535e-08,4.9984475900794025e-08,4.9984160380860044e-08,4.998384488473349e-08,4.998352941224739e-08,4.9983213963295416e-08,4.998289853806596e-08,4.998258313566001e-08,4.998226775856917e-08,4.9981952403984756e-08,4.998163707280703e-08,4.9981321765699906e-08,4.998100648220536e-08,4.9980691222158346e-08,4.9980375985895004e-08,4.998006077334973e-08,4.9979745584286804e-08,4.9979430418792245e-08,4.997911527685244e-08,4.997880015852987e-08,4.997848506379204e-08,4.997816999263499e-08,4.997785494506333e-08,4.9977539921093393e-08,4.9977224920714924e-08,4.997690994355778e-08,4.9976594990244045e-08,4.997628006047421e-08,4.9975965154257494e-08,4.9975650271623135e-08,4.997533541251976e-08,4.997502057692965e-08,4.997470576498963e-08,4.997439097649194e-08,4.9974076211500156e-08,4.997376146996034e-08,4.997344675195528e-08,4.997313205756691e-08,4.9972817386712665e-08,4.9972502739382974e-08,4.997218811556954e-08,4.9971873515364936e-08,4.997155893852388e-08,4.997124438515408e-08,4.99709298552789e-08,4.997061534867655e-08,4.9970300865750436e-08,4.9969986406050064e-08,4.9969671970110713e-08,4.996935755756538e-08,4.996904316857626e-08,4.996872880305551e-08,4.9968414461035e-08,4.9968100142434354e-08,4.9967785847564324e-08,4.996747157588133e-08,4.996715732764972e-08,4.996684310286252e-08,4.996652890153602e-08,4.9966214723630955e-08,4.996590056916606e-08,4.996558643812837e-08,4.996527233051898e-08,4.996495824633425e-08,4.9964644185431186e-08,4.996433014819883e-08,4.9964016134239404e-08,4.996370214350718e-08,4.9963388176411664e-08,4.99630742327339e-08,4.9962760312452175e-08,4.996244641556972e-08,4.996213254195279e-08,4.996181869180316e-08,4.996150486504953e-08,4.996119106175276e-08,4.996087728175753e-08,4.9960563525155454e-08,4.996024979190415e-08,4.995993608192546e-08,4.995962239538653e-08,4.9959308732214544e-08,4.9958995092213214e-08,4.9958681475787716e-08,4.9958367882904016e-08,4.995805431334481e-08,4.9957740766527475e-08,4.995742724343868e-08,4.995711374367486e-08,4.995680026725563e-08,4.9956486814230707e-08,4.995617338442848e-08,4.9955859977978284e-08,4.9955546594843864e-08,4.9955233235019996e-08,4.995491989850802e-08,4.995460658529273e-08,4.9954293295379866e-08,4.9953980028764834e-08,4.9953666785451645e-08,4.9953353565426654e-08,4.99530403686881e-08,4.995272719458796e-08,4.995241404441226e-08,4.995210091754095e-08,4.995178781391357e-08,4.995147473359502e-08,4.9951161676481537e-08,4.995084864263891e-08,4.995053563203758e-08,4.995022264459677e-08,4.994990968051953e-08,4.99495967396712e-08,4.9949283821333425e-08,4.9948970926963625e-08,4.994865805569113e-08,4.9948345207823245e-08,4.9948032383145595e-08,4.9947719581731784e-08,4.9947406803557374e-08,4.994709404866634e-08,4.994678131693708e-08,4.994646860841448e-08,4.994615592307294e-08,4.994584326090839e-08,4.9945530621879796e-08,4.9945218005581065e-08,4.99449054130407e-08,4.994459284368252e-08,4.994428029751206e-08,4.9943967774604616e-08,4.994365527540615e-08,4.9943342798771474e-08,4.994303034530656e-08,4.99427179150399e-08,4.9942405507877684e-08,4.994209312392083e-08,4.994178076310223e-08,4.994146842544359e-08,4.9941156110901614e-08,4.994084381957909e-08,4.9940531551398996e-08,4.9940219306195855e-08,4.993990708422042e-08,4.993959488543048e-08,4.993928270974371e-08,4.993897055720744e-08,4.9938658427675695e-08,4.993834632134447e-08,4.993803423810512e-08,4.9937722177986945e-08,4.993741014105262e-08,4.9937098127204044e-08,4.9936786136414825e-08,4.9936474168696257e-08,4.9936162224106756e-08,4.993585030259521e-08,4.993553840416919e-08,4.9935226528815476e-08,4.993491467653947e-08,4.9934602847337623e-08,4.9934291041206246e-08,4.99339792581418e-08,4.9933667498140664e-08,4.993335576119922e-08,4.993304404731387e-08,4.9932732358269825e-08,4.993242069204936e-08,4.993210904868798e-08,4.99317974270074e-08,4.9931485828365524e-08,4.9931174252759483e-08,4.9930862700184726e-08,4.993055117063473e-08,4.993023966411293e-08,4.9929928180452906e-08,4.992961671996067e-08,4.9929305283429325e-08,4.992899387001884e-08,4.992868247979035e-08,4.992837111289457e-08,4.9928059768459515e-08,4.9927748447204254e-08,4.9927437147613164e-08,4.9927125870994084e-08,4.992681461878418e-08,4.992650339023056e-08,4.992619218395617e-08,4.992588099876258e-08,4.992556983654098e-08,4.992525869728433e-08,4.992494758098353e-08,4.992463648773001e-08,4.9924325417704906e-08,4.992401437093205e-08,4.992370334707078e-08,4.9923392346188515e-08,4.992308136794723e-08,4.9922770412949224e-08,4.992245948183107e-08,4.9922148573638594e-08,4.9921837687452356e-08,4.992152682417312e-08,4.992121598381523e-08,4.992090516637521e-08,4.992059437184942e-08,4.9920283600234136e-08,4.991997285152621e-08,4.991966212572198e-08,4.991935142281787e-08,4.991904074279555e-08,4.991873008590673e-08,4.991841945235106e-08,4.991810884120795e-08,4.991779825277219e-08,4.9917487687193915e-08,4.9917177144525675e-08,4.9916866624638154e-08,4.9916556128196505e-08,4.9916245653956145e-08,4.991593520272214e-08,4.991562477434119e-08,4.991531436962859e-08,4.991500398699526e-08,4.991469362720082e-08,4.991438329013194e-08,4.991407297599478e-08,4.991376268468701e-08,4.991345241670966e-08,4.9913142170993265e-08,4.991283194768318e-08,4.9912521747858215e-08,4.991221157068488e-08,4.9911901416550715e-08,4.991159128540965e-08,4.9911281176607147e-08,4.991097109083118e-08,4.9910661027588476e-08,4.991035098723997e-08,4.991004096952687e-08,4.990973097475437e-08,4.9909421002784236e-08,4.990911105360111e-08,4.9908801127194246e-08,4.990849122336463e-08,4.9908181342010425e-08,4.990787148368589e-08,4.990756164832625e-08,4.990725183571013e-08,4.990694204588044e-08,4.990663227883403e-08,4.9906322534539286e-08,4.990601281295451e-08,4.9905703114672894e-08,4.990539343861525e-08,4.990508378530402e-08,4.990477415460282e-08,4.990446454691748e-08,4.990415496171083e-08,4.990384539916274e-08,4.990353585951454e-08,4.990322634254247e-08,4.990291684836445e-08,4.990260737769738e-08,4.990229792882012e-08,4.990198850427376e-08,4.990167910085077e-08,4.990136972009694e-08,4.9901060362056945e-08,4.9900751026690823e-08,4.9900441716105286e-08,4.9900132426087224e-08,4.98998231594992e-08,4.9899513914530545e-08,4.989920469260016e-08,4.9898895494593925e-08,4.989858631789889e-08,4.9898277164018606e-08,4.989796803220653e-08,4.989765892264905e-08,4.98973498365504e-08,4.989704077293788e-08,4.989673173220623e-08,4.989642271410937e-08,4.989611371844891e-08,4.989580474513429e-08,4.989549579486989e-08,4.989518686734893e-08,4.989487796241727e-08,4.989456908007234e-08,4.989426022034519e-08,4.989395138333222e-08,4.989364256814195e-08,4.9893333776246006e-08,4.989302500673231e-08,4.9892716260035393e-08,4.989240753594374e-08,4.9892098834660356e-08,4.989179015573372e-08,4.989148149949584e-08,4.9891172865690894e-08,4.989086425492883e-08,4.989055566579031e-08,4.989024709984313e-08,4.988993855636444e-08,4.9889630035448177e-08,4.988932153708068e-08,4.988901306127888e-08,4.988870460802902e-08,4.988839617732771e-08,4.988808776915913e-08,4.988777938353553e-08,4.988747102052221e-08,4.988716267993874e-08,4.988685436192766e-08,4.988654606643776e-08,4.9886237793478396e-08,4.988592954302704e-08,4.9885621315405214e-08,4.988531311000367e-08,4.988500492707087e-08,4.9884696767125026e-08,4.9884388629201745e-08,4.988408051379037e-08,4.988377242089817e-08,4.9883464350500354e-08,4.988315630267389e-08,4.9882848277249536e-08,4.988254027456613e-08,4.988223229410361e-08,4.9881924336116635e-08,4.988161640060571e-08,4.988130848697026e-08,4.988100059644119e-08,4.98806927285577e-08,4.988038488286527e-08,4.988007705965414e-08,4.987976925889802e-08,4.987946148058961e-08,4.987915372472267e-08,4.987884599127348e-08,4.987853828036394e-08,4.9878230591792094e-08,4.987792292567021e-08,4.9877615281896315e-08,4.987730766016531e-08,4.9877000061281395e-08,4.987669248475541e-08,4.987638493073331e-08,4.98760773991209e-08,4.987576988991467e-08,4.987546240311104e-08,4.987515493870863e-08,4.9874847496750614e-08,4.98745400773108e-08,4.987423268001832e-08,4.987392530517893e-08,4.987361795269984e-08,4.987331062259507e-08,4.987300331488332e-08,4.987269602951663e-08,4.987238876652713e-08,4.987208152592311e-08,4.987177430766311e-08,4.987146711182337e-08,4.9871159938311876e-08,4.987085278712402e-08,4.987054565830533e-08,4.9870238551816063e-08,4.986993146766872e-08,4.986962440611281e-08,4.986931736745934e-08,4.986901035028445e-08,4.9868703355421135e-08,4.986839638289801e-08,4.9868089432685836e-08,4.9867782504826055e-08,4.986747559929193e-08,4.9867168716053556e-08,4.9866861855122063e-08,4.9866555016492816e-08,4.986624820016274e-08,4.986594140612102e-08,4.9865634634375116e-08,4.9865327884928876e-08,4.9865021157490285e-08,4.986471445257665e-08,4.9864407769969125e-08,4.9864101109636594e-08,4.986379447157552e-08,4.986348785575044e-08,4.986318126218755e-08,4.986287469080957e-08,4.986256814190534e-08,4.986226161528293e-08,4.98619551107509e-08,4.986164862829525e-08,4.98613421688003e-08,4.9861035731052584e-08,4.986072931552036e-08,4.986042292241424e-08,4.9860116551533395e-08,4.985981020287261e-08,4.98595038764255e-08,4.985919757218237e-08,4.985889129163978e-08,4.9858585031671025e-08,4.985827879390673e-08,4.985797257835818e-08,4.985766638486082e-08,4.9857360213616114e-08,4.9857054064828075e-08,4.98567479382462e-08,4.9856441833862245e-08,4.985613575144556e-08,4.985582969106628e-08,4.985552365301886e-08,4.985521763715184e-08,4.985491164351698e-08,4.985460567210175e-08,4.985429972274548e-08,4.9853993795132623e-08,4.985368789010661e-08,4.985338200723992e-08,4.9853076146647755e-08,4.985277030813163e-08,4.985246449199622e-08,4.9852158697552854e-08,4.9851852925514435e-08,4.985154717552441e-08,4.985124144764811e-08,4.985093574189957e-08,4.9850630058275465e-08,4.985032439678185e-08,4.9850018758093104e-08,4.9849713140900567e-08,4.9849407545536545e-08,4.9849101972341156e-08,4.98487964213918e-08,4.9848490892542044e-08,4.9848185385465285e-08,4.9847879900762936e-08,4.9847574438196243e-08,4.984726899775019e-08,4.984696357916583e-08,4.984665818316918e-08,4.9846352808949117e-08,4.984604745689589e-08,4.9845742126701715e-08,4.984543681867108e-08,4.984513153270343e-08,4.984482626905674e-08,4.9844521027199204e-08,4.984421580728154e-08,4.984391060956391e-08,4.984360543384775e-08,4.9843300280248204e-08,4.984299514862957e-08,4.9842690039044406e-08,4.9842384951469007e-08,4.9842079885978416e-08,4.984177484247693e-08,4.984146982100416e-08,4.984116482170621e-08,4.984085984426205e-08,4.9840554889130954e-08,4.984024995491391e-08,4.983994504349944e-08,4.98396401538008e-08,4.9839335286386946e-08,4.9839030440968195e-08,4.98387256178333e-08,4.983842081692217e-08,4.983811603695927e-08,4.9837811279487615e-08,4.9837506544388334e-08,4.983720183103674e-08,4.983689713949066e-08,4.983659247015614e-08,4.9836287822484304e-08,4.983598319685178e-08,4.983567859312811e-08,4.983537401137265e-08,4.9835069451560876e-08,4.9834764913719825e-08,4.983446039806358e-08,4.98341559035815e-08,4.983385143164249e-08,4.9833546980936775e-08,4.983324255373215e-08,4.983293814695125e-08,4.9832633761710795e-08,4.9832329399339124e-08,4.983202505893649e-08,4.9831720740418124e-08,4.983141644378978e-08,4.9831112168969237e-08,4.983080791610833e-08,4.9830503685182615e-08,4.9830199476336427e-08,4.982989528923679e-08,4.982959112423419e-08,4.98292869808715e-08,4.982898285938728e-08,4.982867875979012e-08,4.98283746820742e-08,4.9828070626207e-08,4.982776659209532e-08,4.98274625791605e-08,4.9827158587940105e-08,4.982685462000765e-08,4.982655067319283e-08,4.9826246748292435e-08,4.98259428451721e-08,4.982563896419783e-08,4.982533510525516e-08,4.9825031268145813e-08,4.982472745286375e-08,4.9824423659164596e-08,4.9824119887196164e-08,4.982381613733899e-08,4.9823512409166584e-08,4.9823208703036945e-08,4.982290501982429e-08,4.9822601357034966e-08,4.9822297716130834e-08,4.982199409697373e-08,4.9821690499865464e-08,4.98213869245669e-08,4.9821083371071764e-08,4.9820779839374954e-08,4.9820476329471966e-08,4.982017284118412e-08,4.981986937504467e-08,4.981956592974581e-08,4.9819262506759446e-08,4.9818959105500066e-08,4.981865572639378e-08,4.9818352368817014e-08,4.981804903269583e-08,4.981774571835144e-08,4.9817442426005815e-08,4.981713915592151e-08,4.9816835907110346e-08,4.981653267889378e-08,4.981622947356166e-08,4.981592629029767e-08,4.981562312836973e-08,4.981531998846544e-08,4.98150168700863e-08,4.9814713773354724e-08,4.9814410698372845e-08,4.981410764508797e-08,4.981380461352717e-08,4.981350160368282e-08,4.981319861536672e-08,4.981289564892605e-08,4.981259270420402e-08,4.9812289781171284e-08,4.9811986879828725e-08,4.981168400008059e-08,4.9811381142144636e-08,4.981107830584296e-08,4.9810775491270625e-08,4.9810472698424344e-08,4.981016992718317e-08,4.980986717761536e-08,4.9809564449695205e-08,4.980926174341879e-08,4.980895905884346e-08,4.980865639590991e-08,4.980835375474531e-08,4.980805113513949e-08,4.980774853704238e-08,4.980744596064334e-08,4.9807143405424796e-08,4.980684087110782e-08,4.980653835972399e-08,4.9806235869973155e-08,4.9805933401855186e-08,4.9805630955364104e-08,4.980532853048897e-08,4.980502612725853e-08,4.9804723745611554e-08,4.980442138548615e-08,4.980411904717266e-08,4.9803816730395824e-08,4.9803514435278874e-08,4.9803212161672716e-08,4.980290990966278e-08,4.9802607679246656e-08,4.980230547041921e-08,4.9802003283188203e-08,4.9801701117535866e-08,4.980139897344466e-08,4.980109685094903e-08,4.980079475017954e-08,4.980049267127586e-08,4.98001906133452e-08,4.979988857712963e-08,4.979958656257151e-08,4.979928456911746e-08,4.97989825975565e-08,4.979868064754558e-08,4.97983787190812e-08,4.9798076812159983e-08,4.979777492676174e-08,4.979747306288854e-08,4.97971712205773e-08,4.979686939979587e-08,4.9796567600685184e-08,4.97962658234652e-08,4.9795964067307395e-08,4.9795662332416184e-08,4.979536062077112e-08,4.979505892910006e-08,4.979475725893583e-08,4.979445561027514e-08,4.979415398311159e-08,4.9793852376455655e-08,4.9793550792285884e-08,4.9793249229606456e-08,4.979294768832829e-08,4.9792646168668236e-08,4.9792344670440055e-08,4.9792043193711396e-08,4.9791741738442e-08,4.979144030459467e-08,4.9791138892814625e-08,4.9790837502577215e-08,4.979053613344476e-08,4.979023478548738e-08,4.9789933458833347e-08,4.978963215365908e-08,4.978933087107053e-08,4.9789029608977e-08,4.978872836843908e-08,4.97884271491568e-08,4.978812595133469e-08,4.9787824774767126e-08,4.978752361938851e-08,4.978722248576788e-08,4.9786921373751434e-08,4.978662028304791e-08,4.9786319213565884e-08,4.978601816558366e-08,4.9785717139092166e-08,4.9785416134394985e-08,4.9785115150802827e-08,4.978481418868009e-08,4.9784513248059196e-08,4.978421232848745e-08,4.9783911430218866e-08,4.978361055341325e-08,4.9783309697843664e-08,4.9783008863716405e-08,4.978270805103595e-08,4.97824072598163e-08,4.978210649008081e-08,4.9781805741687337e-08,4.978150501431282e-08,4.978120430908e-08,4.978090362568524e-08,4.978060296253281e-08,4.978030232087904e-08,4.978000170065071e-08,4.977970110148516e-08,4.9779400523870674e-08,4.9779099965064435e-08,4.977879942975743e-08,4.9778498916566746e-08,4.977819842421052e-08,4.9777897953239266e-08,4.977759750348852e-08,4.9777297075091054e-08,4.9776996667722486e-08,4.9776696281947746e-08,4.977639591755572e-08,4.9776095575676555e-08,4.9775795253665244e-08,4.977549495381051e-08,4.977519467450369e-08,4.977489441640706e-08,4.977459417929169e-08,4.977429396381339e-08,4.977399376907649e-08,4.977369359623623e-08,4.9773393444636725e-08,4.977309331442501e-08,4.977279320538004e-08,4.9772493119083805e-08,4.9772193052553804e-08,4.977189300795729e-08,4.977159298393947e-08,4.977129298114872e-08,4.977099299973977e-08,4.9770693039744216e-08,4.977039310072992e-08,4.977009318267578e-08,4.976979328648825e-08,4.9769493410964467e-08,4.976919355615336e-08,4.9768893723287233e-08,4.976859391170806e-08,4.9768294121284385e-08,4.976799435210023e-08,4.976769460354729e-08,4.976739487674838e-08,4.976709517097623e-08,4.976679548685593e-08,4.976649582338496e-08,4.976619618133708e-08,4.976589656080343e-08,4.976559696165581e-08,4.976529738323624e-08,4.9764997826506426e-08,4.9764698290495275e-08,4.976439877576967e-08,4.976409928195997e-08,4.9763799809491613e-08,4.976350035814151e-08,4.976320092793345e-08,4.976290151888515e-08,4.9762602130992864e-08,4.976230276383057e-08,4.976200341785207e-08,4.9761704093537766e-08,4.9761404790414216e-08,4.976110550848644e-08,4.976080624716647e-08,4.976050700740585e-08,4.9760207788667944e-08,4.975990859108967e-08,4.9759609414117255e-08,4.975931025891749e-08,4.975901112479413e-08,4.975871201176597e-08,4.975841291937868e-08,4.975811384846649e-08,4.975781479865589e-08,4.975751576963567e-08,4.9757216761974676e-08,4.975691777539261e-08,4.975661881009872e-08,4.9756319865480304e-08,4.97560209422273e-08,4.975572204005958e-08,4.9755423158973013e-08,4.975512429905837e-08,4.975482546021457e-08,4.9754526642326087e-08,4.975422784553867e-08,4.975392906978889e-08,4.9753630315098206e-08,4.97533315813375e-08,4.9753032868470794e-08,4.975273417686478e-08,4.97524355073531e-08,4.97521368579406e-08,4.9751838229533206e-08,4.975153962220533e-08,4.975124103586905e-08,4.9750942470572695e-08,4.975064392633609e-08,4.975034540309201e-08,4.9750046898945135e-08,4.974974841780527e-08,4.974944995722189e-08,4.974915151804027e-08,4.974885309991167e-08,4.974855470274043e-08,4.974825632657964e-08,4.974795797141616e-08,4.974765963722595e-08,4.974736132409941e-08,4.9747063030546e-08,4.974676475949774e-08,4.974646650886954e-08,4.9746168279611824e-08,4.97458700711339e-08,4.974557188370157e-08,4.9745273717546674e-08,4.974497557231485e-08,4.9744677447981306e-08,4.974437934440848e-08,4.9744081261588895e-08,4.974378319987553e-08,4.974348515870136e-08,4.974318713899155e-08,4.974288914031725e-08,4.974259116250423e-08,4.9742293205607845e-08,4.974199526969532e-08,4.9741697354723524e-08,4.974139946063397e-08,4.974110158745993e-08,4.974080373466542e-08,4.974050590280488e-08,4.9740208091868897e-08,4.973991030184554e-08,4.973961253272135e-08,4.97393147844819e-08,4.973901705711326e-08,4.973871935060743e-08,4.973842166571028e-08,4.9738124001672677e-08,4.97378263584747e-08,4.9737528736149856e-08,4.9737231134584425e-08,4.9736933554068423e-08,4.973663599458939e-08,4.973633845580664e-08,4.973604093793706e-08,4.9735743440812506e-08,4.973544596457526e-08,4.973514850911941e-08,4.973485107470143e-08,4.9734553661130624e-08,4.973425626842798e-08,4.973395889604045e-08,4.97336615449927e-08,4.973336421482683e-08,4.973306690549571e-08,4.973276961697018e-08,4.973247234928686e-08,4.973217510245333e-08,4.973187787644628e-08,4.973158067125459e-08,4.9731283486903884e-08,4.973098632350894e-08,4.973068918057428e-08,4.9730392058520046e-08,4.9730094957369794e-08,4.97297978770692e-08,4.972950081688301e-08,4.97292037776127e-08,4.972890675969348e-08,4.972860976256711e-08,4.972831278622974e-08,4.972801583067776e-08,4.972771889590774e-08,4.9727421981916364e-08,4.9727125088700294e-08,4.972682821625627e-08,4.972653136458103e-08,4.9726234533671315e-08,4.9725937723523865e-08,4.9725640934135426e-08,4.972534416550262e-08,4.97250474176221e-08,4.972475069049039e-08,4.9724453984103853e-08,4.9724157298458606e-08,4.972386063344778e-08,4.9723563989047125e-08,4.9723267365514394e-08,4.972297076275317e-08,4.972267418073239e-08,4.972237761944438e-08,4.9722081079634566e-08,4.972178455979734e-08,4.9721488060650956e-08,4.972119158225987e-08,4.972089512457874e-08,4.972059868760429e-08,4.972030227232737e-08,4.972000587749483e-08,4.971970950406113e-08,4.9719413151604974e-08,4.9719116818464446e-08,4.9718820505748244e-08,4.971852421366737e-08,4.971822794202771e-08,4.971793169107781e-08,4.971763546099282e-08,4.9717339251578036e-08,4.9717043061928867e-08,4.9716746895026025e-08,4.971645074718231e-08,4.971615462134632e-08,4.9715858515387845e-08,4.9715562430113185e-08,4.971526636456871e-08,4.971497032091205e-08,4.971467429797458e-08,4.9714378295030144e-08,4.971408231277682e-08,4.971378635127296e-08,4.9713490407675807e-08,4.971319448734545e-08,4.971289858515608e-08,4.97126027050116e-08,4.9712306846361416e-08,4.971201100857127e-08,4.971171519146433e-08,4.971141939482719e-08,4.971112361884785e-08,4.971082786340101e-08,4.971053212860068e-08,4.9710236414301386e-08,4.9709940720598034e-08,4.970964504637039e-08,4.970934939407151e-08,4.970905376262385e-08,4.970875815058986e-08,4.9708462559691194e-08,4.9708166989384256e-08,4.970787143967024e-08,4.970757591067759e-08,4.970728040231236e-08,4.9706984914458965e-08,4.970668944850608e-08,4.970639400164649e-08,4.970609857537449e-08,4.970580317069079e-08,4.97055077855987e-08,4.970521242105585e-08,4.9704917077057946e-08,4.970462175352132e-08,4.970432645055626e-08,4.970403116813057e-08,4.970373590624196e-08,4.970344066493676e-08,4.970314544487947e-08,4.970285024533638e-08,4.970255506630427e-08,4.970225990777995e-08,4.970196476976021e-08,4.9701669652241906e-08,4.970137455522167e-08,4.9701079478696354e-08,4.970078442266281e-08,4.970048938711769e-08,4.970019437205797e-08,4.9699899377480365e-08,4.9699604403381754e-08,4.9699309449758894e-08,4.969901451660862e-08,4.9698719603927735e-08,4.969842471171305e-08,4.969812983996148e-08,4.969783498866982e-08,4.969754015783486e-08,4.9697245347453544e-08,4.969695055752263e-08,4.9696655788039e-08,4.969636103899942e-08,4.969606631040088e-08,4.969577160224013e-08,4.969547691451413e-08,4.9695182247219696e-08,4.969488759984654e-08,4.969459297290364e-08,4.96942983663879e-08,4.969400378029623e-08,4.969370921462556e-08,4.9693414669372776e-08,4.969312014453482e-08,4.9692825640108636e-08,4.969253115609112e-08,4.969223669247918e-08,4.969194224926976e-08,4.969164782645975e-08,4.969135342404618e-08,4.969105904202585e-08,4.969076468039578e-08,4.9690470339152834e-08,4.969017601829401e-08,4.9689881717816214e-08,4.9689587437716386e-08,4.968929317799148e-08,4.968899893863841e-08,4.968870471965415e-08,4.968841052086662e-08,4.9688116342442714e-08,4.9687822184323314e-08,4.9687528046193805e-08,4.968723392877076e-08,4.96869398318608e-08,4.968664575529855e-08,4.968635169908101e-08,4.96860576632052e-08,4.9685763647668185e-08,4.9685469652466976e-08,4.9685175677598734e-08,4.968488172306041e-08,4.968458778884922e-08,4.968429387496225e-08,4.9683999981396606e-08,4.96837061086462e-08,4.968341225628342e-08,4.968311842433593e-08,4.968282461285859e-08,4.968253082198108e-08,4.9682237052221766e-08,4.9681943301875316e-08,4.968164957217315e-08,4.9681355862295916e-08,4.9681062172488585e-08,4.968076850228453e-08,4.96804748520663e-08,4.9680181222191976e-08,4.967988761297894e-08,4.967959402398934e-08,4.9679300455225914e-08,4.967900690715199e-08,4.9678713379292336e-08,4.9678419871188727e-08,4.967812638296694e-08,4.9677832915379284e-08,4.967753946851966e-08,4.967724604195071e-08,4.9676952635658125e-08,4.967665924918723e-08,4.967636588298807e-08,4.967607253705726e-08,4.967577921120731e-08,4.9675485906476104e-08,4.967519262309549e-08,4.96748993594791e-08,4.967460611529037e-08,4.967431289106021e-08,4.967401968647001e-08,4.967372650208254e-08,4.9673433337895227e-08,4.967314019390551e-08,4.967284707011078e-08,4.967255396650832e-08,4.9672260883009355e-08,4.9671967819696655e-08,4.967167477655445e-08,4.967138175385144e-08,4.967108875216284e-08,4.967079576969898e-08,4.9670502807248844e-08,4.967020986497453e-08,4.966991694306139e-08,4.966962404131222e-08,4.966933115972405e-08,4.966903829829388e-08,4.966874545701868e-08,4.9668452635895424e-08,4.9668159834921156e-08,4.966786705409282e-08,4.966757429340747e-08,4.9667281552862055e-08,4.966698883245355e-08,4.966669613217894e-08,4.966640345203524e-08,4.966611079201943e-08,4.966581815212846e-08,4.966552553235933e-08,4.9665232932709e-08,4.9664940353611145e-08,4.966464779462825e-08,4.966435525575708e-08,4.9664062736994355e-08,4.966377023833672e-08,4.96634777591282e-08,4.966318530001768e-08,4.966289286100207e-08,4.96626004420782e-08,4.966230804324291e-08,4.9662015664493065e-08,4.966172330582545e-08,4.966143096723688e-08,4.96611386487241e-08,4.966084635028386e-08,4.9660554071912886e-08,4.966026181361279e-08,4.9659969575408224e-08,4.965967735728681e-08,4.965938515916452e-08,4.9659092981231366e-08,4.965880082324465e-08,4.965850868530384e-08,4.965821656742825e-08,4.9657924469624126e-08,4.965763239186005e-08,4.9657340334131365e-08,4.965704829643072e-08,4.965675627854132e-08,4.9656464281663436e-08,4.965617230492182e-08,4.9655880348419975e-08,4.965558841270649e-08,4.965529649615378e-08,4.965500459978107e-08,4.965471272346975e-08,4.9654420866887205e-08,4.965412903018242e-08,4.965383721340441e-08,4.9653545415643044e-08,4.965325363797316e-08,4.9652961879577256e-08,4.965267014131339e-08,4.965237842480303e-08,4.965208672826917e-08,4.965179505171086e-08,4.965150339512664e-08,4.965121175851457e-08,4.965092014142826e-08,4.965062854431527e-08,4.965033696855823e-08,4.965004541323064e-08,4.9649753875528236e-08,4.964946235754781e-08,4.9649170859558094e-08,4.9648879382087405e-08,4.96485879241541e-08,4.964829648521945e-08,4.9648005065978236e-08,4.9647713669491473e-08,4.964742229125373e-08,4.9647130932863434e-08,4.96468395951459e-08,4.964654827735468e-08,4.9646256978738374e-08,4.9645965700156057e-08,4.9645674441482494e-08,4.964538320272337e-08,4.964509198387563e-08,4.964480078492904e-08,4.964450960597945e-08,4.964421844642393e-08,4.9643927306261204e-08,4.964363618622375e-08,4.964334508641599e-08,4.9643054006922794e-08,4.964276294708217e-08,4.964247190714065e-08,4.964218088729117e-08,4.964188988738e-08,4.964159890728622e-08,4.964130794707235e-08,4.9641017006739414e-08,4.964072608629395e-08,4.964043518576438e-08,4.964014430536202e-08,4.963985344443697e-08,4.9639562603387115e-08,4.963927178244185e-08,4.9638980981083136e-08,4.963869020005316e-08,4.963839943847174e-08,4.9638108696672574e-08,4.963781797468666e-08,4.963752727238658e-08,4.963723658963336e-08,4.963694592718181e-08,4.9636655284569264e-08,4.963636466156029e-08,4.9636074058435254e-08,4.963578347510085e-08,4.963549291153755e-08,4.9635202367821767e-08,4.963491184387475e-08,4.9634621339803125e-08,4.963433085547313e-08,4.963404039088617e-08,4.9633749945950284e-08,4.9633459521025586e-08,4.963316911595129e-08,4.963287873013415e-08,4.963258836463771e-08,4.963229801892331e-08,4.963200769297539e-08,4.9631717386800596e-08,4.9631427100395596e-08,4.9631136833760675e-08,4.963084658639811e-08,4.9630556359244216e-08,4.9630266150843856e-08,4.9629975962808776e-08,4.9629685794364456e-08,4.962939564616457e-08,4.9629105517798696e-08,4.962881540918505e-08,4.962852532014409e-08,4.9628235250887266e-08,4.9627945201476076e-08,4.962765517180065e-08,4.962736516175635e-08,4.9627075171357755e-08,4.9626785200649134e-08,4.962649524959644e-08,4.9626205318544646e-08,4.9625915407207225e-08,4.962562551545949e-08,4.962533564341161e-08,4.9625045791059164e-08,4.9624755958397445e-08,4.962446614542133e-08,4.96241763521253e-08,4.962388657850356e-08,4.9623596824880017e-08,4.962330709096371e-08,4.962301737675944e-08,4.962272768227756e-08,4.962243800754141e-08,4.96221483522076e-08,4.9621858716338014e-08,4.9621569100225806e-08,4.962127950392959e-08,4.962098992736988e-08,4.962070037039958e-08,4.9620410833092904e-08,4.962012131545097e-08,4.9619831817481674e-08,4.9619542339228096e-08,4.9619252880306476e-08,4.96189634411823e-08,4.961867402170001e-08,4.961838462184539e-08,4.9618095241698325e-08,4.9617805881109005e-08,4.9617516540144155e-08,4.9617227218820774e-08,4.961693791664207e-08,4.961664863456233e-08,4.9616359372176064e-08,4.961607012930834e-08,4.961578090692379e-08,4.9615491703042586e-08,4.96152025186293e-08,4.9614913353945595e-08,4.961462420910104e-08,4.961433508384753e-08,4.9614045978185856e-08,4.961375689211309e-08,4.961346782562624e-08,4.9613178778663624e-08,4.9612889751366416e-08,4.9612600743564525e-08,4.96123117554174e-08,4.9612022786947244e-08,4.9611733836947305e-08,4.96114449061269e-08,4.961115599540556e-08,4.961086710492449e-08,4.961057823405622e-08,4.961028938276634e-08,4.9610000551066347e-08,4.960971173892455e-08,4.9609422945664256e-08,4.9609134172634904e-08,4.9608845419165885e-08,4.960855668519433e-08,4.960826796965278e-08,4.9607979273104035e-08,4.960769059742922e-08,4.960740194157114e-08,4.960711330666756e-08,4.960682468984759e-08,4.960653609252145e-08,4.960624751704354e-08,4.960595895867067e-08,4.960567041965451e-08,4.960538190024969e-08,4.960509340065241e-08,4.9604804920277054e-08,4.9604516458267097e-08,4.9604228016882967e-08,4.960393959528491e-08,4.9603651192878246e-08,4.960336280993852e-08,4.9603074446741126e-08,4.9602786102782745e-08,4.960249777789025e-08,4.960220947244985e-08,4.9601921186914206e-08,4.960163292086895e-08,4.96013446742519e-08,4.9601056447093344e-08,4.9600768239386646e-08,4.960048005123648e-08,4.96001918824376e-08,4.9599903733333795e-08,4.9599615603440956e-08,4.9599327492916114e-08,4.959903940144171e-08,4.959875132951722e-08,4.959846327613157e-08,4.95981752432286e-08,4.95978872305235e-08,4.959759923719131e-08,4.959731126289484e-08,4.95970233079191e-08,4.959673537296534e-08,4.9596447457147966e-08,4.9596159560331846e-08,4.9595871682994685e-08,4.959558382373061e-08,4.9595295984573535e-08,4.959500816559163e-08,4.9594720365992764e-08,4.959443258574607e-08,4.9594144824812355e-08,4.9593857083161944e-08,4.959356936086543e-08,4.959328165746086e-08,4.9592993974760374e-08,4.959270631088392e-08,4.959241866650699e-08,4.9592131041295884e-08,4.959184343536459e-08,4.95915558487144e-08,4.959126828141063e-08,4.959098073349263e-08,4.959069320486425e-08,4.959040569564251e-08,4.959011820507463e-08,4.958983073444146e-08,4.958954328332917e-08,4.9589255851675065e-08,4.9588968439159555e-08,4.958868104668975e-08,4.958839367136248e-08,4.958810631720043e-08,4.958781898216345e-08,4.958753166671342e-08,4.9587244370149074e-08,4.95869570928609e-08,4.958666983519679e-08,4.9586382596586865e-08,4.958609537726926e-08,4.958580817722466e-08,4.958552099647939e-08,4.9585233835074604e-08,4.9584946692958984e-08,4.95846595700316e-08,4.958437246624034e-08,4.958408538224308e-08,4.958379831710516e-08,4.95835112714055e-08,4.958322424495224e-08,4.958293723760446e-08,4.958265024969826e-08,4.9582363281048205e-08,4.958207633170819e-08,4.958178940163095e-08,4.9581502490932984e-08,4.95812155993721e-08,4.958092872706507e-08,4.958064187401113e-08,4.958035504020498e-08,4.9580068225643674e-08,4.957978143032439e-08,4.957949465424432e-08,4.95792078974373e-08,4.9578921159835635e-08,4.957863444095629e-08,4.9578347741879614e-08,4.957806106209907e-08,4.957777440140102e-08,4.9577487760364795e-08,4.957720113805481e-08,4.957691453497012e-08,4.957662795109865e-08,4.957634138643863e-08,4.957605484098887e-08,4.957576831475589e-08,4.95754818098265e-08,4.9575195321983235e-08,4.95749088539542e-08,4.9574622405077285e-08,4.957433597487584e-08,4.957404956377675e-08,4.9573763172216686e-08,4.9573476799687984e-08,4.95731904461513e-08,4.957290411182058e-08,4.95726177966075e-08,4.9572331500578504e-08,4.9572045223710626e-08,4.95717589659623e-08,4.957147272744472e-08,4.957118650808561e-08,4.9570900307980335e-08,4.957061412697737e-08,4.957032796420878e-08,4.9570041821230136e-08,4.9569755697366386e-08,4.956946959371643e-08,4.956918350833344e-08,4.956889744201218e-08,4.956861139488057e-08,4.9568325366869794e-08,4.956803935780613e-08,4.956775336806831e-08,4.9567467397437537e-08,4.956718144592853e-08,4.956689551346452e-08,4.956660960078121e-08,4.9566323706371356e-08,4.956603783118629e-08,4.9565751975707375e-08,4.9565466139483804e-08,4.956518032145584e-08,4.956489452256957e-08,4.9564608743105474e-08,4.956432298274144e-08,4.9564037241229406e-08,4.9563751518124425e-08,4.9563465814794494e-08,4.956318013054078e-08,4.9562894465100806e-08,4.956260881932827e-08,4.9562323192183925e-08,4.956203758442895e-08,4.9561751994842844e-08,4.95614664251607e-08,4.956118087459087e-08,4.9560895342910806e-08,4.9560609830111877e-08,4.956032433640796e-08,4.956003886176862e-08,4.9559753407050476e-08,4.955946797123323e-08,4.9559182554193804e-08,4.955889715577294e-08,4.955861177660864e-08,4.9558326416358824e-08,4.955804107348106e-08,4.9557755749982524e-08,4.9557470446485125e-08,4.955718516203899e-08,4.955689989667741e-08,4.955661465035359e-08,4.955632942310305e-08,4.9556044214896e-08,4.955575902582283e-08,4.955547385577149e-08,4.955518870469023e-08,4.955490357244152e-08,4.955461845939962e-08,4.9554333365081793e-08,4.955404828995716e-08,4.955376323527108e-08,4.9553478198542035e-08,4.955319318074314e-08,4.9552908181372555e-08,4.955262320085195e-08,4.955233823934295e-08,4.955205329623576e-08,4.955176837298833e-08,4.9551483468723466e-08,4.9551198583020866e-08,4.9550913716306e-08,4.9550628868561393e-08,4.955034403974517e-08,4.955005922987786e-08,4.954977443918821e-08,4.95494896662928e-08,4.954920491300906e-08,4.954892017919674e-08,4.9548635464174845e-08,4.95483507677517e-08,4.9548066090384036e-08,4.954778143208175e-08,4.954749679223449e-08,4.954721217191734e-08,4.954692757022109e-08,4.954664298750112e-08,4.9546358423641326e-08,4.9546073878443694e-08,4.954578935237694e-08,4.9545504845212706e-08,4.954522035668285e-08,4.954493588728874e-08,4.954465143655486e-08,4.9544367003873996e-08,4.9544082591140075e-08,4.9543798197229066e-08,4.954351382244232e-08,4.9543229466746295e-08,4.9542945129533084e-08,4.954266081115126e-08,4.954237651131448e-08,4.9542092229338886e-08,4.954180796760572e-08,4.9541523724633945e-08,4.9541239500430116e-08,4.954095529542024e-08,4.954067110952252e-08,4.9540386942105477e-08,4.954010279344198e-08,4.953981866399461e-08,4.9539534553456274e-08,4.953925046073358e-08,4.9538966387191135e-08,4.9538682332693117e-08,4.953839829668272e-08,4.953811427984497e-08,4.953783028183983e-08,4.953754630309929e-08,4.953726234265307e-08,4.953697840107855e-08,4.953669447730394e-08,4.9536410573250054e-08,4.953612668856845e-08,4.953584282177951e-08,4.95355589745361e-08,4.953527514577141e-08,4.9534991335832014e-08,4.9534707544634266e-08,4.953442377227292e-08,4.9534140018701743e-08,4.9533856283903864e-08,4.9533572569375535e-08,4.95332888724948e-08,4.9533005194027206e-08,4.953272153368912e-08,4.9532437892758095e-08,4.953215427080996e-08,4.953187066630881e-08,4.953158708160853e-08,4.9531303515729386e-08,4.9531019968890056e-08,4.95307364404543e-08,4.953045293247984e-08,4.953016944174949e-08,4.952988596955147e-08,4.9529602516376953e-08,4.9529319081677824e-08,4.9529035665779875e-08,4.952875226859e-08,4.9528468890111576e-08,4.952818553029431e-08,4.9527902188196454e-08,4.952761886598446e-08,4.9527335562665235e-08,4.952705227778989e-08,4.9526769011606866e-08,4.9526485764154885e-08,4.9526202535365475e-08,4.952591932501662e-08,4.9525636133499525e-08,4.952535296085047e-08,4.9525069806883805e-08,4.9524786671537216e-08,4.95245035548351e-08,4.95242204569528e-08,4.9523937377742426e-08,4.952365431743426e-08,4.9523371275608866e-08,4.952308825267947e-08,4.9522805248173196e-08,4.952252226233922e-08,4.952223929530255e-08,4.95219563469559e-08,4.9521673417766936e-08,4.952139050658744e-08,4.9521107614197574e-08,4.952082474148665e-08,4.952054188623916e-08,4.9520259048596314e-08,4.951997623088354e-08,4.951969343158673e-08,4.951941065081256e-08,4.951912788886606e-08,4.9518845145664946e-08,4.951856242168704e-08,4.95182797155915e-08,4.951799702811137e-08,4.951771435928734e-08,4.9517431709384853e-08,4.9517149078950846e-08,4.951686646599356e-08,4.951658387156906e-08,4.951630129578115e-08,4.951601873840733e-08,4.9515736199795544e-08,4.951545367909138e-08,4.951517117776112e-08,4.9514888694941056e-08,4.9514606230712787e-08,4.9514323785116324e-08,4.95140413584464e-08,4.951375895004565e-08,4.951347656018879e-08,4.951319418962497e-08,4.9512911836926206e-08,4.951262950275782e-08,4.951234718715823e-08,4.951206489210787e-08,4.9511782613615956e-08,4.951150035383643e-08,4.95112181124992e-08,4.9510935889738074e-08,4.9510653685701134e-08,4.9510371500014183e-08,4.9510089332894255e-08,4.950980718424372e-08,4.9509525054108414e-08,4.950924294244849e-08,4.95089608493997e-08,4.9508678774232656e-08,4.950839671827216e-08,4.950811468088303e-08,4.950783266281553e-08,4.950755066302797e-08,4.950726868114016e-08,4.950698671776441e-08,4.950670477288813e-08,4.9506422846498194e-08,4.950614093808569e-08,4.950585904888145e-08,4.9505577178210796e-08,4.9505295325287734e-08,4.9505013491643936e-08,4.950473167633152e-08,4.9504449879528915e-08,4.9504168101106927e-08,4.950388634141623e-08,4.95036046000416e-08,4.9503322876967105e-08,4.950304117258468e-08,4.950275948810862e-08,4.9502477820970735e-08,4.950219617197329e-08,4.950191454079782e-08,4.9501632928614274e-08,4.950135133573268e-08,4.950106976054278e-08,4.950078820377877e-08,4.9500506665572155e-08,4.950022514590487e-08,4.94999436445721e-08,4.9499662161719975e-08,4.949938069725163e-08,4.9499099251231654e-08,4.949881782574272e-08,4.94985364165839e-08,4.949825502578856e-08,4.949797365269542e-08,4.9497692298844466e-08,4.9497410963426585e-08,4.949712964643762e-08,4.949684834788788e-08,4.949656706771786e-08,4.949628580595884e-08,4.9496004562608253e-08
16,0.0,0.0,0.0,0.0,0.0,0.0,0.0,0.0,0.0,0.0,0.0,0.0,0.0,0.0,0.0,0.0,0.0,0.0,0.0,0.0,0.0,0.0,0.0,0.0,0.0,0.0,0.0,0.0,0.0,0.0,0.0,0.0,0.0,0.0,0.0,0.0,0.0,0.0,0.0,0.0,0.0,0.0,0.0,0.0,0.0,0.0,0.0,0.0,0.0,0.0,0.0,0.0,0.0,0.0,0.0,0.0,0.0,0.0,0.0,0.0,0.0,0.0,0.0,0.0,0.0,0.0,0.0,0.0,0.0,0.0,0.0,0.0,0.0,0.0,0.0,0.0,0.0,0.0,0.0,0.0,0.0,0.0,0.0,0.0,0.0,0.0,0.0,0.0,0.0,0.0,0.0,0.0,0.0,0.0,0.0,0.0,0.0,0.0,0.0,0.0,0.0,0.0,0.0,0.0,0.0,0.0,0.0,0.0,0.0,0.0,0.0,0.0,0.0,0.0,0.0,0.0,0.0,0.0,0.0,0.0,0.0,0.0,0.0,0.0,0.0,0.0,0.0,0.0,0.0,0.0,0.0,0.0,0.0,0.0,0.0,0.0,0.0,0.0,0.0,0.0,0.0,0.0,0.0,0.0,0.0,0.0,0.0,0.0,0.0,0.0,0.0,0.0,0.0,0.0,0.0,0.0,0.0,0.0,0.0,0.0,0.0,0.0,0.0,0.0,0.0,0.0,0.0,0.0,0.0,0.0,0.0,0.0,0.0,0.0,0.0,0.0,0.0,0.0,0.0,0.0,0.0,0.0,0.0,0.0,0.0,0.0,0.0,0.0,0.0,0.0,0.0,0.0,0.0,0.0,0.0,0.0,0.0,0.0,0.0,0.0,0.0,0.0,0.0,0.0,0.0,0.0,0.0,0.0,0.0,0.0,0.0,0.0,0.0,0.0,0.0,0.0,0.0,0.0,0.0,0.0,0.0,0.0,0.0,0.0,0.0,0.0,0.0,0.0,0.0,0.0,0.0,0.0,0.0,0.0,0.0,0.0,0.0,0.0,0.0,0.0,0.0,0.0,0.0,0.0,0.0,0.0,0.0,0.0,0.0,0.0,0.0,0.0,0.0,0.0,0.0,0.0,0.0,0.0,0.0,0.0,0.0,0.0,0.0,0.0,0.0,0.0,0.0,0.0,0.0,0.0,0.0,0.0,0.0,0.0,0.0,0.0,0.0,0.0,0.0,0.0,0.0,0.0,0.0,0.0,0.0,0.0,0.0,0.0,0.0,0.0,0.0,0.0,0.0,0.0,0.0,0.0,0.0,0.0,0.0,0.0,0.0,0.0,0.0,0.0,0.0,0.0,0.0,0.0,0.0,0.0,0.0,0.0,0.0,0.0,0.0,0.0,0.0,0.0,0.0,0.0,0.0,0.0,0.0,0.0,0.0,0.0,0.0,0.0,0.0,0.0,0.0,0.0,0.0,0.0,0.0,0.0,0.0,0.0,0.0,0.0,0.0,0.0,0.0,0.0,0.0,0.0,0.0,0.0,0.0,0.0,0.0,0.0,0.0,0.0,0.0,0.0,0.0,0.0,0.0,0.0,0.0,0.0,0.0,0.0,0.0,0.0,0.0,0.0,0.0,0.0,0.0,0.0,0.0,0.0,0.0,0.0,0.0,0.0,0.0,0.0,0.0,0.0,0.0,0.0,0.0,0.0,0.0,0.0,0.0,0.0,0.0,0.0,0.0,0.0,0.0,0.0,0.0,0.0,0.0,0.0,0.0,0.0,0.0,0.0,0.0,0.0,0.0,0.0,0.0,0.0,0.0,0.0,0.0,0.0,0.0,0.0,0.0,0.0,0.0,0.0,0.0,0.0,0.0,0.0,0.0,0.0,0.0,0.0,0.0,0.0,0.0,0.0,0.0,0.0,0.0,0.0,0.0,0.0,0.0,0.0,0.0,0.0,0.0,0.0,0.0,0.0,0.0,0.0,0.0,0.0,0.0,0.0,0.0,0.0,0.0,0.0,0.0,0.0,0.0,0.0,0.0,0.0,0.0,0.0,0.0,0.0,0.0,0.0,0.0,0.0,0.0,0.0,0.0,0.0,0.0,0.0,0.0,0.0,0.0,0.0,0.0,0.0,0.0,0.0,0.0,0.0,0.0,0.0,0.0,0.0,0.0,0.0,0.0,0.0,0.0,0.0,0.0,0.0,0.0,0.0,0.0,0.0,0.0,0.0,0.0,0.0,0.0,0.0,0.0,0.0,0.0,0.0,0.0,0.0,0.0,0.0,0.0,0.0,0.0,0.0,0.0,0.0,0.0,0.0,0.0,0.0,0.0,0.0,0.0,0.0,0.0,0.0,0.0,0.0,0.0,0.0,0.0,0.0,0.0,0.0,0.0,0.0,0.0,0.0,0.0,0.0,0.0,0.0,0.0,0.0,0.0,0.0,0.0,0.0,0.0,0.0,0.0,0.0,0.0,0.0,0.0,0.0,0.0,0.0,0.0,0.0,0.0,0.0,0.0,0.0,0.0,0.0,0.0,0.0,0.0,0.0,0.0,0.0,0.0,0.0,0.0,0.0,0.0,0.0,0.0,0.0,0.0,0.0,0.0,0.0,0.0,0.0,0.0,0.0,0.0,0.0,0.0,0.0,0.0,0.0,0.0,0.0,0.0,0.0,0.0,0.0,0.0,0.0,0.0,0.0,0.0,0.0,0.0,0.0,0.0,0.0,0.0,0.0,0.0,0.0,0.0,0.0,0.0,0.0,0.0,0.0,0.0,0.0,0.0,0.0,0.0,0.0,0.0,0.0,0.0,0.0,0.0,0.0,0.0,0.0,0.0,0.0,0.0,0.0,0.0,0.0,0.0,0.0,0.0,0.0,0.0,0.0,0.0,0.0,0.0,0.0,0.0,0.0,0.0,0.0,0.0,0.0,0.0,0.0,0.0,0.0,0.0,0.0,0.0,0.0,0.0,0.0,0.0,0.0,0.0,0.0,0.0,0.0,0.0,0.0,0.0,0.0,0.0,0.0,0.0,0.0,0.0,0.0,0.0,0.0,0.0,0.0,0.0,0.0,0.0,0.0,0.0,0.0,0.0,0.0,0.0,0.0,0.0,0.0,0.0,0.0,0.0,0.0,0.0,0.0,0.0,0.0,0.0,0.0,0.0,0.0,0.0,0.0,0.0,0.0,0.0,0.0,0.0,0.0,0.0,0.0,0.0,0.0,0.0,0.0,0.0,0.0,0.0,0.0,0.0,0.0,0.0,0.0,0.0,0.0,0.0,0.0,0.0,0.0,0.0,0.0,0.0,0.0,0.0,0.0,0.0,0.0,0.0,0.0,0.0,0.0,0.0,0.0,0.0,0.0,0.0,0.0,0.0,0.0,0.0,0.0,0.0,0.0,0.0,0.0,0.0,0.0,0.0,0.0,0.0,0.0,0.0,0.0,0.0,0.0,0.0,0.0,0.0,0.0,0.0,0.0,0.0,0.0,0.0,0.0,0.0,0.0,0.0,0.0,0.0,0.0,0.0,0.0,0.0,0.0,0.0,0.0,0.0,0.0,0.0,0.0,0.0,0.0,0.0,0.0,0.0,0.0,0.0,0.0,0.0,0.0,0.0,0.0,0.0,0.0,0.0,0.0,0.0,0.0,0.0,0.0,0.0,0.0,0.0,0.0,0.0,0.0,0.0,0.0,0.0,0.0,0.0,0.0,0.0,0.0,0.0,0.0,0.0,0.0,0.0,0.0,0.0,0.0,0.0,0.0,0.0,0.0,0.0,0.0,0.0,0.0,0.0,0.0,0.0,0.0,0.0,0.0,0.0,0.0,0.0,0.0,0.0,0.0,0.0,0.0,0.0,0.0,0.0,0.0,0.0,0.0,0.0,0.0,0.0,0.0,0.0,0.0,0.0,0.0,0.0,0.0,0.0,0.0,0.0,0.0,0.0,0.0,0.0,0.0,0.0,0.0,0.0,0.0,0.0,0.0,0.0,0.0,0.0,0.0,0.0,0.0,0.0,0.0,0.0,0.0,0.0,0.0,0.0,0.0,0.0,0.0,0.0,0.0,0.0,0.0,0.0,0.0,0.0,0.0,0.0,0.0,0.0,0.0,0.0,0.0,0.0,0.0,0.0,0.0,0.0,0.0,0.0,0.0,0.0,0.0,0.0,0.0,0.0,0.0,0.0,0.0,0.0,0.0,0.0,0.0,0.0,0.0,0.0,0.0,0.0,0.0,0.0,0.0,0.0,0.0,0.0,0.0,0.0,0.0,0.0,0.0,0.0,0.0,0.0,0.0,0.0,0.0,0.0,0.0,0.0,0.0,0.0,0.0,0.0,0.0,0.0,0.0,0.0,0.0,0.0,0.0,0.0,0.0,0.0,0.0,0.0,0.0,0.0,0.0,0.0,0.0,0.0,0.0,0.0,0.0,2.2433434692394906e-24,6.056741565299071e-24,1.0275769861833546e-23,1.4168540765809436e-23,1.7499090035108155e-23,2.0279057867838316e-23,2.2607817750451148e-23,2.4598703018688557e-23,2.6351573487842536e-23,2.79460721147691e-23,2.9442846079529395e-23,3.088713117147817e-23,3.231248665286123e-23,3.3743951224139906e-23,3.520048920961321e-23,3.6696807254962894e-23,3.824467408136941e-23,3.98538693654189e-23,4.153286400959253e-23,4.3289309358420665e-23,4.513039182479167e-23,4.7063093464372277e-23,4.909438719292623e-23,5.123138695537666e-23,5.348146721045588e-23,5.585236193969077e-23,5.835225048470562e-23,6.098983553383087e-23,6.377441716863474e-23,6.67159659413475e-23,6.982519730367039e-23,7.311364923562035e-23,7.65937647441652e-23,8.027898062576785e-23,8.418382387713152e-23,8.83240171540996e-23,9.271659453409367e-23,9.738002927689323e-23,1.023343750302549e-22,1.076014222583875e-22,1.1320487203512372e-22,1.1917052920417088e-22,1.2552651756352763e-22,1.3230351991058005e-22,1.3953504615060755e-22,1.472577332009117e-22,1.5551168096708292e-22,1.6434082924134172e-22,1.7379338105535356e-22,1.839222791759488e-22,1.9478574290597795e-22,2.0644787327939439e-22,2.1897933880783415e-22,2.324581501670971e-22,2.4697053945288937e-22,2.626119591579722e-22,2.794882187721295e-22,2.9771678087988025e-22,3.174282414607466e-22,3.3876802404249993e-22,3.6189832234231726e-22,3.870003324088374e-22,4.142768227726267e-22,4.439551001242369e-22,4.762904392832844e-22,5.1157005819684825e-22,5.501177376632614e-22,5.922992005967482e-22,6.385283938871519e-22,6.8927484216062045e-22,7.450722798995511e-22,8.065288122957821e-22,8.743389106263764e-22,9.49297613528476e-22,1.032317395606108e-21,1.1244482647109228e-21,1.2269017880749755e-21,1.3410799134983142e-21,1.468609666791563e-21,1.6113850796610233e-21,1.771618051089379e-21,1.951900295094849e-21,2.155279109143005e-21,2.3853504534876295e-21,2.6463738211662147e-21,2.9434146764377116e-21,3.2825219677216623e-21,3.670950504448099e-21,4.117441074391785e-21,4.632575314619076e-21,5.229228020390192e-21,5.9231472987568334e-21,6.733703687696089e-21,7.684864272663822e-21,8.80646881044941e-21,1.0135914639085905e-20,1.1720399844954842e-20,1.3619936011581183e-20,1.5911432485984898e-20,1.8694288423751578e-20,2.209813057119879e-20,2.6293641400645592e-20,3.150789564087772e-20,3.804636452951564e-20,4.63249275512444e-20,5.691714329035776e-20,7.062518639992974e-20,8.858817034627939e-20,1.1245071609549424e-19,1.4463072651163667e-19,1.8875440937742047e-19,2.503806045276207e-19,3.3823984068804194e-19,4.664180055999326e-19,6.583337773900393e-19,9.542535338309563e-19,1.4260815153971368e-18,2.207827967151105e-18,3.561667584174995e-18,6.029624565186642e-18,1.0804995154284704e-17,2.0709294933551885e-17,4.2971717394454223e-17,9.782531372432217e-17,2.474040378650766e-16,7.00188710870633e-16,2.205061712159587e-15,7.519537506982096e-15,2.640674442017288e-14,8.998145661344953e-14,2.838735300424437e-13,8.103504265943975e-13,2.0838413229983313e-12,4.840094870510621e-12,1.0189673774320843e-11,1.951720902649063e-11,3.4185905064828595e-11,5.514034829958158e-11,8.259121596132013e-11,1.1591770851969905e-10,1.5379951776604282e-10,1.944963337278345e-10,2.361596067538678e-10,2.77084489941132e-10,3.1586399667314277e-10,3.514524102333905e-10,3.8316379216905133e-10,4.106319738141176e-10,4.3375240383198214e-10,4.526196406878292e-10,4.674688500044334e-10,4.786256207114557e-10,4.864656362512251e-10,4.913840152907366e-10,4.937732185618485e-10,4.940080481691497e-10,4.924362298916532e-10,4.893732096253688e-10,4.85100008670002e-10,4.798632098783648e-10,4.738763559620864e-10,4.673222205586158e-10,4.6035555822391095e-10,4.5310605434808304e-10,4.456812841839783e-10,4.3816955595507786e-10,4.3064256161778583e-10,4.231577936995956e-10,4.1576071087562256e-10,4.084866515936591e-10,4.013625057072736e-10,3.9440816060639376e-10,3.8763774184660527e-10,3.8106066966270083e-10,3.7468255276602257e-10,3.685059399716421e-10,3.625309486851205e-10,3.5675578762358147e-10,3.5117718935355754e-10,3.4579076616689826e-10,3.405913014854494e-10,3.355729869928966e-10,3.307296144043449e-10,3.260547296594276e-10,3.2154175546951823e-10,3.1718408835112345e-10,3.12975174196794e-10,3.0890856644428603e-10,3.049779699863953e-10,3.011772735289128e-10,2.975005725682793e-10,2.939421848869501e-10,2.9078890417421574e-10,2.874472625956074e-10,2.842043701980095e-10,2.8105898349902415e-10,2.780071857501483e-10,2.750448339042119e-10,2.721678894075561e-10,2.693724910049436e-10,2.666549698137165e-10,2.6401184783361115e-10,2.614398312135381e-10,2.5893580177391513e-10,2.5649681724146794e-10,2.54120067731806e-10,2.5180291773182576e-10,2.4954286631305543e-10,2.4733754570416357e-10,2.4518471412395177e-10,2.4308224859362106e-10,2.410281380678151e-10,2.390204769065512e-10,2.3705745871592934e-10,2.35137370513754e-10,2.3325858723015946e-10,2.3141956651967806e-10,2.2961884393425634e-10,2.2785502829333996e-10,2.2612679739738951e-10,2.2443289401012058e-10,2.2277212205542637e-10,2.211433430727411e-10,2.1954547288161e-10,2.179774784887928e-10,2.1643837512584351e-10,2.1492722353191478e-10,2.1344312738911353e-10,2.1198523088297473e-10,2.1055271652579901e-10,2.0914480293748384e-10,2.0776074294789097e-10,2.0639982170332422e-10,2.050613549237013e-10,2.0374468727237552e-10,2.0244919082873475e-10,2.0117426363419436e-10,1.9991932833366589e-10,1.9868383094607646e-10,1.9746723961927585e-10,1.9626904352617712e-10,1.9508875180708457e-10,1.9392589258365727e-10,1.927800120190556e-10,1.9165067341381385e-10,1.9053745641438295e-10,1.8943995619865114e-10,1.8835778276837465e-10,1.8729056020607165e-10,1.8623792608765695e-10,1.8519953078014324e-10,1.8417503690299842e-10,1.8316411876867511e-10,1.8216646185336248e-10,1.811817622958327e-10,1.8020972644941837e-10,1.7925007040480048e-10,1.7830251958971793e-10,1.7736680836509573e-10,1.764426796451235e-10,1.7552988452143542e-10,1.7462818199836468e-10,1.7373733854013254e-10,1.7285712787727918e-10,1.7198733064344975e-10,1.711277341376085e-10,1.7027813204575665e-10,1.6943832418166176e-10,1.686081162703228e-10,1.6778731968476294e-10,1.6697575126539453e-10,1.661732330933313e-10,1.653795922849911e-10,1.6459466082472748e-10,1.63818275373295e-10,1.6305027709390097e-10,1.622905114917669e-10,1.6153882826278842e-10,1.6079508113022134e-10,1.6005912771762024e-10,1.5933082940011017e-10,1.5861005117812543e-10,1.5789666155283745e-10,1.5719053240100434e-10,1.5649153886706686e-10,1.5579955925271322e-10,1.5511447489725372e-10,1.5443617009666896e-10,1.5376453199558565e-10,1.530994504953988e-10,1.5244081816531102e-10,1.5178853015565305e-10,1.5114248411511846e-10,1.5050258012171863e-10,1.4986872058499997e-10,1.492408101999137e-10,1.4861875585051996e-10,1.4800246656366162e-10,1.4739185342512841e-10,1.4678682953738211e-10,1.4618730994265873e-10,1.4559321157346305e-10,1.4500445319301882e-10,1.4442095534662096e-10,1.43842640298958e-10,1.4326943199879578e-10,1.4270125602084623e-10,1.4213803952162622e-10,1.4157971119296018e-10,1.4102620123121482e-10,1.4047744127398427e-10,1.3993336437401546e-10,1.3939390495920135e-10,1.3885899879308043e-10,1.3832858293790393e-10,1.3780259572262905e-10,1.3728097670341683e-10,1.3676366663828119e-10,1.362506074498766e-10,1.357417421993326e-10,1.35237015047671e-10,1.3473637124285358e-10,1.3423975707747862e-10,1.33747119873805e-10,1.3325840793363525e-10,1.327735705488362e-10,1.322925579531522e-10,1.3181532130591876e-10,1.3134181266367624e-10,1.3087198496573935e-10,1.3040579200821876e-10,1.2994318841797643e-10,1.2948412966445475e-10,1.2902857198140903e-10,1.285764723965047e-10,1.2812778869530413e-10,1.2768247940470508e-10,1.2724050377816404e-10,1.268018217736153e-10,1.2636639404273923e-10,1.259341819116082e-10,1.2550514737011696e-10,1.2507925304731323e-10,1.2465646220610787e-10,1.24236738726205e-10,1.2382004708990476e-10,1.2340635236699368e-10,1.2299562020604027e-10,1.22587816819744e-10,1.2218290896903458e-10,1.2178086395590437e-10,1.2138164961155488e-10,1.2098523428238748e-10,1.2059158682100154e-10,1.2020067657401318e-10,1.1981247336824695e-10,1.194269475197708e-10,1.1904406979413371e-10,1.186638114176998e-10,1.1828614405919008e-10,1.1791103982529226e-10,1.1753847124772743e-10,1.1716841128205144e-10,1.1680083329074818e-10,1.1643571103803175e-10,1.1607301868423562e-10,1.1571273076640414e-10,1.1535482221648899e-10,1.1499926832992043e-10,1.1464604476389163e-10,1.1429512753568703e-10,1.1394649300751253e-10,1.1360011788724876e-10,1.1325597921906303e-10,1.1291405437981098e-10,1.125743210646517e-10,1.1223675729055834e-10,1.119013413842896e-10,1.1156805198024e-10,1.1123686801257931e-10,1.1090776870876355e-10,1.105807335847166e-10,1.1025574244302855e-10,1.0993277536374304e-10,1.0961181270020014e-10,1.0929283507599867e-10,1.0897582337368488e-10,1.0866075874074297e-10,1.0834762257994467e-10,1.0803639653317177e-10,1.0772706249907514e-10,1.0741960261319277e-10,1.07113999249317e-10,1.0681023501334355e-10,1.0650829273987088e-10,1.0620815548846668e-10,1.0590980653941976e-10,1.056132293905571e-10,1.0531840775130669e-10,1.0502532554426135e-10,1.0473396690333201e-10,1.0444431614491897e-10,1.0415635780474849e-10,1.0387007660814712e-10,1.0358545747355703e-10,1.03302485508828e-10,1.0302114600803315e-10,1.0274142444442816e-10,1.0246330648096189e-10,1.0218677795834051e-10,1.0191182488229923e-10,1.0163843343461342e-10,1.0140188487909859e-10,1.0113134239471663e-10,1.0086233184196592e-10,1.0059483605221951e-10,1.0032883884158788e-10,1.0006432629966915e-10,9.980128537522843e-11,9.953970339647204e-11,9.927956790631057e-11,9.902086662583874e-11,9.876358742631473e-11,9.850771832394854e-11,9.825324747436548e-11,9.800016317543614e-11,9.774845385766096e-11,9.749810808769366e-11,9.72491145630722e-11,9.70014621119887e-11,9.675513968842347e-11,9.651013637631557e-11,9.626644138367986e-11,9.602404403747023e-11,9.578293378853029e-11,9.554310020278213e-11,9.530453296619925e-11,9.506722188056033e-11,9.483115685962308e-11,9.459632792974419e-11,9.436272522791331e-11,9.413033899988757e-11,9.389915959900512e-11,9.366917748640184e-11,9.344038321880795e-11,9.321276746407559e-11,9.298632098987961e-11,9.27610346628619e-11,9.253689945113005e-11,9.231390641133113e-11,9.20920467041114e-11,9.187131158179316e-11,9.165169238931267e-11,9.143318056469107e-11,9.12157676351594e-11,9.099944521775274e-11,9.078420501678927e-11,9.057003882472465e-11,9.03569385190655e-11,9.014489606231627e-11,8.993390349934601e-11,8.972395295777211e-11,8.951503664645635e-11,8.930714685417627e-11,8.910027594876284e-11,8.88944163759974e-11,8.868956065956734e-11,8.84857013972732e-11,8.82828312612365e-11,8.808094299998211e-11,8.788002943445973e-11,8.768008345649259e-11,8.74810980295118e-11,8.728306618709592e-11,8.708598102686665e-11,8.688983572534917e-11,8.6694623521131e-11,8.650033772391211e-11,8.6306971703529e-11,8.611451889039988e-11,8.592297278455143e-11,8.573232695443018e-11,8.554257502200354e-11,8.53537106769323e-11,8.516572766916562e-11,8.497861980516444e-11,8.479238095018381e-11,8.460700503407089e-11,8.442248604158778e-11,8.423881801553668e-11,8.405599505404881e-11,8.387401131127318e-11,8.36928609976103e-11,8.351253837697946e-11,8.333303776774501e-11,8.315435354112257e-11,8.297648012098422e-11,8.279941198315216e-11,8.26231436530529e-11,8.244766970949716e-11,8.227298478116e-11,8.209908354541384e-11,8.192596072853014e-11,8.175361110506866e-11,8.158202949737784e-11,8.141121077714125e-11,8.124114985837174e-11,8.10718417033109e-11,8.090328131980722e-11,8.073546376033437e-11,8.056838412276898e-11,8.040203754831091e-11,8.023641922188443e-11,8.007152437141559e-11,7.990734826702918e-11,7.974388622115132e-11,7.958113358794658e-11,7.94190857616844e-11,7.925773817889244e-11,7.909708631450464e-11,7.893712568365789e-11,7.877785184023738e-11,7.861926037826953e-11,7.846134692979641e-11,7.830410716450211e-11,7.814753678846054e-11,7.799163154620333e-11,7.783638721860978e-11,7.768179962304987e-11,7.752786461242294e-11,7.737457807544856e-11,7.722193593570872e-11,7.706993414868098e-11,7.691856871150822e-11,7.676783564843318e-11,7.661773101934427e-11,7.646825091767176e-11,7.631939147072877e-11,7.617114883552034e-11,7.602351920507252e-11,7.587649880090089e-11,7.573008387699379e-11,7.558427071872931e-11,7.543905564227118e-11,7.529443499354006e-11,7.515040515026223e-11,7.50069625186316e-11,7.486410353429278e-11,7.472182466327248e-11,7.458012240004955e-11,7.443899326638126e-11,7.429843381385946e-11,7.415844062166677e-11,7.401901029664773e-11,7.388013947320648e-11,7.374182481265434e-11,7.360406300344722e-11,7.346685076044818e-11,7.333018482470257e-11,7.319406196368872e-11,7.30584789704389e-11,7.292343266362397e-11,7.278891988712453e-11,7.265493750986188e-11,7.252148242546945e-11,7.238855155217049e-11,7.225614183232072e-11,7.212425023239643e-11,7.199287374254148e-11,7.186200937643312e-11,7.173165417107919e-11,7.16018051867492e-11,7.147245950658944e-11,7.13436142360641e-11,7.121526650316099e-11,7.108741345800909e-11,7.096005227272568e-11,7.083318014110244e-11,7.07067942779186e-11,7.05808919215987e-11,7.045547032794325e-11,7.033052677649812e-11,7.020605856808622e-11,7.008206302070619e-11,6.995853747507755e-11,6.983547929186787e-11,6.971288585099159e-11,6.959075455262002e-11,6.946908281492461e-11,6.934786807907969e-11,6.922710780206443e-11,6.910679946074829e-11,6.898694055090307e-11,6.886752858710056e-11,6.874856110180512e-11,6.863003564634546e-11,6.851194978994268e-11,6.839430111973945e-11,6.827708724065954e-11,6.816030577534183e-11,6.804395436344277e-11,6.792803066221008e-11,6.781253234604311e-11,6.769745710601959e-11,6.75828026505718e-11,6.746856670465721e-11,6.735474700832384e-11,6.724134132038919e-11,6.712834741355589e-11,6.701576307776962e-11,6.690358611919636e-11,6.679181435856189e-11,6.668044563258086e-11,6.656947779405727e-11,6.64589087110671e-11,6.634873626450372e-11,6.623895835433599e-11,6.612957289338106e-11,6.602057780906564e-11,6.591197104411044e-11,6.580375055455799e-11,6.569591431095907e-11,6.558846029945103e-11,6.548138652050206e-11,6.537469098678088e-11,6.526837172570266e-11,6.516242677841e-11,6.505685419968024e-11,6.495165205776798e-11,6.484681843451416e-11,6.474235142480156e-11,6.463824913659929e-11,6.453450969118654e-11,6.443113122263864e-11,6.432811187821577e-11,6.422544981716703e-11,6.41231432116891e-11,6.402119024647318e-11,6.391958911858478e-11,6.381833803736018e-11,6.371743522429194e-11,6.361687891294123e-11,6.35166673488265e-11,6.341679878932465e-11,6.331727150304857e-11,6.321808377155534e-11,6.311923388686798e-11,6.302072015285398e-11,6.292254088450511e-11,6.282469440833899e-11,6.27271790619076e-11,6.262999319384847e-11,6.253313516375369e-11,6.243660334217417e-11,6.234039611040518e-11,6.224451186045591e-11,6.214894899495278e-11,6.205370592703326e-11,6.195878108030626e-11,6.186417288871852e-11,6.176987979648241e-11,6.167590025799382e-11,6.158223273775854e-11,6.148887571027263e-11,6.139582765997227e-11,6.130308708114851e-11,6.121065247786091e-11,6.111852236385922e-11,6.102669526248871e-11,6.09351697066676e-11,6.084394423873485e-11,6.075301741045096e-11,6.066238778279222e-11,6.057205392593837e-11,6.048201441986664e-11,6.039226785120357e-11,6.030281281872474e-11,6.02136479288945e-11,6.01247717971613e-11,6.003618304743367e-11,5.994788031248031e-11,5.985986223374564e-11,5.977212746118343e-11,5.968467465338216e-11,5.959750247841476e-11,5.951060961043297e-11,5.942399473301127e-11,5.933765653821136e-11,5.925159372611651e-11,5.916580500492886e-11,5.908028909114762e-11,5.899504470873294e-11,5.891007058987788e-11,5.882536547435895e-11,5.874092811046653e-11,5.865675725355429e-11,5.857285166661001e-11,5.848921012057933e-11,5.840583139355408e-11,5.832271427247607e-11,5.823985755087268e-11,5.815726002829133e-11,5.8074920513757325e-11,5.7992837822733516e-11,5.791101077700005e-11,5.782943820672418e-11,5.774811894888766e-11,5.766705184731833e-11,5.758623575276866e-11,5.7505669523353107e-11,5.742535202392219e-11,5.734528212584875e-11,5.726545870767283e-11,5.7185880654355355e-11,5.7106546857824514e-11,5.7027456216586226e-11,5.6948607635652355e-11,5.6870000026626356e-11,5.6791632307587496e-11,5.671350340305435e-11,5.663561224393626e-11,5.6557957767515945e-11,5.6480538916581197e-11,5.640335464342038e-11,5.6326403901309e-11,5.6249685653509234e-11,5.617319886797617e-11,5.6096942519273736e-11,5.6020915587760457e-11,5.594511705973587e-11,5.586954592752931e-11,5.579420118927313e-11,5.571908184897437e-11,5.564418691644844e-11,5.5569515407267887e-11,5.5495066342729075e-11,5.542083874980072e-11,5.5346831661091755e-11,5.527304411479995e-11,5.5199475154683765e-11,5.512612383008161e-11,5.505298919565684e-11,5.498007031159326e-11,5.490736624346449e-11,5.4834876062232885e-11,5.476259884412308e-11,5.4690533670549296e-11,5.4618679628409584e-11,5.454703580970003e-11,5.4475601311543654e-11,5.440437523621299e-11,5.4333356691099185e-11,5.426254478859714e-11,5.419193864615026e-11,5.412153738619058e-11,5.4051340136098587e-11,5.398134602817459e-11,5.3911554199594627e-11,5.3841963792347585e-11,5.3772573953340976e-11,5.3703383834159704e-11,5.36343925911609e-11,5.356559938546952e-11,5.3497003382732196e-11,5.342860375339254e-11,5.3360399672463447e-11,5.3292390319536214e-11,5.32245748787505e-11,5.315695253873614e-11,5.3089522492663263e-11,5.302228393816047e-11,5.295523607721876e-11,5.28883781162943e-11,5.282170926610508e-11,5.275522874180698e-11,5.268893576276365e-11,5.262282955270965e-11,5.255690933993214e-11,5.249117435599291e-11,5.2425623837477286e-11,5.236025702493713e-11,5.229507316348006e-11,5.223007150083359e-11,5.2165251291084875e-11,5.2100611789509654e-11,5.203615225821697e-11,5.197187196106811e-11,5.1907770167402683e-11,5.184384614978714e-11,5.1780099185343006e-11,5.171652855442743e-11,5.165313354145435e-11,5.158991343449625e-11,5.1526867525941004e-11,5.146399511149028e-11,5.140129549071448e-11,5.13387679669768e-11,5.127641184726848e-11,5.121422644243263e-11,5.1152211066849185e-11,5.10903650383778e-11,5.102868767871057e-11,5.096717831298135e-11,5.0905836270152395e-11,5.08446608819519e-11,5.0783651485265505e-11,5.072280741883227e-11,5.0662128025376463e-11,5.060161265101088e-11,5.054126064538619e-11,5.048107136167631e-11,5.04210441563105e-11,5.036117838907704e-11,5.030147342308663e-11,5.024192862477869e-11,5.018254336387873e-11,5.012331701337601e-11,5.006424894952032e-11,5.000533855175349e-11,4.994658520279654e-11,4.9887988288836784e-11,4.982954719825633e-11,4.9771261323501934e-11,4.971313005993303e-11,4.965515280588337e-11,4.959732896317098e-11,4.953965793572411e-11,4.948213913163974e-11,4.9424771961411e-11,4.936755583863805e-11,4.931049017997062e-11,4.9253574404905394e-11,4.9196807935293345e-11,4.914019019769295e-11,4.908372062077691e-11,4.902739863535389e-11,4.897122367539508e-11,4.891519517793498e-11,4.8859312582883524e-11,4.880357533290491e-11,4.874798287347861e-11,4.86925346528666e-11,4.863723012220263e-11,4.858206873518258e-11,4.852704994831843e-11,4.847217322074962e-11,4.841743801453664e-11,4.8362843794977044e-11,4.8308390027945574e-11,4.8254076184051404e-11,4.8199901735902324e-11,4.8145866158693374e-11,4.809196893021584e-11,4.803820953084501e-11,4.798458744352285e-11,4.793110215378147e-11,4.787775314956965e-11,4.7824539921602936e-11,4.7771461962854896e-11,4.771851876778592e-11,4.766570983545158e-11,4.7613034666375374e-11,4.756049276459727e-11,4.75080836344878e-11,4.745580678377622e-11,4.740366172263326e-11,4.73516479636404e-11,4.729976502173507e-11,4.7248012414224225e-11,4.719638966074371e-11,4.7144896283281734e-11,4.709353180562939e-11,4.7042295754586434e-11,4.6991187660092595e-11,4.6940207052575423e-11,4.688935346559772e-11,4.6838626434609365e-11,4.678802549788602e-11,4.673755019526356e-11,4.668720006897982e-11,4.6636974662914005e-11,4.6586873524326185e-11,4.653689620240944e-11,4.648704224688323e-11,4.643731121271552e-11,4.638770265357608e-11,4.633821612827955e-11,4.6288851195690336e-11,4.623960741737817e-11,4.619048435700358e-11,4.6141481580466586e-11,4.609259865538162e-11,4.6043835151630485e-11,4.5995190641003245e-11,4.594666469758773e-11,4.5898256897067687e-11,4.584996681740211e-11,4.580179403840939e-11,4.575373814192094e-11,4.570579871174978e-11,4.565797533365037e-11,4.5610267595285695e-11,4.55626750862961e-11,4.551519739814925e-11,4.546783412429869e-11,4.5420584859957254e-11,4.5373449202484716e-11,4.532642675086881e-11,4.527951710602964e-11,4.5232719870738284e-11,4.518603464960432e-11,4.5139461049075506e-11,4.509299867738955e-11,4.504664714461591e-11,4.50004060626251e-11,4.4954275045042327e-11,4.4908253707288695e-11,4.4862341666550333e-11,4.481653854177913e-11,4.477084395364051e-11,4.4725257524570853e-11,4.467977887871551e-11,4.4634407641935876e-11,4.4589143441802866e-11,4.454398590761008e-11,4.4498934670226374e-11,4.445398936244572e-11,4.4409149618211175e-11,4.4364415073849514e-11,4.4319785366850996e-11,4.4275260136431265e-11,4.423083902388952e-11,4.41865216709985e-11,4.414230772202125e-11,4.40981968229558e-11,4.405418862078198e-11,4.401028276459952e-11,4.396647890489792e-11,4.3922776693615974e-11,4.3879175784556593e-11,4.3835675832538047e-11,4.3792276494395067e-11,4.3748977428352664e-11,4.370577829415286e-11,4.366267875305335e-11,4.361967846781576e-11,4.3576777102732155e-11,4.353397432350856e-11,4.3491269797437555e-11,4.344866319319634e-11,4.340615418097186e-11,4.336374243242356e-11,4.332142762039845e-11,4.327920941981018e-11,4.323708750646949e-11,4.319506155775815e-11,4.3153131252485475e-11,4.311129627086676e-11,4.3069556294538235e-11,4.302791100651727e-11,4.298636009120912e-11,4.2944903234397326e-11,4.290354012325216e-11,4.286227044629884e-11,4.282109389342567e-11,4.2780010155869474e-11,4.273901892621057e-11,4.26981198983597e-11,4.2657312767574085e-11,4.261659723041771e-11,4.257597298477211e-11,4.253543972982855e-11,4.249499716624447e-11,4.245464499548011e-11,4.241438292103995e-11,4.237421064699005e-11,4.233412787904731e-11,4.2294134323671934e-11,4.225422968933534e-11,4.2214413685810344e-11,4.217468602305945e-11,4.213504641330928e-11,4.2095494569653133e-11,4.2056030206712794e-11,4.2016653039799305e-11,4.197736278562209e-11,4.1938159162100345e-11,4.1899041888609094e-11,4.1860010685493315e-11,4.1821065274324064e-11,4.178220537785043e-11,4.1743430719999446e-11,4.170474102586561e-11,4.16661360217104e-11,4.162761543494782e-11,4.158917899414448e-11,4.155082642905435e-11,4.151255747048631e-11,4.147437185039086e-11,4.1436269301905846e-11,2.489759322647705e-11,1.9202526804000856e-11,1.7328886826206475e-11,1.6793745171575135e-11,1.6727059892620466e-11,1.6823994282883877e-11,1.6977744489048344e-11,1.715088882304157e-11,1.7330313612509704e-11,1.7511421525489402e-11,1.7692598854840223e-11,1.7873277300883258e-11,1.8053254888803632e-11,1.8232458051481607e-11,1.8410858304258602e-11,1.858844303247228e-11,1.8765205273937524e-11,1.894114011724875e-11,1.9116243459331827e-11,1.9290511561137284e-11,1.9463940902768373e-11,1.9636528091108298e-11,1.9808269887995293e-11,1.997916319447005e-11,2.0149205031465953e-11,2.0318392529956537e-11,2.048672295469148e-11,2.065419368927318e-11,2.082080223979159e-11,2.0986546232951564e-11,2.1151423415303317e-11,2.1315431652255797e-11,2.1478568927563106e-11,2.164083334182239e-11,2.180222311214556e-11,2.1962736571024484e-11,2.212237216288764e-11,2.2281128450869063e-11,2.243900410788021e-11,2.259599792046352e-11,2.2752108781173626e-11,2.2907335717971528e-11,2.3061677819621123e-11,2.3215134305888008e-11,2.3367704502730603e-11,2.351938781255945e-11,2.3670183797526517e-11,2.3820092103371504e-11,2.396911246318868e-11,2.4117244715102853e-11,2.4264488795070458e-11,2.4410844751534725e-11,2.4556312709705596e-11,2.470089290289513e-11,2.4844585660217187e-11,2.4987391385821968e-11,2.5129310598220054e-11,2.5270343893346785e-11,2.5410491965581314e-11,2.5549755585962347e-11,2.5688135624600142e-11,2.5825633032405064e-11,2.5962248835423088e-11,2.6097984179624114e-11,2.6232840237788733e-11,2.6366818289325092e-11,2.649991970838073e-11,2.6632145928813128e-11,2.67634984595011e-11,2.6893978902173026e-11,2.7023588915804922e-11,2.7152330234366633e-11,2.7280204673916947e-11,2.7407214106181e-11,2.7533360488921685e-11,2.765864583314441e-11,2.778307222575471e-11,2.7906641846118186e-11,2.8029356831336477e-11,2.8151219497247628e-11,2.827223217963518e-11,2.8392397273905986e-11,2.8511717235336903e-11,2.863019457190013e-11,2.8747831855737872e-11,2.886463172093216e-11,2.8980596837334204e-11,2.9095729934861358e-11,2.921003380005083e-11,2.932351126282445e-11,2.9436165207627795e-11,2.9547998565821284e-11,2.965901430704702e-11,2.9769215456842615e-11,2.987860510759569e-11,2.9987186318324887e-11,3.00949622651865e-11,3.020193614726068e-11,3.0308111186738594e-11,3.0413490664949653e-11,3.051807786612544e-11,3.062187620686081e-11,3.072488897596054e-11,3.082711963127417e-11,3.092857161954233e-11,3.102924841610095e-11,3.112915353601698e-11,3.122829052409914e-11,3.1326662947373835e-11,3.142427440406042e-11,3.152112851986771e-11,3.161722894745959e-11,3.1712579359293184e-11,3.180718346218375e-11,3.190104497778521e-11,3.199416765166651e-11,3.208655525169873e-11,3.2178211564506055e-11,3.226914039670477e-11,3.235934557188001e-11,3.2448830936348e-11,3.2537600350108216e-11,3.262565768906568e-11,3.2713006844187226e-11,3.279965172065779e-11,3.2885596237064515e-11,3.297084432457712e-11,3.305539992615138e-11,3.313926699574067e-11,3.322244950116317e-11,3.3304951411374806e-11,3.3386776710285116e-11,3.3467929396866383e-11,3.3548413426756286e-11,3.362823285696231e-11,3.37073916785177e-11,3.378589390738441e-11,3.386374356085234e-11,3.3940944660111064e-11,3.401750123636545e-11,3.4093417314657085e-11,3.416869691966942e-11,3.4243344092467303e-11,3.431736286389508e-11,3.4390757271798936e-11,3.4463531335534615e-11,3.4535689089046203e-11,3.4607234576861106e-11,3.4678171815569266e-11,3.4748504830434733e-11,3.4818237638811915e-11,3.488737425876201e-11,3.4955918700002786e-11,3.5023874980421714e-11,3.5091247086141976e-11,3.515803903357162e-11,3.522425480065199e-11,3.528989837420958e-11,3.535497373077897e-11,3.541948483928235e-11,3.548343566231553e-11,3.554683015375351e-11,3.5609672252347296e-11,3.567196589412137e-11,3.5733715001765444e-11,3.579492348911514e-11,3.585559526675225e-11,3.591573422171551e-11,3.5975344238192075e-11,3.6034429203786944e-11,3.609299295396379e-11,3.615103934848971e-11,3.620857221595146e-11,3.6265595383571694e-11,3.6322112653985654e-11,3.6378127826240314e-11,3.6433644683825457e-11,3.648866699474697e-11,3.654319851345301e-11,3.659724297708593e-11,3.665080411713963e-11,3.670388564208363e-11,3.675649124457132e-11,3.6808624607649683e-11,3.6860289394664176e-11,3.691148925767104e-11,3.696222782764546e-11,3.7012508720605354e-11,3.706233553734256e-11,3.7111711858184945e-11,3.716064125739466e-11,3.720912728350507e-11,3.725717347072784e-11,3.730478333505359e-11,3.7351960375640435e-11,3.7398708074845026e-11,3.744502989734796e-11,3.7490929289622536e-11,3.7536409679535324e-11,3.758147447924696e-11,3.762612708109686e-11,3.767037085955466e-11,3.7714209171038524e-11,3.7757645353593615e-11,3.780068272677766e-11,3.7843324591613405e-11,3.7885574243748124e-11,3.792743491323489e-11,3.796890987695646e-11,3.801000234409561e-11,3.805071552738949e-11,3.809105259916865e-11,3.813101675580257e-11,3.817061114436176e-11,3.820983888112644e-11,3.824870308412757e-11,3.828720684592162e-11,3.832535324020164e-11,3.836314532137692e-11,3.840058612364662e-11,3.843767866298281e-11,3.847442593574337e-11,3.8510830918963474e-11,3.8546896570351156e-11,3.858262582828052e-11,3.8618021611786076e-11,3.865308682056777e-11,3.8687824334990346e-11,3.8722237016094235e-11,3.8756327705602275e-11,3.879009922593547e-11,3.8823554380227125e-11,3.8856695952342404e-11,3.888952670690027e-11,3.8922049389298015e-11,3.895426672573682e-11,3.8986181423251903e-11,3.901779616974571e-11,3.9049113634021915e-11,3.9080136465822526e-11,3.9110867295864996e-11,3.9141308735889024e-11,3.917146337869315e-11,3.9201333798186935e-11,3.923092254943423e-11,3.9260232168708914e-11,3.9289265173538864e-11,3.9318024062765376e-11,3.93465113166004e-11,3.937472939667866e-11,3.9402680746119456e-11,3.943036778958848e-11,3.945779293502344e-11,3.94849585686426e-11,3.9511867060132734e-11,3.953852076098571e-11,3.956492200512836e-11,3.9591073107612535e-11,3.961697636579613e-11,3.9642634059105e-11,3.966804844911219e-11,3.9693221776831704e-11,3.97181562710605e-11,3.974285414051694e-11,3.976731757672855e-11,3.9791548751779003e-11,3.9815549821513586e-11,3.9839322934873374e-11,3.986287019710071e-11,3.988619371694869e-11,3.990929558474867e-11,3.993217787105999e-11,3.995484263188716e-11,3.997729189727393e-11,3.999952769408982e-11,4.002155202377403e-11,4.00433668736045e-11,4.006497421413506e-11,4.008637600043623e-11,4.01075741710441e-11,4.0128570644385655e-11,4.0149367317254204e-11,4.0169966097430885e-11,4.0190368856315954e-11,4.021057744724907e-11,4.0230593714918806e-11,4.025041948492341e-11,4.027005656582904e-11,4.028950675609329e-11,4.030877183456523e-11,4.03278535766465e-11,4.034675371742137e-11,4.0365474002743005e-11,4.038401614363349e-11,4.0402381855800185e-11,4.0420572818358474e-11,4.043859071475524e-11,4.045643720552353e-11,4.047411393721037e-11,4.0491622546461213e-11,4.05089646428455e-11,4.0526141833194626e-11,4.054315571216457e-11,4.05600078511301e-11,4.057669981524128e-11,4.0593233157085564e-11,4.060960940507679e-11,4.06258300770965e-11,4.0641896683525006e-11,4.0657810719253396e-11,4.067357366597971e-11,4.0689186987246716e-11,4.070465214223807e-11,4.0719970570371145e-11,4.07351436999998e-11,4.0750172946621245e-11,4.076505971297356e-11,4.0779805389128874e-11,4.079441135258546e-11,4.0808878968360056e-11,4.0823209589084646e-11,4.083740455523847e-11,4.085146519481364e-11,4.0865392823825025e-11,4.0879188746315625e-11,4.089285425422217e-11,4.090639062760453e-11,4.091979913539528e-11,4.093308103449391e-11,4.09462375700111e-11,4.095926997588922e-11,4.0972179475740515e-11,4.098496727809798e-11,4.099763458441223e-11,4.10101825826905e-11,4.102261245077629e-11,4.1034925355254007e-11,4.104712245454468e-11,4.105920489139834e-11,4.1071173801585317e-11,4.108303030795071e-11,4.109477552863082e-11,4.110641055854415e-11,4.1117936494869235e-11,4.1129354419307016e-11,4.1140665404232524e-11,4.115187051303769e-11,4.116297079657375e-11,4.1173967297177464e-11,4.118486104727468e-11,4.11956530695181e-11,4.12063443745352e-11,4.121693596826466e-11,4.122742884451266e-11,4.123782398707093e-11,4.124812237178204e-11,4.125832496433183e-11,4.126843272127309e-11,4.127844659006029e-11,4.128836751076928e-11,4.1298196411160555e-11,4.1307934211832276e-11,4.131758182456942e-11,4.132714015242624e-11,4.1336610089797626e-11,4.134599252230581e-11,4.135528832735676e-11,4.13644983745361e-11,4.137362352369923e-11,4.138266462707298e-11,4.139162252816638e-11,4.140049806441303e-11,4.140929206138611e-11,4.1418005340100204e-11,4.1426638712360096e-11,4.143519298200875e-11,4.144366894531024e-11,4.145206739074093e-11,4.1460389099297265e-11,4.146863484385603e-11,4.1476805391346824e-11,4.148490149799841e-11,4.149292391565337e-11,4.1500873387798646e-11,4.150875065113465e-11,4.1516556434215846e-11,4.1524291459304415e-11,4.153195644142624e-11,4.153955208850565e-11,4.154707910155647e-11,4.155453817472821e-11,4.1561929995366786e-11,4.1569255244077665e-11,4.1576514594783655e-11,4.1583708714929446e-11,4.159083826511398e-11,4.159790389958266e-11,4.160490626614052e-11,4.1611846006211647e-11,4.1618723754684e-11,4.162554014062044e-11,4.1632295786654866e-11,4.163899130927296e-11,4.164562731886775e-11,4.165220441979903e-11,4.165872321044787e-11,4.166518428326969e-11,4.167158822485582e-11,4.167793561597937e-11,4.1684227031658266e-11,4.169046304120414e-11,4.16966442082754e-11,4.170277109093264e-11,4.1708844241691437e-11,4.171486420757091e-11,4.172083153014733e-11,4.1726746745607863e-11,4.173261038479816e-11,4.1738422973273294e-11,4.17441850313485e-11,4.1749897073885456e-11,4.175555961141995e-11,4.176117314878546e-11,4.176673818458899e-11,4.1772255215130566e-11,4.177772473010572e-11,4.178314721438625e-11,4.178852315069392e-11,4.179385301125245e-11,4.179913726481164e-11,4.180437638178929e-11,4.180957082132537e-11,4.181472103611619e-11,4.181982748280285e-11,4.1824890607334723e-11,4.182991085330624e-11,4.18348886586255e-11,4.1839824457842e-11,4.184471868088004e-11,4.184957175231106e-11,4.185438409314709e-11,4.1859156121574136e-11,4.186388824967933e-11,4.186858088589605e-11,4.187323443405674e-11,4.187784929489314e-11,4.188242586521319e-11,4.188696453674082e-11,4.189146569764558e-11,4.189592973243977e-11,4.1900357021615604e-11,4.190474794181722e-11,4.1909102865880056e-11,4.191342216286623e-11,4.191770619810206e-11,4.192195533321373e-11,4.192616992616657e-11,4.193035033129442e-11,4.1934496899344064e-11,4.193860997743645e-11,4.19426899093119e-11,4.19467370350448e-11,4.1950751691465324e-11,4.1954734211879e-11,4.1958684925787126e-11,4.1962604160160714e-11,4.19664922382459e-11,4.197034948000041e-11,4.197417620212711e-11,4.1977972717306185e-11,4.198173933665748e-11,4.198547636731178e-11,4.198918411327718e-11,4.199286287545837e-11,4.1996512951696504e-11,4.200013463679055e-11,4.2003728225432654e-11,4.200729400253337e-11,4.2010832255175255e-11,4.201434326555241e-11,4.201782731442438e-11,4.202128467972777e-11,4.202471563502331e-11,4.2028120452279886e-11,4.2031499399885606e-11,4.203485274397731e-11,4.20381807480302e-11,4.204148367272003e-11,4.2044761775857726e-11,4.204801531414686e-11,4.2051244538302983e-11,4.205444969884587e-11,4.2057631043692065e-11,4.206078881813641e-11,4.206392326393993e-11,4.206703462250352e-11,4.207012313066486e-11,4.20731890219569e-11,4.207623253096315e-11,4.2079253889114695e-11,4.2082253324704244e-11,4.208523106087035e-11,4.2088187321790823e-11,4.2091122328886134e-11,4.209403630093593e-11,4.2096929454210794e-11,4.209980200321524e-11,4.210265415947291e-11,4.210548613402406e-11,4.210829813411156e-11,4.211109036530689e-11,4.2113863030731296e-11,4.211661633279524e-11,4.211935047277057e-11,4.2122065643252566e-11,4.212476204104997e-11,4.212743986082287e-11,4.213009929324405e-11,4.213274052818919e-11,4.213536375197852e-11,4.2137969152118657e-11,4.2140556908896875e-11,4.214312720561539e-11,4.2145680222037195e-11,4.214821613607499e-11,4.215073512380732e-11,4.215323735949724e-11,4.215572301560333e-11,4.2158192262835124e-11,4.2160645270097525e-11,4.2163082204580973e-11,4.2165503231755907e-11,4.21679085153747e-11,4.21702982174938e-11,4.217267249850261e-11,4.217503151712697e-11,4.2177375430466355e-11,4.217970439399445e-11,4.218201856157465e-11,4.218431808548417e-11,4.218660311642468e-11,4.218887380352519e-11,4.2191130294408125e-11,4.219337273516556e-11,4.219560127034748e-11,4.219781604302546e-11,4.220001719458277e-11,4.22022048655683e-11,4.220437919445032e-11,4.2206540318218884e-11,4.220868837403742e-11,4.2210823494378793e-11,4.221294581320627e-11,4.221505546202707e-11,4.2217152571177035e-11,4.2219237269687003e-11,4.2221309685030293e-11,4.2223369943499245e-11,4.222541817015662e-11,4.2227454488570994e-11,4.2229479021657885e-11,4.223149188960372e-11,4.223349321279243e-11,4.223548310964865e-11,4.2237461699512874e-11,4.2239429096039916e-11,4.224138541415203e-11,4.224333076835534e-11,4.2245265271165324e-11,4.224718903453641e-11,4.224910216842527e-11,4.225100478175565e-11,4.2252896983942636e-11,4.2254778880701636e-11,4.225665057635033e-11,4.2258512176970554e-11,4.2260363786136564e-11,4.226220550833724e-11,4.226403744121403e-11,4.226585968701315e-11,4.226767234508742e-11,4.226947551375912e-11,4.2271269290319957e-11,4.2273053771067386e-11,4.2274829051288974e-11,4.2276595225284586e-11,4.2278352386371916e-11,4.22801006269008e-11,4.2281840038206746e-11,4.2283570710823585e-11,4.2285292734240634e-11,4.228700619760147e-11,4.228871118719553e-11,4.22904077905205e-11,4.2292096093676316e-11,4.229377618143313e-11,4.229544813763953e-11,4.229711204543338e-11,4.2298767987286155e-11,4.2300416044815385e-11,4.230205629828191e-11,4.2303688827652113e-11,4.2305313711865763e-11,4.2306931029050046e-11,4.2308540856513346e-11,4.231014327076098e-11,4.2311738347500645e-11,4.231332616163713e-11,4.231490678732721e-11,4.231648029793702e-11,4.2318046766070853e-11,4.23196062635766e-11,4.232115886155423e-11,4.232270463036061e-11,4.232424363962324e-11,4.2325775958262504e-11,4.2327301654436734e-11,4.2328820795622484e-11,4.233033344858773e-11,4.23318396794054e-11,4.233333955345568e-11,4.2334833135442866e-11,4.233632048941729e-11,4.233780167869874e-11,4.233927676600962e-11,4.2340745813423994e-11,4.234220888244514e-11,4.234366603359257e-11,4.2345117326933166e-11,4.234656282222793e-11,4.2348002578275974e-11,4.234943665333894e-11,4.2350865105072413e-11,4.235228799052945e-11,4.235370536622565e-11,4.235511728807977e-11,4.2356523811220776e-11,4.235792498999956e-11,4.2359320878994694e-11,4.236071153197553e-11,4.23620970017274e-11,4.236347734070991e-11,4.23648526008283e-11,4.236622283343691e-11,4.2367588089044786e-11,4.236894841835457e-11,4.2370303870938446e-11,4.2371654496784885e-11,4.2373000344174096e-11,4.237434146124366e-11,4.2375677895959445e-11,4.237700969535112e-11,4.237833690579665e-11,4.2379659574081715e-11,4.238097774528965e-11,4.238229146578991e-11,4.2383600779647135e-11,4.2384905732798814e-11,4.238620636654318e-11,4.2387502725641156e-11,4.238879485283357e-11,4.2390082790607446e-11,4.239136658136002e-11,4.2392646265964685e-11,4.239392188703709e-11,4.239519348433225e-11,4.239646109846295e-11,4.239772476934409e-11,4.2398984536480916e-11,4.24002404389699e-11,4.240149251529674e-11,4.240274080392349e-11,4.2403985343117345e-11,4.24052261699999e-11,4.240646332163594e-11,4.2407696834723085e-11,4.2408926745675844e-11,4.241015309038864e-11,4.2411375904468864e-11,4.2412595223095914e-11,4.2413811081100375e-11,4.2415023512951445e-11,4.241623255275968e-11,4.2417438234288267e-11,4.241864059089681e-11,4.241983965564391e-11,4.2421035461241774e-11,4.242222804004532e-11,4.2423417424078196e-11,4.24246036450146e-11,4.2425786734228853e-11,4.242696672273268e-11,4.242814364119005e-11,4.242931752004223e-11,4.2430488389344124e-11,4.24316562789352e-11,4.2432821218079295e-11,4.243398323604279e-11,4.243514236148577e-11,4.243629862268638e-11,4.24374520484472e-11,4.243860266653479e-11,4.24397505045064e-11,4.2440895590038546e-11,4.244203795011143e-11,4.2443177610656913e-11,4.244431459915022e-11,4.24454489417852e-11,4.244658066352229e-11,4.244770979072384e-11,4.2448836348761143e-11,4.2449960362685937e-11,4.245108185750511e-11,4.245220085777853e-11,4.2453317387905594e-11,4.24544314719004e-11,4.2455543133668626e-11,4.245665239661272e-11,4.2457759284547417e-11,4.2458863820223814e-11,4.245996602660894e-11,4.246106592623039e-11,4.2462163541535646e-11,4.246325889482539e-11,4.2464352007914e-11,4.246544290250935e-11,4.246653160005337e-11,4.24676181218293e-11,4.246870248886009e-11,4.246978472205943e-11,4.24708648416652e-11,4.2471942867816273e-11,4.2473018821579023e-11,4.247409272242525e-11,4.247516459007307e-11,4.2476234444124304e-11,4.247730230408378e-11,4.247836818767256e-11,4.247943211570654e-11,4.248049410597267e-11,4.248155417747696e-11,4.2482612348290194e-11,4.248366863685761e-11,4.248472306030336e-11,4.24857756369189e-11,4.248682638408986e-11,4.248787531953276e-11,4.2488922460284185e-11,4.248996782416493e-11,4.2491011426372537e-11,4.249205328407575e-11,4.249309341444036e-11,4.24941318335266e-11,4.249516855740045e-11,4.24962036020936e-11,4.249723698341833e-11,4.249826871699122e-11,4.249929881838883e-11,4.250032730292837e-11,4.250135418538599e-11,4.250237948147165e-11,4.2503403205599633e-11,4.2504425372536296e-11,4.250544599667689e-11,4.25064650927906e-11,4.2507482674896924e-11,4.25084987570696e-11,4.2509513353775384e-11,4.251052647777074e-11,4.2511538143219486e-11,4.251254836363836e-11,4.251355715279311e-11,4.25145645230769e-11,4.25155704880025e-11,4.251657506053749e-11,4.2517578253477566e-11,4.251858007947123e-11,4.2519580551148124e-11,4.252057968084636e-11,4.25215774808732e-11,4.252257396338825e-11,4.2523569140594594e-11,4.25245630240409e-11,4.2525555625682634e-11,4.2526546957176004e-11,4.252753703005198e-11,4.252852585571354e-11,4.2529513445469677e-11,4.253049981048729e-11,4.253148496182191e-11,4.2532468910361433e-11,4.2533451667027954e-11,4.253443324251733e-11,4.2535413647317275e-11,4.253639289206238e-11,4.253737098709261e-11,4.253834794265767e-11,4.2539323768886196e-11,4.254029847590575e-11,4.254127207361398e-11,4.2542244571865267e-11,4.2543215980445073e-11,4.254418630888655e-11,4.2545155566885956e-11,4.254612376378593e-11,4.254709090910282e-11,4.254805701177797e-11,4.254902208111123e-11,4.2549986126149266e-11,4.25509491558479e-11,4.255191117906945e-11,4.2552872204584385e-11,4.2553832241047713e-11,4.2554791297057894e-11,4.255574938115478e-11,4.255670650171636e-11,4.255766266704335e-11,4.255861788539401e-11,4.255957216491205e-11,4.256052551365221e-11,4.256147793959109e-11,4.2562429450622283e-11,4.256338005455591e-11,4.256432975912074e-11,4.2565278571963524e-11,4.256622650064339e-11,4.256717355265429e-11,4.2568119735405435e-11,4.2569065056249514e-11,4.257000952242538e-11,4.2570953141112426e-11,4.257189591941455e-11,4.25728378643623e-11,4.257377898291278e-11,4.25747192819476e-11,4.257565876827913e-11,4.257659744864645e-11,4.257753532971956e-11,4.257847241809779e-11,4.2579408720311466e-11,4.258034424395998e-11,4.2581278994545724e-11,4.2582212977772643e-11,4.258314620035955e-11,4.2584078668159875e-11,4.258501038835495e-11,4.258594136452008e-11,4.25868716044555e-11,4.258780111399079e-11,4.2588729899041006e-11,4.2589657965380076e-11,4.2590585318809916e-11,4.2591511965003053e-11,4.259243790959516e-11,4.259336315815571e-11,4.2594287716198596e-11,4.2595211589266435e-11,4.2596134782524335e-11,4.2597057301602744e-11,4.259797915168434e-11,4.259890033861146e-11,4.2599820866354574e-11,4.2600740740629514e-11,4.2601659966464413e-11,4.260257854897711e-11,4.2603496493033736e-11,4.2604413803647306e-11,4.260533048566328e-11,4.2606246543885883e-11,4.260716198305673e-11,4.260807680802672e-11,4.260899102322073e-11,4.26099046337494e-11,4.2610817643408134e-11,4.2611730057082796e-11,4.261264187928806e-11,4.261355311442367e-11,4.261446376688452e-11,4.261537384099358e-11,4.261628334103687e-11,4.261719227125925e-11,4.261810063585772e-11,4.2619008438988363e-11,4.261991568476164e-11,4.262082237721357e-11,4.262172852040986e-11,4.262263411835009e-11,4.262353917626594e-11,4.2624443694595396e-11,4.262534768016608e-11,4.2626251135946713e-11,4.2627154065816956e-11,4.262805647346276e-11,4.262895836257759e-11,4.2629859736808444e-11,4.263076059969226e-11,4.2631660954252616e-11,4.2632560805329296e-11,4.2633460155922815e-11,4.2634359009453836e-11,4.2635257369209303e-11,4.2636155239144647e-11,4.263705262179712e-11,4.2637949520887406e-11,4.263884593937789e-11,4.263974188141596e-11,4.264063734941966e-11,4.264153234684597e-11,4.2642426876836464e-11,4.2643320942533564e-11,4.2644214547038156e-11,4.264510769341694e-11,4.2646000384680946e-11,4.2646892623839654e-11,4.264778441388698e-11,4.2648675757736196e-11,4.264956665832804e-11,4.2650457118220506e-11,4.265134714083446e-11,4.26522367287431e-11,4.265312588503899e-11,4.265401461178228e-11,4.26549029122471e-11,4.265579078878793e-11,4.2656678244231564e-11,4.265756528124376e-11,4.265845190229378e-11,4.2659338110273945e-11,4.26602239075976e-11,4.266110929680912e-11,4.266199428041209e-11,4.266287886089482e-11,4.2663763040724924e-11,4.2664646822330133e-11,4.2665530208145594e-11,4.2666413200504745e-11,4.2667295801800956e-11,4.266817801436066e-11,4.2669059840477366e-11,4.266994128244836e-11,4.2670822342547986e-11,4.2671703023010575e-11,4.2672583326049825e-11,4.2673463253860756e-11,4.267434280861147e-11,4.267522199245084e-11,4.267610080750475e-11,4.2676979255875206e-11,4.2677857339645535e-11,4.2678735060870413e-11,4.267961242162882e-11,4.268048942389264e-11,4.26813660696345e-11,4.2682242360870716e-11,4.268311829954777e-11,4.26839938876021e-11,4.2684869126946815e-11,4.2685744019478025e-11,4.268661856707044e-11,4.268749277158109e-11,4.268836663484653e-11,4.268924015868515e-11,4.2690113344894686e-11,4.2690986195256304e-11,4.269185871153104e-11,4.2692730895463185e-11,4.2693602748970035e-11,4.2694474273438304e-11,4.269534547096668e-11,4.2696216342539225e-11,4.269708689034859e-11,4.269795711610625e-11,4.269882702097867e-11,4.26996966068477e-11,4.270056587526838e-11,4.270143482779982e-11,4.270230346601848e-11,4.270317179146376e-11,4.27040398056598e-11,4.27049075101143e-11,4.270577490631844e-11,4.270664199575024e-11,4.270750877987146e-11,4.2708375260125774e-11,4.270924143794905e-11,4.2710107314753833e-11,4.27109728919449e-11,4.271183817090934e-11,4.271270315302054e-11,4.271356783963744e-11,4.271443223210603e-11,4.271529633175951e-11,4.2716160139912207e-11,4.2717023657868615e-11,4.271788688689413e-11,4.271874982829405e-11,4.271961248333213e-11,4.2720474853259696e-11,4.2721336939315825e-11,4.272219874272671e-11,4.2723060264731715e-11,4.272392150650472e-11,4.272478246923473e-11,4.272564315409633e-11,4.2726503562255686e-11,4.272736369486406e-11,4.272822355306244e-11,4.2729083137979275e-11,4.2729942450732276e-11,4.2730801492426966e-11,4.27316602641914e-11,4.273251876705418e-11,4.27333770021285e-11,4.273423497045397e-11,4.2735092673051903e-11,4.273595011099303e-11,4.273680728530604e-11,4.2737664197009524e-11,4.273852084711146e-11,4.273937723661033e-11,4.274023336649368e-11,4.2741089237785275e-11,4.274194485136156e-11,4.2742800208314425e-11,4.274365530941345e-11,4.274451015568697e-11,4.2745364748064354e-11,4.274621908746497e-11,4.2747073174797634e-11,4.2747927010964873e-11,4.274878059686791e-11,4.2749633933452457e-11,4.275048702149469e-11,4.2751339861882725e-11,4.27521924554537e-11,4.275304480303804e-11,4.275389690550655e-11,4.275474876368381e-11,4.275560037840186e-11,4.275645175046574e-11,4.275730288069445e-11,4.275815376987825e-11,4.2759004418806316e-11,4.275985482825886e-11,4.2760704999010346e-11,4.2761554931824726e-11,4.276240462746068e-11,4.276325408666789e-11,4.276410331018716e-11,4.276495229875665e-11,4.276580105310497e-11,4.276664957394981e-11,4.27674978620034e-11,4.276834591797123e-11,4.2769193742553015e-11,4.277004133643939e-11,4.2770888700307095e-11,4.2771735834841977e-11,4.277258274071582e-11,4.27734294185916e-11,4.2774275869124044e-11,4.277512209296682e-11,4.277596809076891e-11,4.2776813863164606e-11,4.277765941078553e-11,4.2778504734256735e-11,4.277934983419669e-11,4.278019471121988e-11,4.278103936593263e-11,4.278188379893447e-11,4.278272801082053e-11,4.278357200218083e-11,4.278441577359732e-11,4.2785259325646304e-11,4.278610265890062e-11,4.278694577392527e-11,4.278778867128047e-11,4.2788631351521154e-11,4.278947381519504e-11,4.2790316062847196e-11,4.279115809501488e-11,4.2791999912231406e-11,4.2792841515023937e-11,4.2793682903914547e-11,4.279452407942165e-11,4.279536504205618e-11,4.2796205792325707e-11,4.2797046330673526e-11,4.27978866576539e-11,4.279872677376079e-11,4.279956667947993e-11,4.280040637529447e-11,4.280124586168189e-11,4.280208513911611e-11,4.280292420806365e-11,4.280376306899084e-11,4.280460172235461e-11,4.280544016861157e-11,4.2806278408211133e-11,4.280711644159986e-11,4.280795426921881e-11,4.2808791891504606e-11,4.280962930889146e-11,4.2810466521807945e-11,4.2811303530677975e-11,4.281214033592264e-11,4.281297693795819e-11,4.281381333719691e-11,4.281464953404668e-11,4.2815485528912885e-11,4.281632132219437e-11,4.281715691428925e-11,4.28179923055894e-11,4.281882749648367e-11,4.281966248735847e-11,4.282049727859345e-11,4.282133187056774e-11,4.2822166263654305e-11,4.282300045822411e-11,4.282383445464483e-11,4.282466825327929e-11,4.282550185448711e-11,4.2826335258625075e-11,4.2827168466046006e-11,4.282800147709991e-11,4.28288342921327e-11,4.2829666911487937e-11,4.283049933550434e-11,4.283133156452039e-11,4.283216359886697e-11,4.2832995438874115e-11,4.2833827084870664e-11,4.283465853717945e-11,4.2835489796120295e-11,4.283632086201117e-11,4.2837151735167795e-11,4.2837982415965325e-11,4.283881290465274e-11,4.283964320153522e-11,4.284047330691588e-11,4.2841303221096415e-11,4.2842132944371956e-11,4.284296247703942e-11,4.284379181911165e-11,4.2844620971561404e-11,4.28454499344046e-11,4.284627870641939e-11,4.284710729049314e-11,4.284793568587944e-11,4.284876389176143e-11,4.284959190942331e-11,4.285041973973243e-11,4.2851247381761717e-11,4.285207483572731e-11,4.285290210326743e-11,4.285372918368704e-11,4.285455607734593e-11,4.285538278448367e-11,4.285620930538047e-11,4.285703564027692e-11,4.28578617894247e-11,4.285868775306797e-11,4.285951353145393e-11,4.2860339124823793e-11,4.286116453341715e-11,4.286198975747315e-11,4.286281479722714e-11,4.286363965291274e-11,4.286446432467289e-11,4.2865288812882314e-11,4.2866113117858815e-11,4.2866937239670024e-11,4.286776117761962e-11,4.2868584932711216e-11,4.2869408506015614e-11,4.2870231897357854e-11,4.2871055106399096e-11,4.2871878133741936e-11,4.28727009797112e-11,4.2873523643876853e-11,4.287434612677454e-11,4.287516842879801e-11,4.2875990550103215e-11,4.287681249085306e-11,4.2877634251379654e-11,4.287845583073948e-11,4.2879277230447964e-11,4.288009845031227e-11,4.288091949011459e-11,4.2881740350131525e-11,4.288256103216893e-11,4.288338153518549e-11,4.288420185926812e-11,4.28850220047132e-11,4.288584197124438e-11,4.288666175978174e-11,4.2887481370189846e-11,4.2888300802677895e-11,4.2889120057474877e-11,4.288993913467496e-11,4.28907580344541e-11,4.289157675698106e-11,4.289239530243195e-11,4.2893213670976394e-11,4.289403186278232e-11,4.2894849878016775e-11,4.289566771684185e-11,4.289648537942561e-11,4.2897302865943144e-11,4.289812017654449e-11,4.2898937311540946e-11,4.289975427097512e-11,4.290057105504413e-11,4.29013876635642e-11,4.2902204096953227e-11,4.290302035537185e-11,4.29038364390542e-11,4.2904652348062324e-11,4.2905468082401333e-11,4.2906283642633655e-11,4.2907099028579054e-11,4.2907914240299905e-11,4.290872927808512e-11,4.290954414188749e-11,4.2910358832901345e-11,4.291117334974726e-11,4.291198769325693e-11,4.2912801863540117e-11,4.2913615860685973e-11,4.291442968529408e-11,4.2915243336897505e-11,4.291605681558733e-11,4.29168701218284e-11,4.291768325566169e-11,4.2918496217138895e-11,4.2919309006320417e-11,4.29201216235795e-11,4.292093406881867e-11,4.292174634235817e-11,4.292255844428825e-11,4.2923370374689727e-11,4.292418213370066e-11,4.2924993721731304e-11,4.2925805137698756e-11,4.292661638329733e-11,4.292742745796087e-11,4.2928238361907394e-11,4.2929049095237124e-11,4.292985965779456e-11,4.2930670050128095e-11,4.293148027207276e-11,4.293229032381684e-11,4.2933100205438907e-11,4.293390991709485e-11,4.2934719458892634e-11,4.2935528830944736e-11,4.2936338033360745e-11,4.293714706628948e-11,4.2937955929755957e-11,4.2938764623920803e-11,4.293957314889792e-11,4.294038150488356e-11,4.2941189691688884e-11,4.294199770952689e-11,4.2942805559051645e-11,4.294361324054824e-11,4.294442075249411e-11,4.294522809587364e-11,4.294603527109162e-11,4.2946842278146716e-11,4.294764911775991e-11,4.294845578965483e-11,4.294926229249545e-11,4.2950068627065536e-11,4.2950874793907684e-11,4.295168079320018e-11,4.295248662466186e-11,4.295329228862469e-11,4.2954097785464935e-11,4.2954903114617084e-11,4.295570827670811e-11,4.2956513271773715e-11,4.295731809987541e-11,4.295812276108992e-11,4.295892725522383e-11,4.295973158265025e-11,4.296053574344929e-11,4.296133973770369e-11,4.2962143565498416e-11,4.2962947226918307e-11,4.296375072204883e-11,4.296455405097279e-11,4.2965357213776974e-11,4.296616021054569e-11,4.296696304136221e-11,4.296776570631121e-11,4.296856820547505e-11,4.2969370539064525e-11,4.297017270697422e-11,4.2970974709359224e-11,4.297177654642103e-11,4.297257821810196e-11,4.2973379724519763e-11,4.297418106570991e-11,4.297498224173849e-11,4.297578325246713e-11,4.297658409846222e-11,4.297738477956892e-11,4.297818529589583e-11,4.297898564747734e-11,4.2979785834388944e-11,4.298058585670811e-11,4.298138571451126e-11,4.298218540787162e-11,4.298298493686619e-11,4.29837843015687e-11,4.298458350205349e-11,4.298538253839409e-11,4.298618141066396e-11,4.2986980118935744e-11,4.2987778663281006e-11,4.2988577043773627e-11,4.298937526048341e-11,4.299017331348173e-11,4.299097120283982e-11,4.299176892862699e-11,4.2992566490914284e-11,4.2993363889771354e-11,4.2994161125266445e-11,4.2994958197468754e-11,4.2995755106445684e-11,4.299655185226664e-11,4.2997348434998413e-11,4.29981448547086e-11,4.299894111146458e-11,4.2999737205331286e-11,4.3000533136375986e-11,4.300132890466384e-11,4.3002124510260945e-11,4.300291995323194e-11,4.300371523364157e-11,4.300451035155419e-11,4.300530530703418e-11,4.300610010014531e-11,4.300689473094983e-11,4.300768919951271e-11,4.3008483505895144e-11,4.3009277650160153e-11,4.3010071632369895e-11,4.301086545258559e-11,4.3011659110869334e-11,4.3012452607281945e-11,4.301324594188537e-11,4.301403911473833e-11,4.3014832125902414e-11,4.301562497543655e-11,4.3016417663401556e-11,4.301721018985704e-11,4.30180025548603e-11,4.301879475847194e-11,4.301958680074948e-11,4.302037868175151e-11,4.30211704015351e-11,4.302196196015973e-11,4.302275335768209e-11,4.302354459415931e-11,4.30243356696427e-11,4.302512658419958e-11,4.302591733788236e-11,4.302670793074524e-11,4.302749836284448e-11,4.3028288634236786e-11,4.3029078744976324e-11,4.3029868695141455e-11,4.3030658484742597e-11,4.303144811385617e-11,4.303223758254176e-11,4.303302689084341e-11,4.303381603882408e-11,4.303460502652983e-11,4.3035393853995867e-11,4.303618252132162e-11,4.303697102853703e-11,4.303775937568202e-11,4.3038547562831424e-11,4.303933559002787e-11,4.304012345732216e-11,4.304091116476832e-11,4.3041698712416145e-11,4.304248610031026e-11,4.304327332851915e-11,4.304406039708334e-11,4.304484730605593e-11,4.304563405548773e-11,4.304642064542749e-11,4.3047207075927296e-11,4.304799334707717e-11,4.3048779458845806e-11,4.304956541132345e-11,4.305035120456046e-11,4.30511368386055e-11,4.305192231347348e-11,4.3052707629283546e-11,4.3053492786047857e-11,4.3054277783817236e-11,4.305506262263904e-11,4.3055847302562206e-11,4.305663182363513e-11,4.305741618590447e-11,4.3058200389419086e-11,4.305898443422628e-11,4.3059768320374075e-11,4.306055204791e-11,4.3061335616879796e-11,4.306211902733425e-11,4.306290227928896e-11,4.306368537284512e-11,4.306446830802316e-11,4.306525108486963e-11,4.3066033703430965e-11,4.30668161637523e-11,4.30675984658808e-11,4.3068380609861345e-11,4.306916259574069e-11,4.306994442356291e-11,4.307072609337427e-11,4.30715076052211e-11,4.30722889591467e-11,4.307307015519574e-11,4.307385119369997e-11,4.307463207407819e-11,4.307541279681375e-11,4.3076193361845404e-11,4.307697376956449e-11,4.307775401932045e-11,4.307853411148064e-11,4.3079314046120954e-11,4.308009382336945e-11,4.308087344171719e-11,4.308165290345936e-11,4.3082432208419803e-11,4.308321135633976e-11,4.308399034677355e-11,4.308476917998644e-11,4.308554785602251e-11,4.308632637492377e-11,4.3087104736732095e-11,4.3087882941490015e-11,4.3088660989241947e-11,4.3089438880030024e-11,4.309021661389868e-11,4.309099419089205e-11,4.309177161168199e-11,4.309254887543993e-11,4.3093325982047024e-11,4.3094102931937065e-11,4.3094879725147524e-11,4.309565636181351e-11,4.309643284216274e-11,4.3097209165626474e-11,4.3097985332597135e-11,4.309876134309908e-11,4.30995371971806e-11,4.310031289495844e-11,4.3101088436339996e-11,4.3101863821345695e-11,4.3102639050123613e-11,4.310341412273063e-11,4.3104189039319197e-11,4.3104963799353295e-11,4.3105738403538015e-11,4.310651285165424e-11,4.3107287143751813e-11,4.3108061279936666e-11,4.310883526011716e-11,4.3109609084515765e-11,4.311038275317675e-11,4.3111156265852297e-11,4.3111929622679615e-11,4.3112702823755396e-11,4.311347586912308e-11,4.311424875967766e-11,4.3115021494199416e-11,4.31157940733285e-11,4.3116566497427e-11,4.3117338764223945e-11,4.311811087642441e-11,4.311888283305626e-11,4.311965463427119e-11,4.31204262802631e-11,4.3121197770730727e-11,4.3121969105741207e-11,4.3122740285905725e-11,4.312351131082184e-11,4.3124282180549726e-11,4.312505289516293e-11,4.3125823454701683e-11,4.31265938592056e-11,4.31273641084354e-11,4.3128134202434386e-11,4.3128904141914574e-11,4.312967392649826e-11,4.313044355623161e-11,4.3131213030755234e-11,4.313198235101926e-11,4.3132751516532315e-11,4.313352052733352e-11,4.31342893829114e-11,4.313505808378967e-11,4.3135826629970467e-11,4.313659502142106e-11,4.3137363258009493e-11,4.313813134002271e-11,4.3138899268542864e-11,4.313966704321436e-11,4.3140434663498447e-11,4.3141202130760693e-11,4.314196944400857e-11,4.314273660198312e-11,4.314350360627109e-11,4.314427045586755e-11,4.3145037152126843e-11,4.3145803693864225e-11,4.314657008129676e-11,4.314733631380884e-11,4.31481023923127e-11,4.3148868316843566e-11,4.314963408743658e-11,4.315039970412754e-11,4.315116516758137e-11,4.315193047714934e-11,4.3152695633987714e-11,4.3153460636885174e-11,4.3154225485933704e-11,4.3154990181193124e-11,4.3155754721706794e-11,4.3156519108485374e-11,4.315728334169079e-11,4.3158047421359516e-11,4.3158811347598045e-11,4.3159575120378156e-11,4.3160338739735244e-11,4.316110220570662e-11,4.316186551832806e-11,4.316262867763514e-11,4.3163391683665244e-11,4.316415453645239e-11,4.3164917236036205e-11,4.316567978244842e-11,4.316644217572646e-11,4.316720441590665e-11,4.316796650302425e-11,4.316872843711543e-11,4.3169490218212347e-11,4.317025184612113e-11,4.317101332109839e-11,4.317177464317899e-11,4.317253581240293e-11,4.317329682880611e-11,4.317405769243083e-11,4.3174818403321577e-11,4.3175578961542325e-11,4.317633936724863e-11,4.317709961991188e-11,4.317785972018168e-11,4.317861966778262e-11,4.317937946279075e-11,4.318013910570523e-11,4.318089859639564e-11,4.318165793350394e-11,4.318241711854951e-11,4.318317615122265e-11,4.318393503154407e-11,4.3184693760171094e-11,4.3185452336274794e-11,4.318621076001885e-11,4.318696903138e-11,4.3187727150601415e-11,4.3188485117665175e-11,4.318924293275344e-11,4.31900005961011e-11,4.3190758106726636e-11,4.319151546534267e-11,4.319227267198305e-11,4.3193029726681056e-11,4.3193786629751874e-11,4.3194543381188136e-11,4.31952999808026e-11,4.3196056428283245e-11,4.319681272252314e-11,4.319756886548759e-11,4.3198324857379625e-11,4.319908069758252e-11,4.319983638632474e-11,4.320059192316424e-11,4.320134730867759e-11,4.320210254218142e-11,4.320285762477018e-11,4.3203612555903656e-11,4.320436733553321e-11,4.320512196381513e-11,4.3205876440730325e-11,4.3206630766453036e-11,4.3207384940723825e-11,4.3208138963723384e-11,4.32088928354732e-11,4.320964655603289e-11,4.321040012542428e-11,4.321115354366072e-11,4.321190681081183e-11,4.3212659926889625e-11,4.321341289193061e-11,4.321416570596681e-11,4.3214918369031535e-11,4.3215670881158453e-11,4.321642324238155e-11,4.321717545272889e-11,4.3217927512237726e-11,4.321867942094039e-11,4.321943117885877e-11,4.322018278630344e-11,4.322093424278271e-11,4.3221685548855214e-11,4.322243670401822e-11,4.3223187708571086e-11,4.3223938562547865e-11,4.3224689265982e-11,4.32254398189031e-11,4.322619022134681e-11,4.3226940473344464e-11,4.32276905749281e-11,4.3228440526131046e-11,4.3229190326986254e-11,4.322993997752844e-11,4.3230689477842884e-11,4.323143882784649e-11,4.323218802763311e-11,4.323293707723661e-11,4.3233685976687644e-11,4.323443472601693e-11,4.323518332525749e-11,4.323593177444538e-11,4.3236680073818626e-11,4.323742822281478e-11,4.3238176222030177e-11,4.3238924070757227e-11,4.3239671770182745e-11,4.324041931970098e-11,4.3241166719390835e-11,4.3241913969255717e-11,4.3242661069351245e-11,4.324340801971348e-11,4.324415482037172e-11,4.3244901471966364e-11,4.324564797371672e-11,4.3246394325811527e-11,4.324714052831339e-11,4.32478865810822e-11,4.324863248425998e-11,4.3249378237975644e-11,4.325012384220217e-11,4.325086929715763e-11,4.325161460256344e-11,4.325235975909949e-11,4.325310476641191e-11,4.325384962465153e-11,4.325459433363014e-11,4.3255338893799954e-11,4.3256083304403204e-11,4.325682756599637e-11,4.325757167909275e-11,4.3258315641545073e-11,4.325905945498717e-11,4.325980311940198e-11,4.326054663482023e-11,4.3261290001273874e-11,4.32620332187948e-11,4.3262776287415414e-11,4.326351920716638e-11,4.326426197808067e-11,4.326500460018896e-11,4.326574707352364e-11,4.326648939811621e-11,4.326723157399829e-11,4.326797360120056e-11,4.3268715479756384e-11,4.3269457209696476e-11,4.3270198791052634e-11,4.3270940223856984e-11,4.327168150813896e-11,4.327242264393299e-11,4.3273163631269314e-11,4.327390447017919e-11,4.327464516069466e-11,4.327538570284629e-11,4.327612609666691e-11,4.327686634218749e-11,4.327760643943897e-11,4.3278346388453366e-11,4.3279086189262356e-11,4.327982584189656e-11,4.3280565346388145e-11,4.328130470276864e-11,4.3282043911068496e-11,4.328278297131956e-11,4.328352188355341e-11,4.3284260647800915e-11,4.3284999264093316e-11,4.328573773246242e-11,4.3286476052940485e-11,4.328721422555668e-11,4.32879522503443e-11,4.328869012733237e-11,4.3289427856553724e-11,4.3290165438039786e-11,4.3290902871820193e-11,4.329164015792805e-11,4.329237729639386e-11,4.329311428724819e-11,4.329385113052336e-11,4.329458782624914e-11,4.329532437445744e-11,4.3296060775178807e-11,4.329679702844616e-11,4.3297533134288823e-11,4.3298269092738984e-11,4.329900490382658e-11,4.329974056758244e-11,4.330047608403953e-11,4.330121145322786e-11,4.3301946675178447e-11,4.3302681749922704e-11,4.330341667748993e-11,4.330415145791333e-11,4.330488609122323e-11,4.330562057744964e-11,4.330635491662412e-11,4.330708910877875e-11,4.3307823153943e-11,4.3308557052148527e-11,4.330929080342566e-11,4.33100244078061e-11,4.331075786531968e-11,4.331149117599958e-11,4.331222433987519e-11,4.331295735697683e-11,4.331369022733667e-11,4.3314422950984e-11,4.331515552795049e-11,4.331588795826321e-11,4.331662024195573e-11,4.331735237906063e-11,4.331808436960681e-11,4.3318816213625494e-11,4.3319547911146316e-11,4.3320279462207716e-11,4.332101086683479e-11,4.3321742125047746e-11,4.3322473236895284e-11,4.332320420240071e-11,4.332393502156761e-11,4.3324665694480257e-11,4.33253962211428e-11,4.3326126601583224e-11,4.332685683581e-11,4.332758692390417e-11,4.332831686586936e-11,4.332904666172903e-11,4.332977631152557e-11,4.333050581528709e-11,4.333123517304197e-11,4.3331964384824483e-11,4.333269345066236e-11,4.3333422370586225e-11,4.3334151144626875e-11,4.3334879772818024e-11,4.3335608255187475e-11,4.333633659176479e-11,4.33370647825817e-11,4.3337792827665664e-11,4.333852072707927e-11,4.333924848078199e-11,4.333997608887857e-11,4.334070355139207e-11,4.334143086831266e-11,4.334215803972182e-11,4.3342885065639994e-11,4.3343611945584654e-11,4.334433868053158e-11,4.334506527005548e-11,4.334579171413355e-11,4.334651801284034e-11,4.334724416610894e-11,4.3347970174265935e-11,4.3348696036111656e-11,4.3349421753139895e-11,4.3350147325543733e-11,4.335087275279589e-11,4.33515980349282e-11,4.335232317197582e-11,4.3353048163972555e-11,4.335377301095407e-11,4.335449771295712e-11,4.335522226957528e-11,4.3355946681196184e-11,4.3356670947960947e-11,4.335739506981466e-11,4.33581190467885e-11,4.3358842878912614e-11,4.335956656621642e-11,4.336029010873094e-11,4.3361013506485593e-11,4.336173675951165e-11,4.336245986783782e-11,4.336318283149661e-11,4.336390565051606e-11,4.336462832492694e-11,4.336535085475938e-11,4.336607324004439e-11,4.3366795480811306e-11,4.3367517577089724e-11,4.336823952891027e-11,4.336896133630316e-11,4.336968299929855e-11,4.3370404517925836e-11,4.3371125892215075e-11,4.3371847122198385e-11,4.337256820790481e-11,4.3373289149369444e-11,4.337400994661342e-11,4.3374730599668797e-11,4.3375451108566564e-11,4.337617147333709e-11,4.337689169401018e-11,4.33776117706167e-11,4.337833170318167e-11,4.33790514917393e-11,4.337977113632011e-11,4.3380490636953204e-11,4.338120999366953e-11,4.338192920649897e-11,4.338264827547189e-11,4.338336720061708e-11,4.338408598196486e-11,4.3384804619544944e-11,4.3385523113394124e-11,4.3386241463535374e-11,4.338695966999825e-11,4.338767773281376e-11,4.33883956520123e-11,4.338911342762198e-11,4.338983105967331e-11,4.339054854819731e-11,4.3391265893166236e-11,4.339198309466729e-11,4.3392700152730305e-11,4.339341706738494e-11,4.339413383866141e-11,4.3394850466588854e-11,4.339556695119789e-11,4.339628329251795e-11,4.339699949057798e-11,4.339771554540912e-11,4.3398431457041243e-11,4.339914722550198e-11,4.339986285082313e-11,4.3400578333032296e-11,4.340129367216145e-11,4.3402008868239114e-11,4.340272392129484e-11,4.340343883215187e-11,4.340415360004475e-11,4.3404868225003666e-11,4.3405582707058424e-11,4.3406297046239206e-11,4.34070112425757e-11,4.340772529609578e-11,4.3408439206831884e-11,4.3409152974812096e-11,4.3409866600065996e-11,4.341058008262379e-11,4.341129342251567e-11,4.3412006619768883e-11,4.3412719674415754e-11,4.3413432586484476e-11,4.341414535600527e-11,4.341485798300831e-11,4.341557046752194e-11,4.341628280957609e-11,4.341699500919988e-11,4.341770706642432e-11,4.34184189812782e-11,4.341913075379077e-11,4.341984238399291e-11,4.342055387191276e-11,4.342126521758009e-11,4.342197642102446e-11,4.342268748227488e-11,4.342339840136312e-11,4.3424109178316505e-11,4.3424819813165136e-11,4.342553030593964e-11,4.342624065666675e-11,4.3426950865378465e-11,4.342766093210345e-11,4.342837085687196e-11,4.342908063971179e-11,4.3429790280653716e-11,4.3430499779726847e-11,4.343120913696041e-11,4.343191835238396e-11,4.343262742602729e-11,4.343333635791958e-11,4.343404514808905e-11,4.343475379656677e-11,4.343546230338225e-11,4.343617066856311e-11,4.343687889214063e-11,4.3437586974143003e-11,4.343829491459998e-11,4.343900271354138e-11,4.34397103704894e-11,4.3440417886002456e-11,4.3441125260118554e-11,4.344183249289149e-11,4.344253958442517e-11,4.344324653539011e-11,4.344395334422881e-11,4.344466001164106e-11,4.34453665374155e-11,4.344607292196819e-11,4.3446779165328774e-11,4.3447485267525375e-11,4.344819122858822e-11,4.344889704854691e-11,4.344960272743068e-11,4.345030826526878e-11,4.345101366209147e-11,4.345171891792727e-11,4.3452424033031687e-11,4.345312900720949e-11,4.3453833840555075e-11,4.3454538533169764e-11,4.345524308535798e-11,4.345594749606918e-11,4.3456651766245076e-11,4.345735589537561e-11,4.3458059883829775e-11,4.345876373115789e-11,4.3459467437800765e-11,4.346017100378404e-11,4.346087442913293e-11,4.346157771387164e-11,4.3462280858020616e-11,4.346298386248271e-11,4.346368672594058e-11,4.346438944893657e-11,4.34650920315041e-11,4.3465794473913107e-11,4.346649677538721e-11,4.346719893709568e-11,4.3467900958203924e-11,4.346860283901848e-11,4.346930457976618e-11,4.347000617975718e-11,4.347070763959475e-11,4.3471408959294725e-11,4.3472110138881366e-11,4.3472811178376737e-11,4.347351207780784e-11,4.347421283719939e-11,4.347491345694556e-11,4.347561393669437e-11,4.34763142764745e-11,4.347701447631496e-11,4.3477714536244234e-11,4.347841445629232e-11,4.347911423648735e-11,4.347981387685723e-11,4.348051337743273e-11,4.3481212738240954e-11,4.348191195952829e-11,4.348261104110277e-11,4.348330998299282e-11,4.3484008785225593e-11,4.3484707447829565e-11,4.3485405970831176e-11,4.348610435452486e-11,4.348680259829117e-11,4.348750070312664e-11,4.348819866811152e-11,4.348889649392254e-11,4.348959417975394e-11,4.349029172619262e-11,4.349098913390939e-11,4.349168640197943e-11,4.349238353085556e-11,4.349308052012179e-11,4.349377737077691e-11,4.349447408136141e-11,4.349517065303301e-11,4.349586708585185e-11,4.3496563379303507e-11,4.3497259532368866e-11,4.349795554709428e-11,4.3498651422602874e-11,4.349934715986395e-11,4.350004275806246e-11,4.3500738217197445e-11,4.350143353729308e-11,4.350212871841237e-11,4.350282376067242e-11,4.350351866262193e-11,4.350421342548466e-11,4.350490805178932e-11,4.350560253892885e-11,4.350629688570664e-11,4.3506991093947835e-11,4.350768516512667e-11,4.3508379096640385e-11,4.350907289046914e-11,4.3509766545989256e-11,4.351046006273406e-11,4.3511153441541185e-11,4.3511846681092057e-11,4.3512539782166477e-11,4.351323274557802e-11,4.351392556972996e-11,4.351461825550976e-11,4.351531080296543e-11,4.3516003212093285e-11,4.351669548277898e-11,4.351738761520605e-11,4.351807960949405e-11,4.3518771465583283e-11,4.351946318346067e-11,4.352015476327998e-11,4.3520846204971755e-11,4.352153750856473e-11,4.352222867408901e-11,4.352291970157256e-11,4.3523610591042525e-11,4.352430134242455e-11,4.352499195585723e-11,4.352568243131229e-11,4.352637276938803e-11,4.3527062968724774e-11,4.352775303074377e-11,4.3528442954839205e-11,4.3529132741266255e-11,4.35298223886776e-11,4.353051189957333e-11,4.353120127259745e-11,4.3531890507971694e-11,4.353257960573135e-11,4.353326856613048e-11,4.3533957388672014e-11,4.3534646073677136e-11,4.353533462110618e-11,4.353602303100468e-11,4.353671130367633e-11,4.353739943873695e-11,4.353808743638884e-11,4.3538775296598446e-11,4.353946301989225e-11,4.3540150605428394e-11,4.354083805366084e-11,4.3541525364501416e-11,4.354221253825483e-11,4.354289957466828e-11,4.354358647391362e-11,4.354427323621863e-11,4.354495986121492e-11,4.3545646349245705e-11,4.3546332700077225e-11,4.3547018913859316e-11,4.3547704990611107e-11,4.354839093046169e-11,4.3549076733357197e-11,4.3549762399275835e-11,4.355044792833097e-11,4.3551133320361257e-11,4.355181857557083e-11,4.3552503694037574e-11,4.355318867566062e-11,4.355387352108321e-11,4.355455822933863e-11,4.355524280120507e-11,4.3555927235544426e-11,4.355661153353805e-11,4.355729569463431e-11,4.355797971955551e-11,4.3558663607992045e-11,4.3559347360178266e-11,4.356003097578074e-11,4.356071445460388e-11,4.3561397796971235e-11,4.3562081002876064e-11,4.356276407238202e-11,4.356344700551614e-11,4.356412980169452e-11,4.356481246189516e-11,4.356549498562593e-11,4.35661773734506e-11,4.356685962504271e-11,4.3567541740428185e-11,4.356822371961746e-11,4.3568905562667484e-11,4.3569587269592726e-11,4.3570268840420877e-11,4.357095027506568e-11,4.357163157384054e-11,4.35723127365183e-11,4.3572993763167315e-11,4.357367465319091e-11,4.3574355408161247e-11,4.3575036026093274e-11,4.357571650911043e-11,4.3576396856406565e-11,4.357707706791375e-11,4.35777571437692e-11,4.3578437083104686e-11,4.357911688733853e-11,4.357979655768462e-11,4.3580476090307214e-11,4.35811554876622e-11,4.358183474933573e-11,4.3582513875383435e-11,4.3583192865848864e-11,4.358387171993368e-11,4.358455043770094e-11,4.358522902162085e-11,4.3585907470133676e-11,4.358658578271905e-11,4.358726396072271e-11,4.358794200317609e-11,4.3588619909943463e-11,4.3589297681666136e-11,4.358997531808563e-11,4.359065281862482e-11,4.359133018458118e-11,4.359200741536212e-11,4.359268451100534e-11,4.359336147155572e-11,4.3594038296925386e-11,4.359471498720094e-11,4.359539154246726e-11,4.359606796302038e-11,4.359674424822301e-11,4.359742039852484e-11,4.359809641242858e-11,4.3598772292810336e-11,4.3599448038172474e-11,4.360012364871671e-11,4.360079912443326e-11,4.360147446533146e-11,4.360214967240432e-11,4.360282474372853e-11,4.360349968042648e-11,4.3604174482430916e-11,4.3604849149767646e-11,4.360552368251283e-11,4.3606198080627706e-11,4.360687234413108e-11,4.36075464732462e-11,4.360822046771238e-11,4.360889432770254e-11,4.3609568053215186e-11,4.3610241644995325e-11,4.361091510027375e-11,4.361158842247457e-11,4.36122616106965e-11,4.361293466443951e-11,4.3613607583774465e-11,4.3614280368568327e-11,4.361495301760425e-11,4.361562553288612e-11,4.3616297913745376e-11,4.361697016040307e-11,4.3617642274461903e-11,4.361831425440584e-11,4.3618986100269816e-11,4.361965781197344e-11,4.3620329389412124e-11,4.3621000832404474e-11,4.362167214191104e-11,4.3622343317461317e-11,4.362301435908379e-11,4.3623685266929214e-11,4.362435604082442e-11,4.3625026680182546e-11,4.362569718617491e-11,4.362636755862945e-11,4.3627037796520256e-11,4.362770790149851e-11,4.362837787289357e-11,4.362904771048867e-11,4.3629717414455945e-11,4.3630386984821455e-11,4.363105642161116e-11,4.363172572445415e-11,4.363239489440189e-11,4.363306393084384e-11,4.3633732833807717e-11,4.363440160332188e-11,4.3635070239412237e-11,4.363573874210738e-11,4.363640711143364e-11,4.363707534742028e-11,4.363774345009269e-11,4.3638411419475384e-11,4.3639079255662537e-11,4.363974695859718e-11,4.364041452830136e-11,4.364108196521076e-11,4.364174926880935e-11,4.364241643919714e-11,4.3643083476436135e-11,4.3643750380498336e-11,4.364441715167062e-11,4.364508378975755e-11,4.364575029384678e-11,4.36464166657162e-11,4.364708290365911e-11,4.3647749009902934e-11,4.364841498352421e-11,4.364908082454614e-11,4.364974653207974e-11,4.36504121069517e-11,4.365107754905439e-11,4.36517428583052e-11,4.365240803497267e-11,4.3653073078976525e-11,4.36537379902366e-11,4.365440276932166e-11,4.365506741539344e-11,4.3655731928604386e-11,4.3656396309257216e-11,4.365706055784606e-11,4.365772467477474e-11,4.3658388658395954e-11,4.3659052509584626e-11,4.365971622819202e-11,4.366037981444003e-11,4.3661043268403244e-11,4.366170658997942e-11,4.366236977951706e-11,4.3663032835687797e-11,4.366369576045532e-11,4.36643585530067e-11,4.3665021213110164e-11,4.366568374124431e-11,4.3666346137221606e-11,4.3667008401122195e-11,4.36676705329551e-11,4.366833253201883e-11,4.366899439976873e-11,4.3669656135513864e-11,4.3670317739328246e-11,4.36709792109844e-11,4.3671640550847913e-11,4.367230175934838e-11,4.367296283516902e-11,4.367362377953718e-11,4.3674284591841086e-11,4.367494527081514e-11,4.367560581982318e-11,4.3676266235977414e-11,4.36769265215742e-11,4.367758667547603e-11,4.3678246696205675e-11,4.3678906586596585e-11,4.3679566345352584e-11,4.3680225971498645e-11,4.3680885466535906e-11,4.368154483025329e-11,4.368220406341235e-11,4.368286316493665e-11,4.368352213490584e-11,4.36841809734329e-11,4.368483968044757e-11,4.368549825636783e-11,4.3686156700881356e-11,4.3686815013973623e-11,4.3687473194977296e-11,4.368813124495252e-11,4.368878916455858e-11,4.368944695297513e-11,4.369010461023093e-11,4.3690762136305426e-11,4.369141953128221e-11,4.369207679518702e-11,4.369273392804673e-11,4.369339092988774e-11,4.3694047800737364e-11,4.369470454062197e-11,4.369536114956723e-11,4.369601762760053e-11,4.3696673974747973e-11,4.369733019098662e-11,4.369798627635518e-11,4.369864223091809e-11,4.369929805469605e-11,4.36999537476334e-11,4.3700609309840924e-11,4.370126474155054e-11,4.370192004245857e-11,4.3702575212807446e-11,4.37032302528101e-11,4.370388516170066e-11,4.3704539940059907e-11,4.370519458756547e-11,4.3705849104787464e-11,4.370650349150504e-11,4.370715774804329e-11,4.370781187397692e-11,4.3708465869453926e-11,4.370911973448579e-11,4.370977346926723e-11,4.371042707374916e-11,4.371108054798859e-11,4.371173389183956e-11,4.371238710552199e-11,4.371304018886954e-11,4.371369314209769e-11,4.371434596515796e-11,4.371499865804641e-11,4.3715651220825256e-11,4.371630365361236e-11,4.3716955956491876e-11,4.371760812904809e-11,4.371826017159362e-11,4.3718912083525297e-11,4.371956386628059e-11,4.372021551909922e-11,4.3720867042165805e-11,4.3721518435250014e-11,4.3722169698439e-11,4.3722820831817494e-11,4.3723471835385474e-11,4.3724122709187654e-11,4.37247734514754e-11,4.3725424065979295e-11,4.372607455105126e-11,4.3726724906140213e-11,4.3727375131411105e-11,4.3728025227029637e-11,4.372867519318472e-11,4.372932502976642e-11,4.37299747367786e-11,4.373062431435129e-11,4.373127376244637e-11,4.3731923081235546e-11,4.3732572269624295e-11,4.373322132964929e-11,4.373387026011244e-11,4.373451906124757e-11,4.373516773316627e-11,4.3735816275737385e-11,4.373646468905148e-11,4.373711297329358e-11,4.373776112823852e-11,4.373840915387961e-11,4.3739057050539424e-11,4.373970481816419e-11,4.374035245680178e-11,4.374099996595275e-11,4.374164734605201e-11,4.37422945971026e-11,4.3742941719196856e-11,4.374358871232499e-11,4.3744235576379054e-11,4.374488231195024e-11,4.3745528918679326e-11,4.374617539662757e-11,4.374682174590759e-11,4.374746796594101e-11,4.374811405762253e-11,4.374876002054593e-11,4.3749405853938545e-11,4.3750051558887904e-11,4.3750697134975674e-11,4.3751342583505285e-11,4.3751987902774575e-11,4.375263309322365e-11,4.375327815478566e-11,4.37539230883595e-11,4.375456789320344e-11,4.375521256966241e-11,4.375585711820887e-11,4.375650153804226e-11,4.37571458293425e-11,4.375778999219224e-11,4.37584340266401e-11,4.375907793272661e-11,4.375972171022598e-11,4.3760365359550296e-11,4.37610088805528e-11,4.376165227335322e-11,4.3762295537991795e-11,4.3762938674397945e-11,4.376358168280617e-11,4.376422456282944e-11,4.376486731476857e-11,4.3765509938642147e-11,4.376615243447337e-11,4.3766794802347874e-11,4.3767437042196695e-11,4.376807915395515e-11,4.3768721137772637e-11,4.376936299367395e-11,4.377000472168514e-11,4.3770646321833965e-11,4.377128779414752e-11,4.3771929138651255e-11,4.377257035537232e-11,4.377321144433719e-11,4.377385240557305e-11,4.377449323910569e-11,4.377513394496096e-11,4.377577452316731e-11,4.377641497374938e-11,4.377705529673493e-11,4.377769549214892e-11,4.3778335560694205e-11,4.37789755017923e-11,4.3779615315566793e-11,4.3780255002783354e-11,4.3780894561359436e-11,4.378153399298896e-11,4.3782173297388204e-11,4.378281247393069e-11,4.378345152300797e-11,4.378409044387405e-11,4.378472923789682e-11,4.378536790543355e-11,4.3786006444824116e-11,4.37866448570299e-11,4.3787283142078016e-11,4.3787921299992766e-11,4.378855933079975e-11,4.378919723454404e-11,4.378983501121136e-11,4.379047266065958e-11,4.3791110183278485e-11,4.379174757864988e-11,4.379238484727791e-11,4.3793021988961066e-11,4.3793659003862524e-11,4.379429589173392e-11,4.3794932653046074e-11,4.379556928713792e-11,4.379620579447616e-11,4.379684217504666e-11,4.3797478428738457e-11,4.379811455646152e-11,4.3798750556813303e-11,4.3799386430477174e-11,4.380002217748018e-11,4.3800657798035244e-11,4.380129329186712e-11,4.380192865907809e-11,4.380256389975223e-11,4.380319901389397e-11,4.380383400170223e-11,4.380446886285278e-11,4.380510359752177e-11,4.380573820576677e-11,4.380637268761391e-11,4.3807007043094946e-11,4.38076412722264e-11,4.380827537524241e-11,4.3808909351992084e-11,4.3809543202246626e-11,4.381017692624337e-11,4.3810810524064294e-11,4.3811443996015815e-11,4.3812077341442656e-11,4.381271056074804e-11,4.381334365403131e-11,4.381397662116102e-11,4.3814609462382685e-11,4.381524217757448e-11,4.381587476820947e-11,4.381650723121132e-11,4.381713956833215e-11,4.381777177958082e-11,4.381840386517415e-11,4.381903582458017e-11,4.3819667658105127e-11,4.382029936561824e-11,4.382093094927108e-11,4.382156240527535e-11,4.38221937355487e-11,4.382282494005944e-11,4.382345601870789e-11,4.382408697191049e-11,4.382471779961272e-11,4.382534850153193e-11,4.3825979077902045e-11,4.3826609528621467e-11,4.382723985384573e-11,4.382787005357109e-11,4.3828500127553123e-11,4.382913007626996e-11,4.3829759900722296e-11,4.383038959853613e-11,4.3831019170765304e-11,4.3831648617822705e-11,4.383227794187199e-11,4.383290713853982e-11,4.383353620990687e-11,4.3834165156651606e-11,4.3834793977560006e-11,4.383542267300042e-11,4.383605124388981e-11,4.3836679688950696e-11,4.383730800912489e-11,4.3837936205338674e-11,4.3838564275127405e-11,4.3839192219766824e-11,4.3839820039396487e-11,4.384044773407422e-11,4.384107530377163e-11,4.38417027485138e-11,4.384233006833139e-11,4.384295726324128e-11,4.3843584333273655e-11,4.3844211279668145e-11,4.3844838100529426e-11,4.384546479718259e-11,4.384609136626178e-11,4.384671781300768e-11,4.384734413477203e-11,4.3847970331824976e-11,4.38485964005994e-11,4.384922234789719e-11,4.384984817083139e-11,4.3850473868827254e-11,4.385109944208391e-11,4.385172489112736e-11,4.3852350215571897e-11,4.3852975415610915e-11,4.385360049182208e-11,4.3854225442846546e-11,4.385485026792893e-11,4.385547497016454e-11,4.3856099548004184e-11,4.385672400150973e-11,4.385734833069933e-11,4.38579725365409e-11,4.385859661797145e-11,4.385922057429239e-11,4.3859844406370155e-11,4.386046811436212e-11,4.3861091698187277e-11,4.386171515781458e-11,4.3862338493319825e-11,4.386296170489694e-11,4.3863584792223396e-11,4.3864207757059197e-11,4.386483059628978e-11,4.386545331167874e-11,4.386607590301056e-11,4.3866698370645467e-11,4.386732071424123e-11,4.386794293509623e-11,4.386856503102272e-11,4.386918700303325e-11,4.386980885130765e-11,4.387043057566519e-11,4.387105217637428e-11,4.3871673653368184e-11,4.3872295006650674e-11,4.387291623624893e-11,4.3873537342189406e-11,4.387415832449821e-11,4.387477918320006e-11,4.3875399918320595e-11,4.38760205298871e-11,4.387664101811413e-11,4.387726138261808e-11,4.387788162354354e-11,4.3878501741274993e-11,4.3879121735413264e-11,4.387974160618772e-11,4.3880361353559854e-11,4.388098097758427e-11,4.3881600478229296e-11,4.388221985561733e-11,4.388283910973724e-11,4.38834582406029e-11,4.388407724818206e-11,4.3884696132742356e-11,4.388531489396237e-11,4.388593353165533e-11,4.388655204665734e-11,4.3887170438580445e-11,4.3887788707400736e-11,4.388840685315814e-11,4.388902487591695e-11,4.388964277566331e-11,4.3890260552444655e-11,4.389087820627811e-11,4.38914957371837e-11,4.389211314487348e-11,4.389273043000987e-11,4.389334759219273e-11,4.3893964631614795e-11,4.389458154826588e-11,4.3895198342168054e-11,4.3895815013319585e-11,4.3896431562249693e-11,4.3897047988077937e-11,4.3897664291142354e-11,4.3898280471364246e-11,4.389889652975687e-11,4.38995124648824e-11,4.3900128277498294e-11,4.3900743967585475e-11,4.390135953748427e-11,4.390197498256253e-11,4.390259030514695e-11,4.390320550530227e-11,4.39038205829637e-11,4.3904435538304714e-11,4.390505037121437e-11,4.3905665081251003e-11,4.390627966955994e-11,4.390689413558105e-11,4.390750847964586e-11,4.3908122702002054e-11,4.390873680136922e-11,4.390935077846471e-11,4.390996463344309e-11,4.3910578366212933e-11,4.391119197690057e-11,4.3911805465481454e-11,4.39124188319683e-11,4.391303207639967e-11,4.3913645198808664e-11,4.391425819922171e-11,4.3914871077825114e-11,4.391548383416575e-11,4.3916096469499784e-11,4.391670898090418e-11,4.3917321372212955e-11,4.3917933641225775e-11,4.3918545788604905e-11,4.3919157814075693e-11,4.3919769717678124e-11,4.392038149953425e-11,4.392099315966852e-11,4.39216046980237e-11,4.392221611482189e-11,4.392282740986444e-11,4.3923438583342026e-11,4.392404963530804e-11,4.392466056563781e-11,4.3925271374443914e-11,4.3925882061329023e-11,4.392649262710665e-11,4.392710307136672e-11,4.392771339421832e-11,4.3928323595660506e-11,4.3928933675702964e-11,4.3929543634374206e-11,4.3930153471741544e-11,4.3930763187568456e-11,4.393137278320139e-11,4.393198225861277e-11,4.393259161104143e-11,4.393320084201676e-11,4.393380995108917e-11,4.3934418939692855e-11,4.3935027807338983e-11,4.393563655367961e-11,4.393624517891588e-11,4.393685368307728e-11,4.393746206619097e-11,4.393807032828366e-11,4.393867846935476e-11,4.393928648946448e-11,4.393989438861143e-11,4.3940502166836246e-11,4.39411098241536e-11,4.394171736059484e-11,4.394232477617136e-11,4.3942932070843016e-11,4.3943539244712027e-11,4.394414629780195e-11,4.3944753230137036e-11,4.3945360041742633e-11,4.394596673264343e-11,4.394657330286357e-11,4.39471797524276e-11,4.394778608135998e-11,4.394839228968502e-11,4.394899837742729e-11,4.394960434461164e-11,4.3950210191261133e-11,4.395081591740117e-11,4.395142152305441e-11,4.3952027008246016e-11,4.395263237299959e-11,4.395323761733858e-11,4.395384274128639e-11,4.395444774486439e-11,4.39550526280955e-11,4.395565739100015e-11,4.395626203359804e-11,4.3956866555898145e-11,4.395747095789996e-11,4.3958075239535876e-11,4.3958679400402775e-11,4.395928344177373e-11,4.395988736311584e-11,4.39604911643992e-11,4.396109484562844e-11,4.396169840681946e-11,4.3962301847988366e-11,4.396290516915844e-11,4.396350837035093e-11,4.396411145158859e-11,4.396471441289439e-11,4.396531725429192e-11,4.396591997580415e-11,4.39665225774568e-11,4.3967125059271826e-11,4.396772742127534e-11,4.396832966348969e-11,4.39689317859391e-11,4.396953378864905e-11,4.3970135671642615e-11,4.3970737434944785e-11,4.397133907857919e-11,4.3971940602570335e-11,4.397254200694327e-11,4.397314329172064e-11,4.3973744456928496e-11,4.3974345502590764e-11,4.397494642873058e-11,4.3975547235374335e-11,4.3976147922544597e-11,4.397674849026734e-11,4.397734893865318e-11,4.3977949267638215e-11,4.397854947724619e-11,4.397914956750253e-11,4.397974953843061e-11,4.398034939005665e-11,4.39809491224032e-11,4.398154873549513e-11,4.3982148229358106e-11,4.398274760401415e-11,4.398334685947772e-11,4.398394599578361e-11,4.3984545013056244e-11,4.398514391112097e-11,4.3985742690002194e-11,4.39863413499331e-11,4.398693989083721e-11,4.39875383127372e-11,4.398813661562527e-11,4.3988734799550435e-11,4.398933286453717e-11,4.398993081060953e-11,4.3990528637790376e-11,4.399112634610947e-11,4.399172393558591e-11,4.399232140624679e-11,4.3992918758114236e-11,4.399351599121447e-11,4.399411310555641e-11,4.399471010122812e-11,4.39953069782113e-11,4.399590373640004e-11,4.399650037592146e-11,4.399709689679464e-11,4.3997693298304893e-11,4.399828958203318e-11,4.399888574739589e-11,4.3999481794059513e-11,4.400007772231239e-11,4.40006735322578e-11,4.400126922359548e-11,4.400186479656084e-11,4.400246025105025e-11,4.4003055587189315e-11,4.4003650805019575e-11,4.40042459044354e-11,4.400484088572301e-11,4.4005435747656464e-11,4.400603049215272e-11,4.4006625118056763e-11,4.400721962578786e-11,4.400781401536572e-11,4.400840828713296e-11,4.4009002440770095e-11,4.400959647638487e-11,4.4010190393878675e-11,4.401078419356089e-11,4.401137787506834e-11,4.401197143797644e-11,4.4012564883360353e-11,4.4013158210748914e-11,4.4013751420164485e-11,4.4014344511544923e-11,4.401493748555451e-11,4.401553034125129e-11,4.4016123079112825e-11,4.4016715698880864e-11,4.401730820115297e-11,4.4017900585648517e-11,4.401849285239079e-11,4.401908500138325e-11,4.40196770326654e-11,4.4020268946258974e-11,4.402086074215816e-11,4.4021452420418034e-11,4.402204398112561e-11,4.402263542407921e-11,4.4023226749580817e-11,4.402381795755342e-11,4.4024409048060014e-11,4.402500002107635e-11,4.40255908766489e-11,4.402618161477739e-11,4.4026772235459637e-11,4.4027362738747616e-11,4.402795312467358e-11,4.4028543393253794e-11,4.402913354443557e-11,4.4029723578326e-11,4.4030313494949706e-11,4.40309032943274e-11,4.403149297648605e-11,4.403208254144737e-11,4.40326719892354e-11,4.40332613198728e-11,4.403385053338556e-11,4.4034439629618216e-11,4.4035028608807e-11,4.4035617471013366e-11,4.4036206216887336e-11,4.4036794846401616e-11,4.4037383357799803e-11,4.403797175157178e-11,4.403856002890362e-11,4.403914818932008e-11,4.403973623284517e-11,4.4040324159502876e-11,4.404091196931634e-11,4.404149966230914e-11,4.40420872385056e-11,4.404267469792955e-11,4.4043262040603323e-11,4.4043849266552286e-11,4.4044436375799066e-11,4.404502336836651e-11,4.4045610244280075e-11,4.4046197003547074e-11,4.4046783646298136e-11,4.4047370172469115e-11,4.404795658208217e-11,4.4048542875162714e-11,4.404912905172843e-11,4.404971511181554e-11,4.405030105544158e-11,4.405088688262995e-11,4.405147259340543e-11,4.405205818779089e-11,4.4052643665809843e-11,4.4053229027486406e-11,4.40538142722169e-11,4.405439940127955e-11,4.405498441407194e-11,4.40555693106275e-11,4.405615409095196e-11,4.405673875504218e-11,4.405732330339365e-11,4.4057907735183066e-11,4.4058492050708016e-11,4.4059076250365584e-11,4.405966033443199e-11,4.4060244302225675e-11,4.40608281533532e-11,4.406141188902387e-11,4.406199550841035e-11,4.4062579011833914e-11,4.406316239931791e-11,4.406374567088656e-11,4.406432882656274e-11,4.40649118663522e-11,4.406549479027555e-11,4.406607759837259e-11,4.406666029069089e-11,4.406724286715421e-11,4.406782532775321e-11,4.406840767284171e-11,4.406898990223205e-11,4.406957201595459e-11,4.4070154014237485e-11,4.407073589663239e-11,4.407131766344423e-11,4.407189931442909e-11,4.407248085009826e-11,4.4073062270270873e-11,4.407364357488772e-11,4.407422476405162e-11,4.407480583767028e-11,4.407538679590846e-11,4.4075967638723e-11,4.4076548366123047e-11,4.40771289782436e-11,4.407770947515861e-11,4.407828985654313e-11,4.407887012262436e-11,4.4079450273425415e-11,4.4080030309066455e-11,4.408061022945861e-11,4.408119003486688e-11,4.4081769724799794e-11,4.40823492995062e-11,4.408292875956897e-11,4.408350810406407e-11,4.4084087333163275e-11,4.4084666447559257e-11,4.408524544673792e-11,4.4085824331743085e-11,4.408640309722593e-11,4.4086981750410247e-11,4.408756028975935e-11,4.40881387141008e-11,4.4088717023588156e-11,4.408929521806994e-11,4.408987329783585e-11,4.409045126276971e-11,4.409102911393001e-11,4.409160684903953e-11,4.409218446924832e-11,4.4092761975081945e-11,4.409333936620032e-11,4.409391664262631e-11,4.409449380438357e-11,4.409507085149566e-11,4.40956477839856e-11,4.4096224601876815e-11,4.4096801305212356e-11,4.4097377893998336e-11,4.409795436826129e-11,4.409853072803032e-11,4.409910697323296e-11,4.409968310405052e-11,4.410025912037214e-11,4.410083502225515e-11,4.4101410809815643e-11,4.4101986483006907e-11,4.410256204185697e-11,4.410313748638771e-11,4.410371281662371e-11,4.410428803258714e-11,4.4104863134302606e-11,4.410543812179319e-11,4.410601299508143e-11,4.410658775419197e-11,4.4107162399146305e-11,4.4107736930004354e-11,4.4108311346755254e-11,4.4108885649425185e-11,4.410945983812397e-11,4.411003391269469e-11,4.411060787322821e-11,4.4111181719849075e-11,4.4111755452441825e-11,4.411232907117406e-11,4.4112902575868794e-11,4.411347596667555e-11,4.4114049243447237e-11,4.411462240638577e-11,4.411519545551189e-11,4.4115768390844964e-11,4.4116341212480914e-11,4.411691392035574e-11,4.411748651449423e-11,4.411805899486324e-11,4.411863136176626e-11,4.411920361509496e-11,4.411977575382431e-11,4.412034778053064e-11,4.4120919692733305e-11,4.4121491491360263e-11,4.412206317643595e-11,4.412263474798396e-11,4.4123206206029495e-11,4.41237775511092e-11,4.412434877955071e-11,4.412491989556947e-11,4.4125490897569845e-11,4.4126061789096e-11,4.4126632566686576e-11,4.412720323106332e-11,4.412777378130675e-11,4.412834421862218e-11,4.412891454297914e-11,4.4129484753975755e-11,4.4130054851800854e-11,4.413062483637592e-11,4.413119470776913e-11,4.413176446600385e-11,4.4132334111101746e-11,4.413290364310089e-11,4.413347306202068e-11,4.413404236724062e-11,4.413461156002678e-11,4.413518063843897e-11,4.413574960520663e-11,4.413631845917006e-11,4.413688719980535e-11,4.4137455827727605e-11,4.413802434384552e-11,4.413859274309122e-11,4.413916103238184e-11,4.4139729208788375e-11,4.414029727256229e-11,4.414086522341241e-11,4.414143306130019e-11,4.4142000786671116e-11,4.414256839881951e-11,4.41431358977402e-11,4.414370328508178e-11,4.4144270559647666e-11,4.414483772155398e-11,4.4145404770891845e-11,4.4145971706506734e-11,4.414653853061135e-11,4.414710524127571e-11,4.4147671838452425e-11,4.414823832505101e-11,4.414880469911925e-11,4.414937096068467e-11,4.4149937109823574e-11,4.415050314655906e-11,4.415106907091361e-11,4.41516348829117e-11,4.4152200582575816e-11,4.415276616993028e-11,4.415333164524402e-11,4.415389700762764e-11,4.415446225814974e-11,4.415502739667475e-11,4.415559242309665e-11,4.41561573372576e-11,4.415672213918443e-11,4.415728682898596e-11,4.415785140668721e-11,4.4158415872308383e-11,4.41589802258742e-11,4.4159544467406574e-11,4.416010859692865e-11,4.4160672614463285e-11,4.416123652003298e-11,4.416180031366127e-11,4.4162363995370186e-11,4.4162927565182775e-11,4.416349102312086e-11,4.416405436920937e-11,4.41646176034684e-11,4.416518072592306e-11,4.416574373666863e-11,4.4166306635735555e-11,4.416686942305436e-11,4.416743209864297e-11,4.4167994663617156e-11,4.416855711585005e-11,4.416911945644369e-11,4.4169681685337004e-11,4.417024380250507e-11,4.41708058082656e-11,4.417136770247203e-11,4.4171929485138214e-11,4.41724911562038e-11,4.4173052715944174e-11,4.417361416337367e-11,4.417417550021701e-11,4.41747367253075e-11,4.417529783897973e-11,4.417585884126853e-11,4.4176419731755936e-11,4.417698051098002e-11,4.417754117894697e-11,4.417810173566935e-11,4.4178662181633423e-11,4.41792225157996e-11,4.417978273964742e-11,4.418034285199351e-11,4.4180902853692074e-11,4.4181462744227665e-11,4.418202252308316e-11,4.418258219084031e-11,4.4183141747520024e-11,4.418370119314528e-11,4.418426052773935e-11,4.4184819751322495e-11,4.418537886391802e-11,4.418593786517922e-11,4.418649675359164e-11,4.418705553287968e-11,4.4187614201846626e-11,4.418817276003612e-11,4.418873120718393e-11,4.418928954383924e-11,4.418984776914567e-11,4.419040588398246e-11,4.419096388855186e-11,4.41915217817631e-11,4.419207956455764e-11,4.419263723694835e-11,4.4193194798079966e-11,4.4193752248498736e-11,4.4194309588349295e-11,4.4194866815763765e-11,4.41954239347245e-11,4.419598094297617e-11,4.419653784080331e-11,4.4197094627884727e-11,4.4197651304585674e-11,4.419820787087376e-11,4.419876432622581e-11,4.41993206715793e-11,4.4199876906477196e-11,4.420043303103076e-11,4.4200989045108804e-11,4.420154494878987e-11,4.4202100742201515e-11,4.420265642477575e-11,4.42032119965348e-11,4.42037674591223e-11,4.4204322811456504e-11,4.420487805370184e-11,4.4205433185718044e-11,4.4205988207944164e-11,4.420654311947874e-11,4.42070979212964e-11,4.4207652613043104e-11,4.420820719471096e-11,4.420876166609637e-11,4.4209316028304655e-11,4.4209870279658324e-11,4.421042442153121e-11,4.4210978451654054e-11,4.421153237314107e-11,4.4212086184663074e-11,4.42126398862312e-11,4.4213193479047024e-11,4.4213746961037635e-11,4.4214300333199714e-11,4.421485359555122e-11,4.421540674811982e-11,4.4215959789765124e-11,4.421651272287939e-11,4.421706554594787e-11,4.421761826064229e-11,4.421817086601936e-11,4.4218723361879423e-11,4.421927574765297e-11,4.4219828022826574e-11,4.4220380188502225e-11,4.4220932244545975e-11,4.422148419105767e-11,4.4222036028061304e-11,4.422258775556931e-11,4.422313937363012e-11,4.4223690882239914e-11,4.422424228143044e-11,4.422479357085493e-11,4.422534475121467e-11,4.4225895822076185e-11,4.422644678487638e-11,4.422699763776367e-11,4.422754838089922e-11,4.422809901477089e-11,4.42286495394485e-11,4.422919995482832e-11,4.422975026109554e-11,4.4230300458126735e-11,4.423085054599306e-11,4.4231400524762003e-11,4.423195039437681e-11,4.423250015501122e-11,4.423304980613017e-11,4.4233599348588355e-11,4.4234148782025827e-11,4.423469810647086e-11,4.4235247321935376e-11,4.423579642841253e-11,4.423634542595966e-11,4.4236894314597807e-11,4.4237443094348496e-11,4.423799176523408e-11,4.423854032639678e-11,4.4239088779564953e-11,4.4239637123567165e-11,4.424018535962663e-11,4.4240733486604147e-11,4.424128150479135e-11,4.4241829413898324e-11,4.424237721434505e-11,4.4242924906479176e-11,4.424347248990801e-11,4.424401996368848e-11,4.424456732976942e-11,4.424511458741556e-11,4.4245661736551265e-11,4.424620877715359e-11,4.424675570924526e-11,4.424730253284895e-11,4.424784924798402e-11,4.424839585467501e-11,4.424894235294341e-11,4.424948874281075e-11,4.425003502430002e-11,4.4250581197432743e-11,4.4251127262230426e-11,4.4251673218715464e-11,4.425221906691016e-11,4.425276480683634e-11,4.4253310438515746e-11,4.4253855961970874e-11,4.425440137722331e-11,4.4254946684295477e-11,4.4255491883208934e-11,4.425603697398556e-11,4.425658195664857e-11,4.425712683121846e-11,4.4257671597718104e-11,4.4258216256168855e-11,4.42587608065929e-11,4.425930524901241e-11,4.425984958344841e-11,4.4260393809924046e-11,4.4260937928461184e-11,4.4261481939081877e-11,4.42620258418065e-11,4.426256963665946e-11,4.4263113323659693e-11,4.426365690283163e-11,4.426420037419668e-11,4.426474373777544e-11,4.426528699359174e-11,4.426583014166608e-11,4.42663731820209e-11,4.4266916114677945e-11,4.426745893965876e-11,4.4268001656986213e-11,4.426854426667768e-11,4.4269086768758644e-11,4.426962916325197e-11,4.427017145017813e-11,4.427071362956036e-11,4.4271255701419316e-11,4.42717976657776e-11,4.4272339522656635e-11,4.427288127207901e-11,4.427342291406569e-11,4.4273964448639034e-11,4.42745058758207e-11,4.4275047195631974e-11,4.427558840809593e-11,4.427612951323376e-11,4.427667051106596e-11,4.4277211401616815e-11,4.4277752184906477e-11,4.427829286095734e-11,4.427883342979109e-11,4.427937389142823e-11,4.427991424589261e-11,4.4280454493206044e-11,4.4280994633388435e-11,4.428153466646237e-11,4.42820745924497e-11,4.4282614411372084e-11,4.428315412325206e-11,4.42836937281101e-11,4.428423322596983e-11,4.428477261685076e-11,4.428531190077564e-11,4.428585107776671e-11,4.42863901478449e-11,4.4286929111032177e-11,4.4287467967350175e-11,4.428800671682097e-11,4.428854535946578e-11,4.4289083895306384e-11,4.428962232436482e-11,4.4290160646663e-11,4.429069886222234e-11,4.4291236971064156e-11,4.4291774973209475e-11,4.4292312868681744e-11,4.429285065750264e-11,4.4293388339690863e-11,4.429392591527192e-11,4.4294463384265417e-11,4.429500074669281e-11,4.4295538002576417e-11,4.4296075151937925e-11,4.429661219479881e-11,4.429714913118031e-11,4.429768596110486e-11,4.429822268459318e-11,4.4298759301667366e-11,4.4299295812353314e-11,4.4299832216671455e-11,4.430036851463839e-11,4.430090470627762e-11,4.4301440791610853e-11,4.430197677065886e-11,4.430251264344511e-11,4.430304840998874e-11,4.430358407031266e-11,4.430411962454801e-11,4.4304655072497066e-11,4.430519041415095e-11,4.4305725650063085e-11,4.4306260779529483e-11,4.430679580298857e-11,4.430733072037818e-11,4.430786553213572e-11,4.430840023743116e-11,4.430893483674191e-11,4.4309469330351067e-11,4.431000371768916e-11,4.43105379990465e-11,4.4311072174493484e-11,4.431160624403379e-11,4.431214020768705e-11,4.4312674065474705e-11,4.431320781741629e-11,4.4313741463529973e-11,4.431427500398365e-11,4.431480843859158e-11,4.431534176753117e-11,4.4315874990745935e-11,4.431640810825725e-11,4.4316941120087316e-11,4.431747402626297e-11,4.4318006826846303e-11,4.431853952175938e-11,4.4319072111075734e-11,4.431960459468645e-11,4.4320136972882606e-11,4.432066924553376e-11,4.432120141268027e-11,4.432173347433856e-11,4.432226543058479e-11,4.4322797281371516e-11,4.432332902669216e-11,4.4323860665596684e-11,4.432439220075991e-11,4.432492363021259e-11,4.43254549540491e-11,4.432598617256699e-11,4.4326517285961685e-11,4.4327048293932006e-11,4.432757919800397e-11,4.432810999399998e-11,4.4328640686663856e-11,4.4329171274493724e-11,4.4329701756388705e-11,4.43302321331349e-11,4.4330762405024784e-11,4.43312925715074e-11,4.433182263270868e-11,4.433235258904067e-11,4.4332882440373626e-11,4.433341218674524e-11,4.4333941828065945e-11,4.433447136440579e-11,4.433500079578607e-11,4.433553012221498e-11,4.433605934367803e-11,4.433658846021067e-11,4.43371174724478e-11,4.4337646379359915e-11,4.433817518146568e-11,4.433870387876492e-11,4.4339232471222715e-11,4.4339760958940774e-11,4.434028934196451e-11,4.4340817620078626e-11,4.434134579364864e-11,4.43418738625807e-11,4.4342401826981516e-11,4.43429296867271e-11,4.434345744169524e-11,4.434398509203921e-11,4.434451263779091e-11,4.4345040078981e-11,4.434556741546365e-11,4.4346094647669535e-11,4.434662177543223e-11,4.4347148798728135e-11,4.43476757179429e-11,4.434820253241774e-11,4.434872924291985e-11,4.434925584856931e-11,4.4349782349996006e-11,4.4350308746942895e-11,4.4350835039571213e-11,4.435136122784489e-11,4.435188731191216e-11,4.4352413291267294e-11,4.435293916683586e-11,4.435346493819158e-11,4.43539906053591e-11,4.435451616832682e-11,4.435504162717709e-11,4.4355566981891675e-11,4.435609223250765e-11,4.43566173790397e-11,4.435714242150739e-11,4.435766736016471e-11,4.4358192194377446e-11,4.435871692482458e-11,4.435924155159816e-11,4.4359766074027776e-11,4.4360290492496656e-11,4.4360814807054314e-11,4.436133901770973e-11,4.4361863124699266e-11,4.4362387127709634e-11,4.436291102686802e-11,4.436343482208841e-11,4.436395851364478e-11,4.4364482101400496e-11,4.436500558544105e-11,4.436552896590824e-11,4.436605224254667e-11,4.436657541548614e-11,4.4367098485070017e-11,4.436762145063762e-11,4.436814431226227e-11,4.436866707032046e-11,4.4369189725797326e-11,4.4369712277064714e-11,4.4370234724808375e-11,4.437075706901316e-11,4.4371279309608875e-11,4.437180144689779e-11,4.437232348067821e-11,4.437284541102662e-11,4.437336723796618e-11,4.437388896150939e-11,4.437441058169748e-11,4.4374932098534486e-11,4.43754535120442e-11,4.4375974822234204e-11,4.437649602914156e-11,4.4377017132785956e-11,4.437753813425793e-11,4.43780590314353e-11,4.4378579825362954e-11,4.437910051615731e-11,4.4379621103725367e-11,4.43801415882532e-11,4.4380661969647946e-11,4.4381182247972744e-11,4.438170242337671e-11,4.4382222495537735e-11,4.438274246469499e-11,4.43832623320548e-11,4.438378209521378e-11,4.438430175563e-11,4.438482131281122e-11,4.4385340767125775e-11,4.43858601184677e-11,4.4386379366891965e-11,4.438689851234166e-11,4.438741755503167e-11,4.4387936494902877e-11,4.4388455332013206e-11,4.438897406638376e-11,4.4389492698097345e-11,4.439001122784263e-11,4.439052965392943e-11,4.4391047977326965e-11,4.439156619804135e-11,4.439208431596272e-11,4.439260233036714e-11,4.439312024316663e-11,4.439363805337298e-11,4.439415576095336e-11,4.4394673366077476e-11,4.4395190868592504e-11,4.4395708268626245e-11,4.439622556615588e-11,4.439674276126886e-11,4.439725985380907e-11,4.439777684391995e-11,4.4398293731889354e-11,4.439881051731716e-11,4.439932720028849e-11,4.439984378095454e-11,4.4400360259250893e-11,4.4400876635434594e-11,4.440139290919539e-11,4.440190908072857e-11,4.4402425150000545e-11,4.4402941116922743e-11,4.440345698167049e-11,4.440397274430413e-11,4.440448840481972e-11,4.44050039631341e-11,4.4405519419347984e-11,4.440603477346167e-11,4.440655002551388e-11,4.440706517550943e-11,4.4407580223469263e-11,4.4408095169413766e-11,4.4408610013363876e-11,4.440912475534074e-11,4.440963939536447e-11,4.441015393345646e-11,4.441066836668715e-11,4.441118269839674e-11,4.4411696928545756e-11,4.441221105908905e-11,4.441272508780357e-11,4.4413239014707026e-11,4.4413752839823396e-11,4.4414266563176755e-11,4.441478018477695e-11,4.441529370491254e-11,4.441580712309446e-11,4.441632043802971e-11,4.44168336511198e-11,4.441734676227711e-11,4.441785977126769e-11,4.441837267954515e-11,4.4418885485936256e-11,4.441939819295168e-11,4.4419910798453935e-11,4.4420423300093254e-11,4.442093569912257e-11,4.4421447997823044e-11,4.442196019818143e-11,4.4422472297098925e-11,4.442298429460258e-11,4.442349619072207e-11,4.4424007985320575e-11,4.442451967811711e-11,4.442503126908438e-11,4.4425542758800054e-11,4.442605414716687e-11,4.44265654347555e-11,4.442707662059026e-11,4.442758770363991e-11,4.442809868548855e-11,4.4428609567659384e-11,4.4429120348688356e-11,4.442963102856608e-11,4.443014160731226e-11,4.443065208494892e-11,4.443116246149603e-11,4.443167273697431e-11,4.443218291140254e-11,4.4432692984802164e-11,4.443320295721923e-11,4.4433712828253814e-11,4.4434222597592494e-11,4.443473226676273e-11,4.44352418352935e-11,4.443575130295307e-11,4.443626066967112e-11,4.4436769935673434e-11,4.443727909988507e-11,4.4437788164359224e-11,4.443829712779276e-11,4.443880599045018e-11,4.443931475101146e-11,4.4439823412093205e-11,4.44403319724668e-11,4.4440840432332207e-11,4.4441348791366426e-11,4.4441857049751214e-11,4.444236520668186e-11,4.444287326392215e-11,4.44433812212483e-11,4.444388907691182e-11,4.444439683228936e-11,4.444490448676232e-11,4.4445412040420504e-11,4.444591949434933e-11,4.4446426847438696e-11,4.4446934100507394e-11,4.4447441252982135e-11,4.444794830530027e-11,4.444845525697633e-11,4.4448962108251906e-11,4.4449468859165705e-11,4.44499755097509e-11,4.4450482060346935e-11,4.4450988511134004e-11,4.445149486121671e-11,4.445200111072949e-11,4.445250726003705e-11,4.4453013309083674e-11,4.4453519257892466e-11,4.445402510652914e-11,4.445453085507615e-11,4.445503650257942e-11,4.445554205081443e-11,4.445604749894472e-11,4.445655284720616e-11,4.445705809495113e-11,4.4457563243070354e-11,4.4458068291283675e-11,4.445857323921658e-11,4.4459078087244786e-11,4.445958283519037e-11,4.44600874819006e-11,4.4460592030196125e-11,4.4461096475949766e-11,4.4461600824400523e-11,4.446210507304573e-11,4.446260922182776e-11,4.446311327082443e-11,4.446361721662016e-11,4.4464121066092146e-11,4.4464624814591183e-11,4.446512846508095e-11,4.4465632015266305e-11,4.446613546371767e-11,4.446663881470623e-11,4.4467142065796376e-11,4.44676452182183e-11,4.446814827168401e-11,4.446865122424574e-11,4.4469154077502745e-11,4.446965683082608e-11,4.447015948463167e-11,4.447066203925602e-11,4.4471164494862135e-11,4.4471666850316274e-11,4.4472169106134324e-11,4.4472671262580433e-11,4.447317331967292e-11,4.4473675277376056e-11,4.447417713554829e-11,4.4474678895649785e-11,4.4475180555307265e-11,4.4475682116016456e-11,4.447618357708413e-11,4.447668493887001e-11,4.447718620105859e-11,4.4477687364397055e-11,4.447818842836117e-11,4.4478689393380065e-11,4.447919025847755e-11,4.447969102597356e-11,4.448019169333679e-11,4.448069226175391e-11,4.4481192731088205e-11,4.448169310137621e-11,4.448219337260445e-11,4.448269354480968e-11,4.448319361801157e-11,4.4483693592250646e-11,4.4484193467520875e-11,4.448469324373117e-11,4.448519292118812e-11,4.448569249967577e-11,4.448619197929121e-11,4.448669136003327e-11,4.448719064195174e-11,4.448768982454211e-11,4.448818890880615e-11,4.448868789435294e-11,4.448918678036055e-11,4.4489685568402204e-11,4.449018425770212e-11,4.449068284826219e-11,4.4491181340135915e-11,4.4491679733214924e-11,4.4492178027786e-11,4.449267622331655e-11,4.44931743206607e-11,4.4493672319421616e-11,4.4494170219612875e-11,4.449466802221861e-11,4.449516572526477e-11,4.449566332951107e-11,4.449616083570728e-11,4.4496658243393176e-11,4.4497155552630534e-11,4.449765276344459e-11,4.449814987585906e-11,4.449864688992658e-11,4.449914380546511e-11,4.449964062281492e-11,4.4500137341808435e-11,4.4500633962625627e-11,4.45011304857722e-11,4.450162690996578e-11,4.4502123236008154e-11,4.450261946367974e-11,4.450311559314633e-11,4.4503611624427276e-11,4.450410755754432e-11,4.450460339251187e-11,4.4505099129276314e-11,4.450559476773181e-11,4.4506090308490923e-11,4.45065857510751e-11,4.450708109564804e-11,4.450757634220177e-11,4.450807149071949e-11,4.450856654129419e-11,4.450906149388682e-11,4.450955634849984e-11,4.451005110521242e-11,4.4510545763917576e-11,4.4511040324777445e-11,4.451153478781262e-11,4.4512029152964467e-11,4.4512523420313125e-11,4.451301758985068e-11,4.45135116611912e-11,4.451400563384659e-11,4.4514499510123824e-11,4.451499328869688e-11,4.4515486969533036e-11,4.451598055269283e-11,4.4516474038125483e-11,4.451696742588702e-11,4.4517460716041116e-11,4.451795390858205e-11,4.451844700353297e-11,4.4518940000913505e-11,4.451943290075394e-11,4.451992570305671e-11,4.452041840782949e-11,4.4520911015556884e-11,4.452140352542079e-11,4.452189593778803e-11,4.4522388252722205e-11,4.452288047024397e-11,4.45233725904228e-11,4.4523864613231995e-11,4.452435653881008e-11,4.452484836670704e-11,4.452534009724465e-11,4.452583173074567e-11,4.452632326724294e-11,4.452681470533781e-11,4.452730604698794e-11,4.4527797291456166e-11,4.4528288438419335e-11,4.4528779488213475e-11,4.4529270440860776e-11,4.452976129638603e-11,4.45302520548195e-11,4.45307427137792e-11,4.453123327828577e-11,4.453172374574003e-11,4.453221411613945e-11,4.453270438976198e-11,4.453319456629892e-11,4.453368464543879e-11,4.453417462759542e-11,4.453466451279678e-11,4.4535154301425613e-11,4.453564399338354e-11,4.453613358821431e-11,4.4536623086175054e-11,4.453711248719413e-11,4.453760179130941e-11,4.4538090998789795e-11,4.453858011015373e-11,4.453906912406758e-11,4.453955804122967e-11,4.454004686146957e-11,4.454053558511757e-11,4.4541024211700856e-11,4.4541512742335116e-11,4.4542001175894956e-11,4.45424895129633e-11,4.454297775345198e-11,4.454346589735019e-11,4.454395394467853e-11,4.454444189544029e-11,4.4544929748575614e-11,4.4545417506184905e-11,4.454590516775325e-11,4.454639273275112e-11,4.4546880201068936e-11,4.4547367572955165e-11,4.454785484894406e-11,4.454834202809118e-11,4.454882911079141e-11,4.4549316097081584e-11,4.454980298738887e-11,4.45502897805715e-11,4.4550776477935645e-11,4.4551263078872954e-11,4.455174958388742e-11,4.455223599250966e-11,4.4552722304911994e-11,4.455320852069875e-11,4.455369464073122e-11,4.455418066478118e-11,4.455466659245142e-11,4.455515242407004e-11,4.455563815946937e-11,4.455612379887818e-11,4.455660934222632e-11,4.4557094789567135e-11,4.4557580140793673e-11,4.455806539607339e-11,4.4558550555356005e-11,4.455903561842517e-11,4.4559520585803675e-11,4.456000545677665e-11,4.4560490233580325e-11,4.456097491322823e-11,4.45614594974596e-11,4.456194398538746e-11,4.456242837748371e-11,4.456291267330466e-11,4.456339687296032e-11,4.456388097848957e-11,4.456436498745438e-11,4.4564848900059806e-11,4.456533271731112e-11,4.4565816439131494e-11,4.456630006488742e-11,4.4566783595467e-11,4.456726703028581e-11,4.456775036956309e-11,4.456823361322051e-11,4.4568716761309696e-11,4.456919981380292e-11,4.45696827703737e-11,4.457016563263833e-11,4.457064839844222e-11,4.4571131069873544e-11,4.457161364335223e-11,4.4572096123769984e-11,4.4572578509370515e-11,4.457306079806228e-11,4.457354299128574e-11,4.457402508918936e-11,4.457450709177676e-11,4.4574988999194015e-11,4.457547081121293e-11,4.4575952527886645e-11,4.4576434148999817e-11,4.457691567509572e-11,4.4577397105631145e-11,4.4577878441344276e-11,4.457835968187209e-11,4.4578840827213614e-11,4.457932187739393e-11,4.457980283247713e-11,4.458028369262443e-11,4.458076445876448e-11,4.4581245130061005e-11,4.458172570404028e-11,4.4582206184148147e-11,4.458268656913406e-11,4.458316685923323e-11,4.4583647053875826e-11,4.458412715325823e-11,4.4584607157706565e-11,4.458508706724405e-11,4.458556688227057e-11,4.458604660256679e-11,4.458652622754571e-11,4.458700575789473e-11,4.458748519306251e-11,4.458796453168362e-11,4.458844377770611e-11,4.4588922928837894e-11,4.458940198531065e-11,4.4589880946662735e-11,4.4590359813283175e-11,4.4590838585198046e-11,4.4591317262428784e-11,4.4591795844995104e-11,4.4592274333193125e-11,4.459275272619549e-11,4.459323102607983e-11,4.4593709230535864e-11,4.4594187340504025e-11,4.459466535532492e-11,4.459514327599558e-11,4.459562110264565e-11,4.45960988347825e-11,4.459657647207186e-11,4.459705401411416e-11,4.459753146247835e-11,4.4598008818244425e-11,4.459848607782444e-11,4.459896324251644e-11,4.459944031348653e-11,4.459991728966536e-11,4.460039417185283e-11,4.460087095986833e-11,4.460134765356635e-11,4.460182425304293e-11,4.4602300758269517e-11,4.4602777169271107e-11,4.460325348635828e-11,4.4603729708999135e-11,4.460420583745266e-11,4.4604681871780395e-11,4.4605157811992915e-11,4.4605633658256264e-11,4.4606109410240513e-11,4.460658506823989e-11,4.460706063211859e-11,4.460753610189506e-11,4.46080114777737e-11,4.4608486759660935e-11,4.46089619476112e-11,4.460943704164359e-11,4.4609912041681834e-11,4.4610386947833524e-11,4.461086175991193e-11,4.461133647826125e-11,4.461181110297398e-11,4.461228563376546e-11,4.4612760071462465e-11,4.4613234416516226e-11,4.4613708665752144e-11,4.461418282122489e-11,4.461465688294862e-11,4.4615130850946206e-11,4.461560472524805e-11,4.461607850582338e-11,4.46165521927815e-11,4.4617025786232295e-11,4.461749928573627e-11,4.461797269173698e-11,4.461844600405604e-11,4.4618919222939663e-11,4.461939234826841e-11,4.461986538005935e-11,4.462033831833483e-11,4.462081116309614e-11,4.462128391438476e-11,4.462175657224134e-11,4.462222913662612e-11,4.46227016073488e-11,4.462317398420481e-11,4.4623646268602885e-11,4.462411845939671e-11,4.46245905566907e-11,4.462506256136338e-11,4.46255344721947e-11,4.462600628973458e-11,4.462647801400271e-11,4.462694964501691e-11,4.462742118282391e-11,4.462789262743241e-11,4.462836397879936e-11,4.4628835236988943e-11,4.462930640179405e-11,4.462977747288535e-11,4.463024845157029e-11,4.463071933754193e-11,4.463119012772792e-11,4.463166082724388e-11,4.4632131433713595e-11,4.4632601947155684e-11,4.4633072367593954e-11,4.4633542696580085e-11,4.4634012931050866e-11,4.463448307256906e-11,4.4634953121286684e-11,4.4635423076881134e-11,4.463589293965387e-11,4.463636270951721e-11,4.463683238654038e-11,4.4637301970800945e-11,4.4637771461304455e-11,4.4638240858883427e-11,4.46387101642308e-11,4.463917937725586e-11,4.463964849776832e-11,4.464011752550641e-11,4.464058645876482e-11,4.464105530081008e-11,4.464152405000553e-11,4.464199270683099e-11,4.4642461270981395e-11,4.464292974279195e-11,4.4643398122376044e-11,4.4643866408863385e-11,4.464433460250586e-11,4.464480270377185e-11,4.4645270712815395e-11,4.4645738629217646e-11,4.464620645300609e-11,4.464667418372405e-11,4.464714182245518e-11,4.464760936864621e-11,4.46480768222621e-11,4.4648544184016714e-11,4.464901145353065e-11,4.464947863056972e-11,4.4649945715498915e-11,4.4650412708012554e-11,4.4650879608116864e-11,4.46513464158029e-11,4.4651813131048094e-11,4.465227975408808e-11,4.465274628543544e-11,4.4653212723363916e-11,4.465367906835884e-11,4.4654145322904587e-11,4.465461148506981e-11,4.465507755498027e-11,4.465554353321107e-11,4.4656009419020696e-11,4.465647521667228e-11,4.465694091890851e-11,4.465740652788717e-11,4.4657872045608345e-11,4.465833747123151e-11,4.465880280502635e-11,4.46592680468e-11,4.465973319706823e-11,4.466019825497004e-11,4.4660663220845396e-11,4.466112809296136e-11,4.4661592875420033e-11,4.46620575646969e-11,4.466252216329129e-11,4.466298667019504e-11,4.4663451085774267e-11,4.4663915409027955e-11,4.4664379641354726e-11,4.466484378098235e-11,4.466530782893871e-11,4.4665771785008703e-11,4.4666235649547754e-11,4.4666699420125505e-11,4.4667163101363646e-11,4.4667626689925686e-11,4.4668090187921213e-11,4.466855359436009e-11,4.4669016909019394e-11,4.4669480131856644e-11,4.466994326355897e-11,4.467040630417005e-11,4.467086925230554e-11,4.467133210983457e-11,4.4671794876693344e-11,4.467225755099652e-11,4.4672720133771034e-11,4.467318262523383e-11,4.4673645025268025e-11,4.467410733482807e-11,4.4674569552191255e-11,4.467503167849435e-11,4.4675493712787955e-11,4.4675955656629275e-11,4.467641750884055e-11,4.467687926929522e-11,4.4677340938202064e-11,4.467780251659066e-11,4.4678264002991635e-11,4.46787253989146e-11,4.4679186703499284e-11,4.4679647917328414e-11,4.468010903976064e-11,4.4680570071153476e-11,4.4681031011481437e-11,4.468149186073348e-11,4.4681952618925825e-11,4.46824132867285e-11,4.4682873863456914e-11,4.468333434838646e-11,4.468379474225788e-11,4.468425504507622e-11,4.468471525776019e-11,4.4685175378858966e-11,4.468563540921063e-11,4.4686095348619564e-11,4.468655519794937e-11,4.468701495542033e-11,4.468747462211471e-11,4.468793419801923e-11,4.468839368384415e-11,4.468885307831988e-11,4.4689312382035266e-11,4.4689771595481035e-11,4.469023071779652e-11,4.4690689749427354e-11,4.4691148690062424e-11,4.4691607540657914e-11,4.46920663001676e-11,4.4692524969034616e-11,4.469298354727883e-11,4.469344203477417e-11,4.4693900431690115e-11,4.4694358738214906e-11,4.469481695413964e-11,4.469527507957487e-11,4.469573311450153e-11,4.4696191059128734e-11,4.4696648913527175e-11,4.469710667714707e-11,4.469756434872599e-11,4.469802193133239e-11,4.469847942359235e-11,4.469893682540495e-11,4.469939413691678e-11,4.469985135807007e-11,4.4700308488845804e-11,4.4700765529359054e-11,4.470122248252572e-11,4.470167934237642e-11,4.470213611267091e-11,4.470259279213272e-11,4.470304938130676e-11,4.470350588035276e-11,4.4703962289203523e-11,4.470441860789147e-11,4.470487483646802e-11,4.4705330974806825e-11,4.470578702520089e-11,4.470624298317987e-11,4.4706698851945534e-11,4.4707154630057144e-11,4.4707610318433216e-11,4.4708065916677924e-11,4.470852142445207e-11,4.4708976842310376e-11,4.4709432170303093e-11,4.470988740865354e-11,4.4710342557386754e-11,4.4710797615977234e-11,4.471125258530351e-11,4.471170746396559e-11,4.471216225263343e-11,4.471261695158499e-11,4.471307156074767e-11,4.471352608003467e-11,4.4713980509523925e-11,4.471443484931679e-11,4.471488909937693e-11,4.471534326053351e-11,4.47157973319564e-11,4.471625131367102e-11,4.4716705205709795e-11,4.47171590081073e-11,4.4717612720896285e-11,4.471806634411328e-11,4.4718519877782036e-11,4.471897332078198e-11,4.471942667426619e-11,4.471987993827764e-11,4.472033311277939e-11,4.4720786197959025e-11,4.47212391933831e-11,4.472169209908826e-11,4.472214491560503e-11,4.4722597642617665e-11,4.472305028039228e-11,4.47235028287298e-11,4.472395528780061e-11,4.4724407657230054e-11,4.4724859937319674e-11,4.4725312128052533e-11,4.472576423028069e-11,4.472621624246042e-11,4.472666816530188e-11,4.4727119998888536e-11,4.4727571743278426e-11,4.4728023398428286e-11,4.4728474964341454e-11,4.472892644106465e-11,4.4729377828628785e-11,4.4729829127008984e-11,4.473028033604245e-11,4.4730731456496215e-11,4.473118248774153e-11,4.473163342976073e-11,4.473208428264798e-11,4.4732535047530295e-11,4.473298572320526e-11,4.473343630902694e-11,4.473388680585512e-11,4.473433721370857e-11,4.4734787532606094e-11,4.473523776256478e-11,4.4735687903603975e-11,4.473613795574232e-11,4.473658791899572e-11,4.473703779338496e-11,4.473748757892488e-11,4.4737937275636475e-11,4.473838688353628e-11,4.4738836402643035e-11,4.4739285832974476e-11,4.473973517454881e-11,4.47401844273849e-11,4.474063359150219e-11,4.474108266707488e-11,4.474153165415162e-11,4.474198055235837e-11,4.474242936185084e-11,4.47428780826921e-11,4.474332671490411e-11,4.474377525737517e-11,4.474422371239384e-11,4.4744672078886665e-11,4.474512035677031e-11,4.4745568546125334e-11,4.474601664696949e-11,4.474646465782132e-11,4.4746912580584425e-11,4.474736041383192e-11,4.474780815821383e-11,4.47482558162508e-11,4.4748703386281845e-11,4.474915086800267e-11,4.4749598261716625e-11,4.475004556706445e-11,4.4750492783794e-11,4.475093991221132e-11,4.475138695369416e-11,4.4751833903760514e-11,4.4752280767983495e-11,4.475272754193203e-11,4.475317422882813e-11,4.4753620827469256e-11,4.475406733930701e-11,4.475451376110269e-11,4.475496009463023e-11,4.475540634099519e-11,4.4755852499160724e-11,4.4756298569052373e-11,4.4756744554965034e-11,4.475719044883474e-11,4.4757636258399625e-11,4.47580819777891e-11,4.475852760784448e-11,4.47589731495374e-11,4.475941860314746e-11,4.4759863969006035e-11,4.4760309246845674e-11,4.4760754436866954e-11,4.4761199538911507e-11,4.476164455320964e-11,4.476208947963382e-11,4.476253431988069e-11,4.4762979070274605e-11,4.476342373244837e-11,4.4763868308576845e-11,4.4764312796082994e-11,4.4764757195800096e-11,4.4765201507736216e-11,4.4765645731712736e-11,4.4766089867884415e-11,4.476653391643664e-11,4.476697787530013e-11,4.476742174869805e-11,4.476786553440251e-11,4.476830923092509e-11,4.476875284127416e-11,4.47691963640253e-11,4.47696397991983e-11,4.4770083146932383e-11,4.4770526407073865e-11,4.477096957968397e-11,4.477141266478007e-11,4.4771855662304765e-11,4.47722985712743e-11,4.4772741392803196e-11,4.477318412690847e-11,4.477362677360724e-11,4.477406933291875e-11,4.477451180485975e-11,4.477495418944779e-11,4.477539648670102e-11,4.477583869663827e-11,4.4776280819275154e-11,4.477672285462957e-11,4.47771648027204e-11,4.4777606663564236e-11,4.477804843717914e-11,4.4778490123582994e-11,4.477893172279474e-11,4.477937323482818e-11,4.4779814659704755e-11,4.4780255997439765e-11,4.478069724805271e-11,4.478113841155917e-11,4.4781579487979247e-11,4.478202047732614e-11,4.4782461379622876e-11,4.4782902194884154e-11,4.478334292312614e-11,4.4783783564368664e-11,4.478422411862855e-11,4.478466458668186e-11,4.478510496777907e-11,4.4785545261939266e-11,4.4785985469178954e-11,4.4786425589516254e-11,4.478686562296818e-11,4.478730556955183e-11,4.478774542928604e-11,4.4788185202186614e-11,4.4788624888271974e-11,4.478906448755858e-11,4.478950400006489e-11,4.478994342580735e-11,4.479038276480455e-11,4.479082201707307e-11,4.479126118263054e-11,4.479170026149425e-11,4.47921392536811e-11,4.479257815920994e-11,4.4793016978096637e-11,4.47934557103598e-11,4.4793894356015615e-11,4.4794332915333335e-11,4.4794771388077726e-11,4.479520977434951e-11,4.479564807463095e-11,4.479608628786512e-11,4.479652441435461e-11,4.47969624543581e-11,4.479740040789338e-11,4.4797838274977475e-11,4.479827605562733e-11,4.479871374985929e-11,4.4799151357692165e-11,4.479958887914215e-11,4.4800026314226617e-11,4.4800463662961394e-11,4.4800900925364824e-11,4.480133810071608e-11,4.4801775189662485e-11,4.4802212192175434e-11,4.480264910818739e-11,4.480308593751894e-11,4.480352267941045e-11,4.480395933641023e-11,4.480439590670202e-11,4.4804832391514866e-11,4.4805268790497466e-11,4.4805705104355355e-11,4.480614133253354e-11,4.480657747451187e-11,4.480701352983238e-11,4.4807449499158127e-11,4.480788538249824e-11,4.480832117917736e-11,4.480875688991343e-11,4.480919251539922e-11,4.480962805545263e-11,4.481006350898994e-11,4.4810498875870804e-11,4.481093415675766e-11,4.48113693516864e-11,4.4811804461341445e-11,4.48122394850705e-11,4.481267442289071e-11,4.4813109275093126e-11,4.48135440401522e-11,4.481397871773807e-11,4.4814413310212536e-11,4.481484781808757e-11,4.481528224058937e-11,4.4815716578201835e-11,4.4816150830103895e-11,4.4816584996313566e-11,4.4817019076845174e-11,4.4817453071717196e-11,4.4817886980944914e-11,4.4818320804672304e-11,4.4818754542790856e-11,4.48191881953351e-11,4.481962176192132e-11,4.482005524171178e-11,4.482048863736531e-11,4.4820921947727836e-11,4.48213551725721e-11,4.4821788311637005e-11,4.482222136522699e-11,4.482265433335844e-11,4.482308721604852e-11,4.482352001331605e-11,4.482395272517537e-11,4.4824385351645605e-11,4.482481789274263e-11,4.482525034848413e-11,4.482568271888755e-11,4.482611500396886e-11,4.4826547203746584e-11,4.48269793182368e-11,4.482741134745659e-11,4.482784329142349e-11,4.482827515015462e-11,4.4828706923666796e-11,4.482913861133352e-11,4.482957021381195e-11,4.4830001731120415e-11,4.483043316327465e-11,4.483086451029433e-11,4.4831295773158196e-11,4.4831726950922195e-11,4.483215804360303e-11,4.4832589051218355e-11,4.483301997378526e-11,4.483345081132167e-11,4.483388156384417e-11,4.4834312231370595e-11,4.4834742813917217e-11,4.483517331150313e-11,4.4835603724143756e-11,4.4836034051851386e-11,4.4836464294600606e-11,4.483689445242305e-11,4.483732452545513e-11,4.483775451343026e-11,4.4838184416716567e-11,4.483861423518132e-11,4.4839043968808397e-11,4.483947361760131e-11,4.483990318161902e-11,4.484033266088066e-11,4.484076205540953e-11,4.484119136553684e-11,4.484162058951129e-11,4.484204972863348e-11,4.484247878276096e-11,4.4842907751103857e-11,4.4843336636062507e-11,4.484376543615358e-11,4.484419415156497e-11,4.484462278279508e-11,4.4845051329640126e-11,4.4845479792039195e-11,4.484590817134106e-11,4.484633646598031e-11,4.4846764677169074e-11,4.484719280366126e-11,4.4847620843092487e-11,4.4848048798075813e-11,4.484847666863385e-11,4.4848904454772456e-11,4.484933215651539e-11,4.484975977452456e-11,4.4850187308158554e-11,4.485061475540144e-11,4.485104211762578e-11,4.485146939895231e-11,4.4851896596320786e-11,4.485232370935021e-11,4.48527507372789e-11,4.4853177681557014e-11,4.485360454298747e-11,4.485403132056299e-11,4.48544580098147e-11,4.4854884617353436e-11,4.485531114084944e-11,4.485573757910713e-11,4.485616393323303e-11,4.4856590204338604e-11,4.485701639117933e-11,4.485744249395043e-11,4.485786851265697e-11,4.4858294447314813e-11,4.48587202979515e-11,4.4859146064440005e-11,4.485957174767366e-11,4.485999734766741e-11,4.486042286336187e-11,4.4860848294617745e-11,4.48612736413233e-11,4.486169890445904e-11,4.486212408367446e-11,4.486254917870416e-11,4.486297418978353e-11,4.486339911710098e-11,4.4863823960578476e-11,4.486424872022676e-11,4.4864673396048756e-11,4.4865097988015197e-11,4.4865522495830544e-11,4.4865946920454825e-11,4.486637126132028e-11,4.4866795518106154e-11,4.4867219691577954e-11,4.486764378066796e-11,4.486806778667059e-11,4.4868491709112197e-11,4.486891554796064e-11,4.4869339303413224e-11,4.486976297568401e-11,4.487018656368738e-11,4.487061006810952e-11,4.487103348930421e-11,4.487145682687676e-11,4.487188008097545e-11,4.487230325164127e-11,4.487272633877517e-11,4.487314934250434e-11,4.4873572262684525e-11,4.487399509952455e-11,4.4874417853034737e-11,4.4874840523360086e-11,4.487526310998958e-11,4.487568561317015e-11,4.4876108033775297e-11,4.4876530370273085e-11,4.487695262345751e-11,4.4877374793365386e-11,4.4877796879996255e-11,4.4878218883370975e-11,4.4878640803498995e-11,4.487906264111595e-11,4.487948439487519e-11,4.4879906066902e-11,4.488032765486809e-11,4.488074915991017e-11,4.488117058109096e-11,4.488159191902004e-11,4.488201317382806e-11,4.4882434345788205e-11,4.4882855434605765e-11,4.488327644020325e-11,4.488369736275351e-11,4.4884118202419474e-11,4.4884538959192784e-11,4.488495963302271e-11,4.488538022396929e-11,4.488580073154629e-11,4.4886221156180116e-11,4.48866414980632e-11,4.4887061757050756e-11,4.48874819331598e-11,4.488790202640897e-11,4.488832203681898e-11,4.488874196440958e-11,4.488916180920225e-11,4.4889581570739724e-11,4.4890001249456334e-11,4.4890420845356714e-11,4.489084035843837e-11,4.4891259788679584e-11,4.489167913658673e-11,4.4892098402090275e-11,4.4892517584773206e-11,4.489293668456311e-11,4.4893355701588214e-11,4.4893774636072494e-11,4.489419348792215e-11,4.489461225714671e-11,4.489503094374737e-11,4.4895449547674886e-11,4.4895868069496284e-11,4.4896286508549816e-11,4.489670486507272e-11,4.489712313909982e-11,4.489754133052521e-11,4.489795943957917e-11,4.489837746617777e-11,4.48987954103082e-11,4.4899213272699915e-11,4.489963105198781e-11,4.4900048748769574e-11,4.490046636330901e-11,4.490088389422809e-11,4.4901301344393904e-11,4.49017187124286e-11,4.490213599796623e-11,4.4902553200861006e-11,4.4902970321482475e-11,4.49033873598422e-11,4.490380431595785e-11,4.4904221189843923e-11,4.4904637981602867e-11,4.490505469104347e-11,4.4905471318422194e-11,4.490588786352265e-11,4.4906304326323503e-11,4.490672070857786e-11,4.490713700927325e-11,4.4907553227098766e-11,4.490796936186288e-11,4.490838541448329e-11,4.490880138501961e-11,4.490921727346854e-11,4.490963307988784e-11,4.491004880526324e-11,4.491046444766512e-11,4.491088000807103e-11,4.491129548658354e-11,4.491171088475082e-11,4.491212620177488e-11,4.491254143496031e-11,4.4912956585842956e-11,4.4913371652797095e-11,4.4913786639965624e-11,4.491420154533026e-11,4.491461636551995e-11,4.491503110736507e-11,4.4915445767641605e-11,4.491586034599498e-11,4.4916274842155444e-11,4.4916689256978424e-11,4.491710359170325e-11,4.491751784309645e-11,4.4917932012377886e-11,4.491834610041079e-11,4.4918760106814556e-11,4.491917403120405e-11,4.4919587874314694e-11,4.492000163640745e-11,4.49204153169389e-11,4.4920828915273375e-11,4.492124243201643e-11,4.492165586726975e-11,4.4922069221002294e-11,4.4922482493234955e-11,4.492289568383144e-11,4.492330879309663e-11,4.492372182055007e-11,4.4924134766898675e-11,4.4924547631928454e-11,4.4924960416107054e-11,4.492537311873088e-11,4.4925785741260054e-11,4.492619828092281e-11,4.4926610738139074e-11,4.492702311410301e-11,4.49274354093082e-11,4.4927847623360716e-11,4.492825975526829e-11,4.492867180630936e-11,4.4929083776690245e-11,4.492949566573926e-11,4.4929907475479396e-11,4.493031920301453e-11,4.493073084825795e-11,4.4931142412354706e-11,4.4931553895361044e-11,4.4931965297347316e-11,4.4932376618364665e-11,4.493278785832686e-11,4.4933199017905234e-11,4.493361009452207e-11,4.4934021090876125e-11,4.493443200601374e-11,4.493484284042547e-11,4.493525359396059e-11,4.493566426662723e-11,4.493607485834458e-11,4.493648536906936e-11,4.4936895798950935e-11,4.493730614783408e-11,4.493771641680187e-11,4.493812660404493e-11,4.493853671016175e-11,4.493894673525625e-11,4.493935667979389e-11,4.493976654249474e-11,4.4940176327509814e-11,4.49405860291152e-11,4.494099565023297e-11,4.4941405190215525e-11,4.494181465007542e-11,4.4942224029265126e-11,4.494263332730583e-11,4.494304254501935e-11,4.4943451682077976e-11,4.494386073852156e-11,4.494426971432477e-11,4.494467860944142e-11,4.494508742395617e-11,4.494549615802394e-11,4.494590481173146e-11,4.4946313384155286e-11,4.494672187663642e-11,4.494713028836372e-11,4.4947538619622105e-11,4.494794687062362e-11,4.4948355040902754e-11,4.4948763130735586e-11,4.494917114005622e-11,4.494957906894541e-11,4.4949986917249093e-11,4.4950394685322173e-11,4.4950802373012504e-11,4.4951209980332053e-11,4.495161750730114e-11,4.4952024953935155e-11,4.495243232025065e-11,4.495283960626331e-11,4.495324681193753e-11,4.495365393738117e-11,4.49540609832908e-11,4.49544679481472e-11,4.4954874832678345e-11,4.495528163720253e-11,4.4955688360907966e-11,4.495609500513511e-11,4.495650156918644e-11,4.495690805309182e-11,4.4957314456865856e-11,4.495772078052195e-11,4.495812702406354e-11,4.49585331845416e-11,4.495893926795058e-11,4.495934527043483e-11,4.495975119294334e-11,4.496015703616166e-11,4.49605627995007e-11,4.496096848235022e-11,4.496137408544234e-11,4.496177960884807e-11,4.4962185052272794e-11,4.4962590415854366e-11,4.496299569951021e-11,4.49634009032856e-11,4.496380602725023e-11,4.496421107125977e-11,4.496461603542702e-11,4.496502091963219e-11,4.496542572409792e-11,4.496583045006504e-11,4.4966235095345476e-11,4.4966639660905405e-11,4.4967044145203667e-11,4.496744855100447e-11,4.4967852877196465e-11,4.496825712361002e-11,4.4968661290354926e-11,4.496906537768693e-11,4.4969469385085454e-11,4.4969873312870144e-11,4.4970277161032e-11,4.497068092969213e-11,4.4971084617822834e-11,4.49714882275639e-11,4.497189175758485e-11,4.4972295207217423e-11,4.4972698577110654e-11,4.497310186877241e-11,4.4973505080877974e-11,4.4973908213044685e-11,4.497431126573862e-11,4.4974714239319664e-11,4.4975117134429614e-11,4.4975519949149875e-11,4.497592268447895e-11,4.4976325340796455e-11,4.4976727916914555e-11,4.497713041430631e-11,4.497753283191299e-11,4.49779351714662e-11,4.4978337430531714e-11,4.497873961023791e-11,4.4979141710909945e-11,4.497954373257097e-11,4.497994567493238e-11,4.4980347538049164e-11,4.4980749320727465e-11,4.4981151024414754e-11,4.498155264929711e-11,4.498195419560814e-11,4.4982355662463825e-11,4.4982757050356776e-11,4.4983158361467947e-11,4.498355959298529e-11,4.498396074404746e-11,4.498436181600212e-11,4.498476280881401e-11,4.4985163722561003e-11,4.4985564557204244e-11,4.498596531279854e-11,4.498636598922775e-11,4.498676658666248e-11,4.4987167105185525e-11,4.498756754500296e-11,4.498796790560005e-11,4.498836818766794e-11,4.498876839055903e-11,4.498916851253669e-11,4.498956855709735e-11,4.4989968522883515e-11,4.4990368410616266e-11,4.49907682197123e-11,4.499116794995669e-11,4.499156760221627e-11,4.499196717445941e-11,4.499236666792817e-11,4.4992766083222633e-11,4.499316541975895e-11,4.499356467757212e-11,4.4993963856734216e-11,4.499436295722683e-11,4.499476197874168e-11,4.4995160923229146e-11,4.499555978815396e-11,4.4995958573726165e-11,4.499635728090944e-11,4.49967559099842e-11,4.4997154460324665e-11,4.499755293192603e-11,4.49979513256566e-11,4.499834964002242e-11,4.499874787630751e-11,4.499914603402701e-11,4.499954411335466e-11,4.499994211457944e-11,4.500034003705764e-11,4.5000737881119185e-11,4.5001135647150545e-11,4.5001533334465737e-11,4.500193094373824e-11,4.500232847583311e-11,4.500272592810744e-11,4.500312330214754e-11,4.500352059754468e-11,4.5003917814357865e-11,4.500431495344524e-11,4.500471201433499e-11,4.5005108997436466e-11,4.500550590371785e-11,4.5005902729864844e-11,4.500629947795623e-11,4.5006696147996765e-11,4.500709273940294e-11,4.500748925230146e-11,4.5007885687582836e-11,4.500828204487896e-11,4.500867832355702e-11,4.500907452405662e-11,4.500947064791318e-11,4.50098666932374e-11,4.501026266023013e-11,4.5010658549676555e-11,4.5011054360637825e-11,4.501145009359624e-11,4.5011845747962967e-11,4.5012241325101e-11,4.501263682421847e-11,4.501303224681908e-11,4.5013427590239426e-11,4.501382285497684e-11,4.5014218043101803e-11,4.5014613152328336e-11,4.501500818414978e-11,4.501540313809682e-11,4.5015798014297294e-11,4.501619281263055e-11,4.501658753317353e-11,4.501698217596068e-11,4.501737673892339e-11,4.501777122571979e-11,4.501816563529593e-11,4.501855996805705e-11,4.501895422224136e-11,4.50193483984472e-11,4.501974249882345e-11,4.50201365201086e-11,4.50205304636767e-11,4.502092432923594e-11,4.502131811768095e-11,4.5021711826165186e-11,4.5022105459170676e-11,4.5022499014917903e-11,4.5022892492737066e-11,4.502328589339973e-11,4.502367921646601e-11,4.5024072462078175e-11,4.502446563024104e-11,4.5024858721036463e-11,4.5025251735782664e-11,4.502564467148659e-11,4.5026037529536864e-11,4.502643031056779e-11,4.502682301424629e-11,4.502721564053095e-11,4.502760818952729e-11,4.5028000661554886e-11,4.5028393056083564e-11,4.5028785373074155e-11,4.502917761279672e-11,4.502956977534737e-11,4.502996186070548e-11,4.5030353868638803e-11,4.503074579936349e-11,4.503113765257406e-11,4.503152942886128e-11,4.5031921127665624e-11,4.503231274965165e-11,4.503270429448778e-11,4.50330957620124e-11,4.503348715238387e-11,4.5033878464968596e-11,4.5034269701366145e-11,4.503466086050873e-11,4.503505194117928e-11,4.5035442946450867e-11,4.5035833876139926e-11,4.5036224727044614e-11,4.503661550126851e-11,4.503700619867644e-11,4.503739681885718e-11,4.5037787361936666e-11,4.503817782726752e-11,4.5038568216712255e-11,4.50389585292709e-11,4.503934876489671e-11,4.5039738923237075e-11,4.504012900354776e-11,4.504051900858899e-11,4.504090893691497e-11,4.504129878839491e-11,4.504168856334491e-11,4.504207826129905e-11,4.504246788344522e-11,4.504285742777488e-11,4.50432468954892e-11,4.504363628648831e-11,4.5044025600727574e-11,4.50444148378134e-11,4.504480399866223e-11,4.504519308290675e-11,4.5045582089527126e-11,4.5045971020502934e-11,4.5046359874927145e-11,4.504674865275987e-11,4.5047137351288217e-11,4.504752597601348e-11,4.504791452398261e-11,4.5048302995580514e-11,4.5048691390632997e-11,4.5049079708949097e-11,4.5049467951055715e-11,4.5049856116663844e-11,4.505024420592016e-11,4.5050632218773477e-11,4.5051020155289534e-11,4.50514080152935e-11,4.5051795799797947e-11,4.505218350699593e-11,4.505257113777127e-11,4.5052958691102536e-11,4.505334616843611e-11,4.505373357030285e-11,4.505412089587394e-11,4.5054508145179226e-11,4.5054895318246494e-11,4.505528241578417e-11,4.505566943611829e-11,4.5056056380184335e-11,4.505644324907348e-11,4.505683004069403e-11,4.505721675635818e-11,4.505760339583327e-11,4.505798995930761e-11,4.5058376446311895e-11,4.505876285742654e-11,4.505914919268545e-11,4.5059535451561884e-11,4.505992163240474e-11,4.506030773874409e-11,4.50606937694917e-11,4.506107972509516e-11,4.506146560396319e-11,4.506185140568197e-11,4.506223713247078e-11,4.506262278333284e-11,4.506300835810097e-11,4.506339385681101e-11,4.506377927975498e-11,4.5064164626743664e-11,4.506454989792224e-11,4.506493509321301e-11,4.5065320209777765e-11,4.5065705253376163e-11,4.506609022123653e-11,4.506647511427513e-11,4.506685993039747e-11,4.506724467072119e-11,4.5067629335263e-11,4.5068013924021764e-11,4.5068398437089194e-11,4.506878287443337e-11,4.506916723606988e-11
17,0.0,0.0,0.0,0.0,0.0,0.0,0.0,0.0,0.0,0.0,0.0,0.0,0.0,0.0,0.0,0.0,0.0,0.0,0.0,0.0,0.0,0.0,0.0,0.0,0.0,0.0,0.0,0.0,0.0,0.0,0.0,0.0,0.0,0.0,0.0,0.0,0.0,0.0,0.0,0.0,0.0,0.0,0.0,0.0,0.0,0.0,0.0,0.0,0.0,0.0,0.0,0.0,0.0,0.0,0.0,0.0,0.0,0.0,0.0,0.0,0.0,0.0,0.0,0.0,0.0,0.0,0.0,0.0,0.0,0.0,0.0,0.0,0.0,0.0,0.0,0.0,0.0,0.0,0.0,0.0,0.0,0.0,0.0,0.0,0.0,0.0,0.0,0.0,0.0,0.0,0.0,0.0,0.0,0.0,0.0,0.0,0.0,0.0,0.0,0.0,0.0,0.0,0.0,0.0,0.0,0.0,0.0,0.0,0.0,0.0,0.0,0.0,0.0,0.0,0.0,0.0,0.0,0.0,0.0,0.0,0.0,0.0,0.0,0.0,0.0,0.0,0.0,0.0,0.0,0.0,0.0,0.0,0.0,0.0,0.0,0.0,0.0,0.0,0.0,0.0,0.0,0.0,0.0,0.0,0.0,0.0,0.0,0.0,0.0,0.0,0.0,0.0,0.0,0.0,0.0,0.0,0.0,0.0,0.0,0.0,0.0,0.0,0.0,0.0,0.0,0.0,0.0,0.0,0.0,0.0,0.0,0.0,0.0,0.0,0.0,0.0,0.0,0.0,0.0,0.0,0.0,0.0,0.0,0.0,0.0,0.0,0.0,0.0,0.0,0.0,0.0,0.0,0.0,0.0,0.0,0.0,0.0,0.0,0.0,0.0,0.0,0.0,0.0,0.0,0.0,0.0,0.0,0.0,0.0,0.0,0.0,0.0,0.0,0.0,0.0,0.0,0.0,0.0,0.0,0.0,0.0,0.0,0.0,0.0,0.0,0.0,0.0,0.0,0.0,0.0,0.0,0.0,0.0,0.0,0.0,0.0,0.0,0.0,0.0,0.0,0.0,0.0,0.0,0.0,0.0,0.0,0.0,0.0,0.0,0.0,0.0,0.0,0.0,0.0,0.0,0.0,0.0,0.0,0.0,0.0,0.0,0.0,0.0,0.0,0.0,0.0,0.0,0.0,0.0,0.0,0.0,0.0,0.0,0.0,0.0,0.0,0.0,0.0,0.0,0.0,0.0,0.0,0.0,0.0,0.0,0.0,0.0,0.0,0.0,0.0,0.0,0.0,0.0,0.0,0.0,0.0,0.0,0.0,0.0,0.0,0.0,0.0,0.0,0.0,0.0,0.0,0.0,0.0,0.0,0.0,0.0,0.0,0.0,0.0,0.0,0.0,0.0,0.0,0.0,0.0,0.0,0.0,0.0,0.0,0.0,0.0,0.0,0.0,0.0,0.0,0.0,0.0,0.0,0.0,0.0,0.0,0.0,0.0,0.0,0.0,0.0,0.0,0.0,0.0,0.0,0.0,0.0,0.0,0.0,0.0,0.0,0.0,0.0,0.0,0.0,0.0,0.0,0.0,0.0,0.0,0.0,0.0,0.0,0.0,0.0,0.0,0.0,0.0,0.0,0.0,0.0,0.0,0.0,0.0,0.0,0.0,0.0,0.0,0.0,0.0,0.0,0.0,0.0,0.0,0.0,0.0,0.0,0.0,0.0,0.0,0.0,0.0,0.0,0.0,0.0,0.0,0.0,0.0,0.0,0.0,0.0,0.0,0.0,0.0,0.0,0.0,0.0,0.0,0.0,0.0,0.0,0.0,0.0,0.0,0.0,0.0,0.0,0.0,0.0,0.0,0.0,0.0,0.0,0.0,0.0,0.0,0.0,0.0,0.0,0.0,0.0,0.0,0.0,0.0,0.0,0.0,0.0,0.0,0.0,0.0,0.0,0.0,0.0,0.0,0.0,0.0,0.0,0.0,0.0,0.0,0.0,0.0,0.0,0.0,0.0,0.0,0.0,0.0,0.0,0.0,0.0,0.0,0.0,0.0,0.0,0.0,0.0,0.0,0.0,0.0,0.0,0.0,0.0,0.0,0.0,0.0,0.0,0.0,0.0,0.0,0.0,0.0,0.0,0.0,0.0,0.0,0.0,0.0,0.0,0.0,0.0,0.0,0.0,0.0,0.0,0.0,0.0,0.0,0.0,0.0,0.0,0.0,0.0,0.0,0.0,0.0,0.0,0.0,0.0,0.0,0.0,0.0,0.0,0.0,0.0,0.0,0.0,0.0,0.0,0.0,0.0,0.0,0.0,0.0,0.0,0.0,0.0,0.0,0.0,0.0,0.0,0.0,0.0,0.0,0.0,0.0,0.0,0.0,0.0,0.0,0.0,0.0,0.0,0.0,0.0,0.0,0.0,0.0,0.0,0.0,0.0,0.0,0.0,0.0,0.0,0.0,0.0,0.0,0.0,0.0,0.0,0.0,0.0,0.0,0.0,0.0,0.0,0.0,0.0,0.0,0.0,0.0,0.0,0.0,0.0,0.0,0.0,0.0,0.0,0.0,0.0,0.0,0.0,0.0,0.0,0.0,0.0,0.0,0.0,0.0,0.0,0.0,0.0,0.0,0.0,0.0,0.0,0.0,0.0,0.0,0.0,0.0,0.0,0.0,0.0,0.0,0.0,0.0,0.0,0.0,0.0,0.0,0.0,0.0,0.0,0.0,0.0,0.0,0.0,0.0,0.0,0.0,0.0,0.0,0.0,0.0,0.0,0.0,0.0,0.0,0.0,0.0,0.0,0.0,0.0,0.0,0.0,0.0,0.0,0.0,0.0,0.0,0.0,0.0,0.0,0.0,0.0,0.0,0.0,0.0,0.0,0.0,0.0,0.0,0.0,0.0,0.0,0.0,0.0,0.0,0.0,0.0,0.0,0.0,0.0,0.0,0.0,0.0,0.0,0.0,0.0,0.0,0.0,0.0,0.0,0.0,0.0,0.0,0.0,0.0,0.0,0.0,0.0,0.0,0.0,0.0,0.0,0.0,0.0,0.0,0.0,0.0,0.0,0.0,0.0,0.0,0.0,0.0,0.0,0.0,0.0,0.0,0.0,0.0,0.0,0.0,0.0,0.0,0.0,0.0,0.0,0.0,0.0,0.0,0.0,0.0,0.0,0.0,0.0,0.0,0.0,0.0,0.0,0.0,0.0,0.0,0.0,0.0,0.0,0.0,0.0,0.0,0.0,0.0,0.0,0.0,0.0,0.0,0.0,0.0,0.0,0.0,0.0,0.0,0.0,0.0,0.0,0.0,0.0,0.0,0.0,0.0,0.0,0.0,0.0,0.0,0.0,0.0,0.0,0.0,0.0,0.0,0.0,0.0,0.0,0.0,0.0,0.0,0.0,0.0,0.0,0.0,0.0,0.0,0.0,0.0,0.0,0.0,0.0,0.0,0.0,0.0,0.0,0.0,0.0,0.0,0.0,0.0,0.0,0.0,0.0,0.0,0.0,0.0,0.0,0.0,0.0,0.0,0.0,0.0,0.0,0.0,0.0,0.0,0.0,0.0,0.0,0.0,0.0,0.0,0.0,0.0,0.0,0.0,0.0,0.0,0.0,0.0,0.0,0.0,0.0,0.0,0.0,0.0,0.0,0.0,0.0,0.0,0.0,0.0,0.0,0.0,0.0,0.0,0.0,0.0,0.0,0.0,0.0,0.0,0.0,0.0,0.0,0.0,0.0,0.0,0.0,0.0,0.0,0.0,0.0,0.0,0.0,0.0,0.0,0.0,0.0,0.0,0.0,0.0,0.0,0.0,0.0,0.0,0.0,0.0,0.0,0.0,0.0,0.0,0.0,0.0,0.0,0.0,0.0,0.0,0.0,0.0,0.0,0.0,0.0,0.0,0.0,0.0,0.0,0.0,0.0,0.0,0.0,0.0,0.0,0.0,0.0,0.0,0.0,0.0,0.0,0.0,0.0,0.0,0.0,0.0,0.0,0.0,0.0,0.0,0.0,0.0,0.0,0.0,0.0,0.0,0.0,0.0,0.0,0.0,0.0,0.0,0.0,0.0,0.0,0.0,0.0,0.0,0.0,0.0,0.0,0.0,0.0,0.0,0.0,0.0,0.0,0.0,0.0,0.0,0.0,0.0,0.0,0.0,0.0,0.0,0.0,0.0,0.0,0.0,0.0,0.0,0.0,0.0,0.0,0.0,0.0,0.0,0.0,0.0,0.0,0.0,0.0,0.0,0.0,0.0,0.0,0.0,0.0,0.0,0.0,0.0,0.0,0.0,0.0,0.0,0.0,0.0,0.0,0.0,0.0,0.0,0.0,0.0,0.0,0.0,0.0,0.0,0.0,0.0,0.0,0.0,0.0,0.0,0.0,0.0,0.0,0.0,0.0,0.0,0.0,0.0,0.0,0.0,2.4989246213397695e-26,5.094203098141963e-26,7.785056216926571e-26,1.0571839787768358e-25,1.3455816937464844e-25,1.643898544176635e-25,1.952394862401738e-25,2.271382029933145e-25,2.6012156143022135e-25,2.942290547162758e-25,3.295037878541385e-25,3.659922750223611e-25,4.037443318840517e-25,4.4281304236284545e-25,4.832547847940259e-25,5.251293062721217e-25,5.68499837001461e-25,6.134332390180553e-25,6.6000018504099e-25,7.082753652424539e-25,7.583377201615462e-25,8.10270699315862e-25,8.641625454937315e-25,9.201066054025905e-25,9.782016678131582e-25,1.0385523307554441e-24,1.1012693996819968e-24,1.1664703189624001e-24,1.2342796393716207e-24,1.3048295246608795e-24,1.378260300630856e-24,1.454721050596876e-24,1.5343702615898008e-24,1.6173765260686244e-24,1.703919304525391e-24,1.794189755086702e-24,1.8883916363254583e-24,1.9867422913199295e-24,2.0894737207165807e-24,2.1968337540261153e-24,2.3090873298725977e-24,2.426517896084506e-24,2.549428942859148e-24,2.6781456833966056e-24,2.813016898016204e-24,2.95441696002006e-24,3.1027480638075236e-24,3.258442678257388e-24,3.421966251186275e-24,3.593820194923843e-24,3.77454518514086e-24,3.9647248120307274e-24,4.164989625473849e-24,4.376021623846125e-24,4.5985592413712526e-24,4.83340289794387e-24,5.081421183122231e-24,5.3435577583199716e-24,5.620839071740648e-24,5.914382995970931e-24,6.225408514475597e-24,6.5552466028138614e-24,6.905352473368785e-24,7.277319379116071e-24,7.672894204651948e-24,8.093995107306494e-24,8.542731521613452e-24,9.021426885143327e-24,9.532644513962795e-24,1.0079217126677192e-23,1.0664280607812396e-23,1.1291312709027123e-23,1.1964177518251656e-23,1.2687176680236563e-23,1.346510855211062e-23,1.4303336700341325e-23,1.5207869438546416e-23,1.618545245061446e-23,1.724367697577584e-23,1.8391106564210737e-23,1.9637426072135052e-23,2.099361738965711e-23,2.2472167426805183e-23,2.4087315182084828e-23,2.585534636181668e-23,2.779494610353315e-23,2.9927623034767517e-23,3.227822131729503e-23,3.4875541776154596e-23,3.775309896238399e-23,4.0950048574206015e-23,4.451232958804195e-23,4.849407867046459e-23,5.295939208804367e-23,5.798453412721809e-23,6.366072334324773e-23,7.009767224305777e-23,7.742811724745482e-23,8.58136612862301e-23,9.545237201023263e-23,1.0658875071035374e-22,1.195269352294288e-22,1.346483629382185e-22,1.5243565665116673e-22,1.735053025019952e-22,1.986529174518559e-22,2.289168079405548e-22,2.6566852345594143e-22,3.107439344794741e-22,3.666362841195189e-22,4.367859571852952e-22,5.2602459206621995e-22,6.4127163901048835e-22,7.92655307766858e-22,9.953692721424056e-22,1.2728503377549743e-21,1.6624252611079906e-21,2.2257968381408663e-21,3.0695720257694326e-21,4.3881693710834214e-21,6.5614184406043024e-21,1.0403324090405372e-20,1.790352994455606e-20,3.4952942352552586e-20,8.428363552563023e-20,2.857337865933168e-19,1.4832184396536418e-18,1.0932881964823038e-17,9.567558994718073e-17,8.354625049589557e-16,6.398425049087978e-15,3.9876247215933245e-14,1.9671585851190665e-13,7.693174587296858e-13,2.4174214714284155e-12,6.202992438041811e-12,1.3228737461105813e-11,2.3956047043988453e-11,3.781253704240246e-11,5.351903089521188e-11,6.975329373829182e-11,8.554388658663247e-11,1.0028754726407976e-10,1.1362708185002133e-10,1.2535994280568873e-10,1.3539782187852443e-10,1.437460813664744e-10,1.504833732826475e-10,1.5573877390481232e-10,1.5966996582311792e-10,1.6244549198467875e-10,1.6423207910896262e-10,1.6518659750055017e-10,1.654516358039003e-10,1.651536162463518e-10,1.6440255526730487e-10,1.632928076782365e-10,1.6190434052058113e-10,1.6030424231397487e-10,1.5854828614394756e-10,1.5668244054660473e-10,1.5474427096319614e-10,1.5276420502176846e-10,1.50766653457878e-10,1.487709893719791e-10,1.4679239448963593e-10,1.4484258411333675e-10,1.4293042361801048e-10,1.410624493760427e-10,1.3924330643765378e-10,1.374761143560527e-10,1.3576277146549044e-10,1.3410420678938972e-10,1.3250058764005172e-10,1.3095148992445658e-10,1.2945603721279386e-10,1.2801301374551052e-10,1.266209557926847e-10,1.252782251079438e-10,1.239830675925473e-10,1.227336598410975e-10,1.2152814574551796e-10,1.203646649922854e-10,1.192413750017847e-10,1.1815646748541811e-10,1.1710818076250722e-10,1.1609480860504102e-10,1.1511470634178148e-10,1.1416629478168952e-10,1.1324806242572765e-10,1.1235856633820939e-10,1.1149643199260897e-10,1.1072577805081371e-10,1.0991291377325788e-10,1.0912385927157101e-10,1.0835737641770767e-10,1.0761238084723056e-10,1.0688787052370064e-10,1.0618290348897684e-10,1.054965897048875e-10,1.0482808703882703e-10,1.0417659850460608e-10,1.0354136986938723e-10,1.0292168737359673e-10,1.0231687566701912e-10,1.0172629544949877e-10,1.0114934162076748e-10,1.005854413642326e-10,1.0003405226608153e-10,9.949466055691156e-11,9.896677944335536e-11,9.844994753149305e-11,9.794372733753667e-11,9.744770388718981e-11,9.696148339462263e-11,9.648469202171862e-11,9.601697470878995e-11,9.555799408751412e-11,9.51074294444052e-11,9.4664975759196e-11,9.42303428037523e-11,9.380325429164273e-11,9.338344708451115e-11,9.29706704457822e-11,9.256468534758304e-11,9.21652638087465e-11,9.177218828526839e-11,9.138525109499165e-11,9.100425387191794e-11,9.062900707389573e-11,9.025932948758917e-11,8.989504779806904e-11,8.953599616323568e-11,8.918201582038827e-11,8.883295471739471e-11,8.848866716638571e-11,8.814901351462777e-11,8.781385983543691e-11,8.7483077648728e-11,8.715654363681256e-11,8.683413939256736e-11,8.65157511776527e-11,8.620126969605403e-11,8.589058987914123e-11,8.558361067724908e-11,8.528023487769472e-11,8.498036891678598e-11,8.468392271599944e-11,8.439080951074877e-11,8.410094571358398e-11,8.381425075134297e-11,8.353064694003538e-11,8.325005935431888e-11,8.297241570408556e-11,8.269764621736948e-11,8.242568353584775e-11,8.215646260252707e-11,8.188992056820964e-11,8.162599669652349e-11,8.136463227453754e-11,8.110577052409197e-11,8.084935654015955e-11,8.059533718262943e-11,8.034366103158963e-11,8.009427830128971e-11,7.984714078333738e-11,7.960220178105425e-11,7.935941604786352e-11,7.911873973604875e-11,7.88801303335749e-11,7.864354662191789e-11,7.840894862167642e-11,7.817629754322587e-11,7.794555574758538e-11,7.771668670011636e-11,7.748965492910333e-11,7.726442598742548e-11,7.704096641647591e-11,7.681924370673844e-11,7.659922626781226e-11,7.638088339240264e-11,7.61641852262124e-11,7.594910273813438e-11,7.573560768996253e-11,7.552367261080419e-11,7.531327077045561e-11,7.510437615049914e-11,7.489696342509016e-11,7.469100793490943e-11,7.448648566503911e-11,7.428337322371221e-11,7.408164782116394e-11,7.38812872500009e-11,7.368226986886458e-11,7.348457457789492e-11,7.32881808092604e-11,7.309306850216729e-11,7.289921809308248e-11,7.270661049475298e-11,7.251522708683682e-11,7.232504969654955e-11,7.213606058733649e-11,7.194824244427196e-11,7.176157836273192e-11,7.157605183251851e-11,7.139164673049875e-11,7.120834730584184e-11,7.102613816964565e-11,7.084500428355603e-11,7.066493095354834e-11,7.04859038127781e-11,7.030790881662572e-11,7.013093223297845e-11,6.995496063261646e-11,6.977998088023289e-11,6.960598012718657e-11,6.943294580138713e-11,6.926086560202417e-11,6.908972749012126e-11,6.891951968264014e-11,6.875023064248038e-11,6.85818490770438e-11,6.841436392643799e-11,6.82477643613513e-11,6.808203976835581e-11,6.791717975649789e-11,6.775317414305788e-11,6.759001295059925e-11,6.742768639948892e-11,6.726618490550098e-11,6.710549907303764e-11,6.694561968826688e-11,6.678653772644625e-11,6.662824432504445e-11,6.647073079776095e-11,6.631398862342936e-11,6.615800944233785e-11,6.600278505310709e-11,6.584830740677016e-11,6.56945686050485e-11,6.554156089533415e-11,6.538927666892279e-11,6.523770845374825e-11,6.508684891463103e-11,6.493669084879012e-11,6.478722718247858e-11,6.463845096718894e-11,6.449035537832468e-11,6.434293371147079e-11,6.419617937810379e-11,6.40500859047287e-11,6.390464693010503e-11,6.375985620154691e-11,6.361570757320091e-11,6.347219500296453e-11,6.332931254866547e-11,6.318705437382314e-11,6.304541473274906e-11,6.290438797726036e-11,6.276396855061142e-11,6.262415098747621e-11,6.248492991016149e-11,6.234630002988092e-11,6.220825614116367e-11,6.20707931213039e-11,6.193390592961942e-11,6.179758960049683e-11,6.166183925325239e-11,6.152665007966435e-11,6.139201734487737e-11,6.125793638824177e-11,6.112440261797967e-11,6.099141151312201e-11,6.085895862073053e-11,6.072703955578257e-11,6.059564999599435e-11,6.046478568496275e-11,6.0334442427995e-11,6.020461609254224e-11,6.007530260592753e-11,5.994649795367973e-11,5.981819817859535e-11,5.969039938129913e-11,5.956309771713175e-11,5.943628939548999e-11,5.930997067968673e-11,5.918413788268249e-11,5.905878737137808e-11,5.893391556312826e-11,5.880951891886138e-11,5.868559395329098e-11,5.856213722607322e-11,5.843914534374254e-11,5.831661495780211e-11,5.8194542764187616e-11,5.8072925502509315e-11,5.795175995505471e-11,5.7831042946272005e-11,5.7710771340805275e-11,5.759094204547417e-11,5.74715520092827e-11,5.735259820964488e-11,5.7234077672538797e-11,5.7115987458002715e-11,5.6998324663045386e-11,5.688108642067878e-11,5.676426989923631e-11,5.664787229949758e-11,5.6531890861594586e-11,5.6416322859344155e-11,5.630116559419976e-11,5.6186416402418574e-11,5.6088716234142e-11,5.597471019842568e-11,5.58611047967861e-11,5.574789756507502e-11,5.563508601323496e-11,5.552266766282999e-11,5.541064005821701e-11,5.529900077138428e-11,5.518774739716327e-11,5.507687756195954e-11,5.4966388917590963e-11,5.485627914218261e-11,5.474654593876258e-11,5.4637187038048004e-11,5.452820019370352e-11,5.4419583185314225e-11,5.431133381598774e-11,5.4203449913062166e-11,5.409592932592266e-11,5.398876992933545e-11,5.388196962064159e-11,5.377552631735382e-11,5.366943796100826e-11,5.356370251231411e-11,5.345831795515613e-11,5.335328229461143e-11,5.3248593555240055e-11,5.3144249782215314e-11,5.304024904080287e-11,5.293658941573197e-11,5.283326901161473e-11,5.273028595302701e-11,5.262763837796851e-11,5.252532444814376e-11,5.2423342342549556e-11,5.2321690257452114e-11,5.22203664085998e-11,5.211936902385488e-11,5.201869635324467e-11,5.1918346661955216e-11,5.181831823145438e-11,5.171860936039062e-11,5.161921836263831e-11,5.152014356830041e-11,5.1421383322513164e-11,5.132293598670724e-11,5.122479993704781e-11,5.112697356495863e-11,5.1029455275943736e-11,5.0932243490351014e-11,5.083533664290066e-11,5.0738733182314526e-11,5.064243157126496e-11,5.054643028613297e-11,5.045072781753828e-11,5.035532266812415e-11,5.026021335326182e-11,5.016539840309401e-11,5.00708763601344e-11,4.997664577869666e-11,4.988270522591587e-11,4.978905328118854e-11,4.969568853285226e-11,4.960260958753064e-11,4.9509815060395076e-11,4.9417303580827714e-11,4.932507378699505e-11,4.923312432424182e-11,4.91414538534397e-11,4.9050061049941706e-11,4.895894459348306e-11,4.886810317889832e-11,4.877753551114023e-11,4.8687240302889034e-11,4.859721627667146e-11,4.8507462169541075e-11,4.8417976726295107e-11,4.8328758702283516e-11,4.8239806861707885e-11,4.815111997857793e-11,4.806269683721906e-11,4.797453623070035e-11,4.7886636961777954e-11,4.779899784219187e-11,4.771161769283566e-11,4.7624495343585316e-11,4.7537629631862306e-11,4.7451019405915914e-11,4.736466352254029e-11,4.727856084640958e-11,4.719271025065236e-11,4.7107110616720376e-11,4.702176083431431e-11,4.693665980304703e-11,4.685180642704353e-11,4.676719962016719e-11,4.668283830415557e-11,4.659872140819587e-11,4.651484786987444e-11,4.6431216633825806e-11,4.6347826652390013e-11,4.626467688533504e-11,4.618176629953044e-11,4.609909386933696e-11,4.6016658576456957e-11,4.593445940889566e-11,4.585249536307434e-11,4.577076544087182e-11,4.5689268651483874e-11,4.560800401046479e-11,4.552697054122985e-11,4.5446167273526934e-11,4.5365593243418616e-11,4.5285247492485697e-11,4.5205129069930053e-11,4.512523703099423e-11,4.504557043738364e-11,4.496612835672404e-11,4.4886909863091714e-11,4.480791403643775e-11,4.472913996024503e-11,4.4650586730448294e-11,4.457225344277074e-11,4.449413920063654e-11,4.441624311348997e-11,4.4338564297385425e-11,4.426110187154517e-11,4.418385496417668e-11,4.410682270610165e-11,4.403000423450442e-11,4.395339869220943e-11,4.3877005227388374e-11,4.3800822992884886e-11,4.372485114824717e-11,4.364908885701367e-11,4.357353528783051e-11,4.349818961546526e-11,4.342305101935301e-11,4.334811868274666e-11,4.327339179521582e-11,4.319886955084418e-11,4.3124551148531354e-11,4.305043579209843e-11,4.297652268991339e-11,4.2902811055308613e-11,4.282930010612782e-11,4.275598906471872e-11,4.268287715835153e-11,4.260996361863191e-11,4.2537247681771634e-11,4.246472858838803e-11,4.239240558354832e-11,4.232027791665573e-11,4.2248344841512586e-11,4.2176605616122256e-11,4.210505950285197e-11,4.203370576815469e-11,4.196254368267968e-11,4.189157252124654e-11,4.1820791562935e-11,4.1750200090938295e-11,4.1679797392195096e-11,4.1609582757779665e-11,4.15395554826942e-11,4.1469714865894613e-11,4.1400060210137024e-11,4.133059082163428e-11,4.1261306012480985e-11,4.1192205095141e-11,4.112328738848141e-11,4.10545522156036e-11,4.098599890022278e-11,4.0917626772060895e-11,4.084943516420459e-11,4.0781423412821495e-11,4.0713590857963757e-11,4.0645936841943114e-11,4.0578460713983123e-11,4.051116182368656e-11,4.044403952488756e-11,4.0377093174977046e-11,4.0310322134905506e-11,4.0243725768475947e-11,4.0177303443386914e-11,4.0111054530452223e-11,4.0044978403770415e-11,3.9979074440721283e-11,3.99133420220079e-11,3.9847780531202976e-11,3.9782389355325946e-11,3.9717167884614495e-11,3.965211551215956e-11,3.9587231634720693e-11,3.952251565183288e-11,3.9457966965313565e-11,3.9393584981794466e-11,3.93293691088926e-11,3.926531875840278e-11,3.920143334537971e-11,3.913771228667877e-11,3.907415500246959e-11,3.901076091641783e-11,3.8947529455017334e-11,3.8884460045363633e-11,3.8821552121242265e-11,3.875880511722882e-11,3.8696218470577526e-11,3.8633791621921654e-11,3.857152401355289e-11,3.850941509051376e-11,3.844746430196145e-11,3.8385671099950694e-11,3.8324034937308646e-11,3.8262555270458825e-11,3.820123155841842e-11,3.8140063262814475e-11,3.807904984784514e-11,3.801819078041088e-11,3.7957485529833836e-11,3.789693356787484e-11,3.783653436903269e-11,3.777628741020471e-11,3.771619217111768e-11,3.765624813327462e-11,3.7596454780968985e-11,3.7536811600928706e-11,3.747731808229588e-11,3.741797371659775e-11,3.7358777997745325e-11,3.729973042201385e-11,3.7240830488023695e-11,3.718207769672541e-11,3.712347155094673e-11,3.7065011556884035e-11,3.7006697222150485e-11,3.694852805694341e-11,3.6890503573503584e-11,3.683262328652581e-11,3.677488671280598e-11,3.6717293371371193e-11,3.6659842783414776e-11,3.6602534472368743e-11,3.654536796378087e-11,3.648834278535769e-11,3.643145846694001e-11,3.637471454048344e-11,3.631811054006126e-11,3.6261646001832134e-11,3.6205320464034174e-11,3.614913346697046e-11,3.60930845529978e-11,3.6037173266507824e-11,3.5981399153920135e-11,3.592576176366584e-11,3.587026064617673e-11,3.5814895353871206e-11,3.575966544112962e-11,3.5704570464329344e-11,3.564960998176867e-11,3.559478355371989e-11,3.554009074230494e-11,3.5485531111529696e-11,3.5431104227930476e-11,3.537680965753606e-11,3.532264697143372e-11,3.5268615741244444e-11,3.5214715540604666e-11,3.516094594466085e-11,3.51073065305401e-11,3.505379687722292e-11,3.5000416565414936e-11,3.4947165177748374e-11,3.48940422997695e-11,3.4841047516206374e-11,3.478818041503091e-11,3.473544058603002e-11,3.468282762060422e-11,3.4630341111889514e-11,3.4577980655064724e-11,3.452574584636797e-11,3.4473636284063455e-11,3.442165156782739e-11,3.436979129990035e-11,3.43180550833116e-11,3.4266442522736384e-11,3.4214953225003673e-11,3.4163586798127086e-11,3.4112342852797136e-11,3.40612210007642e-11,3.401022085398175e-11,3.3959342028117e-11,3.3908584139623763e-11,3.385794680566348e-11,3.380742964618925e-11,3.3757032282385245e-11,3.370675433683646e-11,3.3656595433615104e-11,3.360655519865753e-11,3.355663325932013e-11,3.350682924421329e-11,3.3457142783792784e-11,3.340757350984137e-11,3.335812105571388e-11,3.330878505630907e-11,3.3259565147924435e-11,3.3210460968346146e-11,3.316147215683657e-11,3.3112598354117064e-11,3.306383920236152e-11,3.30151943451609e-11,3.2966663427050134e-11,3.2918246096276744e-11,3.2869941998832703e-11,3.2821750784847103e-11,3.277367210469306e-11,3.272570561074098e-11,3.267785095639888e-11,3.2630107796611796e-11,3.258247578757344e-11,3.2534954586929144e-11,3.248754385366292e-11,3.244024324810934e-11,3.239305243194504e-11,3.234597106818745e-11,3.229899882118016e-11,3.2252135356592576e-11,3.22053803414078e-11,3.215873344392538e-11,3.2112194333773716e-11,3.206576268180813e-11,3.2019438160214753e-11,3.19732204424595e-11,3.1927109203308456e-11,3.18811041187928e-11,3.183520486602138e-11,3.178941112365009e-11,3.174372257146474e-11,3.169813889047441e-11,3.165265976293484e-11,3.160728487234619e-11,3.156201390340257e-11,3.1516846542032075e-11,3.147178247537396e-11,3.1426821391772696e-11,3.1381962980771645e-11,3.133720693310713e-11,3.129255294068349e-11,3.124800069664246e-11,3.1203549895243876e-11,3.115920023193574e-11,3.1114951403351056e-11,3.107080310721386e-11,3.1026755042465924e-11,3.0982806909172645e-11,3.093895840853937e-11,3.0895209242905805e-11,3.085155911573038e-11,3.0808007731614085e-11,3.076455479627554e-11,3.0721200016513504e-11,3.067794310039937e-11,3.063478375670073e-11,3.0591721695678275e-11,3.0548756628538804e-11,3.0505888267583336e-11,3.046311632627089e-11,3.0420440518904155e-11,3.037786056107861e-11,3.033537616939413e-11,3.02929870617424e-11,3.025069295629977e-11,3.0208493573484235e-11,3.016638863327421e-11,3.0124377858152014e-11,3.0082460970475494e-11,3.004063769439645e-11,2.999890775467475e-11,2.9957270877558044e-11,2.9915726789838255e-11,2.987427521947307e-11,2.9832915895384586e-11,2.979164854761492e-11,2.97504729070802e-11,2.970938870572403e-11,2.966839567648174e-11,2.9627493553261607e-11,2.9586682070945416e-11,2.954596096544398e-11,2.9505329973506396e-11,2.946478883297374e-11,2.942433728255547e-11,2.938397506202879e-11,2.934370191177236e-11,2.9303517573884835e-11,2.926342179062289e-11,2.9223414305447754e-11,2.91834948627183e-11,2.914366320776894e-11,2.910391908693157e-11,2.906426224734742e-11,2.9024692437087103e-11,2.8985209405161434e-11,2.8945812901474728e-11,2.8906502676834992e-11,2.8867278482938898e-11,2.8828140072386512e-11,2.878908719866961e-11,2.8750119616154995e-11,2.8711237080225976e-11,2.8672439346754454e-11,2.8633726172876206e-11,2.859509731646612e-11,2.8556552536087602e-11,2.8518091591968253e-11,2.8479714243718157e-11,2.844142025320116e-11,2.840320938243441e-11,2.8365081394409657e-11,2.832703605300169e-11,2.828907312287715e-11,2.825119236951298e-11,2.8213393559388792e-11,2.8175676459722755e-11,2.8138040838482722e-11,2.8100486464420853e-11,2.8063013107267747e-11,2.8025620537447262e-11,2.798830852624068e-11,2.7951076845726075e-11,2.7913925268783898e-11,2.78768535691075e-11,2.783986152115832e-11,2.780294890020267e-11,2.7766115482279146e-11,2.772936104425295e-11,2.7692685364001487e-11,2.765608821937769e-11,2.761956938984435e-11,2.7583128655346244e-11,2.7546765796597045e-11,2.7510480595075968e-11,2.7474272833023326e-11,2.7438142293439073e-11,2.7402088760086346e-11,2.7366112017441836e-11,2.7330211850797508e-11,2.729438804613269e-11,2.725864039006254e-11,2.7222968670194038e-11,2.7187372674737944e-11,2.7151852192767428e-11,2.7116407013826436e-11,2.7081036928336842e-11,2.7045741727434815e-11,2.70105212029273e-11,2.697537514739961e-11,2.6940303354123006e-11,2.6905305617087052e-11,2.687038173099177e-11,2.683553149098662e-11,2.680075469324123e-11,2.6766051135165322e-11,2.6731420613826554e-11,2.6696862927496518e-11,2.6662377874962074e-11,2.6627965255791155e-11,2.6593624870239777e-11,2.6559356519245078e-11,2.652516000437344e-11,2.649103512795731e-11,2.6456981692979687e-11,2.6422999502860533e-11,2.6389088362359734e-11,2.6355248075897217e-11,2.6321478449508317e-11,2.6287779289335937e-11,2.6254150402292368e-11,2.622059159597761e-11,2.6187102678684402e-11,2.615368345926294e-11,2.6120333747255515e-11,2.6087053352819643e-11,2.605384208681374e-11,2.6020699760671453e-11,2.5987626186507264e-11,2.5954621177001022e-11,2.5921684545515732e-11,2.5888816106044915e-11,2.5856015673192988e-11,2.582328306216951e-11,2.5790618088853606e-11,2.5758020569689974e-11,2.5725490321786857e-11,2.5693027162800783e-11,2.5660630911039834e-11,2.5628301385404296e-11,2.5596038405403643e-11,2.5563841791149308e-11,2.553171136335215e-11,2.549964694331698e-11,2.546764835295257e-11,2.543571541475053e-11,2.54038479517967e-11,2.537204578775704e-11,2.5340308746892016e-11,2.530863665404866e-11,2.52770293346333e-11,2.524548661466045e-11,2.5214008320695836e-11,2.5182594279885836e-11,2.515124431994985e-11,2.5119958269175546e-11,2.5088735956417244e-11,2.505757721108932e-11,2.502648186317542e-11,2.4995449743175136e-11,2.4964480682254335e-11,2.4933574512045288e-11,2.4902731064733978e-11,2.4871950173138313e-11,2.484123167047297e-11,2.4810575390629765e-11,2.4779981168008398e-11,2.474944883752401e-11,2.4718978234694812e-11,2.468856919551815e-11,2.4658221556548412e-11,2.462793515478257e-11,2.4597709828015386e-11,2.4567545414305824e-11,2.4537441752328767e-11,2.4507398681284385e-11,2.4477416040896227e-11,2.444749367140889e-11,2.4417631413587163e-11,2.438782910869871e-11,2.4358086598565906e-11,2.4328403725484318e-11,2.4298780332275476e-11,2.426921626226982e-11,2.4239711359295773e-11,2.4210265467709348e-11,2.4180878432349415e-11,2.415155009856253e-11,2.4122280312194556e-11,2.4093068919588372e-11,2.4063915767583394e-11,2.4034820703511408e-11,2.4005783575196258e-11,2.397680423095112e-11,2.394788251957771e-11,2.3919018290363293e-11,2.3890211393079197e-11,2.3861461677979007e-11,2.383276899579658e-11,2.3804133197744313e-11,2.3775554135511177e-11,2.374703166126107e-11,2.37185656276308e-11,2.3690155887728382e-11,2.366180229513775e-11,2.363350470389075e-11,2.3605262968515634e-11,2.357707694397503e-11,2.354894648571e-11,2.3520871449602873e-11,2.3492851692022282e-11,2.3464887069793066e-11,2.343697744015984e-11,2.3409122660856964e-11,2.3381322590057314e-11,2.335357708639235e-11,2.33258860089259e-11,2.329824921717269e-11,2.3270666571099865e-11,2.324313793111625e-11,2.3215663158070075e-11,2.3188242113249862e-11,2.316087465838234e-11,2.3133560655630887e-11,2.310629996759388e-11,2.3079092457302904e-11,2.3051937988221363e-11,2.3024836424238106e-11,2.2997787629688107e-11,2.2970791469311506e-11,2.29438478082942e-11,2.291695651222189e-11,2.2922955316810646e-11,2.2928057792154885e-11,2.293282808150793e-11,2.293755345095699e-11,2.294234698396045e-11,2.2947250658084912e-11,2.2952280079853044e-11,2.2957441352090607e-11,2.2962737176216335e-11,2.2968169034079362e-11,2.2973737957309618e-11,2.2979444804806718e-11,2.29852903594643e-11,2.2991275362072482e-11,2.2997400524416733e-11,2.3003666533075397e-11,2.301007405169141e-11,2.3016623720591822e-11,2.3023316157800993e-11,2.3030151958978864e-11,2.3037131698104823e-11,2.304425592538689e-11,2.3051525170191683e-11,2.3058939940448458e-11,2.306650072204937e-11,2.3074207978488244e-11,2.3082062152287622e-11,2.309006366437165e-11,2.3098212914453616e-11,2.3106510281115683e-11,2.3114956121956724e-11,2.3123550773732147e-11,2.3132294552530203e-11,2.3141187753888782e-11,2.31502306529954e-11,2.315942350483942e-11,2.3168766544211302e-11,2.317825998639684e-11,2.3187904026826942e-11,2.3197698841589847e-11,2.3207644587146215e-11,2.3217741402544895e-11,2.322798940484195e-11,2.3238388693840764e-11,2.324893935079614e-11,2.32596414364889e-11,2.3270494997606797e-11,2.3281500061600585e-11,2.3292656637015308e-11,2.3303964715197406e-11,2.3315424270000058e-11,2.3327035259648485e-11,2.3338797623432855e-11,2.3350711285154854e-11,2.3362776152250586e-11,2.33749921142643e-11,2.3387359046746952e-11,2.3399876808144392e-11,2.341254524224566e-11,2.3425364176222395e-11,2.3438333423389934e-11,2.3451452781617387e-11,2.346472203304897e-11,2.3478140949345413e-11,2.3491709282043443e-11,2.3505426771299338e-11,2.351929314526994e-11,2.3533308116507302e-11,2.354747138397068e-11,2.356178263559121e-11,2.3576241544389484e-11,2.3590847770819638e-11,2.360560096460681e-11,2.362050076103502e-11,2.3635546785704522e-11,2.36507386505816e-11,2.3666075957415544e-11,2.368155829988913e-11,2.369718524745e-11,2.3712956373083503e-11,2.372887123413181e-11,2.3744929377307633e-11,2.3761130339319953e-11,2.3777473646183306e-11,2.3793958815217942e-11,2.3810585355448277e-11,2.3827352763641726e-11,2.3844260528677543e-11,2.3861308131359675e-11,2.387849504265307e-11,2.3895820726018724e-11,2.3913284636487613e-11,2.393088621963117e-11,2.3948624914893936e-11,2.3966500157924733e-11,2.398451136412027e-11,2.400265795414796e-11,2.4020939338846512e-11,2.4039354919033437e-11,2.405790409283314e-11,2.4076586245223114e-11,2.4095400773636565e-11,2.41143470377826e-11,2.413342441761811e-11,2.4152632278879316e-11,2.4171969981100156e-11,2.4191436880202655e-11,2.4211032326971023e-11,2.4230755665926682e-11,2.4250606237457786e-11,2.42705833774121e-11,2.4290686417582082e-11,2.4310914684078204e-11,2.4331267501765404e-11,2.4351744189298348e-11,2.4372344062160295e-11,2.4393066432525755e-11,2.441391060877225e-11,2.4434875896214415e-11,2.4455961596589738e-11,2.4477167010101977e-11,2.4498491433384652e-11,2.4519934160453203e-11,2.4541494482855606e-11,2.456317168981696e-11,2.4584965068386628e-11,2.4606873903578294e-11,2.4628897478511647e-11,2.4651035074550027e-11,2.467328597252255e-11,2.4695649449305643e-11,2.4718124782272892e-11,2.4740711249789413e-11,2.4763408113537308e-11,2.4786214663311394e-11,2.4809130166123437e-11,2.4832153894360227e-11,2.4855285118731115e-11,2.4878523109558294e-11,2.4901867138822983e-11,2.4925316475603784e-11,2.4948870388032272e-11,2.4972528149157907e-11,2.4996289028571294e-11,2.5020152298313626e-11,2.5044117224705413e-11,2.5068183079805734e-11,2.5092349140016972e-11,2.5116614673908947e-11,2.51409789545298e-11,2.5165441253960724e-11,2.5190000846795284e-11,2.5214657007015716e-11,2.5239409014626527e-11,2.5264256140619524e-11,2.5289197671049266e-11,2.5314232880759354e-11,2.5339361052061106e-11,2.5364581467444903e-11,2.5389893410900517e-11,2.5415296168669714e-11,2.544078902879584e-11,2.5466371277905876e-11,2.5492042207519618e-11,2.5517801109227995e-11,2.5543647277226327e-11,2.5569580010679692e-11,2.5595598605231006e-11,2.562170236216267e-11,2.564789059219441e-11,2.5674162588922968e-11,2.5700517665681928e-11,2.572695512903001e-11,2.575347429342732e-11,2.57800744700383e-11,2.5806754977314465e-11,2.5833515135287263e-11,2.5860354265722452e-11,2.5887271693280527e-11,2.5914266743767094e-11,2.5941338750291467e-11,2.596848704453371e-11,2.599571096047271e-11,2.602300983805694e-11,2.605038301767234e-11,2.6077829845433253e-11,2.610534966681841e-11,2.6132941831511927e-11,2.6160605692610903e-11,2.6188340603838962e-11,2.621614592833295e-11,2.624402102709335e-11,2.6271965265806984e-11,2.6299978012583575e-11,2.632805863902087e-11,2.63562065202751e-11,2.638442103467736e-11,2.6412701563504938e-11,2.6441047490728147e-11,2.6469458205252543e-11,2.6497933097928305e-11,2.652647156319766e-11,2.6555072998978144e-11,2.658373680653828e-11,2.661246239050692e-11,2.6641249158890166e-11,2.667009653271069e-11,2.6699003902164737e-11,2.6727970709375523e-11,2.6756996363099742e-11,2.6786080292681404e-11,2.6815221914520072e-11,2.6844420681311137e-11,2.6873676026635195e-11,2.6902987377780822e-11,2.693235418188888e-11,2.6961775884954015e-11,2.699125193666274e-11,2.7020781790076485e-11,2.705036490097157e-11,2.7080000729548784e-11,2.7109688739248126e-11,2.7139428397016517e-11,2.7169219173309095e-11,2.7199060542089067e-11,2.7228951980827736e-11,2.7258892970503478e-11,2.7288882995600548e-11,2.7318921544106754e-11,2.7349008107511017e-11,2.7379142180800488e-11,2.740932326245678e-11,2.743955085445199e-11,2.7469824462243905e-11,2.7500143594771347e-11,2.7530507764448197e-11,2.7560916487157797e-11,2.759136928224638e-11,2.7621865672516134e-11,2.765240518421824e-11,2.7682987347044812e-11,2.771361169412129e-11,2.7744277761997756e-11,2.777498509063994e-11,2.780573322342047e-11,2.7836521707109165e-11,2.7867350091862894e-11,2.7898217931215713e-11,2.7929124782068424e-11,2.796007020467746e-11,2.799105376264372e-11,2.8022075022901425e-11,2.805313355797908e-11,2.80842289391279e-11,2.811536074321282e-11,2.8146528550382706e-11,2.8177731944850692e-11,2.8208970512962614e-11,2.824024384470452e-11,2.827155153327298e-11,2.8302893175060483e-11,2.8334268365464753e-11,2.8365676711201664e-11,2.839711781854082e-11,2.842859129745235e-11,2.8460096758006954e-11,2.8491633815080155e-11,2.85232021034663e-11,2.8554801218355694e-11,2.858643079099665e-11,2.8618090453785445e-11,2.864977983757414e-11,2.868149857977657e-11,2.87132463068648e-11,2.8745022668873808e-11,2.8776827305410792e-11,2.8808659862727517e-11,2.884051998931644e-11,2.887240733860342e-11,2.8904321565835116e-11,2.8936262323168867e-11,2.896822925637918e-11,2.900022205767121e-11,2.9032240389471865e-11,2.9064283913025664e-11,2.909635230391732e-11,2.912844523484348e-11,2.916056237850816e-11,2.9192703419569305e-11,2.9224868038003575e-11,2.925705593748144e-11,2.928926677960222e-11,2.932150027492962e-11,2.935375610023521e-11,2.938603397149498e-11,2.9418333565657595e-11,2.9450654599543754e-11,2.948299677562312e-11,2.951535980029884e-11,2.954774339117727e-11,2.95801472438718e-11,2.961257107797258e-11,2.964501462049085e-11,2.9677477581469215e-11,2.970995969010857e-11,2.9742460679899686e-11,2.9774980265588136e-11,2.980751817043732e-11,2.9840074132512584e-11,2.987264788817336e-11,2.990523917655597e-11,2.9937847728310506e-11,2.9970473295914315e-11,3.0003115619243564e-11,3.0035774444694414e-11,3.0068449520973836e-11,3.010114059908267e-11,3.013384743229853e-11,3.0166569776158924e-11,3.0199307388444245e-11,3.023206002916114e-11,3.026482746089458e-11,3.0297609447688634e-11,3.033040575611381e-11,3.036321615492517e-11,3.039604041468516e-11,3.042887830792114e-11,3.0461729610973644e-11,3.049459410112054e-11,3.052747155720534e-11,3.056036176095723e-11,3.059326449925385e-11,3.062617954992557e-11,3.065910670488127e-11,3.069204575140929e-11,3.07249964808338e-11,3.075795868581039e-11,3.0790932168828564e-11,3.0823916720164006e-11,3.085691214220509e-11,3.0889918232984836e-11,3.092293480925771e-11,3.095596165235354e-11,3.098899858208162e-11,3.102204540487258e-11,3.105510193127376e-11,3.108816797755955e-11,3.112124335355723e-11,3.11543278753318e-11,3.1187421360487316e-11,3.122052362832415e-11,3.125363449207464e-11,3.128675378285101e-11,3.1319881324920794e-11,3.135301694222227e-11,3.1386160465226566e-11,3.1419311723036844e-11,3.145247054660715e-11,3.148563676860419e-11,3.1518810229248295e-11,3.15519907584882e-11,3.15851781939141e-11,3.161837237469732e-11,3.16515731415766e-11,3.1684780336844406e-11,3.1717993803595257e-11,3.175121338764451e-11,3.178443893861494e-11,3.181767030238386e-11,3.185090732885739e-11,3.188414986739072e-11,3.191739777725059e-11,3.195065090350222e-11,3.198390910697028e-11,3.201717224458036e-11,3.205044017423314e-11,3.2083712756119075e-11,3.211698985157384e-11,3.21502713240258e-11,3.218355703591867e-11,3.2216846858086e-11,3.225014064812302e-11,3.22834382783492e-11,3.231673961774403e-11,3.23500445387949e-11,3.2383352910753796e-11,3.24166646080535e-11,3.244997950556001e-11,3.248329747889259e-11,3.251661840498977e-11,3.254994216204294e-11,3.258326862947241e-11,3.261659768791189e-11,3.2649929219195336e-11,3.2683263107040144e-11,3.271659923493739e-11,3.2749937488251285e-11,3.2783277753499545e-11,3.2816619918341185e-11,3.2849963870472105e-11,3.288330950094314e-11,3.291665670078903e-11,3.2950005362146764e-11,3.298335537824546e-11,3.301670664339619e-11,3.305005905298181e-11,3.3083412503447165e-11,3.311676689228896e-11,3.315012211804614e-11,3.318347808028993e-11,3.321683467961434e-11,3.32501918176265e-11,3.328354939693713e-11,3.331690732115112e-11,3.33502654948582e-11,3.3383623823623597e-11,3.341698221397887e-11,3.345034057341282e-11,3.3483698810362343e-11,3.35170568342035e-11,3.3550414553609756e-11,3.358377188321611e-11,3.3617128734882655e-11,3.365048501386095e-11,3.368384064324596e-11,3.371719553615454e-11,3.375054960795493e-11,3.378390279215089e-11,3.3817254985953146e-11,3.385060609520322e-11,3.3883956069669784e-11,3.391730481567177e-11,3.395065222751441e-11,3.3983998258627185e-11,3.4017342821209286e-11,3.405068584295207e-11,3.408402724419449e-11,3.4117366952583125e-11,3.415070489544488e-11,3.4184040993596e-11,3.421737517305805e-11,3.42507073714375e-11,3.428403751332625e-11,3.431736552767915e-11,3.43506913406892e-11,3.438401488622495e-11,3.4417336099884905e-11,3.445065491009794e-11,3.448397124884058e-11,3.451728505091224e-11,3.4550596250742304e-11,3.458390478344927e-11,3.461721058483412e-11,3.465051359137347e-11,3.4683813740213177e-11,3.4717110969161586e-11,3.475040521668325e-11,3.478369642189231e-11,3.481698452454617e-11,3.4850269464463124e-11,3.488355118330519e-11,3.491682962180049e-11,3.4950104723128796e-11,3.498337643016829e-11,3.501664468271038e-11,3.5049909428302286e-11,3.508317061158856e-11,3.511642817778557e-11,3.5149682072663713e-11,3.518293223526914e-11,3.521617861999153e-11,3.524942117434278e-11,3.528265984638246e-11,3.5315894584706783e-11,3.5349125338436144e-11,3.538235205720119e-11,3.54155747192007e-11,3.544879323770614e-11,3.548200757557175e-11,3.551521767694137e-11,3.554842350088628e-11,3.5581625007600965e-11,3.5614822142112245e-11,3.5648014862382064e-11,3.568120311819275e-11,3.571438686536217e-11,3.574756606053994e-11,3.5780740659870285e-11,3.58139106178232e-11,3.584707590546568e-11,3.5880236458918334e-11,3.591339223971152e-11,3.594654320967741e-11,3.597968932972659e-11,3.601283055048201e-11,3.6045966846389794e-11,3.607909816905385e-11,3.6112224460569534e-11,3.614534570253268e-11,3.617846186745221e-11,3.6211572921120975e-11,3.624467879703362e-11,3.627777946704655e-11,3.631087489810814e-11,3.6343965053844826e-11,3.6377049894706136e-11,3.641012938702528e-11,3.6443203488211445e-11,3.6476272176645925e-11,3.650933541114579e-11,3.6542393156537936e-11,3.657544537383541e-11,3.660849204162202e-11,3.664153315078709e-11,3.667456860952217e-11,3.670759840411387e-11,3.674062252022311e-11,3.677364091832549e-11,3.6806653573347194e-11,3.683966044258106e-11,3.687266152101575e-11,3.690565673707187e-11,3.693864608192964e-11,3.697162952586987e-11,3.7004607039596766e-11,3.7037578594113247e-11,3.707054416075985e-11,3.710350371108633e-11,3.713645721736336e-11,3.7169404651592965e-11,3.72023459864414e-11,3.723528119498932e-11,3.72682102504736e-11,3.730113312632306e-11,3.7334049796361084e-11,3.736696023462315e-11,3.7399864415610146e-11,3.743276231402829e-11,3.7465653904870436e-11,3.749853916341314e-11,3.7531418065213966e-11,3.756429058587622e-11,3.7597156701777134e-11,3.763001638954316e-11,3.766286962555294e-11,3.769571638675035e-11,3.772855664726205e-11,3.776139039060721e-11,3.77942175914786e-11,3.7827038223887486e-11,3.785985228640935e-11,3.789265972830768e-11,3.7925460542314946e-11,3.795825470524564e-11,3.7991042197035524e-11,3.802382299862522e-11,3.805659708761149e-11,3.808936444419279e-11,3.8122125049912045e-11,3.8154878883472105e-11,3.8187625933953136e-11,3.822036616684448e-11,3.825309957156409e-11,3.828582612598193e-11,3.831854584442327e-11,3.835125866611236e-11,3.838396457170055e-11,3.8416663555626027e-11,3.844935559869385e-11,3.848204069247971e-11,3.851471881406316e-11,3.854738994268581e-11,3.8580054086489626e-11,3.861271120842367e-11,3.864536126611606e-11,3.8678004268128916e-11,3.871064019833891e-11,3.8743269076376436e-11,3.877589081797103e-11,3.880850544100328e-11,3.884111293020312e-11,3.8873713270484656e-11,3.8906306446808127e-11,3.893889244458537e-11,3.897147124927139e-11,3.9004042846497866e-11,3.903660722207117e-11,3.906916436197068e-11,3.910171425134616e-11,3.9134256878339826e-11,3.9166792229221533e-11,3.91993203018552e-11,3.9231841056732486e-11,3.926435449555685e-11,3.929686061076018e-11,3.932935938630244e-11,3.9361850805457003e-11,3.939433485492705e-11,3.942681152554529e-11,3.945928080850349e-11,3.9491742684583026e-11,3.952419714591802e-11,3.955664418082221e-11,3.958908377786358e-11,3.962151592570528e-11,3.965394061315356e-11,3.968635782915623e-11,3.971876756246554e-11,3.975116980263782e-11,3.978356453903612e-11,3.981595176115941e-11,3.9848331458641085e-11,3.98807036212475e-11,3.991306823887653e-11,3.9945425301556e-11,3.997777479994352e-11,4.0010116723730324e-11,4.004245106345482e-11,4.007477780965353e-11,4.0107096952978145e-11,4.0139408484094584e-11,4.017171239394524e-11,4.020400867406703e-11,4.023629731468063e-11,4.026857830752125e-11,4.030085164458666e-11,4.0333117319680033e-11,4.036537531906367e-11,4.0397625633089e-11,4.042986825944038e-11,4.0462103188321283e-11,4.049433041171725e-11,4.0526549921749205e-11,4.055876171065955e-11,4.0590965772092374e-11,4.0623162099696804e-11,4.065535068232019e-11,4.0687531504226057e-11,4.0719704568407594e-11,4.075186987226804e-11,4.078402740344724e-11,4.081617715492093e-11,4.084831911966364e-11,4.088045329047601e-11,4.091257965286051e-11,4.094469820970032e-11,4.097680894955128e-11,4.100891188359079e-11,4.104100699434318e-11,4.107309427322084e-11,4.110517371979482e-11,4.113724532310805e-11,4.11693090682868e-11,4.1201364962479336e-11,4.12334129830485e-11,4.126545315085135e-11,4.1297485441713224e-11,4.132950988951001e-11,4.1361526424561663e-11,4.1393535074575364e-11,4.1425535828457386e-11,4.145752868002157e-11,4.1489513632028996e-11,4.152149066003495e-11,4.155345979481987e-11,4.15854210055903e-11,4.161737429421579e-11,4.164931965564018e-11,4.1681257085078066e-11,4.171318657789487e-11,4.1745108124318284e-11,4.177702172451871e-11,4.1808927383991545e-11,4.18408250889926e-11,4.187271483443719e-11,4.19045966158962e-11,4.193647043160721e-11,4.19683362762039e-11,4.200019414676194e-11,4.203204403889599e-11,4.2063885948833595e-11,4.2095719872922575e-11,4.2127545807595256e-11,4.215936374967382e-11,4.2191173694619256e-11,4.2222975639256754e-11,4.2254769580506264e-11,4.228655551486111e-11,4.2318333439121833e-11,4.235010334973745e-11,4.2381865244081984e-11,4.2413619118627135e-11,4.2445364969284095e-11,4.2477102794717954e-11,4.2508832591755596e-11,4.2540554360071196e-11,4.257226809202922e-11,4.260397378865181e-11,4.263567144272593e-11,4.2667361044726194e-11,4.269904260807131e-11,4.2730716125710674e-11,4.2762381592944616e-11,4.2794039016543225e-11,4.282568839191003e-11,4.2857329692882273e-11,4.288896294459761e-11,4.2920588144159295e-11,4.2952205261538707e-11,4.298381431389825e-11,4.3015415298206844e-11,4.304700820995912e-11,4.3078593050729885e-11,4.311016981701767e-11,4.314173850807676e-11,4.3173299119459346e-11,4.3204851650886025e-11,4.323639609488793e-11,4.3267932462916176e-11,4.329946074293956e-11,4.333098093620694e-11,4.3362493038181284e-11,4.339399704889334e-11,4.3425492970934536e-11,4.345698079961906e-11,4.348846053389985e-11,4.3519932171571135e-11,4.3551395712418594e-11,4.358285115520973e-11,4.36142985019582e-11,4.3645737741270766e-11,4.367716886513587e-11,4.3708591899323155e-11,4.374000682873678e-11,4.3771413651880344e-11,4.380281236982045e-11,4.383420298692659e-11,4.3865585460750087e-11,4.3896959846525395e-11,4.392832611556727e-11,4.3959684281213576e-11,4.399103433491432e-11,4.402237628498859e-11,4.405371010596396e-11,4.4085035812886004e-11,4.411635339932551e-11,4.414766287430459e-11,4.4178964232070974e-11,4.421025749549397e-11,4.4241542614783216e-11,4.4272819603868464e-11,4.4304088482387777e-11,4.433534924179512e-11,4.436660187890044e-11,4.439784639459293e-11,4.44290827882929e-11,4.446031105848335e-11,4.449153120747939e-11,4.452274323464966e-11,4.455394712775373e-11,4.458514290799649e-11,4.461633056181327e-11,4.4647510091191156e-11,4.46786814914307e-11,4.4709844774112634e-11,4.474099993238189e-11,4.477214696569115e-11,4.480328589020658e-11,4.4834416673783656e-11,4.486553933228241e-11,4.489665386592438e-11,4.492776028732333e-11,4.4958858570419426e-11,4.4989948728594326e-11,4.502103076251637e-11,4.505210467172245e-11,4.508317045533703e-11,4.511422811613928e-11,4.514527765188446e-11,4.517631906341028e-11,4.5207352351081406e-11,4.5238377520564725e-11,4.526939456104243e-11,4.530040347834472e-11,4.533140427277089e-11,4.536239694463491e-11,4.5393381493995413e-11,4.542435792175735e-11,4.545532622804881e-11,4.548628641323783e-11,4.5517238476110986e-11,4.554818242013158e-11,4.5579118245205234e-11,4.5610045948245104e-11,4.564096553433781e-11,4.5671877002787185e-11,4.5702780353431305e-11,4.57336755857427e-11,4.5764562702532645e-11,4.579544170273059e-11,4.582631258710418e-11,4.585717535768183e-11,4.588803001165745e-11,4.591887655457776e-11,4.594971498403973e-11,4.598054530631609e-11,4.6011367512465485e-11,4.604218160807758e-11,4.6072987593748196e-11,4.610378547023832e-11,4.6134575238327554e-11,4.6165356898806106e-11,4.619613045179088e-11,4.6226895898409254e-11,4.625765324096159e-11,4.628840247929239e-11,4.631914361367362e-11,4.634987664581075e-11,4.638060157652202e-11,4.641131840651948e-11,4.644202713673165e-11,4.647272776809879e-11,4.6503420301580724e-11,4.653410473815523e-11,4.656478107879957e-11,4.6595449324204067e-11,4.662610947558577e-11,4.6656761533948234e-11,4.668740550098854e-11,4.6718041377225186e-11,4.6748669163722606e-11,4.677928886155802e-11,4.680990047182128e-11,4.6840503995628845e-11,4.6871099434080575e-11,4.690168678830318e-11,4.693226605943541e-11,4.696283724862793e-11,4.699340035704298e-11,4.702395538585456e-11,4.705450237338198e-11,4.708504129179246e-11,4.7115572121771337e-11,4.7146094879622966e-11,4.7176609555353017e-11,4.72071161845709e-11,4.723761468686244e-11,4.726810512243337e-11,4.7298587488927505e-11,4.732906178872795e-11,4.7359528021861224e-11,4.7389986191069515e-11,4.742043629694584e-11,4.74508783407697e-11,4.748131232367321e-11,4.7511738246818857e-11,4.754215611426568e-11,4.757256591951002e-11,4.76029676732693e-11,4.763336137336657e-11,4.766374704118722e-11,4.769412463817502e-11,4.772449418521961e-11,4.7754855682188363e-11,4.7785209133747154e-11,4.7815554538005904e-11,4.784589189962386e-11,4.787622121941232e-11,4.7906542498542466e-11,4.793685573778064e-11,4.796716094314206e-11,4.799745810821332e-11,4.80277472508982e-11,4.805802834711798e-11,4.8088301410561785e-11,4.8118566444132707e-11,4.814882344853543e-11,4.8179072425814985e-11,4.820931337719123e-11,4.823954630412668e-11,4.826977120825097e-11,4.8299988091064375e-11,4.833019695416597e-11,4.8360397799132784e-11,4.839059062643725e-11,4.842077543898504e-11,4.845095223894105e-11,4.8481121070885066e-11,4.8511281820913445e-11,4.854143458961332e-11,4.857157935021322e-11,4.8601716107658566e-11,4.863184486177606e-11,4.86619656138947e-11,4.869207836519479e-11,4.872218311435291e-11,4.8752279844153425e-11,4.8782368599508786e-11,4.8812449364912617e-11,4.88425221401704e-11,4.8872586921945934e-11,4.890264373038648e-11,4.893269253934087e-11,4.896273336348095e-11,4.89927661933122e-11,4.902279106015251e-11,4.905280793848023e-11,4.908281683880139e-11,4.911281776209004e-11,4.9142810710555653e-11,4.917279568603336e-11,4.920277269034602e-11,4.923274172449762e-11,4.9262702790546446e-11,4.9292655891013184e-11,4.9322601026833176e-11,4.935253820084157e-11,4.938246740404439e-11,4.9412388657514814e-11,4.944230195473929e-11,4.9472207307823076e-11,4.950210469484449e-11,4.953199413599698e-11,4.956187562131283e-11,4.959174915771494e-11,4.96216147476446e-11,4.9651472387897897e-11,4.968132209033295e-11,4.971116385174988e-11,4.9740997674111985e-11,4.9770823559008816e-11,4.980064150831682e-11,4.983045152416267e-11,4.9860253608156325e-11,4.98900477629962e-11,4.991983398886338e-11,4.994961228873828e-11,4.997938266421431e-11,5.000914511658268e-11,5.0038899648043206e-11,5.0068646260909524e-11,5.0098384956813855e-11,5.012811573763252e-11,5.0157838605245576e-11,5.0187553561537646e-11,5.0217260608392843e-11,5.024695974769889e-11,5.0276650981369345e-11,5.0306334311294116e-11,5.033600973923434e-11,5.036567726846414e-11,5.0395336899364216e-11,5.042498863298571e-11,5.045463247265178e-11,5.048426841999418e-11,5.0513896476927864e-11,5.054351664537758e-11,5.0573128927227166e-11,5.060273332443955e-11,5.0632329838949096e-11,5.0661918472715184e-11,5.069149922764341e-11,5.072107210566891e-11,5.07506371087339e-11,5.0780194238780896e-11,5.080974349775497e-11,5.0839284894087087e-11,5.0868818418855276e-11,5.0898344087894655e-11,5.092786187977227e-11,5.0957371814697797e-11,5.0986873897062047e-11,5.101636811348356e-11,5.104585447528093e-11,5.1075332983282945e-11,5.1104803639094905e-11,5.1134266445333093e-11,5.1163721404031003e-11,5.119316851716304e-11,5.122260778671986e-11,5.1252039214667604e-11,5.1281462802988326e-11,5.13108785536661e-11,5.134028646867725e-11,5.1369686550029534e-11,5.1399078799703116e-11,5.142846321969013e-11,5.14578398119845e-11,5.1487208578582025e-11,5.15165695214804e-11,5.1545922642678265e-11,5.157526794424094e-11,5.16046054280462e-11,5.163393509616118e-11,5.1663256949653425e-11,5.169257099149474e-11,5.1721877223693776e-11,5.175117564826152e-11,5.178046626721029e-11,5.180974908255428e-11,5.183902409723438e-11,5.186829131232532e-11,5.1897550729846675e-11,5.1926802351819635e-11,5.1956046180266695e-11,5.1985282217212016e-11,5.2014510464681106e-11,5.204373092470082e-11,5.207294359929954e-11,5.210214849050699e-11,5.2131345601493914e-11,5.2160534932430216e-11,5.21897164867053e-11,5.221889026569808e-11,5.224805627040939e-11,5.2277214503919315e-11,5.2306364968266243e-11,5.2335507665490695e-11,5.236464259763634e-11,5.2393769766752985e-11,5.242288917490817e-11,5.24520008256622e-11,5.248110471801013e-11,5.2510200858503836e-11,5.253928924318583e-11,5.2568369877155816e-11,5.2597442762436916e-11,5.262650790108987e-11,5.265556529516873e-11,5.2684614946727295e-11,5.271365685819126e-11,5.274269103375792e-11,5.2771717472177414e-11,5.2800736176267044e-11,5.2829747147445464e-11,5.285875038725742e-11,5.2887745898770724e-11,5.2916733683935327e-11,5.294571374510907e-11,5.297468608409487e-11,5.300365070342361e-11,5.303260760491485e-11,5.3061556790638056e-11,5.309049826265942e-11,5.311943202304522e-11,5.314835807386223e-11,5.317727641717792e-11,5.320618705506054e-11,5.3235089989578886e-11,5.3263985222802654e-11,5.329287275694671e-11,5.3321752593940146e-11,5.335062473585423e-11,5.3379489184760926e-11,5.3408345942732866e-11,5.343719501184331e-11,5.346603639390378e-11,5.349487009125118e-11,5.352369610596058e-11,5.355251444010753e-11,5.358132509561878e-11,5.361012807472178e-11,5.363892337961648e-11,5.366771101225491e-11,5.369649097471531e-11,5.3725263269076345e-11,5.375402789741721e-11,5.378278486181754e-11,5.3811534164357395e-11,5.38402758071132e-11,5.3869009792169883e-11,5.389773612160878e-11,5.392645479751163e-11,5.395516582196047e-11,5.398386919704158e-11,5.401256492483407e-11,5.404125300742111e-11,5.4069933446886194e-11,5.4098606245313254e-11,5.412727140478641e-11,5.415592892739022e-11,5.418457881520945e-11,5.4213221070329175e-11,5.4241855694834806e-11,5.427048269081197e-11,5.4299102060346575e-11,5.432771380552479e-11,5.435631792644245e-11,5.438491442715648e-11,5.4413503309753124e-11,5.444208457631884e-11,5.447065822894074e-11,5.449922426970594e-11,5.452778270070222e-11,5.455633352401646e-11,5.45848767417367e-11,5.4613412355950155e-11,5.464194036874535e-11,5.4670460782210335e-11,5.4698973598432775e-11,5.472747881950101e-11,5.475597644750383e-11,5.47844664845297e-11,5.4812948932666805e-11,5.4841423794002736e-11,5.486989107062766e-11,5.4898350764629256e-11,5.4926802878097114e-11,5.495524741311957e-11,5.4983684371784954e-11,5.501211375618222e-11,5.504053556839964e-11,5.5068949810526356e-11,5.509735648465102e-11,5.5125755592862537e-11,5.51541471372487e-11,5.51825311198975e-11,5.521090754289862e-11,5.5239276408338294e-11,5.5267637718305265e-11,5.5295991474887244e-11,5.5324337680173685e-11,5.5352676336248094e-11,5.5381007445200354e-11,5.540933100911614e-11,5.543764703008138e-11,5.546595551018483e-11,5.549425645150806e-11,5.552254985613893e-11,5.555083572615817e-11,5.557911406365304e-11,5.560738487070726e-11,5.563564814939575e-11,5.566390390180158e-11,5.5692152130009766e-11,5.572039283608673e-11,5.5748626024328904e-11,5.577685169475198e-11,5.580506984944468e-11,5.583328049049546e-11,5.5861483619992915e-11,5.588967924002532e-11,5.5917867352680935e-11,5.5946047950618963e-11,5.597422105910111e-11,5.6002386671049226e-11,5.603054473742512e-11,5.605869534882222e-11,5.608683847252213e-11,5.6114974073484673e-11,5.614310218813284e-11,5.6171222838804697e-11,5.6199335986976625e-11,5.622744163311298e-11,5.6255539825910805e-11,5.6283630535005854e-11,5.6311713765938794e-11,5.6339789520276375e-11,5.6367857800900876e-11,5.6395918609617975e-11,5.642397194851236e-11,5.645201781966838e-11,5.648005622517031e-11,5.6508087167102066e-11,5.653611064754729e-11,5.6564126668589545e-11,5.659213523231196e-11,5.6620136340797555e-11,5.664812999310374e-11,5.667611619625374e-11,5.670409495543461e-11,5.673206626730486e-11,5.676003010278157e-11,5.678798649049129e-11,5.6815935461375125e-11,5.6843877004239226e-11,5.687181110234906e-11,5.6899737770959714e-11,5.6927657016046026e-11,5.6955568817951827e-11,5.698347318985981e-11,5.701137014024054e-11,5.703925966952935e-11,5.7067141778450195e-11,5.709501647358751e-11,5.7122883718225044e-11,5.715074355918607e-11,5.717859598537857e-11,5.7206440984945955e-11,5.723427856279401e-11,5.726210877582719e-11,5.728993158436383e-11,5.7317746987127506e-11,5.734555498994093e-11,5.737335557927998e-11,5.740114878226538e-11,5.742893459025268e-11,5.745671300633931e-11,5.748448403428805e-11,5.751224767348718e-11,5.754000392601128e-11,5.756775279382077e-11,5.759549427911063e-11,5.762322838395243e-11,5.7650955110417514e-11,5.7678674460576716e-11,5.7706386436356153e-11,5.7734091039968346e-11,5.776178827387757e-11,5.778947813978367e-11,5.7817160644870596e-11,5.7844835787280544e-11,5.78725035703948e-11,5.790016398479615e-11,5.792781704144137e-11,5.7955462742651566e-11,5.798310109324143e-11,5.801073209229691e-11,5.8038355736958783e-11,5.8065972043281335e-11,5.8093581002296495e-11,5.812118261321223e-11,5.8148776882965064e-11,5.8176363807176316e-11,5.820394342341233e-11,5.823151568235053e-11,5.825908060948211e-11,5.828663820578388e-11,5.831418847169927e-11,5.834173142496814e-11,5.836926704722123e-11,5.839679533909563e-11,5.842431631378443e-11,5.845182997030153e-11,5.847933630798679e-11,5.850683532653047e-11,5.853432703622343e-11,5.856181143150715e-11,5.858928852092759e-11,5.861675830533426e-11,5.864422078529202e-11,5.867167596329966e-11,5.86991238510977e-11,5.872656440999002e-11,5.875399769521067e-11,5.878142368560634e-11,5.880884238650859e-11,5.88362537993873e-11,5.886365791704063e-11,5.889105475607594e-11,5.891844430907946e-11,5.894582658057038e-11,5.897320157136451e-11,5.900056928492437e-11,5.902792972321588e-11,5.905528288824146e-11,5.9082628782026e-11,5.910996740794823e-11,5.913729876518412e-11,5.916462285752708e-11,5.919193968724951e-11,5.921924925943237e-11,5.92465515661164e-11,5.927384661302336e-11,5.930113442073221e-11,5.932841499745122e-11,5.935568829020003e-11,5.938295433092724e-11,5.941021313186615e-11,5.943746469160769e-11,5.946470903320164e-11,5.949194614595104e-11,5.951917598346172e-11,5.95463985709113e-11,5.957361392544197e-11,5.960082205179341e-11,5.962802293923694e-11,5.965521659785408e-11,5.968240303918899e-11,5.970958224299323e-11,5.973675422933733e-11,5.976391899828271e-11,5.979107655089857e-11,5.981822688868796e-11,5.984537000407992e-11,5.987250590867191e-11,5.989963460418358e-11,5.99267560924407e-11,5.995387037533434e-11,5.998097745479799e-11,6.000807733278593e-11,6.003517001127397e-11,6.006225549224665e-11,6.008933377769856e-11,6.011640486962856e-11,6.014346877004268e-11,6.017052548094952e-11,6.019757500868891e-11,6.022461734888781e-11,6.025165250602184e-11,6.027868048620255e-11,6.030570128675834e-11,6.033271491095487e-11,6.035972135930708e-11,6.038672063340715e-11,6.041371272793684e-11,6.044069766132566e-11,6.0467675427762e-11,6.049464603030735e-11,6.05216094695183e-11,6.054856574741688e-11,6.057551486602481e-11,6.060245682736308e-11,6.06293916334523e-11,6.065631928631243e-11,6.068323978796304e-11,6.071015314042304e-11,6.073705934571089e-11,6.076395840584458e-11,6.079085032284136e-11,6.081773509871818e-11,6.084461273549132e-11,6.087148323517659e-11,6.089834659978928e-11,6.092520283134406e-11,6.095205193185516e-11,6.097889390333622e-11,6.100572874780035e-11,6.10325564672602e-11,6.105937706372778e-11,6.108619053921459e-11,6.111299689573167e-11,6.113979613528942e-11,6.116658825989777e-11,6.119337327156611e-11,6.122015117230323e-11,6.124692196411742e-11,6.12736856490164e-11,6.130044222900754e-11,6.132719170609741e-11,6.13539340822921e-11,6.138066935959726e-11,6.140739754001795e-11,6.143411862555752e-11,6.14608326182222e-11,6.148753952001426e-11,6.151423933293659e-11,6.154093205899153e-11,6.156761770018087e-11,6.159429625850585e-11,6.162096773596715e-11,6.164763213456495e-11,6.167428945629891e-11,6.1700939703168e-11,6.172758287716927e-11,6.175421898030371e-11,6.178084801456725e-11,6.180746998195664e-11,6.183408488446836e-11,6.186069272409811e-11,6.188729350284114e-11,6.191388722269214e-11,6.194047388564519e-11,6.196705349369278e-11,6.19936260488302e-11,6.202019155306743e-11,6.204675000817172e-11,6.207330141652801e-11,6.20998457799395e-11,6.21263831003966e-11,6.215291337988603e-11,6.217943662040032e-11,6.22059528239276e-11,6.223246199317347e-11,6.225896412870761e-11,6.228545923318607e-11,6.231194730879568e-11,6.233842835720077e-11,6.236490238064541e-11,6.23913693809016e-11,6.241782935929493e-11,6.24442823193651e-11,6.247072826234418e-11,6.249716718978527e-11,6.252359910438312e-11,6.255002400779568e-11,6.257644190200388e-11,6.260285278897688e-11,6.262925667071329e-11,6.265565354890011e-11,6.268204342608812e-11,6.270842630396764e-11,6.273480218451626e-11,6.276117106971089e-11,6.27875329615281e-11,6.281388786193865e-11,6.284023577429435e-11,6.286657669783084e-11,6.289291063589032e-11,6.291923759044587e-11,6.294555756347059e-11,6.297187055578556e-11,6.299817657166581e-11,6.302447561193104e-11,6.305076767855208e-11,6.307705277349914e-11,6.3103330898742e-11,6.312960205624974e-11,6.315586624799095e-11,6.31821234759337e-11,6.320837374204542e-11,6.323461704828293e-11,6.326085339663277e-11,6.328708278905e-11,6.331330522756479e-11,6.333952071316093e-11,6.336572924956032e-11,6.339193083789294e-11,6.341812548011566e-11,6.344431317819001e-11,6.347049393407894e-11,6.349666774974198e-11,6.352283462713998e-11,6.354899456823303e-11,6.357514757498295e-11,6.360129364934439e-11,6.362743279332918e-11,6.365356500880631e-11,6.367969029777068e-11,6.3705808671744e-11,6.373192011176401e-11,6.375802463442017e-11,6.378412223823373e-11,6.381021293666526e-11,6.38362967084847e-11,6.386237356645485e-11,6.388844351359476e-11,6.391450655465616e-11,6.394056263974986e-11,6.396661184606075e-11,6.399265416818235e-11,6.401868959796756e-11,6.404471812106265e-11,6.407073974684451e-11,6.40967544772536e-11,6.41227623142322e-11,6.414876325972642e-11,6.417475731568939e-11,6.420074448408529e-11,6.422672476689375e-11,6.425269816611167e-11,6.427866468375111e-11,6.430462434280689e-11,6.433057711612793e-11,6.43565230003356e-11,6.438246201043998e-11,6.440839414825714e-11,6.443431941883058e-11,6.446023783034027e-11,6.448614936437282e-11,6.45120540345668e-11,6.453795184230674e-11,6.456384278981225e-11,6.458972688149725e-11,6.461560411491183e-11,6.464147449127913e-11,6.466733801612145e-11,6.469319469194362e-11,6.471904452437785e-11,6.474488749618899e-11,6.477072363145004e-11,6.479655292345137e-11,6.48223753744622e-11,6.484819098861051e-11,6.487399976346096e-11,6.48998017070161e-11,6.492559682138067e-11,6.495138509886667e-11,6.49771665446742e-11,6.500294116267942e-11,6.502870895489982e-11,6.505446995179293e-11,6.50802241133422e-11,6.510597146148674e-11,6.513171200893977e-11,6.5157445680682e-11,6.518317256742792e-11,6.520889263743269e-11,6.523460589637615e-11,6.52603123513678e-11,6.528601199303316e-11,6.531170482421916e-11,6.533739086592283e-11,6.536307010540232e-11,6.538874254529036e-11,6.54144081887112e-11,6.544006703763013e-11,6.546571909403277e-11,6.54913643505919e-11,6.551700280940849e-11,6.55426344948815e-11,6.556825939503009e-11,6.559387751206839e-11,6.561948883473405e-11,6.564509339531505e-11,6.567069117806917e-11,6.569628218503025e-11,6.572186639981267e-11,6.574744384050871e-11,6.577301450786062e-11,6.579857840147135e-11,6.582413551764703e-11,6.584968586658678e-11,6.587522948497596e-11,6.590076636158478e-11,6.592629647929026e-11,6.595181988408552e-11,6.59773365439222e-11,6.600284641716174e-11,6.602834955757815e-11,6.605384593216853e-11,6.60793355869133e-11,6.610481848311547e-11,6.613029462839256e-11,6.615576400354595e-11,6.618122663916958e-11,6.620668253717792e-11,6.623213169948441e-11,6.62575741280004e-11,6.62830098454371e-11,6.63084388309659e-11,6.633386112370521e-11,6.635927668422579e-11,6.638468551602876e-11,6.64100876220446e-11,6.643548297115119e-11,6.646087159763488e-11,6.648625350759607e-11,6.651162870293199e-11,6.65369971878531e-11,6.656235896217012e-11,6.658771402779646e-11,6.661306238664698e-11,6.663840404063784e-11,6.66637389916864e-11,6.668906724170878e-11,6.671438879262263e-11,6.673970364634379e-11,6.676501180478758e-11,6.679031326986521e-11,6.6815608043485e-11,6.68408961275492e-11,6.686617752395278e-11,6.689145223455811e-11,6.691672025359881e-11,6.694198159033813e-11,6.69672362467122e-11,6.699248422467936e-11,6.70177255262375e-11,6.704296015346646e-11,6.706818810862662e-11,6.70934093945325e-11,6.711862401711042e-11,6.714383195950963e-11,6.716903324403854e-11,6.719422786232027e-11,6.721941581759347e-11,6.724459712713319e-11,6.726977178737136e-11,6.729493975400882e-11,6.732010107821125e-11,6.734525575035405e-11,6.737040377195208e-11,6.739554516548013e-11,6.742067990422188e-11,6.744580799435716e-11,6.747092943584675e-11,6.749604423748374e-11,6.752115239944072e-11,6.75462539284822e-11,6.757134883313619e-11,6.759643708163445e-11,6.762151869833356e-11,6.764659368510305e-11,6.767166204381183e-11,6.769672378562104e-11,6.772177891103883e-11,6.774682741454146e-11,6.77718692867415e-11,6.779690449159031e-11,6.78219330949675e-11,6.784695510428845e-11,6.787197049993034e-11,6.789697929019608e-11,6.792198146121072e-11,6.794697703279705e-11,6.79719659831427e-11,6.799694834917366e-11,6.802192411376317e-11,6.804689327610512e-11,6.807185584203881e-11,6.809681181180045e-11,6.812176119184602e-11,6.814670397434006e-11,6.817164016606367e-11,6.819656976844479e-11,6.822149278424576e-11,6.824640921494788e-11,6.827131906169846e-11,6.829622232762656e-11,6.832111901386562e-11,6.8346009122354e-11,6.83708926549463e-11,6.839576961349658e-11,6.84206399998585e-11,6.844550381599364e-11,6.847036106349306e-11,6.849521174440549e-11,6.852005586053821e-11,6.854489341339574e-11,6.856972441400134e-11,6.859454884689541e-11,6.86193667312296e-11,6.86441780512102e-11,6.866898281751626e-11,6.869378103197843e-11,6.871857269650845e-11,6.874335781285665e-11,6.87681363829034e-11,6.879290840850453e-11,6.881767389148244e-11,6.88424328336984e-11,6.886718523699611e-11,6.889193110330291e-11,6.891667043618636e-11,6.894140323370574e-11,6.896612949967478e-11,6.899084923601579e-11,6.901556244448936e-11,6.904026912687543e-11,6.906496928506802e-11,6.908966292099874e-11,6.911435004329586e-11,6.91390306341745e-11,6.916370471406164e-11,6.918837226041304e-11,6.92130333131083e-11,6.923768785298185e-11,6.926233588338088e-11,6.9286977405176e-11,6.931161242102837e-11,6.933624093279482e-11,6.936086294232592e-11,6.938547847144396e-11,6.941008749517118e-11,6.943469002051088e-11,6.945928605030499e-11,6.948387558075874e-11,6.950845861726494e-11,6.953303516485324e-11,6.955760522340888e-11,6.958216880091505e-11,6.960672588889135e-11,6.96312765105776e-11,6.965582065507505e-11,6.968035832819116e-11,6.970488952434354e-11,6.972941425924313e-11,6.975393250881896e-11,6.977844429202298e-11,6.98029496266147e-11,6.982744844267101e-11,6.985194079474228e-11,6.987642668302106e-11,6.990090610932512e-11,6.992537907547479e-11,6.99498455832899e-11,6.997430563458961e-11,6.999875923119271e-11,7.002320637491731e-11,7.004764706758115e-11,7.007208131100121e-11,7.00965091069941e-11,7.012093045737583e-11,7.014534536396184e-11,7.016975382856713e-11,7.019415585300601e-11,7.021855143909247e-11,7.024294058863973e-11,7.026732330346057e-11,7.029169958536734e-11,7.031606943617165e-11,7.034043285768471e-11,7.03647898517171e-11,7.038914042007904e-11,7.041348456457993e-11,7.043782228702891e-11,7.046215358923444e-11,7.048647847300444e-11,7.051079694014635e-11,7.053510899246707e-11,7.05594146317729e-11,7.058371385986965e-11,7.060800667856257e-11,7.063229308965478e-11,7.065657309495205e-11,7.068084669625809e-11,7.070511389537604e-11,7.072937469410841e-11,7.075362909425734e-11,7.077787709762429e-11,7.080211870601032e-11,7.082635392121581e-11,7.085058274504073e-11,7.087480517928442e-11,7.089902122574572e-11,7.092323088622296e-11,7.094743416251394e-11,7.097163105641586e-11,7.09958215697255e-11,7.102000570423897e-11,7.104418346175195e-11,7.106835484405956e-11,7.109251985295636e-11,7.111667849023639e-11,7.114083075769319e-11,7.116497665711972e-11,7.11891161903084e-11,7.121324935905129e-11,7.12373761651396e-11,7.126149661036425e-11,7.128561069651556e-11,7.130971842538332e-11,7.133381979875674e-11,7.135791481842463e-11,7.13820034861751e-11,7.140608580379585e-11,7.143016177307401e-11,7.145423139579615e-11,7.147829467374841e-11,7.150235160871618e-11,7.152640220248457e-11,7.155044645683802e-11,7.15744843736127e-11,7.159851595453996e-11,7.162254120140254e-11,7.164656011598278e-11,7.167057270006247e-11,7.169457895542281e-11,7.171857888373662e-11,7.174257248689151e-11,7.176655976666706e-11,7.17905407248424e-11,7.18145153631454e-11,7.183848368340507e-11,7.186244568757198e-11,7.188640137727238e-11,7.191035075392535e-11,7.193429381992764e-11,7.195823057677983e-11,7.198216102538957e-11,7.200608516923346e-11,7.203000300931834e-11,7.205391454722358e-11,7.207781978405962e-11,7.210171872321207e-11,7.212561136560955e-11,7.214949771274735e-11,7.217337776682728e-11,7.219725152947578e-11,7.222111900246251e-11,7.224498018760652e-11,7.226883508662675e-11,7.229268370129118e-11,7.231652603336724e-11,7.234036208472569e-11,7.236419185702819e-11,7.238801535204076e-11,7.241183257152877e-11,7.243564351720672e-11,7.245944819186384e-11,7.248324659494104e-11,7.250703873061207e-11,7.253082460041851e-11,7.255460420481095e-11,7.25783775472068e-11,7.260214462904163e-11,7.262590543533625e-11,7.264965999869945e-11,7.267340830603678e-11,7.269715035736957e-11,7.272088615586921e-11,7.274461570014934e-11,7.276833900159097e-11,7.279205602186667e-11,7.281576681046727e-11,7.283947137445174e-11,7.286316969736047e-11,7.288686178104815e-11,7.291054762738264e-11,7.293422723825559e-11,7.295790061558635e-11,7.298156776133004e-11,7.300522866303929e-11,7.302888333404674e-11,7.305253177977978e-11,7.307617399921039e-11,7.309980999408805e-11,7.312343976616356e-11,7.314706331718629e-11,7.317068064890503e-11,7.319429176306804e-11,7.321789666142307e-11,7.324149534571901e-11,7.326508781772446e-11,7.328867407913761e-11,7.3312254131729e-11,7.333582797724436e-11,7.335939561745224e-11,7.338295705407316e-11,7.340651228882416e-11,7.343006132347406e-11,7.345360415977635e-11,7.347714079943826e-11,7.350067124422342e-11,7.352419549587374e-11,7.354771355613034e-11,7.357122542677166e-11,7.359473110965999e-11,7.361823060628392e-11,7.364172391840302e-11,7.366521104780956e-11,7.368869199624543e-11,7.371216676545735e-11,7.373563535718179e-11,7.375909777299405e-11,7.378255401479043e-11,7.380600408430571e-11,7.38294479832743e-11,7.385288571343017e-11,7.387631727650657e-11,7.389974267423636e-11,7.392316190835182e-11,7.394657498058486e-11,7.396998189266665e-11,7.399338264650384e-11,7.401677724364948e-11,7.404016568583342e-11,7.406354797478483e-11,7.408692411223247e-11,7.411029409990451e-11,7.413365793952866e-11,7.415701563283214e-11,7.41803671797005e-11,7.420371258372519e-11,7.422705184663043e-11,7.425038497014069e-11,7.427371195597932e-11,7.429703280586892e-11,7.432034752153203e-11,7.434365610469033e-11,7.436695855706504e-11,7.439025488037645e-11,7.441354507634536e-11,7.443682914669098e-11,7.446010709313244e-11,7.448337891738843e-11,7.450664462117685e-11,7.452990420621553e-11,7.455315767422112e-11,7.457640505266641e-11,7.459964631746672e-11,7.462288147033966e-11,7.464611051300225e-11,7.466933344717084e-11,7.469255027456159e-11,7.471576099688992e-11,7.473896561587064e-11,7.476216413321822e-11,7.47853565506466e-11,7.480854286986926e-11,7.483172309259937e-11,7.485489722054891e-11,7.48780652554299e-11,7.490122719895367e-11,7.492438305283116e-11,7.494753281877269e-11,7.497067649848806e-11,7.499381409368681e-11,7.501694560607742e-11,7.504007103736834e-11,7.50631903892676e-11,7.508630366348219e-11,7.510941086171902e-11,7.513251198568433e-11,7.515560703708402e-11,7.51786960176233e-11,7.520177892900673e-11,7.522485577293877e-11,7.524792655112306e-11,7.527099126526322e-11,7.529404991706153e-11,7.531710250822041e-11,7.534014904044161e-11,7.536318951542636e-11,7.538622393487543e-11,7.54092523004887e-11,7.543227461396651e-11,7.545529087700755e-11,7.547830109131098e-11,7.550130525857475e-11,7.55243033804967e-11,7.554729545877384e-11,7.55702814951032e-11,7.559326149118094e-11,7.561623544870274e-11,7.563920336936385e-11,7.566216525485912e-11,7.568512110688264e-11,7.570807092712814e-11,7.573101471728917e-11,7.575395246266657e-11,7.577688418202641e-11,7.579980987740381e-11,7.582272955124868e-11,7.584564320772711e-11,7.5868550869193e-11,7.58914524859947e-11,7.591434808157397e-11,7.593723764979181e-11,7.596012120485448e-11,7.598299874845317e-11,7.600587028227918e-11,7.60287358080242e-11,7.605159532738018e-11,7.607444884203973e-11,7.60972963536965e-11,7.612013786404501e-11,7.614297337478145e-11,7.616580289487472e-11,7.618862641877807e-11,7.62114439502437e-11,7.623425549333651e-11,7.625706105858427e-11,7.62798606127703e-11,7.630265418711313e-11,7.632544176579683e-11,7.634822336152821e-11,7.637099896050762e-11,7.639376857771047e-11,7.641653221471323e-11,7.643928987306468e-11,7.646204155426623e-11,7.648478725974942e-11,7.650752701940901e-11,7.653026079139272e-11,7.655298859395137e-11,7.657571042892788e-11,7.6598426305779e-11,7.662113620016826e-11,7.66438401505412e-11,7.666653813075179e-11,7.668923015136343e-11,7.671191622046983e-11,7.673459631653532e-11,7.675727045971296e-11,7.677993865133952e-11,7.680260089286119e-11,7.682525718577895e-11,7.684790753163762e-11,7.68705519320095e-11,7.689319040033773e-11,7.69158229259793e-11,7.693844951059998e-11,7.696107015586466e-11,7.698368486343703e-11,7.700629363497947e-11,7.702889647215295e-11,7.705149337661675e-11,7.707408435002838e-11,7.709666939404347e-11,7.711924851733353e-11,7.714182171441885e-11,7.716438898693064e-11,7.718695033649754e-11,7.72095057647469e-11,7.723205527330441e-11,7.725459887236958e-11,7.727713654263794e-11,7.729966831707451e-11,7.732219416666746e-11,7.734471411400855e-11,7.736722813377882e-11,7.738973624571852e-11,7.741223847212858e-11,7.743473478393984e-11,7.745722519645314e-11,7.747970969699842e-11,7.750218831848793e-11,7.752466101461946e-11,7.754712782341433e-11,7.756958874754961e-11,7.759204377117184e-11,7.761449286212195e-11,7.763693608714081e-11,7.765937341865714e-11,7.768180488861907e-11,7.770423047151116e-11,7.772665016801871e-11,7.774906397959224e-11,7.777147190909099e-11,7.779387396090005e-11,7.781627008906505e-11,7.783866033372505e-11,7.786104477697566e-11,7.78834233356126e-11,7.790579597185939e-11,7.792816274516644e-11,7.79505237037934e-11,7.797287876458516e-11,7.799522799206329e-11,7.801757136681767e-11,7.803990887458095e-11,7.806224054299392e-11,7.808456633037668e-11,7.810688626252067e-11,7.812920036635907e-11,7.81515085911685e-11,7.817381096630235e-11,7.819610749397898e-11,7.821839817478964e-11,7.82406830058237e-11,7.826296199364204e-11,7.828523514283576e-11,7.830750245220542e-11,7.832976392203979e-11,7.835201955801008e-11,7.837426935859387e-11,7.839651332543619e-11,7.841875146019169e-11,7.844098376452758e-11,7.846321024001946e-11,7.848543088495157e-11,7.85076457045574e-11,7.852985469857584e-11,7.855205788700554e-11,7.857425522682467e-11,7.859644676441934e-11,7.861863248110963e-11,7.864081238571225e-11,7.866298643571877e-11,7.868515471212063e-11,7.870731717210914e-11,7.872947382350475e-11,7.875162466814217e-11,7.877376971493237e-11,7.879590894858152e-11,7.881804238013546e-11,7.884017000904065e-11,7.886229183744526e-11,7.888440787583279e-11,7.890651811255208e-11,7.892862255485059e-11,7.895072120234303e-11,7.897281407263253e-11,7.899490113941793e-11,7.901698241799042e-11,7.903905790619245e-11,7.906112761455888e-11,7.908319153568306e-11,7.910524967574761e-11,7.912730204281197e-11,7.914934862574804e-11,7.917138943627477e-11,7.919342446759149e-11,7.921545372525876e-11,7.923747721055839e-11,7.925949492834559e-11,7.928150687759435e-11,7.930351305831906e-11,7.932551347487196e-11,7.934750812281021e-11,7.936949700931685e-11,7.939148013764514e-11,7.941345750527556e-11,7.943542913351547e-11,7.945739499208124e-11,7.947935510672614e-11,7.950130944141908e-11,7.952325803492488e-11,7.954520087024561e-11,7.956713797123294e-11,7.958906932865384e-11,7.961099495074498e-11,7.963291482750203e-11,7.965482895338954e-11,7.967673733940628e-11,7.96986399861257e-11,7.972053689624811e-11,7.974242807135807e-11,7.976431349343829e-11,7.978619319453186e-11,7.980806715959673e-11,7.982993540736596e-11,7.985179792808145e-11,7.987365472330111e-11,7.989550579405105e-11,7.991735114281318e-11,7.993919077082694e-11,7.996102467964676e-11,7.998285286718365e-11,8.000467534420426e-11,8.00264921041448e-11,8.004830314985631e-11,8.007010846298502e-11,8.009190809454321e-11,8.011370198167724e-11,8.013549019303082e-11,8.015727270351945e-11,8.01790495116954e-11,8.02008206226129e-11,8.02225860092199e-11,8.024434571754344e-11,8.026609978689594e-11,8.028784809593672e-11,8.030959072341567e-11,8.033132765684585e-11,8.035305889872967e-11,8.037478445112841e-11,8.039650428928708e-11,8.041821841587153e-11,8.043992691061637e-11,8.046162972429327e-11,8.048332684092998e-11,8.050501830434935e-11,8.052670408419562e-11,8.054838417684994e-11,8.057005860351071e-11,8.05917273566214e-11,8.061339041841256e-11,8.063504783105984e-11,8.065669957628198e-11,8.067834565603791e-11,8.069998607240569e-11,8.072162082330661e-11,8.074324991218165e-11,8.076487334242455e-11,8.078649112418644e-11,8.080810323784735e-11,8.08297096984234e-11,8.085131045877024e-11,8.08729056114742e-11,8.089449510938122e-11,8.091607895962757e-11,8.093765716259604e-11,8.095922971926083e-11,8.098079666205079e-11,8.10023579302028e-11,8.102391356027707e-11,8.104546355077655e-11,8.106700790326446e-11,8.108854662085508e-11,8.11100797029651e-11,8.113160715089563e-11,8.115312897247659e-11,8.117464516008467e-11,8.11961557199101e-11,8.12176606526003e-11,8.123915998260154e-11,8.126065362220517e-11,8.128214168143926e-11,8.130362413223218e-11,8.132510095922921e-11,8.13465721654441e-11,8.136803774732941e-11,8.138949766671761e-11,8.141095198825025e-11,8.143240069126106e-11,8.145384378351745e-11,8.14752813167859e-11,8.149671324341554e-11,8.1518139565175e-11,8.153956028023752e-11,8.15609753859149e-11,8.158238487715502e-11,8.160378878520029e-11,8.162518709581223e-11,8.164657981050873e-11,8.166796693482645e-11,8.168934846389689e-11,8.171072437973326e-11,8.173209472033153e-11,8.175345948089052e-11,8.177481862942846e-11,8.179617221918759e-11,8.181752022952395e-11,8.183886265418374e-11,8.186019949935716e-11,8.188153076654707e-11,8.190285645726866e-11,8.192417656036325e-11,8.194549111003171e-11,8.196680008750673e-11,8.198810349434583e-11,8.200940133210488e-11,8.203069360233751e-11,8.20519803065956e-11,8.20732614464302e-11,8.209453702339399e-11,8.211580703904454e-11,8.21370714947809e-11,8.215833039433332e-11,8.217958373652241e-11,8.220083152278476e-11,8.222207376760226e-11,8.224331045526819e-11,8.226454158964192e-11,8.228576717334339e-11,8.23069872061735e-11,8.232820169795162e-11,8.234941064311863e-11,8.237061401329778e-11,8.239181186586957e-11,8.24130041471032e-11,8.24341909285267e-11,8.245537218141947e-11,8.247654790725139e-11,8.249771807839819e-11,8.251888272182271e-11,8.254004183477215e-11,8.256119541533808e-11,8.258234347267971e-11,8.260348600494651e-11,8.26246230102452e-11,8.264575450734962e-11,8.266688047030402e-11,8.268800090458977e-11,8.27091158205279e-11,8.273022523447952e-11,8.275132915995177e-11,8.277242754526476e-11,8.279352041891698e-11,8.281460777682336e-11,8.283568962674378e-11,8.285676597169007e-11,8.2877836809094e-11,8.289890215070496e-11,8.291996195497947e-11,8.29410162849672e-11,8.29620651155626e-11,8.298310843995907e-11,8.300414627418684e-11,8.302517861287857e-11,8.304620545924081e-11,8.306722681425127e-11,8.308824265627411e-11,8.310925303221589e-11,8.31302579207959e-11,8.315125732503712e-11,8.317225123840551e-11,8.319323967317017e-11,8.321422264356647e-11,8.323520010854627e-11,8.32561721076899e-11,8.327713862228187e-11,8.329809961277237e-11,8.331905518671235e-11,8.334000525302009e-11,8.336094988521181e-11,8.338188904786019e-11,8.340282269483514e-11,8.342375091666024e-11,8.34446736728829e-11,8.346559093322555e-11,8.348650274600759e-11,8.350740910513326e-11,8.352831003546216e-11,8.354920550350821e-11,8.3570095512461e-11,8.359098006658851e-11,8.361185916432959e-11,8.363273281953806e-11,8.365360102305464e-11,8.367446377505879e-11,8.369532105507129e-11,8.37161728972966e-11,8.37370193233111e-11,8.375786030784908e-11,8.377869585242731e-11,8.379952595706679e-11,8.382035062506676e-11,8.384116985793101e-11,8.386198365716222e-11,8.388279202426344e-11,8.390359496073572e-11,8.392439246808116e-11,8.39451845477999e-11,8.396597120139235e-11,8.398675243035875e-11,8.400752823464578e-11,8.402829861612592e-11,8.404906357749164e-11,8.406982312006402e-11,8.409057724275093e-11,8.411132594969466e-11,8.413206924892644e-11,8.415280713149384e-11,8.417353960567855e-11,8.419426667889369e-11,8.421498832760962e-11,8.42357045708339e-11,8.425641539902115e-11,8.427712083087075e-11,8.429782086005089e-11,8.431851549750018e-11,8.433920473042975e-11,8.435988856418175e-11,8.43805669997655e-11,8.440124004399057e-11,8.442190769596624e-11,8.444256995817865e-11,8.44632268266293e-11,8.448387830893223e-11,8.450452440050186e-11,8.452516510879972e-11,8.454580043294106e-11,8.456643037345904e-11,8.458705493298939e-11,8.460767411590731e-11,8.462828792549084e-11,8.464889634928018e-11,8.466949939783449e-11,8.469009705272782e-11,8.471068936006582e-11,8.473127629640793e-11,8.475185786826972e-11,8.477243406904275e-11,8.47930049021201e-11,8.481357037087242e-11,8.483413047589156e-11,8.485468521926246e-11,8.487523454642821e-11,8.48957785758365e-11,8.491631725611312e-11,8.49368505704621e-11,8.49573785248172e-11,8.49779011249908e-11,8.499841837764253e-11,8.501893027991939e-11,8.503943683263098e-11,8.505993804047554e-11,8.508043390294836e-11,8.510092442611643e-11,8.512140957606349e-11,8.514188941768612e-11,8.51623639139276e-11,8.5182833072724e-11,8.520329689828824e-11,8.522375538707457e-11,8.524420854264712e-11,8.526465637145993e-11,8.528509886707673e-11,8.530553602991613e-11,8.532596787085485e-11,8.53463943887212e-11,8.536681558576828e-11,8.538723144688302e-11,8.540764198640436e-11,8.54280472051118e-11,8.544844710651901e-11,8.546884169100198e-11,8.548923095578784e-11,8.550961492012014e-11,8.5529993573365e-11,8.555036691808754e-11,8.557073495849447e-11,8.559109767697098e-11,8.561145510237364e-11,8.563180722253049e-11,8.56521540137722e-11,8.567249551100375e-11,8.5692831701686e-11,8.571316262749308e-11,8.573348823548801e-11,8.575380854016808e-11,8.577412354004022e-11,8.57944332641035e-11,8.581473768960117e-11,8.583503682806602e-11,8.585533069502126e-11,8.587561926583502e-11,8.589590254691012e-11,8.591618054140508e-11,8.593645325156396e-11,8.595672067927108e-11,8.597698281806008e-11,8.599723968154152e-11,8.601749126573055e-11,8.603773757504584e-11,8.605797861140019e-11,8.607821437321839e-11,8.609844486849447e-11,8.611867008570508e-11,8.613889003496658e-11,8.615910471746547e-11,8.617931413460462e-11,8.619951828969162e-11,8.621971718120516e-11,8.623991080779441e-11,8.626009917470435e-11,8.6280282283413e-11,8.630046013539628e-11,8.63206327321297e-11,8.634080007508842e-11,8.636096216574704e-11,8.638111900557831e-11,8.640127059605464e-11,8.642141693864717e-11,8.644155803482577e-11,8.646169388605945e-11,8.648182449381638e-11,8.650194985956308e-11,8.652206998476595e-11,8.654218487088933e-11,8.65622945406198e-11,8.658239897641157e-11,8.66024981827822e-11,8.662259218439774e-11,8.664268091663335e-11,8.666276443320722e-11,8.668284272569838e-11,8.670291577522324e-11,8.672298359476307e-11,8.674304616140777e-11,8.676310351880354e-11,8.678315567879398e-11,8.680320258987312e-11,8.682324428290685e-11,8.684328075931984e-11,8.686331202053539e-11,8.688333806797622e-11,8.690335890369616e-11,8.692337452789407e-11,8.694338493671543e-11,8.696339014305561e-11,8.698339013432905e-11,8.700338492712408e-11,8.702337451569223e-11,8.704335890574306e-11,8.706333809016544e-11,8.708331208436088e-11,8.710328086816595e-11,8.712324445685299e-11,8.714320285069341e-11,8.716315604674965e-11,8.718310407424591e-11,8.720304688977931e-11,8.722298451543982e-11,8.724291695270003e-11,8.726284420885407e-11,8.72827662758866e-11,8.730268315767695e-11,8.732259485746393e-11,8.734250137597687e-11,8.736240272015249e-11,8.738229888039532e-11,8.740218986287616e-11,8.742207567001048e-11,8.744195630328424e-11,8.746183176427245e-11,8.74817020541651e-11,8.750156718089039e-11,8.752142714032505e-11,8.754128192598391e-11,8.75611315458849e-11,8.758097600323219e-11,8.760081530825108e-11,8.762064944103229e-11,8.764047841485793e-11,8.766030223343438e-11,8.768012089328173e-11,8.769993440271494e-11,8.771974275851015e-11,8.773954600745713e-11,8.77593440538309e-11,8.777913695313876e-11,8.779892470625709e-11,8.78187073206039e-11,8.783848478014709e-11,8.785825709511415e-11,8.787802426199135e-11,8.789778634875261e-11,8.791754323749733e-11,8.79372949888377e-11,8.79570416023873e-11,8.79767830756754e-11,8.799651942232799e-11,8.801625064128055e-11,8.803597672429088e-11,8.805569767932582e-11,8.807541350378507e-11,8.80951242032081e-11,8.811482977805044e-11,8.813453022132519e-11,8.815422554855549e-11,8.817391579165018e-11,8.819360087709369e-11,8.821328083835363e-11,8.823295568900763e-11,8.825262549723952e-11,8.8272290127057e-11,8.829194964405657e-11,8.831160407008519e-11,8.833125336779888e-11,8.835089754935629e-11,8.837053664399933e-11,8.839017061243182e-11,8.840979948472717e-11,8.842942329038745e-11,8.844904195309669e-11,8.846865551326955e-11,8.848826397593366e-11,8.850786734346359e-11,8.85274656156032e-11,8.854705879377023e-11,8.856664687951876e-11,8.858622987399654e-11,8.860580777875606e-11,8.862538063311986e-11,8.864494837853477e-11,8.866451105694368e-11,8.868406856394599e-11,8.870362106369785e-11,8.872316847418622e-11,8.87427108044497e-11,8.87622479437525e-11,8.878178010504371e-11,8.880130719880702e-11,8.882082920769014e-11,8.884034613854252e-11,8.885985800838452e-11,8.887936480580804e-11,8.889886653745089e-11,8.891836322192732e-11,8.89378548174755e-11,8.895734130119026e-11,8.897682277012287e-11,8.899629917665492e-11,8.901577052331002e-11,8.903523681124272e-11,8.905469807127156e-11,8.907415427082395e-11,8.909360538874546e-11,8.911305145265589e-11,8.913249246810475e-11,8.915192843315927e-11,8.917135934744648e-11,8.919078521394127e-11,8.921020603932425e-11,8.92296218140855e-11,8.924903259371908e-11,8.926843828184622e-11,8.928783893393268e-11,8.93072345439035e-11,8.932662512360083e-11,8.934601066295206e-11,8.936539120301052e-11,8.938476667624522e-11,8.940413711481276e-11,8.942350252492089e-11,8.944286290153214e-11,8.946221825364853e-11,8.948156857972808e-11,8.95009138805513e-11,8.952025415755214e-11,8.953958941215225e-11,8.955891964576543e-11,8.957824485980018e-11,8.959756505566137e-11,8.961688023475117e-11,8.963619040439308e-11,8.965549555326452e-11,8.967479568640509e-11,8.969409081645204e-11,8.971338093155102e-11,8.973266603945403e-11,8.975194613959115e-11,8.977122123423324e-11,8.979049132300007e-11,8.980975641030362e-11,8.982901649641135e-11,8.984827158233945e-11,8.986752166773318e-11,8.988676676135675e-11,8.990600685414155e-11,8.992524194062376e-11,8.994447204743941e-11,8.996369716315056e-11,8.998291728764472e-11,9.000213242272746e-11,9.002134257097817e-11,9.004054773262502e-11,9.005974790971379e-11,9.007894310336249e-11,9.009813331481183e-11,9.0117318535718e-11,9.013649878726167e-11,9.015567405759925e-11,9.017484435334524e-11,9.019400967475489e-11,9.021317002311613e-11,9.023232539899719e-11,9.025147581938744e-11,9.027062125759373e-11,9.02897617246861e-11,9.030889721879182e-11,9.032802777204091e-11,9.034715334037141e-11,9.03662739478254e-11,9.038538959448287e-11,9.040450035361039e-11,9.042360608189995e-11,9.044270685222383e-11,9.046180266725523e-11,9.048089352551226e-11,9.049997943301459e-11,9.051906038687553e-11,9.053813637405577e-11,9.055720743058997e-11,9.057627353977389e-11,9.059533471246866e-11,9.061439095693135e-11,9.06334422340302e-11,9.065248856664936e-11,9.06715299601563e-11,9.069056641232719e-11,9.070959792765327e-11,9.072862450598184e-11,9.074764614829374e-11,9.076666285637768e-11,9.078567463188279e-11,9.080468147615018e-11,9.082368339563915e-11,9.084268037685192e-11,9.086167245929831e-11,9.088065955300327e-11,9.089964177736215e-11,9.091861906479155e-11,9.093759143642166e-11,9.095655888435776e-11,9.097552141032933e-11,9.099447901882427e-11,9.101343171109162e-11,9.103237948601784e-11,9.10513223510528e-11,9.107026030063904e-11,9.108919334126387e-11,9.110812147518142e-11,9.112704469909932e-11,9.114596301712555e-11,9.116487641753467e-11,9.118378492611112e-11,9.120268853072697e-11,9.122158723537636e-11,9.124048104059243e-11,9.125936994729801e-11,9.127825395693181e-11,9.12971330721928e-11,9.131600728631729e-11,9.133487664157583e-11,9.135374113769581e-11,9.137260068984191e-11,9.139145534593687e-11,9.141030509263349e-11,9.14291499748837e-11,9.144798997817662e-11,9.146682509233173e-11,9.148565532413052e-11,9.150448067511669e-11,9.152330114664711e-11,9.154211674021429e-11,9.15609274563502e-11,9.157973329750182e-11,9.159853426423356e-11,9.161733035834281e-11,9.16361215808959e-11,9.165490793343677e-11,9.167368941693838e-11,9.169246603071438e-11,9.171123777848915e-11,9.173000466160727e-11,9.174876668141384e-11,9.176752383925207e-11,9.17862761364648e-11,9.180502357439362e-11,9.182376615437934e-11,9.184250387776132e-11,9.186123674587728e-11,9.187996476006486e-11,9.189868792165734e-11,9.191740623198737e-11,9.193611969238459e-11,9.195482830417491e-11,9.197353206868137e-11,9.199223098721902e-11,9.201092506109711e-11,9.202961429161128e-11,9.204829868004491e-11,9.20669782276539e-11,9.208565293565038e-11,9.210432280517228e-11,9.212298783718346e-11,9.214164803219834e-11,9.216030338871216e-11,9.217895389485658e-11,9.219759959045339e-11,9.221624045974569e-11,9.223487650233084e-11,9.225350771892824e-11,9.227213411057613e-11,9.229075567843503e-11,9.230937242372747e-11,9.232798434771373e-11,9.234659145167218e-11,9.236519373689553e-11,9.238379120468598e-11,9.240238385635394e-11,9.24209716932118e-11,9.243955471657569e-11,9.245813292776349e-11,9.24767063280959e-11,9.249527491889583e-11,9.25138387014858e-11,9.253239767718972e-11,9.255095184733194e-11,9.256950121323739e-11,9.2588045776231e-11,9.260658553763799e-11,9.262512049878369e-11,9.26436506609937e-11,9.266217602559318e-11,9.268069659390744e-11,9.269921236726148e-11,9.27177233469805e-11,9.273622953438956e-11,9.275473093351815e-11,9.277322754295164e-11,9.279171936401621e-11,9.281020639803758e-11,9.282868864634097e-11,9.284716611025136e-11,9.286563879109317e-11,9.288410669019065e-11,9.290256980886749e-11,9.292102814844703e-11,9.293948170990226e-11,9.295793049490082e-11,9.2976374507791e-11,9.299481374383177e-11,9.301324820430808e-11,9.303167789699555e-11,9.305010282009161e-11,9.306852297488752e-11,9.308693836166976e-11,9.310534898256024e-11,9.312375483886495e-11,9.314215593192712e-11,9.316055226298286e-11,9.317894383349461e-11,9.319733064470683e-11,9.321571269793357e-11,9.323408999447797e-11,9.325246253569376e-11,9.32708303224438e-11,9.328919335797311e-11,9.33075516423195e-11,9.332590517278757e-11,9.334425395384638e-11,9.336259798665374e-11,9.33809372498055e-11,9.339927179248943e-11,9.341760159732076e-11,9.343592665461798e-11,9.345424697378535e-11,9.347256255858035e-11,9.349087340037611e-11,9.350917950692719e-11,9.352748087564116e-11,9.354577751093502e-11,9.356406941466223e-11,9.358235658412865e-11,9.360063902869952e-11,9.361891671129614e-11,9.363718969133625e-11,9.365545793395728e-11,9.367372145257188e-11,9.369198024832865e-11,9.371023433235997e-11,9.372848369536797e-11,9.374672834127797e-11,9.376496826760449e-11,9.378320348439019e-11,9.380143398108789e-11,9.381965974520618e-11,9.383788081032617e-11,9.385609716252534e-11,9.387430880307972e-11,9.389251573060694e-11,9.391071796611098e-11,9.392891548122004e-11,9.394710829112201e-11,9.39652963885234e-11,9.398347979226226e-11,9.400165849430547e-11,9.401983249595912e-11,9.403800179786765e-11,9.405616640178753e-11,9.407432630897921e-11,9.409248151981393e-11,9.411063203654584e-11,9.412877786237412e-11,9.414691899171566e-11,9.416505543437344e-11,9.418318718855513e-11,9.420131425676755e-11,9.421943663876532e-11,9.423755433658588e-11,9.425566735081327e-11,9.427377568184035e-11,9.429187933189509e-11,9.430997830248639e-11,9.43280725947291e-11,9.434616220751898e-11,9.436424714471295e-11,9.438232740758861e-11,9.440040299742548e-11,9.4418473915504e-11,9.443654016310571e-11,9.445460174151309e-11,9.4472658652009e-11,9.449071089587686e-11,9.450875846899977e-11,9.452680137908738e-11,9.45448396286295e-11,9.456287323806856e-11,9.458090220712205e-11,9.459892648259683e-11,9.461694608002996e-11,9.463496103627515e-11,9.46529713373563e-11,9.467097698455708e-11,9.468897797916017e-11,9.470697432244788e-11,9.472496601570134e-11,9.47429530602011e-11,9.476093545722651e-11,9.477891320805589e-11,9.479688631396647e-11,9.481485477623397e-11,9.483281859613265e-11,9.485077777493494e-11,9.48687323134637e-11,9.48866822162694e-11,9.490462748193554e-11,9.492256811168659e-11,9.494050410685451e-11,9.495843546855878e-11,9.497636219841648e-11,9.499428429753806e-11,9.501220176720035e-11,9.503011460869682e-11,9.504802282328731e-11,9.506592641225026e-11,9.508382537686327e-11,9.510171969922951e-11,9.511960941897466e-11,9.513749451821001e-11,9.515537499856658e-11,9.517325086069794e-11,9.519112210511907e-11,9.520898874750074e-11,9.522685076322179e-11,9.524470816193251e-11,9.526256095634208e-11,9.528040915538322e-11,9.529825273884158e-11,9.531609169522345e-11,9.533392606202191e-11,9.535175581450886e-11,9.536958096304546e-11,9.538740150890348e-11,9.540521745335427e-11,9.542302879766409e-11,9.544083554255166e-11,9.545863768920051e-11,9.547643523936059e-11,9.549422819501058e-11,9.551201655443018e-11,9.552980031785151e-11,9.554757949659073e-11,9.556535408553168e-11,9.558312408609999e-11,9.560088950581528e-11,9.561865033155932e-11,9.563640657313996e-11,9.565415822368671e-11,9.567190529934821e-11,9.568964779516314e-11,9.570738570985814e-11,9.57251190471273e-11,9.574284780469188e-11,9.576057198813751e-11,9.577829159666509e-11,9.579600663108245e-11,9.581371709611354e-11,9.583142299450976e-11,9.58491243169166e-11,9.586682107080288e-11,9.58845132574345e-11,9.59022008810149e-11,9.591988393934283e-11,9.593756244110088e-11,9.595523637181522e-11,9.597290573961717e-11,9.599057056279825e-11,9.600823081376878e-11,9.602588649832058e-11,9.604353763805504e-11,9.606118421788752e-11,9.607882627014985e-11,9.609646363220927e-11,9.611409652526038e-11,9.613172490256089e-11,9.614934872900266e-11,9.61669680098596e-11,9.61845827410573e-11,9.620219293193192e-11,9.621979857950874e-11,9.623739971652352e-11,9.625499627422286e-11,9.627258828816839e-11,9.629017577487615e-11,9.630775872452804e-11,9.63253371383762e-11,9.634291101767241e-11,9.636048036366808e-11,9.637804517761427e-11,9.639560546076172e-11,9.641316121494883e-11,9.643071244091873e-11,9.644825913999208e-11,9.646580131361641e-11,9.648333896011478e-11,9.650087208555735e-11,9.651840068708227e-11,9.65359247669753e-11,9.655344432934773e-11,9.657095937325211e-11,9.658846990009316e-11,9.660597591111732e-11,9.662347740757056e-11,9.664097439069862e-11,9.665846686174682e-11,9.667595482196012e-11,9.669343827258315e-11,9.671091721486019e-11,9.672839165003524e-11,9.674586158041339e-11,9.676332700625995e-11,9.678078792883219e-11,9.67982443520596e-11,9.681569627168979e-11,9.683314369104165e-11,9.685058661436514e-11,9.686802503874254e-11,9.688545896979709e-11,9.690288840269189e-11,9.692031334248702e-11,9.693773378523486e-11,9.695514973764925e-11,9.6972561200854e-11,9.698996817600484e-11,9.700737066650639e-11,9.702476867097898e-11,9.704216219068549e-11,9.705955122514443e-11,9.707693578412692e-11,9.709431586488265e-11,9.711169143683589e-11,9.71290625786971e-11,9.714642921568463e-11,9.716379137654342e-11,9.718114906250657e-11,9.719850227481065e-11,9.721585101484929e-11,9.723319529930981e-11,9.72505350173715e-11,9.726787029742762e-11,9.728520109162613e-11,9.730252750807375e-11,9.73198494422128e-11,9.73371669164616e-11,9.735447990350812e-11,9.737178844041733e-11,9.738909252677607e-11,9.740639215097652e-11,9.742368731923957e-11,9.744097802971233e-11,9.745826428499153e-11,9.747554608630847e-11,9.749282343488385e-11,9.751009633234382e-11,9.752736477987952e-11,9.754462875912538e-11,9.756188830905329e-11,9.757914337134962e-11,9.759639402928283e-11,9.761364024821817e-11,9.763088201280622e-11,9.764811934222914e-11,9.766535226456589e-11,9.768258062674376e-11,9.76998046388773e-11,9.77170242127801e-11,9.77342393565812e-11,9.775145006197569e-11,9.776865632832683e-11,9.778585816964617e-11,9.780305556511856e-11,9.782024851507785e-11,9.783743707000421e-11,9.785462119414308e-11,9.787180089159783e-11,9.788897616559455e-11,9.790614698168897e-11,9.792331340746827e-11,9.794047538501774e-11,9.79576329133921e-11,9.797478608121457e-11,9.799193482988036e-11,9.80090791607963e-11,9.802621907675433e-11,9.804335457897853e-11,9.806048566870141e-11,9.807761234715517e-11,9.809473461556977e-11,9.811185247517195e-11,9.81289659346477e-11,9.814607496760042e-11,9.81631796068792e-11,9.818027984890447e-11,9.819737569098849e-11,9.82144671288924e-11,9.823155416392548e-11,9.824863679994127e-11,9.826571503815095e-11,9.828278887976535e-11,9.829985832599517e-11,9.831692337805038e-11,9.833398403714095e-11,9.835104030447643e-11,9.836809218126587e-11,9.838513966871818e-11,9.840218276804184e-11,9.841922148044487e-11,9.84362558071351e-11,9.845328574931993e-11,9.847031130820658e-11,9.848733248500162e-11,9.850434928314193e-11,9.852136170404987e-11,9.85383697461446e-11,9.855537341049026e-11,9.857237273134194e-11,9.858936764491141e-11,9.860635818506124e-11,9.862334435039423e-11,9.864032614075167e-11,9.865730356619281e-11,9.867427662284028e-11,9.86912453116185e-11,9.870820963123302e-11,9.872516959048774e-11,9.87421251601655e-11,9.875907639284738e-11,9.877602325381934e-11,9.879296575368746e-11,9.880990389404792e-11,9.882683766277728e-11,9.884376707664949e-11,9.88606921363726e-11,9.887761284282207e-11,9.889452921120805e-11,9.891144121062267e-11,9.892834888627452e-11,9.894525220298443e-11,9.896215118697281e-11,9.89790458232764e-11,9.899593609676971e-11,9.901282202550291e-11,9.902970361065816e-11,9.904658085342023e-11,9.906345375497557e-11,9.908032231651192e-11,9.909718653921818e-11,9.911404641312657e-11,9.913090189307334e-11,9.914775309197568e-11,9.916459997419617e-11,9.918144252643898e-11,9.919828074130929e-11,9.921511463584326e-11,9.923194418471993e-11,9.92487694150148e-11,9.926559033328575e-11,9.928240690724828e-11,9.929921916568932e-11,9.931602710957659e-11,9.933283071355682e-11,9.934962999469314e-11,9.936642495781792e-11,9.938321554717186e-11,9.940000188320218e-11,9.941678389856042e-11,9.943356160224842e-11,9.945033498516863e-11,9.946710405873934e-11,9.948386882266702e-11,9.950062926147317e-11,9.951738540406101e-11,9.953413723707362e-11,9.95508847644602e-11,9.956762798275109e-11,9.958436689480695e-11,9.960110150494585e-11,9.961783179664966e-11,9.96345577710625e-11,9.965127947815188e-11,9.966799688587237e-11,9.968470999968985e-11,9.970141881586636e-11,9.971812334817918e-11,9.97348235699243e-11,9.975151951101262e-11,9.976821116123111e-11,9.978489852090184e-11,9.980158158437204e-11,9.98182603854438e-11,9.983493487409645e-11,9.985160509218783e-11,9.986827097197114e-11,9.988493260765307e-11,9.990158995970856e-11,9.991824302902488e-11,9.993489185217321e-11,9.99515363673963e-11,9.996817660511993e-11,9.998481256641987e-11,1.0000144425261867e-10,1.000180716299578e-10,1.0003469477084059e-10,1.0005131363022593e-10,1.000679282588757e-10,1.0008453862891634e-10,1.001011447348835e-10,1.0011774656016701e-10,1.0013434408977831e-10,1.0015093735740494e-10,1.0016752635950777e-10,1.0018411109959095e-10,1.0020069157887633e-10,1.0021726779821161e-10,1.0023383975960625e-10,1.0025040746340512e-10,1.002669709110924e-10,1.0028353009272997e-10,1.0030008502989906e-10,1.0031663571006941e-10,1.0033318217689027e-10,1.0034972437524669e-10,1.0036626231054512e-10,1.0038279599790744e-10,1.003993254398779e-10,1.0041585063390122e-10,1.0043237158599282e-10,1.0044888829296097e-10,1.0046540075747224e-10,1.0048190898202077e-10,1.0049841296539381e-10,1.005149127133534e-10,1.0053140821029631e-10,1.005478994824072e-10,1.0056438651935112e-10,1.0058086932246135e-10,1.00597347892638e-10,1.0061382223016011e-10,1.0063029233721646e-10,1.0064675821496445e-10,1.0066321986456142e-10,1.0067967728716391e-10,1.0069613045753344e-10,1.0071257942796889e-10,1.0072902416390985e-10,1.0074546470249065e-10,1.007619010100419e-10,1.007783330958267e-10,1.0079476095165563e-10,1.0081118459058399e-10,1.008276040235457e-10,1.0084401923926075e-10,1.0086043020997819e-10,1.0087683699460072e-10,1.0089323957156972e-10,1.00909637939126e-10,1.0092603209708265e-10,1.009424220465964e-10,1.0095880778882338e-10,1.0097518932491944e-10,1.0099156665604019e-10,1.0100793978334086e-10,1.0102430870797631e-10,1.0104067343110104e-10,1.0105703395386933e-10,1.0107339027743493e-10,1.0108974240295149e-10,1.0110609033157223e-10,1.0112243406444991e-10,1.0113877360273712e-10,1.0115510894758601e-10,1.0117144010014853e-10,1.0118776706157603e-10,1.0120408983301982e-10,1.0122040841563069e-10,1.0123672281055922e-10,1.0125303301895548e-10,1.0126933904196944e-10,1.0128564088075052e-10,1.0130193853644788e-10,1.0131823201021035e-10,1.0133452130318649e-10,1.0135080641652442e-10,1.0136708735137204e-10,1.0138336410887679e-10,1.0139963669018584e-10,1.0141590509644605e-10,1.0143216932880385e-10,1.0144842938840553e-10,1.0146468527639673e-10,1.0148093699392312e-10,1.0149718454212977e-10,1.0151342792216149e-10,1.0152966713516283e-10,1.0154590218227796e-10,1.0156213306465058e-10,1.015783597834244e-10,1.0159458233962854e-10,1.0161080073451995e-10,1.0162701496924105e-10,1.0164322504493408e-10,1.0165943096274087e-10,1.0167563272380285e-10,1.0169183032926126e-10,1.0170802378025686e-10,1.0172421307793018e-10,1.0174039822342137e-10,1.0175657921787032e-10,1.017727560624165e-10,1.0178892875819907e-10,1.0180509730635686e-10,1.0182126170802844e-10,1.0183742196435191e-10,1.0185357807646516e-10,1.0186973004550572e-10,1.0188587787261068e-10,1.0190202155891696e-10,1.0191816110556112e-10,1.0193429651367927e-10,1.0195042778440732e-10,1.019665549188808e-10,1.0198267791823485e-10,1.019987967836044e-10,1.0201491151612396e-10,1.0203102211692771e-10,1.0204712858714954e-10,1.0206323092792304e-10,1.020793291403814e-10,1.0209542322565748e-10,1.0211151318488381e-10,1.0212759901919273e-10,1.0214368072971604e-10,1.0215975831758528e-10,1.021758317839318e-10,1.021919011298864e-10,1.0220796635657977e-10,1.0222402746514203e-10,1.0224008445670318e-10,1.022561373323928e-10,1.0227218609334015e-10,1.0228823074067408e-10,1.0230427127552338e-10,1.0232030769901619e-10,1.0233634001228049e-10,1.0235236821644389e-10,1.0236839231263364e-10,1.0238441230197685e-10,1.0240042818560002e-10,1.0241643996462952e-10,1.0243244764019126e-10,1.02448451213411e-10,1.0246445068541396e-10,1.0248044605732521e-10,1.0249643733026936e-10,1.025124245055049e-10,1.0252840758408466e-10,1.025443865670305e-10,1.0256036145550439e-10,1.0257633225062934e-10,1.0259229895352806e-10,1.026082615653229e-10,1.0262422008713593e-10,1.0264017452008886e-10,1.0265612486852033e-10,1.0267207112711616e-10,1.0268801329601101e-10,1.0270395139224988e-10,1.0271988539524356e-10,1.0273581531857288e-10,1.0275174116088505e-10,1.0276766293563661e-10,1.0278358061865411e-10,1.0279949422460169e-10,1.028154037623576e-10,1.0283130921544817e-10,1.0284721059302332e-10,1.0286310789764946e-10,1.0287900112988736e-10,1.0289489029083259e-10,1.0291077538156868e-10,1.0292665640316285e-10,1.0294253335665299e-10,1.029584062474633e-10,1.0297427507061058e-10,1.0299013983177771e-10,1.0300600052979458e-10,1.0302185716578567e-10,1.0303770974084246e-10,1.0305355825629817e-10,1.0306940271443886e-10,1.030852431134059e-10,1.031010794559013e-10,1.0311691173912257e-10,1.03132739972233e-10,1.0314856415181279e-10,1.0316438427949345e-10,1.0318020035633943e-10,1.0319601238498926e-10,1.0321182036453534e-10,1.0322762429526529e-10,1.0324342414945556e-10,1.0325922000701112e-10,1.0327501180992794e-10,1.0329079956140513e-10,1.0330658327084177e-10,1.0332236294448195e-10,1.033381385738138e-10,1.0335391020474376e-10,1.0336967771357317e-10,1.0338544124167913e-10,1.0340120074495432e-10,1.0341695619115785e-10,1.0343270760409696e-10,1.0344845499293798e-10,1.034641983418117e-10,1.0347993765492986e-10,1.0349567294496059e-10,1.0351140420854245e-10,1.0352713144726776e-10,1.0354285465895015e-10,1.0355857384612499e-10,1.0357428900991094e-10,1.0359000015099806e-10,1.0360570726948769e-10,1.0362141036681901e-10,1.0363710946233996e-10,1.0365280452598722e-10,1.0366849557359541e-10,1.0368418260562462e-10,1.0369986562153428e-10,1.037155446248078e-10,1.0373121961723323e-10,1.0374689059292259e-10,1.0376255756313608e-10,1.0377822052562076e-10,1.0379387948397995e-10,1.0380953443499802e-10,1.0382518537553484e-10,1.0384083231060517e-10,1.0385647524160005e-10,1.0387211416984942e-10,1.0388774909167527e-10,1.0390338002015684e-10,1.0391900695087052e-10,1.0393462988356635e-10,1.0395024883016626e-10,1.0396586377155899e-10,1.0398147473101074e-10,1.0399708168288824e-10,1.0401268464630879e-10,1.0402828361413427e-10,1.0404387859163742e-10,1.040594695781486e-10,1.0407505657856509e-10,1.0409063957838504e-10,1.0410621860548489e-10,1.0412179364766041e-10,1.0413736470616926e-10,1.0415293178111366e-10,1.0416849487534959e-10,1.041840539888572e-10,1.0419960912318848e-10,1.042151602792003e-10,1.042307074579814e-10,1.0424625066751114e-10,1.0426178988945038e-10,1.042773251443945e-10,1.0429285643550335e-10,1.0430838374344026e-10,1.0432390707993874e-10,1.0433942644697967e-10,1.0435494184530962e-10,1.0437045328245362e-10,1.0438596074932201e-10,1.0440146425036471e-10,1.0441696378347452e-10,1.0443245935723503e-10,1.0444795096802156e-10,1.0446343861883852e-10,1.0447892231443425e-10,1.044944020474824e-10,1.0450987782247156e-10,1.045253496499768e-10,1.0454081751094046e-10,1.0455628140794489e-10,1.0457174135261145e-10,1.0458719737451737e-10,1.0460264942598522e-10,1.0461809752778825e-10,1.0463354167986307e-10,1.0464898188066324e-10,1.0466441813954668e-10,1.046798504510427e-10,1.0469527881783899e-10,1.0471070324109287e-10,1.0472612372163919e-10,1.0474154026112948e-10,1.0475695286017891e-10,1.0477236151991656e-10,1.0478776624104225e-10,1.0480316702512844e-10,1.0481856387316178e-10,1.0483395681786552e-10,1.0484934579697586e-10,1.0486473084185015e-10,1.048801119563515e-10,1.0489548913819869e-10,1.0491086239337852e-10,1.0492623171956039e-10,1.0494159711908935e-10,1.0495695859683194e-10,1.0497231614372092e-10,1.0498766976725537e-10,1.0500301950353001e-10,1.0501836528202892e-10,1.0503370714630731e-10,1.0504904508221683e-10,1.0506437910115012e-10,1.0507970920039957e-10,1.0509503538205478e-10,1.0511035764485758e-10,1.0512567599566017e-10,1.0514099043315768e-10,1.0515630095949376e-10,1.0517160757575388e-10,1.0518691028485704e-10,1.0520220910753283e-10,1.0521750399439265e-10,1.0523279497450951e-10,1.0524808204849641e-10,1.0526336521356948e-10,1.0527864444881636e-10,1.0529391981112654e-10,1.053091912717552e-10,1.0532445883020505e-10,1.053397224919477e-10,1.0535498225294406e-10,1.0537023811736487e-10,1.053854900850361e-10,1.0540073815896578e-10,1.0541598233502529e-10,1.0543122261786562e-10,1.0544645901643934e-10,1.0546169151941381e-10,1.0547692012973907e-10,1.054921448523108e-10,1.0550736568571385e-10,1.0552258263794714e-10,1.0553779570035195e-10,1.0555300487910649e-10,1.0556821017367092e-10,1.0558341158188891e-10,1.0559860910941468e-10,1.056138027584217e-10,1.056289925292465e-10,1.0564417841993252e-10,1.0565936043385534e-10,1.0567453857152964e-10,1.0568971283448467e-10,1.057048832233421e-10,1.0572004973916224e-10,1.0573521238300484e-10,1.0575037115592986e-10,1.0576552605899675e-10,1.0578067709326515e-10,1.0579582425979413e-10,1.0581096747279974e-10,1.0582610683114946e-10,1.0584124233400137e-10,1.0585637403939829e-10,1.058715018823148e-10,1.0588662586377288e-10,1.059017459848755e-10,1.0591686224681747e-10,1.0593197465032127e-10,1.0594708320432428e-10,1.0596218789488454e-10,1.0597728868446051e-10,1.0599238561464715e-10,1.0600747868336903e-10,1.0602256788421292e-10,1.0603765326027869e-10,1.0605273477763442e-10,1.0606781251049205e-10,1.0608288639642545e-10,1.0609795636681126e-10,1.0611302245897402e-10,1.0612808474037971e-10,1.0614314326986481e-10,1.0615819795681066e-10,1.0617324880244054e-10,1.0618829580807079e-10,1.0620333897013436e-10,1.0621837828078057e-10,1.0623341373974045e-10,1.0624844536435587e-10,1.062634731522458e-10,1.0627849712061822e-10,1.0629351724124539e-10,1.0630853348430419e-10,1.063235458967376e-10,1.0633855452376581e-10,1.0635355932279815e-10,1.0636856029401486e-10,1.0638355743846036e-10,1.0639855075718492e-10,1.0641354025124056e-10,1.06428525921652e-10,1.0644350776947087e-10,1.0645848579574205e-10,1.0647346000222154e-10,1.0648843037765508e-10,1.0650339691329557e-10,1.0651835965437899e-10,1.0653331858756096e-10,1.0654827370647967e-10,1.065632250094829e-10,1.0657817250365544e-10,1.0659311615786868e-10,1.0660805603287029e-10,1.0662299209081375e-10,1.0663792433993715e-10,1.0665285274190994e-10,1.0666777737400151e-10,1.0668269820055788e-10,1.066976152278968e-10,1.0671252844697443e-10,1.0672743786358518e-10,1.067423434545473e-10,1.0675724527206413e-10,1.06772143309991e-10,1.0678703751746614e-10,1.0680192793534243e-10,1.0681681454588978e-10,1.0683169735218295e-10,1.0684657638650019e-10,1.0686145161670883e-10,1.068763230673116e-10,1.0689119072187461e-10,1.0690605459367284e-10,1.0692091466894272e-10,1.0693577095517647e-10,1.0695062345397292e-10,1.0696547216671248e-10,1.0698031710379114e-10,1.0699515827090455e-10,1.0700999564242141e-10,1.0702482922232672e-10,1.0703965902206322e-10,1.0705448504044191e-10,1.0706930727848339e-10,1.070841257385549e-10,1.0709894042351847e-10,1.0711375130586223e-10,1.0712855843806094e-10,1.0714336179599315e-10,1.0715816138703891e-10,1.0717295719266234e-10,1.0718774923938913e-10,1.072025375194763e-10,1.0721732202229055e-10,1.0723210275935604e-10,1.072468797259106e-10,1.07261652888658e-10,1.0727642233048465e-10,1.0729118793112325e-10,1.0730594984434483e-10,1.0732070799731104e-10,1.0733546238874761e-10,1.0735021302142315e-10,1.0736495979576207e-10,1.0737970291348978e-10,1.0739444223899318e-10,1.0740917785940482e-10,1.0742390970799454e-10,1.0743863774339694e-10,1.0745336209097572e-10,1.0746808267995073e-10,1.0748279954669439e-10,1.0749751268323514e-10,1.075122220330477e-10,1.0752692764330377e-10,1.0754162949609927e-10,1.0755632760398699e-10,1.0757102197726868e-10,1.0758571262107924e-10,1.0760039950278368e-10,1.0761508263784005e-10,1.0762976203442397e-10,1.0764443769351399e-10,1.0765910961448297e-10,1.0767377779360835e-10,1.0768844227405428e-10,1.0770310298683912e-10,1.0771775997610617e-10,1.0773241322206528e-10,1.0774706273561721e-10,1.0776170850799886e-10,1.0777635056145746e-10,1.0779098888110885e-10,1.0780562347993146e-10,1.0782025432986347e-10,1.078348814990302e-10,1.0784950491396917e-10,1.0786412460979947e-10,1.0787874058291388e-10,1.0789335283481087e-10,1.0790796136553835e-10,1.079225661765942e-10,1.079371672689928e-10,1.0795176464432806e-10,1.0796635830286882e-10,1.0798094824237846e-10,1.0799553447223389e-10,1.0801011698654886e-10,1.0802469578858923e-10,1.0803927087875989e-10,1.0805384225897124e-10,1.0806840991487552e-10,1.0808297387612084e-10,1.0809753413180122e-10,1.0811209065829866e-10,1.0812664350199489e-10,1.0814119264062965e-10,1.0815573807470357e-10,1.0817027980623663e-10,1.0818481783243798e-10,1.0819935216213923e-10,1.0821388278020866e-10,1.0822840971200984e-10,1.0824293294638028e-10,1.082574524841386e-10,1.0827196835443177e-10,1.0828648050009057e-10,1.0830098894368395e-10,1.0831549370746483e-10,1.0832999477860898e-10,1.0834449215919415e-10,1.0835898585040332e-10,1.0837347585337775e-10,1.0838796217007119e-10,1.0840244479559021e-10,1.084169237402838e-10,1.0843139899970273e-10,1.084458705794857e-10,1.084603384948167e-10,1.0847480270872484e-10,1.084892632450559e-10,1.0850372009778318e-10,1.0851817327217549e-10,1.085326227692389e-10,1.0854706858998094e-10,1.0856151073530477e-10,1.0857594920402492e-10,1.0859038399351484e-10,1.0860481512201835e-10,1.086192425760235e-10,1.0863366636072578e-10,1.0864808647630271e-10,1.0866250292271316e-10,1.0867691570304483e-10,1.0869132481662867e-10,1.0870573026391157e-10,1.0872013204767718e-10,1.0873453016518828e-10,1.0874892462158791e-10,1.0876331541793347e-10,1.087777025529238e-10,1.087920860292597e-10,1.0880646584718919e-10,1.0882084199587383e-10,1.0883521446161376e-10,1.0884958331184212e-10,1.0886394850841708e-10,1.0887831005084676e-10,1.0889266794131729e-10,1.0890702217873433e-10,1.089213727651782e-10,1.0893571970288368e-10,1.0895006299216121e-10,1.0896440263405934e-10,1.0897873862955716e-10,1.0899307097998718e-10,1.0900739968583817e-10,1.0902172474776107e-10,1.0903604618018166e-10,1.0905036395985375e-10,1.0906467809778872e-10,1.0907898859627319e-10,1.0909329545630151e-10,1.0910759868035395e-10,1.0912189826804451e-10,1.0913619422379587e-10,1.0915048653498923e-10,1.0916477521139742e-10,1.091790602627627e-10,1.0919334169049718e-10,1.0920761945439507e-10,1.0922189361170826e-10,1.0923616414146494e-10,1.0925043103469616e-10,1.0926469430157522e-10,1.0927895394317133e-10,1.0929320996061153e-10,1.093074623551708e-10,1.093217110581644e-10,1.0933595621566399e-10,1.093501977527421e-10,1.0936443566969644e-10,1.0937866997499575e-10,1.0939290066010858e-10,1.0940712771639175e-10,1.0942135115630456e-10,1.0943557098105327e-10,1.0944978720216981e-10,1.0946399981720957e-10,1.0947820881334999e-10,1.0949241419843515e-10,1.0950661597085547e-10,1.0952081413208745e-10,1.0953500869036966e-10,1.0954919966114172e-10,1.095633870061411e-10,1.0957757074600664e-10,1.0959175087624512e-10,1.0960592740683271e-10,1.096201003244906e-10,1.0963426966195655e-10,1.0964843538702138e-10,1.0966259751701864e-10,1.0967675604974983e-10,1.0969091098538057e-10,1.0970506232488972e-10,1.0971921006881542e-10,1.0973335418678184e-10,1.0974749474015852e-10,1.0976163171437861e-10,1.097757650945224e-10,1.0978989487784477e-10,1.0980402107193055e-10,1.0981814369268293e-10,1.0983226271315111e-10,1.0984637814517217e-10,1.0986048999025963e-10,1.0987459826118989e-10,1.0988870292526326e-10,1.0990280402074612e-10,1.0991690153043721e-10,1.0993099546935826e-10,1.099450858242762e-10,1.0995917260064813e-10,1.0997325578739504e-10,1.0998733540985511e-10,1.1000141146189375e-10,1.100154839323326e-10,1.1002955283113828e-10,1.10043618153834e-10,1.1005767990746714e-10,1.1007173809043797e-10,1.1008579270466015e-10,1.1009984374748028e-10,1.1011389122412837e-10,1.101279351335943e-10,1.1014197546996427e-10,1.1015601224883067e-10,1.1017004544987762e-10,1.1018407513828032e-10,1.1019810122795208e-10,1.1021212376970846e-10,1.1022614273819614e-10,1.102401581475515e-10,1.1025416998533924e-10,1.1026817825512644e-10,1.1028218301628521e-10,1.1029618419876087e-10,1.1031018180883527e-10,1.103241758760157e-10,1.1033816639845018e-10,1.1035215335830194e-10,1.103661367815832e-10,1.1038011665182002e-10,1.1039409297579854e-10,1.1040806575161287e-10,1.1042203498119231e-10,1.1043600066410933e-10,1.1044996279135783e-10,1.104639214100753e-10,1.1047787645832235e-10,1.1049182799693173e-10,1.105057759228338e-10,1.1051972037773757e-10,1.1053366131133645e-10,1.105475986636234e-10,1.105615324765996e-10,1.1057546275495484e-10,1.1058938949922597e-10,1.1060331271398262e-10,1.1061723239308615e-10,1.1063114853846114e-10,1.1064506114431324e-10,1.1065897022667084e-10,1.1067287577027911e-10,1.106867777969284e-10,1.1070067629646977e-10,1.1071457126931572e-10,1.1072846271653576e-10,1.1074235064041565e-10,1.1075623504601866e-10,1.1077011596054803e-10,1.1078399336025521e-10,1.1079786717420349e-10,1.1081173750215769e-10,1.1082560430851423e-10,1.1083946760037296e-10,1.1085332736176175e-10,1.1086718359870981e-10,1.1088103632105559e-10,1.1089488552987717e-10,1.1090873123710026e-10,1.1092257343679504e-10,1.1093641211243883e-10,1.109502472842483e-10,1.1096407893673274e-10,1.1097790703087042e-10,1.1099173168102256e-10,1.1100555282141921e-10,1.1101937045914444e-10,1.1103318458127829e-10,1.1104699519949224e-10,1.1106080231487217e-10,1.1107460592844936e-10,1.1108840604122791e-10,1.1110220266211853e-10,1.1111599576768896e-10,1.1112978541810147e-10,1.1114357154740628e-10,1.1115735418293295e-10,1.1117113330612983e-10,1.1118490894611989e-10,1.1119868110703987e-10,1.1121244977510664e-10,1.112262149410567e-10,1.1123997659378812e-10,1.1125373477889067e-10,1.1126748952791553e-10,1.1128124073786437e-10,1.1129498844654209e-10,1.113087326879145e-10,1.1132247343162446e-10,1.1133621070105362e-10,1.1134994449144651e-10,1.1136367479896921e-10,1.1137740162680411e-10,1.1139112497451936e-10,1.1140484484325364e-10,1.1141856124233835e-10,1.1143227415681142e-10,1.1144598359458717e-10,1.1145968955778003e-10,1.1147339204714826e-10,1.114870910678123e-10,1.115007866107122e-10,1.1151447868469127e-10,1.11528167286239e-10,1.1154185241629835e-10,1.1155553408112978e-10,1.1156921227843479e-10,1.1158288701016618e-10,1.1159655827729065e-10,1.1161022607801154e-10,1.1162389041579599e-10,1.1163755128569325e-10,1.1165120869798108e-10,1.1166486265569975e-10,1.1167851315110542e-10,1.11692160208316e-10,1.1170580384067273e-10,1.1171944395740389e-10,1.1173308061790519e-10,1.1174671382297237e-10,1.1176034357366437e-10,1.1177396987125957e-10,1.1178759271525155e-10,1.1180121210918754e-10,1.1181482805663528e-10,1.1182844054531662e-10,1.1184204958841136e-10,1.1185565518115475e-10,1.118692573310449e-10,1.1188285603502205e-10,1.1189645129398043e-10,1.1191004310893675e-10,1.1192363148032743e-10,1.1193721640973749e-10,1.1195079789873917e-10,1.1196437594656863e-10,1.119779505481476e-10,1.1199152169799409e-10,1.120050894369799e-10,1.1201865373256362e-10,1.1203221458813547e-10,1.1204577202929277e-10,1.1205932602140959e-10,1.1207287658067054e-10,1.1208642370801664e-10,1.1209996740437998e-10,1.1211350767145583e-10,1.1212704450991967e-10,1.1214057791890714e-10,1.1215410790063872e-10,1.1216763444959174e-10,1.121811575566716e-10,1.1219467725980287e-10,1.1220819355059134e-10,1.1222170634122149e-10,1.1223521577891716e-10,1.1224872179585286e-10,1.1226222439295638e-10,1.1227572357129634e-10,1.1228921937572406e-10,1.1230271171888439e-10,1.1231620064592136e-10,1.1232968616158839e-10,1.1234316825698911e-10,1.1235664694121327e-10,1.123701222120333e-10,1.1238359407199833e-10,1.1239706252356145e-10,1.1241052753868028e-10,1.1242398914157786e-10,1.1243744735262445e-10,1.1245090216935682e-10,1.1246435358687342e-10,1.1247780159805894e-10,1.1249124615438454e-10,1.1250468734987957e-10,1.1251812513800487e-10,1.1253155953291694e-10,1.1254499052627989e-10,1.1255841812800307e-10,1.1257184234182294e-10,1.1258526314311577e-10,1.125986805395352e-10,1.1261209454483244e-10,1.1262550516385168e-10,1.1263891238496314e-10,1.1265231620935331e-10,1.1266571662429769e-10,1.1267911366122813e-10,1.126925073047062e-10,1.127058975540712e-10,1.127192844302221e-10,1.1273266792263175e-10,1.12746048024972e-10,1.127594247480998e-10,1.1277279808361297e-10,1.1278616803211044e-10,1.1279953459370414e-10,1.1281289776815081e-10,1.128262575625347e-10,1.1283961399196459e-10,1.1285296700738847e-10,1.1286631662308827e-10,1.1287966291056286e-10,1.1289300581486946e-10,1.1290634534005173e-10,1.1291968150292705e-10,1.129330142826313e-10,1.1294634380158082e-10,1.1295966985245469e-10,1.12972992497406e-10,1.1298631179402958e-10,1.1299962771868606e-10,1.1301294027943866e-10,1.130262494711666e-10,1.130395553090078e-10,1.1305285776870157e-10,1.1306615686037159e-10,1.130794525348806e-10,1.1309274490984318e-10,1.1310603388488899e-10,1.1311931953187974e-10,1.1313260182231555e-10,1.1314588076707806e-10,1.1315915633793949e-10,1.1317242857525619e-10,1.1318569742873774e-10,1.1319896292813864e-10,1.1321222506773184e-10,1.1322548385803863e-10,1.1323873922994733e-10,1.1325199131597881e-10,1.1326524002113903e-10,1.132784854060685e-10,1.1329172744286635e-10,1.1330496612547535e-10,1.1331820145326064e-10,1.1333143344605671e-10,1.1334466210555089e-10,1.133578873925218e-10,1.1337110936079336e-10,1.1338432800892581e-10,1.133975432833951e-10,1.134107552139636e-10,1.1342396380717975e-10,1.1343716906010975e-10,1.1345037100035868e-10,1.1346356957911514e-10,1.1347676482923666e-10,1.1348995672396387e-10,1.1350314530817107e-10,1.135163305485826e-10,1.1352951244194647e-10,1.1354269099462919e-10,1.1355586623639785e-10,1.135690381256992e-10,1.1358220670596947e-10,1.1359537195305332e-10,1.136085338839515e-10,1.136216924807288e-10,1.1363484775394828e-10,1.1364799970331556e-10,1.136611483288135e-10,1.1367429363136437e-10,1.1368743563042121e-10,1.1370057430681829e-10,1.1371370964024239e-10,1.1372684165222629e-10,1.1373997034331027e-10,1.1375309574002263e-10,1.1376621780140683e-10,1.1377933655174362e-10,1.1379245198578603e-10,1.1380556412855013e-10,1.1381867292967216e-10,1.1383177842041504e-10,1.1384488060071022e-10,1.1385797949120433e-10,1.1387107505611709e-10,1.1388416731256373e-10,1.138972562749132e-10,1.1391034191903126e-10,1.1392342425793463e-10,1.1393650328322149e-10,1.1394957902244823e-10,1.1396265144618814e-10,1.1397572056744957e-10,1.1398878638716452e-10,1.1400184890212572e-10,1.1401490811749743e-10,1.1402796403907316e-10,1.1404101666124129e-10,1.140540659875261e-10,1.1406711201773952e-10,1.1408015475824252e-10,1.140931942113996e-10,1.1410623036194279e-10,1.1411926317430656e-10,1.141322927361894e-10,1.1414531900886079e-10,1.1415834198982558e-10,1.1417136168366626e-10,1.1418437808902598e-10,1.1419739120579086e-10,1.1421040103763944e-10,1.1422340766792234e-10,1.1423641092697882e-10,1.142494109223413e-10,1.1426240761796831e-10,1.1427540102978686e-10,1.1428839116270976e-10,1.1430137801517215e-10,1.1431436158849478e-10,1.1432734188447011e-10,1.1434031889991487e-10,1.1435329270038765e-10,1.1436626315913868e-10,1.1437923036756196e-10,1.1439219428511201e-10,1.1440515493819044e-10,1.1441811231601118e-10,1.1443106640924132e-10,1.1444401723402523e-10,1.1445696479218303e-10,1.144699090904276e-10,1.1448285012977856e-10,1.1449578789575161e-10,1.1450872241365939e-10,1.1452165364407023e-10,1.1453458160637425e-10,1.1454750630885947e-10,1.1456042774986943e-10,1.1457334592723134e-10,1.1458626084355998e-10,1.1459917250213274e-10,1.1461208090224973e-10,1.1462498606785848e-10,1.1463788797569135e-10,1.1465078662689604e-10,1.1466368202273222e-10,1.1467657416452415e-10,1.1468946305363707e-10,1.1470234869141357e-10,1.1471523107893987e-10,1.1472811018471387e-10,1.147409860418758e-10,1.1475385865201884e-10,1.147667280144358e-10,1.1477959413478774e-10,1.1479245700127906e-10,1.1480531661518691e-10,1.148181729919672e-10,1.1483102612300102e-10,1.1484387601628379e-10,1.1485672266640604e-10,1.1486956607868399e-10,1.148824062427784e-10,1.1489524316766283e-10,1.1490807685317084e-10,1.1492090732388267e-10,1.1493373453635413e-10,1.1494655851107625e-10,1.1495937925081359e-10,1.1497219675755895e-10,1.1498501103046708e-10,1.1499782206995929e-10,1.1501062987776943e-10,1.1502343445511091e-10,1.1503623580162253e-10,1.1504903391310503e-10,1.1506182881160184e-10,1.1507462047977548e-10,1.1508740891734487e-10,1.1510019412738366e-10,1.1511297614224692e-10,1.1512575492819711e-10,1.1513853046726801e-10,1.1515130278419452e-10,1.1516407187987593e-10,1.1517683775520031e-10,1.1518960041104914e-10,1.152023598483001e-10,1.1521511606782817e-10,1.1522786907050715e-10,1.1524061885720987e-10,1.1525336542880866e-10,1.1526610878617606e-10,1.152788489301853e-10,1.1529158586171094e-10,1.1530431958163015e-10,1.1531705009082412e-10,1.1532977739017992e-10,1.1534250148059466e-10,1.1535522236737395e-10,1.1536794005228384e-10,1.1538065452502575e-10,1.1539336579045457e-10,1.1540607385063336e-10,1.1541877870661983e-10,1.1543148032725815e-10,1.154441787776875e-10,1.1545687402790737e-10,1.1546956607589264e-10,1.1548225492430915e-10,1.1549494057402916e-10,1.1550762298342812e-10,1.155203022068101e-10,1.1553297820412482e-10,1.1554565099410624e-10,1.1555832064847086e-10,1.1557098712056823e-10,1.1558365040210811e-10,1.1559631050210463e-10,1.1560896741067559e-10,1.1562162112108016e-10,1.156342716423496e-10,1.1564691901377912e-10,1.1565956310900057e-10,1.1567220408594672e-10,1.1568484181968341e-10,1.1569747640170114e-10,1.1571010779836407e-10,1.1572273605101995e-10,1.1573536106847181e-10,1.157479829012434e-10,1.1576060158091222e-10,1.157732170786099e-10,1.157858293925099e-10,1.1579843864445209e-10,1.1581104460675755e-10,1.1582364749849696e-10,1.1583624715414278e-10,1.1584884359789571e-10,1.1586143685748604e-10,1.1587402694117784e-10,1.1588661385874534e-10,1.158991976029274e-10,1.159117781797724e-10,1.1592435558515945e-10,1.159369298259864e-10,1.159495008989481e-10,1.1596206885234737e-10,1.1597463358270513e-10,1.1598719513652701e-10,1.1599975357556277e-10,1.1601230882742823e-10,1.1602486091593137e-10,1.1603740984174106e-10,1.1604995560013394e-10,1.1606249819582216e-10,1.1607503763441067e-10,1.1608757385783878e-10,1.161001069856715e-10,1.1611263695536447e-10,1.1612516372528099e-10,1.1613768738065302e-10,1.1615020788166133e-10,1.161627252292083e-10,1.1617523942755254e-10,1.161877504727504e-10,1.1620025836687571e-10,1.1621276311074426e-10,1.1622526470311685e-10,1.1623776311658656e-10,1.162502583829324e-10,1.1626275050300656e-10,1.1627523947766096e-10,1.1628772530774658e-10,1.1630020799411636e-10,1.1631268753762421e-10,1.1632516393912108e-10,1.1633763719945696e-10,1.1635010731948521e-10,1.1636257430005038e-10,1.1637503814200694e-10,1.1638749884620219e-10,1.1639995641348611e-10,1.164124108447069e-10,1.1642486214071392e-10,1.1643731030235442e-10,1.164497553304755e-10,1.1646219722592448e-10,1.1647463598954855e-10,1.1648707162219393e-10,1.1649950412470628e-10,1.165119334979315e-10,1.1652435974271773e-10,1.1653678285990474e-10,1.1654920285034182e-10,1.1656161971486881e-10,1.165740334543333e-10,1.165864440909248e-10,1.1659885160392292e-10,1.1661125599416993e-10,1.1662365726250643e-10,1.1663605540977297e-10,1.1664845043681007e-10,1.1666084234445786e-10,1.166732311335567e-10,1.1668561680494612e-10,1.1669799935946564e-10,1.167103787979543e-10,1.1672275512125083e-10,1.1673512833019389e-10,1.1674749842562147e-10,1.1675986540837205e-10,1.16772229279283e-10,1.1678459003919172e-10,1.1679694768893542e-10,1.1680930222935033e-10,1.1682165366127401e-10,1.1683400198554207e-10,1.1684634720299044e-10,1.1685868932153377e-10,1.168710283348885e-10,1.1688336424623643e-10,1.1689569706946699e-10,1.169080267752585e-10,1.1692035337243035e-10,1.1693267686861357e-10,1.1694499726464033e-10,1.169573145613411e-10,1.1696962875954547e-10,1.1698193986008188e-10,1.1699424786377868e-10,1.1700655277146443e-10,1.170188545839637e-10,1.1703115330210168e-10,1.1704344892670398e-10,1.1705574143782967e-10,1.1706803085406442e-10,1.1708031717495898e-10,1.1709260039892818e-10,1.1710488052126202e-10,1.1711715752102058e-10,1.1712943147013663e-10,1.1714170231788213e-10,1.1715397009916831e-10,1.1716623480446272e-10,1.1717849645393732e-10,1.1719075503231672e-10,1.172030105253589e-10,1.1721526292052963e-10,1.1722751223680085e-10,1.1723975847475845e-10,1.172520016157956e-10,1.172642416804242e-10,1.172764786884328e-10,1.1728871263522562e-10,1.1730094349025504e-10,1.1731317125027296e-10,1.1732539593419864e-10,1.1733761754333125e-10,1.1734983609728587e-10,1.1736205157803363e-10,1.1737426398641212e-10,1.1738647333092999e-10,1.173986795691117e-10,1.1741088269203294e-10,1.174230827663757e-10,1.1743527980681313e-10,1.1744747379196306e-10,1.1745966473575458e-10,1.174718526154953e-10,1.1748403743198943e-10,1.1749621918603835e-10,1.1750839787845008e-10,1.175205735100339e-10,1.1753274608516742e-10,1.175449156011125e-10,1.1755708205922224e-10,1.175692454490448e-10,1.1758140574742437e-10,1.175935630292927e-10,1.1760571726261144e-10,1.17617868441351e-10,1.1763001655853284e-10,1.1764216162302077e-10,1.176543036356345e-10,1.1766644259719301e-10,1.1767857850851558e-10,1.1769071137042085e-10,1.1770284118372733e-10,1.177149679492544e-10,1.1772709166781985e-10,1.1773921234024142e-10,1.1775132996733845e-10,1.177634445499287e-10,1.177755560888295e-10,1.1778766458485907e-10,1.1779977003883471e-10,1.1781187245157356e-10,1.1782397182389305e-10,1.1783606813857124e-10,1.1784816141437797e-10,1.178602516521412e-10,1.1787233885268848e-10,1.1788442301684795e-10,1.1789650417238904e-10,1.1790858229320738e-10,1.1792065738012333e-10,1.1793272943395727e-10,1.179447984555298e-10,1.17956864445662e-10,1.1796892740517518e-10,1.1798098733489149e-10,1.179930442356337e-10,1.1800509810822564e-10,1.1801714895349244e-10,1.180291967720567e-10,1.1804124156359023e-10,1.180532833292954e-10,1.1806532207331916e-10,1.180773577885397e-10,1.1808939048561114e-10,1.1810142016114218e-10,1.1811344681502194e-10,1.1812547044768146e-10,1.1813749106110249e-10,1.181495086561633e-10,1.181615232338541e-10,1.1817353480377143e-10,1.1818554331726422e-10,1.1819754881101158e-10,1.1820955128144575e-10,1.1822155070672493e-10,1.182335471544063e-10,1.1824554058329457e-10,1.1825753099894802e-10,1.1826951841571036e-10,1.1828150282814457e-10,1.1829348423492271e-10,1.1830546267406853e-10,1.1831743810214692e-10,1.1832941055339973e-10,1.1834137999328942e-10,1.1835334635602093e-10,1.183653097151645e-10,1.1837727007144134e-10,1.1838922742559835e-10,1.1840118177839653e-10,1.1841313314880741e-10,1.1842508151917166e-10,1.1843702683354616e-10,1.184489691305855e-10,1.184609085257677e-10,1.1847284493390645e-10,1.184847783446889e-10,1.1849670873718987e-10,1.1850863615224784e-10,1.1852056061258634e-10,1.185324820904433e-10,1.1854440046135535e-10,1.1855631591019302e-10,1.1856822837229613e-10,1.1858013781461836e-10,1.1859204426836013e-10,1.1860394776490117e-10,1.186158482698168e-10,1.1862774578889804e-10,1.1863964032259448e-10,1.18651531871708e-10,1.1866342043733594e-10,1.186753060162508e-10,1.186871886337218e-10,1.1869906829048398e-10,1.1871094495731939e-10,1.1872281863065678e-10,1.187346893077188e-10,1.1874655701617689e-10,1.187584217466589e-10,1.187702834919821e-10,1.1878214225909012e-10,1.1879399805358748e-10,1.1880585087360266e-10,1.1881770071977211e-10,1.1882954759250644e-10,1.188413914913261e-10,1.1885323240830955e-10,1.1886507037057806e-10,1.188769053626182e-10,1.1888873737578032e-10,1.1890056643179611e-10,1.1891239250117327e-10,1.189242156203694e-10,1.1893603577649183e-10,1.1894785296895323e-10,1.1895966720360634e-10,1.1897147848676277e-10,1.1898328678844342e-10,1.1899509212811623e-10,1.190068945160069e-10,1.190186939414131e-10,1.1903049040879342e-10,1.190422839196113e-10,1.190540744714421e-10,1.1906586206814938e-10,1.1907764670608862e-10,1.1908942839135035e-10,1.1910120712455602e-10,1.191129829100969e-10,1.1912475573405355e-10,1.1913652560361364e-10,1.1914829254347373e-10,1.191600565112449e-10,1.1917181752940554e-10,1.191835755992577e-10,1.1919533072120398e-10,1.1920708289604984e-10,1.1921883212445349e-10,1.1923057842720862e-10,1.1924232176712291e-10,1.192540622036975e-10,1.1926579967244185e-10,1.1927753420533633e-10,1.1928926577664132e-10,1.1930099440360847e-10,1.1931272009021456e-10,1.1932444284437723e-10,1.193361626582295e-10,1.1934787952995358e-10,1.193595934646564e-10,1.1937130446722974e-10,1.1938301253775253e-10,1.1939471767510138e-10,1.1940641988131835e-10,1.1941811914315792e-10,1.1942981547284696e-10,1.1944150887607735e-10,1.194531993490746e-10,1.1946488689268242e-10,1.1947657150775766e-10,1.1948825319517286e-10,1.1949993195581634e-10,1.1951160779058706e-10,1.1952328068711122e-10,1.1953495065777294e-10,1.1954661770304492e-10,1.195582818231757e-10,1.1956994301789358e-10,1.1958160130156883e-10,1.1959325667258833e-10,1.196049091197157e-10,1.196165586412593e-10,1.1962820524108194e-10,1.196398489257632e-10,1.1965148969298138e-10,1.1966312754335861e-10,1.1967476247723804e-10,1.196863944935554e-10,1.1969802360838978e-10,1.1970964980369757e-10,1.1972127308639698e-10,1.1973289345772201e-10,1.197445109151241e-10,1.1975612546528102e-10,1.1976773710617718e-10,1.1977934583779388e-10,1.197909516807197e-10,1.1980255459733228e-10,1.1981415460455938e-10,1.198257517100806e-10,1.1983734587590016e-10,1.198489371820238e-10,1.1986052559044408e-10,1.1987211109133925e-10,1.198836936809832e-10,1.1989527336997522e-10,1.1990685015894398e-10,1.1991842404866767e-10,1.1992999503992382e-10,1.1994156313584087e-10,1.1995312833142708e-10,1.199646906341504e-10,1.1997625003829314e-10,1.199878065436191e-10,1.1999936019902994e-10,1.20010910976808e-10,1.2002245884086854e-10,1.2003400378624563e-10,1.2004554583866803e-10,1.2005708500016806e-10,1.2006862127094428e-10,1.2008015465292187e-10,1.2009168517378341e-10,1.2010321278028332e-10,1.2011473749986966e-10,1.2012625933570915e-10,1.2013777833104942e-10,1.2014929446406834e-10,1.2016080766036807e-10,1.2017231796281685e-10,1.201838253266805e-10,1.2019532986713366e-10,1.2020683152856182e-10,1.2021833021782122e-10,1.2022982612457544e-10,1.202413191597376e-10,1.2025280931381825e-10,1.202642965796715e-10,1.2027578098138266e-10,1.2028726255345154e-10,1.2029874120666162e-10,1.2031021697513967e-10,1.2032168988316442e-10,1.2033315992043913e-10,1.2034462707667565e-10,1.2035609137252615e-10,1.2036755281552603e-10,1.2037901139096928e-10,1.2039046708151625e-10,1.2040191990429623e-10,1.2041336986243037e-10,1.2042481695536688e-10,1.2043626118402295e-10,1.204477025449002e-10,1.2045914104678896e-10,1.2047057667669487e-10,1.204820094544867e-10,1.2049343937458082e-10,1.2050486645021947e-10,1.2051629066224455e-10,1.2052771205139725e-10,1.2053913054123945e-10,1.2055054614373758e-10,1.2056195889225065e-10,1.2057336880078216e-10,1.2058477585868912e-10,1.2059618003887278e-10,1.2060758137701564e-10,1.206189798791092e-10,1.2063037552690375e-10,1.2064176837668693e-10,1.2065315834859828e-10,1.206645454406205e-10,1.2067592968472456e-10,1.2068731108277904e-10,1.206986896369979e-10,1.2071006534919897e-10,1.2072143821722741e-10,1.2073280825998374e-10,1.207441754065114e-10,1.2075553973175108e-10,1.207669012096556e-10,1.2077825985406874e-10,1.2078961566111792e-10,1.2080096863141964e-10,1.2081231876299285e-10,1.208236660549563e-10,1.2083501051175816e-10,1.2084635212940805e-10,1.2085769093819077e-10,1.2086902688834833e-10,1.208803599967988e-10,1.2089169026666293e-10,1.2090301771116971e-10,1.2091434229523664e-10,1.2092566413387189e-10,1.2093698306923672e-10,1.2094829918235438e-10,1.209596124556885e-10,1.2097092291748493e-10,1.209822305530091e-10,1.2099353534916534e-10,1.2100483732912657e-10,1.2101613648411105e-10,1.2102743281551864e-10,1.2103872632295828e-10,1.210500170054578e-10,1.2106130486567095e-10,1.210725899081999e-10,1.210838721357376e-10,1.210951515230905e-10,1.2110642810760768e-10,1.2111770186718708e-10,1.2112897281000964e-10,1.2114024094224435e-10,1.2115150625134138e-10,1.211627687452214e-10,1.2117402842240842e-10,1.2118528528539666e-10,1.211965393302696e-10,1.2120779056714203e-10,1.2121903899208547e-10,1.2123028460576958e-10,1.2124152740904089e-10,1.212527674026529e-10,1.2126400458735584e-10,1.2127523896389935e-10,1.2128647053159485e-10,1.2129769929373316e-10,1.213089252698578e-10,1.213201484183197e-10,1.213313687595814e-10,1.2134258630264726e-10,1.2135380102548522e-10,1.2136501296533831e-10,1.2137622210331814e-10,1.2138742844053168e-10,1.2139863197768448e-10,1.214098327154629e-10,1.214210306542442e-10,1.214322257130995e-10,1.2144341805752857e-10,1.214546075815569e-10,1.2146579431166543e-10,1.214769782670842e-10,1.214881594317903e-10,1.214993377893848e-10,1.2151051336030112e-10,1.2152168614671756e-10,1.2153285614092075e-10,1.215440233469867e-10,1.2155518776295943e-10,1.2156634939036848e-10,1.2157750823146547e-10,1.2158866428257903e-10,1.2159981754712858e-10,1.216109680220218e-10,1.216221157138006e-10,1.2163326065691367e-10,1.2164440279140453e-10,1.216555421441911e-10,1.216666786731502e-10,1.2167781245468031e-10,1.2168894345848808e-10,1.2170007168021535e-10,1.2171119712317595e-10,1.217223197947419e-10,1.2173343968084637e-10,1.2174455679061344e-10,1.2175567112410523e-10,1.217667826849263e-10,1.217778914451367e-10,1.2178899746391477e-10,1.2180010070494487e-10,1.2181120115015696e-10,1.2182229881770024e-10,1.2183339374933185e-10,1.2184448590896586e-10,1.218555752863425e-10,1.2186666189459608e-10,1.218777457439637e-10,1.2188882685231378e-10,1.2189990516726009e-10,1.2191098071651746e-10,1.2192205351084503e-10,1.2193312351787792e-10,1.2194419077845153e-10,1.219552552637392e-10,1.2196631702162085e-10,1.2197737598551355e-10,1.2198843218672412e-10,1.2199948563448762e-10,1.220105363297599e-10,1.2202158426489667e-10,1.220326294417031e-10,1.2204367182769383e-10,1.2205471146292317e-10,1.220657483528026e-10,1.2207678250410826e-10,1.2208781389278946e-10,1.2209884253271472e-10,1.2210986848404067e-10,1.2212089166987825e-10,1.2213191206686588e-10,1.2214292971229847e-10,1.2215394460551553e-10,1.2216495674895364e-10,1.2217596614186496e-10,1.221869727860196e-10,1.2219797667856298e-10,1.2220897782443996e-10,1.2221997622627684e-10,1.222309718899909e-10,1.2224196480176635e-10,1.2225295498086294e-10,1.2226394240981106e-10,1.2227492704127074e-10,1.222859089714619e-10,1.2229688816348423e-10,1.2230786463733408e-10,1.223188383773662e-10,1.2232980937798415e-10,1.2234077766324587e-10,1.2235174317774036e-10,1.2236270595579059e-10,1.2237366601421274e-10,1.2238462333724097e-10,1.2239557792617217e-10,1.2240652978324791e-10,1.2241747890829364e-10,1.2242842529314495e-10,1.2243936899159012e-10,1.2245030993437083e-10,1.2246124812754027e-10,1.224721835978757e-10,1.224831163533455e-10,1.224940463770424e-10,1.2250497366919817e-10,1.225158982538637e-10,1.2252682009038883e-10,1.2253773921430757e-10,1.2254865561259002e-10,1.2255956929030474e-10,1.2257048025565854e-10,1.2258138849131212e-10,1.225922940066295e-10,1.2260319681246913e-10,1.2261409689030883e-10,1.2262499425893125e-10,1.226358889423939e-10,1.2264678086845278e-10,1.2265767008092828e-10,1.2266855656890993e-10,1.2267944033430116e-10,1.226903214009809e-10,1.2270119975622193e-10,1.227120754115921e-10,1.2272294839386746e-10,1.227338186125779e-10,1.2274468612498281e-10,1.2275555093147472e-10,1.2276641301636093e-10,1.2277727238343248e-10,1.2278812905735967e-10,1.227989830283613e-10,1.2280983427941149e-10,1.2282068282282038e-10,1.2283152870093575e-10,1.2284237186230523e-10,1.2285321231272306e-10,1.2286405007404942e-10,1.2287488512076274e-10,1.228857174664467e-10,1.2289654709524154e-10,1.2290737404476636e-10,1.22918198293612e-10,1.2292901988324386e-10,1.2293983874106195e-10,1.2295065488097315e-10,1.2296146835995625e-10,1.22972279115669e-10,1.229830871893479e-10,1.2299389256841024e-10,1.2300469525665245e-10,1.2301549525107886e-10,1.2302629255406108e-10,1.2303708716685084e-10,1.2304787903315343e-10,1.230586682533224e-10,1.230694547988264e-10,1.230802386810369e-10,1.230910198520377e-10,1.231017983285444e-10,1.2311257416953305e-10,1.2312334728616787e-10,1.2313411771629096e-10,1.2314488545223285e-10,1.2315565051870782e-10,1.231664128382517e-10,1.2317717253360388e-10,1.2318792955645135e-10,1.2319868388878755e-10,1.2320943555197516e-10,1.2322018453429805e-10,1.232309308398834e-10,1.2324167446921275e-10,1.232524154247946e-10,1.2326315374293387e-10,1.232738893421404e-10,1.2328462226065035e-10,1.2329535251607618e-10,1.2330608009961545e-10,1.2331680501041392e-10,1.2332752725166937e-10,1.2333824683237933e-10,1.23348963738356e-10,1.233596779688324e-10,1.2337038953144307e-10,1.2338109842913832e-10,1.2339180466161093e-10,1.2340250822284055e-10,1.234132091190186e-10,1.2342390734205067e-10,1.2343460290839767e-10,1.2344529580304266e-10,1.2345598604446246e-10,1.2346667362384323e-10,1.2347735853707212e-10,1.234880407888046e-10,1.2349872036198419e-10,1.2350939730057818e-10,1.235200715757331e-10,1.2353074315449225e-10,1.2354141212106689e-10,1.235520784706997e-10,1.235627421162977e-10,1.2357340311556178e-10,1.235840614650714e-10,1.2359471715393667e-10,1.2360537018586764e-10,1.236160205434675e-10,1.23626668277866e-10,1.2363731336200305e-10,1.2364795579497852e-10,1.2365859556740791e-10,1.2366923265931216e-10,1.236798671462328e-10,1.2369049898904032e-10,1.2370112818442708e-10,1.2371175474131613e-10,1.2372237864730936e-10,1.2373299993505613e-10,1.237436185500965e-10,1.237542345254697e-10,1.2376484785870954e-10,1.237754585489154e-10,1.2378606658562644e-10,1.237966719941187e-10,1.2380727476467393e-10,1.238178748697579e-10,1.2382847236360655e-10,1.2383906722182766e-10,1.238496594435756e-10,1.2386024895527564e-10,1.2387083590700996e-10,1.2388142021869108e-10,1.2389200190103244e-10,1.239025809496217e-10,1.2391315735951065e-10,1.2392373114531409e-10,1.2393430229949955e-10,1.239448708263182e-10,1.2395543672465187e-10,1.2396599999658796e-10,1.2397656063764171e-10,1.2398711867569402e-10,1.2399767406179202e-10,1.2400822682029345e-10,1.2401877692372378e-10,1.2402932441165792e-10,1.240398692989017e-10,1.2405041156315023e-10,1.2406095120546742e-10,1.240714882269359e-10,1.2408202264710075e-10,1.2409255442071057e-10,1.2410308357349788e-10,1.2411361013541743e-10,1.241241340498476e-10,1.2413465535278886e-10,1.2414517403816906e-10,1.2415569011141215e-10,1.2416620356004957e-10,1.241767144001233e-10,1.2418722263283362e-10,1.24197728244164e-10,1.2420823118951496e-10,1.242187315650889e-10,1.2422922934162338e-10,1.2423972453157588e-10,1.2425021709194704e-10,1.2426070701178235e-10,1.2427119435166837e-10,1.2428167908484418e-10,1.2429216120699876e-10,1.2430264071940839e-10,1.24313117630277e-10,1.2432359193476243e-10,1.2433406363705969e-10,1.2434453273535872e-10,1.243549991528672e-10,1.2436546304627797e-10,1.243759243406186e-10,1.243863830610542e-10,1.243968391509408e-10,1.2440729264094772e-10,1.2441774353181418e-10,1.2442819182375011e-10,1.2443863751955488e-10,1.2444908061865547e-10,1.244595211217379e-10
18,1.4161975591444909e-42,4.014973974934617e-42,7.517722340379089e-42,1.170557396279305e-41,1.6412197206485593e-41,2.1511607557184016e-41,2.690841328136954e-41,3.2530389135079347e-41,3.8322850432640813e-41,4.4244393177782526e-41,5.026366872472541e-41,5.63569417416622e-41,6.250624124578587e-41,6.869796067677663e-41,7.492179795575596e-41,8.116995296053249e-41,8.74365199024709e-41,9.37170272690674e-41,1.0000808949681055e-40,1.063071432382612e-40,1.126122476790009e-40,1.18921933349698e-40,1.2523508765549151e-40,1.3155086820566567e-40,1.3786863719202512e-40,1.441879117041078e-40,1.505083261108094e-40,1.5682960357798892e-40,1.631515345032445e-40,1.6947396018815706e-40,1.7579676047567232e-40,1.821198443900201e-40,1.8844314304974107e-40,1.9476660430190344e-40,2.010901886594232e-40,2.0741386622498002e-40,2.1373761436212568e-40,2.2006141593188733e-40,2.263852579576499e-40,2.3270913061429318e-40,2.390330264628143e-40,2.4535693987086736e-40,2.516808665739319e-40,2.5800480334318474e-40,2.643287477339932e-40,2.7065269789535805e-40,2.769766524258595e-40,2.833006102644033e-40,2.8962457060761968e-40,2.959485328471823e-40,3.0227249652258543e-40,3.0859646128509953e-40,3.1492042687072945e-40,3.212443930795568e-40,3.27568359760241e-40,3.3389232679818328e-40,3.4021629410662747e-40,3.4654026161988134e-40,3.5286422928817393e-40,3.5918819707388223e-40,3.65512164948492e-40,3.71836132890411e-40,3.781601008832777e-40,3.8448406891472064e-40,3.908080369753877e-40,3.971320050581657e-40,4.034559731576969e-40,4.097799412699061e-40,4.161039093917109e-40,4.224278775208009e-40,4.2875184565538e-40,4.3507581379411515e-40,4.413997819360118e-40,4.477237500803201e-40,4.5404771822642124e-40,4.603716863738871e-40,4.666956545223711e-40,4.730196226716877e-40,4.79343590821566e-40,4.856675589718973e-40,4.919915271225887e-40,4.983154952735283e-40,5.046394634246559e-40,5.109634315759221e-40,5.172873997273206e-40,5.2361136787880065e-40,5.2993533603034084e-40,5.3625930418192655e-40,5.4258327233355745e-40,5.489072404852114e-40,5.552312086368807e-40,5.615551767885762e-40,5.6787914494026376e-40,5.7420311309197035e-40,5.805270812436795e-40,5.868510493953995e-40,5.931750175471326e-40,5.994989856988844e-40,6.058229538505846e-40,6.121469220023345e-40,6.184708901540611e-40,6.247948583058408e-40,6.311188264575272e-40,6.374427946092639e-40,6.437667627609982e-40,6.500907309127414e-40,6.564146990644757e-40,6.62738667216217e-40,6.690626353679501e-40,6.753866035196956e-40,6.817105716714252e-40,6.880345398231695e-40,6.943585079749102e-40,7.006824761266447e-40,7.070064442783821e-40,7.133304124301272e-40,7.196543805818694e-40,7.2597834873359684e-40,7.3230231688533166e-40,7.38626285037067e-40,7.449502531888092e-40,7.512742213405478e-40,7.575981894922907e-40,7.639221576440384e-40,7.702461257957742e-40,7.765700939475105e-40,7.828940620992732e-40,7.89218030251001e-40,7.955419984027184e-40,8.018659665544682e-40,8.081899347061994e-40,8.145139028579506e-40,8.208378710097032e-40,8.27161839161442e-40,8.334858073131253e-40,8.398097754649029e-40,8.461337436166493e-40,8.524577117683953e-40,8.587816799201236e-40,8.651056480718503e-40,8.714296162235856e-40,8.777535843753264e-40,8.84077552527065e-40,8.904015206787884e-40,8.967254888305493e-40,9.030494569822933e-40,9.093734251340375e-40,9.156973932857779e-40,9.220213614375245e-40,9.283453295892655e-40,9.346692977410187e-40,9.409932658927472e-40,9.47317234044474e-40,9.536412021962129e-40,9.599651703479472e-40,9.66289138499701e-40,9.726131066514263e-40,9.789370748031523e-40,9.852610429548793e-40,9.915850111066141e-40,9.97908979258363e-40,1.0042329474100867e-39,1.0105569155618463e-39,1.016880883713592e-39,1.023204851865329e-39,1.0295288200170525e-39,1.0358527881687997e-39,1.0421767563205461e-39,1.0485007244722723e-39,1.0548246926240184e-39,1.061148660775754e-39,1.0674726289274869e-39,1.0737965970792262e-39,1.0801205652309708e-39,1.0864445333827004e-39,1.0927685015344343e-39,1.0990924696861954e-39,1.105416437837898e-39,1.1117404059896658e-39,1.1180643741414303e-39,1.1243883422931749e-39,1.1307123104449078e-39,1.1370362785966395e-39,1.1433602467483704e-39,1.14968421490011e-39,1.1560081830518459e-39,1.162332151203583e-39,1.1686561193553142e-39,1.174980087507047e-39,1.1813040556588244e-39,1.1876280238105208e-39,1.1939519919622417e-39,1.2002759601139839e-39,1.2065999282657143e-39,1.2129238964174452e-39,1.2192478645691665e-39,1.2255718327209047e-39,1.2318958008726356e-39,1.238219769024381e-39,1.2445437371761101e-39,1.2508677053278723e-39,1.2571916734796117e-39,1.2635156416313196e-39,1.2698396097830593e-39,1.2761635779348013e-39,1.2824875460865033e-39,1.288811514238192e-39,1.2951354823899545e-39,1.301459450541685e-39,1.3077834186934385e-39,1.3141073868451653e-39,1.3204313549969062e-39,1.3267553231486386e-39,1.333079291300394e-39,1.3394032594521077e-39,1.3457272276038109e-39,1.3520511957555529e-39,1.3583751639073639e-39,1.3646991320590701e-39,1.3710231002107645e-39,1.3773470683624419e-39,1.3836710365141902e-39,1.3899950046658764e-39,1.3963189728176492e-39,1.4026429409693441e-39,1.4089669091210845e-39,1.4152908772728326e-39,1.421614845424595e-39,1.427938813576323e-39,1.4342627817280459e-39,1.4405867498797686e-39,1.4469107180315364e-39,1.4532346861832376e-39,1.4595586543349669e-39,1.4658826224867469e-39,1.4722065906384408e-39,1.4785305587901615e-39,1.484854526941893e-39,1.4911784950936286e-39,1.4975024632453448e-39,1.503826431397115e-39,1.5101503995488294e-39,1.5164743677005564e-39,1.5227983358523163e-39,1.5291223040040384e-39,1.5354462721557905e-39,1.5417702403075048e-39,1.5480942084592425e-39,1.554418176610968e-39,1.560742144762722e-39,1.56706611291445e-39,1.5733900810661805e-39,1.5797140492179248e-39,1.5860380173696795e-39,1.5923619855213778e-39,1.5986859536730966e-39,1.6050099218248262e-39,1.6113338899765995e-39,1.617657858128348e-39,1.6239818262800737e-39,1.6303057944317925e-39,1.6366297625835237e-39,1.6429537307352775e-39,1.649277698887009e-39,1.655601667038721e-39,1.6619256351904627e-39,1.6682496033422076e-39,1.6745735714939245e-39,1.6808975396456805e-39,1.6872215077974013e-39,1.6935454759491394e-39,1.6998694441008755e-39,1.7061934122526074e-39,1.7125173804043343e-39,1.7188413485560388e-39,1.7251653167077338e-39,1.7314892848594657e-39,1.737813253011187e-39,1.7441372211629304e-39,1.7504611893146587e-39,1.7567851574663932e-39,1.763109125618139e-39,1.769433093769851e-39,1.775757061921639e-39,1.7820810300733498e-39,1.7884049982250565e-39,1.7947289663767594e-39,1.801052934528504e-39,1.8073769026802515e-39,1.8137008708319785e-39,1.820024838983706e-39,1.8263488071354325e-39,1.8326727752871516e-39,1.8389967434388776e-39,1.845320711590634e-39,1.8516446797423557e-39,1.8579686478940733e-39,1.8642926160457767e-39,1.870616584197496e-39,1.8769405523492783e-39,1.8832645205009446e-39,1.8895884886527023e-39,1.895912456804397e-39,1.9022364249561556e-39,1.908560393107909e-39,1.9148843612596288e-39,1.921208329411358e-39,1.927532297563116e-39,1.933856265714828e-39,1.9401802338665684e-39,1.9465042020182866e-39,1.952828170170042e-39,1.959152138321742e-39,1.9654761064734832e-39,1.9718000746252464e-39,1.9781240427769548e-39,1.984448010928731e-39,1.9907719790804244e-39,1.997095947232158e-39,2.0034199153839025e-39,2.0097438835356726e-39,2.0160678516873614e-39,2.0223918198390613e-39,2.0287157879907782e-39,2.0350397561424735e-39,2.0413637242942586e-39,2.047687692445929e-39,2.054011660597664e-39,2.060335628749382e-39,2.0666595969011215e-39,2.0729835650528706e-39,2.0793075332045738e-39,2.0856315013563837e-39,2.0919554695080252e-39,2.0982794376597616e-39,2.1046034058116227e-39,2.1109273739632303e-39,2.1172513421149197e-39,2.1235753102666552e-39,2.1298992784183695e-39,2.136223246570101e-39,2.142547214721851e-39,2.1488711828735856e-39,2.155195151025315e-39,2.1615191191770054e-39,2.167843087328743e-39,2.174167055480532e-39,2.180491023632229e-39,2.1868149917839218e-39,2.1931389599356628e-39,2.1994629280874038e-39,2.205786896239146e-39,2.2121108643908875e-39,2.2184348325426203e-39,2.224758800694305e-39,2.2310827688460394e-39,2.2374067369978186e-39,2.243730705149543e-39,2.2500546733012425e-39,2.256378641452988e-39,2.2627026096047542e-39,2.2690265777564483e-39,2.275350545908205e-39,2.281674514059916e-39,2.2879984822116507e-39,2.2943224503634117e-39,2.30064641851511e-39,2.3069703866668872e-39,2.3132943548185978e-39,2.319618322970323e-39,2.3259422911220525e-39,2.332266259273774e-39,2.338590227425491e-39,2.344914195577255e-39,2.3512381637289754e-39,2.3575621318807174e-39,2.3638861000324434e-39,2.3702100681841612e-39,2.3765340363359173e-39,2.3828580044876547e-39,2.3891819726393673e-39,2.3955059407911136e-39,2.40182990894284e-39,2.4081538770946243e-39,2.4144778452463092e-39,2.4208018133980065e-39,2.427125781549747e-39,2.4334497497015087e-39,2.4397737178532347e-39,2.4460976860049793e-39,2.4524216541566528e-39,2.4587456223084128e-39,2.4650695904601368e-39,2.4713935586118713e-39,2.477717526763655e-39,2.484041494915362e-39,2.4903654630670917e-39,2.4966894312188673e-39,2.5030133993705943e-39,2.509337367522266e-39,2.5156613356739533e-39,2.5219853038257452e-39,2.528309271977475e-39,2.534633240129197e-39,2.5409572082809928e-39,2.5472811764326894e-39,2.553605144584409e-39,2.559929112736102e-39,2.566253080887902e-39,2.572577049039602e-39,2.578901017191287e-39,2.5852249853430435e-39,2.591548953494837e-39,2.5978729216465516e-39,2.604196889798259e-39,2.6105208579499795e-39,2.616844826101722e-39,2.6231687942534586e-39,2.6294927624051634e-39,2.635816730556936e-39,2.6421406987086467e-39,2.64846466686036e-39,2.654788635012125e-39,2.6611126031638378e-39,2.6674365713155797e-39,2.6737605394673103e-39,2.6800845076190608e-39,2.686408475770769e-39,2.6927324439224668e-39,2.6990564120741644e-39,2.705380380225933e-39,2.7117043483776667e-39,2.7180283165294214e-39,2.724352284681142e-39,2.7306762528329077e-39,2.7370002209845364e-39,2.743324189136311e-39,2.7496481572880175e-39,2.7559721254398244e-39,2.7622960935915122e-39,2.768620061743338e-39,2.7749440298950246e-39,2.7812679980467568e-39,2.7875919661984877e-39,2.7939159343501263e-39,2.800239902501924e-39,2.8065638706536582e-39,2.8128878388053895e-39,2.819211806957135e-39,2.82553577510883e-39,2.8318597432605945e-39,2.8381837114123382e-39,2.8445076795640433e-39,2.85083164771582e-39,2.857155615867552e-39,2.8634795840192526e-39,2.869803552170987e-39,2.8761275203226968e-39,2.882451488474442e-39,2.8887754566261606e-39,2.8950994247779473e-39,2.9014233929296162e-39,2.9077473610813817e-39,2.9140713292331318e-39,2.9203952973847916e-39,2.9267192655365558e-39,2.9330432336882782e-39,2.939367201840037e-39,2.9456911699917455e-39,2.952015138143507e-39,2.9583391062952634e-39,2.9646630744469464e-39,2.9709870425986626e-39,2.977311010750403e-39,2.983634978902194e-39,2.989958947053896e-39,2.996282915205625e-39,3.0026068833573546e-39,3.008930851509093e-39,3.015254819660796e-39,3.021578787812555e-39,3.0279027559642417e-39,3.034226724116035e-39,3.040550692267774e-39,3.04687466041949e-39,3.0531986285711874e-39,3.059522596722954e-39,3.065846564874667e-39,3.0721705330264105e-39,3.078494501178185e-39,3.0848184693298906e-39,3.0911424374816466e-39,3.097466405633328e-39,3.1037903737850555e-39,3.1101143419367926e-39,3.1164383100885186e-39,3.122762278240266e-39,3.129086246391995e-39,3.1354102145437534e-39,3.141734182695448e-39,3.1480581508472e-39,3.154382118998919e-39,3.1607060871507135e-39,3.1670300553023887e-39,3.1733540234541134e-39,3.179677991605848e-39,3.1860019597576006e-39,3.192325927909335e-39,3.198649896061068e-39,3.204973864212761e-39,3.211297832364454e-39,3.217621800516246e-39,3.223945768667983e-39,3.2302697368196076e-39,3.2365937049713153e-39,3.2429176731230015e-39,3.2492416412746936e-39,3.2555656094263896e-39,3.261889577578099e-39,3.2682135457298664e-39,3.2745375138815285e-39,3.280861482033301e-39,3.287185450184977e-39,3.293509418336737e-39,3.2998333864883914e-39,3.30615735464014e-39,3.312481322791854e-39,3.3188052909436346e-39,3.32512925909534e-39,3.3314532272470605e-39,3.337777195398801e-39,3.3441011635505237e-39,3.3504251317022816e-39,3.356749099853976e-39,3.3630730680057454e-39,3.369397036157393e-39,3.375721004309162e-39,3.382044972460886e-39,3.388368940612579e-39,3.394692908764309e-39,3.401016876916078e-39,3.4073408450678255e-39,3.4136648132195195e-39,3.41998878137122e-39,3.4263127495229526e-39,3.432636717674735e-39,3.4389606858263955e-39,3.445284653978152e-39,3.451608622129924e-39,3.457932590281678e-39,3.464256558433396e-39,3.470580526585185e-39,3.4769044947368735e-39,3.4832284628885604e-39,3.4895524310403197e-39,3.4958763991920346e-39,3.5022003673437554e-39,3.508524335495456e-39,3.514848303647178e-39,3.521172271798888e-39,3.5274962399506157e-39,3.533820208102387e-39,3.540144176254079e-39,3.5464681444058165e-39,3.5527921125575255e-39,3.559116080709299e-39,3.565440048861059e-39,3.571764017012781e-39,3.578087985164441e-39,3.584411953316175e-39,3.590735921467941e-39,3.597059889619744e-39,3.6033838577714015e-39,3.609707825923124e-39,3.616031794074847e-39,3.6223557622266715e-39,3.628679730378329e-39,3.635003698530105e-39,3.641327666681877e-39,3.6476516348335624e-39,3.653975602985277e-39,3.660299571136977e-39,3.666623539288684e-39,3.672947507440461e-39,3.679271475592152e-39,3.6855954437438226e-39,3.69191941189559e-39,3.6982433800473516e-39,3.704567348199074e-39,3.710891316350816e-39,3.7172152845025485e-39,3.723539252654248e-39,3.7298632208060136e-39,3.7361871889577755e-39,3.7425111571094617e-39,3.7488351252612333e-39,3.755159093412976e-39,3.761483061564663e-39,3.7678070297163813e-39,3.7741309978681576e-39,3.780454966019891e-39,3.786778934171611e-39,3.793102902323332e-39,3.799426870475034e-39,3.8057508386267145e-39,3.812074806778437e-39,3.818398774930248e-39,3.8247227430819324e-39,3.831046711233723e-39,3.837370679385434e-39,3.8436946475372056e-39,3.8500186156889395e-39,3.8563425838406896e-39,3.862666551992402e-39,3.8689905201441834e-39,3.87531448829585e-39,3.881638456447599e-39,3.887962424599317e-39,3.894286392751065e-39,3.900610360902779e-39,3.906934329054484e-39,3.913258297206305e-39,3.919582265358024e-39,3.925906233509712e-39,3.9322302016614865e-39,3.9385541698131394e-39,3.9448781379649124e-39,3.951202106116571e-39,3.9575260742682874e-39,3.963850042420037e-39,3.9701740105717466e-39,3.9764979787234726e-39,3.9828219468752045e-39,3.989145915026907e-39,3.995469883178766e-39,4.001793851330417e-39,4.008117819482114e-39,4.014441787633963e-39,4.0207657557856415e-39,4.027089723937356e-39,4.033413692089069e-39,4.039737660240788e-39,4.046061628392516e-39,4.052385596544164e-39,4.0587095646958996e-39,4.065033532847623e-39,4.071357500999399e-39,4.0776814691511096e-39,4.084005437302879e-39,4.090329405454558e-39,4.096653373606368e-39,4.1029773417581644e-39,4.1093013099099073e-39,4.1156252780615844e-39,4.121949246213291e-39,4.128273214365022e-39,4.134597182516831e-39,4.1409211506685145e-39,4.147245118820255e-39,4.1535690869719815e-39,4.159893055123722e-39,4.166217023275423e-39,4.172540991427066e-39,4.1788649595788686e-39,4.1851889277305574e-39,4.1915128958822756e-39,4.197836864034108e-39,4.2041608321857674e-39,4.210484800337539e-39,4.2168087684892514e-39,4.223132736641023e-39,4.229456704792703e-39,4.235780672944431e-39,4.242104641096214e-39,4.2484286092478586e-39,4.2547525773995676e-39,4.261076545551245e-39,4.267400513702929e-39,4.2737244818547815e-39,4.280048450006516e-39,4.2863724181582805e-39,4.292696386309956e-39,4.2990203544616986e-39,4.3053443226133515e-39,4.3116682907651056e-39,4.317992258916877e-39,4.324316227068618e-39,4.33064019522033e-39,4.33696416337214e-39,4.343288131523768e-39,4.3496120996756684e-39,4.3559360678273285e-39,4.36226003597903e-39,4.3685840041308e-39,4.374907972282535e-39,4.3812319404342424e-39,4.387555908585992e-39,4.3938798767378125e-39,4.400203844889463e-39,4.406527813041173e-39,4.4128517811929207e-39,4.4191757493445736e-39,4.4254997174963394e-39,4.4318236856480635e-39,4.4381476537997594e-39,4.4444716219514965e-39,4.450795590103254e-39,4.457119558255079e-39,4.4634435264067685e-39,4.469767494558442e-39,4.4760914627101775e-39,4.48241543086192e-39,4.4887393990136875e-39,4.495063367165363e-39,4.501387335317067e-39,4.50771130346882e-39,4.5140352716205994e-39,4.5203592397723254e-39,4.526683207924091e-39,4.5330071760757507e-39,4.5393311442275236e-39,4.5456551123792497e-39,4.5519790805309235e-39,4.5583030486826064e-39,4.564627016834302e-39,4.5709509849861165e-39,4.5772749531377896e-39,4.583598921289575e-39,4.589922889441368e-39,4.596246857593167e-39,4.602570825744839e-39,4.6088947938965195e-39,4.615218762048285e-39,4.621542730199958e-39,4.62786669835168e-39,4.6341906665034235e-39,4.640514634655186e-39,4.6468386028068925e-39,4.6531625709586315e-39,4.6594865391103275e-39,4.6658105072620705e-39,4.672134475413791e-39,4.678458443565488e-39,4.6847824117172185e-39,4.691106379868878e-39,4.697430348020731e-39,4.703754316172402e-39,4.710078284324125e-39,4.716402252475815e-39,4.722726220627496e-39,4.729050188779256e-39,4.7353741569308987e-39,4.741698125082665e-39,4.74802209323436e-39,4.7543460613861524e-39,4.7606700295378333e-39,4.766993997689522e-39,4.773317965841253e-39,4.7796419339930884e-39,4.785965902144735e-39,4.7922898702964516e-39,4.798613838448216e-39,4.8049378065999284e-39,4.811261774751728e-39,4.8175857429033165e-39,4.8239097110550934e-39,4.8302336792067124e-39,4.8365576473585115e-39,4.8428816155101996e-39,4.849205583661993e-39,4.8555295518135694e-39,4.861853519965321e-39,4.868177488117027e-39,4.87450145626866e-39,4.880825424420478e-39,4.887149392572135e-39,4.8934733607238485e-39,4.899797328875589e-39,4.906121297027333e-39,4.912445265179107e-39,4.918769233330789e-39,4.925093201482568e-39,4.93141716963422e-39,4.937741137785978e-39,4.944065105937681e-39,4.950389074089422e-39,4.9567130422411216e-39,4.9630370103928006e-39,4.9693609785445077e-39,4.975684946696168e-39,4.982008914847859e-39,4.9883328829994756e-39,4.994656851151122e-39,5.000980819302842e-39,5.007304787454475e-39,5.0136287556062184e-39,5.019952723757952e-39,5.026276691909726e-39,5.032600660061351e-39,5.038924628213091e-39,5.0452485963648354e-39,5.051572564516514e-39,5.057896532668256e-39,5.0642205008200774e-39,5.070544468971728e-39,5.076868437123398e-39,5.083192405275221e-39,5.089516373426961e-39,5.095840341578663e-39,5.102164309730418e-39,5.1084882778821666e-39,5.114812246033907e-39,5.1211362141856904e-39,5.127460182337279e-39,5.133784150489031e-39,5.1401081186408155e-39,5.146432086792496e-39,5.152756054944219e-39,5.159080023095899e-39,5.1654039912476556e-39,5.171727959399356e-39,5.178051927551131e-39,5.184375895702864e-39,5.190699863854555e-39,5.197023832006287e-39,5.20334780015802e-39,5.209671768309727e-39,5.215995736461461e-39,5.2223197046132216e-39,5.2286436727649307e-39,5.234967640916674e-39,5.241291609068341e-39,5.247615577220097e-39,5.25393954537182e-39,5.2602635135236116e-39,5.266587481675304e-39,5.2729114498270133e-39,5.2792354179787805e-39,5.285559386130434e-39,5.2918833542821424e-39,5.298207322433856e-39,5.3045312905854796e-39,5.310855258737243e-39,5.317179226888951e-39,5.323503195040707e-39,5.3298271631923347e-39,5.3361511313441024e-39,5.3424750994958924e-39,5.348799067647561e-39,5.3551230357993235e-39,5.36144700395111e-39,5.367770972102788e-39,5.374094940254612e-39,5.3804189084063293e-39,5.386742876558116e-39,5.393066844709762e-39,5.3993908128615765e-39,5.405714781013259e-39,5.4120387491649346e-39,5.418362717316784e-39,5.424686685468429e-39,5.431010653620291e-39,5.437334621771958e-39,5.4436585899236396e-39,5.449982558075375e-39,5.4563065262271706e-39,5.4626304943787446e-39,5.4689544625303975e-39,5.475278430682173e-39,5.4816023988340524e-39,5.4879263669856845e-39,5.4942503351374914e-39,5.500574303289126e-39,5.506898271440833e-39,5.513222239592585e-39,5.519546207744307e-39,5.5258701758960366e-39,5.532194144047791e-39,5.5385181121994703e-39,5.5448420803512994e-39,5.551166048503005e-39,5.557490016654631e-39,5.5638139848064076e-39,5.5701379529581284e-39,5.5764619211099105e-39,5.582785889261615e-39,5.5891098574133025e-39,5.59543382556505e-39,5.601757793716869e-39,5.608081761868507e-39,5.614405730020168e-39,5.6207296981719704e-39,5.627053666323667e-39,5.633377634475262e-39,5.639701602626961e-39,5.6460255707787054e-39,5.6523495389304164e-39,5.658673507082184e-39,5.6649974752339115e-39,5.671321443385652e-39,5.6776454115375234e-39,5.6839693796892735e-39,5.690293347840972e-39,5.696617315992664e-39,5.7029412841443935e-39,5.7092652522961775e-39,5.715589220447876e-39,5.7219131885996504e-39,5.7282371567513503e-39,5.7345611249029915e-39,5.740885093054816e-39,5.74720906120646e-39,5.753533029358245e-39,5.7598569975100906e-39,5.766180965661831e-39,5.772504933813465e-39,5.778828901965199e-39,5.785152870116823e-39,5.791476838268534e-39,5.797800806420401e-39,5.8041247745720506e-39,5.8104487427237375e-39,5.816772710875397e-39,5.823096679027265e-39,5.829420647178961e-39,5.835744615330669e-39,5.842068583482366e-39,5.84839255163413e-39,5.854716519785834e-39,5.861040487937609e-39,5.867364456089376e-39,5.8736884242411085e-39,5.880012392392759e-39,5.886336360544519e-39,5.892660328696178e-39,5.89898429684795e-39,5.90530826499964e-39,5.911632233151389e-39,5.91795620130323e-39,5.924280169454966e-39,5.930604137606706e-39,5.936928105758324e-39,5.943252073910008e-39,5.949576042061738e-39,5.955900010213398e-39,5.962223978365198e-39,5.968547946516889e-39,5.97487191466864e-39,5.98119588282037e-39,5.987519850972071e-39,5.993843819123835e-39,6.000167787275506e-39,6.00649175542735e-39,6.012815723579024e-39,6.019139691730812e-39,6.025463659882493e-39,6.031787628034191e-39,6.038111596185982e-39,6.044435564337756e-39,6.050759532489401e-39,6.057083500641135e-39,6.063407468792788e-39,6.069731436944566e-39,6.076055405096278e-39,6.082379373247997e-39,6.08870334139978e-39,6.095027309551463e-39,6.101351277703162e-39,6.107675245855007e-39,6.113999214006629e-39,6.120323182158427e-39,6.126647150310133e-39,6.132971118461802e-39,6.13929508661349e-39,6.145619054765228e-39,6.15194302291692e-39,6.15826699106868e-39,6.164590959220368e-39,6.170914927372252e-39,6.177238895523925e-39,6.183562863675672e-39,6.1898868318274e-39,6.196210799979191e-39,6.20253476813083e-39,6.208858736282571e-39,6.215182704434306e-39,6.221506672585964e-39,6.227830640737741e-39,6.234154608889405e-39,6.240478577041153e-39,6.246802545192966e-39,6.253126513344704e-39,6.259450481496339e-39,6.265774449648187e-39,6.272098417799848e-39,6.278422385951561e-39,6.284746354103262e-39,6.291070322254983e-39,6.29739429040669e-39,6.30371825855852e-39,2.885944663802155e-20,3.2070704286062494e-20,3.333681339361114e-20,3.449624154520668e-20,3.569346333926312e-20,3.694199970535599e-20,3.8245407134683663e-20,3.960663821314056e-20,4.102877284117161e-20,4.2515084835665e-20,4.406905886692406e-20,4.569440504666795e-20,4.7395074772440053e-20,4.9175278146198556e-20,5.1039502910676626e-20,5.299253526924384e-20,5.503948243773124e-20,5.718579726039013e-20,5.943730498491411e-20,6.180023245578689e-20,6.428123990609175e-20,6.688745563743987e-20,6.96265138468713e-20,7.250659598430019e-20,7.553647582914732e-20,7.872556896142148e-20,8.208398677464667e-20,8.562259573207667e-20,8.93530823203784e-20,9.32880243560912e-20,9.744096932084697e-20,1.0182652052661347e-19,1.0646043195353738e-19,1.1135971277109415e-19,1.1654274263237062e-19,1.220293990001444e-19,1.2784119787182686e-19,1.3400144958278269e-19,1.4053543132814194e-19,1.4747057875979395e-19,1.5483669830854448e-19,1.6266620383523033e-19,1.7099437972010623e-19,1.7985967415670188e-19,1.8930402665728964e-19,1.9937323396093476e-19,2.1011735956202077e-19,2.2159119270915994e-19,2.338547634838963e-19,2.469739215954141e-19,2.6102098857250363e-19,2.760754929886702e-19,2.922249970754626e-19,3.095660389156048e-19,3.2820519330831677e-19,3.4826027845984076e-19,3.698617272786587e-19,3.9315414926413584e-19,4.1829811225150503e-19,4.454721799108751e-19,4.748752447498609e-19,5.067292063921037e-19,5.412820517608975e-19,5.7881140536582985e-19,6.196286305787952e-19,6.640835778628003e-19,7.12570095777244e-19,7.655324417711031e-19,8.234727594028613e-19,8.869598214582949e-19,9.566392809943988e-19,1.0332457235778784e-18,1.117616878398505e-18,1.2107104238618509e-18,1.3136239240786692e-18,1.427618554028631e-18,1.5541474274284425e-18,1.6948895370664453e-18,1.8517905648305633e-18,2.0271121347044484e-18,2.2234914855546345e-18,2.444014059671364e-18,2.6923021736578183e-18,2.9726238094161678e-18,3.2900267015885433e-18,3.650504392582881e-18,4.061202906320826e-18,4.5306793201652215e-18,5.069227044076998e-18,5.6892873664940326e-18,6.405973296558818e-18,7.237740575117179e-18,8.207252951112676e-18,9.342505828824243e-18,1.0678296293645397e-17,1.2258161414691295e-17,1.4136955271811587e-17,1.6384305427351127e-17,1.9089292422500348e-17,2.236684822506778e-17,2.6366598068502133e-17,3.1285217411763594e-17,3.738391127459278e-17,4.501346141336754e-17,5.465062053806432e-17,6.695179207000181e-17,8.283349617169929e-17,1.0359511919829463e-16,1.311097603133461e-16,1.6812716288039879e-16,2.1876556484063317e-16,2.893303515790194e-16,3.8971437796321023e-16,5.358666196611284e-16,7.542923036009021e-16,1.0905677279001904e-15,1.6261369314344946e-15,2.513031985913612e-15,4.049526556492951e-15,6.855079251832431e-15,1.2302990216643447e-14,2.3674456126529084e-14,4.9507505745131205e-14,1.1424949489934225e-13,2.955296231693046e-13,8.667680666688456e-13,2.8797245781123377e-12,1.0577934260982023e-11,4.074530830696884e-11,1.5337569721624412e-10,5.29609689358172e-10,1.6185299294403779e-09,4.35115538432316e-09,1.0410052301876292e-08,2.248943548708913e-08,4.426568463521189e-08,7.964898005917283e-08,1.3128290567742998e-07,1.9900408080074074e-07,2.791922997328527e-07,3.6541837735492913e-07,4.500759194570578e-07,5.262157011171505e-07,5.888372853326337e-07,6.353412233129332e-07,6.652949176878075e-07,6.798478348531404e-07,6.810865110094706e-07,6.714941664210842e-07,6.535706456944304e-07,6.296041700020646e-07,6.015601458146252e-07,5.710486564280894e-07,5.393387017809367e-07,5.073962792576672e-07,4.759315307649082e-07,4.454463149153679e-07,4.1627771586147744e-07,3.886355865624648e-07,3.626337166862895e-07,3.3831499674043775e-07,3.1567130232171606e-07,2.946589280787268e-07,2.7521037804809774e-07,2.5724323555349577e-07,2.4066673019708587e-07,2.2538651354475676e-07,2.1130805803194725e-07,1.9833900932798984e-07,1.8639075220658042e-07,1.7537939230790184e-07,1.6522630995164258e-07,1.5585840544721805e-07,1.472081264462499e-07,1.3921334542065556e-07,1.3181713799426185e-07,1.2496749943399837e-07,1.1861702649217274e-07,1.1272258410753023e-07,1.0724497044678319e-07,1.0214858983048189e-07,9.740113950576438e-08,9.297331406985497e-08,8.883852977799138e-08,8.497266918732922e-08,8.135384674411989e-08,7.796219432912277e-08,7.47796660463286e-08,7.178986107135073e-08,6.897786333397772e-08,6.633009670682713e-08,6.383419444938995e-08,6.167883137346851e-08,5.944191585963316e-08,5.7327925909718184e-08,5.5326773475737617e-08,5.3430659284717484e-08,5.163237038397077e-08,4.9925262242485015e-08,4.830322613835794e-08,4.676064564897166e-08,4.529235326405206e-08,4.3893589996253895e-08,4.255996853065781e-08,4.128744144286438e-08,4.00722655915329e-08,3.891098303930893e-08,3.78003916741187e-08,3.6737524008589154e-08,3.571962727615205e-08,3.474414533521006e-08,3.3808702269166066e-08,3.291108751223476e-08,3.204924235961839e-08,3.1221247707395504e-08,3.0425312909447195e-08,2.9659765632067073e-08,2.8923042638360105e-08,2.8213681347987152e-08,2.7530312162417766e-08,2.6871651457156382e-08,2.623649516275518e-08,2.562371290064513e-08,2.5032242608077892e-08,2.446108562381688e-08,2.3909302155850892e-08,2.3376007141834426e-08,2.2860366437212578e-08,2.2361593296582123e-08,2.18789451721153e-08,2.141172070127944e-08,2.095925699247479e-08,2.0520927079399918e-08,2.0096137581467413e-08,1.968432654197867e-08,1.9284961428304448e-08,1.8897537273459243e-08,1.852157495607503e-08,1.8156619619246193e-08,1.7802239174691916e-08,1.745802293439558e-08,1.7123580331934266e-08,1.6798539735515742e-08,1.6482547339277076e-08,1.617526612494134e-08,1.5876374910959982e-08,1.5585567445333408e-08,1.5302551575936748e-08,1.502704845401877e-08,1.4758791821053278e-08,1.4497527300747341e-08,1.4243011770830886e-08,1.3995012760090747e-08,1.3753307883393664e-08,1.3517684311665357e-08,1.3287938281037687e-08,1.306387461833292e-08,1.2845306308501751e-08,1.26320540814281e-08,1.2423946024079562e-08,1.2220817211749401e-08,1.2022509382628746e-08,1.1828870582784598e-08,1.1639754888621932e-08,1.1455022101405495e-08,1.1274537485188891e-08,1.1098171506471568e-08,1.0925799589910392e-08,1.0757301894143135e-08,1.059256308691955e-08,1.0431472148099587e-08,1.0273922170798317e-08,1.0119810175816168e-08,9.969036941752292e-09,9.82150683709291e-09,9.677127662974033e-09,9.535810505193423e-09,9.397469594071084e-09,9.262022167529737e-09,9.129388347069856e-09,8.999491014219628e-09,8.87225569645333e-09,8.747610457835507e-09,8.625485793873201e-09,8.505814533759447e-09,8.388531745867186e-09,8.2735746450731e-09,8.160882511116292e-09,8.050396604631778e-09,7.942060089569769e-09,7.835817958923805e-09,7.731616963734552e-09,7.629405545252436e-09,7.529133772200432e-09,7.430753275029399e-09,7.334217191801015e-09,7.2394801071732726e-09,7.146498002303154e-09,7.055228199826039e-09,6.965629318243202e-09,6.877661221685807e-09,6.791284976254718e-09,6.706462806083292e-09,6.623158052764503e-09,6.541335133823258e-09,6.460959507118159e-09,6.3819976326538395e-09,6.304416938004589e-09,6.228185784516668e-09,6.153273437044485e-09,6.07965002961509e-09,6.007286538097461e-09,5.936154751492794e-09,5.866227244269605e-09,5.7974773500368465e-09,5.729879136705375e-09,5.663407381406228e-09,5.5980375482974905e-09,5.5337457652492815e-09,5.470508803016754e-09,5.408304053040206e-09,5.347109509897179e-09,5.28690374990156e-09,5.227665914340359e-09,5.169375688101021e-09,5.112013287847724e-09,5.055559441847147e-09,4.999995375201521e-09,4.945302793732649e-09,4.8914638702500104e-09,4.838461229677009e-09,4.78627793471664e-09,4.734897476383785e-09,4.684303754059786e-09,4.634481069267705e-09,4.585414111418963e-09,4.537087946543733e-09,4.489488006540126e-09,4.442600077719902e-09,4.396410291260561e-09,4.35090511269214e-09,4.306071332914568e-09,4.26189605755656e-09,4.218366699219928e-09,4.175470968335795e-09,4.133196864686992e-09,4.0915326690318884e-09,4.050466935780127e-09,4.00998848508963e-09,3.9700863950254834e-09,3.930749995087685e-09,3.89196885919369e-09,3.853732798695375e-09,3.816031856146237e-09,3.778856298863767e-09,3.7421966124704876e-09,3.7060434972277046e-09,3.670387858878891e-09,3.6352208055822966e-09,3.6005336414869596e-09,3.566317862131758e-09,3.5325651489114717e-09,3.4992673651908386e-09,3.466416550426556e-09,3.4340049160808736e-09,3.402024841411572e-09,3.370468867851203e-09,3.339329697822713e-09,3.3086001878448423e-09,3.278273345326582e-09,3.248342325354265e-09,3.218800426017909e-09,3.1896410857151534e-09,3.1608578793104166e-09,3.1324445150631304e-09,3.104394830446479e-09,3.0767027900139394e-09,3.0493624816538246e-09,3.0223681139144385e-09,2.9957140128960194e-09,2.969394619270123e-09,2.9434044856180024e-09,2.9177382740891515e-09,2.892390753365828e-09,2.8673567961951e-09,2.8426313771480856e-09,2.8182095695469655e-09,2.7940865442396126e-09,2.770257566780257e-09,2.7467179940304815e-09,2.7234632743276943e-09,2.7004889437180473e-09,2.677790624540045e-09,2.655364023225031e-09,2.6332049284418244e-09,2.611309209236876e-09,2.5896728131758947e-09,2.5682917646241737e-09,2.5471621627823202e-09,2.526280180541147e-09,2.5056420629194973e-09,2.4852441231436087e-09,2.4650827449007884e-09,2.445154378237351e-09,2.4254555387986885e-09,2.4059828063097383e-09,2.3867328231752145e-09,2.3677022927431647e-09,2.348887979214285e-09,2.330286705530897e-09,2.3118953511329674e-09,2.2937108521000186e-09,2.2782792626731683e-09,2.2604235636546437e-09,2.242812275132532e-09,2.2253979081983586e-09,2.2081763662654366e-09,2.1911448255787326e-09,2.1743005646264835e-09,2.1576409177860403e-09,2.141163267587301e-09,2.12486504367508e-09,2.1087437202965686e-09,2.092796815474476e-09,2.07702188989226e-09,2.061416546505762e-09,2.0459784290025354e-09,2.0307052215038968e-09,2.0155946474212056e-09,2.000644468842015e-09,1.9858524854880224e-09,1.9712165344859094e-09,1.9567344892680073e-09,1.942404258569294e-09,1.9282237863346344e-09,1.9141910503310686e-09,1.900304062156123e-09,1.8865608663077512e-09,1.872959539345826e-09,1.8594981894711107e-09,1.8461749558826519e-09,1.832988008131263e-09,1.8199355456094308e-09,1.8070157970463386e-09,1.7942270191318414e-09,1.7815674973390678e-09,1.769035544577655e-09,1.7566295007041615e-09,1.7443477323118634e-09,1.732188631400343e-09,1.720150616088208e-09,1.7082321293286135e-09,1.6964316386130323e-09,1.6847476356468568e-09,1.6731786356860556e-09,1.6617231772552185e-09,1.650379821590412e-09,1.6391471524089148e-09,1.6280237753229626e-09,1.6170083175321868e-09,1.6060994273110112e-09,1.5952957737416748e-09,1.5845960463009956e-09,1.5739989544688137e-09,1.563503227385316e-09,1.553107613489317e-09,1.5428108802570953e-09,1.5326118136144587e-09,1.5225092177239885e-09,1.5125019149148178e-09,1.5025887450872071e-09,1.4927685653714572e-09,1.4830402499551022e-09,1.4734026897348074e-09,1.4638547917220264e-09,1.454395479676699e-09,1.4450236928727515e-09,1.4357383863590253e-09,1.4265385303787956e-09,1.417423109633744e-09,1.408391124123862e-09,1.3994415886822623e-09,1.390573531750837e-09,1.381785996247038e-09,1.373078038816837e-09,1.3644487293795789e-09,1.355897151145655e-09,1.3474224008307681e-09,1.3390235877792617e-09,1.3306998340735788e-09,1.3224502741127686e-09,1.3142740545469127e-09,1.30617033413949e-09,1.29813828340503e-09,1.2901770845085283e-09,1.2822859310374714e-09,1.2744640278276266e-09,1.2667105907716299e-09,1.2590248465166688e-09,1.2514060325957317e-09,1.243853397063386e-09,1.2363661982507932e-09,1.2289437046741084e-09,1.221585194861894e-09,1.2142899571971975e-09,1.2070572899210767e-09,1.1998865004702677e-09,1.1927769058478625e-09,1.1857278322834408e-09,1.1787386150628384e-09,1.171808598476668e-09,1.1649371355579824e-09,1.158123588021587e-09,1.1513673261015774e-09,1.1446677283937984e-09,1.1380241817712091e-09,1.1314360812426034e-09,1.124902829745807e-09,1.1184238382110678e-09,1.1119985251852368e-09,1.1056263168880133e-09,1.099306647011429e-09,1.0930389567363745e-09,1.0868226944927043e-09,1.0806573158588875e-09,1.0745422833817655e-09,1.068477066667968e-09,1.0624611421292932e-09,1.05649399293738e-09,1.0505751088639212e-09,1.0447039862403916e-09,1.0388801278193346e-09,1.0331030425060127e-09,1.027372245924867e-09,1.0216872593862812e-09,1.016047610409487e-09,1.0104528324869704e-09,1.0049024650703623e-09,9.993960531852524e-10,9.939331478408477e-10,9.885133054160095e-10,9.83136087907877e-10,9.778010627763309e-10,9.725078028499974e-10,9.672558862002486e-10,9.62044896232559e-10,9.568744213861895e-10,9.517440551626029e-10,9.466533961396236e-10,9.416020477724034e-10,9.365896182650376e-10,9.316157207198462e-10,9.266799729048522e-10,9.217819972251717e-10,9.169214206672804e-10,9.120978747068208e-10,9.073109952791682e-10,9.025604226897932e-10,8.978458015520995e-10,8.931667807556981e-10,8.885230133716636e-10,8.839141566136682e-10,8.793398717692397e-10,8.747998241481972e-10,8.702936830209341e-10,8.658211215746439e-10,8.613818168337693e-10,8.569754496314293e-10,8.526017045453981e-10,8.482602698459858e-10,8.439508374476576e-10,8.39673102869882e-10,8.354267651773046e-10,8.312115269105177e-10,8.27027094064992e-10,8.228731760351434e-10,8.18749485569407e-10,8.14655738718563e-10,8.105916547679047e-10,8.065569563594339e-10,8.025513690694282e-10,7.985746218016356e-10,7.946264465690221e-10,7.907065782285388e-10,7.868147547986728e-10,7.829507172451279e-10,7.791142094077452e-10,7.753049781087217e-10,7.715227728588224e-10,7.677673462163964e-10,7.640384533176739e-10,7.603358520910005e-10,7.566593031710856e-10,7.530085698672773e-10,7.493834180852318e-10,7.457836163636567e-10,7.422089357876074e-10,7.386591499701436e-10,7.35134035020471e-10,7.316333695177326e-10,7.2815693444416e-10,7.247045132039709e-10,7.212758915690909e-10,7.178708576330965e-10,7.144892018295201e-10,7.111307168680604e-10,7.077951975989166e-10,7.044824412715059e-10,7.011922471685979e-10,6.979244168130494e-10,6.946787538815636e-10,6.914550640875895e-10,6.882531552543994e-10,6.850728372921698e-10,6.819139221335046e-10,6.787762235886445e-10,6.756595576763866e-10,6.725637422363652e-10,6.69488597037657e-10,6.664339437909436e-10,6.633996060208744e-10,6.603854091235273e-10,6.573911803947761e-10,6.544167489486441e-10,6.514619455946401e-10,6.48526602961708e-10,6.456105554189139e-10,6.427136390589609e-10,6.398356916756509e-10,6.369765527520291e-10,6.341360634236627e-10,6.313140664623581e-10,6.285104062725166e-10,6.257249288530779e-10,6.22957481797787e-10,6.202079142361e-10,6.174760768547837e-10,6.147618218647953e-10,6.12065002983233e-10,6.093854754149107e-10,6.067230958347869e-10,6.040777223704239e-10,6.014492145844388e-10,5.988374334574031e-10,5.962422413486807e-10,5.936635020630659e-10,5.911010807144041e-10,5.885548437935477e-10,5.860246591132994e-10,5.835103958214916e-10,5.810119243609982e-10,5.785291164657272e-10,5.760618451415271e-10,5.736099846571926e-10,5.711734105222386e-10,5.687519994765389e-10,5.663456294751032e-10,5.639541796729716e-10,5.615775304142225e-10,5.592155632149502e-10,5.568681607510521e-10,5.545352068446612e-10,5.522165864517517e-10,5.499121856464678e-10,5.476218916110499e-10,5.453455926219725e-10,5.430831780375826e-10,5.408345382856218e-10,5.385995648504615e-10,5.363781502634785e-10,5.341701880877289e-10,5.319755729100336e-10,5.297942003226389e-10,5.276259669163506e-10,5.254707702995088e-10,5.233285089381652e-10,5.211990824247065e-10,5.190823912308028e-10,5.169783367839545e-10,5.148868214286149e-10,5.128077484400007e-10,5.107410220065362e-10,5.086865472149202e-10,5.066442300499256e-10,5.046139774226779e-10,5.025956970148418e-10,5.005892974249175e-10,4.985946881124593e-10,4.966117793727886e-10,4.946404823363822e-10,4.926807089680672e-10,4.907323720295083e-10,4.887953851009132e-10,4.868696625506889e-10,4.849551195653089e-10,4.83051672083156e-10,4.811592368161169e-10,4.792777312527456e-10,4.774070736199091e-10,4.755471829531427e-10,4.736979789812322e-10,4.718593821133522e-10,4.700313135786381e-10,4.682136952769835e-10,4.664064497827034e-10,4.6460950042747893e-10,4.6282277121536204e-10,4.610461868334802e-10,4.5927967264527347e-10,4.575231546978013e-10,4.5577655969810506e-10,4.5403981499566135e-10,4.5231284860932337e-10,4.505955891856599e-10,4.488879660207915e-10,4.4718990903648895e-10,4.455013487751365e-10,4.4382221639839785e-10,4.421524436772446e-10,4.4049196298653073e-10,4.3884070729860376e-10,4.3719861017829145e-10,4.3556560574264533e-10,4.3394162882679865e-10,4.32326614603604e-10,4.307204990031393e-10,4.291232184350041e-10,4.2753470989442385e-10,4.25954910914195e-10,4.2438375957097857e-10,4.2282119448367685e-10,4.2126715480038915e-10,4.19721580198158e-10,4.181844108759712e-10,4.1665558754948916e-10,4.15135051445826e-10,4.136227442981968e-10,4.121186083409316e-10,4.106225863042605e-10,4.0913462140942577e-10,4.076546573660325e-10,4.0618263835911454e-10,4.047185090536258e-10,4.0326221458543755e-10,4.0181370055781066e-10,4.003729130351383e-10,3.989397985340424e-10,3.9751430403476305e-10,3.9609637696013225e-10,3.946859651758556e-10,3.9328301698781117e-10,3.918874811377281e-10,3.9049930679583563e-10,3.891184435600357e-10,3.877448414502774e-10,3.8637845090443384e-10,3.8501922277424877e-10,3.836671083211913e-10,3.8232205921113383e-10,3.8098402751575165e-10,3.796529657001575e-10,3.783288266250806e-10,3.770115635430187e-10,3.7570113008680855e-10,3.743974802780504e-10,3.7310056851454124e-10,3.7181034956932287e-10,3.705267785868311e-10,3.6924981107835093e-10,3.6797940292137907e-10,3.667155103538713e-10,3.654580899688822e-10,3.642070987155721e-10,3.629624938917478e-10,3.617242331432101e-10,3.6049227445788187e-10,3.592665761668029e-10,3.580470969473557e-10,3.5683379577974284e-10,3.5562663200637695e-10,3.544255652864908e-10,3.532305556194572e-10,3.5204156327334515e-10,3.5085854892015916e-10,3.496814734382481e-10,3.485102981287403e-10,3.473449845115227e-10,3.461854944758369e-10,3.450317901820216e-10,3.4388383411740504e-10,3.427415890412016e-10,3.416050180181893e-10,3.4047408439916807e-10,3.393487518408285e-10,3.3822898427005065e-10,3.371147459035792e-10,3.3600600124110063e-10,3.349027150586558e-10,3.3380485241383904e-10,3.3271237863417497e-10,3.316252593137595e-10,3.305434603238391e-10,3.294669477957395e-10,3.2839568813373356e-10,3.2732964797830584e-10,3.262687942839666e-10,3.2521309420222296e-10,3.2416251516386704e-10,3.2311702484707876e-10,3.2207659118343634e-10,3.2104118235535863e-10,3.2001076678523646e-10,3.189853131393971e-10,3.1796479032476196e-10,3.169491674870442e-10,3.159384140081863e-10,3.149324995040733e-10,3.139313938230474e-10,3.129350670426659e-10,3.1194348947014873e-10,3.1095663164668696e-10,3.099744643075363e-10,3.0899695844181855e-10,3.080240852471274e-10,3.070558161368344e-10,3.0609212275253966e-10,3.0513297691734865e-10,3.041783507088511e-10,3.0322821638720997e-10,3.0228254642820077e-10,3.0134131351532855e-10,3.0040449053301483e-10,2.9947205055427453e-10,2.9854396690146527e-10,2.97620213067004e-10,2.9670076272541727e-10,2.9578558975747976e-10,2.9487466824320854e-10,2.9396797245357623e-10,2.930654768490537e-10,2.9216715607957154e-10,2.9127298498230876e-10,2.9038293858273376e-10,2.894969920851048e-10,2.8861512087926425e-10,2.877373005332507e-10,2.8686350680048447e-10,2.859937156264095e-10,2.8512790307292684e-10,2.84266045444477e-10,2.8340811919019675e-10,2.825541009335817e-10,2.8170396746843434e-10,2.8085769575733826e-10,2.8001526293019505e-10,2.791766462835297e-10,2.783418232752765e-10,2.7751077153318477e-10,2.7668346883927263e-10,2.758598931127297e-10,2.750400224879949e-10,2.7422383522268646e-10,2.734113097612347e-10,2.7260242464703445e-10,2.7179715861041587e-10,2.709954905302237e-10,2.70197399436197e-10,2.6940286450798363e-10,2.686118650737224e-10,2.6782438060847047e-10,2.6704039073388355e-10,2.662598752027132e-10,2.6548281393232285e-10,2.6470918700203283e-10,2.639389745799565e-10,2.6317215700687724e-10,2.624087147483153e-10,2.6164862842309774e-10,2.6089187876963e-10,2.6013844666869455e-10,2.5938831312216514e-10,2.5864145929424964e-10,2.57897866470444e-10,2.5715751603109755e-10,2.5642038956727867e-10,2.5568646870055997e-10,2.5495573527125945e-10,2.5422817118211836e-10,2.535037584856714e-10,2.527824793568073e-10,2.5206431609783974e-10,2.5134925112485276e-10,2.5063726698228286e-10,2.4992834633125466e-10,2.4922247195945427e-10,2.485196267627421e-10,2.478197937627568e-10,2.471229560933206e-10,2.4642909700606074e-10,2.457381998676353e-10,2.4505024815794666e-10,2.4436522546957485e-10,2.4368311550809176e-10,2.43003902088985e-10,2.4232756913923307e-10,2.4165410069203404e-10,2.4098348089531085e-10,2.403156939985113e-10,2.396507243602915e-10,2.389885564449437e-10,2.3832917482180093e-10,2.3767256416451694e-10,2.3701870924967436e-10,2.3636759495688023e-10,2.357192062675285e-10,2.3507352826320465e-10,2.3443054612623555e-10,2.3379024513817993e-10,2.331526106791556e-10,2.3251762822667715e-10,2.3188528335578383e-10,2.3125556173735193e-10,2.3062844913781528e-10,2.3000393141838863e-10,2.2938199453466837e-10,2.2876262453329346e-10,2.2814580755866452e-10,2.2753152983535736e-10,2.2691977769648553e-10,2.2631053755192151e-10,2.2570379590507715e-10,2.2509953935750105e-10,2.2449775457311484e-10,2.2389842832696342e-10,2.2330154747895806e-10,2.2270709896303145e-10,2.2211506981194097e-10,2.21525447136721e-10,2.20938218131579e-10,2.2035337007978794e-10,2.1977089033842018e-10,2.1919076635552911e-10,2.1861298565719936e-10,2.1803753585088837e-10,2.1746440462448492e-10,2.168935797455816e-10,2.163250490615498e-10,2.1575880049663168e-10,2.1519482205568292e-10,2.1463310181838671e-10,2.1407362794258663e-10,2.1351638866238153e-10,2.1296137228237625e-10,2.1240856719543732e-10,2.1185796185569912e-10,2.1130954479646495e-10,2.1076330462387787e-10,2.1021923001671547e-10,2.0967730972642496e-10,2.0913753257570562e-10,2.08599887458589e-10,2.0806436333960561e-10,2.0753094925366107e-10,2.069996343050443e-10,2.0647040766711883e-10,2.0594325858179215e-10,2.0541817635896687e-10,2.0489515037604723e-10,2.0437417007750424e-10,2.0385522497425887e-10,2.0333830464325232e-10,2.0282339872695617e-10,2.0231049693594434e-10,2.017995890355869e-10,2.0129066487132986e-10,2.0078371433580345e-10,2.0027872739477722e-10,1.9977569406556339e-10,1.9927460444351752e-10,1.9877544868336362e-10,1.9827821698192715e-10,1.977828996197696e-10,1.9728948692693045e-10,1.9679796930030737e-10,1.963083371856512e-10,1.9582058109309685e-10,1.9533469159098362e-10,1.9485065931019328e-10,1.9436847493441373e-10,1.9388812920625678e-10,1.9340961292513766e-10,1.9293291694700507e-10,1.9245803218393374e-10,1.919849496037121e-10,1.9151366022942432e-10,1.9104415513906105e-10,1.9057642546594303e-10,1.9011046239578628e-10,1.8964625716861567e-10,1.8918380107869466e-10,1.1929181305966564e-10,9.397665158039095e-11,8.567203354887162e-11,8.336565636737276e-11,8.315951987515912e-11,8.368672831114834e-11,8.44683339583964e-11,8.533652133762338e-11,8.623248120331907e-11,8.713559491030038e-11,8.803862356220676e-11,8.893901634773531e-11,8.983586526472697e-11,9.072883820015366e-11,9.161780527749028e-11,9.250270784973131e-11,9.338351268584821e-11,9.426019581033398e-11,9.513273693802553e-11,9.600111747943698e-11,9.686531989567183e-11,9.772532726506198e-11,9.8581123432991e-11,9.943269293671051e-11,1.0028002091028212e-10,1.0112309303589655e-10,1.0196189566229695e-10,1.0279641573046867e-10,1.0362664079177881e-10,1.044525589986564e-10,1.0527415910076522e-10,1.060914304400954e-10,1.0690436294840786e-10,1.0771294713975155e-10,1.085171741088485e-10,1.0931703552542138e-10,1.1011252361706504e-10,1.1090363120295494e-10,1.1169035164939579e-10,1.1247267888899103e-10,1.1325060738271224e-10,1.1402413226637362e-10,1.1479324897885771e-10,1.1555795361195631e-10,1.1631824278672966e-10,1.170741135053217e-10,1.1782556356599957e-10,1.1857259118367195e-10,1.1931519500866997e-10,1.2005337421483045e-10,1.2078712846361232e-10,1.215164579771615e-10,1.222413633602804e-10,1.2296184575659663e-10,1.236779067872814e-10,1.2438954844756313e-10,1.2509677330267322e-10,1.2579958430382723e-10,1.2649798489294915e-10,1.2719197889411278e-10,1.2788157062523565e-10,1.2856676480705181e-10,1.2924756653483983e-10,1.299239815016572e-10,1.3059601553432277e-10,1.312636749911546e-10,1.3192696670275437e-10,1.3258589779742236e-10,1.3324047577748197e-10,1.3389070860810802e-10,1.3453660453993445e-10,1.351781721974548e-10,1.3581542061441947e-10,1.3644835910214062e-10,1.3707699740085477e-10,1.3770134551628498e-10,1.3832141383257494e-10,1.389372131947802e-10,1.3954875423752896e-10,1.4015604848629845e-10,1.40759107566153e-10,1.413579433994465e-10,1.4195256820706334e-10,1.425429944726572e-10,1.431292349998336e-10,1.4371130290104813e-10,1.4428921146716464e-10,1.4486297428857718e-10,1.4543260523799238e-10,1.4599811840449703e-10,1.465595281490664e-10,1.4711684906664534e-10,1.4767009594310938e-10,1.4821928384308038e-10,1.4876442816447546e-10,1.4930554413909015e-10,1.4984264758265243e-10,1.5037575442528904e-10,1.509048807124637e-10,1.5143004278453526e-10,1.5195125699648068e-10,1.5246854036308113e-10,1.529819092624407e-10,1.5349138091525754e-10,1.5399697248703955e-10,1.5449870128596213e-10,1.549965848183585e-10,1.5549064073894387e-10,1.559808868133272e-10,1.5646734096270722e-10,1.5695002124545953e-10,1.5742894585442678e-10,1.5790413308127077e-10,1.5837560138902096e-10,1.588433693148124e-10,1.593074555151206e-10,1.5976787875771136e-10,1.602246579039746e-10,1.6067781191506247e-10,1.6112735983685025e-10,1.6157332082865418e-10,1.6201571411811645e-10,1.6245455901229952e-10,1.628898748934644e-10,1.6332168121488148e-10,1.6374999749674809e-10,1.641748433221148e-10,1.645962383329098e-10,1.650142022259998e-10,1.65428754767494e-10,1.658399157293032e-10,1.6624770495800668e-10,1.666521423753606e-10,1.670532476873173e-10,1.67451041105126e-10,1.6784554251139745e-10,1.682367719130874e-10,1.6862474932390325e-10,1.6900949477711788e-10,1.6939102835603326e-10,1.6976937011336178e-10,1.7014454010015485e-10,1.7051655844921988e-10,1.7088544524255026e-10,1.712512205971541e-10,1.716139045380007e-10,1.7197351716287614e-10,1.723300786224368e-10,1.7268360892819863e-10,1.73034128135042e-10,1.7338165625852312e-10,1.73726213317829e-10,1.7406781929067666e-10,1.7440649419560226e-10,1.7474225789294857e-10,1.75075130394079e-10,1.754051315187673e-10,1.757322811311582e-10,1.7605659904420525e-10,1.7637810503303302e-10,1.7669681884132055e-10,1.770127601693794e-10,1.7732594864225008e-10,1.776364038714755e-10,1.7794414540222869e-10,1.7824919273565815e-10,1.7855156535677115e-10,1.7885128263333372e-10,1.791483639189993e-10,1.794428285845224e-10,1.7973469574089548e-10,1.800239846203146e-10,1.8031071429965262e-10,1.805949038490842e-10,1.80876572216306e-10,1.8115573833122086e-10,1.8143242104627226e-10,1.8170663913681145e-10,1.8197841131070297e-10,1.8224775618962993e-10,1.8251469236719395e-10,1.8277923832232835e-10,1.830414124552152e-10,1.8330123311821792e-10,1.8355871856559375e-10,1.838138869953926e-10,1.8406675650067366e-10,1.843173451000215e-10,1.8456567073619158e-10,1.848117512500243e-10,1.850556044521832e-10,1.8529724802517608e-10,1.8553669958018068e-10,1.8577397663763966e-10,1.8600909663415839e-10,1.8624207692265347e-10,1.8647293476803183e-10,1.8670168734447793e-10,1.869283517335278e-10,1.8715294493848212e-10,1.8737548386391305e-10,1.8759598532538515e-10,1.8781446604855033e-10,1.8803094266753774e-10,1.8824543172438786e-10,1.884579496688251e-10,1.8866851292382198e-10,1.8887713758549363e-10,1.890838399833813e-10,1.8928863610968512e-10,1.89491541974343e-10,1.8969257338597718e-10,1.8989174627304052e-10,1.9008907631834172e-10,1.902845790512792e-10,1.9047827001001066e-10,1.9067016460577772e-10,1.9086027815583728e-10,1.9104862588139822e-10,1.9123522290296682e-10,1.9142008425025535e-10,1.916032248552519e-10,1.9178465955367905e-10,1.9196440308497977e-10,1.9214247009225766e-10,1.9231887512229107e-10,1.9249363262550292e-10,1.9266675695600074e-10,1.9283826237161363e-10,1.930081630339201e-10,1.9317647300833726e-10,1.9334320626418598e-10,1.9350837667478202e-10,1.9367199801755576e-10,1.9383408397416244e-10,1.9399464813061126e-10,1.941537039774442e-10,1.9431126490984215e-10,1.9446734422783916e-10,1.9462195513649826e-10,1.9477511074609091e-10,1.9492682407232482e-10,1.9507710803654383e-10,1.9522597546596184e-10,1.9537343909389931e-10,1.9551951156004788e-10,1.9566420541070783e-10,1.958075330990552e-10,1.9594950698544936e-10,1.9609013933767537e-10,1.9622944233126834e-10,1.963674280498136e-10,1.9650410849354624e-10,1.9663949555446385e-10,1.9677360104220724e-10,1.9690643667574083e-10,1.9703801408651725e-10,1.9716834481193454e-10,1.9729744030120523e-10,1.9742531191421948e-10,1.9755197092189279e-10,1.9767742849267828e-10,1.9780169573418197e-10,1.9792478365393663e-10,1.980467031738251e-10,1.981674651188469e-10,1.9828708023306206e-10,1.984055592261503e-10,1.9852291259001723e-10,1.9863915083407556e-10,1.9875428437593816e-10,1.9886832353469829e-10,1.9898127855690922e-10,1.9909315955975982e-10,1.9920397664463862e-10,1.9931373978618293e-10,1.9942245888848233e-10,1.9953014377228252e-10,1.9963680418116658e-10,1.997424497763322e-10,1.9984709011875938e-10,1.9995073466162456e-10,2.0005339291286938e-10,2.0015507419913334e-10,2.00255787757051e-10,2.003555427801477e-10,2.0045434836682024e-10,2.0055221353058572e-10,2.0064914723458874e-10,2.0074515834425503e-10,2.00840255707838e-10,2.0093444797266595e-10,2.0102774383973869e-10,2.0112015183647473e-10,2.0121168051365223e-10,2.0130233823968247e-10,2.013921334045722e-10,2.014810742841427e-10,2.0156916908449649e-10,2.016564259624236e-10,2.0174285293975163e-10,2.0182845802468182e-10,2.0191324916473825e-10,2.0199723419141424e-10,2.0208042090520088e-10,2.0216281704396312e-10,2.0224443022510273e-10,2.0232526801354327e-10,2.0240533793681766e-10,2.0248464744526854e-10,2.0256320392349317e-10,2.0264101466560816e-10,2.0271808694400888e-10,2.0279442793259282e-10,2.02870044750101e-10,2.0294494445122246e-10,2.0301913402704704e-10,2.0309262040555087e-10,2.0316541045204692e-10,2.0323751096964183e-10,2.0330892869972004e-10,2.0337967032311045e-10,2.0344974245839728e-10,2.0351915166448894e-10,2.0358790444062076e-10,2.036560072257023e-10,2.0372346639944479e-10,2.0379028828610997e-10,2.0385647914999067e-10,2.039220451966323e-10,2.0398699257591246e-10,2.040513273862325e-10,2.0411505565084247e-10,2.0417818335770183e-10,2.0424071642775925e-10,2.043026607313187e-10,2.0436402208257492e-10,2.0442480625503193e-10,2.0448501894410274e-10,2.0454466581041097e-10,2.0460375245015755e-10,2.0466228443608985e-10,2.0472026722523758e-10,2.0477770628588442e-10,2.0483460700919415e-10,2.048909747398427e-10,2.049468147777428e-10,2.05002132360294e-10,2.0505693268248005e-10,2.0511122088988417e-10,2.0516500207937418e-10,2.0521828128789825e-10,2.0527106352903063e-10,2.053233537558751e-10,2.0537515687164177e-10,2.0542647773990353e-10,2.0547732117363893e-10,2.055276919402759e-10,2.0557759476193066e-10,2.0562703432392873e-10,2.0567601525022143e-10,2.0572454212905653e-10,2.0577261950478255e-10,2.0582025187821175e-10,2.058674437070019e-10,2.0591419940510236e-10,2.059605233455034e-10,2.0600641986222735e-10,2.0605189324079181e-10,2.060969477287036e-10,2.061415875300218e-10,2.0618581681852383e-10,2.062296397088749e-10,2.0627306029301897e-10,2.0631608261701257e-10,2.063587106872147e-10,2.0640094847221866e-10,2.0644279990180852e-10,2.0648426886849213e-10,2.0652535922429648e-10,2.0656607479161103e-10,2.0660641933951337e-10,2.0664639661519787e-10,2.0668601032422491e-10,2.067252641383293e-10,2.0676416168865147e-10,2.0680270657496722e-10,2.0684090236098503e-10,2.0687875257503377e-10,2.0691626071097865e-10,2.0695343022849088e-10,2.069902645533328e-10,2.070267670776594e-10,2.070629411603433e-10,2.0709879012793354e-10,2.071343172728987e-10,2.0716952585603112e-10,2.0720441910600272e-10,2.0723900021971382e-10,2.0727327236147188e-10,2.073072386665539e-10,2.0734090223820048e-10,2.0737426614900038e-10,2.0740733344119e-10,2.0744010712693244e-10,2.0747259018858239e-10,2.0750478557897036e-10,2.0753669622170474e-10,2.075683250113895e-10,2.0759967481394696e-10,2.0763074846685787e-10,2.0766154877942998e-10,2.076920785330661e-10,2.077223404815401e-10,2.077523373512281e-10,2.0778207184138286e-10,2.0781154662439323e-10,2.0784076434602842e-10,2.078697276256849e-10,2.0789843905665674e-10,2.07926901205039e-10,2.0795511661537967e-10,2.0798308780380707e-10,2.0801081725541172e-10,2.080383074437849e-10,2.0806556080959988e-10,2.080925797695021e-10,2.0811936672939433e-10,2.0814592404289704e-10,2.0817225404627736e-10,2.081983590841366e-10,2.0822424144486375e-10,2.0824990338473898e-10,2.082753471796876e-10,2.0830057505235686e-10,2.0832558921365455e-10,2.083503918461516e-10,2.0837498511567894e-10,2.0839937116500356e-10,2.0842355211023626e-10,2.0844753004972823e-10,2.084713070677533e-10,2.08494885218189e-10,2.085182665367029e-10,2.085414530360235e-10,2.0856444671344103e-10,2.0858724954666845e-10,2.086098634880976e-10,2.086322904724006e-10,2.086545324160158e-10,2.0867659121534954e-10,2.0869846874763531e-10,2.087201668711127e-10,2.087416874252207e-10,2.0876303223077293e-10,2.0878420309015788e-10,2.088052017874965e-10,2.0882603008882936e-10,2.088466897423049e-10,2.088671824780119e-10,2.0888751000917551e-10,2.089076740307625e-10,2.0892767622156542e-10,2.0894751824281428e-10,2.0896720173676314e-10,2.089867283330732e-10,2.0900609964283958e-10,2.0902531726076187e-10,2.090443827653063e-10,2.090632977149097e-10,2.0908206366021371e-10,2.091006821320054e-10,2.091191546454792e-10,2.09137482700376e-10,2.0915566778116075e-10,2.0917371135714946e-10,2.0919161489709768e-10,2.0920937982104992e-10,2.0922700755984612e-10,2.0924449951996732e-10,2.092618571007559e-10,2.0927908168746423e-10,2.092961746435545e-10,2.0931313732453976e-10,2.0932997106810801e-10,2.093466772007023e-10,2.0936325703551161e-10,2.0937971187176841e-10,2.0939604299442914e-10,2.0941225168293925e-10,2.094283391868784e-10,2.0944430675487194e-10,2.0946015562255822e-10,2.0947588701251904e-10,2.0949150212970964e-10,2.0950700217729776e-10,2.0952238833570872e-10,2.0953766176890796e-10,2.0955282364606582e-10,2.0956787512066257e-10,2.0958281733053445e-10,2.0959765138783493e-10,2.0961237840988397e-10,2.096269995002622e-10,2.0964151574940138e-10,2.0965592823521034e-10,2.0967023802680218e-10,2.0968444617843996e-10,2.0969855374196216e-10,2.0971256175029517e-10,2.0972647122803257e-10,2.0974028318754747e-10,2.0975399863767247e-10,2.0976761858157138e-10,2.0978114397916468e-10,2.0979457581137236e-10,2.0980791504839062e-10,2.0982116264055607e-10,2.098343195342417e-10,2.0984738665806913e-10,2.0986036494660754e-10,2.0987325529842396e-10,2.0988605862711736e-10,2.0989877582864327e-10,2.0991140778974456e-10,2.0992395538801145e-10,2.0993641949198998e-10,2.099488009612388e-10,2.0996110064658574e-10,2.0997331938987825e-10,2.0998545802441102e-10,2.0999751737490057e-10,2.1000949825751912e-10,2.1002140147996229e-10,2.100332278416355e-10,2.1004497813364485e-10,2.10056653138996e-10,2.100682536325822e-10,2.1007978038128153e-10,2.100912341440488e-10,2.1010261567201042e-10,2.1011392570844025e-10,2.1012516498910528e-10,2.1013633424214014e-10,2.1014743418800075e-10,2.1015846553978088e-10,2.101694290021351e-10,2.1018032527558682e-10,2.1019115505026888e-10,2.1020191900896773e-10,2.1021261783530877e-10,2.1022325218956125e-10,2.1023382273940716e-10,2.102443301403008e-10,2.1025477504184667e-10,2.102651580871458e-10,2.1027547991154598e-10,2.1028574114449894e-10,2.1029594240933667e-10,2.103060843219311e-10,2.1031616749491257e-10,2.1032619252730542e-10,2.103361600191141e-10,2.1034607056058472e-10,2.1035592474651635e-10,2.1036572314338182e-10,2.1037546632397005e-10,2.1038515485899438e-10,2.1039478930923897e-10,2.1040437023270126e-10,2.104138981774137e-10,2.1042337368627126e-10,2.104327973046016e-10,2.104421695593077e-10,2.1045149097033236e-10,2.104607620663822e-10,2.1046998336369932e-10,2.1047915538304986e-10,2.1048827861110216e-10,2.104973535574632e-10,2.1050638071731982e-10,2.1051536058071594e-10,2.1052429363256908e-10,2.1053318035283885e-10,2.105420212164452e-10,2.1055081669338732e-10,2.1055956724878143e-10,2.1056827334289284e-10,2.1057693543096547e-10,2.105855539642199e-10,2.1059412938869087e-10,2.106026621486644e-10,2.1061115267423988e-10,2.1061960140149756e-10,2.1062800875957337e-10,2.1063637517097688e-10,2.1064470105361338e-10,2.10652986821857e-10,2.10661232886751e-10,2.1066943965508719e-10,2.106776075268976e-10,2.1068573690073888e-10,2.106938281700633e-10,2.1070188172425735e-10,2.107098979486402e-10,2.1071787722452593e-10,2.107258199292443e-10,2.1073372643613462e-10,2.10741597114797e-10,2.1074943233090035e-10,2.1075723244631216e-10,2.1076499781913567e-10,2.1077272880372992e-10,2.1078042575077523e-10,2.107880890072882e-10,2.107957189167946e-10,2.1080331581898668e-10,2.1081088005018066e-10,2.1081841194316035e-10,2.1082591182723958e-10,2.1083338002827432e-10,2.108408168687598e-10,2.1084822266794133e-10,2.1085559774139952e-10,2.108629424017511e-10,2.108702569583875e-10,2.1087754171784194e-10,2.1088479698175583e-10,2.1089202304950704e-10,2.1089922021894665e-10,2.109063887831438e-10,2.109135290324758e-10,2.1092064125431074e-10,2.1092772573299934e-10,2.1093478275022673e-10,2.1094181258469749e-10,2.1094881551118363e-10,2.1095579180057106e-10,2.1096274172489305e-10,2.1096966555213567e-10,2.1097656354538444e-10,2.1098343596610663e-10,2.109902830730107e-10,2.10997105122048e-10,2.1100390236496347e-10,2.1101067505445613e-10,2.1101742343760988e-10,2.110241477635662e-10,2.1103084827295913e-10,2.1103752520571634e-10,2.1104417880090075e-10,2.1105080929291759e-10,2.110574169129187e-10,2.1106400189408765e-10,2.1107056446112927e-10,2.1107710484514648e-10,2.1108362326577237e-10,2.1109011995194304e-10,2.1109659510952048e-10,2.1110304896158697e-10,2.1110948172116544e-10,2.1111589360002776e-10,2.1112228480946935e-10,2.1112865555322357e-10,2.11135006043675e-10,2.1114133647897782e-10,2.1114764706154907e-10,2.1115393799032892e-10,2.1116020946221522e-10,2.11166461672072e-10,2.1117269481171006e-10,2.1117890907284018e-10,2.1118510464617746e-10,2.1119128171674392e-10,2.1119744046927525e-10,2.1120358108668036e-10,2.1120970375044788e-10,2.1121580863948245e-10,2.1122189593125584e-10,2.112279658011042e-10,2.1123401842263078e-10,2.1124005396762938e-10,2.1124607260610768e-10,2.1125207450635821e-10,2.1125805983463395e-10,2.112640287557081e-10,2.1126998143262866e-10,2.112759180266496e-10,2.1128183869738076e-10,2.112877436026859e-10,2.1129363289895017e-10,2.112995067407285e-10,2.1130536528085656e-10,2.1131120867105654e-10,2.1131703706111972e-10,2.1132285059978593e-10,2.1132864943289525e-10,2.113344337063175e-10,2.1134020356289918e-10,2.1134595914358493e-10,2.1135170059192546e-10,2.1135742804630975e-10,2.113631416440865e-10,2.1136884152320173e-10,2.1137452781812472e-10,2.1138020065811468e-10,2.1138586018009195e-10,2.1139150651462138e-10,2.1139713978611435e-10,2.114027601259522e-10,2.114083676605873e-10,2.1141396251489434e-10,2.1141954481348754e-10,2.114251146787951e-10,2.11430672232423e-10,2.1143621759405602e-10,2.1144175088284249e-10,2.1144727221542506e-10,2.1145278171049818e-10,2.1145827948145322e-10,2.1146376564276592e-10,2.1146924030670996e-10,2.1147470358517008e-10,2.1148015558929965e-10,2.114855964278104e-10,2.1149102620891105e-10,2.1149644503946174e-10,2.1150185302553796e-10,2.1150725027193103e-10,2.1151263688286843e-10,2.1151801295922436e-10,2.1152337860136758e-10,2.1152873391429806e-10,2.1153407899505964e-10,2.1153941394193692e-10,2.1154473885262307e-10,2.1155005382433383e-10,2.115553589454e-10,2.1156065431955475e-10,2.115659400354654e-10,2.1157121618784517e-10,2.1157648286677083e-10,2.1158174016417039e-10,2.1158698816539565e-10,2.1159222696161612e-10,2.1159745663947604e-10,2.1160267728728454e-10,2.1160788898995027e-10,2.116130918362806e-10,2.1161828590205026e-10,2.1162347127280795e-10,2.1162864803411817e-10,2.11633816266022e-10,2.1163897604860044e-10,2.116441274617481e-10,2.116492705842799e-10,2.1165440549403415e-10,2.1165953226864144e-10,2.1166465098444443e-10,2.1166976171509698e-10,2.1167486453888495e-10,2.1167995952765595e-10,2.116850467550134e-10,2.1169012629270034e-10,2.116951982143256e-10,2.117002625897629e-10,2.1170531948916905e-10,2.1171036898462386e-10,2.1171541113972912e-10,2.1172044602508033e-10,2.1172547370803054e-10,2.1173049425719642e-10,2.117355077343453e-10,2.1174051420683213e-10,2.1174551373928216e-10,2.1175050639547462e-10,2.117554922384484e-10,2.117604713311554e-10,2.1176544373508172e-10,2.1177040951157358e-10,2.1177536872123507e-10,2.117803214248868e-10,2.1178526768008863e-10,2.1179020754643233e-10,2.1179514108200445e-10,2.118000683442793e-10,2.1180498939009505e-10,2.1180990427581853e-10,2.1181481305709523e-10,2.118197157890351e-10,2.1182461252590802e-10,2.118295033221489e-10,2.1183438823106115e-10,2.118392673049205e-10,2.1184414059672913e-10,2.1184900815802424e-10,2.1185387003989492e-10,2.1185872629281003e-10,2.118635769672633e-10,2.1186842211257884e-10,2.1187326177786323e-10,2.1187809601189867e-10,2.118829248621986e-10,2.1188774837708925e-10,2.1189256660313148e-10,2.1189737958775572e-10,2.119021873755315e-10,2.119069900128115e-10,2.119117875446765e-10,2.1191658001576699e-10,2.1192136747025954e-10,2.119261499518594e-10,2.1193092750370968e-10,2.1193570016865602e-10,2.119404679892768e-10,2.1194523100731703e-10,2.119499892641556e-10,2.119547428009447e-10,2.11959491658278e-10,2.1196423587630393e-10,2.1196897549477553e-10,2.1197371055303538e-10,2.119784410900029e-10,2.119831671442129e-10,2.1198788875376795e-10,2.1199260595634958e-10,2.1199731878930143e-10,2.1200202728955667e-10,2.1200673149375843e-10,2.1201143143798953e-10,2.1201612715802893e-10,2.1202081868928723e-10,2.1202550606680406e-10,2.1203018932525087e-10,2.1203486849893002e-10,2.1203954362179492e-10,2.1204421472743118e-10,2.1204888184908624e-10,2.120535450196463e-10,2.120582042716694e-10,2.1206285964301042e-10,2.120675111611094e-10,2.1207215885439459e-10,2.1207680275635204e-10,2.1208144289616329e-10,2.1208607930960975e-10,2.1209071201451512e-10,2.1209534104976434e-10,2.1209996644441337e-10,2.1210458822792068e-10,2.1210920642909038e-10,2.1211382107682373e-10,2.121184321994018e-10,2.121230398249028e-10,2.1212764398109394e-10,2.121322446954561e-10,2.121368419956126e-10,2.1214143590730542e-10,2.121460264585968e-10,2.1215061367532522e-10,2.121551975865949e-10,2.121597782122113e-10,2.1216435558065826e-10,2.1216892971699147e-10,2.121735006467187e-10,2.121780683940974e-10,2.1218263298411433e-10,2.1218719444091254e-10,2.121917527884409e-10,2.1219630805033318e-10,2.1220086025076984e-10,2.1220540941178968e-10,2.1220995555888196e-10,2.122144987109543e-10,2.1221903889236239e-10,2.122235761256096e-10,2.1222811043261707e-10,2.1223264183529595e-10,2.1223717035518842e-10,2.122416960136562e-10,2.1224621883186007e-10,2.1225073883071773e-10,2.1225525603093573e-10,2.1225977045301302e-10,2.122642821170633e-10,2.1226879104333851e-10,2.122732972517882e-10,2.1227780076845486e-10,2.1228230159557797e-10,2.1228679976714642e-10,2.122912952979675e-10,2.1229578820737594e-10,2.1230027851374564e-10,2.1230476623547863e-10,2.123092513907572e-10,2.1231373399721306e-10,2.123182140699142e-10,2.1232269163297782e-10,2.123271667013588e-10,2.123316392921055e-10,2.123361094216064e-10,2.123405771095725e-10,2.1234504236864458e-10,2.1234950521737437e-10,2.1235396567053016e-10,2.1235842374877878e-10,2.1236287946415913e-10,2.1236733283392474e-10,2.1237178387371367e-10,2.1237623259920345e-10,2.1238067902583004e-10,2.1238512316889863e-10,2.1238956504340403e-10,2.1239400466435162e-10,2.123984420466548e-10,2.1240287720484806e-10,2.124073101535703e-10,2.1241174090558732e-10,2.124161694779443e-10,2.1242059588345202e-10,2.124250201375427e-10,2.124294422504796e-10,2.1243386223857957e-10,2.1243828011358116e-10,2.1244269588956275e-10,2.124471095798218e-10,2.1245152119666056e-10,2.1245593075449648e-10,2.1246033826535557e-10,2.1246474374192077e-10,2.1246914719667322e-10,2.1247354864200623e-10,2.1247794809022581e-10,2.1248234555343088e-10,2.1248674104375618e-10,2.1249113457283206e-10,2.124955261525947e-10,2.1249991579462583e-10,2.1250430351036943e-10,2.1250868931126637e-10,2.1251307320866092e-10,2.1251745521367757e-10,2.1252183533736183e-10,2.1252621359063844e-10,2.1253058998433362e-10,2.1253496452914163e-10,2.1253933723566504e-10,2.125437081143807e-10,2.1254807717566434e-10,2.1255244442976584e-10,2.1255680988704432e-10,2.1256117355732867e-10,2.1256553545044734e-10,2.1256989557645123e-10,2.125742539450486e-10,2.1257861056587846e-10,2.12582965448485e-10,2.1258731860231208e-10,2.1259167003670878e-10,2.1259601976092787e-10,2.1260036778412853e-10,2.1260471411536863e-10,2.126090587636047e-10,2.1261340173772214e-10,2.126177430464973e-10,2.1262208269861884e-10,2.1262642070363912e-10,2.126307570684777e-10,2.1263509180359321e-10,2.1263942491389288e-10,2.1264375641030583e-10,2.1264808630134645e-10,2.126524145928454e-10,2.126567412941832e-10,2.126610664130972e-10,2.1266538995737196e-10,2.1266971193485174e-10,2.126740323532178e-10,2.1267835122006144e-10,2.126826685429056e-10,2.1268698432917682e-10,2.126912985862344e-10,2.126956113213731e-10,2.1269992254179264e-10,2.1270423225463242e-10,2.1270854046695231e-10,2.1271284718574388e-10,2.1271715241792236e-10,2.1272145617032918e-10,2.1272575844974205e-10,2.1273005926287008e-10,2.1273435861635018e-10,2.1273865651674152e-10,2.1274295297054942e-10,2.1274724798406651e-10,2.1275154156380648e-10,2.127558337160686e-10,2.1276012444709264e-10,2.127644137630527e-10,2.127687016700526e-10,2.1277298817427886e-10,2.1277727328157764e-10,2.1278155699787306e-10,2.1278583932903167e-10,2.127901202808477e-10,2.1279439985907125e-10,2.1279867806938254e-10,2.128029549174156e-10,2.1280723040872706e-10,2.128115045488412e-10,2.1281577734336857e-10,2.1282004879744566e-10,2.1282431891661173e-10,2.1282858770605642e-10,2.1283285517086628e-10,2.1283712131637557e-10,2.1284138614771584e-10,2.1284564966996075e-10,2.1284991188813894e-10,2.1285417280721718e-10,2.1285843243213402e-10,2.1286269076797324e-10,2.1286694781911153e-10,2.1287120359098933e-10,2.1287545808744886e-10,2.1287971131361587e-10,2.1288396327411182e-10,2.128882139735214e-10,2.128924634163807e-10,2.128967116071827e-10,2.1290095855042486e-10,2.1290520425081457e-10,2.129094487122241e-10,2.129136919390766e-10,2.1291793393554775e-10,2.1292217470577684e-10,2.1292641425409814e-10,2.129306525846323e-10,2.1293488970151643e-10,2.1293912560876866e-10,2.1294336031046763e-10,2.1294759381055338e-10,2.1295182611295912e-10,2.1295605722157157e-10,2.129602871402563e-10,2.1296451587281855e-10,2.129687434230334e-10,2.1297296979464255e-10,2.1297719499134447e-10,2.1298141901680223e-10,2.129856418746674e-10,2.129898635684993e-10,2.129940841018591e-10,2.12998303478256e-10,2.1300252170118383e-10,2.1300673877407987e-10,2.1301095470032222e-10,2.1301516948332494e-10,2.1301938312643525e-10,2.1302359563296152e-10,2.1302780700615776e-10,2.130320172492982e-10,2.1303622636560427e-10,2.1304043435824078e-10,2.1304464123036135e-10,2.1304884698507233e-10,2.1305305162546315e-10,2.130572551545908e-10,2.1306145757547578e-10,2.1306565889111987e-10,2.1306985910448123e-10,2.1307405821849262e-10,2.1307825623606187e-10,2.1308245316006474e-10,2.130866489933536e-10,2.1309084373874075e-10,2.130950373990224e-10,2.1309922997696266e-10,2.1310342147529433e-10,2.1310761189672657e-10,2.1311180124394689e-10,2.1311598951960665e-10,2.1312017672633593e-10,2.131243628667419e-10,2.1312854794339725e-10,2.1313273195885512e-10,2.1313691491564354e-10,2.1314109681597618e-10,2.1314527766261279e-10,2.1314945745800897e-10,2.131536362046006e-10,2.1315781390477704e-10,2.1316199056093549e-10,2.1316616617542551e-10,2.13170340750582e-10,2.13174514288718e-10,2.1317868679212479e-10,2.1318285826306878e-10,2.1318702870379078e-10,2.131911981165169e-10,2.1319536650344861e-10,2.131995338667585e-10,2.1320370020860879e-10,2.1320786553113899e-10,2.1321202983646725e-10,2.132161931266854e-10,2.1322035540387044e-10,2.1322451667007532e-10,2.1322867692733356e-10,2.132328361776648e-10,2.1323699442306097e-10,2.1324115166550667e-10,2.1324530790694512e-10,2.1324946314932693e-10,2.1325361739457025e-10,2.1325777064457275e-10,2.1326192290121757e-10,2.1326607416636791e-10,2.1327022444187632e-10,2.1327437372956628e-10,2.1327852203125e-10,2.13282669348723e-10,2.1328681568376334e-10,2.1329096103812783e-10,2.132951054135563e-10,2.1329924881178064e-10,2.1330339123451028e-10,2.1330753268343206e-10,2.1331167316023118e-10,2.1331581266656386e-10,2.1331995120407342e-10,2.133240887743917e-10,2.1332822537913255e-10,2.133323610198945e-10,2.1333649569825504e-10,2.1334062941578865e-10,2.1334476217436867e-10,2.1334889397523606e-10,2.1335302481990557e-10,2.1335715470990046e-10,2.1336128364670575e-10,2.1336541163181462e-10,2.13369538666692e-10,2.1337366475140904e-10,2.1337778989080905e-10,2.133819140849633e-10,2.1338603732780995e-10,2.1339015963371322e-10,2.133942809989578e-10,2.1339840141948374e-10,2.1340252090168494e-10,2.1340663944987626e-10,2.1341075705944756e-10,2.1341487373147724e-10,2.134189894741203e-10,2.1342310428391822e-10,2.1342721816266557e-10,2.134313311115594e-10,2.1343544313198887e-10,2.134395542251588e-10,2.1344366439231908e-10,2.1344777363469348e-10,2.134518819535057e-10,2.134559893499619e-10,2.1346009582525978e-10,2.1346420138058926e-10,2.1346830601711753e-10,2.134724097360181e-10,2.1347651253799811e-10,2.134806144249233e-10,2.134847153983823e-10,2.1348881545871208e-10,2.1349291460244633e-10,2.134970128345829e-10,2.1350111016045078e-10,2.1350520657917983e-10,2.135093020890952e-10,2.1351339669318463e-10,2.1351749039307547e-10,2.1352158318662629e-10,2.1352567507649712e-10,2.1352976606466264e-10,2.1353385615188932e-10,2.1353794533899205e-10,2.1354203362763068e-10,2.1354612101310614e-10,2.1355020750296148e-10,2.13554293096242e-10,2.1355837779186615e-10,2.1356246159120894e-10,2.135665445032571e-10,2.1357062652282786e-10,2.1357470765035964e-10,2.1357878788732683e-10,2.1358286723235667e-10,2.1358694569003365e-10,2.1359102325968173e-10,2.1359509994234037e-10,2.1359917573915028e-10,2.1360325065059034e-10,2.1360732467752868e-10,2.136113978208089e-10,2.1361547008130908e-10,2.1361954145987212e-10,2.1362361195734206e-10,2.136276815745469e-10,2.1363175031229535e-10,2.1363581817142153e-10,2.1363988515280296e-10,2.1364395125718484e-10,2.136480164861188e-10,2.1365208083982254e-10,2.1365614431926663e-10,2.1366020692354797e-10,2.136642686547451e-10,2.1366832951365513e-10,2.1367238950144588e-10,2.1367644861843316e-10,2.1368050686463442e-10,2.1368456424285447e-10,2.1368862075219857e-10,2.136926763929758e-10,2.1369673116662848e-10,2.1370078507292213e-10,2.1370483811778575e-10,2.1370889029439195e-10,2.1371294160685215e-10,2.1371699205571347e-10,2.1372104164143334e-10,2.1372509036699643e-10,2.137291382300604e-10,2.1373318523110087e-10,2.1373723137242095e-10,2.1374127665423368e-10,2.137453210767937e-10,2.1374936464040086e-10,2.1375340734691908e-10,2.1375744919585738e-10,2.1376149018881459e-10,2.13765530326236e-10,2.1376956960853274e-10,2.1377360803638733e-10,2.1377764561184235e-10,2.1378168232951597e-10,2.1378571819783313e-10,2.1378975321397916e-10,2.1379378737904126e-10,2.1379782069351607e-10,2.1380185315664162e-10,2.138058847711307e-10,2.1380991553617578e-10,2.1381394545271433e-10,2.138179745211345e-10,2.1382200274221337e-10,2.1382603011648693e-10,2.1383005664452322e-10,2.138340823268587e-10,2.1383810716424732e-10,2.1384213115680121e-10,2.1384615430532607e-10,2.1385017661039375e-10,2.1385419807297441e-10,2.1385821869213629e-10,2.138622384689343e-10,2.138662574066284e-10,2.1387027550663573e-10,2.1387429276137744e-10,2.1387830917576077e-10,2.1388232475179795e-10,2.1388633948947434e-10,2.1389035339239364e-10,2.13894366459171e-10,2.1389837868316396e-10,2.139023900682685e-10,2.1390640061719337e-10,2.139104103308157e-10,2.1391441920774673e-10,2.1391842724963378e-10,2.139224344583567e-10,2.1392644083109542e-10,2.1393044637097044e-10,2.139344510781594e-10,2.1393845495297417e-10,2.1394245799580125e-10,2.1394646020566617e-10,2.1395046158443456e-10,2.139544621325058e-10,2.139584618502918e-10,2.1396246073821052e-10,2.139664587966936e-10,2.139704560261586e-10,2.139744524270302e-10,2.1397844799972706e-10,2.1398244274467836e-10,2.139864366623009e-10,2.1399042975300692e-10,2.1399442201721198e-10,2.1399841345596906e-10,2.1400240406875606e-10,2.1400639385633335e-10,2.1401038281971708e-10,2.140143709586146e-10,2.1401835827361082e-10,2.140223447648876e-10,2.1402633043277725e-10,2.1403031527658292e-10,2.1403429929913386e-10,2.140382824996481e-10,2.140422648786757e-10,2.1404624643638603e-10,2.1405022717315623e-10,2.140542070893717e-10,2.140581861854115e-10,2.1406216446164804e-10,2.1406614191845545e-10,2.1407011855620945e-10,2.140740943752688e-10,2.1407806937601213e-10,2.14082043558801e-10,2.1408601692399733e-10,2.1408998947196345e-10,2.140939612030524e-10,2.1409793211762796e-10,2.141019022160437e-10,2.1410587149864608e-10,2.1410983996579118e-10,2.1411380761783023e-10,2.1411777445510087e-10,2.1412174047794755e-10,2.1412570568672326e-10,2.141296700817621e-10,2.1413363366340163e-10,2.141375964319819e-10,2.1414155838783659e-10,2.1414551953130143e-10,2.1414947986270626e-10,2.1415343938237895e-10,2.1415739809064785e-10,2.1416135598784028e-10,2.141653130742801e-10,2.1416926935029481e-10,2.141732248161925e-10,2.141771794723075e-10,2.1418113331894622e-10,2.1418508635643004e-10,2.1418903858507853e-10,2.1419299000519171e-10,2.1419694061709016e-10,2.1420089042107816e-10,2.1420483941747097e-10,2.1420878760656576e-10,2.1421273498867485e-10,2.1421668156409698e-10,2.1422062733313623e-10,2.1422457229609273e-10,2.1422851645326601e-10,2.1423245980495789e-10,2.142364023514557e-10,2.1424034409305236e-10,2.1424428503004986e-10,2.142482251627382e-10,2.1425216449141055e-10,2.1425610301634134e-10,2.1426004073783318e-10,2.1426397765617372e-10,2.142679137716402e-10,2.1427184908448978e-10,2.1427578359505795e-10,2.1427971730360304e-10,2.1428365021040464e-10,2.1428758231573926e-10,2.1429151361988518e-10,2.1429544412311674e-10,2.1429937382582075e-10,2.143033027280574e-10,2.1430723083019778e-10,2.143111581325407e-10,2.143150846353131e-10,2.1431901033881987e-10,2.1432293524329963e-10,2.1432685934891885e-10,2.143307826561715e-10,2.1433470516522244e-10,2.14338626876258e-10,2.1434254778964914e-10,2.1434646790561765e-10,2.143503872244134e-10,2.1435430574629947e-10,2.1435822347153416e-10,2.14362140400334e-10,2.1436605653303666e-10,2.1436997186985866e-10,2.1437388641105165e-10,2.143778001568634e-10,2.1438171310755598e-10,2.14385625263371e-10,2.1438953662476922e-10,2.1439344719158966e-10,2.1439735696428541e-10,2.1440126594310336e-10,2.1440517412828946e-10,2.1440908151991475e-10,2.1441298811857658e-10,2.1441689392433624e-10,2.1442079893743976e-10,2.1442470315813227e-10,2.144286065866495e-10,2.1443250922323283e-10,2.1443641106812563e-10,2.1444031212156178e-10,2.1444421238378514e-10,2.1444811185502439e-10,2.144520105355224e-10,2.144559084255133e-10,2.144598055252355e-10,2.1446370183478603e-10,2.14467597354648e-10,2.1447149208493487e-10,2.1447538602588057e-10,2.1447927917771187e-10,2.1448317154066042e-10,2.1448706311495124e-10,2.1449095390081486e-10,2.1449484389847959e-10,2.1449873310817387e-10,2.145026215301242e-10,2.145065091645562e-10,2.1451039601168477e-10,2.1451428207174406e-10,2.145181673463739e-10,2.14522051832693e-10,2.145259355330952e-10,2.1452981844729065e-10,2.1453370057721622e-10,2.145375819196372e-10,2.145414624763793e-10,2.1454534224782761e-10,2.145492212346114e-10,2.1455309942923215e-10,2.145569768431064e-10,2.145608534753549e-10,2.1456472932469232e-10,2.1456860438890417e-10,2.145724786693105e-10,2.1457635216612525e-10,2.14580224879562e-10,2.145840968098354e-10,2.1458796795714498e-10,2.1459183832172357e-10,2.1459570790377955e-10,2.1459957670352538e-10,2.1460344472118733e-10,2.1460731196011138e-10,2.1461117841616777e-10,2.1461504408877645e-10,2.1461890898008138e-10,2.1462277309028464e-10,2.1462663642005396e-10,2.146304989705183e-10,2.1463436073884765e-10,2.1463822172700337e-10,2.146420819351001e-10,2.1464594136337916e-10,2.146498000124238e-10,2.1465365788177468e-10,2.1465751497153052e-10,2.14661371282429e-10,2.1466522681475994e-10,2.146690815692685e-10,2.146729355433034e-10,2.1467678874036277e-10,2.146806411593599e-10,2.1468449280054515e-10,2.1468834366444396e-10,2.146921937506021e-10,2.1469604306012682e-10,2.1469989159323735e-10,2.147037393486995e-10,2.1470758632720002e-10,2.1471143252922173e-10,2.1471527795497088e-10,2.1471912260891234e-10,2.1472296648497351e-10,2.1472680958634106e-10,2.1473065191481423e-10,2.14734493459102e-10,2.1473833423265417e-10,2.1474217423063892e-10,2.147460134538066e-10,2.1474985190312704e-10,2.1475368957710206e-10,2.1475752647606746e-10,2.1476136260305622e-10,2.1476519795607633e-10,2.1476903253542383e-10,2.1477286634146412e-10,2.147766993743974e-10,2.147805316344279e-10,2.1478436312035199e-10,2.147881938323938e-10,2.1479202377409979e-10,2.1479585294358486e-10,2.147996813410748e-10,2.1480350896479522e-10,2.148073358194686e-10,2.1481116190264244e-10,2.148149872145243e-10,2.1481881175255988e-10,2.1482263551936227e-10,2.148264585149332e-10,2.1483028073911912e-10,2.1483410219126145e-10,2.1483792287278647e-10,2.1484174278908407e-10,2.1484556193837215e-10,2.1484938031798608e-10,2.1485319793471375e-10,2.1485701478364965e-10,2.1486083085846634e-10,2.1486464616707953e-10,2.1486846070450892e-10,2.1487227447746926e-10,2.1487608748010742e-10,2.1487989971345252e-10,2.1488371117449327e-10,2.148875218677334e-10,2.1489133179335815e-10,2.1489514095154852e-10,2.148989493424801e-10,2.1490275696945593e-10,2.1490656382924957e-10,2.1491036992762483e-10,2.1491417525854111e-10,2.1491797982245728e-10,2.1492178361967757e-10,2.1492558664545156e-10,2.1492938890478872e-10,2.1493319039851338e-10,2.1493699112679424e-10,2.1494079109016073e-10,2.1494459028848266e-10,2.1494838872193286e-10,2.1495218639068963e-10,2.1495598329494716e-10,2.1495977943486853e-10,2.149635748106429e-10,2.1496736942244678e-10,2.1497116327046964e-10,2.1497495635487423e-10,2.1497874867584913e-10,2.149825402335724e-10,2.1498633102821258e-10,2.1499012105996037e-10,2.1499391032897572e-10,2.1499769883429182e-10,2.1500148657717895e-10,2.150052735578248e-10,2.150090597764154e-10,2.1501284523313959e-10,2.1501662992820243e-10,2.150204138618292e-10,2.1502419703433752e-10,2.1502797944650264e-10,2.1503176109568935e-10,2.1503554198513565e-10,2.150393221134624e-10,2.1504310148106375e-10,2.15046880090416e-10,2.1505065794086339e-10,2.1505443502566103e-10,2.1505821135236874e-10,2.150619869194321e-10,2.1506576172697144e-10,2.150695357782476e-10,2.1507330906913615e-10,2.150770816004588e-10,2.150808533720943e-10,2.1508462438525276e-10,2.1508839463984925e-10,2.1509216413678927e-10,2.1509593287723493e-10,2.1509970085631877e-10,2.1510346807757038e-10,2.1510723454116993e-10,2.1511100024727577e-10,2.1511476519745884e-10,2.1511852939168646e-10,2.151222928290145e-10,2.1512605550791277e-10,2.1512981742285995e-10,2.151335785836385e-10,2.1513733899125e-10,2.1514109864263516e-10,2.1514485753892898e-10,2.1514861567793524e-10,2.1515237306251717e-10,2.1515612968927908e-10,2.151598855636678e-10,2.1516364068299155e-10,2.1516739504701772e-10,2.1517114865650847e-10,2.1517490151138637e-10,2.1517865361250444e-10,2.151824049585795e-10,2.1518615555051247e-10,2.15189905388405e-10,2.1519365447256116e-10,2.1519740280308298e-10,2.1520115038003577e-10,2.1520489720378005e-10,2.1520864327436203e-10,2.1521238859196646e-10,2.1521613315675105e-10,2.15219876968889e-10,2.1522362002854446e-10,2.1522736233589088e-10,2.1523110389106014e-10,2.1523484469423906e-10,2.1523858474559908e-10,2.1524232404523486e-10,2.1524606259470586e-10,2.152498003915599e-10,2.152535374385736e-10,2.1525727373324517e-10,2.152610092770735e-10,2.152647440702195e-10,2.152684781128583e-10,2.152722114051305e-10,2.1527594394721255e-10,2.1527967573925946e-10,2.152834067814487e-10,2.152871370739223e-10,2.1529086661685878e-10,2.1529459541042715e-10,2.152983234550554e-10,2.1530205075032926e-10,2.153057772967131e-10,2.1530950309437565e-10,2.1531322814347004e-10,2.153169524441472e-10,2.1532067599658208e-10,2.15324398800945e-10,2.1532812085842306e-10,2.153318421662205e-10,2.1533556272730306e-10,2.1533928253814793e-10,2.1534300160466406e-10,2.1534671992383456e-10,2.1535043749605341e-10,2.1535415432133456e-10,2.1535787039996674e-10,2.1536158573211003e-10,2.1536530031793476e-10,2.1536901416060835e-10,2.153727272562574e-10,2.1537643960581656e-10,2.1538015120959604e-10,2.153838620669059e-10,2.1538757217844678e-10,2.1539128154486237e-10,2.153949901660184e-10,2.1539869804300756e-10,2.15402405174426e-10,2.1540611156367082e-10,2.1540981720897847e-10,2.1541352211111495e-10,2.1541722626911034e-10,2.1542092968523854e-10,2.1542463235572507e-10,2.154283342833383e-10,2.1543203547063851e-10,2.154357359069293e-10,2.1543943560034807e-10,2.1544313455080775e-10,2.1544683275846855e-10,2.154505302234861e-10,2.1545422694601717e-10,2.1545792292622378e-10,2.1546161816425924e-10,2.154653126602848e-10,2.1546900641446245e-10,2.1547269942694482e-10,2.1547639169788743e-10,2.1548008322745447e-10,2.1548377401580278e-10,2.1548746406309044e-10,2.1549115336947029e-10,2.1549484193510568e-10,2.1549852976014797e-10,2.1550221684476202e-10,2.1550590318910164e-10,2.155095887933248e-10,2.1551327365758368e-10,2.1551695778204097e-10,2.155206411668571e-10,2.1552432381217875e-10,2.1552800571817414e-10,2.1553168688499543e-10,2.1553536731279383e-10,2.1553904700173417e-10,2.155427259519664e-10,2.155464041636527e-10,2.1555008163694976e-10,2.1555375837200993e-10,2.155574343689944e-10,2.1556110962805127e-10,2.155647841493457e-10,2.1556845793303067e-10,2.155721309792601e-10,2.155758032881947e-10,2.1557947485998676e-10,2.1558314569479412e-10,2.1558681579276755e-10,2.1559048515407052e-10,2.1559415377885668e-10,2.155978216672756e-10,2.1560148881949498e-10,2.1560515523565685e-10,2.156088209159251e-10,2.1561248586045349e-10,2.1561615006939504e-10,2.156198135429113e-10,2.15623476281147e-10,2.1562713828426535e-10,2.1563079955242217e-10,2.1563446008576596e-10,2.1563811988445809e-10,2.1564177894865027e-10,2.1564543727849607e-10,2.156490948741567e-10,2.1565275173577691e-10,2.1565640786352306e-10,2.1566006325754074e-10,2.1566371791798574e-10,2.1566737184501665e-10,2.1567102503878245e-10,2.1567467749944084e-10,2.156783292271447e-10,2.1568198022205312e-10,2.1568563048431622e-10,2.1568928001408777e-10,2.1569292881152143e-10,2.1569657687677242e-10,2.1570022421000605e-10,2.1570387081136343e-10,2.157075166809962e-10,2.1571116181906575e-10,2.1571480622572135e-10,2.157184499011205e-10,2.157220928453926e-10,2.157257350587156e-10,2.1572937654123455e-10,2.1573301729311268e-10,2.15736657314492e-10,2.1574029660552796e-10,2.1574393516640984e-10,2.1574757299726086e-10,2.1575121009818424e-10,2.157548464694211e-10,2.1575848211109007e-10,2.1576211702320977e-10,2.1576575120619194e-10,2.1576938466007082e-10,2.1577301738497394e-10,2.1577664938094656e-10,2.1578028064839344e-10,2.157839111873388e-10,2.157875409978886e-10,2.1579117008026524e-10,2.1579479843459796e-10,2.157984260610421e-10,2.1580205295975527e-10,2.1580567913087525e-10,2.1580930457456608e-10,2.158129292909781e-10,2.1581655328027408e-10,2.1582017654259298e-10,2.158237990780842e-10,2.1582742088690414e-10,2.1583104196919666e-10,2.158346623252715e-10,2.158382819549229e-10,2.1584190085866844e-10,2.1584551903663217e-10,2.1584913648875877e-10,2.1585275321545965e-10,2.1585636921683566e-10,2.158599844904865e-10,2.1586359904126148e-10,2.1586721286705392e-10,2.1587082596774032e-10,2.1587443834370274e-10,2.1587804999460136e-10,2.1588166092206175e-10,2.1588527112011922e-10,2.1588888059620324e-10,2.1589248935127812e-10,2.158960973827157e-10,2.1589970469068124e-10,2.1590331127534385e-10,2.159069171368716e-10,2.159105222754495e-10,2.1591412669124886e-10,2.1591773038226194e-10,2.1592133335040775e-10,2.1592493559639397e-10,2.1592853711994494e-10,2.1593213792121974e-10,2.1593573800035896e-10,2.1593933735752225e-10,2.159429359928562e-10,2.1594653390650907e-10,2.1595013109863438e-10,2.1595372756938766e-10,2.1595732331891143e-10,2.1596091834735754e-10,2.1596451265487552e-10,2.1596810624162048e-10,2.1597169910774734e-10,2.1597529125339397e-10,2.1597888267871488e-10,2.1598247338385897e-10,2.1598606336897793e-10,2.1598965263422233e-10,2.1599324117974567e-10,2.1599682900568653e-10,2.1600041611220926e-10,2.1600400249945884e-10,2.1600758816761597e-10,2.1601117311677633e-10,2.160147573471025e-10,2.1601834085875176e-10,2.1602192365187752e-10,2.1602550572662175e-10,2.160290870831448e-10,2.1603266772156353e-10,2.1603624764205635e-10,2.1603982684477219e-10,2.1604340532985955e-10,2.1604698309746728e-10,2.1605056014774754e-10,2.160541364808485e-10,2.1605771209691506e-10,2.160612869961011e-10,2.1606486117855917e-10,2.1606843464445944e-10,2.1607200739392265e-10,2.1607557942710306e-10,2.1607915074414968e-10,2.1608272134520571e-10,2.1608629123042487e-10,2.1608986039995436e-10,2.1609342885394623e-10,2.1609699659226936e-10,2.1610056361534437e-10,2.1610412992333695e-10,2.1610769551638374e-10,2.1611126039463864e-10,2.1611482455824738e-10,2.1611838800736095e-10,2.1612195074213037e-10,2.1612551276269617e-10,2.1612907406921393e-10,2.1613263466182492e-10,2.161361945406861e-10,2.161397537059379e-10,2.1614331215773012e-10,2.1614686989621234e-10,2.1615042692153692e-10,2.1615398323384606e-10,2.1615753883722377e-10,2.1616109372788506e-10,2.1616464790596495e-10,2.1616820137161637e-10,2.161717541249872e-10,2.161753061662307e-10,2.1617885749548165e-10,2.1618240811290386e-10,2.161859580186381e-10,2.1618950721282914e-10,2.1619305569562689e-10,2.161966034671844e-10,2.162001505276443e-10,2.162036968771515e-10,2.1620724251585885e-10,2.1621078744391554e-10,2.16214331661467e-10,2.162178751686582e-10,2.16221417965637e-10,2.1622496005255202e-10,2.1622850142955003e-10,2.162320420967878e-10,2.1623558205440027e-10,2.162391213025414e-10,2.1624265984135328e-10,2.1624619767098865e-10,2.1624973479159522e-10,2.1625327120331113e-10,2.1625680690629335e-10,2.1626034190068507e-10,2.1626387618663684e-10,2.1626740976429528e-10,2.1627094263380032e-10,2.162744747953048e-10,2.1627800624895474e-10,2.1628153699489565e-10,2.1628506703327886e-10,2.1628859636424906e-10,2.16292124987951e-10,2.1629565290453517e-10,2.1629918011414088e-10,2.1630270661692305e-10,2.163062324130299e-10,2.1630975750259678e-10,2.1631328188578e-10,2.1631680556272561e-10,2.1632032853357036e-10,2.1632385079847703e-10,2.1632737235757948e-10,2.1633089321102942e-10,2.163344133589675e-10,2.1633793279902865e-10,2.163414515339858e-10,2.1634496956402873e-10,2.1634848688942365e-10,2.1635200351069266e-10,2.1635551943116443e-10,2.1635903464309331e-10,2.1636254914996958e-10,2.1636606295073124e-10,2.1636957604745314e-10,2.163730884402804e-10,2.1637660012936015e-10,2.1638011111483498e-10,2.163836213968543e-10,2.1638713097556691e-10,2.163906398511145e-10,2.1639414802365329e-10,2.163976554933232e-10,2.1640116226139311e-10,2.164046683268976e-10,2.1640817369029574e-10,2.1641167835210466e-10,2.1641518231382944e-10,2.1641868557025312e-10,2.164221881260554e-10,2.1642568997869488e-10,2.164291911300152e-10,2.1643269157777832e-10,2.164361913241754e-10,2.1643969036933593e-10,2.164431887133826e-10,2.1644668635644035e-10,2.164501832986094e-10,2.1645367954438103e-10,2.164571750871989e-10,2.164606699297649e-10,2.164641640722451e-10,2.164676575159858e-10,2.164711502571298e-10,2.164746423014733e-10,2.1647813364488827e-10,2.1648162428888367e-10,2.1648511423459675e-10,2.1648860347859258e-10,2.1649209202387234e-10,2.1649557987051944e-10,2.1649906701865294e-10,2.1650255346838448e-10,2.1650603921983938e-10,2.1650952427314915e-10,2.1651300863027982e-10,2.165164922894649e-10,2.1651997525086383e-10,2.1652345751461107e-10,2.1652693908085277e-10,2.1653041994973974e-10,2.1653390012140114e-10,2.165373795959998e-10,2.1654085837366367e-10,2.1654433645454333e-10,2.165478138398581e-10,2.1655129052865878e-10,2.1655476652107994e-10,2.1655824181726113e-10,2.1656171641734054e-10,2.1656519032145692e-10,2.16568663531074e-10,2.1657213604310402e-10,2.1657560786251171e-10,2.1657907898472103e-10,2.165825494130961e-10,2.1658601914362697e-10,2.1658948817923922e-10,2.1659295652326497e-10,2.1659642417111075e-10,2.1659989112502016e-10,2.1660335738293295e-10,2.1660682294981081e-10,2.166102878184004e-10,2.1661375199445317e-10,2.166172154782802e-10,2.1662067826731144e-10,2.1662414035648146e-10,2.1662760175597415e-10,2.1663106246142752e-10,2.166345224776529e-10,2.166379818006086e-10,2.1664144043028216e-10,2.1664489836679599e-10,2.1664835561047044e-10,2.1665181216187967e-10,2.166552680138115e-10,2.1665872317234758e-10,2.1666217765006707e-10,2.1666563143400355e-10,2.16669084518215e-10,2.1667253691176578e-10,2.1667598862199676e-10,2.1667943963595942e-10,2.1668288996350768e-10,2.166863396015308e-10,2.166897885477149e-10,2.1669323680622682e-10,2.166966843705029e-10,2.1670013124442868e-10,2.1670357743204807e-10,2.1670702292541663e-10,2.1671046772895652e-10,2.1671391184290287e-10,2.1671735526723143e-10,2.1672079800139063e-10,2.1672424004627607e-10,2.1672768140248617e-10,2.1673112206973037e-10,2.1673456204794131e-10,2.1673800133788148e-10,2.167414399392128e-10,2.1674487785207142e-10,2.167483150766053e-10,2.1675175161296346e-10,2.1675518746128205e-10,2.1675862262117725e-10,2.1676205709334935e-10,2.1676549087765552e-10,2.1676892397707455e-10,2.1677235638484375e-10,2.1677578810802012e-10,2.167792191436154e-10,2.167826494928771e-10,2.1678607914911295e-10,2.1678950812475497e-10,2.167929364130641e-10,2.167963640151381e-10,2.167997909311582e-10,2.1680321716239115e-10,2.1680664270635596e-10,2.1681006756465356e-10,2.1681349173708798e-10,2.1681691522388635e-10,2.168203380265585e-10,2.1682376014318758e-10,2.1682718157479528e-10,2.1683060232120937e-10,2.1683402238504014e-10,2.1683744176210317e-10,2.168408604546687e-10,2.1684427846228335e-10,2.16847695786472e-10,2.1685111242597636e-10,2.1685452838165334e-10,2.1685794365462929e-10,2.1686135824307642e-10,2.168647721487027e-10,2.168681853703449e-10,2.168715979087486e-10,2.1687500976401094e-10,2.1687842093677429e-10,2.168818314267649e-10,2.168852412338819e-10,2.1688865035868252e-10,2.168920588003799e-10,2.1689546655997124e-10,2.1689887363785276e-10,2.1690228003352578e-10,2.169056857501805e-10,2.1690909078301763e-10,2.1691249513591899e-10,2.1691589880319156e-10,2.169193017907354e-10,2.169227040958088e-10,2.1692610572199202e-10,2.169295066677501e-10,2.1693290693425785e-10,2.1693630651984484e-10,2.169397054235484e-10,2.1694310364696297e-10,2.1694650119007564e-10,2.1694989805319063e-10,2.1695329423644639e-10,2.169566897369371e-10,2.1696008455953083e-10,2.1696347870177501e-10,2.1696687216647912e-10,2.16970264952017e-10,2.1697365705852175e-10,2.1697704848604064e-10,2.1698043923484943e-10,2.169838293050436e-10,2.1698721869674542e-10,2.1699060740952036e-10,2.1699399544494795e-10,2.1699738280188005e-10,2.170007694806642e-10,2.170041554783277e-10,2.1700754080270344e-10,2.1701092544390815e-10,2.1701430941250133e-10,2.1701769270447827e-10,2.1702107531950647e-10,2.1702445725825812e-10,2.1702783851642303e-10,2.1703121910104682e-10,2.1703459901815447e-10,2.1703797824873548e-10,2.1704135680493815e-10,2.17044734684719e-10,2.170481118883619e-10,2.1705148841607632e-10,2.1705486426390128e-10,2.1705823943214978e-10,2.170616139331035e-10,2.1706498775900502e-10,2.1706836090727224e-10,2.1707173338459472e-10,2.1707510518614976e-10,2.1707847631127493e-10,2.1708184676314836e-10,2.1708521654049612e-10,2.1708858564043743e-10,2.1709195406943015e-10,2.1709532182452716e-10,2.1709868890592166e-10,2.1710205531382734e-10,2.1710542104781763e-10,2.1710878610831798e-10,2.1711215049574632e-10,2.1711551421157983e-10,2.1711887725265602e-10,2.171222396212081e-10,2.171256013097799e-10,2.1712896233268505e-10,2.1713232268247442e-10,2.1713568236014977e-10,2.1713904136566705e-10,2.171423996990661e-10,2.1714575736529482e-10,2.1714911435478243e-10,2.1715247067311035e-10,2.1715582631994181e-10,2.171591812954125e-10,2.1716253559990467e-10,2.1716588923320996e-10,2.1716924219543747e-10,2.1717259448768888e-10,2.1717594610867542e-10,2.171792970592586e-10,2.1718264733941963e-10,2.1718599695287362e-10,2.1718934588584801e-10,2.1719269415536403e-10,2.1719604175695238e-10,2.171993886881134e-10,2.172027349492092e-10,2.1720608053958044e-10,2.1720942545317634e-10,2.1721276969994807e-10,2.1721611327657988e-10,2.1721945618418453e-10,2.1722279843070982e-10,2.172261400086321e-10,2.1722948091811828e-10,2.172328211587712e-10,2.17236160730075e-10,2.1723949963112518e-10,2.1724283786669272e-10,2.172461754344513e-10,2.1724951233453118e-10,2.1725284856768644e-10,2.172561841330558e-10,2.172595190277288e-10,2.172628532575155e-10,2.172661868215746e-10,2.1726951971479404e-10,2.172728519453941e-10,2.1727618351003613e-10,2.1727951440763845e-10,2.1728284463906641e-10,2.1728617420444444e-10,2.172895031039025e-10,2.1729283133559368e-10,2.1729615890475276e-10,2.1729948580833992e-10,2.173028120464994e-10,2.1730613761936095e-10,2.173094625270688e-10,2.1731278676975284e-10,2.1731611034755161e-10,2.1731943326060458e-10,2.1732275550904325e-10,2.1732607709298292e-10,2.1732939801290804e-10,2.1733271826851874e-10,2.17336037859939e-10,2.1733935678932062e-10,2.173426750541144e-10,2.1734599265480653e-10,2.1734930959170544e-10,2.1735262586467535e-10,2.1735594147514683e-10,2.1735925642214048e-10,2.1736257070112613e-10,2.1736588432094695e-10,2.1736919727310827e-10,2.1737250956870046e-10,2.1737582120311522e-10,2.173791321764772e-10,2.1738244248436525e-10,2.1738575213088542e-10,2.1738906111550818e-10,2.1739236943782662e-10,2.173956770991693e-10,2.1739898409914098e-10,2.1740229043733857e-10,2.174055961165959e-10,2.1740890113274786e-10,2.1741220548654813e-10,2.1741550917949778e-10,2.17418812214065e-10,2.1742211459224827e-10,2.1742541630586565e-10,2.174287173592597e-10,2.174320177516979e-10,2.174353174842785e-10,2.1743861655737787e-10,2.174419149704838e-10,2.1744521272533267e-10,2.1744850981531385e-10,2.1745180625020012e-10,2.1745510202594826e-10,2.1745839714139023e-10,2.1746169159893087e-10,2.1746498539762721e-10,2.1746827853787634e-10,2.1747157101972762e-10,2.1747486283968547e-10,2.1747815400499153e-10,2.174814445122141e-10,2.1748473436171653e-10,2.174880235523707e-10,2.1749131208599811e-10,2.1749459996472898e-10,2.174978871820184e-10,2.1750117374396422e-10,2.1750445964753319e-10,2.1750774488642683e-10,2.1751102947737924e-10,2.1751431340601132e-10,2.1751759668377936e-10,2.1752087930499502e-10,2.175241612623266e-10,2.1752744256986295e-10,2.175307232211582e-10,2.1753400321135544e-10,2.175372825479322e-10,2.1754056122982956e-10,2.175438392608408e-10,2.1754711663561585e-10,2.1755039335454693e-10,2.1755366941819916e-10,2.1755694482622182e-10,2.1756021958068477e-10,2.1756349368005402e-10,2.1756676712424124e-10,2.175700399099363e-10,2.175733120424046e-10,2.1757658352493338e-10,2.1757985435344065e-10,2.1758312452806973e-10,2.1758639404871987e-10,2.1758966291580306e-10,2.175929311294514e-10,2.175961986897994e-10,2.1759946559697635e-10,2.176027318511162e-10,2.176059974523509e-10,2.1760926240081477e-10,2.1761252669664059e-10,2.176157903399563e-10,2.1761905333064822e-10,2.1762231566891787e-10,2.1762557735507586e-10,2.1762883838922386e-10,2.176320987710972e-10,2.1763535850123475e-10,2.1763861758080069e-10,2.1764187600828068e-10,2.1764513378487526e-10,2.176483909116483e-10,2.176516473847961e-10,2.176549032072016e-10,2.1765815837726194e-10,2.1766141289781495e-10,2.1766466676776164e-10,2.1766791998872328e-10,2.176711725585797e-10,2.1767442447806527e-10,2.1767767574724392e-10,2.1768092636707786e-10,2.1768417633733084e-10,2.1768742565828166e-10,2.1769067432920254e-10,2.1769392235119445e-10,2.176971697234246e-10,2.1770041644696678e-10,2.1770366252158095e-10,2.177069079472467e-10,2.177101527242753e-10,2.1771339685325638e-10,2.1771664033460234e-10,2.1771988316624447e-10,2.1772312534974503e-10,2.1772636688210278e-10,2.1772960777046706e-10,2.1773284801105198e-10,2.177360876047776e-10,2.1773932655050294e-10,2.1774256484866324e-10,2.177458024996785e-10,2.1774903950354195e-10,2.1775227586048117e-10,2.1775551156180448e-10,2.1775874662605839e-10,2.1776198104505454e-10,2.1776521481604167e-10,2.1776844793985396e-10,2.177716804173e-10,2.1777491224933525e-10,2.1777814343540186e-10,2.1778137397552763e-10,2.1778460387035026e-10,2.1778783311969127e-10,2.1779106172440054e-10,2.17794289679036e-10,2.1779751699371554e-10,2.1780074366250212e-10,2.1780396968653566e-10,2.1780719506639196e-10,2.1781041980140818e-10,2.1781364389203825e-10,2.178168673391967e-10,2.1782009014177027e-10,2.178233122997322e-10,2.1782653381467526e-10,2.178297546863282e-10,2.1783297491494172e-10,2.1783619449803866e-10,2.1783941343776193e-10,2.1784263173414212e-10,2.178458493876325e-10,2.178490663981887e-10,2.1785228276527107e-10,2.1785549849181611e-10,2.1785871357604494e-10,2.1786192801826044e-10,2.1786514181902185e-10,2.178683549754553e-10,2.1787156749200607e-10,2.1787477936665323e-10,2.178779905955617e-10,2.1788120118414024e-10,2.1788441113030514e-10,2.1788762044053619e-10,2.178908291063712e-10,2.1789403713000305e-10,2.1789724451109425e-10,2.1790045125412402e-10,2.179036573553876e-10,2.179068628166147e-10,2.1791006764015517e-10,2.179132718220163e-10,2.179164753631095e-10,2.1791967826382883e-10,2.179228805244258e-10,2.179260821451065e-10,2.179292831247406e-10,2.1793248346538294e-10,2.1793568316629737e-10,2.179388822280899e-10,2.1794208065095026e-10,2.1794527843453807e-10,2.1794847558000743e-10,2.1795167208544677e-10,2.1795486795234512e-10,2.1795806318079525e-10,2.1796125777091608e-10,2.1796445172312947e-10,2.1796764503709373e-10,2.1797083771250126e-10,2.1797402975006928e-10,2.1797722114994034e-10,2.1798041191224132e-10,2.179836020371093e-10,2.1798679152467221e-10,2.1798998037507021e-10,2.1799316858842807e-10,2.1799635616488536e-10,2.179995431045704e-10,2.180027294076135e-10,2.1800591507415072e-10,2.1800910010431417e-10,2.1801228449823568e-10,2.1801546825604203e-10,2.180186513778679e-10,2.1802183386720657e-10,2.1802501572117956e-10,2.1802819694039611e-10,2.1803137752868394e-10,2.1803455747566774e-10,2.1803773678978185e-10,2.1804091546960692e-10,2.1804409351202656e-10,2.1804727091900438e-10,2.180504476868164e-10,2.1805362382227167e-10,2.1805679932714354e-10,2.1805997419318017e-10,2.1806314842516277e-10,2.1806632202322264e-10,2.1806949498748308e-10,2.180726673180711e-10,2.1807583901521177e-10,2.1807901007883736e-10,2.1808218050823383e-10,2.1808535030535128e-10,2.1808851946809556e-10,2.18091687998986e-10,2.1809485589702346e-10,2.1809802316300522e-10,2.181011897957082e-10,2.181043557974698e-10,2.1810752116500464e-10,2.1811068590062648e-10,2.181138500042843e-10,2.181170134754056e-10,2.181201763185278e-10,2.1812333852667186e-10,2.1812650010323886e-10,2.1812966104836267e-10,2.1813282136310362e-10,2.1813598104608777e-10,2.181391400978293e-10,2.18142298518747e-10,2.1814545630886203e-10,2.18148613469165e-10,2.181517699980403e-10,2.1815492589636676e-10,2.1815808116443107e-10,2.181612358023638e-10,2.1816438981032132e-10,2.1816754318839286e-10,2.181706959377338e-10,2.1817384805759633e-10,2.1817699954684845e-10,2.1818015040666576e-10,2.1818330063745685e-10,2.18186450240747e-10,2.1818959921327356e-10,2.18192747557054e-10,2.1819589527256885e-10,2.181990423591729e-10,2.1820218881808832e-10,2.1820533464869682e-10,2.1820847985834174e-10,2.1821162443171404e-10,2.1821476837753027e-10,2.1821791169583662e-10,2.1822105438771012e-10,2.1822419645049997e-10,2.182273378857417e-10,2.1823047869277455e-10,2.1823361888230146e-10,2.1823675843548584e-10,2.1823989736186288e-10,2.1824303566127627e-10,2.1824617333323075e-10,2.1824931037979305e-10,2.1825244680070034e-10,2.1825558259454175e-10,2.1825871776248277e-10,2.182618523040174e-10,2.1826498621992163e-10,2.1826811951017465e-10,2.1827125217355962e-10,2.1827438421246096e-10,2.1827751563184446e-10,2.1828064641992332e-10,2.182837765819146e-10,2.1828690611989677e-10,2.1829003504460763e-10,2.1829316333431285e-10,2.1829629099935257e-10,2.1829941804310516e-10,2.1830254445953748e-10,2.1830567025047522e-10,2.1830879542048028e-10,2.183119199631991e-10,2.183150438833193e-10,2.1831816718544336e-10,2.1832128985731787e-10,2.1832441190528784e-10,2.1832753333004566e-10,2.1833065413187902e-10,2.1833377431064668e-10,2.1833689386647963e-10,2.18340012799524e-10,2.1834313110986403e-10,2.1834624879765454e-10,2.1834936586905427e-10,2.1835248231464428e-10,2.1835559814101241e-10,2.1835871333142634e-10,2.1836182791193089e-10,2.1836494186937384e-10,2.183680552050913e-10,2.1837116790135475e-10,2.1837427999197224e-10,2.1837739146260376e-10,2.1838050231037765e-10,2.1838361253629393e-10,2.183867221429667e-10,2.1838983112847748e-10,2.1839293949379276e-10,2.183960472417722e-10,2.183991543656723e-10,2.1840226086173068e-10,2.1840536674534298e-10,2.1840847200880781e-10,2.184115766524269e-10,2.184146806762946e-10,2.1841778408522514e-10,2.1842088687392478e-10,2.1842398903893258e-10,2.184270905845484e-10,2.1843019151156422e-10,2.1843329181956676e-10,2.1843639150840825e-10,2.1843949057846495e-10,2.1844258903070167e-10,2.1844568686351032e-10,2.1844878408564662e-10,2.184518806816308e-10,2.1845497666022068e-10,2.184580720203508e-10,2.1846116676381566e-10,2.1846426088890583e-10,2.184673544020779e-10,2.1847044729246095e-10,2.184735395650902e-10,2.1847663122085906e-10,2.1847972225886425e-10,2.184828126804474e-10,2.1848590248526759e-10,2.1848899167335545e-10,2.18492080244838e-10,2.184951681998481e-10,2.1849825553851924e-10,2.185013422609785e-10,2.185044283673454e-10,2.185075138577564e-10,2.1851059873328075e-10,2.185136829920167e-10,2.1851676663467414e-10,2.185198496631707e-10,2.185229320755215e-10,2.1852601387286889e-10,2.1852909505501759e-10,2.18532175622239e-10,2.1853525557438138e-10,2.185383349120474e-10,2.18541413635188e-10,2.1854449174386736e-10,2.185475692379353e-10,2.1855064611870914e-10,2.1855372238460804e-10,2.185567980346857e-10,2.185598730731079e-10,2.1856294749794005e-10,2.1856602130907632e-10,2.1856909450670715e-10,2.1857216709115025e-10,2.185752390623398e-10,2.1857831042051609e-10,2.1858138116575714e-10,2.185844512981679e-10,2.185875208163157e-10,2.1859058972349499e-10,2.1859365801771694e-10,2.1859672569994e-10,2.1859979277011206e-10,2.1860285922834861e-10,2.1860592507463403e-10,2.1860899031159887e-10,2.1861205493487937e-10,2.1861511894614015e-10,2.1861818234499763e-10,2.186212451364989e-10,2.1862430731348437e-10,2.1862736887971742e-10,2.1863042983511173e-10,2.1863349019130088e-10,2.186365499252509e-10,2.1863960904853677e-10,2.186426675614784e-10,2.1864572546374588e-10,2.1864878275621655e-10,2.1865183943833053e-10,2.186548955078975e-10,2.1865795097059906e-10,2.1866100582366815e-10,2.1866406006874826e-10,2.186671137070635e-10,2.1867016673225382e-10,2.1867321914788282e-10,2.186762709547263e-10,2.186793221523186e-10,2.1868237274130152e-10,2.1868542272154565e-10,2.186884720931143e-10,2.1869152085620002e-10,2.1869456901097802e-10,2.1869761655755817e-10,2.1870066349688737e-10,2.187037098267074e-10,2.187067555532552e-10,2.187098006620097e-10,2.1871284517202655e-10,2.1871588907236995e-10,2.1871893236633001e-10,2.1872197505255296e-10,2.18725017131214e-10,2.1872805860294741e-10,2.1873109946785392e-10,2.1873413972565804e-10,2.1873717937746631e-10,2.187402184222932e-10,2.1874325686107602e-10,2.1874629469408827e-10,2.1874933192071086e-10,2.187523685415053e-10,2.1875540455449133e-10,2.1875843996371676e-10,2.1876147476713967e-10,2.1876450896531075e-10,2.1876754255821899e-10,2.1877057554591843e-10,2.18773607928543e-10,2.1877663970643638e-10,2.1877967087841517e-10,2.187827014511735e-10,2.1878573142457906e-10,2.187887607849113e-10,2.1879178953976437e-10,2.187948176869099e-10,2.1879784523346904e-10,2.1880087217701654e-10,2.1880389851582792e-10,2.188069242508968e-10,2.1880994938237712e-10,2.1881297391039384e-10,2.1881599783509e-10,2.1881902115645994e-10,2.1882204387479848e-10,2.1882506599011154e-10,2.1882808750258478e-10,2.1883110841230135e-10,2.1883412871941424e-10,2.188371484239931e-10,2.1884016752581878e-10,2.1884318602540712e-10,2.1884620392287733e-10,2.18849221218357e-10,2.1885223791196302e-10,2.188552540038199e-10,2.1885826949404793e-10,2.1886128438277423e-10,2.1886429867011584e-10,2.1886731235619487e-10,2.1887032544113825e-10,2.1887333792506133e-10,2.1887634980808893e-10,2.1887936109033692e-10,2.188823717719298e-10,2.1888538185298686e-10,2.1888839133362256e-10,2.1889140021396168e-10,2.1889440849410922e-10,2.1889741617419e-10,2.1890042325430182e-10,2.1890342973455031e-10,2.1890643561503741e-10,2.1890944089580815e-10,2.1891244557686026e-10,2.18915449657854e-10,2.1891845313678624e-10,2.1892145601998656e-10,2.189244583048146e-10,2.1892745999111434e-10,2.1893046107890682e-10,2.1893346156827498e-10,2.189364614592985e-10,2.1893946075209662e-10,2.1894245944677204e-10,2.1894545754343456e-10,2.1894845504220244e-10,2.1895145194319667e-10,2.189544482465322e-10,2.189574439523292e-10,2.1896043906070807e-10,2.1896343357178355e-10,2.1896642748567983e-10,2.1896942080251755e-10,2.1897241352241748e-10,2.189754056454982e-10,2.1897839717187921e-10,2.1898138810168837e-10,2.1898437843504381e-10,2.1898736817206235e-10,2.1899035731287295e-10,2.1899334585758704e-10,2.18996333806335e-10,2.1899932115923504e-10,2.1900230791641082e-10,2.1900529407797688e-10,2.190082796440594e-10,2.190112646152158e-10,2.1901424899112755e-10,2.190172327719123e-10,2.1902021595769652e-10,2.190231985485975e-10,2.1902618054473673e-10,2.1902916194623994e-10,2.190321427532249e-10,2.190351229658147e-10,2.19038102584133e-10,2.19041081608239e-10,2.1904406003831347e-10,2.1904703787496694e-10,2.19050015117348e-10,2.190529917655583e-10,2.1905596782076892e-10,2.1905894328260159e-10,2.1906191815116302e-10,2.1906489242641243e-10,2.1906786610860504e-10,2.1907083919785317e-10,2.190738116942814e-10,2.1907678359800238e-10,2.190797549091605e-10,2.1908272562786263e-10,2.1908569575423155e-10,2.190886652883852e-10,2.190916342304507e-10,2.1909460258047024e-10,2.1909757033888595e-10,2.191005375056082e-10,2.1910350408010642e-10,2.1910647006301893e-10,2.1910943545443578e-10,2.19112400250806e-10,2.1911536445999144e-10,2.1911832807908817e-10,2.1912129110644232e-10,2.191242535434783e-10,2.1912721539071946e-10,2.1913017664667336e-10,2.19133137312503e-10,2.1913609738770417e-10,2.191390568728897e-10,2.1914201576827433e-10,2.1914497407333473e-10,2.1914793178949146e-10,2.191508889106474e-10,2.191538454463342e-10,2.1915680139081557e-10,2.19159756746169e-10,2.1916271151249106e-10,2.1916566569149528e-10,2.1916861928158302e-10,2.19171572283301e-10,2.1917452469615505e-10,2.191774765216815e-10,2.1918042775807286e-10,2.1918337840322006e-10,2.19186328462481e-10,2.1918927793349458e-10,2.1919222681638288e-10,2.1919517511083423e-10,2.1919812282015492e-10,2.1920106993965944e-10,2.1920401647171623e-10,2.1920696241505907e-10,2.1920990777264262e-10,2.1921285254307734e-10,2.1921579672647755e-10,2.1921874032286983e-10,2.192216833324433e-10,2.1922462575530275e-10,2.1922756759142946e-10,2.1923050884108734e-10,2.1923344950471456e-10,2.192363895813092e-10,2.1923932907237456e-10,2.1924226797752196e-10,2.1924520629707383e-10,2.1924814403089898e-10,2.1925108117923648e-10,2.1925401774209142e-10,2.192569537194357e-10,2.1925988911154012e-10,2.192628239185583e-10,2.1926575814058395e-10,2.1926869177734625e-10,2.1927162482938e-10,2.1927455729680352e-10,2.19277489179729e-10,2.1928042047827911e-10,2.192833511925694e-10,2.192862813227212e-10,2.1928921086884753e-10,2.1929213983107242e-10,2.1929506820863046e-10,2.1929799600268595e-10,2.193009232135601e-10,2.1930384984447254e-10,2.1930677589529327e-10,2.1930970135728507e-10,2.1931262623289616e-10,2.1931555052800738e-10,2.1931847424026317e-10,2.193213973697866e-10,2.1932431991669297e-10,2.1932724188109804e-10,2.1933016326312468e-10,2.1933308406288887e-10,2.1933600428050864e-10,2.193389239161023e-10,2.1934184296978687e-10,2.1934476144167988e-10,2.1934767933189917e-10,2.1935059664056205e-10,2.1935351336771226e-10,2.1935642951399947e-10,2.1935934507910492e-10,2.1936226006313528e-10,2.1936517446621815e-10,2.193680882884507e-10,2.193710015299991e-10,2.1937391419096275e-10,2.1937682627144763e-10,2.1937973777158918e-10,2.193826486914882e-10,2.19385559031279e-10,2.193884687910702e-10,2.1939137796785683e-10,2.1939428656799963e-10,2.1939719458850456e-10,2.1940010202954336e-10,2.1940300889112958e-10,2.1940591517326673e-10,2.1940882087840564e-10,2.1941172600245768e-10,2.194146305469024e-10,2.1941753451371725e-10,2.1942043790426724e-10,2.194233407151707e-10,2.1942624294447415e-10,2.1942914459818456e-10,2.1943204567218826e-10,2.1943494616809234e-10,2.1943784608600557e-10,2.1944074542604892e-10,2.1944364418833442e-10,2.194465423728988e-10,2.1944943997984188e-10,2.1945233700935536e-10,2.1945523346168087e-10,2.1945812933644145e-10,2.1946102463359324e-10,2.1946391935488334e-10,2.1946681349939278e-10,2.194697070672703e-10,2.1947260005964168e-10,2.1947549247429012e-10,2.1947838431271948e-10,2.19481275573726e-10,2.194841662598504e-10,2.1948705637019413e-10,2.1948994590446275e-10,2.1949283486316437e-10,2.1949572324584858e-10,2.1949861105333185e-10,2.1950149828539628e-10,2.1950438494208405e-10,2.1950727102407585e-10,2.1951015653173267e-10,2.1951304146344693e-10,2.1951592582034161e-10,2.1951880960253367e-10,2.1952169281062077e-10,2.195245754441617e-10,2.195274575044789e-10,2.1953033898912308e-10,2.195332198993327e-10,2.195361002380068e-10,2.1953898000055052e-10,2.1954185918782608e-10,2.195447378032643e-10,2.195476158443192e-10,2.1955049331617906e-10,2.1955337019225707e-10,2.1955624650845198e-10,2.1955912225713572e-10,2.1956199743247383e-10,2.1956487203523868e-10,2.1956774606467084e-10,2.195706195222099e-10,2.1957349240728026e-10,2.1957636472514843e-10,2.195792364644892e-10,2.1958210763102395e-10,2.1958497822736354e-10,2.195878482518165e-10,2.1959071770449604e-10,2.1959358658552766e-10,2.1959645489501935e-10,2.1959932263309168e-10,2.1960218979985926e-10,2.1960505639553393e-10,2.1960792242015167e-10,2.1961078787384265e-10,2.1961365275674915e-10,2.1961651706851864e-10,2.1961938081004592e-10,2.196222439807787e-10,2.1962510658100797e-10,2.1962796861131215e-10,2.1963083007145116e-10,2.1963369096156928e-10,2.1963655128177862e-10,2.196394110322002e-10,2.1964227021294639e-10,2.196451288241324e-10,2.1964798686587405e-10,2.1965084433829664e-10,2.1965370124150473e-10,2.1965655757562081e-10,2.1965941334093142e-10,2.1966226853739827e-10,2.1966512316513385e-10,2.1966797722469482e-10,2.1967083071529875e-10,2.1967368363740254e-10,2.196765359916123e-10,2.1967938777736596e-10,2.1968223899549762e-10,2.1968508964512433e-10,2.196879397269906e-10,2.1969078924036147e-10,2.1969363818624888e-10,2.1969648656474947e-10,2.1969933437596718e-10,2.197021816203703e-10,2.197050282976453e-10,2.1970787440791627e-10,2.1971071995101342e-10,2.197135649284555e-10,2.197164093396986e-10,2.197192531796495e-10,2.1972209646110864e-10,2.1972493917174927e-10,2.19727781316196e-10,2.1973062289455433e-10,2.1973346390694775e-10,2.197363043535079e-10,2.1973914423688876e-10,2.1974198353885298e-10,2.1974482228034272e-10,2.1974766045342635e-10,2.197504980757333e-10,2.1975333513004906e-10,2.1975617161995788e-10,2.197590075408962e-10,2.197618428988594e-10,2.1976467769368256e-10,2.1976751192338518e-10,2.1977034558889727e-10,2.1977317868983112e-10,2.1977601122651992e-10,2.1977884319908705e-10,2.197816746076406e-10,2.1978450545236145e-10,2.1978733573336162e-10,2.197901654475431e-10,2.197929946012037e-10,2.197958231847074e-10,2.1979865121160692e-10,2.1980147867614883e-10,2.1980430557572947e-10,2.1980713191340028e-10,2.198099576936871e-10,2.198127828913951e-10,2.1981560754090005e-10,2.1981843162765602e-10,2.1982125515290563e-10,2.1982407811520156e-10,2.1982690051435721e-10,2.1982972235258322e-10,2.1983254362636862e-10,2.1983536433570006e-10,2.1983818448876712e-10,2.1984100407961717e-10,2.1984382310883466e-10,2.1984664157686386e-10,2.1984945947797006e-10,2.1985227682315686e-10,2.1985509360283357e-10,2.1985790981675918e-10,2.1986072547939956e-10,2.1986354058104189e-10,2.1986635512183575e-10,2.1986916910215142e-10,2.1987198252210904e-10,2.1987479538182233e-10,2.1987760768140902e-10,2.1988041942098164e-10,2.1988323060066181e-10,2.19886041221793e-10,2.1988885127994386e-10,2.1989166078043214e-10,2.1989446972258356e-10,2.1989727810586713e-10,2.1990008592951167e-10,2.1990289319363933e-10,2.1990569989879656e-10,2.1990850604510037e-10,2.1991131163266189e-10,2.1991411666159652e-10,2.1991692113201733e-10,2.1991972504404092e-10,2.199225283977818e-10,2.1992533119334577e-10,2.1992813343085166e-10,2.199309351104143e-10,2.1993373623214516e-10,2.1993653679615892e-10,2.199393368025669e-10,2.1994213625148223e-10,2.1994493514302165e-10,2.1994773347766426e-10,2.1995053125556172e-10,2.199533284763629e-10,2.199561251401627e-10,2.1995892125250885e-10,2.1996171680282468e-10,2.1996451179659903e-10,2.1996730623351055e-10,2.1997010011345172e-10,2.1997289343799415e-10,2.1997568620641507e-10,2.199784784187756e-10,2.199812700747857e-10,2.199840611758062e-10,2.1998685171694668e-10,2.1998964170677457e-10,2.1999243113948984e-10,2.1999522001675327e-10,2.1999800833875052e-10,2.2000079610338999e-10,2.2000358331335765e-10,2.2000636996868181e-10,2.200091560694186e-10,2.2001194161800145e-10,2.2001472660923902e-10,2.2001751105050635e-10,2.2002029493591268e-10,2.2002307826970789e-10,2.2002586104932716e-10,2.2002864327220667e-10,2.2003142494122996e-10,2.2003420605650427e-10,2.2003698661814977e-10,2.200397666262705e-10,2.2004254608097347e-10,2.200453249823854e-10,2.2004810332876868e-10,2.2005088111259995e-10,2.2005365835239627e-10,2.2005643504220617e-10,2.2005921117976054e-10,2.200619867637504e-10,2.2006476179689967e-10,2.2006753627495266e-10,2.2007031020229217e-10,2.200730835799077e-10,2.2007585640238877e-10,2.2007862867440988e-10,2.2008140039603894e-10,2.2008417156301734e-10,2.2008694217806866e-10,2.2008971224191223e-10,2.200924817452609e-10,2.2009525070790366e-10,2.2009801911864442e-10,2.2010078697888869e-10,2.2010355428705038e-10,2.2010632104491962e-10,2.2010908725237048e-10,2.2011185290677693e-10,2.2011461801281175e-10,2.2011738256819174e-10,2.2012014657348143e-10,2.2012291002803023e-10,2.201256729322218e-10,2.2012843528668617e-10,2.2013119708861824e-10,2.2013395833811456e-10,2.2013671904334396e-10,2.201394791989366e-10,2.201422388057073e-10,2.2014499786296022e-10,2.201477563728823e-10,2.2015051433098374e-10,2.2015327174211808e-10,2.201560286045161e-10,2.2015878491815527e-10,2.201615406820038e-10,2.2016429590157522e-10,2.2016705056851603e-10,2.2016980468965663e-10,2.2017255825372808e-10,2.201753112762071e-10,2.201780637504797e-10,2.2018081567661246e-10,2.2018356706056852e-10,2.201863178920513e-10,2.2018906817600904e-10,2.2019181791253834e-10,2.2019456710177167e-10,2.2019731573804922e-10,2.2020006383325369e-10,2.2020281137985672e-10,2.2020555838616404e-10,2.2020830484749825e-10,2.2021105076285872e-10,2.202137961294225e-10,2.2021654094463515e-10,2.2021928521397057e-10,2.202220289367649e-10,2.202247721135239e-10,2.202275147443518e-10,2.2023025682931755e-10,2.2023299836866872e-10,2.20235739362377e-10,2.20238479810605e-10,2.202412197116289e-10,2.2024395906893333e-10,2.2024669788036981e-10,2.2024943615306967e-10,2.2025217387783743e-10,2.2025491105547672e-10,2.2025764768841317e-10,2.2026038377698716e-10,2.2026311932068794e-10,2.2026585432043204e-10,2.2026858877560998e-10,2.2027132268658044e-10,2.2027405605366512e-10,2.2027678887659772e-10,2.2027952115623598e-10,2.2028225288992053e-10,2.202849840819024e-10,2.2028771473038632e-10,2.202904448355147e-10,2.202931743973565e-10,2.2029590341586976e-10,2.2029863189133503e-10,2.2030135982386945e-10,2.203040872135772e-10,2.203068140605624e-10,2.2030954036056904e-10,2.203122661221786e-10,2.203149913395837e-10,2.2031771601885607e-10,2.2032044015432889e-10,2.203231637474603e-10,2.203258867968092e-10,2.2032860930445837e-10,2.2033133127213544e-10,2.203340526978941e-10,2.2033677357704944e-10,2.203394939192818e-10,2.2034221372093714e-10,2.2034493298164342e-10,2.2034765170128942e-10,2.203503698799794e-10,2.203530875178312e-10,2.2035580461494764e-10,2.203585211714403e-10,2.203612371874223e-10,2.203639526629989e-10,2.203666675982869e-10,2.203693819933895e-10,2.203720958484197e-10,2.2037480916348577e-10,2.2037752193870012e-10,2.2038023417416855e-10,2.203829458700025e-10,2.2038565702631783e-10,2.2038836764321024e-10,2.2039107772080448e-10,2.2039378725919973e-10,2.2039649625851297e-10,2.203992047188487e-10,2.2040191264031904e-10,2.2040462002303066e-10,2.204073268670944e-10,2.2041003317262055e-10,2.204127389397207e-10,2.204154441684988e-10,2.2041814885906854e-10,2.2042085301154043e-10,2.2042355662602364e-10,2.2042625970262159e-10,2.2042896224144605e-10,2.2043166424261304e-10,2.2043436570622596e-10,2.20437066632392e-10,2.2043976702122178e-10,2.204424668728326e-10,2.2044516618732458e-10,2.2044786496480964e-10,2.2045056320539602e-10,2.204532609091932e-10,2.204559580763151e-10,2.2045865470684433e-10,2.2046135080090956e-10,2.204640463586271e-10,2.204667413801001e-10,2.2046943586543883e-10,2.204721298147499e-10,2.2047482322814695e-10,2.2047751610573595e-10,2.2048020844762645e-10,2.2048290025392637e-10,2.2048559152474717e-10,2.204882822601941e-10,2.204909724603806e-10,2.2049366212540967e-10,2.2049635125539662e-10,2.2049903985044337e-10,2.2050172791066594e-10,2.20504415436167e-10,2.2050710242705605e-10,2.2050978888344149e-10,2.205124748054386e-10,2.2051516019314647e-10,2.2051784504667868e-10,2.2052052936614648e-10,2.2052321315165404e-10,2.2052589640331002e-10,2.2052857912122353e-10,2.2053126130550175e-10,2.2053394295625664e-10,2.2053662407359629e-10,2.2053930465762653e-10,2.2054198470845435e-10,2.2054466422619075e-10,2.2054734321094592e-10,2.2055002166282844e-10,2.20552699581937e-10,2.205553769683912e-10,2.2055805382229427e-10,2.2056073014375712e-10,2.205634059328849e-10,2.2056608118978767e-10,2.2056875591457155e-10,2.2057143010734543e-10,2.2057410376821837e-10,2.2057677689729725e-10,2.2057944949469504e-10,2.2058212156050956e-10,2.2058479309485908e-10,2.2058746409784597e-10,2.205901345695835e-10,2.205928045101697e-10,2.2059547391971957e-10,2.2059814279834002e-10,2.20600811146138e-10,2.2060347896322473e-10,2.2060614624970348e-10,2.2060881300568473e-10,2.2061147923129607e-10,2.2061414492663806e-10,2.2061681009180018e-10,2.2061947472689215e-10,2.20622138832022e-10,2.206248024073032e-10,2.2062746545284033e-10,2.2063012796874207e-10,2.206327899551097e-10,2.2063545141259424e-10,2.206381123402285e-10,2.2064077273795241e-10,2.206434326085329e-10,2.2064609194845734e-10,2.2064875075991043e-10,2.2065140904258694e-10,2.2065406679865776e-10,2.2065672402399536e-10,2.2065938072098003e-10,2.2066203689101177e-10,2.2066469253126314e-10,2.2066734764317695e-10,2.2067000222710772e-10,2.2067265628306548e-10,2.2067530981115746e-10,2.2067796281148567e-10,2.2068061528414771e-10,2.2068326722923771e-10,2.2068591864757874e-10,2.2068856953826505e-10,2.2069121990216495e-10,2.206938697390071e-10,2.206965190488928e-10,2.2069916783193206e-10,2.2070181608826145e-10,2.207044638181946e-10,2.2070711102133257e-10,2.207097576980547e-10,2.2071240384780618e-10,2.2071504947204193e-10,2.207176945701191e-10,2.2072033914222301e-10,2.2072298318845574e-10,2.207256267091789e-10,2.207282697041644e-10,2.207309121733772e-10,2.2073355411210507e-10,2.207361955336281e-10,2.207388364281544e-10,2.207414767961905e-10,2.2074411663918035e-10,2.2074675595810305e-10,2.2074939475146705e-10,2.2075203302685707e-10,2.2075467076350147e-10,2.207573079849876e-10,2.207599446838492e-10,2.2076258085461378e-10,2.207652165011897e-10,2.2076785162502544e-10,2.207704862233891e-10,2.2077312029691053e-10,2.2077575384762977e-10,2.207783868749039e-10,2.207810193789259e-10,2.2078365135924256e-10,2.2078628281621e-10,2.207889137499321e-10,2.2079154416044495e-10,2.2079417404768907e-10,2.2079680341182857e-10,2.2079943225601874e-10,2.2080206057515497e-10,2.2080468837181065e-10,2.2080731564597627e-10,2.2080994239749111e-10,2.2081256862685375e-10,2.2081519433428757e-10,2.2081781951873482e-10,2.2082044418199777e-10,2.2082306832362173e-10,2.2082569194413452e-10,2.2082831504291311e-10,2.208309376193585e-10,2.2083355967423277e-10,2.2083618120769117e-10,2.2083880221988433e-10,2.208414227100976e-10,2.208440426804615e-10,2.2084666213015945e-10,2.2084928105906084e-10,2.2085189946909354e-10,2.208545173569774e-10,2.208571347265334e-10,2.2085975157337965e-10,2.208623679006502e-10,2.2086498370706899e-10,2.2086759899344255e-10,2.2087021375958214e-10,2.2087282800622672e-10,2.2087544173087726e-10,2.2087805493811607e-10,2.2088066762582642e-10,2.2088327979414468e-10,2.208858914430055e-10,2.2088850257281244e-10,2.208911131834837e-10,2.2089372327520393e-10,2.208963328480376e-10,2.208989419020928e-10,2.209015504386282e-10,2.2090415845449073e-10,2.2090676595305757e-10,2.2090937293478287e-10,2.2091197939634225e-10,2.2091458533962913e-10,2.2091719076490065e-10,2.2091979567220004e-10,2.209224000626922e-10,2.209250039348292e-10,2.2092760728924575e-10,2.2093021012550893e-10,2.209328124449889e-10,2.2093541424700077e-10,2.209380155319658e-10,2.209406163006068e-10,2.2094321655162182e-10,2.2094581628568558e-10,2.2094841550449466e-10,2.209510142047695e-10,2.209536123868685e-10,2.2095621005266628e-10,2.2095880720706158e-10,2.2096140384195827e-10,2.2096399996077115e-10,2.209665955634145e-10,2.2096919064955309e-10,2.2097178522068163e-10,2.2097437927579726e-10,2.209769728152881e-10,2.2097956583925972e-10,2.2098215834778296e-10,2.209847503410543e-10,2.2098734181910192e-10,2.2098993278204164e-10,2.2099252322990986e-10,2.2099511316289526e-10,2.209977025810931e-10,2.210002914899228e-10,2.2100287987883453e-10,2.210054677530313e-10,2.2100805511308564e-10,2.210106419585322e-10,2.2101322829030798e-10,2.2101581410793965e-10,2.2101839941174793e-10,2.2102098420247107e-10,2.2102356847851147e-10,2.2102615224105283e-10,2.2102873549609796e-10,2.2103131823169263e-10,2.2103390045510018e-10,2.2103648216385555e-10,2.2103906335980214e-10,2.2104164404240964e-10,2.210442242119534e-10,2.2104680386814283e-10,2.2104938301206116e-10,2.210519616434051e-10,2.2105453976246173e-10,2.210571173693389e-10,2.210596944644498e-10,2.2106227105120916e-10,2.2106484712122805e-10,2.2106742267932564e-10,2.210699977255245e-10,2.2107257225927858e-10,2.2107514627699314e-10,2.2107771978817342e-10,2.2108029278790544e-10,2.2108286527602507e-10,2.2108543725337825e-10,2.210880087192056e-10,2.210905796741405e-10,2.210931501180729e-10,2.2109572005144081e-10,2.2109828947346327e-10,2.2110085838484925e-10,2.211034267870403e-10,2.2110599467804075e-10,2.2110856205827886e-10,2.2111112892849822e-10,2.2111369528838873e-10,2.2111626113922245e-10,2.2111882647946233e-10,2.2112139131007503e-10,2.2112395563089473e-10,2.2112651944148268e-10,2.2112908274271168e-10,2.21131645534878e-10,2.2113420781795868e-10,2.2113676959155443e-10,2.2113933085615472e-10,2.2114189161176943e-10,2.2114445185858397e-10,2.211470115966252e-10,2.2114957082599547e-10,2.2115212954680261e-10,2.2115468775914605e-10,2.2115724546313242e-10,2.2115980265886176e-10,2.2116235934643923e-10,2.2116491551131106e-10,2.211674711700768e-10,2.2117002632253535e-10,2.2117258097840635e-10,2.2117513512663651e-10,2.2117768876732276e-10,2.2118024190057581e-10,2.2118279452652125e-10,2.2118534664520478e-10,2.2118789825805006e-10,2.2119044936266747e-10,2.2119299995259478e-10,2.2119555003480044e-10,2.2119809960885998e-10,2.2120064867360554e-10,2.2120319723626245e-10,2.2120574529100418e-10,2.2120829285029716e-10,2.21210839903531e-10,2.2121338643902224e-10,2.212159324630007e-10,2.2121847798679582e-10,2.2122102302028988e-10,2.212235675480835e-10,2.2122611157030707e-10,2.2122865508710946e-10,2.2123119809781375e-10,2.212337406010206e-10,2.2123628259659545e-10,2.212388240874136e-10,2.212413650729882e-10,2.2124390555615644e-10,2.2124644553206795e-10,2.2124898499560244e-10,2.2125152395462678e-10,2.2125406241671526e-10,2.2125660037459114e-10,2.2125913782820612e-10,2.2126167477766314e-10,2.2126421122306637e-10,2.212667471645221e-10,2.2126928260212401e-10,2.2127181753597515e-10,2.2127435196618362e-10,2.212768858929681e-10,2.2127941931434594e-10,2.2128195222876822e-10,2.2128448464381586e-10,2.2128701655714815e-10,2.2128954796762068e-10,2.2129207887488204e-10,2.2129460928005046e-10,2.2129713917778622e-10,2.2129966857829747e-10,2.213021974751015e-10,2.213047258695214e-10,2.213072537549893e-10,2.2130978114452053e-10,2.2131230803199418e-10,2.2131483441841377e-10,2.2131736030216992e-10,2.21319885684175e-10,2.2132241056041794e-10,2.2132493493967532e-10,2.2132745882083155e-10,2.2132998219519023e-10,2.213325050696088e-10,2.21335027441001e-10,2.213375493098132e-10,2.2134007068144458e-10,2.2134259155037632e-10,2.2134511192068228e-10,2.2134763178951127e-10,2.2135015115902923e-10,2.2135267002683606e-10,2.2135518839412474e-10,2.213577062610983e-10,2.2136022362790772e-10,2.2136274049624662e-10,2.2136525686700986e-10,2.2136777273573793e-10,2.2137028810313543e-10,2.2137280297097674e-10,2.2137531733900645e-10,2.2137783120732732e-10,2.2138034457626918e-10,2.2138285744624652e-10,2.2138536981251584e-10,2.2138788168390066e-10,2.2139039305624292e-10,2.2139290393071553e-10,2.2139541430410621e-10,2.2139792418083484e-10,2.2140043355951734e-10,2.2140294243827757e-10,2.214054508189924e-10,2.2140795870078885e-10,2.214104660779211e-10,2.2141297296441887e-10,2.2141547933976646e-10,2.214179852299983e-10,2.2142049062267926e-10,2.2142299551752353e-10,2.2142549991492395e-10,2.214280037978982e-10,2.2143050720062702e-10,2.2143301010000655e-10,2.214355125107636e-10,2.2143801442148972e-10,2.2144051582509124e-10,2.2144301674278324e-10,2.214455171624666e-10,2.2144801709025265e-10,2.2145051652471505e-10,2.2145301545617135e-10,2.2145551389257373e-10,2.2145801183079542e-10,2.2146050927290023e-10,2.2146300622056414e-10,2.2146550267459835e-10,2.2146799862936492e-10,2.2147049408742777e-10,2.2147298905010602e-10,2.2147548351748027e-10,2.2147797748938692e-10,2.2148047096510804e-10,2.2148296395192328e-10,2.214854564380168e-10,2.2148794843082403e-10,2.2149043992691195e-10,2.2149293092805594e-10,2.2149542143269776e-10,2.2149791144454708e-10,2.2150040096099963e-10,2.2150288998418132e-10,2.2150537850925698e-10,2.2150786654774532e-10,2.2151035408706487e-10,2.2151284113311962e-10,2.215153276852299e-10,2.2151781374357452e-10,2.2152029930808528e-10,2.2152278437894778e-10,2.2152526895626584e-10,2.2152775304023181e-10,2.2153023663082134e-10,2.21532719727586e-10,2.2153520233203317e-10,2.2153768444310868e-10,2.2154016606128346e-10,2.215426471865573e-10,2.2154512781918143e-10,2.2154760795664562e-10,2.2155008760391888e-10,2.2155256675907443e-10,2.2155504541801615e-10,2.2155752358857512e-10,2.2156000126688352e-10,2.2156247845295338e-10,2.2156495514705928e-10,2.215674313486554e-10,2.2156990705917257e-10,2.2157238227595413e-10,2.2157485700325945e-10,2.2157733123910774e-10,2.2157980498356393e-10,2.2158227824152385e-10,2.2158475100318502e-10,2.2158722327230792e-10,2.2158969505261545e-10,2.2159216634184888e-10,2.2159463714029538e-10,2.2159710744808235e-10,2.2159957726533188e-10,2.216020465922991e-10,2.2160451542808382e-10,2.216069837743836e-10,2.2160945163036198e-10,2.216119189968992e-10,2.2161438587653123e-10,2.2161685226286737e-10,2.2161931815990654e-10,2.216217835665511e-10,2.216242484836261e-10,2.2162671291123005e-10,2.2162917684946414e-10,2.2163164029841138e-10,2.21634103257792e-10,2.2163656572709377e-10,2.2163902770935518e-10,2.2164148920219644e-10,2.2164395020643441e-10,2.2164641072202702e-10,2.21648870748897e-10,2.2165133028749907e-10,2.216537893376473e-10,2.2165624789934514e-10,2.216587059729927e-10,2.2166116355805913e-10,2.2166362065534644e-10,2.2166607726496466e-10,2.2166853338661442e-10,2.2167098902069845e-10,2.2167344416717268e-10,2.2167589882412465e-10,2.2167835298913243e-10,2.2168080667365686e-10,2.216832598711e-10,2.2168571258131358e-10,2.2168816480459288e-10,2.216906165406848e-10,2.216930677898709e-10,2.2169551855246153e-10,2.216979688284367e-10,2.217004186179069e-10,2.21702867920972e-10,2.2170531673778437e-10,2.21707765068354e-10,2.2171021291272005e-10,2.2171266027328513e-10,2.2171510714599548e-10,2.2171755353266555e-10,2.2171999943362017e-10,2.2172244484894893e-10,2.217248897790129e-10,2.217273342236665e-10,2.2172977818360358e-10,2.2173222165658787e-10,2.217346646442243e-10,2.2173710714810759e-10,2.2173954916840624e-10,2.2174199069817065e-10,2.217444317471284e-10,2.2174687231161852e-10,2.2174931239003264e-10,2.2175175198404445e-10,2.2175419109375886e-10,2.217566297193117e-10,2.2175906786083624e-10,2.217615055065059e-10,2.2176394268126293e-10,2.2176637937220355e-10,2.217688155793103e-10,2.217712513039609e-10,2.2177368654462274e-10,2.2177612129974953e-10,2.2177855557140477e-10,2.2178098935971575e-10,2.2178342266658735e-10,2.2178585549153704e-10,2.217882878322986e-10,2.2179071969013788e-10,2.217931510647186e-10,2.217955819562072e-10,2.217980123659621e-10,2.2180044229654255e-10,2.218028717413361e-10,2.2180530070379567e-10,2.218077291830915e-10,2.2181015718085548e-10,2.2181258469474127e-10,2.218150117302964e-10,2.2181743828192143e-10,2.2181986435252139e-10,2.21822289941647e-10,2.2182471504925962e-10,2.2182713967545e-10,2.218295638202495e-10,2.2183198747837503e-10,2.2183441066027074e-10,2.2183683336337714e-10,2.2183925558506443e-10,2.2184167732479623e-10,2.218440985837942e-10,2.2184651936471794e-10,2.2184893966287747e-10,2.2185135948023455e-10,2.218537788169731e-10,2.2185619767521967e-10,2.2185861604929068e-10,2.2186103394568059e-10,2.2186345136137298e-10,2.2186586829886625e-10,2.2186828475582754e-10,2.218707007331183e-10,2.2187311622877393e-10,2.2187553124706753e-10,2.2187794578687467e-10,2.2188035984621103e-10,2.21882773426712e-10,2.218851865275465e-10,2.218875991498525e-10,2.2189001129328051e-10,2.2189242295809222e-10,2.2189483414376374e-10,2.218972448511179e-10,2.2189965507991774e-10,2.219020648290742e-10,2.2190447410119452e-10,2.21906882892725e-10,2.21909291214779e-10,2.2191169905251187e-10,2.2191410641457658e-10,2.2191651329655256e-10,2.2191891970079824e-10,2.219213256250995e-10,2.2192373107000702e-10,2.2192613604564912e-10,2.219285405399219e-10,2.2193094455383506e-10,2.2193334809238493e-10,2.219357511551882e-10,2.2193815373910454e-10,2.2194055584853925e-10,2.219429574805952e-10,2.219453586363618e-10,2.2194775931544633e-10,2.2195015951810754e-10,2.219525592442054e-10,2.2195495849212071e-10,2.219573572698868e-10,2.2195975556679178e-10,2.2196215339321302e-10,2.219645507313766e-10,2.2196694760556762e-10,2.2196934400706843e-10,2.2197173992549034e-10,2.2197413536799164e-10,2.2197653033530406e-10,2.2197892482745164e-10,2.2198131884515102e-10,2.2198371238727967e-10,2.2198610545409997e-10,2.2198849804454117e-10,2.2199089016129498e-10,2.2199328180167277e-10,2.2199567296934067e-10,2.2199806366249372e-10,2.2200045388112763e-10,2.2200284362536729e-10,2.2200523289552954e-10,2.220076216924187e-10,2.2201001002064884e-10,2.2201239787606158e-10,2.2201478524638188e-10,2.2201717214870947e-10,2.220195585768443e-10,2.2202194453194851e-10,2.220243300111916e-10,2.2202671501555475e-10,2.2202909954665072e-10,2.22031483604609e-10,2.2203386719140476e-10,2.2203625030595122e-10,2.2203863294533284e-10,2.2204101511296517e-10,2.2204339680611476e-10,2.2204577801798834e-10,2.2204815876820417e-10,2.2205053904538066e-10,2.220529188506632e-10,2.2205529818175711e-10,2.2205767704060633e-10,2.220600554273294e-10,2.2206243334203425e-10,2.2206481078482892e-10,2.220671877571689e-10,2.2206956425496257e-10,2.220719402885046e-10,2.220743158463515e-10,2.2207669093315505e-10,2.2207906554564906e-10,2.2208143968877818e-10,2.2208381336319533e-10,2.2208618656644474e-10,2.2208855929688007e-10,2.2209093155250064e-10,2.2209330334110052e-10,2.220956746680626e-10,2.2209804551555367e-10,2.2210041589002065e-10,2.221027857972527e-10,2.2210515523194865e-10,2.2210752419807244e-10,2.2210989269473947e-10,2.2211226072121682e-10,2.2211462827798116e-10,2.221169953648952e-10,2.2211936198208868e-10,2.2212172813109514e-10,2.2212409380927392e-10,2.2212645901791742e-10,2.22128823757326e-10,2.221311880275593e-10,2.2213355182943525e-10,2.221359151613217e-10,2.221382780246756e-10,2.221406404188247e-10,2.2214300234385873e-10,2.221453638007974e-10,2.2214772478917333e-10,2.2215008530926034e-10,2.221524453611487e-10,2.2215480494446403e-10,2.2215716405974028e-10,2.2215952270604715e-10,2.2216188088510255e-10,2.221642385973519e-10,2.221665958414018e-10,2.2216895262133867e-10,2.2217130893941586e-10,2.2217366477986608e-10,2.2217602015289222e-10,2.2217837505856338e-10,2.2218072949699658e-10,2.2218308346833847e-10,2.2218543697244135e-10,2.2218779000985176e-10,2.221901425811077e-10,2.221924946840283e-10,2.2219484632082069e-10,2.2219719749059343e-10,2.2219954819457758e-10,2.222018984321796e-10,2.2220424820347667e-10,2.2220659750858507e-10,2.2220894634751075e-10,2.2221129472046166e-10,2.222136426276412e-10,2.2221599006884767e-10,2.2221833704313904e-10,2.222206835494969e-10,2.2222302959492013e-10,2.2222537517372358e-10,2.2222772028641485e-10,2.2223006493735794e-10,2.2223240912050324e-10,2.2223475283857223e-10,2.222370960916697e-10,2.2223943887988083e-10,2.2224178120344113e-10,2.2224412306238936e-10,2.2224646445651928e-10,2.222488053861396e-10,2.2225114585023472e-10,2.2225348584716144e-10,2.222558253834095e-10,2.2225816445746698e-10,2.2226050305406996e-10,2.2226284119862025e-10,2.2226517887932517e-10,2.2226751609626696e-10,2.2226985284957564e-10,2.222721891469486e-10,2.2227452497318063e-10,2.2227686033603654e-10,2.2227919523625797e-10,2.22281529672248e-10,2.2228386364550995e-10,2.222861971555979e-10,2.2228853020287344e-10,2.2229086278770622e-10,2.2229319490516644e-10,2.22295526559383e-10,2.222978577538051e-10,2.223001884879785e-10,2.2230251876095722e-10,2.2230484857144468e-10,2.2230717791096524e-10,2.223095067957493e-10,2.2231183521766465e-10,2.2231416317910118e-10,2.2231649067853865e-10,2.2231881771763618e-10,2.223211442969726e-10,2.2232347041221381e-10,2.2232579606461788e-10,2.2232812125650397e-10,2.2233044598864287e-10,2.2233277025895588e-10,2.2233509406758081e-10,2.2233741741224028e-10,2.223397402983254e-10,2.223420627230855e-10,2.2234438468634965e-10,2.2234670619166156e-10,2.2234902723714128e-10,2.2235134782161942e-10,2.2235366794691177e-10,2.2235598761149977e-10,2.2235830681541576e-10,2.223606255586183e-10,2.2236294384099532e-10,2.2236526166371088e-10,2.223675790293129e-10,2.2236989592923681e-10,2.2237221236588382e-10,2.2237452835159943e-10,2.2237684387678377e-10,2.2237915894207233e-10,2.2238147355031533e-10,2.2238378769782945e-10,2.2238610140579016e-10,2.2238841463815852e-10,2.223907274056432e-10,2.223930397181845e-10,2.2239535157160275e-10,2.2239766296724184e-10,2.223999739041441e-10,2.2240228438486737e-10,2.2240459440514038e-10,2.224069039666506e-10,2.2240921306079094e-10,2.2241152170794075e-10,2.2241382989058604e-10,2.2241613762114758e-10,2.224184448946107e-10,2.224207517128022e-10,2.2242305807074533e-10,2.224253639753896e-10,2.2242766941793912e-10,2.2242997440348529e-10,2.224322789309727e-10,2.224345830021628e-10,2.2243688660498274e-10,2.224391897623882e-10,2.2244149245782138e-10,2.2244379470173546e-10,2.2244609648922771e-10,2.2244839781919816e-10,2.2245069869141039e-10,2.2245299910930106e-10,2.2245529907308733e-10,2.2245759857588347e-10,2.2245989762697725e-10,2.2246219622605657e-10,2.2246449436374903e-10,2.224667920451634e-10,2.224690892713705e-10,2.2247138604179756e-10,2.2247368236117952e-10,2.2247597822096477e-10,2.2247827362679859e-10,2.224805685739587e-10,2.2248286307019542e-10,2.224851571096447e-10,2.2248745069168643e-10,2.2248974381734713e-10,2.2249203649175793e-10,2.2249432870760593e-10,2.224966204723971e-10,2.2249891178185748e-10,2.2250120263888317e-10,2.225034930402887e-10,2.2250578298784217e-10,2.2250807248143053e-10,2.2251036152098545e-10,2.2251265010660384e-10,2.2251493824160388e-10,2.225172259225824e-10,2.2251951314595071e-10,2.2252179991537578e-10,2.2252408623089722e-10,2.2252637209706427e-10,2.225286575066825e-10,2.2253094246391403e-10,2.2253322696777967e-10,2.2253551102257532e-10,2.2253779461945749e-10,2.2254007776381356e-10,2.2254236045556156e-10,2.2254464269823403e-10,2.2254692448553685e-10,2.2254920582038617e-10,2.2255148670521582e-10,2.2255376713575753e-10,2.2255604711421868e-10,2.2255832663906812e-10,2.2256060571504166e-10,2.2256288433694904e-10,2.2256516250698864e-10,2.225674402252614e-10,2.2256971749114304e-10,2.225719943054713e-10,2.2257427066918848e-10,2.2257654658125295e-10,2.2257882204221154e-10,2.2258109705197073e-10,2.2258337161157876e-10,2.225856457213745e-10,2.2258791937863616e-10,2.2259019257708497e-10,2.2259246533197376e-10,2.225947376364663e-10,2.2259700949006694e-10,2.2259928089351327e-10,2.2260155184650098e-10,2.2260382234894977e-10,2.2260609240143102e-10,2.2260836201845119e-10,2.2261063117027495e-10,2.226128998756685e-10,2.226151681282507e-10,2.2261743593074016e-10,2.226197032839327e-10,2.2262197018748937e-10,2.2262423664157495e-10,2.226265026464351e-10,2.2262876820145635e-10,2.2263103331801324e-10,2.2263329797391979e-10,2.2263556218506742e-10,2.2263782594430662e-10,2.2264008925618933e-10,2.2264235211876213e-10,2.226446145303373e-10,2.226468764936667e-10,2.226491380090056e-10,2.2265139907745933e-10,2.2265365969915278e-10,2.226559198714746e-10,2.2265817959879165e-10,2.2266043887415663e-10,2.226626977008852e-10,2.2266495608035993e-10,2.2266721401223703e-10,2.226694714960654e-10,2.2267172853223996e-10,2.2267398512126758e-10,2.2267624126296655e-10,2.226784969614546e-10,2.2268075221260493e-10,2.22683007016552e-10,2.2268526137345003e-10,2.226875152834732e-10,2.2268976874679215e-10,2.2269202176357793e-10,2.226942743339569e-10,2.2269652645235573e-10,2.2269877812450386e-10,2.227010293506222e-10,2.2270328013052326e-10,2.227055304651339e-10,2.2270778035231262e-10,2.227100297922301e-10,2.227122787875306e-10,2.227145273366407e-10,2.2271677544088648e-10,2.2271902309927462e-10,2.227212703126589e-10,2.2272351707916844e-10,2.227257634003129e-10,2.2272800927599718e-10,2.227302547104648e-10,2.2273249969604166e-10,2.2273474423625267e-10,2.2273698833152033e-10,2.2273923198213212e-10,2.227414751878702e-10,2.2274371794875325e-10,2.2274596026501094e-10,2.2274820213680108e-10,2.2275044356399566e-10,2.2275268454578983e-10,2.2275492508599796e-10,2.2275716518149025e-10,2.2275940483217847e-10,2.2276164403853223e-10,2.2276388280615776e-10,2.2276612112907543e-10,2.2276835900407731e-10,2.2277059643543452e-10,2.227728334232415e-10,2.2277506996759522e-10,2.2277730606857683e-10,2.2277954172628277e-10,2.2278177694080294e-10,2.2278401171222787e-10,2.227862460406463e-10,2.227884799261513e-10,2.2279071336882283e-10,2.2279294636876546e-10,2.227951789260588e-10,2.2279741104079896e-10,2.2279964271307333e-10,2.2280187394297712e-10,2.22804104730604e-10,2.228063350768231e-10,2.2280856498187818e-10,2.2281079444390207e-10,2.2281302346368708e-10,2.2281525204152652e-10,2.228174801775381e-10,2.2281970786620858e-10,2.228219351188884e-10,2.2282416193026006e-10,2.22826388299901e-10,2.2282861422821973e-10,2.228308397153065e-10,2.2283306475378982e-10,2.2283528935313924e-10,2.2283751350625944e-10,2.228397372163798e-10,2.2284196049602198e-10,2.2284418333693847e-10,2.228464057376114e-10,2.228486276995616e-10,2.2285084922099e-10,2.2285307030065248e-10,2.2285529094006714e-10,2.2285751114607825e-10,2.228597308964216e-10,2.2286195021878596e-10,2.228641690911558e-10,2.2286638752953592e-10,2.228686055279634e-10,2.2287082309363296e-10,2.2287304021046768e-10,2.22875256887279e-10,2.228774731295513e-10,2.2287968893214535e-10,2.2288190429468397e-10,2.2288411923850462e-10,2.2288633372355493e-10,2.2288854778825115e-10,2.2289076140346744e-10,2.2289297457336786e-10,2.2289518730277372e-10,2.228973995930738e-10,2.2289961144592853e-10,2.229018228599899e-10,2.229040338362692e-10,2.2290624437397312e-10,2.2290845447425334e-10,2.2291066413647118e-10,2.2291287336905038e-10,2.2291508215373876e-10,2.2291729049865024e-10,2.22919498414577e-10,2.2292170588873054e-10,2.2292391292524711e-10,2.229261195241636e-10,2.229283256846012e-10,2.229305314073158e-10,2.2293273669324128e-10,2.2293494153209655e-10,2.229371459448537e-10,2.2293934992044658e-10,2.2294155345148711e-10,2.2294375655290989e-10,2.2294595921766013e-10,2.22948161445816e-10,2.229503632380752e-10,2.2295256459367952e-10,2.2295476551292784e-10,2.2295696599590736e-10,2.2295916604233784e-10,2.2296136564733154e-10,2.2296356481642495e-10,2.2296576354969713e-10,2.2296796184724081e-10,2.229701597091529e-10,2.2297235713550293e-10,2.2297455412639336e-10,2.229767506819107e-10,2.229789468021447e-10,2.2298114248717838e-10,2.2298333773710338e-10,2.229855325519972e-10,2.2298772693196815e-10,2.2298992087709003e-10,2.2299211438745273e-10,2.2299430746315007e-10,2.2299650010425792e-10,2.2299869231087482e-10,2.2300088408308047e-10,2.2300307542097584e-10,2.2300526632463412e-10,2.2300745679415552e-10,2.2300964682961537e-10,2.2301183643110574e-10,2.2301402559871961e-10,2.2301621433253834e-10,2.2301840263265492e-10,2.2302059049914933e-10,2.2302277793587816e-10,2.230249649391256e-10,2.2302715150897984e-10,2.2302933764552684e-10,2.230315233488546e-10,2.2303370861905047e-10,2.2303589345619586e-10,2.230380778603865e-10,2.2304026183170338e-10,2.2304244537023702e-10,2.2304462847607154e-10,2.2304681114929255e-10,2.2304899338999234e-10,2.2305117519824958e-10,2.230533565741583e-10,2.2305553751780382e-10,2.2305771802927288e-10,2.2305989810864822e-10,2.2306207775601556e-10,2.230642569714734e-10,2.2306643575509648e-10,2.2306861410697575e-10,2.230707920284431e-10,2.230729695183376e-10,2.230751465771489e-10,2.230773232072776e-10,2.2307949940348236e-10,2.2308167516725795e-10,2.230838504998925e-10,2.2308602540147056e-10,2.2308819987208083e-10,2.2309037391180706e-10,2.2309254752073752e-10,2.2309472069895052e-10,2.2309689344653915e-10,2.2309906576358343e-10,2.23101237650166e-10,2.2310340910638603e-10,2.2310558012864825e-10,2.2310775072017487e-10,2.23109920880825e-10,2.2311209061026345e-10,2.2311425990759875e-10,2.231164287690653e-10,2.2311859720730703e-10,2.231207652133088e-10,2.2312293279317857e-10,2.2312509994516726e-10,2.2312726667278163e-10,2.2312943297326437e-10,2.2313159884403808e-10,2.2313376428281554e-10,2.231359292929076e-10,2.2313809387434417e-10,2.2314025802378568e-10,2.2314242174478279e-10,2.231445850407883e-10,2.2314674791086104e-10,2.2314891034971242e-10,2.231510723565578e-10,2.2315323393471577e-10,2.231553950843587e-10,2.2315755580890315e-10,2.231597161050903e-10,2.2316187597301417e-10,2.231640354141254e-10,2.2316619442084068e-10,2.2316835299152196e-10,2.2317051113790384e-10,2.2317266886252778e-10,2.23174826161549e-10,2.2317698303737297e-10,2.2317913948591926e-10,2.231812955072775e-10,2.2318345110152417e-10,2.231856062687456e-10,2.231877610090245e-10,2.231899153230753e-10,2.2319206921035405e-10,2.2319422267103665e-10,2.23196375703216e-10,2.2319852830273357e-10,2.2320068048279063e-10,2.232028322376631e-10,2.2320498356621462e-10,2.2320713446715256e-10,2.2320928494199116e-10,2.232114349908092e-10,2.2321358461370065e-10,2.232157338107403e-10,2.2321788258201422e-10,2.23220030927613e-10,2.2322217884762294e-10,2.2322432634212636e-10,2.2322647341120713e-10,2.2322862005495358e-10,2.232307662734469e-10,2.23232912066778e-10,2.2323505743502225e-10,2.2323720237827737e-10,2.2323934689662332e-10,2.2324149099014136e-10,2.2324363465572508e-10,2.232457778966363e-10,2.2324792071296333e-10,2.2325006310479773e-10,2.2325220507222182e-10,2.2325434662010323e-10,2.2325648774374992e-10,2.2325862844324835e-10,2.2326076871869147e-10,2.232629085701614e-10,2.2326504799773847e-10,2.2326718700152093e-10,2.2326932558158292e-10,2.2327146373801514e-10,2.232736014709064e-10,2.2327573878033938e-10,2.2327787566637517e-10,2.2328001212888356e-10,2.232821481680299e-10,2.232842837844783e-10,2.2328641897691429e-10,2.2328855374716554e-10,2.232906880945735e-10,2.2329282201906072e-10,2.2329495552064062e-10,2.2329708859960487e-10,2.2329922125605368e-10,2.2330135349010104e-10,2.233034853033943e-10,2.2330561668723704e-10,2.2330774764807753e-10,2.2330987818522613e-10,2.2331200829474492e-10,2.233141379885637e-10,2.2331626725931738e-10,2.2331839610793155e-10,2.2332052453689158e-10,2.23322652545176e-10,2.2332478013248813e-10,2.2332690730552438e-10,2.2332903405651093e-10,2.2333116039147097e-10,2.2333328630421285e-10,2.233354117830011e-10,2.233375368408042e-10,2.2333966147774264e-10,2.2334178569383304e-10,2.233439094892041e-10,2.2334603286715662e-10,2.2334815582448076e-10,2.2335027835118142e-10,2.2335240045406937e-10,2.2335452215360433e-10,2.2335664343459516e-10,2.2335876429514394e-10,2.2336088473148092e-10,2.2336300475080012e-10,2.233651243570808e-10,2.2336724354533675e-10,2.2336936229337592e-10,2.233714806340116e-10,2.2337359855568282e-10,2.2337571605245792e-10,2.2337783312982837e-10,2.2337994979331633e-10,2.2338206603673387e-10,2.2338418186105835e-10,2.2338629726631317e-10,2.23388412252575e-10,2.233905268199867e-10,2.233926409679161e-10,2.2339475470079523e-10,2.2339686801870062e-10,2.2339898091637496e-10,2.2340109339312387e-10,2.2340320544839352e-10,2.23405317087059e-10,2.2340742830737072e-10,2.2340953910800935e-10,2.2341164949015494e-10,2.2341375945473782e-10,2.2341586900137134e-10,2.2341797813010594e-10,2.234200868409636e-10,2.2342219513379147e-10,2.2342430300712802e-10,2.2342641046574128e-10,2.2342851750681096e-10,2.2343062412873652e-10,2.2343273033533464e-10,2.2343483612129068e-10,2.234369414930386e-10,2.23439046448228e-10,2.2344115098669082e-10,2.234432551094189e-10,2.2344535881746963e-10,2.234474621054539e-10,2.2344956497677495e-10,2.2345166743320136e-10,2.2345376947275997e-10,2.2345587109619343e-10,2.2345797230370835e-10,2.234600730948089e-10,2.234621734701243e-10,2.23464273428946e-10,2.2346637297231028e-10,2.234684721002639e-10,2.2347057081352984e-10,2.2347266910957485e-10,2.2347476698961935e-10,2.2347686445799893e-10,2.2347896150711494e-10,2.2348105814091173e-10,2.2348315435955924e-10,2.234852501630681e-10,2.2348734555153307e-10,2.2348944052501178e-10,2.2349153508715016e-10,2.2349362923126338e-10,2.2349572296790187e-10,2.2349781628550944e-10,2.2349990918972548e-10,2.2350200167590454e-10,2.23504093747072e-10,2.2350618540386967e-10,2.235082766476603e-10,2.2351036747697718e-10,2.2351245789144311e-10,2.235145478919081e-10,2.235166374791878e-10,2.2351872665323745e-10,2.2352081541380207e-10,2.2352290376119034e-10,2.2352499169297473e-10,2.235270792112875e-10,2.2352916631707996e-10,2.2353125300962388e-10,2.2353333928901303e-10,2.2353542515534212e-10,2.2353751060870687e-10,2.2353959564921218e-10,2.2354168027695997e-10,2.235437644896856e-10,2.2354584828954315e-10,2.235479316765497e-10,2.235500146507035e-10,2.235520972118907e-10,2.2355417936262805e-10,2.2355626110257146e-10,2.2355834242965057e-10,2.2356042334350398e-10,2.2356250384477167e-10,2.2356458393456532e-10,2.2356666361241573e-10,2.2356874287837807e-10,2.2357082173245136e-10,2.2357290017439625e-10,2.2357497820702359e-10,2.2357705582705576e-10,2.235791330356652e-10,2.2358120983302155e-10,2.2358328621860687e-10,2.2358536219356114e-10,2.2358743775747037e-10,2.2358951291026856e-10,2.2359158765557723e-10,2.2359366198662227e-10,2.235957359063662e-10,2.2359780941612854e-10,2.2359988250905947e-10,2.2360195519940208e-10,2.2360402748030554e-10,2.2360609934995349e-10,2.2360817080763757e-10,2.2361024185517716e-10,2.2361231249263711e-10,2.2361438272010069e-10,2.236164525376459e-10,2.236185219457803e-10,2.2362059094355106e-10,2.2362265953223659e-10,2.2362472771076142e-10,2.2362679547902089e-10,2.2362886284571241e-10,2.2363092980582006e-10,2.2363299635282428e-10,2.23635062485787e-10,2.2363712820925657e-10,2.2363919352352706e-10,2.236412584285924e-10,2.2364332292473181e-10,2.2364538701684786e-10,2.236474506953466e-10,2.236495139650941e-10,2.2365157682659376e-10,2.2365363928753363e-10,2.236557013439503e-10,2.2365776298247568e-10,2.236598242107139e-10,2.236618850206038e-10,2.236639454327133e-10,2.2366600543702886e-10,2.2366806501680394e-10,2.236701242059561e-10,2.2367218298848351e-10,2.2367424136262057e-10,2.2367629932702496e-10,2.23678356885955e-10,2.236804140455567e-10,2.2368247078977001e-10,2.2368452712465744e-10,2.2368658305451012e-10,2.2368863857743564e-10,2.2369069369151812e-10,2.2369274840041476e-10,2.236948027054154e-10,2.2369685660383462e-10,2.2369891009250096e-10,2.237009631744315e-10,2.2370301585012984e-10,2.2370506811944025e-10,2.2370711998247175e-10,2.2370917143853584e-10,2.2371122248915746e-10,2.2371327313195127e-10,2.237153233704227e-10,2.2371737320351273e-10,2.237194226335427e-10,2.237214716570182e-10,2.2372352028119384e-10,2.2372556849229834e-10,2.2372761629242696e-10,2.2372966368750776e-10,2.2373171067998664e-10,2.237337572679108e-10,2.2373580344635564e-10,2.2373784922166966e-10,2.2373989459487373e-10,2.2374193956263154e-10,2.2374398413499256e-10,2.2374602829757252e-10,2.2374807204994778e-10,2.2375011539780227e-10,2.2375215834141455e-10,2.2375420088112938e-10,2.2375624301721122e-10,2.2375828474922696e-10,2.2376032608050675e-10,2.2376236699825438e-10,2.23764407515869e-10,2.237664476286185e-10,2.2376848733894502e-10,2.2377052664608234e-10,2.2377256555008847e-10,2.2377460405055908e-10,2.2377664214727285e-10,2.2377867984098106e-10,2.2378071713090128e-10,2.237827540224285e-10,2.2378479050655953e-10,2.2378682658627814e-10,2.2378886226209788e-10,2.2379089753633156e-10,2.2379293240262362e-10,2.2379496688158477e-10,2.2379700094479537e-10,2.2379903460676388e-10,2.238010678642756e-10,2.2380310072235566e-10,2.2380513317829018e-10,2.238071652297009e-10,2.2380919688066914e-10,2.238112281295683e-10,2.2381325897659226e-10,2.2381528942162052e-10,2.2381731946441535e-10,2.2381934910540712e-10,2.2382137834536475e-10,2.2382340718471555e-10,2.2382543561887766e-10,2.2382746365450757e-10,2.2382949128757856e-10,2.2383151851950481e-10,2.2383354535134317e-10,2.2383557178077662e-10,2.23837597809183e-10,2.2383962343623036e-10,2.2384164866232131e-10,2.238436734866899e-10,2.23845697911107e-10,2.238477219348049e-10,2.238497455578521e-10,2.2385176878034267e-10,2.238537916023636e-10,2.238558140239905e-10,2.2385783604529756e-10,2.238598576661179e-10,2.2386187888698267e-10,2.2386389971135284e-10,2.2386592013167895e-10,2.238679401515836e-10,2.2386995977264093e-10,2.2387197899082965e-10,2.2387399781279108e-10,2.238760162350781e-10,2.2387803425783405e-10,2.2388005188112733e-10,2.2388206910503077e-10,2.238840859295534e-10,2.2388610234006398e-10,2.2388811836631983e-10,2.2389013398917575e-10,2.238921492133473e-10,2.238941640422474e-10,2.238961784729272e-10,2.2389819250238322e-10,2.2390020613423425e-10,2.2390221936883936e-10,2.2390423220473652e-10,2.2390624464260662e-10,2.2390825668204483e-10,2.239102683232703e-10,2.2391227956663824e-10,2.2391429041142223e-10,2.239163008581897e-10,2.2391831090634377e-10,2.2392032055698645e-10,2.2392232981628766e-10,2.2392433867338134e-10,2.2392634713305855e-10,2.2392835518767455e-10,2.239303628509518e-10,2.2393237011737143e-10,2.2393437698609459e-10,2.2393638345765586e-10,2.239383895333448e-10,2.2394039521056385e-10,2.239424004908984e-10,2.239444053743149e-10,2.2394640986140066e-10,2.2394841394706865e-10,2.2395041764193242e-10,2.2395242093939298e-10,2.2395442383613214e-10,2.2395642633536517e-10,2.2395842844458375e-10,2.239604301572126e-10,2.239624314713498e-10,2.2396443238931208e-10,2.2396643291289205e-10,2.239684330452606e-10,2.2397043277690796e-10,2.2397243211278286e-10,2.2397443105477415e-10,2.239764295969829e-10,2.2397842774672263e-10,2.239804254987455e-10,2.2398242286163336e-10,2.2398441982331304e-10,2.2398641638938216e-10,2.2398841256145733e-10,2.2399040833965855e-10,2.2399240372254401e-10,2.2399439871039055e-10,2.2399639329727086e-10,2.2399838749037876e-10,2.2400038129062462e-10,2.2400237469918254e-10,2.2400436771165253e-10,2.2400636033048851e-10,2.2400835256651299e-10,2.240103444057681e-10,2.2401233584398382e-10,2.2401432688784158e-10,2.240163175371689e-10,2.2401830779235807e-10,2.2402029765321696e-10,2.2402228712000597e-10,2.2402427619215902e-10,2.2402626487051745e-10,2.2402825315550232e-10,2.2403024104812697e-10,2.2403222854583994e-10,2.2403421565207745e-10,2.2403620236361208e-10,2.2403818867183658e-10,2.240401745941096e-10,2.240421601236821e-10,2.2404414526413763e-10,2.2404613001257797e-10,2.2404811436794397e-10,2.240500983345332e-10,2.2405208190226643e-10,2.2405406507730388e-10,2.2405604786262633e-10,2.240580302553327e-10,2.240600122556042e-10,2.240619938637957e-10,2.2406397507981502e-10,2.2406595590213414e-10,2.2406793634043534e-10,2.2406991638212731e-10,2.2407189602826137e-10,2.2407387528362144e-10,2.2407585414959726e-10,2.2407783262307634e-10,2.2407981070404777e-10,2.2408178839681013e-10,2.240837656939562e-10,2.2408574260185975e-10,2.2408771911810664e-10,2.2408969524357058e-10,2.2409167097967518e-10,2.2409364632323044e-10,2.2409562127588286e-10,2.2409759583953827e-10,2.2409957001079678e-10,2.241015437930015e-10,2.2410351719044954e-10,2.2410549019001723e-10,2.2410746279958365e-10,2.2410943501711703e-10,2.2411140684290574e-10,2.2411337828122994e-10,2.241153493297243e-10,2.2411731999043286e-10,2.2411929026816057e-10,2.241212601464543e-10,2.2412322963563872e-10,2.241251987357289e-10,2.2412716744383286e-10,2.2412913576058082e-10,2.2413110369039289e-10,2.2413307123144392e-10,2.2413503838058826e-10,2.2413700514001473e-10,2.2413897151734214e-10,2.2414093750318873e-10,2.2414290309855523e-10,2.2414486830734842e-10,2.2414683312488891e-10,2.241487975535855e-10,2.2415076159051257e-10,2.2415272524243646e-10,2.2415468850542763e-10,2.2415665138694425e-10,2.241586138737742e-10,2.241605759683815e-10,2.241625376810522e-10,2.241644990004198e-10,2.2416645993392183e-10,2.2416842047920952e-10,2.2417038063692778e-10,2.241723404064793e-10,2.2417429978823715e-10,2.241762587823833e-10,2.241782173786432e-10,2.2418017559518072e-10,2.241821334267556e-10,2.2418409087539034e-10,2.2418604793232848e-10,2.2418800460055436e-10,2.2418996089072182e-10,2.241919167866538e-10,2.2419387229516207e-10,2.2419582741479743e-10,2.241977821500114e-10,2.241997364866672e-10,2.2420169044700397e-10,2.2420364402220716e-10,2.2420559720894105e-10,2.24207550011044e-10,2.2420950242632757e-10,2.2421145445549056e-10,2.2421340609856887e-10,2.2421535735596733e-10,2.2421730823422834e-10,2.2421925871849208e-10,2.2422120881565745e-10,2.2422315852886785e-10,2.2422510785647427e-10,2.242270567982655e-10,2.2422900535477495e-10,2.2423095352758206e-10,2.2423290131405905e-10,2.2423484871401e-10,2.242367957287718e-10,2.2423874235883276e-10,2.2424068860408124e-10,2.2424263446337234e-10,2.242445799377749e-10,2.2424652502576552e-10,2.2424846973029015e-10,2.242504140485632e-10,2.2425235798389144e-10,2.2425430153461804e-10,2.2425624469994957e-10,2.242581874806753e-10,2.2426012987363903e-10,2.242620718867924e-10,2.2426401351483049e-10,2.2426595475170836e-10,2.242678956126875e-10,2.2426983609685173e-10,2.242717761883151e-10,2.242737158975112e-10,2.2427565522377547e-10,2.2427759416506476e-10,2.2427953272200725e-10,2.242814708913834e-10,2.2428340868244422e-10,2.242853460902225e-10,2.242872831144909e-10,2.2428921975349663e-10,2.2429115600354856e-10,2.2429309187834725e-10,2.24295027370712e-10,2.2429696247999658e-10,2.242988972077741e-10,2.243008315517274e-10,2.2430276551775093e-10,2.2430469909588543e-10,2.2430663229208688e-10,2.2430856510585336e-10,2.2431049753698107e-10,2.2431242958350292e-10,2.2431436124996576e-10,2.2431629253456042e-10,2.2431822343220678e-10,2.2432015395274643e-10,2.2432208409167518e-10,2.243240138487903e-10,2.2432594321062687e-10,2.243278722044915e-10,2.243298008157334e-10,2.2433172904625995e-10,2.2433365689520713e-10,2.2433558436162344e-10,2.2433751144812113e-10,2.2433943815328042e-10,2.243413644778168e-10,2.2434329042148132e-10,2.2434521598460274e-10,2.2434714116630454e-10,2.2434906597162982e-10,2.2435099039159635e-10,2.2435291443058636e-10,2.243548380835499e-10,2.2435676135764857e-10,2.2435868425552894e-10,2.2436060677307242e-10,2.2436252891042194e-10,2.243644506677247e-10,2.243663720484976e-10,2.243682930444279e-10,2.2437021366015848e-10,2.24372133901111e-10,2.2437405375689417e-10,2.2437597323403077e-10,2.2437789233136266e-10,2.2437981104982551e-10,2.2438172938709053e-10,2.2438364734603914e-10,2.2438556492683896e-10,2.2438748212687621e-10,2.2438939893795428e-10,2.243913153775988e-10,2.243932314404072e-10,2.2439514712859535e-10,2.2439706243427584e-10,2.243989773553911e-10,2.2440089190294981e-10,2.2440280607201677e-10,2.2440471986175073e-10,2.2440663327234101e-10,2.2440854630522758e-10,2.2441045895947874e-10,2.244123712358101e-10,2.2441428313383852e-10,2.2441619463948532e-10,2.2441810578132337e-10,2.2442001654560375e-10,2.244219269368802e-10,2.244238369447418e-10,2.2442574657474826e-10,2.244276558269843e-10,2.244295647014354e-10,2.2443147319856392e-10,2.2443338131820956e-10,2.2443528906045175e-10
19,3.5152012644223393e-68,1.7871446829612956e-67,5.5088532774121135e-67,1.3276546013825535e-66,2.7487379003317675e-66,5.124816659052735e-66,8.844338261850271e-66,1.438007388811318e-65,2.22955744029159e-65,3.3251616651471063e-65,4.8012695974497685e-65,6.745359458789712e-65,9.256603769873798e-65,1.2446543783542167e-64,1.6439772109513515e-64,2.1374622544884967e-64,2.7403865982211377e-64,3.469541126095404e-64,4.3433009902168054e-64,5.38169637827959e-64,6.606483493940755e-64,8.041215682580486e-64,9.711314647504653e-64,1.1644141712923713e-63,1.3869069099777287e-63,1.6417551188644228e-63,1.9323195750677383e-63,2.2621835132880626e-63,2.635159738827588e-63,3.055297734477659e-63,3.526890760904118e-63,4.054482950340962e-63,4.6428763935326423e-63,5.297138219956281e-63,6.022607671415215e-63,6.824903169131211e-63,7.709929374484738e-63,8.68388424355815e-63,9.753266075637756e-63,1.0924880555823601e-62,1.2205847791886332e-62,1.3603609345499529e-62,1.5125935257961058e-62,1.6780931070508317e-62,1.8577044839315712e-62,2.0523074145255727e-62,2.262817309848998e-62,2.490185933795155e-62,2.735402102576901e-62,2.9994923836674246e-62,3.2835217942436227e-62,3.588594499134608e-62,3.915854508278617e-62,4.266486373690331e-62,4.641715885940725e-62,5.042810770151043e-62,5.471081381502551e-62,5.92788140026303e-62,6.414608526331358e-62,6.932705173301016e-62,7.4836591620434025e-62,8.069004413811627e-62,8.690321642865529e-62,9.349239048618521e-62,1.0047433007306791e-61,1.0786628763181283e-61,1.1568601119223204e-61,1.2395175127383093e-61,1.3268226778344278e-61,1.4189683690810944e-61,1.5161525800321055e-61,1.6185786047584844e-61,1.7264551066348984e-61,1.8399961870787102e-61,1.959421454241614e-61,2.084956091654032e-61,2.216830926822172e-61,2.355282499777881e-61,2.5005531315812306e-61,2.6528909927759676e-61,2.812550171797809e-61,2.9797907433355696e-61,3.154878836645306e-61,3.338086703817339e-61,3.5296927879962274e-61,3.729981791553902e-61,3.939244744215715e-61,4.157779071139575e-61,4.385888660948319e-61,4.623883933715096e-61,4.872081908902017e-61,5.130806273251984e-61,5.400387448633764e-61,5.681162659840367e-61,5.973476002340705e-61,6.277678509984624e-61,6.594128222661267e-61,6.923190253910919e-61,7.265236858490252e-61,7.620647499890988e-61,7.989808917812148e-61,8.373115195585873e-61,8.770967827556635e-61,9.183775786414298e-61,9.611955590480611e-61,1.0055931370949484e-60,1.0516134939080909e-60,1.0993005853348631e-60,1.1486991486541537e-60,1.1998547092819082e-60,1.2528135874720047e-60,1.3076229050125697e-60,1.3643305919176456e-60,1.4229853931142745e-60,1.4836368751249663e-60,1.5463354327455488e-60,1.611132295718468e-60,1.678079535401435e-60,1.747230071431551e-60,1.818637678384739e-60,1.892356992430713e-60,1.9684435179832813e-60,2.0469536343460953e-60,2.1279446023538365e-60,2.2114745710088034e-60,2.2976025841129598e-60,2.3863885868953694e-60,2.4778934326351458e-60,2.572178889279771e-60,2.6693076460588824e-60,2.7693433200935116e-60,2.872350463000758e-60,2.9783945674939446e-60,3.087542073978202e-60,3.199860377141497e-60,3.315417832541211e-60,3.4342837631860746e-60,3.5565284661135543e-60,3.6822232189629217e-60,3.8114402865435385e-60,3.944252927398765e-60,4.0807354003653163e-60,4.220962971128092e-60,4.365011918770519e-60,4.5129595423203596e-60,4.664884167291028e-60,4.820865152218397e-60,4.980982895193114e-60,5.145318840388412e-60,5.313955484583421e-60,5.486976383682008e-60,5.664466159227115e-60,5.846510504910616e-60,6.0331961930787e-60,6.224611081232756e-60,6.420844118525808e-60,6.621985352254466e-60,6.828125934346403e-60,7.039358127843383e-60,7.25577531337981e-60,7.477471995656824e-60,7.70454380991196e-60,7.937087528384272e-60,8.175201066775159e-60,8.418983490704598e-60,8.668535022163033e-60,8.923957045958668e-60,9.185352116160597e-60,9.452823962537248e-60,9.726477496990464e-60,1.0006418819985247e-59,1.029275522697494e-59,1.058559521482209e-59,1.088504848821485e-59,1.1191225966078934e-59,1.150423978798529e-59,1.1824203320553169e-59,1.2151231163848884e-59,1.2485439157780265e-59,1.2826944388486538e-59,1.3175865194723887e-59,1.3532321174246629e-59,1.3896433190184e-59,1.4268323377412548e-59,1.4648115148924034e-59,1.5035933202189204e-59,1.5431903525516932e-59,1.5836153404409085e-59,1.6248811427911027e-59,1.6670007494957735e-59,1.709987282071553e-59,1.7538539942919497e-59,1.7986142728206466e-59,1.8442816378443723e-59,1.8908697437053297e-59,1.9383923795331909e-59,1.9868634698766627e-59,2.036297075334607e-59,2.0867073931867364e-59,2.1381087580238637e-59,2.1905156423777607e-59,2.2439426573505e-59,2.298404553243442e-59,2.353916220185752e-59,2.4104926887624997e-59,2.4681491306423106e-59,2.5269008592046084e-59,2.586763330166389e-59,2.6477521422086064e-59,2.70988303760211e-59,2.773171902833125e-59,2.837634769228351e-59,2.903287813579594e-59,2.970147358767982e-59,3.038229874387748e-59,3.1075519773695944e-59,3.178130432603593e-59,3.2499821535617106e-59,3.3231242029198878e-59,3.3975737931796326e-59,3.473348287289278e-59,3.5504651992647536e-59,3.628942194809937e-59,3.708797091936605e-59,3.790047861583923e-59,3.8727126282375244e-59,3.9568096705481762e-59,4.042357421950001e-59,4.12937447127828e-59,4.217879563386827e-59,4.307891599764957e-59,4.399429639153975e-59,4.492512898163333e-59,4.587160751886281e-59,4.68339273451513e-59,4.781228539956076e-59,4.8806880224436365e-59,4.9817911971546e-59,5.084558240821626e-59,5.189009492346383e-59,5.295165453412258e-59,5.403046789096657e-59,5.512674328482894e-59,5.624069065271648e-59,5.737252158391999e-59,5.852244932612036e-59,5.969068879149077e-59,6.087745656279414e-59,6.208297089947708e-59,6.330745174375899e-59,6.455112072671728e-59,6.581420117436891e-59,6.709691811374634e-59,6.83994982789707e-59,6.972217011732037e-59,7.106516379529493e-59,7.242871120467561e-59,7.381304596858106e-59,7.521840344751919e-59,7.664502074543482e-59,7.809313671575333e-59,7.956299196741942e-59,8.105482887093291e-59,8.256889156437947e-59,8.410542595945754e-59,8.566467974750094e-59,8.724690240549764e-59,8.885234520210404e-59,9.048126120365533e-59,9.213390528017165e-59,9.381053411136015e-59,9.551140619261284e-59,9.723678184100049e-59,9.898692320126213e-59,1.0076209425179075e-58,1.025625608106147e-58,1.0438859054137484e-58,1.0624045295929798e-58,1.0811841943716584e-58,1.1002276321128004e-58,1.1195375938742317e-58,1.139116849468151e-58,1.1589681875206617e-58,1.17909441553126e-58,1.1994983599322673e-58,1.22018286614825e-58,1.2411507986553752e-58,1.2624050410407345e-58,1.283948496061621e-58,1.3057840857047795e-58,1.3279147512456015e-58,1.350343453307282e-58,1.3730731719199446e-58,1.3961069065797146e-58,1.4194476763077588e-58,1.443098519709283e-58,1.467062495032487e-58,1.4913426802274815e-58,1.5159421730051635e-58,1.5408640908960492e-58,1.5661115713090711e-58,1.5916877715903303e-58,1.617595869081811e-58,1.643839061180053e-58,1.6704205653947867e-58,1.6973436194075206e-58,1.724611481130099e-58,1.752227428763213e-58,1.7801947608548694e-58,1.808516796358825e-58,1.8371968746929773e-58,1.8662383557977128e-58,1.8956446201942287e-58,1.9254190690427888e-58,1.955565124200965e-58,1.986086228281824e-58,2.0169858447120804e-58,2.048267457790208e-58,2.0799345727445077e-58,2.1119907157911416e-58,2.1444394341921238e-58,2.1772842963132697e-58,2.2105288916821094e-58,2.2441768310457605e-58,2.278231746428757e-58,2.3126972911908444e-58,2.3475771400847294e-58,2.382874989313791e-58,2.418594556589766e-58,2.454739581190365e-58,2.4913138240168748e-58,2.5283210676517134e-58,2.565765116415943e-58,2.6036497964267455e-58,2.6419789556548586e-58,2.680756463981964e-58,2.7199862132580652e-58,2.7596721173587803e-58,2.7998181122426316e-58,2.8404281560082856e-58,2.8815062289517472e-58,2.9230563336235206e-58,2.9650824948857334e-58,3.0075887599692157e-58,3.0505791985305378e-58,3.0940579027090217e-58,3.1380289871836952e-58,3.182496589230224e-58,3.2274648687777926e-58,3.2729380084659524e-58,3.3189202137014316e-58,3.3654157127148955e-58,3.412428756617684e-58,3.459963619458497e-58,3.508024598280044e-58,3.556616013175667e-58,3.6057422073458946e-58,3.655407547154993e-58,3.7056164221874575e-58,3.756373245304469e-58,3.807682452700314e-58,3.859548503958747e-58,3.911975882109357e-58,3.9649690936838614e-58,4.018532668772344e-58,4.07267116107952e-58,4.127389147980893e-58,4.182691230578914e-58,4.238582033759085e-58,4.295066206246031e-58,4.352148420659529e-58,4.409833373570508e-58,4.468125785556993e-58,4.5270304012600305e-58,4.586551989439562e-58,4.6466953430302585e-58,4.7074652791973335e-58,4.76886663939229e-58,4.830904289408661e-58,4.893583119437681e-58,4.95690804412394e-58,5.020884002620986e-58,5.085515958646931e-58,5.150808900539926e-58,5.2167678413136956e-58,5.283397818712982e-58,5.3507038952689695e-58,5.418691158354659e-58,5.4873647202402156e-58,5.556729718148267e-58,5.6267913143091774e-58,5.6975546960162685e-58,5.769025075681015e-58,5.841207690888197e-58,5.914107804451019e-58,5.987730704466156e-58,6.0620817043688426e-58,6.1371661429878424e-58,6.212989384600396e-58,6.289556818987237e-58,6.366873861487337e-58,6.444945953052863e-58,6.523778560303944e-58,6.603377175583473e-58,6.683747317011821e-58,6.76489452854155e-58,6.846824380012069e-58,6.929542467204261e-58,7.013054411895051e-58,7.097365861912027e-58,7.18248249118785e-58,7.26840999981478e-58,7.355154114099124e-58,7.442720586615624e-58,7.531115196261817e-58,7.620343748312333e-58,7.710412074473244e-58,7.801326032936272e-58,7.893091508432998e-58,7.985714412289069e-58,8.0792006824783e-58,8.173556283676801e-58,8.268787207317037e-58,8.364899471641845e-58,8.461899121758438e-58,8.559792229692347e-58,8.658584894441341e-58,8.758283242029307e-58,8.858893425560075e-58,8.960421625271272e-58,9.062874048588034e-58,9.166256930176764e-58,9.270576531998815e-58,9.375839143364154e-58,9.482051080984995e-58,9.589218689029368e-58,9.697348339174641e-58,9.806446430661095e-58,9.916519390345333e-58,1.002757367275375e-57,1.0139615760135928e-57,1.0252652162517993e-57,1.0366689417755937e-57,1.0481734091588927e-57,1.059779277769254e-57,1.071487209773199e-57,1.08329787014153e-57,1.0952119266546453e-57,1.1072300499078499e-57,1.1193529133166613e-57,1.1315811931221145e-57,1.1439155683960617e-57,1.1563567210464666e-57,1.168905335822698e-57,1.1815621003208236e-57,1.194327704988883e-57,1.2072028431321832e-57,1.2201882109185663e-57,1.2332845073836904e-57,1.2464924344362919e-57,1.259812696863468e-57,1.273246002335924e-57,1.2867930614132407e-57,1.3004545875491298e-57,1.314231297096687e-57,1.3281239093136417e-57,1.3421331463675993e-57,1.3562597333412844e-57,1.3705043982377834e-57,1.384867871985772e-57,1.3993508884447512e-57,1.4139541844102768e-57,1.4286784996191697e-57,1.4435245767547565e-57,1.458493161452069e-57,1.473585002303069e-57,1.4888008508618515e-57,1.5041414616498533e-57,1.5196075921610518e-57,1.5352000028671694e-57,1.5509194572228633e-57,1.5667667216709212e-57,1.5827425656474478e-57,1.598847761587049e-57,1.6150830849280137e-57,1.63144931411749e-57,1.6479472306166615e-57,1.6645776189059147e-57,1.6813412664900086e-57,1.698238963903235e-57,1.7152715047145813e-57,1.7324396855328816e-57,1.7497443060119803e-57,1.7671861688558668e-57,1.7847660798238308e-57,1.802484847735601e-57,1.8203432844764833e-57,1.838342205002498e-57,1.856482427345508e-57,1.87476477261835e-57,1.893190065019961e-57,1.9117591318404826e-57,1.9304728034664047e-57,1.9493319133856602e-57,1.968337298192742e-57,1.9874897975938106e-57,2.0067902544117924e-57,2.026239514591485e-57,2.0458384272046508e-57,2.06558784445511e-57,2.085488621683834e-57,2.1055416173740173e-57,2.125747693156181e-57,2.1461077138132375e-57,2.1666225472855657e-57,2.1872930646760864e-57,2.2081201402553367e-57,2.2291046514665235e-57,2.2502474789305933e-57,2.271549506451284e-57,2.2930116210201842e-57,2.314634712821782e-57,2.336419675238513e-57,2.3583674048558046e-57,2.380478801467118e-57,2.4027547680789823e-57,2.425196210916029e-57,2.447804039426027e-57,2.4705791662848997e-57,2.4935225074017627e-57,2.516634981923923e-57,2.5399175122419172e-57,2.563371023994516e-57,2.586996446073724e-57,2.610794710629805e-57,2.6347667530762645e-57,2.6589135120948676e-57,2.683235929640619e-57,2.707734950946767e-57,2.7324115245297896e-57,2.757266602194374e-57,2.7823011390384054e-57,2.807516093457944e-57,2.8329124271521994e-57,2.858491105128505e-57,2.884253095707281e-57,2.910199370527005e-57,2.9363309045491755e-57,2.962648676063258e-57,2.989153666691657e-57,3.015846861394653e-57,3.04272924847536e-57,3.0698018195846635e-57,3.0970655697261677e-57,3.124521497261128e-57,3.1521706039133904e-57,3.180013894774322e-57,3.2080523783077324e-57,3.2362870663548024e-57,3.264718974139012e-57,3.293349120271045e-57,3.3221785267537113e-57,3.3512082189868597e-57,3.380439225772276e-57,3.409872579318597e-57,3.4395093152462056e-57,3.46935047259213e-57,3.4993970938149376e-57,3.5296502247996257e-57,3.5601109148625064e-57,3.590780216756098e-57,3.621659186673995e-57,3.6527488842557555e-57,3.684050372591769e-57,3.715564718228128e-57,3.747292991171496e-57,3.779236264893971e-57,3.811395616337947e-57,3.843772125920971e-57,3.876366877540596e-57,3.909180958579228e-57,3.942215459908985e-57,3.9754714758965286e-57,4.00895010440791e-57,4.0426524468134066e-57,4.076579607992357e-57,4.110732696337988e-57,4.1451128237622473e-57,4.179721105700623e-57,4.2145586611169667e-57,4.24962661250831e-57,4.2849260859096793e-57,4.320458210898908e-57,4.356224120601437e-57,4.392224951695133e-57,4.428461844415067e-57,4.464935942558337e-57,4.5016483934888495e-57,4.5386003481421087e-57,4.575792961030009e-57,4.613227390245616e-57,4.6509047974679554e-57,4.6888263479667746e-57,4.7269932106073373e-57,4.765406557855182e-57,4.8040675657808955e-57,4.8429774140648714e-57,4.882137286002082e-57,4.921548368506824e-57,4.961211852117486e-57,5.0011289310012927e-57,5.041300802959054e-57,5.0817286694299117e-57,5.122413735496083e-57,5.163357209887594e-57,5.204560304987022e-57,5.246024236834224e-57,5.287750225131064e-57,5.329739493246145e-57,5.371993268219522e-57,5.414512780767432e-57,5.457299265287e-57,5.500353959860962e-57,5.543678106262363e-57,5.587272949959274e-57,5.631139740119488e-57,5.675279729615229e-57,5.719694175027836e-57,5.764384336652461e-57,5.809351478502767e-57,5.854596868315606e-57,5.900121777555708e-57,5.945927481420354e-57,5.992015258844066e-57,6.038386392503269e-57,6.085042168820971e-57,6.131983877971426e-57,6.179212813884792e-57,6.226730274251812e-57,6.274537560528451e-57,6.322635977940568e-57,6.371026835488552e-57,6.419711445951978e-57,6.468691125894263e-57,6.517967195667288e-57,6.567540979416053e-57,6.617413805083304e-57,6.667587004414172e-57,6.718061912960796e-57,6.768839870086956e-57,6.819922218972687e-57,6.871310306618913e-57,6.92300548385205e-57,6.975009105328629e-57,7.0273225295399e-57,7.079947118816446e-57,7.13288423933278e-57,7.186135261111952e-57,7.239701558030141e-57,7.29358450782126e-57,7.347785492081537e-57,7.402305896274105e-57,7.457147109733598e-57,7.512310525670711e-57,7.567797541176808e-57,7.623609557228473e-57,7.679747978692094e-57,7.736214214328437e-57,7.793009676797198e-57,7.85013578266158e-57,7.907593952392847e-57,7.965385610374887e-57,8.023512184908752e-57,8.081975108217229e-57,8.140775816449366e-57,8.199915749685037e-57,8.259396351939467e-57,8.319219071167781e-57,8.379385359269536e-57,8.439896672093254e-57,8.500754469440949e-57,8.561960215072651e-57,8.623515376710931e-57,8.685421426045433e-57,8.747679838737362e-57,8.81029209442403e-57,8.873259676723343e-57,8.936584073238326e-57,9.000266775561603e-57,9.064309279279928e-57,9.12871308397866e-57,9.193479693246268e-57,9.258610614678823e-57,9.324107359884481e-57,9.389971444487993e-57,9.456204388135134e-57,9.522807714497238e-57,9.589782951275657e-57,9.657131630206221e-57,9.724855287063711e-57,9.792955461666361e-57,9.861433697880275e-57,9.930291543623904e-57,9.999530550872519e-57,1.0069152275662654e-56,1.0139158278096559e-56,1.020955012234665e-56,1.0280329376659949e-56,1.0351497613362552e-56,1.042305640886403e-56,1.0495007343661893e-56,1.0567352002346018e-56,1.064009197360308e-56,1.0713228850220982e-56,1.0786764229093254e-56,1.0860699711223523e-56,1.093503690172989e-56,1.1009777409849378e-56,1.1084922848942309e-56,1.116047483649674e-56,1.1236434994132868e-56,1.1312804947607421e-56,1.1389586326818062e-56,1.1466780765807808e-56,1.1544389902769382e-56,1.1622415380049646e-56,1.1700858844153967e-56,1.1779721945750606e-56,1.1859006339675108e-56,1.193871368493467e-56,1.2018845644712527e-56,1.2099403886372326e-56,1.2180390081462484e-56,1.2261805905720573e-56,1.2343653039077665e-56,1.2425933165662717e-56,1.250864797380691e-56,1.2591799156048013e-56,1.2675388409134728e-56,1.2759417434031059e-56,1.2843887935920633e-56,1.2928801624211051e-56,1.301416021253826e-56,1.3099965418770844e-56,1.3186218965014379e-56,1.327292257761577e-56,1.3360077987167578e-56,1.3447686928512334e-56,1.353575114074687e-56,1.3624272367226654e-56,1.3713252355570075e-56,1.3802692857662793e-56,1.3892595629662003e-56,1.39829624320008e-56,1.4073795029392451e-56,1.4165095190834676e-56,1.4256864689614012e-56,1.4349105303310042e-56,1.4441818813799727e-56,1.4535007007261692e-56,1.4628671674180494e-56,1.4722814609350936e-56,1.4817437611882321e-56,1.4912542485202743e-56,1.5008131037063372e-56,1.510420507954271e-56,1.5200766429050886e-56,1.5297816906333855e-56,1.539535833647777e-56,1.5493392548913158e-56,1.5591921377419215e-56,1.5690946660128038e-56,1.5790470239528913e-56,1.5890493962472517e-56,1.599101968017521e-56,1.6092049248223264e-56,1.6193584526577075e-56,1.6295627379575444e-56,1.6398179675939788e-56,1.650124328877838e-56,1.6604820095590567e-56,1.670891197827101e-56,1.6813520823113903e-56,1.691864852081719e-56,1.7024296966486782e-56,1.7130468059640784e-56,1.7237163704213692e-56,1.73443858085606e-56,1.7452136285461433e-56,1.7560417052125108e-56,1.7669230030193765e-56,1.7778577145746968e-56,1.7888460329305877e-56,1.799888151583745e-56,1.810984264475865e-56,1.8221345659940577e-56,1.833339250971273e-56,1.8445985146867115e-56,1.8559125528662471e-56,1.8672815616828408e-56,1.878705737756961e-56,1.8901852781569992e-56,1.9017203803996857e-56,1.9133112424505068e-56,1.92495806272412e-56,1.9366610400847754e-56,1.9484203738467146e-56,1.9602362637746084e-56,1.972108910083959e-56,1.9840385134415097e-56,1.9960252749656732e-56,2.0080693962269363e-56,2.0201710792482741e-56,2.0323305265055637e-56,2.044547940928005e-56,2.0568235258985213e-56,2.0691574852541806e-56,2.0815500232866025e-56,2.0940013447423774e-56,2.106511654823471e-56,2.1190811591876353e-56,2.131710063948832e-56,2.1443985756776274e-56,2.1571469014016132e-56,2.169955248605813e-56,2.1828238252330943e-56,2.1957528396845763e-56,2.2087425008200415e-56,2.221793017958343e-56,2.2349046008778152e-56,2.2480774598166813e-56,2.2613118054734607e-56,2.274607849007382e-56,2.2879658020387834e-56,2.301385876649529e-56,2.3148682853834043e-56,2.3284132412465375e-56,2.342020957707795e-56,2.3556916486991928e-56,2.369425528616301e-56,2.383222812318652e-56,2.397083715130143e-56,2.411008452839443e-56,2.424997241700399e-56,2.4390502984324397e-56,2.453167840220977e-56,2.4673500847178165e-56,2.481597250041557e-56,2.495909554777994e-56,2.5102872179805243e-56,2.524730459170552e-56,2.539239498337885e-56,2.553814555941145e-56,2.5684558529081613e-56,2.5831636106363807e-56,2.5979380509932657e-56,2.612779396316695e-56,2.6276878694153668e-56,2.6426636935691973e-56,2.6577070925297286e-56,2.672818290520517e-56,2.6879975122375436e-56,2.7032449828496068e-56,2.718560927998727e-56,2.7339455738005455e-56,2.7493991468447193e-56,2.764921874195325e-56,2.780513983391254e-56,2.796175702446612e-56,2.811907259851115e-56,2.8277088845704887e-56,2.8435808060468675e-56,2.8595232541991897e-56,2.8755364594235913e-56,2.891620652593812e-56,2.907776065061577e-56,2.9240029286570073e-56,2.9403014756890086e-56,2.956671938945663e-56,2.973114551694636e-56,2.9896295476835566e-56,3.006217161140426e-56,3.022877626774001e-56,3.0396111797741964e-56,3.0564180558124744e-56,3.0732984910422353e-56,3.0902527220992187e-56,3.1072809861018914e-56,3.1243835206518393e-56,3.1415605638341647e-56,3.158812354217874e-56,3.17613913085627e-56,3.193541133287347e-56,3.2110186015341805e-56,3.2285717761053148e-56,3.246200897995162e-56,3.263906208684384e-56,3.281687950140289e-56,3.2995463648172175e-56,3.317481695656935e-56,3.33549418608902e-56,3.353584080031257e-56,3.3717516218900154e-56,3.3899970565606506e-56,3.408320629427887e-56,3.426722586366204e-56,3.4452031737402294e-56,3.4637626384051213e-56,3.4824012277069617e-56,3.5011191894831367e-56,3.519916772062729e-56,3.5387942242669037e-56,3.5577517954092924e-56,3.576789735296377e-56,3.5959082942278883e-56,3.6151077229971732e-56,3.6343882728915935e-56,3.6537501956929074e-56,3.6731937436776536e-56,3.6927191696175327e-56,3.712326726779798e-56,3.732016668927635e-56,3.7517892503205457e-56,3.7716447257147357e-56,3.791583350363491e-56,3.811605380017569e-56,3.8317110709255733e-56,3.8519006798343366e-56,3.872174463989314e-56,3.892532681134953e-56,3.9129755895150746e-56,3.933503447873265e-56,3.9541165154532483e-56,3.974815051999271e-56,3.995599317756481e-56,4.016469573471307e-56,4.037426080391843e-56,4.0584691002682256e-56,4.07959889535301e-56,4.100815728401553e-56,4.122119862672397e-56,4.143511561927635e-56,4.164991090433305e-56,4.1865587129597595e-56,4.208214694782038e-56,4.229959301680262e-56,4.251792799939997e-56,4.273715456352635e-56,4.295727538215776e-56,4.317829313333591e-56,4.3400210500172135e-56,4.362303017085112e-56,4.384675483863462e-56,4.40713872018652e-56,4.42969299639701e-56,4.452338583346487e-56,4.475075752395717e-56,4.4979047754150505e-56,4.520825924784794e-56,4.543839473395597e-56,4.566945694648804e-56,4.590144862456854e-56,4.613437251243635e-56,4.636823135944856e-56,4.660302792008439e-56,4.683876495394869e-56,4.707544522577582e-56,4.731307150543333e-56,4.755164656792558e-56,4.779117319339766e-56,4.803165416713892e-56,4.827309227958674e-56,4.851549032633034e-56,4.875885110811426e-56,4.90031774308423e-56,4.924847210558103e-56,4.949473794856371e-56,4.974197778119372e-56,4.999019443004845e-56,5.023939072688291e-56,5.048956950863346e-56,5.074073361742146e-56,5.099288590055693e-56,5.124602921054233e-56,5.150016640507611e-56,5.175530034705652e-56,5.201143390458516e-56,5.226856995097074e-56,5.2526711364732665e-56,5.27858610296048e-56,5.304602183453907e-56,5.3307196673709145e-56,5.356938844651404e-56,5.3832600057581855e-56,5.409683441677339e-56,5.436209443918581e-56,5.462838304515624e-56,5.48957031602655e-56,5.516405771534167e-56,5.543344964646378e-56,3.2704500573159405e-36,1.7631323608657656e-35,5.377013366882236e-35,1.2441024017455906e-34,2.4394745966750178e-34,4.28358909746352e-34,6.952683603575048e-34,1.064101996827465e-33,1.5562984496630114e-33,2.195554612143005e-33,3.008099020502229e-33,4.02299044053483e-33,5.272442631616859e-33,6.792178152389706e-33,8.621815190414102e-33,1.0805292127745957e-32,1.3391335119558008e-32,1.6433974492620558e-32,1.9993116337653298e-32,2.4135176318483606e-32,2.893378347744305e-32,3.447056270120231e-32,4.0836005540759904e-32,4.8130440271704783e-32,5.646511345598061e-32,6.596339684788658e-32,7.676213530256324e-32,8.901315342838681e-32,1.028849411142079e-31,1.1856454080485625e-31,1.3625966254801223e-31,1.562010564559083e-31,1.7864517639196987e-31,2.0387717349397272e-31,2.322142636834349e-31,2.640095197110136e-31,2.996561456877255e-31,3.3959230063148082e-31,3.8430654750693205e-31,4.3434401580119865e-31,4.903133791339726e-31,5.528947650934967e-31,6.2284873280257135e-31,7.010264751484189e-31,7.883814277096486e-31,8.85982495875593e-31,9.950291462953139e-31,1.1168686496006352e-30,1.2530158095048714e-30,1.4051755703412398e-30,1.575268962586638e-30,1.7654629259761966e-30,1.97820464529895e-30,2.216261147490264e-30,2.482765044546071e-30,2.781267469516818e-30,3.1157994481743174e-30,3.4909431840878445e-30,3.911915018496335e-30,4.384662169495149e-30,4.9159757711644745e-30,5.513623239289645e-30,6.186503607373137e-30,6.944830231248664e-30,7.800346186215898e-30,8.766578819251868e-30,9.859141324485617e-30,1.1096090950040912e-29,1.249835560653469e-29,1.409024334261557e-29,1.5900052525129244e-29,1.7960804796194944e-29,2.031112821794496e-29,2.2996324771739212e-29,2.6069664965454105e-29,2.959396326047467e-29,3.3643502078175396e-29,3.8306390236696436e-29,4.3687465078075277e-29,4.991187798683361e-29,5.71295427902328e-29,6.552067881774945e-29,7.530274949272547e-29,8.673918916788522e-29,1.0015043372695118e-28,1.1592793574283873e-28,1.3455206886619337e-28,1.566151315017115e-28,1.8285107941760048e-28,2.141741978059387e-28,2.5172973390703813e-28,2.969606519359715e-28,3.5169629123830926e-28,4.182710284582112e-28,4.996844007181372e-28,5.998190524497338e-28,7.23740117049085e-28,8.781104784404505e-28,1.0717727482822e-27,1.3165739136719869e-27,1.628547636923911e-27,2.0296307136119037e-27,2.5501887068440868e-27,3.232786150756768e-27,4.137902484436785e-27,5.352743771412007e-27,7.0050741443e-27,9.285354814907012e-27,1.2482940113087734e-26,1.7046638664807857e-26,2.3688628726132826e-26,3.3567756245305185e-26,4.862281328075379e-26,7.219909938026718e-26,1.1027062611236746e-25,1.7392365113450593e-25,2.846374271975871e-25,4.860936552363078e-25,8.721124037191725e-25,1.6570062112799227e-24,3.365573085711511e-24,7.387750984859443e-24,1.7745197198124464e-23,4.7294716658054876e-23,1.4204721822553602e-22,4.901662955966327e-22,2.051678257880069e-21,1.4390767985746624e-20,3.3169475262149606e-19,1.511416695928102e-17,6.891946272152422e-16,2.5612985335110902e-14,7.122516914391176e-13,1.403104725666263e-11,1.8968859616993168e-10,1.7479740983998677e-09,1.1161012085245299e-08,5.110154810188597e-08,1.7540833563067e-07,4.731410318434283e-07,1.0482016872227346e-06,1.982279925225372e-06,3.304712525361151e-06,4.985418068110341e-06,6.949038960385427e-06,9.098158673136743e-06,1.1334463787473551e-05,1.3572589918208405e-05,1.5746381780787934e-05,1.780964491368343e-05,1.9733807599664663e-05,2.1504349597991336e-05,2.3117129175789107e-05,2.4575164856807633e-05,2.588606350948326e-05,2.706009092713748e-05,2.8108795353220434e-05,2.9044069965659153e-05,2.9877545761103457e-05,3.0620223336373106e-05,3.12822716221903e-05,3.18729394786922e-05,3.240054081797309e-05,3.287248539994379e-05,3.3295336063784886e-05,3.367487943135726e-05,3.401620159834816e-05,3.432376346030369e-05,3.4601472471621285e-05,3.485274908145187e-05,3.50805870423042e-05,3.528760739337838e-05,3.547610629098838e-05,3.5648097071522344e-05,3.580534703912739e-05,3.594940951176999e-05,3.608165165746568e-05,3.620327862679951e-05,3.631535444832223e-05,3.641882011046188e-05,3.651450920368894e-05,3.660316145567992e-05,3.668543444825465e-05,3.67619137659795e-05,3.68331217981695e-05,3.689952537559298e-05,3.696154240789501e-05,3.701954765818554e-05,3.707387777408539e-05,3.712483567700523e-05,3.717269439724142e-05,3.721770042944695e-05,3.725679654825147e-05,3.7296940735774934e-05,3.733482581686654e-05,3.737061942798365e-05,3.7404474112017695e-05,3.7436528872460114e-05,3.746691055773537e-05,3.7495735089557956e-05,3.7523108553402324e-05,3.7549128166373174e-05,3.757388313878303e-05,3.75974554428023e-05,3.761992048399932e-05,3.764134776629654e-05,3.766180135945407e-05,3.768134044405725e-05,3.770001973830322e-05,3.771788989338309e-05,3.773499784935042e-05,3.77513871556562e-05,3.776709826027797e-05,3.778216877072375e-05,3.7796633690094575e-05,3.781052563075391e-05,3.782387500806912e-05,3.7836710215934635e-05,3.7849057786685596e-05,3.7860942536244094e-05,3.787238769627938e-05,3.788341503482751e-05,3.789404496627492e-05,3.7904296651895074e-05,3.7914188091642396e-05,3.7923736208475655e-05,3.7932956925376756e-05,3.794186523609853e-05,3.795047527024613e-05,3.7958800352716445e-05,3.7966853059037135e-05,3.797464526565855e-05,3.798218819673267e-05,3.798949246714818e-05,3.799656812226059e-05,3.800342467461352e-05,3.801007113796247e-05,3.801651605877305e-05,3.8022767545216976e-05,3.802883329442124e-05,3.8034720617490256e-05,3.804043646282527e-05,3.804598743779249e-05,3.805137982888798e-05,3.8056619620602354e-05,3.806171251279018e-05,3.806666393708641e-05,3.807147907205509e-05,3.8076162857511486e-05,3.808072000764274e-05,3.808515502363259e-05,3.808947220515595e-05,3.809367566128197e-05,3.8097769320681214e-05,3.810175694119431e-05,3.8105642118748e-05,3.810942829585002e-05,3.8113118769442326e-05,3.811671669834143e-05,3.812022511022649e-05,3.8123646908235334e-05,3.8126984877038844e-05,3.8130241688857224e-05,3.813341990879838e-05,3.8136522000099506e-05,3.813955032900134e-05,3.8142507169356115e-05,3.814539470698682e-05,3.8148215043788537e-05,3.815097020164577e-05,3.81536621260754e-05,3.815629268972334e-05,3.8158863695670786e-05,3.816137688052811e-05,3.816383391741201e-05,3.816623641873821e-05,3.816858593888017e-05,3.817088397669195e-05,3.8173131977897566e-05,3.817533133736608e-05,3.817748340126802e-05,3.817958946912719e-05,3.818165079576848e-05,3.818366859317405e-05,3.818564403224801e-05,3.8187578244502044e-05,3.8189472323621285e-05,3.8191327327035466e-05,3.819314427734024e-05,3.8194924163687255e-05,3.819666794309418e-05,3.819837654171995e-05,3.820005085604145e-05,3.820169175403417e-05,3.8203300076222246e-05,3.820487663675211e-05,3.82064222243776e-05,3.820793760343832e-05,3.8209423514713994e-05,3.821088067636683e-05,3.821230978472983e-05,3.821371151512056e-05,3.8215086522598005e-05,3.821643544270583e-05,3.821775889214954e-05,3.821905746949819e-05,3.8220331755807033e-05,3.822158231523514e-05,3.822280969564004e-05,3.822401442916397e-05,3.822519703273351e-05,3.822635800861142e-05,3.8227497844896837e-05,3.822861701599718e-05,3.8229715983098496e-05,3.823079519460022e-05,3.8231855086537195e-05,3.8232896083008734e-05,3.823391859654998e-05,3.823492302854261e-05,3.8235909769515964e-05,3.823687919957212e-05,3.823783168868e-05,3.823876759703165e-05,3.823968727524436e-05,3.8240591064832955e-05,3.8241479298382195e-05,3.824235229985931e-05,3.824321038486817e-05,3.824405386092591e-05,3.824488302770701e-05,3.824569817729339e-05,3.824649959437046e-05,3.824728755647513e-05,3.824806233422446e-05,3.824882419150043e-05,3.824957338565678e-05,3.8250310167730145e-05,3.825103478258734e-05,3.8251747469148605e-05,3.8252448460530944e-05,3.8253137984255825e-05,3.82538162623448e-05,3.825448351153792e-05,3.8255139943427e-05,3.82557857645994e-05,3.8256421176766275e-05,3.825704637693039e-05,3.825766155750566e-05,3.825826690641227e-05,3.8258862607252824e-05,3.8259448839409996e-05,3.8260025778156e-05,3.826059359477394e-05,3.826115245666156e-05,3.826170252741507e-05,3.826224396703267e-05,3.826277693186779e-05,3.826330157481652e-05,3.82638180453672e-05,3.8264326489723256e-05,3.8264827050847314e-05,3.826531986864789e-05,3.826580507993155e-05,3.8266282818548246e-05,3.826675321547354e-05,3.826721639878773e-05,3.826767249397601e-05,3.8268121623784354e-05,3.826856390833623e-05,3.826899946525298e-05,3.8269428409628474e-05,3.826985085417402e-05,3.827026690924796e-05,3.827067668294062e-05,3.8271080281056197e-05,3.827147780725129e-05,3.8271869363054236e-05,3.827225504791677e-05,3.8272634959274824e-05,3.8273009192567684e-05,3.827337784130815e-05,3.8273740997154645e-05,3.8274098749924294e-05,3.827445118762601e-05,3.8274798396540205e-05,3.827514046119477e-05,3.8275477464510564e-05,3.8275809487793266e-05,3.8276136610632174e-05,3.827645891119498e-05,3.82767764660829e-05,3.827708935043e-05,3.82773976379151e-05,3.827770140080236e-05,3.827800070997482e-05,3.827829563496479e-05,3.827858624399083e-05,3.8278872603952917e-05,3.8279154780540067e-05,3.827943283824661e-05,3.827970684015783e-05,3.827997684838995e-05,3.828024292383553e-05,3.828050512626918e-05,3.828076351435831e-05,3.8281018145690444e-05,3.8281269076748115e-05,3.8281516363082977e-05,3.8281760059276627e-05,3.828200021877287e-05,3.828223689411367e-05,3.828253797533737e-05,3.828276831446433e-05,3.828299531424404e-05,3.8283219023712245e-05,3.828343949102892e-05,3.828365676350197e-05,3.828387088760165e-05,3.828408190903022e-05,3.8284289872521075e-05,3.828449482220014e-05,3.82846968013739e-05,3.828489585259816e-05,3.828509201766128e-05,3.828528533769664e-05,3.828547585307142e-05,3.8285663603505124e-05,3.828584862801262e-05,3.828603096496012e-05,3.828621065202675e-05,3.828638772631423e-05,3.828656222430223e-05,3.8286734181798336e-05,3.8286903634083825e-05,3.828707061574781e-05,3.828723516088172e-05,3.828739730302741e-05,3.8287557075133975e-05,3.828771450961462e-05,3.8287869638360775e-05,3.8288022492731185e-05,3.828817310360126e-05,3.8288321501356614e-05,3.828846771575511e-05,3.8288611776204453e-05,3.828875371163296e-05,3.828889355047785e-05,3.828903132075579e-05,3.828916704995174e-05,3.8289300765191675e-05,3.828943249314692e-05,3.828956226005831e-05,3.8289690091778086e-05,3.8289816013726946e-05,3.8289940050941703e-05,3.829006222804075e-05,3.82901825692952e-05,3.8290301098583404e-05,3.829041783942323e-05,3.8290532814950026e-05,3.8290646047952244e-05,3.829075756087172e-05,3.8290867375801244e-05,3.8290975514498534e-05,3.8291081998390076e-05,3.8291186848609444e-05,3.829129008591189e-05,3.8291391730721255e-05,3.829149180323295e-05,3.829159032331916e-05,3.8291687310525195e-05,3.829178278411836e-05,3.829187676307892e-05,3.8291969266069624e-05,3.829206031154733e-05,3.829214991766123e-05,3.829223810225966e-05,3.829232488312827e-05,3.8292410277429637e-05,3.8292494302292943e-05,3.8292576974688166e-05,3.8292658311135536e-05,3.8292738328050145e-05,3.82928170416094e-05,3.829289446765804e-05,3.8292970621802935e-05,3.829304551956158e-05,3.8293119176153024e-05,3.829319160662533e-05,3.829326282574698e-05,3.8293332848084944e-05,3.8293401688045355e-05,3.829346935980847e-05,3.829353587734615e-05,3.8293601254441336e-05,3.829366550468363e-05,3.8293728641470654e-05,3.8293790677962754e-05,3.829385162720355e-05,3.829391150208041e-05,3.8293970315262025e-05,3.829402807924313e-05,3.8294084806344784e-05,3.829414050871996e-05,3.829419519844003e-05,3.82942488872425e-05,3.829430158678884e-05,3.829435330858231e-05,3.8294404063957033e-05,3.829445386412437e-05,3.829450272011675e-05,3.8294550642832725e-05,3.8294597643024516e-05,3.82946437312861e-05,3.829468891808275e-05,3.829473321374678e-05,3.8294776628440265e-05,3.8294819172252176e-05,3.8294860855070886e-05,3.829490168667574e-05,3.829494167669828e-05,3.829498083469405e-05,3.8295019170081794e-05,3.829505669215003e-05,3.829509341000729e-05,3.829512933271329e-05,3.829516446918834e-05,3.829519882825631e-05,3.8295232418601365e-05,3.8295265248810877e-05,3.829529732735988e-05,3.829532866251393e-05,3.829535926267462e-05,3.8295389135912145e-05,3.829541829026158e-05,3.8295446733658866e-05,3.829547447400772e-05,3.829550151896855e-05,3.829552787628012e-05,3.829555355343471e-05,3.8295578557877955e-05,3.82956028969698e-05,3.8295626577976656e-05,3.829564960804063e-05,3.829567199429688e-05,3.829569374372296e-05,3.829571486320179e-05,3.829573535959729e-05,3.8295755239662e-05,3.829577450998703e-05,3.8295793177174845e-05,3.829581124771904e-05,3.829582872803037e-05,3.8295845624447884e-05,3.8295861943219875e-05,3.829587769052804e-05,3.829589287247768e-05,3.8295907495093325e-05,3.829592156433648e-05,3.829593508609008e-05,3.82959480661693e-05,3.8295960510317453e-05,3.829597242421004e-05,3.829598381345255e-05,3.8295994683593614e-05,3.829600504009579e-05,3.829601488836279e-05,3.829602423373913e-05,3.829603308150222e-05,3.829604143686528e-05,3.829604930498982e-05,3.8296056690978294e-05,3.829606359985894e-05,3.8296070036604446e-05,3.82960760061308e-05,3.8296081513296486e-05,3.829608656289826e-05,3.829609115965821e-05,3.8296095308350785e-05,3.8296099013502584e-05,3.8296102279742544e-05,3.8296105111672805e-05,3.829610751367593e-05,3.8296109490193456e-05,3.829611104560905e-05,3.829611218419526e-05,3.829611291032435e-05,3.829611322811873e-05,3.82961131418509e-05,3.829611265561317e-05,3.829611177347833e-05,3.8296110499481256e-05,3.829610883762022e-05,3.8296106791818526e-05,3.829610436598717e-05,3.829610156398163e-05,3.829609838961322e-05,3.829609484665173e-05,3.82960909388331e-05,3.829608666982316e-05,3.829608204326956e-05,3.829607706277964e-05,3.829607173190713e-05,3.829606605419545e-05,3.8296060033163384e-05,3.82960536721474e-05,3.829604697465447e-05,3.8296039944000677e-05,3.829603258352459e-05,3.82960248965568e-05,3.829601688632147e-05,3.8296008556030485e-05,3.829599990889149e-05,3.8295990948071774e-05,3.8295981676585e-05,3.829597209762764e-05,3.829596221424644e-05,3.829595202944793e-05,3.829594154624315e-05,3.8295930767546585e-05,3.8295919696253004e-05,3.8295908335283256e-05,3.82958966875402e-05,3.82958847558096e-05,3.829587254289039e-05,3.829586005154912e-05,3.829584728452294e-05,3.829583424451826e-05,3.829582093421852e-05,3.829580735627488e-05,3.8295793513304556e-05,3.829577940790643e-05,3.8295765042647524e-05,3.829575042007373e-05,3.829573554269278e-05,3.829572041299158e-05,3.8295705033430995e-05,3.8295689406446005e-05,3.829567353444592e-05,3.829565741981481e-05,3.829564106491192e-05,3.829562447207176e-05,3.82956076436045e-05,3.8295590581775383e-05,3.829557328888746e-05,3.829555576715818e-05,3.8295538018807774e-05,3.829552004601939e-05,3.829550185097168e-05,3.829548343581044e-05,3.829546480266127e-05,3.8295445953625765e-05,3.8295426890789054e-05,3.8295407616211155e-05,3.829538813193175e-05,3.829536843996971e-05,3.829534854232181e-05,3.829532844096746e-05,3.829530813786442e-05,3.829528763495052e-05,3.829526693414404e-05,3.829524603734512e-05,3.829522494643195e-05,3.8295203663265084e-05,3.829518218968635e-05,3.8295160527518976e-05,3.829513867856796e-05,3.829511664461929e-05,3.8295094427443436e-05,3.82950720287912e-05,3.829504945039888e-05,3.8295026693979416e-05,3.829500376122915e-05,3.829498065386642e-05,3.829495737344188e-05,3.829493392168537e-05,3.8294910300230095e-05,3.8294886510702984e-05,3.829486255469494e-05,3.829483843378978e-05,3.8294814149557995e-05,3.829478970354957e-05,3.829476509730674e-05,3.829474033241021e-05,3.829471541031216e-05,3.8294690332497177e-05,3.8294665100452485e-05,3.8294639715642495e-05,3.829461417951774e-05,3.8294588493522505e-05,3.829456265907119e-05,3.829453667757221e-05,3.829451055041068e-05,3.829448427898717e-05,3.82944578646599e-05,3.8294431308772554e-05,3.829440461266595e-05,3.829437777764737e-05,3.829435080509789e-05,3.8294323696323844e-05,3.829429645254727e-05,3.8294269075100034e-05,3.829424156525146e-05,3.829421392420739e-05,3.829418615323565e-05,3.829415825356583e-05,3.8294130226416554e-05,3.829410207299314e-05,3.8294073794497046e-05,3.829404539211932e-05,3.829401686701536e-05,3.8293988220357874e-05,3.8293959453286616e-05,3.8293930566948694e-05,3.829390156247456e-05,3.829387244098046e-05,3.829384320357601e-05,3.829381385135888e-05,3.8293784385416625e-05,3.829375480682643e-05,3.8293725116657705e-05,3.8293695315917426e-05,3.82936654058191e-05,3.829363538721087e-05,3.82936052612021e-05,3.829357502878891e-05,3.829354469099415e-05,3.829351424881711e-05,3.8293483703244844e-05,3.829345305526253e-05,3.829342230583991e-05,3.829339145593999e-05,3.829336050651701e-05,3.8293329458516337e-05,3.8293298312874736e-05,3.8293267070520234e-05,3.829323573237238e-05,3.829320429934226e-05,3.829317277233265e-05,3.829314115224176e-05,3.829310943995138e-05,3.829307763634017e-05,3.829304574227837e-05,3.829301375862894e-05,3.8292981686247685e-05,3.829294952597212e-05,3.829291727864979e-05,3.829288494511308e-05,3.829285252618467e-05,3.829282002268086e-05,3.82927874354122e-05,3.829275476517863e-05,3.829272201277475e-05,3.829268917898784e-05,3.8292656264598266e-05,3.829262327037922e-05,3.829259019709708e-05,3.829255704550913e-05,3.829252381637234e-05,3.829249051043041e-05,3.8292457128422645e-05,3.829242367108496e-05,3.829239013913687e-05,3.82923565333013e-05,3.829232285429148e-05,3.829228910281425e-05,3.829225527957026e-05,3.829222138525222e-05,3.829218742054992e-05,3.829215338614702e-05,3.8292119282717335e-05,3.8292085110930245e-05,3.829205087145297e-05,3.829201656494247e-05,3.829198219204921e-05,3.829194775342165e-05,3.829191324971859e-05,3.829187868154343e-05,3.829184404954086e-05,3.829180935433735e-05,3.82917745965809e-05,3.8291739776822364e-05,3.829170489575049e-05,3.8291669953869396e-05,3.829163495185573e-05,3.8291599890238575e-05,3.8291564769638286e-05,3.829152959062251e-05,3.829149435379708e-05,3.8291459059719494e-05,3.82914237089568e-05,3.8291388302061827e-05,3.829135283960879e-05,3.829131732214235e-05,3.829128175020872e-05,3.829124612435248e-05,3.829121044510942e-05,3.8291174713018876e-05,3.829113892861066e-05,3.829110309240004e-05,3.829106720491235e-05,3.829103126665841e-05,3.829099527815991e-05,3.829095923989039e-05,3.8290923152413956e-05,3.829088701619328e-05,3.829085083172059e-05,3.8290814599479404e-05,3.8290778319955484e-05,3.8290741993637974e-05,3.829070562100239e-05,3.8290669202521354e-05,3.829063273866387e-05,3.829059622989514e-05,3.8290559676676336e-05,3.829052307946424e-05,3.829048643871226e-05,3.8290449754868935e-05,3.829041302838134e-05,3.829037625970853e-05,3.829033944925302e-05,3.829030259746592e-05,3.829026570477974e-05,3.829022877161986e-05,3.829019179842838e-05,3.829015478558044e-05,3.8290117733530384e-05,3.8290080642679865e-05,3.8290043513436514e-05,3.829000634620808e-05,3.828996914139228e-05,3.828993189935924e-05,3.828989462055376e-05,3.8289857305378434e-05,3.828981995420134e-05,3.828978256739946e-05,3.8289745145359815e-05,3.828970768846267e-05,3.828967019708431e-05,3.828963267159798e-05,3.8289595112373753e-05,3.82895575197831e-05,3.828951989418562e-05,3.828948223594224e-05,3.8289444545406534e-05,3.828940682293928e-05,3.8289369068927525e-05,3.828933128364483e-05,3.828929346747686e-05,3.828925562076687e-05,3.82892177438553e-05,3.8289179837079865e-05,3.828914190077545e-05,3.828910393527428e-05,3.828906594090699e-05,3.828902791799608e-05,3.8288989866872894e-05,3.828895178785444e-05,3.8288913681212906e-05,3.828887554731079e-05,3.8288837386460517e-05,3.828879919901954e-05,3.828876098525032e-05,3.828872274545946e-05,3.828868447995041e-05,3.8288646189022975e-05,3.828860787297598e-05,3.8288569532105426e-05,3.8288531166704455e-05,3.828849277706476e-05,3.8288454363448257e-05,3.82884159261525e-05,3.828837746552027e-05,3.828833898178985e-05,3.828830047525086e-05,3.828826194616899e-05,3.828822339483272e-05,3.828818482150489e-05,3.8288146226453855e-05,3.828810760992442e-05,3.828806897220547e-05,3.8288030313572294e-05,3.8287991634232e-05,3.8287952934530365e-05,3.828791421464134e-05,3.828787547489077e-05,3.828783671550112e-05,3.828779793672293e-05,3.828775913880594e-05,3.828772032200496e-05,3.828768148655737e-05,3.828764263270879e-05,3.828760376069712e-05,3.82875648707706e-05,3.828752596315861e-05,3.8287487038100694e-05,3.828744809582694e-05,3.828740913656966e-05,3.8287370160560143e-05,3.8287331168026434e-05,3.828729215919388e-05,3.828725313428856e-05,3.828721409353212e-05,3.8287175037147124e-05,3.828713596534814e-05,3.828709687835801e-05,3.828705777638951e-05,3.8287018659656415e-05,3.828697952837085e-05,3.828694038274318e-05,3.828690122298227e-05,3.828686204929487e-05,3.828682286188648e-05,3.8286783660961324e-05,3.828674444672061e-05,3.8286705219365115e-05,3.828666597909405e-05,3.828662672610446e-05,3.828658746059218e-05,3.828654818275151e-05,3.828650889277498e-05,3.828646959085365e-05,3.828643027717722e-05,3.82863909519345e-05,3.828635161530948e-05,3.8286312267492774e-05,3.828627290865434e-05,3.82862335389921e-05,3.8286194158681475e-05,3.828615476790016e-05,3.828611536684257e-05,3.828607595565655e-05,3.828603653452562e-05,3.828599710363218e-05,3.828595766313686e-05,3.8285918213219695e-05,3.828587875404947e-05,3.828583928579133e-05,3.8285799808615086e-05,3.828576032268328e-05,3.828572082816162e-05,3.8285681325213014e-05,3.8285641813999025e-05,3.828560229468002e-05,3.82855627674149e-05,3.828552323236238e-05,3.8285483689676734e-05,3.828544413951637e-05,3.8285404582033474e-05,3.828536501738123e-05,3.828532544571201e-05,3.828528586716792e-05,3.8285246281912124e-05,3.8285206690086375e-05,3.828516709183763e-05,3.828512748731161e-05,3.828508787665269e-05,3.828504826000485e-05,3.828500863751009e-05,3.828496900930967e-05,3.8284929375543444e-05,3.828488973635064e-05,3.8284850091869105e-05,3.828481044223566e-05,3.8284770787586035e-05,3.828473112805486e-05,3.828469146377574e-05,3.828465179488117e-05,3.828461212150271e-05,3.8284572443770745e-05,3.82845327618147e-05,3.828449307576843e-05,3.8284453385748474e-05,3.82844136918958e-05,3.828437399432576e-05,3.828433429316628e-05,3.828429458852697e-05,3.828425488054144e-05,3.8284215169342164e-05,3.828417545502721e-05,3.828413573772821e-05,3.828409601756236e-05,3.8284056294655896e-05,3.8284016569117214e-05,3.8283976841059944e-05,3.828393711059761e-05,3.828389737785001e-05,3.828385764292885e-05,3.828381790594639e-05,3.828377816701396e-05,3.8283738426242054e-05,3.8283698683740325e-05,3.828365893961749e-05,3.8283619193981454e-05,3.828357944693909e-05,3.828353969859837e-05,3.8283499949063084e-05,3.8283460198437245e-05,3.828342044682506e-05,3.82834870650887e-05,3.828350061556551e-05,3.8283494431587726e-05,3.8283481205794124e-05,3.8283465397884096e-05,3.828344857110678e-05,3.828343127371206e-05,3.8283413698335374e-05,3.8283395913028936e-05,3.8283377942193315e-05,3.8283359794949076e-05,3.8283341475062425e-05,3.8283322984427566e-05,3.828330432428763e-05,3.828328549565933e-05,3.8283266499484155e-05,3.8283247336679044e-05,3.8283228008156923e-05,3.828320851483131e-05,3.8283188857618894e-05,3.8283169037438885e-05,3.828314905521838e-05,3.828312891188566e-05,3.828310860837154e-05,3.828308814561115e-05,3.828306752454507e-05,3.828304674611588e-05,3.828302581126984e-05,3.828300472095632e-05,3.828298347612766e-05,3.82829620777391e-05,3.828294052674861e-05,3.828291882411677e-05,3.8282896970806736e-05,3.828287496778395e-05,3.828285281601613e-05,3.8282830516473455e-05,3.8282808070127275e-05,3.828278547795124e-05,3.828276274092033e-05,3.828273986001182e-05,3.8282716836200686e-05,3.828269367046996e-05,3.828267036380081e-05,3.8282646917175235e-05,3.828262333158087e-05,3.82825996079974e-05,3.828257574740818e-05,3.8282551750799546e-05,3.8282527619157624e-05,3.828250335346929e-05,3.828247895471878e-05,3.828245442389452e-05,3.828242976198255e-05,3.828240496996867e-05,3.828238004884177e-05,3.828235499958646e-05,3.828232982318944e-05,3.828230452063516e-05,3.828227909290987e-05,3.8282253540996585e-05,3.828222786587867e-05,3.828220206854041e-05,3.828217614995769e-05,3.828215011111632e-05,3.8282123952995895e-05,3.8282097676571486e-05,3.828207128282052e-05,3.828204477271949e-05,3.8282018147239486e-05,3.8281991407353675e-05,3.828196455403321e-05,3.828193758824462e-05,3.8281910510956326e-05,3.8281883323130774e-05,3.8281856025731685e-05,3.8281828619718334e-05,3.8281801106041945e-05,3.82817734856749e-05,3.828174575956163e-05,3.8281717928653025e-05,3.828168999389784e-05,3.8281661956241904e-05,3.8281633816629635e-05,3.828160557600089e-05,3.828157723529074e-05,3.828154879543627e-05,3.828152025736959e-05,3.828149162201861e-05,3.828146289030992e-05,3.828143406316556e-05,3.8281405141504656e-05,3.8281376126245426e-05,3.828134701829998e-05,3.828131781857091e-05,3.828128852797825e-05,3.828125914741827e-05,3.8281229677788325e-05,3.828120011998734e-05,3.8281170474904384e-05,3.828114074343538e-05,3.8281110926443596e-05,3.828108102483771e-05,3.828105103948207e-05,3.82810209712505e-05,3.8280990821014075e-05,3.8280960589637394e-05,3.828093027798113e-05,3.828089988690407e-05,3.8280869417259993e-05,3.828083886989858e-05,3.828080824566495e-05,3.828077754540215e-05,3.828074676994513e-05,3.8280715920127895e-05,3.828068499677955e-05,3.8280654000724486e-05,3.828062293278351e-05,3.8280591793772826e-05,3.828056058450508e-05,3.8280529305786524e-05,3.8280497958420286e-05,3.8280466543204995e-05,3.8280435060935004e-05,3.828040351240016e-05,3.8280371898385886e-05,3.828034021967315e-05,3.828030847703844e-05,3.828027667125375e-05,3.8280244803085056e-05,3.828021287329728e-05,3.828018088264819e-05,3.828014883188795e-05,3.828011672178382e-05,3.828008455305807e-05,3.828005232645889e-05,3.8280020042721456e-05,3.8279987702577737e-05,3.8279955306755065e-05,3.8279922855973224e-05,3.827989035095113e-05,3.827985779240415e-05,3.827982518103623e-05,3.8279792517551466e-05,3.827975980264634e-05,3.827972703702076e-05,3.827969422136276e-05,3.827966135635044e-05,3.8279628442668765e-05,3.827959548099284e-05,3.8279562471995464e-05,3.8279529416342577e-05,3.82794963146976e-05,3.8279463167712656e-05,3.827942997604871e-05,3.8279396740343734e-05,3.827936346124766e-05,3.8279330139397716e-05,3.8279296775428184e-05,3.82792633699688e-05,3.827922992364384e-05,3.827919643707292e-05,3.827916291087503e-05,3.827912934566071e-05,3.827909574203821e-05,3.827906210061042e-05,3.8279028421971906e-05,3.8278994706719874e-05,3.8278960955442486e-05,3.827892716871425e-05,3.827889334712986e-05,3.8278859491257254e-05,3.8278825601671624e-05,3.827879167893669e-05,3.827875772361907e-05,3.82787237362749e-05,3.8278689717457194e-05,3.8278655667715605e-05,3.827862158759526e-05,3.827858747763872e-05,3.8278553338378625e-05,3.827851917034846e-05,3.827848497407813e-05,3.827845075008936e-05,3.827841649890271e-05,3.827838222103097e-05,3.827834791698713e-05,3.827831358727861e-05,3.827827923240806e-05,3.827824485287696e-05,3.82782104491749e-05,3.8278176021793836e-05,3.827814157121968e-05,3.827810709793522e-05,3.8278072602418735e-05,3.827803808514411e-05,3.82780035465813e-05,3.8277968987196586e-05,3.8277934407453064e-05,3.827789980780786e-05,3.827786518871581e-05,3.8277830550627615e-05,3.8277795893989805e-05,3.82777612192452e-05,3.827772652683271e-05,3.8277691817187514e-05,3.827765709072948e-05,3.8277622347915586e-05,3.827758758914129e-05,3.8277552814842086e-05,3.8277518025429355e-05,3.827748322133036e-05,3.82774484029297e-05,3.8277413570635244e-05,3.827737872486265e-05,3.827734386600469e-05,3.8277308994456134e-05,3.827727411060787e-05,3.82772392148475e-05,3.827720430756006e-05,3.82771693891259e-05,3.8277134459922396e-05,3.827709952032344e-05,3.827706457069952e-05,3.827702961141771e-05,3.827699464284183e-05,3.8276959665332265e-05,3.8276924679246195e-05,3.827688968493742e-05,3.827685468275648e-05,3.827681967305072e-05,3.827678465616428e-05,3.82767496324381e-05,3.8276714602209875e-05,3.827667956581424e-05,3.827664452358267e-05,3.827660947584351e-05,3.82765744229221e-05,3.827653936514061e-05,3.827650430281828e-05,3.8276469236271276e-05,3.8276434165812816e-05,3.8276399091753105e-05,3.827636401439944e-05,3.8276328934056145e-05,3.827629385102473e-05,3.827625876560376e-05,3.827622367808891e-05,3.827618858877311e-05,3.827615349794644e-05,3.827611840589619e-05,3.827608331290681e-05,3.827604821925763e-05,3.827601312523026e-05,3.827597803110099e-05,3.827594293714348e-05,3.827590784362793e-05,3.827587275082298e-05,3.8275837658994376e-05,3.8275802568405196e-05,3.8275767479315996e-05,3.827573239198938e-05,3.827569730667651e-05,3.827566222362999e-05,3.827562714309933e-05,3.8275592065335e-05,3.8275556990583086e-05,3.827552191906899e-05,3.8275486851062274e-05,3.8275451786793965e-05,3.827541672649508e-05,3.8275381670399186e-05,3.827534661873369e-05,3.827531157173893e-05,3.827527652963059e-05,3.827524149263657e-05,3.827520646097867e-05,3.827517143487715e-05,3.827513641454798e-05,3.8275101400206084e-05,3.827506639207072e-05,3.8275031390369174e-05,3.827499639527908e-05,3.8274961407011564e-05,3.827492642578001e-05,3.827489145178321e-05,3.8274856485224086e-05,3.8274821526306496e-05,3.827478657522235e-05,3.827475163216963e-05,3.8274716697321654e-05,3.827468177089818e-05,3.8274646853067075e-05,3.827461194403359e-05,3.827457704396173e-05,3.827454215305838e-05,3.8274507271488615e-05,3.827447239943387e-05,3.827443753707219e-05,3.827440268457066e-05,3.827436784212089e-05,3.827433300988959e-05,3.827429818803663e-05,3.8274263376740833e-05,3.827422857616157e-05,3.827419378645453e-05,3.827415900779624e-05,3.827412424035512e-05,3.827408948428469e-05,3.827405473974117e-05,3.8274020006878796e-05,3.827398528586162e-05,3.8273950576831466e-05,3.8273915879944366e-05,3.827388119535039e-05,3.8273846523197945e-05,3.8273811863633895e-05,3.8273777216803595e-05,3.827374258285085e-05,3.827370796191791e-05,3.8273673354145565e-05,3.827363875967268e-05,3.827360417863746e-05,3.82735696111763e-05,3.827353505742408e-05,3.8273500517514565e-05,3.8273465991580295e-05,3.827343147975073e-05,3.8273396982154964e-05,3.827336249892139e-05,3.827332803017606e-05,3.8273293576040605e-05,3.8273259136646634e-05,3.827322471211204e-05,3.8273190302560234e-05,3.827315590811118e-05,3.8273121528884176e-05,3.827308716498915e-05,3.82730528165494e-05,3.8273018483676366e-05,3.8272984166486806e-05,3.8272949865078725e-05,3.827291557958767e-05,3.8272881310109955e-05,3.827284705675647e-05,3.827281281963462e-05,3.827277859884653e-05,3.8272744394501716e-05,3.827271020670394e-05,3.827267603555609e-05,3.827264188115995e-05,3.8272607743624206e-05,3.8272573623039905e-05,3.827253951950575e-05,3.8272505433121424e-05,3.827247136398063e-05,3.827243731217907e-05,3.8272403277811226e-05,3.8272369260970456e-05,3.827233526174303e-05,3.827230128022635e-05,3.8272267316510645e-05,3.8272233370685124e-05,3.827219944283804e-05,3.827216553305662e-05,3.827213164142798e-05,3.8272097768036955e-05,3.8272063912965193e-05,3.8272030076298686e-05,3.827199625811993e-05,3.827196245851256e-05,3.827192867755079e-05,3.827189491532364e-05,3.827186117190492e-05,3.827182744737287e-05,3.827179374180527e-05,3.827176005527817e-05,3.8271726387867025e-05,3.82716927396457e-05,3.8271659110689584e-05,3.827162550106621e-05,3.827159191085683e-05,3.827155834012852e-05,3.8271524788952196e-05,3.827149125739578e-05,3.827145774553092e-05,3.827142425342459e-05,3.827139078114385e-05,3.8271357328755466e-05,3.82713238963254e-05,3.827129048391885e-05,3.827125709160022e-05,3.8271223719433244e-05,3.8271190367480914e-05,3.827115703580475e-05,3.827112372446709e-05,3.8271090433528755e-05,3.827105716304993e-05,3.827102391309009e-05,3.827099068370912e-05,3.827095747496403e-05,3.827092428691232e-05,3.827089111961076e-05,3.827085797311553e-05,3.827082484748216e-05,3.827079174276548e-05,3.827075865901978e-05,3.827072559629865e-05,3.8270692554655135e-05,3.827065953414162e-05,3.82706265348099e-05,3.827059355671116e-05,3.827056059989602e-05,3.827052766441449e-05,3.827049475031601e-05,3.827046185764942e-05,3.8270428986463036e-05,3.827039613680464e-05,3.8270363308721355e-05,3.827033050225986e-05,3.82702977174678e-05,3.827026495438745e-05,3.827023221306406e-05,3.8270199493549736e-05,3.8270166795879535e-05,3.827013412009855e-05,3.827010146625009e-05,3.8270068834360085e-05,3.827003622449023e-05,3.827000363669407e-05,3.826997107098277e-05,3.826993852741006e-05,3.826990600604173e-05,3.826987350688635e-05,3.826984102999292e-05,3.8269808575395735e-05,3.826977614313654e-05,3.826974373325025e-05,3.826971134577246e-05,3.826967898074535e-05,3.826964663820634e-05,3.826961431818199e-05,3.826958202071174e-05,3.826954974583109e-05,3.826951749357849e-05,3.8269485263985295e-05,3.826945305708146e-05,3.8269420872904116e-05,3.8269388711487344e-05,3.826935657286266e-05,3.8269324457062314e-05,3.8269292364118106e-05,3.8269260294061474e-05,3.826922824692345e-05,3.826919622273476e-05,3.826916422152565e-05,3.826913224332608e-05,3.826910028816564e-05,3.8269068356073456e-05,3.826903644707899e-05,3.82690045612101e-05,3.82689726984958e-05,3.826894085896301e-05,3.826890904263922e-05,3.826887724955502e-05,3.8268845479733906e-05,3.8268813733202355e-05,3.826878200998653e-05,3.826875031011232e-05,3.826871863361215e-05,3.826868698050421e-05,3.826865535081334e-05,3.826862374456418e-05,3.826859216178097e-05,3.826856060248779e-05,3.826852906670834e-05,3.8268497554439625e-05,3.826846606574017e-05,3.826843460062185e-05,3.826840315911443e-05,3.826837174123375e-05,3.8268340346994864e-05,3.8268308976427295e-05,3.826827762954856e-05,3.8268246306384075e-05,3.8268215006953776e-05,3.826818373127699e-05,3.826815247937375e-05,3.8268121251265816e-05,3.826809004695953e-05,3.826805886649428e-05,3.8268027709885744e-05,3.826799657714951e-05,3.8267965468302187e-05,3.8267934383370235e-05,3.826790332235796e-05,3.8267872285291224e-05,3.826784127220494e-05,3.8267810283097277e-05,3.8267779317975046e-05,3.8267748376851556e-05,3.826771745977041e-05,3.826768656673952e-05,3.8267655697771556e-05,3.82676248528825e-05,3.826759403209139e-05,3.8267563235411955e-05,3.8267532462866385e-05,3.8267501714457534e-05,3.8267470990206605e-05,3.82674402901293e-05,3.826740961424507e-05,3.82673789625572e-05,3.8267348335057824e-05,3.8267317731815574e-05,3.826728715282708e-05,3.8267256598089705e-05,3.826722606762418e-05,3.8267195561438006e-05,3.8267165079555296e-05,3.8267134621965246e-05,3.826710418871876e-05,3.826707377980893e-05,3.826704339524824e-05,3.8267013035048956e-05,3.8266982699223166e-05,3.8266952387782756e-05,3.8266922100739605e-05,3.8266891838105e-05,3.826686159989063e-05,3.826683138610767e-05,3.8266801196767075e-05,3.826677103187971e-05,3.826674089145644e-05,3.826671077550789e-05,3.826668068404452e-05,3.826665061707659e-05,3.8266620574614194e-05,3.826659055666734e-05,3.826656056324586e-05,3.826653059435943e-05,3.826650065001783e-05,3.826647073023017e-05,3.826644083500552e-05,3.82664109643532e-05,3.8266381118282233e-05,3.8266351296804196e-05,3.826632149992225e-05,3.826629172764772e-05,3.8266261979992586e-05,3.8266232256946676e-05,3.8266202558544695e-05,3.826617288478199e-05,3.826614323566838e-05,3.826611361121096e-05,3.8266084011416065e-05,3.826605443629312e-05,3.826602488584928e-05,3.826599536009059e-05,3.826596585902573e-05,3.826593638265414e-05,3.826590693099658e-05,3.826587750405236e-05,3.826584810183122e-05,3.8265818724310434e-05,3.82657893715345e-05,3.8265760043510896e-05,3.826573074023496e-05,3.8265701461714174e-05,3.8265672207946614e-05,3.826564297894323e-05,3.826561377471326e-05,3.826558459524016e-05,3.826555544054777e-05,3.8265526310664776e-05,3.8265497205574496e-05,3.826546812528239e-05,3.826543906976212e-05,3.8265410039079805e-05,3.826538103321089e-05,3.826535205216032e-05,3.8265323095932896e-05,3.826529416453357e-05,3.826526525796684e-05,3.8265236376237276e-05,3.8265207519349395e-05,3.826517868730757e-05,3.826514988011613e-05,3.826512109778017e-05,3.826509234030224e-05,3.8265063607686555e-05,3.826503489992726e-05,3.826500621705141e-05,3.8264977559049786e-05,3.826494892592153e-05,3.826492031767322e-05,3.826489173431206e-05,3.826486317584235e-05,3.826483464226481e-05,3.826480613357994e-05,3.826477764979734e-05,3.8264749190916775e-05,3.826472075694141e-05,3.826469234787422e-05,3.826466396371818e-05,3.8264635604476174e-05,3.826460727015102e-05,3.8264578960745744e-05,3.8264550676262766e-05,3.826452241670468e-05,3.826449418207405e-05,3.826446597237332e-05,3.8264437787604947e-05,3.8264409627771215e-05,3.8264381492874466e-05,3.8264353382916474e-05,3.826432529789987e-05,3.826429723782667e-05,3.826426920269893e-05,3.826424119251855e-05,3.826421320728762e-05,3.826418524700791e-05,3.8264157311680783e-05,3.8264129401308765e-05,3.8264101515893095e-05,3.82640736554349e-05,3.8264045819933715e-05,3.8264018009395677e-05,3.826399022382335e-05,3.826396246321314e-05,3.8263934727567886e-05,3.826390701688888e-05,3.826387933117745e-05,3.826385167043476e-05,3.826382403466083e-05,3.826379642385579e-05,3.826376883802382e-05,3.826374127717308e-05,3.826371374129579e-05,3.826368623038896e-05,3.8263658744458005e-05,3.826363128350377e-05,3.826360384752718e-05,3.826357643652933e-05,3.826354905051751e-05,3.826352168948435e-05,3.8263494353434615e-05,3.826346704235397e-05,3.8263439756252364e-05,3.8263412495132286e-05,3.826338525898934e-05,3.826335804782804e-05,3.826333086165631e-05,3.826330370046339e-05,3.826327656426376e-05,3.8263249453035244e-05,3.826322236679364e-05,3.826319530550588e-05,3.82631682692262e-05,3.8263141257926786e-05,3.826311427161253e-05,3.8263087310284236e-05,3.826306037393516e-05,3.826303346258154e-05,3.826300657619322e-05,3.826297971479173e-05,3.8262952878371274e-05,3.826292606693185e-05,3.826289928047327e-05,3.826287251899527e-05,3.826284578250188e-05,3.826281907098881e-05,3.826279238444745e-05,3.826276572288516e-05,3.826273908630221e-05,3.826271247469828e-05,3.8262685888070854e-05,3.8262659326420426e-05,3.826263278974558e-05,3.8262606278046004e-05,3.826257979132098e-05,3.826255332956972e-05,3.8262526892791354e-05,3.82625004809847e-05,3.826247409414978e-05,3.826244773228545e-05,3.8262421395390554e-05,3.826239508346429e-05,3.826236879650563e-05,3.826234253451384e-05,3.8262316297487456e-05,3.826229008542581e-05,3.826226389832864e-05,3.826223773619351e-05,3.82622115990195e-05,3.826218548680334e-05,3.826215939954781e-05,3.8262133337248605e-05,3.8262107299908156e-05,3.826208128753085e-05,3.8262055300102246e-05,3.826202933762477e-05,3.8262003400098834e-05,3.8261977487515624e-05,3.826195159987553e-05,3.826192573719657e-05,3.826189989945493e-05,3.826187408664978e-05,3.826184829880219e-05,3.826182253589498e-05,3.826179679792738e-05,3.8261771084899875e-05,3.8261745396807976e-05,3.8261719733651345e-05,3.826169409542742e-05,3.826166848213667e-05,3.8261642893776184e-05,3.826161733034892e-05,3.826159179184251e-05,3.826156627826361e-05,3.826154078960815e-05,3.826151532587673e-05,3.826148988706632e-05,3.8261464473171775e-05,3.826143908419389e-05,3.826141372013054e-05,3.8261388380980485e-05,3.826136306674099e-05,3.826133777741007e-05,3.826131251298321e-05,3.8261287273466596e-05,3.826126205886374e-05,3.8261236869151184e-05,3.826121170433807e-05,3.826118656442277e-05,3.826116144940155e-05,3.8261136359268154e-05,3.826111129405351e-05,3.8261086253710864e-05,3.826106123826028e-05,3.826103624768831e-05,3.826101128199899e-05,3.826098634118303e-05,3.826096142525783e-05,3.826093653420875e-05,3.826091166803812e-05,3.826088682673611e-05,3.826086201030456e-05,3.8260837218722704e-05,3.826081245202725e-05,3.8260787710204454e-05,3.82607629932362e-05,3.826073830112655e-05,3.826071363387542e-05,3.826068899147945e-05,3.8260664373936484e-05,3.826063978124511e-05,3.826061521340093e-05,3.826059067040182e-05,3.82605661522548e-05,3.826054165894069e-05,3.826051719046758e-05,3.8260492746831344e-05,3.82604683280331e-05,3.82604439340613e-05,3.826041956491877e-05,3.826039522060342e-05,3.826037090110023e-05,3.8260346606431574e-05,3.82603223365827e-05,3.826029809155096e-05,3.8260273871324134e-05,3.82602496759199e-05,3.826022550532543e-05,3.826020135953778e-05,3.826017723855487e-05,3.826015314237494e-05,3.826012907099341e-05,3.826010502440962e-05,3.8260081002620494e-05,3.8260057005623356e-05,3.8260033033411425e-05,3.826000908599069e-05,3.8259985163354216e-05,3.825996126549944e-05,3.8259937392423735e-05,3.82599135441247e-05,3.825988972059928e-05,3.825986592184503e-05,3.825984214785935e-05,3.82598183986408e-05,3.825979467418441e-05,3.825977097448792e-05,3.82597472995514e-05,3.825972364936861e-05,3.8259700023937824e-05,3.8259676423256824e-05,3.8259652847323755e-05,3.8259629296134145e-05,3.8259605769686577e-05,3.825958226797814e-05,3.825955879100504e-05,3.825953533876714e-05,3.8259511911257986e-05,3.825948850847712e-05,3.825946513041757e-05,3.8259441777083815e-05,3.825941844846941e-05,3.825939514457167e-05,3.825937186538777e-05,3.825934861091492e-05,3.8259325381150274e-05,3.825930217609154e-05,3.825927899573568e-05,3.82592558400787e-05,3.825923270911856e-05,3.825920960285284e-05,3.825918652127803e-05,3.8259163464391383e-05,3.8259140432190156e-05,3.825911742467145e-05,3.8259094441832393e-05,3.825907148367009e-05,3.825904855018166e-05,3.8259025641364175e-05,3.825900275721498e-05,3.825897989773097e-05,3.825895706290928e-05,3.8258934252746466e-05,3.825891146724002e-05,3.8258888706386976e-05,3.82588659701844e-05,3.825884325862934e-05,3.825882057171885e-05,3.8258797909449964e-05,3.825877527181971e-05,3.8258752658825136e-05,3.82587300704633e-05,3.8258707506731124e-05,3.8258684967625695e-05,3.825866245311667e-05,3.825863996322249e-05,3.825861749795523e-05,3.82585950573008e-05,3.825857264126443e-05,3.825855024981789e-05,3.825852788301806e-05,3.825850554081864e-05,3.825848322321926e-05,3.825846093021609e-05,3.8258438661807045e-05,3.825841641798801e-05,3.825839419875647e-05,3.825837200410939e-05,3.825834983404393e-05,3.82583276885571e-05,3.825830556764389e-05,3.8258283471306946e-05,3.825826139953642e-05,3.825823935233181e-05,3.825821732967562e-05,3.825819533159363e-05,3.825817335806868e-05,3.825815140909879e-05,3.825812948467853e-05,3.825810758480721e-05,3.82580857094794e-05,3.825806385869248e-05,3.825804203244352e-05,3.825802023072994e-05,3.825799845354537e-05,3.825797670089236e-05,3.8257954972756e-05,3.825793326915156e-05,3.825791159006713e-05,3.825788993549858e-05,3.82578683054434e-05,3.8257846699898104e-05,3.8257825118859736e-05,3.8257803562325224e-05,3.8257782030291385e-05,3.825776052275508e-05,3.825773903971316e-05,3.825771758116247e-05,3.825769614710064e-05,3.8257674737523534e-05,3.825765335242765e-05,3.825763199177967e-05,3.8257610655657574e-05,3.825758934398847e-05,3.825756805678929e-05,3.825754679405449e-05,3.825752555578218e-05,3.8257504341969375e-05,3.825748315261324e-05,3.8257461987712656e-05,3.8257440847277604e-05,3.8257419731274676e-05,3.82573986397127e-05,3.8257377572589706e-05,3.825735652990618e-05,3.8257335511645914e-05,3.825731451782519e-05,3.825729354843172e-05,3.8257272603470026e-05,3.8257251682916475e-05,3.825723078678661e-05,3.825720991507123e-05,3.8257189067767555e-05,3.82571682448721e-05,3.8257147446381544e-05,3.825712667229265e-05,3.825710592260264e-05,3.825708519730809e-05,3.825706449640529e-05,3.825704381989154e-05,3.8257023167762864e-05,3.825700254002345e-05,3.825698193665677e-05,3.82569613576653e-05,3.825694080303877e-05,3.825692027279016e-05,3.825689976690358e-05,3.8256879285383884e-05,3.8256858828224284e-05,3.8256838395421116e-05,3.8256817986974516e-05,3.825679760287443e-05,3.825677724312102e-05,3.82567569077109e-05,3.8256736596641e-05,3.8256716309908e-05,3.825669604750849e-05,3.8256675809439335e-05,3.825665559569669e-05,3.82566354062784e-05,3.825661524118045e-05,3.825659510039976e-05,3.8256574983933425e-05,3.825655489177794e-05,3.825653482392974e-05,3.825651478038569e-05,3.8256494761142525e-05,3.8256474766196965e-05,3.8256454795545734e-05,3.8256434849185524e-05,3.825641492711308e-05,3.825639502932507e-05,3.825637515581825e-05,3.825635530658938e-05,3.825633548163429e-05,3.825631568095069e-05,3.825629590453585e-05,3.8256276152385546e-05,3.825625642449668e-05,3.825623672086592e-05,3.8256217041490026e-05,3.825619738636567e-05,3.825617775548957e-05,3.825615814885837e-05,3.825613856646879e-05,3.825611900831754e-05,3.825609947440132e-05,3.8256079964716815e-05,3.82560604792607e-05,3.825604101802968e-05,3.825602158101626e-05,3.825600216822416e-05,3.825598277964109e-05,3.825596341527888e-05,3.8255944075122384e-05,3.825592475916678e-05,3.825590546741859e-05,3.82558861998685e-05,3.825586695651391e-05,3.8255847737351724e-05,3.825582854237823e-05,3.8255809371590046e-05,3.825579022498388e-05,3.82557711025564e-05,3.825575200430427e-05,3.82557329302242e-05,3.8255713880312834e-05,3.825569485456687e-05,3.825567585298295e-05,3.82556568755578e-05,3.825563792228803e-05,3.8255618993170365e-05,3.825560008820145e-05,3.825558120737797e-05,3.8255562350696586e-05,3.825554351815394e-05,3.8255524709746754e-05,3.8255505925471675e-05,3.825548716532595e-05,3.825546842930568e-05,3.8255449717407444e-05,3.825543102962799e-05,3.825541236596395e-05,3.825539372641198e-05,3.825537511096819e-05,3.825535651962981e-05,3.8255337952393506e-05,3.825531940925595e-05,3.8255300890213765e-05,3.825528239526367e-05,3.82552639244023e-05,3.825524547762631e-05,3.825522705493233e-05,3.8255208656317056e-05,3.8255190281776425e-05,3.825517193130825e-05,3.8255153604908346e-05,3.8255135302573763e-05,3.825511702430182e-05,3.825509877008853e-05,3.8255080539930525e-05,3.8255062333824475e-05,3.8255044151767006e-05,3.825502599375479e-05,3.8255007859784464e-05,3.825498974985171e-05,3.825497166395509e-05,3.82549536020885e-05,3.8254935564252246e-05,3.825491755044111e-05,3.825489956065177e-05,3.825488159488086e-05,3.825486365312502e-05,3.8254845735380915e-05,3.825482784164494e-05,3.8254809971912475e-05,3.8254792126182156e-05,3.825477430445018e-05,3.8254756506713545e-05,3.825473873296926e-05,3.8254720983213334e-05,3.825470325744247e-05,3.825468555565316e-05,3.825466787784218e-05,3.8254650224005874e-05,3.825463259414106e-05,3.8254614988244374e-05,3.8254597406312445e-05,3.8254579848341925e-05,3.825456231432947e-05,3.825454480427169e-05,3.825452731816527e-05,3.825450985600681e-05,3.8254492417792986e-05,3.825447500352033e-05,3.825445761318556e-05,3.825444024678532e-05,3.825442290431626e-05,3.8254405585775004e-05,3.825438829115822e-05,3.8254371020462695e-05,3.8254353773684884e-05,3.825433655082144e-05,3.825431935186903e-05,3.8254302176824304e-05,3.8254285025683905e-05,3.825426789844435e-05,3.8254250795102354e-05,3.825423371565457e-05,3.8254216660097595e-05,3.825419962842812e-05,3.8254182620642726e-05,3.825416563673809e-05,3.825414867671083e-05,3.82541317405576e-05,3.8254114828275e-05,3.825409793985973e-05,3.825408107530836e-05,3.825406423461754e-05,3.8254047417783916e-05,3.8254030624804115e-05,3.8254013855674776e-05,3.8253997110392525e-05,3.825398038895401e-05,3.8253963691355876e-05,3.825394701759473e-05,3.8253930367667226e-05,3.8253913741569985e-05,3.8253897139299645e-05,3.825388056085284e-05,3.8253864006226205e-05,3.82538474754175e-05,3.825383096842228e-05,3.82538144852371e-05,3.8253798025858666e-05,3.825378159028353e-05,3.82537651785084e-05,3.8253748790529874e-05,3.8253732426344585e-05,3.825371608594917e-05,3.825369976934026e-05,3.825368347651449e-05,3.825366720746851e-05,3.825365096219892e-05,3.8253634740702356e-05,3.825361854297548e-05,3.825360236901489e-05,3.825358621881724e-05,3.825357009237917e-05,3.8253553989697284e-05,3.8253537910768236e-05,3.825352185558863e-05,3.825350582415514e-05,3.8253489816464374e-05,3.825347383251295e-05,3.8253457872297505e-05,3.825344193581472e-05,3.825342602306116e-05,3.825341013403349e-05,3.8253394268728317e-05,3.8253378427142325e-05,3.8253362609272105e-05,3.825334681511429e-05,3.825333104466551e-05,3.825331529792242e-05,3.8253299574881653e-05,3.8253283875539816e-05,3.825326819989356e-05,3.82532525479395e-05,3.8253236919674276e-05,3.825322131509452e-05,3.8253205734196885e-05,3.825319017697799e-05,3.825317464343446e-05,3.8253159133562936e-05,3.825314364736005e-05,3.825312818482244e-05,3.8253112745946756e-05,3.82530973307296e-05,3.825308193916766e-05,3.8253066571256314e-05,3.8253051226993365e-05,3.825303590637545e-05,3.8253020609399144e-05,3.8253005336061116e-05,3.8252990086358e-05,3.825297486028642e-05,3.8252959657848066e-05,3.8252944479027165e-05,3.8252929323825216e-05,3.825291419226626e-05,3.825289908429951e-05,3.8252883999940305e-05,3.8252868939204986e-05,3.825285390207193e-05,3.8252838888527e-05,3.825282389858844e-05,3.825280893225369e-05,3.8252793989494695e-05,3.825277907032524e-05,3.8252764174740175e-05,3.825274930273638e-05,3.8252734454310106e-05,3.825271962945808e-05,3.825270482817698e-05,3.8252690050463404e-05,3.825267529631401e-05,3.825266056572545e-05,3.825264585869429e-05,3.825263117521722e-05,3.8252616515290844e-05,3.825260187891182e-05,3.82525872660783e-05,3.825257267678441e-05,3.825255811102519e-05,3.8252543568799996e-05,3.8252529050121636e-05,3.825251455497296e-05,3.825250008333569e-05,3.825248563521341e-05,3.825247121061233e-05,3.8252456809522445e-05,3.825244243193832e-05,3.8252428077867756e-05,3.825241374730167e-05,3.825239944023344e-05,3.825238515666055e-05,3.8252370896580334e-05,3.825235665998711e-05,3.825234244689722e-05,3.825232825728458e-05,3.825231409115248e-05,3.825229994850459e-05,3.8252285829336124e-05,3.825227173361607e-05,3.825225766136213e-05,3.825224361257263e-05,3.825222958724234e-05,3.825221558537574e-05,3.82522016069568e-05,3.8252187651987616e-05,3.825217372046429e-05,3.82521598123826e-05,3.825214592774055e-05,3.825213206653474e-05,3.825211822876192e-05,3.8252104414418625e-05,3.825209062350147e-05,3.8252076856007146e-05,3.825206311193226e-05,3.825204939127349e-05,3.825203569402748e-05,3.825202202019059e-05,3.82520083697597e-05,3.825199474272891e-05,3.8251981139096797e-05,3.8251967558859384e-05,3.8251954002018845e-05,3.825194046856752e-05,3.825192695850191e-05,3.8251913471817356e-05,3.8251900008511935e-05,3.825188656858458e-05,3.8251873152025295e-05,3.8251859758836014e-05,3.825184638901466e-05,3.8251833042555574e-05,3.8251819719458466e-05,3.825180641970324e-05,3.8251793143310696e-05,3.825177989026643e-05,3.8251766660567655e-05,3.8251753454211765e-05,3.825174027118806e-05,3.825172711150264e-05,3.825171397515293e-05,3.825170086213033e-05,3.825168777243288e-05,3.825167470605853e-05,3.825166166300502e-05,3.825164864326511e-05,3.8251635646838994e-05,3.8251622673720314e-05,3.825160972390625e-05,3.825159679739411e-05,3.8251583894180405e-05,3.8251571014257223e-05,3.8251558157640194e-05,3.825154532430117e-05,3.825153251424765e-05,3.8251519727474684e-05,3.825150696397926e-05,3.825149422376219e-05,3.825148150681353e-05,3.825146881313424e-05,3.8251456142719804e-05,3.8251443495567436e-05,3.825143087167313e-05,3.8251418271033616e-05,3.825140569364546e-05,3.825139313950542e-05,3.8251380608609445e-05,3.8251368100955563e-05,3.825135561653957e-05,3.8251343155358035e-05,3.8251330717406216e-05,3.825131830268528e-05,3.825130591119019e-05,3.82512935429093e-05,3.825128119783648e-05,3.82512688759931e-05,3.8251256577362326e-05,3.825124430193631e-05,3.82512320497132e-05,3.825121982068027e-05,3.8251207614839895e-05,3.82511954322103e-05,3.825118327277778e-05,3.825117113653224e-05,3.825115902346916e-05,3.8251146933590813e-05,3.82511348668903e-05,3.825112282336008e-05,3.8251110803006585e-05,3.825109880581855e-05,3.825108683179352e-05,3.825107488092852e-05,3.825106295322048e-05,3.825105104867022e-05,3.8251039167270186e-05,3.8251027309017186e-05,3.8251015473907986e-05,3.8251003661939245e-05,3.825099187310771e-05,3.825098010741004e-05,3.825096836484291e-05,3.8250956645402985e-05,3.825094494908695e-05,3.825093327589147e-05,3.825092162581317e-05,3.825090999884874e-05,3.825089839499298e-05,3.825088681424525e-05,3.8250875256601206e-05,3.825086372205575e-05,3.825085221060755e-05,3.825084072225273e-05,3.8250829256988565e-05,3.825081781481187e-05,3.8250806395722354e-05,3.8250794999709864e-05,3.825078362677431e-05,3.825077227691192e-05,3.825076095011995e-05,3.8250749646395023e-05,3.825073836573387e-05,3.825072710813306e-05,3.825071587358929e-05,3.8250704662099194e-05,3.825069347365945e-05,3.8250682308266684e-05,3.8250671165917556e-05,3.825066004660878e-05,3.82506489503369e-05,3.825063787709866e-05,3.825062682689065e-05,3.8250615799709586e-05,3.8250604795552094e-05,3.825059381441483e-05,3.825058285629447e-05,3.8250571921187636e-05,3.8250561009090984e-05,3.825055012000122e-05,3.8250539253914974e-05,3.8250528410828875e-05,3.825051759073959e-05,3.825050679364379e-05,3.8250496019538134e-05,3.825048526841929e-05,3.825047454028391e-05,3.8250463835128605e-05,3.8250453152950095e-05,3.825044249374502e-05,3.825043185751003e-05,3.825042124424176e-05,3.825041065393692e-05,3.825040008659214e-05,3.825038954220408e-05,3.825037902076941e-05,3.825036852228478e-05,3.825035804674685e-05,3.825034759415229e-05,3.8250337164497745e-05,3.825032675777988e-05,3.825031637399536e-05,3.825030601314084e-05,3.825029567521303e-05,3.8250285360208514e-05,3.825027506812398e-05,3.825026479895612e-05,3.825025455270156e-05,3.8250244329356946e-05,3.8250234128919006e-05,3.825022395138436e-05,3.825021379674967e-05,3.8250203665011615e-05,3.825019355616683e-05,3.8250183470212e-05,3.8250173407143775e-05,3.8250163366958844e-05,3.8250153349653927e-05,3.825014335522553e-05,3.825013338367042e-05,3.825012343498526e-05,3.825011350916669e-05,3.8250103606211394e-05,3.825009372611602e-05,3.825008386887698e-05,3.825007403449144e-05,3.825006422295585e-05,3.825005443426681e-05,3.825004466842107e-05,3.8250034925415216e-05,3.8250025205246e-05,3.825001550791032e-05,3.825000583340428e-05,3.824999618172482e-05,3.824998655286874e-05,3.8249976946832486e-05,3.8249967363612824e-05,3.824995780320643e-05,3.8249948265609975e-05,3.824993875082012e-05,3.824992925883363e-05,3.824991978964697e-05,3.824991034325693e-05,3.8249900919660155e-05,3.824989151885334e-05,3.8249882140833144e-05,3.8249872785596236e-05,3.8249863453138815e-05,3.824985414345848e-05,3.824984485655146e-05,3.824983559241438e-05,3.824982635104396e-05,3.824981713243725e-05,3.8249807936590114e-05,3.8249798763499644e-05,3.824978961316249e-05,3.824978048557534e-05,3.824977138073487e-05,3.8249762298637726e-05,3.8249753239280606e-05,3.8249744202660155e-05,3.824973518877307e-05,3.824972619761605e-05,3.82497172291857e-05,3.824970828347875e-05,3.824969936049181e-05,3.824969046022194e-05,3.82496815826652e-05,3.8249672727818505e-05,3.824966389567857e-05,3.824965508624207e-05,3.824964629950571e-05,3.8249637535466076e-05,3.824962879411992e-05,3.82496200754639e-05,3.82496113794947e-05,3.824960270620896e-05,3.824959405560337e-05,3.824958542767464e-05,3.824957682241942e-05,3.824956823983138e-05,3.8249559679913796e-05,3.824955114265874e-05,3.8249542628063934e-05,3.82495341361225e-05,3.824952566683835e-05,3.824951722020478e-05,3.8249508796218135e-05,3.8249500394874204e-05,3.82494920161862e-05,3.824948366012669e-05,3.824947532669489e-05,3.8249467015890674e-05,3.824945872771581e-05,3.824945046216468e-05,3.824944221923396e-05,3.824943399892034e-05,3.8249425801220474e-05,3.824941762613107e-05,3.82494094736488e-05,3.824940134377031e-05,3.8249393236492284e-05,3.8249385151811403e-05,3.824937708971784e-05,3.82493690502173e-05,3.8249361033308e-05,3.824935303898265e-05,3.8249345067237987e-05,3.824933711806973e-05,3.824932919147267e-05,3.8249321287449674e-05,3.8249313405993885e-05,3.824930554710212e-05,3.824929771077102e-05,3.8249289896996503e-05,3.824928210577655e-05,3.824927433710811e-05,3.8249266590986766e-05,3.8249258867409035e-05,3.824925116637052e-05,3.824924348787355e-05,3.8249235831908315e-05,3.8249228198474005e-05,3.824922058756726e-05,3.824921299918408e-05,3.824920543332242e-05,3.8249197889977245e-05,3.8249190369145136e-05,3.8249182870825666e-05,3.824917539501451e-05,3.824916794170779e-05,3.8249160510902197e-05,3.8249153102586326e-05,3.824914571676872e-05,3.824913835344045e-05,3.82491310125952e-05,3.824912369425127e-05,3.8249116398380307e-05,3.824910912498858e-05,3.8249101874071644e-05,3.82490946456248e-05,3.824908743964779e-05,3.824908025613711e-05,3.824907309508417e-05,3.824906595648974e-05,3.824905884035025e-05,3.8249051746662076e-05,3.824904467542193e-05,3.824903762662649e-05,3.8249030600274904e-05,3.824902359636388e-05,3.8249016614883933e-05,3.8249009655835565e-05,3.824900271921542e-05,3.824899580502368e-05,3.824898891324894e-05,3.82489820438926e-05,3.8248975196951326e-05,3.824896837242664e-05,3.8248961570310955e-05,3.824895479060125e-05,3.824894803329482e-05,3.8248941298389796e-05,3.8248934585880694e-05,3.8248927895755203e-05,3.8248921228013575e-05,3.824891458265734e-05,3.8248907959672335e-05,3.824890135906374e-05,3.824889478083886e-05,3.8248888224981817e-05,3.824888169149766e-05,3.824887518037246e-05,3.8248868691612625e-05,3.8248862225213804e-05,3.824885578117744e-05,3.8248849359493386e-05,3.8248842960158324e-05,3.8248836583168954e-05,3.824883022852198e-05,3.824882389620922e-05,3.8248817586232714e-05,3.824881129858042e-05,3.824880503325885e-05,3.8248798790264264e-05,3.82487925695931e-05,3.824878637124979e-05,3.824878019522337e-05,3.824877404150959e-05,3.8248767910105184e-05,3.82487618010063e-05,3.8248755714210127e-05,3.824874964971336e-05,3.8248743607512714e-05,3.824873758760486e-05,3.8248731589986546e-05,3.82487256146544e-05,3.8248719661605154e-05,3.824871373083553e-05,3.824870782234221e-05,3.8248701936121875e-05,3.824869607217127e-05,3.824869023048705e-05,3.8248684411065965e-05,3.824867861390469e-05,3.824867283900159e-05,3.824866708635182e-05,3.824866135595201e-05,3.824865564779887e-05,3.824864996188909e-05,3.824864429821931e-05,3.8248638656786226e-05,3.8248633037586296e-05,3.824862744061535e-05,3.824862186587411e-05,3.8248616313354955e-05,3.8248610783056765e-05,3.824860527497591e-05,3.824859978910598e-05,3.824859432544478e-05,3.824858888399864e-05,3.82485834647539e-05,3.824857806770975e-05,3.824857269286297e-05,3.824856734020597e-05,3.824856200974146e-05,3.824855670146523e-05,3.8248551415374404e-05,3.824854615146424e-05,3.824854090973179e-05,3.824853569017281e-05,3.82485304927826e-05,3.824852531756472e-05,3.824852016451132e-05,3.8248515033619116e-05,3.82485099248848e-05,3.8248504838303286e-05,3.824849977387159e-05,3.824849473158787e-05,3.824848971145101e-05,3.82484847134651e-05,3.8248479737614316e-05,3.824847478389431e-05,3.824846985230603e-05,3.824846494284494e-05,3.8248460055510794e-05,3.824845519029682e-05,3.8248450347204275e-05,3.824844552622322e-05,3.824844072735398e-05,3.824843595059377e-05,3.824843119593857e-05,3.824842646338538e-05,3.8248421752930096e-05,3.8248417064571223e-05,3.824841239830456e-05,3.824840775412691e-05,3.824840313203481e-05,3.824839853202507e-05,3.8248393954094516e-05,3.8248389398239656e-05,3.824838486445732e-05,3.824838035274424e-05,3.824837586309712e-05,3.824837139551264e-05,3.824836694998759e-05,3.824836252651862e-05,3.824835812510252e-05,3.824835374573598e-05,3.824834938841571e-05,3.824834505313852e-05,3.824834073989958e-05,3.8248336448698495e-05,3.8248332179529126e-05,3.8248327932391105e-05,3.8248323707279694e-05,3.824831950419163e-05,3.824831532312363e-05,3.824831116407236e-05,3.824830702703463e-05,3.8248302912007133e-05,3.824829881898658e-05,3.824829474796972e-05,3.824829069895327e-05,3.824828667193389e-05,3.8248282666908066e-05,3.824827868387319e-05,3.824827472282557e-05,3.8248270783761994e-05,3.824826686667917e-05,3.824826297157381e-05,3.8248259098442676e-05,3.824825524728244e-05,3.824825141808884e-05,3.8248247610861574e-05,3.8248243825594525e-05,3.824824006228813e-05,3.824823632093332e-05,3.8248232601530034e-05,3.824822890407479e-05,3.824822522856441e-05,3.824822157499556e-05,3.824821794336492e-05,3.824821433366921e-05,3.824821074590238e-05,3.824820718006492e-05,3.824820363615286e-05,3.8248200114162766e-05,3.8248196614092165e-05,3.8248193135937273e-05,3.8248189679694386e-05,3.8248186245360473e-05,3.824818283293147e-05,3.824817944240547e-05,3.8248176073776324e-05,3.824817272704252e-05,3.8248169402200265e-05,3.8248166099247234e-05,3.824816281817845e-05,3.824815955899396e-05,3.824815632168831e-05,3.824815310625615e-05,3.824814991270349e-05,3.8248146741020163e-05,3.8248143591203154e-05,3.82481404632492e-05,3.8248137357155025e-05,3.8248134272917394e-05,3.8248131210533e-05,3.8248128169998605e-05,3.8248125151310936e-05,3.8248122154466755e-05,3.824811917946276e-05,3.8248116226295715e-05,3.824811329496235e-05,3.824811038545938e-05,3.8248107497783573e-05,3.8248104631931636e-05,3.824810178790035e-05,3.824809896568642e-05,3.82480961652866e-05,3.824809338669762e-05,3.824809062991623e-05,3.824808789493916e-05,3.824808518176312e-05,3.8248082490384935e-05,3.824807982080126e-05,3.824807717300886e-05,3.824807454700449e-05,3.8248071942784883e-05,3.8248069360346775e-05,3.824806679968693e-05,3.8248064260802046e-05,3.8248061743688914e-05,3.8248059248344224e-05,3.824805677476477e-05,3.824805432294727e-05,3.8248051892888475e-05,3.824804948458512e-05,3.824804709803392e-05,3.824804473323168e-05,3.824804239017511e-05,3.824804006886095e-05,3.824803776928596e-05,3.824803549144689e-05,3.824803323534045e-05,3.82480310009634e-05,3.8248028788312504e-05,3.82480265973845e-05,3.824802442817611e-05,3.824802228068413e-05,3.8248020154905255e-05,3.8248018050836254e-05,3.824801596847388e-05,3.824801390781487e-05,3.824801186885598e-05,3.824800985159394e-05,3.8248007856025506e-05,3.824800588214743e-05,3.824800392995648e-05,3.8248001999449384e-05,3.824800009062288e-05,3.824799820347373e-05,3.824799633799868e-05,3.824799449419448e-05,3.82479926720579e-05,3.8247990871585644e-05,3.82479890927745e-05,3.824798733562123e-05,3.824798560012254e-05,3.8247983886275235e-05,3.824798219407601e-05,3.8247980523521665e-05,3.824797887460892e-05,3.8247977247334516e-05,3.824797564169527e-05,3.824797405768787e-05,3.824797249530909e-05,3.82479709545557e-05,3.824796943542444e-05,3.824796793791206e-05,3.824796646201531e-05,3.8247965007730946e-05,3.8247963575055746e-05,3.8247962163986446e-05,3.824796077451979e-05,3.824795940665254e-05,3.824795806038145e-05,3.8247956735703304e-05,3.824795543261483e-05,3.824795415111278e-05,3.824795289119397e-05,3.824795165285507e-05,3.824795043609288e-05,3.824794924090416e-05,3.8247948067285676e-05,3.824794691523415e-05,3.8247945784746346e-05,3.824794467581905e-05,3.824794358844901e-05,3.8247942522632995e-05,3.824794147836772e-05,3.824794045565001e-05,3.824793945447657e-05,3.8247938474844184e-05,3.824793751674961e-05,3.8247936580189626e-05,3.824793566516095e-05,3.824793477166038e-05,3.824793389968469e-05,3.824793304923058e-05,3.824793222029484e-05,3.8247931412874286e-05,3.82479306269656e-05,3.824792986256558e-05,3.824792911967097e-05,3.8247928398278565e-05,3.8247927698385107e-05,3.824792701998758e-05,3.824792636308231e-05,3.824792572766631e-05,3.824792511373632e-05,3.824792452128912e-05,3.82479239503215e-05,3.8247923400830146e-05,3.8247922872811884e-05,3.8247922366263494e-05,3.824792188118162e-05,3.8247921417563114e-05,3.824792097540474e-05,3.82479205547033e-05,3.8247920155455535e-05,3.824791977765826e-05,3.824791942130816e-05,3.8247919086402e-05,3.8247918772936605e-05,3.824791848090871e-05,3.8247918210315095e-05,3.824791796115252e-05,3.824791773341776e-05,3.824791752710758e-05,3.8247917342218777e-05,3.824791717874809e-05,3.824791703669229e-05,3.8247916916048156e-05,3.824791681681247e-05,3.8247916738981976e-05,3.8247916682553454e-05,3.82479166475237e-05,3.824791663388947e-05,3.824791664164753e-05,3.8247916670794645e-05,3.824791672132761e-05,3.824791679324316e-05,3.824791688653812e-05,3.824791700120923e-05,3.8247917137253256e-05,3.8247917294667004e-05,3.824791747344721e-05,3.824791767359071e-05,3.824791789509423e-05,3.824791813795452e-05,3.824791840216841e-05,3.824791868773264e-05,3.8247918994643976e-05,3.824791932289927e-05,3.824791967249521e-05,3.824792004342862e-05,3.824792043569627e-05,3.8247920849294876e-05,3.8247921284221344e-05,3.8247921740472334e-05,3.824792221804468e-05,3.8247922716935135e-05,3.824792323714053e-05,3.824792377865756e-05,3.8247924341483083e-05,3.824792492561383e-05,3.8247925531046587e-05,3.8247926157778136e-05,3.8247926805805266e-05,3.824792747512476e-05,3.824792816573338e-05,3.824792887762792e-05,3.824792961080507e-05,3.82479303652617e-05,3.8247931140994585e-05,3.824793193800052e-05,3.824793275627628e-05,3.8247933595818635e-05,3.8247934456624386e-05,3.82479353386903e-05,3.824793624201317e-05,3.824793716658977e-05,3.824793811241687e-05,3.8247939079491315e-05,3.824794006780983e-05,3.824794107736922e-05,3.824794210816627e-05,3.8247943160197764e-05,3.824794423346048e-05,3.824794532795256e-05,3.824794644366952e-05,3.8247947580608104e-05,3.824794873876508e-05,3.8247949918137275e-05,3.8247951118721456e-05,3.824795234051443e-05,3.824795358351294e-05,3.824795484771381e-05,3.824795613311381e-05,3.8247957439709764e-05,3.8247958767498406e-05,3.824796011647658e-05,3.8247961486641025e-05,3.8247962877988566e-05,3.824796429051599e-05,3.824796572422005e-05,3.8247967179097555e-05,3.8247968655145334e-05,3.824797015236012e-05,3.824797167073873e-05,3.824797321027797e-05,3.824797477097462e-05,3.824797635282544e-05,3.824797795582726e-05,3.824797957997685e-05,3.8247981225271026e-05,3.824798289170658e-05,3.82479845792803e-05,3.8247986287988944e-05,3.824798801782937e-05,3.82479897687983e-05,3.824799154089259e-05,3.824799333410903e-05,3.8247995148444364e-05,3.824799698389542e-05,3.8247998840458974e-05,3.824800071813188e-05,3.8248002616910856e-05,3.8248004536792746e-05,3.8248006477774314e-05,3.82480084398524e-05,3.8248010423023756e-05,3.8248012427285225e-05,3.8248014452633565e-05,3.82480164990656e-05,3.824801856657812e-05,3.82480206551679e-05,3.824802276483175e-05,3.8248024895566495e-05,3.8248027047368906e-05,3.824802922023415e-05,3.8248031414160705e-05,3.824803362914544e-05,3.824803586518517e-05,3.824803812227702e-05,3.824804040042006e-05,3.8248042699605506e-05,3.8248045019832504e-05,3.8248047361096954e-05,3.8248049723397055e-05,3.824805210672958e-05,3.8248054511091344e-05,3.824805693647915e-05,3.82480593828898e-05,3.824806185032008e-05,3.8248064338766835e-05,3.824806684822683e-05,3.824806937869689e-05,3.824807193017468e-05,3.8248074502656184e-05,3.82480770961384e-05,3.8248079710618474e-05,3.824808234609423e-05,3.824808500255836e-05,3.8248087680011144e-05,3.824809037844729e-05,3.8248093097864985e-05,3.824809583825903e-05,3.824809859962791e-05,3.8248101381968417e-05,3.824810418527732e-05,3.8248107009551424e-05,3.824810985478748e-05,3.8248112720986e-05,3.824811560813815e-05,3.8248118516242824e-05,3.824812144529693e-05,3.8248124395298306e-05,3.824812736624026e-05,3.824813035812456e-05,3.824813337094423e-05,3.8248136404697295e-05,3.824813945938148e-05,3.8248142534990365e-05,3.8248145631523276e-05,3.824814874897702e-05,3.8248151887348365e-05,3.8248155046634105e-05,3.8248158226831035e-05,3.8248161427935984e-05,3.824816464994743e-05,3.824816789286043e-05,3.8248171156671833e-05,3.8248174441378426e-05,3.8248177746977026e-05,3.824818107346444e-05,3.824818442083749e-05,3.8248187789093e-05,3.824819117822777e-05,3.824819458823861e-05,3.8248198019123455e-05,3.824820147087803e-05,3.824820494349907e-05,3.824820843698346e-05,3.8248211951328e-05,3.824821548652947e-05,3.8248219042586116e-05,3.824822261949132e-05,3.824822621724703e-05,3.824822983584501e-05,3.824823347528557e-05,3.8248237135561e-05,3.824824081667116e-05,3.824824451861631e-05,3.824824824138813e-05,3.824825198498577e-05,3.8248255749403565e-05,3.824825953464371e-05,3.824826334069471e-05,3.8248267167559753e-05,3.8248271015235865e-05,3.8248274883716704e-05,3.82482787729931e-05,3.824828268307337e-05,3.824828661394922e-05,3.824829056562286e-05,3.82482945380863e-05,3.824829853133615e-05,3.8248302545369187e-05,3.824830658018247e-05,3.8248310635773327e-05,3.8248314712129706e-05,3.82483188092555e-05,3.8248322927162716e-05,3.8248327065832205e-05,3.8248331225253324e-05,3.824833540543379e-05,3.8248339606379446e-05,3.8248343828070755e-05,3.824834807051682e-05,3.824835233371041e-05,3.824835661764521e-05,3.824836092232317e-05,3.824836524773257e-05,3.824836959387502e-05,3.824837396075238e-05,3.8248378348351e-05,3.8248382756673304e-05,3.8248387185716143e-05,3.824839163547619e-05,3.8248396105949355e-05,3.824840059713344e-05,3.8248405109025905e-05,3.8248409641622995e-05,3.8248414194921264e-05,3.82484187689184e-05,3.824842336361052e-05,3.824842797899453e-05,3.824843261506725e-05,3.824843727182549e-05,3.8248441949266073e-05,3.8248446647385124e-05,3.824845136618026e-05,3.824845610564789e-05,3.824846086578884e-05,3.824846564659024e-05,3.8248470448058714e-05,3.824847527018653e-05,3.8248480112972216e-05,3.8248484976402676e-05,3.824848986049258e-05,3.824849476522874e-05,3.824849969060944e-05,3.824850463663151e-05,3.824850960329352e-05,3.824851459058838e-05,3.824851959851511e-05,3.824852462707005e-05,3.8248529676250144e-05,3.824853474605429e-05,3.824853983647623e-05,3.824854494751414e-05,3.8248550079164365e-05,3.824855523142755e-05,3.824856040429389e-05,3.8248565597763486e-05,3.8248570811832226e-05,3.824857604649914e-05,3.8248581301758875e-05,3.8248586577609385e-05,3.824859187404909e-05,3.8248597191071656e-05,3.824860252867651e-05,3.824860788685834e-05,3.824861326561498e-05,3.8248618664943165e-05,3.824862408484061e-05,3.824862952530344e-05,3.82486349863281e-05,3.824864046791218e-05,3.8248645970050925e-05,3.824865149274265e-05,3.824865703598457e-05,3.824866259977247e-05,3.824866818410833e-05,3.8248673788980716e-05,3.824867941439261e-05,3.824868506033128e-05,3.8248690726803225e-05,3.82486964138003e-05,3.8248702121325236e-05,3.82487078493721e-05,3.8248713597939464e-05,3.82487193670211e-05,3.824872515661191e-05,3.824873096671129e-05,3.8248736797315776e-05,3.8248742648422525e-05,3.824874852002836e-05,3.824875441212477e-05,3.8248760324716886e-05,3.824876625779708e-05,3.8248772211366835e-05,3.824877818541995e-05,3.824878417995318e-05,3.82487901949633e-05,3.824879623044735e-05,3.824880228640209e-05,3.8248808362824395e-05,3.8248814459710006e-05,3.824882057705845e-05,3.82488267148642e-05,3.824883287312443e-05,3.824883905183016e-05,3.824884525099279e-05,3.824885147059005e-05,3.824885771063878e-05,3.824886397112792e-05,3.8248870252053393e-05,3.82488765534131e-05,3.8248882875195366e-05,3.8248889217410226e-05,3.824889558006652e-05,3.824890196312314e-05,3.824890836660056e-05,3.8248914790491456e-05,3.8248921234792915e-05,3.824892769950197e-05,3.824893418460725e-05,3.824894069010621e-05,3.824894721601942e-05,3.824895376232831e-05,3.824896032902455e-05,3.824896691611748e-05,3.824897352359441e-05,3.8248980151450587e-05,3.82489867996889e-05,3.824899346830339e-05,3.82490001572848e-05,3.824900686664278e-05,3.824901359636795e-05,3.824902034645729e-05,3.8249027116907826e-05,3.824903390771526e-05,3.8249040718877013e-05,3.824904755039055e-05,3.8249054402255554e-05,3.8249061274461944e-05,3.8249068167011e-05,3.824907507988385e-05,3.824908201310661e-05,3.824908896666049e-05,3.824909594054416e-05,3.82491029347541e-05,3.8249109949287e-05,3.824911698415016e-05,3.824912403931931e-05,3.824913111480318e-05,3.82491382105976e-05,3.824914532669941e-05,3.824915246310601e-05,3.8249159619813555e-05,3.824916679681878e-05,3.8249173994120706e-05,3.8249181211713074e-05,3.824918844959434e-05,3.8249195707761e-05,3.8249202986217745e-05,3.824921028493163e-05,3.8249217603935257e-05,3.824922494321621e-05,3.8249232302765334e-05,3.824923968257995e-05,3.824924708265524e-05,3.824925450297412e-05,3.8249261943555455e-05,3.824926940438833e-05,3.824927688547178e-05,3.8249284386820515e-05,3.8249291908413985e-05,3.824929945024916e-05,3.8249307012321726e-05,3.8249314594627054e-05,3.824932219715951e-05,3.824932981992669e-05,3.824933746291978e-05,3.824934512613562e-05,3.8249352809572626e-05,3.824936051322524e-05,3.824936823708319e-05,3.8249375981156716e-05,3.8249383745440365e-05,3.82493915299186e-05,3.8249399334607366e-05,3.824940715949541e-05,3.82494150045767e-05,3.824942286984982e-05,3.824943075531162e-05,3.8249438660959e-05,3.824944658678402e-05,3.824945453279585e-05,3.824946249898375e-05,3.8249470485344585e-05,3.824947849187526e-05,3.824948651857262e-05,3.824949456543356e-05,3.8249502632454944e-05,3.824951071963367e-05,3.8249518826966624e-05,3.8249526954450594e-05,3.824953510208334e-05,3.8249543269860656e-05,3.824955145777942e-05,3.824955966584152e-05,3.824956789403711e-05,3.8249576142364014e-05,3.8249584410819474e-05,3.824959269939969e-05,3.824960100810488e-05,3.824960933692905e-05,3.824961768585727e-05,3.8249626054908374e-05,3.8249634444057294e-05,3.824964285332899e-05,3.824965128270826e-05,3.8249659732191965e-05,3.8249668201765206e-05,3.8249676691435104e-05,3.824968520119682e-05,3.824969373104583e-05,3.824970228098215e-05,3.824971085100127e-05,3.824971944109866e-05,3.824972805127816e-05,3.824973668152565e-05,3.824974533183945e-05,3.824975400222005e-05,3.8249762692670534e-05,3.824977140319276e-05,3.824978013376153e-05,3.8249788884384974e-05,3.824979765505752e-05,3.82498064457787e-05,3.824981525654605e-05,3.824982408735472e-05,3.8249832938205936e-05,3.8249841809078356e-05,3.824985069999483e-05,3.8249859610941015e-05,3.824986854191047e-05,3.8249877492905885e-05,3.8249886463921344e-05,3.8249895454954516e-05,3.824990446600203e-05,3.8249913497050775e-05,3.824992254811725e-05,3.824993161918849e-05,3.8249940710262074e-05,3.824994982133136e-05,3.8249958952398045e-05,3.824996810346437e-05,3.8249977274508625e-05,3.8249986465544476e-05,3.824999567655984e-05,3.825000490753342e-05,3.825001415850912e-05,3.825002342944281e-05,3.825003272036318e-05,3.8250042031250904e-05,3.8250051362081324e-05,3.8250060712891394e-05,3.825007008365915e-05,3.8250079474367064e-05,3.825008888503323e-05,3.8250098315651066e-05,3.82501077662283e-05,3.825011723674568e-05,3.825012672720095e-05,3.825013623759225e-05,3.825014576791505e-05,3.8250155318172e-05,3.825016488835502e-05,3.825017447846037e-05,3.8250184088474975e-05,3.825019371841057e-05,3.825020336827343e-05,3.8250213038048094e-05,3.8250222727731496e-05,3.825023243731981e-05,3.825024216681077e-05,3.8250251916201286e-05,3.8250261685488276e-05,3.825027147466861e-05,3.825028128373923e-05,3.8250291112697e-05,3.825030096153882e-05,3.825031083026162e-05,3.8250320718862256e-05,3.8250330627336945e-05,3.825034055568271e-05,3.8250350503897026e-05,3.8250360471976726e-05,3.825037045991745e-05,3.8250380467717364e-05,3.825039049537658e-05,3.825040054288693e-05,3.825041061024862e-05,3.8250420697461474e-05,3.825043080451005e-05,3.8250440931399867e-05,3.825045107812236e-05,3.8250461244682986e-05,3.8250471431074735e-05,3.8250481637299286e-05,3.8250491863346346e-05,3.825050210921477e-05,3.8250512374901236e-05,3.825052266040526e-05,3.8250532965722616e-05,3.825054329085071e-05,3.825055363578364e-05,3.825056400052145e-05,3.8250574385057964e-05,3.825058478939307e-05,3.825059521352254e-05,3.825060565744275e-05,3.825061612115121e-05,3.825062660464633e-05,3.825063710792602e-05,3.825064763097982e-05,3.825065817380939e-05,3.825066873640144e-05,3.825067931877581e-05,3.825068992091659e-05,3.8250700542823297e-05,3.825071118448866e-05,3.8250721845910575e-05,3.825073252708692e-05,3.825074322801416e-05,3.8250753948689486e-05,3.825076468908041e-05,3.825077544924524e-05,3.8250786229153236e-05,3.825079702879162e-05,3.825080784815962e-05,3.825081868725642e-05,3.825082954608172e-05,3.8250840424630165e-05,3.82508513228983e-05,3.825086224088473e-05,3.825087317858534e-05,3.82508841359995e-05,3.825089511310519e-05,3.825090610993326e-05,3.825091712645996e-05,3.825092816268571e-05,3.82509392186089e-05,3.8250950294223786e-05,3.825096138952835e-05,3.825097250452223e-05,3.825098363919811e-05,3.825099479355223e-05,3.8251005967586705e-05,3.8251017161297045e-05,3.8251028374680566e-05,3.825103960772502e-05,3.825105086043443e-05,3.8251062132805354e-05,3.8251073424835815e-05,3.825108473652218e-05,3.825109606785895e-05,3.825110741885305e-05,3.8251118789494615e-05,3.8251130179781204e-05,3.825114158971128e-05,3.8251153019271e-05,3.825116446847275e-05,3.825117593730579e-05,3.825118742575265e-05,3.8251198933829306e-05,3.8251210461524703e-05,3.825122200885883e-05,3.8251233575797406e-05,3.825124516234485e-05,3.825125676849629e-05,3.8251268394264614e-05,3.825128003963276e-05,3.825129170460347e-05,3.825130338918185e-05,3.825131509334967e-05,3.825132681710671e-05,3.825133856045093e-05,3.825135032337966e-05,3.8251362105890096e-05,3.82513739079745e-05,3.825138572963694e-05,3.8251397570871126e-05,3.8251409431675714e-05,3.825142131204794e-05,3.825143321198295e-05,3.8251445131481564e-05,3.8251457070532935e-05,3.825146902913915e-05,3.825148100729702e-05,3.825149300500342e-05,3.825150502225642e-05,3.825151705905116e-05,3.825152911538284e-05,3.8251541191250746e-05,3.825155328665176e-05,3.825156540158286e-05,3.8251577536040974e-05,3.8251589690023066e-05,3.825160186352609e-05,3.8251614056546974e-05,3.825162626908269e-05,3.8251638501130186e-05,3.825165075268638e-05,3.825166302374823e-05,3.82516753143127e-05,3.825168762437673e-05,3.825169995393727e-05,3.825171230299127e-05,3.8251724671548806e-05,3.825173705959509e-05,3.8251749467129007e-05,3.8251761894161866e-05,3.8251774340649676e-05,3.825178680662177e-05,3.8251799292068964e-05,3.825181179697557e-05,3.8251824321345785e-05,3.82518368651611e-05,3.825184942844501e-05,3.825186201120105e-05,3.8251874613392686e-05,3.825188723503545e-05,3.825189987612628e-05,3.8251912536662096e-05,3.8251925216639844e-05,3.8251937916056856e-05,3.8251950634909296e-05,3.825196337319064e-05,3.825197613090532e-05,3.8251988908041166e-05,3.8252001704604894e-05,3.8252014520588825e-05,3.825202735599265e-05,3.825204021080783e-05,3.825205308504007e-05,3.825206597867278e-05,3.8252078891711725e-05,3.8252091824153064e-05,3.825210477599083e-05,3.8252117747240146e-05,3.825213073786876e-05,3.8252143747887026e-05,3.8252156777291947e-05,3.8252169826084326e-05,3.825218289425489e-05,3.825219598180218e-05,3.825220908872436e-05,3.8252222215017904e-05,3.825223536068342e-05,3.825224852571053e-05,3.8252261710099303e-05,3.8252274913847416e-05,3.82522881369518e-05,3.825230137940953e-05,3.825231464121739e-05,3.8252327922376745e-05,3.825234122288076e-05,3.8252354542721054e-05,3.825236788189906e-05,3.8252381240412915e-05,3.8252394618265594e-05,3.825240801543946e-05,3.82524214319396e-05,3.825243486776449e-05,3.82524483229077e-05,3.825246179737101e-05,3.825247529114819e-05,3.825248880426722e-05,3.825250233665852e-05,3.825251588835609e-05,3.825252945935653e-05,3.825254304966093e-05,3.8252556659254206e-05,3.825257028813937e-05,3.825258393630996e-05,3.825259760380926e-05,3.8252611290551177e-05,3.8252624996573876e-05,3.8252638721873025e-05,3.825265246644287e-05,3.825266623028889e-05,3.825268001340638e-05,3.825269381578549e-05,3.825270763742775e-05,3.8252721478327343e-05,3.825273533848408e-05,3.82527492178943e-05,3.8252763116549036e-05,3.825277703445513e-05,3.825279097163127e-05,3.825280492802128e-05,3.825281890364477e-05,3.825283289850744e-05,3.82528469126539e-05,3.8252860945983206e-05,3.825287499853795e-05,3.82528890703298e-05,3.825290316132789e-05,3.825291727153684e-05,3.825293140097371e-05,3.8252945549606134e-05,3.8252959717451735e-05,3.8252973904528e-05,3.8252988110775336e-05,3.825300233621905e-05,3.825301658085874e-05,3.8253030844692104e-05,3.825304512771489e-05,3.825305942992404e-05,3.8253073751316694e-05,3.825308809188957e-05,3.8253102451639784e-05,3.825311683059201e-05,3.825313122869954e-05,3.825314564598894e-05,3.825316008237927e-05,3.825317453798738e-05,3.825318901274877e-05,3.8253203506666076e-05,3.825321801965305e-05,3.825323255186345e-05,3.825324710322687e-05,3.8253261673726505e-05,3.825327626336325e-05,3.8253290872145795e-05,3.825330550006152e-05,3.8253320147111344e-05,3.8253334813305174e-05,3.825334949860755e-05,3.825336420299675e-05,3.825337892654241e-05,3.82533936692043e-05,3.8253408430980274e-05,3.8253423211867116e-05,3.825343801188416e-05,3.8253452831002616e-05,3.825346766920227e-05,3.825348252650002e-05,3.825349740289603e-05,3.8253512298384725e-05,3.825352721296172e-05,3.825354214662522e-05,3.8253557099376275e-05,3.825357207120345e-05,3.825358706214565e-05,3.825360207212413e-05,3.825361710117772e-05,3.825363214929757e-05,3.825364721648888e-05,3.825366230273966e-05,3.825367740807797e-05,3.825369253244679e-05,3.825370767586716e-05,3.82537228383399e-05,3.8253738019856865e-05,3.8253753220421095e-05,3.8253768440027276e-05,3.825378367867189e-05,3.825379893635197e-05,3.825381421306449e-05,3.8253829508806514e-05,3.8253844823575e-05,3.825386015736696e-05,3.825387551017938e-05,3.8253890882014015e-05,3.8253906272857704e-05,3.8253921682710325e-05,3.82539371115779e-05,3.825395255944678e-05,3.825396802631909e-05,3.8253983512190235e-05,3.8253999017057896e-05,3.825401454091767e-05,3.8254030083769e-05,3.825404564560796e-05,3.825406122643124e-05,3.8254076826234444e-05,3.82540924450206e-05,3.82541080827781e-05,3.825412373949837e-05,3.8254139415199e-05,3.8254155109866564e-05,3.8254170823496824e-05,3.825418655608712e-05,3.825420230763542e-05,3.8254218078137806e-05,3.825423386759181e-05,3.8254249675994204e-05,3.825426550334187e-05,3.825428134962377e-05,3.825429721485326e-05,3.825431309901642e-05,3.8254329002114584e-05,3.825434492414376e-05,3.8254360865100975e-05,3.825437682498251e-05,3.8254392803798484e-05,3.825440880152234e-05,3.825442481815922e-05,3.825444085370335e-05,3.8254456908177814e-05,3.8254472981541e-05,3.825448907380917e-05,3.825450518497826e-05,3.825452131510589e-05,3.825453746406714e-05,3.825455363191926e-05,3.825456981866025e-05,3.825458602428475e-05,3.825460224879372e-05,3.8254618492180516e-05,3.8254634754429875e-05,3.8254651035568334e-05,3.825466733557752e-05,3.8254683654462614e-05,3.825469999222655e-05,3.8254716348831785e-05,3.825473272429323e-05,3.825474911861164e-05,3.82547655317809e-05,3.8254781963800735e-05,3.8254798414666836e-05,3.825481488437587e-05,3.825483137292521e-05,3.8254847880312133e-05,3.825486440653362e-05,3.8254880951591064e-05,3.8254897515468606e-05,3.825491409819649e-05,3.8254930699692e-05,3.825494732005521e-05,3.825496395922291e-05,3.825498061720936e-05,3.8254997294003554e-05,3.825501398960275e-05,3.825503070400672e-05,3.825504743721237e-05,3.825506418921449e-05,3.825508096001558e-05,3.825509774960646e-05,3.8255114557988745e-05,3.825513138516013e-05,3.825514823111364e-05,3.825516509584864e-05,3.825518197935051e-05,3.8255198881638025e-05,3.825521580269617e-05,3.825523274252435e-05,3.825524970111883e-05,3.825526667847626e-05,3.8255283674593715e-05,3.8255300689469464e-05,3.825531772309312e-05,3.8255334775498724e-05,3.8255351846681875e-05,3.825536893656176e-05,3.8255386045177276e-05,3.825540317251207e-05,3.8255420318602906e-05,3.8255437483432285e-05,3.825545466698685e-05,3.825547186926849e-05,3.825548909027441e-05,3.825550633000163e-05,3.825552358844731e-05,3.8255540865607705e-05,3.825555816148089e-05,3.825557547606312e-05,3.825559280935185e-05,3.8255610161343846e-05,3.8255627532036296e-05,3.825564492142591e-05,3.825566232950775e-05,3.825567975628113e-05,3.825569720174303e-05,3.825571466589049e-05,3.825573214872053e-05,3.8255749650230156e-05,3.8255767170416385e-05,3.825578470927628e-05,3.825580226680683e-05,3.8255819843005074e-05,3.8255837437868026e-05,3.825585505139271e-05,3.825587268357613e-05,3.8255890334415316e-05,3.825590800390729e-05,3.825592569204904e-05,3.825594339883757e-05,3.825596112426991e-05,3.8255978868343016e-05,3.825599663105387e-05,3.825601441239944e-05,3.825603221237661e-05,3.825605003098223e-05,3.825606786821296e-05,3.8256085724065054e-05,3.825610359853279e-05,3.825612149160049e-05,3.8256139403302196e-05,3.825615733361852e-05,3.825617528254484e-05,3.825619325007762e-05,3.8256211236213547e-05,3.825622924094955e-05,3.825624726428252e-05,3.8256265306209443e-05,3.825628336672729e-05,3.8256301445833065e-05,3.82563195435238e-05,3.825633765979645e-05,3.825635579464807e-05,3.82563739480757e-05,3.825639212007633e-05,3.825641031064699e-05,3.825642851978476e-05,3.825644674748663e-05,3.8256464993749635e-05,3.825648325857083e-05,3.8256501541947216e-05,3.8256519843875826e-05,3.8256538164353746e-05,3.825655650337798e-05,3.825657486094559e-05,3.825659323705358e-05,3.825661163169903e-05,3.825663004487895e-05,3.82566484765904e-05,3.8256666926830406e-05,3.825668539559875e-05,3.8256703882889706e-05,3.825672238870032e-05,3.8256740913027675e-05,3.825675945586877e-05,3.8256778017220684e-05,3.825679659708044e-05,3.8256815195445104e-05,3.8256833812311704e-05,3.82568524476773e-05,3.825687110153858e-05,3.825688977389294e-05,3.8256908464740535e-05,3.8256927174072206e-05,3.825694590188496e-05,3.825696464818245e-05,3.82569834129585e-05,3.825700219621018e-05,3.825702099793346e-05,3.8257039818126216e-05,3.8257058656785493e-05,3.825707751390833e-05,3.825709638949173e-05,3.825711528353289e-05,3.82571341960288e-05,3.825715312697648e-05,3.825717207637298e-05,3.8257191044215397e-05,3.82572100305003e-05,3.825722903522676e-05,3.825724805839048e-05,3.82572670999844e-05,3.8257286160008785e-05,3.825730523846055e-05,3.8257324335312916e-05,3.825734345061311e-05,3.825736258433867e-05,3.825738173647505e-05,3.825740090702782e-05,3.825742009599662e-05,3.825743930336807e-05,3.8257458529145984e-05,3.825747777332332e-05,3.8257497035900424e-05,3.825751631687489e-05,3.825753561623959e-05,3.8257554934000075e-05,3.82575742701126e-05,3.825759362463607e-05,3.825761299752899e-05,3.825763238880131e-05,3.825765179844995e-05,3.825767122648248e-05,3.8257690672884665e-05,3.8257710137656364e-05,3.825772962079057e-05,3.8257749122293755e-05,3.825776864215021e-05,3.825778818034215e-05,3.825780773690136e-05,3.8257827311808514e-05,3.825784690506067e-05,3.825786651665201e-05,3.825788614660088e-05,3.82579057948722e-05,3.8257925461478126e-05,3.825794514640633e-05,3.825796484967299e-05,3.825798457126502e-05,3.825800431117946e-05,3.825802406941267e-05,3.825804384596223e-05,3.825806364082515e-05,3.825808345399747e-05,3.825810328547735e-05,3.82581231352639e-05,3.825814300334662e-05,3.825816288973194e-05,3.825818279441359e-05,3.825820271738992e-05,3.825822265865631e-05,3.825824261821067e-05,3.8258262596049274e-05,3.825828259216818e-05,3.8258302606565496e-05,3.825832263923851e-05,3.8258342690184144e-05,3.825836275939677e-05,3.825838284687631e-05,3.8258402952619824e-05,3.825842307662437e-05,3.825844321888705e-05,3.8258463379404846e-05,3.82584835581749e-05,3.825850375519424e-05,3.8258523970459914e-05,3.825854420396296e-05,3.8258564455707623e-05,3.825858472569236e-05,3.8258605013936017e-05,3.825862532043393e-05,3.825864564512133e-05,3.825866598801139e-05,3.825868634914159e-05,3.825870672849169e-05,3.825872712605878e-05,3.825874754183987e-05,3.825876797583212e-05,3.825878842803253e-05,3.825880889843823e-05,3.825882938704626e-05,3.8258849893853704e-05,3.825887041885763e-05,3.825889096205511e-05,3.8258911523443204e-05,3.8258932103019015e-05,3.825895270077907e-05,3.8258973316724207e-05,3.825899395084845e-05,3.825901460314876e-05,3.8259035273622294e-05,3.825905596226597e-05,3.8259076669077236e-05,3.8259097394053e-05,3.825911813719032e-05,3.825913889848633e-05,3.825915967793805e-05,3.82591804755426e-05,3.825920129129705e-05,3.8259222125175926e-05,3.825924297722142e-05,3.825926384740808e-05,3.825928473573344e-05,3.82593056421938e-05,3.8259326566785394e-05,3.82593475095223e-05,3.825936847037101e-05,3.8259389449338535e-05,3.825941044643543e-05,3.825943146166795e-05,3.8259452495007556e-05,3.825947354643644e-05,3.825949461599431e-05,3.825951570364783e-05,3.8259536809404654e-05,3.825955793326191e-05,3.8259579075216646e-05,3.825960023526594e-05,3.8259621413406274e-05,3.825964260963461e-05,3.825966382394861e-05,3.825968505634623e-05,3.825970630682097e-05,3.825972757536841e-05,3.825974886199822e-05,3.825977016669958e-05,3.8259791489469764e-05,3.8259812830313346e-05,3.825983418921022e-05,3.825985556616775e-05,3.825987696117312e-05,3.825989837424149e-05,3.825991980536235e-05,3.825994125452983e-05,3.8259962721743885e-05,3.825998420699735e-05,3.826000571029255e-05,3.82600272316241e-05,3.826004877098852e-05,3.826007032838718e-05,3.8260091903818875e-05,3.826011349726791e-05,3.8260135108738883e-05,3.82601567382289e-05,3.8260178385738706e-05,3.826020005126112e-05,3.8260221734802336e-05,3.826024343634017e-05,3.826026515588026e-05,3.826028689344043e-05,3.826030864898243e-05,3.8260330422508774e-05,3.826035221404187e-05,3.82603740235585e-05,3.8260395851094406e-05,3.826041769644372e-05,3.826043955987522e-05,3.8260461441327385e-05,3.826048334075204e-05,3.826050525815129e-05,3.8260527193515584e-05,3.8260549146852147e-05,3.826057111815279e-05,3.826059310745409e-05,3.826061511466535e-05,3.826063713982668e-05,3.826065918295444e-05,3.826068124403178e-05,3.8260703323055804e-05,3.8260725420023635e-05,3.826074753493237e-05,3.8260769667779125e-05,3.826079181856101e-05,3.8260813987275874e-05,3.8260836173920194e-05,3.826085837849117e-05,3.826088060098615e-05,3.826090284139853e-05,3.826092509973158e-05,3.826094737597713e-05,3.826096967013364e-05,3.826099198220188e-05,3.826101431217618e-05,3.826103666005381e-05,3.826105902583191e-05,3.8261081409507606e-05,3.8261103811077984e-05,3.826112623054017e-05,3.826114866789128e-05,3.8261171123128436e-05,3.826119359624873e-05,3.8261216087249316e-05,3.826123859612865e-05,3.82612611228826e-05,3.826128366750832e-05,3.826130623000637e-05,3.8261328810366764e-05,3.8261351408589326e-05,3.826137402467508e-05,3.8261396658615715e-05,3.826141931041407e-05,3.8261441980059334e-05,3.8261464667553626e-05,3.826148737288726e-05,3.826151009606448e-05,3.8261532837082296e-05,3.826155559593773e-05,3.826157837263075e-05,3.826160116715503e-05,3.8261623979507744e-05,3.826164680968372e-05,3.826166965769134e-05,3.826169252352256e-05,3.8261715407132235e-05,3.826173830862021e-05,3.826176122788291e-05,3.8261784164953876e-05,3.826180711983023e-05,3.826183009250909e-05,3.8261853082987774e-05,3.826187609128403e-05,3.826189911724588e-05,3.826192216103939e-05,3.826194522259645e-05,3.826196830205675e-05,3.82619913992764e-05,3.8262014514280817e-05,3.8262037647028894e-05,3.8262060797565726e-05,3.8262083965886246e-05,3.826210715197041e-05,3.826213035582201e-05,3.826215357743408e-05,3.826217681680554e-05,3.826220007393355e-05,3.8262223348815246e-05,3.826224664144825e-05,3.826226995182968e-05,3.826229327993021e-05,3.826231662579791e-05,3.826233998934922e-05,3.8262363370692626e-05,3.826238676977664e-05,3.826241018657583e-05,3.826243362111174e-05,3.8262457073418306e-05,3.8262480543281674e-05,3.826250403098457e-05,3.826252753640193e-05,3.8262551059540305e-05,3.8262574600383815e-05,3.826259815892699e-05,3.826262173518457e-05,3.826264532912319e-05,3.826266894073892e-05,3.8262692570096854e-05,3.826271621714311e-05,3.8262739881878746e-05,3.826276356430372e-05,3.8262787264365976e-05,3.826281098215409e-05,3.826283471758357e-05,3.8262858470648335e-05,3.82628822414669e-05,3.826290602995342e-05,3.826292983610531e-05,3.8262953659921906e-05,3.8262977501400347e-05,3.8263001360537804e-05,3.826302523733142e-05,3.82630491317784e-05,3.8263073043875855e-05,3.826309697363149e-05,3.8263120921003634e-05,3.826314488603378e-05,3.826316886871241e-05,3.8263192869031214e-05,3.82632168869797e-05,3.826324092255502e-05,3.826326497575815e-05,3.8263289046586195e-05,3.826331313503626e-05,3.826333724110557e-05,3.826336136479121e-05,3.8263385506090344e-05,3.826340966500011e-05,3.826343384151766e-05,3.826345803564015e-05,3.8263482247364705e-05,3.8263506476688486e-05,3.8263530723608645e-05,3.8263554988122315e-05,3.826357927022666e-05,3.82636035699188e-05,3.826362788719915e-05,3.826365222206511e-05,3.826367657450986e-05,3.826370094453035e-05,3.826372533217121e-05,3.826374973733623e-05,3.826377416006947e-05,3.826379860036432e-05,3.8263823058215965e-05,3.8263847533634334e-05,3.826387202660923e-05,3.826389653713742e-05,3.826392106521243e-05,3.826394561084244e-05,3.826397017398049e-05,3.8263994754698253e-05,3.82640193529407e-05,3.826404396871872e-05,3.8264068602030007e-05,3.826409325285231e-05,3.8264117921205425e-05,3.826414260708583e-05,3.8264167310490195e-05,3.826419203143622e-05,3.826421676987412e-05,3.826424152586544e-05,3.8264266299354047e-05,3.826429109037391e-05,3.826431589889841e-05,3.8264340724900644e-05,3.8264365568402594e-05,3.826439042940142e-05,3.826441530789423e-05,3.826444020387818e-05,3.8264465117350435e-05,3.8264490048308144e-05,3.826451499673188e-05,3.826453996254988e-05,3.8264564945925305e-05,3.826458994680062e-05,3.82646149651515e-05,3.82646400009623e-05,3.826466505425394e-05,3.8264690124983736e-05,3.82647152131877e-05,3.826474031887105e-05,3.826476544198077e-05,3.8264790582555427e-05,3.826481574059185e-05,3.8264840916047324e-05,3.826486610894288e-05,3.826489131928112e-05,3.8264916546973624e-05,3.8264941792197e-05,3.826496705484505e-05,3.826499233492696e-05,3.826501763242419e-05,3.8265042947349406e-05,3.82650682796973e-05,3.826509362944043e-05,3.8265118996617675e-05,3.826514438120412e-05,3.826516978320113e-05,3.826519520259879e-05,3.826522063939684e-05,3.826524609359714e-05,3.8265271565169854e-05,3.8265297054112035e-05,3.826532256049553e-05,3.8265348084266665e-05,3.8265373625429186e-05,3.826539918397275e-05,3.82654247599138e-05,3.826545035320682e-05,3.8265475963893e-05,3.826550159195206e-05,3.8265527237379854e-05,3.8265552900163025e-05,3.8265578580348976e-05,3.826560427785607e-05,3.8265629992744055e-05,3.826565572490377e-05,3.8265681474476066e-05,3.826570724139517e-05,3.8265733025657914e-05,3.826575882731702e-05,3.826578464627071e-05,3.826581048256216e-05,3.8265836336188414e-05,3.8265862207146866e-05,3.8265888095380134e-05,3.82659140009966e-05,3.8265939923921295e-05,3.82659658642288e-05,3.826599182187106e-05,3.826601779683494e-05,3.8266043789089795e-05,3.8266069798607475e-05,3.8266095825435974e-05,3.8266121869565074e-05,3.826614793099563e-05,3.82661740097249e-05,3.826620010574953e-05,3.826622621906806e-05,3.826625234967635e-05,3.826627849757207e-05,3.8266304662734835e-05,3.826633084519414e-05,3.8266357044925454e-05,3.8266383261993515e-05,3.8266409496306075e-05,3.8266435747866964e-05,3.826646201669555e-05,3.826648830279127e-05,3.826651460614532e-05,3.826654092676268e-05,3.826656726463356e-05,3.826659361975744e-05,3.826661999213379e-05,3.82666463817559e-05,3.8266672788628387e-05,3.826669921272149e-05,3.8266725654072566e-05,3.826675211266034e-05,3.826677858848226e-05,3.826680508153512e-05,3.82668315918147e-05,3.826685811931981e-05,3.826688466404768e-05,3.826691122599541e-05,3.826693780516023e-05,3.8266964401496605e-05,3.82669910150844e-05,3.826701764586306e-05,3.8267044293888074e-05,3.8267070959100213e-05,3.826709764150979e-05,3.826712434109877e-05,3.826715105788366e-05,3.826717779187758e-05,3.8267204543057545e-05,3.826723131137351e-05,3.826725809691685e-05,3.826728489964777e-05,3.8267311719558726e-05,3.826733855664467e-05,3.8267365410902855e-05,3.8267392282330444e-05,3.8267419170924626e-05,3.8267446076682616e-05,3.8267472999601636e-05,3.8267499939678846e-05,3.826752689691147e-05,3.826755387129669e-05,3.826758086283169e-05,3.82676078715137e-05,3.826763489733994e-05,3.826766194030758e-05,3.82676890004138e-05,3.826771607765582e-05,3.826774317203091e-05,3.8267770283536166e-05,3.826779741216883e-05,3.826782455792612e-05,3.826785172080524e-05,3.8267878900803344e-05,3.826790609791771e-05,3.82679333121455e-05,3.826796054348393e-05,3.826798779193018e-05,3.826801505748149e-05,3.8268042340135026e-05,3.826806963988804e-05,3.82680969567377e-05,3.826812429068125e-05,3.8268151641715854e-05,3.826817900983873e-05,3.826820639504712e-05,3.826823379733819e-05,3.8268261216709186e-05,3.826828865315728e-05,3.8268316106679705e-05,3.8268343577273653e-05,3.826837106493635e-05,3.8268398569664984e-05,3.826842609145681e-05,3.826845363030876e-05,3.826848118621833e-05,3.826850875918268e-05,3.8268536349199036e-05,3.8268563956264616e-05,3.826859158037662e-05,3.826861922153225e-05,3.826864687972874e-05,3.826867455496329e-05,3.826870224723313e-05,3.826872995653546e-05,3.82687576828675e-05,3.826878542622646e-05,3.826881318660955e-05,3.8268840964014e-05,3.8268868758437e-05,3.82688965698758e-05,3.82689243983276e-05,3.826895224378958e-05,3.8268980106259004e-05,3.82690079857331e-05,3.8269035882209045e-05,3.826906379568407e-05,3.82690917261554e-05,3.826911967362026e-05,3.8269147638075846e-05,3.82691756195194e-05,3.826920361794812e-05,3.826923163335923e-05,3.826925966574996e-05,3.8269287715117534e-05,3.826931578145917e-05,3.8269343864772054e-05,3.826937196505347e-05,3.8269400082300584e-05,3.826942821651065e-05,3.826945636768089e-05,3.82694845358085e-05,3.826951272089075e-05,3.826954092292481e-05,3.8269569141907935e-05,3.826959737783734e-05,3.8269625630710245e-05,3.826965390052386e-05,3.826968218727547e-05,3.8269710490962256e-05,3.826973881158145e-05,3.826976714913026e-05,3.8269795503605916e-05,3.8269823875005696e-05,3.826985226332677e-05,3.8269880668566374e-05,3.826990909072175e-05,3.8269937529790146e-05,3.826996598576873e-05,3.826999445865478e-05,3.82700229484455e-05,3.8270051455138366e-05,3.8270079978730484e-05,3.827010851921891e-05,3.827013707660095e-05,3.827016565087382e-05,3.827019424203475e-05,3.8270222850080956e-05,3.827025147500969e-05,3.8270280116818167e-05,3.8270308775509465e-05,3.827033745106918e-05,3.8270366143492734e-05,3.8270394852806055e-05,3.8270423578967336e-05,3.827045232199627e-05,3.827048108188558e-05,3.827050985865497e-05,3.827053865225565e-05,3.827056746270949e-05,3.827059629002787e-05,3.827062513417602e-05,3.827065399516573e-05,3.827068287299693e-05,3.8270711767665855e-05,3.827074067916964e-05,3.8270769607505496e-05,3.827079855267056e-05,3.827082751466194e-05,3.827085649348479e-05,3.827088548912515e-05,3.8270914501588617e-05,3.827094353086828e-05,3.827097257696138e-05,3.827100163986513e-05,3.8271030719577164e-05,3.827105981609692e-05,3.827108892941609e-05,3.8271118059534886e-05,3.827114720644331e-05,3.8271176370153494e-05,3.827120555065431e-05,3.827123474794398e-05,3.8271263962019594e-05,3.827129319288131e-05,3.827132244052259e-05,3.827135170493915e-05,3.827138098607456e-05,3.827141028407258e-05,3.827143959881969e-05,3.8271468930318946e-05,3.827149827858202e-05,3.8271527643615696e-05,3.827155702539935e-05,3.827158642401357e-05,3.827161583922317e-05,3.8271645271286904e-05,3.827167472011771e-05,3.8271704185650444e-05,3.82717336679248e-05,3.827176316695317e-05,3.827179268270094e-05,3.82718222151711e-05,3.8271851764382814e-05,3.82718813303248e-05,3.827191091299531e-05,3.827194051238536e-05,3.8271970128494864e-05,3.827199976132115e-05,3.827202941086069e-05,3.827205907710884e-05,3.827208876006343e-05,3.827211845975639e-05,3.827214817612583e-05,3.827217790919695e-05,3.8272207658965844e-05,3.8272237425426544e-05,3.827226720858093e-05,3.8272297008427505e-05,3.8272326824950264e-05,3.82723566581658e-05,3.827238650806501e-05,3.8272416374649876e-05,3.827244625790952e-05,3.8272476157833e-05,3.8272506074425085e-05,3.82725360076836e-05,3.8272565957606134e-05,3.827259592418091e-05,3.827262590742825e-05,3.827265590733477e-05,3.827268592389509e-05,3.827271595712742e-05,3.827274600699006e-05,3.827277607352305e-05,3.827280615667196e-05,3.827283625646886e-05,3.82728663728952e-05,3.827289650595626e-05,3.827292665564586e-05,3.82729568219687e-05,3.8272987004891875e-05,3.827301720446435e-05,3.827304742065776e-05,3.8273077653469685e-05,3.827310790289544e-05,3.8273138168935756e-05,3.827316845158571e-05,3.827319875084348e-05,3.827322906670589e-05,3.8273259399170185e-05,3.827328974824713e-05,3.8273320113896014e-05,3.827335049615221e-05,3.827338089501708e-05,3.8273411310447836e-05,3.827344174246264e-05,3.8273472191060515e-05,3.827350265623804e-05,3.827353313800518e-05,3.8273563636339144e-05,3.827359415124389e-05,3.8273624682710356e-05,3.8273655230750575e-05,3.8273685795352524e-05,3.827371637651732e-05,3.8273746974249386e-05,3.8273777588529533e-05,3.8273808219361606e-05,3.82738388667618e-05,3.8273869530687346e-05,3.827390021113843e-05,3.827393090813328e-05,3.827396162172613e-05,3.8273992351816894e-05,3.82740230984422e-05,3.8274053861596986e-05,3.827408464127336e-05,3.8274115437485e-05,3.827414625021618e-05,3.8274177079467375e-05,3.8274207925236016e-05,3.827423878751889e-05,3.827426966631441e-05,3.827430056161892e-05,3.827433147342982e-05,3.827436240174363e-05,3.827439334655861e-05,3.8274424307871865e-05,3.8274455285744584e-05,3.827448628004615e-05,3.8274517290835e-05,3.827454831811395e-05,3.8274579361873594e-05,3.8274610422121094e-05,3.8274641498846854e-05,3.827467259205075e-05,3.827470370173776e-05,3.827473482788452e-05,3.827476597050143e-05,3.827479712965722e-05,3.827482830520311e-05,3.827485949722312e-05,3.827489070568334e-05,3.8274921930602186e-05,3.82749531719692e-05,3.8274984429783736e-05,3.82750157040383e-05,3.827504699474204e-05,3.827507830188736e-05,3.827510962547377e-05,3.827514096549861e-05,3.827517232196286e-05,3.827520369490445e-05,3.827523508421677e-05,3.827526648995468e-05,3.8275297912114555e-05,3.827532935068573e-05,3.8275360805620266e-05,3.82753922770303e-05,3.8275423764851804e-05,3.827545526907883e-05,3.8275486789717824e-05,3.827551832675543e-05,3.827554988019544e-05,3.8275581450032547e-05,3.827561303626807e-05,3.827564463888854e-05,3.8275676257898626e-05,3.827570789331217e-05,3.827573954510052e-05,3.827577121326493e-05,3.8275802897810725e-05,3.827583459872998e-05,3.827586631603448e-05,3.827589804970127e-05,3.8275929799738276e-05,3.827596156613947e-05,3.8275993348895336e-05,3.8276025148012854e-05,3.827605696349166e-05,3.827608879532752e-05,3.827612064351138e-05,3.827615250804543e-05,3.82761843889258e-05,3.8276216286150784e-05,3.8276248199716744e-05,3.827628012962102e-05,3.8276312075860844e-05,3.827634403843358e-05,3.827637601733649e-05,3.827640801256692e-05,3.827644002412214e-05,3.827647205181518e-05,3.8276504095850604e-05,3.827653615622183e-05,3.827656823304729e-05,3.827660032618399e-05,3.827663243562919e-05,3.827666456138024e-05,3.8276696703434816e-05,3.827672886178946e-05,3.827676103645836e-05,3.827679322740671e-05,3.827682543454922e-05,3.827685765796982e-05,3.827688989765903e-05,3.8276922153598176e-05,3.8276954425874634e-05,3.827698671441073e-05,3.827701901936118e-05,3.827705134058688e-05,3.827708367793494e-05,3.8277116031480525e-05,3.8277148401364297e-05,3.827718078770812e-05,3.827721319031193e-05,3.827724560917343e-05,3.82772780442905e-05,3.8277310495650614e-05,3.82773429632317e-05,3.8277375447028155e-05,3.827740794707247e-05,3.827744046335455e-05,3.827747299590667e-05,3.827750554466279e-05,3.827753810955293e-05,3.827757069067395e-05,3.827760328811959e-05,3.827763590179216e-05,3.827766853168708e-05,3.8277701177801666e-05,3.827773384013326e-05,3.827776651867915e-05,3.827779921343663e-05,3.827783192440304e-05,3.8277864651575686e-05,3.8277897394953425e-05,3.8277930154506674e-05,3.8277962930211276e-05,3.827799572216123e-05,3.82780285303225e-05,3.8278061354676116e-05,3.827809419521357e-05,3.8278127051945396e-05,3.8278159924798104e-05,3.827819281390056e-05,3.827822571916425e-05,3.827825864060245e-05,3.827829157812545e-05,3.8278324531899064e-05,3.8278357501839515e-05,3.827839048795581e-05,3.827842349022296e-05,3.82784565086488e-05,3.8278489543176757e-05,3.8278522593917984e-05,3.827855566085404e-05,3.8278588743866466e-05,3.8278621843041254e-05,3.8278654958333996e-05,3.827868808974657e-05,3.8278721237345795e-05,3.8278754401055075e-05,3.827878758092425e-05,3.827882077691155e-05,3.827885398904169e-05,3.827888721727887e-05,3.827892046163483e-05,3.8278953722108214e-05,3.8278986998697096e-05,3.827902029141984e-05,3.8279053600284656e-05,3.8279086925228575e-05,3.8279120266255184e-05,3.827915362338565e-05,3.8279186996612284e-05,3.8279220385932205e-05,3.827925379134585e-05,3.827928721285472e-05,3.827932065039163e-05,3.827935410407007e-05,3.827938757383067e-05,3.8279421059685034e-05,3.8279454561586245e-05,3.82794880795894e-05,3.8279521613672113e-05,3.827955516380489e-05,3.82795887300091e-05,3.8279622312268846e-05,3.827965591050278e-05,3.827968952489572e-05,3.827972315516748e-05,3.827975680166459e-05,3.8279790464215626e-05,3.8279824142812646e-05,3.827985783745694e-05,3.8279891547915826e-05,3.8279925274645386e-05,3.8279959017330586e-05,3.827999277616604e-05,3.828002655099365e-05,3.828006034171373e-05,3.828009414860854e-05,3.828012797151079e-05,3.8280161810499325e-05,3.82801956655504e-05,3.828022953652947e-05,3.8280263423539945e-05,3.8280297326535354e-05,3.828033124553966e-05,3.8280365180571545e-05,3.828039913163811e-05,3.8280433098658885e-05,3.828046708166442e-05,3.828050108066865e-05,3.828053509566882e-05,3.828056912665847e-05,3.828060317362393e-05,3.8280637236660635e-05,3.828067131560291e-05,3.828070541054846e-05,3.8280739521446345e-05,3.828077364831681e-05,3.828080779113433e-05,3.82808419499459e-05,3.8280876124711645e-05,3.828091031545693e-05,3.8280944522111056e-05,3.828097874482842e-05,3.828101298343207e-05,3.8281047237999145e-05,3.828108150851618e-05,3.8281115794981644e-05,3.828115009739064e-05,3.828118441574163e-05,3.828121875003198e-05,3.828125310026041e-05,3.8281287466422474e-05,3.8281321848507875e-05,3.828135624653374e-05,3.8281390660481064e-05,3.828142509035254e-05,3.828145953614412e-05,3.828149399785523e-05,3.828152847544693e-05,3.828156296898425e-05,3.828159747843641e-05,3.828163200374227e-05,3.8281666545006894e-05,3.8281701102172454e-05,3.828173567523501e-05,3.8281770264194375e-05,3.828180486903882e-05,3.828183948978434e-05,3.828187412638973e-05,3.828190877891058e-05,3.828194344731516e-05,3.8281978131600335e-05,3.828201283183088e-05,3.828204754786493e-05,3.828208227975132e-05,3.8282117027538346e-05,3.828215179119022e-05,3.828218657070687e-05,3.828222136608608e-05,3.828225617732561e-05,3.8282291004425e-05,3.828232584736744e-05,3.828236070617275e-05,3.828239558082525e-05,3.828243047133344e-05,3.828246537772896e-05,3.828250029991746e-05,3.82825352379514e-05,3.828257019181119e-05,3.828260516150449e-05,3.828264014702869e-05,3.8282675148381155e-05,3.828271016555901e-05,3.828274519855428e-05,3.828278024735552e-05,3.828281531200205e-05,3.828285039245591e-05,3.828288548872466e-05,3.828292060080369e-05,3.828295572868784e-05,3.8282990872379546e-05,3.82830260318721e-05,3.828306120716152e-05,3.828309639824955e-05,3.828313160512436e-05,3.828316682779354e-05,3.828320206625455e-05,3.8283237320499176e-05,3.828327259052889e-05,3.828330787633928e-05,3.828334317789856e-05,3.828337849516778e-05,3.828341382830804e-05,3.828344917722035e-05,3.828348454189831e-05,3.828351992234243e-05,3.82835553185448e-05,3.828359073050544e-05,3.8283626158224845e-05,3.828366160169868e-05,3.828369706092443e-05,3.828373253589946e-05,3.828376802662197e-05,3.828380353308806e-05,3.828383905529428e-05,3.828387459327174e-05,3.8283910146956905e-05,3.828394571637235e-05,3.828398130151871e-05,3.828401690239334e-05,3.8284052518997324e-05,3.828408815132463e-05,3.828412379938127e-05,3.828415946313044e-05,3.828419514259157e-05,3.8284230837783934e-05,3.8284266548706556e-05,3.8284302275252336e-05,3.828433801756039e-05,3.8284373775573014e-05,3.828440954926253e-05,3.828444533864941e-05,3.828448114373119e-05,3.828451696450569e-05,3.8284552800970914e-05,3.828458865294802e-05,3.828462452080136e-05,3.828466040433642e-05,3.8284696303548824e-05,3.82847322184549e-05,3.8284768149027914e-05,3.8284804095240866e-05,3.828484005712018e-05,3.828487603466379e-05,3.828491202789588e-05,3.828494803680525e-05,3.8284984061354025e-05,3.8285020101557134e-05,3.828505615740567e-05,3.8285092228897584e-05,3.828512831604911e-05,3.828516441889458e-05,3.828520053733118e-05,3.8285236671406475e-05,3.8285272821103616e-05,3.828530898644341e-05,3.8285345167386654e-05,3.828538136401184e-05,3.828541757623152e-05,3.8285453804084897e-05,3.828549004756129e-05,3.8285526306655955e-05,3.828556258136631e-05,3.8285598871688605e-05,3.8285635177539604e-05,3.828567149907188e-05,3.828570783624295e-05,3.828574418900944e-05,3.828578055735897e-05,3.8285816941306084e-05,3.828585334088668e-05,3.828588975602592e-05,3.8285926186749355e-05,3.828596263305575e-05,3.828599909497306e-05,3.828603557241139e-05,3.828607206546475e-05,3.8286108574083466e-05,3.828614509830137e-05,3.828618163807898e-05,3.828621819342535e-05,3.82862547643065e-05,3.8286291350783206e-05,3.82863279528344e-05,3.828636457042583e-05,3.828640120357834e-05,3.828643785227498e-05,3.828647451652926e-05,3.8286511196331724e-05,3.82865478916822e-05,3.828658460256873e-05,3.828662132899974e-05,3.8286658070967475e-05,3.828669482845129e-05,3.8286731601486944e-05,3.828676839001591e-05,3.828680519420412e-05,3.828684201382067e-05,3.828687884899372e-05,3.828691569965147e-05,3.828695256582596e-05,3.828698944747901e-05,3.828702634461498e-05,3.8287063257385686e-05,3.828710018560096e-05,3.828713712927219e-05,3.8287174088472026e-05,3.828721106319052e-05,3.8287248053375415e-05,3.8287285059090313e-05,3.828732208028645e-05,3.8287359116976724e-05,3.8287396169150865e-05,3.828743323680891e-05,3.828747031994451e-05,3.828750741852856e-05,3.8287544532681276e-05,3.828758166223277e-05,3.828761880733981e-05,3.828765596772234e-05,3.8287693143753726e-05,3.8287730335294284e-05,3.8287767542178525e-05,3.828780476451345e-05,3.8287842002306475e-05,3.828787925555386e-05,3.8287916524262756e-05,3.82879538084115e-05,3.828799110800006e-05,3.8288028423007746e-05,3.828806575347246e-05,3.828810309934836e-05,3.828814046068807e-05,3.828817783745955e-05,3.828821522965875e-05,3.828825263728342e-05,3.8288290060334546e-05,3.828832749882061e-05,3.828836495281007e-05,3.828840242223373e-05,3.8288439906894e-05,3.828847740705618e-05,3.828851492261931e-05,3.828855245359576e-05,3.8288589999937954e-05,3.828862756165694e-05,3.828866513877427e-05,3.8288702731287694e-05,3.828874033922456e-05,3.828877796256355e-05,3.828881560125439e-05,3.828885325534703e-05,3.8288890924794026e-05,3.828892860948394e-05,3.8288966309723166e-05,3.8289004025327325e-05,3.828904175631065e-05,3.828907950263249e-05,3.8289117264319625e-05,3.828915504136986e-05,3.82891928337808e-05,3.828923064155007e-05,3.828926846469698e-05,3.828930630315196e-05,3.828934415707573e-05,3.828938202628058e-05,3.8289419910837146e-05,3.828945781068917e-05,3.8289495725911464e-05,3.828953365651051e-05,3.828957160244307e-05,3.828960956367826e-05,3.82896475401801e-05,3.8289685532069695e-05,3.828972353942923e-05,3.828976156196823e-05,3.828979959978614e-05,3.828983765297193e-05,3.8289875721436175e-05,3.82899138052386e-05,3.828995190436084e-05,3.828999001878701e-05,3.829002814852078e-05,3.829006629355575e-05,3.829010445388988e-05,3.8290142629543736e-05,3.829018082047091e-05,3.829021902668802e-05,3.829025724819572e-05,3.8290295484990996e-05,3.82903337370829e-05,3.8290372004440965e-05,3.8290410287084635e-05,3.829044858499897e-05,3.829048689818133e-05,3.8290525226644045e-05,3.829056357037547e-05,3.8290601929375905e-05,3.8290640303642885e-05,3.829067869316611e-05,3.829071709795012e-05,3.829075551797577e-05,3.82907939532668e-05,3.829083240382656e-05,3.829087086962806e-05,3.8290909350734105e-05,3.8290947847177605e-05,3.829098635869646e-05,3.8291024885453286e-05,3.829106342744518e-05,3.829110198466988e-05,3.829114055712582e-05,3.82911791448064e-05,3.8291217747716366e-05,3.829125636586072e-05,3.829129499919926e-05,3.829133364776432e-05,3.829137231153704e-05,3.8291410990533574e-05,3.8291449684739996e-05,3.829148839415364e-05,3.8291527118772184e-05,3.829156585859162e-05,3.829160461361129e-05,3.829164338383044e-05,3.829168216924165e-05,3.829172096982519e-05,3.829175978556003e-05,3.829179861655807e-05,3.8291837462720885e-05,3.8291876324052775e-05,3.829191520062226e-05,3.829195409232463e-05,3.829199299920108e-05,3.829203192124909e-05,3.829207085846611e-05,3.82921098108517e-05,3.829214877840274e-05,3.829218776111144e-05,3.8292226758978936e-05,3.829226577198399e-05,3.8292304800095284e-05,3.8292343843416886e-05,3.829238290191949e-05,3.82924219753433e-05,3.829246106410989e-05,3.829250016801742e-05,3.829253928706332e-05,3.829257842124547e-05,3.829261757069088e-05,3.829265673513674e-05,3.829269591471079e-05,3.829273510942174e-05,3.829277431923819e-05,3.829281354418155e-05,3.8292852784239924e-05,3.8292892039415755e-05,3.829293130971083e-05,3.829297059503805e-05,3.829300989546275e-05,3.829304921103868e-05,3.82930885417546e-05,3.8293127887590384e-05,3.829316724852012e-05,3.8293206624396e-05,3.829324601548856e-05,3.829328542165614e-05,3.829332484293505e-05,3.829336427929543e-05,3.829340373076146e-05,3.829344319733853e-05,3.8293482678949334e-05,3.829352217561088e-05,3.8293561687358396e-05,3.829360121420097e-05,3.829364075609911e-05,3.8293680313051005e-05,3.829371988501361e-05,3.829375947207485e-05,3.829379907418363e-05,3.82938386913328e-05,3.8293878323579036e-05,3.82939179708859e-05,3.829395763322933e-05,3.8293997310636324e-05,3.8294037003076685e-05,3.829407671054674e-05,3.8294116433041854e-05,3.829415617055587e-05,3.829419592310457e-05,3.829423569072785e-05,3.829427547327387e-05,3.8294315270779714e-05,3.8294355083454417e-05,3.8294394911128256e-05,3.829443475380785e-05,3.829447461153854e-05,3.8294514484252465e-05,3.82945543723106e-05,3.829459427508776e-05,3.829463419276418e-05,3.829467412550713e-05,3.829471407324053e-05,3.8294754035983226e-05,3.8294794013714705e-05,3.8294834006475104e-05,3.82948740141863e-05,3.829491403687343e-05,3.8294954074381954e-05,3.82949941270632e-05,3.8295034194607823e-05,3.829507427722821e-05,3.8295114374832696e-05,3.8295154487448955e-05,3.829519461498636e-05,3.829523475756178e-05,3.829527491501758e-05,3.829531508743859e-05,3.829535527480216e-05,3.829539547713494e-05,3.829543569422199e-05,3.829547592645992e-05,3.8295516173555496e-05,3.8295556435687164e-05,3.829559671276516e-05,3.82956370047658e-05,3.829567731168182e-05,3.829571763356826e-05,3.8295757970425044e-05,3.829579832212743e-05,3.8295838688834105e-05,3.829587907053589e-05,3.829591946706356e-05,3.829595987850286e-05,3.829600030486857e-05,3.829604074614635e-05,3.8296081202414985e-05,3.8296121673520814e-05,3.829616215955863e-05,3.8296202660440954e-05,3.8296243176300474e-05,3.829628370702946e-05,3.829632425261265e-05,3.829636481306467e-05,3.8296405388471185e-05,3.8296445978699074e-05,3.829648658387719e-05,3.829652720392564e-05,3.8296567838891624e-05,3.829660848871446e-05,3.829664915342148e-05,3.829668983300653e-05,3.829673052746421e-05,3.8296771236792095e-05,3.829681196104524e-05,3.829685270015892e-05,3.829689345406474e-05,3.829693422282418e-05,3.8296975006433636e-05,3.8297015804970345e-05,3.829705661830152e-05,3.829709744649746e-05,3.829713828953651e-05,3.82971791474914e-05,3.829722002019972e-05,3.829726090775367e-05,3.829730181014772e-05,3.8297342727441075e-05,3.829738365951668e-05,3.829742460642269e-05,3.8297465568198817e-05,3.829750654476408e-05,3.8297547536154006e-05,3.8297588542336946e-05,3.8297629563394e-05,3.829767059922753e-05,3.829771164987306e-05,3.829775271532815e-05,3.829779379557739e-05,3.829783489063172e-05,3.829787600050413e-05,3.829791712517162e-05,3.829795826463995e-05,3.829799941890321e-05,3.829804058797644e-05,3.8298081771861395e-05,3.829812297050462e-05,3.829816418378765e-05,3.829820541198376e-05,3.8298246654964606e-05,3.829828791271691e-05,3.829832918524992e-05,3.829837047255397e-05,3.829841177462341e-05,3.829845309146458e-05,3.829849442333687e-05,3.829853576969628e-05,3.829857713087912e-05,3.8298618506765124e-05,3.8298659897399784e-05,3.8298701302793404e-05,3.8298742722935635e-05,3.8298784157825416e-05,3.829882560746313e-05,3.8298867071833235e-05,3.8298908551140204e-05,3.829895004497315e-05,3.829899155361943e-05,3.829903307694352e-05,3.8299074615024954e-05,3.8299116167823584e-05,3.8299157735304195e-05,3.8299199317513205e-05,3.829924091445121e-05,3.8299282526134405e-05,3.8299324152561334e-05,3.829936579367906e-05,3.82994074495642e-05,3.829944912008466e-05,3.8299490805297216e-05,3.829953250522337e-05,3.829957421985243e-05,3.829961594917209e-05,3.8299657693185375e-05,3.829969945189762e-05,3.8299741225301203e-05,3.829978301346849e-05,3.8299824816318693e-05,3.8299866633850214e-05,3.829990846606176e-05,3.8299950312952313e-05,3.8299992174520975e-05,3.8300034050766746e-05,3.8300075941687816e-05,3.830011784717614e-05,3.830015976733426e-05,3.8300201702162096e-05,3.830024365165202e-05,3.830028561581707e-05,3.830032759461342e-05,3.830036958803987e-05,3.8300411596141666e-05,3.83004536188851e-05,3.8300495656291085e-05,3.8300537708336586e-05,3.8300579775033595e-05,3.830062185634298e-05,3.830066395228876e-05,3.8300706062864977e-05,3.830074818814724e-05,3.830079032798718e-05,3.8300832482446824e-05,3.8300874651529944e-05,3.830091683523777e-05,3.830095903356215e-05,3.830100124649904e-05,3.8301043474048856e-05,3.830108571621023e-05,3.8301127972976615e-05,3.830117024432862e-05,3.830121253033408e-05,3.830125483093015e-05,3.830129714611048e-05,3.83013394758799e-05,3.830138182034049e-05,3.8301424179374905e-05,3.830146655291798e-05,3.8301508941046545e-05,3.8301551343758224e-05,3.8301593761050565e-05,3.830163619292116e-05,3.830167863936755e-05,3.830172110038727e-05,3.830176357597789e-05,3.8301806066136925e-05,3.8301848570861925e-05,3.830189109015042e-05,3.8301933623999974e-05,3.8301976172408116e-05,3.83020187353724e-05,3.830206131289042e-05,3.830210390495979e-05,3.8302146511578104e-05,3.8302189132757856e-05,3.8302231768499615e-05,3.830227441876333e-05,3.830231708355992e-05,3.8302359762891014e-05,3.830240245675472e-05,3.830244516504043e-05,3.830248788796269e-05,3.83025306254149e-05,3.8302573377384756e-05,3.83026161438759e-05,3.8302658924885914e-05,3.8302701720268495e-05,3.830274453020189e-05,3.8302787354545006e-05,3.830283019335585e-05,3.830287304687239e-05,3.830291591493116e-05,3.830295879749867e-05,3.830300169460021e-05,3.8303044606196757e-05,3.830308753225994e-05,3.830313047281509e-05,3.830317342799095e-05,3.830321639735097e-05,3.830325938142868e-05,3.8303302379791754e-05,3.830334539274768e-05,3.8303388420176044e-05,3.830343146221295e-05,3.8303474518541074e-05,3.8303517589327696e-05,3.830356067467636e-05,3.8303603774481355e-05,3.8303646888731684e-05,3.8303690017838775e-05,3.830373316101875e-05,3.8303776319016005e-05,3.83038194912581e-05,3.830386267782232e-05,3.8303905878798266e-05,3.8303949094208704e-05,3.830399232408217e-05,3.830403556838809e-05,3.830407882714194e-05,3.830412210032411e-05,3.8304165387953e-05,3.830420869001175e-05,3.830425200666183e-05,3.830429533754047e-05,3.830433868280267e-05,3.830438204265676e-05,3.8304425416846984e-05,3.8304468805450255e-05,3.830451220846346e-05,3.830455562586471e-05,3.8304599057664956e-05,3.830464250387834e-05,3.83046859642967e-05,3.830472943933195e-05,3.830477292876043e-05,3.830481643243112e-05,3.830485995063652e-05,3.8304903483232e-05,3.830494703021534e-05,3.8304990591595985e-05,3.8305034167354737e-05,3.83050777574934e-05,3.830512136200941e-05,3.830516498089304e-05,3.830520861404304e-05,3.830525226156497e-05,3.830529592345641e-05,3.830533959971491e-05,3.8305383290338026e-05,3.830542699532337e-05,3.830547071466846e-05,3.83055144483709e-05,3.830555819642826e-05,3.8305601958838075e-05,3.830564573559792e-05,3.830568952670538e-05,3.830573333215802e-05,3.830577715195342e-05,3.830582098608912e-05,3.83058648345627e-05,3.830590869737171e-05,3.830595257451374e-05,3.830599646598638e-05,3.830604037178714e-05,3.830608429191363e-05,3.830612822636339e-05,3.830617217513401e-05,3.830621613822302e-05,3.8306260115628034e-05,3.830630410734658e-05,3.8306348113376235e-05,3.8306392133714574e-05,3.830643616843506e-05,3.8306480217458635e-05,3.830652428078293e-05,3.830656835840547e-05,3.8306612450323816e-05,3.830665655653553e-05,3.830670067703816e-05,3.83067448118293e-05,3.830678896090649e-05,3.8306833124267276e-05,3.8306877301909256e-05,3.830692149382991e-05,3.830696570002691e-05,3.830700992049774e-05,3.830705415524e-05,3.8307098404251217e-05,3.830714266752898e-05,3.8307186945070844e-05,3.830723123687436e-05,3.8307275542937125e-05,3.830731986325666e-05,3.830736419783056e-05,3.830740854668189e-05,3.830745290978259e-05,3.830749728713868e-05,3.830754167879483e-05,3.830758608463982e-05,3.8307630504699954e-05,3.8307674938997355e-05,3.8307719387529565e-05,3.830776385029414e-05,3.830780832728865e-05,3.8307852818510626e-05,3.830789732395763e-05,3.830794184362718e-05,3.830798637751686e-05,3.8308030925624176e-05,3.8308075487946684e-05,3.830812006440647e-05,3.8308164655065515e-05,3.8308209259916734e-05,3.830825387894885e-05,3.830829851213923e-05,3.830834315940603e-05,3.830838782100583e-05,3.8308432496748355e-05,3.830847718675549e-05,3.8308521890987064e-05,3.830856660951137e-05,3.8308611342267364e-05,3.830865608919746e-05,3.830870085025039e-05,3.8308745625490034e-05,3.830879041491305e-05,3.830883521844571e-05,3.83088800361578e-05,3.830892486811645e-05,3.8308969714300036e-05,3.830901457458981e-05,3.830905944896885e-05,3.830910433750114e-05,3.8309149240185994e-05,3.830919415709025e-05,3.8309239088142075e-05,3.8309284033339026e-05,3.8309328992706974e-05,3.830937396608379e-05,3.830941895343071e-05,3.8309463954988525e-05,3.830950897080605e-05,3.8309554000798966e-05,3.8309599045013425e-05,3.8309644103360046e-05,3.830968917583634e-05,3.8309734262439786e-05,3.8309779363167944e-05,3.830982447801834e-05,3.830986960700178e-05,3.8309914750102605e-05,3.8309959907320394e-05,3.8310005078610754e-05,3.831005026388199e-05,3.831009546340744e-05,3.831014067706255e-05,3.8310185904819334e-05,3.8310231146646254e-05,3.831027640257091e-05,3.831032167259091e-05,3.8310366956703824e-05,3.831041225490724e-05,3.831045756719871e-05,3.8310502893575846e-05,3.8310548234036237e-05,3.8310593588577486e-05,3.831063895719715e-05,3.8310684339892816e-05,3.831072973666208e-05,3.831077514750252e-05,3.8310820572411734e-05,3.831086601138733e-05,3.831091146442685e-05,3.831095693152791e-05,3.8311002412620186e-05,3.831104790776875e-05,3.831109341697129e-05,3.831113894022541e-05,3.831118447752875e-05,3.8311230028980814e-05,3.831127559447751e-05,3.831132117401647e-05,3.8311366767595325e-05,3.831141237521166e-05,3.8311457996863145e-05,3.831150363254734e-05,3.831154928226192e-05,3.8311594946004476e-05,3.831164062377266e-05,3.8311686315564106e-05,3.831173202137574e-05,3.83117777412007e-05,3.831182347503815e-05,3.831186922289835e-05,3.831191498474854e-05,3.831196076062407e-05,3.8312006550506416e-05,3.831205235438965e-05,3.831209817226993e-05,3.831214400414931e-05,3.8312189850025635e-05,3.83122357098972e-05,3.8312281583795237e-05,3.831232747152805e-05,3.831237337323038e-05,3.8312419288882994e-05,3.831246521839665e-05,3.831251116202468e-05,3.8312557119603816e-05,3.8312603091149816e-05,3.831264907671227e-05,3.8312695076264823e-05,3.831274108979691e-05,3.8312787117449414e-05,3.831283315904985e-05,3.83128792147244e-05,3.831292528433474e-05,3.831297136762164e-05,3.8313017464862995e-05,3.831306357605603e-05,3.83131097011982e-05,3.8313155840286914e-05,3.8313201993389934e-05,3.8313248160433647e-05,3.831329434119597e-05,3.8313340535820744e-05,3.831338674474995e-05,3.831343296764831e-05,3.831347920447031e-05,3.831352545512914e-05,3.831357171977787e-05,3.831361799849911e-05,3.83136642911799e-05,3.8313710597330466e-05,3.831375691766459e-05,3.83138032519251e-05,3.8313849599977756e-05,3.831389596193843e-05,3.8313942337923904e-05,3.831398872779452e-05,3.831403513156744e-05,3.831408154923887e-05,3.831412798080643e-05,3.83141744262689e-05,3.8314220885608076e-05,3.8314267358917496e-05,3.8314313846194414e-05,3.8314360347319095e-05,3.831440686227196e-05,3.831445339103646e-05,3.83144999337156e-05,3.831454649026709e-05,3.831459306065718e-05,3.831463964490761e-05,3.831468624303489e-05,3.831473285502613e-05,3.8314779480878294e-05,3.831482612058749e-05,3.831487277414629e-05,3.831491944151789e-05,3.8314966122803753e-05,3.831501281793719e-05,3.831505952687842e-05,3.8315106249707886e-05,3.831515298630341e-05,3.831519973680363e-05,3.8315246501152086e-05,3.8315293279340905e-05,3.8315340071387786e-05,3.831538687731225e-05,3.8315433696989856e-05,3.831548053049228e-05,3.831552737785463e-05,3.8315574239028807e-05,3.831562111402706e-05,3.8315668002849665e-05,3.831571490548144e-05,3.831576182193226e-05,3.831580875218195e-05,3.831585569624942e-05,3.831590265413148e-05,3.831594962584022e-05,3.831599661131451e-05,3.831604361057748e-05,3.831609062372248e-05,3.8316137650574184e-05,3.8316184691217056e-05,3.831623174565081e-05,3.83162788138715e-05,3.831632589587684e-05,3.8316372991663885e-05,3.831642010131076e-05,3.831646722466237e-05,3.831651436195257e-05,3.831656151291634e-05,3.8316608677676794e-05,3.831665585612466e-05,3.831670304832389e-05,3.831675025428493e-05,3.831679747403426e-05,3.831684470753451e-05,3.831689195477282e-05,3.831693921576422e-05,3.831698649052296e-05,3.831703377904384e-05,3.831708108131674e-05,3.831712839734444e-05,3.83171757270677e-05,3.831722307053049e-05,3.831727042775033e-05,3.831731779870638e-05,3.831736518339651e-05,3.831741258181865e-05,3.831745999397081e-05,3.8317507419851036e-05,3.831755485945744e-05,3.831760231273403e-05,3.8317649779725684e-05,3.831769726042873e-05,3.831774475483865e-05,3.831779226294875e-05,3.831783978481337e-05,3.831788732041785e-05,3.831793486971219e-05,3.8317982432683795e-05,3.831803000934285e-05,3.831807759971076e-05,3.831812520377241e-05,3.8318172821524854e-05,3.831822045296386e-05,3.831826809807954e-05,3.831831575693226e-05,3.8318363429442466e-05,3.831841111563301e-05,3.831845881550336e-05,3.831850652903751e-05,3.831855425625731e-05,3.831860199714894e-05,3.831864975170674e-05,3.831869752000986e-05,3.8318745301897965e-05,3.831879309743518e-05,3.831884090664748e-05,3.831888872937247e-05,3.831893656593489e-05,3.831898441617227e-05,3.8319032280038624e-05,3.8319080157512806e-05,3.831912804863314e-05,3.831917595339664e-05,3.831922387180094e-05,3.831927180384368e-05,3.831931974953231e-05,3.8319367708840566e-05,3.831941568179378e-05,3.831946366836265e-05,3.8319511668540704e-05,3.8319559682525684e-05,3.8319607710197076e-05,3.831965575139896e-05,3.83197038061049e-05,3.831975187441648e-05,3.831979995633657e-05,3.83198480518604e-05,3.83198961609905e-05,3.831994428383665e-05,3.83199924201713e-05,3.832004057010336e-05,3.832008873364037e-05,3.832013691095767e-05,3.832018510195866e-05,3.8320233306326636e-05,3.832028152423491e-05,3.832032975549077e-05,3.832037800057063e-05,3.8320426259236376e-05,3.8320474531091226e-05,3.832052281692565e-05,3.8320571116360366e-05,3.832061942934995e-05,3.83206677558586e-05,3.832071609598064e-05,3.832076444985884e-05,3.832081281711063e-05,3.832086119787355e-05,3.832090959224482e-05,3.832095800017531e-05,3.8321006421615824e-05,3.83210548566482e-05,3.8321103305298683e-05,3.832115176749962e-05,3.832120024317211e-05,3.832124873238289e-05,3.832129723513962e-05,3.8321345751434334e-05,3.832139428126541e-05,3.8321442824612246e-05,3.832149138150671e-05,3.832153995188804e-05,3.832158853583495e-05,3.832163713331818e-05,3.83216857443885e-05,3.8321734368958826e-05,3.832178300719698e-05,3.8321831658772124e-05,3.832188032372929e-05,3.832192900220495e-05,3.83219776942533e-05,3.8322026399823405e-05,3.8322075118793554e-05,3.832212385131109e-05,3.832217259739613e-05,3.832222135696482e-05,3.832227013025263e-05,3.832231891691215e-05,3.832236771692877e-05,3.832241653043413e-05,3.832246535743059e-05,3.8322514197921936e-05,3.832256305191036e-05,3.8322611919381096e-05,3.832266080040989e-05,3.8322709694685936e-05,3.8322758602525906e-05,3.832280752381213e-05,3.8322856458598496e-05,3.832290540686287e-05,3.832295436860204e-05,3.832300334380251e-05,3.832305233245448e-05,3.832310133457151e-05,3.832315035013093e-05,3.832319937925877e-05,3.832324842173282e-05,3.832329747762122e-05,3.832334654693187e-05,3.832339562971652e-05,3.832344472581737e-05,3.832349383572775e-05,3.832354295875743e-05,3.832359209525222e-05,3.8323641245130236e-05,3.83236904085087e-05,3.832373958531806e-05,3.832378877549624e-05,3.832383797913719e-05,3.832388719619781e-05,3.832393642667856e-05,3.832398567057213e-05,3.8324034927868575e-05,3.8324084198574004e-05,3.832413348270293e-05,3.8324182780261454e-05,3.832423209113372e-05,3.832428141547749e-05,3.832433075319056e-05,3.832438010430304e-05,3.8324429468836403e-05,3.8324478846729976e-05,3.832452823801286e-05,3.8324577642672973e-05,3.8324627060715616e-05,3.832467649211782e-05,3.83247259369187e-05,3.8324775395095273e-05,3.832482486664482e-05,3.8324874351565455e-05,3.8324923849854874e-05,3.832497336151075e-05,3.83250228865308e-05,3.832507242490628e-05,3.832512197664624e-05,3.832517154183123e-05,3.832522112027175e-05,3.832527071205251e-05,3.832532031720772e-05,3.832536993563421e-05,3.832541956749121e-05,3.8325469212689485e-05,3.832551887122835e-05,3.832556854310528e-05,3.832561822831773e-05,3.832566792686171e-05,3.832571763837256e-05,3.8325767363578716e-05,3.832581710200409e-05,3.8325866853760935e-05,3.832591661892948e-05,3.8325966397432615e-05,3.832601618919159e-05,3.832606599429198e-05,3.832611581273768e-05,3.832616564448876e-05,3.832621548955783e-05,3.8326265347930476e-05,3.8326315219607895e-05,3.832636510459457e-05,3.8326415002868054e-05,3.832646491443835e-05,3.8326514839286246e-05,3.832656477743531e-05,3.832661472903408e-05,3.832666469380829e-05,3.8326714671873004e-05,3.832676466303329e-05,3.832681466762658e-05,3.832686468551117e-05,3.832691471666202e-05,3.832696476108826e-05,3.832701481881763e-05,3.832706488978087e-05,3.832711497401355e-05,3.832716507151033e-05,3.832721518228189e-05,3.832726530619638e-05,3.8327315443515304e-05,3.832736559406904e-05,3.832741575777026e-05,3.8327465934695293e-05,3.832751612502746e-05,3.8327566328597774e-05,3.832761654535417e-05,3.8327666775350456e-05,3.8327717018627524e-05,3.832776727526099e-05,3.832781754500715e-05,3.832786782798626e-05,3.832791812424206e-05,3.8327968433620705e-05,3.832801875630297e-05,3.832806909215162e-05,3.832811944137926e-05,3.832816980367723e-05,3.832822017918215e-05,3.83282705679306e-05,3.8328320969921305e-05,3.832837138511372e-05,3.832842181351041e-05,3.832847225495699e-05,3.832852270963131e-05,3.832857317755214e-05,3.832862365874493e-05,3.8328674153094104e-05,3.832872466065724e-05,3.832877518170519e-05,3.832882571587953e-05,3.8328876263066843e-05,3.8328926823432965e-05,3.832897739696906e-05,3.832902798368071e-05,3.8329078583558794e-05,3.83291291966058e-05,3.832917982280288e-05,3.832923046216717e-05,3.8329281114704985e-05,3.832933178043809e-05,3.8329382459297236e-05,3.832943315136527e-05,3.832948385655603e-05,3.832953457464497e-05,3.832958530607106e-05,3.832963605065858e-05,3.832968680849369e-05,3.832973757949873e-05,3.8329788363642175e-05,3.832983916103017e-05,3.832988997139933e-05,3.83299407949038e-05,3.8329991631615565e-05,3.833004248145611e-05,3.8330093344425695e-05,3.8330144220529013e-05,3.833019510975955e-05,3.8330246012073655e-05,3.833029692771585e-05,3.8330347856358776e-05,3.833039879802423e-05,3.833044975283139e-05,3.833050072081187e-05,3.833055170188104e-05,3.833060269603443e-05,3.833065370337852e-05,3.833070472371799e-05,3.833075575721283e-05,3.833080680379666e-05,3.833085786348754e-05,3.8330908936318254e-05,3.833096002220182e-05,3.8331011121176486e-05,3.833106223328801e-05,3.833111335844285e-05,3.833116449672417e-05,3.833121564823692e-05,3.833126681264034e-05,3.833131799013256e-05,3.833136918065649e-05,3.833142038421538e-05,3.833147160091594e-05,3.833152283069266e-05,3.833157407359445e-05,3.83316253297417e-05,3.833167659870245e-05,3.8331727880740954e-05,3.833177917585304e-05,3.833183048395924e-05,3.833188180507113e-05,3.833193313930062e-05,3.8331984486595405e-05,3.833203584686886e-05,3.8332087220174014e-05,3.8332138606705925e-05,3.833219000621479e-05,3.833224141872244e-05,3.833229284432682e-05,3.8332344282901245e-05,3.833239573450444e-05,3.83324471990554e-05,3.833249867672716e-05,3.833255016741231e-05,3.833260167130255e-05,3.833265318804664e-05,3.8332704717704905e-05,3.833275626054328e-05,3.833280781625874e-05,3.833285938504236e-05,3.833291096682838e-05,3.833296256162926e-05,3.833301416942498e-05,3.833306579022118e-05,3.833311742401818e-05,3.8333169070540785e-05,3.833322073026343e-05,3.83332724030442e-05,3.833332408893218e-05,3.833337578769147e-05,3.833342749939679e-05,3.8333479224325425e-05,3.833353096204533e-05,3.833358271273238e-05,3.833363447634371e-05,3.833368625299319e-05,3.833373804230179e-05,3.8333789844854425e-05,3.833384166041322e-05,3.83338934888854e-05,3.8333945330368774e-05,3.833399718480074e-05,3.8334049052195644e-05,3.833410093255012e-05,3.833415282587062e-05,3.83342047323269e-05,3.833425665151922e-05,3.833430858362686e-05,3.833436052872934e-05,3.833441248677829e-05,3.833446445776389e-05,3.83345164416959e-05,3.833456843861242e-05,3.833462044843876e-05,3.8334672471165554e-05,3.833472450682412e-05,3.833477655542316e-05,3.8334828616955435e-05,3.833488069138586e-05,3.833493277873897e-05,3.833498487896958e-05,3.833503699215213e-05,3.8335089118207766e-05,3.8335141257220864e-05,3.833519340914273e-05,3.83352455739476e-05,3.833529775165243e-05,3.8335349942168374e-05,3.8335402145704206e-05,3.833545436211336e-05,3.833550659122899e-05,3.833555883345713e-05,3.8335611088769286e-05,3.833566335673309e-05,3.83357156376255e-05,3.833576793142406e-05,3.8335820238069595e-05,3.83358725575745e-05,3.83359248898476e-05,3.8335977235134155e-05,3.8336029593296116e-05,3.833608196432303e-05,3.83361343481628e-05,3.833618674471131e-05,3.833623915433522e-05,3.833629157683588e-05,3.833634401219127e-05,3.8336396460440365e-05,3.8336448921515115e-05,3.8336501395572034e-05,3.833655388233555e-05,3.833660638196354e-05,3.8336658894438095e-05,3.8336711419749086e-05,3.833676395783876e-05,3.833681650882681e-05,3.8336869072659405e-05,3.83369216491944e-05,3.833697423869459e-05,3.8337026841033576e-05,3.833707945620141e-05,3.833713208382523e-05,3.833718472464804e-05,3.8337237378264623e-05,3.833729004472276e-05,3.8337342723994586e-05,3.833739541604978e-05,3.833744812095549e-05,3.8337500838668426e-05,3.833755356920404e-05,3.833760631255113e-05,3.833765906871435e-05,3.8337711837665536e-05,3.8337764619538606e-05,3.8337817414082604e-05,3.833787022141376e-05,3.833792304138883e-05,3.83379758742001e-05,3.833802871991612e-05,3.833808157841946e-05,3.833813444970973e-05,3.833818733378665e-05,3.833824023074358e-05,3.8338293140345586e-05,3.8338346062717136e-05,3.8338398998003085e-05,3.8338451945913085e-05,3.8338504906622416e-05,3.833855788009482e-05,3.8338610866351804e-05,3.833866386532447e-05,3.83387168770886e-05,3.833876990164429e-05,3.833882293891501e-05,3.833887598866864e-05,3.833892905138727e-05,3.8338982126916656e-05,3.833903521531413e-05,3.833908831635632e-05,3.833914142998201e-05,3.833919455649209e-05,3.833924769574543e-05,3.833930084771444e-05,3.8339354012399765e-05,3.8339407189837465e-05,3.833946037999704e-05,3.833951358289419e-05,3.833956679851391e-05,3.833962002645893e-05,3.8339673267522205e-05,3.833972652131595e-05,3.833977978796262e-05,3.833983306716789e-05,3.8339886359082186e-05,3.833993966370362e-05,3.833999298102743e-05,3.834004631106221e-05,3.8340099653799294e-05,3.834015300923642e-05
20,1.566787003628967e-23,3.4200718615350214e-23,5.458865625757191e-23,7.63701921655805e-23,9.920649509667213e-23,1.2284139157874095e-22,1.4708093517682455e-22,1.7177828162530396e-22,1.9682224918780193e-22,2.221286576607643e-22,2.47633770796269e-22,2.7328933129474497e-22,2.9905880159652394e-22,3.2491451763257293e-22,3.508355338136821e-22,3.768059913843455e-22,4.0281388303725304e-22,4.288501175528114e-22,4.549078115997731e-22,4.809817535287345e-22,5.070679973884585e-22,5.3316355553914565e-22,5.592661659174731e-22,5.853741158235095e-22,6.114861085026398e-22,6.376011621293251e-22,6.637185333236109e-22,6.898376592423647e-22,7.159581137342217e-22,7.420795741426828e-22,7.682017961714231e-22,7.943245948537815e-22,8.204478301439937e-22,8.465713960077284e-22,8.726952121620886e-22,8.988192178216402e-22,9.249433669632603e-22,9.510676247409777e-22,9.771919647714915e-22,1.0033163670789352e-21,1.0294408165387689e-21,1.0555653016995913e-21,1.0816898138910804e-21,1.1078143465485896e-21,1.1339388947017437e-21,1.1600634545872836e-21,1.1861880233558886e-21,1.212312598850223e-21,1.2384371794368794e-21,1.2645617638791402e-21,1.2906863512406354e-21,1.316810940812401e-21,1.3429355320576519e-21,1.3690601245699674e-21,1.3951847180416285e-21,1.4213093122396484e-21,1.4474339069876238e-21,1.4735585021519918e-21,1.499683097631631e-21,1.5258076933499727e-21,1.5519322892490462e-21,1.578056885284957e-21,1.6041814814244764e-21,1.6303060776424402e-21,1.6564306739197977e-21,1.6825552702421248e-21,1.7086798665984996e-21,1.734804462980654e-21,1.7609290593823265e-21,1.7870536557987776e-21,1.813178252226418e-21,1.8393028486625306e-21,1.8654274451050577e-21,1.891552041552441e-21,1.917676638003501e-21,1.9438012344573453e-21,1.9699258309133005e-21,1.9960504273708483e-21,2.0221750238296047e-21,2.0482996202892763e-21,2.074424216749642e-21,2.1005488132105316e-21,2.1266734096718184e-21,2.1527980061334103e-21,2.1789226025952253e-21,2.2050471990572125e-21,2.2311717955193318e-21,2.2572963919815485e-21,2.28342098844384e-21,2.3095455849061884e-21,2.33567018136858e-21,2.3617947778310043e-21,2.3879193742934523e-21,2.4140439707559188e-21,2.4401685672183988e-21,2.4662931636808893e-21,2.492417760143387e-21,2.518542356605888e-21,2.5446669530683974e-21,2.570791549530911e-21,2.596916145993426e-21,2.62304074245594e-21,2.64916533891846e-21,2.675289935380979e-21,2.7014145318435005e-21,2.727539128306022e-21,2.7536637247685448e-21,2.7797883212310673e-21,2.8059129176935876e-21,2.832037514156111e-21,2.8581621106186337e-21,2.8842867070811577e-21,2.9104113035436806e-21,2.9365359000062027e-21,2.962660496468729e-21,2.988785092931252e-21,3.014909689393776e-21,3.041034285856298e-21,3.067158882318824e-21,3.0932834787813476e-21,3.1194080752438712e-21,3.1455326717063945e-21,3.1716572681689185e-21,3.1977818646314418e-21,3.223906461093966e-21,3.250031057556492e-21,3.2761556540190142e-21,3.302280250481536e-21,3.328404846944061e-21,3.3545294434065836e-21,3.3806540398691087e-21,3.4067786363316335e-21,3.432903232794157e-21,3.459027829256683e-21,3.485152425719209e-21,3.511277022181733e-21,3.537401618644263e-21,3.563526215106788e-21,3.589650811569312e-21,3.615775408031836e-21,3.64190000449436e-21,3.668024600956884e-21,3.694149197419408e-21,3.7202737938819315e-21,3.746398390344455e-21,3.772522986806978e-21,3.7986475832695024e-21,3.824772179732027e-21,3.850896776194551e-21,3.8770213726570756e-21,3.9031459691196e-21,3.929270565582125e-21,3.95539516204465e-21,3.9815197585071754e-21,4.0076443549697005e-21,4.033768951432225e-21,4.059893547894749e-21,4.0860181443572745e-21,4.112142740819798e-21,4.1382673372823225e-21,4.164391933744846e-21,4.190516530207374e-21,4.216641126669897e-21,4.242765723132421e-21,4.268890319594945e-21,4.295014916057472e-21,4.321139512519997e-21,4.3472641089825214e-21,4.373388705445044e-21,4.399513301907569e-21,4.425637898370093e-21,4.451762494832615e-21,4.47788709129514e-21,4.5040116877576625e-21,4.5301362842201846e-21,4.5562608806827075e-21,4.5823854771452304e-21,4.608510073607755e-21,4.634634670070278e-21,4.660759266532802e-21,4.686883862995328e-21,4.713008459457853e-21,4.739133055920377e-21,4.765257652382905e-21,4.79138224884543e-21,4.817506845307955e-21,4.84363144177048e-21,4.869756038233005e-21,4.895880634695527e-21,4.92200523115805e-21,4.948129827620575e-21,4.9742544240830985e-21,5.0003790205456214e-21,5.026503617008145e-21,5.052628213470668e-21,5.07875280993319e-21,5.1048774063957114e-21,5.131002002858234e-21,5.157126599320756e-21,5.183251195783272e-21,5.209375792245791e-21,5.235500388708312e-21,5.261624985170834e-21,5.287749581633354e-21,5.3138741780958765e-21,5.339998774558398e-21,5.366123371020921e-21,5.392247967483444e-21,5.4183725639459635e-21,5.4444971604084864e-21,5.4706217568710055e-21,5.496746353333526e-21,5.522870949796047e-21,5.5489955462585674e-21,5.5751201427210865e-21,5.601244739183611e-21,5.6273693356461316e-21,5.653493932108643e-21,5.679618528571161e-21,5.70574312503368e-21,5.7318677214961975e-21,5.757992317958716e-21,5.7841169144212335e-21,5.81024151088375e-21,5.836366107346268e-21,5.862490703808784e-21,5.8886153002712995e-21,5.914739896733814e-21,5.9408644931963325e-21,5.966989089658848e-21,5.99311368612137e-21,6.019238282583886e-21,6.0453628790464e-21,6.071487475508918e-21,6.097612071971434e-21,6.1237366684339506e-21,6.149861264896468e-21,6.175985861358982e-21,6.202110457821498e-21,6.2282350542840135e-21,6.254359650746528e-21,6.280484247209043e-21,6.3066088436715566e-21,6.332733440134073e-21,6.358858036596587e-21,6.384982633059103e-21,6.4111072295216196e-21,6.437231825984133e-21,6.463356422446649e-21,6.489481018909164e-21,6.515605615371675e-21,6.541730211834192e-21,6.567854808296705e-21,6.5939794047592196e-21,6.620104001221734e-21,6.646228597684249e-21,6.6723531941467634e-21,6.698477790609281e-21,6.724602387071795e-21,6.750726983534311e-21,6.776851579996828e-21,6.802976176459344e-21,6.82910077292186e-21,6.855225369384373e-21,6.88134996584689e-21,6.907474562309404e-21,6.933599158771919e-21,6.959723755234432e-21,6.985848351696946e-21,7.011972948159462e-21,7.038097544621977e-21,7.064222141084492e-21,7.090346737547006e-21,7.11647133400952e-21,7.142595930472035e-21,7.168720526934549e-21,7.194845123397062e-21,7.220969719859576e-21,7.247094316322088e-21,7.273218912784601e-21,7.299343509247116e-21,7.325468105709627e-21,7.351592702172139e-21,7.377717298634653e-21,7.403841895097167e-21,7.429966491559678e-21,7.45609108802219e-21,7.482215684484707e-21,7.508340280947216e-21,7.534464877409728e-21,7.56058947387224e-21,7.586714070334752e-21,7.612838666797265e-21,7.638963263259778e-21,7.665087859722289e-21,7.6912124561848e-21,7.717337052647312e-21,7.743461649109822e-21,7.769586245572332e-21,7.795710842034844e-21,7.821835438497352e-21,7.847960034959864e-21,7.874084631422374e-21,7.900209227884885e-21,7.926333824347396e-21,7.952458420809909e-21,7.97858301727242e-21,8.00470761373493e-21,8.03083221019744e-21,8.05695680665995e-21,8.083081403122459e-21,8.109205999584968e-21,8.135330596047478e-21,8.16145519250999e-21,8.187579788972501e-21,8.21370438543501e-21,8.23982898189752e-21,8.26595357836003e-21,8.29207817482254e-21,8.31820277128505e-21,8.344327367747562e-21,8.370451964210072e-21,8.396576560672582e-21,8.422701157135092e-21,8.448825753597602e-21,8.474950350060112e-21,8.501074946522619e-21,8.527199542985126e-21,8.553324139447636e-21,8.579448735910145e-21,8.605573332372652e-21,8.63169792883516e-21,8.657822525297666e-21,8.683947121760175e-21,8.710071718222683e-21,8.736196314685186e-21,8.762320911147695e-21,8.788445507610203e-21,8.814570104072712e-21,8.840694700535219e-21,8.866819296997726e-21,8.892943893460233e-21,8.919068489922739e-21,8.945193086385247e-21,8.971317682847751e-21,8.99744227931026e-21,9.023566875772765e-21,9.049691472235273e-21,9.075816068697777e-21,9.101940665160284e-21,9.128065261622792e-21,9.154189858085296e-21,9.180314454547802e-21,9.20643905101031e-21,9.232563647472818e-21,9.258688243935326e-21,9.284812840397835e-21,9.310937436860339e-21,9.337062033322846e-21,9.363186629785355e-21,9.389311226247863e-21,9.415435822710369e-21,9.441560419172873e-21,9.467685015635383e-21,9.493809612097887e-21,9.519934208560393e-21,9.5460588050229e-21,9.572183401485407e-21,9.598307997947914e-21,9.624432594410421e-21,9.650557190872928e-21,9.676681787335434e-21,9.702806383797939e-21,9.728930980260448e-21,9.755055576722955e-21,9.78118017318546e-21,9.807304769647969e-21,9.833429366110472e-21,9.859553962572982e-21,9.885678559035489e-21,9.911803155497996e-21,9.937927751960496e-21,9.964052348423001e-21,9.990176944885508e-21,1.0016301541348017e-20,1.004242613781052e-20,1.006855073427303e-20,1.0094675330735535e-20,1.012079992719804e-20,1.0146924523660546e-20,1.0173049120123053e-20,1.0199173716585559e-20,1.0225298313048067e-20,1.0251422909510572e-20,1.0277547505973082e-20,1.0303672102435584e-20,1.0329796698898093e-20,1.0355921295360595e-20,1.038204589182309e-20,1.0408170488285598e-20,1.0434295084748103e-20,1.0460419681210613e-20,1.0486544277673119e-20,1.0512668874135624e-20,1.053879347059813e-20,1.0564918067060634e-20,1.059104266352314e-20,1.0617167259985645e-20,1.0643291856448146e-20,1.0669416452910653e-20,1.0695541049373162e-20,1.0721665645835668e-20,1.0747790242298175e-20,1.0773914838760683e-20,1.0800039435223193e-20,1.0826164031685699e-20,1.0852288628148206e-20,1.0878413224610713e-20,1.0904537821073219e-20,1.0930662417535729e-20,1.0956787013998234e-20,1.0982911610460741e-20,1.1009036206923246e-20,1.1035160803385754e-20,1.1061285399848263e-20,1.108740999631077e-20,1.1113534592773277e-20,1.1139659189235784e-20,1.1165783785698287e-20,1.1191908382160795e-20,1.1218032978623302e-20,1.124415757508581e-20,1.1270282171548318e-20,1.1296406768010822e-20,1.1322531364473328e-20,1.1348655960935835e-20,1.1374780557398343e-20,1.1400905153860846e-20,1.1427029750323351e-20,1.1453154346785854e-20,1.147927894324836e-20,1.1505403539710868e-20,1.1531528136173377e-20,1.1557652732635884e-20,1.158377732909839e-20,1.1609901925560895e-20,1.1636026522023405e-20,1.1662151118485912e-20,1.168827571494842e-20,1.1714400311410928e-20,1.1740524907873433e-20,1.1766649504335939e-20,1.1792774100798443e-20,1.1818898697260944e-20,1.1845023293723453e-20,1.1871147890185955e-20,1.1897272486648464e-20,1.192339708311097e-20,1.1949521679573478e-20,1.197564627603598e-20,1.2001770872498488e-20,1.2027895468960995e-20,1.20540200654235e-20,1.2080144661886009e-20,1.2106269258348513e-20,1.2132393854811022e-20,1.2158518451273532e-20,1.2184643047736033e-20,1.221076764419854e-20,1.2236892240661047e-20,1.2263016837123556e-20,1.228914143358607e-20,1.2315266030048576e-20,1.2341390626511087e-20,1.2367515222973595e-20,1.23936398194361e-20,1.2419764415898609e-20,1.2445889012361117e-20,1.2472013608823621e-20,1.249813820528613e-20,1.2524262801748636e-20,1.2550387398211141e-20,1.2576511994673647e-20,1.2602636591136152e-20,1.2628761187598658e-20,1.2654885784061166e-20,1.2681010380523672e-20,1.2707134976986179e-20,1.2733259573448686e-20,1.275938416991119e-20,1.2785508766373699e-20,1.2811633362836198e-20,1.2837757959298704e-20,1.2863882555761214e-20,1.2890007152223721e-20,1.2916131748686227e-20,1.294225634514873e-20,1.2968380941611241e-20,1.2994505538073744e-20,1.3020630134536252e-20,1.3046754730998765e-20,1.307287932746127e-20,1.3099003923923778e-20,1.3125128520386285e-20,1.315125311684879e-20,1.3177377713311296e-20,1.3203502309773802e-20,1.3229626906236309e-20,1.3255751502698814e-20,1.3281876099161323e-20,1.3308000695623833e-20,1.3334125292086336e-20,1.3360249888548841e-20,1.338637448501135e-20,1.3412499081473857e-20,1.3438623677936364e-20,1.3464748274398867e-20,1.3490872870861369e-20,1.3516997467323876e-20,1.3543122063786379e-20,1.3569246660248884e-20,1.359537125671139e-20,1.3621495853173893e-20,1.3647620449636397e-20,1.3673745046098898e-20,1.36998696425614e-20,1.37259942390239e-20,1.3752118835486404e-20,1.3778243431948905e-20,1.3804368028411406e-20,1.3830492624873907e-20,1.3856617221336408e-20,1.3882741817798915e-20,1.390886641426142e-20,1.3934991010723924e-20,1.3961115607186428e-20,1.3987240203648932e-20,1.4013364800111427e-20,1.4039489396573934e-20,1.4065613993036435e-20,1.409173858949894e-20,1.4117863185961437e-20,1.4143987782423944e-20,1.4170112378886445e-20,1.4196236975348943e-20,1.4222361571811444e-20,1.4248486168273948e-20,1.427461076473645e-20,1.4300735361198954e-20,1.432685995766145e-20,1.435298455412395e-20,1.4379109150586454e-20,1.4405233747048955e-20,1.4431358343511456e-20,1.445748293997396e-20,1.448360753643646e-20,1.4509732132898962e-20,1.4535856729361463e-20,1.4561981325823967e-20,1.4588105922286468e-20,1.4614230518748972e-20,1.464035511521147e-20,1.4666479711673978e-20,1.4692604308136473e-20,1.471872890459898e-20,1.4744853501061478e-20,1.477097809752398e-20,1.479710269398648e-20,1.4823227290448984e-20,1.4849351886911482e-20,1.4875476483373983e-20,1.4901601079836484e-20,1.4927725676298988e-20,1.4953850272761486e-20,1.4979974869223987e-20,1.500609946568649e-20,1.5032224062148996e-20,1.5058348658611497e-20,1.5084473255073998e-20,1.5110597851536502e-20,1.5136722447999e-20,1.5162847044461504e-20,1.5188971640924002e-20,1.5215096237386503e-20,1.5241220833849007e-20,1.5267345430311505e-20,1.529347002677401e-20,1.5319594623236507e-20,1.5345719219699014e-20,1.5371843816161512e-20,1.5397968412624014e-20,1.5424093009086515e-20,1.545021760554902e-20,1.547634220201152e-20,1.550246679847402e-20,1.5528591394936522e-20,1.5554715991399023e-20,1.5580840587861524e-20,1.5606965184324025e-20,1.5633089780786526e-20,1.5659214377249027e-20,1.568533897371153e-20,1.571146357017403e-20,1.573758816663653e-20,1.5763712763099038e-20,1.5789837359561542e-20,1.581596195602404e-20,1.5842086552486547e-20,1.586821114894905e-20,1.5894335745411546e-20,1.5920460341874044e-20,1.5946584938336548e-20,1.597270953479905e-20,1.5998834131261553e-20,1.602495872772405e-20,1.6051083324186555e-20,1.6077207920649056e-20,1.610333251711156e-20,1.6129457113574062e-20,1.615558171003657e-20,1.618170630649907e-20,1.6207830902961574e-20,1.6233955499424078e-20,1.6260080095886576e-20,1.6286204692349083e-20,1.6312329288811584e-20,1.6338453885274085e-20,1.636457848173659e-20,1.6390703078199087e-20,1.641682767466159e-20,1.6442952271124092e-20,1.6469076867586593e-20,1.64952014640491e-20,1.65213260605116e-20,1.6547450656974097e-20,1.6573575253436598e-20,1.6599699849899102e-20,1.6625824446361603e-20,1.6651949042824104e-20,1.6678073639286605e-20,1.6704198235749103e-20,1.673032283221161e-20,1.675644742867411e-20,1.678257202513661e-20,1.6808696621599113e-20,1.6834821218061614e-20,1.6860945814524113e-20,1.6887070410986614e-20,1.6913195007449118e-20,1.693931960391162e-20,1.6965444200374123e-20,1.6991568796836624e-20,1.7017693393299122e-20,1.7043817989761626e-20,1.7069942586224127e-20,1.7096067182686628e-20,1.712219177914913e-20,1.7148316375611633e-20,1.7174440972074134e-20,1.7200565568536635e-20,1.7226690164999137e-20,1.7252814761461638e-20,1.7278939357924145e-20,1.7305063954386646e-20,1.733118855084915e-20,1.735731314731165e-20,1.738343774377415e-20,1.7409562340236656e-20,1.743568693669916e-20,1.746181153316166e-20,1.7487936129624156e-20,1.751406072608666e-20,1.7540185322549167e-20,1.7566309919011666e-20,1.7592434515474164e-20,1.7618559111936665e-20,1.7644683708399172e-20,1.767080830486167e-20,1.7696932901324168e-20,1.7723057497786672e-20,1.774918209424918e-20,1.777530669071168e-20,1.7801431287174175e-20,1.7827555883636673e-20,1.7853680480099183e-20,1.7879805076561684e-20,1.790592967302418e-20,1.793205426948668e-20,1.7958178865949185e-20,1.798430346241169e-20,1.8010428058874184e-20,1.8036552655336688e-20,1.8062677251799192e-20,1.8088801848261693e-20,1.8114926444724197e-20,1.8141051041186698e-20,1.8167175637649196e-20,1.81933002341117e-20,1.82194248305742e-20,1.8245549427036702e-20,1.8271674023499206e-20,1.829779861996171e-20,1.8323923216424215e-20,1.8350047812886716e-20,1.837617240934922e-20,1.8402297005811718e-20,1.842842160227422e-20,1.8454546198736717e-20,1.848067079519922e-20,1.850679539166172e-20,1.853291998812422e-20,1.855904458458672e-20,1.8585169181049225e-20,1.861129377751173e-20,1.863741837397423e-20,1.866354297043673e-20,1.868966756689924e-20,1.8715792163361734e-20,1.8741916759824244e-20,1.876804135628674e-20,1.8794165952749243e-20,1.8820290549211738e-20,1.884641514567424e-20,1.8872539742136746e-20,1.8898664338599253e-20,1.892478893506175e-20,1.8950913531524252e-20,1.8977038127986747e-20,1.9003162724449248e-20,1.9029287320911755e-20,1.9055411917374254e-20,1.9081536513836758e-20,1.910766111029926e-20,1.913378570676176e-20,1.915991030322426e-20,1.918603489968676e-20,1.921215949614926e-20,1.9238284092611758e-20,1.9264408689074265e-20,1.9290533285536766e-20,1.931665788199927e-20,1.9342782478461768e-20,1.9368907074924275e-20,1.9395031671386773e-20,1.9421156267849275e-20,1.9447280864311776e-20,1.947340546077428e-20,1.9499530057236778e-20,1.952565465369928e-20,1.955177925016178e-20,1.9577903846624278e-20,1.9604028443086785e-20,1.9630153039549283e-20,1.965627763601178e-20,1.9682402232474288e-20,1.9708526828936786e-20,1.9734651425399287e-20,1.9760776021861785e-20,1.9786900618324287e-20,1.981302521478679e-20,1.9839149811249292e-20,1.986527440771179e-20,1.9891399004174294e-20,1.9917523600636795e-20,1.9943648197099296e-20,1.9969772793561797e-20,1.9995897390024298e-20,2.0022021986486796e-20,2.0048146582949303e-20,2.0074271179411798e-20,2.0100395775874296e-20,2.0126520372336797e-20,2.0152644968799298e-20,2.017876956526179e-20,2.0204894161724283e-20,2.023101875818678e-20,2.025714335464928e-20,2.0283267951111774e-20,2.0309392547574272e-20,2.033551714403677e-20,2.036164174049927e-20,2.038776633696177e-20,2.041389093342427e-20,2.0440015529886765e-20,2.0466140126349263e-20,2.0492264722811764e-20,2.0518389319274265e-20,2.054451391573676e-20,2.0570638512199258e-20,2.059676310866175e-20,2.0622887705124252e-20,2.064901230158675e-20,2.0675136898049242e-20,2.0701261494511737e-20,2.0727386090974232e-20,2.075351068743672e-20,2.0779635283899216e-20,2.0805759880361705e-20,2.08318844768242e-20,2.0858009073286692e-20,2.088413366974918e-20,2.091025826621168e-20,2.093638286267417e-20,2.0962507459136663e-20,2.0988632055599155e-20,2.1014756652061656e-20,2.1040881248524142e-20,2.106700584498664e-20,2.1093130441449135e-20,2.1119255037911627e-20,2.114537963437412e-20,2.1171504230836615e-20,2.119762882729911e-20,2.1223753423761593e-20,2.1249878020224085e-20,2.127600261668658e-20,2.1302127213149075e-20,2.1328251809611567e-20,2.135437640607406e-20,2.138050100253656e-20,2.140662559899905e-20,2.143275019546154e-20,2.145887479192403e-20,2.1484999388386525e-20,2.1511123984849017e-20,2.153724858131151e-20,2.1563373177774004e-20,2.15894977742365e-20,2.161562237069899e-20,2.1641746967161486e-20,2.1667871563623978e-20,2.1693996160086476e-20,2.1720120756548965e-20,2.1746245353011457e-20,2.177236994947395e-20,2.1798494545936445e-20,2.1824619142398937e-20,2.1850743738861432e-20,2.1876868335323927e-20,2.1902992931786422e-20,2.1929117528248908e-20,2.1955242124711403e-20,2.1981366721173892e-20,2.200749131763638e-20,2.2033615914098873e-20,2.2059740510561365e-20,2.2085865107023854e-20,2.211198970348635e-20,2.2138114299948838e-20,2.2164238896411333e-20,2.2190363492873825e-20,2.221648808933632e-20,2.2242612685798806e-20,2.2268737282261304e-20,2.2294861878723796e-20,2.2320986475186288e-20,2.234711107164878e-20,2.2373235668111273e-20,2.239936026457376e-20,2.2425484861036254e-20,2.2451609457498752e-20,2.247773405396124e-20,2.2503858650423736e-20,2.2529983246886228e-20,2.2556107843348723e-20,2.2582232439811212e-20,2.2608357036273707e-20,2.26344816327362e-20,2.2660606229198694e-20,2.2686730825661186e-20,2.2712855422123675e-20,2.2738980018586167e-20,2.2765104615048665e-20,2.2791229211511157e-20,2.281735380797365e-20,2.2843478404436144e-20,2.2869603000898636e-20,2.2895727597361134e-20,2.292185219382363e-20,2.2947976790286128e-20,2.2974101386748614e-20,2.3000225983211112e-20,2.3026350579673607e-20,2.3052475176136105e-20,2.3078599772598594e-20,2.310472436906109e-20,2.313084896552358e-20,2.3156973561986082e-20,2.318309815844857e-20,2.320922275491106e-20,2.3235347351373555e-20,2.3261471947836044e-20,2.328759654429854e-20,2.3313721140761034e-20,2.3339845737223526e-20,2.3365970333686015e-20,2.3392094930148507e-20,2.3418219526610996e-20,2.3444344123073488e-20,2.3470468719535974e-20,2.3496593315998472e-20,2.3522717912460967e-20,2.3548842508923454e-20,2.3574967105385946e-20,2.360109170184844e-20,2.3627216298310927e-20,2.365334089477342e-20,2.3679465491235914e-20,2.3705590087698412e-20,2.37317146841609e-20,2.3757839280623387e-20,2.3783963877085882e-20,2.381008847354838e-20,2.3836213070010866e-20,2.386233766647336e-20,2.3888462262935853e-20,2.3914586859398345e-20,2.3940711455860837e-20,2.3966836052323332e-20,2.3992960648785824e-20,2.401908524524831e-20,2.4045209841710805e-20,2.4071334438173297e-20,2.4097459034635792e-20,2.412358363109828e-20,2.414970822756077e-20,2.4175832824023263e-20,2.4201957420485752e-20,2.422808201694825e-20,2.4254206613410745e-20,2.4280331209873237e-20,2.430645580633573e-20,2.4332580402798218e-20,2.435870499926071e-20,2.4384829595723208e-20,2.4410954192185703e-20,2.4437078788648192e-20,2.4463203385110687e-20,2.4489327981573176e-20,2.4515452578035662e-20,2.454157717449816e-20,2.4567701770960658e-20,2.4593826367423153e-20,2.4619950963885645e-20,2.4646075560348137e-20,2.4672200156810632e-20,2.4698324753273118e-20,2.4724449349735616e-20,2.4750573946198115e-20,2.4776698542660607e-20,2.4802823139123102e-20,2.48289477355856e-20,2.485507233204809e-20,2.4881196928510587e-20,2.4907321524973073e-20,2.4933446121435577e-20,2.4959570717898063e-20,2.4985695314360558e-20,2.5011819910823047e-20,2.5037944507285542e-20,2.5064069103748034e-20,2.5090193700210523e-20,2.5116318296673018e-20,2.514244289313551e-20,2.5168567489598002e-20,2.51946920860605e-20,2.5220816682522992e-20,2.5246941278985487e-20,2.527306587544798e-20,2.529919047191047e-20,2.532531506837296e-20,2.5351439664835453e-20,2.5377564261297942e-20,2.5403688857760434e-20,2.5429813454222926e-20,2.545593805068541e-20,2.54820626471479e-20,2.5508187243610396e-20,2.5534311840072888e-20,2.5560436436535386e-20,2.558656103299788e-20,2.5612685629460367e-20,2.5638810225922865e-20,2.566493482238536e-20,2.5691059418847846e-20,2.5717184015310338e-20,2.5743308611772836e-20,2.5769433208235325e-20,2.5795557804697823e-20,2.5821682401160315e-20,2.584780699762281e-20,2.5873931594085305e-20,2.59000561905478e-20,2.5926180787010287e-20,2.5952305383472782e-20,2.5978429979935274e-20,2.600455457639777e-20,2.6030679172860255e-20,2.6056803769322747e-20,2.608292836578524e-20,4.5746411095623954e-17,9.602399818236313e-17,1.4885849903483804e-16,2.0384589409353075e-16,2.607768262884513e-16,3.1953831166845143e-16,3.800791945069922e-16,4.423889525355749e-16,5.064841242889451e-16,5.723996308462865e-16,6.40183259953251e-16,7.098921920388317e-16,7.81590843782565e-16,8.553495619802528e-16,9.312438669780005e-16,1.0093540526528686e-15,1.0897650194428631e-15,1.1725662617240968e-15,1.2578519597020289e-15,1.3457211444776424e-15,1.4362779169200201e-15,1.5296317086023854e-15,1.6258975780228386e-15,1.7251965385261792e-15,1.8276559164453282e-15,1.9334097393902887e-15,2.04259915557669e-15,2.155372885787486e-15,2.271887710100893e-15,2.3923089919643447e-15,2.5168112426070367e-15,2.6455787291496802e-15,2.7788061301866703e-15,2.91669924301574e-15,3.059475747134528e-15,3.2073660291048726e-15,3.360614074449205e-15,3.5194784327703813e-15,3.68423326301942e-15,3.855169466549623e-15,4.032595916325949e-15,4.216840791765188e-15,4.408253029521769e-15,4.60720390179542e-15,4.814088735018273e-15,5.029328783226331e-15,5.2533732720726885e-15,5.486701631307198e-15,5.729825935649799e-15,5.983293576315269e-15,6.2476901883735395e-15,6.523642861313012e-15,6.811823665638166e-15,7.112953529559452e-15,7.427806506571568e-15,7.757214478805303e-15,8.102072347199368e-15,8.463343766167779e-15,8.842067488259582e-15,9.239364393143568e-15,9.65644528544786e-15,1.009461955781134e-14,1.0555304829090877e-14,1.1040037683460774e-14,1.1550485654332487e-14,1.2088460618444677e-14,1.2655933789902866e-14,1.3255052533136804e-14,1.3888159247186851e-14,1.4557812613396053e-14,1.52668115449191e-14,1.6018222231064603e-14,1.6815408733861808e-14,1.7662067670491084e-14,1.8562267605114413e-14,1.9520493881316888e-14,2.054169975356974e-14,2.1631364828888028e-14,2.2795562012196164e-14,2.4041034368111788e-14,2.5375283575639848e-14,2.6806671970735666e-14,2.834454055732337e-14,2.999934583570075e-14,3.178281886779843e-14,3.3708150696113476e-14,3.5790209087818746e-14,3.8045792627799187e-14,4.049392948245933e-14,4.315622976557073e-14,4.6057302437874273e-14,4.922525017223861e-14,5.2692258748473074e-14,5.6495301489908774e-14,6.067698424814698e-14,6.528656279783764e-14,7.038117263375992e-14,7.602732163209245e-14,8.230270961594648e-14,8.92984566202218e-14,9.712184508899521e-14,1.0589971252805214e-13,1.1578267344300412e-13,1.2695040749174462e-13,1.3961833196564766e-13,1.5404609248982273e-13,1.705484746902412e-13,1.895095919722133e-13,2.1140159164914996e-13,2.368097309323159e-13,2.664666577756446e-13,3.013003567500934e-13,3.4250296368409243e-13,3.916323735007231e-13,4.5076683175526573e-13,5.227474258374479e-13,6.115701261783273e-13,7.230387038627827e-13,8.658848548110706e-13,1.0537504350278422e-12,1.3088159004728998e-12,1.6686953112737638e-12,2.2000705262419703e-12,3.0266944451333617e-12,4.388539672479397e-12,6.767367911082974e-12,1.1143914629083112e-11,1.9477377178679256e-11,3.5480406394166475e-11,6.57391125947004e-11,1.2130484018402252e-10,2.1940978548568214e-10,3.827958338269146e-10,6.326806868006385e-10,9.75393146173003e-10,1.3905405976362882e-09,1.8316446372305068e-09,2.24148098230586e-09,2.5706812741261503e-09,2.7878831576074096e-09,2.88144255442146e-09,2.8574191859688976e-09,2.7353162834569267e-09,2.541952631825929e-09,2.3051960926275674e-09,2.0494142407194847e-09,1.7932840948901851e-09,1.5495166687384264e-09,1.3256791332624373e-09,1.1254191066012437e-09,9.496682311683927e-10,7.976358318130209e-10,6.675480927646438e-10,5.571581052588318e-10,4.6407586132980753e-10,3.8596787954265704e-10,3.2066775329382984e-10,2.6622866974750724e-10,2.2093984223663915e-10,1.8332170120477946e-10,1.521095372451818e-10,1.2623172027767383e-10,1.047862235836295e-10,8.701761618944845e-11,7.229568799757046e-11,6.009625026177097e-11,4.998427929633297e-11,4.1599355241756504e-11,3.464323188609313e-11,2.8869319830057767e-11,2.407384875086358e-11,2.0088479483745238e-11,1.6774153089088593e-11,1.4015985849001995e-11,1.1719042570885818e-11,9.804843505960006e-12,8.208481477280462e-12,6.876244930812432e-12,5.76365939400327e-12,4.833874286123172e-12,4.0563343931582264e-12,3.4056857172498986e-12,2.8608741704858295e-12,2.4044028758840826e-12,2.0217198722844807e-12,1.7007130692531093e-12,1.4312933915616232e-12,1.2050504829893412e-12,1.0149681289648318e-12,8.551888577259663e-13,7.208190647431735e-13,6.077675522338401e-13,5.183041882228546e-13,4.373047476553753e-13,3.690557704326718e-13,3.115401458876599e-13,2.630559086757216e-13,2.2217208622986217e-13,1.876865218121899e-13,1.585891977285707e-13,1.3403122081700518e-13,1.1329881136322695e-13,9.57915340724781e-14,8.100408315048305e-14,6.851103650779365e-14,5.795408491384736e-14,4.9031332903697735e-14,4.148832693209304e-14,3.511052677194749e-14,2.971698682216708e-14,2.515504906414924e-14,2.1295883538455964e-14,1.8030739207466262e-14,1.5267790611355875e-14,1.2929484469185124e-14,1.0950306038585167e-14,9.274898077415125e-15,7.856476162670533e-15,6.6554931705373245e-15,5.6385133825340685e-15,4.7772629950689505e-15,4.04782914484078e-15,3.429984026745497e-15,2.9066144062159894e-15,2.4632399678764525e-15,2.0876065576371816e-15,1.7693425999326218e-15,1.4996688069053491e-15,1.2711528619678467e-15,1.0775020718576127e-15,9.133880686710561e-16,7.742985907787906e-16,6.564121304530429e-16,5.564919064967352e-16,4.717961680189437e-16,4.0000230261938677e-16,3.3914261546969394e-16,2.8754997739150053e-16,2.4381182035676173e-16,2.0673119177009177e-16,1.7529378304425828e-16,1.486400117832637e-16,1.2604138088613842e-16,1.0688045748329268e-16,9.06339157412768e-17,7.685817393147525e-17,6.517722723486452e-17,5.527234035151183e-17,4.68733146523399e-17,3.97510891827281e-17,3.371147094791396e-17,2.858982226101122e-17,2.4246558485309374e-17,2.0563332454559257e-17,1.7439800665401578e-17,1.4790882422263786e-17,1.2544436626541775e-17,1.0639292562420967e-17,9.02358061641192e-18,7.65331721314121e-18,6.491205203205894e-18,5.505616893368986e-18,4.6697318062881486e-18,3.9608057166185785e-18,3.359550865291644e-18,2.8496104792332973e-18,2.417113216645593e-18,2.050295377102104e-18,1.7391805653163843e-18,1.475308058149281e-18,1.2515024772979107e-18,1.0616784711273875e-18,9.006750883557015e-19,7.641153279208589e-19,6.482870325073568e-19,5.500418840666911e-19,4.667097479535588e-19,3.9602603259243644e-19,3.3607008591054723e-19,2.85212951956881e-19,2.4207306414924324e-19,2.054786697980175e-19,1.7443596273215181e-19,1.4810205666498167e-19,1.2576206406403258e-19,1.0680965650505469e-19,9.07305776879805e-20,7.708866073360698e-20,6.551396906538177e-20,5.569273848645902e-20,4.7358846810917774e-20,4.0286578984727514e-20,3.4284491014312745e-20,2.919020573509053e-20,2.4865998894117152e-20,2.1195055624323224e-20,1.8078295306300306e-20,1.5431678702977467e-20,1.3183923972438058e-20,1.1274569549556253e-20,9.65233116652407e-21,8.273708386293687e-21,7.101802730141985e-21,6.105315280189881e-21,5.257696490802544e-21,4.536425112718924e-21,3.922396601672169e-21,3.3994044016770994e-21,2.9536999919907092e-21,2.573619742979475e-21,2.2492684236886005e-21,1.9722507746468107e-21,1.735443835011663e-21,1.5328038394526252e-21,1.359202434965206e-21,1.2102877662332753e-21,1.0823666508892953e-21,9.723046451112765e-22,8.774412802122422e-22,7.955181683458045e-22,7.2461802207724365e-22,6.63112931897945e-22,6.0962049373375235e-22,5.629665971619314e-22,5.221538600169707e-22,4.863348559379429e-22,4.547894026272633e-22,4.269052975952188e-22,4.0216197638768387e-22,3.8011665050899308e-22,3.603925476856928e-22,3.4266893572635476e-22,3.2667266037727745e-22,3.1217096349845422e-22,2.9896539298158515e-22,2.8688663383649597e-22,2.757901229316635e-22,2.65552327998772e-22,2.560675899170943e-22,2.4724544319099524e-22,2.3900834167197136e-22,2.31289728395004e-22,2.240323969085262e-22,2.17187100493666e-22,2.1071137114406137e-22,2.0456851675891907e-22,1.9872676947560305e-22,1.931585623600678e-22,1.8783991481659898e-22,1.8274991032504464e-22,1.778702526873614e-22,1.7318488868751246e-22,1.6867968717945236e-22,1.6434216615552838e-22,1.6016126044386133e-22,1.5612712391638095e-22,1.5223096130454627e-22,1.4846488429656721e-22,1.4482178942590687e-22,1.4129525355131414e-22,1.3787944477489414e-22,1.3456904622076149e-22,1.3135919099573964e-22,1.282454063062956e-22,1.2522356572075562e-22,1.2228984818934487e-22,1.1944070269168651e-22,1.1667281821244645e-22,1.1398309735288747e-22,1.113686338490152e-22,1.0882669312586179e-22,1.063546953056104e-22,1.0395020060442204e-22,1.0161089651449176e-22,9.933458666646761e-23,9.711918097858803e-23,9.496268716373617e-23,9.286320311617745e-23,9.081891025584985e-23,8.882806758934219e-23,8.688900642474512e-23,8.500012567046909e-23,8.31598876388745e-23,8.136681421217138e-23,7.961948341299504e-23,7.791652630797566e-23,7.625662412236736e-23,7.463850573112182e-23,7.306094524199762e-23,7.152275972158918e-23,7.002280734236671e-23,6.855998539152752e-23,6.713322857264903e-23,6.574150736829701e-23,6.438382652748312e-23,6.30592236442454e-23,6.176676781866937e-23,6.05055584012497e-23,5.927472378868718e-23,5.80734203347591e-23,5.690083128812653e-23,5.575616563720427e-23,5.463865738484314e-23,5.354756447546605e-23,5.2482167964910885e-23,5.1441771184100366e-23,5.04256989445214e-23,4.9433296756867706e-23,4.84639301759843e-23,4.751698405773778e-23,4.659186183395499e-23,4.5687984951757604e-23,4.493355496582717e-23,4.406687834418874e-23,4.322005565884737e-23,4.239250986361812e-23,4.1583713745493566e-23,4.0793167282308115e-23,4.0020389623614066e-23,3.926491608161732e-23,3.852629669183924e-23,3.780409545745616e-23,3.709788966004876e-23,3.6407269325229246e-23,3.573183671717557e-23,3.5071205900366255e-23,3.442500227136305e-23,3.3792862174088443e-23,3.3174432495353577e-23,3.2569370304593704e-23,3.1977342490835465e-23,3.139802545299481e-23,3.083110476477326e-23,3.0276274857170806e-23,2.973323875520898e-23,2.920170776738686e-23,2.8681401249070263e-23,2.817204633393599e-23,2.767337767843502e-23,2.718513723384407e-23,2.670707401741973e-23,2.623894389065924e-23,2.578050935193908e-23,2.5331539334363148e-23,2.4891808977427328e-23,2.44610994923292e-23,2.403919794773043e-23,2.3625897093683196e-23,2.3220995203075426e-23,2.2824295876440394e-23,2.2435607927285737e-23,2.2054745199398725e-23,2.1681526424177227e-23,2.1315775082256598e-23,2.09573192567708e-23,2.0605991504845902e-23,2.026162872296854e-23,1.9924072028400363e-23,1.959316663116853e-23,1.9268761719611237e-23,1.8950710342377468e-23,1.8638869302155735e-23,1.8333099047696365e-23,1.8033263569509846e-23,1.7739230300333434e-23,1.7450870017798423e-23,1.7168056753317703e-23,1.6890667692464244e-23,1.6618583090736684e-23,1.635168619669778e-23,1.60898631597876e-23,1.5833002948851398e-23,1.5580997278576238e-23,1.533374053246208e-23,1.509112968114632e-23,1.4853064236978148e-23,1.461944615886222e-23,1.439017979914463e-23,1.416517183371397e-23,1.3944331180166174e-23,1.3727568972178516e-23,1.35147984935696e-23,1.3305935092400802e-23,1.3100896156947849e-23,1.2899601047738878e-23,1.2701971038325002e-23,1.2507929271531123e-23,1.2317400722316936e-23,1.2130312131621641e-23,1.194659196854076e-23,1.1766170379177878e-23,1.1588979146732649e-23,1.1414951650781726e-23,1.1244022821407619e-23,1.1076129101154995e-23,1.0911208405317907e-23,1.074920008418203e-23,1.0590044885940128e-23,1.0433684917739748e-23,1.0280063618654347e-23,1.0129125721319789e-23,9.980817217013266e-24,9.835085324463602e-24,9.691878460499836e-24,9.551146208601647e-24,9.41283929391279e-24,9.276909542098243e-24,9.143309864320447e-24,9.011994225888747e-24,8.882917619282334e-24,8.756036040788145e-24,8.63130646281607e-24,8.508686811557918e-24,8.388135942892327e-24,8.269613618941047e-24,8.153080486916476e-24,8.038498057201805e-24,7.92582868049097e-24,7.815035531456697e-24,7.706082583229187e-24,7.598934591789544e-24,7.493557075377142e-24,7.389916298926972e-24,7.287979253472337e-24,7.187713638888475e-24,7.089087845387922e-24,6.992070941336835e-24,6.896632654042047e-24,6.802743355267352e-24,6.71037404474371e-24,6.619496336567979e-24,6.530082443972869e-24,6.442105161788287e-24,6.3555378657368385e-24,6.2703544808565414e-24,6.186529480045571e-24,6.104037868881366e-24,6.02285517471483e-24,5.942957428696224e-24,5.864321163536598e-24,5.7869233921536105e-24,5.710741602557739e-24,5.6357537457847606e-24,5.5619382249780875e-24,5.489273884168228e-24,5.4177400013466826e-24,5.347316274538689e-24,5.2779828140152555e-24,5.2097201346881294e-24,5.1425091446922334e-24,5.0763311353733576e-24,5.011167776671003e-24,4.9470011058085505e-24,4.883813519651099e-24,4.821587766905168e-24,4.760306939823536e-24,4.699954467155082e-24,4.6405141062902744e-24,4.581969935964861e-24,4.524306349640473e-24,4.467508048055188e-24,4.411560032776066e-24,4.3564475994553126e-24,4.302156331489572e-24,4.248672093663196e-24,4.195981026227513e-24,4.144069538477476e-24,4.092924303342209e-24,4.0425322515593904e-24,3.992880566073146e-24,3.943956676646944e-24,3.895748254753029e-24,3.8482432082377766e-24,3.801429675957235e-24,3.755296023225072e-24,3.709830836920459e-24,3.665022920776398e-24,3.620861290699105e-24,3.5773351699763534e-24,3.534433987285152e-24,3.4921473669488406e-24,3.450465130968861e-24,3.409377292589644e-24,3.3688740489765316e-24,3.328945782329729e-24,3.2895830538279078e-24,3.2507765992657717e-24,3.2125173278033554e-24,3.1747963144186506e-24,3.137604802027527e-24,3.1009341924507522e-24,3.064776046170235e-24,3.0291220786068344e-24,2.9939641569707736e-24,2.9592942965829386e-24,2.925104658781104e-24,2.8913875472990312e-24,2.8581354055414215e-24,2.8253408137838752e-24,2.792996486493872e-24,2.7610952691673686e-24,2.7296301363384886e-24,2.698594188715938e-24,2.667980650446276e-24,2.6377828672449928e-24,2.6079943036099297e-24,2.5786085389653106e-24,2.5496192690955742e-24,2.5210202997360303e-24,2.492805547056327e-24,2.4649690349497308e-24,2.437504891766784e-24,2.4104073494155683e-24,2.3836707414243416e-24,2.3572895004946548e-24,2.3312581551707923e-24,2.30557133203009e-24,2.2802237497757708e-24,2.2552102187681966e-24,2.2305256397456103e-24,2.2061650009236514e-24,2.1821233771706602e-24,2.1583959289326795e-24,2.1349778999769584e-24,2.1118646146629896e-24,2.0890514779345968e-24,2.0665339732407332e-24,2.0443076610608807e-24,2.0223681774270393e-24,2.0007112325767076e-24,1.97933260939951e-24,1.958228162082253e-24,1.9373938149318484e-24,1.9168255608824206e-24,1.8965194603744653e-24,1.8764716397469645e-24,1.8566782903439593e-24,1.8371356671864117e-24,1.81784008778251e-24,1.798787930960304e-24,1.7799756357332482e-24,1.7613997001829545e-24,1.7430566803640684e-24,1.7249431892342773e-24,1.7070558953999465e-24,1.689391522866776e-24,1.6719468489119205e-24,1.654718703862449e-24,1.6377039697920583e-24,1.6208995798363833e-24,1.6043025170375341e-24,1.5879098135334326e-24,1.5717185496343421e-24,1.555725853004955e-24,1.5399288977397612e-24,1.5243249035599324e-24,1.5089111349850069e-24,1.493684900517498e-24,1.4786435518819365e-24,1.4637844832207108e-24,1.4491051303459923e-24,1.4346029699955911e-24,1.4202755191121093e-24,1.4061203341019224e-24,1.3921350101609872e-24,1.378317180578204e-24,1.3646645160623204e-24,1.3511747240809554e-24,1.3378455482074891e-24,1.3246747675072523e-24,1.3116601958857118e-24,1.2987996815090988e-24,1.2860911061490795e-24,1.2735323846337411e-24,1.2611214645231234e-24,1.248856324322739e-24,1.2367349751786514e-24,1.2247554585184952e-24,1.2129158461134317e-24,1.2012142393675556e-24,1.1896487689914934e-24,1.1782175944537453e-24,1.1669189034438904e-24,1.155750911464718e-24,1.1447118616492143e-24,1.1338000232023319e-24,1.1230136920514295e-24,1.1123511901346588e-24,1.101810864815493e-24,1.0913910885050053e-24,1.0810902582983248e-24,1.0709067953688728e-24,1.0608391447537168e-24,1.0508857748248942e-24,1.0410451771502915e-24,1.0313158657214144e-24,1.0216963767656544e-24,1.0121852684587964e-24,1.0027811203598912e-24,9.93482533613913e-25,9.842881298383142e-25,9.75196550712147e-25,9.662064586796297e-25,9.573165356841572e-25,9.485254828606378e-25,9.398320208529203e-25,9.312348889946448e-25,9.227328451022237e-25,9.14324665178581e-25,9.060091432010042e-25,8.977850907379577e-25,8.896513365749246e-25,8.81606726663759e-25,8.736501236219228e-25,8.657804066404782e-25,8.579964711102497e-25,8.50297228364633e-25,8.426816054574505e-25,8.351485448876383e-25,8.276970043560614e-25,8.20325956520765e-25,8.130343887660935e-25,8.058213027432187e-25,7.986857152457199e-25,7.91626655622782e-25,7.846431681412628e-25,7.777343102198273e-25,7.708991527940014e-25,7.64136779889391e-25,7.574462884671784e-25,7.508267877565102e-25,7.442774017838174e-25,7.377972630271822e-25,7.313855190612109e-25,7.250413285823665e-25,7.187638620568892e-25,7.1255230153585125e-25,7.064058404750936e-25,7.003236835570124e-25,6.9430504651623645e-25,6.883491559818723e-25,6.824552492622916e-25,6.766225742306108e-25,6.708503891414225e-25,6.651379624749864e-25,6.594845727729734e-25,6.538895084565139e-25,6.483520677640808e-25,6.428715585149475e-25,6.374472979812634e-25,6.320786127553434e-25,6.267648386088963e-25,6.215053203362076e-25,6.162994116346187e-25,6.1114647496300245e-25,6.060458814089881e-25,6.009970105580572e-25,5.95999250365363e-25,5.91051997022268e-25,5.861546548605595e-25,5.813066361871656e-25,5.765073611935968e-25,5.717562578376019e-25,5.67052761694718e-25,5.623963158940929e-25,5.577863709723384e-25,5.532223847714803e-25,5.487038223303054e-25,5.442301557724533e-25,5.3980086421620415e-25,5.354154336607865e-25,5.310733568739444e-25,5.267741333112178e-25,5.225172690076558e-25,5.183022764825803e-25,5.1412867463671655e-25,5.099959886797968e-25,5.059037500712082e-25,5.018514962335266e-25,4.978387707527817e-25,4.9386512311244715e-25,4.899301087168598e-25,4.86033288485149e-25,4.821742294055059e-25,4.783525017000184e-25,4.745676846846624e-25,4.70819365331037e-25,4.6710712917369395e-25,4.634305701520366e-25,4.597892875199657e-25,4.561828855499645e-25,4.526109736078738e-25,4.490731660184602e-25,4.455690820931876e-25,4.420983459169128e-25,4.386605863668673e-25,4.352554370350436e-25,4.318825361424748e-25,4.285415265060492e-25,4.252320554369232e-25,4.219537746686959e-25,4.187063403533555e-25,4.154894129400774e-25,4.1230265717566218e-25,4.0914574190187226e-25,4.0601834032908294e-25,4.029201295177673e-25,3.998507906364027e-25,3.9681000881394316e-25,3.9379747310965228e-25,3.908128764594567e-25,3.878559155858522e-25,3.8492629096711914e-25,3.8202370678315745e-25,3.7914787086559534e-25,3.7629849464577587e-25,3.7347529310446637e-25,3.706779847251092e-25,3.679062914417206e-25,3.6515993860063252e-25,3.6243865494062457e-25,3.59742172397641e-25,3.5707022629045685e-25,3.544225551295064e-25,3.5179890059349284e-25,3.4919900754014315e-25,3.4662262380005436e-25,3.4406950090152273e-25,3.4153939176505803e-25,3.390320538569642e-25,3.3654724707552385e-25,3.340847341715966e-25,3.3164428069142917e-25,3.29225655169397e-25,3.268286288250388e-25,3.2445297554496456e-25,3.220984719467394e-25,3.197648973361233e-25,3.174520336450464e-25,3.1515966539454646e-25,3.128875796654488e-25,3.106355654766918e-25,3.084034162196064e-25,3.0619092569326367e-25,3.0399789091745517e-25,3.0182411125892124e-25,2.9966938846669506e-25,2.97533526673102e-25,2.9541633210477615e-25,2.933176134729932e-25,2.912371816552311e-25,2.8917484973919505e-25,2.8713043299406903e-25,2.8510374884188664e-25,2.8309461682974536e-25,2.8110285860373507e-25,2.791282978700951e-25,2.771707603994129e-25,2.752300739563711e-25,2.733060682156249e-25,2.7139857499488786e-25,2.6950742795969786e-25,2.676324627773376e-25,2.657735164858931e-25,2.6393042916735547e-25,2.6210304157361435e-25,2.6029119671161617e-25,2.5849473936882663e-25,2.5671351610358666e-25,2.549473752215342e-25,2.5319616675597773e-25,2.5145974240090004e-25,2.4973795559440087e-25,2.480306615053813e-25,2.4633771678444325e-25,2.4465897978388147e-25,2.429943104212711e-25,2.413435702363836e-25,2.3970662228156796e-25,2.380833311627358e-25,2.364735629675111e-25,2.3487718536695755e-25,2.3329406749233973e-25,2.3172407982565865e-25,2.3016709452117096e-25,2.2862298489553384e-25,2.2709162590949787e-25,2.255728937554124e-25,2.2406666604873965e-25,2.2257282176167e-25,2.2109124121722307e-25,2.196218060370507e-25,2.1816439916564886e-25,2.167189048288841e-25,2.152852085455659e-25,2.138631970659148e-25,2.1245275840238907e-25,2.1105378200882427e-25,2.0966615781734323e-25,2.082897778123241e-25,2.0692453477700548e-25,2.0557032270613004e-25,2.0422703675043294e-25,2.0289457319945255e-25,2.0157282947061874e-25,2.0026170408574572e-25,1.9896109668164098e-25,1.9767090796640065e-25,1.9639103972518115e-25,1.951213948020657e-25,1.9386187708934975e-25,1.9261239151132668e-25,1.9137284401387912e-25,1.901431415527675e-25,1.8892319208102729e-25,1.8771290453475853e-25,1.865121888245033e-25,1.8532095582221303e-25,1.8413911734975055e-25,1.8296658616664695e-25,1.8180327596090382e-25,1.8064910133606252e-25,1.7950397780103478e-25,1.7836782175953163e-25,1.7724055050015684e-25,1.7612208217976665e-25,1.75012335830547e-25,1.7391123131038698e-25,1.728186893595294e-25,1.717346315231443e-25,1.706589801747245e-25,1.6959165864320088e-25,1.6853258966223628e-25,1.6748170022670956e-25,1.664389148095208e-25,1.6540415974378763e-25,1.6437736215637905e-25,1.633584499198511e-25,1.623473516512207e-25,1.6134399614518017e-25,1.6034831470782513e-25,1.5936023749925894e-25,1.5837969605141194e-25,1.574066226015021e-25,1.5644095008458692e-25,1.5548261212536097e-25,1.5453154226300662e-25,1.535876771796353e-25,1.5265095150247442e-25,1.5172130161234564e-25,1.507986644676263e-25,1.4988297767054816e-25,1.4897417944802217e-25,1.4807220868347518e-25,1.4717700485696207e-25,1.4628850807065444e-25,1.4540665903429427e-25,1.4453139905798887e-25,1.4366267004648845e-25,1.4280041448052165e-25,1.4194457545303475e-25,1.410950965982763e-25,1.402519205262568e-25,1.3941499563809294e-25,1.3858426496858785e-25,1.3775967464277912e-25,1.3694117108200606e-25,1.3612870124332645e-25,1.3532221261332933e-25,1.3452165320252492e-25,1.337269715394038e-25,1.329381166645848e-25,1.3215503652656615e-25,1.3137768529275233e-25,1.306060101626724e-25,1.2983996297934265e-25,1.2907949526568951e-25,1.2832455900322196e-25,1.275751066759131e-25,1.2683110551528508e-25,1.2609247987794025e-25,1.2535919193710775e-25,1.2463120857841394e-25,1.2390847841492698e-25,1.2319095676949103e-25,1.2247859926853614e-25,1.2177136197430968e-25,1.210692013876578e-25,1.2037207442636258e-25,1.196799384301713e-25,1.1899275115448579e-25,1.1831047076573214e-25,1.1763305583676574e-25,1.1696046534231836e-25,1.1629265865456317e-25,1.1562959553868398e-25,1.1497123615020667e-25,1.1431754102603135e-25,1.1366847108395354e-25,1.130239876195516e-25,1.76221251859869e-25,2.0000740059800816e-25,2.09968890343896e-25,2.150806242499232e-25,2.1848666137918722e-25,2.2128842572417943e-25,2.2387174081783587e-25,2.26371729984185e-25,2.2883568773711013e-25,2.3128014116596375e-25,2.337108384621623e-25,2.3612975333732278e-25,2.385375382689599e-25,2.409343838276079e-25,2.433203200648947e-25,2.456953218183644e-25,2.4805934582297e-25,2.504123434151552e-25,2.5275426524178416e-25,2.5508506278898903e-25,2.5740468906195565e-25,2.5971309826658e-25,2.620102465077061e-25,2.6429609169117514e-25,2.6657059330518305e-25,2.688337123025145e-25,2.7108541142303943e-25,2.73325654996021e-25,2.75554408989511e-25,2.7777164098572007e-25,2.7997732017096136e-25,2.821714173226787e-25,2.843539048027695e-25,2.8652475653766605e-25,2.8868394801410788e-25,2.9083145626416897e-25,2.929672598193342e-25,2.950913388012177e-25,2.9720367480231353e-25,2.99304250937661e-25,3.0139305174310287e-25,3.034700635687401e-25,3.0553527358082666e-25,3.0758867070122094e-25,3.0963024527557446e-25,3.1165998867547396e-25,3.136778944131618e-25,3.1568395712256606e-25,3.1767817260984716e-25,3.1966053809008723e-25,3.2163105209102385e-25,3.235897146493005e-25,3.25536526832617e-25,3.274714911590932e-25,3.2939461143283664e-25,3.3130589246611873e-25,3.332053406057236e-25,3.350929632387743e-25,3.36968769074124e-25,3.3883276785083404e-25,3.406849706383092e-25,3.425253895917777e-25,3.4435403787655825e-25,3.461709302676635e-25,3.479760819034764e-25,3.497695093542282e-25,3.5155123046299253e-25,3.533212638767366e-25,3.5507962925146727e-25,3.5682634749086803e-25,3.585614402697896e-25,3.602849302718631e-25,3.6199684128454546e-25,3.6369719784542997e-25,3.653860256489215e-25,3.6706335110716898e-25,3.687292016534889e-25,3.703836059641283e-25,3.720265921545151e-25,3.7365819073817738e-25,3.7527843250078346e-25,3.768873490314249e-25,3.784849727259151e-25,3.80071336690778e-25,3.8164647489689408e-25,3.8321042214965233e-25,3.8476321373856968e-25,3.8630488576261794e-25,3.8783547508411965e-25,3.8935501915150626e-25,3.9086355614851334e-25,3.923611248922591e-25,3.938477647176872e-25,3.9532351571343637e-25,3.967884188685197e-25,3.982425147302216e-25,3.996858454196658e-25,4.0111845337014322e-25,4.025403813295339e-25,4.039516728428665e-25,4.0535237149908983e-25,4.067425226650202e-25,4.0812217000100565e-25,4.0949135943644456e-25,4.1085013675705555e-25,4.121985481364997e-25,4.135366402855969e-25,4.148644603184701e-25,4.161820556518081e-25,4.174894741249641e-25,4.187867639504449e-25,4.200739737066241e-25,4.213511522419041e-25,4.2261834886968265e-25,4.238756131068977e-25,4.251229947956354e-25,4.263605440814175e-25,4.275883113657101e-25,4.288063473224047e-25,4.300147028573782e-25,4.312134291856163e-25,4.324025777099954e-25,4.335822000509468e-25,4.347523480352552e-25,4.35913073684615e-25,4.370644292047091e-25,4.382064669741968e-25,4.393392395340098e-25,4.404627995767367e-25,4.415771999850343e-25,4.426824936610536e-25,4.437787337115112e-25,4.448659734491138e-25,4.4594426561015725e-25,4.470136642931543e-25,4.480742227168053e-25,4.491259944378372e-25,4.501690330347813e-25,4.512033921423768e-25,4.52229125533465e-25,4.532462869022062e-25,4.542549299418139e-25,4.552551085688045e-25,4.562468765665196e-25,4.572302878158515e-25,4.582053959536261e-25,4.591722548158101e-25,4.601309183837922e-25,4.61081440268172e-25,4.620238741993676e-25,4.629582738052579e-25,4.638846927266773e-25,4.648031844960838e-25,4.657138027587868e-25,4.666166007378231e-25,4.675116320652994e-25,4.683989498611784e-25,4.692786073677119e-25,4.70150657692402e-25,4.710151538439372e-25,4.718721487492983e-25,4.72721695221714e-25,4.735638458747445e-25,4.743986532884561e-25,4.752261698671577e-25,4.760464478994402e-25,4.768595396331548e-25,4.7766549700357655e-25,4.784643719104816e-25,4.792562163023207e-25,4.8004108143144765e-25,4.8081901887870195e-25,4.815900798096637e-25,4.82354315374328e-25,4.831117763957354e-25,4.838625136514286e-25,4.846065777129741e-25,4.853440189469353e-25,4.860748875406442e-25,4.867992334519186e-25,4.875171065652559e-25,4.882285564589863e-25,4.889336325017677e-25,4.8963238393579855e-25,4.903248597415017e-25,4.910111087502637e-25,4.916911795130743e-25,4.923651203826885e-25,4.930329795098225e-25,4.936948047732163e-25,4.943506439721854e-25,4.950005445633768e-25,4.956445538134599e-25,4.962827187468575e-25,4.96915086164413e-25,4.975417026435794e-25,4.981626145269389e-25,4.987778679148014e-25,4.993875086599567e-25,4.999915824065208e-25,5.005901345346967e-25,5.0118321018693665e-25,5.01770854265481e-25,5.0235311142797465e-25,5.029300260859897e-25,5.035016424042857e-25,5.040680044772368e-25,5.046291555215193e-25,5.051851393831615e-25,5.057359990022806e-25,5.062817773681533e-25,5.068225169299185e-25,5.073582604604901e-25,5.0788905007338165e-25,5.084149274708082e-25,5.089359343798779e-25,5.09452112187604e-25,5.099635020295159e-25,5.104701447840201e-25,5.109720810599059e-25,5.114693512229562e-25,5.119619953772826e-25,5.124500533692595e-25,5.129335647874427e-25,5.134125689623974e-25,5.138871049666789e-25,5.143572116147909e-25,5.148229274632519e-25,5.152842908106809e-25,5.157413396978121e-25,5.161941119077885e-25,5.166426449662449e-25,5.17086976141618e-25,5.175271424453688e-25,5.179631806322934e-25,5.1839512720091e-25,5.188230183937896e-25,5.192468901979951e-25,5.196667783455215e-25,5.200827183137546e-25,5.2049474532600815e-25,5.209028943520742e-25,5.213072001087391e-25,5.217076970604213e-25,5.221044194198021e-25,5.224974011484888e-25,5.228866759576291e-25,5.232722773086922e-25,5.236542384141706e-25,5.240325922383592e-25,5.244073714980721e-25,5.247786086635214e-25,5.251463359814196e-25,5.255105854080208e-25,5.258713886786988e-25,5.2622877728558915e-25,5.265827824860747e-25,5.269334352851839e-25,5.272807664513669e-25,5.276248065134074e-25,5.279655857613457e-25,5.283031342102353e-25,5.286374817120039e-25,5.289686578499807e-25,5.292966919776647e-25,5.296216131884636e-25,5.299434503586489e-25,5.3026223227254025e-25,5.305779871290884e-25,5.3089074317498e-25,5.312005284103655e-25,5.315073705709338e-25,5.318112971977041e-25,5.321123354841574e-25,5.324105125818044e-25,5.327058553016086e-25,5.329983902652129e-25,5.332881438705269e-25,5.33575142308313e-25,5.338594115481423e-25,5.341409772903909e-25,5.34419864945882e-25,5.346961000731925e-25,5.34969707743541e-25,5.352407127864415e-25,5.355091399157906e-25,5.357750135900003e-25,5.360383580394777e-25,5.36299197359501e-25,5.365575553828385e-25,5.368134558964903e-25,5.370669221470876e-25,5.373179775261998e-25,5.375666449586263e-25,5.378129474324107e-25,5.380569074452748e-25,5.382985475534044e-25,5.385378900060458e-25,5.387749568652821e-25,5.390097700607791e-25,5.392423511593953e-25,5.394727216916654e-25,5.397009030251946e-25,5.39926916215654e-25,5.401507822356315e-25,5.4037252188948e-25,5.405921556577957e-25,5.408097038801646e-25,5.410251867958538e-25,5.412386244368006e-25,5.414500366582441e-25,5.416594430722668e-25,5.418668632327428e-25,5.420723164287913e-25,5.422758218014093e-25,5.424773983194412e-25,5.426770647808987e-25,5.428748398141871e-25,5.430707418793283e-25,5.43264789269241e-25,5.434570001109706e-25,5.436473923688403e-25,5.438359838399276e-25,5.440227921609353e-25,5.442078348082575e-25,5.443911290961226e-25,5.445726921797095e-25,5.447525410652006e-25,5.449306925975995e-25,5.4510716346405615e-25,5.452819702020935e-25,5.454551292109458e-25,5.456266566877533e-25,5.457965687349827e-25,5.459648812749075e-25,5.4613161009367315e-25,5.462967708266831e-25,5.464603790000216e-25,5.466224499297353e-25,5.46782998838508e-25,5.469420407758117e-25,5.470995907281448e-25,5.472556633708239e-25,5.474102734095707e-25,5.475634353427623e-25,5.47715163543818e-25,5.478654722658779e-25,5.4801437559400875e-25,5.481618874992446e-25,5.4830802181986835e-25,5.48452792263228e-25,5.48596212375507e-25,5.487382956401951e-25,5.48879055378167e-25,5.490185047761531e-25,5.491566569143831e-25,5.492935247370459e-25,5.49429121065878e-25,5.495634586008276e-25,5.496965499429358e-25,5.498284075282402e-25,5.499590436967844e-25,5.500884706706078e-25,5.502167005546964e-25,5.503437453380473e-25,5.504696168921301e-25,5.50594326978324e-25,5.507178872532179e-25,5.508403092429882e-25,5.509616043716597e-25,5.51081783946384e-25,5.512008591929843e-25,5.513188411782635e-25,5.514357409079996e-25,5.515515692645706e-25,5.516663370236316e-25,5.517800548593196e-25,5.518927333413768e-25,5.520043829393367e-25,5.521150140139235e-25,5.522246368461621e-25,5.523332615736979e-25,5.52440898275367e-25,5.525475569180534e-25,5.526532473777007e-25,5.527579794210899e-25,5.528617627306778e-25,5.529646068919171e-25,5.530665213951479e-25,5.531675156380588e-25,5.532675989263429e-25,5.533667804745569e-25,5.534650694068702e-25,5.535624747579506e-25,5.536590054755999e-25,5.537546704158987e-25,5.538494783497754e-25,5.539434379618322e-25,5.540365578511658e-25,5.5412884652928e-25,5.54220312429582e-25,5.543109638993499e-25,5.544008092034315e-25,5.544898565250523e-25,5.545781139665332e-25,5.546655895500867e-25,5.547522912185303e-25,5.548382268360285e-25,5.549234041888129e-25,5.550078309859733e-25,5.550915148600677e-25,5.551744633679552e-25,5.552566839914305e-25,5.5533818413795185e-25,5.554189711413289e-25,5.554990522624166e-25,5.555784346898457e-25,5.556571255406235e-25,5.55735131860857e-25,5.5581246062641875e-25,5.558891187400928e-25,5.559651130466802e-25,5.560404503145426e-25,5.56115137228565e-25,5.561891804427436e-25,5.562625865225014e-25,5.563353619686739e-25,5.564075132532491e-25,5.564790467074381e-25,5.565499686158962e-25,5.566202852857441e-25,5.566900028728278e-25,5.567591274465785e-25,5.568276651294387e-25,5.568956219004507e-25,5.569630037071224e-25,5.570298164206991e-25,5.570960658674391e-25,5.571617578116004e-25,5.572268979456523e-25,5.572914919143575e-25,5.573555453246301e-25,5.574190637016283e-25,5.5748205252146635e-25,5.575445171986575e-25,5.576064631060881e-25,5.576678955641029e-25,5.577288198248505e-25,5.577892410928541e-25,5.578491645235678e-25,5.579085952186225e-25,5.579675382280199e-25,5.5802599855070175e-25,5.580839811350476e-25,5.581414908793362e-25,5.581985326322662e-25,5.582551111934118e-25,5.583112313137459e-25,5.583668976960696e-25,5.5842211499461965e-25,5.584768878182939e-25,5.585312207268762e-25,5.585851182366169e-25,5.586385848165509e-25,5.586916248846789e-25,5.58744242825107e-25,5.587964429719819e-25,5.588482296154011e-25,5.588996070017924e-25,5.589505793236738e-25,5.590011507525985e-25,5.590513254067269e-25,5.591011073622766e-25,5.591505006539133e-25,5.591995092751781e-25,5.5924813717888945e-25,5.592963883164326e-25,5.593442665079513e-25,5.593917756028116e-25,5.594389193847774e-25,5.594857016184413e-25,5.5953212603051935e-25,5.595781962890639e-25,5.596239160407674e-25,5.596692888843362e-25,5.597143183882814e-25,5.59759008085438e-25,5.598033614711288e-25,5.59847382002208e-25,5.598910731207802e-25,5.599344381885499e-25,5.599774805646591e-25,5.6002020357337885e-25,5.600626105037762e-25,5.601047045975363e-25,5.601464890915971e-25,5.601879671616216e-25,5.602291419389831e-25,5.602700165691874e-25,5.603105941554624e-25,5.603508777589405e-25,5.603908703716381e-25,5.604305749995083e-25,5.604699946115415e-25,5.605091321413613e-25,5.605479904888908e-25,5.605865725303991e-25,5.606248811021753e-25,5.606629190340873e-25,5.607006891049948e-25,5.607381940714245e-25,5.607754366570014e-25,5.6081241957586e-25,5.608491455269191e-25,5.608856170925488e-25,5.609218369118215e-25,5.609578075949519e-25,5.60993531698674e-25,5.610290117690999e-25,5.610642503044693e-25,5.610992498192118e-25,5.611340127307188e-25,5.61168541496955e-25,5.612028385283634e-25,5.612369062106254e-25,5.612707469047719e-25,5.613043629475333e-25,5.613377566514361e-25,5.613709303055514e-25,5.614038861747521e-25,5.614366265009245e-25,5.614691535029021e-25,5.615014693764907e-25,5.615335762947034e-25,5.615654764082517e-25,5.6159717184552595e-25,5.616286647131488e-25,5.616599570958561e-25,5.61691051056889e-25,5.617219486381313e-25,5.617526518604206e-25,5.617831627234552e-25,5.6181348320675655e-25,5.61843615269316e-25,5.618735608494483e-25,5.619033218656669e-25,5.619329002138021e-25,5.6196229777855e-25,5.619915164166662e-25,5.620205579650933e-25,5.620494242631831e-25,5.6207811708718965e-25,5.6210663823356575e-25,5.621349894657122e-25,5.621631725313747e-25,5.621911891607803e-25,5.622190410632916e-25,5.6224672993237985e-25,5.622742574450815e-25,5.623016252584014e-25,5.623288350205748e-25,5.623558883432018e-25,5.623827868406057e-25,5.6240953210075465e-25,5.624361257240751e-25,5.624625692344613e-25,5.624888641730192e-25,5.625150120752328e-25,5.625410144498555e-25,5.625668727982062e-25,5.6259258859470265e-25,5.626181632999676e-25,5.626435983812713e-25,5.626688952561399e-25,5.62694055323416e-25,5.62719080005643e-25,5.627439706917108e-25,5.627687287828348e-25,5.627933555882316e-25,5.628178524790265e-25,5.628422207875317e-25,5.6286646183218175e-25,5.628905769176465e-25,5.62914567335219e-25,5.629384343626949e-25,5.629621792645769e-25,5.629858032922485e-25,5.630093076840692e-25,5.630326936648144e-25,5.630559624485354e-25,5.630791152352525e-25,5.6310215322035755e-25,5.631250775609221e-25,5.631478894303178e-25,5.631705899830936e-25,5.631931803559969e-25,5.632156616734053e-25,5.6323803505018955e-25,5.632603015922506e-25,5.632824623940934e-25,5.633045185319555e-25,5.63326471078175e-25,5.633483210913375e-25,5.633700696190774e-25,5.633917176981038e-25,5.634132663543426e-25,5.634347166029879e-25,5.634560694485243e-25,5.634773258853575e-25,5.6349848689734e-25,5.6351955345804925e-25,5.63540526530957e-25,5.635614070695193e-25,5.635821960171954e-25,5.636028943076689e-25,5.636235028651779e-25,5.636440226036898e-25,5.63664454428041e-25,5.636847992336155e-25,5.637050579064252e-25,5.637252313231943e-25,5.637453203516101e-25,5.63765325850588e-25,5.6378524866922655e-25,5.638050896486164e-25,5.638248496211963e-25,5.6384452941166985e-25,5.638641298316386e-25,5.63883651686565e-25,5.639030957778275e-25,5.639224628939567e-25,5.639417538162104e-25,5.639609693177458e-25,5.639801101636483e-25,5.639991771117778e-25,5.6401817091199885e-25,5.640370923035998e-25,5.640559420154014e-25,5.640747207792909e-25,5.64093429316357e-25,5.6411206833441065e-25,5.641306385369408e-25,5.641491406200021e-25,5.641675752722433e-25,5.641859431709706e-25,5.642042449961379e-25,5.64222481412477e-25,5.642406530903694e-25,5.6425876067724e-25,5.642768048185945e-25,5.642947861576867e-25,5.643127053251467e-25,5.643305629429149e-25,5.643483596383846e-25,5.64366096016114e-25,5.643837726979468e-25,5.644013902747704e-25,5.644189493626696e-25,5.644364505153204e-25,5.644538943330659e-25,5.644712813890167e-25,5.644886122529548e-25,5.64505887493412e-25,5.645231076584833e-25,5.645402733197129e-25,5.64557385010156e-25,5.645744432744439e-25,5.645914486478492e-25,5.646084016601466e-25,5.646253028355942e-25,5.646421526902902e-25,5.646589517400347e-25,5.64675700497995e-25,5.64692399461941e-25,5.647090491289615e-25,5.647256499911275e-25,5.647422025367929e-25,5.64758707247278e-25,5.647751646000943e-25,5.64791575066999e-25,5.648079391150878e-25,5.648242572065767e-25,5.648405297988789e-25,5.648567573448035e-25,5.648729402916787e-25,5.648890790828198e-25,5.649051741569232e-25,5.64921225947845e-25,5.649372348850388e-25,5.649532013932677e-25,5.649691258932525e-25,5.649850088008692e-25,5.650008505273224e-25,5.650166514808307e-25,5.650324120644383e-25,5.650481326783144e-25,5.650638137148741e-25,5.6507945556656615e-25,5.650950586177546e-25,5.651106232476246e-25,5.651261498424465e-25,5.651416387745895e-25,5.651570904135665e-25,5.651725051305451e-25,5.651878832873574e-25,5.652032252316933e-25,5.652185313320272e-25,5.652338019396466e-25,5.652490373892522e-25,5.652642380343651e-25,5.6527940421521335e-25,5.652945362677598e-25,5.653096345273469e-25,5.6532469932332835e-25,5.653397309829103e-25,5.653547298281159e-25,5.653696961795258e-25,5.653846303509752e-25,5.653995326618464e-25,5.654144034171946e-25,5.654292429250394e-25,5.654440514874642e-25,5.65458829405516e-25,5.654735769782505e-25,5.6548829449819e-25,5.655029822564372e-25,5.655176405405502e-25,5.65532269635923e-25,5.655468698244937e-25,5.655614413867241e-25,5.655759845940046e-25,5.655904997163516e-25,5.656049870363639e-25,5.656194468150928e-25,5.656338793170037e-25,5.656482848049384e-25,5.6566266354049e-25,5.656770157612116e-25,5.656913417463698e-25,5.657056417344332e-25,5.657199159802786e-25,5.657341647262679e-25,5.657483882197418e-25,5.657625866903182e-25,5.657767603833037e-25,5.657909095318416e-25,5.658050343735191e-25,5.658191351368401e-25,5.658332120607294e-25,5.65847265349032e-25,5.658612952319097e-25,5.658753019396403e-25,5.658892856875773e-25,5.659032466911605e-25,5.659171851653788e-25,5.65931101322295e-25,5.65944995371303e-25,5.65958867521324e-25,5.659727179777637e-25,5.659865469387294e-25,5.660003546149567e-25,5.660141411996986e-25,5.66027906891014e-25,5.660416518819179e-25,5.660553763704934e-25,5.660690805447411e-25,5.6608276459339015e-25,5.660964287104744e-25,5.661100730669994e-25,5.661236978529625e-25,5.661373032495801e-25,5.661508894415268e-25,5.661644565949091e-25,5.661780048909898e-25,5.661915345036718e-25,5.662050456045316e-25,5.66218538363201e-25,5.662320129490486e-25,5.662454695275342e-25,5.66258908263689e-25,5.662723293205975e-25,5.662857328619157e-25,5.662991190424746e-25,5.66312488022643e-25,5.663258399587021e-25,5.66339175005298e-25,5.66352493315372e-25,5.663657950405623e-25,5.663790803306128e-25,5.663923493337972e-25,5.664056021961131e-25,5.664188390640641e-25,5.664320600810494e-25,5.664452653877327e-25,5.664584551267059e-25,5.66471629436667e-25,5.664847884550413e-25,5.664979323176619e-25,5.665110611603585e-25,5.66524175115856e-25,5.66537274316292e-25,5.665503588929182e-25,5.665634289735645e-25,5.665764846882565e-25,5.665895261622894e-25,5.666025535232837e-25,5.666155668911571e-25,5.666285663906004e-25,5.6664155214294975e-25,5.666545242683037e-25,5.666674828855122e-25,5.666804281121767e-25,5.666933600644e-25,5.667062788574584e-25,5.667191846058838e-25,5.667320774220302e-25,5.667449574172296e-25,5.667578247022011e-25,5.66770679386173e-25,5.6678352157717e-25,5.667963513821439e-25,5.668091689069644e-25,5.668219742563686e-25,5.66834767533993e-25,5.668475488423985e-25,5.668603182829519e-25,5.668730759561488e-25,5.668858219613525e-25,5.668985563971615e-25,5.66911279360653e-25,5.669239909481178e-25,5.669366912548196e-25,5.669493803750332e-25,5.669620584020579e-25,5.669747254281872e-25,5.669873815447788e-25,5.670000268421906e-25,5.670126614099008e-25,5.6702528533638685e-25,5.670378987092386e-25,5.670505016304167e-25,5.670630941737105e-25,5.670756764154703e-25,5.670882484459311e-25,5.671008103435403e-25,5.671133622046602e-25,5.671259040770595e-25,5.671384360654819e-25,5.671509582481142e-25,5.671634707042359e-25,5.6717597351133305e-25,5.671884667471782e-25,5.672009504878523e-25,5.672134248089303e-25,5.672258897851155e-25,5.672383454903254e-25,5.67250791998915e-25,5.6726322938013275e-25,5.6727565770951775e-25,5.67288077056539e-25,5.67300487499596e-25,5.673128890918733e-25,5.673252819100514e-25,5.6733766602154e-25,5.673500414950062e-25,5.673624083956786e-25,5.6737476679081555e-25,5.673871167453894e-25,5.673994583238115e-25,5.674117915896884e-25,5.674241166080648e-25,5.674364334382781e-25,5.6744874214889755e-25,5.67461042790764e-25,5.674733354294354e-25,5.674856201254526e-25,5.674978969378201e-25,5.675101659254844e-25,5.675224271464034e-25,5.675346806580665e-25,5.675469265174002e-25,5.675591647806886e-25,5.675713955036593e-25,5.675836187414518e-25,5.675958345481877e-25,5.6760804297837245e-25,5.676202440856739e-25,5.676324379402802e-25,5.67644624547936e-25,5.676568040003396e-25,5.6766897633725795e-25,5.676811416107048e-25,5.676932998701474e-25,5.677054511650714e-25,5.677175955444285e-25,5.677297330556099e-25,5.677418637391602e-25,5.677539876600624e-25,5.6776610485851205e-25,5.677782153803867e-25,5.677903192697346e-25,5.6780241657967925e-25,5.678145073441445e-25,5.678265916130757e-25,5.678386694262025e-25,5.678507408391858e-25,5.678628058843796e-25,5.678748646081933e-25,5.67886917052746e-25,5.6789896326016605e-25,5.679110032720709e-25,5.679230371295489e-25,5.679350648730047e-25,5.679470865428069e-25,5.679591021790759e-25,5.679711118209195e-25,5.679831155077399e-25,5.679951132738451e-25,5.680071051651477e-25,5.680190912161245e-25,5.680310714683239e-25,5.680430459492352e-25,5.680550147028628e-25,5.680669777607684e-25,5.680789351608483e-25,5.680908869388694e-25,5.6810283312792665e-25,5.681147737668191e-25,5.681267088879316e-25,5.681386385253617e-25,5.681505627127013e-25,5.68162481483303e-25,5.681743948702791e-25,5.681863029061813e-25,5.6819820562364865e-25,5.682101030540157e-25,5.6822199522934325e-25,5.6823388218084e-25,5.682457639392941e-25,5.6825764053546285e-25,5.682695119998972e-25,5.682813783625203e-25,5.682932396530555e-25,5.6830509590091565e-25,5.683169471351957e-25,5.683287933847052e-25,5.68340634677944e-25,5.683524710431344e-25,5.683643025081801e-25,5.683761291006514e-25,5.683879508484458e-25,5.683997677779959e-25,5.684115799157387e-25,5.6842338728872995e-25,5.684351899231022e-25,5.684469878447807e-25,5.6845878107944635e-25,5.684705696525149e-25,5.684823535891542e-25,5.684941329142425e-25,5.6850590765244e-25,5.685176778280854e-25,5.685294434653378e-25,5.685412045880548e-25,5.685529612198773e-25,5.685647133841873e-25,5.685764611067096e-25,5.685882044060022e-25,5.685999433102652e-25,5.686116778326375e-25,5.686234080025835e-25,5.686351338430315e-25,5.686468553696211e-25,5.686585726075989e-25,5.686702855778002e-25,5.686819943011668e-25,5.686936987988123e-25,5.687053990914012e-25,5.687170951993713e-25,5.687287871429319e-25,5.687404749421017e-25,5.687521586166927e-25,5.6876383818629625e-25,5.687755136703041e-25,5.687871850879309e-25,5.687988524581726e-25,5.688105157998293e-25,5.6882217513152995e-25,5.6883383047167285e-25,5.688454818385122e-25,5.688571292500654e-25,5.6886877272422805e-25,5.6888041227862645e-25,5.688920479307735e-25,5.689036796976133e-25,5.689153075966541e-25,5.689269316448657e-25,5.689385518590115e-25,5.689501682557204e-25,5.689617808514522e-25,5.689733896627842e-25,5.689849947055103e-25,5.689965959955436e-25,5.690081935486622e-25,5.69019787380482e-25,5.69031377506465e-25,5.690429639418915e-25,5.690545467019197e-25,5.690661258015117e-25,5.690777012555229e-25,5.690892730790765e-25,5.691008412859569e-25,5.691124058910916e-25,5.691239669084412e-25,5.691355243517005e-25,5.691470782352247e-25,5.691586285728018e-25,5.691701753781105e-25,5.691817186646612e-25,5.691932584458318e-25,5.692047947349057e-25,5.692163275455747e-25,5.692278568896106e-25,5.692393827816619e-25,5.692509052320386e-25,5.692624242545556e-25,5.6927393986164405e-25,5.692854520656436e-25,5.692969608787674e-25,5.69308466313099e-25,5.693199683807274e-25,5.693314670943451e-25,5.693429624643843e-25,5.6935445450271985e-25,5.693659432205707e-25,5.693774286291059e-25,5.693889107399773e-25,5.694003895642767e-25,5.694118651131558e-25,5.694233373973771e-25,5.694348064279775e-25,5.694462722155331e-25,5.694577347706179e-25,5.694691941037142e-25,5.694806502251895e-25,5.694921031453206e-25,5.695035528742462e-25,5.695149994220443e-25,5.695264427986619e-25,5.695378830139626e-25,5.695493200777578e-25,5.695607539996517e-25,5.695721847892118e-25,5.69583612455886e-25,5.695950370090581e-25,5.696064584580041e-25,5.696178768117975e-25,5.69629292079648e-25,5.696407042705389e-25,5.696521133933715e-25,5.6966351945693945e-25,5.696749224700062e-25,5.696863224412826e-25,5.696977193792691e-25,5.697091132924192e-25,5.6972050418915865e-25,5.697318920777564e-25,5.69743276966443e-25,5.69754658863366e-25,5.69766037776584e-25,5.697774137140526e-25,5.697887866836856e-25,5.698001566932993e-25,5.698115237506452e-25,5.698228878633588e-25,5.698342490390741e-25,5.698456072852556e-25,5.698569626093714e-25,5.698683150187808e-25,5.698796645207627e-25,5.69891011122533e-25,5.699023548312598e-25,5.699136956540128e-25,5.699250335977972e-25,5.69936368669534e-25,5.699477008761144e-25,5.699590302243323e-25,5.6997035672013e-25,5.699816803709589e-25,5.699930011834171e-25,5.700043191640402e-25,5.700156343193075e-25,5.700269466556199e-25,5.700382561793331e-25,5.700495628967273e-25,5.700608668140115e-25,5.700721679373691e-25,5.700834662728776e-25,5.70094761826587e-25,5.701060546044954e-25,5.70117344612507e-25,5.701286318564846e-25,5.701399163422481e-25,5.701511980755487e-25,5.701624770620637e-25,5.701737533074651e-25,5.701850268173079e-25,5.701962975971503e-25,5.702075656524429e-25,5.702188309886322e-25,5.702300936110762e-25,5.702413535251002e-25,5.702526107359715e-25,5.702638652489008e-25,5.702751170690707e-25,5.702863662015833e-25,5.702976126515069e-25,5.70308856423872e-25,5.703200975236347e-25,5.703313359557109e-25,5.703425717250206e-25,5.703538048363321e-25,5.703650352944641e-25,5.703762631041441e-25,5.70387488270057e-25,5.703987107968711e-25,5.704099306891541e-25,5.704211479514976e-25,5.704323625883715e-25,5.704435746042859e-25,5.704547840036497e-25,5.704659907908568e-25,5.704771949702432e-25,5.704883965461104e-25,5.704995955227301e-25,5.7051079190430415e-25,5.705219856958933e-25,5.705331769008311e-25,5.705443655232168e-25,5.705555515671161e-25,5.705667350365659e-25,5.705779159355313e-25,5.70589094268e-25,5.706002700341372e-25,5.706114432470072e-25,5.70622613906828e-25,5.706337819970984e-25,5.706449475567424e-25,5.7065611057565965e-25,5.706672710428321e-25,5.706784289755508e-25,5.706895843854897e-25,5.7070073726011605e-25,5.707118876023821e-25,5.7072303543429875e-25,5.707341807464962e-25,5.707453235438001e-25,5.707564638294613e-25,5.707676016072018e-25,5.707787368802611e-25,5.707898696520182e-25,5.708009999257517e-25,5.708121277047605e-25,5.708232529923061e-25,5.708343757915792e-25,5.708454961058126e-25,5.708566139381459e-25,5.708677292917242e-25,5.708788421684396e-25,5.708899525733704e-25,5.709010605107597e-25,5.709121659814939e-25,5.7092326897619855e-25,5.709343695083744e-25,5.709454675924232e-25,5.7095656322601245e-25,5.709676564045218e-25,5.709787471360935e-25,5.709898354250786e-25,5.710009212656756e-25,5.710120046650843e-25,5.710230856285948e-25,5.7103416415829435e-25,5.710452402563879e-25,5.7105631392732545e-25,5.710673851583727e-25,5.710784539699544e-25,5.710895203594628e-25,5.711005843239412e-25,5.711116458670982e-25,5.711227050132943e-25,5.711337617484416e-25,5.711448160737317e-25,5.711558679931252e-25,5.711669175029008e-25,5.711779646154464e-25,5.7118900932893205e-25,5.712000516461613e-25,5.712110915701961e-25,5.712221291023309e-25,5.712331642448839e-25,5.712441970001614e-25,5.712552273704876e-25,5.712662553581574e-25,5.7127728096543035e-25,5.71288304194545e-25,5.712993250476623e-25,5.713103435270663e-25,5.713213596350878e-25,5.71332373373729e-25,5.713433847471945e-25,5.7135439375605745e-25,5.713654004029346e-25,5.713764046853787e-25,5.713874066089767e-25,5.713984061759032e-25,5.714094033893086e-25,5.714203982500107e-25,5.714313907580754e-25,5.714423809210617e-25,5.714533687365542e-25,5.714643542053838e-25,5.714753373314188e-25,5.714863181140369e-25,5.714972965692906e-25,5.715082726786065e-25,5.715192464531986e-25,5.715302178945156e-25,5.715411870037427e-25,5.715521537889946e-25,5.715631182439169e-25,5.715740803697851e-25,5.715850401728251e-25,5.715959976535796e-25,5.716069528127519e-25,5.716179056511279e-25,5.716288561737586e-25,5.71639804379296e-25,5.7165075027207715e-25,5.716616938532792e-25,5.716726351240223e-25,5.716835740861333e-25,5.716945107451495e-25,5.717054450864522e-25,5.717163771328765e-25,5.71727306876798e-25,5.717382343211323e-25,5.7174915946722755e-25,5.71760082313004e-25,5.717710028658073e-25,5.717819211234416e-25,5.717928370884143e-25,5.718037507618031e-25,5.7181466214566165e-25,5.718255712414869e-25,5.718364780507526e-25,5.71847382574959e-25,5.718582848160983e-25,5.718691847744832e-25,5.718800824522866e-25,5.718909778510328e-25,5.719018709733835e-25,5.719127618167518e-25,5.719236503840326e-25,5.719345366840208e-25,5.719454207205784e-25,5.719563024731188e-25,5.71967181954957e-25,5.719780591715276e-25,5.719889341227978e-25,5.719998068184984e-25,5.720106772549085e-25,5.720215454139863e-25,5.72032411306291e-25,5.72043274939172e-25,5.720541363149939e-25,5.720649954299526e-25,5.720758522885229e-25,5.720867068958069e-25,5.720975592441458e-25,5.721084093419922e-25,5.721192571898032e-25,5.721301027884365e-25,5.7214094613889955e-25,5.721517872385942e-25,5.721626260925263e-25,5.721734627017984e-25,5.72184297067505e-25,5.721951291907733e-25,5.722059590727597e-25,5.722167867146042e-25,5.722276121174346e-25,5.722384352824052e-25,5.7224925621063495e-25,5.722600749032765e-25,5.722708913614291e-25,5.722817055861993e-25,5.72292517580481e-25,5.723033273427905e-25,5.723141348752097e-25,5.723249401804942e-25,5.72335743257833e-25,5.723465441088194e-25,5.72357342733926e-25,5.723681391340342e-25,5.723789333072961e-25,5.723897252613075e-25,5.724005149940086e-25,5.724113025068366e-25,5.724220878002706e-25,5.724328708753182e-25,5.7244365173300985e-25,5.724544303743784e-25,5.7246520680040825e-25,5.724759810121423e-25,5.72486753010555e-25,5.7249752279665325e-25,5.725082903714344e-25,5.725190557358656e-25,5.725298188909161e-25,5.72540579837591e-25,5.725513385768244e-25,5.725620951096017e-25,5.725728494368744e-25,5.725836015595602e-25,5.725943514786488e-25,5.726050991950425e-25,5.726158447097191e-25,5.726265880235504e-25,5.726373291375097e-25,5.726480680524699e-25,5.726588047693854e-25,5.726695392891458e-25,5.726802716126519e-25,5.72691001740816e-25,5.7270172967450365e-25,5.727124554146307e-25,5.727231789620751e-25,5.727339003177112e-25,5.727446194824136e-25,5.727553364570415e-25,5.72766051242476e-25,5.727767638395661e-25,5.727874742491764e-25,5.727981824721658e-25,5.728088885093627e-25,5.728195923616157e-25,5.7283029402977575e-25,5.728409935146754e-25,5.728516908171205e-25,5.728623859379584e-25,5.728730788780194e-25,5.728837696380962e-25,5.728944582190163e-25,5.729051446215929e-25,5.729158288466185e-25,5.729265108949082e-25,5.729371907672563e-25,5.729478684644441e-25,5.729585439872946e-25,5.729692173365577e-25,5.729798885130389e-25,5.729905575175058e-25,5.730012243507389e-25,5.730118890135157e-25,5.730225515065967e-25,5.730332118306765e-25,5.730438699866725e-25,5.730545259752388e-25,5.730651797971582e-25,5.730758314531876e-25,5.73086480944041e-25,5.730971282704957e-25,5.731077734335548e-25,5.731184164334141e-25,5.73129057271052e-25,5.73139695947306e-25,5.73150332462746e-25,5.731609668182236e-25,5.731715990143711e-25,5.73182229051634e-25,5.731928569313623e-25,5.732034826539695e-25,5.732141062199866e-25,5.732247276304161e-25,5.732353468858196e-25,5.732459639869017e-25,5.732565789343661e-25,5.732671917289154e-25,5.732778023711091e-25,5.732884108618822e-25,5.732990172018046e-25,5.733096213915522e-25,5.733202234318178e-25,5.733308233232862e-25,5.733414210666209e-25,5.733520166630478e-25,5.7336261011213995e-25,5.733732014151179e-25,5.7338379057265865e-25,5.7339437758541415e-25,5.734049624535795e-25,5.734155451787555e-25,5.734261257611211e-25,5.73436704201347e-25,5.734472805000618e-25,5.734578546579463e-25,5.734684266756224e-25,5.734789965537428e-25,5.734895642929621e-25,5.735001298938961e-25,5.735106933572054e-25,5.735212546835197e-25,5.735318138734719e-25,5.735423709277257e-25,5.735529258465083e-25,5.735634786311673e-25,5.735740292819747e-25,5.735845777995643e-25,5.735951241845608e-25,5.736056684375642e-25,5.736162105592105e-25,5.736267505501246e-25,5.73637288410884e-25,5.736478241421393e-25,5.736583577444771e-25,5.736688892185312e-25,5.736794185648758e-25,5.736899457841261e-25,5.737004708807349e-25,5.7371099384687575e-25,5.737215146890622e-25,5.737320334064888e-25,5.737425500043749e-25,5.737530644740002e-25,5.737635768202931e-25,5.737740870442764e-25,5.737845951476749e-25,5.73795101110161e-25,5.738056049626625e-25,5.738161067028046e-25,5.738266063270771e-25,5.73837103829491e-25,5.738475992136366e-25,5.738580924800622e-25,5.738685836293682e-25,5.738790726620973e-25,5.738895595788686e-25,5.739000443802064e-25,5.739105270667333e-25,5.739210076390112e-25,5.739314860976508e-25,5.739419624517217e-25,5.739524366900203e-25,5.73962908810962e-25,5.739733788204111e-25,5.739838467188442e-25,5.739943125080907e-25,5.740047761912064e-25,5.740152377605467e-25,5.740256972213831e-25,5.740361545740341e-25,5.7404660981918375e-25,5.74057062958358e-25,5.740675139903596e-25,5.7407796291542365e-25,5.7408840973555215e-25,5.740988544515286e-25,5.741092970653726e-25,5.741197375698958e-25,5.74130175974581e-25,5.741406122764741e-25,5.741510464762432e-25,5.741614785753161e-25,5.741719085724733e-25,5.74182336470693e-25,5.741927622705934e-25,5.742031859687948e-25,5.742136075671731e-25,5.742240270670288e-25,5.742344444689277e-25,5.742448597849554e-25,5.742552729986591e-25,5.742656841186692e-25,5.7427609314985685e-25,5.742865000616368e-25,5.742969048904402e-25,5.743073076231725e-25,5.743177082618782e-25,5.743281068091721e-25,5.743385032609786e-25,5.743488976182295e-25,5.743592898891288e-25,5.743696800682768e-25,5.743800681564745e-25,5.743904541547067e-25,5.74400838063517e-25,5.744112198834536e-25,5.744215996112538e-25,5.744319772475359e-25,5.744423528018979e-25,5.7445272626922435e-25,5.744630976501326e-25,5.74473466939789e-25,5.7448383415103e-25,5.7449419927717785e-25,5.745045623187908e-25,5.745149232689733e-25,5.7452528213477065e-25,5.745356389162131e-25,5.745459936128575e-25,5.745563462229462e-25,5.745666967503145e-25,5.745770452095786e-25,5.745873915958794e-25,5.745977359020346e-25,5.746080781463424e-25,5.746184183156386e-25,5.746287563927072e-25,5.746390923991285e-25,5.746494263211533e-25,5.746597581772082e-25,5.746700879512666e-25,5.746804156461819e-25,5.746907412538521e-25,5.747010647864059e-25,5.747113862443293e-25,5.747217056281453e-25,5.747320229383195e-25,5.747423381837963e-25,5.747526513558198e-25,5.7476296246999275e-25,5.747732715100458e-25,5.747835784770713e-25,5.7479388337200235e-25,5.748041861819049e-25,5.748144869204017e-25,5.7482478558967875e-25,5.748350821902444e-25,5.748453767234857e-25,5.748556691890509e-25,5.748659595874182e-25,5.748762479190801e-25,5.748865341845229e-25,5.748968183842264e-25,5.749071005186862e-25,5.749173805883722e-25,5.749276585937856e-25,5.749379345354017e-25,5.749482084136942e-25,5.749584802291656e-25,5.749687499822753e-25,5.7497901767349935e-25,5.74989283303318e-25,5.749995468690667e-25,5.750098083742276e-25,5.750200678192771e-25,5.750303252047368e-25,5.750405805310922e-25,5.750508337989104e-25,5.750610850088075e-25,5.750713341616191e-25,5.7508158125947e-25,5.75091826295205e-25,5.7510206927760375e-25,5.751123102029468e-25,5.751225490722384e-25,5.751327858922444e-25,5.751430206611776e-25,5.751532533607156e-25,5.751634840113909e-25,5.751737126089751e-25,5.7518393915377395e-25,5.751941636546449e-25,5.752043861004139e-25,5.7521460649327355e-25,5.752248248329213e-25,5.752350411226311e-25,5.75245255362165e-25,5.752554675539806e-25,5.75265677701231e-25,5.752758857906804e-25,5.752860918319509e-25,5.752962958254915e-25,5.753064977717545e-25,5.753166976749843e-25,5.753268955350659e-25,5.753370913494732e-25,5.753472851140524e-25,5.753574768138334e-25,5.753676664753143e-25,5.7537785410122465e-25,5.753880396832683e-25,5.753982232245174e-25,5.75408404719001e-25,5.754185841744896e-25,5.754287615818076e-25,5.754389369556677e-25,5.754491102887912e-25,5.754592815805411e-25,5.754694508329887e-25,5.754796180459362e-25,5.754897832216662e-25,5.754999463567212e-25,5.755101074535343e-25,5.755202665123596e-25,5.75530423534039e-25,5.755405785188623e-25,5.755507314669791e-25,5.755608823793557e-25,5.75571031256156e-25,5.755811780978362e-25,5.75591322904852e-25,5.756014656776569e-25,5.7561160641668655e-25,5.756217451224287e-25,5.756318817952274e-25,5.756420164355935e-25,5.756521490439693e-25,5.756622796206497e-25,5.756724081698146e-25,5.756825346848457e-25,5.756926591732465e-25,5.757027816282629e-25,5.75712902053925e-25,5.757230204506953e-25,5.75733136819006e-25,5.757432511592808e-25,5.7575336347197615e-25,5.75763473757513e-25,5.757735820163581e-25,5.757836882489221e-25,5.757937924556648e-25,5.758038946370423e-25,5.758139947942162e-25,5.75824092926073e-25,5.758341890338471e-25,5.758442831180173e-25,5.7585437517898865e-25,5.7586446521717115e-25,5.758745532330221e-25,5.758846392270164e-25,5.758947232023731e-25,5.759048051515041e-25,5.759148850824295e-25,5.759249629856421e-25,5.759350388771005e-25,5.759451127486728e-25,5.759551846013988e-25,5.759652544353465e-25,5.759753222512591e-25,5.759853880495933e-25,5.759954518307921e-25,5.7600551360345385e-25,5.7601557335704505e-25,5.760256310941362e-25,5.760356868155415e-25,5.76045740519411e-25,5.760557922076301e-25,5.760658418819546e-25,5.760758895420008e-25,5.76085935190713e-25,5.760959788243237e-25,5.761060204520179e-25,5.761160600690146e-25,5.761260976773753e-25,5.761361332744985e-25,5.761461668665178e-25,5.761561984432429e-25,5.761662280121241e-25,5.761762555800936e-25,5.761862811182488e-25,5.761963046485785e-25,5.762063261708416e-25,5.762163456854686e-25,5.762263631928819e-25,5.762363786935118e-25,5.76246392187805e-25,5.762564036761624e-25,5.76266413159017e-25,5.762764206368049e-25,5.762864261099534e-25,5.762964295788776e-25,5.763064310440092e-25,5.763164305057929e-25,5.763264279646106e-25,5.763364234209246e-25,5.763464168751484e-25,5.763564083277123e-25,5.763663977790298e-25,5.763763852295367e-25,5.763863706796587e-25,5.7639635412981715e-25,5.764063355804477e-25,5.764163150319369e-25,5.7642629248474655e-25,5.764362679392821e-25,5.76446241395981e-25,5.764562128552462e-25,5.764661823175154e-25,5.764761497832177e-25,5.764861152527661e-25,5.764960787265873e-25,5.765060402050917e-25,5.765159996887139e-25,5.765259571778673e-25,5.765359126729893e-25,5.765458661744789e-25,5.765558176827833e-25,5.765657671983015e-25,5.765757147214664e-25,5.765856602526873e-25,5.7659560379240235e-25,5.766055453410294e-25,5.76615484898973e-25,5.766254224666545e-25,5.766353580445218e-25,5.766452916329575e-25,5.766552232324149e-25,5.766651528432877e-25,5.766750804660002e-25,5.766850061009936e-25,5.766949297486529e-25,5.767048514094304e-25,5.767147710837222e-25,5.767246887719422e-25,5.767346044745392e-25,5.767445181918997e-25,5.767544299244559e-25,5.767643396726268e-25,5.767742474368326e-25,5.767841532174725e-25,5.767940570149837e-25,5.76803958829775e-25,5.768138586622731e-25,5.768237565128734e-25,5.768336523820193e-25,5.7684354627011025e-25,5.7685343817755875e-25,5.768633281048051e-25,5.768732160522398e-25,5.768831020202913e-25,5.768929860093628e-25,5.769028680199087e-25,5.769127480523164e-25,5.769226261070093e-25,5.769325021843768e-25,5.769423762848655e-25,5.769522484088637e-25,5.769621185567617e-25,5.769719867290048e-25,5.769818529260147e-25,5.769917171482113e-25,5.7700157939597e-25,5.770114396697395e-25,5.770212979700101e-25,5.770311542971152e-25,5.770410086513337e-25,5.770508610333303e-25,5.770607114434139e-25,5.7707055988162975e-25,5.770804063491006e-25,5.770902508459123e-25,5.771000933724058e-25,5.771099339287334e-25,5.77119772515939e-25,5.771296091341045e-25,5.771394437835446e-25,5.77149276464832e-25,5.7715910717831755e-25,5.771689359244124e-25,5.7717876270357135e-25,5.771885875161573e-25,5.771984103625953e-25,5.772082312432903e-25,5.772180501586905e-25,5.772278671091908e-25,5.772376820951779e-25,5.772474951170741e-25,5.772573061752571e-25,5.772671152705665e-25,5.772769224024621e-25,5.772867275723264e-25,5.772965307805146e-25,5.773063320268549e-25,5.773161313124626e-25,5.773259286376157e-25,5.773357239957976e-25,5.7734551740016635e-25,5.773553088449896e-25,5.773650983299775e-25,5.773748858561102e-25,5.77384671422482e-25,5.773944550334948e-25,5.774042366730202e-25,5.774140163611353e-25,5.77423794100473e-25,5.774335698838976e-25,5.774433437118777e-25,5.774531155848576e-25,5.774628855033048e-25,5.774726534676838e-25,5.774824194785229e-25,5.7749218353031925e-25,5.7750194562828585e-25,5.775117057743526e-25,5.775214639677611e-25,5.775312202089461e-25,5.775409744982781e-25,5.775507268361915e-25,5.775604772230829e-25,5.775702256593552e-25,5.775799721454349e-25,5.775897166817082e-25,5.775994592686006e-25,5.776091999064953e-25,5.776189385957927e-25,5.776286753369351e-25,5.776384101303019e-25,5.776481429763121e-25,5.776578738753488e-25,5.776676028278309e-25,5.776773298341656e-25,5.776870548947604e-25,5.776967780100073e-25,5.777064991803248e-25,5.777162184061074e-25,5.7772593568778745e-25,5.7773565102581285e-25,5.77745364420483e-25,5.777550758722267e-25,5.7776478538145095e-25,5.777744929485716e-25,5.777841985739982e-25,5.777939022581237e-25,5.778036040013057e-25,5.7781330380398785e-25,5.778230016665989e-25,5.778326975895122e-25,5.778423915731714e-25,5.778520836179414e-25,5.778617737242613e-25,5.77871461892506e-25,5.778811481230921e-25,5.778908324164071e-25,5.779005147729534e-25,5.779101951930317e-25,5.7791987367706775e-25,5.779295502254437e-25,5.779392248385858e-25,5.779488975168726e-25,5.779585682607064e-25,5.779682370705111e-25,5.779779039459151e-25,5.779875688880837e-25,5.779972318974242e-25,5.780068929743375e-25,5.7801655211924475e-25,5.780262093325153e-25,5.780358646145617e-25,5.780455179657842e-25,5.780551693865932e-25,5.780648188773647e-25,5.780744664385346e-25,5.780841120704545e-25,5.78093755773568e-25,5.781033975482784e-25,5.781130373949462e-25,5.781226753140015e-25,5.781323113058295e-25,5.781419453815157e-25,5.781515775307499e-25,5.781612077539389e-25,5.781708360515123e-25,5.781804624238207e-25,5.7819008687130195e-25,5.781997093943426e-25,5.782093299933341e-25,5.7821894866868325e-25,5.782285654207962e-25,5.782381802500464e-25,5.782477931568799e-25,5.782574041416429e-25,5.782670132047765e-25,5.782766203466565e-25,5.782862255676906e-25,5.782958288682702e-25,5.783054302488026e-25,5.783150297096677e-25,5.783246272512947e-25,5.783342228740649e-25,5.783438165783611e-25,5.783534083646022e-25,5.783629982331897e-25,5.783725861845027e-25,5.783821722189511e-25,5.783917563369247e-25,5.78401338538839e-25,5.784109188250737e-25,5.7842049719602895e-25,5.784300736520969e-25,5.784396481936921e-25,5.784492208212045e-25,5.784587915350188e-25,5.7846836033554195e-25,5.7847792722317225e-25,5.78487492198298e-25,5.784970552613314e-25,5.785066164126591e-25,5.785161756526683e-25,5.785257329817649e-25,5.785352884003453e-25,5.785448419088102e-25,5.785543935075328e-25,5.785639431969464e-25,5.785734909774209e-25,5.785830368493552e-25,5.785925808131439e-25,5.7860212286918695e-25,5.7861166301787885e-25,5.786212012596196e-25,5.786307375879747e-25,5.786402720104551e-25,5.786498045275878e-25,5.786593351400739e-25,5.786688638493571e-25,5.786783906644318e-25,5.786879155643171e-25,5.7869743855845825e-25,5.787069596439989e-25,5.787164788265451e-25,5.7872599610649e-25,5.7873551148422e-25,5.787450249601404e-25,5.78754536534654e-25,5.787640462081402e-25,5.78773553981009e-25,5.787830598536488e-25,5.7879256382645945e-25,5.788020659028773e-25,5.788115660802822e-25,5.788210643599235e-25,5.788305607431846e-25,5.788400552341548e-25,5.7884954781868925e-25,5.788590385094768e-25,5.78868527299632e-25,5.788780141941308e-25,5.7888749918691915e-25,5.788969822839433e-25,5.789064634855208e-25,5.789159427920277e-25,5.7892542020376065e-25,5.789348957210144e-25,5.789443693559408e-25,5.789538410907914e-25,5.789633109328542e-25,5.789727788826165e-25,5.789822449437019e-25,5.789917091056537e-25,5.790011713841979e-25,5.790106317681275e-25,5.790200902615532e-25,5.790295468675127e-25,5.790390015767543e-25,5.790484543973563e-25,5.79057905329577e-25,5.790673543737097e-25,5.7907680153007315e-25,5.79086246799019e-25,5.790956901808781e-25,5.791051316809813e-25,5.791145712945481e-25,5.791240090220169e-25,5.791334448637214e-25,5.791428788200867e-25,5.791523108914938e-25,5.79161741078328e-25,5.791711693809849e-25,5.791805957998413e-25,5.791900203352831e-25,5.7919944299064225e-25,5.792088637633061e-25,5.792182826536661e-25,5.792276996620765e-25,5.792371147889528e-25,5.792465280346291e-25,5.792559394030833e-25,5.792653488859399e-25,5.792747564966659e-25,5.79284162222846e-25,5.792935660735965e-25,5.793029680380514e-25,5.793123681241485e-25,5.793217663408996e-25,5.7933116267586705e-25,5.793405571351188e-25,5.7934994971307475e-25,5.793593404231803e-25,5.79368729245787e-25,5.793781161964668e-25,5.793875012760569e-25,5.7939688447761415e-25,5.794062657873885e-25,5.794156452329819e-25,5.794250228025608e-25,5.794343985091919e-25,5.794437723418916e-25,5.794531443006589e-25,5.794625143857662e-25,5.794718825981533e-25,5.794812489393187e-25,5.794906133897488e-25,5.794999759659314e-25,5.795093367019005e-25,5.795186955625344e-25,5.795280525317476e-25,5.795374076341143e-25,5.795467608895013e-25,5.795561122628214e-25,5.795654617807809e-25,5.795748094349573e-25,5.795841552190746e-25,5.795934991444103e-25,5.796028411931897e-25,5.796121813759301e-25,5.796215197035944e-25,5.796308561546538e-25,5.7964019074109275e-25,5.7964952346353235e-25,5.796588543219267e-25,5.796681833147609e-25,5.796775104444657e-25,5.796868357126874e-25,5.79696159118597e-25,5.797054806620256e-25,5.797148003450475e-25,5.797241181667351e-25,5.7973343412746095e-25,5.797427482276255e-25,5.797520604676159e-25,5.797613708478064e-25,5.7977067936718465e-25,5.797799860276221e-25,5.797892908287348e-25,5.7979859377855235e-25,5.798078948588133e-25,5.798171940886091e-25,5.798264914598464e-25,5.798357869758872e-25,5.798450806186407e-25,5.798543724217409e-25,5.798636623669522e-25,5.798729504572397e-25,5.798822366930932e-25,5.798915210779369e-25,5.799008036050577e-25,5.799100842788047e-25,5.799193630986315e-25,5.799286400651376e-25,5.799379151824472e-25,5.7994718844533655e-25,5.799564598565736e-25,5.799657294156908e-25,5.799749971297764e-25,5.799842629874851e-25,5.7999352699495875e-25,5.800027891509738e-25,5.800120494596659e-25,5.800213079176028e-25,5.800305645271169e-25,5.800398192912799e-25,5.800490722051017e-25,5.800583232732365e-25,5.800675724925173e-25,5.800768198649705e-25,5.800860653908364e-25,5.800953090718988e-25,5.801045509073701e-25,5.801137908969919e-25,5.801230290422905e-25,5.801322653410992e-25,5.801414997961399e-25,5.801507324084857e-25,5.801599631767639e-25,5.801691921096635e-25,5.801784191941273e-25,5.8018764444068105e-25,5.801968678339142e-25,5.802060893897982e-25,5.802153091009075e-25,5.802245269769696e-25,5.8023374301380165e-25,5.802429572145831e-25,5.802521695747726e-25,5.802613800917908e-25,5.802705887699483e-25,5.802797956091688e-25,5.802890006103288e-25,5.802982037737777e-25,5.803074050916405e-25,5.803166045771224e-25,5.803258022235607e-25,5.803349980385716e-25,5.803441920177395e-25,5.803533841614235e-25,5.8036257446977625e-25,5.803717629435217e-25,5.803809495829017e-25,5.803901343882805e-25,5.8039931735847e-25,5.804084984977203e-25,5.804176778029494e-25,5.804268552750768e-25,5.804360309060841e-25,5.804452047171569e-25,5.8045437668151e-25,5.804635468277885e-25,5.80472715145121e-25,5.804818816325904e-25,5.804910462920557e-25,5.805002091118057e-25,5.805093701109377e-25,5.805185293057087e-25,5.805276866447569e-25,5.805368421609211e-25,5.805459958486298e-25,5.8055514770868665e-25,5.805642977416404e-25,5.805734459367495e-25,5.80582592294874e-25,5.8059173684932035e-25,5.806008795790335e-25,5.8061002047700225e-25,5.806191595613831e-25,5.806282968191193e-25,5.806374322483486e-25,5.806465658577472e-25,5.806556976438398e-25,5.806648275988092e-25,5.806739557401699e-25,5.806830820599208e-25,5.806922065585784e-25,5.807013292367454e-25,5.807104500932499e-25,5.807195691292377e-25,5.807286863458514e-25,5.807378017470913e-25,5.807469153243755e-25,5.8075602708375175e-25,5.807651370050335e-25,5.8077424512701085e-25,5.807833514294617e-25,5.807924559151291e-25,5.808015585838781e-25,5.808106594358221e-25,5.8081975848436e-25,5.808288557035554e-25,5.8083795110854915e-25,5.808470446984213e-25,5.808561364735288e-25,5.8086522643489305e-25,5.808743145820057e-25,5.808834009150902e-25,5.808924854371629e-25,5.809015681447238e-25,5.809106490401049e-25,5.809197281232891e-25,5.809288054042794e-25,5.809378808457934e-25,5.809469544939578e-25,5.80956026336655e-25,5.809650963670936e-25,5.809741645862747e-25,5.809832309923832e-25,5.809922955690202e-25,5.810013583432129e-25,5.810104193059151e-25,5.810194784601285e-25,5.810285358274596e-25,5.810375913874619e-25,5.810466451405845e-25,5.810556970857771e-25,5.810647472216311e-25,5.8107379554568205e-25,5.81082842070883e-25,5.810918867908939e-25,5.811009297060989e-25,5.811099708185318e-25,5.811190101258471e-25,5.811280476201435e-25,5.811370833172033e-25,5.811461172147261e-25,5.811551492988595e-25,5.811641795918487e-25,5.811732080846821e-25,5.811822347744235e-25,5.8119125966339825e-25,5.81200282751964e-25,5.812093040404505e-25,5.812183235238644e-25,5.812273412163906e-25,5.812363571097961e-25,5.812453712044451e-25,5.812543835007066e-25,5.812633939989642e-25,5.812724026995748e-25,5.812814096029113e-25,5.812904147093436e-25,5.812994180192343e-25,5.813084195329066e-25,5.813174192516273e-25,5.81326417174627e-25,5.813354133022254e-25,5.813444076402562e-25,5.813534001817969e-25,5.813623909281894e-25,5.813713798802468e-25,5.81380367037603e-25,5.8138935240412525e-25,5.813983359771809e-25,5.8140731774445855e-25,5.814162977299614e-25,5.814252759106617e-25,5.814342523165759e-25,5.814432269352381e-25,5.814521997669901e-25,5.814611707998521e-25,5.814701400449372e-25,5.814791075008073e-25,5.814880731663651e-25,5.814970370452155e-25,5.815059991362773e-25,5.815149594384628e-25,5.815239179594344e-25,5.815328746879379e-25,5.815418296259707e-25,5.815507827776464e-25,5.815597341496022e-25,5.81568683747291e-25,5.815776315485058e-25,5.815865775650576e-25,5.81595521794911e-25,5.816044642410903e-25,5.816134049045816e-25,5.816223437839898e-25,5.816312808840382e-25,5.816402161868094e-25,5.816491497187794e-25,5.81658081468974e-25,5.8166701143426595e-25,5.816759396211534e-25,5.8168486602707195e-25,5.816937906530898e-25,5.817027134993583e-25,5.817116345563859e-25,5.817205538438124e-25,5.817294713523266e-25,5.817383870829151e-25,5.8174730103252655e-25,5.817562132060736e-25,5.817651236093286e-25,5.817740322245821e-25,5.8178293906834005e-25,5.8179184413238835e-25,5.818007473996174e-25,5.818096489154681e-25,5.81818548640962e-25,5.818274466070053e-25,5.818363427982845e-25,5.818452371949154e-25,5.818541298350906e-25,5.818630207013051e-25,5.818719097804528e-25,5.818807970927468e-25,5.8188968263535355e-25,5.818985664185192e-25,5.819074484277342e-25,5.819163286640896e-25,5.819252071291058e-25,5.819340838218406e-25,5.819429587478919e-25,5.819518319030873e-25,5.819607032872186e-25,5.819695728913162e-25,5.819784407296076e-25,5.819873068110054e-25,5.819961711244728e-25,5.820050336703903e-25,5.820138944484639e-25,5.820227534598355e-25,5.820316107048479e-25,5.820404661838623e-25,5.820493198972276e-25,5.820581718453343e-25,5.820670220284977e-25,5.820758704470972e-25,5.820847171014861e-25,5.820935619920256e-25,5.821024051183941e-25,5.821112464811308e-25,5.8212008608107595e-25,5.821289239185427e-25,5.821377599927491e-25,5.821465943052096e-25,5.82155426859033e-25,5.821642576501487e-25,5.821730866817953e-25,5.821819139568498e-25,5.821907394650107e-25,5.821995632140838e-25,5.822083851997298e-25,5.822172054296393e-25,5.8222602390081785e-25,5.822348406176669e-25,5.822436555744331e-25,5.822524687731339e-25,5.822612802139183e-25,5.822700898993866e-25,5.822788978289055e-25,5.822877040032283e-25,5.822965084203941e-25,5.823053110833571e-25,5.823141119898915e-25,5.823229111428728e-25,5.823317085416816e-25,5.823405041862432e-25,5.823492980773971e-25,5.823580902167427e-25,5.823668806054021e-25,5.823756692377637e-25,5.823844561180628e-25,5.823932412381587e-25,5.824020246174439e-25,5.824108062456349e-25,5.824195861252332e-25,5.8242836425314335e-25,5.824371406305331e-25,5.824459152585524e-25,5.8245468813719245e-25,5.824634592670504e-25,5.8247222862456845e-25,5.824809962600269e-25,5.824897621512101e-25,5.824985262906685e-25,5.825072886806714e-25,5.825160493234004e-25,5.825248082214606e-25,5.8253356537330795e-25,5.825423207790223e-25,5.82551074440355e-25,5.82559826356783e-25,5.8256857653066205e-25,5.825773249471777e-25,5.82586071633811e-25,5.825948165744312e-25,5.8260355977215075e-25,5.82612301228509e-25,5.826210409417143e-25,5.826297789129974e-25,5.826385151448388e-25,5.826472496342147e-25,5.826559823810313e-25,5.826647133896625e-25,5.826734426593168e-25,5.826821701906983e-25,5.826908959770575e-25,5.826996200242405e-25,5.827083423323195e-25,5.8271706290251665e-25,5.82725781734708e-25,5.82734498827443e-25,5.827432141886631e-25,5.827519278135457e-25,5.827606397029281e-25,5.827693498583023e-25,5.827780582718992e-25,5.827867649557453e-25,5.827954699043812e-25,5.828041731073923e-25,5.82812874579451e-25,5.828215743149084e-25,5.828302723313198e-25,5.8283896860574945e-25,5.828476631441441e-25,5.828563559455607e-25,5.828650470221748e-25,5.82873736363935e-25,5.828824239755168e-25,5.828911098632961e-25,5.828997940164376e-25,5.829084764374338e-25,5.829171571273369e-25,5.829258360868374e-25,5.829345133164711e-25,5.829431888131932e-25,5.829518625825474e-25,5.82960534622574e-25,5.82969204934873e-25,5.829778735199976e-25,5.829865403769917e-25,5.829952055090121e-25,5.830038689108465e-25,5.830125305865516e-25,5.830211905363534e-25,5.830298487605993e-25,5.830385052604182e-25,5.830471600348896e-25,5.830558130831588e-25,5.830644644071868e-25,5.830731140073501e-25,5.830817618840092e-25,5.83090408037509e-25,5.830990524682272e-25,5.831076951764983e-25,5.831163361626935e-25,5.831249754271772e-25,5.831336129703026e-25,5.8314224879242475e-25,5.831508828938809e-25,5.831595152750577e-25,5.831681459363012e-25,5.83176774877973e-25,5.83185402100415e-25,5.831940276130874e-25,5.832026514082055e-25,5.832112734874107e-25,5.832198938610319e-25,5.832285125010757e-25,5.832371294303211e-25,5.832457446448539e-25,5.832543581363203e-25,5.832629699100089e-25,5.832715799558131e-25,5.832801882922085e-25,5.832887949239928e-25,5.83297399828791e-25,5.833060030195771e-25,5.833146044966907e-25,5.833232042604779e-25,5.833318023112677e-25,5.833403986496856e-25,5.833489932755204e-25,5.833575861868586e-25,5.833661773889821e-25,5.833747668761861e-25,5.833833546553551e-25,5.8339194072371975e-25,5.834005250834918e-25,5.834091077313101e-25,5.834176886735342e-25,5.834262679012438e-25,5.834348454207113e-25,5.834434212318102e-25,5.834519953329634e-25,5.834605677364975e-25,5.834691384234639e-25,5.83477707403109e-25,5.834862746757864e-25,5.834948402443597e-25,5.835034041051005e-25,5.835119662594304e-25,5.835205267084479e-25,5.835290854522142e-25,5.8353764249343e-25,5.835461978277045e-25,5.835547514574331e-25,5.835633033833632e-25,5.835718536058614e-25,5.835804021253722e-25,5.835889489420917e-25,5.83597494059192e-25,5.836060374746301e-25,5.836145791853181e-25,5.836231191944585e-25,5.8363165750316735e-25,5.836401941155595e-25,5.83648729022806e-25,5.836572622303412e-25,5.836657937395155e-25,5.836743235485335e-25,5.836828516607334e-25,5.836913780744383e-25,5.836999028095288e-25,5.83708425824537e-25,5.837169471430704e-25,5.837254667652543e-25,5.837339846939958e-25,5.837425009221533e-25,5.837510154538308e-25,5.837595282872631e-25,5.837680394514587e-25,5.83776548895364e-25,5.837850566448146e-25,5.837935626993849e-25,5.838020670577438e-25,5.838105697254821e-25,5.8381907070187e-25,5.838275699831036e-25,5.83836067572344e-25,5.838445634682108e-25,5.838530576727992e-25,5.838615501860547e-25,5.838700410047011e-25,5.838785301351637e-25,5.838870175909062e-25,5.838955033400047e-25,5.839039873965949e-25,5.839124697662678e-25,5.839209504781574e-25,5.839294294733728e-25,5.839379067799249e-25,5.839463824069707e-25,5.8395485633813085e-25,5.839633285783651e-25,5.839717991400428e-25,5.839802680059493e-25,5.839887351887829e-25,5.839972007009998e-25,5.8400566450942475e-25,5.840141266312019e-25,5.840225870682529e-25,5.840310458213382e-25,5.8403950289008e-25,5.840479582748112e-25,5.840564119759514e-25,5.840648639937132e-25,5.840733143285297e-25,5.8408176299708525e-25,5.840902099738385e-25,5.840986552766405e-25,5.841070988601552e-25,5.841155407949876e-25,5.841239810454513e-25,5.84132419615209e-25,5.841408564561408e-25,5.841492916599683e-25,5.841577251877425e-25,5.841661570317472e-25,5.84174587194622e-25,5.841830156835055e-25,5.841914424931734e-25,5.841998676262381e-25,5.842082910904742e-25,5.842167128675846e-25,5.842251329473878e-25,5.84233551371562e-25,5.842419681192746e-25,5.842503831913584e-25,5.842587965880267e-25,5.842672083223489e-25,5.842756183799707e-25,5.842840267515075e-25,5.842924334486206e-25,5.843008384734404e-25,5.843092418248505e-25,5.843176435024592e-25,5.843260435072803e-25,5.8433444184193295e-25,5.843428385020543e-25,5.843512335113516e-25,5.843596268278984e-25,5.8436801847542655e-25,5.843764084510332e-25,5.843847967595792e-25,5.843931833964444e-25,5.844015683791399e-25,5.844099516781609e-25,5.844183333071736e-25,5.844267132685989e-25,5.844350915599937e-25,5.844434681849895e-25,5.844518431426603e-25,5.844602164330717e-25,5.8446858805659e-25,5.844769580135623e-25,5.844853263043472e-25,5.844936929292698e-25,5.845020578887112e-25,5.845104211829835e-25,5.845187828150264e-25,5.845271427796432e-25,5.845355010787769e-25,5.845438577176386e-25,5.845522126908171e-25,5.845605660014016e-25,5.845689176489067e-25,5.845772676340544e-25,5.845856159564034e-25,5.845939626175982e-25,5.846023076175129e-25,5.846106509563175e-25,5.846189926335934e-25,5.846273326528331e-25,5.846356710099604e-25,5.846440077022548e-25,5.846523427410302e-25,5.846606761210457e-25,5.846690078420175e-25,5.846773379044488e-25,5.846856663092145e-25,5.846939930561389e-25,5.847023181458568e-25,5.847106415785752e-25,5.847189633545893e-25,5.84727283470014e-25,5.847356019337734e-25,5.8474391874047035e-25,5.847522338927225e-25,5.847605473903569e-25,5.847688592337015e-25,5.847771694227221e-25,5.847854779645447e-25,5.847937848473191e-25,5.848020900755941e-25,5.848103936482722e-25,5.848186955790684e-25,5.848269958485836e-25,5.848352944670087e-25,5.848435914341046e-25,5.848518867814142e-25,5.848601804464841e-25,5.848684724606686e-25,5.848767628248837e-25,5.848850515382224e-25,5.848933386030406e-25,5.8490162401781965e-25,5.849099077766383e-25,5.849181898948879e-25,5.849264703650585e-25,5.849347491916107e-25,5.849430263778727e-25,5.849513019065872e-25,5.849595757874232e-25,5.849678480224706e-25,5.849761186104892e-25,5.849843875531841e-25,5.849926548502283e-25,5.850009205017863e-25,5.85009184508379e-25,5.85017446870453e-25,5.850257075883546e-25,5.850339666646207e-25,5.85042224093131e-25,5.850504798907999e-25,5.850587340182469e-25,5.850669865271367e-25,5.850752373878059e-25,5.850834866092021e-25,5.85091734187642e-25,5.850999801235985e-25,5.851082244187852e-25,5.851164670734765e-25,5.851247080869404e-25,5.851329474621443e-25,5.851411851964256e-25,5.851494212923436e-25,5.851576557506173e-25,5.851658885695622e-25,5.851741197507252e-25,5.851823492887134e-25,5.851905771945174e-25,5.851988034625929e-25,5.852070280944251e-25,5.852152510899886e-25,5.852234724494191e-25,5.852316921730949e-25,5.85239910261931e-25,5.852481267127326e-25,5.852563415436543e-25,5.8526455475428305e-25,5.852727663074697e-25,5.852809762238083e-25,5.8528918449722655e-25,5.852973911470479e-25,5.853055961666686e-25,5.853137995514469e-25,5.853220013040744e-25,5.853302014249289e-25,5.85338399914374e-25,5.853465967728095e-25,5.853547920001826e-25,5.853629855973347e-25,5.8537117756424e-25,5.853793679014257e-25,5.85387556609111e-25,5.853957436877102e-25,5.854039291373837e-25,5.8541211295758445e-25,5.854202951496887e-25,5.854284757139992e-25,5.854366546508859e-25,5.854448319606491e-25,5.854530076436457e-25,5.854611817001798e-25,5.8546935413059945e-25,5.854775249352191e-25,5.85485694114377e-25,5.854938616683898e-25,5.855020275976018e-25,5.855101919023482e-25,5.855183545829274e-25,5.855265156396716e-25,5.855346750729179e-25,5.8554283288296995e-25,5.855509890701488e-25,5.855591436347773e-25,5.8556729657714155e-25,5.855754478975581e-25,5.855835975962762e-25,5.855917456735633e-25,5.855998921295706e-25,5.856080369642831e-25,5.856161801767684e-25,5.856243217616208e-25,5.856324617359431e-25,5.85640600092614e-25,5.8564873683120635e-25,5.856568719517901e-25,5.8566500545454995e-25,5.856731373397432e-25,5.856812676076626e-25,5.8568939625859815e-25,5.8569752329284315e-25,5.857056487107238e-25,5.857137725125573e-25,5.857218946986587e-25,5.85730015269335e-25,5.857381342249465e-25,5.857462515657688e-25,5.857543672921672e-25,5.857624814044465e-25,5.8577059390293995e-25,5.857787047879644e-25,5.857868140598529e-25,5.857949217189313e-25,5.858030277655246e-25,5.858111321999724e-25,5.858192350225845e-25,5.858273362337071e-25,5.858354358336404e-25,5.858435338227363e-25,5.858516302013212e-25,5.858597249697197e-25,5.858678181282559e-25,5.858759096784483e-25,5.85883999619405e-25,5.858920879514812e-25,5.859001746749916e-25,5.8590825979027045e-25,5.859163432976496e-25,5.859244251974354e-25,5.859325054899776e-25,5.859405841756103e-25,5.859486612546489e-25,5.8595673672726705e-25,5.859648105939491e-25,5.859728828563368e-25,5.859809535121204e-25,5.859890225615945e-25,5.859970900079328e-25,5.860051558500793e-25,5.860132200883656e-25,5.860212827226501e-25,5.860293437536169e-25,5.860374031815853e-25,5.860454610069002e-25,5.860535172298472e-25,5.860615718508188e-25,5.86069624870114e-25,5.860776762880503e-25,5.860857261049517e-25,5.860937743211687e-25,5.861018209368165e-25,5.861098659530798e-25,5.861179093697296e-25,5.86125951185303e-25,5.861339914015468e-25,5.861420300187063e-25,5.861500670271278e-25,5.861581024481523e-25,5.8616613627390185e-25,5.861741684998859e-25,5.861821991299613e-25,5.86190228165561e-25,5.861982556026194e-25,5.86206281444302e-25,5.862143056892178e-25,5.862223283390572e-25,5.862303493943883e-25,5.862383688537831e-25,5.862463867210899e-25,5.8625440297980085e-25,5.862624176557274e-25,5.8627043073334245e-25,5.862784422182574e-25,5.862864521107594e-25,5.86294460415454e-25,5.863024671280311e-25,5.863104722499615e-25,5.863184757799124e-25,5.863264777220264e-25,5.863344780714534e-25,5.863424768224424e-25,5.863504739894864e-25,5.863584695662244e-25,5.863664635529732e-25,5.863744559488995e-25,5.863824467629329e-25,5.863904359824057e-25,5.863984236137267e-25,5.8640640965345215e-25,5.864143941095955e-25,5.864223769783931e-25,5.864303582601539e-25,5.864383379549342e-25,5.864463160632578e-25,5.864542925854096e-25,5.864622675213342e-25,5.864702408717526e-25,5.8647821263783325e-25,5.864861828168691e-25,5.864941514129427e-25,5.8650211842499755e-25,5.865100838538904e-25,5.865180476992815e-25,5.8652600996179885e-25,5.865339706414729e-25,5.865419297382235e-25,5.865498872527827e-25,5.865578431855576e-25,5.865657975368077e-25,5.865737503058104e-25,5.8658170149398e-25,5.86589651101655e-25,5.865975991291597e-25,5.866055455768084e-25,5.866134904449035e-25,5.866214337337745e-25,5.866293754437341e-25,5.866373155751217e-25,5.866452541258521e-25,5.866531910990848e-25,5.86661126495676e-25,5.866690603243552e-25,5.866769925847806e-25,5.866849232532965e-25,5.866928523364602e-25,5.867007798502815e-25,5.867087057883539e-25,5.867166301510037e-25,5.867245529385444e-25,5.867324741512791e-25,5.867403937895585e-25,5.867483118536799e-25,5.867562283439612e-25,5.867641432607348e-25,5.867720566043064e-25,5.867799683750094e-25,5.8678787857314625e-25,5.867957871990307e-25,5.8680369425279685e-25,5.868115997361851e-25,5.868195036483501e-25,5.86827405989576e-25,5.868353067601926e-25,5.868432059604647e-25,5.868511035908627e-25,5.868589996516177e-25,5.86866894143065e-25,5.868747870655175e-25,5.868826784192952e-25,5.868905682047229e-25,5.868984564221108e-25,5.869063430633219e-25,5.8691422814559345e-25,5.869221116607926e-25,5.86929993609391e-25,5.869378739914322e-25,5.869457528069073e-25,5.8695363006248275e-25,5.869615057470632e-25,5.869693798646422e-25,5.869772524206021e-25,5.869851234186234e-25,5.869929928495612e-25,5.870008607081018e-25,5.870087270105297e-25,5.870165917456905e-25,5.87024454917944e-25,5.870323165275864e-25,5.870401765749296e-25,5.870480350603027e-25,5.870558919837764e-25,5.870637473456325e-25,5.870716011463884e-25,5.87079453386709e-25,5.870873040655619e-25,5.870951531828112e-25,5.871030007432099e-25,5.871108467442811e-25,5.871186911863859e-25,5.871265340726019e-25,5.871343753969286e-25,5.871422151634194e-25,5.8715005336881265e-25,5.8715789002000785e-25,5.871657251145505e-25,5.871735586516521e-25,5.871813906327057e-25,5.871892210564489e-25,5.87197049925125e-25,5.872048772381234e-25,5.872127029955729e-25,5.872205271993234e-25,5.872283498503211e-25,5.872361709442214e-25,5.872439904840917e-25,5.8725180847023005e-25,5.872596249042429e-25,5.87267439784934e-25,5.872752531159109e-25,5.872830648905187e-25,5.872908751121139e-25,5.872986837885514e-25,5.873064909073813e-25,5.873142964709259e-25,5.873221004885071e-25,5.873299029532018e-25,5.873377038790606e-25,5.87345503193953e-25,5.873533009954484e-25,5.873610972626172e-25,5.8736889197970165e-25,5.87376685148798e-25,5.873844767678632e-25,5.873922668408e-25,5.874000553660297e-25,5.874078423578241e-25,5.874156277854987e-25,5.874234116645603e-25,5.874311940020728e-25,5.874389747934619e-25,5.874467540390387e-25,5.874545317391221e-25,5.874623078940123e-25,5.874700825040249e-25,5.874778555694996e-25,5.874856270909939e-25,5.8749339706859265e-25,5.875011655026592e-25,5.875089323935809e-25,5.875166977403791e-25,5.8752446154551e-25,5.875322238074475e-25,5.875399845270075e-25,5.875477437057312e-25,5.875555013429739e-25,5.875632574391311e-25,5.875710119945014e-25,5.875787650094135e-25,5.875865164841618e-25,5.87594266419079e-25,5.8760201481446335e-25,5.876097616706516e-25,5.876175069879345e-25,5.8762525076662755e-25,5.876329930075298e-25,5.876407337105089e-25,5.876484728758901e-25,5.87656210505177e-25,5.876639465962453e-25,5.876716811503308e-25,5.876794141690761e-25,5.876871456509535e-25,5.876948755982143e-25,5.877026040084947e-25,5.877103308837901e-25,5.87718056222104e-25,5.877257800261737e-25,5.877335022962847e-25,5.877412230327038e-25,5.877489422366878e-25,5.877566599074041e-25,5.877643760451883e-25,5.877720906495628e-25,5.877798037246413e-25,5.877875152689547e-25,5.877952252687297e-25,5.878029337586283e-25,5.8781064070522825e-25,5.878183461210894e-25,5.878260500064642e-25,5.878337523617004e-25,5.878414531871828e-25,5.878491524900648e-25,5.87856850220933e-25,5.878645464365336e-25,5.878722411153767e-25,5.878799343052587e-25,5.878876259595202e-25,5.878953160878449e-25,5.879030046778929e-25,5.87910691745891e-25,5.879183772914117e-25,5.879260613090713e-25,5.879337438013726e-25,5.87941424767296e-25,5.879491042077527e-25,5.879567821230281e-25,5.879644585134485e-25,5.879721333794912e-25,5.879798067214696e-25,5.879874785309778e-25,5.87995148825088e-25,5.88002817577666e-25,5.880104848254843e-25,5.880181505528979e-25,5.880258147528563e-25,5.880334774336771e-25,5.880411386075826e-25,5.880487982062847e-25,5.880564563229718e-25,5.880641129182033e-25,5.880717679953599e-25,5.880794215505155e-25,5.880870735831398e-25,5.880947240992555e-25,5.88102373089356e-25,5.881100205533406e-25,5.8811766651344455e-25,5.881253109535424e-25,5.881329538752083e-25,5.881405952796546e-25,5.8814823515133425e-25,5.881558735200365e-25,5.881635103598111e-25,5.881711456699608e-25,5.881787794897163e-25,5.881864117927591e-25,5.881940425794899e-25,5.8820167185090885e-25,5.882092996073361e-25,5.88216925849078e-25,5.88224550576467e-25,5.882321737897891e-25,5.88239795489383e-25,5.882474156788666e-25,5.882550343462766e-25,5.882626515059841e-25,5.882702671561667e-25,5.882778812954009e-25,5.882854939215633e-25,5.882931050350174e-25,5.883007146372263e-25,5.88308322728521e-25,5.8831592930918155e-25,5.8832353437953435e-25,5.8833113793988255e-25,5.883387399905221e-25,5.883463405317801e-25,5.883539395639529e-25,5.8836153708735145e-25,5.883691331022696e-25,5.883767276090219e-25,5.883843206079331e-25,5.883919120992843e-25,5.8839950208337195e-25,5.884070905605401e-25,5.884146775320804e-25,5.884222629983655e-25,5.8842984695849175e-25,5.884374294127007e-25,5.884450103760155e-25,5.884525898197857e-25,5.884601677588414e-25,5.884677441923723e-25,5.884753191200547e-25,5.88482892546141e-25,5.8849046446867525e-25,5.884980348878595e-25,5.885056038028542e-25,5.885131712173765e-25,5.885207371181479e-25,5.885283015284086e-25,5.885358644324272e-25,5.8854342583471895e-25,5.885509857357491e-25,5.885585441299124e-25,5.885661010244145e-25,5.8857365641937645e-25,5.885812103149526e-25,5.885887627176954e-25,5.88596313613583e-25,5.886038630225711e-25,5.8861141092872325e-25,5.8861895734350505e-25,5.886265022600294e-25,5.886340456712872e-25,5.886415875851264e-25,5.886491280018292e-25,5.886566669217097e-25,5.8866420434506e-25,5.886717402721899e-25,5.886792747033898e-25,5.886868076339893e-25,5.886943390435625e-25,5.887018689823584e-25,5.887093974341928e-25,5.887169243929367e-25,5.88724449855012e-25,5.887319738278391e-25,5.887394962998485e-25,5.887470172829355e-25,5.887545367797742e-25,5.887620547757349e-25,5.887695712834358e-25,5.88777086303099e-25,5.887845998231407e-25,5.887921118509824e-25,5.887996223885438e-25,5.888071314106495e-25,5.888146389709597e-25,5.888221450391148e-25,5.888296496189139e-25,5.8883715270605515e-25,5.88844654305436e-25,5.888521544166571e-25,5.88859653032601e-25,5.88867150165973e-25,5.888746458105726e-25,5.888821399679048e-25,5.888896326362228e-25,5.888971238165653e-25,5.889046135106317e-25,5.889121017108198e-25,5.889195884173806e-25,5.889270736524933e-25,5.889345574015707e-25,5.889420396668133e-25,5.889495204463468e-25,5.889569997461123e-25,5.889644775538949e-25,5.889719538829025e-25,5.889794287283004e-25,5.88986902090032e-25,5.88994373965307e-25,5.890018443690769e-25,5.89009313278687e-25,5.890167807126712e-25,5.890242466404404e-25,5.8903171110397e-25,5.890391740853549e-25,5.890466355847307e-25,5.890540956182919e-25,5.890615541581037e-25,5.890690112175963e-25,5.890764667970255e-25,5.890839208967275e-25,5.890913735013837e-25,5.890988246432129e-25,5.891062743017874e-25,5.891137224996465e-25,5.891211692240739e-25,5.891286144723793e-25,5.891360582368984e-25,5.891435005106924e-25,5.891509413086286e-25,5.891583806288906e-25,5.8916581847284065e-25,5.891732548407763e-25,5.891806897328887e-25,5.89188123149825e-25,5.8919555509151505e-25,5.892029855584197e-25,5.892104145458297e-25,5.892178420632169e-25,5.892252681047348e-25,5.892326926897498e-25,5.892401157932864e-25,5.892475374175579e-25,5.892549575691364e-25,5.892623762489176e-25,5.89269793455543e-25,5.892772091914852e-25,5.892846234550854e-25,5.89292036247311e-25,5.892994475690766e-25,5.893068574195934e-25,5.893142658012299e-25,5.893216727067564e-25,5.893290781476952e-25,5.893364821192028e-25,5.893438846216412e-25,5.893512856552012e-25,5.893586852197597e-25,5.893660833161105e-25,5.893734799445186e-25,5.893808751053003e-25,5.893882687987358e-25,5.893956610132705e-25,5.894030517721778e-25,5.894104410597091e-25,5.894178288923178e-25,5.894252152546662e-25,5.8943260015066935e-25,5.89439983576447e-25,5.894473655376369e-25,5.894547460389197e-25,5.894621250750241e-25,5.894695026332258e-25,5.894768787397911e-25,5.8948425338481155e-25,5.894916265672716e-25,5.894989982868465e-25,5.8950636854387195e-25,5.89513737338614e-25,5.8952110467136825e-25,5.895284705424483e-25,5.895358349521468e-25,5.895431979007586e-25,5.895505593885755e-25,5.895579194159021e-25,5.895652779830343e-25,5.895726350902618e-25,5.895799907378782e-25,5.89587344926201e-25,5.89594697655508e-25,5.896020489261039e-25,5.896093987382766e-25,5.896167470923239e-25,5.896240939885632e-25,5.896314394272608e-25,5.896387834087247e-25,5.896461259332509e-25,5.896534670011501e-25,5.896608066126879e-25,5.896681447681817e-25,5.896754814679159e-25,5.896828167121867e-25,5.89690150501313e-25,5.896974828355614e-25,5.897048137152447e-25,5.897121431406556e-25,5.89719471112084e-25,5.897267976298155e-25,5.89734122694166e-25,5.89741446305419e-25,5.897487684638825e-25,5.897560891698284e-25,5.897634084235694e-25,5.897707262253927e-25,5.897780425756001e-25,5.8978535747448895e-25,5.897926709223451e-25,5.897999829194026e-25,5.898072934660241e-25,5.898146025625064e-25,5.898219102091289e-25,5.8982921640621265e-25,5.898365211540119e-25,5.898438244528397e-25,5.898511263030083e-25,5.898584267047994e-25,5.898657256584974e-25,5.898730231644048e-25,5.898803192228109e-25,5.898876138340183e-25,5.898949069983142e-25,5.899021987160055e-25,5.899094889873548e-25,5.899167778126774e-25,5.899240651922731e-25,5.899313511264339e-25,5.89938635615432e-25,5.899459186595657e-25,5.899532002591608e-25,5.899604804144768e-25,5.8996775912581955e-25,5.899750363934842e-25,5.899823122177515e-25,5.899895865989381e-25,5.899968595373074e-25,5.900041310331725e-25,5.900114010868301e-25,5.900186696985471e-25,5.900259368686484e-25,5.900332025974046e-25,5.900404668851218e-25,5.900477297320689e-25,5.900549911385567e-25,5.900622511048918e-25,5.900695096313451e-25,5.900767667182138e-25,5.900840223657908e-25,5.900912765743721e-25,5.900985293442325e-25,5.90105780675694e-25,5.9011303056903e-25,5.901202790245319e-25,5.901275260424978e-25,5.901347716232108e-25,5.901420157669604e-25,5.901492584740681e-25,5.901564997447885e-25,5.901637395794296e-25,5.901709779782849e-25,5.901782149416333e-25,5.9018545046978395e-25,5.901926845630225e-25,5.901999172216329e-25,5.902071484459099e-25,5.902143782362016e-25,5.902216065927829e-25,5.902288335158721e-25,5.90236059005796e-25,5.902432830628565e-25,5.9025050568731585e-25,5.902577268794827e-25,5.902649466396353e-25,5.902721649680908e-25,5.902793818665632e-25,5.902865973324527e-25,5.90293811365597e-25,5.903010239734909e-25,5.903082351466075e-25,5.903154448908677e-25,5.9032265320543585e-25,5.903298600962005e-25,5.903370655520006e-25,5.903442695792673e-25,5.903514721817649e-25,5.903586733518595e-25,5.903658730934714e-25,5.903730714075334e-25,5.90380268294091e-25,5.9038746375342085e-25,5.903946577858012e-25,5.904018503914996e-25,5.9040904157077305e-25,5.904162313258475e-25,5.904234196542711e-25,5.904306065583868e-25,5.904377920374594e-25,5.904449760917704e-25,5.904521587216177e-25,5.904593399273873e-25,5.904665197098712e-25,5.9047369806803825e-25,5.904808750028902e-25,5.904880505129448e-25,5.904952246021353e-25,5.9050239726870345e-25,5.905095685131667e-25,5.905167383358072e-25,5.905239067375767e-25,5.905310737178817e-25,5.90538239276614e-25,5.905454034010029e-25,5.90552566127054e-25,5.905597274282412e-25,5.905668873058408e-25,5.905740457638672e-25,5.90581202804955e-25,5.905883584250053e-25,5.9059551264466135e-25,5.906026654075753e-25,5.906098167776644e-25,5.906169667347073e-25,5.906241152638778e-25,5.906312623757442e-25,5.906384080742571e-25,5.906455523520002e-25,5.90652695210677e-25,5.906598366558222e-25,5.906669766856905e-25,5.906741153008025e-25,5.906812524999307e-25,5.906883882840354e-25,5.906955226533989e-25,5.907026556081204e-25,5.90709787148033e-25,5.907169172735836e-25,5.907240459933344e-25,5.907311732934249e-25,5.907382991808404e-25,5.907454236555752e-25,5.90752546717153e-25,5.90759668366955e-25,5.907667886055739e-25,5.907739074301464e-25,5.907810248455489e-25,5.907881408505533e-25,5.907952554465862e-25,5.908023686319656e-25,5.9080948040505585e-25,5.908165907679263e-25,5.908236997209916e-25,5.908308072646569e-25,5.908379133970281e-25,5.908450181238436e-25,5.908521214428486e-25,5.908592233537684e-25,5.90866323861776e-25,5.908734229579747e-25,5.908805206527437e-25,5.908876169342082e-25,5.908947118108419e-25,5.909018052791929e-25,5.90908897341448e-25,5.909159879971046e-25,5.909230772481589e-25,5.909301650878043e-25,5.909372515285178e-25,5.909443365645162e-25,5.909514201961894e-25,5.909585024233486e-25,5.909655832471032e-25,5.909726626672135e-25,5.909797406841803e-25,5.909868172981908e-25,5.909938925095193e-25,5.910009663215855e-25,5.91008038725841e-25,5.9101510973143335e-25,5.91022179339619e-25,5.910292475413514e-25,5.91036314341768e-25,5.910433797415743e-25,5.910504437408978e-25,5.910575063429764e-25,5.910645675433798e-25,5.910716273439858e-25,5.91078685743633e-25,5.910857427459765e-25,5.910927983491926e-25,5.910998525544223e-25,5.911069053636317e-25,5.911139567732552e-25,5.91121006785137e-25,5.911280554038854e-25,5.911351026206009e-25,5.911421484362643e-25,5.9114919285593505e-25,5.91156235892913e-25,5.911632775252399e-25,5.91170317762175e-25,5.9117735660348205e-25,5.911843940482558e-25,5.911914301005349e-25,5.911984647576218e-25,5.912054980205452e-25,5.912125298896111e-25,5.912195603649808e-25,5.912265894472125e-25,5.9123361713638065e-25,5.912406434327762e-25,5.912476683365284e-25,5.912546918481258e-25,5.912617139678177e-25,5.912687347103204e-25,5.912757540470268e-25,5.912827719920268e-25,5.912897885468719e-25,5.912968037103164e-25,5.913038174848889e-25,5.913108298692944e-25,5.91317840864419e-25,5.913248504722792e-25,5.913318586885014e-25,5.913388655163329e-25,5.913458709719908e-25,5.9135287502314e-25,5.913598776894072e-25,5.913668789641378e-25,5.913738788523288e-25,5.913808773525474e-25,5.913878744655108e-25,5.913948701904628e-25,5.914018645303162e-25,5.914088574842525e-25,5.914158490530547e-25,5.914228392370274e-25,5.914298280372667e-25,5.9143681546305565e-25,5.914438014916019e-25,5.91450786136004e-25,5.914577693963193e-25,5.914647512710725e-25,5.91471731750502e-25,5.9147871086039525e-25,5.914856885873971e-25,5.914926649310811e-25,5.914996398937642e-25,5.915066134733494e-25,5.915135856715615e-25,5.915205564881235e-25,5.915275259241806e-25,5.915344939776408e-25,5.915414606504462e-25,5.915484259464593e-25,5.915553898602893e-25,5.91562352393102e-25,5.915693135469161e-25,5.91576273320865e-25,5.915832317184193e-25,5.9159018873540635e-25,5.915971443744354e-25,5.916040986350699e-25,5.916110515161061e-25,5.916180030199303e-25,5.916249531473243e-25,5.916319018982385e-25,5.916388492715676e-25,5.916457952686509e-25,5.9165273988951755e-25,5.916596831346675e-25,5.916666250041839e-25,5.91673565498329e-25,5.91680504617389e-25,5.916874423616536e-25,5.9169437873138765e-25,5.917013137268711e-25,5.917082473483938e-25,5.917151795564573e-25,5.917221103961194e-25,5.9172903986680955e-25,5.917359679948926e-25,5.91742894750394e-25,5.917498201335675e-25,5.917567441447169e-25,5.9176366678416965e-25,5.917705880520921e-25,5.917775079523286e-25,5.917844264783041e-25,5.917913436126159e-25,5.917982593741072e-25,5.918051737616324e-25,5.918120867720347e-25,5.9181899842485895e-25,5.918259087043484e-25,5.918328176443315e-25,5.918397252159918e-25,5.91846631387655e-25,5.918535361762282e-25,5.918604396124236e-25,5.918673417230275e-25,5.918742424662701e-25,5.9188114184254165e-25,5.918880398522198e-25,5.91894936493474e-25,5.919018317624944e-25,5.9190872565894865e-25,5.919156181905926e-25,5.919225093561383e-25,5.91929399163247e-25,5.919362875987989e-25,5.919431746488777e-25,5.919500603348441e-25,5.919569446772053e-25,5.91963827656248e-25,5.919707092718424e-25,5.919775895242658e-25,5.9198446841378285e-25,5.919913459406859e-25,5.9199822210524725e-25,5.920050969077241e-25,5.920119703484167e-25,5.920188424279134e-25,5.920257131408462e-25,5.920325824830064e-25,5.92039450474943e-25,5.920463171103334e-25,5.920531823860482e-25,5.920600463011405e-25,5.9206690885864375e-25,5.920737700440752e-25,5.920806298851143e-25,5.9208748836418275e-25,5.920943454848659e-25,5.921012012293566e-25,5.921080556329269e-25,5.921149086790246e-25,5.921217603703205e-25,5.921286107024723e-25,5.921354596779416e-25,5.921423072858704e-25,5.921491535500539e-25,5.921559984674367e-25,5.921628420144869e-25,5.921696842097373e-25,5.921765250448645e-25,5.921833645210624e-25,5.921902026529786e-25,5.921970394256101e-25,5.922038748500707e-25,5.9221070891855425e-25,5.922175416369962e-25,5.922243729988575e-25,5.922312030073601e-25,5.92238031663063e-25,5.922448589663954e-25,5.922516849219285e-25,5.922585095320943e-25,5.92265332784921e-25,5.922721546819551e-25,5.9227897522833805e-25,5.922857944233001e-25,5.922926122671136e-25,5.922994287606477e-25,5.923062439050435e-25,5.923130576874161e-25,5.923198701317133e-25,5.923266812266701e-25,5.923334909754388e-25,5.9234029936931215e-25,5.923471064202795e-25,5.9235391212459015e-25,5.92360716477149e-25,5.923675194830677e-25,5.9237432113992855e-25,5.923811214322139e-25,5.92387920397879e-25,5.923947179813668e-25,5.924015142532631e-25,5.924083091798348e-25,5.924151027602884e-25,5.924218949957113e-25,5.92428685840041e-25,5.924354753859651e-25,5.924422635708429e-25,5.924490504346182e-25,5.924558359463288e-25,5.924626200867286e-25,5.924694029133698e-25,5.924761843934452e-25,5.924829645435162e-25,5.924897433596904e-25,5.9249652081575295e-25,5.925032969332322e-25,5.925100717036783e-25,5.925168451326704e-25,5.925236172247459e-25,5.925303879820967e-25,5.925371573894628e-25,5.925439254537825e-25,5.9255069217861895e-25,5.925574575642107e-25,5.925642216101091e-25,5.9257098431436e-25,5.9257774569666455e-25,5.92584505725042e-25,5.925912644196422e-25,5.9259802177114065e-25,5.926047777843623e-25,5.926115324550473e-25,5.926182857932912e-25,5.926250377920219e-25,5.926317884569965e-25,5.926385377751193e-25,5.926452857775823e-25,5.926520324303192e-25,5.926587777493189e-25,5.926655217327285e-25,5.926722643810245e-25,5.926790056940629e-25,5.926857456722984e-25,5.926924843160188e-25,5.926992216257693e-25,5.927059576014769e-25,5.927126922418944e-25,5.927194255511666e-25,5.927261575263698e-25,5.9273288816881855e-25,5.927396174785015e-25,5.927463454560989e-25,5.927530720947941e-25,5.927597974080739e-25,5.927665213907123e-25,5.927732440315936e-25,5.927799653519436e-25,5.9278668534130895e-25,5.927934039996897e-25,5.928001213278319e-25,5.928068373242593e-25,5.92813551992836e-25,5.928202653263945e-25,5.928269773364439e-25,5.928336880176278e-25,5.928403973701372e-25,5.928471054072447e-25,5.928538121023236e-25,5.928605174656213e-25,5.928672215072174e-25,5.928739242209798e-25,5.928806256076743e-25,5.928873256676666e-25,5.92894024401275e-25,5.929007218092058e-25,5.929074178890006e-25,5.929141126452562e-25,5.929208060757091e-25,5.929274981827865e-25,5.929341889732879e-25,5.929408784299422e-25,5.929475665635688e-25,5.929542533711955e-25,5.929609388550543e-25,5.929676230154179e-25,5.929743058525592e-25,5.929809873666827e-25,5.929876675570554e-25,5.929943464222869e-25,5.930010239705828e-25,5.930077001955364e-25,5.930143750993321e-25,5.930210486818543e-25,5.930277209428983e-25,5.930343918836918e-25,5.930410615037281e-25,5.930477298030331e-25,5.93054396782693e-25,5.930610624412329e-25,5.9306772678084195e-25,5.9307438980182495e-25,5.9308105150339525e-25,5.930877118865786e-25,5.930943709513069e-25,5.931010286923822e-25,5.931076851032409e-25,5.931143402149229e-25,5.931209940095761e-25,5.9312764648677405e-25,5.931342976473466e-25,5.931409474905699e-25,5.931475960172376e-25,5.931542432281655e-25,5.931608891233185e-25,5.931675337029979e-25,5.931741769674279e-25,5.931808189170746e-25,5.931874595519412e-25,5.931940988721433e-25,5.932007368841708e-25,5.932073735770692e-25,5.93214008955718e-25,5.93220643021014e-25,5.932272757732072e-25,5.9323390721325825e-25,5.932405373408021e-25,5.932471661576684e-25,5.93253793657844e-25,5.932604198456542e-25,5.932670447254174e-25,5.932736682976285e-25,5.932802905433872e-25,5.932869114890979e-25,5.93293531124822e-25,5.93300149446212e-25,5.933067664577841e-25,5.933133821598463e-25,5.933199965527526e-25,5.933266096368503e-25,5.93333221380122e-25,5.9333983185013195e-25,5.933464410119183e-25,5.933530488654421e-25,5.933596554144436e-25,5.933662606547549e-25,5.933728645821721e-25,5.933794672022807e-25,5.9338606851546675e-25,5.933926685268624e-25,5.9339926723518145e-25,5.93405864634246e-25,5.93412460727514e-25,5.93419055514039e-25,5.93425648994329e-25,5.934322411719977e-25,5.9343883205404215e-25,5.934454216224962e-25,5.93452009886743e-25,5.9345859684449815e-25,5.934651825002244e-25,5.934717668475465e-25,5.934783499014964e-25,5.934849316469041e-25,5.934915120916351e-25,5.934980912344698e-25,5.93504669075308e-25,5.935112456143979e-25,5.935178208518014e-25,5.935243947732207e-25,5.935309674069623e-25,5.935375387460921e-25,5.935441087834762e-25,5.935506775176351e-25,5.93557244951909e-25,5.935638110935111e-25,5.935703759296952e-25,5.935769394658007e-25,5.935835017023223e-25,5.935900626450279e-25,5.935966222784908e-25,5.936031806203503e-25,5.936097376623909e-25,5.936162934114107e-25,5.936228478610746e-25,5.936294010137138e-25,5.936359528640026e-25,5.936425034235328e-25,5.9364905268925195e-25,5.936556006557691e-25,5.936621473275262e-25,5.93668692702291e-25,5.9367523678308095e-25,5.936817795690128e-25,5.936883210607678e-25,5.936948612569383e-25,5.937014001597546e-25,5.937079377685478e-25,5.937144740803888e-25,5.937210091023552e-25,5.937275428247624e-25,5.937340752778071e-25,5.937406064211911e-25,5.937471362783887e-25,5.937536648374096e-25,5.937601921046503e-25,5.937667180741122e-25,5.937732427472829e-25,5.937797661516237e-25,5.937862882543026e-25,5.937928090580743e-25,5.937993285764844e-25,5.938058468084782e-25,5.938123637455758e-25,5.93818879399668e-25,5.938253937629352e-25,5.93831906838316e-25,5.938384186247452e-25,5.938449291229461e-25,5.938514383324992e-25,5.93857946249054e-25,5.9386445289435885e-25,5.938709582393646e-25,5.93877462312249e-25,5.938839650647817e-25,5.938904665628113e-25,5.938969667827256e-25,5.939034656963248e-25,5.939099633230303e-25,5.939164596648276e-25,5.9392295472177805e-25,5.939294484958419e-25,5.939359409839427e-25,5.939424321868078e-25,5.939489221015183e-25,5.939554107353952e-25,5.939618980811363e-25,5.939683841486889e-25,5.9397486893313215e-25,5.939813524345108e-25,5.939878346530759e-25,5.939943155897587e-25,5.940007952467076e-25,5.940072736364329e-25,5.9401375074766165e-25,5.940202265471185e-25,5.940267010811584e-25,5.940331743329772e-25,5.94039646305712e-25,5.940461169917049e-25,5.940525863935905e-25,5.940590545157733e-25,5.940655213585612e-25,5.940719869273665e-25,5.940784512191879e-25,5.940849142261516e-25,5.940913759575001e-25,5.940978364058121e-25,5.941042955526798e-25,5.9411075345132515e-25,5.941172100708396e-25,5.941236654143681e-25,5.941301194756642e-25,5.941365722599866e-25,5.941430237676852e-25,5.941494739990263e-25,5.941559229543053e-25,5.941623706374964e-25,5.941688170374622e-25,5.9417526218215545e-25,5.941817060405383e-25,5.941881486251981e-25,5.941945899272846e-25,5.942010299602235e-25,5.9420746872575925e-25,5.942139062172669e-25,5.942203424302293e-25,5.942267773592572e-25,5.942332110254993e-25,5.942396434435236e-25,5.942460745649635e-25,5.94252504407316e-25,5.942589329862813e-25,5.942653602874928e-25,5.942717863216647e-25,5.942782110864169e-25,5.942846345797569e-25,5.942910568029957e-25,5.942974777557398e-25,5.94303897438334e-25,5.9431031585496775e-25,5.943167329984481e-25,5.9432314887229855e-25,5.943295634773134e-25,5.943359768136644e-25,5.943423888835664e-25,5.9434879968259595e-25,5.943552092147004e-25,5.943616174780564e-25,5.9436802447292185e-25,5.9437443020202515e-25,5.943808346641264e-25,5.943872378599424e-25,5.943936397897474e-25,5.944000404525237e-25,5.944064398496844e-25,5.944128379787316e-25,5.944192348443277e-25,5.944256304476689e-25,5.944320247849724e-25,5.94438417867343e-25,5.944448097008454e-25,5.944512002427828e-25,5.944575895207461e-25,5.944639775349807e-25,5.944703642857776e-25,5.944767497735582e-25,5.944831339978865e-25,5.944895169602405e-25,5.944958986621339e-25,5.945022790975847e-25,5.9450865827263975e-25,5.945150361848338e-25,5.945214128375204e-25,5.94527788229084e-25,5.9453416235975e-25,5.945405352298074e-25,5.945469068392876e-25,5.94553277188743e-25,5.945596462787355e-25,5.945660141087164e-25,5.945723806761188e-25,5.94578745978202e-25,5.945851100339362e-25,5.945914728278798e-25,5.945978343614309e-25,5.946041946464321e-25,5.9461055366644385e-25,5.946169114288803e-25,5.946232679340019e-25,5.946296231820446e-25,5.946359771736398e-25,5.946423299089256e-25,5.946486813872984e-25,5.946550316096176e-25,5.946613805731148e-25,5.946677282733316e-25,5.946740747279104e-25,5.9468041993269125e-25,5.946867638462643e-25,5.946931065376138e-25,5.946994479746746e-25,5.947057881577164e-25,5.947121270870294e-25,5.947184647835693e-25,5.947248012060407e-25,5.947311363754944e-25,5.947374702939782e-25,5.94743802957133e-25,5.9475013436906645e-25,5.947564645285185e-25,5.9476279343652e-25,5.947691210940527e-25,5.947754474877342e-25,5.947817726287747e-25,5.947880965265429e-25,5.947944191797352e-25,5.94800740585849e-25,5.948070607413684e-25,5.948133796233018e-25,5.948196972756364e-25,5.948260136763575e-25,5.948323288319026e-25,5.948386427381962e-25,5.9484495539969525e-25,5.948512668179866e-25,5.948575769813059e-25,5.948638858930734e-25,5.948701935595838e-25,5.94876499982904e-25,5.948828051574114e-25,5.948891090834836e-25,5.948954117549366e-25,5.949017131863709e-25,5.949080133703713e-25,5.9491431230641765e-25,5.949206100041866e-25,5.949269064585135e-25,5.94933201666269e-25,5.949394956323609e-25,5.949457883526498e-25,5.949520798272487e-25,5.949583700560512e-25,5.9496465903873235e-25,5.949709467784433e-25,5.949772332821245e-25,5.949835185265158e-25,5.949898025181446e-25,5.949960852904831e-25,5.950023668175109e-25,5.950086471009243e-25,5.950149261484815e-25,5.95021203950173e-25,5.950274805634442e-25,5.950337558905156e-25,5.950400299604753e-25,5.950463028002461e-25,5.950525743985227e-25,5.950588447589161e-25,5.950651138788485e-25,5.950713817652685e-25,5.95077648406556e-25,5.950839138073097e-25,5.95090177944179e-25,5.950964408724299e-25,5.951027025445628e-25,5.951089629942995e-25,5.951152222079939e-25,5.951214801906074e-25,5.951277369286617e-25,5.9513399244099255e-25,5.951402467037129e-25,5.9514649973066305e-25,5.951527515189924e-25,5.951590020734492e-25,5.9516525136127735e-25,5.9517149944479065e-25,5.951777462789993e-25,5.951839918923386e-25,5.951902362714823e-25,5.9519647941336345e-25,5.952027213175313e-25,5.9520896199314665e-25,5.952152014408269e-25,5.952214396418912e-25,5.952276766215539e-25,5.952339123789729e-25,5.952401468886989e-25,5.952463801646016e-25,5.952526122095871e-25,5.952588430220978e-25,5.9526507261497885e-25,5.952713009650234e-25,5.95277528087544e-25,5.95283753969764e-25,5.952899786326523e-25,5.952962020603247e-25,5.953024242511092e-25,5.953086452077816e-25,5.9531486494424545e-25,5.9532108344069735e-25,5.953273007174668e-25,5.953335167629737e-25,5.953397315850605e-25,5.953459451750947e-25,5.953521575378644e-25,5.953583686730705e-25,5.953645785805254e-25,5.953707872604807e-25,5.953769947219573e-25,5.953832009557099e-25,5.953894059519778e-25,5.953956097207553e-25,5.954018122621163e-25,5.9540801358842035e-25,5.954142136801283e-25,5.954204125485395e-25,5.954266101909998e-25,5.954328066191684e-25,5.95439001809052e-25,5.954451957752391e-25,5.954513885175323e-25,5.954575800455219e-25,5.95463770342101e-25,5.954699594151868e-25,5.954761472714149e-25,5.954823338991588e-25,5.954885193044424e-25,5.954947034830743e-25,5.955008864479458e-25,5.955070681849417e-25,5.955132487000454e-25,5.955194279935118e-25,5.955256060636464e-25,5.955317829127342e-25,5.955379585433222e-25,5.95544132952583e-25,5.955503061420114e-25,5.955564781113357e-25,5.955626488634092e-25,5.955688183991452e-25,5.95574986711156e-25,5.955811537824441e-25,5.955873196543213e-25,5.955934843082877e-25,5.95599647742982e-25,5.956058099604098e-25,5.956119709597565e-25,5.9561813074076805e-25,5.95624289305018e-25,5.956304466917995e-25,5.956366028206114e-25,5.956427577421969e-25,5.956489114393002e-25,5.956550639193028e-25,5.956612151843507e-25,5.956673652335103e-25,5.956735140672457e-25,5.956796616862355e-25,5.9568580808879065e-25,5.956919533057908e-25,5.956980972770207e-25,5.957042400456012e-25,5.957103815921403e-25,5.95716521928984e-25,5.957226610508299e-25,5.957287989531062e-25,5.957349356432626e-25,5.957410711219905e-25,5.957472053923138e-25,5.957533384545143e-25,5.957594703015934e-25,5.957656009453256e-25,5.957717303668837e-25,5.95777858575258e-25,5.957839855742223e-25,5.957901113628072e-25,5.957962359398074e-25,5.958023593062817e-25,5.9580848146363235e-25,5.958146024113375e-25,5.958207221605838e-25,5.958268407001601e-25,5.9583295803043605e-25,5.958390741518402e-25,5.958451890648223e-25,5.9585130276985575e-25,5.958574152674077e-25,5.958635265578133e-25,5.958696366259549e-25,5.958757454873831e-25,5.958818531426762e-25,5.95887959591335e-25,5.958940648358574e-25,5.959001688704807e-25,5.959062716956387e-25,5.959123733184851e-25,5.959184737347608e-25,5.9592457294808645e-25,5.959306709557193e-25,5.959367677600264e-25,5.959428633559023e-25,5.9594895774744015e-25,5.959550509343934e-25,5.959611429282584e-25,5.959672337082426e-25,5.959733232838811e-25,5.959794116563212e-25,5.959854988263547e-25,5.959915847933793e-25,5.959976695574523e-25,5.960037531191963e-25,5.960098354790197e-25,5.960159166365881e-25,5.960219965897427e-25,5.960280753487433e-25,5.96034152905239e-25,5.960402292588906e-25,5.960463044109727e-25,5.960523783767138e-25,5.960584511398916e-25,5.960645226918035e-25,5.96070593044042e-25,5.960766621968427e-25,5.96082730150463e-25,5.960887969051437e-25,5.960948624611448e-25,5.961009268187068e-25,5.961069899780608e-25,5.961130519394599e-25,5.961191127031507e-25,5.961251722693467e-25,5.961312306383304e-25,5.961372878103433e-25,5.961433437855969e-25,5.961493985643557e-25,5.9615545214687505e-25,5.96161504533422e-25,5.961675557263204e-25,5.961736057262516e-25,5.961796545281614e-25,5.961857021341709e-25,5.961917485450858e-25,5.9619779376123435e-25,5.962038377676266e-25,5.962098805951105e-25,5.9621592222920385e-25,5.962219626687945e-25,5.962280019149695e-25,5.962340399679733e-25,5.962400768078225e-25,5.962461124601925e-25,5.962521469058474e-25,5.962581801535201e-25,5.962642122372265e-25,5.962702431345422e-25,5.962762728413772e-25,5.962823013618529e-25,5.962883286910645e-25,5.962943548256601e-25,5.963003797697641e-25,5.963064035419218e-25,5.963124260817461e-25,5.963184474643434e-25,5.963244676299746e-25,5.963304866220956e-25,5.963365044244943e-25,5.963425210566947e-25,5.963485364751005e-25,5.963545507035908e-25,5.9636056375705225e-25,5.9636657562156415e-25,5.963725862960728e-25,5.963785958384756e-25,5.963846041400922e-25,5.963906113051884e-25,5.963966172546765e-25,5.964026219999346e-25,5.964086255539916e-25,5.964146279206208e-25,5.964206291043197e-25,5.96426629101452e-25,5.964326279147402e-25,5.964386255420378e-25,5.964446219864683e-25,5.964506172462938e-25,5.964566113443743e-25,5.964626042312018e-25,5.964685959287545e-25,5.964745864663537e-25,5.964805758092845e-25,5.964865639687417e-25,5.964925509448582e-25,5.964985367352182e-25,5.9650452134191415e-25,5.965105047674502e-25,5.965164869839e-25,5.965224680482205e-25,5.9652844793038835e-25,5.965344266103277e-25,5.965404041285762e-25,5.965463804659395e-25,5.965523556226982e-25,5.965583296007051e-25,5.965643023979175e-25,5.965702740151468e-25,5.965762444526225e-25,5.965822137095699e-25,5.965881817727536e-25,5.965941486571517e-25,5.966001143630398e-25,5.966060788906234e-25,5.966120422401483e-25,5.96618004411878e-25,5.966239654060176e-25,5.966299252228251e-25,5.9663588386254005e-25,5.966418413253836e-25,5.966477976116083e-25,5.966537527214464e-25,5.966597066551417e-25,5.96665659412926e-25,5.966716109950463e-25,5.9667756140173065e-25,5.966835106332162e-25,5.966894586897445e-25,5.966954055715587e-25,5.967013512788906e-25,5.967072958119733e-25,5.967132391710353e-25,5.967191813563374e-25,5.967251223680933e-25,5.967310622065667e-25,5.967370008719609e-25,5.967429383645396e-25,5.967488746845183e-25,5.967548098423547e-25,5.967607438279755e-25,5.967666766415996e-25,5.967726082835006e-25,5.967785387538663e-25,5.967844680529585e-25,5.967903961810003e-25,5.967963231382341e-25,5.968022489248989e-25,5.968081735412203e-25,5.968140969874284e-25,5.968200192637671e-25,5.968259403704767e-25,5.9683186030778615e-25,5.968377790759258e-25,5.968436966751373e-25,5.968496131056488e-25,5.968555283676872e-25,5.968614424615038e-25,5.968673553873231e-25,5.9687326714538315e-25,5.968791777358991e-25,5.968850871625289e-25,5.968909954220675e-25,5.968969025158956e-25,5.96902808450485e-25,5.969087132116322e-25,5.969146168033863e-25,5.9692051922923585e-25,5.96926420489425e-25,5.969323205841962e-25,5.969382195137372e-25,5.969441172783157e-25,5.969500138781625e-25,5.969559093134917e-25,5.969618035845405e-25,5.9696769669153525e-25,5.969735886347309e-25,5.969794794043675e-25,5.969853690091936e-25,5.9699125744884675e-25,5.969971447224017e-25,5.9700303082740925e-25,5.970089157536729e-25,5.970147995355297e-25,5.970206821484826e-25,5.970265636091023e-25,5.970324439126634e-25,5.97038323068659e-25,5.970442010696163e-25,5.970500779085423e-25,5.970559535792394e-25,5.970618280906664e-25,5.970677014429145e-25,5.970735736269127e-25,5.970794446523246e-25,5.970853145284874e-25,5.97091183253089e-25,5.970970508111596e-25,5.9710291720108555e-25,5.971087824317577e-25,5.9711464650363505e-25,5.971205094259737e-25,5.97126371189938e-25,5.971322317957899e-25,5.971380912474275e-25,5.971439495243134e-25,5.971498066219742e-25,5.971556625722756e-25,5.971615173820979e-25,5.971673710410102e-25,5.971732235555327e-25,5.971790749146168e-25,5.971849251184707e-25,5.971907741673116e-25,5.971966220613847e-25,5.972024688009119e-25,5.97208314387809e-25,5.972141588206221e-25,5.972200020998261e-25,5.972258442202332e-25,5.972316851705634e-25,5.9723752498664555e-25,5.97243363652921e-25,5.972492011663435e-25,5.9725503752338485e-25,5.972608727281297e-25,5.972667067808409e-25,5.9727253968171455e-25,5.972783714310047e-25,5.972842020289184e-25,5.972900314757287e-25,5.9729585977162305e-25,5.973016869168399e-25,5.9730751291162495e-25,5.973133377561867e-25,5.973191614507841e-25,5.973249839956242e-25,5.973308053909482e-25,5.973366256369687e-25,5.973424447339452e-25,5.97348262682075e-25,5.97354079472941e-25,5.973598951153875e-25,5.973657096096584e-25,5.973715229559905e-25,5.9737733515463105e-25,5.973831462187507e-25,5.973889561356476e-25,5.973947649055448e-25,5.97400572528678e-25,5.974063790052849e-25,5.974121843355882e-25,5.974179885198193e-25,5.974237915582302e-25,5.974295934510336e-25,5.974353941984923e-25,5.974411938008054e-25,5.974469922581204e-25,5.974527895701434e-25,5.974585857372596e-25,5.97464380761314e-25,5.9747017463873495e-25,5.9747596737445945e-25,5.974817589667032e-25,5.97487549415264e-25,5.974933387201647e-25,5.974991268822255e-25,5.975049139016775e-25,5.975106997788791e-25,5.975164845182382e-25,5.975222680961838e-25,5.975280505302306e-25,5.975338318184825e-25,5.975396119502612e-25,5.975453909579527e-25,5.97551168821551e-25,5.975569455435675e-25,5.97562721130745e-25,5.97568495580325e-25,5.975742688914882e-25,5.975800410824046e-25,5.975858121319852e-25,5.975915820565709e-25,5.975973508393548e-25,5.976031184484397e-25,5.976088849191647e-25,5.97614650251697e-25,5.976204144462429e-25,5.97626177502976e-25,5.976319394309264e-25,5.976377002213916e-25,5.976434598472502e-25,5.976492183269587e-25,5.976549757160715e-25,5.976607319733507e-25,5.976664870936268e-25,5.976722410666848e-25,5.976779939120413e-25,5.976837456405077e-25,5.976894962385216e-25,5.9769524564588375e-25,5.977009939516379e-25,5.977067411244017e-25,5.977124871480774e-25,5.97718232037582e-25,5.977239758078667e-25,5.977297184421867e-25,5.9773545994315255e-25,5.977412003108387e-25,5.977469395454596e-25,5.97752677647402e-25,5.977584146149314e-25,5.977641504600857e-25,5.977698851830754e-25,5.977756187696276e-25,5.977813512178569e-25,5.977870825262765e-25,5.9779281270805445e-25,5.977985417585425e-25,5.97804269674092e-25,5.978099964579037e-25,5.9781572211252045e-25,5.978214466368921e-25,5.978271700311356e-25,5.978328922953202e-25,5.978386134290385e-25,5.9784433342833e-25,5.978500523060968e-25,5.978557700547182e-25,5.978614866698364e-25,5.978672021618061e-25,5.978729165162223e-25,5.9787862975052325e-25,5.978843418583318e-25,5.978900528392067e-25,5.978957626958182e-25,5.979014714310563e-25,5.979071790302758e-25,5.9791288550271455e-25,5.979185908531653e-25,5.979242950763018e-25,5.979299981741194e-25,5.979357001471565e-25,5.979414009941027e-25,5.979471007166503e-25,5.979527993128791e-25,5.979584967855798e-25,5.979641931349109e-25,5.979698883628149e-25,5.979755824624135e-25,5.979812754370036e-25,5.979869672984127e-25,5.979926580259365e-25,5.979983476303227e-25,5.980040361120254e-25,5.9800972347108425e-25,5.98015409707746e-25,5.980210948221559e-25,5.980267788242109e-25,5.980324616957803e-25,5.980381434654972e-25,5.980438241019652e-25,5.980495036205362e-25,5.980551820085774e-25,5.980608592742642e-25,5.980665354194106e-25,5.980722104476627e-25,5.980778843550544e-25,5.980835571405454e-25,5.98089228806456e-25,5.980948993550159e-25,5.981005687860863e-25,5.981062370989549e-25,5.981119042944759e-25,5.981175703660773e-25,5.981232353195043e-25,5.981288991573796e-25,5.981345618777055e-25,5.981402234807347e-25,5.981458839667227e-25,5.981515433359401e-25,5.981572015886625e-25,5.981628587251596e-25,5.981685147392831e-25,5.981741696368906e-25,5.981798234180345e-25,5.981854760826778e-25,5.98191127630555e-25,5.981967780684912e-25,5.982024273954766e-25,5.9820807560595055e-25,5.98213722698937e-25,5.982193686761626e-25,5.982250135406357e-25,5.982306572910814e-25,5.982362999276674e-25,5.98241941450392e-25,5.982475818585607e-25,5.98253221159844e-25,5.982588593453218e-25,5.982644964181974e-25,5.982701323789062e-25,5.98275767226067e-25,5.982814009627565e-25,5.9828703358783875e-25,5.982926651011541e-25,5.982982955125451e-25,5.98303924803581e-25,5.983095529823359e-25,5.98315180052375e-25,5.983208059951007e-25,5.9832643084917625e-25,5.983320545960215e-25,5.983376772307161e-25,5.983432987512605e-25,5.983489191626927e-25,5.983545384651178e-25,5.983601566587966e-25,5.983657737439174e-25,5.983713897218706e-25,5.983770045900547e-25,5.983826183519568e-25,5.983882310046446e-25,5.983938425478298e-25,5.983994530051302e-25,5.9840506236292215e-25,5.984106706035375e-25,5.98416277724379e-25,5.984218837378143e-25,5.984274886446628e-25,5.984330924448686e-25,5.984386951392229e-25,5.9844429674099255e-25,5.98449897224173e-25,5.984554966019568e-25,5.984610948757085e-25,5.984666920662993e-25,5.984722881629522e-25,5.984778831293912e-25,5.984834769862858e-25,5.984890697117215e-25,5.9849466136152965e-25,5.985002519085246e-25,5.985058413072873e-25,5.985114296498363e-25,5.985170168927157e-25,5.985226030311832e-25,5.985281880615884e-25,5.985337719954641e-25,5.9853935484949475e-25,5.985449365801174e-25,5.985505172037538e-25,5.985560967320801e-25,5.985616751599219e-25,5.985672524821323e-25,5.985728287085799e-25,5.985784038428016e-25,5.985839778774761e-25,5.98589550804032e-25,5.985951226306235e-25,5.98600693358637e-25,5.9860626298763625e-25,5.986118315179194e-25,5.986173989476352e-25,5.986229652808987e-25,5.986285305112453e-25,5.986340946481684e-25,5.986396576888298e-25,5.9864521963948e-25,5.986507804906894e-25,5.986563402621075e-25,5.986618989163693e-25,5.986674564591644e-25,5.986730129065654e-25,5.986785682652473e-25,5.986841225298622e-25,5.986896756870627e-25,5.986952277540776e-25,5.98700778733681e-25,5.9870632861683235e-25,5.987118774307808e-25,5.987174251364857e-25,5.987229717327996e-25,5.987285172351593e-25,5.987340616443111e-25,5.987396049611831e-25,5.987451471865141e-25,5.987506883190997e-25,5.9875622836798935e-25,5.987617672984697e-25,5.987673051469001e-25,5.987728419004257e-25,5.98778377565648e-25,5.987839121405189e-25,5.987894456252069e-25,5.987949780185821e-25,5.988005093200643e-25,5.9880603953166515e-25,5.988115686512941e-25,5.98817096693564e-25,5.988226236340638e-25,5.988281494808891e-25,5.98833674235415e-25,5.988391979039206e-25,5.988447204691584e-25,5.988502419870757e-25,5.9885576238051475e-25,5.988612816888758e-25,5.988667999034368e-25,5.988723170378135e-25,5.988778330846882e-25,5.988833480375056e-25,5.988888619074181e-25,5.988943746900052e-25,5.988998863857753e-25,5.989053969944023e-25,5.989109065152549e-25,5.989164149494935e-25,5.989219222992002e-25,5.9892742856553065e-25,5.989329337360429e-25,5.989384378288307e-25,5.989439408329286e-25,5.989494427521891e-25,5.989549435894914e-25,5.989604433385356e-25,5.989659420030495e-25,5.989714395821485e-25,5.989769360769096e-25,5.989824314852712e-25,5.989879258120184e-25,5.989934190550694e-25,5.989989112146223e-25,5.990044022909453e-25,5.9900989228422305e-25,5.990153811946993e-25,5.990208690225864e-25,5.9902635576739e-25,5.990318414305655e-25,5.990373260215157e-25,5.990428095197397e-25,5.990482919351063e-25,5.9905377327182485e-25,5.990592535189959e-25,5.990647326946951e-25,5.990702107895023e-25,5.990756878038414e-25,5.990811637378784e-25,5.990866385918143e-25,5.990921123656733e-25,5.990975850197787e-25,5.991030566348268e-25,5.991085271589059e-25,5.991139966048038e-25,5.991194649817487e-25,5.991249322817973e-25,5.991303984967474e-25,5.991358636364663e-25,5.991413277018456e-25,5.9914679068898875e-25,5.991522525997216e-25,5.991577134329377e-25,5.991631731892467e-25,5.991686318696106e-25,5.991740894720421e-25,5.991795459981168e-25,5.991850014461365e-25,5.991904558191768e-25,5.99195909133925e-25,5.992013613608982e-25,5.992068125131411e-25,5.992122625698533e-25,5.992177115682975e-25,5.992231594935062e-25,5.99228606343171e-25,5.992340521187777e-25,5.99239496823801e-25,5.992449404511922e-25,5.992503830052713e-25,5.992558244859179e-25,5.992612648947575e-25,5.992667042179486e-25,5.992721424843271e-25,5.992775796759449e-25,5.992830157838339e-25,5.992884508167076e-25,5.992938847948881e-25,5.9929931770054155e-25,5.993047495285078e-25,5.993101802850423e-25,5.993156099750317e-25,5.993210386070912e-25,5.993264661553894e-25,5.993318926333858e-25,5.993373180461748e-25,5.993427423777486e-25,5.993481656479818e-25,5.99353587842592e-25,5.993590089849089e-25,5.99364429042145e-25,5.993698480294902e-25,5.993752659513346e-25,5.9938068280799305e-25,5.99386098595565e-25,5.993915133147964e-25,5.993969269496153e-25,5.9940233951950075e-25,5.994077510269708e-25,5.99413161475193e-25,5.994185708522281e-25,5.994239791647146e-25,5.994293864420276e-25,5.994347926463269e-25,5.994401977659798e-25,5.994456018191275e-25,5.994510048053218e-25,5.994564067255835e-25,5.994618075794242e-25,5.994672073675421e-25,5.994726060884045e-25,5.994780037442834e-25,5.994834003363257e-25,5.994887958672884e-25,5.994941903302429e-25,5.994995837344867e-25,5.995049760713097e-25,5.995103673173226e-25,5.995157575195975e-25,5.995211466599013e-25,5.9952653474789e-25,5.995319217757245e-25,5.995373077405337e-25,5.995426926539661e-25,5.995480764886743e-25,5.995534592613775e-25,5.995588409801626e-25,5.995642216371468e-25,5.995696012328423e-25,5.995749797681859e-25,5.99580357242927e-25,5.995857336529532e-25,5.995911090245e-25,5.995964833234334e-25,5.996018565525488e-25,5.996072287248772e-25,5.996125998441662e-25,5.996179699019906e-25,5.99623338898304e-25,5.9962870684476515e-25,5.996340737212825e-25,5.996394395451488e-25,5.996448043098144e-25,5.996501680176343e-25,5.996555306724918e-25,5.9966089226573445e-25,5.996662528017854e-25,5.996716122858816e-25,5.996769707087308e-25,5.996823280794434e-25,5.996876844096755e-25,5.996930396638064e-25,5.996983938632122e-25,5.997037470023805e-25,5.997090990821076e-25,5.997144501139783e-25,5.997198000916127e-25,5.997251490205151e-25,5.99730496913758e-25,5.997358437266724e-25,5.9974118948726905e-25,5.997465341956155e-25,5.997518778438416e-25,5.997572204336532e-25,5.997625619770624e-25,5.997679024691011e-25,5.997732419012454e-25,5.997785802794077e-25,5.997839176242976e-25,5.997892539104329e-25,5.9979458914052875e-25,5.997999233251933e-25,5.99805256451722e-25,5.998105885266711e-25,5.998159195420617e-25,5.998212495162791e-25,5.99826578438657e-25,5.998319063294417e-25,5.998372331527538e-25,5.998425589152969e-25,5.99847883644979e-25,5.99853207310958e-25,5.998585299334052e-25,5.998638515059672e-25,5.998691720303913e-25,5.998744915050265e-25,5.998798099309118e-25,5.998851273085265e-25,5.998904436099878e-25,5.998957588845819e-25,5.999010731181188e-25,5.9990638631605025e-25,5.999116984546394e-25,5.99917009541958e-25,5.999223196069392e-25,5.999276286056558e-25,5.999329365566174e-25,5.99938243455899e-25,5.999435493155334e-25,5.999488540971906e-25,5.999541578612388e-25,5.999594605837063e-25,5.999647622555913e-25,5.99970062887275e-25,5.99975362472823e-25,5.999806610141429e-25,5.999859585113236e-25,5.999912549654557e-25,5.99996550394313e-25,6.000018447575504e-25,6.000071380738952e-25,6.000124303518639e-25,6.000177215870128e-25,6.0002301177873705e-25,6.000283009285022e-25,6.000335890405825e-25,6.000388761078446e-25,6.000441621297684e-25,6.000494471099847e-25,6.000547310497867e-25,6.000600139488983e-25,6.000652958041764e-25,6.0007057661857805e-25,6.000758563879477e-25,6.000811351202485e-25,6.000864128079449e-25,6.000916894600038e-25,6.000969650719455e-25,6.001022396415857e-25,6.00107513171087e-25,6.001127856518763e-25,6.001180571055346e-25,6.001233275176479e-25,6.001285968718382e-25,6.001338652095013e-25,6.001391325281925e-25,6.0014439878472685e-25,6.0014966400746275e-25,6.00154928194577e-25,6.001601913405526e-25,6.001654534470762e-25,6.001707145054034e-25,6.001759745406569e-25,6.001812335393217e-25,6.001864915008161e-25,6.001917484203686e-25,6.001970042879521e-25,6.0020225914075255e-25,6.002075129593125e-25,6.002127657418318e-25,6.002180174925931e-25,6.002232682053216e-25,6.002285178960184e-25,6.002337665376025e-25,6.002390141462991e-25,6.0024426072072305e-25,6.002495062602915e-25,6.002547507596877e-25,6.002599942312792e-25,6.002652366701077e-25,6.002704780624472e-25,6.0027571843492e-25,6.002809577753644e-25,6.002861960832136e-25,6.002914333219219e-25,6.002966695655934e-25,6.003019047744715e-25,6.003071389537215e-25,6.00312372101008e-25,6.003176042137454e-25,6.003228352990218e-25,6.003280653529886e-25,6.003332943775899e-25,6.003385223721326e-25,6.003437493375032e-25,6.003489752713537e-25,6.003542001873478e-25,6.003594240611017e-25,6.0036464690453605e-25,6.003698687039123e-25,6.003750894786815e-25,6.003803092360199e-25,6.0038552796476585e-25,6.003907456652782e-25,6.003959623379705e-25,6.00401177992394e-25,6.00406392605975e-25,6.004116061913254e-25,6.004168187631472e-25,6.004220302932464e-25,6.004272407993128e-25,6.004324502782194e-25,6.004376587324889e-25,6.004428661558123e-25,6.004480725560025e-25,6.004532779335008e-25,6.0045848228123425e-25,6.0046368557694585e-25,6.004688878681945e-25,6.004740891403305e-25,6.004792893993701e-25,6.0048448862388235e-25,6.004896868082969e-25,6.004948839824868e-25,6.005000801330678e-25,6.005052752577552e-25,6.005104693570324e-25,6.005156624348529e-25,6.005208544886493e-25,6.005260455203734e-25,6.005312355289974e-25,6.005364244762656e-25,6.005416124397871e-25,6.005467993822238e-25,6.005519853159049e-25,6.005571702126391e-25,6.005623540874427e-25,6.005675369405918e-25,6.00572718772017e-25,6.005778995829907e-25,6.005830793730791e-25,6.005882581424933e-25
21,1.3613835183325897e-83,6.922208150402507e-83,2.1339372231935917e-82,5.143167823628244e-82,1.0648730652049162e-81,1.9854441475516592e-81,3.4265467591120423e-81,5.571374221513761e-81,8.638298341633492e-81,1.2883367563195334e-80,1.8602823016630537e-80,2.61356439614394e-80,3.586612722635726e-80,4.822650083517675e-80,6.369956937996894e-80,8.282138732036183e-80,1.0618395584106625e-79,1.3443793886504956e-79,1.682953941217861e-79,2.085325156086323e-79,2.5599238430572435e-79,3.115877245278117e-79,3.7630366378186215e-79,4.5120049443857034e-79,5.37416435902603e-79,6.361703962829394e-79,7.487647328244613e-79,8.765880105710856e-79,1.0211177588910257e-78,1.1839232256324256e-78,1.3666681287520485e-78,1.571113405356342e-78,1.7991199581234843e-78,2.052651399122744e-78,2.333776791064841e-78,2.644673386027758e-78,2.987629361731169e-78,3.3650465553997363e-78,3.779443195290437e-78,4.2334566299336293e-78,4.729846055146295e-78,5.271495238867805e-78,5.861415243851258e-78,6.502747148269825e-78,7.19876476426407e-78,7.952877354437551e-78,8.76863234638288e-78,9.649718045201395e-78,1.0599966344076853e-77,1.1623355432884223e-77,1.2724012504918216e-77,1.3906216461640136e-77,1.517440061557002e-77,1.6533155391257213e-77,1.7987231024369777e-77,1.9541540258899764e-77,2.120116104248913e-77,2.297133921989053e-77,2.485749122453571e-77,2.686520676829781e-77,2.900025152931645e-77,3.126856983802147e-77,3.3676287361260448e-77,3.622971378463611e-77,3.89353454929092e-77,4.179986824861334e-77,4.483015986879924e-77,4.8033292899944284e-77,5.141653729099783e-77,5.498736306461554e-77,5.875344298651878e-77,6.272265523304396e-77,6.690308605682265e-77,7.130303245071632e-77,7.593100480969508e-77,8.079572959118753e-77,8.590615197333163e-77,9.127143851165807e-77,9.690097979352675e-77,1.028043930912619e-76,1.0899152501306195e-76,1.1547245415226006e-76,1.2225749373468667e-76,1.2935719426426025e-76,1.3678234616681562e-76,1.445439824318215e-76,1.526533812527196e-76,1.6112206866510355e-76,1.6996182118319084e-76,1.7918466843450592e-76,1.8880289579273215e-76,1.9882904700871985e-76,2.0927592683971107e-76,2.201566036767539e-76,2.314844121703081e-76,2.4327295585403045e-76,2.555361097667485e-76,2.682880230726631e-76,2.815431216796031e-76,2.9531611085591174e-76,3.096219778448424e-76,3.244759944778427e-76,3.398937197851436e-76,3.558910026062202e-76,3.724839841962489e-76,3.896891008324727e-76,4.0752308641806865e-76,4.2600297508431703e-76,4.4514610379100145e-76,4.6497011492506286e-76,4.8549295889738516e-76,5.0673289673781835e-76,5.287085026884253e-76,5.514386667950265e-76,5.749425974966967e-76,5.992398242138328e-76,6.243501999342128e-76,6.502939037972728e-76,6.770914436767086e-76,7.04763658761257e-76,7.333317221336085e-76,7.628171433477691e-76,7.932417710043606e-76,8.246277953244241e-76,8.569977507211842e-76,8.903745183702728e-76,9.247813287782272e-76,9.602417643485541e-76,9.967797619470947e-76,1.0344196154653677e-75,1.0731859783806319e-75,1.1131038663168108e-75,1.1541986596011887e-75,1.1964961058212905e-75,1.240022322377921e-75,1.2848037990401744e-75,1.3308674004925e-75,1.3782403688864402e-75,1.4269503263872933e-75,1.4770252777189388e-75,1.5284936127081519e-75,1.58138410882614e-75,1.6357259337292062e-75,1.6915486477968507e-75,1.748882206668666e-75,1.8077569637791927e-75,1.868203672891415e-75,1.9302534906277873e-75,1.9939379790004484e-75,2.059289107938837e-75,2.1263392578163483e-75,2.195121221974442e-75,2.2656682092457514e-75,2.338013846474917e-75,2.4121921810378916e-75,2.4882376833598756e-75,2.5661852494306255e-75,2.6460702033188835e-75,2.7279282996848957e-75,2.8117957262905864e-75,2.8977091065091006e-75,2.9857055018307674e-75,3.075822414371781e-75,3.168097789372513e-75,3.262570017704735e-75,3.3592779383692383e-75,3.4582608409954694e-75,3.559558468337183e-75,3.6632110187689306e-75,3.7692591487786204e-75,3.877743975459762e-75,3.988707079001017e-75,4.102190505174824e-75,4.218236767823606e-75,4.336888851344777e-75,4.458190213174918e-75,4.582184786268678e-75,4.708916981580663e-75,4.838431690543974e-75,4.970774287544116e-75,5.105990632395035e-75,5.244127072812015e-75,5.385230446883478e-75,5.529348085538756e-75,5.676527815017752e-75,5.826817959335677e-75,5.980267342748369e-75,6.1369252922143835e-75,6.296841639856634e-75,6.460066725421638e-75,6.626651398734624e-75,6.796647022161183e-75,6.970105473056164e-75,7.147079146218031e-75,7.327620956340721e-75,7.511784340461481e-75,7.699623260408267e-75,7.891192205247497e-75,8.086546193726291e-75,8.285740776714538e-75,8.488832039649696e-75,8.695876604967802e-75,8.906931634549698e-75,9.122054832152812e-75,9.341304445844251e-75,9.564739270434684e-75,9.792418649907856e-75,1.0024402479854035e-74,1.0260751209889229e-74,1.0501525846087493e-74,1.0746787953403431e-74,1.0996599658093623e-74,1.1251023650137563e-74,1.1510123185657389e-74,1.1773962089334733e-74,1.2042604756825483e-74,1.2316116157177834e-74,1.2594561835240841e-74,1.2878007914067064e-74,1.3166521097343476e-74,1.346016867178058e-74,1.375901850952496e-74,1.4063139070557173e-74,1.4372599405105237e-74,1.4687469156034017e-74,1.5007818561253452e-74,1.5333718456109266e-74,1.5665240275782247e-74,1.6002456057682232e-74,1.634543844384037e-74,1.6694260683297441e-74,1.7048996634503726e-74,1.7409720767686459e-74,1.7776508167255244e-74,1.8149434534177626e-74,1.852857618836158e-74,1.8914010071039475e-74,1.9305813747147363e-74,1.970406540769756e-74,2.0108843872161464e-74,2.0520228590840054e-74,2.0938299647237935e-74,2.1363137760435434e-74,2.179482428745602e-74,2.223344122563668e-74,2.267907121499128e-74,2.3131797540581062e-74,2.3591704134867803e-74,2.4058875580086663e-74,2.453339711059972e-74,2.501535461525264e-74,2.5504834639733163e-74,2.6001924388933132e-74,2.6506711729288446e-74,2.7019285191136046e-74,2.7539733971075946e-74,2.8068147934300677e-74,2.8604617616953833e-74,2.9149234228471874e-74,2.970208965393097e-74,3.0263276456376354e-74,3.0832887879193782e-74,3.141101784840142e-74,3.199776097503383e-74,3.2593212557445797e-74,3.3197468583661117e-74,3.381062573370101e-74,3.4432781381915565e-74,3.5064033599309596e-74,3.5704481155877296e-74,3.635422352292167e-74,3.701336087538033e-74,3.768199409415152e-74,3.836022476841207e-74,3.904815519793755e-74,3.9745888395421855e-74,4.045352808879127e-74,4.117117872352198e-74,4.18989454649497e-74,4.26369342005851e-74,4.338525154242135e-74,4.4144004829242936e-74,4.491330212893434e-74,4.5693252240790565e-74,4.648396469778072e-74,4.728554976893454e-74,4.809811846156156e-74,4.8921782523577624e-74,4.975665444582616e-74,5.0602847464331944e-74,5.146047556261865e-74,5.232965347401894e-74,5.32104966839179e-74,5.410312143209037e-74,5.5007644714959675e-74,5.592418428789636e-74,5.685285866749602e-74,5.779378713387225e-74,5.874708973292387e-74,5.971288727863187e-74,6.069130135532163e-74,6.168245431994875e-74,6.268646930438307e-74,6.370347021765731e-74,6.473358174825858e-74,6.577692936640882e-74,6.6833639326287004e-74,6.7903838668382905e-74,6.898765522164824e-74,7.008521760586562e-74,7.119665523385119e-74,7.232209831374444e-74,7.346167785123358e-74,7.461552565186746e-74,7.57837743232532e-74,7.696655727736427e-74,7.816400873275397e-74,7.937626371682166e-74,8.060345806807302e-74,8.184572843835737e-74,8.310321229511426e-74,8.437604792362734e-74,8.56643744292606e-74,8.696833173970932e-74,8.82880606072335e-74,8.962370261090213e-74,9.097540015882247e-74,9.23432964904001e-74,9.372753567853897e-74,9.512826263190232e-74,9.654562309715105e-74,9.79797636611265e-74,9.943083175314947e-74,1.0089897564715653e-73,1.023843444640449e-73,1.0388708817381384e-73,1.054073575977106e-73,1.069453044107066e-73,1.0850108114344887e-73,1.1007484118460899e-73,1.1166673878308248e-73,1.1327692905019419e-73,1.1490556796191303e-73,1.1655281236107173e-73,1.1821881995956934e-73,1.1990374934058376e-73,1.216077599607846e-73,1.2333101215251809e-73,1.2507366712603977e-73,1.2683588697170213e-73,1.2861783466216195e-73,1.3041967405456436e-73,1.3224156989276822e-73,1.3408368780951492e-73,1.35946194328647e-73,1.3782925686728319e-73,1.3973304373805723e-73,1.416577241511948e-73,1.4360346821685265e-73,1.4557044694720535e-73,1.4755883225865015e-73,1.4956879697403453e-73,1.516005148247653e-73,1.5365416045304553e-73,1.557299094140633e-73,1.5782793817812313e-73,1.5994842413286292e-73,1.620915455854054e-73,1.6425748176454626e-73,1.6644641282292763e-73,1.68658519839202e-73,1.708939848202053e-73,1.7315299070312746e-73,1.7543572135767888e-73,1.7774236158823824e-73,1.800730971360619e-73,1.824281146813854e-73,1.848076018456418e-73,1.8721174719358808e-73,1.8964074023546578e-73,1.9209477142914918e-73,1.9457403218235867e-73,1.970787148547035e-73,1.996090127599517e-73,2.021651201681192e-73,2.0474723230760912e-73,2.073555453673965e-73,2.099902564991496e-73,2.1265156381937477e-73,2.1533966641157853e-73,2.1805476432838747e-73,2.207970585937113e-73,2.2356675120485558e-73,2.263640451346726e-73,2.29189144333707e-73,2.32042253732313e-73,2.3492357924279647e-73,2.3783332776152073e-73,2.407717071711454e-73,2.4373892634248656e-73,2.4673519513705364e-73,2.497607244088244e-73,2.5281572600647303e-73,2.5590041277556704e-73,2.5901499856062917e-73,2.621596982072264e-73,2.6533472756416e-73,2.6854030348553193e-73,2.7177664383291073e-73,2.750439674772777e-73,2.78342494301445e-73,2.8167244520193814e-73,2.850340420910866e-73,2.884275078992806e-73,2.9185306657694965e-73,2.953109430968388e-73,2.988013634558265e-73,3.023245546772925e-73,3.058807448131326e-73,3.0947016294579936e-73,3.1309303919048083e-73,3.167496046971448e-73,3.204400916526757e-73,3.241647332829251e-73,3.2792376385483626e-73,3.3171741867852126e-73,3.355459341093471e-73,3.3940954755004223e-73,3.433084974527589e-73,3.4724302332117917e-73,3.512133657125818e-73,3.5521976623993123e-73,3.592624675739745e-73,3.633417134452773e-73,3.674577486463453e-73,3.7161081903367246e-73,3.758011715299042e-73,3.8002905412569256e-73,3.8429471588204765e-73,3.88598406932211e-73,3.929403784837736e-73,3.973208828207751e-73,4.017401733057651e-73,4.0619850438184476e-73,4.106961315747258e-73,4.1523331149486724e-73,4.19810301839368e-73,4.244273613942389e-73,4.2908475003631634e-73,4.337827287353553e-73,4.3852155955609146e-73,4.43301505660307e-73,4.481228313088474e-73,4.529858018637567e-73,4.578906837901124e-73,4.628377446584189e-73,4.678272531463218e-73,4.728594790408641e-73,4.7793469324040787e-73,4.8305316775679737e-73,4.882151757172652e-73,4.934209913665251e-73,4.986708900689188e-73,5.0396514831024964e-73,5.09304043699986e-73,5.146878549732302e-73,5.2011686199271117e-73,5.2559134575094204e-73,5.31111588372071e-73,5.3667787311409723e-73,5.422904843707531e-73,5.4794970767355085e-73,5.5365582969402605e-73,5.594091382452901e-73,5.6520992228460306e-73,5.710584719149308e-73,5.76955078387301e-73,5.829000341025921e-73,5.888936326136835e-73,5.949361686273923e-73,6.010279380065853e-73,6.071692377720653e-73,6.133603661046442e-73,6.196016223471795e-73,6.258933070065256e-73,6.322357217555571e-73,6.386291694352545e-73,6.450739540565487e-73,6.515703808024674e-73,6.581187560300633e-73,6.647193872723971e-73,6.71372583240649e-73,6.780786538259656e-73,6.84837910101549e-73,6.916506643246286e-73,6.985172299384559e-73,7.054379215742922e-73,7.124130550533848e-73,7.194429473889903e-73,7.265279167882946e-73,7.336682826544761e-73,7.408643655888104e-73,7.481164873921749e-73,7.554249710676282e-73,7.627901408219912e-73,7.702123220680467e-73,7.77691841426318e-73,7.852290267272407e-73,7.928242070130334e-73,8.004777125396512e-73,8.081898747787234e-73,8.159610264200104e-73,8.237915013723367e-73,8.316816347665099e-73,8.396317629570252e-73,8.476422235238636e-73,8.557133552745056e-73,8.63845498246046e-73,8.720389937070353e-73,8.802941841594224e-73,8.886114133405417e-73,8.969910262251246e-73,9.054333690271644e-73,9.139387892019733e-73,9.225076354480579e-73,9.31140257709031e-73,9.398370071757216e-73,9.485982362879655e-73,9.574242987366216e-73,9.663155494655224e-73,9.752723446734245e-73,9.842950418158855e-73,9.933839996073107e-73,1.0025395780228321e-72,1.0117621383002575e-72,1.0210520429418458e-72,1.0304096557168264e-72,1.0398353416624808e-72,1.049329467086722e-72,1.0588923995697875e-72,1.068524507966225e-72,1.0782261624067363e-72,1.0879977343002121e-72,1.0978395963356502e-72,1.1077521224840245e-72,1.1177356880002068e-72,1.127790669424973e-72,1.137917444586856e-72,1.1481163926040852e-72,1.1583878938864903e-72,1.1687323301374659e-72,1.1791500843558384e-72,1.1896415408378733e-72,1.2002070851789354e-72,1.2108471042758734e-72,1.2215619863283868e-72,1.232352120841328e-72,1.2432178986264532e-72,1.2541597118043862e-72,1.265177953806463e-72,1.276273019376673e-72,1.287445304573582e-72,1.298695206772212e-72,1.3100231246659303e-72,1.3214294582683572e-72,1.3329146089153637e-72,1.344478979266778e-72,1.356122973308396e-72,1.367846996353888e-72,1.3796514550467478e-72,1.3915367573619996e-72,1.4035033126081994e-72,1.4155515314293816e-72,1.427681825806861e-72,1.439894609061167e-72,1.4521902958538704e-72,1.4645693021895956e-72,1.4770320454176876e-72,1.4895789442342981e-72,1.5022104186842322e-72,1.5149268901627101e-72,1.5277287814174487e-72,1.540616516550203e-72,1.5535905210191332e-72,1.566651221640083e-72,1.579799046589036e-72,1.5930344254036491e-72,1.6063577889851165e-72,1.619769569600174e-72,1.633270200882886e-72,1.6468601178366183e-72,1.660539756835705e-72,1.6743095556275445e-72,1.6881699533342948e-72,1.7021213904546982e-72,1.7161643088663264e-72,1.730299151826751e-72,1.7445263639760377e-72,1.7588463913383983e-72,1.7732596813239174e-72,1.7877666827304324e-72,1.8023678457456047e-72,1.8170636219484843e-72,1.831854464311682e-72,1.846740827202848e-72,1.8617231663867146e-72,1.8768019390271554e-72,1.8919776036884407e-72,1.9072506203377808e-72,1.922621450346687e-72,1.9380905564929116e-72,1.9536584029625066e-72,1.969325455351252e-72,1.985092180666968e-72,2.0009590473310744e-72,2.0169265251803358e-72,2.0329950854690196e-72,2.0491652008703563e-72,2.0654373454786768e-72,2.0818119948111212e-72,2.0982896258093543e-72,2.1148707168415593e-72,2.1315557477043754e-72,2.1483451996243384e-72,2.1652395552599595e-72,2.1822392987036124e-72,2.199344915483195e-72,2.2165568925639483e-72,2.233875718350464e-72,2.2513018826882966e-72,2.268835876865876e-72,2.286478193616275e-72,2.304229327119063e-72,2.322089773002217e-72,2.3400600283436745e-72,2.3581405916733217e-72,2.376331962974747e-72,2.394634643687277e-72,2.4130491367073204e-72,2.431575946390636e-72,2.450215578553754e-72,2.468968540476081e-72,2.487835340901552e-72,2.506816490040457e-72,2.5259124995713337e-72,2.5451238826425415e-72,2.56445115387416e-72,2.583894829359894e-72,2.6034554266688707e-72,2.6231334648472406e-72,2.642929464420067e-72,2.6628439473931455e-72,2.682877437254823e-72,2.703030458977714e-72,2.723303539020375e-72,2.7436972053296245e-72,2.764211987341381e-72,2.7848484159834663e-72,2.805607023676628e-72,2.82648834433671e-72,2.847492913376311e-72,2.868621267706679e-72,2.889873945739071e-72,2.9112514873874836e-72,2.932754434069059e-72,2.9543833287070065e-72,2.9761387157319543e-72,2.998021141083509e-72,3.020031152212491e-72,3.042169298082345e-72,3.064436129170951e-72,3.0868321974724466e-72,3.109358056499236e-72,3.1320142612832243e-72,3.1548013683780694e-72,3.1777199358606885e-72,3.2007705233329843e-72,3.2239536919239193e-72,3.24727000429083e-72,3.270720024621663e-72,3.294304318636059e-72,3.3180234535877297e-72,3.3418779982661876e-72,3.365868522998079e-72,3.389995599649211e-72,3.414259801626354e-72,3.4386617038788323e-72,3.463201882900151e-72,3.4878809167302983e-72,3.512699384956647e-72,3.537657868716566e-72,3.562756950698668e-72,3.5879972151443225e-72,3.613379247850272e-72,3.6389036361694015e-72,3.664570969012613e-72,3.6903818368517474e-72,3.716336831719727e-72,3.7424365472128257e-72,3.7686815784930973e-72,3.7950725222892647e-72,3.8216099768985347e-72,3.848294542189201e-72,3.87512681960092e-72,3.902107412147512e-72,3.929236924418629e-72,3.956515962581028e-72,3.983945134380376e-72,4.011525049143377e-72,4.0392563177792335e-72,4.06713955278092e-72,4.0951753682279513e-72,4.1233643797869955e-72,4.151707204714035e-72,4.1802044618570603e-72,4.208856771655509e-72,4.2376647561440344e-72,4.266629038953724e-72,4.29575024531284e-72,4.3250290020499256e-72,4.354465937594626e-72,4.38406168197966e-72,4.41381686684243e-72,4.4437321254266665e-72,4.4738080925845554e-72,4.504045404778186e-72,4.534444700080771e-72,4.5650066181792e-72,4.595731800375067e-72,4.626620889586587e-72,4.657674530350611e-72,4.688893368823642e-72,4.720278052784351e-72,4.751829231634533e-72,4.783547556401257e-72,4.815433679738224e-72,4.847488255927934e-72,4.879711940882628e-72,4.912105392146918e-72,4.944669268898537e-72,4.977404231950904e-72,5.010310943754001e-72,5.043390068396557e-72,5.076642271607682e-72,5.110068220758113e-72,5.143668584862755e-72,5.177444034581578e-72,5.211395242221412e-72,5.245522881737925e-72,5.27982762873709e-72,5.314310160477146e-72,5.348971155869488e-72,5.383811295481537e-72,5.418831261537374e-72,5.454031737919666e-72,5.4894134101717e-72,5.524976965498722e-72,5.560723092769776e-72,5.596652482519192e-72,5.632765826948226e-72,5.669063819927042e-72,5.705547156996088e-72,5.742216535367484e-72,5.779072653927684e-72,5.816116213237916e-72,5.853347915536675e-72,5.890768464741168e-72,5.928378566448432e-72,5.96617892793763e-72,6.004170258171952e-72,6.042353267799437e-72,6.080728669155256e-72,6.11929717626276e-72,6.158059504835586e-72,6.197016372279731e-72,6.236168497693977e-72,6.275516601872621e-72,6.315061407306543e-72,6.35480363818521e-72,6.394744020397923e-72,6.434883281535926e-72,6.475222150893417e-72,6.515761359469917e-72,6.556501639971628e-72,6.597443726812409e-72,6.638588356116499e-72,6.679936265719356e-72,6.721488195169783e-72,6.763244885731376e-72,6.805207080383466e-72,6.847375523824773e-72,6.889750962472036e-72,6.932334144464289e-72,6.975125819663448e-72,7.018126739655268e-72,7.061337657752362e-72,7.104759328994554e-72,7.14839251015163e-72,7.192237959723535e-72,7.236296437944026e-72,7.280568706779863e-72,7.325055529934017e-72,7.369757672847459e-72,7.414675902699855e-72,7.459810988411315e-72,7.505163700644302e-72,7.550734811806672e-72,7.59652509604904e-72,7.642535329270663e-72,7.688766289120774e-72,7.735218754996228e-72,7.781893508047802e-72,7.828791331179274e-72,7.875913009049324e-72,7.923259328073886e-72,7.970831076427005e-72,8.018629044042229e-72,8.066654022615378e-72,8.114906805604924e-72,8.1633881882344e-72,8.212098967493426e-72,8.261039942139795e-72,8.310211912700146e-72,8.359615681473134e-72,8.409252052529936e-72,8.45912183171494e-72,8.509225826650318e-72,8.559564846734143e-72,8.610139703143916e-72,8.660951208838118e-72,8.712000178557128e-72,8.763287428825477e-72,8.814813777952596e-72,8.866580046035358e-72,8.918587054958794e-72,8.970835628398327e-72,9.023326591820603e-72,9.07606077248649e-72,9.129038999450803e-72,9.182262103564907e-72,9.235730917478758e-72,9.289446275641038e-72,9.343409014302967e-72,9.397619971516348e-72,9.452079987139155e-72,9.506789902834227e-72,9.561750562072347e-72,9.616962810132736e-72,9.672427494105488e-72,9.728145462892814e-72,9.784117567210705e-72,9.84034465958971e-72,9.896827594378207e-72,9.95356722774218e-72,1.0010564417667606e-71,1.0067820023962154e-71,1.012533490825635e-71,1.0183109934005335e-71,1.024114596649059e-71,1.029944387282126e-71,1.0358004521934694e-71,1.0416828784600788e-71,1.0475917533420103e-71,1.0535271642828459e-71,1.0594891989096244e-71,1.0654779450331098e-71,1.0714934906478896e-71,1.0775359239325809e-71,1.0836053332500483e-71,1.0897018071473052e-71,1.0958254343559107e-71,1.1019763037921317e-71,1.108154504556777e-71,1.1143601259358948e-71,1.1205932574004164e-71,1.1268539886065193e-71,1.1331424093958612e-71,1.1394586097955602e-71,1.145802680018491e-71,1.1521747104633629e-71,1.1585747917148658e-71,1.1650030145438345e-71,1.1714594699074973e-71,1.1779442489494357e-71,1.1844574429999882e-71,1.190999143576136e-71,1.1975694423817687e-71,1.2041684313079636e-71,1.2107962024329199e-71,1.2174528480222705e-71,1.224138460529165e-71,1.2308531325944471e-71,1.23759695704671e-71,1.2443700269026306e-71,1.251172435367033e-71,1.2580042758329714e-71,1.264865641881906e-71,1.271756627283987e-71,1.2786773259980473e-71,1.2856278321717704e-71,1.2926082401419865e-71,1.2996186444346327e-71,1.3066591397650051e-71,1.3137298210379436e-71,1.3208307833479122e-71,1.3279621219791334e-71,1.335123932405823e-71,1.3423163102923106e-71,1.3495393514931116e-71,1.3567931520530937e-71,1.364077808207913e-71,1.3713934163836453e-71,1.3787400731973027e-71,1.3861178754570822e-71,1.3935269201619769e-71,1.4009673045025196e-71,1.408439125860646e-71,1.4159424818098698e-71,1.42347747011544e-71,1.4310441887345738e-71,1.4386427358163591e-71,1.4462732097021716e-71,1.4539357089258176e-71,1.4616303322135184e-71,1.4693571784840432e-71,1.4771163468490426e-71,1.4849079366130668e-71,1.4927320472738552e-71,1.500588778522136e-71,1.5084782302422426e-71,1.516400502511932e-71,1.524355695602665e-71,1.5323439099796906e-71,1.5403652463022438e-71,1.5484198054236996e-71,1.5565076883917047e-71,1.564628996448148e-71,1.5727838310297852e-71,1.580972293767863e-71,1.5891944864884536e-71,1.5974505112127122e-71,1.6057404701568734e-71,1.6140644657326346e-71,1.6224226005469254e-71,1.6308149774024066e-71,1.6392416992974956e-71,1.6477028694261614e-71,1.6561985911787961e-71,1.6647289681417795e-71,1.6732941040978506e-71,1.6818941030261376e-71,1.6905290691024354e-71,1.6991991066994256e-71,1.7079043203863894e-71,1.7166448149298686e-71,1.7254206952935148e-71,1.7342320666383954e-71,1.7430790343230287e-71,1.7519617039034731e-71,1.7608801811335618e-71,1.7698345719652651e-71,1.778824982548265e-71,1.7878515192308508e-71,1.7969142885593219e-71,1.8060133972785163e-71,1.815148952332165e-71,1.8243210608625003e-71,1.8335298302107436e-71,1.842775367917399e-71,1.8520577817218712e-71,1.861377179563141e-71,1.870733669579594e-71,1.8801273601092914e-71,1.8895583596901095e-71,1.8990267770598935e-71,1.90853272115639e-71,1.9180763011177144e-71,1.9276576262823965e-71,1.937276806189341e-71,1.9469339505781654e-71,1.9566291693892487e-71,1.9663625727638812e-71,1.9761342710446024e-71,1.9859443747749557e-71,1.995792994699962e-71,2.0056802417661563e-71,2.0156062271216696e-71,2.025571062116466e-71,2.035574858302438e-71,2.0456177274334955e-71,2.0556997814658495e-71,2.0658211325580627e-71,2.075981893070988e-71,2.086182175568595e-71,2.096422092817112e-71,2.106701757785963e-71,2.1170212836476753e-71,2.127380783777901e-71,2.1377803717555822e-71,2.1482201613632862e-71,2.9469235144914874e-45,3.1623539198266994e-45,3.386690328021918e-45,3.6237410815945106e-45,3.8755053890799046e-45,4.143960285230295e-45,4.4311038030165426e-45,4.7389934884164786e-45,5.069782035836517e-45,5.425750853609542e-45,5.809342464440374e-45,6.223192598915944e-45,6.670162840147931e-45,7.153374553940947e-45,7.676244898445284e-45,8.242525638771267e-45,8.856345493403535e-45,9.52225683108397e-45,1.0245287440558287e-44,1.1030998410012652e-44,1.1885548942789992e-44,1.2815769317909633e-44,1.382924316923317e-44,1.4934400524053548e-44,1.6140623212120491e-44,1.745836450067519e-44,1.8899285090013149e-44,2.047640797841135e-44,2.2204295059230425e-44,2.4099248824027026e-44,2.6179543063148837e-44,2.8465687153622776e-44,3.098072928806782e-44,3.375060489252299e-44,3.680453762653615e-44,4.0175501702951405e-44,4.3900755475889043e-44,4.802245890576373e-44,5.258838865612742e-44,5.765276801820533e-44,6.327723209593116e-44,6.953195165300751e-44,7.649694483644557e-44,8.426361084495455e-44,9.293652651089647e-44,1.026355553162854e-43,1.13498328268813e-43,1.2568316832237912e-43,1.3937254497933347e-43,1.5477716516789564e-43,1.721408267949278e-43,1.917461935443518e-43,2.139216793501137e-43,2.3904967885904606e-43,2.6757643013908263e-43,3.0002386605458642e-43,3.3700389183619984e-43,3.792356362364915e-43,4.275663523834926e-43,4.829968171391151e-43,5.467122903994115e-43,6.201203698447738e-43,7.0489742678186866e-43,8.030457579077135e-43,9.169641705927187e-43,1.0495354616475747e-42,1.20423524849957e-42,1.3852678547699537e-42,1.5977366668213772e-42,1.8478585595129257e-42,2.1432349354503355e-42,2.493195819366674e-42,2.909238681860167e-42,3.405590679112587e-42,3.9999325760779264e-42,4.714335511806976e-42,5.576479616506293e-42,6.621247935809405e-42,7.892823146950491e-42,9.447462048108498e-42,1.1357189643882643e-41,1.3714749405929807e-41,1.6640281629841365e-41,2.0290396692816225e-41,2.4870593002853073e-41,3.0652383864527693e-41,3.7997110348937275e-41,4.738933143533498e-41,5.94840615722412e-41,7.517422543915005e-41,9.568793554737827e-41,1.227302392295744e-40,1.5869193643431654e-40,2.0696078138333646e-40,2.7239097647077426e-40,3.6202071646777214e-40,4.861840332561663e-40,6.602590067376568e-40,9.074597340733582e-40,1.263369975085226e-39,1.7834369711481244e-39,2.5555963047603758e-39,3.721980218258621e-39,5.517074798650261e-39,8.336399683515096e-39,1.2863337971072348e-38,2.0309958974588084e-38,3.2888338174064456e-38,5.476395681240614e-38,9.405526877162814e-38,1.6719736479693826e-37,3.0889145837848133e-37,5.959191544938451e-37,1.2073058283230595e-36,2.5857770211225132e-36,5.901462641226357e-36,1.4489693641110634e-35,3.8714210394275617e-35,1.1413282819855909e-34,3.775339673830455e-34,1.4298219377504537e-33,6.351656679748265e-33,3.405103864696744e-32,2.2757244849925945e-31,1.9634746930069677e-30,2.2649054027826814e-29,3.6962125273609825e-28,1.150669444619502e-26,1.2648071794091399e-24,2.7153133526945433e-22,5.3065750093136354e-20,7.273294292367218e-18,6.273244974763415e-16,3.2287917652968005e-14,9.750264179655116e-13,1.7492772232401333e-11,1.9319856042341358e-10,1.3828198563033377e-09,6.8059126015384105e-09,2.4453999781499836e-08,6.77952796120556e-08,1.5222214286197626e-07,2.883709443823243e-07,4.7671921250167633e-07,7.067720184392283e-07,9.605362106032901e-07,1.2176906804886286e-06,1.4600040217292417e-06,1.673877938606204e-06,1.851066747714608e-06,1.9881680651495915e-06,2.0855278499900175e-06,2.146027458110451e-06,2.174012605513115e-06,2.174466185428061e-06,2.152432465591732e-06,2.1126554590507292e-06,2.0593804450377377e-06,1.996269817758141e-06,1.926393161657599e-06,1.8522615085937849e-06,1.775884750331698e-06,1.6988383428187752e-06,1.6223307209266557e-06,1.5472665254182712e-06,1.4743031869056628e-06,1.403899959825675e-06,1.3363594236914405e-06,1.2718619767328484e-06,1.210494090753861e-06,1.1522711747846168e-06,1.0971558799188723e-06,1.0450726120242632e-06,9.959189303326941e-07,9.495744154871447e-07,9.059074996096502e-07,8.647806673629176e-07,8.260543643809563e-07,7.895898870965821e-07,7.552514739557024e-07,7.229077768244964e-07,6.92432853175292e-07,6.637067915964557e-07,6.366160604264476e-07,6.110536465139859e-07,5.86919042485862e-07,5.641181220673013e-07,5.425629375825151e-07,5.221714645652672e-07,5.02867312934324e-07,4.845794191009322e-07,4.6724173019146647e-07,4.5219102848931886e-07,4.3650325898905495e-07,4.215990986253896e-07,4.074290781746543e-07,3.939472991782701e-07,3.811111589176096e-07,3.688811018636703e-07,3.5722038961104136e-07,3.460948870210586e-07,3.354728644180987e-07,3.2532481404652074e-07,3.156232796619233e-07,3.06342713370627e-07,2.974592767779424e-07,2.8895078905841775e-07,2.80796549358303e-07,2.72977237265347e-07,2.6547480881078595e-07,2.582724006864601e-07,2.513542421536326e-07,2.447055740033194e-07,2.3831257408389463e-07,2.3216228874254095e-07,2.2624256977192388e-07,2.2054201633071972e-07,2.1504992166549382e-07,2.0975622375148917e-07,2.0465146001272683e-07,1.9972672559841314e-07,1.9497363481034271e-07,1.903842855799524e-07,1.8595122664204634e-07,1.8166742730866799e-07,1.775262493602141e-07,1.7352142121799994e-07,1.6964701399466907e-07,1.6589741923144117e-07,1.622673285561736e-07,1.5875171436845683e-07,1.5534581239569176e-07,1.520451052086101e-07,1.4884530700029353e-07,1.45742349452526e-07,1.4273236859808408e-07,1.3981169254929973e-07,1.369768300903858e-07,1.3422446015682336e-07,1.315514218187953e-07,1.289547050954005e-07,1.2643144233350357e-07,1.2397890017575217e-07,1.2159447202849426e-07,1.192756709786273e-07,1.1702012329530318e-07,1.1482556219835369e-07,1.1268982214902892e-07,1.1061083334151724e-07,1.0858661677026173e-07,1.0661527929997962e-07,1.0469500929194861e-07,1.0282407238995372e-07,1.0100080756010721e-07,9.922362336593812e-08,9.749099451261647e-08,9.580145849299968e-08,9.415361252680286e-08,9.254611062857968e-08,9.097766084908227e-08,8.944702264561862e-08,8.795300456203095e-08,8.649446168077993e-08,8.507029363624844e-08,8.367944241779362e-08,8.23208904827928e-08,8.099365887859087e-08,7.969680547618694e-08,7.84294233475414e-08,7.719063913381663e-08,7.59796116143165e-08,7.479553025940788e-08,7.363761387718733e-08,7.25051093734161e-08,7.139729052378231e-08,7.031345682223969e-08,6.925293239563041e-08,6.821506497451252e-08,6.719922488629622e-08,6.620480414157489e-08,6.52312155233995e-08,6.427789174470195e-08,6.334428463994858e-08,6.24298643869168e-08,6.153411878208018e-08,6.06565525395453e-08,5.979668660313156e-08,5.8954057538366705e-08,5.8128216908276194e-08,5.731873069499023e-08,5.65251787458132e-08,5.574715424305147e-08,5.498426319715789e-08,5.4236123976891005e-08,5.3502366818112386e-08,5.278263341681393e-08,5.207657647280958e-08,5.138385931234934e-08,5.070415547603637e-08,5.0037148374350824e-08,4.938253091082655e-08,4.8740005152488486e-08,4.810928199901477e-08,4.749008087635262e-08,4.688212942389272e-08,4.628516322461868e-08,4.5698925517219934e-08,4.5123166934272225e-08,4.4557645246511116e-08,4.400212513297011e-08,4.345637792213038e-08,4.292018138352343e-08,4.239331951018926e-08,4.187558230877123e-08,4.1366765599474304e-08,4.086667082718835e-08,4.037510487108094e-08,3.9891879875205047e-08,3.941681307154188e-08,3.89497266208978e-08,3.84904474445963e-08,3.8038807089387535e-08,3.759464156546843e-08,3.715779121757915e-08,3.67281005638039e-08,3.6305418202212666e-08,3.588959665919153e-08,3.548049227559441e-08,3.507796508402629e-08,3.468187870324246e-08,3.4292100224742404e-08,3.390850010322554e-08,3.353095208249542e-08,3.3159333046150375e-08,3.279352296643283e-08,3.243340479673897e-08,3.207886438486624e-08,3.1729790390384726e-08,3.13860741972861e-08,3.104760984013366e-08,3.071429392382227e-08,3.038602555411365e-08,3.006270625684766e-08,2.974423991742691e-08,2.9430532710990288e-08,2.912149303725723e-08,2.8817031456304387e-08,2.851706063186406e-08,2.822149527081595e-08,2.793025206318465e-08,2.764324963181598e-08,2.736040847860055e-08,2.7081650930903643e-08,2.6806901093414752e-08,2.653608479873945e-08,2.6269129557929147e-08,2.6005964530742067e-08,2.5746520457679527e-08,2.5490729634362743e-08,2.5238525863053797e-08,2.4989844416691748e-08,2.4744621996726326e-08,2.450279670230757e-08,2.4264307986112707e-08,2.4029096622241478e-08,2.37971046737116e-08,2.3568275450149007e-08,2.334255349621809e-08,2.3119884541039212e-08,2.2900215472551872e-08,2.2683494312361284e-08,2.2469670180577048e-08,2.2258693274164702e-08,2.2050514837740814e-08,2.1845087139590698e-08,2.164236344017523e-08,2.1442297974726367e-08,2.1244845924979523e-08,2.104996339825535e-08,2.0857607403617305e-08,2.066773582901773e-08,2.048030742063023e-08,2.0295281764549628e-08,2.0112619263755783e-08,1.9932281119002706e-08,1.975422931131975e-08,1.9578426578911863e-08,1.9404836406693216e-08,1.923342300515499e-08,1.9064151285110377e-08,1.8896986856815906e-08,1.873189600271115e-08,1.8568845665722798e-08,1.8407803432575374e-08,1.8248737519399322e-08,1.809161675738837e-08,1.793641057849787e-08,1.7783089002138172e-08,1.7631622620252615e-08,1.7481982587957853e-08,1.7334140611552663e-08,1.718806892030951e-08,1.7043740280175914e-08,1.6901127965001285e-08,1.6760205749656513e-08,1.6620947898509105e-08,1.648332915462197e-08,1.6347324726709867e-08,1.62129102872833e-08,1.6080061957236115e-08,1.5948756289441423e-08,1.581897026835778e-08,1.5708390041404998e-08,1.5581365562011386e-08,1.5455797414849657e-08,1.5331664148660678e-08,1.520894469559577e-08,1.508761836583419e-08,1.4967664839232996e-08,1.484906415916226e-08,1.4731796718527251e-08,1.4615843262408333e-08,1.4501184874089495e-08,1.4387802969498795e-08,1.4275679289251812e-08,1.4164795895253347e-08,1.4055135159660973e-08,1.3946679761934994e-08,1.3839412680488057e-08,1.3733317187707444e-08,1.362837684224639e-08,1.3524575486686161e-08,1.3421897239526011e-08,1.3320326487704024e-08,1.3219847885188135e-08,1.3120446343193007e-08,1.3022107029346499e-08,1.29248153609715e-08,1.2828556998813182e-08,1.2733317843544023e-08,1.2639084030888509e-08,1.254584192671598e-08,1.2453578123012183e-08,1.236227943398182e-08,1.2271932886310076e-08,1.2182525723938824e-08,1.2094045398783024e-08,1.2006479566835129e-08,1.1919816086237502e-08,1.1834043007926404e-08,1.1749148579823635e-08,1.166512123794477e-08,1.1581949603845827e-08,1.1499622482013286e-08,1.141812885504147e-08,1.1337457881259138e-08,1.1257598890644118e-08,1.1178541382810247e-08,1.1100275022759837e-08,1.1022789638389594e-08,1.094607521671278e-08,1.0870121901667677e-08,1.0794919991016877e-08,1.0720459933372084e-08,1.0646732325548626e-08,1.0573727909809793e-08,1.050143757176947e-08,1.0429852336214128e-08,1.0358963365281427e-08,1.0288761957641941e-08,1.0219239544343428e-08,1.0150387686172825e-08,1.0082198072180033e-08,1.0014662517101952e-08,9.947772957098479e-09,9.881521453685453e-09,9.815900185350729e-09,9.750901448950587e-09,9.68651765537356e-09,9.622741324886523e-09,9.559565091858848e-09,9.496981701822912e-09,9.434984003169124e-09,9.37356495229335e-09,9.312717608697375e-09,9.25243513169766e-09,9.192710780208449e-09,9.133537913937222e-09,9.07490998755577e-09,9.016820550996943e-09,8.95926324660448e-09,8.902231808389948e-09,8.845720060935147e-09,8.789721916857061e-09,8.734231375909635e-09,8.679242523283136e-09,8.62474952827535e-09,8.570746642845598e-09,8.51722819946065e-09,8.464188611701113e-09,8.411622371767083e-09,8.359524048700296e-09,8.30788828755943e-09,8.256709808142194e-09,8.205983403782461e-09,8.155703941168854e-09,8.10586635601086e-09,8.05646565505593e-09,8.007496913883295e-09,7.958955275600575e-09,7.910835950330249e-09,7.863134213397403e-09,7.815845404738439e-09,7.768964927725644e-09,7.722488248000518e-09,7.676410892764558e-09,7.630728449739509e-09,7.585436565699925e-09,7.540530946696095e-09,7.496007355581715e-09,7.451861612150309e-09,7.408089591769077e-09,7.364687225316727e-09,7.321650497564718e-09,7.2789754463715266e-09,7.236658161423013e-09,7.194694784632583e-09,7.1530815084786426e-09,7.111814575536941e-09,7.070890277377282e-09,7.030304954157898e-09,6.9900549936457336e-09,6.9501368294026866e-09,6.91054694418871e-09,6.871281863506899e-09,6.832338158545546e-09,6.793712444737249e-09,6.755401381509572e-09,6.717401669818208e-09,6.679710054479194e-09,6.6423233203904534e-09,6.6052382938169375e-09,6.568451841410245e-09,6.5319608695027005e-09,6.495762323217402e-09,6.4598531869141946e-09,6.424230482285786e-09,6.388891268369407e-09,6.353832641555943e-09,6.319051734302168e-09,6.284545714209501e-09,6.250311784814547e-09,6.216347184147526e-09,6.182649184411474e-09,6.149215091559698e-09,6.11604224464607e-09,6.083128015549838e-09,6.050469808345027e-09,6.018065058832513e-09,5.98591123426317e-09,5.954005832679373e-09,5.922346382590338e-09,5.890930442475635e-09,5.859755600388792e-09,5.8288194735061056e-09,5.798119707777631e-09,5.767653977378881e-09,5.737419984447612e-09,5.70741545862739e-09,5.6776381566794595e-09,5.648085862117543e-09,5.618756384899391e-09,5.589647560997525e-09,5.5607572519075725e-09,5.5320833444494225e-09,5.5036237503668885e-09,5.475376405991004e-09,5.44733927186227e-09,5.4195103322512345e-09,5.391887595842141e-09,5.364469093150513e-09,5.337252878733063e-09,5.310237029944673e-09,5.283419645215237e-09,5.256798845852701e-09,5.230372774793601e-09,5.204139596065507e-09,5.178097495323818e-09,5.152244678160211e-09,5.126579372077409e-09,5.1010998237211776e-09,5.075804300013961e-09,5.050691087648436e-09,5.0257584928377845e-09,5.0010048407941766e-09,4.976428475887593e-09,4.9520277610990375e-09,4.927801077846415e-09,4.9037468257507206e-09,4.879863422432928e-09,4.856149303071133e-09,4.832602920454748e-09,4.809222744634483e-09,4.786007262593371e-09,4.762954978310644e-09,4.740064412345849e-09,4.71733410100013e-09,4.694762597740563e-09,4.672348471108469e-09,4.650090305790528e-09,4.627986702136443e-09,4.606036275407975e-09,4.584237656142638e-09,4.562589490016658e-09,4.541090437424078e-09,4.519739172554656e-09,4.4985343853054805e-09,4.477474779046476e-09,4.456559071111267e-09,4.435785992876759e-09,4.415154288982566e-09,4.394662717603611e-09,4.374310050621911e-09,4.3540950731204676e-09,4.334016582594265e-09,4.3140733896298e-09,4.294264317448823e-09,4.2745882017613956e-09,4.255043890603482e-09,4.235630244237234e-09,4.2163461349019395e-09,4.1971904466867775e-09,4.178162075482291e-09,4.15925992872928e-09,4.140482925392457e-09,4.121829995574697e-09,4.103300080620174e-09,4.084892132897796e-09,4.0666051156646575e-09,4.048438002929937e-09,4.030389779326568e-09,4.012459439981124e-09,3.994645990385387e-09,3.976948446270567e-09,3.959365833349566e-09,3.941897187684021e-09,3.9245415548822465e-09,3.907297990431305e-09,3.890165559381722e-09,3.8731433363870104e-09,3.8562304054576076e-09,3.839425859904723e-09,3.822728802210501e-09,3.806138343951757e-09,3.7896536056504864e-09,3.773273716688675e-09,3.756997815199783e-09,3.740825047959154e-09,3.724754570298142e-09,3.7087855459864185e-09,3.69291714713857e-09,3.6771485541153987e-09,3.661478955432311e-09,3.645907547648759e-09,3.6304335352888994e-09,3.6150561307435126e-09,3.5997745541784674e-09,3.5845880334443627e-09,3.5694958039829065e-09,3.5544971087540735e-09,3.539591198128829e-09,3.524777329825134e-09,3.510054768785287e-09,3.4954227871155804e-09,3.4808806641845468e-09,3.466427685682057e-09,3.4520631451141315e-09,3.437786342458524e-09,3.4235965845017904e-09,3.409493184627799e-09,3.395475462872947e-09,3.3815427458189725e-09,3.3676943664894937e-09,3.3539296643305386e-09,3.340247985368823e-09,3.3266486812951694e-09,3.3131311102556657e-09,3.299694636566101e-09,3.2863386305391306e-09,3.273062468458453e-09,3.259865532565499e-09,3.2467472108257173e-09,3.2337068970384666e-09,3.22074399065268e-09,3.2078578969267807e-09,3.195048026539071e-09,3.182313795682306e-09,3.169654626082406e-09,3.157069944764892e-09,3.1445591844415837e-09,3.1321217828659713e-09,3.1197571826919516e-09,3.107464832276274e-09,3.0952441848621856e-09,3.0830946985319614e-09,3.071015836677555e-09,3.0590070675404886e-09,3.0470678642251925e-09,3.0351977046588674e-09,3.0233960716273833e-09,3.0116624526272516e-09,2.999996339751943e-09,2.9883972298287707e-09,2.976864624186334e-09,2.9653980287532538e-09,2.9539969539251864e-09,2.9426609145161695e-09,2.931389429742903e-09,2.920182023160002e-09,2.909038222617772e-09,2.8979575602163173e-09,2.8869395722675394e-09,2.8759837990550555e-09,2.86508978576185e-09,2.8542570803626673e-09,2.8434852358348834e-09,2.8327738087657325e-09,2.8221223598274567e-09,2.8115304535383253e-09,2.8009976582743135e-09,2.790523546254861e-09,2.7801076934643483e-09,2.769749679636114e-09,2.7594490882086944e-09,2.749205506286293e-09,2.7390185246014336e-09,2.7288877374759927e-09,2.7188127427855215e-09,2.7087931419214666e-09,2.698828539755796e-09,2.6889185446187594e-09,2.6790627682182933e-09,2.6692608256545966e-09,2.6595123353663846e-09,2.6498169191016796e-09,2.640174201874613e-09,2.6305838119088273e-09,2.6210453806919108e-09,2.611558542857218e-09,2.6021229361708515e-09,2.5927382015111565e-09,2.5834039828391113e-09,2.574119927149752e-09,2.5648856844595313e-09,2.5557009077695996e-09,2.5465652530359708e-09,2.5374783791394596e-09,2.5284399478564946e-09,2.519449623822787e-09,2.5105070745346453e-09,2.501611970275159e-09,2.492763984116983e-09,2.4839627918973894e-09,2.4752080721476476e-09,2.4664995061314634e-09,2.4578367777741645e-09,2.4492195736476426e-09,2.4406475829438624e-09,2.4321204974438885e-09,2.4236380115082924e-09,2.4151998220410323e-09,2.4068056284525284e-09,2.398455132659347e-09,2.390148039036736e-09,2.381884054414046e-09,2.3736628880306713e-09,2.365484251539413e-09,2.3573478590228936e-09,2.349253426741887e-09,2.341200673447764e-09,2.333189320154357e-09,2.32521909024388e-09,2.3172897090697677e-09,2.3094009046803812e-09,2.3015524067727474e-09,2.293743947806449e-09,2.2859752619641184e-09,2.2782460858911948e-09,2.2705561582174575e-09,2.2629052198185077e-09,2.2552930135314664e-09,2.247719284311781e-09,2.240183779137265e-09,2.2326862471113684e-09,2.2252264392667524e-09,2.2178041086547556e-09,2.2104190103144066e-09,2.2030709012300306e-09,2.1957595403539757e-09,2.1884846885415725e-09,2.1812461085228138e-09,2.1740435649581402e-09,2.1668768243460873e-09,2.159745655084392e-09,2.152649827266372e-09,2.1455891130986014e-09,2.1385632862825292e-09,2.131572122408827e-09,2.124615398820402e-09,2.1176928946299853e-09,2.1108043907055843e-09,2.1039496696060593e-09,2.0971285155947167e-09,2.0903407146201103e-09,2.0835860543027324e-09,2.0768643239176163e-09,2.0701753143777673e-09,2.063518818222862e-09,2.0568946295979535e-09,2.0503025442526724e-09,2.0437423595639108e-09,2.0372138743112764e-09,2.0307168889879013e-09,2.024251205579896e-09,2.017816627579109e-09,2.0114129600555813e-09,2.00504000939879e-09,1.998697583699181e-09,1.992385492386726e-09,1.986103546372679e-09,1.9798515580208867e-09,1.9736293411048857e-09,1.9674367107303504e-09,1.961273483673664e-09,1.9551394779687754e-09,1.9490345129232466e-09,1.9429584092582773e-09,1.936910989084147e-09,1.9308920758509397e-09,1.9249014943317592e-09,1.918939070620068e-09,1.9130046321157804e-09,1.907098007528736e-09,1.901219026824271e-09,1.8953675212539756e-09,1.8895433233171795e-09,1.8837462667960482e-09,1.8779761867959795e-09,1.87223291932402e-09,1.866516301945761e-09,1.860826173315944e-09,1.8551623732858276e-09,1.849524742892397e-09,1.8439131243480039e-09,1.8383273610301927e-09,1.8327672974755364e-09,1.8272327793484769e-09,1.8217236534847729e-09,1.8162397678078607e-09,1.8107809712200077e-09,1.8053471140312146e-09,1.7999380474928882e-09,1.7945536240961144e-09,1.7891936971112928e-09,1.7838581210261684e-09,1.7785467513858456e-09,1.7732594447851957e-09,1.7679960588601142e-09,1.7627564522787677e-09,1.7575404847305882e-09,1.7523480169225274e-09,1.747178910491031e-09,1.7420330281780488e-09,1.7369102338370654e-09,1.7318103920257896e-09,1.726733368420014e-09,1.7216790295997064e-09,1.716647243181314e-09,1.7116378776426425e-09,1.7066508024292044e-09,1.7016858878467896e-09,1.6967430052821502e-09,1.6918220269978454e-09,1.6869228259544354e-09,1.6820452764413648e-09,1.6771892531464048e-09,1.6723546320867784e-09,1.667541289856604e-09,1.6627491040163765e-09,1.6579779529899066e-09,1.653227716079357e-09,1.6484982733895388e-09,1.6437895058992757e-09,1.639101295405265e-09,1.6344335245689973e-09,1.629786076819953e-09,1.6251588364403718e-09,1.620551688500714e-09,1.615964518881195e-09,1.6113972142593304e-09,1.606849662097238e-09,1.602321750637125e-09,1.5978133689004501e-09,1.593324406673308e-09,1.5888547545089338e-09,1.5844043037004948e-09,1.5799729463246208e-09,1.5755605751719364e-09,1.571167083780851e-09,1.5667923664218333e-09,1.5624363180914002e-09,1.558098834506906e-09,1.5537798120976564e-09,1.5494791480038523e-09,1.5451967400691928e-09,1.540932486830648e-09,1.5366862875194977e-09,1.532458042052858e-09,1.5282476510286544e-09,1.5240550157175486e-09,1.5198800380624867e-09,1.5157226206691394e-09,1.511582666802122e-09,1.5074600803801815e-09,1.5033547659731255e-09,1.4992666287812747e-09,1.4951955746720272e-09,1.4911415100839694e-09,1.4871043421731694e-09,1.4830839786555473e-09,1.479080327877881e-09,1.4750932988536916e-09,1.4711228010671987e-09,1.467168744718053e-09,1.4632310406105428e-09,1.4593096000751567e-09,1.4554043350963805e-09,1.4515151582161105e-09,1.4476419825464113e-09,1.4437847218052074e-09,1.4399432902321754e-09,1.4361176026779262e-09,1.432307574540526e-09,1.4285131217759387e-09,1.42473416089351e-09,1.4209706089514803e-09,1.4172223835563334e-09,1.4134894028463465e-09,1.409771585509523e-09,1.4060688507541916e-09,1.4023811183228046e-09,1.398708308483157e-09,1.3950503419945218e-09,1.3914071402022522e-09,1.3877786249005015e-09,1.3841647184112245e-09,1.3805653435607944e-09,1.3769804236752548e-09,1.3734098825794254e-09,1.3698536445887074e-09,1.366311634508181e-09,1.3627837776276704e-09,1.3592699997198335e-09,1.3557702270346553e-09,1.3522843862963678e-09,1.3488124046999186e-09,1.3453542099072861e-09,1.3419097300440176e-09,1.3384788936957987e-09,1.335061629904827e-09,1.3316578681664902e-09,1.328267538425733e-09,1.324890571091361e-09,1.3215268969628001e-09,1.318176447360875e-09,1.3148391539634865e-09,1.3115149489251967e-09,1.3082037647747701e-09,1.3049055345479616e-09,1.3016201917032703e-09,1.2983476700115794e-09,1.2950879037722745e-09,1.2918408276552562e-09,1.2886063767733057e-09,1.2853844865922633e-09,1.282175093003816e-09,1.2789781323023772e-09,1.2757935412058348e-09,1.272621256803964e-09,1.2694612165843387e-09,1.2663133584246126e-09,1.2631776205895758e-09,1.260053941728444e-09,1.256942260871915e-09,1.2538425174293372e-09,1.2507546511859755e-09,1.247678602304701e-09,1.2446143113100025e-09,1.241561719095907e-09,1.238520766926741e-09,1.2385202458692828e-09,1.2385185610340146e-09,1.2385164232573876e-09,1.2385141268449639e-09,1.2385117757738474e-09,1.2385094065910811e-09,1.2385070321616507e-09,1.2385046570441593e-09,1.2385022828848694e-09,1.2384999103075882e-09,1.2384975395782477e-09,1.2384951708361005e-09,1.2384928041753951e-09,1.2384904396740489e-09,1.2384880774034479e-09,1.238485717432087e-09,1.2384833598265983e-09,1.238481004652495e-09,1.2384786519741495e-09,1.238476301854828e-09,1.238473954356594e-09,1.2384716095409198e-09,1.23846926746782e-09,1.2384669281962871e-09,1.2384645917842909e-09,1.2384622582889054e-09,1.2384599277660455e-09,1.2384576002706228e-09,1.2384552758565793e-09,1.2384529545767162e-09,1.2384506364828913e-09,1.2384483216258754e-09,1.2384460100554443e-09,1.2384437018203953e-09,1.2384413969684475e-09,1.2384390955463647e-09,1.2384367975999505e-09,1.2384345031738678e-09,1.23843221231191e-09,1.2384299250567506e-09,1.2384276414502969e-09,1.2384253615329469e-09,1.2384230853449028e-09,1.2384208129250054e-09,1.2384185443112501e-09,1.238416279540927e-09,1.2384140186497139e-09,1.2384117616725431e-09,1.2384095086436864e-09,1.2384072595963746e-09,1.2384050145629944e-09,1.2384027735747341e-09,1.238400536662304e-09,1.2383983038552015e-09,1.238396075182092e-09,1.2383938506710154e-09,1.2383916303488381e-09,1.238389414241672e-09,1.2383872023747727e-09,1.2383849947726354e-09,1.2383827914587413e-09,1.2383805924558583e-09,1.2383783977860688e-09,1.2383762074700254e-09,1.2383740215284993e-09,1.2383718399810336e-09,1.2383696628461735e-09,1.2383674901419207e-09,1.2383653218856111e-09,1.2383631580934497e-09,1.238360998781271e-09,1.2383588439640774e-09,1.238356693655987e-09,1.2383545478706338e-09,1.2383524066206923e-09,1.2383502699181014e-09,1.2383481377746492e-09,1.2383460102002106e-09,1.2383438872062598e-09,1.2383417688014264e-09,1.2383396549944456e-09,1.2383375457934242e-09,1.2383354412057715e-09,1.2383333412384627e-09,1.238331245897634e-09,1.2383291551887008e-09,1.2383270691168002e-09,1.238324987686393e-09,1.2383229109012638e-09,1.238320838764694e-09,1.238318771279374e-09,1.2383167084474613e-09,1.2383146502705893e-09,1.2383125967498955e-09,1.2383105478853566e-09,1.2383085036780062e-09,1.2383064641269362e-09,1.2383044292310622e-09,1.2383023989891134e-09,1.2383003733989612e-09,1.238298352458744e-09,1.238296336164105e-09,1.2382943245136294e-09,1.2382923175026767e-09,1.2382903151270828e-09,1.2382883173823268e-09,1.23828632426332e-09,1.2382843357645456e-09,1.2382823518802125e-09,1.2382803726041149e-09,1.238278397929627e-09,1.2382764278497242e-09,1.2382744623571638e-09,1.2382725014440082e-09,1.238270545102316e-09,1.2382685933236483e-09,1.238266646099212e-09,1.2382647034199523e-09,1.2382627652765517e-09,1.2382608316592435e-09,1.2382589025579647e-09,1.238256977962416e-09,1.238255057861961e-09,1.2382531422457586e-09,1.2382512311025675e-09,1.2382493244209752e-09,1.2382474221892812e-09,1.2382455243955435e-09,1.2382436310275299e-09,1.2382417420727367e-09,1.2382398575185906e-09,1.2382379773521233e-09,1.2382361015600106e-09,1.238234230129927e-09,1.2382323630470275e-09,1.2382305002980228e-09,1.2382286418689229e-09,1.2382267877456567e-09,1.2382249379139563e-09,1.2382230923591727e-09,1.2382212510667818e-09,1.2382194140220507e-09,1.238217581209741e-09,1.2382157526147696e-09,1.2382139282216888e-09,1.2382121080153907e-09,1.2382102919801807e-09,1.2382084800999783e-09,1.2382066723591622e-09,1.238204868741754e-09,1.2382030692317727e-09,1.238201273812984e-09,1.2381994824691446e-09,1.2381976951835813e-09,1.2381959119402184e-09,1.238194132721932e-09,1.2381923575123668e-09,1.2381905862946312e-09,1.23818881905191e-09,1.2381870557672378e-09,1.2381852964235825e-09,1.2381835410037998e-09,1.2381817894909132e-09,1.2381800418676505e-09,1.2381782981168344e-09,1.2381765582212146e-09,1.2381748221632254e-09,1.2381730899256489e-09,1.2381713614910437e-09,1.2381696368413464e-09,1.238167915959907e-09,1.2381661988286995e-09,1.2381644854304257e-09,1.2381627757473162e-09,1.2381610697619343e-09,1.2381593674565895e-09,1.2381576688136253e-09,1.2381559738153915e-09,1.238154282444213e-09,1.2381525946825897e-09,1.2381509105126092e-09,1.2381492299166593e-09,1.2381475528772555e-09,1.2381458793765926e-09,1.2381442093971435e-09,1.2381425429210839e-09,1.2381408799309757e-09,1.2381392204092487e-09,1.2381375643382539e-09,1.2381359117005843e-09,1.2381342624785192e-09,1.2381326166545973e-09,1.238130974211321e-09,1.2381293351312818e-09,1.2381276993970515e-09,1.2381260669912315e-09,1.2381244378964677e-09,1.238122812095467e-09,1.2381211895709838e-09,1.2381195703057276e-09,1.2381179542825484e-09,1.2381163414842878e-09,1.2381147318938953e-09,1.238113125494297e-09,1.238111522268445e-09,1.2381099221994778e-09,1.2381083252699482e-09,1.2381067314643362e-09,1.2381051407646164e-09,1.2381035531546838e-09,1.2381019686176832e-09,1.2381003871376808e-09,1.2380988086969903e-09,1.2380972332792314e-09,1.238095660868603e-09,1.2380940914485356e-09,1.2380925250026807e-09,1.2380909615148228e-09,1.2380894009688055e-09,1.2380878433485416e-09,1.238086288638034e-09,1.2380847368213002e-09,1.238083187882472e-09,1.2380816418057409e-09,1.2380800985753205e-09,1.2380785581756245e-09,1.238077020591091e-09,1.2380754858061092e-09,1.2380739538052633e-09,1.2380724245731887e-09,1.2380708980946276e-09,1.2380693743543932e-09,1.2380678533372651e-09,1.2380663350282486e-09,1.2380648194123735e-09,1.238063306474726e-09,1.2380617962005302e-09,1.2380602885750129e-09,1.2380587835834952e-09,1.2380572812114112e-09,1.2380557814443558e-09,1.2380542842678166e-09,1.2380527896674572e-09,1.2380512976291286e-09,1.238049808138605e-09,1.2380483211817307e-09,1.2380468367446587e-09,1.2380453548133905e-09,1.2380438753741208e-09,1.2380423984130827e-09,1.238040923916613e-09,1.2380394518711756e-09,1.2380379822631305e-09,1.238036515079132e-09,1.238035050305932e-09,1.238033587930223e-09,1.2380321279388453e-09,1.2380306703187296e-09,1.238029215056916e-09,1.2380277621404194e-09,1.238026311556535e-09,1.2380248632925593e-09,1.2380234173358272e-09,1.238021973673628e-09,1.2380205322935062e-09,1.2380190931831348e-09,1.2380176563302177e-09,1.2380162217218616e-09,1.238014789346966e-09,1.2380133591932752e-09,1.2380119312485498e-09,1.238010505500908e-09,1.238009081938363e-09,1.2380076605496523e-09,1.2380062413227168e-09,1.2380048242461228e-09,1.2380034093083198e-09,1.2380019964979585e-09,1.2380005858036334e-09,1.2379991772140775e-09,1.2379977707184333e-09,1.2379963663061776e-09,1.237994963965098e-09,1.2379935636845006e-09,1.23799216545381e-09,1.2379907692621912e-09,1.2379893750990017e-09,1.237987982953887e-09,1.2379865928161264e-09,1.2379852046754261e-09,1.237983818520682e-09,1.2379824343427573e-09,1.2379810521305898e-09,1.2379796718748314e-09,1.2379782935646293e-09,1.237976917190966e-09,1.2379755427432455e-09,1.2379741702118072e-09,1.2379727995869295e-09,1.2379714308586128e-09,1.2379700640179675e-09,1.2379686990552878e-09,1.2379673359607682e-09,1.2379659747254296e-09,1.2379646153397102e-09,1.2379632577940205e-09,1.2379619020797137e-09,1.2379605481880564e-09,1.2379591961097978e-09,1.2379578458359044e-09,1.2379564973575147e-09,1.2379551506661236e-09,1.2379538057525866e-09,1.2379524626085129e-09,1.2379511212252672e-09,1.2379497815943827e-09,1.2379484437074263e-09,1.2379471075560302e-09,1.2379457731319213e-09,1.2379444404268724e-09,1.237943109432715e-09,1.2379417801413805e-09,1.2379404525448225e-09,1.237939126635111e-09,1.2379378024043558e-09,1.2379364798447266e-09,1.2379351589484978e-09,1.237933839707976e-09,1.237932522115471e-09,1.2379312061634913e-09,1.2379298918445007e-09,1.237928579150906e-09,1.2379272680756457e-09,1.2379259586112577e-09,1.2379246507505204e-09,1.2379233444863226e-09,1.237922039811505e-09,1.2379207367187625e-09,1.2379194352013393e-09,1.2379181352521892e-09,1.2379168368645074e-09,1.2379155400309558e-09,1.2379142447456888e-09,1.237912951001463e-09,1.2379116587917793e-09,1.2379103681099406e-09,1.2379090789493158e-09,1.237907791303538e-09,1.2379065051662157e-09,1.2379052205309322e-09,1.237903937391436e-09,1.2379026557417337e-09,1.237901375575282e-09,1.2379000968859755e-09,1.2378988196677531e-09,1.2378975439145241e-09,1.2378962696202558e-09,1.2378949967790976e-09,1.2378937253851164e-09,1.2378924554322867e-09,1.2378911869149952e-09,1.2378899198275763e-09,1.2378886541643417e-09,1.2378873899196472e-09,1.2378861270879376e-09,1.2378848656636736e-09,1.2378836056414133e-09,1.2378823470155646e-09,1.2378810897808656e-09,1.2378798339319794e-09,1.2378785794636651e-09,1.237877326370474e-09,1.237876074647526e-09,1.2378748242895206e-09,1.2378735752913486e-09,1.2378723276479614e-09,1.2378710813543453e-09,1.2378698364055506e-09,1.237868592796627e-09,1.2378673505227314e-09,1.2378661095788603e-09,1.237864869960539e-09,1.2378636316628706e-09,1.2378623946811776e-09,1.237861159010725e-09,1.2378599246469815e-09,1.2378586915853548e-09,1.237857459821255e-09,1.237856229350254e-09,1.2378550001678291e-09,1.2378537722696126e-09,1.2378525456512464e-09,1.237851320308386e-09,1.2378500962366953e-09,1.2378488734319276e-09,1.2378476518899436e-09,1.237846431606456e-09,1.2378452125774218e-09,1.2378439947986949e-09,1.2378427782662988e-09,1.237841562976092e-09,1.2378403489241845e-09,1.237839136106525e-09,1.237837924519225e-09,1.2378367141584396e-09,1.23783550502026e-09,1.2378342971009857e-09,1.2378330903967135e-09,1.2378318849037783e-09,1.237830680618479e-09,1.2378294775371109e-09,1.2378282756560352e-09,1.2378270749716769e-09,1.2378258754804488e-09,1.2378246771788028e-09,1.237823480063251e-09,1.2378222841302786e-09,1.237821089376521e-09,1.2378198957985087e-09,1.2378187033928777e-09,1.2378175121563247e-09,1.2378163220854689e-09,1.2378151331769445e-09,1.237813945427862e-09,1.2378127588346138e-09,1.2378115733940714e-09,1.2378103891031186e-09,1.2378092059579806e-09,1.2378080239562847e-09,1.2378068430953412e-09,1.2378056633710807e-09,1.2378044847809922e-09,1.2378033073229289e-09,1.23780213099287e-09,1.2378009557882074e-09,1.2377997817058487e-09,1.237798608743112e-09,1.2377974368969597e-09,1.237796266164531e-09,1.2377950965432264e-09,1.2377939280303116e-09,1.2377927606226633e-09,1.2377915943177424e-09,1.2377904291128459e-09,1.2377892650054193e-09,1.2377881019927076e-09,1.2377869400719642e-09,1.2377857792406742e-09,1.2377846194963566e-09,1.237783460836357e-09,1.2377823032582081e-09,1.2377811467593845e-09,1.2377799913373749e-09,1.2377788369897111e-09,1.2377776837139575e-09,1.23777653150774e-09,1.2377753803686373e-09,1.2377742302942873e-09,1.2377730812823432e-09,1.2377719333304792e-09,1.2377707864363779e-09,1.2377696405977881e-09,1.2377684958124049e-09,1.2377673520780176e-09,1.237766209392502e-09,1.2377650677534942e-09,1.2377639271589407e-09,1.237762787606564e-09,1.237761649094317e-09,1.237760511620214e-09,1.2377593751820191e-09,1.237758239777601e-09,1.237757105404937e-09,1.2377559720619306e-09,1.2377548397466077e-09,1.2377537084569948e-09,1.237752578190041e-09,1.2377514489451605e-09,1.2377503207199662e-09,1.2377491935128199e-09,1.2377480673215795e-09,1.2377469421440631e-09,1.237745817978732e-09,1.2377446948235579e-09,1.2377435726768777e-09,1.2377424515367703e-09,1.2377413314014783e-09,1.2377402122691136e-09,1.2377390941380415e-09,1.237737977005979e-09,1.2377368608718634e-09,1.2377357457339252e-09,1.2377346315902636e-09,1.2377335184391555e-09,1.237732406279137e-09,1.2377312951081149e-09,1.2377301849246793e-09,1.2377290757278688e-09,1.2377279675153164e-09,1.237726860285043e-09,1.2377257540353435e-09,1.2377246487656077e-09,1.237723544473935e-09,1.237722441158684e-09,1.237721338818298e-09,1.2377202374513618e-09,1.2377191370563246e-09,1.2377180376318922e-09,1.2377169391761794e-09,1.2377158416879555e-09,1.237714745165747e-09,1.237713649608355e-09,1.2377125550138904e-09,1.2377114613801686e-09,1.2377103687077764e-09,1.2377092769946576e-09,1.2377081862389376e-09,1.2377070964394236e-09,1.237706007594598e-09,1.2377049197035699e-09,1.2377038327640702e-09,1.2377027467762406e-09,1.2377016617380729e-09,1.237700577648223e-09,1.2376994945054495e-09,1.2376984123085347e-09,1.2376973310561424e-09,1.2376962507470973e-09,1.2376951713801767e-09,1.237694092954099e-09,1.237693015467725e-09,1.2376919389198194e-09,1.2376908633092026e-09,1.237689788634687e-09,1.2376887148951359e-09,1.237687642089409e-09,1.2376865702163494e-09,1.237685499274818e-09,1.2376844292637012e-09,1.2376833601818754e-09,1.2376822920282424e-09,1.2376812248017413e-09,1.2376801585012276e-09,1.2376790931256834e-09,1.2376780286740102e-09,1.2376769651451851e-09,1.2376759025382597e-09,1.2376748408519805e-09,1.2376737800854046e-09,1.2376727202377001e-09,1.237671661307163e-09,1.2376706032937578e-09,1.2376695461960344e-09,1.2376684900130569e-09,1.2376674347438776e-09,1.2376663803874457e-09,1.2376653269428916e-09,1.2376642744092786e-09,1.2376632227855966e-09,1.2376621720709885e-09,1.2376611222642083e-09,1.237660073364923e-09,1.237659025371889e-09,1.2376579782843608e-09,1.2376569321004366e-09,1.2376558868204734e-09,1.2376548424437132e-09,1.2376537989689387e-09,1.2376527563952472e-09,1.2376517147215866e-09,1.2376506739472263e-09,1.2376496340715178e-09,1.2376485950927898e-09,1.2376475570108652e-09,1.2376465198257922e-09,1.2376454835359338e-09,1.2376444481405235e-09,1.2376434136376586e-09,1.2376423800286764e-09,1.2376413473117682e-09,1.23764031548618e-09,1.237639284551119e-09,1.2376382545058339e-09,1.237637225349554e-09,1.237636197081565e-09,1.237635169701134e-09,1.2376341432074733e-09,1.2376331175999183e-09,1.237632092877706e-09,1.2376310690401332e-09,1.2376300460864795e-09,1.2376290240156368e-09,1.2376280028278242e-09,1.2376269825218088e-09,1.2376259630967913e-09,1.2376249445521658e-09,1.23762392688742e-09,1.23762291010186e-09,1.2376218941948025e-09,1.2376208791654003e-09,1.23761986501333e-09,1.237618851737736e-09,1.2376178393380301e-09,1.2376168278135433e-09,1.2376158171636607e-09,1.237614807387783e-09,1.2376137984852662e-09,1.2376127904554738e-09,1.2376117832978317e-09,1.2376107770117163e-09,1.2376097715965188e-09,1.2376087670516813e-09,1.2376077633765947e-09,1.2376067605706521e-09,1.2376057586332943e-09,1.2376047575639426e-09,1.2376037573620287e-09,1.2376027580269669e-09,1.2376017595582214e-09,1.2376007619552521e-09,1.2375997652174524e-09,1.2375987693443438e-09,1.237597774335334e-09,1.2375967801898932e-09,1.2375957869074798e-09,1.237594794487557e-09,1.237593802929553e-09,1.2375928122330346e-09,1.2375918223976127e-09,1.2375908334225196e-09,1.237589845307366e-09,1.237588858051598e-09,1.2375878716547795e-09,1.2375868861163058e-09,1.2375859014357227e-09,1.2375849176124898e-09,1.2375839346462482e-09,1.2375829525367283e-09,1.2375819712832074e-09,1.2375809908850105e-09,1.2375800113418433e-09,1.2375790326532718e-09,1.2375780548188205e-09,1.2375770778380365e-09,1.237576101710704e-09,1.2375751264360594e-09,1.2375741520138783e-09,1.2375731784431164e-09,1.237572205723698e-09,1.2375712338552442e-09,1.2375702628371435e-09,1.2375692926691572e-09,1.2375683233510636e-09,1.2375673548820897e-09,1.2375663872623098e-09,1.2375654204905131e-09,1.2375644545668275e-09,1.2375634894896532e-09,1.2375625252604932e-09,1.2375615618780078e-09,1.2375605993419174e-09,1.2375596376518707e-09,1.237558676807229e-09,1.237557716808236e-09,1.2375567576533352e-09,1.2375557993429544e-09,1.2375548418765107e-09,1.2375538852536162e-09,1.2375529294739187e-09,1.2375519745370088e-09,1.2375510204427144e-09,1.2375500671905082e-09,1.2375491147796929e-09,1.2375481632102179e-09,1.2375472124817202e-09,1.2375462625938587e-09,1.2375453135462136e-09,1.237544365338503e-09,1.2375434179702311e-09,1.2375424714411683e-09,1.237541525750925e-09,1.2375405808991608e-09,1.2375396368855063e-09,1.237538693709603e-09,1.2375377513711627e-09,1.2375368098698242e-09,1.2375358692052766e-09,1.2375349293771216e-09,1.237533990385071e-09,1.237533052228793e-09,1.2375321149079526e-09,1.2375311784222217e-09,1.2375302427713326e-09,1.2375293079549212e-09,1.2375283739726295e-09,1.2375274408240797e-09,1.2375265085091566e-09,1.237525577027331e-09,1.237524646378531e-09,1.237523716562566e-09,1.2375227875787171e-09,1.23752185942681e-09,1.2375209321065553e-09,1.2375200056174525e-09,1.2375190799592003e-09,1.2375181551322106e-09,1.2375172311354162e-09,1.2375163079685581e-09,1.2375153856321115e-09,1.2375144641252111e-09,1.2375135434476535e-09,1.2375126235991895e-09,1.2375117045794358e-09,1.237510786388135e-09,1.2375098690250064e-09,1.2375089524898394e-09,1.237508036782287e-09,1.237507121902257e-09,1.2375062078491005e-09,1.2375052946228338e-09,1.2375043822230874e-09,1.2375034706497068e-09,1.2375025599023556e-09,1.2375016499806612e-09,1.2375007408844419e-09,1.2374998326134366e-09,1.237498925167381e-09,1.237498018546015e-09,1.237497112749079e-09,1.237496207776183e-09,1.2374953036274187e-09,1.237494400302652e-09,1.2374934978009076e-09,1.2374925961223343e-09,1.2374916952667176e-09,1.2374907952336714e-09,1.2374898960228523e-09,1.2374889976351937e-09,1.237488100068826e-09,1.2374872033243284e-09,1.2374863074010148e-09,1.2374854122989075e-09,1.2374845180174681e-09,1.23748362455719e-09,1.2374827319173822e-09,1.237481840097981e-09,1.2374809490984559e-09,1.2374800589186983e-09,1.2374791695578852e-09,1.2374782810171418e-09,1.2374773932958049e-09,1.237476506393096e-09,1.2374756203090255e-09,1.2374747350434216e-09,1.2374738505960193e-09,1.2374729669666326e-09,1.2374720841550749e-09,1.2374712021610177e-09,1.237470320984254e-09,1.2374694406248982e-09,1.2374685610821614e-09,1.2374676823561804e-09,1.237466804446688e-09,1.2374659273535853e-09,1.2374650510763307e-09,1.237464175614879e-09,1.2374633009690634e-09,1.2374624271381748e-09,1.2374615541229786e-09,1.2374606819227767e-09,1.2374598105373656e-09,1.237458939966171e-09,1.2374580702097255e-09,1.237457201267469e-09,1.2374563331391661e-09,1.237455465824623e-09,1.2374545993236613e-09,1.237453733636048e-09,1.2374528687616052e-09,1.237452004700157e-09,1.237451141451466e-09,1.2374502790151936e-09,1.2374494173914725e-09,1.2374485565799346e-09,1.237447696580375e-09,1.237446837392634e-09,1.2374459790165077e-09,1.2374451214517782e-09,1.2374442646982587e-09,1.2374434087558084e-09,1.2374425536242402e-09,1.2374416993033036e-09,1.237440845792799e-09,1.2374399930926562e-09,1.2374391412025737e-09,1.2374382901223856e-09,1.2374374398519498e-09,1.2374365903910616e-09,1.237435741739508e-09,1.2374348938971804e-09,1.2374340468638435e-09,1.2374332006392761e-09,1.2374323552234436e-09,1.2374315106160145e-09,1.2374306668168744e-09,1.2374298238256875e-09,1.237428981642587e-09,1.2374281402672068e-09,1.2374272996994035e-09,1.237426459939001e-09,1.2374256209858356e-09,1.2374247828397022e-09,1.2374239455005044e-09,1.2374231089680093e-09,1.2374222732420215e-09,1.237421438322386e-09,1.237420604208956e-09,1.2374197709015198e-09,1.2374189383999606e-09,1.2374181067040775e-09,1.2374172758137158e-09,1.2374164457286812e-09,1.2374156164488359e-09,1.2374147879740043e-09,1.2374139603040239e-09,1.2374131334387313e-09,1.2374123073779538e-09,1.237411482121548e-09,1.2374106576692995e-09,1.23740983402108e-09,1.237409011176758e-09,1.2374081891360983e-09,1.2374073678989863e-09,1.23740654746525e-09,1.237405727834737e-09,1.2374049090072698e-09,1.2374040909827265e-09,1.2374032737609187e-09,1.2374024573416749e-09,1.2374016417248438e-09,1.2374008269092918e-09,1.2374000128956584e-09,1.2373991996842877e-09,1.2373983872746377e-09,1.2373975756668256e-09,1.2373967648598388e-09,1.2373959548556638e-09,1.2373951456526007e-09,1.2373943372505616e-09,1.2373935296493675e-09,1.2373927228489154e-09,1.2373919168490034e-09,1.237391111649505e-09,1.2373903072502469e-09,1.237389503651105e-09,1.2373887008519239e-09,1.2373878988525048e-09,1.2373870976528764e-09,1.2373862972526442e-09,1.2373854976517594e-09,1.2373846988495685e-09,1.2373839008469506e-09,1.2373831036432346e-09,1.2373823072383484e-09,1.2373815116320086e-09,1.2373807168241867e-09,1.237379922814666e-09,1.2373791296033135e-09,1.2373783371899723e-09,1.2373775455745134e-09,1.237376754756701e-09,1.2373759647365509e-09,1.237375175513526e-09,1.237374387088142e-09,1.2373735994599025e-09,1.237372812628681e-09,1.2373720265943313e-09,1.237371241356723e-09,1.2373704569156886e-09,1.2373696732710922e-09,1.2373688904227975e-09,1.237368108370647e-09,1.2373673271145208e-09,1.2373665466543263e-09,1.2373657669898532e-09,1.2373649881209584e-09,1.2373642100475555e-09,1.2373634327682864e-09,1.2373626562860647e-09,1.2373618805981838e-09,1.2373611057052184e-09,1.2373603316069693e-09,1.2373595583033463e-09,1.2373587857941873e-09,1.2373580140793849e-09,1.2373572431589185e-09,1.2373564730330566e-09,1.2373557037005803e-09,1.2373549351618423e-09,1.2373541674166856e-09,1.2373534004651432e-09,1.2373526343066422e-09,1.237351868941688e-09,1.237351104369826e-09,1.2373503405912546e-09,1.2373495776050382e-09,1.2373488154117567e-09,1.2373480540110501e-09,1.237347293402809e-09,1.2373465335868538e-09,1.2373457745630774e-09,1.2373450163313607e-09,1.2373442588915442e-09,1.237343502243525e-09,1.2373427463871373e-09,1.2373419913222724e-09,1.2373412370487655e-09,1.2373404835667357e-09,1.2373397308755963e-09,1.2373389789754535e-09,1.2373382278658163e-09,1.2373374775472647e-09,1.2373367280191842e-09,1.23733597928166e-09,1.237335231334496e-09,1.2373344841775285e-09,1.237333737810758e-09,1.2373329922338025e-09,1.2373322474466889e-09,1.237331503449223e-09,1.2373307602413035e-09,1.2373300178227905e-09,1.2373292761935952e-09,1.2373285353535706e-09,1.2373277953025553e-09,1.237327056040457e-09,1.2373263175671277e-09,1.2373255798824647e-09,1.2373248429863285e-09,1.2373241068785896e-09,1.2373233715591231e-09,1.2373226370277903e-09,1.2373219032844761e-09,1.2373211703290484e-09,1.2373204381613846e-09,1.2373197067813403e-09,1.237318976188802e-09,1.2373182463836444e-09,1.2373175173657366e-09,1.2373167891349833e-09,1.2373160616911838e-09,1.2373153350342627e-09,1.2373146091641284e-09,1.237313884080628e-09,1.2373131597836097e-09,1.2373124362729684e-09,1.2373117135485865e-09,1.237310991610302e-09,1.2373102704580417e-09,1.2373095500916603e-09,1.2373088305110298e-09,1.2373081117160296e-09,1.2373073937065168e-09,1.2373066764823971e-09,1.2373059600435402e-09,1.2373052443897967e-09,1.2373045295209232e-09,1.2373038154370365e-09,1.237303102137692e-09,1.2373023896233002e-09,1.2373016778933378e-09,1.2373009669475938e-09,1.2373002567863311e-09,1.2372995474091776e-09,1.2372988388160314e-09,1.2372981310068715e-09,1.2372974239814684e-09,1.2372967177397186e-09,1.2372960122815059e-09,1.2372953076067058e-09,1.237294603715206e-09,1.237293900606893e-09,1.2372931982815794e-09,1.2372924967392333e-09,1.23729179597969e-09,1.2372910960028413e-09,1.237290396808541e-09,1.2372896983966788e-09,1.2372890007671476e-09,1.2372883039198061e-09,1.2372876078545684e-09,1.2372869125712627e-09,1.2372862180698221e-09,1.2372855243500798e-09,1.2372848314119891e-09,1.2372841392553477e-09,1.2372834478800837e-09,1.2372827572860514e-09,1.2372820674731167e-09,1.237281378441198e-09,1.2372806901901612e-09,1.2372800027198564e-09,1.2372793160301968e-09,1.237278630121058e-09,1.2372779449923398e-09,1.2372772606438769e-09,1.2372765770756106e-09,1.2372758942873762e-09,1.2372752122790574e-09,1.2372745310505665e-09,1.2372738506017282e-09,1.2372731709324566e-09,1.2372724920426315e-09,1.2372718139321786e-09,1.2372711366009545e-09,1.237270460048779e-09,1.2372697842756083e-09,1.2372691092813051e-09,1.2372684350657362e-09,1.2372677616287994e-09,1.237267088970372e-09,1.2372664170902667e-09,1.2372657459884984e-09,1.2372650756647886e-09,1.2372644061191963e-09,1.2372637373515342e-09,1.2372630693616448e-09,1.2372624021494601e-09,1.2372617357148345e-09,1.23726107005765e-09,1.2372604051778144e-09,1.2372597410751117e-09,1.2372590777495207e-09,1.2372584152009232e-09,1.2372577534292264e-09,1.237257092434257e-09,1.2372564322159328e-09,1.2372557727741604e-09,1.2372551141087472e-09,1.2372544562196517e-09,1.23725379910669e-09,1.2372531427697826e-09,1.237252487208845e-09,1.2372518324236753e-09,1.2372511784142283e-09,1.2372505251803564e-09,1.237249872721944e-09,1.2372492210388879e-09,1.2372485701310735e-09,1.237247919998399e-09,1.2372472706406866e-09,1.2372466220578672e-09,1.2372459742498371e-09,1.23724532721646e-09,1.237244680957627e-09,1.2372440354731966e-09,1.2372433907631144e-09,1.237242746827233e-09,1.237242103665386e-09,1.2372414612775391e-09,1.2372408196635367e-09,1.2372401788232724e-09,1.2372395387566143e-09,1.2372388994634628e-09,1.2372382609437244e-09,1.2372376231972097e-09,1.237236986223892e-09,1.2372363500236e-09,1.2372357145962308e-09,1.2372350799416862e-09,1.2372344460598404e-09,1.237233812950582e-09,1.2372331806138162e-09,1.237232549049366e-09,1.2372319182571629e-09,1.237231288237089e-09,1.237230658989054e-09,1.2372300305129157e-09,1.2372294028085361e-09,1.2372287758758295e-09,1.2372281497146919e-09,1.2372275243249864e-09,1.2372268997066335e-09,1.2372262758594466e-09,1.2372256527833688e-09,1.2372250304783098e-09,1.2372244089441118e-09,1.2372237881807167e-09,1.2372231681879143e-09,1.2372225489657037e-09,1.2372219305138811e-09,1.2372213128323558e-09,1.2372206959210289e-09,1.2372200797797633e-09,1.2372194644084707e-09,1.2372188498070422e-09,1.2372182359753188e-09,1.237217622913227e-09,1.2372170106206242e-09,1.2372163990974457e-09,1.237215788343514e-09,1.237215178358781e-09,1.237214569143094e-09,1.237213960696352e-09,1.2372133530184085e-09,1.2372127461092174e-09,1.2372121399685871e-09,1.2372115345964496e-09,1.237210929992729e-09,1.2372103261572304e-09,1.2372097230899079e-09,1.2372091207906212e-09,1.2372085192592473e-09,1.2372079184956694e-09,1.2372073184998033e-09,1.2372067192715111e-09,1.2372061208106817e-09,1.237205523117251e-09,1.2372049261910395e-09,1.23720433003196e-09,1.2372037346398983e-09,1.2372031400147587e-09,1.2372025461564226e-09,1.2372019530647507e-09,1.2372013607396575e-09,1.2372007691809985e-09,1.2372001783887171e-09,1.2371995883626444e-09,1.2371989991026973e-09,1.2371984106087927e-09,1.2371978228807541e-09,1.2371972359184857e-09,1.2371966497219333e-09,1.2371960642909186e-09,1.2371954796253434e-09,1.237194895725128e-09,1.237194312590085e-09,1.2371937302201492e-09,1.2371931486151753e-09,1.2371925677751267e-09,1.2371919876998458e-09,1.237191408389222e-09,1.2371908298431276e-09,1.2371902520616745e-09,1.23718967504426e-09,1.2371890987909908e-09,1.2371885233027742e-09,1.2371879485776548e-09,1.237187374616294e-09,1.237186801419276e-09,1.2371862289858465e-09,1.2371856573154565e-09,1.2371850864088094e-09,1.2371845162658444e-09,1.2371839468854728e-09,1.2371833782682976e-09,1.2371828104141048e-09,1.237182243322802e-09,1.2371816769942479e-09,1.2371811114283447e-09,1.2371805466249586e-09,1.237179982583992e-09,1.2371794193053699e-09,1.2371788567889464e-09,1.2371782950346006e-09,1.2371777340422446e-09,1.2371771738117728e-09,1.237176614343045e-09,1.237176055636007e-09,1.2371754976904564e-09,1.2371749405062584e-09,1.2371743840833472e-09,1.2371738284222771e-09,1.2371732735223886e-09,1.23717271938301e-09,1.2371721660042827e-09,1.2371716133864854e-09,1.2371710615292083e-09,1.237170510432344e-09,1.2371699600961213e-09,1.2371694105202381e-09,1.2371688617044882e-09,1.2371683136487558e-09,1.2371677663529855e-09,1.2371672198169309e-09,1.2371666740412914e-09,1.2371661290250422e-09,1.237165584768355e-09,1.2371650412714205e-09,1.2371644985340179e-09,1.2371639565549697e-09,1.2371634153349863e-09,1.2371628748740313e-09,1.2371623351719182e-09,1.2371617962288187e-09,1.2371612580442046e-09,1.2371607206180985e-09,1.2371601839504025e-09,1.2371596480409755e-09,1.2371591128897392e-09,1.237158578496603e-09,1.237158044861445e-09,1.2371575119841577e-09,1.237156979864639e-09,1.2371564485027704e-09,1.2371559178984307e-09,1.2371553880515552e-09,1.237154858961963e-09,1.2371543306296018e-09,1.2371538030543158e-09,1.2371532762358982e-09,1.2371527501743619e-09,1.2371522248695566e-09,1.237151700321549e-09,1.2371511765300699e-09,1.237150653495047e-09,1.2371501312162712e-09,1.2371496096937502e-09,1.2371490889273735e-09,1.2371485689168397e-09,1.2371480496622082e-09,1.237147531163445e-09,1.2371470134203833e-09,1.2371464964329277e-09,1.2371459802004433e-09,1.2371454647236815e-09,1.237144950002088e-09,1.23714443603564e-09,1.237143922824177e-09,1.237143410367379e-09,1.2371428986654709e-09,1.2371423877183592e-09,1.2371418775257434e-09,1.2371413680875769e-09,1.2371408594037767e-09,1.2371403514743002e-09,1.2371398442988813e-09,1.237139337877547e-09,1.2371388322100679e-09,1.2371383272963576e-09,1.2371378231363193e-09,1.2371373197298376e-09,1.2371368170766542e-09,1.2371363151773673e-09,1.2371358140309106e-09,1.2371353136376046e-09,1.2371348139972775e-09,1.2371343151098251e-09,1.2371338169753075e-09,1.2371333195933334e-09,1.237132822963994e-09,1.237132327087092e-09,1.2371318319626162e-09,1.2371313375903648e-09,1.2371308439702253e-09,1.237130351102149e-09,1.2371298589859806e-09,1.2371293676215676e-09,1.2371288770089462e-09,1.237128387147839e-09,1.237127898038218e-09,1.2371274096799163e-09,1.2371269220729688e-09,1.237126435217239e-09,1.2371259491122675e-09,1.2371254637578049e-09,1.2371249791547958e-09,1.2371244953025298e-09,1.2371240122007608e-09,1.237123529849405e-09,1.2371230482480001e-09,1.2371225673966633e-09,1.2371220872961066e-09,1.237121607945878e-09,1.237121129345541e-09,1.2371206514949643e-09,1.237120174394258e-09,1.237119698043201e-09,1.2371192224414546e-09,1.2371187475893374e-09,1.2371182734864396e-09,1.237117800132644e-09,1.2371173275278808e-09,1.2371168556720757e-09,1.2371163845652201e-09,1.2371159142070922e-09,1.2371154445975885e-09,1.2371149757365866e-09,1.23711450762398e-09,1.2371140402596471e-09,1.2371135736435113e-09,1.237113107775465e-09,1.2371126426553596e-09,1.2371121782831042e-09,1.2371117146585948e-09,1.2371112517817527e-09,1.237110789652415e-09,1.237110328270431e-09,1.2371098676357825e-09,1.2371094077483475e-09,1.2371089486078827e-09,1.2371084902144263e-09,1.2371080325678449e-09,1.2371075756680293e-09,1.2371071195149052e-09,1.2371066641084166e-09,1.2371062094482413e-09,1.2371057555344192e-09,1.2371053023667658e-09,1.2371048499452335e-09,1.237104398269706e-09,1.237103947340064e-09,1.2371034971562166e-09,1.2371030477180373e-09,1.2371025990254055e-09,1.237102151078242e-09,1.2371017038764239e-09,1.2371012574198347e-09,1.2371008117083975e-09,1.2371003667419606e-09,1.2370999225204183e-09,1.2370994790436673e-09,1.237099036311646e-09,1.2370985943242152e-09,1.2370981530812112e-09,1.2370977125825997e-09,1.2370972728282594e-09,1.237096833818022e-09,1.237096395551858e-09,1.2370959580296192e-09,1.2370955212511848e-09,1.2370950852164518e-09,1.2370946499253266e-09,1.2370942153776933e-09,1.237093781573458e-09,1.237093348512499e-09,1.2370929161946781e-09,1.2370924846199152e-09,1.2370920537881211e-09,1.2370916236991398e-09,1.2370911943529098e-09,1.2370907657492661e-09,1.237090337888182e-09,1.2370899107694764e-09,1.2370894843930661e-09,1.2370890587588325e-09,1.2370886338666624e-09,1.237088209716471e-09,1.23708778630814e-09,1.237087363641534e-09,1.2370869417166276e-09,1.237086520533215e-09,1.2370861000912191e-09,1.237085680390555e-09,1.237085261431091e-09,1.2370848432127313e-09,1.2370844257353404e-09,1.2370840089988587e-09,1.2370835930030907e-09,1.2370831777480305e-09,1.2370827632334878e-09,1.2370823494594012e-09,1.2370819364256688e-09,1.2370815241321623e-09,1.2370811125787438e-09,1.237080701765359e-09,1.2370802916918708e-09,1.237079882358176e-09,1.2370794737641569e-09,1.2370790659097112e-09,1.2370786587947274e-09,1.2370782524191084e-09,1.2370778467827405e-09,1.2370774418854989e-09,1.2370770377272988e-09,1.2370766343080235e-09,1.2370762316275655e-09,1.2370758296857887e-09,1.2370754284826316e-09,1.237075028017965e-09,1.2370746282916924e-09,1.23707422930365e-09,1.2370738310538009e-09,1.2370734335419805e-09,1.237073036768123e-09,1.2370726407320957e-09,1.2370722454337987e-09,1.2370718508731157e-09,1.2370714570499315e-09,1.2370710639641526e-09,1.2370706716157005e-09,1.2370702800044057e-09,1.2370698891302093e-09,1.2370694989929785e-09,1.2370691095925889e-09,1.237068720928954e-09,1.237068333001947e-09,1.2370679458115043e-09,1.2370675593574894e-09,1.2370671736397814e-09,1.2370667886582927e-09,1.2370664044129344e-09,1.237066020903549e-09,1.2370656381300405e-09,1.2370652560922978e-09,1.2370648747902148e-09,1.2370644942237244e-09,1.2370641143926514e-09,1.2370637352969591e-09,1.2370633569364658e-09,1.237062979311133e-09,1.2370626024207865e-09,1.2370622262653729e-09,1.2370618508447396e-09,1.237061476158817e-09,1.23706110220748e-09,1.2370607289906318e-09,1.237060356508118e-09,1.2370599847599029e-09,1.2370596137458187e-09,1.2370592434658018e-09,1.2370588739196812e-09,1.2370585051074139e-09,1.2370581370288502e-09,1.2370577696839046e-09,1.2370574030724682e-09,1.2370570371944185e-09,1.2370566720496619e-09,1.2370563076381013e-09,1.2370559439594224e-09,1.2370555810139202e-09,1.2370552188011964e-09,1.2370548573212394e-09,1.2370544965737759e-09,1.2370541365590068e-09,1.2370537772766738e-09,1.2370534187266391e-09,1.2370530609087842e-09,1.2370527038236424e-09,1.2370523474701842e-09,1.2370519918483282e-09,1.2370516369581407e-09,1.2370512827997343e-09,1.2370509293728573e-09,1.2370505766774515e-09,1.2370502247133673e-09,1.2370498734805326e-09,1.2370495229788496e-09,1.2370491732081602e-09,1.2370488241683959e-09,1.2370484758594139e-09,1.237048128281133e-09,1.2370477814331684e-09,1.237047435315786e-09,1.2370470899289473e-09,1.2370467452723722e-09,1.2370464013459696e-09,1.2370460581495573e-09,1.2370457156829847e-09,1.237045373946383e-09,1.2370450329394893e-09,1.237044692662241e-09,1.2370443531144852e-09,1.237044014296089e-09,1.2370436762070038e-09,1.237043338847141e-09,1.2370430022163428e-09,1.2370426663144968e-09,1.2370423311414372e-09,1.2370419966973062e-09,1.2370416629817473e-09,1.2370413299946875e-09,1.2370409977360778e-09,1.2370406662057726e-09,1.2370403354036919e-09,1.2370400053296656e-09,1.2370396759835728e-09,1.2370393473654516e-09,1.2370390194751817e-09,1.2370386923125537e-09,1.2370383658774947e-09,1.2370380401695388e-09,1.237037715189124e-09,1.237037390935877e-09,1.237037067409562e-09,1.2370367446110208e-09,1.2370364225390208e-09,1.2370361011938932e-09,1.2370357805755015e-09,1.237035460683633e-09,1.2370351415183605e-09,1.2370348230795506e-09,1.2370345053668442e-09,1.2370341883803531e-09,1.2370338721199116e-09,1.2370335565854164e-09,1.2370332417767697e-09,1.2370329276938641e-09,1.2370326143366983e-09,1.237032301705184e-09,1.2370319897989072e-09,1.237031678617912e-09,1.2370313681621154e-09,1.2370310584316054e-09,1.2370307494258507e-09,1.2370304411449726e-09,1.2370301335888647e-09,1.237029826757669e-09,1.2370295206510356e-09,1.2370292152688618e-09,1.237028910611135e-09,1.2370286066777703e-09,1.237028303468569e-09,1.2370280009829987e-09,1.237027699221127e-09,1.2370273981830817e-09,1.2370270978684955e-09,1.2370267982773397e-09,1.2370264994098763e-09,1.2370262012654755e-09,1.237025903844581e-09,1.2370256071464692e-09,1.2370253111716162e-09,1.2370250159196981e-09,1.237024721391079e-09,1.2370244275851763e-09,1.2370241345019118e-09,1.237023842141183e-09,1.2370235505028497e-09,1.2370232595865728e-09,1.2370229693925652e-09,1.237022679920221e-09,1.237022391169959e-09,1.2370221031416057e-09,1.2370218158350651e-09,1.2370215292505464e-09,1.2370212433876378e-09,1.2370209582461813e-09,1.2370206738260402e-09,1.237020390127117e-09,1.237020107149289e-09,1.2370198248924738e-09,1.2370195433565438e-09,1.237019262541429e-09,1.2370189824470132e-09,1.2370187030731806e-09,1.2370184244198135e-09,1.237018146486806e-09,1.2370178692740536e-09,1.2370175927815075e-09,1.2370173170089711e-09,1.2370170419563686e-09,1.2370167676236512e-09,1.2370164940105765e-09,1.2370162211172268e-09,1.2370159489433784e-09,1.2370156774889542e-09,1.2370154067538088e-09,1.2370151367378497e-09,1.2370148674409681e-09,1.2370145988630825e-09,1.2370143310040578e-09,1.2370140638637298e-09,1.2370137974421715e-09,1.2370135317390567e-09,1.237013266754419e-09,1.2370130024881675e-09,1.2370127389399588e-09,1.2370124761098107e-09,1.2370122139980726e-09,1.2370119526040645e-09,1.2370116919279106e-09,1.2370114319694474e-09,1.2370111727283538e-09,1.2370109142048324e-09,1.2370106563987188e-09,1.2370103993099223e-09,1.2370101429382755e-09,1.237009887283677e-09,1.2370096323459976e-09,1.2370093781250357e-09,1.2370091246210274e-09,1.2370088718336663e-09,1.2370086197627794e-09,1.2370083684083492e-09,1.237008117770123e-09,1.237007867848048e-09,1.2370076186419924e-09,1.2370073701520903e-09,1.2370071223785103e-09,1.2370068753205605e-09,1.237006628978029e-09,1.2370063833510981e-09,1.2370061384395664e-09,1.2370058942434512e-09,1.2370056507625175e-09,1.2370054079968445e-09,1.2370051659460106e-09,1.2370049246100723e-09,1.2370046839890118e-09,1.2370044440826185e-09,1.2370042048908192e-09,1.2370039664134622e-09,1.2370037286505554e-09,1.2370034916018956e-09,1.2370032552674177e-09,1.237003019646994e-09,1.2370027847405456e-09,1.237002550547949e-09,1.2370023170690697e-09,1.2370020843038467e-09,1.2370018522521222e-09,1.237001620913842e-09,1.237001390288888e-09,1.2370011603771492e-09,1.237000931178485e-09,1.2370007026928451e-09,1.2370004749200967e-09,1.2370002478601072e-09,1.2370000215128046e-09,1.2369997958779978e-09,1.2369995709557536e-09,1.2369993467458024e-09,1.2369991232481323e-09,1.2369989004626275e-09,1.236998678389157e-09,1.236998457027632e-09,1.236998236377928e-09,1.2369980164399212e-09,1.2369977972135423e-09,1.236997578698684e-09,1.236997360895226e-09,1.23699714380304e-09,1.2369969274220394e-09,1.2369967117521439e-09,1.2369964967931962e-09,1.2369962825451226e-09,1.2369960690078149e-09,1.2369958561811569e-09,1.2369956440650315e-09,1.2369954326593758e-09,1.2369952219640582e-09,1.2369950119788938e-09,1.236994802703987e-09,1.2369945941390183e-09,1.2369943862841382e-09,1.2369941791388902e-09,1.236993972703341e-09,1.2369937669773999e-09,1.2369935619609324e-09,1.2369933576538663e-09,1.236993154056041e-09,1.2369929511673872e-09,1.2369927489876589e-09,1.2369925475169217e-09,1.236992346755049e-09,1.2369921467018977e-09,1.236991947357473e-09,1.2369917487215707e-09,1.2369915507941188e-09,1.2369913535749825e-09,1.2369911570640263e-09,1.2369909612612164e-09,1.2369907661662393e-09,1.2369905717792303e-09,1.2369903780999133e-09,1.2369901851282814e-09,1.2369899928641332e-09,1.2369898013074773e-09,1.2369896104581838e-09,1.236989420315965e-09,1.2369892308812968e-09,1.2369890421536637e-09,1.236988854132947e-09,1.2369886668190864e-09,1.2369884802119292e-09,1.2369882943113885e-09,1.2369881091173738e-09,1.2369879246297608e-09,1.2369877408484465e-09,1.2369875577733472e-09,1.2369873754043076e-09,1.2369871937412444e-09,1.2369870127840836e-09,1.2369868325326782e-09,1.236986652986943e-09,1.236986474146756e-09,1.236986296012034e-09,1.236986118582655e-09,1.2369859418584749e-09,1.236985765839501e-09,1.2369855905255114e-09,1.2369854159164394e-09,1.2369852420121937e-09,1.236985068812662e-09,1.236984896317719e-09,1.2369847245273106e-09,1.2369845534412459e-09,1.2369843830594982e-09,1.2369842133819157e-09,1.2369840444084008e-09,1.2369838761388774e-09,1.2369837085732148e-09,1.2369835417112895e-09,1.2369833755530245e-09,1.236983210098301e-09,1.2369830453470259e-09,1.2369828812990863e-09,1.2369827179543744e-09,1.2369825553127648e-09,1.2369823933741927e-09,1.2369822321385123e-09,1.2369820716056528e-09,1.2369819117754857e-09,1.2369817526478971e-09,1.2369815942228276e-09,1.2369814365001203e-09,1.2369812794796897e-09,1.2369811231614215e-09,1.2369809675452638e-09,1.2369808126310265e-09,1.2369806584186282e-09,1.2369805049080023e-09,1.2369803520990443e-09,1.2369801999915825e-09,1.2369800485855563e-09,1.2369798978808362e-09,1.236979747877367e-09,1.2369795985750146e-09,1.2369794499736527e-09,1.236979302073197e-09,1.236979154873533e-09,1.2369790083745636e-09,1.2369788625761693e-09,1.2369787174782825e-09,1.2369785730807166e-09,1.2369784293834622e-09,1.2369782863863672e-09,1.2369781440893293e-09,1.2369780024922294e-09,1.2369778615949785e-09,1.2369777213974734e-09,1.2369775818995903e-09,1.2369774431012746e-09,1.236977305002334e-09,1.2369771676027543e-09,1.2369770309023496e-09,1.2369768949010888e-09,1.2369767595988024e-09,1.2369766249954387e-09,1.2369764910908503e-09,1.2369763578849454e-09,1.2369762253776274e-09,1.2369760935687923e-09,1.2369759624583028e-09,1.2369758320461012e-09,1.2369757023320687e-09,1.236975573316085e-09,1.2369754449980333e-09,1.2369753173778152e-09,1.2369751904553684e-09,1.2369750642305184e-09,1.2369749387032182e-09,1.2369748138733388e-09,1.2369746897407748e-09,1.2369745663054088e-09,1.2369744435671637e-09,1.2369743215259085e-09,1.2369742001815525e-09,1.2369740795339812e-09,1.2369739595830755e-09,1.236973840328788e-09,1.236973721770958e-09,1.2369736039094843e-09,1.2369734867443116e-09,1.2369733702752636e-09,1.2369732545022747e-09,1.2369731394252117e-09,1.2369730250440179e-09,1.2369729113585414e-09,1.2369727983687047e-09,1.236972686074413e-09,1.2369725744755405e-09,1.236972463571956e-09,1.2369723533636037e-09,1.2369722438503348e-09,1.2369721350321124e-09,1.2369720269088236e-09,1.2369719194802568e-09,1.2369718127463496e-09,1.2369717067070776e-09,1.2369716013622662e-09,1.236971496711819e-09,1.2369713927556254e-09,1.2369712894936772e-09,1.2369711869257738e-09,1.2369710850517376e-09,1.2369709838715762e-09,1.2369708833851332e-09,1.2369707835923183e-09,1.236970684493038e-09,1.2369705860871872e-09,1.236970488374602e-09,1.236970391355307e-09,1.2369702950291284e-09,1.2369701993959515e-09,1.2369701044556352e-09,1.2369700102081287e-09,1.2369699166533455e-09,1.236969823791116e-09,1.2369697316213825e-09,1.236969640144016e-09,1.2369695493588963e-09,1.2369694592659812e-09,1.2369693698651191e-09,1.2369692811562002e-09,1.236969193139158e-09,1.2369691058138435e-09,1.2369690191801768e-09,1.236968933238013e-09,1.2369688479873113e-09,1.236968763427955e-09,1.2369686795598033e-09,1.2369685963827542e-09,1.2369685138967392e-09,1.2369684321015995e-09,1.2369683509973046e-09,1.2369682705837075e-09,1.2369681908606592e-09,1.2369681118281368e-09,1.2369680334859627e-09,1.2369679558340874e-09,1.2369678788724176e-09,1.2369678026007928e-09,1.236967727019097e-09,1.2369676521272926e-09,1.236967577925228e-09,1.236967504412836e-09,1.236967431589986e-09,1.2369673594565772e-09,1.23696728801248e-09,1.2369672172576412e-09,1.2369671471919173e-09,1.2369670778152195e-09,1.2369670091274533e-09,1.236966941128492e-09,1.2369668738182128e-09,1.2369668071965716e-09,1.2369667412634068e-09,1.236966676018647e-09,1.236966611462163e-09,1.2369665475938766e-09,1.236966484413683e-09,1.2369664219214658e-09,1.2369663601171232e-09,1.2369662990005305e-09,1.2369662385716102e-09,1.2369661788302672e-09,1.2369661197763575e-09,1.2369660614097947e-09,1.2369660037304664e-09,1.2369659467382917e-09,1.2369658904331786e-09,1.2369658348149567e-09,1.2369657798835968e-09,1.236965725638956e-09,1.2369656720809247e-09,1.2369656192093874e-09,1.2369655670242846e-09,1.2369655155254806e-09,1.2369654647127966e-09,1.2369654145862478e-09,1.2369653651456697e-09,1.2369653163910167e-09,1.2369652683221197e-09,1.2369652209389086e-09,1.2369651742412436e-09,1.236965128229081e-09,1.2369650829023025e-09,1.2369650382607485e-09,1.2369649943043718e-09,1.2369649510330414e-09,1.2369649084466843e-09,1.2369648665451555e-09,1.2369648253283433e-09,1.2369647847962424e-09,1.2369647449486019e-09,1.2369647057854336e-09,1.2369646673065402e-09,1.2369646295118894e-09,1.2369645924013517e-09,1.2369645559748352e-09,1.2369645202322201e-09,1.23696448517342e-09,1.236964450798294e-09,1.2369644171067864e-09,1.2369643840987611e-09,1.2369643517741301e-09,1.236964320132775e-09,1.2369642891745922e-09,1.2369642588994689e-09,1.2369642293073436e-09,1.2369642003980676e-09,1.2369641721715741e-09,1.2369641446277358e-09,1.2369641177664262e-09,1.2369640915875718e-09,1.2369640660910533e-09,1.2369640412767825e-09,1.2369640171446378e-09,1.2369639936945567e-09,1.2369639709263723e-09,1.2369639488400494e-09,1.2369639274354266e-09,1.2369639067124206e-09,1.2369638866709469e-09,1.2369638673108709e-09,1.2369638486321169e-09,1.236963830634556e-09,1.2369638133180804e-09,1.2369637966825944e-09,1.2369637807280295e-09,1.2369637654542383e-09,1.2369637508611267e-09,1.2369637369485795e-09,1.2369637237165257e-09,1.2369637111648647e-09,1.2369636992934246e-09,1.2369636881021955e-09,1.2369636775909716e-09,1.236963667759706e-09,1.2369636586083172e-09,1.2369636501366397e-09,1.2369636423446165e-09,1.2369636352321437e-09,1.2369636287990753e-09,1.236963623045354e-09,1.2369636179708387e-09,1.23696361357549e-09,1.236963609859138e-09,1.2369636068216838e-09,1.2369636044630904e-09,1.2369636027831618e-09,1.2369636017818543e-09,1.2369636014590322e-09,1.23696360181463e-09,1.2369636028484967e-09,1.2369636045605724e-09,1.2369636069507302e-09,1.2369636100188403e-09,1.236963613764851e-09,1.236963618188617e-09,1.2369636232900507e-09,1.2369636290690654e-09,1.2369636355255467e-09,1.236963642659387e-09,1.2369636504704703e-09,1.2369636589587124e-09,1.2369636681239964e-09,1.2369636779662295e-09,1.2369636884853148e-09,1.2369636996811353e-09,1.2369637115535722e-09,1.2369637241025555e-09,1.2369637373279646e-09,1.236963751229668e-09,1.236963765807615e-09,1.236963781061676e-09,1.236963796991756e-09,1.2369638135977258e-09,1.2369638308795107e-09,1.2369638488369748e-09,1.236963867470084e-09,1.236963886778673e-09,1.2369639067626497e-09,1.236963927421923e-09,1.2369639487563845e-09,1.2369639707659131e-09,1.2369639934504218e-09,1.236964016809821e-09,1.236964040843964e-09,1.236964065552823e-09,1.2369640909362275e-09,1.2369641169940759e-09,1.2369641437262901e-09,1.2369641711327436e-09,1.236964199213364e-09,1.2369642279680588e-09,1.2369642573966771e-09,1.2369642874991447e-09,1.2369643182753427e-09,1.236964349725182e-09,1.2369643818485449e-09,1.2369644146453088e-09,1.2369644481154534e-09,1.2369644822588073e-09,1.2369645170753076e-09,1.2369645525647637e-09,1.2369645887271678e-09,1.2369646255623406e-09,1.2369646630702648e-09,1.23696470125077e-09,1.2369647401037734e-09,1.2369647796290877e-09,1.236964819826779e-09,1.2369648606966275e-09,1.2369649022385533e-09,1.2369649444525219e-09,1.2369649873383583e-09,1.236965030895945e-09,1.2369650751251973e-09,1.2369651200260238e-09,1.2369651655982125e-09,1.236965211841726e-09,1.2369652587566748e-09,1.2369653063427548e-09,1.2369653545997534e-09,1.2369654035277046e-09,1.236965453126665e-09,1.2369655033962631e-09,1.2369655543366124e-09,1.2369656059475082e-09,1.2369656582287888e-09,1.2369657111804887e-09,1.236965764802341e-09,1.2369658190943174e-09,1.2369658740563942e-09,1.2369659296883084e-09,1.236965985990051e-09,1.2369660429615199e-09,1.2369661006026055e-09,1.236966158913171e-09,1.2369662178931549e-09,1.2369662775424407e-09,1.2369663378609289e-09,1.2369663988485497e-09,1.2369664605051258e-09,1.236966522830598e-09,1.2369665858248764e-09,1.236966649487851e-09,1.2369667138193923e-09,1.236966778819453e-09,1.236966844487842e-09,1.2369669108244925e-09,1.2369669778293235e-09,1.2369670455023248e-09,1.2369671138431412e-09,1.2369671828519283e-09,1.2369672525284234e-09,1.2369673228726314e-09,1.2369673938841702e-09,1.2369674655633424e-09,1.2369675379098555e-09,1.2369676109236299e-09,1.236967684604524e-09,1.2369677589525504e-09,1.2369678339674264e-09,1.2369679096491579e-09,1.236967985997613e-09,1.2369680630127061e-09,1.2369681406943217e-09,1.2369682190423675e-09,1.2369682980567337e-09,1.236968377737318e-09,1.2369684580840935e-09,1.2369685390968065e-09,1.236968620775445e-09,1.2369687031198818e-09,1.2369687861300422e-09,1.236968869805796e-09,1.2369689541470342e-09,1.23696903915372e-09,1.2369691248256792e-09,1.2369692111628537e-09,1.2369692981651026e-09,1.2369693858323401e-09,1.2369694741644446e-09,1.2369695631613648e-09,1.2369696528229586e-09,1.2369697431491202e-09,1.2369698341397712e-09,1.2369699257947898e-09,1.2369700181140613e-09,1.2369701110975423e-09,1.2369702047450833e-09,1.2369702990566167e-09,1.236970394031994e-09,1.2369704896712789e-09,1.2369705859739642e-09,1.2369706829402828e-09,1.2369707805700191e-09,1.236970878863142e-09,1.2369709778195467e-09,1.2369710774391369e-09,1.236971177721768e-09,1.2369712786672855e-09,1.2369713802756473e-09,1.236971482546719e-09,1.2369715854804425e-09,1.2369716890767068e-09,1.2369717933352642e-09,1.236971898256251e-09,1.2369720038393937e-09,1.2369721100847333e-09,1.236972216992111e-09,1.2369723245613778e-09,1.2369724327924747e-09,1.236972541685252e-09,1.2369726512396457e-09,1.2369727614555846e-09,1.236972872332888e-09,1.2369729838715045e-09,1.236973096071357e-09,1.236973208932274e-09,1.2369733224540644e-09,1.2369734366369168e-09,1.2369735514803942e-09,1.236973666984684e-09,1.236973783149611e-09,1.2369738999750085e-09,1.2369740174608079e-09,1.2369741356067498e-09,1.23697425441299e-09,1.236974373879601e-09,1.236974494005876e-09,1.2369746147920746e-09,1.2369747362380243e-09,1.2369748583436391e-09,1.2369749811088232e-09,1.2369751045332915e-09,1.236975228617001e-09,1.2369753533602806e-09,1.2369754787627023e-09,1.2369756048241031e-09,1.236975731544636e-09,1.2369758589239532e-09,1.2369759869619868e-09,1.2369761156586682e-09,1.2369762450139441e-09,1.2369763750275225e-09,1.2369765056995643e-09,1.2369766370298526e-09,1.236976769018307e-09,1.2369769016648102e-09,1.2369770349692247e-09,1.236977168931457e-09,1.236977303551466e-09,1.23697743882915e-09,1.2369775747642726e-09,1.236977711356873e-09,1.236977848606502e-09,1.2369779865136448e-09,1.2369781250778495e-09,1.2369782642991177e-09,1.2369784041772829e-09,1.236978544712261e-09,1.2369786859042425e-09,1.2369788277525254e-09,1.236978970257389e-09,1.2369791134186615e-09,1.236979257236209e-09,1.2369794017100003e-09,1.2369795468398663e-09,1.2369796926257474e-09,1.236979839067547e-09,1.2369799861651489e-09,1.2369801339184374e-09,1.2369802823273326e-09,1.236980431391912e-09,1.2369805811113545e-09,1.236980731486409e-09,1.2369808825167617e-09,1.2369810342021526e-09,1.2369811865425033e-09,1.236981339537673e-09,1.236981493187322e-09,1.2369816474917215e-09,1.2369818024506487e-09,1.2369819580640562e-09,1.2369821143321855e-09,1.2369822712545993e-09,1.23698242883119e-09,1.2369825870618127e-09,1.2369827459463907e-09,1.23698290548468e-09,1.2369830656768874e-09,1.2369832265227527e-09,1.2369833880221553e-09,1.2369835501750646e-09,1.2369837129813208e-09,1.2369838764406684e-09,1.2369840405532802e-09,1.2369842053190002e-09,1.2369843707374766e-09,1.23698453680905e-09,1.2369847035333684e-09,1.2369848709103263e-09,1.2369850389398127e-09,1.2369852076217737e-09,1.2369853769560822e-09,1.236985546942525e-09,1.2369857175812902e-09,1.2369858888720964e-09,1.2369860608148568e-09,1.2369862334094723e-09,1.2369864066558064e-09,1.2369865805537932e-09,1.2369867551033e-09,1.2369869303042534e-09,1.2369871061565492e-09,1.2369872826600583e-09,1.2369874598147346e-09,1.236987637620442e-09,1.2369878160770433e-09,1.236987995184601e-09,1.2369881749428364e-09,1.2369883553516898e-09,1.236988536411034e-09,1.2369887181207819e-09,1.2369889004808864e-09,1.2369890834912116e-09,1.2369892671513462e-09,1.23698945146176e-09,1.2369896364217585e-09,1.2369898220319534e-09,1.2369900082919154e-09,1.2369901952015732e-09,1.236990382760528e-09,1.2369905709689494e-09,1.236990759826689e-09,1.2369909493336152e-09,1.2369911394896875e-09,1.2369913302947677e-09,1.2369915217487084e-09,1.2369917138515836e-09,1.236991906603088e-09,1.2369921000030897e-09,1.236992294051625e-09,1.2369924887486598e-09,1.2369926840942814e-09,1.2369928800878167e-09,1.2369930767294968e-09,1.2369932740190716e-09,1.2369934719565984e-09,1.2369936705419136e-09,1.2369938697748985e-09,1.2369940696555918e-09,1.2369942701834539e-09,1.2369944713589708e-09,1.236994673181754e-09,1.2369948756516396e-09,1.2369950787687083e-09,1.2369952825327332e-09,1.2369954869436865e-09,1.2369956920014293e-09,1.2369958977056366e-09,1.2369961040566486e-09,1.2369963110541475e-09,1.2369965186980528e-09,1.2369967269881625e-09,1.2369969359245394e-09,1.2369971455071682e-09,1.2369973557354869e-09,1.2369975666098024e-09,1.236997778129827e-09,1.236997990295033e-09,1.2369982031063937e-09,1.2369984165627858e-09,1.2369986306650237e-09,1.2369988454125291e-09,1.2369990608047114e-09,1.2369992768423673e-09,1.2369994935250128e-09,1.2369997108521833e-09,1.236999928824255e-09,1.2370001474410417e-09,1.2370003667027387e-09,1.237000586608866e-09,1.2370008071593138e-09,1.2370010283540092e-09,1.2370012501928615e-09,1.2370014726758463e-09,1.2370016958027653e-09,1.23700191957353e-09,1.2370021439877697e-09,1.237002369045721e-09,1.2370025947475578e-09,1.2370028210928714e-09,1.2370030480815664e-09,1.2370032757135038e-09,1.2370035039886116e-09,1.2370037329067903e-09,1.2370039624679352e-09,1.237004192671953e-09,1.2370044235187327e-09,1.2370046550081847e-09,1.237004887140202e-09,1.237005119914681e-09,1.2370053533315096e-09,1.2370055873906075e-09,1.237005822091858e-09,1.2370060574351537e-09,1.2370062934204436e-09,1.2370065300475382e-09,1.2370067673163793e-09,1.2370070052269844e-09,1.2370072437791016e-09,1.2370074829726909e-09,1.2370077228077482e-09,1.2370079632838784e-09,1.2370082044011785e-09,1.237008446159435e-09,1.237008688558713e-09,1.2370089315988866e-09,1.2370091752798803e-09,1.237009419601496e-09,1.2370096645636696e-09,1.237009910166259e-09,1.2370101564092285e-09,1.2370104032924751e-09,1.2370106508158884e-09,1.2370108989793316e-09,1.2370111477827668e-09,1.2370113972259883e-09,1.2370116473090214e-09,1.2370118980316837e-09,1.237012149393923e-09,1.2370124013955813e-09,1.2370126540366584e-09,1.2370129073170614e-09,1.2370131612364895e-09,1.237013415794984e-09,1.2370136709921662e-09,1.2370139268285213e-09,1.2370141833036126e-09,1.2370144404174245e-09,1.2370146981697379e-09,1.2370149565605179e-09,1.23701521558966e-09,1.2370154752570143e-09,1.2370157355625466e-09,1.2370159965054226e-09,1.2370162580870104e-09,1.237016520306569e-09,1.2370167831637376e-09,1.2370170466584826e-09,1.2370173107907927e-09,1.237017575560604e-09,1.2370178409677718e-09,1.2370181070121653e-09,1.2370183736937402e-09,1.2370186410123813e-09,1.2370189089680223e-09,1.237019177560123e-09,1.237019446789387e-09,1.2370197166552658e-09,1.2370199871576454e-09,1.2370202582965763e-09,1.2370205300717952e-09,1.2370208024833043e-09,1.2370210755310358e-09,1.2370213492148014e-09,1.237021623534452e-09,1.2370218984900415e-09,1.2370221740814037e-09,1.2370224503084954e-09,1.237022727170986e-09,1.2370230046689187e-09,1.2370232828021966e-09,1.2370235615707691e-09,1.2370238409744916e-09,1.23702412101322e-09,1.2370244016871065e-09,1.2370246829958657e-09,1.2370249649394301e-09,1.2370252475177128e-09,1.2370255307303855e-09,1.23702581457772e-09,1.237026099059384e-09,1.2370263841749896e-09,1.2370266699248673e-09,1.2370269563087222e-09,1.237027243327026e-09,1.2370275309789004e-09,1.2370278192644741e-09,1.2370281081835896e-09,1.237028397736525e-09,1.2370286879227964e-09,1.2370289787424762e-09,1.2370292701956965e-09,1.2370295622819797e-09,1.2370298550012605e-09,1.2370301483534712e-09,1.237030442338546e-09,1.2370307369563676e-09,1.2370310322067703e-09,1.2370313280897578e-09,1.237031624605212e-09,1.2370319217530367e-09,1.2370322195331624e-09,1.2370325179454133e-09,1.2370328169898111e-09,1.237033116666089e-09,1.2370334169742235e-09,1.2370337179141574e-09,1.2370340194857872e-09,1.2370343216889893e-09,1.2370346245236722e-09,1.237034927989661e-09,1.2370352320869518e-09,1.2370355368154275e-09,1.2370358421749684e-09,1.2370361481655032e-09,1.2370364547869056e-09,1.2370367620390953e-09,1.2370370699219756e-09,1.2370373784354423e-09,1.2370376875793746e-09,1.2370379973537296e-09,1.2370383077583513e-09,1.23703861879316e-09,1.2370389304580824e-09,1.2370392427529708e-09,1.2370395556777549e-09,1.2370398692326625e-09,1.2370401834173165e-09,1.2370404982316163e-09,1.2370408136759288e-09,1.2370411297489786e-09,1.237041446451605e-09,1.2370417637834508e-09,1.237042081744194e-09,1.237042400333878e-09,1.2370427195520035e-09,1.2370430393991718e-09,1.2370433598754342e-09,1.2370436809798043e-09,1.2370440027127026e-09,1.237044325074011e-09,1.2370446480636446e-09,1.2370449716814995e-09,1.237045295927474e-09,1.237045620801442e-09,1.2370459463032456e-09,1.2370462724329428e-09,1.2370465991902586e-09,1.2370469265753068e-09,1.2370472545878348e-09,1.237047583227883e-09,1.237047912495156e-09,1.237048242389786e-09,1.2370485729113666e-09,1.2370489040600262e-09,1.2370492358355848e-09,1.2370495682379348e-09,1.2370499012673908e-09,1.2370502349231205e-09,1.2370505692054058e-09,1.2370509041140854e-09,1.2370512396491947e-09,1.2370515758104849e-09,1.237051912597855e-09,1.2370522500113023e-09,1.2370525880506657e-09,1.2370529267159701e-09,1.2370532660068957e-09,1.2370536059234307e-09,1.2370539464655433e-09,1.237054287633054e-09,1.2370546294259362e-09,1.2370549718440472e-09,1.237055314887434e-09,1.2370556585558787e-09,1.2370560028491387e-09,1.2370563477672227e-09,1.2370566933101194e-09,1.2370570394778142e-09,1.237057386269867e-09,1.2370577336863934e-09,1.2370580817273192e-09,1.237058430392485e-09,1.2370587796818676e-09,1.2370591295953349e-09,1.2370594801335378e-09,1.2370598312947148e-09,1.2370601830796993e-09,1.2370605354883878e-09,1.2370608885207495e-09,1.237061242176464e-09,1.2370615964555031e-09,1.2370619513577066e-09,1.2370623068842077e-09,1.2370626630327054e-09,1.2370630198041843e-09,1.2370633771985182e-09,1.2370637352155592e-09,1.237064093855396e-09,1.2370644531179258e-09,1.2370648130028135e-09,1.237065173510145e-09,1.2370655346397045e-09,1.2370658963914859e-09,1.2370662587653498e-09,1.237066621761083e-09,1.2370669853788138e-09,1.2370673496190115e-09,1.2370677144802384e-09,1.23706807996294e-09,1.237068446067244e-09,1.2370688127943228e-09,1.2370691801414957e-09,1.2370695481098534e-09,1.2370699166996956e-09,1.2370702859102112e-09,1.2370706557414777e-09,1.2370710261939271e-09,1.2370713972667055e-09,1.2370717689602246e-09,1.2370721412749812e-09,1.2370725142093457e-09,1.237072887763976e-09,1.2370732619388396e-09,1.237073636733861e-09,1.2370740121489152e-09,1.2370743881838977e-09,1.2370747648387223e-09,1.2370751421132838e-09,1.2370755200074774e-09,1.2370758985219351e-09,1.2370762776553743e-09,1.2370766574085518e-09,1.2370770377792919e-09,1.237077418770572e-09,1.2370778003808103e-09,1.2370781826099515e-09,1.2370785654557506e-09,1.2370789489222408e-09,1.2370793330075598e-09,1.2370797177112043e-09,1.237080103033204e-09,1.2370804889737873e-09,1.2370808755325797e-09,1.2370812627096092e-09,1.2370816505050663e-09,1.2370820389180405e-09,1.2370824279479114e-09,1.2370828175965791e-09,1.2370832078628452e-09,1.2370835987467198e-09,1.2370839902480905e-09,1.2370843823674138e-09,1.237084775103929e-09,1.2370851684570514e-09,1.2370855624272798e-09,1.2370859570145845e-09,1.2370863522187695e-09,1.2370867480396859e-09,1.2370871444772966e-09,1.2370875415316108e-09,1.2370879392023212e-09,1.2370883374904175e-09,1.2370887363937737e-09,1.2370891359134403e-09,1.2370895360491698e-09,1.2370899368010418e-09,1.2370903381687507e-09,1.2370907401530217e-09,1.2370911427523209e-09,1.2370915459671928e-09,1.237091949797639e-09,1.237092354243405e-09,1.2370927593045897e-09,1.237093164981004e-09,1.2370935712725416e-09,1.237093978179131e-09,1.237094385700654e-09,1.2370947938370044e-09,1.2370952025880932e-09,1.2370956119538369e-09,1.2370960219341187e-09,1.2370964325290162e-09,1.2370968437380953e-09,1.2370972555613424e-09,1.2370976679989125e-09,1.2370980810504608e-09,1.2370984947159782e-09,1.2370989089953684e-09,1.237099323888478e-09,1.2370997393952568e-09,1.2371001555156534e-09,1.2371005722494995e-09,1.2371009895967338e-09,1.2371014075571988e-09,1.2371018261311e-09,1.2371022453178586e-09,1.2371026651173188e-09,1.2371030855300259e-09,1.2371035065554747e-09,1.2371039281936405e-09,1.2371043504443665e-09,1.2371047733076363e-09,1.237105196783252e-09,1.2371056208712203e-09,1.23710604557141e-09,1.2371064708836775e-09,1.2371068968077337e-09,1.2371073233439692e-09,1.2371077504919084e-09,1.2371081782516405e-09,1.237108606622993e-09,1.2371090356058821e-09,1.2371094652002419e-09,1.2371098954062492e-09,1.2371103262232167e-09,1.237110757651245e-09,1.2371111896902134e-09,1.2371116223407005e-09,1.2371120556015183e-09,1.2371124894731455e-09,1.2371129239554264e-09,1.2371133590499042e-09,1.237113794753206e-09,1.2371142310668617e-09,1.237114667990782e-09,1.2371151055248318e-09,1.2371155436689629e-09,1.2371159824230612e-09,1.2371164217866598e-09,1.2371168617604317e-09,1.2371173023439196e-09,1.2371177435372224e-09,1.2371181853403811e-09,1.2371186277523944e-09,1.2371190707736194e-09,1.2371195144040912e-09,1.2371199586436171e-09,1.2371204034921763e-09,1.2371208489496227e-09,1.2371212950158461e-09,1.237121741690817e-09,1.2371221889743825e-09,1.237122636866478e-09,1.2371230853670545e-09,1.2371235344757665e-09,1.2371239841933434e-09,1.2371244345176188e-09,1.2371248854512003e-09,1.2371253369923773e-09,1.2371257891415337e-09,1.2371262418983837e-09,1.2371266952627702e-09,1.237127149234717e-09,1.2371276038140902e-09,1.2371280590007874e-09,1.2371285147948033e-09,1.2371289711958984e-09,1.2371294282041247e-09,1.237129885819368e-09,1.2371303440414363e-09,1.2371308028703015e-09,1.2371312623055386e-09,1.237131722347651e-09,1.2371321829962186e-09,1.2371326442511903e-09,1.2371331061124631e-09,1.2371335685799464e-09,1.237134031653497e-09,1.2371344953330962e-09,1.2371349596184534e-09,1.2371354245103932e-09,1.2371358900089117e-09,1.2371363561117303e-09,1.2371368228198436e-09,1.2371372901328846e-09,1.2371377580517761e-09,1.2371382265760022e-09,1.2371386957052807e-09,1.237139165439552e-09,1.237139635778788e-09,1.2371401067228421e-09,1.2371405782716545e-09,1.2371410504250969e-09,1.23714152318312e-09,1.2371419965455684e-09,1.2371424705124028e-09,1.2371429450834877e-09,1.2371434202587262e-09,1.2371438960380273e-09,1.23714437242123e-09,1.2371448494083111e-09,1.2371453269991962e-09,1.237145805193766e-09,1.2371462839919066e-09,1.2371467633935106e-09,1.2371472433985248e-09,1.2371477240068583e-09,1.2371482052183777e-09,1.2371486870329747e-09,1.2371491694506158e-09,1.2371496524711617e-09,1.2371501360945098e-09,1.2371506203205868e-09,1.2371511051492694e-09,1.2371515905804714e-09,1.2371520766141154e-09,1.23715256325008e-09,1.2371530504882814e-09,1.2371535383285944e-09,1.2371540267709985e-09,1.2371545158152894e-09,1.2371550054614264e-09,1.2371554957092892e-09,1.237155986558758e-09,1.2371564780096795e-09,1.2371569700615563e-09,1.2371574627153717e-09,1.2371579559705674e-09,1.237158449826968e-09,1.2371589442845023e-09,1.237159439343017e-09,1.2371599350024577e-09,1.2371604312626756e-09,1.237160928123652e-09,1.2371614255852133e-09,1.2371619236472868e-09,1.237162422309744e-09,1.2371629215725817e-09,1.2371634214356169e-09,1.2371639218987912e-09,1.2371644229619885e-09,1.2371649246251125e-09,1.2371654268881055e-09,1.2371659297508224e-09,1.2371664332131643e-09,1.2371669372750818e-09,1.2371674419364347e-09,1.2371679471971652e-09,1.2371684530571531e-09,1.2371689595163098e-09,1.2371694665745521e-09,1.237169974231767e-09,1.237170482487833e-09,1.2371709913427e-09,1.237171500796241e-09,1.237172010848362e-09,1.237172521499083e-09,1.2371730327481765e-09,1.2371735445956004e-09,1.2371740570412273e-09,1.2371745700849569e-09,1.2371750837267035e-09,1.237175597966338e-09,1.237176112803837e-09,1.2371766282390627e-09,1.237177144271894e-09,1.2371776609022563e-09,1.2371781781300782e-09,1.2371786959553137e-09,1.2371792143777151e-09,1.2371797333971676e-09,1.2371802530137986e-09,1.2371807732273876e-09,1.2371812940378452e-09,1.2371818154450442e-09,1.237182337448945e-09,1.237182860049368e-09,1.2371833832463272e-09,1.2371839070396452e-09,1.2371844314292278e-09,1.237184956415065e-09,1.23718548199697e-09,1.2371860081749084e-09,1.2371865349487362e-09,1.237187062318381e-09,1.2371875902837626e-09,1.237188118844774e-09,1.2371886480012232e-09,1.2371891777530654e-09,1.2371897081002303e-09,1.2371902390419732e-09,1.2371907705795302e-09,1.2371913027123502e-09,1.2371918354399355e-09,1.237192368762445e-09,1.237192902679904e-09,1.2371934371918792e-09,1.237193972298451e-09,1.2371945079994597e-09,1.2371950442948843e-09,1.2371955811846264e-09,1.2371961186684918e-09,1.2371966567466133e-09,1.237197195417772e-09,1.2371977346835552e-09,1.2371982745428221e-09,1.237198814995883e-09,1.2371993560425567e-09,1.2371998976830872e-09,1.2372004399170281e-09,1.2372009827444362e-09,1.237201526165014e-09,1.2372020701789803e-09,1.2372026147858737e-09,1.2372031599851573e-09,1.23720370577778e-09,1.237204252163114e-09,1.2372047991410837e-09,1.2372053467115078e-09,1.2372058948749137e-09,1.2372064436302781e-09,1.2372069929779399e-09,1.2372075429175615e-09,1.2372080934495738e-09,1.2372086445735563e-09,1.2372091962894527e-09,1.2372097485971497e-09,1.237210301496536e-09,1.2372108549875355e-09,1.237211409070042e-09,1.2372119637439596e-09,1.2372125190092508e-09,1.2372130748656546e-09,1.2372136313132565e-09,1.2372141883519681e-09,1.2372147459816717e-09,1.2372153042022042e-09,1.2372158630135341e-09,1.2372164224155318e-09,1.2372169824080667e-09,1.237217542991076e-09,1.2372181041644983e-09,1.2372186659281675e-09,1.2372192282819916e-09,1.237219791225926e-09,1.237220354759842e-09,1.2372209188836937e-09,1.2372214835973555e-09,1.237222048900737e-09,1.2372226147937553e-09,1.2372231812763075e-09,1.2372237483482857e-09,1.2372243160094332e-09,1.2372248842598656e-09,1.2372254530995341e-09,1.2372260225289423e-09,1.237226592547991e-09,1.2372271631547422e-09,1.2372277343496346e-09,1.2372283061336877e-09,1.2372288785063158e-09,1.2372294514674255e-09,1.2372300250169428e-09,1.237230599154727e-09,1.2372311738807277e-09,1.2372317491948433e-09,1.2372323250969797e-09,1.2372329015869997e-09,1.2372334786648565e-09,1.2372340563304318e-09,1.2372346345836516e-09,1.2372352134243841e-09,1.2372357928525714e-09,1.2372363728681786e-09,1.2372369534710432e-09,1.2372375346611006e-09,1.2372381164381709e-09,1.2372386988022548e-09,1.237239281753185e-09,1.237239865290921e-09,1.2372404494153439e-09,1.2372410341263768e-09,1.2372416194238717e-09,1.2372422053077957e-09,1.237242791778027e-09,1.237243378833843e-09,1.2372439664764032e-09,1.237244554705026e-09,1.2372451435195572e-09,1.2372457329199141e-09,1.23724632290598e-09,1.2372469134781664e-09,1.237247504635468e-09,1.237248096378103e-09,1.2372486887063478e-09,1.237249281620373e-09,1.237249875119333e-09,1.2372504692027349e-09,1.2372510638716993e-09,1.2372516591252573e-09,1.237252254963618e-09,1.237252851386679e-09,1.2372534483943451e-09,1.2372540459865497e-09,1.2372546441631436e-09,1.2372552429240384e-09,1.2372558422691798e-09,1.237256442198441e-09,1.237257042711719e-09,1.237257643808795e-09,1.2372582454899518e-09,1.2372588477548887e-09,1.2372594506035051e-09,1.2372600540359159e-09,1.2372606580515467e-09,1.2372612626505772e-09,1.2372618678326557e-09,1.2372624735982054e-09,1.2372630799468565e-09,1.237263686878495e-09,1.2372642943930826e-09,1.2372649024904378e-09,1.2372655111705764e-09,1.2372661204333402e-09,1.2372667302786169e-09,1.2372673407064298e-09,1.2372679517167966e-09,1.2372685633091588e-09,1.2372691754837002e-09,1.2372697882402728e-09,1.237270401578947e-09,1.2372710154994743e-09,1.2372716300020386e-09,1.237272245085989e-09,1.237272860751445e-09,1.2372734769989658e-09,1.2372740938273866e-09,1.2372747112368134e-09,1.2372753292278275e-09,1.2372759477997966e-09,1.2372765669537547e-09,1.2372771866837721e-09,1.2372778069974666e-09,1.2372784278931467e-09,1.2372790493693908e-09,1.2372796714262367e-09,1.237280294063424e-09,1.2372809172811293e-09,1.2372815410791548e-09,1.2372821654584739e-09,1.2372827904165064e-09,1.2372834159543926e-09,1.237284042072609e-09,1.2372846687706388e-09,1.2372852960483365e-09,1.2372859239056927e-09,1.237286552342604e-09,1.2372871813589312e-09,1.2372878109546257e-09,1.2372884411295462e-09,1.2372890718836776e-09,1.237289703216882e-09,1.2372903351290585e-09,1.2372909676200094e-09,1.2372916006898397e-09,1.237292234338263e-09,1.23729286856526e-09,1.2372935033708374e-09,1.2372941387548717e-09,1.2372947747171667e-09,1.237295411257692e-09,1.237296048376372e-09,1.237296686073065e-09,1.2372973243477152e-09,1.2372979632002e-09,1.2372986026304354e-09,1.2372992426383291e-09,1.2372998832238005e-09,1.2373005243867767e-09,1.2373011661271394e-09,1.2373018084447994e-09,1.2373024513397468e-09,1.2373030948116866e-09,1.2373037388606255e-09,1.237304383486554e-09,1.2373050286892454e-09,1.2373056744687745e-09,1.2373063208247837e-09,1.2373069677573482e-09,1.2373076152661532e-09,1.237308263351403e-09,1.2373089120128808e-09,1.237309561250537e-09,1.237310211064381e-09,1.2373108614542061e-09,1.2373115124199298e-09,1.2373121639613279e-09,1.237312816078731e-09,1.2373134687718517e-09,1.237314122039361e-09,1.237314775884125e-09,1.2373154303031831e-09,1.237316085297469e-09,1.2373167408668975e-09,1.237317397011371e-09,1.237318053730813e-09,1.2373187110257355e-09,1.2373193688917311e-09,1.2373200273335485e-09,1.2373206863492597e-09,1.2373213459427964e-09,1.2373220061101223e-09,1.2373226668518541e-09,1.2373233281668707e-09,1.237323990056426e-09,1.2373246525203803e-09,1.2373253155581344e-09,1.2373259791697706e-09,1.237326643355103e-09,1.2373273081140951e-09,1.2373279734466324e-09,1.2373286393526613e-09,1.237329305832033e-09,1.2373299728847158e-09,1.2373306405098339e-09,1.237331308708762e-09,1.2373319774790881e-09,1.2373326468239105e-09,1.2373333167417542e-09,1.2373339872318526e-09,1.237334658294846e-09,1.2373353299316758e-09,1.2373360021362237e-09,1.2373366749165484e-09,1.2373373482690852e-09,1.2373380221940009e-09,1.237338696690816e-09,1.2373393717593702e-09,1.2373400474000942e-09,1.2373407236119467e-09,1.2373414003949258e-09,1.2373420777507794e-09,1.2373427556780302e-09,1.237343434176665e-09,1.237344113246659e-09,1.2373447928864604e-09,1.237345473098716e-09,1.237346153880941e-09,1.2373468352329603e-09,1.2373475171581387e-09,1.2373481996540072e-09,1.237348882720472e-09,1.2373495663575085e-09,1.2373502505650787e-09,1.2373509353430053e-09,1.2373516206912273e-09,1.237352306609666e-09,1.237352993098238e-09,1.2373536801571183e-09,1.2373543677851279e-09,1.237355055983467e-09,1.2373557447518052e-09,1.2373564340898959e-09,1.237357123997453e-09,1.2373578144743683e-09,1.2373585055206844e-09,1.2373591971362562e-09,1.237359889321061e-09,1.2373605820749479e-09,1.2373612753978629e-09,1.2373619692896773e-09,1.2373626637503083e-09,1.2373633587796882e-09,1.237364054377693e-09,1.2373647505442727e-09,1.2373654472792992e-09,1.2373661445826658e-09,1.2373668424543169e-09,1.2373675408941358e-09,1.2373682399020782e-09,1.2373689394780563e-09,1.237369639622088e-09,1.237370340333879e-09,1.2373710416133766e-09,1.2373717434618151e-09,1.2373724458764838e-09,1.237373148858611e-09,1.237373852407956e-09,1.2373745565243997e-09,1.2373752612082111e-09,1.237375966459142e-09,1.2373766722769974e-09,1.2373773786616383e-09,1.237378085613294e-09,1.2373787931305458e-09,1.2373795012155195e-09,1.2373802098665607e-09,1.2373809190840165e-09,1.23738162886781e-09,1.2373823392171935e-09,1.2373830501328662e-09,1.2373837616146327e-09,1.2373844736624133e-09,1.2373851862767042e-09,1.2373858994560381e-09,1.237386613202234e-09,1.2373873275136091e-09,1.2373880423911533e-09,1.2373887578341017e-09,1.2373894738416382e-09,1.2373901904144258e-09,1.2373909075523276e-09,1.2373916252553086e-09,1.2373923435231962e-09,1.2373930623559758e-09,1.2373937817535093e-09,1.2373945017152432e-09,1.2373952222390624e-09,1.2373959433297415e-09,1.2373966649855316e-09,1.2373973872057626e-09,1.2373981099899679e-09,1.237398833338757e-09,1.2373995572508152e-09,1.237400281727245e-09,1.2374010067682004e-09,1.2374017323720684e-09,1.2374024585399874e-09,1.2374031852718938e-09,1.2374039125664707e-09,1.23740464042435e-09,1.2374053688456335e-09,1.2374060978277023e-09,1.237406827375667e-09,1.2374075574864738e-09,1.237408288160337e-09,1.2374090193967303e-09,1.2374097511960046e-09,1.2374104835580868e-09,1.2374112164820309e-09,1.2374119499689832e-09,1.2374126840182454e-09,1.2374134186298488e-09,1.2374141538034915e-09,1.2374148895391709e-09,1.2374156258368933e-09,1.2374163626957719e-09,1.2374171001158065e-09,1.2374178380989836e-09,1.2374185766437539e-09,1.2374193157502053e-09,1.2374200554180651e-09,1.2374207956477668e-09,1.2374215364380448e-09,1.2374222777899888e-09,1.2374230197030745e-09,1.237423762177134e-09,1.2374245052117466e-09,1.2374252488083951e-09,1.2374259929645612e-09,1.2374267376820307e-09,1.2374274829576075e-09,1.2374282287954064e-09,1.2374289751934846e-09,1.237429722151743e-09,1.2374304696716856e-09,1.2374312177503853e-09,1.2374319663890595e-09,1.2374327155876383e-09,1.2374334653459966e-09,1.2374342156625028e-09,1.2374349665402513e-09,1.2374357179770618e-09,1.2374364699751288e-09,1.2374372225329785e-09,1.2374379756502922e-09,1.237438729326101e-09,1.237439483559697e-09,1.2374402383523578e-09,1.2374409937037712e-09,1.2374417496140069e-09,1.23744250608297e-09,1.237443263110543e-09,1.237444020696697e-09,1.2374447788412054e-09,1.2374455375441062e-09,1.2374462968047413e-09,1.237447056623984e-09,1.2374478170010684e-09,1.2374485779379278e-09,1.2374493394317994e-09,1.2374501014828632e-09,1.2374508640916437e-09,1.237451627258088e-09,1.2374523909819389e-09,1.2374531552633695e-09,1.2374539201020453e-09,1.237454685497957e-09,1.237455451451041e-09,1.2374562179611275e-09,1.237456985028389e-09,1.2374577526518861e-09,1.2374585208327442e-09,1.2374592895702678e-09,1.2374600588644248e-09,1.2374608287151027e-09,1.2374615991221768e-09,1.2374623700855784e-09,1.2374631416052376e-09,1.2374639136810675e-09,1.237464686312948e-09,1.2374654594995852e-09,1.2374662332432538e-09,1.237467007542214e-09,1.2374677823980168e-09,1.2374685578089953e-09,1.2374693337754157e-09,1.2374701102967537e-09,1.2374708873734264e-09,1.2374716650058537e-09,1.2374724431933758e-09,1.2374732219345076e-09,1.2374740012318873e-09,1.2374747810843422e-09,1.2374755614916585e-09,1.2374763424537241e-09,1.2374771239703687e-09,1.2374779060415157e-09,1.2374786886671096e-09,1.2374794718470555e-09,1.2374802555812567e-09,1.2374810398695981e-09,1.2374818247120135e-09,1.2374826101083962e-09,1.2374833960586622e-09,1.2374841825627364e-09,1.2374849696205288e-09,1.237485757231935e-09,1.237486545396835e-09,1.2374873341151972e-09,1.237488123386879e-09,1.2374889132118353e-09,1.2374897035899638e-09,1.2374904945211272e-09,1.237491286005272e-09,1.237492078042317e-09,1.237492870632169e-09,1.2374936637747165e-09,1.23749445746986e-09,1.2374952517175736e-09,1.2374960465177168e-09,1.2374968418701856e-09,1.237497637774929e-09,1.2374984342318165e-09,1.2374992312407883e-09,1.2375000288017338e-09,1.2375008269145856e-09,1.237501625579236e-09,1.2375024247955907e-09,1.2375032245635389e-09,1.23750402488308e-09,1.2375048257540301e-09,1.237505627176324e-09,1.237506429149892e-09,1.2375072316746181e-09,1.2375080347504214e-09,1.237508838377219e-09,1.2375096425548973e-09,1.2375104472834046e-09,1.2375112525626068e-09,1.2375120583924354e-09,1.2375128647728203e-09,1.2375136717036457e-09,1.2375144791848415e-09,1.2375152872162485e-09,1.2375160957978814e-09,1.2375169049295625e-09,1.2375177146112526e-09,1.2375185248428398e-09,1.2375193356242659e-09,1.237520146955374e-09,1.237520958836123e-09,1.2375217712664343e-09,1.237522584246197e-09,1.2375233977753212e-09,1.2375242118536992e-09,1.2375250264812648e-09,1.2375258416579403e-09,1.2375266573836194e-09,1.2375274736582254e-09,1.2375282904816007e-09,1.2375291078537483e-09,1.2375299257745003e-09,1.2375307442438182e-09,1.237531563261619e-09,1.237532382827789e-09,1.2375332029422144e-09,1.2375340236048395e-09,1.2375348448155815e-09,1.237535666574297e-09,1.237536488880967e-09,1.2375373117354697e-09,1.2375381351376852e-09,1.2375389590875476e-09,1.2375397835849802e-09,1.2375406086299013e-09,1.2375414342221886e-09,1.2375422603617767e-09,1.2375430870485343e-09,1.2375439142824124e-09,1.2375447420633529e-09,1.2375455703911661e-09,1.237546399265858e-09,1.237547228687297e-09,1.2375480586553776e-09,1.2375488891700295e-09,1.2375497202311822e-09,1.2375505518386952e-09,1.237551383992523e-09,1.2375522166925716e-09,1.2375530499387167e-09,1.2375538837309302e-09,1.2375547180690853e-09,1.237555552953073e-09,1.237556388382854e-09,1.23755722435829e-09,1.237558060879314e-09,1.237558897945836e-09,1.237559735557746e-09,1.2375605737149625e-09,1.2375614124174394e-09,1.2375622516650067e-09,1.2375630914578034e-09,1.2375639317953663e-09,1.2375647726775954e-09,1.2375656141051865e-09,1.2375664560769686e-09,1.2375672985934605e-09,1.2375681416544608e-09,1.2375689852605497e-09,1.237569829410257e-09,1.2375706741042659e-09,1.237571519342844e-09,1.237572365124985e-09,1.2375732114510615e-09,1.2375740583210018e-09,1.2375749057347371e-09,1.237575753692118e-09,1.237576602193122e-09,1.2375774512376152e-09,1.2375783008255023e-09,1.2375791509569474e-09,1.2375800016315105e-09,1.2375808528493775e-09,1.2375817046103159e-09,1.2375825569142259e-09,1.2375834097610286e-09,1.2375842631506393e-09,1.2375851170830653e-09,1.2375859715579904e-09,1.2375868265755018e-09,1.2375876821352287e-09,1.237588538237562e-09,1.2375893948821021e-09,1.23759025206884e-09,1.2375911097976928e-09,1.2375919680686124e-09,1.2375928268814239e-09,1.2375936862359822e-09,1.23759454613065e-09,1.2375954065696216e-09,1.237596267549522e-09,1.2375971290705155e-09,1.2375979911328473e-09,1.2375988537367673e-09,1.2375997168815907e-09,1.2376005805697922e-09,1.237601444794354e-09,1.237602309562931e-09,1.2376031748729173e-09,1.237604040722399e-09,1.2376049071125415e-09,1.237605774043689e-09,1.2376066415148168e-09,1.2376075095260209e-09,1.2376083780778567e-09,1.2376092471699728e-09,1.237610116802298e-09,1.237610986974587e-09,1.2376118576868153e-09,1.2376127289388979e-09,1.2376136007307147e-09,1.2376144730621323e-09,1.2376153459330709e-09,1.2376162193444606e-09,1.237617093294496e-09,1.2376179677838805e-09,1.237618842812493e-09,1.2376197183801592e-09,1.2376205944869302e-09,1.2376214711327385e-09,1.237622348317108e-09,1.2376232260405412e-09,1.2376241043027365e-09,1.237624983103774e-09,1.2376258624432756e-09,1.2376267423209625e-09,1.2376276227369582e-09,1.23762850369115e-09,1.2376293851834313e-09,1.2376302672135668e-09,1.237631149782078e-09,1.237632032888618e-09,1.2376329165328917e-09,1.23763380071554e-09,1.2376346854352993e-09,1.2376355706933078e-09,1.2376364564879944e-09,1.2376373428202862e-09,1.237638229689645e-09,1.237639117096144e-09,1.2376400050396683e-09,1.237640893520326e-09,1.237641782537165e-09,1.2376426720915588e-09,1.2376435621827107e-09,1.2376444528105205e-09,1.2376453439748596e-09,1.2376462356757406e-09,1.2376471279129828e-09,1.237648020686544e-09,1.2376489139963534e-09,1.2376498078422714e-09,1.2376507022246222e-09,1.2376515971422114e-09,1.2376524925960905e-09,1.2376533885862172e-09,1.2376542851114187e-09,1.2376551821721102e-09,1.237656079768386e-09,1.2376569779000472e-09,1.2376578765672949e-09,1.2376587757696827e-09,1.237659675507175e-09,1.2376605757795183e-09,1.2376614765870814e-09,1.2376623779294556e-09,1.2376632798066595e-09,1.2376641822188955e-09,1.237665085165493e-09,1.2376659886466403e-09,1.237666892662754e-09,1.2376677972125753e-09,1.2376687022960837e-09,1.2376696079138549e-09,1.2376705140674439e-09,1.237671420753928e-09,1.237672327974358e-09,1.2376732357285569e-09,1.2376741440162896e-09,1.2376750528379908e-09,1.2376759621931571e-09,1.2376768720817813e-09,1.2376777825038253e-09,1.2376786934591417e-09,1.2376796049476858e-09,1.2376805169693513e-09,1.2376814295240613e-09,1.2376823426116967e-09,1.2376832562321889e-09,1.2376841703854345e-09,1.2376850850732692e-09,1.2376860002918023e-09,1.2376869160427949e-09,1.2376878323262357e-09,1.2376887491418997e-09,1.2376896664899874e-09,1.2376905843702125e-09,1.237691502782532e-09,1.2376924217271197e-09,1.2376933412032664e-09,1.2376942612112292e-09,1.2376951817531136e-09,1.2376961028244386e-09,1.2376970244277534e-09,1.2376979465619755e-09,1.2376988692276942e-09,1.23769979242455e-09,1.2377007161525448e-09,1.237701640411445e-09,1.2377025652014775e-09,1.2377034905225002e-09,1.2377044163743783e-09,1.2377053427570953e-09,1.2377062696706667e-09,1.237707197116173e-09,1.2377081250904988e-09,1.2377090535952555e-09,1.2377099826302929e-09,1.2377109121953059e-09,1.2377118422888358e-09,1.2377127729142745e-09,1.2377137040696389e-09,1.2377146357548099e-09,1.2377155679699276e-09,1.2377165007146033e-09,1.2377174339889152e-09,1.2377183677927545e-09,1.2377193021260903e-09,1.237720236988561e-09,1.2377211723802759e-09,1.2377221083016367e-09,1.2377230447518255e-09,1.2377239817307978e-09,1.2377249192387659e-09,1.2377258572754538e-09,1.2377267958412364e-09,1.237727734935404e-09,1.237728674558186e-09,1.2377296147093884e-09,1.2377305553887264e-09,1.2377314965964468e-09,1.2377324383324305e-09,1.2377333805966137e-09,1.2377343233887384e-09,1.2377352667088158e-09,1.2377362105567198e-09,1.237737154932448e-09,1.2377380998358281e-09,1.2377390452668068e-09,1.2377399912252783e-09,1.2377409377111602e-09,1.2377418847243465e-09,1.2377428322647807e-09,1.2377437803323713e-09,1.2377447289215419e-09,1.2377456780384483e-09,1.2377466276827886e-09,1.2377475778580367e-09,1.2377485285600143e-09,1.237749479788607e-09,1.237750431543728e-09,1.2377513838253374e-09,1.2377523366332503e-09,1.2377532899679387e-09,1.237754243828385e-09,1.2377551982119747e-09,1.237756153121256e-09,1.237757108555877e-09,1.2377580645153882e-09,1.237759021002255e-09,1.2377599780142727e-09,1.2377609355559038e-09,1.237761893623118e-09,1.2377628522112556e-09,1.237763811322641e-09,1.237764770961383e-09,1.237765731131112e-09,1.2377666918259653e-09,1.2377676530457427e-09,1.2377686147904182e-09,1.2377695770596208e-09,1.2377705398527055e-09,1.2377715031694842e-09,1.2377724670109334e-09,1.2377734313766642e-09,1.2377743962677395e-09,1.2377753616820902e-09,1.237776327617702e-09,1.2377772940774166e-09,1.2377782610639993e-09,1.2377792285745709e-09,1.2377801966089575e-09,1.2377811651670896e-09,1.2377821342488964e-09,1.237783103854246e-09,1.237784073983095e-09,1.2377850446353404e-09,1.2377860158108685e-09,1.2377869875097053e-09,1.2377879597309127e-09,1.2377889324737646e-09,1.2377899057410494e-09,1.2377908795317658e-09,1.237791853845323e-09,1.2377928286814707e-09,1.2377938040405234e-09,1.2377947799202895e-09,1.2377957563245674e-09,1.2377967332507593e-09,1.2377977106992134e-09,1.2377986886672896e-09,1.2377996671598878e-09,1.237800646174509e-09,1.2378016257114313e-09,1.2378026057698757e-09,1.2378035863500946e-09,1.2378045674503664e-09,1.2378055490740368e-09,1.2378065312205397e-09,1.2378075138863298e-09,1.237808497073925e-09,1.2378094807820567e-09,1.2378104650107538e-09,1.2378114497619719e-09,1.237812435033463e-09,1.237813420826687e-09,1.2378144071403836e-09,1.2378153939752645e-09,1.237816381330321e-09,1.2378173692058353e-09,1.237818357601778e-09,1.2378193465180915e-09,1.2378203359552986e-09,1.2378213259136582e-09,1.237822316391271e-09,1.2378233073882376e-09,1.237824298905174e-09,1.2378252909419074e-09,1.2378262834982664e-09,1.2378272765743166e-09,1.2378282701700565e-09,1.2378292642835085e-09,1.237830258917986e-09,1.2378312540717755e-09,1.2378322497451956e-09,1.237833245936841e-09,1.2378342426483448e-09,1.237835239879063e-09,1.2378362376280465e-09,1.237837235895934e-09,1.237838234682282e-09,1.2378392339846717e-09,1.2378402338085808e-09,1.2378412341456105e-09,1.2378422350061708e-09,1.2378432363850597e-09,1.237844238282101e-09,1.237845240697283e-09,1.2378462436236998e-09,1.2378472470749001e-09,1.2378482510415042e-09,1.2378492555292598e-09,1.2378502605335285e-09,1.237851266051303e-09,1.2378522720909672e-09,1.2378532786475365e-09,1.2378542857233186e-09,1.2378552933176767e-09,1.2378563014265674e-09,1.237857310053039e-09,1.2378583191957617e-09,1.2378593288553742e-09,1.2378603390324286e-09,1.2378613497271668e-09,1.2378623609371624e-09,1.2378633726633407e-09,1.2378643849060493e-09,1.2378653976652692e-09,1.2378664109407663e-09,1.2378674247321471e-09,1.23786843904232e-09,1.2378694538661702e-09,1.2378704692067075e-09,1.2378714850623616e-09,1.237872501433768e-09,1.237873518320158e-09,1.2378745357228965e-09,1.2378755536408143e-09,1.2378765720746549e-09,1.2378775910222746e-09,1.2378786104883338e-09,1.237879630467494e-09,1.237880650962071e-09,1.237881671971672e-09,1.2378826934961997e-09,1.2378837155355134e-09,1.2378847380895994e-09,1.2378857611583427e-09,1.2378867847417077e-09,1.2378878088395549e-09,1.2378888334515376e-09,1.2378898585781855e-09,1.2378908842189627e-09,1.2378919103738695e-09,1.237892937042822e-09,1.2378939642258155e-09,1.237894991921661e-09,1.237896020132262e-09,1.2378970488567249e-09,1.2378980780931975e-09,1.2378991078448481e-09,1.2379001381098975e-09,1.2379011688882437e-09,1.237902200179881e-09,1.2379032319844433e-09,1.2379042643024019e-09,1.2379052971325373e-09,1.2379063304764382e-09,1.2379073643332433e-09,1.2379083987028017e-09,1.2379094335870405e-09,1.2379104689816984e-09,1.2379115048882774e-09,1.2379125413081277e-09,1.2379135782402654e-09,1.237914615684679e-09,1.237915653641235e-09,1.2379166921099145e-09,1.2379177310906726e-09,1.2379187705830113e-09,1.2379198105874945e-09,1.2379208511036644e-09,1.2379218921317314e-09,1.237922933672688e-09,1.2379239757236722e-09,1.2379250182862803e-09,1.2379260613598788e-09,1.2379271049447242e-09,1.2379281490407285e-09,1.2379291936477608e-09,1.2379302387657737e-09,1.2379312843945182e-09,1.2379323305336183e-09,1.237933377184288e-09,1.2379344243453542e-09,1.2379354720170303e-09,1.2379365201992018e-09,1.2379375688916893e-09,1.237938618094562e-09,1.2379396678075898e-09,1.2379407180306756e-09,1.2379417687638691e-09,1.2379428200067865e-09,1.237943871759689e-09,1.2379449240224455e-09,1.2379459767948252e-09,1.2379470300768633e-09,1.237948083868422e-09,1.2379491381685261e-09,1.2379501929760557e-09,1.237951248295781e-09,1.2379523041246976e-09,1.237953360462709e-09,1.2379544173097474e-09,1.2379554746656004e-09,1.2379565325302396e-09,1.2379575909037078e-09,1.2379586497857961e-09,1.237959709176494e-09,1.2379607690756931e-09,1.2379618294833533e-09,1.2379628903993092e-09,1.2379639518235146e-09,1.2379650137568133e-09,1.237966076197359e-09,1.2379671391457837e-09,1.2379682026021347e-09,1.2379692665662946e-09,1.2379703310383311e-09,1.237971396017979e-09,1.2379724615054894e-09,1.2379735274997134e-09,1.2379745940012732e-09,1.2379756610106817e-09,1.2379767285278778e-09,1.2379777965497546e-09,1.237978865080383e-09,1.2379799341180906e-09,1.2379810036620167e-09,1.2379820737127433e-09,1.2379831442702287e-09,1.2379842153343937e-09,1.237985286905146e-09,1.2379863589771168e-09,1.2379874315612615e-09,1.2379885046517082e-09,1.2379895782483108e-09,1.237990652351588e-09,1.2379917269607222e-09,1.2379928020748858e-09,1.2379938776948392e-09,1.2379949538205881e-09,1.237996030452804e-09,1.2379971075910875e-09,1.237998185234415e-09,1.2379992633831667e-09,1.238000342037075e-09,1.2380014211960713e-09,1.238002500860627e-09,1.2380035810317514e-09,1.2380046617064018e-09,1.2380057428859837e-09,1.2380068245699926e-09,1.2380079067590143e-09,1.238008989451871e-09,1.2380100726509156e-09,1.2380111563535394e-09,1.23801224056088e-09,1.2380133252726232e-09,1.2380144104886513e-09,1.2380154962088448e-09,1.2380165824330998e-09,1.2380176691589076e-09,1.2380187563908332e-09,1.2380198441275956e-09,1.238020932367909e-09,1.2380220211113562e-09,1.2380231103584317e-09,1.2380242001101394e-09,1.23802529036427e-09,1.2380263811215518e-09,1.2380274723819741e-09,1.2380285641463492e-09,1.2380296564119712e-09,1.2380307491816702e-09,1.238031842453937e-09,1.2380329362297819e-09,1.2380340305080062e-09,1.2380351252888933e-09,1.2380362205714136e-09,1.2380373163573675e-09,1.238038412646157e-09,1.2380395094367046e-09,1.2380406067296585e-09,1.2380417045244508e-09,1.238042802821553e-09,1.2380439016206265e-09,1.2380450009216952e-09,1.2380461007243903e-09,1.2380472010289056e-09,1.238048301835057e-09,1.238049403142224e-09,1.2380505049514095e-09,1.2380516072609029e-09,1.2380527100756636e-09,1.2380538133887887e-09,1.2380549172040595e-09,1.2380560215193505e-09,1.238057126335637e-09,1.2380582316517407e-09,1.2380593374677594e-09,1.2380604437882867e-09,1.2380615506075735e-09,1.2380626579260252e-09,1.2380637657457152e-09,1.2380648740664252e-09,1.2380659828865162e-09,1.238067092207946e-09,1.2380682020291835e-09,1.2380693123506739e-09,1.2380704231720659e-09,1.238071534493331e-09,1.2380726463143407e-09,1.2380737586341826e-09,1.2380748714564606e-09,1.238075984776066e-09,1.2380770985976272e-09,1.238078212912873e-09,1.2380793277328756e-09,1.2380804430535137e-09,1.2380815588698008e-09,1.2380826751849236e-09,1.2380837919991012e-09,1.238084909312249e-09,1.238086027124511e-09,1.2380871454352788e-09,1.2380882642445614e-09,1.2380893835516995e-09,1.2380905033578156e-09,1.2380916236615354e-09,1.2380927444644656e-09,1.238093865765604e-09,1.238094987564789e-09,1.238096109862018e-09,1.2380972326572858e-09,1.2380983559508403e-09,1.2380994797447563e-09,1.2381006040369142e-09,1.2381017288213885e-09,1.2381028541061024e-09,1.2381039798881534e-09,1.2381051061677182e-09,1.2381062329434585e-09,1.2381073602156921e-09,1.2381084879850487e-09,1.238109616251449e-09,1.2381107450157639e-09,1.2381118742773071e-09,1.238113004034535e-09,1.2381141342889685e-09,1.2381152650392304e-09,1.2381163962818717e-09,1.2381175280261244e-09,1.2381186602664687e-09,1.2381197930032984e-09,1.2381209262353932e-09,1.2381220599635773e-09,1.2381231941877175e-09,1.2381243289078063e-09,1.2381254641237398e-09,1.2381265998360674e-09,1.2381277360427107e-09,1.2381288727484454e-09,1.2381300099477309e-09,1.2381311476426203e-09,1.2381322858314413e-09,1.2381334245163971e-09,1.238134563697724e-09,1.238135703374064e-09,1.2381368435445357e-09,1.2381379842079907e-09,1.238139125368098e-09,1.2381402670273726e-09,1.2381414091769943e-09,1.2381425518199733e-09,1.2381436949589758e-09,1.2381448385913543e-09,1.2381459827188198e-09,1.23814712734089e-09,1.2381482724570476e-09,1.2381494180673603e-09,1.2381505641716926e-09,1.2381517107699015e-09,1.2381528578626662e-09,1.2381540054485718e-09,1.2381551535281012e-09,1.238156302101277e-09,1.2381574511679976e-09,1.238158600728545e-09,1.2381597507819675e-09,1.238160901328862e-09,1.2381620523687597e-09,1.2381632039015911e-09,1.2381643559277094e-09,1.2381655084467572e-09,1.2381666614587498e-09,1.2381678149636133e-09,1.23816896896102e-09,1.2381701234510833e-09,1.238171278433258e-09,1.2381724339082292e-09,1.2381735898760808e-09,1.2381747463360437e-09,1.2381759032899453e-09,1.238177060738722e-09,1.2381782186746156e-09,1.2381793771024764e-09,1.2381805360221479e-09,1.2381816954336225e-09,1.238182855336791e-09,1.2381840157314832e-09,1.2381851766178569e-09,1.2381863379959917e-09,1.238187499864715e-09,1.2381886622250042e-09,1.2381898250762727e-09,1.2381909884189695e-09,1.238192152252698e-09,1.2381933165773991e-09,1.238194481392947e-09,1.2381956466992458e-09,1.2381968124962557e-09,1.2381979787839852e-09,1.2381991455621566e-09,1.2382003128301563e-09,1.238201480587414e-09,1.2382026488372233e-09,1.238203817576643e-09,1.2382049868058177e-09,1.2382061565267952e-09,1.2382073267363919e-09,1.2382084974358672e-09,1.2382096686251232e-09,1.2382108403040875e-09,1.2382120124727773e-09,1.238213185131015e-09,1.2382143582786214e-09,1.2382155319155785e-09,1.238216706041282e-09,1.2382178806547639e-09,1.2382190557591375e-09,1.2382202313535676e-09,1.2382214074302124e-09,1.2382225840016845e-09,1.2382237610619521e-09,1.2382249386109646e-09,1.238226116648617e-09,1.2382272951786874e-09,1.2382284741933373e-09,1.2382296536963797e-09,1.2382308336880683e-09,1.2382320141674274e-09,1.238233195135121e-09,1.2382343765907433e-09,1.2382355585344313e-09,1.238236740966197e-09,1.238237923883402e-09,1.2382391072880605e-09,1.2382402911817583e-09,1.2382414755640982e-09,1.238242660434519e-09,1.2382438457922005e-09,1.238245031632733e-09,1.2382462179642223e-09,1.238247404782378e-09,1.238248592088374e-09,1.238249779881215e-09,1.23825096816168e-09,1.2382521569298756e-09,1.2382533461835299e-09,1.238254535923109e-09,1.2382557261496395e-09,1.2382569168634603e-09,1.238258108063317e-09,1.2382592997491753e-09,1.2382604919197432e-09,1.238261684577634e-09,1.2382628777213218e-09,1.2382640713505582e-09,1.2382652654670917e-09,1.2382664600697957e-09,1.2382676551579556e-09,1.2382688507323356e-09,1.2382700467920742e-09,1.2382712433369877e-09,1.238272440367027e-09,1.2382736378819252e-09,1.2382748358821679e-09,1.2382760343689402e-09,1.238277233337711e-09,1.238278432789524e-09,1.2382796327307273e-09,1.2382808331561777e-09,1.2382820340660581e-09,1.238283235461756e-09,1.2382844373411982e-09,1.2382856397152529e-09,1.2382868425651182e-09,1.2382880458961747e-09,1.2382892497135073e-09,1.238290454014718e-09,1.2382916588004746e-09,1.2382928640701101e-09,1.2382940698248116e-09,1.238295276062247e-09,1.238296482783153e-09,1.2382976899828918e-09,1.2382988976720135e-09,1.23830010584122e-09,1.2383013144968501e-09,1.2383025236361991e-09,1.2383037332600493e-09,1.238304943365671e-09,1.2383061539566547e-09,1.2383073650281305e-09,1.2383085765827022e-09,1.2383097886196793e-09,1.2383110011398974e-09,1.2383122141368127e-09,1.238313427622424e-09,1.2383146415878723e-09,1.2383158560384768e-09,1.2383170709716015e-09,1.2383182863864135e-09,1.2383195022828375e-09,1.2383207186624333e-09,1.2383219355252363e-09,1.2383231528674713e-09,1.238324370693888e-09,1.238325589004223e-09,1.2383268077933634e-09,1.2383280270638915e-09,1.2383292468162767e-09,1.2383304670500335e-09,1.2383316877675569e-09,1.238332908964224e-09,1.2383341306428364e-09,1.2383353528007898e-09,1.238336575442109e-09,1.2383377985634844e-09,1.2383390221644542e-09,1.2383402462454561e-09,1.2383414708090943e-09,1.238342695851326e-09,1.2383439213760397e-09,1.2383451473808408e-09,1.2383463738670722e-09,1.238347600833017e-09,1.2383488282794016e-09,1.2383500562060665e-09,1.2383512846128267e-09,1.2383525134996159e-09,1.2383537428681107e-09,1.2383549727163166e-09,1.2383562030421756e-09,1.2383574338475768e-09,1.2383586651323106e-09,1.2383598968987725e-09,1.2383611291429378e-09,1.2383623618669601e-09,1.2383635950701305e-09,1.2383648287546255e-09,1.2383660629155875e-09,1.2383672975557422e-09,1.2383685326749735e-09,1.2383697682750029e-09,1.238371004352351e-09,1.2383722409084379e-09,1.2383734779444669e-09,1.2383747154579675e-09,1.2383759534499817e-09,1.2383771919196336e-09,1.2383784308692875e-09,1.2383796702960268e-09,1.2383809102009114e-09,1.2383821505838612e-09,1.2383833914444207e-09,1.2383846327828756e-09,1.2383858745996504e-09,1.2383871168940343e-09,1.2383883596661992e-09,1.2383896029159514e-09,1.2383908466437312e-09,1.2383920908496265e-09,1.2383933355319575e-09,1.2383945806871727e-09,1.2383958263235517e-09,1.2383970724371516e-09,1.2383983190275885e-09,1.2383995660951714e-09,1.2384008136395369e-09,1.2384020616606005e-09,1.2384033101584428e-09,1.2384045591410164e-09,1.238405808591759e-09,1.2384070585208853e-09,1.2384083089247272e-09,1.2384095598047088e-09,1.2384108111610788e-09,1.2384120629935759e-09,1.2384133153020843e-09,1.2384145680866727e-09,1.2384158213468326e-09,1.2384170750887818e-09,1.2384183293000534e-09,1.2384195839893307e-09,1.2384208391525435e-09,1.238422094792062e-09,1.2384233509066956e-09,1.2384246074953354e-09,1.238425864559409e-09,1.2384271220989067e-09,1.2384283801143247e-09,1.238429638605644e-09,1.2384308975711962e-09,1.2384321570133492e-09,1.2384334169280714e-09,1.2384346773170763e-09,1.2384359381810297e-09,1.238437199519575e-09,1.238438461332337e-09,1.238439723619454e-09,1.2384409863809973e-09,1.2384422496167912e-09,1.2384435133289948e-09,1.2384447775151802e-09,1.2384460421752906e-09,1.2384473073092261e-09,1.2384485729170183e-09,1.238449838998613e-09,1.2384511055539962e-09,1.2384523725830437e-09,1.2384536400825298e-09,1.2384549080555593e-09,1.238456176502124e-09,1.2384574454219417e-09,1.2384587148154782e-09,1.2384599846813265e-09,1.2384612550194743e-09,1.238462525831305e-09,1.238463797115748e-09,1.23846506887349e-09,1.2384663411037966e-09,1.2384676138069944e-09,1.2384688869819438e-09,1.2384701606293439e-09,1.2384714347490097e-09,1.2384727093432317e-09,1.2384739844075042e-09,1.2384752599437354e-09,1.2384765359519796e-09,1.238477812432317e-09,1.2384790893844386e-09,1.2384803668082651e-09,1.2384816447037846e-09,1.2384829230709598e-09,1.2384842019095662e-09,1.2384854812190378e-09,1.2384867610014547e-09,1.2384880412547756e-09,1.2384893219789543e-09,1.2384906031740681e-09,1.2384918848432072e-09,1.2384931669827843e-09,1.2384944495909214e-09,1.2384957326697984e-09,1.238497016219438e-09,1.238498300239702e-09,1.2384995847305775e-09,1.238500869691927e-09,1.2385021551236856e-09,1.2385034410257987e-09,1.2385047273981602e-09,1.23850601424067e-09,1.238507301553318e-09,1.238508589335974e-09,1.2385098775885764e-09,1.238511166311023e-09,1.2385124555032509e-09,1.2385137451651815e-09,1.2385150352967381e-09,1.2385163258983048e-09,1.2385176169698773e-09,1.2385189085102166e-09,1.2385202005197125e-09,1.2385214929983254e-09,1.2385227859460563e-09,1.238524079359559e-09,1.2385253732452472e-09,1.2385266675999796e-09,1.2385279624233074e-09,1.2385292577153766e-09,1.2385305534760886e-09,1.2385318497010394e-09,1.2385331463955816e-09,1.2385344435554801e-09,1.2385357411824266e-09,1.2385370392836705e-09,1.2385383378542352e-09,1.23853963689313e-09,1.238540936401062e-09,1.2385422363769113e-09,1.2385435368197685e-09,1.2385448377303754e-09,1.2385461391126858e-09,1.238547440953412e-09,1.238548743268751e-09,1.238550046045596e-09,1.238551349293272e-09,1.2385526530080926e-09,1.2385539571941985e-09,1.2385552618419603e-09,1.2385565669564273e-09,1.2385578725407609e-09,1.2385591785917192e-09,1.2385604851089991e-09,1.2385617921050372e-09,1.2385630995561064e-09,1.2385644074846613e-09,1.2385657158735063e-09,1.2385670247248651e-09,1.2385683340414758e-09,1.238569643824061e-09,1.2385709540734289e-09,1.2385722647886533e-09,1.2385735759702228e-09,1.2385748876175613e-09,1.2385761997311263e-09,1.2385775123105123e-09,1.2385788253605431e-09,1.2385801388702263e-09,1.2385814528442493e-09,1.2385827672889462e-09,1.2385840821965387e-09,1.238585397569365e-09,1.2385867134073294e-09,1.2385880297097513e-09,1.2385893464769682e-09,1.2385906637093924e-09,1.2385919814007957e-09,1.2385932995634629e-09,1.2385946181907724e-09,1.2385959372780534e-09,1.2385972568342241e-09,1.2385985768548959e-09,1.2385998973399547e-09,1.2386012182897035e-09,1.2386025397035815e-09,1.2386038615815944e-09,1.2386051839236863e-09,1.2386065067295341e-09,1.2386078299961137e-09,1.2386091537265633e-09,1.2386104779208172e-09,1.2386118025788316e-09,1.2386131277004973e-09,1.2386144532857238e-09,1.2386157793344633e-09,1.2386171058466084e-09,1.2386184328221087e-09,1.2386197602608561e-09,1.2386210881628018e-09,1.2386224165278662e-09,1.238623745355964e-09,1.238625074646981e-09,1.2386264044008808e-09,1.2386277346175446e-09,1.2386290652969522e-09,1.2386303964389711e-09,1.2386317280435482e-09,1.2386330601105941e-09,1.2386343926400328e-09,1.23863572563182e-09,1.2386370590858357e-09,1.2386383930019899e-09,1.238639727380238e-09,1.238641062220473e-09,1.2386423975226484e-09,1.2386437332866597e-09,1.2386450695147351e-09,1.2386464062044621e-09,1.2386477433558133e-09,1.2386490809686447e-09,1.2386504190429078e-09,1.238651757578517e-09,1.2386530965754028e-09,1.2386544360334727e-09,1.2386557759526828e-09,1.2386571163328949e-09,1.2386584571740796e-09,1.2386597984761454e-09,1.2386611402390327e-09,1.2386624824625819e-09,1.2386638251467835e-09,1.2386651682915559e-09,1.238666511896819e-09,1.2386678559624797e-09,1.2386692004884516e-09,1.2386705454746723e-09,1.2386718909210664e-09,1.2386732368275251e-09,1.2386745831947921e-09,1.2386759300219819e-09,1.238677277309275e-09,1.238678625057995e-09,1.238679973264802e-09,1.2386813219304915e-09,1.2386826710556967e-09,1.2386840206403735e-09,1.2386853706844242e-09,1.2386867211877568e-09,1.238688072150332e-09,1.2386894235720141e-09,1.2386907754527594e-09,1.238692127792488e-09,1.2386934805911336e-09,1.2386948338485682e-09,1.2386961875624603e-09,1.2386975417346921e-09,1.238698896365014e-09,1.2387002514530974e-09,1.2387016069982443e-09,1.2387029629979875e-09,1.2387043194600776e-09,1.2387056763787405e-09,1.238707033757709e-09,1.238708391595667e-09,1.2387097498947815e-09,1.2387111086531826e-09,1.2387124678690634e-09,1.2387138275409133e-09,1.2387151876706304e-09,1.2387165482581044e-09,1.2387179093011366e-09,1.2387192708017985e-09,1.2387206327621607e-09,1.2387219951814327e-09,1.23872335805621e-09,1.2387247213858817e-09,1.2387260851723707e-09,1.2387274494156578e-09,1.238728814117778e-09,1.2387301792765399e-09,1.2387315448918274e-09,1.2387329109644922e-09,1.238734277489568e-09,1.2387356444658656e-09,1.2387370119006891e-09,1.2387383797955375e-09,1.238739748147869e-09,1.2387411169589907e-09,1.2387424862262694e-09,1.2387438559496018e-09,1.2387452261288935e-09,1.2387465967640705e-09,1.238747967855047e-09,1.2387493394021466e-09,1.2387507114049265e-09,1.2387520838633117e-09,1.2387534567759968e-09,1.2387548301401456e-09,1.2387562039640902e-09,1.2387575782440568e-09,1.238758952979121e-09,1.2387603281684042e-09,1.238761703812695e-09,1.2387630799119086e-09,1.2387644564660197e-09,1.2387658334748746e-09,1.2387672109384114e-09,1.2387685888566033e-09,1.2387699672293185e-09,1.2387713460565218e-09,1.238772725338105e-09,1.238774105073998e-09,1.2387754852641237e-09,1.2387768659084043e-09,1.2387782470067725e-09,1.2387796285591208e-09,1.238781010565421e-09,1.2387823930255217e-09,1.2387837759373678e-09,1.2387851593028437e-09,1.2387865431219623e-09,1.238787927394563e-09,1.238789312120637e-09,1.2387906973031501e-09,1.2387920829389663e-09,1.2387934690280168e-09,1.2387948555702058e-09,1.238796242565457e-09,1.2387976300136872e-09,1.2387990179148254e-09,1.2388004062688232e-09,1.2388017950755612e-09,1.2388031843349874e-09,1.2388045740469919e-09,1.2388059642115262e-09,1.2388073548283678e-09,1.2388087458974243e-09,1.2388101374190734e-09,1.2388115293922836e-09,1.238812921818122e-09,1.2388143146960447e-09,1.238815708025844e-09,1.2388171018074084e-09,1.2388184960407999e-09,1.238819890725937e-09,1.2388212858627695e-09,1.2388226814522436e-09,1.238824077488537e-09,1.2388254739756902e-09,1.2388268709131866e-09,1.2388282682982292e-09,1.2388296661385984e-09,1.2388310644292769e-09,1.238832463170721e-09,1.2388338623645353e-09,1.2388352620097842e-09,1.2388366621062037e-09,1.2388380626580956e-09,1.2388394636601645e-09,1.2388408651162607e-09,1.2388422670221788e-09,1.2388436693700309e-09,1.2388450721682313e-09,1.2388464754167254e-09,1.2388478791153948e-09,1.2388492832642135e-09,1.2388506878651863e-09,1.2388520929161346e-09,1.2388534984102114e-09,1.2388549043518828e-09,1.2388563107545383e-09,1.238857717607932e-09,1.2388591249107291e-09,1.2388605326602682e-09,1.238861940861198e-09,1.2388633495160398e-09,1.2388647586213616e-09,1.2388661681622224e-09,1.238867578160362e-09,1.2388689886079536e-09,1.2388703995009007e-09,1.2388718108426794e-09,1.2388732226369157e-09,1.2388746348793108e-09,1.2388760475703846e-09,1.2388774607100233e-09,1.2388788742981497e-09,1.238880288334729e-09,1.2388817028191855e-09,1.2388831177543895e-09,1.2388845331401981e-09,1.2388859489730385e-09,1.2388873652522642e-09,1.2388887819773788e-09,1.2388901991514789e-09,1.2388916167733004e-09,1.2388930348418555e-09,1.2388944533577265e-09,1.2388958723214575e-09,1.2388972917326316e-09,1.2388987115911443e-09,1.2389001318969422e-09,1.2389015526496814e-09,1.238902973848308e-09,1.238904395495911e-09,1.2389058175904053e-09,1.2389072401306252e-09,1.2389086631189964e-09,1.2389100865517706e-09,1.2389115104332147e-09,1.2389129347615438e-09,1.2389143595365876e-09,1.2389157847588436e-09,1.2389172104288814e-09,1.2389186365429287e-09,1.2389200631031558e-09,1.2389214901106345e-09,1.238922917563897e-09,1.2389243454633085e-09,1.2389257738088832e-09,1.238927202600108e-09,1.2389286318373241e-09,1.2389300615198896e-09,1.238931491648405e-09,1.2389329222227767e-09,1.2389343532433317e-09,1.2389357847081967e-09,1.2389372166181036e-09,1.2389386489758797e-09,1.2389400817761805e-09,1.238941515021563e-09,1.238942948712019e-09,1.2389443828474323e-09,1.2389458174277354e-09,1.2389472524528204e-09,1.2389486879250527e-09,1.2389501238397237e-09,1.2389515602039005e-09,1.2389529970095995e-09,1.2389544342604858e-09,1.2389558719532772e-09,1.238957310089898e-09,1.2389587486706807e-09,1.2389601876963846e-09,1.2389616271659023e-09,1.2389630670788136e-09,1.2389645074355962e-09,1.2389659482366605e-09,1.2389673894818438e-09,1.2389688311708478e-09,1.2389702733037557e-09,1.2389717158787346e-09,1.2389731588971301e-09,1.2389746023594733e-09,1.2389760462651254e-09,1.2389774906140211e-09,1.2389789354060972e-09,1.2389803806412687e-09,1.2389818263194697e-09,1.2389832724406773e-09,1.2389847190031267e-09,1.2389861660082482e-09,1.2389876134558266e-09,1.2389890613458266e-09,1.2389905096779518e-09,1.2389919584538819e-09,1.2389934076732063e-09,1.2389948573343594e-09,1.238996307436994e-09,1.2389977579813572e-09,1.2389992089681428e-09,1.239000660396871e-09,1.2390021122674336e-09,1.239003564579699e-09,1.2390050173333587e-09,1.2390064705302623e-09,1.2390079241680263e-09,1.2390093782472524e-09,1.2390108327679556e-09,1.2390122877296542e-09,1.2390137431330113e-09,1.2390151989775912e-09,1.2390166552632242e-09,1.2390181119922928e-09,1.2390195691599597e-09,1.239021026768124e-09,1.2390224848175795e-09,1.2390239433034214e-09,1.239025402235467e-09,1.239026861608827e-09,1.2390283214220426e-09,1.2390297816745093e-09,1.2390312423673745e-09,1.23903270350053e-09,1.239034165073885e-09,1.2390356270874022e-09,1.2390370895412803e-09,1.2390385524347334e-09,1.239040015768511e-09,1.239041479541758e-09,1.2390429437542026e-09,1.2390444084119099e-09,1.2390458735111927e-09,1.2390473390472944e-09,1.2390488050193866e-09,1.2390502714306036e-09,1.2390517382810056e-09,1.2390532055704193e-09,1.2390546732989875e-09,1.2390561414699918e-09,1.239057610076468e-09,1.2390590791218035e-09,1.2390605486061726e-09,1.2390620185349458e-09,1.239063488905178e-09,1.2390649597071746e-09,1.2390664309462174e-09,1.2390679026163968e-09,1.239069374732338e-09,1.2390708472867086e-09,1.2390723202673904e-09,1.2390737936985475e-09,1.2390752675685545e-09,1.239076741876015e-09,1.2390782166199026e-09,1.239079691803068e-09,1.2390811674297956e-09,1.2390826434883871e-09,1.2390841199831646e-09,1.2390855969169752e-09,1.2390870742883993e-09,1.2390885520958607e-09,1.2390900303418856e-09,1.2390915090272952e-09,1.2390929881499926e-09,1.2390944677075452e-09,1.239095947702042e-09,1.2390974281336538e-09,1.239098909002164e-09,1.2391003903075005e-09,1.239101872049078e-09,1.2391033542278e-09,1.2391048368418414e-09,1.239106319893625e-09,1.239107803382182e-09,1.239109287309145e-09,1.2391107716718222e-09,1.2391122564752866e-09,1.239113741709464e-09,1.2391152273757246e-09,1.239116713478258e-09,1.2391182000186434e-09,1.239119686995399e-09,1.2391211744048077e-09,1.2391226622512897e-09,1.2391241505355217e-09,1.2391256392548631e-09,1.2391271284165688e-09,1.2391286180099876e-09,1.239130108034718e-09,1.2391315984947242e-09,1.239133089390116e-09,1.2391345807209768e-09,1.2391360724873693e-09,1.2391375646888557e-09,1.239139057327733e-09,1.2391405503944836e-09,1.2391420438987805e-09,1.2391435378370434e-09,1.2391450322109322e-09,1.2391465270197744e-09,1.2391480222634007e-09,1.2391495179414609e-09,1.2391510140536145e-09,1.2391525106002939e-09,1.2391540075807927e-09,1.2391555049989458e-09,1.2391570028479464e-09,1.2391585011299182e-09,1.239159999845063e-09,1.239161498994966e-09,1.2391629985748112e-09,1.239164498599672e-09,1.2391659990484467e-09,1.2391674999316778e-09,1.2391690012468874e-09,1.239170502997651e-09,1.2391720051818084e-09,1.239173507797488e-09,1.2391750108475387e-09,1.2391765143306594e-09,1.2391780182468493e-09,1.2391795225958727e-09,1.2391810273774573e-09,1.2391825325917098e-09,1.2391840382391377e-09,1.239185544319918e-09,1.2391870508304805e-09,1.2391885577756472e-09,1.2391900651523008e-09,1.239191572961341e-09,1.2391930812034552e-09,1.2391945898767347e-09,1.2391960989821245e-09,1.239197608519194e-09,1.2391991184881231e-09,1.2392006288882117e-09,1.2392021397206686e-09,1.239203650984752e-09,1.2392051626803949e-09,1.2392066748075056e-09,1.23920818736607e-09,1.2392097003559557e-09,1.2392112137770956e-09,1.2392127276292632e-09,1.2392142419126692e-09,1.2392157566298264e-09,1.2392172717748806e-09,1.239218787350474e-09,1.2392203033576118e-09,1.239221819793158e-09,1.239223336661943e-09,1.2392248539612495e-09,1.2392263716910891e-09,1.2392278898513622e-09,1.239229408441929e-09,1.2392309274627485e-09,1.2392324469026475e-09,1.239233966783867e-09,1.2392354870918347e-09,1.2392370078299846e-09,1.2392385290008314e-09,1.2392400506019197e-09,1.2392415726309196e-09,1.2392430950904104e-09,1.2392446179804731e-09,1.239246141299902e-09,1.2392476650491046e-09,1.2392491892276e-09,1.2392507138354439e-09,1.2392522388727798e-09,1.2392537643389575e-09,1.2392552902341267e-09,1.239256816557818e-09,1.2392583433106537e-09,1.2392598704973303e-09,1.239261398109355e-09,1.2392629261502414e-09,1.2392644546140537e-09,1.2392659835110608e-09,1.2392675128369825e-09,1.2392690425910439e-09,1.2392705727734527e-09,1.2392721033851232e-09,1.2392736344238852e-09,1.2392751658908578e-09,1.2392766977858406e-09,1.239278230109179e-09,1.239279762856863e-09,1.2392812960368322e-09,1.239282829643924e-09,1.2392843636754611e-09,1.2392858981337752e-09,1.2392874330244555e-09,1.239288968342324e-09,1.2392905040858157e-09,1.2392920402565672e-09,1.2392935768558031e-09,1.2392951138858598e-09,1.23929665133926e-09,1.2392981892196594e-09,1.2392997275284374e-09,1.2393012662608176e-09,1.2393028054224135e-09,1.2393043450089646e-09,1.2393058850269629e-09,1.2393074254669728e-09,1.239308966333227e-09,1.2393105076267687e-09,1.2393120493475792e-09,1.2393135914944296e-09,1.2393151340673333e-09,1.2393166770616492e-09,1.2393182204827519e-09,1.2393197643312194e-09,1.239321308607882e-09,1.2393228533091308e-09,1.239324398436754e-09,1.2393259439990576e-09,1.239327489984999e-09,1.2393290363911886e-09,1.239330583222638e-09,1.2393321304790756e-09,1.2393336781607103e-09,1.2393352262672228e-09,1.2393367747987033e-09,1.239338323754571e-09,1.2393398731353326e-09,1.2393414229411715e-09,1.2393429731727778e-09,1.2393445238279932e-09,1.2393460749093713e-09,1.2393476264142652e-09,1.2393491783358132e-09,1.2393507306874454e-09,1.239352283463805e-09,1.2393538366674204e-09,1.2393553902959773e-09,1.2393569443485422e-09,1.2393584988283068e-09,1.2393600537272347e-09,1.2393616090500216e-09,1.2393631647988595e-09,1.2393647209713717e-09,1.2393662775675189e-09,1.2393678345875311e-09,1.2393693920310777e-09,1.2393709498969053e-09,1.2393725081924983e-09,1.2393740669077838e-09,1.239375626043449e-09,1.2393771856031266e-09,1.2393787455878076e-09,1.2393803059948891e-09,1.2393818668242028e-09,1.2393834280790158e-09,1.2393849897533788e-09,1.239386551852146e-09,1.2393881143732709e-09,1.2393896773173735e-09,1.2393912406853863e-09,1.239392804474663e-09,1.239394368686351e-09,1.2393959333218957e-09,1.2393974983783702e-09,1.2393990638583726e-09,1.239400629765077e-09,1.23940219608804e-09,1.2394037628333396e-09,1.239405329999241e-09,1.2394068975858101e-09,1.2394084655963152e-09,1.2394100340287709e-09,1.239411602884634e-09,1.2394131721676204e-09,1.2394147418644727e-09,1.2394163119833032e-09,1.239417882523995e-09,1.239419453484038e-09,1.239421024863843e-09,1.2394225966668123e-09,1.2394241688913425e-09,1.2394257415347941e-09,1.239427314598762e-09,1.239428888089259e-09,1.2394304619985839e-09,1.2394320363274148e-09,1.2394336110787369e-09,1.2394351862486827e-09,1.2394367618390573e-09,1.23943833784735e-09,1.2394399142788788e-09,1.239441491130317e-09,1.2394430684075585e-09,1.2394446460998435e-09,1.2394462242090341e-09,1.2394478027432378e-09,1.239449381693167e-09,1.2394509610646716e-09,1.2394525408557703e-09,1.2394541210667998e-09,1.2394557016971594e-09,1.239457282746998e-09,1.23945886421636e-09,1.2394604460967937e-09,1.2394620284027973e-09,1.2394636111300972e-09,1.2394651942801108e-09,1.2394667778456263e-09,1.2394683618289844e-09,1.23946994623863e-09,1.2394715310613323e-09,1.2394731163024436e-09,1.2394747019606858e-09,1.2394762880395236e-09,1.2394778745273849e-09,1.2394794614420978e-09,1.2394810487764862e-09,1.239482636527548e-09,1.2394842246984394e-09,1.2394858132871578e-09,1.239487402294149e-09,1.2394889917193033e-09,1.2394905815628136e-09,1.2394921718298867e-09,1.2394937625082805e-09,1.2394953536034315e-09,1.2394969451178725e-09,1.2394985370500016e-09,1.2395001293995794e-09,1.239501722166884e-09,1.2395033153530763e-09,1.2395049089558986e-09,1.2395065029750183e-09,1.2395080974114003e-09,1.2395096922653229e-09,1.2395112875365423e-09,1.2395128832239966e-09,1.2395144793284208e-09,1.239516075848466e-09,1.2395176727863079e-09,1.239519270139635e-09,1.2395208679109765e-09,1.2395224660988302e-09,1.239524064702449e-09,1.239525663722305e-09,1.2395272631556605e-09,1.239528863008969e-09,1.2395304632776864e-09,1.2395320639566522e-09,1.2395336650584451e-09,1.2395352665820718e-09,1.2395368685143139e-09,1.2395384708636583e-09,1.2395400736294133e-09,1.2395416768097613e-09,1.2395432804050654e-09,1.2395448844125425e-09,1.239546488839685e-09,1.2395480936822963e-09,1.239549698939991e-09,1.2395513046112121e-09,1.2395529106928116e-09,1.2395545171958935e-09,1.239556124114478e-09,1.2395577314478633e-09,1.2395593391972003e-09,1.2395609473604358e-09,1.2395625559423263e-09,1.2395641649345029e-09,1.2395657743417332e-09,1.2395673841634583e-09,1.2395689943993745e-09,1.2395706050477624e-09,1.239572216112212e-09,1.2395738275910904e-09,1.239575439479998e-09,1.2395770517871122e-09,1.239578664508449e-09,1.2395802776437286e-09,1.2395818911814512e-09,1.2395835051445037e-09,1.2395851195204272e-09,1.2395867343106633e-09,1.2395883495143575e-09,1.2395899651305905e-09,1.2395915811613596e-09,1.239593197605408e-09,1.239594814463139e-09,1.2395964317342753e-09,1.2395980494189407e-09,1.2395996675161914e-09,1.2396012860302441e-09,1.239602904953317e-09,1.2396045242889813e-09,1.2396061440328874e-09,1.2396077641908473e-09,1.239609384765046e-09,1.2396110057518477e-09,1.2396126271511905e-09,1.2396142489631367e-09,1.2396158711904956e-09,1.239617493826057e-09,1.2396191168736524e-09,1.23962074033772e-09,1.2396223642093334e-09,1.2396239884939263e-09,1.239625613190284e-09,1.2396272382991397e-09,1.2396288638183272e-09,1.2396304897502255e-09,1.239632116094801e-09,1.2396337428496983e-09,1.239635370007784e-09,1.239636997583883e-09,1.2396386255731926e-09,1.2396402539775256e-09,1.2396418827900386e-09,1.239643512008783e-09,1.2396451416430431e-09,1.2396467716884552e-09,1.2396484021441643e-09,1.2396500330102251e-09,1.2396516642877125e-09,1.2396532959756782e-09,1.239654928074612e-09,1.2396565605840592e-09,1.239658193491844e-09,1.2396598268222503e-09,1.2396614605633658e-09,1.2396630947190283e-09,1.239664729280075e-09,1.2396663642512065e-09,1.239667999632375e-09,1.2396696354233573e-09,1.2396712716244646e-09,1.2396729082354187e-09,1.2396745452561445e-09
